1.000000000000000000e+00,2.931529999999999969e-01,2.944410000000000083e-01,-5.355399999999999744e-02,2.196849999999999914e-01,1.700099999999999875e-02,2.490060000000000051e-01,1.639889999999999959e-01,1.524069999999999869e-01,3.875790000000000068e-01,2.523239999999999927e-01,2.081620000000000137e-01,9.254800000000000526e-02,-1.456629999999999869e-01,4.489890000000000270e-01,3.475469999999999948e-01,1.659869999999999957e-01,3.211649999999999783e-01,3.247459999999999791e-01,3.545820000000000083e-01,5.473999999999999977e-01,4.069989999999999997e-01,3.017540000000000222e-01,3.350159999999999805e-01,4.542979999999999796e-01,4.953989999999999783e-01,2.258650000000000102e-01,1.937510000000000066e-01,4.098300000000000276e-01,5.681969999999999521e-01,2.968990000000000240e-01,9.107099999999999917e-02,1.326699999999999928e-02,8.374800000000000300e-02,1.037850000000000023e-01,-2.420569999999999944e-01,-1.727410000000000057e-01,1.693530000000000035e-01,2.744900000000000118e-02,-8.322899999999999743e-02,-1.527409999999999879e-01,1.858400000000000052e-01,1.583309999999999995e-01,-1.059719999999999968e-01,1.609520000000000117e-01,7.778530000000000166e-01,2.886409999999999809e-01,2.069610000000000061e-01,-3.235750000000000015e-01,5.706900000000000167e-02,-7.070099999999999996e-02,2.252899999999999903e-01,1.806899999999999895e-01,4.475500000000000311e-02,2.802819999999999756e-01,1.516369999999999940e-01,3.342769999999999908e-01,1.877020000000000077e-01,2.989299999999999943e-02,4.502479999999999816e-01,2.871400000000000063e-01,2.572130000000000249e-01,3.194980000000000042e-01,5.095299999999999829e-02,2.374680000000000124e-01,5.837860000000000271e-01,3.593330000000000135e-01,2.641789999999999972e-01,3.444070000000000187e-01,5.082780000000000076e-01,5.631199999999999539e-01,1.273400000000000087e-01,1.972329999999999917e-01,3.419989999999999974e-01,2.048310000000000131e-01,2.354900000000000049e-02
2.931529999999999969e-01,1.000000000000000000e+00,2.407680000000000098e-01,-3.380540000000000211e-01,3.230439999999999978e-01,5.434379999999999766e-01,2.929510000000000169e-01,2.072970000000000090e-01,4.115789999999999726e-01,4.499449999999999839e-01,3.661369999999999902e-01,5.371770000000000156e-01,3.746490000000000098e-01,-2.611879999999999757e-01,3.806550000000000211e-01,1.932570000000000121e-01,3.773130000000000095e-01,5.222419999999999840e-01,4.077140000000000208e-01,4.074160000000000004e-01,3.457759999999999723e-01,4.902929999999999788e-01,4.663530000000000175e-01,3.213619999999999810e-01,6.856579999999999897e-01,7.609240000000000448e-01,4.603780000000000094e-01,1.190719999999999973e-01,5.203710000000000280e-01,4.180610000000000159e-01,-9.004099999999999604e-02,2.511299999999999991e-02,-2.332000000000000045e-02,-2.081979999999999942e-01,-2.377849999999999964e-01,-2.217010000000000092e-01,-1.927679999999999949e-01,3.427299999999999791e-02,2.882199999999999762e-01,-2.126649999999999929e-01,-4.531370000000000120e-01,-1.771909999999999874e-01,-2.007940000000000003e-01,-8.998100000000000542e-02,1.135079999999999978e-01,9.452900000000000191e-02,6.982120000000000548e-01,2.436119999999999952e-01,-3.092719999999999914e-01,1.936279999999999946e-01,3.815279999999999783e-01,3.075849999999999973e-01,1.960639999999999883e-01,3.749449999999999728e-01,3.982289999999999996e-01,3.250290000000000123e-01,3.577980000000000049e-01,3.198010000000000019e-01,-2.135100000000000053e-01,4.281630000000000158e-01,5.108770000000000255e-01,4.262799999999999923e-01,3.994460000000000233e-01,3.060479999999999867e-01,4.632839999999999736e-01,1.397309999999999941e-01,5.149880000000000013e-01,3.877749999999999808e-01,2.443589999999999929e-01,5.915559999999999707e-01,5.173400000000000221e-01,4.902960000000000096e-01,2.499490000000000045e-01,4.322050000000000058e-01,2.892440000000000011e-01,1.420820000000000138e-01
2.944410000000000083e-01,2.407680000000000098e-01,1.000000000000000000e+00,-4.717890000000000139e-01,3.913369999999999904e-01,2.842270000000000074e-01,-8.805599999999999539e-02,5.896890000000000187e-01,5.869889999999999830e-01,3.049850000000000061e-01,8.461419999999999497e-01,5.356750000000000123e-01,-1.095750000000000057e-01,-2.102189999999999892e-01,7.121960000000000512e-01,-1.776270000000000071e-01,2.694630000000000081e-01,1.262949999999999906e-01,8.687030000000000030e-01,4.221269999999999745e-01,3.968570000000000153e-01,4.973839999999999928e-01,8.365050000000000541e-01,4.239499999999999935e-01,2.374199999999999922e-02,4.524179999999999868e-01,5.005749999999999922e-01,-2.139749999999999985e-01,5.995000000000000329e-02,3.394190000000000262e-01,-1.896650000000000003e-01,-1.412799999999999889e-01,-1.992929999999999979e-01,-1.729100000000000081e-01,-4.202560000000000184e-01,-2.778789999999999871e-01,-2.638440000000000230e-01,1.463799999999999997e-02,1.604150000000000020e-01,-2.797910000000000119e-01,-3.541000000000000258e-01,-7.849000000000000421e-02,-3.755000000000000004e-02,-1.554159999999999986e-01,1.415859999999999896e-01,4.595099999999999879e-02,3.324130000000000140e-01,7.844400000000000261e-01,-2.674969999999999848e-01,4.170599999999999863e-01,2.336630000000000096e-01,2.866980000000000084e-01,6.218759999999999843e-01,5.663759999999999906e-01,4.353630000000000000e-01,7.936959999999999571e-01,4.596879999999999855e-01,2.318129999999999913e-01,-4.698800000000000199e-02,7.209689999999999710e-01,4.140119999999999911e-01,3.848349999999999826e-01,3.185200000000000253e-01,7.413809999999999567e-01,5.969860000000000166e-01,3.219549999999999912e-01,6.216530000000000111e-01,7.361689999999999623e-01,5.735670000000000490e-01,2.939860000000000251e-01,4.691020000000000190e-01,4.765530000000000044e-01,1.530370000000000064e-01,3.316910000000000136e-01,4.222650000000000015e-01,2.967620000000000258e-01
-5.355399999999999744e-02,-3.380540000000000211e-01,-4.717890000000000139e-01,1.000000000000000000e+00,-2.105630000000000002e-01,-2.639540000000000219e-01,2.531089999999999729e-01,-2.462610000000000077e-01,-4.020090000000000052e-01,-2.459510000000000030e-01,-5.249059999999999837e-01,-5.235840000000000494e-01,2.016940000000000122e-01,3.070089999999999764e-01,-5.248760000000000092e-01,2.759789999999999743e-01,-3.701160000000000005e-01,-2.048290000000000111e-01,-5.763759999999999994e-01,-3.403079999999999994e-01,-3.335710000000000064e-01,-4.342750000000000221e-01,-6.242689999999999628e-01,-4.766210000000000169e-01,-1.481329999999999869e-01,-4.419259999999999855e-01,-4.069940000000000224e-01,3.909210000000000185e-01,5.647000000000000110e-03,-1.029930000000000012e-01,3.468060000000000032e-01,1.588690000000000102e-01,1.006169999999999981e-01,2.514730000000000021e-01,5.017700000000000493e-01,4.868489999999999762e-01,4.675779999999999936e-01,-3.875399999999999678e-02,-3.612750000000000128e-01,1.483289999999999886e-01,4.099070000000000213e-01,2.290639999999999898e-01,1.939259999999999873e-01,-6.070799999999999808e-02,-2.355450000000000044e-01,1.589059999999999917e-01,-2.734929999999999861e-01,-4.274950000000000139e-01,2.915710000000000246e-01,-2.944979999999999820e-01,-8.673000000000000154e-02,-4.464699999999999919e-02,-2.952150000000000052e-01,-3.742670000000000163e-01,-5.017850000000000366e-01,-5.032579999999999831e-01,-3.953780000000000072e-01,-1.216600000000000042e-01,1.494530000000000025e-01,-4.986220000000000097e-01,-6.105850000000000444e-01,-4.904859999999999776e-01,-5.014560000000000128e-01,-4.798640000000000128e-01,-5.129500000000000171e-01,-1.310900000000000121e-01,-5.498579999999999579e-01,-5.427549999999999875e-01,-5.422439999999999483e-01,-4.072919999999999874e-01,-3.997930000000000095e-01,-4.390789999999999971e-01,-2.484000000000000097e-01,-3.334570000000000034e-01,-4.181059999999999777e-01,-4.945169999999999844e-01
2.196849999999999914e-01,3.230439999999999978e-01,3.913369999999999904e-01,-2.105630000000000002e-01,1.000000000000000000e+00,3.577230000000000132e-01,5.157599999999999962e-01,2.640560000000000129e-01,8.300490000000000368e-01,3.065769999999999884e-01,6.327289999999999859e-01,5.291479999999999517e-01,2.975619999999999932e-01,1.993050000000000099e-01,4.620509999999999895e-01,1.186569999999999986e-01,3.931859999999999800e-01,2.543639999999999790e-01,5.298709999999999809e-01,5.455640000000000489e-01,1.748989999999999989e-01,4.622589999999999755e-01,4.482039999999999913e-01,2.621049999999999769e-01,1.149430000000000035e-01,1.956400000000000083e-01,4.869620000000000060e-01,-6.205100000000000199e-02,1.585499999999999965e-01,3.935739999999999794e-01,1.947369999999999934e-01,1.062810000000000005e-01,-1.567919999999999869e-01,1.140100000000000002e-01,-1.404500000000000019e-02,-2.179999999999999993e-01,-3.685019999999999962e-01,2.274619999999999975e-01,6.715899999999999648e-02,-1.725359999999999949e-01,-3.139100000000000223e-01,7.322199999999999542e-02,1.890060000000000073e-01,-1.538170000000000093e-01,2.741460000000000008e-01,1.603739999999999888e-01,2.390879999999999950e-01,5.157749999999999835e-01,-7.369299999999999462e-02,7.015749999999999487e-01,5.035699999999999898e-02,2.590149999999999952e-01,4.012680000000000136e-01,7.147419999999999884e-01,2.484780000000000044e-01,6.520160000000000400e-01,5.423160000000000203e-01,4.948960000000000026e-01,3.151729999999999809e-01,5.620650000000000368e-01,2.580529999999999768e-01,3.218610000000000082e-01,3.435250000000000248e-01,4.518650000000000166e-01,4.982480000000000242e-01,9.280299999999999661e-02,4.187739999999999796e-01,5.207249999999999934e-01,2.275820000000000065e-01,1.382950000000000013e-01,2.056969999999999910e-01,4.505680000000000240e-01,3.080040000000000000e-01,1.747380000000000044e-01,1.529240000000000044e-01,-4.501700000000000146e-02
1.700099999999999875e-02,5.434379999999999766e-01,2.842270000000000074e-01,-2.639540000000000219e-01,3.577230000000000132e-01,1.000000000000000000e+00,3.383729999999999793e-01,3.415449999999999875e-01,5.060810000000000031e-01,2.649279999999999968e-01,3.022290000000000254e-01,4.031719999999999748e-01,3.735350000000000059e-01,-1.517709999999999892e-01,1.603509999999999935e-01,-6.861499999999999544e-02,2.853390000000000093e-01,2.576240000000000197e-01,3.641599999999999837e-01,1.647909999999999930e-01,7.429199999999999693e-02,9.707100000000000450e-02,4.667939999999999867e-01,1.176510000000000056e-01,3.520889999999999853e-01,2.850900000000000101e-01,4.727290000000000103e-01,-4.162400000000000128e-02,5.710309999999999553e-01,1.452410000000000090e-01,-2.099660000000000137e-01,-2.301100000000000090e-01,-1.489429999999999921e-01,-2.039729999999999877e-01,-2.348169999999999980e-01,-5.080699999999999800e-02,-9.310300000000000520e-02,-1.279099999999999959e-01,-9.518899999999999584e-02,-2.128750000000000087e-01,-3.126479999999999815e-01,-7.075900000000000245e-02,-1.070099999999999940e-01,-1.426229999999999998e-01,2.782600000000000004e-02,-3.491699999999999665e-02,4.488880000000000092e-01,2.715980000000000061e-01,-2.003489999999999993e-01,2.547019999999999840e-01,7.170990000000000419e-01,1.501280000000000114e-01,3.025720000000000076e-01,5.016319999999999668e-01,2.091050000000000131e-01,3.150939999999999852e-01,2.156039999999999901e-01,4.153430000000000177e-01,-1.885350000000000081e-01,2.426369999999999916e-01,2.133329999999999949e-01,2.923749999999999960e-01,2.087060000000000026e-01,2.895590000000000108e-01,2.098470000000000057e-01,7.534399999999999431e-02,1.787610000000000032e-01,4.576120000000000188e-01,8.309900000000000619e-02,2.943919999999999870e-01,6.971700000000000119e-02,4.988589999999999969e-01,6.653000000000000580e-02,3.294460000000000166e-01,1.593769999999999909e-01,4.358100000000000168e-02
2.490060000000000051e-01,2.929510000000000169e-01,-8.805599999999999539e-02,2.531089999999999729e-01,5.157599999999999962e-01,3.383729999999999793e-01,1.000000000000000000e+00,-7.440299999999999692e-02,3.025129999999999764e-01,1.037959999999999994e-01,4.173799999999999732e-02,5.439999999999999957e-04,4.944959999999999911e-01,1.710500000000000076e-01,3.759900000000000048e-02,3.351109999999999922e-01,8.884000000000000230e-02,2.092620000000000036e-01,5.718800000000000272e-02,1.747789999999999899e-01,2.686300000000000146e-02,8.229200000000000403e-02,-8.763999999999999221e-03,-9.923800000000000676e-02,2.417439999999999867e-01,8.984200000000000519e-02,1.812549999999999994e-01,1.652480000000000060e-01,4.548400000000000221e-01,2.957210000000000116e-01,2.884639999999999982e-01,1.288430000000000131e-01,3.504100000000000270e-02,2.083289999999999864e-01,3.263460000000000250e-01,1.302480000000000027e-01,-4.709300000000000291e-02,1.356779999999999931e-01,-1.535749999999999893e-01,8.038999999999999271e-03,-9.721799999999999886e-02,2.425900000000000001e-01,1.177379999999999954e-01,-2.588369999999999838e-01,1.574560000000000126e-01,2.517309999999999826e-01,2.066089999999999871e-01,1.122599999999999987e-02,-2.343000000000000031e-03,2.276009999999999978e-01,1.718010000000000093e-01,2.618699999999999917e-01,4.481299999999999867e-02,1.995359999999999912e-01,-1.182070000000000065e-01,1.177249999999999963e-01,1.613399999999999904e-02,3.897340000000000249e-01,4.381000000000000172e-02,1.439070000000000071e-01,-4.577900000000000025e-02,3.867700000000000304e-02,8.128599999999999715e-02,-8.300399999999999445e-02,1.305800000000000016e-02,8.418299999999999395e-02,-1.522199999999999942e-02,1.089949999999999947e-01,-2.097880000000000023e-01,8.006099999999999328e-02,-2.949699999999999891e-02,1.749229999999999952e-01,8.605000000000000149e-02,1.776260000000000061e-01,-8.204000000000000181e-02,-3.273780000000000023e-01
1.639889999999999959e-01,2.072970000000000090e-01,5.896890000000000187e-01,-2.462610000000000077e-01,2.640560000000000129e-01,3.415449999999999875e-01,-7.440299999999999692e-02,1.000000000000000000e+00,3.878039999999999821e-01,1.023249999999999993e-01,5.525020000000000486e-01,4.997960000000000180e-01,-4.194099999999999911e-02,1.005989999999999940e-01,3.854130000000000056e-01,-2.341899999999999885e-02,1.098049999999999998e-01,3.515900000000000275e-02,4.862429999999999808e-01,3.038210000000000077e-01,3.458649999999999780e-01,2.753140000000000032e-01,5.357349999999999612e-01,4.316940000000000222e-01,-5.394000000000000183e-02,3.108259999999999912e-01,1.637010000000000132e-01,3.227399999999999713e-02,-7.981999999999999512e-03,3.410779999999999923e-01,4.596999999999999698e-02,9.705999999999999350e-03,-8.762200000000000544e-02,1.208010000000000056e-01,-2.142840000000000023e-01,3.962399999999999950e-02,-1.829100000000000170e-02,-1.209449999999999970e-01,-1.386700000000000085e-02,-4.784700000000000064e-02,-1.515410000000000090e-01,1.045910000000000034e-01,1.418570000000000109e-01,-1.968320000000000070e-01,4.070999999999999966e-03,1.536999999999999998e-02,2.969310000000000005e-01,4.776409999999999823e-01,-1.505410000000000081e-01,1.658699999999999897e-01,3.066050000000000164e-01,1.091690000000000021e-01,7.565030000000000365e-01,4.122970000000000246e-01,2.158410000000000051e-01,5.089949999999999752e-01,5.497859999999999969e-01,2.329710000000000114e-01,1.495529999999999915e-01,3.488660000000000094e-01,1.483559999999999879e-01,3.085359999999999769e-01,1.369990000000000097e-01,5.333820000000000228e-01,3.794609999999999927e-01,2.392209999999999892e-01,3.769140000000000268e-01,3.865279999999999827e-01,3.772539999999999782e-01,1.499570000000000070e-01,3.704489999999999728e-01,1.581210000000000115e-01,2.292599999999999916e-01,1.029000000000000054e-02,2.136609999999999898e-01,-3.840899999999999870e-02
1.524069999999999869e-01,4.115789999999999726e-01,5.869889999999999830e-01,-4.020090000000000052e-01,8.300490000000000368e-01,5.060810000000000031e-01,3.025129999999999764e-01,3.878039999999999821e-01,1.000000000000000000e+00,3.731650000000000245e-01,7.723290000000000433e-01,6.058499999999999996e-01,2.522280000000000078e-01,3.608299999999999702e-02,6.023309999999999498e-01,-7.188300000000000245e-02,4.179010000000000224e-01,2.479860000000000120e-01,7.056820000000000315e-01,6.296559999999999935e-01,2.742910000000000070e-01,5.373809999999999976e-01,6.745949999999999447e-01,3.546560000000000268e-01,1.569480000000000042e-01,3.092929999999999846e-01,6.489669999999999606e-01,-5.500300000000000328e-02,1.298880000000000035e-01,4.062910000000000132e-01,-2.350800000000000112e-02,-3.778200000000000308e-02,-3.465059999999999807e-01,-1.088059999999999999e-01,-2.589020000000000210e-01,-2.487310000000000076e-01,-3.765859999999999763e-01,1.919299999999999895e-01,1.250479999999999925e-01,-3.268070000000000142e-01,-4.616819999999999813e-01,-6.932299999999999573e-02,3.706700000000000272e-02,-1.868120000000000058e-01,2.517229999999999746e-01,3.386800000000000227e-02,2.857729999999999992e-01,6.807060000000000333e-01,-1.258920000000000039e-01,7.711759999999999726e-01,2.002829999999999888e-01,3.831160000000000121e-01,4.536959999999999882e-01,8.811449999999999561e-01,3.765580000000000038e-01,7.978279999999999816e-01,5.785709999999999464e-01,4.617350000000000065e-01,1.615880000000000094e-01,6.780000000000000471e-01,3.504470000000000085e-01,4.321209999999999773e-01,3.967049999999999743e-01,6.515220000000000455e-01,6.406479999999999952e-01,1.101140000000000035e-01,5.539300000000000335e-01,7.064550000000000551e-01,3.530730000000000257e-01,2.340289999999999870e-01,2.587329999999999908e-01,6.009109999999999729e-01,3.709740000000000260e-01,2.783760000000000123e-01,3.572409999999999752e-01,1.682809999999999861e-01
3.875790000000000068e-01,4.499449999999999839e-01,3.049850000000000061e-01,-2.459510000000000030e-01,3.065769999999999884e-01,2.649279999999999968e-01,1.037959999999999994e-01,1.023249999999999993e-01,3.731650000000000245e-01,1.000000000000000000e+00,3.580300000000000149e-01,5.186460000000000514e-01,2.906230000000000202e-01,-1.989100000000000035e-01,3.162389999999999923e-01,-9.003800000000000692e-02,6.442550000000000221e-01,4.445319999999999827e-01,3.807829999999999826e-01,2.195479999999999932e-01,2.065420000000000034e-01,2.880010000000000070e-01,4.452619999999999911e-01,3.679799999999999738e-01,5.773840000000000083e-01,3.736439999999999761e-01,3.806640000000000024e-01,5.503999999999999865e-02,3.484999999999999765e-01,3.472549999999999804e-01,-1.508120000000000016e-01,-2.470630000000000048e-01,-1.837719999999999909e-01,-4.485629999999999895e-01,-2.809329999999999883e-01,-3.750899999999999790e-01,-2.910249999999999782e-01,2.761179999999999746e-01,1.101899999999999963e-01,-3.726030000000000175e-01,-3.300330000000000208e-01,-1.778659999999999963e-01,-2.194300000000000070e-02,2.916999999999999888e-03,2.521419999999999773e-01,2.574100000000000277e-01,2.356060000000000099e-01,2.613099999999999867e-01,-2.615970000000000240e-01,2.575040000000000107e-01,1.264220000000000066e-01,2.891920000000000046e-01,7.952199999999999547e-02,2.439620000000000122e-01,6.671909999999999785e-01,2.855480000000000240e-01,4.259649999999999825e-01,3.544729999999999825e-01,5.294100000000000195e-02,4.143660000000000121e-01,4.735219999999999985e-01,5.038049999999999473e-01,5.074720000000000342e-01,2.014440000000000119e-01,3.500949999999999895e-01,2.859860000000000180e-01,3.630300000000000193e-01,4.766659999999999786e-01,5.225030000000000507e-01,5.040310000000000068e-01,3.363340000000000218e-01,3.463300000000000267e-01,1.563150000000000095e-01,4.913420000000000010e-01,3.881569999999999743e-01,4.148580000000000045e-01
2.523239999999999927e-01,3.661369999999999902e-01,8.461419999999999497e-01,-5.249059999999999837e-01,6.327289999999999859e-01,3.022290000000000254e-01,4.173799999999999732e-02,5.525020000000000486e-01,7.723290000000000433e-01,3.580300000000000149e-01,1.000000000000000000e+00,6.337509999999999533e-01,1.860399999999999901e-02,-4.041600000000000054e-02,7.750129999999999519e-01,-1.578600000000000003e-01,3.903909999999999880e-01,1.718189999999999995e-01,8.563760000000000261e-01,5.616470000000000073e-01,4.123470000000000191e-01,5.984150000000000302e-01,8.215550000000000352e-01,4.817420000000000035e-01,1.203680000000000028e-01,4.375970000000000137e-01,5.722249999999999837e-01,-2.289049999999999974e-01,6.328699999999999604e-02,3.624160000000000159e-01,-1.708679999999999921e-01,-7.908700000000000452e-02,-2.848060000000000036e-01,-1.766679999999999917e-01,-3.985139999999999794e-01,-3.262059999999999960e-01,-4.185079999999999911e-01,1.227729999999999932e-01,2.588460000000000205e-01,-3.170769999999999977e-01,-4.798129999999999895e-01,-1.110479999999999939e-01,3.441000000000000048e-03,-1.084320000000000006e-01,2.723659999999999970e-01,-4.644299999999999817e-02,3.364710000000000201e-01,7.679030000000000022e-01,-2.224299999999999888e-01,6.053800000000000292e-01,1.535920000000000063e-01,3.256580000000000030e-01,6.347549999999999581e-01,6.525330000000000297e-01,4.885769999999999835e-01,9.344160000000000244e-01,5.834730000000000194e-01,3.355389999999999762e-01,1.276839999999999919e-01,7.916750000000000176e-01,4.041199999999999792e-01,4.884879999999999778e-01,3.870620000000000172e-01,7.601989999999999581e-01,6.990100000000000202e-01,2.435529999999999917e-01,6.746090000000000142e-01,7.922179999999999778e-01,5.523590000000000444e-01,3.093560000000000199e-01,4.280689999999999773e-01,5.271649999999999947e-01,2.409759999999999958e-01,3.277079999999999993e-01,3.961399999999999921e-01,3.008899999999999908e-01
2.081620000000000137e-01,5.371770000000000156e-01,5.356750000000000123e-01,-5.235840000000000494e-01,5.291479999999999517e-01,4.031719999999999748e-01,5.439999999999999957e-04,4.997960000000000180e-01,6.058499999999999996e-01,5.186460000000000514e-01,6.337509999999999533e-01,1.000000000000000000e+00,2.126319999999999877e-01,-1.426699999999999913e-01,5.171010000000000328e-01,-3.544900000000000134e-02,5.877580000000000027e-01,4.656879999999999908e-01,5.562789999999999679e-01,5.233809999999999851e-01,3.500739999999999963e-01,5.420909999999999895e-01,6.145490000000000119e-01,6.744830000000000547e-01,4.021350000000000202e-01,5.520530000000000159e-01,4.830920000000000214e-01,2.603300000000000058e-02,1.196600000000000025e-01,4.343000000000000194e-01,-6.187800000000000245e-02,-6.233299999999999952e-02,-9.244600000000000040e-02,-1.415369999999999961e-01,-4.321510000000000074e-01,-2.750830000000000219e-01,-3.063179999999999792e-01,1.404469999999999885e-01,2.199319999999999886e-01,-2.351979999999999904e-01,-4.114729999999999777e-01,-1.490549999999999931e-01,9.320199999999999319e-02,9.270599999999999674e-02,1.686400000000000121e-01,8.677100000000000091e-02,4.132299999999999862e-01,5.124520000000000186e-01,-2.069799999999999973e-01,3.618219999999999770e-01,2.211440000000000072e-01,2.247349999999999903e-01,4.598140000000000005e-01,5.957480000000000553e-01,6.652080000000000215e-01,5.468020000000000103e-01,7.600209999999999466e-01,4.074420000000000264e-01,6.063600000000000240e-02,5.627950000000000452e-01,5.769760000000000444e-01,6.346509999999999652e-01,6.033680000000000154e-01,5.316140000000000310e-01,6.505140000000000366e-01,2.468690000000000051e-01,6.347930000000000517e-01,5.184199999999999919e-01,6.120090000000000252e-01,4.488179999999999947e-01,5.162630000000000274e-01,4.799350000000000005e-01,4.615810000000000191e-01,2.852919999999999900e-01,3.707250000000000267e-01,2.993069999999999897e-01
9.254800000000000526e-02,3.746490000000000098e-01,-1.095750000000000057e-01,2.016940000000000122e-01,2.975619999999999932e-01,3.735350000000000059e-01,4.944959999999999911e-01,-4.194099999999999911e-02,2.522280000000000078e-01,2.906230000000000202e-01,1.860399999999999901e-02,2.126319999999999877e-01,1.000000000000000000e+00,-8.888999999999999332e-03,-9.990000000000001049e-04,8.168000000000000260e-02,3.512460000000000027e-01,3.967809999999999948e-01,-1.434599999999999938e-02,6.428699999999999692e-02,-5.852999999999999869e-02,2.454500000000000084e-02,5.027000000000000218e-02,-3.034500000000000045e-02,3.820180000000000242e-01,1.343429999999999902e-01,1.580529999999999990e-01,5.683009999999999451e-01,3.568020000000000080e-01,2.907870000000000177e-01,-7.788699999999999790e-02,-7.982899999999999718e-02,2.360399999999999998e-02,-1.776709999999999956e-01,6.665999999999999703e-02,1.841830000000000134e-01,1.014810000000000018e-01,1.620040000000000091e-01,1.258300000000000043e-02,-2.037420000000000064e-01,-1.091329999999999939e-01,-6.415300000000000169e-02,9.982599999999999807e-02,-6.455099999999999727e-02,7.740999999999999617e-03,5.841600000000000265e-02,2.016599999999999990e-02,-1.014140000000000041e-01,5.695200000000000262e-02,2.240379999999999872e-01,2.070700000000000041e-01,3.807269999999999821e-01,-7.621899999999999509e-02,1.836500000000000077e-01,1.283340000000000036e-01,1.268999999999999946e-03,5.380999999999999672e-02,4.069459999999999744e-01,-1.061580000000000024e-01,9.436899999999999455e-02,9.621599999999999597e-02,1.794590000000000074e-01,1.851849999999999885e-01,-1.344450000000000089e-01,5.399299999999999933e-02,-5.189699999999999869e-02,3.675199999999999995e-02,1.057909999999999962e-01,-3.735700000000000132e-02,4.369200000000000167e-02,-2.349700000000000052e-02,1.630199999999999982e-01,2.975990000000000024e-01,2.263300000000000034e-01,1.754360000000000086e-01,2.515200000000000075e-02
-1.456629999999999869e-01,-2.611879999999999757e-01,-2.102189999999999892e-01,3.070089999999999764e-01,1.993050000000000099e-01,-1.517709999999999892e-01,1.710500000000000076e-01,1.005989999999999940e-01,3.608299999999999702e-02,-1.989100000000000035e-01,-4.041600000000000054e-02,-1.426699999999999913e-01,-8.888999999999999332e-03,1.000000000000000000e+00,-2.710009999999999919e-01,1.150270000000000042e-01,-1.418499999999999969e-02,-3.893200000000000133e-02,-2.929229999999999889e-01,-6.337500000000000078e-02,-2.615770000000000040e-01,-2.369759999999999922e-01,-2.586260000000000225e-01,-1.224800000000000021e-02,-1.703210000000000002e-01,-3.137829999999999786e-01,-2.935900000000000176e-01,4.687100000000000294e-02,-2.312680000000000013e-01,-9.115800000000000292e-02,2.874990000000000046e-01,7.975999999999999757e-02,4.765199999999999991e-02,2.943089999999999873e-01,2.343020000000000103e-01,2.611580000000000013e-01,8.941899999999999848e-02,1.739920000000000078e-01,-2.304789999999999894e-01,2.001189999999999913e-01,2.069640000000000091e-01,1.357559999999999878e-01,2.835940000000000127e-01,-1.981000000000000122e-02,1.673779999999999990e-01,4.469299999999999662e-02,-2.683530000000000082e-01,-8.167099999999999360e-02,2.669860000000000011e-01,2.002200000000000160e-02,-1.240730000000000027e-01,-1.599619999999999931e-01,1.105850000000000027e-01,-3.497900000000000315e-02,-2.846520000000000161e-01,2.291000000000000068e-03,1.990199999999999955e-02,-6.651999999999999927e-03,5.302280000000000326e-01,-2.375929999999999986e-01,-3.747329999999999828e-01,-1.778150000000000008e-01,-1.722779999999999867e-01,-1.067749999999999949e-01,-2.099560000000000037e-01,-2.112809999999999966e-01,-3.181200000000000139e-01,-1.703089999999999882e-01,-1.699259999999999937e-01,-3.253229999999999733e-01,-2.270389999999999908e-01,-3.277880000000000238e-01,-1.242999999999999938e-01,-4.133660000000000112e-01,-2.953319999999999834e-01,-3.001229999999999731e-01
4.489890000000000270e-01,3.806550000000000211e-01,7.121960000000000512e-01,-5.248760000000000092e-01,4.620509999999999895e-01,1.603509999999999935e-01,3.759900000000000048e-02,3.854130000000000056e-01,6.023309999999999498e-01,3.162389999999999923e-01,7.750129999999999519e-01,5.171010000000000328e-01,-9.990000000000001049e-04,-2.710009999999999919e-01,1.000000000000000000e+00,-5.185200000000000226e-02,2.805630000000000068e-01,2.039050000000000029e-01,8.312880000000000269e-01,7.173079999999999457e-01,7.157879999999999798e-01,8.140220000000000233e-01,7.977649999999999464e-01,4.046049999999999924e-01,1.628499999999999948e-01,6.082319999999999949e-01,5.753000000000000336e-01,-9.774399999999999755e-02,1.108159999999999978e-01,5.211559999999999526e-01,-1.213280000000000053e-01,7.713000000000000411e-02,-3.107989999999999919e-01,-1.916980000000000073e-01,-3.775399999999999867e-01,-3.685209999999999875e-01,-3.577359999999999984e-01,1.065600000000000019e-01,4.419859999999999900e-01,-3.537040000000000184e-01,-5.014589999999999881e-01,-9.526600000000000346e-02,-3.937800000000000328e-02,-9.460100000000000453e-02,2.107410000000000116e-01,1.231890000000000068e-01,3.915609999999999924e-01,6.040499999999999758e-01,-2.790790000000000215e-01,5.442230000000000123e-01,4.788099999999999995e-02,3.945339999999999958e-01,4.829910000000000037e-01,5.042710000000000248e-01,5.177709999999999813e-01,7.241009999999999946e-01,5.412609999999999921e-01,3.153309999999999724e-01,-7.876099999999999768e-02,9.421859999999999680e-01,5.730020000000000113e-01,4.770090000000000163e-01,4.496229999999999949e-01,6.091210000000000235e-01,8.128149999999999542e-01,4.586230000000000029e-01,8.604239999999999666e-01,7.268740000000000201e-01,5.344780000000000086e-01,4.451450000000000129e-01,6.199459999999999971e-01,5.401249999999999662e-01,3.763469999999999871e-01,4.852179999999999827e-01,5.531319999999999570e-01,3.720620000000000038e-01
3.475469999999999948e-01,1.932570000000000121e-01,-1.776270000000000071e-01,2.759789999999999743e-01,1.186569999999999986e-01,-6.861499999999999544e-02,3.351109999999999922e-01,-2.341899999999999885e-02,-7.188300000000000245e-02,-9.003800000000000692e-02,-1.578600000000000003e-01,-3.544900000000000134e-02,8.168000000000000260e-02,1.150270000000000042e-01,-5.185200000000000226e-02,1.000000000000000000e+00,-3.038700000000000082e-02,4.381189999999999807e-01,-1.058639999999999998e-01,2.628730000000000233e-01,4.068000000000000088e-02,2.546100000000000030e-01,-2.587070000000000203e-01,9.950000000000000511e-03,2.195189999999999919e-01,1.857870000000000077e-01,-4.322800000000000253e-02,1.845120000000000093e-01,2.889990000000000059e-01,3.046719999999999984e-01,7.468369999999999731e-01,6.094370000000000065e-01,3.452560000000000073e-01,5.622890000000000388e-01,4.366439999999999766e-01,-2.019999999999999921e-02,5.213199999999999779e-02,6.372899999999999399e-02,6.281100000000000572e-02,2.276249999999999940e-01,3.178759999999999919e-01,3.089419999999999944e-01,9.474000000000000477e-02,-8.180600000000000371e-02,-5.782500000000000140e-02,4.244240000000000235e-01,1.486830000000000096e-01,-4.228500000000000314e-02,1.059559999999999946e-01,-1.541190000000000060e-01,-1.570429999999999882e-01,-4.591300000000000242e-02,-2.200000000000000078e-04,-5.527599999999999875e-02,-2.387620000000000020e-01,-1.893759999999999888e-01,8.504599999999999660e-02,-7.792100000000000415e-02,-5.707000000000000267e-03,-2.758899999999999894e-02,-3.564500000000000307e-02,-1.408419999999999950e-01,-8.172200000000000297e-02,-9.035400000000000376e-02,1.363100000000000075e-02,7.159000000000000433e-03,6.771900000000000142e-02,-3.032590000000000008e-01,-2.502090000000000147e-01,8.245500000000000052e-02,1.714209999999999900e-01,-6.139200000000000212e-02,1.586410000000000042e-01,-1.223179999999999962e-01,-1.628010000000000013e-01,-3.920600000000000196e-01
1.659869999999999957e-01,3.773130000000000095e-01,2.694630000000000081e-01,-3.701160000000000005e-01,3.931859999999999800e-01,2.853390000000000093e-01,8.884000000000000230e-02,1.098049999999999998e-01,4.179010000000000224e-01,6.442550000000000221e-01,3.903909999999999880e-01,5.877580000000000027e-01,3.512460000000000027e-01,-1.418499999999999969e-02,2.805630000000000068e-01,-3.038700000000000082e-02,1.000000000000000000e+00,7.247360000000000468e-01,4.043769999999999865e-01,1.940669999999999895e-01,5.885300000000000253e-02,2.239780000000000104e-01,4.554500000000000215e-01,4.179439999999999822e-01,4.881759999999999988e-01,2.732399999999999829e-01,2.453740000000000088e-01,-1.449899999999999974e-02,2.306709999999999872e-01,1.689239999999999908e-01,-1.391120000000000134e-01,-2.396719999999999962e-01,5.705000000000000002e-03,-3.731149999999999745e-01,-2.691049999999999831e-01,-3.517469999999999763e-01,-3.913280000000000092e-01,5.387229999999999519e-01,3.217269999999999852e-01,-3.949900000000000078e-01,-2.446200000000000041e-01,-2.034019999999999995e-01,1.966009999999999980e-01,2.176690000000000014e-01,4.090159999999999907e-01,5.267299999999999760e-02,1.603399999999999964e-02,2.598210000000000242e-01,-1.675400000000000153e-02,3.176490000000000147e-01,9.997100000000000430e-02,1.503400000000000014e-01,7.697099999999999775e-02,2.191460000000000075e-01,6.296260000000000190e-01,3.252169999999999783e-01,3.207470000000000043e-01,4.766730000000000134e-01,1.286200000000000121e-01,3.530039999999999845e-01,5.219709999999999628e-01,6.387359999999999705e-01,6.352400000000000269e-01,2.511979999999999769e-01,3.006449999999999956e-01,1.742000000000000146e-02,2.842020000000000102e-01,4.793629999999999836e-01,5.570209999999999884e-01,2.918990000000000196e-01,1.873110000000000053e-01,1.554319999999999868e-01,2.950639999999999930e-01,3.323999999999999733e-01,3.811149999999999816e-01,5.476130000000000164e-01
3.211649999999999783e-01,5.222419999999999840e-01,1.262949999999999906e-01,-2.048290000000000111e-01,2.543639999999999790e-01,2.576240000000000197e-01,2.092620000000000036e-01,3.515900000000000275e-02,2.479860000000000120e-01,4.445319999999999827e-01,1.718189999999999995e-01,4.656879999999999908e-01,3.967809999999999948e-01,-3.893200000000000133e-02,2.039050000000000029e-01,4.381189999999999807e-01,7.247360000000000468e-01,1.000000000000000000e+00,2.354110000000000091e-01,2.614330000000000265e-01,1.282609999999999861e-01,2.888580000000000036e-01,2.639449999999999852e-01,3.539689999999999781e-01,6.623229999999999951e-01,4.395430000000000170e-01,1.167109999999999953e-01,2.151359999999999939e-01,4.199720000000000120e-01,3.365619999999999723e-01,1.464969999999999883e-01,5.452699999999999908e-02,1.993099999999999872e-01,-1.430170000000000052e-01,-3.649299999999999766e-02,-2.779479999999999729e-01,-2.311429999999999874e-01,4.172839999999999883e-01,3.732280000000000042e-01,-1.956249999999999933e-01,-1.052809999999999996e-01,-9.224200000000000454e-02,1.181210000000000038e-01,1.456959999999999922e-01,2.749980000000000202e-01,2.729509999999999992e-01,1.732430000000000081e-01,1.321199999999999875e-01,9.759000000000000313e-03,1.433550000000000102e-01,1.430919999999999970e-01,1.744140000000000135e-01,3.931999999999999731e-03,1.190269999999999939e-01,4.326769999999999783e-01,8.854900000000000271e-02,2.761680000000000246e-01,3.643839999999999857e-01,-2.548999999999999877e-02,2.513179999999999858e-01,5.094509999999999872e-01,5.200500000000000123e-01,6.003690000000000415e-01,1.052649999999999975e-01,2.396500000000000019e-01,4.919699999999999768e-02,2.846049999999999969e-01,2.143519999999999870e-01,3.620340000000000225e-01,4.025020000000000264e-01,3.131559999999999899e-01,6.930100000000000149e-02,3.950629999999999975e-01,2.747280000000000277e-01,3.422680000000000167e-01,3.139950000000000241e-01
3.247459999999999791e-01,4.077140000000000208e-01,8.687030000000000030e-01,-5.763759999999999994e-01,5.298709999999999809e-01,3.641599999999999837e-01,5.718800000000000272e-02,4.862429999999999808e-01,7.056820000000000315e-01,3.807829999999999826e-01,8.563760000000000261e-01,5.562789999999999679e-01,-1.434599999999999938e-02,-2.929229999999999889e-01,8.312880000000000269e-01,-1.058639999999999998e-01,4.043769999999999865e-01,2.354110000000000091e-01,1.000000000000000000e+00,5.493609999999999882e-01,4.746469999999999856e-01,6.517399999999999860e-01,8.832600000000000451e-01,3.997310000000000030e-01,1.108330000000000010e-01,5.369159999999999489e-01,6.068879999999999830e-01,-2.607110000000000261e-01,1.588630000000000042e-01,3.790020000000000056e-01,-1.503379999999999994e-01,-4.219400000000000234e-02,-2.377180000000000126e-01,-2.037450000000000094e-01,-3.973550000000000137e-01,-4.155440000000000245e-01,-4.225479999999999792e-01,1.317109999999999947e-01,3.432830000000000048e-01,-3.519780000000000131e-01,-4.586999999999999966e-01,-1.046060000000000045e-01,-7.307500000000000107e-02,-1.339059999999999973e-01,2.646999999999999909e-01,1.137099999999999916e-02,4.077520000000000033e-01,7.828880000000000283e-01,-3.098719999999999808e-01,5.594609999999999861e-01,2.081439999999999957e-01,3.394449999999999967e-01,5.744650000000000034e-01,5.955890000000000351e-01,5.004530000000000367e-01,8.349509999999999987e-01,5.095119999999999649e-01,3.570079999999999920e-01,-8.470800000000000551e-02,8.435829999999999718e-01,5.463869999999999560e-01,4.899510000000000254e-01,4.310610000000000275e-01,7.803719999999999546e-01,7.061779999999999724e-01,2.990180000000000060e-01,7.527319999999999567e-01,8.331539999999999502e-01,5.541620000000000434e-01,3.819370000000000265e-01,5.075269999999999504e-01,5.906259999999999843e-01,2.421719999999999984e-01,4.695730000000000182e-01,4.782000000000000139e-01,3.798360000000000070e-01
3.545820000000000083e-01,4.074160000000000004e-01,4.221269999999999745e-01,-3.403079999999999994e-01,5.455640000000000489e-01,1.647909999999999930e-01,1.747789999999999899e-01,3.038210000000000077e-01,6.296559999999999935e-01,2.195479999999999932e-01,5.616470000000000073e-01,5.233809999999999851e-01,6.428699999999999692e-02,-6.337500000000000078e-02,7.173079999999999457e-01,2.628730000000000233e-01,1.940669999999999895e-01,2.614330000000000265e-01,5.493609999999999882e-01,1.000000000000000000e+00,6.134349999999999525e-01,9.007779999999999676e-01,4.907639999999999780e-01,3.651269999999999794e-01,1.802259999999999973e-01,5.309559999999999835e-01,6.426990000000000203e-01,2.914999999999999883e-02,1.194820000000000049e-01,6.190489999999999604e-01,2.969769999999999910e-01,4.110389999999999877e-01,-2.229510000000000103e-01,1.308690000000000131e-01,-2.544299999999999895e-01,-3.063899999999999957e-01,-3.063710000000000044e-01,8.197899999999999632e-02,3.502339999999999898e-01,-2.313330000000000108e-01,-3.584399999999999809e-01,4.147300000000000292e-02,-1.752499999999999891e-02,-1.627959999999999963e-01,1.175719999999999960e-01,2.455809999999999937e-01,4.009730000000000238e-01,5.563989999999999769e-01,-2.532929999999999904e-01,4.050190000000000179e-01,-7.177000000000000046e-02,3.016480000000000272e-01,4.008140000000000036e-01,5.974709999999999743e-01,2.737740000000000173e-01,5.189650000000000096e-01,6.072400000000000020e-01,1.790430000000000077e-01,-3.999799999999999883e-02,7.381029999999999536e-01,4.018539999999999890e-01,2.696740000000000248e-01,2.914910000000000001e-01,5.487340000000000551e-01,8.814229999999999565e-01,3.373399999999999732e-01,8.117119999999999891e-01,4.222199999999999842e-01,2.494909999999999906e-01,3.467210000000000014e-01,5.092550000000000132e-01,6.291590000000000238e-01,4.251770000000000271e-01,3.064439999999999942e-01,3.353140000000000009e-01,4.032399999999999873e-02
