1.000000000000000000e+00,4.717020000000000102e-01,3.147349999999999870e-01,-4.535469999999999779e-01,-4.930899999999999866e-02,4.314720000000000222e-01,4.826250000000000262e-01,4.919189999999999952e-01,4.378159999999999830e-01,1.659589999999999954e-01,4.398500000000000326e-02,2.862390000000000212e-01,6.125909999999999966e-01,-3.500809999999999755e-01,3.685129999999999795e-01,-1.302580000000000127e-01,5.462979999999999503e-01,1.454910000000000092e-01,5.010550000000000281e-01,-4.007499999999999951e-02,4.390060000000000073e-01,1.587099999999999969e-02,5.654299999999999882e-01,6.202619999999999800e-01,6.064610000000000278e-01,7.416899999999999604e-01,4.946999999999999731e-01,3.582029999999999936e-01,1.559210000000000040e-01,3.213369999999999838e-01,3.598319999999999852e-01,1.388600000000000112e-01,-5.862000000000000023e-03,1.171099999999999919e-02,-1.848299999999999943e-01,1.140700000000000047e-01,1.068599999999999967e-01,1.361410000000000120e-01,5.130780000000000340e-01,4.890410000000000035e-01,4.171059999999999768e-01,1.417470000000000119e-01,-1.961870000000000003e-01,-1.123310000000000003e-01,-9.506799999999999973e-02,7.891580000000000261e-01,5.983460000000000445e-01,3.186620000000000008e-01,-1.885060000000000069e-01,1.314160000000000050e-01,1.916750000000000120e-01,5.065669999999999895e-01,5.306880000000000486e-01,5.366520000000000179e-01,3.992430000000000145e-01,2.606060000000000043e-01,1.250010000000000010e-01,3.288209999999999744e-01,-2.039009999999999989e-01,4.121920000000000028e-01,5.017059999999999853e-01,5.201400000000000468e-01,6.378610000000000113e-01,2.485360000000000069e-01,4.447130000000000249e-01,5.009489999999999776e-01,5.018080000000000318e-01,5.699490000000000389e-01,6.253969999999999807e-01,5.657469999999999999e-01,6.335910000000000153e-01,5.293639999999999457e-01,3.123299999999999965e-01,2.400380000000000014e-01,3.785899999999999682e-02,3.733770000000000144e-01
4.717020000000000102e-01,1.000000000000000000e+00,2.739329999999999821e-01,-3.481230000000000158e-01,-1.815599999999999992e-01,5.864470000000000516e-01,3.679490000000000260e-01,4.366539999999999866e-01,2.099260000000000015e-01,1.807590000000000030e-01,4.538899999999999879e-02,2.347640000000000005e-01,5.503879999999999884e-01,-2.899249999999999883e-01,2.276870000000000005e-01,-9.695000000000000492e-03,5.447579999999999645e-01,4.707200000000000273e-01,4.142879999999999896e-01,-2.009080000000000032e-01,3.586250000000000271e-01,-3.845099999999999907e-02,5.707710000000000283e-01,4.170420000000000238e-01,5.852330000000000032e-01,8.277090000000000281e-01,2.683320000000000149e-01,2.908900000000000027e-02,1.226400000000000060e-02,1.562119999999999898e-01,-3.111600000000000130e-02,8.831100000000000061e-02,-4.760299999999999948e-02,-1.379060000000000008e-01,-1.880479999999999929e-01,4.242000000000000111e-03,1.388749999999999984e-01,-2.227700000000000166e-02,3.337559999999999971e-01,3.176840000000000219e-01,2.268360000000000098e-01,1.052209999999999951e-01,-2.282420000000000004e-01,-6.042100000000000248e-02,-2.835250000000000270e-01,4.894450000000000189e-01,6.622940000000000493e-01,1.480779999999999874e-01,-3.707639999999999825e-01,-3.456300000000000344e-02,1.026590000000000003e-01,3.002299999999999969e-01,3.944409999999999861e-01,2.587260000000000115e-01,4.239040000000000030e-01,2.416770000000000029e-01,1.213230000000000003e-01,1.634309999999999929e-01,-2.712609999999999744e-01,4.932139999999999858e-01,2.690049999999999941e-01,5.827830000000000510e-01,4.419759999999999800e-01,2.095370000000000010e-01,5.217460000000000431e-01,5.356600000000000250e-01,5.851389999999999647e-01,5.174279999999999990e-01,3.525730000000000253e-01,6.538730000000000375e-01,6.310900000000000398e-01,4.920499999999999874e-01,-7.686900000000000677e-02,1.396010000000000029e-01,-1.249190000000000023e-01,1.405000000000000138e-01
3.147349999999999870e-01,2.739329999999999821e-01,1.000000000000000000e+00,-3.607000000000000206e-01,1.197830000000000006e-01,6.107799999999999896e-01,1.024069999999999980e-01,2.966980000000000173e-01,6.848429999999999795e-01,-2.514200000000000115e-02,6.673329999999999540e-01,2.265800000000000106e-02,3.882380000000000275e-01,-1.211909999999999932e-01,5.359580000000000455e-01,-4.301599999999999868e-02,3.181789999999999896e-01,2.138519999999999865e-01,7.012319999999999665e-01,4.486269999999999980e-01,1.382730000000000070e-01,4.165479999999999738e-01,5.309979999999999700e-01,2.468799999999999883e-01,4.908020000000000160e-01,3.980190000000000117e-01,7.260050000000000114e-01,2.547710000000000252e-01,1.386499999999999955e-01,1.308979999999999866e-01,6.858200000000000407e-02,-7.229800000000000115e-02,-2.343649999999999900e-01,-8.263700000000000212e-02,-1.116189999999999960e-01,1.386860000000000037e-01,7.312200000000000644e-02,9.749999999999999552e-04,6.572999999999999676e-02,-7.278999999999999880e-03,2.268259999999999998e-01,-9.486100000000000088e-02,-1.422700000000000076e-01,-4.330200000000000021e-02,-2.243400000000000116e-01,2.444369999999999876e-01,3.575710000000000277e-01,8.766709999999999781e-01,-3.438300000000000245e-01,-6.798800000000000676e-02,3.666860000000000119e-01,8.255800000000000638e-02,3.307300000000000240e-01,6.467730000000000423e-01,1.939720000000000055e-01,6.935019999999999518e-01,1.490799999999999938e-02,8.983299999999999619e-02,-1.815960000000000074e-01,3.090289999999999981e-01,2.797910000000000119e-01,1.513619999999999965e-01,3.834870000000000223e-01,6.275650000000000395e-01,4.359000000000000097e-01,2.034940000000000082e-01,4.127049999999999885e-01,5.535480000000000400e-01,2.545109999999999872e-01,3.354090000000000127e-01,3.405619999999999759e-01,5.562810000000000255e-01,3.677110000000000101e-01,4.642899999999999805e-02,-3.577099999999999724e-02,2.592590000000000172e-01
-4.535469999999999779e-01,-3.481230000000000158e-01,-3.607000000000000206e-01,1.000000000000000000e+00,2.616919999999999802e-01,-2.348659999999999914e-01,-4.962869999999999782e-01,-2.728470000000000062e-01,-4.147379999999999955e-01,-3.258489999999999998e-01,-1.938920000000000088e-01,-3.856740000000000168e-01,-5.238340000000000218e-01,5.346689999999999499e-01,-3.476699999999999791e-01,2.497169999999999945e-01,-6.038949999999999596e-01,3.111099999999999977e-02,-4.955390000000000073e-01,3.338800000000000101e-02,-1.836220000000000074e-01,3.849099999999999744e-02,-3.972430000000000128e-01,-5.379770000000000385e-01,-3.735189999999999899e-01,-5.301930000000000254e-01,-4.403569999999999984e-01,-2.572749999999999759e-01,4.440000000000000370e-03,-4.440290000000000070e-01,-3.945270000000000166e-01,1.471359999999999890e-01,3.610900000000000221e-01,3.432199999999999834e-02,1.939869999999999928e-01,-1.210200000000000026e-01,-4.966500000000000081e-02,-2.187139999999999918e-01,-3.062810000000000255e-01,-1.995480000000000032e-01,-2.163460000000000105e-01,-1.717710000000000070e-01,4.086339999999999972e-01,2.960659999999999958e-01,1.271230000000000138e-01,-3.363840000000000163e-01,-5.762639999999999985e-01,-3.038989999999999747e-01,3.917229999999999879e-01,-1.936839999999999951e-01,8.038299999999999612e-02,-5.354889999999999928e-01,-3.853480000000000238e-01,-4.299740000000000228e-01,-5.529709999999999903e-01,-2.481170000000000042e-01,-2.312470000000000081e-01,-2.203829999999999956e-01,3.074720000000000231e-01,-4.811819999999999986e-01,-3.712869999999999782e-01,-4.638950000000000018e-01,-4.145179999999999976e-01,-1.477630000000000055e-01,-5.325539999999999718e-01,-3.891600000000000059e-01,-5.734650000000000025e-01,-4.013530000000000153e-01,-3.561230000000000229e-01,-5.256009999999999849e-01,-5.828219999999999512e-01,-5.553369999999999695e-01,-1.386270000000000002e-01,-5.180499999999999688e-02,1.680679999999999952e-01,-8.764500000000000068e-02
-4.930899999999999866e-02,-1.815599999999999992e-01,1.197830000000000006e-01,2.616919999999999802e-01,1.000000000000000000e+00,8.012199999999999878e-02,2.197919999999999874e-01,-9.030100000000000626e-02,2.299130000000000063e-01,-3.079499999999999946e-02,1.530169999999999864e-01,-9.985000000000000819e-03,1.434779999999999944e-01,3.868090000000000139e-01,1.125950000000000006e-01,2.231090000000000018e-01,2.000599999999999948e-02,6.780100000000000016e-02,-1.108559999999999962e-01,3.997589999999999755e-01,1.700959999999999972e-01,2.942600000000000215e-01,-1.286770000000000136e-01,-1.543210000000000137e-01,2.028059999999999863e-01,-1.108470000000000011e-01,2.359829999999999983e-01,2.803729999999999833e-01,3.680740000000000123e-01,-1.271930000000000005e-01,1.411640000000000117e-01,1.991259999999999974e-01,2.670910000000000228e-01,2.264120000000000021e-01,1.901239999999999875e-01,1.881579999999999919e-01,2.586899999999999963e-02,1.407509999999999872e-01,-1.542499999999999948e-02,7.160800000000000498e-02,-1.199510000000000021e-01,-2.260699999999999862e-02,2.266239999999999921e-01,1.954819999999999891e-01,2.320850000000000135e-01,-3.216600000000000015e-02,1.244299999999999920e-02,2.235729999999999940e-01,9.089999999999999469e-02,-1.091209999999999958e-01,1.992549999999999877e-01,3.086999999999999900e-03,-5.404500000000000276e-02,1.531359999999999943e-01,-9.827000000000000665e-03,2.368629999999999902e-01,-6.668899999999999828e-02,9.469900000000000539e-02,2.903700000000000170e-01,-2.219029999999999891e-01,8.292000000000000759e-03,-7.204499999999999793e-02,-3.865899999999999892e-02,4.343600000000000239e-02,-1.730710000000000026e-01,-2.081679999999999919e-01,-2.068200000000000038e-01,-1.117009999999999947e-01,3.502500000000000058e-02,-1.350959999999999939e-01,-2.357350000000000001e-01,-4.954100000000000170e-02,3.682630000000000070e-01,1.197359999999999952e-01,3.637639999999999763e-01,9.244499999999999940e-02
4.314720000000000222e-01,5.864470000000000516e-01,6.107799999999999896e-01,-2.348659999999999914e-01,8.012199999999999878e-02,1.000000000000000000e+00,2.473069999999999991e-01,6.291649999999999743e-01,6.188810000000000144e-01,-7.555699999999999916e-02,3.515719999999999956e-01,3.387699999999999739e-02,5.410669999999999646e-01,-2.102700000000000055e-02,3.421950000000000269e-01,-1.623809999999999976e-01,3.511759999999999882e-01,2.791950000000000265e-01,5.751899999999999791e-01,2.227619999999999878e-01,2.728349999999999942e-01,1.620459999999999956e-01,7.721740000000000270e-01,3.580999999999999739e-01,5.244090000000000140e-01,6.658880000000000354e-01,6.426760000000000250e-01,1.699050000000000005e-01,2.936170000000000169e-01,1.713669999999999916e-01,-6.058100000000000290e-02,2.687499999999999958e-02,-1.406999999999999917e-01,-2.230189999999999950e-01,-2.883700000000000152e-01,-5.050400000000000028e-02,4.802499999999999825e-02,-6.729499999999999371e-02,2.101689999999999947e-01,2.136349999999999916e-01,2.608969999999999900e-01,-1.115400000000000003e-01,-2.210050000000000070e-01,-1.931599999999999984e-02,-2.285550000000000082e-01,3.912809999999999899e-01,5.277730000000000476e-01,5.936399999999999455e-01,-3.919889999999999763e-01,6.061400000000000121e-02,5.268070000000000253e-01,1.966150000000000120e-01,5.246939999999999937e-01,6.617330000000000156e-01,1.467340000000000033e-01,6.458760000000000057e-01,1.229699999999999960e-01,1.598110000000000086e-01,-2.868350000000000066e-01,3.019109999999999849e-01,2.736939999999999928e-01,3.675399999999999778e-01,5.011269999999999891e-01,4.927599999999999758e-01,3.398220000000000129e-01,3.037940000000000085e-01,3.679080000000000128e-01,6.946320000000000272e-01,3.504849999999999910e-01,4.623760000000000092e-01,4.608050000000000201e-01,5.046500000000000430e-01,2.448849999999999916e-01,2.807400000000000173e-02,-1.395450000000000024e-01,5.837599999999999734e-02
4.826250000000000262e-01,3.679490000000000260e-01,1.024069999999999980e-01,-4.962869999999999782e-01,2.197919999999999874e-01,2.473069999999999991e-01,1.000000000000000000e+00,3.660200000000000120e-01,3.910330000000000195e-01,6.326230000000000464e-01,-1.294999999999999927e-03,6.347990000000000022e-01,6.081299999999999484e-01,-4.183390000000000164e-01,2.948069999999999857e-01,-2.925840000000000107e-01,6.986149999999999860e-01,-4.586900000000000005e-02,3.940480000000000094e-01,-2.493970000000000076e-01,4.157460000000000044e-01,-2.862899999999999889e-01,2.207709999999999950e-01,6.701169999999999627e-01,4.018289999999999917e-01,5.310610000000000053e-01,3.549849999999999950e-01,5.343200000000000172e-01,-2.379799999999999971e-02,5.722509999999999541e-01,6.059440000000000381e-01,-5.913399999999999906e-02,-1.656600000000000017e-01,3.169899999999999801e-02,-2.083840000000000137e-01,2.655480000000000063e-01,2.747310000000000030e-01,4.200289999999999857e-01,4.240360000000000240e-01,4.067749999999999977e-01,8.482199999999999462e-02,1.955810000000000048e-01,-3.790339999999999820e-01,-1.375379999999999936e-01,-1.750659999999999994e-01,3.608839999999999826e-01,4.559050000000000047e-01,1.203560000000000046e-01,-3.495070000000000121e-01,3.323849999999999860e-01,-1.652039999999999897e-01,7.376759999999999984e-01,4.671939999999999982e-01,4.272630000000000039e-01,7.361670000000000158e-01,1.936140000000000083e-01,4.121989999999999821e-01,2.048159999999999981e-01,-2.098490000000000077e-01,5.461460000000000203e-01,1.539810000000000068e-01,6.807680000000000398e-01,3.552580000000000182e-01,3.999400000000000177e-02,5.530939999999999745e-01,5.819769999999999666e-01,5.468020000000000103e-01,3.280429999999999735e-01,4.509690000000000087e-01,5.213609999999999634e-01,6.017510000000000359e-01,6.162710000000000132e-01,1.547880000000000089e-01,-8.831999999999999573e-03,2.761100000000000013e-02,3.547199999999999659e-02
4.919189999999999952e-01,4.366539999999999866e-01,2.966980000000000173e-01,-2.728470000000000062e-01,-9.030100000000000626e-02,6.291649999999999743e-01,3.660200000000000120e-01,1.000000000000000000e+00,3.631150000000000211e-01,1.893400000000000083e-01,5.179000000000000270e-02,3.484169999999999767e-01,4.730949999999999878e-01,-1.272739999999999982e-01,7.384899999999999798e-02,-3.642859999999999987e-01,3.627179999999999849e-01,5.745800000000000213e-02,4.616859999999999853e-01,-1.392359999999999987e-01,2.937159999999999771e-01,-1.819939999999999891e-01,7.524410000000000265e-01,5.928679999999999506e-01,2.431580000000000130e-01,5.727339999999999653e-01,2.906389999999999807e-01,2.667100000000000026e-01,1.079000000000000098e-03,3.848889999999999811e-01,1.711940000000000128e-01,8.854199999999999571e-02,-2.205650000000000110e-01,-1.865719999999999879e-01,-3.867639999999999967e-01,1.426830000000000043e-01,7.875000000000000056e-02,-6.738000000000000066e-03,4.402980000000000227e-01,4.047629999999999839e-01,1.749940000000000107e-01,-8.696900000000000464e-02,-2.018260000000000054e-01,-1.417509999999999881e-01,-1.435140000000000027e-01,5.013140000000000374e-01,4.869530000000000247e-01,2.613340000000000107e-01,-3.809589999999999921e-01,1.703330000000000122e-01,2.698389999999999955e-01,3.787739999999999996e-01,7.498449999999999838e-01,4.490520000000000067e-01,3.211040000000000005e-01,2.410049999999999970e-01,3.696380000000000221e-01,2.699030000000000040e-01,-3.778929999999999789e-01,3.797209999999999752e-01,2.261789999999999912e-01,5.441759999999999931e-01,5.295739999999999892e-01,1.477529999999999955e-01,3.570860000000000145e-01,4.641799999999999815e-01,3.820859999999999812e-01,6.513700000000000045e-01,5.462489999999999846e-01,5.323130000000000361e-01,6.188379999999999992e-01,3.721300000000000163e-01,1.382150000000000045e-01,-1.397800000000000084e-02,-1.359599999999999975e-01,6.543699999999999517e-02
4.378159999999999830e-01,2.099260000000000015e-01,6.848429999999999795e-01,-4.147379999999999955e-01,2.299130000000000063e-01,6.188810000000000144e-01,3.910330000000000195e-01,3.631150000000000211e-01,1.000000000000000000e+00,8.030800000000000438e-02,5.951440000000000063e-01,1.858460000000000112e-01,5.119270000000000209e-01,-2.086439999999999961e-01,5.575219999999999620e-01,-3.244009999999999949e-01,4.430769999999999986e-01,4.309999999999999595e-03,7.362779999999999880e-01,3.586420000000000163e-01,1.131299999999999945e-01,1.924500000000000099e-01,4.370459999999999900e-01,4.432769999999999766e-01,4.164669999999999761e-01,4.414420000000000011e-01,7.675330000000000208e-01,4.850050000000000194e-01,1.407400000000000040e-01,3.575679999999999970e-01,2.152600000000000069e-01,-1.250020000000000020e-01,-2.900739999999999985e-01,-1.400109999999999966e-01,-3.128670000000000062e-01,1.684779999999999889e-01,1.781359999999999888e-01,5.408099999999999713e-02,1.723300000000000110e-01,1.872479999999999978e-01,2.811400000000000010e-01,-1.451590000000000102e-01,-3.065289999999999959e-01,-8.578700000000000214e-02,-1.409459999999999880e-01,3.392270000000000008e-01,3.562230000000000119e-01,7.938650000000000428e-01,-3.511960000000000082e-01,2.899059999999999970e-01,3.083500000000000130e-01,4.122850000000000126e-01,4.659969999999999946e-01,9.324379999999999891e-01,2.508750000000000147e-01,7.476030000000000175e-01,2.395110000000000017e-01,1.939740000000000075e-01,-2.319670000000000065e-01,3.945830000000000171e-01,3.625129999999999741e-01,3.378189999999999804e-01,5.225739999999999830e-01,5.394069999999999698e-01,4.794979999999999798e-01,2.662160000000000082e-01,4.663550000000000195e-01,5.237039999999999473e-01,3.727070000000000105e-01,3.600430000000000019e-01,4.296130000000000226e-01,6.113490000000000313e-01,4.979040000000000132e-01,-7.640500000000000069e-02,2.236000000000000140e-03,1.388230000000000020e-01
1.659589999999999954e-01,1.807590000000000030e-01,-2.514200000000000115e-02,-3.258489999999999998e-01,-3.079499999999999946e-02,-7.555699999999999916e-02,6.326230000000000464e-01,1.893400000000000083e-01,8.030800000000000438e-02,1.000000000000000000e+00,-1.523999999999999964e-03,8.104740000000000277e-01,1.886980000000000046e-01,-3.823540000000000272e-01,4.951699999999999852e-02,-3.983019999999999894e-01,5.300169999999999604e-01,-2.129820000000000046e-01,2.958049999999999846e-01,-4.187420000000000031e-01,2.128279999999999894e-01,-3.975870000000000237e-01,-1.086499999999999966e-02,6.244760000000000311e-01,-1.779400000000000079e-02,2.366999999999999937e-01,-1.063200000000000083e-02,5.734979999999999523e-01,-4.144200000000000106e-01,6.544020000000000392e-01,5.736139999999999572e-01,-2.662149999999999794e-01,-3.217479999999999785e-01,-1.482390000000000096e-01,-4.147330000000000183e-01,3.818909999999999805e-01,1.644849999999999923e-01,3.406750000000000056e-01,1.587770000000000015e-01,1.970590000000000119e-01,-2.086590000000000111e-01,6.031600000000000156e-02,-3.506879999999999997e-01,-2.281940000000000079e-01,-2.857199999999999740e-01,3.399599999999999844e-02,1.578950000000000076e-01,-1.094900000000000040e-01,-3.712460000000000204e-01,2.731069999999999887e-01,-4.707160000000000233e-01,4.721770000000000134e-01,3.252419999999999756e-01,5.658900000000000041e-02,8.015430000000000055e-01,-6.509900000000000408e-02,6.616819999999999924e-01,-4.257999999999999979e-02,-2.828060000000000018e-01,5.409300000000000219e-01,-1.025500000000000023e-01,5.548380000000000534e-01,6.944200000000000372e-02,-1.623340000000000061e-01,5.314550000000000107e-01,5.516659999999999897e-01,4.962759999999999949e-01,8.391300000000000148e-02,2.298189999999999955e-01,4.621020000000000127e-01,5.314950000000000507e-01,4.666319999999999912e-01,-7.344100000000000628e-02,-1.469280000000000030e-01,-3.224799999999999889e-02,-8.434600000000000430e-02
4.398500000000000326e-02,4.538899999999999879e-02,6.673329999999999540e-01,-1.938920000000000088e-01,1.530169999999999864e-01,3.515719999999999956e-01,-1.294999999999999927e-03,5.179000000000000270e-02,5.951440000000000063e-01,-1.523999999999999964e-03,1.000000000000000000e+00,3.080099999999999852e-02,5.215499999999999997e-02,1.689399999999999930e-02,5.730229999999999491e-01,-1.949619999999999964e-01,1.089719999999999994e-01,3.592000000000000054e-02,5.122139999999999471e-01,3.240080000000000182e-01,-1.353640000000000121e-01,2.223459999999999881e-01,1.722490000000000132e-01,1.522540000000000004e-01,5.706900000000000167e-02,1.470370000000000010e-01,4.703129999999999811e-01,1.884119999999999961e-01,-1.617139999999999966e-01,1.870380000000000098e-01,-1.001299999999999933e-02,-3.985870000000000246e-01,-3.775800000000000267e-01,-3.136269999999999891e-01,-2.306749999999999912e-01,2.711290000000000089e-01,1.518470000000000097e-01,9.855700000000000571e-02,-2.609710000000000085e-01,-2.006400000000000128e-01,-1.151149999999999951e-01,-2.936099999999999821e-01,-2.459399999999999920e-01,-4.319300000000000223e-02,-3.343949999999999978e-01,-3.951400000000000051e-02,3.229800000000000032e-02,6.757389999999999786e-01,-3.635820000000000163e-01,2.109810000000000019e-01,4.559900000000000064e-02,-5.304799999999999793e-02,1.424239999999999950e-01,4.788879999999999804e-01,5.528099999999999681e-02,7.261579999999999702e-01,1.618420000000000136e-01,-2.578520000000000256e-01,-7.117600000000000315e-02,3.676220000000000043e-01,-4.831300000000000178e-02,4.215300000000000297e-02,1.491730000000000000e-01,5.230749999999999567e-01,4.339509999999999756e-01,1.573720000000000119e-01,4.025730000000000142e-01,2.762260000000000271e-01,-3.866300000000000292e-02,8.047600000000000586e-02,2.283949999999999869e-01,4.475540000000000074e-01,1.700560000000000127e-01,-2.925400000000000222e-01,-9.277599999999999736e-02,-1.006500000000000034e-01
2.862390000000000212e-01,2.347640000000000005e-01,2.265800000000000106e-02,-3.856740000000000168e-01,-9.985000000000000819e-03,3.387699999999999739e-02,6.347990000000000022e-01,3.484169999999999767e-01,1.858460000000000112e-01,8.104740000000000277e-01,3.080099999999999852e-02,1.000000000000000000e+00,2.263159999999999894e-01,-3.211689999999999823e-01,9.898099999999999954e-02,-4.899169999999999914e-01,5.376440000000000108e-01,-2.789229999999999765e-01,3.357780000000000209e-01,-4.077060000000000128e-01,6.548099999999999754e-02,-4.130610000000000115e-01,2.266620000000000024e-01,7.143469999999999542e-01,-4.264099999999999835e-02,3.530889999999999862e-01,-1.504899999999999988e-02,5.544769999999999976e-01,-4.821750000000000203e-01,6.448430000000000550e-01,4.860619999999999941e-01,-2.196329999999999949e-01,-2.839409999999999989e-01,-1.789640000000000120e-01,-3.671829999999999816e-01,4.259780000000000233e-01,1.895050000000000068e-01,3.705249999999999932e-01,1.798220000000000096e-01,2.725719999999999810e-01,-1.745579999999999909e-01,6.895500000000000240e-02,-3.300839999999999885e-01,-1.613439999999999874e-01,-2.388869999999999882e-01,1.336509999999999920e-01,2.437890000000000057e-01,-1.822999999999999968e-02,-3.833670000000000133e-01,3.687719999999999887e-01,-3.288579999999999837e-01,4.935899999999999732e-01,4.388779999999999903e-01,1.549389999999999934e-01,6.921410000000000062e-01,1.669400000000000051e-02,7.842379999999999907e-01,-2.999200000000000130e-02,-1.680909999999999904e-01,5.325750000000000206e-01,-8.783499999999999641e-02,5.802990000000000093e-01,1.419819999999999971e-01,-5.571799999999999670e-02,5.353670000000000373e-01,5.010569999999999746e-01,5.200820000000000443e-01,2.687370000000000037e-01,3.936870000000000092e-01,4.015029999999999988e-01,5.780290000000000150e-01,4.327010000000000023e-01,-7.840199999999999947e-02,-3.326899999999999857e-01,6.369999999999999794e-04,-1.705609999999999904e-01
6.125909999999999966e-01,5.503879999999999884e-01,3.882380000000000275e-01,-5.238340000000000218e-01,1.434779999999999944e-01,5.410669999999999646e-01,6.081299999999999484e-01,4.730949999999999878e-01,5.119270000000000209e-01,1.886980000000000046e-01,5.215499999999999997e-02,2.263159999999999894e-01,1.000000000000000000e+00,-2.757959999999999856e-01,2.725750000000000117e-01,3.350500000000000006e-02,7.194009999999999572e-01,3.725740000000000163e-01,4.716290000000000204e-01,1.780289999999999928e-01,4.571000000000000063e-01,1.867949999999999888e-01,4.936740000000000017e-01,4.688039999999999985e-01,7.120950000000000335e-01,7.204709999999999726e-01,5.803260000000000085e-01,3.711619999999999919e-01,3.827369999999999939e-01,2.984410000000000118e-01,3.733360000000000012e-01,1.250970000000000137e-01,-4.384899999999999909e-02,1.023570000000000035e-01,-1.496000000000000107e-01,1.052239999999999981e-01,1.836160000000000014e-01,1.664660000000000029e-01,4.492849999999999899e-01,4.885800000000000143e-01,4.303560000000000163e-01,1.683640000000000136e-01,-1.173899999999999944e-01,-6.238599999999999701e-02,-2.107499999999999998e-02,6.045979999999999688e-01,6.854559999999999542e-01,4.020929999999999782e-01,-2.645190000000000041e-01,8.280899999999999372e-02,2.872939999999999938e-01,5.993990000000000151e-01,4.489290000000000225e-01,5.951760000000000383e-01,5.366370000000000307e-01,3.704069999999999863e-01,1.025130000000000069e-01,5.703219999999999956e-01,-2.119719999999999938e-01,2.692200000000000149e-01,6.224730000000000540e-01,6.782660000000000355e-01,7.074219999999999953e-01,2.572570000000000134e-01,3.562230000000000119e-01,3.202019999999999866e-01,4.010810000000000208e-01,4.428880000000000039e-01,4.981909999999999950e-01,5.962300000000000377e-01,5.095509999999999762e-01,4.585500000000000131e-01,5.188650000000000206e-01,3.294000000000000261e-01,1.324150000000000049e-01,4.540919999999999956e-01
-3.500809999999999755e-01,-2.899249999999999883e-01,-1.211909999999999932e-01,5.346689999999999499e-01,3.868090000000000139e-01,-2.102700000000000055e-02,-4.183390000000000164e-01,-1.272739999999999982e-01,-2.086439999999999961e-01,-3.823540000000000272e-01,1.689399999999999930e-02,-3.211689999999999823e-01,-2.757959999999999856e-01,1.000000000000000000e+00,-1.974660000000000026e-01,2.796520000000000117e-01,-4.937389999999999834e-01,9.568599999999999328e-02,-4.389239999999999808e-01,3.909179999999999877e-01,-1.131220000000000003e-01,3.294540000000000246e-01,-1.560729999999999895e-01,-4.271800000000000042e-01,-2.345069999999999932e-01,-3.454169999999999741e-01,-1.917459999999999998e-01,-1.794739999999999946e-01,2.727550000000000252e-01,-3.892280000000000184e-01,-3.209190000000000098e-01,6.198399999999999743e-02,2.546919999999999740e-01,1.276700000000000057e-02,1.534159999999999968e-01,2.592000000000000120e-03,-1.626140000000000085e-01,-1.593209999999999904e-01,-3.334260000000000002e-01,-1.785039999999999960e-01,-2.295679999999999943e-01,-2.514910000000000201e-01,2.990269999999999873e-01,2.695179999999999798e-01,2.904889999999999972e-01,-2.584400000000000031e-01,-2.062900000000000011e-01,-2.543700000000000128e-02,2.305089999999999917e-01,-1.442920000000000036e-01,2.699759999999999938e-01,-4.317509999999999959e-01,-1.934839999999999893e-01,-2.657709999999999795e-01,-5.012060000000000404e-01,4.659300000000000247e-02,-1.870259999999999978e-01,-9.921399999999999664e-02,3.242360000000000242e-01,-5.296030000000000459e-01,-1.355139999999999956e-01,-3.660320000000000240e-01,-2.140289999999999970e-01,-4.687000000000000194e-02,-5.482089999999999463e-01,-5.056469999999999576e-01,-5.149890000000000301e-01,-2.598249999999999726e-01,-2.765139999999999820e-01,-3.931390000000000162e-01,-4.969759999999999733e-01,-5.164090000000000069e-01,6.438399999999999679e-02,4.393299999999999983e-02,1.467489999999999906e-01,-1.376650000000000096e-01
3.685129999999999795e-01,2.276870000000000005e-01,5.359580000000000455e-01,-3.476699999999999791e-01,1.125950000000000006e-01,3.421950000000000269e-01,2.948069999999999857e-01,7.384899999999999798e-02,5.575219999999999620e-01,4.951699999999999852e-02,5.730229999999999491e-01,9.898099999999999954e-02,2.725750000000000117e-01,-1.974660000000000026e-01,1.000000000000000000e+00,-8.204400000000000581e-02,2.712109999999999799e-01,1.518309999999999937e-01,4.894470000000000209e-01,3.556520000000000237e-01,3.219940000000000024e-01,3.020220000000000127e-01,1.714940000000000075e-01,2.880730000000000235e-01,3.674419999999999908e-01,4.098479999999999901e-01,6.275560000000000027e-01,3.253630000000000133e-01,5.815499999999999836e-02,2.369660000000000100e-01,3.136249999999999871e-01,-2.173229999999999884e-01,-1.112900000000000000e-01,-9.973100000000000021e-02,-6.988199999999999967e-02,2.657660000000000022e-01,1.772710000000000119e-01,1.914980000000000016e-01,-2.065900000000000028e-02,1.367600000000000066e-02,3.710999999999999889e-03,1.206899999999999987e-02,-3.123070000000000013e-01,-1.537499999999999978e-02,-2.468100000000000016e-01,2.283290000000000042e-01,2.778399999999999759e-01,6.157139999999999835e-01,-2.613659999999999872e-01,9.573399999999999965e-02,7.030899999999999650e-02,1.778859999999999886e-01,1.964869999999999950e-01,5.052330000000000432e-01,2.133480000000000099e-01,5.165950000000000264e-01,-7.514999999999999979e-03,-1.502479999999999927e-01,-1.898539999999999950e-01,4.926530000000000076e-01,5.036199999999999705e-02,1.286450000000000093e-01,2.248159999999999881e-01,4.739700000000000024e-01,5.437070000000000514e-01,3.434139999999999970e-01,5.411120000000000374e-01,3.644680000000000142e-01,1.971789999999999932e-01,2.140459999999999863e-01,3.785470000000000224e-01,5.967890000000000139e-01,2.735779999999999879e-01,1.468099999999999961e-02,9.655199999999999894e-02,1.626380000000000048e-01
-1.302580000000000127e-01,-9.695000000000000492e-03,-4.301599999999999868e-02,2.497169999999999945e-01,2.231090000000000018e-01,-1.623809999999999976e-01,-2.925840000000000107e-01,-3.642859999999999987e-01,-3.244009999999999949e-01,-3.983019999999999894e-01,-1.949619999999999964e-01,-4.899169999999999914e-01,3.350500000000000006e-02,2.796520000000000117e-01,-8.204400000000000581e-02,1.000000000000000000e+00,-1.344819999999999904e-01,6.124699999999999589e-01,-4.299259999999999748e-01,4.501459999999999906e-01,2.149659999999999904e-01,6.580529999999999990e-01,-2.111020000000000119e-01,-5.988029999999999742e-01,3.313470000000000026e-01,-1.026989999999999986e-01,-3.955199999999999688e-02,-4.361099999999999977e-01,5.407319999999999904e-01,-7.083629999999999649e-01,-1.024169999999999942e-01,4.718629999999999769e-01,6.424140000000000406e-01,5.027819999999999512e-01,6.635680000000000467e-01,-2.342879999999999963e-01,-7.063300000000000134e-02,-7.130499999999999339e-02,2.823799999999999921e-02,8.499999999999999526e-04,2.170800000000000160e-02,2.195050000000000057e-01,5.563900000000000512e-01,3.026929999999999898e-01,3.381080000000000196e-01,-3.034900000000000098e-02,-1.748100000000000001e-02,-1.415100000000000038e-02,5.113919999999999577e-01,-4.436539999999999928e-01,2.481520000000000115e-01,-3.023350000000000204e-01,-4.691640000000000255e-01,-3.541119999999999823e-01,-2.089570000000000038e-01,-1.286259999999999903e-01,-6.075040000000000440e-01,2.389640000000000097e-01,3.960670000000000024e-01,-6.096099999999999852e-01,5.266599999999999754e-02,-3.066010000000000124e-01,-1.955179999999999974e-01,3.762100000000000166e-02,-5.219500000000000250e-01,-5.204469999999999930e-01,-4.885849999999999915e-01,-3.449860000000000149e-01,-2.283959999999999879e-01,-3.404900000000000149e-01,-5.104670000000000041e-01,-4.419879999999999920e-01,1.821069999999999911e-01,4.542619999999999991e-01,3.846849999999999992e-01,3.480260000000000020e-01
5.462979999999999503e-01,5.447579999999999645e-01,3.181789999999999896e-01,-6.038949999999999596e-01,2.000599999999999948e-02,3.511759999999999882e-01,6.986149999999999860e-01,3.627179999999999849e-01,4.430769999999999986e-01,5.300169999999999604e-01,1.089719999999999994e-01,5.376440000000000108e-01,7.194009999999999572e-01,-4.937389999999999834e-01,2.712109999999999799e-01,-1.344819999999999904e-01,1.000000000000000000e+00,2.666319999999999801e-01,5.465119999999999978e-01,-1.792880000000000029e-01,3.430529999999999968e-01,-1.126830000000000054e-01,3.669870000000000076e-01,6.588159999999999572e-01,5.373909999999999521e-01,7.178980000000000361e-01,4.438819999999999988e-01,4.732330000000000148e-01,-6.898999999999999751e-03,4.865539999999999865e-01,4.813299999999999801e-01,3.076000000000000175e-03,-2.093349999999999933e-01,-2.567900000000000044e-02,-2.969879999999999742e-01,1.820769999999999889e-01,2.597240000000000104e-01,2.600620000000000154e-01,4.189300000000000246e-01,4.391860000000000208e-01,2.891599999999999726e-01,2.317160000000000053e-01,-2.865900000000000114e-01,-1.377960000000000018e-01,-1.833720000000000072e-01,4.137669999999999959e-01,5.263660000000000005e-01,2.450980000000000103e-01,-3.828579999999999761e-01,1.314839999999999898e-01,-7.735599999999999421e-02,5.690910000000000135e-01,4.141250000000000209e-01,4.948560000000000181e-01,7.399449999999999639e-01,2.501999999999999780e-01,3.385110000000000063e-01,2.717370000000000063e-01,-2.138239999999999863e-01,5.353909999999999503e-01,3.796519999999999895e-01,7.619270000000000209e-01,5.711469999999999603e-01,1.784709999999999908e-01,5.959389999999999965e-01,5.481850000000000334e-01,6.125930000000000542e-01,4.087939999999999907e-01,4.490210000000000035e-01,5.846900000000000430e-01,6.610700000000000465e-01,6.491580000000000128e-01,2.361689999999999900e-01,2.269300000000000136e-02,-1.804100000000000148e-02,2.186230000000000118e-01
1.454910000000000092e-01,4.707200000000000273e-01,2.138519999999999865e-01,3.111099999999999977e-02,6.780100000000000016e-02,2.791950000000000265e-01,-4.586900000000000005e-02,5.745800000000000213e-02,4.309999999999999595e-03,-2.129820000000000046e-01,3.592000000000000054e-02,-2.789229999999999765e-01,3.725740000000000163e-01,9.568599999999999328e-02,1.518309999999999937e-01,6.124699999999999589e-01,2.666319999999999801e-01,1.000000000000000000e+00,8.422899999999999832e-02,2.627160000000000051e-01,3.231339999999999768e-01,4.828930000000000167e-01,1.426699999999999913e-01,-1.613620000000000054e-01,5.158359999999999612e-01,3.799080000000000235e-01,2.187240000000000018e-01,-2.389439999999999897e-01,3.397470000000000212e-01,-3.363539999999999863e-01,-7.600700000000000511e-02,2.716839999999999811e-01,2.817930000000000157e-01,1.443079999999999918e-01,1.221180000000000043e-01,-9.330900000000000305e-02,1.065019999999999994e-01,-1.080160000000000009e-01,9.681299999999999628e-02,2.617550000000000154e-01,1.468720000000000026e-01,4.368000000000000355e-03,2.416190000000000004e-01,1.488760000000000083e-01,-1.936999999999999833e-02,2.885679999999999912e-01,2.862279999999999824e-01,2.003030000000000088e-01,2.246199999999999933e-02,-2.718010000000000148e-01,1.669269999999999921e-01,-8.374099999999999600e-02,-8.351400000000000490e-02,1.980499999999999969e-02,5.099700000000000066e-02,1.626869999999999983e-01,-3.848860000000000059e-01,2.078859999999999875e-01,-2.194499999999999923e-02,-4.322299999999999753e-02,2.161129999999999995e-01,1.852219999999999978e-01,3.114319999999999866e-01,2.359430000000000138e-01,3.884100000000000052e-02,2.369800000000000031e-02,7.801099999999999701e-02,4.940900000000000153e-02,-7.285999999999999421e-02,1.957379999999999953e-01,7.567000000000000115e-02,4.359899999999999887e-02,1.796490000000000031e-01,3.536409999999999831e-01,1.622069999999999901e-01,3.577000000000000179e-01
5.010550000000000281e-01,4.142879999999999896e-01,7.012319999999999665e-01,-4.955390000000000073e-01,-1.108559999999999962e-01,5.751899999999999791e-01,3.940480000000000094e-01,4.616859999999999853e-01,7.362779999999999880e-01,2.958049999999999846e-01,5.122139999999999471e-01,3.357780000000000209e-01,4.716290000000000204e-01,-4.389239999999999808e-01,4.894470000000000209e-01,-4.299259999999999748e-01,5.465119999999999978e-01,8.422899999999999832e-02,1.000000000000000000e+00,2.708400000000000044e-02,1.445569999999999911e-01,-1.257800000000000064e-02,5.380500000000000282e-01,6.201240000000000085e-01,3.991469999999999740e-01,5.614529999999999799e-01,6.439500000000000224e-01,4.758200000000000207e-01,-1.649490000000000123e-01,4.938190000000000079e-01,2.357440000000000091e-01,-1.869089999999999918e-01,-4.549989999999999868e-01,-2.579489999999999839e-01,-4.533869999999999845e-01,2.385660000000000003e-01,1.977970000000000006e-01,4.557300000000000240e-02,2.353909999999999891e-01,1.676690000000000125e-01,2.478710000000000080e-01,-1.636090000000000044e-01,-4.140860000000000096e-01,-2.505919999999999814e-01,-4.366260000000000141e-01,4.002319999999999767e-01,3.981259999999999799e-01,6.333429999999999893e-01,-5.493829999999999547e-01,2.040990000000000026e-01,9.766199999999999881e-02,3.841870000000000007e-01,5.148059999999999858e-01,7.570000000000000062e-01,4.296679999999999944e-01,5.660809999999999453e-01,3.228980000000000183e-01,9.140700000000000214e-02,-4.633950000000000014e-01,6.703019999999999534e-01,2.879030000000000200e-01,4.742210000000000036e-01,5.606419999999999737e-01,5.230489999999999862e-01,7.380579999999999918e-01,5.803399999999999670e-01,7.148930000000000007e-01,6.382400000000000295e-01,3.793159999999999865e-01,5.890309999999999713e-01,7.020739999999999759e-01,7.825729999999999631e-01,2.245649999999999868e-01,-1.110990000000000033e-01,-2.044569999999999999e-01,1.610870000000000080e-01
-4.007499999999999951e-02,-2.009080000000000032e-01,4.486269999999999980e-01,3.338800000000000101e-02,3.997589999999999755e-01,2.227619999999999878e-01,-2.493970000000000076e-01,-1.392359999999999987e-01,3.586420000000000163e-01,-4.187420000000000031e-01,3.240080000000000182e-01,-4.077060000000000128e-01,1.780289999999999928e-01,3.909179999999999877e-01,3.556520000000000237e-01,4.501459999999999906e-01,-1.792880000000000029e-01,2.627160000000000051e-01,2.708400000000000044e-02,1.000000000000000000e+00,1.182139999999999996e-01,8.987559999999999993e-01,4.099000000000000213e-03,-3.482450000000000268e-01,2.971679999999999877e-01,-7.830199999999999660e-02,4.761799999999999922e-01,2.614800000000000110e-02,6.095439999999999747e-01,-3.154109999999999969e-01,-5.394399999999999890e-02,1.331670000000000076e-01,2.612940000000000262e-01,2.212760000000000005e-01,2.981429999999999914e-01,1.710000000000000094e-04,-5.509000000000000008e-02,-5.600399999999999823e-02,-1.596539999999999904e-01,-6.791700000000000514e-02,7.245600000000000651e-02,-1.139870000000000050e-01,2.336759999999999948e-01,1.895670000000000133e-01,3.489760000000000084e-01,2.391400000000000123e-02,1.119030000000000025e-01,6.074079999999999480e-01,1.745160000000000045e-01,-2.084419999999999884e-01,5.244149999999999645e-01,-1.625379999999999880e-01,-1.417329999999999979e-01,2.809320000000000150e-01,-2.833769999999999900e-01,4.501839999999999731e-01,-2.938379999999999881e-01,2.608469999999999955e-01,1.646229999999999916e-01,-4.550739999999999785e-01,2.610080000000000178e-01,-2.985659999999999981e-01,7.449600000000000666e-02,3.713650000000000007e-01,-3.082210000000000227e-01,-5.636360000000000259e-01,-2.845619999999999816e-01,-6.614899999999999947e-02,-1.737500000000000155e-02,-1.973999999999999921e-01,-3.756209999999999827e-01,-1.903579999999999994e-01,6.404659999999999798e-01,2.641569999999999752e-01,3.948369999999999935e-01,3.587910000000000266e-01
