1.000000000000000000e+00,6.608770000000000477e-01,1.955810000000000048e-01,9.637199999999999933e-02,4.150960000000000205e-01,5.660519999999999996e-01,4.672339999999999827e-01,3.157449999999999979e-01,-1.571819999999999884e-01,2.137020000000000031e-01,2.851859999999999951e-01,2.443700000000000039e-02,5.607429999999999914e-01,4.865849999999999898e-01,5.866390000000000216e-01,7.140940000000000065e-01,5.412369999999999681e-01,7.292950000000000266e-01,4.260010000000000185e-01,5.918639999999999457e-01,6.958499999999999686e-01,6.367930000000000534e-01,3.500719999999999943e-01,5.518710000000000004e-01,6.162769999999999637e-01,6.211820000000000119e-01,4.276190000000000269e-01,5.184969999999999857e-01,6.698499999999999455e-01,5.443080000000000140e-01,6.045800000000000063e-01,1.934950000000000003e-01,1.612039999999999862e-01,3.434070000000000178e-01,3.589030000000000276e-01,2.322339999999999960e-01,2.682649999999999757e-01,-1.061399999999999982e-01,9.614000000000000323e-02,7.137000000000000288e-02,4.359199999999999742e-01,9.030399999999999539e-02,4.538860000000000117e-01,2.988910000000000178e-01,-2.645099999999999882e-02,8.847610000000000197e-01,5.947289999999999521e-01,2.085009999999999919e-01,-8.576100000000000390e-02,2.718450000000000033e-01,4.190940000000000221e-01,-2.460800000000000140e-02,3.655360000000000276e-01,-5.604800000000000060e-02,1.028710000000000041e-01,3.523359999999999825e-01,1.358969999999999900e-01,4.761020000000000252e-01,3.359750000000000236e-01,5.944329999999999892e-01,7.486120000000000552e-01,5.957179999999999698e-01,6.548779999999999601e-01,3.029060000000000086e-01,6.359949999999999770e-01,6.800049999999999706e-01,6.339909999999999712e-01,4.548840000000000106e-01,5.006289999999999907e-01,5.946449999999999791e-01,6.892880000000000118e-01,3.257019999999999915e-01,6.029269999999999907e-01,7.371400000000000174e-01,6.357660000000000533e-01,6.377019999999999911e-01
6.608770000000000477e-01,1.000000000000000000e+00,2.879169999999999785e-01,1.618829999999999991e-01,5.105939999999999923e-01,7.524680000000000257e-01,5.679910000000000236e-01,4.554650000000000087e-01,2.017000000000000130e-03,2.336330000000000073e-01,3.941430000000000211e-01,-5.519799999999999707e-02,6.550740000000000451e-01,4.211300000000000043e-01,6.198339999999999961e-01,6.723419999999999952e-01,6.005599999999999827e-01,7.910120000000000484e-01,4.771050000000000013e-01,6.401540000000000008e-01,6.848670000000000035e-01,6.849819999999999798e-01,6.219620000000000148e-01,3.644249999999999989e-01,8.269959999999999534e-01,8.649599999999999511e-01,6.850199999999999623e-01,4.649240000000000039e-01,7.236019999999999675e-01,3.478459999999999885e-01,4.092899999999999872e-01,1.752849999999999964e-01,1.760420000000000040e-01,2.386620000000000130e-01,3.077710000000000168e-01,1.161019999999999969e-01,1.303719999999999879e-01,-1.385059999999999902e-01,3.581999999999999768e-02,1.070860000000000006e-01,4.038280000000000203e-01,-9.959400000000000197e-02,4.354210000000000025e-01,1.815920000000000034e-01,-1.130769999999999970e-01,6.785600000000000520e-01,8.305649999999999977e-01,2.666000000000000036e-01,-1.020760000000000001e-01,3.452230000000000021e-01,5.998839999999999728e-01,1.334199999999999969e-02,5.360200000000000520e-01,3.068099999999999994e-02,1.413059999999999872e-01,4.831219999999999959e-01,1.055190000000000017e-01,4.953609999999999958e-01,3.307849999999999957e-01,6.365060000000000162e-01,5.032830000000000359e-01,6.107129999999999503e-01,4.317840000000000011e-01,4.036520000000000108e-01,6.544400000000000217e-01,6.944320000000000492e-01,6.804430000000000200e-01,6.908020000000000271e-01,3.153819999999999957e-01,7.694800000000000528e-01,8.086400000000000254e-01,5.746989999999999599e-01,4.883089999999999931e-01,6.942829999999999835e-01,4.287699999999999845e-01,3.340040000000000231e-01
1.955810000000000048e-01,2.879169999999999785e-01,1.000000000000000000e+00,-1.833839999999999915e-01,6.532719999999999638e-01,1.923189999999999900e-01,4.244539999999999980e-01,3.165499999999999980e-01,4.823430000000000217e-01,3.870899999999999896e-01,8.137309999999999821e-01,4.328679999999999750e-01,2.962600000000000233e-01,-4.724400000000000127e-02,6.941270000000000495e-01,1.628600000000000048e-01,2.378709999999999991e-01,2.441969999999999974e-01,7.190480000000000205e-01,6.044880000000000253e-01,2.544310000000000183e-01,4.927050000000000041e-01,3.293920000000000181e-01,-1.870410000000000128e-01,2.220749999999999946e-01,2.132030000000000036e-01,6.548230000000000439e-01,3.139719999999999733e-01,1.795000000000000068e-02,2.335280000000000133e-01,1.468710000000000016e-01,-3.753739999999999855e-01,-4.763689999999999869e-01,-2.298370000000000135e-01,9.230499999999999816e-02,8.675299999999999678e-02,2.691799999999999748e-01,4.064429999999999987e-01,-4.211019999999999763e-01,-5.217540000000000511e-01,-2.623599999999999821e-01,-1.931229999999999891e-01,1.356739999999999891e-01,7.626199999999999646e-02,-2.473349999999999993e-01,1.227430000000000049e-01,6.660000000000000642e-02,8.265439999999999454e-01,-1.667740000000000056e-01,7.242439999999999989e-01,7.320899999999999630e-02,4.192649999999999988e-01,4.238109999999999933e-01,7.017809999999999881e-01,3.148150000000000115e-01,6.720390000000000530e-01,2.640049999999999897e-01,3.955620000000000247e-01,2.750549999999999939e-01,6.479040000000000354e-01,2.387170000000000125e-01,2.106639999999999902e-01,3.014339999999999797e-01,8.418090000000000295e-01,5.007580000000000364e-01,3.319750000000000201e-01,5.613040000000000251e-01,3.066659999999999942e-01,-1.681390000000000107e-01,2.588460000000000205e-01,2.003939999999999888e-01,5.458260000000000334e-01,2.287949999999999984e-01,2.102980000000000127e-01,3.510690000000000199e-01,2.396199999999999997e-01
9.637199999999999933e-02,1.618829999999999991e-01,-1.833839999999999915e-01,1.000000000000000000e+00,4.165760000000000018e-01,4.215079999999999938e-01,5.511279999999999513e-01,-4.253400000000000236e-02,-1.665999999999999946e-03,-3.899819999999999953e-01,-1.125189999999999940e-01,-6.065089999999999648e-01,3.102489999999999970e-01,5.121930000000000094e-01,-1.907999999999999974e-03,1.526019999999999877e-01,-1.988489999999999980e-01,8.087999999999999703e-03,-3.005169999999999786e-01,2.814119999999999955e-01,2.055430000000000035e-01,2.498589999999999978e-01,1.964809999999999890e-01,-6.617999999999999751e-03,1.072609999999999952e-01,6.022500000000000075e-02,3.009519999999999973e-01,3.482140000000000235e-01,4.265769999999999840e-01,1.821170000000000011e-01,3.198770000000000224e-01,-3.329280000000000017e-01,-1.156149999999999956e-01,-4.153799999999999853e-02,2.156879999999999908e-01,-8.219400000000000317e-02,-8.676899999999999891e-02,-3.275199999999999778e-01,-3.509059999999999957e-01,-7.410999999999999532e-02,-1.468200000000000061e-01,-4.362670000000000159e-01,2.250590000000000090e-01,9.301500000000000046e-02,-1.561390000000000000e-01,1.631370000000000042e-01,4.373369999999999758e-01,1.326730000000000131e-01,6.358129999999999615e-01,-3.651179999999999981e-01,4.218120000000000203e-01,-7.070899999999999963e-01,-4.365399999999999836e-02,-1.903400000000000092e-01,-5.464989999999999570e-01,1.677990000000000037e-01,-4.646279999999999855e-01,-2.943370000000000153e-01,-4.434000000000000163e-01,4.426900000000000279e-02,-2.423300000000000107e-02,-1.091860000000000053e-01,-1.420939999999999981e-01,-2.969740000000000157e-01,3.201890000000000014e-01,1.839089999999999892e-01,6.681199999999999639e-02,3.929110000000000102e-01,-1.701560000000000017e-01,1.576019999999999921e-01,1.225249999999999950e-01,4.039769999999999750e-01,4.997559999999999780e-01,1.913120000000000098e-01,-1.188219999999999971e-01,-3.142329999999999846e-01
4.150960000000000205e-01,5.105939999999999923e-01,6.532719999999999638e-01,4.165760000000000018e-01,1.000000000000000000e+00,5.547109999999999541e-01,8.344080000000000386e-01,2.668440000000000256e-01,2.324970000000000092e-01,1.075779999999999931e-01,6.691279999999999450e-01,2.216399999999999967e-02,6.680770000000000319e-01,4.656540000000000123e-01,7.086540000000000061e-01,5.066169999999999840e-01,1.505400000000000071e-01,4.059070000000000178e-01,4.984549999999999814e-01,8.585439999999999738e-01,4.311369999999999925e-01,7.758099999999999996e-01,4.141929999999999779e-01,-7.334200000000000441e-02,3.047590000000000021e-01,3.039680000000000160e-01,8.081249999999999822e-01,7.246810000000000196e-01,4.561230000000000007e-01,5.447119999999999740e-01,5.593780000000000419e-01,-5.090959999999999930e-01,-4.630509999999999904e-01,-1.123190000000000022e-01,3.139190000000000036e-01,2.249480000000000091e-01,2.263940000000000119e-01,1.110199999999999937e-01,-5.901769999999999516e-01,-5.074370000000000269e-01,-1.966749999999999887e-01,-4.451370000000000049e-01,3.894880000000000009e-01,2.006769999999999943e-01,-3.155209999999999959e-01,3.478439999999999865e-01,4.695300000000000029e-01,6.849060000000000148e-01,2.386199999999999988e-01,4.757859999999999867e-01,3.593509999999999760e-01,-1.296279999999999932e-01,3.655309999999999948e-01,3.695840000000000236e-01,-1.002559999999999979e-01,7.813820000000000210e-01,9.168000000000000801e-03,3.070049999999999724e-01,5.516299999999999676e-02,7.142800000000000260e-01,3.812280000000000113e-01,2.399540000000000006e-01,3.483249999999999957e-01,5.025020000000000042e-01,7.834050000000000180e-01,4.944359999999999866e-01,6.990699999999999692e-01,5.532810000000000228e-01,-2.061169999999999947e-01,3.488709999999999867e-01,3.066010000000000124e-01,7.524170000000000025e-01,7.029809999999999670e-01,4.983130000000000059e-01,4.671460000000000057e-01,1.612059999999999882e-01
5.660519999999999996e-01,7.524680000000000257e-01,1.923189999999999900e-01,4.215079999999999938e-01,5.547109999999999541e-01,1.000000000000000000e+00,6.628899999999999793e-01,4.807199999999999807e-01,6.106400000000000022e-02,2.069700000000000012e-02,2.204369999999999941e-01,-2.053500000000000048e-01,7.359830000000000538e-01,5.243879999999999653e-01,5.079350000000000254e-01,5.403529999999999722e-01,4.452960000000000251e-01,6.024840000000000195e-01,2.777029999999999776e-01,5.998369999999999536e-01,6.540960000000000107e-01,6.006709999999999550e-01,6.875250000000000528e-01,3.538589999999999791e-01,6.375469999999999748e-01,7.293140000000000178e-01,6.720909999999999940e-01,5.105429999999999691e-01,8.189079999999999693e-01,3.796840000000000215e-01,4.593619999999999925e-01,1.915599999999999942e-02,8.497399999999999398e-02,2.027190000000000103e-01,2.635700000000000265e-01,9.413799999999999946e-02,7.887199999999999767e-02,-1.647889999999999910e-01,-8.015999999999999515e-02,5.232099999999999945e-02,2.680779999999999830e-01,-1.489779999999999993e-01,5.222499999999999920e-01,2.386260000000000048e-01,-1.760780000000000123e-01,5.931739999999999791e-01,7.955029999999999601e-01,2.848510000000000209e-01,5.601799999999999835e-02,1.688590000000000091e-01,8.149110000000000520e-01,-1.794560000000000044e-01,5.115690000000000515e-01,1.617800000000000141e-02,-7.152500000000000524e-02,3.616989999999999927e-01,3.145099999999999979e-02,4.141589999999999994e-01,1.932480000000000031e-01,5.244490000000000540e-01,3.914520000000000222e-01,4.726219999999999866e-01,3.141169999999999796e-01,2.141160000000000008e-01,6.329139999999999766e-01,6.475670000000000037e-01,5.414250000000000451e-01,8.051490000000000036e-01,2.535439999999999916e-01,6.223440000000000083e-01,6.878109999999999502e-01,6.121060000000000390e-01,5.558910000000000240e-01,6.486739999999999728e-01,3.105789999999999940e-01,1.825130000000000086e-01
4.672339999999999827e-01,5.679910000000000236e-01,4.244539999999999980e-01,5.511279999999999513e-01,8.344080000000000386e-01,6.628899999999999793e-01,1.000000000000000000e+00,2.186990000000000045e-01,1.034360000000000002e-01,7.888299999999999479e-02,4.088060000000000027e-01,-1.626990000000000103e-01,6.553109999999999769e-01,4.500279999999999836e-01,5.688900000000000068e-01,5.381089999999999485e-01,1.723530000000000062e-01,4.429069999999999951e-01,2.809960000000000235e-01,7.806110000000000548e-01,5.062950000000000506e-01,6.969819999999999904e-01,4.298930000000000251e-01,3.172300000000000120e-02,4.629210000000000269e-01,3.780510000000000259e-01,7.909110000000000307e-01,6.320449999999999680e-01,6.239160000000000261e-01,4.420660000000000145e-01,5.663399999999999546e-01,-4.109220000000000095e-01,-2.582289999999999863e-01,-2.958000000000000126e-03,3.366040000000000143e-01,1.306059999999999999e-01,1.805049999999999988e-01,3.246999999999999886e-03,-4.816420000000000146e-01,-3.374929999999999874e-01,-1.016460000000000002e-01,-4.299799999999999733e-01,3.960540000000000171e-01,1.608620000000000050e-01,-2.366580000000000072e-01,4.207540000000000169e-01,6.080370000000000497e-01,5.054159999999999764e-01,2.538690000000000113e-01,2.498509999999999898e-01,4.860720000000000041e-01,-2.594110000000000027e-01,2.895059999999999856e-01,1.437890000000000001e-01,-1.320159999999999945e-01,5.517079999999999762e-01,-1.173980000000000024e-01,1.990480000000000027e-01,-1.356499999999999928e-01,5.760760000000000325e-01,3.837960000000000260e-01,2.634719999999999840e-01,3.366330000000000156e-01,2.702930000000000055e-01,7.299409999999999510e-01,5.354919999999999680e-01,5.909140000000000503e-01,5.700250000000000039e-01,-1.040289999999999965e-01,4.974080000000000168e-01,4.048919999999999741e-01,7.136649999999999938e-01,6.945489999999999720e-01,5.707839999999999581e-01,3.290449999999999764e-01,9.734299999999999897e-02
3.157449999999999979e-01,4.554650000000000087e-01,3.165499999999999980e-01,-4.253400000000000236e-02,2.668440000000000256e-01,4.807199999999999807e-01,2.186990000000000045e-01,1.000000000000000000e+00,7.839599999999999347e-02,4.809289999999999954e-01,3.031030000000000113e-01,4.011950000000000238e-01,4.359720000000000262e-01,2.275419999999999943e-01,4.094539999999999846e-01,1.152999999999999997e-01,5.449749999999999872e-01,4.145119999999999916e-01,3.252360000000000251e-01,2.532179999999999986e-01,5.921699999999999742e-01,2.140269999999999950e-01,7.764849999999999808e-01,3.909819999999999962e-01,4.254040000000000044e-01,6.256350000000000522e-01,3.346589999999999843e-01,1.805440000000000100e-01,2.835190000000000210e-01,8.281199999999999672e-02,6.521399999999999419e-02,2.214869999999999894e-01,6.576300000000000201e-02,1.431419999999999915e-01,1.460730000000000084e-01,6.121299999999999658e-02,1.652990000000000015e-01,2.817180000000000240e-01,8.117299999999999516e-02,2.807099999999999873e-02,1.071519999999999972e-01,-5.990999999999999798e-03,2.758369999999999989e-01,4.563000000000000216e-03,7.067000000000000365e-03,3.054669999999999885e-01,3.145200000000000218e-01,2.098369999999999957e-01,-1.385659999999999947e-01,3.557279999999999887e-01,4.382199999999999984e-01,2.430120000000000058e-01,8.091990000000000016e-01,1.487239999999999951e-01,4.135739999999999972e-01,2.246750000000000136e-01,5.308230000000000448e-01,4.900930000000000009e-01,2.990849999999999898e-01,3.619569999999999732e-01,1.361570000000000003e-01,4.467329999999999912e-01,3.425500000000000211e-01,3.414240000000000053e-01,2.381350000000000133e-01,5.906120000000000259e-01,2.833450000000000135e-01,6.074850000000000527e-01,3.414679999999999938e-01,4.072729999999999961e-01,5.490070000000000228e-01,2.416580000000000117e-01,1.007939999999999947e-01,2.140140000000000098e-01,1.101909999999999973e-01,8.522000000000000408e-02
-1.571819999999999884e-01,2.017000000000000130e-03,4.823430000000000217e-01,-1.665999999999999946e-03,2.324970000000000092e-01,6.106400000000000022e-02,1.034360000000000002e-01,7.839599999999999347e-02,1.000000000000000000e+00,4.765699999999999797e-02,3.071889999999999898e-01,-4.173999999999999932e-02,-1.641509999999999914e-01,-1.914379999999999971e-01,1.835000000000000173e-02,-3.544350000000000001e-01,-1.425680000000000003e-01,-2.206430000000000058e-01,2.539500000000000091e-02,2.822399999999999909e-02,2.069000000000000093e-03,-6.181400000000000089e-02,1.854329999999999867e-01,-3.457779999999999743e-01,2.300530000000000075e-01,8.336499999999999466e-02,4.172139999999999738e-01,-3.450420000000000154e-01,-2.440170000000000117e-01,-4.509639999999999760e-01,-4.375220000000000220e-01,-1.152119999999999950e-01,-3.561600000000000182e-02,-4.111520000000000175e-01,-2.101480000000000015e-01,-2.006570000000000020e-01,-2.480739999999999890e-01,1.594859999999999889e-01,-2.334999999999999836e-03,4.930099999999999760e-02,-1.184029999999999944e-01,-1.089790000000000064e-01,-9.186999999999999333e-02,-1.446590000000000098e-01,-6.213300000000000073e-02,-3.030599999999999961e-02,4.153500000000000247e-02,6.070680000000000520e-01,-1.972129999999999994e-01,1.504749999999999976e-01,1.108729999999999993e-01,2.822399999999999909e-01,2.236710000000000087e-01,8.647629999999999484e-01,4.866100000000000286e-02,1.818950000000000011e-01,-2.150799999999999934e-01,-4.712000000000000216e-02,2.778500000000000067e-02,3.289299999999999863e-02,-3.325330000000000230e-01,-1.663810000000000011e-01,-3.414510000000000045e-01,3.694540000000000046e-01,8.565899999999999903e-02,2.865399999999999892e-02,-2.456600000000000103e-02,1.750899999999999956e-01,-2.049219999999999930e-01,1.731389999999999874e-01,4.425099999999999867e-02,4.964419999999999944e-01,-2.397279999999999966e-01,-1.061160000000000020e-01,-3.555980000000000252e-01,-1.682339999999999947e-01
2.137020000000000031e-01,2.336330000000000073e-01,3.870899999999999896e-01,-3.899819999999999953e-01,1.075779999999999931e-01,2.069700000000000012e-02,7.888299999999999479e-02,4.809289999999999954e-01,4.765699999999999797e-02,1.000000000000000000e+00,2.865420000000000189e-01,7.232929999999999637e-01,1.708520000000000039e-01,-1.895370000000000110e-01,3.430549999999999988e-01,1.133440000000000003e-01,5.782680000000000042e-01,2.889309999999999934e-01,3.048719999999999763e-01,1.582600000000000118e-01,3.904079999999999773e-01,3.758999999999999841e-02,3.433939999999999770e-01,2.512369999999999881e-01,3.040039999999999965e-01,3.346370000000000178e-01,1.801049999999999873e-01,7.851099999999999746e-02,7.893600000000000616e-02,6.806600000000000150e-02,1.189840000000000064e-01,7.235700000000000465e-02,-6.257000000000000062e-02,1.401509999999999978e-01,1.264790000000000081e-01,1.246229999999999977e-01,2.786719999999999753e-01,6.794879999999999809e-01,-6.307000000000000106e-03,-1.296180000000000110e-01,-3.534700000000000342e-02,5.841400000000000065e-02,7.153199999999999836e-02,-4.642199999999999799e-02,9.414500000000000646e-02,1.376459999999999906e-01,-1.602900000000000158e-02,1.792640000000000067e-01,-4.013820000000000165e-01,4.782139999999999724e-01,-2.906999999999999862e-03,4.975470000000000170e-01,4.104110000000000258e-01,2.504520000000000080e-01,8.417219999999999702e-01,1.228790000000000021e-01,6.638140000000000152e-01,4.731400000000000050e-01,2.302780000000000105e-01,2.722330000000000028e-01,2.415920000000000012e-01,5.550370000000000026e-01,5.100270000000000081e-01,3.350540000000000185e-01,6.798600000000000476e-02,3.962749999999999884e-01,1.455799999999999872e-01,1.841099999999999959e-01,2.370259999999999867e-01,3.491679999999999784e-01,2.984490000000000198e-01,8.993800000000000405e-02,-7.221099999999999741e-02,9.538000000000000644e-02,1.825950000000000073e-01,2.209659999999999958e-01
2.851859999999999951e-01,3.941430000000000211e-01,8.137309999999999821e-01,-1.125189999999999940e-01,6.691279999999999450e-01,2.204369999999999941e-01,4.088060000000000027e-01,3.031030000000000113e-01,3.071889999999999898e-01,2.865420000000000189e-01,1.000000000000000000e+00,3.448039999999999994e-01,4.282889999999999753e-01,1.429749999999999910e-01,6.702259999999999884e-01,3.300310000000000188e-01,3.130499999999999949e-01,3.757210000000000272e-01,7.813210000000000433e-01,5.635470000000000201e-01,3.488789999999999947e-01,4.900129999999999764e-01,3.791349999999999998e-01,-7.840700000000000447e-02,2.357899999999999996e-01,2.791279999999999872e-01,5.706780000000000186e-01,4.245979999999999754e-01,1.739239999999999953e-01,4.081400000000000028e-01,2.900360000000000160e-01,-2.093220000000000081e-01,-3.361370000000000191e-01,-2.240899999999999836e-02,2.558509999999999951e-01,2.351360000000000117e-01,2.471679999999999988e-01,2.854479999999999795e-01,-3.002449999999999841e-01,-3.835459999999999980e-01,-4.907700000000000257e-02,-2.009900000000000020e-01,1.979559999999999931e-01,2.371640000000000137e-01,-1.953179999999999916e-01,2.433859999999999912e-01,1.797880000000000034e-01,5.954399999999999693e-01,-6.077699999999999769e-02,7.344479999999999897e-01,6.345199999999999452e-02,3.989210000000000256e-01,4.050839999999999996e-01,5.557079999999999798e-01,2.692269999999999941e-01,7.751860000000000417e-01,2.588079999999999825e-01,4.590330000000000243e-01,3.683109999999999995e-01,6.067700000000000315e-01,2.726620000000000155e-01,2.643440000000000234e-01,3.341199999999999726e-01,8.028359999999999941e-01,4.488889999999999825e-01,3.648069999999999924e-01,5.206469999999999709e-01,3.148960000000000092e-01,-1.185729999999999978e-01,2.333659999999999901e-01,2.498960000000000070e-01,4.201059999999999794e-01,2.524009999999999865e-01,2.910010000000000097e-01,4.163839999999999764e-01,2.206359999999999988e-01
2.443700000000000039e-02,-5.519799999999999707e-02,4.328679999999999750e-01,-6.065089999999999648e-01,2.216399999999999967e-02,-2.053500000000000048e-01,-1.626990000000000103e-01,4.011950000000000238e-01,-4.173999999999999932e-02,7.232929999999999637e-01,3.448039999999999994e-01,1.000000000000000000e+00,8.422499999999999432e-02,-2.796239999999999837e-01,2.891719999999999846e-01,-2.409000000000000030e-02,4.036839999999999873e-01,1.471320000000000128e-01,4.147779999999999800e-01,4.270999999999999797e-02,6.689799999999999913e-02,-2.665199999999999861e-02,1.065470000000000028e-01,1.992069999999999952e-01,-1.198390000000000011e-01,4.321200000000000041e-02,-7.413899999999999657e-02,7.546700000000000630e-02,-2.385160000000000058e-01,1.498619999999999952e-01,2.533300000000000135e-02,3.536399999999999960e-02,-2.298119999999999885e-01,9.876600000000000656e-02,3.072899999999999937e-02,2.443909999999999971e-01,3.180310000000000081e-01,6.668699999999999628e-01,-5.081700000000000106e-02,-2.609690000000000065e-01,-1.149450000000000055e-01,1.613269999999999982e-01,-9.400000000000000369e-03,-1.708000000000000143e-02,7.701199999999999712e-02,-1.286569999999999936e-01,-3.950230000000000130e-01,1.007569999999999993e-01,-3.559339999999999726e-01,5.690359999999999863e-01,-2.759570000000000078e-01,5.981349999999999723e-01,2.833579999999999988e-01,2.628329999999999833e-01,7.240309999999999802e-01,8.926900000000000113e-02,8.226440000000000419e-01,4.629849999999999799e-01,3.131169999999999787e-01,1.987450000000000050e-01,1.773520000000000096e-01,3.007759999999999878e-01,4.173169999999999935e-01,3.997089999999999810e-01,-9.619600000000000373e-02,4.559900000000000064e-02,1.001780000000000032e-01,-1.141100000000000031e-01,1.230819999999999970e-01,-1.312619999999999898e-01,-6.146999999999999686e-02,-1.860620000000000052e-01,-1.489540000000000031e-01,-1.522100000000000120e-01,2.980400000000000271e-01,2.792850000000000055e-01
5.607429999999999914e-01,6.550740000000000451e-01,2.962600000000000233e-01,3.102489999999999970e-01,6.680770000000000319e-01,7.359830000000000538e-01,6.553109999999999769e-01,4.359720000000000262e-01,-1.641509999999999914e-01,1.708520000000000039e-01,4.282889999999999753e-01,8.422499999999999432e-02,1.000000000000000000e+00,5.841650000000000453e-01,6.170020000000000504e-01,6.366469999999999629e-01,5.693289999999999740e-01,7.100649999999999462e-01,4.399100000000000232e-01,6.642160000000000286e-01,6.177340000000000053e-01,6.803879999999999928e-01,5.350160000000000471e-01,3.678130000000000011e-01,3.770680000000000143e-01,5.901739999999999764e-01,5.219169999999999643e-01,8.107130000000000170e-01,7.506739999999999524e-01,6.679220000000000157e-01,6.525990000000000402e-01,-9.514799999999999647e-02,-8.781300000000000217e-02,2.657760000000000122e-01,3.730720000000000147e-01,3.623279999999999834e-01,3.148650000000000060e-01,1.313300000000000058e-02,-2.438009999999999899e-01,-1.699819999999999942e-01,1.662140000000000006e-01,-2.102690000000000115e-01,5.738929999999999865e-01,3.291399999999999881e-01,-1.325099999999999889e-01,4.921639999999999904e-01,5.959659999999999958e-01,2.678479999999999750e-01,1.935260000000000036e-01,3.723580000000000223e-01,5.423599999999999532e-01,-1.337839999999999863e-01,4.471069999999999767e-01,-4.833900000000000002e-02,5.868000000000000299e-02,5.486509999999999998e-01,2.870840000000000058e-01,5.810659999999999714e-01,2.712910000000000044e-01,6.068580000000000085e-01,5.092550000000000132e-01,5.742359999999999687e-01,5.200129999999999475e-01,3.020800000000000152e-01,6.133210000000000051e-01,5.566860000000000142e-01,6.176730000000000276e-01,6.084110000000000351e-01,1.737059999999999993e-01,3.721289999999999876e-01,5.511049999999999560e-01,4.247190000000000132e-01,7.256829999999999670e-01,6.058670000000000444e-01,5.635529999999999706e-01,2.944229999999999903e-01
4.865849999999999898e-01,4.211300000000000043e-01,-4.724400000000000127e-02,5.121930000000000094e-01,4.656540000000000123e-01,5.243879999999999653e-01,4.500279999999999836e-01,2.275419999999999943e-01,-1.914379999999999971e-01,-1.895370000000000110e-01,1.429749999999999910e-01,-2.796239999999999837e-01,5.841650000000000453e-01,1.000000000000000000e+00,3.437990000000000212e-01,4.672580000000000067e-01,2.582369999999999943e-01,4.439770000000000105e-01,1.417239999999999889e-01,4.477800000000000114e-01,4.231909999999999838e-01,5.183119999999999949e-01,2.463730000000000087e-01,2.967589999999999950e-01,2.631870000000000043e-01,3.679200000000000248e-01,2.521579999999999933e-01,5.642530000000000046e-01,5.367490000000000316e-01,4.942819999999999991e-01,4.909040000000000070e-01,1.368000000000000075e-03,-1.350799999999999917e-02,1.729090000000000071e-01,2.210050000000000070e-01,1.787100000000000077e-01,1.427289999999999948e-01,-3.878210000000000268e-01,-1.115899999999999948e-01,2.663599999999999995e-02,2.291739999999999888e-01,-1.443119999999999958e-01,4.558409999999999962e-01,2.451200000000000045e-01,-7.232600000000000140e-02,5.303999999999999826e-01,5.426109999999999545e-01,1.317609999999999892e-01,3.494709999999999761e-01,-2.551799999999999902e-02,4.290039999999999965e-01,-4.459170000000000078e-01,2.349350000000000049e-01,-2.391790000000000027e-01,-3.143659999999999788e-01,4.117179999999999729e-01,-1.150820000000000037e-01,1.671410000000000118e-01,8.009099999999999553e-02,3.962100000000000066e-01,4.111449999999999827e-01,2.537599999999999856e-01,2.290659999999999918e-01,-1.514000000000000068e-02,5.354609999999999648e-01,3.868190000000000239e-01,4.437189999999999745e-01,4.564840000000000009e-01,2.225789999999999991e-01,2.581800000000000206e-01,4.339359999999999884e-01,3.053930000000000256e-01,6.717940000000000023e-01,5.146220000000000239e-01,3.785339999999999816e-01,2.233549999999999980e-01
5.866390000000000216e-01,6.198339999999999961e-01,6.941270000000000495e-01,-1.907999999999999974e-03,7.086540000000000061e-01,5.079350000000000254e-01,5.688900000000000068e-01,4.094539999999999846e-01,1.835000000000000173e-02,3.430549999999999988e-01,6.702259999999999884e-01,2.891719999999999846e-01,6.170020000000000504e-01,3.437990000000000212e-01,1.000000000000000000e+00,5.861889999999999601e-01,4.116250000000000187e-01,5.548210000000000086e-01,7.455140000000000100e-01,8.539440000000000364e-01,5.851899999999999880e-01,8.207349999999999923e-01,4.531789999999999985e-01,1.605719999999999925e-01,4.139010000000000189e-01,4.894189999999999929e-01,6.919980000000000020e-01,6.573809999999999931e-01,4.476849999999999996e-01,6.059259999999999646e-01,5.985770000000000257e-01,-1.808490000000000097e-01,-3.332590000000000274e-01,1.350200000000000011e-02,2.912480000000000069e-01,3.084749999999999992e-01,4.592720000000000136e-01,1.696479999999999932e-01,-3.234449999999999825e-01,-4.214330000000000020e-01,-4.618900000000000089e-02,-1.692450000000000065e-01,4.605380000000000029e-01,2.031080000000000108e-01,-2.445529999999999926e-01,5.107479999999999798e-01,3.830430000000000224e-01,5.425900000000000167e-01,-3.859200000000000130e-02,6.141199999999999992e-01,2.464760000000000006e-01,1.361380000000000090e-01,5.191559999999999508e-01,2.273820000000000008e-01,2.034519999999999940e-01,7.381119999999999903e-01,2.836190000000000100e-01,4.915470000000000117e-01,3.728239999999999887e-01,9.505599999999999605e-01,5.872650000000000370e-01,4.409029999999999894e-01,5.673329999999999762e-01,6.531059999999999643e-01,7.741050000000000431e-01,6.587330000000000130e-01,8.575009999999999577e-01,5.057589999999999586e-01,1.082469999999999960e-01,4.387240000000000029e-01,4.916499999999999759e-01,5.677529999999999522e-01,5.813890000000000446e-01,5.696630000000000305e-01,6.802859999999999463e-01,4.737020000000000119e-01
7.140940000000000065e-01,6.723419999999999952e-01,1.628600000000000048e-01,1.526019999999999877e-01,5.066169999999999840e-01,5.403529999999999722e-01,5.381089999999999485e-01,1.152999999999999997e-01,-3.544350000000000001e-01,1.133440000000000003e-01,3.300310000000000188e-01,-2.409000000000000030e-02,6.366469999999999629e-01,4.672580000000000067e-01,5.861889999999999601e-01,1.000000000000000000e+00,4.758549999999999724e-01,7.685849999999999627e-01,4.679860000000000131e-01,7.108020000000000449e-01,4.677200000000000246e-01,7.589339999999999975e-01,2.020109999999999961e-01,3.239420000000000077e-01,4.489819999999999922e-01,4.757359999999999922e-01,4.639119999999999910e-01,7.104540000000000299e-01,7.118330000000000490e-01,7.076480000000000548e-01,7.879720000000000057e-01,-5.435199999999999754e-02,-4.263200000000000323e-02,3.380009999999999959e-01,3.514039999999999941e-01,3.219040000000000235e-01,3.160529999999999728e-01,-1.186070000000000041e-01,-1.745549999999999879e-01,-1.351239999999999941e-01,2.948270000000000057e-01,-8.558000000000000329e-02,4.015929999999999778e-01,3.127190000000000247e-01,-1.157849999999999990e-01,6.288359999999999506e-01,5.845550000000000468e-01,1.249289999999999984e-01,5.113399999999999890e-02,3.108790000000000164e-01,3.421420000000000017e-01,-1.280090000000000117e-01,1.457890000000000019e-01,-1.745960000000000012e-01,3.239199999999999718e-02,4.755759999999999987e-01,1.002920000000000061e-01,4.132449999999999735e-01,2.777180000000000204e-01,6.003389999999999560e-01,7.910350000000000437e-01,5.746010000000000284e-01,6.362029999999999630e-01,2.657840000000000202e-01,6.756929999999999881e-01,4.585089999999999999e-01,7.064899999999999514e-01,3.717420000000000169e-01,2.378550000000000109e-01,4.448440000000000172e-01,4.951249999999999818e-01,3.627799999999999914e-01,6.741329999999999822e-01,7.382459999999999578e-01,7.021319999999999784e-01,5.636390000000000011e-01
5.412369999999999681e-01,6.005599999999999827e-01,2.378709999999999991e-01,-1.988489999999999980e-01,1.505400000000000071e-01,4.452960000000000251e-01,1.723530000000000062e-01,5.449749999999999872e-01,-1.425680000000000003e-01,5.782680000000000042e-01,3.130499999999999949e-01,4.036839999999999873e-01,5.693289999999999740e-01,2.582369999999999943e-01,4.116250000000000187e-01,4.758549999999999724e-01,1.000000000000000000e+00,7.624889999999999723e-01,4.277130000000000098e-01,2.910969999999999946e-01,5.855320000000000524e-01,3.206720000000000126e-01,4.897489999999999899e-01,5.572080000000000366e-01,5.455969999999999986e-01,7.232229999999999492e-01,2.068720000000000003e-01,3.385830000000000228e-01,5.262440000000000451e-01,3.499430000000000041e-01,3.258300000000000085e-01,3.168340000000000045e-01,1.964589999999999947e-01,4.275070000000000259e-01,2.201839999999999908e-01,1.983640000000000125e-01,2.103069999999999939e-01,2.025889999999999913e-01,1.778520000000000101e-01,1.499820000000000042e-01,4.345859999999999723e-01,1.385200000000000042e-01,3.146109999999999740e-01,1.951769999999999894e-01,1.340290000000000092e-01,5.146060000000000079e-01,4.459449999999999803e-01,8.909799999999999665e-02,-2.844130000000000269e-01,4.217069999999999985e-01,3.905049999999999910e-01,2.951960000000000139e-01,4.962550000000000017e-01,8.583999999999999617e-03,5.848750000000000338e-01,2.253699999999999870e-01,5.676430000000000087e-01,6.637600000000000167e-01,4.823290000000000077e-01,4.077500000000000013e-01,5.286119999999999708e-01,8.285540000000000127e-01,6.179780000000000273e-01,3.537549999999999861e-01,2.855920000000000125e-01,5.065790000000000015e-01,3.817550000000000110e-01,4.441899999999999737e-01,5.088070000000000093e-01,5.147819999999999618e-01,6.962960000000000260e-01,1.040230000000000044e-01,2.512309999999999821e-01,4.519940000000000069e-01,4.195229999999999793e-01,4.155110000000000192e-01
7.292950000000000266e-01,7.910120000000000484e-01,2.441969999999999974e-01,8.087999999999999703e-03,4.059070000000000178e-01,6.024840000000000195e-01,4.429069999999999951e-01,4.145119999999999916e-01,-2.206430000000000058e-01,2.889309999999999934e-01,3.757210000000000272e-01,1.471320000000000128e-01,7.100649999999999462e-01,4.439770000000000105e-01,5.548210000000000086e-01,7.685849999999999627e-01,7.624889999999999723e-01,1.000000000000000000e+00,5.222830000000000528e-01,5.551800000000000068e-01,5.976989999999999803e-01,6.172999999999999599e-01,4.379239999999999799e-01,4.856519999999999726e-01,6.415720000000000312e-01,7.313770000000000548e-01,4.430270000000000041e-01,5.601749999999999785e-01,6.929469999999999796e-01,5.101919999999999789e-01,5.001860000000000195e-01,1.758319999999999883e-01,1.392069999999999974e-01,4.319089999999999874e-01,3.421600000000000197e-01,1.490200000000000136e-01,2.173039999999999972e-01,-6.753699999999999981e-02,3.660200000000000259e-02,6.567599999999999827e-02,4.828419999999999934e-01,6.487900000000000611e-02,3.930870000000000197e-01,2.731640000000000179e-01,-2.526899999999999979e-02,6.658250000000000002e-01,6.208380000000000010e-01,1.629319999999999935e-01,-1.263380000000000059e-01,3.950170000000000070e-01,4.623760000000000092e-01,7.712499999999999911e-02,4.340129999999999821e-01,-5.471000000000000169e-02,2.274249999999999883e-01,3.916080000000000116e-01,2.925940000000000207e-01,6.394579999999999709e-01,4.193319999999999825e-01,5.626630000000000242e-01,7.159149999999999681e-01,7.372729999999999562e-01,7.036609999999999809e-01,3.719669999999999921e-01,5.665170000000000483e-01,5.489180000000000170e-01,6.207179999999999920e-01,4.983259999999999912e-01,3.945029999999999926e-01,5.945869999999999767e-01,7.182929999999999593e-01,3.148290000000000255e-01,5.507389999999999786e-01,6.972169999999999757e-01,6.203589999999999938e-01,5.561249999999999805e-01
4.260010000000000185e-01,4.771050000000000013e-01,7.190480000000000205e-01,-3.005169999999999786e-01,4.984549999999999814e-01,2.777029999999999776e-01,2.809960000000000235e-01,3.252360000000000251e-01,2.539500000000000091e-02,3.048719999999999763e-01,7.813210000000000433e-01,4.147779999999999800e-01,4.399100000000000232e-01,1.417239999999999889e-01,7.455140000000000100e-01,4.679860000000000131e-01,4.277130000000000098e-01,5.222830000000000528e-01,1.000000000000000000e+00,5.780469999999999775e-01,3.336140000000000216e-01,5.679800000000000404e-01,2.829430000000000001e-01,1.172330000000000039e-01,2.865460000000000229e-01,3.454369999999999941e-01,4.747580000000000133e-01,4.669050000000000145e-01,2.489369999999999916e-01,4.868480000000000030e-01,3.593950000000000200e-01,5.599999999999999916e-05,-2.589940000000000020e-01,4.514100000000000057e-02,2.270959999999999923e-01,2.047400000000000053e-01,3.930330000000000212e-01,1.951229999999999909e-01,-1.197669999999999985e-01,-3.298909999999999898e-01,8.034299999999999775e-02,2.008199999999999916e-02,1.936100000000000043e-01,2.363830000000000098e-01,-1.977829999999999866e-01,3.601079999999999837e-01,1.826710000000000000e-01,4.394689999999999985e-01,-1.688060000000000116e-01,7.260830000000000339e-01,6.455099999999999727e-02,3.803289999999999726e-01,3.772260000000000058e-01,2.933529999999999749e-01,2.907089999999999952e-01,6.400949999999999696e-01,3.611010000000000053e-01,5.031970000000000054e-01,5.056559999999999944e-01,7.190339999999999510e-01,5.106720000000000148e-01,3.844190000000000107e-01,4.883379999999999943e-01,8.672480000000000189e-01,4.879169999999999896e-01,4.254339999999999788e-01,6.695020000000000415e-01,2.707260000000000222e-01,9.417799999999999783e-02,2.737180000000000168e-01,3.180810000000000026e-01,2.902540000000000120e-01,2.998649999999999927e-01,4.090719999999999912e-01,6.382269999999999888e-01,5.121440000000000436e-01
5.918639999999999457e-01,6.401540000000000008e-01,6.044880000000000253e-01,2.814119999999999955e-01,8.585439999999999738e-01,5.998369999999999536e-01,7.806110000000000548e-01,2.532179999999999986e-01,2.822399999999999909e-02,1.582600000000000118e-01,5.635470000000000201e-01,4.270999999999999797e-02,6.642160000000000286e-01,4.477800000000000114e-01,8.539440000000000364e-01,7.108020000000000449e-01,2.910969999999999946e-01,5.551800000000000068e-01,5.780469999999999775e-01,1.000000000000000000e+00,5.202660000000000062e-01,9.471279999999999699e-01,3.771329999999999960e-01,8.094099999999999906e-02,4.104430000000000023e-01,4.303960000000000008e-01,7.998709999999999987e-01,7.733200000000000074e-01,5.637199999999999989e-01,6.561040000000000205e-01,7.053150000000000253e-01,-4.220180000000000042e-01,-4.144470000000000098e-01,-3.595299999999999885e-02,3.271259999999999724e-01,2.111069999999999891e-01,3.324219999999999953e-01,3.654500000000000109e-02,-5.239110000000000156e-01,-4.837460000000000093e-01,-9.928199999999999525e-02,-3.223619999999999819e-01,4.094809999999999839e-01,1.801190000000000013e-01,-3.187269999999999825e-01,5.213619999999999921e-01,5.471770000000000245e-01,6.286730000000000373e-01,1.343080000000000107e-01,4.457900000000000196e-01,3.630109999999999726e-01,-1.403179999999999983e-01,3.734529999999999794e-01,1.791870000000000129e-01,-3.537699999999999873e-02,7.691130000000000466e-01,5.806000000000000050e-02,3.592920000000000003e-01,1.347629999999999939e-01,8.647639999999999771e-01,6.348669999999999591e-01,4.007999999999999896e-01,5.040459999999999940e-01,5.117410000000000014e-01,9.385059999999999514e-01,6.018890000000000073e-01,9.061489999999999823e-01,5.520950000000000024e-01,-1.455700000000000049e-02,4.634130000000000194e-01,4.614710000000000201e-01,7.319740000000000135e-01,7.854959999999999720e-01,6.717309999999999670e-01,6.592230000000000034e-01,4.227870000000000239e-01
