1.000000000000000000e+00,3.028730000000000033e-01,2.270810000000000051e-01,-2.390190000000000092e-01,-2.136199999999999904e-02,-3.939420000000000144e-01,-5.774599999999999872e-02,-2.392070000000000030e-01,1.931229999999999891e-01,1.255560000000000009e-01,2.965900000000000133e-02,2.817669999999999897e-01,1.519409999999999927e-01,-3.481819999999999915e-01,1.185110000000000052e-01,2.600600000000000134e-01,1.452519999999999922e-01,3.145379999999999843e-01,3.621269999999999767e-01,1.947500000000000064e-01,7.140699999999999825e-02,2.702019999999999977e-01,-3.389719999999999955e-01,5.543029999999999902e-01,4.445049999999999835e-01,3.084799999999999764e-01,-1.885999999999999829e-02,1.102000000000000063e-01,-3.531020000000000270e-01,2.179999999999999993e-01,-1.177549999999999986e-01,-7.226399999999999491e-02,1.374350000000000016e-01,-4.111499999999999877e-02,1.923599999999999963e-02,-3.349800000000000000e-01,4.263649999999999940e-01,-1.719199999999999895e-02,-2.556620000000000004e-01,1.182409999999999989e-01,4.307119999999999838e-01,3.650680000000000036e-01,-7.300000000000000065e-03,4.046669999999999989e-01,2.486289999999999889e-01,8.894929999999999781e-01,2.630719999999999725e-01,2.774199999999999999e-01,-5.280100000000000071e-02,1.767410000000000092e-01,4.080309999999999770e-01,3.627400000000000069e-01,-3.956459999999999977e-01,1.480960000000000054e-01,3.837499999999999800e-01,3.167400000000000077e-02,3.491369999999999751e-01,-1.659000000000000101e-03,1.659950000000000037e-01,2.313749999999999973e-01,2.490410000000000124e-01,3.597810000000000175e-01,4.597609999999999753e-01,1.330689999999999928e-01,5.804000000000000270e-01,8.722999999999999851e-03,4.697479999999999989e-01,-3.847289999999999877e-01,4.575389999999999735e-01,5.191029999999999811e-01,4.880880000000000218e-01,4.300080000000000013e-01,6.576880000000000503e-01,7.265350000000000419e-01,6.120820000000000149e-01,3.964329999999999798e-01
3.028730000000000033e-01,1.000000000000000000e+00,-8.141299999999999926e-02,3.269449999999999856e-01,3.284299999999999997e-01,6.280600000000000072e-02,6.378500000000000281e-01,-4.918399999999999855e-02,-4.063200000000000145e-02,7.989929999999999533e-01,-2.100799999999999890e-01,7.107499999999999929e-01,5.657010000000000094e-01,1.695530000000000093e-01,-5.028999999999999616e-03,3.447379999999999889e-01,7.500670000000000393e-01,5.602780000000000538e-01,3.537230000000000096e-01,4.680279999999999996e-01,-2.215969999999999884e-01,6.570679999999999854e-01,-1.722380000000000022e-01,6.359669999999999490e-01,8.663629999999999942e-01,8.092120000000000424e-01,3.138099999999999917e-02,3.392950000000000133e-01,-8.705200000000000438e-02,2.355760000000000076e-01,8.697000000000000564e-02,1.899349999999999927e-01,9.152399999999999425e-02,-4.836100000000000121e-02,-1.241840000000000027e-01,3.633800000000000224e-02,2.618010000000000059e-01,4.308460000000000067e-01,2.694399999999999920e-02,3.036550000000000082e-01,1.783609999999999918e-01,2.052420000000000078e-01,-1.540320000000000022e-01,4.042229999999999990e-01,-4.163399999999999740e-02,4.443750000000000200e-01,8.076759999999999495e-01,1.717849999999999933e-01,-1.604059999999999930e-01,-2.662120000000000042e-01,1.488619999999999943e-01,-5.469899999999999762e-02,-1.581230000000000135e-01,-1.616300000000000028e-02,6.878330000000000277e-01,-6.892099999999999616e-02,7.098560000000000425e-01,-1.160589999999999955e-01,4.984100000000000336e-02,3.293889999999999874e-01,3.674979999999999913e-01,6.839669999999999916e-01,4.909000000000000030e-01,2.072410000000000085e-01,4.606669999999999932e-01,-2.474190000000000000e-01,5.141400000000000414e-01,2.992999999999999827e-02,5.004100000000000215e-01,3.957399999999999807e-01,6.802580000000000293e-01,2.327859999999999929e-01,2.715239999999999876e-01,1.891359999999999986e-01,4.656580000000000163e-01,4.206050000000000066e-01
2.270810000000000051e-01,-8.141299999999999926e-02,1.000000000000000000e+00,-2.921690000000000120e-01,3.101119999999999988e-01,1.678489999999999982e-01,-3.033170000000000033e-01,7.359999999999999876e-02,7.204589999999999606e-01,-2.655839999999999868e-01,7.268559999999999466e-01,-8.898799999999999766e-02,-1.251470000000000082e-01,-2.445060000000000011e-01,3.315850000000000186e-01,-2.319670000000000065e-01,-2.183190000000000131e-01,-4.320100000000000329e-02,5.517870000000000275e-01,-1.102500000000000008e-02,7.467300000000000326e-02,-1.557880000000000098e-01,2.638719999999999954e-01,-5.567899999999999933e-02,-1.639999999999999965e-03,-1.004189999999999944e-01,3.808730000000000171e-01,-1.374200000000000074e-02,1.137999999999999906e-03,2.342199999999999838e-02,-2.162129999999999885e-01,-2.913220000000000254e-01,-1.339899999999999945e-02,1.858999999999999975e-03,-8.758699999999999819e-02,-1.859319999999999862e-01,2.693409999999999971e-01,-1.528370000000000006e-01,-3.095649999999999791e-01,-5.667900000000000021e-02,-4.367599999999999955e-02,-1.333540000000000003e-01,4.082999999999999824e-03,-1.669720000000000093e-01,1.915400000000000089e-02,7.306899999999999507e-02,2.559000000000000077e-03,8.020260000000000167e-01,6.599199999999999511e-02,6.077080000000000259e-01,2.442429999999999879e-01,3.348559999999999870e-01,-4.837400000000000033e-02,8.123559999999999670e-01,-1.274669999999999970e-01,6.996280000000000276e-01,-6.978800000000000281e-02,1.627750000000000030e-01,3.661619999999999875e-01,4.573720000000000008e-01,5.790300000000000308e-02,-1.197150000000000020e-01,1.155800000000000056e-02,6.302250000000000352e-01,3.658759999999999790e-01,6.858300000000000507e-02,2.936320000000000041e-01,2.062809999999999921e-01,-1.083400000000000057e-01,1.947109999999999952e-01,-1.908299999999999927e-02,4.874640000000000084e-01,2.017980000000000051e-01,3.128219999999999890e-01,-3.252599999999999936e-02,-1.530199999999999894e-01
-2.390190000000000092e-01,3.269449999999999856e-01,-2.921690000000000120e-01,1.000000000000000000e+00,2.955139999999999989e-01,7.292600000000000471e-02,5.303020000000000511e-01,4.207600000000000229e-02,-3.014510000000000245e-01,5.680530000000000301e-01,-3.658390000000000253e-01,4.323969999999999758e-01,3.132539999999999769e-01,6.185399999999999787e-01,1.687500000000000111e-02,-2.603300000000000058e-02,3.064839999999999787e-01,5.493699999999999972e-02,-2.624800000000000050e-02,2.861230000000000162e-01,-1.229979999999999962e-01,3.691999999999999726e-01,1.707099999999999937e-02,1.729950000000000099e-01,2.313830000000000053e-01,2.207199999999999995e-01,1.001419999999999949e-01,4.628700000000000175e-02,1.250330000000000052e-01,1.584800000000000098e-02,2.875770000000000270e-01,2.459169999999999967e-01,-4.558000000000000246e-02,6.933400000000000674e-02,6.005599999999999827e-02,2.899959999999999760e-01,-1.031600000000000052e-02,3.747340000000000115e-01,2.041810000000000014e-01,9.292999999999999872e-02,-8.388700000000000323e-02,-7.870399999999999618e-02,-1.589969999999999994e-01,2.441379999999999939e-01,-1.565120000000000122e-01,-6.315900000000000680e-02,2.422330000000000039e-01,-2.397179999999999866e-01,3.133040000000000269e-01,-2.193599999999999994e-01,-2.316570000000000018e-01,-1.986199999999999910e-01,1.134320000000000050e-01,-2.416349999999999887e-01,3.622960000000000069e-01,-2.724099999999999855e-01,4.142399999999999971e-01,-2.302059999999999940e-01,-8.115899999999999503e-02,-2.327399999999999955e-02,4.242300000000000237e-02,2.099630000000000107e-01,-3.603800000000000059e-02,-1.194500000000000006e-01,-3.778900000000000314e-02,-7.027999999999999525e-02,3.654000000000000303e-02,7.612900000000000222e-02,1.540860000000000007e-01,-1.749590000000000034e-01,1.198710000000000053e-01,-1.853849999999999942e-01,-1.760120000000000018e-01,-2.904450000000000087e-01,3.528499999999999692e-02,1.491270000000000095e-01
-2.136199999999999904e-02,3.284299999999999997e-01,3.101119999999999988e-01,2.955139999999999989e-01,1.000000000000000000e+00,2.253179999999999905e-01,6.059059999999999446e-01,3.458780000000000188e-01,3.258289999999999798e-01,4.456180000000000141e-01,4.161880000000000024e-01,2.173390000000000044e-01,3.372890000000000055e-01,5.014309999999999601e-01,4.960729999999999862e-01,-9.231399999999999328e-02,1.678070000000000117e-01,-5.312900000000000261e-02,5.297399999999999887e-01,5.712629999999999653e-01,2.450509999999999911e-01,5.230280000000000484e-01,2.261289999999999967e-01,7.581799999999999651e-02,2.690509999999999846e-01,1.949390000000000012e-01,4.278959999999999986e-01,7.411600000000000132e-02,3.892820000000000169e-01,2.644349999999999756e-01,3.242820000000000147e-01,2.708180000000000032e-01,3.377000000000000141e-02,2.606649999999999801e-01,-2.375599999999999934e-02,1.490720000000000101e-01,2.996650000000000147e-01,5.163699999999999957e-01,1.597230000000000039e-01,-1.680810000000000082e-01,-4.148879999999999790e-01,-3.880790000000000073e-01,-3.615079999999999960e-01,-1.687970000000000026e-01,-6.150400000000000311e-02,4.383000000000000090e-02,2.911070000000000046e-01,5.107319999999999638e-01,4.422999999999999848e-02,3.208730000000000193e-01,-2.748439999999999772e-01,-9.599100000000000688e-02,3.207650000000000223e-01,4.234649999999999803e-01,3.284210000000000185e-01,5.306680000000000286e-01,2.719329999999999803e-01,-2.148420000000000052e-01,1.085150000000000003e-01,4.183709999999999929e-01,-3.695199999999999874e-02,1.223709999999999937e-01,-4.397999999999999826e-02,4.577919999999999767e-01,7.741299999999999570e-02,2.428079999999999961e-01,1.510990000000000111e-01,2.791109999999999980e-01,-6.450200000000000378e-02,1.422930000000000028e-01,1.705450000000000021e-01,-1.351199999999999901e-01,-2.449689999999999923e-01,-1.620709999999999928e-01,-9.912600000000000577e-02,-1.813299999999999912e-01
-3.939420000000000144e-01,6.280600000000000072e-02,1.678489999999999982e-01,7.292600000000000471e-02,2.253179999999999905e-01,1.000000000000000000e+00,1.762819999999999943e-01,5.486410000000000453e-01,2.453760000000000108e-01,-4.252600000000000130e-02,2.553590000000000027e-01,-1.028980000000000034e-01,3.135220000000000229e-01,2.381139999999999923e-01,3.307050000000000267e-01,3.911000000000000414e-03,1.159580000000000055e-01,-1.359999999999999989e-04,1.239399999999999946e-01,9.400100000000000122e-02,2.806529999999999858e-01,-2.148900000000000116e-02,7.247019999999999573e-01,-1.476409999999999945e-01,-5.583300000000000068e-02,7.779800000000000604e-02,4.561470000000000247e-01,2.059060000000000057e-01,5.647609999999999575e-01,9.131799999999999640e-02,6.005900000000000127e-02,1.246040000000000064e-01,7.636400000000000132e-02,5.475200000000000206e-02,-2.539170000000000038e-01,2.589489999999999847e-01,2.444699999999999998e-02,2.922999999999999817e-03,2.041540000000000021e-01,1.443039999999999878e-01,-1.780940000000000023e-01,-2.564489999999999825e-01,2.389860000000000040e-01,-1.229029999999999984e-01,5.535700000000000343e-02,-4.106020000000000225e-01,6.926100000000000312e-02,1.806049999999999878e-01,-3.341600000000000126e-02,1.222739999999999938e-01,1.517290000000000028e-01,-1.488160000000000038e-01,5.040639999999999565e-01,3.022670000000000079e-01,-2.179439999999999988e-01,2.474119999999999930e-01,-1.750649999999999984e-01,3.146490000000000120e-01,-3.052500000000000005e-02,3.154689999999999994e-01,1.027999999999999921e-02,-9.955799999999999372e-02,-9.882699999999999818e-02,1.712309999999999943e-01,-1.553970000000000073e-01,2.818570000000000242e-01,5.074000000000000385e-03,6.765919999999999712e-01,-1.875749999999999917e-01,-1.631620000000000015e-01,-8.817200000000000037e-02,7.466000000000000414e-03,-1.995959999999999956e-01,-2.342940000000000023e-01,-3.004450000000000176e-01,-2.046109999999999873e-01
-5.774599999999999872e-02,6.378500000000000281e-01,-3.033170000000000033e-01,5.303020000000000511e-01,6.059059999999999446e-01,1.762819999999999943e-01,1.000000000000000000e+00,1.672829999999999873e-01,-1.497999999999999887e-01,7.427219999999999933e-01,-1.741800000000000015e-01,4.106980000000000075e-01,6.230229999999999935e-01,5.618100000000000316e-01,2.032660000000000022e-01,3.245089999999999919e-01,6.351909999999999501e-01,2.473460000000000103e-01,2.627240000000000131e-01,6.313530000000000530e-01,1.144929999999999976e-01,7.476969999999999450e-01,3.750799999999999967e-02,3.138870000000000271e-01,4.734599999999999920e-01,4.509259999999999935e-01,2.233300000000000007e-01,3.726050000000000195e-01,3.326910000000000145e-01,3.477299999999999836e-01,4.812449999999999783e-01,4.749030000000000196e-01,1.350280000000000091e-01,2.707339999999999747e-01,-5.922800000000000287e-02,3.451790000000000136e-01,2.180350000000000066e-01,6.012950000000000239e-01,3.614970000000000128e-01,1.327440000000000009e-01,-1.437779999999999891e-01,-1.128080000000000055e-01,-2.126200000000000034e-01,1.487320000000000031e-01,-6.107800000000000035e-02,1.209419999999999940e-01,4.769140000000000046e-01,5.747599999999999931e-02,-2.579599999999999949e-02,-1.909760000000000069e-01,-2.017170000000000074e-01,-1.749229999999999952e-01,2.399409999999999876e-01,-1.171029999999999988e-01,5.568769999999999554e-01,-7.020000000000000415e-04,4.238560000000000105e-01,-1.611849999999999949e-01,-3.634000000000000077e-03,1.918479999999999908e-01,1.609250000000000125e-01,4.594489999999999963e-01,1.810599999999999987e-01,1.435670000000000002e-01,5.212999999999999752e-03,1.165690000000000059e-01,1.559899999999999898e-01,2.118289999999999895e-01,2.144850000000000090e-01,1.106779999999999986e-01,3.480949999999999878e-01,-2.236549999999999927e-01,-1.051539999999999975e-01,-2.009279999999999955e-01,1.279980000000000007e-01,1.859649999999999914e-01
-2.392070000000000030e-01,-4.918399999999999855e-02,7.359999999999999876e-02,4.207600000000000229e-02,3.458780000000000188e-01,5.486410000000000453e-01,1.672829999999999873e-01,1.000000000000000000e+00,1.273700000000000110e-01,-3.044900000000000037e-02,2.505149999999999877e-01,-1.460569999999999924e-01,2.426389999999999936e-01,2.164280000000000093e-01,3.018939999999999957e-01,-1.970520000000000049e-01,-8.147500000000000575e-02,-2.564069999999999960e-01,-3.417599999999999805e-02,2.710999999999999868e-02,4.975470000000000170e-01,2.441400000000000167e-02,7.530430000000000179e-01,-1.136879999999999974e-01,-1.434179999999999899e-01,-6.759099999999999830e-02,1.555880000000000041e-01,1.180709999999999954e-01,3.459769999999999790e-01,1.203160000000000063e-01,2.229039999999999910e-01,2.922379999999999978e-01,1.436270000000000047e-01,2.537710000000000243e-01,-9.381299999999999362e-02,3.604729999999999879e-01,2.707709999999999839e-01,1.890630000000000088e-01,3.191289999999999960e-01,-1.660179999999999989e-01,-4.254249999999999976e-01,-2.222800000000000054e-01,9.648700000000000332e-02,-2.338560000000000083e-01,8.263399999999999912e-02,-2.691239999999999744e-01,-1.075640000000000068e-01,8.036400000000000488e-02,1.674549999999999927e-01,2.564779999999999838e-01,-8.519400000000000583e-02,-4.259000000000000286e-02,7.969500000000000473e-01,1.735230000000000106e-01,-1.856999999999999970e-02,3.715030000000000276e-01,-9.365800000000000514e-02,2.261319999999999997e-01,3.651399999999999785e-02,-2.097399999999999959e-02,-3.370960000000000067e-01,-3.991100000000000203e-02,-2.965769999999999795e-01,-2.321700000000000153e-02,-4.026989999999999736e-01,4.703410000000000091e-01,-2.844490000000000074e-01,5.065049999999999830e-01,-1.699749999999999872e-01,-1.140580000000000066e-01,-7.924200000000000688e-02,-3.471620000000000261e-01,-2.364660000000000095e-01,-3.427780000000000271e-01,-2.788490000000000135e-01,-4.080219999999999958e-01
1.931229999999999891e-01,-4.063200000000000145e-02,7.204589999999999606e-01,-3.014510000000000245e-01,3.258289999999999798e-01,2.453760000000000108e-01,-1.497999999999999887e-01,1.273700000000000110e-01,1.000000000000000000e+00,-2.761009999999999853e-01,7.188879999999999715e-01,-1.656440000000000135e-01,-1.335979999999999945e-01,-1.072020000000000056e-01,2.198209999999999886e-01,-7.565299999999999803e-02,-2.217850000000000099e-01,-1.450710000000000055e-01,4.991959999999999731e-01,-6.164000000000000035e-02,1.342599999999999905e-01,-1.524339999999999862e-01,2.169040000000000135e-01,-7.150900000000000312e-02,-3.637499999999999761e-02,-1.010640000000000011e-01,3.457350000000000145e-01,-1.390059999999999907e-01,-7.604600000000000248e-02,-6.998000000000000054e-02,-2.375599999999999934e-01,-2.356610000000000094e-01,1.444870000000000043e-01,-7.689999999999999614e-02,-9.535599999999999632e-02,-1.441780000000000006e-01,2.059600000000000042e-01,-2.238829999999999987e-01,-1.833609999999999962e-01,-3.497299999999999714e-02,1.467599999999999981e-02,-4.932899999999999785e-02,3.270900000000000196e-02,-1.260640000000000094e-01,6.984799999999999343e-02,5.586100000000000093e-02,-3.160199999999999815e-02,6.589899999999999647e-01,2.776500000000000148e-02,5.076779999999999626e-01,2.499180000000000013e-01,2.245169999999999944e-01,1.250300000000000022e-02,8.681140000000000523e-01,-1.875449999999999895e-01,6.606689999999999507e-01,-1.389249999999999929e-01,8.668900000000000217e-02,1.438949999999999951e-01,2.900389999999999913e-01,-1.018929999999999975e-01,-1.316509999999999903e-01,-1.130560000000000037e-01,3.965110000000000023e-01,1.488029999999999908e-01,7.578400000000000414e-02,1.087489999999999984e-01,1.160429999999999934e-01,-1.158870000000000039e-01,8.620600000000000485e-02,-1.140469999999999956e-01,3.534760000000000124e-01,1.109450000000000019e-01,1.753949999999999954e-01,-1.349920000000000009e-01,-1.942290000000000127e-01
1.255560000000000009e-01,7.989929999999999533e-01,-2.655839999999999868e-01,5.680530000000000301e-01,4.456180000000000141e-01,-4.252600000000000130e-02,7.427219999999999933e-01,-3.044900000000000037e-02,-2.761009999999999853e-01,1.000000000000000000e+00,-4.139740000000000086e-01,8.238659999999999872e-01,5.650239999999999707e-01,3.772429999999999950e-01,-2.600600000000000134e-02,1.583630000000000038e-01,6.796929999999999916e-01,4.097359999999999891e-01,2.664529999999999954e-01,5.103860000000000063e-01,-2.596640000000000059e-01,6.906649999999999734e-01,-1.521909999999999930e-01,5.988729999999999887e-01,7.799209999999999754e-01,6.694020000000000525e-01,-1.824399999999999980e-02,2.236070000000000002e-01,1.525199999999999993e-02,2.218529999999999947e-01,3.268090000000000162e-01,3.278829999999999800e-01,-4.740400000000000169e-02,8.416999999999999135e-03,-3.838300000000000045e-02,7.753100000000000269e-02,1.145830000000000043e-01,6.130160000000000053e-01,1.104419999999999985e-01,1.640389999999999904e-01,-3.660900000000000265e-02,5.589800000000000324e-02,-3.025019999999999931e-01,3.870029999999999859e-01,-1.394390000000000074e-01,3.391219999999999790e-01,7.364650000000000363e-01,1.884200000000000111e-02,1.754899999999999863e-02,-3.311200000000000254e-01,-9.750000000000000333e-02,-2.412739999999999885e-01,-7.567599999999999327e-02,-2.143369999999999997e-01,8.292199999999999571e-01,-2.267689999999999984e-01,8.412159999999999638e-01,-2.179079999999999906e-01,7.687800000000000189e-02,1.728899999999999881e-01,3.129890000000000172e-01,6.878349999999999742e-01,4.221210000000000240e-01,8.341099999999999903e-02,3.165689999999999893e-01,-2.242790000000000061e-01,3.656039999999999845e-01,7.199099999999999944e-02,4.581310000000000104e-01,3.302269999999999928e-01,6.371980000000000421e-01,-4.232400000000000051e-02,3.187500000000000056e-02,1.625400000000000109e-02,3.215419999999999945e-01,3.748150000000000093e-01
2.965900000000000133e-02,-2.100799999999999890e-01,7.268559999999999466e-01,-3.658390000000000253e-01,4.161880000000000024e-01,2.553590000000000027e-01,-1.741800000000000015e-01,2.505149999999999877e-01,7.188879999999999715e-01,-4.139740000000000086e-01,1.000000000000000000e+00,-3.637850000000000250e-01,-1.602190000000000003e-01,-1.145069999999999977e-01,3.658959999999999990e-01,-2.044340000000000046e-01,-2.996770000000000267e-01,-2.426850000000000118e-01,3.843949999999999867e-01,9.065999999999999406e-03,2.513270000000000226e-01,-1.141559999999999936e-01,3.084620000000000140e-01,-2.764429999999999943e-01,-2.574310000000000209e-01,-2.452229999999999965e-01,3.369369999999999865e-01,-1.073979999999999935e-01,1.413989999999999969e-01,-8.120399999999999840e-02,-2.006749999999999923e-01,-2.018179999999999974e-01,5.161299999999999916e-02,7.166599999999999360e-02,-9.343400000000000316e-02,-1.093449999999999978e-01,2.061759999999999982e-01,-1.778109999999999968e-01,-1.311519999999999908e-01,-1.783420000000000005e-01,-1.633880000000000055e-01,-2.539109999999999978e-01,-2.518999999999999972e-03,-3.287370000000000014e-01,1.010640000000000011e-01,-1.189240000000000019e-01,-2.039539999999999964e-01,6.847800000000000553e-01,-9.738199999999999634e-02,5.899860000000000104e-01,1.379569999999999963e-01,1.726729999999999932e-01,1.773470000000000046e-01,7.728749999999999787e-01,-3.755510000000000237e-01,8.569909999999999473e-01,-3.532509999999999817e-01,7.577100000000000501e-02,1.077560000000000046e-01,3.073339999999999961e-01,-1.821299999999999863e-01,-3.719169999999999976e-01,-2.453039999999999943e-01,4.967900000000000094e-01,-8.174999999999999975e-03,2.143259999999999887e-01,6.484000000000000180e-03,1.906410000000000049e-01,-2.835679999999999867e-01,1.034500000000000003e-02,-2.582670000000000243e-01,1.504699999999999926e-01,-9.896199999999999442e-02,5.766700000000000298e-02,-1.953940000000000121e-01,-3.401930000000000232e-01
2.817669999999999897e-01,7.107499999999999929e-01,-8.898799999999999766e-02,4.323969999999999758e-01,2.173390000000000044e-01,-1.028980000000000034e-01,4.106980000000000075e-01,-1.460569999999999924e-01,-1.656440000000000135e-01,8.238659999999999872e-01,-3.637850000000000250e-01,1.000000000000000000e+00,3.546340000000000048e-01,7.734800000000000009e-02,-2.773410000000000042e-01,1.727400000000000116e-02,5.597259999999999458e-01,4.916420000000000234e-01,2.140620000000000023e-01,1.844750000000000001e-01,-5.333059999999999468e-01,3.808199999999999918e-01,-2.120509999999999895e-01,7.862700000000000244e-01,8.094609999999999861e-01,7.372589999999999977e-01,-1.958550000000000013e-01,5.728500000000000258e-02,-3.232650000000000245e-01,-1.817900000000000071e-02,-7.987299999999999955e-02,1.490400000000000058e-02,-1.573630000000000029e-01,-3.184440000000000048e-01,-9.037599999999999800e-02,-1.310469999999999968e-01,8.994299999999999518e-02,3.073899999999999966e-01,-2.263439999999999896e-01,2.882540000000000102e-01,2.498710000000000098e-01,2.690389999999999726e-01,-1.561279999999999890e-01,5.496839999999999504e-01,-1.036720000000000003e-01,4.399270000000000125e-01,7.030579999999999607e-01,8.630000000000000171e-02,-4.087999999999999620e-03,-3.364130000000000176e-01,1.796399999999999941e-01,-2.483470000000000122e-01,-3.074779999999999736e-01,-1.628640000000000088e-01,6.900730000000000475e-01,-2.704219999999999957e-01,9.254499999999999948e-01,-1.372909999999999964e-01,1.931150000000000089e-01,9.446699999999999542e-02,4.168919999999999848e-01,5.942399999999999904e-01,5.434790000000000454e-01,5.910999999999999588e-03,5.412179999999999769e-01,-4.715070000000000094e-01,5.409289999999999932e-01,-6.091900000000000093e-02,6.785309999999999953e-01,3.917450000000000099e-01,6.949929999999999719e-01,1.960949999999999915e-01,2.414229999999999987e-01,2.422030000000000016e-01,5.223910000000000498e-01,5.457760000000000389e-01
1.519409999999999927e-01,5.657010000000000094e-01,-1.251470000000000082e-01,3.132539999999999769e-01,3.372890000000000055e-01,3.135220000000000229e-01,6.230229999999999935e-01,2.426389999999999936e-01,-1.335979999999999945e-01,5.650239999999999707e-01,-1.602190000000000003e-01,3.546340000000000048e-01,1.000000000000000000e+00,1.945099999999999885e-01,2.696850000000000080e-01,3.485690000000000177e-01,4.806860000000000022e-01,3.022610000000000019e-01,2.508449999999999847e-01,4.651939999999999964e-01,1.960959999999999925e-01,5.553960000000000008e-01,1.763619999999999910e-01,3.289270000000000249e-01,4.391249999999999876e-01,5.051729999999999832e-01,1.106300000000000061e-01,5.795099999999999696e-01,3.027639999999999776e-01,3.446480000000000099e-01,4.132799999999999807e-01,4.195849999999999858e-01,1.472070000000000045e-01,2.412239999999999940e-01,6.739000000000000198e-03,1.069149999999999961e-01,3.337040000000000006e-01,4.035380000000000078e-01,2.306870000000000032e-01,9.678499999999999603e-02,-4.293299999999999894e-02,-4.617600000000000177e-02,-2.828200000000000158e-02,1.791419999999999957e-01,2.288340000000000096e-01,2.290840000000000098e-01,4.403420000000000112e-01,1.489229999999999998e-01,-6.541399999999999992e-02,-6.937000000000000111e-02,1.251160000000000050e-01,4.861300000000000343e-02,2.002160000000000051e-01,-1.454399999999999964e-02,5.395780000000000021e-01,2.926799999999999888e-02,4.041259999999999852e-01,2.432799999999999963e-01,6.725000000000000422e-02,3.298710000000000253e-01,1.536329999999999918e-01,4.440410000000000190e-01,2.985729999999999773e-01,1.929319999999999924e-01,8.337400000000000366e-02,2.463390000000000024e-01,1.732160000000000089e-01,2.277190000000000047e-01,2.158899999999999986e-01,2.965119999999999978e-01,4.916170000000000262e-01,-7.061399999999999622e-02,2.024219999999999908e-01,7.760599999999999443e-02,2.261180000000000134e-01,1.208889999999999965e-01
-3.481819999999999915e-01,1.695530000000000093e-01,-2.445060000000000011e-01,6.185399999999999787e-01,5.014309999999999601e-01,2.381139999999999923e-01,5.618100000000000316e-01,2.164280000000000093e-01,-1.072020000000000056e-01,3.772429999999999950e-01,-1.145069999999999977e-01,7.734800000000000009e-02,1.945099999999999885e-01,1.000000000000000000e+00,2.736540000000000084e-01,-5.910200000000000176e-02,1.937730000000000008e-01,-5.733599999999999808e-02,7.940200000000000036e-02,3.890989999999999727e-01,1.675599999999999867e-01,4.012160000000000171e-01,1.478500000000000092e-01,-2.952700000000000116e-02,3.742399999999999893e-02,5.703500000000000236e-02,2.834479999999999777e-01,4.308100000000000124e-02,3.777429999999999954e-01,1.232800000000000007e-01,3.836649999999999783e-01,3.775470000000000215e-01,8.951499999999999735e-02,2.164030000000000120e-01,2.204899999999999916e-02,4.180719999999999992e-01,-4.311399999999999955e-02,4.050469999999999904e-01,4.121299999999999963e-01,-9.102000000000000715e-03,-3.294460000000000166e-01,-2.970200000000000062e-01,-1.866639999999999966e-01,2.454000000000000018e-03,-1.664569999999999939e-01,-2.151589999999999892e-01,1.157040000000000013e-01,-1.632059999999999900e-01,1.595330000000000081e-01,-4.554699999999999721e-02,-3.700200000000000156e-01,-2.394509999999999972e-01,3.699200000000000266e-01,-8.068500000000000671e-02,1.543579999999999952e-01,-6.043099999999999861e-02,9.408099999999999796e-02,-2.778849999999999931e-01,-1.808760000000000090e-01,1.242830000000000046e-01,-8.654599999999999793e-02,6.280800000000000272e-02,-1.894029999999999880e-01,2.631299999999999958e-02,-2.057090000000000030e-01,1.878120000000000067e-01,-9.842800000000000160e-02,2.720369999999999733e-01,-6.678800000000000014e-02,-2.752430000000000154e-01,-7.718899999999999373e-02,-3.076499999999999790e-01,-3.855990000000000251e-01,-4.473929999999999851e-01,-2.176069999999999949e-01,-7.626900000000000346e-02
1.185110000000000052e-01,-5.028999999999999616e-03,3.315850000000000186e-01,1.687500000000000111e-02,4.960729999999999862e-01,3.307050000000000267e-01,2.032660000000000022e-01,3.018939999999999957e-01,2.198209999999999886e-01,-2.600600000000000134e-02,3.658959999999999990e-01,-2.773410000000000042e-01,2.696850000000000080e-01,2.736540000000000084e-01,1.000000000000000000e+00,1.071259999999999990e-01,-6.401199999999999946e-02,-1.719340000000000035e-01,4.130530000000000035e-01,6.285539999999999461e-01,6.748279999999999834e-01,4.242409999999999792e-01,3.339960000000000151e-01,-2.354970000000000119e-01,-9.297900000000000609e-02,-1.889339999999999908e-01,7.116139999999999688e-01,1.640349999999999864e-01,6.340200000000000280e-01,4.796770000000000200e-01,3.970420000000000060e-01,2.703969999999999985e-01,1.673159999999999925e-01,4.613300000000000178e-01,-3.840299999999999964e-02,8.454499999999999515e-02,3.352689999999999837e-01,3.316020000000000079e-01,2.374960000000000127e-01,-1.621049999999999991e-01,-2.947779999999999845e-01,-3.454539999999999833e-01,-1.524810000000000054e-01,-1.969950000000000034e-01,7.831499999999999573e-02,5.731100000000000083e-02,2.497999999999999787e-03,3.693319999999999936e-01,9.041299999999999337e-02,4.575580000000000203e-01,-1.082599999999999951e-01,2.064709999999999879e-01,3.345119999999999760e-01,3.605630000000000224e-01,4.284099999999999714e-02,4.304810000000000025e-01,-1.746290000000000064e-01,-4.490000000000000067e-03,4.146500000000000186e-02,6.522390000000000132e-01,-8.913899999999999602e-02,-7.527699999999999669e-02,-1.656080000000000052e-01,4.535719999999999752e-01,8.524999999999999592e-03,6.212440000000000184e-01,4.352500000000000119e-02,2.952150000000000052e-01,-3.014379999999999837e-01,2.664800000000000155e-02,-7.291000000000000258e-02,9.461000000000000659e-03,-8.766200000000000381e-02,8.019000000000000086e-03,-1.811629999999999907e-01,-3.032900000000000040e-01
2.600600000000000134e-01,3.447379999999999889e-01,-2.319670000000000065e-01,-2.603300000000000058e-02,-9.231399999999999328e-02,3.911000000000000414e-03,3.245089999999999919e-01,-1.970520000000000049e-01,-7.565299999999999803e-02,1.583630000000000038e-01,-2.044340000000000046e-01,1.727400000000000116e-02,3.485690000000000177e-01,-5.910200000000000176e-02,1.071259999999999990e-01,1.000000000000000000e+00,4.467709999999999737e-01,3.951270000000000060e-01,1.607609999999999872e-01,2.943049999999999833e-01,1.347019999999999884e-01,3.415670000000000095e-01,-1.224259999999999932e-01,2.417559999999999987e-01,2.564529999999999865e-01,2.450400000000000078e-01,1.295389999999999875e-01,4.048499999999999877e-01,5.201399999999999774e-02,3.804960000000000009e-01,3.051679999999999948e-01,2.888999999999999901e-01,3.671070000000000166e-01,1.711989999999999901e-01,9.994300000000000406e-02,6.418699999999999406e-02,1.812139999999999862e-01,4.511300000000000032e-02,2.962409999999999766e-01,4.345280000000000253e-01,4.784169999999999812e-01,3.180680000000000174e-01,2.021350000000000091e-01,3.050979999999999803e-01,8.740299999999999458e-02,2.998890000000000167e-01,1.790029999999999955e-01,-3.424499999999999766e-02,-2.621160000000000156e-01,-2.381149999999999933e-01,2.786600000000000188e-01,1.564069999999999905e-01,-8.967100000000000071e-02,-5.619899999999999896e-02,2.208050000000000013e-01,-1.240219999999999934e-01,5.571000000000000257e-02,1.350780000000000036e-01,-1.458929999999999949e-01,1.921660000000000035e-01,4.147230000000000083e-01,3.136140000000000039e-01,4.120699999999999918e-01,7.051100000000000423e-02,1.986060000000000048e-01,1.342629999999999935e-01,2.059350000000000069e-01,-8.333999999999999395e-03,2.557490000000000041e-01,2.190130000000000132e-01,2.735480000000000134e-01,2.235360000000000125e-01,4.072629999999999861e-01,3.099850000000000105e-01,3.693600000000000216e-01,4.947989999999999888e-01
1.452519999999999922e-01,7.500670000000000393e-01,-2.183190000000000131e-01,3.064839999999999787e-01,1.678070000000000117e-01,1.159580000000000055e-01,6.351909999999999501e-01,-8.147500000000000575e-02,-2.217850000000000099e-01,6.796929999999999916e-01,-2.996770000000000267e-01,5.597259999999999458e-01,4.806860000000000022e-01,1.937730000000000008e-01,-6.401199999999999946e-02,4.467709999999999737e-01,1.000000000000000000e+00,7.576800000000000201e-01,2.601760000000000184e-01,3.884549999999999947e-01,-2.552019999999999844e-01,5.505670000000000286e-01,-7.174400000000000222e-02,6.286070000000000269e-01,7.090910000000000268e-01,7.718500000000000361e-01,1.995299999999999851e-02,5.039219999999999811e-01,5.424400000000000055e-02,1.798079999999999956e-01,1.304230000000000111e-01,1.540310000000000012e-01,1.804949999999999888e-01,-4.345700000000000257e-02,-2.685150000000000037e-01,2.686040000000000094e-01,9.824800000000000200e-02,3.690140000000000087e-01,1.586780000000000135e-01,5.173309999999999853e-01,2.574400000000000022e-01,1.921760000000000135e-01,5.927500000000000130e-02,3.213809999999999722e-01,-6.850900000000000045e-02,2.347349999999999992e-01,6.467789999999999928e-01,8.491700000000000637e-02,-2.221130000000000049e-01,-4.134660000000000002e-01,2.279450000000000087e-01,-1.553970000000000073e-01,-7.126200000000000589e-02,-1.548120000000000052e-01,4.679829999999999823e-01,-1.466780000000000028e-01,4.765240000000000031e-01,7.425600000000000256e-02,-1.854700000000000099e-02,2.157989999999999908e-01,5.599809999999999510e-01,6.809180000000000232e-01,6.034479999999999844e-01,1.615459999999999952e-01,3.436370000000000258e-01,-2.112610000000000043e-01,4.571239999999999748e-01,2.266970000000000096e-01,5.894700000000000495e-01,2.891369999999999774e-01,6.254239999999999799e-01,1.446280000000000066e-01,2.224430000000000018e-01,1.353100000000000136e-01,4.195880000000000165e-01,6.004859999999999642e-01
3.145379999999999843e-01,5.602780000000000538e-01,-4.320100000000000329e-02,5.493699999999999972e-02,-5.312900000000000261e-02,-1.359999999999999989e-04,2.473460000000000103e-01,-2.564069999999999960e-01,-1.450710000000000055e-01,4.097359999999999891e-01,-2.426850000000000118e-01,4.916420000000000234e-01,3.022610000000000019e-01,-5.733599999999999808e-02,-1.719340000000000035e-01,3.951270000000000060e-01,7.576800000000000201e-01,1.000000000000000000e+00,2.560140000000000193e-01,1.035439999999999972e-01,-3.794370000000000243e-01,2.242230000000000056e-01,-1.847570000000000046e-01,6.869969999999999688e-01,7.038379999999999637e-01,7.925200000000000022e-01,-1.185250000000000054e-01,5.306030000000000468e-01,-9.508500000000000285e-02,1.142320000000000002e-01,-9.093099999999999794e-02,-4.698100000000000193e-02,1.443359999999999921e-01,-2.662260000000000182e-01,-1.897649999999999892e-01,1.024499999999999994e-01,1.592109999999999914e-01,3.493399999999999977e-02,-7.018499999999999739e-02,4.950039999999999996e-01,4.054639999999999911e-01,2.712189999999999879e-01,2.246650000000000036e-01,3.412060000000000093e-01,3.089199999999999932e-02,3.266999999999999904e-01,5.228939999999999699e-01,1.724590000000000012e-01,-2.967620000000000258e-01,-3.408720000000000083e-01,4.513920000000000154e-01,-4.958400000000000307e-02,-2.595100000000000184e-01,-8.580899999999999639e-02,2.748320000000000207e-01,-2.056570000000000065e-01,3.702590000000000048e-01,2.491839999999999888e-01,1.410900000000000001e-02,2.897759999999999780e-01,6.620239999999999458e-01,5.131040000000000045e-01,7.817969999999999642e-01,1.921990000000000087e-01,5.318079999999999474e-01,-2.574529999999999874e-01,5.456849999999999756e-01,1.135739999999999944e-01,7.003540000000000321e-01,4.611219999999999763e-01,6.702580000000000204e-01,4.061600000000000210e-01,4.509810000000000207e-01,4.394700000000000273e-01,5.156899999999999817e-01,6.940770000000000550e-01
3.621269999999999767e-01,3.537230000000000096e-01,5.517870000000000275e-01,-2.624800000000000050e-02,5.297399999999999887e-01,1.239399999999999946e-01,2.627240000000000131e-01,-3.417599999999999805e-02,4.991959999999999731e-01,2.664529999999999954e-01,3.843949999999999867e-01,2.140620000000000023e-01,2.508449999999999847e-01,7.940200000000000036e-02,4.130530000000000035e-01,1.607609999999999872e-01,2.601760000000000184e-01,2.560140000000000193e-01,1.000000000000000000e+00,4.642510000000000248e-01,1.549619999999999886e-01,3.899739999999999873e-01,3.919099999999999667e-02,2.812350000000000128e-01,3.807159999999999989e-01,2.855829999999999758e-01,3.971939999999999915e-01,2.224520000000000108e-01,1.165640000000000009e-01,3.765859999999999763e-01,9.086400000000000032e-02,8.824999999999999512e-03,1.728000000000000091e-01,1.356120000000000103e-01,-1.030819999999999931e-01,2.171199999999999866e-02,3.764629999999999921e-01,2.373679999999999957e-01,-3.745199999999999918e-02,1.038020000000000054e-01,7.500600000000000322e-02,-5.032299999999999968e-02,-6.621399999999999508e-02,9.455700000000000216e-02,1.224240000000000050e-01,3.294099999999999806e-01,3.310679999999999734e-01,7.013859999999999539e-01,-8.724200000000000010e-02,2.879329999999999945e-01,1.353759999999999963e-01,1.075379999999999947e-01,-6.586300000000000487e-02,5.198779999999999513e-01,2.849860000000000171e-01,4.326980000000000270e-01,2.463370000000000004e-01,3.090999999999999998e-03,2.304170000000000107e-01,5.616210000000000369e-01,2.648050000000000126e-01,2.348800000000000054e-01,3.421600000000000197e-01,6.809939999999999882e-01,4.731079999999999730e-01,1.404050000000000020e-01,5.072860000000000147e-01,1.588950000000000085e-01,1.911789999999999878e-01,3.514610000000000234e-01,3.125339999999999785e-01,3.495570000000000066e-01,2.829920000000000213e-01,3.042480000000000184e-01,2.700730000000000075e-01,1.494209999999999983e-01
1.947500000000000064e-01,4.680279999999999996e-01,-1.102500000000000008e-02,2.861230000000000162e-01,5.712629999999999653e-01,9.400100000000000122e-02,6.313530000000000530e-01,2.710999999999999868e-02,-6.164000000000000035e-02,5.103860000000000063e-01,9.065999999999999406e-03,1.844750000000000001e-01,4.651939999999999964e-01,3.890989999999999727e-01,6.285539999999999461e-01,2.943049999999999833e-01,3.884549999999999947e-01,1.035439999999999972e-01,4.642510000000000248e-01,1.000000000000000000e+00,3.189299999999999913e-01,8.928850000000000398e-01,-8.284999999999999309e-02,9.654799999999999494e-02,3.541520000000000223e-01,2.258360000000000090e-01,5.618109999999999493e-01,2.611249999999999960e-01,4.992550000000000043e-01,5.396509999999999918e-01,4.725750000000000228e-01,3.329380000000000117e-01,7.460899999999999477e-02,3.138469999999999871e-01,-8.175799999999999734e-02,1.646569999999999978e-01,3.025490000000000124e-01,5.526130000000000209e-01,1.909540000000000126e-01,-7.647299999999999931e-02,-2.025609999999999911e-01,-2.842109999999999914e-01,-2.771649999999999947e-01,7.439700000000000479e-02,1.863199999999999926e-02,2.806270000000000153e-01,3.567660000000000275e-01,2.452729999999999910e-01,-1.535759999999999903e-01,2.786500000000000088e-02,-2.542269999999999808e-01,-1.178050000000000069e-01,8.451200000000000379e-02,2.025199999999999917e-02,4.155479999999999730e-01,1.171679999999999944e-01,2.369680000000000120e-01,-3.208010000000000028e-01,-3.955199999999999688e-02,5.778510000000000035e-01,1.083439999999999959e-01,2.292520000000000113e-01,9.854499999999999371e-02,4.190019999999999856e-01,2.774369999999999892e-01,2.190979999999999872e-01,3.625450000000000061e-01,1.109679999999999972e-01,-5.850000000000000165e-04,9.916999999999999427e-02,2.163700000000000068e-01,-5.392199999999999771e-02,-4.050100000000000228e-02,-1.524000000000000007e-02,9.825699999999999712e-02,2.209399999999999906e-02
