1.000000000000000000e+00,4.295120000000000049e-01,-1.093810000000000060e-01,-1.643519999999999981e-01,-4.714999999999999747e-02,-8.794599999999999640e-02,4.195880000000000165e-01,-3.309460000000000179e-01,1.388700000000000004e-02,2.933819999999999761e-01,-1.639349999999999974e-01,-6.542900000000000105e-02,1.440079999999999971e-01,1.785200000000000120e-01,-1.719899999999999901e-02,4.805119999999999947e-01,4.581180000000000252e-01,-2.972899999999999848e-02,-7.221500000000000141e-02,2.302140000000000020e-01,2.579799999999999871e-01,7.887089999999999934e-01,-8.183300000000000296e-02,2.356800000000000006e-01,5.915080000000000338e-01,1.982410000000000005e-01,1.108080000000000037e-01,1.780839999999999923e-01,6.079329999999999457e-01,7.914799999999999613e-02,3.251990000000000158e-01,1.305890000000000106e-01,-1.174069999999999975e-01,2.358770000000000033e-01,2.744039999999999813e-01,2.604110000000000036e-01,3.912109999999999754e-01,-3.821299999999999697e-02,2.222669999999999924e-01,-1.366709999999999869e-01,-2.857480000000000020e-01,-3.478089999999999793e-01,-1.752420000000000089e-01,2.554969999999999741e-01,-3.640000000000000180e-02,8.415280000000000538e-01,-1.864599999999999869e-01,-2.038320000000000132e-01,5.029700000000000143e-02,-7.128700000000000314e-02,1.885270000000000001e-01,1.301269999999999927e-01,-4.627109999999999834e-01,-7.175600000000000034e-02,3.766909999999999981e-01,-1.584220000000000073e-01,-2.066999999999999827e-03,-1.573289999999999966e-01,1.014299999999999924e-02,-3.298500000000000043e-02,2.909800000000000164e-01,7.484599999999999587e-02,1.921889999999999987e-01,-1.632329999999999892e-01,9.243700000000000527e-02,7.400099999999999734e-02,1.946859999999999979e-01,-1.046350000000000058e-01,2.392529999999999935e-01,3.466389999999999749e-01,1.940610000000000113e-01,1.362879999999999925e-01,-1.167659999999999948e-01,7.213180000000000147e-01,1.644140000000000046e-01,-5.378700000000000148e-02
4.295120000000000049e-01,1.000000000000000000e+00,6.197899999999999937e-02,-3.260680000000000245e-01,-1.293289999999999995e-01,6.490010000000000501e-01,2.852850000000000108e-01,3.359280000000000044e-01,1.506409999999999971e-01,6.366969999999999574e-01,-1.072749999999999954e-01,5.565520000000000467e-01,4.074599999999999889e-01,-9.314200000000000257e-02,-7.285600000000000409e-02,3.437220000000000275e-01,4.931189999999999740e-01,3.397740000000000204e-01,9.643899999999999695e-02,1.581480000000000108e-01,1.177050000000000041e-01,4.454929999999999723e-01,3.708259999999999890e-01,3.589860000000000273e-01,7.961570000000000036e-01,7.100180000000000380e-01,4.076759999999999828e-01,-8.238800000000000290e-02,2.013560000000000072e-01,-1.427900000000000003e-02,-1.641849999999999976e-01,2.394199999999999939e-01,-3.011600000000000041e-02,2.041600000000000012e-02,-1.068009999999999932e-01,-7.537000000000000643e-02,2.183099999999999971e-02,2.578899999999999942e-02,2.309150000000000091e-01,9.126299999999999690e-02,1.166709999999999969e-01,-2.775150000000000117e-01,3.992899999999999922e-02,9.332999999999999630e-02,5.911899999999999794e-02,3.345060000000000255e-01,4.397229999999999750e-01,1.635240000000000027e-01,-1.833950000000000025e-01,-1.261259999999999881e-01,5.352050000000000418e-01,1.536859999999999893e-01,8.916300000000000614e-02,9.384599999999999886e-02,4.912329999999999752e-01,-6.803499999999999825e-02,3.576050000000000062e-01,2.800449999999999884e-01,-8.375599999999999712e-02,-9.317799999999999694e-02,4.261639999999999873e-01,4.427380000000000204e-01,4.970100000000000212e-02,5.464100000000000207e-02,1.154200000000000018e-02,5.550000000000000462e-04,1.188310000000000061e-01,2.178150000000000086e-01,3.212709999999999733e-01,4.580649999999999999e-01,6.311569999999999681e-01,4.370569999999999733e-01,-1.453609999999999902e-01,1.949190000000000089e-01,1.652230000000000087e-01,9.452499999999999791e-02
-1.093810000000000060e-01,6.197899999999999937e-02,1.000000000000000000e+00,1.714370000000000061e-01,5.185450000000000337e-01,3.289730000000000154e-01,9.641399999999999970e-02,3.061880000000000157e-01,7.599439999999999529e-01,3.177449999999999997e-01,7.702459999999999862e-01,2.614040000000000252e-01,4.803919999999999857e-01,2.490749999999999909e-01,6.618020000000000014e-01,-1.545580000000000009e-01,2.001989999999999881e-01,2.716250000000000053e-01,8.432479999999999976e-01,6.537150000000000460e-01,4.150150000000000228e-01,1.541579999999999895e-01,3.075820000000000221e-01,2.707809999999999939e-01,3.214700000000000196e-02,3.334559999999999746e-01,5.399370000000000003e-01,5.665519999999999445e-01,2.864099999999999979e-01,6.677180000000000337e-01,2.884479999999999822e-01,-1.775130000000000041e-01,-1.532119999999999871e-01,-2.654499999999999915e-02,1.118939999999999935e-01,3.412799999999999723e-01,1.380669999999999953e-01,1.915599999999999942e-02,-8.082300000000000595e-02,-1.571819999999999884e-01,-2.045059999999999933e-01,-7.113099999999999978e-02,4.007800000000000251e-01,3.598259999999999792e-01,4.904900000000000232e-02,6.389899999999999747e-02,3.405779999999999919e-01,8.206879999999999731e-01,3.047940000000000094e-01,6.084260000000000224e-01,1.020449999999999968e-01,3.998289999999999900e-01,3.975219999999999865e-01,7.221459999999999546e-01,4.331570000000000142e-01,7.789230000000000320e-01,3.872090000000000254e-01,5.835569999999999924e-01,4.355740000000000167e-01,5.882110000000000394e-01,2.962560000000000193e-01,4.335510000000000197e-01,3.628580000000000139e-01,8.047509999999999941e-01,6.549730000000000274e-01,3.759290000000000131e-01,5.711469999999999603e-01,4.044710000000000250e-01,1.486379999999999924e-01,2.572169999999999734e-01,4.000630000000000019e-01,3.719029999999999836e-01,5.660049999999999804e-01,-5.005099999999999827e-02,5.150979999999999448e-01,8.250200000000000589e-02
-1.643519999999999981e-01,-3.260680000000000245e-01,1.714370000000000061e-01,1.000000000000000000e+00,5.852650000000000352e-01,-1.630389999999999895e-01,4.365189999999999904e-01,-4.395799999999999708e-02,1.802970000000000128e-01,-2.841259999999999897e-01,4.199789999999999912e-01,-3.370159999999999823e-01,1.687069999999999959e-01,5.046260000000000190e-01,1.825130000000000086e-01,-2.072680000000000078e-01,-2.300899999999999890e-01,-1.554730000000000001e-01,2.235999999999999932e-01,7.773399999999999754e-02,1.433300000000000129e-01,-8.979900000000000382e-02,-1.993439999999999934e-01,-2.313340000000000118e-01,-1.244829999999999964e-01,-2.427970000000000128e-01,9.141000000000000514e-02,3.686400000000000232e-01,8.544000000000000206e-02,1.198800000000000004e-01,3.654700000000000171e-01,-1.004189999999999944e-01,-2.012859999999999927e-01,7.843200000000000172e-02,4.867049999999999987e-01,5.368070000000000341e-01,3.328150000000000275e-01,1.851900000000000074e-02,-1.283880000000000021e-01,-2.084380000000000122e-01,-3.230299999999999838e-01,1.555640000000000078e-01,2.023890000000000133e-01,4.853199999999999875e-02,1.560179999999999900e-01,-1.586210000000000120e-01,-1.625439999999999940e-01,-1.942800000000000082e-02,5.604599999999999582e-01,4.848080000000000167e-01,-3.974280000000000035e-01,3.800479999999999969e-01,3.403000000000000209e-03,1.131019999999999942e-01,-6.708200000000000274e-02,2.928660000000000152e-01,-8.046999999999999986e-02,-7.519299999999999595e-02,5.040519999999999445e-01,1.333060000000000078e-01,-3.882499999999999840e-01,-8.782399999999999929e-02,1.086919999999999970e-01,1.890989999999999893e-01,8.230400000000000216e-02,2.168660000000000032e-01,-1.527810000000000001e-01,-1.354769999999999863e-01,-3.972890000000000033e-01,-1.476329999999999865e-01,-3.330859999999999932e-01,-1.852300000000000127e-02,5.518999999999999601e-03,-1.014010000000000050e-01,-2.201829999999999898e-01,-4.232139999999999791e-01
-4.714999999999999747e-02,-1.293289999999999995e-01,5.185450000000000337e-01,5.852650000000000352e-01,1.000000000000000000e+00,1.024680000000000035e-01,5.789840000000000542e-01,5.651199999999999973e-02,6.945860000000000367e-01,8.361000000000000376e-02,7.276449999999999863e-01,-6.171800000000000203e-02,3.805890000000000106e-01,6.695010000000000128e-01,4.885639999999999983e-01,-3.903220000000000023e-01,-5.991099999999999898e-02,-1.615290000000000059e-01,4.637689999999999868e-01,3.837499999999999800e-01,4.064559999999999840e-01,5.867900000000000199e-02,1.372859999999999914e-01,1.086699999999999992e-02,9.060100000000000098e-02,3.778399999999999814e-02,5.148319999999999563e-01,4.872330000000000272e-01,4.366659999999999986e-01,3.200239999999999752e-01,4.059320000000000150e-01,-3.179379999999999984e-01,-2.999600000000000044e-01,-2.077000000000000027e-02,4.572269999999999945e-01,6.439080000000000359e-01,4.505910000000000193e-01,5.541000000000000092e-02,-1.688139999999999918e-01,-3.401270000000000127e-01,-5.668250000000000233e-01,-9.136199999999999877e-02,3.139379999999999948e-01,4.772640000000000216e-01,9.658200000000000118e-02,1.195829999999999949e-01,1.604069999999999940e-01,3.240870000000000140e-01,6.918250000000000233e-01,8.348769999999999802e-01,-2.724670000000000147e-01,7.331140000000000434e-01,1.411949999999999872e-01,6.084260000000000224e-01,4.409219999999999806e-01,6.725999999999999757e-01,2.577249999999999819e-01,2.641959999999999864e-01,6.859509999999999774e-01,3.963050000000000184e-01,-2.089489999999999958e-01,2.114040000000000086e-01,3.125899999999999790e-01,3.503550000000000275e-01,4.264959999999999862e-01,4.751279999999999948e-01,2.671470000000000233e-01,2.172060000000000102e-01,-6.737799999999999345e-02,3.404229999999999756e-01,8.917600000000000526e-02,3.367519999999999958e-01,1.903249999999999942e-01,7.711199999999999999e-02,-4.597999999999999657e-03,-3.810810000000000031e-01
-8.794599999999999640e-02,6.490010000000000501e-01,3.289730000000000154e-01,-1.630389999999999895e-01,1.024680000000000035e-01,1.000000000000000000e+00,1.351990000000000136e-01,6.764809999999999990e-01,3.521670000000000078e-01,5.493740000000000290e-01,1.996620000000000061e-01,7.098759999999999515e-01,5.905179999999999874e-01,-1.073889999999999983e-01,9.015800000000000203e-02,4.191600000000000187e-02,3.612159999999999815e-01,4.965649999999999786e-01,2.981559999999999766e-01,1.087359999999999993e-01,2.402980000000000116e-01,-8.157399999999999374e-02,6.508880000000000221e-01,4.658700000000000063e-01,3.312050000000000272e-01,6.991169999999999884e-01,4.915829999999999922e-01,2.136100000000000151e-02,6.041699999999999848e-02,2.170950000000000102e-01,-1.622959999999999958e-01,2.557300000000000129e-01,1.827529999999999988e-01,8.326000000000000068e-02,-1.102830000000000060e-01,-1.317669999999999952e-01,-1.784999999999999920e-01,1.869429999999999981e-01,2.952690000000000037e-01,3.802630000000000177e-01,3.193739999999999912e-01,2.139800000000000035e-02,2.697430000000000105e-01,3.523999999999999789e-03,2.515549999999999731e-01,5.431400000000000117e-02,7.171899999999999942e-01,4.319919999999999871e-01,-2.217409999999999937e-01,7.856799999999999895e-02,4.192810000000000148e-01,2.725210000000000132e-01,5.801370000000000138e-01,3.597009999999999930e-01,3.753319999999999990e-01,2.135880000000000001e-01,5.569499999999999451e-01,6.912970000000000503e-01,-4.195100000000000218e-02,4.838499999999999746e-02,4.145670000000000188e-01,6.372919999999999696e-01,1.344789999999999874e-01,3.357720000000000149e-01,8.106599999999999917e-02,1.989960000000000062e-01,2.394270000000000009e-01,4.371909999999999963e-01,4.242440000000000100e-01,3.755359999999999809e-01,7.398489999999999789e-01,3.451879999999999948e-01,1.521810000000000107e-01,-2.529239999999999822e-01,2.873499999999999943e-01,2.128420000000000034e-01
4.195880000000000165e-01,2.852850000000000108e-01,9.641399999999999970e-02,4.365189999999999904e-01,5.789840000000000542e-01,1.351990000000000136e-01,1.000000000000000000e+00,-1.770589999999999942e-01,2.677530000000000188e-01,2.468770000000000131e-01,2.337200000000000111e-01,-6.317399999999999405e-02,2.879030000000000200e-01,5.362350000000000172e-01,6.597100000000000186e-02,-3.735000000000000125e-02,6.687700000000000589e-02,-2.024380000000000068e-01,1.477759999999999907e-01,1.162860000000000005e-01,2.616709999999999869e-01,3.711019999999999874e-01,1.639799999999999938e-02,-1.375999999999999966e-02,5.004229999999999512e-01,4.523100000000000037e-02,4.508759999999999990e-01,2.216100000000000014e-01,6.057489999999999819e-01,8.636199999999999433e-02,4.163490000000000246e-01,-4.659200000000000147e-02,-2.077350000000000030e-01,1.529850000000000099e-01,5.749009999999999954e-01,5.326359999999999983e-01,5.094800000000000439e-01,1.831400000000000042e-02,4.580499999999999849e-02,-2.223559999999999981e-01,-4.602350000000000052e-01,-1.609530000000000127e-01,6.522000000000000020e-02,2.889610000000000234e-01,2.581599999999999867e-02,4.369669999999999943e-01,1.131339999999999985e-01,-9.787999999999999479e-02,4.391829999999999901e-01,3.961390000000000189e-01,-4.843999999999999695e-02,6.324049999999999949e-01,-1.981870000000000021e-01,1.468969999999999998e-01,4.495879999999999876e-01,1.353090000000000126e-01,1.147589999999999999e-01,-3.121700000000000169e-02,3.474459999999999771e-01,-2.789499999999999966e-02,-8.088800000000000157e-02,1.045829999999999954e-01,2.843029999999999724e-01,4.467999999999999750e-03,6.437600000000000267e-02,2.564710000000000045e-01,7.133299999999999363e-02,3.757900000000000129e-02,-6.849399999999999933e-02,5.076789999999999914e-01,8.159600000000000186e-02,3.246189999999999909e-01,-1.504810000000000036e-01,4.113490000000000202e-01,-1.087850000000000067e-01,-3.433680000000000065e-01
-3.309460000000000179e-01,3.359280000000000044e-01,3.061880000000000157e-01,-4.395799999999999708e-02,5.651199999999999973e-02,6.764809999999999990e-01,-1.770589999999999942e-01,1.000000000000000000e+00,3.053839999999999888e-01,3.232590000000000185e-01,3.031050000000000133e-01,5.360260000000000025e-01,3.511210000000000164e-01,-1.638350000000000084e-01,1.084370000000000056e-01,-7.182900000000000396e-02,2.130219999999999891e-01,3.597719999999999807e-01,2.622289999999999899e-01,6.009300000000000058e-02,3.122329999999999828e-01,-3.220219999999999749e-01,6.964989999999999792e-01,5.140190000000000037e-01,8.322400000000000631e-02,6.083210000000000006e-01,2.613559999999999772e-01,-1.404099999999999966e-02,-3.227990000000000026e-01,2.089749999999999941e-01,-1.987319999999999920e-01,2.310480000000000034e-01,2.112340000000000051e-01,6.324100000000000554e-02,-1.849459999999999993e-01,-1.596859999999999946e-01,-3.354530000000000012e-01,3.349820000000000020e-01,1.627639999999999920e-01,2.932210000000000094e-01,3.351799999999999780e-01,1.891950000000000021e-01,3.427709999999999924e-01,-1.421979999999999911e-01,4.231610000000000094e-01,-1.474640000000000117e-01,5.356530000000000458e-01,5.390989999999999949e-01,-1.365339999999999887e-01,8.633799999999999808e-02,3.656179999999999986e-01,1.296559999999999935e-01,8.383359999999999701e-01,4.010580000000000256e-01,1.659059999999999979e-01,2.929640000000000022e-01,4.205030000000000157e-01,5.221010000000000373e-01,3.281099999999999989e-02,3.220300000000000246e-02,9.511300000000000310e-02,4.519750000000000156e-01,-1.347649999999999959e-01,3.532819999999999849e-01,7.445000000000000229e-03,3.485539999999999750e-01,-1.228500000000000078e-02,5.220679999999999765e-01,4.490279999999999827e-01,5.059700000000000308e-02,5.645219999999999683e-01,1.871460000000000068e-01,1.018140000000000017e-01,-4.935840000000000227e-01,1.114610000000000045e-01,8.833100000000000673e-02
1.388700000000000004e-02,1.506409999999999971e-01,7.599439999999999529e-01,1.802970000000000128e-01,6.945860000000000367e-01,3.521670000000000078e-01,2.677530000000000188e-01,3.053839999999999888e-01,1.000000000000000000e+00,3.556159999999999877e-01,7.552680000000000504e-01,2.490110000000000101e-01,5.197389999999999510e-01,3.610039999999999916e-01,6.151050000000000129e-01,-3.068230000000000124e-01,2.102009999999999990e-01,5.616999999999999771e-02,6.842730000000000201e-01,6.646330000000000293e-01,4.818459999999999965e-01,2.173170000000000102e-01,3.485840000000000050e-01,3.397430000000000172e-01,1.514340000000000130e-01,3.496929999999999761e-01,6.211370000000000502e-01,5.729480000000000128e-01,4.177770000000000095e-01,5.979299999999999615e-01,2.812549999999999772e-01,-2.086089999999999889e-01,-2.744420000000000193e-01,9.801999999999999949e-03,1.854270000000000085e-01,4.366129999999999733e-01,2.789929999999999910e-01,5.853699999999999876e-02,-2.612999999999999871e-03,-2.409999999999999920e-01,-3.629430000000000156e-01,-2.490380000000000094e-01,4.027510000000000256e-01,4.569170000000000176e-01,1.312580000000000136e-01,2.325389999999999957e-01,3.837010000000000143e-01,6.920770000000000532e-01,3.741780000000000106e-01,7.324920000000000320e-01,4.754599999999999799e-02,6.150959999999999761e-01,3.595039999999999902e-01,9.242540000000000200e-01,6.214260000000000339e-01,7.937300000000000466e-01,4.673340000000000272e-01,5.996960000000000068e-01,4.826340000000000074e-01,5.161839999999999762e-01,1.417229999999999879e-01,4.506990000000000163e-01,2.890170000000000239e-01,6.164330000000000087e-01,6.328880000000000061e-01,4.563570000000000126e-01,5.281240000000000379e-01,4.173589999999999800e-01,2.902020000000000155e-01,4.386189999999999811e-01,5.097450000000000037e-01,4.999109999999999943e-01,4.432989999999999986e-01,9.257300000000000251e-02,4.201329999999999787e-01,-8.993299999999999905e-02
2.933819999999999761e-01,6.366969999999999574e-01,3.177449999999999997e-01,-2.841259999999999897e-01,8.361000000000000376e-02,5.493740000000000290e-01,2.468770000000000131e-01,3.232590000000000185e-01,3.556159999999999877e-01,1.000000000000000000e+00,1.837419999999999887e-01,6.685689999999999689e-01,3.009930000000000105e-01,-3.951199999999999851e-02,2.310580000000000134e-01,1.489729999999999943e-01,5.587860000000000049e-01,3.154529999999999834e-01,3.119430000000000258e-01,3.287039999999999962e-01,4.348969999999999780e-01,3.248860000000000081e-01,5.037890000000000423e-01,5.326300000000000479e-01,6.390350000000000197e-01,6.751610000000000111e-01,5.454799999999999649e-01,2.969600000000000017e-02,3.600630000000000219e-01,2.759590000000000098e-01,4.350199999999999900e-02,2.830139999999999878e-01,1.462700000000000111e-01,1.313739999999999908e-01,-8.926900000000000113e-02,-8.347100000000000353e-02,-3.881400000000000128e-02,1.912139999999999951e-01,3.083870000000000222e-01,1.875159999999999882e-01,1.307589999999999864e-01,-1.472420000000000118e-01,2.394880000000000064e-01,3.021019999999999817e-01,1.144580000000000042e-01,4.070520000000000249e-01,5.725390000000000201e-01,3.693810000000000149e-01,-6.330399999999999916e-02,1.001419999999999949e-01,4.016640000000000210e-01,3.486600000000000255e-01,1.995909999999999906e-01,3.450599999999999778e-01,7.254580000000000473e-01,2.599000000000000199e-01,5.231329999999999592e-01,4.422449999999999992e-01,1.206000000000000041e-03,1.596569999999999934e-01,4.298850000000000171e-01,5.948210000000000441e-01,3.450219999999999954e-01,3.092739999999999934e-01,2.630410000000000248e-01,3.120410000000000128e-01,4.219589999999999730e-01,3.771189999999999820e-01,5.489619999999999500e-01,5.653709999999999569e-01,7.145209999999999617e-01,4.384700000000000264e-01,1.584260000000000113e-01,1.755790000000000128e-01,3.601969999999999894e-01,3.326450000000000240e-01
-1.639349999999999974e-01,-1.072749999999999954e-01,7.702459999999999862e-01,4.199789999999999912e-01,7.276449999999999863e-01,1.996620000000000061e-01,2.337200000000000111e-01,3.031050000000000133e-01,7.552680000000000504e-01,1.837419999999999887e-01,1.000000000000000000e+00,1.076069999999999943e-01,4.627339999999999787e-01,3.650590000000000224e-01,6.077280000000000459e-01,-2.737539999999999973e-01,5.497400000000000203e-02,7.927199999999999525e-02,7.897760000000000336e-01,5.017740000000000533e-01,4.617040000000000033e-01,-1.955000000000000140e-03,2.188120000000000065e-01,2.415309999999999957e-01,-3.482500000000000179e-02,2.183599999999999985e-01,4.444670000000000010e-01,6.159160000000000190e-01,2.118220000000000103e-01,6.100870000000000459e-01,4.106259999999999910e-01,-1.857179999999999942e-01,-1.603529999999999955e-01,4.046600000000000197e-02,2.876090000000000035e-01,4.720249999999999724e-01,1.601219999999999866e-01,1.076050000000000062e-01,-3.697199999999999792e-02,-1.699019999999999975e-01,-3.352209999999999912e-01,4.899900000000000089e-02,4.249829999999999997e-01,3.373950000000000005e-01,1.611480000000000135e-01,6.579300000000000426e-02,3.015720000000000067e-01,5.913739999999999553e-01,5.064830000000000165e-01,7.350330000000000474e-01,-1.675639999999999907e-01,5.607619999999999827e-01,4.131380000000000052e-01,7.213749999999999885e-01,3.942240000000000189e-01,8.929599999999999760e-01,3.899520000000000208e-01,5.207420000000000382e-01,5.354670000000000263e-01,4.933029999999999915e-01,-6.980699999999999406e-02,3.705030000000000268e-01,2.619859999999999967e-01,6.961410000000000098e-01,5.213590000000000169e-01,5.225940000000000030e-01,3.379110000000000169e-01,2.929709999999999814e-01,1.022929999999999950e-01,1.930429999999999924e-01,2.766429999999999723e-01,2.614810000000000190e-01,5.051339999999999719e-01,-1.209719999999999962e-01,2.683280000000000109e-01,-1.253720000000000112e-01
-6.542900000000000105e-02,5.565520000000000467e-01,2.614040000000000252e-01,-3.370159999999999823e-01,-6.171800000000000203e-02,7.098759999999999515e-01,-6.317399999999999405e-02,5.360260000000000025e-01,2.490110000000000101e-01,6.685689999999999689e-01,1.076069999999999943e-01,1.000000000000000000e+00,4.180840000000000112e-01,-1.446870000000000100e-01,-6.812000000000000347e-03,-2.315700000000000050e-02,3.432769999999999988e-01,4.002040000000000042e-01,2.348899999999999877e-01,9.702500000000000013e-02,1.139410000000000006e-01,-4.837000000000000154e-03,4.730349999999999833e-01,5.915270000000000250e-01,2.651810000000000000e-01,6.348639999999999839e-01,2.956480000000000219e-01,-6.033999999999999780e-02,-2.959300000000000125e-02,1.793460000000000054e-01,-3.820529999999999760e-01,2.127759999999999929e-01,9.078500000000000458e-02,-1.089480000000000032e-01,-2.037170000000000092e-01,-2.474939999999999918e-01,-2.010889999999999900e-01,8.292800000000000171e-02,2.241759999999999864e-01,2.819869999999999877e-01,3.260120000000000240e-01,-1.111349999999999977e-01,1.946940000000000059e-01,1.818480000000000096e-01,1.760349999999999970e-01,-3.134000000000000067e-03,4.960100000000000064e-01,4.047919999999999852e-01,-2.599980000000000069e-01,-5.004299999999999721e-02,3.937039999999999984e-01,4.667299999999999921e-02,3.710269999999999957e-01,2.797430000000000194e-01,4.518369999999999886e-01,1.076020000000000032e-01,7.192749999999999977e-01,5.883559999999999901e-01,-7.147199999999999387e-02,-4.050700000000000134e-02,4.013769999999999838e-01,5.549230000000000551e-01,1.054999999999999966e-01,2.487229999999999996e-01,1.243640000000000023e-01,3.754199999999999898e-02,2.410339999999999983e-01,2.693169999999999731e-01,5.182870000000000532e-01,2.558250000000000246e-01,6.579270000000000396e-01,1.889059999999999906e-01,2.564660000000000273e-01,-1.448889999999999900e-01,3.931799999999999740e-01,3.864560000000000217e-01
1.440079999999999971e-01,4.074599999999999889e-01,4.803919999999999857e-01,1.687069999999999959e-01,3.805890000000000106e-01,5.905179999999999874e-01,2.879030000000000200e-01,3.511210000000000164e-01,5.197389999999999510e-01,3.009930000000000105e-01,4.627339999999999787e-01,4.180840000000000112e-01,1.000000000000000000e+00,2.954010000000000247e-01,3.689819999999999767e-01,1.731030000000000069e-01,5.244760000000000533e-01,5.567710000000000159e-01,4.966949999999999976e-01,4.882360000000000033e-01,4.384370000000000211e-01,2.929410000000000069e-01,1.918970000000000120e-01,4.562140000000000084e-01,2.260020000000000084e-01,5.861560000000000104e-01,2.941289999999999738e-01,6.489030000000000076e-01,3.352100000000000080e-01,4.654949999999999921e-01,1.674829999999999930e-01,1.275699999999999924e-02,-1.290310000000000068e-01,4.330500000000000321e-02,2.191970000000000030e-01,4.467079999999999940e-01,3.575829999999999842e-01,-3.182999999999999718e-02,1.458629999999999927e-01,-2.157099999999999990e-02,-2.278789999999999982e-01,-1.556700000000000028e-01,3.842450000000000032e-01,3.141240000000000143e-01,1.041220000000000062e-01,1.535420000000000118e-01,1.686469999999999914e-01,3.731349999999999945e-01,2.681640000000000135e-01,4.199729999999999852e-01,1.061109999999999970e-01,3.555329999999999879e-01,2.265870000000000106e-01,4.523119999999999918e-01,4.726839999999999931e-01,4.086799999999999877e-01,5.910389999999999810e-01,6.883989999999999831e-01,3.453609999999999736e-01,2.961880000000000068e-01,3.401100000000000234e-01,6.748189999999999467e-01,3.917629999999999724e-01,4.093609999999999749e-01,4.068910000000000027e-01,2.141959999999999975e-01,2.987020000000000231e-01,2.768999999999999934e-02,2.259279999999999899e-01,1.096759999999999957e-01,4.828819999999999779e-01,1.098530000000000062e-01,3.628060000000000174e-01,3.828100000000000253e-02,3.655820000000000181e-01,-1.786089999999999900e-01
1.785200000000000120e-01,-9.314200000000000257e-02,2.490749999999999909e-01,5.046260000000000190e-01,6.695010000000000128e-01,-1.073889999999999983e-01,5.362350000000000172e-01,-1.638350000000000084e-01,3.610039999999999916e-01,-3.951199999999999851e-02,3.650590000000000224e-01,-1.446870000000000100e-01,2.954010000000000247e-01,1.000000000000000000e+00,2.862450000000000272e-01,-3.159199999999999786e-01,-1.330030000000000101e-01,-3.398280000000000189e-01,1.914250000000000118e-01,3.181129999999999791e-01,1.801119999999999943e-01,2.354060000000000041e-01,-6.711100000000000398e-02,-4.948899999999999827e-02,1.403230000000000033e-01,-5.419500000000000012e-02,1.776280000000000081e-01,3.975290000000000212e-01,4.119539999999999869e-01,1.325119999999999909e-01,1.871929999999999983e-01,-4.203120000000000189e-01,-5.085669999999999913e-01,-2.558500000000000218e-01,4.320700000000000096e-01,7.584610000000000518e-01,6.734419999999999851e-01,-2.020520000000000094e-01,-2.851330000000000253e-01,-5.266889999999999628e-01,-7.187459999999999960e-01,-2.863979999999999859e-01,1.207119999999999999e-01,5.240040000000000253e-01,-7.538599999999999468e-02,1.309349999999999958e-01,-1.915380000000000138e-01,2.684999999999999887e-02,7.444619999999999571e-01,6.533320000000000238e-01,-1.077179999999999943e-01,4.788359999999999839e-01,-1.707660000000000011e-01,2.487709999999999921e-01,3.393950000000000022e-01,2.651890000000000081e-01,1.864770000000000039e-01,-8.130000000000000291e-04,7.546180000000000110e-01,2.285929999999999906e-01,-1.158689999999999998e-01,3.810800000000000298e-02,2.050710000000000033e-01,2.084000000000000088e-02,3.399670000000000192e-01,1.626660000000000050e-01,1.392750000000000099e-01,-9.300000000000000541e-04,-1.129690000000000000e-01,1.916960000000000053e-01,-5.674799999999999983e-02,9.778199999999999392e-02,-3.041699999999999959e-02,2.832500000000000018e-01,-2.541099999999999956e-02,-4.468250000000000277e-01
-1.719899999999999901e-02,-7.285600000000000409e-02,6.618020000000000014e-01,1.825130000000000086e-01,4.885639999999999983e-01,9.015800000000000203e-02,6.597100000000000186e-02,1.084370000000000056e-01,6.151050000000000129e-01,2.310580000000000134e-01,6.077280000000000459e-01,-6.812000000000000347e-03,3.689819999999999767e-01,2.862450000000000272e-01,1.000000000000000000e+00,6.812000000000000347e-03,3.046650000000000191e-01,2.512229999999999741e-01,6.029619999999999980e-01,8.394580000000000375e-01,6.231780000000000097e-01,3.301200000000000245e-01,1.850090000000000068e-01,9.099599999999999356e-02,8.257399999999999463e-02,2.902730000000000032e-01,4.923339999999999939e-01,6.745539999999999869e-01,4.004499999999999726e-01,6.766560000000000352e-01,4.847049999999999970e-01,-1.140869999999999940e-01,-1.371380000000000099e-01,7.052899999999999447e-02,8.931100000000000150e-02,3.881569999999999743e-01,2.456280000000000130e-01,1.680500000000000049e-02,5.961000000000000153e-03,-2.126740000000000019e-01,-3.053930000000000256e-01,-8.469000000000000139e-02,4.300709999999999811e-01,4.228250000000000064e-01,4.312300000000000161e-02,1.116909999999999986e-01,1.990659999999999930e-01,4.614510000000000001e-01,4.113459999999999894e-01,6.278589999999999449e-01,-7.711700000000000499e-02,3.905290000000000150e-01,1.712180000000000091e-01,5.819210000000000216e-01,3.868159999999999932e-01,7.113500000000000378e-01,2.048319999999999863e-01,4.323580000000000201e-01,4.350749999999999895e-01,9.394540000000000113e-01,1.829800000000000038e-01,3.341120000000000201e-01,3.612400000000000055e-01,6.351999999999999869e-01,7.919880000000000253e-01,5.219690000000000163e-01,6.497699999999999587e-01,2.694059999999999788e-01,6.165999999999999606e-03,1.522979999999999889e-01,2.525000000000000022e-01,3.232539999999999858e-01,5.818689999999999696e-01,8.655899999999999705e-02,4.920860000000000234e-01,9.178000000000000394e-03
4.805119999999999947e-01,3.437220000000000275e-01,-1.545580000000000009e-01,-2.072680000000000078e-01,-3.903220000000000023e-01,4.191600000000000187e-02,-3.735000000000000125e-02,-7.182900000000000396e-02,-3.068230000000000124e-01,1.489729999999999943e-01,-2.737539999999999973e-01,-2.315700000000000050e-02,1.731030000000000069e-01,-3.159199999999999786e-01,6.812000000000000347e-03,1.000000000000000000e+00,6.195479999999999876e-01,6.022739999999999760e-01,-6.723099999999999909e-02,1.038639999999999980e-01,2.611379999999999812e-01,4.831090000000000106e-01,-6.154099999999999848e-02,4.724300000000000027e-02,3.705189999999999872e-01,2.976699999999999902e-01,-9.278999999999999748e-02,8.408100000000000296e-02,1.241410000000000013e-01,-1.738100000000000062e-02,3.027839999999999976e-01,3.520070000000000143e-01,2.384209999999999940e-01,3.515220000000000011e-01,-3.125499999999999806e-02,-1.143890000000000046e-01,-2.141900000000000054e-02,6.135999999999999788e-02,2.381439999999999946e-01,2.125170000000000115e-01,2.350500000000000089e-01,1.656219999999999914e-01,2.141399999999999901e-02,-1.705730000000000024e-01,-1.779800000000000132e-02,3.101340000000000208e-01,-1.200969999999999954e-01,-1.826359999999999928e-01,-2.108879999999999921e-01,-3.001789999999999736e-01,1.536530000000000118e-01,-2.320099999999999940e-01,-1.950500000000000012e-01,-3.071349999999999913e-01,-3.620799999999999713e-02,-2.259190000000000087e-01,-1.481030000000000124e-01,-7.333399999999999641e-02,-2.426939999999999931e-01,5.328100000000000197e-02,3.552699999999999747e-01,1.915030000000000066e-01,2.461379999999999957e-01,8.371999999999999234e-03,-8.696700000000000264e-02,6.600399999999999323e-02,-4.143199999999999661e-02,-1.834290000000000087e-01,-4.567500000000000032e-02,-1.650790000000000035e-01,2.952000000000000110e-02,-1.212460000000000065e-01,-2.897200000000000122e-02,1.951739999999999864e-01,9.734700000000000297e-02,1.331390000000000073e-01
4.581180000000000252e-01,4.931189999999999740e-01,2.001989999999999881e-01,-2.300899999999999890e-01,-5.991099999999999898e-02,3.612159999999999815e-01,6.687700000000000589e-02,2.130219999999999891e-01,2.102009999999999990e-01,5.587860000000000049e-01,5.497400000000000203e-02,3.432769999999999988e-01,5.244760000000000533e-01,-1.330030000000000101e-01,3.046650000000000191e-01,6.195479999999999876e-01,1.000000000000000000e+00,6.908659999999999801e-01,2.095809999999999895e-01,4.567450000000000121e-01,5.670140000000000180e-01,5.213980000000000281e-01,1.981340000000000046e-01,4.852719999999999811e-01,4.457340000000000191e-01,6.571449999999999791e-01,2.428629999999999955e-01,3.418300000000000227e-01,4.195880000000000165e-01,3.191189999999999860e-01,2.954200000000000159e-01,3.537029999999999896e-01,1.675850000000000117e-01,3.322149999999999825e-01,9.821999999999999134e-03,7.165499999999999647e-02,1.236050000000000065e-01,1.539840000000000098e-01,3.183909999999999796e-01,1.325639999999999874e-01,3.135199999999999793e-02,-5.403600000000000070e-02,2.489119999999999944e-01,1.357369999999999965e-01,1.276539999999999897e-01,4.275019999999999931e-01,1.150700000000000056e-01,1.927270000000000094e-01,-5.874299999999999661e-02,2.502800000000000163e-02,2.893029999999999768e-01,1.267310000000000103e-01,2.813699999999999882e-02,2.174300000000000122e-01,4.504460000000000131e-01,1.396880000000000066e-01,3.497879999999999878e-01,3.436109999999999998e-01,-2.891799999999999926e-02,2.698900000000000188e-01,4.837159999999999793e-01,6.206369999999999942e-01,4.247670000000000057e-01,2.301159999999999872e-01,2.736179999999999723e-01,2.592010000000000147e-01,3.588100000000000178e-01,1.530300000000000063e-02,3.599060000000000037e-01,1.138789999999999941e-01,4.800200000000000022e-01,1.518879999999999952e-01,1.844570000000000098e-01,2.733240000000000114e-01,3.546210000000000195e-01,8.441099999999999992e-02
-2.972899999999999848e-02,3.397740000000000204e-01,2.716250000000000053e-01,-1.554730000000000001e-01,-1.615290000000000059e-01,4.965649999999999786e-01,-2.024380000000000068e-01,3.597719999999999807e-01,5.616999999999999771e-02,3.154529999999999834e-01,7.927199999999999525e-02,4.002040000000000042e-01,5.567710000000000159e-01,-3.398280000000000189e-01,2.512229999999999741e-01,6.022739999999999760e-01,6.908659999999999801e-01,1.000000000000000000e+00,2.999330000000000052e-01,2.515229999999999966e-01,3.062000000000000277e-01,1.156599999999999989e-01,1.913739999999999886e-01,2.657399999999999762e-01,1.361269999999999980e-01,5.609220000000000317e-01,1.000729999999999953e-01,2.576559999999999961e-01,-8.222000000000000142e-03,2.507750000000000257e-01,1.322530000000000094e-01,3.433039999999999980e-01,3.323729999999999740e-01,2.670919999999999961e-01,-9.317999999999999894e-02,-1.546339999999999937e-01,-1.927220000000000044e-01,1.375000000000000111e-01,2.464020000000000099e-01,3.643549999999999844e-01,3.251649999999999818e-01,2.295310000000000128e-01,2.646109999999999851e-01,-1.061330000000000051e-01,1.063459999999999961e-01,-4.198400000000000049e-02,2.143609999999999960e-01,2.608340000000000103e-01,-2.131859999999999866e-01,-7.573599999999999777e-02,1.258660000000000057e-01,-1.040890000000000010e-01,2.312839999999999896e-01,1.005500000000000005e-01,8.731200000000000072e-02,1.509070000000000134e-01,2.608039999999999803e-01,4.640150000000000108e-01,-1.580229999999999968e-01,2.437570000000000014e-01,4.796560000000000268e-01,5.619199999999999751e-01,3.517270000000000119e-01,3.984519999999999729e-01,1.379599999999999993e-01,8.455899999999999528e-02,1.951779999999999904e-01,-3.338100000000000095e-02,8.765100000000000668e-02,-1.449920000000000098e-01,2.924450000000000105e-01,-7.313999999999999668e-02,3.229870000000000241e-01,-2.468349999999999989e-01,3.327060000000000017e-01,1.874599999999999878e-01
-7.221500000000000141e-02,9.643899999999999695e-02,8.432479999999999976e-01,2.235999999999999932e-01,4.637689999999999868e-01,2.981559999999999766e-01,1.477759999999999907e-01,2.622289999999999899e-01,6.842730000000000201e-01,3.119430000000000258e-01,7.897760000000000336e-01,2.348899999999999877e-01,4.966949999999999976e-01,1.914250000000000118e-01,6.029619999999999980e-01,-6.723099999999999909e-02,2.095809999999999895e-01,2.999330000000000052e-01,1.000000000000000000e+00,6.313429999999999875e-01,3.823750000000000204e-01,2.004769999999999885e-01,1.561549999999999883e-01,2.672200000000000131e-01,6.375899999999999623e-02,2.819019999999999859e-01,4.789240000000000164e-01,6.145329999999999959e-01,2.987850000000000228e-01,6.919490000000000363e-01,3.686459999999999737e-01,-7.294200000000000683e-02,-9.623199999999999810e-02,3.896800000000000264e-02,1.634099999999999997e-01,3.551480000000000192e-01,1.029859999999999942e-01,3.037000000000000203e-03,8.779299999999999604e-02,-6.920900000000000662e-02,-1.559409999999999963e-01,-3.207399999999999834e-02,4.073760000000000159e-01,3.036860000000000115e-01,6.254300000000000137e-02,1.006399999999999934e-01,3.799500000000000099e-01,6.446539999999999493e-01,2.701970000000000205e-01,5.701669999999999794e-01,-1.025299999999999996e-02,3.627130000000000076e-01,3.484260000000000135e-01,5.918369999999999465e-01,4.161860000000000004e-01,7.530360000000000387e-01,3.738909999999999734e-01,5.699370000000000269e-01,3.354219999999999979e-01,5.371820000000000483e-01,2.793590000000000240e-01,4.569719999999999893e-01,4.001310000000000144e-01,8.970519999999999605e-01,6.239670000000000494e-01,3.886100000000000110e-01,5.222240000000000215e-01,2.718189999999999773e-01,1.266039999999999943e-01,2.469409999999999938e-01,3.754830000000000112e-01,3.241930000000000089e-01,6.131579999999999808e-01,-1.904099999999999890e-02,5.384529999999999594e-01,1.226010000000000016e-01
2.302140000000000020e-01,1.581480000000000108e-01,6.537150000000000460e-01,7.773399999999999754e-02,3.837499999999999800e-01,1.087359999999999993e-01,1.162860000000000005e-01,6.009300000000000058e-02,6.646330000000000293e-01,3.287039999999999962e-01,5.017740000000000533e-01,9.702500000000000013e-02,4.882360000000000033e-01,3.181129999999999791e-01,8.394580000000000375e-01,1.038639999999999980e-01,4.567450000000000121e-01,2.515229999999999966e-01,6.313429999999999875e-01,1.000000000000000000e+00,5.381730000000000125e-01,6.146380000000000177e-01,5.503299999999999859e-02,2.443980000000000041e-01,2.480829999999999980e-01,3.832949999999999968e-01,4.967219999999999969e-01,7.332999999999999519e-01,5.264919999999999600e-01,6.684909999999999464e-01,3.945859999999999923e-01,-1.517310000000000048e-01,-2.881290000000000240e-01,-4.201499999999999679e-02,7.111099999999999366e-02,4.500390000000000224e-01,3.602199999999999847e-01,-8.650599999999999956e-02,-3.493600000000000178e-02,-3.258199999999999985e-01,-3.774159999999999737e-01,-3.101720000000000033e-01,3.656019999999999825e-01,5.341690000000000049e-01,1.227199999999999992e-02,2.541910000000000003e-01,1.246430000000000038e-01,4.923870000000000191e-01,3.662819999999999965e-01,5.719469999999999832e-01,8.913300000000000389e-02,3.387319999999999776e-01,5.321900000000000241e-02,5.873950000000000005e-01,5.239110000000000156e-01,6.059759999999999591e-01,2.836230000000000140e-01,4.273950000000000249e-01,4.148549999999999738e-01,7.939450000000000118e-01,3.388019999999999921e-01,4.035889999999999755e-01,3.576989999999999892e-01,6.028999999999999915e-01,8.873259999999999481e-01,3.753449999999999842e-01,7.099490000000000522e-01,1.668610000000000093e-01,1.139030000000000042e-01,2.171440000000000037e-01,3.812579999999999858e-01,4.277719999999999856e-01,5.612489999999999979e-01,3.020900000000000252e-01,5.854179999999999939e-01,2.572299999999999934e-02
