1.000000000000000000e+00,1.744169999999999887e-01,1.207899999999999946e-01,-3.957019999999999982e-01,-1.364499999999999914e-02,-2.019040000000000001e-01,-3.926180000000000225e-01,4.568900000000000045e-02,4.756699999999999817e-02,4.449100000000000277e-02,1.092130000000000045e-01,-7.923499999999999988e-02,-1.965040000000000120e-01,-2.736460000000000004e-01,1.106280000000000041e-01,2.499419999999999975e-01,-5.230400000000000327e-02,6.382100000000000273e-02,6.253799999999999637e-02,-4.360800000000000093e-02,5.293189999999999840e-01,2.318959999999999910e-01,-3.089899999999999938e-02,6.243389999999999773e-01,4.048479999999999857e-01,3.732969999999999899e-01,-5.395099999999999896e-02,-2.714289999999999758e-01,-2.603539999999999743e-01,-5.699499999999999705e-02,1.758999999999999930e-03,-3.011490000000000000e-01,4.755579999999999807e-01,5.255900000000000155e-02,-4.528449999999999975e-01,-2.582780000000000076e-01,-1.880969999999999864e-01,-1.332019999999999871e-01,-1.322379999999999944e-01,4.551250000000000018e-01,4.356769999999999810e-01,3.793099999999999805e-01,3.377999999999999926e-03,-2.409219999999999973e-01,1.062120000000000009e-01,8.776779999999999582e-01,-1.039579999999999949e-01,2.710330000000000239e-01,-9.629500000000000559e-02,6.313499999999999668e-02,3.561700000000000282e-02,1.772350000000000037e-01,2.707049999999999734e-01,2.147299999999999903e-02,1.966120000000000090e-01,2.124109999999999887e-01,2.761080000000000201e-01,1.172149999999999997e-01,-2.408160000000000023e-01,3.439899999999999902e-02,7.860599999999999532e-02,1.041119999999999962e-01,3.362699999999999717e-02,6.125799999999999995e-02,1.033089999999999981e-01,2.363639999999999908e-01,8.165500000000000536e-02,-4.111399999999999777e-02,6.123870000000000147e-01,2.149099999999999899e-01,4.793640000000000123e-01,8.598300000000000387e-02,2.038300000000000112e-01,2.411510000000000042e-01,3.865979999999999972e-01,5.763329999999999842e-01
1.744169999999999887e-01,1.000000000000000000e+00,-1.446500000000000043e-02,-1.218640000000000001e-01,-3.089700000000000085e-02,4.950459999999999861e-01,1.122300000000000034e-02,3.246089999999999809e-01,-2.418899999999999870e-02,3.117949999999999888e-01,-1.843799999999999953e-02,2.633869999999999822e-01,4.325399999999999801e-01,-2.857200000000000017e-02,-6.643300000000000594e-02,1.947530000000000094e-01,4.574250000000000260e-01,6.160569999999999657e-01,6.312399999999999956e-02,-1.214699999999999946e-01,2.452340000000000075e-01,4.372299999999999798e-02,3.984240000000000004e-01,3.815919999999999868e-01,4.410680000000000156e-01,7.549460000000000059e-01,2.118700000000000097e-02,-9.408400000000000096e-02,-5.003999999999999768e-03,-2.194830000000000114e-01,-1.593960000000000099e-01,4.143100000000000255e-02,3.544490000000000141e-01,-1.869349999999999901e-01,-2.633070000000000133e-01,-1.854109999999999925e-01,6.432000000000000217e-03,-3.249500000000000305e-02,1.813859999999999917e-01,2.877100000000000213e-01,1.432450000000000112e-01,1.839480000000000004e-01,9.088599999999999457e-02,-1.029930000000000012e-01,-2.724800000000000139e-02,9.870299999999999907e-02,7.310699999999999976e-01,-5.874200000000000255e-02,-3.806099999999999761e-02,-1.555400000000000012e-02,4.811489999999999934e-01,-7.199999999999999456e-02,3.988419999999999743e-01,-1.215899999999999967e-02,2.335649999999999948e-01,-6.736799999999999733e-02,3.875810000000000088e-01,4.578909999999999925e-01,-2.901499999999999913e-02,-3.667399999999999827e-02,1.542060000000000097e-01,4.808040000000000092e-01,2.445430000000000104e-01,1.282100000000000080e-02,4.568500000000000338e-02,1.438049999999999884e-01,7.516599999999999671e-02,2.264100000000000001e-01,3.312660000000000049e-01,2.284370000000000012e-01,6.614430000000000032e-01,7.617999999999999772e-03,-1.055900000000000068e-02,6.893799999999999928e-02,5.645999999999999977e-03,-8.747499999999999720e-02
1.207899999999999946e-01,-1.446500000000000043e-02,1.000000000000000000e+00,-4.735550000000000037e-01,5.057009999999999561e-01,1.671850000000000003e-01,-3.713449999999999807e-01,2.224490000000000078e-01,8.333760000000000057e-01,2.996699999999999919e-01,8.963480000000000336e-01,4.250720000000000054e-01,1.176589999999999997e-01,-9.247700000000000364e-02,7.236369999999999747e-01,-4.402500000000000163e-02,1.539329999999999865e-01,1.077240000000000003e-01,8.845570000000000377e-01,6.641219999999999901e-01,-2.016969999999999874e-01,5.178730000000000278e-01,3.627020000000000244e-01,2.070410000000000028e-01,9.964000000000000634e-02,3.463959999999999817e-01,5.845590000000000508e-01,2.586450000000000138e-01,-7.350500000000000089e-02,2.615509999999999780e-01,7.762999999999999935e-03,-5.333539999999999948e-01,-1.529459999999999986e-01,-4.852389999999999759e-01,-3.937579999999999969e-01,9.818100000000000438e-02,-2.419540000000000024e-01,7.081999999999999754e-03,-6.698640000000000150e-01,-1.482700000000000129e-01,-3.252539999999999876e-01,-3.439610000000000167e-01,-2.122900000000000134e-02,-6.579999999999999738e-02,2.502070000000000127e-01,5.292600000000000082e-02,2.461999999999999952e-02,8.772259999999999502e-01,-3.925409999999999733e-01,2.198589999999999989e-01,3.280250000000000110e-01,1.592800000000000119e-02,1.597210000000000019e-01,7.870869999999999811e-01,1.868400000000000061e-01,7.579090000000000549e-01,5.237739999999999618e-01,2.514390000000000236e-01,-7.084100000000000119e-02,7.267869999999999608e-01,-5.609499999999999903e-02,2.206919999999999993e-01,2.725199999999999845e-02,8.814859999999999918e-01,6.940939999999999888e-01,-1.481339999999999879e-01,5.949750000000000316e-01,4.269160000000000177e-01,1.210600000000000009e-01,-1.674630000000000007e-01,2.610609999999999875e-01,5.773449999999999971e-01,5.371110000000000051e-01,1.081649999999999973e-01,2.483619999999999994e-01,1.510370000000000046e-01
-3.957019999999999982e-01,-1.218640000000000001e-01,-4.735550000000000037e-01,1.000000000000000000e+00,-2.318139999999999923e-01,2.748590000000000200e-01,5.652810000000000334e-01,2.695499999999999979e-02,-4.157179999999999764e-01,3.619599999999999901e-02,-5.550939999999999763e-01,-4.282799999999999802e-02,6.821800000000000086e-02,2.683229999999999782e-01,-2.318129999999999913e-01,-1.467899999999999934e-02,6.696699999999999875e-02,-1.837199999999999944e-02,-4.941300000000000137e-01,-5.134699999999999681e-02,-9.922999999999999529e-03,-1.556839999999999891e-01,1.466619999999999868e-01,-5.163550000000000084e-01,-1.637639999999999929e-01,-2.249490000000000101e-01,-1.433399999999999952e-01,3.631679999999999908e-01,4.109229999999999827e-01,2.353069999999999884e-01,4.830150000000000277e-01,7.246669999999999501e-01,-4.212870000000000226e-01,2.942640000000000255e-01,6.136759999999999993e-01,4.556830000000000047e-01,4.626149999999999984e-01,2.828370000000000051e-01,5.069460000000000077e-01,-4.643519999999999870e-01,-2.448790000000000133e-01,-2.144840000000000080e-01,2.333669999999999911e-01,1.653489999999999960e-01,-1.155780000000000002e-01,-3.269529999999999936e-01,1.877550000000000052e-01,-4.309839999999999782e-01,5.174830000000000263e-01,-1.159459999999999935e-01,-1.720820000000000127e-01,-8.255099999999999938e-02,-1.133539999999999964e-01,-3.698100000000000276e-01,7.849899999999999933e-02,-4.593869999999999898e-01,-4.421300000000000230e-01,-2.580580000000000096e-01,3.197150000000000269e-01,-2.114610000000000101e-01,2.403589999999999893e-01,-7.607700000000000573e-02,1.422829999999999928e-01,-4.712790000000000035e-01,-4.456129999999999813e-01,2.357549999999999923e-01,-2.175570000000000004e-01,1.313159999999999883e-01,-5.325569999999999471e-01,1.570650000000000102e-01,-2.279140000000000055e-01,-3.429699999999999971e-01,-3.658810000000000118e-01,-4.013309999999999933e-01,-3.112809999999999744e-01,-3.824659999999999727e-01
-1.364499999999999914e-02,-3.089700000000000085e-02,5.057009999999999561e-01,-2.318139999999999923e-01,1.000000000000000000e+00,1.760220000000000118e-01,1.328670000000000129e-01,3.565000000000000027e-03,6.892949999999999910e-01,1.830910000000000037e-01,6.110050000000000203e-01,2.104910000000000114e-01,3.912769999999999859e-01,3.423970000000000069e-01,6.167489999999999917e-01,-2.716439999999999966e-01,2.457630000000000092e-01,7.631999999999999895e-02,3.331069999999999864e-01,4.688390000000000057e-01,-3.765799999999999703e-02,3.619979999999999865e-01,1.701959999999999862e-01,-5.099999999999999960e-05,4.969599999999999712e-02,1.170830000000000065e-01,5.951680000000000303e-01,4.603769999999999807e-01,1.130609999999999948e-01,2.750980000000000092e-01,1.093380000000000046e-01,-2.074689999999999868e-01,-2.927299999999999902e-01,-3.426299999999999901e-01,-9.034300000000000663e-02,-7.895900000000000141e-02,-1.398999999999999966e-01,2.095490000000000130e-01,-3.489399999999999724e-01,-3.018250000000000099e-01,-2.625140000000000251e-01,-1.680359999999999909e-01,3.102600000000000149e-02,-2.016610000000000069e-01,2.932460000000000067e-01,-7.957000000000000531e-03,6.098399999999999654e-02,5.842220000000000191e-01,-3.434100000000000347e-02,7.297839999999999883e-01,2.289410000000000056e-01,5.405149999999999677e-01,1.278279999999999972e-01,6.371550000000000269e-01,2.184530000000000083e-01,6.747379999999999489e-01,3.473479999999999901e-01,5.077739999999999476e-01,2.311189999999999911e-01,5.895679999999999810e-01,-9.351900000000000490e-02,3.046150000000000246e-01,-3.332100000000000339e-02,3.094210000000000016e-01,2.951880000000000059e-01,3.947799999999999920e-02,3.338590000000000169e-01,3.244270000000000209e-01,-8.367099999999999538e-02,-8.133899999999999464e-02,1.434040000000000037e-01,4.480169999999999986e-01,4.977300000000000058e-01,9.391900000000000248e-02,-1.560370000000000090e-01,1.816699999999999912e-02
-2.019040000000000001e-01,4.950459999999999861e-01,1.671850000000000003e-01,2.748590000000000200e-01,1.760220000000000118e-01,1.000000000000000000e+00,2.426399999999999946e-01,3.265500000000000069e-01,1.289859999999999896e-01,4.330370000000000053e-01,-1.764900000000000149e-02,4.376789999999999847e-01,5.354039999999999910e-01,8.756200000000000094e-02,1.697279999999999900e-01,1.072889999999999955e-01,5.084389999999999743e-01,5.017599999999999838e-01,1.301279999999999937e-01,2.133359999999999979e-01,3.497000000000000108e-03,1.519000000000000038e-02,7.643999999999999684e-01,-8.853400000000000158e-02,1.535239999999999938e-01,4.424779999999999824e-01,3.496319999999999983e-01,4.103140000000000120e-01,4.820090000000000208e-01,2.565689999999999915e-01,2.315669999999999951e-01,1.699229999999999907e-01,-3.168920000000000070e-01,-2.224679999999999991e-01,1.257669999999999899e-01,2.738229999999999831e-01,2.886639999999999762e-01,1.984269999999999923e-01,1.545499999999999999e-02,-3.568779999999999730e-01,-2.923609999999999820e-01,-3.490610000000000102e-01,1.042730000000000046e-01,-2.973800000000000054e-02,2.887699999999999989e-02,-2.236559999999999937e-01,6.535490000000000466e-01,5.731499999999999789e-02,1.826909999999999923e-01,1.472399999999999924e-02,6.867130000000000178e-01,4.002700000000000008e-02,2.311789999999999956e-01,1.286970000000000058e-01,4.030859999999999999e-01,-1.353000000000000036e-01,2.522800000000000042e-01,4.355029999999999735e-01,2.365339999999999943e-01,2.023250000000000048e-01,4.234310000000000018e-01,5.980889999999999818e-01,5.022739999999999982e-01,7.563000000000000278e-03,7.642999999999999794e-02,1.475390000000000035e-01,1.692829999999999890e-01,6.886959999999999749e-01,-1.103559999999999958e-01,1.951789999999999914e-01,3.830790000000000028e-01,1.194349999999999995e-01,3.392499999999999682e-02,-1.016300000000000016e-02,-1.692099999999999854e-02,-2.378929999999999934e-01
-3.926180000000000225e-01,1.122300000000000034e-02,-3.713449999999999807e-01,5.652810000000000334e-01,1.328670000000000129e-01,2.426399999999999946e-01,1.000000000000000000e+00,-1.787469999999999892e-01,-2.016469999999999929e-01,1.470970000000000055e-01,-3.441370000000000262e-01,-1.459709999999999896e-01,2.834740000000000038e-01,3.982379999999999809e-01,-7.457700000000000440e-02,2.893999999999999871e-03,2.676189999999999958e-01,1.561780000000000113e-01,-3.797699999999999965e-01,3.135899999999999799e-02,9.247099999999999764e-02,4.917900000000000049e-02,-6.372800000000000686e-02,-4.432409999999999961e-01,1.647889999999999910e-01,-2.128480000000000094e-01,1.390520000000000089e-01,3.829279999999999906e-01,5.633559999999999679e-01,2.600879999999999859e-01,4.240769999999999817e-01,5.951309999999999656e-01,-2.526129999999999765e-01,1.864870000000000139e-01,4.435049999999999826e-01,2.009279999999999955e-01,3.185879999999999823e-01,3.397330000000000072e-01,5.427279999999999882e-01,-2.860119999999999885e-01,-1.011839999999999962e-01,-1.171579999999999983e-01,1.894399999999999973e-01,8.147100000000000175e-02,-1.966299999999999992e-02,-2.243010000000000004e-01,2.756830000000000114e-01,-3.024850000000000039e-01,3.610160000000000036e-01,3.050729999999999831e-01,-1.309600000000000000e-02,2.559139999999999748e-01,-1.353949999999999876e-01,-1.815650000000000042e-01,2.016630000000000089e-01,-2.830750000000000210e-01,-3.245419999999999972e-01,1.755400000000000016e-02,4.182620000000000227e-01,-2.794500000000000109e-02,2.443390000000000006e-01,6.568599999999999439e-02,1.623360000000000081e-01,-4.159769999999999857e-01,-2.935050000000000159e-01,3.068279999999999896e-01,-5.204899999999999805e-02,1.266990000000000061e-01,-4.062180000000000235e-01,4.044340000000000157e-01,-8.823300000000000587e-02,-5.689899999999999819e-02,-8.898599999999999566e-02,-1.718000000000000083e-02,-2.668699999999999961e-01,-1.373999999999999944e-01
4.568900000000000045e-02,3.246089999999999809e-01,2.224490000000000078e-01,2.695499999999999979e-02,3.565000000000000027e-03,3.265500000000000069e-01,-1.787469999999999892e-01,1.000000000000000000e+00,8.256199999999999650e-02,2.757569999999999744e-01,2.342329999999999968e-01,6.472719999999999585e-01,3.335609999999999964e-01,1.844050000000000133e-01,-5.799599999999999894e-02,-2.207899999999999863e-01,2.314890000000000003e-01,2.327819999999999889e-01,1.541049999999999920e-01,-1.217570000000000041e-01,1.749940000000000107e-01,-2.117110000000000103e-01,6.523290000000000477e-01,3.638569999999999860e-01,-2.384469999999999923e-01,5.598729999999999540e-01,-1.605189999999999950e-01,9.512700000000000322e-02,-3.920779999999999821e-01,-4.351100000000000106e-02,-2.699639999999999818e-01,4.619399999999999895e-02,1.222860000000000058e-01,-2.480390000000000095e-01,-1.422009999999999941e-01,2.523380000000000067e-01,5.334200000000000053e-02,1.203530000000000016e-01,5.919100000000000056e-02,6.316900000000000293e-02,-2.102960000000000107e-01,-1.382009999999999905e-01,3.191570000000000240e-01,3.322399999999999659e-02,8.256800000000000250e-02,-5.035400000000000292e-02,3.399710000000000232e-01,1.511659999999999948e-01,1.958789999999999976e-01,-1.358890000000000098e-01,3.151100000000000012e-01,-1.020279999999999937e-01,7.552429999999999977e-01,1.322500000000000064e-01,2.414939999999999864e-01,1.657059999999999922e-01,5.966230000000000144e-01,3.047009999999999996e-01,-8.157799999999999774e-02,-4.203799999999999898e-02,-2.792529999999999735e-01,3.009519999999999973e-01,-4.599099999999999716e-02,1.843400000000000039e-01,-8.576000000000000290e-03,6.211499999999999660e-02,-4.119099999999999845e-02,3.031050000000000133e-01,2.464739999999999986e-01,-3.320290000000000186e-01,3.554740000000000122e-01,-2.146359999999999935e-01,7.984700000000000131e-02,-3.990469999999999851e-01,1.440240000000000131e-01,-2.640440000000000009e-01
4.756699999999999817e-02,-2.418899999999999870e-02,8.333760000000000057e-01,-4.157179999999999764e-01,6.892949999999999910e-01,1.289859999999999896e-01,-2.016469999999999929e-01,8.256199999999999650e-02,1.000000000000000000e+00,2.605390000000000206e-01,8.587839999999999918e-01,3.226789999999999936e-01,1.053499999999999992e-01,-8.184000000000000302e-03,7.721149999999999958e-01,-1.581650000000000000e-01,1.366900000000000059e-01,5.683699999999999863e-02,7.076480000000000548e-01,6.833609999999999962e-01,-1.689450000000000118e-01,5.809189999999999632e-01,2.350959999999999994e-01,1.201689999999999980e-01,1.838009999999999922e-01,3.021539999999999782e-01,7.383490000000000331e-01,2.657010000000000205e-01,1.912700000000000164e-02,2.558110000000000106e-01,4.165499999999999758e-02,-4.370109999999999828e-01,-1.953610000000000069e-01,-3.952100000000000057e-01,-2.396359999999999879e-01,3.221299999999999858e-02,-2.139240000000000030e-01,1.045370000000000049e-01,-5.770520000000000094e-01,-1.831520000000000092e-01,-2.993779999999999775e-01,-2.890849999999999809e-01,-7.318600000000000105e-02,-6.617800000000000071e-02,2.466230000000000089e-01,3.407099999999999712e-02,1.035829999999999945e-01,7.962890000000000246e-01,-3.926049999999999818e-01,4.738589999999999747e-01,2.645060000000000189e-01,5.142399999999999749e-02,7.736099999999999921e-02,9.648879999999999679e-01,2.271070000000000033e-01,7.537669999999999648e-01,4.534150000000000125e-01,2.333389999999999909e-01,2.630299999999999999e-02,7.918539999999999468e-01,-3.348600000000000187e-02,1.864599999999999869e-01,2.351900000000000171e-02,7.103260000000000129e-01,7.153500000000000414e-01,-5.001499999999999696e-02,6.990539999999999532e-01,4.308150000000000035e-01,3.038300000000000028e-02,-3.288100000000000050e-02,2.683139999999999969e-01,7.335909999999999931e-01,5.662399999999999656e-01,1.709630000000000039e-01,1.235190000000000038e-01,1.353320000000000078e-01
4.449100000000000277e-02,3.117949999999999888e-01,2.996699999999999919e-01,3.619599999999999901e-02,1.830910000000000037e-01,4.330370000000000053e-01,1.470970000000000055e-01,2.757569999999999744e-01,2.605390000000000206e-01,1.000000000000000000e+00,2.093029999999999891e-01,6.607039999999999580e-01,2.127040000000000042e-01,9.167999999999999761e-02,1.906249999999999889e-01,-5.723199999999999815e-02,5.669220000000000370e-01,2.622630000000000239e-01,2.763780000000000125e-01,2.344199999999999895e-01,-3.691699999999999843e-02,1.378550000000000053e-01,4.524369999999999781e-01,1.716100000000000125e-01,2.144590000000000107e-01,5.095589999999999842e-01,2.882810000000000095e-01,2.299619999999999997e-01,7.275399999999999923e-02,1.055569999999999981e-01,1.865880000000000039e-01,-1.125619999999999954e-01,-6.745800000000000407e-02,-1.688749999999999973e-01,-5.781000000000000028e-02,1.111120000000000024e-01,2.118240000000000123e-01,2.981820000000000026e-01,-1.859490000000000032e-01,-3.128100000000000325e-02,-1.990280000000000105e-01,-2.719960000000000155e-01,1.402460000000000095e-01,6.435200000000000642e-02,2.737680000000000113e-01,-2.987100000000000172e-02,3.174080000000000235e-01,2.101459999999999995e-01,-1.031949999999999951e-01,-4.387699999999999934e-02,3.205700000000000216e-01,-7.103399999999999992e-02,1.716179999999999928e-01,2.939220000000000166e-01,4.875570000000000181e-01,1.377049999999999941e-01,5.115709999999999980e-01,2.685359999999999969e-01,1.472999999999999917e-03,2.624960000000000071e-01,9.952300000000000035e-02,3.926209999999999978e-01,1.365669999999999940e-01,2.558179999999999898e-01,2.532110000000000194e-01,2.925699999999999829e-02,2.244690000000000019e-01,3.659990000000000188e-01,7.772800000000000542e-02,5.308399999999999924e-02,4.225599999999999912e-01,1.758160000000000001e-01,1.493470000000000075e-01,-4.406700000000000200e-02,1.044999999999999922e-02,-9.801300000000000290e-02
1.092130000000000045e-01,-1.843799999999999953e-02,8.963480000000000336e-01,-5.550939999999999763e-01,6.110050000000000203e-01,-1.764900000000000149e-02,-3.441370000000000262e-01,2.342329999999999968e-01,8.587839999999999918e-01,2.093029999999999891e-01,1.000000000000000000e+00,3.465449999999999919e-01,1.250239999999999962e-01,4.501100000000000240e-02,6.473689999999999722e-01,-2.162209999999999965e-01,5.788800000000000195e-02,-1.878600000000000061e-02,8.343030000000000168e-01,5.276030000000000442e-01,-1.457269999999999954e-01,4.344569999999999821e-01,1.887260000000000049e-01,2.720170000000000088e-01,6.384700000000000097e-02,3.019999999999999907e-01,5.140799999999999814e-01,1.598729999999999873e-01,-2.364400000000000113e-01,1.301680000000000059e-01,-1.982269999999999865e-01,-5.511939999999999618e-01,-4.023800000000000293e-02,-5.103659999999999863e-01,-4.491910000000000069e-01,2.784500000000000169e-02,-3.129580000000000140e-01,-3.005800000000000138e-02,-6.036270000000000246e-01,-1.954399999999999887e-02,-2.657720000000000082e-01,-2.205830000000000013e-01,-7.545999999999999756e-03,-5.700199999999999712e-02,2.021219999999999961e-01,4.184700000000000225e-02,-2.134499999999999939e-02,8.336850000000000094e-01,-4.468039999999999790e-01,3.661550000000000082e-01,2.400839999999999919e-01,7.146800000000000375e-02,2.374130000000000129e-01,8.141540000000000443e-01,1.062499999999999972e-01,8.703319999999999945e-01,5.521789999999999754e-01,2.724260000000000015e-01,-1.098309999999999981e-01,6.611770000000000147e-01,-2.858260000000000245e-01,1.197229999999999961e-01,-1.807610000000000050e-01,8.433100000000000041e-01,6.447100000000000053e-01,-1.366159999999999874e-01,5.296330000000000204e-01,2.514009999999999856e-01,1.919089999999999963e-01,-2.428690000000000015e-01,2.276509999999999923e-01,5.491939999999999600e-01,5.357180000000000275e-01,1.140710000000000057e-01,1.685099999999999931e-01,1.261799999999999866e-01
-7.923499999999999988e-02,2.633869999999999822e-01,4.250720000000000054e-01,-4.282799999999999802e-02,2.104910000000000114e-01,4.376789999999999847e-01,-1.459709999999999896e-01,6.472719999999999585e-01,3.226789999999999936e-01,6.607039999999999580e-01,3.465449999999999919e-01,1.000000000000000000e+00,3.015519999999999867e-01,1.294700000000000017e-01,2.002939999999999998e-01,-2.921659999999999813e-01,4.501290000000000013e-01,1.733429999999999971e-01,3.505770000000000275e-01,1.553219999999999879e-01,-1.631110000000000060e-01,-3.010200000000000028e-02,6.731430000000000469e-01,2.594279999999999919e-01,-2.167139999999999900e-01,6.130689999999999751e-01,1.780730000000000091e-01,2.329680000000000084e-01,-2.050309999999999910e-01,2.101000000000000003e-03,-7.370899999999999674e-02,-1.190819999999999934e-01,-1.601609999999999978e-01,-2.928100000000000147e-01,-2.298899999999999902e-02,2.329640000000000044e-01,1.337409999999999988e-01,2.198400000000000076e-01,-2.411989999999999967e-01,-1.599470000000000058e-01,-4.353650000000000020e-01,-3.602330000000000254e-01,1.909329999999999916e-01,8.414900000000000158e-02,2.181780000000000108e-01,-2.083319999999999894e-01,3.122690000000000188e-01,2.580529999999999768e-01,1.258100000000000017e-02,-1.296019999999999950e-01,3.791789999999999883e-01,-8.277900000000000535e-02,3.754730000000000012e-01,3.513959999999999861e-01,3.954940000000000122e-01,2.306769999999999932e-01,7.208409999999999540e-01,3.628299999999999859e-01,-8.263199999999999712e-02,2.020589999999999886e-01,-1.680059999999999887e-01,4.446510000000000185e-01,1.594500000000000084e-02,3.426440000000000041e-01,2.143919999999999992e-01,-1.299339999999999939e-01,1.633590000000000042e-01,3.945910000000000251e-01,7.438999999999999779e-02,-3.462379999999999902e-01,3.987589999999999746e-01,4.661300000000000165e-02,1.615880000000000094e-01,-3.164150000000000018e-01,-1.604500000000000023e-02,-3.331979999999999942e-01
-1.965040000000000120e-01,4.325399999999999801e-01,1.176589999999999997e-01,6.821800000000000086e-02,3.912769999999999859e-01,5.354039999999999910e-01,2.834740000000000038e-01,3.335609999999999964e-01,1.053499999999999992e-01,2.127040000000000042e-01,1.250239999999999962e-01,3.015519999999999867e-01,1.000000000000000000e+00,1.819910000000000139e-01,9.987799999999999456e-02,1.534510000000000041e-01,6.457669999999999799e-01,5.396180000000000421e-01,8.676300000000000678e-02,8.093300000000000494e-02,1.009430000000000049e-01,6.124000000000000103e-03,3.654939999999999856e-01,-9.752700000000000258e-02,-8.606300000000000061e-02,2.387130000000000085e-01,1.128220000000000056e-01,5.950370000000000381e-01,2.499939999999999940e-01,2.054110000000000102e-01,3.606199999999999684e-02,1.412539999999999907e-01,-1.929919999999999969e-01,-2.710250000000000159e-01,1.807800000000000032e-02,1.801169999999999993e-01,1.557830000000000048e-01,2.287700000000000150e-02,7.882500000000000617e-02,-2.482040000000000080e-01,-2.869050000000000211e-01,-8.579900000000000027e-02,2.663920000000000177e-01,6.281399999999999484e-02,-3.380000000000000192e-03,-2.044989999999999863e-01,4.711250000000000160e-01,1.272840000000000082e-01,3.193739999999999912e-01,3.420259999999999967e-01,4.834890000000000021e-01,4.007260000000000266e-01,3.081169999999999742e-01,8.328099999999999392e-02,3.281680000000000152e-01,1.088620000000000004e-01,2.554440000000000044e-01,7.118219999999999548e-01,1.284720000000000029e-01,1.065989999999999993e-01,1.493800000000000128e-01,6.815059999999999452e-01,3.807900000000000174e-01,1.114300000000000013e-02,-1.121879999999999961e-01,1.097360000000000002e-01,-2.640599999999999892e-02,3.277050000000000241e-01,-1.313620000000000065e-01,-5.750799999999999662e-02,1.827680000000000138e-01,-1.059309999999999974e-01,3.057690000000000130e-01,-8.036699999999999400e-02,2.042100000000000165e-02,-1.051529999999999965e-01
-2.736460000000000004e-01,-2.857200000000000017e-02,-9.247700000000000364e-02,2.683229999999999782e-01,3.423970000000000069e-01,8.756200000000000094e-02,3.982379999999999809e-01,1.844050000000000133e-01,-8.184000000000000302e-03,9.167999999999999761e-02,4.501100000000000240e-02,1.294700000000000017e-01,1.819910000000000139e-01,1.000000000000000000e+00,6.139200000000000212e-02,-4.364080000000000181e-01,-5.094100000000000017e-02,-1.258029999999999982e-01,-1.793220000000000092e-01,2.556800000000000045e-02,1.090990000000000015e-01,-6.465200000000000113e-02,1.607969999999999955e-01,-2.267689999999999984e-01,-1.321330000000000005e-01,-8.422200000000000519e-02,6.529200000000000281e-02,2.244680000000000009e-01,1.250500000000000049e-02,1.036080000000000056e-01,1.277550000000000074e-01,4.327659999999999840e-01,-2.078919999999999935e-01,-4.928500000000000242e-02,2.926529999999999965e-01,1.398359999999999881e-01,2.115120000000000056e-01,4.316099999999999937e-01,3.128600000000000270e-01,-2.522059999999999858e-01,-2.045720000000000038e-01,-1.507550000000000001e-01,2.278000000000000025e-01,-9.132700000000000540e-02,2.450029999999999986e-01,-2.308679999999999899e-01,1.427720000000000100e-01,-6.645500000000000018e-02,2.294239999999999891e-01,3.305210000000000092e-01,-2.054299999999999876e-02,2.259450000000000069e-01,1.986920000000000075e-01,-8.490000000000000368e-04,1.422750000000000126e-01,1.249590000000000006e-01,7.176399999999999446e-02,9.618599999999999373e-02,4.870929999999999982e-01,5.081299999999999706e-02,-2.578309999999999769e-01,-9.771999999999999437e-03,-2.819459999999999744e-01,-1.667609999999999926e-01,-1.998689999999999911e-01,2.618090000000000139e-01,-5.091999999999999998e-02,1.419420000000000126e-01,-2.582249999999999823e-01,-3.631100000000000300e-02,-5.148500000000000298e-02,-9.047600000000000087e-02,-3.322999999999999999e-03,-2.708840000000000137e-01,-3.496940000000000048e-01,-2.133859999999999923e-01
1.106280000000000041e-01,-6.643300000000000594e-02,7.236369999999999747e-01,-2.318129999999999913e-01,6.167489999999999917e-01,1.697279999999999900e-01,-7.457700000000000440e-02,-5.799599999999999894e-02,7.721149999999999958e-01,1.906249999999999889e-01,6.473689999999999722e-01,2.002939999999999998e-01,9.987799999999999456e-02,6.139200000000000212e-02,1.000000000000000000e+00,-1.627599999999999880e-02,1.041770000000000057e-01,2.223299999999999929e-02,5.301470000000000349e-01,8.668010000000000437e-01,-1.667300000000000032e-02,7.977919999999999456e-01,2.651589999999999780e-01,-4.405099999999999988e-02,2.229339999999999933e-01,1.888640000000000041e-01,8.124219999999999775e-01,4.186150000000000149e-01,2.564960000000000018e-01,4.734450000000000047e-01,3.384699999999999931e-01,-2.389570000000000027e-01,-3.463300000000000267e-01,-3.227240000000000109e-01,-1.183489999999999959e-01,5.573800000000000282e-02,-8.130900000000000627e-02,2.048959999999999948e-01,-4.423449999999999882e-01,-3.571679999999999855e-01,-2.905920000000000170e-01,-3.142949999999999910e-01,-3.432000000000000155e-03,-1.127340000000000009e-01,3.336060000000000136e-01,1.082120000000000026e-01,1.002720000000000000e-01,7.514420000000000543e-01,-2.921239999999999948e-01,4.413630000000000053e-01,2.417890000000000039e-01,1.995069999999999899e-01,-3.423899999999999860e-02,7.228449999999999598e-01,2.694079999999999808e-01,6.223670000000000035e-01,2.738499999999999823e-01,2.027440000000000075e-01,1.484449999999999936e-01,9.293599999999999639e-01,1.605719999999999925e-01,2.229520000000000113e-01,1.119509999999999950e-01,5.479789999999999939e-01,7.056949999999999612e-01,1.335250000000000048e-01,8.028279999999999861e-01,5.142179999999999529e-01,-1.232960000000000028e-01,1.013690000000000008e-01,2.264510000000000134e-01,7.472579999999999778e-01,6.016000000000000236e-01,2.090700000000000058e-01,1.520330000000000015e-01,2.845699999999999896e-01
2.499419999999999975e-01,1.947530000000000094e-01,-4.402500000000000163e-02,-1.467899999999999934e-02,-2.716439999999999966e-01,1.072889999999999955e-01,2.893999999999999871e-03,-2.207899999999999863e-01,-1.581650000000000000e-01,-5.723199999999999815e-02,-2.162209999999999965e-01,-2.921659999999999813e-01,1.534510000000000041e-01,-4.364080000000000181e-01,-1.627599999999999880e-02,1.000000000000000000e+00,3.079620000000000135e-01,6.069600000000000550e-01,4.312999999999999994e-03,1.473800000000000110e-01,2.115100000000000036e-01,3.379570000000000074e-01,-9.477900000000000214e-02,-1.320399999999999907e-01,3.121180000000000065e-01,-2.457200000000000009e-02,1.893600000000000144e-02,1.650480000000000003e-01,3.808369999999999811e-01,2.111409999999999954e-01,3.196550000000000225e-01,-5.918999999999999782e-03,8.983099999999999419e-02,7.739899999999999558e-02,-1.267290000000000083e-01,9.561300000000000354e-02,1.290400000000000054e-02,-2.177459999999999951e-01,-7.844999999999999543e-03,1.779100000000000126e-02,1.102830000000000060e-01,7.806200000000000638e-02,4.182199999999999807e-02,7.032700000000000062e-02,-1.794570000000000054e-01,2.720600000000000240e-01,8.714600000000000124e-02,-2.137599999999999917e-02,2.605700000000000030e-02,-1.469900000000000095e-01,1.485000000000000035e-02,-2.954199999999999882e-02,-2.326020000000000032e-01,-2.234619999999999940e-01,1.115949999999999998e-01,-2.589369999999999727e-01,-2.604350000000000276e-01,-8.701599999999999613e-02,-1.278849999999999987e-01,-5.309999999999999616e-03,6.663189999999999946e-01,1.908370000000000066e-01,7.169379999999999642e-01,-8.039999999999999925e-02,1.383999999999999987e-02,6.042700000000000154e-02,8.741999999999999771e-02,-1.128400000000000063e-02,-4.755899999999999711e-02,3.339579999999999771e-01,-2.224999999999999895e-02,4.160999999999999768e-03,9.885599999999999943e-02,1.791119999999999934e-01,3.970899999999999985e-01,3.763259999999999939e-01
-5.230400000000000327e-02,4.574250000000000260e-01,1.539329999999999865e-01,6.696699999999999875e-02,2.457630000000000092e-01,5.084389999999999743e-01,2.676189999999999958e-01,2.314890000000000003e-01,1.366900000000000059e-01,5.669220000000000370e-01,5.788800000000000195e-02,4.501290000000000013e-01,6.457669999999999799e-01,-5.094100000000000017e-02,1.041770000000000057e-01,3.079620000000000135e-01,1.000000000000000000e+00,6.274359999999999937e-01,1.025360000000000021e-01,1.794129999999999892e-01,2.949299999999999838e-02,1.566450000000000065e-01,3.474920000000000231e-01,5.769300000000000123e-02,1.201740000000000030e-01,4.181199999999999917e-01,2.283479999999999954e-01,4.704840000000000133e-01,3.239609999999999990e-01,1.400170000000000026e-01,2.537619999999999876e-01,-1.094700000000000013e-02,-1.118799999999999933e-01,-1.683020000000000072e-01,-1.312199999999999998e-02,9.428100000000000369e-02,1.574520000000000086e-01,1.172369999999999940e-01,-8.154999999999999749e-02,-1.438270000000000104e-01,-1.975369999999999904e-01,-1.479020000000000057e-01,2.215739999999999932e-01,7.792599999999999527e-02,6.550499999999999379e-02,-4.841000000000000164e-02,4.239399999999999835e-01,7.541799999999999893e-02,1.177509999999999946e-01,1.033789999999999987e-01,3.931499999999999995e-01,1.689990000000000103e-01,9.574900000000000078e-02,1.383340000000000125e-01,4.141409999999999814e-01,9.121000000000000635e-03,3.190950000000000175e-01,5.030850000000000044e-01,5.692799999999999944e-02,1.289260000000000128e-01,3.029879999999999796e-01,6.786229999999999762e-01,4.741560000000000219e-01,3.749500000000000055e-02,6.063299999999999940e-02,1.308899999999999994e-02,9.684600000000000153e-02,2.622729999999999784e-01,-4.749199999999999949e-02,5.661299999999999666e-02,3.069970000000000199e-01,2.501400000000000151e-02,2.102390000000000092e-01,-9.206999999999999906e-03,-1.280000000000000105e-03,-6.919999999999999762e-02
6.382100000000000273e-02,6.160569999999999657e-01,1.077240000000000003e-01,-1.837199999999999944e-02,7.631999999999999895e-02,5.017599999999999838e-01,1.561780000000000113e-01,2.327819999999999889e-01,5.683699999999999863e-02,2.622630000000000239e-01,-1.878600000000000061e-02,1.733429999999999971e-01,5.396180000000000421e-01,-1.258029999999999982e-01,2.223299999999999929e-02,6.069600000000000550e-01,6.274359999999999937e-01,1.000000000000000000e+00,7.188400000000000345e-02,1.315649999999999875e-01,1.965089999999999892e-01,2.321729999999999905e-01,3.510159999999999947e-01,4.082899999999999724e-02,3.391600000000000170e-01,4.190940000000000221e-01,1.697849999999999915e-01,2.796719999999999762e-01,2.444820000000000049e-01,1.757640000000000036e-01,1.271450000000000080e-01,5.220600000000000240e-02,7.414300000000000057e-02,-2.476150000000000018e-01,-1.914460000000000051e-01,5.160599999999999909e-02,1.769899999999999946e-02,-6.963900000000000645e-02,5.107400000000000134e-02,-3.323399999999999965e-02,-9.711400000000000587e-02,-8.647999999999999438e-03,1.462309999999999999e-01,-6.908499999999999364e-02,5.081999999999999712e-03,4.528700000000000087e-02,5.445440000000000280e-01,6.996499999999999941e-02,1.209380000000000038e-01,3.440399999999999708e-02,3.578419999999999934e-01,4.689900000000000319e-02,2.337740000000000096e-01,2.243600000000000108e-02,3.462999999999999967e-01,-7.845900000000000096e-02,2.250929999999999875e-01,3.795859999999999790e-01,-2.005399999999999891e-02,8.768499999999999905e-02,4.580330000000000235e-01,5.522529999999999939e-01,6.527140000000000164e-01,4.372000000000000018e-03,5.465600000000000319e-02,8.881300000000000305e-02,1.065200000000000036e-01,2.868629999999999791e-01,4.437699999999999978e-02,2.491460000000000063e-01,3.362800000000000233e-01,4.075000000000000150e-02,1.606400000000000050e-01,-8.220999999999999142e-03,2.316809999999999981e-01,7.429999999999999973e-03
6.253799999999999637e-02,6.312399999999999956e-02,8.845570000000000377e-01,-4.941300000000000137e-01,3.331069999999999864e-01,1.301279999999999937e-01,-3.797699999999999965e-01,1.541049999999999920e-01,7.076480000000000548e-01,2.763780000000000125e-01,8.343030000000000168e-01,3.505770000000000275e-01,8.676300000000000678e-02,-1.793220000000000092e-01,5.301470000000000349e-01,4.312999999999999994e-03,1.025360000000000021e-01,7.188400000000000345e-02,1.000000000000000000e+00,4.894839999999999747e-01,-2.789490000000000025e-01,3.911959999999999882e-01,2.246279999999999943e-01,2.366570000000000062e-01,1.177939999999999959e-01,3.193659999999999832e-01,3.988610000000000211e-01,1.423379999999999923e-01,-1.226290000000000019e-01,1.038530000000000009e-01,-1.369529999999999914e-01,-5.412829999999999586e-01,-2.770799999999999999e-02,-4.372650000000000148e-01,-4.294649999999999856e-01,9.990000000000000269e-02,-2.371649999999999869e-01,-6.964299999999999657e-02,-6.125850000000000461e-01,-3.780000000000000265e-04,-2.583170000000000188e-01,-2.928790000000000004e-01,-2.714000000000000093e-02,7.016899999999999527e-02,7.679300000000000015e-02,-2.303699999999999845e-02,2.861000000000000001e-02,7.375939999999999719e-01,-4.797859999999999903e-01,1.483440000000000036e-01,3.014100000000000112e-01,-7.133200000000000651e-02,9.796199999999999353e-02,6.658279999999999754e-01,3.721399999999999708e-02,6.620390000000000441e-01,4.485450000000000270e-01,2.036519999999999997e-01,-1.266950000000000021e-01,5.696080000000000032e-01,-7.242800000000000626e-02,1.316469999999999863e-01,2.348899999999999946e-02,9.326520000000000366e-01,6.176289999999999836e-01,-2.636249999999999982e-01,4.814370000000000038e-01,2.671009999999999773e-01,1.596740000000000104e-01,-1.970830000000000082e-01,2.034839999999999982e-01,4.425600000000000089e-01,4.271499999999999742e-01,1.390339999999999909e-01,2.082430000000000114e-01,9.781499999999999917e-02
-4.360800000000000093e-02,-1.214699999999999946e-01,6.641219999999999901e-01,-5.134699999999999681e-02,4.688390000000000057e-01,2.133359999999999979e-01,3.135899999999999799e-02,-1.217570000000000041e-01,6.833609999999999962e-01,2.344199999999999895e-01,5.276030000000000442e-01,1.553219999999999879e-01,8.093300000000000494e-02,2.556800000000000045e-02,8.668010000000000437e-01,1.473800000000000110e-01,1.794129999999999892e-01,1.315649999999999875e-01,4.894839999999999747e-01,1.000000000000000000e+00,-1.225019999999999998e-01,8.487419999999999964e-01,2.438839999999999897e-01,-2.504000000000000115e-01,2.441699999999999982e-01,8.786900000000000266e-02,8.183399999999999563e-01,5.335330000000000350e-01,4.445999999999999952e-01,6.154880000000000351e-01,5.364400000000000279e-01,-1.405220000000000080e-01,-4.582789999999999919e-01,-3.254659999999999775e-01,-1.773000000000000053e-03,2.442880000000000051e-01,1.235600000000000066e-02,1.997130000000000016e-01,-4.377570000000000072e-01,-4.832929999999999726e-01,-4.003539999999999877e-01,-4.318500000000000116e-01,4.410100000000000131e-02,1.500600000000000024e-02,3.136999999999999789e-01,4.452000000000000228e-03,1.062960000000000016e-01,6.530030000000000001e-01,-2.655230000000000090e-01,2.791230000000000100e-01,1.421789999999999998e-01,8.004999999999999963e-03,-1.953670000000000129e-01,6.327159999999999451e-01,2.585489999999999733e-01,4.433799999999999963e-01,1.173349999999999949e-01,1.797699999999999992e-02,2.014130000000000087e-01,8.896880000000000344e-01,3.373820000000000152e-01,1.475650000000000017e-01,2.622950000000000004e-01,4.979799999999999782e-01,7.190459999999999630e-01,1.499230000000000007e-01,8.289290000000000269e-01,5.534799999999999720e-01,-2.952799999999999869e-01,1.579109999999999958e-01,9.124300000000000466e-02,7.232210000000000027e-01,5.580619999999999470e-01,1.255630000000000079e-01,1.805150000000000088e-01,2.553579999999999739e-01
