1.000000000000000000e+00,3.978459999999999774e-01,3.209910000000000263e-01,1.403369999999999895e-01,4.428549999999999986e-01,1.391419999999999879e-01,4.203210000000000002e-01,2.275159999999999960e-01,5.081989999999999563e-01,1.503499999999999975e-02,4.680230000000000223e-01,1.237589999999999940e-01,1.729829999999999979e-01,1.479399999999999882e-01,4.588900000000000201e-01,6.496420000000000528e-01,4.080509999999999970e-01,4.940329999999999999e-01,2.895240000000000036e-01,5.768609999999999571e-01,5.558279999999999887e-01,6.079679999999999529e-01,2.725650000000000017e-01,-1.433699999999999974e-01,4.401849999999999929e-01,4.719349999999999934e-01,3.958720000000000017e-01,3.088759999999999839e-01,4.102060000000000151e-01,4.430089999999999861e-01,4.279729999999999923e-01,-2.716459999999999986e-01,-2.859309999999999907e-01,4.217850000000000210e-01,2.864329999999999932e-01,-2.755739999999999856e-01,-2.372970000000000079e-01,4.042129999999999890e-01,-3.253159999999999941e-01,-2.010740000000000027e-01,3.350850000000000217e-01,-3.943840000000000123e-01,4.475300000000000111e-02,-4.092549999999999799e-01,3.617259999999999920e-01,7.993930000000000202e-01,3.300930000000000253e-01,2.701970000000000205e-01,3.029310000000000058e-01,3.429010000000000113e-01,1.478649999999999964e-01,2.225650000000000128e-01,1.622850000000000126e-01,3.981859999999999844e-01,1.593800000000000078e-02,4.480990000000000251e-01,4.391199999999999964e-02,-1.649390000000000023e-01,3.653830000000000133e-01,4.322259999999999991e-01,5.493130000000000512e-01,3.993630000000000235e-01,1.735099999999999976e-01,2.557900000000000104e-02,1.142900000000000027e-01,4.590380000000000016e-01,5.322390000000000176e-01,2.996409999999999907e-01,-7.750500000000000445e-02,2.310490000000000044e-01,4.177710000000000035e-01,3.457790000000000030e-01,-9.497999999999999499e-02,1.786459999999999992e-01,-1.569260000000000099e-01,-1.333120000000000138e-01
3.978459999999999774e-01,1.000000000000000000e+00,3.241490000000000204e-01,4.403699999999999837e-01,7.154139999999999944e-01,6.047489999999999810e-01,7.809350000000000458e-01,4.613119999999999998e-01,6.143159999999999732e-01,4.050179999999999891e-01,6.185140000000000082e-01,5.726529999999999676e-01,7.431250000000000355e-01,5.954679999999999973e-01,1.778059999999999918e-01,7.131229999999999514e-01,6.285460000000000491e-01,6.308939999999999548e-01,4.281920000000000170e-01,7.129849999999999799e-01,3.947439999999999838e-01,7.442010000000000014e-01,5.484390000000000098e-01,-3.026260000000000061e-01,8.573499999999999455e-01,7.605570000000000386e-01,5.709539999999999615e-01,6.853879999999999972e-01,5.379159999999999497e-01,5.038139999999999841e-01,6.602329999999999588e-01,-5.259690000000000198e-01,-5.234720000000000484e-01,6.198289999999999633e-01,4.357360000000000122e-01,-7.981199999999999406e-02,5.839600000000000346e-02,4.838620000000000143e-01,-6.103539999999999521e-01,-5.223010000000000153e-01,4.935030000000000250e-01,-3.787289999999999823e-01,3.237459999999999782e-01,-1.942750000000000032e-01,1.643600000000000061e-01,3.880819999999999825e-01,7.806340000000000501e-01,2.298320000000000085e-01,5.481639999999999846e-01,5.547999999999999599e-01,4.991840000000000166e-01,4.690949999999999842e-01,3.779150000000000009e-01,3.940170000000000061e-01,3.534340000000000259e-01,6.145080000000000542e-01,4.762830000000000119e-01,8.966499999999999471e-02,6.293269999999999698e-01,1.085870000000000030e-01,3.648319999999999896e-01,6.318160000000000442e-01,5.618599999999999983e-02,-4.228099999999999914e-02,-9.699099999999999389e-02,1.007210000000000050e-01,3.896669999999999856e-01,4.586939999999999906e-01,-4.799169999999999825e-01,5.453379999999999894e-01,4.838569999999999816e-01,5.240810000000000191e-01,-3.051880000000000148e-01,5.550499999999999878e-02,-4.536259999999999737e-01,-6.119510000000000227e-01
3.209910000000000263e-01,3.241490000000000204e-01,1.000000000000000000e+00,8.803600000000000314e-02,4.825829999999999842e-01,6.792299999999999727e-02,4.202500000000000124e-01,2.296420000000000128e-01,5.728450000000000486e-01,2.946030000000000038e-01,5.987590000000000412e-01,2.574100000000000277e-01,2.254500000000000115e-01,1.838500000000000134e-01,1.817640000000000089e-01,3.736119999999999997e-01,5.513259999999999827e-01,2.951929999999999832e-01,6.582069999999999865e-01,4.619630000000000125e-01,2.129780000000000006e-01,4.332849999999999757e-01,3.471810000000000174e-01,1.169800000000000006e-02,4.365379999999999816e-01,4.355749999999999900e-01,2.555879999999999819e-01,2.114459999999999951e-01,8.939400000000000124e-02,3.371080000000000187e-01,4.139510000000000134e-01,-8.071599999999999608e-02,-2.326310000000000044e-01,3.314159999999999884e-01,2.464800000000000046e-01,-3.176649999999999752e-01,-1.026510000000000061e-01,5.234130000000000171e-01,-1.876490000000000102e-01,-2.343000000000000083e-01,3.290620000000000211e-01,-1.999300000000000035e-02,2.319360000000000033e-01,-1.097390000000000032e-01,4.054840000000000111e-01,4.078260000000000218e-01,2.676089999999999858e-01,7.871190000000000131e-01,3.021289999999999809e-01,5.659429999999999739e-01,2.807939999999999880e-01,4.563420000000000254e-01,2.243900000000000061e-01,6.820300000000000251e-01,3.321999999999999953e-01,5.218979999999999730e-01,1.857520000000000004e-01,1.770130000000000037e-01,3.991319999999999868e-01,1.615429999999999922e-01,3.560499999999999776e-01,5.752939999999999721e-01,3.559780000000000166e-01,5.495910000000000517e-01,2.790219999999999922e-01,-4.792099999999999832e-02,5.853739999999999499e-01,2.837879999999999847e-01,-2.683599999999999874e-02,4.110500000000000265e-01,4.290470000000000117e-01,3.032340000000000035e-01,1.999410000000000076e-01,2.019219999999999904e-01,4.905000000000000332e-02,-1.156559999999999949e-01
1.403369999999999895e-01,4.403699999999999837e-01,8.803600000000000314e-02,1.000000000000000000e+00,6.918400000000000105e-01,3.817980000000000262e-01,5.667569999999999553e-01,3.598390000000000200e-01,4.854029999999999734e-01,6.384800000000000197e-02,5.092410000000000547e-01,3.824719999999999787e-01,5.399620000000000530e-01,5.869020000000000348e-01,7.118599999999999928e-02,4.451950000000000074e-01,4.325229999999999908e-01,1.895830000000000015e-01,2.882469999999999755e-01,2.945510000000000073e-01,2.199079999999999924e-01,3.184179999999999788e-01,3.999739999999999962e-01,-4.554630000000000067e-01,2.577470000000000039e-01,2.954149999999999832e-01,2.272510000000000085e-01,5.390500000000000291e-01,2.360839999999999883e-01,5.331010000000000471e-01,5.925350000000000339e-01,-5.497459999999999569e-01,-5.794010000000000549e-01,6.043880000000000363e-01,3.153909999999999769e-01,-6.493899999999999673e-02,3.248000000000000193e-02,3.252519999999999856e-01,-6.097580000000000222e-01,-6.032840000000000424e-01,5.000120000000000120e-01,-4.570540000000000158e-01,2.547209999999999752e-01,-2.207820000000000060e-01,6.440099999999999991e-02,1.809429999999999927e-01,4.722879999999999856e-01,1.805259999999999920e-01,6.061739999999999906e-01,4.508719999999999950e-01,5.032659999999999911e-01,3.398590000000000222e-01,4.348750000000000115e-01,3.131729999999999792e-01,2.399899999999999950e-02,5.633759999999999879e-01,2.504060000000000175e-01,7.768100000000000005e-02,6.310299999999999798e-01,-3.449999999999999833e-04,-5.015999999999999626e-03,4.275169999999999804e-01,-3.056240000000000068e-01,-2.156750000000000056e-01,-3.426870000000000194e-01,9.687800000000000578e-02,-3.755499999999999811e-02,4.922360000000000069e-01,-5.328070000000000306e-01,1.924700000000000022e-01,1.836579999999999879e-01,3.565760000000000041e-01,-3.902089999999999725e-01,4.832299999999999790e-02,-4.076210000000000111e-01,-6.609120000000000550e-01
4.428549999999999986e-01,7.154139999999999944e-01,4.825829999999999842e-01,6.918400000000000105e-01,1.000000000000000000e+00,5.140430000000000277e-01,8.937460000000000404e-01,5.180240000000000400e-01,8.540440000000000254e-01,2.562510000000000066e-01,8.307569999999999677e-01,5.784559999999999702e-01,6.662489999999999801e-01,6.892549999999999510e-01,2.473779999999999868e-01,7.555279999999999774e-01,8.086029999999999607e-01,4.877250000000000196e-01,6.220679999999999543e-01,7.040899999999999936e-01,4.240280000000000160e-01,7.021749999999999936e-01,5.566259999999999541e-01,-3.675780000000000158e-01,6.308570000000000011e-01,6.810199999999999587e-01,5.220620000000000260e-01,6.858830000000000204e-01,4.382220000000000004e-01,7.116700000000000248e-01,8.761130000000000306e-01,-6.402600000000000513e-01,-7.319590000000000263e-01,8.620900000000000230e-01,6.062349999999999683e-01,-2.636399999999999855e-01,-5.272199999999999803e-02,6.617119999999999669e-01,-7.615129999999999955e-01,-7.329499999999999904e-01,7.641930000000000112e-01,-4.396100000000000008e-01,4.973489999999999855e-01,-2.681959999999999900e-01,3.433530000000000193e-01,5.279209999999999736e-01,6.741690000000000182e-01,5.074990000000000334e-01,7.748319999999999652e-01,8.168900000000000050e-01,6.230700000000000127e-01,6.897309999999999830e-01,5.164339999999999486e-01,7.231779999999999875e-01,2.397529999999999939e-01,9.053590000000000249e-01,4.074789999999999801e-01,2.047869999999999968e-01,8.909270000000000245e-01,1.564629999999999910e-01,2.938100000000000156e-01,8.004750000000000476e-01,-3.977599999999999886e-02,9.549100000000000643e-02,-1.252379999999999882e-01,9.490999999999999437e-02,3.800560000000000049e-01,6.073479999999999990e-01,-5.419969999999999510e-01,4.394250000000000100e-01,5.079120000000000301e-01,5.764320000000000555e-01,-2.771449999999999747e-01,1.848490000000000133e-01,-4.372829999999999773e-01,-7.260259999999999492e-01
1.391419999999999879e-01,6.047489999999999810e-01,6.792299999999999727e-02,3.817980000000000262e-01,5.140430000000000277e-01,1.000000000000000000e+00,4.550049999999999928e-01,4.910189999999999833e-01,4.381659999999999999e-01,9.520499999999999796e-02,3.867619999999999947e-01,3.763210000000000166e-01,6.311809999999999921e-01,5.625299999999999745e-01,3.111010000000000164e-01,3.837590000000000168e-01,2.679679999999999840e-01,2.981199999999999961e-01,2.952179999999999804e-01,3.767409999999999926e-01,4.017640000000000100e-01,4.359620000000000162e-01,6.155190000000000383e-01,-7.838299999999999434e-02,4.800889999999999880e-01,4.397590000000000110e-01,6.614989999999999482e-01,4.259229999999999960e-01,5.567090000000000094e-01,3.374030000000000085e-01,3.981180000000000274e-01,-3.157460000000000266e-01,-3.300810000000000133e-01,3.882610000000000228e-01,2.379469999999999918e-01,1.056499999999999939e-01,1.300530000000000019e-01,1.575940000000000119e-01,-4.049449999999999994e-01,-3.411509999999999820e-01,3.361120000000000219e-01,-2.528949999999999809e-01,2.984229999999999938e-01,1.843999999999999936e-03,-9.953599999999999948e-02,1.430470000000000075e-01,5.426199999999999912e-01,1.389430000000000109e-01,3.734660000000000202e-01,4.090239999999999987e-01,6.564400000000000235e-01,3.137010000000000076e-01,3.609780000000000211e-01,2.513949999999999796e-01,1.817300000000000165e-02,4.180019999999999847e-01,2.651220000000000243e-01,2.639340000000000019e-01,5.033370000000000344e-01,1.943350000000000077e-01,5.505399999999999877e-02,2.478879999999999972e-01,-1.621380000000000043e-01,2.034899999999999903e-02,-1.448100000000000082e-02,2.032799999999999885e-01,1.077929999999999999e-01,5.026329999999999965e-01,-3.702520000000000255e-01,3.058270000000000155e-01,2.594580000000000219e-01,5.816729999999999956e-01,-2.742470000000000185e-01,1.615860000000000074e-01,-2.921989999999999865e-01,-4.410879999999999801e-01
4.203210000000000002e-01,7.809350000000000458e-01,4.202500000000000124e-01,5.667569999999999553e-01,8.937460000000000404e-01,4.550049999999999928e-01,1.000000000000000000e+00,4.514460000000000139e-01,7.719300000000000050e-01,4.494900000000000007e-01,7.545319999999999805e-01,6.553139999999999521e-01,7.253849999999999465e-01,6.467289999999999983e-01,1.938239999999999963e-01,7.737650000000000361e-01,8.319039999999999768e-01,5.285769999999999635e-01,4.983600000000000252e-01,7.409040000000000070e-01,3.900609999999999911e-01,7.380659999999999998e-01,5.155170000000000030e-01,-3.954170000000000185e-01,7.377930000000000321e-01,7.081990000000000229e-01,4.954729999999999968e-01,7.455159999999999565e-01,4.665699999999999847e-01,6.490759999999999863e-01,8.710670000000000357e-01,-6.802610000000000046e-01,-7.405570000000000208e-01,8.236520000000000508e-01,6.477889999999999482e-01,-2.421220000000000039e-01,4.879700000000000010e-02,6.781620000000000426e-01,-7.768850000000000477e-01,-7.229259999999999575e-01,7.243429999999999591e-01,-4.166850000000000276e-01,4.759950000000000014e-01,-2.090970000000000051e-01,3.512850000000000139e-01,5.121400000000000396e-01,6.953089999999999549e-01,3.903229999999999755e-01,7.129189999999999694e-01,7.369710000000000427e-01,5.556839999999999558e-01,6.995599999999999596e-01,4.587890000000000024e-01,6.143239999999999812e-01,4.507289999999999908e-01,8.224500000000000144e-01,5.481570000000000054e-01,2.340160000000000018e-01,7.948939999999999895e-01,1.256879999999999942e-01,3.462930000000000175e-01,8.303719999999999990e-01,1.828400000000000164e-02,-1.623799999999999896e-02,-1.620820000000000038e-01,4.117300000000000126e-02,3.816320000000000268e-01,5.573380000000000001e-01,-5.593920000000000003e-01,4.768700000000000161e-01,5.181580000000000075e-01,5.594000000000000083e-01,-3.193199999999999927e-01,1.753139999999999976e-01,-4.927329999999999766e-01,-7.131229999999999514e-01
2.275159999999999960e-01,4.613119999999999998e-01,2.296420000000000128e-01,3.598390000000000200e-01,5.180240000000000400e-01,4.910189999999999833e-01,4.514460000000000139e-01,1.000000000000000000e+00,5.124459999999999571e-01,2.938749999999999973e-01,5.243999999999999773e-01,5.981549999999999923e-01,4.965470000000000161e-01,4.598240000000000105e-01,-4.322000000000000321e-03,3.055499999999999883e-01,4.177810000000000135e-01,1.253869999999999985e-01,3.974630000000000107e-01,3.459990000000000010e-01,2.610480000000000023e-01,2.376230000000000009e-01,7.530310000000000059e-01,1.082520000000000010e-01,4.260769999999999835e-01,6.005220000000000002e-01,1.168349999999999944e-01,5.069770000000000110e-01,-7.700600000000000500e-02,3.951990000000000225e-01,5.225229999999999597e-01,-4.348449999999999815e-01,-4.696589999999999931e-01,4.663059999999999983e-01,3.303880000000000150e-01,9.470000000000000639e-02,1.076629999999999948e-01,3.841579999999999995e-01,-4.901809999999999778e-01,-4.506189999999999918e-01,3.644589999999999774e-01,-3.110020000000000007e-01,4.029750000000000276e-01,-3.842600000000000182e-02,1.626680000000000070e-01,2.837609999999999855e-01,3.955500000000000127e-01,2.760239999999999916e-01,4.436019999999999963e-01,4.036480000000000068e-01,4.739990000000000037e-01,2.440620000000000012e-01,7.449270000000000058e-01,3.114509999999999779e-01,2.110859999999999959e-01,5.394959999999999756e-01,4.747739999999999738e-01,3.690199999999999730e-02,4.718439999999999857e-01,5.150500000000000217e-02,-2.031820000000000015e-01,4.440709999999999935e-01,-3.158420000000000116e-01,-3.362400000000000111e-02,-2.822120000000000184e-01,2.835599999999999926e-02,5.179500000000000076e-02,5.701460000000000417e-01,-2.151490000000000069e-01,2.279110000000000025e-01,4.167310000000000181e-01,1.310659999999999881e-01,-2.729710000000000192e-01,-3.579490000000000172e-01,-3.813710000000000155e-01,-5.348530000000000229e-01
5.081989999999999563e-01,6.143159999999999732e-01,5.728450000000000486e-01,4.854029999999999734e-01,8.540440000000000254e-01,4.381659999999999999e-01,7.719300000000000050e-01,5.124459999999999571e-01,1.000000000000000000e+00,2.751319999999999877e-01,9.013560000000000461e-01,5.425459999999999727e-01,6.023330000000000073e-01,6.076300000000000034e-01,3.519229999999999858e-01,6.998480000000000256e-01,6.500390000000000335e-01,3.796959999999999780e-01,6.552080000000000126e-01,7.440600000000000547e-01,4.205499999999999794e-01,7.100290000000000212e-01,5.102309999999999901e-01,-3.366120000000000223e-01,5.065250000000000030e-01,6.111370000000000413e-01,5.267509999999999692e-01,6.616560000000000219e-01,3.947069999999999745e-01,6.699530000000000207e-01,8.060840000000000227e-01,-6.128529999999999811e-01,-6.676410000000000400e-01,7.429860000000000353e-01,5.614409999999999679e-01,-2.486879999999999924e-01,7.263400000000000412e-02,4.955510000000000193e-01,-7.029210000000000180e-01,-6.340500000000000025e-01,6.581380000000000008e-01,-3.886720000000000175e-01,4.664389999999999925e-01,-1.553339999999999999e-01,1.871039999999999925e-01,5.455689999999999706e-01,5.925470000000000459e-01,5.975930000000000408e-01,6.651540000000000230e-01,7.519150000000000000e-01,5.437589999999999923e-01,5.470310000000000450e-01,4.854899999999999771e-01,7.561010000000000231e-01,2.132880000000000054e-01,8.795279999999999765e-01,4.090659999999999852e-01,9.144700000000000051e-02,7.641890000000000072e-01,2.714860000000000051e-01,3.153210000000000179e-01,6.644130000000000313e-01,-9.597999999999999587e-02,1.780799999999999883e-01,-5.265199999999999741e-02,1.522179999999999922e-01,4.592700000000000116e-01,5.653219999999999912e-01,-4.829209999999999892e-01,3.656659999999999910e-01,4.507880000000000220e-01,5.949529999999999541e-01,-2.704920000000000102e-01,1.211590000000000028e-01,-4.254290000000000016e-01,-6.133929999999999660e-01
1.503499999999999975e-02,4.050179999999999891e-01,2.946030000000000038e-01,6.384800000000000197e-02,2.562510000000000066e-01,9.520499999999999796e-02,4.494900000000000007e-01,2.938749999999999973e-01,2.751319999999999877e-01,1.000000000000000000e+00,3.292320000000000246e-01,8.014869999999999495e-01,5.446670000000000122e-01,4.589500000000000246e-01,-3.711600000000000316e-02,1.581829999999999903e-01,3.460509999999999975e-01,-2.946899999999999867e-02,5.742499999999999688e-02,2.942549999999999888e-01,4.347299999999999776e-02,2.223590000000000011e-01,3.811820000000000208e-01,-7.865800000000000569e-02,5.091849999999999987e-01,4.387969999999999926e-01,4.633400000000000019e-02,6.191219999999999501e-01,-5.434400000000000341e-02,7.814000000000000112e-02,4.660960000000000103e-01,-4.112879999999999869e-01,-3.911830000000000029e-01,1.648540000000000005e-01,2.606160000000000143e-01,2.291719999999999868e-01,6.368279999999999497e-01,2.829209999999999781e-01,-3.978619999999999934e-01,-3.682599999999999763e-01,1.412329999999999974e-01,-8.860700000000000520e-02,4.457990000000000008e-01,5.017319999999999558e-01,-9.978000000000000758e-03,6.127099999999999907e-02,3.494670000000000276e-01,1.653979999999999895e-01,1.155380000000000018e-01,1.663260000000000016e-01,2.176200000000000079e-01,1.450230000000000130e-01,2.408889999999999920e-01,-1.761000000000000065e-02,9.117830000000000101e-01,2.183920000000000028e-01,8.850449999999999706e-01,-2.360299999999999898e-02,1.963650000000000118e-01,4.510000000000000120e-02,-2.142300000000000107e-02,4.361630000000000229e-01,-2.390400000000000164e-02,-1.822219999999999951e-01,-2.786739999999999773e-01,-1.272000000000000075e-01,6.157599999999999879e-02,3.561819999999999986e-01,-3.778810000000000224e-01,4.218850000000000100e-01,3.440170000000000172e-01,1.462170000000000136e-01,-3.931819999999999760e-01,-1.756530000000000036e-01,-4.862929999999999753e-01,-4.155490000000000017e-01
4.680230000000000223e-01,6.185140000000000082e-01,5.987590000000000412e-01,5.092410000000000547e-01,8.307569999999999677e-01,3.867619999999999947e-01,7.545319999999999805e-01,5.243999999999999773e-01,9.013560000000000461e-01,3.292320000000000246e-01,1.000000000000000000e+00,5.749950000000000339e-01,6.528800000000000159e-01,6.250900000000000345e-01,3.124199999999999755e-01,6.346819999999999684e-01,6.275779999999999692e-01,3.297280000000000211e-01,6.864120000000000221e-01,6.960309999999999553e-01,4.342369999999999841e-01,6.651369999999999783e-01,4.854339999999999766e-01,-3.209509999999999863e-01,5.102649999999999686e-01,6.461770000000000014e-01,4.687000000000000055e-01,7.032939999999999747e-01,3.351060000000000150e-01,6.240339999999999776e-01,7.561900000000000288e-01,-5.667410000000000503e-01,-6.380019999999999580e-01,6.675499999999999767e-01,4.459369999999999723e-01,-2.037579999999999947e-01,1.062120000000000009e-01,4.569480000000000208e-01,-6.706039999999999779e-01,-6.257099999999999884e-01,5.487680000000000335e-01,-4.589590000000000058e-01,3.684669999999999890e-01,-1.924970000000000014e-01,1.947889999999999899e-01,4.516870000000000052e-01,5.615470000000000184e-01,5.724139999999999784e-01,5.532000000000000250e-01,6.710949999999999971e-01,4.739209999999999812e-01,4.424620000000000219e-01,4.098720000000000141e-01,6.587410000000000210e-01,2.609319999999999973e-01,8.470520000000000271e-01,4.342409999999999881e-01,-1.845700000000000118e-02,7.184620000000000450e-01,2.594920000000000004e-01,2.522019999999999817e-01,6.496579999999999577e-01,-9.972399999999999320e-02,1.496020000000000127e-01,-1.024579999999999935e-01,1.409839999999999982e-01,4.383090000000000042e-01,5.231430000000000247e-01,-4.775730000000000253e-01,3.789150000000000018e-01,4.642020000000000035e-01,4.978079999999999727e-01,-2.800210000000000199e-01,2.328200000000000061e-02,-4.225019999999999887e-01,-6.031199999999999894e-01
1.237589999999999940e-01,5.726529999999999676e-01,2.574100000000000277e-01,3.824719999999999787e-01,5.784559999999999702e-01,3.763210000000000166e-01,6.553139999999999521e-01,5.981549999999999923e-01,5.425459999999999727e-01,8.014869999999999495e-01,5.749950000000000339e-01,1.000000000000000000e+00,7.187000000000000055e-01,7.226609999999999978e-01,3.015999999999999931e-02,4.162310000000000176e-01,5.560979999999999812e-01,9.509900000000000297e-02,2.177890000000000104e-01,4.395930000000000115e-01,1.555179999999999896e-01,3.516529999999999934e-01,5.796799999999999731e-01,-2.253999999999999893e-01,5.580310000000000548e-01,6.113800000000000345e-01,1.421939999999999871e-01,8.601290000000000324e-01,4.497899999999999815e-02,4.017439999999999900e-01,7.782310000000000061e-01,-7.595730000000000537e-01,-7.704699999999999882e-01,5.661249999999999893e-01,5.018259999999999943e-01,2.210860000000000047e-01,5.150289999999999591e-01,3.661980000000000235e-01,-7.792099999999999582e-01,-7.450020000000000531e-01,4.700699999999999878e-01,-3.448990000000000111e-01,6.252659999999999885e-01,3.506889999999999730e-01,6.983999999999999757e-03,1.591279999999999917e-01,5.413799999999999724e-01,2.375420000000000031e-01,4.669200000000000017e-01,4.647319999999999784e-01,4.917349999999999777e-01,3.640249999999999875e-01,5.038340000000000041e-01,1.924490000000000089e-01,7.229139999999999455e-01,5.949680000000000524e-01,9.418600000000000305e-01,1.006920000000000037e-01,5.412540000000000129e-01,8.659699999999999342e-02,-1.255030000000000034e-01,6.084389999999999521e-01,-3.342319999999999736e-01,-2.484500000000000042e-01,-4.924609999999999821e-01,-6.870199999999999918e-02,-2.804099999999999995e-02,5.918510000000000160e-01,-6.392390000000000017e-01,3.245640000000000192e-01,3.889960000000000084e-01,2.529870000000000174e-01,-5.576900000000000190e-01,-2.791150000000000020e-01,-6.998499999999999721e-01,-7.542929999999999913e-01
1.729829999999999979e-01,7.431250000000000355e-01,2.254500000000000115e-01,5.399620000000000530e-01,6.662489999999999801e-01,6.311809999999999921e-01,7.253849999999999465e-01,4.965470000000000161e-01,6.023330000000000073e-01,5.446670000000000122e-01,6.528800000000000159e-01,7.187000000000000055e-01,1.000000000000000000e+00,7.221199999999999841e-01,2.190390000000000115e-01,5.096920000000000339e-01,4.506859999999999755e-01,2.697030000000000260e-01,3.091280000000000139e-01,5.156180000000000208e-01,4.539009999999999989e-01,5.191580000000000084e-01,5.749849999999999683e-01,-3.232090000000000241e-01,5.896609999999999907e-01,6.233959999999999502e-01,4.400490000000000235e-01,8.105599999999999472e-01,4.328060000000000240e-01,4.738310000000000022e-01,6.482639999999999514e-01,-5.882129999999999859e-01,-5.689750000000000085e-01,4.868779999999999775e-01,3.352539999999999965e-01,7.935000000000000386e-02,4.261949999999999905e-01,3.145850000000000035e-01,-6.531890000000000196e-01,-5.545170000000000377e-01,3.544919999999999738e-01,-4.063880000000000270e-01,3.511600000000000277e-01,7.197099999999999331e-02,-1.120099999999999985e-01,1.435039999999999927e-01,6.514299999999999535e-01,1.900570000000000037e-01,4.311240000000000072e-01,4.179669999999999774e-01,5.534449999999999648e-01,2.630500000000000060e-01,4.439440000000000053e-01,2.142139999999999878e-01,4.189229999999999898e-01,5.452939999999999454e-01,6.368479999999999697e-01,7.657999999999999530e-02,5.591509999999999536e-01,1.645290000000000086e-01,1.146339999999999998e-01,4.822940000000000005e-01,-1.596380000000000021e-01,-2.190320000000000045e-01,-3.044560000000000044e-01,1.345010000000000094e-01,1.563970000000000082e-01,5.449399999999999800e-01,-5.799440000000000150e-01,4.492229999999999834e-01,3.909739999999999882e-01,4.727339999999999876e-01,-4.963779999999999859e-01,-1.717899999999999983e-02,-5.639469999999999761e-01,-6.862160000000000482e-01
1.479399999999999882e-01,5.954679999999999973e-01,1.838500000000000134e-01,5.869020000000000348e-01,6.892549999999999510e-01,5.625299999999999745e-01,6.467289999999999983e-01,4.598240000000000105e-01,6.076300000000000034e-01,4.589500000000000246e-01,6.250900000000000345e-01,7.226609999999999978e-01,7.221199999999999841e-01,1.000000000000000000e+00,2.577829999999999844e-01,4.436149999999999816e-01,4.367030000000000078e-01,1.431159999999999932e-01,3.247539999999999871e-01,4.766440000000000121e-01,2.917120000000000268e-01,5.101440000000000419e-01,5.063900000000000068e-01,-2.822189999999999976e-01,4.413860000000000006e-01,5.015840000000000298e-01,4.384529999999999816e-01,7.554260000000000419e-01,3.540300000000000114e-01,4.862150000000000083e-01,6.889650000000000496e-01,-6.155479999999999841e-01,-6.201020000000000421e-01,5.791749999999999954e-01,4.468670000000000142e-01,2.848450000000000149e-01,3.846390000000000087e-01,2.431240000000000068e-01,-6.734710000000000418e-01,-6.356549999999999701e-01,5.025110000000000410e-01,-3.040450000000000097e-01,5.068209999999999660e-01,2.086629999999999874e-01,-1.043649999999999994e-01,1.606950000000000045e-01,6.550270000000000259e-01,2.325679999999999970e-01,5.259789999999999743e-01,5.203870000000000440e-01,6.143039999999999612e-01,4.083269999999999955e-01,3.824919999999999987e-01,2.771819999999999840e-01,4.039320000000000133e-01,6.145279999999999632e-01,6.557560000000000056e-01,1.618479999999999919e-01,6.850019999999999998e-01,1.969420000000000059e-01,3.453500000000000320e-02,4.612020000000000008e-01,-3.113949999999999774e-01,-1.251009999999999900e-01,-2.871020000000000238e-01,1.050819999999999949e-01,9.482000000000000151e-02,5.961790000000000145e-01,-5.928529999999999633e-01,3.607469999999999843e-01,3.574459999999999860e-01,5.073360000000000092e-01,-4.491200000000000192e-01,4.983200000000000129e-02,-5.629480000000000040e-01,-7.038640000000000452e-01
4.588900000000000201e-01,1.778059999999999918e-01,1.817640000000000089e-01,7.118599999999999928e-02,2.473779999999999868e-01,3.111010000000000164e-01,1.938239999999999963e-01,-4.322000000000000321e-03,3.519229999999999858e-01,-3.711600000000000316e-02,3.124199999999999755e-01,3.015999999999999931e-02,2.190390000000000115e-01,2.577829999999999844e-01,1.000000000000000000e+00,2.858789999999999942e-01,7.382199999999999873e-02,9.263599999999999612e-02,2.441329999999999889e-01,3.266209999999999947e-01,5.941140000000000310e-01,4.575989999999999780e-01,1.952639999999999931e-01,-1.972480000000000067e-01,1.463659999999999961e-01,2.130690000000000084e-01,4.608709999999999751e-01,1.760809999999999875e-01,5.140900000000000469e-01,2.351550000000000029e-01,1.813579999999999914e-01,-8.813799999999999413e-02,-1.089320000000000010e-01,1.484600000000000086e-01,1.085740000000000038e-01,-5.850899999999999851e-02,-4.315100000000000185e-02,-2.376999999999999946e-02,-1.393919999999999881e-01,-2.742299999999999946e-02,1.467479999999999896e-01,-8.797599999999999865e-02,-6.877000000000000300e-03,-6.481399999999999662e-02,-2.046699999999999908e-02,3.868579999999999797e-01,2.761330000000000173e-01,1.396689999999999876e-01,5.998099999999999959e-02,1.531190000000000051e-01,2.894189999999999818e-01,7.151200000000000612e-02,2.369299999999999878e-02,1.795889999999999986e-01,-6.479699999999999349e-02,2.458359999999999990e-01,-2.958300000000000166e-02,-5.045800000000000285e-02,2.461220000000000074e-01,7.612349999999999950e-01,3.838610000000000078e-01,4.909199999999999675e-02,7.111699999999999966e-02,1.412380000000000024e-01,2.145189999999999875e-01,6.289649999999999963e-01,3.579359999999999764e-01,3.143980000000000108e-01,-1.036529999999999951e-01,2.374529999999999974e-01,2.876630000000000020e-01,4.627269999999999994e-01,-1.491719999999999990e-01,4.374319999999999875e-01,-1.144280000000000019e-01,-6.670600000000000140e-02
6.496420000000000528e-01,7.131229999999999514e-01,3.736119999999999997e-01,4.451950000000000074e-01,7.555279999999999774e-01,3.837590000000000168e-01,7.737650000000000361e-01,3.055499999999999883e-01,6.998480000000000256e-01,1.581829999999999903e-01,6.346819999999999684e-01,4.162310000000000176e-01,5.096920000000000339e-01,4.436149999999999816e-01,2.858789999999999942e-01,1.000000000000000000e+00,7.566789999999999905e-01,7.833879999999999733e-01,4.487510000000000110e-01,7.561639999999999473e-01,4.598490000000000077e-01,8.114820000000000366e-01,3.592739999999999823e-01,-4.474239999999999884e-01,6.530829999999999691e-01,6.267470000000000541e-01,4.742230000000000056e-01,6.086810000000000276e-01,6.033349999999999547e-01,7.418749999999999512e-01,7.728230000000000377e-01,-6.222720000000000473e-01,-6.405729999999999480e-01,7.926689999999999570e-01,5.975230000000000263e-01,-2.958600000000000119e-01,-1.652409999999999990e-01,5.934880000000000155e-01,-6.996040000000000036e-01,-6.041269999999999696e-01,6.740760000000000085e-01,-4.570330000000000226e-01,2.967830000000000190e-01,-3.533819999999999739e-01,3.189219999999999833e-01,6.740669999999999717e-01,5.694240000000000412e-01,3.388030000000000208e-01,6.765370000000000550e-01,6.806130000000000235e-01,3.679009999999999780e-01,6.197340000000000071e-01,2.922339999999999938e-01,5.786759999999999682e-01,1.795339999999999991e-01,7.482410000000000450e-01,2.871909999999999741e-01,1.437190000000000134e-01,6.761200000000000543e-01,2.222939999999999916e-01,5.343339999999999756e-01,6.924799999999999844e-01,7.763599999999999668e-02,2.544000000000000081e-02,-4.339400000000000202e-02,1.888880000000000003e-01,4.518249999999999766e-01,4.205070000000000197e-01,-4.841019999999999768e-01,2.465579999999999994e-01,3.722440000000000193e-01,5.069350000000000245e-01,-2.119939999999999880e-01,2.097839999999999983e-01,-3.471719999999999806e-01,-4.984219999999999762e-01
4.080509999999999970e-01,6.285460000000000491e-01,5.513259999999999827e-01,4.325229999999999908e-01,8.086029999999999607e-01,2.679679999999999840e-01,8.319039999999999768e-01,4.177810000000000135e-01,6.500390000000000335e-01,3.460509999999999975e-01,6.275779999999999692e-01,5.560979999999999812e-01,4.506859999999999755e-01,4.367030000000000078e-01,7.382199999999999873e-02,7.566789999999999905e-01,1.000000000000000000e+00,6.355720000000000258e-01,5.670600000000000085e-01,6.663289999999999491e-01,2.589069999999999983e-01,5.838879999999999626e-01,4.169450000000000101e-01,-1.665729999999999988e-01,7.173969999999999514e-01,7.466110000000000246e-01,2.769320000000000115e-01,5.245049999999999990e-01,2.338639999999999886e-01,5.949769999999999781e-01,8.221939999999999804e-01,-5.150620000000000198e-01,-6.511959999999999971e-01,8.376280000000000392e-01,6.491040000000000143e-01,-3.155470000000000219e-01,-2.045470000000000066e-01,8.627070000000000016e-01,-6.382149999999999768e-01,-6.591820000000000457e-01,7.665960000000000552e-01,-2.905630000000000157e-01,5.497159999999999824e-01,-2.378820000000000101e-01,6.002729999999999455e-01,5.669929999999999692e-01,5.167559999999999931e-01,4.849129999999999829e-01,7.425359999999999738e-01,8.316489999999999716e-01,4.380189999999999917e-01,8.113439999999999541e-01,3.933550000000000102e-01,7.378639999999999644e-01,4.204249999999999932e-01,8.168320000000000025e-01,4.236010000000000053e-01,3.470489999999999964e-01,7.742440000000000433e-01,5.516499999999999876e-02,3.250319999999999876e-01,9.552310000000000523e-01,2.067469999999999863e-01,1.964130000000000043e-01,-1.418600000000000069e-02,-1.054380000000000039e-01,4.339250000000000052e-01,4.179660000000000042e-01,-3.427410000000000179e-01,3.987519999999999953e-01,5.749720000000000386e-01,3.471159999999999801e-01,-3.626499999999999863e-02,1.348330000000000084e-01,-2.608759999999999968e-01,-5.402879999999999905e-01
4.940329999999999999e-01,6.308939999999999548e-01,2.951929999999999832e-01,1.895830000000000015e-01,4.877250000000000196e-01,2.981199999999999961e-01,5.285769999999999635e-01,1.253869999999999985e-01,3.796959999999999780e-01,-2.946899999999999867e-02,3.297280000000000211e-01,9.509900000000000297e-02,2.697030000000000260e-01,1.431159999999999932e-01,9.263599999999999612e-02,7.833879999999999733e-01,6.355720000000000258e-01,1.000000000000000000e+00,3.359800000000000009e-01,5.881100000000000216e-01,3.013120000000000243e-01,6.168879999999999919e-01,1.779789999999999983e-01,-1.300489999999999979e-01,6.700700000000000545e-01,5.480810000000000404e-01,4.183470000000000244e-01,2.451979999999999993e-01,5.167079999999999451e-01,5.182179999999999565e-01,4.138270000000000004e-01,-2.162350000000000105e-01,-2.243930000000000091e-01,5.074959999999999471e-01,3.355739999999999834e-01,-2.481639999999999957e-01,-3.613729999999999998e-01,5.625729999999999897e-01,-3.023759999999999781e-01,-2.167219999999999980e-01,4.107899999999999885e-01,-2.548830000000000262e-01,1.278700000000000114e-01,-4.313750000000000084e-01,4.094920000000000226e-01,5.382519999999999527e-01,4.060670000000000113e-01,1.792590000000000017e-01,4.729789999999999828e-01,4.735210000000000252e-01,1.414749999999999897e-01,5.068930000000000380e-01,8.516400000000000359e-02,4.878730000000000011e-01,6.467199999999999338e-02,4.365939999999999821e-01,1.810000000000000150e-02,1.881819999999999882e-01,3.947789999999999910e-01,2.741999999999999993e-02,5.767449999999999521e-01,5.315509999999999957e-01,3.917610000000000259e-01,1.620230000000000004e-01,1.759519999999999973e-01,4.850800000000000251e-02,5.033239999999999936e-01,9.410000000000000309e-02,-1.051630000000000065e-01,2.407169999999999865e-01,3.343099999999999961e-01,3.068299999999999916e-01,1.617999999999999994e-01,1.867439999999999933e-01,-2.089500000000000038e-02,-1.518950000000000022e-01
2.895240000000000036e-01,4.281920000000000170e-01,6.582069999999999865e-01,2.882469999999999755e-01,6.220679999999999543e-01,2.952179999999999804e-01,4.983600000000000252e-01,3.974630000000000107e-01,6.552080000000000126e-01,5.742499999999999688e-02,6.864120000000000221e-01,2.177890000000000104e-01,3.091280000000000139e-01,3.247539999999999871e-01,2.441329999999999889e-01,4.487510000000000110e-01,5.670600000000000085e-01,3.359800000000000009e-01,1.000000000000000000e+00,5.828210000000000335e-01,2.756890000000000174e-01,5.066669999999999785e-01,3.890330000000000177e-01,-2.912100000000000105e-02,3.856870000000000021e-01,5.150150000000000006e-01,3.473760000000000181e-01,2.898240000000000260e-01,2.335689999999999988e-01,4.992739999999999956e-01,4.645059999999999745e-01,-2.028409999999999935e-01,-2.895280000000000076e-01,5.171649999999999858e-01,3.776479999999999837e-01,-2.307950000000000002e-01,-2.577809999999999824e-01,4.638289999999999913e-01,-3.040349999999999997e-01,-3.427259999999999751e-01,4.906840000000000090e-01,-1.092999999999999944e-01,2.279299999999999937e-01,-3.098910000000000275e-01,3.893840000000000079e-01,3.695280000000000231e-01,3.227860000000000174e-01,6.068270000000000053e-01,4.971920000000000228e-01,6.025730000000000253e-01,3.707509999999999972e-01,4.961249999999999827e-01,2.849570000000000158e-01,7.017679999999999474e-01,7.699599999999999500e-02,6.737469999999999848e-01,9.223000000000000642e-02,2.083899999999999919e-01,5.554019999999999513e-01,1.798760000000000081e-01,2.525399999999999867e-01,5.641709999999999781e-01,1.609990000000000032e-01,5.974920000000000231e-01,2.812700000000000200e-01,-1.714999999999999945e-03,5.055790000000000006e-01,3.332649999999999779e-01,-1.006299999999999972e-01,2.908700000000000174e-01,4.213970000000000216e-01,3.568549999999999778e-01,1.967669999999999975e-01,1.688860000000000083e-01,5.419199999999999712e-02,-2.630850000000000133e-01
5.768609999999999571e-01,7.129849999999999799e-01,4.619630000000000125e-01,2.945510000000000073e-01,7.040899999999999936e-01,3.767409999999999926e-01,7.409040000000000070e-01,3.459990000000000010e-01,7.440600000000000547e-01,2.942549999999999888e-01,6.960309999999999553e-01,4.395930000000000115e-01,5.156180000000000208e-01,4.766440000000000121e-01,3.266209999999999947e-01,7.561639999999999473e-01,6.663289999999999491e-01,5.881100000000000216e-01,5.828210000000000335e-01,1.000000000000000000e+00,4.288810000000000122e-01,8.384479999999999711e-01,4.083350000000000035e-01,-2.451010000000000133e-01,6.905369999999999564e-01,7.002450000000000063e-01,5.927329999999999544e-01,6.126840000000000064e-01,5.888919999999999710e-01,6.532240000000000268e-01,7.214979999999999727e-01,-4.914560000000000040e-01,-5.153600000000000403e-01,6.979720000000000368e-01,5.303459999999999841e-01,-1.802110000000000101e-01,-2.663400000000000142e-02,5.601479999999999793e-01,-5.746189999999999909e-01,-4.941090000000000204e-01,5.912399999999999878e-01,-3.190040000000000098e-01,3.774959999999999982e-01,-2.380770000000000108e-01,3.211939999999999795e-01,5.918820000000000192e-01,6.764299999999999757e-01,3.854259999999999908e-01,6.258669999999999511e-01,6.171189999999999731e-01,4.558570000000000122e-01,5.293029999999999680e-01,2.839709999999999734e-01,5.781070000000000375e-01,2.773360000000000269e-01,7.061450000000000227e-01,3.697619999999999796e-01,1.244419999999999971e-01,6.632130000000000525e-01,2.894619999999999971e-01,5.671770000000000422e-01,6.642980000000000551e-01,1.704100000000000059e-01,1.373989999999999934e-01,1.820289999999999964e-01,2.379979999999999873e-01,6.050259999999999527e-01,4.441430000000000100e-01,-3.143520000000000203e-01,4.998409999999999798e-01,5.906179999999999763e-01,5.935510000000000508e-01,-1.404980000000000118e-01,2.782299999999999773e-01,-3.160160000000000191e-01,-4.520689999999999986e-01
