1.000000000000000000e+00,2.579670000000000019e-01,2.828919999999999768e-01,1.142499999999999939e-02,1.777819999999999956e-01,7.762099999999999556e-02,8.174700000000000022e-02,9.322500000000000231e-02,3.289850000000000274e-01,1.544560000000000100e-01,1.933090000000000086e-01,1.892000000000000071e-01,1.090330000000000049e-01,1.370059999999999889e-01,3.254200000000000148e-02,5.407429999999999737e-01,1.163560000000000011e-01,1.321299999999999975e-01,3.490599999999999814e-01,1.072069999999999967e-01,2.672709999999999808e-01,3.991549999999999820e-01,7.185600000000000320e-02,1.900679999999999870e-01,2.542789999999999773e-01,3.633750000000000036e-01,2.503139999999999810e-01,2.015909999999999924e-01,2.934900000000000009e-02,1.509270000000000056e-01,3.890979999999999994e-01,3.671429999999999971e-01,4.083500000000000324e-02,2.804659999999999931e-01,1.707650000000000001e-01,9.734500000000000097e-02,2.834309999999999885e-01,1.689269999999999938e-01,1.312480000000000036e-01,3.645360000000000267e-01,9.389200000000000323e-02,-2.679099999999999884e-02,2.312140000000000029e-01,1.920820000000000027e-01,1.669809999999999905e-01,6.427399999999999780e-01,7.423000000000000431e-02,3.171410000000000062e-01,2.703160000000000007e-01,3.582279999999999909e-01,2.512539999999999774e-01,3.216700000000000115e-01,1.578320000000000001e-01,3.228670000000000151e-01,3.324300000000000033e-01,3.420159999999999867e-01,1.158030000000000032e-01,2.513690000000000091e-01,2.172570000000000057e-01,3.425329999999999764e-01,2.314269999999999938e-01,3.251829999999999998e-01,3.489340000000000219e-01,2.941549999999999998e-01,4.030059999999999754e-01,3.588149999999999951e-01,1.462209999999999899e-01,9.064999999999999447e-02,2.655150000000000010e-01,7.700200000000000100e-02,2.885710000000000219e-01,4.033789999999999876e-01,2.327680000000000027e-01,5.480779999999999541e-01,2.623480000000000256e-01,3.365710000000000091e-01
2.579670000000000019e-01,1.000000000000000000e+00,4.712430000000000230e-01,1.425289999999999890e-01,5.916449999999999765e-01,7.849669999999999703e-01,7.200109999999999566e-01,6.895120000000000138e-01,5.444769999999999888e-01,7.311400000000000121e-01,3.505320000000000102e-01,5.187519999999999909e-01,6.892840000000000078e-01,4.247449999999999837e-01,5.419359999999999733e-01,2.774269999999999792e-01,3.892880000000000229e-01,5.356710000000000083e-01,3.548979999999999912e-01,5.407060000000000199e-01,5.936420000000000030e-01,5.340270000000000294e-01,7.064759999999999929e-01,5.192870000000000541e-01,7.601729999999999876e-01,6.528389999999999471e-01,6.516399999999999970e-01,4.689200000000000035e-01,6.644759999999999556e-01,2.248620000000000063e-01,4.752279999999999838e-01,5.419899999999999718e-01,1.792950000000000099e-01,4.347759999999999958e-01,2.111000000000000029e-03,2.217429999999999957e-01,2.186929999999999985e-01,1.490259999999999918e-01,2.320450000000000013e-01,4.521200000000000219e-01,9.407400000000000484e-02,-3.193480000000000207e-01,3.216919999999999780e-01,-7.715199999999999836e-02,2.276320000000000010e-01,3.166109999999999758e-01,6.456150000000000500e-01,5.881830000000000114e-01,3.414470000000000005e-01,5.446640000000000370e-01,7.201400000000000023e-01,5.543719999999999759e-01,6.687319999999999931e-01,5.694179999999999797e-01,6.269839999999999858e-01,5.368779999999999664e-01,5.950509999999999966e-01,6.128710000000000546e-01,5.601720000000000033e-01,4.062089999999999868e-01,3.951810000000000045e-01,4.842219999999999858e-01,5.076399999999999801e-01,2.217619999999999869e-01,4.479339999999999988e-01,4.498179999999999956e-01,4.179970000000000074e-01,6.379380000000000051e-01,4.737450000000000272e-01,6.258510000000000462e-01,6.329110000000000014e-01,5.336560000000000192e-01,4.045960000000000112e-01,2.355240000000000111e-01,1.346549999999999969e-01,1.024449999999999944e-01
2.828919999999999768e-01,4.712430000000000230e-01,1.000000000000000000e+00,3.943530000000000091e-01,6.661409999999999831e-01,7.028389999999999915e-01,6.032260000000000399e-01,6.444170000000000176e-01,8.721729999999999761e-01,6.613289999999999447e-01,8.123799999999999910e-01,2.475259999999999960e-01,6.576199999999999823e-01,6.280700000000000172e-02,7.530179999999999652e-01,-5.563000000000000236e-03,3.940810000000000146e-01,2.922520000000000118e-01,7.945750000000000313e-01,7.635349999999999637e-01,7.374370000000000092e-01,6.688370000000000148e-01,7.617549999999999599e-01,4.547220000000000151e-01,4.270570000000000199e-01,5.708320000000000061e-01,6.396530000000000271e-01,7.588319999999999510e-01,6.846109999999999696e-01,4.460069999999999868e-01,6.304570000000000451e-01,4.019070000000000142e-01,6.998100000000000154e-02,5.325600000000000334e-01,-2.063159999999999994e-01,2.607559999999999878e-01,2.005929999999999935e-01,2.561459999999999848e-01,1.497989999999999877e-01,6.241889999999999938e-01,3.067039999999999766e-01,-5.285689999999999555e-01,3.152079999999999882e-01,-3.971999999999999836e-02,3.559880000000000266e-01,5.360200000000000520e-01,7.357110000000000039e-01,9.300030000000000241e-01,4.922699999999999854e-01,7.036670000000000424e-01,6.112370000000000303e-01,7.026949999999999585e-01,6.904550000000000409e-01,8.349029999999999507e-01,6.566319999999999935e-01,8.647629999999999484e-01,5.090700000000000225e-01,7.075360000000000538e-01,4.966840000000000144e-01,8.280849999999999600e-01,6.852049999999999530e-01,6.919859999999999900e-01,6.131020000000000358e-01,6.765349999999999975e-01,8.150049999999999795e-01,7.279200000000000115e-01,8.360849999999999671e-01,7.711400000000000476e-01,5.617649999999999588e-01,7.177719999999999656e-01,6.933620000000000339e-01,6.709709999999999841e-01,7.588949999999999863e-01,2.358840000000000103e-01,1.998600000000000099e-01,5.438349999999999573e-01
1.142499999999999939e-02,1.425289999999999890e-01,3.943530000000000091e-01,1.000000000000000000e+00,5.503609999999999891e-01,2.635140000000000260e-01,4.841050000000000075e-01,3.426509999999999834e-01,4.548369999999999913e-01,3.147329999999999850e-01,5.341869999999999674e-01,1.034930000000000017e-01,4.622040000000000037e-01,-7.956599999999999784e-02,3.884440000000000115e-01,-2.635600000000000165e-01,3.493700000000000278e-02,-8.170499999999999985e-02,2.902429999999999732e-01,4.329319999999999835e-01,3.868019999999999792e-01,2.698720000000000008e-01,3.122480000000000255e-01,2.554420000000000024e-01,-2.602600000000000052e-02,1.528950000000000031e-01,2.263239999999999974e-01,4.784450000000000092e-01,3.070899999999999741e-01,3.649839999999999751e-01,3.661889999999999867e-01,1.424300000000000045e-02,-2.271900000000000031e-01,4.522970000000000046e-01,-2.552159999999999984e-01,2.576769999999999894e-01,8.328099999999999392e-02,-3.665600000000000108e-02,-1.333070000000000088e-01,1.682790000000000119e-01,9.742099999999999371e-02,-4.463480000000000225e-01,1.507509999999999961e-01,1.571699999999999833e-02,5.139900000000000024e-02,2.603389999999999871e-01,4.358580000000000232e-01,3.370179999999999843e-01,5.449570000000000247e-01,5.052879999999999594e-01,1.773419999999999996e-01,5.804899999999999505e-01,4.242699999999999805e-01,4.851329999999999809e-01,2.796790000000000109e-01,4.699130000000000251e-01,2.961880000000000068e-01,5.119669999999999499e-01,3.320879999999999943e-01,4.702760000000000273e-01,2.933120000000000172e-01,4.142129999999999979e-01,2.266890000000000016e-01,4.827399999999999747e-02,5.064640000000000253e-01,4.049889999999999879e-01,5.261789999999999523e-01,3.571039999999999770e-01,2.509549999999999836e-01,3.125729999999999897e-01,3.562870000000000203e-01,2.864840000000000164e-01,4.490350000000000175e-01,-2.552600000000000008e-02,-2.165710000000000135e-01,9.457599999999999341e-02
1.777819999999999956e-01,5.916449999999999765e-01,6.661409999999999831e-01,5.503609999999999891e-01,1.000000000000000000e+00,6.836719999999999464e-01,8.143820000000000503e-01,6.072440000000000060e-01,8.066349999999999909e-01,6.412510000000000154e-01,6.442670000000000341e-01,3.800479999999999969e-01,7.012819999999999609e-01,2.946320000000000050e-01,6.609099999999999975e-01,-5.854700000000000182e-02,2.345230000000000092e-01,1.864629999999999899e-01,5.612099999999999866e-01,7.759409999999999918e-01,6.489099999999999868e-01,6.094399999999999817e-01,6.577479999999999993e-01,4.180940000000000212e-01,3.463319999999999732e-01,4.541290000000000049e-01,6.501569999999999849e-01,6.679979999999999807e-01,6.138219999999999787e-01,5.047059999999999880e-01,6.169299999999999784e-01,3.130209999999999937e-01,-6.540300000000000280e-02,6.077040000000000219e-01,-1.765390000000000015e-01,3.461029999999999940e-01,2.463259999999999894e-01,5.241900000000000032e-02,7.789500000000000590e-02,4.120079999999999854e-01,1.815499999999999892e-01,-5.219679999999999875e-01,3.683060000000000223e-01,-7.114900000000000391e-02,2.693579999999999863e-01,4.990249999999999964e-01,7.519280000000000408e-01,7.157750000000000501e-01,6.480850000000000222e-01,7.784590000000000121e-01,5.953549999999999676e-01,7.679709999999999592e-01,6.954909999999999703e-01,7.914039999999999964e-01,6.182250000000000245e-01,7.464129999999999932e-01,5.662960000000000216e-01,7.448820000000000441e-01,6.557410000000000183e-01,6.556870000000000198e-01,5.120219999999999771e-01,6.248200000000000420e-01,5.232499999999999929e-01,2.870539999999999758e-01,7.064550000000000551e-01,6.702270000000000172e-01,6.671129999999999560e-01,6.999440000000000106e-01,4.735730000000000217e-01,6.077299999999999924e-01,6.596480000000000121e-01,6.331059999999999466e-01,6.455689999999999484e-01,1.293910000000000060e-01,7.520300000000000595e-02,2.455430000000000113e-01
7.762099999999999556e-02,7.849669999999999703e-01,7.028389999999999915e-01,2.635140000000000260e-01,6.836719999999999464e-01,1.000000000000000000e+00,7.419790000000000552e-01,8.253540000000000321e-01,7.655060000000000198e-01,7.736870000000000136e-01,5.365450000000000497e-01,5.985829999999999762e-01,7.612590000000000190e-01,3.809629999999999961e-01,6.186209999999999765e-01,7.880600000000000105e-02,4.859470000000000178e-01,3.730020000000000002e-01,5.780980000000000008e-01,6.612320000000000420e-01,6.607960000000000500e-01,5.548260000000000414e-01,8.432359999999999856e-01,5.684519999999999573e-01,6.705459999999999754e-01,7.582980000000000276e-01,6.414720000000000422e-01,6.438660000000000494e-01,7.340379999999999683e-01,3.230330000000000146e-01,4.970260000000000233e-01,4.754740000000000077e-01,1.153460000000000041e-01,4.470259999999999789e-01,-3.969199999999999812e-02,3.415850000000000275e-01,2.997759999999999869e-01,1.456240000000000034e-01,1.450239999999999863e-01,4.792690000000000006e-01,1.417470000000000119e-01,-4.464690000000000047e-01,3.606539999999999746e-01,-9.795800000000000340e-02,2.446250000000000091e-01,3.042960000000000109e-01,6.743890000000000162e-01,7.907739999999999769e-01,3.789330000000000198e-01,6.836149999999999727e-01,7.789139999999999953e-01,6.127139999999999809e-01,7.852799999999999780e-01,7.395779999999999577e-01,6.403839999999999533e-01,7.433070000000000510e-01,7.245300000000000074e-01,6.876879999999999660e-01,6.174009999999999776e-01,5.818910000000000471e-01,4.412079999999999891e-01,5.731450000000000156e-01,4.784499999999999864e-01,4.512700000000000045e-01,5.705109999999999904e-01,5.546640000000000459e-01,5.980130000000000168e-01,7.717880000000000296e-01,4.954839999999999800e-01,6.960570000000000368e-01,7.195749999999999647e-01,5.695480000000000542e-01,5.019139999999999713e-01,5.205400000000000305e-02,1.609919999999999962e-01,1.522660000000000124e-01
8.174700000000000022e-02,7.200109999999999566e-01,6.032260000000000399e-01,4.841050000000000075e-01,8.143820000000000503e-01,7.419790000000000552e-01,1.000000000000000000e+00,6.899570000000000425e-01,7.007189999999999808e-01,7.373669999999999947e-01,5.859440000000000204e-01,3.447680000000000189e-01,8.529219999999999580e-01,2.789280000000000093e-01,6.853380000000000027e-01,-3.106799999999999840e-02,3.342589999999999728e-01,3.613649999999999918e-01,4.360700000000000132e-01,7.057809999999999917e-01,6.932439999999999714e-01,5.467260000000000453e-01,7.160370000000000346e-01,4.434850000000000181e-01,4.772950000000000248e-01,5.055429999999999646e-01,6.327239999999999531e-01,6.534180000000000543e-01,7.460050000000000292e-01,3.759460000000000024e-01,5.752009999999999623e-01,3.494220000000000104e-01,-3.054999999999999990e-03,5.904620000000000424e-01,-2.153339999999999976e-01,3.467950000000000199e-01,1.563859999999999972e-01,6.983000000000000318e-02,9.503000000000000336e-02,4.199200000000000155e-01,1.565489999999999937e-01,-5.845160000000000355e-01,3.345259999999999900e-01,-9.712700000000000500e-02,2.793990000000000085e-01,3.637739999999999863e-01,7.844269999999999854e-01,6.526539999999999564e-01,6.197070000000000078e-01,7.223330000000000028e-01,6.216230000000000366e-01,7.855320000000000080e-01,7.332750000000000101e-01,7.279729999999999812e-01,6.507110000000000394e-01,6.886860000000000204e-01,5.576969999999999983e-01,7.887450000000000294e-01,5.924970000000000514e-01,5.786200000000000232e-01,5.318040000000000544e-01,6.219470000000000276e-01,5.205370000000000275e-01,2.234889999999999932e-01,6.236899999999999666e-01,6.107010000000000494e-01,6.715440000000000298e-01,7.290739999999999998e-01,4.914080000000000115e-01,6.764120000000000132e-01,6.544729999999999714e-01,5.880790000000000184e-01,6.008219999999999672e-01,1.111739999999999950e-01,-6.536500000000000643e-02,1.839510000000000034e-01
9.322500000000000231e-02,6.895120000000000138e-01,6.444170000000000176e-01,3.426509999999999834e-01,6.072440000000000060e-01,8.253540000000000321e-01,6.899570000000000425e-01,1.000000000000000000e+00,6.616330000000000267e-01,7.335920000000000218e-01,5.441230000000000233e-01,5.479760000000000186e-01,7.543609999999999483e-01,3.481179999999999830e-01,6.231020000000000447e-01,-1.249490000000000045e-01,3.589780000000000193e-01,2.736410000000000231e-01,4.692749999999999977e-01,5.630009999999999737e-01,7.839880000000000182e-01,4.134680000000000022e-01,8.979260000000000019e-01,6.590350000000000374e-01,5.473029999999999839e-01,6.679890000000000549e-01,4.791420000000000123e-01,6.023169999999999913e-01,6.057649999999999979e-01,3.091079999999999939e-01,4.356670000000000265e-01,3.944929999999999826e-01,9.922599999999999476e-02,4.525370000000000226e-01,-1.715129999999999988e-01,3.643339999999999912e-01,1.685379999999999934e-01,1.849020000000000108e-01,8.869299999999999407e-02,4.489659999999999762e-01,7.738100000000000533e-02,-4.955590000000000273e-01,3.694810000000000039e-01,-1.227570000000000050e-01,2.493309999999999971e-01,2.698619999999999908e-01,6.271309999999999940e-01,6.879830000000000112e-01,4.502880000000000216e-01,6.431090000000000417e-01,6.909260000000000401e-01,6.635790000000000299e-01,8.789749999999999508e-01,6.755090000000000261e-01,6.334279999999999911e-01,6.435920000000000529e-01,7.218970000000000109e-01,7.041309999999999514e-01,5.607999999999999652e-01,6.447990000000000110e-01,3.525820000000000065e-01,5.597079999999999833e-01,3.904839999999999978e-01,3.325110000000000010e-01,5.914660000000000473e-01,6.475570000000000492e-01,6.358230000000000270e-01,7.794480000000000297e-01,5.954209999999999781e-01,6.536300000000000443e-01,6.955569999999999808e-01,4.736139999999999795e-01,5.576050000000000173e-01,5.123599999999999682e-02,9.421000000000000207e-02,1.204589999999999966e-01
3.289850000000000274e-01,5.444769999999999888e-01,8.721729999999999761e-01,4.548369999999999913e-01,8.066349999999999909e-01,7.655060000000000198e-01,7.007189999999999808e-01,6.616330000000000267e-01,1.000000000000000000e+00,7.034310000000000285e-01,7.817800000000000304e-01,3.986160000000000259e-01,7.010779999999999790e-01,2.139429999999999943e-01,6.967280000000000140e-01,5.638800000000000062e-02,3.872019999999999906e-01,2.381880000000000108e-01,7.988330000000000153e-01,8.275989999999999736e-01,7.413760000000000350e-01,7.560750000000000526e-01,7.026189999999999936e-01,4.849640000000000062e-01,4.677870000000000084e-01,6.385220000000000340e-01,7.057520000000000460e-01,8.032899999999999485e-01,6.522660000000000124e-01,5.325619999999999798e-01,7.155270000000000241e-01,4.331070000000000197e-01,4.283499999999999808e-02,6.534349999999999881e-01,-4.659699999999999953e-02,3.007029999999999981e-01,3.727400000000000158e-01,2.307120000000000004e-01,1.209620000000000001e-01,6.116920000000000135e-01,3.301700000000000190e-01,-5.271529999999999827e-01,4.229319999999999746e-01,3.377299999999999747e-02,3.507629999999999915e-01,6.455739999999999812e-01,7.612189999999999790e-01,9.056480000000000086e-01,6.270069999999999810e-01,8.857639999999999958e-01,7.039809999999999679e-01,8.043470000000000342e-01,7.549989999999999757e-01,9.611370000000000191e-01,7.578540000000000276e-01,9.419459999999999500e-01,6.032359999999999944e-01,8.174609999999999932e-01,6.253459999999999575e-01,7.965950000000000530e-01,6.175239999999999618e-01,7.721780000000000310e-01,6.363680000000000447e-01,5.377290000000000125e-01,8.650529999999999609e-01,7.848690000000000389e-01,7.944919999999999760e-01,7.400809999999999889e-01,5.992640000000000189e-01,7.067719999999999558e-01,7.915259999999999518e-01,7.586800000000000210e-01,7.526310000000000500e-01,2.591729999999999867e-01,2.165269999999999972e-01,4.410919999999999841e-01
1.544560000000000100e-01,7.311400000000000121e-01,6.613289999999999447e-01,3.147329999999999850e-01,6.412510000000000154e-01,7.736870000000000136e-01,7.373669999999999947e-01,7.335920000000000218e-01,7.034310000000000285e-01,1.000000000000000000e+00,6.334640000000000271e-01,5.330009999999999470e-01,8.196400000000000352e-01,3.256069999999999798e-01,7.341889999999999805e-01,1.348620000000000096e-01,6.487119999999999553e-01,6.019400000000000306e-01,4.688749999999999862e-01,7.258440000000000447e-01,7.471349999999999936e-01,6.568850000000000522e-01,7.199839999999999574e-01,7.148579999999999934e-01,7.967610000000000525e-01,7.432609999999999495e-01,5.697020000000000417e-01,7.505199999999999649e-01,7.767129999999999868e-01,5.056370000000000031e-01,6.839269999999999516e-01,5.666970000000000063e-01,2.593690000000000162e-01,6.471299999999999830e-01,-1.638739999999999919e-01,2.547400000000000220e-01,2.235590000000000077e-01,2.581209999999999893e-01,2.328669999999999907e-01,6.973559999999999759e-01,2.717180000000000151e-01,-4.880039999999999933e-01,4.051400000000000001e-01,-7.519399999999999695e-02,3.750859999999999750e-01,5.146870000000000056e-01,7.734900000000000109e-01,7.290579999999999838e-01,4.399850000000000150e-01,5.847170000000000423e-01,6.355140000000000233e-01,6.055449999999999999e-01,6.931009999999999671e-01,7.086160000000000236e-01,8.515200000000000546e-01,7.041460000000000496e-01,7.128970000000000029e-01,7.033660000000000467e-01,5.005180000000000184e-01,6.184469999999999690e-01,6.225030000000000285e-01,7.841399999999999482e-01,6.810880000000000267e-01,3.553100000000000147e-01,5.927409999999999624e-01,6.247859999999999525e-01,6.770350000000000534e-01,6.957870000000000443e-01,7.178449999999999553e-01,8.541779999999999928e-01,8.267280000000000184e-01,4.964689999999999936e-01,6.413119999999999932e-01,1.258229999999999904e-01,1.623249999999999971e-01,2.544219999999999815e-01
1.933090000000000086e-01,3.505320000000000102e-01,8.123799999999999910e-01,5.341869999999999674e-01,6.442670000000000341e-01,5.365450000000000497e-01,5.859440000000000204e-01,5.441230000000000233e-01,7.817800000000000304e-01,6.334640000000000271e-01,1.000000000000000000e+00,1.706380000000000119e-01,6.383520000000000305e-01,5.352699999999999819e-02,7.166360000000000507e-01,-9.669500000000000317e-02,3.436029999999999918e-01,2.349559999999999982e-01,6.768579999999999597e-01,7.344249999999999945e-01,6.874689999999999968e-01,6.295300000000000340e-01,6.096289999999999765e-01,3.953389999999999960e-01,3.447339999999999849e-01,4.740329999999999822e-01,5.229089999999999572e-01,7.317500000000000115e-01,6.273419999999999552e-01,4.556709999999999927e-01,5.891979999999999995e-01,2.834280000000000133e-01,2.801299999999999971e-02,6.224570000000000380e-01,-2.806669999999999998e-01,2.288000000000000034e-01,8.779199999999999504e-02,2.051070000000000115e-01,5.145299999999999874e-02,5.678699999999999859e-01,2.988069999999999893e-01,-5.791089999999999849e-01,2.331519999999999981e-01,-2.593200000000000019e-02,2.685009999999999897e-01,5.231860000000000399e-01,6.903960000000000097e-01,7.814069999999999627e-01,5.230479999999999574e-01,6.484400000000000164e-01,4.567030000000000256e-01,6.699270000000000502e-01,6.162440000000000140e-01,7.729219999999999979e-01,6.143440000000000012e-01,8.011679999999999913e-01,4.516890000000000072e-01,6.507490000000000219e-01,4.078749999999999876e-01,7.709120000000000417e-01,6.216899999999999649e-01,6.889669999999999961e-01,5.475719999999999477e-01,5.588379999999999459e-01,7.522649999999999615e-01,6.510470000000000423e-01,8.041500000000000314e-01,6.559300000000000130e-01,5.031039999999999957e-01,6.568880000000000274e-01,6.756839999999999513e-01,5.515649999999999720e-01,6.998750000000000249e-01,1.609500000000000097e-01,6.388900000000000134e-02,3.897939999999999738e-01
1.892000000000000071e-01,5.187519999999999909e-01,2.475259999999999960e-01,1.034930000000000017e-01,3.800479999999999969e-01,5.985829999999999762e-01,3.447680000000000189e-01,5.479760000000000186e-01,3.986160000000000259e-01,5.330009999999999470e-01,1.706380000000000119e-01,1.000000000000000000e+00,4.152549999999999852e-01,5.015619999999999523e-01,1.610860000000000070e-01,1.880969999999999864e-01,4.643390000000000017e-01,1.731570000000000054e-01,3.016380000000000172e-01,2.848339999999999761e-01,2.739530000000000021e-01,3.659470000000000223e-01,3.877780000000000116e-01,7.350130000000000274e-01,4.976019999999999888e-01,7.160170000000000146e-01,1.408919999999999895e-01,3.463229999999999920e-01,1.431449999999999945e-01,2.692149999999999821e-01,2.822029999999999816e-01,3.971529999999999783e-01,2.373309999999999864e-01,3.490920000000000134e-01,1.873259999999999925e-01,3.884989999999999832e-01,3.871040000000000036e-01,1.572409999999999919e-01,1.797999999999999945e-02,3.019430000000000169e-01,6.218599999999999822e-02,-1.195729999999999987e-01,4.438150000000000150e-01,-1.638699999999999879e-02,1.802960000000000118e-01,2.729719999999999924e-01,1.711840000000000028e-01,3.336740000000000261e-01,2.238930000000000087e-01,3.857889999999999930e-01,3.889139999999999819e-01,2.498879999999999990e-01,4.218290000000000095e-01,4.017370000000000108e-01,4.198589999999999822e-01,3.910839999999999872e-01,7.059010000000000007e-01,3.038600000000000190e-01,4.531189999999999940e-01,2.241070000000000007e-01,-3.826999999999999846e-02,3.590309999999999890e-01,9.089099999999999957e-02,1.978389999999999871e-01,2.320800000000000085e-01,2.285449999999999982e-01,1.541829999999999867e-01,2.215110000000000134e-01,4.733160000000000145e-01,2.236289999999999945e-01,4.634159999999999946e-01,1.255789999999999962e-01,1.886490000000000111e-01,-1.781610000000000138e-01,2.124590000000000090e-01,-1.727410000000000057e-01
1.090330000000000049e-01,6.892840000000000078e-01,6.576199999999999823e-01,4.622040000000000037e-01,7.012819999999999609e-01,7.612590000000000190e-01,8.529219999999999580e-01,7.543609999999999483e-01,7.010779999999999790e-01,8.196400000000000352e-01,6.383520000000000305e-01,4.152549999999999852e-01,1.000000000000000000e+00,1.994910000000000017e-01,7.601820000000000244e-01,-6.841999999999999992e-03,5.032159999999999966e-01,4.548300000000000121e-01,4.983349999999999724e-01,7.521050000000000235e-01,8.146910000000000540e-01,6.111929999999999863e-01,7.374199999999999644e-01,5.978179999999999605e-01,6.245560000000000000e-01,6.489080000000000403e-01,5.387349999999999639e-01,7.969089999999999785e-01,8.038880000000000470e-01,4.353219999999999867e-01,6.725870000000000459e-01,5.036939999999999751e-01,1.606080000000000008e-01,6.774809999999999999e-01,-2.253370000000000095e-01,4.095920000000000116e-01,1.892280000000000073e-01,1.509929999999999883e-01,1.959819999999999895e-01,5.477319999999999967e-01,2.882930000000000215e-01,-5.775550000000000406e-01,3.580949999999999966e-01,-9.278500000000000636e-02,2.960309999999999886e-01,4.050590000000000024e-01,7.879990000000000050e-01,6.870800000000000241e-01,5.965030000000000054e-01,6.785120000000000040e-01,5.857580000000000009e-01,7.399480000000000501e-01,7.349670000000000369e-01,7.185040000000000315e-01,6.945940000000000447e-01,6.920819999999999750e-01,5.926559999999999606e-01,7.894889999999999963e-01,4.969830000000000081e-01,6.417049999999999699e-01,5.588180000000000369e-01,7.000880000000000436e-01,5.594069999999999876e-01,2.939129999999999798e-01,6.543409999999999505e-01,6.758939999999999948e-01,7.552410000000000512e-01,7.171480000000000077e-01,5.542899999999999494e-01,7.485079999999999512e-01,7.538329999999999753e-01,4.633039999999999936e-01,6.933810000000000251e-01,7.267800000000000649e-02,2.432099999999999887e-02,2.790679999999999827e-01
1.370059999999999889e-01,4.247449999999999837e-01,6.280700000000000172e-02,-7.956599999999999784e-02,2.946320000000000050e-01,3.809629999999999961e-01,2.789280000000000093e-01,3.481179999999999830e-01,2.139429999999999943e-01,3.256069999999999798e-01,5.352699999999999819e-02,5.015619999999999523e-01,1.994910000000000017e-01,1.000000000000000000e+00,5.314599999999999880e-02,1.252890000000000115e-01,1.937369999999999925e-01,1.354120000000000046e-01,4.862500000000000155e-02,9.614699999999999636e-02,1.623580000000000023e-01,1.897649999999999892e-01,2.945470000000000033e-01,3.784100000000000241e-01,3.445909999999999807e-01,3.258409999999999918e-01,9.644400000000000195e-02,1.076440000000000036e-01,7.466000000000000414e-02,1.829310000000000103e-01,1.151549999999999935e-01,2.725650000000000017e-01,5.554200000000000109e-02,1.238149999999999945e-01,1.226369999999999960e-01,3.087010000000000032e-01,2.070220000000000116e-01,1.191470000000000029e-01,3.601499999999999840e-02,1.641680000000000084e-01,-2.804299999999999848e-02,-4.124400000000000288e-02,3.336350000000000149e-01,-2.759700000000000000e-02,1.953509999999999969e-01,2.287480000000000069e-01,1.275699999999999890e-01,2.023669999999999913e-01,4.694000000000000256e-03,1.885390000000000121e-01,3.497390000000000221e-01,8.779000000000000692e-02,3.412510000000000265e-01,1.974299999999999944e-01,3.299090000000000078e-01,1.985119999999999940e-01,4.440410000000000190e-01,1.822950000000000126e-01,4.609159999999999924e-01,9.397500000000000298e-02,2.873399999999999913e-02,1.664259999999999906e-01,1.062140000000000029e-01,1.068650000000000017e-01,5.718199999999999672e-02,1.641039999999999999e-01,-7.258999999999999828e-03,2.565069999999999850e-01,3.131079999999999974e-01,1.879770000000000052e-01,2.881360000000000032e-01,1.005059999999999981e-01,4.165699999999999958e-02,2.578199999999999936e-02,1.311329999999999996e-01,-1.288040000000000018e-01
3.254200000000000148e-02,5.419359999999999733e-01,7.530179999999999652e-01,3.884440000000000115e-01,6.609099999999999975e-01,6.186209999999999765e-01,6.853380000000000027e-01,6.231020000000000447e-01,6.967280000000000140e-01,7.341889999999999805e-01,7.166360000000000507e-01,1.610860000000000070e-01,7.601820000000000244e-01,5.314599999999999880e-02,1.000000000000000000e+00,-6.027899999999999925e-02,3.904549999999999965e-01,4.609909999999999841e-01,5.740410000000000235e-01,8.353509999999999547e-01,7.760709999999999553e-01,6.829570000000000363e-01,7.246879999999999988e-01,4.664980000000000238e-01,5.223210000000000353e-01,4.553740000000000010e-01,6.094990000000000130e-01,7.421699999999999964e-01,8.164240000000000386e-01,4.959410000000000207e-01,6.448220000000000063e-01,4.434469999999999801e-01,2.347579999999999945e-01,6.310289999999999511e-01,-2.531630000000000269e-01,1.948060000000000069e-01,7.252699999999999425e-02,1.899919999999999942e-01,3.325179999999999803e-01,6.131360000000000143e-01,4.119630000000000236e-01,-5.270869999999999722e-01,3.142150000000000221e-01,-3.810899999999999704e-02,3.075039999999999996e-01,4.100179999999999936e-01,8.638050000000000450e-01,7.561229999999999896e-01,5.332059999999999578e-01,5.851680000000000215e-01,5.032659999999999911e-01,6.570409999999999862e-01,6.430259999999999865e-01,7.026210000000000511e-01,6.726550000000000029e-01,6.862599999999999811e-01,4.524460000000000148e-01,7.003430000000000488e-01,3.968579999999999885e-01,7.406490000000000018e-01,7.014639999999999764e-01,6.697410000000000307e-01,6.302720000000000544e-01,4.322059999999999791e-01,6.856769999999999810e-01,6.801650000000000196e-01,8.419680000000000497e-01,7.386859999999999538e-01,5.743390000000000439e-01,8.072190000000000198e-01,7.002509999999999568e-01,5.068479999999999652e-01,7.794649999999999634e-01,1.658270000000000022e-01,6.360899999999999888e-02,5.130390000000000228e-01
5.407429999999999737e-01,2.774269999999999792e-01,-5.563000000000000236e-03,-2.635600000000000165e-01,-5.854700000000000182e-02,7.880600000000000105e-02,-3.106799999999999840e-02,-1.249490000000000045e-01,5.638800000000000062e-02,1.348620000000000096e-01,-9.669500000000000317e-02,1.880969999999999864e-01,-6.841999999999999992e-03,1.252890000000000115e-01,-6.027899999999999925e-02,1.000000000000000000e+00,3.067940000000000111e-01,5.271369999999999667e-01,1.832870000000000055e-01,-1.546000000000000065e-03,-5.278200000000000253e-02,3.819230000000000125e-01,-1.173850000000000032e-01,2.598100000000000062e-02,4.362840000000000051e-01,3.616650000000000142e-01,2.299370000000000025e-01,1.222799999999999929e-02,8.114000000000000379e-02,-1.015000000000000060e-03,2.879940000000000278e-01,4.026959999999999984e-01,2.934089999999999754e-01,9.418999999999999595e-02,4.421740000000000115e-01,-1.505199999999999871e-01,2.476399999999999990e-01,1.242479999999999973e-01,2.855260000000000020e-01,2.507579999999999809e-01,1.189360000000000001e-01,3.166619999999999990e-01,1.643640000000000101e-01,1.040449999999999986e-01,8.348099999999999965e-02,2.851730000000000098e-01,-7.610799999999999510e-02,1.120349999999999957e-01,-1.033850000000000047e-01,3.101399999999999990e-02,1.160780000000000006e-01,-9.249899999999999789e-02,-1.339589999999999947e-01,5.717099999999999960e-02,1.278819999999999957e-01,9.690899999999999515e-02,-4.057600000000000096e-02,-6.002899999999999903e-02,1.100699999999999942e-02,-6.433099999999999929e-02,9.487700000000000300e-02,6.901699999999999502e-02,2.565470000000000250e-01,2.047120000000000051e-01,-5.820999999999999786e-03,-4.603399999999999853e-02,-1.554369999999999918e-01,-1.493559999999999888e-01,2.823200000000000015e-02,-4.708199999999999885e-02,4.803799999999999737e-02,1.556130000000000013e-01,-7.877699999999999980e-02,2.723510000000000097e-01,2.928640000000000132e-01,1.723810000000000064e-01
1.163560000000000011e-01,3.892880000000000229e-01,3.940810000000000146e-01,3.493700000000000278e-02,2.345230000000000092e-01,4.859470000000000178e-01,3.342589999999999728e-01,3.589780000000000193e-01,3.872019999999999906e-01,6.487119999999999553e-01,3.436029999999999918e-01,4.643390000000000017e-01,5.032159999999999966e-01,1.937369999999999925e-01,3.904549999999999965e-01,3.067940000000000111e-01,1.000000000000000000e+00,6.311870000000000536e-01,3.290719999999999756e-01,4.196130000000000138e-01,3.349019999999999775e-01,5.109639999999999738e-01,3.191169999999999840e-01,6.040560000000000374e-01,6.662439999999999474e-01,7.940650000000000208e-01,1.262719999999999954e-01,5.393289999999999473e-01,4.270229999999999859e-01,3.978349999999999942e-01,4.244069999999999787e-01,5.551880000000000148e-01,4.787239999999999829e-01,3.848659999999999859e-01,4.607499999999999790e-02,1.379890000000000005e-01,1.698830000000000062e-01,1.318350000000000077e-01,2.194059999999999899e-01,5.017570000000000086e-01,2.419090000000000129e-01,-1.827689999999999870e-01,2.928720000000000212e-01,-8.709600000000000675e-02,2.641720000000000179e-01,3.197519999999999807e-01,3.340940000000000021e-01,4.129940000000000278e-01,1.230640000000000067e-01,2.160660000000000081e-01,2.915650000000000186e-01,1.552109999999999879e-01,2.524629999999999930e-01,3.848860000000000059e-01,4.739160000000000039e-01,4.372710000000000208e-01,5.319220000000000059e-01,2.951269999999999727e-01,2.039779999999999927e-01,2.376560000000000061e-01,2.983359999999999901e-01,6.071649999999999547e-01,3.452180000000000248e-01,3.448829999999999951e-01,2.546499999999999875e-01,2.149729999999999974e-01,3.438510000000000177e-01,2.402229999999999921e-01,4.601390000000000202e-01,4.648140000000000049e-01,5.279549999999999521e-01,3.267199999999999965e-02,3.776789999999999869e-01,-2.164659999999999918e-01,2.060589999999999922e-01,1.423729999999999996e-01
1.321299999999999975e-01,5.356710000000000083e-01,2.922520000000000118e-01,-8.170499999999999985e-02,1.864629999999999899e-01,3.730020000000000002e-01,3.613649999999999918e-01,2.736410000000000231e-01,2.381880000000000108e-01,6.019400000000000306e-01,2.349559999999999982e-01,1.731570000000000054e-01,4.548300000000000121e-01,1.354120000000000046e-01,4.609909999999999841e-01,5.271369999999999667e-01,6.311870000000000536e-01,1.000000000000000000e+00,2.075869999999999937e-01,4.089510000000000089e-01,3.456219999999999848e-01,5.077359999999999651e-01,3.085729999999999862e-01,3.038680000000000270e-01,7.551130000000000342e-01,5.080440000000000511e-01,4.195889999999999898e-01,3.814420000000000033e-01,5.784690000000000110e-01,2.370619999999999949e-01,4.615980000000000083e-01,5.478100000000000191e-01,4.060619999999999785e-01,3.133319999999999994e-01,9.965300000000000546e-02,-5.212699999999999972e-02,4.611500000000000321e-02,1.943010000000000015e-01,3.840080000000000160e-01,4.623659999999999992e-01,2.804320000000000146e-01,-3.992799999999999822e-02,1.059400000000000064e-01,-8.759500000000000619e-02,2.730730000000000102e-01,2.912759999999999794e-01,4.156329999999999747e-01,3.498640000000000083e-01,1.214200000000000002e-02,1.074829999999999952e-01,2.955940000000000234e-01,1.330149999999999944e-01,1.742869999999999975e-01,2.701129999999999920e-01,4.414250000000000118e-01,2.988709999999999978e-01,2.074459999999999915e-01,2.295439999999999980e-01,1.456520000000000037e-01,2.013749999999999984e-01,4.789749999999999841e-01,3.721780000000000088e-01,5.575299999999999701e-01,2.561050000000000271e-01,2.165710000000000135e-01,1.611769999999999869e-01,2.923510000000000275e-01,2.472779999999999978e-01,3.222160000000000024e-01,5.074060000000000237e-01,3.746220000000000105e-01,2.212989999999999957e-01,3.065789999999999904e-01,8.659699999999999342e-02,2.107850000000000001e-01,3.003250000000000086e-01
3.490599999999999814e-01,3.548979999999999912e-01,7.945750000000000313e-01,2.902429999999999732e-01,5.612099999999999866e-01,5.780980000000000008e-01,4.360700000000000132e-01,4.692749999999999977e-01,7.988330000000000153e-01,4.688749999999999862e-01,6.768579999999999597e-01,3.016380000000000172e-01,4.983349999999999724e-01,4.862500000000000155e-02,5.740410000000000235e-01,1.832870000000000055e-01,3.290719999999999756e-01,2.075869999999999937e-01,1.000000000000000000e+00,6.693400000000000460e-01,5.686029999999999696e-01,7.111819999999999808e-01,5.304520000000000346e-01,3.444470000000000032e-01,3.500360000000000138e-01,5.479020000000000001e-01,6.049470000000000125e-01,6.614619999999999944e-01,5.190719999999999779e-01,3.578149999999999942e-01,6.111600000000000366e-01,4.685860000000000025e-01,1.953350000000000086e-01,5.043039999999999745e-01,8.417399999999999882e-02,2.087259999999999949e-01,3.537270000000000136e-01,2.019370000000000054e-01,2.524390000000000245e-01,5.421820000000000528e-01,4.146299999999999986e-01,-2.810980000000000145e-01,4.168819999999999748e-01,8.134299999999999864e-02,2.673389999999999933e-01,5.431200000000000472e-01,5.357939999999999925e-01,8.028459999999999486e-01,4.668519999999999892e-01,6.969079999999999719e-01,5.619370000000000198e-01,5.797459999999999836e-01,5.567809999999999704e-01,7.653769999999999740e-01,4.995200000000000196e-01,8.006929999999999881e-01,3.824960000000000027e-01,5.853209999999999802e-01,4.185420000000000251e-01,6.482409999999999561e-01,4.800599999999999867e-01,5.300859999999999461e-01,4.807520000000000127e-01,7.133519999999999861e-01,6.996109999999999829e-01,6.437530000000000197e-01,6.345539999999999514e-01,5.513439999999999452e-01,4.622430000000000150e-01,4.644579999999999820e-01,5.634160000000000279e-01,6.418460000000000276e-01,6.287430000000000518e-01,2.773920000000000274e-01,2.839539999999999842e-01,5.106819999999999693e-01
1.072069999999999967e-01,5.407060000000000199e-01,7.635349999999999637e-01,4.329319999999999835e-01,7.759409999999999918e-01,6.612320000000000420e-01,7.057809999999999917e-01,5.630009999999999737e-01,8.275989999999999736e-01,7.258440000000000447e-01,7.344249999999999945e-01,2.848339999999999761e-01,7.521050000000000235e-01,9.614699999999999636e-02,8.353509999999999547e-01,-1.546000000000000065e-03,4.196130000000000138e-01,4.089510000000000089e-01,6.693400000000000460e-01,1.000000000000000000e+00,7.255610000000000115e-01,8.339280000000000026e-01,6.437709999999999821e-01,4.427079999999999904e-01,4.993319999999999981e-01,5.135579999999999590e-01,6.750410000000000021e-01,7.974310000000000009e-01,7.529679999999999707e-01,5.942209999999999992e-01,7.249179999999999513e-01,4.461930000000000063e-01,2.239500000000000102e-01,7.064359999999999529e-01,-1.098110000000000058e-01,2.392739999999999867e-01,2.479929999999999912e-01,2.042950000000000044e-01,2.609440000000000093e-01,5.869090000000000140e-01,4.629179999999999962e-01,-4.942590000000000039e-01,3.510570000000000079e-01,-1.136000000000000031e-02,3.509280000000000177e-01,5.373930000000000096e-01,8.595770000000000355e-01,7.941500000000000226e-01,5.631779999999999564e-01,7.180630000000000068e-01,5.781830000000000025e-01,6.956860000000000266e-01,6.358110000000000150e-01,8.280960000000000543e-01,6.777619999999999756e-01,7.905640000000000445e-01,5.007489999999999997e-01,7.409780000000000255e-01,5.084560000000000191e-01,6.823090000000000543e-01,6.871749999999999803e-01,7.012420000000000320e-01,6.380919999999999925e-01,4.466240000000000210e-01,8.035729999999999817e-01,6.695039999999999880e-01,8.349170000000000202e-01,6.723940000000000472e-01,5.573190000000000088e-01,7.449770000000000003e-01,7.240560000000000329e-01,6.067970000000000308e-01,7.813579999999999970e-01,1.259440000000000004e-01,1.806609999999999883e-01,5.305400000000000116e-01
