1.000000000000000000e+00,1.325949999999999906e-01,5.231489999999999752e-01,-2.533449999999999869e-01,4.316570000000000129e-01,4.772449999999999748e-01,2.941889999999999783e-01,3.372539999999999982e-01,5.627269999999999772e-01,2.952799999999999869e-02,4.275599999999999956e-01,3.171930000000000027e-01,3.371359999999999912e-01,-1.529999999999999936e-02,5.404179999999999540e-01,3.182929999999999926e-01,2.073010000000000130e-01,2.926819999999999977e-01,4.411439999999999806e-01,4.511680000000000135e-01,6.966299999999999715e-01,5.163140000000000507e-01,4.055469999999999908e-01,3.510130000000000194e-01,3.936230000000000007e-01,3.461560000000000192e-01,4.281599999999999850e-01,4.125780000000000003e-01,5.610000000000000542e-01,3.185450000000000226e-01,6.420200000000000351e-01,-2.496919999999999973e-01,-1.301170000000000104e-01,1.508100000000000065e-02,-1.692879999999999940e-01,2.071189999999999976e-01,-3.994600000000000234e-02,3.656309999999999838e-01,-1.787259999999999960e-01,-3.307899999999999729e-02,-2.247010000000000118e-01,-1.594899999999999929e-01,2.258960000000000135e-01,-2.675040000000000195e-01,3.712130000000000152e-01,7.331619999999999804e-01,2.647749999999999826e-01,3.972419999999999840e-01,-3.484199999999999797e-02,2.291600000000000026e-01,4.883540000000000103e-01,2.765000000000000097e-03,5.123039999999999816e-01,5.723040000000000349e-01,-4.105600000000000221e-02,4.282380000000000075e-01,2.888800000000000048e-02,3.692130000000000134e-01,-1.291799999999999893e-01,5.384290000000000465e-01,4.001520000000000077e-01,3.177030000000000132e-01,4.150909999999999878e-01,4.658229999999999871e-01,4.244939999999999825e-01,5.118819999999999482e-01,4.733530000000000237e-01,4.362349999999999839e-01,1.781570000000000098e-01,3.830109999999999904e-01,5.409469999999999557e-01,3.937430000000000097e-01,4.790730000000000266e-01,5.488739999999999730e-01,2.629730000000000123e-01,2.201150000000000051e-01
1.325949999999999906e-01,1.000000000000000000e+00,1.065999999999999934e-02,4.358900000000000274e-02,2.468599999999999961e-02,5.051569999999999672e-01,1.693620000000000125e-01,3.691670000000000229e-01,-9.551199999999999968e-02,5.457349999999999701e-01,-4.047100000000000003e-02,5.979590000000000183e-01,4.144229999999999858e-01,-9.244099999999999540e-02,-1.691509999999999958e-01,7.210919999999999552e-01,6.920169999999999932e-01,7.953770000000000007e-01,8.564299999999999691e-02,5.795999999999999937e-03,-1.008030000000000037e-01,1.790879999999999972e-01,2.195850000000000024e-01,4.118820000000000259e-01,7.357719999999999816e-01,7.842280000000000362e-01,-6.891600000000000503e-02,8.988500000000000656e-02,2.757109999999999839e-01,4.483199999999999685e-02,-4.576899999999999719e-02,3.160510000000000264e-01,1.618439999999999879e-01,1.283239999999999936e-01,-6.192999999999999894e-02,8.677700000000000691e-02,6.811799999999999800e-02,-6.388399999999999634e-02,2.658960000000000212e-01,3.148499999999999910e-02,-7.006900000000000628e-02,-1.702430000000000054e-01,7.152300000000000324e-02,8.438299999999999967e-02,-4.511300000000000032e-02,-1.051870000000000027e-01,4.588050000000000184e-01,3.559999999999999797e-04,1.527159999999999906e-01,-1.152299999999999991e-01,1.426219999999999988e-01,-6.739699999999999858e-02,8.079899999999999582e-02,-1.051509999999999945e-01,4.250410000000000021e-01,2.198999999999999913e-02,4.427449999999999997e-01,1.946990000000000109e-01,1.023590000000000055e-01,-1.113360000000000044e-01,2.473090000000000011e-01,4.701239999999999863e-01,2.012559999999999905e-01,1.645749999999999991e-01,1.174099999999999970e-02,-2.172409999999999897e-01,1.638550000000000006e-01,-1.756800000000000028e-02,1.546549999999999869e-01,4.261579999999999813e-01,4.944129999999999914e-01,-7.064399999999999846e-02,1.680399999999999949e-02,-1.361509999999999942e-01,4.382999999999999743e-03,-1.132900000000000053e-02
5.231489999999999752e-01,1.065999999999999934e-02,1.000000000000000000e+00,-4.429420000000000024e-01,7.083460000000000312e-01,6.429150000000000142e-01,3.127599999999999825e-01,1.890749999999999931e-01,8.834980000000000055e-01,-1.703590000000000104e-01,8.197950000000000514e-01,2.712439999999999851e-01,4.604070000000000107e-01,1.874389999999999945e-01,7.548780000000000490e-01,1.757990000000000108e-01,2.415219999999999867e-01,1.707950000000000024e-01,8.964849999999999763e-01,7.944700000000000095e-01,3.866330000000000044e-01,6.738739999999999730e-01,6.567250000000000032e-01,2.297540000000000138e-01,1.243609999999999993e-01,3.088919999999999999e-01,8.599780000000000202e-01,5.650359999999999827e-01,4.976829999999999865e-01,3.823219999999999952e-01,5.023509999999999920e-01,-4.763350000000000084e-01,-2.690259999999999874e-01,-2.461699999999999999e-01,-2.436860000000000137e-01,1.573430000000000106e-01,9.503699999999999648e-02,2.738840000000000163e-01,-2.916549999999999976e-01,-2.405549999999999911e-01,-4.058370000000000033e-01,-3.400880000000000014e-01,3.787340000000000151e-01,1.139899999999999941e-02,2.098220000000000085e-01,4.599469999999999947e-01,2.415120000000000045e-01,8.134169999999999456e-01,-2.351800000000000002e-01,5.334870000000000445e-01,6.448509999999999520e-01,-1.899999999999999953e-02,5.266809999999999548e-01,8.229140000000000343e-01,-2.180700000000000138e-01,8.005039999999999933e-01,3.584199999999999886e-02,5.991659999999999764e-01,-1.356690000000000118e-01,7.827659999999999618e-01,2.561120000000000063e-01,1.776469999999999994e-01,3.717429999999999901e-01,8.846610000000000307e-01,8.468609999999999749e-01,2.130730000000000124e-01,7.403440000000000021e-01,7.330839999999999579e-01,9.075600000000000334e-02,2.622999999999999776e-01,4.138490000000000224e-01,8.413580000000000503e-01,7.090060000000000251e-01,5.491890000000000382e-01,6.319449999999999790e-01,3.869739999999999847e-01
-2.533449999999999869e-01,4.358900000000000274e-02,-4.429420000000000024e-01,1.000000000000000000e+00,-3.307700000000000085e-01,-3.030180000000000096e-01,4.033599999999999686e-02,9.303000000000000505e-03,-5.237479999999999913e-01,1.937059999999999893e-01,-4.778350000000000097e-01,-3.096799999999999900e-02,-6.811200000000000587e-02,1.192870000000000041e-01,-3.215959999999999930e-01,6.800599999999999701e-02,-8.182599999999999596e-02,-2.229899999999999938e-02,-4.388210000000000166e-01,-3.765700000000000158e-01,-1.405049999999999910e-01,-2.151260000000000117e-01,-3.558760000000000256e-01,-1.978459999999999941e-01,7.481200000000000350e-02,-1.406870000000000065e-01,-4.272569999999999979e-01,2.888800000000000048e-02,-1.588590000000000002e-01,-2.468249999999999889e-01,-2.203970000000000096e-01,4.223310000000000120e-01,1.542119999999999880e-01,2.249780000000000113e-01,4.129800000000000137e-02,1.338620000000000088e-01,1.691010000000000013e-01,-1.671739999999999893e-01,3.611600000000000227e-02,1.592139999999999944e-01,2.299000000000000002e-02,-1.295800000000000077e-02,-2.740710000000000091e-01,4.498499999999999721e-02,-1.262949999999999906e-01,-2.218630000000000047e-01,-1.106980000000000047e-01,-5.084680000000000311e-01,3.201099999999999779e-02,-3.608709999999999973e-01,-3.236169999999999880e-01,-1.309919999999999973e-01,-2.460990000000000122e-01,-4.453739999999999921e-01,2.380170000000000063e-01,-5.088350000000000373e-01,-6.761100000000000443e-02,-3.908329999999999860e-01,1.735400000000000137e-02,-3.510659999999999892e-01,-1.635079999999999867e-01,-2.108800000000000119e-01,-2.238060000000000049e-01,-4.592269999999999963e-01,-4.725469999999999948e-01,5.336999999999999730e-03,-3.589260000000000228e-01,-4.529770000000000185e-01,-1.726810000000000012e-01,-1.411020000000000052e-01,-1.969509999999999872e-01,-5.105039999999999578e-01,-4.463529999999999998e-01,-3.261600000000000055e-01,-4.673309999999999964e-01,-5.551840000000000108e-01
4.316570000000000129e-01,2.468599999999999961e-02,7.083460000000000312e-01,-3.307700000000000085e-01,1.000000000000000000e+00,5.511629999999999585e-01,6.215100000000000069e-01,1.122169999999999973e-01,8.177769999999999762e-01,-1.367480000000000084e-01,8.113839999999999941e-01,1.270959999999999868e-01,4.484469999999999845e-01,1.774280000000000024e-01,6.182250000000000245e-01,2.245340000000000114e-01,1.013069999999999943e-01,2.381699999999999928e-01,6.777900000000000036e-01,7.294690000000000341e-01,3.769259999999999833e-01,6.180120000000000058e-01,3.979019999999999779e-01,1.255920000000000092e-01,1.398060000000000136e-01,1.404080000000000050e-01,7.144369999999999887e-01,5.121269999999999989e-01,5.922579999999999512e-01,4.674170000000000269e-01,4.393819999999999948e-01,-4.944359999999999866e-01,-3.393990000000000062e-01,-3.121570000000000178e-01,-1.100720000000000032e-01,9.136600000000000277e-02,-3.038400000000000128e-02,9.953399999999999748e-02,-3.092840000000000034e-01,-2.031250000000000000e-01,-2.801859999999999906e-01,-3.324159999999999893e-01,2.342130000000000045e-01,4.859299999999999731e-02,2.814269999999999827e-01,5.382230000000000070e-01,2.393609999999999904e-01,7.542830000000000368e-01,-3.236069999999999780e-01,6.996790000000000509e-01,3.755979999999999874e-01,1.719789999999999930e-01,3.884580000000000255e-01,8.195379999999999887e-01,-2.446689999999999976e-01,7.961479999999999668e-01,3.908899999999999875e-02,4.395080000000000098e-01,-1.318899999999999934e-02,5.643310000000000271e-01,2.858910000000000062e-01,2.635290000000000132e-01,4.149479999999999835e-01,6.772939999999999516e-01,6.743900000000000450e-01,1.873259999999999925e-01,6.398709999999999676e-01,4.783970000000000167e-01,-6.543499999999999317e-02,2.970849999999999880e-01,2.806420000000000026e-01,6.114929999999999533e-01,6.357239999999999558e-01,4.074679999999999969e-01,6.190200000000000147e-01,3.978510000000000102e-01
4.772449999999999748e-01,5.051569999999999672e-01,6.429150000000000142e-01,-3.030180000000000096e-01,5.511629999999999585e-01,1.000000000000000000e+00,4.490910000000000180e-01,5.577260000000000550e-01,6.239559999999999551e-01,8.315500000000000669e-02,4.638680000000000025e-01,4.242909999999999737e-01,5.828360000000000207e-01,1.170660000000000034e-01,4.882859999999999978e-01,3.956729999999999969e-01,3.573029999999999817e-01,4.743829999999999991e-01,5.976420000000000066e-01,4.880079999999999973e-01,3.964280000000000026e-01,5.298890000000000544e-01,7.749279999999999502e-01,2.880690000000000195e-01,4.886260000000000048e-01,4.734769999999999812e-01,5.753989999999999938e-01,3.193230000000000235e-01,6.813099999999999712e-01,3.054790000000000005e-01,2.196819999999999884e-01,-2.028550000000000075e-01,-1.285769999999999968e-01,-1.453129999999999977e-01,-3.459709999999999730e-01,4.130600000000000244e-02,-5.331199999999999828e-02,1.893219999999999903e-01,-1.023249999999999993e-01,-5.033900000000000180e-02,-2.750259999999999927e-01,-3.422799999999999732e-01,1.094399999999999956e-01,-1.373699999999999921e-01,2.181579999999999908e-01,4.032209999999999961e-01,5.813890000000000446e-01,4.312739999999999907e-01,-1.871269999999999878e-01,2.512759999999999994e-01,7.138499999999999845e-01,8.186400000000000621e-02,6.382179999999999520e-01,5.072389999999999954e-01,-3.034699999999999898e-02,4.590210000000000123e-01,2.318459999999999965e-01,6.620310000000000361e-01,7.224899999999999378e-02,4.983000000000000207e-01,3.616719999999999935e-01,4.436149999999999816e-01,3.803810000000000247e-01,6.004519999999999857e-01,4.702770000000000006e-01,2.973910000000000164e-01,4.950809999999999933e-01,6.310980000000000478e-01,-1.621000000000000045e-03,4.554690000000000127e-01,4.866619999999999835e-01,4.698430000000000106e-01,4.222759999999999847e-01,4.050409999999999844e-01,3.823440000000000172e-01,1.602739999999999998e-01
2.941889999999999783e-01,1.693620000000000125e-01,3.127599999999999825e-01,4.033599999999999686e-02,6.215100000000000069e-01,4.490910000000000180e-01,1.000000000000000000e+00,1.385270000000000112e-01,4.651970000000000272e-01,-6.919100000000000250e-02,3.880250000000000088e-01,7.332400000000000029e-02,4.882690000000000086e-01,1.248070000000000013e-01,3.144509999999999805e-01,2.745569999999999955e-01,5.883900000000000241e-02,3.617029999999999967e-01,3.248820000000000041e-01,3.591449999999999920e-01,3.752639999999999865e-01,3.850180000000000269e-01,9.531100000000000683e-02,-2.538599999999999884e-02,1.766939999999999900e-01,5.572099999999999970e-02,3.501699999999999813e-01,3.134919999999999929e-01,6.006979999999999542e-01,2.277609999999999912e-01,2.774050000000000127e-01,-1.085750000000000048e-01,-4.745300000000000212e-02,-1.303499999999999936e-01,-1.081410000000000010e-01,4.089299999999999879e-02,-9.293500000000000372e-02,3.513000000000000064e-03,-2.579499999999999849e-02,-3.155199999999999672e-02,-1.782630000000000048e-01,-2.237949999999999939e-01,-1.707099999999999937e-02,-5.506899999999999989e-02,1.682879999999999932e-01,4.327119999999999855e-01,2.455390000000000073e-01,2.552200000000000024e-01,-2.369030000000000025e-01,3.466489999999999849e-01,1.805630000000000013e-01,3.754029999999999867e-01,1.908050000000000024e-01,4.284089999999999843e-01,-1.295870000000000077e-01,3.174589999999999912e-01,-9.935700000000000087e-02,3.457899999999999863e-01,-3.384299999999999808e-02,2.405329999999999968e-01,3.633859999999999868e-01,2.156230000000000091e-01,3.740789999999999949e-01,2.783999999999999808e-01,2.424820000000000031e-01,2.408710000000000018e-01,3.144669999999999965e-01,1.109470000000000039e-01,-1.193349999999999966e-01,2.755090000000000039e-01,1.588799999999999935e-01,1.643459999999999921e-01,3.159210000000000074e-01,2.745679999999999787e-01,3.133429999999999827e-01,1.530859999999999999e-01
3.372539999999999982e-01,3.691670000000000229e-01,1.890749999999999931e-01,9.303000000000000505e-03,1.122169999999999973e-01,5.577260000000000550e-01,1.385270000000000112e-01,1.000000000000000000e+00,1.835249999999999937e-01,7.377300000000000524e-02,9.606099999999999361e-02,2.935829999999999829e-01,9.246100000000000152e-02,2.102590000000000015e-01,2.181629999999999958e-01,1.321589999999999987e-01,5.952199999999999852e-02,1.526009999999999867e-01,1.061020000000000019e-01,3.284399999999999820e-02,4.922099999999999809e-01,1.685069999999999901e-01,6.343640000000000390e-01,2.730759999999999854e-01,3.226069999999999771e-01,2.763889999999999958e-01,8.103599999999999692e-02,-1.916199999999999848e-02,2.622050000000000214e-01,1.029359999999999997e-01,-4.760199999999999848e-02,4.682999999999999663e-02,8.345400000000000040e-02,-1.181240000000000068e-01,-3.342399999999999816e-01,6.537400000000000155e-02,-1.237879999999999953e-01,1.795090000000000019e-01,-1.834200000000000066e-02,2.322230000000000127e-01,-2.084540000000000004e-01,-9.890599999999999392e-02,-1.319710000000000050e-01,-2.973410000000000220e-01,2.199879999999999891e-01,2.739309999999999801e-01,4.908980000000000010e-01,-5.924999999999999711e-03,-1.125319999999999931e-01,-1.133920000000000067e-01,4.211529999999999996e-01,7.635300000000000420e-02,6.919999999999999485e-01,1.495350000000000013e-01,1.278449999999999864e-01,7.582099999999999951e-02,2.315750000000000031e-01,2.930389999999999939e-01,1.369859999999999967e-01,2.241380000000000039e-01,7.867999999999999994e-03,1.965310000000000112e-01,-4.016299999999999731e-02,1.132490000000000024e-01,-7.122399999999999565e-02,4.928029999999999911e-01,3.428099999999999897e-02,3.449749999999999761e-01,5.646999999999999936e-02,1.807390000000000108e-01,3.101590000000000180e-01,-3.082500000000000170e-02,-1.070200000000000040e-01,4.766200000000000297e-02,-1.205760000000000026e-01,-2.461770000000000069e-01
5.627269999999999772e-01,-9.551199999999999968e-02,8.834980000000000055e-01,-5.237479999999999913e-01,8.177769999999999762e-01,6.239559999999999551e-01,4.651970000000000272e-01,1.835249999999999937e-01,1.000000000000000000e+00,-2.841859999999999942e-01,8.442950000000000177e-01,1.178280000000000022e-01,3.790459999999999940e-01,1.645820000000000061e-01,7.835530000000000550e-01,8.804499999999999826e-02,7.459300000000000652e-02,9.634099999999999608e-02,8.296040000000000081e-01,7.674210000000000198e-01,5.343769999999999909e-01,6.381240000000000245e-01,5.843390000000000528e-01,1.420639999999999958e-01,6.276900000000000535e-02,1.458000000000000129e-01,8.494599999999999929e-01,4.694070000000000187e-01,5.415100000000000469e-01,4.229700000000000126e-01,5.477180000000000382e-01,-5.327439999999999953e-01,-2.693329999999999891e-01,-3.205910000000000148e-01,-2.465070000000000039e-01,1.043260000000000021e-01,3.794499999999999956e-02,3.323160000000000003e-01,-3.138670000000000071e-01,-2.057720000000000105e-01,-3.583120000000000194e-01,-2.707479999999999887e-01,2.637300000000000200e-01,-9.650599999999999457e-02,2.822529999999999761e-01,5.757219999999999560e-01,2.666450000000000209e-01,7.609209999999999585e-01,-2.824789999999999801e-01,6.380130000000000523e-01,6.479000000000000314e-01,2.132850000000000024e-01,5.673449999999999882e-01,9.299089999999999856e-01,-3.330859999999999932e-01,8.083289999999999642e-01,-5.153900000000000148e-02,6.337949999999999973e-01,-1.188150000000000039e-01,8.013289999999999580e-01,2.468529999999999891e-01,1.619039999999999924e-01,3.573219999999999730e-01,7.994189999999999907e-01,8.015039999999999942e-01,3.306629999999999847e-01,6.594459999999999766e-01,6.976390000000000091e-01,8.829000000000000042e-03,2.439169999999999949e-01,3.239560000000000217e-01,7.952909999999999702e-01,6.761890000000000400e-01,6.092720000000000358e-01,6.336699999999999555e-01,4.052169999999999939e-01
2.952799999999999869e-02,5.457349999999999701e-01,-1.703590000000000104e-01,1.937059999999999893e-01,-1.367480000000000084e-01,8.315500000000000669e-02,-6.919100000000000250e-02,7.377300000000000524e-02,-2.841859999999999942e-01,1.000000000000000000e+00,-2.114109999999999878e-01,7.655570000000000430e-01,2.403009999999999868e-01,-7.268499999999999961e-02,-3.798909999999999787e-01,5.607109999999999594e-01,6.945230000000000015e-01,4.986450000000000049e-01,-5.074200000000000238e-02,-1.286289999999999933e-01,-2.144909999999999872e-01,3.307700000000000223e-02,3.152999999999999987e-03,5.216910000000000158e-01,7.291170000000000151e-01,5.611800000000000122e-01,-1.847010000000000041e-01,2.734170000000000211e-01,8.842700000000000560e-02,1.176350000000000035e-01,1.967700000000000005e-01,3.132079999999999864e-01,-1.489299999999999999e-02,1.488329999999999931e-01,5.104899999999999716e-02,1.394660000000000066e-01,3.733540000000000192e-01,-1.825690000000000091e-01,5.886999999999999872e-02,-2.238489999999999924e-01,-1.835410000000000097e-01,-1.539629999999999888e-01,1.030849999999999961e-01,3.088060000000000249e-01,-2.120720000000000105e-01,-1.973499999999999976e-01,1.446230000000000016e-01,-1.352100000000000003e-02,3.395870000000000277e-01,-1.101339999999999958e-01,-6.291999999999999850e-03,-2.176700000000000024e-01,2.443599999999999939e-02,-1.823740000000000083e-01,7.979640000000000066e-01,-3.363499999999999823e-02,7.811709999999999487e-01,-1.861530000000000129e-01,2.682809999999999917e-01,-3.030240000000000156e-01,1.713800000000000046e-02,3.407519999999999993e-01,-4.977499999999999980e-02,1.830400000000000083e-02,-1.007239999999999941e-01,-1.968000000000000027e-01,3.579299999999999843e-02,3.974000000000000102e-03,3.976199999999999735e-01,3.712710000000000177e-01,5.020250000000000545e-01,-3.672099999999999670e-02,-6.244999999999999683e-03,-1.073179999999999967e-01,-1.081600000000000061e-01,-9.085000000000000020e-02
4.275599999999999956e-01,-4.047100000000000003e-02,8.197950000000000514e-01,-4.778350000000000097e-01,8.113839999999999941e-01,4.638680000000000025e-01,3.880250000000000088e-01,9.606099999999999361e-02,8.442950000000000177e-01,-2.114109999999999878e-01,1.000000000000000000e+00,1.693759999999999988e-01,3.134950000000000236e-01,1.314470000000000083e-01,6.757360000000000033e-01,1.212450000000000055e-01,1.491069999999999895e-01,1.429249999999999965e-01,8.361450000000000271e-01,8.020920000000000272e-01,3.176390000000000047e-01,6.279160000000000297e-01,4.161159999999999859e-01,2.064189999999999914e-01,2.052800000000000111e-02,2.087759999999999894e-01,7.569289999999999630e-01,5.141959999999999864e-01,4.233890000000000153e-01,5.163959999999999662e-01,4.548039999999999861e-01,-5.591620000000000479e-01,-4.046750000000000069e-01,-3.996569999999999845e-01,-1.592540000000000067e-01,2.229220000000000090e-01,-2.978300000000000045e-02,2.009370000000000045e-01,-2.596820000000000239e-01,-3.229069999999999996e-01,-2.488049999999999984e-01,-3.238119999999999887e-01,3.933340000000000169e-01,5.360399999999999887e-02,2.667439999999999811e-01,4.932949999999999835e-01,1.375250000000000083e-01,8.628059999999999619e-01,-4.059980000000000255e-01,6.023410000000000153e-01,3.433419999999999805e-01,3.414600000000000274e-02,4.081429999999999780e-01,8.312739999999999574e-01,-2.880610000000000115e-01,9.155720000000000525e-01,3.321700000000000347e-02,4.398039999999999727e-01,-8.170099999999999585e-02,6.751770000000000271e-01,1.909569999999999879e-01,2.254079999999999973e-01,4.071670000000000011e-01,8.218490000000000517e-01,7.946800000000000530e-01,1.199790000000000023e-01,6.962720000000000020e-01,5.172750000000000403e-01,9.256000000000000338e-03,1.877890000000000115e-01,2.874800000000000133e-01,6.874479999999999480e-01,6.747159999999999824e-01,3.277100000000000013e-01,6.745860000000000190e-01,4.746159999999999823e-01
3.171930000000000027e-01,5.979590000000000183e-01,2.712439999999999851e-01,-3.096799999999999900e-02,1.270959999999999868e-01,4.242909999999999737e-01,7.332400000000000029e-02,2.935829999999999829e-01,1.178280000000000022e-01,7.655570000000000430e-01,1.693759999999999988e-01,1.000000000000000000e+00,4.352710000000000190e-01,-1.953000000000000092e-03,2.835700000000000026e-02,6.052959999999999452e-01,7.711069999999999869e-01,5.680100000000000149e-01,3.171910000000000007e-01,2.520060000000000078e-01,3.331200000000000133e-02,3.692549999999999999e-01,3.437749999999999972e-01,6.535990000000000411e-01,7.142009999999999748e-01,7.666460000000000496e-01,1.831129999999999980e-01,3.967310000000000003e-01,3.160700000000000176e-01,2.735719999999999819e-01,3.887650000000000272e-01,1.012080000000000063e-01,-4.179299999999999682e-02,8.307399999999999507e-02,-1.114359999999999934e-01,2.396800000000000042e-01,3.247019999999999906e-01,5.852099999999999663e-02,-1.862099999999999866e-02,-2.001840000000000008e-01,-2.842640000000000167e-01,-3.127400000000000180e-01,3.423959999999999781e-01,2.477920000000000122e-01,4.689999999999999725e-03,9.572500000000000453e-02,2.887480000000000047e-01,2.794840000000000102e-01,1.602699999999999958e-01,1.660700000000000023e-02,2.516240000000000143e-01,-2.691740000000000244e-01,2.927199999999999802e-01,1.470329999999999970e-01,5.570629999999999749e-01,2.604210000000000136e-01,7.165380000000000082e-01,1.332339999999999913e-01,1.471520000000000050e-01,1.146390000000000048e-01,1.309629999999999961e-01,3.882269999999999888e-01,1.617929999999999924e-01,3.878860000000000086e-01,2.674099999999999810e-01,-2.883700000000000152e-02,3.902880000000000238e-01,2.776259999999999839e-01,4.085239999999999982e-01,4.382240000000000024e-01,6.972420000000000284e-01,2.729289999999999772e-01,3.131950000000000012e-01,6.321799999999999642e-02,1.468820000000000126e-01,4.843800000000000189e-02
3.371359999999999912e-01,4.144229999999999858e-01,4.604070000000000107e-01,-6.811200000000000587e-02,4.484469999999999845e-01,5.828360000000000207e-01,4.882690000000000086e-01,9.246100000000000152e-02,3.790459999999999940e-01,2.403009999999999868e-01,3.134950000000000236e-01,4.352710000000000190e-01,1.000000000000000000e+00,7.148999999999999973e-03,3.009299999999999753e-01,4.953859999999999930e-01,5.551369999999999916e-01,4.969870000000000121e-01,4.067589999999999817e-01,3.654819999999999736e-01,2.466619999999999924e-01,3.856379999999999808e-01,2.920519999999999783e-01,9.627700000000000147e-02,3.887570000000000192e-01,4.614570000000000061e-01,3.689520000000000022e-01,5.100400000000000489e-01,5.446530000000000538e-01,4.547500000000000153e-02,3.700939999999999785e-01,2.615500000000000116e-02,7.720599999999999685e-02,1.885469999999999924e-01,4.183200000000000113e-02,1.108999999999999916e-02,1.598960000000000103e-01,5.528199999999999781e-02,-2.789099999999999913e-02,-1.233169999999999961e-01,-2.205199999999999938e-01,-2.155410000000000104e-01,1.399729999999999863e-01,1.686239999999999961e-01,2.055299999999999835e-02,1.974039999999999961e-01,2.262270000000000114e-01,3.294079999999999786e-01,2.140469999999999873e-01,3.397589999999999777e-01,4.405649999999999844e-01,4.729400000000000270e-02,1.514199999999999990e-01,4.222790000000000155e-01,1.559659999999999935e-01,3.382549999999999724e-01,7.386700000000000210e-02,5.446680000000000410e-01,-7.571400000000000352e-02,2.867219999999999769e-01,3.846749999999999892e-01,3.497970000000000246e-01,3.744620000000000171e-01,4.491319999999999757e-01,4.112239999999999784e-01,6.763800000000000368e-02,4.649630000000000152e-01,2.749699999999999922e-01,5.114699999999999802e-02,3.716530000000000111e-01,3.918749999999999734e-01,3.741630000000000233e-01,5.328600000000000003e-01,4.118910000000000071e-01,3.423780000000000157e-01,1.844939999999999913e-01
-1.529999999999999936e-02,-9.244099999999999540e-02,1.874389999999999945e-01,1.192870000000000041e-01,1.774280000000000024e-01,1.170660000000000034e-01,1.248070000000000013e-01,2.102590000000000015e-01,1.645820000000000061e-01,-7.268499999999999961e-02,1.314470000000000083e-01,-1.953000000000000092e-03,7.148999999999999973e-03,1.000000000000000000e+00,1.072369999999999990e-01,-5.506699999999999789e-02,-4.734700000000000020e-02,-1.501379999999999937e-01,1.413840000000000097e-01,1.106599999999999945e-01,5.249199999999999700e-02,1.196320000000000022e-01,2.740600000000000258e-01,-6.488999999999999976e-03,4.936600000000000016e-02,-2.889600000000000155e-02,2.627889999999999948e-01,4.505800000000000083e-02,4.996899999999999953e-02,-8.483200000000000462e-02,-2.585499999999999951e-02,-7.359599999999999476e-02,5.469399999999999956e-02,-2.629650000000000043e-01,-1.733280000000000098e-01,-5.978499999999999787e-02,7.023899999999999588e-02,-2.285200000000000078e-02,-1.794379999999999864e-01,-4.889000000000000290e-02,-2.335000000000000131e-01,-6.493000000000000160e-02,-1.825410000000000088e-01,-8.918000000000000579e-03,-9.717299999999999549e-02,-5.907599999999999657e-02,3.523199999999999943e-02,1.017409999999999981e-01,-1.752630000000000021e-01,2.123700000000000032e-01,1.991900000000000059e-01,1.941130000000000078e-01,1.134560000000000013e-01,2.090579999999999938e-01,9.751400000000000345e-02,1.285640000000000116e-01,-2.169499999999999901e-02,5.864899999999999974e-02,8.505899999999999572e-02,1.423190000000000011e-01,-1.886490000000000111e-01,-2.079769999999999952e-01,-2.200149999999999884e-01,1.564190000000000025e-01,8.474600000000000188e-02,3.309600000000000042e-02,-1.712100000000000080e-02,2.541430000000000078e-01,-8.480799999999999450e-02,-9.224000000000000254e-02,-8.530300000000000382e-02,2.156889999999999918e-01,-1.002330000000000026e-01,9.710299999999999487e-02,-4.507999999999999854e-03,-1.189680000000000043e-01
5.404179999999999540e-01,-1.691509999999999958e-01,7.548780000000000490e-01,-3.215959999999999930e-01,6.182250000000000245e-01,4.882859999999999978e-01,3.144509999999999805e-01,2.181629999999999958e-01,7.835530000000000550e-01,-3.798909999999999787e-01,6.757360000000000033e-01,2.835700000000000026e-02,3.009299999999999753e-01,1.072369999999999990e-01,1.000000000000000000e+00,2.819800000000000084e-02,-7.606599999999999473e-02,-3.719399999999999790e-02,6.965500000000000025e-01,8.292119999999999491e-01,6.575170000000000181e-01,7.825649999999999551e-01,4.757560000000000122e-01,-3.723100000000000021e-02,-6.609600000000000197e-02,2.429800000000000015e-02,7.650979999999999448e-01,4.128160000000000163e-01,5.971189999999999554e-01,4.369319999999999871e-01,4.265039999999999942e-01,-4.463230000000000253e-01,-2.523799999999999932e-01,-2.034860000000000002e-01,-3.891249999999999987e-01,2.154490000000000016e-01,-2.145999999999999904e-03,3.510960000000000192e-01,-3.314969999999999861e-01,-1.260479999999999934e-01,-2.655719999999999748e-01,-3.135919999999999819e-01,2.395930000000000004e-01,-6.937500000000000611e-02,3.393229999999999857e-01,6.235559999999999992e-01,2.877120000000000233e-01,5.855599999999999694e-01,-2.751350000000000184e-01,3.929349999999999787e-01,5.203719999999999457e-01,3.393100000000000283e-02,5.558689999999999465e-01,7.359189999999999898e-01,-3.917649999999999744e-01,6.180989999999999540e-01,-1.713679999999999926e-01,5.334929999999999950e-01,-1.316170000000000118e-01,9.084640000000000493e-01,2.696979999999999933e-01,1.426070000000000115e-01,3.723389999999999755e-01,6.679659999999999487e-01,7.248660000000000103e-01,5.254060000000000397e-01,6.705860000000000154e-01,5.677029999999999577e-01,-1.794959999999999889e-01,1.285900000000000098e-01,2.300220000000000042e-01,6.239409999999999679e-01,5.682110000000000216e-01,5.603639999999999732e-01,4.898190000000000044e-01,2.330750000000000044e-01
3.182929999999999926e-01,7.210919999999999552e-01,1.757990000000000108e-01,6.800599999999999701e-02,2.245340000000000114e-01,3.956729999999999969e-01,2.745569999999999955e-01,1.321589999999999987e-01,8.804499999999999826e-02,5.607109999999999594e-01,1.212450000000000055e-01,6.052959999999999452e-01,4.953859999999999930e-01,-5.506699999999999789e-02,2.819800000000000084e-02,1.000000000000000000e+00,7.741710000000000536e-01,8.696490000000000054e-01,2.294390000000000041e-01,2.422719999999999874e-01,2.552700000000000108e-02,4.365410000000000124e-01,1.096339999999999953e-01,3.142800000000000038e-01,7.458979999999999499e-01,6.816809999999999814e-01,1.534139999999999948e-01,3.315130000000000021e-01,4.761520000000000197e-01,1.733040000000000136e-01,4.024619999999999864e-01,1.589899999999999924e-01,1.021299999999999986e-02,1.903050000000000019e-01,-1.085460000000000036e-01,1.752380000000000049e-01,2.394219999999999959e-01,2.556500000000000092e-02,2.581800000000000067e-02,-1.726620000000000099e-01,-2.750639999999999752e-01,-3.184589999999999921e-01,1.898239999999999927e-01,1.295870000000000077e-01,1.630099999999999952e-02,7.244599999999999651e-02,4.284160000000000190e-01,1.486230000000000051e-01,2.220920000000000116e-01,7.293600000000000083e-02,2.138629999999999975e-01,-1.050750000000000017e-01,5.674599999999999783e-02,1.446820000000000050e-01,4.237119999999999775e-01,1.887510000000000021e-01,4.274470000000000214e-01,2.163019999999999943e-01,5.268699999999999772e-02,5.971100000000000019e-02,4.776540000000000230e-01,4.952889999999999793e-01,4.357429999999999914e-01,2.953580000000000094e-01,2.336209999999999953e-01,-8.742600000000000371e-02,3.735200000000000187e-01,7.939699999999999536e-02,1.344200000000000117e-01,5.417419999999999458e-01,5.680290000000000061e-01,1.336690000000000100e-01,2.666709999999999914e-01,1.706540000000000001e-01,1.092540000000000039e-01,6.028499999999999831e-02
2.073010000000000130e-01,6.920169999999999932e-01,2.415219999999999867e-01,-8.182599999999999596e-02,1.013069999999999943e-01,3.573029999999999817e-01,5.883900000000000241e-02,5.952199999999999852e-02,7.459300000000000652e-02,6.945230000000000015e-01,1.491069999999999895e-01,7.711069999999999869e-01,5.551369999999999916e-01,-4.734700000000000020e-02,-7.606599999999999473e-02,7.741710000000000536e-01,1.000000000000000000e+00,7.294490000000000141e-01,2.924419999999999797e-01,1.889409999999999978e-01,-1.533430000000000071e-01,2.989470000000000183e-01,1.556659999999999988e-01,4.674369999999999914e-01,6.994679999999999787e-01,7.945619999999999905e-01,1.489520000000000011e-01,3.864230000000000165e-01,2.347799999999999887e-01,5.894300000000000234e-02,3.670749999999999846e-01,1.985079999999999900e-01,7.799499999999999489e-02,1.620389999999999886e-01,8.651000000000000703e-03,1.636640000000000039e-01,3.476029999999999953e-01,-3.550000000000000096e-04,2.677099999999999966e-02,-2.412910000000000055e-01,-3.226789999999999936e-01,-2.866630000000000011e-01,2.856960000000000055e-01,2.698110000000000230e-01,-9.752800000000000358e-02,-1.297999999999999987e-01,2.270989999999999953e-01,2.228400000000000103e-01,3.297760000000000136e-01,1.003669999999999979e-01,2.436770000000000047e-01,-1.535729999999999873e-01,7.199999999999999803e-03,1.252600000000000102e-01,5.433379999999999876e-01,2.416750000000000009e-01,5.250460000000000127e-01,2.039279999999999982e-01,-1.024399999999999963e-02,4.103799999999999809e-02,2.567300000000000137e-01,3.884130000000000082e-01,2.287990000000000024e-01,3.724399999999999933e-01,2.992540000000000200e-01,-3.030610000000000248e-01,3.470190000000000219e-01,1.188099999999999989e-01,2.933009999999999784e-01,4.241219999999999990e-01,5.609889999999999599e-01,2.734159999999999924e-01,2.975510000000000099e-01,1.029759999999999981e-01,1.436119999999999897e-01,9.575200000000000378e-02
2.926819999999999977e-01,7.953770000000000007e-01,1.707950000000000024e-01,-2.229899999999999938e-02,2.381699999999999928e-01,4.743829999999999991e-01,3.617029999999999967e-01,1.526009999999999867e-01,9.634099999999999608e-02,4.986450000000000049e-01,1.429249999999999965e-01,5.680100000000000149e-01,4.969870000000000121e-01,-1.501379999999999937e-01,-3.719399999999999790e-02,8.696490000000000054e-01,7.294490000000000141e-01,1.000000000000000000e+00,2.218040000000000012e-01,1.977319999999999911e-01,-2.588999999999999982e-02,3.435830000000000273e-01,1.110099999999999976e-01,3.640530000000000155e-01,7.220140000000000446e-01,7.032680000000000042e-01,1.243670000000000053e-01,2.688200000000000034e-01,4.554279999999999995e-01,1.610790000000000000e-01,3.115129999999999844e-01,1.128419999999999979e-01,4.345500000000000057e-02,1.495640000000000025e-01,-5.824000000000000184e-03,1.157860000000000000e-01,1.074480000000000018e-01,-1.898299999999999987e-02,1.470710000000000073e-01,-8.590000000000000413e-02,-1.837620000000000087e-01,-3.117849999999999788e-01,1.616170000000000107e-01,3.746300000000000324e-02,-1.896899999999999975e-02,9.513900000000000134e-02,3.948369999999999935e-01,1.652470000000000050e-01,1.346970000000000112e-01,8.595300000000000162e-02,1.738310000000000133e-01,-5.521000000000000213e-02,3.234499999999999875e-02,1.027819999999999984e-01,3.481770000000000143e-01,1.790130000000000055e-01,3.899150000000000116e-01,2.226049999999999973e-01,-1.725799999999999904e-02,-5.433999999999999594e-03,5.233510000000000106e-01,5.409939999999999749e-01,5.100529999999999786e-01,2.900200000000000000e-01,2.230820000000000025e-01,-1.960560000000000080e-01,3.699879999999999836e-01,4.415700000000000180e-02,1.810370000000000035e-01,5.633489999999999887e-01,5.664820000000000411e-01,1.136049999999999977e-01,2.610009999999999830e-01,1.008339999999999931e-01,1.672659999999999980e-01,1.610749999999999960e-01
4.411439999999999806e-01,8.564299999999999691e-02,8.964849999999999763e-01,-4.388210000000000166e-01,6.777900000000000036e-01,5.976420000000000066e-01,3.248820000000000041e-01,1.061020000000000019e-01,8.296040000000000081e-01,-5.074200000000000238e-02,8.361450000000000271e-01,3.171910000000000007e-01,4.067589999999999817e-01,1.413840000000000097e-01,6.965500000000000025e-01,2.294390000000000041e-01,2.924419999999999797e-01,2.218040000000000012e-01,1.000000000000000000e+00,8.135890000000000066e-01,2.746390000000000220e-01,7.047660000000000036e-01,5.509939999999999838e-01,2.422439999999999871e-01,1.613110000000000099e-01,3.459479999999999777e-01,8.271519999999999984e-01,5.559950000000000170e-01,4.975060000000000038e-01,4.918730000000000047e-01,4.717489999999999739e-01,-3.628040000000000154e-01,-3.223509999999999986e-01,-3.057340000000000058e-01,-2.472119999999999873e-01,2.169280000000000097e-01,1.583100000000000063e-01,2.393740000000000034e-01,-1.713079999999999881e-01,-3.404449999999999976e-01,-3.365569999999999951e-01,-3.311709999999999932e-01,3.773199999999999887e-01,1.235109999999999958e-01,1.489999999999999936e-01,3.798320000000000030e-01,1.889599999999999891e-01,8.268809999999999771e-01,-2.483319999999999972e-01,5.024459999999999482e-01,5.185410000000000297e-01,2.350000000000000092e-03,4.765349999999999864e-01,7.586969999999999548e-01,-1.488019999999999898e-01,8.267499999999999849e-01,1.285820000000000018e-01,5.050160000000000204e-01,-6.625699999999999645e-02,7.402159999999999851e-01,2.179689999999999961e-01,2.262019999999999864e-01,3.575209999999999777e-01,9.323200000000000376e-01,8.649529999999999719e-01,9.085899999999999532e-02,7.525330000000000075e-01,6.454860000000000042e-01,8.844299999999999384e-02,2.364249999999999963e-01,3.838110000000000133e-01,7.997990000000000377e-01,6.666579999999999728e-01,4.544230000000000214e-01,6.500879999999999992e-01,4.053510000000000169e-01
4.511680000000000135e-01,5.795999999999999937e-03,7.944700000000000095e-01,-3.765700000000000158e-01,7.294690000000000341e-01,4.880079999999999973e-01,3.591449999999999920e-01,3.284399999999999820e-02,7.674210000000000198e-01,-1.286289999999999933e-01,8.020920000000000272e-01,2.520060000000000078e-01,3.654819999999999736e-01,1.106599999999999945e-01,8.292119999999999491e-01,2.422719999999999874e-01,1.889409999999999978e-01,1.977319999999999911e-01,8.135890000000000066e-01,1.000000000000000000e+00,3.710339999999999749e-01,8.654929999999999568e-01,4.074539999999999829e-01,1.500609999999999999e-01,8.739800000000000346e-02,2.346040000000000070e-01,8.308790000000000342e-01,5.795649999999999968e-01,6.138029999999999875e-01,5.825099999999999723e-01,4.998250000000000193e-01,-5.016570000000000196e-01,-3.985870000000000246e-01,-2.786489999999999800e-01,-3.069810000000000039e-01,3.120609999999999773e-01,7.592899999999999650e-02,1.947959999999999969e-01,-3.290179999999999771e-01,-3.391239999999999810e-01,-2.765380000000000060e-01,-4.066609999999999947e-01,3.697610000000000063e-01,1.418800000000000061e-01,2.336769999999999958e-01,5.001820000000000155e-01,2.220769999999999966e-01,7.640820000000000389e-01,-3.558230000000000004e-01,4.928259999999999863e-01,3.594229999999999925e-01,-1.008769999999999945e-01,3.894610000000000016e-01,7.202159999999999673e-01,-2.418319999999999914e-01,7.798220000000000152e-01,7.363599999999999313e-02,4.091000000000000192e-01,-5.703199999999999936e-02,7.801519999999999566e-01,2.850340000000000096e-01,2.762270000000000003e-01,4.530910000000000215e-01,7.957899999999999974e-01,8.732969999999999899e-01,1.970699999999999952e-01,8.113280000000000491e-01,5.182900000000000285e-01,-4.605999999999999678e-02,2.056010000000000060e-01,3.242959999999999732e-01,7.050089999999999968e-01,6.778149999999999453e-01,4.169140000000000068e-01,6.459629999999999539e-01,4.063479999999999870e-01
