1.000000000000000000e+00,3.991700000000000109e-02,-1.926299999999999887e-02,-3.727899999999999964e-02,-3.533200000000000229e-02,-1.105639999999999956e-01,1.192700000000000010e-01,-2.394800000000000054e-02,3.906699999999999756e-02,2.512610000000000121e-01,-6.480299999999999949e-02,-1.018249999999999988e-01,-3.630800000000000000e-02,1.335899999999999935e-02,1.119419999999999998e-01,4.400600000000000067e-01,2.419060000000000099e-01,-2.993799999999999933e-02,-6.260799999999999699e-02,-6.619999999999999496e-02,6.440209999999999546e-01,-5.294299999999999701e-02,1.674569999999999947e-01,1.886899999999999966e-01,3.886580000000000035e-01,3.817220000000000057e-01,2.404500000000000040e-02,-1.665900000000000020e-02,3.772199999999999998e-01,-1.738400000000000015e-02,4.249499999999999944e-01,1.955490000000000006e-01,2.660770000000000080e-01,2.987199999999999855e-01,-6.943499999999999672e-02,1.954699999999999840e-02,6.533999999999999531e-02,9.214899999999999480e-02,-6.064900000000000152e-02,1.146350000000000008e-01,-9.569999999999999514e-04,5.994200000000000222e-02,-3.319770000000000221e-01,-1.844590000000000118e-01,1.426499999999999990e-02,5.612979999999999636e-01,-1.442029999999999978e-01,-1.942500000000000129e-02,4.900399999999999895e-02,3.809599999999999792e-02,-1.497690000000000132e-01,8.012199999999999878e-02,-8.056099999999999373e-02,2.232900000000000162e-02,1.764380000000000115e-01,2.305999999999999890e-03,-2.464639999999999886e-01,-2.717769999999999908e-01,-1.331420000000000103e-01,2.240580000000000072e-01,7.420799999999999619e-02,4.704900000000000054e-02,-1.589939999999999964e-01,-1.143470000000000042e-01,-8.124599999999999878e-02,4.250269999999999881e-01,-8.906799999999999440e-02,1.086430000000000035e-01,-8.436599999999999655e-02,5.365500000000000130e-02,9.357300000000000340e-02,-3.347000000000000149e-03,-1.691469999999999918e-01,2.192979999999999929e-01,-8.295299999999999896e-02,8.000699999999999479e-02
3.991700000000000109e-02,1.000000000000000000e+00,8.812599999999999600e-02,-3.490869999999999806e-01,-4.429629999999999956e-01,7.892810000000000104e-01,-7.287270000000000136e-01,3.588379999999999903e-01,-3.048629999999999951e-01,-6.161280000000000090e-01,-8.588500000000000301e-02,2.406800000000000050e-01,-4.244229999999999947e-01,1.690510000000000068e-01,4.669539999999999802e-01,-8.019900000000000639e-02,-3.858489999999999975e-01,5.239439999999999653e-01,2.413279999999999870e-01,6.102929999999999744e-01,6.523400000000000032e-02,6.514980000000000215e-01,3.894599999999999729e-01,1.950109999999999899e-01,6.786689999999999667e-01,4.239800000000000235e-01,8.930409999999999737e-01,-2.516860000000000208e-01,1.686149999999999871e-01,-4.129550000000000165e-01,-6.061889999999999779e-01,3.220500000000000029e-01,4.403079999999999772e-01,-3.088629999999999987e-01,5.123050000000000104e-01,-4.962920000000000109e-01,-6.284210000000000074e-01,-2.869899999999999882e-02,6.917900000000000160e-01,5.631279999999999619e-01,5.785959999999999992e-01,1.090160000000000018e-01,4.020299999999999985e-01,2.956019999999999759e-01,4.214530000000000221e-01,2.142789999999999973e-01,8.155839999999999756e-01,1.301630000000000009e-01,-3.399289999999999812e-01,-8.428320000000000256e-01,2.224810000000000121e-01,-6.179449999999999665e-01,-3.612499999999999739e-02,-7.385530000000000150e-01,-4.399689999999999990e-01,-4.639590000000000103e-01,-1.262459999999999971e-01,-4.601500000000000035e-02,-1.068900000000000058e-02,-1.371400000000000050e-02,2.837339999999999862e-01,-5.698720000000000452e-01,4.346909999999999941e-01,3.019740000000000202e-01,3.940930000000000266e-01,-2.874030000000000196e-01,7.056759999999999700e-01,2.246730000000000116e-01,4.316900000000000182e-01,6.375699999999999701e-01,4.285909999999999997e-01,6.690319999999999601e-01,3.954810000000000270e-01,-1.232990000000000058e-01,5.920530000000000515e-01,5.799060000000000326e-01
-1.926299999999999887e-02,8.812599999999999600e-02,1.000000000000000000e+00,-4.588999999999999746e-01,2.057670000000000055e-01,2.475640000000000063e-01,-9.702700000000000213e-02,4.121659999999999768e-01,5.270420000000000105e-01,-1.995840000000000114e-01,8.493020000000000014e-01,4.837400000000000033e-02,1.110649999999999971e-01,1.602010000000000101e-01,3.190540000000000043e-01,-1.731300000000000061e-01,-3.049669999999999881e-01,2.311000000000000120e-03,4.808930000000000149e-01,2.188950000000000062e-01,1.009300000000000058e-01,2.117219999999999935e-01,4.559830000000000272e-01,2.173170000000000102e-01,2.860899999999999901e-02,9.379500000000000337e-02,2.409380000000000133e-01,1.263489999999999891e-01,1.201610000000000039e-01,2.064479999999999926e-01,-1.200220000000000037e-01,-2.451560000000000128e-01,-6.363599999999999812e-02,-2.120390000000000053e-01,-1.919379999999999975e-01,9.169599999999999973e-02,-8.416200000000000070e-02,3.587690000000000046e-01,-8.924600000000000588e-02,-4.151099999999999929e-02,-5.131299999999999750e-02,-1.424290000000000000e-01,7.485999999999999599e-02,-5.559000000000000052e-02,1.602040000000000131e-01,1.353900000000000069e-02,-1.625400000000000109e-02,7.972080000000000277e-01,-1.724130000000000107e-01,1.217479999999999951e-01,1.554419999999999968e-01,-6.117000000000000215e-02,3.268199999999999994e-01,3.420349999999999779e-01,-2.110740000000000116e-01,6.418080000000000451e-01,6.637700000000000544e-02,2.015309999999999879e-01,8.947900000000000298e-02,-6.843100000000000571e-02,1.810000000000000150e-02,-1.859810000000000074e-01,-1.509739999999999971e-01,5.339239999999999542e-01,2.636089999999999822e-01,-1.416419999999999901e-01,1.552749999999999964e-01,3.967849999999999988e-01,6.456499999999999739e-02,4.535499999999999948e-02,3.333200000000000052e-02,1.029120000000000035e-01,3.766849999999999921e-01,7.864699999999999469e-02,2.279069999999999985e-01,1.277330000000000132e-01
-3.727899999999999964e-02,-3.490869999999999806e-01,-4.588999999999999746e-01,1.000000000000000000e+00,2.039050000000000029e-01,-2.446069999999999911e-01,4.175200000000000022e-01,-4.528399999999999787e-02,-1.055939999999999934e-01,5.564149999999999929e-01,-3.629499999999999948e-01,1.996060000000000056e-01,1.488190000000000068e-01,9.039000000000000160e-03,-4.236059999999999826e-01,3.500700000000000339e-02,5.000379999999999825e-01,-1.242039999999999950e-01,-1.943769999999999942e-01,-5.760830000000000117e-01,-1.399799999999999933e-01,-5.757280000000000175e-01,-8.755300000000000582e-02,-7.139900000000000413e-02,-2.796890000000000209e-01,5.417000000000000287e-02,-4.531640000000000112e-01,-5.591200000000000336e-02,-4.616730000000000000e-01,-1.208479999999999971e-01,2.789590000000000125e-01,1.717849999999999933e-01,-1.004499999999999976e-01,3.964269999999999738e-01,-2.901759999999999895e-01,3.565920000000000201e-01,2.697709999999999830e-01,-2.239740000000000064e-01,-2.504549999999999832e-01,-2.387759999999999883e-01,-4.117580000000000129e-01,1.641289999999999971e-01,-1.560500000000000081e-02,1.006390000000000062e-01,-3.574979999999999825e-01,-1.254129999999999967e-01,-2.879390000000000005e-01,-4.813899999999999846e-01,7.249500000000000388e-02,2.696350000000000136e-01,-9.205199999999999494e-02,1.786139999999999950e-01,1.675830000000000097e-01,1.689430000000000098e-01,4.287340000000000040e-01,-8.966000000000000011e-03,3.205930000000000168e-01,-9.988400000000000056e-02,2.664090000000000069e-01,-4.378699999999999953e-02,-4.129039999999999933e-01,3.732010000000000050e-01,-1.347210000000000074e-01,-3.600659999999999972e-01,-5.314759999999999485e-01,2.556010000000000226e-01,-5.428410000000000180e-01,-1.517699999999999952e-02,-2.126180000000000014e-01,-4.601370000000000182e-01,-5.600800000000000223e-02,-3.416460000000000052e-01,-4.978819999999999912e-01,-3.166309999999999958e-01,-5.629210000000000047e-01,-5.858320000000000194e-01
-3.533200000000000229e-02,-4.429629999999999956e-01,2.057670000000000055e-01,2.039050000000000029e-01,1.000000000000000000e+00,-4.496609999999999774e-01,3.960319999999999951e-01,-9.616800000000000348e-02,2.955479999999999774e-01,2.658449999999999980e-01,3.190239999999999743e-01,-2.264029999999999931e-01,1.653630000000000100e-01,2.053250000000000075e-01,-1.261599999999999944e-01,3.883299999999999946e-02,3.113900000000000001e-02,-3.105720000000000147e-01,2.089940000000000131e-01,-4.262029999999999985e-01,5.057199999999999890e-02,-3.186550000000000216e-01,3.583299999999999680e-02,-2.199369999999999936e-01,-1.629690000000000027e-01,-2.770730000000000137e-01,-3.574470000000000147e-01,2.321709999999999885e-01,-1.223899999999999988e-01,2.923149999999999915e-01,3.572560000000000180e-01,-2.693240000000000078e-01,-2.295590000000000130e-01,-1.997300000000000117e-02,-3.363820000000000143e-01,4.173700000000000188e-01,3.752179999999999960e-01,1.923950000000000105e-01,-3.585470000000000046e-01,-3.443970000000000087e-01,-4.002140000000000142e-01,-1.498619999999999952e-01,4.865400000000000280e-02,-4.434400000000000147e-02,-1.007060000000000038e-01,1.762199999999999878e-02,-4.353630000000000000e-01,1.349490000000000134e-01,1.347260000000000124e-01,5.238089999999999691e-01,-3.635610000000000230e-01,2.698329999999999895e-01,6.809900000000000675e-02,4.609639999999999849e-01,1.519939999999999902e-01,5.581509999999999527e-01,9.686799999999999577e-02,-8.244700000000000639e-02,1.753010000000000124e-01,-2.038049999999999862e-01,-2.180169999999999886e-01,9.656000000000000694e-02,-2.826339999999999963e-01,8.672000000000000541e-02,-2.895260000000000056e-01,1.142019999999999980e-01,-3.637699999999999823e-01,1.148529999999999968e-01,-2.725230000000000152e-01,-2.371510000000000007e-01,-3.237519999999999842e-01,-3.542029999999999901e-01,-6.690400000000000513e-02,4.520999999999999845e-03,-1.885759999999999936e-01,-2.680460000000000065e-01
-1.105639999999999956e-01,7.892810000000000104e-01,2.475640000000000063e-01,-2.446069999999999911e-01,-4.496609999999999774e-01,1.000000000000000000e+00,-5.047650000000000192e-01,6.129299999999999748e-01,-2.205290000000000028e-01,-4.887369999999999770e-01,7.746699999999999420e-02,4.744760000000000089e-01,-8.346900000000000153e-02,7.238899999999999502e-02,3.704419999999999935e-01,-9.549799999999999955e-02,-3.440750000000000197e-01,5.262580000000000036e-01,1.457219999999999904e-01,3.992450000000000165e-01,-3.368499999999999966e-02,4.129099999999999993e-01,5.653139999999999832e-01,3.293639999999999901e-01,4.350260000000000238e-01,5.172210000000000418e-01,7.363199999999999745e-01,-1.925449999999999939e-01,1.415499999999999918e-02,-3.672000000000000264e-01,-6.474159999999999915e-01,1.883469999999999867e-01,2.102360000000000062e-01,-2.737200000000000188e-01,2.771480000000000055e-01,-3.750319999999999765e-01,-5.618769999999999598e-01,-7.144000000000000176e-03,4.718209999999999904e-01,2.874680000000000013e-01,3.899850000000000261e-01,1.321140000000000092e-01,3.266729999999999912e-01,2.202340000000000131e-01,2.116619999999999890e-01,-4.610000000000000382e-03,7.452739999999999920e-01,8.801599999999999702e-02,-3.361839999999999828e-01,-6.550240000000000506e-01,6.257420000000000204e-01,-4.737129999999999952e-01,3.085330000000000017e-01,-4.753890000000000060e-01,-4.070179999999999909e-01,-2.940800000000000081e-01,2.006920000000000093e-01,2.766350000000000198e-01,5.174000000000000127e-02,-8.645400000000000307e-02,1.603950000000000098e-01,-3.897109999999999741e-01,4.287659999999999805e-01,1.957909999999999928e-01,1.606239999999999890e-01,-2.897810000000000108e-01,4.431089999999999751e-01,3.824219999999999842e-01,4.380990000000000162e-01,4.770519999999999761e-01,5.240580000000000238e-01,5.765890000000000182e-01,3.067289999999999739e-01,-2.742999999999999883e-01,3.590570000000000150e-01,3.040180000000000105e-01
1.192700000000000010e-01,-7.287270000000000136e-01,-9.702700000000000213e-02,4.175200000000000022e-01,3.960319999999999951e-01,-5.047650000000000192e-01,1.000000000000000000e+00,-2.422650000000000081e-01,2.662289999999999934e-01,7.872489999999999766e-01,7.152300000000000324e-02,-1.017030000000000017e-01,6.239550000000000374e-01,-1.520080000000000042e-01,-4.526930000000000121e-01,2.838620000000000032e-01,5.336319999999999952e-01,-1.204270000000000063e-01,-3.927430000000000088e-01,-5.695799999999999752e-01,-2.907099999999999962e-02,-6.051349999999999785e-01,-1.992039999999999922e-01,-2.997349999999999737e-01,-3.230000000000000093e-01,-1.781810000000000060e-01,-6.612999999999999989e-01,1.879200000000000037e-01,-2.013200000000000059e-02,2.274980000000000058e-01,5.216720000000000246e-01,-3.146229999999999860e-01,-4.550600000000000200e-01,2.294239999999999891e-01,-6.162830000000000252e-01,4.924790000000000001e-01,5.489819999999999700e-01,1.176699999999999968e-02,-7.544870000000000188e-01,-6.366330000000000044e-01,-7.150239999999999929e-01,-2.445720000000000116e-01,-5.588170000000000082e-01,-3.871359999999999801e-01,-4.511209999999999942e-01,-2.960479999999999778e-01,-7.031180000000000208e-01,-1.999920000000000031e-01,1.996360000000000079e-01,8.158950000000000369e-01,-8.947900000000000298e-02,6.373459999999999681e-01,1.358109999999999873e-01,6.697079999999999700e-01,4.891980000000000217e-01,4.175380000000000202e-01,1.509949999999999903e-01,8.066099999999999659e-02,2.971299999999999983e-02,7.564200000000000090e-02,-2.837999999999999967e-01,5.876719999999999722e-01,-4.093390000000000084e-01,-4.176369999999999805e-01,-4.716359999999999997e-01,3.212470000000000048e-01,-7.420809999999999906e-01,-1.106970000000000037e-01,-6.206429999999999447e-01,-5.286300000000000443e-01,-4.516299999999999759e-01,-4.909560000000000035e-01,-4.754749999999999810e-01,1.389849999999999974e-01,-6.894799999999999818e-01,-6.618730000000000446e-01
-2.394800000000000054e-02,3.588379999999999903e-01,4.121659999999999768e-01,-4.528399999999999787e-02,-9.616800000000000348e-02,6.129299999999999748e-01,-2.422650000000000081e-01,1.000000000000000000e+00,-1.443689999999999973e-01,-1.997960000000000014e-01,2.365629999999999955e-01,5.423700000000000188e-01,-1.675889999999999880e-01,3.565010000000000123e-01,2.363099999999999923e-01,-4.075289999999999746e-01,-2.407710000000000128e-01,5.505999999999999610e-03,1.889830000000000121e-01,-6.116800000000000015e-02,2.456740000000000035e-01,-7.498900000000000010e-02,8.304380000000000095e-01,5.485109999999999708e-01,1.009440000000000059e-01,4.506359999999999810e-01,4.206159999999999899e-01,-3.318010000000000126e-01,-3.112260000000000026e-01,-2.540000000000000036e-01,-4.592310000000000003e-01,2.193150000000000099e-01,1.412090000000000012e-01,3.816599999999999854e-02,1.514599999999999974e-02,1.197830000000000006e-01,-3.208539999999999726e-01,2.049449999999999883e-01,2.197560000000000069e-01,1.587969999999999937e-01,1.451999999999999957e-01,9.736899999999999722e-02,3.416959999999999997e-01,8.687699999999999589e-02,1.927439999999999987e-01,1.874949999999999950e-01,3.396250000000000102e-01,1.116700000000000054e-01,-2.980610000000000204e-01,-1.881760000000000099e-01,4.836719999999999908e-01,-2.251720000000000110e-01,8.017830000000000235e-01,-1.492499999999999938e-01,-1.650909999999999878e-01,6.556900000000000228e-02,4.387610000000000121e-01,1.239589999999999997e-01,4.439370000000000260e-01,-1.901970000000000049e-01,-3.179489999999999816e-01,-1.799459999999999948e-01,-5.849200000000000232e-02,1.552080000000000126e-01,-1.930030000000000079e-01,1.010920000000000013e-01,9.058000000000000079e-03,6.786900000000000155e-01,3.690649999999999764e-01,6.731499999999999984e-02,4.655790000000000206e-01,2.711640000000000161e-01,-6.677999999999999908e-03,-4.428610000000000047e-01,1.493599999999999962e-02,-1.064139999999999947e-01
3.906699999999999756e-02,-3.048629999999999951e-01,5.270420000000000105e-01,-1.055939999999999934e-01,2.955479999999999774e-01,-2.205290000000000028e-01,2.662289999999999934e-01,-1.443689999999999973e-01,1.000000000000000000e+00,3.432700000000000196e-01,6.170099999999999474e-01,-1.901299999999999865e-02,3.334010000000000029e-01,-1.717889999999999973e-01,-7.047599999999999698e-02,7.346999999999999365e-02,2.380849999999999911e-01,-9.750100000000000433e-02,2.999319999999999764e-01,5.949800000000000227e-02,-7.719099999999999573e-02,-7.396400000000000197e-02,-1.515650000000000053e-01,-1.238969999999999932e-01,-1.080949999999999966e-01,-4.120000000000000398e-03,-2.608199999999999963e-01,3.885430000000000272e-01,1.452720000000000122e-01,3.182710000000000261e-01,3.822070000000000189e-01,-5.301369999999999694e-01,-2.122199999999999920e-01,-4.290399999999999769e-02,-4.671399999999999997e-01,2.175219999999999931e-01,3.417830000000000035e-01,7.789699999999999402e-02,-5.135859999999999870e-01,-3.129140000000000255e-01,-4.746949999999999781e-01,-2.015019999999999867e-01,-2.586200000000000165e-01,-1.093189999999999995e-01,-1.693590000000000095e-01,-1.988830000000000042e-01,-4.076640000000000263e-01,6.769739999999999647e-01,2.975849999999999884e-01,4.431720000000000104e-01,-1.086300000000000043e-01,3.554010000000000224e-01,-2.879599999999999868e-02,6.496279999999999832e-01,3.315899999999999959e-01,6.975559999999999539e-01,1.058560000000000056e-01,2.014330000000000009e-01,-1.902020000000000099e-01,1.717529999999999890e-01,1.857200000000000170e-02,3.523700000000000165e-01,-1.489659999999999873e-01,2.981820000000000026e-01,2.690790000000000126e-01,-2.975099999999999967e-02,-8.389800000000000035e-02,7.427999999999999707e-03,-3.117159999999999931e-01,-2.165970000000000117e-01,-1.451230000000000020e-01,-2.315679999999999961e-01,1.478349999999999942e-01,3.233880000000000088e-01,-8.088499999999999857e-02,-1.247299999999999937e-01
2.512610000000000121e-01,-6.161280000000000090e-01,-1.995840000000000114e-01,5.564149999999999929e-01,2.658449999999999980e-01,-4.887369999999999770e-01,7.872489999999999766e-01,-1.997960000000000014e-01,3.432700000000000196e-01,1.000000000000000000e+00,-1.044009999999999938e-01,1.168059999999999932e-01,4.759200000000000097e-01,-1.742200000000000137e-01,-3.888550000000000062e-01,3.055200000000000138e-01,8.480159999999999920e-01,-1.120310000000000056e-01,-3.032980000000000120e-01,-5.461040000000000338e-01,2.597599999999999909e-02,-6.508909999999999973e-01,-1.658969999999999889e-01,-1.924049999999999927e-01,-1.983870000000000078e-01,1.365319999999999867e-01,-6.420460000000000056e-01,1.976870000000000016e-01,-1.391229999999999967e-01,7.419199999999999406e-02,6.366300000000000292e-01,-2.038389999999999924e-01,-1.994819999999999927e-01,4.180719999999999992e-01,-6.174250000000000016e-01,5.463019999999999543e-01,6.359129999999999505e-01,-1.311100000000000043e-01,-7.113279999999999603e-01,-4.809809999999999919e-01,-7.175799999999999956e-01,-1.250999999999999890e-01,-5.375360000000000138e-01,-2.980990000000000029e-01,-5.015709999999999891e-01,-1.889619999999999911e-01,-6.536579999999999613e-01,-1.953630000000000089e-01,4.273419999999999996e-01,7.186740000000000350e-01,-6.850699999999999845e-02,7.177120000000000166e-01,1.407220000000000137e-01,5.706250000000000488e-01,8.095609999999999751e-01,3.291979999999999906e-01,2.476730000000000043e-01,8.083200000000000107e-02,3.142899999999999860e-02,2.568380000000000107e-01,-2.949100000000000055e-01,7.921080000000000343e-01,-3.027440000000000131e-01,-4.453130000000000144e-01,-3.899250000000000216e-01,4.183529999999999749e-01,-6.692719999999999780e-01,-7.931999999999999815e-03,-5.324670000000000236e-01,-6.064479999999999871e-01,-1.964150000000000063e-01,-4.476129999999999831e-01,-5.480070000000000219e-01,1.086069999999999952e-01,-7.357900000000000551e-01,-6.830929999999999502e-01
-6.480299999999999949e-02,-8.588500000000000301e-02,8.493020000000000014e-01,-3.629499999999999948e-01,3.190239999999999743e-01,7.746699999999999420e-02,7.152300000000000324e-02,2.365629999999999955e-01,6.170099999999999474e-01,-1.044009999999999938e-01,1.000000000000000000e+00,-8.536799999999999944e-02,1.902570000000000094e-01,1.679809999999999914e-01,1.312379999999999936e-01,-1.300389999999999879e-01,-2.491490000000000093e-01,-6.779899999999999816e-02,5.387929999999999664e-01,1.162330000000000030e-01,2.973999999999999908e-02,1.049059999999999993e-01,2.476160000000000028e-01,-5.900000000000000296e-04,-5.014699999999999713e-02,-8.063199999999999534e-02,4.163499999999999840e-02,2.506570000000000187e-01,1.363159999999999927e-01,3.853179999999999938e-01,4.504799999999999777e-02,-3.583950000000000191e-01,-2.125640000000000029e-01,-1.623229999999999951e-01,-3.185499999999999998e-01,2.048129999999999951e-01,3.117500000000000132e-02,3.604140000000000121e-01,-2.638400000000000190e-01,-1.836969999999999992e-01,-2.124919999999999864e-01,-1.113259999999999944e-01,1.113899999999999960e-02,-3.193700000000000011e-02,6.371100000000000374e-02,-1.023720000000000047e-01,-1.559119999999999950e-01,7.764830000000000343e-01,-3.602600000000000247e-02,2.837270000000000070e-01,6.033399999999999874e-02,5.628999999999999976e-02,2.525370000000000115e-01,4.918319999999999914e-01,-1.103650000000000048e-01,7.841540000000000177e-01,1.027980000000000005e-01,1.765279999999999905e-01,1.005339999999999984e-01,-1.035250000000000059e-01,3.844999999999999894e-03,-8.956300000000000372e-02,-1.706999999999999906e-01,5.946979999999999489e-01,2.079489999999999950e-01,-1.439189999999999914e-01,4.867900000000000005e-02,2.620810000000000084e-01,-1.303290000000000004e-01,2.548699999999999924e-02,-9.922400000000000664e-02,-3.400999999999999857e-02,3.634169999999999900e-01,1.517370000000000108e-01,1.442690000000000083e-01,5.913999999999999986e-03
-1.018249999999999988e-01,2.406800000000000050e-01,4.837400000000000033e-02,1.996060000000000056e-01,-2.264029999999999931e-01,4.744760000000000089e-01,-1.017030000000000017e-01,5.423700000000000188e-01,-1.901299999999999865e-02,1.168059999999999932e-01,-8.536799999999999944e-02,1.000000000000000000e+00,1.344359999999999999e-01,9.351099999999999690e-02,-2.645600000000000035e-02,-9.912300000000000277e-02,3.180230000000000001e-01,2.954950000000000077e-01,1.185429999999999956e-01,-5.798299999999999982e-02,-7.319399999999999518e-02,-1.211740000000000039e-01,3.129850000000000132e-01,5.927769999999999984e-01,-2.291199999999999834e-02,7.153650000000000286e-01,6.140400000000000025e-02,-1.272760000000000002e-01,-4.744059999999999944e-01,-3.975650000000000017e-01,-3.036070000000000157e-01,1.530950000000000089e-01,2.000399999999999956e-01,8.017599999999999727e-02,-3.666500000000000314e-02,1.065320000000000017e-01,-1.344789999999999874e-01,-1.541900000000000041e-02,1.204080000000000011e-01,1.452019999999999977e-01,5.103499999999999703e-02,8.300699999999999745e-02,2.648050000000000126e-01,1.515579999999999983e-01,-5.518100000000000088e-02,-1.665889999999999871e-01,2.221859999999999946e-01,-6.296200000000000407e-02,-1.670200000000000157e-02,-1.797150000000000136e-01,4.416229999999999878e-01,-1.191379999999999939e-01,4.748209999999999931e-01,-1.617969999999999964e-01,1.531879999999999908e-01,-8.647100000000000619e-02,7.525420000000000442e-01,4.380180000000000184e-01,1.839560000000000084e-01,-1.235570000000000002e-01,-2.364839999999999998e-01,3.172229999999999772e-01,3.295810000000000128e-01,1.024199999999999937e-02,-1.541740000000000055e-01,-1.048260000000000025e-01,-6.090899999999999787e-02,2.276499999999999913e-01,3.995589999999999975e-01,-2.157419999999999893e-01,6.053779999999999717e-01,-9.165099999999999636e-02,-4.618200000000000083e-02,-5.754850000000000243e-01,-8.018000000000000127e-02,-1.967079999999999940e-01
-3.630800000000000000e-02,-4.244229999999999947e-01,1.110649999999999971e-01,1.488190000000000068e-01,1.653630000000000100e-01,-8.346900000000000153e-02,6.239550000000000374e-01,-1.675889999999999880e-01,3.334010000000000029e-01,4.759200000000000097e-01,1.902570000000000094e-01,1.344359999999999999e-01,1.000000000000000000e+00,-2.249039999999999928e-01,-1.820350000000000024e-01,5.649159999999999737e-01,4.027209999999999956e-01,2.444020000000000081e-01,-2.524419999999999997e-01,-1.314609999999999945e-01,-2.317210000000000103e-01,-1.168580000000000035e-01,-2.200239999999999974e-01,-2.669300000000000145e-02,-2.903249999999999997e-01,9.413499999999999646e-02,-4.819140000000000090e-01,6.665739999999999998e-01,1.577530000000000043e-01,3.463430000000000120e-01,4.098479999999999901e-01,-3.818520000000000247e-01,-4.473190000000000222e-01,6.719799999999999385e-02,-4.985140000000000127e-01,2.359559999999999991e-01,4.389299999999999868e-01,9.520000000000000684e-02,-5.741490000000000204e-01,-5.426039999999999752e-01,-4.749570000000000181e-01,-2.277210000000000067e-01,-4.859959999999999836e-01,-2.429149999999999920e-01,-2.687410000000000077e-01,-4.443989999999999885e-01,-3.289610000000000034e-01,4.972200000000000231e-02,1.238930000000000031e-01,4.628559999999999897e-01,2.401069999999999871e-01,4.284189999999999943e-01,-9.726000000000000270e-03,5.107490000000000085e-01,3.236269999999999980e-01,3.115430000000000144e-01,3.214790000000000147e-01,6.213499999999999579e-01,-2.926320000000000032e-01,1.166080000000000033e-01,2.163499999999999868e-01,5.136690000000000422e-01,1.463150000000000006e-01,-2.405909999999999993e-01,-1.139659999999999979e-01,-5.831399999999999778e-02,-3.082579999999999765e-01,-1.812660000000000105e-01,-2.657820000000000182e-01,-3.003410000000000246e-01,-9.178600000000000647e-02,-4.032390000000000141e-01,1.177070000000000061e-01,1.535030000000000006e-01,-2.463930000000000009e-01,-2.808450000000000113e-01
1.335899999999999935e-02,1.690510000000000068e-01,1.602010000000000101e-01,9.039000000000000160e-03,2.053250000000000075e-01,7.238899999999999502e-02,-1.520080000000000042e-01,3.565010000000000123e-01,-1.717889999999999973e-01,-1.742200000000000137e-01,1.679809999999999914e-01,9.351099999999999690e-02,-2.249039999999999928e-01,1.000000000000000000e+00,1.190049999999999997e-01,-1.714900000000000035e-01,-1.389559999999999962e-01,-5.822499999999999898e-02,2.205469999999999930e-01,-7.646000000000000019e-02,1.976469999999999894e-01,-1.059200000000000072e-02,3.225350000000000161e-01,2.067890000000000006e-01,1.747499999999999887e-01,9.281200000000000561e-02,1.384980000000000100e-01,-6.177699999999999858e-02,-1.222990000000000049e-01,6.204999999999999578e-03,-1.086010000000000031e-01,1.626950000000000063e-01,1.029780000000000001e-01,-7.844199999999999784e-02,3.502600000000000158e-02,2.448829999999999896e-01,-6.747699999999999532e-02,1.829890000000000128e-01,1.855209999999999915e-01,1.648189999999999933e-01,2.072720000000000118e-01,7.122799999999999965e-02,3.883539999999999770e-01,2.266640000000000044e-01,2.846219999999999861e-01,2.536349999999999993e-01,1.220920000000000061e-01,1.032430000000000014e-01,-1.630389999999999895e-01,-8.536599999999999744e-02,-5.985300000000000342e-02,-2.132410000000000139e-01,2.943890000000000118e-01,-1.939710000000000045e-01,-1.334420000000000051e-01,4.946500000000000202e-02,8.619000000000000272e-02,-9.417999999999999983e-02,3.978260000000000129e-01,-2.218539999999999957e-01,-1.513770000000000115e-01,-2.363010000000000110e-01,-6.253100000000000325e-02,2.273149999999999893e-01,-7.685200000000000364e-02,7.130000000000000053e-03,4.214400000000000091e-02,2.371290000000000064e-01,1.867230000000000001e-01,1.100160000000000027e-01,1.216399999999999981e-01,1.079399999999999978e-02,1.262639999999999874e-01,-1.904830000000000134e-01,2.190570000000000017e-01,9.674299999999999566e-02
1.119419999999999998e-01,4.669539999999999802e-01,3.190540000000000043e-01,-4.236059999999999826e-01,-1.261599999999999944e-01,3.704419999999999935e-01,-4.526930000000000121e-01,2.363099999999999923e-01,-7.047599999999999698e-02,-3.888550000000000062e-01,1.312379999999999936e-01,-2.645600000000000035e-02,-1.820350000000000024e-01,1.190049999999999997e-01,1.000000000000000000e+00,-8.943600000000000161e-02,-2.844679999999999986e-01,1.166289999999999966e-01,1.618640000000000079e-01,5.874380000000000157e-01,3.972629999999999773e-01,6.282769999999999744e-01,4.147669999999999968e-01,2.432580000000000020e-01,4.526720000000000188e-01,2.257629999999999915e-01,6.098120000000000207e-01,1.228670000000000040e-01,4.710150000000000170e-01,9.409000000000000696e-03,-1.777080000000000048e-01,1.301529999999999909e-01,1.272240000000000038e-01,-2.725929999999999742e-01,1.261680000000000024e-01,-1.285709999999999908e-01,-2.039199999999999902e-01,9.545399999999999718e-02,3.810950000000000171e-01,2.670870000000000188e-01,3.147269999999999790e-01,-4.741999999999999688e-02,1.695750000000000035e-01,9.919300000000000339e-02,4.448790000000000244e-01,2.640120000000000244e-01,5.279089999999999616e-01,2.591720000000000135e-01,-1.524250000000000049e-01,-4.611560000000000104e-01,2.284490000000000132e-01,-1.882399999999999907e-01,4.058500000000000302e-02,-3.848360000000000114e-01,-1.896680000000000033e-01,-9.199699999999999545e-02,-1.155930000000000013e-01,9.502099999999999436e-02,-1.689900000000000013e-01,5.452590000000000492e-01,4.027229999999999976e-01,-3.878499999999999726e-01,2.647740000000000093e-01,1.479739999999999944e-01,4.746619999999999728e-01,1.092410000000000048e-01,6.049590000000000245e-01,4.617990000000000150e-01,3.806039999999999979e-01,5.410319999999999574e-01,3.776089999999999725e-01,6.076580000000000314e-01,4.315260000000000207e-01,3.398070000000000257e-01,5.162440000000000362e-01,5.248249999999999860e-01
4.400600000000000067e-01,-8.019900000000000639e-02,-1.731300000000000061e-01,3.500700000000000339e-02,3.883299999999999946e-02,-9.549799999999999955e-02,2.838620000000000032e-01,-4.075289999999999746e-01,7.346999999999999365e-02,3.055200000000000138e-01,-1.300389999999999879e-01,-9.912300000000000277e-02,5.649159999999999737e-01,-1.714900000000000035e-01,-8.943600000000000161e-02,1.000000000000000000e+00,4.005889999999999729e-01,4.393750000000000155e-01,-1.833839999999999915e-01,-3.048400000000000068e-02,3.975999999999999673e-02,9.098299999999999443e-02,-2.957190000000000096e-01,-7.801800000000000401e-02,2.400629999999999986e-01,2.656189999999999940e-01,-2.291489999999999916e-01,4.949149999999999938e-01,3.810509999999999731e-01,1.455680000000000029e-01,4.564079999999999804e-01,-6.357999999999999763e-02,3.155700000000000172e-02,1.836029999999999884e-01,-9.473800000000000276e-02,-1.057030000000000053e-01,2.211220000000000130e-01,-5.699099999999999999e-02,-2.372380000000000044e-01,-1.534310000000000118e-01,-1.331130000000000091e-01,-6.340600000000000402e-02,-4.512539999999999885e-01,-1.347629999999999939e-01,-1.235819999999999974e-01,-2.184300000000000130e-02,-1.528289999999999926e-01,-1.275110000000000132e-01,1.168249999999999983e-01,8.292399999999999771e-02,-3.172699999999999826e-02,1.688000000000000056e-01,-4.334799999999999764e-01,1.513539999999999885e-01,1.621289999999999953e-01,-4.160300000000000109e-02,-1.641789999999999916e-01,2.303920000000000134e-01,-4.080300000000000038e-01,1.125990000000000046e-01,3.942629999999999746e-01,2.531370000000000009e-01,2.819130000000000247e-01,-1.928819999999999979e-01,-5.297299999999999925e-02,-9.208399999999999919e-02,-8.862899999999999945e-02,-3.595960000000000267e-01,-1.998469999999999969e-01,-1.185100000000000042e-02,-5.783900000000000152e-02,-2.324180000000000135e-01,1.068940000000000029e-01,1.990379999999999927e-01,-1.886799999999999936e-02,5.310200000000000337e-02
2.419060000000000099e-01,-3.858489999999999975e-01,-3.049669999999999881e-01,5.000379999999999825e-01,3.113900000000000001e-02,-3.440750000000000197e-01,5.336319999999999952e-01,-2.407710000000000128e-01,2.380849999999999911e-01,8.480159999999999920e-01,-2.491490000000000093e-01,3.180230000000000001e-01,4.027209999999999956e-01,-1.389559999999999962e-01,-2.844679999999999986e-01,4.005889999999999729e-01,1.000000000000000000e+00,1.213739999999999958e-01,-1.748810000000000087e-01,-3.322849999999999970e-01,1.984599999999999906e-02,-4.408440000000000136e-01,-2.690739999999999799e-01,-3.542599999999999916e-02,-1.252699999999999994e-02,3.834080000000000266e-01,-5.407490000000000352e-01,2.632519999999999860e-01,-1.383610000000000118e-01,-6.808999999999999775e-02,5.332430000000000225e-01,-8.215999999999999692e-02,-9.290000000000000297e-04,4.159280000000000199e-01,-4.681339999999999946e-01,4.546700000000000186e-01,5.576529999999999543e-01,-2.331020000000000036e-01,-5.013589999999999991e-01,-2.765929999999999778e-01,-5.216509999999999758e-01,-5.004100000000000215e-02,-3.815379999999999883e-01,-1.462370000000000059e-01,-4.560409999999999742e-01,-2.218350000000000044e-01,-4.571779999999999733e-01,-2.284360000000000002e-01,4.822810000000000152e-01,4.107910000000000172e-01,-5.727299999999999752e-02,5.590859999999999719e-01,-3.711899999999999922e-02,2.673079999999999901e-01,7.816760000000000375e-01,8.944000000000000561e-02,2.965550000000000130e-01,1.926460000000000117e-01,-5.822599999999999998e-02,2.638329999999999842e-01,-1.413240000000000052e-01,8.117180000000000506e-01,3.299900000000000055e-02,-3.485019999999999785e-01,-2.104379999999999862e-01,2.131290000000000129e-01,-4.331490000000000062e-01,-1.466989999999999961e-01,-2.993460000000000010e-01,-5.175380000000000535e-01,2.421699999999999894e-02,-4.262299999999999978e-01,-3.684330000000000105e-01,7.399000000000000195e-03,-5.242909999999999515e-01,-4.763769999999999949e-01
-2.993799999999999933e-02,5.239439999999999653e-01,2.311000000000000120e-03,-1.242039999999999950e-01,-3.105720000000000147e-01,5.262580000000000036e-01,-1.204270000000000063e-01,5.505999999999999610e-03,-9.750100000000000433e-02,-1.120310000000000056e-01,-6.779899999999999816e-02,2.954950000000000077e-01,2.444020000000000081e-01,-5.822499999999999898e-02,1.166289999999999966e-01,4.393750000000000155e-01,1.213739999999999958e-01,1.000000000000000000e+00,2.359299999999999939e-02,3.707520000000000260e-01,-1.356880000000000031e-01,4.447429999999999994e-01,-3.560300000000000270e-02,1.585999999999999910e-02,4.915320000000000245e-01,3.683310000000000195e-01,3.703710000000000058e-01,1.052740000000000065e-01,1.905679999999999874e-01,-1.887739999999999974e-01,-2.357200000000000129e-01,1.014479999999999965e-01,2.120100000000000040e-01,-1.334970000000000045e-01,1.932560000000000111e-01,-3.119339999999999891e-01,-2.976110000000000144e-01,-1.566019999999999912e-01,2.167330000000000090e-01,1.339909999999999990e-01,1.704130000000000089e-01,1.742300000000000099e-02,-9.900000000000000813e-03,9.890599999999999392e-02,6.633500000000000507e-02,-2.270739999999999981e-01,3.624789999999999957e-01,-6.258999999999999807e-03,-2.621720000000000161e-01,-4.375999999999999890e-01,1.924450000000000049e-01,-3.147360000000000158e-01,-1.738550000000000095e-01,-2.993529999999999802e-01,-2.060190000000000077e-01,-2.902919999999999945e-01,-7.363999999999999886e-03,1.996159999999999879e-01,-2.160829999999999973e-01,3.313100000000000073e-02,3.178599999999999759e-01,-9.423299999999999732e-02,5.286269999999999580e-01,3.827300000000000146e-02,2.045579999999999898e-01,-3.272280000000000189e-01,3.029640000000000111e-01,-1.889339999999999908e-01,9.252900000000000014e-02,2.594920000000000004e-01,1.006039999999999990e-01,1.988189999999999957e-01,2.928330000000000100e-01,-8.372999999999999887e-02,2.675270000000000148e-01,2.460890000000000022e-01
-6.260799999999999699e-02,2.413279999999999870e-01,4.808930000000000149e-01,-1.943769999999999942e-01,2.089940000000000131e-01,1.457219999999999904e-01,-3.927430000000000088e-01,1.889830000000000121e-01,2.999319999999999764e-01,-3.032980000000000120e-01,5.387929999999999664e-01,1.185429999999999956e-01,-2.524419999999999997e-01,2.205469999999999930e-01,1.618640000000000079e-01,-1.833839999999999915e-01,-1.748810000000000087e-01,2.359299999999999939e-02,1.000000000000000000e+00,1.982810000000000128e-01,7.368000000000000417e-03,2.306110000000000104e-01,1.577070000000000138e-01,1.026549999999999963e-01,1.403880000000000128e-01,1.134539999999999993e-01,1.874419999999999975e-01,1.039220000000000005e-01,-1.579979999999999996e-01,1.529119999999999924e-01,-8.073600000000000221e-02,-6.862400000000000444e-02,1.463849999999999874e-01,-4.391199999999999964e-02,7.320000000000000118e-03,7.022799999999999876e-02,-1.415180000000000049e-01,9.224000000000000254e-02,1.518940000000000012e-01,1.626460000000000128e-01,6.058399999999999896e-02,1.426030000000000075e-01,3.848929999999999851e-01,2.994640000000000080e-01,6.692299999999999638e-02,1.526699999999999932e-02,1.274210000000000065e-01,5.367509999999999781e-01,1.661599999999999883e-02,-1.610310000000000075e-01,-1.151350000000000012e-01,-2.632539999999999880e-01,5.675000000000000183e-02,-1.143899999999999952e-02,-1.088630000000000014e-01,3.974320000000000075e-01,1.645020000000000093e-01,4.449999999999999789e-02,1.880640000000000089e-01,-2.279100000000000015e-01,-5.353000000000000119e-03,-1.727219999999999867e-01,1.195370000000000044e-01,8.284299999999999997e-01,2.728510000000000102e-01,-2.708630000000000204e-01,2.975559999999999872e-01,1.787249999999999950e-01,1.205660000000000065e-01,7.330599999999999616e-02,1.569139999999999979e-01,6.478000000000000251e-03,4.261469999999999980e-01,-1.613769999999999927e-01,3.285600000000000187e-01,1.741419999999999912e-01
-6.619999999999999496e-02,6.102929999999999744e-01,2.188950000000000062e-01,-5.760830000000000117e-01,-4.262029999999999985e-01,3.992450000000000165e-01,-5.695799999999999752e-01,-6.116800000000000015e-02,5.949800000000000227e-02,-5.461040000000000338e-01,1.162330000000000030e-01,-5.798299999999999982e-02,-1.314609999999999945e-01,-7.646000000000000019e-02,5.874380000000000157e-01,-3.048400000000000068e-02,-3.322849999999999970e-01,3.707520000000000260e-01,1.982810000000000128e-01,1.000000000000000000e+00,1.205400000000000048e-02,9.307579999999999742e-01,-6.516399999999999970e-02,7.371099999999999874e-02,3.973169999999999757e-01,5.400699999999999945e-02,6.485379999999999479e-01,2.261269999999999947e-01,6.003770000000000495e-01,5.791700000000000320e-02,-2.549520000000000119e-01,-5.982699999999999824e-02,8.887000000000000455e-02,-4.036560000000000148e-01,3.161820000000000186e-01,-3.861120000000000108e-01,-2.635779999999999790e-01,-2.651200000000000084e-02,4.344290000000000096e-01,3.357919999999999794e-01,4.027149999999999896e-01,-7.265800000000000036e-02,1.055279999999999968e-01,9.092500000000000582e-02,4.258460000000000023e-01,2.719000000000000063e-03,5.570439999999999836e-01,4.660440000000000138e-01,-8.292800000000000171e-02,-5.891830000000000123e-01,6.218499999999999722e-02,-3.469189999999999774e-01,-3.615280000000000160e-01,-4.964600000000000124e-01,-2.835710000000000175e-01,-2.683180000000000009e-01,-2.282180000000000042e-01,1.035139999999999949e-01,-4.192089999999999983e-01,3.783329999999999749e-01,6.363940000000000152e-01,-4.054740000000000011e-01,4.425580000000000069e-01,3.723350000000000271e-01,9.015980000000000105e-01,-2.659969999999999835e-01,9.072689999999999921e-01,-3.916800000000000143e-02,3.055780000000000163e-01,5.890630000000000033e-01,1.933459999999999901e-01,5.429530000000000189e-01,6.705130000000000257e-01,4.555679999999999730e-01,7.576880000000000281e-01,7.750719999999999832e-01
