0.000000000000000000e+00,3.727134410095611083e-01,0.000000000000000000e+00,0.000000000000000000e+00,0.000000000000000000e+00,3.647287226242970082e-01,3.795371453219920088e-01,4.599391947202923769e-01,0.000000000000000000e+00,3.894958038934586142e-01,4.477436502437354138e-01,3.981276813357503830e-01,3.854889846616872950e-01,4.485191686387958732e-01,3.405031672617770955e-01,3.747616950957028958e-01,3.855819902440303926e-01,3.940717457583354233e-01,0.000000000000000000e+00,3.751027528681151191e-01,3.816868401108187148e-01,3.648335970952474860e-01,4.083918583939943892e-01,3.744084223259888100e-01,3.790765513591374258e-01,3.663881229640931769e-01,3.914638456104543862e-01,3.824868407225984757e-01,3.829933733625757175e-01,3.777608487275054272e-01,3.263063572016312031e-01,3.901790525566937728e-01,3.438224063275078790e-01,3.403084732494117137e-01,3.984514696038102266e-01,4.403502598178615779e-01,0.000000000000000000e+00,4.017996492208880110e-01,3.866285450273226898e-01,4.047723610205836153e-01,3.820309410841000175e-01,0.000000000000000000e+00,0.000000000000000000e+00,0.000000000000000000e+00,0.000000000000000000e+00,3.651428310782784958e-01,4.354999201780780926e-01,0.000000000000000000e+00,0.000000000000000000e+00,0.000000000000000000e+00,0.000000000000000000e+00,0.000000000000000000e+00,0.000000000000000000e+00,0.000000000000000000e+00,4.326885799776469255e-01,0.000000000000000000e+00,4.906023982819681106e-01,0.000000000000000000e+00,0.000000000000000000e+00,0.000000000000000000e+00,4.280059075975214955e-01,0.000000000000000000e+00,4.257648559514202180e-01,0.000000000000000000e+00,0.000000000000000000e+00,3.765809211851344762e-01,4.013656097666316036e-01,0.000000000000000000e+00,3.192736440741357207e-01,4.163999669338422915e-01,4.295170588129552103e-01,0.000000000000000000e+00,0.000000000000000000e+00,0.000000000000000000e+00,0.000000000000000000e+00,0.000000000000000000e+00
3.727134410095611083e-01,0.000000000000000000e+00,3.415043499196063204e-01,0.000000000000000000e+00,3.404431593651959242e-01,3.439767445144896185e-01,3.655810285491791212e-01,4.424072850363939269e-01,3.256842110855969752e-01,3.405741523987584896e-01,0.000000000000000000e+00,3.405170715299156159e-01,3.765937529443423859e-01,0.000000000000000000e+00,3.842276199600527797e-01,3.729181055395676125e-01,0.000000000000000000e+00,3.855339542607975067e-01,0.000000000000000000e+00,3.865506569923201075e-01,3.726898931753820920e-01,3.804166553557348229e-01,3.737348147958338140e-01,3.647792806442535785e-01,3.649155386130492063e-01,3.921957930831829753e-01,3.754106254336471160e-01,3.777412507444999901e-01,3.801361998440936918e-01,0.000000000000000000e+00,3.230748016030868808e-01,3.833936652131170741e-01,3.372047799611950225e-01,3.298832098632963894e-01,3.945111866858116989e-01,0.000000000000000000e+00,0.000000000000000000e+00,0.000000000000000000e+00,4.136946492005980081e-01,4.254131700670220062e-01,4.063227695202991097e-01,4.297082955346436806e-01,0.000000000000000000e+00,0.000000000000000000e+00,0.000000000000000000e+00,4.242320320012530899e-01,4.207139202607301232e-01,0.000000000000000000e+00,0.000000000000000000e+00,0.000000000000000000e+00,3.780319787412831922e-01,3.840042385517494217e-01,4.343397533371540775e-01,0.000000000000000000e+00,3.891468506815519146e-01,0.000000000000000000e+00,3.809873320935935892e-01,3.927001482450858116e-01,0.000000000000000000e+00,4.315666772808481877e-01,4.145083756011275766e-01,0.000000000000000000e+00,4.418074703166270933e-01,0.000000000000000000e+00,4.074024079079511251e-01,4.272057455852887875e-01,4.151336884537973893e-01,4.225816561651457026e-01,4.162241915591405883e-01,4.385197467716929753e-01,4.388962367408679177e-01,4.100386166361286167e-01,4.055271366409131106e-01,4.089987903377683143e-01,0.000000000000000000e+00,4.019710892146832748e-01
0.000000000000000000e+00,3.415043499196063204e-01,0.000000000000000000e+00,3.643273809049664136e-01,3.888708906600192861e-01,3.664996453492537221e-01,3.760473384141290731e-01,4.371247926146192841e-01,3.364794597356584038e-01,4.073384722306330197e-01,3.119109576290178265e-01,0.000000000000000000e+00,3.758285018818374734e-01,3.977471673133393115e-01,0.000000000000000000e+00,0.000000000000000000e+00,0.000000000000000000e+00,0.000000000000000000e+00,2.726827226949458116e-01,0.000000000000000000e+00,3.775736456319599976e-01,0.000000000000000000e+00,2.881566283794261274e-01,0.000000000000000000e+00,3.329104630533952780e-01,0.000000000000000000e+00,3.366566729214907072e-01,3.779847534704536272e-01,3.766161314071305166e-01,3.611230873931621788e-01,3.893237331339319818e-01,3.730751741100182817e-01,0.000000000000000000e+00,4.061349454276266813e-01,4.151895849109595860e-01,3.629544069811295737e-01,3.822119524158443249e-01,4.353187680244445801e-01,4.225615698976613044e-01,0.000000000000000000e+00,4.976463109037255750e-01,0.000000000000000000e+00,5.104816765403892287e-01,4.890577219112612894e-01,0.000000000000000000e+00,0.000000000000000000e+00,0.000000000000000000e+00,3.669265716435097802e-01,0.000000000000000000e+00,5.071974499232116962e-01,5.256575933389244781e-01,5.061240141573509765e-01,5.393337028606010053e-01,5.516855794553856551e-01,0.000000000000000000e+00,3.865869479563767142e-01,4.071569574979851946e-01,4.978669188192266226e-01,5.020925198655824540e-01,0.000000000000000000e+00,0.000000000000000000e+00,0.000000000000000000e+00,0.000000000000000000e+00,2.666774825751386246e-01,0.000000000000000000e+00,0.000000000000000000e+00,0.000000000000000000e+00,5.334276608660449837e-01,0.000000000000000000e+00,0.000000000000000000e+00,0.000000000000000000e+00,5.349124180014757091e-01,4.814827742867106020e-01,4.755127232100949120e-01,0.000000000000000000e+00,5.041566023412284991e-01
0.000000000000000000e+00,0.000000000000000000e+00,3.643273809049664136e-01,0.000000000000000000e+00,2.382667999305246864e-01,3.574192509154077158e-01,3.142640607968673061e-01,3.722537639655262853e-01,3.560115728281496028e-01,2.902429920990012846e-01,3.449698948872583215e-01,0.000000000000000000e+00,3.438538692407053787e-01,2.760587252049718221e-01,0.000000000000000000e+00,0.000000000000000000e+00,0.000000000000000000e+00,0.000000000000000000e+00,3.459052857538835735e-01,0.000000000000000000e+00,0.000000000000000000e+00,0.000000000000000000e+00,3.580211013605076875e-01,0.000000000000000000e+00,0.000000000000000000e+00,0.000000000000000000e+00,3.668151577037422895e-01,3.118418616240735131e-01,3.873224890904036766e-01,0.000000000000000000e+00,3.151074757466540976e-01,2.870980358549672928e-01,0.000000000000000000e+00,3.217180999308563161e-01,3.103508657058708931e-01,1.987790684598630120e-01,2.136970170239008981e-01,2.545002996921538752e-01,2.887982928440870900e-01,0.000000000000000000e+00,0.000000000000000000e+00,0.000000000000000000e+00,0.000000000000000000e+00,0.000000000000000000e+00,0.000000000000000000e+00,0.000000000000000000e+00,0.000000000000000000e+00,0.000000000000000000e+00,0.000000000000000000e+00,0.000000000000000000e+00,3.855183829196657808e-01,0.000000000000000000e+00,0.000000000000000000e+00,0.000000000000000000e+00,0.000000000000000000e+00,0.000000000000000000e+00,2.694909890992607804e-01,0.000000000000000000e+00,0.000000000000000000e+00,0.000000000000000000e+00,0.000000000000000000e+00,0.000000000000000000e+00,0.000000000000000000e+00,0.000000000000000000e+00,0.000000000000000000e+00,0.000000000000000000e+00,0.000000000000000000e+00,4.163931122385363115e-01,0.000000000000000000e+00,0.000000000000000000e+00,0.000000000000000000e+00,4.118561425639307161e-01,0.000000000000000000e+00,0.000000000000000000e+00,0.000000000000000000e+00,0.000000000000000000e+00
0.000000000000000000e+00,3.404431593651959242e-01,3.888708906600192861e-01,2.382667999305246864e-01,0.000000000000000000e+00,3.829144300348106822e-01,3.281732216794109869e-01,3.349629819578848200e-01,3.303758606846535217e-01,3.660052806314850193e-01,3.090149168577137062e-01,3.836801953829420131e-01,3.546858813384701770e-01,2.525076370501498912e-01,0.000000000000000000e+00,3.793585798854188229e-01,0.000000000000000000e+00,3.911910228550650737e-01,3.423348762908500209e-01,3.718101663372218035e-01,3.593892946316560866e-01,3.968844644836074798e-01,3.346702135651681842e-01,3.467082573025497272e-01,3.471473406317618915e-01,3.439768068681833268e-01,3.867242515361761224e-01,3.548219209761365178e-01,3.650754754257841128e-01,0.000000000000000000e+00,3.690659039638616856e-01,2.846819114965457032e-01,3.674926067719300193e-01,3.776003207369653114e-01,3.627969602138966243e-01,2.236522860000230983e-01,2.161217453935712074e-01,3.533330812077066230e-01,4.195172250063988195e-01,0.000000000000000000e+00,4.547969136539105062e-01,4.334588582273222190e-01,4.208455787767034773e-01,4.306039214415702254e-01,0.000000000000000000e+00,0.000000000000000000e+00,0.000000000000000000e+00,5.060940793642827451e-01,0.000000000000000000e+00,4.460858423104163140e-01,4.671571271429135752e-01,4.496448223380665743e-01,4.313547370905604916e-01,4.962185788204421799e-01,0.000000000000000000e+00,3.948899014821690145e-01,2.908192224924366909e-01,4.442643850517349891e-01,4.120484357436551837e-01,0.000000000000000000e+00,0.000000000000000000e+00,0.000000000000000000e+00,0.000000000000000000e+00,4.836864188164389233e-01,4.017406253663053928e-01,0.000000000000000000e+00,4.131176325772163982e-01,4.726786812413090733e-01,0.000000000000000000e+00,3.878761195150323138e-01,0.000000000000000000e+00,4.622614792522847238e-01,4.426895123111829200e-01,4.224410111678462143e-01,0.000000000000000000e+00,4.544012074095071796e-01
3.647287226242970082e-01,3.439767445144896185e-01,3.664996453492537221e-01,3.574192509154077158e-01,3.829144300348106822e-01,0.000000000000000000e+00,3.785684357962770252e-01,3.651442940699273221e-01,3.767612910641999768e-01,3.726918248748288809e-01,3.794328230025740822e-01,3.252090231129575737e-01,3.390939677433668087e-01,3.975218460787944830e-01,3.926350091156434186e-01,3.844238496892203871e-01,0.000000000000000000e+00,3.884530970438536124e-01,3.672789424988421869e-01,3.624955283449851073e-01,3.749490591843562814e-01,3.961502518471622936e-01,3.543595572552671880e-01,3.795787197593937234e-01,3.447006003704046750e-01,3.611216289060574791e-01,3.380178586342905134e-01,3.198112690964995952e-01,3.510149424768612136e-01,3.618143989892563805e-01,3.725650231681065239e-01,3.722068052931952198e-01,3.570128195429085882e-01,3.921827084259715268e-01,4.106310175543753105e-01,3.693926767558937119e-01,3.794735615646340210e-01,3.627691125347294876e-01,4.117680204860091897e-01,3.734342332333945857e-01,4.548387719923283057e-01,4.494189996672827148e-01,4.528113148589855141e-01,4.286835648780579766e-01,0.000000000000000000e+00,3.663469884760746087e-01,4.019661292662564112e-01,5.217410771747514886e-01,0.000000000000000000e+00,4.860862703088201231e-01,4.700955928943514883e-01,4.608751281272054912e-01,4.232099494716570209e-01,5.250110573089812327e-01,0.000000000000000000e+00,5.066312561372418033e-01,3.805388733577338978e-01,4.501967750100768773e-01,0.000000000000000000e+00,4.084106886461191244e-01,3.915722159316266104e-01,0.000000000000000000e+00,3.852777660844329821e-01,5.165167281523499465e-01,4.047187700374897945e-01,3.635750849885708846e-01,4.139870091589373802e-01,4.726990157760924127e-01,0.000000000000000000e+00,3.865865115615967906e-01,4.210803674521492734e-01,4.618062402002409139e-01,4.490017023726647905e-01,4.324115842985007951e-01,4.384949602599680918e-01,4.624697374428978214e-01
3.795371453219920088e-01,3.655810285491791212e-01,3.760473384141290731e-01,3.142640607968673061e-01,3.281732216794109869e-01,3.785684357962770252e-01,0.000000000000000000e+00,3.516128019724854004e-01,3.668553848944057783e-01,3.762866773451883917e-01,3.810978103813474904e-01,3.536950188484386248e-01,3.256755543246124818e-01,3.005775126372837724e-01,3.709292200686274965e-01,4.050537383922480084e-01,0.000000000000000000e+00,4.056720208115102144e-01,3.743848805390515011e-01,3.841636746423516824e-01,3.712106393325936837e-01,4.143864942747849112e-01,3.441988678922431877e-01,0.000000000000000000e+00,3.758068062594318026e-01,3.835590006851534728e-01,3.653637151379451886e-01,3.512334101625634863e-01,3.757953852980258080e-01,3.749626965975609849e-01,3.830988212304763940e-01,3.816233438809089051e-01,3.876850963897591762e-01,3.993938063271539884e-01,4.130543032890651167e-01,3.167464562018287855e-01,3.230198588174729157e-01,3.704798477247095989e-01,4.244309965653184080e-01,0.000000000000000000e+00,4.509802430436922749e-01,4.530650617542155145e-01,4.218475422683747866e-01,0.000000000000000000e+00,0.000000000000000000e+00,0.000000000000000000e+00,0.000000000000000000e+00,4.760911769976575725e-01,0.000000000000000000e+00,4.395341140768567745e-01,4.375305714882929964e-01,4.353554016480817856e-01,3.989398814167119944e-01,4.891336809021212817e-01,0.000000000000000000e+00,3.841832707144073877e-01,0.000000000000000000e+00,4.303054180512552729e-01,0.000000000000000000e+00,4.199569644967535154e-01,0.000000000000000000e+00,0.000000000000000000e+00,0.000000000000000000e+00,4.812491952611356871e-01,4.154631103282435123e-01,3.777208623741619142e-01,4.215929553908014937e-01,4.458460848551115130e-01,0.000000000000000000e+00,4.111379041512833732e-01,4.225674245329197887e-01,4.377931741785919817e-01,4.336927249934203754e-01,4.265233494611602172e-01,0.000000000000000000e+00,4.409848274380391842e-01
4.599391947202923769e-01,4.424072850363939269e-01,4.371247926146192841e-01,3.722537639655262853e-01,3.349629819578848200e-01,3.651442940699273221e-01,3.516128019724854004e-01,0.000000000000000000e+00,4.407715233905037944e-01,3.953245327012678834e-01,3.458829917664150155e-01,0.000000000000000000e+00,3.564687450236589950e-01,3.696008011380826908e-01,0.000000000000000000e+00,4.270130179283130878e-01,0.000000000000000000e+00,4.500317654839168791e-01,4.023908770333615159e-01,3.833902522346995245e-01,3.897787995693541840e-01,4.158943895732377105e-01,3.363902513576160214e-01,4.834296646721142898e-01,4.591528522315085903e-01,4.551439461333310899e-01,3.854584274129079224e-01,3.589929409773018887e-01,3.617455613631421762e-01,3.635303251731955010e-01,3.759971195403323252e-01,3.557799418229078969e-01,4.189183740943118184e-01,3.907203608337356249e-01,4.032142136612565930e-01,2.842168432987859927e-01,3.602660708255502886e-01,0.000000000000000000e+00,4.042563013342658218e-01,0.000000000000000000e+00,4.642950704345252255e-01,0.000000000000000000e+00,4.703423838066863039e-01,0.000000000000000000e+00,0.000000000000000000e+00,0.000000000000000000e+00,0.000000000000000000e+00,5.415576391336909268e-01,0.000000000000000000e+00,4.619329276242861160e-01,4.595032290549517229e-01,4.466130039619659042e-01,4.439411924230703965e-01,5.430291895626726539e-01,0.000000000000000000e+00,4.645691440846573261e-01,0.000000000000000000e+00,4.200320340583070244e-01,4.529615272040395935e-01,4.581971462859030786e-01,0.000000000000000000e+00,0.000000000000000000e+00,0.000000000000000000e+00,5.265070908398477023e-01,4.406159133387150262e-01,4.895203619093607128e-01,0.000000000000000000e+00,4.917541684613063180e-01,0.000000000000000000e+00,0.000000000000000000e+00,0.000000000000000000e+00,4.710583325814842737e-01,4.219211101932717756e-01,4.024466574435220934e-01,0.000000000000000000e+00,4.444348888720658919e-01
0.000000000000000000e+00,3.256842110855969752e-01,3.364794597356584038e-01,3.560115728281496028e-01,3.303758606846535217e-01,3.767612910641999768e-01,3.668553848944057783e-01,4.407715233905037944e-01,0.000000000000000000e+00,3.826133992783622984e-01,2.841689213571890193e-01,3.868051087023097190e-01,3.579922262991483972e-01,4.040435835571721812e-01,0.000000000000000000e+00,3.566843101315628206e-01,0.000000000000000000e+00,3.704660534858704168e-01,2.656322928319140853e-01,3.360977262373432972e-01,3.439860410935918211e-01,3.752062703239170127e-01,3.758343729180604886e-01,0.000000000000000000e+00,3.385535044398396143e-01,3.367341256093481783e-01,3.783734756693831747e-01,3.727767832128506820e-01,3.519628643538844082e-01,3.707451121226478796e-01,3.787823045188636883e-01,3.722291646941456866e-01,3.610955362058617113e-01,3.886296559486813185e-01,3.982259217190188272e-01,3.636310630638071029e-01,3.727883286139240804e-01,3.741756972945227133e-01,3.909939158260911096e-01,0.000000000000000000e+00,4.790648169901474129e-01,4.541072087085967213e-01,4.877736653986187165e-01,4.626819039027533220e-01,0.000000000000000000e+00,0.000000000000000000e+00,0.000000000000000000e+00,5.490808067271151227e-01,0.000000000000000000e+00,4.965533365531348275e-01,5.109220378992672673e-01,4.884031536577772004e-01,5.261682435483009401e-01,5.402168851919071368e-01,0.000000000000000000e+00,4.740745684009182170e-01,3.779428027823317771e-01,4.772891470632463773e-01,4.883266088595670795e-01,0.000000000000000000e+00,0.000000000000000000e+00,0.000000000000000000e+00,0.000000000000000000e+00,5.372507965673567476e-01,3.588952202148987247e-01,0.000000000000000000e+00,3.779438675949842730e-01,5.277634472560929213e-01,0.000000000000000000e+00,0.000000000000000000e+00,0.000000000000000000e+00,5.191007365938717921e-01,4.733908723355406134e-01,4.475089722864529773e-01,0.000000000000000000e+00,4.876901267660648243e-01
3.894958038934586142e-01,3.405741523987584896e-01,4.073384722306330197e-01,2.902429920990012846e-01,3.660052806314850193e-01,3.726918248748288809e-01,3.762866773451883917e-01,3.953245327012678834e-01,3.826133992783622984e-01,0.000000000000000000e+00,3.812085467455080257e-01,2.898066715088709056e-01,3.809016711616616813e-01,0.000000000000000000e+00,0.000000000000000000e+00,3.686126804850721195e-01,3.090398519426733048e-01,3.353625214294169155e-01,3.770908115344986933e-01,3.553665091331185133e-01,4.494880867801028801e-01,3.546677176116110886e-01,3.851825799152238106e-01,3.147356633306864770e-01,3.492297056864480109e-01,3.397494517865594088e-01,3.946106690297975783e-01,3.675990421633099081e-01,3.727467599642039220e-01,0.000000000000000000e+00,3.159034853467677095e-01,3.467708188391955826e-01,3.081397175576213732e-01,3.197707855814114208e-01,3.179957541997923132e-01,3.483557491403609929e-01,2.972378153784128729e-01,2.764346991709992207e-01,3.170602829583206161e-01,3.786927960834954865e-01,3.560975838217190770e-01,0.000000000000000000e+00,0.000000000000000000e+00,0.000000000000000000e+00,3.698132363253242016e-01,3.844388447211635751e-01,0.000000000000000000e+00,0.000000000000000000e+00,0.000000000000000000e+00,0.000000000000000000e+00,0.000000000000000000e+00,0.000000000000000000e+00,0.000000000000000000e+00,0.000000000000000000e+00,4.380822187575966753e-01,3.899925496637206002e-01,4.362262166215845061e-01,0.000000000000000000e+00,0.000000000000000000e+00,0.000000000000000000e+00,3.780121760339040238e-01,4.317931886692323862e-01,3.892428291974310839e-01,0.000000000000000000e+00,0.000000000000000000e+00,0.000000000000000000e+00,0.000000000000000000e+00,0.000000000000000000e+00,4.272958169192955791e-01,4.250630740201423730e-01,4.447073999430963820e-01,4.220023189827982746e-01,0.000000000000000000e+00,0.000000000000000000e+00,0.000000000000000000e+00,4.006401433021111735e-01
4.477436502437354138e-01,0.000000000000000000e+00,3.119109576290178265e-01,3.449698948872583215e-01,3.090149168577137062e-01,3.794328230025740822e-01,3.810978103813474904e-01,3.458829917664150155e-01,2.841689213571890193e-01,3.812085467455080257e-01,0.000000000000000000e+00,3.821126208428400894e-01,3.801275784742835229e-01,2.861420478587640148e-01,0.000000000000000000e+00,0.000000000000000000e+00,0.000000000000000000e+00,0.000000000000000000e+00,2.511742420020187105e-01,0.000000000000000000e+00,0.000000000000000000e+00,0.000000000000000000e+00,2.889959707139144185e-01,3.499252044222654900e-01,0.000000000000000000e+00,0.000000000000000000e+00,3.700921272306710863e-01,3.769600408202319897e-01,0.000000000000000000e+00,0.000000000000000000e+00,3.743471357477051731e-01,3.354854806951941271e-01,0.000000000000000000e+00,3.780590629843159078e-01,3.693770315243931068e-01,3.037997982958199894e-01,3.521275515084392183e-01,3.674878743110048807e-01,3.583253863224564184e-01,0.000000000000000000e+00,0.000000000000000000e+00,0.000000000000000000e+00,4.783747197170695187e-01,0.000000000000000000e+00,0.000000000000000000e+00,0.000000000000000000e+00,0.000000000000000000e+00,4.907530550557464011e-01,0.000000000000000000e+00,4.346972202448188272e-01,4.647950062950175210e-01,4.454082789561267242e-01,4.865384359993452090e-01,5.058014358747344730e-01,0.000000000000000000e+00,2.538302039568073876e-01,3.579236636145636252e-01,4.405497843564352145e-01,3.768969507166929911e-01,0.000000000000000000e+00,0.000000000000000000e+00,0.000000000000000000e+00,0.000000000000000000e+00,4.009627501743304734e-01,0.000000000000000000e+00,0.000000000000000000e+00,0.000000000000000000e+00,4.984520004912972868e-01,0.000000000000000000e+00,0.000000000000000000e+00,0.000000000000000000e+00,4.974423604816943234e-01,4.376285916433758083e-01,0.000000000000000000e+00,0.000000000000000000e+00,0.000000000000000000e+00
3.981276813357503830e-01,3.405170715299156159e-01,0.000000000000000000e+00,0.000000000000000000e+00,3.836801953829420131e-01,3.252090231129575737e-01,3.536950188484386248e-01,0.000000000000000000e+00,3.868051087023097190e-01,2.898066715088709056e-01,3.821126208428400894e-01,0.000000000000000000e+00,3.832349882885459080e-01,0.000000000000000000e+00,0.000000000000000000e+00,3.692610278217581810e-01,3.640419615466288783e-01,3.702252184018166026e-01,0.000000000000000000e+00,3.526157973219172792e-01,4.386017814186293773e-01,3.593562191206854939e-01,4.392262428832227061e-01,3.148861251898935065e-01,3.648671610596341264e-01,3.269433435146805733e-01,3.929189112802046191e-01,3.769979021018178833e-01,3.587974447955559198e-01,0.000000000000000000e+00,3.419484443039830790e-01,3.103127979140373749e-01,3.224898932669910123e-01,2.819074124345031795e-01,2.846958663920574062e-01,3.830682885018216743e-01,3.902612565923406773e-01,2.239842843280268891e-01,0.000000000000000000e+00,3.915496857108888840e-01,3.637984194181120845e-01,0.000000000000000000e+00,0.000000000000000000e+00,0.000000000000000000e+00,3.739126772424590239e-01,3.878343481555305838e-01,0.000000000000000000e+00,0.000000000000000000e+00,0.000000000000000000e+00,0.000000000000000000e+00,0.000000000000000000e+00,0.000000000000000000e+00,0.000000000000000000e+00,0.000000000000000000e+00,4.464178327906279109e-01,0.000000000000000000e+00,4.448467152953894943e-01,0.000000000000000000e+00,0.000000000000000000e+00,0.000000000000000000e+00,0.000000000000000000e+00,4.338869511336367890e-01,3.963781141241212169e-01,0.000000000000000000e+00,0.000000000000000000e+00,0.000000000000000000e+00,0.000000000000000000e+00,0.000000000000000000e+00,4.280197405488109785e-01,4.355977734830960846e-01,4.492286101882503879e-01,0.000000000000000000e+00,0.000000000000000000e+00,0.000000000000000000e+00,0.000000000000000000e+00,4.080382536172323937e-01
3.854889846616872950e-01,3.765937529443423859e-01,3.758285018818374734e-01,3.438538692407053787e-01,3.546858813384701770e-01,3.390939677433668087e-01,3.256755543246124818e-01,3.564687450236589950e-01,3.579922262991483972e-01,3.809016711616616813e-01,3.801275784742835229e-01,3.832349882885459080e-01,0.000000000000000000e+00,3.100047751518679173e-01,3.788470164000770080e-01,4.056519513438286983e-01,3.866104185108049096e-01,4.012865870347662178e-01,3.658837871215689930e-01,3.771203555112260242e-01,3.692769321714645114e-01,4.138764694916532982e-01,3.501253702547981739e-01,3.683849139013981033e-01,3.834904740782806853e-01,3.834615311821132910e-01,3.644310009109983928e-01,3.228925123399845054e-01,3.552114707426237139e-01,3.354508277446678899e-01,3.589778208221928169e-01,3.816021423899252918e-01,3.736569303481275806e-01,3.838631768557546065e-01,3.912723265998513944e-01,3.449446921109005082e-01,3.507161752138445165e-01,3.644350419350714243e-01,3.998064907480747276e-01,0.000000000000000000e+00,4.454401577872141860e-01,4.416659206038646146e-01,4.204190746268086087e-01,4.504174009097952069e-01,0.000000000000000000e+00,0.000000000000000000e+00,4.164586488332681080e-01,4.653531933827068090e-01,0.000000000000000000e+00,4.341885765048553170e-01,4.285242982383605792e-01,4.257197018945622080e-01,4.021583551760827824e-01,4.702223066094839976e-01,0.000000000000000000e+00,3.770862979475602117e-01,3.739948168172286813e-01,4.287006049579276112e-01,0.000000000000000000e+00,4.198955630520276872e-01,4.163519020518023916e-01,0.000000000000000000e+00,4.147414677175916831e-01,0.000000000000000000e+00,4.241635145259993189e-01,3.790015858044666897e-01,4.207255664585716204e-01,4.364076401027143226e-01,0.000000000000000000e+00,4.133965218096692928e-01,4.248377384046986838e-01,4.324159751025626885e-01,4.333775890771838779e-01,4.225980407539958184e-01,4.525105996553833165e-01,4.387404371003755799e-01
4.485191686387958732e-01,0.000000000000000000e+00,3.977471673133393115e-01,2.760587252049718221e-01,2.525076370501498912e-01,3.975218460787944830e-01,3.005775126372837724e-01,3.696008011380826908e-01,4.040435835571721812e-01,0.000000000000000000e+00,2.861420478587640148e-01,0.000000000000000000e+00,3.100047751518679173e-01,0.000000000000000000e+00,0.000000000000000000e+00,0.000000000000000000e+00,0.000000000000000000e+00,0.000000000000000000e+00,3.354557054931129878e-01,0.000000000000000000e+00,4.226735925938405192e-01,0.000000000000000000e+00,3.567780738682170272e-01,0.000000000000000000e+00,0.000000000000000000e+00,4.481764634171427897e-01,4.103193538707878840e-01,2.640946846698427053e-01,0.000000000000000000e+00,0.000000000000000000e+00,0.000000000000000000e+00,2.318445694630247023e-01,0.000000000000000000e+00,0.000000000000000000e+00,0.000000000000000000e+00,2.183658086755315975e-01,1.717229904021836118e-01,0.000000000000000000e+00,0.000000000000000000e+00,0.000000000000000000e+00,0.000000000000000000e+00,0.000000000000000000e+00,4.226943173700651868e-01,0.000000000000000000e+00,0.000000000000000000e+00,0.000000000000000000e+00,0.000000000000000000e+00,5.096707336437135138e-01,0.000000000000000000e+00,4.293001322462161040e-01,4.324763179612433062e-01,4.214182136694418768e-01,4.666794451324822735e-01,5.030091016905018364e-01,0.000000000000000000e+00,4.259213970368121993e-01,0.000000000000000000e+00,4.126629286354008830e-01,0.000000000000000000e+00,0.000000000000000000e+00,0.000000000000000000e+00,0.000000000000000000e+00,0.000000000000000000e+00,4.729199910193532252e-01,0.000000000000000000e+00,0.000000000000000000e+00,0.000000000000000000e+00,4.892786512827128065e-01,0.000000000000000000e+00,0.000000000000000000e+00,0.000000000000000000e+00,4.688017171868368860e-01,0.000000000000000000e+00,0.000000000000000000e+00,0.000000000000000000e+00,0.000000000000000000e+00
3.405031672617770955e-01,3.842276199600527797e-01,0.000000000000000000e+00,0.000000000000000000e+00,0.000000000000000000e+00,3.926350091156434186e-01,3.709292200686274965e-01,0.000000000000000000e+00,0.000000000000000000e+00,0.000000000000000000e+00,0.000000000000000000e+00,0.000000000000000000e+00,3.788470164000770080e-01,0.000000000000000000e+00,0.000000000000000000e+00,3.640402103968268244e-01,0.000000000000000000e+00,3.545656178510749879e-01,0.000000000000000000e+00,3.491513688011619876e-01,3.549341961597349826e-01,3.116949014047248889e-01,2.783444650412639776e-01,3.969478061972782079e-01,3.592878563435810135e-01,3.639160901492508038e-01,3.790764371520218834e-01,3.611480721461290955e-01,3.762757567187077767e-01,3.337813367517176166e-01,3.693869566498795276e-01,3.995736844396869936e-01,3.593302160452556127e-01,4.018236455892071901e-01,4.430353648626743079e-01,0.000000000000000000e+00,0.000000000000000000e+00,0.000000000000000000e+00,4.134271249101573731e-01,4.174012037397060726e-01,4.311405601060909198e-01,4.638592782887853150e-01,0.000000000000000000e+00,0.000000000000000000e+00,0.000000000000000000e+00,0.000000000000000000e+00,4.441752375173084189e-01,0.000000000000000000e+00,0.000000000000000000e+00,0.000000000000000000e+00,4.169285303837546031e-01,3.993513654047818884e-01,3.872720255178516147e-01,0.000000000000000000e+00,0.000000000000000000e+00,0.000000000000000000e+00,4.253738224506378174e-01,4.159407474249708914e-01,0.000000000000000000e+00,4.449705495243275744e-01,4.150867963719565013e-01,0.000000000000000000e+00,4.130840592943321732e-01,0.000000000000000000e+00,4.093192352347722052e-01,3.968772200134861872e-01,4.528290151343868919e-01,4.134314207625853776e-01,0.000000000000000000e+00,4.177095315759786764e-01,4.866369449554350801e-01,4.299182450921029131e-01,4.258169475015914918e-01,4.002443426477407806e-01,4.211480335793483798e-01,4.110480201493399988e-01
3.747616950957028958e-01,3.729181055395676125e-01,0.000000000000000000e+00,0.000000000000000000e+00,3.793585798854188229e-01,3.844238496892203871e-01,4.050537383922480084e-01,4.270130179283130878e-01,3.566843101315628206e-01,3.686126804850721195e-01,0.000000000000000000e+00,3.692610278217581810e-01,4.056519513438286983e-01,0.000000000000000000e+00,3.640402103968268244e-01,0.000000000000000000e+00,3.739455253555274972e-01,3.651380919607947750e-01,0.000000000000000000e+00,4.019390949945432223e-01,3.562397903752760886e-01,3.767085261764094861e-01,3.814112805321087096e-01,3.602781695331647160e-01,3.742623962040432795e-01,3.802887090267200176e-01,3.904829880469316006e-01,3.954669804195771188e-01,4.135267734490052915e-01,3.927967317429139071e-01,3.649416421671068944e-01,4.087629861946939225e-01,3.575530149369078869e-01,3.678159313450187762e-01,4.141367246433859117e-01,0.000000000000000000e+00,4.336159229278563898e-01,3.735198676586151123e-01,4.149826755641267129e-01,4.352913702092284787e-01,4.243096649265128972e-01,4.229976837932821754e-01,0.000000000000000000e+00,0.000000000000000000e+00,0.000000000000000000e+00,4.342693421774989071e-01,4.301560559448263099e-01,0.000000000000000000e+00,0.000000000000000000e+00,0.000000000000000000e+00,3.873212208557879066e-01,4.177574188122041843e-01,0.000000000000000000e+00,0.000000000000000000e+00,4.190986481670125885e-01,0.000000000000000000e+00,4.238618921179809762e-01,3.985118583044799934e-01,0.000000000000000000e+00,4.339851157143612137e-01,4.313368126131222891e-01,4.283928455375656807e-01,4.465927713545382871e-01,0.000000000000000000e+00,4.171212699284084779e-01,4.026578000301422877e-01,4.214226986590248192e-01,0.000000000000000000e+00,4.352732858208827049e-01,4.421439801704323269e-01,4.505237547149287258e-01,4.392918670190434915e-01,0.000000000000000000e+00,4.076399534775780875e-01,0.000000000000000000e+00,4.254889413829553990e-01
3.855819902440303926e-01,0.000000000000000000e+00,0.000000000000000000e+00,0.000000000000000000e+00,0.000000000000000000e+00,0.000000000000000000e+00,0.000000000000000000e+00,0.000000000000000000e+00,0.000000000000000000e+00,3.090398519426733048e-01,0.000000000000000000e+00,3.640419615466288783e-01,3.866104185108049096e-01,0.000000000000000000e+00,0.000000000000000000e+00,3.739455253555274972e-01,0.000000000000000000e+00,3.099080300006403776e-01,0.000000000000000000e+00,3.589873556340543170e-01,4.297811719787968943e-01,3.667624478267915156e-01,0.000000000000000000e+00,3.735782859024561753e-01,3.521019543328027246e-01,3.595879806395544942e-01,0.000000000000000000e+00,3.605948683853891779e-01,3.686266506431903900e-01,0.000000000000000000e+00,3.336392107028445242e-01,3.728974334680040803e-01,3.127944815673895929e-01,3.344645982821075059e-01,3.484181447533616915e-01,0.000000000000000000e+00,0.000000000000000000e+00,3.106395727315651167e-01,3.327385766343515239e-01,3.870453112541297203e-01,3.883479757404100230e-01,0.000000000000000000e+00,0.000000000000000000e+00,0.000000000000000000e+00,0.000000000000000000e+00,3.980729461608781272e-01,0.000000000000000000e+00,0.000000000000000000e+00,0.000000000000000000e+00,0.000000000000000000e+00,0.000000000000000000e+00,0.000000000000000000e+00,0.000000000000000000e+00,0.000000000000000000e+00,4.463944651611949088e-01,0.000000000000000000e+00,4.434638782328396145e-01,0.000000000000000000e+00,0.000000000000000000e+00,0.000000000000000000e+00,0.000000000000000000e+00,4.417344230806836136e-01,4.100172893593134749e-01,0.000000000000000000e+00,0.000000000000000000e+00,0.000000000000000000e+00,0.000000000000000000e+00,0.000000000000000000e+00,4.267820861664269882e-01,4.350326343802647933e-01,4.465755742773636072e-01,0.000000000000000000e+00,0.000000000000000000e+00,0.000000000000000000e+00,0.000000000000000000e+00,4.098367179341291799e-01
3.940717457583354233e-01,3.855339542607975067e-01,0.000000000000000000e+00,0.000000000000000000e+00,3.911910228550650737e-01,3.884530970438536124e-01,4.056720208115102144e-01,4.500317654839168791e-01,3.704660534858704168e-01,3.353625214294169155e-01,0.000000000000000000e+00,3.702252184018166026e-01,4.012865870347662178e-01,0.000000000000000000e+00,3.545656178510749879e-01,3.651380919607947750e-01,3.099080300006403776e-01,0.000000000000000000e+00,0.000000000000000000e+00,3.973541267570965818e-01,3.847754284780742218e-01,4.021008339961458233e-01,4.107137957396804762e-01,3.663390314275067894e-01,3.614245281383013930e-01,3.742820264754433968e-01,3.938671118762521739e-01,3.880829634677089857e-01,4.066142965010671184e-01,3.800326050636146924e-01,3.441225384920448827e-01,3.952747867107226920e-01,3.339142144189973793e-01,3.479429173979083911e-01,3.750469884922320030e-01,0.000000000000000000e+00,0.000000000000000000e+00,3.223550602273774213e-01,4.006393182623239069e-01,4.292833556970486186e-01,4.231875309896537818e-01,0.000000000000000000e+00,0.000000000000000000e+00,0.000000000000000000e+00,0.000000000000000000e+00,4.247237293828863836e-01,4.313736049508071768e-01,0.000000000000000000e+00,0.000000000000000000e+00,0.000000000000000000e+00,4.174777720677759207e-01,0.000000000000000000e+00,0.000000000000000000e+00,0.000000000000000000e+00,4.414191955474779938e-01,0.000000000000000000e+00,4.402594493277867116e-01,4.072336957516716205e-01,0.000000000000000000e+00,0.000000000000000000e+00,4.422650978691854973e-01,4.395506804407315893e-01,4.419705619833195209e-01,0.000000000000000000e+00,4.408193463005972146e-01,0.000000000000000000e+00,4.036982400315826114e-01,0.000000000000000000e+00,4.327736837042315821e-01,4.438670040350030099e-01,4.540786494239177906e-01,0.000000000000000000e+00,0.000000000000000000e+00,4.146716978089650119e-01,0.000000000000000000e+00,4.204746670312041190e-01
0.000000000000000000e+00,0.000000000000000000e+00,2.726827226949458116e-01,3.459052857538835735e-01,3.423348762908500209e-01,3.672789424988421869e-01,3.743848805390515011e-01,4.023908770333615159e-01,2.656322928319140853e-01,3.770908115344986933e-01,2.511742420020187105e-01,0.000000000000000000e+00,3.658837871215689930e-01,3.354557054931129878e-01,0.000000000000000000e+00,0.000000000000000000e+00,0.000000000000000000e+00,0.000000000000000000e+00,0.000000000000000000e+00,0.000000000000000000e+00,0.000000000000000000e+00,0.000000000000000000e+00,2.455641099988939979e-01,0.000000000000000000e+00,0.000000000000000000e+00,0.000000000000000000e+00,3.594264184741208235e-01,3.652376246769569179e-01,0.000000000000000000e+00,0.000000000000000000e+00,3.591935196763827998e-01,3.435870944894280909e-01,0.000000000000000000e+00,3.726910151765657209e-01,3.711760259955230179e-01,3.311947055057232192e-01,3.476991948961323797e-01,3.624321243181867214e-01,3.887016381079276273e-01,0.000000000000000000e+00,0.000000000000000000e+00,0.000000000000000000e+00,4.836512365204592157e-01,0.000000000000000000e+00,0.000000000000000000e+00,0.000000000000000000e+00,0.000000000000000000e+00,5.178357264198785170e-01,0.000000000000000000e+00,4.749930380609670988e-01,5.036034547210024304e-01,4.727558692780490235e-01,5.189356241357998556e-01,5.260871639591079285e-01,0.000000000000000000e+00,2.925140626228864837e-01,3.550941186648385872e-01,4.615606929653698898e-01,4.513865399634743869e-01,0.000000000000000000e+00,0.000000000000000000e+00,0.000000000000000000e+00,0.000000000000000000e+00,5.135587373843072401e-01,0.000000000000000000e+00,0.000000000000000000e+00,0.000000000000000000e+00,5.260787065589068723e-01,0.000000000000000000e+00,0.000000000000000000e+00,0.000000000000000000e+00,5.112870704782189746e-01,4.552037820911665200e-01,0.000000000000000000e+00,0.000000000000000000e+00,0.000000000000000000e+00
3.751027528681151191e-01,3.865506569923201075e-01,0.000000000000000000e+00,0.000000000000000000e+00,3.718101663372218035e-01,3.624955283449851073e-01,3.841636746423516824e-01,3.833902522346995245e-01,3.360977262373432972e-01,3.553665091331185133e-01,0.000000000000000000e+00,3.526157973219172792e-01,3.771203555112260242e-01,0.000000000000000000e+00,3.491513688011619876e-01,4.019390949945432223e-01,3.589873556340543170e-01,3.973541267570965818e-01,0.000000000000000000e+00,0.000000000000000000e+00,3.685112870362872162e-01,3.541871211800083907e-01,2.529804101367104097e-01,3.508089233320288991e-01,3.749856247563411182e-01,3.995759251715484961e-01,3.133576663456151823e-01,3.569295343709308899e-01,3.417276780487014110e-01,3.411635073501679272e-01,3.528072372511553145e-01,4.074062484420694075e-01,3.640301261576656122e-01,4.026075161073627839e-01,4.500095393768311913e-01,4.673935824284681240e-01,4.529942025542639250e-01,2.285576760768890103e-01,4.007995133092907003e-01,4.009889970929214065e-01,4.145864737257147770e-01,4.399059179896314120e-01,0.000000000000000000e+00,5.024831891059875488e-01,0.000000000000000000e+00,3.913807078661852845e-01,4.159332227165987161e-01,0.000000000000000000e+00,0.000000000000000000e+00,0.000000000000000000e+00,4.067124734474161230e-01,4.111975730612728031e-01,4.237169328325132156e-01,0.000000000000000000e+00,0.000000000000000000e+00,0.000000000000000000e+00,4.129880360363851199e-01,4.210022463944578797e-01,0.000000000000000000e+00,4.195583710992655257e-01,4.044786740843309136e-01,0.000000000000000000e+00,4.120892775243333861e-01,0.000000000000000000e+00,4.039518143911132175e-01,3.755167158517103143e-01,4.272922444335751080e-01,4.181167661674303759e-01,0.000000000000000000e+00,4.094745886646464217e-01,4.465883547954039856e-01,4.316345202677148163e-01,4.328664394075888988e-01,4.098321598809420152e-01,0.000000000000000000e+00,4.098730926549812859e-01
3.816868401108187148e-01,3.726898931753820920e-01,3.775736456319599976e-01,0.000000000000000000e+00,3.593892946316560866e-01,3.749490591843562814e-01,3.712106393325936837e-01,3.897787995693541840e-01,3.439860410935918211e-01,4.494880867801028801e-01,0.000000000000000000e+00,4.386017814186293773e-01,3.692769321714645114e-01,4.226735925938405192e-01,3.549341961597349826e-01,3.562397903752760886e-01,4.297811719787968943e-01,3.847754284780742218e-01,0.000000000000000000e+00,3.685112870362872162e-01,0.000000000000000000e+00,4.022251623688024025e-01,3.391901007640285015e-01,4.671741005047558848e-01,4.164582058216825811e-01,3.922370253506365922e-01,3.730827137452196740e-01,3.593991632794686919e-01,3.540506521384800820e-01,3.698341584110482749e-01,3.466683051528945958e-01,3.901757361025133264e-01,3.346099321105330260e-01,3.805641569567970728e-01,4.431279065317331178e-01,4.400512626447926068e-01,4.056728538653491256e-01,0.000000000000000000e+00,4.136262886959201079e-01,3.916725714763000799e-01,4.239650558417881743e-01,4.650937844315811143e-01,0.000000000000000000e+00,0.000000000000000000e+00,0.000000000000000000e+00,4.109516743522020898e-01,4.203023517185183744e-01,0.000000000000000000e+00,0.000000000000000000e+00,0.000000000000000000e+00,3.959569823121262266e-01,3.995955850802981879e-01,4.263906931850389159e-01,0.000000000000000000e+00,0.000000000000000000e+00,0.000000000000000000e+00,0.000000000000000000e+00,4.209215252975903043e-01,0.000000000000000000e+00,4.571377246235414082e-01,4.006592172587892242e-01,0.000000000000000000e+00,4.093217781962102952e-01,0.000000000000000000e+00,4.124238692696270969e-01,3.926428879930478066e-01,4.391074243757276951e-01,4.224176716085883965e-01,0.000000000000000000e+00,4.150490291066223913e-01,4.555606332102928868e-01,4.366577033657116913e-01,4.316121921329528210e-01,4.179230743722364139e-01,4.537451988248347723e-01,4.418804338884189109e-01
