0.000000000000000000e+00,4.105929719435570946e-01,0.000000000000000000e+00,0.000000000000000000e+00,0.000000000000000000e+00,4.655694580389759252e-01,0.000000000000000000e+00,5.169369285671564507e-01,0.000000000000000000e+00,0.000000000000000000e+00,0.000000000000000000e+00,0.000000000000000000e+00,4.698422404733518243e-01,4.996936612342530726e-01,3.663734958558506061e-01,4.243460595354355269e-01,0.000000000000000000e+00,4.021995446266962149e-01,0.000000000000000000e+00,4.356184102189876728e-01,4.244078538028259739e-01,4.246084993179692901e-01,4.645847901779617817e-01,3.786710578762447210e-01,3.890709713682051762e-01,3.677963780525698168e-01,4.258005728658281197e-01,4.567381661507842194e-01,4.668227160254960206e-01,4.590113221755057760e-01,3.742077895705837043e-01,4.381498079956540059e-01,3.684464457183582176e-01,3.952380051976002173e-01,4.403215388137082242e-01,4.638849782658305831e-01,0.000000000000000000e+00,0.000000000000000000e+00,4.472958532573815260e-01,4.260402155003661928e-01,4.312578612844701897e-01,4.588801400191718227e-01,0.000000000000000000e+00,0.000000000000000000e+00,0.000000000000000000e+00,3.676123417138429939e-01,4.749720573894667952e-01,0.000000000000000000e+00,0.000000000000000000e+00,0.000000000000000000e+00,4.381222066323551267e-01,0.000000000000000000e+00,0.000000000000000000e+00,0.000000000000000000e+00,0.000000000000000000e+00,0.000000000000000000e+00,0.000000000000000000e+00,4.574079271127490798e-01,0.000000000000000000e+00,5.238937223069670690e-01,4.630944217101815030e-01,0.000000000000000000e+00,4.433995997035697911e-01,0.000000000000000000e+00,0.000000000000000000e+00,4.134372186704399765e-01,4.832325788461657168e-01,4.318663921830309116e-01,0.000000000000000000e+00,4.394302308106390886e-01,4.532470854841917918e-01,0.000000000000000000e+00,4.432870442411523948e-01,4.767336590010857189e-01,0.000000000000000000e+00,4.135382505216009252e-01
4.105929719435570946e-01,0.000000000000000000e+00,0.000000000000000000e+00,0.000000000000000000e+00,4.480953466080779823e-01,4.337680509243266869e-01,4.589957383404189017e-01,4.743686771348900044e-01,4.243410436338717062e-01,0.000000000000000000e+00,0.000000000000000000e+00,0.000000000000000000e+00,4.703468294344058109e-01,0.000000000000000000e+00,4.240884287374561135e-01,4.061633191284578226e-01,4.128608093065547213e-01,3.920644923174388952e-01,0.000000000000000000e+00,4.213334826274199862e-01,4.421855843727858226e-01,3.984359880488386740e-01,4.379339917498901169e-01,3.747664309034935970e-01,3.664004499811712723e-01,3.916218318346947891e-01,4.374488345424735192e-01,4.609323937672690219e-01,4.400844987687215770e-01,4.316415310790195914e-01,3.750035645753371782e-01,4.325407688340963119e-01,3.760824350274307726e-01,3.943900107271980926e-01,4.511493275479040999e-01,0.000000000000000000e+00,0.000000000000000000e+00,0.000000000000000000e+00,4.742714869762801877e-01,4.715752440919909749e-01,4.745130229683490741e-01,4.888433893289378940e-01,0.000000000000000000e+00,0.000000000000000000e+00,0.000000000000000000e+00,4.629414531370579788e-01,4.904640448259213192e-01,0.000000000000000000e+00,0.000000000000000000e+00,0.000000000000000000e+00,4.595936627710840994e-01,4.523984170789291936e-01,4.787757799992379826e-01,0.000000000000000000e+00,0.000000000000000000e+00,0.000000000000000000e+00,0.000000000000000000e+00,4.645836132220034775e-01,0.000000000000000000e+00,4.997892780095765097e-01,4.819628797611700266e-01,0.000000000000000000e+00,4.638186490072739865e-01,0.000000000000000000e+00,4.678225185099658123e-01,4.702696080259932132e-01,4.862472219460942102e-01,4.940249827423888740e-01,0.000000000000000000e+00,4.754949815109114075e-01,5.007938838202522502e-01,4.834209073216689245e-01,4.748265903202434912e-01,4.860755414309502198e-01,0.000000000000000000e+00,4.614422252227733945e-01
0.000000000000000000e+00,0.000000000000000000e+00,0.000000000000000000e+00,4.298688352019658931e-01,4.108308746991861105e-01,3.582719333064812162e-01,4.472189465235406058e-01,4.479401897510086883e-01,2.982121252378497900e-01,4.534733579804258174e-01,3.115637949146095043e-01,4.430379019844348232e-01,4.554883925534026767e-01,4.142149113628115220e-01,0.000000000000000000e+00,0.000000000000000000e+00,0.000000000000000000e+00,0.000000000000000000e+00,2.543577427441803818e-01,0.000000000000000000e+00,0.000000000000000000e+00,0.000000000000000000e+00,2.836666067126820123e-01,0.000000000000000000e+00,0.000000000000000000e+00,4.655550317361702994e-01,3.173594915507957914e-01,4.682631959749024020e-01,4.426935099685235797e-01,4.660666442408846755e-01,4.758800266214969765e-01,4.320270943708832134e-01,4.288695037779453045e-01,4.787511089155849220e-01,4.929005297873432223e-01,4.358497012543782190e-01,4.470581241145992757e-01,0.000000000000000000e+00,5.354084610082220363e-01,0.000000000000000000e+00,0.000000000000000000e+00,0.000000000000000000e+00,5.322270821970872534e-01,0.000000000000000000e+00,0.000000000000000000e+00,0.000000000000000000e+00,0.000000000000000000e+00,3.904756838801001773e-01,0.000000000000000000e+00,5.208429166330362792e-01,5.642291642879062596e-01,5.550970303445189602e-01,5.503629954888825671e-01,5.853447686135585526e-01,0.000000000000000000e+00,3.417674011454382987e-01,4.557271620110203147e-01,5.605628096581046771e-01,5.506803073508240720e-01,0.000000000000000000e+00,0.000000000000000000e+00,0.000000000000000000e+00,0.000000000000000000e+00,2.968882021854709063e-01,0.000000000000000000e+00,0.000000000000000000e+00,0.000000000000000000e+00,5.769263549896582743e-01,0.000000000000000000e+00,0.000000000000000000e+00,0.000000000000000000e+00,5.591702240748638308e-01,5.322929102689666347e-01,5.294707701391022647e-01,0.000000000000000000e+00,5.659836003575645647e-01
0.000000000000000000e+00,0.000000000000000000e+00,4.298688352019658931e-01,0.000000000000000000e+00,2.099765235403265040e-01,4.233288530688648077e-01,2.899517378573068793e-01,3.499626338354288047e-01,4.370281583301222073e-01,3.700562308949441048e-01,4.076670555421005870e-01,2.804838471010964174e-01,3.134443946473313147e-01,2.418630807823020090e-01,0.000000000000000000e+00,0.000000000000000000e+00,0.000000000000000000e+00,0.000000000000000000e+00,4.206812538579152161e-01,0.000000000000000000e+00,0.000000000000000000e+00,4.984075465176525110e-01,3.795195100555869838e-01,0.000000000000000000e+00,0.000000000000000000e+00,0.000000000000000000e+00,4.327005356119039137e-01,2.814121612243429826e-01,0.000000000000000000e+00,0.000000000000000000e+00,0.000000000000000000e+00,3.126208573992064754e-01,4.982199072837830145e-01,3.425685856004159757e-01,3.609944856325009166e-01,2.113821421552866120e-01,2.170796461861108917e-01,2.587883824400362132e-01,2.840037840471497099e-01,0.000000000000000000e+00,0.000000000000000000e+00,0.000000000000000000e+00,0.000000000000000000e+00,0.000000000000000000e+00,0.000000000000000000e+00,0.000000000000000000e+00,0.000000000000000000e+00,0.000000000000000000e+00,0.000000000000000000e+00,0.000000000000000000e+00,0.000000000000000000e+00,0.000000000000000000e+00,0.000000000000000000e+00,0.000000000000000000e+00,0.000000000000000000e+00,0.000000000000000000e+00,0.000000000000000000e+00,0.000000000000000000e+00,0.000000000000000000e+00,0.000000000000000000e+00,0.000000000000000000e+00,0.000000000000000000e+00,0.000000000000000000e+00,0.000000000000000000e+00,0.000000000000000000e+00,0.000000000000000000e+00,0.000000000000000000e+00,5.079684658612253489e-01,0.000000000000000000e+00,0.000000000000000000e+00,0.000000000000000000e+00,0.000000000000000000e+00,0.000000000000000000e+00,0.000000000000000000e+00,0.000000000000000000e+00,0.000000000000000000e+00
0.000000000000000000e+00,4.480953466080779823e-01,4.108308746991861105e-01,2.099765235403265040e-01,0.000000000000000000e+00,3.968786723507766734e-01,3.451446988539210725e-01,3.828653179851975175e-01,3.425064888116884920e-01,4.420488518714266735e-01,3.322175239979355266e-01,4.254961527798483134e-01,3.884387824768580910e-01,2.594990797068040256e-01,0.000000000000000000e+00,4.597626098963635277e-01,4.516692041943222158e-01,4.461648300488971208e-01,3.671842690352529748e-01,4.307651867098974963e-01,0.000000000000000000e+00,4.577595328172747169e-01,4.049120812296317928e-01,4.490582677029129055e-01,4.333460776945510795e-01,4.345991961465183184e-01,4.203631472111575840e-01,3.757274275924613050e-01,4.019574875656375945e-01,0.000000000000000000e+00,4.504109637232419083e-01,3.220653155412757096e-01,0.000000000000000000e+00,4.405922658101253941e-01,3.895240374573780140e-01,2.187186254087541137e-01,2.371914973734076948e-01,3.927030036587217943e-01,4.515444046173296977e-01,0.000000000000000000e+00,0.000000000000000000e+00,0.000000000000000000e+00,4.706319814293489223e-01,0.000000000000000000e+00,0.000000000000000000e+00,0.000000000000000000e+00,0.000000000000000000e+00,5.312948020885767120e-01,0.000000000000000000e+00,5.006285542096066132e-01,5.790866540470315238e-01,5.495738067524038595e-01,0.000000000000000000e+00,5.483132121827394290e-01,0.000000000000000000e+00,4.684828544208581858e-01,0.000000000000000000e+00,4.902151942582920197e-01,0.000000000000000000e+00,0.000000000000000000e+00,0.000000000000000000e+00,0.000000000000000000e+00,0.000000000000000000e+00,5.354813456031052299e-01,0.000000000000000000e+00,0.000000000000000000e+00,0.000000000000000000e+00,6.020140861175115043e-01,0.000000000000000000e+00,0.000000000000000000e+00,0.000000000000000000e+00,5.193818329573012260e-01,5.166006268517769895e-01,5.179436092937628189e-01,0.000000000000000000e+00,0.000000000000000000e+00
4.655694580389759252e-01,4.337680509243266869e-01,3.582719333064812162e-01,4.233288530688648077e-01,3.968786723507766734e-01,0.000000000000000000e+00,4.022710806207259182e-01,4.256453844749182869e-01,3.646194298350047824e-01,4.583363580804454274e-01,4.169368726311117879e-01,4.414700570574416894e-01,3.993560661973670212e-01,4.299499576469609785e-01,4.485854958408739823e-01,4.591667840528240729e-01,4.431208206957014117e-01,4.439139612879494101e-01,4.183492353458702073e-01,4.247154000615058766e-01,4.277403768416142005e-01,4.506475218042427233e-01,4.018184687273915201e-01,4.936133232670075199e-01,4.171951535424430757e-01,4.374499307818748850e-01,3.869582088796107988e-01,4.106485305530809815e-01,3.515435747924903209e-01,4.217392648470411065e-01,4.480061734289547126e-01,4.222219922879494880e-01,4.055986522699607799e-01,4.483472578275721765e-01,4.462525625481982838e-01,4.545065054047853770e-01,4.577532446821602763e-01,4.230502063867578877e-01,5.199052573763607299e-01,0.000000000000000000e+00,5.443243539709209378e-01,5.332529448169387454e-01,4.754364428960701217e-01,5.114089055103362425e-01,0.000000000000000000e+00,0.000000000000000000e+00,4.703745106585394131e-01,5.865789644901751032e-01,0.000000000000000000e+00,5.399859956243674430e-01,5.374044184070647656e-01,5.420984709410741065e-01,4.993294798976262161e-01,5.767172204007536829e-01,0.000000000000000000e+00,5.487108382366262527e-01,0.000000000000000000e+00,5.344263367924400043e-01,5.322358127543292960e-01,4.903056600426610734e-01,4.621124013332236768e-01,0.000000000000000000e+00,0.000000000000000000e+00,5.847879583944499693e-01,5.003078820988235975e-01,4.978531179816296226e-01,4.700475871077748891e-01,5.497432111223869988e-01,0.000000000000000000e+00,4.467346590184543831e-01,4.890438801524478740e-01,5.474217654381906550e-01,5.297696744674047498e-01,5.213986574502269544e-01,5.253293844643098787e-01,5.367108537494054143e-01
0.000000000000000000e+00,4.589957383404189017e-01,4.472189465235406058e-01,2.899517378573068793e-01,3.451446988539210725e-01,4.022710806207259182e-01,0.000000000000000000e+00,4.509787052865418810e-01,3.850153221482293109e-01,4.311210094033112172e-01,4.502396753881048874e-01,4.004381177283474202e-01,3.292478815864829933e-01,3.646130762038465867e-01,0.000000000000000000e+00,4.879543062601446879e-01,4.576905370381597060e-01,4.742175965025168249e-01,4.621863686964878259e-01,4.437174439374110824e-01,4.450871832438618170e-01,4.816399116117309198e-01,4.361594894749645235e-01,4.429912781154267121e-01,4.534475040763740750e-01,4.502365778189245105e-01,4.422255286656154860e-01,3.460935912308221174e-01,4.306627409662011075e-01,4.546636901071827164e-01,4.380464984485571978e-01,3.945299534683687215e-01,4.429377438323044980e-01,4.225982465796340182e-01,3.998226937759334909e-01,2.962845310776915930e-01,3.408061548177829247e-01,3.764642085418374862e-01,4.792738164470051743e-01,0.000000000000000000e+00,5.394015978553898805e-01,0.000000000000000000e+00,4.631850965313458746e-01,0.000000000000000000e+00,0.000000000000000000e+00,0.000000000000000000e+00,4.820250179594143258e-01,5.634047146060165989e-01,0.000000000000000000e+00,5.183111169706821064e-01,5.252974171840798512e-01,5.353573769314409203e-01,4.910831074319912948e-01,5.569253741071675812e-01,0.000000000000000000e+00,4.935525649043672192e-01,0.000000000000000000e+00,5.279165849568493440e-01,0.000000000000000000e+00,0.000000000000000000e+00,4.816362647295843180e-01,0.000000000000000000e+00,4.581599400782763731e-01,5.497256807065749040e-01,5.008655033729808581e-01,0.000000000000000000e+00,4.792781724688229272e-01,5.411965559200695441e-01,0.000000000000000000e+00,4.731451909442325188e-01,4.916052990120998722e-01,5.329564437320413184e-01,5.205047597906485857e-01,5.109587726146564979e-01,0.000000000000000000e+00,5.276383728618204705e-01
5.169369285671564507e-01,4.743686771348900044e-01,4.479401897510086883e-01,3.499626338354288047e-01,3.828653179851975175e-01,4.256453844749182869e-01,4.509787052865418810e-01,0.000000000000000000e+00,5.065620061648710148e-01,4.607689842826834803e-01,2.985297809503357769e-01,5.064201622867734454e-01,4.466465881853484143e-01,3.856853604062491225e-01,4.435884999552014984e-01,4.848218459870989872e-01,0.000000000000000000e+00,4.920534342823795204e-01,4.335137766377540891e-01,4.131495832827974946e-01,4.088563639624587243e-01,4.576142343344634100e-01,3.820823550458353202e-01,5.200045971731880323e-01,4.960845352779287842e-01,4.943125043610840930e-01,4.589571454252603933e-01,4.366591248548635784e-01,4.037396897278974217e-01,4.076049042979706938e-01,4.366696853897589770e-01,4.002544732590880838e-01,4.162515124855349913e-01,4.574267530756688793e-01,4.628936767746711922e-01,3.593436876127775736e-01,4.282947847323355095e-01,0.000000000000000000e+00,4.767439115495216151e-01,0.000000000000000000e+00,5.235989331829271620e-01,0.000000000000000000e+00,5.009390145884755619e-01,0.000000000000000000e+00,0.000000000000000000e+00,0.000000000000000000e+00,4.995943133996607055e-01,5.684398734816209497e-01,0.000000000000000000e+00,5.113953055638262857e-01,4.891853599680935916e-01,5.185835970797606498e-01,4.057668816757022956e-01,5.653852867676140148e-01,0.000000000000000000e+00,5.226279535129250142e-01,0.000000000000000000e+00,4.961396027173796131e-01,5.238904736874111512e-01,4.881962562969625052e-01,0.000000000000000000e+00,0.000000000000000000e+00,0.000000000000000000e+00,5.620562173130306816e-01,4.943862517547100155e-01,5.456885514219972366e-01,4.844678886541152751e-01,5.000813452382583124e-01,0.000000000000000000e+00,4.951506557980692169e-01,5.022785877001688659e-01,5.314257919938171204e-01,4.958911694507249779e-01,4.865523716589628123e-01,4.603979345798017153e-01,5.104329302714988303e-01
0.000000000000000000e+00,4.243410436338717062e-01,2.982121252378497900e-01,4.370281583301222073e-01,3.425064888116884920e-01,3.646194298350047824e-01,3.850153221482293109e-01,5.065620061648710148e-01,0.000000000000000000e+00,4.762941434422788833e-01,3.194020833412659077e-01,4.542348118033153748e-01,4.392557111427998762e-01,4.396797366803228968e-01,0.000000000000000000e+00,4.823710618957612883e-01,4.738831529916698870e-01,4.624577385446844158e-01,2.930188871697012032e-01,4.182247743505966842e-01,0.000000000000000000e+00,4.566242371664004929e-01,4.110879660801017854e-01,4.693884894244885198e-01,4.587070549660404728e-01,4.573273817741628777e-01,3.818751371330599276e-01,4.664638949757647923e-01,4.090875084705514197e-01,4.490063619972752829e-01,4.832726240620406899e-01,4.493835607494570117e-01,4.371302296565970913e-01,4.839446795162257176e-01,4.641259066111765863e-01,4.629909012319358141e-01,4.641052674544943191e-01,4.430214456490987884e-01,5.395921826706098212e-01,0.000000000000000000e+00,5.528815306163225030e-01,0.000000000000000000e+00,5.251445933064115001e-01,0.000000000000000000e+00,0.000000000000000000e+00,0.000000000000000000e+00,0.000000000000000000e+00,5.939097841293904390e-01,0.000000000000000000e+00,5.487721208627652780e-01,5.732812819258141790e-01,5.634329484117875930e-01,5.540025876073175759e-01,5.855756699567982171e-01,0.000000000000000000e+00,5.516958337075879015e-01,0.000000000000000000e+00,5.573045101195285289e-01,5.524839961560517043e-01,0.000000000000000000e+00,0.000000000000000000e+00,0.000000000000000000e+00,0.000000000000000000e+00,5.862022675129846538e-01,0.000000000000000000e+00,0.000000000000000000e+00,0.000000000000000000e+00,5.807923906985011930e-01,0.000000000000000000e+00,0.000000000000000000e+00,0.000000000000000000e+00,5.866431879012646844e-01,5.592388820897984392e-01,5.121650639658432702e-01,0.000000000000000000e+00,5.665733528444557576e-01
0.000000000000000000e+00,0.000000000000000000e+00,4.534733579804258174e-01,3.700562308949441048e-01,4.420488518714266735e-01,4.583363580804454274e-01,4.311210094033112172e-01,4.607689842826834803e-01,4.762941434422788833e-01,0.000000000000000000e+00,4.729864983809550782e-01,3.068468082319344981e-01,4.240170757750241770e-01,4.394453457430194110e-01,0.000000000000000000e+00,3.926753509935487774e-01,3.361276761855678252e-01,3.601219832676886834e-01,4.653334942802934138e-01,0.000000000000000000e+00,0.000000000000000000e+00,0.000000000000000000e+00,4.427751957214444145e-01,3.423434919119222042e-01,3.216840864697771973e-01,3.081784391739023077e-01,4.618214349920319872e-01,4.247571995370243991e-01,4.394179212931614842e-01,0.000000000000000000e+00,3.335358110054003067e-01,3.426896387340546135e-01,3.179951955489532245e-01,3.336059343023418111e-01,3.132447753386743972e-01,3.896589187651369190e-01,3.321536071838359083e-01,3.059379920052597845e-01,2.559291626981551881e-01,3.389333299861759796e-01,3.564593487954401119e-01,0.000000000000000000e+00,0.000000000000000000e+00,0.000000000000000000e+00,3.409128940630233862e-01,0.000000000000000000e+00,0.000000000000000000e+00,0.000000000000000000e+00,0.000000000000000000e+00,0.000000000000000000e+00,0.000000000000000000e+00,0.000000000000000000e+00,0.000000000000000000e+00,0.000000000000000000e+00,4.419190218965884931e-01,0.000000000000000000e+00,4.484980352094066758e-01,4.214838291430427764e-01,0.000000000000000000e+00,0.000000000000000000e+00,0.000000000000000000e+00,4.691589348636637791e-01,4.832315936905902110e-01,0.000000000000000000e+00,0.000000000000000000e+00,0.000000000000000000e+00,0.000000000000000000e+00,5.346613557334626288e-01,4.117512572466198173e-01,4.878022497826871029e-01,4.747238114354505045e-01,5.056702437268343342e-01,4.199172931214564808e-01,0.000000000000000000e+00,0.000000000000000000e+00,4.216638418008966105e-01
0.000000000000000000e+00,0.000000000000000000e+00,3.115637949146095043e-01,4.076670555421005870e-01,3.322175239979355266e-01,4.169368726311117879e-01,4.502396753881048874e-01,2.985297809503357769e-01,3.194020833412659077e-01,4.729864983809550782e-01,0.000000000000000000e+00,4.542689301996337137e-01,4.640785289945080216e-01,2.932685231075233268e-01,0.000000000000000000e+00,0.000000000000000000e+00,4.611748386566548175e-01,4.659750797407535838e-01,2.577096736349023254e-01,0.000000000000000000e+00,0.000000000000000000e+00,4.874514866293416793e-01,2.875709846357112909e-01,4.602012390951072951e-01,4.555712256280264882e-01,4.621584128156269733e-01,3.632458342305951993e-01,4.617564200669476149e-01,4.750378641792358247e-01,0.000000000000000000e+00,4.807128237748309885e-01,3.995289168854803119e-01,4.452016943284036188e-01,4.725529760856149730e-01,4.389812943982845939e-01,3.686979990160461074e-01,4.497832509081596264e-01,4.349196381147092949e-01,4.937059270643190945e-01,0.000000000000000000e+00,0.000000000000000000e+00,0.000000000000000000e+00,4.848020744568166118e-01,0.000000000000000000e+00,0.000000000000000000e+00,0.000000000000000000e+00,0.000000000000000000e+00,4.716396333376874916e-01,0.000000000000000000e+00,4.350352036471953898e-01,5.507146496326589258e-01,5.047836748305090104e-01,5.192029999817450170e-01,5.691546012394084197e-01,4.662157998248068758e-01,2.846135570236271173e-01,4.222504905748772908e-01,4.865553205721591112e-01,5.170425120686025222e-01,0.000000000000000000e+00,0.000000000000000000e+00,0.000000000000000000e+00,0.000000000000000000e+00,3.137044832478186884e-01,0.000000000000000000e+00,0.000000000000000000e+00,0.000000000000000000e+00,5.533258304532279181e-01,0.000000000000000000e+00,0.000000000000000000e+00,0.000000000000000000e+00,5.759541527646154790e-01,4.673061716424130041e-01,0.000000000000000000e+00,0.000000000000000000e+00,5.363258782629309884e-01
0.000000000000000000e+00,0.000000000000000000e+00,4.430379019844348232e-01,2.804838471010964174e-01,4.254961527798483134e-01,4.414700570574416894e-01,4.004381177283474202e-01,5.064201622867734454e-01,4.542348118033153748e-01,3.068468082319344981e-01,4.542689301996337137e-01,0.000000000000000000e+00,4.166022541719984207e-01,0.000000000000000000e+00,0.000000000000000000e+00,0.000000000000000000e+00,3.702704892737658793e-01,3.818804256592925883e-01,4.476611040883892723e-01,0.000000000000000000e+00,4.744951097885379276e-01,0.000000000000000000e+00,4.984856392682440185e-01,3.091419511507695894e-01,3.461910566862401728e-01,3.145528576305021140e-01,4.463725597788246180e-01,3.996729516317192865e-01,0.000000000000000000e+00,0.000000000000000000e+00,3.595274195659081129e-01,3.112569690473487860e-01,3.321295438375675979e-01,2.826258278356227893e-01,2.812756892770139072e-01,3.545304501438233946e-01,3.019753309440600941e-01,2.818832624257600061e-01,2.336872655188357017e-01,3.656693114999545746e-01,4.038716582319407111e-01,0.000000000000000000e+00,0.000000000000000000e+00,0.000000000000000000e+00,3.718965232940952825e-01,0.000000000000000000e+00,0.000000000000000000e+00,0.000000000000000000e+00,0.000000000000000000e+00,0.000000000000000000e+00,0.000000000000000000e+00,0.000000000000000000e+00,0.000000000000000000e+00,0.000000000000000000e+00,4.509972693683679812e-01,0.000000000000000000e+00,4.487404975683356168e-01,4.278153813474587230e-01,0.000000000000000000e+00,0.000000000000000000e+00,0.000000000000000000e+00,4.751260062846338061e-01,4.678504309012930240e-01,0.000000000000000000e+00,0.000000000000000000e+00,0.000000000000000000e+00,0.000000000000000000e+00,0.000000000000000000e+00,4.347195587199800815e-01,4.861184762075583254e-01,4.758798470029115824e-01,0.000000000000000000e+00,4.327988593497494874e-01,0.000000000000000000e+00,0.000000000000000000e+00,4.363321923838279770e-01
4.698422404733518243e-01,4.703468294344058109e-01,4.554883925534026767e-01,3.134443946473313147e-01,3.884387824768580910e-01,3.993560661973670212e-01,3.292478815864829933e-01,4.466465881853484143e-01,4.392557111427998762e-01,4.240170757750241770e-01,4.640785289945080216e-01,4.166022541719984207e-01,0.000000000000000000e+00,3.853631220435064231e-01,0.000000000000000000e+00,4.925441357829097866e-01,4.375233663348258029e-01,4.695138892551369847e-01,4.612576252029205737e-01,4.456768300230024016e-01,4.538849997764805022e-01,4.877823918757083210e-01,4.431740217936793735e-01,4.281470983414927822e-01,4.459582692000331750e-01,4.333025771357805755e-01,4.553592286491964236e-01,3.559352975175794076e-01,3.994086740706455085e-01,4.193590623291166830e-01,4.054844653749217764e-01,3.943288155443415155e-01,4.149455761989078728e-01,4.119147539634194222e-01,3.728993440387213254e-01,3.239635741643244193e-01,3.394193360812113869e-01,3.787882855750557831e-01,4.445242587517730937e-01,3.594669186404280126e-01,4.311854173448662064e-01,5.384205910622633651e-01,4.627005071162609839e-01,0.000000000000000000e+00,4.150893761309453756e-01,0.000000000000000000e+00,4.879689287748870119e-01,5.610217009456514026e-01,0.000000000000000000e+00,5.072635221541872408e-01,5.249831586492696989e-01,5.324501553716567415e-01,4.904233416845851234e-01,5.507901060395116177e-01,4.501520576016316277e-01,4.903663385406346054e-01,4.517001287382796937e-01,5.210612833408938549e-01,0.000000000000000000e+00,4.958641936922408844e-01,4.777639469869054967e-01,0.000000000000000000e+00,4.735900973658054847e-01,5.429815937956489202e-01,5.102800231737839587e-01,5.036860582429456556e-01,4.848607715107211003e-01,5.377786695781910931e-01,0.000000000000000000e+00,4.721510140633489172e-01,4.893141245658678140e-01,5.291976493602782439e-01,5.251707603769462107e-01,5.176011081631731736e-01,5.212640811596054302e-01,5.242433693749184442e-01
4.996936612342530726e-01,0.000000000000000000e+00,4.142149113628115220e-01,2.418630807823020090e-01,2.594990797068040256e-01,4.299499576469609785e-01,3.646130762038465867e-01,3.856853604062491225e-01,4.396797366803228968e-01,4.394453457430194110e-01,2.932685231075233268e-01,0.000000000000000000e+00,3.853631220435064231e-01,0.000000000000000000e+00,0.000000000000000000e+00,0.000000000000000000e+00,0.000000000000000000e+00,0.000000000000000000e+00,3.801671991464858902e-01,0.000000000000000000e+00,4.496871037988087183e-01,0.000000000000000000e+00,3.795486064352783240e-01,5.063976343483665987e-01,0.000000000000000000e+00,4.848288940668262215e-01,4.465551755396940936e-01,3.161825181953423214e-01,0.000000000000000000e+00,4.739167711041619158e-01,4.280923710891905154e-01,3.302253633799229204e-01,0.000000000000000000e+00,4.372916322763039099e-01,0.000000000000000000e+00,2.134981232922978922e-01,1.858838426307287128e-01,0.000000000000000000e+00,4.459795535147286216e-01,0.000000000000000000e+00,0.000000000000000000e+00,0.000000000000000000e+00,4.628474221248902176e-01,0.000000000000000000e+00,0.000000000000000000e+00,0.000000000000000000e+00,0.000000000000000000e+00,5.655634448058911579e-01,0.000000000000000000e+00,4.751934789071038945e-01,0.000000000000000000e+00,5.120252957645153868e-01,4.929861335407553224e-01,5.365590907351510674e-01,0.000000000000000000e+00,4.933041811908336904e-01,0.000000000000000000e+00,0.000000000000000000e+00,0.000000000000000000e+00,0.000000000000000000e+00,0.000000000000000000e+00,0.000000000000000000e+00,0.000000000000000000e+00,5.453354976202130500e-01,0.000000000000000000e+00,0.000000000000000000e+00,0.000000000000000000e+00,5.314027347116988542e-01,0.000000000000000000e+00,0.000000000000000000e+00,0.000000000000000000e+00,5.607774735710414626e-01,0.000000000000000000e+00,0.000000000000000000e+00,0.000000000000000000e+00,0.000000000000000000e+00
3.663734958558506061e-01,4.240884287374561135e-01,0.000000000000000000e+00,0.000000000000000000e+00,0.000000000000000000e+00,4.485854958408739823e-01,0.000000000000000000e+00,4.435884999552014984e-01,0.000000000000000000e+00,0.000000000000000000e+00,0.000000000000000000e+00,0.000000000000000000e+00,0.000000000000000000e+00,0.000000000000000000e+00,0.000000000000000000e+00,4.397558599346578223e-01,4.116950612888218841e-01,4.223371753832549924e-01,0.000000000000000000e+00,3.217341290599928239e-01,3.730731011792622898e-01,3.365285880762091120e-01,3.773529870563618882e-01,4.120905801778885769e-01,4.001149247520748853e-01,3.413686529158603267e-01,3.904298799518092222e-01,4.000100207623956128e-01,4.002229098279326824e-01,0.000000000000000000e+00,4.087223983685324136e-01,4.245830805120379137e-01,4.013538559060748079e-01,4.378505255826811160e-01,4.755744685189349785e-01,5.299956202507019043e-01,0.000000000000000000e+00,0.000000000000000000e+00,4.808591577430471053e-01,4.823492718839739180e-01,5.080007025221515704e-01,5.155695250183593981e-01,0.000000000000000000e+00,0.000000000000000000e+00,0.000000000000000000e+00,0.000000000000000000e+00,5.116429869727083801e-01,0.000000000000000000e+00,0.000000000000000000e+00,0.000000000000000000e+00,4.844869163891398212e-01,0.000000000000000000e+00,0.000000000000000000e+00,0.000000000000000000e+00,0.000000000000000000e+00,0.000000000000000000e+00,0.000000000000000000e+00,4.228275449358999127e-01,0.000000000000000000e+00,4.890558512542634850e-01,4.949017192178805091e-01,0.000000000000000000e+00,0.000000000000000000e+00,0.000000000000000000e+00,4.564482378715654098e-01,4.671725214972213269e-01,5.042710323999559652e-01,4.789839939277988901e-01,0.000000000000000000e+00,4.354805227060439266e-01,5.290802192199960396e-01,4.882084895471476838e-01,4.800137966572083914e-01,4.755816425702030781e-01,0.000000000000000000e+00,4.860737883660681824e-01
4.243460595354355269e-01,4.061633191284578226e-01,0.000000000000000000e+00,0.000000000000000000e+00,4.597626098963635277e-01,4.591667840528240729e-01,4.879543062601446879e-01,4.848218459870989872e-01,4.823710618957612883e-01,3.926753509935487774e-01,0.000000000000000000e+00,0.000000000000000000e+00,4.925441357829097866e-01,0.000000000000000000e+00,4.397558599346578223e-01,0.000000000000000000e+00,3.993307428151642857e-01,3.545140888371419163e-01,0.000000000000000000e+00,4.227892286613350037e-01,4.509758113885655173e-01,3.574342892544397077e-01,4.606231545102734137e-01,4.044442069846825860e-01,4.026404333307012084e-01,4.155098595014425911e-01,4.550506349986765953e-01,4.750717892436880918e-01,4.494882499102805240e-01,4.403473320306757199e-01,3.750459328024431938e-01,4.490647915016244829e-01,3.969086312564824026e-01,3.982193303339980894e-01,4.530309711773635173e-01,0.000000000000000000e+00,0.000000000000000000e+00,0.000000000000000000e+00,4.637989854154656033e-01,4.483202703588363147e-01,4.572725407182889890e-01,4.714791486086770123e-01,0.000000000000000000e+00,0.000000000000000000e+00,0.000000000000000000e+00,4.570031811685411061e-01,4.785274463703457215e-01,0.000000000000000000e+00,0.000000000000000000e+00,0.000000000000000000e+00,4.489068100560978936e-01,0.000000000000000000e+00,0.000000000000000000e+00,0.000000000000000000e+00,4.511711417249841816e-01,0.000000000000000000e+00,4.347152258578865225e-01,4.556513299606336220e-01,0.000000000000000000e+00,5.080006301581022621e-01,4.679656457983896733e-01,4.252187580341638129e-01,4.409470276163979796e-01,0.000000000000000000e+00,4.682609388305268849e-01,0.000000000000000000e+00,4.737235962112678056e-01,5.118486999370122081e-01,0.000000000000000000e+00,4.539617125464726066e-01,4.773934119026780887e-01,5.003432495408206560e-01,4.827143631099061194e-01,4.882492621632957830e-01,0.000000000000000000e+00,4.419693947793364996e-01
0.000000000000000000e+00,4.128608093065547213e-01,0.000000000000000000e+00,0.000000000000000000e+00,4.516692041943222158e-01,4.431208206957014117e-01,4.576905370381597060e-01,0.000000000000000000e+00,4.738831529916698870e-01,3.361276761855678252e-01,4.611748386566548175e-01,3.702704892737658793e-01,4.375233663348258029e-01,0.000000000000000000e+00,4.116950612888218841e-01,3.993307428151642857e-01,0.000000000000000000e+00,3.634406502236827152e-01,4.658518617138959761e-01,4.185887018860953157e-01,0.000000000000000000e+00,4.202913749412313105e-01,0.000000000000000000e+00,4.084108783901548856e-01,3.428895529070445924e-01,3.818945202340173206e-01,0.000000000000000000e+00,4.369461200470867723e-01,4.433945130311487959e-01,0.000000000000000000e+00,3.648437076202520890e-01,4.340916581703029853e-01,3.749358204951249163e-01,3.836015927082672139e-01,3.809767742397034973e-01,0.000000000000000000e+00,0.000000000000000000e+00,3.536999667265560143e-01,0.000000000000000000e+00,4.372585677859360809e-01,4.352294666507299792e-01,0.000000000000000000e+00,0.000000000000000000e+00,0.000000000000000000e+00,3.880632991098436069e-01,4.353303039893254844e-01,4.765996370649092095e-01,0.000000000000000000e+00,0.000000000000000000e+00,0.000000000000000000e+00,0.000000000000000000e+00,0.000000000000000000e+00,0.000000000000000000e+00,0.000000000000000000e+00,4.762447683664849940e-01,0.000000000000000000e+00,4.667134950779406877e-01,4.166704108786090099e-01,0.000000000000000000e+00,0.000000000000000000e+00,0.000000000000000000e+00,4.790018604433454730e-01,4.549815360924792107e-01,0.000000000000000000e+00,0.000000000000000000e+00,0.000000000000000000e+00,0.000000000000000000e+00,0.000000000000000000e+00,4.698025969896197918e-01,4.808848754149797067e-01,4.823812544642914202e-01,0.000000000000000000e+00,0.000000000000000000e+00,0.000000000000000000e+00,0.000000000000000000e+00,4.544814316205101901e-01
4.021995446266962149e-01,3.920644923174388952e-01,0.000000000000000000e+00,0.000000000000000000e+00,4.461648300488971208e-01,4.439139612879494101e-01,4.742175965025168249e-01,4.920534342823795204e-01,4.624577385446844158e-01,3.601219832676886834e-01,4.659750797407535838e-01,3.818804256592925883e-01,4.695138892551369847e-01,0.000000000000000000e+00,4.223371753832549924e-01,3.545140888371419163e-01,3.634406502236827152e-01,0.000000000000000000e+00,0.000000000000000000e+00,4.409097614083568040e-01,4.673062739264300935e-01,4.042958964551717771e-01,4.763218653258867175e-01,3.757768686971104111e-01,3.582819068525051054e-01,3.876294345070454006e-01,4.476913318190262059e-01,4.672315627079793865e-01,4.611673897294604196e-01,4.526531932554740956e-01,3.813879191817243774e-01,4.347662979366150870e-01,3.793570110619268743e-01,4.020101044626919751e-01,4.164662875830760780e-01,0.000000000000000000e+00,0.000000000000000000e+00,0.000000000000000000e+00,4.369725508253753943e-01,4.486717085216265222e-01,4.504942536308769729e-01,4.726772100308074265e-01,0.000000000000000000e+00,0.000000000000000000e+00,0.000000000000000000e+00,4.305915817085184116e-01,4.686210925375685066e-01,0.000000000000000000e+00,0.000000000000000000e+00,0.000000000000000000e+00,4.652808628717194916e-01,0.000000000000000000e+00,0.000000000000000000e+00,0.000000000000000000e+00,4.572447614770390745e-01,0.000000000000000000e+00,4.546984789884397915e-01,4.629820584240221804e-01,0.000000000000000000e+00,0.000000000000000000e+00,4.533617967191120868e-01,4.475366270610650066e-01,4.463118588098027861e-01,0.000000000000000000e+00,4.252929731723734119e-01,0.000000000000000000e+00,4.575665014260689722e-01,0.000000000000000000e+00,4.455661287685523941e-01,4.558269914249523103e-01,4.626090355885137950e-01,0.000000000000000000e+00,4.633334904445263192e-01,4.722569632015451990e-01,0.000000000000000000e+00,4.436442911079711005e-01
0.000000000000000000e+00,0.000000000000000000e+00,2.543577427441803818e-01,4.206812538579152161e-01,3.671842690352529748e-01,4.183492353458702073e-01,4.621863686964878259e-01,4.335137766377540891e-01,2.930188871697012032e-01,4.653334942802934138e-01,2.577096736349023254e-01,4.476611040883892723e-01,4.612576252029205737e-01,3.801671991464858902e-01,0.000000000000000000e+00,0.000000000000000000e+00,4.658518617138959761e-01,0.000000000000000000e+00,0.000000000000000000e+00,0.000000000000000000e+00,0.000000000000000000e+00,0.000000000000000000e+00,2.665415007467641928e-01,4.755911498394552739e-01,4.618746118857151028e-01,4.583049704826279158e-01,3.635622830947459749e-01,4.629920051942152948e-01,4.621651256195781210e-01,0.000000000000000000e+00,4.744190777268390002e-01,4.251759794714464191e-01,0.000000000000000000e+00,4.724958235146825003e-01,4.539472014845667980e-01,4.191211228892123275e-01,4.419139599437170163e-01,4.376968997675870776e-01,5.190031522519001905e-01,0.000000000000000000e+00,0.000000000000000000e+00,0.000000000000000000e+00,5.109692195748791743e-01,0.000000000000000000e+00,0.000000000000000000e+00,0.000000000000000000e+00,0.000000000000000000e+00,5.803643664122741797e-01,0.000000000000000000e+00,5.384155084453169371e-01,5.653733420897133488e-01,5.472580472548912445e-01,5.487942970376280538e-01,5.776721399751838515e-01,0.000000000000000000e+00,5.374573057416786037e-01,4.416887190955228193e-01,5.473165800625021671e-01,5.408360775225536932e-01,0.000000000000000000e+00,0.000000000000000000e+00,0.000000000000000000e+00,0.000000000000000000e+00,5.667906884722885286e-01,0.000000000000000000e+00,0.000000000000000000e+00,0.000000000000000000e+00,5.744857249550296974e-01,0.000000000000000000e+00,0.000000000000000000e+00,0.000000000000000000e+00,5.827425851341345719e-01,5.526481009488534157e-01,5.318084677803667226e-01,0.000000000000000000e+00,5.684014429839584492e-01
4.356184102189876728e-01,4.213334826274199862e-01,0.000000000000000000e+00,0.000000000000000000e+00,4.307651867098974963e-01,4.247154000615058766e-01,4.437174439374110824e-01,4.131495832827974946e-01,4.182247743505966842e-01,0.000000000000000000e+00,0.000000000000000000e+00,0.000000000000000000e+00,4.456768300230024016e-01,0.000000000000000000e+00,3.217341290599928239e-01,4.227892286613350037e-01,4.185887018860953157e-01,4.409097614083568040e-01,0.000000000000000000e+00,0.000000000000000000e+00,4.025893350139054250e-01,3.681509899517266815e-01,2.716276191516606153e-01,4.723520154645379221e-01,3.795658667961758770e-01,4.159164137605054767e-01,3.618556009458228084e-01,4.176314569424391943e-01,3.467406007140810820e-01,3.713791721641839794e-01,3.843833991414933871e-01,4.384787613665711015e-01,3.902891517420449818e-01,4.429867246491548949e-01,4.867869624580756782e-01,5.227122330827752572e-01,5.084745886780659418e-01,0.000000000000000000e+00,4.666833830905531832e-01,4.708925478238523143e-01,4.914833014101264164e-01,4.990911255765611010e-01,4.024364694098023776e-01,0.000000000000000000e+00,0.000000000000000000e+00,0.000000000000000000e+00,4.762176518143266257e-01,0.000000000000000000e+00,0.000000000000000000e+00,0.000000000000000000e+00,4.752802791513061065e-01,4.577285847525229823e-01,0.000000000000000000e+00,4.270029070551704109e-01,0.000000000000000000e+00,0.000000000000000000e+00,0.000000000000000000e+00,4.653649189799264896e-01,0.000000000000000000e+00,4.714739865960764775e-01,4.761402189860539091e-01,0.000000000000000000e+00,4.432456429941972753e-01,0.000000000000000000e+00,4.666078706709265167e-01,4.531889759111922822e-01,4.749511090180382200e-01,4.853083382760279840e-01,0.000000000000000000e+00,4.452041610578720832e-01,5.023694204993054413e-01,4.934157492404117051e-01,5.058907981712410518e-01,4.865501928001549903e-01,4.877966198463626890e-01,4.884510040539765119e-01
4.244078538028259739e-01,4.421855843727858226e-01,0.000000000000000000e+00,0.000000000000000000e+00,0.000000000000000000e+00,4.277403768416142005e-01,4.450871832438618170e-01,4.088563639624587243e-01,0.000000000000000000e+00,0.000000000000000000e+00,0.000000000000000000e+00,4.744951097885379276e-01,4.538849997764805022e-01,4.496871037988087183e-01,3.730731011792622898e-01,4.509758113885655173e-01,0.000000000000000000e+00,4.673062739264300935e-01,0.000000000000000000e+00,4.025893350139054250e-01,0.000000000000000000e+00,4.568015802998479091e-01,3.788678710130840011e-01,4.834322180371207200e-01,4.560047063717074800e-01,4.057396575999577815e-01,4.178887304295911820e-01,4.339968278181935979e-01,4.132505392018593904e-01,4.121686957233772763e-01,4.123159439330784104e-01,4.310841856429747931e-01,4.091011265196378144e-01,4.490238654177071131e-01,5.044369898864707880e-01,4.829229088566097117e-01,0.000000000000000000e+00,0.000000000000000000e+00,4.703060991777798239e-01,4.481933461520379858e-01,4.857163398303369073e-01,5.163813433534820696e-01,0.000000000000000000e+00,0.000000000000000000e+00,0.000000000000000000e+00,4.328691850539559960e-01,4.849838393347852827e-01,0.000000000000000000e+00,0.000000000000000000e+00,0.000000000000000000e+00,4.803676920027086794e-01,0.000000000000000000e+00,4.761598387067806915e-01,0.000000000000000000e+00,0.000000000000000000e+00,0.000000000000000000e+00,0.000000000000000000e+00,4.903471480891776202e-01,0.000000000000000000e+00,4.779278839456063133e-01,4.778790605106411071e-01,0.000000000000000000e+00,0.000000000000000000e+00,0.000000000000000000e+00,4.628452644389858261e-01,4.050288891521298118e-01,4.797109181085211782e-01,5.027203133028266269e-01,0.000000000000000000e+00,4.502341923558245140e-01,4.973205508175351786e-01,5.047177940121153616e-01,5.062740365572732104e-01,4.928637581736252105e-01,0.000000000000000000e+00,4.695091745414229911e-01
