0.000000000000000000e+00,4.018560642815465211e-01,0.000000000000000000e+00,0.000000000000000000e+00,4.074355560252471142e-01,3.817660010165269124e-01,4.091436693456749762e-01,4.867481682444801949e-01,0.000000000000000000e+00,0.000000000000000000e+00,0.000000000000000000e+00,3.361469872194666197e-01,4.116986464941516100e-01,4.838685715911598129e-01,3.665613950512728869e-01,3.953081213608887201e-01,0.000000000000000000e+00,3.826719323049935229e-01,0.000000000000000000e+00,3.908782452594373180e-01,3.874634251188671108e-01,4.109197688671327731e-01,4.218155707822819900e-01,3.306354549000263265e-01,3.832052516099133110e-01,3.540456384896201181e-01,4.152574355713152254e-01,4.026231517189922116e-01,3.972652883428042236e-01,0.000000000000000000e+00,3.357262912873775762e-01,3.901916074589552030e-01,3.409094092838874102e-01,3.422069708412269207e-01,3.939936650422924957e-01,0.000000000000000000e+00,0.000000000000000000e+00,0.000000000000000000e+00,4.777838277982525139e-01,4.844002958860297858e-01,4.963231703086075086e-01,0.000000000000000000e+00,0.000000000000000000e+00,0.000000000000000000e+00,0.000000000000000000e+00,4.225625939424809130e-01,5.163022692253008694e-01,0.000000000000000000e+00,0.000000000000000000e+00,0.000000000000000000e+00,4.845047353792962253e-01,0.000000000000000000e+00,0.000000000000000000e+00,0.000000000000000000e+00,4.258140460567442220e-01,0.000000000000000000e+00,0.000000000000000000e+00,0.000000000000000000e+00,0.000000000000000000e+00,4.804431220399061897e-01,4.911700018936490109e-01,0.000000000000000000e+00,4.454063300848649098e-01,0.000000000000000000e+00,0.000000000000000000e+00,4.445579217416478213e-01,4.997031717282178764e-01,0.000000000000000000e+00,3.450963660868405780e-01,4.598290327476889927e-01,5.029401529919977909e-01,0.000000000000000000e+00,0.000000000000000000e+00,4.888892048803232249e-01,0.000000000000000000e+00,4.558218809890642875e-01
4.018560642815465211e-01,0.000000000000000000e+00,0.000000000000000000e+00,0.000000000000000000e+00,3.786940962685724221e-01,3.918853016012113222e-01,4.029079531539263015e-01,4.836043923473606898e-01,3.839119773038917049e-01,3.293853956223665724e-01,0.000000000000000000e+00,3.900958345803381966e-01,4.122728798608588097e-01,0.000000000000000000e+00,3.981295266834808944e-01,3.978336604790629893e-01,0.000000000000000000e+00,3.813171719933556858e-01,0.000000000000000000e+00,4.032512150300678888e-01,4.240470941246579084e-01,3.865904244564132841e-01,4.105565127726160113e-01,0.000000000000000000e+00,3.917835607971468792e-01,3.976701144709606783e-01,3.963934483921334739e-01,4.103386225395483922e-01,3.942952835173131887e-01,3.874684206766291217e-01,3.413614982493783923e-01,3.998555520138921127e-01,3.484117086298593735e-01,3.489523594969113907e-01,3.985650045601755176e-01,5.011480450630187988e-01,0.000000000000000000e+00,0.000000000000000000e+00,4.804553328786559940e-01,4.743459387113944103e-01,4.805018484545618973e-01,4.993989882431266736e-01,4.197887267864721106e-01,0.000000000000000000e+00,0.000000000000000000e+00,4.762586565787171877e-01,5.009154672091770122e-01,0.000000000000000000e+00,0.000000000000000000e+00,0.000000000000000000e+00,4.722412363186204165e-01,4.557924366943992833e-01,0.000000000000000000e+00,0.000000000000000000e+00,0.000000000000000000e+00,0.000000000000000000e+00,0.000000000000000000e+00,4.680619175048805758e-01,0.000000000000000000e+00,4.950992742267111835e-01,4.880540653711931132e-01,4.611230367253804086e-01,4.736811422246220982e-01,0.000000000000000000e+00,4.761377838680561081e-01,4.874185666153417751e-01,4.913218015778195724e-01,4.829968545994184903e-01,0.000000000000000000e+00,4.886378544647427824e-01,5.116404222655269729e-01,4.859793630901315109e-01,4.810727568261098930e-01,4.823499815208309172e-01,0.000000000000000000e+00,4.629559619238268753e-01
0.000000000000000000e+00,0.000000000000000000e+00,0.000000000000000000e+00,3.882205596531577152e-01,3.736790051845962912e-01,3.889281420325145233e-01,3.971768251507987180e-01,4.432033341679461058e-01,2.719182244057244957e-01,4.287855873322181099e-01,3.081515544263455086e-01,4.160859091072999782e-01,4.158675763573826956e-01,3.960688975846984872e-01,0.000000000000000000e+00,0.000000000000000000e+00,0.000000000000000000e+00,0.000000000000000000e+00,2.526379365936858856e-01,0.000000000000000000e+00,0.000000000000000000e+00,0.000000000000000000e+00,2.880092922395625088e-01,0.000000000000000000e+00,4.306262583953722189e-01,4.368009534427886864e-01,2.947091158869276084e-01,4.155662199323665873e-01,0.000000000000000000e+00,0.000000000000000000e+00,4.239553688803581744e-01,3.970859419234050169e-01,0.000000000000000000e+00,4.194024666261192968e-01,4.246288780466691004e-01,3.945321142230939215e-01,4.066747212903139008e-01,0.000000000000000000e+00,5.262821384022771110e-01,0.000000000000000000e+00,0.000000000000000000e+00,4.102837443351746161e-01,4.983446468415899111e-01,0.000000000000000000e+00,0.000000000000000000e+00,0.000000000000000000e+00,0.000000000000000000e+00,5.501499294137249807e-01,0.000000000000000000e+00,5.394605112444251782e-01,5.351173529885148161e-01,5.366525138044194732e-01,5.234232281446045132e-01,5.487143415910535893e-01,0.000000000000000000e+00,5.327194295030603932e-01,0.000000000000000000e+00,5.375316527924841603e-01,5.187562636080388367e-01,0.000000000000000000e+00,0.000000000000000000e+00,0.000000000000000000e+00,0.000000000000000000e+00,5.268511977574692473e-01,0.000000000000000000e+00,0.000000000000000000e+00,0.000000000000000000e+00,5.426216115225567238e-01,0.000000000000000000e+00,0.000000000000000000e+00,0.000000000000000000e+00,5.428132942457892796e-01,5.183790075498665439e-01,5.025041204563714947e-01,0.000000000000000000e+00,0.000000000000000000e+00
0.000000000000000000e+00,0.000000000000000000e+00,3.882205596531577152e-01,0.000000000000000000e+00,2.444450796300413065e-01,3.784280120828714122e-01,2.631056501843461737e-01,3.473009737611225112e-01,3.710788152230504178e-01,2.082456664921321920e-01,3.497496518547478228e-01,2.711796462535858154e-01,3.135167516170441759e-01,2.470460688141639105e-01,0.000000000000000000e+00,0.000000000000000000e+00,0.000000000000000000e+00,0.000000000000000000e+00,3.585567304408470157e-01,0.000000000000000000e+00,0.000000000000000000e+00,0.000000000000000000e+00,3.689591012918825852e-01,0.000000000000000000e+00,0.000000000000000000e+00,0.000000000000000000e+00,3.747091843935295152e-01,2.147742982402776890e-01,3.713231682777404785e-01,0.000000000000000000e+00,0.000000000000000000e+00,2.574130029661800267e-01,0.000000000000000000e+00,2.610047677666237909e-01,2.598689686126247067e-01,1.956062692511703893e-01,1.583844160349824060e-01,2.681224872700105899e-01,2.415439018710499042e-01,0.000000000000000000e+00,2.555393817943710233e-01,2.651569476021621852e-01,2.598192726121855145e-01,2.601005099610340099e-01,0.000000000000000000e+00,0.000000000000000000e+00,0.000000000000000000e+00,0.000000000000000000e+00,0.000000000000000000e+00,0.000000000000000000e+00,0.000000000000000000e+00,0.000000000000000000e+00,0.000000000000000000e+00,0.000000000000000000e+00,0.000000000000000000e+00,3.998125195503234863e-01,2.425520899601338876e-01,0.000000000000000000e+00,0.000000000000000000e+00,0.000000000000000000e+00,0.000000000000000000e+00,0.000000000000000000e+00,0.000000000000000000e+00,0.000000000000000000e+00,0.000000000000000000e+00,0.000000000000000000e+00,0.000000000000000000e+00,0.000000000000000000e+00,0.000000000000000000e+00,0.000000000000000000e+00,0.000000000000000000e+00,4.164368744407416778e-01,2.684532372748983930e-01,0.000000000000000000e+00,0.000000000000000000e+00,0.000000000000000000e+00
4.074355560252471142e-01,3.786940962685724221e-01,3.736790051845962912e-01,2.444450796300413065e-01,0.000000000000000000e+00,3.628879438343453057e-01,3.201779616814520169e-01,3.790246950020134120e-01,3.231047251549297172e-01,4.285149948606523096e-01,3.143131554854212140e-01,4.025242776556073876e-01,3.513261791417590096e-01,3.024342760503148098e-01,0.000000000000000000e+00,0.000000000000000000e+00,4.419726578668445871e-01,4.401072913673865217e-01,3.414848395263623271e-01,3.670309009708310199e-01,3.685754784175931942e-01,3.846686577955216180e-01,3.749336853176645223e-01,4.260451927509731895e-01,4.354970185690095197e-01,4.212293355090169777e-01,3.853910968378740920e-01,3.251176508180541047e-01,3.586286736965291766e-01,0.000000000000000000e+00,4.152241870947596114e-01,3.549643671728134886e-01,3.889264850039603205e-01,4.168287606294807102e-01,4.241323841275517204e-01,2.429533031058004056e-01,2.525586249485273771e-01,4.051396320368708115e-01,4.509288184593532867e-01,0.000000000000000000e+00,4.018135387426816085e-01,4.415309347114145799e-01,4.457207777244783231e-01,0.000000000000000000e+00,0.000000000000000000e+00,0.000000000000000000e+00,0.000000000000000000e+00,5.175077656496975820e-01,0.000000000000000000e+00,5.122290547194251475e-01,5.091306003009947734e-01,5.149592860322337318e-01,4.636383915503974884e-01,5.148416397229225172e-01,0.000000000000000000e+00,4.901435380579755030e-01,3.790374460303607140e-01,5.027708288616469234e-01,0.000000000000000000e+00,0.000000000000000000e+00,0.000000000000000000e+00,0.000000000000000000e+00,0.000000000000000000e+00,5.068264874271388720e-01,0.000000000000000000e+00,0.000000000000000000e+00,0.000000000000000000e+00,5.098466922788525979e-01,0.000000000000000000e+00,0.000000000000000000e+00,0.000000000000000000e+00,5.111684969751567609e-01,4.977551304616106842e-01,4.690905487256883943e-01,0.000000000000000000e+00,0.000000000000000000e+00
3.817660010165269124e-01,3.918853016012113222e-01,3.889281420325145233e-01,3.784280120828714122e-01,3.628879438343453057e-01,0.000000000000000000e+00,3.931840118335234724e-01,3.897655358419467864e-01,3.295392386412290819e-01,4.271016065391496919e-01,3.600934781765082193e-01,4.129038487617691100e-01,3.748167487557064748e-01,4.058660029972427918e-01,3.874068372409188998e-01,3.882069726078851146e-01,4.395069773906732924e-01,3.720552129138774977e-01,3.578569502201671138e-01,3.781853967567638253e-01,3.875738524771967786e-01,3.909433811766623856e-01,3.754024310357217953e-01,4.168549169551692968e-01,3.784748112054223124e-01,3.896755539019614023e-01,3.751010923170666755e-01,3.652733416663901944e-01,3.250367317215097085e-01,3.763156240800613062e-01,4.102961102485203071e-01,3.892494220567717100e-01,3.660731228666885828e-01,4.108661073334762270e-01,4.159665091860468844e-01,4.066610495458352070e-01,4.066666260698150182e-01,4.249875813984316242e-01,4.911597921382889753e-01,4.175486837818555008e-01,4.703091169460080212e-01,5.073162987373017740e-01,4.339634004114708010e-01,4.276189372560793012e-01,0.000000000000000000e+00,0.000000000000000000e+00,4.547263258907235928e-01,5.417257452870736234e-01,0.000000000000000000e+00,5.246911050290892220e-01,5.084671456100297027e-01,5.120623687140873903e-01,4.577372137253362117e-01,5.417454356056017328e-01,0.000000000000000000e+00,5.390653923886223886e-01,4.023148418321237929e-01,5.080806094257740435e-01,4.805474742880866956e-01,4.797000534239724834e-01,4.481245495185897099e-01,0.000000000000000000e+00,4.053446380808358729e-01,5.458890042123902830e-01,4.691802199297442910e-01,4.475222326369064918e-01,4.632766702318129037e-01,5.059940777923976896e-01,4.022609593535860784e-01,4.299883361737624754e-01,4.680606198930529205e-01,5.035353245405981282e-01,4.951901594225955883e-01,4.860240174232425270e-01,4.978062027372863740e-01,5.003916831994645875e-01
4.091436693456749762e-01,4.029079531539263015e-01,3.971768251507987180e-01,2.631056501843461737e-01,3.201779616814520169e-01,3.931840118335234724e-01,0.000000000000000000e+00,3.946207555258028910e-01,3.546184211002946784e-01,4.074772324976729254e-01,3.850355581846304220e-01,3.900132376670568113e-01,3.206599841902775250e-01,3.200763163856131799e-01,3.842040313783038896e-01,3.944836356324374904e-01,4.204269485183442789e-01,4.072055716105755230e-01,3.877665050182468875e-01,3.952629021179415170e-01,3.914287271570037197e-01,4.154501711269156239e-01,3.794195182101561259e-01,4.106638376119132738e-01,4.022158960468976141e-01,4.106302987039616159e-01,3.924709848231284215e-01,3.325304757706729064e-01,4.031947782792297263e-01,0.000000000000000000e+00,3.920995753678301887e-01,3.806028633983579157e-01,3.721362080794807792e-01,4.013041925894348938e-01,4.067785782929652094e-01,2.872410372668970924e-01,2.900709235173968836e-01,3.889468972846898964e-01,4.015438544585511749e-01,4.096971346427636940e-01,4.027503135254684175e-01,4.358441329070241732e-01,4.247918482166251897e-01,3.642899338316942792e-01,3.848371334881542927e-01,0.000000000000000000e+00,4.401512505218002080e-01,5.212806641190973478e-01,0.000000000000000000e+00,5.023065957911242441e-01,4.932379834340008262e-01,4.998100355625363922e-01,4.452144996892928863e-01,5.199077762181831819e-01,4.179406881933960261e-01,5.049872371121866266e-01,3.702142592665266241e-01,4.979740888566179802e-01,0.000000000000000000e+00,4.775860046665558745e-01,0.000000000000000000e+00,0.000000000000000000e+00,0.000000000000000000e+00,5.139551274551856785e-01,4.694830004703733906e-01,0.000000000000000000e+00,4.522070825721439258e-01,4.954883832745511918e-01,3.401345610618590753e-01,0.000000000000000000e+00,4.493006588970019921e-01,4.905216511161425985e-01,4.883299426997845250e-01,4.769333970907942977e-01,0.000000000000000000e+00,4.931818226955326789e-01
4.867481682444801949e-01,4.836043923473606898e-01,4.432033341679461058e-01,3.473009737611225112e-01,3.790246950020134120e-01,3.897655358419467864e-01,3.946207555258028910e-01,0.000000000000000000e+00,4.447922897565569911e-01,4.349785810717659018e-01,3.485007668939066883e-01,4.684735155257465089e-01,4.111725340372334170e-01,3.358433091615748989e-01,4.248966463638290114e-01,4.711929846430745195e-01,0.000000000000000000e+00,4.727191810380946824e-01,4.097896181965470785e-01,0.000000000000000000e+00,3.951297483480459838e-01,4.602683986732737931e-01,3.659260598130423259e-01,4.978807788511585009e-01,4.762942623906938899e-01,4.848123367065462208e-01,4.067635641677225800e-01,3.951354628142871861e-01,3.610379605612745735e-01,3.778140712432003223e-01,4.293571229716457993e-01,3.415279454604303044e-01,4.777962349065870140e-01,4.157412885441785222e-01,4.045907795283740782e-01,2.898956531179641138e-01,0.000000000000000000e+00,4.957511695408530761e-01,4.635883097919646922e-01,0.000000000000000000e+00,4.700987255307396140e-01,0.000000000000000000e+00,4.375509504041013020e-01,0.000000000000000000e+00,0.000000000000000000e+00,0.000000000000000000e+00,0.000000000000000000e+00,5.182970344165070964e-01,0.000000000000000000e+00,4.953462386612506041e-01,4.876368137868167252e-01,4.918453604215942132e-01,4.110294741281526054e-01,5.235976340816099750e-01,0.000000000000000000e+00,4.944336220978641228e-01,0.000000000000000000e+00,4.885796789945057728e-01,4.556799975851207885e-01,5.464938185141414717e-01,0.000000000000000000e+00,0.000000000000000000e+00,0.000000000000000000e+00,5.105386509502437553e-01,4.897058873587015748e-01,4.307987241594496974e-01,0.000000000000000000e+00,4.830750679184724894e-01,0.000000000000000000e+00,0.000000000000000000e+00,0.000000000000000000e+00,4.833841290866772167e-01,4.767928436852302276e-01,4.717497557108153994e-01,0.000000000000000000e+00,5.002539019376216478e-01
0.000000000000000000e+00,3.839119773038917049e-01,2.719182244057244957e-01,3.710788152230504178e-01,3.231047251549297172e-01,3.295392386412290819e-01,3.546184211002946784e-01,4.447922897565569911e-01,0.000000000000000000e+00,4.363307052320903878e-01,2.957366414421709888e-01,4.173103181610189893e-01,3.528160244238094934e-01,3.937469964382149246e-01,3.693916309446487745e-01,0.000000000000000000e+00,4.424543560740549220e-01,4.370239608027319256e-01,2.563469489198126894e-01,3.750479631492721899e-01,3.651378035831696067e-01,3.828667967289733909e-01,3.703652395627506921e-01,4.453134381063769132e-01,4.004425069374917268e-01,3.943616430328316103e-01,3.624783737034503184e-01,4.149819153099419955e-01,3.689599032066703255e-01,0.000000000000000000e+00,4.244208280233128794e-01,3.996298947939352919e-01,3.798416702576160042e-01,4.209992380852544125e-01,4.213663597251275927e-01,3.892430028593544811e-01,4.033623500448412780e-01,4.202187799279633040e-01,5.080169013670386979e-01,0.000000000000000000e+00,4.157784518976225252e-01,4.382271067439206802e-01,4.844370173695998760e-01,3.741070823675223256e-01,0.000000000000000000e+00,0.000000000000000000e+00,0.000000000000000000e+00,5.417584065711487096e-01,0.000000000000000000e+00,5.402149865924735783e-01,5.255377671193134370e-01,5.305784675119388227e-01,5.127658291394863177e-01,5.407614547202445054e-01,0.000000000000000000e+00,5.257874439549702350e-01,3.830695758059572964e-01,5.177600464934767333e-01,5.084258966076127262e-01,0.000000000000000000e+00,0.000000000000000000e+00,0.000000000000000000e+00,0.000000000000000000e+00,5.425460863752761265e-01,0.000000000000000000e+00,0.000000000000000000e+00,0.000000000000000000e+00,5.390736468554937488e-01,0.000000000000000000e+00,0.000000000000000000e+00,0.000000000000000000e+00,5.277403385025041249e-01,5.075233420446650934e-01,4.816091591584549247e-01,0.000000000000000000e+00,0.000000000000000000e+00
0.000000000000000000e+00,3.293853956223665724e-01,4.287855873322181099e-01,2.082456664921321920e-01,4.285149948606523096e-01,4.271016065391496919e-01,4.074772324976729254e-01,4.349785810717659018e-01,4.363307052320903878e-01,0.000000000000000000e+00,4.404067566116386945e-01,2.631577113381841082e-01,4.017177185855673183e-01,4.258614275667579885e-01,0.000000000000000000e+00,3.765182368871727858e-01,3.038526302941497725e-01,3.281965079668969776e-01,4.321969590006655149e-01,0.000000000000000000e+00,4.541105539395869917e-01,3.892411291599274237e-01,4.154998512288289869e-01,3.021602881765544923e-01,3.153722807772498249e-01,3.281701664508214766e-01,4.267051294634128800e-01,3.846915094005844971e-01,0.000000000000000000e+00,0.000000000000000000e+00,3.263563599750208821e-01,3.092702030727351170e-01,3.057557532625994057e-01,3.260931196339975080e-01,3.351326894638695930e-01,2.979004212650662176e-01,3.012804131784774242e-01,2.843299866026728906e-01,2.721996795446913198e-01,3.408127502852479895e-01,3.284639896992275210e-01,3.550880329211527076e-01,0.000000000000000000e+00,2.907941118814164061e-01,3.250776973493095245e-01,4.215152009406605838e-01,0.000000000000000000e+00,0.000000000000000000e+00,0.000000000000000000e+00,0.000000000000000000e+00,0.000000000000000000e+00,4.137178960875385059e-01,4.629119582363486196e-01,0.000000000000000000e+00,4.211836621855828966e-01,0.000000000000000000e+00,4.060321388124881192e-01,4.202338867339718842e-01,0.000000000000000000e+00,0.000000000000000000e+00,0.000000000000000000e+00,4.368449014075574954e-01,3.935695632767521879e-01,0.000000000000000000e+00,0.000000000000000000e+00,0.000000000000000000e+00,0.000000000000000000e+00,0.000000000000000000e+00,4.000210335278163165e-01,4.344797992778087203e-01,4.415542221195820072e-01,4.812193145659108273e-01,4.167189110795229134e-01,0.000000000000000000e+00,0.000000000000000000e+00,4.027887294016891939e-01
0.000000000000000000e+00,0.000000000000000000e+00,3.081515544263455086e-01,3.497496518547478228e-01,3.143131554854212140e-01,3.600934781765082193e-01,3.850355581846304220e-01,3.485007668939066883e-01,2.957366414421709888e-01,4.404067566116386945e-01,0.000000000000000000e+00,4.226961964635205793e-01,4.146969538582570003e-01,2.931194605267705144e-01,0.000000000000000000e+00,4.405756453324435884e-01,4.431496949694159748e-01,4.402844916979264944e-01,2.466491165566941923e-01,0.000000000000000000e+00,0.000000000000000000e+00,0.000000000000000000e+00,2.820640253518765794e-01,4.412192333654202936e-01,4.441731510865828958e-01,4.358556860750015249e-01,3.619142210892665745e-01,4.154325977445699203e-01,0.000000000000000000e+00,0.000000000000000000e+00,4.269814696133896192e-01,3.844835320911285104e-01,3.882574766754441908e-01,4.287647566520039755e-01,4.272545709400981107e-01,3.407182185032041066e-01,3.965258823341000771e-01,4.167663629457684094e-01,4.584794672486567912e-01,0.000000000000000000e+00,4.051001014432114022e-01,4.070899893973607964e-01,4.521722280804585936e-01,0.000000000000000000e+00,0.000000000000000000e+00,0.000000000000000000e+00,0.000000000000000000e+00,2.759219907319727105e-01,0.000000000000000000e+00,4.709231970929397826e-01,5.011243625442058924e-01,4.721999724973631185e-01,4.691526544208416971e-01,3.936343979494584810e-01,0.000000000000000000e+00,2.818622838937547836e-01,3.909159807464148151e-01,4.871640736457079068e-01,0.000000000000000000e+00,0.000000000000000000e+00,0.000000000000000000e+00,0.000000000000000000e+00,0.000000000000000000e+00,2.578083540010948083e-01,0.000000000000000000e+00,0.000000000000000000e+00,0.000000000000000000e+00,5.086818292638154437e-01,0.000000000000000000e+00,0.000000000000000000e+00,0.000000000000000000e+00,5.118420570050792318e-01,4.612788876079836897e-01,0.000000000000000000e+00,0.000000000000000000e+00,0.000000000000000000e+00
3.361469872194666197e-01,3.900958345803381966e-01,4.160859091072999782e-01,2.711796462535858154e-01,4.025242776556073876e-01,4.129038487617691100e-01,3.900132376670568113e-01,4.684735155257465089e-01,4.173103181610189893e-01,2.631577113381841082e-01,4.226961964635205793e-01,0.000000000000000000e+00,3.927320934083052828e-01,3.769773156880328879e-01,3.888884154193418263e-01,4.075614516174280166e-01,3.550678067764915236e-01,3.699467570756743151e-01,4.318867443476469004e-01,0.000000000000000000e+00,4.291163839329045215e-01,0.000000000000000000e+00,4.224600719176194175e-01,2.748767642180516835e-01,3.509223692868472799e-01,3.242301879708228141e-01,4.237222027127340862e-01,3.704726389804460229e-01,0.000000000000000000e+00,0.000000000000000000e+00,3.306112622010848878e-01,2.283302067603751040e-01,2.701715595153735827e-01,2.539106376174370960e-01,2.883097179954898226e-01,3.045085066566021736e-01,2.932625766985482163e-01,2.222825749738027989e-01,2.957546677416125758e-01,3.623759920026595194e-01,3.178085317034459178e-01,3.214119133084327173e-01,0.000000000000000000e+00,0.000000000000000000e+00,3.461727949571855034e-01,4.181507228423969047e-01,0.000000000000000000e+00,0.000000000000000000e+00,0.000000000000000000e+00,0.000000000000000000e+00,0.000000000000000000e+00,4.066962915525111910e-01,0.000000000000000000e+00,0.000000000000000000e+00,4.315697481214190723e-01,0.000000000000000000e+00,4.131020279856599253e-01,4.263139595268283788e-01,0.000000000000000000e+00,0.000000000000000000e+00,0.000000000000000000e+00,4.416773830109825272e-01,4.348931914763752848e-01,0.000000000000000000e+00,0.000000000000000000e+00,0.000000000000000000e+00,0.000000000000000000e+00,0.000000000000000000e+00,3.999387080455050203e-01,4.424414159780650779e-01,4.442454364950049195e-01,0.000000000000000000e+00,4.375128833871145262e-01,0.000000000000000000e+00,0.000000000000000000e+00,4.194206804816413836e-01
4.116986464941516100e-01,4.122728798608588097e-01,4.158675763573826956e-01,3.135167516170441759e-01,3.513261791417590096e-01,3.748167487557064748e-01,3.206599841902775250e-01,4.111725340372334170e-01,3.528160244238094934e-01,4.017177185855673183e-01,4.146969538582570003e-01,3.927320934083052828e-01,0.000000000000000000e+00,3.469591927020119204e-01,3.988779856441795890e-01,4.135491528579031129e-01,4.163753811315034081e-01,4.089958471392500239e-01,4.127368800905268920e-01,3.972399441229154116e-01,4.048996672007150188e-01,4.240974287205930837e-01,3.942273057877476172e-01,4.024585188901219079e-01,4.066807996075867959e-01,4.057948533440323136e-01,4.032395507508182986e-01,3.131322204998175929e-01,3.714902396634108817e-01,3.445011341603342880e-01,3.695535786055456073e-01,3.921988946099450035e-01,3.798637942236572917e-01,3.986049000514989005e-01,4.038340361019083224e-01,3.126669983530980801e-01,3.437948440496877978e-01,3.924077764785112166e-01,3.952182215308647217e-01,3.807264695440084057e-01,4.033148828717639245e-01,4.432591130882916897e-01,4.343817792673689837e-01,3.576826963808176774e-01,3.921584663281745819e-01,0.000000000000000000e+00,4.491623543665201890e-01,5.314704624542780920e-01,0.000000000000000000e+00,5.104232991048207602e-01,5.022023875242078716e-01,5.081247098236888471e-01,4.517041158758365871e-01,5.265775865630858421e-01,4.205348558541193160e-01,5.129982799055635700e-01,3.753971515802919101e-01,5.026908671966862086e-01,0.000000000000000000e+00,4.867456309859370944e-01,4.324801988084988058e-01,4.490342042049462190e-01,0.000000000000000000e+00,5.279606211184384446e-01,4.741637798762500244e-01,4.636755852598237193e-01,4.579542664123195106e-01,4.992873928842926912e-01,0.000000000000000000e+00,4.435229260135812868e-01,4.632781363816046993e-01,4.954281331073350225e-01,4.932285052978437889e-01,4.881695130375932057e-01,0.000000000000000000e+00,5.009314377049614020e-01
4.838685715911598129e-01,0.000000000000000000e+00,3.960688975846984872e-01,2.470460688141639105e-01,3.024342760503148098e-01,4.058660029972427918e-01,3.200763163856131799e-01,3.358433091615748989e-01,3.937469964382149246e-01,4.258614275667579885e-01,2.931194605267705144e-01,3.769773156880328879e-01,3.469591927020119204e-01,0.000000000000000000e+00,0.000000000000000000e+00,0.000000000000000000e+00,0.000000000000000000e+00,0.000000000000000000e+00,3.484692261605585872e-01,0.000000000000000000e+00,4.391723745733313033e-01,0.000000000000000000e+00,3.693167496773945846e-01,4.954460117451107148e-01,4.370894213465615907e-01,0.000000000000000000e+00,4.263325256962535725e-01,2.768564268717528254e-01,0.000000000000000000e+00,0.000000000000000000e+00,3.877467213452637784e-01,3.006841853406829190e-01,0.000000000000000000e+00,4.015466632087784093e-01,4.212783452013990071e-01,2.129022638737854134e-01,1.622087594024952950e-01,4.080465089451972838e-01,4.538414421950318078e-01,0.000000000000000000e+00,0.000000000000000000e+00,0.000000000000000000e+00,4.250463429372862145e-01,0.000000000000000000e+00,0.000000000000000000e+00,0.000000000000000000e+00,0.000000000000000000e+00,5.097849054703409433e-01,0.000000000000000000e+00,5.024384441630337372e-01,4.783190206469192796e-01,0.000000000000000000e+00,4.609051451956153733e-01,5.061879359025326375e-01,0.000000000000000000e+00,4.788499130092753742e-01,0.000000000000000000e+00,0.000000000000000000e+00,0.000000000000000000e+00,0.000000000000000000e+00,0.000000000000000000e+00,0.000000000000000000e+00,0.000000000000000000e+00,4.874432889931247792e-01,0.000000000000000000e+00,0.000000000000000000e+00,0.000000000000000000e+00,5.032955423234803938e-01,0.000000000000000000e+00,0.000000000000000000e+00,0.000000000000000000e+00,4.896610372524511923e-01,0.000000000000000000e+00,0.000000000000000000e+00,0.000000000000000000e+00,0.000000000000000000e+00
3.665613950512728869e-01,3.981295266834808944e-01,0.000000000000000000e+00,0.000000000000000000e+00,0.000000000000000000e+00,3.874068372409188998e-01,3.842040313783038896e-01,4.248966463638290114e-01,3.693916309446487745e-01,0.000000000000000000e+00,0.000000000000000000e+00,3.888884154193418263e-01,3.988779856441795890e-01,0.000000000000000000e+00,0.000000000000000000e+00,3.907387761269442983e-01,0.000000000000000000e+00,3.728384514186390830e-01,0.000000000000000000e+00,3.167239879834610750e-01,3.872874894455369255e-01,3.484692740993299842e-01,3.515555101129428928e-01,4.007895107882658015e-01,3.773716497042505225e-01,3.547003773517177216e-01,3.335790476941549176e-01,3.837836315553547761e-01,3.679145760354549100e-01,3.730821069086219244e-01,3.624752407523815223e-01,3.916109993359006003e-01,3.689297942195360891e-01,3.851082436136685772e-01,4.276890354928913895e-01,4.444758479216153746e-01,0.000000000000000000e+00,0.000000000000000000e+00,4.861241823616341273e-01,4.924178387077957075e-01,4.942116873397970900e-01,5.081223178632476856e-01,4.278400495855331220e-01,0.000000000000000000e+00,0.000000000000000000e+00,0.000000000000000000e+00,5.005530903430506218e-01,0.000000000000000000e+00,0.000000000000000000e+00,0.000000000000000000e+00,4.870862427603374067e-01,4.937997084908852252e-01,4.862032939001290077e-01,0.000000000000000000e+00,0.000000000000000000e+00,0.000000000000000000e+00,0.000000000000000000e+00,4.879318815331992742e-01,0.000000000000000000e+00,5.036306020588402488e-01,4.851757716638355755e-01,0.000000000000000000e+00,4.591233544477459905e-01,0.000000000000000000e+00,4.816283641418314110e-01,4.714466250308860795e-01,5.069331623419521815e-01,4.941936422402031792e-01,0.000000000000000000e+00,4.350023016235686213e-01,5.146603551649754360e-01,5.014894842360662075e-01,4.966122972825237070e-01,4.986998559003993914e-01,5.017288723561631469e-01,4.867395517081674061e-01
3.953081213608887201e-01,3.978336604790629893e-01,0.000000000000000000e+00,0.000000000000000000e+00,0.000000000000000000e+00,3.882069726078851146e-01,3.944836356324374904e-01,4.711929846430745195e-01,0.000000000000000000e+00,3.765182368871727858e-01,4.405756453324435884e-01,4.075614516174280166e-01,4.135491528579031129e-01,0.000000000000000000e+00,3.907387761269442983e-01,0.000000000000000000e+00,3.915867526574148827e-01,3.575079040613630132e-01,0.000000000000000000e+00,3.642956436021982936e-01,4.008351191092598964e-01,3.557867967822433974e-01,4.110988463861022790e-01,3.720640536185947922e-01,4.133031318220620198e-01,4.063878129170275799e-01,3.981199815703870271e-01,4.038493280597943991e-01,3.948802090298016987e-01,3.872422168295098777e-01,3.640287505099227827e-01,4.184294424671963775e-01,3.681531739151822080e-01,3.794207964176710135e-01,4.204296882442242200e-01,0.000000000000000000e+00,0.000000000000000000e+00,0.000000000000000000e+00,4.492607030773717036e-01,4.492379382738386218e-01,4.534271088276812800e-01,4.737756610066146123e-01,4.194131646295337079e-01,0.000000000000000000e+00,0.000000000000000000e+00,4.570561972841389875e-01,4.832810498766013096e-01,0.000000000000000000e+00,0.000000000000000000e+00,0.000000000000000000e+00,4.506230047576058051e-01,4.368823651183835755e-01,0.000000000000000000e+00,0.000000000000000000e+00,3.953874983479145899e-01,0.000000000000000000e+00,0.000000000000000000e+00,4.521965627109331143e-01,0.000000000000000000e+00,4.812569845403142921e-01,4.737708669778648019e-01,3.942575896222834109e-01,4.529903281836809015e-01,0.000000000000000000e+00,4.607480907963548145e-01,4.663281457960657961e-01,4.745606880013988893e-01,4.716989825885554155e-01,0.000000000000000000e+00,4.681727643578900144e-01,4.881067242961977803e-01,4.767376134941557764e-01,4.625407149141810836e-01,4.644871197411727937e-01,0.000000000000000000e+00,4.449281193007890156e-01
0.000000000000000000e+00,0.000000000000000000e+00,0.000000000000000000e+00,0.000000000000000000e+00,4.419726578668445871e-01,4.395069773906732924e-01,4.204269485183442789e-01,0.000000000000000000e+00,4.424543560740549220e-01,3.038526302941497725e-01,4.431496949694159748e-01,3.550678067764915236e-01,4.163753811315034081e-01,0.000000000000000000e+00,0.000000000000000000e+00,3.915867526574148827e-01,0.000000000000000000e+00,3.026954656031400903e-01,4.415753939055723221e-01,3.707972970031246929e-01,0.000000000000000000e+00,3.616043303171879164e-01,4.241192863116152179e-01,3.729234281211313839e-01,3.477517606972205244e-01,3.913548853629094104e-01,4.368666062080576173e-01,4.025765910762832966e-01,0.000000000000000000e+00,0.000000000000000000e+00,3.471336073775805886e-01,4.237583208456782158e-01,3.464018802525932195e-01,3.702979614439584899e-01,3.754553798946401733e-01,4.099352140302863767e-01,0.000000000000000000e+00,3.402791739341787247e-01,4.265909370146424018e-01,3.934503539583885101e-01,4.370654881185107032e-01,0.000000000000000000e+00,0.000000000000000000e+00,0.000000000000000000e+00,0.000000000000000000e+00,0.000000000000000000e+00,4.376636657830985100e-01,0.000000000000000000e+00,0.000000000000000000e+00,0.000000000000000000e+00,0.000000000000000000e+00,0.000000000000000000e+00,0.000000000000000000e+00,0.000000000000000000e+00,4.566716762359205872e-01,0.000000000000000000e+00,4.393836761816811154e-01,4.586923473178334265e-01,0.000000000000000000e+00,0.000000000000000000e+00,0.000000000000000000e+00,4.526503411811014232e-01,4.320327417361020106e-01,0.000000000000000000e+00,0.000000000000000000e+00,0.000000000000000000e+00,0.000000000000000000e+00,0.000000000000000000e+00,4.417696074808638018e-01,4.546110478388408205e-01,4.721958738925258747e-01,0.000000000000000000e+00,4.677332325035071237e-01,0.000000000000000000e+00,0.000000000000000000e+00,4.390497304249669774e-01
3.826719323049935229e-01,3.813171719933556858e-01,0.000000000000000000e+00,0.000000000000000000e+00,4.401072913673865217e-01,3.720552129138774977e-01,4.072055716105755230e-01,4.727191810380946824e-01,4.370239608027319256e-01,3.281965079668969776e-01,4.402844916979264944e-01,3.699467570756743151e-01,4.089958471392500239e-01,0.000000000000000000e+00,3.728384514186390830e-01,3.575079040613630132e-01,3.026954656031400903e-01,0.000000000000000000e+00,4.363184048174356122e-01,3.766232679764163205e-01,3.972842039216690768e-01,3.855541185235804025e-01,4.082660661162785254e-01,3.569396864487375809e-01,3.622959748453565831e-01,3.851372847498729102e-01,3.941227597637189106e-01,3.920389473998743823e-01,3.759052449793672812e-01,3.976185087948498897e-01,3.612001160994343096e-01,4.177190625393725765e-01,3.320386025370927197e-01,3.691918517869244853e-01,3.847376148731173062e-01,0.000000000000000000e+00,0.000000000000000000e+00,3.013747146152451206e-01,4.366903511122642856e-01,4.221932975458292936e-01,4.240352470115897887e-01,4.525369021486300158e-01,0.000000000000000000e+00,0.000000000000000000e+00,0.000000000000000000e+00,4.289480214380749223e-01,4.653450338597062141e-01,0.000000000000000000e+00,0.000000000000000000e+00,0.000000000000000000e+00,4.400882053611073763e-01,4.286494164346333902e-01,0.000000000000000000e+00,0.000000000000000000e+00,4.293793458903357729e-01,0.000000000000000000e+00,4.330158619322965197e-01,4.377880706338880823e-01,0.000000000000000000e+00,4.160034367067454997e-01,4.572733060419175155e-01,4.275959573153531035e-01,4.421984422119831226e-01,0.000000000000000000e+00,4.302473108001543256e-01,0.000000000000000000e+00,4.016238609753938205e-01,0.000000000000000000e+00,4.358340862478710109e-01,4.457449426401480230e-01,4.630305538370698137e-01,0.000000000000000000e+00,4.279882594706149179e-01,4.332522884598969948e-01,0.000000000000000000e+00,4.233589115867549268e-01
0.000000000000000000e+00,0.000000000000000000e+00,2.526379365936858856e-01,3.585567304408470157e-01,3.414848395263623271e-01,3.578569502201671138e-01,3.877665050182468875e-01,4.097896181965470785e-01,2.563469489198126894e-01,4.321969590006655149e-01,2.466491165566941923e-01,4.318867443476469004e-01,4.127368800905268920e-01,3.484692261605585872e-01,0.000000000000000000e+00,0.000000000000000000e+00,4.415753939055723221e-01,4.363184048174356122e-01,0.000000000000000000e+00,0.000000000000000000e+00,0.000000000000000000e+00,0.000000000000000000e+00,2.941503167499742166e-01,0.000000000000000000e+00,4.369035387773885226e-01,4.296154076847419900e-01,3.180710022424456107e-01,4.124969877984063227e-01,0.000000000000000000e+00,0.000000000000000000e+00,4.173973320161591949e-01,3.918790648274929067e-01,4.398180826000352983e-01,4.184023587763157082e-01,4.171550956499974760e-01,3.730505141211423181e-01,4.082703223381842772e-01,4.244881457176146733e-01,4.969514134613807754e-01,0.000000000000000000e+00,0.000000000000000000e+00,4.242972967717285049e-01,4.795911747903420785e-01,3.999419112685224098e-01,0.000000000000000000e+00,0.000000000000000000e+00,0.000000000000000000e+00,5.300741261861677822e-01,0.000000000000000000e+00,5.174904229440933090e-01,5.188680674500658618e-01,5.237056602223886248e-01,5.014747756444548621e-01,5.338408199154609513e-01,0.000000000000000000e+00,5.129214400760435666e-01,0.000000000000000000e+00,5.197637813873124957e-01,5.035063332693279214e-01,0.000000000000000000e+00,0.000000000000000000e+00,0.000000000000000000e+00,0.000000000000000000e+00,5.242077960574667017e-01,0.000000000000000000e+00,0.000000000000000000e+00,0.000000000000000000e+00,5.287438266075998872e-01,0.000000000000000000e+00,0.000000000000000000e+00,0.000000000000000000e+00,5.293502204357629637e-01,5.013851043512478345e-01,5.050408123463098198e-01,0.000000000000000000e+00,0.000000000000000000e+00
3.908782452594373180e-01,4.032512150300678888e-01,0.000000000000000000e+00,0.000000000000000000e+00,3.670309009708310199e-01,3.781853967567638253e-01,3.952629021179415170e-01,0.000000000000000000e+00,3.750479631492721899e-01,0.000000000000000000e+00,0.000000000000000000e+00,0.000000000000000000e+00,3.972399441229154116e-01,0.000000000000000000e+00,3.167239879834610750e-01,3.642956436021982936e-01,3.707972970031246929e-01,3.766232679764163205e-01,0.000000000000000000e+00,0.000000000000000000e+00,3.949864757867980192e-01,3.282201848679143774e-01,2.458188030940033075e-01,4.310252760315396725e-01,3.898020777863511199e-01,3.930117304421085200e-01,3.295379696337468189e-01,3.534024602363872725e-01,3.194018650271573945e-01,2.847887987965864176e-01,3.379288491535796801e-01,3.797310745724674086e-01,3.369871121226363786e-01,3.653273941572974803e-01,4.077620330999375819e-01,4.422077188338511822e-01,0.000000000000000000e+00,0.000000000000000000e+00,4.543421559288042255e-01,4.723129111633215249e-01,4.716075386501579758e-01,4.876736954492504883e-01,4.099045816788040031e-01,0.000000000000000000e+00,0.000000000000000000e+00,0.000000000000000000e+00,4.611594303838660869e-01,0.000000000000000000e+00,0.000000000000000000e+00,0.000000000000000000e+00,4.851231701670251084e-01,4.563480863584253866e-01,5.114786322985057643e-01,4.286397792156244058e-01,0.000000000000000000e+00,0.000000000000000000e+00,0.000000000000000000e+00,4.888105543285772847e-01,0.000000000000000000e+00,4.832903165885241159e-01,4.714992653885485829e-01,0.000000000000000000e+00,4.830735191963341224e-01,0.000000000000000000e+00,4.717527766137860068e-01,4.567330051362218923e-01,4.789938695638624178e-01,4.930313759274407848e-01,0.000000000000000000e+00,4.182618317763803217e-01,4.839048207544481839e-01,4.932943860040782114e-01,4.875642599497070906e-01,4.919293997089244086e-01,4.902724890612034092e-01,4.753523340773376238e-01
3.874634251188671108e-01,4.240470941246579084e-01,0.000000000000000000e+00,0.000000000000000000e+00,3.685754784175931942e-01,3.875738524771967786e-01,3.914287271570037197e-01,3.951297483480459838e-01,3.651378035831696067e-01,4.541105539395869917e-01,0.000000000000000000e+00,4.291163839329045215e-01,4.048996672007150188e-01,4.391723745733313033e-01,3.872874894455369255e-01,4.008351191092598964e-01,0.000000000000000000e+00,3.972842039216690768e-01,0.000000000000000000e+00,3.949864757867980192e-01,0.000000000000000000e+00,4.192283127459162095e-01,3.826545336623701776e-01,4.569540418797560788e-01,4.006134571384866172e-01,4.004638092388633774e-01,3.978460060505507045e-01,4.030565307669934927e-01,3.925302584064399025e-01,4.086184248330236857e-01,3.584976168735299895e-01,4.000965656481076937e-01,3.792895818256222795e-01,3.890974530665178843e-01,4.422627532204289058e-01,0.000000000000000000e+00,0.000000000000000000e+00,0.000000000000000000e+00,4.758581035340305743e-01,4.803612283014738193e-01,4.884187554076125926e-01,5.190017318691068082e-01,4.461843160027236799e-01,0.000000000000000000e+00,0.000000000000000000e+00,3.774596808831405248e-01,5.041026722959733863e-01,0.000000000000000000e+00,0.000000000000000000e+00,0.000000000000000000e+00,4.636361252812539746e-01,4.585258814443379238e-01,4.191557598012621844e-01,0.000000000000000000e+00,0.000000000000000000e+00,0.000000000000000000e+00,0.000000000000000000e+00,4.809951850374170057e-01,0.000000000000000000e+00,4.941336660927024838e-01,4.841988915722965081e-01,0.000000000000000000e+00,0.000000000000000000e+00,0.000000000000000000e+00,4.714776685341611762e-01,4.309119645609845728e-01,5.002590348896950312e-01,4.621827069382857811e-01,0.000000000000000000e+00,4.568463519779076276e-01,5.127942081877659986e-01,4.590139081856273728e-01,4.798442907040865180e-01,4.814016868194588850e-01,5.042856983544197202e-01,4.789489702198050924e-01
