0.000000000000000000e+00,4.318001260648118844e-01,0.000000000000000000e+00,0.000000000000000000e+00,0.000000000000000000e+00,4.327032069014097870e-01,0.000000000000000000e+00,4.553168986371077809e-01,0.000000000000000000e+00,4.402609536487284148e-01,0.000000000000000000e+00,4.123951875650299081e-01,4.438375228111798854e-01,0.000000000000000000e+00,3.639664711399380193e-01,4.315872883991189735e-01,0.000000000000000000e+00,4.350445325407711894e-01,0.000000000000000000e+00,4.233932463081466202e-01,3.545570755121258966e-01,4.137598335913603154e-01,4.096212093479579819e-01,3.566407524020280273e-01,4.183603358599454203e-01,3.829041178252907129e-01,4.155710965399687096e-01,4.525906051368264738e-01,4.310074135711615129e-01,0.000000000000000000e+00,3.815774266772227752e-01,4.140498651213506132e-01,3.909909508511917875e-01,3.892931770190121155e-01,3.965035451862333193e-01,0.000000000000000000e+00,0.000000000000000000e+00,4.022071181484022095e-01,4.492135758812417223e-01,4.417515731754574904e-01,3.908393043832654179e-01,0.000000000000000000e+00,0.000000000000000000e+00,0.000000000000000000e+00,0.000000000000000000e+00,3.719891441506337215e-01,4.877552179557740897e-01,0.000000000000000000e+00,0.000000000000000000e+00,0.000000000000000000e+00,4.582417318160004749e-01,0.000000000000000000e+00,0.000000000000000000e+00,0.000000000000000000e+00,4.895150870468638060e-01,0.000000000000000000e+00,0.000000000000000000e+00,4.379336645232700942e-01,0.000000000000000000e+00,0.000000000000000000e+00,4.677494242466082031e-01,0.000000000000000000e+00,4.338262774850428771e-01,0.000000000000000000e+00,0.000000000000000000e+00,3.791384960977745022e-01,4.684187468198771076e-01,5.045261410588146589e-01,3.835300398424401069e-01,4.475313134413149152e-01,4.710102893578482219e-01,4.604464716295498250e-01,0.000000000000000000e+00,0.000000000000000000e+00,0.000000000000000000e+00,4.010905415216762249e-01
4.318001260648118844e-01,0.000000000000000000e+00,0.000000000000000000e+00,0.000000000000000000e+00,3.706041795108058201e-01,3.841417255791598762e-01,3.967958623055788947e-01,4.498574461090886767e-01,3.814519045933454922e-01,4.422733730947561726e-01,0.000000000000000000e+00,3.659692816312778985e-01,4.161838698020938199e-01,0.000000000000000000e+00,4.101695854525304052e-01,4.403839116490184113e-01,0.000000000000000000e+00,4.372119772120374726e-01,0.000000000000000000e+00,3.951057731628562220e-01,4.041015884159731009e-01,3.784358201980144165e-01,4.202355043141970947e-01,0.000000000000000000e+00,4.075183506418175172e-01,4.174752915379664198e-01,4.056041456931603895e-01,4.234261346398959236e-01,4.021069155513717908e-01,4.068526471302694181e-01,3.608600341861242233e-01,4.023879649089158739e-01,3.661758487351143843e-01,3.643404119609008895e-01,4.116357963696228861e-01,0.000000000000000000e+00,0.000000000000000000e+00,0.000000000000000000e+00,4.797391820829812747e-01,4.659477638209034156e-01,4.602520140736768850e-01,4.806493192381959267e-01,0.000000000000000000e+00,0.000000000000000000e+00,0.000000000000000000e+00,4.798170757690448096e-01,4.897052555911087790e-01,0.000000000000000000e+00,0.000000000000000000e+00,0.000000000000000000e+00,4.538533955566251277e-01,4.443315146092374768e-01,0.000000000000000000e+00,4.403942683986323825e-01,0.000000000000000000e+00,0.000000000000000000e+00,0.000000000000000000e+00,4.616000266487109149e-01,0.000000000000000000e+00,4.909993920821363877e-01,4.827185471478903089e-01,0.000000000000000000e+00,4.742650715133966965e-01,0.000000000000000000e+00,4.562462095582365262e-01,4.646411674513664103e-01,4.744664529695835076e-01,4.626866717960442799e-01,0.000000000000000000e+00,4.832787063871025190e-01,5.043387212754852911e-01,4.625583756623948828e-01,4.450383385280755055e-01,4.513283225117947772e-01,0.000000000000000000e+00,4.449683974227945926e-01
0.000000000000000000e+00,0.000000000000000000e+00,0.000000000000000000e+00,3.872788250446320135e-01,3.855209147283810145e-01,4.249470098135034180e-01,4.264872213618893237e-01,4.687154352555786274e-01,2.884445460626018920e-01,4.501163475107857193e-01,3.135205215578920068e-01,4.199203991683636006e-01,4.491742134705731804e-01,4.349187369902067224e-01,0.000000000000000000e+00,0.000000000000000000e+00,0.000000000000000000e+00,4.700382599412117890e-01,2.441981376799463865e-01,0.000000000000000000e+00,4.647939054309542795e-01,0.000000000000000000e+00,2.918410309156693749e-01,4.399138987064362127e-01,4.697499317543524788e-01,4.748185284792645899e-01,3.211572492935722001e-01,4.643953838509687904e-01,4.072168823617053901e-01,4.710159203389421845e-01,4.811316299745990177e-01,4.365927185738345817e-01,4.471814930438994806e-01,4.689376018412932945e-01,4.598940240821354219e-01,4.190969092507285110e-01,4.401091491210242235e-01,0.000000000000000000e+00,5.103848010325831019e-01,0.000000000000000000e+00,5.465239063844831158e-01,0.000000000000000000e+00,5.200340293567592420e-01,0.000000000000000000e+00,0.000000000000000000e+00,0.000000000000000000e+00,0.000000000000000000e+00,4.762842900097136178e-01,0.000000000000000000e+00,5.302766760241478528e-01,5.375160148961297679e-01,5.308359448100513633e-01,5.359500706974376083e-01,5.557439912769505108e-01,0.000000000000000000e+00,4.780595589666455925e-01,0.000000000000000000e+00,5.191781294005864966e-01,5.291074738431261748e-01,0.000000000000000000e+00,0.000000000000000000e+00,0.000000000000000000e+00,0.000000000000000000e+00,2.922541680267677910e-01,0.000000000000000000e+00,0.000000000000000000e+00,0.000000000000000000e+00,5.488781062911418651e-01,0.000000000000000000e+00,0.000000000000000000e+00,0.000000000000000000e+00,5.488646497791308532e-01,5.227554435583492420e-01,0.000000000000000000e+00,0.000000000000000000e+00,5.527503426380960816e-01
0.000000000000000000e+00,0.000000000000000000e+00,3.872788250446320135e-01,0.000000000000000000e+00,2.963925220319433840e-01,4.135855434591331758e-01,3.145453598300742004e-01,3.073308874910585242e-01,4.069557307629292908e-01,2.312584966421127042e-01,3.584684877332746100e-01,2.507079702761312867e-01,2.984886119870505117e-01,2.680238122556343194e-01,0.000000000000000000e+00,0.000000000000000000e+00,0.000000000000000000e+00,0.000000000000000000e+00,4.019780652737945936e-01,0.000000000000000000e+00,0.000000000000000000e+00,0.000000000000000000e+00,3.829004360155451869e-01,2.692611867740504206e-01,0.000000000000000000e+00,0.000000000000000000e+00,4.075950319745770267e-01,2.440366397568844992e-01,3.888802230358123779e-01,0.000000000000000000e+00,0.000000000000000000e+00,2.805748569877523080e-01,0.000000000000000000e+00,2.549368928947065016e-01,3.043418462235095157e-01,2.103994450381549974e-01,1.938410181170147906e-01,0.000000000000000000e+00,2.627482584608287763e-01,0.000000000000000000e+00,0.000000000000000000e+00,0.000000000000000000e+00,0.000000000000000000e+00,0.000000000000000000e+00,0.000000000000000000e+00,0.000000000000000000e+00,0.000000000000000000e+00,0.000000000000000000e+00,0.000000000000000000e+00,0.000000000000000000e+00,0.000000000000000000e+00,0.000000000000000000e+00,0.000000000000000000e+00,0.000000000000000000e+00,0.000000000000000000e+00,0.000000000000000000e+00,2.509377574341241091e-01,0.000000000000000000e+00,0.000000000000000000e+00,0.000000000000000000e+00,0.000000000000000000e+00,0.000000000000000000e+00,0.000000000000000000e+00,0.000000000000000000e+00,0.000000000000000000e+00,0.000000000000000000e+00,0.000000000000000000e+00,0.000000000000000000e+00,0.000000000000000000e+00,0.000000000000000000e+00,0.000000000000000000e+00,4.395894850610593263e-01,0.000000000000000000e+00,0.000000000000000000e+00,0.000000000000000000e+00,0.000000000000000000e+00
0.000000000000000000e+00,3.706041795108058201e-01,3.855209147283810145e-01,2.963925220319433840e-01,0.000000000000000000e+00,3.974621646600539071e-01,3.337668710490062085e-01,4.046125719009767141e-01,3.504423351019381183e-01,4.244444754876606218e-01,3.315644942637582804e-01,3.903425182547312078e-01,3.677058832048158976e-01,2.998147541003184924e-01,0.000000000000000000e+00,0.000000000000000000e+00,4.337952339808830993e-01,4.563306454240457777e-01,3.506418359197556178e-01,3.994508398529619253e-01,3.973171131014304747e-01,3.969705957773194127e-01,4.099295002077235073e-01,4.039516751198689026e-01,4.257400862462720204e-01,4.278200904856597209e-01,4.077547206829595927e-01,3.729081002515535204e-01,0.000000000000000000e+00,0.000000000000000000e+00,4.520738044790633126e-01,3.499122040036143910e-01,3.880071948250667924e-01,4.202185760533239112e-01,4.030892813729997082e-01,2.646731003706276897e-01,2.774476764476490054e-01,3.789025814190405961e-01,4.736171613836184235e-01,0.000000000000000000e+00,5.171630396816561115e-01,0.000000000000000000e+00,4.340006011990977242e-01,0.000000000000000000e+00,0.000000000000000000e+00,0.000000000000000000e+00,0.000000000000000000e+00,5.233809367074525598e-01,0.000000000000000000e+00,4.886908151072607009e-01,5.056998765976685739e-01,4.983465566687266257e-01,4.829000681483590074e-01,5.139222344711322776e-01,0.000000000000000000e+00,4.785167380775698920e-01,0.000000000000000000e+00,4.858474137024095252e-01,0.000000000000000000e+00,0.000000000000000000e+00,0.000000000000000000e+00,0.000000000000000000e+00,0.000000000000000000e+00,5.089736220482011797e-01,0.000000000000000000e+00,0.000000000000000000e+00,0.000000000000000000e+00,5.093959092499815711e-01,0.000000000000000000e+00,0.000000000000000000e+00,0.000000000000000000e+00,4.958310185417574845e-01,4.910506807559165132e-01,4.463976166329233219e-01,0.000000000000000000e+00,5.098679044982024067e-01
4.327032069014097870e-01,3.841417255791598762e-01,4.249470098135034180e-01,4.135855434591331758e-01,3.974621646600539071e-01,0.000000000000000000e+00,4.308551925191093090e-01,4.340733965525264137e-01,3.374176808357780000e-01,4.655081598676099053e-01,3.838105999191764872e-01,4.284858211522736271e-01,4.173907134330782087e-01,4.345279044677156088e-01,4.246849812772506838e-01,4.287252493730885905e-01,4.747427460344090799e-01,4.761535798723703916e-01,4.350397374030944841e-01,4.020311356495478994e-01,4.128983103006311217e-01,4.110072545871855110e-01,4.221912971949903226e-01,4.128963735471107843e-01,4.251927847417025230e-01,4.315016515886295201e-01,4.089297171516275142e-01,4.338020779252229064e-01,3.643222240782557075e-01,4.458382799663673235e-01,4.744458099376013260e-01,4.263421545874708785e-01,3.830752512593522119e-01,4.629131091285524913e-01,4.644087979659546894e-01,4.299035058341170168e-01,4.349186530277315277e-01,4.260746984671708870e-01,4.616062440037969061e-01,5.056168115122180451e-01,4.899153427946901784e-01,4.717571585837436188e-01,4.541535919039548785e-01,4.336601298081754763e-01,0.000000000000000000e+00,0.000000000000000000e+00,4.330089440567284065e-01,5.371714372277464067e-01,0.000000000000000000e+00,5.123222344825212327e-01,5.044884574693700996e-01,5.051978358102627853e-01,4.891807900409715915e-01,5.417073424373330948e-01,4.983894189405680963e-01,5.305642442813282011e-01,0.000000000000000000e+00,4.950799544954642140e-01,5.129250874881946531e-01,4.741900433898503242e-01,0.000000000000000000e+00,0.000000000000000000e+00,0.000000000000000000e+00,5.509025760713571751e-01,4.715262439394408145e-01,4.821980995233354772e-01,4.682386672091902180e-01,5.098721065736088187e-01,0.000000000000000000e+00,0.000000000000000000e+00,4.554108042983575078e-01,4.990900243443093243e-01,4.905466142049930145e-01,4.742621711353035008e-01,4.885310889493788000e-01,5.037817122324421693e-01
0.000000000000000000e+00,3.967958623055788947e-01,4.264872213618893237e-01,3.145453598300742004e-01,3.337668710490062085e-01,4.308551925191093090e-01,0.000000000000000000e+00,4.294256936602198760e-01,3.860552706504580822e-01,4.169230718652390810e-01,4.117405286031428080e-01,3.755644248930317119e-01,3.521844942363999142e-01,3.365388029019015237e-01,0.000000000000000000e+00,4.415203040594137818e-01,4.383616829753789745e-01,4.358616699385585158e-01,4.118961860285528243e-01,4.186060983791740076e-01,4.271658269095178762e-01,4.308838659597998277e-01,4.335432635587450068e-01,3.987142320309192134e-01,4.185424618555511067e-01,4.133094229134349207e-01,4.316633503306532837e-01,3.748629142954253979e-01,4.252759233599521793e-01,0.000000000000000000e+00,4.231843578092531200e-01,3.841085689391459113e-01,3.719959054808567034e-01,4.003779880168831795e-01,3.803216024727779088e-01,3.278741271515833167e-01,3.206078257551521760e-01,3.780625344110944974e-01,4.619720418897241832e-01,0.000000000000000000e+00,5.067350197504122411e-01,0.000000000000000000e+00,4.671968402732704084e-01,0.000000000000000000e+00,0.000000000000000000e+00,0.000000000000000000e+00,0.000000000000000000e+00,5.197724015791761465e-01,0.000000000000000000e+00,4.980213326620693826e-01,5.045196560892994952e-01,4.989562684674381243e-01,4.662737647691911902e-01,5.200637330764258381e-01,0.000000000000000000e+00,4.850679590719538248e-01,3.481665764743053226e-01,5.000718370412936542e-01,0.000000000000000000e+00,0.000000000000000000e+00,0.000000000000000000e+00,0.000000000000000000e+00,0.000000000000000000e+00,5.094780698921466122e-01,0.000000000000000000e+00,0.000000000000000000e+00,0.000000000000000000e+00,5.076287712301870148e-01,0.000000000000000000e+00,0.000000000000000000e+00,0.000000000000000000e+00,4.984535142448596190e-01,4.951066571616770107e-01,4.701741468156426240e-01,0.000000000000000000e+00,5.094819903867964239e-01
4.553168986371077809e-01,4.498574461090886767e-01,4.687154352555786274e-01,3.073308874910585242e-01,4.046125719009767141e-01,4.340733965525264137e-01,4.294256936602198760e-01,0.000000000000000000e+00,5.116060333608838384e-01,4.757657853916479884e-01,3.697201108749665899e-01,4.882309998220831226e-01,4.304528523204956270e-01,3.311937921722512002e-01,3.906591787539133165e-01,4.504784108530328068e-01,0.000000000000000000e+00,4.803181627109028851e-01,4.602277313495474198e-01,4.009515443431215798e-01,3.712933634212445821e-01,4.087126646033544808e-01,3.701825572027988009e-01,4.904026339238827803e-01,4.799165172490483799e-01,4.867442507169061905e-01,4.430202796073168803e-01,4.263391827582965754e-01,3.860482579539191161e-01,4.060478881207251756e-01,4.504595141447322870e-01,3.507217057962870865e-01,4.641380575471716896e-01,4.482341312754000162e-01,0.000000000000000000e+00,2.827151306740846026e-01,2.631179969592775114e-01,4.796882710581389930e-01,4.384834472810751893e-01,0.000000000000000000e+00,4.919943671235912919e-01,0.000000000000000000e+00,0.000000000000000000e+00,0.000000000000000000e+00,0.000000000000000000e+00,0.000000000000000000e+00,0.000000000000000000e+00,4.900328276802066729e-01,0.000000000000000000e+00,4.665685198785218257e-01,4.644974364508416276e-01,4.617009481373428037e-01,3.091106303451975901e-01,5.056238629662069828e-01,4.829427697771220829e-01,4.779602166856484757e-01,0.000000000000000000e+00,4.611080921521403808e-01,0.000000000000000000e+00,4.340029508199438890e-01,0.000000000000000000e+00,0.000000000000000000e+00,0.000000000000000000e+00,5.048477376368488700e-01,0.000000000000000000e+00,0.000000000000000000e+00,0.000000000000000000e+00,4.486681664019572802e-01,0.000000000000000000e+00,4.461518881982413087e-01,0.000000000000000000e+00,4.576990014550978980e-01,4.663035236852401955e-01,4.670021902811716807e-01,0.000000000000000000e+00,4.870690213458415130e-01
0.000000000000000000e+00,3.814519045933454922e-01,2.884445460626018920e-01,4.069557307629292908e-01,3.504423351019381183e-01,3.374176808357780000e-01,3.860552706504580822e-01,5.116060333608838384e-01,0.000000000000000000e+00,4.624857352521867249e-01,3.363167120326603921e-01,4.326436927959966261e-01,3.573442890965273788e-01,4.491092151936291743e-01,0.000000000000000000e+00,0.000000000000000000e+00,4.699261864589971971e-01,4.777032223383835818e-01,2.762246871302150852e-01,0.000000000000000000e+00,0.000000000000000000e+00,4.059077642813306852e-01,4.243866772564228729e-01,4.408775593470783960e-01,4.769836484121532938e-01,4.750728026477863963e-01,3.892956339811367017e-01,4.589783243751945907e-01,4.387410975161251114e-01,4.637315100884487062e-01,4.814684126611317727e-01,4.406519587292923035e-01,4.238106130711766228e-01,4.676101452641919787e-01,4.557761580868340268e-01,4.273123069982407984e-01,4.376926222772594133e-01,4.315330693203590084e-01,4.485922199110137787e-01,0.000000000000000000e+00,5.073581934184051567e-01,4.251208525113577275e-01,5.181446105919730316e-01,4.030123767578681071e-01,0.000000000000000000e+00,0.000000000000000000e+00,0.000000000000000000e+00,5.627156732369497094e-01,0.000000000000000000e+00,5.267186330877086098e-01,5.343354634482118115e-01,5.284119090730139412e-01,5.493914025108971311e-01,5.548861555538584511e-01,0.000000000000000000e+00,5.361940357629124687e-01,4.137177061144671764e-01,5.213710471999544183e-01,5.107663903355444956e-01,0.000000000000000000e+00,0.000000000000000000e+00,0.000000000000000000e+00,0.000000000000000000e+00,5.573158934318094282e-01,0.000000000000000000e+00,0.000000000000000000e+00,0.000000000000000000e+00,5.539799839806980319e-01,0.000000000000000000e+00,0.000000000000000000e+00,0.000000000000000000e+00,5.416616733817266605e-01,5.131802694672131793e-01,4.613087603917669921e-01,0.000000000000000000e+00,5.239896386104393455e-01
4.402609536487284148e-01,4.422733730947561726e-01,4.501163475107857193e-01,2.312584966421127042e-01,4.244444754876606218e-01,4.655081598676099053e-01,4.169230718652390810e-01,4.757657853916479884e-01,4.624857352521867249e-01,0.000000000000000000e+00,4.458266491961683786e-01,2.999129594147215139e-01,4.206001362451642911e-01,4.010859249162985751e-01,0.000000000000000000e+00,0.000000000000000000e+00,3.301374693122305914e-01,3.594570528396280884e-01,4.455609092245492731e-01,0.000000000000000000e+00,4.711765567749264805e-01,4.539884531607999985e-01,4.425042314039948077e-01,3.419178224004711941e-01,3.510434458128149915e-01,3.427843969812213176e-01,4.459552212106799862e-01,4.104690991497735864e-01,4.249446120878150879e-01,0.000000000000000000e+00,3.432341692547363210e-01,3.382369495746964105e-01,3.163524778831803830e-01,3.500442702075474144e-01,3.237909739367005879e-01,3.213541311463812833e-01,2.903688063768067873e-01,2.929742617562267060e-01,3.030525174307832081e-01,3.997740451376716742e-01,3.845905753196098842e-01,4.941875115778743832e-01,0.000000000000000000e+00,0.000000000000000000e+00,3.710601325789054106e-01,4.460399024272360124e-01,0.000000000000000000e+00,0.000000000000000000e+00,0.000000000000000000e+00,0.000000000000000000e+00,4.829292500623442730e-01,0.000000000000000000e+00,0.000000000000000000e+00,0.000000000000000000e+00,4.873041219753678210e-01,0.000000000000000000e+00,4.753274867023074002e-01,4.415059732728529029e-01,0.000000000000000000e+00,0.000000000000000000e+00,0.000000000000000000e+00,4.746963942042913831e-01,4.334888960933966917e-01,0.000000000000000000e+00,0.000000000000000000e+00,4.644258804382493944e-01,0.000000000000000000e+00,4.820647782184240837e-01,4.476339408162954836e-01,4.749781419099998736e-01,4.847641102069807917e-01,4.839274199048710923e-01,4.375004220850887138e-01,0.000000000000000000e+00,0.000000000000000000e+00,4.412973916291234033e-01
0.000000000000000000e+00,0.000000000000000000e+00,3.135205215578920068e-01,3.584684877332746100e-01,3.315644942637582804e-01,3.838105999191764872e-01,4.117405286031428080e-01,3.697201108749665899e-01,3.363167120326603921e-01,4.458266491961683786e-01,0.000000000000000000e+00,4.181125587270478894e-01,4.244423907706089127e-01,3.131442177789723891e-01,0.000000000000000000e+00,0.000000000000000000e+00,4.548528367329469080e-01,4.631057510658200815e-01,2.554492181178976140e-01,0.000000000000000000e+00,0.000000000000000000e+00,0.000000000000000000e+00,2.912693839769496806e-01,4.276752230473218064e-01,4.618477796105898148e-01,4.646095999184308156e-01,3.740086938334599154e-01,4.373919593920753135e-01,0.000000000000000000e+00,0.000000000000000000e+00,4.647052629149894809e-01,3.797437754367719021e-01,3.925478127085719193e-01,4.439237436469459230e-01,4.222535404044174823e-01,2.896095097067312163e-01,4.107297821102389723e-01,4.066867446811323061e-01,4.252993334449031160e-01,0.000000000000000000e+00,0.000000000000000000e+00,0.000000000000000000e+00,4.376581478768704070e-01,0.000000000000000000e+00,0.000000000000000000e+00,0.000000000000000000e+00,0.000000000000000000e+00,2.947517154964217068e-01,0.000000000000000000e+00,4.798424326973377840e-01,5.007850953376297154e-01,4.784621949922902018e-01,4.887005432658517723e-01,5.125442488017584175e-01,0.000000000000000000e+00,2.443061265679769001e-01,3.707366509952356171e-01,4.715124503416713853e-01,0.000000000000000000e+00,0.000000000000000000e+00,0.000000000000000000e+00,0.000000000000000000e+00,0.000000000000000000e+00,1.950651983712516913e-01,0.000000000000000000e+00,0.000000000000000000e+00,0.000000000000000000e+00,5.140498565246026663e-01,0.000000000000000000e+00,0.000000000000000000e+00,0.000000000000000000e+00,5.060576809405515908e-01,4.815498174049285818e-01,0.000000000000000000e+00,0.000000000000000000e+00,0.000000000000000000e+00
4.123951875650299081e-01,3.659692816312778985e-01,4.199203991683636006e-01,2.507079702761312867e-01,3.903425182547312078e-01,4.284858211522736271e-01,3.755644248930317119e-01,4.882309998220831226e-01,4.326436927959966261e-01,2.999129594147215139e-01,4.181125587270478894e-01,0.000000000000000000e+00,3.854426457340185963e-01,3.700380318847735217e-01,0.000000000000000000e+00,0.000000000000000000e+00,3.603826801708844840e-01,3.915363889429875899e-01,4.155997001716669748e-01,3.964160763926590225e-01,4.632868774743097995e-01,4.044373365480403160e-01,4.415888886930853241e-01,2.947232151980370141e-01,3.574543223835985883e-01,3.521875020166517212e-01,4.025166831024785119e-01,3.615407127885715832e-01,3.276846337270125087e-01,0.000000000000000000e+00,3.448689233486613159e-01,2.356767109645913072e-01,2.981870848978954158e-01,2.287969892937359861e-01,2.800403039385381820e-01,2.634707422832741064e-01,2.837754038135644197e-01,2.125534360745723050e-01,2.250665009076615874e-01,3.462627114388138749e-01,2.284314662981833943e-01,2.854686471964081873e-01,2.456803139410843884e-01,2.334763094119340077e-01,4.026932100309352780e-01,4.391368925571442206e-01,0.000000000000000000e+00,0.000000000000000000e+00,2.309632353034934138e-01,3.576475218127114775e-01,0.000000000000000000e+00,3.073324919847736925e-01,0.000000000000000000e+00,0.000000000000000000e+00,4.875768138066771118e-01,3.873811066150664728e-01,4.721287024498764806e-01,3.287184030707901994e-01,0.000000000000000000e+00,0.000000000000000000e+00,0.000000000000000000e+00,4.695494700646963837e-01,4.512619409343365806e-01,0.000000000000000000e+00,0.000000000000000000e+00,0.000000000000000000e+00,0.000000000000000000e+00,4.202424801388611741e-01,4.426282294044550092e-01,4.740273410251764075e-01,4.751406249803550863e-01,3.926609182802727194e-01,3.096932499685542961e-01,3.527095893358428991e-01,0.000000000000000000e+00,4.263332749765952889e-01
4.438375228111798854e-01,4.161838698020938199e-01,4.491742134705731804e-01,2.984886119870505117e-01,3.677058832048158976e-01,4.173907134330782087e-01,3.521844942363999142e-01,4.304528523204956270e-01,3.573442890965273788e-01,4.206001362451642911e-01,4.244423907706089127e-01,3.854426457340185963e-01,0.000000000000000000e+00,3.437496607061433229e-01,4.198322801224644851e-01,4.501393841120581163e-01,4.306697149208951747e-01,4.492134117332692855e-01,4.380468781696761904e-01,4.286527094021043149e-01,4.333965508566399172e-01,4.438149664589368104e-01,4.358992121277874277e-01,3.996764791382261817e-01,4.396998270392976083e-01,4.380738139588685187e-01,4.331055329833540246e-01,3.440846026206563768e-01,4.013592280225584119e-01,4.087982620079256835e-01,4.071679374705389765e-01,3.943246992746067825e-01,3.868057254931355771e-01,3.980868355110855905e-01,3.756004187687498885e-01,3.278628485076380827e-01,3.230536108698494058e-01,3.742052567132738150e-01,3.851691494293605911e-01,3.753665275181053973e-01,3.966702965324016006e-01,3.743397220149725091e-01,4.027892754835241118e-01,3.464916488870977140e-01,0.000000000000000000e+00,0.000000000000000000e+00,4.483105763663496890e-01,5.142575161000297879e-01,0.000000000000000000e+00,4.902461239172787866e-01,4.908999609434400724e-01,4.901115206314721751e-01,4.643696306192626744e-01,5.135846964681828331e-01,4.542470518344804975e-01,4.821897456926061976e-01,3.715984813209254889e-01,4.790450747780453100e-01,0.000000000000000000e+00,4.760509288884829937e-01,0.000000000000000000e+00,0.000000000000000000e+00,4.786066348051408736e-01,5.087526376170469211e-01,4.627370474732344086e-01,0.000000000000000000e+00,4.521023688054907064e-01,4.963534063282368791e-01,0.000000000000000000e+00,4.749021109777882832e-01,4.703597474184412763e-01,4.902150156598366060e-01,4.821326559847897153e-01,4.745028558014732223e-01,0.000000000000000000e+00,4.969485790786178914e-01
0.000000000000000000e+00,0.000000000000000000e+00,4.349187369902067224e-01,2.680238122556343194e-01,2.998147541003184924e-01,4.345279044677156088e-01,3.365388029019015237e-01,3.311937921722512002e-01,4.491092151936291743e-01,4.010859249162985751e-01,3.131442177789723891e-01,3.700380318847735217e-01,3.437496607061433229e-01,0.000000000000000000e+00,0.000000000000000000e+00,0.000000000000000000e+00,0.000000000000000000e+00,0.000000000000000000e+00,4.007749035233306167e-01,0.000000000000000000e+00,4.264048142987170165e-01,0.000000000000000000e+00,3.845862435219337128e-01,4.837193450020874086e-01,4.408166106369291182e-01,0.000000000000000000e+00,4.484444654303468836e-01,2.852488425319060217e-01,0.000000000000000000e+00,0.000000000000000000e+00,4.087426722958433234e-01,2.416223803716902874e-01,0.000000000000000000e+00,3.845697259259073242e-01,3.540017075437753014e-01,2.011180063073094992e-01,1.959282623395764977e-01,3.693750175867350216e-01,0.000000000000000000e+00,0.000000000000000000e+00,0.000000000000000000e+00,0.000000000000000000e+00,0.000000000000000000e+00,0.000000000000000000e+00,0.000000000000000000e+00,0.000000000000000000e+00,0.000000000000000000e+00,4.577482807447211255e-01,0.000000000000000000e+00,0.000000000000000000e+00,4.906855233808152805e-01,0.000000000000000000e+00,0.000000000000000000e+00,4.773130987856363250e-01,0.000000000000000000e+00,4.523665679113171856e-01,0.000000000000000000e+00,0.000000000000000000e+00,0.000000000000000000e+00,0.000000000000000000e+00,0.000000000000000000e+00,0.000000000000000000e+00,0.000000000000000000e+00,0.000000000000000000e+00,0.000000000000000000e+00,0.000000000000000000e+00,0.000000000000000000e+00,4.883519333263712792e-01,0.000000000000000000e+00,0.000000000000000000e+00,0.000000000000000000e+00,4.803105663769384193e-01,0.000000000000000000e+00,0.000000000000000000e+00,0.000000000000000000e+00,0.000000000000000000e+00
3.639664711399380193e-01,4.101695854525304052e-01,0.000000000000000000e+00,0.000000000000000000e+00,0.000000000000000000e+00,4.246849812772506838e-01,0.000000000000000000e+00,3.906591787539133165e-01,0.000000000000000000e+00,0.000000000000000000e+00,0.000000000000000000e+00,0.000000000000000000e+00,4.198322801224644851e-01,0.000000000000000000e+00,0.000000000000000000e+00,4.260267844169313145e-01,0.000000000000000000e+00,4.206401384465823234e-01,0.000000000000000000e+00,3.470803388827221059e-01,3.886092767178245255e-01,3.525230064533774188e-01,3.694475135396615983e-01,4.466308382240014030e-01,4.026423632933864849e-01,3.310795158751627110e-01,3.977378501188618132e-01,4.168948698711070766e-01,3.967717824576202923e-01,4.180775385855228787e-01,4.050890621572715844e-01,4.222628137638286261e-01,4.021245723779349746e-01,4.121865638546421962e-01,4.487440643515627214e-01,4.704350089153274128e-01,0.000000000000000000e+00,0.000000000000000000e+00,4.642564272860730257e-01,5.056909942215492837e-01,4.927554316038758042e-01,5.137669858326260330e-01,0.000000000000000000e+00,0.000000000000000000e+00,0.000000000000000000e+00,0.000000000000000000e+00,5.165373438642336668e-01,4.855599748241067881e-01,0.000000000000000000e+00,0.000000000000000000e+00,4.772647454655993271e-01,0.000000000000000000e+00,4.944313744554161838e-01,0.000000000000000000e+00,0.000000000000000000e+00,0.000000000000000000e+00,0.000000000000000000e+00,4.614418833939025744e-01,0.000000000000000000e+00,4.823994629126334144e-01,4.748450852396051136e-01,0.000000000000000000e+00,0.000000000000000000e+00,0.000000000000000000e+00,4.831126980475685118e-01,4.649712635059760069e-01,5.034546694990971183e-01,4.879741005002576903e-01,0.000000000000000000e+00,4.504986381107833893e-01,5.231447745892221501e-01,5.007997694105132958e-01,4.786848611798011910e-01,4.784104935632663147e-01,4.904925288501191250e-01,4.805230969649074146e-01
4.315872883991189735e-01,4.403839116490184113e-01,0.000000000000000000e+00,0.000000000000000000e+00,0.000000000000000000e+00,4.287252493730885905e-01,4.415203040594137818e-01,4.504784108530328068e-01,0.000000000000000000e+00,0.000000000000000000e+00,0.000000000000000000e+00,0.000000000000000000e+00,4.501393841120581163e-01,0.000000000000000000e+00,4.260267844169313145e-01,0.000000000000000000e+00,3.820618058819437168e-01,3.653100765913191994e-01,0.000000000000000000e+00,4.084011982794508167e-01,4.194127627329630736e-01,4.081682297066310805e-01,4.188410462614011176e-01,0.000000000000000000e+00,4.536970781824427035e-01,4.329206364687052111e-01,4.229697252705298949e-01,4.351532562405808768e-01,4.207221826198225823e-01,4.223147517623874747e-01,3.816250788959086870e-01,4.310257940781199726e-01,3.921095260739471122e-01,3.908195819001388793e-01,4.201413372846858896e-01,0.000000000000000000e+00,0.000000000000000000e+00,0.000000000000000000e+00,4.587183601207979744e-01,4.334804712954284933e-01,4.278935978738758750e-01,0.000000000000000000e+00,0.000000000000000000e+00,0.000000000000000000e+00,0.000000000000000000e+00,4.738260982755581052e-01,4.749553051852318797e-01,0.000000000000000000e+00,0.000000000000000000e+00,0.000000000000000000e+00,4.365651267196885010e-01,0.000000000000000000e+00,0.000000000000000000e+00,0.000000000000000000e+00,0.000000000000000000e+00,0.000000000000000000e+00,0.000000000000000000e+00,4.529447132761347805e-01,0.000000000000000000e+00,4.727332047143776861e-01,4.642144588454654164e-01,0.000000000000000000e+00,4.484639689617557212e-01,0.000000000000000000e+00,4.530403480378252246e-01,4.705608027370248858e-01,4.572341479161581845e-01,4.843244165073529173e-01,0.000000000000000000e+00,4.643173442008877161e-01,4.894146512253214065e-01,4.721941164765540155e-01,4.855498986663063787e-01,4.560614291033436851e-01,0.000000000000000000e+00,4.227814184149473742e-01
0.000000000000000000e+00,0.000000000000000000e+00,0.000000000000000000e+00,0.000000000000000000e+00,4.337952339808830993e-01,4.747427460344090799e-01,4.383616829753789745e-01,0.000000000000000000e+00,4.699261864589971971e-01,3.301374693122305914e-01,4.548528367329469080e-01,3.603826801708844840e-01,4.306697149208951747e-01,0.000000000000000000e+00,0.000000000000000000e+00,3.820618058819437168e-01,0.000000000000000000e+00,3.070676136160577774e-01,4.574554921536186924e-01,0.000000000000000000e+00,0.000000000000000000e+00,3.447688768765703182e-01,4.563547276414158804e-01,3.727209805183083202e-01,3.615782971251025879e-01,3.775670009609460864e-01,4.547450362724843043e-01,4.276406502847884261e-01,0.000000000000000000e+00,0.000000000000000000e+00,3.516496368598591160e-01,4.277000228197108123e-01,3.650958557081487865e-01,3.735491359689869229e-01,3.854161334534835781e-01,4.229588407962973085e-01,0.000000000000000000e+00,3.435081560485228058e-01,0.000000000000000000e+00,4.146614955983515816e-01,0.000000000000000000e+00,0.000000000000000000e+00,0.000000000000000000e+00,0.000000000000000000e+00,0.000000000000000000e+00,0.000000000000000000e+00,0.000000000000000000e+00,0.000000000000000000e+00,0.000000000000000000e+00,0.000000000000000000e+00,0.000000000000000000e+00,0.000000000000000000e+00,0.000000000000000000e+00,0.000000000000000000e+00,4.942657755668892761e-01,0.000000000000000000e+00,4.954184700153145271e-01,0.000000000000000000e+00,0.000000000000000000e+00,0.000000000000000000e+00,0.000000000000000000e+00,4.577516324917546009e-01,4.442754724281106071e-01,0.000000000000000000e+00,0.000000000000000000e+00,0.000000000000000000e+00,0.000000000000000000e+00,0.000000000000000000e+00,0.000000000000000000e+00,4.582020418244939219e-01,4.764313810522731174e-01,0.000000000000000000e+00,0.000000000000000000e+00,0.000000000000000000e+00,0.000000000000000000e+00,0.000000000000000000e+00
4.350445325407711894e-01,4.372119772120374726e-01,4.700382599412117890e-01,0.000000000000000000e+00,4.563306454240457777e-01,4.761535798723703916e-01,4.358616699385585158e-01,4.803181627109028851e-01,4.777032223383835818e-01,3.594570528396280884e-01,4.631057510658200815e-01,3.915363889429875899e-01,4.492134117332692855e-01,0.000000000000000000e+00,4.206401384465823234e-01,3.653100765913191994e-01,3.070676136160577774e-01,0.000000000000000000e+00,0.000000000000000000e+00,4.071233731456690985e-01,4.196619072325014077e-01,4.150965779366587727e-01,4.418114513908564800e-01,4.083900645918268069e-01,3.960293227813472816e-01,4.168439962989752834e-01,4.371503517373462877e-01,4.378969962818005102e-01,4.183749433394245987e-01,4.404975506735028246e-01,3.955316761216612909e-01,4.363719683565038809e-01,3.894071240921613275e-01,3.998152685334367962e-01,4.214524938509275898e-01,4.481796982459799183e-01,0.000000000000000000e+00,3.547302220934511752e-01,4.479286060783502221e-01,4.384964774931329745e-01,4.446122010815191095e-01,4.751790003419539832e-01,0.000000000000000000e+00,0.000000000000000000e+00,0.000000000000000000e+00,4.731565136926881854e-01,4.708105410656033829e-01,0.000000000000000000e+00,0.000000000000000000e+00,0.000000000000000000e+00,4.490842810420487274e-01,0.000000000000000000e+00,0.000000000000000000e+00,0.000000000000000000e+00,4.635068710087614785e-01,0.000000000000000000e+00,4.619228962271629824e-01,0.000000000000000000e+00,0.000000000000000000e+00,0.000000000000000000e+00,4.635071843029677230e-01,4.570949696880221014e-01,4.445898423428564783e-01,0.000000000000000000e+00,4.246137431315676891e-01,0.000000000000000000e+00,4.445441450977042908e-01,0.000000000000000000e+00,4.546425416840325084e-01,4.572625537822213038e-01,4.783215176736569929e-01,0.000000000000000000e+00,0.000000000000000000e+00,4.575654900732054053e-01,0.000000000000000000e+00,4.432643675995753818e-01
0.000000000000000000e+00,0.000000000000000000e+00,2.441981376799463865e-01,4.019780652737945936e-01,3.506418359197556178e-01,4.350397374030944841e-01,4.118961860285528243e-01,4.602277313495474198e-01,2.762246871302150852e-01,4.455609092245492731e-01,2.554492181178976140e-01,4.155997001716669748e-01,4.380468781696761904e-01,4.007749035233306167e-01,0.000000000000000000e+00,0.000000000000000000e+00,4.574554921536186924e-01,0.000000000000000000e+00,0.000000000000000000e+00,0.000000000000000000e+00,0.000000000000000000e+00,0.000000000000000000e+00,2.731163464550305231e-01,4.662876031146803157e-01,4.743440183567004809e-01,4.678733352478626206e-01,3.648148439886721994e-01,4.475683459201201253e-01,0.000000000000000000e+00,0.000000000000000000e+00,4.709203923702204864e-01,4.184077030072361203e-01,0.000000000000000000e+00,4.588829995861088973e-01,4.521728303706766261e-01,3.860582914859930215e-01,4.395124863949619876e-01,0.000000000000000000e+00,4.686927968782422793e-01,0.000000000000000000e+00,0.000000000000000000e+00,0.000000000000000000e+00,5.079287141120563120e-01,4.184610894001413728e-01,0.000000000000000000e+00,0.000000000000000000e+00,0.000000000000000000e+00,5.184874797699879911e-01,0.000000000000000000e+00,5.199416667427615435e-01,5.238378627469776339e-01,5.267685681983872437e-01,5.312271645658568353e-01,5.496037041294986603e-01,0.000000000000000000e+00,5.222408637807578469e-01,0.000000000000000000e+00,5.104136011257925931e-01,5.176857121285002306e-01,0.000000000000000000e+00,0.000000000000000000e+00,0.000000000000000000e+00,0.000000000000000000e+00,3.012686880433080860e-01,0.000000000000000000e+00,0.000000000000000000e+00,0.000000000000000000e+00,5.414660723439914669e-01,0.000000000000000000e+00,0.000000000000000000e+00,0.000000000000000000e+00,5.328131232709577558e-01,5.144331444463534631e-01,0.000000000000000000e+00,0.000000000000000000e+00,0.000000000000000000e+00
4.233932463081466202e-01,3.951057731628562220e-01,0.000000000000000000e+00,0.000000000000000000e+00,3.994508398529619253e-01,4.020311356495478994e-01,4.186060983791740076e-01,4.009515443431215798e-01,0.000000000000000000e+00,0.000000000000000000e+00,0.000000000000000000e+00,3.964160763926590225e-01,4.286527094021043149e-01,0.000000000000000000e+00,3.470803388827221059e-01,4.084011982794508167e-01,0.000000000000000000e+00,4.071233731456690985e-01,0.000000000000000000e+00,0.000000000000000000e+00,4.212854269363738857e-01,3.615471084147571790e-01,3.092575710261930011e-01,4.051869782063157732e-01,3.890201737843139163e-01,4.147886010086413999e-01,3.421889121088879104e-01,4.011786251479553811e-01,3.451855714767602112e-01,3.026919265347984833e-01,3.818767304574139931e-01,4.171492776630013055e-01,3.724719141942544054e-01,4.058126403556184814e-01,4.401269869062309770e-01,4.722260031002114000e-01,4.344491757722309111e-01,4.387786984443665106e-01,4.300217454387114113e-01,4.474432169877717858e-01,4.630388942960849130e-01,4.783549895341249747e-01,3.700588789936767875e-01,0.000000000000000000e+00,0.000000000000000000e+00,0.000000000000000000e+00,4.515933523490764934e-01,4.944361044551234818e-01,0.000000000000000000e+00,0.000000000000000000e+00,4.678828179697991918e-01,4.473693060196187177e-01,4.976311647997879728e-01,4.359386148074148037e-01,0.000000000000000000e+00,0.000000000000000000e+00,0.000000000000000000e+00,4.481015876940606102e-01,0.000000000000000000e+00,4.726169850058686839e-01,4.624304197694111829e-01,0.000000000000000000e+00,0.000000000000000000e+00,0.000000000000000000e+00,4.663515911444455764e-01,4.635517543464733881e-01,4.670265581753730855e-01,4.895043616385681973e-01,0.000000000000000000e+00,4.430666357038344216e-01,4.685937811765140126e-01,4.936221916108655128e-01,4.790208455095055218e-01,4.656612778908845174e-01,4.757971679779388063e-01,4.615414906802289829e-01
3.545570755121258966e-01,4.041015884159731009e-01,4.647939054309542795e-01,0.000000000000000000e+00,3.973171131014304747e-01,4.128983103006311217e-01,4.271658269095178762e-01,3.712933634212445821e-01,0.000000000000000000e+00,4.711765567749264805e-01,0.000000000000000000e+00,4.632868774743097995e-01,4.333965508566399172e-01,4.264048142987170165e-01,3.886092767178245255e-01,4.194127627329630736e-01,0.000000000000000000e+00,4.196619072325014077e-01,0.000000000000000000e+00,4.212854269363738857e-01,0.000000000000000000e+00,4.179726894672782245e-01,3.590822956468202043e-01,4.591513714687284198e-01,4.157107961464938106e-01,4.272577118630169202e-01,4.119581075148612825e-01,4.463437761125113035e-01,3.979985836223652873e-01,4.693607316369947102e-01,3.798190969523895788e-01,3.969397270540255263e-01,3.872624525047080879e-01,3.818705142131835761e-01,4.372967575479240754e-01,3.883276117301899810e-01,0.000000000000000000e+00,4.692422268771824223e-01,4.762813309527769157e-01,4.866041983055939268e-01,4.921670556068419855e-01,0.000000000000000000e+00,0.000000000000000000e+00,0.000000000000000000e+00,0.000000000000000000e+00,3.962642246466531182e-01,5.006852607741527628e-01,0.000000000000000000e+00,0.000000000000000000e+00,0.000000000000000000e+00,4.766553633218981179e-01,0.000000000000000000e+00,4.372883395443656895e-01,0.000000000000000000e+00,0.000000000000000000e+00,0.000000000000000000e+00,0.000000000000000000e+00,0.000000000000000000e+00,0.000000000000000000e+00,4.559728790568132739e-01,4.677302758439557118e-01,0.000000000000000000e+00,0.000000000000000000e+00,0.000000000000000000e+00,4.737377344665533729e-01,4.262966511198337249e-01,4.875900003673233063e-01,4.708441442049137171e-01,0.000000000000000000e+00,4.479749411433758266e-01,4.996801892299000958e-01,4.966281588507233113e-01,4.868502892191560738e-01,4.763348013611051202e-01,5.107904546934100010e-01,5.003351712965685705e-01
