0.000000000000000000e+00,4.001702777325353844e-01,4.169352586233576186e-01,0.000000000000000000e+00,4.151703818041220795e-01,3.866686925611488856e-01,4.327035503479406131e-01,5.075761395415685495e-01,3.783292891899788790e-01,3.987507374904546986e-01,0.000000000000000000e+00,3.852091104803662125e-01,4.289653845335218985e-01,0.000000000000000000e+00,3.953474737928306948e-01,3.899311421368922836e-01,4.014432589245928162e-01,3.817744975085450854e-01,0.000000000000000000e+00,4.394641263875729842e-01,4.581527402452186259e-01,4.062226608638155878e-01,4.483941330801056724e-01,3.618848428250215910e-01,3.631925844510573986e-01,3.695120091287881769e-01,4.017018535550885838e-01,4.200569277956012204e-01,4.097065276613595097e-01,0.000000000000000000e+00,3.531912919929773853e-01,4.060210636869687195e-01,3.079221677354971876e-01,3.506864801355569217e-01,3.976521681818329101e-01,0.000000000000000000e+00,0.000000000000000000e+00,0.000000000000000000e+00,4.394604663137482992e-01,3.897108216526096736e-01,4.090926434374412834e-01,4.772725727337949198e-01,0.000000000000000000e+00,0.000000000000000000e+00,0.000000000000000000e+00,3.460017218517777993e-01,4.524519648742488798e-01,0.000000000000000000e+00,0.000000000000000000e+00,0.000000000000000000e+00,4.304611920558086835e-01,0.000000000000000000e+00,0.000000000000000000e+00,0.000000000000000000e+00,0.000000000000000000e+00,0.000000000000000000e+00,0.000000000000000000e+00,4.697253008545070885e-01,0.000000000000000000e+00,0.000000000000000000e+00,4.378276036778017133e-01,0.000000000000000000e+00,4.226783083099409088e-01,0.000000000000000000e+00,4.260660210761079147e-01,3.232502948643096174e-01,4.561217606889851894e-01,4.533404864603263196e-01,0.000000000000000000e+00,4.271666264395885815e-01,4.561884099717847252e-01,0.000000000000000000e+00,0.000000000000000000e+00,4.508103649857584938e-01,0.000000000000000000e+00,4.061090065900428980e-01
4.001702777325353844e-01,0.000000000000000000e+00,3.957373835658846151e-01,0.000000000000000000e+00,4.565483203195426776e-01,4.120953796972930960e-01,4.668900833572151021e-01,4.446754744830102024e-01,4.029793000747091125e-01,3.706265004823436904e-01,0.000000000000000000e+00,3.725240621992336743e-01,4.631449856527630748e-01,0.000000000000000000e+00,4.165756267271191193e-01,4.118881765825589958e-01,3.877324218612954176e-01,3.979561326659196152e-01,0.000000000000000000e+00,4.347844546228650242e-01,4.229644275034392109e-01,3.771121913962454109e-01,4.094301438831883244e-01,3.817296421897912184e-01,3.627545724060090016e-01,3.908711122953347217e-01,4.122484959770185142e-01,4.607363822881719861e-01,4.339029812581616796e-01,0.000000000000000000e+00,3.738817747731104091e-01,4.279070971530041234e-01,3.423320958368660794e-01,3.868746381324468797e-01,4.274132531771563936e-01,4.946497569558023777e-01,0.000000000000000000e+00,0.000000000000000000e+00,4.466846759703073100e-01,4.198226820962476791e-01,4.356358360934365903e-01,4.729762900834075801e-01,0.000000000000000000e+00,0.000000000000000000e+00,0.000000000000000000e+00,4.432798311982134032e-01,4.497798191603005757e-01,0.000000000000000000e+00,0.000000000000000000e+00,0.000000000000000000e+00,4.377280995592461865e-01,4.591444366741784244e-01,0.000000000000000000e+00,0.000000000000000000e+00,0.000000000000000000e+00,0.000000000000000000e+00,0.000000000000000000e+00,4.648582226363183190e-01,0.000000000000000000e+00,4.746011924768337997e-01,4.418380380654852169e-01,0.000000000000000000e+00,4.314685346731714777e-01,0.000000000000000000e+00,4.508951211806936921e-01,4.841364186743464249e-01,4.650529203236763998e-01,4.556823746523502860e-01,0.000000000000000000e+00,4.313843794567762124e-01,4.641577992693250998e-01,4.503954626380711757e-01,4.444480541627691128e-01,4.526202850267244115e-01,0.000000000000000000e+00,4.236620822953703902e-01
4.169352586233576186e-01,3.957373835658846151e-01,0.000000000000000000e+00,4.042806348950193085e-01,3.896251494769740753e-01,3.791276645836508252e-01,4.277631996761763755e-01,4.552705020394057778e-01,3.266735037194076208e-01,4.409001233254821739e-01,3.047675154415698251e-01,4.378797183421050954e-01,4.406495754094014727e-01,4.153060571404562085e-01,0.000000000000000000e+00,0.000000000000000000e+00,0.000000000000000000e+00,4.323400449480345742e-01,2.527801980684464267e-01,0.000000000000000000e+00,3.540368269442167870e-01,3.853486031967903735e-01,3.197589346833368817e-01,0.000000000000000000e+00,4.320011970051815808e-01,3.850420116284584138e-01,3.158949962186363147e-01,4.465207027202245937e-01,3.811556244534962112e-01,4.479920130171214931e-01,4.481983889740077109e-01,4.169444478002116150e-01,0.000000000000000000e+00,4.540226706641565801e-01,4.341708826029905266e-01,4.031383206189471102e-01,4.220789552094788011e-01,0.000000000000000000e+00,5.079011961251208573e-01,0.000000000000000000e+00,0.000000000000000000e+00,4.993389989981574240e-01,5.108582736119695600e-01,0.000000000000000000e+00,0.000000000000000000e+00,0.000000000000000000e+00,0.000000000000000000e+00,3.707752252308176844e-01,0.000000000000000000e+00,5.102863285539648297e-01,5.328490868457540497e-01,5.249648301897686942e-01,5.131383353066351072e-01,5.369037351100358624e-01,0.000000000000000000e+00,3.323762999038705201e-01,0.000000000000000000e+00,5.105691123862076131e-01,4.898002274597988981e-01,0.000000000000000000e+00,0.000000000000000000e+00,0.000000000000000000e+00,0.000000000000000000e+00,3.857252392659570872e-01,0.000000000000000000e+00,0.000000000000000000e+00,0.000000000000000000e+00,5.383396805882633140e-01,0.000000000000000000e+00,0.000000000000000000e+00,0.000000000000000000e+00,5.311799727412701566e-01,4.949246144389006230e-01,0.000000000000000000e+00,0.000000000000000000e+00,0.000000000000000000e+00
0.000000000000000000e+00,0.000000000000000000e+00,4.042806348950193085e-01,0.000000000000000000e+00,2.622151751600554914e-01,4.229998684101082262e-01,3.045553848132571129e-01,3.689359639556462067e-01,4.052385955635510739e-01,0.000000000000000000e+00,3.818102387051459101e-01,3.787023813408639805e-01,3.430338768143597061e-01,2.709951627172957900e-01,0.000000000000000000e+00,0.000000000000000000e+00,0.000000000000000000e+00,0.000000000000000000e+00,4.160032897091158199e-01,0.000000000000000000e+00,0.000000000000000000e+00,0.000000000000000000e+00,3.857286367843124064e-01,0.000000000000000000e+00,0.000000000000000000e+00,0.000000000000000000e+00,3.992147241668143054e-01,3.173892968981992246e-01,4.126461723072594179e-01,0.000000000000000000e+00,3.539693636944771793e-01,2.595602323694151115e-01,0.000000000000000000e+00,2.963446254248190970e-01,2.303218683155336122e-01,2.123036932872252869e-01,2.017002103905082000e-01,0.000000000000000000e+00,0.000000000000000000e+00,0.000000000000000000e+00,0.000000000000000000e+00,0.000000000000000000e+00,0.000000000000000000e+00,0.000000000000000000e+00,0.000000000000000000e+00,0.000000000000000000e+00,0.000000000000000000e+00,0.000000000000000000e+00,0.000000000000000000e+00,0.000000000000000000e+00,4.708024343393831246e-01,0.000000000000000000e+00,0.000000000000000000e+00,0.000000000000000000e+00,0.000000000000000000e+00,0.000000000000000000e+00,0.000000000000000000e+00,0.000000000000000000e+00,0.000000000000000000e+00,0.000000000000000000e+00,0.000000000000000000e+00,0.000000000000000000e+00,0.000000000000000000e+00,0.000000000000000000e+00,0.000000000000000000e+00,0.000000000000000000e+00,0.000000000000000000e+00,0.000000000000000000e+00,0.000000000000000000e+00,0.000000000000000000e+00,0.000000000000000000e+00,4.750922766948816878e-01,0.000000000000000000e+00,0.000000000000000000e+00,0.000000000000000000e+00,0.000000000000000000e+00
4.151703818041220795e-01,4.565483203195426776e-01,3.896251494769740753e-01,2.622151751600554914e-01,0.000000000000000000e+00,4.004301009018816915e-01,3.409298128512885939e-01,4.354469230936506841e-01,3.739248050912243881e-01,4.377230966273524815e-01,3.557670861189076161e-01,4.196095628908522723e-01,3.975617405628644185e-01,2.617634753359693867e-01,0.000000000000000000e+00,4.666914036423622236e-01,0.000000000000000000e+00,4.383049184500806827e-01,3.843884159440206782e-01,4.707102264569056893e-01,3.810821516265712749e-01,4.884114969324956923e-01,3.960122253159805150e-01,0.000000000000000000e+00,4.305414501942826933e-01,4.182254531711737111e-01,3.989449644686380858e-01,4.131915081197369832e-01,4.538387797603419260e-01,0.000000000000000000e+00,4.453307649704068005e-01,3.787335336627775106e-01,0.000000000000000000e+00,4.374562555543662912e-01,4.170483706720184980e-01,2.222793101308473129e-01,3.641130990130695966e-01,0.000000000000000000e+00,4.916118860249197864e-01,0.000000000000000000e+00,5.064520184890811683e-01,5.151380757790878784e-01,3.586808620137498793e-01,0.000000000000000000e+00,0.000000000000000000e+00,0.000000000000000000e+00,4.490111125366308964e-01,4.997955424330807750e-01,0.000000000000000000e+00,4.756491283287997973e-01,5.113828806728626386e-01,5.073681259282881717e-01,4.792655951545288229e-01,5.116600489036913224e-01,0.000000000000000000e+00,4.353736510680855099e-01,0.000000000000000000e+00,5.150575357015079181e-01,3.978749129373758131e-01,0.000000000000000000e+00,0.000000000000000000e+00,0.000000000000000000e+00,0.000000000000000000e+00,4.869479254457905193e-01,0.000000000000000000e+00,0.000000000000000000e+00,4.403610415300209802e-01,5.103901959073732231e-01,0.000000000000000000e+00,0.000000000000000000e+00,0.000000000000000000e+00,5.069812968738244274e-01,5.099924404476507966e-01,4.935324222448956855e-01,0.000000000000000000e+00,5.137003619825889489e-01
3.866686925611488856e-01,4.120953796972930960e-01,3.791276645836508252e-01,4.229998684101082262e-01,4.004301009018816915e-01,0.000000000000000000e+00,4.261904539085700216e-01,4.229333366957981899e-01,3.376885090180952731e-01,4.331751698471553169e-01,3.917415342542497902e-01,4.385885884382463851e-01,3.805901145730897772e-01,0.000000000000000000e+00,3.947867241930669846e-01,4.084945025008498987e-01,0.000000000000000000e+00,3.917755726189007803e-01,3.690353741037423752e-01,4.092379707986564252e-01,3.544791124866388810e-01,4.195766636398340910e-01,3.773537620264886261e-01,4.312714857394643886e-01,3.999565417378300181e-01,4.014450829797884812e-01,3.592238280466487077e-01,3.593726629550829110e-01,3.258242719798782883e-01,4.187243019271997824e-01,4.057970341871229847e-01,4.221373447424892067e-01,3.719589205214319239e-01,4.194923278931538824e-01,4.362931966398531092e-01,4.243188514520698784e-01,4.300937522359575826e-01,0.000000000000000000e+00,4.559489439099467800e-01,4.237539315687636199e-01,4.657246207379038272e-01,4.761525345297357159e-01,4.672591697528856725e-01,4.745489604649026916e-01,0.000000000000000000e+00,4.164910528375537213e-01,4.242831851377140140e-01,5.330499412940629123e-01,0.000000000000000000e+00,5.192916011238351004e-01,5.112368934098669992e-01,5.206542592221016230e-01,5.080012960043079895e-01,5.367318699096267354e-01,0.000000000000000000e+00,5.054259254708586280e-01,0.000000000000000000e+00,4.990635008396133165e-01,0.000000000000000000e+00,4.483462877845850181e-01,4.192881495242538059e-01,0.000000000000000000e+00,0.000000000000000000e+00,5.230614580173456041e-01,4.394092611905067169e-01,4.159101255724754753e-01,4.468478175687002896e-01,5.143358613671564772e-01,0.000000000000000000e+00,4.056062403054809251e-01,4.457514417253379824e-01,4.983078530892173230e-01,4.871008035681493875e-01,4.720322484919226014e-01,0.000000000000000000e+00,4.791350761523591184e-01
4.327035503479406131e-01,4.668900833572151021e-01,4.277631996761763755e-01,3.045553848132571129e-01,3.409298128512885939e-01,4.261904539085700216e-01,0.000000000000000000e+00,4.598625296932410955e-01,4.154427293471644744e-01,3.826306847639820985e-01,4.327347072315845811e-01,3.782127855169624131e-01,3.333670259620282739e-01,3.710444191389368762e-01,4.227910286004468166e-01,4.813799721343878235e-01,0.000000000000000000e+00,4.441356112483200169e-01,4.414875148678126804e-01,4.740362939694167110e-01,4.225854401604751120e-01,4.932271871768191263e-01,4.196990312071897100e-01,3.900806601506662252e-01,4.356838793477877947e-01,4.305107690309550872e-01,4.264980947434903746e-01,3.849098296142401954e-01,4.561590987721079182e-01,0.000000000000000000e+00,4.160205838224366737e-01,4.075840584536750133e-01,4.307850993622767133e-01,4.042733558696590124e-01,3.704739837851955819e-01,3.117350996717536127e-01,3.119223744845673885e-01,3.308317363262177069e-01,4.892536813636269022e-01,0.000000000000000000e+00,5.175774730743655239e-01,5.405311715833662767e-01,4.432744958642109157e-01,4.944505885402806777e-01,0.000000000000000000e+00,0.000000000000000000e+00,4.550095422965292902e-01,5.117966505499045304e-01,0.000000000000000000e+00,5.165699996874094646e-01,5.134317061792419423e-01,5.212995072879449410e-01,4.965439705621587096e-01,5.252497544557687137e-01,0.000000000000000000e+00,4.657478909916802912e-01,0.000000000000000000e+00,5.136010061012997729e-01,0.000000000000000000e+00,0.000000000000000000e+00,0.000000000000000000e+00,0.000000000000000000e+00,0.000000000000000000e+00,4.886259463858549923e-01,4.541148527795009215e-01,0.000000000000000000e+00,4.581873031045654021e-01,5.108118528297584948e-01,0.000000000000000000e+00,0.000000000000000000e+00,4.577192060317544220e-01,5.000047252157404643e-01,5.033440931987974709e-01,4.771489328822576259e-01,0.000000000000000000e+00,5.044843521157904576e-01
5.075761395415685495e-01,4.446754744830102024e-01,4.552705020394057778e-01,3.689359639556462067e-01,4.354469230936506841e-01,4.229333366957981899e-01,4.598625296932410955e-01,0.000000000000000000e+00,4.548814091607635834e-01,4.526711091111544905e-01,3.557722813962718167e-01,4.810900484178541880e-01,4.560779660467019769e-01,3.487472222463692262e-01,3.216243644663506207e-01,4.450881879942957253e-01,0.000000000000000000e+00,4.699372862782493221e-01,4.288753363502202931e-01,3.490827549648656825e-01,4.214284812237962252e-01,4.255310366435698932e-01,3.539794320392605775e-01,5.052871969724346268e-01,4.741507481316147854e-01,4.677701160054624219e-01,4.152340730450604922e-01,4.354761938565644974e-01,3.720344155353975113e-01,3.803095804231492738e-01,4.040135147345326749e-01,3.951780008180401094e-01,4.384284983797485102e-01,4.317156214519253798e-01,4.210088801758624100e-01,2.868740823968112807e-01,4.260130895123360739e-01,0.000000000000000000e+00,4.697547366728697105e-01,0.000000000000000000e+00,0.000000000000000000e+00,0.000000000000000000e+00,3.756875768101999857e-01,0.000000000000000000e+00,0.000000000000000000e+00,0.000000000000000000e+00,0.000000000000000000e+00,5.160321273957152455e-01,0.000000000000000000e+00,4.777437696590633998e-01,5.204217599346248058e-01,4.971858099620570237e-01,5.172013760183247211e-01,5.400330448214853973e-01,0.000000000000000000e+00,4.618212604545661737e-01,0.000000000000000000e+00,5.063913754191368133e-01,4.369100840876439240e-01,0.000000000000000000e+00,0.000000000000000000e+00,0.000000000000000000e+00,0.000000000000000000e+00,5.028104117426113184e-01,0.000000000000000000e+00,0.000000000000000000e+00,4.299569782473335877e-01,5.263012799853297174e-01,0.000000000000000000e+00,0.000000000000000000e+00,0.000000000000000000e+00,5.068108722361351903e-01,4.830955444083244177e-01,4.458835447646055106e-01,0.000000000000000000e+00,4.959953860560500916e-01
3.783292891899788790e-01,4.029793000747091125e-01,3.266735037194076208e-01,4.052385955635510739e-01,3.739248050912243881e-01,3.376885090180952731e-01,4.154427293471644744e-01,4.548814091607635834e-01,0.000000000000000000e+00,4.446683423514207756e-01,3.467424790096094167e-01,4.534046110671275942e-01,4.112972623700927866e-01,4.087108785647022846e-01,3.846850359192953150e-01,3.961892071661197723e-01,4.529407057456585894e-01,4.345531039601123191e-01,2.876840438066448069e-01,3.953720521331076099e-01,3.398449210070026982e-01,4.053052228025992854e-01,3.717781206230802993e-01,4.330016549505510959e-01,4.103584286963757877e-01,3.861614983616822872e-01,3.384712742947010855e-01,4.352854256776069186e-01,3.916263507582115055e-01,4.224575411596039887e-01,4.457720625515428914e-01,4.094409100170123827e-01,3.563743329031556772e-01,4.426242509489385912e-01,4.280249856481727067e-01,4.143199998818338226e-01,4.203944570912013234e-01,0.000000000000000000e+00,4.871884013397346780e-01,4.162393099338819180e-01,4.940175159707710928e-01,5.035669612227970937e-01,4.418393197484208890e-01,4.695027668136612098e-01,0.000000000000000000e+00,0.000000000000000000e+00,4.080902066336685174e-01,5.200010908075808347e-01,0.000000000000000000e+00,5.080875923925196602e-01,5.150176705702078639e-01,5.173795647172317880e-01,5.119895791450025380e-01,5.278522633040245715e-01,0.000000000000000000e+00,4.921356109010894819e-01,0.000000000000000000e+00,5.087379662881875708e-01,4.733248779319805255e-01,4.352152868471199088e-01,4.049378830959641795e-01,0.000000000000000000e+00,0.000000000000000000e+00,5.112292081331509808e-01,0.000000000000000000e+00,0.000000000000000000e+00,4.314049609764232240e-01,5.225239044840178648e-01,0.000000000000000000e+00,0.000000000000000000e+00,4.322150518739760749e-01,5.115072748571420913e-01,5.034955544871816402e-01,4.715236376937492757e-01,0.000000000000000000e+00,5.071814813867089322e-01
3.987507374904546986e-01,3.706265004823436904e-01,4.409001233254821739e-01,0.000000000000000000e+00,4.377230966273524815e-01,4.331751698471553169e-01,3.826306847639820985e-01,4.526711091111544905e-01,4.446683423514207756e-01,0.000000000000000000e+00,4.413656228723121799e-01,3.037756093545290748e-01,4.030271312011711737e-01,0.000000000000000000e+00,0.000000000000000000e+00,3.601581022781631947e-01,3.207102079253615901e-01,3.538488813270451172e-01,4.549379730075909234e-01,0.000000000000000000e+00,4.833631841201573853e-01,3.815002847312595757e-01,4.414185796664497063e-01,3.205968008785161083e-01,3.396912428363266789e-01,3.378675387724586754e-01,4.398479188496869918e-01,3.901084025969177027e-01,4.211439010650255277e-01,0.000000000000000000e+00,3.141188000307922890e-01,3.727596759181698860e-01,2.941201920051489949e-01,3.168400862133844975e-01,3.370018737529941744e-01,3.733521641584083839e-01,3.129844730736887071e-01,2.658498743804633135e-01,4.235655843814403188e-01,3.573424509612936895e-01,3.668088694292377938e-01,0.000000000000000000e+00,0.000000000000000000e+00,0.000000000000000000e+00,3.090930284374858728e-01,0.000000000000000000e+00,4.047619469078221899e-01,0.000000000000000000e+00,0.000000000000000000e+00,0.000000000000000000e+00,0.000000000000000000e+00,0.000000000000000000e+00,0.000000000000000000e+00,0.000000000000000000e+00,4.392935874951354736e-01,0.000000000000000000e+00,4.260995232900934848e-01,0.000000000000000000e+00,0.000000000000000000e+00,0.000000000000000000e+00,4.179987000229419825e-01,4.424100097627634010e-01,4.420416060041694184e-01,0.000000000000000000e+00,0.000000000000000000e+00,0.000000000000000000e+00,0.000000000000000000e+00,0.000000000000000000e+00,4.283811356535354165e-01,4.539250141296071739e-01,4.470659147603193162e-01,0.000000000000000000e+00,3.918783440980723731e-01,0.000000000000000000e+00,0.000000000000000000e+00,3.914930306154408846e-01
0.000000000000000000e+00,0.000000000000000000e+00,3.047675154415698251e-01,3.818102387051459101e-01,3.557670861189076161e-01,3.917415342542497902e-01,4.327347072315845811e-01,3.557722813962718167e-01,3.467424790096094167e-01,4.413656228723121799e-01,0.000000000000000000e+00,4.317120955477654065e-01,4.443036123513099955e-01,3.135254602383271139e-01,0.000000000000000000e+00,0.000000000000000000e+00,0.000000000000000000e+00,4.689505107679320939e-01,2.955947570681857206e-01,0.000000000000000000e+00,0.000000000000000000e+00,0.000000000000000000e+00,3.053106441583297026e-01,4.204642024587270099e-01,0.000000000000000000e+00,0.000000000000000000e+00,3.733021317419930041e-01,4.346206854705774170e-01,0.000000000000000000e+00,0.000000000000000000e+00,4.648402923111524254e-01,4.095264236076505138e-01,0.000000000000000000e+00,4.483129525692762796e-01,4.191397526849832134e-01,3.078426962306922143e-01,4.106161183561856109e-01,0.000000000000000000e+00,4.339194889133676791e-01,0.000000000000000000e+00,0.000000000000000000e+00,0.000000000000000000e+00,3.920043732879516241e-01,0.000000000000000000e+00,0.000000000000000000e+00,0.000000000000000000e+00,0.000000000000000000e+00,3.069252195564443064e-01,0.000000000000000000e+00,4.399206735195925200e-01,4.879460795653811078e-01,4.485432532269835182e-01,4.545012571173761007e-01,4.468703978081265960e-01,0.000000000000000000e+00,3.026152948778617069e-01,0.000000000000000000e+00,4.492666429426592778e-01,4.268283235460226255e-01,0.000000000000000000e+00,0.000000000000000000e+00,0.000000000000000000e+00,0.000000000000000000e+00,2.109360448993289894e-01,0.000000000000000000e+00,0.000000000000000000e+00,0.000000000000000000e+00,4.135146409158436120e-01,0.000000000000000000e+00,0.000000000000000000e+00,0.000000000000000000e+00,4.338754628958791937e-01,4.403444212507405253e-01,0.000000000000000000e+00,0.000000000000000000e+00,0.000000000000000000e+00
3.852091104803662125e-01,3.725240621992336743e-01,4.378797183421050954e-01,3.787023813408639805e-01,4.196095628908522723e-01,4.385885884382463851e-01,3.782127855169624131e-01,4.810900484178541880e-01,4.534046110671275942e-01,3.037756093545290748e-01,4.317120955477654065e-01,0.000000000000000000e+00,3.992738176898492086e-01,0.000000000000000000e+00,0.000000000000000000e+00,3.762671851267319068e-01,3.600090959468463248e-01,3.719976560832302104e-01,4.438212775898527918e-01,0.000000000000000000e+00,4.822016515155911898e-01,3.500150044909908220e-01,4.678813559347027029e-01,2.799316818509379190e-01,3.554024279218371829e-01,3.074927716352819917e-01,4.319228784891211981e-01,3.898951245068543736e-01,4.347365912327402215e-01,0.000000000000000000e+00,3.460316338749441223e-01,3.167909068034017728e-01,2.934738026430345204e-01,2.766266731694190240e-01,3.408761049635066209e-01,3.576667268853864212e-01,3.680117111828917764e-01,2.381054917456597864e-01,4.074159045251761202e-01,3.394258950869624147e-01,3.569333721137077919e-01,0.000000000000000000e+00,0.000000000000000000e+00,0.000000000000000000e+00,3.013241625629379805e-01,0.000000000000000000e+00,0.000000000000000000e+00,0.000000000000000000e+00,0.000000000000000000e+00,0.000000000000000000e+00,0.000000000000000000e+00,0.000000000000000000e+00,0.000000000000000000e+00,0.000000000000000000e+00,4.292014736212370063e-01,0.000000000000000000e+00,4.194349142254836793e-01,0.000000000000000000e+00,0.000000000000000000e+00,0.000000000000000000e+00,0.000000000000000000e+00,4.337844796156555827e-01,4.330164370877752078e-01,0.000000000000000000e+00,0.000000000000000000e+00,0.000000000000000000e+00,0.000000000000000000e+00,0.000000000000000000e+00,4.064485294807301252e-01,4.497572211722649094e-01,4.393059466094509924e-01,0.000000000000000000e+00,3.798294488369737265e-01,0.000000000000000000e+00,0.000000000000000000e+00,3.710296542227822791e-01
4.289653845335218985e-01,4.631449856527630748e-01,4.406495754094014727e-01,3.430338768143597061e-01,3.975617405628644185e-01,3.805901145730897772e-01,3.333670259620282739e-01,4.560779660467019769e-01,4.112972623700927866e-01,4.030271312011711737e-01,4.443036123513099955e-01,3.992738176898492086e-01,0.000000000000000000e+00,4.024764419351051226e-01,4.101460902652285800e-01,4.805911299284167937e-01,4.252160551592750748e-01,4.439194567664391244e-01,4.478040011697975165e-01,4.634828149666159747e-01,4.135846063677566797e-01,4.847570112359719241e-01,4.159526646991770216e-01,4.021840550001494763e-01,4.355894929465606857e-01,4.257526122123101997e-01,4.131890539726139067e-01,3.552300580682458131e-01,4.123926490890428842e-01,4.165958845282636824e-01,4.141757478289971872e-01,3.896857420538618055e-01,4.045295487505375931e-01,4.181535982583893252e-01,3.980190790450551797e-01,3.469448006340087876e-01,3.463261056714346808e-01,3.747096785752118131e-01,4.842882746903097724e-01,4.287739616302194134e-01,5.081394369861628180e-01,5.177321349973453835e-01,4.779614234693431163e-01,4.796404334712351947e-01,0.000000000000000000e+00,4.543943349444898860e-01,4.460225673778934197e-01,5.247687759049854961e-01,0.000000000000000000e+00,5.171691173936447949e-01,5.073301726461570960e-01,5.149516821969027935e-01,4.839241325387929060e-01,5.240180111808830921e-01,4.305130776900795153e-01,4.683360034833938257e-01,4.112537585930831074e-01,5.083513916957828060e-01,0.000000000000000000e+00,4.497422647723838263e-01,4.435789429925959815e-01,4.160788012099984057e-01,4.561878511434239725e-01,5.192313521329624537e-01,4.391109930228315195e-01,0.000000000000000000e+00,4.522046813839603052e-01,4.987292575969574093e-01,0.000000000000000000e+00,4.542055795343006852e-01,4.576552566361545837e-01,4.848820832135458114e-01,5.059434215284117631e-01,4.726020940745406240e-01,0.000000000000000000e+00,4.893499431825644175e-01
0.000000000000000000e+00,0.000000000000000000e+00,4.153060571404562085e-01,2.709951627172957900e-01,2.617634753359693867e-01,0.000000000000000000e+00,3.710444191389368762e-01,3.487472222463692262e-01,4.087108785647022846e-01,0.000000000000000000e+00,3.135254602383271139e-01,0.000000000000000000e+00,4.024764419351051226e-01,0.000000000000000000e+00,0.000000000000000000e+00,0.000000000000000000e+00,0.000000000000000000e+00,0.000000000000000000e+00,3.766627056082096914e-01,0.000000000000000000e+00,0.000000000000000000e+00,0.000000000000000000e+00,3.980470586306539271e-01,0.000000000000000000e+00,0.000000000000000000e+00,0.000000000000000000e+00,4.248494429448398946e-01,3.804845614499454132e-01,0.000000000000000000e+00,0.000000000000000000e+00,0.000000000000000000e+00,1.750672572563226892e-01,0.000000000000000000e+00,0.000000000000000000e+00,0.000000000000000000e+00,1.992210650633275126e-01,1.394118384323093096e-01,0.000000000000000000e+00,0.000000000000000000e+00,0.000000000000000000e+00,0.000000000000000000e+00,0.000000000000000000e+00,3.364921844346913105e-01,0.000000000000000000e+00,0.000000000000000000e+00,0.000000000000000000e+00,0.000000000000000000e+00,4.449056084153246160e-01,0.000000000000000000e+00,3.988283645898257901e-01,0.000000000000000000e+00,4.190170249065787167e-01,4.113662313465600850e-01,4.781738081163061094e-01,0.000000000000000000e+00,4.192352922531596970e-01,0.000000000000000000e+00,0.000000000000000000e+00,3.904945724632827853e-01,0.000000000000000000e+00,0.000000000000000000e+00,0.000000000000000000e+00,0.000000000000000000e+00,4.309950371771529842e-01,0.000000000000000000e+00,0.000000000000000000e+00,0.000000000000000000e+00,4.750100482521951162e-01,0.000000000000000000e+00,0.000000000000000000e+00,0.000000000000000000e+00,4.969846485371731126e-01,3.996605214978621867e-01,0.000000000000000000e+00,0.000000000000000000e+00,0.000000000000000000e+00
3.953474737928306948e-01,4.165756267271191193e-01,0.000000000000000000e+00,0.000000000000000000e+00,0.000000000000000000e+00,3.947867241930669846e-01,4.227910286004468166e-01,3.216243644663506207e-01,3.846850359192953150e-01,0.000000000000000000e+00,0.000000000000000000e+00,0.000000000000000000e+00,4.101460902652285800e-01,0.000000000000000000e+00,0.000000000000000000e+00,4.212929883228809791e-01,0.000000000000000000e+00,4.144269807206003020e-01,0.000000000000000000e+00,2.999965090828142222e-01,3.610354237410842160e-01,3.294770473765034069e-01,3.214752168318458780e-01,4.512267430674745117e-01,4.116697863142843028e-01,3.469607942906595133e-01,3.706592931939555191e-01,4.033745418506112790e-01,3.770678562219719754e-01,0.000000000000000000e+00,3.932882947172908761e-01,4.443332539576159146e-01,3.881681534866708860e-01,4.222342091590460256e-01,4.757212232102419058e-01,0.000000000000000000e+00,0.000000000000000000e+00,0.000000000000000000e+00,4.733869661548332219e-01,4.792357386043478162e-01,4.926723378321268831e-01,5.163842387188366523e-01,0.000000000000000000e+00,0.000000000000000000e+00,0.000000000000000000e+00,0.000000000000000000e+00,4.877681610044766192e-01,0.000000000000000000e+00,0.000000000000000000e+00,0.000000000000000000e+00,4.699692906257953995e-01,0.000000000000000000e+00,0.000000000000000000e+00,0.000000000000000000e+00,0.000000000000000000e+00,0.000000000000000000e+00,0.000000000000000000e+00,5.040733039906316604e-01,0.000000000000000000e+00,3.542719064485442271e-01,4.715340386577431264e-01,0.000000000000000000e+00,4.523790230872947737e-01,0.000000000000000000e+00,4.580877087112945056e-01,4.625544875661122268e-01,4.737970374837143783e-01,4.157154418974077226e-01,0.000000000000000000e+00,0.000000000000000000e+00,4.929202547692753122e-01,4.384602316129854738e-01,0.000000000000000000e+00,4.433153073549654932e-01,0.000000000000000000e+00,4.643663803527173783e-01
3.899311421368922836e-01,4.118881765825589958e-01,0.000000000000000000e+00,0.000000000000000000e+00,4.666914036423622236e-01,4.084945025008498987e-01,4.813799721343878235e-01,4.450881879942957253e-01,3.961892071661197723e-01,3.601581022781631947e-01,0.000000000000000000e+00,3.762671851267319068e-01,4.805911299284167937e-01,0.000000000000000000e+00,4.212929883228809791e-01,0.000000000000000000e+00,3.739813142675499913e-01,3.701233739411847190e-01,0.000000000000000000e+00,4.298729755578690748e-01,4.206890391912647131e-01,3.855620785969178788e-01,4.133255147539349750e-01,3.683254794553252887e-01,3.896003424287414751e-01,4.170365930808043742e-01,4.274553592314828121e-01,4.672084773926102885e-01,4.542185629262762148e-01,4.426491274077006266e-01,3.745532690643043061e-01,4.520592511631927879e-01,3.764317830461477166e-01,4.083161548281554198e-01,4.681156293494356246e-01,4.612301817030873274e-01,4.669006674965373027e-01,0.000000000000000000e+00,4.333959562461016102e-01,4.039097006690536840e-01,4.175745448373759938e-01,4.611427711877099100e-01,0.000000000000000000e+00,0.000000000000000000e+00,0.000000000000000000e+00,4.357338440919406031e-01,4.437932952687234089e-01,0.000000000000000000e+00,0.000000000000000000e+00,0.000000000000000000e+00,4.294474848146213053e-01,0.000000000000000000e+00,0.000000000000000000e+00,0.000000000000000000e+00,4.030315680246669974e-01,0.000000000000000000e+00,0.000000000000000000e+00,4.634844122247179232e-01,0.000000000000000000e+00,4.717555989880931056e-01,4.337649459709929101e-01,4.296156299400035183e-01,4.199483337933255789e-01,0.000000000000000000e+00,4.714722848516311182e-01,4.567840681876068065e-01,4.581569500464037215e-01,4.477932663403295099e-01,0.000000000000000000e+00,4.243251113913579231e-01,4.494919759772760814e-01,4.417193597867303811e-01,0.000000000000000000e+00,0.000000000000000000e+00,0.000000000000000000e+00,4.199557856864445937e-01
4.014432589245928162e-01,3.877324218612954176e-01,0.000000000000000000e+00,0.000000000000000000e+00,0.000000000000000000e+00,0.000000000000000000e+00,0.000000000000000000e+00,0.000000000000000000e+00,4.529407057456585894e-01,3.207102079253615901e-01,0.000000000000000000e+00,3.600090959468463248e-01,4.252160551592750748e-01,0.000000000000000000e+00,0.000000000000000000e+00,3.739813142675499913e-01,0.000000000000000000e+00,3.330000707380411096e-01,4.877435791302173751e-01,0.000000000000000000e+00,0.000000000000000000e+00,3.826295295166813881e-01,0.000000000000000000e+00,3.713912471816431804e-01,3.479433446782351780e-01,3.616177367347153115e-01,0.000000000000000000e+00,4.174157009745264046e-01,3.853427541881130902e-01,0.000000000000000000e+00,3.531268423656079847e-01,3.865711315915734136e-01,3.196856774074702812e-01,3.699791241781987816e-01,3.679198279141975836e-01,0.000000000000000000e+00,0.000000000000000000e+00,3.320187805580129270e-01,4.364346437741605245e-01,4.087328780387000093e-01,4.265746638842385918e-01,4.373428127827925782e-01,0.000000000000000000e+00,0.000000000000000000e+00,0.000000000000000000e+00,0.000000000000000000e+00,0.000000000000000000e+00,0.000000000000000000e+00,0.000000000000000000e+00,0.000000000000000000e+00,0.000000000000000000e+00,0.000000000000000000e+00,0.000000000000000000e+00,0.000000000000000000e+00,4.475887397480725061e-01,0.000000000000000000e+00,4.402668297030501998e-01,0.000000000000000000e+00,0.000000000000000000e+00,0.000000000000000000e+00,4.367739502366929094e-01,4.432195137464443047e-01,4.514635966003460177e-01,0.000000000000000000e+00,0.000000000000000000e+00,0.000000000000000000e+00,0.000000000000000000e+00,0.000000000000000000e+00,4.179805037021587233e-01,4.572782018489581213e-01,4.506940974784356957e-01,0.000000000000000000e+00,0.000000000000000000e+00,0.000000000000000000e+00,0.000000000000000000e+00,4.270847667925232183e-01
3.817744975085450854e-01,3.979561326659196152e-01,4.323400449480345742e-01,0.000000000000000000e+00,4.383049184500806827e-01,3.917755726189007803e-01,4.441356112483200169e-01,4.699372862782493221e-01,4.345531039601123191e-01,3.538488813270451172e-01,4.689505107679320939e-01,3.719976560832302104e-01,4.439194567664391244e-01,0.000000000000000000e+00,4.144269807206003020e-01,3.701233739411847190e-01,3.330000707380411096e-01,0.000000000000000000e+00,0.000000000000000000e+00,4.110662586018907771e-01,4.383365195481017107e-01,4.002572653395440883e-01,4.274831078088724978e-01,3.884350007927406256e-01,3.607938101202505798e-01,3.976568517481671172e-01,4.056563682642091995e-01,4.373919185319883884e-01,4.225293120687719228e-01,3.996086116420158874e-01,3.701657793193878776e-01,4.045366328820789725e-01,3.404530096855257204e-01,3.916242769414199909e-01,3.898164775832879125e-01,4.489671223839226122e-01,0.000000000000000000e+00,3.554256257472881986e-01,4.320643947999385226e-01,4.018636873026404932e-01,4.188736563646254796e-01,4.323361689185797885e-01,0.000000000000000000e+00,0.000000000000000000e+00,0.000000000000000000e+00,4.277525889437012729e-01,4.339221772308585190e-01,0.000000000000000000e+00,0.000000000000000000e+00,0.000000000000000000e+00,0.000000000000000000e+00,0.000000000000000000e+00,0.000000000000000000e+00,0.000000000000000000e+00,4.444967990339869224e-01,0.000000000000000000e+00,4.418557679984357889e-01,4.440601756020667867e-01,0.000000000000000000e+00,0.000000000000000000e+00,4.268568455793632088e-01,4.407508585971062209e-01,4.390181819981978095e-01,0.000000000000000000e+00,0.000000000000000000e+00,4.202718733179660049e-01,4.348969457950058182e-01,0.000000000000000000e+00,4.211085743899458111e-01,4.435971420312668778e-01,4.492241783747141781e-01,0.000000000000000000e+00,4.388460878272916199e-01,4.226944081474309223e-01,0.000000000000000000e+00,4.258459212872052202e-01
0.000000000000000000e+00,0.000000000000000000e+00,2.527801980684464267e-01,4.160032897091158199e-01,3.843884159440206782e-01,3.690353741037423752e-01,4.414875148678126804e-01,4.288753363502202931e-01,2.876840438066448069e-01,4.549379730075909234e-01,2.955947570681857206e-01,4.438212775898527918e-01,4.478040011697975165e-01,3.766627056082096914e-01,0.000000000000000000e+00,0.000000000000000000e+00,4.877435791302173751e-01,0.000000000000000000e+00,0.000000000000000000e+00,0.000000000000000000e+00,3.947079670581276067e-01,0.000000000000000000e+00,2.848650604134562725e-01,0.000000000000000000e+00,0.000000000000000000e+00,0.000000000000000000e+00,3.665527438521937742e-01,4.580655946933412936e-01,0.000000000000000000e+00,0.000000000000000000e+00,4.610060658097426822e-01,4.133810294072324254e-01,0.000000000000000000e+00,4.445005537387697880e-01,4.382891248503665849e-01,4.195496740400814772e-01,4.273693082311684210e-01,0.000000000000000000e+00,0.000000000000000000e+00,0.000000000000000000e+00,0.000000000000000000e+00,0.000000000000000000e+00,4.133667396155618068e-01,0.000000000000000000e+00,0.000000000000000000e+00,0.000000000000000000e+00,0.000000000000000000e+00,2.964566389157671789e-01,0.000000000000000000e+00,4.628075288904441864e-01,5.039913648659999357e-01,4.873346409374790245e-01,4.773296600031011749e-01,5.073258946168452965e-01,0.000000000000000000e+00,2.672191942561453204e-01,0.000000000000000000e+00,4.621161003065287765e-01,4.453404720490489188e-01,0.000000000000000000e+00,0.000000000000000000e+00,0.000000000000000000e+00,0.000000000000000000e+00,4.835037419998334807e-01,0.000000000000000000e+00,0.000000000000000000e+00,0.000000000000000000e+00,5.066457034015852123e-01,0.000000000000000000e+00,0.000000000000000000e+00,0.000000000000000000e+00,5.000047250244993302e-01,4.307892868189797109e-01,0.000000000000000000e+00,0.000000000000000000e+00,0.000000000000000000e+00
4.394641263875729842e-01,4.347844546228650242e-01,0.000000000000000000e+00,0.000000000000000000e+00,4.707102264569056893e-01,4.092379707986564252e-01,4.740362939694167110e-01,3.490827549648656825e-01,3.953720521331076099e-01,0.000000000000000000e+00,0.000000000000000000e+00,0.000000000000000000e+00,4.634828149666159747e-01,0.000000000000000000e+00,2.999965090828142222e-01,4.298729755578690748e-01,0.000000000000000000e+00,4.110662586018907771e-01,0.000000000000000000e+00,0.000000000000000000e+00,3.931758447473128748e-01,3.891306249176976206e-01,2.273674267242684899e-01,4.707776305216304080e-01,4.100710452716775922e-01,4.318577802450689895e-01,3.371193519504732117e-01,4.318448668657813849e-01,3.635091379338417084e-01,3.852919616018161131e-01,3.995661847501981723e-01,4.703405918997867197e-01,4.125989528579194765e-01,4.503303810229892234e-01,5.002305378139009218e-01,4.688843481760854859e-01,4.407010534810482105e-01,0.000000000000000000e+00,4.677617012333685209e-01,4.762567926916833061e-01,4.901733631403624725e-01,5.073147064460864497e-01,0.000000000000000000e+00,0.000000000000000000e+00,0.000000000000000000e+00,0.000000000000000000e+00,4.476151967724464886e-01,0.000000000000000000e+00,0.000000000000000000e+00,0.000000000000000000e+00,4.261196552093315937e-01,0.000000000000000000e+00,4.395867036564433117e-01,0.000000000000000000e+00,0.000000000000000000e+00,0.000000000000000000e+00,0.000000000000000000e+00,4.380349336679471017e-01,0.000000000000000000e+00,4.620074940584164014e-01,4.554767507642368818e-01,0.000000000000000000e+00,4.437290839929977082e-01,0.000000000000000000e+00,4.579070268001813049e-01,4.644394377673177754e-01,4.776539790093272120e-01,4.331794268245248158e-01,0.000000000000000000e+00,4.136463264024847764e-01,4.666695796180492795e-01,4.308944947929708169e-01,4.332256648479175798e-01,4.504629019047863836e-01,4.097645282745360773e-01,4.698355085663584729e-01
4.581527402452186259e-01,4.229644275034392109e-01,3.540368269442167870e-01,0.000000000000000000e+00,3.810821516265712749e-01,3.544791124866388810e-01,4.225854401604751120e-01,4.214284812237962252e-01,3.398449210070026982e-01,4.833631841201573853e-01,0.000000000000000000e+00,4.822016515155911898e-01,4.135846063677566797e-01,0.000000000000000000e+00,3.610354237410842160e-01,4.206890391912647131e-01,0.000000000000000000e+00,4.383365195481017107e-01,3.947079670581276067e-01,3.931758447473128748e-01,0.000000000000000000e+00,4.223520069789635234e-01,3.428977888032245791e-01,4.874122236925155227e-01,4.400681128174048218e-01,4.063596019938816029e-01,3.701710336604706053e-01,4.193389706862132860e-01,4.097196308084313232e-01,0.000000000000000000e+00,3.826269115300082735e-01,4.614863196386376210e-01,3.670906348668260266e-01,4.169364098454430012e-01,4.923724022230741015e-01,0.000000000000000000e+00,0.000000000000000000e+00,0.000000000000000000e+00,4.726289943737689847e-01,4.664055172807121119e-01,4.908532896103818266e-01,5.243088951112065965e-01,0.000000000000000000e+00,0.000000000000000000e+00,0.000000000000000000e+00,3.338099436280869137e-01,4.863425983596766922e-01,0.000000000000000000e+00,0.000000000000000000e+00,0.000000000000000000e+00,4.583152721367153015e-01,4.759502500728465257e-01,4.436501455883107847e-01,0.000000000000000000e+00,0.000000000000000000e+00,0.000000000000000000e+00,0.000000000000000000e+00,4.804366848350666852e-01,0.000000000000000000e+00,4.833912196928539240e-01,4.641488955559340268e-01,0.000000000000000000e+00,4.457894853755586251e-01,0.000000000000000000e+00,4.572943782646192168e-01,4.300131346551396838e-01,4.919375354447664828e-01,4.315906328106622891e-01,0.000000000000000000e+00,4.382538920400932958e-01,5.045945454720457413e-01,4.270809248407506087e-01,4.423593379064942877e-01,4.472902701472005749e-01,0.000000000000000000e+00,4.569411962648923242e-01
