0.000000000000000000e+00,4.206703238919445864e-01,0.000000000000000000e+00,0.000000000000000000e+00,0.000000000000000000e+00,4.480694831294649849e-01,0.000000000000000000e+00,4.931709249554793728e-01,0.000000000000000000e+00,4.096375856907705781e-01,0.000000000000000000e+00,3.720819069904002796e-01,0.000000000000000000e+00,0.000000000000000000e+00,3.667926106756819737e-01,4.063295367286572923e-01,0.000000000000000000e+00,3.916575537023285758e-01,0.000000000000000000e+00,4.345637141067619780e-01,3.698630003418917900e-01,4.230868060534109243e-01,4.521466823493003884e-01,3.620424667520231732e-01,3.774721665796859082e-01,3.648313257049576874e-01,4.418689896913923221e-01,4.616234865669812115e-01,4.597484089895699788e-01,0.000000000000000000e+00,3.854804713786432191e-01,4.134569981020911889e-01,3.406351553120930964e-01,3.879614748489186860e-01,4.133537665460276234e-01,0.000000000000000000e+00,0.000000000000000000e+00,4.101475046398194158e-01,4.576112209516294826e-01,4.154003878601031929e-01,4.189095192819990987e-01,4.806084075430495095e-01,0.000000000000000000e+00,0.000000000000000000e+00,0.000000000000000000e+00,3.895952035185241136e-01,4.838373517240733834e-01,0.000000000000000000e+00,0.000000000000000000e+00,0.000000000000000000e+00,0.000000000000000000e+00,0.000000000000000000e+00,0.000000000000000000e+00,0.000000000000000000e+00,0.000000000000000000e+00,0.000000000000000000e+00,4.633234036774754872e-01,0.000000000000000000e+00,0.000000000000000000e+00,0.000000000000000000e+00,4.673337681329349791e-01,0.000000000000000000e+00,4.564096550681910891e-01,0.000000000000000000e+00,0.000000000000000000e+00,3.198340545219118258e-01,4.843388187481997842e-01,4.616691313646897887e-01,0.000000000000000000e+00,4.622241628703721017e-01,4.629725366118501162e-01,0.000000000000000000e+00,0.000000000000000000e+00,0.000000000000000000e+00,0.000000000000000000e+00,4.381196458470160149e-01
4.206703238919445864e-01,0.000000000000000000e+00,3.957063222154302840e-01,0.000000000000000000e+00,3.966807142991123913e-01,4.088423695365265842e-01,4.067298704225513761e-01,4.391539435282463821e-01,3.900527529211584854e-01,3.282328777413915932e-01,0.000000000000000000e+00,3.335237589520909096e-01,4.241111669117397787e-01,0.000000000000000000e+00,4.427286654408553734e-01,4.058754813731120792e-01,3.867040670481775022e-01,4.084663166983090732e-01,0.000000000000000000e+00,4.128105938416197218e-01,4.335204770708538935e-01,4.086006724542088908e-01,4.252986603437201030e-01,3.869211636860414028e-01,3.861237059681641992e-01,3.822294233519010764e-01,4.172411718692451976e-01,4.252767962853630790e-01,4.331615979764834035e-01,3.687115707292217825e-01,3.797993944801847932e-01,4.228579721161481175e-01,3.717411821105047753e-01,3.837689650366962191e-01,4.236844850433272858e-01,0.000000000000000000e+00,0.000000000000000000e+00,0.000000000000000000e+00,4.925209664634492834e-01,4.771746745679629753e-01,4.678018132539961127e-01,5.017985102536399733e-01,0.000000000000000000e+00,0.000000000000000000e+00,0.000000000000000000e+00,5.084865003558178831e-01,4.995072294498100751e-01,0.000000000000000000e+00,0.000000000000000000e+00,0.000000000000000000e+00,4.590073335590684200e-01,0.000000000000000000e+00,5.012726773447834239e-01,0.000000000000000000e+00,4.461726010932514086e-01,0.000000000000000000e+00,0.000000000000000000e+00,4.589287164886067805e-01,0.000000000000000000e+00,5.444910279650151397e-01,4.864348312029267984e-01,4.600254647986010137e-01,4.673351065156590156e-01,0.000000000000000000e+00,4.989665583064399890e-01,5.140785838105077499e-01,4.958669364585284178e-01,4.951435493487340023e-01,0.000000000000000000e+00,4.825695156552549103e-01,5.093610990765745639e-01,5.087222052470787848e-01,0.000000000000000000e+00,4.866957281941081126e-01,0.000000000000000000e+00,4.680095789091268110e-01
0.000000000000000000e+00,3.957063222154302840e-01,0.000000000000000000e+00,4.249272524613710855e-01,3.647274969984767856e-01,3.877529077622661191e-01,4.182842142645695760e-01,4.713166342856527913e-01,3.022945244816264143e-01,4.538447474782709157e-01,3.162101341512945085e-01,4.420992856949215177e-01,4.395642437269861036e-01,4.370760458277250793e-01,0.000000000000000000e+00,0.000000000000000000e+00,0.000000000000000000e+00,4.603182687985860055e-01,2.612395929327426813e-01,0.000000000000000000e+00,0.000000000000000000e+00,4.212447018434448132e-01,3.288322842969201854e-01,4.160034676403503995e-01,3.782600290209958138e-01,4.303537259480361143e-01,3.131423159623785146e-01,4.452606240940988891e-01,4.153044974261427824e-01,4.475623160293351055e-01,4.603166683031352791e-01,4.244676915235289782e-01,3.993664986706043085e-01,4.619939858201048133e-01,4.399243002931451096e-01,4.258170382129182197e-01,4.288445668185901782e-01,4.437256568110354848e-01,5.462508074698607663e-01,0.000000000000000000e+00,5.591895006039891980e-01,0.000000000000000000e+00,5.262362215774881724e-01,4.989944979552500826e-01,0.000000000000000000e+00,0.000000000000000000e+00,0.000000000000000000e+00,5.205558824401393947e-01,0.000000000000000000e+00,5.658165835483331962e-01,5.729546438398821495e-01,5.751726558043162019e-01,5.577171782114065390e-01,5.698259177035445155e-01,0.000000000000000000e+00,5.294307618015635652e-01,0.000000000000000000e+00,5.675561817132681597e-01,5.416138528790154227e-01,0.000000000000000000e+00,0.000000000000000000e+00,0.000000000000000000e+00,0.000000000000000000e+00,2.753668491890139958e-01,0.000000000000000000e+00,0.000000000000000000e+00,0.000000000000000000e+00,5.776041442087999078e-01,0.000000000000000000e+00,0.000000000000000000e+00,0.000000000000000000e+00,5.710843713732489668e-01,5.545055099723615877e-01,5.318980552639539505e-01,0.000000000000000000e+00,5.713905736114274214e-01
0.000000000000000000e+00,0.000000000000000000e+00,4.249272524613710855e-01,0.000000000000000000e+00,3.068712947678080005e-01,4.213488146866439799e-01,3.092944654802020077e-01,3.831641805016776092e-01,4.030548188381832819e-01,2.713081364942199203e-01,3.792617546684431962e-01,2.961852253858098805e-01,3.096995927983848818e-01,3.090719692133275243e-01,0.000000000000000000e+00,0.000000000000000000e+00,0.000000000000000000e+00,0.000000000000000000e+00,4.033374162324258050e-01,4.298563801902384185e-01,0.000000000000000000e+00,0.000000000000000000e+00,4.137592170528570090e-01,0.000000000000000000e+00,0.000000000000000000e+00,0.000000000000000000e+00,4.191707223229497736e-01,2.867471195017928798e-01,4.180621749734331205e-01,0.000000000000000000e+00,3.267389916217253165e-01,2.791003288445977892e-01,3.061734547032523013e-01,3.434265948307412830e-01,3.023852616118660186e-01,2.245557184692280883e-01,2.109732739569362137e-01,3.244952488721227213e-01,0.000000000000000000e+00,0.000000000000000000e+00,0.000000000000000000e+00,0.000000000000000000e+00,0.000000000000000000e+00,0.000000000000000000e+00,0.000000000000000000e+00,0.000000000000000000e+00,0.000000000000000000e+00,5.041150450706481934e-01,0.000000000000000000e+00,0.000000000000000000e+00,0.000000000000000000e+00,0.000000000000000000e+00,0.000000000000000000e+00,0.000000000000000000e+00,0.000000000000000000e+00,0.000000000000000000e+00,0.000000000000000000e+00,0.000000000000000000e+00,0.000000000000000000e+00,0.000000000000000000e+00,0.000000000000000000e+00,0.000000000000000000e+00,0.000000000000000000e+00,0.000000000000000000e+00,0.000000000000000000e+00,0.000000000000000000e+00,0.000000000000000000e+00,4.937510247094756832e-01,0.000000000000000000e+00,0.000000000000000000e+00,0.000000000000000000e+00,0.000000000000000000e+00,0.000000000000000000e+00,0.000000000000000000e+00,0.000000000000000000e+00,0.000000000000000000e+00
0.000000000000000000e+00,3.966807142991123913e-01,3.647274969984767856e-01,3.068712947678080005e-01,0.000000000000000000e+00,3.750155411430476926e-01,3.250377094300578862e-01,3.837227506413807276e-01,3.162881619195134220e-01,4.317521851367834840e-01,3.180616330587868745e-01,4.108922509950241886e-01,3.692055884088091267e-01,3.265436025427611022e-01,0.000000000000000000e+00,4.163162260372567092e-01,0.000000000000000000e+00,4.022284518442988954e-01,3.536028895277872897e-01,0.000000000000000000e+00,4.490132629871367853e-01,0.000000000000000000e+00,3.761954332032720894e-01,4.354262886306605185e-01,3.839717248224910895e-01,3.908864641019508812e-01,3.803821408875083798e-01,3.897895620995134869e-01,0.000000000000000000e+00,0.000000000000000000e+00,4.430119136478773978e-01,3.641794037109252202e-01,0.000000000000000000e+00,4.352340639070499950e-01,4.101776208298977822e-01,2.854530346040484723e-01,3.879939403373982021e-01,4.113061523767576055e-01,4.494279577980174745e-01,0.000000000000000000e+00,4.123103455824909114e-01,0.000000000000000000e+00,4.252411132232856161e-01,0.000000000000000000e+00,0.000000000000000000e+00,0.000000000000000000e+00,0.000000000000000000e+00,5.240452971524454107e-01,0.000000000000000000e+00,5.347127538544865777e-01,5.231630621055425312e-01,5.304014416364387641e-01,4.638120753356730908e-01,5.152539327499519040e-01,0.000000000000000000e+00,4.336773591894624857e-01,0.000000000000000000e+00,5.352149260533590747e-01,0.000000000000000000e+00,0.000000000000000000e+00,0.000000000000000000e+00,0.000000000000000000e+00,0.000000000000000000e+00,5.072406331267899082e-01,0.000000000000000000e+00,0.000000000000000000e+00,0.000000000000000000e+00,5.250557359960625892e-01,0.000000000000000000e+00,0.000000000000000000e+00,0.000000000000000000e+00,5.229518549171420227e-01,5.114672203218489921e-01,0.000000000000000000e+00,0.000000000000000000e+00,0.000000000000000000e+00
4.480694831294649849e-01,4.088423695365265842e-01,3.877529077622661191e-01,4.213488146866439799e-01,3.750155411430476926e-01,0.000000000000000000e+00,4.082120102137126172e-01,4.477448894643852872e-01,3.435835681901904803e-01,4.338115300852348755e-01,3.984684422936646819e-01,4.230105606504762084e-01,3.839721533828672206e-01,4.436996086305780018e-01,4.470396099710631233e-01,4.486487073175349227e-01,4.421722782526527062e-01,4.319573689479341838e-01,3.649153992154428039e-01,4.135602608648478173e-01,4.339918726576947883e-01,4.394889278249458076e-01,3.860162680364271903e-01,4.506016273080671874e-01,3.898154382353378744e-01,4.186594828097174870e-01,3.688178597676258219e-01,4.052849426380792930e-01,3.631879442987541173e-01,3.984104946867547126e-01,4.143405610435257902e-01,4.150954069018373827e-01,3.910302423838484254e-01,4.327767665568342803e-01,4.357240036478746137e-01,4.434342809012005171e-01,4.366899580192579733e-01,4.212820644905878043e-01,5.201717865168949961e-01,0.000000000000000000e+00,5.442905919336287202e-01,5.101520721574106521e-01,4.967352710645924763e-01,5.036446512672994036e-01,0.000000000000000000e+00,0.000000000000000000e+00,4.644966913404549036e-01,5.739575061117896393e-01,5.287372801573959613e-01,5.452490624129820995e-01,5.447100247214582414e-01,5.526723684944452319e-01,5.074375012345007097e-01,5.614699576412407467e-01,0.000000000000000000e+00,5.289503915524037536e-01,0.000000000000000000e+00,5.445806983888377140e-01,0.000000000000000000e+00,4.897101067396785190e-01,4.534858747186891192e-01,0.000000000000000000e+00,4.249355865719807723e-01,5.538257785744895578e-01,5.047519363703910633e-01,5.056517905505596433e-01,4.763827903926706187e-01,5.379560225375926708e-01,0.000000000000000000e+00,4.450413872134776905e-01,4.743726010323753850e-01,5.356538304470034317e-01,5.306746166061508951e-01,5.188553470151950897e-01,5.323143707246638101e-01,5.466807073581281262e-01
0.000000000000000000e+00,4.067298704225513761e-01,4.182842142645695760e-01,3.092944654802020077e-01,3.250377094300578862e-01,4.082120102137126172e-01,0.000000000000000000e+00,4.455754236364558030e-01,3.637618203527041016e-01,3.949434589125109807e-01,4.273764587853028929e-01,3.769311252964707148e-01,3.533947107145931077e-01,3.638445906213841896e-01,0.000000000000000000e+00,4.317150026314919842e-01,4.045476916465777784e-01,4.161791696226970760e-01,4.299769036102082942e-01,4.352129887121795049e-01,0.000000000000000000e+00,4.538234032939932883e-01,4.139800424701738923e-01,3.809542169976486981e-01,3.851119577457091103e-01,4.009997568128182976e-01,4.124560395160017934e-01,3.817797838041956937e-01,4.260980456223871782e-01,0.000000000000000000e+00,4.126880163872891916e-01,3.739096219712373936e-01,3.655975592256587858e-01,3.865172030765748890e-01,3.601741723911949244e-01,3.155862415556727196e-01,3.314463624961315191e-01,3.720816829240535251e-01,4.507658130738242952e-01,0.000000000000000000e+00,4.243012888900091206e-01,3.814775992181765885e-01,4.871818761139565801e-01,0.000000000000000000e+00,3.419585386717096109e-01,0.000000000000000000e+00,4.569566694638327875e-01,5.499648576720886917e-01,0.000000000000000000e+00,5.344775672416739454e-01,5.138085477280283087e-01,5.449777324176459103e-01,4.942866771353475741e-01,0.000000000000000000e+00,0.000000000000000000e+00,4.867378319721977209e-01,0.000000000000000000e+00,5.365631261618297732e-01,4.906709949124266057e-01,0.000000000000000000e+00,4.477697659149709741e-01,0.000000000000000000e+00,0.000000000000000000e+00,5.449923754175145518e-01,4.848372988901006875e-01,0.000000000000000000e+00,4.539283811314008821e-01,5.344546152217527490e-01,0.000000000000000000e+00,0.000000000000000000e+00,4.604003303179475814e-01,5.248614693730740965e-01,5.268452104512532097e-01,4.987698771515431950e-01,0.000000000000000000e+00,5.393073901879950061e-01
4.931709249554793728e-01,4.391539435282463821e-01,4.713166342856527913e-01,3.831641805016776092e-01,3.837227506413807276e-01,4.477448894643852872e-01,4.455754236364558030e-01,0.000000000000000000e+00,4.514833234888873115e-01,4.849778705074043739e-01,3.407649816375916130e-01,4.754360514869799270e-01,4.611010354672309131e-01,3.651444302506829942e-01,0.000000000000000000e+00,4.767365230165037104e-01,0.000000000000000000e+00,0.000000000000000000e+00,4.291845192934156117e-01,4.105167605247911911e-01,4.114669489961282900e-01,4.565813066565214129e-01,3.778792080327377234e-01,4.987043043730208236e-01,4.780389652257410193e-01,4.733114411927816789e-01,4.517920762572130156e-01,4.535599184544161777e-01,4.285644970142148957e-01,4.368005985435752803e-01,4.579790363319151125e-01,3.930037540474369817e-01,4.629762606539155056e-01,4.702100583122560962e-01,4.520897742710047185e-01,2.694240288703840802e-01,4.442546880188246727e-01,4.963440356738547110e-01,4.757146547986804141e-01,0.000000000000000000e+00,5.054325777815554810e-01,5.427560942560485380e-01,4.446619902475156816e-01,0.000000000000000000e+00,0.000000000000000000e+00,0.000000000000000000e+00,0.000000000000000000e+00,5.530155279401756108e-01,0.000000000000000000e+00,5.410542055866875977e-01,5.064101071645448204e-01,5.336837493409711808e-01,3.430844081905314868e-01,5.368319576234037438e-01,0.000000000000000000e+00,4.555702511604701188e-01,0.000000000000000000e+00,5.056170314620079820e-01,4.372745752334594727e-01,5.086237513180089653e-01,0.000000000000000000e+00,0.000000000000000000e+00,0.000000000000000000e+00,5.250721042732700017e-01,4.988115020831795920e-01,4.425976129978034246e-01,0.000000000000000000e+00,5.063209626826217225e-01,0.000000000000000000e+00,4.942191481375102780e-01,4.982086010620143113e-01,5.140005974212175088e-01,4.756804793065875780e-01,4.739278691736812932e-01,0.000000000000000000e+00,5.044354845630611983e-01
0.000000000000000000e+00,3.900527529211584854e-01,3.022945244816264143e-01,4.030548188381832819e-01,3.162881619195134220e-01,3.435835681901904803e-01,3.637618203527041016e-01,4.514833234888873115e-01,0.000000000000000000e+00,4.518764069741628142e-01,3.059149976737666199e-01,4.341840782249883901e-01,4.003055429549808863e-01,3.952537931312192776e-01,0.000000000000000000e+00,4.095472253822742270e-01,4.577760541756675239e-01,4.486428443159308777e-01,2.728260519983771726e-01,0.000000000000000000e+00,0.000000000000000000e+00,4.233685203152677823e-01,3.908850221819802906e-01,4.194694957406360225e-01,4.060866113830042257e-01,3.865582000524008244e-01,3.865416335374514123e-01,4.427777944679329170e-01,4.040963159649770819e-01,4.264386179786890940e-01,4.608359174718860141e-01,4.217830668428133034e-01,4.074755692062315138e-01,4.589201464732844959e-01,4.398518785063800784e-01,4.081968137657893125e-01,4.346311044355897213e-01,4.329486608458267827e-01,5.379707804807871696e-01,0.000000000000000000e+00,5.022764286401425471e-01,4.522516280423353185e-01,5.196620108016954953e-01,4.325068636113619247e-01,0.000000000000000000e+00,0.000000000000000000e+00,0.000000000000000000e+00,5.429777460188350835e-01,0.000000000000000000e+00,5.567150690051557715e-01,5.642385432360306208e-01,5.697921922732912536e-01,5.396015007497929616e-01,5.601324420021569495e-01,0.000000000000000000e+00,4.969765287261552200e-01,0.000000000000000000e+00,5.681767595425990525e-01,5.131114650662790266e-01,0.000000000000000000e+00,0.000000000000000000e+00,0.000000000000000000e+00,0.000000000000000000e+00,5.699939541088777650e-01,0.000000000000000000e+00,0.000000000000000000e+00,0.000000000000000000e+00,5.685891291217815002e-01,0.000000000000000000e+00,0.000000000000000000e+00,0.000000000000000000e+00,5.619396250271259108e-01,5.464202078039324117e-01,5.291138976023780360e-01,0.000000000000000000e+00,5.614697350968207434e-01
4.096375856907705781e-01,3.282328777413915932e-01,4.538447474782709157e-01,2.713081364942199203e-01,4.317521851367834840e-01,4.338115300852348755e-01,3.949434589125109807e-01,4.849778705074043739e-01,4.518764069741628142e-01,0.000000000000000000e+00,4.585144996002116224e-01,3.030100638404344959e-01,4.128656203856003737e-01,4.454743985314806864e-01,0.000000000000000000e+00,3.944802837121664241e-01,3.323764325790363183e-01,3.543952118101882931e-01,4.595071495857153132e-01,3.983697755214669067e-01,4.858258366584777832e-01,4.018350689058998171e-01,4.588649649016552923e-01,3.216786716609275065e-01,3.296638602957894237e-01,3.024286606799557742e-01,4.340122266828045916e-01,3.944265680351440873e-01,4.178357450292604081e-01,0.000000000000000000e+00,3.247497727570741732e-01,3.475541260834716928e-01,3.242618217275755055e-01,3.209119114975232945e-01,2.869592737694113271e-01,3.738102697803206143e-01,3.048235359749397744e-01,3.076915368179690136e-01,4.330696265253872745e-01,3.922124972842929158e-01,3.915197388461689743e-01,0.000000000000000000e+00,0.000000000000000000e+00,0.000000000000000000e+00,3.679233026877681834e-01,0.000000000000000000e+00,0.000000000000000000e+00,0.000000000000000000e+00,0.000000000000000000e+00,0.000000000000000000e+00,0.000000000000000000e+00,4.452524187398048117e-01,0.000000000000000000e+00,0.000000000000000000e+00,4.540661669398147193e-01,0.000000000000000000e+00,4.669722673998196183e-01,4.324694331253329804e-01,0.000000000000000000e+00,0.000000000000000000e+00,0.000000000000000000e+00,4.709946902228451804e-01,4.601699127664052869e-01,0.000000000000000000e+00,0.000000000000000000e+00,0.000000000000000000e+00,0.000000000000000000e+00,0.000000000000000000e+00,4.265300090070033856e-01,4.726487838296388189e-01,4.625319697091256899e-01,5.162601233360825104e-01,4.233578940498060050e-01,0.000000000000000000e+00,0.000000000000000000e+00,4.241919930579636788e-01
0.000000000000000000e+00,0.000000000000000000e+00,3.162101341512945085e-01,3.792617546684431962e-01,3.180616330587868745e-01,3.984684422936646819e-01,4.273764587853028929e-01,3.407649816375916130e-01,3.059149976737666199e-01,4.585144996002116224e-01,0.000000000000000000e+00,4.396070664920487814e-01,4.521083058483579831e-01,2.948525753765234847e-01,0.000000000000000000e+00,0.000000000000000000e+00,4.489390082471428900e-01,4.653829313918951271e-01,2.558021919645657727e-01,0.000000000000000000e+00,0.000000000000000000e+00,0.000000000000000000e+00,2.459422852005863913e-01,4.308462040690345107e-01,4.556785068996063726e-01,4.587684906683037744e-01,3.833310565880176934e-01,4.475442800832442058e-01,0.000000000000000000e+00,0.000000000000000000e+00,4.751289780813823249e-01,4.087668569865696155e-01,4.130022061035493186e-01,4.587016088548633852e-01,4.363481215596902163e-01,3.531284691894068795e-01,4.339985679764595816e-01,4.316890875527883975e-01,4.471808994339439014e-01,0.000000000000000000e+00,4.704230835158231261e-01,4.165486161160401046e-01,4.370599526527431111e-01,4.246542775363775224e-01,4.237442433872293801e-01,0.000000000000000000e+00,0.000000000000000000e+00,4.649966903108803118e-01,0.000000000000000000e+00,4.633252045217722825e-01,5.261363885045017286e-01,5.148117346918468229e-01,0.000000000000000000e+00,4.445956215106274811e-01,0.000000000000000000e+00,2.975828134220245835e-01,0.000000000000000000e+00,4.944158636028577747e-01,4.555469024541712875e-01,0.000000000000000000e+00,0.000000000000000000e+00,0.000000000000000000e+00,0.000000000000000000e+00,3.219696424560163917e-01,0.000000000000000000e+00,0.000000000000000000e+00,0.000000000000000000e+00,5.240320615217280986e-01,0.000000000000000000e+00,0.000000000000000000e+00,0.000000000000000000e+00,5.252013305983347369e-01,4.901006800570175126e-01,0.000000000000000000e+00,0.000000000000000000e+00,4.698594356996096955e-01
3.720819069904002796e-01,3.335237589520909096e-01,4.420992856949215177e-01,2.961852253858098805e-01,4.108922509950241886e-01,4.230105606504762084e-01,3.769311252964707148e-01,4.754360514869799270e-01,4.341840782249883901e-01,3.030100638404344959e-01,4.396070664920487814e-01,0.000000000000000000e+00,3.954969707570147874e-01,0.000000000000000000e+00,0.000000000000000000e+00,0.000000000000000000e+00,3.564386635299522932e-01,3.519498890818538173e-01,4.340199197263822084e-01,4.567063512728082864e-01,4.393660039061165201e-01,4.559840341831005728e-01,4.670716384045481839e-01,2.703656795519631117e-01,3.314677322506442980e-01,2.735410337790166180e-01,4.335573233492103773e-01,3.731558642041010732e-01,4.481483651609113883e-01,0.000000000000000000e+00,3.377840739991658237e-01,2.758747754056242729e-01,2.908700349464328760e-01,2.612193113784789800e-01,3.128003092377977246e-01,3.058285638359941050e-01,3.463125734963761748e-01,2.304413424581376879e-01,2.741325845736526934e-01,4.156568908512853211e-01,4.054340718564861112e-01,0.000000000000000000e+00,0.000000000000000000e+00,0.000000000000000000e+00,3.851244775563020251e-01,0.000000000000000000e+00,0.000000000000000000e+00,0.000000000000000000e+00,0.000000000000000000e+00,0.000000000000000000e+00,0.000000000000000000e+00,0.000000000000000000e+00,0.000000000000000000e+00,0.000000000000000000e+00,4.559052444890678846e-01,0.000000000000000000e+00,4.652281243336334748e-01,4.406658269083195134e-01,0.000000000000000000e+00,0.000000000000000000e+00,0.000000000000000000e+00,4.701938044352669266e-01,4.506804395018810805e-01,0.000000000000000000e+00,0.000000000000000000e+00,0.000000000000000000e+00,0.000000000000000000e+00,4.924165467548519137e-01,4.304583699730786805e-01,4.672699433755230780e-01,4.520378323233669726e-01,5.015642546621644771e-01,4.277708311341368863e-01,0.000000000000000000e+00,0.000000000000000000e+00,4.333398344570306149e-01
0.000000000000000000e+00,4.241111669117397787e-01,4.395642437269861036e-01,3.096995927983848818e-01,3.692055884088091267e-01,3.839721533828672206e-01,3.533947107145931077e-01,4.611010354672309131e-01,4.003055429549808863e-01,4.128656203856003737e-01,4.521083058483579831e-01,3.954969707570147874e-01,0.000000000000000000e+00,3.767453490787009973e-01,4.514777682238497736e-01,4.576654187312800270e-01,4.204545559380390984e-01,4.404883463055639936e-01,4.489676967699929855e-01,4.372280545650398809e-01,4.534619450327105894e-01,4.675479589989995910e-01,4.319879550873270135e-01,4.082349522918600204e-01,4.146928472214689854e-01,4.203081805948937766e-01,4.344551676150812947e-01,3.773128612179315056e-01,4.050825326920219904e-01,4.173188888931175788e-01,4.200570493035051256e-01,3.962968751245863896e-01,3.915743499461091237e-01,4.227185472132560795e-01,4.036573769439290027e-01,3.403089403659012024e-01,3.600614947729356974e-01,3.932094801869112088e-01,4.405867923422142063e-01,0.000000000000000000e+00,4.267755693463832212e-01,4.385995949194385068e-01,4.466143701640096220e-01,0.000000000000000000e+00,3.595706820487976074e-01,0.000000000000000000e+00,4.704363537548535978e-01,5.448612179827666546e-01,0.000000000000000000e+00,0.000000000000000000e+00,5.401933205459970022e-01,5.495438096562244024e-01,5.019914114790442472e-01,5.478981928306787541e-01,4.327997625997190845e-01,4.649111525038215897e-01,0.000000000000000000e+00,5.429611708169590489e-01,0.000000000000000000e+00,4.828587792995766015e-01,4.642737705804065862e-01,0.000000000000000000e+00,4.375137226674162827e-01,5.520948168345667373e-01,4.896663646880283771e-01,0.000000000000000000e+00,4.730689392891623268e-01,5.338285796719322018e-01,0.000000000000000000e+00,4.573468996244524076e-01,4.793219867814518809e-01,5.234335106509452329e-01,5.255102892064407172e-01,5.021136194555225751e-01,5.320738631839919686e-01,5.352827378085927013e-01
0.000000000000000000e+00,0.000000000000000000e+00,4.370760458277250793e-01,3.090719692133275243e-01,3.265436025427611022e-01,4.436996086305780018e-01,3.638445906213841896e-01,3.651444302506829942e-01,3.952537931312192776e-01,4.454743985314806864e-01,2.948525753765234847e-01,0.000000000000000000e+00,3.767453490787009973e-01,0.000000000000000000e+00,0.000000000000000000e+00,4.902189373970031738e-01,0.000000000000000000e+00,0.000000000000000000e+00,3.967250793870272241e-01,0.000000000000000000e+00,4.673679419491766907e-01,0.000000000000000000e+00,3.979746006172558137e-01,5.036887807309217147e-01,0.000000000000000000e+00,4.714914091715045052e-01,4.535951194887635762e-01,3.559376994938008854e-01,0.000000000000000000e+00,0.000000000000000000e+00,0.000000000000000000e+00,3.188937131781909851e-01,0.000000000000000000e+00,4.122885455313192726e-01,0.000000000000000000e+00,2.336181271835975903e-01,1.862711935200491997e-01,0.000000000000000000e+00,4.759007935125970090e-01,0.000000000000000000e+00,0.000000000000000000e+00,0.000000000000000000e+00,4.398499440207199185e-01,0.000000000000000000e+00,0.000000000000000000e+00,0.000000000000000000e+00,0.000000000000000000e+00,5.179439524186369992e-01,0.000000000000000000e+00,0.000000000000000000e+00,5.148249179698592970e-01,5.336502194404602051e-01,4.391186833381652832e-01,5.145705111985381386e-01,0.000000000000000000e+00,4.513856038942344884e-01,0.000000000000000000e+00,0.000000000000000000e+00,4.102472066879271906e-01,0.000000000000000000e+00,0.000000000000000000e+00,0.000000000000000000e+00,0.000000000000000000e+00,0.000000000000000000e+00,0.000000000000000000e+00,0.000000000000000000e+00,0.000000000000000000e+00,5.107303270699156128e-01,0.000000000000000000e+00,0.000000000000000000e+00,0.000000000000000000e+00,5.211446149074973055e-01,4.606158137321472168e-01,0.000000000000000000e+00,0.000000000000000000e+00,0.000000000000000000e+00
3.667926106756819737e-01,4.427286654408553734e-01,0.000000000000000000e+00,0.000000000000000000e+00,0.000000000000000000e+00,4.470396099710631233e-01,0.000000000000000000e+00,0.000000000000000000e+00,0.000000000000000000e+00,0.000000000000000000e+00,0.000000000000000000e+00,0.000000000000000000e+00,4.514777682238497736e-01,0.000000000000000000e+00,0.000000000000000000e+00,4.363875579496950263e-01,0.000000000000000000e+00,4.036338465912909790e-01,0.000000000000000000e+00,3.360962633803907251e-01,3.680374736927933266e-01,3.742028506743941829e-01,3.290882028990940178e-01,0.000000000000000000e+00,3.871052130545367120e-01,3.411960143469985884e-01,3.956437068390776246e-01,4.019355633975301156e-01,4.228028932738815970e-01,0.000000000000000000e+00,4.087009690899077174e-01,4.331587612976042778e-01,4.120506633448078881e-01,4.304901273781184257e-01,4.712174146983074130e-01,4.695114739255598080e-01,0.000000000000000000e+00,0.000000000000000000e+00,5.002994873382842211e-01,4.890589206226133023e-01,4.986042971663448009e-01,5.337988845882691846e-01,0.000000000000000000e+00,0.000000000000000000e+00,0.000000000000000000e+00,4.891631799654431179e-01,5.299584707804149142e-01,0.000000000000000000e+00,0.000000000000000000e+00,0.000000000000000000e+00,4.868675448806727979e-01,0.000000000000000000e+00,0.000000000000000000e+00,0.000000000000000000e+00,0.000000000000000000e+00,0.000000000000000000e+00,0.000000000000000000e+00,0.000000000000000000e+00,0.000000000000000000e+00,4.931919703453270798e-01,5.125172580735799510e-01,0.000000000000000000e+00,4.920961551221769148e-01,0.000000000000000000e+00,4.336223015039892825e-01,5.040389532834924635e-01,5.167857595655532821e-01,4.165156204536836770e-01,0.000000000000000000e+00,4.751934046908151132e-01,5.472589841774327946e-01,5.012652354330260351e-01,0.000000000000000000e+00,4.960527508403259067e-01,0.000000000000000000e+00,4.922437765515246255e-01
4.063295367286572923e-01,4.058754813731120792e-01,0.000000000000000000e+00,0.000000000000000000e+00,4.163162260372567092e-01,4.486487073175349227e-01,4.317150026314919842e-01,4.767365230165037104e-01,4.095472253822742270e-01,3.944802837121664241e-01,0.000000000000000000e+00,0.000000000000000000e+00,4.576654187312800270e-01,4.902189373970031738e-01,4.363875579496950263e-01,0.000000000000000000e+00,3.858948104623148856e-01,3.489932434881060086e-01,0.000000000000000000e+00,4.125802163311595994e-01,4.230617138451148729e-01,3.910359529235932774e-01,4.355497264046129247e-01,3.653812356938532790e-01,3.846711834652161155e-01,4.198691300395064885e-01,4.315711455596112911e-01,4.535431921490590823e-01,4.398550044599753850e-01,4.243022799583331950e-01,3.707961858782152231e-01,4.450115510808945740e-01,3.810928468588635765e-01,3.938911265166460951e-01,4.391111809376364028e-01,4.413661666217080226e-01,0.000000000000000000e+00,4.190528094768524170e-01,4.772955053066527120e-01,4.690102624855763125e-01,4.528007373797123813e-01,4.818675907026632177e-01,0.000000000000000000e+00,0.000000000000000000e+00,0.000000000000000000e+00,4.912451755759297267e-01,4.812870629106968945e-01,0.000000000000000000e+00,0.000000000000000000e+00,0.000000000000000000e+00,4.326780341073239167e-01,0.000000000000000000e+00,0.000000000000000000e+00,0.000000000000000000e+00,0.000000000000000000e+00,0.000000000000000000e+00,0.000000000000000000e+00,0.000000000000000000e+00,0.000000000000000000e+00,4.944424681245512265e-01,4.600627369563333180e-01,4.716640149095018275e-01,4.404766395419819069e-01,0.000000000000000000e+00,5.001786352714306938e-01,4.902238443910639232e-01,4.697047323205427727e-01,4.951104241039894216e-01,0.000000000000000000e+00,4.560615610271525067e-01,4.841588165875013727e-01,5.011699758916015046e-01,0.000000000000000000e+00,4.971365459016389154e-01,0.000000000000000000e+00,4.506558982215794762e-01
0.000000000000000000e+00,3.867040670481775022e-01,0.000000000000000000e+00,0.000000000000000000e+00,0.000000000000000000e+00,4.421722782526527062e-01,4.045476916465777784e-01,0.000000000000000000e+00,4.577760541756675239e-01,3.323764325790363183e-01,4.489390082471428900e-01,3.564386635299522932e-01,4.204545559380390984e-01,0.000000000000000000e+00,0.000000000000000000e+00,3.858948104623148856e-01,0.000000000000000000e+00,3.360838945949558010e-01,0.000000000000000000e+00,3.987313724732922116e-01,0.000000000000000000e+00,3.960112185274806129e-01,0.000000000000000000e+00,3.612305476762425194e-01,3.471933495263498926e-01,3.365300493259142933e-01,4.085156589217546763e-01,4.137953045892026060e-01,4.055591644972190157e-01,4.248321318634605270e-01,3.464603316350076123e-01,4.165796125266957861e-01,3.499761404146010113e-01,3.675843688228823125e-01,3.651721259434874134e-01,3.699698501940825168e-01,0.000000000000000000e+00,3.569067387951718739e-01,0.000000000000000000e+00,4.475875294102796831e-01,4.508913376896743208e-01,0.000000000000000000e+00,0.000000000000000000e+00,0.000000000000000000e+00,0.000000000000000000e+00,0.000000000000000000e+00,0.000000000000000000e+00,0.000000000000000000e+00,0.000000000000000000e+00,0.000000000000000000e+00,0.000000000000000000e+00,0.000000000000000000e+00,0.000000000000000000e+00,0.000000000000000000e+00,4.805641120199327099e-01,0.000000000000000000e+00,4.813844228211163756e-01,0.000000000000000000e+00,0.000000000000000000e+00,0.000000000000000000e+00,4.404344734451691723e-01,4.742220460070269983e-01,4.696553141659037811e-01,0.000000000000000000e+00,0.000000000000000000e+00,0.000000000000000000e+00,0.000000000000000000e+00,0.000000000000000000e+00,4.737455035724111863e-01,4.724929798276020776e-01,4.618912366920958079e-01,0.000000000000000000e+00,0.000000000000000000e+00,0.000000000000000000e+00,0.000000000000000000e+00,4.759416047842641162e-01
3.916575537023285758e-01,4.084663166983090732e-01,4.603182687985860055e-01,0.000000000000000000e+00,4.022284518442988954e-01,4.319573689479341838e-01,4.161791696226970760e-01,0.000000000000000000e+00,4.486428443159308777e-01,3.543952118101882931e-01,4.653829313918951271e-01,3.519498890818538173e-01,4.404883463055639936e-01,0.000000000000000000e+00,4.036338465912909790e-01,3.489932434881060086e-01,3.360838945949558010e-01,0.000000000000000000e+00,4.893819725047491853e-01,4.233445379761051064e-01,4.112868566028611839e-01,4.153709713752440913e-01,4.317784344084316106e-01,3.632760683988974781e-01,3.476214485009366251e-01,3.788230309082016856e-01,4.239437365637712118e-01,4.367459440031836171e-01,4.423053108386795218e-01,4.172311732435796117e-01,3.676337722833539767e-01,4.246240789558469175e-01,3.484893284745638753e-01,3.946843071937302105e-01,4.066195764345442165e-01,0.000000000000000000e+00,0.000000000000000000e+00,3.484557291729156736e-01,4.609503297067638061e-01,4.348277404709016136e-01,4.464436208216384094e-01,4.554946193091312101e-01,0.000000000000000000e+00,0.000000000000000000e+00,0.000000000000000000e+00,4.419545606325808174e-01,4.700437626991472162e-01,0.000000000000000000e+00,0.000000000000000000e+00,0.000000000000000000e+00,0.000000000000000000e+00,0.000000000000000000e+00,0.000000000000000000e+00,0.000000000000000000e+00,4.632981457915100187e-01,0.000000000000000000e+00,4.670722416542282263e-01,4.627802428494329767e-01,0.000000000000000000e+00,4.497547874466212847e-01,4.436252869440637792e-01,4.643839750652156151e-01,4.455900430790382116e-01,0.000000000000000000e+00,0.000000000000000000e+00,4.348468986004241921e-01,4.527235948044948111e-01,4.511301071348159941e-01,4.740848410756365872e-01,4.555562838858165930e-01,4.637779979229668115e-01,0.000000000000000000e+00,4.494353257831886772e-01,4.659415470079411037e-01,0.000000000000000000e+00,4.617955816805844882e-01
0.000000000000000000e+00,0.000000000000000000e+00,2.612395929327426813e-01,4.033374162324258050e-01,3.536028895277872897e-01,3.649153992154428039e-01,4.299769036102082942e-01,4.291845192934156117e-01,2.728260519983771726e-01,4.595071495857153132e-01,2.558021919645657727e-01,4.340199197263822084e-01,4.489676967699929855e-01,3.967250793870272241e-01,0.000000000000000000e+00,0.000000000000000000e+00,0.000000000000000000e+00,4.893819725047491853e-01,0.000000000000000000e+00,0.000000000000000000e+00,0.000000000000000000e+00,0.000000000000000000e+00,2.740215045671097194e-01,3.927083799104796880e-01,0.000000000000000000e+00,4.503855117762922133e-01,3.434668802744085259e-01,4.440262213065612196e-01,4.587405715889436020e-01,4.658926385293478134e-01,4.590040261237923747e-01,4.031603269163239744e-01,3.936849138709184737e-01,4.538617376555018068e-01,4.242568240580031902e-01,4.030152659845478991e-01,4.222168721306143180e-01,4.236537053448192758e-01,5.387106921611316546e-01,0.000000000000000000e+00,5.662809762851552797e-01,4.250965408914821886e-01,5.082835173829941544e-01,5.433168254462648061e-01,0.000000000000000000e+00,0.000000000000000000e+00,0.000000000000000000e+00,4.554486810791700258e-01,0.000000000000000000e+00,5.577225016033052762e-01,5.731240364441618773e-01,5.712344364920053374e-01,5.508067596549511835e-01,5.656852255542051955e-01,0.000000000000000000e+00,2.747734909175181262e-01,0.000000000000000000e+00,5.632215573215583193e-01,6.047887586644936642e-01,0.000000000000000000e+00,0.000000000000000000e+00,0.000000000000000000e+00,0.000000000000000000e+00,5.595086024073963049e-01,0.000000000000000000e+00,0.000000000000000000e+00,0.000000000000000000e+00,5.770003586300642695e-01,0.000000000000000000e+00,0.000000000000000000e+00,0.000000000000000000e+00,5.673425711422804829e-01,5.525867301542387588e-01,5.252339941244333898e-01,0.000000000000000000e+00,5.691819790649390587e-01
4.345637141067619780e-01,4.128105938416197218e-01,0.000000000000000000e+00,4.298563801902384185e-01,0.000000000000000000e+00,4.135602608648478173e-01,4.352129887121795049e-01,4.105167605247911911e-01,0.000000000000000000e+00,3.983697755214669067e-01,0.000000000000000000e+00,4.567063512728082864e-01,4.372280545650398809e-01,0.000000000000000000e+00,3.360962633803907251e-01,4.125802163311595994e-01,3.987313724732922116e-01,4.233445379761051064e-01,0.000000000000000000e+00,0.000000000000000000e+00,4.061197341141041250e-01,3.467181991766483118e-01,2.879259115974883154e-01,3.969554494683755763e-01,3.969101858654583981e-01,4.238914464920569003e-01,3.167663980585652128e-01,3.816630349780423259e-01,3.406004985534258900e-01,3.376787507828106771e-01,3.814831424079371813e-01,4.280343563448764099e-01,3.549916150958020156e-01,4.336928829401667795e-01,4.692599426828096831e-01,4.985223330649414808e-01,4.595586821021941937e-01,4.456913350556961917e-01,4.635278580584643038e-01,4.699695751389482146e-01,4.917237716598599206e-01,5.177356541455456762e-01,0.000000000000000000e+00,4.174923673645967725e-01,0.000000000000000000e+00,0.000000000000000000e+00,4.722759592744851243e-01,0.000000000000000000e+00,0.000000000000000000e+00,0.000000000000000000e+00,4.513730392061482966e-01,0.000000000000000000e+00,4.663964652031444835e-01,0.000000000000000000e+00,0.000000000000000000e+00,0.000000000000000000e+00,0.000000000000000000e+00,0.000000000000000000e+00,0.000000000000000000e+00,4.936718806138046811e-01,4.596391096038695001e-01,0.000000000000000000e+00,4.526291843069462084e-01,0.000000000000000000e+00,4.815906081012145123e-01,4.662664368449668251e-01,4.811051725705089988e-01,4.960744872933965932e-01,0.000000000000000000e+00,4.310975962525880889e-01,5.042379422810189249e-01,4.974134843516836990e-01,4.764100093946843084e-01,4.836790872627603211e-01,5.056460086949662314e-01,4.843492249723145848e-01
3.698630003418917900e-01,4.335204770708538935e-01,0.000000000000000000e+00,0.000000000000000000e+00,4.490132629871367853e-01,4.339918726576947883e-01,0.000000000000000000e+00,4.114669489961282900e-01,0.000000000000000000e+00,4.858258366584777832e-01,0.000000000000000000e+00,4.393660039061165201e-01,4.534619450327105894e-01,4.673679419491766907e-01,3.680374736927933266e-01,4.230617138451148729e-01,0.000000000000000000e+00,4.112868566028611839e-01,0.000000000000000000e+00,4.061197341141041250e-01,0.000000000000000000e+00,4.343382081604719724e-01,3.811093520007243773e-01,4.568839774408868792e-01,4.340647602082927103e-01,3.863544118798082905e-01,3.993006226960347793e-01,4.561058359934064277e-01,4.316742853896267107e-01,0.000000000000000000e+00,4.198640940412550204e-01,4.265156393979647187e-01,3.990199469114331099e-01,4.231974413841124161e-01,4.919871767903314930e-01,4.459064130032763251e-01,0.000000000000000000e+00,0.000000000000000000e+00,4.833999332220054734e-01,4.150167440096844129e-01,4.848526617286483820e-01,5.355316757381777260e-01,0.000000000000000000e+00,0.000000000000000000e+00,0.000000000000000000e+00,4.466417031040276209e-01,5.076696009044976421e-01,0.000000000000000000e+00,0.000000000000000000e+00,0.000000000000000000e+00,4.523832916504281765e-01,0.000000000000000000e+00,2.734347039059776829e-01,0.000000000000000000e+00,4.948037562644911902e-01,0.000000000000000000e+00,4.839858191800837095e-01,0.000000000000000000e+00,0.000000000000000000e+00,4.953290760388898151e-01,4.831235256245364762e-01,0.000000000000000000e+00,4.598029473388131061e-01,0.000000000000000000e+00,4.691221913384527875e-01,4.332973823289740789e-01,4.918339970471036771e-01,4.564723892821114237e-01,0.000000000000000000e+00,4.706962981379897992e-01,5.162125328396488522e-01,4.811244911114059830e-01,0.000000000000000000e+00,4.511701428792134760e-01,0.000000000000000000e+00,0.000000000000000000e+00
