0.000000000000000000e+00,4.005383245273528847e-01,0.000000000000000000e+00,0.000000000000000000e+00,0.000000000000000000e+00,4.290143684931054802e-01,3.939975040176699195e-01,5.035148900679821127e-01,0.000000000000000000e+00,3.666923114386391180e-01,0.000000000000000000e+00,3.520763707766936257e-01,4.033615573881784155e-01,4.809189439255813769e-01,3.929314748887258735e-01,4.077403815691134081e-01,3.758032021217251883e-01,3.618598844954430960e-01,0.000000000000000000e+00,4.363414664659264197e-01,3.924153413065513130e-01,4.003265205509172753e-01,4.660181416948511179e-01,3.211611949008916223e-01,3.627873916839347013e-01,3.552340172697351917e-01,4.474242248354303730e-01,4.107955362613894268e-01,4.293369335099624928e-01,0.000000000000000000e+00,3.629646304434824833e-01,4.085225446347540146e-01,3.523478184618474840e-01,3.614782356996538160e-01,4.174303589113613766e-01,4.669307842405551190e-01,0.000000000000000000e+00,3.950587655655303787e-01,4.520066605621648748e-01,4.356863773108887727e-01,4.376632940605407751e-01,0.000000000000000000e+00,0.000000000000000000e+00,0.000000000000000000e+00,0.000000000000000000e+00,3.516634348661645815e-01,4.615649895579276851e-01,0.000000000000000000e+00,0.000000000000000000e+00,0.000000000000000000e+00,0.000000000000000000e+00,0.000000000000000000e+00,0.000000000000000000e+00,0.000000000000000000e+00,4.627570537350585989e-01,0.000000000000000000e+00,0.000000000000000000e+00,0.000000000000000000e+00,0.000000000000000000e+00,0.000000000000000000e+00,4.748188060077032091e-01,4.972488614817993091e-01,4.495829145546080263e-01,0.000000000000000000e+00,0.000000000000000000e+00,3.936273359037730790e-01,4.628896536196892009e-01,4.229063169473549211e-01,3.139241021991330260e-01,4.552919234843639251e-01,4.547286212443178988e-01,0.000000000000000000e+00,0.000000000000000000e+00,0.000000000000000000e+00,0.000000000000000000e+00,4.296624730275366844e-01
4.005383245273528847e-01,0.000000000000000000e+00,0.000000000000000000e+00,0.000000000000000000e+00,3.924944599676060131e-01,3.985062624020497823e-01,4.053486319780126856e-01,4.245299054700714114e-01,3.725166874103654213e-01,3.541548532544204209e-01,0.000000000000000000e+00,3.451303433050195157e-01,4.135212646816219251e-01,0.000000000000000000e+00,4.140217677931428142e-01,4.133979867136852171e-01,4.083490033228073801e-01,4.075111683058795231e-01,0.000000000000000000e+00,4.012323167708226057e-01,3.954123332243080768e-01,3.952882658813576255e-01,4.446735106715217767e-01,0.000000000000000000e+00,3.723088230598078918e-01,3.715279902761817743e-01,4.111590796397627257e-01,4.224823371328598198e-01,4.093066920916469953e-01,0.000000000000000000e+00,3.642127075732131125e-01,4.060746872807030061e-01,3.472151948158881951e-01,3.702135258010815222e-01,4.238904275515957831e-01,4.338246662739360104e-01,0.000000000000000000e+00,0.000000000000000000e+00,4.503853420685764997e-01,4.526634571915534866e-01,4.570103535012766116e-01,4.797489140389050166e-01,0.000000000000000000e+00,0.000000000000000000e+00,0.000000000000000000e+00,4.628219757778760934e-01,4.668499780629282725e-01,0.000000000000000000e+00,0.000000000000000000e+00,0.000000000000000000e+00,4.421649646997745098e-01,4.461173229875662893e-01,4.869082579047139259e-01,0.000000000000000000e+00,0.000000000000000000e+00,0.000000000000000000e+00,0.000000000000000000e+00,4.462063214688812840e-01,0.000000000000000000e+00,4.767572333561603815e-01,4.708568596930661210e-01,4.107492989234480807e-01,4.537210684355316159e-01,0.000000000000000000e+00,4.436808690717727877e-01,4.617355605249546247e-01,4.677904864293018772e-01,4.657683788513243828e-01,0.000000000000000000e+00,4.649998481647568127e-01,4.826244166358464871e-01,4.662557697796407274e-01,4.601402406278631840e-01,4.410765423580669253e-01,0.000000000000000000e+00,4.323209726824007726e-01
0.000000000000000000e+00,0.000000000000000000e+00,0.000000000000000000e+00,4.100219809701504126e-01,4.095801273328554259e-01,3.828644250930737791e-01,4.280209433922442797e-01,4.867009757865111141e-01,2.949465290818946150e-01,4.340963196226897969e-01,3.217464117710133187e-01,4.061713855064630896e-01,4.381580072709382878e-01,4.092882165308960873e-01,0.000000000000000000e+00,0.000000000000000000e+00,0.000000000000000000e+00,0.000000000000000000e+00,2.353130156662830985e-01,0.000000000000000000e+00,0.000000000000000000e+00,0.000000000000000000e+00,3.525418634281812791e-01,0.000000000000000000e+00,0.000000000000000000e+00,0.000000000000000000e+00,3.133880487755266175e-01,4.465001720984360101e-01,0.000000000000000000e+00,4.811053587961833244e-01,4.582994975551898942e-01,4.284584406700497894e-01,0.000000000000000000e+00,4.601733324535962066e-01,4.775855887471157080e-01,4.033115436758029082e-01,4.385014035641869867e-01,4.335908615916703734e-01,4.992284224022953132e-01,0.000000000000000000e+00,5.395678877830505371e-01,0.000000000000000000e+00,5.037628044091999602e-01,0.000000000000000000e+00,0.000000000000000000e+00,0.000000000000000000e+00,0.000000000000000000e+00,4.189553470114638078e-01,0.000000000000000000e+00,5.475357674189990087e-01,5.491490788689903368e-01,5.447991771167111086e-01,5.643596964276089700e-01,5.270140425768593540e-01,0.000000000000000000e+00,3.192895778965926801e-01,0.000000000000000000e+00,5.060194982476727832e-01,5.359444629730477638e-01,0.000000000000000000e+00,0.000000000000000000e+00,0.000000000000000000e+00,0.000000000000000000e+00,2.306851753786963999e-01,0.000000000000000000e+00,0.000000000000000000e+00,0.000000000000000000e+00,5.613356800277753411e-01,0.000000000000000000e+00,0.000000000000000000e+00,0.000000000000000000e+00,5.744889492343673298e-01,5.050050150290623652e-01,0.000000000000000000e+00,0.000000000000000000e+00,5.455765354883980178e-01
0.000000000000000000e+00,0.000000000000000000e+00,4.100219809701504126e-01,0.000000000000000000e+00,2.072764689380252046e-01,4.111901079650688851e-01,2.714264954469405855e-01,3.618029166610082781e-01,4.099366658893959237e-01,2.450284899374473024e-01,3.490526713625404232e-01,0.000000000000000000e+00,3.468167172502216178e-01,2.740459303380418099e-01,0.000000000000000000e+00,0.000000000000000000e+00,0.000000000000000000e+00,0.000000000000000000e+00,4.130234118999027149e-01,0.000000000000000000e+00,0.000000000000000000e+00,0.000000000000000000e+00,3.856709821140483774e-01,0.000000000000000000e+00,0.000000000000000000e+00,0.000000000000000000e+00,4.094225706836395751e-01,2.140444163809074041e-01,3.852483981128950186e-01,0.000000000000000000e+00,3.122541869339329756e-01,2.971094600056299884e-01,0.000000000000000000e+00,2.762080295391304841e-01,2.493921670386191891e-01,1.768446403083311080e-01,1.745522875570630073e-01,0.000000000000000000e+00,0.000000000000000000e+00,0.000000000000000000e+00,0.000000000000000000e+00,0.000000000000000000e+00,0.000000000000000000e+00,0.000000000000000000e+00,0.000000000000000000e+00,0.000000000000000000e+00,0.000000000000000000e+00,0.000000000000000000e+00,0.000000000000000000e+00,0.000000000000000000e+00,0.000000000000000000e+00,0.000000000000000000e+00,0.000000000000000000e+00,0.000000000000000000e+00,0.000000000000000000e+00,0.000000000000000000e+00,0.000000000000000000e+00,0.000000000000000000e+00,0.000000000000000000e+00,0.000000000000000000e+00,0.000000000000000000e+00,0.000000000000000000e+00,0.000000000000000000e+00,0.000000000000000000e+00,0.000000000000000000e+00,0.000000000000000000e+00,0.000000000000000000e+00,4.721074903515353749e-01,0.000000000000000000e+00,0.000000000000000000e+00,0.000000000000000000e+00,4.699351894879000846e-01,0.000000000000000000e+00,0.000000000000000000e+00,0.000000000000000000e+00,0.000000000000000000e+00
0.000000000000000000e+00,3.924944599676060131e-01,4.095801273328554259e-01,2.072764689380252046e-01,0.000000000000000000e+00,3.828761276408810810e-01,3.404259688826308805e-01,3.873551413583944947e-01,3.339411058108436858e-01,4.138849349484721163e-01,2.963048587496602271e-01,4.078347115827549163e-01,3.850708250983659875e-01,2.716938432022745209e-01,0.000000000000000000e+00,4.105455478102130185e-01,4.417601661371687860e-01,0.000000000000000000e+00,3.556973423076830176e-01,4.424797594547271729e-01,0.000000000000000000e+00,0.000000000000000000e+00,4.127403484212269769e-01,3.923981307379365013e-01,3.767088288355370795e-01,3.965577534640307156e-01,4.155252061162288957e-01,4.019600292854917933e-01,4.377962079765633230e-01,0.000000000000000000e+00,4.357916736880523834e-01,3.889273477518979116e-01,3.707305916716933103e-01,4.254056287522630098e-01,0.000000000000000000e+00,2.607534830419516170e-01,2.565491559165921087e-01,3.689901630697696167e-01,4.910621631405777121e-01,0.000000000000000000e+00,5.160740362828638572e-01,0.000000000000000000e+00,4.115913601174822078e-01,0.000000000000000000e+00,0.000000000000000000e+00,0.000000000000000000e+00,0.000000000000000000e+00,5.258783335776577861e-01,0.000000000000000000e+00,5.014436208493012748e-01,5.065157833392023301e-01,5.304501811381346910e-01,4.653638816340454065e-01,5.255186016740929222e-01,0.000000000000000000e+00,4.537843877025146133e-01,0.000000000000000000e+00,5.185391011897505509e-01,4.555253342453863818e-01,0.000000000000000000e+00,0.000000000000000000e+00,0.000000000000000000e+00,0.000000000000000000e+00,4.990185849651596062e-01,0.000000000000000000e+00,0.000000000000000000e+00,0.000000000000000000e+00,5.278062499611827496e-01,0.000000000000000000e+00,0.000000000000000000e+00,0.000000000000000000e+00,5.291728949035303664e-01,5.078178669243083032e-01,4.657989353079818873e-01,0.000000000000000000e+00,0.000000000000000000e+00
4.290143684931054802e-01,3.985062624020497823e-01,3.828644250930737791e-01,4.111901079650688851e-01,3.828761276408810810e-01,0.000000000000000000e+00,4.016716388160723183e-01,4.345185306083346188e-01,3.092071136492717254e-01,4.254601526298483205e-01,3.926711049722609870e-01,4.190962474672733085e-01,3.945511520451390752e-01,4.292369219072759146e-01,4.471931974860162140e-01,4.090875179700861897e-01,4.239127725898542143e-01,4.065688783168894815e-01,3.772398358489311154e-01,3.993345546887325792e-01,4.428886667926983933e-01,4.107380854104971113e-01,3.935760656692037229e-01,4.390852143418852993e-01,3.817565279070124218e-01,4.283711695845155987e-01,3.699702724395810272e-01,4.003990032421814727e-01,3.435418681044886124e-01,4.406594844267550104e-01,4.484037490276697180e-01,4.082533638552248156e-01,3.739120329249296937e-01,4.353635039441289267e-01,4.481443191984418872e-01,3.980205221514884206e-01,4.389504973993129111e-01,4.061505770147447736e-01,4.737700473576201277e-01,4.246493205213096034e-01,5.095940955122726379e-01,4.922585629831858767e-01,4.480813607817182853e-01,0.000000000000000000e+00,0.000000000000000000e+00,0.000000000000000000e+00,4.353620777799813157e-01,5.565082268418282130e-01,0.000000000000000000e+00,5.427579988196478133e-01,5.066215967212619464e-01,5.333089519090969954e-01,4.815344083482080983e-01,5.483718764710679983e-01,0.000000000000000000e+00,5.221988518618707609e-01,0.000000000000000000e+00,5.187426854086563122e-01,5.174821633187858261e-01,4.790556390758297090e-01,4.397004408962433275e-01,0.000000000000000000e+00,4.296177898496948977e-01,5.405576379961882783e-01,4.701204608756215930e-01,4.724801476184398163e-01,4.766061149567490940e-01,5.281315338752946564e-01,0.000000000000000000e+00,4.401069834759808175e-01,4.564260257241570251e-01,5.256772879942726018e-01,5.060401114119432719e-01,4.783406402436998772e-01,4.985813520774821095e-01,5.166789425413478298e-01
3.939975040176699195e-01,4.053486319780126856e-01,4.280209433922442797e-01,2.714264954469405855e-01,3.404259688826308805e-01,4.016716388160723183e-01,0.000000000000000000e+00,4.189287058383637796e-01,3.837544426353943772e-01,3.779687082056716885e-01,4.262048862171187724e-01,3.837753416147051122e-01,3.301192757017781809e-01,3.249632404859026935e-01,0.000000000000000000e+00,4.269834689404121142e-01,4.111568358987485738e-01,4.146532070097175837e-01,4.399837043364009936e-01,4.229323338363035201e-01,4.142217559713802233e-01,4.374583928025735924e-01,4.117749751515036860e-01,3.995054823733634186e-01,3.855818542502427171e-01,3.920805878158640789e-01,4.136306072361263797e-01,3.631556065454351057e-01,4.444336770997383002e-01,0.000000000000000000e+00,3.779567971171658991e-01,3.858851355238724912e-01,3.758394947471823122e-01,3.882704887221697931e-01,4.201011440241020911e-01,3.092599230991153747e-01,2.620957436120978090e-01,3.412847222375343104e-01,4.737869977255476095e-01,0.000000000000000000e+00,5.124874999775353990e-01,0.000000000000000000e+00,4.560948315867529024e-01,0.000000000000000000e+00,0.000000000000000000e+00,0.000000000000000000e+00,4.231020157374819068e-01,5.281575931668769375e-01,0.000000000000000000e+00,5.206508798985307607e-01,4.987722658325103864e-01,5.254833947548425144e-01,4.623391143422903027e-01,5.270211807850737618e-01,0.000000000000000000e+00,4.811881241684993205e-01,0.000000000000000000e+00,5.149999355221475117e-01,0.000000000000000000e+00,0.000000000000000000e+00,0.000000000000000000e+00,0.000000000000000000e+00,0.000000000000000000e+00,5.191877271225895374e-01,0.000000000000000000e+00,0.000000000000000000e+00,0.000000000000000000e+00,5.176519051312939990e-01,0.000000000000000000e+00,4.105629493088376880e-01,4.283910565081306965e-01,5.109616482187253617e-01,5.070507528322012458e-01,4.636630222139090929e-01,0.000000000000000000e+00,5.120550273945012609e-01
5.035148900679821127e-01,4.245299054700714114e-01,4.867009757865111141e-01,3.618029166610082781e-01,3.873551413583944947e-01,4.345185306083346188e-01,4.189287058383637796e-01,0.000000000000000000e+00,4.646987775967659773e-01,0.000000000000000000e+00,3.498784994166175832e-01,0.000000000000000000e+00,4.203153992721814225e-01,3.448657825194272886e-01,4.550567002397928884e-01,4.685784303844526266e-01,0.000000000000000000e+00,4.764853818896553905e-01,4.351934786731372906e-01,4.560418771243737734e-01,4.092228320301257161e-01,3.962816471236781934e-01,3.701400730921010074e-01,5.016562139451217206e-01,4.794991036852829791e-01,4.815758883826106174e-01,4.580868376893508787e-01,4.125721667869708953e-01,3.868555423903956014e-01,4.086177382514861178e-01,4.463821924223996818e-01,3.897304807099857271e-01,0.000000000000000000e+00,4.426310176242563843e-01,4.401700785467819732e-01,2.640545204198592177e-01,2.434038463703180888e-01,0.000000000000000000e+00,4.438667434964981839e-01,0.000000000000000000e+00,4.792941117913014915e-01,0.000000000000000000e+00,4.006069826355578845e-01,0.000000000000000000e+00,0.000000000000000000e+00,0.000000000000000000e+00,0.000000000000000000e+00,5.526154365398225909e-01,0.000000000000000000e+00,4.842334254078575206e-01,4.523419205784218189e-01,4.907158076186414197e-01,3.873327154036484976e-01,5.489783539072732310e-01,0.000000000000000000e+00,4.645880096897527234e-01,0.000000000000000000e+00,4.756201408508632933e-01,4.520044783848505832e-01,4.589362015542011175e-01,0.000000000000000000e+00,0.000000000000000000e+00,0.000000000000000000e+00,5.114214176020273062e-01,0.000000000000000000e+00,0.000000000000000000e+00,0.000000000000000000e+00,4.868196986830458095e-01,0.000000000000000000e+00,0.000000000000000000e+00,0.000000000000000000e+00,5.131899727917955678e-01,4.749133986865332058e-01,4.357358771242844098e-01,4.861119952067278760e-01,4.916303594891937023e-01
0.000000000000000000e+00,3.725166874103654213e-01,2.949465290818946150e-01,4.099366658893959237e-01,3.339411058108436858e-01,3.092071136492717254e-01,3.837544426353943772e-01,4.646987775967659773e-01,0.000000000000000000e+00,4.423552318201320888e-01,3.002388445421171892e-01,4.412062296269638195e-01,3.943115104343914989e-01,4.005302830008268811e-01,0.000000000000000000e+00,4.065496062044128833e-01,4.354910133597412192e-01,4.401689474147815195e-01,2.882821344794194163e-01,0.000000000000000000e+00,0.000000000000000000e+00,0.000000000000000000e+00,4.126258365183949062e-01,4.308566757119717816e-01,3.815407137438944773e-01,4.287830941322776090e-01,3.430172881238354177e-01,4.387349227238900862e-01,4.298791663819914732e-01,4.534395176348757772e-01,4.560158812863069899e-01,4.226045365846456958e-01,4.146338489055785836e-01,4.452981589294682796e-01,4.504290180830557988e-01,4.085529901980938239e-01,4.373206295037558866e-01,4.174821408475962170e-01,4.416708356179417927e-01,0.000000000000000000e+00,5.281437216853269723e-01,0.000000000000000000e+00,4.704322634603068098e-01,0.000000000000000000e+00,0.000000000000000000e+00,0.000000000000000000e+00,0.000000000000000000e+00,5.588591741096001764e-01,0.000000000000000000e+00,5.263415083732644328e-01,5.375642749684278465e-01,5.416867222396689607e-01,5.300732354738275642e-01,5.538996968541211041e-01,0.000000000000000000e+00,4.989843043765784802e-01,0.000000000000000000e+00,5.352997867051404457e-01,4.964167797386195846e-01,0.000000000000000000e+00,0.000000000000000000e+00,0.000000000000000000e+00,0.000000000000000000e+00,5.362505151994918506e-01,0.000000000000000000e+00,0.000000000000000000e+00,0.000000000000000000e+00,5.551705105705122545e-01,0.000000000000000000e+00,0.000000000000000000e+00,0.000000000000000000e+00,5.551551734431923180e-01,5.135262578797907818e-01,4.930339017392981193e-01,0.000000000000000000e+00,5.280920334204994848e-01
3.666923114386391180e-01,3.541548532544204209e-01,4.340963196226897969e-01,2.450284899374473024e-01,4.138849349484721163e-01,4.254601526298483205e-01,3.779687082056716885e-01,0.000000000000000000e+00,4.423552318201320888e-01,0.000000000000000000e+00,4.271224010167166130e-01,3.103937388874888903e-01,3.939502591342359250e-01,3.605392314698996903e-01,0.000000000000000000e+00,3.894641564607336792e-01,3.292040186066368945e-01,3.627977275621193098e-01,4.337701882393388830e-01,3.885625237212358973e-01,4.469563207500993895e-01,3.803581935749615894e-01,4.337271787333463746e-01,3.261336834982390132e-01,3.452920724971140776e-01,3.118330799181658897e-01,4.319515495001923777e-01,3.760144209880150745e-01,4.084578380719782742e-01,3.934336509748228017e-01,3.314317379778637940e-01,3.383904792922561855e-01,3.279667182278022119e-01,3.042224858819482791e-01,3.344107828819358197e-01,3.344917187797166735e-01,2.815667516489938071e-01,2.967599692857328941e-01,3.687403983550502917e-01,3.857623955701606766e-01,4.065578910104005184e-01,0.000000000000000000e+00,0.000000000000000000e+00,0.000000000000000000e+00,3.808727799348363141e-01,0.000000000000000000e+00,4.215411102211604755e-01,0.000000000000000000e+00,0.000000000000000000e+00,0.000000000000000000e+00,4.926961399534772190e-01,0.000000000000000000e+00,0.000000000000000000e+00,0.000000000000000000e+00,4.613461219381888023e-01,0.000000000000000000e+00,4.607122283376410277e-01,0.000000000000000000e+00,0.000000000000000000e+00,0.000000000000000000e+00,4.059675425093304812e-01,4.494190285021038012e-01,4.216631626482065243e-01,0.000000000000000000e+00,0.000000000000000000e+00,0.000000000000000000e+00,0.000000000000000000e+00,4.908121896264128758e-01,4.409350777159047885e-01,4.524636794834051012e-01,4.625280755248968867e-01,4.916052026507514161e-01,0.000000000000000000e+00,0.000000000000000000e+00,0.000000000000000000e+00,4.269140317179547228e-01
0.000000000000000000e+00,0.000000000000000000e+00,3.217464117710133187e-01,3.490526713625404232e-01,2.963048587496602271e-01,3.926711049722609870e-01,4.262048862171187724e-01,3.498784994166175832e-01,3.002388445421171892e-01,4.271224010167166130e-01,0.000000000000000000e+00,4.212006755634848942e-01,4.256746448754816781e-01,2.717775248116883757e-01,0.000000000000000000e+00,0.000000000000000000e+00,4.238113912538192807e-01,0.000000000000000000e+00,2.558277246217529055e-01,0.000000000000000000e+00,0.000000000000000000e+00,0.000000000000000000e+00,2.431233933122592117e-01,4.047179144122410865e-01,0.000000000000000000e+00,4.190026360015007834e-01,3.701891086778293927e-01,4.202611112413127126e-01,0.000000000000000000e+00,0.000000000000000000e+00,4.470383218838719919e-01,3.753207643214175881e-01,3.972166223833524246e-01,4.219309103884404943e-01,4.003098266355102908e-01,2.761774471842580736e-01,4.172812745530147249e-01,3.888087812203923077e-01,4.381589029649514133e-01,0.000000000000000000e+00,4.331320343302552112e-01,0.000000000000000000e+00,4.211918549404097267e-01,0.000000000000000000e+00,0.000000000000000000e+00,0.000000000000000000e+00,0.000000000000000000e+00,4.798724773445801062e-01,0.000000000000000000e+00,4.463914999849744047e-01,4.964383734925381098e-01,4.801459576924982930e-01,4.584986049741641145e-01,4.503046081735805894e-01,0.000000000000000000e+00,2.887274558034775840e-01,0.000000000000000000e+00,4.602184834984356931e-01,4.529001292916248755e-01,0.000000000000000000e+00,0.000000000000000000e+00,0.000000000000000000e+00,0.000000000000000000e+00,2.394334075241908999e-01,0.000000000000000000e+00,0.000000000000000000e+00,0.000000000000000000e+00,5.128842343762667344e-01,0.000000000000000000e+00,0.000000000000000000e+00,0.000000000000000000e+00,5.282476385699512722e-01,4.620878826638876169e-01,0.000000000000000000e+00,0.000000000000000000e+00,4.610953540562175990e-01
3.520763707766936257e-01,3.451303433050195157e-01,4.061713855064630896e-01,0.000000000000000000e+00,4.078347115827549163e-01,4.190962474672733085e-01,3.837753416147051122e-01,0.000000000000000000e+00,4.412062296269638195e-01,3.103937388874888903e-01,4.212006755634848942e-01,0.000000000000000000e+00,3.998464665194472190e-01,0.000000000000000000e+00,0.000000000000000000e+00,0.000000000000000000e+00,3.699109390227672822e-01,3.705216980915237990e-01,4.276293300835112277e-01,0.000000000000000000e+00,0.000000000000000000e+00,0.000000000000000000e+00,0.000000000000000000e+00,2.894768673755854782e-01,3.680895202629133056e-01,2.904234718578396213e-01,4.208194361360019231e-01,3.854201509465208786e-01,3.981686074533599129e-01,0.000000000000000000e+00,3.588067048953803018e-01,2.713433507762865182e-01,3.287117817302158129e-01,2.773815013627595749e-01,3.053825730446518838e-01,3.863646728885091752e-01,0.000000000000000000e+00,2.635534441810967188e-01,1.318357884883880893e-01,3.944589481875355741e-01,3.844141466508407268e-01,0.000000000000000000e+00,0.000000000000000000e+00,0.000000000000000000e+00,3.935077116488079896e-01,0.000000000000000000e+00,0.000000000000000000e+00,0.000000000000000000e+00,0.000000000000000000e+00,0.000000000000000000e+00,0.000000000000000000e+00,0.000000000000000000e+00,0.000000000000000000e+00,0.000000000000000000e+00,4.567551905238871890e-01,0.000000000000000000e+00,4.291637151492908031e-01,0.000000000000000000e+00,0.000000000000000000e+00,0.000000000000000000e+00,0.000000000000000000e+00,4.567815999974397245e-01,4.241955237908713872e-01,0.000000000000000000e+00,0.000000000000000000e+00,0.000000000000000000e+00,0.000000000000000000e+00,0.000000000000000000e+00,4.076650051452785917e-01,4.564843967923841728e-01,4.610814086063699802e-01,0.000000000000000000e+00,0.000000000000000000e+00,0.000000000000000000e+00,0.000000000000000000e+00,4.107598076005349874e-01
4.033615573881784155e-01,4.135212646816219251e-01,4.381580072709382878e-01,3.468167172502216178e-01,3.850708250983659875e-01,3.945511520451390752e-01,3.301192757017781809e-01,4.203153992721814225e-01,3.943115104343914989e-01,3.939502591342359250e-01,4.256746448754816781e-01,3.998464665194472190e-01,0.000000000000000000e+00,3.615101351180883271e-01,4.424032963848842925e-01,4.414061618196655767e-01,4.118345991033872111e-01,4.208194103642908246e-01,4.389396820856972248e-01,4.204412114568206738e-01,4.252156133331330135e-01,4.410445255477979942e-01,4.168744165576829808e-01,3.927773733607112239e-01,3.936937541266136154e-01,3.971425461303608184e-01,4.218106841461505829e-01,3.501310973231496204e-01,4.151248313154090042e-01,3.940749574437730773e-01,4.042487439649514736e-01,3.934526277859622945e-01,3.857003511815063068e-01,3.986862740806272898e-01,4.178391786562460908e-01,3.487079946980705114e-01,3.592011127821466143e-01,3.653244750306535171e-01,4.425957099458154853e-01,4.174599231021117185e-01,4.978167529283434867e-01,0.000000000000000000e+00,4.594804946740679852e-01,0.000000000000000000e+00,0.000000000000000000e+00,0.000000000000000000e+00,4.338216605421725824e-01,5.226670847909804518e-01,0.000000000000000000e+00,5.134089640538531674e-01,4.894293103161821978e-01,5.143426385104862275e-01,4.560665295481142745e-01,5.290309177637889659e-01,4.382379076063200873e-01,4.622913735887774767e-01,0.000000000000000000e+00,5.102158978492417063e-01,0.000000000000000000e+00,4.693784597730735197e-01,4.304695047138601960e-01,0.000000000000000000e+00,4.045179343006045092e-01,5.211706637916787566e-01,4.756916052735988276e-01,0.000000000000000000e+00,4.489745846758275150e-01,5.050309004920504607e-01,0.000000000000000000e+00,4.338876845810328842e-01,4.427477764361071877e-01,5.044275375375834036e-01,5.017901563570144052e-01,4.779973973800392129e-01,0.000000000000000000e+00,5.005184597060585716e-01
4.809189439255813769e-01,0.000000000000000000e+00,4.092882165308960873e-01,2.740459303380418099e-01,2.716938432022745209e-01,4.292369219072759146e-01,3.249632404859026935e-01,3.448657825194272886e-01,4.005302830008268811e-01,3.605392314698996903e-01,2.717775248116883757e-01,0.000000000000000000e+00,3.615101351180883271e-01,0.000000000000000000e+00,0.000000000000000000e+00,0.000000000000000000e+00,0.000000000000000000e+00,0.000000000000000000e+00,3.442073873209470225e-01,0.000000000000000000e+00,4.397626502836544105e-01,0.000000000000000000e+00,3.679546537045729759e-01,5.123773509491904576e-01,0.000000000000000000e+00,4.659277270295216766e-01,4.409382889096689073e-01,2.791230023765656210e-01,0.000000000000000000e+00,0.000000000000000000e+00,3.965773017811408119e-01,2.226472195543942878e-01,0.000000000000000000e+00,4.511658251285552979e-01,0.000000000000000000e+00,2.040500633632192085e-01,1.547263359938096938e-01,3.203073143959044855e-01,0.000000000000000000e+00,0.000000000000000000e+00,0.000000000000000000e+00,0.000000000000000000e+00,3.980149860404775808e-01,0.000000000000000000e+00,0.000000000000000000e+00,0.000000000000000000e+00,0.000000000000000000e+00,5.068781581023574789e-01,0.000000000000000000e+00,0.000000000000000000e+00,0.000000000000000000e+00,0.000000000000000000e+00,4.553064011307542125e-01,5.039237559944318434e-01,0.000000000000000000e+00,4.345036009099920160e-01,0.000000000000000000e+00,0.000000000000000000e+00,4.488727892283557730e-01,0.000000000000000000e+00,0.000000000000000000e+00,0.000000000000000000e+00,0.000000000000000000e+00,4.630493722082861807e-01,0.000000000000000000e+00,0.000000000000000000e+00,0.000000000000000000e+00,4.975451416936076954e-01,0.000000000000000000e+00,0.000000000000000000e+00,0.000000000000000000e+00,5.287327660563443388e-01,0.000000000000000000e+00,0.000000000000000000e+00,0.000000000000000000e+00,0.000000000000000000e+00
3.929314748887258735e-01,4.140217677931428142e-01,0.000000000000000000e+00,0.000000000000000000e+00,0.000000000000000000e+00,4.471931974860162140e-01,0.000000000000000000e+00,4.550567002397928884e-01,0.000000000000000000e+00,0.000000000000000000e+00,0.000000000000000000e+00,0.000000000000000000e+00,4.424032963848842925e-01,0.000000000000000000e+00,0.000000000000000000e+00,4.089600115355829790e-01,0.000000000000000000e+00,4.118229206937614184e-01,0.000000000000000000e+00,3.524226419646142028e-01,3.840276169867132272e-01,3.636654156373088087e-01,3.056575839610308210e-01,4.374281388453095110e-01,4.078995826263169255e-01,3.781214163992255850e-01,4.106414461049224807e-01,4.279767949100469759e-01,3.969685598073506849e-01,0.000000000000000000e+00,3.921126749469323047e-01,4.110406819793229194e-01,3.848611225126936097e-01,4.051360673939840007e-01,4.536321784310792249e-01,0.000000000000000000e+00,0.000000000000000000e+00,0.000000000000000000e+00,4.622402196548557884e-01,4.748945155251937944e-01,4.771631743119021940e-01,4.989646593165545929e-01,0.000000000000000000e+00,4.268687665462493896e-01,0.000000000000000000e+00,0.000000000000000000e+00,4.821697807032065963e-01,0.000000000000000000e+00,0.000000000000000000e+00,0.000000000000000000e+00,4.649617793228253970e-01,0.000000000000000000e+00,4.870381331699347727e-01,0.000000000000000000e+00,0.000000000000000000e+00,0.000000000000000000e+00,0.000000000000000000e+00,4.866074592541824728e-01,0.000000000000000000e+00,4.904047409992218221e-01,4.771041575983723249e-01,0.000000000000000000e+00,4.699631832073948856e-01,0.000000000000000000e+00,4.602254220320989853e-01,4.742909996514376170e-01,4.926204322377121803e-01,4.646358918022978068e-01,0.000000000000000000e+00,4.518048237675794110e-01,5.113789702030139273e-01,4.775789077209001143e-01,4.695922802434939203e-01,4.570841941016647869e-01,0.000000000000000000e+00,4.596962067549373865e-01
4.077403815691134081e-01,4.133979867136852171e-01,0.000000000000000000e+00,0.000000000000000000e+00,4.105455478102130185e-01,4.090875179700861897e-01,4.269834689404121142e-01,4.685784303844526266e-01,4.065496062044128833e-01,3.894641564607336792e-01,0.000000000000000000e+00,0.000000000000000000e+00,4.414061618196655767e-01,0.000000000000000000e+00,4.089600115355829790e-01,0.000000000000000000e+00,3.873934178097808156e-01,3.282264369915702251e-01,0.000000000000000000e+00,3.951061001100327208e-01,4.049238647115637746e-01,3.574352975698478763e-01,4.375847134149807860e-01,3.768066511876960178e-01,3.693340261577934824e-01,4.151677656860707222e-01,4.314937923032159950e-01,4.436045627622526855e-01,4.332318148634494159e-01,4.339896233415809768e-01,3.759240128163500172e-01,4.258468002585131806e-01,3.754832636379351052e-01,3.848669934775674206e-01,4.362562416382244068e-01,4.522041794151911986e-01,0.000000000000000000e+00,0.000000000000000000e+00,4.336128260778442933e-01,4.463971604026639728e-01,4.448932008053241849e-01,4.733851516380063740e-01,0.000000000000000000e+00,0.000000000000000000e+00,0.000000000000000000e+00,4.639422604558061103e-01,4.672977130768660170e-01,0.000000000000000000e+00,0.000000000000000000e+00,0.000000000000000000e+00,4.374315146759050199e-01,0.000000000000000000e+00,4.723030852008877067e-01,0.000000000000000000e+00,4.125457603206573176e-01,0.000000000000000000e+00,0.000000000000000000e+00,4.292987449950680934e-01,0.000000000000000000e+00,4.564688026684625144e-01,4.652486003938253734e-01,4.313570868401679914e-01,4.409430496834820801e-01,0.000000000000000000e+00,4.478829787499520876e-01,4.589339324018936184e-01,4.527670594699687023e-01,4.626866647306683844e-01,0.000000000000000000e+00,4.573655631979867131e-01,4.739255165404545056e-01,4.831744109055446934e-01,0.000000000000000000e+00,4.722150164631874758e-01,0.000000000000000000e+00,4.298285074379888937e-01
3.758032021217251883e-01,4.083490033228073801e-01,0.000000000000000000e+00,0.000000000000000000e+00,4.417601661371687860e-01,4.239127725898542143e-01,4.111568358987485738e-01,0.000000000000000000e+00,4.354910133597412192e-01,3.292040186066368945e-01,4.238113912538192807e-01,3.699109390227672822e-01,4.118345991033872111e-01,0.000000000000000000e+00,0.000000000000000000e+00,3.873934178097808156e-01,0.000000000000000000e+00,3.158159814345878891e-01,4.491561175007454110e-01,4.143439293733290896e-01,0.000000000000000000e+00,4.205943257085684728e-01,4.662045537157488151e-01,3.728270696387974148e-01,3.449756936700403842e-01,3.682397149905384248e-01,0.000000000000000000e+00,3.978838187145656846e-01,4.181322578475935026e-01,0.000000000000000000e+00,3.537261961648732744e-01,3.988307598787607100e-01,3.225962615067001771e-01,3.529996672583757267e-01,3.846689537878686949e-01,4.062322826276458243e-01,0.000000000000000000e+00,3.201344016683977944e-01,3.782449470759984833e-01,4.127377302909328027e-01,4.467915025659027206e-01,0.000000000000000000e+00,0.000000000000000000e+00,0.000000000000000000e+00,3.791755661659019783e-01,0.000000000000000000e+00,4.611945228020892795e-01,0.000000000000000000e+00,0.000000000000000000e+00,0.000000000000000000e+00,0.000000000000000000e+00,0.000000000000000000e+00,0.000000000000000000e+00,0.000000000000000000e+00,4.797961505112925962e-01,0.000000000000000000e+00,4.783183129851737991e-01,0.000000000000000000e+00,0.000000000000000000e+00,0.000000000000000000e+00,0.000000000000000000e+00,4.603191761892019840e-01,4.217917995655567909e-01,0.000000000000000000e+00,0.000000000000000000e+00,0.000000000000000000e+00,0.000000000000000000e+00,0.000000000000000000e+00,4.330080747395759766e-01,4.628043734531536724e-01,4.676197888998647190e-01,0.000000000000000000e+00,0.000000000000000000e+00,0.000000000000000000e+00,0.000000000000000000e+00,4.413339889491650903e-01
3.618598844954430960e-01,4.075111683058795231e-01,0.000000000000000000e+00,0.000000000000000000e+00,0.000000000000000000e+00,4.065688783168894815e-01,4.146532070097175837e-01,4.764853818896553905e-01,4.401689474147815195e-01,3.627977275621193098e-01,0.000000000000000000e+00,3.705216980915237990e-01,4.208194103642908246e-01,0.000000000000000000e+00,4.118229206937614184e-01,3.282264369915702251e-01,3.158159814345878891e-01,0.000000000000000000e+00,4.512798573625859122e-01,4.188752954483170865e-01,4.258718730346132131e-01,4.091648072084709820e-01,4.561189110709175099e-01,3.573935095690379260e-01,3.551634737360729877e-01,3.711976875264396125e-01,4.297495133512329035e-01,4.171952886840140096e-01,4.298153188311528150e-01,4.156424351061808742e-01,3.769829309892023805e-01,4.283306374110776860e-01,3.480793808559922153e-01,3.794298329391965208e-01,4.237667163990325170e-01,0.000000000000000000e+00,0.000000000000000000e+00,2.970624996338263046e-01,4.235189256714561035e-01,4.398796387287230991e-01,4.467411002637849959e-01,4.552940053697647760e-01,0.000000000000000000e+00,0.000000000000000000e+00,4.520189879420509205e-01,4.140573508564140970e-01,4.503960307872991731e-01,0.000000000000000000e+00,0.000000000000000000e+00,0.000000000000000000e+00,0.000000000000000000e+00,0.000000000000000000e+00,0.000000000000000000e+00,0.000000000000000000e+00,4.810199888679180802e-01,0.000000000000000000e+00,4.724080386671101750e-01,4.491447404420598755e-01,0.000000000000000000e+00,0.000000000000000000e+00,4.347939633625749756e-01,4.692609453529991148e-01,4.517959608490945134e-01,0.000000000000000000e+00,0.000000000000000000e+00,4.411783530946826737e-01,4.420522012202103834e-01,0.000000000000000000e+00,4.163511042736520174e-01,4.629757304581043065e-01,4.607647712738063839e-01,0.000000000000000000e+00,0.000000000000000000e+00,0.000000000000000000e+00,0.000000000000000000e+00,4.474910014617676235e-01
0.000000000000000000e+00,0.000000000000000000e+00,2.353130156662830985e-01,4.130234118999027149e-01,3.556973423076830176e-01,3.772398358489311154e-01,4.399837043364009936e-01,4.351934786731372906e-01,2.882821344794194163e-01,4.337701882393388830e-01,2.558277246217529055e-01,4.276293300835112277e-01,4.389396820856972248e-01,3.442073873209470225e-01,0.000000000000000000e+00,0.000000000000000000e+00,4.491561175007454110e-01,4.512798573625859122e-01,0.000000000000000000e+00,0.000000000000000000e+00,0.000000000000000000e+00,0.000000000000000000e+00,3.038987553009291909e-01,4.447536744858703872e-01,0.000000000000000000e+00,4.266861692734503220e-01,3.162975007230225954e-01,4.343590839620796173e-01,0.000000000000000000e+00,4.716799235541089819e-01,4.524748407671138062e-01,4.129096407386712020e-01,4.099795867504898994e-01,4.422277424924381806e-01,4.466519688509972830e-01,3.840568403805879050e-01,4.325971091470546814e-01,4.292817590073984002e-01,4.969053451789872122e-01,0.000000000000000000e+00,0.000000000000000000e+00,0.000000000000000000e+00,4.603916466275487784e-01,0.000000000000000000e+00,0.000000000000000000e+00,0.000000000000000000e+00,0.000000000000000000e+00,5.421147843909729369e-01,0.000000000000000000e+00,5.250481801046639196e-01,5.213591306362840294e-01,5.539201478627140407e-01,5.280073353255483326e-01,5.531161793505215973e-01,0.000000000000000000e+00,4.751465412658318899e-01,0.000000000000000000e+00,5.175508858112632948e-01,4.789478493058149100e-01,0.000000000000000000e+00,0.000000000000000000e+00,0.000000000000000000e+00,0.000000000000000000e+00,5.295376858384549523e-01,0.000000000000000000e+00,0.000000000000000000e+00,0.000000000000000000e+00,5.582846752376530164e-01,0.000000000000000000e+00,0.000000000000000000e+00,0.000000000000000000e+00,5.578200046748262864e-01,5.179068403088530337e-01,0.000000000000000000e+00,0.000000000000000000e+00,5.384750895134388093e-01
4.363414664659264197e-01,4.012323167708226057e-01,0.000000000000000000e+00,0.000000000000000000e+00,4.424797594547271729e-01,3.993345546887325792e-01,4.229323338363035201e-01,4.560418771243737734e-01,0.000000000000000000e+00,3.885625237212358973e-01,0.000000000000000000e+00,0.000000000000000000e+00,4.204412114568206738e-01,0.000000000000000000e+00,3.524226419646142028e-01,3.951061001100327208e-01,4.143439293733290896e-01,4.188752954483170865e-01,0.000000000000000000e+00,0.000000000000000000e+00,4.328876428860097270e-01,3.589439961433589232e-01,2.731161991877132933e-01,0.000000000000000000e+00,3.868420388418232769e-01,4.342119312212963100e-01,3.698340194686451921e-01,3.867330302122992114e-01,3.292278783029681244e-01,3.414065715277678215e-01,3.705902411592678081e-01,4.200688362123515818e-01,3.424082134995183879e-01,4.065415647313683767e-01,4.528001582085052212e-01,4.935352767024743237e-01,4.349635368163701221e-01,0.000000000000000000e+00,4.324554450365670766e-01,4.346336616713448175e-01,4.608863487003533876e-01,4.572329590475566752e-01,0.000000000000000000e+00,4.042837862698092088e-01,0.000000000000000000e+00,0.000000000000000000e+00,4.426072935103365080e-01,0.000000000000000000e+00,0.000000000000000000e+00,0.000000000000000000e+00,4.795285875939908071e-01,4.956544514598809070e-01,5.032025708865403013e-01,0.000000000000000000e+00,0.000000000000000000e+00,0.000000000000000000e+00,0.000000000000000000e+00,4.983574308012663212e-01,0.000000000000000000e+00,4.593687421797761905e-01,4.771875361371479829e-01,0.000000000000000000e+00,4.680689930481837790e-01,0.000000000000000000e+00,4.558017417735624188e-01,4.503092721662038111e-01,4.558410229609591857e-01,4.790710149513142113e-01,0.000000000000000000e+00,4.278574135939677836e-01,4.723928202867315185e-01,4.903000249812763944e-01,4.843146115944755858e-01,4.687140613613887119e-01,4.867799726412979089e-01,4.597036436572466966e-01
3.924153413065513130e-01,3.954123332243080768e-01,0.000000000000000000e+00,0.000000000000000000e+00,0.000000000000000000e+00,4.428886667926983933e-01,4.142217559713802233e-01,4.092228320301257161e-01,0.000000000000000000e+00,4.469563207500993895e-01,0.000000000000000000e+00,0.000000000000000000e+00,4.252156133331330135e-01,4.397626502836544105e-01,3.840276169867132272e-01,4.049238647115637746e-01,0.000000000000000000e+00,4.258718730346132131e-01,0.000000000000000000e+00,4.328876428860097270e-01,0.000000000000000000e+00,4.209991799060278095e-01,3.983160524972337857e-01,4.426567977038317059e-01,4.291500550709022033e-01,3.828226520617122874e-01,4.296194830900518791e-01,4.387125382472644164e-01,4.199679753056462239e-01,0.000000000000000000e+00,3.886478688468162912e-01,4.061284218394107248e-01,3.793568892811711724e-01,3.830051411029312125e-01,4.564469041542609795e-01,4.112516089599044800e-01,0.000000000000000000e+00,4.985602344043870149e-01,4.400441938600723746e-01,4.408165566431849203e-01,4.509757382039087936e-01,4.810673422371767871e-01,0.000000000000000000e+00,0.000000000000000000e+00,0.000000000000000000e+00,3.318498759848049207e-01,4.696874479595672947e-01,0.000000000000000000e+00,0.000000000000000000e+00,0.000000000000000000e+00,4.257959838899934013e-01,0.000000000000000000e+00,4.093000753265406133e-01,0.000000000000000000e+00,0.000000000000000000e+00,0.000000000000000000e+00,0.000000000000000000e+00,4.732328109315713793e-01,0.000000000000000000e+00,4.505339753142680870e-01,4.710342271883543042e-01,0.000000000000000000e+00,0.000000000000000000e+00,0.000000000000000000e+00,4.311733516392942112e-01,4.083113538563388212e-01,4.739859220909136139e-01,4.402951777259765942e-01,0.000000000000000000e+00,4.477252720668586927e-01,4.910291164927110819e-01,4.682972605035224944e-01,4.531951617564597967e-01,4.324409501921088195e-01,4.421953426756128902e-01,4.278940171934608738e-01
