0.000000000000000000e+00,4.221779939738342091e-01,0.000000000000000000e+00,0.000000000000000000e+00,0.000000000000000000e+00,3.883601227213830942e-01,0.000000000000000000e+00,4.871700712456147886e-01,0.000000000000000000e+00,3.899125042671430230e-01,0.000000000000000000e+00,3.694256938965591042e-01,0.000000000000000000e+00,0.000000000000000000e+00,3.927611508314108879e-01,4.135875720502517061e-01,4.069272184856254082e-01,4.025785081155786038e-01,0.000000000000000000e+00,4.289489921407361739e-01,4.019735263666922020e-01,4.158407550121048235e-01,4.355692001970090099e-01,3.370865911507329171e-01,3.820179547098874195e-01,3.700817248030985884e-01,4.374309630166505758e-01,4.747409500842562080e-01,4.608032533957894805e-01,4.448427941242493189e-01,3.875356504779420841e-01,4.204077192680025776e-01,3.735063673876498069e-01,3.732588975016953858e-01,3.861691719706987214e-01,0.000000000000000000e+00,0.000000000000000000e+00,3.631812757964719141e-01,4.594898401968023904e-01,4.596983829644827879e-01,4.484854895198581159e-01,4.431870053659406894e-01,0.000000000000000000e+00,0.000000000000000000e+00,0.000000000000000000e+00,3.897523914908568865e-01,4.908438298310697223e-01,0.000000000000000000e+00,0.000000000000000000e+00,0.000000000000000000e+00,4.276494485609703133e-01,0.000000000000000000e+00,0.000000000000000000e+00,0.000000000000000000e+00,4.785541666875972044e-01,0.000000000000000000e+00,4.658169426262939172e-01,0.000000000000000000e+00,0.000000000000000000e+00,0.000000000000000000e+00,4.801151107485127079e-01,0.000000000000000000e+00,4.639195764869580851e-01,0.000000000000000000e+00,4.592055136538126803e-01,3.345837474565416247e-01,4.836776620646123237e-01,4.627609348029492753e-01,0.000000000000000000e+00,4.619607171780640842e-01,4.647204025828445273e-01,4.647784647926362922e-01,0.000000000000000000e+00,0.000000000000000000e+00,0.000000000000000000e+00,4.394916032323972210e-01
4.221779939738342091e-01,0.000000000000000000e+00,3.949066821872356803e-01,0.000000000000000000e+00,4.110242509559092206e-01,4.036553016744698907e-01,4.325792860410365148e-01,4.728263104740296208e-01,4.009287078721748276e-01,3.406325488458217809e-01,0.000000000000000000e+00,3.586876160897519150e-01,4.331333849962014093e-01,0.000000000000000000e+00,4.203679152341306957e-01,4.011548247142194268e-01,0.000000000000000000e+00,4.115975250037496869e-01,0.000000000000000000e+00,4.317219209047171158e-01,4.334286806032688899e-01,3.925521900308667211e-01,4.335472113677200090e-01,3.705295142205324854e-01,3.603641827825169175e-01,3.734501549774730256e-01,4.250637286203797771e-01,4.263742302979587895e-01,4.179454731751521823e-01,0.000000000000000000e+00,3.541347006461750824e-01,4.105716844769218832e-01,3.688739172832954938e-01,3.604904595863229755e-01,4.270506603633740794e-01,0.000000000000000000e+00,0.000000000000000000e+00,0.000000000000000000e+00,4.747596870706418115e-01,4.541664739742681256e-01,4.596423157403952131e-01,4.776221806464592823e-01,0.000000000000000000e+00,0.000000000000000000e+00,0.000000000000000000e+00,4.726678691160525192e-01,4.889522887289400876e-01,0.000000000000000000e+00,0.000000000000000000e+00,0.000000000000000000e+00,4.592444290181678102e-01,0.000000000000000000e+00,0.000000000000000000e+00,0.000000000000000000e+00,0.000000000000000000e+00,0.000000000000000000e+00,4.408233252142471081e-01,4.559896516919346166e-01,0.000000000000000000e+00,4.939171544967189131e-01,4.704604620508124890e-01,0.000000000000000000e+00,4.613121532919017831e-01,0.000000000000000000e+00,4.690559583196364790e-01,4.783318500348592850e-01,4.780175684029622230e-01,4.946178345532937781e-01,0.000000000000000000e+00,4.781275322993960852e-01,4.979930049653464863e-01,4.741364832260321904e-01,4.682738583878052196e-01,4.709474844277075078e-01,0.000000000000000000e+00,4.442425845143865848e-01
0.000000000000000000e+00,3.949066821872356803e-01,0.000000000000000000e+00,4.266152203027336887e-01,3.941248796833943246e-01,3.997190803562041261e-01,4.459371498114200194e-01,4.795602834734434272e-01,3.197442417334017128e-01,4.528252731755396110e-01,3.255757281554467752e-01,0.000000000000000000e+00,4.538852580511730794e-01,4.338206908033023779e-01,0.000000000000000000e+00,0.000000000000000000e+00,0.000000000000000000e+00,0.000000000000000000e+00,2.771722753602091083e-01,0.000000000000000000e+00,0.000000000000000000e+00,0.000000000000000000e+00,3.319265414389038216e-01,0.000000000000000000e+00,3.835621160938347818e-01,4.266346950912273117e-01,3.202784334233262920e-01,4.619879262968895062e-01,0.000000000000000000e+00,0.000000000000000000e+00,4.675314620588311154e-01,4.198128174647401956e-01,3.925858322688737800e-01,4.702546384652253053e-01,4.685884030047399729e-01,4.226484911265401823e-01,4.281882600980613796e-01,0.000000000000000000e+00,5.374666788930329009e-01,0.000000000000000000e+00,5.659406563817815927e-01,5.520252810323866832e-01,5.353313170195521664e-01,5.315213190256599107e-01,0.000000000000000000e+00,0.000000000000000000e+00,0.000000000000000000e+00,3.714520992565044089e-01,0.000000000000000000e+00,5.652251426208146912e-01,5.790651578107711694e-01,5.852458903090085318e-01,5.735414427893220646e-01,4.862146866863690242e-01,0.000000000000000000e+00,4.814425351603843217e-01,0.000000000000000000e+00,5.692745400784635645e-01,5.202017703145421779e-01,0.000000000000000000e+00,0.000000000000000000e+00,0.000000000000000000e+00,0.000000000000000000e+00,2.599175558813199838e-01,0.000000000000000000e+00,0.000000000000000000e+00,0.000000000000000000e+00,5.968821516201616717e-01,0.000000000000000000e+00,0.000000000000000000e+00,0.000000000000000000e+00,5.866185133349134384e-01,5.276622912144871558e-01,5.247449901771172875e-01,0.000000000000000000e+00,5.728787779969135574e-01
0.000000000000000000e+00,0.000000000000000000e+00,4.266152203027336887e-01,0.000000000000000000e+00,3.302410871554172234e-01,4.285919604008239236e-01,3.294192540492895116e-01,3.603912074038868041e-01,4.212379012996487204e-01,2.477386717282422102e-01,3.869297037683117058e-01,0.000000000000000000e+00,3.366206123279960050e-01,3.020410696842437126e-01,0.000000000000000000e+00,0.000000000000000000e+00,0.000000000000000000e+00,0.000000000000000000e+00,4.080113986202758003e-01,0.000000000000000000e+00,0.000000000000000000e+00,4.801266493890463116e-01,3.999998298877870950e-01,0.000000000000000000e+00,0.000000000000000000e+00,0.000000000000000000e+00,4.183374757968145730e-01,3.044267517861222738e-01,0.000000000000000000e+00,0.000000000000000000e+00,3.431700220738773122e-01,2.981108973931353989e-01,0.000000000000000000e+00,3.029953829210261240e-01,3.219122746950989766e-01,2.321771082602616110e-01,2.046391480468532920e-01,0.000000000000000000e+00,2.579162529066699183e-01,0.000000000000000000e+00,0.000000000000000000e+00,0.000000000000000000e+00,0.000000000000000000e+00,2.408701071344420130e-01,0.000000000000000000e+00,0.000000000000000000e+00,0.000000000000000000e+00,0.000000000000000000e+00,0.000000000000000000e+00,0.000000000000000000e+00,0.000000000000000000e+00,0.000000000000000000e+00,0.000000000000000000e+00,0.000000000000000000e+00,0.000000000000000000e+00,0.000000000000000000e+00,0.000000000000000000e+00,0.000000000000000000e+00,0.000000000000000000e+00,0.000000000000000000e+00,0.000000000000000000e+00,0.000000000000000000e+00,0.000000000000000000e+00,0.000000000000000000e+00,0.000000000000000000e+00,0.000000000000000000e+00,0.000000000000000000e+00,4.882664442196164023e-01,0.000000000000000000e+00,0.000000000000000000e+00,0.000000000000000000e+00,4.995272074773858262e-01,0.000000000000000000e+00,0.000000000000000000e+00,0.000000000000000000e+00,0.000000000000000000e+00
0.000000000000000000e+00,4.110242509559092206e-01,3.941248796833943246e-01,3.302410871554172234e-01,0.000000000000000000e+00,4.101707344762133833e-01,3.596680677154673877e-01,4.560158844208050954e-01,3.630791599059741137e-01,4.468928747874180152e-01,3.579699457784037975e-01,4.333961254883603731e-01,3.749560331285132220e-01,3.452342257626893063e-01,0.000000000000000000e+00,4.458985066246449747e-01,4.484774336498462133e-01,4.311623992033871144e-01,3.821680010372758840e-01,4.344238975702823802e-01,0.000000000000000000e+00,4.376782773789538727e-01,4.144759844141410743e-01,0.000000000000000000e+00,4.030979443866675171e-01,4.085720679757954832e-01,4.172178150414069808e-01,4.308921667823045754e-01,4.504188053068027275e-01,0.000000000000000000e+00,4.741432941765689191e-01,3.861593483358188861e-01,3.686857004407373961e-01,4.547063206758347187e-01,4.549040523680549786e-01,2.972186011295849806e-01,3.279538297941840264e-01,0.000000000000000000e+00,4.797106074552390798e-01,0.000000000000000000e+00,5.543924128748392022e-01,0.000000000000000000e+00,4.797295012224804811e-01,0.000000000000000000e+00,0.000000000000000000e+00,0.000000000000000000e+00,0.000000000000000000e+00,5.618889214608553395e-01,0.000000000000000000e+00,5.246724097879374993e-01,5.620048031134659006e-01,5.679913174003413667e-01,5.436627045977022732e-01,5.708305372175861425e-01,0.000000000000000000e+00,4.322641720340792970e-01,0.000000000000000000e+00,5.479400092693058610e-01,0.000000000000000000e+00,0.000000000000000000e+00,0.000000000000000000e+00,0.000000000000000000e+00,0.000000000000000000e+00,5.023206265754920352e-01,0.000000000000000000e+00,0.000000000000000000e+00,0.000000000000000000e+00,5.647407866909163188e-01,0.000000000000000000e+00,0.000000000000000000e+00,4.716028000878337845e-01,5.651320918779011437e-01,5.305200500291389343e-01,5.222538541201620088e-01,0.000000000000000000e+00,5.588824077395527778e-01
3.883601227213830942e-01,4.036553016744698907e-01,3.997190803562041261e-01,4.285919604008239236e-01,4.101707344762133833e-01,0.000000000000000000e+00,4.260324498383027958e-01,4.467242289920391740e-01,3.418843749217789774e-01,4.276733251556583126e-01,4.218138681464038142e-01,4.437492272614240729e-01,3.988378236880458227e-01,4.352520890321968094e-01,4.134670082188944829e-01,4.433259508866628229e-01,0.000000000000000000e+00,4.218940358401713775e-01,4.081644457703211826e-01,4.179927808777714748e-01,4.320287346540587214e-01,4.227390543769367071e-01,4.007909439812967767e-01,0.000000000000000000e+00,3.846876048618981803e-01,4.070269473375596747e-01,3.759628120285660180e-01,4.051324913305434094e-01,3.749476085467403075e-01,4.436471170059095859e-01,4.402713828655652750e-01,4.084420485364761988e-01,3.801994786460206055e-01,4.465667109195842754e-01,4.495541568727243198e-01,4.615912215197431889e-01,4.450799161943455040e-01,0.000000000000000000e+00,5.309479842142230677e-01,3.924190904381721912e-01,5.459662576561913339e-01,5.398443313991339032e-01,5.056943602015481209e-01,5.206979640175835033e-01,0.000000000000000000e+00,4.596493790456334105e-01,4.486492577151174888e-01,5.776053069735813672e-01,0.000000000000000000e+00,5.551472421581861161e-01,5.511047028155587890e-01,5.618254599562199081e-01,5.154751032340399997e-01,5.730498769966908545e-01,0.000000000000000000e+00,5.178867060620429008e-01,0.000000000000000000e+00,5.447105506210435655e-01,0.000000000000000000e+00,4.831031167072549204e-01,4.204794693742595069e-01,0.000000000000000000e+00,0.000000000000000000e+00,5.624290127702781250e-01,4.989952255952745941e-01,4.730425388824358035e-01,4.663420123777480830e-01,5.570974104969785845e-01,0.000000000000000000e+00,4.129422330474499248e-01,4.630414594401389139e-01,5.510893079337066958e-01,5.389701702932170324e-01,5.260250850863729122e-01,5.381621610703140046e-01,5.458320143297350491e-01
0.000000000000000000e+00,4.325792860410365148e-01,4.459371498114200194e-01,3.294192540492895116e-01,3.596680677154673877e-01,4.260324498383027958e-01,0.000000000000000000e+00,4.967958438678796163e-01,4.206852422753237231e-01,4.192335690526661773e-01,4.627463905210605910e-01,4.230024324955288240e-01,3.653268498618810756e-01,3.743493378200585253e-01,0.000000000000000000e+00,4.607022297329079197e-01,0.000000000000000000e+00,4.386610923147967189e-01,4.584932244265680912e-01,4.524835519929470973e-01,0.000000000000000000e+00,4.660056720676652997e-01,4.505562166590226236e-01,4.234957098960875910e-01,4.299049680307653887e-01,4.396359152727378761e-01,4.417989596092927185e-01,4.389187757364180209e-01,4.684654210709653932e-01,0.000000000000000000e+00,4.509773888734570080e-01,4.089305431653940115e-01,4.291476234894058828e-01,4.186283416207247088e-01,4.023712710022390726e-01,3.175643497756707734e-01,3.143687655973121942e-01,0.000000000000000000e+00,5.394788980990380400e-01,0.000000000000000000e+00,5.560350079433518111e-01,5.502614125876719164e-01,4.976983667596561745e-01,5.011188084853867020e-01,0.000000000000000000e+00,0.000000000000000000e+00,4.642665563845568277e-01,5.739675825645333962e-01,0.000000000000000000e+00,5.620185787254761145e-01,5.554153909410426415e-01,5.657408443356680694e-01,5.353819737644712751e-01,5.649143547137566168e-01,0.000000000000000000e+00,5.169680015926115813e-01,0.000000000000000000e+00,5.535161580808344306e-01,5.265419163848904516e-01,0.000000000000000000e+00,0.000000000000000000e+00,0.000000000000000000e+00,0.000000000000000000e+00,5.669010682565538417e-01,0.000000000000000000e+00,0.000000000000000000e+00,0.000000000000000000e+00,5.659691804809314775e-01,0.000000000000000000e+00,0.000000000000000000e+00,4.783849705027244936e-01,5.572435565945462743e-01,5.465454442715467209e-01,5.300026798978958453e-01,0.000000000000000000e+00,5.592528416165485350e-01
4.871700712456147886e-01,4.728263104740296208e-01,4.795602834734434272e-01,3.603912074038868041e-01,4.560158844208050954e-01,4.467242289920391740e-01,4.967958438678796163e-01,0.000000000000000000e+00,4.834281075371056891e-01,4.679497580580945781e-01,3.306062886354368957e-01,4.762971930650111152e-01,4.807564983196008224e-01,3.491717720927268176e-01,4.326058289143441260e-01,4.509511689568311277e-01,0.000000000000000000e+00,4.698636312856188102e-01,4.212404803461511915e-01,4.354699196574622899e-01,3.996344099301962216e-01,4.370827011656027161e-01,3.888351175678845806e-01,4.948485586246101908e-01,4.842930853800310187e-01,4.833459989339001228e-01,4.496268223364364158e-01,4.538267039689666271e-01,4.280178500795773777e-01,4.378377253677747105e-01,4.675335696129696017e-01,4.074627168684925027e-01,4.028837705299894156e-01,4.768198259094609814e-01,4.821341598334136780e-01,2.971413213192538039e-01,3.751917609195418724e-01,0.000000000000000000e+00,5.062456060400971625e-01,0.000000000000000000e+00,5.320496299853558764e-01,5.189649695860922840e-01,4.945376963647605262e-01,4.748717974304482170e-01,0.000000000000000000e+00,0.000000000000000000e+00,0.000000000000000000e+00,5.667338833354302885e-01,0.000000000000000000e+00,5.582709803321843633e-01,5.309720174912863078e-01,5.499182911341635727e-01,4.987629492368251261e-01,5.549730127712506622e-01,0.000000000000000000e+00,4.700543247558374160e-01,0.000000000000000000e+00,5.355220419014282696e-01,0.000000000000000000e+00,5.241653002531717620e-01,0.000000000000000000e+00,0.000000000000000000e+00,0.000000000000000000e+00,5.194189889980913577e-01,5.339406496227179222e-01,5.445900841909505630e-01,0.000000000000000000e+00,5.520290831788430275e-01,0.000000000000000000e+00,0.000000000000000000e+00,0.000000000000000000e+00,5.512252265639501214e-01,5.204588884788026171e-01,5.194635215214518098e-01,5.303658343424560995e-01,5.372621490455554705e-01
0.000000000000000000e+00,4.009287078721748276e-01,3.197442417334017128e-01,4.212379012996487204e-01,3.630791599059741137e-01,3.418843749217789774e-01,4.206852422753237231e-01,4.834281075371056891e-01,0.000000000000000000e+00,4.604063164275662978e-01,3.175986050878940037e-01,4.512627168863380112e-01,4.219596766748520134e-01,4.177477501130170134e-01,0.000000000000000000e+00,4.244810282950723934e-01,0.000000000000000000e+00,4.254470616022948959e-01,2.557727599272298091e-01,4.188530924416661860e-01,4.007852674722464092e-01,4.154883819618461205e-01,4.080538788852334786e-01,0.000000000000000000e+00,3.755795947805353752e-01,4.093836494735577092e-01,3.847395600580372776e-01,4.578954274429892224e-01,4.067208514007156217e-01,4.461118364740296882e-01,4.800644047469265763e-01,4.304334950432133766e-01,4.059367831101988178e-01,4.737351194309519786e-01,4.728674063069773226e-01,4.364898437166710998e-01,4.442483587758354058e-01,4.317959526873397791e-01,5.279373333104100396e-01,0.000000000000000000e+00,5.520257794490683878e-01,5.478080363579063139e-01,5.193852887004413166e-01,5.177251815742389685e-01,0.000000000000000000e+00,0.000000000000000000e+00,4.475549909138807902e-01,5.800841960100561190e-01,0.000000000000000000e+00,5.698772559972105078e-01,5.634706290211158874e-01,5.756096572311938386e-01,5.506851253205788943e-01,5.745343637828387306e-01,0.000000000000000000e+00,5.278536473877094570e-01,0.000000000000000000e+00,5.644040116459210221e-01,5.744924748354834909e-01,0.000000000000000000e+00,0.000000000000000000e+00,0.000000000000000000e+00,0.000000000000000000e+00,5.517362942063084308e-01,0.000000000000000000e+00,0.000000000000000000e+00,4.604176968071945764e-01,5.823716295920362551e-01,0.000000000000000000e+00,0.000000000000000000e+00,4.568970082913538233e-01,5.711662896847228277e-01,5.426536190886543931e-01,5.119950647451476655e-01,0.000000000000000000e+00,5.490473644644711104e-01
3.899125042671430230e-01,3.406325488458217809e-01,4.528252731755396110e-01,2.477386717282422102e-01,4.468928747874180152e-01,4.276733251556583126e-01,4.192335690526661773e-01,4.679497580580945781e-01,4.604063164275662978e-01,0.000000000000000000e+00,4.662435168912034134e-01,2.872769917292536945e-01,4.154770457172090037e-01,4.395131892858684108e-01,4.487580358982086182e-01,3.772031702251424923e-01,3.355857897528579104e-01,3.543943349330623827e-01,4.507461340728098897e-01,0.000000000000000000e+00,4.489015741012021832e-01,3.907301662561674105e-01,4.332928993422551778e-01,3.159629157476603889e-01,3.327637415099998774e-01,3.616438108584594802e-01,4.271876988696496902e-01,4.014423837194531774e-01,0.000000000000000000e+00,0.000000000000000000e+00,3.391220335031023825e-01,3.562746222483390013e-01,3.222205606825644941e-01,3.202972769274404774e-01,3.021908798438008859e-01,3.381129231148150005e-01,2.653006463999513231e-01,2.960928618348807051e-01,2.976996255325725094e-01,4.038279522863831850e-01,3.965522356475549848e-01,0.000000000000000000e+00,0.000000000000000000e+00,0.000000000000000000e+00,4.548684440180181254e-01,4.231482433628551143e-01,0.000000000000000000e+00,0.000000000000000000e+00,0.000000000000000000e+00,0.000000000000000000e+00,0.000000000000000000e+00,0.000000000000000000e+00,0.000000000000000000e+00,0.000000000000000000e+00,4.704728608306357196e-01,0.000000000000000000e+00,4.750344088350941796e-01,4.277080511682934127e-01,0.000000000000000000e+00,0.000000000000000000e+00,4.238281643041578728e-01,4.810142957674540809e-01,4.541558867862345861e-01,0.000000000000000000e+00,0.000000000000000000e+00,0.000000000000000000e+00,0.000000000000000000e+00,5.205379865558548147e-01,4.576993825195938004e-01,4.750893804937911247e-01,4.756804247103249006e-01,0.000000000000000000e+00,4.297777005398784045e-01,0.000000000000000000e+00,0.000000000000000000e+00,4.446365056010483929e-01
0.000000000000000000e+00,0.000000000000000000e+00,3.255757281554467752e-01,3.869297037683117058e-01,3.579699457784037975e-01,4.218138681464038142e-01,4.627463905210605910e-01,3.306062886354368957e-01,3.175986050878940037e-01,4.662435168912034134e-01,0.000000000000000000e+00,4.528553000511715276e-01,4.683316636025405266e-01,3.253226042381803795e-01,0.000000000000000000e+00,0.000000000000000000e+00,4.571385198704728259e-01,4.539087973567669243e-01,2.485502446818738942e-01,0.000000000000000000e+00,0.000000000000000000e+00,0.000000000000000000e+00,2.770188986671555109e-01,0.000000000000000000e+00,0.000000000000000000e+00,4.469966092694420134e-01,3.709688577771201867e-01,4.635697609100022931e-01,4.775995585163257950e-01,0.000000000000000000e+00,4.839770068768101119e-01,4.070746333738988199e-01,3.962636434677895836e-01,4.730996395383115782e-01,4.566493966618068168e-01,3.452301473699926904e-01,4.347377571531845786e-01,4.346506134082129824e-01,4.538662099793374094e-01,0.000000000000000000e+00,4.632479977383094916e-01,0.000000000000000000e+00,4.490365814962419821e-01,0.000000000000000000e+00,0.000000000000000000e+00,0.000000000000000000e+00,0.000000000000000000e+00,5.329938677693748517e-01,0.000000000000000000e+00,4.666985770184037818e-01,5.325080239075756783e-01,5.056084364013457844e-01,4.756490981786681838e-01,5.230589577118269773e-01,0.000000000000000000e+00,3.174369033937194939e-01,0.000000000000000000e+00,4.857065892022260911e-01,0.000000000000000000e+00,0.000000000000000000e+00,0.000000000000000000e+00,0.000000000000000000e+00,0.000000000000000000e+00,3.028745294441558822e-01,4.379159539028349979e-01,0.000000000000000000e+00,0.000000000000000000e+00,5.381793836767622130e-01,0.000000000000000000e+00,0.000000000000000000e+00,0.000000000000000000e+00,5.399291772485895757e-01,4.754619350664324173e-01,4.613158427263416850e-01,0.000000000000000000e+00,4.963468916107878770e-01
3.694256938965591042e-01,3.586876160897519150e-01,0.000000000000000000e+00,0.000000000000000000e+00,4.333961254883603731e-01,4.437492272614240729e-01,4.230024324955288240e-01,4.762971930650111152e-01,4.512627168863380112e-01,2.872769917292536945e-01,4.528553000511715276e-01,0.000000000000000000e+00,4.074787159816445903e-01,0.000000000000000000e+00,0.000000000000000000e+00,0.000000000000000000e+00,3.850895061903029104e-01,3.822034905948286099e-01,4.602822136958976129e-01,0.000000000000000000e+00,4.601839380054884021e-01,0.000000000000000000e+00,4.569975002597190250e-01,2.856543975695796100e-01,3.619387674130379873e-01,3.314349194398111265e-01,0.000000000000000000e+00,3.948009920147789176e-01,0.000000000000000000e+00,0.000000000000000000e+00,3.537664817962026809e-01,3.102442225711170010e-01,3.283338622750149871e-01,2.790798992820108237e-01,2.806401261502537992e-01,3.925595362599528237e-01,0.000000000000000000e+00,2.358283461995289987e-01,2.740808144406602920e-01,4.244733771837472802e-01,2.937416655688537825e-01,2.526823630760913209e-01,0.000000000000000000e+00,0.000000000000000000e+00,2.517889928599366112e-01,4.172627911884405072e-01,0.000000000000000000e+00,0.000000000000000000e+00,0.000000000000000000e+00,0.000000000000000000e+00,0.000000000000000000e+00,0.000000000000000000e+00,0.000000000000000000e+00,0.000000000000000000e+00,4.679801391574803238e-01,0.000000000000000000e+00,4.719850194102480079e-01,4.499132271638682234e-01,0.000000000000000000e+00,0.000000000000000000e+00,0.000000000000000000e+00,4.741639613156892197e-01,4.511499121997694095e-01,0.000000000000000000e+00,0.000000000000000000e+00,0.000000000000000000e+00,0.000000000000000000e+00,0.000000000000000000e+00,4.396038557895720067e-01,4.709204355218482019e-01,4.669254843607262839e-01,0.000000000000000000e+00,4.362627107743862753e-01,0.000000000000000000e+00,0.000000000000000000e+00,4.391827740350079945e-01
0.000000000000000000e+00,4.331333849962014093e-01,4.538852580511730794e-01,3.366206123279960050e-01,3.749560331285132220e-01,3.988378236880458227e-01,3.653268498618810756e-01,4.807564983196008224e-01,4.219596766748520134e-01,4.154770457172090037e-01,4.683316636025405266e-01,4.074787159816445903e-01,0.000000000000000000e+00,4.070907495604709769e-01,4.479225106497674025e-01,4.557453460784572918e-01,4.238727418357144949e-01,4.350575295721562097e-01,4.558611430869468073e-01,4.426662470837212093e-01,4.714025836998051999e-01,4.590829023076055115e-01,4.488958691916514754e-01,4.047086515113691996e-01,4.307281987973243798e-01,4.296380270738218154e-01,4.468058703409186760e-01,3.783663046186241941e-01,4.327449319457503107e-01,4.601347944169639770e-01,4.184956503416157880e-01,4.138326634065602749e-01,4.082186407369308156e-01,4.035980771435693781e-01,3.806037936030285951e-01,3.645954274466842171e-01,3.560561674915370123e-01,3.813974828963481167e-01,4.724006213063631221e-01,4.385314240609800018e-01,5.147803969474463726e-01,5.461439792139698435e-01,4.759038827131084060e-01,5.240208455424653078e-01,0.000000000000000000e+00,0.000000000000000000e+00,4.669132232885354061e-01,5.685470235800432759e-01,0.000000000000000000e+00,5.551867329462614187e-01,5.452769749000980770e-01,5.597333779838594703e-01,5.159406275285464138e-01,5.606609647973855859e-01,0.000000000000000000e+00,4.957897557810718170e-01,0.000000000000000000e+00,5.484444253871351149e-01,0.000000000000000000e+00,5.263095380798955558e-01,4.492833719046233076e-01,0.000000000000000000e+00,0.000000000000000000e+00,5.367288815058021134e-01,5.025977907826960633e-01,5.299321521506106247e-01,4.668595786635517109e-01,5.515178349751065356e-01,0.000000000000000000e+00,4.214858698082641908e-01,4.804127148463229191e-01,5.432941123356502811e-01,5.425222135182755645e-01,5.261335991952993396e-01,5.313581339034136874e-01,5.459817467435452709e-01
0.000000000000000000e+00,0.000000000000000000e+00,4.338206908033023779e-01,3.020410696842437126e-01,3.452342257626893063e-01,4.352520890321968094e-01,3.743493378200585253e-01,3.491717720927268176e-01,4.177477501130170134e-01,4.395131892858684108e-01,3.253226042381803795e-01,0.000000000000000000e+00,4.070907495604709769e-01,0.000000000000000000e+00,0.000000000000000000e+00,0.000000000000000000e+00,0.000000000000000000e+00,0.000000000000000000e+00,3.897805872296892793e-01,0.000000000000000000e+00,4.442015632825263016e-01,0.000000000000000000e+00,3.900518781967853843e-01,0.000000000000000000e+00,0.000000000000000000e+00,4.766480698174060948e-01,4.403510082946178739e-01,3.565501116198694920e-01,0.000000000000000000e+00,0.000000000000000000e+00,4.475682193739511927e-01,3.017159395384422793e-01,0.000000000000000000e+00,4.167894782107032792e-01,0.000000000000000000e+00,2.749199698686691784e-01,2.370888369589964906e-01,0.000000000000000000e+00,0.000000000000000000e+00,0.000000000000000000e+00,0.000000000000000000e+00,0.000000000000000000e+00,4.815375272978926202e-01,0.000000000000000000e+00,0.000000000000000000e+00,0.000000000000000000e+00,0.000000000000000000e+00,5.255710249138958456e-01,0.000000000000000000e+00,0.000000000000000000e+00,0.000000000000000000e+00,0.000000000000000000e+00,0.000000000000000000e+00,5.163072632270188089e-01,0.000000000000000000e+00,4.604716356954078882e-01,0.000000000000000000e+00,0.000000000000000000e+00,0.000000000000000000e+00,0.000000000000000000e+00,0.000000000000000000e+00,0.000000000000000000e+00,0.000000000000000000e+00,5.083867987996893989e-01,0.000000000000000000e+00,0.000000000000000000e+00,0.000000000000000000e+00,5.093211648971449623e-01,0.000000000000000000e+00,0.000000000000000000e+00,0.000000000000000000e+00,5.121850614649688938e-01,0.000000000000000000e+00,0.000000000000000000e+00,0.000000000000000000e+00,0.000000000000000000e+00
3.927611508314108879e-01,4.203679152341306957e-01,0.000000000000000000e+00,0.000000000000000000e+00,0.000000000000000000e+00,4.134670082188944829e-01,0.000000000000000000e+00,4.326058289143441260e-01,0.000000000000000000e+00,4.487580358982086182e-01,0.000000000000000000e+00,0.000000000000000000e+00,4.479225106497674025e-01,0.000000000000000000e+00,0.000000000000000000e+00,4.275387948605822164e-01,4.096558913358692156e-01,4.239203192084908256e-01,0.000000000000000000e+00,3.180825205237987063e-01,3.831866060606827218e-01,3.586953610653508262e-01,3.671601953131813922e-01,4.489526771822865969e-01,4.131716775126872965e-01,3.770118884402671178e-01,4.019357435360748076e-01,3.881854740337861154e-01,3.911982518138120146e-01,0.000000000000000000e+00,4.126968566327012811e-01,4.239622768055167912e-01,4.160469834321706140e-01,4.409986976949504256e-01,4.620264634935560277e-01,0.000000000000000000e+00,0.000000000000000000e+00,0.000000000000000000e+00,4.732283885922823896e-01,4.785332597671890786e-01,4.873468148350825202e-01,5.030814310066754613e-01,4.112792310602151891e-01,0.000000000000000000e+00,0.000000000000000000e+00,5.002229927225994022e-01,5.089458101814208213e-01,0.000000000000000000e+00,0.000000000000000000e+00,0.000000000000000000e+00,4.732632406045069184e-01,0.000000000000000000e+00,5.071853485492635594e-01,0.000000000000000000e+00,0.000000000000000000e+00,0.000000000000000000e+00,0.000000000000000000e+00,4.812084040586152023e-01,0.000000000000000000e+00,4.811102490904271001e-01,4.951334683413304849e-01,0.000000000000000000e+00,0.000000000000000000e+00,0.000000000000000000e+00,3.911601634774091174e-01,4.787320372443377159e-01,5.018256551342281657e-01,5.059620656064067745e-01,0.000000000000000000e+00,4.739426844897495217e-01,5.324933985437021455e-01,5.065517953846496724e-01,5.108472270802923987e-01,5.028833384700587272e-01,5.215287521525540093e-01,4.865269027222514087e-01
4.135875720502517061e-01,4.011548247142194268e-01,0.000000000000000000e+00,0.000000000000000000e+00,4.458985066246449747e-01,4.433259508866628229e-01,4.607022297329079197e-01,4.509511689568311277e-01,4.244810282950723934e-01,3.772031702251424923e-01,0.000000000000000000e+00,0.000000000000000000e+00,4.557453460784572918e-01,0.000000000000000000e+00,4.275387948605822164e-01,0.000000000000000000e+00,3.830540139001522015e-01,3.409485192189378733e-01,0.000000000000000000e+00,4.154890760984187859e-01,4.257636132189530076e-01,3.756321588404589740e-01,4.412721205876786179e-01,3.978807488634256151e-01,3.913948981306495933e-01,4.198234576154624142e-01,4.539951865504266992e-01,4.249866074538112826e-01,4.307702138490591137e-01,4.191360137425252930e-01,3.670660302087194182e-01,4.191013186642089106e-01,3.694774594273765866e-01,3.816911717653594938e-01,4.060231662662581176e-01,0.000000000000000000e+00,0.000000000000000000e+00,0.000000000000000000e+00,4.600351172765558272e-01,4.253137744935550080e-01,4.376664307358321127e-01,0.000000000000000000e+00,0.000000000000000000e+00,0.000000000000000000e+00,0.000000000000000000e+00,4.718944963409110738e-01,4.787151603278663181e-01,0.000000000000000000e+00,0.000000000000000000e+00,0.000000000000000000e+00,4.545013495670873760e-01,0.000000000000000000e+00,4.877933970739056768e-01,0.000000000000000000e+00,4.477044961781703192e-01,0.000000000000000000e+00,4.549378476791124948e-01,0.000000000000000000e+00,0.000000000000000000e+00,4.836832368632891233e-01,4.572631988786184931e-01,0.000000000000000000e+00,4.399922383766841083e-01,0.000000000000000000e+00,4.812512057061388848e-01,4.665357456761842214e-01,4.654389113795098787e-01,5.140839885284800292e-01,4.491054541190557248e-01,4.574527740854263946e-01,4.773380323105911871e-01,5.114206186504826057e-01,5.198489267243906475e-01,4.903424252733684097e-01,0.000000000000000000e+00,4.270103836370701123e-01
4.069272184856254082e-01,0.000000000000000000e+00,0.000000000000000000e+00,0.000000000000000000e+00,4.484774336498462133e-01,0.000000000000000000e+00,0.000000000000000000e+00,0.000000000000000000e+00,0.000000000000000000e+00,3.355857897528579104e-01,4.571385198704728259e-01,3.850895061903029104e-01,4.238727418357144949e-01,0.000000000000000000e+00,4.096558913358692156e-01,3.830540139001522015e-01,0.000000000000000000e+00,3.227269610322919813e-01,0.000000000000000000e+00,3.968367817502501116e-01,4.511531585059483929e-01,4.022193008505232092e-01,0.000000000000000000e+00,3.862682482793077798e-01,3.274997888952967950e-01,3.843687711026543830e-01,0.000000000000000000e+00,4.004239790692478151e-01,3.875856557323025253e-01,0.000000000000000000e+00,3.550483378160166903e-01,3.971887450101502792e-01,3.724148246570267995e-01,3.610682091930739746e-01,3.541267506510085150e-01,0.000000000000000000e+00,0.000000000000000000e+00,3.533843105882764069e-01,3.629400424651326729e-01,4.302312004708296889e-01,0.000000000000000000e+00,0.000000000000000000e+00,0.000000000000000000e+00,0.000000000000000000e+00,0.000000000000000000e+00,4.317885935306549072e-01,0.000000000000000000e+00,0.000000000000000000e+00,0.000000000000000000e+00,0.000000000000000000e+00,0.000000000000000000e+00,0.000000000000000000e+00,0.000000000000000000e+00,0.000000000000000000e+00,4.915419022154465245e-01,0.000000000000000000e+00,4.957571667488250844e-01,0.000000000000000000e+00,0.000000000000000000e+00,0.000000000000000000e+00,4.424905268918036261e-01,4.963818557178629187e-01,4.627540520103116117e-01,0.000000000000000000e+00,0.000000000000000000e+00,0.000000000000000000e+00,0.000000000000000000e+00,0.000000000000000000e+00,4.840456780111280222e-01,4.729891363691949846e-01,4.835794637197544099e-01,0.000000000000000000e+00,0.000000000000000000e+00,0.000000000000000000e+00,0.000000000000000000e+00,0.000000000000000000e+00
4.025785081155786038e-01,4.115975250037496869e-01,0.000000000000000000e+00,0.000000000000000000e+00,4.311623992033871144e-01,4.218940358401713775e-01,4.386610923147967189e-01,4.698636312856188102e-01,4.254470616022948959e-01,3.543943349330623827e-01,4.539087973567669243e-01,3.822034905948286099e-01,4.350575295721562097e-01,0.000000000000000000e+00,4.239203192084908256e-01,3.409485192189378733e-01,3.227269610322919813e-01,0.000000000000000000e+00,0.000000000000000000e+00,4.223032059280736883e-01,4.511361643462772908e-01,4.184547815231777768e-01,4.391049279632219249e-01,3.903069951019598749e-01,3.597207855214201166e-01,3.886774428624993893e-01,4.482326841445701815e-01,4.176326269929553914e-01,4.244778124833831767e-01,4.185976808425809770e-01,3.850761775117361174e-01,4.121375165182126210e-01,3.710140302360460107e-01,3.777629805478980862e-01,3.776895994597332940e-01,0.000000000000000000e+00,0.000000000000000000e+00,3.596316157106337896e-01,4.220335068063916784e-01,4.168404055502428207e-01,4.309936030157449083e-01,4.415131475077945788e-01,0.000000000000000000e+00,0.000000000000000000e+00,0.000000000000000000e+00,4.507390887615347896e-01,4.724255635237126771e-01,0.000000000000000000e+00,0.000000000000000000e+00,0.000000000000000000e+00,4.428395511553476216e-01,0.000000000000000000e+00,0.000000000000000000e+00,0.000000000000000000e+00,4.757425394486657910e-01,0.000000000000000000e+00,4.782279990419275872e-01,0.000000000000000000e+00,0.000000000000000000e+00,4.662687069380391791e-01,4.550574078413562873e-01,4.768741685404349062e-01,4.550591083897114197e-01,0.000000000000000000e+00,4.531628838490606159e-01,4.446223511067328160e-01,4.458541462813471190e-01,4.888094272308280974e-01,4.700833304296503923e-01,4.631793707875906940e-01,4.704781514127547859e-01,5.108203312034591548e-01,0.000000000000000000e+00,4.819376794272433040e-01,0.000000000000000000e+00,4.411069283330728008e-01
0.000000000000000000e+00,0.000000000000000000e+00,2.771722753602091083e-01,4.080113986202758003e-01,3.821680010372758840e-01,4.081644457703211826e-01,4.584932244265680912e-01,4.212404803461511915e-01,2.557727599272298091e-01,4.507461340728098897e-01,2.485502446818738942e-01,4.602822136958976129e-01,4.558611430869468073e-01,3.897805872296892793e-01,0.000000000000000000e+00,0.000000000000000000e+00,0.000000000000000000e+00,0.000000000000000000e+00,0.000000000000000000e+00,0.000000000000000000e+00,0.000000000000000000e+00,0.000000000000000000e+00,3.036819626382188941e-01,0.000000000000000000e+00,0.000000000000000000e+00,0.000000000000000000e+00,3.502167984112002919e-01,4.542358333302459750e-01,0.000000000000000000e+00,0.000000000000000000e+00,4.640556017943480160e-01,4.026828660047485076e-01,3.725161775664692088e-01,4.545288330065166971e-01,4.583867206084428214e-01,4.059660351716312121e-01,4.269216348393652938e-01,0.000000000000000000e+00,4.935120465406597212e-01,0.000000000000000000e+00,0.000000000000000000e+00,5.658408995237564909e-01,4.879319539962750918e-01,0.000000000000000000e+00,0.000000000000000000e+00,0.000000000000000000e+00,0.000000000000000000e+00,5.214136717249141517e-01,0.000000000000000000e+00,5.248480725035783445e-01,5.753291306601103772e-01,5.728701954926678219e-01,5.170604582009160621e-01,5.723910633792752556e-01,0.000000000000000000e+00,5.050414514910439578e-01,0.000000000000000000e+00,5.549295933339400966e-01,0.000000000000000000e+00,0.000000000000000000e+00,0.000000000000000000e+00,0.000000000000000000e+00,0.000000000000000000e+00,5.189163614700129656e-01,5.218132210050803188e-01,0.000000000000000000e+00,0.000000000000000000e+00,5.825342256979230138e-01,0.000000000000000000e+00,0.000000000000000000e+00,0.000000000000000000e+00,5.762828759903660947e-01,5.224014364260410881e-01,5.071988200894137488e-01,0.000000000000000000e+00,5.182683587651020218e-01
4.289489921407361739e-01,4.317219209047171158e-01,0.000000000000000000e+00,0.000000000000000000e+00,4.344238975702823802e-01,4.179927808777714748e-01,4.524835519929470973e-01,4.354699196574622899e-01,4.188530924416661860e-01,0.000000000000000000e+00,0.000000000000000000e+00,0.000000000000000000e+00,4.426662470837212093e-01,0.000000000000000000e+00,3.180825205237987063e-01,4.154890760984187859e-01,3.968367817502501116e-01,4.223032059280736883e-01,0.000000000000000000e+00,0.000000000000000000e+00,4.133524226366457888e-01,3.701407931956445241e-01,3.395926160112214820e-01,0.000000000000000000e+00,4.236540489166392143e-01,4.230528227559349763e-01,3.972923845321854053e-01,3.684182188486556098e-01,3.523185924441791794e-01,3.893800180438383163e-01,3.941469338696719227e-01,4.168616178461830857e-01,3.940066875345903941e-01,4.221632303896364902e-01,4.380474383222571211e-01,4.977876161792266219e-01,0.000000000000000000e+00,0.000000000000000000e+00,4.327115642696017783e-01,4.802073657215689129e-01,4.996869799701205150e-01,5.062397520821956265e-01,4.195734072392451885e-01,0.000000000000000000e+00,0.000000000000000000e+00,0.000000000000000000e+00,4.716838407654507237e-01,5.072048890131449772e-01,0.000000000000000000e+00,0.000000000000000000e+00,4.973763349026483760e-01,5.070694806071425198e-01,5.165747567125269502e-01,0.000000000000000000e+00,0.000000000000000000e+00,0.000000000000000000e+00,0.000000000000000000e+00,4.727995344659410848e-01,0.000000000000000000e+00,4.928673513154742114e-01,4.728226824891487157e-01,0.000000000000000000e+00,0.000000000000000000e+00,0.000000000000000000e+00,4.911987109015417130e-01,4.836768532743633275e-01,4.816354385356851897e-01,5.151031066732952857e-01,0.000000000000000000e+00,4.533128959817103176e-01,4.963736809002992079e-01,5.115400843485624627e-01,5.087347128344948954e-01,5.043280423032616699e-01,5.172548921459018123e-01,5.040889601921074714e-01
4.019735263666922020e-01,4.334286806032688899e-01,0.000000000000000000e+00,0.000000000000000000e+00,0.000000000000000000e+00,4.320287346540587214e-01,0.000000000000000000e+00,3.996344099301962216e-01,4.007852674722464092e-01,4.489015741012021832e-01,0.000000000000000000e+00,4.601839380054884021e-01,4.714025836998051999e-01,4.442015632825263016e-01,3.831866060606827218e-01,4.257636132189530076e-01,4.511531585059483929e-01,4.511361643462772908e-01,0.000000000000000000e+00,4.133524226366457888e-01,0.000000000000000000e+00,4.326156993314815846e-01,3.830994138760829837e-01,4.692468472052979123e-01,4.421455401903672811e-01,4.261783323661914036e-01,4.206435155637164858e-01,4.652592243328627086e-01,4.286591608804504738e-01,4.545353089572549132e-01,4.186029960410370121e-01,4.275404389983754050e-01,4.225095904859714202e-01,4.341390921000720104e-01,4.707729889652492172e-01,0.000000000000000000e+00,0.000000000000000000e+00,4.715786289691896727e-01,4.866184476854549801e-01,4.416803081367575157e-01,4.855841610074173031e-01,0.000000000000000000e+00,0.000000000000000000e+00,0.000000000000000000e+00,0.000000000000000000e+00,4.466103727805377233e-01,5.057141183596938205e-01,0.000000000000000000e+00,0.000000000000000000e+00,0.000000000000000000e+00,4.917487570828477095e-01,0.000000000000000000e+00,5.072022121200797651e-01,0.000000000000000000e+00,0.000000000000000000e+00,0.000000000000000000e+00,0.000000000000000000e+00,0.000000000000000000e+00,0.000000000000000000e+00,4.797042079342018206e-01,4.894366979482848157e-01,0.000000000000000000e+00,0.000000000000000000e+00,0.000000000000000000e+00,4.843999837466265723e-01,4.367364346460683167e-01,5.003112896178257829e-01,5.320386805041511513e-01,0.000000000000000000e+00,4.669314908427191768e-01,5.109500259620987084e-01,5.235456894182908272e-01,5.269274494023405975e-01,5.105249869909047611e-01,5.469932504546117791e-01,5.436548596155044155e-01
