0.000000000000000000e+00,3.878034452328512072e-01,4.695068675870223140e-01,0.000000000000000000e+00,0.000000000000000000e+00,4.038751742328902106e-01,0.000000000000000000e+00,4.877633440434632206e-01,0.000000000000000000e+00,4.042377827030709248e-01,0.000000000000000000e+00,3.881085999188225166e-01,3.963164325500039831e-01,0.000000000000000000e+00,3.687581147436660989e-01,3.781880301054967863e-01,0.000000000000000000e+00,3.717953739198902041e-01,0.000000000000000000e+00,4.131885937153296773e-01,3.687470700901490095e-01,3.820751103394431913e-01,4.479065971142701108e-01,3.609829199619817852e-01,3.741167668923158773e-01,3.574846158250845063e-01,4.056974227085852203e-01,4.670030263661352210e-01,4.197144788402619175e-01,0.000000000000000000e+00,3.555372576803547124e-01,3.975790042814443814e-01,3.145665118031686913e-01,3.527393446524961229e-01,4.192071967731729742e-01,0.000000000000000000e+00,0.000000000000000000e+00,4.016923638874305147e-01,4.390490013327921215e-01,4.517400605483644083e-01,4.127459187841744925e-01,0.000000000000000000e+00,0.000000000000000000e+00,0.000000000000000000e+00,0.000000000000000000e+00,3.419888662291465931e-01,4.683807210596889758e-01,0.000000000000000000e+00,0.000000000000000000e+00,0.000000000000000000e+00,4.035311572240258271e-01,0.000000000000000000e+00,3.204872906208037775e-01,0.000000000000000000e+00,4.407274982477574765e-01,0.000000000000000000e+00,4.706822041793184974e-01,0.000000000000000000e+00,0.000000000000000000e+00,0.000000000000000000e+00,4.481026567314559950e-01,0.000000000000000000e+00,4.395002372322022177e-01,0.000000000000000000e+00,0.000000000000000000e+00,3.002132854770069859e-01,4.780252361712392095e-01,0.000000000000000000e+00,4.040787425829185930e-01,4.441935906014475854e-01,4.578643808278667904e-01,4.251656397762770268e-01,0.000000000000000000e+00,0.000000000000000000e+00,0.000000000000000000e+00,4.220793290323168190e-01
3.878034452328512072e-01,0.000000000000000000e+00,3.721315855998669764e-01,0.000000000000000000e+00,3.860591854347584784e-01,3.878309308783696174e-01,3.984682132174445779e-01,4.570365490459665780e-01,3.729430040770871924e-01,3.360595827078997067e-01,3.763753447898112725e-01,3.632246488276695273e-01,4.158530666364507744e-01,0.000000000000000000e+00,3.874720982367449995e-01,3.868570474071780230e-01,3.828406403981751138e-01,3.809481850570298200e-01,0.000000000000000000e+00,4.097855786865202132e-01,4.003241218161777137e-01,3.880382986750705032e-01,3.870712918719302897e-01,0.000000000000000000e+00,3.649811965856579743e-01,3.694117427105613749e-01,3.991006365646215248e-01,4.078233171892565179e-01,4.004201976966271226e-01,4.004985734859812796e-01,3.649830863699237149e-01,4.074422088623466109e-01,3.483005100368963269e-01,3.578243931080192231e-01,4.239774678724971269e-01,4.398754018792920828e-01,0.000000000000000000e+00,0.000000000000000000e+00,4.527039468027447833e-01,4.367478127912498009e-01,4.370075632780957009e-01,4.611281137533995156e-01,0.000000000000000000e+00,0.000000000000000000e+00,0.000000000000000000e+00,4.620213464523860170e-01,4.645927302420700955e-01,0.000000000000000000e+00,0.000000000000000000e+00,0.000000000000000000e+00,4.321050036940641270e-01,0.000000000000000000e+00,0.000000000000000000e+00,0.000000000000000000e+00,0.000000000000000000e+00,0.000000000000000000e+00,0.000000000000000000e+00,4.392269189907788141e-01,0.000000000000000000e+00,4.799428920346198169e-01,4.464755616236377178e-01,0.000000000000000000e+00,4.374229707275633094e-01,0.000000000000000000e+00,4.506737165140953238e-01,4.727404954255964853e-01,4.689513880008944757e-01,4.517950747691343860e-01,0.000000000000000000e+00,4.503040504334666072e-01,4.790420049314357276e-01,4.512957823137935809e-01,0.000000000000000000e+00,4.474160020977738239e-01,0.000000000000000000e+00,4.267277525063766230e-01
4.695068675870223140e-01,3.721315855998669764e-01,0.000000000000000000e+00,4.029988559177005158e-01,3.620909201568863756e-01,3.493837888921947910e-01,4.284342444455850885e-01,4.295839051717175727e-01,2.544804017914760741e-01,4.392401904968202264e-01,3.208555518136886886e-01,4.285870860141752225e-01,4.347461588130295262e-01,4.237964240430122098e-01,0.000000000000000000e+00,0.000000000000000000e+00,0.000000000000000000e+00,4.592182275089012888e-01,2.316081758661444889e-01,0.000000000000000000e+00,3.991728322800756068e-01,4.087226436369619242e-01,2.982679640132884225e-01,4.909771809605050219e-01,4.177967235129216861e-01,4.445196721567601927e-01,2.722532015196065802e-01,4.346298633908798892e-01,3.599012255457628151e-01,4.437479112039797169e-01,4.589328772157041936e-01,4.196701529985608081e-01,3.619285469440937097e-01,4.672989631179099157e-01,4.529374793207063266e-01,4.200586881488154178e-01,4.179121379754012766e-01,4.059723251518447262e-01,4.816536065020280977e-01,0.000000000000000000e+00,5.217359839454674963e-01,0.000000000000000000e+00,4.743443867193731789e-01,0.000000000000000000e+00,0.000000000000000000e+00,0.000000000000000000e+00,0.000000000000000000e+00,3.729356312479171209e-01,0.000000000000000000e+00,5.053207981744513022e-01,5.146698138519092414e-01,5.401898135590600392e-01,5.068676741168997024e-01,5.020984582594110179e-01,0.000000000000000000e+00,4.191090093122066818e-01,0.000000000000000000e+00,5.076992948218082002e-01,4.784423101393975863e-01,0.000000000000000000e+00,0.000000000000000000e+00,0.000000000000000000e+00,0.000000000000000000e+00,3.942350582282022065e-01,0.000000000000000000e+00,0.000000000000000000e+00,0.000000000000000000e+00,5.135270846490819219e-01,0.000000000000000000e+00,0.000000000000000000e+00,0.000000000000000000e+00,5.152106736908510509e-01,4.974366937955024826e-01,4.809171305511504846e-01,0.000000000000000000e+00,5.133537074847392967e-01
0.000000000000000000e+00,0.000000000000000000e+00,4.029988559177005158e-01,0.000000000000000000e+00,2.520663857400389229e-01,4.054379248132388147e-01,2.771196592845623918e-01,3.291649907452364743e-01,4.093627998412284197e-01,2.431587244760451960e-01,3.722404842048572249e-01,1.989658558209299044e-01,3.349845493398834195e-01,3.115986711255723796e-01,5.004433393478393555e-01,0.000000000000000000e+00,0.000000000000000000e+00,0.000000000000000000e+00,3.883511568221371113e-01,4.754347800799563761e-01,0.000000000000000000e+00,4.789152218973715125e-01,3.929235095298885261e-01,0.000000000000000000e+00,0.000000000000000000e+00,0.000000000000000000e+00,3.944906343638587831e-01,2.630670909274088753e-01,3.649084866046906073e-01,0.000000000000000000e+00,3.809391397125442835e-01,3.052643146174028876e-01,0.000000000000000000e+00,2.740492101415363257e-01,3.890588777439816792e-01,2.260308207297863914e-01,1.815063512551886027e-01,0.000000000000000000e+00,0.000000000000000000e+00,0.000000000000000000e+00,0.000000000000000000e+00,0.000000000000000000e+00,0.000000000000000000e+00,0.000000000000000000e+00,0.000000000000000000e+00,0.000000000000000000e+00,0.000000000000000000e+00,0.000000000000000000e+00,0.000000000000000000e+00,0.000000000000000000e+00,0.000000000000000000e+00,0.000000000000000000e+00,0.000000000000000000e+00,0.000000000000000000e+00,0.000000000000000000e+00,0.000000000000000000e+00,0.000000000000000000e+00,0.000000000000000000e+00,0.000000000000000000e+00,0.000000000000000000e+00,0.000000000000000000e+00,0.000000000000000000e+00,0.000000000000000000e+00,0.000000000000000000e+00,0.000000000000000000e+00,0.000000000000000000e+00,0.000000000000000000e+00,0.000000000000000000e+00,0.000000000000000000e+00,0.000000000000000000e+00,0.000000000000000000e+00,0.000000000000000000e+00,0.000000000000000000e+00,0.000000000000000000e+00,0.000000000000000000e+00,0.000000000000000000e+00
0.000000000000000000e+00,3.860591854347584784e-01,3.620909201568863756e-01,2.520663857400389229e-01,0.000000000000000000e+00,3.670712145677669791e-01,3.064070118929235198e-01,3.859562881346820795e-01,3.176755637691864864e-01,4.356342156958715739e-01,3.224089895583833743e-01,4.170762055902265120e-01,3.701851620245902863e-01,2.974675540330130041e-01,0.000000000000000000e+00,4.176086161234697780e-01,3.857206516034860089e-01,4.078807485546088185e-01,3.617355547186252851e-01,3.919662538759476900e-01,0.000000000000000000e+00,4.292687706925791269e-01,3.909556958756333911e-01,0.000000000000000000e+00,3.908460966284149074e-01,3.899104813020207727e-01,3.746400777688201900e-01,4.235890863607555956e-01,4.129665513111189235e-01,4.169172721314745034e-01,4.347497460369282862e-01,3.693363891949049127e-01,3.647194066311860161e-01,4.455147737440040001e-01,4.399336225827428781e-01,2.537035763720875137e-01,2.982902431237474117e-01,4.051743004830200001e-01,4.788064488896098814e-01,0.000000000000000000e+00,0.000000000000000000e+00,0.000000000000000000e+00,3.798305816748011043e-01,0.000000000000000000e+00,0.000000000000000000e+00,0.000000000000000000e+00,0.000000000000000000e+00,5.234720064502342840e-01,0.000000000000000000e+00,5.019521026665559882e-01,4.883186456155675925e-01,4.805776184548731789e-01,5.035276786517378644e-01,4.541896224018808770e-01,0.000000000000000000e+00,4.388605403277451855e-01,0.000000000000000000e+00,5.070684900059454492e-01,4.255006613759633183e-01,0.000000000000000000e+00,0.000000000000000000e+00,0.000000000000000000e+00,0.000000000000000000e+00,4.687923023707364911e-01,0.000000000000000000e+00,0.000000000000000000e+00,0.000000000000000000e+00,5.063736388174843173e-01,0.000000000000000000e+00,0.000000000000000000e+00,4.327447621356115270e-01,4.841803780709942884e-01,4.648178460632327869e-01,4.443298508499294863e-01,0.000000000000000000e+00,0.000000000000000000e+00
4.038751742328902106e-01,3.878309308783696174e-01,3.493837888921947910e-01,4.054379248132388147e-01,3.670712145677669791e-01,0.000000000000000000e+00,3.807944129597338190e-01,3.920310815386818248e-01,3.151907495562594752e-01,4.240309684094021869e-01,3.770416332156235062e-01,4.214053482255584182e-01,3.797248709774739828e-01,4.029396329209875005e-01,3.509942869018723988e-01,4.221554608968002276e-01,4.084330677150941891e-01,4.128606757965134766e-01,3.721947752109086016e-01,3.827529632007833915e-01,3.891163861215244935e-01,4.158300689372574910e-01,3.712860286615131122e-01,4.308545347700430961e-01,3.845824534181455090e-01,4.024336403791877181e-01,3.519638480563274108e-01,3.663135637129075750e-01,3.392152117239941034e-01,4.013546599247305724e-01,4.177943682224002919e-01,3.954008779876950763e-01,3.498245733253990131e-01,4.264330836004974201e-01,4.277300345643247903e-01,4.341032778796201086e-01,4.182055664923289839e-01,3.969760696063870942e-01,4.619398814404933051e-01,3.955495231715688842e-01,4.336098107058805051e-01,4.783861535273272736e-01,4.402466172690336910e-01,4.326101140545242085e-01,0.000000000000000000e+00,0.000000000000000000e+00,4.203430766348916214e-01,5.198880773658189902e-01,0.000000000000000000e+00,5.102612249985540860e-01,4.792384666203663990e-01,5.012392583625705500e-01,4.445863437776910176e-01,5.160798967610890076e-01,0.000000000000000000e+00,4.842980507774435894e-01,0.000000000000000000e+00,4.935575346616014047e-01,4.551086529659774116e-01,4.500163367600784059e-01,4.082777968758783960e-01,0.000000000000000000e+00,4.409536516135182938e-01,5.174008150890287983e-01,4.462792004224270803e-01,4.513139417236097795e-01,4.429072670733398276e-01,4.863453973868129276e-01,0.000000000000000000e+00,4.133547532927299151e-01,4.337114666509542804e-01,4.716502633859677163e-01,4.681660600235941772e-01,4.401478791662538081e-01,4.630497161853153743e-01,4.838756299544550998e-01
0.000000000000000000e+00,3.984682132174445779e-01,4.284342444455850885e-01,2.771196592845623918e-01,3.064070118929235198e-01,3.807944129597338190e-01,0.000000000000000000e+00,4.200605094179217791e-01,3.489569205103494887e-01,3.946765053708048976e-01,4.496068553904855047e-01,3.840720294075309904e-01,3.506979099788721799e-01,3.491477217635858832e-01,4.179608771336557060e-01,4.361061015445197864e-01,4.100870380520473812e-01,4.226715436060978770e-01,4.486002568736697227e-01,4.143137620043396141e-01,4.383724201263525799e-01,4.397105679322124150e-01,4.102017877319271144e-01,0.000000000000000000e+00,4.086592204122547756e-01,3.911281778111264096e-01,3.981304584065398222e-01,4.057892062254545018e-01,4.288330358317268276e-01,4.043166516715047121e-01,4.295812537578961865e-01,3.870707350597559770e-01,3.996348296819353108e-01,4.102641536975695780e-01,4.212748134829941149e-01,2.868853513846900127e-01,2.901999018939039887e-01,3.843819200992584229e-01,4.689355287888161139e-01,3.980440071235725741e-01,4.956920390495597184e-01,0.000000000000000000e+00,0.000000000000000000e+00,0.000000000000000000e+00,0.000000000000000000e+00,0.000000000000000000e+00,0.000000000000000000e+00,5.163303201281522758e-01,0.000000000000000000e+00,0.000000000000000000e+00,4.807429568392551089e-01,0.000000000000000000e+00,4.597095143111522009e-01,0.000000000000000000e+00,0.000000000000000000e+00,4.419240028614795923e-01,0.000000000000000000e+00,5.035273505103126102e-01,0.000000000000000000e+00,4.824634548662158906e-01,0.000000000000000000e+00,0.000000000000000000e+00,0.000000000000000000e+00,5.566662767318030225e-01,4.634075005746665088e-01,0.000000000000000000e+00,0.000000000000000000e+00,4.891470939799025253e-01,0.000000000000000000e+00,0.000000000000000000e+00,4.270619717280113026e-01,4.733545908417164938e-01,4.717409640194035192e-01,4.580376859125331879e-01,0.000000000000000000e+00,0.000000000000000000e+00
4.877633440434632206e-01,4.570365490459665780e-01,4.295839051717175727e-01,3.291649907452364743e-01,3.859562881346820795e-01,3.920310815386818248e-01,4.200605094179217791e-01,0.000000000000000000e+00,4.751160188168548903e-01,4.445477332802479919e-01,2.807568821992146857e-01,4.814718728993592212e-01,4.192892789480245908e-01,3.209810172452252086e-01,3.422987364320835835e-01,4.365255112875270904e-01,0.000000000000000000e+00,0.000000000000000000e+00,4.001743710022739875e-01,3.712614692285993723e-01,3.812914550079761211e-01,3.914461170370447940e-01,3.642808911024886243e-01,4.976872220413762204e-01,4.565373766858540905e-01,4.736672594026999916e-01,3.956849019834459136e-01,4.155711311876935099e-01,3.777845583503369742e-01,4.202215123244327222e-01,4.547063384883577863e-01,3.405048179582251255e-01,3.988941979610535760e-01,4.530680514895045197e-01,4.653632496064082913e-01,2.668787830029071828e-01,3.649671003528864865e-01,0.000000000000000000e+00,4.128431358617313252e-01,0.000000000000000000e+00,4.785973958715902254e-01,0.000000000000000000e+00,3.587391080386914122e-01,0.000000000000000000e+00,0.000000000000000000e+00,0.000000000000000000e+00,0.000000000000000000e+00,4.997233810355992123e-01,0.000000000000000000e+00,4.635183533880166129e-01,4.481026596828495134e-01,4.727324675124022213e-01,3.277256970165989824e-01,5.069079447334924327e-01,0.000000000000000000e+00,4.146398473167753895e-01,0.000000000000000000e+00,4.756616186995278883e-01,3.842573069195170943e-01,3.652476061200801150e-01,0.000000000000000000e+00,0.000000000000000000e+00,0.000000000000000000e+00,4.740615183120415188e-01,4.445917077605550105e-01,2.523983433527368092e-01,0.000000000000000000e+00,4.573142850442282192e-01,0.000000000000000000e+00,4.610486205337676058e-01,5.005196258976156720e-01,4.586273099054509195e-01,4.512464042856069724e-01,4.212531997550311158e-01,0.000000000000000000e+00,4.885957173274664833e-01
0.000000000000000000e+00,3.729430040770871924e-01,2.544804017914760741e-01,4.093627998412284197e-01,3.176755637691864864e-01,3.151907495562594752e-01,3.489569205103494887e-01,4.751160188168548903e-01,0.000000000000000000e+00,4.454381314152199844e-01,2.996523730427371746e-01,4.428268928724186093e-01,3.481016733756048254e-01,4.115876173804633997e-01,3.529072343691804226e-01,3.882875069402602075e-01,4.384042169781918741e-01,4.262190654746459972e-01,2.645712557210495031e-01,3.783093025450484093e-01,0.000000000000000000e+00,4.021123639113708959e-01,3.702373508453716267e-01,4.299969416104730269e-01,3.933297634554263067e-01,3.948763452816166919e-01,3.242981483317661229e-01,4.308887166800102198e-01,3.969347983070709018e-01,4.225024636082431728e-01,4.545488121180917829e-01,4.215988645314768246e-01,4.203455900182507254e-01,4.545559613567479729e-01,4.494794356902586108e-01,4.328865384922007120e-01,4.241740756098357767e-01,4.182595274078270142e-01,4.932067637435217922e-01,0.000000000000000000e+00,4.304791993986958887e-01,4.169087107075500898e-01,4.922932824730458234e-01,0.000000000000000000e+00,0.000000000000000000e+00,0.000000000000000000e+00,0.000000000000000000e+00,5.375643235260328945e-01,0.000000000000000000e+00,5.125008625129789941e-01,5.095238216955025878e-01,5.322574742749370813e-01,5.216247856042154352e-01,5.337497045652378480e-01,0.000000000000000000e+00,4.845110633337731953e-01,0.000000000000000000e+00,5.158866171545696266e-01,4.955613163168304802e-01,0.000000000000000000e+00,0.000000000000000000e+00,0.000000000000000000e+00,0.000000000000000000e+00,5.259722342118819949e-01,0.000000000000000000e+00,0.000000000000000000e+00,0.000000000000000000e+00,5.269489035064679472e-01,0.000000000000000000e+00,0.000000000000000000e+00,0.000000000000000000e+00,5.079676456163682019e-01,0.000000000000000000e+00,4.469735260072997818e-01,0.000000000000000000e+00,5.113879688717939409e-01
4.042377827030709248e-01,3.360595827078997067e-01,4.392401904968202264e-01,2.431587244760451960e-01,4.356342156958715739e-01,4.240309684094021869e-01,3.946765053708048976e-01,4.445477332802479919e-01,4.454381314152199844e-01,0.000000000000000000e+00,4.538225404042841027e-01,3.134352822922538140e-01,3.995629134282295825e-01,3.894218402902634990e-01,0.000000000000000000e+00,3.657055220459733968e-01,3.063177510062083941e-01,3.093754946886015933e-01,4.420662261283320738e-01,3.845049345360248005e-01,4.484490996332264889e-01,3.684125487263611998e-01,4.205609169037157757e-01,3.075090472832667787e-01,3.088812550741100726e-01,3.247308093195162004e-01,4.110997231592459222e-01,3.875408727365128869e-01,4.083273694533727793e-01,0.000000000000000000e+00,3.298938386805465028e-01,3.646749224450552274e-01,3.051001984646983245e-01,2.941464055255963994e-01,2.993968630460878133e-01,2.993321886245636221e-01,2.576375057934089940e-01,2.854140465283133143e-01,0.000000000000000000e+00,4.161298405791840072e-01,3.646053564433329730e-01,0.000000000000000000e+00,0.000000000000000000e+00,0.000000000000000000e+00,3.397246193444273810e-01,0.000000000000000000e+00,0.000000000000000000e+00,0.000000000000000000e+00,0.000000000000000000e+00,0.000000000000000000e+00,0.000000000000000000e+00,0.000000000000000000e+00,0.000000000000000000e+00,0.000000000000000000e+00,4.485257708558014755e-01,0.000000000000000000e+00,4.580036633168121929e-01,4.040093443637365889e-01,0.000000000000000000e+00,0.000000000000000000e+00,0.000000000000000000e+00,4.412730587321346820e-01,4.180558440831281253e-01,0.000000000000000000e+00,0.000000000000000000e+00,0.000000000000000000e+00,0.000000000000000000e+00,4.703194589404559034e-01,4.127191034257640112e-01,4.333582711636130846e-01,4.455389042218669271e-01,4.633049350373195097e-01,4.109559328239595910e-01,0.000000000000000000e+00,0.000000000000000000e+00,4.049411234306797835e-01
0.000000000000000000e+00,3.763753447898112725e-01,3.208555518136886886e-01,3.722404842048572249e-01,3.224089895583833743e-01,3.770416332156235062e-01,4.496068553904855047e-01,2.807568821992146857e-01,2.996523730427371746e-01,4.538225404042841027e-01,0.000000000000000000e+00,4.389978600121314245e-01,4.494734744670644822e-01,2.822971333546431816e-01,0.000000000000000000e+00,0.000000000000000000e+00,4.516051167665752208e-01,4.474751902238450763e-01,2.637680556396049258e-01,0.000000000000000000e+00,0.000000000000000000e+00,0.000000000000000000e+00,2.608025266210606818e-01,4.489427467227365964e-01,4.410915254937193830e-01,4.521601015403898804e-01,3.572211016600437272e-01,4.428200133529355265e-01,0.000000000000000000e+00,0.000000000000000000e+00,4.594003812441017076e-01,3.854266144085383150e-01,4.014030258137475937e-01,4.502149601840806925e-01,4.293023838958415772e-01,3.507505113411911735e-01,4.075445351763298252e-01,4.244366678149604777e-01,3.894104122666696144e-01,0.000000000000000000e+00,4.530615661002769801e-01,0.000000000000000000e+00,3.604671686432696087e-01,0.000000000000000000e+00,0.000000000000000000e+00,0.000000000000000000e+00,0.000000000000000000e+00,2.851231150223718092e-01,0.000000000000000000e+00,3.993906989408129160e-01,4.585622781389229741e-01,4.497533668027537956e-01,4.265234970935983805e-01,3.455498268154562069e-01,0.000000000000000000e+00,2.317283022117380964e-01,0.000000000000000000e+00,4.490139299834791098e-01,3.842143417647480019e-01,0.000000000000000000e+00,0.000000000000000000e+00,0.000000000000000000e+00,0.000000000000000000e+00,1.953950107521428003e-01,0.000000000000000000e+00,0.000000000000000000e+00,0.000000000000000000e+00,4.655288970846245822e-01,0.000000000000000000e+00,0.000000000000000000e+00,0.000000000000000000e+00,3.838530356481830164e-01,4.394205254116139159e-01,0.000000000000000000e+00,0.000000000000000000e+00,0.000000000000000000e+00
3.881085999188225166e-01,3.632246488276695273e-01,4.285870860141752225e-01,1.989658558209299044e-01,4.170762055902265120e-01,4.214053482255584182e-01,3.840720294075309904e-01,4.814718728993592212e-01,4.428268928724186093e-01,3.134352822922538140e-01,4.389978600121314245e-01,0.000000000000000000e+00,3.960972495667406945e-01,0.000000000000000000e+00,0.000000000000000000e+00,3.439493179321289062e-01,3.474766958276203077e-01,3.493379398651154100e-01,4.297663049051336781e-01,0.000000000000000000e+00,4.435543393864955219e-01,0.000000000000000000e+00,4.721569353059136276e-01,2.821950983735980190e-01,3.447415905896574206e-01,3.082557906780356016e-01,4.083110107912311104e-01,3.856373062518527184e-01,4.129379282633933168e-01,0.000000000000000000e+00,3.512673356474245168e-01,2.749165830173277980e-01,3.183210449726123770e-01,2.373914116150558917e-01,2.912948487029284883e-01,2.726116924247405926e-01,2.468029945620693888e-01,2.358459129479960059e-01,2.590296241041721848e-01,4.274825505721143171e-01,3.216613362241944052e-01,2.371754944324493131e-01,0.000000000000000000e+00,0.000000000000000000e+00,3.491280709910450919e-01,0.000000000000000000e+00,0.000000000000000000e+00,0.000000000000000000e+00,0.000000000000000000e+00,0.000000000000000000e+00,0.000000000000000000e+00,0.000000000000000000e+00,0.000000000000000000e+00,0.000000000000000000e+00,4.467277899700232147e-01,0.000000000000000000e+00,4.552204982133357114e-01,4.039758898473260751e-01,0.000000000000000000e+00,0.000000000000000000e+00,0.000000000000000000e+00,4.479436874740322927e-01,4.361878468952131160e-01,0.000000000000000000e+00,0.000000000000000000e+00,0.000000000000000000e+00,0.000000000000000000e+00,0.000000000000000000e+00,4.106961980916306043e-01,4.394364876749867199e-01,4.441642741298926222e-01,0.000000000000000000e+00,4.248958113924722890e-01,0.000000000000000000e+00,0.000000000000000000e+00,4.085231439799192898e-01
3.963164325500039831e-01,4.158530666364507744e-01,4.347461588130295262e-01,3.349845493398834195e-01,3.701851620245902863e-01,3.797248709774739828e-01,3.506979099788721799e-01,4.192892789480245908e-01,3.481016733756048254e-01,3.995629134282295825e-01,4.494734744670644822e-01,3.960972495667406945e-01,0.000000000000000000e+00,3.717884834478332734e-01,3.901502394865177803e-01,4.442010173585793087e-01,4.102144818036275176e-01,4.311465587371314245e-01,4.369034924061308001e-01,4.230512286100833741e-01,4.328964200835370146e-01,4.489981165760141835e-01,4.190821974057469812e-01,3.923996750083382778e-01,4.202355965972129903e-01,4.082222186650323881e-01,4.120485264581040252e-01,3.420660882207441911e-01,4.018436210864717029e-01,3.805666538511541241e-01,4.140700446306995186e-01,3.898270917908492894e-01,3.835728003458461766e-01,3.996626026943794208e-01,3.767911671629161074e-01,3.273344094698307227e-01,3.446470344980518963e-01,3.558524958201462196e-01,4.520706536262367181e-01,4.208915626886551853e-01,3.767624499622325152e-01,3.521685882313037030e-01,4.372125150243288960e-01,0.000000000000000000e+00,0.000000000000000000e+00,0.000000000000000000e+00,4.268578595104551843e-01,5.137543650329747802e-01,0.000000000000000000e+00,0.000000000000000000e+00,4.700466573417059202e-01,5.093501062504913746e-01,4.521836921272324727e-01,5.277845885696169637e-01,0.000000000000000000e+00,0.000000000000000000e+00,0.000000000000000000e+00,4.911302391826414815e-01,0.000000000000000000e+00,4.684775066789844122e-01,4.236713973221865048e-01,0.000000000000000000e+00,0.000000000000000000e+00,0.000000000000000000e+00,4.665166765457632869e-01,0.000000000000000000e+00,4.509543093123756230e-01,4.728812788685893831e-01,0.000000000000000000e+00,4.307763128217235171e-01,4.367656767037040866e-01,4.672745149631082895e-01,4.680639335942218260e-01,4.641615704675198795e-01,0.000000000000000000e+00,4.741173875071200139e-01
0.000000000000000000e+00,0.000000000000000000e+00,4.237964240430122098e-01,3.115986711255723796e-01,2.974675540330130041e-01,4.029396329209875005e-01,3.491477217635858832e-01,3.209810172452252086e-01,4.115876173804633997e-01,3.894218402902634990e-01,2.822971333546431816e-01,0.000000000000000000e+00,3.717884834478332734e-01,0.000000000000000000e+00,0.000000000000000000e+00,0.000000000000000000e+00,0.000000000000000000e+00,0.000000000000000000e+00,3.943837601785449842e-01,0.000000000000000000e+00,0.000000000000000000e+00,0.000000000000000000e+00,3.716987347209347869e-01,0.000000000000000000e+00,0.000000000000000000e+00,4.584254048627101064e-01,4.117748861220010270e-01,2.906802285006114261e-01,0.000000000000000000e+00,0.000000000000000000e+00,0.000000000000000000e+00,2.499353330556211006e-01,0.000000000000000000e+00,0.000000000000000000e+00,0.000000000000000000e+00,2.567924887755885233e-01,1.723164231905764954e-01,3.717329502105712891e-01,0.000000000000000000e+00,0.000000000000000000e+00,0.000000000000000000e+00,0.000000000000000000e+00,3.845048811042596770e-01,0.000000000000000000e+00,0.000000000000000000e+00,0.000000000000000000e+00,0.000000000000000000e+00,0.000000000000000000e+00,0.000000000000000000e+00,0.000000000000000000e+00,0.000000000000000000e+00,4.316931962966918945e-01,3.610029149717388086e-01,0.000000000000000000e+00,0.000000000000000000e+00,0.000000000000000000e+00,0.000000000000000000e+00,0.000000000000000000e+00,0.000000000000000000e+00,0.000000000000000000e+00,0.000000000000000000e+00,0.000000000000000000e+00,0.000000000000000000e+00,4.211746379001177210e-01,0.000000000000000000e+00,0.000000000000000000e+00,0.000000000000000000e+00,0.000000000000000000e+00,0.000000000000000000e+00,0.000000000000000000e+00,0.000000000000000000e+00,0.000000000000000000e+00,0.000000000000000000e+00,0.000000000000000000e+00,0.000000000000000000e+00,0.000000000000000000e+00
3.687581147436660989e-01,3.874720982367449995e-01,0.000000000000000000e+00,5.004433393478393555e-01,0.000000000000000000e+00,3.509942869018723988e-01,4.179608771336557060e-01,3.422987364320835835e-01,3.529072343691804226e-01,0.000000000000000000e+00,0.000000000000000000e+00,0.000000000000000000e+00,3.901502394865177803e-01,0.000000000000000000e+00,0.000000000000000000e+00,4.067775945564469087e-01,4.135516881942749023e-01,3.886103251222807753e-01,0.000000000000000000e+00,2.857309586167616766e-01,3.813763269676144207e-01,2.960933022188200203e-01,2.762834220700540189e-01,4.177334116501527084e-01,3.512056272362206188e-01,3.853393851432196926e-01,3.315710408987336266e-01,3.721493907821097902e-01,3.708743263805944212e-01,3.512948100006654251e-01,4.083659796452138169e-01,4.270900873083757765e-01,4.021833292686846084e-01,4.422672322684310098e-01,4.872027961078628233e-01,5.172967057612072317e-01,4.036531746387482245e-01,0.000000000000000000e+00,4.815366328773844073e-01,4.723407419690224818e-01,4.822888855236365790e-01,5.110064098870700233e-01,0.000000000000000000e+00,0.000000000000000000e+00,0.000000000000000000e+00,0.000000000000000000e+00,4.881602713419324058e-01,0.000000000000000000e+00,0.000000000000000000e+00,0.000000000000000000e+00,4.495816134027501021e-01,0.000000000000000000e+00,4.089862134516802916e-01,0.000000000000000000e+00,0.000000000000000000e+00,0.000000000000000000e+00,0.000000000000000000e+00,4.650997693044413017e-01,0.000000000000000000e+00,4.913717125336469760e-01,4.627386535337016937e-01,0.000000000000000000e+00,4.545053358225349949e-01,0.000000000000000000e+00,4.631116793581288027e-01,4.550119518030875110e-01,4.974600730461449793e-01,4.559242376487614989e-01,0.000000000000000000e+00,4.314048309509462831e-01,5.122917616517410622e-01,4.598719868779372888e-01,4.578931548833802823e-01,4.502093198702261101e-01,4.534960410908461803e-01,4.673403790026702809e-01
3.781880301054967863e-01,3.868570474071780230e-01,0.000000000000000000e+00,0.000000000000000000e+00,4.176086161234697780e-01,4.221554608968002276e-01,4.361061015445197864e-01,4.365255112875270904e-01,3.882875069402602075e-01,3.657055220459733968e-01,0.000000000000000000e+00,3.439493179321289062e-01,4.442010173585793087e-01,0.000000000000000000e+00,4.067775945564469087e-01,0.000000000000000000e+00,3.580448167223572731e-01,3.105831957661511211e-01,0.000000000000000000e+00,3.891169385267855829e-01,3.968762400207979102e-01,3.554675096233436138e-01,4.114236704994472804e-01,0.000000000000000000e+00,3.541626342478578215e-01,3.923765621176107943e-01,4.129072922118425248e-01,4.228345457595288903e-01,4.075413531363238917e-01,4.138138219950308061e-01,3.571135054586634938e-01,4.103692445468420935e-01,3.487326827589848910e-01,3.442881724637741891e-01,4.026201479827912211e-01,4.453408591532573846e-01,4.575818665897072868e-01,0.000000000000000000e+00,4.288816458335487081e-01,4.129583396064223089e-01,4.095242957032452225e-01,4.387028337909362752e-01,0.000000000000000000e+00,0.000000000000000000e+00,0.000000000000000000e+00,4.269024923869121912e-01,4.464210502096260802e-01,0.000000000000000000e+00,0.000000000000000000e+00,0.000000000000000000e+00,0.000000000000000000e+00,0.000000000000000000e+00,0.000000000000000000e+00,0.000000000000000000e+00,0.000000000000000000e+00,0.000000000000000000e+00,0.000000000000000000e+00,0.000000000000000000e+00,0.000000000000000000e+00,4.563970094088402041e-01,4.261257810860304973e-01,0.000000000000000000e+00,4.264227496891347946e-01,0.000000000000000000e+00,4.457521131735037168e-01,0.000000000000000000e+00,4.476036390632875950e-01,4.672789873872493782e-01,0.000000000000000000e+00,4.355901544403186221e-01,4.580674866575514814e-01,4.511401759702469150e-01,0.000000000000000000e+00,4.417565733592573873e-01,0.000000000000000000e+00,4.173530814822503099e-01
0.000000000000000000e+00,3.828406403981751138e-01,0.000000000000000000e+00,0.000000000000000000e+00,3.857206516034860089e-01,4.084330677150941891e-01,4.100870380520473812e-01,0.000000000000000000e+00,4.384042169781918741e-01,3.063177510062083941e-01,4.516051167665752208e-01,3.474766958276203077e-01,4.102144818036275176e-01,0.000000000000000000e+00,4.135516881942749023e-01,3.580448167223572731e-01,0.000000000000000000e+00,3.115977909617175245e-01,0.000000000000000000e+00,3.783464780548908002e-01,3.849043873757307943e-01,3.698613300364824164e-01,0.000000000000000000e+00,3.319687037932608775e-01,3.240509679145313071e-01,3.567489677996305009e-01,0.000000000000000000e+00,3.927370821525955069e-01,3.862323127803766742e-01,0.000000000000000000e+00,3.320884878473249202e-01,3.861749504922667997e-01,3.147156461616016920e-01,3.312582593112292084e-01,3.415763034593773950e-01,0.000000000000000000e+00,0.000000000000000000e+00,3.183347664029582136e-01,0.000000000000000000e+00,3.936569584501158903e-01,3.899713111793408071e-01,0.000000000000000000e+00,0.000000000000000000e+00,0.000000000000000000e+00,0.000000000000000000e+00,0.000000000000000000e+00,0.000000000000000000e+00,0.000000000000000000e+00,0.000000000000000000e+00,0.000000000000000000e+00,0.000000000000000000e+00,0.000000000000000000e+00,0.000000000000000000e+00,0.000000000000000000e+00,4.531795771300843878e-01,0.000000000000000000e+00,4.600767369696743270e-01,0.000000000000000000e+00,0.000000000000000000e+00,0.000000000000000000e+00,0.000000000000000000e+00,4.352637362334353943e-01,4.197189041514743923e-01,0.000000000000000000e+00,0.000000000000000000e+00,0.000000000000000000e+00,0.000000000000000000e+00,0.000000000000000000e+00,4.449355676191273923e-01,4.319618507373659266e-01,4.395370133152334269e-01,0.000000000000000000e+00,0.000000000000000000e+00,0.000000000000000000e+00,0.000000000000000000e+00,0.000000000000000000e+00
3.717953739198902041e-01,3.809481850570298200e-01,4.592182275089012888e-01,0.000000000000000000e+00,4.078807485546088185e-01,4.128606757965134766e-01,4.226715436060978770e-01,0.000000000000000000e+00,4.262190654746459972e-01,3.093754946886015933e-01,4.474751902238450763e-01,3.493379398651154100e-01,4.311465587371314245e-01,0.000000000000000000e+00,3.886103251222807753e-01,3.105831957661511211e-01,3.115977909617175245e-01,0.000000000000000000e+00,0.000000000000000000e+00,3.878267336029119217e-01,3.775972718527518812e-01,3.749154809447469150e-01,4.106974763579940846e-01,3.449880167588589841e-01,3.276161284669095730e-01,3.674587093051719933e-01,4.084894690601060807e-01,4.106648728505116197e-01,4.046977447732599820e-01,0.000000000000000000e+00,3.541249451746890098e-01,4.116986332731201736e-01,3.299440253212395091e-01,3.517262609025568754e-01,3.924236402198977847e-01,0.000000000000000000e+00,0.000000000000000000e+00,3.001296102283679823e-01,4.239068870179675264e-01,3.901524734861577248e-01,4.090310200035077171e-01,0.000000000000000000e+00,0.000000000000000000e+00,0.000000000000000000e+00,0.000000000000000000e+00,4.250210092694480246e-01,4.349439837678493181e-01,0.000000000000000000e+00,0.000000000000000000e+00,0.000000000000000000e+00,4.267147796472833265e-01,0.000000000000000000e+00,0.000000000000000000e+00,0.000000000000000000e+00,4.537620268562798098e-01,0.000000000000000000e+00,4.619488590089407265e-01,0.000000000000000000e+00,0.000000000000000000e+00,4.396729941389758145e-01,4.224138156771455876e-01,4.443719615692701130e-01,4.285693202965217274e-01,0.000000000000000000e+00,4.506172406386302898e-01,0.000000000000000000e+00,4.401386281988710070e-01,0.000000000000000000e+00,4.524783308171346774e-01,4.332779596984905890e-01,4.514201674945085840e-01,0.000000000000000000e+00,0.000000000000000000e+00,4.290031059609171193e-01,0.000000000000000000e+00,4.215609696847802956e-01
0.000000000000000000e+00,0.000000000000000000e+00,2.316081758661444889e-01,3.883511568221371113e-01,3.617355547186252851e-01,3.721947752109086016e-01,4.486002568736697227e-01,4.001743710022739875e-01,2.645712557210495031e-01,4.420662261283320738e-01,2.637680556396049258e-01,4.297663049051336781e-01,4.369034924061308001e-01,3.943837601785449842e-01,0.000000000000000000e+00,0.000000000000000000e+00,0.000000000000000000e+00,0.000000000000000000e+00,0.000000000000000000e+00,0.000000000000000000e+00,0.000000000000000000e+00,0.000000000000000000e+00,3.029796709877158878e-01,4.484198233072593798e-01,4.395894487748316926e-01,4.416351975405842789e-01,3.183195245340155743e-01,4.259990326183619169e-01,0.000000000000000000e+00,0.000000000000000000e+00,4.433458112860254041e-01,3.854591502610548726e-01,3.532320514652573240e-01,4.394455959773859166e-01,4.301509253575140912e-01,4.014016016142850085e-01,4.090006089708274062e-01,4.141835752285131789e-01,4.396275667784653174e-01,0.000000000000000000e+00,4.439388868833448742e-01,0.000000000000000000e+00,4.566665469679823119e-01,0.000000000000000000e+00,0.000000000000000000e+00,0.000000000000000000e+00,0.000000000000000000e+00,4.620884690448235910e-01,0.000000000000000000e+00,4.753892022098722969e-01,5.083786800996344946e-01,5.073471416142669721e-01,5.019003168458536779e-01,5.314684775855890164e-01,0.000000000000000000e+00,3.193859063600473225e-01,0.000000000000000000e+00,5.152282081755670262e-01,4.533967968370042900e-01,0.000000000000000000e+00,0.000000000000000000e+00,0.000000000000000000e+00,0.000000000000000000e+00,5.085654141650383098e-01,0.000000000000000000e+00,0.000000000000000000e+00,0.000000000000000000e+00,5.236203218434374307e-01,0.000000000000000000e+00,0.000000000000000000e+00,0.000000000000000000e+00,5.139620177799520961e-01,4.820933473992888851e-01,4.557308607211271179e-01,0.000000000000000000e+00,0.000000000000000000e+00
4.131885937153296773e-01,4.097855786865202132e-01,0.000000000000000000e+00,4.754347800799563761e-01,3.919662538759476900e-01,3.827529632007833915e-01,4.143137620043396141e-01,3.712614692285993723e-01,3.783093025450484093e-01,3.845049345360248005e-01,0.000000000000000000e+00,0.000000000000000000e+00,4.230512286100833741e-01,0.000000000000000000e+00,2.857309586167616766e-01,3.891169385267855829e-01,3.783464780548908002e-01,3.878267336029119217e-01,0.000000000000000000e+00,0.000000000000000000e+00,4.026697320790588175e-01,3.257613948307981899e-01,2.776068291700525825e-01,4.702288004489820206e-01,3.835466663880214844e-01,4.091126607847255792e-01,3.210221517284863046e-01,3.735254593992137773e-01,3.190655445506184740e-01,3.599119269985118219e-01,3.769773364372748237e-01,4.138903629372355231e-01,3.780468418066670888e-01,4.246860828176874936e-01,4.684731975309200935e-01,5.037199811919522707e-01,4.445119935590586824e-01,0.000000000000000000e+00,4.495539144073268933e-01,4.273935899347627854e-01,4.558357240198295801e-01,4.742585456730892268e-01,0.000000000000000000e+00,0.000000000000000000e+00,0.000000000000000000e+00,0.000000000000000000e+00,4.377970580356170816e-01,0.000000000000000000e+00,0.000000000000000000e+00,0.000000000000000000e+00,4.418441906048046208e-01,0.000000000000000000e+00,0.000000000000000000e+00,0.000000000000000000e+00,0.000000000000000000e+00,0.000000000000000000e+00,3.888301849365233820e-01,4.672514290140923898e-01,0.000000000000000000e+00,4.609954405179658155e-01,4.371430460280686936e-01,0.000000000000000000e+00,4.390611282145824856e-01,0.000000000000000000e+00,4.437468625292875779e-01,4.401792252701551833e-01,4.623903846150311803e-01,4.608326232927156818e-01,0.000000000000000000e+00,4.280299010611310906e-01,4.782936698397661779e-01,4.540465231433076787e-01,4.609094771207892793e-01,4.415331346995510220e-01,4.401397208947872008e-01,4.500786772195852214e-01
3.687470700901490095e-01,4.003241218161777137e-01,3.991728322800756068e-01,0.000000000000000000e+00,0.000000000000000000e+00,3.891163861215244935e-01,4.383724201263525799e-01,3.812914550079761211e-01,0.000000000000000000e+00,4.484490996332264889e-01,0.000000000000000000e+00,4.435543393864955219e-01,4.328964200835370146e-01,0.000000000000000000e+00,3.813763269676144207e-01,3.968762400207979102e-01,3.849043873757307943e-01,3.775972718527518812e-01,0.000000000000000000e+00,4.026697320790588175e-01,0.000000000000000000e+00,4.051630007511474174e-01,3.922801062142902140e-01,4.454373945331365769e-01,4.035049258426833263e-01,4.161560812438003798e-01,3.853897504629477111e-01,4.209645315421117751e-01,4.010448395515611164e-01,4.363042773280391140e-01,3.937148343318134791e-01,4.180087891406094047e-01,3.979591575820182192e-01,4.016276180540537255e-01,4.734409217957982752e-01,0.000000000000000000e+00,0.000000000000000000e+00,4.879331722102867031e-01,4.426751854256310015e-01,4.267589381032402263e-01,4.562632506651860265e-01,4.916832286340809821e-01,0.000000000000000000e+00,0.000000000000000000e+00,0.000000000000000000e+00,3.442901709123528109e-01,4.733346135253984066e-01,0.000000000000000000e+00,0.000000000000000000e+00,0.000000000000000000e+00,4.286495937048819260e-01,0.000000000000000000e+00,2.906424435382741200e-01,0.000000000000000000e+00,4.782736182998867935e-01,0.000000000000000000e+00,0.000000000000000000e+00,4.607946981742749859e-01,0.000000000000000000e+00,4.507131415577962930e-01,4.532540346527915154e-01,0.000000000000000000e+00,4.362617906287185043e-01,0.000000000000000000e+00,4.397472446971957827e-01,3.497907580626913870e-01,4.789796070715853782e-01,4.413418402693761178e-01,0.000000000000000000e+00,4.407469626622024239e-01,4.819158612475591963e-01,4.451001313239638102e-01,4.491733482441594982e-01,4.294352760218623777e-01,4.356585472736113074e-01,4.435618300586842144e-01
