0.000000000000000000e+00,3.900407070788129982e-01,0.000000000000000000e+00,0.000000000000000000e+00,0.000000000000000000e+00,4.081402081578279217e-01,3.655878802378609849e-01,4.478295783584739231e-01,0.000000000000000000e+00,3.838561128806293188e-01,0.000000000000000000e+00,3.627219915245640802e-01,3.815661107770739746e-01,0.000000000000000000e+00,3.685196531041636248e-01,3.652763005947431973e-01,0.000000000000000000e+00,3.632825748443809788e-01,0.000000000000000000e+00,3.798332182516228062e-01,3.594480569138512882e-01,3.792850754929200097e-01,4.229843416007357804e-01,3.170442349758881839e-01,3.501253244769182982e-01,3.575278288477938826e-01,4.364310672759528775e-01,3.816657236994512870e-01,3.844915051408002160e-01,0.000000000000000000e+00,3.502427852377297812e-01,3.864034477239037813e-01,3.104658505610359276e-01,3.408792083448515253e-01,3.926689116070246066e-01,0.000000000000000000e+00,0.000000000000000000e+00,0.000000000000000000e+00,4.021107146771322749e-01,3.712890167289308874e-01,3.741380948408429830e-01,0.000000000000000000e+00,0.000000000000000000e+00,0.000000000000000000e+00,0.000000000000000000e+00,3.328382703478742211e-01,4.190327271506735229e-01,0.000000000000000000e+00,0.000000000000000000e+00,0.000000000000000000e+00,3.995743551067258981e-01,0.000000000000000000e+00,3.974563597923957969e-01,0.000000000000000000e+00,0.000000000000000000e+00,0.000000000000000000e+00,0.000000000000000000e+00,3.990409986580413237e-01,0.000000000000000000e+00,0.000000000000000000e+00,4.024539873795098255e-01,0.000000000000000000e+00,3.873657552225597822e-01,0.000000000000000000e+00,3.997312560875785903e-01,3.801791191643140166e-01,4.166127069858018839e-01,4.222094830396991849e-01,3.802305912937513077e-01,3.844558603882393122e-01,4.097111880442971810e-01,3.996791113484468028e-01,0.000000000000000000e+00,4.133264324656514277e-01,0.000000000000000000e+00,3.691247540433035268e-01
3.900407070788129982e-01,0.000000000000000000e+00,3.616342553309320751e-01,0.000000000000000000e+00,3.577378059113742181e-01,3.831685692760598005e-01,3.776923169813635739e-01,4.131687649957738739e-01,3.677795287758410248e-01,0.000000000000000000e+00,0.000000000000000000e+00,3.467665604910086796e-01,3.918953572167592214e-01,0.000000000000000000e+00,4.046396931688325815e-01,3.734609540505410830e-01,0.000000000000000000e+00,4.081834318680134799e-01,0.000000000000000000e+00,3.992468429837220945e-01,3.659349327102648930e-01,3.922079164173261079e-01,4.022351001448286056e-01,0.000000000000000000e+00,3.922516912995451244e-01,3.791961991696417011e-01,3.950292806016156844e-01,3.938481424052691082e-01,3.904219925556765003e-01,0.000000000000000000e+00,3.443789595787867808e-01,3.853069283584705795e-01,3.210224826804058962e-01,3.442537808388189124e-01,3.882317415476589928e-01,0.000000000000000000e+00,0.000000000000000000e+00,0.000000000000000000e+00,4.078390079031212201e-01,3.907401204456236732e-01,3.890287627933667891e-01,4.204367003988412899e-01,0.000000000000000000e+00,0.000000000000000000e+00,0.000000000000000000e+00,4.128981732719544939e-01,4.113841847907537819e-01,0.000000000000000000e+00,0.000000000000000000e+00,0.000000000000000000e+00,3.992383568001581784e-01,3.967526223762172233e-01,0.000000000000000000e+00,0.000000000000000000e+00,0.000000000000000000e+00,0.000000000000000000e+00,0.000000000000000000e+00,3.985474287263183202e-01,0.000000000000000000e+00,4.533762466485891096e-01,4.063568561956004133e-01,0.000000000000000000e+00,3.847064098060338222e-01,0.000000000000000000e+00,4.072967733292556791e-01,4.031600143936078795e-01,4.241698598425254207e-01,4.261905211465256138e-01,0.000000000000000000e+00,3.901649349314136872e-01,4.198913257595147108e-01,4.109872802887509780e-01,3.919417361500591723e-01,4.123354041312695117e-01,0.000000000000000000e+00,3.783950029687970784e-01
0.000000000000000000e+00,3.616342553309320751e-01,0.000000000000000000e+00,3.584164212165483754e-01,3.653420332313930263e-01,3.650899473678784202e-01,3.916430292986052275e-01,3.986431800277416837e-01,2.676282666745867234e-01,3.956874589803062170e-01,2.965096692795791133e-01,3.486323654651641846e-01,3.957219238125702088e-01,3.534639980602202192e-01,4.106137605691855264e-01,0.000000000000000000e+00,0.000000000000000000e+00,3.991874136667797890e-01,2.398030366547515002e-01,0.000000000000000000e+00,3.416437475812694746e-01,3.727676146670211854e-01,3.131546351031108122e-01,0.000000000000000000e+00,3.669497542098584253e-01,3.970301386124284182e-01,2.924891388566068784e-01,3.945766837669045790e-01,3.840617688027470056e-01,3.934640662669008915e-01,3.996049080112618057e-01,3.547714475327342076e-01,3.284933780618293220e-01,3.932264818642420834e-01,4.082283628950014731e-01,3.444506965136294174e-01,3.687474223840424004e-01,0.000000000000000000e+00,4.462518602243051857e-01,0.000000000000000000e+00,0.000000000000000000e+00,0.000000000000000000e+00,4.433703484162858088e-01,0.000000000000000000e+00,0.000000000000000000e+00,0.000000000000000000e+00,0.000000000000000000e+00,4.199854102834523761e-01,0.000000000000000000e+00,4.286479295694565761e-01,4.959627087960400971e-01,4.755483073127200200e-01,4.672630611272455825e-01,4.683027261518379891e-01,0.000000000000000000e+00,3.427385626150887821e-01,3.894967581457201011e-01,4.655845889287658079e-01,4.201181307849247148e-01,0.000000000000000000e+00,0.000000000000000000e+00,0.000000000000000000e+00,0.000000000000000000e+00,3.093883327967298924e-01,4.308401609012177946e-01,0.000000000000000000e+00,0.000000000000000000e+00,4.823591678002068783e-01,0.000000000000000000e+00,0.000000000000000000e+00,0.000000000000000000e+00,4.943567037868447089e-01,4.425674817810493211e-01,4.577287922593679115e-01,0.000000000000000000e+00,4.641304596933815141e-01
0.000000000000000000e+00,0.000000000000000000e+00,3.584164212165483754e-01,0.000000000000000000e+00,2.056464477725465090e-01,3.774791712579255165e-01,2.703526615583327075e-01,0.000000000000000000e+00,3.608335075426812866e-01,0.000000000000000000e+00,2.997415925063767750e-01,3.070714666596032760e-01,3.068003003876034196e-01,2.477297478968054079e-01,0.000000000000000000e+00,0.000000000000000000e+00,0.000000000000000000e+00,0.000000000000000000e+00,3.483686695777615805e-01,4.333091922316982259e-01,0.000000000000000000e+00,4.766131937503815252e-01,3.562838505328900229e-01,0.000000000000000000e+00,0.000000000000000000e+00,0.000000000000000000e+00,3.718460959487305817e-01,2.515600360768093235e-01,0.000000000000000000e+00,0.000000000000000000e+00,2.698725163936614990e-01,3.006103598715588188e-01,0.000000000000000000e+00,3.583342730998992920e-01,2.763816388378665945e-01,1.932294428863073066e-01,1.739610318052277060e-01,0.000000000000000000e+00,0.000000000000000000e+00,0.000000000000000000e+00,0.000000000000000000e+00,0.000000000000000000e+00,0.000000000000000000e+00,0.000000000000000000e+00,0.000000000000000000e+00,0.000000000000000000e+00,0.000000000000000000e+00,0.000000000000000000e+00,0.000000000000000000e+00,0.000000000000000000e+00,0.000000000000000000e+00,0.000000000000000000e+00,0.000000000000000000e+00,0.000000000000000000e+00,0.000000000000000000e+00,0.000000000000000000e+00,2.606126104749956207e-01,0.000000000000000000e+00,0.000000000000000000e+00,0.000000000000000000e+00,0.000000000000000000e+00,0.000000000000000000e+00,0.000000000000000000e+00,0.000000000000000000e+00,0.000000000000000000e+00,0.000000000000000000e+00,0.000000000000000000e+00,0.000000000000000000e+00,0.000000000000000000e+00,0.000000000000000000e+00,0.000000000000000000e+00,0.000000000000000000e+00,0.000000000000000000e+00,0.000000000000000000e+00,0.000000000000000000e+00,0.000000000000000000e+00
0.000000000000000000e+00,3.577378059113742181e-01,3.653420332313930263e-01,2.056464477725465090e-01,0.000000000000000000e+00,3.615820005325032782e-01,3.182893696441089215e-01,3.612758831635253243e-01,3.220716725093341060e-01,3.922794831851970088e-01,3.118909327912762208e-01,3.786781068370559944e-01,3.679418932488184857e-01,2.534890439475628865e-01,3.939025010077488176e-01,3.836945614852708131e-01,0.000000000000000000e+00,3.704175500693814849e-01,3.448701108973942775e-01,3.849111478188873003e-01,3.578659213699211805e-01,3.846109056848995844e-01,3.707170589015469919e-01,0.000000000000000000e+00,3.627068968943942262e-01,3.557625597401906092e-01,3.702662520616750164e-01,3.641685433272128236e-01,3.836077737643368013e-01,0.000000000000000000e+00,3.951014771459427921e-01,3.172531585001148180e-01,3.218875125314272223e-01,3.737861116993422828e-01,3.738561462551432957e-01,2.085773475228437090e-01,2.100945931923192955e-01,3.391258761103140840e-01,4.279023089035954852e-01,0.000000000000000000e+00,0.000000000000000000e+00,0.000000000000000000e+00,3.979814123181916741e-01,0.000000000000000000e+00,0.000000000000000000e+00,0.000000000000000000e+00,0.000000000000000000e+00,4.765003811620325269e-01,0.000000000000000000e+00,0.000000000000000000e+00,4.744192574965201969e-01,4.570808690946466246e-01,4.614723945283947248e-01,4.718618848070226246e-01,0.000000000000000000e+00,4.099203315034394834e-01,0.000000000000000000e+00,4.587606117043194209e-01,0.000000000000000000e+00,4.220048963759848171e-01,0.000000000000000000e+00,0.000000000000000000e+00,0.000000000000000000e+00,4.749726326786758990e-01,4.304840394025808981e-01,4.362192716603336962e-01,4.189704659766660955e-01,4.788657884354345917e-01,0.000000000000000000e+00,0.000000000000000000e+00,4.018696832539909169e-01,4.802908333981273925e-01,4.471887815615103179e-01,4.521999102776934065e-01,0.000000000000000000e+00,4.587854812269904770e-01
4.081402081578279217e-01,3.831685692760598005e-01,3.650899473678784202e-01,3.774791712579255165e-01,3.615820005325032782e-01,0.000000000000000000e+00,3.977602927866780158e-01,3.869136110004153806e-01,3.267443683485817263e-01,4.018467950937656963e-01,3.574411206338047875e-01,4.000633896474050100e-01,3.900577313233188903e-01,3.726504328819227885e-01,4.514639744146464184e-01,4.014861154869950877e-01,0.000000000000000000e+00,3.928768332926179108e-01,3.623869524724974145e-01,4.026431323304279775e-01,4.020946030272147809e-01,4.081217539534168770e-01,4.027368480711340237e-01,4.196687179225073172e-01,3.823366063526182912e-01,4.181303868718859729e-01,3.868976844090086797e-01,3.745258311833704057e-01,3.446362001875383219e-01,3.927800816425253139e-01,3.991427552191609274e-01,3.746288608668862929e-01,3.490301671844726061e-01,3.910151720308219780e-01,4.193571381055331004e-01,3.710538227807196887e-01,3.943596467459963839e-01,3.790018756495098229e-01,4.192234901670989777e-01,0.000000000000000000e+00,4.644226608335885742e-01,4.802859439243112871e-01,4.602920514346438008e-01,4.059568199687372814e-01,0.000000000000000000e+00,0.000000000000000000e+00,4.167792765171604019e-01,5.006943073740970362e-01,0.000000000000000000e+00,4.884810991652732137e-01,4.846027971397096068e-01,4.752647626761373756e-01,4.583975532860192215e-01,4.943552272858878771e-01,0.000000000000000000e+00,4.650704560827884082e-01,3.943246041770038235e-01,4.628273731822509784e-01,5.013508684648153579e-01,4.532156745104335971e-01,3.928455970496843030e-01,0.000000000000000000e+00,0.000000000000000000e+00,4.906144844581201148e-01,4.611923726119144251e-01,4.438173857198918215e-01,4.513039207280237775e-01,4.910496391114703152e-01,0.000000000000000000e+00,3.761017869233597155e-01,4.265273253514831886e-01,4.879731781940109259e-01,4.604199698671206931e-01,4.675941788080982264e-01,4.647684275931804887e-01,4.662176654294762912e-01
3.655878802378609849e-01,3.776923169813635739e-01,3.916430292986052275e-01,2.703526615583327075e-01,3.182893696441089215e-01,3.977602927866780158e-01,0.000000000000000000e+00,3.727498847504021051e-01,3.840386597012533931e-01,3.827149889023839791e-01,3.904071758119991853e-01,3.398556482471576934e-01,3.302437931445744157e-01,2.977075379298030899e-01,4.040231948567101217e-01,4.244055942773057866e-01,0.000000000000000000e+00,4.015074130492589100e-01,3.950916787113263884e-01,4.046073277402081891e-01,3.885763939851866744e-01,4.145756725208927240e-01,3.769364773674088731e-01,4.158762395381926935e-01,3.820369771370926149e-01,3.749482711779648092e-01,3.917097444806206252e-01,3.660052080931546215e-01,4.231187548884284277e-01,4.006489195524857161e-01,3.976470680161316995e-01,3.673631682040037205e-01,3.661150851647688165e-01,3.841423827621688880e-01,3.603344607532453781e-01,2.734432908740975776e-01,2.513149758885102059e-01,2.884474533327828216e-01,4.489242691009159847e-01,0.000000000000000000e+00,4.732391770314294810e-01,0.000000000000000000e+00,4.247642916496052745e-01,0.000000000000000000e+00,0.000000000000000000e+00,0.000000000000000000e+00,4.009488988024330069e-01,4.808202267588204126e-01,0.000000000000000000e+00,0.000000000000000000e+00,4.716451822347951794e-01,4.493931134201006872e-01,4.426049799024354137e-01,4.789163414551368958e-01,0.000000000000000000e+00,0.000000000000000000e+00,0.000000000000000000e+00,4.493302091762362838e-01,0.000000000000000000e+00,4.442126944244105258e-01,3.803021695324392826e-01,0.000000000000000000e+00,0.000000000000000000e+00,4.642346814685899825e-01,4.506168924582505952e-01,4.337561100338025999e-01,4.227992402337049094e-01,4.726292345592496003e-01,0.000000000000000000e+00,3.820860551198664856e-01,4.028125854930438843e-01,4.738070460793000760e-01,4.466738635234520083e-01,4.604518365533492030e-01,0.000000000000000000e+00,4.562584178130221213e-01
4.478295783584739231e-01,4.131687649957738739e-01,3.986431800277416837e-01,0.000000000000000000e+00,3.612758831635253243e-01,3.869136110004153806e-01,3.727498847504021051e-01,0.000000000000000000e+00,4.056518095172668148e-01,4.046570129100686142e-01,2.784680600925247829e-01,4.306886350890001824e-01,3.801048403476497972e-01,3.148927315084438239e-01,3.986765265799530056e-01,4.077375142141261843e-01,0.000000000000000000e+00,4.011654636605487823e-01,3.876828151710010051e-01,3.634917274151832078e-01,3.967632983135299107e-01,3.988984320991638133e-01,3.365594784497292213e-01,4.422923639611098801e-01,4.030539595565488242e-01,4.241047358988767058e-01,3.997206594723881068e-01,3.766411262804699733e-01,3.659128272299393969e-01,3.556125828763782026e-01,3.853829453984367048e-01,3.420959543989939844e-01,3.786950595826780730e-01,3.937104646041998945e-01,4.065945186534689060e-01,2.713678920947347750e-01,0.000000000000000000e+00,0.000000000000000000e+00,4.153817996581091743e-01,0.000000000000000000e+00,0.000000000000000000e+00,0.000000000000000000e+00,3.685590587344353963e-01,0.000000000000000000e+00,0.000000000000000000e+00,0.000000000000000000e+00,4.405656991906666264e-01,4.684714976118060092e-01,0.000000000000000000e+00,4.478653504395456175e-01,4.539116234837133890e-01,4.329345527202627109e-01,3.780097920210609974e-01,4.686153276807938917e-01,0.000000000000000000e+00,4.063391052603353981e-01,0.000000000000000000e+00,4.253829284367587893e-01,0.000000000000000000e+00,4.704208395442083246e-01,0.000000000000000000e+00,0.000000000000000000e+00,0.000000000000000000e+00,4.558825938987772219e-01,4.609787282938522246e-01,4.327556448965784730e-01,4.404038158304359740e-01,4.569925530062852737e-01,0.000000000000000000e+00,0.000000000000000000e+00,4.518583988396586149e-01,4.642359113457892872e-01,4.226704840904618732e-01,4.378985460129384832e-01,0.000000000000000000e+00,4.477298608307930250e-01
0.000000000000000000e+00,3.677795287758410248e-01,2.676282666745867234e-01,3.608335075426812866e-01,3.220716725093341060e-01,3.267443683485817263e-01,3.840386597012533931e-01,4.056518095172668148e-01,0.000000000000000000e+00,3.972376549954241831e-01,2.730241917284533248e-01,3.904322591963957922e-01,3.691373310022207921e-01,3.504916297621331056e-01,0.000000000000000000e+00,3.881620247647428190e-01,0.000000000000000000e+00,3.937149435680957210e-01,2.512751730272171913e-01,3.901882378900202730e-01,3.647963081448911127e-01,3.938953329719510066e-01,3.641069887665168148e-01,0.000000000000000000e+00,3.749828218434628768e-01,3.801391160201135211e-01,3.058676943164513884e-01,3.920721141755297845e-01,3.895644740603200207e-01,3.869383854705121251e-01,4.001755113188958934e-01,3.588144179969073866e-01,3.506529594700482089e-01,3.935776967134507753e-01,3.954822770176408264e-01,3.520537330438939794e-01,3.786896489846844904e-01,3.712283939086741258e-01,3.945973113046752911e-01,0.000000000000000000e+00,0.000000000000000000e+00,3.778840123114010074e-01,4.390222240020636990e-01,3.590873308408337183e-01,0.000000000000000000e+00,0.000000000000000000e+00,0.000000000000000000e+00,4.876970421670350220e-01,0.000000000000000000e+00,4.785017143298341824e-01,4.859589610813412897e-01,4.710486569997928141e-01,4.720926573117534275e-01,4.842162740120546927e-01,0.000000000000000000e+00,3.817178302433574255e-01,3.778938164954560031e-01,4.611767399069999773e-01,4.455009933203603056e-01,4.269361426537893189e-01,0.000000000000000000e+00,0.000000000000000000e+00,0.000000000000000000e+00,4.740701531416348091e-01,4.456131213103700084e-01,0.000000000000000000e+00,4.155536978355520161e-01,4.892675991744602215e-01,0.000000000000000000e+00,0.000000000000000000e+00,0.000000000000000000e+00,4.915115146191110784e-01,4.640211835560196785e-01,4.524432854915497182e-01,0.000000000000000000e+00,4.645270268973850092e-01
3.838561128806293188e-01,0.000000000000000000e+00,3.956874589803062170e-01,0.000000000000000000e+00,3.922794831851970088e-01,4.018467950937656963e-01,3.827149889023839791e-01,4.046570129100686142e-01,3.972376549954241831e-01,0.000000000000000000e+00,3.915034342239693266e-01,2.841213210312750759e-01,3.795875757639686765e-01,0.000000000000000000e+00,0.000000000000000000e+00,3.362735026159183738e-01,3.183724282668367045e-01,3.358655072258833751e-01,3.883399098762376211e-01,0.000000000000000000e+00,0.000000000000000000e+00,3.707272106237791132e-01,3.834871990358582061e-01,2.859007900229125765e-01,3.437621678617913124e-01,3.356973086101832093e-01,3.944042950299124217e-01,3.702385240190230742e-01,3.891289719905616784e-01,0.000000000000000000e+00,3.118273837306309026e-01,3.320044083354536935e-01,2.825078317034113162e-01,3.185823508942600135e-01,2.866226483000829939e-01,3.653805596702783820e-01,0.000000000000000000e+00,2.672931011429781067e-01,3.971154424900518731e-01,3.396307255355768828e-01,3.625378569106941229e-01,0.000000000000000000e+00,0.000000000000000000e+00,0.000000000000000000e+00,3.193874916021404164e-01,4.207040815668309230e-01,0.000000000000000000e+00,0.000000000000000000e+00,0.000000000000000000e+00,0.000000000000000000e+00,0.000000000000000000e+00,0.000000000000000000e+00,0.000000000000000000e+00,0.000000000000000000e+00,4.011042937348803239e-01,0.000000000000000000e+00,4.065051785539846030e-01,3.880416925509602155e-01,0.000000000000000000e+00,0.000000000000000000e+00,3.643909863656489834e-01,4.065646614394717862e-01,4.085038790052913926e-01,0.000000000000000000e+00,0.000000000000000000e+00,0.000000000000000000e+00,3.805853344722363030e-01,0.000000000000000000e+00,3.828589605508376792e-01,4.050501122051897163e-01,4.211276489321472138e-01,0.000000000000000000e+00,3.939238165903177213e-01,4.098590759950693219e-01,0.000000000000000000e+00,3.852388859433126256e-01
0.000000000000000000e+00,0.000000000000000000e+00,2.965096692795791133e-01,2.997415925063767750e-01,3.118909327912762208e-01,3.574411206338047875e-01,3.904071758119991853e-01,2.784680600925247829e-01,2.730241917284533248e-01,3.915034342239693266e-01,0.000000000000000000e+00,3.761649468391379258e-01,3.884833520459942124e-01,2.694005447816503196e-01,0.000000000000000000e+00,0.000000000000000000e+00,0.000000000000000000e+00,0.000000000000000000e+00,2.432939103693478877e-01,0.000000000000000000e+00,0.000000000000000000e+00,0.000000000000000000e+00,2.479380840681330023e-01,0.000000000000000000e+00,0.000000000000000000e+00,3.847546910604109915e-01,3.358760716794202961e-01,3.844104360833662248e-01,0.000000000000000000e+00,0.000000000000000000e+00,3.937992170151605187e-01,3.418824553680310796e-01,3.885417427533118806e-01,3.855826591617563248e-01,3.780157630731681984e-01,2.803777777063847232e-01,3.449432184206323027e-01,3.745782176034879729e-01,4.229772886461605208e-01,0.000000000000000000e+00,0.000000000000000000e+00,0.000000000000000000e+00,3.878550198847504071e-01,0.000000000000000000e+00,0.000000000000000000e+00,0.000000000000000000e+00,0.000000000000000000e+00,4.149404945950492807e-01,0.000000000000000000e+00,3.684023010289825817e-01,4.791070373760685785e-01,4.291730671314764045e-01,4.201893807713847906e-01,4.669629402083169123e-01,0.000000000000000000e+00,2.480310756656255999e-01,0.000000000000000000e+00,4.249035439687265936e-01,3.704720180990105916e-01,0.000000000000000000e+00,0.000000000000000000e+00,0.000000000000000000e+00,0.000000000000000000e+00,1.953152683791014865e-01,0.000000000000000000e+00,0.000000000000000000e+00,0.000000000000000000e+00,4.575949128200917926e-01,0.000000000000000000e+00,0.000000000000000000e+00,0.000000000000000000e+00,4.748575123622852945e-01,4.196362000169555073e-01,4.219685554235773073e-01,0.000000000000000000e+00,0.000000000000000000e+00
3.627219915245640802e-01,3.467665604910086796e-01,3.486323654651641846e-01,3.070714666596032760e-01,3.786781068370559944e-01,4.000633896474050100e-01,3.398556482471576934e-01,4.306886350890001824e-01,3.904322591963957922e-01,2.841213210312750759e-01,3.761649468391379258e-01,0.000000000000000000e+00,3.710620144186230207e-01,0.000000000000000000e+00,4.680147767066956122e-01,3.564738465345311802e-01,3.635128096557497246e-01,3.718755652636502873e-01,3.972217255350917742e-01,4.447969642738208162e-01,4.080925249444177783e-01,4.386731823328292035e-01,4.034656279363709741e-01,2.837330818180470171e-01,3.510060303493043876e-01,2.836745280143567749e-01,3.986537899222443726e-01,3.431765170162853762e-01,4.065120816230773926e-01,0.000000000000000000e+00,3.322545530766252142e-01,3.391434069002601803e-01,2.991388422370683253e-01,2.917412210189139765e-01,3.378391167206624135e-01,3.068304511957209990e-01,3.080364036936563132e-01,2.508223244694823273e-01,2.730443090385205052e-01,3.650098690763042275e-01,3.704782080965395852e-01,3.364675357245410225e-01,2.808303026268261782e-01,2.792088082104977054e-01,3.350998982785052815e-01,0.000000000000000000e+00,0.000000000000000000e+00,3.889202257290840792e-01,2.160804499873394124e-01,0.000000000000000000e+00,3.837628325963212128e-01,0.000000000000000000e+00,0.000000000000000000e+00,3.815759335841282240e-01,4.117186718784270894e-01,0.000000000000000000e+00,4.076780248769564796e-01,3.842818858832294793e-01,0.000000000000000000e+00,0.000000000000000000e+00,4.027818861222705049e-01,4.149287174440468018e-01,4.151308373617229042e-01,3.720082377179518840e-01,0.000000000000000000e+00,0.000000000000000000e+00,0.000000000000000000e+00,3.771568062545880839e-01,3.879498503119450104e-01,4.116214145726367901e-01,4.235990214448788760e-01,3.836556788696237064e-01,3.153721070802256166e-01,0.000000000000000000e+00,0.000000000000000000e+00,3.993753436575189775e-01
3.815661107770739746e-01,3.918953572167592214e-01,3.957219238125702088e-01,3.068003003876034196e-01,3.679418932488184857e-01,3.900577313233188903e-01,3.302437931445744157e-01,3.801048403476497972e-01,3.691373310022207921e-01,3.795875757639686765e-01,3.884833520459942124e-01,3.710620144186230207e-01,0.000000000000000000e+00,3.298792506483483877e-01,4.076679562994747208e-01,4.288168974752799012e-01,3.889467668971803849e-01,4.065197939144026273e-01,3.894034250354981852e-01,4.113860406578310758e-01,4.006643673048643217e-01,4.276226073981638787e-01,3.870304859733371128e-01,3.520601128489608267e-01,3.897686232954101215e-01,3.836757249516157264e-01,3.997241808392124063e-01,3.463197607540902112e-01,3.967960415373226746e-01,3.572254034180276094e-01,3.898668188714047855e-01,3.820618242325442004e-01,3.649205993779052748e-01,3.840873724031992897e-01,3.733530409699252761e-01,3.300032406669243801e-01,3.448716611380854835e-01,3.460298264982573091e-01,3.686875395233840114e-01,3.733166030856773787e-01,0.000000000000000000e+00,3.389473151202134216e-01,4.367097127164811243e-01,0.000000000000000000e+00,0.000000000000000000e+00,0.000000000000000000e+00,4.068516504549514190e-01,4.858993054046684135e-01,0.000000000000000000e+00,4.637661615693662864e-01,4.638459053961860867e-01,4.526958910599274133e-01,4.392228330447998097e-01,4.674086609928049252e-01,0.000000000000000000e+00,4.097812108008375143e-01,3.655030798521384794e-01,4.475346613092808234e-01,0.000000000000000000e+00,4.445526554013166098e-01,3.954362467911570200e-01,0.000000000000000000e+00,3.786733096852640257e-01,4.639034774727320842e-01,4.565572844663441932e-01,4.449203456601482087e-01,4.245031040022180235e-01,4.712189132272278091e-01,0.000000000000000000e+00,3.777971404546954792e-01,4.132578175078587268e-01,4.680275578979565809e-01,4.459717301776270904e-01,4.545397722316779077e-01,4.650204432353847173e-01,4.536963115174155736e-01
0.000000000000000000e+00,0.000000000000000000e+00,3.534639980602202192e-01,2.477297478968054079e-01,2.534890439475628865e-01,3.726504328819227885e-01,2.977075379298030899e-01,3.148927315084438239e-01,3.504916297621331056e-01,0.000000000000000000e+00,2.694005447816503196e-01,0.000000000000000000e+00,3.298792506483483877e-01,0.000000000000000000e+00,0.000000000000000000e+00,0.000000000000000000e+00,0.000000000000000000e+00,0.000000000000000000e+00,3.242895629185815198e-01,0.000000000000000000e+00,4.030317630685172903e-01,0.000000000000000000e+00,3.174958627365612740e-01,0.000000000000000000e+00,0.000000000000000000e+00,4.102983612681637138e-01,3.767354577417970085e-01,3.060020298820719242e-01,0.000000000000000000e+00,0.000000000000000000e+00,0.000000000000000000e+00,2.410157299853966928e-01,0.000000000000000000e+00,0.000000000000000000e+00,0.000000000000000000e+00,2.198244529596118102e-01,1.673047615064099936e-01,0.000000000000000000e+00,0.000000000000000000e+00,0.000000000000000000e+00,0.000000000000000000e+00,0.000000000000000000e+00,3.608450919035876003e-01,0.000000000000000000e+00,0.000000000000000000e+00,0.000000000000000000e+00,0.000000000000000000e+00,4.475403672275907185e-01,0.000000000000000000e+00,0.000000000000000000e+00,0.000000000000000000e+00,0.000000000000000000e+00,3.869296610355377197e-01,4.405641404359383895e-01,0.000000000000000000e+00,3.602265871782608930e-01,0.000000000000000000e+00,0.000000000000000000e+00,0.000000000000000000e+00,0.000000000000000000e+00,0.000000000000000000e+00,0.000000000000000000e+00,0.000000000000000000e+00,3.902225484077312956e-01,0.000000000000000000e+00,0.000000000000000000e+00,0.000000000000000000e+00,0.000000000000000000e+00,0.000000000000000000e+00,0.000000000000000000e+00,0.000000000000000000e+00,4.422843575004500871e-01,0.000000000000000000e+00,0.000000000000000000e+00,0.000000000000000000e+00,0.000000000000000000e+00
3.685196531041636248e-01,4.046396931688325815e-01,4.106137605691855264e-01,0.000000000000000000e+00,3.939025010077488176e-01,4.514639744146464184e-01,4.040231948567101217e-01,3.986765265799530056e-01,0.000000000000000000e+00,0.000000000000000000e+00,0.000000000000000000e+00,4.680147767066956122e-01,4.076679562994747208e-01,0.000000000000000000e+00,0.000000000000000000e+00,3.861340347154493258e-01,0.000000000000000000e+00,3.672047718036869912e-01,0.000000000000000000e+00,3.488637644513363778e-01,3.982957718314785178e-01,3.752220690225239741e-01,3.993836290021149926e-01,3.927598834173868791e-01,3.687494444338668131e-01,3.832088762465439835e-01,4.541496309302234247e-01,4.015434883409874089e-01,3.928116052969227723e-01,3.832355600275266783e-01,4.054887699947862245e-01,4.180637382188264195e-01,3.806460146963119850e-01,4.221220796566951816e-01,4.619850656173413173e-01,4.935623940090497208e-01,0.000000000000000000e+00,0.000000000000000000e+00,4.595256334569682855e-01,4.522208534856336226e-01,4.396359033965854812e-01,4.866793737935817821e-01,0.000000000000000000e+00,0.000000000000000000e+00,0.000000000000000000e+00,0.000000000000000000e+00,4.561914260275983790e-01,0.000000000000000000e+00,0.000000000000000000e+00,0.000000000000000000e+00,4.441226349615188806e-01,4.312245349225168889e-01,0.000000000000000000e+00,0.000000000000000000e+00,0.000000000000000000e+00,0.000000000000000000e+00,0.000000000000000000e+00,4.323055557058718135e-01,0.000000000000000000e+00,4.807282066379429120e-01,4.308647942866796199e-01,0.000000000000000000e+00,0.000000000000000000e+00,0.000000000000000000e+00,4.629289706124524173e-01,4.631800761242214071e-01,4.843159193313845146e-01,4.742771464187104935e-01,0.000000000000000000e+00,3.838451066208576901e-01,4.826703992964105905e-01,4.698306182589264135e-01,4.407542717586456216e-01,4.596890012370116185e-01,0.000000000000000000e+00,4.484213742418953208e-01
3.652763005947431973e-01,3.734609540505410830e-01,0.000000000000000000e+00,0.000000000000000000e+00,3.836945614852708131e-01,4.014861154869950877e-01,4.244055942773057866e-01,4.077375142141261843e-01,3.881620247647428190e-01,3.362735026159183738e-01,0.000000000000000000e+00,3.564738465345311802e-01,4.288168974752799012e-01,0.000000000000000000e+00,3.861340347154493258e-01,0.000000000000000000e+00,3.421896140108242057e-01,3.057291204827802811e-01,0.000000000000000000e+00,4.023280389884438812e-01,3.576169458203838913e-01,3.925509330794020868e-01,4.036934484002316914e-01,3.383747235607926229e-01,3.514202103779804909e-01,3.863450659760553907e-01,4.131100859846358886e-01,4.044331582253007928e-01,4.203398273937942742e-01,3.726438075757717017e-01,3.670760780677548851e-01,4.059402350103746837e-01,3.368336584178798776e-01,3.725935869190367122e-01,4.064699631104997102e-01,0.000000000000000000e+00,0.000000000000000000e+00,0.000000000000000000e+00,3.908869883950851221e-01,3.668073807433452904e-01,3.744943367630372277e-01,4.043616037279947895e-01,0.000000000000000000e+00,0.000000000000000000e+00,0.000000000000000000e+00,3.973419114088250770e-01,3.982904772744362831e-01,0.000000000000000000e+00,0.000000000000000000e+00,0.000000000000000000e+00,3.943206704067181989e-01,3.833010327457527233e-01,0.000000000000000000e+00,0.000000000000000000e+00,3.777992776159326827e-01,0.000000000000000000e+00,3.954466427533774864e-01,3.912848942439550726e-01,0.000000000000000000e+00,4.021945039414772105e-01,3.898124089024712080e-01,3.856427084335716793e-01,3.787482057202370966e-01,0.000000000000000000e+00,3.861201893526947093e-01,3.876637651684493036e-01,4.003498048651584207e-01,4.176350839631631784e-01,4.063378455257191102e-01,3.771171876223726183e-01,4.028021617102001128e-01,4.036828688464090265e-01,3.924246871191041097e-01,4.077361255332546119e-01,0.000000000000000000e+00,3.712691938641619060e-01
0.000000000000000000e+00,0.000000000000000000e+00,0.000000000000000000e+00,0.000000000000000000e+00,0.000000000000000000e+00,0.000000000000000000e+00,0.000000000000000000e+00,0.000000000000000000e+00,0.000000000000000000e+00,3.183724282668367045e-01,0.000000000000000000e+00,3.635128096557497246e-01,3.889467668971803849e-01,0.000000000000000000e+00,0.000000000000000000e+00,3.421896140108242057e-01,0.000000000000000000e+00,3.019406102287152116e-01,0.000000000000000000e+00,3.614628147606520070e-01,0.000000000000000000e+00,3.678302019566018766e-01,3.940516412258148193e-01,3.656386415730787931e-01,3.121530568464597200e-01,3.508503630696273023e-01,0.000000000000000000e+00,3.695877133817461746e-01,3.608568565697092834e-01,0.000000000000000000e+00,3.387694292136956831e-01,3.831861477063288057e-01,3.198890532221730920e-01,3.532726670007014236e-01,3.564031240834825143e-01,0.000000000000000000e+00,3.732675611972808838e-01,3.388450585067073195e-01,4.132842817807810820e-01,3.711035820456782264e-01,3.920165974592678126e-01,0.000000000000000000e+00,0.000000000000000000e+00,0.000000000000000000e+00,0.000000000000000000e+00,0.000000000000000000e+00,0.000000000000000000e+00,0.000000000000000000e+00,0.000000000000000000e+00,0.000000000000000000e+00,0.000000000000000000e+00,0.000000000000000000e+00,0.000000000000000000e+00,0.000000000000000000e+00,4.141336786811669057e-01,0.000000000000000000e+00,4.291331310076493266e-01,0.000000000000000000e+00,0.000000000000000000e+00,0.000000000000000000e+00,3.782807265219285120e-01,4.220037811942460859e-01,4.204288597958302787e-01,0.000000000000000000e+00,0.000000000000000000e+00,0.000000000000000000e+00,0.000000000000000000e+00,0.000000000000000000e+00,4.129721306844224005e-01,4.175234140794107929e-01,4.293531528610318171e-01,0.000000000000000000e+00,0.000000000000000000e+00,0.000000000000000000e+00,0.000000000000000000e+00,4.068458450009446170e-01
3.632825748443809788e-01,4.081834318680134799e-01,3.991874136667797890e-01,0.000000000000000000e+00,3.704175500693814849e-01,3.928768332926179108e-01,4.015074130492589100e-01,4.011654636605487823e-01,3.937149435680957210e-01,3.358655072258833751e-01,0.000000000000000000e+00,3.718755652636502873e-01,4.065197939144026273e-01,0.000000000000000000e+00,3.672047718036869912e-01,3.057291204827802811e-01,3.019406102287152116e-01,0.000000000000000000e+00,0.000000000000000000e+00,4.038876704841464216e-01,3.567963862218200277e-01,4.256904396853107841e-01,3.910551488181319146e-01,3.602321925079199905e-01,3.654505141350669062e-01,3.706215039372388054e-01,4.052419444129516934e-01,3.912733029117467787e-01,4.085948565510991726e-01,3.681228245962757106e-01,3.778617050941667221e-01,4.106428168480750762e-01,3.380957693195734137e-01,3.836573459664863184e-01,3.989111354874749771e-01,0.000000000000000000e+00,0.000000000000000000e+00,3.392049146217656075e-01,3.980206141536660747e-01,3.768446246782565234e-01,3.917180262612859898e-01,4.099232631455840270e-01,0.000000000000000000e+00,0.000000000000000000e+00,0.000000000000000000e+00,3.994503074321377745e-01,3.991915697498897853e-01,0.000000000000000000e+00,0.000000000000000000e+00,0.000000000000000000e+00,3.976666917555600200e-01,3.867004148228204152e-01,0.000000000000000000e+00,0.000000000000000000e+00,4.148711396795281003e-01,0.000000000000000000e+00,4.223069345271024955e-01,3.957025941290314153e-01,0.000000000000000000e+00,4.082859780904318225e-01,3.913639469385832848e-01,4.170464221136215843e-01,4.063820496420127992e-01,0.000000000000000000e+00,3.929163906200442979e-01,0.000000000000000000e+00,3.976529842152948246e-01,4.576204115855220800e-01,4.142349986452372179e-01,4.056442410364178852e-01,4.201236926182618237e-01,4.499208550989551858e-01,3.852728202405921731e-01,4.098389688422071075e-01,0.000000000000000000e+00,4.038251016417083727e-01
0.000000000000000000e+00,0.000000000000000000e+00,2.398030366547515002e-01,3.483686695777615805e-01,3.448701108973942775e-01,3.623869524724974145e-01,3.950916787113263884e-01,3.876828151710010051e-01,2.512751730272171913e-01,3.883399098762376211e-01,2.432939103693478877e-01,3.972217255350917742e-01,3.894034250354981852e-01,3.242895629185815198e-01,0.000000000000000000e+00,0.000000000000000000e+00,0.000000000000000000e+00,0.000000000000000000e+00,0.000000000000000000e+00,0.000000000000000000e+00,0.000000000000000000e+00,0.000000000000000000e+00,3.074632045972439109e-01,0.000000000000000000e+00,0.000000000000000000e+00,0.000000000000000000e+00,2.926745561414331176e-01,3.878780680395038094e-01,0.000000000000000000e+00,0.000000000000000000e+00,3.934049179706413102e-01,3.473931570066098873e-01,0.000000000000000000e+00,3.884911817707921156e-01,3.869909412380008740e-01,3.224761989614817193e-01,3.703600956018364143e-01,3.703901236443570832e-01,4.439500609410524934e-01,0.000000000000000000e+00,0.000000000000000000e+00,0.000000000000000000e+00,4.337870086707333872e-01,0.000000000000000000e+00,0.000000000000000000e+00,0.000000000000000000e+00,0.000000000000000000e+00,3.553764198624376758e-01,0.000000000000000000e+00,4.774823903242726986e-01,4.805067379759984103e-01,4.679081944547797134e-01,4.662582404205469766e-01,4.831074231480764758e-01,0.000000000000000000e+00,2.708982002120937094e-01,0.000000000000000000e+00,4.673723828247530743e-01,4.322109092265171149e-01,0.000000000000000000e+00,0.000000000000000000e+00,0.000000000000000000e+00,0.000000000000000000e+00,4.700748537007605199e-01,0.000000000000000000e+00,0.000000000000000000e+00,0.000000000000000000e+00,4.871215781887274221e-01,0.000000000000000000e+00,0.000000000000000000e+00,0.000000000000000000e+00,4.967061252656668757e-01,4.656844633883712725e-01,4.522400254294520749e-01,0.000000000000000000e+00,4.573731265225384757e-01
3.798332182516228062e-01,3.992468429837220945e-01,0.000000000000000000e+00,4.333091922316982259e-01,3.849111478188873003e-01,4.026431323304279775e-01,4.046073277402081891e-01,3.634917274151832078e-01,3.901882378900202730e-01,0.000000000000000000e+00,0.000000000000000000e+00,4.447969642738208162e-01,4.113860406578310758e-01,0.000000000000000000e+00,3.488637644513363778e-01,4.023280389884438812e-01,3.614628147606520070e-01,4.038876704841464216e-01,0.000000000000000000e+00,0.000000000000000000e+00,4.008195325689525856e-01,3.592323767468192930e-01,3.419856041158861881e-01,4.311970539726246998e-01,3.895826345398222257e-01,4.206484877877699757e-01,3.612009424185813056e-01,3.535189956114174747e-01,3.318309409753690820e-01,3.118763021618787268e-01,3.848455722731293771e-01,4.111386770689016146e-01,3.617693648410095220e-01,4.151571087985413966e-01,4.570118163720042204e-01,4.712357883550125082e-01,4.755922555923461914e-01,0.000000000000000000e+00,4.052531045444148217e-01,4.192439465213996241e-01,4.335198328308879079e-01,4.298038492009156886e-01,0.000000000000000000e+00,0.000000000000000000e+00,0.000000000000000000e+00,0.000000000000000000e+00,4.020978735244676860e-01,0.000000000000000000e+00,0.000000000000000000e+00,0.000000000000000000e+00,4.632055906673626100e-01,4.365858918708975245e-01,0.000000000000000000e+00,0.000000000000000000e+00,0.000000000000000000e+00,0.000000000000000000e+00,0.000000000000000000e+00,4.492717070185796024e-01,0.000000000000000000e+00,4.436594453379469893e-01,3.921209462662333944e-01,0.000000000000000000e+00,0.000000000000000000e+00,0.000000000000000000e+00,4.467373427135856168e-01,4.332555253262697081e-01,4.447331235947697969e-01,4.731877922560133731e-01,0.000000000000000000e+00,3.691350734295997804e-01,4.155380151751001949e-01,4.676460677412070943e-01,4.456713132450929038e-01,4.601079930780874738e-01,4.450182968653162985e-01,4.497783562438020244e-01
3.594480569138512882e-01,3.659349327102648930e-01,3.416437475812694746e-01,0.000000000000000000e+00,3.578659213699211805e-01,4.020946030272147809e-01,3.885763939851866744e-01,3.967632983135299107e-01,3.647963081448911127e-01,0.000000000000000000e+00,0.000000000000000000e+00,4.080925249444177783e-01,4.006643673048643217e-01,4.030317630685172903e-01,3.982957718314785178e-01,3.576169458203838913e-01,0.000000000000000000e+00,3.567963862218200277e-01,0.000000000000000000e+00,4.008195325689525856e-01,0.000000000000000000e+00,4.057123136568719923e-01,3.832781194590095253e-01,3.968455251114759164e-01,3.482504070849030131e-01,3.719256601901267945e-01,4.191719008456741835e-01,3.925327424954540012e-01,3.776419698972139916e-01,3.780625568224187938e-01,3.752908751757935146e-01,3.845086429887599744e-01,3.113293663521333188e-01,3.788430365660718224e-01,4.410993807122554067e-01,3.635247928574483200e-01,0.000000000000000000e+00,0.000000000000000000e+00,4.259850407759274149e-01,4.009366217159306967e-01,4.123989369146809914e-01,4.770405330392216148e-01,3.934344649314879816e-01,0.000000000000000000e+00,0.000000000000000000e+00,4.040615071979333783e-01,4.337100315714729759e-01,0.000000000000000000e+00,0.000000000000000000e+00,0.000000000000000000e+00,4.314609037807802805e-01,4.142961849864313928e-01,4.325663288207772794e-01,0.000000000000000000e+00,0.000000000000000000e+00,0.000000000000000000e+00,0.000000000000000000e+00,4.226301387070081073e-01,0.000000000000000000e+00,4.609751254290965772e-01,4.143583823808414945e-01,0.000000000000000000e+00,0.000000000000000000e+00,0.000000000000000000e+00,4.555584252707843840e-01,3.754996866784076071e-01,4.623857442602585244e-01,4.731972610306848792e-01,0.000000000000000000e+00,3.780931488555455133e-01,4.455055913162915826e-01,4.781718363240499148e-01,4.412099019434632119e-01,4.573922524928180078e-01,0.000000000000000000e+00,4.407765487509001101e-01
