0.000000000000000000e+00,4.255726897856252910e-01,0.000000000000000000e+00,0.000000000000000000e+00,0.000000000000000000e+00,4.730122896988143144e-01,0.000000000000000000e+00,5.229667135332650707e-01,0.000000000000000000e+00,4.071281615233486861e-01,0.000000000000000000e+00,3.807710062624862779e-01,4.536635732019301814e-01,5.158280778664258159e-01,3.940508895962698821e-01,4.140677041493003863e-01,0.000000000000000000e+00,4.262330775530521199e-01,0.000000000000000000e+00,4.249755568453492116e-01,3.869858803191121854e-01,4.088697395103362831e-01,4.753123526042987157e-01,3.635930276510250247e-01,4.099403854284954241e-01,3.610757864519413274e-01,4.742247109596289256e-01,4.552020616029618938e-01,4.789085066708114180e-01,0.000000000000000000e+00,3.759378159124839858e-01,4.429388391245122070e-01,4.037633634976067198e-01,3.890406587326161181e-01,4.331392181616248727e-01,0.000000000000000000e+00,0.000000000000000000e+00,0.000000000000000000e+00,4.537254310171848770e-01,4.180018053791688115e-01,4.511914333985523884e-01,0.000000000000000000e+00,0.000000000000000000e+00,0.000000000000000000e+00,0.000000000000000000e+00,3.188746641295405193e-01,4.628572696945907894e-01,0.000000000000000000e+00,0.000000000000000000e+00,0.000000000000000000e+00,0.000000000000000000e+00,0.000000000000000000e+00,0.000000000000000000e+00,0.000000000000000000e+00,5.064202364384154942e-01,0.000000000000000000e+00,0.000000000000000000e+00,0.000000000000000000e+00,0.000000000000000000e+00,0.000000000000000000e+00,4.609773346093030133e-01,0.000000000000000000e+00,4.969385897238335903e-01,0.000000000000000000e+00,0.000000000000000000e+00,2.570524135080375916e-01,4.693078197732458157e-01,4.962597727895500244e-01,3.465917890160700732e-01,4.903222296287558235e-01,4.745514026072378266e-01,5.045754433025112506e-01,0.000000000000000000e+00,0.000000000000000000e+00,0.000000000000000000e+00,0.000000000000000000e+00
4.255726897856252910e-01,0.000000000000000000e+00,0.000000000000000000e+00,4.924377232459288822e-01,4.235076323076574778e-01,4.234952025695338240e-01,4.616151334546653162e-01,5.248428949584967862e-01,4.246761611810719872e-01,3.770376957027029019e-01,0.000000000000000000e+00,3.696052654165544737e-01,4.698023590412040984e-01,0.000000000000000000e+00,4.064318990556444189e-01,4.310489287302192163e-01,0.000000000000000000e+00,4.381046237037958258e-01,0.000000000000000000e+00,4.327443595474830262e-01,4.028937437007418243e-01,3.906710231905254904e-01,4.675711596550485849e-01,0.000000000000000000e+00,4.052285220706294266e-01,3.776641717079773919e-01,4.407682152077326831e-01,4.808928297308168176e-01,4.462077849797558837e-01,0.000000000000000000e+00,3.504168876464746063e-01,4.223238497834105876e-01,3.678400705821263106e-01,3.613067991884296171e-01,4.333774614539184777e-01,4.755253187211535004e-01,0.000000000000000000e+00,0.000000000000000000e+00,4.921324678472004943e-01,4.964869980707147801e-01,4.896138440624019927e-01,5.062121460154300756e-01,0.000000000000000000e+00,0.000000000000000000e+00,0.000000000000000000e+00,4.616457052472687783e-01,4.964944530555179814e-01,0.000000000000000000e+00,0.000000000000000000e+00,0.000000000000000000e+00,4.909392955374872192e-01,4.755208451990196039e-01,0.000000000000000000e+00,0.000000000000000000e+00,0.000000000000000000e+00,0.000000000000000000e+00,0.000000000000000000e+00,4.917234510713143769e-01,0.000000000000000000e+00,5.221099516273977059e-01,4.891172238721877008e-01,0.000000000000000000e+00,4.774741967430184975e-01,0.000000000000000000e+00,4.876428168770414739e-01,5.092355748439575391e-01,4.915261863781492102e-01,5.190495811854216601e-01,0.000000000000000000e+00,4.909967852037545044e-01,5.141846756054290202e-01,5.066907421840711745e-01,0.000000000000000000e+00,4.947097869986654128e-01,0.000000000000000000e+00,4.609749405853211801e-01
0.000000000000000000e+00,0.000000000000000000e+00,0.000000000000000000e+00,4.474275831010364746e-01,4.073170169311968736e-01,4.200393124227934094e-01,4.686536288224537050e-01,5.135692569422415366e-01,2.999634705554040104e-01,5.128475033423718354e-01,3.102330029844079795e-01,4.941602986884218729e-01,4.915191126440826008e-01,4.519569457416580116e-01,0.000000000000000000e+00,0.000000000000000000e+00,5.080198997617828560e-01,0.000000000000000000e+00,2.270270088637177941e-01,0.000000000000000000e+00,0.000000000000000000e+00,0.000000000000000000e+00,2.777366609581706225e-01,0.000000000000000000e+00,4.997494484058073172e-01,0.000000000000000000e+00,3.256349717983187952e-01,4.956843514047115096e-01,0.000000000000000000e+00,0.000000000000000000e+00,5.033883765228256424e-01,4.749428279869338798e-01,4.897302905158563147e-01,5.137562595930645903e-01,5.101937543924682794e-01,4.620658307163618139e-01,4.956867712057609898e-01,4.989949291545107135e-01,5.436031776907043200e-01,0.000000000000000000e+00,4.946913479331894736e-01,5.430650448242404504e-01,5.346989169893319183e-01,0.000000000000000000e+00,0.000000000000000000e+00,0.000000000000000000e+00,0.000000000000000000e+00,4.429579042308193215e-01,0.000000000000000000e+00,5.874225138280591008e-01,5.997240494818264489e-01,5.815332893436633288e-01,5.691469842546554858e-01,5.326756716464197128e-01,0.000000000000000000e+00,4.166729979584896104e-01,0.000000000000000000e+00,5.699018840768891314e-01,4.942605822701932050e-01,0.000000000000000000e+00,0.000000000000000000e+00,0.000000000000000000e+00,0.000000000000000000e+00,3.446343183858853743e-01,0.000000000000000000e+00,0.000000000000000000e+00,0.000000000000000000e+00,5.866717820304715447e-01,0.000000000000000000e+00,0.000000000000000000e+00,0.000000000000000000e+00,5.683313657746200676e-01,5.649536800182538565e-01,5.387208292109680885e-01,0.000000000000000000e+00,6.097011129332926549e-01
0.000000000000000000e+00,4.924377232459288822e-01,4.474275831010364746e-01,0.000000000000000000e+00,2.823823710673392107e-01,4.397423314157913876e-01,3.140821894795399749e-01,3.450013233136184909e-01,4.433916999736273734e-01,3.259391891268563213e-01,3.767328144532743894e-01,3.134265254678436086e-01,3.660797081395377184e-01,3.045417075305034138e-01,0.000000000000000000e+00,0.000000000000000000e+00,4.047244363523013755e-01,0.000000000000000000e+00,4.436219210946124036e-01,4.703882276242810079e-01,0.000000000000000000e+00,0.000000000000000000e+00,4.216060578829364247e-01,0.000000000000000000e+00,0.000000000000000000e+00,0.000000000000000000e+00,4.500487033059684117e-01,2.391557119302057111e-01,0.000000000000000000e+00,0.000000000000000000e+00,0.000000000000000000e+00,3.219111334260065793e-01,5.861066579818725586e-01,4.648025879058009235e-01,3.959008484365634239e-01,2.260716713723653903e-01,1.943642698364977106e-01,0.000000000000000000e+00,0.000000000000000000e+00,0.000000000000000000e+00,0.000000000000000000e+00,0.000000000000000000e+00,0.000000000000000000e+00,3.019745708436369913e-01,0.000000000000000000e+00,0.000000000000000000e+00,0.000000000000000000e+00,0.000000000000000000e+00,0.000000000000000000e+00,0.000000000000000000e+00,0.000000000000000000e+00,0.000000000000000000e+00,0.000000000000000000e+00,0.000000000000000000e+00,0.000000000000000000e+00,0.000000000000000000e+00,0.000000000000000000e+00,0.000000000000000000e+00,0.000000000000000000e+00,0.000000000000000000e+00,0.000000000000000000e+00,0.000000000000000000e+00,0.000000000000000000e+00,0.000000000000000000e+00,0.000000000000000000e+00,0.000000000000000000e+00,0.000000000000000000e+00,5.074891505314603757e-01,0.000000000000000000e+00,0.000000000000000000e+00,0.000000000000000000e+00,0.000000000000000000e+00,0.000000000000000000e+00,0.000000000000000000e+00,0.000000000000000000e+00,0.000000000000000000e+00
0.000000000000000000e+00,4.235076323076574778e-01,4.073170169311968736e-01,2.823823710673392107e-01,0.000000000000000000e+00,4.031678712649771068e-01,3.530166572607150166e-01,4.185343481227741247e-01,3.475063961799944035e-01,4.871334969364756740e-01,3.349746331454995230e-01,4.702562182911931843e-01,4.189674949329972864e-01,3.406337656133606728e-01,0.000000000000000000e+00,4.639041307076338105e-01,0.000000000000000000e+00,4.234919152513734186e-01,3.858246021033531759e-01,0.000000000000000000e+00,0.000000000000000000e+00,4.576047277909611188e-01,4.345768438618314855e-01,0.000000000000000000e+00,4.061015496735743135e-01,0.000000000000000000e+00,4.261661256268142184e-01,3.885429981012046841e-01,4.683941560383853009e-01,0.000000000000000000e+00,4.925877408070806207e-01,3.793066569022884860e-01,4.376244011151598778e-01,5.002190630586000886e-01,4.927109807355057880e-01,2.966064882062782737e-01,3.304529996822750948e-01,4.787535007854147873e-01,5.297827289025967001e-01,0.000000000000000000e+00,4.789984405857264926e-01,0.000000000000000000e+00,4.648738416192134126e-01,0.000000000000000000e+00,0.000000000000000000e+00,0.000000000000000000e+00,0.000000000000000000e+00,5.528438982390714296e-01,0.000000000000000000e+00,5.528005892643345076e-01,5.539762822662421815e-01,5.562763321351256174e-01,5.139865720273230076e-01,5.561531075116510348e-01,0.000000000000000000e+00,4.873531896332712887e-01,0.000000000000000000e+00,5.542655100927226242e-01,0.000000000000000000e+00,0.000000000000000000e+00,0.000000000000000000e+00,0.000000000000000000e+00,0.000000000000000000e+00,5.247664336676048924e-01,0.000000000000000000e+00,0.000000000000000000e+00,0.000000000000000000e+00,5.645818030640198382e-01,0.000000000000000000e+00,0.000000000000000000e+00,0.000000000000000000e+00,5.583098789596599998e-01,5.484788480008542244e-01,0.000000000000000000e+00,0.000000000000000000e+00,0.000000000000000000e+00
4.730122896988143144e-01,4.234952025695338240e-01,4.200393124227934094e-01,4.397423314157913876e-01,4.031678712649771068e-01,0.000000000000000000e+00,4.370054681330335922e-01,4.693763669046517872e-01,3.648704465495715143e-01,4.967291250005629877e-01,4.164139366240838802e-01,4.669087700646566974e-01,4.243389692025255067e-01,4.580222583623260180e-01,4.698506218204904772e-01,4.492149726649393160e-01,4.938827938551382801e-01,4.540977075270518082e-01,4.104098096810158136e-01,4.264182527076130214e-01,4.609646309257928731e-01,4.428874947530616057e-01,4.344641739634528266e-01,5.105365849803512601e-01,4.058568171240506950e-01,4.460602953835409723e-01,4.111760293659780796e-01,4.466572899225316751e-01,3.976176521801860209e-01,4.370753983992112790e-01,4.642752064467556838e-01,4.527496931193641938e-01,4.208160690247300106e-01,4.789995662697187906e-01,4.881380709537936902e-01,4.731761334587181178e-01,4.916543583504469073e-01,4.967199012987422169e-01,5.332875304603859057e-01,4.739332947508045901e-01,5.404491719953437023e-01,5.363319294300933349e-01,5.440287771928830063e-01,5.017310933345032753e-01,5.091610663827491612e-01,4.269791009377856827e-01,4.615753350048127923e-01,6.017833453375488473e-01,5.210748530058529893e-01,5.551341129003802832e-01,5.589389154861073017e-01,5.523596884498331860e-01,5.230453108230976866e-01,5.975438964887126447e-01,5.589214521882831521e-01,5.751969932301156385e-01,0.000000000000000000e+00,5.560858874041092470e-01,0.000000000000000000e+00,5.236410365255450561e-01,4.579598939477124153e-01,0.000000000000000000e+00,0.000000000000000000e+00,5.866596377009924979e-01,5.239014465542362053e-01,5.373024581572236613e-01,4.985169952918259151e-01,5.677937110860176162e-01,0.000000000000000000e+00,4.761170993432574106e-01,4.909083111817175160e-01,5.503646455356119294e-01,5.430297294004189368e-01,5.276425772981477857e-01,5.285923451963225883e-01,5.452340863754240319e-01
0.000000000000000000e+00,4.616151334546653162e-01,4.686536288224537050e-01,3.140821894795399749e-01,3.530166572607150166e-01,4.370054681330335922e-01,0.000000000000000000e+00,4.633280495951115907e-01,4.039183086008105161e-01,4.231889089579289887e-01,4.467067891300198212e-01,4.217285510374735868e-01,3.665924630710106213e-01,3.523720352584276960e-01,0.000000000000000000e+00,4.740394043817942049e-01,4.553137222537629869e-01,4.455859594125268219e-01,4.767867284057025756e-01,4.540571556071856807e-01,0.000000000000000000e+00,4.966792592445720134e-01,4.636086963779222914e-01,3.585385680198668878e-01,4.375529310689609264e-01,4.024956970208060092e-01,4.598858193399888994e-01,3.696259466490853240e-01,4.757874560179454759e-01,0.000000000000000000e+00,4.241123164633253118e-01,4.227762467737440910e-01,4.122040133925968797e-01,4.334843645874884022e-01,4.169270212934498843e-01,3.326936158740815275e-01,3.290802025184850765e-01,4.196376418114978191e-01,4.907018009655543800e-01,3.774737192378206929e-01,4.471341026252567130e-01,4.950435201509260086e-01,5.208580922181006434e-01,5.213822530892716633e-01,4.150299891186722823e-01,0.000000000000000000e+00,4.668437775220379837e-01,5.766527431633055034e-01,0.000000000000000000e+00,5.561381365001456523e-01,5.603626255380279586e-01,5.423814927024613874e-01,5.233646777646627779e-01,5.714657851528985866e-01,4.526793914787621276e-01,5.485737247330105815e-01,0.000000000000000000e+00,5.328692071640808159e-01,0.000000000000000000e+00,0.000000000000000000e+00,4.536275968236048173e-01,0.000000000000000000e+00,0.000000000000000000e+00,5.610886700813675354e-01,0.000000000000000000e+00,0.000000000000000000e+00,4.727134674911616097e-01,5.663892931047089796e-01,0.000000000000000000e+00,0.000000000000000000e+00,4.757824596627667768e-01,5.535555842606970645e-01,5.282922499752814582e-01,5.332675947834114583e-01,0.000000000000000000e+00,5.229157063784168891e-01
5.229667135332650707e-01,5.248428949584967862e-01,5.135692569422415366e-01,3.450013233136184909e-01,4.185343481227741247e-01,4.693763669046517872e-01,4.633280495951115907e-01,0.000000000000000000e+00,5.100951341925907823e-01,5.096182936882756032e-01,3.934897180093633873e-01,5.194001790866300539e-01,4.897833928247781188e-01,3.532989670528043913e-01,0.000000000000000000e+00,5.159229269055168876e-01,0.000000000000000000e+00,5.287418784915411951e-01,4.742415308313174815e-01,0.000000000000000000e+00,3.920130672389979809e-01,4.633852291513131938e-01,3.868885193107611808e-01,5.391318925749999380e-01,5.287181785240424592e-01,5.289396852354747436e-01,4.869385654825180154e-01,4.544851934981498087e-01,4.378348717359321074e-01,4.218374331742901218e-01,4.662665592651100144e-01,4.211945107006426769e-01,4.414149488700103152e-01,4.824213018058596258e-01,4.791398255198762168e-01,2.839793709145568834e-01,3.344178389163168230e-01,0.000000000000000000e+00,4.689066307069770789e-01,0.000000000000000000e+00,5.115828396940730327e-01,5.022977968396982185e-01,4.879282194308949827e-01,0.000000000000000000e+00,0.000000000000000000e+00,0.000000000000000000e+00,0.000000000000000000e+00,5.711373800803171141e-01,0.000000000000000000e+00,5.102203837607951487e-01,4.988148351383822066e-01,5.135497101310799728e-01,3.503869194846471191e-01,5.620535877210448561e-01,0.000000000000000000e+00,5.229515079231784602e-01,0.000000000000000000e+00,5.047121970616360587e-01,0.000000000000000000e+00,5.222189903629049779e-01,0.000000000000000000e+00,0.000000000000000000e+00,0.000000000000000000e+00,5.699211871532070539e-01,5.201290505591842361e-01,4.922642825902979746e-01,0.000000000000000000e+00,5.158088920899122076e-01,0.000000000000000000e+00,0.000000000000000000e+00,5.384736378893385522e-01,4.962839531897205170e-01,4.905513840709950779e-01,4.907125242290003020e-01,0.000000000000000000e+00,4.904510434939827745e-01
0.000000000000000000e+00,4.246761611810719872e-01,2.999634705554040104e-01,4.433916999736273734e-01,3.475063961799944035e-01,3.648704465495715143e-01,4.039183086008105161e-01,5.100951341925907823e-01,0.000000000000000000e+00,5.114220062897285590e-01,3.161035525278568237e-01,4.957902755609649992e-01,4.289274489874675966e-01,4.470073296843786737e-01,0.000000000000000000e+00,0.000000000000000000e+00,5.051756831522303814e-01,5.085529277901834622e-01,2.612102759048275935e-01,0.000000000000000000e+00,0.000000000000000000e+00,4.509741311897096927e-01,4.372821773138562129e-01,5.108839692559994372e-01,4.018237251525269005e-01,4.275696145123389913e-01,3.567592895688765919e-01,4.942264346237070782e-01,4.824369478535007749e-01,0.000000000000000000e+00,5.041134271651154242e-01,4.705494073476184091e-01,4.800849708927666937e-01,5.104510430855278003e-01,5.145336975705556704e-01,4.461797450945447219e-01,4.915737064187237770e-01,4.953016766843443830e-01,5.698516463661195131e-01,0.000000000000000000e+00,5.157465707449858661e-01,5.139688040518554102e-01,5.310610704287126449e-01,0.000000000000000000e+00,4.795849530053170051e-01,0.000000000000000000e+00,0.000000000000000000e+00,5.943321373802645802e-01,0.000000000000000000e+00,5.858080068658495509e-01,5.949863526395512414e-01,5.810567939749053945e-01,5.876279274314666345e-01,5.933857798841577491e-01,0.000000000000000000e+00,5.616330750955981221e-01,0.000000000000000000e+00,5.889300958016887577e-01,5.670746676680018528e-01,0.000000000000000000e+00,0.000000000000000000e+00,0.000000000000000000e+00,0.000000000000000000e+00,5.744666469249876117e-01,0.000000000000000000e+00,0.000000000000000000e+00,0.000000000000000000e+00,6.062614973489840464e-01,0.000000000000000000e+00,0.000000000000000000e+00,0.000000000000000000e+00,5.964486148286428646e-01,5.845830149321898928e-01,5.346713344749791652e-01,0.000000000000000000e+00,5.867792364619086598e-01
4.071281615233486861e-01,3.770376957027029019e-01,5.128475033423718354e-01,3.259391891268563213e-01,4.871334969364756740e-01,4.967291250005629877e-01,4.231889089579289887e-01,5.096182936882756032e-01,5.114220062897285590e-01,0.000000000000000000e+00,5.099089651979449300e-01,2.841067113878963935e-01,4.463980670402282747e-01,4.662928781239261133e-01,4.042455391967800238e-01,4.128973305748199207e-01,3.567594722252163120e-01,3.847734101058835066e-01,5.116779278499380412e-01,3.960576478420401170e-01,4.715793255712458221e-01,3.941725478275754924e-01,5.073052033261407079e-01,3.281955413058386117e-01,3.431909662889344736e-01,3.151758458594983159e-01,5.024541334414975857e-01,4.208595480844339876e-01,4.548278812466106102e-01,0.000000000000000000e+00,3.540818943555981146e-01,3.410235577287087927e-01,3.792135597875574970e-01,3.543403662408632915e-01,3.395219594593992807e-01,3.548755866040462226e-01,3.216400258187460115e-01,2.870253290130210244e-01,2.771083660505653246e-01,4.586990951862027766e-01,3.558387604322535980e-01,0.000000000000000000e+00,0.000000000000000000e+00,3.876956403255463202e-01,4.187107178735949842e-01,5.116544358856541796e-01,4.488141967562758738e-01,0.000000000000000000e+00,0.000000000000000000e+00,0.000000000000000000e+00,5.735890405916416190e-01,0.000000000000000000e+00,0.000000000000000000e+00,0.000000000000000000e+00,5.406408452401062492e-01,0.000000000000000000e+00,5.388674927745933374e-01,4.656100932929204128e-01,0.000000000000000000e+00,0.000000000000000000e+00,4.361800799465003209e-01,5.236860930012586790e-01,4.799945938477760965e-01,0.000000000000000000e+00,0.000000000000000000e+00,5.413841089465311063e-01,0.000000000000000000e+00,5.679115990903528255e-01,4.827710545515290774e-01,5.070378206415915301e-01,5.208821619687753479e-01,5.520220152731450947e-01,4.450173633758021108e-01,0.000000000000000000e+00,0.000000000000000000e+00,4.472434020037224789e-01
0.000000000000000000e+00,0.000000000000000000e+00,3.102330029844079795e-01,3.767328144532743894e-01,3.349746331454995230e-01,4.164139366240838802e-01,4.467067891300198212e-01,3.934897180093633873e-01,3.161035525278568237e-01,5.099089651979449300e-01,0.000000000000000000e+00,4.903165150097463232e-01,4.783117365840777735e-01,3.145029063634026123e-01,0.000000000000000000e+00,0.000000000000000000e+00,5.126214751028823624e-01,5.182444404279578087e-01,2.628271234488818164e-01,0.000000000000000000e+00,0.000000000000000000e+00,0.000000000000000000e+00,3.531143894303480080e-01,4.646407362925645823e-01,0.000000000000000000e+00,5.064469384749686887e-01,4.237585464493608955e-01,4.886972897445313047e-01,0.000000000000000000e+00,0.000000000000000000e+00,5.127231526137815409e-01,4.365640205770203175e-01,4.801920732358819222e-01,5.162641048291809476e-01,5.079033554655599803e-01,3.159270742949111255e-01,4.747121645529659983e-01,4.909805418582348091e-01,4.644346848062987920e-01,4.313006802048203192e-01,4.814584619441850122e-01,5.014388042524711153e-01,4.890726674297435905e-01,0.000000000000000000e+00,4.872377332482389911e-01,0.000000000000000000e+00,0.000000000000000000e+00,2.813425286685107274e-01,0.000000000000000000e+00,4.192895937198902745e-01,5.630981993052317502e-01,4.876795895488473254e-01,4.925132844386018172e-01,3.960349788413500827e-01,0.000000000000000000e+00,2.730818907359605086e-01,0.000000000000000000e+00,5.269175638922762861e-01,4.989120463361292890e-01,0.000000000000000000e+00,0.000000000000000000e+00,0.000000000000000000e+00,0.000000000000000000e+00,2.908723684669626830e-01,0.000000000000000000e+00,0.000000000000000000e+00,0.000000000000000000e+00,5.733998565861175845e-01,0.000000000000000000e+00,0.000000000000000000e+00,0.000000000000000000e+00,5.049765138444782808e-01,5.097585794701117168e-01,0.000000000000000000e+00,0.000000000000000000e+00,4.973306644912752761e-01
3.807710062624862779e-01,3.696052654165544737e-01,4.941602986884218729e-01,3.134265254678436086e-01,4.702562182911931843e-01,4.669087700646566974e-01,4.217285510374735868e-01,5.194001790866300539e-01,4.957902755609649992e-01,2.841067113878963935e-01,4.903165150097463232e-01,0.000000000000000000e+00,4.387164415508407189e-01,4.398560274485692201e-01,4.801814178078179784e-01,3.984339875588662205e-01,3.708449082517628059e-01,3.920680135597882088e-01,5.030197228444019952e-01,3.859740250734117195e-01,4.512953814901514149e-01,3.887979330598774208e-01,4.987851443338011115e-01,2.905305658582251760e-01,3.574218332906675122e-01,3.230072045858801144e-01,4.876160420569837228e-01,4.147379789689323859e-01,4.604884745264984924e-01,0.000000000000000000e+00,3.680196379882634261e-01,2.758667011726427254e-01,3.655614532678941875e-01,2.708879692620004276e-01,3.072145152877897023e-01,4.029093915381473101e-01,3.065836506887694157e-01,2.287993069190983053e-01,2.741809957495993100e-01,4.819048478690871051e-01,3.178007984184116896e-01,2.897332113331511083e-01,0.000000000000000000e+00,0.000000000000000000e+00,4.498306292892623182e-01,4.775857866119596062e-01,0.000000000000000000e+00,0.000000000000000000e+00,0.000000000000000000e+00,0.000000000000000000e+00,4.775858813687183235e-01,3.961939391980878744e-01,0.000000000000000000e+00,4.811955585561468185e-01,5.298423371819217520e-01,0.000000000000000000e+00,5.247013759996533855e-01,4.604310762855761130e-01,0.000000000000000000e+00,0.000000000000000000e+00,4.568887095173950197e-01,5.229603835612414153e-01,4.890349334822495786e-01,4.893072008180803234e-01,0.000000000000000000e+00,5.163098099916904049e-01,0.000000000000000000e+00,5.475642427656453037e-01,4.769447912847978865e-01,5.148290511355739785e-01,5.109856735830392571e-01,0.000000000000000000e+00,4.316522887672751274e-01,0.000000000000000000e+00,0.000000000000000000e+00,4.536832810140272731e-01
4.536635732019301814e-01,4.698023590412040984e-01,4.915191126440826008e-01,3.660797081395377184e-01,4.189674949329972864e-01,4.243389692025255067e-01,3.665924630710106213e-01,4.897833928247781188e-01,4.289274489874675966e-01,4.463980670402282747e-01,4.783117365840777735e-01,4.387164415508407189e-01,0.000000000000000000e+00,4.254950145802057215e-01,0.000000000000000000e+00,4.844790555235720109e-01,4.507295710842940117e-01,4.586217305033412073e-01,4.993480793957911223e-01,4.523229284810231232e-01,4.533804522048309193e-01,4.951786529015205218e-01,4.723961071718875138e-01,4.335908108596250865e-01,4.479486497146152879e-01,4.165327484706861094e-01,4.658819130729864866e-01,3.734089392017198028e-01,4.401559997736574914e-01,4.517009454965407178e-01,4.207151858452102822e-01,4.484742580593015782e-01,4.392402273953385783e-01,4.446353336911694210e-01,4.592237939520298906e-01,4.127975201070326894e-01,4.139951708406396924e-01,4.380631687054423740e-01,5.186639178871285116e-01,4.201121461427618220e-01,4.620138082645722233e-01,4.952618701049453231e-01,5.325175528172270134e-01,4.185615335384976210e-01,3.962888747948328239e-01,0.000000000000000000e+00,4.752572449584618886e-01,5.815798230909655642e-01,0.000000000000000000e+00,5.593827703932352513e-01,5.658902666965154316e-01,5.369658443266193126e-01,5.316854378580667673e-01,5.758410075227549108e-01,4.419887463433476160e-01,5.557901108782108412e-01,0.000000000000000000e+00,5.556241128785396333e-01,0.000000000000000000e+00,5.152560089944332455e-01,4.674092819495259121e-01,0.000000000000000000e+00,0.000000000000000000e+00,5.738332150958654898e-01,5.042044202507309780e-01,0.000000000000000000e+00,4.936010287159939836e-01,5.740529932223826792e-01,0.000000000000000000e+00,4.721583050785638225e-01,4.865228370295657245e-01,5.557880959380245844e-01,5.503463042230577473e-01,5.345493038677076036e-01,0.000000000000000000e+00,5.256015874634841767e-01
5.158280778664258159e-01,0.000000000000000000e+00,4.519569457416580116e-01,3.045417075305034138e-01,3.406337656133606728e-01,4.580222583623260180e-01,3.523720352584276960e-01,3.532989670528043913e-01,4.470073296843786737e-01,4.662928781239261133e-01,3.145029063634026123e-01,4.398560274485692201e-01,4.254950145802057215e-01,0.000000000000000000e+00,0.000000000000000000e+00,0.000000000000000000e+00,0.000000000000000000e+00,0.000000000000000000e+00,3.997812471878153806e-01,0.000000000000000000e+00,0.000000000000000000e+00,0.000000000000000000e+00,4.179169085649627746e-01,0.000000000000000000e+00,0.000000000000000000e+00,5.128734089434271448e-01,4.733815151138299204e-01,3.155199760752180893e-01,0.000000000000000000e+00,0.000000000000000000e+00,0.000000000000000000e+00,3.198667313012539815e-01,0.000000000000000000e+00,4.635099910066270978e-01,0.000000000000000000e+00,2.523363853650615884e-01,2.222871270878039873e-01,0.000000000000000000e+00,0.000000000000000000e+00,0.000000000000000000e+00,0.000000000000000000e+00,0.000000000000000000e+00,0.000000000000000000e+00,0.000000000000000000e+00,0.000000000000000000e+00,0.000000000000000000e+00,0.000000000000000000e+00,5.395229521189988109e-01,0.000000000000000000e+00,0.000000000000000000e+00,0.000000000000000000e+00,0.000000000000000000e+00,0.000000000000000000e+00,5.346700063697432670e-01,0.000000000000000000e+00,4.800387787467654821e-01,0.000000000000000000e+00,0.000000000000000000e+00,0.000000000000000000e+00,0.000000000000000000e+00,0.000000000000000000e+00,0.000000000000000000e+00,0.000000000000000000e+00,5.371637426786930458e-01,0.000000000000000000e+00,0.000000000000000000e+00,0.000000000000000000e+00,5.427468902157766006e-01,0.000000000000000000e+00,0.000000000000000000e+00,0.000000000000000000e+00,5.463667758688023346e-01,0.000000000000000000e+00,0.000000000000000000e+00,0.000000000000000000e+00,0.000000000000000000e+00
3.940508895962698821e-01,4.064318990556444189e-01,0.000000000000000000e+00,0.000000000000000000e+00,0.000000000000000000e+00,4.698506218204904772e-01,0.000000000000000000e+00,0.000000000000000000e+00,0.000000000000000000e+00,4.042455391967800238e-01,0.000000000000000000e+00,4.801814178078179784e-01,0.000000000000000000e+00,0.000000000000000000e+00,0.000000000000000000e+00,4.369994286016753993e-01,4.011729419523720752e-01,4.220055336304869842e-01,0.000000000000000000e+00,3.226543100883739190e-01,3.876501203749342928e-01,3.279355797804410222e-01,3.817222217450043087e-01,4.672030020014292240e-01,4.168095122648097783e-01,3.746805548418373211e-01,4.384584544633257086e-01,4.362749633647108882e-01,4.394268585197939059e-01,4.218443320944260111e-01,3.934507782773867257e-01,4.312230298998004918e-01,4.083132497646491110e-01,4.181935549097394733e-01,4.684348455739466011e-01,0.000000000000000000e+00,0.000000000000000000e+00,0.000000000000000000e+00,4.892129840571953214e-01,4.964108585973430743e-01,5.127533112480183730e-01,5.424580780960530646e-01,0.000000000000000000e+00,0.000000000000000000e+00,0.000000000000000000e+00,0.000000000000000000e+00,5.150763894693811684e-01,0.000000000000000000e+00,0.000000000000000000e+00,0.000000000000000000e+00,5.044340621971944438e-01,5.025827112086912463e-01,4.761473834204327793e-01,0.000000000000000000e+00,0.000000000000000000e+00,0.000000000000000000e+00,0.000000000000000000e+00,0.000000000000000000e+00,0.000000000000000000e+00,4.937956726688623177e-01,5.015838909533569812e-01,0.000000000000000000e+00,4.930321341480374264e-01,0.000000000000000000e+00,4.866049985989361892e-01,5.020406112981380398e-01,5.183737004978241636e-01,4.813139966496987054e-01,0.000000000000000000e+00,4.822243923843337887e-01,5.461705125932366789e-01,5.066460326527556512e-01,5.083557210527823722e-01,4.932284166700944827e-01,0.000000000000000000e+00,4.833168406683013840e-01
4.140677041493003863e-01,4.310489287302192163e-01,0.000000000000000000e+00,0.000000000000000000e+00,4.639041307076338105e-01,4.492149726649393160e-01,4.740394043817942049e-01,5.159229269055168876e-01,0.000000000000000000e+00,4.128973305748199207e-01,0.000000000000000000e+00,3.984339875588662205e-01,4.844790555235720109e-01,0.000000000000000000e+00,4.369994286016753993e-01,0.000000000000000000e+00,3.933770603682157918e-01,4.019675498823165882e-01,0.000000000000000000e+00,4.037935712382036968e-01,4.446827355724649045e-01,3.921756694598376725e-01,4.687619275646897066e-01,0.000000000000000000e+00,3.934383730485290775e-01,4.083626120726764896e-01,4.618885461212510757e-01,4.674783362625339889e-01,4.486224258607950932e-01,4.321788364106979863e-01,3.618055414542906134e-01,4.574765527052487846e-01,3.932510559527738203e-01,4.187373222690610186e-01,4.584427721626134211e-01,5.123552419923470547e-01,0.000000000000000000e+00,0.000000000000000000e+00,4.688901968520972074e-01,4.810062077736020902e-01,4.739470476680885946e-01,4.888280344987465109e-01,0.000000000000000000e+00,0.000000000000000000e+00,0.000000000000000000e+00,4.544810390448992266e-01,4.815292570919738058e-01,0.000000000000000000e+00,0.000000000000000000e+00,0.000000000000000000e+00,4.691009922527352161e-01,0.000000000000000000e+00,0.000000000000000000e+00,0.000000000000000000e+00,0.000000000000000000e+00,0.000000000000000000e+00,0.000000000000000000e+00,4.648631959055770091e-01,0.000000000000000000e+00,5.108669138916162034e-01,4.664619441314604154e-01,0.000000000000000000e+00,4.583912673641102886e-01,0.000000000000000000e+00,4.913371127132997174e-01,5.071762425139372255e-01,4.832562916306917256e-01,5.148054541773544601e-01,0.000000000000000000e+00,4.699683123524900918e-01,4.954491614590145754e-01,5.085797111526488834e-01,0.000000000000000000e+00,4.983632519627702040e-01,0.000000000000000000e+00,4.195959733138608927e-01
0.000000000000000000e+00,0.000000000000000000e+00,5.080198997617828560e-01,4.047244363523013755e-01,0.000000000000000000e+00,4.938827938551382801e-01,4.553137222537629869e-01,0.000000000000000000e+00,5.051756831522303814e-01,3.567594722252163120e-01,5.126214751028823624e-01,3.708449082517628059e-01,4.507295710842940117e-01,0.000000000000000000e+00,4.011729419523720752e-01,3.933770603682157918e-01,0.000000000000000000e+00,3.569693029413074092e-01,5.131949411738443434e-01,4.029389437487915782e-01,0.000000000000000000e+00,3.912986591009349757e-01,4.661952312190483783e-01,3.755766993878030813e-01,3.613463515582854835e-01,3.551500375566379875e-01,4.545897508533607856e-01,4.277215355673352204e-01,4.244515533614687808e-01,4.029823689288188904e-01,3.679249547679945276e-01,4.441143566460574732e-01,4.149121513648595938e-01,4.076796889708698135e-01,4.247656468452546963e-01,0.000000000000000000e+00,0.000000000000000000e+00,3.580754785881655189e-01,4.208995528342208137e-01,0.000000000000000000e+00,0.000000000000000000e+00,0.000000000000000000e+00,0.000000000000000000e+00,0.000000000000000000e+00,0.000000000000000000e+00,0.000000000000000000e+00,0.000000000000000000e+00,0.000000000000000000e+00,0.000000000000000000e+00,0.000000000000000000e+00,0.000000000000000000e+00,0.000000000000000000e+00,0.000000000000000000e+00,0.000000000000000000e+00,5.175830769182323543e-01,0.000000000000000000e+00,5.343218405358542977e-01,0.000000000000000000e+00,0.000000000000000000e+00,4.593665541134562824e-01,0.000000000000000000e+00,5.047591695752869922e-01,4.994351279806604760e-01,0.000000000000000000e+00,0.000000000000000000e+00,5.124821662902832031e-01,0.000000000000000000e+00,0.000000000000000000e+00,0.000000000000000000e+00,4.898793635184557904e-01,5.029883087141736597e-01,0.000000000000000000e+00,0.000000000000000000e+00,0.000000000000000000e+00,0.000000000000000000e+00,0.000000000000000000e+00
4.262330775530521199e-01,4.381046237037958258e-01,0.000000000000000000e+00,0.000000000000000000e+00,4.234919152513734186e-01,4.540977075270518082e-01,4.455859594125268219e-01,5.287418784915411951e-01,5.085529277901834622e-01,3.847734101058835066e-01,5.182444404279578087e-01,3.920680135597882088e-01,4.586217305033412073e-01,0.000000000000000000e+00,4.220055336304869842e-01,4.019675498823165882e-01,3.569693029413074092e-01,0.000000000000000000e+00,5.317507316975834675e-01,4.254483964758309922e-01,4.640710846413306778e-01,4.272498293262911861e-01,4.716670490572412167e-01,4.052883690131492966e-01,3.723429283290555780e-01,4.003547636231195028e-01,4.516129451449372167e-01,4.553130040634352227e-01,4.598953820673222781e-01,4.232005557164181808e-01,3.975898023385648905e-01,4.584366657826838276e-01,4.049327933398955137e-01,4.314670787108388916e-01,4.337685577106332180e-01,4.841949219489701250e-01,0.000000000000000000e+00,0.000000000000000000e+00,4.717971838883678881e-01,4.887074761849141136e-01,4.944464020141687843e-01,0.000000000000000000e+00,0.000000000000000000e+00,0.000000000000000000e+00,0.000000000000000000e+00,4.696626831437841765e-01,4.821074703606700873e-01,0.000000000000000000e+00,0.000000000000000000e+00,0.000000000000000000e+00,0.000000000000000000e+00,0.000000000000000000e+00,0.000000000000000000e+00,0.000000000000000000e+00,5.010132534446343211e-01,0.000000000000000000e+00,4.996944089957837121e-01,0.000000000000000000e+00,0.000000000000000000e+00,4.886464180535470825e-01,4.748094175128291239e-01,4.998254401625625842e-01,4.905496152354796857e-01,0.000000000000000000e+00,4.701225694779878062e-01,0.000000000000000000e+00,4.703425255485101930e-01,4.994522735357413978e-01,5.056434106386595850e-01,4.914665576121107771e-01,5.063882400150533369e-01,0.000000000000000000e+00,0.000000000000000000e+00,4.998659754558070767e-01,0.000000000000000000e+00,4.695964667082461741e-01
0.000000000000000000e+00,0.000000000000000000e+00,2.270270088637177941e-01,4.436219210946124036e-01,3.858246021033531759e-01,4.104098096810158136e-01,4.767867284057025756e-01,4.742415308313174815e-01,2.612102759048275935e-01,5.116779278499380412e-01,2.628271234488818164e-01,5.030197228444019952e-01,4.993480793957911223e-01,3.997812471878153806e-01,0.000000000000000000e+00,0.000000000000000000e+00,5.131949411738443434e-01,5.317507316975834675e-01,0.000000000000000000e+00,0.000000000000000000e+00,0.000000000000000000e+00,0.000000000000000000e+00,2.608373959018995270e-01,0.000000000000000000e+00,5.109370548124351208e-01,0.000000000000000000e+00,3.841147929701417829e-01,4.987625211840869266e-01,0.000000000000000000e+00,0.000000000000000000e+00,5.171961832301038564e-01,4.689089578134433833e-01,0.000000000000000000e+00,5.201681913680230585e-01,5.127642809824587422e-01,4.498765455394203028e-01,5.021481929436287794e-01,5.045821878798948390e-01,5.035329463613563705e-01,0.000000000000000000e+00,4.903985324963465731e-01,0.000000000000000000e+00,5.065298125961623654e-01,0.000000000000000000e+00,0.000000000000000000e+00,0.000000000000000000e+00,0.000000000000000000e+00,5.423999436961568499e-01,0.000000000000000000e+00,5.658467051335596132e-01,5.753940582607199872e-01,0.000000000000000000e+00,5.847691856154004775e-01,5.788810200918130811e-01,0.000000000000000000e+00,5.253166707553620363e-01,0.000000000000000000e+00,5.847137546754545001e-01,5.598416499729186313e-01,0.000000000000000000e+00,0.000000000000000000e+00,0.000000000000000000e+00,0.000000000000000000e+00,5.509870297145431639e-01,0.000000000000000000e+00,0.000000000000000000e+00,0.000000000000000000e+00,5.946377397883954030e-01,0.000000000000000000e+00,0.000000000000000000e+00,0.000000000000000000e+00,5.911523099473205978e-01,5.848496595020257205e-01,0.000000000000000000e+00,0.000000000000000000e+00,6.095732782415249629e-01
4.249755568453492116e-01,4.327443595474830262e-01,0.000000000000000000e+00,4.703882276242810079e-01,0.000000000000000000e+00,4.264182527076130214e-01,4.540571556071856807e-01,0.000000000000000000e+00,0.000000000000000000e+00,3.960576478420401170e-01,0.000000000000000000e+00,3.859740250734117195e-01,4.523229284810231232e-01,0.000000000000000000e+00,3.226543100883739190e-01,4.037935712382036968e-01,4.029389437487915782e-01,4.254483964758309922e-01,0.000000000000000000e+00,0.000000000000000000e+00,4.078457988808488754e-01,3.630120039370380858e-01,2.875351779301700272e-01,4.998144734861840743e-01,4.203964074626321823e-01,4.210525740810863171e-01,3.873471240256889936e-01,4.032054519173032259e-01,3.707330214298736881e-01,3.260237666974327153e-01,3.780623890301815782e-01,4.332482145295231124e-01,3.921945599448454778e-01,4.204955131467301155e-01,4.651330038083811846e-01,4.994475822063932924e-01,4.544758065632896749e-01,2.766111493110656738e-01,4.755952557270449188e-01,4.916690390242843822e-01,5.141366035477374918e-01,5.066776676183603056e-01,5.446520781531895006e-01,0.000000000000000000e+00,0.000000000000000000e+00,0.000000000000000000e+00,4.767813367378815892e-01,0.000000000000000000e+00,0.000000000000000000e+00,0.000000000000000000e+00,5.195495406234553748e-01,0.000000000000000000e+00,5.029273567302884329e-01,0.000000000000000000e+00,0.000000000000000000e+00,0.000000000000000000e+00,0.000000000000000000e+00,5.222455758641559864e-01,0.000000000000000000e+00,5.124333817181645490e-01,4.910942352692316826e-01,0.000000000000000000e+00,4.958725559172567077e-01,0.000000000000000000e+00,4.967521607973927056e-01,5.297553622653105032e-01,5.033451105153229355e-01,5.255814563286145269e-01,0.000000000000000000e+00,4.773606463212887174e-01,4.964223326673932735e-01,5.236492698007916280e-01,5.227290686131197406e-01,5.125943197334731360e-01,5.069803051368017011e-01,4.936379842965701870e-01
3.869858803191121854e-01,4.028937437007418243e-01,0.000000000000000000e+00,0.000000000000000000e+00,0.000000000000000000e+00,4.609646309257928731e-01,0.000000000000000000e+00,3.920130672389979809e-01,0.000000000000000000e+00,4.715793255712458221e-01,0.000000000000000000e+00,4.512953814901514149e-01,4.533804522048309193e-01,0.000000000000000000e+00,3.876501203749342928e-01,4.446827355724649045e-01,0.000000000000000000e+00,4.640710846413306778e-01,0.000000000000000000e+00,4.078457988808488754e-01,0.000000000000000000e+00,4.082447239270404205e-01,4.068913697495146753e-01,4.714444426718847891e-01,4.610270643197483253e-01,4.204381391001033030e-01,4.541590369230166790e-01,4.540773442333145837e-01,4.592791292820460058e-01,0.000000000000000000e+00,3.779645687091984785e-01,4.448969731369197822e-01,4.089884887887865750e-01,3.984452504661861738e-01,4.599079412748441897e-01,0.000000000000000000e+00,0.000000000000000000e+00,0.000000000000000000e+00,4.697495734706513271e-01,4.423325387260835240e-01,5.038736072192029347e-01,5.264113450181997500e-01,0.000000000000000000e+00,0.000000000000000000e+00,0.000000000000000000e+00,2.615657494870298749e-01,4.759614003177943808e-01,0.000000000000000000e+00,0.000000000000000000e+00,0.000000000000000000e+00,4.942734628851631062e-01,0.000000000000000000e+00,4.822620997929462083e-01,0.000000000000000000e+00,0.000000000000000000e+00,0.000000000000000000e+00,0.000000000000000000e+00,4.920488834381270826e-01,0.000000000000000000e+00,5.186385311155459199e-01,4.460295376795720967e-01,0.000000000000000000e+00,0.000000000000000000e+00,0.000000000000000000e+00,4.848160642914571827e-01,4.833371638423585859e-01,5.136366140870426422e-01,5.053362169396103942e-01,0.000000000000000000e+00,4.951317405092007795e-01,5.244085130016563623e-01,5.075587350768180350e-01,4.928632424528748834e-01,4.871281529411498057e-01,0.000000000000000000e+00,4.803157992806316723e-01
