0.000000000000000000e+00,4.098928490291883220e-01,0.000000000000000000e+00,0.000000000000000000e+00,0.000000000000000000e+00,4.495052767566574126e-01,0.000000000000000000e+00,4.977589205943063755e-01,0.000000000000000000e+00,4.062856931023851037e-01,0.000000000000000000e+00,3.707751676737264801e-01,4.542147965520718089e-01,4.900622426813873167e-01,3.749767627643548207e-01,4.131032952062205221e-01,4.030025313381295216e-01,3.859778905039086827e-01,0.000000000000000000e+00,4.203982653566236127e-01,3.848080532066899262e-01,4.078692960174679083e-01,4.398946983961176116e-01,3.543473668916796160e-01,3.831261874565076164e-01,3.730166665300380102e-01,4.343298066892358200e-01,4.466621286006219882e-01,4.596873577582228920e-01,0.000000000000000000e+00,3.677819476358480943e-01,4.263526524099007231e-01,3.548082404304374049e-01,3.642206712892094855e-01,4.039771760700455183e-01,0.000000000000000000e+00,0.000000000000000000e+00,4.187042085945256731e-01,4.507929574374610060e-01,4.489692682861740058e-01,4.497029988571865089e-01,4.753530992834322788e-01,0.000000000000000000e+00,0.000000000000000000e+00,0.000000000000000000e+00,3.904180680222734123e-01,4.812340883170381778e-01,0.000000000000000000e+00,0.000000000000000000e+00,0.000000000000000000e+00,0.000000000000000000e+00,0.000000000000000000e+00,0.000000000000000000e+00,0.000000000000000000e+00,4.742763113587515900e-01,0.000000000000000000e+00,4.592723703282448056e-01,0.000000000000000000e+00,0.000000000000000000e+00,0.000000000000000000e+00,4.654910857096509202e-01,4.805040826947529209e-01,4.460597336404014124e-01,0.000000000000000000e+00,0.000000000000000000e+00,3.245544774388711140e-01,4.840226880222389116e-01,0.000000000000000000e+00,4.046865634317342031e-01,4.555525238490754081e-01,4.733288662415714998e-01,0.000000000000000000e+00,0.000000000000000000e+00,0.000000000000000000e+00,0.000000000000000000e+00,4.170659970452574861e-01
4.098928490291883220e-01,0.000000000000000000e+00,3.750075788871284899e-01,0.000000000000000000e+00,3.747611661266205263e-01,3.669208152123124012e-01,4.099296446581230935e-01,4.876862611619369736e-01,3.652867820352029837e-01,3.006116334650039135e-01,0.000000000000000000e+00,3.123901941135627247e-01,4.177287459773805778e-01,0.000000000000000000e+00,4.123804899641065891e-01,3.978044570892845799e-01,4.010757209464343997e-01,3.851863425684243780e-01,0.000000000000000000e+00,3.960581665978384902e-01,4.212610246957230187e-01,3.675340008139024728e-01,4.189454375833056021e-01,0.000000000000000000e+00,3.523225582476078865e-01,3.898366905823072992e-01,4.086312806992731805e-01,4.313891079012506791e-01,4.031867164871366094e-01,0.000000000000000000e+00,3.450525476011844228e-01,4.127505457978882797e-01,3.384899442970364936e-01,3.577104023872628158e-01,4.116542983090761276e-01,0.000000000000000000e+00,0.000000000000000000e+00,0.000000000000000000e+00,4.622824471016399039e-01,4.624108770805774871e-01,4.643137408177552272e-01,4.863725895143242162e-01,0.000000000000000000e+00,0.000000000000000000e+00,0.000000000000000000e+00,4.484937731137759731e-01,4.753203138992728172e-01,0.000000000000000000e+00,0.000000000000000000e+00,0.000000000000000000e+00,4.421842433403834205e-01,0.000000000000000000e+00,0.000000000000000000e+00,0.000000000000000000e+00,0.000000000000000000e+00,0.000000000000000000e+00,0.000000000000000000e+00,4.621391394373418060e-01,0.000000000000000000e+00,4.871336945496759219e-01,4.592770424101109139e-01,0.000000000000000000e+00,4.103695177451902043e-01,0.000000000000000000e+00,4.688990045612856927e-01,5.000979554419673345e-01,4.753399422585378731e-01,4.684313964179647738e-01,0.000000000000000000e+00,4.399234132910769257e-01,4.875169809415192956e-01,4.693851548596463252e-01,4.648739757743399759e-01,4.587593749015371758e-01,0.000000000000000000e+00,4.322586437160054196e-01
0.000000000000000000e+00,3.750075788871284899e-01,0.000000000000000000e+00,3.934863670715454953e-01,3.615692216571496087e-01,3.853866439929520271e-01,4.326842260749181879e-01,4.429077598714460939e-01,3.132363472955673744e-01,4.634885990680653878e-01,2.754989780175773895e-01,4.435945750386273145e-01,4.495039580309079241e-01,3.954970750198141261e-01,0.000000000000000000e+00,0.000000000000000000e+00,4.740527169932938767e-01,4.746116520496284075e-01,2.334198856290684021e-01,0.000000000000000000e+00,0.000000000000000000e+00,3.849697938248102247e-01,3.076402353010280755e-01,0.000000000000000000e+00,3.804362314472646833e-01,4.175265118663932795e-01,3.214349555081962850e-01,4.492743365602996919e-01,0.000000000000000000e+00,0.000000000000000000e+00,4.665047043096661183e-01,4.276780588282201867e-01,4.285261071770984920e-01,4.581215882065896028e-01,4.496269042431090823e-01,4.067254923656706267e-01,4.294735242623783922e-01,4.350785678987050820e-01,5.164883969552913623e-01,0.000000000000000000e+00,5.453837930296275838e-01,0.000000000000000000e+00,5.220071842508523519e-01,0.000000000000000000e+00,0.000000000000000000e+00,0.000000000000000000e+00,0.000000000000000000e+00,4.260740670245560247e-01,0.000000000000000000e+00,5.284885094489482071e-01,5.310202606266108960e-01,5.599036950076752284e-01,5.563766720498778406e-01,5.401085141050344651e-01,0.000000000000000000e+00,4.124952464131744767e-01,0.000000000000000000e+00,5.390635743214569064e-01,5.467151391432012453e-01,0.000000000000000000e+00,0.000000000000000000e+00,0.000000000000000000e+00,0.000000000000000000e+00,3.122349278330381894e-01,0.000000000000000000e+00,0.000000000000000000e+00,0.000000000000000000e+00,5.474796013673436379e-01,0.000000000000000000e+00,0.000000000000000000e+00,0.000000000000000000e+00,5.395938346082723713e-01,5.299185525930758534e-01,0.000000000000000000e+00,0.000000000000000000e+00,5.531467592036922731e-01
0.000000000000000000e+00,0.000000000000000000e+00,3.934863670715454953e-01,0.000000000000000000e+00,2.340294183403575090e-01,3.971368198882468947e-01,2.604517046082641119e-01,4.020103847462683788e-01,4.225861424667987087e-01,3.703943138200097018e-01,3.753432004248041798e-01,2.707138010333949851e-01,3.455048300319238930e-01,2.792979867011479156e-01,0.000000000000000000e+00,0.000000000000000000e+00,4.436518251895905096e-01,0.000000000000000000e+00,3.827380451839429987e-01,0.000000000000000000e+00,0.000000000000000000e+00,0.000000000000000000e+00,3.825786190657904928e-01,0.000000000000000000e+00,0.000000000000000000e+00,3.656437695026398260e-01,3.990296912816864161e-01,2.749456997780818091e-01,0.000000000000000000e+00,0.000000000000000000e+00,2.866774567898812132e-01,3.267649638744087870e-01,2.596851846906184091e-01,3.087896929484721942e-01,3.435200671043234788e-01,2.188702521583069938e-01,1.962921878938410913e-01,0.000000000000000000e+00,0.000000000000000000e+00,0.000000000000000000e+00,0.000000000000000000e+00,0.000000000000000000e+00,0.000000000000000000e+00,0.000000000000000000e+00,0.000000000000000000e+00,0.000000000000000000e+00,0.000000000000000000e+00,0.000000000000000000e+00,0.000000000000000000e+00,0.000000000000000000e+00,0.000000000000000000e+00,0.000000000000000000e+00,0.000000000000000000e+00,0.000000000000000000e+00,0.000000000000000000e+00,0.000000000000000000e+00,0.000000000000000000e+00,0.000000000000000000e+00,0.000000000000000000e+00,0.000000000000000000e+00,0.000000000000000000e+00,0.000000000000000000e+00,0.000000000000000000e+00,0.000000000000000000e+00,0.000000000000000000e+00,0.000000000000000000e+00,0.000000000000000000e+00,4.692071037053235916e-01,0.000000000000000000e+00,0.000000000000000000e+00,0.000000000000000000e+00,0.000000000000000000e+00,0.000000000000000000e+00,0.000000000000000000e+00,0.000000000000000000e+00,0.000000000000000000e+00
0.000000000000000000e+00,3.747611661266205263e-01,3.615692216571496087e-01,2.340294183403575090e-01,0.000000000000000000e+00,3.713376872310342747e-01,3.132149710431905154e-01,3.867783678956803750e-01,3.449274108891944857e-01,4.644275354852311910e-01,3.027220879273693765e-01,4.441141412940379785e-01,3.925844300752902027e-01,2.932749359439186798e-01,0.000000000000000000e+00,4.046283374286316903e-01,4.883616390375530858e-01,3.858609254099765185e-01,3.359339312312206727e-01,4.013458346623510198e-01,0.000000000000000000e+00,4.045765044850717085e-01,3.757284027591961117e-01,4.775623100465419268e-01,3.691870573242703735e-01,3.785289355599819050e-01,3.799443451498896729e-01,3.407881420823750118e-01,4.175400748550373020e-01,0.000000000000000000e+00,4.446953399985235089e-01,3.786541234134659928e-01,3.773140859304611183e-01,4.377265196988961993e-01,4.438717214597179828e-01,2.704609631055162056e-01,2.130808314606308096e-01,4.402047924310613092e-01,4.337628536680687152e-01,4.158312121289354235e-01,4.404978953171903022e-01,0.000000000000000000e+00,4.420440045538818752e-01,0.000000000000000000e+00,0.000000000000000000e+00,0.000000000000000000e+00,0.000000000000000000e+00,5.140810983113845989e-01,0.000000000000000000e+00,4.765475298702053220e-01,4.760726256324069872e-01,4.817322894016419776e-01,4.601573846984949867e-01,5.100734672027991135e-01,0.000000000000000000e+00,3.677179668145563185e-01,0.000000000000000000e+00,4.893337912746019147e-01,4.781116639313234828e-01,0.000000000000000000e+00,0.000000000000000000e+00,0.000000000000000000e+00,0.000000000000000000e+00,4.990332578458108737e-01,4.639151867800069273e-01,0.000000000000000000e+00,0.000000000000000000e+00,4.981451764900770018e-01,0.000000000000000000e+00,0.000000000000000000e+00,4.459555116123596896e-01,4.768945787207921061e-01,4.896389256360240139e-01,0.000000000000000000e+00,0.000000000000000000e+00,0.000000000000000000e+00
4.495052767566574126e-01,3.669208152123124012e-01,3.853866439929520271e-01,3.971368198882468947e-01,3.713376872310342747e-01,0.000000000000000000e+00,4.110291242254062727e-01,3.971464100715095258e-01,3.256838607866315849e-01,4.568616604643240819e-01,3.617162717087076818e-01,4.342819482395606223e-01,3.825066441639051740e-01,4.019694312915954026e-01,4.234608455138655914e-01,3.867246816371034956e-01,4.584897712517415069e-01,4.078925151361261214e-01,3.809489876318664092e-01,3.835255888246176803e-01,4.107631125854979137e-01,3.921788893542356158e-01,3.777516623018282726e-01,4.295021605952566990e-01,3.529920214216354934e-01,3.934829800894735774e-01,3.779367671888911873e-01,3.846538380347653274e-01,3.594029121759528267e-01,3.977015701470997255e-01,4.392928049796293033e-01,4.026247456766156030e-01,3.648549461236558766e-01,4.403757115781760101e-01,4.355545480607020958e-01,3.963886744474368062e-01,4.169232672596938083e-01,4.061210662923410153e-01,4.833546431870152094e-01,3.827959780861238115e-01,5.088073505324207657e-01,4.405587435497684834e-01,4.958674287254922208e-01,4.743858542617124807e-01,4.026491407334670258e-01,0.000000000000000000e+00,4.420688320277832983e-01,5.504180170481159928e-01,0.000000000000000000e+00,5.075241814512516658e-01,4.922876747265548247e-01,5.166289572531882479e-01,4.760943201900018074e-01,5.649097698784495414e-01,0.000000000000000000e+00,5.364264638190585632e-01,3.840215515425213222e-01,5.080855243393747056e-01,5.072686778956214670e-01,4.709870334920110979e-01,0.000000000000000000e+00,0.000000000000000000e+00,0.000000000000000000e+00,5.641374456811053539e-01,4.756622804083067146e-01,4.886664031636214212e-01,4.550449596423677967e-01,5.073494778261161686e-01,0.000000000000000000e+00,4.966611260141877149e-01,4.531030258793333210e-01,5.012425712573920222e-01,5.027053760096765744e-01,4.792604151103181942e-01,4.961461540255031055e-01,5.169452731530446155e-01
0.000000000000000000e+00,4.099296446581230935e-01,4.326842260749181879e-01,2.604517046082641119e-01,3.132149710431905154e-01,4.110291242254062727e-01,0.000000000000000000e+00,4.302222911922187754e-01,4.208286008970608116e-01,4.108813492066107909e-01,4.313665248732875823e-01,3.857066007316570233e-01,3.487922369336203254e-01,3.257978878628314812e-01,0.000000000000000000e+00,4.612619530926452827e-01,4.424747698190855116e-01,4.240338172250114890e-01,4.446232832997257800e-01,4.366702676633725244e-01,4.416546819719034955e-01,4.455529447530978127e-01,4.213963487565943189e-01,3.849548995133820206e-01,4.129984318231847973e-01,4.068334866046218190e-01,4.217008143752677962e-01,3.656621499165830791e-01,4.420967309316117255e-01,4.597735592427061868e-01,4.393425002483727915e-01,4.137460272315011123e-01,3.782717195356182227e-01,4.078270737162987269e-01,3.841282837504115255e-01,3.064574629884698753e-01,3.079769654806878143e-01,3.801112675274467834e-01,4.228420022985662774e-01,3.459319623206094096e-01,3.952338654760301773e-01,3.772118026082382780e-01,4.839515077965246825e-01,0.000000000000000000e+00,3.518963857715862176e-01,0.000000000000000000e+00,4.569189535434510230e-01,5.405571301524155770e-01,0.000000000000000000e+00,0.000000000000000000e+00,5.018144592268403148e-01,5.242710669267183210e-01,0.000000000000000000e+00,5.540436421572616510e-01,0.000000000000000000e+00,4.830107352233519169e-01,0.000000000000000000e+00,4.903360292124737119e-01,0.000000000000000000e+00,4.879851249917658840e-01,0.000000000000000000e+00,0.000000000000000000e+00,0.000000000000000000e+00,5.355011673881174827e-01,4.930565528046939039e-01,0.000000000000000000e+00,4.494541382375328853e-01,5.150050962166061730e-01,0.000000000000000000e+00,0.000000000000000000e+00,4.641734364273547020e-01,5.071733611290032417e-01,5.095645084153614945e-01,4.890257823559153727e-01,0.000000000000000000e+00,5.402095702451028547e-01
4.977589205943063755e-01,4.876862611619369736e-01,4.429077598714460939e-01,4.020103847462683788e-01,3.867783678956803750e-01,3.971464100715095258e-01,4.302222911922187754e-01,0.000000000000000000e+00,4.960033103605225868e-01,4.528063501126383117e-01,3.828894888607711766e-01,4.839549758643973965e-01,4.411252976219388056e-01,3.869133792672231897e-01,0.000000000000000000e+00,4.761336607368555907e-01,0.000000000000000000e+00,4.769229301302280732e-01,4.339294619307749734e-01,4.400063321868760147e-01,3.856271426033993088e-01,0.000000000000000000e+00,3.419157309906061259e-01,5.096971960306474481e-01,4.823087696783111000e-01,4.932570198005523099e-01,4.241299025543339152e-01,4.217549199676078886e-01,3.914225541045813217e-01,4.027699972763120195e-01,4.515899832530319014e-01,3.826991046488378845e-01,4.669244563160850903e-01,4.571274997775193194e-01,4.454211917387845832e-01,3.016232279118731263e-01,3.191329031018905193e-01,0.000000000000000000e+00,4.562698162954579861e-01,0.000000000000000000e+00,4.961279111896608196e-01,0.000000000000000000e+00,4.704293555481153799e-01,0.000000000000000000e+00,0.000000000000000000e+00,0.000000000000000000e+00,0.000000000000000000e+00,5.338867766522591429e-01,0.000000000000000000e+00,0.000000000000000000e+00,4.753515688231805258e-01,4.955615442709855878e-01,3.942034703904517823e-01,5.532061042889796498e-01,0.000000000000000000e+00,4.962312294962348824e-01,0.000000000000000000e+00,4.852239572228189135e-01,5.170720636463649322e-01,4.658959741039250257e-01,0.000000000000000000e+00,0.000000000000000000e+00,0.000000000000000000e+00,5.327432781976944032e-01,4.856330330388354821e-01,4.960168340034729062e-01,0.000000000000000000e+00,4.756738784086866900e-01,0.000000000000000000e+00,0.000000000000000000e+00,0.000000000000000000e+00,4.845522568770436189e-01,4.748194005179454114e-01,4.497551338182746994e-01,0.000000000000000000e+00,5.058792884373226606e-01
0.000000000000000000e+00,3.652867820352029837e-01,3.132363472955673744e-01,4.225861424667987087e-01,3.449274108891944857e-01,3.256838607866315849e-01,4.208286008970608116e-01,4.960033103605225868e-01,0.000000000000000000e+00,4.831580040199098258e-01,3.041543038712249958e-01,4.645408782820221738e-01,4.347386017689516269e-01,4.264681849633579214e-01,0.000000000000000000e+00,3.913072076147858791e-01,4.894584387769075895e-01,4.602640358396523079e-01,2.723198191438930271e-01,3.915200571307536070e-01,0.000000000000000000e+00,3.869859960545911082e-01,3.744099678428923772e-01,4.608038052086648184e-01,4.059130579162327224e-01,4.443853559369910777e-01,3.265320535445470074e-01,4.676119382006150849e-01,4.188856138088478120e-01,0.000000000000000000e+00,4.870201825130272000e-01,4.424815874344635858e-01,4.287019944865996801e-01,4.772466663541634069e-01,4.671408357021383795e-01,4.321867683187696763e-01,4.498808698498635850e-01,4.593308126464631935e-01,5.284879053119738712e-01,4.150177802752604839e-01,4.710130046887375244e-01,4.299920083959821171e-01,5.301988782084855467e-01,4.096534047867366746e-01,4.193247431589883223e-01,0.000000000000000000e+00,0.000000000000000000e+00,5.769117019003137115e-01,0.000000000000000000e+00,5.412064408112396974e-01,5.367129523427276450e-01,5.561848057785431232e-01,5.740979777312722465e-01,5.782239508658869598e-01,0.000000000000000000e+00,5.385836510961279355e-01,4.121581147565849812e-01,5.469951493462594794e-01,5.427404685737369228e-01,0.000000000000000000e+00,0.000000000000000000e+00,0.000000000000000000e+00,0.000000000000000000e+00,5.666042435213312078e-01,0.000000000000000000e+00,0.000000000000000000e+00,0.000000000000000000e+00,5.629658623942924711e-01,0.000000000000000000e+00,0.000000000000000000e+00,4.300110723306587168e-01,5.543747098983324850e-01,5.423668546381115174e-01,4.722068346844598974e-01,0.000000000000000000e+00,5.474106457108142143e-01
4.062856931023851037e-01,3.006116334650039135e-01,4.634885990680653878e-01,3.703943138200097018e-01,4.644275354852311910e-01,4.568616604643240819e-01,4.108813492066107909e-01,4.528063501126383117e-01,4.831580040199098258e-01,0.000000000000000000e+00,4.778796732543058035e-01,2.831182268372970934e-01,4.273236302041242274e-01,4.321615954087202893e-01,0.000000000000000000e+00,3.798442546643439055e-01,3.199272205084022769e-01,3.423482582031008858e-01,4.739132594660588893e-01,4.735152938795212929e-01,0.000000000000000000e+00,3.672561514178873110e-01,4.372123386626280972e-01,3.322000054489547272e-01,3.224140108120915893e-01,3.307710454982247250e-01,4.385032002998567879e-01,4.035068230273802792e-01,4.596000555501333906e-01,0.000000000000000000e+00,3.165498188260328916e-01,3.665853175306487133e-01,3.142357207734925995e-01,3.396172109952723117e-01,3.435343697466212154e-01,3.585131773948230793e-01,2.568847434820626940e-01,2.749219762208076068e-01,2.965158997983944889e-01,4.054189329553927745e-01,3.629331096447941940e-01,3.236796993220986129e-01,3.151155710220336914e-01,0.000000000000000000e+00,2.916214999640083239e-01,4.632977932630972240e-01,0.000000000000000000e+00,0.000000000000000000e+00,0.000000000000000000e+00,0.000000000000000000e+00,0.000000000000000000e+00,0.000000000000000000e+00,0.000000000000000000e+00,0.000000000000000000e+00,4.916939305036102104e-01,0.000000000000000000e+00,4.909722842029006773e-01,4.019995350565531145e-01,0.000000000000000000e+00,0.000000000000000000e+00,4.010867364143815839e-01,4.927656496757120141e-01,4.719986239786702065e-01,0.000000000000000000e+00,0.000000000000000000e+00,0.000000000000000000e+00,0.000000000000000000e+00,5.208068402966757882e-01,4.668488156637515263e-01,4.811192098826158059e-01,4.830905718788970904e-01,0.000000000000000000e+00,4.178880461652529910e-01,0.000000000000000000e+00,0.000000000000000000e+00,4.403283953465120248e-01
0.000000000000000000e+00,0.000000000000000000e+00,2.754989780175773895e-01,3.753432004248041798e-01,3.027220879273693765e-01,3.617162717087076818e-01,4.313665248732875823e-01,3.828894888607711766e-01,3.041543038712249958e-01,4.778796732543058035e-01,0.000000000000000000e+00,4.571010238107088841e-01,4.615329021879213123e-01,3.133728598723102277e-01,0.000000000000000000e+00,0.000000000000000000e+00,4.766294934209820977e-01,4.712276790441395913e-01,2.355153953562597879e-01,0.000000000000000000e+00,4.494412161979762788e-01,0.000000000000000000e+00,3.075628991071812091e-01,4.511647944268344923e-01,4.751014884637417834e-01,4.787317804428338208e-01,3.606017201919258786e-01,4.447439458293641068e-01,0.000000000000000000e+00,0.000000000000000000e+00,4.854053007116354013e-01,4.221739047565363223e-01,4.462422481461135737e-01,4.746403534640442068e-01,4.516609495483310810e-01,3.650777495905718206e-01,4.291344535403708860e-01,4.507014350753674181e-01,4.593437106100904943e-01,4.226356834016751218e-01,4.225637261315258741e-01,0.000000000000000000e+00,4.746683602669055091e-01,0.000000000000000000e+00,0.000000000000000000e+00,0.000000000000000000e+00,0.000000000000000000e+00,4.035750887870466208e-01,0.000000000000000000e+00,3.507035158697732746e-01,5.019515870277161396e-01,4.539622116587850864e-01,4.701664359638362267e-01,5.092124262311248373e-01,4.621655456723757216e-01,2.382853882966171066e-01,0.000000000000000000e+00,4.616945801328339871e-01,4.214449575706322171e-01,0.000000000000000000e+00,0.000000000000000000e+00,0.000000000000000000e+00,0.000000000000000000e+00,2.227993466500368114e-01,0.000000000000000000e+00,0.000000000000000000e+00,0.000000000000000000e+00,5.337267391645537096e-01,0.000000000000000000e+00,0.000000000000000000e+00,0.000000000000000000e+00,5.157957888486912612e-01,4.594174602622883019e-01,0.000000000000000000e+00,0.000000000000000000e+00,4.684331557781697963e-01
3.707751676737264801e-01,3.123901941135627247e-01,4.435945750386273145e-01,2.707138010333949851e-01,4.441141412940379785e-01,4.342819482395606223e-01,3.857066007316570233e-01,4.839549758643973965e-01,4.645408782820221738e-01,2.831182268372970934e-01,4.571010238107088841e-01,0.000000000000000000e+00,4.063278492276332088e-01,4.253595353821629232e-01,0.000000000000000000e+00,0.000000000000000000e+00,3.574209224780867111e-01,3.634934137994378922e-01,4.476324080274282080e-01,0.000000000000000000e+00,4.502558690295099253e-01,4.591818547467447220e-01,4.416192562168350100e-01,2.843461319358274730e-01,3.499554370733273245e-01,3.409742865509535759e-01,4.154419182447580128e-01,3.674341972275825818e-01,4.434193630116349261e-01,0.000000000000000000e+00,3.294925277500014849e-01,2.869184872163172972e-01,2.912667751482410083e-01,2.783010842409158192e-01,3.199808506291194066e-01,3.118271751809235104e-01,3.055572231247177806e-01,2.245918572986818906e-01,2.597013025160906929e-01,4.128164401359851743e-01,3.316800926634607127e-01,3.127148953562671196e-01,2.933842796462539093e-01,0.000000000000000000e+00,2.447615297663172096e-01,4.528757866351985073e-01,0.000000000000000000e+00,0.000000000000000000e+00,0.000000000000000000e+00,0.000000000000000000e+00,3.717510797602781025e-01,0.000000000000000000e+00,0.000000000000000000e+00,4.116263071116749162e-01,4.988270987053569083e-01,0.000000000000000000e+00,4.952132990559214853e-01,3.995639564034443869e-01,0.000000000000000000e+00,0.000000000000000000e+00,0.000000000000000000e+00,4.977330188924645737e-01,4.815321001032498160e-01,0.000000000000000000e+00,4.269270598888397217e-01,0.000000000000000000e+00,0.000000000000000000e+00,4.381329887292956804e-01,4.682290174490634782e-01,4.856230403781934823e-01,4.855197867887661167e-01,3.921380907262250193e-01,4.081769487830484988e-01,4.167091250419617254e-01,0.000000000000000000e+00,4.465794071555024836e-01
4.542147965520718089e-01,4.177287459773805778e-01,4.495039580309079241e-01,3.455048300319238930e-01,3.925844300752902027e-01,3.825066441639051740e-01,3.487922369336203254e-01,4.411252976219388056e-01,4.347386017689516269e-01,4.273236302041242274e-01,4.615329021879213123e-01,4.063278492276332088e-01,0.000000000000000000e+00,3.988379494512083734e-01,4.372361224491548848e-01,4.660016469178648868e-01,4.449674536395628044e-01,4.415054138597586109e-01,4.659521842058801933e-01,4.397376674266739727e-01,4.435449529760410181e-01,4.510942549961978743e-01,4.201764512214504199e-01,4.112303010239445888e-01,4.315797892109419776e-01,4.326740283099358986e-01,4.229128916416888817e-01,3.490343871545941723e-01,4.119551274630396942e-01,4.403223450350569057e-01,4.188279772634028175e-01,4.241017709282873249e-01,3.901267514698049110e-01,4.241374332454925233e-01,3.982588665704768216e-01,3.721856801315708840e-01,3.642769550846630122e-01,3.980234965013486059e-01,4.071490194941895235e-01,3.868234912410626891e-01,4.207785008540607108e-01,3.916535851673179081e-01,4.309687634398230993e-01,0.000000000000000000e+00,3.687979723993066172e-01,0.000000000000000000e+00,4.604304760504400740e-01,5.384185737557580786e-01,0.000000000000000000e+00,0.000000000000000000e+00,5.043587321066883566e-01,5.028588543249227216e-01,4.984387772118799020e-01,5.612411390764848740e-01,4.613254664508449898e-01,4.709607208167195802e-01,4.134849856877970131e-01,4.892957585756865235e-01,0.000000000000000000e+00,4.917318768466342194e-01,0.000000000000000000e+00,0.000000000000000000e+00,0.000000000000000000e+00,5.523597992111481947e-01,5.030630562230293812e-01,4.848444395383589844e-01,4.582272565908709905e-01,5.139833335316786878e-01,0.000000000000000000e+00,4.761805374411257064e-01,4.733907283211751249e-01,5.074251885735234779e-01,4.973892052385944784e-01,4.993077419759294755e-01,0.000000000000000000e+00,5.193340765618842392e-01
4.900622426813873167e-01,0.000000000000000000e+00,3.954970750198141261e-01,2.792979867011479156e-01,2.932749359439186798e-01,4.019694312915954026e-01,3.257978878628314812e-01,3.869133792672231897e-01,4.264681849633579214e-01,4.321615954087202893e-01,3.133728598723102277e-01,4.253595353821629232e-01,3.988379494512083734e-01,0.000000000000000000e+00,0.000000000000000000e+00,0.000000000000000000e+00,0.000000000000000000e+00,0.000000000000000000e+00,3.774934076793616256e-01,0.000000000000000000e+00,4.494703300249486277e-01,0.000000000000000000e+00,3.744918377781175090e-01,3.246663212776184082e-01,0.000000000000000000e+00,4.909901655693634237e-01,4.193008394675263872e-01,3.103491361764101897e-01,0.000000000000000000e+00,0.000000000000000000e+00,4.464745399159203987e-01,3.371118066375248801e-01,0.000000000000000000e+00,4.259893739729334050e-01,4.045043514318761857e-01,2.418823856562822006e-01,1.848103740407892881e-01,0.000000000000000000e+00,0.000000000000000000e+00,0.000000000000000000e+00,0.000000000000000000e+00,0.000000000000000000e+00,4.344521272940777834e-01,0.000000000000000000e+00,0.000000000000000000e+00,0.000000000000000000e+00,0.000000000000000000e+00,5.185696337315134352e-01,0.000000000000000000e+00,0.000000000000000000e+00,0.000000000000000000e+00,0.000000000000000000e+00,4.624242602988805073e-01,0.000000000000000000e+00,0.000000000000000000e+00,4.660532081006377170e-01,0.000000000000000000e+00,3.485530018806458075e-01,0.000000000000000000e+00,0.000000000000000000e+00,0.000000000000000000e+00,0.000000000000000000e+00,0.000000000000000000e+00,4.911254934870810107e-01,0.000000000000000000e+00,0.000000000000000000e+00,0.000000000000000000e+00,4.932676434096113227e-01,0.000000000000000000e+00,0.000000000000000000e+00,0.000000000000000000e+00,4.986952461091304079e-01,0.000000000000000000e+00,0.000000000000000000e+00,0.000000000000000000e+00,0.000000000000000000e+00
3.749767627643548207e-01,4.123804899641065891e-01,0.000000000000000000e+00,0.000000000000000000e+00,0.000000000000000000e+00,4.234608455138655914e-01,0.000000000000000000e+00,0.000000000000000000e+00,0.000000000000000000e+00,0.000000000000000000e+00,0.000000000000000000e+00,0.000000000000000000e+00,4.372361224491548848e-01,0.000000000000000000e+00,0.000000000000000000e+00,4.183988221290019793e-01,3.816716760437469103e-01,4.044445500899505053e-01,0.000000000000000000e+00,3.572004662179351087e-01,4.032749305977111898e-01,3.471308224887567073e-01,3.780175278904402969e-01,4.109059173477863092e-01,3.885773467816103222e-01,3.563584523555449191e-01,4.104711529456830932e-01,4.132612074486856080e-01,4.043024709595836041e-01,4.167732076164695765e-01,4.021283201265571927e-01,4.212737199680743894e-01,3.998940232061520828e-01,4.174581468314693122e-01,4.555257556734587099e-01,4.731539202141241129e-01,4.251390099525452215e-01,0.000000000000000000e+00,4.768635780971879901e-01,5.046302449434776349e-01,5.087038130884229403e-01,5.164941082236825798e-01,0.000000000000000000e+00,0.000000000000000000e+00,0.000000000000000000e+00,0.000000000000000000e+00,5.272129348223792977e-01,0.000000000000000000e+00,0.000000000000000000e+00,0.000000000000000000e+00,4.836592399255527086e-01,4.686748368935914066e-01,0.000000000000000000e+00,0.000000000000000000e+00,0.000000000000000000e+00,0.000000000000000000e+00,0.000000000000000000e+00,4.876925031560959134e-01,0.000000000000000000e+00,4.805263575707516832e-01,4.856395496801221845e-01,0.000000000000000000e+00,4.759754387142484111e-01,0.000000000000000000e+00,4.547871400202789793e-01,4.873631603401656909e-01,5.114775957588401090e-01,4.832720844673579208e-01,0.000000000000000000e+00,4.524277664872219940e-01,5.413088355338184776e-01,4.789081685838483260e-01,5.063018390984720396e-01,4.881882061669389206e-01,0.000000000000000000e+00,4.909144461878168775e-01
4.131032952062205221e-01,3.978044570892845799e-01,0.000000000000000000e+00,0.000000000000000000e+00,4.046283374286316903e-01,3.867246816371034956e-01,4.612619530926452827e-01,4.761336607368555907e-01,3.913072076147858791e-01,3.798442546643439055e-01,0.000000000000000000e+00,0.000000000000000000e+00,4.660016469178648868e-01,0.000000000000000000e+00,4.183988221290019793e-01,0.000000000000000000e+00,3.840870387445423084e-01,3.478522218106945840e-01,0.000000000000000000e+00,3.987717028333259139e-01,4.190441052658845922e-01,3.699596287680091966e-01,4.226687396861620871e-01,3.876003077310590794e-01,3.915105446729603145e-01,4.144271512860672191e-01,4.259298199628638870e-01,4.431749557112040216e-01,4.178513718334456173e-01,4.100531051148503248e-01,3.495109584261654190e-01,4.290425245822466205e-01,3.669160539282035893e-01,3.796272108342614859e-01,4.222589400332441012e-01,0.000000000000000000e+00,0.000000000000000000e+00,0.000000000000000000e+00,4.634145118954149933e-01,4.529181337311963262e-01,4.563337465317673924e-01,4.707698375275425895e-01,0.000000000000000000e+00,0.000000000000000000e+00,0.000000000000000000e+00,4.554147269728470726e-01,4.689737172402915211e-01,0.000000000000000000e+00,0.000000000000000000e+00,0.000000000000000000e+00,4.355335805044660002e-01,0.000000000000000000e+00,0.000000000000000000e+00,0.000000000000000000e+00,4.073155274847040097e-01,0.000000000000000000e+00,4.295128903253447872e-01,4.720057564195784816e-01,0.000000000000000000e+00,4.894647377223597107e-01,4.539519738512743929e-01,0.000000000000000000e+00,4.284601291252070898e-01,0.000000000000000000e+00,4.750191911565486147e-01,4.842186116808648855e-01,4.745524750985978812e-01,4.826965859989164054e-01,4.814158102701074915e-01,4.449499197373089077e-01,4.760401805851288137e-01,4.857225736433752883e-01,0.000000000000000000e+00,4.802043516521455890e-01,0.000000000000000000e+00,4.286513172830898055e-01
4.030025313381295216e-01,4.010757209464343997e-01,4.740527169932938767e-01,4.436518251895905096e-01,4.883616390375530858e-01,4.584897712517415069e-01,4.424747698190855116e-01,0.000000000000000000e+00,4.894584387769075895e-01,3.199272205084022769e-01,4.766294934209820977e-01,3.574209224780867111e-01,4.449674536395628044e-01,0.000000000000000000e+00,3.816716760437469103e-01,3.840870387445423084e-01,0.000000000000000000e+00,3.499229660101703110e-01,4.921715048165862250e-01,3.693602380780576788e-01,4.554856928562999174e-01,3.717809042487736915e-01,4.505263028790706947e-01,3.951771762572858226e-01,3.256927097481179256e-01,3.633039368585945228e-01,4.566973026064333752e-01,4.227758448407306080e-01,4.392015662595500913e-01,0.000000000000000000e+00,3.408635559989027231e-01,4.257296584051086241e-01,3.322154557883147952e-01,3.714091645811687936e-01,3.827845448247967908e-01,4.494849449388197971e-01,0.000000000000000000e+00,3.276551214812682966e-01,4.742150781512637914e-01,4.229499728778460810e-01,4.584890535321651250e-01,0.000000000000000000e+00,0.000000000000000000e+00,0.000000000000000000e+00,0.000000000000000000e+00,4.718110458645523031e-01,0.000000000000000000e+00,0.000000000000000000e+00,0.000000000000000000e+00,0.000000000000000000e+00,0.000000000000000000e+00,0.000000000000000000e+00,0.000000000000000000e+00,0.000000000000000000e+00,4.955059550887305764e-01,0.000000000000000000e+00,4.882255147203075074e-01,0.000000000000000000e+00,0.000000000000000000e+00,0.000000000000000000e+00,4.510418702250842959e-01,4.923394161903104083e-01,4.701207229318434822e-01,0.000000000000000000e+00,0.000000000000000000e+00,0.000000000000000000e+00,0.000000000000000000e+00,0.000000000000000000e+00,4.701056644673540230e-01,4.803947267689587242e-01,4.845808161454895902e-01,0.000000000000000000e+00,0.000000000000000000e+00,0.000000000000000000e+00,0.000000000000000000e+00,4.781015410967403012e-01
3.859778905039086827e-01,3.851863425684243780e-01,4.746116520496284075e-01,0.000000000000000000e+00,3.858609254099765185e-01,4.078925151361261214e-01,4.240338172250114890e-01,4.769229301302280732e-01,4.602640358396523079e-01,3.423482582031008858e-01,4.712276790441395913e-01,3.634934137994378922e-01,4.415054138597586109e-01,0.000000000000000000e+00,4.044445500899505053e-01,3.478522218106945840e-01,3.499229660101703110e-01,0.000000000000000000e+00,0.000000000000000000e+00,4.018734289909238755e-01,4.151273879042722270e-01,4.008200582333069084e-01,4.336342129462976147e-01,3.629532082698143092e-01,3.293028993300964880e-01,3.633258464556782807e-01,4.152897680278935799e-01,4.330738121268664087e-01,4.236988000385852882e-01,4.115325855886978190e-01,3.628688433339514741e-01,4.193011577754173214e-01,3.314161497974537074e-01,3.737703139442646871e-01,3.923472655435413237e-01,0.000000000000000000e+00,0.000000000000000000e+00,3.278294862028309775e-01,4.513991140897840038e-01,4.376885557665549098e-01,4.465277799433715056e-01,4.807188319967378165e-01,0.000000000000000000e+00,0.000000000000000000e+00,0.000000000000000000e+00,4.476833103128153857e-01,4.615304609610446085e-01,0.000000000000000000e+00,0.000000000000000000e+00,0.000000000000000000e+00,0.000000000000000000e+00,0.000000000000000000e+00,0.000000000000000000e+00,0.000000000000000000e+00,4.432770055407462828e-01,0.000000000000000000e+00,4.527015313410531205e-01,0.000000000000000000e+00,0.000000000000000000e+00,4.669430697678569886e-01,4.552523480186986826e-01,4.667642318930764200e-01,4.498677125209650796e-01,0.000000000000000000e+00,4.530059354285678186e-01,0.000000000000000000e+00,4.650479431109150741e-01,4.562111121184863061e-01,4.733938440642764811e-01,4.603346281290506825e-01,4.686312226903655009e-01,0.000000000000000000e+00,0.000000000000000000e+00,4.590563246944852072e-01,0.000000000000000000e+00,4.425229621128641821e-01
0.000000000000000000e+00,0.000000000000000000e+00,2.334198856290684021e-01,3.827380451839429987e-01,3.359339312312206727e-01,3.809489876318664092e-01,4.446232832997257800e-01,4.339294619307749734e-01,2.723198191438930271e-01,4.739132594660588893e-01,2.355153953562597879e-01,4.476324080274282080e-01,4.659521842058801933e-01,3.774934076793616256e-01,0.000000000000000000e+00,0.000000000000000000e+00,4.921715048165862250e-01,0.000000000000000000e+00,0.000000000000000000e+00,0.000000000000000000e+00,0.000000000000000000e+00,0.000000000000000000e+00,2.438184172349102119e-01,4.515673717986760094e-01,4.738032840495439157e-01,4.710732125621684974e-01,3.433433572537885059e-01,4.660534447111555068e-01,0.000000000000000000e+00,0.000000000000000000e+00,4.849450082106960824e-01,4.335076762573338849e-01,0.000000000000000000e+00,4.724423742649201952e-01,4.627492230969689757e-01,4.028643258624083900e-01,4.300460494626102137e-01,4.446403750887247819e-01,5.023457365916129680e-01,0.000000000000000000e+00,0.000000000000000000e+00,0.000000000000000000e+00,5.014789630731862902e-01,0.000000000000000000e+00,0.000000000000000000e+00,0.000000000000000000e+00,0.000000000000000000e+00,5.674655653594139482e-01,0.000000000000000000e+00,5.085613418488530435e-01,5.307444400010136176e-01,5.307402565950116724e-01,5.435303513013330923e-01,5.630446081804466596e-01,0.000000000000000000e+00,3.245354137761128910e-01,0.000000000000000000e+00,5.327271035127058019e-01,5.358532030124535384e-01,0.000000000000000000e+00,0.000000000000000000e+00,0.000000000000000000e+00,0.000000000000000000e+00,5.595366646626351859e-01,0.000000000000000000e+00,0.000000000000000000e+00,0.000000000000000000e+00,5.528482887547259139e-01,0.000000000000000000e+00,0.000000000000000000e+00,0.000000000000000000e+00,5.422634399251373694e-01,5.249385795182666126e-01,0.000000000000000000e+00,0.000000000000000000e+00,0.000000000000000000e+00
4.203982653566236127e-01,3.960581665978384902e-01,0.000000000000000000e+00,0.000000000000000000e+00,4.013458346623510198e-01,3.835255888246176803e-01,4.366702676633725244e-01,4.400063321868760147e-01,3.915200571307536070e-01,4.735152938795212929e-01,0.000000000000000000e+00,0.000000000000000000e+00,4.397376674266739727e-01,0.000000000000000000e+00,3.572004662179351087e-01,3.987717028333259139e-01,3.693602380780576788e-01,4.018734289909238755e-01,0.000000000000000000e+00,0.000000000000000000e+00,4.232173231330713103e-01,3.681193320913442868e-01,3.114234251278918952e-01,0.000000000000000000e+00,3.858533645977593740e-01,4.212637826871706848e-01,3.516357898904701740e-01,3.571967671082786899e-01,3.423307929025959928e-01,3.058834245295722898e-01,3.715040260229546809e-01,4.184762162559261256e-01,3.744883975487469097e-01,4.078452000869604022e-01,4.376905312300968243e-01,4.672375904640991839e-01,4.297716542860818834e-01,0.000000000000000000e+00,4.782736277948744785e-01,4.879184733718516243e-01,5.031633011810981992e-01,4.843725788594601123e-01,0.000000000000000000e+00,0.000000000000000000e+00,0.000000000000000000e+00,0.000000000000000000e+00,4.688304138292300194e-01,0.000000000000000000e+00,0.000000000000000000e+00,0.000000000000000000e+00,4.906483865461768734e-01,4.873020639445030944e-01,4.936572767651087879e-01,4.750094932913503931e-01,0.000000000000000000e+00,0.000000000000000000e+00,0.000000000000000000e+00,5.114716129870074957e-01,0.000000000000000000e+00,4.848898703814079059e-01,4.722977618089386209e-01,0.000000000000000000e+00,4.699139843815924866e-01,0.000000000000000000e+00,4.821629708326689023e-01,4.893431402291499865e-01,4.848803443715790085e-01,5.038369614818732911e-01,0.000000000000000000e+00,4.573494891672019169e-01,4.865459385063928277e-01,5.001948022762634505e-01,5.082914768181118204e-01,4.878849887065296875e-01,5.114039188441840134e-01,4.780687150404220875e-01
3.848080532066899262e-01,4.212610246957230187e-01,0.000000000000000000e+00,0.000000000000000000e+00,0.000000000000000000e+00,4.107631125854979137e-01,4.416546819719034955e-01,3.856271426033993088e-01,0.000000000000000000e+00,0.000000000000000000e+00,4.494412161979762788e-01,4.502558690295099253e-01,4.435449529760410181e-01,4.494703300249486277e-01,4.032749305977111898e-01,4.190441052658845922e-01,4.554856928562999174e-01,4.151273879042722270e-01,0.000000000000000000e+00,4.232173231330713103e-01,0.000000000000000000e+00,4.250265392018520161e-01,3.745547331094244980e-01,4.646421315241084926e-01,4.090478013745598163e-01,4.165766816121708183e-01,4.409310614259548955e-01,4.316040192563770916e-01,4.266512885869370164e-01,4.224952840325100212e-01,3.951030605565982179e-01,4.316595352929815110e-01,3.947087663294763793e-01,3.959839192929909268e-01,4.571115394482214156e-01,4.318361187332500073e-01,0.000000000000000000e+00,4.753128143407496231e-01,4.694762549885028169e-01,4.705587954770288905e-01,4.979565650831686008e-01,5.145397406671045060e-01,0.000000000000000000e+00,0.000000000000000000e+00,0.000000000000000000e+00,4.156932808339710017e-01,5.074439988311478800e-01,0.000000000000000000e+00,0.000000000000000000e+00,0.000000000000000000e+00,4.660802171196096744e-01,0.000000000000000000e+00,4.442512041576113235e-01,0.000000000000000000e+00,0.000000000000000000e+00,0.000000000000000000e+00,5.111618485364148867e-01,5.246301376149727913e-01,0.000000000000000000e+00,4.797126078410252070e-01,4.757318248086985779e-01,0.000000000000000000e+00,4.552806414654033129e-01,0.000000000000000000e+00,4.783693906850247091e-01,4.681732907127116872e-01,5.027778270473560740e-01,4.834456641760104811e-01,0.000000000000000000e+00,4.476415744721249923e-01,5.155848788862592569e-01,4.991006574650030947e-01,4.966059326752594871e-01,4.843185083737515106e-01,0.000000000000000000e+00,4.721587281245774870e-01
