0.000000000000000000e+00,4.127792650184887724e-01,0.000000000000000000e+00,0.000000000000000000e+00,0.000000000000000000e+00,0.000000000000000000e+00,0.000000000000000000e+00,5.405526502406715617e-01,0.000000000000000000e+00,4.419528049337828057e-01,0.000000000000000000e+00,4.138564432155336092e-01,0.000000000000000000e+00,0.000000000000000000e+00,4.068312324880439812e-01,3.940867856075658260e-01,4.286871107348306231e-01,3.956360788970272879e-01,0.000000000000000000e+00,0.000000000000000000e+00,4.441661470851834825e-01,4.096171809941688835e-01,5.111910728503142876e-01,3.841552026494167160e-01,3.956297299390587052e-01,3.938330152465446266e-01,5.135650065321236690e-01,0.000000000000000000e+00,4.591652501822098831e-01,0.000000000000000000e+00,3.940046242090480821e-01,4.275626767722477961e-01,3.548274120373314244e-01,3.787292764916271870e-01,4.270491297739690828e-01,4.645478725433350164e-01,0.000000000000000000e+00,0.000000000000000000e+00,4.612235898677193857e-01,4.295604709250189779e-01,4.431416987896494852e-01,0.000000000000000000e+00,0.000000000000000000e+00,0.000000000000000000e+00,0.000000000000000000e+00,4.361139706543176731e-01,5.006859122448205079e-01,0.000000000000000000e+00,0.000000000000000000e+00,0.000000000000000000e+00,4.637818557330479208e-01,0.000000000000000000e+00,4.844403277461042934e-01,0.000000000000000000e+00,5.172170979785412070e-01,0.000000000000000000e+00,4.995164211937356824e-01,0.000000000000000000e+00,0.000000000000000000e+00,0.000000000000000000e+00,4.653867114234865876e-01,0.000000000000000000e+00,4.854233988058848093e-01,0.000000000000000000e+00,4.708993600229693932e-01,4.391092441137207092e-01,4.750857333265975924e-01,4.839533171892049235e-01,4.913716099076332888e-01,4.830462603097053775e-01,4.834679067319639922e-01,0.000000000000000000e+00,0.000000000000000000e+00,0.000000000000000000e+00,0.000000000000000000e+00,4.234383994485689251e-01
4.127792650184887724e-01,0.000000000000000000e+00,4.189006247878990230e-01,0.000000000000000000e+00,4.161246188297618165e-01,4.201709528125869841e-01,4.582049141906779921e-01,4.722153725974930771e-01,4.157669575223253977e-01,3.861834001286764129e-01,0.000000000000000000e+00,0.000000000000000000e+00,4.761256302890132797e-01,0.000000000000000000e+00,4.390931955398137965e-01,4.191704883518013736e-01,0.000000000000000000e+00,4.217596886239114995e-01,0.000000000000000000e+00,4.589943167178330841e-01,4.177611382313943245e-01,4.184262406707580095e-01,4.487895439386616059e-01,0.000000000000000000e+00,3.868666092990056815e-01,4.103059229678319153e-01,4.485535321484708238e-01,4.600949989659591233e-01,4.480468497283990881e-01,4.214508425441004791e-01,3.940804193521980081e-01,4.258402538116201064e-01,3.803537967341221182e-01,4.059883776647147946e-01,4.508822715299654060e-01,0.000000000000000000e+00,0.000000000000000000e+00,0.000000000000000000e+00,4.757598626564031874e-01,4.392994014404221215e-01,4.634501986374036098e-01,4.908765701661322867e-01,0.000000000000000000e+00,0.000000000000000000e+00,0.000000000000000000e+00,4.806774063981504863e-01,4.966257105095516766e-01,0.000000000000000000e+00,0.000000000000000000e+00,0.000000000000000000e+00,4.873843770368038730e-01,0.000000000000000000e+00,4.788832524479572084e-01,0.000000000000000000e+00,0.000000000000000000e+00,0.000000000000000000e+00,0.000000000000000000e+00,0.000000000000000000e+00,0.000000000000000000e+00,4.979921929128767744e-01,4.674527327676101796e-01,0.000000000000000000e+00,4.750307354246031122e-01,0.000000000000000000e+00,4.716314690638421236e-01,4.987881886253595076e-01,4.827104400970804177e-01,4.929582048027976171e-01,4.765261966778023828e-01,4.709595047872924822e-01,5.008992895693091807e-01,4.787542292628471086e-01,0.000000000000000000e+00,4.937635298714467269e-01,0.000000000000000000e+00,4.480284158765094893e-01
0.000000000000000000e+00,4.189006247878990230e-01,0.000000000000000000e+00,0.000000000000000000e+00,4.459713885727101812e-01,3.859600903671174255e-01,4.877838989968472094e-01,5.296072682565713396e-01,3.263032509717878060e-01,0.000000000000000000e+00,3.515468454662851738e-01,4.779096007319568185e-01,5.008953066583885505e-01,4.735007313569445930e-01,0.000000000000000000e+00,0.000000000000000000e+00,0.000000000000000000e+00,0.000000000000000000e+00,3.224788802236632224e-01,4.684411217516861181e-01,0.000000000000000000e+00,4.564085573426560072e-01,3.501343579025987252e-01,0.000000000000000000e+00,0.000000000000000000e+00,0.000000000000000000e+00,3.553104247977428853e-01,5.021063066256817864e-01,4.804665620196618137e-01,5.023300566209134566e-01,5.131050199713981241e-01,4.758507246151745806e-01,3.934433758258820135e-01,5.185243105576882172e-01,5.004882847583485006e-01,4.763508300916419747e-01,4.906494740100886265e-01,0.000000000000000000e+00,5.354309482494857830e-01,0.000000000000000000e+00,0.000000000000000000e+00,0.000000000000000000e+00,5.444836306875343590e-01,0.000000000000000000e+00,0.000000000000000000e+00,0.000000000000000000e+00,0.000000000000000000e+00,3.451406429113764163e-01,0.000000000000000000e+00,6.590816378593444824e-01,5.985561879335900004e-01,6.068594537405136435e-01,6.149947853682750099e-01,6.084820623286075758e-01,0.000000000000000000e+00,3.974290267801692256e-01,0.000000000000000000e+00,5.910798259492900941e-01,0.000000000000000000e+00,0.000000000000000000e+00,0.000000000000000000e+00,0.000000000000000000e+00,0.000000000000000000e+00,3.227599875116561878e-01,0.000000000000000000e+00,0.000000000000000000e+00,0.000000000000000000e+00,6.128917669951186031e-01,0.000000000000000000e+00,0.000000000000000000e+00,0.000000000000000000e+00,5.985444057806227347e-01,5.545862042091830313e-01,0.000000000000000000e+00,0.000000000000000000e+00,0.000000000000000000e+00
0.000000000000000000e+00,0.000000000000000000e+00,0.000000000000000000e+00,0.000000000000000000e+00,3.017010233195449032e-01,4.205302354346758253e-01,2.937495826970504265e-01,3.784538517311922812e-01,4.685417935470810868e-01,0.000000000000000000e+00,3.959447752843556767e-01,2.790029059316193050e-01,3.089520843260352145e-01,2.733556563551681751e-01,0.000000000000000000e+00,0.000000000000000000e+00,0.000000000000000000e+00,0.000000000000000000e+00,0.000000000000000000e+00,0.000000000000000000e+00,0.000000000000000000e+00,4.658413718616026267e-01,4.132812585146102835e-01,3.130078017711638849e-01,0.000000000000000000e+00,0.000000000000000000e+00,4.366622221450254249e-01,3.228320776276257797e-01,4.289910320605365146e-01,0.000000000000000000e+00,0.000000000000000000e+00,2.906953771512256757e-01,0.000000000000000000e+00,2.784147458351550197e-01,3.646987711906194973e-01,2.123656870992554901e-01,2.102842810440923027e-01,2.718620598316193182e-01,2.554278075695037842e-01,0.000000000000000000e+00,0.000000000000000000e+00,0.000000000000000000e+00,0.000000000000000000e+00,0.000000000000000000e+00,0.000000000000000000e+00,0.000000000000000000e+00,0.000000000000000000e+00,0.000000000000000000e+00,0.000000000000000000e+00,0.000000000000000000e+00,0.000000000000000000e+00,0.000000000000000000e+00,0.000000000000000000e+00,0.000000000000000000e+00,0.000000000000000000e+00,0.000000000000000000e+00,2.834892182202524147e-01,0.000000000000000000e+00,0.000000000000000000e+00,0.000000000000000000e+00,0.000000000000000000e+00,0.000000000000000000e+00,0.000000000000000000e+00,0.000000000000000000e+00,0.000000000000000000e+00,0.000000000000000000e+00,0.000000000000000000e+00,0.000000000000000000e+00,0.000000000000000000e+00,0.000000000000000000e+00,0.000000000000000000e+00,0.000000000000000000e+00,0.000000000000000000e+00,0.000000000000000000e+00,0.000000000000000000e+00,0.000000000000000000e+00
0.000000000000000000e+00,4.161246188297618165e-01,4.459713885727101812e-01,3.017010233195449032e-01,0.000000000000000000e+00,4.228185367589604726e-01,3.541266735697549128e-01,4.578886029775611211e-01,3.956741141017268149e-01,4.535241003178280272e-01,3.848946183362363938e-01,4.409356143713337728e-01,4.225188022649232211e-01,3.475562422847227051e-01,0.000000000000000000e+00,4.386231985925321819e-01,4.641291147464928768e-01,4.450349222575892827e-01,4.562869531114044919e-01,4.405066417672239831e-01,0.000000000000000000e+00,4.476459916557152252e-01,4.496457077462205909e-01,4.254194498062133789e-01,4.105804168644421881e-01,3.984114083516449023e-01,4.375711687928073856e-01,4.555407314429745780e-01,4.164349352843140228e-01,4.510768031733172756e-01,4.966789739077044907e-01,3.905423188735441253e-01,4.579762544549307868e-01,4.741912236681399828e-01,4.732235567093763806e-01,2.697995949861072273e-01,2.453523124988176984e-01,4.422409602567370923e-01,4.170443835578563907e-01,0.000000000000000000e+00,0.000000000000000000e+00,0.000000000000000000e+00,4.333335995912990235e-01,0.000000000000000000e+00,0.000000000000000000e+00,0.000000000000000000e+00,0.000000000000000000e+00,5.472696661460747514e-01,0.000000000000000000e+00,6.163057684898376465e-01,5.511050473679395267e-01,5.886397571015796748e-01,5.593100657965133227e-01,5.494182693508726789e-01,0.000000000000000000e+00,0.000000000000000000e+00,0.000000000000000000e+00,0.000000000000000000e+00,0.000000000000000000e+00,0.000000000000000000e+00,0.000000000000000000e+00,0.000000000000000000e+00,0.000000000000000000e+00,5.684433555677368410e-01,0.000000000000000000e+00,0.000000000000000000e+00,0.000000000000000000e+00,5.516703702882198579e-01,0.000000000000000000e+00,0.000000000000000000e+00,0.000000000000000000e+00,5.854766590204423249e-01,0.000000000000000000e+00,0.000000000000000000e+00,0.000000000000000000e+00,0.000000000000000000e+00
0.000000000000000000e+00,4.201709528125869841e-01,3.859600903671174255e-01,4.205302354346758253e-01,4.228185367589604726e-01,0.000000000000000000e+00,4.505817817655042856e-01,4.537770826611812747e-01,3.751022549782889182e-01,4.659987252065432850e-01,4.461516829450011268e-01,4.460510143123480042e-01,4.190784334332028904e-01,4.595016404272282973e-01,4.522650210087417744e-01,4.501593347442007786e-01,0.000000000000000000e+00,4.243245248318694984e-01,4.629254020498769218e-01,4.492771184046088773e-01,4.238756214191324867e-01,4.480777535234587994e-01,3.973184109676777265e-01,0.000000000000000000e+00,4.071560885331139135e-01,4.373940792659273269e-01,3.810113042852318888e-01,4.154560966069931749e-01,3.968361218221885811e-01,4.385999033752275844e-01,4.463579110761086155e-01,4.212322048408366770e-01,4.032703193411881770e-01,4.452233070129594239e-01,4.475441961825388226e-01,4.602147100292596771e-01,4.481818328997285161e-01,0.000000000000000000e+00,5.255212367984029020e-01,3.977098542243496793e-01,5.533945177783935465e-01,0.000000000000000000e+00,5.069684554183626624e-01,0.000000000000000000e+00,0.000000000000000000e+00,0.000000000000000000e+00,0.000000000000000000e+00,5.767134373172015938e-01,0.000000000000000000e+00,0.000000000000000000e+00,5.347546201665452914e-01,5.556349509077599391e-01,5.289911047487813045e-01,5.800235866579408484e-01,0.000000000000000000e+00,5.262770524737248046e-01,4.441760048034851249e-01,5.453560548567989441e-01,0.000000000000000000e+00,4.913995220758429205e-01,0.000000000000000000e+00,0.000000000000000000e+00,0.000000000000000000e+00,5.961054176304484420e-01,5.038116019753696717e-01,0.000000000000000000e+00,4.961468456017968931e-01,5.434207932814428821e-01,0.000000000000000000e+00,0.000000000000000000e+00,4.872998040019432819e-01,5.252424514776893316e-01,5.371725943246803414e-01,4.952366373784531928e-01,5.448907674360722320e-01,5.511006684803262390e-01
0.000000000000000000e+00,4.582049141906779921e-01,4.877838989968472094e-01,2.937495826970504265e-01,3.541266735697549128e-01,4.505817817655042856e-01,0.000000000000000000e+00,4.934987746845758139e-01,4.565613347784964193e-01,4.302020002281565225e-01,5.055086358910528821e-01,4.149785717675953944e-01,3.590566604545685214e-01,3.799862244505666786e-01,0.000000000000000000e+00,4.830479649297638733e-01,4.545313596940260825e-01,4.669440455446887128e-01,5.128917751909292111e-01,4.774947546920754737e-01,0.000000000000000000e+00,4.967211868820896048e-01,4.689653199797910732e-01,4.153179368747927924e-01,4.499590698586640736e-01,4.477612347810865923e-01,4.635685544043436912e-01,3.984118045777860218e-01,4.700693893547308044e-01,4.799744590959333923e-01,4.606735391321761797e-01,4.207071179744553135e-01,4.338285026186963766e-01,4.362104168874703092e-01,4.352352184728914275e-01,3.240426418785075091e-01,2.959792777214981796e-01,4.200329809570961803e-01,5.424532952448701817e-01,0.000000000000000000e+00,0.000000000000000000e+00,0.000000000000000000e+00,5.386550694653042815e-01,0.000000000000000000e+00,4.319433818674981995e-01,0.000000000000000000e+00,0.000000000000000000e+00,6.022020640648416689e-01,0.000000000000000000e+00,0.000000000000000000e+00,5.604630074710347243e-01,5.762464867183126893e-01,5.527036311777475674e-01,0.000000000000000000e+00,0.000000000000000000e+00,5.614614025402860920e-01,3.545581410867413852e-01,0.000000000000000000e+00,0.000000000000000000e+00,0.000000000000000000e+00,0.000000000000000000e+00,0.000000000000000000e+00,0.000000000000000000e+00,6.088290202144974739e-01,0.000000000000000000e+00,0.000000000000000000e+00,0.000000000000000000e+00,5.663024134781666774e-01,0.000000000000000000e+00,0.000000000000000000e+00,0.000000000000000000e+00,5.458268710102615051e-01,5.517973224979169089e-01,0.000000000000000000e+00,0.000000000000000000e+00,0.000000000000000000e+00
5.405526502406715617e-01,4.722153725974930771e-01,5.296072682565713396e-01,3.784538517311922812e-01,4.578886029775611211e-01,4.537770826611812747e-01,4.934987746845758139e-01,0.000000000000000000e+00,5.556626059023421771e-01,0.000000000000000000e+00,3.980825579642591761e-01,0.000000000000000000e+00,4.848830579920925810e-01,4.127275361915639929e-01,5.038885315259568065e-01,4.752584982508301081e-01,0.000000000000000000e+00,4.791530537302606807e-01,5.477909836874373939e-01,4.310164950191255895e-01,4.452984000945777177e-01,4.819322768542954050e-01,4.194232139149184913e-01,5.227424245616315579e-01,4.776550474569862814e-01,5.065727224664663408e-01,4.956286849776739833e-01,4.772229103249117088e-01,4.371369749194817245e-01,4.422861854242339241e-01,4.942659983712368033e-01,4.005498665009911141e-01,4.619922974251374215e-01,4.826747439088031055e-01,4.821771157907021044e-01,3.548493382237510874e-01,5.044632352894722338e-01,0.000000000000000000e+00,4.803021390882085129e-01,0.000000000000000000e+00,5.225927572929419673e-01,0.000000000000000000e+00,4.246944175523466036e-01,0.000000000000000000e+00,0.000000000000000000e+00,0.000000000000000000e+00,0.000000000000000000e+00,6.065991334886555730e-01,0.000000000000000000e+00,5.721448063850402832e-01,4.944065045977000805e-01,5.574008052367748212e-01,4.552487632963649888e-01,6.001598160583622166e-01,0.000000000000000000e+00,5.619798795332004993e-01,0.000000000000000000e+00,5.241945088048195478e-01,0.000000000000000000e+00,5.373229578479390423e-01,0.000000000000000000e+00,0.000000000000000000e+00,0.000000000000000000e+00,6.110818331185269292e-01,5.357209684124641935e-01,4.678456905082071793e-01,0.000000000000000000e+00,5.193024401316855831e-01,0.000000000000000000e+00,0.000000000000000000e+00,5.463078891924164626e-01,5.207626744381269601e-01,5.220592883218178049e-01,5.068685038050240177e-01,5.120187348165231578e-01,5.127257051622577944e-01
0.000000000000000000e+00,4.157669575223253977e-01,3.263032509717878060e-01,4.685417935470810868e-01,3.956741141017268149e-01,3.751022549782889182e-01,4.565613347784964193e-01,5.556626059023421771e-01,0.000000000000000000e+00,5.062985156047052904e-01,4.053160154179932806e-01,4.874031985229956843e-01,4.584352267526354829e-01,4.866689512642459192e-01,0.000000000000000000e+00,4.273038143166992264e-01,0.000000000000000000e+00,4.206211424679310862e-01,3.291286545562390753e-01,4.500131408053230087e-01,0.000000000000000000e+00,4.463604490742807962e-01,4.848560703726860210e-01,5.118556352325900338e-01,4.047981072904031086e-01,4.277692277627149764e-01,4.066170674705862909e-01,5.083274944823749086e-01,4.463218930453516919e-01,4.765803435831484913e-01,5.265227333295139367e-01,4.879266059788774923e-01,4.793767577277235903e-01,5.188519594708199678e-01,5.149699525133262235e-01,4.972907832894701841e-01,4.917752278541562272e-01,4.741266150399717771e-01,5.479332857336456364e-01,0.000000000000000000e+00,0.000000000000000000e+00,0.000000000000000000e+00,5.494663365683348788e-01,0.000000000000000000e+00,4.987269996746763745e-01,0.000000000000000000e+00,0.000000000000000000e+00,6.275312146757082710e-01,0.000000000000000000e+00,5.907146959610101167e-01,5.992358834278079804e-01,6.043440641505289923e-01,6.183797479022004051e-01,6.145789710446860621e-01,0.000000000000000000e+00,6.033843352539637328e-01,4.813505062976172200e-01,5.773288791645279083e-01,5.654435306699894248e-01,0.000000000000000000e+00,0.000000000000000000e+00,0.000000000000000000e+00,0.000000000000000000e+00,6.248267686805600851e-01,0.000000000000000000e+00,0.000000000000000000e+00,0.000000000000000000e+00,6.069873327057044854e-01,0.000000000000000000e+00,0.000000000000000000e+00,0.000000000000000000e+00,5.808619601309140679e-01,6.200725420799186871e-01,0.000000000000000000e+00,0.000000000000000000e+00,0.000000000000000000e+00
4.419528049337828057e-01,3.861834001286764129e-01,0.000000000000000000e+00,0.000000000000000000e+00,4.535241003178280272e-01,4.659987252065432850e-01,4.302020002281565225e-01,0.000000000000000000e+00,5.062985156047052904e-01,0.000000000000000000e+00,4.973433960075552829e-01,3.337349151351209908e-01,4.343260765349358787e-01,0.000000000000000000e+00,0.000000000000000000e+00,3.526604355087608056e-01,3.495760950269605760e-01,3.621594275251712736e-01,5.175190305350229059e-01,0.000000000000000000e+00,4.930942897030257122e-01,3.387133996830711258e-01,4.846497669058231761e-01,3.424810195932139201e-01,3.851375052012278033e-01,3.955256644614209005e-01,4.460241094073557067e-01,4.150688029008078872e-01,0.000000000000000000e+00,0.000000000000000000e+00,3.441043764995943000e-01,3.030564495430668193e-01,3.499784239561772869e-01,2.977068649703393244e-01,2.998853781091253001e-01,3.931514895770537033e-01,2.994005866625971124e-01,2.815315198577876821e-01,4.593615884275027983e-01,4.121665407405015191e-01,3.904726247154772789e-01,4.184013770851464087e-01,4.638886618004189888e-01,0.000000000000000000e+00,3.343237466155299931e-01,5.170382738109680076e-01,3.762363379604736213e-01,0.000000000000000000e+00,0.000000000000000000e+00,0.000000000000000000e+00,0.000000000000000000e+00,4.441901440540684809e-01,0.000000000000000000e+00,0.000000000000000000e+00,4.821726244724017785e-01,0.000000000000000000e+00,4.939112009067683773e-01,4.317218422265841071e-01,0.000000000000000000e+00,0.000000000000000000e+00,3.847871255977048932e-01,4.974964337339055076e-01,4.342159156258446062e-01,0.000000000000000000e+00,0.000000000000000000e+00,0.000000000000000000e+00,0.000000000000000000e+00,0.000000000000000000e+00,4.665332705736118801e-01,4.768244856822074773e-01,4.947451494805950034e-01,0.000000000000000000e+00,4.249449314205600015e-01,0.000000000000000000e+00,0.000000000000000000e+00,4.528416437221983171e-01
0.000000000000000000e+00,0.000000000000000000e+00,3.515468454662851738e-01,3.959447752843556767e-01,3.848946183362363938e-01,4.461516829450011268e-01,5.055086358910528821e-01,3.980825579642591761e-01,4.053160154179932806e-01,4.973433960075552829e-01,0.000000000000000000e+00,4.803707717299128266e-01,5.187719941483459607e-01,3.708451767112205810e-01,0.000000000000000000e+00,0.000000000000000000e+00,0.000000000000000000e+00,0.000000000000000000e+00,3.198802682509542805e-01,0.000000000000000000e+00,4.907173712186542192e-01,0.000000000000000000e+00,3.251062187677066784e-01,4.432463848010729235e-01,0.000000000000000000e+00,0.000000000000000000e+00,4.404785394870470161e-01,5.214268531344317115e-01,0.000000000000000000e+00,0.000000000000000000e+00,5.355471406921669120e-01,4.247252341603747205e-01,4.940505650176370001e-01,5.089303670993740036e-01,5.032653715072388234e-01,3.952321995363010099e-01,4.823725984903222130e-01,4.905031353855351939e-01,4.762438632171667185e-01,0.000000000000000000e+00,0.000000000000000000e+00,0.000000000000000000e+00,4.758581860094955873e-01,0.000000000000000000e+00,0.000000000000000000e+00,0.000000000000000000e+00,0.000000000000000000e+00,6.124739876926801330e-01,0.000000000000000000e+00,5.332399178319343624e-01,5.885111673921747943e-01,5.576774902523206068e-01,5.888372985486340916e-01,5.796769556414943514e-01,0.000000000000000000e+00,3.143953655318840190e-01,4.045624385764511888e-01,5.475006109683258071e-01,5.039473969628424088e-01,0.000000000000000000e+00,0.000000000000000000e+00,0.000000000000000000e+00,0.000000000000000000e+00,4.099547168389992002e-01,0.000000000000000000e+00,0.000000000000000000e+00,0.000000000000000000e+00,5.914001941488614689e-01,0.000000000000000000e+00,0.000000000000000000e+00,0.000000000000000000e+00,5.735596134165082960e-01,5.541447837598731940e-01,0.000000000000000000e+00,0.000000000000000000e+00,0.000000000000000000e+00
4.138564432155336092e-01,0.000000000000000000e+00,4.779096007319568185e-01,2.790029059316193050e-01,4.409356143713337728e-01,4.460510143123480042e-01,4.149785717675953944e-01,0.000000000000000000e+00,4.874031985229956843e-01,3.337349151351209908e-01,4.803707717299128266e-01,0.000000000000000000e+00,4.119797702480756940e-01,3.382640843128510988e-01,0.000000000000000000e+00,0.000000000000000000e+00,4.013795358358184795e-01,3.892942494784688012e-01,0.000000000000000000e+00,0.000000000000000000e+00,4.623792438831709206e-01,4.480030915156428262e-01,4.570061939594682876e-01,3.243578799987932859e-01,4.128981139840193215e-01,3.727108417738311807e-01,4.552388204951319239e-01,3.676621474607060236e-01,0.000000000000000000e+00,0.000000000000000000e+00,3.324347735175066099e-01,3.028134007921786108e-01,3.554573397362519871e-01,2.713123802717692934e-01,3.795654940283256229e-01,3.382491969942326149e-01,3.241093331867361815e-01,2.685760780106702938e-01,2.808435433318157148e-01,4.439138665067733913e-01,3.920152340576397165e-01,3.162235907929888956e-01,0.000000000000000000e+00,0.000000000000000000e+00,3.082558723757590768e-01,5.166673064231872559e-01,0.000000000000000000e+00,0.000000000000000000e+00,0.000000000000000000e+00,0.000000000000000000e+00,0.000000000000000000e+00,0.000000000000000000e+00,0.000000000000000000e+00,0.000000000000000000e+00,4.992725995514696868e-01,0.000000000000000000e+00,5.054147519670421085e-01,4.649928022602642930e-01,0.000000000000000000e+00,0.000000000000000000e+00,4.065270412260454935e-01,5.144401848171747949e-01,4.750092669957636793e-01,0.000000000000000000e+00,0.000000000000000000e+00,0.000000000000000000e+00,0.000000000000000000e+00,0.000000000000000000e+00,4.926959883191340261e-01,5.012439975227689359e-01,5.112273154570418088e-01,0.000000000000000000e+00,4.245961404801739114e-01,0.000000000000000000e+00,0.000000000000000000e+00,4.755593984268550733e-01
0.000000000000000000e+00,4.761256302890132797e-01,5.008953066583885505e-01,3.089520843260352145e-01,4.225188022649232211e-01,4.190784334332028904e-01,3.590566604545685214e-01,4.848830579920925810e-01,4.584352267526354829e-01,4.343260765349358787e-01,5.187719941483459607e-01,4.119797702480756940e-01,0.000000000000000000e+00,4.022709877184981742e-01,0.000000000000000000e+00,4.879026440962542233e-01,4.512824583249829269e-01,4.723734683146501023e-01,5.175727253479288636e-01,4.797443952558725910e-01,0.000000000000000000e+00,4.966580156665074131e-01,4.668001716553877856e-01,4.046802540608617771e-01,4.556718209350618110e-01,4.421782417549591226e-01,4.726429236860053007e-01,3.731348363153140779e-01,4.480476805006626817e-01,4.643718373769660790e-01,4.527524374849010158e-01,4.226621473922386740e-01,4.470137499053740138e-01,4.471122904215911742e-01,4.400281552229146076e-01,3.601123777620903743e-01,3.431263812226990062e-01,4.159553775476311777e-01,5.078017109789216832e-01,0.000000000000000000e+00,4.090649049686941874e-01,0.000000000000000000e+00,5.025028277418945866e-01,0.000000000000000000e+00,4.152084128519267781e-01,0.000000000000000000e+00,0.000000000000000000e+00,6.079724562180757186e-01,0.000000000000000000e+00,0.000000000000000000e+00,5.413546591907004712e-01,5.552924934487440956e-01,5.425883212043260961e-01,0.000000000000000000e+00,0.000000000000000000e+00,4.952357979206821192e-01,4.146706086390798962e-01,5.516273954606850660e-01,0.000000000000000000e+00,0.000000000000000000e+00,0.000000000000000000e+00,0.000000000000000000e+00,0.000000000000000000e+00,0.000000000000000000e+00,0.000000000000000000e+00,0.000000000000000000e+00,0.000000000000000000e+00,5.526338164365226513e-01,0.000000000000000000e+00,0.000000000000000000e+00,0.000000000000000000e+00,5.349134494819438590e-01,5.370872193777443959e-01,0.000000000000000000e+00,0.000000000000000000e+00,0.000000000000000000e+00
0.000000000000000000e+00,0.000000000000000000e+00,4.735007313569445930e-01,2.733556563551681751e-01,3.475562422847227051e-01,4.595016404272282973e-01,3.799862244505666786e-01,4.127275361915639929e-01,4.866689512642459192e-01,0.000000000000000000e+00,3.708451767112205810e-01,3.382640843128510988e-01,4.022709877184981742e-01,0.000000000000000000e+00,0.000000000000000000e+00,0.000000000000000000e+00,0.000000000000000000e+00,0.000000000000000000e+00,4.785847330274524136e-01,0.000000000000000000e+00,4.873489473721744902e-01,0.000000000000000000e+00,4.476711237153899736e-01,0.000000000000000000e+00,0.000000000000000000e+00,5.176969245014038101e-01,4.709229056569662064e-01,3.294460047829657068e-01,4.489346170717548046e-01,4.799458034009421170e-01,0.000000000000000000e+00,2.748272359222965755e-01,2.750883325210611852e-01,4.745190954533305971e-01,0.000000000000000000e+00,2.317924030147943959e-01,2.038899687640036984e-01,0.000000000000000000e+00,4.386189230521302940e-01,0.000000000000000000e+00,0.000000000000000000e+00,0.000000000000000000e+00,4.365957464422737799e-01,0.000000000000000000e+00,0.000000000000000000e+00,0.000000000000000000e+00,0.000000000000000000e+00,5.615941909938005905e-01,0.000000000000000000e+00,0.000000000000000000e+00,0.000000000000000000e+00,0.000000000000000000e+00,5.500123567227309662e-01,5.539565053361366065e-01,0.000000000000000000e+00,5.017176160204817048e-01,3.548523727800342864e-01,0.000000000000000000e+00,0.000000000000000000e+00,0.000000000000000000e+00,0.000000000000000000e+00,0.000000000000000000e+00,0.000000000000000000e+00,5.464219886296414197e-01,0.000000000000000000e+00,0.000000000000000000e+00,0.000000000000000000e+00,5.301174770337728770e-01,0.000000000000000000e+00,0.000000000000000000e+00,0.000000000000000000e+00,5.232056893110662577e-01,0.000000000000000000e+00,0.000000000000000000e+00,0.000000000000000000e+00,0.000000000000000000e+00
4.068312324880439812e-01,4.390931955398137965e-01,0.000000000000000000e+00,0.000000000000000000e+00,0.000000000000000000e+00,4.522650210087417744e-01,0.000000000000000000e+00,5.038885315259568065e-01,0.000000000000000000e+00,0.000000000000000000e+00,0.000000000000000000e+00,0.000000000000000000e+00,0.000000000000000000e+00,0.000000000000000000e+00,0.000000000000000000e+00,4.367241591894582831e-01,0.000000000000000000e+00,4.273536997100337853e-01,0.000000000000000000e+00,3.874933616043316209e-01,4.109774903708299232e-01,3.933484474116030749e-01,4.341886971046817201e-01,4.355851709842681885e-01,4.197168412943225735e-01,3.995782860670409886e-01,4.480794359107225788e-01,4.438889621378553918e-01,4.312182170316796181e-01,4.521743015692786249e-01,4.322240092151318769e-01,4.564432345428797166e-01,4.463525417857361899e-01,4.550128135401256824e-01,4.926436199481006861e-01,5.188345197491301963e-01,4.662753630831870111e-01,0.000000000000000000e+00,5.044608643120924718e-01,4.867025870604079762e-01,5.184292624183494125e-01,5.406664098300919541e-01,3.938663413796604784e-01,0.000000000000000000e+00,0.000000000000000000e+00,0.000000000000000000e+00,5.220800252199798708e-01,0.000000000000000000e+00,0.000000000000000000e+00,0.000000000000000000e+00,4.939071603664593746e-01,5.132060942793997826e-01,4.968056396221907089e-01,0.000000000000000000e+00,0.000000000000000000e+00,0.000000000000000000e+00,0.000000000000000000e+00,5.152674108130128605e-01,0.000000000000000000e+00,4.759718036997919177e-01,5.063756996108882413e-01,0.000000000000000000e+00,0.000000000000000000e+00,0.000000000000000000e+00,5.227438676399701611e-01,4.791811162033866034e-01,5.363692558550040568e-01,5.111181212958142428e-01,0.000000000000000000e+00,0.000000000000000000e+00,5.343631430673443372e-01,5.221556893780855413e-01,5.208999565161791523e-01,5.132484491570771246e-01,5.005436527129355495e-01,5.075271425236305145e-01
3.940867856075658260e-01,4.191704883518013736e-01,0.000000000000000000e+00,0.000000000000000000e+00,4.386231985925321819e-01,4.501593347442007786e-01,4.830479649297638733e-01,4.752584982508301081e-01,4.273038143166992264e-01,3.526604355087608056e-01,0.000000000000000000e+00,0.000000000000000000e+00,4.879026440962542233e-01,0.000000000000000000e+00,4.367241591894582831e-01,0.000000000000000000e+00,3.611501501684599158e-01,3.328971876783686779e-01,0.000000000000000000e+00,4.374803763234824117e-01,4.193463012410961199e-01,3.856257481185927927e-01,4.556055305076676110e-01,3.800094181602455823e-01,4.106234627020792782e-01,4.129284815397321062e-01,4.636358017056320113e-01,4.794910205585412033e-01,4.718481544756016888e-01,4.649613346038790063e-01,3.734275210186838168e-01,4.580069169276301810e-01,4.056948976386595129e-01,4.121123620065619275e-01,4.605083012462222181e-01,0.000000000000000000e+00,0.000000000000000000e+00,0.000000000000000000e+00,4.524718624199151051e-01,4.056024189331485785e-01,4.406415119539385805e-01,4.642247636944890066e-01,0.000000000000000000e+00,0.000000000000000000e+00,0.000000000000000000e+00,4.647983693746577938e-01,4.672359471142641940e-01,0.000000000000000000e+00,0.000000000000000000e+00,0.000000000000000000e+00,0.000000000000000000e+00,0.000000000000000000e+00,0.000000000000000000e+00,0.000000000000000000e+00,0.000000000000000000e+00,0.000000000000000000e+00,0.000000000000000000e+00,0.000000000000000000e+00,0.000000000000000000e+00,5.064338868481627065e-01,4.435921757989170211e-01,0.000000000000000000e+00,4.334647118961778012e-01,0.000000000000000000e+00,4.648043605744195950e-01,0.000000000000000000e+00,4.591000306007965159e-01,0.000000000000000000e+00,4.787862252612914982e-01,4.480090634131113081e-01,4.760282577897678724e-01,0.000000000000000000e+00,0.000000000000000000e+00,0.000000000000000000e+00,0.000000000000000000e+00,4.088301770639867216e-01
4.286871107348306231e-01,0.000000000000000000e+00,0.000000000000000000e+00,0.000000000000000000e+00,4.641291147464928768e-01,0.000000000000000000e+00,4.545313596940260825e-01,0.000000000000000000e+00,0.000000000000000000e+00,3.495760950269605760e-01,0.000000000000000000e+00,4.013795358358184795e-01,4.512824583249829269e-01,0.000000000000000000e+00,0.000000000000000000e+00,3.611501501684599158e-01,0.000000000000000000e+00,3.344799403707641727e-01,0.000000000000000000e+00,4.222178025070634777e-01,0.000000000000000000e+00,3.840716462047868984e-01,0.000000000000000000e+00,4.058999387250112889e-01,3.764337816677972848e-01,3.828063757588158755e-01,0.000000000000000000e+00,4.590575567224309261e-01,4.164757120773689980e-01,0.000000000000000000e+00,3.645030551100675864e-01,4.204752838794412750e-01,4.014940714281695078e-01,3.746556247263483908e-01,3.909655896502610140e-01,4.231964362598986118e-01,0.000000000000000000e+00,3.637835031780725092e-01,0.000000000000000000e+00,4.096728397681154155e-01,4.627773153210550938e-01,0.000000000000000000e+00,0.000000000000000000e+00,0.000000000000000000e+00,0.000000000000000000e+00,0.000000000000000000e+00,0.000000000000000000e+00,0.000000000000000000e+00,0.000000000000000000e+00,0.000000000000000000e+00,0.000000000000000000e+00,0.000000000000000000e+00,0.000000000000000000e+00,0.000000000000000000e+00,4.891557851789553046e-01,0.000000000000000000e+00,4.864972247530003902e-01,0.000000000000000000e+00,0.000000000000000000e+00,0.000000000000000000e+00,3.875642749112898078e-01,4.910638884332215737e-01,4.411126843756674187e-01,0.000000000000000000e+00,0.000000000000000000e+00,0.000000000000000000e+00,0.000000000000000000e+00,0.000000000000000000e+00,4.903608884215664987e-01,4.541599825653879208e-01,4.837523942417872869e-01,0.000000000000000000e+00,0.000000000000000000e+00,0.000000000000000000e+00,0.000000000000000000e+00,0.000000000000000000e+00
3.956360788970272879e-01,4.217596886239114995e-01,0.000000000000000000e+00,0.000000000000000000e+00,4.450349222575892827e-01,4.243245248318694984e-01,4.669440455446887128e-01,4.791530537302606807e-01,4.206211424679310862e-01,3.621594275251712736e-01,0.000000000000000000e+00,3.892942494784688012e-01,4.723734683146501023e-01,0.000000000000000000e+00,4.273536997100337853e-01,3.328971876783686779e-01,3.344799403707641727e-01,0.000000000000000000e+00,0.000000000000000000e+00,4.372146264458500187e-01,4.274783342383698947e-01,4.186209507953788100e-01,4.500309746285562906e-01,3.920090273929416891e-01,3.599736390383070916e-01,3.988081225811803132e-01,4.488413980015020233e-01,4.710499132474197936e-01,4.736117196249787775e-01,0.000000000000000000e+00,3.845879266122370077e-01,4.447437578653281043e-01,3.942561275457520109e-01,3.889263893750303236e-01,4.090872868684363728e-01,4.609399599024032179e-01,0.000000000000000000e+00,3.151449677276534911e-01,4.391742721973632135e-01,3.948518780675849826e-01,4.275621957530046924e-01,0.000000000000000000e+00,0.000000000000000000e+00,0.000000000000000000e+00,0.000000000000000000e+00,4.546053182297613016e-01,4.448033427696724829e-01,0.000000000000000000e+00,0.000000000000000000e+00,0.000000000000000000e+00,0.000000000000000000e+00,0.000000000000000000e+00,0.000000000000000000e+00,0.000000000000000000e+00,4.616299396564821911e-01,0.000000000000000000e+00,4.657815251477108176e-01,0.000000000000000000e+00,0.000000000000000000e+00,0.000000000000000000e+00,4.262120562641720789e-01,4.694677553611307230e-01,4.486830638544487826e-01,0.000000000000000000e+00,0.000000000000000000e+00,0.000000000000000000e+00,4.357818329054021778e-01,0.000000000000000000e+00,4.950687019205322059e-01,4.534669694147033803e-01,4.692687473111478158e-01,0.000000000000000000e+00,0.000000000000000000e+00,0.000000000000000000e+00,0.000000000000000000e+00,4.268493699070298741e-01
0.000000000000000000e+00,0.000000000000000000e+00,3.224788802236632224e-01,0.000000000000000000e+00,4.562869531114044919e-01,4.629254020498769218e-01,5.128917751909292111e-01,5.477909836874373939e-01,3.291286545562390753e-01,5.175190305350229059e-01,3.198802682509542805e-01,0.000000000000000000e+00,5.175727253479288636e-01,4.785847330274524136e-01,0.000000000000000000e+00,0.000000000000000000e+00,0.000000000000000000e+00,0.000000000000000000e+00,0.000000000000000000e+00,0.000000000000000000e+00,0.000000000000000000e+00,0.000000000000000000e+00,3.645703755267841739e-01,0.000000000000000000e+00,0.000000000000000000e+00,0.000000000000000000e+00,4.534794586252389181e-01,5.135312455103834273e-01,4.966188783042762012e-01,5.183861103907531076e-01,5.282386074605622817e-01,4.749444660229649173e-01,5.175857434775539279e-01,5.132390480400825794e-01,5.045239083206427555e-01,4.738312130694762869e-01,4.850931612726138153e-01,4.571348428726195734e-01,5.209897821779350124e-01,0.000000000000000000e+00,0.000000000000000000e+00,0.000000000000000000e+00,5.292883924362354886e-01,0.000000000000000000e+00,0.000000000000000000e+00,0.000000000000000000e+00,0.000000000000000000e+00,6.302135430849949982e-01,0.000000000000000000e+00,5.728015728529536332e-01,6.072724639145504755e-01,6.088811747130725704e-01,6.245322238247662527e-01,6.255507820222148130e-01,0.000000000000000000e+00,6.044025628505180769e-01,0.000000000000000000e+00,5.830347999485590016e-01,0.000000000000000000e+00,0.000000000000000000e+00,0.000000000000000000e+00,0.000000000000000000e+00,0.000000000000000000e+00,6.256423499440784131e-01,0.000000000000000000e+00,0.000000000000000000e+00,0.000000000000000000e+00,6.107544864646440308e-01,0.000000000000000000e+00,0.000000000000000000e+00,0.000000000000000000e+00,6.008704407185623264e-01,0.000000000000000000e+00,0.000000000000000000e+00,0.000000000000000000e+00,0.000000000000000000e+00
0.000000000000000000e+00,4.589943167178330841e-01,4.684411217516861181e-01,0.000000000000000000e+00,4.405066417672239831e-01,4.492771184046088773e-01,4.774947546920754737e-01,4.310164950191255895e-01,4.500131408053230087e-01,0.000000000000000000e+00,0.000000000000000000e+00,0.000000000000000000e+00,4.797443952558725910e-01,0.000000000000000000e+00,3.874933616043316209e-01,4.374803763234824117e-01,4.222178025070634777e-01,4.372146264458500187e-01,0.000000000000000000e+00,0.000000000000000000e+00,4.724723669415756833e-01,3.743908821318692182e-01,3.088250218517806789e-01,0.000000000000000000e+00,4.341776788238543849e-01,4.549957521113424108e-01,3.944553438757638086e-01,4.312182698478111975e-01,3.657012708789086908e-01,3.141447399266786844e-01,4.118730548404954117e-01,4.638398385126238921e-01,4.188825403020323135e-01,4.759911284870432802e-01,5.006715282254798893e-01,5.228002905456875515e-01,4.746501987243226806e-01,0.000000000000000000e+00,4.871014869734812125e-01,4.209364931854729930e-01,5.050366856487452649e-01,5.191350843454528574e-01,4.297599447342813073e-01,0.000000000000000000e+00,0.000000000000000000e+00,0.000000000000000000e+00,4.787556367189992890e-01,0.000000000000000000e+00,0.000000000000000000e+00,0.000000000000000000e+00,5.067992136412342585e-01,5.233712870231090886e-01,5.318513918794245399e-01,5.070209493951184365e-01,0.000000000000000000e+00,0.000000000000000000e+00,0.000000000000000000e+00,5.208808543070093666e-01,0.000000000000000000e+00,5.132138467843760932e-01,0.000000000000000000e+00,0.000000000000000000e+00,0.000000000000000000e+00,0.000000000000000000e+00,5.280717695531221834e-01,5.210603888923019955e-01,4.999149122798635103e-01,5.297522957754605688e-01,0.000000000000000000e+00,0.000000000000000000e+00,5.024762128844556530e-01,5.235211126363337186e-01,5.222471881727418497e-01,5.125559122375822341e-01,5.061129971939077876e-01,5.221818816203702696e-01
4.441661470851834825e-01,4.177611382313943245e-01,0.000000000000000000e+00,0.000000000000000000e+00,0.000000000000000000e+00,4.238756214191324867e-01,0.000000000000000000e+00,4.452984000945777177e-01,0.000000000000000000e+00,4.930942897030257122e-01,4.907173712186542192e-01,4.623792438831709206e-01,0.000000000000000000e+00,4.873489473721744902e-01,4.109774903708299232e-01,4.193463012410961199e-01,0.000000000000000000e+00,4.274783342383698947e-01,0.000000000000000000e+00,4.724723669415756833e-01,0.000000000000000000e+00,4.440767454071058995e-01,4.372904583472114193e-01,4.852644319511361104e-01,4.183797285415544187e-01,4.383564639963061227e-01,4.666048602627174136e-01,4.484250843524932861e-01,4.496254111720244251e-01,0.000000000000000000e+00,3.984648604319521170e-01,4.376076316019221757e-01,4.094811791977289173e-01,4.120797974459524116e-01,4.558906658626384889e-01,4.613616430901684162e-01,0.000000000000000000e+00,5.201896429061889648e-01,4.750599846084538891e-01,4.814190762085038267e-01,4.751649665763941210e-01,0.000000000000000000e+00,0.000000000000000000e+00,0.000000000000000000e+00,0.000000000000000000e+00,3.767047885073103730e-01,5.081317266363637453e-01,0.000000000000000000e+00,0.000000000000000000e+00,0.000000000000000000e+00,4.663853601887416045e-01,0.000000000000000000e+00,4.825999037010617054e-01,0.000000000000000000e+00,0.000000000000000000e+00,0.000000000000000000e+00,0.000000000000000000e+00,5.069267712086404920e-01,0.000000000000000000e+00,4.774726906762389866e-01,4.710198299575388825e-01,0.000000000000000000e+00,0.000000000000000000e+00,0.000000000000000000e+00,5.027287711227084177e-01,4.593257388344421099e-01,5.164564426972989564e-01,4.831693090188285966e-01,0.000000000000000000e+00,4.610363973918968905e-01,5.161874267983856956e-01,4.905539172101184842e-01,5.019535551607058332e-01,5.058931076057048282e-01,5.152562931771079713e-01,0.000000000000000000e+00
