0.000000000000000000e+00,3.805721612553740751e-01,0.000000000000000000e+00,0.000000000000000000e+00,0.000000000000000000e+00,0.000000000000000000e+00,0.000000000000000000e+00,4.231968281156102130e-01,0.000000000000000000e+00,3.398173281401292156e-01,0.000000000000000000e+00,3.035340708826342881e-01,0.000000000000000000e+00,0.000000000000000000e+00,3.851287709965213746e-01,3.920584794822349894e-01,3.359435162036443212e-01,3.647365596590135817e-01,0.000000000000000000e+00,0.000000000000000000e+00,3.794851390820969117e-01,3.937999503534602153e-01,3.987572455272945238e-01,3.286887063642879858e-01,3.522338643868633268e-01,3.475976542976770833e-01,4.089255269296400153e-01,3.894133871921575119e-01,0.000000000000000000e+00,0.000000000000000000e+00,3.429649114080515204e-01,4.147118179382052183e-01,3.016612183704930894e-01,3.344436632550736865e-01,3.906908926203354060e-01,4.001448230872720058e-01,0.000000000000000000e+00,3.658267188127810043e-01,4.247386716201604906e-01,3.667707465879220807e-01,3.925176720458407043e-01,3.912330440665108267e-01,0.000000000000000000e+00,0.000000000000000000e+00,0.000000000000000000e+00,4.018749646345963211e-01,4.137523060767021033e-01,0.000000000000000000e+00,0.000000000000000000e+00,0.000000000000000000e+00,0.000000000000000000e+00,0.000000000000000000e+00,4.049948519633199129e-01,0.000000000000000000e+00,4.469698680947734037e-01,0.000000000000000000e+00,0.000000000000000000e+00,0.000000000000000000e+00,0.000000000000000000e+00,0.000000000000000000e+00,3.980404972531729202e-01,0.000000000000000000e+00,3.956868953934161159e-01,0.000000000000000000e+00,0.000000000000000000e+00,4.056995293973491012e-01,4.093676171457971136e-01,4.132071244013881817e-01,4.191884296072165839e-01,3.956047486237658783e-01,4.232713785364886072e-01,0.000000000000000000e+00,0.000000000000000000e+00,4.386358311573297919e-01,0.000000000000000000e+00,3.647268595780326916e-01
3.805721612553740751e-01,0.000000000000000000e+00,0.000000000000000000e+00,0.000000000000000000e+00,4.048572978957569179e-01,4.088114547298162260e-01,4.215585972465509257e-01,3.762412938160307752e-01,3.934377953582389731e-01,0.000000000000000000e+00,0.000000000000000000e+00,0.000000000000000000e+00,4.355365260993476761e-01,0.000000000000000000e+00,4.035661990047617054e-01,3.844306759007874996e-01,4.135271012783051092e-01,3.983284487369930238e-01,0.000000000000000000e+00,4.157797721272458169e-01,3.711686994298770137e-01,3.884358592671213195e-01,3.762560114237323838e-01,0.000000000000000000e+00,3.726562050926998104e-01,3.856970476475615750e-01,4.088994281289087818e-01,4.338194465498422803e-01,4.191786614628412733e-01,0.000000000000000000e+00,3.575670536142688816e-01,4.232430046257469880e-01,3.473978882275575164e-01,3.607231304888111056e-01,4.127797195807472730e-01,0.000000000000000000e+00,0.000000000000000000e+00,0.000000000000000000e+00,4.199626892713421156e-01,3.963842607965533116e-01,4.017292962867641815e-01,4.247363419914697014e-01,0.000000000000000000e+00,0.000000000000000000e+00,0.000000000000000000e+00,4.154005148442619921e-01,4.143538691162929055e-01,0.000000000000000000e+00,0.000000000000000000e+00,0.000000000000000000e+00,4.386113533629426020e-01,0.000000000000000000e+00,0.000000000000000000e+00,0.000000000000000000e+00,0.000000000000000000e+00,0.000000000000000000e+00,0.000000000000000000e+00,0.000000000000000000e+00,0.000000000000000000e+00,4.232990569459395003e-01,4.034430228573244182e-01,0.000000000000000000e+00,3.981160525643692161e-01,0.000000000000000000e+00,4.125667387729878843e-01,4.149125370865948126e-01,4.197114441875710034e-01,3.829912289934470082e-01,0.000000000000000000e+00,3.939305652550902925e-01,4.430752574048636983e-01,0.000000000000000000e+00,0.000000000000000000e+00,4.306399894195349076e-01,0.000000000000000000e+00,3.900731700943044777e-01
0.000000000000000000e+00,0.000000000000000000e+00,0.000000000000000000e+00,0.000000000000000000e+00,3.769792479212691894e-01,3.681992036600251206e-01,3.744817815849637022e-01,4.185826793894604214e-01,3.149374827027702217e-01,0.000000000000000000e+00,3.221408554070473995e-01,0.000000000000000000e+00,3.903341333139880853e-01,3.900771412636103164e-01,0.000000000000000000e+00,0.000000000000000000e+00,0.000000000000000000e+00,0.000000000000000000e+00,3.155639867547547217e-01,0.000000000000000000e+00,0.000000000000000000e+00,0.000000000000000000e+00,3.161741783765346092e-01,0.000000000000000000e+00,0.000000000000000000e+00,0.000000000000000000e+00,3.368331405447673732e-01,4.115175494389087252e-01,3.753139638692287172e-01,4.223366381623409049e-01,3.918036200121214896e-01,3.791303072126117057e-01,0.000000000000000000e+00,4.079368252508527859e-01,4.202586492673818230e-01,3.953849711388401911e-01,3.945661634201234058e-01,0.000000000000000000e+00,0.000000000000000000e+00,0.000000000000000000e+00,0.000000000000000000e+00,0.000000000000000000e+00,4.271416819812265953e-01,0.000000000000000000e+00,0.000000000000000000e+00,0.000000000000000000e+00,0.000000000000000000e+00,4.834233515645465218e-01,0.000000000000000000e+00,0.000000000000000000e+00,4.512874729585122924e-01,3.983722378955049104e-01,4.970101941974245929e-01,4.852713968575244063e-01,0.000000000000000000e+00,4.550032389799146260e-01,0.000000000000000000e+00,0.000000000000000000e+00,4.500663700827802205e-01,0.000000000000000000e+00,0.000000000000000000e+00,0.000000000000000000e+00,0.000000000000000000e+00,4.745855826667640942e-01,0.000000000000000000e+00,0.000000000000000000e+00,0.000000000000000000e+00,4.838696151842464821e-01,0.000000000000000000e+00,0.000000000000000000e+00,0.000000000000000000e+00,4.608859971036670111e-01,0.000000000000000000e+00,0.000000000000000000e+00,0.000000000000000000e+00,0.000000000000000000e+00
0.000000000000000000e+00,0.000000000000000000e+00,0.000000000000000000e+00,0.000000000000000000e+00,3.222280393666758780e-01,3.614161250527250235e-01,2.852344182017925167e-01,3.577724368022828227e-01,3.447519388386698913e-01,2.522453367710114081e-01,3.390885797570789006e-01,0.000000000000000000e+00,2.808762408766781737e-01,2.212602880868506927e-01,0.000000000000000000e+00,0.000000000000000000e+00,0.000000000000000000e+00,0.000000000000000000e+00,3.700419518175229738e-01,0.000000000000000000e+00,0.000000000000000000e+00,0.000000000000000000e+00,3.443729328912248921e-01,0.000000000000000000e+00,0.000000000000000000e+00,0.000000000000000000e+00,0.000000000000000000e+00,2.215905539899918064e-01,0.000000000000000000e+00,0.000000000000000000e+00,0.000000000000000000e+00,2.906027251050994908e-01,0.000000000000000000e+00,2.266992266707442971e-01,2.425547963527817930e-01,1.518592566513070063e-01,1.773500268062621066e-01,2.617761073672433270e-01,0.000000000000000000e+00,0.000000000000000000e+00,0.000000000000000000e+00,0.000000000000000000e+00,0.000000000000000000e+00,0.000000000000000000e+00,0.000000000000000000e+00,0.000000000000000000e+00,0.000000000000000000e+00,0.000000000000000000e+00,0.000000000000000000e+00,0.000000000000000000e+00,0.000000000000000000e+00,0.000000000000000000e+00,0.000000000000000000e+00,0.000000000000000000e+00,0.000000000000000000e+00,0.000000000000000000e+00,0.000000000000000000e+00,0.000000000000000000e+00,0.000000000000000000e+00,0.000000000000000000e+00,0.000000000000000000e+00,0.000000000000000000e+00,0.000000000000000000e+00,0.000000000000000000e+00,0.000000000000000000e+00,0.000000000000000000e+00,0.000000000000000000e+00,0.000000000000000000e+00,0.000000000000000000e+00,0.000000000000000000e+00,0.000000000000000000e+00,0.000000000000000000e+00,0.000000000000000000e+00,0.000000000000000000e+00,0.000000000000000000e+00,0.000000000000000000e+00
0.000000000000000000e+00,4.048572978957569179e-01,3.769792479212691894e-01,3.222280393666758780e-01,0.000000000000000000e+00,3.740001889644872790e-01,3.407027888371361724e-01,3.316623243839347257e-01,3.516995520490064919e-01,3.921197156098152892e-01,3.348642778755953064e-01,3.756891554837550884e-01,3.632754002108273816e-01,3.026371315871045908e-01,0.000000000000000000e+00,0.000000000000000000e+00,0.000000000000000000e+00,0.000000000000000000e+00,3.791113389855462201e-01,3.942828080175690975e-01,0.000000000000000000e+00,4.089103847840022121e-01,3.336079605924481273e-01,0.000000000000000000e+00,0.000000000000000000e+00,0.000000000000000000e+00,3.673358689600588756e-01,3.407542212486531774e-01,3.764995493119421277e-01,3.844144033664633753e-01,3.788292676703027273e-01,3.636880574437049152e-01,0.000000000000000000e+00,3.711623649297174921e-01,3.424906798125462726e-01,2.398627583190348911e-01,3.253536201847612164e-01,3.248781783825682723e-01,0.000000000000000000e+00,0.000000000000000000e+00,0.000000000000000000e+00,0.000000000000000000e+00,0.000000000000000000e+00,0.000000000000000000e+00,0.000000000000000000e+00,0.000000000000000000e+00,0.000000000000000000e+00,0.000000000000000000e+00,0.000000000000000000e+00,0.000000000000000000e+00,0.000000000000000000e+00,0.000000000000000000e+00,0.000000000000000000e+00,0.000000000000000000e+00,0.000000000000000000e+00,0.000000000000000000e+00,0.000000000000000000e+00,0.000000000000000000e+00,0.000000000000000000e+00,0.000000000000000000e+00,0.000000000000000000e+00,0.000000000000000000e+00,0.000000000000000000e+00,0.000000000000000000e+00,0.000000000000000000e+00,0.000000000000000000e+00,0.000000000000000000e+00,4.304311350433892014e-01,0.000000000000000000e+00,0.000000000000000000e+00,0.000000000000000000e+00,0.000000000000000000e+00,0.000000000000000000e+00,0.000000000000000000e+00,0.000000000000000000e+00,0.000000000000000000e+00
0.000000000000000000e+00,4.088114547298162260e-01,3.681992036600251206e-01,3.614161250527250235e-01,3.740001889644872790e-01,0.000000000000000000e+00,3.844577411846237247e-01,3.271307595124635093e-01,3.307183283299278131e-01,3.890558244422930856e-01,3.604888168934063941e-01,0.000000000000000000e+00,3.738873219537434123e-01,3.602490804668804225e-01,4.062010821965050811e-01,4.037211575921640927e-01,0.000000000000000000e+00,3.970673121903077751e-01,3.690988388361903794e-01,4.089297509425500743e-01,3.439560818561887001e-01,4.130831197361016782e-01,3.707540087139216123e-01,0.000000000000000000e+00,3.954789854176049002e-01,3.873748145868898818e-01,3.727124058444645227e-01,3.717338415316669975e-01,3.285589527070801874e-01,3.836778768596231792e-01,3.875656773842611202e-01,3.708697658304702105e-01,3.264504221043719179e-01,4.040131748343399054e-01,4.143926695408947092e-01,3.344482017813449892e-01,3.773297380652657074e-01,3.725013463012979975e-01,3.720790888703819910e-01,0.000000000000000000e+00,4.145089629347331051e-01,0.000000000000000000e+00,3.521330325695635755e-01,0.000000000000000000e+00,0.000000000000000000e+00,0.000000000000000000e+00,0.000000000000000000e+00,4.382265417921505923e-01,0.000000000000000000e+00,0.000000000000000000e+00,3.994079287392706124e-01,0.000000000000000000e+00,3.965141731881752230e-01,4.302007650465426991e-01,0.000000000000000000e+00,4.099367979454338062e-01,3.612634774640459123e-01,4.025667165595698815e-01,0.000000000000000000e+00,0.000000000000000000e+00,0.000000000000000000e+00,0.000000000000000000e+00,0.000000000000000000e+00,4.164809716232816261e-01,0.000000000000000000e+00,0.000000000000000000e+00,0.000000000000000000e+00,4.092386158088496262e-01,0.000000000000000000e+00,0.000000000000000000e+00,0.000000000000000000e+00,4.030796473520723011e-01,4.059582777483458083e-01,3.683058634532894171e-01,0.000000000000000000e+00,4.050192928535353842e-01
0.000000000000000000e+00,4.215585972465509257e-01,3.744817815849637022e-01,2.852344182017925167e-01,3.407027888371361724e-01,3.844577411846237247e-01,0.000000000000000000e+00,3.381300424596191956e-01,3.661950989229199038e-01,3.715821439368022228e-01,3.706055182698479999e-01,3.597179217962905851e-01,3.267984440400524826e-01,3.407980036010623826e-01,0.000000000000000000e+00,4.230904122583079019e-01,0.000000000000000000e+00,4.081040330905468805e-01,3.710582516390072971e-01,4.078032805393613236e-01,0.000000000000000000e+00,4.306792181745485726e-01,3.427034853508935108e-01,0.000000000000000000e+00,4.139042642189311172e-01,4.026621519480017009e-01,3.765746348557956757e-01,3.556994480928797886e-01,3.956820272913582071e-01,3.872235839477007890e-01,3.890450549781088174e-01,3.670260731281798083e-01,0.000000000000000000e+00,3.533132676906364789e-01,3.261049380791605778e-01,3.019676105839231850e-01,2.995973243567969790e-01,3.083115369582750120e-01,0.000000000000000000e+00,0.000000000000000000e+00,0.000000000000000000e+00,0.000000000000000000e+00,0.000000000000000000e+00,0.000000000000000000e+00,0.000000000000000000e+00,0.000000000000000000e+00,0.000000000000000000e+00,0.000000000000000000e+00,0.000000000000000000e+00,0.000000000000000000e+00,3.872411451589086173e-01,0.000000000000000000e+00,4.038122893416292158e-01,0.000000000000000000e+00,0.000000000000000000e+00,0.000000000000000000e+00,0.000000000000000000e+00,0.000000000000000000e+00,0.000000000000000000e+00,0.000000000000000000e+00,0.000000000000000000e+00,0.000000000000000000e+00,0.000000000000000000e+00,0.000000000000000000e+00,0.000000000000000000e+00,3.685941100120543878e-01,0.000000000000000000e+00,4.054000150755887044e-01,0.000000000000000000e+00,0.000000000000000000e+00,0.000000000000000000e+00,3.915937246799973126e-01,0.000000000000000000e+00,0.000000000000000000e+00,0.000000000000000000e+00,0.000000000000000000e+00
4.231968281156102130e-01,3.762412938160307752e-01,4.185826793894604214e-01,3.577724368022828227e-01,3.316623243839347257e-01,3.271307595124635093e-01,3.381300424596191956e-01,0.000000000000000000e+00,4.093311672106647037e-01,0.000000000000000000e+00,3.073527861458881238e-01,0.000000000000000000e+00,3.549002483321676005e-01,3.596593270932891828e-01,3.499736960701479993e-01,3.907325419516484155e-01,0.000000000000000000e+00,3.932671570447061060e-01,4.177412598747928807e-01,3.579529865091689023e-01,3.380448443493955235e-01,3.804943699934942858e-01,3.161533536360208729e-01,4.387678108585686965e-01,3.917282017486984902e-01,4.073694631030785884e-01,4.021306213653125794e-01,3.609471312982157065e-01,3.220794065553775898e-01,3.631960676626905804e-01,3.565030639035143833e-01,3.150371564133156999e-01,3.183792568532932132e-01,3.707597730727723029e-01,3.893656955939759912e-01,2.917151225728674135e-01,3.460761796234568810e-01,3.454736173152924139e-01,3.974591326706488070e-01,0.000000000000000000e+00,4.190148018243909922e-01,4.346805890936545902e-01,3.579162448387365747e-01,0.000000000000000000e+00,0.000000000000000000e+00,0.000000000000000000e+00,0.000000000000000000e+00,4.682938535974168759e-01,0.000000000000000000e+00,0.000000000000000000e+00,4.106108842276322002e-01,4.066050643971165779e-01,3.545930195772535876e-01,4.677067507663379975e-01,0.000000000000000000e+00,4.126477188560701004e-01,0.000000000000000000e+00,4.168067399165992226e-01,3.829073118973871925e-01,0.000000000000000000e+00,0.000000000000000000e+00,0.000000000000000000e+00,0.000000000000000000e+00,4.398531429778714252e-01,0.000000000000000000e+00,3.089316597468804160e-01,0.000000000000000000e+00,4.078215148008096924e-01,0.000000000000000000e+00,0.000000000000000000e+00,0.000000000000000000e+00,4.258995224785099842e-01,4.218062348513251236e-01,3.764250291138727111e-01,4.230381190555133064e-01,4.262556775574665724e-01
0.000000000000000000e+00,3.934377953582389731e-01,3.149374827027702217e-01,3.447519388386698913e-01,3.516995520490064919e-01,3.307183283299278131e-01,3.661950989229199038e-01,4.093311672106647037e-01,0.000000000000000000e+00,3.717972637980189732e-01,3.305796194261019783e-01,0.000000000000000000e+00,3.633350140180903742e-01,3.810774523818162840e-01,0.000000000000000000e+00,0.000000000000000000e+00,0.000000000000000000e+00,0.000000000000000000e+00,3.159379566579904042e-01,3.917671304637256879e-01,0.000000000000000000e+00,3.978299589427004013e-01,3.555981251644557140e-01,0.000000000000000000e+00,0.000000000000000000e+00,3.646529728382911784e-01,3.466321637013625723e-01,3.771609341232479151e-01,3.688415613896863232e-01,3.963952305685478072e-01,3.627297312752008063e-01,3.532747857695929805e-01,0.000000000000000000e+00,3.695214921537686159e-01,3.646948443820499097e-01,3.446920052159151981e-01,3.558233891944395100e-01,3.369401565264287246e-01,0.000000000000000000e+00,0.000000000000000000e+00,0.000000000000000000e+00,0.000000000000000000e+00,4.096042775852054008e-01,0.000000000000000000e+00,0.000000000000000000e+00,0.000000000000000000e+00,0.000000000000000000e+00,4.508393453913118742e-01,0.000000000000000000e+00,0.000000000000000000e+00,4.126378486753458086e-01,0.000000000000000000e+00,4.701967570996181123e-01,4.675780786909413123e-01,0.000000000000000000e+00,4.357121724175713195e-01,3.501022001182532151e-01,0.000000000000000000e+00,0.000000000000000000e+00,0.000000000000000000e+00,0.000000000000000000e+00,0.000000000000000000e+00,0.000000000000000000e+00,4.565949261331114228e-01,0.000000000000000000e+00,0.000000000000000000e+00,0.000000000000000000e+00,4.589439386127044940e-01,0.000000000000000000e+00,0.000000000000000000e+00,0.000000000000000000e+00,4.462251435804219235e-01,0.000000000000000000e+00,0.000000000000000000e+00,0.000000000000000000e+00,0.000000000000000000e+00
3.398173281401292156e-01,0.000000000000000000e+00,0.000000000000000000e+00,2.522453367710114081e-01,3.921197156098152892e-01,3.890558244422930856e-01,3.715821439368022228e-01,0.000000000000000000e+00,3.717972637980189732e-01,0.000000000000000000e+00,3.750115220986978137e-01,2.586268638568555156e-01,4.001784559506548211e-01,0.000000000000000000e+00,0.000000000000000000e+00,0.000000000000000000e+00,3.028597646607720240e-01,3.732646538580645101e-01,3.891795787969177245e-01,0.000000000000000000e+00,0.000000000000000000e+00,0.000000000000000000e+00,3.610056949257957060e-01,3.016038336171472101e-01,3.352976565675743759e-01,3.220908161691662941e-01,3.923653868592795191e-01,3.969689529295710728e-01,0.000000000000000000e+00,0.000000000000000000e+00,3.467853860886176975e-01,3.587869264789017021e-01,3.137127954926476892e-01,3.227292425201470083e-01,2.974322888084912075e-01,2.864158217275635798e-01,2.806768312297925894e-01,2.726300898056862043e-01,3.475080631249893859e-01,2.712212267151207779e-01,3.289636218931520917e-01,3.513743192793958858e-01,0.000000000000000000e+00,0.000000000000000000e+00,3.050735455602234247e-01,0.000000000000000000e+00,3.477134298385560762e-01,0.000000000000000000e+00,0.000000000000000000e+00,0.000000000000000000e+00,0.000000000000000000e+00,0.000000000000000000e+00,0.000000000000000000e+00,0.000000000000000000e+00,3.884933893494109114e-01,0.000000000000000000e+00,3.922501193814486031e-01,3.813076887511966939e-01,0.000000000000000000e+00,0.000000000000000000e+00,0.000000000000000000e+00,4.171377232716400041e-01,3.979075001789065258e-01,0.000000000000000000e+00,0.000000000000000000e+00,0.000000000000000000e+00,0.000000000000000000e+00,0.000000000000000000e+00,4.553470705834992138e-01,4.104675356409860920e-01,4.281557360732001216e-01,0.000000000000000000e+00,3.801161586687061833e-01,0.000000000000000000e+00,0.000000000000000000e+00,3.816277203746960001e-01
0.000000000000000000e+00,0.000000000000000000e+00,3.221408554070473995e-01,3.390885797570789006e-01,3.348642778755953064e-01,3.604888168934063941e-01,3.706055182698479999e-01,3.073527861458881238e-01,3.305796194261019783e-01,3.750115220986978137e-01,0.000000000000000000e+00,0.000000000000000000e+00,3.732895008560658257e-01,2.945507771974826272e-01,0.000000000000000000e+00,0.000000000000000000e+00,0.000000000000000000e+00,0.000000000000000000e+00,2.908858261532558109e-01,0.000000000000000000e+00,0.000000000000000000e+00,0.000000000000000000e+00,1.823883168496092944e-01,0.000000000000000000e+00,0.000000000000000000e+00,0.000000000000000000e+00,3.821857162656713269e-01,3.642869018205899256e-01,0.000000000000000000e+00,0.000000000000000000e+00,3.684272169112686734e-01,3.586478276774134888e-01,0.000000000000000000e+00,3.681173880523058162e-01,3.456372138456603738e-01,2.920756379110611145e-01,3.448289538486973838e-01,3.466734317140732213e-01,0.000000000000000000e+00,0.000000000000000000e+00,0.000000000000000000e+00,0.000000000000000000e+00,3.385896767737425206e-01,0.000000000000000000e+00,0.000000000000000000e+00,0.000000000000000000e+00,0.000000000000000000e+00,3.777277630721834756e-01,0.000000000000000000e+00,0.000000000000000000e+00,3.948634720351075766e-01,0.000000000000000000e+00,3.790196225872224933e-01,4.275736089085334091e-01,0.000000000000000000e+00,2.967168458953006738e-01,0.000000000000000000e+00,0.000000000000000000e+00,0.000000000000000000e+00,0.000000000000000000e+00,0.000000000000000000e+00,0.000000000000000000e+00,0.000000000000000000e+00,2.673217377812411866e-01,0.000000000000000000e+00,0.000000000000000000e+00,0.000000000000000000e+00,4.125529254864763740e-01,0.000000000000000000e+00,0.000000000000000000e+00,0.000000000000000000e+00,4.303052315192233968e-01,0.000000000000000000e+00,0.000000000000000000e+00,0.000000000000000000e+00,0.000000000000000000e+00
3.035340708826342881e-01,0.000000000000000000e+00,0.000000000000000000e+00,0.000000000000000000e+00,3.756891554837550884e-01,0.000000000000000000e+00,3.597179217962905851e-01,0.000000000000000000e+00,0.000000000000000000e+00,2.586268638568555156e-01,0.000000000000000000e+00,0.000000000000000000e+00,3.728994811927984210e-01,0.000000000000000000e+00,0.000000000000000000e+00,0.000000000000000000e+00,3.369050946770009158e-01,3.388885660098350794e-01,0.000000000000000000e+00,0.000000000000000000e+00,0.000000000000000000e+00,0.000000000000000000e+00,0.000000000000000000e+00,2.490729752333256941e-01,3.342563992499720249e-01,2.798802343397270853e-01,0.000000000000000000e+00,3.612416027614335778e-01,0.000000000000000000e+00,0.000000000000000000e+00,3.304151088702035888e-01,2.810995701151901005e-01,2.729473378670663752e-01,2.551845110560045926e-01,2.770540608260120274e-01,3.074633712935079810e-01,2.818031023793021728e-01,2.395927069725823921e-01,0.000000000000000000e+00,2.822254209271469194e-01,3.256085387853276947e-01,0.000000000000000000e+00,0.000000000000000000e+00,0.000000000000000000e+00,2.762294007185527867e-01,0.000000000000000000e+00,0.000000000000000000e+00,0.000000000000000000e+00,0.000000000000000000e+00,0.000000000000000000e+00,0.000000000000000000e+00,0.000000000000000000e+00,0.000000000000000000e+00,0.000000000000000000e+00,3.904572850510080184e-01,0.000000000000000000e+00,4.051186186467201078e-01,0.000000000000000000e+00,0.000000000000000000e+00,0.000000000000000000e+00,0.000000000000000000e+00,4.123403062754338877e-01,3.915604795421703810e-01,0.000000000000000000e+00,0.000000000000000000e+00,0.000000000000000000e+00,0.000000000000000000e+00,0.000000000000000000e+00,4.402796264620051914e-01,3.968102893914615126e-01,4.294931636382514073e-01,0.000000000000000000e+00,4.118761077028099127e-01,0.000000000000000000e+00,0.000000000000000000e+00,3.690670407639096151e-01
0.000000000000000000e+00,4.355365260993476761e-01,3.903341333139880853e-01,2.808762408766781737e-01,3.632754002108273816e-01,3.738873219537434123e-01,3.267984440400524826e-01,3.549002483321676005e-01,3.633350140180903742e-01,4.001784559506548211e-01,3.732895008560658257e-01,3.728994811927984210e-01,0.000000000000000000e+00,3.428161757159947087e-01,4.304275013673862782e-01,4.405682949550006056e-01,4.123795670157994198e-01,4.291492451175530909e-01,3.736076424081106739e-01,4.205544461201716211e-01,3.733730323473897217e-01,4.441770101401162907e-01,3.666081178468931778e-01,3.843801617622374933e-01,4.193331602306457073e-01,4.158408074730119974e-01,3.935851863172676879e-01,3.580266205236022903e-01,4.012079981983749932e-01,4.080996518219955904e-01,3.953323472967337215e-01,3.854073375240544830e-01,3.940832741406932738e-01,3.776568505996292791e-01,3.598693148092937943e-01,3.479775064758546255e-01,3.399615705581383041e-01,3.315527739718368005e-01,3.740929735945721091e-01,0.000000000000000000e+00,0.000000000000000000e+00,0.000000000000000000e+00,0.000000000000000000e+00,0.000000000000000000e+00,0.000000000000000000e+00,0.000000000000000000e+00,0.000000000000000000e+00,0.000000000000000000e+00,0.000000000000000000e+00,0.000000000000000000e+00,4.016881551540740225e-01,0.000000000000000000e+00,3.994053204104214272e-01,0.000000000000000000e+00,0.000000000000000000e+00,0.000000000000000000e+00,3.296782983406437162e-01,0.000000000000000000e+00,0.000000000000000000e+00,0.000000000000000000e+00,0.000000000000000000e+00,0.000000000000000000e+00,0.000000000000000000e+00,0.000000000000000000e+00,0.000000000000000000e+00,0.000000000000000000e+00,0.000000000000000000e+00,4.028998715832771138e-01,0.000000000000000000e+00,0.000000000000000000e+00,0.000000000000000000e+00,3.962984002427997754e-01,0.000000000000000000e+00,0.000000000000000000e+00,0.000000000000000000e+00,0.000000000000000000e+00
0.000000000000000000e+00,0.000000000000000000e+00,3.900771412636103164e-01,2.212602880868506927e-01,3.026371315871045908e-01,3.602490804668804225e-01,3.407980036010623826e-01,3.596593270932891828e-01,3.810774523818162840e-01,0.000000000000000000e+00,2.945507771974826272e-01,0.000000000000000000e+00,3.428161757159947087e-01,0.000000000000000000e+00,0.000000000000000000e+00,0.000000000000000000e+00,0.000000000000000000e+00,0.000000000000000000e+00,3.728812446863249974e-01,0.000000000000000000e+00,0.000000000000000000e+00,0.000000000000000000e+00,3.530810236486154885e-01,0.000000000000000000e+00,0.000000000000000000e+00,0.000000000000000000e+00,4.306280416298670088e-01,2.269445125930804885e-01,0.000000000000000000e+00,0.000000000000000000e+00,0.000000000000000000e+00,0.000000000000000000e+00,0.000000000000000000e+00,3.468829095363616943e-01,0.000000000000000000e+00,2.048974702817704108e-01,1.433937279414140009e-01,0.000000000000000000e+00,0.000000000000000000e+00,0.000000000000000000e+00,0.000000000000000000e+00,0.000000000000000000e+00,0.000000000000000000e+00,0.000000000000000000e+00,0.000000000000000000e+00,0.000000000000000000e+00,0.000000000000000000e+00,0.000000000000000000e+00,0.000000000000000000e+00,0.000000000000000000e+00,0.000000000000000000e+00,0.000000000000000000e+00,0.000000000000000000e+00,3.926568328616922843e-01,0.000000000000000000e+00,3.319746283556923028e-01,0.000000000000000000e+00,0.000000000000000000e+00,0.000000000000000000e+00,0.000000000000000000e+00,0.000000000000000000e+00,0.000000000000000000e+00,0.000000000000000000e+00,0.000000000000000000e+00,0.000000000000000000e+00,0.000000000000000000e+00,0.000000000000000000e+00,0.000000000000000000e+00,0.000000000000000000e+00,0.000000000000000000e+00,0.000000000000000000e+00,0.000000000000000000e+00,0.000000000000000000e+00,0.000000000000000000e+00,0.000000000000000000e+00,0.000000000000000000e+00
3.851287709965213746e-01,4.035661990047617054e-01,0.000000000000000000e+00,0.000000000000000000e+00,0.000000000000000000e+00,4.062010821965050811e-01,0.000000000000000000e+00,3.499736960701479993e-01,0.000000000000000000e+00,0.000000000000000000e+00,0.000000000000000000e+00,0.000000000000000000e+00,4.304275013673862782e-01,0.000000000000000000e+00,0.000000000000000000e+00,4.070093000795286242e-01,0.000000000000000000e+00,3.879012390929552079e-01,0.000000000000000000e+00,3.858789190251779022e-01,3.613884776100326768e-01,3.841591506762542241e-01,3.645915135156436726e-01,0.000000000000000000e+00,3.665966689138928092e-01,4.244582866835738821e-01,4.083678243620840753e-01,3.761143517705071160e-01,3.910155128090013754e-01,0.000000000000000000e+00,3.775358411230840816e-01,4.082990275002836844e-01,3.329188244211044867e-01,3.971976590133917129e-01,4.293386398873331178e-01,0.000000000000000000e+00,0.000000000000000000e+00,0.000000000000000000e+00,4.153399839221308953e-01,4.053421418806436027e-01,4.097840073065929234e-01,4.264386843738551258e-01,0.000000000000000000e+00,0.000000000000000000e+00,0.000000000000000000e+00,4.136058362452559867e-01,4.259228353450750792e-01,0.000000000000000000e+00,0.000000000000000000e+00,0.000000000000000000e+00,0.000000000000000000e+00,0.000000000000000000e+00,0.000000000000000000e+00,0.000000000000000000e+00,0.000000000000000000e+00,0.000000000000000000e+00,0.000000000000000000e+00,0.000000000000000000e+00,0.000000000000000000e+00,4.356759619342133183e-01,4.217993793655683277e-01,0.000000000000000000e+00,0.000000000000000000e+00,0.000000000000000000e+00,4.074448387594882814e-01,4.141508701790864166e-01,4.283074532725256178e-01,3.908718572472418828e-01,0.000000000000000000e+00,0.000000000000000000e+00,4.443918073120107226e-01,4.043845987598875813e-01,4.030125290708915231e-01,4.153767882155974811e-01,0.000000000000000000e+00,3.814874560648012780e-01
3.920584794822349894e-01,3.844306759007874996e-01,0.000000000000000000e+00,0.000000000000000000e+00,0.000000000000000000e+00,4.037211575921640927e-01,4.230904122583079019e-01,3.907325419516484155e-01,0.000000000000000000e+00,0.000000000000000000e+00,0.000000000000000000e+00,0.000000000000000000e+00,4.405682949550006056e-01,0.000000000000000000e+00,4.070093000795286242e-01,0.000000000000000000e+00,3.894945077177964787e-01,3.714153502929601891e-01,0.000000000000000000e+00,4.152334387783446767e-01,3.787487658891737774e-01,4.038117164052512087e-01,3.849905971400606752e-01,0.000000000000000000e+00,3.947686435428507945e-01,4.059778946181030190e-01,4.156050127790336113e-01,4.386234119221171235e-01,4.349066704051525734e-01,4.243546052639505239e-01,3.614497135638192749e-01,4.511078505582620246e-01,4.031791987979592151e-01,3.801214206108300964e-01,4.336131534792180831e-01,0.000000000000000000e+00,0.000000000000000000e+00,0.000000000000000000e+00,4.143140089720994124e-01,4.084167095424847127e-01,4.014312642874818260e-01,4.250885701491277091e-01,0.000000000000000000e+00,0.000000000000000000e+00,0.000000000000000000e+00,4.086110999231751251e-01,4.128303924921331025e-01,0.000000000000000000e+00,0.000000000000000000e+00,0.000000000000000000e+00,0.000000000000000000e+00,0.000000000000000000e+00,0.000000000000000000e+00,0.000000000000000000e+00,0.000000000000000000e+00,0.000000000000000000e+00,0.000000000000000000e+00,0.000000000000000000e+00,0.000000000000000000e+00,4.163378238948379217e-01,4.030125866548044944e-01,0.000000000000000000e+00,3.944621568108341858e-01,0.000000000000000000e+00,0.000000000000000000e+00,3.993622798628487236e-01,4.184709639090796740e-01,3.538448230954495122e-01,0.000000000000000000e+00,3.910466881264136885e-01,4.393866946492966941e-01,0.000000000000000000e+00,0.000000000000000000e+00,0.000000000000000000e+00,0.000000000000000000e+00,4.136753915509034929e-01
3.359435162036443212e-01,4.135271012783051092e-01,0.000000000000000000e+00,0.000000000000000000e+00,0.000000000000000000e+00,0.000000000000000000e+00,0.000000000000000000e+00,0.000000000000000000e+00,0.000000000000000000e+00,3.028597646607720240e-01,0.000000000000000000e+00,3.369050946770009158e-01,4.123795670157994198e-01,0.000000000000000000e+00,0.000000000000000000e+00,3.894945077177964787e-01,0.000000000000000000e+00,3.331978134761008903e-01,0.000000000000000000e+00,0.000000000000000000e+00,0.000000000000000000e+00,0.000000000000000000e+00,0.000000000000000000e+00,3.598693435480981861e-01,3.317769151878918188e-01,3.435045540491551974e-01,0.000000000000000000e+00,4.033989779081175731e-01,0.000000000000000000e+00,0.000000000000000000e+00,3.626234947020541832e-01,4.418935840215686972e-01,3.528973729781260116e-01,3.727250817311338893e-01,3.847720093139458952e-01,0.000000000000000000e+00,0.000000000000000000e+00,3.127988106179083183e-01,0.000000000000000000e+00,3.841313458452366159e-01,4.254808816779607206e-01,0.000000000000000000e+00,0.000000000000000000e+00,0.000000000000000000e+00,0.000000000000000000e+00,0.000000000000000000e+00,3.745984384159458114e-01,0.000000000000000000e+00,0.000000000000000000e+00,0.000000000000000000e+00,0.000000000000000000e+00,0.000000000000000000e+00,0.000000000000000000e+00,0.000000000000000000e+00,4.422349775574869746e-01,0.000000000000000000e+00,4.584371664296271742e-01,0.000000000000000000e+00,0.000000000000000000e+00,0.000000000000000000e+00,0.000000000000000000e+00,4.380699182728526875e-01,4.119408556152180934e-01,0.000000000000000000e+00,0.000000000000000000e+00,0.000000000000000000e+00,0.000000000000000000e+00,0.000000000000000000e+00,4.580790610928299755e-01,4.124784268116458152e-01,4.423136740086314189e-01,0.000000000000000000e+00,0.000000000000000000e+00,0.000000000000000000e+00,0.000000000000000000e+00,4.408616514849745260e-01
3.647365596590135817e-01,3.983284487369930238e-01,0.000000000000000000e+00,0.000000000000000000e+00,0.000000000000000000e+00,3.970673121903077751e-01,4.081040330905468805e-01,3.932671570447061060e-01,0.000000000000000000e+00,3.732646538580645101e-01,0.000000000000000000e+00,3.388885660098350794e-01,4.291492451175530909e-01,0.000000000000000000e+00,3.879012390929552079e-01,3.714153502929601891e-01,3.331978134761008903e-01,0.000000000000000000e+00,0.000000000000000000e+00,4.149635875768702964e-01,3.705304116331997744e-01,4.231722459117839841e-01,3.797450809704026042e-01,3.545026900783764257e-01,3.525819113691758822e-01,3.715483663130513259e-01,4.082956965334951227e-01,4.246832276551765761e-01,4.312598345795118915e-01,0.000000000000000000e+00,3.960022454915834156e-01,4.505605133066913903e-01,3.674519078233999259e-01,3.831589379803507778e-01,4.114886253471244926e-01,0.000000000000000000e+00,0.000000000000000000e+00,0.000000000000000000e+00,3.996023116654290885e-01,3.501479131640017894e-01,3.771040929432193933e-01,3.945163985274127150e-01,0.000000000000000000e+00,0.000000000000000000e+00,0.000000000000000000e+00,3.813920456418044003e-01,3.971349888495577796e-01,0.000000000000000000e+00,0.000000000000000000e+00,0.000000000000000000e+00,0.000000000000000000e+00,0.000000000000000000e+00,0.000000000000000000e+00,0.000000000000000000e+00,4.024752434885016106e-01,0.000000000000000000e+00,4.218023152941062781e-01,0.000000000000000000e+00,0.000000000000000000e+00,0.000000000000000000e+00,3.871829006199071777e-01,3.999753925491307815e-01,3.801345852633560840e-01,0.000000000000000000e+00,0.000000000000000000e+00,4.094851502270753230e-01,3.899375821402226161e-01,0.000000000000000000e+00,4.437310378177479753e-01,3.752668424729038166e-01,3.920663299237218125e-01,0.000000000000000000e+00,0.000000000000000000e+00,0.000000000000000000e+00,0.000000000000000000e+00,3.701481730666654202e-01
0.000000000000000000e+00,0.000000000000000000e+00,3.155639867547547217e-01,3.700419518175229738e-01,3.791113389855462201e-01,3.690988388361903794e-01,3.710582516390072971e-01,4.177412598747928807e-01,3.159379566579904042e-01,3.891795787969177245e-01,2.908858261532558109e-01,0.000000000000000000e+00,3.736076424081106739e-01,3.728812446863249974e-01,0.000000000000000000e+00,0.000000000000000000e+00,0.000000000000000000e+00,0.000000000000000000e+00,0.000000000000000000e+00,0.000000000000000000e+00,0.000000000000000000e+00,0.000000000000000000e+00,2.967118019567703269e-01,0.000000000000000000e+00,0.000000000000000000e+00,0.000000000000000000e+00,3.868681005289800745e-01,3.707604211165034802e-01,0.000000000000000000e+00,4.298088662300881269e-01,3.693709719249194112e-01,3.601366410790424744e-01,0.000000000000000000e+00,3.661719537694794746e-01,3.657104640496414150e-01,3.546564153608803838e-01,3.634001656109497880e-01,0.000000000000000000e+00,0.000000000000000000e+00,0.000000000000000000e+00,0.000000000000000000e+00,0.000000000000000000e+00,3.926652764822303743e-01,0.000000000000000000e+00,0.000000000000000000e+00,0.000000000000000000e+00,0.000000000000000000e+00,4.846721694479492748e-01,0.000000000000000000e+00,0.000000000000000000e+00,4.672830994578514030e-01,0.000000000000000000e+00,4.836887215159179076e-01,4.901297289937939783e-01,0.000000000000000000e+00,4.524394837084538268e-01,0.000000000000000000e+00,0.000000000000000000e+00,4.011150270154836828e-01,0.000000000000000000e+00,0.000000000000000000e+00,0.000000000000000000e+00,0.000000000000000000e+00,4.652563869720651724e-01,0.000000000000000000e+00,0.000000000000000000e+00,0.000000000000000000e+00,4.723711453913274072e-01,0.000000000000000000e+00,0.000000000000000000e+00,0.000000000000000000e+00,4.839764979213413976e-01,0.000000000000000000e+00,0.000000000000000000e+00,0.000000000000000000e+00,0.000000000000000000e+00
0.000000000000000000e+00,4.157797721272458169e-01,0.000000000000000000e+00,0.000000000000000000e+00,3.942828080175690975e-01,4.089297509425500743e-01,4.078032805393613236e-01,3.579529865091689023e-01,3.917671304637256879e-01,0.000000000000000000e+00,0.000000000000000000e+00,0.000000000000000000e+00,4.205544461201716211e-01,0.000000000000000000e+00,3.858789190251779022e-01,4.152334387783446767e-01,0.000000000000000000e+00,4.149635875768702964e-01,0.000000000000000000e+00,0.000000000000000000e+00,3.792888206104462201e-01,3.830855136662684179e-01,3.458474306674638732e-01,0.000000000000000000e+00,4.031137223923880186e-01,4.436775462806706871e-01,3.725714764299639103e-01,3.844795694675661180e-01,3.472031439988023105e-01,3.578438351543123952e-01,3.573520907993912865e-01,4.328805175348717227e-01,3.930074688385877257e-01,4.053940015269721919e-01,4.384560853179553241e-01,0.000000000000000000e+00,0.000000000000000000e+00,0.000000000000000000e+00,3.983713151713932921e-01,0.000000000000000000e+00,4.104082407704691127e-01,0.000000000000000000e+00,0.000000000000000000e+00,0.000000000000000000e+00,0.000000000000000000e+00,0.000000000000000000e+00,0.000000000000000000e+00,0.000000000000000000e+00,0.000000000000000000e+00,0.000000000000000000e+00,3.788730023897374233e-01,0.000000000000000000e+00,3.696155053251874989e-01,0.000000000000000000e+00,0.000000000000000000e+00,0.000000000000000000e+00,0.000000000000000000e+00,0.000000000000000000e+00,0.000000000000000000e+00,4.128832020162834238e-01,0.000000000000000000e+00,0.000000000000000000e+00,0.000000000000000000e+00,0.000000000000000000e+00,3.931389187566872168e-01,4.005582209954710038e-01,4.389744387349691079e-01,3.776043694276757234e-01,0.000000000000000000e+00,0.000000000000000000e+00,4.320803976740331120e-01,3.931213068949824807e-01,3.941211192672791075e-01,3.861328819208971197e-01,0.000000000000000000e+00,0.000000000000000000e+00
3.794851390820969117e-01,3.711686994298770137e-01,0.000000000000000000e+00,0.000000000000000000e+00,0.000000000000000000e+00,3.439560818561887001e-01,0.000000000000000000e+00,3.380448443493955235e-01,0.000000000000000000e+00,0.000000000000000000e+00,0.000000000000000000e+00,0.000000000000000000e+00,3.733730323473897217e-01,0.000000000000000000e+00,3.613884776100326768e-01,3.787487658891737774e-01,0.000000000000000000e+00,3.705304116331997744e-01,0.000000000000000000e+00,3.792888206104462201e-01,0.000000000000000000e+00,3.870767885736466907e-01,3.424202126529728996e-01,4.271436953260929204e-01,3.615054249069781789e-01,3.824150306381403075e-01,3.859245326999756198e-01,3.485115038647970120e-01,3.309683504389235864e-01,3.447148510067636895e-01,3.435496661419368269e-01,3.674246076985385745e-01,3.026796626039794935e-01,3.618748505976351892e-01,4.057849975057604142e-01,3.590388572274150758e-01,4.183055460453032892e-01,0.000000000000000000e+00,4.020618889574710808e-01,3.626713172445122924e-01,4.035156447911190103e-01,4.322149123131180937e-01,0.000000000000000000e+00,0.000000000000000000e+00,0.000000000000000000e+00,3.919253589003373062e-01,4.182006769372171862e-01,0.000000000000000000e+00,0.000000000000000000e+00,0.000000000000000000e+00,4.054332096284398168e-01,0.000000000000000000e+00,3.517428788726303934e-01,0.000000000000000000e+00,0.000000000000000000e+00,0.000000000000000000e+00,0.000000000000000000e+00,4.042701442163322834e-01,0.000000000000000000e+00,4.079258449863488178e-01,4.097972770204164061e-01,0.000000000000000000e+00,0.000000000000000000e+00,0.000000000000000000e+00,3.986744390592484866e-01,3.619957487210386238e-01,4.272086911306238188e-01,3.766919988103665795e-01,0.000000000000000000e+00,3.748210284658016200e-01,4.439413086288365173e-01,3.903728332663353173e-01,4.060216489362731274e-01,3.777592955798254049e-01,0.000000000000000000e+00,3.776551910754183949e-01
