0.000000000000000000e+00,3.862016648139238173e-01,0.000000000000000000e+00,0.000000000000000000e+00,0.000000000000000000e+00,4.606035914994565106e-01,0.000000000000000000e+00,5.252508365706982651e-01,0.000000000000000000e+00,4.310119476742502731e-01,0.000000000000000000e+00,4.325671905120758165e-01,0.000000000000000000e+00,0.000000000000000000e+00,4.065563068645877132e-01,4.142978988332475798e-01,0.000000000000000000e+00,4.016643963495419856e-01,0.000000000000000000e+00,4.640815876139910978e-01,4.313164466200318237e-01,4.031791493851057950e-01,4.905165861550346840e-01,4.087949403887942146e-01,3.906652639035962937e-01,3.897873929426792783e-01,4.733933672311214091e-01,0.000000000000000000e+00,0.000000000000000000e+00,0.000000000000000000e+00,3.764677230728623036e-01,4.059147677221220940e-01,3.290886232563258185e-01,3.616936300172349794e-01,3.832573086981236887e-01,0.000000000000000000e+00,0.000000000000000000e+00,0.000000000000000000e+00,4.640076370367541836e-01,4.103846924188460088e-01,4.328624706274534217e-01,0.000000000000000000e+00,0.000000000000000000e+00,0.000000000000000000e+00,0.000000000000000000e+00,4.097319476437228936e-01,4.800484048825157113e-01,0.000000000000000000e+00,0.000000000000000000e+00,0.000000000000000000e+00,4.563442482120185772e-01,0.000000000000000000e+00,0.000000000000000000e+00,0.000000000000000000e+00,0.000000000000000000e+00,0.000000000000000000e+00,0.000000000000000000e+00,0.000000000000000000e+00,0.000000000000000000e+00,0.000000000000000000e+00,4.592637045944721885e-01,0.000000000000000000e+00,4.328895577760810132e-01,0.000000000000000000e+00,0.000000000000000000e+00,3.305781863806814824e-01,4.851389540574639891e-01,4.886541400328833218e-01,0.000000000000000000e+00,4.336323374301189748e-01,4.849682819736507167e-01,0.000000000000000000e+00,0.000000000000000000e+00,0.000000000000000000e+00,0.000000000000000000e+00,0.000000000000000000e+00
3.862016648139238173e-01,0.000000000000000000e+00,0.000000000000000000e+00,0.000000000000000000e+00,0.000000000000000000e+00,4.161065928504926181e-01,4.308334215594566974e-01,4.723495258676875252e-01,4.150297582042474787e-01,0.000000000000000000e+00,0.000000000000000000e+00,0.000000000000000000e+00,4.381998383009166886e-01,0.000000000000000000e+00,4.171415670652919849e-01,4.224873194154751821e-01,0.000000000000000000e+00,4.188429004739783745e-01,0.000000000000000000e+00,4.322560710247950744e-01,4.060640765647425265e-01,4.044204439464054723e-01,4.372226939988027028e-01,3.896210665592683142e-01,4.016879222621579926e-01,4.130749175019000075e-01,4.257913012787162277e-01,4.349261229481249935e-01,4.365699978369479983e-01,0.000000000000000000e+00,3.726284481494385181e-01,4.082269327604429177e-01,3.370572463125757756e-01,3.636430714646151086e-01,3.989959126812407941e-01,0.000000000000000000e+00,0.000000000000000000e+00,0.000000000000000000e+00,4.607809721855464224e-01,4.468225782546456082e-01,4.431469551903440274e-01,4.595208415705431815e-01,0.000000000000000000e+00,0.000000000000000000e+00,0.000000000000000000e+00,4.401020803354070976e-01,4.664302630562517926e-01,0.000000000000000000e+00,0.000000000000000000e+00,0.000000000000000000e+00,0.000000000000000000e+00,0.000000000000000000e+00,0.000000000000000000e+00,0.000000000000000000e+00,0.000000000000000000e+00,0.000000000000000000e+00,0.000000000000000000e+00,0.000000000000000000e+00,0.000000000000000000e+00,4.825483312527921731e-01,4.434235428660990852e-01,0.000000000000000000e+00,4.251435752813738089e-01,0.000000000000000000e+00,4.534824597177581906e-01,4.625717435053411930e-01,4.779565949018630966e-01,4.812262158666752998e-01,0.000000000000000000e+00,4.228863304734147843e-01,4.908364055874109844e-01,4.656063707874635860e-01,0.000000000000000000e+00,4.757129367882483861e-01,0.000000000000000000e+00,4.493016043850238117e-01
0.000000000000000000e+00,0.000000000000000000e+00,0.000000000000000000e+00,0.000000000000000000e+00,4.521300990115995067e-01,4.235077388575693158e-01,4.392711671148588071e-01,5.091277926244188734e-01,3.543344331321469087e-01,4.543840010541617125e-01,3.847748263230452159e-01,4.092752753232370977e-01,4.516896092444502853e-01,4.719891517647050727e-01,0.000000000000000000e+00,0.000000000000000000e+00,0.000000000000000000e+00,0.000000000000000000e+00,3.498226696662685153e-01,0.000000000000000000e+00,0.000000000000000000e+00,0.000000000000000000e+00,3.729790866328812071e-01,0.000000000000000000e+00,0.000000000000000000e+00,0.000000000000000000e+00,3.525036627217021934e-01,4.647053703517636247e-01,4.242358633927605926e-01,4.529812197685911257e-01,4.775462510480036893e-01,4.376314306084453931e-01,0.000000000000000000e+00,4.713670814330653269e-01,0.000000000000000000e+00,4.310081043187344862e-01,4.373438944123235195e-01,0.000000000000000000e+00,5.012449101386429184e-01,0.000000000000000000e+00,0.000000000000000000e+00,0.000000000000000000e+00,4.794792766769409020e-01,0.000000000000000000e+00,0.000000000000000000e+00,0.000000000000000000e+00,0.000000000000000000e+00,3.380508796283567263e-01,0.000000000000000000e+00,4.847504830378538965e-01,5.206083730069619442e-01,5.082212462057091873e-01,5.742936465114339972e-01,5.016434574735799679e-01,0.000000000000000000e+00,4.975266406544774922e-01,0.000000000000000000e+00,5.001921327440578269e-01,5.155666424537270753e-01,0.000000000000000000e+00,0.000000000000000000e+00,0.000000000000000000e+00,0.000000000000000000e+00,2.353298025818336137e-01,0.000000000000000000e+00,0.000000000000000000e+00,0.000000000000000000e+00,5.552031398291815689e-01,0.000000000000000000e+00,0.000000000000000000e+00,0.000000000000000000e+00,5.313899881714274631e-01,5.149778351152283218e-01,0.000000000000000000e+00,0.000000000000000000e+00,0.000000000000000000e+00
0.000000000000000000e+00,0.000000000000000000e+00,0.000000000000000000e+00,0.000000000000000000e+00,3.175815768711853782e-01,4.252496937757093143e-01,3.124102664255463124e-01,3.693834748732819917e-01,4.602001145169182239e-01,2.933957180901264894e-01,4.022175568128473766e-01,2.643586453700846883e-01,3.523414554068031168e-01,2.988578152057201898e-01,4.850477956164729876e-01,0.000000000000000000e+00,0.000000000000000000e+00,0.000000000000000000e+00,4.430901073038813198e-01,4.816842669664765930e-01,0.000000000000000000e+00,4.802943117397546757e-01,4.113995669736710825e-01,0.000000000000000000e+00,0.000000000000000000e+00,0.000000000000000000e+00,4.308901439363070907e-01,2.782739511165935875e-01,0.000000000000000000e+00,0.000000000000000000e+00,3.436625323420929856e-01,3.805854341296535104e-01,0.000000000000000000e+00,3.865488606304283148e-01,4.062182211222513106e-01,2.218332751868102026e-01,2.069925338826202055e-01,3.945887386798859198e-01,0.000000000000000000e+00,0.000000000000000000e+00,0.000000000000000000e+00,0.000000000000000000e+00,0.000000000000000000e+00,0.000000000000000000e+00,0.000000000000000000e+00,0.000000000000000000e+00,0.000000000000000000e+00,0.000000000000000000e+00,0.000000000000000000e+00,0.000000000000000000e+00,0.000000000000000000e+00,0.000000000000000000e+00,0.000000000000000000e+00,0.000000000000000000e+00,0.000000000000000000e+00,0.000000000000000000e+00,0.000000000000000000e+00,0.000000000000000000e+00,0.000000000000000000e+00,0.000000000000000000e+00,0.000000000000000000e+00,0.000000000000000000e+00,0.000000000000000000e+00,0.000000000000000000e+00,0.000000000000000000e+00,0.000000000000000000e+00,0.000000000000000000e+00,0.000000000000000000e+00,0.000000000000000000e+00,0.000000000000000000e+00,0.000000000000000000e+00,0.000000000000000000e+00,0.000000000000000000e+00,0.000000000000000000e+00,0.000000000000000000e+00,0.000000000000000000e+00
0.000000000000000000e+00,0.000000000000000000e+00,4.521300990115995067e-01,3.175815768711853782e-01,0.000000000000000000e+00,4.218055113744222928e-01,3.757166541981368790e-01,4.145055822212609931e-01,3.948680574041916747e-01,3.737568176829794142e-01,3.654007316609468869e-01,4.386321864277262228e-01,4.066424023652959185e-01,3.255688157262612847e-01,0.000000000000000000e+00,0.000000000000000000e+00,0.000000000000000000e+00,0.000000000000000000e+00,4.358817680466622879e-01,0.000000000000000000e+00,0.000000000000000000e+00,4.402009066162971829e-01,4.318156204906145046e-01,4.632121825662914860e-01,0.000000000000000000e+00,0.000000000000000000e+00,4.590869585718206913e-01,4.133319308045674267e-01,4.219110352533800845e-01,0.000000000000000000e+00,4.822592781062755019e-01,3.683874222689164091e-01,0.000000000000000000e+00,4.652708835392356246e-01,3.870049867159289225e-01,2.594253542984343852e-01,2.874551324841089217e-01,4.081409260173854969e-01,0.000000000000000000e+00,0.000000000000000000e+00,0.000000000000000000e+00,0.000000000000000000e+00,3.195884329418858805e-01,0.000000000000000000e+00,0.000000000000000000e+00,0.000000000000000000e+00,0.000000000000000000e+00,4.434688352591424909e-01,0.000000000000000000e+00,2.893986105918884277e-01,3.798416265035730044e-01,0.000000000000000000e+00,0.000000000000000000e+00,0.000000000000000000e+00,0.000000000000000000e+00,3.520932310366370888e-01,0.000000000000000000e+00,0.000000000000000000e+00,0.000000000000000000e+00,0.000000000000000000e+00,0.000000000000000000e+00,0.000000000000000000e+00,0.000000000000000000e+00,4.975921809673308771e-01,0.000000000000000000e+00,0.000000000000000000e+00,0.000000000000000000e+00,4.974750095811784067e-01,0.000000000000000000e+00,0.000000000000000000e+00,0.000000000000000000e+00,4.666798797439892788e-01,0.000000000000000000e+00,0.000000000000000000e+00,0.000000000000000000e+00,0.000000000000000000e+00
4.606035914994565106e-01,4.161065928504926181e-01,4.235077388575693158e-01,4.252496937757093143e-01,4.218055113744222928e-01,0.000000000000000000e+00,4.217264815455626925e-01,4.125340830842588735e-01,3.561971316734633963e-01,4.395530881970026726e-01,4.175128585609543808e-01,0.000000000000000000e+00,4.061776358803345088e-01,4.123318570731495103e-01,4.052484597409103939e-01,4.410586063743848761e-01,0.000000000000000000e+00,4.360895849833896221e-01,4.236956960059484745e-01,4.307447656685918225e-01,4.151576416966468175e-01,4.360813453893607750e-01,4.185606462765754099e-01,0.000000000000000000e+00,4.072786455811788220e-01,4.231935554138809841e-01,4.045269473231167257e-01,4.129636500917641118e-01,3.468582249986710275e-01,4.175499544405463226e-01,4.401432208625412068e-01,4.159649220153894822e-01,3.742585416339179738e-01,4.412497023449334921e-01,4.266721494095553902e-01,4.281446673868278263e-01,4.244851861447668795e-01,4.181706034057425247e-01,4.832964842545551809e-01,0.000000000000000000e+00,5.030400355029677195e-01,5.030305804458202745e-01,0.000000000000000000e+00,0.000000000000000000e+00,0.000000000000000000e+00,0.000000000000000000e+00,0.000000000000000000e+00,5.113892643088647771e-01,0.000000000000000000e+00,0.000000000000000000e+00,4.835649204214422792e-01,0.000000000000000000e+00,4.882581585219031850e-01,5.021553637684218474e-01,0.000000000000000000e+00,4.510454086477415081e-01,0.000000000000000000e+00,4.844625049869054068e-01,0.000000000000000000e+00,4.825271235331626274e-01,0.000000000000000000e+00,0.000000000000000000e+00,0.000000000000000000e+00,5.285930756686452181e-01,4.740819162885159255e-01,4.455129684650950272e-01,0.000000000000000000e+00,4.972666974418413210e-01,0.000000000000000000e+00,0.000000000000000000e+00,0.000000000000000000e+00,4.911851918329510069e-01,4.879716824146240750e-01,4.862476585400283824e-01,0.000000000000000000e+00,5.021475431513457988e-01
0.000000000000000000e+00,4.308334215594566974e-01,4.392711671148588071e-01,3.124102664255463124e-01,3.757166541981368790e-01,4.217264815455626925e-01,0.000000000000000000e+00,3.955192127531613755e-01,4.231362765971097839e-01,4.366223945206547108e-01,4.436298102217388073e-01,4.339914098659355957e-01,3.566810964280067164e-01,3.607120246084761228e-01,0.000000000000000000e+00,4.525609508490970878e-01,0.000000000000000000e+00,0.000000000000000000e+00,4.689974612531337961e-01,4.388127999964441806e-01,0.000000000000000000e+00,4.524410511561273163e-01,4.034510749923527761e-01,4.469797031405082777e-01,0.000000000000000000e+00,4.370696243596218222e-01,4.288242263539400190e-01,3.877010085219875779e-01,4.348870614287254077e-01,4.230073580883367268e-01,4.431854621123785809e-01,4.220122175660824260e-01,4.527947613283467843e-01,4.236601991908339748e-01,3.880473248696557076e-01,3.327762777297141872e-01,3.253586670467185082e-01,4.197032749652863104e-01,0.000000000000000000e+00,0.000000000000000000e+00,0.000000000000000000e+00,0.000000000000000000e+00,3.217247364911304253e-01,0.000000000000000000e+00,0.000000000000000000e+00,0.000000000000000000e+00,0.000000000000000000e+00,0.000000000000000000e+00,0.000000000000000000e+00,0.000000000000000000e+00,0.000000000000000000e+00,0.000000000000000000e+00,0.000000000000000000e+00,0.000000000000000000e+00,0.000000000000000000e+00,3.577085951193683111e-01,0.000000000000000000e+00,0.000000000000000000e+00,0.000000000000000000e+00,0.000000000000000000e+00,0.000000000000000000e+00,0.000000000000000000e+00,0.000000000000000000e+00,0.000000000000000000e+00,0.000000000000000000e+00,0.000000000000000000e+00,0.000000000000000000e+00,5.085210074623952581e-01,0.000000000000000000e+00,0.000000000000000000e+00,0.000000000000000000e+00,0.000000000000000000e+00,0.000000000000000000e+00,0.000000000000000000e+00,0.000000000000000000e+00,0.000000000000000000e+00
5.252508365706982651e-01,4.723495258676875252e-01,5.091277926244188734e-01,3.693834748732819917e-01,4.145055822212609931e-01,4.125340830842588735e-01,3.955192127531613755e-01,0.000000000000000000e+00,5.219179903186134117e-01,0.000000000000000000e+00,3.598278796121842094e-01,5.153724547302924730e-01,4.081319542014422153e-01,3.391761524735653066e-01,4.495339476502318021e-01,4.742777385250557254e-01,0.000000000000000000e+00,4.798578039778355064e-01,4.925086930585164113e-01,4.350190861902326067e-01,4.311603816835908876e-01,4.752340104436286183e-01,3.799578962235038992e-01,5.288513932658447381e-01,4.807032597107647187e-01,4.945160923506365935e-01,4.465510070496251926e-01,4.274543380289320127e-01,3.887747282831630069e-01,3.948482148729398067e-01,4.441577225808244767e-01,3.432542046646683276e-01,4.086181866260352735e-01,4.420716907889962743e-01,0.000000000000000000e+00,2.342974781423297903e-01,3.948289501943483826e-01,0.000000000000000000e+00,4.745333031364775134e-01,0.000000000000000000e+00,5.118655758632265629e-01,0.000000000000000000e+00,3.907802272522805098e-01,0.000000000000000000e+00,0.000000000000000000e+00,0.000000000000000000e+00,0.000000000000000000e+00,5.612744101315616518e-01,0.000000000000000000e+00,0.000000000000000000e+00,4.722990696798343158e-01,4.569690660846936203e-01,4.241930163370737916e-01,5.114901585335783762e-01,0.000000000000000000e+00,4.392691876534298157e-01,0.000000000000000000e+00,4.694042597000283035e-01,0.000000000000000000e+00,5.023558421742648772e-01,0.000000000000000000e+00,0.000000000000000000e+00,0.000000000000000000e+00,5.186585942057795329e-01,5.013412283647838974e-01,4.678772862478319250e-01,5.013037991057006648e-01,4.882941623917577134e-01,0.000000000000000000e+00,0.000000000000000000e+00,0.000000000000000000e+00,4.938526263729507981e-01,4.759929789855072979e-01,4.823037046726599830e-01,0.000000000000000000e+00,0.000000000000000000e+00
0.000000000000000000e+00,4.150297582042474787e-01,3.543344331321469087e-01,4.602001145169182239e-01,3.948680574041916747e-01,3.561971316734633963e-01,4.231362765971097839e-01,5.219179903186134117e-01,0.000000000000000000e+00,5.132207512151286677e-01,3.780473644607469930e-01,0.000000000000000000e+00,4.264996688301401218e-01,4.360479504844573251e-01,0.000000000000000000e+00,0.000000000000000000e+00,0.000000000000000000e+00,0.000000000000000000e+00,3.350727858993088892e-01,4.168558597906675267e-01,0.000000000000000000e+00,4.376088644832207830e-01,4.432776015294027094e-01,0.000000000000000000e+00,0.000000000000000000e+00,0.000000000000000000e+00,3.930670839318254894e-01,4.925704377205876172e-01,4.257198192920214064e-01,4.371438087022668784e-01,5.196107207393719785e-01,4.662091645704624088e-01,4.632896072828239786e-01,5.089989857888278513e-01,4.719012059367531098e-01,4.760236103271464070e-01,4.682291985498859277e-01,4.840668906291569762e-01,5.035223483761621655e-01,0.000000000000000000e+00,0.000000000000000000e+00,0.000000000000000000e+00,4.788940499720774069e-01,0.000000000000000000e+00,0.000000000000000000e+00,0.000000000000000000e+00,0.000000000000000000e+00,5.657028045958915063e-01,0.000000000000000000e+00,0.000000000000000000e+00,5.147154424448182608e-01,0.000000000000000000e+00,5.503683926863937037e-01,0.000000000000000000e+00,0.000000000000000000e+00,5.226383328763399838e-01,0.000000000000000000e+00,0.000000000000000000e+00,5.012028304996100081e-01,0.000000000000000000e+00,0.000000000000000000e+00,0.000000000000000000e+00,0.000000000000000000e+00,5.552352843989413200e-01,0.000000000000000000e+00,0.000000000000000000e+00,0.000000000000000000e+00,5.457628142184393072e-01,0.000000000000000000e+00,0.000000000000000000e+00,0.000000000000000000e+00,5.164791576729756972e-01,0.000000000000000000e+00,0.000000000000000000e+00,0.000000000000000000e+00,0.000000000000000000e+00
4.310119476742502731e-01,0.000000000000000000e+00,4.543840010541617125e-01,2.933957180901264894e-01,3.737568176829794142e-01,4.395530881970026726e-01,4.366223945206547108e-01,0.000000000000000000e+00,5.132207512151286677e-01,0.000000000000000000e+00,4.795370590139924061e-01,3.354716467823650738e-01,4.406096281654405256e-01,1.850338381104547070e-01,0.000000000000000000e+00,4.045786386110304944e-01,3.678811940778112799e-01,3.870513170193347063e-01,4.870683860276883159e-01,0.000000000000000000e+00,0.000000000000000000e+00,4.552200584911618164e-01,4.204123631469933731e-01,3.855281415415379165e-01,3.937938198479061791e-01,3.839807843685170141e-01,4.237814271030196922e-01,4.281681963596706275e-01,4.151222625274755273e-01,0.000000000000000000e+00,3.871255673419318755e-01,3.780485526117792761e-01,3.511173973583411878e-01,3.225251301734858855e-01,2.845657259913147996e-01,2.869646403986815253e-01,2.565703841276366082e-01,2.908161026370557067e-01,3.462799169025224111e-01,3.257068681342825123e-01,3.692556972377409874e-01,3.754548995048653803e-01,0.000000000000000000e+00,0.000000000000000000e+00,3.547426011368078891e-01,0.000000000000000000e+00,0.000000000000000000e+00,0.000000000000000000e+00,0.000000000000000000e+00,0.000000000000000000e+00,0.000000000000000000e+00,0.000000000000000000e+00,0.000000000000000000e+00,0.000000000000000000e+00,4.579271754722356036e-01,0.000000000000000000e+00,4.872291236649867741e-01,0.000000000000000000e+00,0.000000000000000000e+00,0.000000000000000000e+00,4.025323866606149159e-01,4.406803360767985178e-01,4.203585307807902183e-01,0.000000000000000000e+00,0.000000000000000000e+00,0.000000000000000000e+00,0.000000000000000000e+00,0.000000000000000000e+00,4.840590342777191246e-01,4.407452973026271814e-01,4.740682500660279852e-01,0.000000000000000000e+00,0.000000000000000000e+00,0.000000000000000000e+00,0.000000000000000000e+00,4.258790306490187749e-01
0.000000000000000000e+00,0.000000000000000000e+00,3.847748263230452159e-01,4.022175568128473766e-01,3.654007316609468869e-01,4.175128585609543808e-01,4.436298102217388073e-01,3.598278796121842094e-01,3.780473644607469930e-01,4.795370590139924061e-01,0.000000000000000000e+00,4.378948100509679198e-01,4.712643240279453805e-01,3.132926349635999919e-01,0.000000000000000000e+00,0.000000000000000000e+00,0.000000000000000000e+00,0.000000000000000000e+00,3.393745430987623046e-01,0.000000000000000000e+00,0.000000000000000000e+00,0.000000000000000000e+00,3.102198796522342983e-01,4.706057946487189891e-01,0.000000000000000000e+00,0.000000000000000000e+00,4.236664358312606793e-01,4.802813722933717000e-01,0.000000000000000000e+00,0.000000000000000000e+00,5.140157790969764884e-01,3.833842989288476222e-01,4.714979665941204101e-01,5.053415755585975999e-01,4.526682563483863109e-01,3.567084836535386883e-01,4.584322921652135840e-01,4.702786976777182937e-01,3.859928388455676207e-01,0.000000000000000000e+00,0.000000000000000000e+00,0.000000000000000000e+00,3.664274153175334225e-01,0.000000000000000000e+00,0.000000000000000000e+00,0.000000000000000000e+00,0.000000000000000000e+00,5.154731438772059970e-01,0.000000000000000000e+00,4.023704984292987841e-01,4.512971492769504156e-01,4.137288674949792244e-01,4.769718706051047086e-01,4.913067473033561061e-01,0.000000000000000000e+00,2.772174335403559953e-01,0.000000000000000000e+00,0.000000000000000000e+00,4.198776603876755997e-01,0.000000000000000000e+00,0.000000000000000000e+00,0.000000000000000000e+00,0.000000000000000000e+00,3.159289724288301127e-01,0.000000000000000000e+00,0.000000000000000000e+00,0.000000000000000000e+00,4.753587703533446729e-01,0.000000000000000000e+00,0.000000000000000000e+00,0.000000000000000000e+00,4.751178236005398903e-01,0.000000000000000000e+00,0.000000000000000000e+00,0.000000000000000000e+00,0.000000000000000000e+00
4.325671905120758165e-01,0.000000000000000000e+00,4.092752753232370977e-01,2.643586453700846883e-01,4.386321864277262228e-01,0.000000000000000000e+00,4.339914098659355957e-01,5.153724547302924730e-01,0.000000000000000000e+00,3.354716467823650738e-01,4.378948100509679198e-01,0.000000000000000000e+00,4.144160976820104869e-01,0.000000000000000000e+00,0.000000000000000000e+00,0.000000000000000000e+00,4.054823280546446806e-01,3.938388321675397874e-01,4.464957601885827243e-01,4.246232337856529759e-01,4.976832584188929931e-01,4.309761199205967008e-01,0.000000000000000000e+00,3.483857115919201108e-01,4.130094119272704756e-01,3.803306889844101923e-01,3.947379696099376778e-01,3.873102325261398859e-01,3.799194459565666260e-01,0.000000000000000000e+00,3.988590416070643130e-01,2.754229613293132095e-01,2.898758990112765832e-01,2.543379207125959218e-01,2.957717690071082206e-01,2.723516621723837128e-01,2.525962437072076239e-01,2.107965440445898897e-01,2.435325009296605003e-01,2.794129710860159266e-01,2.877136087941697951e-01,2.898530674800355866e-01,2.649718674381402184e-01,2.646981380460821098e-01,3.172481921404813887e-01,0.000000000000000000e+00,3.875638917310070819e-01,0.000000000000000000e+00,2.345391632769842083e-01,0.000000000000000000e+00,3.654523972232572859e-01,3.206928670406342108e-01,0.000000000000000000e+00,0.000000000000000000e+00,4.748921834330366853e-01,0.000000000000000000e+00,4.997704301573023811e-01,3.120723485087784077e-01,0.000000000000000000e+00,4.220007319001173873e-01,0.000000000000000000e+00,4.587019496735094126e-01,4.411618135150974784e-01,0.000000000000000000e+00,4.178664660506288264e-01,0.000000000000000000e+00,4.326818172391603268e-01,4.079313114511231020e-01,4.800628259533685216e-01,4.528388109134169892e-01,4.871342071760613179e-01,0.000000000000000000e+00,2.667802604745896922e-01,0.000000000000000000e+00,0.000000000000000000e+00,4.422062604633462124e-01
0.000000000000000000e+00,4.381998383009166886e-01,4.516896092444502853e-01,3.523414554068031168e-01,4.066424023652959185e-01,4.061776358803345088e-01,3.566810964280067164e-01,4.081319542014422153e-01,4.264996688301401218e-01,4.406096281654405256e-01,4.712643240279453805e-01,4.144160976820104869e-01,0.000000000000000000e+00,3.566894352549387914e-01,4.127393871483909238e-01,4.601975910208612186e-01,4.653237134884815052e-01,4.565070397058568763e-01,4.881095419969709859e-01,4.457469589994266235e-01,4.369661477592963195e-01,4.607023790212296799e-01,4.147726811986073847e-01,4.291981012133607165e-01,4.449231263292492966e-01,4.429696329310934266e-01,4.266639494214766182e-01,3.706509619325181193e-01,4.170494588029429739e-01,4.236131831529861835e-01,4.375952429902104091e-01,4.254750066193638824e-01,4.044519566998878157e-01,4.313042193350630216e-01,3.954199588376542951e-01,3.659947983430630880e-01,3.531557778048903806e-01,4.098843144808206884e-01,4.881888651473130225e-01,0.000000000000000000e+00,0.000000000000000000e+00,0.000000000000000000e+00,3.703297004632267186e-01,0.000000000000000000e+00,0.000000000000000000e+00,0.000000000000000000e+00,0.000000000000000000e+00,0.000000000000000000e+00,0.000000000000000000e+00,0.000000000000000000e+00,0.000000000000000000e+00,0.000000000000000000e+00,4.658621010908354787e-01,0.000000000000000000e+00,0.000000000000000000e+00,0.000000000000000000e+00,0.000000000000000000e+00,0.000000000000000000e+00,0.000000000000000000e+00,0.000000000000000000e+00,0.000000000000000000e+00,0.000000000000000000e+00,0.000000000000000000e+00,0.000000000000000000e+00,4.708279864905369205e-01,0.000000000000000000e+00,0.000000000000000000e+00,4.852270941843461749e-01,0.000000000000000000e+00,0.000000000000000000e+00,0.000000000000000000e+00,4.838237482759162877e-01,0.000000000000000000e+00,0.000000000000000000e+00,0.000000000000000000e+00,0.000000000000000000e+00
0.000000000000000000e+00,0.000000000000000000e+00,4.719891517647050727e-01,2.988578152057201898e-01,3.255688157262612847e-01,4.123318570731495103e-01,3.607120246084761228e-01,3.391761524735653066e-01,4.360479504844573251e-01,1.850338381104547070e-01,3.132926349635999919e-01,0.000000000000000000e+00,3.566894352549387914e-01,0.000000000000000000e+00,0.000000000000000000e+00,0.000000000000000000e+00,0.000000000000000000e+00,0.000000000000000000e+00,4.215038395089367174e-01,0.000000000000000000e+00,0.000000000000000000e+00,0.000000000000000000e+00,3.985590671230335169e-01,0.000000000000000000e+00,0.000000000000000000e+00,0.000000000000000000e+00,4.691897273384789124e-01,2.817511032451803787e-01,0.000000000000000000e+00,0.000000000000000000e+00,4.178914287090461088e-01,2.308338585852867109e-01,0.000000000000000000e+00,0.000000000000000000e+00,0.000000000000000000e+00,2.219457043582198086e-01,2.175395519988609916e-01,0.000000000000000000e+00,3.569569659618063162e-01,0.000000000000000000e+00,3.869339525699614923e-01,0.000000000000000000e+00,3.267044767436013131e-01,0.000000000000000000e+00,0.000000000000000000e+00,0.000000000000000000e+00,0.000000000000000000e+00,4.834688494647528811e-01,0.000000000000000000e+00,0.000000000000000000e+00,4.047351254196127068e-01,0.000000000000000000e+00,4.210110241882759063e-01,4.811174148824081120e-01,0.000000000000000000e+00,3.720106188914030221e-01,0.000000000000000000e+00,0.000000000000000000e+00,3.728599548339843750e-01,0.000000000000000000e+00,0.000000000000000000e+00,0.000000000000000000e+00,0.000000000000000000e+00,3.534574093607307232e-01,0.000000000000000000e+00,0.000000000000000000e+00,0.000000000000000000e+00,4.392610915243074232e-01,0.000000000000000000e+00,0.000000000000000000e+00,0.000000000000000000e+00,4.311572132175797156e-01,0.000000000000000000e+00,0.000000000000000000e+00,0.000000000000000000e+00,0.000000000000000000e+00
4.065563068645877132e-01,4.171415670652919849e-01,0.000000000000000000e+00,4.850477956164729876e-01,0.000000000000000000e+00,4.052484597409103939e-01,0.000000000000000000e+00,4.495339476502318021e-01,0.000000000000000000e+00,0.000000000000000000e+00,0.000000000000000000e+00,0.000000000000000000e+00,4.127393871483909238e-01,0.000000000000000000e+00,0.000000000000000000e+00,4.324315936754142831e-01,0.000000000000000000e+00,4.221909821539169272e-01,0.000000000000000000e+00,3.761005985785749184e-01,3.997464382478326250e-01,3.426018849603594263e-01,3.638514055966521887e-01,4.546829995687541870e-01,4.019873054602136064e-01,4.052280529769244910e-01,4.104572890099035254e-01,4.223433250978351206e-01,4.185795537539517830e-01,4.103714746403910874e-01,4.258124665858701863e-01,4.440912717965361800e-01,4.070054604378093854e-01,4.363356132059127979e-01,4.555816082260619737e-01,4.939941456566950273e-01,4.535646159361856888e-01,0.000000000000000000e+00,4.972664635028629099e-01,4.975002359548004738e-01,4.941937426185318838e-01,5.173062411995009713e-01,5.559033574331623262e-01,0.000000000000000000e+00,0.000000000000000000e+00,4.661066306808568926e-01,4.885160989434437218e-01,0.000000000000000000e+00,0.000000000000000000e+00,0.000000000000000000e+00,4.759744685839096268e-01,0.000000000000000000e+00,5.157265111432097759e-01,0.000000000000000000e+00,0.000000000000000000e+00,0.000000000000000000e+00,0.000000000000000000e+00,0.000000000000000000e+00,0.000000000000000000e+00,5.096347838065861113e-01,4.813921028050071049e-01,0.000000000000000000e+00,0.000000000000000000e+00,0.000000000000000000e+00,4.979804445333753105e-01,4.851614368306980118e-01,5.115780193418073551e-01,5.002236437985742024e-01,0.000000000000000000e+00,0.000000000000000000e+00,5.174239537570787251e-01,5.059085007526552547e-01,5.041064568387390032e-01,4.991916616535181928e-01,0.000000000000000000e+00,4.977145334674495936e-01
4.142978988332475798e-01,4.224873194154751821e-01,0.000000000000000000e+00,0.000000000000000000e+00,0.000000000000000000e+00,4.410586063743848761e-01,4.525609508490970878e-01,4.742777385250557254e-01,0.000000000000000000e+00,4.045786386110304944e-01,0.000000000000000000e+00,0.000000000000000000e+00,4.601975910208612186e-01,0.000000000000000000e+00,4.324315936754142831e-01,0.000000000000000000e+00,4.014365385952171073e-01,3.841880666854379234e-01,0.000000000000000000e+00,4.458949920675940870e-01,4.155809937828021106e-01,4.321535254513428903e-01,4.435681484980549261e-01,4.097576876721024108e-01,4.294619131024848269e-01,4.412097161790196065e-01,4.489811001396333823e-01,4.543605882081951930e-01,4.573827086599230873e-01,4.391257195526298007e-01,4.038739125775039907e-01,4.457978202799002809e-01,4.041987023144510971e-01,4.211273034444367735e-01,4.335320314237556261e-01,0.000000000000000000e+00,0.000000000000000000e+00,0.000000000000000000e+00,4.610810540945816105e-01,4.200110019979784171e-01,4.461109036749790202e-01,4.499705937077034257e-01,0.000000000000000000e+00,0.000000000000000000e+00,0.000000000000000000e+00,4.522123391025361094e-01,4.702957685201085147e-01,0.000000000000000000e+00,0.000000000000000000e+00,0.000000000000000000e+00,0.000000000000000000e+00,0.000000000000000000e+00,0.000000000000000000e+00,0.000000000000000000e+00,0.000000000000000000e+00,0.000000000000000000e+00,0.000000000000000000e+00,0.000000000000000000e+00,0.000000000000000000e+00,0.000000000000000000e+00,4.503991450691077758e-01,0.000000000000000000e+00,4.187427029596976769e-01,0.000000000000000000e+00,0.000000000000000000e+00,4.506298727011718852e-01,4.714424374039313248e-01,0.000000000000000000e+00,5.223972081112351340e-01,4.216801523271404006e-01,4.705055001675895188e-01,0.000000000000000000e+00,0.000000000000000000e+00,0.000000000000000000e+00,0.000000000000000000e+00,4.188609318418495264e-01
0.000000000000000000e+00,0.000000000000000000e+00,0.000000000000000000e+00,0.000000000000000000e+00,0.000000000000000000e+00,0.000000000000000000e+00,0.000000000000000000e+00,0.000000000000000000e+00,0.000000000000000000e+00,3.678811940778112799e-01,0.000000000000000000e+00,4.054823280546446806e-01,4.653237134884815052e-01,0.000000000000000000e+00,0.000000000000000000e+00,4.014365385952171073e-01,0.000000000000000000e+00,3.558007338326487079e-01,0.000000000000000000e+00,0.000000000000000000e+00,0.000000000000000000e+00,0.000000000000000000e+00,0.000000000000000000e+00,4.090667144924136078e-01,3.848050104347360834e-01,3.851270972864564990e-01,0.000000000000000000e+00,4.504445976376182936e-01,0.000000000000000000e+00,0.000000000000000000e+00,3.857836718984867797e-01,4.436609337004474019e-01,3.863566971562210073e-01,3.936563274105713828e-01,3.848325618148815130e-01,0.000000000000000000e+00,0.000000000000000000e+00,3.568472055202525084e-01,0.000000000000000000e+00,3.706552163944593081e-01,0.000000000000000000e+00,0.000000000000000000e+00,0.000000000000000000e+00,0.000000000000000000e+00,0.000000000000000000e+00,4.975558519363402765e-01,0.000000000000000000e+00,0.000000000000000000e+00,0.000000000000000000e+00,0.000000000000000000e+00,0.000000000000000000e+00,0.000000000000000000e+00,0.000000000000000000e+00,0.000000000000000000e+00,4.637939425981804087e-01,0.000000000000000000e+00,4.854362112139972152e-01,0.000000000000000000e+00,0.000000000000000000e+00,0.000000000000000000e+00,0.000000000000000000e+00,4.443521917319889214e-01,4.295832642876564189e-01,0.000000000000000000e+00,0.000000000000000000e+00,0.000000000000000000e+00,0.000000000000000000e+00,0.000000000000000000e+00,5.060398947734712216e-01,4.287352089354382056e-01,4.577422478173577836e-01,0.000000000000000000e+00,0.000000000000000000e+00,0.000000000000000000e+00,0.000000000000000000e+00,0.000000000000000000e+00
4.016643963495419856e-01,4.188429004739783745e-01,0.000000000000000000e+00,0.000000000000000000e+00,0.000000000000000000e+00,4.360895849833896221e-01,0.000000000000000000e+00,4.798578039778355064e-01,0.000000000000000000e+00,3.870513170193347063e-01,0.000000000000000000e+00,3.938388321675397874e-01,4.565070397058568763e-01,0.000000000000000000e+00,4.221909821539169272e-01,3.841880666854379234e-01,3.558007338326487079e-01,0.000000000000000000e+00,0.000000000000000000e+00,4.372816071001489058e-01,4.367109537328321966e-01,4.285752524915337758e-01,4.291877817985794152e-01,3.968441644141180169e-01,3.842872333601696222e-01,4.061801824587930043e-01,4.476406513691580935e-01,4.473914974534187738e-01,4.486109244334917090e-01,0.000000000000000000e+00,4.014193969812581142e-01,4.389838707859172739e-01,3.832554377659515010e-01,4.134318178073969063e-01,4.147037064100447812e-01,0.000000000000000000e+00,0.000000000000000000e+00,0.000000000000000000e+00,4.337491079496885171e-01,4.082186776738448986e-01,4.023380132318651881e-01,4.332350591640383164e-01,0.000000000000000000e+00,0.000000000000000000e+00,0.000000000000000000e+00,4.261113813821346130e-01,4.430057203596635129e-01,0.000000000000000000e+00,0.000000000000000000e+00,0.000000000000000000e+00,0.000000000000000000e+00,0.000000000000000000e+00,0.000000000000000000e+00,0.000000000000000000e+00,4.193263748332212160e-01,0.000000000000000000e+00,4.594693709446224239e-01,0.000000000000000000e+00,0.000000000000000000e+00,0.000000000000000000e+00,4.188257440012095878e-01,4.183473556099320256e-01,4.204863007726525881e-01,0.000000000000000000e+00,0.000000000000000000e+00,0.000000000000000000e+00,4.771783595386945853e-01,0.000000000000000000e+00,4.779615683506034940e-01,4.068279861677985276e-01,4.369815515579931198e-01,0.000000000000000000e+00,0.000000000000000000e+00,0.000000000000000000e+00,0.000000000000000000e+00,4.016873720228290034e-01
0.000000000000000000e+00,0.000000000000000000e+00,3.498226696662685153e-01,4.430901073038813198e-01,4.358817680466622879e-01,4.236956960059484745e-01,4.689974612531337961e-01,4.925086930585164113e-01,3.350727858993088892e-01,4.870683860276883159e-01,3.393745430987623046e-01,4.464957601885827243e-01,4.881095419969709859e-01,4.215038395089367174e-01,0.000000000000000000e+00,0.000000000000000000e+00,0.000000000000000000e+00,0.000000000000000000e+00,0.000000000000000000e+00,0.000000000000000000e+00,0.000000000000000000e+00,0.000000000000000000e+00,3.452956719047632905e-01,5.221910903224344924e-01,0.000000000000000000e+00,0.000000000000000000e+00,3.959088370120323885e-01,4.912695868629209928e-01,0.000000000000000000e+00,0.000000000000000000e+00,5.106083736227466918e-01,4.536216082258057725e-01,3.904986603935579059e-01,4.952314443688374257e-01,4.683079742097754905e-01,4.458700031649736051e-01,4.588786314304685865e-01,4.692195574527159851e-01,4.931896047500636815e-01,0.000000000000000000e+00,0.000000000000000000e+00,0.000000000000000000e+00,4.560432399101135847e-01,0.000000000000000000e+00,0.000000000000000000e+00,0.000000000000000000e+00,0.000000000000000000e+00,5.513937597196514329e-01,0.000000000000000000e+00,0.000000000000000000e+00,5.019117423098701236e-01,0.000000000000000000e+00,5.460268626943194370e-01,5.310707570629837893e-01,0.000000000000000000e+00,5.101461827678379635e-01,0.000000000000000000e+00,0.000000000000000000e+00,4.895325816883951964e-01,0.000000000000000000e+00,0.000000000000000000e+00,0.000000000000000000e+00,0.000000000000000000e+00,5.482512291190497766e-01,0.000000000000000000e+00,0.000000000000000000e+00,0.000000000000000000e+00,5.400872597243725481e-01,0.000000000000000000e+00,0.000000000000000000e+00,0.000000000000000000e+00,5.143141105755869580e-01,0.000000000000000000e+00,0.000000000000000000e+00,0.000000000000000000e+00,0.000000000000000000e+00
4.640815876139910978e-01,4.322560710247950744e-01,0.000000000000000000e+00,4.816842669664765930e-01,0.000000000000000000e+00,4.307447656685918225e-01,4.388127999964441806e-01,4.350190861902326067e-01,4.168558597906675267e-01,0.000000000000000000e+00,0.000000000000000000e+00,4.246232337856529759e-01,4.457469589994266235e-01,0.000000000000000000e+00,3.761005985785749184e-01,4.458949920675940870e-01,0.000000000000000000e+00,4.372816071001489058e-01,0.000000000000000000e+00,0.000000000000000000e+00,4.479665959934984176e-01,3.929731771145825170e-01,3.695634553040075265e-01,0.000000000000000000e+00,4.053440935802993250e-01,4.331612911254674736e-01,3.746530883386547939e-01,4.093694108173410173e-01,3.917159157157598104e-01,3.923839316373001207e-01,4.087286978159079820e-01,4.528078463248755847e-01,3.999085117954426782e-01,4.391380523506064892e-01,4.444283399039992144e-01,5.018984966013032567e-01,4.601672412356764830e-01,0.000000000000000000e+00,5.016609666474932672e-01,0.000000000000000000e+00,5.051261223760548091e-01,4.916769303789730872e-01,0.000000000000000000e+00,0.000000000000000000e+00,0.000000000000000000e+00,0.000000000000000000e+00,4.582201675691625065e-01,0.000000000000000000e+00,0.000000000000000000e+00,0.000000000000000000e+00,4.693298754675728213e-01,0.000000000000000000e+00,0.000000000000000000e+00,0.000000000000000000e+00,0.000000000000000000e+00,0.000000000000000000e+00,0.000000000000000000e+00,0.000000000000000000e+00,0.000000000000000000e+00,4.910273074579046271e-01,0.000000000000000000e+00,0.000000000000000000e+00,0.000000000000000000e+00,0.000000000000000000e+00,4.926967337935723723e-01,4.768172227206198821e-01,4.936743589549241751e-01,5.055444198952190327e-01,0.000000000000000000e+00,0.000000000000000000e+00,4.922021934341533900e-01,5.027878669065893869e-01,5.006350344619732162e-01,4.973870425140032858e-01,0.000000000000000000e+00,5.083676595332538017e-01
4.313164466200318237e-01,4.060640765647425265e-01,0.000000000000000000e+00,0.000000000000000000e+00,0.000000000000000000e+00,4.151576416966468175e-01,0.000000000000000000e+00,4.311603816835908876e-01,0.000000000000000000e+00,0.000000000000000000e+00,0.000000000000000000e+00,4.976832584188929931e-01,4.369661477592963195e-01,0.000000000000000000e+00,3.997464382478326250e-01,4.155809937828021106e-01,0.000000000000000000e+00,4.367109537328321966e-01,0.000000000000000000e+00,4.479665959934984176e-01,0.000000000000000000e+00,4.312860935479542746e-01,4.350801852174143169e-01,5.127720176952434983e-01,4.251286062339256766e-01,4.211124177533299151e-01,4.460400313149355256e-01,4.583776426674616156e-01,4.271342201449830900e-01,0.000000000000000000e+00,3.846560204063946276e-01,4.184288187774546919e-01,3.634457378022560858e-01,3.866465327554065023e-01,4.286627002229975170e-01,0.000000000000000000e+00,0.000000000000000000e+00,0.000000000000000000e+00,4.859025030528006939e-01,4.831876848895997889e-01,4.752435736638415120e-01,5.107719006346828072e-01,0.000000000000000000e+00,0.000000000000000000e+00,0.000000000000000000e+00,3.634543117288949188e-01,4.966404128253011918e-01,0.000000000000000000e+00,0.000000000000000000e+00,0.000000000000000000e+00,4.347575127025090080e-01,0.000000000000000000e+00,4.103020110693842981e-01,0.000000000000000000e+00,0.000000000000000000e+00,0.000000000000000000e+00,0.000000000000000000e+00,0.000000000000000000e+00,0.000000000000000000e+00,4.833451142221477093e-01,4.815612286722262825e-01,0.000000000000000000e+00,0.000000000000000000e+00,0.000000000000000000e+00,4.789605061168806244e-01,3.956374934702506785e-01,5.000567827102808671e-01,4.722076046817325068e-01,0.000000000000000000e+00,4.323026784283359181e-01,5.180968492231090572e-01,4.822822433572401812e-01,0.000000000000000000e+00,4.701979467665768908e-01,0.000000000000000000e+00,4.801699233056653804e-01
