0.000000000000000000e+00,4.611002474837292975e-01,0.000000000000000000e+00,0.000000000000000000e+00,0.000000000000000000e+00,0.000000000000000000e+00,0.000000000000000000e+00,5.471080162335060226e-01,0.000000000000000000e+00,4.824218012717130244e-01,0.000000000000000000e+00,4.676066539050566240e-01,0.000000000000000000e+00,0.000000000000000000e+00,4.322057339138523080e-01,4.511543332778991111e-01,0.000000000000000000e+00,4.325423765619091920e-01,0.000000000000000000e+00,0.000000000000000000e+00,4.733496011472517750e-01,4.320275603357108807e-01,5.227124779729250825e-01,4.341808132430928779e-01,4.164565899131524862e-01,4.462731463313455160e-01,5.217467361038735651e-01,0.000000000000000000e+00,4.985247295920918198e-01,0.000000000000000000e+00,4.386839544214953257e-01,4.755377563658501061e-01,4.136062821298108205e-01,4.179093622572779831e-01,4.806744078266820819e-01,0.000000000000000000e+00,0.000000000000000000e+00,4.538471449561329862e-01,5.026228497487359448e-01,4.619822714814644238e-01,4.789782515745910074e-01,5.516465896892881471e-01,0.000000000000000000e+00,0.000000000000000000e+00,0.000000000000000000e+00,4.827097998741458063e-01,5.157413365447685027e-01,0.000000000000000000e+00,0.000000000000000000e+00,0.000000000000000000e+00,0.000000000000000000e+00,0.000000000000000000e+00,0.000000000000000000e+00,0.000000000000000000e+00,5.223448506568775240e-01,0.000000000000000000e+00,5.353497092875061369e-01,0.000000000000000000e+00,0.000000000000000000e+00,0.000000000000000000e+00,4.889555598540071268e-01,4.159343983711992210e-01,4.634857958936359212e-01,0.000000000000000000e+00,4.916688529123514062e-01,3.312153708765578908e-01,4.910611950372483769e-01,0.000000000000000000e+00,0.000000000000000000e+00,4.784132745336794890e-01,5.213011309043675823e-01,0.000000000000000000e+00,0.000000000000000000e+00,5.077771795720577019e-01,0.000000000000000000e+00,4.682546189390340841e-01
4.611002474837292975e-01,0.000000000000000000e+00,4.241020230304993199e-01,0.000000000000000000e+00,4.353985183465953757e-01,4.204236826369264213e-01,4.471167763065849177e-01,0.000000000000000000e+00,3.991998171054281785e-01,0.000000000000000000e+00,0.000000000000000000e+00,0.000000000000000000e+00,4.715025883346016800e-01,0.000000000000000000e+00,4.364160950906260106e-01,4.414628684759093202e-01,4.515360960961699033e-01,4.494248462866223259e-01,0.000000000000000000e+00,4.401052467492422848e-01,4.522464492862511842e-01,4.223703230890668014e-01,4.330722252834057207e-01,0.000000000000000000e+00,4.224510418292242164e-01,4.631555144483345821e-01,4.241627738508356726e-01,4.677630782444783253e-01,4.478235025184638118e-01,0.000000000000000000e+00,4.053671546400812176e-01,4.590097870763141241e-01,3.932568087109892252e-01,4.068237354175868736e-01,4.711045790752722007e-01,0.000000000000000000e+00,0.000000000000000000e+00,0.000000000000000000e+00,4.915784274812480259e-01,4.704812516350446172e-01,4.847283717957954763e-01,5.232661877379131132e-01,0.000000000000000000e+00,0.000000000000000000e+00,0.000000000000000000e+00,5.147024556770952719e-01,5.041570133868786829e-01,0.000000000000000000e+00,0.000000000000000000e+00,0.000000000000000000e+00,0.000000000000000000e+00,0.000000000000000000e+00,0.000000000000000000e+00,0.000000000000000000e+00,0.000000000000000000e+00,0.000000000000000000e+00,0.000000000000000000e+00,0.000000000000000000e+00,0.000000000000000000e+00,5.124054763966428006e-01,4.850615699598845865e-01,0.000000000000000000e+00,4.816131916089194109e-01,0.000000000000000000e+00,4.697899865457932922e-01,4.633589740062116769e-01,4.915147827639689271e-01,5.026681803161950901e-01,0.000000000000000000e+00,4.732503736810484973e-01,5.311422663530638300e-01,4.885129582421052219e-01,0.000000000000000000e+00,5.059869616620800148e-01,0.000000000000000000e+00,4.683722208679806931e-01
0.000000000000000000e+00,4.241020230304993199e-01,0.000000000000000000e+00,4.646740230176242825e-01,4.184793878080628193e-01,4.316270325444760969e-01,4.784441874576841891e-01,5.185702094552804287e-01,3.119371672816068086e-01,5.236207892843145473e-01,3.261465892758935170e-01,0.000000000000000000e+00,5.057892667063167425e-01,4.847892532090365969e-01,0.000000000000000000e+00,0.000000000000000000e+00,0.000000000000000000e+00,3.992585659556777133e-01,2.887261280504848093e-01,4.314646527777595830e-01,0.000000000000000000e+00,4.373757428185646723e-01,3.413716057394918235e-01,0.000000000000000000e+00,4.178754223973235038e-01,4.185890116178633824e-01,3.580280548872828983e-01,5.193190473384772243e-01,4.469989786639950169e-01,0.000000000000000000e+00,5.287575275251826801e-01,4.741814544568165868e-01,0.000000000000000000e+00,5.256029790027196835e-01,5.078308365353774168e-01,4.537526812164024981e-01,4.885964017635904821e-01,0.000000000000000000e+00,5.244286172982304262e-01,0.000000000000000000e+00,5.709903883452941420e-01,0.000000000000000000e+00,4.941519364004643977e-01,0.000000000000000000e+00,0.000000000000000000e+00,0.000000000000000000e+00,0.000000000000000000e+00,5.809841320612866289e-01,0.000000000000000000e+00,0.000000000000000000e+00,5.651258252919877378e-01,5.924352028275619020e-01,5.661084669374226719e-01,5.851424359369420403e-01,0.000000000000000000e+00,5.729525742612314732e-01,4.641933143138884943e-01,5.846108121042699057e-01,5.332011736420054770e-01,0.000000000000000000e+00,0.000000000000000000e+00,0.000000000000000000e+00,0.000000000000000000e+00,5.963388117409356148e-01,0.000000000000000000e+00,0.000000000000000000e+00,0.000000000000000000e+00,5.882293290837006250e-01,0.000000000000000000e+00,0.000000000000000000e+00,0.000000000000000000e+00,5.722929439563754217e-01,5.680636877669522633e-01,0.000000000000000000e+00,0.000000000000000000e+00,6.051474678901099802e-01
0.000000000000000000e+00,0.000000000000000000e+00,4.646740230176242825e-01,0.000000000000000000e+00,2.521038550422298186e-01,4.304428778195749095e-01,3.226144169984884180e-01,3.950509392974523859e-01,4.590965874547042191e-01,2.598198880469542171e-01,3.848798647679493867e-01,0.000000000000000000e+00,3.449103381966229787e-01,2.417343641722329017e-01,0.000000000000000000e+00,0.000000000000000000e+00,0.000000000000000000e+00,0.000000000000000000e+00,4.517075155699541988e-01,0.000000000000000000e+00,0.000000000000000000e+00,0.000000000000000000e+00,4.309493845602515028e-01,0.000000000000000000e+00,0.000000000000000000e+00,0.000000000000000000e+00,4.390444573211599866e-01,2.735058882635735822e-01,0.000000000000000000e+00,0.000000000000000000e+00,3.397838533732644994e-01,2.983933122461212006e-01,0.000000000000000000e+00,2.696246825761132171e-01,3.279652618639514183e-01,1.921627831759193938e-01,2.102179383347808073e-01,0.000000000000000000e+00,0.000000000000000000e+00,2.542010545730590820e-01,0.000000000000000000e+00,0.000000000000000000e+00,0.000000000000000000e+00,0.000000000000000000e+00,0.000000000000000000e+00,0.000000000000000000e+00,0.000000000000000000e+00,0.000000000000000000e+00,0.000000000000000000e+00,0.000000000000000000e+00,0.000000000000000000e+00,0.000000000000000000e+00,0.000000000000000000e+00,0.000000000000000000e+00,0.000000000000000000e+00,0.000000000000000000e+00,3.005167572134884169e-01,0.000000000000000000e+00,0.000000000000000000e+00,0.000000000000000000e+00,0.000000000000000000e+00,0.000000000000000000e+00,0.000000000000000000e+00,0.000000000000000000e+00,0.000000000000000000e+00,0.000000000000000000e+00,0.000000000000000000e+00,0.000000000000000000e+00,0.000000000000000000e+00,0.000000000000000000e+00,0.000000000000000000e+00,0.000000000000000000e+00,0.000000000000000000e+00,0.000000000000000000e+00,0.000000000000000000e+00,0.000000000000000000e+00
0.000000000000000000e+00,4.353985183465953757e-01,4.184793878080628193e-01,2.521038550422298186e-01,0.000000000000000000e+00,4.119531139521896979e-01,3.481518652451048856e-01,3.689403161613197257e-01,3.701492198061239192e-01,4.227907017620591845e-01,3.431903261690149032e-01,0.000000000000000000e+00,4.207183820469213020e-01,2.512334201377401932e-01,0.000000000000000000e+00,4.796616979544858217e-01,0.000000000000000000e+00,4.760675080804825932e-01,4.237100801291935892e-01,4.282649385280234977e-01,0.000000000000000000e+00,4.461555830444303150e-01,4.287444690092058752e-01,0.000000000000000000e+00,4.398487159208888109e-01,4.243926345383579046e-01,4.161385612669170064e-01,3.953567371030439204e-01,4.405446089495049788e-01,0.000000000000000000e+00,4.956127841371983922e-01,3.469244115511466164e-01,0.000000000000000000e+00,4.661391304633725197e-01,4.358950203766219222e-01,1.998955259029162879e-01,2.587567125981012905e-01,4.188136220170369239e-01,0.000000000000000000e+00,0.000000000000000000e+00,0.000000000000000000e+00,0.000000000000000000e+00,0.000000000000000000e+00,0.000000000000000000e+00,0.000000000000000000e+00,0.000000000000000000e+00,0.000000000000000000e+00,5.051226159386710268e-01,0.000000000000000000e+00,0.000000000000000000e+00,0.000000000000000000e+00,0.000000000000000000e+00,4.598797193728941246e-01,0.000000000000000000e+00,0.000000000000000000e+00,4.596053151673146209e-01,0.000000000000000000e+00,0.000000000000000000e+00,0.000000000000000000e+00,0.000000000000000000e+00,0.000000000000000000e+00,0.000000000000000000e+00,0.000000000000000000e+00,5.062402189746393333e-01,0.000000000000000000e+00,0.000000000000000000e+00,0.000000000000000000e+00,5.087750994062348875e-01,0.000000000000000000e+00,0.000000000000000000e+00,0.000000000000000000e+00,4.988584774447777925e-01,0.000000000000000000e+00,0.000000000000000000e+00,0.000000000000000000e+00,0.000000000000000000e+00
0.000000000000000000e+00,4.204236826369264213e-01,4.316270325444760969e-01,4.304428778195749095e-01,4.119531139521896979e-01,0.000000000000000000e+00,4.359017649631540814e-01,4.463577646318960257e-01,3.446912911018121806e-01,4.750869027999959915e-01,4.049093244024444815e-01,0.000000000000000000e+00,4.211809578150084166e-01,4.234104717299929099e-01,4.563521986948220199e-01,4.754953518155335956e-01,0.000000000000000000e+00,4.562837441613791789e-01,4.567130195461410747e-01,4.255168234658456838e-01,4.182171285700017060e-01,4.414313307067682102e-01,4.650028714198045088e-01,0.000000000000000000e+00,4.253128450091350765e-01,4.195236822530342136e-01,4.189788868065387195e-01,4.118689706598657740e-01,3.797175165928439733e-01,4.428768998447906724e-01,4.744092170480754822e-01,4.381073780932464024e-01,4.298651551549588778e-01,4.906714182354935949e-01,4.845292894792673777e-01,4.485325774060328063e-01,4.623217463411520844e-01,4.588383766203849023e-01,5.072891794607577998e-01,0.000000000000000000e+00,0.000000000000000000e+00,0.000000000000000000e+00,5.162181288267105872e-01,0.000000000000000000e+00,0.000000000000000000e+00,0.000000000000000000e+00,0.000000000000000000e+00,5.640395226106258431e-01,0.000000000000000000e+00,0.000000000000000000e+00,5.276194452433512483e-01,0.000000000000000000e+00,4.943319745066955262e-01,5.689837144132456892e-01,0.000000000000000000e+00,5.642144423608393966e-01,4.206750690937042236e-01,0.000000000000000000e+00,0.000000000000000000e+00,0.000000000000000000e+00,0.000000000000000000e+00,0.000000000000000000e+00,0.000000000000000000e+00,5.793137028896307994e-01,4.553934605964238824e-01,0.000000000000000000e+00,0.000000000000000000e+00,5.299883224968969797e-01,0.000000000000000000e+00,0.000000000000000000e+00,0.000000000000000000e+00,5.208269444086227606e-01,5.334159033581941101e-01,4.941012618565330250e-01,0.000000000000000000e+00,5.524759697290534399e-01
0.000000000000000000e+00,4.471167763065849177e-01,4.784441874576841891e-01,3.226144169984884180e-01,3.481518652451048856e-01,4.359017649631540814e-01,0.000000000000000000e+00,4.706580266560976833e-01,4.243761831156039888e-01,4.161615851580087733e-01,4.830608194757872176e-01,0.000000000000000000e+00,3.705592342957049201e-01,3.608392952923892838e-01,0.000000000000000000e+00,4.941724221316388110e-01,0.000000000000000000e+00,4.887975092912060227e-01,5.198100989527644211e-01,4.470959056999431747e-01,0.000000000000000000e+00,4.672767173249027794e-01,4.695445904993612030e-01,4.344033576151858922e-01,4.556966737668926015e-01,4.410718259014411169e-01,4.521671121109082092e-01,3.895420296662153725e-01,4.533442077718660146e-01,0.000000000000000000e+00,4.524254208884693762e-01,3.963027280052959234e-01,3.959929399402303263e-01,4.258149588581343070e-01,4.082583336355288806e-01,3.521814697487111179e-01,3.259205274691898135e-01,4.017764638449641823e-01,0.000000000000000000e+00,0.000000000000000000e+00,0.000000000000000000e+00,0.000000000000000000e+00,0.000000000000000000e+00,0.000000000000000000e+00,0.000000000000000000e+00,0.000000000000000000e+00,0.000000000000000000e+00,0.000000000000000000e+00,0.000000000000000000e+00,0.000000000000000000e+00,5.063374974614995860e-01,0.000000000000000000e+00,0.000000000000000000e+00,0.000000000000000000e+00,0.000000000000000000e+00,0.000000000000000000e+00,0.000000000000000000e+00,0.000000000000000000e+00,0.000000000000000000e+00,0.000000000000000000e+00,0.000000000000000000e+00,0.000000000000000000e+00,0.000000000000000000e+00,0.000000000000000000e+00,0.000000000000000000e+00,0.000000000000000000e+00,0.000000000000000000e+00,5.317131340441373366e-01,0.000000000000000000e+00,0.000000000000000000e+00,0.000000000000000000e+00,5.287627980014011353e-01,0.000000000000000000e+00,0.000000000000000000e+00,0.000000000000000000e+00,0.000000000000000000e+00
5.471080162335060226e-01,0.000000000000000000e+00,5.185702094552804287e-01,3.950509392974523859e-01,3.689403161613197257e-01,4.463577646318960257e-01,4.706580266560976833e-01,0.000000000000000000e+00,5.201360805605882431e-01,5.125152396790831899e-01,3.089940304880405275e-01,5.451993059962793042e-01,4.787749449530753765e-01,3.850662925097799172e-01,0.000000000000000000e+00,4.989736358801932781e-01,0.000000000000000000e+00,5.089955351831747521e-01,4.990153988464500756e-01,4.442660564134788270e-01,4.293273234277085737e-01,4.717628413999969128e-01,4.046334494077901134e-01,5.680891562889245350e-01,5.078313531418459092e-01,5.299186349823730158e-01,4.863210801168589836e-01,4.754295428732757123e-01,4.181283020524788063e-01,4.477065731741463050e-01,4.967563993951383261e-01,3.692420182360109937e-01,4.475085495446056161e-01,4.899089966399505780e-01,4.914589403978916748e-01,2.855094762755580051e-01,4.565497014299813028e-01,0.000000000000000000e+00,4.992889130660759234e-01,0.000000000000000000e+00,5.495753370621848655e-01,5.562731353399299472e-01,4.889857095252073127e-01,5.473729968070983887e-01,0.000000000000000000e+00,0.000000000000000000e+00,0.000000000000000000e+00,5.496484356421391659e-01,0.000000000000000000e+00,0.000000000000000000e+00,4.987675030003406174e-01,5.342519897062972811e-01,3.852644025365776215e-01,5.546046282231311686e-01,0.000000000000000000e+00,4.949262133562736254e-01,0.000000000000000000e+00,5.136518514828161130e-01,4.435790479183197021e-01,4.878967643676023758e-01,0.000000000000000000e+00,0.000000000000000000e+00,0.000000000000000000e+00,5.592870595995085292e-01,5.182652091797728122e-01,4.162708168910668749e-01,5.071187364083221683e-01,5.031714370763875621e-01,0.000000000000000000e+00,0.000000000000000000e+00,0.000000000000000000e+00,5.205328850657602313e-01,5.175275348784427187e-01,5.062887264183484337e-01,0.000000000000000000e+00,5.543707081911325441e-01
0.000000000000000000e+00,3.991998171054281785e-01,3.119371672816068086e-01,4.590965874547042191e-01,3.701492198061239192e-01,3.446912911018121806e-01,4.243761831156039888e-01,5.201360805605882431e-01,0.000000000000000000e+00,4.968575670521481746e-01,3.628022245533650825e-01,4.522418860019826736e-01,4.374767467082559258e-01,4.163374523386870751e-01,0.000000000000000000e+00,4.284057202531105224e-01,0.000000000000000000e+00,0.000000000000000000e+00,3.294230905289706191e-01,4.014309681856921830e-01,0.000000000000000000e+00,4.077301004055368105e-01,4.843865387303943892e-01,4.744239063488303043e-01,3.825317083474767954e-01,3.953103365428745075e-01,3.636221257835611786e-01,5.177491031816869871e-01,4.207573279418919121e-01,0.000000000000000000e+00,5.356576767286065355e-01,4.694095454329045847e-01,4.737193879533884155e-01,5.193039622989579218e-01,5.087501009737191993e-01,4.553883834781570217e-01,4.771523992041865059e-01,4.807250546619711851e-01,5.226205715090074255e-01,0.000000000000000000e+00,0.000000000000000000e+00,0.000000000000000000e+00,4.897630338185873233e-01,0.000000000000000000e+00,0.000000000000000000e+00,0.000000000000000000e+00,0.000000000000000000e+00,5.723666312919822863e-01,0.000000000000000000e+00,0.000000000000000000e+00,5.689863918627686701e-01,5.918164797171121538e-01,5.662244656115219543e-01,0.000000000000000000e+00,0.000000000000000000e+00,5.700758482816025152e-01,4.772745632575913777e-01,0.000000000000000000e+00,0.000000000000000000e+00,0.000000000000000000e+00,0.000000000000000000e+00,0.000000000000000000e+00,0.000000000000000000e+00,5.724598336238441165e-01,0.000000000000000000e+00,0.000000000000000000e+00,0.000000000000000000e+00,5.813442487981437257e-01,0.000000000000000000e+00,0.000000000000000000e+00,0.000000000000000000e+00,5.625352950568919264e-01,0.000000000000000000e+00,0.000000000000000000e+00,0.000000000000000000e+00,0.000000000000000000e+00
4.824218012717130244e-01,0.000000000000000000e+00,5.236207892843145473e-01,2.598198880469542171e-01,4.227907017620591845e-01,4.750869027999959915e-01,4.161615851580087733e-01,5.125152396790831899e-01,4.968575670521481746e-01,0.000000000000000000e+00,4.861079330171105828e-01,3.516235492173658828e-01,4.385042573906076102e-01,1.824006780273365880e-01,0.000000000000000000e+00,4.267530225694021184e-01,3.786498847556371006e-01,4.069508679348118885e-01,5.059669175046981326e-01,0.000000000000000000e+00,5.457378684866495133e-01,0.000000000000000000e+00,4.857596480060429878e-01,3.870799709892847051e-01,3.859067076816988795e-01,4.039496640900723246e-01,4.716830441316587907e-01,4.143282542338008190e-01,0.000000000000000000e+00,0.000000000000000000e+00,3.840506439966676067e-01,3.435564432809807833e-01,3.764966499446310011e-01,2.961890590070008766e-01,3.263485773831454884e-01,3.243695510699304840e-01,2.967039453181788966e-01,2.766569476495782109e-01,3.464870517611418066e-01,4.131512988440794731e-01,4.326434021195795787e-01,3.492046884436356136e-01,0.000000000000000000e+00,0.000000000000000000e+00,4.027113123819779927e-01,5.349654340488734228e-01,0.000000000000000000e+00,0.000000000000000000e+00,0.000000000000000000e+00,4.852325320243834894e-01,0.000000000000000000e+00,4.982238310796407998e-01,0.000000000000000000e+00,0.000000000000000000e+00,5.048212176434849763e-01,0.000000000000000000e+00,5.093430909351661651e-01,4.828923348183458142e-01,0.000000000000000000e+00,0.000000000000000000e+00,3.818215198577878944e-01,4.815146986701301923e-01,4.475729065526409811e-01,0.000000000000000000e+00,0.000000000000000000e+00,0.000000000000000000e+00,0.000000000000000000e+00,0.000000000000000000e+00,4.804729570999194954e-01,4.597463119330920112e-01,4.944665757223660196e-01,0.000000000000000000e+00,4.766258555852347922e-01,0.000000000000000000e+00,0.000000000000000000e+00,4.715400678966494841e-01
0.000000000000000000e+00,0.000000000000000000e+00,3.261465892758935170e-01,3.848798647679493867e-01,3.431903261690149032e-01,4.049093244024444815e-01,4.830608194757872176e-01,3.089940304880405275e-01,3.628022245533650825e-01,4.861079330171105828e-01,0.000000000000000000e+00,4.164924581384967794e-01,5.001349484408226242e-01,3.060146171489582789e-01,0.000000000000000000e+00,0.000000000000000000e+00,0.000000000000000000e+00,0.000000000000000000e+00,3.321076267890685774e-01,0.000000000000000000e+00,0.000000000000000000e+00,0.000000000000000000e+00,2.945541938191040265e-01,4.701047359272420012e-01,0.000000000000000000e+00,0.000000000000000000e+00,4.187631450134616240e-01,5.140349982743454005e-01,0.000000000000000000e+00,0.000000000000000000e+00,5.259772956275247102e-01,3.717124034004146149e-01,4.483431352299198092e-01,5.068601221215723873e-01,4.909561200847271101e-01,3.508078866189994760e-01,4.703627895239896883e-01,4.608039714084052885e-01,4.244217569412536140e-01,0.000000000000000000e+00,0.000000000000000000e+00,0.000000000000000000e+00,4.242311934763305925e-01,0.000000000000000000e+00,0.000000000000000000e+00,0.000000000000000000e+00,0.000000000000000000e+00,5.316719715430129334e-01,0.000000000000000000e+00,0.000000000000000000e+00,4.543246327752326064e-01,5.205078169559662626e-01,4.594508762568733085e-01,5.309193254555156782e-01,0.000000000000000000e+00,4.946718003331670999e-01,0.000000000000000000e+00,0.000000000000000000e+00,4.565589380688607202e-01,0.000000000000000000e+00,0.000000000000000000e+00,0.000000000000000000e+00,0.000000000000000000e+00,5.346106276315599759e-01,0.000000000000000000e+00,0.000000000000000000e+00,0.000000000000000000e+00,5.208817765955158219e-01,0.000000000000000000e+00,0.000000000000000000e+00,0.000000000000000000e+00,5.318151591446520499e-01,0.000000000000000000e+00,0.000000000000000000e+00,0.000000000000000000e+00,0.000000000000000000e+00
4.676066539050566240e-01,0.000000000000000000e+00,0.000000000000000000e+00,0.000000000000000000e+00,0.000000000000000000e+00,0.000000000000000000e+00,0.000000000000000000e+00,5.451993059962793042e-01,4.522418860019826736e-01,3.516235492173658828e-01,4.164924581384967794e-01,0.000000000000000000e+00,4.189006364012384243e-01,0.000000000000000000e+00,0.000000000000000000e+00,0.000000000000000000e+00,4.117311713700562148e-01,3.832659022943835092e-01,5.092425346374511719e-01,0.000000000000000000e+00,5.427229350429040311e-01,0.000000000000000000e+00,5.432615507107089181e-01,3.461015829724505277e-01,3.935184666767693185e-01,3.492269945795715147e-01,0.000000000000000000e+00,3.929263732847919077e-01,0.000000000000000000e+00,0.000000000000000000e+00,3.849593056053213780e-01,2.861837192211086900e-01,2.694137210873092103e-01,2.635940211831763746e-01,3.315009286767646723e-01,3.642954203209500252e-01,3.589957389018568201e-01,2.026737836491603884e-01,3.221673528160705069e-01,4.281799084850685944e-01,4.423135770131524924e-01,4.999367047334785097e-01,0.000000000000000000e+00,0.000000000000000000e+00,4.120458125766570112e-01,0.000000000000000000e+00,0.000000000000000000e+00,0.000000000000000000e+00,0.000000000000000000e+00,0.000000000000000000e+00,0.000000000000000000e+00,0.000000000000000000e+00,0.000000000000000000e+00,0.000000000000000000e+00,5.045948438726488572e-01,0.000000000000000000e+00,5.110624612120875376e-01,4.828324745452250988e-01,0.000000000000000000e+00,0.000000000000000000e+00,0.000000000000000000e+00,4.797292585946790755e-01,4.677272985368359781e-01,0.000000000000000000e+00,0.000000000000000000e+00,0.000000000000000000e+00,0.000000000000000000e+00,0.000000000000000000e+00,5.008618982824276644e-01,4.803391186391078871e-01,5.062709169605911219e-01,0.000000000000000000e+00,4.794050732377254098e-01,0.000000000000000000e+00,0.000000000000000000e+00,4.758223049484676115e-01
0.000000000000000000e+00,4.715025883346016800e-01,5.057892667063167425e-01,3.449103381966229787e-01,4.207183820469213020e-01,4.211809578150084166e-01,3.705592342957049201e-01,4.787749449530753765e-01,4.374767467082559258e-01,4.385042573906076102e-01,5.001349484408226242e-01,4.189006364012384243e-01,0.000000000000000000e+00,4.210495245993871039e-01,0.000000000000000000e+00,5.078875230311397093e-01,4.514744450819433985e-01,4.987415287155674837e-01,5.282703161406649972e-01,4.629773073401735051e-01,4.895365713296189747e-01,4.937874320732333899e-01,4.814706928372173844e-01,4.204356550070402765e-01,4.704304203959250863e-01,4.641577995205916074e-01,4.773590474615596047e-01,3.865822465291393062e-01,4.469651859493756207e-01,4.756600586937215214e-01,4.580785367075688175e-01,4.045961115705843936e-01,4.235490682676090191e-01,4.267337859899476005e-01,4.228258092439138860e-01,3.901459400850164072e-01,3.832568650530969734e-01,4.124769370665983814e-01,4.704506464180118197e-01,0.000000000000000000e+00,3.715301133725905092e-01,4.091174843548381901e-01,4.492927023627287797e-01,0.000000000000000000e+00,0.000000000000000000e+00,0.000000000000000000e+00,0.000000000000000000e+00,0.000000000000000000e+00,0.000000000000000000e+00,0.000000000000000000e+00,5.329018853664463373e-01,0.000000000000000000e+00,5.073414766945600896e-01,0.000000000000000000e+00,0.000000000000000000e+00,5.547479767780012505e-01,3.963708533126011901e-01,0.000000000000000000e+00,0.000000000000000000e+00,0.000000000000000000e+00,0.000000000000000000e+00,0.000000000000000000e+00,0.000000000000000000e+00,0.000000000000000000e+00,0.000000000000000000e+00,0.000000000000000000e+00,0.000000000000000000e+00,5.397980127304922160e-01,0.000000000000000000e+00,0.000000000000000000e+00,0.000000000000000000e+00,5.347175204484487798e-01,5.729700688764344241e-01,5.272141606087187293e-01,0.000000000000000000e+00,0.000000000000000000e+00
0.000000000000000000e+00,0.000000000000000000e+00,4.847892532090365969e-01,2.417343641722329017e-01,2.512334201377401932e-01,4.234104717299929099e-01,3.608392952923892838e-01,3.850662925097799172e-01,4.163374523386870751e-01,1.824006780273365880e-01,3.060146171489582789e-01,0.000000000000000000e+00,4.210495245993871039e-01,0.000000000000000000e+00,0.000000000000000000e+00,0.000000000000000000e+00,0.000000000000000000e+00,0.000000000000000000e+00,4.240285545392478150e-01,0.000000000000000000e+00,0.000000000000000000e+00,0.000000000000000000e+00,4.241975378623185078e-01,0.000000000000000000e+00,0.000000000000000000e+00,5.026062855853984379e-01,4.673406236697171257e-01,2.194205226455258062e-01,0.000000000000000000e+00,0.000000000000000000e+00,0.000000000000000000e+00,2.679609317675069047e-01,0.000000000000000000e+00,0.000000000000000000e+00,0.000000000000000000e+00,2.017660986861133932e-01,1.829347899556612866e-01,0.000000000000000000e+00,4.117447661649953905e-01,0.000000000000000000e+00,0.000000000000000000e+00,0.000000000000000000e+00,4.110219429141959147e-01,0.000000000000000000e+00,0.000000000000000000e+00,0.000000000000000000e+00,0.000000000000000000e+00,5.268851955668434339e-01,0.000000000000000000e+00,0.000000000000000000e+00,0.000000000000000000e+00,0.000000000000000000e+00,4.437958629009067790e-01,5.347830710810639321e-01,0.000000000000000000e+00,4.703538338669966956e-01,0.000000000000000000e+00,0.000000000000000000e+00,4.548195778598845829e-01,0.000000000000000000e+00,0.000000000000000000e+00,0.000000000000000000e+00,0.000000000000000000e+00,5.280601624820815410e-01,0.000000000000000000e+00,0.000000000000000000e+00,0.000000000000000000e+00,5.093219056769401343e-01,0.000000000000000000e+00,0.000000000000000000e+00,0.000000000000000000e+00,5.143760512494749415e-01,0.000000000000000000e+00,0.000000000000000000e+00,0.000000000000000000e+00,0.000000000000000000e+00
4.322057339138523080e-01,4.364160950906260106e-01,0.000000000000000000e+00,0.000000000000000000e+00,0.000000000000000000e+00,4.563521986948220199e-01,0.000000000000000000e+00,0.000000000000000000e+00,0.000000000000000000e+00,0.000000000000000000e+00,0.000000000000000000e+00,0.000000000000000000e+00,0.000000000000000000e+00,0.000000000000000000e+00,0.000000000000000000e+00,4.725166053949904077e-01,0.000000000000000000e+00,4.437957783396769273e-01,0.000000000000000000e+00,3.948843991631467154e-01,4.308277429959911919e-01,4.329022772938305730e-01,4.500658458693385100e-01,5.209981842591447920e-01,4.115935677299922824e-01,4.403320466739573114e-01,4.275013723894492967e-01,4.540443311719429276e-01,4.470958422519640263e-01,4.426068586107049785e-01,4.649276157713606028e-01,4.684570366696064192e-01,4.442522931762871163e-01,4.687800480546672754e-01,5.115872243635859462e-01,5.502888605797073840e-01,0.000000000000000000e+00,0.000000000000000000e+00,5.228045512294278163e-01,5.189637858349329669e-01,5.339384868854414323e-01,5.616872365665445122e-01,0.000000000000000000e+00,0.000000000000000000e+00,0.000000000000000000e+00,0.000000000000000000e+00,5.518208543503538843e-01,0.000000000000000000e+00,0.000000000000000000e+00,0.000000000000000000e+00,4.729877467078142939e-01,0.000000000000000000e+00,5.181081450221903806e-01,0.000000000000000000e+00,0.000000000000000000e+00,0.000000000000000000e+00,0.000000000000000000e+00,0.000000000000000000e+00,0.000000000000000000e+00,5.319616867452054976e-01,0.000000000000000000e+00,0.000000000000000000e+00,0.000000000000000000e+00,0.000000000000000000e+00,5.069215209033132163e-01,5.091138806378865400e-01,5.413632935151995174e-01,5.142921744903383718e-01,0.000000000000000000e+00,5.054144681615768686e-01,5.675102032115314499e-01,5.184827860254550558e-01,4.985791825636187724e-01,4.963534875519282075e-01,0.000000000000000000e+00,5.177556000464728081e-01
4.511543332778991111e-01,4.414628684759093202e-01,0.000000000000000000e+00,0.000000000000000000e+00,4.796616979544858217e-01,4.754953518155335956e-01,4.941724221316388110e-01,4.989736358801932781e-01,4.284057202531105224e-01,4.267530225694021184e-01,0.000000000000000000e+00,0.000000000000000000e+00,5.078875230311397093e-01,0.000000000000000000e+00,4.725166053949904077e-01,0.000000000000000000e+00,4.235643539705459815e-01,3.849487088544775726e-01,0.000000000000000000e+00,4.422462217497550863e-01,4.656415277942265174e-01,4.152959403395946048e-01,4.680280468870496868e-01,0.000000000000000000e+00,4.493285106266172169e-01,4.623652868419053097e-01,4.587106049914134731e-01,4.939832620464901236e-01,4.848508684501174892e-01,4.597323930211686949e-01,4.080835960202940926e-01,4.721586766597786200e-01,4.134574498421577093e-01,4.213492437438661753e-01,4.730561667558684236e-01,0.000000000000000000e+00,0.000000000000000000e+00,0.000000000000000000e+00,4.815393561690329838e-01,4.612687627400838264e-01,4.727650892291411222e-01,5.128673066893905119e-01,0.000000000000000000e+00,0.000000000000000000e+00,0.000000000000000000e+00,5.049182856013753051e-01,4.932369988562095853e-01,0.000000000000000000e+00,0.000000000000000000e+00,0.000000000000000000e+00,0.000000000000000000e+00,0.000000000000000000e+00,0.000000000000000000e+00,0.000000000000000000e+00,0.000000000000000000e+00,0.000000000000000000e+00,0.000000000000000000e+00,0.000000000000000000e+00,0.000000000000000000e+00,5.040891026755609516e-01,4.761678517963259250e-01,0.000000000000000000e+00,4.500946443017996845e-01,0.000000000000000000e+00,4.996398299593878267e-01,4.959096908569335938e-01,4.844215104756948165e-01,5.224195335329933076e-01,0.000000000000000000e+00,4.640999899408578266e-01,5.165866970977107675e-01,5.102915931806591976e-01,0.000000000000000000e+00,4.895570596435621091e-01,0.000000000000000000e+00,0.000000000000000000e+00
0.000000000000000000e+00,4.515360960961699033e-01,0.000000000000000000e+00,0.000000000000000000e+00,0.000000000000000000e+00,0.000000000000000000e+00,0.000000000000000000e+00,0.000000000000000000e+00,0.000000000000000000e+00,3.786498847556371006e-01,0.000000000000000000e+00,4.117311713700562148e-01,4.514744450819433985e-01,0.000000000000000000e+00,0.000000000000000000e+00,4.235643539705459815e-01,0.000000000000000000e+00,3.957380651053116760e-01,0.000000000000000000e+00,4.613134413496534081e-01,0.000000000000000000e+00,4.393541704036382223e-01,0.000000000000000000e+00,4.307747552132367153e-01,3.686427510332767055e-01,4.063919935179067799e-01,0.000000000000000000e+00,4.421471498232407149e-01,4.951014025250913275e-01,0.000000000000000000e+00,3.972862751169309870e-01,4.719371933257506257e-01,4.130851252869963131e-01,4.103477458523875909e-01,4.249144549764726775e-01,0.000000000000000000e+00,0.000000000000000000e+00,3.711326762916167810e-01,4.615622222855069179e-01,4.040630580764676960e-01,0.000000000000000000e+00,0.000000000000000000e+00,0.000000000000000000e+00,0.000000000000000000e+00,0.000000000000000000e+00,0.000000000000000000e+00,0.000000000000000000e+00,0.000000000000000000e+00,0.000000000000000000e+00,0.000000000000000000e+00,0.000000000000000000e+00,0.000000000000000000e+00,0.000000000000000000e+00,0.000000000000000000e+00,4.602767436084976849e-01,0.000000000000000000e+00,4.738993079954750831e-01,0.000000000000000000e+00,0.000000000000000000e+00,0.000000000000000000e+00,0.000000000000000000e+00,4.076389946150451027e-01,4.360886713882162202e-01,0.000000000000000000e+00,0.000000000000000000e+00,0.000000000000000000e+00,0.000000000000000000e+00,0.000000000000000000e+00,0.000000000000000000e+00,4.187271800570980806e-01,4.436945214368794854e-01,0.000000000000000000e+00,0.000000000000000000e+00,0.000000000000000000e+00,0.000000000000000000e+00,0.000000000000000000e+00
4.325423765619091920e-01,4.494248462866223259e-01,3.992585659556777133e-01,0.000000000000000000e+00,4.760675080804825932e-01,4.562837441613791789e-01,4.887975092912060227e-01,5.089955351831747521e-01,0.000000000000000000e+00,4.069508679348118885e-01,0.000000000000000000e+00,3.832659022943835092e-01,4.987415287155674837e-01,0.000000000000000000e+00,4.437957783396769273e-01,3.849487088544775726e-01,3.957380651053116760e-01,0.000000000000000000e+00,0.000000000000000000e+00,4.537013168963230925e-01,4.656402377802120740e-01,4.383730352142581888e-01,4.587948643162884088e-01,4.045416808822973054e-01,4.015441219276654761e-01,4.326498308221418121e-01,4.443455370905338153e-01,4.860879555404469254e-01,4.869127159511196234e-01,0.000000000000000000e+00,4.137633059643239797e-01,4.751579816844461179e-01,4.103409761924355914e-01,4.201761400116014733e-01,4.387734529467229860e-01,0.000000000000000000e+00,0.000000000000000000e+00,0.000000000000000000e+00,4.505565078869513962e-01,4.056276693893687835e-01,4.371920823421143742e-01,4.543850326354719749e-01,0.000000000000000000e+00,0.000000000000000000e+00,0.000000000000000000e+00,4.806193948482648803e-01,4.697600227405003825e-01,0.000000000000000000e+00,0.000000000000000000e+00,0.000000000000000000e+00,0.000000000000000000e+00,0.000000000000000000e+00,0.000000000000000000e+00,0.000000000000000000e+00,4.368233130397263797e-01,0.000000000000000000e+00,4.754698733092261875e-01,0.000000000000000000e+00,0.000000000000000000e+00,5.026515011974267422e-01,4.418203093269075232e-01,4.446155675362097881e-01,4.337912609182620893e-01,0.000000000000000000e+00,4.143260851958807112e-01,0.000000000000000000e+00,4.542535294266271118e-01,0.000000000000000000e+00,5.018182683438224823e-01,4.403293206941453208e-01,4.694090807363937023e-01,0.000000000000000000e+00,0.000000000000000000e+00,0.000000000000000000e+00,0.000000000000000000e+00,4.289737021053725008e-01
0.000000000000000000e+00,0.000000000000000000e+00,2.887261280504848093e-01,4.517075155699541988e-01,4.237100801291935892e-01,4.567130195461410747e-01,5.198100989527644211e-01,4.990153988464500756e-01,3.294230905289706191e-01,5.059669175046981326e-01,3.321076267890685774e-01,5.092425346374511719e-01,5.282703161406649972e-01,4.240285545392478150e-01,0.000000000000000000e+00,0.000000000000000000e+00,0.000000000000000000e+00,0.000000000000000000e+00,0.000000000000000000e+00,0.000000000000000000e+00,0.000000000000000000e+00,0.000000000000000000e+00,3.223286861594460984e-01,0.000000000000000000e+00,0.000000000000000000e+00,0.000000000000000000e+00,3.850859788202771750e-01,5.353810744411763300e-01,0.000000000000000000e+00,0.000000000000000000e+00,5.482693386183127293e-01,4.516869801885696201e-01,5.080867401624878932e-01,5.357137198761605656e-01,5.072402016947465953e-01,4.433656282010406957e-01,4.842949656275065129e-01,5.036359099312274212e-01,5.194575247582517985e-01,0.000000000000000000e+00,0.000000000000000000e+00,0.000000000000000000e+00,4.789407029363894064e-01,0.000000000000000000e+00,0.000000000000000000e+00,0.000000000000000000e+00,0.000000000000000000e+00,5.769292737168200125e-01,0.000000000000000000e+00,5.580167770385742188e-01,5.575153168969887441e-01,5.985352932664931291e-01,5.601239369533043133e-01,5.878556069198517253e-01,0.000000000000000000e+00,5.561535699883580763e-01,0.000000000000000000e+00,5.783689908365710064e-01,4.722200807988296001e-01,0.000000000000000000e+00,0.000000000000000000e+00,0.000000000000000000e+00,0.000000000000000000e+00,5.917550754504767863e-01,0.000000000000000000e+00,0.000000000000000000e+00,0.000000000000000000e+00,5.892878657594828873e-01,0.000000000000000000e+00,0.000000000000000000e+00,0.000000000000000000e+00,5.697224140736074638e-01,5.641037110254031317e-01,0.000000000000000000e+00,0.000000000000000000e+00,6.086911503617317143e-01
0.000000000000000000e+00,4.401052467492422848e-01,4.314646527777595830e-01,0.000000000000000000e+00,4.282649385280234977e-01,4.255168234658456838e-01,4.470959056999431747e-01,4.442660564134788270e-01,4.014309681856921830e-01,0.000000000000000000e+00,0.000000000000000000e+00,0.000000000000000000e+00,4.629773073401735051e-01,0.000000000000000000e+00,3.948843991631467154e-01,4.422462217497550863e-01,4.613134413496534081e-01,4.537013168963230925e-01,0.000000000000000000e+00,0.000000000000000000e+00,4.561488692238919729e-01,3.912866289077236992e-01,3.459470027745454868e-01,0.000000000000000000e+00,4.337686215568414827e-01,4.715318204102117994e-01,3.613505557452231787e-01,4.355787888169326827e-01,3.887900234925005805e-01,3.906154941473449771e-01,4.231869593660089746e-01,4.631861998554958060e-01,4.273215625732005862e-01,4.546874359993510195e-01,4.933394477164824155e-01,5.413647612557279665e-01,4.794727160739045146e-01,0.000000000000000000e+00,4.912250382366438184e-01,4.720400484561150800e-01,5.015048742136185567e-01,5.057510444319844867e-01,0.000000000000000000e+00,0.000000000000000000e+00,0.000000000000000000e+00,0.000000000000000000e+00,4.827542318230522156e-01,0.000000000000000000e+00,0.000000000000000000e+00,0.000000000000000000e+00,4.763290840215756994e-01,0.000000000000000000e+00,5.104846421032137593e-01,0.000000000000000000e+00,0.000000000000000000e+00,0.000000000000000000e+00,0.000000000000000000e+00,0.000000000000000000e+00,0.000000000000000000e+00,4.936322196730795753e-01,0.000000000000000000e+00,0.000000000000000000e+00,0.000000000000000000e+00,0.000000000000000000e+00,5.023150631914264919e-01,4.722419199192320893e-01,5.007990346111952373e-01,5.166461156302591951e-01,0.000000000000000000e+00,0.000000000000000000e+00,5.033007031311986790e-01,5.177306457979066190e-01,5.214764625475292181e-01,5.021809275493271940e-01,0.000000000000000000e+00,5.087892390430196476e-01
4.733496011472517750e-01,4.522464492862511842e-01,0.000000000000000000e+00,0.000000000000000000e+00,0.000000000000000000e+00,4.182171285700017060e-01,0.000000000000000000e+00,4.293273234277085737e-01,0.000000000000000000e+00,5.457378684866495133e-01,0.000000000000000000e+00,5.427229350429040311e-01,4.895365713296189747e-01,0.000000000000000000e+00,4.308277429959911919e-01,4.656415277942265174e-01,0.000000000000000000e+00,4.656402377802120740e-01,0.000000000000000000e+00,4.561488692238919729e-01,0.000000000000000000e+00,4.675977370005264255e-01,4.466021812561820070e-01,5.668549309007764325e-01,4.642450593166170258e-01,4.757216123381389772e-01,4.681496616516184761e-01,4.654882923281413731e-01,4.375196512494919920e-01,0.000000000000000000e+00,4.453039237524726857e-01,4.588355272589126899e-01,4.424184600475964957e-01,4.449121961937039793e-01,5.048819331319638337e-01,0.000000000000000000e+00,0.000000000000000000e+00,5.412419420258640645e-01,5.125606286296728875e-01,5.179246814710984914e-01,5.374360471694408226e-01,5.753309437091054246e-01,0.000000000000000000e+00,0.000000000000000000e+00,0.000000000000000000e+00,2.880986439071803740e-01,5.474463148043472449e-01,0.000000000000000000e+00,0.000000000000000000e+00,0.000000000000000000e+00,4.622641514456269918e-01,0.000000000000000000e+00,4.285039097639439798e-01,0.000000000000000000e+00,5.607603290135030338e-01,0.000000000000000000e+00,0.000000000000000000e+00,0.000000000000000000e+00,0.000000000000000000e+00,5.151530516420030903e-01,5.053699021001679670e-01,0.000000000000000000e+00,0.000000000000000000e+00,0.000000000000000000e+00,4.966722224620416237e-01,3.794443432311789821e-01,5.451486483013880946e-01,4.789213338514377027e-01,0.000000000000000000e+00,0.000000000000000000e+00,5.581636721816117808e-01,4.994087701520246725e-01,5.154577491458725014e-01,4.912467763569263735e-01,4.835669994354248047e-01,4.989175954338195829e-01
