0.000000000000000000e+00,3.844384422243309896e-01,0.000000000000000000e+00,0.000000000000000000e+00,0.000000000000000000e+00,4.511497864765636190e-01,0.000000000000000000e+00,5.054870444693825293e-01,0.000000000000000000e+00,4.302553146816515128e-01,0.000000000000000000e+00,4.164521712863237246e-01,0.000000000000000000e+00,0.000000000000000000e+00,3.704435287592314219e-01,3.626202193598079826e-01,0.000000000000000000e+00,3.509389231134238951e-01,0.000000000000000000e+00,4.295456414822572122e-01,4.071511317673113806e-01,3.768032736432961882e-01,4.742530591032275145e-01,4.245357836959768871e-01,3.572212638134740215e-01,3.639642857810959087e-01,4.705784985957319200e-01,4.705940228075680132e-01,4.400631426687574010e-01,0.000000000000000000e+00,3.349205667679281961e-01,3.820690809650892916e-01,2.848181034424142055e-01,3.473585720875947969e-01,3.859551677815161730e-01,0.000000000000000000e+00,0.000000000000000000e+00,4.304608013217771090e-01,4.231560435258556185e-01,4.146363499807894093e-01,4.017718269358864780e-01,4.134675410538359852e-01,0.000000000000000000e+00,0.000000000000000000e+00,0.000000000000000000e+00,3.952776120163676854e-01,4.640516445400574841e-01,0.000000000000000000e+00,0.000000000000000000e+00,0.000000000000000000e+00,0.000000000000000000e+00,0.000000000000000000e+00,4.173473026246388162e-01,0.000000000000000000e+00,4.935441779836661769e-01,0.000000000000000000e+00,4.965522198281687727e-01,0.000000000000000000e+00,0.000000000000000000e+00,0.000000000000000000e+00,4.400243868785533863e-01,0.000000000000000000e+00,4.121111820527629255e-01,0.000000000000000000e+00,0.000000000000000000e+00,4.233898043812582834e-01,4.432406119530283850e-01,0.000000000000000000e+00,4.259826295670763874e-01,4.341462681757872200e-01,4.487871970304168068e-01,0.000000000000000000e+00,0.000000000000000000e+00,0.000000000000000000e+00,0.000000000000000000e+00,0.000000000000000000e+00
3.844384422243309896e-01,0.000000000000000000e+00,0.000000000000000000e+00,0.000000000000000000e+00,4.058015538765197272e-01,3.962545765680359766e-01,4.252319497036399221e-01,4.453085474847066072e-01,3.976018771145988229e-01,0.000000000000000000e+00,0.000000000000000000e+00,0.000000000000000000e+00,4.432030955116348925e-01,0.000000000000000000e+00,4.205705606598795221e-01,4.051859907717975107e-01,0.000000000000000000e+00,4.037992416466852919e-01,0.000000000000000000e+00,4.257585217257419119e-01,3.732751140380671240e-01,3.965197822070871125e-01,4.140043859493450773e-01,4.522012348335592846e-01,4.008113462384502723e-01,4.054897273519025847e-01,4.052790998247571275e-01,4.429064328193997868e-01,4.074643419090916985e-01,0.000000000000000000e+00,3.387262713296709249e-01,3.821356401843710726e-01,3.279750048356405157e-01,3.455598798510738923e-01,3.641333183731531031e-01,0.000000000000000000e+00,0.000000000000000000e+00,0.000000000000000000e+00,4.384410389031344057e-01,4.285262512454968142e-01,4.259730590297515218e-01,4.460883597440972737e-01,0.000000000000000000e+00,0.000000000000000000e+00,0.000000000000000000e+00,4.355519618544225202e-01,4.681836504001163912e-01,0.000000000000000000e+00,0.000000000000000000e+00,0.000000000000000000e+00,4.407413775149435775e-01,0.000000000000000000e+00,0.000000000000000000e+00,0.000000000000000000e+00,4.037142053233123140e-01,0.000000000000000000e+00,0.000000000000000000e+00,0.000000000000000000e+00,0.000000000000000000e+00,4.668557287551567958e-01,4.518554854862381065e-01,3.918442436435494725e-01,4.248517605680806053e-01,0.000000000000000000e+00,4.521832954359469858e-01,4.476672275841396820e-01,4.439374114710241126e-01,4.709926326054024170e-01,4.290102095370377788e-01,4.539771618004743159e-01,4.738231203411265025e-01,4.615344858330474032e-01,0.000000000000000000e+00,4.518058034922893818e-01,0.000000000000000000e+00,4.074839333912824157e-01
0.000000000000000000e+00,0.000000000000000000e+00,0.000000000000000000e+00,0.000000000000000000e+00,3.982081413231400857e-01,4.363608483457335208e-01,4.476409592996994924e-01,4.772027448738295763e-01,3.269861104532325036e-01,4.595563235516385014e-01,3.526848407076108027e-01,0.000000000000000000e+00,4.750198733359762837e-01,4.114668543654612098e-01,0.000000000000000000e+00,0.000000000000000000e+00,0.000000000000000000e+00,0.000000000000000000e+00,2.942159610929098723e-01,0.000000000000000000e+00,0.000000000000000000e+00,0.000000000000000000e+00,3.655980763203556805e-01,0.000000000000000000e+00,0.000000000000000000e+00,0.000000000000000000e+00,4.214915413280603818e-01,4.807023419194655922e-01,0.000000000000000000e+00,4.773781233263034163e-01,4.900141935317605113e-01,4.606869825970565935e-01,0.000000000000000000e+00,4.773023018066394063e-01,4.716691511392726022e-01,4.164909623462851873e-01,4.430237168768458855e-01,0.000000000000000000e+00,4.967232286121914253e-01,0.000000000000000000e+00,0.000000000000000000e+00,0.000000000000000000e+00,4.962513226830687074e-01,0.000000000000000000e+00,0.000000000000000000e+00,0.000000000000000000e+00,0.000000000000000000e+00,5.721478628254779153e-01,0.000000000000000000e+00,5.310213463640877096e-01,5.450354445673286641e-01,0.000000000000000000e+00,5.499746625642228937e-01,5.772107065290719152e-01,0.000000000000000000e+00,5.210090341076124565e-01,0.000000000000000000e+00,0.000000000000000000e+00,5.233532058699192913e-01,0.000000000000000000e+00,0.000000000000000000e+00,0.000000000000000000e+00,0.000000000000000000e+00,5.599754971669500536e-01,0.000000000000000000e+00,0.000000000000000000e+00,0.000000000000000000e+00,5.698693566106844965e-01,0.000000000000000000e+00,0.000000000000000000e+00,0.000000000000000000e+00,5.716672969067753129e-01,0.000000000000000000e+00,0.000000000000000000e+00,0.000000000000000000e+00,0.000000000000000000e+00
0.000000000000000000e+00,0.000000000000000000e+00,0.000000000000000000e+00,0.000000000000000000e+00,2.603510632706371175e-01,4.175464414280695147e-01,2.725759374297324067e-01,2.662125261719783809e-01,4.262716496326007243e-01,2.512266652487730734e-01,3.621844952999659917e-01,2.577395453659314106e-01,3.134272791484756238e-01,1.833099149456594024e-01,4.342325095177025918e-01,0.000000000000000000e+00,0.000000000000000000e+00,0.000000000000000000e+00,4.150270657297888133e-01,4.395957302572148784e-01,0.000000000000000000e+00,4.379969901210833960e-01,4.174503970393094177e-01,0.000000000000000000e+00,0.000000000000000000e+00,0.000000000000000000e+00,4.192726097258538953e-01,2.799873526764873888e-01,0.000000000000000000e+00,0.000000000000000000e+00,3.520189244366839221e-01,2.855658855943609131e-01,4.424520549070862785e-01,3.525259193037753036e-01,3.126643720835933227e-01,1.489383702094057016e-01,1.810894057902641130e-01,0.000000000000000000e+00,0.000000000000000000e+00,0.000000000000000000e+00,0.000000000000000000e+00,0.000000000000000000e+00,0.000000000000000000e+00,0.000000000000000000e+00,0.000000000000000000e+00,0.000000000000000000e+00,0.000000000000000000e+00,0.000000000000000000e+00,0.000000000000000000e+00,0.000000000000000000e+00,0.000000000000000000e+00,0.000000000000000000e+00,0.000000000000000000e+00,0.000000000000000000e+00,0.000000000000000000e+00,0.000000000000000000e+00,0.000000000000000000e+00,0.000000000000000000e+00,0.000000000000000000e+00,0.000000000000000000e+00,0.000000000000000000e+00,0.000000000000000000e+00,0.000000000000000000e+00,0.000000000000000000e+00,0.000000000000000000e+00,0.000000000000000000e+00,4.965954422950745184e-01,0.000000000000000000e+00,0.000000000000000000e+00,0.000000000000000000e+00,0.000000000000000000e+00,0.000000000000000000e+00,0.000000000000000000e+00,0.000000000000000000e+00,0.000000000000000000e+00,0.000000000000000000e+00
0.000000000000000000e+00,4.058015538765197272e-01,3.982081413231400857e-01,2.603510632706371175e-01,0.000000000000000000e+00,4.088671693868726753e-01,3.420136482587163851e-01,3.642193457452729266e-01,3.642527930258098179e-01,3.625256534308927137e-01,3.349788238183615818e-01,3.522302782494520779e-01,3.918364533475349187e-01,3.098818367789815120e-01,0.000000000000000000e+00,4.446884185420765245e-01,0.000000000000000000e+00,4.123457640791455270e-01,3.909512388567181751e-01,4.277638881127289183e-01,0.000000000000000000e+00,4.614935349292988986e-01,4.231036404611774882e-01,0.000000000000000000e+00,4.013479252850444823e-01,0.000000000000000000e+00,4.331499215136749847e-01,3.543506866667787136e-01,4.070857525351295192e-01,4.265740152382658801e-01,4.452125814019389227e-01,3.886861219902348896e-01,3.386260274009919025e-01,4.181655344793038798e-01,3.858451046867644174e-01,2.423058781006811047e-01,2.495114400955663891e-01,3.273103547572746019e-01,3.497912190955078104e-01,0.000000000000000000e+00,0.000000000000000000e+00,0.000000000000000000e+00,3.608455627301732083e-01,0.000000000000000000e+00,0.000000000000000000e+00,0.000000000000000000e+00,0.000000000000000000e+00,5.651174783706665039e-01,0.000000000000000000e+00,0.000000000000000000e+00,0.000000000000000000e+00,0.000000000000000000e+00,0.000000000000000000e+00,5.046126246452331543e-01,0.000000000000000000e+00,4.011624909981735265e-01,0.000000000000000000e+00,0.000000000000000000e+00,3.885157875327516774e-01,0.000000000000000000e+00,0.000000000000000000e+00,0.000000000000000000e+00,0.000000000000000000e+00,5.126326890253961599e-01,0.000000000000000000e+00,0.000000000000000000e+00,0.000000000000000000e+00,4.935294796455251265e-01,0.000000000000000000e+00,0.000000000000000000e+00,0.000000000000000000e+00,4.914113662085056178e-01,0.000000000000000000e+00,0.000000000000000000e+00,0.000000000000000000e+00,0.000000000000000000e+00
4.511497864765636190e-01,3.962545765680359766e-01,4.363608483457335208e-01,4.175464414280695147e-01,4.088671693868726753e-01,0.000000000000000000e+00,4.255278770761343199e-01,4.188122080113516055e-01,3.660439314113052012e-01,4.477121102595100766e-01,3.742861023038441814e-01,3.984443986786143088e-01,4.160041179094073893e-01,4.124283509402321135e-01,4.166490169966173829e-01,4.373515209533384018e-01,3.722029078410805103e-01,4.093142111861046151e-01,3.836442100508766773e-01,4.146570161154358725e-01,4.042409816407955270e-01,4.432765684235869252e-01,4.452862342504447235e-01,0.000000000000000000e+00,3.842596143261268749e-01,3.937413498599571793e-01,4.333647636037766260e-01,4.050096286144584945e-01,3.614653424262114223e-01,4.157131187376922887e-01,4.317568082693675757e-01,4.270915393206456967e-01,3.669276764080263153e-01,4.314411566105940121e-01,4.372496071165203890e-01,4.566222934124397059e-01,4.360889426660632950e-01,4.144222600323249073e-01,4.931996017091619944e-01,4.307154471820380248e-01,5.178339784864264272e-01,0.000000000000000000e+00,4.760391115155385156e-01,0.000000000000000000e+00,0.000000000000000000e+00,0.000000000000000000e+00,0.000000000000000000e+00,5.454423515664320599e-01,0.000000000000000000e+00,0.000000000000000000e+00,5.062629472103897799e-01,0.000000000000000000e+00,4.884831380774434795e-01,5.586863275220108616e-01,0.000000000000000000e+00,5.125625767812828082e-01,0.000000000000000000e+00,0.000000000000000000e+00,0.000000000000000000e+00,4.441118383419528914e-01,0.000000000000000000e+00,0.000000000000000000e+00,0.000000000000000000e+00,5.532557047813408957e-01,4.603974558797828132e-01,4.366992643396219176e-01,4.414823250568575275e-01,5.187391804098380188e-01,0.000000000000000000e+00,0.000000000000000000e+00,4.605138128186392898e-01,5.104841524931392760e-01,5.141117061567174185e-01,4.845155485203537227e-01,5.265146412629970740e-01,5.288456821004881014e-01
0.000000000000000000e+00,4.252319497036399221e-01,4.476409592996994924e-01,2.725759374297324067e-01,3.420136482587163851e-01,4.255278770761343199e-01,0.000000000000000000e+00,4.134385158403651173e-01,4.182582693542047925e-01,3.679398440532167247e-01,4.133742572245144853e-01,3.329796682954287990e-01,3.477083588068821118e-01,3.499445596952582838e-01,0.000000000000000000e+00,4.611449691307722976e-01,0.000000000000000000e+00,4.375016443917233988e-01,4.396304060540128789e-01,4.372951903008024943e-01,0.000000000000000000e+00,4.675451825732291899e-01,4.379327668640056181e-01,0.000000000000000000e+00,4.218281111152156759e-01,0.000000000000000000e+00,4.438073040075862230e-01,3.425322099702625134e-01,4.176826762423492823e-01,4.330843788270111183e-01,4.164688994679632827e-01,4.032255645919218257e-01,3.789046137945414894e-01,4.030037877561368775e-01,3.833201089599542755e-01,2.855115788767396134e-01,2.683835715331456817e-01,3.291717078970072263e-01,0.000000000000000000e+00,0.000000000000000000e+00,0.000000000000000000e+00,0.000000000000000000e+00,3.776493251510525950e-01,0.000000000000000000e+00,0.000000000000000000e+00,0.000000000000000000e+00,0.000000000000000000e+00,0.000000000000000000e+00,0.000000000000000000e+00,0.000000000000000000e+00,0.000000000000000000e+00,0.000000000000000000e+00,4.590170383453369141e-01,0.000000000000000000e+00,0.000000000000000000e+00,0.000000000000000000e+00,0.000000000000000000e+00,0.000000000000000000e+00,0.000000000000000000e+00,0.000000000000000000e+00,0.000000000000000000e+00,0.000000000000000000e+00,0.000000000000000000e+00,0.000000000000000000e+00,0.000000000000000000e+00,0.000000000000000000e+00,0.000000000000000000e+00,5.105042040882202814e-01,0.000000000000000000e+00,0.000000000000000000e+00,0.000000000000000000e+00,5.049366297053137220e-01,0.000000000000000000e+00,0.000000000000000000e+00,0.000000000000000000e+00,0.000000000000000000e+00
5.054870444693825293e-01,4.453085474847066072e-01,4.772027448738295763e-01,2.662125261719783809e-01,3.642193457452729266e-01,4.188122080113516055e-01,4.134385158403651173e-01,0.000000000000000000e+00,4.983151248434317115e-01,4.338513534103851099e-01,3.479444786986133908e-01,4.178118132262518825e-01,4.429646974807205928e-01,3.311119973513169112e-01,4.240833177267585019e-01,4.207883011807330154e-01,0.000000000000000000e+00,0.000000000000000000e+00,4.711825974030743880e-01,4.155112389068392753e-01,4.255435019218332116e-01,4.337167369100025094e-01,3.951171754905504208e-01,5.198763678530948784e-01,4.324937000885452076e-01,4.672487286707244780e-01,4.931451937952066045e-01,4.349909093163905061e-01,3.931521820184200045e-01,4.225383665037336089e-01,4.456548085585709806e-01,3.684132381250506127e-01,3.811356508491697825e-01,4.445510249061984109e-01,4.499872511702658895e-01,2.626767746212357868e-01,4.283369166124770255e-01,4.179815466473528751e-01,4.728258714657119222e-01,4.023428795053197171e-01,5.157599666405502381e-01,4.765291213989257812e-01,4.227261929506552773e-01,0.000000000000000000e+00,0.000000000000000000e+00,4.162984861832618178e-01,4.746748515373886979e-01,5.732005310749495042e-01,0.000000000000000000e+00,4.443639300220014743e-01,5.010101551551573440e-01,0.000000000000000000e+00,4.539994698800292050e-01,5.659794184569959530e-01,0.000000000000000000e+00,4.948749556318924880e-01,0.000000000000000000e+00,5.042229566905154226e-01,4.885872081853461224e-01,4.477701520115109912e-01,4.812979300119025750e-01,0.000000000000000000e+00,0.000000000000000000e+00,5.533725700376441736e-01,4.948170075021388059e-01,3.279737985197020977e-01,4.853567040094017848e-01,5.246834418653797405e-01,0.000000000000000000e+00,0.000000000000000000e+00,4.701944722657047104e-01,5.357640224533949391e-01,5.080321445596015506e-01,4.827416467114296061e-01,4.831131237096861764e-01,5.274452545170861262e-01
0.000000000000000000e+00,3.976018771145988229e-01,3.269861104532325036e-01,4.262716496326007243e-01,3.642527930258098179e-01,3.660439314113052012e-01,4.182582693542047925e-01,4.983151248434317115e-01,0.000000000000000000e+00,4.578010466059078132e-01,3.448475527706215127e-01,4.298775422322381745e-01,4.488387314551525176e-01,4.137571795092513938e-01,0.000000000000000000e+00,4.400513473961085165e-01,0.000000000000000000e+00,4.243421713210258073e-01,3.004987978215261091e-01,4.252938235442261794e-01,0.000000000000000000e+00,4.514655128228937109e-01,4.468299822370914165e-01,0.000000000000000000e+00,3.963078240855348877e-01,0.000000000000000000e+00,4.006097742166800924e-01,4.644020647037395144e-01,4.007561895540093788e-01,4.269711767576858108e-01,4.834756526499873752e-01,4.543977622629670754e-01,4.298122406369824788e-01,4.707510581120832871e-01,4.702820364255260177e-01,4.544616283720089855e-01,4.490632574934543264e-01,4.328063155165771114e-01,4.907003247372206944e-01,0.000000000000000000e+00,0.000000000000000000e+00,0.000000000000000000e+00,4.844429566109348939e-01,0.000000000000000000e+00,0.000000000000000000e+00,0.000000000000000000e+00,0.000000000000000000e+00,5.647303586307800272e-01,0.000000000000000000e+00,0.000000000000000000e+00,5.335018349442566254e-01,0.000000000000000000e+00,5.401784633823200066e-01,5.699795652141571578e-01,0.000000000000000000e+00,0.000000000000000000e+00,0.000000000000000000e+00,0.000000000000000000e+00,5.002032728493689406e-01,0.000000000000000000e+00,0.000000000000000000e+00,0.000000000000000000e+00,0.000000000000000000e+00,5.527573106994208008e-01,0.000000000000000000e+00,0.000000000000000000e+00,0.000000000000000000e+00,5.536429466353192108e-01,0.000000000000000000e+00,0.000000000000000000e+00,0.000000000000000000e+00,5.488663849411162809e-01,0.000000000000000000e+00,0.000000000000000000e+00,0.000000000000000000e+00,0.000000000000000000e+00
4.302553146816515128e-01,0.000000000000000000e+00,4.595563235516385014e-01,2.512266652487730734e-01,3.625256534308927137e-01,4.477121102595100766e-01,3.679398440532167247e-01,4.338513534103851099e-01,4.578010466059078132e-01,0.000000000000000000e+00,4.361453163284124135e-01,2.817151003652946240e-01,3.784200004014011132e-01,3.737215785883645225e-01,4.073350244966397748e-01,3.700255892071990238e-01,3.284118634281006921e-01,3.555609437980483123e-01,4.515412266453185941e-01,3.946564080185900880e-01,4.712287221981992236e-01,3.680701975630831235e-01,4.389794157445960909e-01,3.181811399188064216e-01,3.179309318193724865e-01,3.388698731073632731e-01,4.432812987043375230e-01,3.720944785113939890e-01,4.027265310287476141e-01,0.000000000000000000e+00,3.502317564349727852e-01,3.313863988245567826e-01,3.029225170024035796e-01,3.070226550039706903e-01,2.806871848460413821e-01,3.098350987013966940e-01,2.694522278309782748e-01,2.701194618269183167e-01,2.907851866907634197e-01,3.419394899928165921e-01,3.607587555600312856e-01,4.029363764840712125e-01,0.000000000000000000e+00,0.000000000000000000e+00,3.240390030957674972e-01,4.625565579040010755e-01,0.000000000000000000e+00,0.000000000000000000e+00,0.000000000000000000e+00,0.000000000000000000e+00,0.000000000000000000e+00,0.000000000000000000e+00,0.000000000000000000e+00,0.000000000000000000e+00,4.331442577347107137e-01,0.000000000000000000e+00,4.437282358596658094e-01,4.159690387382913856e-01,0.000000000000000000e+00,0.000000000000000000e+00,0.000000000000000000e+00,4.267277963910464100e-01,3.814907041223002948e-01,0.000000000000000000e+00,0.000000000000000000e+00,3.911380469799041748e-01,0.000000000000000000e+00,0.000000000000000000e+00,4.301645621440647882e-01,4.025004527763714202e-01,4.422492592469093875e-01,0.000000000000000000e+00,4.141834830782117893e-01,0.000000000000000000e+00,0.000000000000000000e+00,4.049997813146393177e-01
0.000000000000000000e+00,0.000000000000000000e+00,3.526848407076108027e-01,3.621844952999659917e-01,3.349788238183615818e-01,3.742861023038441814e-01,4.133742572245144853e-01,3.479444786986133908e-01,3.448475527706215127e-01,4.361453163284124135e-01,0.000000000000000000e+00,4.070741903215240876e-01,4.452627122485880995e-01,2.889160567897142151e-01,0.000000000000000000e+00,0.000000000000000000e+00,0.000000000000000000e+00,0.000000000000000000e+00,3.016617791076828814e-01,0.000000000000000000e+00,0.000000000000000000e+00,0.000000000000000000e+00,3.261421836101682237e-01,0.000000000000000000e+00,0.000000000000000000e+00,0.000000000000000000e+00,4.245972515520728963e-01,4.303121794410947887e-01,0.000000000000000000e+00,0.000000000000000000e+00,4.704718486578531866e-01,3.926653321146563735e-01,0.000000000000000000e+00,4.451303736498998798e-01,4.316414632667435747e-01,3.309105166412789067e-01,4.220765476701224261e-01,4.095057193157902731e-01,3.979745279324052865e-01,0.000000000000000000e+00,0.000000000000000000e+00,0.000000000000000000e+00,3.935939541270602193e-01,0.000000000000000000e+00,0.000000000000000000e+00,0.000000000000000000e+00,0.000000000000000000e+00,5.152741494295201008e-01,0.000000000000000000e+00,3.997837007045745850e-01,4.742497173880900196e-01,0.000000000000000000e+00,4.468206663685382884e-01,5.153648809520714469e-01,0.000000000000000000e+00,4.322857610703089160e-01,0.000000000000000000e+00,0.000000000000000000e+00,4.411457568475322111e-01,0.000000000000000000e+00,0.000000000000000000e+00,0.000000000000000000e+00,0.000000000000000000e+00,4.814495018608896948e-01,0.000000000000000000e+00,0.000000000000000000e+00,0.000000000000000000e+00,5.074168989788446771e-01,0.000000000000000000e+00,0.000000000000000000e+00,0.000000000000000000e+00,5.001411581127266359e-01,0.000000000000000000e+00,0.000000000000000000e+00,0.000000000000000000e+00,0.000000000000000000e+00
4.164521712863237246e-01,0.000000000000000000e+00,0.000000000000000000e+00,2.577395453659314106e-01,3.522302782494520779e-01,3.984443986786143088e-01,3.329796682954287990e-01,4.178118132262518825e-01,4.298775422322381745e-01,2.817151003652946240e-01,4.070741903215240876e-01,0.000000000000000000e+00,3.411029091016041237e-01,3.748881464068817837e-01,4.317246878422558165e-01,0.000000000000000000e+00,3.377447542088227728e-01,3.362441350378939098e-01,4.238944341654283798e-01,3.626080913007517781e-01,4.697197284669428208e-01,3.666003048419951837e-01,4.055798014185337252e-01,2.843053916829840211e-01,3.232088893126666140e-01,3.216301948827914869e-01,4.040975815518531022e-01,3.312718246691114810e-01,3.788507385794337989e-01,0.000000000000000000e+00,2.999815724649637083e-01,2.498173109536878100e-01,2.433376413640032931e-01,2.211107240397960916e-01,2.629371010909291040e-01,2.723914844367821830e-01,2.592140090628908822e-01,1.816332358382282963e-01,2.762667907815387069e-01,2.818736878981333849e-01,2.959995172057612867e-01,2.862788954443800105e-01,2.981421649676451735e-01,2.793700467717468161e-01,2.486619995980441922e-01,4.760688724488323920e-01,0.000000000000000000e+00,0.000000000000000000e+00,0.000000000000000000e+00,0.000000000000000000e+00,0.000000000000000000e+00,0.000000000000000000e+00,0.000000000000000000e+00,4.654645919799805243e-01,4.503550361771188060e-01,0.000000000000000000e+00,4.561669341423972845e-01,4.329248346055710184e-01,0.000000000000000000e+00,0.000000000000000000e+00,0.000000000000000000e+00,4.354359066334352879e-01,4.144279408589758851e-01,0.000000000000000000e+00,0.000000000000000000e+00,0.000000000000000000e+00,0.000000000000000000e+00,0.000000000000000000e+00,4.109968452447286813e-01,4.243633793106432739e-01,4.538853780145685746e-01,0.000000000000000000e+00,4.007858497832391120e-01,0.000000000000000000e+00,0.000000000000000000e+00,4.245511594556781176e-01
0.000000000000000000e+00,4.432030955116348925e-01,4.750198733359762837e-01,3.134272791484756238e-01,3.918364533475349187e-01,4.160041179094073893e-01,3.477083588068821118e-01,4.429646974807205928e-01,4.488387314551525176e-01,3.784200004014011132e-01,4.452627122485880995e-01,3.411029091016041237e-01,0.000000000000000000e+00,3.788840468445999754e-01,0.000000000000000000e+00,4.722317526971712143e-01,4.119810305341324863e-01,4.542828408569158927e-01,4.588284231178296757e-01,4.388920000263608068e-01,4.500647260803933847e-01,4.784840457017965898e-01,4.560028324888703022e-01,3.697163775359708082e-01,4.409531894867532165e-01,4.207984821934778186e-01,4.578099969559665805e-01,3.401020563384284934e-01,4.009778137164902723e-01,4.274270285940042768e-01,3.985237874357089871e-01,3.965942783469139088e-01,3.603978973546433928e-01,3.914643625358434909e-01,3.558295878669974766e-01,3.175911827450477176e-01,3.133922494380306234e-01,3.260355462573861218e-01,3.989515525597682188e-01,0.000000000000000000e+00,2.993743733779468119e-01,3.452729880809783936e-01,3.861259895124435904e-01,0.000000000000000000e+00,0.000000000000000000e+00,0.000000000000000000e+00,0.000000000000000000e+00,0.000000000000000000e+00,0.000000000000000000e+00,0.000000000000000000e+00,5.179376364867473992e-01,0.000000000000000000e+00,4.971685695627980905e-01,0.000000000000000000e+00,0.000000000000000000e+00,0.000000000000000000e+00,0.000000000000000000e+00,0.000000000000000000e+00,0.000000000000000000e+00,0.000000000000000000e+00,0.000000000000000000e+00,0.000000000000000000e+00,0.000000000000000000e+00,0.000000000000000000e+00,5.113928831770339078e-01,0.000000000000000000e+00,0.000000000000000000e+00,5.232319208044554637e-01,0.000000000000000000e+00,0.000000000000000000e+00,0.000000000000000000e+00,5.220819200654949199e-01,0.000000000000000000e+00,5.027186716508104114e-01,0.000000000000000000e+00,0.000000000000000000e+00
0.000000000000000000e+00,0.000000000000000000e+00,4.114668543654612098e-01,1.833099149456594024e-01,3.098818367789815120e-01,4.124283509402321135e-01,3.499445596952582838e-01,3.311119973513169112e-01,4.137571795092513938e-01,3.737215785883645225e-01,2.889160567897142151e-01,3.748881464068817837e-01,3.788840468445999754e-01,0.000000000000000000e+00,0.000000000000000000e+00,0.000000000000000000e+00,0.000000000000000000e+00,0.000000000000000000e+00,3.997632363981222237e-01,4.242008626461029053e-01,0.000000000000000000e+00,0.000000000000000000e+00,3.802344776479639199e-01,0.000000000000000000e+00,0.000000000000000000e+00,0.000000000000000000e+00,4.797517842581460190e-01,2.896828489787334204e-01,0.000000000000000000e+00,0.000000000000000000e+00,4.235704995521493155e-01,2.231313095833820925e-01,0.000000000000000000e+00,3.930126026622072777e-01,3.385699987411499023e-01,1.594847255390370866e-01,1.497478170167761968e-01,0.000000000000000000e+00,0.000000000000000000e+00,0.000000000000000000e+00,0.000000000000000000e+00,0.000000000000000000e+00,3.477353560033998869e-01,0.000000000000000000e+00,0.000000000000000000e+00,0.000000000000000000e+00,0.000000000000000000e+00,4.975971161464747827e-01,0.000000000000000000e+00,4.503337560907282877e-01,0.000000000000000000e+00,0.000000000000000000e+00,0.000000000000000000e+00,0.000000000000000000e+00,0.000000000000000000e+00,3.999894364280595083e-01,0.000000000000000000e+00,0.000000000000000000e+00,5.029544830322265625e-01,0.000000000000000000e+00,0.000000000000000000e+00,0.000000000000000000e+00,0.000000000000000000e+00,5.115722081361326889e-01,0.000000000000000000e+00,0.000000000000000000e+00,0.000000000000000000e+00,4.320353705622944074e-01,0.000000000000000000e+00,0.000000000000000000e+00,0.000000000000000000e+00,4.343098202499997007e-01,0.000000000000000000e+00,0.000000000000000000e+00,0.000000000000000000e+00,0.000000000000000000e+00
3.704435287592314219e-01,4.205705606598795221e-01,0.000000000000000000e+00,4.342325095177025918e-01,0.000000000000000000e+00,4.166490169966173829e-01,0.000000000000000000e+00,4.240833177267585019e-01,0.000000000000000000e+00,4.073350244966397748e-01,0.000000000000000000e+00,4.317246878422558165e-01,0.000000000000000000e+00,0.000000000000000000e+00,0.000000000000000000e+00,3.992604508761334881e-01,3.775204577198180145e-01,3.778088574610420913e-01,0.000000000000000000e+00,3.870794064129878254e-01,3.916490623085088774e-01,3.556254122426477093e-01,3.975035109214862250e-01,4.612270701629074265e-01,3.723470514299643819e-01,4.130090250460087264e-01,4.349103727490364890e-01,4.078974778532447054e-01,4.033458144072082918e-01,3.970994959203483221e-01,3.959603409291693743e-01,4.136200734095519804e-01,3.687103594564469233e-01,4.057507796811242184e-01,4.387966718856671777e-01,4.784309152919996033e-01,0.000000000000000000e+00,0.000000000000000000e+00,4.785795400803530275e-01,4.684567758797711923e-01,4.753821280895548229e-01,5.074911378680890817e-01,0.000000000000000000e+00,0.000000000000000000e+00,0.000000000000000000e+00,4.646150412665088769e-01,4.951860566658148888e-01,0.000000000000000000e+00,0.000000000000000000e+00,0.000000000000000000e+00,4.642129450748218034e-01,0.000000000000000000e+00,4.973236673983156830e-01,0.000000000000000000e+00,0.000000000000000000e+00,0.000000000000000000e+00,0.000000000000000000e+00,0.000000000000000000e+00,0.000000000000000000e+00,4.434659660332080922e-01,4.562960611989713144e-01,0.000000000000000000e+00,0.000000000000000000e+00,0.000000000000000000e+00,4.529153330743039274e-01,4.717900698804374238e-01,4.932714661185642058e-01,4.928257163824171228e-01,0.000000000000000000e+00,4.323671162176243032e-01,5.067375763539327949e-01,4.986859410992527941e-01,5.006348476307482809e-01,4.716373958463844773e-01,0.000000000000000000e+00,4.621058946680225987e-01
3.626202193598079826e-01,4.051859907717975107e-01,0.000000000000000000e+00,0.000000000000000000e+00,4.446884185420765245e-01,4.373515209533384018e-01,4.611449691307722976e-01,4.207883011807330154e-01,4.400513473961085165e-01,3.700255892071990238e-01,0.000000000000000000e+00,0.000000000000000000e+00,4.722317526971712143e-01,0.000000000000000000e+00,3.992604508761334881e-01,0.000000000000000000e+00,3.642960094396068271e-01,3.654020653480581915e-01,0.000000000000000000e+00,4.286027734134492118e-01,3.873975661468658793e-01,4.004150860953867852e-01,4.130212465302601776e-01,3.507076799609906148e-01,3.604607997067346137e-01,3.879137392186703948e-01,4.356652567500973738e-01,4.481992784454720824e-01,4.475790873926683844e-01,4.141152629323953116e-01,3.578134437283103098e-01,4.228099253279846148e-01,3.601502123799774080e-01,3.933560530733338223e-01,4.097168204689906057e-01,0.000000000000000000e+00,0.000000000000000000e+00,0.000000000000000000e+00,4.252822133019125150e-01,3.981930100811389983e-01,4.093586959910064937e-01,4.296234481563179219e-01,0.000000000000000000e+00,0.000000000000000000e+00,0.000000000000000000e+00,4.219804224830587258e-01,4.527681845119325144e-01,0.000000000000000000e+00,0.000000000000000000e+00,0.000000000000000000e+00,0.000000000000000000e+00,0.000000000000000000e+00,0.000000000000000000e+00,0.000000000000000000e+00,3.995389376552784255e-01,0.000000000000000000e+00,4.304904142461349892e-01,0.000000000000000000e+00,0.000000000000000000e+00,4.589127822774892729e-01,4.318875666763329901e-01,3.906188612500081092e-01,4.037484756844944012e-01,0.000000000000000000e+00,4.470659753521460944e-01,4.042773742654987013e-01,4.380244268225422233e-01,0.000000000000000000e+00,4.271699453019719983e-01,4.198108302996695906e-01,4.490745289503437210e-01,4.853905991329827141e-01,0.000000000000000000e+00,0.000000000000000000e+00,0.000000000000000000e+00,3.917657240188492929e-01
0.000000000000000000e+00,0.000000000000000000e+00,0.000000000000000000e+00,0.000000000000000000e+00,0.000000000000000000e+00,3.722029078410805103e-01,0.000000000000000000e+00,0.000000000000000000e+00,0.000000000000000000e+00,3.284118634281006921e-01,0.000000000000000000e+00,3.377447542088227728e-01,4.119810305341324863e-01,0.000000000000000000e+00,3.775204577198180145e-01,3.642960094396068271e-01,0.000000000000000000e+00,3.280765024367540139e-01,0.000000000000000000e+00,3.875503990332588855e-01,0.000000000000000000e+00,3.651316454676472034e-01,0.000000000000000000e+00,3.421600788825246986e-01,3.356058407456293802e-01,3.367297461821677773e-01,3.819122852343286856e-01,4.012349670391783807e-01,4.180321124286391909e-01,0.000000000000000000e+00,3.463220232033548118e-01,3.960642902132878729e-01,3.159544565508303759e-01,3.627544652763171062e-01,3.656520500912577853e-01,0.000000000000000000e+00,0.000000000000000000e+00,2.943341512514959235e-01,0.000000000000000000e+00,3.079769034468519129e-01,3.476055389898713988e-01,0.000000000000000000e+00,0.000000000000000000e+00,0.000000000000000000e+00,0.000000000000000000e+00,0.000000000000000000e+00,0.000000000000000000e+00,0.000000000000000000e+00,0.000000000000000000e+00,0.000000000000000000e+00,0.000000000000000000e+00,0.000000000000000000e+00,0.000000000000000000e+00,0.000000000000000000e+00,3.883653904440327875e-01,0.000000000000000000e+00,4.036954701400630174e-01,0.000000000000000000e+00,0.000000000000000000e+00,0.000000000000000000e+00,0.000000000000000000e+00,4.054099905964992923e-01,3.914544469261477255e-01,0.000000000000000000e+00,0.000000000000000000e+00,0.000000000000000000e+00,0.000000000000000000e+00,0.000000000000000000e+00,3.715590754401553175e-01,3.962235631433133065e-01,4.127400166494847866e-01,0.000000000000000000e+00,0.000000000000000000e+00,0.000000000000000000e+00,0.000000000000000000e+00,3.072654698710847732e-01
3.509389231134238951e-01,4.037992416466852919e-01,0.000000000000000000e+00,0.000000000000000000e+00,4.123457640791455270e-01,4.093142111861046151e-01,4.375016443917233988e-01,0.000000000000000000e+00,4.243421713210258073e-01,3.555609437980483123e-01,0.000000000000000000e+00,3.362441350378939098e-01,4.542828408569158927e-01,0.000000000000000000e+00,3.778088574610420913e-01,3.654020653480581915e-01,3.280765024367540139e-01,0.000000000000000000e+00,0.000000000000000000e+00,4.170281956587407191e-01,3.725873676800637857e-01,3.977827383422513075e-01,4.044869972843199157e-01,3.445199784331295922e-01,3.669574739436647914e-01,3.689442835381204211e-01,4.086187292821855110e-01,4.390270275531590882e-01,4.391384029055295235e-01,4.061572559197805243e-01,3.615629441606754146e-01,4.049554672484371176e-01,3.320343994112848751e-01,3.733981249605060060e-01,3.879949806960826808e-01,0.000000000000000000e+00,0.000000000000000000e+00,0.000000000000000000e+00,4.138073385704993945e-01,3.822931693932795083e-01,3.991374023468592935e-01,4.216708973540120864e-01,0.000000000000000000e+00,0.000000000000000000e+00,0.000000000000000000e+00,4.218268589458336049e-01,4.336443421884073057e-01,0.000000000000000000e+00,0.000000000000000000e+00,0.000000000000000000e+00,0.000000000000000000e+00,0.000000000000000000e+00,0.000000000000000000e+00,0.000000000000000000e+00,3.981100397614398823e-01,0.000000000000000000e+00,4.146222707198694013e-01,0.000000000000000000e+00,0.000000000000000000e+00,4.379817598950541124e-01,4.201547825106349832e-01,4.035536518401581785e-01,4.063726825908390849e-01,0.000000000000000000e+00,0.000000000000000000e+00,0.000000000000000000e+00,4.234910806518801807e-01,0.000000000000000000e+00,4.204842521373405861e-01,4.149529183267638976e-01,4.357427337916022769e-01,0.000000000000000000e+00,0.000000000000000000e+00,0.000000000000000000e+00,0.000000000000000000e+00,4.054921502628586194e-01
0.000000000000000000e+00,0.000000000000000000e+00,2.942159610929098723e-01,4.150270657297888133e-01,3.909512388567181751e-01,3.836442100508766773e-01,4.396304060540128789e-01,4.711825974030743880e-01,3.004987978215261091e-01,4.515412266453185941e-01,3.016617791076828814e-01,4.238944341654283798e-01,4.588284231178296757e-01,3.997632363981222237e-01,0.000000000000000000e+00,0.000000000000000000e+00,0.000000000000000000e+00,0.000000000000000000e+00,0.000000000000000000e+00,0.000000000000000000e+00,0.000000000000000000e+00,0.000000000000000000e+00,3.430928476012857220e-01,0.000000000000000000e+00,0.000000000000000000e+00,0.000000000000000000e+00,4.292147141507632879e-01,4.647769964899515216e-01,0.000000000000000000e+00,0.000000000000000000e+00,4.793387121524619876e-01,4.537611295160671188e-01,0.000000000000000000e+00,4.664812984800750240e-01,4.655915561964126259e-01,4.231484330210428801e-01,4.486501206976015177e-01,4.312790071212379006e-01,5.044555731821012134e-01,0.000000000000000000e+00,0.000000000000000000e+00,0.000000000000000000e+00,4.990498895291060055e-01,0.000000000000000000e+00,0.000000000000000000e+00,0.000000000000000000e+00,0.000000000000000000e+00,5.700425869771011955e-01,0.000000000000000000e+00,0.000000000000000000e+00,5.398370656569280168e-01,0.000000000000000000e+00,5.628888388725836744e-01,5.737663843577982536e-01,0.000000000000000000e+00,4.998283376707594039e-01,0.000000000000000000e+00,0.000000000000000000e+00,5.091203754748387933e-01,0.000000000000000000e+00,0.000000000000000000e+00,0.000000000000000000e+00,0.000000000000000000e+00,5.648523760831083429e-01,0.000000000000000000e+00,0.000000000000000000e+00,0.000000000000000000e+00,5.472189284130141163e-01,0.000000000000000000e+00,0.000000000000000000e+00,0.000000000000000000e+00,5.552091629018996999e-01,0.000000000000000000e+00,0.000000000000000000e+00,0.000000000000000000e+00,0.000000000000000000e+00
4.295456414822572122e-01,4.257585217257419119e-01,0.000000000000000000e+00,4.395957302572148784e-01,4.277638881127289183e-01,4.146570161154358725e-01,4.372951903008024943e-01,4.155112389068392753e-01,4.252938235442261794e-01,3.946564080185900880e-01,0.000000000000000000e+00,3.626080913007517781e-01,4.388920000263608068e-01,4.242008626461029053e-01,3.870794064129878254e-01,4.286027734134492118e-01,3.875503990332588855e-01,4.170281956587407191e-01,0.000000000000000000e+00,0.000000000000000000e+00,4.117176095939548142e-01,4.056743297632027789e-01,3.626543178874969131e-01,4.643861900140492938e-01,3.940045733141416817e-01,4.529357774691515903e-01,3.784202365402603019e-01,3.863673801638963234e-01,3.509306245315721995e-01,3.607159989696261948e-01,3.980638738547586097e-01,4.493520582547779196e-01,3.880821517435918966e-01,4.385820224803981815e-01,4.627483522141673800e-01,4.963508289331096113e-01,4.554559918393784046e-01,0.000000000000000000e+00,4.793625262039329926e-01,4.628710577262648007e-01,4.738343872877047724e-01,4.875268494746857195e-01,0.000000000000000000e+00,0.000000000000000000e+00,0.000000000000000000e+00,0.000000000000000000e+00,4.516086509074023758e-01,0.000000000000000000e+00,0.000000000000000000e+00,0.000000000000000000e+00,4.657300188229189786e-01,0.000000000000000000e+00,4.950204058226785886e-01,0.000000000000000000e+00,0.000000000000000000e+00,0.000000000000000000e+00,0.000000000000000000e+00,0.000000000000000000e+00,0.000000000000000000e+00,4.770319892822393881e-01,0.000000000000000000e+00,0.000000000000000000e+00,0.000000000000000000e+00,0.000000000000000000e+00,4.783947145961234271e-01,4.574544018917581223e-01,4.752446765881405133e-01,4.973563287840784830e-01,0.000000000000000000e+00,0.000000000000000000e+00,4.778419338778299164e-01,4.940853590875347034e-01,4.925601735613803211e-01,4.780439935214195746e-01,0.000000000000000000e+00,4.684714093647956989e-01
4.071511317673113806e-01,3.732751140380671240e-01,0.000000000000000000e+00,0.000000000000000000e+00,0.000000000000000000e+00,4.042409816407955270e-01,0.000000000000000000e+00,4.255435019218332116e-01,0.000000000000000000e+00,4.712287221981992236e-01,0.000000000000000000e+00,4.697197284669428208e-01,4.500647260803933847e-01,0.000000000000000000e+00,3.916490623085088774e-01,3.873975661468658793e-01,0.000000000000000000e+00,3.725873676800637857e-01,0.000000000000000000e+00,4.117176095939548142e-01,0.000000000000000000e+00,3.996019498382585855e-01,4.264564744439073851e-01,5.071202815456929969e-01,3.867072362454883061e-01,4.048169946187327728e-01,4.356812421100014210e-01,4.268920832007087052e-01,3.902199878852025128e-01,4.074285587194250158e-01,3.784724883952034213e-01,4.050077448120159018e-01,3.553001012816207060e-01,3.859544359495826749e-01,4.261122719735234154e-01,4.751732787616829157e-01,0.000000000000000000e+00,4.505429267883300781e-01,4.474367375464859964e-01,4.050777113687197839e-01,4.396797788161754816e-01,4.850269213506163135e-01,0.000000000000000000e+00,0.000000000000000000e+00,0.000000000000000000e+00,4.274448358051514130e-01,4.717433947508927194e-01,0.000000000000000000e+00,0.000000000000000000e+00,0.000000000000000000e+00,4.374727143585264155e-01,0.000000000000000000e+00,4.163657380389932938e-01,0.000000000000000000e+00,5.183455275919006677e-01,0.000000000000000000e+00,0.000000000000000000e+00,0.000000000000000000e+00,0.000000000000000000e+00,4.616015732397052984e-01,4.437204298434384020e-01,0.000000000000000000e+00,0.000000000000000000e+00,0.000000000000000000e+00,4.685526120670686079e-01,3.730888407933075079e-01,4.728286633469416800e-01,4.772146534078823277e-01,0.000000000000000000e+00,4.464603880610064079e-01,4.797639539846094148e-01,4.944547609983926950e-01,4.859615265484503177e-01,4.694926918467439148e-01,0.000000000000000000e+00,0.000000000000000000e+00
