0.0,0.06339440827578521,0.1856087561607979,0.08517398465668617,0.2270226302384923,0.0,0.06015792679573562,0.10122302744281293,0.16754928463655822,0.30803198398130577,0.2311798377363401,0.0,0.0,0.0,0.24727748931071483,0.6018093512582027,0.12198961000657746,0.2895501365115637,0.28036994565238677,0.30284627813192194,0.36970982384239465,0.297609443768633,0.17632382373302766,0.1863377483269268,0.4919456157614633,0.2708577000101774,0.16384161169096195,0.2517308096139103,0.4160360495377284,0.23805913259849185,0.4031605469769674,0.0946019321419869,0.2969879825744114,0.16477309187661532,0.0023228151712516368,0.0,0.0,0.0,0.03340371477084893,0.17275381144687105,0.00019125741172479303,0.0,0.0,0.0,0.2521340023637494,0.6715332666494599,0.1733982321521231,0.15093710558156206,0.05745335920157055,0.1521702813291232,0.0,0.23450314128061292,0.035106710250284535,0.24539220245675838,0.20291754593927575,0.1691226617887328,0.0,0.0,0.0,0.14406765797888615,0.25148751020984034,0.16513522598865665,0.38101568395052776,0.30575901991867727,0.177313711854747,0.39651151166831194,0.2664203827151632,0.13071867386082184,0.0981841346119974,0.3840525310282955,0.11427369841474737,0.1483843093948212,0.13297465260685065,0.43993216424820797,0.11414251702461768,0.3027414715192224
0.06339440827578521,0.0,0.23908578874796602,0.14920777857687006,0.13357571518964448,0.659400258923713,0.0,0.35054051575404654,0.0,0.2369854297490118,0.09200576192621382,0.35915801009405696,0.6355400759991844,0.0,0.4312701026996474,0.19853761389259772,0.25584683345446363,0.49371840314627785,0.13425716365866286,0.3992394960535018,0.1565381859362804,0.5479863170545513,0.39425653964011714,0.08790727002474126,0.41065022417485,0.30577343153170683,0.5044915522578274,0.43664045794467954,0.17270007279674673,0.040083078466789976,0.0,0.0,0.0,0.0,0.0,0.40344370098712695,0.32186624503111455,0.0,0.0,0.0,0.1778366205970337,0.0,0.244733685361742,0.24634715658132228,0.0,0.0,0.640362049302475,0.3357854815918077,0.19687313526299954,0.0,0.6267662784985532,0.0,0.34410771941063073,0.1602285734771181,0.426454668111477,0.20741373196904123,0.08238970719252044,0.4084814625630385,0.0,0.5221487356194473,0.13749006646356107,0.3297137347081123,0.0,0.24848188173829286,0.5795874868366958,0.19556366688281535,0.45703176235741744,0.42153001170533666,0.0,0.0,0.22521788653497607,0.49930206902197594,0.359271631654763,0.2535326327742104,0.41641487034968755,0.0
0.1856087561607979,0.23908578874796602,0.0,0.3140381438554673,0.37459588950299166,0.4018199848932564,0.22797285570258843,0.41195837688010783,0.3488034923486955,0.13968896110334164,0.4974486852081476,0.107809649277751,0.20208910873360947,0.13871634624676918,0.358140144098352,0.0918637393445432,0.12039043735916352,0.087044359869177,0.6915079229785458,0.39767145365859,0.23675174944976005,0.32183471907211025,0.3932447719421281,0.0,0.2752365804752352,0.04795711936235864,0.2904213609564243,0.30804149394927133,0.28493718768609055,0.2804599775184278,0.15058429637659573,0.030885755984572823,0.0,0.24229902862717975,0.0,0.2955005332667715,0.09027898967050946,0.0,0.014891290731243777,0.0,0.065893390137625,0.0,0.0,0.0,0.09045553889992186,0.10099511307938804,0.3810086464023357,0.7454734140061324,0.2191954357132697,0.13291845464618804,0.329781957945457,0.19172553933104047,0.3900469812057004,0.4258385991641292,0.34984910954346066,0.3538174480204428,0.0,0.2068118434237193,0.0,0.37697569495062333,0.11373159829409236,0.07438383810193512,0.06621657197405402,0.5941249208964694,0.30123839703270483,0.3066852749084905,0.35135165502257376,0.36196787424859567,0.0,0.17481236953784973,0.01273994518005863,0.26358223695687877,0.08480192845264856,0.18638428291944323,0.1246766769932697,0.0
0.08517398465668617,0.14920777857687006,0.3140381438554673,0.0,0.35025311086168764,0.4395044159698713,0.17464922583066983,0.5748781094931529,0.0,0.0,0.1433507689943138,0.0,0.0,0.07223316237008717,0.5776602802315312,0.0,0.0,0.01044068876655672,0.38585186304822555,0.6203194256354977,0.5084737965556054,0.4176123695991494,0.6573351945918682,0.0,0.07016948086585895,0.0,0.5768543641122812,0.4795645792454689,0.5763880280397993,0.3839892185965384,0.0,0.0,0.0,0.30991054625867887,0.0,0.4266938431638375,0.2563949144753271,0.0,0.0,0.0,0.29836003299629293,0.0,0.0,0.0,0.0,0.10286536690177385,0.3209824725208505,0.6000503782773103,0.5922980253411609,0.0,0.4878246691395414,0.0,0.4616224839677149,0.08802163533441754,0.0,0.09264952607607801,0.0,0.0,0.0,0.4902977973868229,0.0,0.0,0.0,0.5970838595152363,0.19871204708555065,0.6506539444839051,0.2195805096212599,0.6615697342821129,0.0,0.0,0.0,0.5445767946663004,0.0,0.2376322620134875,0.1252982067822218,0.0
0.2270226302384923,0.13357571518964448,0.37459588950299166,0.35025311086168764,0.0,0.2884250991922085,0.6210180837840715,0.2898956051157369,0.594922974238112,0.27737758105423094,0.544247534434307,0.017696618381794014,0.261002671518195,0.4090045256166374,0.2740005096493882,0.24873726817216488,0.1767042389089741,0.10380896091045652,0.40229948733907334,0.5319919681081808,0.32825217054837513,0.4575575559670867,0.32050492054204743,0.0,0.25893528062723103,0.0,0.40872166571081764,0.5067978347905351,0.5624761931214507,0.3701163954796445,0.28932095542813413,0.023969046113739595,0.0,0.33232532244492,0.012423716013324544,0.2660284670372777,0.3222696963145898,0.0,0.019747659346377816,0.0,0.11422365762348172,0.0,0.13851140951895233,0.17145425748697657,0.020706699677860513,0.2268680719155933,0.4014231596779075,0.38797054109678314,0.28541709564307793,0.4146850072691737,0.20040332060591765,0.47992075714738847,0.25328415266188464,0.5999814907366812,0.48299853792172404,0.4658036117945437,0.0,0.22185991483204165,0.17426213768121462,0.28180983090997036,0.19355599204201057,0.10893996621321198,0.19050412696166372,0.44154757667687017,0.28253466226759666,0.4535220006685854,0.524601081001573,0.3093555134476021,0.0,0.43122108354276123,0.0,0.3679948087809739,0.11553102332330273,0.3225845132542429,0.10516467566140475,0.015605153396297837
0.0,0.659400258923713,0.4018199848932564,0.4395044159698713,0.2884250991922085,0.0,0.0,0.5854301039499757,0.011326334289492397,0.0,0.22714498627793392,0.22465145525213465,0.48506050635055514,0.0,0.531232423199008,0.0,0.045229034581384775,0.2563191297598334,0.25738250028975723,0.4205806514694744,0.36346514168650346,0.3573464203385476,0.6619067515297503,0.0,0.288522488972585,0.0701520811712921,0.6353732450068375,0.3511327468472461,0.24962563558078496,0.12508958258727268,0.0,0.0,0.0,0.0,0.0,0.39214505580915815,0.3014133975960014,0.0,0.0,0.0,0.22459184316678626,0.0,0.0,0.0,0.0,0.0,0.4861105428567769,0.5439855180292356,0.31947690462437944,0.0,0.7942585314936144,0.0,0.6224959870216409,0.3190837718188566,0.18392389391549002,0.2826709632318639,0.0,0.14441749769618284,0.0,0.6008355113427551,0.0,0.025482133627665365,0.0,0.3584724705117014,0.41742160848913895,0.39051105124347046,0.2265154664686887,0.6881716057291197,0.0,0.0,0.0,0.6207104975744647,0.027067126204823315,0.15811925280396272,0.2791177663638722,0.0
0.06015792679573562,0.0,0.22797285570258843,0.17464922583066983,0.6210180837840715,0.0,0.0,0.18506612021478336,0.4856894357310205,0.42445968781362814,0.2928617993612197,0.0,0.3700263765682449,0.5827220680485895,0.0,0.05079899801497656,0.21796098571701084,0.0,0.3118719418733726,0.3691329150558943,0.31524418869858417,0.25740209405401054,0.13225904917465167,0.0,0.0,0.0,0.0,0.10822985873295797,0.45242855799658344,0.25631880270827045,0.3676203682657345,0.05633468217325469,0.15827593978723176,0.6071922467449683,0.24949070853283453,0.21554738195211398,0.24575219056094763,0.0,0.0,0.0435914803370789,0.24473305500111245,0.0,0.10407858176864508,0.15504185140991344,0.0,0.0,0.1167717060929556,0.17644027304156984,0.27426859714577195,0.41201942753977683,0.0,0.5845217711670444,0.1701935643496274,0.2655633595169771,0.6060771270219384,0.17222511263165263,0.02149637559163734,0.0869192272981284,0.4283087538287962,0.0,0.17583201766247622,0.0,0.0,0.36394278561724913,0.0,0.27985206211312547,0.2678885771806439,0.07943959082655748,0.0,0.2648262976916039,0.0,0.0,0.0,0.0,0.0,0.0
0.10122302744281293,0.35054051575404654,0.41195837688010783,0.5748781094931529,0.2898956051157369,0.5854301039499757,0.18506612021478336,0.0,0.016545664492287983,0.06584909310943149,0.226601429621817,0.05859311343911217,0.21269173225978316,0.2641781887668031,0.5242351612928138,0.0,0.14460597457618296,0.026217742302877888,0.45183936071333086,0.5585573678491602,0.7169168118376734,0.45279971765058236,0.8358411216806986,0.0,0.10858229258252221,0.0,0.5429186213545348,0.3161014267245619,0.39714791991316123,0.26900396046269626,0.0,0.0,0.0,0.2860139426302293,0.0,0.3272392603557479,0.24466420055630034,0.0,0.0,0.0,0.4004988516280702,0.0,0.0,0.0,0.0,0.05355348364645363,0.34112350277387,0.5698483618528095,0.47736355657450397,0.0,0.533249702342316,0.09503336738826923,0.8335003886172841,0.30047930063093065,0.31648292588041277,0.2046343580568765,0.0,0.0,0.0,0.5577675304600564,0.0,0.0,0.0,0.5493459899827263,0.3394692896180214,0.665102671093075,0.3310551715624749,0.7493605126315662,0.0,0.0,0.0,0.5205330698660389,0.0,0.1644606697778965,0.04154279008975791,0.0
0.16754928463655822,0.0,0.3488034923486955,0.0,0.594922974238112,0.011326334289492397,0.4856894357310205,0.016545664492287983,0.0,0.3796981044592655,0.7248826760888741,0.09827476040641428,0.20808960613326033,0.21049371400732472,0.0,0.24877286382109157,0.12154368397993251,0.0,0.3054876593505752,0.16700862994984383,0.07872841370445703,0.12828781065329642,0.0,0.12273664612238326,0.09711746260077901,0.06795320751622784,0.1747213217190255,0.06952170331140581,0.18058489258535138,0.1494133314568467,0.4091072434990989,0.34989971837040845,0.26298326879356465,0.25464197175408987,0.25997351940662566,0.0,0.0,0.30060669872868667,0.35566390302793366,0.34207293937440747,0.0,0.22588405288679128,0.19016512380175613,0.14922145847724522,0.22783063477947643,0.17677026444227203,0.059167884037275416,0.18537239429238503,0.0,0.6772281868913289,0.0,0.5926936718584017,0.0,0.8573022665886774,0.4486351004117749,0.7098471871989526,0.2519070327622831,0.3825410775937309,0.4297692306569199,0.0,0.21256796810198436,0.1802186724070753,0.1910415358474066,0.16559337361123072,0.10324673403917248,0.09301725627882071,0.2834405378345257,0.0,0.11386348281406639,0.49617881435443617,0.19509519030807324,0.07802764478879023,0.2769802962661171,0.16644488377755023,0.0,0.41089266392777385
0.30803198398130577,0.2369854297490118,0.13968896110334164,0.0,0.27737758105423094,0.0,0.42445968781362814,0.06584909310943149,0.3796981044592655,0.0,0.21462159332705624,0.37661100251753504,0.2698072217685864,0.26768182493564735,0.0,0.390413202848218,0.7122912925276639,0.3274276443633275,0.1855994358358196,0.09091697294725859,0.25069487840460686,0.1567529090315598,0.0,0.43935167297610517,0.3597083227561357,0.426718030771006,0.0,0.1760099220102635,0.1446543212195798,0.0,0.5612844969718901,0.48648605524789285,0.4645339933551462,0.2525177792026233,0.4043895954679065,0.0,0.18027342191445636,0.40938144835482054,0.4173906057093336,0.4040668825013198,0.0,0.2902625531335587,0.36244890919922057,0.20050334559155752,0.3202820561903728,0.1350294061475858,0.12713618161198256,0.0,0.0,0.36584886280419726,0.0,0.47036069922409873,0.0,0.29597334034506,0.6483331133321015,0.26638992677982526,0.3573876143401159,0.4873674304679801,0.45912508227318094,0.0,0.18840581434910117,0.5610873657206468,0.2934520115830921,0.1502881586257737,0.07179502020885015,0.09395510585263547,0.28803233360379693,0.0,0.29378511193160584,0.5597563708206367,0.47119600973146275,0.0,0.33778526308293855,0.13399847685828098,0.0,0.36957942786499637
0.2311798377363401,0.09200576192621382,0.4974486852081476,0.1433507689943138,0.544247534434307,0.22714498627793392,0.2928617993612197,0.226601429621817,0.7248826760888741,0.21462159332705624,0.0,0.17595261052758557,0.2338849557408309,0.19615201318788858,0.20075121211561645,0.18405617642316988,0.10048287516149783,0.054036189744664766,0.44771825922767583,0.3243759468823486,0.18150826240090592,0.25152468613836315,0.1833234319639148,0.11146024278866937,0.18008346615624427,0.019133322294396005,0.33967216501208153,0.27142477222963224,0.22650116103713652,0.25182807662593126,0.22909831617629128,0.17028775301185795,0.04708197964104691,0.21371343764576803,0.026478365151712917,0.0760207536387068,0.01669170778868623,0.11041540836253264,0.16813947017596248,0.04135448589745575,0.06957211880037423,0.009261297633885343,0.16321083911861148,0.14061493936348884,0.14670074125629032,0.2498349534992933,0.16267179883951796,0.3073824812152845,0.16938935717495548,0.4447540456698191,0.11436435303833398,0.3653097769985406,0.1910665565631054,0.7473727317390737,0.41581183731424215,0.7562477635532158,0.12982877242581659,0.24948059033635042,0.2024525751709051,0.09713537199731384,0.19250974070721952,0.16203814917027257,0.1325312378090669,0.3629195783564915,0.2478243501413137,0.2095036470400285,0.2994346774733195,0.14223494413819326,0.05433781524440493,0.3594127714872532,0.0325573760729748,0.2508318912530378,0.2524067064092899,0.21994777579644015,0.1739572293973215,0.2584838964295634
0.0,0.35915801009405696,0.107809649277751,0.0,0.017696618381794014,0.22465145525213465,0.0,0.05859311343911217,0.09827476040641428,0.37661100251753504,0.17595261052758557,0.0,0.3873833597035865,0.0,0.0,0.0,0.2581726036043487,0.15031213033810611,0.044854401580022914,0.0,0.0,0.0,0.0,0.5188427401695757,0.05445905921112576,0.44901101280781947,0.0,0.06510772459866897,0.0,0.0,0.021597756930210966,0.29009613646660326,0.1889404101810816,0.0,0.14301569276141646,0.03205661391068219,0.06872852204138989,0.3580070292856136,0.3787729286507416,0.23335980585098934,0.0,0.28183933536751715,0.419526903946086,0.2227635257803013,0.19069334419884668,0.0,0.006352113971095273,0.0,0.0,0.12378224988756345,0.09670068457973682,0.043052851065511946,0.10689879275443827,0.14185761679392844,0.19688431740308832,0.2387362057037309,0.6175191296557794,0.47200542474405516,0.23590952860476624,0.0,0.0,0.4786205776142519,0.014215308762506037,0.0,0.1834212484308487,0.0,0.06840915007511547,0.0,0.4358904670370487,0.052483791993232165,0.4124959643999081,0.0,0.39087450247377387,0.0,0.15923102217024984,0.28784201342879523
0.0,0.6355400759991844,0.20208910873360947,0.0,0.261002671518195,0.48506050635055514,0.3700263765682449,0.21269173225978316,0.20808960613326033,0.2698072217685864,0.2338849557408309,0.3873833597035865,0.0,0.22530465857256018,0.066548413420501,0.0,0.3105096793516021,0.16076420732032373,0.19016498376875293,0.19602987690590695,0.04252507491750006,0.3102341803793893,0.12854433238227347,0.0,0.0,0.18718219668856648,0.14136449034490406,0.2435032924039806,0.0,0.0,0.0,0.09165193506424275,0.0,0.0,0.0,0.33545570159393295,0.33095661930193254,0.028758545711323694,0.059049548518216075,0.0,0.276029982053423,0.0,0.34892046299141155,0.28711893636922353,0.0,0.0,0.2782305548217998,0.1514488306720351,0.16550445487489807,0.14698912108218196,0.27192529534656124,0.14186372065455624,0.29121067556082597,0.22203151971695226,0.5698734938621661,0.17533919824389116,0.24200893817314922,0.4542587951919704,0.20061947883461964,0.2296493015709059,0.12751630710167386,0.25015913253428673,0.0,0.17929946080870704,0.29250930313376455,0.0,0.29077596700022557,0.13245622908003624,0.0,0.0,0.2305402215031015,0.15093860123830777,0.1767827507042252,0.0,0.07197261143191391,0.0
0.0,0.0,0.13871634624676918,0.07223316237008717,0.4090045256166374,0.0,0.5827220680485895,0.2641781887668031,0.21049371400732472,0.26768182493564735,0.19615201318788858,0.0,0.22530465857256018,0.0,0.0,0.0,0.34256423408865416,0.0,0.20966583519669257,0.2510093881053488,0.1639048166454848,0.17833567662500582,0.14782160042477058,0.0,0.0,0.0,0.0,0.14322067893696633,0.21323827268342424,0.20073938547744363,0.31151616766092655,0.1590942532910472,0.019974334613815568,0.47192274030823533,0.22906541009811893,0.2796113732423566,0.38587405643051914,0.0,0.047842647817722864,0.0,0.36139665638763463,0.0,0.1861591943192998,0.10320989703893621,0.0,0.0,0.10062825250401954,0.16163745035415136,0.23919641316044093,0.33453923105172395,0.0,0.45314001148530014,0.34853488102232305,0.11817640465374364,0.5000680003168262,0.07326858854780699,0.0,0.1082599598718742,0.4707712024240882,0.0533405978453202,0.11519217396238249,0.0,0.0,0.2354544884954942,0.0,0.1784273887763801,0.2474965609444616,0.12234718402181,0.0,0.14996917313707586,0.0,0.0,0.0,0.0,0.0,0.0
0.24727748931071483,0.4312701026996474,0.358140144098352,0.5776602802315312,0.2740005096493882,0.531232423199008,0.0,0.5242351612928138,0.0,0.0,0.20075121211561645,0.0,0.066548413420501,0.0,0.0,0.13969855719063634,0.0,0.21228057442877676,0.32977321384862385,0.6364416579548612,0.48669290203346055,0.6395833844770635,0.6627762081281234,0.0,0.3618345241665452,0.0,0.6176629066707703,0.49907418291580724,0.5306858313768584,0.4003769899717876,0.0,0.0,0.0,0.05743753523812473,0.0,0.30198832980349266,0.16575124337522815,0.0,0.0,0.0,0.2391134843904302,0.0,0.0,0.0,0.0,0.3300920510526769,0.3893997072287828,0.5800424817592725,0.3909853602473742,0.0,0.5388708571653913,0.0,0.387327262714494,0.195077173137279,0.14606668965720718,0.14400989376220352,0.0,0.0,0.0,0.7319441440732682,0.0,0.0,0.0,0.44659099880224656,0.4120607753972142,0.5809834748647017,0.3921582332578555,0.6527840867512618,0.0,0.0,0.0,0.6353870947931972,0.0,0.4167039241835153,0.3130816004459328,0.0
0.6018093512582027,0.19853761389259772,0.0918637393445432,0.0,0.24873726817216488,0.0,0.05079899801497656,0.0,0.24877286382109157,0.390413202848218,0.18405617642316988,0.0,0.0,0.0,0.13969855719063634,0.0,0.3827649883261671,0.5763438189667655,0.09852825897616817,0.19615422476626782,0.10403196639057012,0.3033408261149315,0.0,0.36275318619454533,0.6304192096366954,0.33898774876376275,0.09209790144502585,0.29388573634992854,0.34447547197827205,0.11839744882870055,0.599667759741582,0.2614420212422005,0.36478483537176076,0.1299903532530628,0.10198068830513987,0.05184235480985954,0.16345612130903342,0.20329617759774163,0.28721488864563793,0.27383749729843054,0.0,0.07962950368419242,0.10200484007114945,0.19917499941321296,0.23632606558599364,0.5349142343594044,0.2367847346109019,0.0,0.1031643610162258,0.1589981346060585,0.0,0.2830002690045427,0.0,0.2023224450884067,0.30195382884682015,0.23318670650895265,0.0,0.23675704765813835,0.053340054783545976,0.04758126216809657,0.4257442639001906,0.4991464240841651,0.6923593113298585,0.06786625031530615,0.18165642772045565,0.13242020846939587,0.2597537573755929,0.0,0.20104828630180432,0.5696862596910339,0.26265955449741646,0.09027550859973918,0.3638960425513401,0.4296754942425506,0.24349090533698622,0.47161555847264264
0.12198961000657746,0.25584683345446363,0.12039043735916352,0.0,0.1767042389089741,0.045229034581384775,0.21796098571701084,0.14460597457618296,0.12154368397993251,0.7122912925276639,0.10048287516149783,0.2581726036043487,0.3105096793516021,0.34256423408865416,0.0,0.3827649883261671,0.0,0.5105582320462121,0.2234483629983554,0.07815878102645864,0.19031582909392447,0.14165479122254176,0.0,0.3784584436408269,0.21987298181993858,0.3648963681438567,0.0,0.37047499658710137,0.03857449387564173,0.0,0.5014466324118404,0.4923968503099781,0.325334693409311,0.23806295830205332,0.29441976968153377,0.2650344215565138,0.42163536494954484,0.3609940428509847,0.3929171943042318,0.23689193615526136,0.05592491010252959,0.12517515091805254,0.3969085495637576,0.30347738607200925,0.19230125088686578,0.02803375689071384,0.21184719585594075,0.11470459386567966,0.12079122061671593,0.18444561868328357,0.06532818440154267,0.3603134295664847,0.15857747871276817,0.13808346055708393,0.499008748084775,0.18969672234753154,0.2760660519976333,0.4514080070074404,0.33331514615359004,0.08669654118242706,0.12965512080829197,0.4977029315653839,0.23580051904070579,0.16875595593831094,0.1097774327268012,0.04888348219174848,0.24391507786844552,0.0,0.15321134945983966,0.35475394646313296,0.39750081672054527,0.011866744147224334,0.29069868892745865,0.03971316742986252,0.06918394731220469,0.20235400403238846
0.2895501365115637,0.49371840314627785,0.087044359869177,0.01044068876655672,0.10380896091045652,0.2563191297598334,0.0,0.026217742302877888,0.0,0.3274276443633275,0.054036189744664766,0.15031213033810611,0.16076420732032373,0.0,0.21228057442877676,0.5763438189667655,0.5105582320462121,0.0,0.11094329568808338,0.13222120476365248,0.053765860852665104,0.22227762106258403,0.045080854100600386,0.45545445364454396,0.6858898808905508,0.48078291259986394,0.3044943078717367,0.5433514299393066,0.13801032160447163,0.0,0.1830976464508437,0.25370460198105826,0.12035370654590011,0.0,0.0,0.30539456947112825,0.35740165316578265,0.11594673419343765,0.2446544346989937,0.08485715639087955,0.0,0.0,0.25703687494938965,0.2713383673408442,0.17373648933734595,0.3601676956006668,0.40953686821212293,0.1336182868941767,0.14384649048823422,0.0,0.39821452819340664,0.0,0.011163595597205818,0.16212791541003657,0.14450605257886556,0.2430427131042048,0.04577713920324708,0.3691955716881812,0.0,0.2271600158166436,0.18472851745757982,0.5638622319726928,0.4953096660893744,0.11241386121337277,0.3955954621982512,0.0701798812990502,0.2662690486011344,0.11086751761781356,0.2974376794367337,0.28654213768895564,0.2806640711890301,0.35377836713272265,0.570104603245468,0.45563935483431206,0.5335379011681028,0.3267629345913637
0.28036994565238677,0.13425716365866286,0.6915079229785458,0.38585186304822555,0.40229948733907334,0.25738250028975723,0.3118719418733726,0.45183936071333086,0.3054876593505752,0.1855994358358196,0.44771825922767583,0.044854401580022914,0.19016498376875293,0.20966583519669257,0.32977321384862385,0.09852825897616817,0.2234483629983554,0.11094329568808338,0.0,0.39329378549836447,0.3343676445790592,0.2747815985724133,0.33087783010632554,0.0,0.10568614547850662,0.0,0.23483661392432417,0.38108410760192857,0.2494194676749515,0.2859094870852017,0.06107538445910228,0.025342701487779656,0.08759043742421946,0.3228819148092243,0.0,0.23504242940355508,0.16601344777296762,0.0,0.0,0.0,0.18499630908634893,0.0,0.0,0.0,0.06434728302825608,0.14341155219914217,0.284391787349982,0.6331720190826206,0.3095332182570883,0.02498094315668656,0.1967798930815907,0.17030937595367063,0.4253461614687931,0.3589847486558572,0.3360308907111494,0.2506330915746771,0.0,0.054620802481196135,0.0,0.2778177448679476,0.0,0.0,0.0,0.790225835907347,0.15586779017570046,0.4200767482606548,0.37327886134963106,0.3399160824895033,0.0,0.05611405658110925,0.0,0.2274011298333029,0.0,0.1607210085413491,0.035912742363589906,0.0
0.30284627813192194,0.3992394960535018,0.39767145365859,0.6203194256354977,0.5319919681081808,0.4205806514694744,0.3691329150558943,0.5585573678491602,0.16700862994984383,0.09091697294725859,0.3243759468823486,0.0,0.19602987690590695,0.2510093881053488,0.6364416579548612,0.19615422476626782,0.07815878102645864,0.13222120476365248,0.39329378549836447,0.0,0.5488339982099975,0.8109049413940478,0.6908961459334069,0.0,0.230909966366863,0.0,0.6876204057430146,0.5451129982015346,0.7887264275222303,0.5446545286174478,0.06003835097605219,0.0,0.0,0.29160896606964465,0.0,0.39905987211266886,0.40418264581324853,0.0,0.0,0.0,0.29038853380361396,0.0,0.0,0.10559283344897927,0.0,0.22985926705428986,0.49192671933229976,0.5890346742270403,0.4041845101138858,0.0,0.48843168674811893,0.2524955720393089,0.5268434125605572,0.3836472079499435,0.4618232452252972,0.2701784041259336,0.0,0.0,0.0,0.6432298819495198,0.19812890344186004,0.0,0.0,0.5340708021529631,0.6418494875221492,0.7170803334379724,0.6732671717540284,0.7232377264380864,0.0,0.0,0.0,0.6811282505233838,0.0,0.5278212152730902,0.2044268491264045,0.0
0.36970982384239465,0.1565381859362804,0.23675174944976005,0.5084737965556054,0.32825217054837513,0.36346514168650346,0.31524418869858417,0.7169168118376734,0.07872841370445703,0.25069487840460686,0.18150826240090592,0.0,0.04252507491750006,0.1639048166454848,0.48669290203346055,0.10403196639057012,0.19031582909392447,0.053765860852665104,0.3343676445790592,0.5488339982099975,0.0,0.41362783769634864,0.7077009381573275,0.0,0.24096543501856815,0.0,0.41593580515374157,0.34127171080193514,0.6301649687919303,0.40985383730073355,0.060987763112366096,0.0,0.13375742500879173,0.43692218475075145,0.0,0.269575393002795,0.14644760347551178,0.0,0.0,0.0,0.3017722406268632,0.0,0.0,0.0,0.0,0.2895522931498776,0.2671219591155807,0.4200077011750153,0.4104604661229881,0.0,0.3071009340143922,0.2703795536776475,0.5810424056329623,0.2550885297244325,0.33427851021640176,0.13057331295513688,0.0,0.0,0.0,0.417224081084274,0.038885922573403266,0.0,0.0,0.470376108621217,0.13824572777038235,0.8176904464172272,0.2642787961455037,0.6327417217127342,0.0,0.0,0.0,0.40904467066441025,0.0,0.3326002347662733,0.0,0.0
0.297609443768633,0.5479863170545513,0.32183471907211025,0.4176123695991494,0.4575575559670867,0.3573464203385476,0.25740209405401054,0.45279971765058236,0.12828781065329642,0.1567529090315598,0.25152468613836315,0.0,0.3102341803793893,0.17833567662500582,0.6395833844770635,0.3033408261149315,0.14165479122254176,0.22227762106258403,0.2747815985724133,0.8109049413940478,0.41362783769634864,0.0,0.5465438502234407,0.0,0.3840787347271587,0.0,0.641884160306697,0.5444391037542329,0.6913835473759584,0.44390574020715007,0.08587237593601016,0.0,0.0,0.13842024055546653,0.0,0.35450417689253194,0.3325970764664791,0.0,0.0,0.0,0.3543466104875575,0.0,0.08156357624621242,0.23393619230812707,0.0,0.2650786577549594,0.5567662899762214,0.45105106843305015,0.3224779659894123,0.0,0.47625742738685856,0.22378605221145895,0.4215264812042441,0.3278181452314323,0.5318422271205423,0.2654057647811783,0.0,0.1758560889142688,0.0,0.6342533566619685,0.44812725244057655,0.036200705320165096,0.0,0.3982956922110454,0.6832736710990769,0.5223925506235175,0.7604881016704247,0.57661101723392,0.0,0.14616514878266423,0.0,0.6427408525922458,0.13698453643782485,0.5741280314142724,0.34527694561631483,0.0
0.17632382373302766,0.39425653964011714,0.3932447719421281,0.6573351945918682,0.32050492054204743,0.6619067515297503,0.13225904917465167,0.8358411216806986,0.0,0.0,0.1833234319639148,0.0,0.12854433238227347,0.14782160042477058,0.6627762081281234,0.0,0.0,0.045080854100600386,0.33087783010632554,0.6908961459334069,0.7077009381573275,0.5465438502234407,0.0,0.0,0.25270027445208565,0.0,0.6767273242130184,0.40593034777693304,0.6177985567417454,0.37635617980446634,0.0,0.0,0.0,0.20253652099770753,0.0,0.4272062831954232,0.30979918516193283,0.0,0.0,0.0,0.36829742923508707,0.0,0.0,0.0,0.0,0.15253705095375641,0.45030144441494935,0.640364202454637,0.44084119645622316,0.0,0.6959585526902782,0.05888865799702313,0.7789243177949658,0.23817433967280616,0.23771370805964517,0.12130633493949629,0.0,0.0,0.0,0.6489712256478112,0.0,0.0,0.0,0.5078890327449065,0.45797595541221847,0.7633559168826254,0.3502208904125914,0.9613780636579473,0.0,0.0,0.0,0.7181343066254787,0.0,0.4052200821129839,0.0976610597620467,0.0
0.1863377483269268,0.08790727002474126,0.0,0.0,0.0,0.0,0.0,0.0,0.12273664612238326,0.43935167297610517,0.11146024278866937,0.5188427401695757,0.0,0.0,0.0,0.36275318619454533,0.3784584436408269,0.45545445364454396,0.0,0.0,0.0,0.0,0.0,0.0,0.4399258530280871,0.7390247392580942,0.0,0.0,0.0,0.0,0.419143327728426,0.6451003395158167,0.4612284431914577,0.0,0.39797095075558286,0.0,0.0,0.6637117470107997,0.7363188408863657,0.5514885958469858,0.0,0.4803039888055254,0.3841642337448118,0.12957355795002465,0.5904369537232488,0.2168942636969008,0.0,0.0,0.0,0.2597248186862667,0.0,0.0177747352682299,0.0,0.13173753165166896,0.0,0.26455941997672117,0.5802160622738457,0.486758157300154,0.24239164944264158,0.0,0.0,0.6457650429334441,0.5305611743030773,0.0,0.0,0.0,0.0,0.0,0.8419623947704297,0.5232741451629622,0.6656231304789166,0.0,0.5836130548664201,0.01753322959151952,0.22701753948354061,0.6806909033663078
0.4919456157614633,0.41065022417485,0.2752365804752352,0.07016948086585895,0.25893528062723103,0.288522488972585,0.0,0.10858229258252221,0.09711746260077901,0.3597083227561357,0.18008346615624427,0.05445905921112576,0.0,0.0,0.3618345241665452,0.6304192096366954,0.21987298181993858,0.6858898808905508,0.10568614547850662,0.230909966366863,0.24096543501856815,0.3840787347271587,0.25270027445208565,0.4399258530280871,0.0,0.4517610129200987,0.45560745956449994,0.37326106514744867,0.4136458787961837,0.025877628760765096,0.3037385136641167,0.1558031617796398,0.12984907168590598,0.0,0.0,0.20670968874226858,0.2120828173286073,0.12154255594776799,0.17453035554628799,0.14692142903679437,0.0,0.0,0.1361691064763654,0.06409814668811971,0.2682895093467712,0.47823773525386376,0.4600864741765269,0.2317849890733544,0.09339847002588664,0.0,0.3837663247039428,0.021425424211755733,0.0,0.30086315930236535,0.15586724890853096,0.38358950771477146,0.0,0.2864439916575677,0.0,0.2985143292862241,0.2925512628621725,0.4186843012786795,0.5864235112736341,0.1694147728957561,0.3968006569577916,0.28154792714601173,0.29514167789901447,0.23410099676801843,0.331216680359989,0.5004490974223867,0.2108618206002796,0.41293826656198074,0.44762172675889894,0.6364515968234664,0.46783383110088117,0.34510786975527
0.2708577000101774,0.30577343153170683,0.04795711936235864,0.0,0.0,0.0701520811712921,0.0,0.0,0.06795320751622784,0.426718030771006,0.019133322294396005,0.44901101280781947,0.18718219668856648,0.0,0.0,0.33898774876376275,0.3648963681438567,0.48078291259986394,0.0,0.0,0.0,0.0,0.0,0.7390247392580942,0.4517610129200987,0.0,0.0,0.0,0.0,0.0,0.22488764755719937,0.5218264869117528,0.41708935378900325,0.0,0.2692620253919394,0.0,0.0,0.5246580610458174,0.629026944986675,0.5713570234918234,0.0,0.47900080831440206,0.32346833292927596,0.0794238353572507,0.5010793359804343,0.1956041244531488,0.2010600050526629,0.0,0.0,0.22017035979432195,0.0,0.03973322480813924,0.0,0.10864618928323844,0.08847877805985573,0.19109629047529503,0.4553355985997534,0.48528197277881213,0.1477825669599753,0.0,0.12655940134329918,0.6163432538960123,0.37592365097709407,0.0,0.0821117580091996,0.0,0.0,0.0,0.619826800480489,0.45097729932440433,0.7967991524208703,0.0,0.5554838677526023,0.04046624439775555,0.27626612031307024,0.5630655945804651
0.16384161169096195,0.5044915522578274,0.2904213609564243,0.5768543641122812,0.40872166571081764,0.6353732450068375,0.0,0.5429186213545348,0.1747213217190255,0.0,0.33967216501208153,0.0,0.14136449034490406,0.0,0.6176629066707703,0.09209790144502585,0.0,0.3044943078717367,0.23483661392432417,0.6876204057430146,0.41593580515374157,0.641884160306697,0.6767273242130184,0.0,0.45560745956449994,0.0,0.0,0.5553528342830892,0.5590013183262474,0.32692749402677534,0.0,0.0,0.0,0.0,0.0,0.32261441846074346,0.25880977277591466,0.0,0.0,0.0,0.11603064196809662,0.0,0.0,0.05540338742026302,0.0,0.23840913740466455,0.48214094916020983,0.484160964345906,0.2227046095364489,0.0,0.7033032167004606,0.0,0.4812993612094555,0.5532961012440173,0.19932839140104525,0.49083366685452384,0.0,0.06316129591481383,0.0,0.5382955794253028,0.14665221186467442,0.0,0.0,0.32848762533808307,0.6709885882302181,0.5270587475316751,0.4879444639624929,0.7202880251529993,0.0,0.0,0.0,0.9630892345598593,0.13914014592357632,0.6430089511730361,0.48653121859350174,0.0
0.2517308096139103,0.43664045794467954,0.30804149394927133,0.4795645792454689,0.5067978347905351,0.3511327468472461,0.10822985873295797,0.3161014267245619,0.06952170331140581,0.1760099220102635,0.27142477222963224,0.06510772459866897,0.2435032924039806,0.14322067893696633,0.49907418291580724,0.29388573634992854,0.37047499658710137,0.5433514299393066,0.38108410760192857,0.5451129982015346,0.34127171080193514,0.5444391037542329,0.40593034777693304,0.0,0.37326106514744867,0.0,0.5553528342830892,0.0,0.4632374823396638,0.27497311128939544,0.1400411495397359,0.0,0.0,0.06073311554020035,0.0,0.5260154215647335,0.5741692847449578,0.0,0.0,0.0,0.11343749892899746,0.0,0.2658696057769349,0.33618536594552634,0.0,0.3443523126042872,0.545896210586363,0.5643076826823898,0.43139200889609103,0.0,0.5808359706254783,0.042492209342889706,0.3355707497899906,0.2909582711422121,0.28848585710587016,0.3566870476175403,0.0,0.24375485109844908,0.0,0.5331070773295865,0.11443984037653877,0.20536514875904663,0.0910192865870103,0.48543249480620243,0.5281050287572918,0.43603867406870045,0.4927148650460329,0.4914998731491615,0.0,0.05828808552562699,0.0,0.6378574021153472,0.3219482520096076,0.5546733218179032,0.5004533682931034,0.0
0.4160360495377284,0.17270007279674673,0.28493718768609055,0.5763880280397993,0.5624761931214507,0.24962563558078496,0.45242855799658344,0.39714791991316123,0.18058489258535138,0.1446543212195798,0.22650116103713652,0.0,0.0,0.21323827268342424,0.5306858313768584,0.34447547197827205,0.03857449387564173,0.13801032160447163,0.2494194676749515,0.7887264275222303,0.6301649687919303,0.6913835473759584,0.6177985567417454,0.0,0.4136458787961837,0.0,0.5590013183262474,0.4632374823396638,0.0,0.5038651462530337,0.18258476600979553,0.0,0.0,0.4585837199646673,0.0,0.2819126489490147,0.30045570356207935,0.0,0.0,0.0,0.295778673748312,0.0,0.0,0.0,0.0,0.29850123728091743,0.3590196066785114,0.4595508783690722,0.41833742974463545,0.0,0.23442067892287885,0.26225153609513807,0.2941165536440053,0.2804676917656156,0.32817643484820014,0.13873586954935288,0.0,0.0,0.0,0.4714075793923397,0.23493733597491925,0.0,0.10209255659500112,0.4421752100200271,0.3058584319617104,0.7052777801645707,0.44677003605211324,0.6020637855305147,0.0,0.12360947527911989,0.0,0.501613558320917,0.0,0.5751470296905021,0.03234931474592292,0.0
0.23805913259849185,0.040083078466789976,0.2804599775184278,0.3839892185965384,0.3701163954796445,0.12508958258727268,0.25631880270827045,0.26900396046269626,0.1494133314568467,0.0,0.25182807662593126,0.0,0.0,0.20073938547744363,0.4003769899717876,0.11839744882870055,0.0,0.0,0.2859094870852017,0.5446545286174478,0.40985383730073355,0.44390574020715007,0.37635617980446634,0.0,0.025877628760765096,0.0,0.32692749402677534,0.27497311128939544,0.5038651462530337,0.0,0.13902518210409828,0.0,0.011535755161926354,0.3190295676735773,0.0,0.25304257255828366,0.04091605757495029,0.0,0.0,0.0,0.13825817424625597,0.0,0.0,0.02394464846887408,0.0,0.25288273015426493,0.3034863697266954,0.3556927862441989,0.2814310873173153,0.03729680199664215,0.18644111618883222,0.2876915829940768,0.274966152286034,0.2238526077180735,0.14783473802375688,0.15247825974046983,0.0,0.0,0.0,0.32278832675930985,0.24026795940677162,0.0,0.0,0.34362833430815237,0.22910258723307214,0.5257108300650596,0.3559814717766571,0.4364791493681418,0.0,0.0,0.0,0.3365009624459423,0.0,0.33480594499304045,0.09399302188583755,0.0
0.4031605469769674,0.0,0.15058429637659573,0.0,0.28932095542813413,0.0,0.3676203682657345,0.0,0.4091072434990989,0.5612844969718901,0.22909831617629128,0.021597756930210966,0.0,0.31151616766092655,0.0,0.599667759741582,0.5014466324118404,0.1830976464508437,0.06107538445910228,0.06003835097605219,0.060987763112366096,0.08587237593601016,0.0,0.419143327728426,0.3037385136641167,0.22488764755719937,0.0,0.1400411495397359,0.18258476600979553,0.13902518210409828,0.0,0.5582042546044181,0.4697339488195469,0.3898249832449836,0.5197118571024084,0.04337501992319926,0.16567485885846697,0.4635106220559575,0.5516724235221047,0.4320022352230017,0.0,0.32528151864356675,0.35032661150054323,0.2720291719268733,0.30489761589248277,0.29964727802810115,0.07913247260717518,0.0,0.050532483658872605,0.5146287438606157,0.0,0.566807470233223,0.0,0.19188705071934173,0.4138553296348942,0.21390203334335162,0.2823528842424825,0.4309683981432496,0.531479916778558,0.0,0.4093501506350887,0.3817880038104556,0.5461668085691476,0.0,0.0,0.0,0.1793822664865094,0.0,0.25251835894483066,0.7257562275005125,0.4067782507649416,0.0,0.30049547926592984,0.12944864268291092,0.0,0.5027865184986174
0.0946019321419869,0.0,0.030885755984572823,0.0,0.023969046113739595,0.0,0.05633468217325469,0.0,0.34989971837040845,0.48648605524789285,0.17028775301185795,0.29009613646660326,0.09165193506424275,0.1590942532910472,0.0,0.2614420212422005,0.4923968503099781,0.25370460198105826,0.025342701487779656,0.0,0.0,0.0,0.0,0.6451003395158167,0.1558031617796398,0.5218264869117528,0.0,0.0,0.0,0.0,0.5582042546044181,0.0,0.514640610750698,0.001807334747237103,0.6026802824644477,0.0,0.044912655121491285,0.6612485725324425,0.8805156915677181,0.5975739846652997,0.0,0.5689529709452595,0.5398580598874727,0.26024733367376823,0.5061550723629203,0.03883143608338735,0.0,0.0,0.0,0.5522097548833603,0.0,0.32724783277930236,0.0,0.2147012987891184,0.17285593371965233,0.3167057154128067,0.5878568333690898,0.5769973656638007,0.5951863349120242,0.0,0.2188604820538511,0.4637849361653815,0.3502733232235831,0.0,0.0,0.0,0.06511687753690795,0.0,0.5307684373701982,0.4865773038193603,0.6157528368611754,0.0,0.5086021798602065,0.0,0.10036121414160606,0.657521316302836
0.2969879825744114,0.0,0.0,0.0,0.0,0.0,0.15827593978723176,0.0,0.26298326879356465,0.4645339933551462,0.04708197964104691,0.1889404101810816,0.0,0.019974334613815568,0.0,0.36478483537176076,0.325334693409311,0.12035370654590011,0.08759043742421946,0.0,0.13375742500879173,0.0,0.0,0.4612284431914577,0.12984907168590598,0.41708935378900325,0.0,0.0,0.0,0.011535755161926354,0.4697339488195469,0.514640610750698,0.0,0.27875934758168175,0.5034488258140997,0.0,0.0,0.49229198182913725,0.49004344507764414,0.6905792121013178,0.0,0.41794753856673855,0.08443629892356201,0.0,0.40754394478225764,0.17198923127151422,0.0,0.0,0.0,0.33822925465123566,0.0,0.40443117143922047,0.0,0.09228653473713266,0.07730401025011979,0.06920839466528908,0.35975086997089295,0.15468998071975562,0.4021580274391696,0.0,0.016689669249967534,0.2836719460724665,0.4184278766725268,0.020676776632618493,0.0,0.0,0.0,0.0,0.4235120519720737,0.43440216707620255,0.5169123229810056,0.0,0.11741071764353782,0.0,0.0,0.40836715129886547
0.16477309187661532,0.0,0.24229902862717975,0.30991054625867887,0.33232532244492,0.0,0.6071922467449683,0.2860139426302293,0.25464197175408987,0.2525177792026233,0.21371343764576803,0.0,0.0,0.47192274030823533,0.05743753523812473,0.1299903532530628,0.23806295830205332,0.0,0.3228819148092243,0.29160896606964465,0.43692218475075145,0.13842024055546653,0.20253652099770753,0.0,0.0,0.0,0.0,0.06073311554020035,0.4585837199646673,0.3190295676735773,0.3898249832449836,0.001807334747237103,0.27875934758168175,0.0,0.28688667095220094,0.12560972746646074,0.1421301903328396,0.0,0.0,0.0,0.3501332968319662,0.0,0.0,0.0,0.008219506538426494,0.0,0.0,0.26244221564140263,0.42036261629685984,0.20360937285156355,0.0,0.41095747204316535,0.25952099372974524,0.09521333897802337,0.2981729972486338,0.0,0.0,0.0,0.1854203066773679,0.12212239843116379,0.0,0.0,0.0,0.38298519949202303,0.0,0.3976709581565457,0.10279628017788883,0.12913146287429403,0.0,0.16553198414028658,0.0,0.0,0.0,0.0,0.0,0.0
0.0023228151712516368,0.0,0.0,0.0,0.012423716013324544,0.0,0.24949070853283453,0.0,0.25997351940662566,0.4043895954679065,0.026478365151712917,0.14301569276141646,0.0,0.22906541009811893,0.0,0.10198068830513987,0.29441976968153377,0.0,0.0,0.0,0.0,0.0,0.0,0.39797095075558286,0.0,0.2692620253919394,0.0,0.0,0.0,0.0,0.5197118571024084,0.6026802824644477,0.5034488258140997,0.28688667095220094,0.0,0.0,0.0,0.57367460748891,0.6335388272978328,0.5108097217810535,0.0,0.6148261347184082,0.20054983157719306,0.0,0.43980656028879483,0.0,0.0,0.0,0.0,0.5501361756435154,0.0,0.3381662672891158,0.0,0.0,0.11084765356982196,0.0,0.4657653336335418,0.24091650581126806,0.5492570437148593,0.0,0.006415930032928961,0.24996642491364782,0.2915921542252494,0.0,0.0,0.0,0.0,0.0,0.3253859007154213,0.4214491989453743,0.4710900639218152,0.0,0.08755419987059132,0.0,0.0,0.34931646940247274
