0.0,0.7854039177796212,0.0,0.6589196610227193,0.6295359059807845,0.27770504846008215,0.3263346547560591,0.5710831763593562,0.29812627855430657,0.0,0.6366688195180589,0.0,0.29098189203016267,0.31153131192086614,0.5328349829235212,0.8891262858392981,0.27003911268505054,0.8757601232759458,0.0,0.46838544846392405,0.7406899561218235,0.5429718783828145,0.0,0.7728111204880264,0.8426519197088757,0.5308969213452709,0.3110531384905391,0.5044040617125392,0.7392554142108765,0.5119855360478147,0.7370273230705342,0.0,0.3935089297753018,0.5262909844559549,0.10054152048838633,0.29152301645991985,0.3276182678273205,0.09228280330764595,0.0,0.2195822497020954,0.0,0.026875362057247585,0.053596258735094764,0.3045106296866821,0.0,0.9477767046277994,0.6675913005237658,0.0,0.3460870955231063,0.34986628414487975,0.20466959415507893,0.3410035479292194,0.47843264833768634,0.3770282653633161,0.0,0.584530648441058,0.0,0.4253444211221701,0.0,0.2543648590589591,0.035832693286359754,0.0,0.4085747657535391,0.03821365322997466,0.0,0.6901720868586741,0.0,0.0,0.7966416917017062,0.4548700822212129,0.6038428343373727,0.06672848209313464,0.3303429517433696,0.0,0.0,0.0
0.7854039177796212,0.0,0.0,0.5558698893595717,0.4159840561759518,0.4415155672678039,0.19827644808028488,0.5275165041786527,0.3990980152786081,0.0,0.49367782495588963,0.0,0.3311386765404463,0.0,0.5945351463271168,0.5758204470865576,0.265168714550989,0.6466046640162157,0.15282886991379313,0.5338782893994987,0.5837227483505126,0.6926997125104126,0.20827047931371576,0.5052226849033016,0.8712549415780675,0.41417446890989873,0.5342555364826206,0.4456237002848042,0.752923724923618,0.7535328927349114,0.4755895418980886,0.05356221434612973,0.10920401026046073,0.3569330651796574,0.47947021869070555,0.0,0.31822241315528393,0.0,0.0,0.2943549000019097,0.32778203635148895,0.25607930435970344,0.0,0.20206158345686961,0.147522233620119,0.8333127287802771,0.6834319336913858,0.0,0.3502550549438323,0.34430404070318466,0.20580300344938854,0.5209421177498479,0.3173723832934882,0.44622642815446023,0.14530772649041387,0.5069521690074589,0.0,0.44041680207297146,0.0,0.3787299326916721,0.4516526543557636,0.16737400294707494,0.5625552691896639,0.27265722235944556,0.0,0.604565635370262,0.09990375408182,0.019816744543786045,0.5558504793042309,0.4862183730227497,0.47926720352850627,0.32601870563232643,0.4642373472065948,0.028742993466655604,0.0,0.0
0.0,0.0,0.0,0.0,0.0,0.5378173849120951,0.06189379300257828,0.15263227509817925,0.46192817865974756,0.14431844411788136,0.12655411220439516,0.11028330961123788,0.29734479450411605,0.0,0.10193139952972104,0.0,0.0,0.0,0.7668997986758559,0.3661525303296868,0.08793749083597854,0.26947151082374593,0.6109861798702052,0.0,0.0,0.0,0.43273321363386186,0.372276371278207,0.15767441279116373,0.07841137700650722,0.0,0.2819170277146556,0.0,0.038983712844186114,0.04557201588291115,0.0,0.0,0.1730012507457535,0.48281430557864347,0.1550731765032771,0.26983185327258347,0.06066778941523835,0.04787399140413775,0.026356078947348247,0.2559975383198033,0.0,0.0,0.8133394836272771,0.0,0.0,0.27886230269800905,0.07913647653514169,0.021458518860653326,0.42169464269231555,0.11845012676260117,0.1700963892212665,0.26981089498432187,0.15200591702791338,0.045019861939404,0.3316081406732584,0.39694365842771506,0.19346629703249524,0.1843249899933988,0.6209822124496066,0.46783774572850373,0.07038633752791981,0.584455058386917,0.5373214543065524,0.0,0.16241345739477847,0.11284746295904008,0.504336982749933,0.3899287012544857,0.27378117119650597,0.4166279680454041,0.29456167241818043
0.6589196610227193,0.5558698893595717,0.0,0.0,0.6343904437130774,0.0,0.4119185501642375,0.1501591566863295,0.10463982210416446,0.16808525405833047,0.3716956312121554,0.15231966015008852,0.18872816905390305,0.3200733567216699,0.33316540450744847,0.5410604218466449,0.4697006211000101,0.47906124437800324,0.0,0.35224345386222394,0.29924339833169883,0.518727812770996,0.0,0.5552335028305018,0.6283167113245399,0.40238372181868565,0.14624690207755128,0.27579046551615455,0.4289412056991298,0.5642774539003763,0.44175389552590283,0.0,0.0,0.32518307502837573,0.3433184497533937,0.0,0.43939902879011783,0.0,0.0,0.0,0.0,0.236924747452011,0.0,0.17214541112451884,0.0,0.6424436249718787,0.286478225886016,0.0,0.594751048417148,0.6165872591756522,0.0,0.445878463599783,0.06510129385447581,0.13914181721531785,0.26887591513137366,0.3110720158527905,0.0,0.19984533624018602,0.0,0.05003614587283109,0.07865094684303245,0.20111000268455698,0.4621156566416568,0.0,0.0,0.2995342256079948,0.0,0.0,0.5026066962885212,0.4260547051117794,0.29247878285770335,0.0118645445007753,0.33722364828959306,0.044279694054942434,0.0,0.0
0.6295359059807845,0.4159840561759518,0.0,0.6343904437130774,0.0,0.013315936420115942,0.7251680653393772,0.37359045190992524,0.5182286255148187,0.0,0.7929767586027079,0.0527476226678852,0.2811518212347834,0.5824957314880415,0.41508303478326875,0.5576921924400375,0.2863513635135917,0.5281247282797695,0.0,0.38408089796237627,0.45473575977955283,0.4360006414733152,0.0,0.5044584128703091,0.4856805955223867,0.2618371889779744,0.08853989216812978,0.3995996036321782,0.5663600893241558,0.5539335471525413,0.4193082064761633,0.0,0.1308120236548915,0.3805758044062602,0.08651713491547215,0.29442632161180693,0.41159961872785633,0.0,0.0,0.0,0.0,0.32604913101539074,0.0,0.25712920433476466,0.0,0.6262659763777879,0.21613968994280858,0.0,0.24354870721549443,0.39577349562447234,0.0,0.3762329101342983,0.3644703183936649,0.3693333423703871,0.04739474381935735,0.6800817476040294,0.0,0.1511999611641963,0.0,0.03084468617220438,0.0,0.0,0.32893909741801325,0.0,0.0,0.490672057048998,0.0,0.0,0.453604259270173,0.3414858787365268,0.24642245164317245,0.0,0.24472981286321224,0.0,0.0,0.0
0.27770504846008215,0.4415155672678039,0.5378173849120951,0.0,0.013315936420115942,0.0,0.12958670691609434,0.6495755437301576,0.5475099767882872,0.0,0.25626583431040334,0.0,0.7036474684040802,0.0,0.3859943041898705,0.11130662288485837,0.0,0.17334388546864893,0.51108600226543,0.5358693207974385,0.61758673839247,0.38785099020639474,0.8247285581839389,0.0,0.29252958204145224,0.19132337316097425,0.30257127372762965,0.6810513036646633,0.5872604109342993,0.42509566224350814,0.0,0.28384316853135805,0.0,0.0,0.05304864070823965,0.048465915315300104,0.32461375570333406,0.16590997617527778,0.12181628752333841,0.3996554484382476,0.6007320505232097,0.2638136405341285,0.034695528522402146,0.06214532426945423,0.4123633353989999,0.3106216734936615,0.0,0.42314711874951233,0.0,0.0,0.3644214737719407,0.20171470093555413,0.39676204657156156,0.5601672750003723,0.0,0.2976140468953958,0.02095695845028768,0.41088888553758957,0.0,0.3973303700358299,0.31691622394554203,0.03128135372279365,0.14139774818139747,0.4839093101059518,0.12251944470038627,0.6523865769283845,0.2846694155081891,0.4369835704677028,0.0,0.08801672189852819,0.22386031074167365,0.22501056718877466,0.4123893039760943,0.0,0.0,0.016751106182060136
0.3263346547560591,0.19827644808028488,0.06189379300257828,0.4119185501642375,0.7251680653393772,0.12958670691609434,0.0,0.38777869070354976,0.5502379332118102,0.07346005193799306,0.5367550712266128,0.33949527236228116,0.47856873188596855,0.3728241763698745,0.3104796894615621,0.3887145591767252,0.15133357831275615,0.3584107080217344,0.1511387974446477,0.3623672359639919,0.4572598452895324,0.3711401407971016,0.0626823149594472,0.15546415496801758,0.24375722991575047,0.34436783879808186,0.0,0.4623314220143548,0.608164255377771,0.5243977620695118,0.1005946930019346,0.0,0.08462493238105344,0.2489508179550164,0.0,0.23318687357667392,0.43668953868094174,0.0,0.0,0.04647585124823458,0.04051744655898684,0.3836555932119231,0.0,0.11001669661124995,0.05086055580936041,0.3078704653272154,0.07961080609674993,0.0,0.0,0.2616819844073473,0.0,0.39970930898162976,0.4703450607844486,0.17831245299503762,0.17599516823498218,0.4482208538595307,0.23801692605672334,0.0,0.0,0.0,0.08784219275103951,0.06280413032235264,0.2937333656107652,0.0,0.0,0.48139182948277087,0.03240095270251522,0.0,0.08475128758916144,0.4764873747858128,0.3193012441623272,0.0,0.15749060547479007,0.0,0.0,0.0
0.5710831763593562,0.5275165041786527,0.15263227509817925,0.1501591566863295,0.37359045190992524,0.6495755437301576,0.38777869070354976,0.0,0.5344535259464812,0.0,0.6487832157997612,0.0,0.5012245196388536,0.05868791043854403,0.3647230403018767,0.40428222604513997,0.0,0.41892665011041375,0.3245633483398382,0.28344376760270423,0.6622480576331036,0.2269743712352368,0.5802140684310779,0.3746048534137179,0.40319388500555847,0.46743457471872313,0.11964596720089828,0.5366118525398411,0.7188487316966156,0.36525496083095077,0.15102772081945542,0.0,0.23988561441598058,0.07177441517361971,0.0,0.2804404064561331,0.3512363069280917,0.2219739917360156,0.0,0.478088638902283,0.22931494075102427,0.1889485808676605,0.060661586296003316,0.10538445409908674,0.12409322221611067,0.5397848072690749,0.3474423373688036,0.04415361600868491,0.05929923195825971,0.0,0.0,0.17211749797021955,0.8400904878672794,0.444686328646093,0.0,0.5700695837628498,0.0,0.2436099508040035,0.0,0.10671853138957364,0.02492771602767121,0.0,0.08906159870179615,0.3145051996882043,0.0,0.7066006663496446,0.0,0.23972395297556784,0.36448094194541764,0.19991870689272184,0.43690784138509775,0.0,0.1326660943455825,0.0,0.0,0.0
0.29812627855430657,0.3990980152786081,0.46192817865974756,0.10463982210416446,0.5182286255148187,0.5475099767882872,0.5502379332118102,0.5344535259464812,0.0,0.0,0.7110033550488415,0.029150768666319476,0.5438167152527666,0.0,0.409679972832901,0.22543444802718302,0.0,0.3120881086089322,0.5612056877894716,0.5227480257482329,0.4446718868676604,0.45384407002369903,0.4058294828390994,0.01478841713926555,0.25432150188161856,0.24540770124940672,0.25618192947682217,0.6106840638924057,0.6209772690367136,0.6263716395576772,0.0,0.05723364568631002,0.0,0.1807849904123822,0.2864910021375249,0.05939248965795519,0.45784924365610835,0.0,0.0,0.3422323888377096,0.41125312313309065,0.5348265705154267,0.0,0.10842401528409418,0.31545659690015615,0.3823455898117536,0.12900728737056674,0.355835997252794,0.0,0.17938599827030086,0.0,0.512451692691041,0.3365863265262693,0.8132260242483861,0.09202692313336489,0.7397452654335614,0.13800909481448326,0.3358011639704588,0.0,0.3296142210921954,0.3526294744772183,0.24731067480777247,0.39917404452432526,0.4803411198844031,0.07365236545713487,0.557758728338476,0.3005588332016314,0.05838978977478092,0.0,0.212758784496876,0.2782974730523327,0.20420874747614387,0.46835653776159425,0.0,0.0,0.0
0.0,0.0,0.14431844411788136,0.16808525405833047,0.0,0.0,0.07346005193799306,0.0,0.0,0.0,0.0,0.7680385215357097,0.107914279708633,0.0,0.0,0.0,0.6708969385341201,0.0,0.0,0.05005520911206291,0.0,0.2159402106226579,0.0,0.0,0.0,0.14881975780347037,0.0821962726901647,0.0,0.0,0.0901164479298095,0.0,0.3016103872690645,0.0,0.044688603014535845,0.2985915258172337,0.0,0.093970491692987,0.0,0.45692476318885594,0.0,0.1713343135355788,0.15691568300274233,0.0,0.01629623884632531,0.13594377252772447,0.0,0.0,0.14538500598430715,0.0983274361853554,0.40697881640936556,0.0,0.31284003025186785,0.0,0.0,0.8984619654104109,0.0,0.6481494469366567,0.04786772594244056,0.07540824431396419,0.08042852085088505,0.49748284266528847,0.7742589189256371,0.5280390836462728,0.0,0.5162351003443035,0.0,0.47443474234962535,0.0,0.0,0.30782404723546075,0.09730280922350117,0.26531509641541307,0.3320180872225616,0.4926879518069505,0.4385955073074104,0.6603005530699562
0.6366688195180589,0.49367782495588963,0.12655411220439516,0.3716956312121554,0.7929767586027079,0.25626583431040334,0.5367550712266128,0.6487832157997612,0.7110033550488415,0.0,0.0,0.0,0.21202170216678035,0.47700065382414186,0.4542044908627167,0.5093253611545668,0.022676554557133636,0.5049022935045085,0.3474972267705814,0.41449406498202396,0.46295214256707073,0.39436731736318514,0.11248659965348849,0.47903383553070655,0.4323452092178983,0.3554560348310881,0.3143216413527945,0.41196525537516154,0.678492085227615,0.4730443183137675,0.352792233316961,0.0,0.2364903348797397,0.3027579451129558,0.07147993509315657,0.3019402230212135,0.23849411630934544,0.0,0.0,0.20820884229187112,0.0,0.17250380458095702,0.0,0.2072648935440362,0.0,0.634819083938974,0.5226716919349874,0.0,0.08696020804165498,0.17331854832234128,0.0,0.32091310003970835,0.5782020313634397,0.5967446865875915,0.0,0.911546513479885,0.0,0.22331355660357058,0.0,0.18710901649937375,0.0,0.0,0.26728374711835984,0.3238669650624696,0.0,0.5336866917103171,0.0,0.0,0.43191099830058005,0.33414264434768554,0.372255697694761,0.15188378986784482,0.223931665295677,0.0,0.0,0.0
0.0,0.0,0.11028330961123788,0.15231966015008852,0.0527476226678852,0.0,0.33949527236228116,0.0,0.029150768666319476,0.7680385215357097,0.0,0.0,0.15599357407654577,0.14331673910610032,0.08335720997778757,0.0,0.570219888431481,0.0,0.061735981346453035,0.06596540577978371,0.0,0.16340335724953406,0.07722635268732196,0.18336119386692346,0.0,0.501932266823038,0.0,0.0,0.0,0.09441674109304869,0.0,0.03916210777211161,0.1415779983778914,0.04192754456189537,0.01964798522276946,0.0,0.161506845721967,0.02503153654087309,0.2881072339981776,0.0,0.0,0.16775207080203472,0.0,0.0612343698398217,0.031708584459920613,0.0,0.0,0.06577749344781449,0.0,0.2762267378941889,0.0,0.15130153425140758,0.13759608233162773,0.0,0.7122782070787544,0.0,0.8361721201779404,0.0,0.22300424981715103,0.08710263561451308,0.2059235904543564,0.6089101126792338,0.4375665056033877,0.0,0.33172383731636534,0.0,0.380902542992915,0.06824030638593892,0.08823775153600301,0.4381247656626009,0.4039059388835154,0.09559459406195249,0.18463276709158302,0.2489367983265685,0.4103262536513449,0.27467660396561366
0.29098189203016267,0.3311386765404463,0.29734479450411605,0.18872816905390305,0.2811518212347834,0.7036474684040802,0.47856873188596855,0.5012245196388536,0.5438167152527666,0.107914279708633,0.21202170216678035,0.15599357407654577,0.0,0.0,0.23384302503080534,0.2790679889016202,0.2394301703744429,0.3673247124721236,0.3418414367122867,0.43463890983787434,0.6288307622058552,0.3998630183626748,0.5877674275572745,0.0,0.3406266888634985,0.26717734739449706,0.0,0.7938573589906711,0.4865828769475747,0.48054832793052593,0.05769975639287426,0.28967244592442887,0.0,0.13460882512113412,0.13545427380263073,0.018736698403540437,0.49422824992010184,0.13581703320354185,0.14025318087831423,0.31901099081528733,0.6266534164042986,0.38491437768828796,0.0,0.035944221096577536,0.4688540338566366,0.3054925680462981,0.0,0.18889625329815463,0.03518578467847325,0.1265463556624172,0.17175863691483498,0.4071847125365576,0.34056598922058845,0.4503802755163845,0.15754279268867402,0.1975365076671206,0.2457588047505726,0.5263137694384855,0.0,0.13256299339744926,0.45297205425966564,0.3138742030186406,0.4034929119541494,0.2681227697710253,0.13756064254060552,0.6446397190780604,0.28619336708560206,0.21707306928223677,0.0,0.23126575565732885,0.3329055109288174,0.0,0.45040549208421315,0.02806957254635226,0.03784626118700841,0.12887335334817088
0.31153131192086614,0.0,0.0,0.3200733567216699,0.5824957314880415,0.0,0.3728241763698745,0.05868791043854403,0.0,0.0,0.47700065382414186,0.14331673910610032,0.0,0.0,0.21025855429137835,0.3412987687433553,0.09989096946129755,0.22780160090637278,0.0,0.024403915330161886,0.0669555508187881,0.040626134134283516,0.0,0.4439343223784415,0.11722728396538394,0.23366819394792918,0.0744375289549956,0.0,0.14199006482020618,0.0,0.33676478941347493,0.0,0.1974667162549774,0.24453238042275446,0.0,0.5246219897723824,0.0,0.0,0.0,0.0,0.0,0.0,0.25694641749528824,0.16987283835667982,0.0,0.21845412012102747,0.19499481748688238,0.0,0.01583619928635603,0.06083999289651075,0.0,0.0,0.303839341014072,0.0,0.0,0.35179469001269853,0.0,0.0,0.39597221077120753,0.0,0.0,0.0,0.0,0.0,0.0,0.11189875112598947,0.0,0.0,0.39387122984429523,0.25431534516707144,0.12570518217550183,0.0,0.0,0.0,0.0,0.0
0.5328349829235212,0.5945351463271168,0.10193139952972104,0.33316540450744847,0.41508303478326875,0.3859943041898705,0.3104796894615621,0.3647230403018767,0.409679972832901,0.0,0.4542044908627167,0.08335720997778757,0.23384302503080534,0.21025855429137835,0.0,0.4054551535779946,0.09800537797199821,0.35669210610703145,0.009818545472167373,0.7778833691672843,0.5745252219264957,0.738170227903583,0.23053869034056795,0.4385175331988791,0.4182473229299756,0.5128264246139459,0.5375359114696981,0.4028736806922902,0.6080550482435241,0.614962162615049,0.25827230531296147,0.0,0.06830917501103002,0.2880559358173921,0.11119596989500942,0.10809871101761913,0.2798824284326769,0.0,0.0,0.13238944552978069,0.12247471955198028,0.20803511702194513,0.0,0.281908176048659,0.0738706546102414,0.6128195812538668,0.3373645286347863,0.11494120040808833,0.09968100763571096,0.14508928242982133,0.09187715298615247,0.21390860094037475,0.29160084042983375,0.3774047869821208,0.07763335459322186,0.43563567260187797,0.0,0.10764272052313151,0.0,0.7668241392788269,0.17009157019974167,0.038512092387791616,0.3433757204669555,0.0,0.268352628820364,0.6034445059997736,0.302452553661494,0.15334491265190256,0.39377694941445557,0.38424335636782925,0.47657935847875527,0.49878316313119664,0.40241662612756596,0.17443699077558397,0.0,0.0
0.8891262858392981,0.5758204470865576,0.0,0.5410604218466449,0.5576921924400375,0.11130662288485837,0.3887145591767252,0.40428222604513997,0.22543444802718302,0.0,0.5093253611545668,0.0,0.2790679889016202,0.3412987687433553,0.4054551535779946,0.0,0.34044883996368086,0.9552066399735265,0.0,0.36389640876734425,0.7137065309520229,0.47233693079797523,0.0,0.7419641473600673,0.7776135136511392,0.4371097279763877,0.28254781640006077,0.5306051145628167,0.6259920085882837,0.3823066855515924,0.8905050157321767,0.0,0.5802166379037644,0.748837375908814,0.0,0.45021357746570134,0.08017317345244802,0.15286924475207647,0.0,0.21954887955416108,0.0,0.0,0.22686926481138536,0.26960068218455385,0.0,0.8355721258498159,0.5622330781740066,0.0,0.15806846054540474,0.3804934812242108,0.3159376248031236,0.33871253042706045,0.4084807904315067,0.2955003433206001,0.0,0.48240450063992774,0.0,0.3918447189684989,0.0,0.1650248747884355,0.09199529338921762,0.0,0.4916284493853804,0.03262309267482263,0.0,0.6256467922107932,0.0,0.009720053346911577,0.7487054064311671,0.5182725154202259,0.5779978545291689,0.12663479688091217,0.3367330304685066,0.2945565144861834,0.0,0.0
0.27003911268505054,0.265168714550989,0.0,0.4697006211000101,0.2863513635135917,0.0,0.15133357831275615,0.0,0.0,0.6708969385341201,0.022676554557133636,0.570219888431481,0.2394301703744429,0.09989096946129755,0.09800537797199821,0.34044883996368086,0.0,0.40869800206757007,0.0,0.10392946321245039,0.0,0.3195030127600759,0.0,0.4792404536702695,0.4172775929327986,0.41349379598212965,0.04833734133686297,0.08450067869861139,0.0,0.2136007640064192,0.3280837617267984,0.10506161449659895,0.23531416565725827,0.312099247010364,0.2685376544398418,0.0,0.0841352266527315,0.0,0.07450304380742782,0.0038059616720585217,0.008595454217354677,0.012062078719751472,0.0,0.0,0.1297089289493124,0.2594270274744836,0.12926778541197093,0.0,0.2135107094882861,0.37695549737274386,0.15819093147732055,0.311633242013628,0.0,0.0,0.6644009639844998,0.0,0.37325808432561364,0.37647659532319483,0.0,0.04444129158247412,0.3474580511377117,0.5422531864732817,0.6497706051575765,0.0189918827848548,0.33529087880609015,0.03950357870937254,0.21256442270635106,0.0,0.40734102847960263,0.39184221001320585,0.37996854397908975,0.13704673344785542,0.3256136620606086,0.411479103978818,0.09394573551981772,0.36889642777236226
0.8757601232759458,0.6466046640162157,0.0,0.47906124437800324,0.5281247282797695,0.17334388546864893,0.3584107080217344,0.41892665011041375,0.3120881086089322,0.0,0.5049022935045085,0.0,0.3673247124721236,0.22780160090637278,0.35669210610703145,0.9552066399735265,0.40869800206757007,0.0,0.06670260400490925,0.3734158976258407,0.6659670143296286,0.505617372451809,0.027018547002582362,0.704266624872439,0.8425537107343963,0.4681342305697099,0.2929549882022369,0.5843013532980448,0.6086574249574949,0.39722382856748345,0.8002313050317423,0.0,0.5028054016493706,0.6858854839838455,0.07061159866434955,0.3261306892044011,0.16494510672240506,0.11465074737676578,0.0,0.27033344101111123,0.0,0.0,0.12106710942492277,0.226937280460269,0.011749712791577258,0.8317128431123415,0.5404300394162073,0.0,0.2226953573072877,0.4035216664913213,0.277139036207234,0.43678084581962495,0.35948859042160736,0.3770987289668578,0.038807913036189336,0.48353006294737977,0.0,0.4836529534950085,0.0,0.13503185700143736,0.27443701134232884,0.0,0.6074660669735469,0.1532732273745089,0.0,0.5964093077935679,0.0,0.023829664149586587,0.6860502096982255,0.5235644654071542,0.5904529603895402,0.1183426716070222,0.401211056035873,0.22860960664941493,0.0,0.0
0.0,0.15282886991379313,0.7668997986758559,0.0,0.0,0.51108600226543,0.1511387974446477,0.3245633483398382,0.5612056877894716,0.0,0.3474972267705814,0.061735981346453035,0.3418414367122867,0.0,0.009818545472167373,0.0,0.0,0.06670260400490925,0.0,0.2406406828835764,0.11184808644475137,0.23784633717697792,0.5999094652343013,0.0,0.0,0.14374768306686253,0.2549857656557396,0.29847791918959127,0.21932303882076812,0.09536436454881932,0.0,0.23492928998165194,0.08508655708626721,0.03990573472962703,0.03830653675730089,0.0,0.0,0.1051944295210223,0.3478862636414379,0.3348804854078965,0.20727322772659776,0.1272515452505767,0.0,0.0,0.2843460671190166,0.0,0.1527800866382495,0.6274931295896172,0.0,0.0,0.22382112875006607,0.1292718482838206,0.2471658528591205,0.3862630548852421,0.05488340918691977,0.3677185716510855,0.2030055274822087,0.17885912569540735,0.0,0.1383935871951238,0.38257123897617096,0.13481363672194588,0.19356868112184739,0.8411263125305779,0.22345155788218632,0.15597390033905234,0.42322369844223945,0.48807767671379,0.0,0.1836542213730444,0.19472375679968584,0.31630388583197544,0.19571528413998016,0.06681659035945585,0.18952315056293453,0.10710434733877118
0.46838544846392405,0.5338782893994987,0.3661525303296868,0.35224345386222394,0.38408089796237627,0.5358693207974385,0.3623672359639919,0.28344376760270423,0.5227480257482329,0.05005520911206291,0.41449406498202396,0.06596540577978371,0.43463890983787434,0.024403915330161886,0.7778833691672843,0.36389640876734425,0.10392946321245039,0.3734158976258407,0.2406406828835764,0.0,0.5827636221321383,0.9227764243656095,0.28091416877000386,0.27349098335653577,0.4310739211863422,0.3471680999930734,0.6118467955071609,0.6412200906948697,0.6247436524811394,0.7316560439980853,0.26407520275978186,0.0,0.0,0.3131511760266434,0.2994410085079134,0.04491406005436276,0.37188336851826964,0.0,0.0,0.06524286914977119,0.2943956743898509,0.27639636193815426,0.0,0.39581075151393347,0.2140961752391869,0.603889193136866,0.13702261434601415,0.34119098864328806,0.10635077194549304,0.2920922893788248,0.18358289555499316,0.39860041407616587,0.15399367188356544,0.5603860251132637,0.19251593543423562,0.4463144324221713,0.022655840259775514,0.30355838866980966,0.0,0.7500901541263556,0.38233247029203205,0.19022106380979492,0.4950180246499909,0.18779486783614663,0.5352143775816512,0.587023837357018,0.5666232119187987,0.1302658178186791,0.2560221895900945,0.45511672551908694,0.37349312552924285,0.6072757662353597,0.6385580132543265,0.3412940904588568,0.0,0.04567685116544912
0.7406899561218235,0.5837227483505126,0.08793749083597854,0.29924339833169883,0.45473575977955283,0.61758673839247,0.4572598452895324,0.6622480576331036,0.4446718868676604,0.0,0.46295214256707073,0.0,0.6288307622058552,0.0669555508187881,0.5745252219264957,0.7137065309520229,0.0,0.6659670143296286,0.11184808644475137,0.5827636221321383,0.0,0.56009696487399,0.3723087829655849,0.399020705290178,0.6061656429359992,0.40218134932947636,0.20819439807766324,0.701571528918061,0.7614293744982363,0.5285373948915469,0.436752205165127,0.0,0.20638340738048183,0.3730687015002423,0.0,0.35777438173651865,0.33504122493722405,0.1679842545419828,0.0,0.34444537000152936,0.2648381514210946,0.16246672291818623,0.1067173910276643,0.20678558909880548,0.13524778283190764,0.690558597551506,0.22833644015306143,0.0954385855265066,0.07907784456682214,0.12409303041014778,0.19101528841779725,0.2683680474062395,0.5439162207815494,0.4554429798482628,0.0,0.4139348234696392,0.0,0.3056570293525171,0.0,0.3277887009659398,0.12267189012521726,0.0,0.19108628555580345,0.12084279413942059,0.0,0.8907526021275538,0.06085109930222282,0.16142257096951163,0.4059503639431767,0.26823446697006753,0.43865278607172525,0.07882857942721126,0.30038731963638005,0.0,0.0,0.0
0.5429718783828145,0.6926997125104126,0.26947151082374593,0.518727812770996,0.4360006414733152,0.38785099020639474,0.3711401407971016,0.2269743712352368,0.45384407002369903,0.2159402106226579,0.39436731736318514,0.16340335724953406,0.3998630183626748,0.040626134134283516,0.738170227903583,0.47233693079797523,0.3195030127600759,0.505617372451809,0.23784633717697792,0.9227764243656095,0.56009696487399,0.0,0.19479598496910752,0.45877891034273993,0.6287491349879732,0.44635354254806303,0.6676394751453101,0.5709646481378425,0.6007473884419618,0.7661767422584254,0.4044550105456777,0.06552371207660386,0.0,0.4942519579288282,0.41859010730414936,0.0,0.31602919581674904,0.0,0.0,0.08109933087139762,0.23333172739379926,0.27665094299388127,0.0,0.3914141920790706,0.1691231594666322,0.677634748960829,0.35160178877302534,0.2659167952024509,0.1943040732435004,0.4577786106003729,0.2463820594455083,0.5523036646355576,0.11962533505016748,0.46742600928943806,0.38601558309621076,0.4402315637323251,0.0,0.3544981267748085,0.0,0.6903704730027467,0.5240762042756263,0.31275206037267045,0.6748217313102021,0.22194180280518702,0.548433404803829,0.570941369209741,0.5862803840864365,0.09003620545659438,0.42833004975121375,0.6028027103506236,0.47349429780173663,0.6361610443788596,0.6845232805991528,0.4867177499292828,0.0,0.1266155191854481
0.0,0.20827047931371576,0.6109861798702052,0.0,0.0,0.8247285581839389,0.0626823149594472,0.5802140684310779,0.4058294828390994,0.0,0.11248659965348849,0.07722635268732196,0.5877674275572745,0.0,0.23053869034056795,0.0,0.0,0.027018547002582362,0.5999094652343013,0.28091416877000386,0.3723087829655849,0.19479598496910752,0.0,0.0,0.05075355616873133,0.19013471979837757,0.25972729533693273,0.4749378544192106,0.31282435218737553,0.1639025700721954,0.0,0.3785200161744951,0.044536036165333054,0.0,0.0,0.0,0.09827601798842575,0.37296831230406174,0.3887877466246756,0.47328347298432966,0.47452392940421595,0.16247807488540428,0.0,0.0,0.33901551968681337,0.011553987164506384,0.0,0.5949405919854477,0.0,0.0,0.21794878662986691,0.05125513546069424,0.49829788151319493,0.31478432677239115,0.0,0.17280622459345174,0.27563404884268217,0.23671787186703372,0.0,0.2746844178248643,0.33725244859060716,0.08922177528502845,0.079688136105698,0.5680402972309967,0.1811911085607311,0.4571625498283286,0.3802039374447038,0.7868355623993845,0.0,0.045783030061255815,0.20391967067543113,0.2795143539839475,0.1939043795040405,0.0,0.1421078684899984,0.08016261441209663
0.7728111204880264,0.5052226849033016,0.0,0.5552335028305018,0.5044584128703091,0.0,0.15546415496801758,0.3746048534137179,0.01478841713926555,0.0,0.47903383553070655,0.18336119386692346,0.0,0.4439343223784415,0.4385175331988791,0.7419641473600673,0.4792404536702695,0.704266624872439,0.0,0.27349098335653577,0.399020705290178,0.45877891034273993,0.0,0.0,0.675962632505304,0.6079990899425639,0.363061814126319,0.22022292531671453,0.35957812561625524,0.24762672454928644,0.8018199968522072,0.0,0.5587817445877379,0.5804302918003131,0.019070113314740924,0.27283262465478064,0.06336369766343754,0.1720603991124776,0.0,0.040608973315260186,0.0,0.0,0.06590066177508111,0.3647079792559608,0.0,0.7547224974723787,0.5509841238370555,0.0,0.25750996359447254,0.3963202195357013,0.19307662755811858,0.14354396892146987,0.38866131278386934,0.1269289408676272,0.15328123198183694,0.4354870793886883,0.0,0.204857158374233,0.0,0.19281632850001312,0.0,0.0,0.42419065596632,0.0,0.0,0.3963223500607314,0.0,0.05151773615514951,0.9785784536093851,0.5244168299844715,0.5960929351571187,0.22117151504486943,0.319996366454591,0.19008947338570673,0.0,0.0
0.8426519197088757,0.8712549415780675,0.0,0.6283167113245399,0.4856805955223867,0.29252958204145224,0.24375722991575047,0.40319388500555847,0.25432150188161856,0.0,0.4323452092178983,0.0,0.3406266888634985,0.11722728396538394,0.4182473229299756,0.7776135136511392,0.4172775929327986,0.8425537107343963,0.0,0.4310739211863422,0.6061656429359992,0.6287491349879732,0.05075355616873133,0.675962632505304,0.0,0.4490619454499885,0.38826153765176535,0.4889171622491802,0.6166087085905166,0.595494408175123,0.7286417470402158,0.0,0.2762746590479644,0.5623586582506771,0.2500697020856866,0.08348436105776734,0.20908626788382434,0.0,0.0,0.20522089600600243,0.11514988723303064,0.03851281601360411,0.0,0.21896156753055387,0.0836621106991395,0.8582098205987932,0.5551365053635172,0.0,0.36589805028211025,0.509793925894178,0.2890241064798932,0.5326514053977962,0.21396489284725348,0.3986095371936901,0.16285581600340654,0.4590701443432392,0.0,0.49785404348883655,0.0,0.21291680726897416,0.34400947284461225,0.11463965898047743,0.5689765976099052,0.13614539096387054,0.0,0.5623710465068922,0.0,0.0,0.7014215616652606,0.5832637342037772,0.4998333809228796,0.21197474619008141,0.49665432410456595,0.23026666412328745,0.0,0.0
0.5308969213452709,0.41417446890989873,0.0,0.40238372181868565,0.2618371889779744,0.19132337316097425,0.34436783879808186,0.46743457471872313,0.24540770124940672,0.14881975780347037,0.3554560348310881,0.501932266823038,0.26717734739449706,0.23366819394792918,0.5128264246139459,0.4371097279763877,0.41349379598212965,0.4681342305697099,0.14374768306686253,0.3471680999930734,0.40218134932947636,0.44635354254806303,0.19013471979837757,0.6079990899425639,0.4490619454499885,0.0,0.21507843678931796,0.2472392217277832,0.40088990149937276,0.3146049546597976,0.25272491647371176,0.0,0.4492708143096444,0.3160100909010752,0.043727532243812706,0.08345401099420922,0.253491828716808,0.0379075387100746,0.0,0.19191262462811687,0.0,0.04103750927829224,0.0,0.11418374337573023,0.0,0.5100844300510625,0.5553616025658271,0.0,0.13828015849748443,0.22050643781490953,0.0,0.15806761087422974,0.5000155050513535,0.11474451541793128,0.2473793202620274,0.25813985888489815,0.34313602792983416,0.07307806947241711,0.0,0.3587312606855313,0.11702567689442674,0.27588897508316224,0.5037697400837653,0.0,0.04508577054558744,0.42589593628987876,0.21506865855548876,0.12319823338381733,0.4846603971626876,0.6635626676661516,0.923962941640868,0.13058115679511625,0.22499181699106677,0.0,0.0,0.0
0.3110531384905391,0.5342555364826206,0.43273321363386186,0.14624690207755128,0.08853989216812978,0.30257127372762965,0.0,0.11964596720089828,0.25618192947682217,0.0821962726901647,0.3143216413527945,0.0,0.0,0.0744375289549956,0.5375359114696981,0.28254781640006077,0.04833734133686297,0.2929549882022369,0.2549857656557396,0.6118467955071609,0.20819439807766324,0.6676394751453101,0.25972729533693273,0.363061814126319,0.38826153765176535,0.21507843678931796,0.0,0.30150580403533134,0.41144833642723994,0.3578395278251561,0.3827696711764126,0.028381565096267623,0.0,0.4214867533544087,0.25501440799777114,0.0,0.0,0.016343765497808003,0.0,0.026303941701159284,0.0,0.0,0.0,0.36383804617261234,0.0,0.41362698699736866,0.4325587108295562,0.42691605430243046,0.1556444192329096,0.30677478029196514,0.3653450794580804,0.3580503322709367,0.03324415825189594,0.3860087075474652,0.21899760594764464,0.3698209770091151,0.0,0.2168453829437009,0.0,0.6259109642790721,0.34481210850503374,0.12197441943505576,0.411717632585096,0.3217931971368148,0.48601236613896615,0.24392518772682417,0.48650167666857597,0.4020599295970797,0.35327837559165015,0.4264082277599657,0.24239439655950573,0.9380072113903507,0.5387807801947653,0.5284505088732805,0.0,0.08922716846066528
0.5044040617125392,0.4456237002848042,0.372276371278207,0.27579046551615455,0.3995996036321782,0.6810513036646633,0.4623314220143548,0.5366118525398411,0.6106840638924057,0.0,0.41196525537516154,0.0,0.7938573589906711,0.0,0.4028736806922902,0.5306051145628167,0.08450067869861139,0.5843013532980448,0.29847791918959127,0.6412200906948697,0.701571528918061,0.5709646481378425,0.4749378544192106,0.22022292531671453,0.4889171622491802,0.2472392217277832,0.30150580403533134,0.0,0.6993479028539785,0.5850519244116268,0.3476238774975337,0.06812387867198806,0.02160165755659596,0.37955692710920774,0.16172614200113244,0.2357110061472709,0.4959244282194342,0.19552556459216522,0.0,0.21849533409422578,0.3991001009046212,0.2697281818476857,0.07164671726618556,0.26323261051305746,0.32003584674556207,0.555326575706758,0.08503029458943084,0.27881224818749895,0.057173362527821285,0.2523963938621485,0.18041593326982636,0.4427733373968545,0.3253162370529823,0.5899422432293623,0.0,0.43883514310598193,0.0,0.5412676764214449,0.0,0.3243409837797572,0.4115650721082172,0.11903479535838545,0.43890708870060896,0.27431824765904317,0.17059758979795994,0.7144298688131389,0.2835511969282343,0.16795566029540965,0.18868547632129903,0.32618659039561526,0.37222787536175234,0.215895845388767,0.6629392997744696,0.12603932295791168,0.0,0.0
0.7392554142108765,0.752923724923618,0.15767441279116373,0.4289412056991298,0.5663600893241558,0.5872604109342993,0.608164255377771,0.7188487316966156,0.6209772690367136,0.0,0.678492085227615,0.0,0.4865828769475747,0.14199006482020618,0.6080550482435241,0.6259920085882837,0.0,0.6086574249574949,0.21932303882076812,0.6247436524811394,0.7614293744982363,0.6007473884419618,0.31282435218737553,0.35957812561625524,0.6166087085905166,0.40088990149937276,0.41144833642723994,0.6993479028539785,0.0,0.7090605696581391,0.37701688743308887,0.0,0.07972291132398873,0.3007138421234343,0.09600166580756056,0.1854694507875175,0.4805943381506774,0.0,0.0,0.304993397667905,0.28617983538857106,0.3175418486873587,0.0,0.30518617200368947,0.10070427182630287,0.7524802742473624,0.4621665474468347,0.001736979496253698,0.09596719617335975,0.19578023726503496,0.0,0.4074366644889037,0.5586589141240205,0.5043582004592887,0.0,0.6150358643821572,0.0,0.24897414489844227,0.0,0.333696318672191,0.19938655967979282,0.0,0.3315157406798928,0.2196597473346425,0.0,0.7593323638278171,0.022347657954177487,0.0,0.35471847146765995,0.4366955514870136,0.42143010030762235,0.18967451447048453,0.3522909192755445,0.0,0.0,0.0
0.5119855360478147,0.7535328927349114,0.07841137700650722,0.5642774539003763,0.5539335471525413,0.42509566224350814,0.5243977620695118,0.36525496083095077,0.6263716395576772,0.0901164479298095,0.4730443183137675,0.09441674109304869,0.48054832793052593,0.0,0.614962162615049,0.3823066855515924,0.2136007640064192,0.39722382856748345,0.09536436454881932,0.7316560439980853,0.5285373948915469,0.7661767422584254,0.1639025700721954,0.24762672454928644,0.595494408175123,0.3146049546597976,0.3578395278251561,0.5850519244116268,0.7090605696581391,0.0,0.20695776620844375,0.06466300247677156,0.0,0.19070298648262426,0.5521776817327259,0.0,0.5915793461330874,0.0,0.0,0.19468379317451853,0.5449885855086093,0.5858076066206523,0.0,0.2540312327101625,0.2992084322757444,0.6533207964135768,0.2562238119555819,0.006016915366231204,0.2342251280959074,0.43453092032608337,0.0,0.5979413617510241,0.201787675492241,0.5086173192619541,0.30176361347477965,0.5289906354947874,0.0,0.3300470519483533,0.0,0.43728575355245697,0.4950585151796303,0.31511334188270057,0.5844341770821875,0.14624741295249363,0.10590078018867348,0.6173432246854872,0.24796482102924589,0.0,0.2608762574039522,0.3834309066537396,0.30328267616779614,0.2921141124971894,0.559656723538635,0.10303837769733462,0.0,0.0
0.7370273230705342,0.4755895418980886,0.0,0.44175389552590283,0.4193082064761633,0.0,0.1005946930019346,0.15102772081945542,0.0,0.0,0.352792233316961,0.0,0.05769975639287426,0.33676478941347493,0.25827230531296147,0.8905050157321767,0.3280837617267984,0.8002313050317423,0.0,0.26407520275978186,0.436752205165127,0.4044550105456777,0.0,0.8018199968522072,0.7286417470402158,0.25272491647371176,0.3827696711764126,0.3476238774975337,0.37701688743308887,0.20695776620844375,0.0,0.0,0.4556283493556896,0.8340933790482393,0.0,0.3930957250996379,0.0,0.1489825035464008,0.0,0.0,0.0,0.0,0.24666655137644605,0.34003253927006705,0.0,0.6947725402879201,0.523734647783485,0.0,0.30281128836250865,0.471348547492705,0.47561516000803566,0.2863899755549519,0.11235520673260951,0.20574840128503324,0.0,0.386317307967146,0.0,0.3932638730197241,0.055740540271364276,0.13937570692667217,0.0,0.0,0.3397516749488553,0.0,0.07149240885745267,0.31682317054582004,0.0,0.06054495524423667,0.8090555999931275,0.3907278432404474,0.39823028144772693,0.24323034321880094,0.3739378854739765,0.49816352529976393,0.0,0.0
0.0,0.05356221434612973,0.2819170277146556,0.0,0.0,0.28384316853135805,0.0,0.0,0.05723364568631002,0.3016103872690645,0.0,0.03916210777211161,0.28967244592442887,0.0,0.0,0.0,0.10506161449659895,0.0,0.23492928998165194,0.0,0.0,0.06552371207660386,0.3785200161744951,0.0,0.0,0.0,0.028381565096267623,0.06812387867198806,0.0,0.06466300247677156,0.0,0.0,0.0,0.0,0.28901672592432465,0.0,0.0,0.06276485937494307,0.76873924751456,0.3595876817687227,0.6301011214939019,0.2301920570587368,0.0,0.0,0.44407873166074396,0.0,0.0,0.4060426664313335,0.0,0.044169506255392434,0.4953014068956018,0.1905798518629906,0.0,0.1787314662228408,0.28367369311576507,0.0,0.1526079593471898,0.4035015318372121,0.0,0.14685316609275303,0.5996906292349737,0.45316486599067834,0.2360123157003778,0.28176512264809794,0.4178555862230585,0.0,0.36738914741084777,0.32719483233161273,0.0,0.0,0.0,0.17329094525920283,0.3022433096830194,0.3475759784933119,0.41005413878397684,0.7941736318385528
0.3935089297753018,0.10920401026046073,0.0,0.0,0.1308120236548915,0.0,0.08462493238105344,0.23988561441598058,0.0,0.0,0.2364903348797397,0.1415779983778914,0.0,0.1974667162549774,0.06830917501103002,0.5802166379037644,0.23531416565725827,0.5028054016493706,0.08508655708626721,0.0,0.20638340738048183,0.0,0.044536036165333054,0.5587817445877379,0.2762746590479644,0.4492708143096444,0.0,0.02160165755659596,0.07972291132398873,0.0,0.4556283493556896,0.0,0.0,0.4284946564203695,0.0,0.23563026089826677,0.0,0.2917833538694974,0.0,0.4713118916601955,0.0,0.0,0.2550765030734834,0.059612452534785074,0.0,0.2695443643178653,0.4848914012135847,0.06633644942737953,0.0,0.0,0.3142263716437135,0.0,0.36782511175807125,0.0,0.0,0.19409590485114236,0.013206429650496135,0.13581860660782416,0.2026829208952925,0.0,0.0,0.0,0.17049036420513516,0.12256747614571875,0.0,0.14294548460868875,0.0,0.33459233082884104,0.5273384561290857,0.30682141993206224,0.5607975190581229,0.0,0.0,0.16754949869355107,0.059027619331891844,0.0
0.5262909844559549,0.3569330651796574,0.038983712844186114,0.32518307502837573,0.3805758044062602,0.0,0.2489508179550164,0.07177441517361971,0.1807849904123822,0.044688603014535845,0.3027579451129558,0.04192754456189537,0.13460882512113412,0.24453238042275446,0.2880559358173921,0.748837375908814,0.312099247010364,0.6858854839838455,0.03990573472962703,0.3131511760266434,0.3730687015002423,0.4942519579288282,0.0,0.5804302918003131,0.5623586582506771,0.3160100909010752,0.4214867533544087,0.37955692710920774,0.3007138421234343,0.19070298648262426,0.8340933790482393,0.0,0.4284946564203695,0.0,0.0,0.3138765485202678,0.0,0.05299922845066623,0.0,0.023247642502142746,0.0,0.0,0.11066683549142102,0.20449687665490932,0.0,0.5464721146978946,0.4352390021851876,0.08427363911348411,0.2299794059394658,0.5098612574239474,0.514322035959522,0.36330239330661596,0.0,0.24840177820786044,0.14886273686034496,0.3259270868164844,0.0,0.28791882417017156,0.13842420004046796,0.2703536825082063,0.12452291812055029,0.007955873164153316,0.48289956397779765,0.04388408310651813,0.28551392503780487,0.2657970768741326,0.09584472505144823,0.12568566611939982,0.5704904288544905,0.4884916755161789,0.4844366941151143,0.37584183695210077,0.4870830712364678,0.6210184383902089,0.03501391397471041,0.0
