0.0,0.7600074949480684,0.0,0.6946019326450615,0.6449764247791608,0.2802587115936493,0.32375049118291144,0.5668442318520908,0.2842868561018813,0.0,0.6402158287800004,0.0,0.28965316471123514,0.30433856449141067,0.5234216299705331,0.8734115578355074,0.2608572209994128,0.8492262520149676,0.0,0.4462747616297415,0.7318018111162726,0.5315698369727048,0.0,0.7644254939954207,0.8307061225774253,0.5293181784948161,0.3098017182760157,0.4885570509928742,0.7441733848374757,0.5114621859568895,0.739278350753024,0.0,0.40186941200671505,0.5287609023466944,0.09027903093142026,0.296672270090405,0.31204510076035424,0.08040983318133904,0.0,0.21375374780279835,0.0,0.023456564399754132,0.04782155427919965,0.28238524904621903,0.0,0.937218899524661,0.6437659467825083,0.0,0.3323776093208171,0.35374990544984414,0.2110419515308928,0.3482659422812174,0.4804535682860597,0.3605622767055267,0.0,0.5872230422258021,0.0,0.4167322031389998,0.0,0.24406489377348917,0.04574130849413962,0.0,0.40973287143313475,0.031141994653142456,0.0,0.6835924769456744,0.0,0.0,0.7858179041803546,0.45866694158451715,0.6033412380677231,0.08010439709902249,0.32042759930078735,0.0,0.0,0.0
0.7600074949480684,0.0,0.0,0.5445380645178208,0.41080854490385155,0.4314224118210992,0.19792266094425542,0.525716117590629,0.38217306553261543,0.0,0.4860991485323265,0.0,0.32645569977399275,0.0,0.5723703574306815,0.5695059856350354,0.2569956761310359,0.6311857568483935,0.14912800825016254,0.5172609909443348,0.5762979148255538,0.6805057021166383,0.20579605628143574,0.5069051345265772,0.8556195935521438,0.4001273170032874,0.5209448784710751,0.42939417055404305,0.7147035448917095,0.7408443744384454,0.4530316255368591,0.059571456121629084,0.10530195431114596,0.3126649073045363,0.3912313064875053,0.0,0.3264066888061147,0.0,0.0,0.27965402265442296,0.3001121984769907,0.24555752276214268,0.0,0.20161703664426192,0.1386590128800691,0.7973004959512341,0.6763522771535281,0.0,0.3577529980469275,0.35084046414130055,0.2002496011710126,0.5375532719391345,0.3122289753137422,0.42808744832845663,0.15793396950274863,0.5016043792342187,0.0,0.45110550737971444,0.0,0.385996229647764,0.4488094044203779,0.1927430255059923,0.5670944722036074,0.28111248444748754,0.0,0.6008241945335187,0.10095425055777384,0.027937486473108793,0.556706002023164,0.4915434229882758,0.4845732123794178,0.32536937561582346,0.47003053001684275,0.03679968129571108,0.0,0.0
0.0,0.0,0.0,0.0,0.0,0.5430739392033933,0.07035295687234787,0.1316046437745474,0.46253352467569503,0.13604103957278013,0.12588027177832367,0.11019226313881215,0.3070254917407482,0.0,0.10848288617558396,0.0,0.0,0.0,0.7657341222295004,0.3656025425680854,0.07971013207119043,0.26637229014331765,0.6061003715391122,0.0,0.0,0.0,0.4463295655856823,0.37461669447604257,0.16540108035919393,0.07790128656496391,0.0,0.2976198217820373,0.0,0.03628464905006413,0.04280768155896799,0.0,0.0,0.15934011042838575,0.4850052624433935,0.1402075239372649,0.2526961446401177,0.06119706899832597,0.043510595930260715,0.03234661389897125,0.23603334820564087,0.0,0.0,0.813628063457275,0.0,0.0,0.2832556497059838,0.09084052113777845,0.0103674633264598,0.41947897616110247,0.12235305665203802,0.172176435880757,0.27108869179736245,0.16384319458468916,0.047941881521445406,0.3393708938704442,0.3920107191584166,0.19596085292868726,0.18079168079023572,0.6261726467953687,0.4711131839127549,0.07163331254539368,0.5819979252053291,0.5292506273629207,0.0,0.16836235758874854,0.10839441711403107,0.5123240020472876,0.39282018666437846,0.27572987122033926,0.4469411460378854,0.3003351523773203
0.6946019326450615,0.5445380645178208,0.0,0.0,0.6113097541513612,0.0,0.40507121315510586,0.14185372487863646,0.09378206060114319,0.17321292170744945,0.34665194390789517,0.14674066954463452,0.18278279208736808,0.31071328020605227,0.32605479055986575,0.5241334230489217,0.47882390756207294,0.4908360037522138,0.0,0.34282225249203696,0.2976225186550582,0.511722542166465,0.0,0.5582020237944686,0.6432233607082978,0.3978706685665444,0.14160015694745498,0.26818340144683767,0.4419675698679794,0.5479991300886665,0.42006090031859994,0.0,0.0,0.31616937842067655,0.3423022083673743,0.0,0.4357504305886581,0.0,0.0,0.0,0.0,0.24650354907143687,0.0,0.18476378916780728,0.0,0.6867472136763615,0.2730274437825629,0.0,0.5866843218242647,0.5981317017119998,0.0,0.44399060721558564,0.05780644872913787,0.12774745070487367,0.2833995311301243,0.27859382495094576,0.0,0.19989085322054115,0.0,0.04363445342601852,0.07727866753595881,0.19786137645975846,0.47803564885276667,0.0,0.0,0.2973380587353445,0.0,0.0,0.5040017705012898,0.4199313875223714,0.29029527078088396,0.008154331779588167,0.34107221672437843,0.04870800703911963,0.0,0.0
0.6449764247791608,0.41080854490385155,0.0,0.6113097541513612,0.0,0.028787740301800303,0.722768209865081,0.377004015368708,0.520880125636055,0.0,0.7971549239268461,0.04933769239514883,0.27780046787122575,0.5801189813460849,0.41335088257725133,0.5474194053995656,0.2693254919862534,0.5144899853144843,0.0,0.3905852362323554,0.4648777121957744,0.43862218927410146,0.0,0.5096466558486473,0.46750445188848166,0.24660337350082517,0.09843363673648921,0.39584885112610574,0.5727584277453552,0.5602052797720248,0.4144185936836843,0.0,0.1260768043505597,0.36843500029445675,0.08520185533895634,0.30461190661493753,0.41037063012172587,0.0,0.0,0.0,0.0,0.3512399870067244,0.0,0.24546197786355173,0.0,0.625293773268213,0.21898761299875666,0.0,0.25199262825915403,0.4011916368891476,0.0,0.375661975048424,0.3697939313864528,0.3781285192275287,0.04137027612044414,0.6716134477081184,0.0,0.15325825279996358,0.0,0.03819612813883464,0.0,0.0,0.32797315331835786,0.0,0.0,0.5097342225835966,0.0,0.0,0.45973466693713727,0.33961286874124835,0.2469225680484023,0.0,0.25425875876711884,0.0,0.0,0.0
0.2802587115936493,0.4314224118210992,0.5430739392033933,0.0,0.028787740301800303,0.0,0.14354245637170462,0.6487971743083631,0.5584880296414364,0.0,0.2644083133144198,0.0,0.7016906022586571,0.0,0.3860871790281764,0.10994852540463261,0.0,0.1532054152912701,0.5184115900676269,0.5310513251244855,0.6185082438706507,0.3902568035106685,0.8204701217426325,0.0,0.28544712429587393,0.18373375311260318,0.3140477225870861,0.6693878151887389,0.5916191437463914,0.43789292995079065,0.0,0.29673920324424663,0.0,0.0,0.04930174145700477,0.05889178729869248,0.3269594508251633,0.1525797125509564,0.1273941529456949,0.38343503299341714,0.5700979368443955,0.24347790710092268,0.02995792663706909,0.06269646184668673,0.4033486637303604,0.3074640899393011,0.0050399572943879535,0.44600960789578326,0.0,0.0,0.3641496316133892,0.21456917415739454,0.40863738980220277,0.5660983163129891,0.0,0.30812526464608464,0.017513183633447223,0.41908817269242804,0.0,0.39813854905066975,0.31887760572251267,0.04431000081522172,0.15357702839313503,0.4920946968612965,0.14214689422442908,0.644800046192951,0.28594682565987406,0.44535824924137046,0.0,0.10853151966248926,0.23142029310881013,0.23311449183966174,0.414795943402678,0.0,0.0,0.019625610253106354
0.32375049118291144,0.19792266094425542,0.07035295687234787,0.40507121315510586,0.722768209865081,0.14354245637170462,0.0,0.3924883371434056,0.5502679645961623,0.05171532282862041,0.5420383451028957,0.3374914266954233,0.4769892217936401,0.3697499062832013,0.30520793228467247,0.36395658187666174,0.1474067770018248,0.3341967537538792,0.15636164736666383,0.35779591714513964,0.46306531571223536,0.36308644185034616,0.07875377829755249,0.1537670825883793,0.22936345654107232,0.32485222807483877,0.0,0.4576244513505125,0.604245711361248,0.5293727775589981,0.09166132726221238,0.0,0.08328283875485927,0.23951303841883873,0.0,0.24246783236130962,0.4214418192819383,0.0,0.0,0.04290694229642992,0.03529663517654526,0.35178416853141536,0.0,0.10798468089559653,0.04743069305514652,0.2960528038130304,0.08578438305337029,0.0,0.0,0.2597062475805801,0.0,0.4034449773482836,0.474603973809197,0.19404007116999233,0.172495224891727,0.44529406043646275,0.23596191213825568,0.0,0.0,0.0,0.08240894654741707,0.07531544405838304,0.2929884556632342,0.0,0.0,0.4865094821681572,0.03218418098941886,0.0,0.08297459653134598,0.4719170631599148,0.3164808958140643,0.0,0.16187313976621034,0.0,0.0,0.0
0.5668442318520908,0.525716117590629,0.1316046437745474,0.14185372487863646,0.377004015368708,0.6487971743083631,0.3924883371434056,0.0,0.5199037368785056,0.0,0.6500494790887048,0.0,0.4970950531197126,0.058378921776355154,0.36144006319122574,0.3755260188027076,0.0,0.4000187044941029,0.31176649279560886,0.28050215177664584,0.6763014787232203,0.22953087270686737,0.578833544640785,0.3816141743741854,0.39078936748069265,0.4591776345260793,0.12172710485564585,0.5006755374233326,0.7142584167991448,0.37008637644941694,0.1485434842468538,0.0,0.24036843037609387,0.06904609146144365,0.0,0.2797331453004798,0.322214373481379,0.20171944534786387,0.0,0.4566585305705724,0.21913605788159582,0.191269144870697,0.06355258968822217,0.10460775464273075,0.11734410937575096,0.5246500332287831,0.34998754246612807,0.027168231652574003,0.06370060699968516,0.0,0.0,0.18395405327305567,0.8371283799212917,0.4344493790103941,0.0,0.5721605875877296,0.0,0.2542830503686461,0.0,0.11815674944878173,0.028287419801303074,0.0,0.08993465613490005,0.31002342200456,0.0,0.700396003977665,0.0,0.2354822762866801,0.3593009321089374,0.21314017743624436,0.4458612110329792,0.0,0.13120585776918609,0.0,0.0,0.0
0.2842868561018813,0.38217306553261543,0.46253352467569503,0.09378206060114319,0.520880125636055,0.5584880296414364,0.5502679645961623,0.5199037368785056,0.0,0.0,0.7071086316771635,0.015270050338800443,0.5420622972911424,0.0,0.39317095850084377,0.21158833476936054,0.0,0.2924770979111394,0.5640002218808932,0.510603188447488,0.4258808808711931,0.4427816494105452,0.4076456449923538,0.014233968006464459,0.2378972609388646,0.23501021388348842,0.26387630256566325,0.5981886714250797,0.6072031653294669,0.6276571536371017,0.0,0.06452340880639637,0.0,0.17018383446016405,0.25549837027723044,0.07841094744887595,0.4472566170971046,0.0,0.0,0.32049732666177017,0.3598082067819135,0.5239488796224425,0.0,0.10492163586725045,0.2900111039746232,0.3619718436464502,0.13670596618446443,0.36914787232973006,0.0,0.20881168907216957,0.0,0.5227582801818242,0.3332692076014554,0.8157046478321879,0.0933823787839133,0.7379757537095964,0.1362978967804869,0.3410919617640868,0.0,0.33066006953270877,0.3497617019351825,0.2523942587718087,0.39909239650014766,0.4922323332683451,0.08310463973263875,0.5370121026642188,0.2939970984883785,0.07589484317399411,0.0,0.2166792689484684,0.27594633625244536,0.2165650154753742,0.4661686423419358,0.0,0.0,0.0
0.0,0.0,0.13604103957278013,0.17321292170744945,0.0,0.0,0.05171532282862041,0.0,0.0,0.0,0.0,0.7749992528641882,0.09045077063559115,0.0,0.0,0.0,0.6642639384056699,0.0,0.0,0.03901723269710077,0.0,0.2125526955348051,0.0,0.0,0.0,0.15203594604058482,0.06958328863960278,0.0,0.0,0.09791449311474555,0.0,0.3096131181887873,0.0,0.03739906157246086,0.30014310073122785,0.0,0.0908804090883686,0.0,0.44867595177606245,0.0,0.1732440891580282,0.16967256051024218,0.0,0.017196101744570216,0.1327860410954639,0.0,0.0,0.13933546217051512,0.10191757032001826,0.4015154896276406,0.0,0.3115616258445575,0.0,0.0,0.9022776817609264,0.0,0.653513866629929,0.0455639226867904,0.07795510196520015,0.08733923598756564,0.5041524644650661,0.7810368919347693,0.5405893596660769,0.0,0.5129544858580941,0.0,0.4722425100305407,0.0,0.0,0.32149505397123807,0.10928956907675728,0.26164774339631164,0.33559204539402293,0.5006523961094741,0.4472509782064215,0.6672343058856994
0.6402158287800004,0.4860991485323265,0.12588027177832367,0.34665194390789517,0.7971549239268461,0.2644083133144198,0.5420383451028957,0.6500494790887048,0.7071086316771635,0.0,0.0,0.0,0.21447373112523171,0.4744418574008815,0.45303482690728347,0.49952777987605923,0.014110654669452176,0.48458177175352946,0.3422875815478315,0.41922934872682377,0.4612347543761718,0.39775693136297274,0.10874256620045936,0.47435547960875857,0.4123976334284007,0.340618313702121,0.32102131274749224,0.4083410347882582,0.6797976787408395,0.4837742860821098,0.34598779636540344,0.0,0.22779678944315174,0.28893453866243984,0.06600106552298038,0.3218407178134544,0.2473704210461044,0.0,0.0,0.18864024210949787,0.0,0.1726162316279718,0.0,0.20514069119873626,0.0,0.6220440368008777,0.5110644490898909,0.0,0.09243254747844978,0.1925651580607741,0.0,0.32694013204194683,0.5822960772685528,0.5974755059406881,0.0,0.9146420125305332,0.0,0.2250431453139217,0.0,0.19952115231317083,0.0,0.0,0.2615431242205082,0.3297561924109193,0.0,0.537071762103953,0.0,0.0,0.4400493363192993,0.3323836889506148,0.3702124346438739,0.1635901808936135,0.2259303241626391,0.0,0.0,0.0
0.0,0.0,0.11019226313881215,0.14674066954463452,0.04933769239514883,0.0,0.3374914266954233,0.0,0.015270050338800443,0.7749992528641882,0.0,0.0,0.14736720419766197,0.14238706362703793,0.09081402064425702,0.0,0.5771727194885948,0.0,0.0674016446017307,0.06938835668543245,0.0,0.17037833620168985,0.08751704007675072,0.22030990851960822,0.0,0.5054716873720645,0.0,0.0,0.0,0.0977902053839809,0.0,0.04134717199012759,0.1313884132461023,0.02885644374563797,0.011308041012265308,0.0,0.1573202591850795,0.016408382063890066,0.2725606021732355,0.0,0.0,0.16849414540433347,0.0,0.0674610432474307,0.026488187095081023,0.0,0.0,0.07168472295079548,0.0,0.2750557211416915,0.0,0.14865643638146633,0.139018890170281,0.0,0.7172627976270636,0.0,0.8298428186403641,0.0,0.22587323538797788,0.10081324343409306,0.2105505740408125,0.611278804774683,0.44608634018261784,0.0,0.3408874241037194,0.0,0.39068460048268,0.07579562223009098,0.08158359114701187,0.45434106243072975,0.407747039849068,0.10152942188415938,0.18941396182057565,0.2628062664093434,0.39641787719749144,0.2808654905990709
0.28965316471123514,0.32645569977399275,0.3070254917407482,0.18278279208736808,0.27780046787122575,0.7016906022586571,0.4769892217936401,0.4970950531197126,0.5420622972911424,0.09045077063559115,0.21447373112523171,0.14736720419766197,0.0,0.0,0.22910222532862,0.2700171770853836,0.21639479654553165,0.3458084337846896,0.34607621858441057,0.43136609611262167,0.6252819788535828,0.39575499573930994,0.5848622036218211,0.0,0.32370000812458327,0.24678260948124353,0.0,0.7887508136434448,0.48456198364624514,0.4999277931803346,0.05616988161396874,0.3107558209253768,0.0,0.13522220879013433,0.12427085182602998,0.04180089068876412,0.48956619701902965,0.13109172207348335,0.13657099936471498,0.3153162363136517,0.5827027481912711,0.3638662471223142,0.0,0.044915515414691964,0.43330421862080937,0.29953287433270875,0.0,0.20407832685328386,0.04493487643996149,0.12581187839251776,0.1789420495935383,0.4088785982125457,0.3399675711539774,0.46062313695430956,0.160299333602229,0.20827596860677483,0.24704055223080812,0.5376293231037259,0.0,0.14207387225325,0.4569044779425411,0.31699228044910716,0.40693194470935184,0.28205451599616055,0.14251920431551093,0.6451737903209195,0.2839852774077871,0.22015973404943065,0.0,0.23959112408711125,0.33620458970280037,0.0,0.45771614390912146,0.035514127619289106,0.04848346351291681,0.12549871206560234
0.30433856449141067,0.0,0.0,0.31071328020605227,0.5801189813460849,0.0,0.3697499062832013,0.058378921776355154,0.0,0.0,0.4744418574008815,0.14238706362703793,0.0,0.0,0.21794367721863903,0.3278579970117164,0.09518538941674974,0.2205031008748796,0.0,0.029260371968026506,0.0772654833731158,0.041306217086355713,0.0,0.4375235646971511,0.1039782629516665,0.22784101517352176,0.07651656783266787,0.0,0.14152550166834568,0.0,0.3198090637070186,0.0,0.20396434353715837,0.22601765444767705,0.0,0.525863448648686,0.0,0.0,0.0,0.0,0.0,0.0,0.25772560826224084,0.17253195527699342,0.0,0.21515294819618858,0.18512784315028818,0.0,0.008518764451056732,0.0582773366731365,0.0,0.0,0.30747588785006397,0.0,0.0,0.3489795533619527,0.0,0.0,0.399291229399865,0.0,0.0,0.0,0.0,0.0,0.0,0.12143097010911234,0.0,0.0,0.38506330296484237,0.2478483056411101,0.12501684115487463,0.0,0.0,0.0,0.0,0.0
0.5234216299705331,0.5723703574306815,0.10848288617558396,0.32605479055986575,0.41335088257725133,0.3860871790281764,0.30520793228467247,0.36144006319122574,0.39317095850084377,0.0,0.45303482690728347,0.09081402064425702,0.22910222532862,0.21794367721863903,0.0,0.38360640759132836,0.09464996509267656,0.33537005160310135,0.0086720813410105,0.7837835019385669,0.5583032529815906,0.7388754406406501,0.23112583397877215,0.44136301897578023,0.3949714801053828,0.5067433377615828,0.5370308667556183,0.39411750883497443,0.6025633344413939,0.6176753651609223,0.25317881079754845,0.0,0.06707694987596567,0.2786168962529804,0.10054548990622089,0.11851326906225278,0.2764285110044849,0.0,0.0,0.11733257201723098,0.10403524601733459,0.18592072802557463,0.0,0.2622166215374981,0.06309338975374787,0.5889750292112178,0.3358575169150308,0.12714449740552983,0.10450052174949166,0.14598821212538793,0.0935144121200394,0.21283676996116063,0.2922110545838819,0.36416325358019974,0.07835745710689448,0.43276952364763693,0.0,0.10986744658795874,0.0,0.7684151377839383,0.17253441861654223,0.04728226996267578,0.3405530165467907,0.0,0.28230927226394864,0.5853626580069725,0.30686637037814435,0.15184841469774155,0.3946709680110407,0.3833438141809912,0.4746157026718996,0.4937161808958528,0.4040931875032526,0.16456124292989613,0.0,0.0
0.8734115578355074,0.5695059856350354,0.0,0.5241334230489217,0.5474194053995656,0.10994852540463261,0.36395658187666174,0.3755260188027076,0.21158833476936054,0.0,0.49952777987605923,0.0,0.2700171770853836,0.3278579970117164,0.38360640759132836,0.0,0.33540383678464364,0.9544869480812563,0.0,0.3384691460784121,0.6725865554570877,0.4641570566525835,0.0,0.7724381251999012,0.77629782265582,0.4507102643117387,0.2713102752412068,0.5177976425764851,0.596317556689618,0.36592337070475917,0.8773439885551122,0.0,0.5872334864651225,0.6973183113859591,0.0,0.4415912632946933,0.08821125177324116,0.13964266120211755,0.0,0.21866200799231678,0.0,0.0,0.21064480517601888,0.2639212326512784,0.0,0.8106174938905558,0.5533471845827598,0.0,0.15231281003608976,0.3735250636337122,0.3247484261760257,0.3346316207870845,0.37533766624509934,0.28050955733743993,0.0,0.46687377574516736,0.0,0.3986272748112293,0.0,0.167362857389267,0.09392729150239483,0.0,0.4979356185758543,0.027111817168434173,0.0,0.5856852891165175,0.0,0.01940158725227675,0.7762865229983745,0.5272933110611728,0.6034960860731217,0.1313005002285315,0.3343646188266218,0.29986622828118814,0.0,0.0
0.2608572209994128,0.2569956761310359,0.0,0.47882390756207294,0.2693254919862534,0.0,0.1474067770018248,0.0,0.0,0.6642639384056699,0.014110654669452176,0.5771727194885948,0.21639479654553165,0.09518538941674974,0.09464996509267656,0.33540383678464364,0.0,0.4032047368026892,0.0,0.09398557015597789,0.0,0.30589734200679836,0.0,0.4900246646359778,0.4125439858509992,0.4116054254037589,0.03915508552748271,0.0735298521017811,0.0,0.21563506857797926,0.31433644363599184,0.11156361009004788,0.233735960556449,0.286726991915447,0.21005895634257377,0.0,0.08904296957824638,0.0,0.06806735820504234,0.0,0.01710169495883634,0.014813542167517298,0.0,0.0,0.1176136345835384,0.2414823463542539,0.13764228298725478,0.0,0.20807161567086252,0.36504615202948615,0.1620399360626305,0.30283251598193384,0.0,0.0,0.6726004418189435,0.0,0.38220952398522157,0.3674962038538649,0.0,0.05050465197167874,0.3358784452004321,0.5618219602116402,0.6559515298507289,0.012457692878465763,0.3230165034646878,0.04086554740415342,0.20672300648815103,0.0,0.4211860103559793,0.3943624510181617,0.38454522472628544,0.13237482379133303,0.3205304753506041,0.38191974665196304,0.10418431323981261,0.3588861357032683
0.8492262520149676,0.6311857568483935,0.0,0.4908360037522138,0.5144899853144843,0.1532054152912701,0.3341967537538792,0.4000187044941029,0.2924770979111394,0.0,0.48458177175352946,0.0,0.3458084337846896,0.2205031008748796,0.33537005160310135,0.9544869480812563,0.4032047368026892,0.0,0.06437260130963302,0.340795352029508,0.6297016285538976,0.48428687695059275,0.019660469433428186,0.7188718312451728,0.8317350386907831,0.4664251286529049,0.27149522759840133,0.5690498739205232,0.5687150388084188,0.3820558883514572,0.7906938597460724,0.0,0.4994323790977751,0.6470323543760964,0.06329419810878474,0.3218708320411271,0.1690573328580584,0.10720802198918483,0.0,0.2606250738691257,0.0,0.0,0.11008898502955654,0.21710816260275387,0.0027366830323134503,0.7909177892248328,0.5316418843164792,0.0,0.21697879876889792,0.3935656652216255,0.277634439890604,0.4268083356717742,0.3324510776063909,0.3536221305114734,0.05008128561449945,0.4626860960507318,0.0,0.47681166980498846,0.0,0.1359597628187,0.25937522387831385,0.01489604578023717,0.6094095928167814,0.1500685651330363,0.0,0.5594587516404155,0.0,0.019643370641626814,0.698901948778842,0.5224339090360446,0.6005728079528818,0.11830015944810911,0.3911371417926461,0.22782288805550974,0.0,0.0
0.0,0.14912800825016254,0.7657341222295004,0.0,0.0,0.5184115900676269,0.15636164736666383,0.31176649279560886,0.5640002218808932,0.0,0.3422875815478315,0.0674016446017307,0.34607621858441057,0.0,0.0086720813410105,0.0,0.0,0.06437260130963302,0.0,0.24317542845481407,0.10509773226738606,0.23849934432937808,0.6005954944172247,0.0,0.0,0.13903962080142945,0.2698406732694977,0.29921832076940275,0.22091916984959323,0.10304239866770945,0.0,0.2406956680457207,0.08042725218206558,0.04012550330572163,0.03610169925550652,0.0,0.0,0.09905856685224462,0.35022716785743013,0.31989755831999445,0.1935496074224844,0.15579626545349257,0.0,0.0,0.27635490352078634,0.0,0.16209938209279343,0.6340181386141316,0.0,0.0,0.22857863452275792,0.1393546570034701,0.24553578196767217,0.3874639805737435,0.055546317173069,0.36454947082919187,0.20887446030332968,0.1802230668028206,0.0,0.14194554610343357,0.3863047206166458,0.13429676393311013,0.1926176424400481,0.8474257448466596,0.22830134975149757,0.15642462788613795,0.4309626150773511,0.4882296252281002,0.0,0.18796230929982832,0.19312748788806425,0.3289464708289096,0.20228176515767773,0.07018867036242533,0.20748167038697887,0.11632908177949786
0.4462747616297415,0.5172609909443348,0.3656025425680854,0.34282225249203696,0.3905852362323554,0.5310513251244855,0.35779591714513964,0.28050215177664584,0.510603188447488,0.03901723269710077,0.41922934872682377,0.06938835668543245,0.43136609611262167,0.029260371968026506,0.7837835019385669,0.3384691460784121,0.09398557015597789,0.340795352029508,0.24317542845481407,0.0,0.5738455341777152,0.9194693072020779,0.27932549781082755,0.27070867289929923,0.39423063713390577,0.33678163108747633,0.6150755236593892,0.6289573268405212,0.6151440801647354,0.7372946770386343,0.2572264612041503,0.0,0.0,0.28672806825127056,0.24028294260783292,0.05919294574532593,0.3698745697804845,0.0,0.0,0.051236271862060465,0.25404788501265374,0.25756972159810476,0.0,0.3783959463204149,0.19138793729730738,0.5532847096743949,0.14352547140518304,0.34758331641425977,0.11006668181848389,0.30544461824701735,0.17951454562677924,0.4017778315905631,0.15325018490459102,0.5469015869378641,0.18406702313125692,0.4516941244877554,0.02469568301009019,0.2981594881059165,0.0,0.7518536226843937,0.3585967288635759,0.18638038197537146,0.4713378134740767,0.19056984946313477,0.5443768814921502,0.5748853711531389,0.558845013844943,0.1264470357436047,0.24668143426157096,0.43704246245637207,0.3615477683579216,0.6019520304294289,0.6310019664769871,0.32856836760267066,0.0,0.039189280245529874
0.7318018111162726,0.5762979148255538,0.07971013207119043,0.2976225186550582,0.4648777121957744,0.6185082438706507,0.46306531571223536,0.6763014787232203,0.4258808808711931,0.0,0.4612347543761718,0.0,0.6252819788535828,0.0772654833731158,0.5583032529815906,0.6725865554570877,0.0,0.6297016285538976,0.10509773226738606,0.5738455341777152,0.0,0.5473364515124362,0.38868103717851626,0.4166797007312132,0.5899986911454295,0.393655320258862,0.20148601913438963,0.6800482495960848,0.7573498381211159,0.5411158294740112,0.44045870760976885,0.0,0.21712757755561835,0.3724575007090775,0.0,0.36108205839899776,0.31895454246654614,0.16048136490071335,0.0,0.3407876246925034,0.23327498213533673,0.15347333936262314,0.1086515996507045,0.18892230425001813,0.13665259430731724,0.673511991515287,0.2341954546788939,0.09968016927810314,0.08509395995406968,0.12684175658228014,0.20291485027290088,0.276431640931729,0.5572001324710646,0.44008260897132007,0.0,0.4135261182892714,0.0,0.3243452007401247,0.0,0.32026893003981594,0.12858544088910034,0.0,0.19773586860883488,0.11676020776524512,0.0,0.8886339728071734,0.05027310364642286,0.1749544163430074,0.42497996804887517,0.27310119808105404,0.44620317623962585,0.06971716129229083,0.3063665571549013,0.0,0.0,0.0
0.5315698369727048,0.6805057021166383,0.26637229014331765,0.511722542166465,0.43862218927410146,0.3902568035106685,0.36308644185034616,0.22953087270686737,0.4427816494105452,0.2125526955348051,0.39775693136297274,0.17037833620168985,0.39575499573930994,0.041306217086355713,0.7388754406406501,0.4641570566525835,0.30589734200679836,0.48428687695059275,0.23849934432937808,0.9194693072020779,0.5473364515124362,0.0,0.2020090655796914,0.4618953991641691,0.6028907722536814,0.442875539211215,0.6649444940939584,0.5584597721329679,0.5893935785020102,0.7802019069398529,0.39937176305258304,0.07786550901906508,0.0,0.4579919256755025,0.34482868227905045,0.0,0.31860611330863825,0.0,0.0,0.07654274248850265,0.2054814372885486,0.2559651808275102,0.0,0.370222337093124,0.15260491882028218,0.6462022185987537,0.3542572028982839,0.27324430504579367,0.1924456698820844,0.46796574497732685,0.2415705442145572,0.5613772021048733,0.12150126519756776,0.4567962040345204,0.3878309670848727,0.44781959539235683,0.0,0.3505374652596359,0.0,0.6912097694827072,0.506805955368793,0.3163540856918106,0.656701138111108,0.22091756363439344,0.5528360925605852,0.5575405263427908,0.5801177651685965,0.0937567580825084,0.42694173716491596,0.5985268704445563,0.47730120804957304,0.631536321262911,0.6748875786384129,0.478984254168995,0.0,0.1250624134502608
0.0,0.20579605628143574,0.6061003715391122,0.0,0.0,0.8204701217426325,0.07875377829755249,0.578833544640785,0.4076456449923538,0.0,0.10874256620045936,0.08751704007675072,0.5848622036218211,0.0,0.23112583397877215,0.0,0.0,0.019660469433428186,0.6005954944172247,0.27932549781082755,0.38868103717851626,0.2020090655796914,0.0,0.0,0.057162208502419765,0.19273443048656413,0.2651583758378437,0.45199549609772366,0.3242354257468948,0.17157724833229496,0.0,0.3956186087283509,0.05321191488744531,0.0,0.0,0.0,0.08794935831520553,0.34242956682615194,0.39919570958207495,0.4500839433181386,0.445816595516371,0.1587078515642937,0.0,0.0,0.32217852288792603,0.021000536363948646,0.0,0.5981963606287107,0.0,0.0,0.225734588028177,0.0796148708684637,0.5031760946297971,0.3198397827951869,0.0,0.18087203342806576,0.29005395082939683,0.2588746871570181,0.0,0.2783734812610444,0.3333196141228753,0.09543934659884751,0.08119408789762864,0.5716885286640875,0.1883792368236318,0.46153147016422347,0.3728077273523939,0.784583956298051,0.0,0.06237148092749831,0.2233322789016243,0.2854300844309203,0.20030661760946805,0.0,0.16441130365898685,0.08396384721718606
0.7644254939954207,0.5069051345265772,0.0,0.5582020237944686,0.5096466558486473,0.0,0.1537670825883793,0.3816141743741854,0.014233968006464459,0.0,0.47435547960875857,0.22030990851960822,0.0,0.4375235646971511,0.44136301897578023,0.7724381251999012,0.4900246646359778,0.7188718312451728,0.0,0.27070867289929923,0.4166797007312132,0.4618953991641691,0.0,0.0,0.6893949286831049,0.6110653665725314,0.36647157023487653,0.22524351968745018,0.3485532627576177,0.24846846664924704,0.8257219024604926,0.0,0.5225222448020886,0.5595835798312999,0.0184992795698234,0.2750243856065795,0.065554591407373,0.16077643289271076,0.0,0.03262058957632805,0.0,0.0,0.06146312664070742,0.3393896018099239,0.0,0.7524560420120084,0.5682553351755881,0.0,0.28680918916491505,0.4060047421757553,0.19634697225454079,0.15368596372169838,0.3916680678763994,0.12403722941386924,0.16690950103931868,0.44593493237554077,0.0,0.18718628682968214,0.0,0.20301724483533684,0.0,0.0,0.43226397481201867,0.0,0.0,0.4117070860144179,0.0,0.07644995824760784,0.9710095360311655,0.5396021232713831,0.5994575206516032,0.22839677411294115,0.3058079615782023,0.18617576539229191,0.0,0.0
0.8307061225774253,0.8556195935521438,0.0,0.6432233607082978,0.46750445188848166,0.28544712429587393,0.22936345654107232,0.39078936748069265,0.2378972609388646,0.0,0.4123976334284007,0.0,0.32370000812458327,0.1039782629516665,0.3949714801053828,0.77629782265582,0.4125439858509992,0.8317350386907831,0.0,0.39423063713390577,0.5899986911454295,0.6028907722536814,0.057162208502419765,0.6893949286831049,0.0,0.4478467276362739,0.37393990664860577,0.45770081225421727,0.5832571941035256,0.5579390558018454,0.728327528111138,0.0,0.274332142449012,0.5159824963403526,0.20839298404741768,0.08476758969506272,0.2085603511138404,0.0,0.0,0.19966681648739387,0.10936971670023268,0.03930832319182947,0.0,0.19742130508984546,0.07499487485621191,0.8383588648102258,0.5525355666597523,0.0,0.36944797727751905,0.49645763986062375,0.2969877182310989,0.5330214692586621,0.20737021073432638,0.37286633599681623,0.16877242801620088,0.44385536927245633,0.0,0.490416644917159,0.0,0.2093364823501135,0.34170455709433883,0.14534152030167433,0.5727526342828017,0.1348307199369306,0.0,0.5495442692570074,0.0,0.0,0.7133380884087953,0.5809001699916532,0.5074131905717505,0.2178352383346457,0.4859358289182239,0.24203548383057233,0.0,0.0
0.5293181784948161,0.4001273170032874,0.0,0.3978706685665444,0.24660337350082517,0.18373375311260318,0.32485222807483877,0.4591776345260793,0.23501021388348842,0.15203594604058482,0.340618313702121,0.5054716873720645,0.24678260948124353,0.22784101517352176,0.5067433377615828,0.4507102643117387,0.4116054254037589,0.4664251286529049,0.13903962080142945,0.33678163108747633,0.393655320258862,0.442875539211215,0.19273443048656413,0.6110653665725314,0.4478467276362739,0.0,0.21444422141446845,0.23917794243421236,0.38713652120328845,0.31609958828793144,0.2542381311164291,0.0,0.44354671592798756,0.28184542387685674,0.03436712501136826,0.09648340518008852,0.2687422022887329,0.026446034577477327,0.0,0.18234855135000966,0.0,0.038784704320093795,0.0,0.10978450094670787,0.0,0.5119645333722462,0.5560799207039379,0.0,0.13659460989700917,0.21556748546570084,0.0,0.16057039974975354,0.48489672242845044,0.10982587383614469,0.25435614472707846,0.24836357946204973,0.3530823375031011,0.07666288215012906,0.0,0.36634706169967957,0.12328306805784334,0.3040941093273132,0.5198169982897087,0.0,0.054678485453111325,0.42301260107410965,0.2137511810710474,0.13247882218155807,0.48304736293608763,0.6635402911861125,0.925863042935652,0.14050408653292168,0.2289311719121872,0.0,0.0,0.0
0.3098017182760157,0.5209448784710751,0.4463295655856823,0.14160015694745498,0.09843363673648921,0.3140477225870861,0.0,0.12172710485564585,0.26387630256566325,0.06958328863960278,0.32102131274749224,0.0,0.0,0.07651656783266787,0.5370308667556183,0.2713102752412068,0.03915508552748271,0.27149522759840133,0.2698406732694977,0.6150755236593892,0.20148601913438963,0.6649444940939584,0.2651583758378437,0.36647157023487653,0.37393990664860577,0.21444422141446845,0.0,0.29866116109836915,0.4115042169269725,0.36421212001637004,0.37912991592565143,0.03377443226174133,0.0,0.4118306995700883,0.23252721804288443,0.0,0.0,0.010480989392052692,0.0,0.02204072046721556,0.0,0.0,0.0,0.3435140643060363,0.0,0.40357822008379773,0.42195145803827516,0.44376534280475166,0.15891419700320708,0.3249352780738441,0.36447658246328923,0.3715925397200025,0.04175515243561947,0.39477863230481725,0.2225391892962718,0.37781195529254913,0.0,0.22227567317064748,0.0,0.6215860551861832,0.34279488083053045,0.1257871268529009,0.4039032696263115,0.33388943853312664,0.4897253168359378,0.23544753637141647,0.48459729213580194,0.4003162107059705,0.35713934930366703,0.4278719437537217,0.24841605762698313,0.9364120518731305,0.5315600878154533,0.5198527553977442,0.0,0.08909102377059003
0.4885570509928742,0.42939417055404305,0.37461669447604257,0.26818340144683767,0.39584885112610574,0.6693878151887389,0.4576244513505125,0.5006755374233326,0.5981886714250797,0.0,0.4083410347882582,0.0,0.7887508136434448,0.0,0.39411750883497443,0.5177976425764851,0.0735298521017811,0.5690498739205232,0.29921832076940275,0.6289573268405212,0.6800482495960848,0.5584597721329679,0.45199549609772366,0.22524351968745018,0.45770081225421727,0.23917794243421236,0.29866116109836915,0.0,0.679357891201261,0.5883768035024529,0.3355394248670343,0.07705855895514477,0.018732612707146896,0.3609372843493821,0.150997920339356,0.2529094443455203,0.49186980496103155,0.1851523352728962,0.0,0.19923527207308458,0.37790759089708004,0.26580276133240455,0.06309170040052724,0.26479753498156167,0.2910030521619929,0.5317333932941786,0.08714731947901577,0.2773802252928284,0.062169365869822725,0.2564560534396577,0.1821732305452312,0.43833416114071005,0.3082667355400098,0.5853144826912221,0.0,0.43775912430921066,0.0,0.54122265022596,0.0,0.32511857409767875,0.4000136211840381,0.11624344535195612,0.4270667264701314,0.2816477091646744,0.1804653067295055,0.6917597582543175,0.2845037561080611,0.1617250238998608,0.19063326328820723,0.3162496824205074,0.3669478298595062,0.21473039894289633,0.6638718276637992,0.13002330928149047,0.0,0.0
0.7441733848374757,0.7147035448917095,0.16540108035919393,0.4419675698679794,0.5727584277453552,0.5916191437463914,0.604245711361248,0.7142584167991448,0.6072031653294669,0.0,0.6797976787408395,0.0,0.48456198364624514,0.14152550166834568,0.6025633344413939,0.596317556689618,0.0,0.5687150388084188,0.22091916984959323,0.6151440801647354,0.7573498381211159,0.5893935785020102,0.3242354257468948,0.3485532627576177,0.5832571941035256,0.38713652120328845,0.4115042169269725,0.679357891201261,0.0,0.7184817409716115,0.3726961612622318,0.0,0.07878542097555272,0.29834511717240514,0.08727287099653777,0.20345568374640746,0.4642286257574011,0.0,0.0,0.2881062852540591,0.2501009909909749,0.29598674060718905,0.0,0.2797547466708292,0.09477133890190294,0.7479861668882264,0.4454446064560161,0.032234132419229775,0.09218642934855194,0.1966234064367434,0.0,0.4093387298679859,0.5722995991102987,0.4917848522749479,0.0,0.6139248218346715,0.0,0.25009512771944076,0.0,0.32466022096730757,0.18616200792398443,0.0,0.3250931050401718,0.22240503971821934,0.0,0.7528734109516043,0.017106735448414477,0.0,0.33983350853875255,0.42733702521857475,0.41469890365952194,0.173657352015235,0.3438172229865112,0.0,0.0,0.0
0.5114621859568895,0.7408443744384454,0.07790128656496391,0.5479991300886665,0.5602052797720248,0.43789292995079065,0.5293727775589981,0.37008637644941694,0.6276571536371017,0.09791449311474555,0.4837742860821098,0.0977902053839809,0.4999277931803346,0.0,0.6176753651609223,0.36592337070475917,0.21563506857797926,0.3820558883514572,0.10304239866770945,0.7372946770386343,0.5411158294740112,0.7802019069398529,0.17157724833229496,0.24846846664924704,0.5579390558018454,0.31609958828793144,0.36421212001637004,0.5883768035024529,0.7184817409716115,0.0,0.20846155475146674,0.06959226519726187,0.0,0.18019354938789517,0.4956153348163647,0.0,0.5839580270029857,0.0,0.0,0.18552731282436988,0.48266740826008386,0.5610511695354118,0.0,0.2602321944179735,0.27591722868560314,0.6588825544522053,0.25883655242417375,0.014194418149299228,0.23000200689084654,0.44924486688317583,0.0,0.6207618805262496,0.2162406141835626,0.5145363950224412,0.2923696070000408,0.5441486722184526,0.0,0.3506262399692576,0.0,0.4358345269696282,0.48297782322165217,0.30459399652555014,0.55791951540093,0.16361046969180065,0.10585933922976659,0.62409100269787,0.24289734898198298,0.0,0.2566620077692786,0.3828032808234353,0.3026946509274128,0.2943575011261229,0.5689909129782061,0.10214717978563925,0.0,0.0
0.739278350753024,0.4530316255368591,0.0,0.42006090031859994,0.4144185936836843,0.0,0.09166132726221238,0.1485434842468538,0.0,0.0,0.34598779636540344,0.0,0.05616988161396874,0.3198090637070186,0.25317881079754845,0.8773439885551122,0.31433644363599184,0.7906938597460724,0.0,0.2572264612041503,0.44045870760976885,0.39937176305258304,0.0,0.8257219024604926,0.728327528111138,0.2542381311164291,0.37912991592565143,0.3355394248670343,0.3726961612622318,0.20846155475146674,0.0,0.0,0.45655176259664576,0.8184863469801484,0.0,0.3989772313249372,0.0,0.13418102869873727,0.0,0.0,0.0,0.0,0.23399387664628968,0.33529888616738646,0.0,0.6882943899908526,0.5070291881447249,0.0,0.29700056264709324,0.4709637164640754,0.4850555479829751,0.2886495368017621,0.1157470865452205,0.2068181551396674,0.0,0.37296774615959555,0.0,0.3978560959953704,0.05784527297426001,0.1424869718643095,0.0,0.0,0.3462804786470638,0.0,0.08504337196673373,0.3166833232306172,0.0,0.06391985923281102,0.842645069079933,0.4107917378638717,0.41334450782575355,0.2429017164669544,0.36821030328985216,0.503764484688968,0.0,0.0
0.0,0.059571456121629084,0.2976198217820373,0.0,0.0,0.29673920324424663,0.0,0.0,0.06452340880639637,0.3096131181887873,0.0,0.04134717199012759,0.3107558209253768,0.0,0.0,0.0,0.11156361009004788,0.0,0.2406956680457207,0.0,0.0,0.07786550901906508,0.3956186087283509,0.0,0.0,0.0,0.03377443226174133,0.07705855895514477,0.0,0.06959226519726187,0.0,0.0,0.0,0.0,0.27212240366542206,0.0,0.0,0.06010818140860469,0.7659593093217602,0.355009660130149,0.612123219506727,0.22508924006064293,0.0,0.0,0.42492328974781046,0.0,0.0,0.4260598785047062,0.0,0.04740581282152016,0.5064064866260047,0.2005867684350525,0.0,0.19485775430413801,0.2946050039960232,0.0,0.15635540244173227,0.4075064296832812,0.0,0.15631373998155373,0.5903125547496828,0.46797336184763283,0.2351055408148481,0.28478577182449605,0.3973394897495829,0.0,0.3663389814327484,0.34327842980839074,0.0,0.0,0.0,0.18564399462772457,0.2985951539379142,0.3404698498333828,0.39127513594486035,0.7639325368732646
0.40186941200671505,0.10530195431114596,0.0,0.0,0.1260768043505597,0.0,0.08328283875485927,0.24036843037609387,0.0,0.0,0.22779678944315174,0.1313884132461023,0.0,0.20396434353715837,0.06707694987596567,0.5872334864651225,0.233735960556449,0.4994323790977751,0.08042725218206558,0.0,0.21712757755561835,0.0,0.05321191488744531,0.5225222448020886,0.274332142449012,0.44354671592798756,0.0,0.018732612707146896,0.07878542097555272,0.0,0.45655176259664576,0.0,0.0,0.44167009179842576,0.0,0.2371392057019739,0.0,0.29700350742806725,0.0,0.46910487844738136,0.0,0.0,0.26146159189189927,0.05901038949877103,0.0,0.27467882855164255,0.48951262152269415,0.06134448408422671,0.0,0.0,0.32145428008092364,0.0,0.37448517314677343,0.0,0.0,0.18327619826642133,0.011170228255333196,0.1424590696214894,0.19384996665122464,0.0,0.0,0.0,0.1824633264650395,0.1122626773766962,0.0,0.1556945871431685,0.0,0.3487706500348404,0.4897953977421363,0.31866262306919896,0.5679670954527775,0.0,0.0,0.16879527065483108,0.05887736019919869,0.0
0.5287609023466944,0.3126649073045363,0.03628464905006413,0.31616937842067655,0.36843500029445675,0.0,0.23951303841883873,0.06904609146144365,0.17018383446016405,0.03739906157246086,0.28893453866243984,0.02885644374563797,0.13522220879013433,0.22601765444767705,0.2786168962529804,0.6973183113859591,0.286726991915447,0.6470323543760964,0.04012550330572163,0.28672806825127056,0.3724575007090775,0.4579919256755025,0.0,0.5595835798312999,0.5159824963403526,0.28184542387685674,0.4118306995700883,0.3609372843493821,0.29834511717240514,0.18019354938789517,0.8184863469801484,0.0,0.44167009179842576,0.0,0.0,0.317937372493139,0.0,0.055034384726155496,0.0,0.04890692133450589,0.0,0.0,0.10746593022108175,0.20301540141771127,0.0,0.5314982435346959,0.40801097655928376,0.08114536680084086,0.2248197180620398,0.4981802431922545,0.4933261348057213,0.3524263109461529,0.0,0.23635462552457726,0.1445516847475988,0.3021711815204635,0.0,0.2890990159901144,0.1278279110942701,0.25333371055727955,0.12275877328699032,0.01585834619697474,0.46536352807219833,0.04003296831409912,0.27651681172424514,0.2636863470098961,0.09307201124428531,0.12220835975664379,0.5482427833331065,0.4795342951502902,0.46869665152517637,0.3366296069017187,0.4785337262259801,0.6202381551919519,0.0472019757982412,0.0
