0.0,0.4479988917754004,0.2185251146337455,0.4234580086846784,0.0,0.3477768786455018,0.42470049776566354,0.1669608297673079,0.37508559170560646,0.5063243890443005,0.1247296589932388,0.2544796927617336,0.3587061474746108,0.0,0.722344169451542,0.7867088673857323,0.6025814575270991,0.5638360687987145,0.1546946153416046,0.7629808926802889,0.7626760847608847,0.8197452678353349,0.14616742544263608,0.5297643955442772,0.6412853816748124,0.612754709617627,0.6203329029220079,0.6768886356468538,0.5080884325447257,0.3821576602037625,0.7937644050255611,0.5397305881630993,0.6383206309944649,0.6680117415456311,0.01515923361695709,0.10938570240200776,0.309165285174266,0.06120209235183929,0.6231253577392806,0.4181286691021274,0.6285902057684886,0.0,0.4254220463885531,0.2978179309271137,0.1422626094551208,0.9389237268474386,0.26748700568305434,0.19541935888456916,0.4574320807240127,0.11565622241619962,0.2853780436914957,0.5130655370491296,0.1865939596948177,0.28597557535284457,0.6409302945135267,0.20314959876856897,0.33875627932950164,0.3894186004987772,0.0,0.6480589019287073,0.6699633548182174,0.5964989802183327,0.588496764832352,0.2369920604977986,0.7763276300501192,0.7155799225300535,0.8207883586018684,0.08351998732727445,0.5190751207752573,0.37315436288844667,0.6915091436327044,0.5460134103991652,0.814963325172673,0.6003005264283345,0.4255538439765496,0.7511466985494858
0.4479988917754004,0.0,0.2772638991935772,0.11070460230621773,0.028939510973442276,0.8550327885625048,0.6276828843542006,0.7655386507017977,0.27205706828556947,0.6735681437709058,0.0,0.6797166343527815,0.7986634376373587,0.094591717578798,0.42029132532155977,0.26798964977654777,0.828521262500491,0.8459609594563182,0.24968205442208743,0.4045095085052815,0.7124872091875583,0.6187627503306335,0.8155783656994028,0.717143830518791,0.8394857558662449,0.9207222757754805,0.616272176684078,0.5202891429229745,0.42211904190600313,0.1765742506134384,0.21543935253128038,0.5775972016025883,0.5883772645316802,0.2477260954046708,0.0,0.16427553591801322,0.0,0.023842774159895993,0.4681033819568462,0.38269096461260427,0.24493925491056162,0.0,0.44088454556760853,0.0,0.13725828691610686,0.3965274360856039,0.9098317393232256,0.4846448223575362,0.16665644847775307,0.0,0.7795502204411284,0.5327339295120461,0.7861004739349342,0.08604290381396991,0.776143254014944,0.3077141319192806,0.7372215654318425,0.7983298926805888,0.21374998973088125,0.37449897145651173,0.523718276197092,0.8384636618675074,0.6958334576559809,0.43235445189317334,0.3119781080108562,0.6523782210643975,0.4475609856890125,0.7532328424855522,0.7251076029788461,0.7926698638142952,0.8141542105268383,0.4907460953327411,0.31450075827490664,0.367858986173321,0.024547750284287122,0.0996049044052315
0.2185251146337455,0.2772638991935772,0.0,0.0,0.4322251206788506,0.17136022452607538,0.10489829918541953,0.25410445730458686,0.2939438097615674,0.3118664768379815,0.6988052725777086,0.2198301094076345,0.20612087537206927,0.28673775265021995,0.20701247718499904,0.0,0.26456549931246975,0.13724926672595297,0.4729458170731379,0.30957581776639015,0.27658885184595,0.06796290221260781,0.4918928991890322,0.16342558882313502,0.10671603461868638,0.25966597713251277,0.18986611196695108,0.10389363217146573,0.0,0.4061775147872756,0.09848658852860814,0.18271748572851404,0.0,0.0,0.0,0.13578813648696045,0.0,0.30670399053612196,0.0,0.0,0.0,0.0,0.18661314306084187,0.0,0.3289382510525632,0.13894476826202987,0.17316694399308918,0.36965438699379605,0.0,0.18591012926648431,0.09349506122147587,0.1556463218707844,0.2557977693848144,0.4372726151257972,0.098261871369329,0.31422583938197574,0.14384217438777117,0.24206710190258449,0.38174873661968123,0.417990843628912,0.0,0.12429505926153016,0.0,0.4454259332371623,0.2346881498385781,0.2797409411248884,0.08535541888266779,0.3863692907960669,0.16222219293786685,0.0,0.08124799775534464,0.24895905754855996,0.0823852307745588,0.0,0.0,0.0
0.4234580086846784,0.11070460230621773,0.0,0.0,0.14726993172452363,0.0,0.22559204406174907,0.0,0.0,0.24746246171572803,0.0,0.0,0.0,0.22654179295283955,0.2299154977677875,0.4820404891855814,0.24607389897738585,0.23072372139790037,0.0,0.45641622605363047,0.39081648841371075,0.45460602830803104,0.0,0.0,0.0737658187106862,0.0,0.06426421045880429,0.32510981017561547,0.11006237847607485,0.3705434726639482,0.662019588722803,0.5244160145934257,0.14722533553354153,0.54190629052725,0.1397678729851481,0.5976445670213141,0.6331441595302825,0.0,0.3595201967688701,0.0,0.23596117208929943,0.13431665423655886,0.677475352530999,0.6967634469254861,0.12247851583895154,0.3905750104986083,0.09270312373345492,0.0,0.8663175326256437,0.2023041609566044,0.0,0.4625026361490548,0.0,0.0,0.1562301445791377,0.0,0.08841218392192704,0.07760833732924541,0.0,0.38922853045335504,0.1457459845262755,0.3096946637102232,0.20528760886553624,0.0,0.4308531724142776,0.31844574191671315,0.4113153036482439,0.0,0.02236313502798932,0.09386464508233779,0.12873284414506392,0.03256466978050168,0.6058211019064009,0.31383717572435965,0.2266385335605338,0.46490817545022534
0.0,0.028939510973442276,0.4322251206788506,0.14726993172452363,0.0,0.15207022024420763,0.2670941311378041,0.0,0.3781572090059686,0.24675257715546883,0.5244454933660566,0.09069708368067725,0.17306471069344198,0.33609298453438785,0.17375463334908264,0.0,0.1544066089961707,0.02029206659837426,0.08110395012516323,0.260704734015471,0.04310228116903492,0.09354836770561054,0.10566604551929784,0.0,0.0,0.0,0.2586524520213257,0.17922255171698429,0.14817541614702115,0.3646183627324014,0.0,0.08576538009200455,0.0,0.0,0.0,0.19653992211606544,0.08353717144733866,0.32790620507306145,0.0,0.0,0.03498279098909656,0.0,0.1113109101141757,0.11995388964277813,0.2890855370780347,0.0,0.0,0.1710188849128825,0.0,0.48097315997219814,0.0,0.2583681267799072,0.0,0.5788030875976263,0.0,0.24196716747073788,0.027309998003636628,0.09584712363411607,0.11228071391902547,0.3304877079972167,0.0,0.0,0.0,0.23273149456314746,0.0,0.1126345672671591,0.0,0.142238313561854,0.0,0.0,0.0,0.19983550860072477,0.06821967522926817,0.0,0.0,0.0
0.3477768786455018,0.8550327885625048,0.17136022452607538,0.0,0.15207022024420763,0.0,0.7635661498647783,0.6822378619479358,0.6089027970688528,0.5868832526685382,0.0,0.586592796416613,0.9352271817605108,0.0,0.41829485417696793,0.16998994079500157,0.676884728700423,0.8277689468457571,0.307304143738988,0.3761211457032413,0.5913774850753291,0.586241035551856,0.6690804561704347,0.6352483782430379,0.8776248130485375,0.8607414180388331,0.8540872012827697,0.633530591787012,0.7008830746107019,0.12401176802006429,0.0,0.3370391189523301,0.5755721086082195,0.025471023350749685,0.0,0.0,0.0,0.0,0.37978273461054524,0.4495656221449371,0.22391744671080538,0.0,0.16677165106002864,0.0,0.0,0.34798512638281004,0.7819914091486769,0.7048472764848388,0.0,0.0,0.8577451421706123,0.4413361158983104,0.7539534296396592,0.2992138080447584,0.7729142277942541,0.5598059078268585,0.6056502322813314,0.8315193206340921,0.1263220839718383,0.20669135485104861,0.6171737898246987,0.6733792755743734,0.7537727995437848,0.4990571415285665,0.20297571689476096,0.6341113511211385,0.320928292317581,0.7319478075984369,0.6067183933714219,0.8393168584223338,0.7742621617349875,0.7037426310714466,0.235808857339947,0.5093872832126283,0.018974884348273827,0.07267101150982198
0.42470049776566354,0.6276828843542006,0.10489829918541953,0.22559204406174907,0.2670941311378041,0.7635661498647783,0.0,0.3689246905174029,0.479309134929501,0.6386938651111499,0.0905231636170098,0.3907165619288733,0.6823407634972393,0.0,0.39449324874728786,0.40335866167731416,0.5053586247215153,0.7296528424101805,0.30531281984185876,0.4237344297027682,0.5630510674652106,0.6559775106895434,0.3737963569935611,0.3435450504873209,0.7009914009598408,0.5909981406258605,0.7013994672340693,0.5082329526661106,0.6459694185163513,0.17815570721007182,0.2622593527233499,0.44501961835826476,0.5171242177378145,0.260940320967383,0.0927391570053853,0.0,0.0727978079912102,0.0,0.4866642281569242,0.41803944068960147,0.278600763139483,0.0,0.2279267106546677,0.14201288081431704,0.0,0.3704855751173416,0.5789500903174563,0.5482516721713128,0.19964440805610378,0.2455919120937346,0.745418704888427,0.6634322077091285,0.41089248267563105,0.34024638531251566,0.7695157709789612,0.46700805984676225,0.42243531856724975,0.6708252714924822,0.0,0.24447112625855263,0.6932259371536331,0.5698532027245471,0.6444678305675218,0.46926800641712446,0.372447871217527,0.5371525194707318,0.57040769112659,0.4322696205309158,0.32308173226550946,0.6568281810666211,0.5582021048421949,0.6640601507141154,0.41761331111299554,0.6525107474204793,0.272529070527934,0.3556183851088522
0.1669608297673079,0.7655386507017977,0.25410445730458686,0.0,0.0,0.6822378619479358,0.3689246905174029,0.0,0.20519423405919,0.4806039551371626,0.044499979818428785,0.734975559367883,0.6437007305211061,0.16361712590228772,0.22517306952867788,0.0,0.49369573238499226,0.43468573036164004,0.3545272339074461,0.08993924296183155,0.4881136155965595,0.17399314906620614,0.9200530994126102,0.6977974961125946,0.5212826238438685,0.7449514800359598,0.3644341110884322,0.20208789384302162,0.0861527421490399,0.013521136165282133,0.0,0.3063264356761138,0.38920622554980056,0.0,0.0,0.04565667989125504,0.0,0.14225408843642362,0.20649097047507584,0.38383240395991547,0.09082731992399046,0.0,0.2582839950586721,0.0,0.17647820291627592,0.12952033870371513,0.6789496207136178,0.6275889759947993,0.0,0.0,0.5974523376938866,0.15732685969141896,0.9608096007510467,0.0,0.5276717228415395,0.45355392854821674,0.7125162875150733,0.574882179943408,0.3192807963351766,0.17272252261712243,0.16494608392529905,0.46980124654471955,0.3342517951996791,0.47256481996178895,0.021924052779023102,0.4285146974569431,0.08366305129743754,0.8371586597698487,0.6446496949501649,0.5236945975544309,0.5914702477238563,0.3087205369368734,0.0,0.0,0.0,0.0
0.37508559170560646,0.27205706828556947,0.2939438097615674,0.0,0.3781572090059686,0.6089027970688528,0.479309134929501,0.20519423405919,0.0,0.3200745414658327,0.35618087358337097,0.3099695099558564,0.6638105819508561,0.0,0.5747786750469678,0.25143404439792677,0.31605243811719225,0.38171136766255653,0.3317828740536656,0.4834636541405998,0.2818738260803348,0.46707477603609265,0.1322531954583094,0.4017681609301566,0.5156810500943712,0.4754055112646452,0.77036102353243,0.5907899824399845,0.5932680818881324,0.30078406724816,0.09995501574823316,0.06886906292850642,0.43433937889789426,0.08464129141051983,0.0,0.0,0.0,0.0873134230082719,0.2500822406372172,0.4397795609926734,0.40241545740092716,0.0,0.0,0.0,0.02018936920650534,0.36287189161245986,0.11929111073030359,0.6832009378571481,0.0,0.2528426201201455,0.28648269497893203,0.153399467270196,0.2723295617390824,0.8312461151623223,0.4143820450405856,0.6619076364456136,0.252840166878249,0.39872772040918303,0.0,0.3354680883790236,0.39980390556977935,0.20590678475386823,0.3226690327184541,0.5197964456913995,0.3249415580584683,0.37133050747699636,0.2685892787631249,0.18295009081924718,0.31836430959811046,0.28590799015853313,0.41227083225469136,0.6257966952542462,0.3227146024902669,0.3233732511625717,0.1862074481533933,0.19942849357044867
0.5063243890443005,0.6735681437709058,0.3118664768379815,0.24746246171572803,0.24675257715546883,0.5868832526685382,0.6386938651111499,0.4806039551371626,0.3200745414658327,0.0,0.1442221146238592,0.6681079133922366,0.6368768219977319,0.0518719188668594,0.34214234336281574,0.32448052493188634,0.6868473243524215,0.6149942563241425,0.2918251372697544,0.39648127140034056,0.5259375269157004,0.4661029841486069,0.5395400024239304,0.5960224212938009,0.610847026103051,0.6723293413678344,0.515023363338936,0.5172297675512162,0.38157164162944635,0.27981444620038487,0.33358866039041907,0.45057863237358686,0.5212160231631692,0.309009959272886,0.0,0.2807941890539171,0.22538760051406964,0.3076623864018158,0.37541196197337146,0.3344081237969199,0.33172061919933876,0.0,0.44649250258114315,0.18121876850463797,0.3116713520962202,0.41235886775010916,0.5760695539173728,0.4557222485841982,0.25407259085201817,0.07793526412287038,0.5445070822890558,0.6319991093259373,0.4678642018079942,0.2057111733230733,0.7442116031816516,0.32871709037397023,0.6832545152044743,0.6303946307177709,0.13324871083503909,0.3947801598000133,0.4262424295650316,0.601735319909664,0.48129604045411417,0.4384535021549706,0.3115323862428802,0.5460008549894712,0.41828017506683335,0.4891561025882607,0.5961249394749517,0.5268144960059257,0.6073677212227861,0.42004156976528323,0.419991477872869,0.3872518242136276,0.18699867966673725,0.2798394404323534
0.1247296589932388,0.0,0.6988052725777086,0.0,0.5244454933660566,0.0,0.0905231636170098,0.044499979818428785,0.35618087358337097,0.1442221146238592,0.0,0.0,0.08270679581683277,0.08729494549536872,0.1642081002457052,0.0,0.04665781349344765,0.0,0.309969699210632,0.2802786295390608,0.11832865815167068,0.0,0.196748264638796,0.0,0.0,0.0,0.19514035937751192,0.09314308386386647,0.0,0.39814891608994096,0.05215347732639283,0.0,0.0,0.0,0.0,0.0,0.0,0.21968268311318945,0.0,0.08531586478887473,0.03785205126189149,0.0,0.0,0.0,0.22763253729106941,0.07455176688815729,0.0,0.3181746151150455,0.0,0.2737949959303652,0.0,0.11687224934099644,0.02703838768771107,0.6179578901680238,0.01932349570924027,0.47133991230906813,0.0,0.12044649915961846,0.18868549771690982,0.2653120657805261,0.0,0.00800499720980494,0.0,0.30009411129723,0.19517748847814037,0.14072964626699963,0.08028087561739297,0.158383691940979,0.0,0.0,0.0,0.25981680460043954,0.11248869806040605,0.0,0.0,0.0
0.2544796927617336,0.6797166343527815,0.2198301094076345,0.0,0.09069708368067725,0.586592796416613,0.3907165619288733,0.734975559367883,0.3099695099558564,0.6681079133922366,0.0,0.0,0.6556889678549346,0.16642125426198817,0.20945846944103952,0.0,0.6860659273015361,0.4847662374380383,0.23263715550824948,0.17630684881235295,0.3326133085864716,0.2737954051155764,0.6321081425529061,0.7701366650944614,0.47407763037774575,0.7181043893012539,0.32895307754471687,0.3531408660074697,0.13448534424411535,0.05043040572836906,0.0,0.30794842595832245,0.41940782892433176,0.11040450270202948,0.0,0.13202070553704282,0.07884413619669878,0.2653010357012966,0.18779235296922336,0.2233909765724801,0.18563029032688091,0.0,0.31326576472385487,0.07573402275861972,0.27491266140449955,0.19800213973650818,0.5231285869364791,0.5170952023725433,0.09127135516622438,0.0,0.3801489917262955,0.27258421803989663,0.6959002579187913,0.03064505585841185,0.53602188580065,0.38031443285332844,0.8780722641204721,0.5066453154843692,0.2076506253880516,0.2326903169527025,0.1456044662370766,0.4689025556202595,0.36005107925579793,0.3869991352869872,0.04301879353101692,0.35112924815832747,0.07666151671236886,0.55909129141162,0.7434135813853048,0.4171639798008342,0.5595869686525399,0.10993107752530105,0.1153222888519486,0.0,0.07738781172683913,0.0
0.3587061474746108,0.7986634376373587,0.20612087537206927,0.0,0.17306471069344198,0.9352271817605108,0.6823407634972393,0.6437007305211061,0.6638105819508561,0.6368768219977319,0.08270679581683277,0.6556889678549346,0.0,0.0,0.4368704989460141,0.19857031070735798,0.7299713820949527,0.7315879457059785,0.3186773556317145,0.40474309556164795,0.5132271224319476,0.5035537681780522,0.6460778843927972,0.6536421213373192,0.76915078963969,0.857536231101334,0.7731398836998218,0.6954091438549251,0.6370411138718466,0.215602034132103,0.0,0.226065814307483,0.49302586167431117,0.0,0.0,0.0,0.0,0.029147078224020944,0.25498580565291284,0.40654072069228153,0.2454161631806236,0.0,0.13678079199746215,0.0,0.07131623589822367,0.332752300862037,0.7121285927077023,0.6881046221406624,0.0,0.0,0.7041715498167461,0.3417218917461695,0.6600761321587593,0.34799298813011603,0.7332699990932705,0.5748970880588081,0.6541817747420482,0.8383161390685563,0.15249481644842205,0.2578865690722031,0.5519571539058176,0.6642063834433115,0.6270376464775724,0.49460871447392024,0.1712852762790491,0.5938699613991874,0.23745118615571012,0.6481280844197281,0.636814236820678,0.7110091117106303,0.7407238192928127,0.5916757520704642,0.26401439027983253,0.33390194762408193,0.01851999342614474,0.0467811878108341
0.0,0.094591717578798,0.28673775265021995,0.22654179295283955,0.33609298453438785,0.0,0.0,0.16361712590228772,0.0,0.0518719188668594,0.08729494549536872,0.16642125426198817,0.0,0.0,0.0,0.0,0.07112723905830702,0.0,0.0,0.0,0.0,0.0,0.3331456655571431,0.0,0.0,0.0,0.0,0.0,0.0,0.08726721829025194,0.0,0.17728890986341375,0.0,0.0,0.0,0.49544295154515816,0.06319374300311315,0.2996292004655241,0.0,0.0,0.0,0.0,0.3538693039704891,0.06737768938781624,0.28483628585807297,0.0,0.15088334820389848,0.0,0.10583073290201016,0.06778313145447,0.0,0.10256926667024623,0.19474709286637823,0.0,0.0,0.0,0.1696261731605127,0.0025895007673571793,0.46388355294388905,0.07402764464087949,0.0,0.0,0.0,0.0,0.0,0.012742332595739132,0.0,0.3119254420872298,0.0,0.0,0.0,0.0,0.0,0.0,0.0,0.0
0.722344169451542,0.42029132532155977,0.20701247718499904,0.2299154977677875,0.17375463334908264,0.41829485417696793,0.39449324874728786,0.22517306952867788,0.5747786750469678,0.34214234336281574,0.1642081002457052,0.20945846944103952,0.4368704989460141,0.0,0.0,0.5477354758583757,0.4523567238565363,0.481094993274353,0.16871440460889703,0.7996740425424429,0.6686930173028031,0.7853977236476608,0.20115799649701646,0.4598218864130866,0.5721849104880864,0.5634998072710554,0.68104747365239,0.6615447792200265,0.48197379948177915,0.475835966082015,0.5692072547440374,0.40857750811375654,0.5930641993074558,0.5044472321402967,0.0,0.10486956354697831,0.251188058919778,0.06965338457041068,0.44803129702241085,0.4183072222402016,0.6292492345173833,0.0,0.32658483801508004,0.31219111731952026,0.083982334356896,0.6782433070272493,0.22771025219297086,0.28199850428497625,0.2306063240441879,0.18171075712960053,0.23787595304949324,0.31038950909364355,0.26919491834943776,0.4681165976114516,0.4067885039718234,0.2386252149458647,0.2719258026431042,0.3054387692263671,0.0,0.8137672581172215,0.46923175642350173,0.3920929976003786,0.38726384235601735,0.327974489501875,0.67675375595534,0.5851712610541069,0.6724275857114427,0.15253123119513415,0.41453979017248405,0.30149306979669765,0.540428227650956,0.6210624808228444,0.5765284147454707,0.424605990638273,0.2796256680976246,0.4844442008714679
0.7867088673857323,0.26798964977654777,0.0,0.4820404891855814,0.0,0.16998994079500157,0.40335866167731416,0.0,0.25143404439792677,0.32448052493188634,0.0,0.0,0.19857031070735798,0.0,0.5477354758583757,0.0,0.4446868823734416,0.5240053936161227,0.08210643942168788,0.5838626048506195,0.5661769187216854,0.7299383660477125,0.0,0.17941001274070886,0.5397069297160392,0.35789319897588834,0.4681401866873551,0.5648289458351904,0.4964761202468765,0.30411857972628176,0.7993060467850702,0.4251284802990054,0.48379694698712195,0.5788059938645856,0.22503746863471488,0.046492968330549105,0.3419732863576273,0.0,0.5479363623622735,0.34972829554741175,0.5145300124263373,0.14869299755384985,0.26474573414884106,0.3613996733539531,0.0,0.765837383420336,0.1781923287979036,0.03784489251327853,0.49431973239620774,0.14858277340481135,0.24166436211096248,0.4147013190404721,0.0,0.18623321108995913,0.5195234489273618,0.0,0.0,0.2913561889281025,0.0,0.43066663190276205,0.7197067449139083,0.49174076157137014,0.5460278597714836,0.09780614031880254,0.6776507943164176,0.5565147982974281,0.7694638118518484,0.0,0.17435623708050466,0.32032155572216,0.5059040272522365,0.4517253597959802,0.7890600164821588,0.653429671375309,0.4747289876302518,0.8510028849819358
0.6025814575270991,0.828521262500491,0.26456549931246975,0.24607389897738585,0.1544066089961707,0.676884728700423,0.5053586247215153,0.49369573238499226,0.31605243811719225,0.6868473243524215,0.04665781349344765,0.6860659273015361,0.7299713820949527,0.07112723905830702,0.4523567238565363,0.4446868823734416,0.0,0.7636871344550887,0.06928220995449079,0.5452779853973841,0.6242026967087011,0.6416813429802298,0.5382570382133215,0.7176456985249795,0.701300145738796,0.7887355131133567,0.5705786483105365,0.7002019340591692,0.4431882914252107,0.2909075597126327,0.46123886067454123,0.4957322289822251,0.5878742998927884,0.3572147096980756,0.0,0.2484824119468039,0.2034647053020569,0.15144196668660376,0.45201931457815864,0.26257019419419125,0.37728494745740165,0.0,0.5000157742472946,0.19158422480059925,0.251879526272317,0.5482589133813209,0.6174318732215461,0.30950769824768487,0.36571939858749164,0.024678439455476917,0.5012995197975377,0.471908864021656,0.5420099607519476,0.14428199162770772,0.7143669007388167,0.26140248677524636,0.7430416618059658,0.6378062037490898,0.13983380873019438,0.43315140930287716,0.47967766728387795,0.8021604088358844,0.6557696175305567,0.23457284319902505,0.3944325640111916,0.6576413690279639,0.4565530431622531,0.45785833824458183,0.7385153961029735,0.5678405679438284,0.7216512787123881,0.3475418205228462,0.5221307644017981,0.31295716254742423,0.09805542914968089,0.3171602668732538
0.5638360687987145,0.8459609594563182,0.13724926672595297,0.23072372139790037,0.02029206659837426,0.8277689468457571,0.7296528424101805,0.43468573036164004,0.38171136766255653,0.6149942563241425,0.0,0.4847662374380383,0.7315879457059785,0.0,0.481094993274353,0.5240053936161227,0.7636871344550887,0.0,0.22365536032839817,0.4852618353807425,0.6968633186912615,0.7784764712984957,0.4882061490167716,0.6241034668388739,0.9128387470388866,0.8271941959997853,0.6853580586165918,0.6372032117875204,0.6458100793481505,0.19809931030314648,0.41725455859240834,0.5298583740666445,0.5975269806908671,0.30864270642816677,0.012022613283529871,0.12024738508254937,0.08921892054141196,0.0,0.5188953488289194,0.3960709681678035,0.3764523205644336,0.0,0.37673733516421376,0.14634161840294907,0.0,0.5306253344556543,0.6946611851708958,0.37591593134202406,0.2680445111642537,0.0,0.7233773956581706,0.5652608521691632,0.4519421182057464,0.11178649582206951,0.8043038611223181,0.24008625995449867,0.5050635712009831,0.6952034618031202,0.0,0.37373481074669274,0.743534465689098,0.7945072537101922,0.8475053237369705,0.35447640746464265,0.4618672909863777,0.6220818775178838,0.597100028250375,0.445353230387613,0.5890081098142224,0.7373798749023146,0.7545881977627459,0.5532341741954759,0.4875397870063795,0.6172290956140666,0.14941292820953234,0.3889595819835353
0.1546946153416046,0.24968205442208743,0.4729458170731379,0.0,0.08110395012516323,0.307304143738988,0.30531281984185876,0.3545272339074461,0.3317828740536656,0.2918251372697544,0.309969699210632,0.23263715550824948,0.3186773556317145,0.0,0.16871440460889703,0.08210643942168788,0.06928220995449079,0.22365536032839817,0.0,0.03085953726026548,0.22399583381664767,0.10161984998182697,0.3992996048458378,0.1880942822821559,0.26651406140752903,0.3367482592748896,0.22093738451779035,0.05156207094049375,0.07191503841020846,0.08804134024174162,0.0,0.14723756627008258,0.29182204626183683,0.0,0.0,0.0,0.0,0.15186114543350065,0.019415453103529847,0.41650936106545916,0.06041936176255829,0.0,0.0,0.0,0.02840469165157397,0.09157973807659765,0.22453797118360874,0.6080874645445111,0.0,0.08449159664638714,0.25171932301184513,0.13411826343148,0.3195173390025347,0.1844125342330512,0.20652664321346087,0.3351960214788282,0.11832168657745659,0.2776879764857327,0.1917528537729869,0.13526087425122835,0.18153012682679198,0.008063792146208571,0.10013441553899018,0.8295491502184374,0.0,0.19504535923548047,0.10164645419145651,0.405404544756709,0.057038123250203944,0.1798265791599387,0.19524760673570454,0.31016892456911455,0.0,0.07154160774637208,0.10145994020547358,0.0
0.7629808926802889,0.4045095085052815,0.30957581776639015,0.45641622605363047,0.260704734015471,0.3761211457032413,0.4237344297027682,0.08993924296183155,0.4834636541405998,0.39648127140034056,0.2802786295390608,0.17630684881235295,0.40474309556164795,0.0,0.7996740425424429,0.5838626048506195,0.5452779853973841,0.4852618353807425,0.03085953726026548,0.0,0.6644501126446115,0.8250759725024588,0.14344781065745216,0.40804964010765743,0.5326714888305777,0.48777407282261026,0.6719959706332528,0.7859414224447921,0.6062207158483855,0.7160235792191066,0.7626896060187041,0.47247527374676657,0.5351031508975586,0.5329859369768123,0.0,0.30840732869367155,0.44950574184372405,0.035283666456934155,0.45258792539495263,0.26989331063110794,0.5826846947495886,0.0,0.5222982707230969,0.45580929788027147,0.19955454891457514,0.7300438715558049,0.2104129293964596,0.13602255923620474,0.49678213454549336,0.19253192270389638,0.19602810230047749,0.472862525682998,0.15076738310641893,0.4361728694561167,0.45090151955893387,0.1713292165369983,0.2601640866771876,0.3534594223678675,0.0,0.7153795586668127,0.4750565834906292,0.4824923856351351,0.4431260731198476,0.1404514269910375,0.8288697486799084,0.6128113961497854,0.6770843068364317,0.06486594498222684,0.4756077657210739,0.31703231161014983,0.5218688749913889,0.5674226558969302,0.7475866954412959,0.5615843421122564,0.31168561859476673,0.6240909106904207
0.7626760847608847,0.7124872091875583,0.27658885184595,0.39081648841371075,0.04310228116903492,0.5913774850753291,0.5630510674652106,0.4881136155965595,0.2818738260803348,0.5259375269157004,0.11832865815167068,0.3326133085864716,0.5132271224319476,0.0,0.6686930173028031,0.5661769187216854,0.6242026967087011,0.6968633186912615,0.22399583381664767,0.6644501126446115,0.0,0.7634207982716062,0.5166956913860845,0.4995615669744817,0.7345570006665836,0.7300142633992945,0.6472658601402804,0.635592106809264,0.5429062893700946,0.4167824089068803,0.5596008737842206,0.7006332881502828,0.5331980817185374,0.4410804945645878,0.0,0.22627330449388527,0.11105166734928038,0.0,0.590696660952591,0.47609981718608424,0.43828974915722674,0.0,0.5234333571631031,0.2306996442605554,0.05901430117902459,0.764568068148517,0.5877602148509623,0.32894972722866034,0.3282547108791817,0.0,0.5580831250395989,0.5437484452387206,0.47831859875348515,0.19169338155768273,0.6452082624894301,0.2336977184284748,0.3868765249288784,0.5617008941141479,0.06015450767273023,0.6079619048823588,0.6087621583442739,0.6744892942148006,0.6850574810697955,0.3272386841241594,0.5757529565686318,0.8969286307150136,0.6565826725011091,0.44929962223601344,0.48799830497944563,0.6324548121757876,0.7343144486693217,0.624273782292131,0.5878994178623271,0.5944397127503844,0.1823452740588211,0.4439915546345279
0.8197452678353349,0.6187627503306335,0.06796290221260781,0.45460602830803104,0.09354836770561054,0.586241035551856,0.6559775106895434,0.17399314906620614,0.46707477603609265,0.4661029841486069,0.0,0.2737954051155764,0.5035537681780522,0.0,0.7853977236476608,0.7299383660477125,0.6416813429802298,0.7784764712984957,0.10161984998182697,0.8250759725024588,0.7634207982716062,0.0,0.18120341728021885,0.5305736065725973,0.7972295500702036,0.6643691546578846,0.7701981874451037,0.7680097483631068,0.7483333850516487,0.4256648089013669,0.7513554620238619,0.6177063786332,0.731252016418779,0.6502415727834938,0.04903208152452563,0.19899853346239116,0.4021945330295742,0.0,0.6939865877056436,0.445830055499664,0.6445823631355383,0.0,0.461988195869355,0.4661653311402564,0.016945242722761,0.7811830191697265,0.4471846622443883,0.24112929560186466,0.5135937801259948,0.1380381484295317,0.4777106077673059,0.6034489363366298,0.2723456197884848,0.278637259097788,0.6628244596331944,0.2062447184263186,0.39691304056836485,0.4765168808303798,0.0,0.6158188718421124,0.79100161214407,0.6515587775089339,0.7355668129983891,0.2566855163047377,0.7568953646050224,0.7216949500963009,0.8665144271221766,0.16828227329148487,0.5434136070635878,0.5955563662913584,0.7407516834307589,0.63834460410856,0.7230132626820371,0.7260661276463555,0.3390505773958892,0.6928927782469935
0.14616742544263608,0.8155783656994028,0.4918928991890322,0.0,0.10566604551929784,0.6690804561704347,0.3737963569935611,0.9200530994126102,0.1322531954583094,0.5395400024239304,0.196748264638796,0.6321081425529061,0.6460778843927972,0.3331456655571431,0.20115799649701646,0.0,0.5382570382133215,0.4882061490167716,0.3992996048458378,0.14344781065745216,0.5166956913860845,0.18120341728021885,0.0,0.5630471367091638,0.5225600102710427,0.7128477901033804,0.3757046709214891,0.22178434441496694,0.12179582005236948,0.10331654405810124,0.0,0.3703371123088179,0.249358422653354,0.0,0.0,0.1443835557428031,0.0,0.19367306377564839,0.12391507556980932,0.21687220464942294,0.0,0.0,0.33200705126604874,0.0,0.23061212490143188,0.10757073954372552,0.7831447050207817,0.5720347609100246,0.0,0.0,0.6701698167902175,0.3041226729626682,0.9034525284284479,0.05284995171761166,0.4793551071452704,0.33515522007708,0.6352407149300862,0.6854923257848319,0.45433200210951374,0.24683641866423514,0.1806857333271562,0.510193660313148,0.34339562143560876,0.49978018759254467,0.05208219917748288,0.4959928211790346,0.10890679987645341,0.9619358928898294,0.5314691482259603,0.5503495518429156,0.566027288160995,0.39979819771645014,0.0,0.08741439949881388,0.0,0.0
0.5297643955442772,0.717143830518791,0.16342558882313502,0.0,0.0,0.6352483782430379,0.3435450504873209,0.6977974961125946,0.4017681609301566,0.5960224212938009,0.0,0.7701366650944614,0.6536421213373192,0.0,0.4598218864130866,0.17941001274070886,0.7176456985249795,0.6241034668388739,0.1880942822821559,0.40804964010765743,0.4995615669744817,0.5305736065725973,0.5630471367091638,0.0,0.7238116638484617,0.8779064962489482,0.556748044746321,0.519763165323334,0.32301226904350644,0.0820447669441849,0.19969209178200154,0.29629073448709614,0.6490784659602394,0.28553742354013334,0.0,0.0,0.0681639238421183,0.1672788794604536,0.36763934036967116,0.34230683977652343,0.37887797266438905,0.0,0.29174295140727324,0.017523633019565575,0.26120643741519656,0.484664310233428,0.5058523801831503,0.4770160407640091,0.11149841227574911,0.0,0.44474190152697424,0.22776614964639869,0.700825849490162,0.10676570408054954,0.6965754400812602,0.36258035099206554,0.8046098357789891,0.4841483179882994,0.12669593522251468,0.34365092226207417,0.4328376318471605,0.6020846099544523,0.5215933695165327,0.3266192211739157,0.40369108443130525,0.5062520190824865,0.39807788056756005,0.46007438246884236,0.9731720162979921,0.5039692247413428,0.7921018187065284,0.35719301231577927,0.29534802136130733,0.18537855039313586,0.26674457483018693,0.2640873389861694
0.6412853816748124,0.8394857558662449,0.10671603461868638,0.0737658187106862,0.0,0.8776248130485375,0.7009914009598408,0.5212826238438685,0.5156810500943712,0.610847026103051,0.0,0.47407763037774575,0.76915078963969,0.0,0.5721849104880864,0.5397069297160392,0.701300145738796,0.9128387470388866,0.26651406140752903,0.5326714888305777,0.7345570006665836,0.7972295500702036,0.5225600102710427,0.7238116638484617,0.0,0.9124471277135326,0.8326724210230411,0.7220961032912746,0.7316731100987369,0.20720275297639767,0.38022256905695,0.4798438753118178,0.6852008900393781,0.33360172028088336,0.0,0.0,0.0231042551521258,0.0,0.5542987782396677,0.49532728939188647,0.4388196515957764,0.0,0.2856736438893549,0.07216153349784386,0.0,0.6164530750606043,0.7139962766291654,0.510252861833408,0.1427160376935961,0.0,0.7737762260978147,0.49005907723634307,0.5815983421788481,0.23983684522145535,0.8330151986994342,0.38239907966390596,0.5577411950691807,0.7169970097496134,0.0,0.3711528636217026,0.8032208354131262,0.7527475694122489,0.8462138164161658,0.40509172575560914,0.5017057376933969,0.7172072191939161,0.6366962593691894,0.511638915859746,0.6692397692422156,0.8553197777651116,0.8932408865223346,0.7137277314529278,0.5075872839846708,0.6560095827316024,0.2110152151521441,0.4096685996842754
0.612754709617627,0.9207222757754805,0.25966597713251277,0.0,0.0,0.8607414180388331,0.5909981406258605,0.7449514800359598,0.4754055112646452,0.6723293413678344,0.0,0.7181043893012539,0.857536231101334,0.0,0.5634998072710554,0.35789319897588834,0.7887355131133567,0.8271941959997853,0.3367482592748896,0.48777407282261026,0.7300142633992945,0.6643691546578846,0.7128477901033804,0.8779064962489482,0.9124471277135326,0.0,0.726766866718392,0.6662215213528262,0.551796359871755,0.19540384194777377,0.25874264299241456,0.4574183248653352,0.6771774076213009,0.27252929233236406,0.0,0.0,0.0,0.06635417101860693,0.45464076534163583,0.4587856140554057,0.38825039747084195,0.0,0.324685371312693,0.0,0.13085874853917062,0.5838007192718466,0.7585263560976228,0.5880267750494506,0.049630009439574005,0.0,0.6731245905672976,0.38687220659173965,0.7568287829773268,0.20640696433229055,0.7995724523461485,0.4183906899355515,0.7290539379992029,0.7258764528664614,0.17325045306901446,0.4223788774891275,0.6187174259072368,0.7358895403588052,0.7222401716773545,0.4787267054699206,0.3986572456133794,0.727634253243958,0.49663111961685724,0.6510796013203373,0.8384831560684918,0.7511194346424648,0.9136051671930779,0.5635678523288372,0.3908521050757903,0.3879254176718864,0.16004103484565524,0.23602300426069306
0.6203329029220079,0.616272176684078,0.18986611196695108,0.06426421045880429,0.2586524520213257,0.8540872012827697,0.7013994672340693,0.3644341110884322,0.77036102353243,0.515023363338936,0.19514035937751192,0.32895307754471687,0.7731398836998218,0.0,0.68104747365239,0.4681401866873551,0.5705786483105365,0.6853580586165918,0.22093738451779035,0.6719959706332528,0.6472658601402804,0.7701981874451037,0.3757046709214891,0.556748044746321,0.8326724210230411,0.726766866718392,0.0,0.8046537437762318,0.85179232361833,0.3262718612773343,0.35635504481155184,0.33949764560209217,0.652632660265725,0.246252700634271,0.0,0.0,0.08191759891773982,0.0,0.5536667204931818,0.481597945294743,0.5055253661503555,0.0,0.1998314728607357,0.1737626353118782,0.03174293251546477,0.6093998419732998,0.4725473780641452,0.5738820699224727,0.04135395465117126,0.07334227035201955,0.6634685185012913,0.442997094618286,0.4698487024141456,0.5625249707144784,0.6590947570245433,0.5300312249539907,0.42234915194672074,0.656158774952862,0.0,0.44330971147278914,0.7282722073525336,0.5533143443135341,0.6600259459982017,0.4147171119842102,0.5512521287709679,0.712599667876769,0.5907331477284304,0.43439913189847873,0.5205098907301773,0.6583976644160452,0.7257647708221903,0.9162178882294036,0.5354238453684541,0.6938814751218992,0.20339096913041574,0.4127474475288151
0.6768886356468538,0.5202891429229745,0.10389363217146573,0.32510981017561547,0.17922255171698429,0.633530591787012,0.5082329526661106,0.20208789384302162,0.5907899824399845,0.5172297675512162,0.09314308386386647,0.3531408660074697,0.6954091438549251,0.0,0.6615447792200265,0.5648289458351904,0.7002019340591692,0.6372032117875204,0.05156207094049375,0.7859414224447921,0.635592106809264,0.7680097483631068,0.22178434441496694,0.519763165323334,0.7220961032912746,0.6662215213528262,0.8046537437762318,0.0,0.7998962869718739,0.560663045155494,0.6358071128085678,0.3407435174438972,0.5576493038801105,0.3286954201598361,0.0,0.24354176366397054,0.4138169307381508,0.03547861141148084,0.46598936553249154,0.3525421826143776,0.5408738774717308,0.0,0.4747216638740098,0.4337269680757702,0.13892079590424064,0.7005525950095438,0.437252964737083,0.24949079794605208,0.3407748517880132,0.013676836507614266,0.39273264376841005,0.4014750114402115,0.2832323126177,0.3269845161793921,0.6230177336312659,0.2764970799128839,0.46535124096689334,0.5945906831911578,0.006215288700782234,0.4969669989432652,0.6591835186074353,0.6573609271150743,0.701363745606772,0.1347426716823103,0.5293569089273632,0.7616460866229485,0.4966020304020958,0.22480351670357215,0.5718826342409364,0.6047944196690842,0.7370851075212025,0.5760465788329949,0.7407646770231541,0.5352010521937126,0.19842243222502187,0.4873773115929058
0.5080884325447257,0.42211904190600313,0.0,0.11006237847607485,0.14817541614702115,0.7008830746107019,0.6459694185163513,0.0861527421490399,0.5932680818881324,0.38157164162944635,0.0,0.13448534424411535,0.6370411138718466,0.0,0.48197379948177915,0.4964761202468765,0.4431882914252107,0.6458100793481505,0.07191503841020846,0.6062207158483855,0.5429062893700946,0.7483333850516487,0.12179582005236948,0.32301226904350644,0.7316731100987369,0.551796359871755,0.85179232361833,0.7998962869718739,0.0,0.3412713238200433,0.39816674196027413,0.2482805718083404,0.4939748417439403,0.19642714768543115,0.0,0.011606491908013316,0.18585449946715177,0.0,0.4064079489437522,0.30696365300602674,0.35217039413387585,0.0,0.18625820152896563,0.2648778824559214,0.0,0.5645890398626594,0.35826855242499334,0.320901679506731,0.1270727001456627,0.0,0.5404497635332915,0.45033593956077234,0.18161084306083472,0.3619059962745701,0.5330345130522102,0.2954217200286576,0.20144413109463016,0.5333619276434779,0.0,0.1984109174528497,0.7822604483151451,0.4626271388112627,0.7423856501760757,0.20563358030038156,0.423692326230498,0.6203293578538775,0.46031768247581417,0.1744189149458721,0.32947002113589186,0.6553857185123665,0.5958259221136593,0.697327861471753,0.4880386270142994,0.8108369038327663,0.09870100327475655,0.43697209382177166
0.3821576602037625,0.1765742506134384,0.4061775147872756,0.3705434726639482,0.3646183627324014,0.12401176802006429,0.17815570721007182,0.013521136165282133,0.30078406724816,0.27981444620038487,0.39814891608994096,0.05043040572836906,0.215602034132103,0.08726721829025194,0.475835966082015,0.30411857972628176,0.2909075597126327,0.19809931030314648,0.08804134024174162,0.7160235792191066,0.4167824089068803,0.4256648089013669,0.10331654405810124,0.0820447669441849,0.20720275297639767,0.19540384194777377,0.3262718612773343,0.560663045155494,0.3412713238200433,0.0,0.5286427275058609,0.3700424219497845,0.1694140621003426,0.32358540701905075,0.0,0.4218056814119175,0.31243599224765634,0.21216623974741933,0.16603589469083854,0.11793867697685449,0.36064260668105824,0.0,0.4499221403748895,0.26824379744920973,0.31605765178395406,0.369331020292747,0.13787263246904288,0.0689702414451177,0.2934445954990985,0.20585895270197307,0.0,0.28964253588386635,0.0,0.36580273693393245,0.22024607584643047,0.10074971929497405,0.10080863746113111,0.1864610106742688,0.05349031192112274,0.5394130292769678,0.18211221930304514,0.2235131676945749,0.2023826593054114,0.07261264232751279,0.470814846152191,0.40216431038047457,0.33331262794324484,0.0,0.17616999419028806,0.18196564478506472,0.2402830431588694,0.2776392023751941,0.5056897036485484,0.2817693397109129,0.21073959639799064,0.2879220074642386
0.7937644050255611,0.21543935253128038,0.09848658852860814,0.662019588722803,0.0,0.0,0.2622593527233499,0.0,0.09995501574823316,0.33358866039041907,0.05215347732639283,0.0,0.0,0.0,0.5692072547440374,0.7993060467850702,0.46123886067454123,0.41725455859240834,0.0,0.7626896060187041,0.5596008737842206,0.7513554620238619,0.0,0.19969209178200154,0.38022256905695,0.25874264299241456,0.35635504481155184,0.6358071128085678,0.39816674196027413,0.5286427275058609,0.0,0.4713622357765866,0.41176159699795906,0.6784453204324263,0.12420139966718907,0.4363532350830519,0.6429030917811115,0.0,0.5008676090453191,0.18667875150414884,0.51477487565944,0.10324804781628504,0.6064591393946752,0.6350950855421275,0.06226295450650103,0.7526181987870336,0.08312124364440993,0.0,0.7310421342108709,0.13243079549452766,0.0,0.4333626105024871,0.0,0.055897019317096654,0.38829630363017137,0.0,0.09988441590893776,0.1347422404782221,0.0,0.5825754582426014,0.47892314741162556,0.4515127184658735,0.4337555346936627,0.0,0.7817095917930378,0.5152334601168829,0.7320268599213502,0.0,0.28147140701241374,0.18545956653934945,0.4167113083824891,0.30182355180384957,0.9125496325645746,0.5468934231585318,0.5089776579315791,0.8238742533331213
