0.0,0.13555036796975234,0.0,0.16987283923513943,0.0,0.06634921098494054,0.4210076608107316,0.43832675189141873,0.10800933013052642,0.06336893374916543,0.0,0.0,0.20024382236456173,0.0,0.30906363777345036,0.4449318192688088,0.0,0.0,0.09811243325169303,0.260897047044847,0.5991131521536109,0.24639253043102968,0.3941782711392651,0.0,0.0,0.0,0.12727785531847227,0.5401182374512387,0.3769725536759887,0.14399877965055474,0.6397381257844095,0.0,0.02550821776343865,0.3955029559397761,0.3791381809808561,0.3395740589319876,0.22698501506055954,0.14778048940287652,0.0,0.35353965904326773,0.0,0.19264735376379422,0.059308794605951454,0.1478158750518056,0.12535839699577248,0.7066705959441894,0.15703321898667516,0.0,0.0,0.11342672454841618,0.06400348622369087,0.3290671013991166,0.4581610118096751,0.22396737696536864,0.12805028237775848,0.0,0.08868141719992026,0.10093022366573094,0.05341994202598915,0.3326430681161044,0.0,0.04254458395263166,0.0,0.0,0.0,0.683811464855906,0.0,0.4486404860544741,0.0,0.0,0.05656153903294607,0.0,0.0,0.0,0.0,0.0
0.13555036796975234,0.0,0.12727807096154364,0.0,0.20315506368653596,0.7455432516889023,0.29997790041176564,0.2765455230539544,0.2954734707747587,0.6077407638355686,0.2975284254120899,0.569447906420159,0.5309675524694454,0.0,0.17822002035447587,0.26241167942616256,0.5885825692005991,0.5856763606830021,0.280548249292287,0.30727243984942965,0.13460903587179554,0.43243007229643854,0.30537192562026777,0.5854858258175425,0.6398200487516558,0.771318741753886,0.34888848247694787,0.23805162410012312,0.416017629104794,0.24098983304392135,0.0,0.37108743724334886,0.37153189840730283,0.0,0.0,0.0,0.0,0.0,0.39146098565633125,0.4052567557293943,0.14858362105192893,0.0,0.18173469201352999,0.0,0.2955782169379206,0.047549565791226316,0.6351583896605877,0.3152666898572166,0.0,0.04885340035263238,0.48819779723906065,0.0,0.2785020508390037,0.3066810884354553,0.43576116169666146,0.38502123986811365,0.5070322407672088,0.4927637827055327,0.19560735586472341,0.16946098717771754,0.47095371179833195,0.4571821128110091,0.40152251158914243,0.49846068103241137,0.3307803239251624,0.04986091081438745,0.3628646938040191,0.2720337106344053,0.5221342354286983,0.5451908686969241,0.7276388637837138,0.2105024190113384,0.3499526547021065,0.2797916593332635,0.31244478286406563,0.2969980310600044
0.0,0.12727807096154364,0.0,0.0,0.2995308261893448,0.34335996677707437,0.12502055540097093,0.16197292177885256,0.7045325422176469,0.24393568464674237,0.6615929851013268,0.2786756604222044,0.049611125380984854,0.07834068714264274,0.3564604413655408,0.08707755594032615,0.18465208781660222,0.08568315298883629,0.5642239134532934,0.47739829588532384,0.0,0.3640479528355295,0.2157123668047959,0.1987480999314742,0.21198306503268333,0.1854226024970872,0.6534462356995059,0.014531051800122624,0.07554894953104865,0.13105590382550789,0.0,0.0,0.0,0.0,0.0,0.0,0.0,0.02048917575055134,0.0037784272821156425,0.09505535592339086,0.0,0.0,0.10649806376655348,0.0114242167254104,0.05576647424858543,0.0,0.10951615920385753,0.7912548733723582,0.012497837654608828,0.19468550784905395,0.3955399263072783,0.1462325068013774,0.08232072213792947,0.6772551566663144,0.2937262792008698,0.6297580059761689,0.19898234172557422,0.12350544305407586,0.18797829405590044,0.39593854300729686,0.12941345040058078,0.05587051657836117,0.011759542035619595,0.5580661675860114,0.5218074911660142,0.0,0.2863831109267117,0.2756223842926486,0.16053369882100324,0.18603063088602464,0.15200242602262212,0.49103890354439234,0.13964493497264643,0.20363803743175843,0.10539807734532865,0.05455130254015668
0.16987283923513943,0.0,0.0,0.0,0.23042040050071785,0.0,0.27203563125094593,0.30397571163257453,0.0,0.0,0.0,0.0,0.0,0.27859059928218216,0.0,0.21304717142491197,0.0,0.0,0.0,0.05231199813011285,0.2898861700180319,0.0,0.14017664235036006,0.0,0.0,0.0,0.0,0.0,0.0,0.0,0.3311246738244988,0.0,0.0,0.5672214419757422,0.5924103634671618,0.2946471051755671,0.254104457610663,0.2121975944879212,0.0,0.0,0.0,0.3791578582032262,0.0,0.0,0.0,0.10025298115847382,0.0,0.0,0.09812265312817434,0.0,0.0,0.0,0.22256635285784784,0.0,0.0,0.0,0.0,0.0,0.0,0.0,0.0,0.0,0.0,0.0,0.0,0.34210039892094657,0.0,0.09885565294721874,0.0,0.0,0.0,0.0,0.0,0.0,0.0,0.0
0.0,0.20315506368653596,0.2995308261893448,0.23042040050071785,0.0,0.14043105034957382,0.19304352865969407,0.025965573320190123,0.07154352106072283,0.0044440195129967965,0.3051082078292956,0.2454823324235328,0.0,0.5250502055681043,0.0,0.0,0.10179648189135529,0.06870101561791261,0.09688296605878345,0.16805482353446904,0.0,0.12746316624200446,0.0,0.11900914817237745,0.08289149002204785,0.2130187447340176,0.10656980617681995,0.0,0.0,0.0,0.0,0.0,0.0,0.0,0.03187702741891981,0.012426046238120424,0.0,0.0,0.016802671301757246,0.0,0.0,0.009609069683425382,0.0,0.0,0.11059564349866716,0.0,0.12012170870191137,0.31990749512380723,0.10736817002271046,0.0,0.0,0.0,0.05150445953191401,0.061402556919410135,0.06345992168450293,0.3392418094999749,0.12850959788037644,0.0,0.0,0.0,0.0,0.0,0.0,0.1456466870474584,0.20154593342614632,0.0,0.10575961420642081,0.0,0.07444514071666397,0.08931893762738868,0.12530791336499983,0.0,0.0,0.0,0.05435872065879885,0.0
0.06634921098494054,0.7455432516889023,0.34335996677707437,0.0,0.14043105034957382,0.0,0.24906606295138622,0.4197913159608258,0.5668508581983235,0.557695819738421,0.4366244510998829,0.6231800305114366,0.5455545170023474,0.019069194977632202,0.41702742420379457,0.0,0.5321673352383418,0.3349650039602821,0.4881184875903486,0.3668905444549205,0.1791072619441027,0.24675564828434626,0.590194861025891,0.6061539299850714,0.46660057453449666,0.7468560872652581,0.5789637836775131,0.20551053224426766,0.4303035797387031,0.10822187991818984,0.0,0.31663091929146475,0.23051685615681328,0.0,0.0,0.0,0.0,0.0,0.33730273133551203,0.2879042169078744,0.18457405860710197,0.0,0.2613418954694812,0.0,0.20532477456721868,0.0,0.5224793079936216,0.3757465538626112,0.0,0.1737275759755232,0.7069662075311475,0.025749928795355804,0.451782062461083,0.47693190290050397,0.41225525107979544,0.5037630656115691,0.6371484173226662,0.48772344331375456,0.26405949447579935,0.44107996711812697,0.2836743671011909,0.4349778971386123,0.30824292435154466,0.62073049975133,0.46943138684153907,0.0,0.3556195087692285,0.5515637817897413,0.5459795577760875,0.35396926848212956,0.6557360899245004,0.39517066212537233,0.24093366166497665,0.23568023811676075,0.15259879572506765,0.2077028644634622
0.4210076608107316,0.29997790041176564,0.12502055540097093,0.27203563125094593,0.19304352865969407,0.24906606295138622,0.0,0.43530375269351285,0.1422567736685503,0.2440337532570865,0.13916616625990852,0.09266910693554004,0.430186940106084,0.0,0.1864280664464457,0.40410940456163497,0.0,0.03498855814726056,0.03243700749776695,0.359417367893943,0.35442028279249116,0.1551834452606882,0.37875841095757046,0.0,0.0,0.05284247177271652,0.25324897344435937,0.42771308878491654,0.3187271499773596,0.13883312279780236,0.36860698935462555,0.0,0.0,0.28170599650231504,0.26886780793864223,0.14706879573384354,0.21308012264784812,0.1285727702774185,0.0,0.2147627472872686,0.0,0.09870390972858517,0.0,0.04700858698652903,0.0742932755782792,0.2569245295731301,0.3002560343605756,0.0,0.13264927633968215,0.13651536558675287,0.3056523282063609,0.3499085769433233,0.4130064730784229,0.30385360608624945,0.3983776086260935,0.13108036661977904,0.21466252957976326,0.3177055364479114,0.0,0.17319911034114222,0.0,0.1462708716219648,0.0,0.04629057635974927,0.0,0.2920109010470681,0.0,0.4366577573807322,0.0,0.0002453094320530788,0.2211415796382868,0.0,0.0,0.0,0.0,0.0
0.43832675189141873,0.2765455230539544,0.16197292177885256,0.30397571163257453,0.025965573320190123,0.4197913159608258,0.43530375269351285,0.0,0.24225603210893548,0.12983814100801383,0.28325909824156037,0.32297621649206726,0.15751436720415354,0.16057289082850248,0.3276936284137719,0.29840438004608133,0.0,0.0,0.0,0.2857940421719437,0.49805742539049447,0.000350601153425932,0.7916325669540558,0.042234366022881296,0.0,0.08150167400179978,0.22613587362592583,0.3099747046354095,0.03982044677233481,0.0,0.41184172156967713,0.0,0.0,0.2820218966669287,0.3272795036333909,0.26811279585422026,0.1363499442871814,0.32676997374269795,0.0,0.17937540707327487,0.0,0.07427598246796815,0.019651128869659876,0.13811729698920502,0.17108903998551364,0.30039323751094205,0.24139951223737097,0.0,0.06252843744949933,0.0,0.38189382319116033,0.10160785423288646,0.7668951306936935,0.30724742111190295,0.276843015150814,0.11661847578943045,0.42585575545096954,0.12602919553785413,0.05228691543630219,0.4175142223832217,0.0,0.04029939925254471,0.0,0.0,0.0,0.4655649479373656,0.0,0.7081239492955194,0.01641366800872092,0.0,0.15387048637781833,0.0,0.0,0.0,0.0,0.0
0.10800933013052642,0.2954734707747587,0.7045325422176469,0.0,0.07154352106072283,0.5668508581983235,0.1422567736685503,0.24225603210893548,0.0,0.40505814193724804,0.7266768201157233,0.27875038868654,0.3300347202633317,0.0,0.5430543718781343,0.04420248593523485,0.2875837685698742,0.05889856102989744,0.6194611641355959,0.3780081624907097,0.0,0.3487729062319693,0.42739819392636486,0.26404808457942125,0.4040671144955721,0.30567931376428636,0.7017418602646851,0.22816292548326234,0.3175776542153303,0.1389126813548994,0.0,0.09677605233249038,0.06043842982198219,0.0,0.0,0.0,0.0,0.0,0.11524261037175869,0.2727669612738766,0.2209396184491232,0.0,0.1766224951104844,0.0,0.0900740199047895,0.0,0.3552376738229482,0.6210451633078914,0.0,0.2560220492771321,0.6056543288202177,0.23945211813031128,0.21603776469875635,0.8876650045576765,0.42008954032162366,0.7780388049818288,0.3371189618043049,0.3658528658385888,0.18526581343562895,0.5613156202515629,0.2400276276820142,0.2833380642002002,0.09004303885661832,0.6530368310756314,0.4805386260471598,0.03128529805240021,0.42572141631398375,0.518595171859374,0.2617717295892951,0.29274666094277546,0.30316543037635224,0.48777068550998887,0.21714363084105723,0.3607567894356082,0.15587024453343928,0.18216859585074366
0.06336893374916543,0.6077407638355686,0.24393568464674237,0.0,0.0044440195129967965,0.557695819738421,0.2440337532570865,0.12983814100801383,0.40505814193724804,0.0,0.3212988392797145,0.6325482050321513,0.6011758194233681,0.0,0.23765891397207378,0.22563948364979416,0.6757928386744688,0.5539008166538875,0.34281430665931606,0.17650258307618705,0.0,0.20002803629936536,0.21522571773283444,0.5407483530751355,0.6345219686314285,0.6548477427607282,0.3655672157880559,0.334371518252982,0.23543801258057107,0.23365818942686234,0.0,0.1844005805156356,0.21340798787873086,0.0,0.0,0.0,0.0,0.0,0.2584532566571818,0.24749318301122644,0.17519008266571406,0.0,0.1764149783198632,0.014438448378264053,0.16557136091371605,0.024658273947152524,0.5051990364683536,0.4568922927312855,0.0,0.24222206215072542,0.4826454848974013,0.1282880769606225,0.15128015801167252,0.43756223987779597,0.6516529536076996,0.4602135530019524,0.6044220017903024,0.534248534923914,0.2132685671063647,0.2213067329078987,0.41399210701196915,0.6844478162788823,0.3848249893932613,0.5408026626964922,0.32355792766859875,0.0,0.35967185022563575,0.2646522748939314,0.457076981911125,0.5558631956777024,0.6410597559272044,0.28142967922432677,0.42109532746629896,0.28410171695451963,0.2985091750369291,0.3104450827355849
0.0,0.2975284254120899,0.6615929851013268,0.0,0.3051082078292956,0.4366244510998829,0.13916616625990852,0.28325909824156037,0.7266768201157233,0.3212988392797145,0.0,0.3965522439934568,0.1858318079123033,0.15904210662953042,0.4040341271716225,0.05760734260105244,0.27247701297620874,0.06695124758682688,0.5880463339131742,0.34829658724575335,0.0,0.38624030207513216,0.3081595933075557,0.21843129469804048,0.27808560539809246,0.24839073518591795,0.524484764452664,0.07435362261943891,0.24704552736942406,0.12997653766494216,0.0,0.17477939569354967,0.04855958815407425,0.0,0.0,0.0,0.0,0.0,0.21662332987462365,0.23438629766497257,0.18148291900060998,0.0,0.09298584877683845,0.0,0.033812903390980205,0.0,0.34261175259507354,0.6160517759770624,0.0,0.11650566941110477,0.38979332497573554,0.08384001182787404,0.15821588676128795,0.6415738204441995,0.34629552842781863,0.7473836728203831,0.33325931737422043,0.24964398358767417,0.173825120823857,0.4264724638447515,0.24929883884678894,0.17335104873208604,0.03956791245345556,0.5597749498249226,0.3895430192871817,0.07148748883026491,0.3458270272809434,0.359434591875775,0.21867927652398222,0.28518527071135974,0.2658254149831621,0.3869479333782144,0.12135782085027802,0.2496954271202422,0.15040128706397332,0.186214423408369
0.0,0.569447906420159,0.2786756604222044,0.0,0.2454823324235328,0.6231800305114366,0.09266910693554004,0.32297621649206726,0.27875038868654,0.6325482050321513,0.3965522439934568,0.0,0.40409260641388167,0.12682121969261245,0.13063590674292486,0.0,0.6186572000781103,0.36025367724752094,0.257213430601348,0.28629270445879623,0.0,0.14307249064930538,0.32196101448508935,0.6826877075683637,0.44207767612878524,0.6899921417162816,0.21743587218735322,0.11803746520173902,0.04224761887367592,0.18112479631382103,0.0,0.26937556938379603,0.11203238546637603,0.0,0.0,0.0,0.0,0.03621142270548589,0.31314869846354865,0.1324905870838876,0.0869622973051606,0.0,0.133362362268479,0.1533779349724929,0.18263500709550468,0.0,0.41831690084113266,0.4246864819460749,0.013570159807845835,0.03775169095834535,0.3870509925006414,0.0,0.262710584288695,0.230321160328619,0.5399988093132311,0.39688572351499163,0.7829239685144654,0.3312576960897834,0.16805383619011285,0.1400942421871367,0.18463726344204504,0.4744899940505364,0.22153963206782423,0.4164984586131581,0.3220500547886253,0.0,0.22846377080425173,0.22210676143228722,0.5620884758209886,0.31146499322019433,0.5977061575022502,0.16942166497804323,0.19073192105816297,0.0,0.31808566317371495,0.184022376733513
0.20024382236456173,0.5309675524694454,0.049611125380984854,0.0,0.0,0.5455545170023474,0.430186940106084,0.15751436720415354,0.3300347202633317,0.6011758194233681,0.1858318079123033,0.40409260641388167,0.0,0.0,0.27258082254613675,0.2626408651242041,0.5140102183191416,0.45051145506385454,0.2172888621351858,0.2751930170612695,0.12550671982355152,0.23853709707857754,0.2955571158861833,0.3536856838492899,0.4242495659029695,0.5527547684909224,0.26254285955572065,0.5953930656649972,0.48566549427592937,0.2716247517484746,0.16924194581970264,0.21688871246334468,0.22766070271573033,0.0,0.0,0.0,0.10056604886328535,0.0,0.2102952464662211,0.27794098148935475,0.12600931246873265,0.0,0.26055383737529314,0.05075221157232023,0.09844897035318395,0.14424512751722013,0.3819314925990243,0.19777050929023152,0.08484877795662521,0.3765647510256552,0.44077055358411155,0.36168053123957716,0.21258019759395794,0.4021758062343416,0.47768741983050456,0.2718966915981126,0.46107295157197487,0.6424802845399165,0.2002169923360504,0.2393852432766674,0.3146665790323088,0.510394350074368,0.36139630254304045,0.36727714378938003,0.24624865539602434,0.03715818348425187,0.18971712363242468,0.34700252888768746,0.35302505934574097,0.33596687167123945,0.5129383827634393,0.15723828531342965,0.3941415475378834,0.32561440965712257,0.1978076714842858,0.2898862965459787
0.0,0.0,0.07834068714264274,0.27859059928218216,0.5250502055681043,0.019069194977632202,0.0,0.16057289082850248,0.0,0.0,0.15904210662953042,0.12682121969261245,0.0,0.0,0.03272467647084244,0.0,0.0,0.0,0.0,0.0,0.0,0.0,0.12533442367039774,0.0,0.0,0.0,0.025824237926024778,0.0,0.0,0.0,0.0,0.0,0.0,0.07384606191572665,0.1309836902017727,0.03265259882343832,0.0,0.26097429785814896,0.0,0.0,0.0,0.0,0.0,0.0,0.03169737733816435,0.0,0.0,0.0,0.0,0.0,0.0,0.0,0.10628904582777765,0.0,0.0,0.11177914342693969,0.05430105690986704,0.0,0.05263063345090868,0.05303479334267452,0.0,0.0,0.0,0.0,0.01605436759411508,0.028656927669333605,0.0,0.06419252110661228,0.0,0.0,0.0,0.008379933898450159,0.0,0.0,0.0,0.0
0.30906363777345036,0.17822002035447587,0.3564604413655408,0.0,0.0,0.41702742420379457,0.1864280664464457,0.3276936284137719,0.5430543718781343,0.23765891397207378,0.4040341271716225,0.13063590674292486,0.27258082254613675,0.03272467647084244,0.0,0.14047879670935504,0.024176586618898564,0.0,0.4414190227095931,0.523598961295505,0.33311439458303843,0.42234984591425223,0.46235335856851034,0.0,0.0,0.0447715950395371,0.6167635777320983,0.2127769668952535,0.5102965662473921,0.1479856552224108,0.1741675027186089,0.13718185966262594,0.279337737179562,0.023077294863260062,0.0,0.0,0.0,0.009511688700725766,0.07790303854120847,0.2290685807110844,0.10884632959013939,0.0,0.10405391355652129,0.0,0.0,0.23524402997322968,0.09277224609153065,0.17291192279299472,0.0,0.0,0.3622047075149528,0.1489600767223539,0.2420062131000074,0.4570436982106543,0.15550633885205328,0.2643019273958452,0.1016285646983487,0.12717549588012125,0.060625609879411034,0.6763903660920535,0.10516532861405896,0.09124993577732284,0.0,0.3200447941258209,0.3046359359437614,0.32051741316093385,0.23669108638356334,0.5434090511168805,0.0,0.0,0.03238913556025662,0.4517649833768768,0.05757438905356504,0.3151819959665351,0.0,0.08577298318781786
0.4449318192688088,0.26241167942616256,0.08707755594032615,0.21304717142491197,0.0,0.0,0.40410940456163497,0.29840438004608133,0.04420248593523485,0.22563948364979416,0.05760734260105244,0.0,0.2626408651242041,0.0,0.14047879670935504,0.0,0.0,0.11449990904203922,0.0,0.09084744653338671,0.1740666050593453,0.26949115121449896,0.18991731063277456,0.0,0.0,0.0,0.2005345827047984,0.3830458333521976,0.18929603196212255,0.056763435284888426,0.4687161507948477,0.0,0.0,0.26955472309092915,0.2668221250721655,0.30970174123302785,0.24025863462524363,0.0,0.0,0.19110781221791492,0.0,0.07591854138397788,0.0,0.1651598691280175,0.05388878510258849,0.34521396245163866,0.21307824642214498,0.0,0.017597161013386906,0.06976293103234507,0.18026595475432486,0.4530452537281899,0.17901173531703152,0.29069823202666323,0.3472240496990625,0.0,0.05604145176692087,0.23899514966556382,0.08010412897032394,0.190982593981308,0.057702539320039145,0.20141696406597792,0.0,0.0,0.0,0.3425976952801702,0.0,0.25991716325955994,0.0,0.0,0.08349483408405663,0.0,0.0,0.07204469076638852,0.0,0.0
0.0,0.5885825692005991,0.18465208781660222,0.0,0.10179648189135529,0.5321673352383418,0.0,0.0,0.2875837685698742,0.6757928386744688,0.27247701297620874,0.6186572000781103,0.5140102183191416,0.0,0.024176586618898564,0.0,0.0,0.7271592279357725,0.32296269691971313,0.0,0.0,0.1749066967705185,0.0,0.7010607089254836,0.7965471766785773,0.8019527963995208,0.20069319981794234,0.0,0.21734214415745892,0.19598779186228027,0.0,0.43632374632443266,0.28074602005400395,0.0,0.0,0.0,0.0,0.0,0.567425091945967,0.14076885768043204,0.4138237306723797,0.0,0.16982226727058072,0.0,0.09078543347556427,0.0,0.396972176154051,0.5556791813450966,0.0,0.29738441095929435,0.4032977391007703,0.0,0.0,0.2069856118903145,0.3334408638434833,0.4060215644880568,0.5001382796841047,0.45758899952951876,0.295756635695059,0.0687362347784392,0.6015665549287688,0.5817723910338765,0.5650955673545273,0.5677875832960364,0.5290459618789731,0.0,0.5688855014324251,0.0,0.6446467447797791,0.6465301486414775,0.6454933412695166,0.4356834518219919,0.5485484674368312,0.39763191155722305,0.49029537587180333,0.5435075223472242
0.0,0.5856763606830021,0.08568315298883629,0.0,0.06870101561791261,0.3349650039602821,0.03498855814726056,0.0,0.05889856102989744,0.5539008166538875,0.06695124758682688,0.36025367724752094,0.45051145506385454,0.0,0.0,0.11449990904203922,0.7271592279357725,0.0,0.19974129006810737,0.015133592348246464,0.0,0.28560607262352405,0.0,0.5677108798296003,0.8370626085107399,0.6944572327684516,0.14172998155118016,0.09796901555477634,0.24468228554358945,0.2921599346905862,0.0,0.40448771033830394,0.3421876282290288,0.0,0.0,0.0,0.0,0.0,0.5600351527624788,0.24572767036304632,0.3862220134567373,0.0,0.15312114413975494,0.0,0.14674126331062967,0.0,0.3718014120220097,0.4766905449818751,0.0,0.19091994382803568,0.2666437026128614,0.007463229320779615,0.0,0.06215977518690032,0.21439169437319178,0.18709958747841363,0.2918800449497465,0.4305001319912854,0.2725819223626782,0.0,0.713991111831982,0.5235811121699036,0.7542187634329474,0.5340699257094927,0.4755017788361085,0.0,0.5854157526866175,0.0,0.5432727242998278,0.7551873598888584,0.595539132076372,0.281391389144968,0.6971331439138333,0.4548559591409752,0.44952946723137743,0.5662842708170973
0.09811243325169303,0.280548249292287,0.5642239134532934,0.0,0.09688296605878345,0.4881184875903486,0.03243700749776695,0.0,0.6194611641355959,0.34281430665931606,0.5880463339131742,0.257213430601348,0.2172888621351858,0.0,0.4414190227095931,0.0,0.32296269691971313,0.19974129006810737,0.0,0.3085549372404943,0.0,0.5028318808980226,0.20734275772018232,0.3183051770853094,0.4588679925825075,0.30130340483936635,0.5274184924275437,0.07650653465615771,0.45945354816365547,0.20206181496062392,0.0,0.2878544887162182,0.24705577535147588,0.0,0.0,0.0,0.0,0.0,0.3938319567555839,0.2877749318016081,0.46806531185867106,0.0,0.22750484765214174,0.0,0.07332806068779939,0.04517847936433947,0.2640031074726431,0.49249759968313134,0.0,0.15338425690539512,0.38841683081893963,0.09128157712546003,0.03695206483193609,0.4405748013141419,0.23291648904029472,0.5774795761232622,0.2015584701618799,0.27829473427741824,0.17576179706316092,0.37940622010650676,0.435879739374183,0.25881418034572795,0.27521332021127176,0.6975718016867137,0.504735241478356,0.0,0.5733649427552845,0.28317868224293163,0.2306162765894014,0.434197773780153,0.30095674598024585,0.4886153606989564,0.3642917790848554,0.4659384544277801,0.2097240285117548,0.43536377979233376
0.260897047044847,0.30727243984942965,0.47739829588532384,0.05231199813011285,0.16805482353446904,0.3668905444549205,0.359417367893943,0.2857940421719437,0.3780081624907097,0.17650258307618705,0.34829658724575335,0.28629270445879623,0.2751930170612695,0.0,0.523598961295505,0.09084744653338671,0.0,0.015133592348246464,0.3085549372404943,0.0,0.140689366500607,0.5977744513505555,0.19049208195604808,0.22685644077039682,0.05113828667796477,0.24201019387421027,0.4173797061680769,0.3138959908031029,0.2911742417771605,0.26437135767082787,0.20979769748366422,0.14423451976647073,0.09409290344759798,0.08468388560953569,0.0,0.08905289682880575,0.0,0.06487185869923935,0.08246706728118365,0.23161632841016136,0.0,0.0,0.1707137360463095,0.2111461480692883,0.1715731900728055,0.0,0.14426748721953783,0.34902168693211405,0.0,0.0,0.23310658198383655,0.0,0.29990127230206554,0.3641432796825643,0.3233262559076697,0.30301010871176176,0.24692299384706118,0.10381314104193365,0.0,0.3409405470756888,0.08424301935839261,0.09998361088877585,0.032678759290979346,0.29872139836451816,0.5126678648426982,0.10181928537752212,0.23294956048181611,0.2650568855438272,0.15231565290493027,0.05121731551163847,0.21318412116731053,0.21953915550703665,0.14427888656210958,0.09699335035192555,0.07858905322112171,0.1424446065907675
0.5991131521536109,0.13460903587179554,0.0,0.2898861700180319,0.0,0.1791072619441027,0.35442028279249116,0.49805742539049447,0.0,0.0,0.0,0.0,0.12550671982355152,0.0,0.33311439458303843,0.1740666050593453,0.0,0.0,0.0,0.140689366500607,0.0,0.10979427475962224,0.4935719259477504,0.0,0.0,0.0,0.10471611791585991,0.2560303927826315,0.3349344064326537,0.0,0.5272869237839378,0.06617127502404206,0.1676511159086788,0.37393547833554164,0.39981602395515514,0.20888316297887694,0.1397964853886524,0.08382050015866416,0.0,0.23963046384895015,0.0,0.26305193622375594,0.0,0.048421790944658004,0.007558700900080721,0.503649297706186,0.10111645397924689,0.0,0.03365194653377492,0.0,0.1061175609165926,0.137881798558981,0.45182116057630467,0.0,0.0,0.0,0.019517428546502156,0.038080365265715684,0.0,0.3310119774505748,0.0,0.0,0.0,0.0,0.0,0.7014525191270925,0.0,0.49489680387995494,0.0,0.0,0.0,0.0,0.0,0.0,0.0,0.0
0.24639253043102968,0.43243007229643854,0.3640479528355295,0.0,0.12746316624200446,0.24675564828434626,0.1551834452606882,0.000350601153425932,0.3487729062319693,0.20002803629936536,0.38624030207513216,0.14307249064930538,0.23853709707857754,0.0,0.42234984591425223,0.26949115121449896,0.1749066967705185,0.28560607262352405,0.5028318808980226,0.5977744513505555,0.10979427475962224,0.0,0.04763480651313822,0.24042800021292743,0.3752566243768215,0.25107439351058963,0.4387696394153038,0.260953179270646,0.47666127070449965,0.3453695069608959,0.12002093528076561,0.3461129391462515,0.33147398960330965,0.0,0.0,0.0,0.0,0.0,0.27063412416973337,0.31339081791751194,0.25166793059846987,0.0,0.1391773141204042,0.11003644937973601,0.12429316292475825,0.05232713456719839,0.21116087546656565,0.4086260273753351,0.0,0.1587992640736752,0.1932271827642159,0.16136387230955654,0.0,0.32279632488400123,0.18336750138545557,0.38662852515786267,0.12724829570694918,0.15295897343126252,0.18927066670477988,0.243701845802847,0.44352169682079595,0.11975589190051132,0.23451909809006607,0.5019060183375356,0.4320530857425792,0.07117615073082943,0.4823620213685231,0.16272610887051278,0.20201942013774646,0.2943862672911809,0.23054146070712603,0.3325959408714962,0.38714516785581676,0.36230671640731094,0.28428906611444427,0.4061012748530139
0.3941782711392651,0.30537192562026777,0.2157123668047959,0.14017664235036006,0.0,0.590194861025891,0.37875841095757046,0.7916325669540558,0.42739819392636486,0.21522571773283444,0.3081595933075557,0.32196101448508935,0.2955571158861833,0.12533442367039774,0.46235335856851034,0.18991731063277456,0.0,0.0,0.20734275772018232,0.19049208195604808,0.4935719259477504,0.04763480651313822,0.0,0.06999181366719466,0.0,0.1389753123814751,0.4779124142323004,0.3126221687279743,0.26442585813455194,0.0,0.3116990133855486,0.0,0.0,0.043883327640690216,0.16798652910747067,0.08652264543851983,0.07170272463001486,0.19855754536600445,0.0,0.18909582954338733,0.0,0.020690659204915564,0.02339182116519007,0.0,0.13772842560473503,0.2845633559106454,0.30877066400955044,0.0,0.0,0.09555973408169738,0.5921828095738562,0.22452373072141277,0.7061559978612488,0.46473043871212083,0.2847897965555642,0.27275288287310523,0.41648003377490345,0.27169589810960354,0.11168095033072002,0.6154322757407291,0.0,0.09138455970979385,0.0,0.18677116702362567,0.0,0.5021535994312922,0.0,0.9182053464712533,0.03621099687906032,0.0,0.21459465013111012,0.19444040320237066,0.0,0.0,0.0,0.0
0.0,0.5854858258175425,0.1987480999314742,0.0,0.11900914817237745,0.6061539299850714,0.0,0.042234366022881296,0.26404808457942125,0.5407483530751355,0.21843129469804048,0.6826877075683637,0.3536856838492899,0.0,0.0,0.0,0.7010607089254836,0.5677108798296003,0.3183051770853094,0.22685644077039682,0.0,0.24042800021292743,0.06999181366719466,0.0,0.6848701575110278,0.8623722128540813,0.09432371482393778,0.05814108732616098,0.00451600525023844,0.26572827023899315,0.0,0.4151626840229113,0.22730762260689313,0.0,0.0,0.0,0.0,0.0,0.5579310870968608,0.20750419922267044,0.3302207282711793,0.0,0.2658496713494233,0.08952891100942592,0.22950359140063328,0.0,0.44962621401178365,0.48828529612104643,0.0768163898952011,0.21162529828159735,0.40673033094928934,0.0,0.15726264343335558,0.19774003929886788,0.3480375518147377,0.3563096435853449,0.6356550213766078,0.44341223286054887,0.3445892066198103,0.0,0.49302275758879954,0.5172597991093103,0.5195206174843133,0.5920880841955263,0.489186854099919,0.0,0.4881754978061745,0.0443332654174672,0.8298995512458543,0.5603337193253954,0.7786858924030792,0.17810242941936213,0.4854348267679859,0.15424170517484645,0.49770321587696087,0.5230030467680622
0.0,0.6398200487516558,0.21198306503268333,0.0,0.08289149002204785,0.46660057453449666,0.0,0.0,0.4040671144955721,0.6345219686314285,0.27808560539809246,0.44207767612878524,0.4242495659029695,0.0,0.0,0.0,0.7965471766785773,0.8370626085107399,0.4588679925825075,0.05113828667796477,0.0,0.3752566243768215,0.0,0.6848701575110278,0.0,0.7590836265069125,0.30644829600846857,0.08057156677587972,0.2996507014911241,0.3926628945476935,0.0,0.45270454498998913,0.3896410869592326,0.0,0.0,0.0,0.0,0.0,0.604889760594052,0.2805654273741144,0.5107518461853657,0.0,0.2567499380078629,0.0,0.14751628372138925,0.0,0.5513871009875679,0.6193236670196455,0.0,0.28158589993169714,0.4058343636269808,0.009433949525478026,0.0,0.3358637084753127,0.32652764679934154,0.4676470122235544,0.3627215976069748,0.5234385474135618,0.2656051407054096,0.03253820332675641,0.8323441229352693,0.5745187956607032,0.7698030078059113,0.713778288001831,0.608670833321344,0.0,0.7808792159059438,0.0,0.6216097230043154,0.9000852959520146,0.7114059600754543,0.46506689370273074,0.7213038092341071,0.6157842583084101,0.5583085021958178,0.6568667842024896
0.0,0.771318741753886,0.1854226024970872,0.0,0.2130187447340176,0.7468560872652581,0.05284247177271652,0.08150167400179978,0.30567931376428636,0.6548477427607282,0.24839073518591795,0.6899921417162816,0.5527547684909224,0.0,0.0447715950395371,0.0,0.8019527963995208,0.6944572327684516,0.30130340483936635,0.24201019387421027,0.0,0.25107439351058963,0.1389753123814751,0.8623722128540813,0.7590836265069125,0.0,0.20643354798387367,0.15642797103677517,0.26072989566524024,0.25454120359230314,0.0,0.48120845574248833,0.29531320345275996,0.0,0.0,0.0,0.0,0.0,0.5681247807815746,0.2987679069166136,0.36040815308775265,0.0,0.3352258050160886,0.006363588997199615,0.25282893838029324,0.0,0.523054314559572,0.5001662428423649,0.026509178043749044,0.22290056613932313,0.40073255252870554,0.0,0.1539852314523172,0.24053526709702613,0.3903891601615172,0.4221819085795673,0.6141610007425559,0.483782302130444,0.2566346532981168,0.041794587981552354,0.5012056446842253,0.5324895703321024,0.5676235171509066,0.6028319003117597,0.5431657184467975,0.0,0.52464703158954,0.029638651520882776,0.7861725523499469,0.6154541360351122,0.8240596872257563,0.2262722680336666,0.5550157161699724,0.238849374703626,0.48165679650428045,0.5233734086549969
0.12727785531847227,0.34888848247694787,0.6534462356995059,0.0,0.10656980617681995,0.5789637836775131,0.25324897344435937,0.22613587362592583,0.7017418602646851,0.3655672157880559,0.524484764452664,0.21743587218735322,0.26254285955572065,0.025824237926024778,0.6167635777320983,0.2005345827047984,0.20069319981794234,0.14172998155118016,0.5274184924275437,0.4173797061680769,0.10471611791585991,0.4387696394153038,0.4779124142323004,0.09432371482393778,0.30644829600846857,0.20643354798387367,0.0,0.10231217604707385,0.49227122840892507,0.1248415330101234,0.0,0.11568124601206607,0.06369025346256861,0.0,0.0,0.0,0.0,0.0,0.07106982238150282,0.26152307868165736,0.0,0.0,0.04389966804445963,0.0,0.052262814901271576,0.027306709500315756,0.268153067396532,0.564622254520606,0.0,0.18130001290301517,0.5839389709320467,0.2585768120659502,0.14194531883685266,0.7114201250728458,0.34137627513992075,0.5211607958913979,0.19554882286412298,0.27462422013150006,0.06076374634274836,0.5906921753128896,0.27431201550325124,0.183525922460319,0.1143653443065581,0.5630904410585087,0.5145674997727198,0.16405253132862832,0.3641975480492166,0.5313587322092771,0.09318763110997579,0.2809750333922344,0.1972098636349655,0.6957861133088993,0.13333047458514954,0.4686459782308961,0.02447815249685068,0.040313303589606074
0.5401182374512387,0.23805162410012312,0.014531051800122624,0.0,0.0,0.20551053224426766,0.42771308878491654,0.3099747046354095,0.22816292548326234,0.334371518252982,0.07435362261943891,0.11803746520173902,0.5953930656649972,0.0,0.2127769668952535,0.3830458333521976,0.0,0.09796901555477634,0.07650653465615771,0.3138959908031029,0.2560303927826315,0.260953179270646,0.3126221687279743,0.05814108732616098,0.08057156677587972,0.15642797103677517,0.10231217604707385,0.0,0.29537440454573316,0.40327893640398327,0.4808487607863546,0.0,0.11208560308663064,0.2191507032260305,0.08206600384625362,0.24555140627208444,0.2832784989135015,0.0797630336518863,0.0,0.3518864544091705,0.0,0.0,0.21923810867300417,0.16386400915255486,0.24367320839971895,0.3195037699961664,0.33075315520266907,0.0,0.1690137157831829,0.33157835251604856,0.17870798311684036,0.4857479047342502,0.30436164033494767,0.33197229198986533,0.35851412449518844,0.11279891803202387,0.28648726324655377,0.4681451461777195,0.12908190977725972,0.12894601571077483,0.01558752902498572,0.29254434481075714,0.06275825682955918,0.1321278634783526,0.0,0.32268389896863553,0.0,0.34905754641277736,0.0,0.08120226540152478,0.26071433651008497,0.0,0.30175793451169874,0.0,0.09573905829125788,0.0793933106282621
0.3769725536759887,0.416017629104794,0.07554894953104865,0.0,0.0,0.4303035797387031,0.3187271499773596,0.03982044677233481,0.3175776542153303,0.23543801258057107,0.24704552736942406,0.04224761887367592,0.48566549427592937,0.0,0.5102965662473921,0.18929603196212255,0.21734214415745892,0.24468228554358945,0.45945354816365547,0.2911742417771605,0.3349344064326537,0.47666127070449965,0.26442585813455194,0.00451600525023844,0.2996507014911241,0.26072989566524024,0.49227122840892507,0.29537440454573316,0.0,0.1663870348713547,0.3072213724936957,0.3681735274070358,0.3978762014263371,0.07974094527266298,0.0,0.0,0.0,0.03948520935887734,0.22292536999627133,0.3854323600525474,0.31386560557307547,0.04059167841655699,0.19897923979107618,0.0,0.03491898826314409,0.3005369459834493,0.19996592516473916,0.026728381579301703,0.0,0.17643403419647496,0.15760978834149064,0.20260925158988827,0.023552734397667426,0.2048219354218925,0.11305312696743054,0.14839977650069197,0.03043585499716871,0.2472727318287103,0.08848554643438412,0.4035511965077688,0.3855208454458387,0.13130802749653614,0.3034535787803609,0.32822298824403007,0.33875459634926885,0.2645211109828306,0.33614659739609,0.25069227334464717,0.04783358968086006,0.27821699544606915,0.18022357982991427,0.42177564064888046,0.3407644075911161,0.5040284845676275,0.0,0.3532285705602055
0.14399877965055474,0.24098983304392135,0.13105590382550789,0.0,0.0,0.10822187991818984,0.13883312279780236,0.0,0.1389126813548994,0.23365818942686234,0.12997653766494216,0.18112479631382103,0.2716247517484746,0.0,0.1479856552224108,0.056763435284888426,0.19598779186228027,0.2921599346905862,0.20206181496062392,0.26437135767082787,0.0,0.3453695069608959,0.0,0.26572827023899315,0.3926628945476935,0.25454120359230314,0.1248415330101234,0.40327893640398327,0.1663870348713547,0.0,0.054224948412927756,0.13570667014186077,0.20649491767965855,0.0,0.0,0.04073777367453971,0.0,0.03959960164640819,0.2311828281977408,0.12246791910781986,0.13911862224163066,0.0,0.27313582719023044,0.13190920207544016,0.13907369691603338,0.08795648028919044,0.2757662285683201,0.3028165731131114,0.09542341965049349,0.10835683463010526,0.12978006850812396,0.09025449374354566,0.040080082566276515,0.1900322972226375,0.1545073039414851,0.13976155920473304,0.21769183648972648,0.2998748992390707,0.13283273591667655,0.09076504699090182,0.3289076908194624,0.17262251231211173,0.257678962829523,0.34597738999157407,0.16384520721882936,0.0,0.3553666864506218,0.05121297066302239,0.17832847121079234,0.3392688924393833,0.33914012580731706,0.12398792336203625,0.4730964792513043,0.23599288775069127,0.3328141396516146,0.38348924253163635
0.6397381257844095,0.0,0.0,0.3311246738244988,0.0,0.0,0.36860698935462555,0.41184172156967713,0.0,0.0,0.0,0.0,0.16924194581970264,0.0,0.1741675027186089,0.4687161507948477,0.0,0.0,0.0,0.20979769748366422,0.5272869237839378,0.12002093528076561,0.3116990133855486,0.0,0.0,0.0,0.0,0.4808487607863546,0.3072213724936957,0.054224948412927756,0.0,0.0,0.0,0.642784965860311,0.48397626453061715,0.4127893136842745,0.36018785234158934,0.1598790271081068,0.0,0.19954743442019457,0.0,0.31602317943511404,0.0,0.14828390641041958,0.02418871043189166,0.5011281481210781,0.0,0.0,0.059931896962158476,0.025577875412299278,0.0,0.2976616236120555,0.30314217695780776,0.034390680734939255,0.05730820190626242,0.0,0.0,0.0,0.0,0.23845720033332504,0.0,0.0,0.0,0.0,0.0,0.5949994251056989,0.0,0.3239139745121334,0.0,0.0,0.0,0.0,0.0,0.0,0.0,0.0
0.0,0.37108743724334886,0.0,0.0,0.0,0.31663091929146475,0.0,0.0,0.09677605233249038,0.1844005805156356,0.17477939569354967,0.26937556938379603,0.21688871246334468,0.0,0.13718185966262594,0.0,0.43632374632443266,0.40448771033830394,0.2878544887162182,0.14423451976647073,0.06617127502404206,0.3461129391462515,0.0,0.4151626840229113,0.45270454498998913,0.48120845574248833,0.11568124601206607,0.0,0.3681735274070358,0.13570667014186077,0.0,0.0,0.428372406896583,0.0,0.0,0.0,0.0,0.0,0.6477454608425569,0.25227474734099803,0.43331507381448736,0.0,0.15406868444034696,0.03995660727132368,0.0,0.058406545787476706,0.14527076019590476,0.20651805667289608,0.0,0.0,0.19786794645734163,0.0,0.0,0.0,0.0,0.03946270138900706,0.15110978089842114,0.12589750492268567,0.06860781910972209,0.04566675967362696,0.5389517619815282,0.15879331266395624,0.40966042621501997,0.34359971874634077,0.45435866951673676,0.0,0.5463349359978723,0.0,0.45337247521860313,0.35819671924018043,0.32276321231327393,0.35207446608455334,0.3690447911172696,0.39044549434041004,0.35126547570493777,0.5861271690049333
0.02550821776343865,0.37153189840730283,0.0,0.0,0.0,0.23051685615681328,0.0,0.0,0.06043842982198219,0.21340798787873086,0.04855958815407425,0.11203238546637603,0.22766070271573033,0.0,0.279337737179562,0.0,0.28074602005400395,0.3421876282290288,0.24705577535147588,0.09409290344759798,0.1676511159086788,0.33147398960330965,0.0,0.22730762260689313,0.3896410869592326,0.29531320345275996,0.06369025346256861,0.11208560308663064,0.3978762014263371,0.20649491767965855,0.0,0.428372406896583,0.0,0.0,0.0,0.0,0.0,0.005647642400371442,0.5137632261977295,0.3354136421338799,0.4289383933860714,0.0,0.1477305300244094,0.014356334971983095,0.08009288475946633,0.09693081973717475,0.16417426550085315,0.02479740998244364,0.0,0.021663750147867547,0.1184020643415705,0.0,0.0,0.0,0.0,0.03794001924357303,0.08707978917946319,0.22401482181662602,0.05663238964994612,0.12673626921637568,0.4408673263388699,0.1908245185589639,0.34537359913481475,0.36845680869522524,0.2679793304284618,0.02965831945771315,0.49542474313541246,0.0,0.19634593871170225,0.3247887665397509,0.2652691938528767,0.1554089949454121,0.40218619093671404,0.33671420519728396,0.2040933593733577,0.5057499714427263
0.3955029559397761,0.0,0.0,0.5672214419757422,0.0,0.0,0.28170599650231504,0.2820218966669287,0.0,0.0,0.0,0.0,0.0,0.07384606191572665,0.023077294863260062,0.26955472309092915,0.0,0.0,0.0,0.08468388560953569,0.37393547833554164,0.0,0.043883327640690216,0.0,0.0,0.0,0.0,0.2191507032260305,0.07974094527266298,0.0,0.642784965860311,0.0,0.0,0.0,0.7195939147344321,0.37879639424162526,0.23430425267829336,0.3188230580333832,0.0,0.07064994855157095,0.0,0.43940874060784607,0.0,0.14731328775221286,0.0,0.3265252604787778,0.0,0.0,0.1515042747573025,0.0,0.0,0.05061325477846789,0.14277640585886608,0.0,0.0,0.0,0.0,0.0,0.0,0.0,0.0,0.0,0.0,0.0,0.0,0.4296600709969785,0.0,0.0,0.0,0.0,0.0,0.0,0.0,0.0,0.0,0.0
0.3791381809808561,0.0,0.0,0.5924103634671618,0.03187702741891981,0.0,0.26886780793864223,0.3272795036333909,0.0,0.0,0.0,0.0,0.0,0.1309836902017727,0.0,0.2668221250721655,0.0,0.0,0.0,0.0,0.39981602395515514,0.0,0.16798652910747067,0.0,0.0,0.0,0.0,0.08206600384625362,0.0,0.0,0.48397626453061715,0.0,0.0,0.7195939147344321,0.0,0.3405143983802593,0.3238622055618987,0.2876862373733137,0.0,0.0,0.0,0.4921709824428919,0.0,0.0356945088014565,0.0,0.28849764839455067,0.0,0.0,0.1215423876989696,0.0,0.0,0.0,0.230004161810314,0.0,0.0,0.0,0.0,0.0,0.0,0.020592181974830794,0.0,0.0,0.0,0.0,0.0,0.4325471844171562,0.0,0.1426420264494129,0.0,0.0,0.0,0.0,0.0,0.0,0.0,0.0
