0.0,0.12968277197415726,0.0,0.17811275048684574,0.0,0.07924838479755755,0.416308786113704,0.436412948919518,0.10095244465619484,0.07168445380019302,0.0,0.0,0.19766662378519484,0.0,0.3025214155749431,0.4402337016398285,0.0,0.0,0.09513024732640116,0.2486955433161404,0.5887071004445918,0.24098182869965928,0.3894320704368061,0.0,0.0,0.0,0.1307983434055782,0.5234685978587676,0.38032595774850336,0.14126141521349495,0.6427513583416619,0.0,0.038134416133613895,0.39765093242863997,0.33682897270898937,0.3447907521433693,0.2161422994698884,0.1357930408276347,0.0,0.340988263365899,0.0,0.1723208279185081,0.0535702876844475,0.13444743858799826,0.11468670510665697,0.6988234338440501,0.1558979840288837,0.0,0.0,0.1152392847105576,0.08397279626782181,0.3362383132818964,0.46014426348465964,0.21325779428130132,0.13384346636522657,0.0,0.09482358579519144,0.10295802754039675,0.044311994975083105,0.3188045958958604,0.0,0.05274051415693046,0.0,0.0,0.0,0.677329197396511,0.0,0.4432530781252928,0.0,0.0,0.06285022253863803,0.0,0.0,0.0,0.0,0.0
0.12968277197415726,0.0,0.12635368240954747,0.0,0.20595407182416706,0.7416780795769609,0.29346736546826785,0.27652006228708503,0.28284319790040013,0.6018602942684415,0.2913912898233924,0.5798446973495135,0.5255453855544495,0.0,0.18153114979101878,0.26643624192522297,0.5776623843044548,0.569952379753155,0.2814274082307592,0.30049291901303987,0.12621570691887746,0.43030155779401347,0.30180394390469983,0.590100943566541,0.6323900382816589,0.7644771113241123,0.34064175389330953,0.22642508438460165,0.39649080175506224,0.2448978573816522,0.0,0.3809549751961445,0.3694109254338062,0.0,0.0,0.0,0.0,0.0,0.38917531099491565,0.38279609475683807,0.13713375275134673,0.0,0.1742553781520987,0.0,0.27954257294286716,0.03763822321061985,0.6289399872114824,0.3168549678009964,0.0,0.05841906605907946,0.48698881512777703,0.0,0.27367391097796373,0.29655984291714904,0.4516465013038565,0.38143065330397724,0.5227685540635116,0.5015856669884207,0.18041236521816162,0.18198738445176196,0.46797409901003373,0.4739779376697027,0.40734667647706757,0.5120177164158959,0.3295478134219927,0.05120339419784849,0.35902670169390904,0.2719286600446842,0.5220213644774239,0.5504177433774112,0.7335376950676376,0.21188217772138992,0.35702214542661614,0.27606036469539547,0.3173013035073872,0.30049328766689143
0.0,0.12635368240954747,0.0,0.0,0.3071720572717078,0.36049910723623363,0.13242853854266262,0.14116016434106815,0.7018227790693676,0.2357896913373251,0.6609281960721028,0.2758204294525275,0.06465089614351545,0.0847089190882239,0.35941750049715043,0.08464272367900166,0.17434856256156314,0.07493203019200989,0.5638739203931786,0.47598461221646116,0.0,0.3619711042715803,0.21107171613873998,0.19880695438536677,0.20114250858186355,0.17876529119815587,0.6632905304927081,0.02907580799004428,0.08481715647917645,0.1318828440019294,0.0,0.0,0.0,0.0,0.0,0.0,0.0,0.017388021452009073,0.004470862880131342,0.0842737678904365,0.0,0.0,0.10181912850193206,0.018414890567088518,0.048510673437706896,0.0,0.12057869603472472,0.7915976283342033,0.017593277592490263,0.21923094995787812,0.39420366410650765,0.15759105287101408,0.07189176311729865,0.6743812499690952,0.29643306863606583,0.6348183152160182,0.20258932051787182,0.1367858519567139,0.1868452333156952,0.40224694269138955,0.13111492457879043,0.06390213339874062,0.012176327365937446,0.5633602427055543,0.524780588231351,0.0,0.2866616172743474,0.26788423478883994,0.15796418910850202,0.19058596410381126,0.14733092323230151,0.4993224103294349,0.1522865696394026,0.20926536616022035,0.12056001020138117,0.06347380100895143
0.17811275048684574,0.0,0.0,0.0,0.22165003450734871,0.0,0.2681911702874731,0.2918789782504928,0.0,0.0,0.0,0.0,0.0,0.2692712799541115,0.0,0.20322200137271204,0.0,0.0,0.0,0.044569044571630946,0.2882948612578508,0.0,0.12766221154120677,0.0,0.0,0.0,0.0,0.0,0.0,0.0,0.31119704000313314,0.0,0.0,0.5504327698421944,0.5894592365540761,0.28572280233610226,0.24840498477147985,0.21903979177769947,0.0,0.0,0.0,0.3953999738924938,0.0,0.0,0.0,0.1071903104915176,0.0,0.0,0.08260087763721845,0.0,0.0,0.0,0.21037408748898004,0.0,0.0,0.0,0.0,0.0,0.0,0.0,0.0,0.0,0.0,0.0,0.0,0.34015642776736654,0.0,0.08394680541891984,0.0,0.0,0.0,0.0,0.0,0.0,0.0,0.0
0.0,0.20595407182416706,0.3071720572717078,0.22165003450734871,0.0,0.15440759426023945,0.19382186266007587,0.026972381713965658,0.0768697796831909,0.0,0.29707220933078476,0.24268610633985047,0.0,0.5230512642168776,0.0,0.0,0.09574411176342222,0.0650291549836028,0.10756087862338069,0.17909620715307445,0.0,0.12948231331556206,0.0,0.12315538770303436,0.08188854340971721,0.19974153745839404,0.11633001693217686,0.0,0.0,0.0,0.0,0.0,0.0,0.0,0.0343327856977464,0.025522262504276402,0.0,0.0,0.009499440884130026,0.0,0.0,0.008039635696549299,0.0,0.0,0.10169510207677304,0.0,0.12364474893255974,0.32908543095788395,0.11679384934121755,0.0,0.0,0.0,0.05096226061236017,0.07069756395864872,0.057935141422735134,0.3339171628586739,0.12786740889784975,0.0,0.0,0.0,0.0,0.0,0.0,0.1667147380584228,0.21282655665861197,0.0,0.11222021680100343,0.0,0.07500695348378414,0.09209545046201861,0.12329376830445815,0.0,0.0,0.0,0.06143134316515071,0.0
0.07924838479755755,0.7416780795769609,0.36049910723623363,0.0,0.15440759426023945,0.0,0.2604659336793383,0.4227443517698158,0.5775536271156165,0.5601590705158402,0.4420179830026494,0.6153753810063752,0.5434017325224364,0.021627284499983426,0.41574553603420633,0.0,0.5305108041984142,0.31880374741798456,0.4961549756333701,0.3688466587098781,0.1879227251994782,0.25339208474928954,0.594647642843782,0.6047495494160273,0.4565271167217324,0.7425799990428019,0.5838444486969584,0.20410625620633005,0.43834126338582197,0.11801045804067876,0.0,0.3309148500132501,0.22746819151429507,0.0,0.0,0.0,0.0,0.0,0.34191238200834406,0.27757405258520745,0.17408311636724946,0.0,0.25865454008426475,0.0,0.20166874598165602,0.0,0.5147092563417395,0.4025341922746116,0.0,0.18678847511017457,0.7049190664659878,0.03536896272802885,0.46229424611757536,0.48608115927149503,0.42671689097997023,0.5096252936012504,0.6354109885168636,0.4920306506789465,0.24728094106910373,0.44023016670406234,0.2863531464758144,0.44159022448555424,0.3128219685071211,0.6184461755011637,0.4648359871148219,0.0,0.3526812095377156,0.5561434280551614,0.5434587154661372,0.3660520554627391,0.6617217562111429,0.3986186611938683,0.2523358201551486,0.23541629524890537,0.17030388793937254,0.2076700534117112
0.416308786113704,0.29346736546826785,0.13242853854266262,0.2681911702874731,0.19382186266007587,0.2604659336793383,0.0,0.43892074707428796,0.16017731333897883,0.22493257294821992,0.1499831201813351,0.09062855793672471,0.4289663334327694,0.0,0.18505592089167922,0.3782492195626217,0.0,0.03687646163070621,0.039511657195763,0.35495956924616795,0.3597534097794302,0.1547577836026331,0.37990490927919146,0.0,0.0,0.050353696575366876,0.2573688892060212,0.4226447019803993,0.32110120199916736,0.1530200958919883,0.3607727571809546,0.0,0.0,0.27085088315542544,0.23214637575168215,0.1537634797389864,0.2048466306168954,0.117108554922106,0.0,0.2099768111124721,0.0,0.08685573854534906,0.0,0.0471428612637699,0.06850988926934466,0.24686342321262636,0.2953813900777962,0.0,0.13155139370174887,0.13430557304861743,0.3149102289672683,0.3524710361962108,0.41956177895299257,0.31646025149138346,0.40333788046489705,0.13167274970628817,0.21174708296942846,0.3325915748100808,0.0,0.17787879804954113,0.0,0.15643758316969888,0.0,0.06021326357370567,0.0,0.29953872332552606,0.0,0.4383183440248136,0.0,0.00013892926684384749,0.22067259985290477,0.0,0.0,0.0,0.0,0.0
0.436412948919518,0.27652006228708503,0.14116016434106815,0.2918789782504928,0.026972381713965658,0.4227443517698158,0.43892074707428796,0.0,0.23349460662192367,0.12674024301067396,0.2680700948804065,0.3097988862056346,0.15422283113129,0.1612917996419454,0.32509650097408294,0.2776626932146515,0.0,0.0,0.0,0.28289002712770667,0.5131134469958571,0.008269402220112541,0.7924384308109889,0.05750017733362915,0.0,0.08307097032319936,0.22603394671232369,0.2889297818523373,0.05876329614952892,0.0,0.39324885375682594,0.0,0.0,0.27262097820707,0.31053451936513216,0.2677314893724758,0.1235453628072456,0.2949381895576544,0.0,0.17503311437471866,0.0,0.07588335236332366,0.023536280663828544,0.1363750158919517,0.1608387533210671,0.2961333396084827,0.24484342714720764,0.0,0.06695723914682579,0.0,0.37604741283827997,0.11682315448228286,0.7630185759242778,0.29722572567186983,0.2859805731681107,0.10820441646484277,0.42561398371953896,0.1395898061470437,0.06168216999432539,0.4209209209697988,0.0,0.04614990808053594,0.0,0.0,0.0,0.47045561529825153,0.0,0.7077743638704322,0.021129582577006995,0.0,0.16746480412291845,0.0,0.0,0.0,0.0,0.0
0.10095244465619484,0.28284319790040013,0.7018227790693676,0.0,0.0768697796831909,0.5775536271156165,0.16017731333897883,0.23349460662192367,0.0,0.38972489535304794,0.7228906726813925,0.2711617343261927,0.3360331745176714,0.0,0.5240326931083816,0.038132003946488954,0.27082158150369995,0.048116131756309244,0.6224208725866486,0.3680047524757489,0.0,0.33934110074578405,0.42828340795753667,0.26259825659360647,0.38110682922385286,0.29328307348694427,0.7048231935165482,0.21658772684630034,0.31547742700213516,0.13847523753133362,0.0,0.1067085470096063,0.05658746155913904,0.0,0.0,0.0,0.0,0.0,0.11448560506308034,0.2554769072918097,0.19459874558715126,0.0,0.16140509447071502,0.0,0.07836541695465207,0.0,0.3447466416538138,0.6272124348151241,0.0,0.28223884233076657,0.6082252647825349,0.2556607514100082,0.21756758595388476,0.8899359990829826,0.4263854646371539,0.7767346864925905,0.33502709599039593,0.36989490994844637,0.17476766129576557,0.5500251227233002,0.23885395585345046,0.2876272999061704,0.09661846264107392,0.6622114645426813,0.4794311835458134,0.040137449597165406,0.4164631170363304,0.5113008084783109,0.2624400060244572,0.29393322221391127,0.30060988204776323,0.49432778375150255,0.22113583306753679,0.3590170277837347,0.16972116027441525,0.181102603032728
0.07168445380019302,0.6018602942684415,0.2357896913373251,0.0,0.0,0.5601590705158402,0.22493257294821992,0.12674024301067396,0.38972489535304794,0.0,0.307582792165635,0.6368000060558874,0.586394043721353,0.0,0.23235210396740955,0.22953536841597602,0.6694718830688662,0.5471169147668667,0.3430788427910641,0.16468360988832678,0.0,0.19694797862828134,0.2136364263611413,0.5594154338598761,0.6308618177557852,0.6485722858701838,0.3592504360947785,0.3275392201527593,0.22482101495891083,0.2402461544016073,0.0,0.19131790554872352,0.20721772365668842,0.0,0.0,0.0,0.0,0.0,0.2535809890738353,0.2420838600291089,0.177147379207636,0.0,0.16329039876932505,0.015393776040067133,0.16195575445946803,0.03215030074156223,0.5046944782215588,0.4570939134191394,0.0,0.2358171520163014,0.4959344556136554,0.12409134160160516,0.14488787622545754,0.42884972078166905,0.6591935592161096,0.44582904914764937,0.6109408689519762,0.5384395062886643,0.20844366908340253,0.22604114449428545,0.4211087709169822,0.6924274780091688,0.3979076304327416,0.5415397415615497,0.318421421552285,0.0,0.3571220760103414,0.26197211510728674,0.4713828345366879,0.5678578139350566,0.6452933489134226,0.278077583639098,0.42508458840620794,0.2884913495972432,0.3058115816679218,0.317322208315806
0.0,0.2913912898233924,0.6609281960721028,0.0,0.29707220933078476,0.4420179830026494,0.1499831201813351,0.2680700948804065,0.7228906726813925,0.307582792165635,0.0,0.38351552098255876,0.18875789464060538,0.16656260479407461,0.40277982372685067,0.05184786807871342,0.25653126728499065,0.0568808901452923,0.5838860520313575,0.3536462076280063,0.0,0.3895562247471637,0.30777636945253184,0.21438682316371716,0.26258781026390227,0.2349823343334673,0.533894637465075,0.07454739474188735,0.2511533734263522,0.15047095563362042,0.0,0.18474788983747506,0.04033951003372515,0.0,0.0,0.0,0.0,0.0,0.20689172638526326,0.2134827280116074,0.1554586748303855,0.0,0.0888133706147723,0.0,0.0271236860859592,0.0,0.3371665255963422,0.6146397944749331,0.0,0.13620813357489364,0.3828618723390671,0.08971422976128968,0.1449346433783172,0.6439336930733613,0.3480326983975951,0.7455858842380639,0.3223849822069159,0.2511538993673008,0.1802703552207987,0.4334845936136771,0.25146754172048,0.16684754954136186,0.043358921578735395,0.5677183380639966,0.3978196018465825,0.0684996618187366,0.3460121255094554,0.3549130018678665,0.22119027814253897,0.2846155320811551,0.26221628081060466,0.39560983459897536,0.12398161430198931,0.2528638743261215,0.16019316614329832,0.181203314450775
0.0,0.5798446973495135,0.2758204294525275,0.0,0.24268610633985047,0.6153753810063752,0.09062855793672471,0.3097988862056346,0.2711617343261927,0.6368000060558874,0.38351552098255876,0.0,0.39256895093526617,0.12655065711442046,0.1372985669576209,0.0,0.6271240328216913,0.3622107993075852,0.2618773951970621,0.2876385661383297,0.0,0.1501115942906798,0.3188444911655724,0.6794561535920918,0.4497761953099633,0.6949246127028452,0.21547922297395936,0.11840863081767679,0.03381743387913425,0.18251902462317982,0.0,0.27274515083217393,0.10313026592857723,0.0,0.0,0.0,0.0,0.027472874775058782,0.29680564460786846,0.12505993289442988,0.08610742696481209,0.0,0.12949151035895454,0.1588960287228701,0.17567418117114306,0.0,0.4264485657451904,0.43149511116260547,0.01553433022817633,0.03619457709525169,0.38567435432040925,0.0,0.25947000068243126,0.22681019938565583,0.5434795756703458,0.39723291596424637,0.7750747336913196,0.32732058221551247,0.17304931131229262,0.15426254169892742,0.18893379797427334,0.4747429898630914,0.23117128069538156,0.4241644356658504,0.3312747480210643,0.0,0.23621689764352646,0.2235355105657464,0.5563259775459976,0.32543220548973883,0.6046785088235767,0.1761218422356906,0.19544475765135227,0.0,0.31097875170907974,0.19037353872074425
0.19766662378519484,0.5255453855544495,0.06465089614351545,0.0,0.0,0.5434017325224364,0.4289663334327694,0.15422283113129,0.3360331745176714,0.586394043721353,0.18875789464060538,0.39256895093526617,0.0,0.0,0.2676767679610513,0.25307620061481395,0.4948286904527623,0.43208636234708814,0.22275074809764056,0.27124665995812597,0.1318695229530833,0.2366420268482324,0.30877379461321147,0.3519556813900107,0.4064906173537029,0.5442540606175443,0.26588363160835277,0.5901833838994447,0.483648108565956,0.29438253823344546,0.16875881339163665,0.23616287074897507,0.2268412219101605,0.0,0.0,0.0,0.09994409368874034,0.0,0.20604512715367082,0.2741421222743159,0.11095828985456738,0.0,0.2599771413125081,0.05919394502140793,0.09340193827739807,0.14142910788042806,0.38375792262942593,0.2127267090814721,0.094172269519485,0.3803766320447166,0.44662414571939824,0.36400384905671035,0.2168034313556709,0.41364737991493744,0.48960649674773815,0.2804371569073417,0.4581899458969805,0.6524737285089162,0.19524497522944,0.24725981864390478,0.3173581148353658,0.5153416346165804,0.364520684446854,0.3790108880887091,0.24995628652624804,0.046095186459577976,0.188622764176002,0.3450580844496414,0.360314277847741,0.3464146991595325,0.5230591452782652,0.16150424402822022,0.39988466601245853,0.33698387098460025,0.2143485171969311,0.28136276655557035
0.0,0.0,0.0847089190882239,0.2692712799541115,0.5230512642168776,0.021627284499983426,0.0,0.1612917996419454,0.0,0.0,0.16656260479407461,0.12655065711442046,0.0,0.0,0.03660372885701684,0.0,0.0,0.0,0.0,0.0,0.0,0.0,0.12582254056272624,0.0,0.0,0.0,0.027726723410157913,0.0,0.0,0.0,0.0,0.0,0.0,0.06524959429518204,0.11941606236990224,0.03380265109768646,0.0,0.23756524673747428,0.0,0.0,0.0,0.0,0.0,0.0,0.03040841011615522,0.0,0.0,0.0,0.0,0.0,0.0,0.0,0.11054560840745982,0.0,0.0,0.1113131918022659,0.05616789149865512,0.0,0.06717835549699794,0.05706096130293805,0.0,0.0,0.0,0.0,0.02367996355386303,0.03437667310373178,0.0,0.06258866098976355,0.0,0.0,0.0,0.013633333111314231,0.0,0.0,0.0,0.0
0.3025214155749431,0.18153114979101878,0.35941750049715043,0.0,0.0,0.41574553603420633,0.18505592089167922,0.32509650097408294,0.5240326931083816,0.23235210396740955,0.40277982372685067,0.1372985669576209,0.2676767679610513,0.03660372885701684,0.0,0.13684564907039837,0.026771357643998402,0.0,0.44425437478879426,0.5386685519931043,0.3156885366765187,0.42777933943115193,0.45742453197119654,0.0,0.0,0.04832991950423601,0.6139262968005427,0.20770343794267843,0.5076482788757619,0.15386210770500844,0.17150222093471895,0.14371268950159857,0.2771283323255984,0.016187442108985806,0.0,0.0,0.0,0.010866906237542277,0.08144927358446363,0.20751882789890966,0.09217679504112614,0.0,0.10436991717520933,0.0,0.0,0.22447633476531495,0.1090941725530849,0.1835608803024487,0.0,0.0,0.35218617437053956,0.14996046936381185,0.2437098237696217,0.44226368168232927,0.15528900538413082,0.260377186431672,0.11120803566580689,0.1284590065599577,0.05934243285706932,0.6814902934922811,0.11090728900648086,0.09763288027784085,0.0,0.32153672272421663,0.3179056027064019,0.2978995588125688,0.24210143314377322,0.5322416783513197,0.0,0.0,0.0341991787675855,0.44746400529210756,0.06092348129094928,0.30386612326417295,0.0,0.09101260208524765
0.4402337016398285,0.26643624192522297,0.08464272367900166,0.20322200137271204,0.0,0.0,0.3782492195626217,0.2776626932146515,0.038132003946488954,0.22953536841597602,0.05184786807871342,0.0,0.25307620061481395,0.0,0.13684564907039837,0.0,0.0,0.11333998923177797,0.0,0.08264715407871866,0.1585881747899665,0.27386722477637165,0.18308417739636806,0.0,0.0,0.0,0.1924371363865074,0.36964283644744084,0.1680975742062452,0.04659120936842845,0.45733703458083436,0.0,0.0,0.253352259194776,0.23343205539064865,0.3073691689583134,0.24781758402943915,0.0,0.0,0.19152417061578986,0.0,0.0749054170982668,0.0,0.1614077661883339,0.04798762798677405,0.3329929740390251,0.2228384579845492,0.0,0.020201124828067085,0.07153272069434483,0.1892420941030215,0.44554608044422084,0.16530583188996945,0.275997745739418,0.3647987444348599,0.0,0.06750684879960023,0.2447220195491352,0.06785030788402244,0.19145928249064995,0.060229235062481165,0.22239229239166475,0.0,0.0,0.0,0.32116758542818713,0.0,0.24719590377413664,0.0,0.0,0.10785876662147212,0.0,0.0,0.08816668112647244,0.0,0.0
0.0,0.5776623843044548,0.17434856256156314,0.0,0.09574411176342222,0.5305108041984142,0.0,0.0,0.27082158150369995,0.6694718830688662,0.25653126728499065,0.6271240328216913,0.4948286904527623,0.0,0.026771357643998402,0.0,0.0,0.7143662825511388,0.31519472203683707,0.0,0.0,0.1723282450805176,0.0,0.7096694970919196,0.7803931881896973,0.7962433743471351,0.1871725372224151,0.0,0.19476722252891845,0.19830488534232132,0.0,0.44147137501900735,0.27890341779660077,0.0,0.0,0.0,0.0,0.0,0.5588331961574405,0.13008523408214856,0.3825256826283111,0.0,0.15313349590649797,0.0,0.07974229007923564,0.0,0.39104834996576776,0.5451575759790737,0.0,0.28885817597649266,0.4048350042676219,0.0,0.0,0.19475578469304117,0.3359762568194219,0.38053363433306087,0.5120544965656346,0.45004438261032736,0.25579226884013917,0.07359571298051534,0.5864943344992123,0.5976650244427291,0.5721166232465659,0.5631287377190912,0.5070397835123169,0.0,0.5450286466571379,0.0,0.6648066320391084,0.6408185534561384,0.6447726492418592,0.4183738480889562,0.5484189416960098,0.3692264193348373,0.4794737189384145,0.5283187092502467
0.0,0.569952379753155,0.07493203019200989,0.0,0.0650291549836028,0.31880374741798456,0.03687646163070621,0.0,0.048116131756309244,0.5471169147668667,0.0568808901452923,0.3622107993075852,0.43208636234708814,0.0,0.0,0.11333998923177797,0.7143662825511388,0.0,0.19722945137721842,0.00726789011651048,0.0,0.28448736931167257,0.0,0.578406986580842,0.826434221006822,0.6910491586960995,0.12156388502446391,0.08643717060005496,0.22091490931229865,0.27997402510911557,0.0,0.41231881178800506,0.33811367419188026,0.0,0.0,0.0,0.0,0.0,0.5511382866617142,0.23646303247326309,0.3700790316996879,0.0,0.14117603222557554,0.0,0.13174770010296338,0.0,0.3717759322265482,0.47380783417492484,0.0,0.1906577382423781,0.267427831631092,0.005887044300077385,0.0,0.057254026973736744,0.22474473802606282,0.17527658666146154,0.30271602352025867,0.4229647740487713,0.22632902851680117,0.0,0.709279312328742,0.5392827317783613,0.7607758745742957,0.5352350871865265,0.4530297729777155,0.0,0.5664739301153812,0.0,0.5523103013897817,0.7504326510833018,0.6056404378798498,0.27244059961681755,0.7013325187373708,0.43869530249031685,0.4415908611966381,0.5645730335844702
0.09513024732640116,0.2814274082307592,0.5638739203931786,0.0,0.10756087862338069,0.4961549756333701,0.039511657195763,0.0,0.6224208725866486,0.3430788427910641,0.5838860520313575,0.2618773951970621,0.22275074809764056,0.0,0.44425437478879426,0.0,0.31519472203683707,0.19722945137721842,0.0,0.3118071423002908,0.0,0.5089752091959207,0.20631300135385108,0.32587000433674046,0.4564825353312801,0.29613553738534515,0.5411054930990947,0.08606190231243299,0.45606030111787843,0.207834071769771,0.0,0.29374119239802116,0.2408439228095284,0.0,0.0,0.0,0.0,0.0,0.39633191904638226,0.2741179386934399,0.436266897466522,0.0,0.2223421807849928,0.0,0.07168243036260678,0.0465702058892021,0.2713523265561515,0.49684090399901587,0.0,0.17607565689101623,0.3864378864486322,0.1018999123297234,0.03178684385806604,0.4423809502076978,0.23958611811585828,0.5784005422374529,0.20742486173848468,0.2787617613522659,0.17785509460169718,0.3856168192005763,0.43957828362484197,0.2578886671297999,0.27199999056025226,0.7062781525832206,0.5110792080370882,0.0,0.5799271764959189,0.2840383432217854,0.23734534202002858,0.43238971817569594,0.3019437077461249,0.4987559425117262,0.3665813315963805,0.4559382943230109,0.2274686295331805,0.4375593026488043
0.2486955433161404,0.30049291901303987,0.47598461221646116,0.044569044571630946,0.17909620715307445,0.3688466587098781,0.35495956924616795,0.28289002712770667,0.3680047524757489,0.16468360988832678,0.3536462076280063,0.2876385661383297,0.27124665995812597,0.0,0.5386685519931043,0.08264715407871866,0.0,0.00726789011651048,0.3118071423002908,0.0,0.125964488541106,0.5939035927550451,0.19012139640560138,0.22322266165416219,0.0441951745977269,0.23479438826625598,0.42791774508870556,0.303662434906086,0.29366405608057095,0.2641087548197862,0.20446170880604445,0.15194574358926977,0.08378099905469326,0.07914795273222383,0.0,0.10334744265241899,0.0,0.05323775864694922,0.08084940053182076,0.1989032216552567,0.0,0.0,0.16186226478986157,0.20468359794504476,0.15236313901833165,0.0,0.15027036726172815,0.3553443140760772,0.0,0.0,0.22503722570393744,0.0,0.301185582061426,0.35292097336846057,0.3138658332251196,0.3080186983415219,0.24746888207637677,0.11263519890907811,0.0,0.3602113780699758,0.07587854225489786,0.10148318078549479,0.02861980795848677,0.3041272285852246,0.5224002629262071,0.09044575992239087,0.22684708011181662,0.2583888951055744,0.13887209838654221,0.05398504735632216,0.20406810676211254,0.2267507175067393,0.14921149866504324,0.09437955617192449,0.0942825182283595,0.13558907079988414
0.5887071004445918,0.12621570691887746,0.0,0.2882948612578508,0.0,0.1879227251994782,0.3597534097794302,0.5131134469958571,0.0,0.0,0.0,0.0,0.1318695229530833,0.0,0.3156885366765187,0.1585881747899665,0.0,0.0,0.0,0.125964488541106,0.0,0.10705502798084866,0.5062286077869136,0.0,0.0,0.0,0.09726279255785616,0.24818653284751038,0.34613486053725806,0.0,0.5254893847573476,0.08378472733196503,0.17803558718980783,0.3733112976014543,0.36861032536590216,0.2191575009183267,0.13720690666979451,0.08291987646456579,0.0,0.23775829323536746,0.0,0.24805948112362933,0.0,0.05246117796920981,0.017472500090184362,0.4886085085488305,0.10970430216347876,0.0,0.03837753448161729,0.0,0.12003328496019686,0.15106033665527835,0.4631993676564593,0.0,0.0,0.0,0.02507798920651338,0.06615356450233721,0.0,0.3234362022124264,0.0,0.0,0.0,0.0,0.0,0.7025721114683166,0.0,0.5022155407386528,0.0,0.0,0.0,0.0,0.0,0.0,0.0,0.0
0.24098182869965928,0.43030155779401347,0.3619711042715803,0.0,0.12948231331556206,0.25339208474928954,0.1547577836026331,0.008269402220112541,0.33934110074578405,0.19694797862828134,0.3895562247471637,0.1501115942906798,0.2366420268482324,0.0,0.42777933943115193,0.27386722477637165,0.1723282450805176,0.28448736931167257,0.5089752091959207,0.5939035927550451,0.10705502798084866,0.0,0.061138579833395476,0.24114378549082943,0.3638757768379759,0.2513164821146273,0.43827095189957654,0.2508910805033756,0.47003798138405306,0.34575886145761486,0.11956966530699205,0.3544028762323042,0.3287055820527974,0.0,0.0,0.0,0.0,0.0,0.267609291827937,0.29127078202659074,0.22198926632126892,0.0,0.12989813160319136,0.10936322695209719,0.11072277190178667,0.049244736072696776,0.22304231558100293,0.4153481361796138,0.0,0.1685435137720863,0.19075672556571732,0.17011191245981924,0.0,0.31540290547351724,0.18784017840554826,0.39344320166217217,0.13114305351143304,0.15876157339457297,0.17460085043839307,0.2645795956202637,0.4284741131543186,0.13304630692510894,0.23148946618116886,0.5113092589259466,0.4388372261022657,0.06505319171979962,0.4768221902253658,0.16374892855778836,0.1948533922269985,0.2964113956233331,0.23542921249074894,0.3316701781502692,0.3812902526703654,0.3587132173648041,0.29791271297756056,0.4000729576578778
0.3894320704368061,0.30180394390469983,0.21107171613873998,0.12766221154120677,0.0,0.594647642843782,0.37990490927919146,0.7924384308109889,0.42828340795753667,0.2136364263611413,0.30777636945253184,0.3188444911655724,0.30877379461321147,0.12582254056272624,0.45742453197119654,0.18308417739636806,0.0,0.0,0.20631300135385108,0.19012139640560138,0.5062286077869136,0.061138579833395476,0.0,0.08873962915721804,0.0,0.1428323289630668,0.47948162439695646,0.2987699148893658,0.2780493164630091,0.0,0.30436282550393545,0.0,0.0,0.044671084774917484,0.15549308830946837,0.0942679950306026,0.06425719322794994,0.18136369980691625,0.0,0.1856016840251891,0.0,0.021006408998507604,0.027264434823393902,0.0,0.13189015125403195,0.2835484383552316,0.31010360556936567,0.0,0.0,0.10914603816475858,0.5935037396367828,0.2421626009156464,0.708714850771081,0.46392443177825704,0.2976099815847453,0.28003205941362497,0.42290126203300205,0.2914047410559791,0.10945563463464865,0.6089029650289646,0.0,0.09755706502252762,0.0,0.20389608102551646,0.0,0.5047627617023831,0.0,0.9163728615096524,0.046852708028747816,0.0,0.23355735512960857,0.20377496683685253,0.0,0.0,0.0,0.0
0.0,0.590100943566541,0.19880695438536677,0.0,0.12315538770303436,0.6047495494160273,0.0,0.05750017733362915,0.26259825659360647,0.5594154338598761,0.21438682316371716,0.6794561535920918,0.3519556813900107,0.0,0.0,0.0,0.7096694970919196,0.578406986580842,0.32587000433674046,0.22322266165416219,0.0,0.24114378549082943,0.08873962915721804,0.0,0.698473778958871,0.856531676026753,0.09977881053402156,0.05849444885380533,0.0017757377812943243,0.2670795560098397,0.0,0.39621529394284394,0.21712094686414343,0.0,0.0,0.0,0.0,0.0,0.5274078053014445,0.19156070852257615,0.3243319493164748,0.0,0.25387407272220536,0.07620451654713928,0.22173825365047942,0.0,0.4679978872833171,0.49237010737443165,0.08532893766031785,0.2193396424607681,0.41254080327270554,0.0,0.17232015045694674,0.19516478436497547,0.3652912985397433,0.3639165453033475,0.6397883371623225,0.4386852805270846,0.3097597233712101,0.0,0.49713877176578014,0.5334882964057204,0.5291637227690839,0.5982444393788998,0.48515379378384926,0.0,0.49358671732386966,0.06951032245910697,0.8203028241582151,0.5760427273868642,0.7862523749550404,0.18453072757269764,0.4698279256015094,0.15072906418009063,0.47401759893287526,0.5123963738327734
0.0,0.6323900382816589,0.20114250858186355,0.0,0.08188854340971721,0.4565271167217324,0.0,0.0,0.38110682922385286,0.6308618177557852,0.26258781026390227,0.4497761953099633,0.4064906173537029,0.0,0.0,0.0,0.7803931881896973,0.826434221006822,0.4564825353312801,0.0441951745977269,0.0,0.3638757768379759,0.0,0.698473778958871,0.0,0.7538081441297774,0.2948523162051192,0.06376709535925347,0.2768530177253446,0.3674546143348314,0.0,0.4589784763092492,0.3855532129610713,0.0,0.0,0.0,0.0,0.0,0.6063432839588525,0.27318622889869526,0.5006876945712843,0.0,0.23198455955173572,0.0,0.13810714268824498,0.0,0.5488552598079066,0.6045776355247846,0.0,0.2759987841975993,0.4115002288311353,0.009039376482017109,0.0,0.3144810247299318,0.3353037730691519,0.4522289979386999,0.3779059619293725,0.5151814388237785,0.21491056803372827,0.037890150888381414,0.8335574504290539,0.5849406730114547,0.770593646976303,0.7149025511986167,0.5840218106015621,0.0,0.762839867493477,0.0,0.632395596167076,0.9013577225945691,0.7171053664909397,0.45911768360703936,0.7049054638603427,0.6050171435725897,0.5576339550674646,0.6721224913210236
0.0,0.7644771113241123,0.17876529119815587,0.0,0.19974153745839404,0.7425799990428019,0.050353696575366876,0.08307097032319936,0.29328307348694427,0.6485722858701838,0.2349823343334673,0.6949246127028452,0.5442540606175443,0.0,0.04832991950423601,0.0,0.7962433743471351,0.6910491586960995,0.29613553738534515,0.23479438826625598,0.0,0.2513164821146273,0.1428323289630668,0.856531676026753,0.7538081441297774,0.0,0.20604116332232622,0.14874612006839574,0.25152938201121655,0.2565716083654263,0.0,0.4760580706065218,0.2925078685384384,0.0,0.0,0.0,0.0,0.0,0.5502623030147571,0.2869919079596584,0.34998917060885437,0.0,0.31771035001777137,0.007749186625427169,0.23482323057851304,0.0,0.5242210804333495,0.48706318287231387,0.028653764416644953,0.2178715545858304,0.39718412866186914,0.0,0.15567069851962964,0.23118832891159785,0.39839769344832643,0.4077011475683476,0.6189497420400203,0.47698278324854637,0.23034094776453634,0.05555505906742404,0.5018076294578693,0.5441328338026726,0.5825350147392817,0.6039297761752915,0.5380957508249204,0.0,0.5217386385380373,0.042764213895743114,0.7842583333756208,0.6165833755339684,0.8261209973257572,0.23248537837529717,0.5521813608394579,0.2354986521884503,0.4864507655207972,0.5235247063965522
0.1307983434055782,0.34064175389330953,0.6632905304927081,0.0,0.11633001693217686,0.5838444486969584,0.2573688892060212,0.22603394671232369,0.7048231935165482,0.3592504360947785,0.533894637465075,0.21547922297395936,0.26588363160835277,0.027726723410157913,0.6139262968005427,0.1924371363865074,0.1871725372224151,0.12156388502446391,0.5411054930990947,0.42791774508870556,0.09726279255785616,0.43827095189957654,0.47948162439695646,0.09977881053402156,0.2948523162051192,0.20604116332232622,0.0,0.10277879107329183,0.4910371994812095,0.12978516002080678,0.0,0.12474913222743167,0.05829238775975327,0.0,0.0,0.0,0.0,0.0,0.07123704113743348,0.23863401500812664,0.0,0.0,0.037760417971924934,0.0,0.046597658411953645,0.033546397116749685,0.264931676988297,0.579079461229359,0.0,0.2023435387832084,0.5751679972210307,0.2753780400856472,0.14882720480295275,0.7128568530598339,0.3444680463343296,0.5317270264581222,0.2009238940719756,0.2767945353499707,0.05863371694071491,0.5882234698986728,0.2741160706458333,0.18442172726934802,0.118708781477097,0.5764696687733085,0.5175126476363255,0.1549925154078091,0.3669315246336933,0.52669959361562,0.09358452310360096,0.28984522032894317,0.2043462349456359,0.696294045262283,0.1424834927949814,0.4626522758125665,0.03531593807888462,0.04056359531179371
0.5234685978587676,0.22642508438460165,0.02907580799004428,0.0,0.0,0.20410625620633005,0.4226447019803993,0.2889297818523373,0.21658772684630034,0.3275392201527593,0.07454739474188735,0.11840863081767679,0.5901833838994447,0.0,0.20770343794267843,0.36964283644744084,0.0,0.08643717060005496,0.08606190231243299,0.303662434906086,0.24818653284751038,0.2508910805033756,0.2987699148893658,0.05849444885380533,0.06376709535925347,0.14874612006839574,0.10277879107329183,0.0,0.28652586460031054,0.40829934803182905,0.46656793145893916,0.0,0.10853004559300491,0.2060149551959807,0.07683501083240153,0.2624030171633548,0.282359704526751,0.07264981264412922,0.0,0.3231035699928634,0.0,0.0,0.21214476053283102,0.16675669388838132,0.22240431766423602,0.30866311903130117,0.31641089515914944,0.0,0.17229065352539236,0.33657078948540603,0.18054468614532004,0.4817118404785462,0.28913821918024907,0.33184919745408775,0.3478987879051434,0.11421228342716169,0.2911399046653908,0.4676667249406098,0.12613227265814964,0.13682027547675354,0.01824701064561364,0.28606252690574935,0.06048113877733076,0.1424597147321084,0.0,0.3069613320175603,0.0,0.3291794455313144,0.0,0.08084610941749582,0.2556316459398886,0.0,0.31336579200308184,0.0,0.1191094427034945,0.0899553976383295
0.38032595774850336,0.39649080175506224,0.08481715647917645,0.0,0.0,0.43834126338582197,0.32110120199916736,0.05876329614952892,0.31547742700213516,0.22482101495891083,0.2511533734263522,0.03381743387913425,0.483648108565956,0.0,0.5076482788757619,0.1680975742062452,0.19476722252891845,0.22091490931229865,0.45606030111787843,0.29366405608057095,0.34613486053725806,0.47003798138405306,0.2780493164630091,0.0017757377812943243,0.2768530177253446,0.25152938201121655,0.4910371994812095,0.28652586460031054,0.0,0.16980632120375633,0.30284546994235745,0.3695290969767609,0.3930020456897028,0.07211888048735773,0.0,0.0,0.0,0.029155828551246304,0.2154617804243838,0.36478173948122444,0.275011616311059,0.03412635887669406,0.1972953767041612,0.0,0.03216054450605345,0.2994656181097873,0.19721911489451874,0.055447130524694535,0.0,0.17691211904844378,0.16379704151866226,0.20672981806845728,0.04208121257786498,0.21046009443874103,0.10170840107751289,0.14978969249266155,0.026541592667960495,0.24852469105171163,0.07326433511117705,0.3923079876721098,0.3697485274454323,0.13170074665124937,0.2982510175136919,0.32771777914179506,0.33312318233155713,0.26844280223213784,0.32326018415700525,0.25697093685512257,0.043366994223994045,0.2693980446421525,0.1842817262513765,0.40415633143933616,0.33261065718843186,0.48801412429832347,0.0,0.3374734042637329
0.14126141521349495,0.2448978573816522,0.1318828440019294,0.0,0.0,0.11801045804067876,0.1530200958919883,0.0,0.13847523753133362,0.2402461544016073,0.15047095563362042,0.18251902462317982,0.29438253823344546,0.0,0.15386210770500844,0.04659120936842845,0.19830488534232132,0.27997402510911557,0.207834071769771,0.2641087548197862,0.0,0.34575886145761486,0.0,0.2670795560098397,0.3674546143348314,0.2565716083654263,0.12978516002080678,0.40829934803182905,0.16980632120375633,0.0,0.057381045788595535,0.14225567541731343,0.20534273903005018,0.0,0.0,0.06061932105080716,0.0,0.04035750098145343,0.2344006245718571,0.11418271480050843,0.11390532258277455,0.0,0.28178737743850224,0.13782353632967823,0.12869055085298658,0.07916799878667961,0.2780054639985156,0.31353397936001326,0.09990089125725782,0.11960132863518008,0.13073055279058166,0.09808951021850047,0.056110632641661926,0.1912808030682601,0.1452078859095094,0.15999474133817843,0.21689687676530528,0.3183697751573792,0.1353820318717626,0.08676493507900769,0.31760514444850957,0.1666731244149818,0.24726525320421494,0.35989098403312747,0.1652050791200878,0.0,0.35437770293592874,0.055393457170178864,0.17458823464159295,0.3385430959035495,0.33935134275655904,0.1199926257754015,0.47988005049837523,0.2408046025792174,0.3492395423320058,0.3898890540840326
0.6427513583416619,0.0,0.0,0.31119704000313314,0.0,0.0,0.3607727571809546,0.39324885375682594,0.0,0.0,0.0,0.0,0.16875881339163665,0.0,0.17150222093471895,0.45733703458083436,0.0,0.0,0.0,0.20446170880604445,0.5254893847573476,0.11956966530699205,0.30436282550393545,0.0,0.0,0.0,0.0,0.46656793145893916,0.30284546994235745,0.057381045788595535,0.0,0.0,0.0,0.6275226321863954,0.4653255051056269,0.41765323495150725,0.352282686461739,0.1445907856272779,0.0,0.19282131379470685,0.0,0.31314765527600114,0.0,0.14955281635044282,0.0198656278502168,0.4984012294966617,0.0,0.0,0.054045898380444254,0.03011867566548695,0.0,0.2996510993392219,0.2939070504593414,0.04201143026402629,0.05386968449512305,0.0,0.0,0.0,0.0,0.2377488369866091,0.0,0.0,0.0,0.0,0.0,0.585585661780761,0.0,0.308211742360936,0.0,0.0,0.0,0.0,0.0,0.0,0.0,0.0
0.0,0.3809549751961445,0.0,0.0,0.0,0.3309148500132501,0.0,0.0,0.1067085470096063,0.19131790554872352,0.18474788983747506,0.27274515083217393,0.23616287074897507,0.0,0.14371268950159857,0.0,0.44147137501900735,0.41231881178800506,0.29374119239802116,0.15194574358926977,0.08378472733196503,0.3544028762323042,0.0,0.39621529394284394,0.4589784763092492,0.4760580706065218,0.12474913222743167,0.0,0.3695290969767609,0.14225567541731343,0.0,0.0,0.41565032507601746,0.0,0.0,0.0,0.0,0.0,0.65179414738964,0.253444264608106,0.4192107423241426,0.0,0.16441547577621915,0.03574955942252772,0.0,0.06824111835657541,0.15580233220774237,0.21825501936870165,0.0,0.0,0.20773122330407073,0.0,0.0,0.0,0.0,0.04336780378739212,0.15487912404706808,0.13079869990296933,0.06028522254523444,0.05395779214690838,0.5298980179161459,0.17092728153292105,0.40734674721259373,0.3467058676421083,0.43196995565748725,0.0,0.5428987537581842,0.0,0.4322173207725508,0.3624609940662154,0.32107861965496626,0.36965978870311733,0.3646758253307057,0.38342142755255626,0.33416129401139083,0.564112194447248
0.038134416133613895,0.3694109254338062,0.0,0.0,0.0,0.22746819151429507,0.0,0.0,0.05658746155913904,0.20721772365668842,0.04033951003372515,0.10313026592857723,0.2268412219101605,0.0,0.2771283323255984,0.0,0.27890341779660077,0.33811367419188026,0.2408439228095284,0.08378099905469326,0.17803558718980783,0.3287055820527974,0.0,0.21712094686414343,0.3855532129610713,0.2925078685384384,0.05829238775975327,0.10853004559300491,0.3930020456897028,0.20534273903005018,0.0,0.41565032507601746,0.0,0.0,0.0,0.0,0.0,0.010573975526177153,0.47895515809969064,0.3362608300860992,0.42458161366868885,0.0,0.15328676104181582,0.014907505855363946,0.0835541019240325,0.10703053522610312,0.1729242408932088,0.02105132000289156,0.0,0.020301855484610908,0.1233871191170108,0.0,0.0,0.0,0.0,0.03166327889474146,0.08139818385717298,0.22858697477627837,0.049444130685738635,0.12270966468444407,0.4463599885742322,0.2087942840500006,0.3592043828934268,0.3562945943729163,0.24481977589619536,0.043162526197156256,0.479870468769629,0.0,0.19265488499463923,0.3369143422967149,0.2732225317112147,0.14915053254753421,0.37647603847011457,0.338180378574514,0.19074613016762743,0.45595689509677934
0.39765093242863997,0.0,0.0,0.5504327698421944,0.0,0.0,0.27085088315542544,0.27262097820707,0.0,0.0,0.0,0.0,0.0,0.06524959429518204,0.016187442108985806,0.253352259194776,0.0,0.0,0.0,0.07914795273222383,0.3733112976014543,0.0,0.044671084774917484,0.0,0.0,0.0,0.0,0.2060149551959807,0.07211888048735773,0.0,0.6275226321863954,0.0,0.0,0.0,0.7002015717087259,0.38215418103405446,0.22952270504298053,0.31683315305734877,0.0,0.09440226265369608,0.0,0.42954350957533655,0.0,0.14637902990518697,0.0,0.3202475355641883,0.0,0.0,0.15154973751457831,0.0,0.0,0.05468184255921777,0.14060799152543868,0.0,0.0,0.0,0.0,0.0,0.0,0.0,0.0,0.0,0.0,0.0,0.0,0.4248246105609025,0.0,0.0,0.0,0.0,0.0,0.0,0.0,0.0,0.0,0.0
0.33682897270898937,0.0,0.0,0.5894592365540761,0.0343327856977464,0.0,0.23214637575168215,0.31053451936513216,0.0,0.0,0.0,0.0,0.0,0.11941606236990224,0.0,0.23343205539064865,0.0,0.0,0.0,0.0,0.36861032536590216,0.0,0.15549308830946837,0.0,0.0,0.0,0.0,0.07683501083240153,0.0,0.0,0.4653255051056269,0.0,0.0,0.7002015717087259,0.0,0.3315096172143462,0.31870020706398894,0.270667815982388,0.0,0.0,0.0,0.47273293945178785,0.0,0.03450558728298588,0.0,0.2580854280609504,0.0,0.0,0.12118436113214653,0.0,0.0,0.0,0.2198891815308321,0.0,0.0,0.0,0.0,0.0,0.0,0.016650603375844814,0.0,0.0,0.0,0.0,0.0,0.4138785764843303,0.0,0.1255008193058294,0.0,0.0,0.0,0.0,0.0,0.0,0.0,0.0
