0.0,0.08621927225279387,0.09228939050277388,0.05205798316747145,0.06977230443438268,0.20341149302775152,0.18653909512065361,0.10165351765776287,0.07742958963637224,0.29507162961172195,0.0,0.2665663196829703,0.175719075688458,0.0,0.08951371544083035,0.3554904733905664,0.28821943658212573,0.31117092239260336,0.15992414402075383,0.17309959514314974,0.294810333283924,0.23791362932889806,0.12297105571694857,0.40128499239007526,0.31358505614723997,0.29054987739244265,0.1238251169794137,0.29906879726269847,0.22304716026839083,0.2918352763903812,0.3551858036260367,0.151123547083247,0.10199530837722759,0.1813270433052584,0.12162234313743411,0.08266473674476567,0.03596606510369336,0.1135631476822301,0.037083191313607836,0.13994463876917615,0.17702503019267654,0.17874578671065378,0.13192959982818223,0.1715531117119122,0.00858159804263897,0.5426502441186616,0.2519897541425609,0.12965670524309852,0.08793940249466246,0.07502355957485281,0.19462129049981938,0.08968543077061907,0.06639988457619378,0.0465970184010648,0.2775978599615976,0.0,0.2323406730785946,0.09675670291478605,0.04269473868659635,0.11503090168783305,0.44183841412557623,0.3625383533428296,0.3523293397099261,0.09769079031012924,0.13340567080702234,0.3974617940289219,0.21333650711369054,0.23739818612476152,0.37040630574369676,0.36659240160635564,0.37547735417038497,0.1702775398013644,0.30206692736500373,0.2453452093308678,0.1845000425575076,0.3197900114014974
0.08621927225279387,0.0,0.0,0.0,0.0,0.2581224743039822,0.0,0.0,0.0,0.22176463211407407,0.0,0.2662271551111752,0.0,0.0,0.13149025957333663,0.2505984216928945,0.4036526963685276,0.4555969967492565,0.0,0.3438969316444782,0.0,0.30282173020723324,0.0,0.1775449416956996,0.47667813719207563,0.5668694411764293,0.27502164059462003,0.07570291275397571,0.21313363679116343,0.0,0.0,0.10138688685962062,0.0,0.0,0.0,0.08383899012781047,0.007201659080322842,0.0,0.08811793402361102,0.0,0.0,0.0,0.0,0.0,0.009534287770158566,0.07750844162400727,0.5764908469448156,0.0,0.0,0.0,0.17320176841957535,0.0,0.0,0.0,0.25215039901693553,0.0,0.2330826070242586,0.0,0.1477100294889647,0.07374256890648417,0.26926931007618565,0.2195226472520069,0.29538027439407427,0.0,0.3171452803077993,0.0,0.32262162704832276,0.0,0.20349723638276546,0.43139630614642954,0.4763321682524382,0.156226408817001,0.0,0.20500949493032503,0.0,0.0
0.09228939050277388,0.0,0.0,0.02375179452491533,0.34441653845615655,0.22804137170964253,0.24121818887033308,0.31075306117858603,0.46296651311724696,0.15247596812876735,0.4763328708134667,0.051944313764681775,0.2065729367789849,0.10154420801537656,0.22765141741203102,0.0,0.03338307864784525,0.0,0.5796075051832148,0.05578121760636126,0.22273507796405928,0.2208940957676895,0.5561124687620237,0.07324555604963566,0.09043908154527276,0.07174669716716957,0.312831670711454,0.033140858624172695,0.02235580920316547,0.115855612992067,0.11165304146908224,0.11921357560596248,0.007851815910422725,0.2362233345888802,0.17475088056221832,0.019064338943637963,0.0,0.09439816109089057,0.12011711468410902,0.0,0.15377809701957826,0.1852871230792536,0.1244110351931796,0.29610338382070706,0.0,0.0,-0.0029347649464055935,0.5987238659917523,0.20116533550947363,0.3336844117137621,0.19996076836473584,0.2758031236459965,0.27670855532651206,0.4232646441823605,0.2093990163193661,0.4692369260580811,0.1270121526191335,0.26863917932713094,0.11021614905250189,0.13542982410508783,0.0,0.11798161533480053,0.0,0.5953892512418321,0.09587907331342645,0.13050016628445066,0.10916202440375916,0.3780379378238749,0.09711372946671891,0.04298014030540532,0.02393062292925576,0.3198396606894876,0.20056859075618216,0.08010510682578087,0.030326051425276723,0.2465723543777831
0.05205798316747145,0.0,0.02375179452491533,0.0,0.24867591439719133,0.0,0.302380672273295,0.2361915115345931,0.16116859547688572,0.0,0.09097657800535795,0.0,0.35340779508494136,0.2235878977372899,0.10969651924831648,0.16262813019791733,0.0,0.0,0.04815777890702522,0.08094815455188963,0.19761185893865177,0.1335295856070099,0.03795517871806581,0.0,0.0,0.0,0.09759838318274276,0.3151677801957635,0.19841925880786435,0.31295768252548173,0.21680043326098986,0.04476252291699097,0.17554833989903892,0.3524587394117089,0.22472095900867428,0.3240445789430972,0.12083434454548182,0.07002455038402366,0.0,0.04477321550981707,0.1926475214158262,0.235151095243595,0.15198120837758292,0.24605433134597457,0.09159014310998854,0.1366052195665715,0.0,0.03572786425879241,0.30360241620333767,0.2795533232672448,0.07793053334778884,0.3540574972866977,0.15060609168279498,0.1639028662824442,0.0,0.07463655890698655,0.012376649649246299,0.2776130961650011,0.0026874323011067277,0.0,0.0,0.0,0.0,0.049179241465199364,0.0,0.09931279106964178,0.0,0.0,0.0,0.0,0.0,0.07727157629636175,0.18906297585789023,0.0,0.0,0.0
0.06977230443438268,0.0,0.34441653845615655,0.24867591439719133,0.0,0.18432447323615322,0.4714409020077089,0.4151805158172771,0.5729957782732521,0.0,0.44592133305948267,0.0,0.4727775964241017,0.3120380881721917,0.22288605324490401,0.0,0.0,0.0,0.3515309074969876,0.0,0.3407996291661188,0.10623762374469761,0.4008521568373463,0.0,0.0,0.0,0.26637751736590803,0.13995591662049955,0.11507982987400223,0.22376781301344487,0.14161672196473088,0.17553916105002898,0.2547572191095912,0.3898584130275076,0.2615091312164613,0.11918306762257609,0.0,0.1859017076033303,0.10759280948013382,0.14450546849645557,0.4011164099856654,0.2668911081305667,0.10149541729828127,0.32396975371240594,0.12192720856701035,0.03520879311785584,0.0,0.3919714281066109,0.21271700789888842,0.5902583638454695,0.24854899881331985,0.4910850514639477,0.27844265675927693,0.5185186212172925,0.015226511256283326,0.4568846590530712,0.0,0.5379368065223182,0.007264585215874229,0.11803468879104825,0.0,0.0,0.0,0.2979284118842724,0.0,0.13061857244285593,0.0,0.2524834352947241,0.0,0.0,0.0,0.31544215687464916,0.3118932635518154,0.059120497772594885,0.07482263088099818,0.24578859709164108
0.20341149302775152,0.2581224743039822,0.22804137170964253,0.0,0.18432447323615322,0.0,0.2205848437519027,0.20829410107972357,0.3053471124897531,0.10690764231831497,0.0823811189239664,0.14239578952461293,0.27406764548314305,0.0,0.2212328758032045,0.23414637362135074,0.1753854809977853,0.2492504887498935,0.10619064309873175,0.2325453627937856,0.15669985694841113,0.25262596390560643,0.3351477164638256,0.1329586374536598,0.2933171150243849,0.27941485031037433,0.4619401098054969,0.10461243595946272,0.36432120357642417,0.0700777233615427,0.0,0.1253495758368194,0.1312524368521497,0.06565137058671622,0.0,0.0,0.0,0.06191923727815519,0.053096083758691535,0.12120980390419019,0.17248009512852674,0.08730653396716219,0.0,0.018914473522014044,0.07412311523423848,0.09656244160126837,0.26482218030095916,0.14837414691132106,0.0,0.13316878268881396,0.48319744175359863,0.0,0.17555117026139333,0.224972165483691,0.16316377918291897,-0.008643374318341453,0.06714343799040956,0.1622998295553182,0.1486736147349748,0.19481337536710366,0.29879720341418564,0.23668451254969647,0.25168829536071213,0.07560901077315521,0.22242471463394756,0.15148804752327463,0.2625804990541473,0.3212281779231256,0.0952857746596939,0.26631480962916054,0.2617243776425164,0.41819256151499307,0.10847888347726398,0.32006500090854173,0.0,0.2176394447256097
0.18653909512065361,0.0,0.24121818887033308,0.302380672273295,0.4714409020077089,0.2205848437519027,0.0,0.30323040107493093,0.36773554629503763,0.17953388969371875,0.2094395300603484,0.05235938868622336,0.4843390500743893,0.16533736541522528,0.13295704553706753,0.20980649063931409,0.026926611016301446,0.07243983089989048,0.2599303179484133,0.0,0.25182335476175277,0.14155410383335565,0.24287962016072945,0.0,0.12395727546250071,0.016466894971906315,0.2581413784420838,0.21956891841879256,0.23815323896825127,0.3079477470795868,0.23903343322309156,0.26911180707736093,0.30759021657005114,0.36305660913354454,0.32274935114018377,0.177694348717649,0.04567791587950171,0.17050197753882337,0.11630116781751565,0.11690517308865944,0.2843101027200663,0.1842631630969951,0.1630470087884838,0.33520584446563945,0.0015700819704463002,0.14551068143821652,0.08899689967543474,0.21328606893269325,0.2948228749325346,0.46719490634122063,0.24540202257582994,0.3473552064381615,0.16132676783522054,0.3224399435855506,0.2072926036227135,0.21053817952982526,0.12360149058425751,0.3675548567200654,0.13208184599340506,0.05703968665302189,0.04337158704463807,0.09093609746169683,-0.00636057786052834,0.18245511392447356,0.0,0.1285928675986157,0.0,0.171219067790281,0.06387188253150591,0.09342081553006648,0.003497492023621698,0.23385094744745907,0.2523095129213034,0.10121587658662158,0.0,0.17500521790351306
0.10165351765776287,0.0,0.31075306117858603,0.2361915115345931,0.4151805158172771,0.20829410107972357,0.30323040107493093,0.0,0.41476113947634274,0.0,0.29526290376770425,0.0,0.378194243092692,0.29236096595002176,0.2481613713705022,0.06189721111434277,0.0,0.0,0.3026975580494042,0.07482397991208989,0.4348807544256342,0.2195965759015725,0.3761159624694453,0.0,0.0,0.0,0.11666840805566825,0.21264816266257253,0.16281877395757446,0.3350723470226031,0.24225483144983542,0.10390833404407661,0.2515768117345499,0.44687387339036205,0.22290035956983797,0.1411824931110393,0.071365411089649,0.24251284126851788,0.0,0.04918029220764425,0.4060804939680626,0.23440410271581708,0.04903703861784246,0.2225909114980982,0.08882027202755814,0.062393471910191727,0.0,0.31351628596121334,0.2756966426370243,0.4064221059684387,0.21477431716614112,0.35615089517591936,0.4941119814529808,0.3020178910599327,0.01428804606774207,0.3151793771008905,0.0,0.3879216754011739,0.08163749111878668,0.01385412134818031,0.0,0.0,0.0,0.26560708407963385,0.0,0.24794731261132003,0.057632587209388436,0.19821687064352317,0.0,0.0,0.0,0.0929702267076801,0.3082824681023404,0.0,0.06309129843437424,0.22226340231392233
0.07742958963637224,0.0,0.46296651311724696,0.16116859547688572,0.5729957782732521,0.3053471124897531,0.36773554629503763,0.41476113947634274,0.0,0.0,0.5009798176077755,0.0,0.40678831209142613,0.25105948079884616,0.22069911706276993,0.05961783421218013,0.0,0.0,0.3936703241573787,0.0,0.32275758351991485,0.1385891687542536,0.46495828607519174,0.0,0.0,0.0,0.34609955029214645,0.10684942976794615,0.11461074741610855,0.1808149007663768,0.08458515642793882,0.07174408078134754,0.2048065016809717,0.3562926799157168,0.15359733936336165,0.060677894485057844,0.0,0.18409717513069235,0.04084396051570878,0.16669048816403098,0.32850574572229363,0.2869520294638983,0.050724579900406463,0.2686443337311724,0.10321913328701104,0.0146322905267276,0.0,0.4547693679893666,0.15494048175848227,0.5630094142345619,0.3033738008641335,0.3846889587011886,0.2724433693935594,0.612027453890406,0.015277398440331297,0.4575576989619317,0.0,0.4985313486814198,0.015461709678464847,0.0806274617889894,0.0,0.04017193507277729,0.0,0.3851054304445118,0.0,0.11522304197046383,0.017059326367735415,0.27739369928406654,0.0,0.0,0.0,0.38342076005767867,0.29679925514615857,0.05968319222163654,0.05524429817830249,0.27560253342302515
0.29507162961172195,0.22176463211407407,0.15247596812876735,0.0,0.0,0.10690764231831497,0.17953388969371875,0.0,0.0,0.0,0.0,0.5990928059675655,0.03706972758931604,0.0,0.0,0.18179944308015275,0.506542350726832,0.4241279120515552,0.21140187810524066,0.06387607819044412,0.0,0.14955046712124043,0.07170549558229505,0.3748588157287437,0.4309828545047785,0.3471121022538013,0.19086337211230234,0.1086535666542475,0.0,0.0,0.24215089465687545,0.2479307187934323,0.0,0.0,0.1005453708015689,0.14968733974799592,0.054840175991968866,0.0,0.23335343501465047,0.027853971931848336,0.0,0.0,0.3518398511619233,0.24397229427666234,0.0,0.19287509790668744,0.293434644323841,0.12724719845547108,0.1228964799100116,0.0,0.07541809400306967,0.01109930755253494,0.013998945675323393,0.020306167719934216,0.6203398837818949,0.0,0.6216388278163049,0.0,0.1047889445981715,0.0,0.27042380653006953,0.4613335284499222,0.355796969939229,0.20149053596437003,0.021767185416781104,0.0,0.029447043608513093,0.13012629198840997,0.5252333501116226,0.40221255098488284,0.23947700954190046,0.12631489255648412,0.14938344022660158,0.08757677533419644,0.0,0.04176815866231915
0.0,0.0,0.4763328708134667,0.09097657800535795,0.44592133305948267,0.0823811189239664,0.2094395300603484,0.29526290376770425,0.5009798176077755,0.0,0.0,0.0,0.30774296200359214,0.18156889128475828,0.13844749191223243,0.0,0.0,0.0,0.45519182012772336,0.0,0.14510776602418027,0.07875315635811385,0.4020148190526277,0.041400664712510755,0.0,0.0,0.2171070695134731,0.13085367058738975,0.0,0.10442111185623022,0.0,0.0,0.05495481431358546,0.1851488332449555,0.05704120061549504,0.08787437859298373,0.0,0.1150947094022925,0.02789755992071515,0.08556449821612606,0.19870786418654401,0.14576678706379656,0.04591376758877639,0.13511364322543667,0.07040708989877884,0.0,0.0,0.5426335359207999,0.013443636967424026,0.4176347122699322,0.1763542708050366,0.3307561668358287,0.23045616578406214,0.5392272398550836,0.02158423925214421,0.5863417845252861,0.0,0.3627039730643064,0.0031931790351703315,0.08320304006979812,0.0,0.023192915217901382,0.0,0.4794066646278147,0.0,0.0,0.0,0.26805025207056254,0.0,0.0,0.0,0.28463277029073525,0.17000409209448178,0.018229398287688024,0.15327227620770256,0.14350291504088133
0.2665663196829703,0.2662271551111752,0.051944313764681775,0.0,0.0,0.14239578952461293,0.05235938868622336,0.0,0.0,0.5990928059675655,0.0,0.0,-0.014562111767746296,0.0,0.0,0.16825746567449368,0.5350486470884673,0.47235609201507334,0.08846549064281907,0.041410033612817976,0.0,0.08113282222862461,0.0,0.4212376751216776,0.4387849181536647,0.3877100680450492,0.14813729904579367,0.08333128269273556,0.0,0.0,0.11224718710482506,0.14875687399241794,0.0,0.0,0.0,0.07613078637383423,0.0,0.0,0.17984983988081762,0.08082716194715506,0.0,0.0,0.23358693803460007,0.07460761165113351,0.0,0.17056846595394448,0.28407857627829347,0.02500319205129895,0.0,0.0,0.04843711954638258,0.0,0.0,0.0,0.5521944129913364,0.0,0.5996141324387395,0.0,0.06404491849363315,0.0,0.361405195128606,0.4599871437579551,0.44559789696594526,0.08752487832792219,0.025551264376642267,0.0,0.04128292799657393,0.0721799645195202,0.5153410869935989,0.4129502361506272,0.26652289861373535,0.07755677922392001,0.10743849712349335,0.040397869359140096,0.0,0.0
0.175719075688458,0.0,0.2065729367789849,0.35340779508494136,0.4727775964241017,0.27406764548314305,0.4843390500743893,0.378194243092692,0.40678831209142613,0.03706972758931604,0.30774296200359214,-0.014562111767746296,0.0,0.11416886533802223,0.16203371333270924,0.28481041503546883,0.04611430678892257,0.10255394929841644,0.23340599264154063,0.07136337353292364,0.35366952236726973,0.2202549853525556,0.2515682211510956,0.10622044137862613,0.10280096693740738,0.06837207355342922,0.240558743633305,0.4602744790343098,0.26245343884422395,0.3501445394136724,0.18544158495252416,0.08070320124060111,0.29782399760958406,0.37650624058383136,0.1700408678644769,0.24962523510257517,0.0,0.24059460141645828,0.0,0.14608607640270402,0.348068783194142,0.19332486197868246,0.10025276566067269,0.22564687511420956,0.14465187093150808,0.16953119240773604,0.020960241829173873,0.26180936243130315,0.16610028573199284,0.4423758572492563,0.35768908294211627,0.4019663211197009,0.2679649904608354,0.37024768277774917,0.07588971917972337,0.2664967277079341,0.012506855889392087,0.4928116462412999,0.02434339237533648,0.0,0.0741804372233647,0.0841295181136518,0.018869955277731717,0.18704890463375917,0.0,0.21144255495268563,0.042489270356264194,0.12329893024317815,0.004035825547978179,0.04692544710599693,0.08537599473605058,0.2611560232434627,0.3604564789550572,0.11424075617525989,0.1568466722985503,0.1975121395718928
0.0,0.0,0.10154420801537656,0.2235878977372899,0.3120380881721917,0.0,0.16533736541522528,0.29236096595002176,0.25105948079884616,0.0,0.18156889128475828,0.0,0.11416886533802223,0.0,0.17841851152767196,0.0,0.0,0.0,0.0500009329583525,0.0,0.1713834149836341,0.0,0.2033173524278095,0.0,0.0,0.0,0.0,0.0,0.019749525941024533,0.08520666575489445,0.03078895398333323,0.0,0.21430528225937945,0.21925460456164217,0.04953433962837832,0.0,0.026023748093820444,0.1196914544603127,0.0,0.0,0.184068314435095,0.11775247136673998,0.0,0.07954290613357695,0.1396389663991718,0.0,0.0,0.13653956572432438,0.11286748358338555,0.2751544084167725,0.0,0.23386860988754965,0.28549606279362383,0.18568830308402687,0.0,0.2438053924423622,0.0,0.1668836478608482,0.07641178696168335,0.14378336629874855,0.0,0.0,0.0,0.0676593885753074,0.0,0.07348882077496381,0.0,0.1597579975957113,0.0,0.0,0.0,0.029400371256642306,0.019114396067534734,0.0,0.0,0.0
0.08951371544083035,0.13149025957333663,0.22765141741203102,0.10969651924831648,0.22288605324490401,0.2212328758032045,0.13295704553706753,0.2481613713705022,0.22069911706276993,0.0,0.13844749191223243,0.0,0.16203371333270924,0.17841851152767196,0.0,0.06888433637818052,0.0,0.0,0.08771582726829877,0.3843202982510473,0.2688862427825343,0.47644407734625505,0.4055809676493094,0.0,0.035193150731457755,0.12489915974676448,0.25391293322884906,0.0976196703624986,0.3105205382142114,0.10271586318763859,0.1032461455406687,0.10773859512913105,0.06611622998597903,0.22061337627200506,0.02283426549571127,0.07102128717246342,0.021245837180023642,0.1175885418584655,0.0,0.0,0.19985816559792055,0.2613315716964713,0.0,0.0,0.17082008534746626,0.0,0.13362702232870935,0.22762877488472996,0.06822242102343232,0.1642309022005538,0.21978460726670196,0.16134281831382352,0.20232221094301828,0.17554002363033272,0.0,0.24907048794653544,0.0,0.19014925324952647,0.12040888642603872,0.4447708560003978,0.0,0.0,0.0,0.1517818441383459,0.358744322911806,0.18654691080446573,0.4243034736305464,0.34110211944110863,0.0,0.040328489145254186,0.20962198964391865,0.2727413871428633,0.13432094811951828,0.20289794214726986,0.0,0.17130541735171675
0.3554904733905664,0.2505984216928945,0.0,0.16262813019791733,0.0,0.23414637362135074,0.20980649063931409,0.06189721111434277,0.05961783421218013,0.18179944308015275,0.0,0.16825746567449368,0.28481041503546883,0.0,0.06888433637818052,0.0,0.3208208052616811,0.46115291176422274,0.041465248880970376,0.29812519479334565,0.1718293515407817,0.31790703882187915,0.0,0.2869245291340359,0.36539839723548007,0.2742815207531922,0.22878330403667316,0.3782088601728237,0.3855514290514832,0.3329200795742269,0.32069069276425494,0.07297679263200976,0.12294634107224317,0.1920747172384248,0.0652461512013384,0.23769542611564237,0.032148254906799,0.08007774018459586,0.0,0.09125752604951255,0.16621516012981852,0.0720086644518116,0.05748296467185131,0.05615880578718069,0.05828983502927668,0.35367555186803773,0.3124460427478727,0.0,0.03257624827763534,0.0,0.26387370268435123,0.07796240123186059,0.0,0.0,0.1641836266299946,0.0,0.16176720465110778,0.13298307290018307,0.0704445537014463,0.0,0.4331461279082259,0.2973578593076002,0.36008138426455993,0.0,0.1776031544048805,0.24322445339398935,0.2121075634033398,7.191081680260413e-05,0.22657448897306556,0.3677629971153236,0.33314407438093874,0.21483910891609956,0.178472069090393,0.25831144398651157,0.12887518187347918,0.19888617820244242
0.28821943658212573,0.4036526963685276,0.03338307864784525,0.0,0.0,0.1753854809977853,0.026926611016301446,0.0,0.0,0.506542350726832,0.0,0.5350486470884673,0.04611430678892257,0.0,0.0,0.3208208052616811,0.0,0.5769075216029674,0.060538651882633784,0.13951533793306298,0.0,0.13842888311985632,0.0,0.4386336582793836,0.5237964033545641,0.5166793221155043,0.18748953771765003,0.24401774465886103,0.007273604377331804,0.0,0.18147828987426204,0.16180132622516183,0.0,0.0,0.0,0.17962192919370062,0.034127282114691904,0.0,0.14636860064410825,0.08094209977241607,0.0,0.0,0.26924101561382474,0.07504266000161063,0.0,0.26774882025030355,0.4290712124977976,0.012128534227767466,0.0,0.0,0.19123647709711158,0.0,0.0,0.0,0.5014819418052235,0.0,0.4733248889056042,0.0,0.0980304809543585,0.0,0.3811948166310983,0.5276174643550131,0.4946272855776857,0.053423837060733934,0.15154310610406072,0.0,0.10651269933566992,0.04731155364245365,0.49651235235912783,0.5183474233983764,0.4278325706863779,0.16195674642634414,0.09308128528249128,0.19834201350113737,0.061898018096811364,0.0
0.31117092239260336,0.4555969967492565,0.0,0.0,0.0,0.2492504887498935,0.07243983089989048,0.0,0.0,0.4241279120515552,0.0,0.47235609201507334,0.10255394929841644,0.0,0.0,0.46115291176422274,0.5769075216029674,0.0,0.019691935778222057,0.1949393870084337,0.0,0.18385848262188517,0.0,0.4653508078266839,0.5728399019482365,0.5269978144202244,0.2113026946154469,0.2544618214182937,0.12457756152279874,0.03057180901902102,0.1547299721785961,0.12782646995139343,0.027164911140294522,0.0,0.0,0.18094957643509169,0.04295396735976803,0.0,0.10045779465985749,0.15915245398444697,0.0,0.0,0.1641785746076143,0.005345396684325793,0.0,0.30619147739842495,0.467854902039183,0.0,0.0,0.0,0.21733808493800644,0.0,0.0,0.0,0.4284603129067163,0.0,0.3909176546218077,0.0,0.12349255383837765,0.0,0.4742937449643962,0.46362685835471257,0.5346980009787851,0.0,0.17674824250868426,0.0,0.18982779144419976,0.02084216591899305,0.459181279895681,0.5493665857693264,0.4507449874296355,0.15459785243469587,0.06848169133669295,0.21141769860267873,0.05165793430591256,0.07291753916010354
0.15992414402075383,0.0,0.5796075051832148,0.04815777890702522,0.3515309074969876,0.10619064309873175,0.2599303179484133,0.3026975580494042,0.3936703241573787,0.21140187810524066,0.45519182012772336,0.08846549064281907,0.23340599264154063,0.0500009329583525,0.08771582726829877,0.041465248880970376,0.060538651882633784,0.019691935778222057,0.0,0.0,0.2770568475483597,0.1689253374565463,0.44082422472271576,0.13602168217857846,0.07323272731880788,0.0,0.21892686034173287,0.12068922443607019,-0.015196444764506604,0.21737332954409222,0.22413084566469266,0.18065023705033847,0.0,0.29259570969553766,0.27576492370778694,0.08868566314128387,0.0,0.10195203181918476,0.16134861027479366,0.0,0.16945397215657707,0.12733560121669196,0.23002785804797674,0.3549678983829267,0.0,0.06290909765044533,0.0,0.5535803775834292,0.25561083152993597,0.3485689240709171,0.16875721438988042,0.3408432097543661,0.24758252935844893,0.3659396616607083,0.23928593119398456,0.4217619239057081,0.19077623072056296,0.28110174957143386,0.0319959541606313,0.008886322832333168,0.0,0.12201739732248104,0.0,0.613604545608705,0.019717841806333923,0.16912066852041055,0.020496359489910104,0.29141472635949417,0.15431026590148145,0.02474266389662745,0.0,0.22302938065589822,0.2696158980468345,0.09710292515073869,0.17315586241307793,0.2835482520220252
0.17309959514314974,0.3438969316444782,0.05578121760636126,0.08094815455188963,0.0,0.2325453627937856,0.0,0.07482397991208989,0.0,0.06387607819044412,0.0,0.041410033612817976,0.07136337353292364,0.0,0.3843202982510473,0.29812519479334565,0.13951533793306298,0.1949393870084337,0.0,0.0,0.14875612984912856,0.5664988664946166,0.12032397045034579,0.05538873647827037,0.18705539499846843,0.2720170118539541,0.21564223750116476,0.25789869631391227,0.4419916932070724,0.1835731341957014,0.12010697357515422,0.0,0.0,0.0974168180013768,0.0,0.1544309382061067,0.04362720627232338,0.0,0.0,0.0,0.036075210306743107,0.0,0.0,0.0,0.17410236444522964,0.11286574603080977,0.2712444241743396,0.0451827072795762,-0.005538484167769787,0.0,0.15498151370502286,0.0,0.1112581002981748,0.0,0.04533319627227646,0.0,0.1044034273869137,0.0,0.17532669600716042,0.16223320919639117,0.20130004750617264,0.05233680836074199,0.06646267108859859,0.0638464883271795,0.5482615408608882,0.2495698002180151,0.5475488175355157,0.12213060190334578,0.0,0.13727976926664187,0.33767595597629646,0.20783674009639483,0.007489022170030298,0.22769607862793442,0.0,0.016297093876309728
0.294810333283924,0.0,0.22273507796405928,0.19761185893865177,0.3407996291661188,0.15669985694841113,0.25182335476175277,0.4348807544256342,0.32275758351991485,0.0,0.14510776602418027,0.0,0.35366952236726973,0.1713834149836341,0.2688862427825343,0.1718293515407817,0.0,0.0,0.2770568475483597,0.14875612984912856,0.0,0.28017871099727854,0.29341739040435894,0.0,0.0,0.0,0.08133511086889327,0.22366908779956599,0.2948517377615412,0.3989451600919605,0.3122086652236173,0.12180131823444589,0.16308165847941086,0.5153948119661292,0.2769233770709731,0.08824450819426577,0.0025749610050591833,0.2433193638902902,0.0,0.0,0.4829451240312064,0.2752011000381643,0.03273126201550688,0.240770104617188,0.13556180048124916,0.24218741021865517,0.0,0.2553708141855168,0.30025064685416025,0.35508961492530805,0.19670847127876523,0.3852368723684767,0.30261318036021173,0.18276038311808976,0.0,0.18218089406984792,0.0,0.38682311634060795,0.0035958243756384553,0.04685788217654154,0.015245704460646005,0.0,0.0,0.2131032280375801,0.05758583470092488,0.5092087260925406,0.1608508341937083,0.1881790052266633,0.0,0.0,0.0,0.11670867971618701,0.3489417409236587,0.13692406854245762,0.2117566148591251,0.34948444213917756
0.23791362932889806,0.30282173020723324,0.2208940957676895,0.1335295856070099,0.10623762374469761,0.25262596390560643,0.14155410383335565,0.2195965759015725,0.1385891687542536,0.14955046712124043,0.07875315635811385,0.08113282222862461,0.2202549853525556,0.0,0.47644407734625505,0.31790703882187915,0.13842888311985632,0.18385848262188517,0.1689253374565463,0.5664988664946166,0.28017871099727854,0.0,0.28524442063407135,0.10265092862818512,0.23322263388341952,0.29309458197088717,0.34301696535883147,0.2940500459154178,0.4108852028931486,0.23122813918525698,0.22003194432546527,0.17719819339033166,0.0,0.28224865320138104,0.07413603128033104,0.1754341669949424,0.03475126607061516,0.06318045116939958,0.016384638713849303,0.0,0.1426095723532092,0.11210969624748834,0.02103843640832746,0.06371526307784994,0.1230093480734347,0.1338297519176702,0.30053126967902477,0.19554002314309357,0.10750980474433883,0.0670475936765606,0.21751326776020585,0.14061312504440862,0.19801386855359543,0.0786309459699378,0.18289641913057858,0.1428762922534363,0.1886477944949868,0.12779348863379478,0.12167923183979132,0.1887910847174956,0.17969862806450954,0.13561013177534847,0.06099486864406168,0.20056346364100336,0.4480354153434507,0.28029916954588874,0.5484170024142421,0.20927022091808245,0.08638882375267176,0.19065703133477935,0.357018397974849,0.28638478202362505,0.23990733545488474,0.23804862467176244,0.016125053086301584,0.1486161321951708
0.12297105571694857,0.0,0.5561124687620237,0.03795517871806581,0.4008521568373463,0.3351477164638256,0.24287962016072945,0.3761159624694453,0.46495828607519174,0.07170549558229505,0.4020148190526277,0.0,0.2515682211510956,0.2033173524278095,0.4055809676493094,0.0,0.0,0.0,0.44082422472271576,0.12032397045034579,0.29341739040435894,0.28524442063407135,0.0,0.07515701323860831,0.08854863156587574,0.11338994331839206,0.3544332869333149,0.019529556458518327,0.13991960269380282,0.0892717471740615,0.07693292449887089,0.1752088928431427,0.1245129156283379,0.26262895413973353,0.10046960384196162,0.0,0.0,0.15527999049151833,0.1563231233373797,0.06528660050787759,0.2678291286434107,0.18835578044280837,0.0,0.21749105143783107,0.026686338851777368,0.0,0.03779963673714159,0.5433725650446418,0.14802029213021753,0.37179237517916114,0.346294460285883,0.24397851548911886,0.3623043252818105,0.3911439689698229,0.12901494773041594,0.451740891555034,0.038928021055288455,0.3010208917749415,0.16968945836225266,0.33103297974185664,0.0,0.0878870833942128,0.0,0.4586990781359801,0.1794613345651798,0.19305389815294097,0.23043192066832188,0.5293571415737219,0.058879655702992376,0.05622856983118461,0.10093935793710176,0.36938299989323237,0.20916932469215724,0.19641091648727405,0.019509357292410767,0.32442518346095345
0.40128499239007526,0.1775449416956996,0.07324555604963566,0.0,0.0,0.1329586374536598,0.0,0.0,0.0,0.3748588157287437,0.041400664712510755,0.4212376751216776,0.10622044137862613,0.0,0.0,0.2869245291340359,0.4386336582793836,0.4653508078266839,0.13602168217857846,0.05538873647827037,0.0,0.10265092862818512,0.07515701323860831,0.0,0.4530933376884718,0.3984075723658083,0.08163197363277107,0.23790943663781025,0.0,0.04634753087351862,0.18954872354530225,0.02542857017235194,0.05097589853542306,0.0,0.0,0.0850032008928208,0.0,0.07164468244486606,0.11173442042508408,0.28967534021839614,-0.00042752266682741236,0.04925366135490533,0.15218369526240624,0.0619493291987676,0.0,0.3776441471022604,0.2180954709350038,0.13990026485689028,0.0,0.0,0.20358563686565034,0.0,0.02302650293914813,0.06126837655029609,0.3802776980817021,0.0,0.33246804372013283,0.021857289804714165,0.010209333089320429,0.0,0.4092371661476236,0.45474631471489907,0.4440936666936798,0.12475030886323336,0.09957000832123351,0.08137888444629232,0.11502976534558813,0.13721872131485724,0.5248492446132181,0.41961008772840885,0.39009332927692186,0.11602256480907243,0.2071956698756076,0.17189626277947595,0.2652812329408916,0.26469350539491976
0.31358505614723997,0.47667813719207563,0.09043908154527276,0.0,0.0,0.2933171150243849,0.12395727546250071,0.0,0.0,0.4309828545047785,0.0,0.4387849181536647,0.10280096693740738,0.0,0.035193150731457755,0.36539839723548007,0.5237964033545641,0.5728399019482365,0.07323272731880788,0.18705539499846843,0.0,0.23322263388341952,0.08854863156587574,0.4530933376884718,0.0,0.6009350230187047,0.36441540540909945,0.1423524261075827,0.1521180446962065,0.0,0.09584868275821704,0.18536274289956695,0.010537397756757874,0.0,0.0,0.13257589014089988,0.0,0.0,0.18266038211542504,0.17430258802463525,0.0,0.0,0.1284967615635092,0.05925890389587444,0.0,0.27041163759456815,0.5186491391231536,0.058457932915465596,0.0,0.0,0.28112527053064057,0.0,0.0,0.07047117602334868,0.47115219892014465,0.0,0.3705484726297222,0.0,0.13002801390251634,0.060695538999361656,0.38505829904934086,0.458094297717868,0.44280196162626884,0.06579585519650742,0.2167927821842508,0.0,0.1887003944214494,0.0981243989152878,0.4851102181746348,0.5984651918728882,0.5307415310944182,0.31716803888846185,0.03861960896958297,0.30603148258921464,0.0,0.052360634066580335
0.29054987739244265,0.5668694411764293,0.07174669716716957,0.0,0.0,0.27941485031037433,0.016466894971906315,0.0,0.0,0.3471121022538013,0.0,0.3877100680450492,0.06837207355342922,0.0,0.12489915974676448,0.2742815207531922,0.5166793221155043,0.5269978144202244,0.0,0.2720170118539541,0.0,0.29309458197088717,0.11338994331839206,0.3984075723658083,0.6009350230187047,0.0,0.2915230746312211,0.16484440898351926,0.14894169290143008,0.0,0.023746599723874058,0.17133442949844954,0.0,0.0,0.0,0.11130349470205345,-9.524490956938758e-06,0.0,0.19221129240877333,0.13378636267791874,0.0,0.0,0.08809976745168807,0.0,0.0,0.25721338692726187,0.5677404109965573,0.027519867637217633,0.0,0.0,0.24885851818616833,0.0,0.0,0.0,0.3969988242654257,0.0,0.3280619275564547,0.0,0.14910674217552505,0.08665066098913952,0.36504985313363086,0.3991127523290455,0.41647729966007313,0.05446974180620864,0.29822301475319907,0.0,0.31033022683670597,0.10340004982892781,0.41787904104097195,0.5633643701825483,0.6036430420130451,0.22468568442795667,0.0,0.25897508545576503,0.0,0.0
0.1238251169794137,0.27502164059462003,0.312831670711454,0.09759838318274276,0.26637751736590803,0.4619401098054969,0.2581413784420838,0.11666840805566825,0.34609955029214645,0.19086337211230234,0.2171070695134731,0.14813729904579367,0.240558743633305,0.0,0.25391293322884906,0.22878330403667316,0.18748953771765003,0.2113026946154469,0.21892686034173287,0.21564223750116476,0.08133511086889327,0.34301696535883147,0.3544332869333149,0.08163197363277107,0.36441540540909945,0.2915230746312211,0.0,0.05137756168699173,0.32294227607195536,0.0,0.0,0.14617106309888225,0.0,0.09219927112494149,0.0030517709653564914,0.0286869961742376,0.0,0.0,0.09683843920115506,0.061211121483755244,0.04607131126774265,0.08769962460306376,0.02502452397023732,0.20852442205082866,0.027930667571699562,0.03694837522116187,0.3080813234180421,0.26970912849037987,0.030716842057727428,0.2287959979924891,0.39254138020520857,0.20283872319848167,0.07055976926541663,0.33501695505258156,0.2519028382196994,0.16185696533830582,0.14732323534515798,0.24368841195830368,0.017989902742624866,0.15549290055082826,0.1612571364957859,0.2198872274093928,0.1235695230334687,0.22880619681257422,0.29318264372951214,0.077045514872792,0.21511698411019484,0.21872631544988733,0.11611888080902193,0.3042787187929299,0.2389086818867935,0.6147528643864673,0.1202977779031669,0.34699674415938564,0.0,0.08625560232659064
0.29906879726269847,0.07570291275397571,0.033140858624172695,0.3151677801957635,0.13995591662049955,0.10461243595946272,0.21956891841879256,0.21264816266257253,0.10684942976794615,0.1086535666542475,0.13085367058738975,0.08333128269273556,0.4602744790343098,0.0,0.0976196703624986,0.3782088601728237,0.24401774465886103,0.2544618214182937,0.12068922443607019,0.25789869631391227,0.22366908779956599,0.2940500459154178,0.019529556458518327,0.23790943663781025,0.1423524261075827,0.16484440898351926,0.05137756168699173,0.0,0.24460542640534821,0.4232951719029913,0.300648798953374,0.0,0.1305179006373581,0.24138215694889167,0.05545332201834808,0.3662183592182789,0.05534387246745838,0.18307510366668248,0.0,0.04357804517870437,0.19206147615109365,0.10863551276458906,0.13205526937473927,0.09713863533637875,0.09486772129103758,0.3051919059790393,0.0974435226398734,0.1076827249755591,0.07072060893847826,0.11051847022911246,0.2131161016359207,0.211892863153731,0.16207781797070667,0.12176363619440934,0.10173690839915749,0.05201647010500149,0.11366217243961958,0.24966634069552945,0.0009734373307090742,0.0,0.24587788361920096,0.19855639269711955,0.16697091089140184,0.10296439355808286,0.13832008387421393,0.27684338780607254,0.19087586227833642,0.04108150929324431,0.12030339479026488,0.1250497341442596,0.22771007008449257,0.09568958412641673,0.3683047491177628,0.11884321761842766,0.24638298231034614,0.12053151383132664
0.22304716026839083,0.21313363679116343,0.02235580920316547,0.19841925880786435,0.11507982987400223,0.36432120357642417,0.23815323896825127,0.16281877395757446,0.11461074741610855,0.0,0.0,0.0,0.26245343884422395,0.019749525941024533,0.3105205382142114,0.3855514290514832,0.007273604377331804,0.12457756152279874,-0.015196444764506604,0.4419916932070724,0.2948517377615412,0.4108852028931486,0.13991960269380282,0.0,0.1521180446962065,0.14894169290143008,0.32294227607195536,0.24460542640534821,0.0,0.3206128214536264,0.1473128641626955,0.05453023081514755,0.06789556170867259,0.25990757144658194,0.04652955675968802,0.07991947578323119,0.04447240408185125,0.0637231566714173,0.0,0.0,0.2894768279927646,0.1150319731671167,0.0,0.007066631950610671,0.202394181243422,0.1776719795630921,0.2631000738042773,-0.004647411534737786,0.04397022008356967,0.06019827341827024,0.2980606894344037,0.12625606995425423,0.05608290859751277,0.0,0.0,0.0,0.0,0.13930354723879307,0.044681154671731026,0.13653514308168715,0.22787608663333755,0.03622254010188435,0.03430013532090662,0.0,0.3135688209856098,0.3553244537749615,0.33302165151297564,0.10383771214040258,0.0,0.16650957170019615,0.2075616715751523,0.3004550228664659,0.07485999640118575,0.3735269399333047,0.0,0.10478908937095885
0.2918352763903812,0.0,0.115855612992067,0.31295768252548173,0.22376781301344487,0.0700777233615427,0.3079477470795868,0.3350723470226031,0.1808149007663768,0.0,0.10442111185623022,0.0,0.3501445394136724,0.08520666575489445,0.10271586318763859,0.3329200795742269,0.0,0.03057180901902102,0.21737332954409222,0.1835731341957014,0.3989451600919605,0.23122813918525698,0.0892717471740615,0.04634753087351862,0.0,0.0,0.0,0.4232951719029913,0.3206128214536264,0.0,0.37485586834486034,0.03491979322664842,0.14681664199157068,0.44509191952932464,0.30040560259383,0.2226197174791093,0.07087579720823638,0.1525902846919508,0.0,0.0,0.3730659828846032,0.1791036506792726,0.09079075128496682,0.15543554701460624,0.1433080659018322,0.30568804991206233,0.0,0.1347842039825523,0.2482206132338878,0.20038240477732583,0.10972832466316991,0.2993930640439215,0.18476754276934595,0.10088682356138437,0.0,0.06042532003127981,0.0027175937749772095,0.26591810668874155,0.0,0.0,0.148821125365878,0.034745439794044326,0.0,0.14094515689979814,0.0,0.36477861679626294,0.0677770396033212,0.05343337563191201,0.0,0.0,0.0,0.0,0.2641297258545241,0.03916300849613242,0.19087219215300893,0.2256389678275432
0.3551858036260367,0.0,0.11165304146908224,0.21680043326098986,0.14161672196473088,0.0,0.23903343322309156,0.24225483144983542,0.08458515642793882,0.24215089465687545,0.0,0.11224718710482506,0.18544158495252416,0.03078895398333323,0.1032461455406687,0.32069069276425494,0.18147828987426204,0.1547299721785961,0.22413084566469266,0.12010697357515422,0.3122086652236173,0.22003194432546527,0.07693292449887089,0.18954872354530225,0.09584868275821704,0.023746599723874058,0.0,0.300648798953374,0.1473128641626955,0.37485586834486034,0.0,0.236892323901495,0.11296867373350301,0.36581473742973347,0.34393670678951804,0.22013490378252845,0.14199018314649997,0.09223650841331911,0.060213531779207505,0.0,0.2013695590119083,0.17260138867794647,0.2859613621668066,0.28789597313953263,0.0,0.3295569418087837,0.022447400630534995,0.11756863445628213,0.3104935490590964,0.18396381600092387,0.05155390063654753,0.24637535589845586,0.09134198089286778,0.05199273211806558,0.19321547319402127,0.0,0.19898994494622954,0.20603865519403344,0.08711839198780391,0.0,0.1611664183129663,0.24230030815241313,0.10624275375240633,0.14195947966565445,0.0,0.2738505572993554,0.07306833091389198,0.07555814819316496,0.19927546379849606,0.12875590374356866,0.08824927761077261,0.0,0.3155556266684677,0.07121952028646127,0.15612558260132922,0.28122662411437016
0.151123547083247,0.10138688685962062,0.11921357560596248,0.04476252291699097,0.17553916105002898,0.1253495758368194,0.26911180707736093,0.10390833404407661,0.07174408078134754,0.2479307187934323,0.0,0.14875687399241794,0.08070320124060111,0.0,0.10773859512913105,0.07297679263200976,0.16180132622516183,0.12782646995139343,0.18065023705033847,0.0,0.12180131823444589,0.17719819339033166,0.1752088928431427,0.02542857017235194,0.18536274289956695,0.17133442949844954,0.14617106309888225,0.0,0.05453023081514755,0.03491979322664842,0.236892323901495,0.0,0.10953796011235642,0.16892112150025274,0.2990028854668702,0.09469075289099205,0.09394109179370327,0.010189262236743046,0.5104986699329316,0.08202337470650851,0.07840433088854337,0.1281756264750589,0.26148595275433767,0.3081611681788723,0.0,0.07489783394765265,0.21990278101313648,0.02356138874121813,0.23768471642119118,0.20327381922705945,0.1332139590638704,0.11934519774727566,0.06693644426454497,0.04023401680265916,0.298083099226086,0.0,0.21117843680510856,0.12717035649054778,0.11419832368917542,0.04503220370366804,0.04389688108461805,0.18542836333383114,0.09201799833092704,0.08976041130442831,0.0,0.06629777002395018,0.0425217463989018,0.13438574564589872,0.19686842703477855,0.19618732472066477,0.11946782232414252,0.08069272232892905,0.19484117919513302,0.16632094245710208,0.02864187181968821,0.1649233525435683
