0.0,0.129652540798829,0.13878050295271677,0.07828237945149942,0.10492035377872241,0.30588076435401235,0.2805088353076824,0.15286184284674834,0.11643502394606485,0.44371502446277095,0.0,0.40085006211787033,0.26423819216465344,0.0,0.13460657159363756,0.5345700781343805,0.4334110145457493,0.46792439389453255,0.24048650685168252,0.26029913887182876,0.44332209916990734,0.35776347592823593,0.18491816738687572,0.6034337508123203,0.4715546562122096,0.4369154232973446,0.18620246508254404,0.4497257796965719,0.3354079696007108,0.43884834666434275,0.5341119298800083,0.22725257754932537,0.15337581187063584,0.27267119364144526,0.18289003599383066,0.12430739524222661,0.05408409977711032,0.17077099183746206,0.055763982333805,0.21044225395917845,0.2662020259481626,0.26878961975199067,0.19838961031989344,0.25797360884908216,0.0129046089264149,0.8160122566194528,0.3789304992515358,0.19497173691149836,0.13223919283770583,0.11281694758606346,0.29266246568244403,0.13486478913850317,0.09984906528567382,0.07007043403978712,0.4174387804946055,0.0,0.34938312291975704,0.14549824006213383,0.06420236688184182,0.17297813220320452,0.664416104626189,0.5451683529652892,0.529816511990861,0.14690287734298815,0.2006092573640592,0.5976846025238947,0.32080553998808714,0.35698837635585895,0.5569998146907577,0.551264642624823,0.5646254220040081,0.25605546300009785,0.4542342286228122,0.3689387410891399,0.2774426026809546,0.48088537999631625
0.129652540798829,0.0,0.0,0.0,0.0,0.38815259925494555,0.0,0.0,0.0,0.33347936327513594,0.0,0.4003400421729878,0.0,0.0,0.19772895083127093,0.3768382780754371,0.6069941941870426,0.6851056227390373,0.0,0.5171362480293147,0.0,0.45536926611199796,0.0,0.26698384474106357,0.716806463513182,0.8524319613165701,0.41356478135431507,0.11383852737294449,0.3205004730108202,0.0,0.0,0.15246089582491534,0.0,0.0,0.0,0.12607318299101436,0.010829520747903996,0.0,0.13250766026657737,0.0,0.0,0.0,0.0,0.0,0.01433721953119598,0.11655359790611808,0.8669001848509823,0.0,0.0,0.0,0.2604527823037923,0.0,0.0,0.0,0.37917206955924965,0.0,0.3504988087594403,0.0,0.2221194881877892,0.11089065326051374,0.40491469364488775,0.33010797047391566,0.44417915016449283,0.0,0.47690835610051896,0.0,0.48514343221114153,0.0,0.3060097012325512,0.6487137471901088,0.7162862114756797,0.23492602423751507,0.0,0.30828376546335307,0.0,0.0
0.13878050295271677,0.0,0.0,0.03571684645699616,0.5179176086415099,0.34291803302071233,0.36273271922585815,0.46729603359082017,0.6961875594870891,0.22928628556146693,0.7162872679543537,0.07811144867816192,0.31063479676730155,0.15269746807880036,0.3423316378429322,0.0,0.05019992460258817,0.0,0.8715868708882445,0.08388120663223017,0.33493867471294714,0.3321702911127595,0.8362561253533359,0.11014326838916896,0.13599809420192757,0.10788935395295282,0.470421750153062,0.04983568537067465,0.03361762850776469,0.17421829479360476,0.16789866274839085,0.17926784315354138,0.011807196419916306,0.35522168913259156,0.2627822652607709,0.02866806826489574,0.0,0.14195157431028452,0.18062654329252262,0.0,0.23124436656505284,0.2786261778468228,0.18708354170416444,0.44526652856596716,0.0,0.0,0.0,0.9003331672196164,0.30250309690600524,0.5017791344469379,0.3006917247290267,0.41473993930397984,0.4161014854505815,0.6364857312603572,0.3148845240421468,0.7056167155028505,0.19099498139020407,0.40396713226428504,0.1657379306081567,0.20365308516732644,0.0,0.1774152784641638,0.0,0.8953187282941196,0.14417850139207272,0.1962400944865368,0.16415278687570378,0.5684759088838967,0.14603512002390176,0.0646315405927749,0.03598576031330612,0.48096004029173045,0.301605739836628,0.12045834254403098,0.04560290891988674,0.3707840648677352
0.07828237945149942,0.0,0.03571684645699616,0.0,0.3739473008138641,0.0,0.45470602365726104,0.3551738351002332,0.24235785520539205,0.0,0.13680635643726743,0.0,0.531438243140469,0.3362211055147131,0.1649565354208962,0.24455263579239386,0.0,0.0,0.07241743326500588,0.12172607859478539,0.2971595437300361,0.20079559469028785,0.05707523652997909,0.0,0.0,0.0,0.14676391979277306,0.4739346831935651,0.2983736741877501,0.4706112408716969,0.3260144313925527,0.06731180485654853,0.2639814476071423,0.5300110972578946,0.33792495047741494,0.4872832012415631,0.18170508027658727,0.1052996695328763,0.0,0.06732788388147425,0.28969440332233054,0.3536093053600506,0.22854228880586944,0.37000508587021635,0.13772900717047726,0.20542059032067497,0.0,0.05372590439973244,0.4565432254869302,0.4203793154746815,0.11718831985410648,0.5324152351634743,0.22647445212950076,0.2464695247649925,0.0,0.11223499393963753,0.01861143143144218,0.4174616919902814,0.004041235990043284,0.0,0.0,0.0,0.0,0.07395346126127395,0.0,0.1493419668197799,0.0,0.0,0.0,0.0,0.0,0.11619741081761716,0.2843041300452269,0.0,0.0,0.0
0.10492035377872241,0.0,0.5179176086415099,0.3739473008138641,0.0,0.2771785896824085,0.708930952265264,0.6243291941510686,0.8616444627636284,0.0,0.6705558086601612,0.0,0.7109410113022832,0.46922839755496454,0.3351657043346069,0.0,0.0,0.0,0.5286158666785278,0.0,0.5124786682858392,0.15975520886496136,0.6027828727929045,0.0,0.0,0.0,0.40056614995442674,0.21045921306867482,0.17305170813916132,0.3364916537584239,0.2129566550793256,0.2639676448799254,0.38309208465085576,0.5862509909920719,0.3932452967695967,0.17922196666378057,0.0,0.27955036153569174,0.16179307428950906,0.2173006180678299,0.6031802444152629,0.4013384639142752,0.15262409886245792,0.48717068253174917,0.1833484784802204,0.052945349304342,0.0,0.5894284450182291,0.3198739658153607,0.8876031379149681,0.37375645104807553,0.7384709126741826,0.41870914671802595,0.7797242418750425,0.022896921074570215,0.6870419495603883,0.0,0.808924407878734,0.010924146150597818,0.17749508786491258,0.0,0.0,0.0,0.4480109210815599,0.0,0.19641814817317035,0.0,0.3796728740599752,0.0,0.0,0.0,0.4743472781114295,0.46901061701110935,0.08890266119429063,0.11251480033989718,0.36960548702936086
0.30588076435401235,0.38815259925494555,0.34291803302071233,0.0,0.2771785896824085,0.0,0.33170525228157616,0.313223003775924,0.45916681880366356,0.1607627517052349,0.1238809039239673,0.21412818072496662,0.41213020777371234,0.0,0.33267973280982754,0.35209845160640774,0.2637365479485448,0.37481131906360365,0.15968456154959101,0.34969092581528705,0.23563797356821461,0.3798872019712946,0.503979584228658,0.19993702935086816,0.4410766668407083,0.42017108626767147,0.6946441018148583,0.15731132688677524,0.5478493204173409,0.1053796285890948,0.0,0.18849487557316405,0.1973713240587882,0.09872348468143613,0.0,0.0,0.0,0.0931112757934262,0.0798434269498108,0.1822696786378505,0.25936756349636875,0.13128751451291734,0.0,0.02844270759803162,0.11146290116977871,0.14520611891313318,0.39822730624813835,0.22311815715062638,0.0,0.20025303600416744,0.7266098911988693,0.0,0.26398570377471414,0.33830270311786337,0.24535811988043113,0.0,0.10096718640701738,0.2440589525201196,0.22356848296769385,0.29295131399259206,0.4493173694698911,0.35591518715012227,0.37847717952392057,0.11369732193150067,0.33447196473885005,0.227800696397201,0.3948563700094504,0.4830480280765994,0.14328632640730352,0.4004718529697199,0.39356897435706323,0.6288585687039651,0.16312551125008634,0.4812988964567288,0.0,0.3272760979005739
0.2805088353076824,0.0,0.36273271922585815,0.45470602365726104,0.708930952265264,0.33170525228157616,0.0,0.4559838063993727,0.5529836505625583,0.26997473244774534,0.3149454467258853,0.07873561908454109,0.7283265888178614,0.2486266579961044,0.1999346355005661,0.31549726501653863,0.04049098817639458,0.10893165629687837,0.3908711506384492,0.0,0.37868027558407225,0.21286249283901962,0.36523110250530627,0.0,0.18640119887688772,0.024762152548857004,0.3881810264206179,0.33017755090741663,0.3581237897853391,0.4630775324231506,0.3594473850622973,0.40467784794383393,0.46253989463332457,0.545947681974851,0.48533549777372775,0.2672085160877682,0.0686883303167833,0.2563929620551511,0.17488829946512674,0.17579657456434206,0.4275323396879888,0.27708639434010407,0.2451825259797518,0.5040669944204841,0.0023610164109706734,0.21881221064496337,0.1338294080273299,0.3207296933919758,0.4433409587191206,0.7025460210080511,0.3690241742106208,0.522336641190451,0.24259570745821699,0.4848702250504447,0.31171699837235,0.31659754481768226,0.18586618608639716,0.5527119379642156,0.19861855103850848,0.08577363398812152,0.06522018003501165,0.1367454836741201,0.0,0.2743675338929952,0.0,0.19337198722676163,0.0,0.25747128910030365,0.09604757311722426,0.14048188740747963,0.005259366211728808,0.3516542034347086,0.37941133766530877,0.15220373851173347,0.0,0.2631647259526473
0.15286184284674834,0.0,0.46729603359082017,0.3551738351002332,0.6243291941510686,0.313223003775924,0.4559838063993727,0.0,0.6236985554698045,0.0,0.4440026536628823,0.0,0.5687109534941429,0.4396388542306671,0.37317355488656184,0.09307815387036057,0.0,0.0,0.4551825417829894,0.11251682895025407,0.6539534988242494,0.3302191409466367,0.5655857315309272,0.0,0.0,0.0,0.17544053829428838,0.31977043954359996,0.24483931703176362,0.5038662471603,0.36429157423380415,0.15625253109871204,0.3783095356200493,0.6719881946092071,0.3351872175221892,0.21230368187857523,0.10731599364231577,0.364679557426763,0.0,0.07395504131900518,0.6106450035606373,0.3524860126593168,0.07373962321802773,0.33472188387116136,0.13356380356646902,0.09382440782727194,0.0,0.4714512427975913,0.4145798181037035,0.6111587038350524,0.3229676520265621,0.5355631897697798,0.7430226695336891,0.4541604901026679,0.021485700671446444,0.47395212208136633,0.0,0.5833386148196238,0.12276267093694411,0.020833184813487803,0.0,0.0,0.0,0.39940760812878284,0.0,0.3728516632574277,0.08666521033254457,0.2980693322575897,0.0,0.0,0.0,0.13980431284495423,0.4635808703651776,0.0,0.09487376697323884,0.3342293907573381
0.11643502394606485,0.0,0.6961875594870891,0.24235785520539205,0.8616444627636284,0.45916681880366356,0.5529836505625583,0.6236985554698045,0.0,0.0,0.7533502028564996,0.0,0.6117093876098145,0.3775315973645376,0.3318770911838576,0.08965053265433977,0.0,0.0,0.5919831660658543,0.0,0.4853478772443619,0.20840396104833056,0.6991826952374209,0.0,0.0,0.0,0.5204484437440241,0.1606752143732151,0.17234632370571634,0.27190105745631865,0.12719523324894805,0.10788541955336127,0.30797851363442896,0.5357763990822795,0.23097255158929417,0.09124460210293735,0.0,0.27683678933868305,0.061419252549734855,0.2506614211970855,0.49399169683352634,0.4315051465325873,0.07627726949212102,0.40397488321790387,0.15521614298107594,0.022003359514964994,0.0,0.6838610730141997,0.2329923067975199,0.8466274319174154,0.45619944434822496,0.5784774054532652,0.4096876967611413,0.920338485377995,0.022973442860634158,0.688054035744402,0.0,0.7496683089008392,0.02325060154798342,0.12124383569897547,0.0,0.06040869187251106,0.0,0.579103676335423,0.0,0.1732670638443792,0.0256530233914342,0.4171317731413597,0.0,0.0,0.0,0.5765703471811123,0.4463129475748091,0.08974881499616622,0.08307381211087572,0.4144383010346218
0.44371502446277095,0.33347936327513594,0.22928628556146693,0.0,0.0,0.1607627517052349,0.26997473244774534,0.0,0.0,0.0,0.0,0.9008879620353994,0.055743736209969384,0.0,0.0,0.2733815665022631,0.7617148820438716,0.6377838734240132,0.3178963346573669,0.09605388235444526,0.0,0.22488705289776156,0.10782739692148707,0.5636952925973784,0.6480920177967043,0.521971072398723,0.28701148238919966,0.16338819170584712,0.0,0.0,0.3641352789075083,0.37282671024408753,0.0,0.0,0.15119546302551146,0.22509287560260446,0.0824661119194648,0.0,0.3509060673242168,0.04188551048905869,0.0,0.0,0.5290804418260096,0.36687421513771684,0.0,0.29003662228910315,0.44125340194754276,0.19134843241210556,0.18480602374892954,0.0,0.11341023015171714,0.016690623658646757,0.0210509649163925,0.03053547275436813,0.932838331728864,0.0,0.9347916234931803,0.0,0.1575767523871719,0.0,0.40665077184037995,0.6937319529194134,0.5350309734219638,0.30299211825986955,0.03273248337158677,0.0,0.04428109775345413,0.19567787966896183,0.7898215396041705,0.6048285703858838,0.36011441454734266,0.1899464740628053,0.22463588560411785,0.1316938909407096,0.0,0.06280901883723353
0.0,0.0,0.7162872679543537,0.13680635643726743,0.6705558086601612,0.1238809039239673,0.3149454467258853,0.4440026536628823,0.7533502028564996,0.0,0.0,0.0,0.462769586128469,0.27303487341059585,0.20819091398750011,0.0,0.0,0.0,0.684496336936902,0.0,0.21820632514173566,0.11842534216502912,0.6045312302814722,0.062256398488256835,0.0,0.0,0.3264755367602589,0.19677167785371008,0.0,0.1570236225783067,0.0,0.0,0.0826384997079737,0.2784182240110397,0.08577591061463655,0.13214141291165193,0.0,0.17307408328335258,0.04195105608411224,0.12866792198583113,0.29880766556411337,0.21919733040069467,0.06904299317301285,0.20317762703218248,0.10587491470426373,0.0,0.0,0.8159871316068152,0.02021591744932768,0.6280197008950048,0.2651933691061377,0.4973757756782385,0.3465492882966384,0.8108649016448376,0.03245737741841856,0.8817135676734904,0.0,0.5454174042172287,0.004801754460667827,0.1251168708036334,0.0,0.0348764296886686,0.0,0.7209094964597564,0.0,0.0,0.0,0.40308153078372627,0.0,0.0,0.0,0.42801755220808474,0.25564426502722476,0.027412523250055474,0.2304837366996519,0.21579302470261644
0.40085006211787033,0.4003400421729878,0.07811144867816192,0.0,0.0,0.21412818072496662,0.07873561908454109,0.0,0.0,0.9008879620353994,0.0,0.0,0.0,0.0,0.0,0.25301776926518843,0.8045813277407695,0.7103071725309675,0.13303029978294503,0.06227048700579571,0.0,0.12200377327796373,0.0,0.6334376692439252,0.6598243990743657,0.5830204094966556,0.22276199632084845,0.125309716109191,0.0,0.0,0.1687921113854048,0.22369368437557485,0.0,0.0,0.0,0.11448194386795732,0.0,0.0,0.2704498436781339,0.12154413553018016,0.0,0.0,0.351257198330425,0.11219146439951921,0.0,0.25649294424856217,0.4271841809683241,0.03759863998883323,0.0,0.0,0.07283749275628601,0.0,0.0,0.0,0.8303643348941019,0.0,0.9016719085917474,0.0,0.09630777656771951,0.0,0.5434643622244443,0.6917073220956415,0.6700694404710373,0.13161585063084036,0.03842280571959861,0.0,0.06207935147814333,0.10854088129260303,0.7749460133559104,0.6209754030795631,0.4007847675288137,0.11662628574586727,0.16156102652811724,0.06074844136836184,0.0,0.0
0.26423819216465344,0.0,0.31063479676730155,0.531438243140469,0.7109410113022832,0.41213020777371234,0.7283265888178614,0.5687109534941429,0.6117093876098145,0.055743736209969384,0.462769586128469,0.0,0.0,0.1716818419412521,0.2436587792930959,0.4282846861320031,0.06934455471661397,0.15421587016542138,0.3509851010447136,0.10731292965906052,0.5318318164827579,0.33120922652698853,0.3782966174992778,0.1597293708201728,0.15458732382862794,0.10281475155456637,0.36174107607851524,0.6921394035510647,0.3946653027617161,0.5265311106861876,0.2788584504443849,0.12135772917178718,0.44785390774039735,0.5661726136493469,0.255699566723645,0.3753748452394895,0.0,0.3617949973489199,0.0,0.21967746289262705,0.523409684804141,0.29071295663026075,0.15075545699232712,0.33931730015182676,0.2175207712561802,0.25493314042216214,0.03151903904897815,0.39369677053890934,0.24977390216682696,0.665224286656718,0.5378762451563804,0.6044583013403763,0.40295331833139525,0.5567612848351141,0.11411943820764417,0.4007454129350729,0.018807229533440387,0.7410672857815472,0.03660646385266772,0.0,0.11154909931712641,0.12651006549481297,0.028375763128050662,0.28127546319690594,0.0,0.31795750261303535,0.06389339314099243,0.18541120988512647,0.006068887185477741,0.0705643098862553,0.12838445919958133,0.3927143093849971,0.5420377268657405,0.17178994804635456,0.2358587476791118,0.29700959037356095
0.0,0.0,0.15269746807880036,0.3362211055147131,0.46922839755496454,0.0,0.2486266579961044,0.4396388542306671,0.3775315973645376,0.0,0.27303487341059585,0.0,0.1716818419412521,0.0,0.26829747851830477,0.0,0.0,0.0,0.07518908279989851,0.0,0.25771842678349943,0.0,0.30573920008820615,0.0,0.0,0.0,0.0,0.0,0.029698420676976214,0.12812983013505613,0.04629900030672118,0.0,0.32226233909830293,0.32970490031407423,0.07448744140151639,0.0,0.03913330480892768,0.17998645519980036,0.0,0.0,0.2767933899638606,0.17707070239791414,0.0,0.11961293123077629,0.20998259803321723,0.0,0.0,0.2053218631192253,0.16972488444637582,0.4137644314444704,0.0,0.3516807633925303,0.42931573141474655,0.2792294537221287,0.0,0.36662323590400736,0.0,0.25095188578601,0.1149044995127531,0.21621475429047587,0.0,0.0,0.0,0.10174304895503929,0.0,0.11050907859495508,0.0,0.24023666356736145,0.0,0.0,0.0,0.04421091403643826,0.028743341845021413,0.0,0.0,0.0
0.13460657159363756,0.19772895083127093,0.3423316378429322,0.1649565354208962,0.3351657043346069,0.33267973280982754,0.1999346355005661,0.37317355488656184,0.3318770911838576,0.0,0.20819091398750011,0.0,0.2436587792930959,0.26829747851830477,0.0,0.10358506862000226,0.0,0.0,0.13190299078681475,0.5779230309752168,0.40433865482408665,0.7164544951780673,0.6098938390619119,0.0,0.05292182700952696,0.18781756075750342,0.3818224867206176,0.1467959304659053,0.4669463763467082,0.15445934875877718,0.15525676275468236,0.16201229998361,0.09942251867527371,0.3317481581613175,0.03433710887878743,0.10679851606396251,0.031948504085164475,0.17682419281015777,0.0,0.0,0.30053743544934475,0.3929782910026931,0.0,0.0,0.256871317816698,0.0,0.2009421155110436,0.34229758906105334,0.10258971102425218,0.2469628099568634,0.3305018937883381,0.24261984342315313,0.30424275250072,0.26396894198816,0.0,0.3745406422080536,0.0,0.2859376235804661,0.18106529609901317,0.6688257746440566,0.0,0.0,0.0,0.22824249411396202,0.5394630660567195,0.2805205881703295,0.6380478747799527,0.5129335391249757,0.0,0.06064411062215582,0.3152198209810242,0.4101358420236889,0.20198560891516823,0.3051085103701385,0.0,0.25760113756393
0.5345700781343805,0.3768382780754371,0.0,0.24455263579239386,0.0,0.35209845160640774,0.31549726501653863,0.09307815387036057,0.08965053265433977,0.2733815665022631,0.0,0.25301776926518843,0.4282846861320031,0.0,0.10358506862000226,0.0,0.4824354399715479,0.6934603499285769,0.062353517163900696,0.4483068340889479,0.25838900548543686,0.47805385320627064,0.0,0.43146379281263225,0.5494691542570364,0.4124518234804026,0.3440337164263699,0.5687329339809717,0.5797743483450063,0.5006297672426498,0.48223978283550156,0.10973911443311599,0.18488100265099627,0.2888330469800672,0.09811413457301567,0.3574353520613802,0.048343053960071526,0.12041718985890551,0.0,0.1372288330692936,0.24994664495578447,0.1082832881995842,0.08644021490349967,0.08444900621740076,0.08765354910595889,0.531840883366227,0.46984186071564243,0.0,0.04898665053104802,0.0,0.3968010296202925,0.1172362412994148,0.0,0.0,0.24689171914757493,0.0,0.24325801590445043,0.19997377424147694,0.10593125103229004,0.0,0.6513450479588835,0.44715295059199256,0.5414736768756114,0.0,0.2670713823118976,0.36574964672025784,0.3189575114628806,0.00010813614944511008,0.34071220282890186,0.5530249298323096,0.5009666002389987,0.32306508285363156,0.2683780158959042,0.3884367630948124,0.19379651833313086,0.29907580590695326
0.4334110145457493,0.6069941941870426,0.05019992460258817,0.0,0.0,0.2637365479485448,0.04049098817639458,0.0,0.0,0.7617148820438716,0.0,0.8045813277407695,0.06934455471661397,0.0,0.0,0.4824354399715479,0.0,0.8675267608670438,0.09103521553865751,0.20979669128258874,0.0,0.20816293094902483,0.0,0.6595969414943023,0.7876607257492467,0.7769583892343861,0.28193806678185585,0.36694256131344266,0.010937708747083452,0.0,0.27289863121364993,0.24330932634417662,0.0,0.0,0.0,0.27010712216253946,0.05131902324291378,0.0,0.22010230973693723,0.12171697369837171,0.0,0.0,0.4048721457453314,0.11284566992150875,0.0,0.4026282515996987,0.6452173792521321,0.018238326973870508,0.0,0.0,0.28757254035224294,0.0,0.0,0.0,0.7541052739246574,0.0,0.7117640043400677,0.0,0.14741368837118593,0.0,0.5732230767462096,0.7934066599738246,0.7437975599648704,0.08033628715675398,0.22788349093611523,0.0,0.1601688547743902,0.07114491897935776,0.7466322359184421,0.779466802539013,0.643354767172557,0.24354304003078336,0.1399713175763274,0.29825751627989194,0.0930793673731506,0.0
0.46792439389453255,0.6851056227390373,0.0,0.0,0.0,0.37481131906360365,0.10893165629687837,0.0,0.0,0.6377838734240132,0.0,0.7103071725309675,0.15421587016542138,0.0,0.0,0.6934603499285769,0.8675267608670438,0.0,0.029611819262498174,0.29314080445153223,0.0,0.27647785461993757,0.0,0.6997729512332098,0.8614100631791667,0.7924748591553763,0.31774718712780586,0.38264787930996014,0.18733395627135913,0.045972467785521005,0.23267575225951925,0.19221951400785908,0.040849332845064375,0.0,0.0,0.2721035764776051,0.06459218293162329,0.0,0.1510637700873833,0.23932607518365617,0.0,0.0,0.24688412215074737,0.008038159492560754,0.0,0.46043653557243536,0.7035384919130041,0.0,0.0,0.0,0.32682292703591154,0.0,0.0,0.0,0.6442987367945104,0.0,0.5878438293498135,0.0,0.18570237206291215,0.0,0.7132209251236533,0.6971805560133274,0.8040540423919875,0.0,0.2657858054726962,0.0,0.2854542242343409,0.031341481974300076,0.6904955014138866,0.8261119795367206,0.6778093962709685,0.232477076719367,0.10297958969046721,0.31792012478729903,0.07768080453687112,0.10965001181158993
0.24048650685168252,0.0,0.8715868708882445,0.07241743326500588,0.5286158666785278,0.15968456154959101,0.3908711506384492,0.4551825417829894,0.5919831660658543,0.3178963346573669,0.684496336936902,0.13303029978294503,0.3509851010447136,0.07518908279989851,0.13190299078681475,0.062353517163900696,0.09103521553865751,0.029611819262498174,0.0,0.0,0.41662523113206457,0.2540220838599241,0.662891013663387,0.2045430938743748,0.11012397713903907,0.0,0.32921205376442136,0.18148685539003223,0.0,0.3268759262390952,0.3370375654136418,0.2716534438009963,0.0,0.4399918509824089,0.414682496009484,0.13336138496951785,0.0,0.15331073459080413,0.24262855310529688,0.0,0.2548170201917045,0.1914813683822946,0.34590521899778776,0.5337842540868312,0.0,0.09459978188899155,0.0,0.8324484841350648,0.384375707398571,0.5241617734467026,0.25376926819365153,0.5125442027521846,0.3723031191287214,0.5502830825835142,0.3598270797943155,0.6342260102387433,0.28688044320790584,0.42270776709961794,0.04811403116516433,0.01336283992507612,0.0,0.18348410014568722,0.0,0.9227100427225147,0.02965077554546077,0.25431581364985645,0.030821474312628806,0.4382159430425904,0.23204461743553711,0.037206869839071885,0.0,0.335381233444468,0.4054358765525001,0.14601887299488114,0.2603837509813884,0.42638670396027384
0.26029913887182876,0.5171362480293147,0.08388120663223017,0.12172607859478539,0.0,0.34969092581528705,0.0,0.11251682895025407,0.0,0.09605388235444526,0.0,0.06227048700579571,0.10731292965906052,0.0,0.5779230309752168,0.4483068340889479,0.20979669128258874,0.29314080445153223,0.0,0.0,0.22369256536742663,0.8518747083057596,0.18093760339510448,0.08329101172402709,0.2812852231061847,0.409046560077263,0.3242727903524442,0.38781609229740177,0.6646465985963657,0.27604876089760594,0.18061129356345218,0.0,0.0,0.1464908904981662,0.0,0.2322260788477008,0.06560456836815907,0.0,0.0,0.0,0.054248227268814425,0.0,0.0,0.0,0.26180705681700156,0.16972227159543965,0.4078847785748837,0.06794365860327678,0.0,0.0,0.23305400873473078,0.0,0.1673047685419531,0.0,0.06816995696739006,0.0,0.15699702949395727,0.0,0.26364814980743073,0.24395877191573578,0.3027056705556285,0.07870166383887232,0.09994348072955873,0.09600938649112016,0.8244502642805797,0.3752914848324214,0.8233785040162365,0.18365433194138303,0.0,0.2064349468586516,0.5077814334901405,0.3125352455520206,0.011261644027756503,0.3423987973070026,0.0,0.02450681354054371
0.44332209916990734,0.0,0.33493867471294714,0.2971595437300361,0.5124786682858392,0.23563797356821461,0.37868027558407225,0.6539534988242494,0.4853478772443619,0.0,0.21820632514173566,0.0,0.5318318164827579,0.25771842678349943,0.40433865482408665,0.25838900548543686,0.0,0.0,0.41662523113206457,0.22369256536742663,0.0,0.42131974452336973,0.4412274563040556,0.0,0.0,0.0,0.12230796554844212,0.33634319536291835,0.4433843613020648,0.5999152195771659,0.46948490340964694,0.18315917043977284,0.24523463057712552,0.7750268024766127,0.41642452442157335,0.13269799663101312,0.003872106874029099,0.3658923687204831,0.0,0.0,0.7262304675161826,0.4138346441380978,0.049219752996989066,0.36205891091833875,0.20385154511772555,0.3641901893148886,0.0,0.38401478045350834,0.45150299027109186,0.5339672857752769,0.29580107128680805,0.5793013326014094,0.45505565852934216,0.2748265835410124,0.0,0.2739551748001759,0.0,0.5816866526805519,0.005407233839795969,0.07046270888054162,0.02292578292467255,0.0,0.0,0.3204547457382326,0.08659490607976399,0.7657244535915637,0.24188002053276045,0.2829748560286929,0.0,0.0,0.0,0.175501096948659,0.5247223981301127,0.2059000606151299,0.3184297713270826,0.5255384870351585
0.35776347592823593,0.45536926611199796,0.3321702911127595,0.20079559469028785,0.15975520886496136,0.3798872019712946,0.21286249283901962,0.3302191409466367,0.20840396104833056,0.22488705289776156,0.11842534216502912,0.12200377327796373,0.33120922652698853,0.0,0.7164544951780673,0.47805385320627064,0.20816293094902483,0.27647785461993757,0.2540220838599241,0.8518747083057596,0.42131974452336973,0.0,0.4289373236121102,0.1543617031814159,0.3507093746526093,0.44074203196101325,0.5158129955618512,0.4421788143046041,0.6178701018902747,0.3477101460756343,0.3308738277801764,0.2664624207295406,0.0,0.42443242755880234,0.11148232372055211,0.26380975969190346,0.0522573413612337,0.09500783071923415,0.024638459404910867,0.0,0.21444965742248964,0.16858535901410143,0.031636624428662545,0.09581205605039626,0.18497574965568733,0.20124697085970403,0.45192497785344066,0.29404401319964035,0.161668255619472,0.10082306017529505,0.327086358834963,0.21144749260024376,0.29776406713462,0.11824156785419315,0.2750311481841424,0.2148507384319032,0.283679799577267,0.19216991823287943,0.18297558258464083,0.2838952727648094,0.2702224583654202,0.20392422347508515,0.09172125313476147,0.3015980299187345,0.6737348674994728,0.4215008844991568,0.8246840401506632,0.31469084749416265,0.12990750447668245,0.2867011967027487,0.5368677002242587,0.4306521461537691,0.36076151868696477,0.3579664756606746,0.024248106583702387,0.22348204339168692
0.18491816738687572,0.0,0.8362561253533359,0.05707523652997909,0.6027828727929045,0.503979584228658,0.36523110250530627,0.5655857315309272,0.6991826952374209,0.10782739692148707,0.6045312302814722,0.0,0.3782966174992778,0.30573920008820615,0.6098938390619119,0.0,0.0,0.0,0.662891013663387,0.18093760339510448,0.4412274563040556,0.4289373236121102,0.0,0.11301762901299643,0.13315532324506674,0.1705105351522884,0.5329803301963686,0.02936764077638144,0.21040460587077586,0.1342427109420736,0.11568816195893919,0.26347100287577657,0.18723674477501887,0.39492923451870365,0.15108152818745246,0.0,0.0,0.2335028442761065,0.23507145904543678,0.09817496036322855,0.4027490156347196,0.2832406823958683,0.0,0.3270529509602752,0.04012967804468245,0.0,0.05684133971664738,0.8170984493102345,0.22258604675065252,0.5590841215903178,0.5207415403482374,0.3668835703083273,0.5448164324266841,0.5881841503647411,0.19400669174326643,0.6793069906820112,0.058538151694094265,0.45266124884144815,0.25517113342058206,0.49779203408143163,0.0,0.13216051780220198,0.0,0.6897703887831561,0.26986562741220893,0.2903054938025887,0.3465128296166292,0.7960227058494395,0.08854049406576675,0.08455391414952747,0.15178792259782284,0.5554610148370774,0.3145391244314828,0.2953536221987366,0.029337266207686584,0.4878555366544032
0.6034337508123203,0.26698384474106357,0.11014326838916896,0.0,0.0,0.19993702935086816,0.0,0.0,0.0,0.5636952925973784,0.062256398488256835,0.6334376692439252,0.1597293708201728,0.0,0.0,0.43146379281263225,0.6595969414943023,0.6997729512332098,0.2045430938743748,0.08329101172402709,0.0,0.1543617031814159,0.11301762901299643,0.0,0.6813407364201989,0.5991068201001494,0.12275437399750058,0.3577571711539306,0.0,0.06969526627278091,0.28503457487750844,0.0382383038685404,0.07665519079357273,0.0,0.0,0.1278238691168074,0.0,0.10773594894732069,0.16802103664621568,0.4356003348759797,0.0,0.07406537043812315,0.22884677918731003,0.09315652662729401,0.0,0.5678837446697215,0.3279618489533716,0.21037552652895636,0.0,0.0,0.3061426337766843,0.0,0.03462618662587375,0.09213254163262641,0.5718439564284886,0.0,0.49995001670098865,0.03286797816906537,0.015352321358164321,0.0,0.6153918607058598,0.6838264065697918,0.6678074487880883,0.18759372570594587,0.14972875818712503,0.12237379022291864,0.17297642342446606,0.20634314578155324,0.7892439395792372,0.6309901788465263,0.5866042471471713,0.17446934918898716,0.3115712339014487,0.258489623501317,0.3989176083067448,0.3980338108953111
0.4715546562122096,0.716806463513182,0.13599809420192757,0.0,0.0,0.4410766668407083,0.18640119887688772,0.0,0.0,0.6480920177967043,0.0,0.6598243990743657,0.15458732382862794,0.0,0.05292182700952696,0.5494691542570364,0.7876607257492467,0.8614100631791667,0.11012397713903907,0.2812852231061847,0.0,0.3507093746526093,0.13315532324506674,0.6813407364201989,0.0,0.9036582025528886,0.5479909767620901,0.21406297283062017,0.22874805691222838,0.0,0.14413280148535543,0.27873989142363925,0.015845649781940356,0.0,0.0,0.19936147170248358,0.0,0.0,0.27467620667353093,0.2621081437447787,0.0,0.0,0.19322746743075678,0.08911078990004793,0.0,0.40663247275984554,0.779920508645481,0.08790632690699861,0.0,0.0,0.42274313682663484,0.0,0.0,0.1059712844446168,0.7084968139588143,0.0,0.5572135986570224,0.0,0.19553009364377252,0.0912711351047927,0.5790328023303933,0.6888609480538989,0.6658650426464368,0.0989407539331509,0.3260029260583838,0.0,0.283758896905898,0.14755491784277588,0.7294862356226578,0.8999441850828697,0.7981044865711242,0.47694257939805756,0.058074375910792106,0.4601959428025507,0.0,0.07873749182973276
0.4369154232973446,0.8524319613165701,0.10788935395295282,0.0,0.0,0.42017108626767147,0.024762152548857004,0.0,0.0,0.521971072398723,0.0,0.5830204094966556,0.10281475155456637,0.0,0.18781756075750342,0.4124518234804026,0.7769583892343861,0.7924748591553763,0.0,0.409046560077263,0.0,0.44074203196101325,0.1705105351522884,0.5991068201001494,0.9036582025528886,0.0,0.43837887214595106,0.24788537298865948,0.223971606474834,0.0,0.03570903475624357,0.25764476468394215,0.0,0.0,0.0,0.16737303054007874,0.0,0.0,0.28903842238376815,0.20118172413434768,0.0,0.0,0.13248034221869928,0.0,0.0,0.3867855558420256,0.8537416853166473,0.041383099954165,0.0,0.0,0.37422189191840216,0.0,0.0,0.0,0.5969884100766385,0.0,0.49332430367013963,0.0,0.22421979991447094,0.13030124316290395,0.5489450298100947,0.6001672370065465,0.6262792375194749,0.0819090701800989,0.44845393120545624,0.0,0.4666601949281947,0.15548819688177778,0.6283871111633573,0.8471611982010505,0.9077303958569366,0.33787190619977076,0.0,0.389434716341459,0.0,0.0
0.18620246508254404,0.41356478135431507,0.470421750153062,0.14676391979277306,0.40056614995442674,0.6946441018148583,0.3881810264206179,0.17544053829428838,0.5204484437440241,0.28701148238919966,0.3264755367602589,0.22276199632084845,0.36174107607851524,0.0,0.3818224867206176,0.3440337164263699,0.28193806678185585,0.31774718712780586,0.32921205376442136,0.3242727903524442,0.12230796554844212,0.5158129955618512,0.5329803301963686,0.12275437399750058,0.5479909767620901,0.43837887214595106,0.0,0.07725919320261018,0.48562560933387044,0.0,0.0,0.2198052619427199,0.0,0.13864498561412314,0.004589111567010969,0.04313817369011334,0.0,0.0,0.14562115129678369,0.0920464441203572,0.06927990004697582,0.13187862597068326,0.037630717938672155,0.31356934976473577,0.04200084183337517,0.05556125214982781,0.4632783983226047,0.40557607216735075,0.04619056173918983,0.3440528050080909,0.5902855125367318,0.30501945966287536,0.10610450685106482,0.5037829512861237,0.3787997991198781,0.2433929938607124,0.22153784510266072,0.3664473260803012,0.02705238096265137,0.2338230085436757,0.2424909990810637,0.33065620919705546,0.18581811476690455,0.34406814152048115,0.44087445514732204,0.1158574701387341,0.32348293867632727,0.3289104836619069,0.17461418472037993,0.45756021793883095,0.3592597897915826,0.9244368312153166,0.18089821625806415,0.5217976022492783,0.0,0.12970717227798775
0.4497257796965719,0.11383852737294449,0.04983568537067465,0.4739346831935651,0.21045921306867482,0.15731132688677524,0.33017755090741663,0.31977043954359996,0.1606752143732151,0.16338819170584712,0.19677167785371008,0.125309716109191,0.6921394035510647,0.0,0.1467959304659053,0.5687329339809717,0.36694256131344266,0.38264787930996014,0.18148685539003223,0.38781609229740177,0.33634319536291835,0.4421788143046041,0.02936764077638144,0.3577571711539306,0.21406297283062017,0.24788537298865948,0.07725919320261018,0.0,0.36782628985373644,0.6365316374300705,0.45210171292252055,0.0,0.1962667625835155,0.36297928681381797,0.08338813246224659,0.5507021750382441,0.08322354730638336,0.27529984569807414,0.0,0.06553064219678678,0.288813135647362,0.16336104310432964,0.19857858635258818,0.14607257231499435,0.14265767715036148,0.4589334264548675,0.1465310476943676,0.1619282850391996,0.10634637008800507,0.16619254716499712,0.32047410445804636,0.3186346551902098,0.2437251018011381,0.18310250593651772,0.15298724197409436,0.07821995403447908,0.17091990067259918,0.3754366579227599,0.0014638098877107113,0.0,0.3697397519663613,0.2985798897670168,0.2510831078821084,0.15483307719734832,0.2079993236920165,0.4163042402767411,0.28703026452130315,0.06177646737846637,0.18090666267224287,0.1880439875493842,0.3424198370101321,0.14389355634547477,0.5538395913547723,0.17871091599753106,0.3704992959401161,0.1812496975008312
0.3354079696007108,0.3205004730108202,0.03361762850776469,0.2983736741877501,0.17305170813916132,0.5478493204173409,0.3581237897853391,0.24483931703176362,0.17234632370571634,0.0,0.0,0.0,0.3946653027617161,0.029698420676976214,0.4669463763467082,0.5797743483450063,0.010937708747083452,0.18733395627135913,0.0,0.6646465985963657,0.4433843613020648,0.6178701018902747,0.21040460587077586,0.0,0.22874805691222838,0.223971606474834,0.48562560933387044,0.36782628985373644,0.0,0.48212268357202454,0.22152224939972548,0.08200003074488237,0.10209819515390117,0.39083694550449627,0.06996898835389319,0.12017919919604335,0.06687553761458925,0.0958239260701181,0.0,0.0,0.43530182140259643,0.17297974344403166,0.0,0.010626473215878595,0.30435097809884437,0.26717487839113674,0.39563768240897695,0.0,0.06612037662071284,0.09052337019845856,0.4482098339233998,0.18985801936310492,0.08433487554541962,0.0,0.0,0.0,0.0,0.20947821026422506,0.06718944706504035,0.20531521255445037,0.34266948499265387,0.05446977497823405,0.05157895187354817,0.0,0.47153024252950687,0.5343204255402075,0.5007825064109187,0.1561463331570205,0.0,0.2503893674137996,0.3121216102737233,0.45181032143477956,0.11257098887529081,0.5616924795789522,0.0,0.15757697008977167
0.43884834666434275,0.0,0.17421829479360476,0.4706112408716969,0.3364916537584239,0.1053796285890948,0.4630775324231506,0.5038662471603,0.27190105745631865,0.0,0.1570236225783067,0.0,0.5265311106861876,0.12812983013505613,0.15445934875877718,0.5006297672426498,0.0,0.045972467785521005,0.3268759262390952,0.27604876089760594,0.5999152195771659,0.3477101460756343,0.1342427109420736,0.06969526627278091,0.0,0.0,0.0,0.6365316374300705,0.48212268357202454,0.0,0.5636908604582613,0.05251076467834601,0.22077605352488194,0.6693085750806127,0.45173600552202825,0.3347652009687279,0.10657973500689838,0.22945818950457453,0.0,0.0,0.5609993137588086,0.26932775898211253,0.13652691883802184,0.2337367629572692,0.21550001960885834,0.4596795046788841,0.0,0.20268223158563353,0.37326264005173326,0.301325762001173,0.16500436292789272,0.4502133970352913,0.2778448570867605,0.15170892384136073,0.0,0.09086479235950568,0.004086591414873129,0.39987530949604166,0.0,0.0,0.22379030260954097,0.052248580076881976,0.0,0.21194678669717348,0.0,0.5485371571920842,0.1019199671116303,0.08035063081747523,0.0,0.0,0.0,0.0,0.3971860253834086,0.058891514903562175,0.28702474555713975,0.3393054095410581
0.5341119298800083,0.0,0.16789866274839085,0.3260144313925527,0.2129566550793256,0.0,0.3594473850622973,0.36429157423380415,0.12719523324894805,0.3641352789075083,0.0,0.1687921113854048,0.2788584504443849,0.04629900030672118,0.15525676275468236,0.48223978283550156,0.27289863121364993,0.23267575225951925,0.3370375654136418,0.18061129356345218,0.46948490340964694,0.3308738277801764,0.11568816195893919,0.28503457487750844,0.14413280148535543,0.03570903475624357,0.0,0.45210171292252055,0.22152224939972548,0.5636908604582613,0.0,0.35622768421793005,0.169877049498617,0.5500952273218073,0.5171960600467478,0.33102865343410176,0.21351824867482855,0.1387009813204713,0.09054631501360548,0.0,0.30281019873242593,0.2595499591076269,0.43001542702094897,0.43292460523038456,0.0,0.49557243672995716,0.03375535944614506,0.17679425698251347,0.46690579130761833,0.27663625006757314,0.07752436353233266,0.3704878276958023,0.13735583234379067,0.07818425795123372,0.2905484628518323,0.0,0.29923184552119375,0.3098313689120086,0.1310045953346714,0.0,0.2423545812873165,0.3643599599888946,0.15976292313250703,0.21347207820506028,0.0,0.4118037606364302,0.10987676545377865,0.11362083714387702,0.29966119552236037,0.19361715341620958,0.13270516865824186,0.0,0.47451790872205857,0.10709660982222262,0.23477440645300568,0.4228955476427581
0.22725257754932537,0.15246089582491534,0.17926784315354138,0.06731180485654853,0.2639676448799254,0.18849487557316405,0.40467784794383393,0.15625253109871204,0.10788541955336127,0.37282671024408753,0.0,0.22369368437557485,0.12135772917178718,0.0,0.16201229998361,0.10973911443311599,0.24330932634417662,0.19221951400785908,0.2716534438009963,0.0,0.18315917043977284,0.2664624207295406,0.26347100287577657,0.0382383038685404,0.27873989142363925,0.25764476468394215,0.2198052619427199,0.0,0.08200003074488237,0.05251076467834601,0.35622768421793005,0.0,0.16471810154982597,0.2540157441004819,0.44962666459649675,0.1423915602822008,0.1412642547104656,0.015322139741402044,0.7676642112817486,0.12334294477008449,0.11790079461036461,0.1927445593863098,0.39321044207380046,0.4633984651689213,0.0,0.11262788722189994,0.3306795979846346,0.03543052307483221,0.3574192473198242,0.30567373688098026,0.2003209701406674,0.17946577042201337,0.10065591884714895,0.06050204749714184,0.4482435327282547,0.0,0.31756033399852834,0.19123288103093555,0.17172614004276654,0.06771733830961216,0.06601009283722367,0.27883856838771437,0.1383723959980479,0.13497754138593943,0.0,0.09969551016041019,0.06394222910693183,0.202083048428553,0.29604160533030727,0.2950173952753917,0.17965016757058308,0.12134197147066546,0.29299312409900735,0.2501057155109582,0.04307031777963799,0.24800408465105964
0.15337581187063584,0.0,0.011807196419916306,0.2639814476071423,0.38309208465085576,0.1973713240587882,0.46253989463332457,0.3783095356200493,0.30797851363442896,0.0,0.0826384997079737,0.0,0.44785390774039735,0.32226233909830293,0.09942251867527371,0.18488100265099627,0.0,0.040849332845064375,0.0,0.0,0.24523463057712552,0.0,0.18723674477501887,0.07665519079357273,0.015845649781940356,0.0,0.0,0.1962667625835155,0.10209819515390117,0.22077605352488194,0.169877049498617,0.16471810154982597,0.0,0.3488137306788136,0.11249316809174895,0.04118869675570669,0.0390537563976418,0.32222973081129663,0.030910111083782228,0.5353198082510212,0.4639952317453885,0.31366835675057786,0.014331593216045779,0.16322666318335105,0.09196092311703111,0.17868657615587205,0.0,0.04671735774939465,0.09582525920030245,0.34713583398178893,0.18063100831075288,0.16468675640200864,0.19951815111668955,0.2641418132031541,0.0,0.09517849309913287,0.0,0.37887279834326365,0.045033015692331264,0.13976546246176177,0.09230659982346365,0.035323516038748524,0.017371242887550178,0.0,0.0,0.08007794277989337,0.0,0.11602473224504437,0.028128940370917642,0.02897411517404434,0.0,0.0,0.21914104516727456,0.0,0.0,0.2895456368207462
