0.0,0.5721663887608954,0.24688301713624897,0.4104031376779433,0.27251046916566013,0.5622520656659833,0.14468000410129697,0.39231077848866297,0.44223280098953827,0.3178462813480772,0.15792841539831048,0.26065818455579154,0.2842023969481823,0.0,0.5080180407114218,0.6089684658642602,0.39673606092165575,0.5503685312484691,0.22561405295655465,0.5324989262846472,0.7543630980252903,0.6400109297722132,0.6146691152829946,0.33030238088770353,0.5439847576618073,0.6112642232933861,0.6329000602844339,0.5330475614962621,0.5411044868901013,0.5150684049438736,0.646909096132,0.2606907063548733,0.22297878634731544,0.27916659896743135,0.0,0.4331093925458025,0.3458732909930973,0.16692852671863734,0.19034406184858801,0.09565001296917693,0.06063030996184028,0.0,0.5176268888052149,0.4341567392425062,0.10808454633889598,0.8539479801140389,0.6380035728425921,0.5652024573933443,0.4913837184109698,0.5088241610618945,0.19032423447419625,0.38487543289992154,0.5392826544981467,0.4509857459625637,0.36732709240090966,0.44233609166383725,0.04520007972013763,0.5289630299423704,0.10511030831525743,0.46842413257351095,0.6701523811833935,0.4819566450649074,0.5878152132115353,0.318676598541262,0.475748447154282,0.7104749722967942,0.6068413023891713,0.6154996897503914,0.20586051453761905,0.6336925879269427,0.6661738073958186,0.4954780043804056,0.4893313716499587,0.39134863482494125,0.4701551836501158,0.577337567127083
0.5721663887608954,0.0,0.0,0.32520508273743415,0.11138261501779166,0.7682178850953292,0.0,0.1308902822894161,0.33141987889464974,0.22903697013973146,0.0,0.0,0.41469864468205186,0.0,0.46485404503250966,0.7616592014076643,0.7085173552129425,0.7465052704988416,0.2410197710723461,0.7617470269117069,0.7225967863377317,0.7857702643553807,0.5243338176881055,0.0,0.7515193741276326,0.753813898607936,0.7106763469232371,0.8011416433317273,0.8869518342737885,0.33509876813404066,0.6586282642338706,0.45455078290554973,0.0,0.0,0.0,0.5991060228409296,0.154933599704276,0.3879663577332724,0.4231661869458507,0.0,0.0,0.0,0.7435787379638893,0.32032304057573247,0.21977725460838146,0.5293761607169347,0.7084349837645763,0.39166819392560037,0.35021948881598997,0.3857001356338508,0.18537253696539788,0.2073256562804299,0.45049988909527217,0.3716240744879549,0.3311292820978436,0.2630965423633341,0.0,0.3491212638327425,0.20162991687549306,0.2752512422184144,0.7557773439963913,0.5524523229833245,0.6174809594028522,0.34109412814279494,0.5953555596909007,0.6707873341692061,0.6730349150395687,0.5058531126935548,0.0,0.7971990465743147,0.6835779626944073,0.4765690895090569,0.6929357586839469,0.06018566303322519,0.49090179806110684,0.6310361234301934
0.24688301713624897,0.0,0.0,0.07035007374774985,0.3093744457389218,0.2046598142839162,0.20159582838876416,0.5348936321155495,0.5373120203373674,0.13651160358730283,0.6343507576291122,0.15532895578245637,0.2570135368449107,0.09683784938167037,0.42489938441646913,0.1535526445601033,0.11117982996236464,0.26038238135280617,0.5579575941620538,0.23521897591662888,0.14700849006282557,0.31259465845634565,0.5785369718291111,0.0,0.03376908028993097,0.1396538963902949,0.4617996618608637,0.24367676006912523,0.04939786668269822,0.36614407936313237,0.17696995975815932,0.08904548990502813,0.0,0.14663206301647386,0.0,0.1867644204729709,0.3217413645301733,0.0,0.0,0.042833156661873296,0.26255640452705575,0.0,0.09566979633515442,0.1989857361787048,0.048131024818170054,0.17309255738463966,0.33710077507235986,0.7347352720180939,0.40781385167835327,0.5159656303338065,0.4219628399463664,0.46744749153573106,0.4020252235573614,0.6554023116004555,0.2104797810109223,0.6399893574506763,0.22196439061713913,0.4724403284921756,0.21785266486561,0.5503920765610228,0.07146364119934634,0.17574110634489984,0.11232295902939925,0.5186400660595624,0.40488203659231337,0.23470292174120636,0.42920081978181274,0.5075086015260819,0.013505495096658448,0.09102637967902653,0.20329061558622422,0.39798202487207823,0.3216267946254055,0.381073696464576,0.32742382120891134,0.23227975408378726
0.4104031376779433,0.32520508273743415,0.07035007374774985,0.0,0.7433559959634006,0.25543164984405586,0.6576236258023935,0.10929387376488138,0.6507646191429368,0.7649700696959056,0.5094006724224848,0.6450681622691542,0.6126945708311993,0.5007805527583008,0.0,0.0527287678771352,0.5763991610828857,0.31109827982340504,0.30392256909792414,0.010302529551302677,0.3063519076062394,0.0628556634164126,0.17957902168998807,0.4317779190501688,0.26345827378010167,0.6361202458240257,0.26866326571019394,0.569929200243708,0.23887170607030833,0.6492744551088182,0.6653560301590765,0.0,0.047041918175428604,0.07071198369113375,0.0,0.6422049520796373,0.5149197854268629,0.0,0.0,0.0,0.0,0.2885807969388947,0.0712343072854074,0.617534945128319,0.24772720087195627,0.08010950183789141,0.4131546613533442,0.32955119044078846,0.17614854846538425,0.3770484110045765,0.0,0.3072409564535112,0.22346636116324708,0.2678567302504058,0.6670584105415608,0.4281748693790707,0.4205421057357959,0.25347910275371965,0.17530861831016448,0.0,0.44353466475972136,0.672880660044012,0.5939649654865526,0.23537692680683533,0.0,0.20059557277580164,0.2769433417354878,0.2609860419457401,0.4628237522544167,0.4466165180665342,0.5922921650999723,0.0,0.0,0.0,0.09232272508751935,0.13926387206720606
0.27251046916566013,0.11138261501779166,0.3093744457389218,0.7433559959634006,0.0,0.11848443700556263,0.9249707162538037,0.2623774002381727,0.8744308879826928,0.9433976761301465,0.8492114637802105,0.9057865479827119,0.7828894680695455,0.8439949913335272,0.0,0.0,0.44727778318428313,0.13264245240453143,0.29720062349804816,0.0,0.0936360890015575,0.0,0.16282165964094575,0.5089699738175448,0.019873225619594377,0.5390276267668591,0.13989212615172789,0.5494948008163447,0.0,0.7177020586827003,0.6092022169035989,0.0,0.028353383531343417,0.18613979055838545,0.1919564311585422,0.6699829319755617,0.7977139012446344,0.0,0.0,0.0,0.1485993933810234,0.5858656670819845,0.0,0.8185702638103843,0.35127213138601815,0.0,0.39309309673601195,0.4789500880560439,0.058051174162491004,0.6533046898361465,0.0,0.5939627717994274,0.21182283595359255,0.4933153554488616,0.8231287455002078,0.6179115333501066,0.6818272709405689,0.49344333795083434,0.47253253625081465,0.0,0.2657564446930241,0.7258541645293665,0.5813503715457791,0.17112429207176777,0.0,0.046134169896027095,0.256517261644553,0.25375129952751185,0.570139150958648,0.34077096587247246,0.5808981029747344,0.0,0.0,0.0,0.0,0.0
0.5622520656659833,0.7682178850953292,0.2046598142839162,0.25543164984405586,0.11848443700556263,0.0,0.0,0.36638302719580557,0.3613767634008267,0.03542770372204922,0.0,0.0,0.14561092176579266,0.0,0.5625284488972683,0.6301172673989474,0.3440045026771706,0.4521013159400434,0.41492264328521156,0.8064769943608843,0.7117634081465277,0.7640802496728354,0.7747510629147862,0.0,0.40098194004739707,0.4444034926832622,0.8607225697850243,0.6571815795924688,0.9132324154462846,0.2058157928124974,0.40290847067184116,0.5210718322710772,0.0,0.0,0.0,0.39208212638248313,0.2517286331047151,0.1339629207260955,0.4930029605116101,0.0,0.0,0.0,0.7681140550182826,0.2307035365384939,0.0,0.5698055129771261,0.6900535398877555,0.6620544789012055,0.32495084084699694,0.48984870877615133,0.4436916770668838,0.10763364306100964,0.6692241128685893,0.5646329496053015,0.08205582959116456,0.4620204530062973,0.0,0.4833827757941031,0.07562265171721753,0.31365272864238397,0.700474999004419,0.3541616650172836,0.498454596420305,0.5774998466342549,0.6132306257336524,0.613236417431524,0.61427936114851,0.8286581461768706,0.0,0.7610813343650955,0.4889177098147706,0.7181420944541815,0.7622040134058669,0.20788607864615521,0.38983900294164675,0.587531828861154
0.14468000410129697,0.0,0.20159582838876416,0.6576236258023935,0.9249707162538037,0.0,0.0,0.10475417084658183,0.6892699200060177,0.9051792703936,0.7893216621037326,0.8855274676575451,0.7982984304957376,0.9333587116011761,0.0,0.0,0.328067165027487,0.04419947079227051,0.0810407431300314,0.0,0.0,0.0,0.0,0.6273562279764996,0.0,0.4174790536245836,0.0,0.3712537935455939,0.0,0.6723799840614685,0.4884641828457251,0.0,0.07307254521477596,0.20298217508457875,0.42733463275859956,0.519962610367703,0.7049471092359185,0.0,0.0,0.04396428601813767,0.34932410170444345,0.7466488614622739,0.0,0.7296036988352027,0.4434827709821684,0.0,0.13791150874670594,0.23495385246156072,0.0,0.4486153662725678,0.0,0.5374367036606491,0.0,0.24498890447431468,0.7432446995899562,0.45444640583897705,0.8198830060869166,0.3284507291296821,0.42819512341298693,0.0,0.05360939292900455,0.5577136493746788,0.4329273189102732,0.0,0.0,0.0,0.062183593395214544,0.0,0.7108765525426188,0.0674930954816673,0.389885068916937,0.0,0.0,0.0,0.0,0.0
0.39231077848866297,0.1308902822894161,0.5348936321155495,0.10929387376488138,0.2623774002381727,0.36638302719580557,0.10475417084658183,0.0,0.4129391518069711,0.12962115058171553,0.4551781565596028,0.17585733511405716,0.24217353566533406,0.05756730254254941,0.2507449672374599,0.19744482824619677,0.1300787196365902,0.19350618304384595,0.42191036219922573,0.17255483452098547,0.3639946820785686,0.23011292212737103,0.7314401127892175,0.13366748434641695,0.10257717725818878,0.22016590975940495,0.3493425513799115,0.31310097607788506,0.13621283127696437,0.407170919492332,0.3212787921488662,0.17674182891516463,0.0948126152936402,0.2307879893980128,0.0,0.21853910253462822,0.2555984046555968,0.1627125883851388,0.02862007374203311,0.10033706957547328,0.24469332458343862,0.0,0.23822384248315323,0.2350178737344635,0.0788204468121921,0.40008815296552774,0.35855781130524933,0.6025816050067696,0.42985769734918505,0.5218043523948791,0.43538252103614555,0.37826242700391133,0.7564885172378234,0.5799417194964579,0.17325044625857972,0.6509353048468142,0.15813448586021844,0.5433023787293683,0.22907870602855393,0.2919322553270984,0.062283555544166494,0.16973402590049952,0.04540012458945694,0.46501675098415,0.17351781133313773,0.4440605641306991,0.2204549308114992,0.6522744720557679,0.033370383326783784,0.16353430486141018,0.2735454926494517,0.2939065295666883,0.30374393343794126,0.31793591927201287,0.2685904421593234,0.14583488307692674
0.44223280098953827,0.33141987889464974,0.5373120203373674,0.6507646191429368,0.8744308879826928,0.3613767634008267,0.6892699200060177,0.4129391518069711,0.0,0.7906070570718439,0.7592341979274915,0.7196213743961226,0.7306181423034019,0.5294852772370309,0.15237644930214161,0.17901648033723366,0.5566161839758691,0.40251106729497693,0.45903382539870774,0.10969130496095571,0.2742588186853068,0.19914774765606433,0.48256736665613564,0.38965404471033066,0.25520575824578734,0.6347995059371367,0.4961894627061136,0.6231579597491622,0.22416827828740218,0.7298298152286489,0.7037049662392314,0.0,0.1015329923462378,0.11082551983631109,0.0,0.7152050278841591,0.7248636187757709,0.0,0.0,0.003902102347393776,0.1064227846457119,0.18143085438052317,0.21526730946366474,0.7078941127268689,0.2538768203335621,0.15190299193393178,0.6980818931735875,0.6847530528183436,0.41085736063187334,0.8081508979405627,0.0,0.7600814154263592,0.4525816718500784,0.8209145764035661,0.7927071009425305,0.6987273584569971,0.5364939061136851,0.6460610975196989,0.5170936342135173,0.2294991628321866,0.40305048443912256,0.773018351116592,0.6511688340955003,0.3926221292637019,0.26569464000024845,0.34671578300339967,0.5462172376243444,0.5141430225122451,0.36770827732219813,0.5440498016354133,0.7340923923991651,0.12608995914451346,0.20610405303484827,0.0,0.2704601511620829,0.33023722433495256
0.3178462813480772,0.22903697013973146,0.13651160358730283,0.7649700696959056,0.9433976761301465,0.03542770372204922,0.9051792703936,0.12962115058171553,0.7906070570718439,0.0,0.6750800060863446,0.9226573864354527,0.8433816163851299,0.8125432098607481,0.0,0.0,0.6270884526948557,0.3062427571781609,0.14395176813939314,0.0,0.12971113563179654,0.0,0.052431592558267404,0.6749911275479562,0.29708796409485017,0.6902677841314828,0.06969010989022861,0.5704619382784265,0.0,0.7741883278816825,0.7213527087357195,0.0,0.19004273189518836,0.11444453264973274,0.13703445176694676,0.70310270815544,0.7161230362492691,0.0,0.0,0.10231540478768039,0.21464393461925027,0.5394110796174518,0.0,0.8670864254320384,0.3589146230521814,0.0,0.4152933012780262,0.29106044127028485,0.08422437122290562,0.5379871827482513,0.0,0.6391887420017861,0.13063417761790896,0.33053485827741036,0.9430659517382541,0.4321443814178953,0.713994246990071,0.3564224943102337,0.49991741931765243,0.0,0.28830196743041364,0.8172957663658122,0.660375472227239,0.06298789874450426,0.0,0.14640906406275475,0.2661279269196079,0.08663449912780954,0.6929911562257444,0.39203148940481264,0.6710991129230064,0.0,0.0,0.0,0.0587369210355573,0.06228315910711071
0.15792841539831048,0.0,0.6343507576291122,0.5094006724224848,0.8492114637802105,0.0,0.7893216621037326,0.4551781565596028,0.7592341979274915,0.6750800060863446,0.0,0.6701623422926923,0.6420473301077353,0.7393731399239972,0.052032751266783375,0.0,0.20547505498203333,0.03888810154106822,0.535507872047005,0.0,0.0,0.0,0.23131978436247252,0.3307808200555643,0.0,0.23686988827908617,0.12020820684589173,0.3598198532399667,0.0,0.5770059671483921,0.3824526462636117,0.0,0.0,0.23964013377753554,0.29115724502000306,0.4098577709351618,0.6948241230239272,0.0,0.0,0.0,0.3119095096668029,0.7079842103047035,0.0,0.5860448456137529,0.23302798972614572,0.0,0.1824860478699398,0.6307393014715259,0.12375441927528961,0.6204330567156847,0.0,0.5652232430965874,0.24780690495201393,0.566809336597636,0.5765105842850614,0.7810835017921742,0.608951464603328,0.45036853825265083,0.37654995372797756,0.16580004650700514,0.0,0.422699497689118,0.2830568471270632,0.38144299716059443,0.0,0.0,0.16198695817240186,0.27445134355078016,0.402496994608838,0.02382283747275608,0.2551655426423776,0.0,0.0,0.0,0.0,0.0
0.26065818455579154,0.0,0.15532895578245637,0.6450681622691542,0.9057865479827119,0.0,0.8855274676575451,0.17585733511405716,0.7196213743961226,0.9226573864354527,0.6701623422926923,0.0,0.7191996267160239,0.7983072277101232,0.0,0.0,0.3778334280700559,0.07648585187186456,0.08466619856698201,0.0,0.05587447639971251,0.0,0.0,0.7025007252933596,0.0,0.5124312996858111,0.0,0.39866802184686656,0.0,0.7064888815122524,0.6463468483036113,0.0,0.24557565021864436,0.281782306310881,0.38628389030022564,0.5407569948216147,0.7129103705209382,0.0,0.0,0.1352245010332165,0.23322358441957297,0.6010913757651369,0.0,0.7992296345659194,0.2814533950521546,0.0,0.25823309619792123,0.26017355533809977,0.019977173359089086,0.45838464163411574,0.0,0.5653543490717194,0.09890402897630664,0.2443005599363526,0.8232245946928388,0.3737862955623274,0.8086980645647405,0.3910512487129358,0.40218394684869574,0.0,0.18321477587313334,0.6984256752685899,0.5582972640880305,0.0,0.0,0.06216604564113328,0.16891419150029416,0.03384181580915404,0.712381447559656,0.19940499230395373,0.5327254876147992,0.0,0.0,0.0,0.0,0.0
0.2842023969481823,0.41469864468205186,0.2570135368449107,0.6126945708311993,0.7828894680695455,0.14561092176579266,0.7982984304957376,0.24217353566533406,0.7306181423034019,0.8433816163851299,0.6420473301077353,0.7191996267160239,0.0,0.6233677428907772,0.0,0.10390265016903785,0.6643535447757253,0.4825785800807294,0.14606619568661475,0.0,0.2033976542132634,0.06151332719475277,0.1401926251393738,0.5418645151459333,0.36838497818519284,0.7241766843878269,0.1397341251781646,0.7363912508950461,0.05840080206283306,0.7265826553701816,0.6867318005364719,0.0,0.05239442779190744,0.04084721848444075,0.06628358029230322,0.6578503999540614,0.6314231631581066,0.0790754203886513,0.0,0.09793338319161993,0.28501550535778347,0.4421151747479209,0.0,0.7231349186485074,0.5971059243384736,0.0,0.48255882511983916,0.3158440339784838,0.2224260394746509,0.5573450350002666,0.0,0.675771888132186,0.1927489082432427,0.4018086249633827,0.8132343166856925,0.45380399635552404,0.6420262156796863,0.576960406107993,0.5511953807923404,0.0456250187064958,0.3332401506177321,0.7716881376513139,0.6068601535794421,0.04332316379277532,0.10339133825767292,0.30810149797281505,0.4137444858586213,0.13459944881369545,0.6152559982725752,0.35763982392284166,0.6680782351928238,0.0,0.10680127195180288,0.0,0.17873502364389193,0.20882244945290507
0.0,0.0,0.09683784938167037,0.5007805527583008,0.8439949913335272,0.0,0.9333587116011761,0.05756730254254941,0.5294852772370309,0.8125432098607481,0.7393731399239972,0.7983072277101232,0.6233677428907772,0.0,0.0,0.0,0.07504994462951341,0.0,0.0,0.0,0.0,0.0,0.0,0.6082736977291757,0.0,0.1535713054048696,0.0,0.14171482343370903,0.0,0.5057042492547277,0.29106128149299454,0.0,0.08590096379774785,0.23963927436624807,0.5446724144146942,0.3187751917786274,0.6446425124750841,0.0,0.0,0.084260192299736,0.3733594514874614,0.8241578560687277,0.0,0.5616512680005944,0.3585310748228998,0.0,0.0,0.031312674942251234,0.0,0.2396185742560886,0.0,0.3777777164895959,0.0,0.061123636995416085,0.6332346296170888,0.26054264056370324,0.8152914498297433,0.20777263224721335,0.35319465205140327,0.0,0.0,0.4168138168138558,0.24595591530561542,0.0,0.0,0.0,0.0,0.0,0.7010204441874637,0.0,0.1667631311633274,0.0,0.0,0.0,0.0,0.0
0.5080180407114218,0.46485404503250966,0.42489938441646913,0.0,0.0,0.5625284488972683,0.0,0.2507449672374599,0.15237644930214161,0.0,0.052032751266783375,0.0,0.0,0.0,0.0,0.541513979367054,0.1358191487367458,0.3321873396303333,0.36259459124788646,0.8020601185057201,0.6884196159840176,0.8171387063101696,0.5603139842686461,0.0,0.2520613029789414,0.2106223696817459,0.6118800266371424,0.3590334951297739,0.5825993880801882,0.12630108870018666,0.2731269210065032,0.3523942425397051,0.0,0.07787040688451305,0.0,0.09767728252964616,0.10384962193644508,0.10012339723617937,0.34364636332661647,0.0,0.0,0.0,0.53337413102749,0.14259889875920334,0.0,0.5469483615699215,0.3666698148741068,0.6499537404884809,0.30627640688606794,0.35573500942405445,0.3868659337639242,0.1215598512299184,0.46381097531936394,0.39722439302145457,0.0,0.42012372568657025,0.0,0.27923841759192375,0.0,0.892234748693454,0.48112172976601575,0.11992100531343465,0.30286967379039076,0.4984090210683066,0.7067700707394444,0.5580753596250058,0.6619642632067599,0.6091053954535784,0.0,0.43117701169735817,0.2684305289824845,0.6829222903287343,0.6604054656784968,0.4587005152121463,0.448952949600728,0.551704077024692
0.6089684658642602,0.7616592014076643,0.1535526445601033,0.0527287678771352,0.0,0.6301172673989474,0.0,0.19744482824619677,0.17901648033723366,0.0,0.0,0.0,0.10390265016903785,0.0,0.541513979367054,0.0,0.5357523016312032,0.8143766186107025,0.24598921765171194,0.7544049306457683,0.6281540325134017,0.819027863639439,0.6167276496459152,0.0,0.7426159558829325,0.5288583585814461,0.7313805020212141,0.4786419885375937,0.7531233113017213,0.20567473865078212,0.4870818844316893,0.6210643372912671,0.1626652522111552,0.0,0.0,0.29798624204146984,0.0,0.3049715553825779,0.6033176483922612,0.08625543676805354,0.0,0.0,0.7424712025529063,0.018868258809827374,0.0,0.7360359820380783,0.6389097206806101,0.33527420717251694,0.6309223843266157,0.34343825856580446,0.5233221346681483,0.24652626668438044,0.47755010146338983,0.38951517647799594,0.10588409419720457,0.1338077412426624,0.0,0.3488895177475796,0.042602569537015286,0.4677353002647676,0.6238868546025618,0.29517051083776785,0.40974122263668583,0.3866740929415607,0.6925932462999825,0.6945933713139784,0.6231710978232546,0.5452961193604162,0.0,0.6397929525595292,0.4843887035004812,0.6116168789105308,0.7636646095967016,0.41765491346777295,0.7189483063972371,0.7116302949077371
0.39673606092165575,0.7085173552129425,0.11117982996236464,0.5763991610828857,0.44727778318428313,0.3440045026771706,0.328067165027487,0.1300787196365902,0.5566161839758691,0.6270884526948557,0.20547505498203333,0.3778334280700559,0.6643535447757253,0.07504994462951341,0.1358191487367458,0.5357523016312032,0.0,0.8022839519069238,0.24169634169150891,0.29670200738125674,0.4574794686297227,0.3634877841480875,0.33832641765297283,0.3426856378240291,0.7993319707590901,0.8953359103038808,0.3892178695095028,0.8157023771624335,0.5186279633300995,0.6030399465420028,0.8005829964582765,0.15442663117769737,0.08141520663899042,0.0,0.0,0.7399478935784974,0.29679777905612154,0.2943717686541705,0.07008655331069451,0.045284686880012984,0.010626507199681737,0.0,0.4471185080452097,0.5728023912365365,0.34593737874455643,0.24349083855262071,0.6390689000286968,0.3175665525915151,0.4154855634572205,0.5369649240598812,0.0,0.5396435225178184,0.34005297545164515,0.3874821929857321,0.7473065427521371,0.30219587149383403,0.17592998886766142,0.3048746627430387,0.4767396695559136,0.14224766169531375,0.5633724298876215,0.8147766520992933,0.6920840102838276,0.24441023498319103,0.3337873478624133,0.5396475786470935,0.5654263225871445,0.3190798577871226,0.28339500427456454,0.7027031949895023,0.7937630715768902,0.06270401857965364,0.3728495443704707,0.0,0.5286567269919945,0.49937255322828256
0.5503685312484691,0.7465052704988416,0.26038238135280617,0.31109827982340504,0.13264245240453143,0.4521013159400434,0.04419947079227051,0.19350618304384595,0.40251106729497693,0.3062427571781609,0.03888810154106822,0.07648585187186456,0.4825785800807294,0.0,0.3321873396303333,0.8143766186107025,0.8022839519069238,0.0,0.2420173638090198,0.49605410180038745,0.5079418987361362,0.6094272385274058,0.464522707440718,0.12151590778126854,0.8384261960754033,0.7933377753853256,0.5465649061816922,0.7029625631778733,0.5955431014082658,0.5211323609514513,0.6931436257974609,0.43119272147762255,0.22747983029637306,0.0,0.0,0.603578176906192,0.16631529581355187,0.34683334939799026,0.37464311354585633,0.17474372584862075,0.18096643149520536,0.0,0.490858796166189,0.32187929829711787,0.27456523307583014,0.5179459813005263,0.6920895347684596,0.32466871915499423,0.6189510903012619,0.4491799723953023,0.22964189908828206,0.4412864683451534,0.32684011608185204,0.42038464212795207,0.46562109218617226,0.19598079332449808,0.004084391231284754,0.4132594828956794,0.328709525025972,0.3453335680253574,0.6371561627415847,0.5885904120885047,0.6091030542806826,0.2917328519667307,0.5503229070536698,0.6073889601421725,0.6571414686061277,0.38010217682469155,0.10025615806987763,0.6516990664136938,0.6934065513185618,0.29171925977707863,0.6301886441573881,0.1440476668561899,0.7101861203013505,0.6576639838450142
0.22561405295655465,0.2410197710723461,0.5579575941620538,0.30392256909792414,0.29720062349804816,0.41492264328521156,0.0810407431300314,0.42191036219922573,0.45903382539870774,0.14395176813939314,0.535507872047005,0.08466619856698201,0.14606619568661475,0.0,0.36259459124788646,0.24598921765171194,0.24169634169150891,0.2420173638090198,0.0,0.3108974719632095,0.2919297613461598,0.29742741695429986,0.5064109642616242,0.0,0.0836427016166826,0.15593933503441357,0.3927380136651968,0.4153588503088538,0.29313074223085517,0.30693179342253096,0.29789193679123716,0.13654244220765308,0.0,0.02096293195227658,0.0,0.28268331633951616,0.24868728706870166,0.0,0.09510677009646239,0.0,0.0,0.0,0.3290580998292443,0.23705386154661162,0.0,0.1357049963990695,0.2820819868832238,0.7022090611038379,0.22675837591685832,0.4680684540831582,0.1653449253564718,0.15588957410493942,0.5010907600888406,0.5671454978035448,0.13872669537753896,0.6604252534256289,0.0,0.22583248529640906,0.12869487597089613,0.25080998217654527,0.170994047817613,0.18124565405228707,0.16424860035541725,0.9218821117126438,0.19125035059214826,0.22162092433048297,0.24963322055824597,0.5616675166781366,0.0,0.27455264714359195,0.15186584651522173,0.2643988554785482,0.27168031278949817,0.0,0.32435627691557867,0.16499701182172077
0.5324989262846472,0.7617470269117069,0.23521897591662888,0.010302529551302677,0.0,0.8064769943608843,0.0,0.17255483452098547,0.10969130496095571,0.0,0.0,0.0,0.0,0.0,0.8020601185057201,0.7544049306457683,0.29670200738125674,0.49605410180038745,0.3108974719632095,0.0,0.7706445525453508,0.9660761339694104,0.6296256394813536,0.0,0.4794180052648202,0.36211911939549407,0.8118640084593682,0.533927175791173,0.9196977464817394,0.06528384903052839,0.34670517291263203,0.6203280551584326,0.0,0.0,0.0,0.2279027137795089,0.02239923271737536,0.29803830742272974,0.6534075042719364,0.0,0.0,0.0,0.7993738556432393,0.049702749497999396,0.0,0.6395684544271277,0.534005480262886,0.5218411711129173,0.3926455122865708,0.2951552036562591,0.49000964353659443,0.0,0.5123784997686677,0.38830352983263855,0.0,0.26458892140577384,0.0,0.2914037350505177,0.0,0.6061728826879467,0.6965997821150729,0.17789019095618752,0.3906540062360622,0.4752851189162773,0.8467660510985999,0.6688222084295089,0.7307389191138154,0.64657031023751,0.0,0.6463961844540331,0.3915323237108095,0.8184533850098794,0.8388188677519357,0.3845325415017576,0.510416047567294,0.7436952855727289
0.7543630980252903,0.7225967863377317,0.14700849006282557,0.3063519076062394,0.0936360890015575,0.7117634081465277,0.0,0.3639946820785686,0.2742588186853068,0.12971113563179654,0.0,0.05587447639971251,0.2033976542132634,0.0,0.6884196159840176,0.6281540325134017,0.4574794686297227,0.5079418987361362,0.2919297613461598,0.7706445525453508,0.0,0.8136611789895511,0.6705255020796543,0.13031074455690878,0.5256721614079392,0.5880513229805789,0.6387075271948267,0.6727653098346607,0.7584474311873448,0.377183921548576,0.584821510821054,0.3585724813327753,0.0,0.0,0.0,0.40996345096182585,0.20627149423203467,0.2571038611075286,0.28273218408970113,0.0,0.0,0.0,0.6487262744133306,0.39014775952373926,0.10286211564733318,0.7432013219355244,0.5996373429547767,0.5656306181134553,0.37773820852945644,0.3965136487146199,0.20359288763543898,0.16150155914630168,0.6766933797452918,0.37232180817416805,0.21675369782438292,0.3867388044933898,0.0,0.34895106851232505,0.15095034005317864,0.5399369776437886,0.7384306267500002,0.4330944966157535,0.5846254178013354,0.40799560377573557,0.6387537292770062,0.8422287734582135,0.6948728351072142,0.7023447541343798,0.031027531859432553,0.6782405996631763,0.6210827818525926,0.5459480347009272,0.6649881569543507,0.30152892591899677,0.4841705942499852,0.65118958709632
0.6400109297722132,0.7857702643553807,0.31259465845634565,0.0628556634164126,0.0,0.7640802496728354,0.0,0.23011292212737103,0.19914774765606433,0.0,0.0,0.0,0.06151332719475277,0.0,0.8171387063101696,0.819027863639439,0.3634877841480875,0.6094272385274058,0.29742741695429986,0.9660761339694104,0.8136611789895511,0.0,0.6689095266982622,0.0,0.5517195281919326,0.4756735068107153,0.8224222524789434,0.564616033756484,0.8748938285058316,0.17940926402985535,0.440891443302763,0.6052176306075004,0.0,0.0,0.0,0.28924924419609044,0.04049512287103766,0.34711503239309793,0.6132635894550593,0.0,0.0,0.0,0.7888999890875384,0.13356513037689713,0.0,0.720231611366651,0.6164918121619755,0.5515331152928995,0.4956360787172538,0.3555707435607283,0.4780212754002333,0.1222879583730074,0.5481970532377644,0.42848178884375915,0.0,0.3013904171224563,0.0,0.3864682296523029,0.0,0.6580501265145449,0.7110450315899651,0.26130212179259793,0.4412781046937635,0.4568844497215191,0.8508447311549984,0.741531477414886,0.798001142181689,0.6527719548164477,0.0,0.6600518796599864,0.5071664325275987,0.7665064214760204,0.8372622551980969,0.4557272402728371,0.608243900469216,0.7779269203991396
0.6146691152829946,0.5243338176881055,0.5785369718291111,0.17957902168998807,0.16282165964094575,0.7747510629147862,0.0,0.7314401127892175,0.48256736665613564,0.052431592558267404,0.23131978436247252,0.0,0.1401926251393738,0.0,0.5603139842686461,0.6167276496459152,0.33832641765297283,0.464522707440718,0.5064109642616242,0.6296256394813536,0.6705255020796543,0.6689095266982622,0.0,0.0,0.43102449689155187,0.4274196902629558,0.8070088700385932,0.562622618014122,0.6587244456720502,0.40207431024045304,0.45042225449086554,0.5069757670916542,0.014410720437438239,0.0,0.0,0.33500414502328985,0.1987646230369222,0.16629158846020992,0.4039263420561378,0.0,0.0,0.0,0.6370262842890855,0.21520182884785108,0.0,0.668255695136316,0.7134781008867725,0.7664743012243426,0.5463179761888775,0.6129907095207324,0.6205979042394569,0.3898956180078481,0.8777807531554483,0.7347507096341989,0.17882981534371456,0.616281760470695,0.0,0.5558617401045315,0.23821535977947747,0.5118356752184737,0.47275494528976436,0.3230702476440696,0.3275637101602549,0.6125390456281684,0.6068691208492275,0.6821277981931547,0.6096364393899447,0.9440137935257094,0.0,0.6059754423900633,0.5218982653097601,0.6736975029798173,0.6914577583013888,0.44119995233658726,0.5384926157532818,0.5534098015937997
0.33030238088770353,0.0,0.0,0.4317779190501688,0.5089699738175448,0.0,0.6273562279764996,0.13366748434641695,0.38965404471033066,0.6749911275479562,0.3307808200555643,0.7025007252933596,0.5418645151459333,0.6082736977291757,0.0,0.0,0.3426856378240291,0.12151590778126854,0.0,0.0,0.13031074455690878,0.0,0.0,0.0,0.2251581509948044,0.5127548046693364,0.0,0.20527663172668134,0.0,0.5932962443547087,0.538266104315388,0.0,0.36797121515480435,0.2403843128417226,0.4072046882953205,0.34362202953018994,0.36591212728167327,0.07838149538708693,0.0,0.46485165909614395,0.4771301612037426,0.641726714319679,0.0,0.5212690773271217,0.3634351874333152,0.12411658688770066,0.10272180634085325,0.0,0.061796216385523,0.1673644433409177,0.0,0.45950736796549746,0.04484586668893991,0.0,0.6453490790891493,0.04673809436412729,0.7649565128575398,0.18086777545713195,0.3471855813785301,0.0,0.11906051960540869,0.4772706272343994,0.38410028369435956,0.0,0.0,0.2035130085392634,0.08707836484786204,0.0,0.9418545291920172,0.04800521187088897,0.48646828541670273,0.0,0.0,0.0,0.09373283129176416,0.11559881674748838
0.5439847576618073,0.7515193741276326,0.03376908028993097,0.26345827378010167,0.019873225619594377,0.40098194004739707,0.0,0.10257717725818878,0.25520575824578734,0.29708796409485017,0.0,0.0,0.36838497818519284,0.0,0.2520613029789414,0.7426159558829325,0.7993319707590901,0.8384261960754033,0.0836427016166826,0.4794180052648202,0.5256721614079392,0.5517195281919326,0.43102449689155187,0.2251581509948044,0.0,0.7728751862634617,0.45618974166359044,0.623452777407911,0.5673761105918845,0.35635595059218933,0.5609169642319951,0.35602186900971095,0.10212524389558315,0.0,0.0,0.5410083072401097,0.0,0.39515079705765693,0.3130255486813996,0.14648910711142385,0.031062678406012744,0.0,0.47927158441899453,0.20054619512664523,0.2556707549490577,0.529741111821915,0.563151552479537,0.2125254350043282,0.5062638188247389,0.3541698641819831,0.1987820463748319,0.4022475475394313,0.32842535147272794,0.3001881869161269,0.44059811504987956,0.11139851499925182,0.0,0.18730641337275267,0.24401609165837732,0.2527622021995602,0.5858194775424916,0.524651942322088,0.5525054439054737,0.13372001872442432,0.4962764264438967,0.6051247085212552,0.567058142128883,0.3398581225962438,0.11449803316988619,0.706354348399878,0.6708262985978765,0.342120751326817,0.4958905949660179,0.20347408734362757,0.6045368201126038,0.5783182878758008
0.6112642232933861,0.753813898607936,0.1396538963902949,0.6361202458240257,0.5390276267668591,0.4444034926832622,0.4174790536245836,0.22016590975940495,0.6347995059371367,0.6902677841314828,0.23686988827908617,0.5124312996858111,0.7241766843878269,0.1535713054048696,0.2106223696817459,0.5288583585814461,0.8953359103038808,0.7933377753853256,0.15593933503441357,0.36211911939549407,0.5880513229805789,0.4756735068107153,0.4274196902629558,0.5127548046693364,0.7728751862634617,0.0,0.4984806060644557,0.8291337371547113,0.5615272444940091,0.7338717935208625,0.9372779225326207,0.1563231454952097,0.21075352223829236,0.0,0.0,0.7991916452683051,0.4224421538983967,0.3065755408237061,0.06008074527288208,0.10353404072746197,0.07740365922762996,0.0,0.47409251314117545,0.6463908937220814,0.4186426191611504,0.4253911262802079,0.7564149248696372,0.3603276914117173,0.45085626543999013,0.5511004831939245,0.0,0.5739667953557847,0.3865022267461248,0.4107074885302452,0.7736403424702333,0.3135316263933299,0.29100276336658487,0.4511575305320234,0.455894341347305,0.19309296053190808,0.6739563713109002,0.8603711308636902,0.7835024771916664,0.17410149785515058,0.39410410780048755,0.6452876742232027,0.6612101665698024,0.37037766914445874,0.4295539220886793,0.7647319175059549,0.9317331177127915,0.10988441176765414,0.42141685784732735,0.0,0.5219915967821289,0.5857527485845957
0.6329000602844339,0.7106763469232371,0.4617996618608637,0.26866326571019394,0.13989212615172789,0.8607225697850243,0.0,0.3493425513799115,0.4961894627061136,0.06969010989022861,0.12020820684589173,0.0,0.1397341251781646,0.0,0.6118800266371424,0.7313805020212141,0.3892178695095028,0.5465649061816922,0.3927380136651968,0.8118640084593682,0.6387075271948267,0.8224222524789434,0.8070088700385932,0.0,0.45618974166359044,0.4984806060644557,0.0,0.5689483155390311,0.8309261080695336,0.29136936611362674,0.45289826152378937,0.5515080358852893,0.03508255113553947,0.0,0.0,0.4386812224772445,0.25514971649481194,0.1673593106352525,0.6194352537003176,0.0,0.0,0.0,0.7321660085872574,0.2622473400057522,0.0,0.6231020258039938,0.7702904732420838,0.7175954175315297,0.5431605792538026,0.5545438096864657,0.5070497133434393,0.3234537570453271,0.5944862484123004,0.6707852393280489,0.184326567574367,0.4517452014573665,0.0,0.5269207322624367,0.0826109976885901,0.4788522222116299,0.6773655160955571,0.40692985804279297,0.4915818690672885,0.5279065734512424,0.7674835585883233,0.6173203829668404,0.7657792612418709,0.7865576910094753,0.0,0.7487430139034786,0.5786681147081708,0.8378449808515679,0.7411015775428875,0.3611691332927009,0.547480078812713,0.7030356363771392
0.5330475614962621,0.8011416433317273,0.24367676006912523,0.569929200243708,0.5494948008163447,0.6571815795924688,0.3712537935455939,0.31310097607788506,0.6231579597491622,0.5704619382784265,0.3598198532399667,0.39866802184686656,0.7363912508950461,0.14171482343370903,0.3590334951297739,0.4786419885375937,0.8157023771624335,0.7029625631778733,0.4153588503088538,0.533927175791173,0.6727653098346607,0.564616033756484,0.562622618014122,0.20527663172668134,0.623452777407911,0.8291337371547113,0.5689483155390311,0.0,0.6789187681041148,0.6286158370718211,0.8144426748198006,0.12622503853915001,0.0,0.0,0.0,0.7195105352856612,0.5445661125584469,0.2601497957658234,0.026121185026079616,0.0,0.0,0.0,0.5497711716111218,0.6741499867225712,0.4013177941920779,0.36009838859753446,0.7537403385432394,0.5754447029251075,0.3245163130894329,0.6471038710936176,0.0,0.4368684904242052,0.5611023116564521,0.527676482778234,0.6193788401697832,0.5296396598742685,0.08829126569429688,0.563344293115045,0.43916666444725044,0.29352252821972397,0.7417950272059609,0.7985659747954001,0.7733811989016235,0.43206051167969173,0.4594337500301226,0.6358938678709639,0.6923862068913997,0.5996745617084761,0.20706819472127372,0.7923689140527408,0.795956043869064,0.2738891410089211,0.5930846884523836,0.0,0.446553459119966,0.5644489763582942
0.5411044868901013,0.8869518342737885,0.04939786668269822,0.23887170607030833,0.0,0.9132324154462846,0.0,0.13621283127696437,0.22416827828740218,0.0,0.0,0.0,0.05840080206283306,0.0,0.5825993880801882,0.7531233113017213,0.5186279633300995,0.5955431014082658,0.29313074223085517,0.9196977464817394,0.7584474311873448,0.8748938285058316,0.6587244456720502,0.0,0.5673761105918845,0.5615272444940091,0.8309261080695336,0.6789187681041148,0.0,0.17642937340602374,0.46136396753997305,0.6259147691176413,0.0,0.0,0.0,0.3874526291000455,0.1069311390424217,0.2709564149247402,0.6524363953003731,0.0,0.0,0.0,0.8371339846297194,0.18714249204807487,0.0,0.559674530448924,0.7090041904675045,0.49552562649559756,0.3134079084984235,0.33454789370281035,0.3058008898067114,0.0,0.5490778620422823,0.39933200668076707,0.07647256684433673,0.22476077216327844,0.0,0.2945813510406826,0.04355377007841803,0.3539896052909034,0.8162828679330257,0.3986343653888867,0.531088810102819,0.4897689630033487,0.7204785580088654,0.6300559308489585,0.6967319035491211,0.6946898989185536,0.0,0.8391557086627658,0.5725217314492036,0.661938724367871,0.7963078216076134,0.1294017987971038,0.48703764971313923,0.722241254356775
0.5150684049438736,0.33509876813404066,0.36614407936313237,0.6492744551088182,0.7177020586827003,0.2058157928124974,0.6723799840614685,0.407170919492332,0.7298298152286489,0.7741883278816825,0.5770059671483921,0.7064888815122524,0.7265826553701816,0.5057042492547277,0.12630108870018666,0.20567473865078212,0.6030399465420028,0.5211323609514513,0.30693179342253096,0.06528384903052839,0.377183921548576,0.17940926402985535,0.40207431024045304,0.5932962443547087,0.35635595059218933,0.7338717935208625,0.29136936611362674,0.6286158370718211,0.17642937340602374,0.0,0.7766801313315688,0.0,0.2767493409435466,0.2628732213096613,0.0,0.663231703198053,0.6386262257531189,0.047408941200776364,0.0,0.20935430901692179,0.35008336554772906,0.29996994426509843,0.10704312240489672,0.681562468913105,0.3804552688677483,0.2932426817338727,0.6263031958606055,0.45598360690209067,0.312058653227716,0.5340257598328596,0.0,0.5885508516675324,0.37840134517196305,0.4504292489002196,0.7822327088342482,0.46343640502640165,0.5527165174528913,0.5218024837994222,0.47602657360164885,0.21582692908430143,0.4227648210234942,0.7288390599284452,0.6150037989631584,0.25675966135724115,0.13498017829060044,0.41006781722968855,0.4374646717446449,0.3674163180247537,0.6324404330729412,0.44365950934734694,0.7430849383954565,0.0,0.15134228935141983,0.0,0.3588572682655943,0.34222650119227244
0.646909096132,0.6586282642338706,0.17696995975815932,0.6653560301590765,0.6092022169035989,0.40290847067184116,0.4884641828457251,0.3212787921488662,0.7037049662392314,0.7213527087357195,0.3824526462636117,0.6463468483036113,0.6867318005364719,0.29106128149299454,0.2731269210065032,0.4870818844316893,0.8005829964582765,0.6931436257974609,0.29789193679123716,0.34670517291263203,0.584821510821054,0.440891443302763,0.45042225449086554,0.538266104315388,0.5609169642319951,0.9372779225326207,0.45289826152378937,0.8144426748198006,0.46136396753997305,0.7766801313315688,0.0,0.048218979983620354,0.18334748463744158,0.1910439720879975,0.0,0.7773017343311333,0.5593871251041886,0.21255108924542554,0.0,0.08909929350642506,0.15965224407110362,0.08560833921391175,0.4535554674036998,0.7778224951821542,0.33756747202821447,0.4435764690073748,0.7327307367762292,0.4573035392275735,0.40488279188372994,0.6035624941904855,0.0,0.5357651487763456,0.4855784926888151,0.4200795414664767,0.748333879335565,0.41636323529226493,0.33856093402653964,0.5448186120014085,0.49482697283397464,0.2704883859542352,0.6327084669358386,0.8339101825604537,0.7842879536926369,0.3244832218168367,0.3175725113273349,0.5529776106872937,0.5979603026595766,0.4620324445559343,0.4629463597499376,0.666300336609622,0.9023361386510447,0.04427712500120298,0.3838162316978129,0.0,0.4682367148908492,0.5853710914856525
0.2606907063548733,0.45455078290554973,0.08904548990502813,0.0,0.0,0.5210718322710772,0.0,0.17674182891516463,0.0,0.0,0.0,0.0,0.0,0.0,0.3523942425397051,0.6210643372912671,0.15442663117769737,0.43119272147762255,0.13654244220765308,0.6203280551584326,0.3585724813327753,0.6052176306075004,0.5069757670916542,0.0,0.35602186900971095,0.1563231454952097,0.5515080358852893,0.12622503853915001,0.6259147691176413,0.0,0.048218979983620354,0.0,0.23323254314724273,0.0,0.0,0.08969717467726925,0.0,0.35296601607862266,0.9670053134429694,0.15144011468190693,0.0,0.0,0.6407106114212671,0.0,0.0,0.5156068996532275,0.512505799252904,0.1357894368621482,0.483675388007537,0.0354898317721707,0.7378954925495701,0.0,0.39782448877856863,0.2543062582107029,0.0,0.0,0.0,0.1835873365670645,0.0,0.29387664261464275,0.30213078080961897,0.0,0.0,0.32122530884207917,0.6415662538421154,0.4657835103234587,0.3647461871093115,0.40805899712824184,0.0,0.3782867049499841,0.21849487926702338,0.5643215463603202,0.6821456274687383,0.30994983193099307,0.5978671805235207,0.6147107476697123
