0.0,0.3200084582058007,0.1906978102400326,0.24235273001225538,0.1798675139578337,0.15305706859518975,0.12667615819470984,0.19211235162279858,0.19158452124034134,0.431281922578263,0.17826296960317115,0.08748018468354943,0.0,0.2137476831831225,0.3325586831353162,0.37759933805912044,0.07937786250676092,0.05897162817095775,0.2761310615105884,0.3144539935979351,0.4680222422551599,0.41885231132549117,0.18282809848904352,0.29313444006975997,0.4285918948560598,0.3059712830343949,0.30212789278669466,0.0,0.38368953081121043,0.3259311407556638,0.43105941092636374,0.27274440121210014,0.3938595228225271,0.38719179922674735,0.0,0.034492208274644665,0.0,0.17223884933573136,0.41709275867997336,0.3194601660770057,0.21771497338498544,0.10622024581390214,0.0,0.0,0.03357769119730416,0.5774855961049526,0.2291418734343074,0.1784362118090124,0.19138805136063305,0.0,0.0,0.09523206947799616,0.21857519246732854,0.07078944677651702,0.3019128834409104,0.17879148358291475,0.0,0.0,0.0,0.3568638042716373,0.36656766081172704,0.17665113074046185,0.17030285988269445,0.2918842167636271,0.19711538915317345,0.4516680641822755,0.26417609749673027,0.28049067854762255,0.26226927287610946,0.46548874444089167,0.41313247904166683,0.19400710821540415,0.0,0.30650986183536966,0.1547197179792694,0.06785996159724955
0.3200084582058007,0.0,0.1335904896384559,0.1971024166478606,0.29642836247750515,0.43372478503001755,0.43445047599886405,0.3234025299510446,0.260938881656801,0.4450365835115893,0.09998754449709807,0.2553268888087705,0.3456686731962803,0.056734615704273954,0.2597622233720771,0.529411692742811,0.3996139814842506,0.42053871625048506,0.14508320255269982,0.2971299839233718,0.43152240077379816,0.36190971152829704,0.27522857222333147,0.3278384855719112,0.5028496147027416,0.43537203606562336,0.24508840282142233,0.17868965330845854,0.370933948626756,0.3006470287485814,0.357733925242255,0.18421118068823564,0.3160948930593432,0.21171275116079255,0.0,0.14758937647919768,0.0,0.15476205643304014,0.25458448336704165,0.32921320671279675,0.05860566988630706,0.0,0.090049843477544,0.0,0.06440974332740712,0.26661042109018385,0.4733800861916048,0.11832132715058338,0.15690651455418728,0.029633024180406052,0.21549818382348362,0.23613810989570896,0.28377402583787265,0.17133156745169115,0.3247198609088345,0.12676428818644533,0.19481883041537845,0.2546153690587133,0.0,0.28387859728306863,0.18975809373744582,0.3125288918030423,0.3339751140311785,0.13103940731853794,0.22345860963753922,0.28510219321674113,0.22562014441061148,0.21421292887694005,0.261700564436265,0.33136603951777804,0.36777472113576243,0.15344796286624737,0.1739165027081134,0.17491071102836014,0.18143258249623717,0.0
0.1906978102400326,0.1335904896384559,0.0,0.2712355580690083,0.4621618174438311,0.40919129602553955,0.21772705646554605,0.31198566108885106,0.4913476919435159,0.22042389219464334,0.5852054745111164,0.2907029431456997,0.31288688580399293,0.28488105644575396,0.4420805275661708,0.20804138967920158,0.08080624838739316,0.16936844044553517,0.5277405298152037,0.45423879806532513,0.20241608940618472,0.3935231102002031,0.4540960965957259,0.186839801290434,0.049971003371188406,0.29519787867944236,0.4753723103148201,0.3860686289225722,0.3021372410766728,0.4263102873342546,0.3031798816207831,0.0,0.13946835024713677,0.057026874695201714,0.0,0.2887036391662948,0.16146742428003105,0.02171546171130746,0.0,0.0410927157133701,0.0,0.0,0.1255541782301616,0.16339125669400106,0.0,0.18930165790992293,0.14466675002693957,0.5755965536509982,0.23608129245255688,0.32365812032121327,0.29808151827161955,0.1755529383338972,0.29965510348782554,0.4374470798204034,0.21397922381749665,0.5521573854744878,0.1735935053768756,0.18208394105921968,0.07338713931058065,0.4026864173421041,0.04311740421214974,0.19604052229151644,0.21262517671449177,0.48931192132441625,0.4962097313816149,0.12967185837457693,0.43015413262164526,0.3772566357664309,0.0,0.07073899604389045,0.19653250215387297,0.42902450573758283,0.3396702867812804,0.13531730184940122,0.24489817315166013,0.0
0.24235273001225538,0.1971024166478606,0.2712355580690083,0.0,0.3043548504160165,0.23561906829950674,0.19681930983924237,0.27761057623643637,0.292978029329957,0.2645703524093547,0.3168055138502223,0.20808284266572508,0.23567703385222222,0.19985006104776393,0.36429391623219426,0.23920217056140153,0.11100002359809519,0.12154766083172683,0.20039778886231344,0.3752795487085302,0.3808173015526645,0.3606339044856469,0.29857659641933154,0.18880250557417586,0.11692661935338655,0.21912856554705523,0.28091582141257593,0.274629954323064,0.2926656659863736,0.34641448831139565,0.3887953974530163,0.1506456334362438,0.2635547719688291,0.1143089108905495,0.0,0.3669010637631075,0.16630113912620687,0.0,0.13101134924904553,0.22449768188833538,0.0,0.01854300314696225,0.14335830405983035,0.06489862312261506,0.0,0.2404549336462218,0.24921597315546673,0.15824247097788371,0.21694397791329423,0.2786540096500247,0.20626786683891807,0.18957186405980764,0.2793235060896566,0.20297477885821066,0.20140739612211467,0.33911806026674,0.06121573496456605,0.13835808441853284,0.018738019373564282,0.30077989055919535,0.2014479317750524,0.25387727067112753,0.22801719681956276,0.16272844329349404,0.3133348042373474,0.31399855455975473,0.31373003727430043,0.32706477324339284,0.14812740020304535,0.2329975256995177,0.25409220562531554,0.29729656565571266,0.14595343862616791,0.2505697144507884,0.12877816144751147,0.0
0.1798675139578337,0.29642836247750515,0.4621618174438311,0.3043548504160165,0.0,0.545913281801293,0.4294463284078299,0.3277891211898181,0.599733592875964,0.4355550239340175,0.5081821964897226,0.34447087830270356,0.46021950478749957,0.3057200439926718,0.43147579685208487,0.3979131262045243,0.27982699113807624,0.30131152535139316,0.40764636056520565,0.5181074266972457,0.2776923471914042,0.4661597784388189,0.43640698924404847,0.1975543890909807,0.13979499762089603,0.3761195342320175,0.4807481753944634,0.45797865090602474,0.45933627321384957,0.4588744277234214,0.40968409275089446,0.0,0.2459822945289597,0.21161079056320814,0.0,0.31345061510177014,0.171940285673229,0.0,0.0,0.18471751208359316,0.017083930013862488,0.04549838067202093,0.15148951157959084,0.1993002442522626,0.0,0.21117003789213126,0.38398913099904713,0.47767833571676654,0.44494280512710627,0.5245327461510534,0.4474125635212871,0.38217639601815084,0.36183475059914677,0.5146127604945505,0.46776198142638387,0.5402720180047351,0.3005895238377249,0.31736266036699723,0.12245634117018525,0.39811599162714,0.16117877677280243,0.45154434999688536,0.449224657406717,0.35484054099381085,0.5316525362436045,0.23633889378024991,0.49370937369664675,0.4297330686493192,0.001862824442968428,0.24332945381186483,0.33469715520046656,0.426858406323072,0.4514805073373472,0.25373304343151554,0.28789775720274463,0.0
0.15305706859518975,0.43372478503001755,0.40919129602553955,0.23561906829950674,0.545913281801293,0.0,0.5190542883426391,0.4587487448213163,0.5657515631733261,0.40735864791890686,0.445252043773913,0.33776494815936636,0.589436016337604,0.14379386764449048,0.3926050755811687,0.46860044313632704,0.37054953536540225,0.4048168532757891,0.3070954998966748,0.48084513537831064,0.33161937890301924,0.39467909354405134,0.5025156563338273,0.26013616339786033,0.24508954407901856,0.37688708319152764,0.47005032294155685,0.48740955754222476,0.43924840926334396,0.41725899013672574,0.39216656104816106,0.05181378241764064,0.3259998962592663,0.14692432045653478,0.0,0.31581464784685637,0.0,0.11705072250864139,0.0433511359714184,0.31902298469524587,0.0,0.0,0.3060495541250149,0.11055294500937626,0.039287071492033546,0.18415109528797788,0.4961737510688993,0.4317305055690814,0.2826170500424128,0.3734525204341075,0.5565872188199099,0.47274572805599546,0.4293860321266545,0.5376176154333576,0.35644779076006833,0.4756812371378474,0.24941628827042497,0.5356090347883375,0.0,0.41465063119808976,0.04134779013332796,0.3988665996774566,0.40821004345488626,0.25856143007037924,0.5238120411880536,0.2746750427694869,0.43488082613734047,0.4280041435186991,0.08211021964552323,0.15128246386509325,0.32117989725416535,0.44815940525306003,0.5354970368948682,0.2619365706383259,0.40592153332174286,0.0
0.12667615819470984,0.43445047599886405,0.21772705646554605,0.19681930983924237,0.4294463284078299,0.5190542883426391,0.0,0.26006649248377384,0.3943109875664339,0.4109602667944555,0.255607424823089,0.13381458749942512,0.5084643936433516,0.0,0.20036866642467913,0.4775372423770465,0.42052175469671543,0.3573258809374456,0.11077990564271296,0.3333320129982961,0.24571194191595805,0.29429968679144297,0.2534209511065367,0.07604697023563067,0.32356360307094306,0.2505307409227202,0.3233577303277006,0.3520135861067808,0.411057099644864,0.2446837550129289,0.27926271840139155,0.02802535086522899,0.2395503378465555,0.12723546634318447,0.0,0.18824188834583763,0.0,0.14352090081872917,0.02345715877690578,0.31970190537359716,0.0,0.0,0.2517474339502561,0.06631263780660857,0.09864308709301134,0.1260586731980859,0.41775282834738797,0.24827102308022186,0.21218821934236246,0.25342539349115917,0.42679331442125906,0.4571126466202422,0.21336310332529942,0.3644003793886351,0.3191093997786813,0.2503220014531373,0.13688870160318065,0.47482008132632186,0.0,0.23037360125452205,0.11504294331884389,0.36482346177202024,0.3382250259088956,0.06146334188687617,0.32711533051380837,0.1966203450181638,0.2940247680585063,0.20961150760681618,0.012682023987715488,0.2045329132857294,0.2252442401382396,0.28149775604045935,0.3678052109855738,0.24864610402279275,0.30167353552019915,0.0
0.19211235162279858,0.3234025299510446,0.31198566108885106,0.27761057623643637,0.3277891211898181,0.4587487448213163,0.26006649248377384,0.0,0.36491221265945634,0.31145428325116187,0.33377278180572534,0.4621411093542268,0.3645488953446038,0.25206759257697703,0.35343737854482593,0.26844451824286425,0.1916341702571178,0.21572135300895698,0.2954161942771959,0.39692115288155716,0.4480630677554357,0.3150808406532805,0.5589371074560413,0.43190680911288354,0.11717731791962857,0.40541834148106554,0.292960722317673,0.34029602433094225,0.22553714056315338,0.4287497687318676,0.38046418840010043,0.11141864843656527,0.3580391407463941,0.16224726505651432,0.0,0.3170394300808497,0.0,0.2166140359194417,0.1222147205036923,0.3062181124574066,0.0,0.0,0.28506292155122515,0.0,0.054420219574829974,0.25668146273343423,0.3652263047175371,0.28470786617054306,0.18687539433774414,0.1674156022570772,0.29732774317875926,0.20358547392300902,0.5869208690065425,0.30047697344294527,0.23918990946429275,0.3479543489557265,0.2783238177718416,0.2789328276807722,0.0,0.36600981314707154,0.0,0.2522242912930094,0.24973410258376277,0.23289762494014704,0.4135830938951165,0.36196798123067225,0.3128065337889065,0.4608600531953293,0.28673477831461364,0.08483079763785999,0.3615944848647204,0.2660012765938859,0.27694377037090007,0.08324150114117641,0.2611740722277809,0.0
0.19158452124034134,0.260938881656801,0.4913476919435159,0.292978029329957,0.599733592875964,0.5657515631733261,0.3943109875664339,0.36491221265945634,0.0,0.39368562474508234,0.5629026560873145,0.235532062072871,0.45052479081766356,0.21258358363490662,0.4920573553013901,0.3811105383518,0.23466341188304413,0.2373635853265148,0.4323722992808611,0.549278455243222,0.2977984768935562,0.4832898250284937,0.4323475958104727,0.13181693808393546,0.1498007167314801,0.2689962277404324,0.5644904230036798,0.44437794794757424,0.480303082976025,0.44025755483902357,0.4502215615841863,0.0,0.2720066126240169,0.18879593933949104,0.0,0.3384627640123268,0.10830315138538826,0.030383639353032597,0.00708911389428163,0.2088123455921086,0.0,0.0,0.2790937500989586,0.20178439802335896,0.0,0.22677862847580263,0.4125455837509156,0.48109663013080933,0.3274283450748256,0.5031636980878408,0.531529733416438,0.46011504861634256,0.35465934399137977,0.6338544595014671,0.37198948477045435,0.5758537147020434,0.1434445633594512,0.41722368493914613,0.0,0.4720858577875389,0.11282830176129087,0.3681058184241588,0.34675049335958325,0.38223417827991374,0.5721487852761653,0.2879763323555082,0.5221223067713084,0.4332119947238998,0.0,0.18498235845364586,0.2744930581759341,0.5407065136447539,0.4783995239993904,0.33263963523013745,0.37380728769236693,0.0
0.431281922578263,0.4450365835115893,0.22042389219464334,0.2645703524093547,0.4355550239340175,0.40735864791890686,0.4109602667944555,0.31145428325116187,0.39368562474508234,0.0,0.2559264579806795,0.24450154948460137,0.298081345980855,0.16857234654549783,0.43163678955394,0.504176519956179,0.3732135056302978,0.29249535875292093,0.2147319231631366,0.44268178400205627,0.5035693343157286,0.4708692905226534,0.3023318448378881,0.26282532425230265,0.4505802177353085,0.36638087515388534,0.373364973999028,0.20817599587146757,0.5232258179672998,0.37249397567126924,0.5158116190300147,0.09697898809114004,0.45133011722071026,0.3472243082725192,0.0,0.20498529249930275,0.0,0.0993496807075977,0.2362542947369973,0.3638759831483238,0.0,0.0,0.09532025678558052,0.061179457773078066,0.0540881010528541,0.41948149398702433,0.47718781241177005,0.22719398297211002,0.33741495777385944,0.29131680619528927,0.27305971316998434,0.37237751744407377,0.36669655482646685,0.2853859501433048,0.5068555280437724,0.30561845864141124,0.15709029234722033,0.2599861991354473,0.004300540902435843,0.4168961829239325,0.3146540018878336,0.4484824284554694,0.4353697400988993,0.18460376986502922,0.3549424139512832,0.47848688720364885,0.37012019563108145,0.37393184590565354,0.17285802554655075,0.4696657071488638,0.4613732180624481,0.30188445779184503,0.20436802874631496,0.37056063385657867,0.19337654568869245,0.0
0.17826296960317115,0.09998754449709807,0.5852054745111164,0.3168055138502223,0.5081821964897226,0.445252043773913,0.255607424823089,0.33377278180572534,0.5629026560873145,0.2559264579806795,0.0,0.228811465358645,0.34539356919605596,0.3194279251045127,0.4649574649954448,0.20267594677696554,0.07482749084093918,0.10469263242017872,0.49783256212251803,0.5142751101917942,0.22866182569681223,0.42228998608301765,0.4555110607916691,0.12952571638771598,0.011531674362794155,0.22998182096144615,0.5379108699600055,0.37816282095755843,0.359787445650489,0.40829335481903695,0.3602833672068102,0.0,0.17972440438239579,0.1456600242477843,0.0,0.29978942160733607,0.1677733468637458,0.04228491463925256,0.0,0.09079391804352994,0.0,0.0,0.19027047972063477,0.1591309640790347,0.0,0.22879404320488408,0.249731419413988,0.5566413228261949,0.3276866460884238,0.4375997977738356,0.4002435253862696,0.33743761007741746,0.36108673874537306,0.5110693413438337,0.30311293287551655,0.6235361028285507,0.1290411837972106,0.2776498000073051,0.045285546523677556,0.42265668810516743,0.06975400260277323,0.27444227415660993,0.2579257177503479,0.4489343747118292,0.5304363071966066,0.22145316259880019,0.48757209710511923,0.45747873673302075,0.0,0.13034636293452181,0.24399460010008897,0.5120064636529046,0.3662459205881924,0.24956620376769018,0.3006727984781354,0.0
0.08748018468354943,0.2553268888087705,0.2907029431456997,0.20808284266572508,0.34447087830270356,0.33776494815936636,0.13381458749942512,0.4621411093542268,0.235532062072871,0.24450154948460137,0.228811465358645,0.0,0.32776935845709165,0.33087941112986546,0.25861947676186486,0.19504482538088236,0.1506423976205288,0.33760148430131787,0.3177667278014506,0.31196150888669927,0.2806526325889405,0.24810783399440192,0.46032712200394577,0.5294966400495054,0.0,0.5282459108283256,0.11813627850729337,0.3222380473517503,0.09302144099027566,0.387067161178317,0.2379836829847848,0.0,0.19262282020621865,0.1255168361647008,0.0,0.26324920450621975,0.15325349181301298,0.02460255812428483,0.02920951397606818,0.12960148665008916,0.045386585201902294,0.09397265541596289,0.07660669971257572,0.05932418724811539,0.0,0.12417129860553495,0.23675935084618174,0.29048742849686654,0.30621174603386075,0.1907130752888589,0.15995647276672856,0.009262342626302917,0.4476422046567451,0.16071189075920947,0.3023387663924824,0.31435919734235107,0.5290360171774198,0.10371141942866346,0.1639959774703433,0.23032463801549907,0.0,0.3268533945719506,0.3692552843479305,0.29394786836958997,0.33560618406483644,0.14369627371606322,0.25765435859433383,0.35957307686818824,0.34313318069604093,0.011722288400596097,0.3735537108115588,0.05033595073329729,0.27094036985675435,0.0,0.09612814096611924,0.0
0.0,0.3456686731962803,0.31288688580399293,0.23567703385222222,0.46021950478749957,0.589436016337604,0.5084643936433516,0.3645488953446038,0.45052479081766356,0.298081345980855,0.34539356919605596,0.32776935845709165,0.0,0.08232546716557594,0.24475784512068513,0.4050972584680666,0.3484645578332076,0.45790262687823613,0.1856798119661288,0.36905940502060286,0.2155455376641722,0.25026443179915986,0.425063734163772,0.19952470752396081,0.08866821357252205,0.3407895437736028,0.30414108718380756,0.5371448561225995,0.3363125433380772,0.31245024787405606,0.2343702788934923,0.0,0.1970981701007561,0.0702900674390528,0.0,0.29340240524244426,0.0335416649487018,0.062109298914582986,0.0,0.2516196424805522,0.0,0.0,0.2982397008728703,0.12355167971958149,0.010640756379117081,0.031268090999039336,0.4130587120615331,0.401326723811623,0.3086065038099446,0.35312731467156033,0.5494090971728203,0.44861515642317945,0.3267201662567819,0.4365868698663231,0.30606872643690797,0.38274697892343185,0.2819095462464938,0.5409212044829238,0.0,0.24991802102065092,0.0,0.39780672296405817,0.3976078235410722,0.14830227239015742,0.4429957266825178,0.13907924777923697,0.34298076150126433,0.3480706131638052,0.036829896658155836,0.026229782253159115,0.25763877409635044,0.29275993969766745,0.5537296523624489,0.1660566064889068,0.3200647990450144,0.0
0.2137476831831225,0.056734615704273954,0.28488105644575396,0.19985006104776393,0.3057200439926718,0.14379386764449048,0.0,0.25206759257697703,0.21258358363490662,0.16857234654549783,0.3194279251045127,0.33087941112986546,0.08232546716557594,0.0,0.20624855314691212,0.10495454042819777,0.0,0.025960473145548384,0.4004870608051753,0.31548912504021104,0.16295835444595155,0.2999932999549959,0.33163937143661576,0.2850253905656147,0.0,0.3181760733608487,0.2288569017279263,0.16132346160413613,0.13940485548462475,0.36693124219501694,0.25196285992545203,0.0,0.11825877476413016,0.2269980861560768,0.0,0.13564296914752527,0.20442299660315452,0.0,0.026830566153726653,0.01350021905338808,0.20887651360988455,0.21723292907587705,0.0,0.04587102237958073,0.0,0.21195584880442406,0.05906184594194161,0.3171061770388314,0.27720074105601383,0.20244592918813795,0.0,0.0,0.311821658779596,0.12010979140570321,0.28554146585600554,0.35722553304840804,0.2892372898579697,0.0,0.3252742887997818,0.17023325377271153,0.024877242210590542,0.2222545335778017,0.20796648976679255,0.3883572139298469,0.2522472820750818,0.11866347109353094,0.25767792109191795,0.32087065975111895,0.16251871212581118,0.13504259383848027,0.2634083055546888,0.10138493166272859,0.05958264105647604,0.0,0.017517139238713817,0.016023017944132106
0.3325586831353162,0.2597622233720771,0.4420805275661708,0.36429391623219426,0.43147579685208487,0.3926050755811687,0.20036866642467913,0.35343737854482593,0.4920573553013901,0.43163678955394,0.4649574649954448,0.25861947676186486,0.24475784512068513,0.20624855314691212,0.0,0.3025143790316733,0.15384425070348462,0.15668583646460096,0.3864483010535194,0.543962225891144,0.4301063107185943,0.546939826358846,0.42032618235391483,0.2234435226600335,0.23730128448846702,0.2590698547280658,0.4921268726323313,0.2705099048060805,0.4500503837040628,0.41106587883205914,0.5146108830780858,0.042853157898440304,0.328786066297483,0.20884182577918273,0.0,0.37773643850800853,0.12625643680585485,0.007626396410994768,0.20762941346522054,0.14927177388360996,0.0,0.0,0.15982867169380968,0.13966243220326455,0.0,0.36320289872800915,0.38009408396848055,0.37499403892632155,0.25377021909276154,0.369809612343906,0.33957632431782214,0.33007888574175837,0.4020440325865771,0.42248673070416226,0.35287957960905686,0.5072737296950365,0.11327795593979392,0.2381742550526925,0.0824293811350269,0.6378059964146948,0.2745226538500717,0.33001564322520405,0.28997135402863583,0.3553188239748126,0.4956067539763625,0.4422948932925602,0.518635544825441,0.4924486240762297,0.13327035636378506,0.3324078545086319,0.35923378889337043,0.4926116675172425,0.2684363418133334,0.3871429581064063,0.2886374946424952,0.0
0.37759933805912044,0.529411692742811,0.20804138967920158,0.23920217056140153,0.3979131262045243,0.46860044313632704,0.4775372423770465,0.26844451824286425,0.3811105383518,0.504176519956179,0.20267594677696554,0.19504482538088236,0.4050972584680666,0.10495454042819777,0.3025143790316733,0.0,0.4285559122264848,0.4425037893018883,0.20953686162936122,0.3920289268365434,0.4524698577239025,0.43837234821997906,0.2741393494192586,0.2337250116069555,0.45756933552136386,0.3753880892308128,0.3288253496101108,0.3088775575717252,0.5397363966339099,0.38808895408395305,0.45838014807471056,0.1215547063220362,0.356243586275271,0.29775022418162694,0.0,0.16533767230570998,0.0,0.1166879159575217,0.20370945970229137,0.3927528116481201,0.0815388066233092,0.00953710991029956,0.10131012223626182,0.0,0.03229173990128596,0.3464374358920929,0.4983244763301113,0.2448669420696536,0.30326092285292044,0.20707860863004177,0.32717532383251086,0.3662654158032991,0.326530179638455,0.2946181594964227,0.4070636782815681,0.24785153951270678,0.15463199584092344,0.3395632327113304,0.0,0.3449549310428364,0.30758551900013964,0.41817832731910715,0.4443670880892361,0.18319589009563803,0.34285162556672155,0.3906948647186907,0.3558234125810214,0.30599927774321684,0.1116676827328856,0.39462440492885936,0.4259347752340277,0.24572857613433557,0.29984366486778946,0.33976863712747013,0.25123578444110123,0.0
0.07937786250676092,0.3996139814842506,0.08080624838739316,0.11100002359809519,0.27982699113807624,0.37054953536540225,0.42052175469671543,0.1916341702571178,0.23466341188304413,0.3732135056302978,0.07482749084093918,0.1506423976205288,0.3484645578332076,0.0,0.15384425070348462,0.4285559122264848,0.0,0.4886997107331297,0.0,0.15861017132256275,0.2578973018637134,0.14032570851019383,0.14349352073703733,0.1619715305294818,0.36931813974055994,0.21744640625194736,0.09579507997486024,0.2873591007593055,0.3096179154656547,0.1322539428227247,0.19150998635725167,0.0,0.13404773669784942,0.024394768572622228,0.0,0.08730654611767433,0.0,0.09800437732918035,0.0,0.22815615810996406,0.0,0.0,0.20670915365239922,0.0,0.14751718366640051,0.06672604728376723,0.3893288196524719,0.0918559701888387,0.18325539663660093,0.14990800425667777,0.33843902407226867,0.325899912835517,0.20153528805233256,0.2156816661267285,0.3015536051764131,0.11969851836952819,0.24507486561551506,0.35789926414483986,0.0,0.19112186329801145,0.17224734079952134,0.3705890456604372,0.4237882712190425,0.0,0.1831261054222744,0.22756545373824882,0.14781058156213495,0.11556289166708276,0.08773610206456692,0.17329776211358752,0.24652648660369367,0.13809820875126003,0.340295196584128,0.213134215313495,0.18319466869200668,0.0
0.05897162817095775,0.42053871625048506,0.16936844044553517,0.12154766083172683,0.30131152535139316,0.4048168532757891,0.3573258809374456,0.21572135300895698,0.2373635853265148,0.29249535875292093,0.10469263242017872,0.33760148430131787,0.45790262687823613,0.025960473145548384,0.15668583646460096,0.4425037893018883,0.4886997107331297,0.0,0.07306948818251836,0.19630878855023415,0.21872130337015103,0.16141789037174917,0.22016901836341476,0.28195117455079727,0.26464229386873267,0.35103316653261685,0.07283327933748135,0.4082286407036385,0.27644940764456827,0.1999173348174371,0.13394317659739285,0.0,0.1283160442196846,0.07289998912946824,0.0,0.14322793783487064,0.0,0.04971877251267374,0.0,0.22055652022394007,0.0,0.0,0.10967074730044218,0.0,0.0,0.047763577019251664,0.3426811444801862,0.21856523687360355,0.21608925450306687,0.15181668976994678,0.3619220908970469,0.2281892273031091,0.19735614116639533,0.21221060161505412,0.2680311175354725,0.17363179443008014,0.3505594513923365,0.3407072487817276,0.0,0.17209698124824635,0.1377701609414125,0.3803602668499518,0.4909677153545858,0.06297550259422437,0.25329072610183534,0.15828604277751357,0.18468762083092927,0.16174858568552755,0.14600567159410932,0.09366375754371188,0.3093238915557606,0.06638204050712318,0.4074677282430818,0.12472509416895691,0.17998948271871754,0.0
0.2761310615105884,0.14508320255269982,0.5277405298152037,0.20039778886231344,0.40764636056520565,0.3070954998966748,0.11077990564271296,0.2954161942771959,0.4323722992808611,0.2147319231631366,0.49783256212251803,0.3177667278014506,0.1856798119661288,0.4004870608051753,0.3864483010535194,0.20953686162936122,0.0,0.07306948818251836,0.0,0.4672274577657059,0.2199090375932379,0.46847326122686983,0.4092786319867963,0.2504837833009459,0.07584136139742381,0.33776565677315235,0.4591644614497618,0.22544432810135967,0.29652833962838626,0.44462950510946986,0.31274847512534887,0.07458792135655068,0.17179913292172747,0.2420045856394877,0.0,0.16495462723744123,0.1988689157026026,0.0,0.159180778191286,0.04321282348636891,0.19151799464496808,0.1814266808800458,0.0,0.09597786367887041,0.0,0.2816323342983031,0.14357941174411995,0.4894636426132082,0.273107786031215,0.2661331362568344,0.11945347322644972,0.09185811645300487,0.3153158926029854,0.3452668956900793,0.2839440956793226,0.5289341579399464,0.2169507887173956,0.015839942932175326,0.2210918928589627,0.36259264218383075,0.072961456266138,0.18803197768575924,0.17662720369880705,0.6441344395753537,0.4356010507484528,0.14981570090056565,0.434231180991074,0.3795176026072737,0.11050853905656124,0.16857524201283955,0.24786274347751983,0.3333983155844601,0.17969612033054363,0.07250536283320291,0.16584483358883784,0.0
0.3144539935979351,0.2971299839233718,0.45423879806532513,0.3752795487085302,0.5181074266972457,0.48084513537831064,0.3333320129982961,0.39692115288155716,0.549278455243222,0.44268178400205627,0.5142751101917942,0.31196150888669927,0.36905940502060286,0.31548912504021104,0.543962225891144,0.3920289268365434,0.15861017132256275,0.19630878855023415,0.4672274577657059,0.0,0.4388231115320873,0.6153571794911844,0.45671941049008746,0.25274682008871135,0.20300925752644963,0.3372498918409048,0.5544107444665293,0.38208895739624943,0.5172536363228384,0.4935140666893053,0.5414370811021854,0.03868173583300244,0.34302993280618216,0.30879148949417917,0.0,0.3743351737567423,0.15309690229956266,0.06725498643060236,0.154750686509251,0.2514882583069814,0.0,0.0,0.20286521320618345,0.13321310443859785,0.0,0.36871687379246687,0.4205083477181256,0.47088963512921633,0.36148356897221473,0.37902992148744036,0.3946766675558775,0.38100264385601296,0.4456911932445384,0.4575205110017948,0.41431356682410636,0.5423050991564708,0.1865168301708226,0.31542625759538456,0.09595413132090722,0.5294237233631998,0.20738002174524564,0.41423772876222625,0.35356939315263525,0.4234257198892011,0.6230307582215807,0.41110697891222214,0.5959534039259085,0.5099232905548977,0.11568166477212842,0.322355032158162,0.41609357265855385,0.4823789736089506,0.34711709831376913,0.36204933514931115,0.3078310987367988,0.0
0.4680222422551599,0.43152240077379816,0.20241608940618472,0.3808173015526645,0.2776923471914042,0.33161937890301924,0.24571194191595805,0.4480630677554357,0.2977984768935562,0.5035693343157286,0.22866182569681223,0.2806526325889405,0.2155455376641722,0.16295835444595155,0.4301063107185943,0.4524698577239025,0.2578973018637134,0.21872130337015103,0.2199090375932379,0.4388231115320873,0.0,0.4630128122215451,0.3424002966040368,0.4005423677850482,0.3780564141990471,0.3686262368113763,0.2886919429825071,0.18591611191003157,0.4385181089815617,0.3792624216059395,0.5386830804243015,0.22807945246396177,0.42552913289939687,0.2721645848572371,0.0,0.29320434429467607,0.0,0.17522437688918743,0.3591414458308067,0.3992345126481086,0.0,0.0,0.10658014864709744,0.0,0.06789888189200573,0.506087194242053,0.43285390192585105,0.15706718692958552,0.21703987766454796,0.11665046813384754,0.20368294636380524,0.2236831262529744,0.44976097945034876,0.18095773196230672,0.3280155637920122,0.23120646753197488,0.11565386687111001,0.1834781401553049,0.0,0.45523815336037754,0.2896338366568842,0.2999775731416404,0.30841991135728325,0.16965033243299524,0.3569664534122717,0.5792714984914336,0.3620760409370269,0.4250079393365308,0.33623267499666964,0.39237241442287013,0.5157243560576928,0.26929483458064296,0.11790333349049682,0.37404762010811615,0.19193675230237378,0.0
0.41885231132549117,0.36190971152829704,0.3935231102002031,0.3606339044856469,0.4661597784388189,0.39467909354405134,0.29429968679144297,0.3150808406532805,0.4832898250284937,0.4708692905226534,0.42228998608301765,0.24810783399440192,0.25026443179915986,0.2999932999549959,0.546939826358846,0.43837234821997906,0.14032570851019383,0.16141789037174917,0.46847326122686983,0.6153571794911844,0.4630128122215451,0.0,0.3779177348704891,0.22665495334949662,0.32004429108841986,0.3546244175237198,0.5440170650951835,0.2347585514333203,0.5649375615083895,0.4493997090970925,0.551185713697091,0.08474356734898678,0.3318762011803871,0.4008417459256691,0.0,0.30806297175907754,0.1649421338154857,0.06362312955719913,0.25759454415917804,0.2278040529535238,0.12435699068412179,0.06298496293937622,0.07086055216795534,0.10822183732080198,0.0,0.4303066910812241,0.39647966291513437,0.3868978604065959,0.31468109081327783,0.3049904876946951,0.25994751595322696,0.30137308764634185,0.37104469994247946,0.36078999038297715,0.42409907454892676,0.44907093476579524,0.13172046004556945,0.19147281181984505,0.10922288625657116,0.5231591086045416,0.35784168612793305,0.3718463745054585,0.32968811461590636,0.43058266322163447,0.5239999998808774,0.42800896125850363,0.5886213352074654,0.4594438164960499,0.11631195634786128,0.43002172238257863,0.4285614993783431,0.441190422348182,0.2176569543963744,0.40098028395171653,0.24906805195564571,0.0
0.18282809848904352,0.27522857222333147,0.4540960965957259,0.29857659641933154,0.43640698924404847,0.5025156563338273,0.2534209511065367,0.5589371074560413,0.4323475958104727,0.3023318448378881,0.4555110607916691,0.46032712200394577,0.425063734163772,0.33163937143661576,0.42032618235391483,0.2741393494192586,0.14349352073703733,0.22016901836341476,0.4092786319867963,0.45671941049008746,0.3424002966040368,0.3779177348704891,0.0,0.341408169658866,0.08560142488264719,0.422683182009811,0.3911858534357016,0.4145883262875115,0.2936411246340832,0.4712952608992751,0.3643836697258424,0.05044077264693281,0.2717799917623342,0.1650034475877729,0.0,0.327778877862347,0.09048394497123062,0.0631577690388534,0.04532926001285226,0.1915470530587304,0.0,0.0,0.215799528081936,0.09998143722565046,0.0,0.22539159089252137,0.33692498338319,0.4527302623407867,0.28942973819629225,0.3134607908467217,0.35668707054356025,0.23273103808632717,0.5727352490873437,0.3782789670376387,0.31448867136498415,0.5047400788167301,0.3012281708130903,0.2627187007866437,0.11191212045759248,0.39637145093352233,0.01902835608241018,0.2841026108227256,0.29773266195583226,0.36657169655762517,0.5013543871412269,0.25096268384015596,0.4308745167883865,0.576119347044503,0.1429156315011518,0.12226564383025713,0.3389169556274658,0.38094664976371795,0.37849957771137066,0.1356957270463085,0.28182642097601457,0.0
0.29313444006975997,0.3278384855719112,0.186839801290434,0.18880250557417586,0.1975543890909807,0.26013616339786033,0.07604697023563067,0.43190680911288354,0.13181693808393546,0.26282532425230265,0.12952571638771598,0.5294966400495054,0.19952470752396081,0.2850253905656147,0.2234435226600335,0.2337250116069555,0.1619715305294818,0.28195117455079727,0.2504837833009459,0.25274682008871135,0.4005423677850482,0.22665495334949662,0.341408169658866,0.0,0.1520155800161064,0.5083867813700276,0.0779502469271701,0.19888165167211755,0.10632980510525358,0.3735099991427284,0.3004553259343176,0.1871962147191631,0.2648069975495508,0.20204870098324323,0.0,0.13670557857907656,0.0,0.1535127316492573,0.2455025371198598,0.2487945221578528,0.12924590465069816,0.07033910663710394,-0.0016207771752098767,0.0,0.0,0.3246386250620876,0.22383563767056366,0.17376916240836104,0.21543110119393052,0.0,0.05301322471523977,0.0,0.3975770408373643,0.056280720482949353,0.24283721998619173,0.18605475431159196,0.4241758606846008,0.04683411793066058,0.04000572460877175,0.23758965550273767,0.0,0.24216348117630415,0.2852948692115847,0.2578413533830118,0.23191334580044592,0.2790368683263572,0.1659912074256024,0.26577270486354954,0.5034889250260247,0.09542299287131444,0.43796032285143494,0.0,0.126857225820991,0.0,0.134711231617753,0.0
0.4285918948560598,0.5028496147027416,0.049971003371188406,0.11692661935338655,0.13979499762089603,0.24508954407901856,0.32356360307094306,0.11717731791962857,0.1498007167314801,0.4505802177353085,0.011531674362794155,0.0,0.08866821357252205,0.0,0.23730128448846702,0.45756933552136386,0.36931813974055994,0.26464229386873267,0.07584136139742381,0.20300925752644963,0.3780564141990471,0.32004429108841986,0.08560142488264719,0.1520155800161064,0.0,0.22976780098385896,0.24069490891644035,0.0,0.42003096209377777,0.1535979551452072,0.2862408152203484,0.2398574975100593,0.2656132614722133,0.1937406416080944,0.0,0.0,0.0,0.163354544433244,0.3364305087983092,0.29291494053483547,0.10187893332152341,0.0,0.0,0.0,0.16809722926448092,0.3489880703990338,0.3710465825649054,0.011526565403490988,0.06450221339999754,0.0,0.10524443585273224,0.23586597970804277,0.11814346157215759,0.06777076338298053,0.3044269904521045,0.03175967241630494,0.0070193835291383205,0.13387519645792273,0.0,0.2671724821457195,0.3993669825604886,0.22788554134985345,0.21588532101154734,0.08324374545866275,0.10525527188488248,0.35800510550761855,0.1713120357295485,0.11897612891074495,0.14238281097608188,0.4991282220640144,0.31498011824148814,0.18453871633403404,0.0,0.34708639426760285,0.1785134748975442,0.049086609156999556
0.3059712830343949,0.43537203606562336,0.29519787867944236,0.21912856554705523,0.3761195342320175,0.37688708319152764,0.2505307409227202,0.40541834148106554,0.2689962277404324,0.36638087515388534,0.22998182096144615,0.5282459108283256,0.3407895437736028,0.3181760733608487,0.2590698547280658,0.3753880892308128,0.21744640625194736,0.35103316653261685,0.33776565677315235,0.3372498918409048,0.3686262368113763,0.3546244175237198,0.422683182009811,0.5083867813700276,0.22976780098385896,0.0,0.20792001251545603,0.22334147945886146,0.24337533601499042,0.42913519076662676,0.28541274136686023,0.1443812447658166,0.2346769333894752,0.23950653482656004,0.0,0.1693042966426618,0.09194546049533171,0.053409832722532274,0.17566221681319255,0.22064192025027055,0.26583313519499296,0.22863224367976834,0.0,0.016501270098708023,0.0,0.2585457736704759,0.3095270809610158,0.31730827452695853,0.3822761528242096,0.10233077543567957,0.12740174075957622,0.06758970916575541,0.3746949227167956,0.12720914442308204,0.3859883794841181,0.2775550362879189,0.43022683326333494,0.11278675636544795,0.08262707734834943,0.220643228542356,0.07990148867907206,0.35345198344481316,0.37238534823238295,0.3298727172336848,0.30861392568248924,0.18115840140826223,0.29765119214344377,0.3319124884490808,0.31447388832911516,0.1895251584877467,0.4824449291814628,0.03750315230683514,0.1940367492549287,0.0,0.15692291660493435,0.0
0.30212789278669466,0.24508840282142233,0.4753723103148201,0.28091582141257593,0.4807481753944634,0.47005032294155685,0.3233577303277006,0.292960722317673,0.5644904230036798,0.373364973999028,0.5379108699600055,0.11813627850729337,0.30414108718380756,0.2288569017279263,0.4921268726323313,0.3288253496101108,0.09579507997486024,0.07283327933748135,0.4591644614497618,0.5544107444665293,0.2886919429825071,0.5440170650951835,0.3911858534357016,0.0779502469271701,0.24069490891644035,0.20792001251545603,0.0,0.27278815614741825,0.5191922479818845,0.39516520350642587,0.45907717655787816,0.026511239368346148,0.3133956081632305,0.27252714393270394,0.0,0.2732587741242871,0.0899073494604037,0.05598028162423392,0.14280344510051898,0.1979662249519834,0.0,0.0,0.1772421162539555,0.1759862005118514,0.009024750978707986,0.29953796570414676,0.29218567136190265,0.4478644670694606,0.20113665907116934,0.37727061602107076,0.36309858626796404,0.38297994628536064,0.2863724205064601,0.5062160842285628,0.31164106450394524,0.5272646815253876,0.0,0.2900297967466059,0.010574465713006603,0.4771376475969602,0.17810474568004364,0.2469477021687619,0.1799879965117117,0.4144366135350367,0.5166445785511387,0.2987916740031058,0.5203547715956625,0.4030608398673147,0.0,0.27628856362225634,0.2184755745913098,0.6190079545120234,0.28108868479901505,0.3836962384601098,0.32431405762436843,0.0
0.0,0.17868965330845854,0.3860686289225722,0.274629954323064,0.45797865090602474,0.48740955754222476,0.3520135861067808,0.34029602433094225,0.44437794794757424,0.20817599587146757,0.37816282095755843,0.3222380473517503,0.5371448561225995,0.16132346160413613,0.2705099048060805,0.3088775575717252,0.2873591007593055,0.4082286407036385,0.22544432810135967,0.38208895739624943,0.18591611191003157,0.2347585514333203,0.4145883262875115,0.19888165167211755,0.0,0.22334147945886146,0.27278815614741825,0.0,0.2793556833872348,0.3889152615841352,0.26455460043850293,0.0,0.14953802824342136,0.0,0.0,0.3608983923764597,0.05284417877762784,0.032352687858908574,0.0,0.17900186356372888,0.0,0.0,0.34376556222091786,0.14664143948583305,0.0,0.025301628068052986,0.32309849646896865,0.4071552208931507,0.2485083062704587,0.37221463137155447,0.5219924615304647,0.3201891231613252,0.3423170708996647,0.46166774155963736,0.21458831368437226,0.41049063443706785,0.2837182123091256,0.4214446557971898,0.022075346118935416,0.28739534883924306,0.0,0.3383201402355869,0.3841352992004473,0.1836734951865885,0.4821236728964628,0.1395978644659516,0.34278291658174076,0.34036624448467434,0.04629365571373364,0.0,0.19920442185641957,0.32761235133096805,0.5745848885703194,0.1691772317327638,0.27958395557899457,0.0
0.38368953081121043,0.370933948626756,0.3021372410766728,0.2926656659863736,0.45933627321384957,0.43924840926334396,0.411057099644864,0.22553714056315338,0.480303082976025,0.5232258179672998,0.359787445650489,0.09302144099027566,0.3363125433380772,0.13940485548462475,0.4500503837040628,0.5397363966339099,0.3096179154656547,0.27644940764456827,0.29652833962838626,0.5172536363228384,0.4385181089815617,0.5649375615083895,0.2936411246340832,0.10632980510525358,0.42003096209377777,0.24337533601499042,0.5191922479818845,0.2793556833872348,0.0,0.34558126133742306,0.5021319339840552,0.0984313319347556,0.3437425440777739,0.31243346137653344,0.0,0.20956136300715836,0.023719047969526754,0.04721992461033801,0.2190600123161268,0.3279721569174219,0.05443402309664763,0.0,0.08821003758155026,0.07511031519545308,0.014256105734948623,0.3981175936831948,0.4425922891699317,0.3282250736194153,0.2927516203302556,0.3338204349583926,0.39314876186907716,0.4496382827471302,0.27549342836165963,0.39025778206529804,0.4333844657326401,0.36436522046180153,0.03893252961246034,0.3448816647978662,0.0,0.4591699235821661,0.41026589417507914,0.39090829776964386,0.3731944325363862,0.2639698224137074,0.4517108711455205,0.4534422935144979,0.49853755459090654,0.4044869246981021,0.0,0.47376983469591955,0.40355585849672154,0.4830017309783319,0.2814865945142048,0.5665094141377194,0.2776919510283921,0.0
