0.0,0.49007272391737283,0.29204164112846254,0.37114788531475357,0.2754557270260421,0.23439722481651945,0.19399652824784044,0.2942079218337686,0.2933995829706414,0.6604810002813218,0.2729984687806053,0.13397037264899642,0.0,0.32734106440778343,0.509292600015235,0.5782695157170558,0.12156217843595073,0.09031132056202594,0.42287726465549,0.48156641250441407,0.7167464772709097,0.6414458364046144,0.2799896750777044,0.44891686402424325,0.6563613928789903,0.4685756775238927,0.46268976832534087,0.0,0.5875962609160191,0.49914293783103963,0.6601402377528531,0.41769080850127305,0.6031709607697292,0.592959763593152,0.0,0.05282263649484391,0.0,0.2637729094150105,0.6387511927608194,0.48923304918325,0.3334167185536101,0.16266959158846492,0.0,0.0,0.05142211140349463,0.8843826837982994,0.3509162936101586,0.2732637782670798,0.2930987017700125,0.0,0.0,0.1458418941644215,0.33473408969815177,0.10840956267493662,0.4623604951044173,0.2738078545297619,0.0,0.0,0.0,0.5465143565500523,0.5613751993970462,0.2705300394572284,0.26080806395422296,0.44700222606568185,0.3018697575368576,0.6917010874067021,0.4045689930196266,0.42955374254783957,0.40164881165598476,0.7128665855273025,0.6326862748498958,0.29710962177540406,0.0,0.4694004769105018,0.23694346724131007,0.1039232413147809
0.49007272391737283,0.0,0.20458538975388532,0.3018498909650477,0.453961297961355,0.6642220896968927,0.665333439540015,0.4952705302337702,0.3996114016063324,0.6815453939787537,0.15312460353153923,0.391016989330297,0.5293697210255005,0.08688547738546899,0.39780942382753337,0.8107605398646105,0.6119835504332408,0.6440284589385724,0.22218575305260077,0.45503578685162543,0.6608492774355866,0.5542418445288713,0.42149515936429854,0.5020639158413986,0.7700823965086901,0.6667447505244258,0.3753373952822462,0.273651907901789,0.5680618931641913,0.4604219186660587,0.5478468918105236,0.28210777803210757,0.4840793462975879,0.3242246946569296,0.0,0.226023799989409,0.0,0.23700830590676975,0.38988004232858625,0.5041692143635624,0.08975087858369687,0.0,0.13790564264708272,0.0,0.0986394501453495,0.4082970057135064,0.7249516765552645,0.1812016326672015,0.24029240795410203,0.04538110323528232,0.3300218454779174,0.36163058747299176,0.4345819813610299,0.26238346456481687,0.49728793931853127,0.19413149375891095,0.29835272301040255,0.38992734181289507,0.0,0.43474212591870354,0.2906025247103689,0.47861824080379417,0.5114617743903996,0.20067856845150706,0.3422127343816336,0.43661598573963195,0.34552298824186245,0.3280535587766459,0.40077787063213804,0.5074661417097682,0.5632237359771393,0.23499585468166412,0.2663421294993862,0.2678646966914424,0.2778525305544023,0.0
0.29204164112846254,0.20458538975388532,0.0,0.4153801106114581,0.7077716071480898,0.6266506022086176,0.33343522302763823,0.477786317306172,0.7524679289145996,0.33756525646214963,0.896205189553402,0.4451931801958471,0.4791664859851111,0.43627732875436476,0.6770183811699492,0.31860223663861215,0.12374966111453785,0.2593770596569694,0.8082012594861039,0.695638003835713,0.30998744488245933,0.6026557661054791,0.6954194655561137,0.28613334431209697,0.07652743266946127,0.4520768898115397,0.7280026418584695,0.5912396992752387,0.4627040846404759,0.6528672551946596,0.46430082272166184,0.0,0.21358696169811917,0.08733305355447513,0.0,0.44213137254045165,0.24727715287433794,0.03325585683469586,0.0,0.06293089637606482,0.0,0.0,0.1922782868598167,0.25022338059832044,0.0,0.2899035220948075,0.22154798233608317,0.8814897346987801,0.36154357515060603,0.4956619507281468,0.45649300155326566,0.2688482272104896,0.45890284783528557,0.6699225488578023,0.3276956542521316,0.8455941303793703,0.2658474795053665,0.27885004501698085,0.11238776457374289,0.616688791720805,0.06603157881816138,0.3002236668875848,0.3256220167120411,0.7493502749058061,0.7599138349527784,0.19858425369553181,0.6587538612577314,0.5777446888202521,0.0,0.10833230056723935,0.3009771029455233,0.6570239090958834,0.5201835714281126,0.20722989349186938,0.3750460705686653,0.0
0.37114788531475357,0.3018498909650477,0.4153801106114581,0.0,0.4661002131541099,0.3608357080804175,0.30141633078467944,0.42514304792833674,0.44867733086397943,0.40517276949488285,0.4851676171158376,0.31866571926695886,0.36092447866002003,0.3060577346669507,0.5578931033117377,0.366323002683212,0.16998951910398322,0.18614255874224758,0.3068965451894805,0.5747169049756636,0.5831976233789277,0.5522880266951488,0.4572511824393633,0.28913910184729025,0.1790657258443841,0.33558154558742637,0.4302048219694583,0.4205784138925863,0.44819896614980864,0.5305118897264549,0.5954155729027648,0.2307042643131606,0.40361747225169087,0.1750568708159989,0.0,0.5618857849405071,0.25467968159056886,0.0,0.20063559929181327,0.3438040078471841,0.0,0.02839743709522826,0.21954418005287127,0.09938813864642543,0.0,0.3682415301522771,0.38165850831815473,0.24233834076246166,0.3322359877283746,0.4267410002390059,0.31588619852468064,0.2903173257318603,0.4277662917130593,0.31084304245982763,0.3084426948839969,0.5193378714309388,0.093748028251789,0.2118866597687671,0.028696092118019823,0.460625388129951,0.30850477267394766,0.3887969907923275,0.34919392247283193,0.24920832377620822,0.4798524447499436,0.4808689364087172,0.48045771916077545,0.5008790243216827,0.22684774931048796,0.35682098131336487,0.3891261500872241,0.45529089624398617,0.2235184645858109,0.3837316775331105,0.1972156133481511,0.0
0.2754557270260421,0.453961297961355,0.7077716071480898,0.4661002131541099,0.0,0.8360316803344495,0.6576699038492005,0.5019883174108681,0.9184540844119123,0.6670249848770131,0.7782489084081265,0.5275353738664265,0.7047970781011875,0.4681909208139545,0.6607779064756211,0.6093787980945116,0.4285373472361355,0.46143955320609437,0.6242846312165775,0.7934487710323191,0.4252682749765938,0.7138942316746861,0.6683297158910336,0.30254205818955593,0.21408720150151744,0.5760032897039131,0.7362354393843985,0.701365352040719,0.7034444647809793,0.7027371776086585,0.6274052892405988,0.0,0.3767063339236063,0.3240685484473244,0.0,0.48002980176764587,0.26331567804004735,0.0,0.0,0.282883192555583,0.0261629588294288,0.06967789374938048,0.23199661034264732,0.3052157250021512,0.0,0.32339356359442534,0.5880550796640063,0.7315341739826228,0.681401778311262,0.8032887415894151,0.6851840571623904,0.5852789906355818,0.5541270466046475,0.7880969106635677,0.7163479042644261,0.8273924414511522,0.460333853530343,0.48602085178540805,0.1875341452369773,0.6096894736647992,0.24683510746431156,0.6915116269525589,0.687959164393636,0.543415856743748,0.8141922500277219,0.36193807529930544,0.7560846952221902,0.6581090284023179,0.0028527978731058804,0.37264367606876453,0.5125675347962259,0.653706664775852,0.6914138559553876,0.3885761158924076,0.44089721525833725,0.0
0.23439722481651945,0.6642220896968927,0.6266506022086176,0.3608357080804175,0.8360316803344495,0.0,0.79489882978493,0.7025447021893217,0.866412754148377,0.6238440174869666,0.6818753577498519,0.5172656657775504,0.9026839969204866,0.2202112181479591,0.6012498541213925,0.7176319553685628,0.5674731885557012,0.619951419674473,0.47029734457938355,0.7363839274701867,0.5078541149630279,0.6044260815193251,0.7695709603783878,0.3983820893378289,0.3753391430461085,0.5771787424136198,0.7198523546338997,0.74643692503422,0.6726811710258662,0.6390057657282595,0.6005782968354592,0.07934953228500304,0.49924823253832235,0.22500530873323585,0.0,0.4836501684707947,0.0,0.17925578198128583,0.06638952423177019,0.4885635335341755,0.0,0.0,0.4686955447511504,0.16930484650811792,0.06016566639765287,0.2820157610400034,0.759858733378405,0.6611679767738995,0.43281014607028,0.5719189266717759,0.8523781401091846,0.7239801971724998,0.6575775639063022,0.8233273917152117,0.5458772581560157,0.7284757437586535,0.3819652782534865,0.8202513774328652,0.0,0.6350112289051438,0.06332152672531015,0.6108389824430215,0.6251478759280462,0.3959704847959708,0.8021850274990491,0.42064746399794783,0.6659924935718485,0.6554612888614234,0.1257466106638238,0.23167952985673262,0.49186670876562966,0.6863277980618567,0.8200798597391352,0.40113929921110086,0.6216431673308102,0.0
0.19399652824784044,0.665333439540015,0.33343522302763823,0.30141633078467944,0.6576699038492005,0.79489882978493,0.0,0.398275392737259,0.6038623504849873,0.6293596691130158,0.39144661250171187,0.2049285814612702,0.778681075509384,0.0,0.3068519460172631,0.7313180984522731,0.6440024833912248,0.5472219977528536,0.16965242237040903,0.5104769058131571,0.37629230598754876,0.4507013657156445,0.3880981662260968,0.11646112749017126,0.49551720353441064,0.38367199203864527,0.4952019224426956,0.5390865540445445,0.6295079625019795,0.3747177027439695,0.4276731992112682,0.04291905318461958,0.36685619887049714,0.1948530733197081,0.0,0.28828055200236696,0.0,0.21979318671032166,0.0359231557866121,0.48960325763405993,0.0,0.0,0.38553528049520336,0.10155361274585754,0.15106565200911437,0.19305088901077067,0.6397620477291498,0.3802113770143835,0.32495284411955455,0.388104969457314,0.6536069806431098,0.7000391212228304,0.32675210466733207,0.5580561449055955,0.488695872771595,0.3833523207367644,0.20963639287634037,0.7271569380725857,0.0,0.35280260690125664,0.17618099507694757,0.5587040688299489,0.5179702457664348,0.09412722260045613,0.5009564495852687,0.30111162873906355,0.4502803450555608,0.3210067729873443,0.019421718023616082,0.3132292268357183,0.34494731461208916,0.431096018064173,0.5632704292546629,0.38078578976661454,0.46199394889459344,0.0
0.2942079218337686,0.4952705302337702,0.477786317306172,0.42514304792833674,0.5019883174108681,0.7025447021893217,0.398275392737259,0.0,0.558839985203534,0.47697254573961484,0.5111519153778595,0.7077398940179546,0.5582835877034978,0.38602558319270847,0.541267002156191,0.4111058095575758,0.2934756173011959,0.330363614977488,0.4524112263483444,0.6078596536595003,0.6861802632743675,0.48252638914257895,0.8559768460036106,0.6614379745059339,0.1794496548502899,0.6208725608368558,0.44865082626875585,0.521141848928462,0.34539587309669567,0.656603166739551,0.5826568529083646,0.17063061658008982,0.5483143100604471,0.24847142972469297,0.0,0.4855258450356707,0.0,0.3317307024225779,0.18716411846066386,0.46895368118153513,0.0,0.0,0.4365558436665127,0.0,0.0833411260213216,0.39309143366445415,0.5593209973346742,0.43601209879636776,0.28618785281398346,0.25638641142300306,0.45533864264959717,0.3117782833455424,0.8988322077818568,0.4601614897157835,0.36630422558809395,0.5328700889585986,0.42623533225115384,0.4271679924271869,0.0,0.5605208909638207,0.0,0.3862655573703627,0.3824519907832447,0.35666798961576823,0.6333763630116458,0.5543310808944504,0.47904343195358184,0.7057780374945302,0.4391161866106562,0.12991300387358293,0.5537590948211399,0.40736413942542843,0.42412187689842196,0.1274790967587242,0.39997158109785597,0.0
0.2933995829706414,0.3996114016063324,0.7524679289145996,0.44867733086397943,0.9184540844119123,0.866412754148377,0.6038623504849873,0.558839985203534,0.0,0.6029046468573558,0.862049833044175,0.3607024635445567,0.6899502365225758,0.3255583195400267,0.7535547334847278,0.5836466969993903,0.3593721806918891,0.3635073256249646,0.6621508432715177,0.8411852307261707,0.45605954157565587,0.7401278151246415,0.6621130114682856,0.20186930766591515,0.22941032779251858,0.41195071777594056,0.864481397703471,0.6805367352491205,0.735553808482759,0.6742266136803363,0.6894858601206058,0.0,0.4165609319190591,0.28912904607396506,0.0,0.5183343266428614,0.16585942979713003,0.04653062292087209,0.010856529779899792,0.3197829068820704,0.0,0.0,0.42741443493768216,0.30902004946299994,0.0,0.3472971333523582,0.631787481813595,0.7367690757850125,0.5014358115977717,0.7705633953577072,0.8140041852610852,0.7046371100784175,0.5431383649891709,0.970708034646027,0.5696783800409314,0.8818835605916261,0.2196762807172268,0.6389516980500384,0.0,0.7229696475710684,0.17278941153351313,0.5637307905434961,0.5310264602166804,0.5853674805166774,0.876209695388682,0.44101754813754596,0.7995973060589531,0.663436783759898,0.0,0.2832887880286497,0.4203687660973565,0.8280578440565335,0.7326386282464394,0.5094165730309431,0.5724622303006447,0.0
0.6604810002813218,0.6815453939787537,0.33756525646214963,0.40517276949488285,0.6670249848770131,0.6238440174869666,0.6293596691130158,0.47697254573961484,0.6029046468573558,0.0,0.39193519161439205,0.37443866649573737,0.45649273770085136,0.2581578921753574,0.661024456621112,0.7721144680219816,0.5715528906094284,0.4479381513880085,0.3288483657169372,0.6779391673921614,0.771184601597802,0.7211065517120592,0.46300210799860236,0.4025003691869853,0.6900351193430515,0.5610891489700031,0.5717848548408337,0.3188083775127309,0.8012872636954634,0.5704509759633645,0.7899328867229527,0.14851718958631563,0.6911835429988997,0.5317520778029065,0.0,0.313922017003461,0.0,0.1521477554614558,0.36180851721262214,0.5572530652140701,0.0,0.0,0.14597694745109122,0.09369247202634338,0.08283250750029658,0.6424093898760069,0.7307829685502026,0.3479332225061823,0.5167296776273248,0.44613327265000063,0.4181736888318443,0.5702726275504998,0.5615725924323877,0.43705054153453543,0.7762171995505316,0.46803534927037255,0.24057385202633746,0.398152428550164,0.006586006526800632,0.6384501494172802,0.4818727125565633,0.6868224876759402,0.666741234396531,0.28270900353824086,0.543571868738062,0.7327724194709624,0.5668156818939578,0.5726529833301549,0.2647211386397079,0.7192633398614667,0.7065639170480196,0.4623169630198447,0.31297671658703374,0.5674901851933297,0.29614395512772096,0.0
0.2729984687806053,0.15312460353153923,0.896205189553402,0.4851676171158376,0.7782489084081265,0.6818753577498519,0.39144661250171187,0.5111519153778595,0.862049833044175,0.39193519161439205,0.0,0.35041029452953415,0.5289484166402777,0.4891836741720394,0.7120529646422445,0.31038540001852843,0.11459357188845894,0.16033014824639788,0.7623990976427407,0.7875798205699774,0.35018113084713776,0.6467104179778913,0.6975863937730719,0.1983604464812438,0.017660030294162476,0.3522026201494022,0.8237764924842388,0.5791324541545791,0.5509917284992961,0.6252754620155875,0.5517512010123613,0.0,0.27523656375815,0.2230691190139557,0.0,0.4591085475441904,0.25693427467274277,0.06475667366437274,0.0,0.1390451458070769,0.0,0.0,0.2913872114523581,0.24369901177942216,0.0,0.3503836136024175,0.38244788167835536,0.8524609969745425,0.5018313832712032,0.6701564267491844,0.612947657121601,0.5167643681982238,0.552981513737308,0.7826703882369137,0.4641982949505537,0.9549061236921761,0.19761841544935466,0.4252031166538315,0.06935195170582928,0.6472719989431838,0.10682384538003734,0.4202909935821511,0.3949969315653708,0.6875146147970804,0.8123296721280265,0.3391415190192108,0.7466858440996055,0.7005997650876036,0.0,0.19961721478924857,0.37366230556093843,0.7841055318116337,0.5608824745840039,0.3821948643604104,0.46046138337779763,0.0
0.13397037264899642,0.391016989330297,0.4451931801958471,0.31866571926695886,0.5275353738664265,0.5172656657775504,0.2049285814612702,0.7077398940179546,0.3607024635445567,0.37443866649573737,0.35041029452953415,0.0,0.501958052035029,0.506720901096639,0.3960593796344705,0.29869882001345394,0.23069930886595014,0.5170153312125673,0.48663965551753163,0.4777493297353949,0.42980176492394534,0.37996146324569824,0.7049618870649877,0.8108906312947389,0.0,0.8089752185592655,0.18091824236813625,0.49348719874750197,0.14245645638374319,0.592768888301166,0.3644569659881819,0.0,0.2949896721992231,0.19222109984719937,0.0,0.40314951499961976,0.23469803455742114,0.03767726247894907,0.04473252413018509,0.19847648384813513,0.06950668605421566,0.1439131811442064,0.11731831779995645,0.09085124250113082,0.0,0.19016049413555447,0.3625819787159426,0.44486313313524767,0.46894393140633783,0.2920650185857366,0.24496322614882926,0.014184692199007578,0.6855357380442282,0.2461201010494084,0.46301270792190685,0.48142123803167763,0.8101852164851201,0.15882748257877435,0.2511494722389385,0.35272762279597913,0.0,0.5005553112489954,0.5654911249405036,0.4501625780433171,0.5139596550363564,0.22006175921612245,0.3945813621723199,0.5506634362608533,0.5254867745464257,0.017951943643097806,0.5720738933379379,0.07708632648382457,0.4149280485251661,0.0,0.14721417100195042,0.0
0.0,0.5293697210255005,0.4791664859851111,0.36092447866002003,0.7047970781011875,0.9026839969204866,0.778681075509384,0.5582835877034978,0.6899502365225758,0.45649273770085136,0.5289484166402777,0.501958052035029,0.0,0.12607624863358288,0.3748311670602785,0.6203808425002024,0.5336514416008252,0.7012489260481362,0.2843568939924253,0.565191148133513,0.3300943648913864,0.3832641564510517,0.6509582378168335,0.30555947631296754,0.13578976378939217,0.5218976427563093,0.465772848277352,0.8226033907169895,0.5150413996097414,0.4784978025981482,0.35892326604924135,0.0,0.3018433876466092,0.10764479478863985,0.0,0.4493272357463804,0.05136693948121462,0.09511646495322626,0.0,0.38533957593788526,0.0,0.0,0.45673524820732575,0.18921158698187363,0.016295645722905906,0.047885104704765986,0.6325733053831136,0.6146065070339822,0.4726113515521296,0.5407921589354474,0.8413853005826207,0.6870257521678864,0.5003512805065465,0.6686051916926181,0.4687249059348075,0.5861528022847474,0.43172664873276617,0.8283866295031808,0.0,0.38273365024265327,0.0,0.6092158482581815,0.6089112463656102,0.22711555501023695,0.6784199507609209,0.21299107586623908,0.5252533541850382,0.533048140243451,0.05640265847363969,0.040169253364854475,0.39455749549885627,0.44834334037899815,0.8480019577250233,0.254305195315049,0.49015900635095616,0.0
0.32734106440778343,0.08688547738546899,0.43627732875436476,0.3060577346669507,0.4681909208139545,0.2202112181479591,0.0,0.38602558319270847,0.3255583195400267,0.2581578921753574,0.4891836741720394,0.506720901096639,0.12607624863358288,0.0,0.31585662082631816,0.16073124380376316,0.0,0.03975682349133635,0.6133206162201906,0.48315165087084017,0.24956041817201122,0.4594207743451494,0.5078847322643724,0.436498367334629,0.0,0.4872665423643433,0.35047987745675885,0.24705668313702592,0.21348972348325065,0.5619320013012006,0.3858651917577329,0.0,0.1811058376416933,0.34763321891634463,0.0,0.2077286323713893,0.3130608963849063,0.0,0.04108931592909922,0.020674732043239427,0.31988117614481476,0.3326784981673799,0.0,0.07024857096739204,0.0,0.32459698333036135,0.09044948337503314,0.48562806378230855,0.4245154112578783,0.31003314262215315,0.0,0.0,0.477535158137205,0.1839405526134104,0.4372887040173727,0.547068321304438,0.44294862483920594,0.0,0.4981370105845088,0.26070146659704097,0.03809792379255105,0.34036876801365784,0.3184875321576704,0.5947445225374735,0.38630076629970905,0.1817256044866723,0.3946174466478306,0.4913931310786365,0.2488871337513789,0.2068091955392316,0.40339316819753374,0.15526461363773247,0.09124704817008181,0.0,0.026826391371303958,0.024538239061818103
0.509292600015235,0.39780942382753337,0.6770183811699492,0.5578931033117377,0.6607779064756211,0.6012498541213925,0.3068519460172631,0.541267002156191,0.7535547334847278,0.661024456621112,0.7120529646422445,0.3960593796344705,0.3748311670602785,0.31585662082631816,0.0,0.46328164757720564,0.23560274445245039,0.239954453410404,0.5918211431422291,0.833043761547044,0.6586806250363436,0.8376037684297555,0.6437029767116309,0.3421896296293299,0.36341191582993726,0.3967491050183744,0.7536611948824197,0.4142688185125666,0.6892237120184684,0.6295214072721791,0.7880940355189358,0.06562690229345082,0.503515075819845,0.3198280539249393,0.0,0.5784794763875131,0.1933537514741395,0.011679343989108767,0.31797132111060755,0.22860028525893775,0.0,0.0,0.24476750688479457,0.21388418594474073,0.0,0.5562222789744209,0.5820900613680573,0.5742796647931493,0.3886330480674895,0.5663400432236468,0.5200396738553072,0.5054949470711915,0.6157050200770516,0.6470117199276617,0.5404127683481748,0.7768576489421845,0.17347802848231297,0.3647488150628774,0.12623538630871628,0.9767595636261771,0.4204140900013624,0.5053980951550611,0.44407279771159025,0.5441483168937612,0.7589904131747746,0.677346668728457,0.7942575505598538,0.7541539368787398,0.2040951258814422,0.5090616155083306,0.5501438381760289,0.7544036276016101,0.41109328787263494,0.5928849665049158,0.44203007638367997,0.0
0.5782695157170558,0.8107605398646105,0.31860223663861215,0.366323002683212,0.6093787980945116,0.7176319553685628,0.7313180984522731,0.4111058095575758,0.5836466969993903,0.7721144680219816,0.31038540001852843,0.29869882001345394,0.6203808425002024,0.16073124380376316,0.46328164757720564,0.0,0.6563062877564932,0.6776665797610617,0.32089245739173183,0.6003675187411242,0.6929289835290973,0.6713395389194935,0.4198270834967488,0.35793507999147,0.70073851140461,0.5748831279239841,0.5035752357297796,0.4730264532532179,0.8265721711818588,0.594333699541944,0.701980219573303,0.18615334846526493,0.5455645318966479,0.4559856455977053,0.0,0.2532041930620086,0.0,0.17870016668361785,0.31196815972856246,0.6014761025685669,0.12487152774305241,0.014605480924613745,0.1551500477302911,0.0,0.04945275828702352,0.5305470324956263,0.7631524331545597,0.37499824214089295,0.46442493224553466,0.31712779832550253,0.5010483255602921,0.5609123302735198,0.5000603280108739,0.4511890865305812,0.6233922901343396,0.3795689644490304,0.23680912633192258,0.5200196248875711,0.0,0.5282766700378047,0.47104777785903185,0.6404136725057685,0.6805201040625982,0.28055292467269416,0.5250555906648118,0.5983244869424127,0.5449210624458283,0.4686185496507251,0.17101199686181995,0.6043423293623833,0.6522921821517347,0.37631778024143636,0.4591916176685039,0.5203341887659344,0.38475172161664,0.0
0.12156217843595073,0.6119835504332408,0.12374966111453785,0.16998951910398322,0.4285373472361355,0.5674731885557012,0.6440024833912248,0.2934756173011959,0.3593721806918891,0.5715528906094284,0.11459357188845894,0.23069930886595014,0.5336514416008252,0.0,0.23560274445245039,0.6563062877564932,0.0,0.7484127130870809,0.0,0.24290145059559715,0.39495341443134385,0.2148999516787753,0.21975125584608438,0.2480491597275231,0.5655873840008157,0.33300542496724495,0.14670410914879797,0.44007229696720224,0.4741602645649127,0.20253855279744704,0.29328543750902636,0.0,0.2052856347197733,0.03735904591631256,0.0,0.13370445616218657,0.0,0.1500875083828232,0.0,0.3494067329044307,0.0,0.0,0.31656200138290524,0.0,0.2259132412603894,0.10218672322581276,0.5962324752801298,0.14067161152836424,0.2806440551783817,0.2295746318550136,0.518297970425419,0.4990951142454556,0.3086385532902413,0.33030283702622215,0.46181028315466555,0.18331071395776327,0.3753166639071744,0.5481000978876802,0.0,0.29269105157959363,0.263785913555004,0.5675336960748434,0.6490049469473238,0.0,0.28044605385698274,0.34850210650143043,0.2263625615901093,0.17697726310294423,0.13436229393981547,0.2653945673935042,0.37753972968412586,0.21148867661277712,0.5211405812865434,0.3264015771467599,0.2805510541702456,0.0
0.09031132056202594,0.6440284589385724,0.2593770596569694,0.18614255874224758,0.46143955320609437,0.619951419674473,0.5472219977528536,0.330363614977488,0.3635073256249646,0.4479381513880085,0.16033014824639788,0.5170153312125673,0.7012489260481362,0.03975682349133635,0.239954453410404,0.6776665797610617,0.7484127130870809,0.0,0.11190130195191808,0.30063449970394857,0.33495784930919986,0.24720129482516612,0.3371749333018627,0.43179039984920997,0.4052829432920306,0.5375851034454374,0.1115395630380478,0.6251763564388567,0.42336479163494173,0.30616076019239075,0.205125507535851,0.0,0.19650791002718257,0.11164172486731405,0.0,0.21934453242064603,0.0,0.07614115705480609,0.0,0.3377683679047336,0.0,0.0,0.16795381648636473,0.0,0.0,0.07314689875730788,0.5247945096580059,0.33471884333572,0.33092703285826086,0.232497663058107,0.5542608027495308,0.34945737628321266,0.3022384540255997,0.3249871211552522,0.41047271250796424,0.2659061167698481,0.5368596386547263,0.5217716131786564,0.0,0.26355564740743564,0.21098629213004036,0.5824977036238719,0.7518860187894552,0.09644300113020476,0.38789873486376986,0.2424050682191367,0.2828374159917495,0.24770773379280694,0.22359845607422613,0.14344012358030608,0.4737099855340818,0.10165989859429767,0.6240110671077608,0.19100859703190048,0.2756425144728937,0.0
0.42287726465549,0.22218575305260077,0.8082012594861039,0.3068965451894805,0.6242846312165775,0.47029734457938355,0.16965242237040903,0.4524112263483444,0.6621508432715177,0.3288483657169372,0.7623990976427407,0.48663965551753163,0.2843568939924253,0.6133206162201906,0.5918211431422291,0.32089245739173183,0.0,0.11190130195191808,0.0,0.7155293150688297,0.3367767891874194,0.7174371843142283,0.6267843517122057,0.3836000794093959,0.11614625055233509,0.5172667509747675,0.7031813459256228,0.34525373667874054,0.4541144066477207,0.6809219791399924,0.4789545187806107,0.11422668636786983,0.26309951152431016,0.3706147242163397,0.0,0.2526175837547357,0.3045551725954418,0.0,0.24377529894325967,0.06617770740455246,0.29329770169540786,0.2778434926022849,0.0,0.14698403083653774,0.0,0.43130211615849,0.21988279249369985,0.7495826264682973,0.41824730937981947,0.4075660741635235,0.18293544281204263,0.14067489839625535,0.482886356344383,0.5287544241737341,0.434842432571985,0.8100292255021174,0.33224641804430044,0.02425787125437357,0.3385882572508696,0.5552877096553137,0.11173585790138459,0.2879590870962808,0.2704933967055187,0.986451174264499,0.6670954720336651,0.22943327510022593,0.6649976030986544,0.5812072166065211,0.16923684159857205,0.2581623264005498,0.37958612261286573,0.5105784440324476,0.27519324852075805,0.11103737964148944,0.25398087850614165,0.0
0.48156641250441407,0.45503578685162543,0.695638003835713,0.5747169049756636,0.7934487710323191,0.7363839274701867,0.5104769058131571,0.6078596536595003,0.8411852307261707,0.6779391673921614,0.7875798205699774,0.4777493297353949,0.565191148133513,0.48315165087084017,0.833043761547044,0.6003675187411242,0.24290145059559715,0.30063449970394857,0.7155293150688297,0.0,0.672029854436294,0.9423806196441655,0.6994369049485227,0.38706577718852214,0.3108958443606138,0.5164768895859005,0.8490450072261417,0.5851450839137061,0.7921412450475804,0.7557855948870784,0.8291766619336493,0.05923863310306755,0.5253286569300805,0.4728946454333815,0.0,0.5732706544371095,0.23445822761661791,0.10299676009149246,0.23699089358725386,0.38513836938171336,0.0,0.0,0.31067524959010845,0.2040074481772861,0.0,0.564666583211259,0.6439819514510572,0.7211377081908948,0.5535892341434855,0.5804603638010053,0.6044223662717995,0.5834814633998082,0.6825478874026082,0.7006637397394067,0.6344950361244288,0.8305059767106967,0.2856387344595261,0.48305537335335025,0.14694768623059448,0.8107789639992018,0.3175893934571455,0.6343788949268787,0.5414691741825453,0.6484497225049092,0.954132220372735,0.6295843494467442,0.9126649640053365,0.7809152839030141,0.1771591566048979,0.4936663535831478,0.6372210025340901,0.7387329037564788,0.5315878925285225,0.5544556692779333,0.4714238677010262,0.0
0.7167464772709097,0.6608492774355866,0.30998744488245933,0.5831976233789277,0.4252682749765938,0.5078541149630279,0.37629230598754876,0.6861802632743675,0.45605954157565587,0.771184601597802,0.35018113084713776,0.42980176492394534,0.3300943648913864,0.24956041817201122,0.6586806250363436,0.6929289835290973,0.39495341443134385,0.33495784930919986,0.3367767891874194,0.672029854436294,0.0,0.7090748518532206,0.5243644088899118,0.6134053153635505,0.5789694989305852,0.5645277784044742,0.442113460574373,0.28471877241844956,0.6715627623113675,0.5808164230346357,0.8249590839938409,0.34928926305664315,0.6516709665595489,0.41680285640777914,0.0,0.4490239179255996,0.0,0.26834505612843157,0.5500024206133207,0.6114024178993931,0.0,0.0,0.1632207600256947,0.0,0.10398284528579393,0.7750405449045961,0.662888387277071,0.24053846753987412,0.33238285213497004,0.17864281770898238,0.3119275562267522,0.3425565673850108,0.6887805076990386,0.27712532698009157,0.5023350999412124,0.3540780889542583,0.1771165858767751,0.2809851727962041,0.0,0.6971684532943101,0.44355591119343024,0.4593966897246901,0.4723255970066065,0.2598087594155307,0.5466715572198112,0.8871176804046402,0.5544965675035727,0.650872791566069,0.5149190862938752,0.6008935482654897,0.7897992489973042,0.4124080152748343,0.18056150180088837,0.5728302842023829,0.293939002575318,0.0
0.6414458364046144,0.5542418445288713,0.6026557661054791,0.5522880266951488,0.7138942316746861,0.6044260815193251,0.4507013657156445,0.48252638914257895,0.7401278151246415,0.7211065517120592,0.6467104179778913,0.37996146324569824,0.3832641564510517,0.4594207743451494,0.8376037684297555,0.6713395389194935,0.2148999516787753,0.24720129482516612,0.7174371843142283,0.9423806196441655,0.7090748518532206,0.0,0.5787571203057248,0.347107732714733,0.4901275997118736,0.5430848773118798,0.8331277443212863,0.35951788089874465,0.8651661620568886,0.6882272449912853,0.8441060764780066,0.1297794162005699,0.5082474220454031,0.6138637940602637,0.0,0.4717789665764378,0.2525984508688016,0.09743480088327022,0.39448976014613996,0.3488675061162092,0.19044486981510106,0.0964574890507546,0.10851845608688818,0.16573490244760927,0.0,0.6589874948943596,0.6071835396853883,0.5925096148718827,0.4819141975334132,0.46707365146362206,0.3980931877020101,0.4615338319690535,0.5682315018029078,0.552527062379701,0.6494809225991329,0.6877237478868765,0.20172155764916458,0.29322850705503345,0.1672679456098981,0.8011851025235337,0.54801192079467,0.5694592157170248,0.5048965057951443,0.6594101287813966,0.8024728743550121,0.6554686669253732,0.9014363642709948,0.7036091605191558,0.17812440830828544,0.6585510833471168,0.6563148441263639,0.6756552412979641,0.3333278661403115,0.6140759562892618,0.381431976351694,0.0
0.2799896750777044,0.42149515936429854,0.6954194655561137,0.4572511824393633,0.6683297158910336,0.7695709603783878,0.3880981662260968,0.8559768460036106,0.6621130114682856,0.46300210799860236,0.6975863937730719,0.7049618870649877,0.6509582378168335,0.5078847322643724,0.6437029767116309,0.4198270834967488,0.21975125584608438,0.3371749333018627,0.6267843517122057,0.6994369049485227,0.5243644088899118,0.5787571203057248,0.0,0.522845029192207,0.13109317078259294,0.6473125726832926,0.5990764051239112,0.6349158128732936,0.44969281940366357,0.7217588984154856,0.5580305551133554,0.07724685461807955,0.41621387639557694,0.2526923490350154,0.0,0.5019726304023937,0.13857044164227297,0.09672213066790164,0.06941889615108515,0.2933422028191128,0.0,0.0,0.3304833351597984,0.15311525063139775,0.0,0.3451729729772681,0.5159793128224961,0.6933277767379786,0.44324334730343046,0.48004538527776386,0.5462437000179957,0.3564128723801862,0.8771078276412937,0.5793103245338697,0.4816195193124415,0.7729775227906791,0.46131190100006836,0.40233708208969426,0.17138633778470339,0.6070178198763355,0.02914072443353758,0.4350851884933291,0.4559587501591238,0.5613813798867633,0.7677925500213307,0.38433348531076506,0.6598570840689071,0.8822903597317475,0.21886625501347884,0.18724210431610183,0.5190298923890282,0.5833957119872107,0.5796481758344486,0.20780942775820443,0.43159934763591856,0.0
0.44891686402424325,0.5020639158413986,0.28613334431209697,0.28913910184729025,0.30254205818955593,0.3983820893378289,0.11646112749017126,0.6614379745059339,0.20186930766591515,0.4025003691869853,0.1983604464812438,0.8108906312947389,0.30555947631296754,0.436498367334629,0.3421896296293299,0.35793507999147,0.2480491597275231,0.43179039984920997,0.3836000794093959,0.38706577718852214,0.6134053153635505,0.347107732714733,0.522845029192207,0.0,0.23280225089694895,0.7785622172191669,0.1193758754247128,0.30457467692763013,0.16283737471721124,0.5720069516804243,0.4601283379248007,0.2866791689469748,0.4055351765672081,0.30942481273774625,0.0,0.20935595154132738,0.0,0.235095043978386,0.3759716157801692,0.3810130827579793,0.1979319324947285,0.10771989522036714,0.0,0.0,0.0,0.49716353175468686,0.3427901289798059,0.2661164871446582,0.329919112671488,0.0,0.08118640233919419,0.0,0.6088641046008573,0.08619036554769197,0.37188985108206135,0.28493109449194753,0.6495985157117645,0.07172349092031048,0.061266238215179965,0.36385353780847746,0.0,0.3708580626861493,0.43691105684542675,0.3948677328700182,0.35516062833602935,0.4273273240988116,0.25420504078390027,0.4070140962699303,0.771061459853817,0.1461342812717737,0.6707085481143829,0.0,0.1942738218710227,0.0,0.2063017352457581,0.0
0.6563613928789903,0.7700823965086901,0.07652743266946127,0.1790657258443841,0.21408720150151744,0.3753391430461085,0.49551720353441064,0.1794496548502899,0.22941032779251858,0.6900351193430515,0.017660030294162476,0.0,0.13578976378939217,0.0,0.36341191582993726,0.70073851140461,0.5655873840008157,0.4052829432920306,0.11614625055233509,0.3108958443606138,0.5789694989305852,0.4901275997118736,0.13109317078259294,0.23280225089694895,0.0,0.35187486208332813,0.3686090371082126,0.0,0.6432508655460318,0.23522555837489945,0.43835971335842255,0.36732659447758464,0.406769918795557,0.2967015450114039,0.0,0.0,0.0,0.25016715809179274,0.5152220562547194,0.44858071436250563,0.15602114594910527,0.0,0.0,0.0,0.2574302800947466,0.5344531680007393,0.5682343849201403,0.017652206245960363,0.09878106221588447,0.0,0.16117520032025445,0.36121383729370754,0.18092924277788736,0.10378663988842964,0.46621069105893576,0.04863793056923605,0.010749742133794645,0.20502140024972113,0.0,0.40915776668850873,0.6116052871959147,0.34899230044377433,0.33061472160796673,0.1274825337890766,0.1611917950184762,0.548262187243852,0.2623535529670831,0.18220442016859278,0.2180502740623998,0.7643833189360149,0.4823721391362404,0.2826093781679803,0.0,0.5315408712228221,0.2733821018028618,0.07517303883876585
0.4685756775238927,0.6667447505244258,0.4520768898115397,0.33558154558742637,0.5760032897039131,0.5771787424136198,0.38367199203864527,0.6208725608368558,0.41195071777594056,0.5610891489700031,0.3522026201494022,0.8089752185592655,0.5218976427563093,0.4872665423643433,0.3967491050183744,0.5748831279239841,0.33300542496724495,0.5375851034454374,0.5172667509747675,0.5164768895859005,0.5645277784044742,0.5430848773118798,0.6473125726832926,0.7785622172191669,0.35187486208332813,0.0,0.31841635518537914,0.3420333569175522,0.37271394176233763,0.6571934162207405,0.43709157059976234,0.2211107490773257,0.35939288802420555,0.366789117314449,0.0,0.25927882747781755,0.1408086602754915,0.08179378243018004,0.26901558029332406,0.3378991526463652,0.40710664150234,0.3501358278581075,0.0,0.025270652003108678,0.0,0.39594650800926207,0.4740211572633005,0.48593756330947296,0.5854317618777816,0.15671311358304413,0.19510771207712016,0.103509366800369,0.5738215872273497,0.19481276296305172,0.5911168023333375,0.4250579920082251,0.6588651976945966,0.17272578738613553,0.12653814556175083,0.3379011562129884,0.12236407881701476,0.5412893686372503,0.57028461990776,0.5051792130343348,0.47262271768074676,0.2774326395509461,0.45583398429168975,0.5083029937034522,0.4815968800275405,0.2902457991008133,0.7388339105462988,0.05743370693870505,0.2971550151536322,0.0,0.2403175266579404,0.0
0.46268976832534087,0.3753373952822462,0.7280026418584695,0.4302048219694583,0.7362354393843985,0.7198523546338997,0.4952019224426956,0.44865082626875585,0.864481397703471,0.5717848548408337,0.8237764924842388,0.18091824236813625,0.465772848277352,0.35047987745675885,0.7536611948824197,0.5035752357297796,0.14670410914879797,0.1115395630380478,0.7031813459256228,0.8490450072261417,0.442113460574373,0.8331277443212863,0.5990764051239112,0.1193758754247128,0.3686090371082126,0.31841635518537914,0.0,0.41775781641867743,0.7951101062511043,0.605170528196516,0.703047674631551,0.0406002871440208,0.4799455621186202,0.4173580927121294,0.0,0.4184785380994159,0.1376874220678099,0.08573026242827189,0.21869444863294485,0.3031727587758469,0.0,0.0,0.2714350964110896,0.2695117408466943,0.013820835610435839,0.45872345872462594,0.4474638847260268,0.6858761188786433,0.30802807820553146,0.5777660986964498,0.5560625310361337,0.5865095770721528,0.4385612585344729,0.7752379317709581,0.4772585894205896,0.8074725279117292,0.0,0.4441622990396155,0.0161941257584237,0.730706144307567,0.2727561588447032,0.3781847946942408,0.2756402384408171,0.6346834743836324,0.7912085115727422,0.4575805601624547,0.7968904376748945,0.6172621961484717,0.0,0.42311846918277224,0.3345815312185257,0.9479715507992458,0.43046955131796616,0.5876065332562742,0.4966664772418477,0.0
0.0,0.273651907901789,0.5912396992752387,0.4205784138925863,0.701365352040719,0.74643692503422,0.5390865540445445,0.521141848928462,0.6805367352491205,0.3188083775127309,0.5791324541545791,0.49348719874750197,0.8226033907169895,0.24705668313702592,0.4142688185125666,0.4730264532532179,0.44007229696720224,0.6251763564388567,0.34525373667874054,0.5851450839137061,0.28471877241844956,0.35951788089874465,0.6349158128732936,0.30457467692763013,0.0,0.3420333569175522,0.41775781641867743,0.0,0.4278155692101633,0.5955991372421788,0.4051486463473083,0.0,0.2290080369793117,0.0,0.0,0.5526930731799214,0.08092751917223939,0.049546096231204054,0.0,0.2741300381708861,0.0,0.0,0.5264552268748081,0.22457209440935996,0.0,0.038747843905052815,0.4948049221759131,0.623532481856972,0.38057476122001094,0.5700231778275291,0.7993984562809667,0.4903494008757467,0.5242369539849062,0.7070149611652109,0.32862843687870275,0.6286404568462054,0.43449650647009147,0.6454158480839948,0.03380699705433405,0.4401278086101488,0.0,0.5181159073449647,0.5882789270242039,0.28128434667694746,0.7383419268545293,0.21378530453679437,0.5249503671978575,0.5212493866548282,0.07089580720123369,0.0,0.3050689790604771,0.5017176055468167,0.8799404335816782,0.2590842356009117,0.42816515364126706,0.0
0.5875962609160191,0.5680618931641913,0.4627040846404759,0.44819896614980864,0.7034444647809793,0.6726811710258662,0.6295079625019795,0.34539587309669567,0.735553808482759,0.8012872636954634,0.5509917284992961,0.14245645638374319,0.5150413996097414,0.21348972348325065,0.6892237120184684,0.8265721711818588,0.4741602645649127,0.42336479163494173,0.4541144066477207,0.7921412450475804,0.6715627623113675,0.8651661620568886,0.44969281940366357,0.16283737471721124,0.6432508655460318,0.37271394176233763,0.7951101062511043,0.4278155692101633,0.0,0.5292358552895352,0.7689833138573078,0.15074136237067237,0.5264199760437102,0.4784720951383765,0.0,0.320929979702936,0.036324222529384706,0.07231432946087632,0.335476560647957,0.5022686250568095,0.08336226524237456,0.0,0.13508809622351586,0.11502669950822225,0.021832324711515107,0.6096919271123706,0.6778021117143155,0.5026559509973957,0.4483305997937284,0.5112248931687025,0.6020824753013628,0.6885926054545193,0.42190076979686175,0.5976551224895913,0.6637009122067647,0.5580023012317752,0.059622707921994436,0.5281644674152706,0.0,0.7031897108361028,0.6282962813422696,0.5986513461674503,0.5715236813718375,0.4042530957699725,0.6917666435648041,0.6944182074683761,0.7634787490408991,0.6194461549146858,0.0,0.7255485517510739,0.6180202858860474,0.7396866172991253,0.4310789248923072,0.8675733549916359,0.42526766827798484,0.0
