0.0,0.08506075170454423,0.213456602856884,0.35323885525327925,0.2583962794592546,0.16620339902862818,0.0,0.14403924267252063,0.22690897545299885,0.0,0.2156693517394771,0.03348905936868211,0.11620786102096825,0.009060715430195754,0.417940974987986,0.2881598364931146,0.0,0.3690703233893823,0.2412494850758819,0.16733104359690054,0.48108495723751277,0.21344321515233747,0.1828976658896731,0.42969095491866505,0.40563166542390094,0.26776069162418187,0.18785798709605525,0.21369427278602704,0.3450463918966665,0.08687644272034772,0.3080160540752764,0.19914829819726426,0.26550431126142965,0.3940115311547772,0.023107562415007964,0.03790042936141181,0.04083264661026466,0.03186931239174448,0.1991646427398871,0.36323771171579045,0.5752427362890691,0.09871978300843377,0.0,0.0,0.28481762554057594,0.7267844803377428,0.19434942403245328,0.24703115910232185,0.0,0.06253639436048991,0.06143501082944133,0.0,0.11956434870780192,0.0919921969774242,0.0,0.22996049059481527,0.02363573417300847,0.0,0.0,0.4084186366918716,0.5159464170720572,0.10150442005759577,0.34073780912238066,0.29097822014251085,0.08026727498174756,0.3910931642381219,0.33898642661076894,0.17628207191115958,0.4568940765359058,0.3325289400651165,0.39509830010919267,0.07477842475331685,0.028796685771491692,0.2389096274234576,0.3678076104930115,0.3810623581616327
0.08506075170454423,0.0,0.23351396653434187,0.0,0.33887646481938605,0.4579645683454361,0.5782109213357067,0.2998036909943162,0.6078973066929111,0.23796248152008118,0.42645365528353946,0.6055847747991788,0.7499150454969805,0.3910015839371328,0.0,0.5084199241477398,0.47830442604606616,0.6273220529555772,0.0,0.13868075023959406,0.0,0.54592680485201,0.18973881052603306,0.601010586818133,0.6771904562117214,0.9241484369983497,0.0,0.6741610296464811,0.04398894340475075,0.679439788693807,0.07567042506827658,0.0,0.07773753635363685,0.0,0.0,0.39024455898761234,0.3035241029170781,0.48879605232467094,0.0,0.24977978697821784,0.0,0.0,0.4292010656879207,0.21961000794149027,0.12945362668320282,0.0,0.0,0.17430929143279922,0.0,0.5778380361108998,0.24039144454633454,0.4920617085519522,0.2639168572762661,0.46427877011962904,0.09811034271153247,0.22878892141880688,0.5329600657217499,0.3811976160288973,0.25641972922125433,0.09398357515042126,0.0,0.2854066505645438,0.11360970554287507,0.0,0.7373632814557142,0.0,0.09770955283081788,0.21611531327313188,0.4095556560610062,0.0,0.5122142771734417,0.6656970161598603,0.47885240412205654,0.4873644414729974,0.08867694673115678,0.06450547821923121
0.213456602856884,0.23351396653434187,0.0,0.18443490702686674,0.5869416654593882,0.8335422523456377,0.46380359571157515,0.7788775402755589,0.8508526938719371,0.6208857596502213,0.6889530515914334,0.46366587079010946,0.4757157817659933,0.387030574257766,0.5332447766960167,0.43839596961385013,0.6320870369528567,0.2992845411843959,0.6929709774673373,0.7518051907568966,0.5833931281892487,0.6970210620302867,0.8438696503774835,0.34037512024828176,0.41816853306825164,0.427865900572844,0.7358185686059705,0.29633634371415485,0.6986655597569935,0.36264526383161305,0.36687094087330313,0.005557514113758765,0.36718540648121095,0.382300894578521,0.0,0.10784304102500189,0.0,0.3238967414101363,0.19645885435479898,0.1849730348451675,0.0,0.0,0.3841281932757742,0.047555649003423704,0.13482526621811664,0.27189071585305563,0.22707022913595132,0.8494006707968601,0.0,0.5938359225315649,0.7836457713806877,0.5030480370590735,0.7113912378066809,0.8722355297234154,0.3785149861380382,0.5334017354949236,0.5052768475695714,0.5970788926007159,0.2874691145361323,0.6766325382322059,0.044828035851132826,0.31078132730610847,0.26406787624357186,0.6232525630407862,0.4888680183287251,0.5464614774476946,0.42994563651850537,0.7807865467060854,0.3984463628054832,0.417693227928263,0.6544839215637732,0.7031134670946986,0.4979227920758346,0.5991947705479161,0.08571561938352885,0.022373875883643216
0.35323885525327925,0.0,0.18443490702686674,0.0,0.14154094027551112,0.2746077434352913,0.054446364326202805,0.11902080888653456,0.06549191518210597,0.0,0.0,0.0,0.0,0.05196213795496596,0.46222120478197803,0.0,0.0,0.0,0.3203730375059033,0.2829478604568381,0.2177727375231602,0.1395319996727179,0.3172108093518157,0.04825093875694356,0.18327851067510334,0.0,0.4481074104609964,0.0,0.44926146578296744,0.0,0.12199559245257623,0.2897664096240152,0.033716180206700495,0.1899666984030613,0.0,0.08778740466274773,0.0,0.0,0.3894183552413818,0.16440319995353048,0.40884242222508704,0.32309982972137663,0.0,0.19986762659568288,0.04846365759410654,0.4593116378292833,0.48443116911511647,0.1712963342495583,0.0,0.0,0.32104308432291223,0.0,0.07063424868108371,0.04675815457341674,0.008710444867185991,0.0,0.0,0.1249827147544239,0.0,0.37029077823569756,0.39510980383412486,0.12742190740316833,0.3386429770029286,0.26751467502603854,0.0,0.3176331386947204,0.3863794920326112,0.2772566381806762,0.0371030813608872,0.365203166738306,0.25057780802409485,0.007973040916052488,0.032551190280965495,0.031850352913975574,0.2806338818238679,0.38336022871676245
0.2583962794592546,0.33887646481938605,0.5869416654593882,0.14154094027551112,0.0,0.48349880033297477,0.5883593202121767,0.4731682418504675,0.6880624380213064,0.5767353465851734,0.7982380060527868,0.5405225151654736,0.3982735192243011,0.38382435109214175,0.32868357828583505,0.4062218873461179,0.6386880870812459,0.49754303799288124,0.2984311726300327,0.5187613448471553,0.2360673226739709,0.6470217727828188,0.47944440412289413,0.4555438918288369,0.5460543024509463,0.47121794859851995,0.3626722532296645,0.3991447990246154,0.33163345348556655,0.36149795447036054,0.28184341001320906,0.0,0.24110039954995982,0.3046800717618835,0.0,0.0957348642738383,0.0,0.36647813530469087,0.0,0.09647118668279792,0.06286221397977985,0.0,0.39099105352317653,0.01131639266611354,0.20004277411969223,0.09427290540811019,0.0,0.5366387945265386,0.0,0.5965780971467408,0.44418543431887014,0.4959086896075777,0.396124450927357,0.5932645750876403,0.38399397608531755,0.7072150168125372,0.5452278101916059,0.4358512856309527,0.3030597306801647,0.5517945612095352,0.005599951250707992,0.29252824812541334,0.17690212378586542,0.27827695958698306,0.5220040521218182,0.23345109431618694,0.4424955652456693,0.4864048498508753,0.368392101342011,0.3097968329833039,0.5033280855957022,0.5654971366611534,0.4472965155090327,0.4216425312670061,0.25677779350723057,0.05074225004964629
0.16620339902862818,0.4579645683454361,0.8335422523456377,0.2746077434352913,0.48349880033297477,0.0,0.5765856671705432,0.7314469728174553,0.828451853306119,0.45628287338769224,0.5523927181936161,0.5612886557434968,0.6948100983060038,0.49925081515579456,0.5008060832892213,0.3917952113638925,0.6219685359470124,0.3377169391705605,0.5492050427719257,0.8164728664871734,0.43469213671820983,0.8024707939211576,0.9408056531233862,0.4401493271600861,0.6796562586235072,0.6305914485604527,0.7287706335917897,0.3865762317141199,0.8033038654248341,0.30936751650769473,0.15050358088157598,0.03922345802691855,0.3098255672900423,0.16894801741941984,0.0,0.23653610641121814,0.0,0.30096744932236447,0.38903527931222287,0.3085476138895595,0.004273329829259966,0.0,0.4457641624121451,0.26698527589181414,0.10260641824410631,0.12229630505070047,0.2313691280659867,0.7459128479545839,0.0,0.5896615267289688,0.918130943042369,0.44229113933613845,0.6456315744259279,0.8178870698136873,0.2471249708200219,0.3692272705539989,0.47102021958811313,0.7414763001132325,0.2932895637937402,0.7525835531139258,0.16197704165078433,0.5331718052132766,0.41065534527673636,0.4337696733465512,0.6407017944421853,0.4048824709558184,0.5603723423435659,0.8786188916778633,0.35597595276009025,0.6021356963946888,0.8729539567602219,0.8056857570168984,0.6120751717326874,0.6309609206119912,0.30034089775588063,0.2602199192172421
0.0,0.5782109213357067,0.46380359571157515,0.054446364326202805,0.5883593202121767,0.5765856671705432,0.0,0.40787361524332566,0.5923229367044205,0.46337134946645964,0.5672655019189995,0.33805162188773163,0.6150479958043499,0.4200398236137831,0.011696935945781781,0.5400214201982392,0.6802212816123921,0.39519899925590724,0.06778415099548964,0.41698060383972907,0.17528260069062934,0.6194159385695698,0.393443140069267,0.3047399197928809,0.4046708185805627,0.5236018743891091,0.20451059214862405,0.3596392060909384,0.4029272997545777,0.4851900169528554,0.22217179451456937,0.0,0.13986453400827878,0.23995088956163976,0.0,0.11225172182869546,0.01846857472824792,0.337095633203241,0.01775428689393063,0.1043395547884827,0.0,0.0,0.46860712320802583,0.07663088898726027,0.0,0.0,0.0,0.30532881697705266,0.0,0.5487413325197578,0.41201972185483104,0.5572692136916872,0.35158730369848834,0.572078772433562,0.164959304443471,0.24165490733309636,0.3907848199903085,0.5742599795671408,0.286204066020054,0.2804818464719208,0.0,0.23565558950264234,0.12196408803926753,0.0,0.41299418705895263,0.1509201347128949,0.053491772672385245,0.4053566631722108,0.1321059536355767,0.17435182088084333,0.4139572746745447,0.589734854753497,0.499374986453571,0.3649318368108275,0.0,0.006069069618653116
0.14403924267252063,0.2998036909943162,0.7788775402755589,0.11902080888653456,0.4731682418504675,0.7314469728174553,0.40787361524332566,0.0,0.7589329926925089,0.6048622277048905,0.5523049315389518,0.6622697273893025,0.5439235331322639,0.49126039658163645,0.32489952889387563,0.30839239228386706,0.6135234510144849,0.17855539466663337,0.5737759114533275,0.6139797816269339,0.534038453438939,0.6146299969817687,0.8470161170837598,0.4967103636395277,0.4131773284433942,0.4740942493092833,0.5435951034248077,0.34152409481434565,0.4714042329002346,0.3896059273473005,0.2843325426016025,0.0,0.39324683783602227,0.24590812929619643,0.0,0.2153978424314854,0.0,0.3640933335007695,0.050137786997215425,0.16237943553439654,0.0,0.0,0.47748204435671526,0.08109649890146772,0.2101854811931542,0.11306359915971448,0.10976903864297506,0.687206217438028,0.0,0.5987289870617695,0.7135483563985869,0.4969942434806833,0.833645549686397,0.7569523134668942,0.42657902937767084,0.4695817253688133,0.6912096503166731,0.6305465596101525,0.3971792650055269,0.5035871728608918,0.0,0.3190200159616433,0.08373535498790852,0.4968463832537629,0.5001326503491882,0.37942859651158367,0.30350432122977156,0.7587363424374828,0.4164539461000232,0.26667344200387194,0.5980646348213915,0.6291960548223858,0.49454117197589126,0.4459337666082744,0.1351322700061821,0.0
0.22690897545299885,0.6078973066929111,0.8508526938719371,0.06549191518210597,0.6880624380213064,0.828451853306119,0.5923229367044205,0.7589329926925089,0.0,0.5833427690286912,0.7980473133104483,0.653407924868221,0.7373206421076802,0.4912223435283464,0.3125103678319355,0.576318657833457,0.72625788997926,0.5263088595993692,0.4735898860709539,0.740481305735311,0.36281228556817724,0.8612346420994145,0.7359368355149073,0.5474169307045473,0.662424131985908,0.7452317452268353,0.5035305853999779,0.5665402190272723,0.5971235417975036,0.5355692440211063,0.27579972993916474,0.0,0.36231515345535803,0.27795265981049144,0.0,0.24373579208122617,0.09512640554723228,0.45369188865500854,0.036314113701941715,0.23297644152207794,0.0,0.0,0.5284085835645455,0.12076312372332769,0.1910126383080544,0.037339644079818754,0.0,0.7282898703967423,0.0,0.7868141926460783,0.7502272769655041,0.6039439641970676,0.6561662989497047,0.9374959522697824,0.3190891873656982,0.620554875008885,0.6460462818365066,0.6271809005833731,0.35819268164406637,0.6329162473543769,0.0,0.401846854072236,0.27955137043695694,0.4213156420686901,0.7211328243095751,0.2457584732026284,0.4485967383418638,0.7351905007564801,0.5117759766779721,0.3639990882273048,0.768675054815804,0.8610705759489854,0.5909030911966046,0.7040257162081659,0.13108191895937651,0.01832884743095906
0.0,0.23796248152008118,0.6208857596502213,0.0,0.5767353465851734,0.45628287338769224,0.46337134946645964,0.6048622277048905,0.5833427690286912,0.0,0.5403561333358476,0.41496775511740214,0.25674925406006877,0.17634082477231885,0.2086174387460699,0.5145184393106577,0.7777302088963343,0.33791860461111844,0.3636744385272182,0.34367703621684614,0.38288478240437,0.40385904731997985,0.5652037128309905,0.2542394692208213,0.35045520031617655,0.28311345853967335,0.43061173968095523,0.10691283122624465,0.2620037491553479,0.2769071069498793,0.32800794072855616,0.0,0.36439596563241033,0.32181017337924395,0.0,0.0,0.0,0.3306086044142255,0.0,0.0,0.0,0.0,0.3121746802764132,0.0,0.06759496622422534,0.0,0.0,0.4721922415004234,0.0,0.5583563872928164,0.6008896464077244,0.6113509234746597,0.5865399242967857,0.7239933752479899,0.717806740068741,0.4892328291653922,0.6108363183724765,0.6485870014526178,0.25019665071744485,0.4254943806258589,0.0,0.42833965041271405,0.07783138391135194,0.2941866711030948,0.35533107330444347,0.40164758991270405,0.14907954473229715,0.5988751073077596,0.18673525651380413,0.2637480789953488,0.42904975807059625,0.6208780947825654,0.5344799826041835,0.4925138020374819,0.024035243487860024,0.0
0.2156693517394771,0.42645365528353946,0.6889530515914334,0.0,0.7982380060527868,0.5523927181936161,0.5672655019189995,0.5523049315389518,0.7980473133104483,0.5403561333358476,0.0,0.5697015187887218,0.5368907880499787,0.3686530458324169,0.2176019608666503,0.41056579246397895,0.6084432211436072,0.45564244534211346,0.46083084501098137,0.5222529206656066,0.26858002843979367,0.6174873155868115,0.5008510061229866,0.45241708607820347,0.48779191363100083,0.5474307750507007,0.3592520052304087,0.5067160734686618,0.36565790574703017,0.45911166180451424,0.23773678881286675,0.0,0.25235880695335283,0.26980512316490773,0.0,0.15953209098687032,0.06044194352141221,0.33695402891808385,0.0,0.16844477328905266,0.013786248480111514,0.0,0.42520339891708603,0.018300425604625806,0.1331455956244013,0.06570952427944804,0.0,0.6718294986859142,0.0,0.622951686371533,0.43336326976676176,0.49609856549022746,0.4950644234714919,0.6866036364378048,0.34736165285581366,0.7615566934367091,0.584022052325526,0.422800783141369,0.2723625026747096,0.4511046277087387,0.0,0.30123063609927564,0.2040008746305817,0.4259554638042868,0.5557312362665628,0.22721272964912043,0.3727610690258979,0.478309958244628,0.3936158525093108,0.27110737376207883,0.5263422480442146,0.6287796579183464,0.4804684211761374,0.47548249250262264,0.09509860696920536,0.0
0.03348905936868211,0.6055847747991788,0.46366587079010946,0.0,0.5405225151654736,0.5612886557434968,0.33805162188773163,0.6622697273893025,0.653407924868221,0.41496775511740214,0.5697015187887218,0.0,0.605298299426398,0.5524423800739657,0.0,0.21597126978801565,0.5713282023768578,0.41464644937363754,0.28685784509257756,0.4336009434050218,0.07251056448734185,0.606703956306208,0.5448018391333127,0.7056790448605608,0.5959780209645874,0.7146702450041372,0.11939922712369104,0.5669910576411016,0.13075057192909767,0.46067736704710255,0.018210130144619797,0.0,0.17070167490253535,0.0,0.0,0.39337776142224706,0.10257180737475169,0.4072417305492887,0.0,0.1719371452872447,0.0,0.0,0.5581491101167767,0.2393810157458738,0.264416020458628,0.0,0.0,0.44794576398755653,0.0,0.5428104020820419,0.46784842954643086,0.3972681684833246,0.5076143722526962,0.5503603776981814,0.3554244870066176,0.5274576367761573,0.8170714993744999,0.4526483428342389,0.4142664346504399,0.3731376297086479,0.0,0.3709426375995678,0.06575880390338505,0.3129650927333102,0.7266328935847509,0.0,0.38146194446299536,0.4935657757030861,0.521101592615856,0.10155593825678803,0.588455635572676,0.617407212852938,0.508626395898674,0.3862969570014092,0.28354008985373386,0.0
0.11620786102096825,0.7499150454969805,0.4757157817659933,0.0,0.3982735192243011,0.6948100983060038,0.6150479958043499,0.5439235331322639,0.7373206421076802,0.25674925406006877,0.5368907880499787,0.605298299426398,0.0,0.5349672602527442,0.0,0.4711886318702251,0.45987146750258856,0.37495333287848737,0.19017182842823457,0.522339862485558,0.28787710793152044,0.6948643405880037,0.4838660966571105,0.5465960875047646,0.5567705907634566,0.8038645096669066,0.09933276814750708,0.7774533013878372,0.38223641558856425,0.6753042524214224,0.1253035859689473,0.0,0.2836241146018199,0.18816346503038175,0.0,0.5089233354857797,0.2922059263379835,0.4719060984488463,0.014415731733432836,0.3374175956061706,0.0,0.0,0.5336881395775435,0.198202722296568,0.12763350055662825,0.0,0.0,0.46751895632907065,0.03032239084395912,0.6571018120465927,0.4752125677657041,0.57566023935591,0.4922635006386046,0.6178928356603401,0.10638606753167633,0.32610362127805237,0.6144051831306109,0.5782586226819071,0.38169835350723647,0.29047270404362174,0.0,0.347841067124643,0.1894308874218702,0.16175032306672027,0.6640097140943121,0.0,0.23297935380961424,0.4410971993955339,0.4466673155870851,0.17274986097642553,0.6366585692343554,0.6096202332199866,0.5614334356029349,0.47392728338866275,0.046544165296877056,0.0
0.009060715430195754,0.3910015839371328,0.387030574257766,0.05196213795496596,0.38382435109214175,0.49925081515579456,0.4200398236137831,0.49126039658163645,0.4912223435283464,0.17634082477231885,0.3686530458324169,0.5524423800739657,0.5349672602527442,0.0,0.07246111964911202,0.2166419018482415,0.4271678822516573,0.14355408591072155,0.26103469716150735,0.4884751948855335,0.08435247103810271,0.5275331033122832,0.5183581558089722,0.47847330259018767,0.3636819048114026,0.4448881441019684,0.1908107899061661,0.4421454583121629,0.16449565870808608,0.33683279760777957,0.14174356155468806,0.0,0.10807335936141521,0.07108164197146237,0.0,0.41794541695773946,0.06289991127164776,0.2519227975785115,0.01906969024555845,0.1748159942542806,0.0,0.0,0.5419254654566329,0.17173565622355105,0.19069341766281905,0.0,0.022707731528967056,0.33126238748384246,0.0,0.49487852440166574,0.3257062114075348,0.36787795668180195,0.3495252442249744,0.4100769015189565,0.06112462978662455,0.2616306662638644,0.47771568590357544,0.3038659585650733,0.5770770513634003,0.2370889917406762,0.0,0.049483038168366314,0.0,0.21889476394055568,0.35078931606371266,0.0,0.11293360564164458,0.3938538444722293,0.27593325105748884,0.0463989838546215,0.30476088814227975,0.325326184626541,0.2650888495542208,0.0730609850159914,0.0422177572611022,0.0
0.417940974987986,0.0,0.5332447766960167,0.46222120478197803,0.32868357828583505,0.5008060832892213,0.011696935945781781,0.32489952889387563,0.3125103678319355,0.2086174387460699,0.2176019608666503,0.0,0.0,0.07246111964911202,0.0,0.055590474022610636,0.16454584681007428,0.013378211704945108,0.5524421094016067,0.6829748790138872,0.48536447970215885,0.4409691074644246,0.5808627877170762,0.07387652828646929,0.2342207388319385,0.0,0.8245553472403389,0.0,0.7593442809586074,0.0,0.24780880843899913,0.26791798242971815,0.2345581139058307,0.3388758764185007,0.0,0.0,0.0,0.0,0.4614546949784151,0.18420177329053597,0.33597359211688765,0.2895210325700024,0.0,0.021153072739494325,0.09162220133350167,0.6088008448071731,0.8070450172280532,0.4813702453325583,0.0,0.0,0.5526075543924375,0.0,0.29899413853416257,0.3219173131034196,0.13011920699792026,0.27957352912463845,0.0,0.23942039084236566,0.0,0.7935713205371165,0.5154737607020501,0.2181394439457474,0.3454776477219966,0.515305897387445,0.0975282337520728,0.662803927175212,0.6490914032981245,0.5497939510653306,0.13826176932345854,0.6439158662300539,0.4402762766974824,0.18626842482587302,0.12592982027285077,0.22669785200854048,0.32858381306740897,0.35704664485497384
0.2881598364931146,0.5084199241477398,0.43839596961385013,0.0,0.4062218873461179,0.3917952113638925,0.5400214201982392,0.30839239228386706,0.576318657833457,0.5145184393106577,0.41056579246397895,0.21597126978801565,0.4711886318702251,0.2166419018482415,0.055590474022610636,0.0,0.6004082821489438,0.6535778496154416,0.1479612447534292,0.2767634524286315,0.17015082872396037,0.5444168644167198,0.2561380339080737,0.26174991669945014,0.3985651019166557,0.5475027191155483,0.17060004559833125,0.4805954822930684,0.3614925415499104,0.5475367956343716,0.6067502118917621,0.0,0.31157079708040014,0.3675934843353739,0.10278319287882542,0.003213467995870034,0.1599902332965852,0.42605504665265054,0.0,0.0,0.026144761286205093,0.0,0.29593441390675085,0.05400005666848534,0.0,0.0,0.0,0.24244440008362422,0.0,0.5379751064353274,0.296240326825976,0.5320711831481015,0.23044739405442272,0.5853508852244874,0.23922993457279354,0.2208636949212349,0.3336926847074285,0.40324285430744833,0.348850967798497,0.2543409446467749,0.16837420119449958,0.31319317494631377,0.33921347860532364,0.14928543985317322,0.33329968832504336,0.06756422843195942,0.09434493365337797,0.26868128001119135,0.23380142660161346,0.11048840655118672,0.4120393320439065,0.5026509396987946,0.4455822547437695,0.47464530126118465,0.0,0.08005093837297836
0.0,0.47830442604606616,0.6320870369528567,0.0,0.6386880870812459,0.6219685359470124,0.6802212816123921,0.6135234510144849,0.72625788997926,0.7777302088963343,0.6084432211436072,0.5713282023768578,0.45987146750258856,0.4271678822516573,0.16454584681007428,0.6004082821489438,0.0,0.5591198830044118,0.31604418708232085,0.48818003862753373,0.30195390313020315,0.6549531601738177,0.5982505460137735,0.47671670957914913,0.47539142173649657,0.5722277308305102,0.3652201055525464,0.3070969039117875,0.36872550971135437,0.40771928251133166,0.35464918019993186,0.0,0.3757225178969857,0.28158966450795314,0.0,0.0254809901515679,0.0,0.4225480659013036,0.0,0.02465944936337172,0.0,0.0,0.46524327329240683,0.11846581984634416,0.07318577184131055,0.0,0.0,0.45989625414826546,0.0,0.5732949927019809,0.6078469482464444,0.5464880222711059,0.5294326032971054,0.7311123902116579,0.43808549699911326,0.41827935956546203,0.5767119560816913,0.6376327975723931,0.3366347709371602,0.4803168595518394,0.0,0.3538793214317082,0.07752197681489757,0.25434412440040866,0.5151724031077367,0.23250200279707525,0.19820871119368694,0.6172760169213221,0.2627798495727356,0.22063673761157748,0.5392082408462612,0.7030241510170901,0.5744306795913819,0.4258580508365791,0.05218695150393747,0.004003340319522329
0.3690703233893823,0.6273220529555772,0.2992845411843959,0.0,0.49754303799288124,0.3377169391705605,0.39519899925590724,0.17855539466663337,0.5263088595993692,0.33791860461111844,0.45564244534211346,0.41464644937363754,0.37495333287848737,0.14355408591072155,0.013378211704945108,0.6535778496154416,0.5591198830044118,0.0,0.020580480400999142,0.16687190467310012,0.08264972941747395,0.49828280162112343,0.19400746119216145,0.42366509120272056,0.7014051666632175,0.6965138683833079,0.019343569845943955,0.43008443450609674,0.2876432934783341,0.3578267652041617,0.3099197836422491,0.0,0.21484941965985216,0.12207497132563175,0.0,0.0,0.05399443168465704,0.30078601104996094,0.0,0.15437325398320156,0.14617694985604057,0.0,0.12191325291307642,0.14183997084116431,0.21122022454027817,0.03377641880394387,0.0,0.18309009005653062,0.0,0.31572426005196197,0.21121526963831425,0.19254075751928204,0.13302732181166102,0.36305439784764126,0.14833958287745813,0.29459970292516896,0.28572646458658935,0.20584039844840868,0.0,0.36157502190511337,0.29945012157734274,0.2830045818523908,0.4430005681909515,0.12452045304110348,0.4953051907926914,0.0,0.3374369594547955,0.24055900841317832,0.3218700566693116,0.233091828973045,0.5055734345109615,0.540759876322594,0.3367780048344041,0.5310813083982164,0.30899524933089983,0.28921747941952725
0.2412494850758819,0.0,0.6929709774673373,0.3203730375059033,0.2984311726300327,0.5492050427719257,0.06778415099548964,0.5737759114533275,0.4735898860709539,0.3636744385272182,0.46083084501098137,0.28685784509257756,0.19017182842823457,0.26103469716150735,0.5524421094016067,0.1479612447534292,0.31604418708232085,0.020580480400999142,0.0,0.4745817346199595,0.44600892389474733,0.3115788532184457,0.709198158025972,0.19855448550505939,0.2295644736441094,0.08725230487552478,0.6403419439449238,0.0,0.5330504022414946,0.05923953651499933,0.14786029896004896,0.1133885117820693,0.27724338536777,0.2663909479385978,0.0,0.014180397287123806,0.0,0.0,0.21402059733429904,0.08871489868282666,0.0011983376011757052,0.0,0.14411994903255496,0.0,0.08907696695196862,0.4165092333966197,0.5063434074152211,0.7555456092211065,0.0,0.2557301602344768,0.6453351124642176,0.179635512931918,0.5778813874704338,0.49339292363148557,0.4280550233065718,0.46742758350433666,0.35025644798126826,0.38026918789658787,0.221089282137648,0.5108908308319863,0.11597660511873596,0.34935934095551874,0.25316053428362384,0.9147750127504519,0.13245476963443903,0.5481350394391569,0.34333795153487834,0.6681257757799581,0.2961008566858246,0.46986942166786694,0.4852472014199118,0.29285979979785415,0.23128105531637347,0.31309130586368544,0.18196547455633752,0.0028263543026625657
0.16733104359690054,0.13868075023959406,0.7518051907568966,0.2829478604568381,0.5187613448471553,0.8164728664871734,0.41698060383972907,0.6139797816269339,0.740481305735311,0.34367703621684614,0.5222529206656066,0.4336009434050218,0.522339862485558,0.4884751948855335,0.6829748790138872,0.2767634524286315,0.48818003862753373,0.16687190467310012,0.4745817346199595,0.0,0.3400707386005511,0.8929798171194706,0.7078494818647605,0.34954011675631214,0.3975028014311398,0.41565214872174966,0.797884821402392,0.4201808768228958,0.7819342579089621,0.3266183554370532,0.30393010454659036,0.012358201770649812,0.28429742481904235,0.19485526303313674,0.0,0.2616809672133887,0.09669037000085104,0.19398385897333004,0.29269949948892,0.27547853426768637,0.05131210513489237,0.0,0.43261201076505496,0.18502748828040494,0.11338521280518064,0.1540377717746501,0.4748154098467106,0.6511709760884644,0.0,0.45561983528237854,0.7535730228974186,0.3659508245630688,0.46654504058744795,0.7170010716814635,0.1937337009126451,0.4349186141950882,0.3786751622329107,0.5530360791623598,0.3605156388232694,0.7613381950771347,0.20114769068197008,0.35475787252083174,0.3648683498673834,0.42528807114562445,0.6177677721700751,0.3396473286401054,0.6997206885575392,0.6351550507932613,0.32088052802201505,0.5185522657326589,0.6535285534969364,0.562364852835031,0.4410362448221171,0.3940286717894856,0.1834266538950466,0.18497232954647871
0.48108495723751277,0.0,0.5833931281892487,0.2177727375231602,0.2360673226739709,0.43469213671820983,0.17528260069062934,0.534038453438939,0.36281228556817724,0.38288478240437,0.26858002843979367,0.07251056448734185,0.28787710793152044,0.08435247103810271,0.48536447970215885,0.17015082872396037,0.30195390313020315,0.08264972941747395,0.44600892389474733,0.3400707386005511,0.0,0.27421266546112344,0.5397356892915539,0.24323292523383797,0.27498016524719265,0.1675566616646852,0.4506487597479594,0.08547812735941467,0.4945503668434565,0.12644491325668053,0.3038735182712909,0.29459526152860877,0.42344400025194506,0.4968804668134279,0.21110987992357813,0.0036995112815652333,0.0,0.15508514544580018,0.29406306081896333,0.25441408207987243,0.22560044005780577,0.058731584653017234,0.02915714474557653,0.0,0.1763831597124537,0.5337228942482543,0.34403759803375195,0.5683980816395386,0.04327821641293846,0.18046257832453375,0.44113613292849246,0.13846976138110756,0.576910377404012,0.39868519126447455,0.17753314593389924,0.21579820823535942,0.1615323714031151,0.37158012746933283,0.0033149463687945197,0.42729420766270343,0.16778109651627005,0.13027818927513796,0.12299742914331145,0.4072210000177114,0.09662676280605983,0.7824429426896957,0.25421471781340044,0.4872369776587755,0.260489596751182,0.3585362869718648,0.42872359207460914,0.26234419449544333,0.25572796406622483,0.3638596825217767,0.11510013877849763,0.08158363499539611
0.21344321515233747,0.54592680485201,0.6970210620302867,0.1395319996727179,0.6470217727828188,0.8024707939211576,0.6194159385695698,0.6146299969817687,0.8612346420994145,0.40385904731997985,0.6174873155868115,0.606703956306208,0.6948643405880037,0.5275331033122832,0.4409691074644246,0.5444168644167198,0.6549531601738177,0.49828280162112343,0.3115788532184457,0.8929798171194706,0.27421266546112344,0.0,0.6146763385865691,0.5600098118609752,0.601202188702521,0.716144939180796,0.5415199372013275,0.6014051021118394,0.6711226938355294,0.5388979787704605,0.33945062166113715,0.0,0.26697963541915787,0.1958397219802678,0.0,0.2825935496000797,0.1968416984449596,0.3564943623732638,0.11438785254570014,0.28802186724577117,0.03537835244187465,0.0,0.516922333428612,0.18162664503568318,0.1109595430308908,0.0,0.06886249564263017,0.5614747583049088,0.0,0.5852099783773272,0.645578667214572,0.4630492827285921,0.472017690439245,0.7670846622560533,0.20246705579746455,0.47071814712818044,0.5196146978976769,0.5592096413573943,0.38417980614601344,0.6931802814940736,0.11551308965147072,0.3913725608056429,0.3415977504181423,0.2910832683589112,0.7852189003122112,0.1416483872792797,0.6485741826783537,0.5730013913521147,0.42873456369666496,0.3935575485948867,0.72523459612895,0.6935932866490752,0.5264876192978882,0.5283302359171341,0.20096002335550217,0.2026627344675728
0.1828976658896731,0.18973881052603306,0.8438696503774835,0.3172108093518157,0.47944440412289413,0.9408056531233862,0.393443140069267,0.8470161170837598,0.7359368355149073,0.5652037128309905,0.5008510061229866,0.5448018391333127,0.4838660966571105,0.5183581558089722,0.5808627877170762,0.2561380339080737,0.5982505460137735,0.19400746119216145,0.709198158025972,0.7078494818647605,0.5397356892915539,0.6146763385865691,0.0,0.41045526019173817,0.5229148990048846,0.4033385689713533,0.7755360949978509,0.17661822379219924,0.7003522568926827,0.18063601309105895,0.235858921534321,0.0,0.3652003876294815,0.2698160365002326,0.0,0.1399158323410699,0.0,0.22736864963584474,0.25926374913559097,0.19762500632086424,0.0,0.0,0.42609387977662705,0.15344469215924209,0.18245048529527486,0.25017955196871616,0.36802807031113477,0.7718383947443307,0.0,0.49777553671851915,0.8916398583473989,0.4156029154054064,0.7827740422415067,0.740893759886929,0.4183402767899894,0.44563288421050695,0.5286901559330628,0.6667730632331819,0.34553227365618755,0.7072834391040688,0.037068651382017793,0.40130871173858434,0.25499078087748006,0.6182433052783418,0.4485357089085857,0.5460692011741668,0.45239750218956626,0.9394986810853047,0.32846061340076493,0.520134118473947,0.7121753732501945,0.6798803352113987,0.4845061577140003,0.5269203328871039,0.2543281583166694,0.10792588069461555
0.42969095491866505,0.601010586818133,0.34037512024828176,0.04825093875694356,0.4555438918288369,0.4401493271600861,0.3047399197928809,0.4967103636395277,0.5474169307045473,0.2542394692208213,0.45241708607820347,0.7056790448605608,0.5465960875047646,0.47847330259018767,0.07387652828646929,0.26174991669945014,0.47671670957914913,0.42366509120272056,0.19855448550505939,0.34954011675631214,0.24323292523383797,0.5600098118609752,0.41045526019173817,0.0,0.6935717699967688,0.7371607376633469,0.0,0.5836304842604263,0.11485804428369481,0.4074038170287836,0.14007188573146923,0.0,0.27001513696694585,0.10556235766189562,0.0,0.4147611756573827,0.1464466835433636,0.36300331948332565,0.0,0.37249440667629813,0.14314631539736047,0.0,0.449387924269318,0.14334827586185978,0.3087586860137382,0.14853860622003334,0.0,0.32562630739619686,0.0,0.3996733673436724,0.2728615643032492,0.21794947818639931,0.4653249925548471,0.3762773786092809,0.1745303821257427,0.4171609047689738,0.6374058608552635,0.29320508491645486,0.39997092279387997,0.31756903210888604,0.0,0.21005436822029844,0.02268927945398479,0.207056870140155,0.5791698305322313,0.0,0.3166240892390907,0.35762126219389345,0.7416185794998635,0.14187647429162636,0.5775059409085486,0.4185455870161406,0.34402295628565044,0.24107527983634194,0.27967259046383425,0.1475331779259663
0.40563166542390094,0.6771904562117214,0.41816853306825164,0.18327851067510334,0.5460543024509463,0.6796562586235072,0.4046708185805627,0.4131773284433942,0.662424131985908,0.35045520031617655,0.48779191363100083,0.5959780209645874,0.5567705907634566,0.3636819048114026,0.2342207388319385,0.3985651019166557,0.47539142173649657,0.7014051666632175,0.2295644736441094,0.3975028014311398,0.27498016524719265,0.601202188702521,0.5229148990048846,0.6935717699967688,0.0,0.788310031251102,0.2499773845186565,0.4933775649065084,0.44427553357645044,0.27088770292810793,0.10770328436019605,0.0,0.21296879343404376,0.10340404508132936,0.0,0.32971574659468694,0.0769769864204413,0.3037937354082066,0.15654597881968035,0.35119046254215025,0.26219512144213797,0.0,0.24716474446031556,0.16396842078657703,0.2952837500183319,0.16422362067686566,0.0,0.44520773729314234,0.0,0.4100983728291891,0.4935797325740524,0.24959721745826277,0.3712268712491436,0.49134848780962054,0.22729773053566674,0.42947713430701795,0.43261168257059135,0.3774158164692044,0.038446056367273294,0.5452015582007569,0.26947308008327947,0.48967714926509026,0.38756467791953797,0.20509845695094744,0.6733929572641878,0.10906373952466465,0.572598964803423,0.5281474955025413,0.4646769494317155,0.5650314426664838,0.7747601385802205,0.6610791755524872,0.4071938954893452,0.5826901861650199,0.4605319943393132,0.37483060421113007
0.26776069162418187,0.9241484369983497,0.427865900572844,0.0,0.47121794859851995,0.6305914485604527,0.5236018743891091,0.4740942493092833,0.7452317452268353,0.28311345853967335,0.5474307750507007,0.7146702450041372,0.8038645096669066,0.4448881441019684,0.0,0.5475027191155483,0.5722277308305102,0.6965138683833079,0.08725230487552478,0.41565214872174966,0.1675566616646852,0.716144939180796,0.4033385689713533,0.7371607376633469,0.788310031251102,0.0,0.0,0.7851443241709827,0.31952804143006247,0.6339283134872131,0.18936691256485455,0.0,0.261111825961359,0.11920755533511379,0.0,0.47927044084572895,0.34403729990966053,0.5557579559042066,0.05685043719112972,0.38777124254939366,0.1430358712583042,0.0,0.4817262820080624,0.28226854605652263,0.20720637037667608,0.0,0.0,0.3525826478900301,0.0,0.5375566852405403,0.3732345607873159,0.38407257475302387,0.36716437048061157,0.5579298026141557,0.08949254751080103,0.3115765438308051,0.5884648889250554,0.423578657646328,0.25029810415895526,0.3327077813139817,0.0,0.34157777733110156,0.23402845431401442,0.09588038703287845,0.791260458706246,0.0,0.3672298116232756,0.3562615132963423,0.5895993004299221,0.14664973488692226,0.7316278263953179,0.6716735797258141,0.5570421773787771,0.5182727377543191,0.2177291076885463,0.21738670829990853
0.18785798709605525,0.0,0.7358185686059705,0.4481074104609964,0.3626722532296645,0.7287706335917897,0.20451059214862405,0.5435951034248077,0.5035305853999779,0.43061173968095523,0.3592520052304087,0.11939922712369104,0.09933276814750708,0.1908107899061661,0.8245553472403389,0.17060004559833125,0.3652201055525464,0.019343569845943955,0.6403419439449238,0.797884821402392,0.4506487597479594,0.5415199372013275,0.7755360949978509,0.0,0.2499773845186565,0.0,0.0,0.0,0.8549997674193178,0.0,0.2308419566275761,0.10035457618421612,0.24057161277287945,0.25432431108083475,0.0,0.0,0.0,0.0,0.5241951180802762,0.07634913356311805,0.032901257630934294,0.08352168486814682,0.17876906217117405,0.12218571166768043,0.04267563077770557,0.41380891953277504,0.7592273783380776,0.6418257358426105,0.0,0.2565040700342124,0.8226299406483859,0.20423270296797177,0.4350564007651879,0.608565915124623,0.30119981457517453,0.2938685452927307,0.1078687109162358,0.49853168613068943,0.07868884518118599,0.7656548800873768,0.370814795442944,0.37316676490742523,0.41841299360042694,0.5398188922494843,0.24187113963167017,0.6569993766282528,0.6142108224200419,0.7293201389445083,0.06501190052602575,0.6806930491150096,0.5241642484349579,0.5025502773917404,0.3177143157143529,0.41354112483218247,0.23727307105671092,0.25992795519121414
0.21369427278602704,0.6741610296464811,0.29633634371415485,0.0,0.3991447990246154,0.3865762317141199,0.3596392060909384,0.34152409481434565,0.5665402190272723,0.10691283122624465,0.5067160734686618,0.5669910576411016,0.7774533013878372,0.4421454583121629,0.0,0.4805954822930684,0.3070969039117875,0.43008443450609674,0.0,0.4201808768228958,0.08547812735941467,0.6014051021118394,0.17661822379219924,0.5836304842604263,0.4933775649065084,0.7851443241709827,0.0,0.0,0.13778003295461913,0.6962531947219681,0.27198410162241804,0.0,0.2204259164293968,0.2014917268774526,0.016384784359233403,0.5921234009243701,0.535337454594627,0.4953209436828195,0.0,0.3484153117516687,0.14995167757609912,0.0,0.4481045112405722,0.14102220838914437,0.21617008721076958,0.0,0.0,0.3194288710318297,0.1494766301617831,0.508898044892592,0.15456177279922956,0.44865128638771046,0.21686150129745818,0.4243729558535822,0.03219994421245117,0.3732030845041229,0.5476775976119075,0.2739140589623153,0.4026359232955013,0.1664176497147613,0.0,0.24630267098366368,0.23482152557966793,0.04883467066642415,0.6678985171424328,0.0,0.2884008090734453,0.13449505532758205,0.49877244607309684,0.0,0.48056292858458594,0.4351919208388698,0.45751372365230547,0.386668947280854,0.06644795324421736,0.0
0.3450463918966665,0.04398894340475075,0.6986655597569935,0.44926146578296744,0.33163345348556655,0.8033038654248341,0.4029272997545777,0.4714042329002346,0.5971235417975036,0.2620037491553479,0.36565790574703017,0.13075057192909767,0.38223641558856425,0.16449565870808608,0.7593442809586074,0.3614925415499104,0.36872550971135437,0.2876432934783341,0.5330504022414946,0.7819342579089621,0.4945503668434565,0.6711226938355294,0.7003522568926827,0.11485804428369481,0.44427553357645044,0.31952804143006247,0.8549997674193178,0.13778003295461913,0.0,0.09847728592171202,0.260696501638746,0.2125367979656848,0.26031617549445163,0.25161971099036967,0.0,0.0,0.0,0.03428227389601817,0.5636843330346712,0.29431259780435953,0.25215002432448835,0.08667982018700646,0.13872844033170997,0.11660084339254671,0.0,0.4240607978832611,0.5564610425618308,0.6045975335189455,0.0,0.23733854222125025,0.7528639895964959,0.11882492927350842,0.40656820469517485,0.5920743980316507,0.06240338044837479,0.2000625454284979,0.05789007533100328,0.47914741583788945,0.0,0.7883513365738193,0.5218387876471349,0.39901299883658264,0.5874209843470438,0.4727237657622743,0.3094564804296682,0.5536390469813959,0.6336373926079845,0.6752535028680406,0.17971288214603975,0.7089845566610373,0.7165533828284784,0.5185625566271247,0.35781927807562147,0.5513303035089585,0.2881844683038203,0.41843154930771226
0.08687644272034772,0.679439788693807,0.36264526383161305,0.0,0.36149795447036054,0.30936751650769473,0.4851900169528554,0.3896059273473005,0.5355692440211063,0.2769071069498793,0.45911166180451424,0.46067736704710255,0.6753042524214224,0.33683279760777957,0.0,0.5475367956343716,0.40771928251133166,0.3578267652041617,0.05923953651499933,0.3266183554370532,0.12644491325668053,0.5388979787704605,0.18063601309105895,0.4074038170287836,0.27088770292810793,0.6339283134872131,0.0,0.6962531947219681,0.09847728592171202,0.0,0.3455330120392918,0.0,0.16292737753409037,0.2900950686297936,0.11153568966222929,0.32462360205321933,0.3379258136457716,0.4405984562350289,0.0,0.08415067852749247,0.0,0.0,0.3873640693908912,0.007488623667596411,0.08538189393085728,0.0,0.0,0.31393920555698884,0.08236221697868966,0.5562059835092104,0.18096337707249827,0.5111051624919815,0.2884861580033797,0.47930817764141564,0.19323340380881557,0.3338861867707313,0.5171776155244606,0.3483174493506785,0.34826988734837255,0.13426435735825734,0.0,0.16891221836360423,0.07470484291603825,0.1108358162910294,0.5146656877753268,0.0,0.0467505509262136,0.16752484713301297,0.37872714468299223,0.0,0.34530202505006063,0.4597241063579333,0.3948584877529604,0.3771536571077336,0.0,0.0
