0.0,0.04827464952943522,0.16228502953360552,0.07750224398957103,0.2095291819802973,0.0,0.2341429059765932,0.0,0.22817150188344765,0.3119031250867128,0.16912470279285371,0.053418313915807696,0.1025448465748119,0.06853221302341955,0.19952229435746555,0.2363708823715694,0.28622191569923683,0.1557285061249905,0.12623203362225724,0.2250888931649626,0.29684096749496675,0.2572822416529619,0.051745819228472184,0.17899838996719492,0.3119670611803686,0.23288532820128696,0.2008553762756177,0.23010791523072963,0.20853588473886495,0.126289921905919,0.21644931917381835,0.0,0.1456331305783319,0.188593537550704,0.09076027671488363,0.0,0.0,0.1991962880529919,0.039748446236270066,0.046216669789004475,0.14676590650903332,0.06178988229958532,0.05717221074882109,0.06892487632292227,0.0915636978948403,0.4818756734754626,0.03960527411338063,0.2238292266859095,0.04284506225443291,0.15397389825326938,0.046732504666228476,0.10166219213058378,0.0,0.2629938298177561,0.2281373646935319,0.14704781138061065,0.0,0.16055535122573536,0.04355679638412523,0.1292468875341387,0.25724645300151583,0.2537883328583396,0.27618022884301957,0.2320938481341277,0.13884339243168617,0.21376627368542775,0.257518374814153,0.06468304652859617,0.08905524649746348,0.2914113111241392,0.14397514157035424,0.2607121893139986,0.3059680519246022,0.2846670131580691,0.1199857195857573,0.25389422094351
0.04827464952943522,0.0,0.0,0.13056424900082106,0.0,0.38617265075398993,0.05433459040513257,0.057362588012178604,0.0,0.11651548636250168,0.0,0.2172069106230342,0.38669144377913756,0.013524588434762145,0.0,0.26155649087485616,0.3343748125071677,0.43202262708830136,0.09081547708862525,0.0,0.0,0.1271975892837058,0.008040366192432431,0.11772604169579486,0.18044751820759647,0.5354906568779173,0.0,0.09836812399786997,0.0,0.0,0.0,0.24397408448564223,0.23236442869507493,0.0,0.02093023003817147,0.12196146587562763,0.1550601148389435,0.0,0.2936717403747731,0.2571588018031397,0.1030646028990546,0.0,0.018682320758133735,0.0,0.0,0.0,0.247732269704579,0.0,0.0,0.0,0.2655873752272661,0.0,0.08747707917329743,0.0,0.05478310726907262,0.0,0.14812338197677363,0.16325515672212546,0.0,0.0,0.13852801664746003,0.2611532723564716,0.3017947360445368,0.05686701889983848,0.09926277875264276,0.0,0.10582926052751773,0.010806749599891982,0.03049926965504422,0.12209801804756523,0.3148978583372056,0.1242772484228352,0.0,0.0,0.0,0.0
0.16228502953360552,0.0,0.0,0.0,0.37735477676349366,0.13662487628788694,0.2365875333584058,0.1408577873205174,0.5565432456640825,0.2330502638304012,0.5010693754666279,0.08217053287844743,0.11590145326850639,0.05230858085922525,0.32080265813708186,0.06741640210767338,0.12596094440207556,0.07912571074859462,0.46408805163997685,0.37538085206869315,0.17500809294699285,0.36475227305173974,0.26287923226314047,0.13635088758068806,0.09800925074112334,0.04168899524206331,0.48752776193681446,0.10707125584393154,0.1830772061509391,0.019879880014560956,0.060695745206573226,0.0,0.12463490158131268,0.0,0.004743354542220923,0.0,0.0,0.1762391243011255,0.014875212730585738,0.08888020774961523,0.17373286378532926,0.0,0.05004436098336922,0.12447309304847874,0.15444288442531567,0.2654640013817564,0.17692007474550953,0.4565053089252393,0.1031184966951964,0.32111424215243506,0.018623890019224657,0.11815338345185208,0.0,0.5448784122328237,0.2283054010649991,0.3657171005639764,0.07443431792814564,0.18651661547774215,0.12818119565324854,0.28896711412150733,0.14157861939948735,0.08940878453206809,0.06998199432635395,0.48079008113519917,0.19218955239406327,0.06060742859175342,0.3692338949535704,0.15115112603643474,0.08644576265407823,0.13621904612239094,0.13695529236547802,0.31561812964733393,0.2766597183526771,0.18604639235140885,0.22765582519118205,0.317238800324774
0.07750224398957103,0.13056424900082106,0.0,0.0,0.09276497440869365,0.09330713775235475,0.20418511482707383,0.05762969178401921,0.0,0.15937060656546476,0.0,0.1898273100842191,0.1561959145438188,0.2514155482089847,0.15475556105884125,0.008508793265842021,0.09520322615749541,0.09879398044699908,0.013484899609642559,0.05281597967750741,0.06921334564576896,0.11325655434250301,0.0,0.0720271843336852,0.0,0.11565829898687935,0.0,0.22002028697250814,0.0,0.08328935337477418,0.11547146269573083,0.06911053491370651,0.0,0.047655737353902536,-0.0004896745130626608,0.30392244682987,0.25426304448263043,0.04329661494197225,0.0739722302114948,0.0,0.0,0.0,0.18162812523537017,0.043634568995996284,0.0,0.005602875109247947,0.05129168095649754,0.070610077733397,0.05258620798067124,0.11051138310462975,0.20732935406348563,0.13695213974471138,0.10640065600905325,0.012928966535137216,0.10101524138950865,0.08283363049486997,0.14216693421475923,0.14260482764290836,0.19826167633636196,0.15985892269061647,0.010582999584636441,0.054416151629072367,0.12516286924283332,0.01885388899744152,0.17007208731719284,0.0717840884477222,0.10444055819840012,0.059283667013035085,0.08652106666369164,0.00720578649074933,0.05962069895769617,0.10727224776732532,0.1381335115415804,0.004358641616111094,0.0,0.004897625017227992
0.2095291819802973,0.0,0.37735477676349366,0.09276497440869365,0.0,0.20939549037804575,0.4116104768578702,0.19052959300456268,0.3945008106717915,0.2962907013815427,0.40648468392470183,0.18280417416942407,0.2640628936277797,0.20088620413661185,0.24412328978563214,0.0750861599916056,0.16403351158385154,0.10179497867080639,0.25893911012901133,0.29019685945125967,0.22156712815707716,0.32444685558307534,0.20635436979785482,0.13607266968765686,0.027159457243302407,0.0,0.2673249546218184,0.3024769755243481,0.1029404742738886,0.1460214672567611,0.17901628473833298,0.08414383750412285,0.15916800130685,0.1100417220202347,0.1329421651890407,0.07314852508061954,0.05753972477545537,0.23054646635940793,0.084139473991521,0.10075831012186082,0.2885321869950765,0.04649161050955259,0.18511468251622806,0.196294789488836,0.10659341330396169,0.3189206768368972,0.276736054819973,0.36839540730261555,0.2680597716903845,0.4987966709220639,0.1899740040346538,0.3190328380038238,0.08335762341953472,0.470043742722948,0.3165538351627551,0.3846720447505053,0.13339820990014709,0.33543905900967985,0.2296026713500136,0.15967689126095194,0.1444340845249302,0.17973826664079215,0.13157140614794696,0.3420324090476118,0.11835231324238754,0.11706381749503633,0.3155914515311871,0.14044721867631532,0.09330727659114631,0.2165754443977628,0.13064086473119138,0.2136956909883216,0.3845652162273854,0.1370127110550557,0.26401483699393796,0.3660131607332853
0.0,0.38617265075398993,0.13662487628788694,0.09330713775235475,0.20939549037804575,0.0,0.24845697190255536,0.43854432879964383,0.013251274475312385,0.2565632795895564,0.01983652034794537,0.4209893786398119,0.39766747969034527,0.2125390283855045,0.051976034486047096,0.035806600926884424,0.2409701716676086,0.2607207882533188,0.19702227933135083,0.1956301893818202,0.1524379407923661,0.2829865734932637,0.33974717317503095,0.3374446350588684,0.017575390405373488,0.3442986108199034,0.10544185261140573,0.12696542875437963,0.0,0.0,0.0,0.20006043785291303,0.19912473878175557,0.020991021405893484,0.07289718911586793,0.14347766780050872,0.1496788639578676,0.10865616589883322,0.31984022157432046,0.20318040975233223,0.13921412650171094,0.041834152960551985,0.1159243145342845,0.021290851118623656,0.08940050032962886,0.03357101133848753,0.49678286888224543,0.06887895502361092,0.0,0.19734591499084977,0.5243184085702739,0.04698111441138797,0.33889552457491634,0.12272760589900533,0.29768006404071273,0.0888763796190167,0.38339243285815816,0.4134760259139117,0.14177286239120887,0.09034487959076612,0.1147702336397656,0.24948547635725615,0.30013996821982125,0.20359330435116374,0.16818570292475693,0.10403384327136635,0.274013303055833,0.2734449778473055,0.2838172434379537,0.25235719252249894,0.44468692178847746,0.26440451715222435,0.2177932022855017,0.09382101260271763,0.14442784149669927,0.061700369321531466
0.2341429059765932,0.05433459040513257,0.2365875333584058,0.20418511482707383,0.4116104768578702,0.24845697190255536,0.0,0.1177333934281074,0.28954987189056436,0.41496899515566216,0.2096923738798014,0.20733100904002985,0.42223314968250875,0.16154207921646466,0.31332493135442024,0.20731699395205128,0.27191089070990687,0.29207104858680316,0.12896153797244927,0.3751148596439658,0.3400140008387617,0.42277924709531983,0.06557328387158806,0.023788255197900943,0.203323124619292,0.02841589048109691,0.28918306306420083,0.3304023902760796,0.26649198604364743,0.11209354591057231,0.22646367058088482,0.08027697161894518,0.09781656741618444,0.15718914444526053,0.11855424489141048,0.14807734943182188,0.09896474249221511,0.1483028169268939,0.11339609838732258,0.006847576768383135,0.09529004538859615,0.04929791299017687,0.1511386303936178,0.1672968485497801,0.1555864566527782,0.2532837463171154,0.28510072358823313,0.23993331369025678,0.19556880684284117,0.3864543514615439,0.17357546337599386,0.43093513660823496,0.01149106627654355,0.3867441620390384,0.39492085898465107,0.19960319989202704,0.12180222244618326,0.3433039570653752,0.14637385240942763,0.12287296953257021,0.04430684000308231,0.24265100317717794,0.24454471102916797,0.19656293300958386,0.1413057637464505,0.15751491633636375,0.2842540567766879,0.03368729080883833,0.005212543922294921,0.35624414848731323,0.04817943015403636,0.2573270297562342,0.3510749374447465,0.23095628004177887,0.11117995288099498,0.2871373340226799
0.0,0.057362588012178604,0.1408577873205174,0.05762969178401921,0.19052959300456268,0.43854432879964383,0.1177333934281074,0.0,0.09362829080869123,0.13939265899496625,0.138321654034414,0.42616406146108043,0.23583949628324327,0.3224782933999286,0.06522941321654782,0.0,0.058117353497301856,0.0,0.09750794633428901,0.16694910299972962,0.2349088769062725,0.17295295737882893,0.5128626376842181,0.4045638704934857,0.0,0.16158556576866626,0.0,0.22257430963972283,0.0,0.18726865839691223,0.0,0.0812805950070348,0.11098672590948534,0.09806998994357016,0.1336575621162815,0.2246223712948947,0.16829845814462102,0.14597527554964174,0.2516825661419241,0.047727710262556906,0.09101501200933464,0.03587485596695915,0.25486383222467784,0.14474737073492122,0.13317222348528338,0.06672155041351133,0.33201560758265475,0.09611532566203719,0.10435130113805875,0.25227629798399054,0.4718837236248632,0.09524071530546072,0.5180358470077157,0.10989181450166065,0.3232465586235886,0.19570318543008214,0.44670177706244174,0.4122232794464865,0.24208864810957642,0.11062833250576279,0.0,0.12321439275140378,0.1154224313681481,0.08345104200633208,0.07145385885660131,0.3359597236880621,0.18397166132301537,0.47797246534657717,0.3982737120970271,0.12034633210774708,0.42170215683864865,0.13151800883549797,0.2944908375058786,0.0,0.2245431883862944,0.07401457861289373
0.22817150188344765,0.0,0.5565432456640825,0.0,0.3945008106717915,0.013251274475312385,0.28954987189056436,0.09362829080869123,0.0,0.2721449361329036,0.5592621051360316,0.08540807510781787,0.12170929629603655,0.04584043699086194,0.3427420263205492,0.0,0.10257900948428454,0.0,0.3492086490664127,0.3932948506651904,0.2441488930832863,0.37936663585787034,0.13373793235195566,0.11733684661110498,0.05685783699729828,0.0,0.42286185088615563,0.24365812278094232,0.1134618339263423,0.11068537767505145,0.1013290477516539,0.0,0.036325600616502855,0.0,0.0,0.0,0.0,0.12554163339213054,0.0,0.006788054509869408,0.12655584060317937,0.0,0.1231126804022014,0.19548270374475438,0.1546130586185051,0.36519916326562063,0.061481741188712975,0.47873413754909094,0.20282358798006128,0.3343003493361783,0.0,0.19224326243394582,0.0,0.6317036240616052,0.28831379676875374,0.4070161415332259,0.0743977914349994,0.22930774656412983,0.13085161963615904,0.26722759085282627,0.05630203361375644,0.12653211850876867,0.026314286877854597,0.38526951573830237,0.19872653614645708,0.09404325043074599,0.34311065790389295,0.08482037001804622,0.10091146330194249,0.1847213009913079,0.07195088075526275,0.2643738288070251,0.38885429517671605,0.16313855243127248,0.23339327793335093,0.3784430612591213
0.3119031250867128,0.11651548636250168,0.2330502638304012,0.15937060656546476,0.2962907013815427,0.2565632795895564,0.41496899515566216,0.13939265899496625,0.2721449361329036,0.0,0.13026571154200056,0.31556616848310926,0.29692918362543486,0.11349568872439234,0.1858501397587685,0.1680357602946006,0.34449107548895325,0.2897551600281774,0.188728873366123,0.3419051084126164,0.3170021647482084,0.3844821125325496,0.12402593452715784,0.25751345236016626,0.29691668155413853,0.22458081924040857,0.25290127449570426,0.25829317345400715,0.19610223916145067,0.08839548542942866,0.1776292651251075,0.11025807212454962,0.23353933307435934,0.14314043266902574,0.06714069695421339,0.10390323902947364,0.0891273787939963,0.2227080561719282,0.22698547934590552,0.15819332284261528,0.16501817298497293,0.05038799792652692,0.13749815666169998,0.1270275482320116,0.1281502020424158,0.32434981904620974,0.2657421391597969,0.16823349362249693,0.11897300836446016,0.301347011331109,0.2735103192110333,0.2849942875530181,0.09312061316936092,0.351514976934403,0.53503882118558,0.13421911625424818,0.2000374032318671,0.3675178258673839,0.13047213442541833,0.0736446033998849,0.1510127994201996,0.4349041172736365,0.339617076037529,0.21660048143819455,0.12923650273375023,0.15741682207252794,0.27447215852625956,0.05244412822669747,0.26278189770959,0.4175418274324262,0.26345897937748586,0.23482089469726566,0.37450557596306927,0.22034313365711852,0.17509942862052252,0.3465142011873606
0.16912470279285371,0.0,0.5010693754666279,0.0,0.40648468392470183,0.01983652034794537,0.2096923738798014,0.138321654034414,0.5592621051360316,0.13026571154200056,0.0,0.014648480194782742,0.01948209867383383,0.10389087364685949,0.30034591433355856,0.0,0.007562316469237233,0.0,0.37722167572126597,0.2626895704919652,0.17172668856689144,0.23869926134985153,0.20996836494347634,0.13602946388033924,0.0,0.0,0.3556954001641464,0.1660310121047815,0.09316039770555054,0.11918854834075737,0.08890590039524827,0.0,0.031740616070448084,0.0,0.0,0.0,0.0,0.1637315507013359,0.0,0.0029651206541323367,0.13561310656148667,0.0,0.09400840446454363,0.1391468163129479,0.11923765042353932,0.28200532308446863,0.00495236425327902,0.46052999957677226,0.18415892834880743,0.3118875519213185,0.0,0.13404694904878628,0.0,0.5189352258630007,0.16080127971583277,0.4659233078959928,0.025797491291553308,0.12739992969329933,0.14308325096766364,0.263142078825898,0.08200106354184926,0.0,0.0,0.4109754229292829,0.18335165915518226,0.11900030351536028,0.3023967315144127,0.15174893068000983,0.12340646792727399,0.08228401694802555,0.060719877556903966,0.2323616149753284,0.29653866528066514,0.1499296168646303,0.22478180530665517,0.31021165294912484
0.053418313915807696,0.2172069106230342,0.08217053287844743,0.1898273100842191,0.18280417416942407,0.4209893786398119,0.20733100904002985,0.42616406146108043,0.08540807510781787,0.31556616848310926,0.014648480194782742,0.0,0.3423410930551946,0.2257962755541813,0.06781115371344794,0.0,0.23300317226127126,0.13498202366208542,0.11156846572545231,0.20007782781473704,0.10774058488063386,0.26030391696097593,0.1849026665310596,0.45335867410566943,0.0,0.3045266798696684,0.0,0.26655738735022716,0.0,0.14802917072715155,0.0,0.1231502514700884,0.1129600168250988,0.035096028198633375,0.02922402722873556,0.334163534640985,0.3178958384165021,0.10009949394166454,0.31096504188309104,0.13218335886246507,0.16371805072128717,0.0,0.3217320310144971,0.10500752487558163,0.06643652432470509,0.16248718781181545,0.2764257313811513,0.08286721627447634,0.04427344241910946,0.2015121178239214,0.4366038413278612,0.08884699272688916,0.3274186465296253,0.15931034869127295,0.3811123482616061,0.09140571901696583,0.5884084869871575,0.46614712639562766,0.24568810591941276,0.1234501996243587,0.020042986978693285,0.29161307966813715,0.2489857811783831,0.08924463187653228,0.16791775533163958,0.0756607621779978,0.2554978495287333,0.20557136241628274,0.3989586097462498,0.11184118012459955,0.47666648169030895,0.0979354852706566,0.3532181714998546,0.0,0.22357386923632225,0.09948405580048927
0.1025448465748119,0.38669144377913756,0.11590145326850639,0.1561959145438188,0.2640628936277797,0.39766747969034527,0.42223314968250875,0.23583949628324327,0.12170929629603655,0.29692918362543486,0.01948209867383383,0.3423410930551946,0.0,0.06431719227603339,0.04126391334993054,0.20392503555830954,0.4480426771567341,0.44361820221279047,0.11973826946489198,0.14780712867954404,0.08951223414207142,0.30742242049529694,0.07170589733181938,0.1295984997036592,0.06127758353658388,0.3134038443531019,0.0,0.37631403475685576,0.0,0.09235227989324818,0.0,0.1881994386138141,0.19286012877786896,0.06606162453727972,0.13637516177098444,0.19580030196227122,0.2662804101173655,0.0,0.3047015872025446,0.14940571131195113,0.1541014511413609,0.011276413136188967,0.18107605547893324,0.10325313054414825,0.07572454096619784,0.2083060667481357,0.30936025616212853,0.09104075623192794,0.14181850448920177,0.23223417394506873,0.2549590311218929,0.19543782623114356,0.16052431900033012,0.2493684096311998,0.32540696113542644,0.07196513979017538,0.2688770027190305,0.47370397808531767,0.10006023234975706,0.03318051472455215,0.06926441292233108,0.3766425650789466,0.3533764820800651,0.11018637699432124,0.07400926720206756,0.0,0.21804564318227262,0.05623596607751973,0.05420377112650048,0.252795799386729,0.2852917432022142,0.11401796346376615,0.30161315020176616,0.0,0.1374151381515067,0.12415610676136925
0.06853221302341955,0.013524588434762145,0.05230858085922525,0.2514155482089847,0.20088620413661185,0.2125390283855045,0.16154207921646466,0.3224782933999286,0.04584043699086194,0.11349568872439234,0.10389087364685949,0.2257962755541813,0.06431719227603339,0.0,0.17161276465344805,0.0,0.0,0.0,0.09538793995267418,0.12476326721462742,0.2022454242163855,0.1310471381282182,0.2758174165009746,0.21895614826036355,0.0,0.0804959530542832,0.0,0.25504667031511524,0.0,0.1444264228366893,0.16568008411594384,0.012771938633618005,0.0,0.05530314469845664,0.12602698249942373,0.2740949783210698,0.22382836983240234,0.16923467108018753,0.12394696142150012,0.0,0.0,0.0,0.27727295937736796,0.14386666357066116,0.06118513461749734,0.08056464913232458,0.23751155224179069,0.09328546661131452,0.10298617102283678,0.25246127712625416,0.3201583077326518,0.2143256866740556,0.31745438308600504,0.07507507775705186,0.21061603992252098,0.18240090853102361,0.23048533784985034,0.24461470326165471,0.2859802842592535,0.18850739176287704,0.0,0.02039446929320613,0.025712771914466127,0.09325861019344187,0.106677479451518,0.3105562098399365,0.1471527893092015,0.3338803152538969,0.22776986738175936,0.05330537092111544,0.20849106559067945,0.1382600783582782,0.2248178627684872,0.021836689616198446,0.10848122076771542,0.050261053354884344
0.19952229435746555,0.0,0.32080265813708186,0.15475556105884125,0.24412328978563214,0.051976034486047096,0.31332493135442024,0.06522941321654782,0.3427420263205492,0.1858501397587685,0.30034591433355856,0.06781115371344794,0.04126391334993054,0.17161276465344805,0.0,0.05419819951745008,0.0,0.010775672935275664,0.12303542318918113,0.48365123173941477,0.29186244955259993,0.44412260843626483,0.1546976369325852,0.12409625551918523,0.06039385389147882,0.0,0.3627060541175951,0.21626402504097028,0.23465917909709413,0.11020375945055892,0.2480849490526171,0.008125946794261266,0.0,0.0,0.0,0.07730366379185023,0.09204051725902519,0.1560677227920493,0.0,0.0,0.0,0.0,0.12233378279626256,0.12517090769997968,0.12906629151034765,0.18358610059387215,0.11827882989647666,0.35759703074005833,0.10439607842308882,0.20329483302818457,0.05858556831346348,0.19112501496466475,0.0,0.3303092451500424,0.1715007117327149,0.2570613537930915,0.0,0.09138565708489173,0.0758041815732953,0.5242352381425825,0.1130820618841476,0.0,0.07203878746893941,0.22815586882828678,0.42472017684466307,0.17224012577676084,0.43674085465255974,0.17998450623884135,0.13529934050676426,0.09913335444744655,0.0,0.36734057018251526,0.30450840781182775,0.31471613027857254,0.11581390986621852,0.26261269987465796
0.2363708823715694,0.26155649087485616,0.06741640210767338,0.008508793265842021,0.0750861599916056,0.035806600926884424,0.20731699395205128,0.0,0.0,0.1680357602946006,0.0,0.0,0.20392503555830954,0.0,0.05419819951745008,0.0,0.3370730915433565,0.4443317613756476,0.05805186777327138,0.10808915844278254,0.0,0.21117302334145413,0.0,0.0,0.44789973737822764,0.18689814555859308,0.2186173314117298,0.04374127502855403,0.3986941144566497,0.0,0.1355678555869952,0.2072003874249292,0.20069672188127352,0.10100965008227944,0.1378541116747053,0.0,0.0,0.0,0.05243070026041369,0.10544866108300718,0.1138212627624265,0.036343559799927594,0.0,0.0,0.0,0.10452783165769401,0.11829450517503673,0.06659851378901907,0.0,0.0,0.0,0.10041383231260756,0.0,0.0750006120035194,0.0,0.0,0.0,0.0,0.0,0.0,0.28355304949861887,0.18947042479171836,0.2756626229689499,0.10474431649718384,0.10289732335201669,0.0,0.1134894261043696,0.0,0.0,0.15394370822971534,0.0,0.18476558198095155,0.0,0.152595320328693,0.0,0.038117395692790344
0.28622191569923683,0.3343748125071677,0.12596094440207556,0.09520322615749541,0.16403351158385154,0.2409701716676086,0.27191089070990687,0.058117353497301856,0.10257900948428454,0.34449107548895325,0.007562316469237233,0.23300317226127126,0.4480426771567341,0.0,0.0,0.3370730915433565,0.0,0.42885827617518135,0.20930083913447556,0.0993303105607892,0.04344431267921734,0.25875820159201113,0.018109060846956397,0.14864426620528842,0.1774371830629861,0.39163877389088697,0.03469652631567896,0.2708086276090342,0.006045279148389567,0.0,0.0,0.17165419123484213,0.3094659937357013,0.1763953978742283,0.09563358133188946,0.05199340258243838,0.08640732936887775,0.07203089857671546,0.22542312915166934,0.2632727390344981,0.280881559454983,0.06260633242868693,0.038463733238534706,0.012882891541054244,0.060967652566391764,0.3027610452982825,0.11361349863456097,0.056437422476485255,0.0,0.07252162584536562,0.14896125677125868,0.04811926845695211,0.03525741232034374,0.196977960632167,0.2443516712330651,0.017880731108135765,0.13687270855932052,0.3185227838443869,0.0015862562742267813,0.0,0.2064966291949847,0.49002269469021054,0.3957206401376061,0.19097529122050352,0.032749262151092785,0.0,0.19415063163974391,0.0,0.054625414455423224,0.1894020845989274,0.24078825622033076,0.12420602658669885,0.2578898844027711,0.0,0.11406865396208689,0.1727434078505683
0.1557285061249905,0.43202262708830136,0.07912571074859462,0.09879398044699908,0.10179497867080639,0.2607207882533188,0.29207104858680316,0.0,0.0,0.2897551600281774,0.0,0.13498202366208542,0.44361820221279047,0.0,0.010775672935275664,0.4443317613756476,0.42885827617518135,0.0,0.06533228544210282,0.0787224692848,0.012207197966968543,0.21592524060192622,0.0,0.0,0.34076588340074,0.31778778071466796,0.10156493003885772,0.177141549085646,0.16951486733704504,0.0,0.0,0.23302823334973571,0.2195710196925623,0.11787971551460845,0.1579207315957374,0.041209897012746216,0.0768679025143417,0.0,0.2510116524792423,0.14980301948070393,0.13752846621170947,0.0,0.0,0.0,0.01557731608316612,0.10020644484549265,0.24852997954323702,0.03891170864724875,0.0,0.035168415926580286,0.17042278038810993,0.0999786546206477,0.0,0.10691208047137445,0.1684424228497027,0.0,0.025271942961220616,0.19991176119357015,0.01563711443307329,-0.0009247554106881477,0.21447684142379908,0.33342457704473194,0.44457184602588723,0.0979544442420716,0.05966729443006493,0.0,0.140509634707396,0.0,0.0,0.22462610185344487,0.12037216275525021,0.18484122210339424,0.08218008830463272,0.09029904912765908,0.0,0.023530711679399196
0.12623203362225724,0.09081547708862525,0.46408805163997685,0.013484899609642559,0.25893911012901133,0.19702227933135083,0.12896153797244927,0.09750794633428901,0.3492086490664127,0.188728873366123,0.37722167572126597,0.11156846572545231,0.11973826946489198,0.09538793995267418,0.12303542318918113,0.05805186777327138,0.20930083913447556,0.06533228544210282,0.0,0.1810545653245823,0.053845647373201945,0.22841845213795176,0.14910622093326995,0.16724639523487866,0.12360990639271621,0.20045405915425285,0.244541692944205,0.0806196950475701,0.05150792204727829,0.0,0.0,0.04576017481607762,0.19495453235152294,0.0,0.0,0.0,0.0,0.1326537466105982,0.10881774357647722,0.23530032063663342,0.24809716832509837,0.0,0.06066020835362356,0.07275930792374696,0.0778467013857323,0.23683720705196692,0.1506169222334595,0.2772988542968745,0.0003507036541937208,0.1896031875235848,0.0945987940136525,0.0012140244581195407,0.02689273081569387,0.33674513516302257,0.14059957397614678,0.23013439073790623,0.11843064661241545,0.15424955071837929,0.1049131848296424,0.10951836464644227,0.14329581517651213,0.11722135095497722,0.08368872244200186,0.5022485337332786,0.12689852557818265,0.0,0.258273926400862,0.08330645963377763,0.15036557534208622,0.11881226547159214,0.2228946783047248,0.19513966387313048,0.1725998872183365,0.03162554140179216,0.16760380091801758,0.23219837028638488
0.2250888931649626,0.0,0.37538085206869315,0.05281597967750741,0.29019685945125967,0.1956301893818202,0.3751148596439658,0.16694910299972962,0.3932948506651904,0.3419051084126164,0.2626895704919652,0.20007782781473704,0.14780712867954404,0.12476326721462742,0.48365123173941477,0.10808915844278254,0.0993303105607892,0.0787224692848,0.1810545653245823,0.0,0.33507419624612494,0.5683624175665232,0.193611809634818,0.20154980984872245,0.09356789807248334,0.0,0.4396011123199407,0.19465932127536353,0.20987758161449524,0.0852987902216524,0.21281478721067162,0.03377780936157442,0.07222309153712123,0.08215629692338117,0.04046262198092848,0.015728288388025254,0.012332539122689942,0.1418984582230186,0.0,0.0,0.016407379055345405,0.04270160923613589,0.09006625654388052,0.13665812196087399,0.14655182370017403,0.25490766567021883,0.2512133107630716,0.32685386502993274,0.10604848077943035,0.2725426271537618,0.1503133828334704,0.2276841096830074,0.026593723314319646,0.39270904251044986,0.3562623812548291,0.23978051355115307,0.18204779115321484,0.22539214033634375,0.07766190671934078,0.3869665632111975,0.07894644518685334,0.1411166425169105,0.14520570957882767,0.25778287049349025,0.3909410572306871,0.19430425447147273,0.42642237365461333,0.1293742719402368,0.22148308219163995,0.2422126977963045,0.12948604415267959,0.34499741413820667,0.337604337635733,0.2286875103226668,0.1543854343486247,0.34824320635506906
0.29684096749496675,0.0,0.17500809294699285,0.06921334564576896,0.22156712815707716,0.1524379407923661,0.3400140008387617,0.2349088769062725,0.2441488930832863,0.3170021647482084,0.17172668856689144,0.10774058488063386,0.08951223414207142,0.2022454242163855,0.29186244955259993,0.0,0.04344431267921734,0.012207197966968543,0.053845647373201945,0.33507419624612494,0.0,0.2687339790895633,0.2858756170470402,0.18234912444576068,0.18842808759522917,0.0,0.2127440498193429,0.29039070963989916,0.19551484066772024,0.2580121403808427,0.3825543740572572,0.0,0.041889960702519,0.26444773627747753,0.14045958150563842,0.10144788850735695,0.0,0.21316187013271545,0.0752121567331432,0.0,0.05880828199601754,0.0672773232168075,0.1497950136418002,0.2127982580494512,0.22086713680648556,0.22922694301087826,0.18574359741934401,0.15478576435633012,0.1642280273841535,0.28738856597069695,0.22717026268461837,0.33477082361596705,0.16922148294440154,0.2650977395400929,0.3795830843424912,0.11087174774867181,0.04757861173073734,0.2467907958807542,0.14681542805131,0.17341083821569614,0.0,0.09723106132212678,0.08139689959934825,0.11156258027477434,0.06850250406463369,0.48184963421424104,0.1667293640788569,0.2823466071418249,0.2060330928201944,0.34249910342378215,0.07730474647225019,0.26009823447345126,0.35703712864588855,0.33454057792948355,0.13357345587188252,0.3035302018755587
0.2572822416529619,0.1271975892837058,0.36475227305173974,0.11325655434250301,0.32444685558307534,0.2829865734932637,0.42277924709531983,0.17295295737882893,0.37936663585787034,0.3844821125325496,0.23869926134985153,0.26030391696097593,0.30742242049529694,0.1310471381282182,0.44412260843626483,0.21117302334145413,0.25875820159201113,0.21592524060192622,0.22841845213795176,0.5683624175665232,0.2687339790895633,0.0,0.17648755842772074,0.2160629154060587,0.14065029238562896,0.1792007939207694,0.3829338397673488,0.3198004268292127,0.17726445774479907,0.07845951948057209,0.14169798571262715,0.10965590094759015,0.15140324012693399,0.03649931411193865,0.026299217134205827,0.11797116706083359,0.10795344665510777,0.12775701245584323,0.11602775400495238,0.0769584116557803,0.08678368855658382,0.024980825693442944,0.15730949045750592,0.13707601622629875,0.15214067018353805,0.27659947376131255,0.2937487999339879,0.3600922749574309,0.05165158928400872,0.2252952314342574,0.21098393881914904,0.19939288183864284,0.034549907143467964,0.40743705282995857,0.37400572823034156,0.26559095071065897,0.1949604409058814,0.2788712974136652,0.04262623234594823,0.35438393750486397,0.23041188689382064,0.2783093290560617,0.3073391906889406,0.3218633571952622,0.4253766457161859,0.13051360273337817,0.53651572657438,0.12710928183387238,0.20076850953026323,0.3025064794032443,0.21877199882011378,0.41396591482051615,0.3869370955769656,0.2368347807952027,0.18065973029716703,0.3363648456810712
0.051745819228472184,0.008040366192432431,0.26287923226314047,0.0,0.20635436979785482,0.33974717317503095,0.06557328387158806,0.5128626376842181,0.13373793235195566,0.12402593452715784,0.20996836494347634,0.1849026665310596,0.07170589733181938,0.2758174165009746,0.1546976369325852,0.0,0.018109060846956397,0.0,0.14910622093326995,0.193611809634818,0.2858756170470402,0.17648755842772074,0.0,0.35277332198211697,0.0,0.14674197458265958,0.1295469007200472,0.13119318543800546,0.0,0.10227278550419257,0.091988223118623,0.04979163297889711,0.15036674031463756,0.11214506999694453,0.08605409823257855,0.04931827510550823,0.0,0.23459665216564932,0.1422668837352624,0.06322500826124458,0.08664988884186109,0.004232856780632631,0.1285842055455004,0.07958534116191535,0.19690442168869615,0.08907404177349375,0.3361315711039072,0.16775589543131125,0.03301100220636836,0.20501454142980519,0.42662704032341686,0.04956793387135725,0.45927352254142156,0.15712970406371013,0.25096477551505975,0.2352721624772285,0.20439852099570524,0.2615360982494556,0.1742069891875647,0.19317274329567538,0.09886246537219404,0.077644006613155,0.10370277610997235,0.2015140468839755,0.09543406000846687,0.40458269537674313,0.20687617032957356,0.57370528328451,0.3330207591911752,0.152586385746252,0.3651707947329832,0.3103407010352575,0.21539317705671793,0.19625824724231505,0.17209851498057818,0.10369998306247023
0.17899838996719492,0.11772604169579486,0.13635088758068806,0.0720271843336852,0.13607266968765686,0.3374446350588684,0.023788255197900943,0.4045638704934857,0.11733684661110498,0.25751345236016626,0.13602946388033924,0.45335867410566943,0.1295984997036592,0.21895614826036355,0.12409625551918523,0.0,0.14864426620528842,0.0,0.16724639523487866,0.20154980984872245,0.18234912444576068,0.2160629154060587,0.35277332198211697,0.0,0.0,0.3493636279822654,0.005788691178267126,0.14568961918509765,0.0,0.1278810329188126,0.0,0.07735370267848958,0.1733297765968155,0.0,0.0,0.1586195168931383,0.09032961391142671,0.1909477242284019,0.26107578103939627,0.2510165061698981,0.18431882149008172,0.0,0.17523329748125505,0.0016974245208755396,0.1166858065805585,0.2592816501140939,0.18895144878826994,0.1722690417161836,0.0,0.15964138703730638,0.373391855803853,0.0,0.33886626698858135,0.15683933847753528,0.32550875928660905,0.1821784737094526,0.41129286187690384,0.3201021169006227,0.20861341366389682,0.2048362539184353,0.13679763658296287,0.22371977310227617,0.1764952859265242,0.17981581564859328,0.225967201770466,0.2502413745257908,0.30710090221674763,0.3496518621391145,0.5780335950920228,0.12480003303771012,0.5266426391653737,0.22014293671564003,0.32526173877818393,0.03553901475308525,0.2996445314669971,0.18556025216542182
0.3119670611803686,0.18044751820759647,0.09800925074112334,0.0,0.027159457243302407,0.017575390405373488,0.203323124619292,0.0,0.05685783699729828,0.29691668155413853,0.0,0.0,0.06127758353658388,0.0,0.06039385389147882,0.44789973737822764,0.1774371830629861,0.34076588340074,0.12360990639271621,0.09356789807248334,0.18842808759522917,0.14065029238562896,0.0,0.0,0.0,0.168968397055668,0.25821344532133694,0.0,0.48669130161463187,0.0,0.2134674138446431,0.12158745407680972,0.15385986082066316,0.0898473326318948,0.0,0.0,0.0,0.08712563040667184,0.07776738141574058,0.13271708035498064,0.09587137558584351,0.020264819242802774,0.0,0.0,0.0688607599166023,0.14105936988414683,0.13075865589216806,0.06329338247465922,0.0,0.0,0.0,0.1543606621446227,0.0,0.12413982130000716,0.11500027600178289,0.0,0.0,0.0,0.0,0.0,0.21163187886602028,0.13507657962406244,0.19400434716165926,0.15485647522067014,0.0439562850182047,0.0,0.08106331960840359,0.0,0.0,0.38968505913651985,0.0,0.18512892207367676,0.0,0.3279547342041534,0.0,0.15776756332415684
0.23288532820128696,0.5354906568779173,0.04168899524206331,0.11565829898687935,0.0,0.3442986108199034,0.02841589048109691,0.16158556576866626,0.0,0.22458081924040857,0.0,0.3045266798696684,0.3134038443531019,0.0804959530542832,0.0,0.18689814555859308,0.39163877389088697,0.31778778071466796,0.20045405915425285,0.0,0.0,0.1792007939207694,0.14674197458265958,0.3493636279822654,0.168968397055668,0.0,0.0,0.17106435078290133,0.0,0.01419006941962872,0.0,0.19290350537187587,0.2750290664504957,0.0,0.0,0.12140194165180297,0.11876065817464508,0.06986399162161396,0.32060432442389264,0.3060615446153453,0.17525863856447205,0.0,0.08789679664495377,0.0,0.02347768453022801,0.17555582957468757,0.20999384348390432,0.05813005132860914,0.0,0.0,0.3148872004924579,0.0,0.1550450217590043,0.043490764866350055,0.17598836678048552,0.024429394570532628,0.21963818089736672,0.2236828357693296,0.0,0.06110969952760353,0.2400564682325339,0.35400116105188223,0.33385116297323436,0.1958174785559022,0.1915757828446856,0.0,0.22802149100235838,0.15270705889480968,0.24235315651951603,0.16172414963828466,0.47941558751952357,0.20874218347618187,0.12647450396413817,0.0,0.10088446649003587,0.0
0.2008553762756177,0.0,0.48752776193681446,0.0,0.2673249546218184,0.10544185261140573,0.28918306306420083,0.0,0.42286185088615563,0.25290127449570426,0.3556954001641464,0.0,0.0,0.0,0.3627060541175951,0.2186173314117298,0.03469652631567896,0.10156493003885772,0.244541692944205,0.4396011123199407,0.2127440498193429,0.3829338397673488,0.1295469007200472,0.005788691178267126,0.25821344532133694,0.0,0.0,0.0,0.45332219365180715,0.0,0.164872129515809,0.0,0.10272742637620753,0.0,0.0,0.0,0.0,0.144966927878766,0.0,0.013853160768212481,0.04659577151901142,0.013150917731789528,0.0,0.05323074370252428,0.1349597870127235,0.18321789048098017,0.14035639231983515,0.3769175256099006,-0.009602903101336038,0.2166424589049575,0.0,0.13875454739251483,0.0,0.4187587154134359,0.19353991984646135,0.21682520978521377,0.0,0.034484229311078564,0.0,0.2844864861382318,0.18136483048389862,0.0648702930713241,0.11589743153612271,0.3237112036878422,0.2811001295170778,0.057434545262956355,0.3490484028215323,0.04661386529437724,0.0,0.19893954248919,0.0,0.4474863418417706,0.15527114277000542,0.394960162307135,0.1021906637004772,0.2943456617263411
0.23010791523072963,0.09836812399786997,0.10707125584393154,0.22002028697250814,0.3024769755243481,0.12696542875437963,0.3304023902760796,0.22257430963972283,0.24365812278094232,0.25829317345400715,0.1660310121047815,0.26655738735022716,0.37631403475685576,0.25504667031511524,0.21626402504097028,0.04374127502855403,0.2708086276090342,0.177141549085646,0.0806196950475701,0.19465932127536353,0.29039070963989916,0.3198004268292127,0.13119318543800546,0.14568961918509765,0.0,0.17106435078290133,0.0,0.0,0.0,0.3372448501454808,0.1875303605486667,0.07447708021410965,0.07072645219359038,0.17150962908053236,0.15780044503337923,0.3545751744249486,0.31230613527432366,0.1104920131644602,0.1697554432079847,0.0,0.12641726733080344,0.0,0.399379105731024,0.22011389976201082,0.08976858239736536,0.2840171391759864,0.13406838009189503,0.16375443852181565,0.23356341788948767,0.25928482835419164,0.19280625925550718,0.26419289978622856,0.19969176190336527,0.26477769797219924,0.3017037002304052,0.1802786287667639,0.18253693867341278,0.36411811616249257,0.2197399552790655,0.16442805560909032,0.02733921423312286,0.21945565871394468,0.1855009098830421,0.13458229600510863,0.11113679178234696,0.2372911783795815,0.24140744496363223,0.2059829396680093,0.1548235978329501,0.17522535692302368,0.1833548211346773,0.16591558707699106,0.4826327619149109,0.03305421206743425,0.19650115952826924,0.1675419164944668
0.20853588473886495,0.0,0.1830772061509391,0.0,0.1029404742738886,0.0,0.26649198604364743,0.0,0.1134618339263423,0.19610223916145067,0.09316039770555054,0.0,0.0,0.0,0.23465917909709413,0.3986941144566497,0.006045279148389567,0.16951486733704504,0.05150792204727829,0.20987758161449524,0.19551484066772024,0.17726445774479907,0.0,0.0,0.48669130161463187,0.0,0.45332219365180715,0.0,0.0,0.0,0.3166674598020221,0.0284120914997064,0.05412087403527744,0.036338789712659095,0.0,0.0,0.0,0.07409893455711321,0.0,0.0,0.0,0.07576357417654507,0.0,0.0,0.0898610369610501,0.056556332478828186,0.03968154234141729,0.16042276566428465,0.0,0.06611747578142108,0.0,0.1885320992917609,0.0,0.16718388385977606,0.04335584853227992,0.030429441349528817,0.0,0.0,0.0,0.09555914283362577,0.1901237794987796,0.012110392569877565,0.11575803323191027,0.14653419967397044,0.12430847097854252,0.0,0.12547978776262098,0.0,0.0,0.2535782354458367,0.0,0.2747820250215627,0.0,0.4771722947672833,0.0,0.15614438665492572
0.126289921905919,0.0,0.019879880014560956,0.08328935337477418,0.1460214672567611,0.0,0.11209354591057231,0.18726865839691223,0.11068537767505145,0.08839548542942866,0.11918854834075737,0.14802917072715155,0.09235227989324818,0.1444264228366893,0.11020375945055892,0.0,0.0,0.0,0.0,0.0852987902216524,0.2580121403808427,0.07845951948057209,0.10227278550419257,0.1278810329188126,0.0,0.01419006941962872,0.0,0.3372448501454808,0.0,0.0,0.15846406819919248,0.0433072192096676,0.0,0.04751812862272233,0.02860829051863173,0.21139644579911346,0.18336999896360637,0.13575024206978628,0.14085803030213398,0.0,0.06744725850674677,0.0,0.2829496705159546,0.202635092661091,0.08975541799722149,0.1567373432005552,0.06817884456103028,0.10236352730895534,0.2427069618262831,0.24781926756267994,0.14598335513786306,0.24927007109960658,0.16391947040308258,0.1428803552606856,0.23008368715598068,0.16185918811952704,0.10474028618342295,0.24245271558174214,0.245579874999482,0.10290244058603568,0.0,0.016554346783330405,0.0,0.019455358068150214,0.046306017101304164,0.27538666852062194,0.07458666162477534,0.18235944341465243,0.19548017978456797,0.1473022590009417,0.12003507874834314,0.07830525780809935,0.292123682046534,0.10387479468451033,0.2786903924103256,0.1846424032218259
0.21644931917381835,0.0,0.060695745206573226,0.11547146269573083,0.17901628473833298,0.0,0.22646367058088482,0.0,0.1013290477516539,0.1776292651251075,0.08890590039524827,0.0,0.0,0.16568008411594384,0.2480849490526171,0.1355678555869952,0.0,0.0,0.0,0.21281478721067162,0.3825543740572572,0.14169798571262715,0.091988223118623,0.0,0.2134674138446431,0.0,0.164872129515809,0.1875303605486667,0.3166674598020221,0.15846406819919248,0.0,0.0,0.0,0.26258617540879764,0.10181201221927717,0.03321590022143591,0.0,0.16816254230157862,0.0,0.0,0.0,0.05359890097980729,0.08305108491124526,0.20596538859570054,0.10283377621518458,0.09257374883649562,0.05418632901858397,0.14964902059537064,0.18011808830107687,0.21025150362472916,0.08134666972285128,0.35683239789731935,0.04704579591662209,0.10506948891209664,0.13811961589041255,0.12382129787638191,0.0,0.04136238325468577,0.037227811626356945,0.13459622070542807,0.02872348028151307,0.0,0.0,0.08756129214507266,0.03674917897805221,0.30973463503674703,0.06910335153360639,0.1668795511258772,0.0,0.17253333766523846,0.0,0.15971876131948382,0.18091922415915837,0.3101122224278982,0.0,0.23463137011631616
