0.0,0.06991375186066418,0.24073762101212517,0.12405761407863362,0.3265779039860617,0.0,0.3552707412585453,0.0,0.33376050897939935,0.4709058948805739,0.2569539813263491,0.08191420255132734,0.15386932016665517,0.10331664518211485,0.29905856657233004,0.35934608583492894,0.41987310887750606,0.2260611602307645,0.19167590709191207,0.32850521533504273,0.44263766302112373,0.3856186664770389,0.08773815982174764,0.27288893290517147,0.47104061694709704,0.3524727713433908,0.30643562516475725,0.33996490117770095,0.32246411913186074,0.19096492302426946,0.33690671887234275,0.0,0.23336456238856257,0.2907044492186539,0.1243080261723053,0.0,0.0,0.2927446512502006,0.06250255890931157,0.0724174200292619,0.20801157626189792,0.08429821823730844,0.08199610591336957,0.09454746983347191,0.12912202935443903,0.7297631732479627,0.06380104997076656,0.33238203137695504,0.06092042907542346,0.23868577552262182,0.09080600373391153,0.16153599943314184,0.0,0.38532476083444667,0.36031791259197904,0.2222661381877015,0.0,0.24315415098201384,0.0566869863547267,0.19018441193667696,0.3902371991443761,0.40002934765410125,0.42327449968905356,0.3579222674984984,0.20959730967749252,0.3263422260992036,0.38264313400523914,0.10892396082438682,0.1365515660915093,0.45004783319934133,0.22474361719320127,0.3980437638817479,0.45548536235494563,0.4374869672555728,0.18938411642220204,0.38456089566950824
0.06991375186066418,0.0,0.0,0.1941319006475778,0.0,0.584376197127024,0.08982203453854624,0.08915623560383734,0.0,0.17186244060557168,0.0,0.33834704554484907,0.5865448520689659,0.022421566790246882,0.0,0.4000245178599597,0.5018035835555432,0.6462715951285144,0.1348841996829105,0.0,0.0,0.20185669148911595,0.012045763549198793,0.17009999488101574,0.2818007078687658,0.814212035683715,0.0,0.1409563086277909,0.0,0.0,0.0,0.38352933098552316,0.3536239973167344,0.0,0.024432289905886032,0.19594213199776983,0.24613856526352454,0.0,0.4478615580244653,0.37216184381242906,0.1455495019763207,0.0,0.022952614635326246,0.0,0.0,0.0,0.37773116817295566,0.0,0.0,0.0,0.4042679802618715,0.0,0.13030977789663686,0.0,0.09583403453748257,0.0,0.233805205909604,0.2674938518357429,0.0,0.0,0.2109957693980146,0.41842891511855,0.46751971143626614,0.09135078580733275,0.15513512180910524,0.0,0.16196562244461343,0.024777141999094303,0.0329396920565209,0.19280859826592045,0.4875592824324928,0.1920569720741941,0.0,0.0,0.0,0.0
0.24073762101212517,0.0,0.0,0.0,0.581588393842672,0.23456755211010938,0.36577536602012706,0.19613832688553076,0.8475816933913038,0.3489047736051936,0.7666930728525717,0.12549258159926308,0.18976906838172453,0.08651758828084256,0.49234201800735927,0.10070671826533525,0.1825325890963538,0.11018891257135846,0.7097819300736691,0.572701589022236,0.25958378192314047,0.5586212549388716,0.3978263739287629,0.20879741685244163,0.14093947457800868,0.05825448994224124,0.7548783503914195,0.17341942886085954,0.28579475080614064,0.02871646537789067,0.09410734087620844,0.0,0.18199621757823048,0.0,0.006126129888904043,0.0,0.0,0.24952870005635258,0.02353232570544621,0.12253886351940119,0.24912027611349488,0.0,0.0721215500093671,0.18561060136628577,0.2177915673524565,0.3878778904540077,0.2741481818632279,0.699677817276592,0.1625929729093831,0.5103115879758285,0.04520798316488619,0.19212424094569774,0.0,0.8311680620237215,0.3519605375478869,0.5646811171402417,0.12039333862153304,0.2907091559983328,0.19493224864042824,0.44778983819467894,0.21635263903366925,0.1416938082413128,0.10540573206835463,0.7413000888807677,0.298573608453419,0.0935863712769451,0.5631755827438755,0.22379636155275393,0.12973009198596797,0.21183381067825052,0.20474474396461845,0.49180416564006607,0.42526325861477005,0.2862829070131582,0.3756439275424461,0.48909512642670133
0.12405761407863362,0.1941319006475778,0.0,0.0,0.1364232954168786,0.13789121049397188,0.3079792628605129,0.0814765938791341,0.0,0.2517241737168012,0.0,0.28633678702692583,0.2316625736462782,0.3756031243823934,0.2310761167892052,0.007536074467708456,0.1459073208595285,0.15433409122863004,0.015684254262934738,0.07298150574557014,0.10498568881561085,0.16632388936839157,0.0,0.11215248827738715,0.0,0.17539981589716916,0.0,0.3290193577568141,0.0,0.1214110796696621,0.15937164706724988,0.11068608735971013,0.0,0.07206949181265812,0.0009064925258424276,0.4567040098535796,0.38518564701912733,0.07277581591962506,0.12192330263079551,0.0,0.0,0.0,0.2926584959193715,0.07555695663173438,0.0,0.009199964419446881,0.06560476728449195,0.10249983786348289,0.064746625553637,0.15968972955796104,0.2999882918741649,0.20388508056505528,0.15260790705670835,0.010631671027044865,0.16335752611835386,0.11334458386779253,0.2184078701315007,0.21848086923148424,0.2882497019593884,0.2365299698580529,0.015346594571324004,0.07809615974958367,0.19634209410928857,0.024675261259354694,0.2540317754985098,0.10661327761391412,0.15717314217478923,0.07602427978263843,0.13206437546184013,0.008152511096302772,0.09034260416682674,0.15937720573716296,0.21417603151961748,0.009780174571448887,0.0,0.007098333300563244
0.3265779039860617,0.0,0.581588393842672,0.1364232954168786,0.0,0.33253227241182265,0.6285218512272688,0.2946312098100759,0.6062900356656065,0.43811650050953543,0.6224158857574791,0.2772665717274895,0.40310439661277675,0.3070754186485567,0.37206567875015734,0.10963606031898346,0.23627074335115064,0.15032991214261027,0.4050355440556464,0.44965526205842044,0.34603194554334155,0.4996102401610647,0.3207389588461461,0.21277454970644927,0.04235083576753784,0.0,0.4169087119368315,0.460698377869976,0.15772410227155287,0.23258705866120327,0.269018578547217,0.12722088060560868,0.23823709315171726,0.16087547898953952,0.194197175513546,0.1240905872773619,0.09319341870460704,0.32320396489914544,0.11411479226005197,0.14635672810213157,0.367630635250484,0.07483798211349417,0.2622221682317656,0.28725113660569157,0.1506344180205123,0.48783311499661647,0.42519157864883517,0.5693553764676839,0.4177568038852234,0.7746406375891277,0.2898182670252494,0.48630069175020363,0.12854203145482584,0.7280685116919898,0.492362113493457,0.5814717582811394,0.20425490348230216,0.5090343338927131,0.333915831104806,0.2478758145399715,0.2196637067226453,0.2758096577197275,0.20396975146887245,0.54813999909591,0.19314640276538758,0.18827228292451595,0.4839114975034273,0.2162308626979459,0.14446129879799846,0.32997955026342213,0.19960605756860975,0.33492971112727116,0.5927330196376133,0.2141888171773105,0.4145816857455312,0.5337529491093717
0.0,0.584376197127024,0.23456755211010938,0.13789121049397188,0.33253227241182265,0.0,0.38908449029754105,0.6704668502127632,0.03877555523121378,0.3905607076763301,0.04196373368443804,0.6372429051530027,0.6069284502113094,0.33039400022920223,0.09326420014066474,0.05425868148564728,0.3625781835147485,0.3846987647519436,0.31553291690361457,0.3042491506158293,0.2412862159577136,0.4344168312590554,0.527350135839886,0.517216520086061,0.02439709237416965,0.5216857344425045,0.176321017525992,0.19327409520968994,0.0,0.0,0.0,0.32022992205317913,0.3022203016180247,0.02985965129424499,0.10291513242739361,0.23952843577885197,0.23091080670938927,0.15306816617525265,0.49373946866595647,0.29960211693555433,0.20132123345659703,0.05930670642419779,0.17408524717263715,0.033893700550938745,0.135025889315302,0.06476243188384566,0.7450627568159093,0.15465134348522877,0.0,0.3139837115773498,0.8004158486178918,0.08241708920456943,0.5278439566259796,0.20827204844644553,0.47264145598434837,0.15026198153611983,0.5852653665191273,0.6301498118348604,0.2018977381820857,0.14897995235574246,0.18077098082468485,0.3895244569227247,0.4573276517635674,0.3331464036549575,0.26776371951236494,0.17225903814124366,0.41289213906999095,0.4277418399135448,0.43403577797802667,0.3975214692269808,0.6869034448284241,0.4081000734221336,0.34008021727951954,0.14795551095524373,0.2400249056630019,0.0961811108979521
0.3552707412585453,0.08982203453854624,0.36577536602012706,0.3079792628605129,0.6285218512272688,0.38908449029754105,0.0,0.18978102429626734,0.44814114095772817,0.6224645223454841,0.3294149700636418,0.3155072193400303,0.6437972118630003,0.24438627545686292,0.46924174390757856,0.2978340734684285,0.39052486003218867,0.4159015029542114,0.2019960933059912,0.5617312001583019,0.5268068453398034,0.629645813164313,0.11471078325903014,0.03748496894427945,0.29359135770145395,0.04157302021073425,0.4443099024746947,0.5017392035430939,0.408546304322483,0.18506674886398752,0.3388911920541955,0.12241634332643392,0.14825989316782345,0.2316433834121245,0.15544796686801432,0.23585938172091722,0.14525458607377603,0.20746375047594146,0.16084522214314412,0.007177990981215558,0.126063624360585,0.06527921661278956,0.21620186317747722,0.2491464284368028,0.2160179431858033,0.3733114734321802,0.4249113426802787,0.3780159257260555,0.298826308851071,0.5904720342146554,0.27523475007740733,0.6698163542845048,0.03998914185733288,0.5977106988269213,0.6176095006522675,0.3043346092756548,0.18258057499137656,0.541581848879569,0.2128247376945991,0.19232674520195558,0.06307825203678773,0.3754416990702241,0.3728327894893322,0.30955029303279763,0.2197886635984271,0.24939830039766167,0.4256392003087031,0.062055217038731056,0.004893071886312737,0.5403475963793489,0.07684465917416003,0.39849477947820816,0.5485219353113924,0.355034604345566,0.16555822946190035,0.4039495074293895
0.0,0.08915623560383734,0.19613832688553076,0.0814765938791341,0.2946312098100759,0.6704668502127632,0.18978102429626734,0.0,0.13658297888982024,0.209874416060523,0.1934262896329156,0.6343927641996256,0.35738524378403197,0.49793644788756525,0.10151683069734814,0.0,0.0868845184025946,0.0,0.12498718840856053,0.2522860758223343,0.3756486774720037,0.26652643021704603,0.7861582906746356,0.6204882281923221,0.0,0.24480195984758366,0.0,0.3177843162224371,0.0,0.29293406098890534,0.0,0.13924454322759003,0.17130710267697097,0.14497106564828224,0.19401643146036185,0.3416072529776628,0.2357727462592532,0.20312304141740822,0.4023025787186868,0.07482959573196284,0.1320457972469667,0.056427186285582694,0.3852077840627263,0.21746441432527785,0.19124680790527174,0.10692420804282037,0.5096414915503036,0.13370397635511125,0.1650624436063047,0.3840172846432993,0.7236009969654398,0.15895015370591056,0.789792967865881,0.15848830024552485,0.5089829410873364,0.2955345950282244,0.6755058702765693,0.6324463729226922,0.36957832547341063,0.17923818937189476,0.0,0.19068482446361423,0.173426423893743,0.11756928684763501,0.10808905727088122,0.5171391233845254,0.27258312503686966,0.7318332956935776,0.5977725950582028,0.1974609688485937,0.6513382037878563,0.19648805547639525,0.4428897503641761,0.0,0.3626568682409262,0.1121940703241044
0.33376050897939935,0.0,0.8475816933913038,0.0,0.6062900356656065,0.03877555523121378,0.44814114095772817,0.13658297888982024,0.0,0.4014511981377552,0.8535875693141992,0.11947871323973702,0.19759786569452018,0.0769580307169589,0.5062083119236453,0.0,0.14449372865215468,0.0,0.5375106095461575,0.5889842999983904,0.35877048326640976,0.5679406201796297,0.2153036972427268,0.178547147878571,0.0779498947697465,0.0,0.6512282188387652,0.3612230390911778,0.1771930706024792,0.16917835503524278,0.15183767918607988,0.0,0.05186975394551901,0.0,0.0,0.0,0.0,0.1687741601698599,0.0,0.009894254484498391,0.17104973514162813,0.0,0.1727581421671728,0.28527820669348847,0.21612990103071725,0.5261236459545203,0.10465629191083888,0.7362982617148758,0.30312534657442236,0.5274600403995388,0.0,0.3094289231263069,0.0,0.969462720172471,0.448153226666348,0.6201350204200743,0.11227034140236868,0.355822473333181,0.18858860102209088,0.4060484253979596,0.08736333207369987,0.20003988269386624,0.04794532532819867,0.6001818884113906,0.30780255467655326,0.14653533243196337,0.5140453319575864,0.1435487259528741,0.15351731886854897,0.2844124836256829,0.10921892578302018,0.4131242822753072,0.5901898728193875,0.25331256599994756,0.373869167137577,0.5675012449139549
0.4709058948805739,0.17186244060557168,0.3489047736051936,0.2517241737168012,0.43811650050953543,0.3905607076763301,0.6224645223454841,0.209874416060523,0.4014511981377552,0.0,0.18473600595255235,0.4845368328915306,0.4391503013659722,0.1681618967963989,0.27753150310399455,0.26077794349205147,0.5117979998093798,0.4419570959590097,0.2881538520163482,0.5096432165811172,0.48636316268891605,0.5782178877233004,0.1888028591969494,0.41318825974730755,0.45216249561523064,0.34348777781428885,0.38146846568845244,0.3876065915550767,0.2879042253753664,0.14278863057978175,0.2697924749332892,0.17562661852496164,0.35278555053790617,0.20564474941372035,0.10247752293626165,0.16409310531300111,0.13092617037651938,0.3266115526301834,0.34122477788470534,0.23699588439740418,0.2556276611126064,0.08617790021454076,0.19629010591532717,0.19011317354309654,0.19216414765324064,0.4901239320965652,0.4090454412833792,0.2538420698863231,0.19089606855472446,0.4563421241531875,0.4313845725364795,0.43712699401479665,0.13627156983884461,0.5285394068911061,0.824387396190195,0.1936971208794211,0.32073303951056076,0.5674029487539323,0.19570460230408163,0.11919296841043688,0.23936160389345473,0.6742542824887825,0.5326818625095812,0.3286436913962491,0.19157084329663923,0.2437624598693308,0.4179759859136645,0.07947976913545293,0.4166414889554601,0.6508686795820319,0.41109203115677523,0.35779080543132713,0.5782315757795065,0.34274536661989324,0.2751629153243456,0.5375773637692873
0.2569539813263491,0.0,0.7666930728525717,0.0,0.6224158857574791,0.04196373368443804,0.3294149700636418,0.1934262896329156,0.8535875693141992,0.18473600595255235,0.0,0.018761325518987754,0.03558534377426416,0.16662089523232052,0.4588008281201591,0.0,0.003343099091384285,0.0,0.5734856947318026,0.4071409898547598,0.2573464746665131,0.3686811690038562,0.32140009872905256,0.20430064632163109,0.0,0.0,0.5543959048909003,0.25242517269616893,0.14745503145339953,0.2015283677588482,0.13353309736389535,0.0,0.04038854501055121,0.0,0.0,0.0,0.0,0.23334766119456626,0.0,0.0,0.1778232667749074,0.0,0.13780383045602904,0.2108601037912664,0.1697430620772008,0.42228361071082804,0.01360432613009316,0.7054826361953631,0.27736818933304763,0.4944409001621844,0.0,0.21123692782771109,0.0,0.8026414425497856,0.24532150387916019,0.7107252716338497,0.03636631431320637,0.19706986980289,0.2225531897402883,0.41052745212506814,0.12776965611498325,0.0,0.0,0.6379323767374243,0.29119247181679375,0.18078071325810266,0.463061598240821,0.2274264653913846,0.19071666385278682,0.129309468728441,0.08683663364664462,0.3649118350717102,0.4547259373465093,0.23288562565260876,0.35504911830913544,0.45815685154894614
0.08191420255132734,0.33834704554484907,0.12549258159926308,0.28633678702692583,0.2772665717274895,0.6372429051530027,0.3155072193400303,0.6343927641996256,0.11947871323973702,0.4845368328915306,0.018761325518987754,0.0,0.511346618830502,0.33677269605499915,0.11096110926291552,0.0,0.3571125351919838,0.20243354495180102,0.17596652349231884,0.3075627877533614,0.1708290608316901,0.40487202592745275,0.2821754740470192,0.6901249595938566,0.0,0.4696393035486068,0.0,0.4056770156480909,0.0,0.2270512871016933,0.0,0.19155077560241623,0.16143269621853865,0.03979101726235504,0.03230239961228586,0.5028626024451265,0.48447092944014125,0.14334900744232815,0.4546938034610276,0.19179448259749768,0.2485569445856794,0.0,0.4799189656206916,0.16627330930804224,0.09571532448103909,0.2516305695159606,0.4313646962484113,0.13296665661435525,0.07177572998895171,0.3074844708945134,0.6694842874047856,0.1330843633296718,0.4892829261355758,0.24081543432837085,0.5875112610483008,0.1455630522434929,0.8966347194240959,0.71620799940259,0.3731942082035068,0.20364736331479374,0.03260129480812798,0.4464008152351372,0.3901153714786867,0.15121986388189743,0.2667900406619711,0.11940129285799224,0.4011989683989533,0.312556710410277,0.605309392521287,0.18275561808025925,0.7390941711608839,0.15648065501095978,0.5417191702329219,0.0,0.333490283261489,0.15876139311975757
0.15386932016665517,0.5865448520689659,0.18976906838172453,0.2316625736462782,0.40310439661277675,0.6069284502113094,0.6437972118630003,0.35738524378403197,0.19759786569452018,0.4391503013659722,0.03558534377426416,0.511346618830502,0.0,0.0987536341161884,0.05917145473322051,0.3042869576589011,0.6693835488952422,0.6694525517788807,0.1891676324744365,0.22220462098159643,0.1432171812133086,0.46571694533625535,0.13327764705821205,0.1910784844728441,0.07937221472444012,0.4684255580546443,0.0,0.5710815516571868,0.0,0.16629470377616712,0.0,0.3092627030547126,0.2940659802197777,0.10110662229562735,0.19166361732104004,0.3232074375998201,0.40401664844347485,0.0,0.4603025928217535,0.2248819933384844,0.21459659786206045,0.016767963559575393,0.27686683930310185,0.16272750497804836,0.10947768050874762,0.31278439109559864,0.4708861596120297,0.15586446010708407,0.22537546633786282,0.3590835571289785,0.3965559648855571,0.30248685704087963,0.24880334226993403,0.3938805559082965,0.5108503488674435,0.12353195989551201,0.4098388139790264,0.7344968750928094,0.15103971272721617,0.06157697301612014,0.1068940967186265,0.5823697057198951,0.5456418703613102,0.1848782049357636,0.1185778343253315,0.0,0.3311640323279885,0.09427916629403525,0.07673509309114455,0.39862599045336206,0.4441460746963535,0.17859704939098384,0.4695324064956271,0.0,0.22744975594795755,0.1848034848991098
0.10331664518211485,0.022421566790246882,0.08651758828084256,0.3756031243823934,0.3070754186485567,0.33039400022920223,0.24438627545686292,0.49793644788756525,0.0769580307169589,0.1681618967963989,0.16662089523232052,0.33677269605499915,0.0987536341161884,0.0,0.27162593841217636,0.0,0.0,0.0,0.15727347779961498,0.19189108791528234,0.32773704505005635,0.1969733751000671,0.42677724927080046,0.3324057962476816,0.0,0.12013432722330583,0.0,0.37126583584233597,0.0,0.21530015135755762,0.24030535895947572,0.018282273114725675,0.0,0.07546649171430994,0.17790451262643764,0.42098110760157476,0.3397113766206388,0.23588087664380816,0.18398272384227754,0.0,0.0,0.0,0.4248940870069185,0.22321152594154037,0.08847541769274016,0.12212378968949945,0.3429806683102242,0.14877552660049465,0.15397149401044352,0.38160380589895215,0.4820601430633053,0.32569189174290764,0.4892256448152803,0.1221653092842166,0.32379753731293737,0.27722952864038397,0.3503387137307041,0.38371676893648166,0.4399065454709182,0.29162231730460514,0.0,0.026922270673950244,0.039981172314138794,0.15800724361023233,0.17106834717589883,0.5017868025781667,0.23288684144970173,0.5121455779532536,0.3415990083190538,0.07724330033207062,0.32048148096947526,0.20829370179060472,0.34866614870805523,0.034567498742202336,0.18654499847802278,0.08368736602515278
0.29905856657233004,0.0,0.49234201800735927,0.2310761167892052,0.37206567875015734,0.09326420014066474,0.46924174390757856,0.10151683069734814,0.5062083119236453,0.27753150310399455,0.4588008281201591,0.11096110926291552,0.05917145473322051,0.27162593841217636,0.0,0.08331922817052413,0.0,0.021453554115584993,0.18892224089430137,0.7479229209888626,0.4301108127692931,0.6817188865742663,0.23734519977462265,0.19650933475987428,0.09505113188880943,0.0,0.5544286731719552,0.32382711027333155,0.3611074221515828,0.17450575179196373,0.3713206128137635,0.021647301262497618,0.0,0.0,0.0,0.1287522967209214,0.1431325680453522,0.21848746863207041,0.0,0.0,0.0,0.0,0.18599755408938212,0.18192970055279004,0.17432734500485314,0.268792898763468,0.1910173839136999,0.5482388845715755,0.16491363470247192,0.31393017392616285,0.09145035996033436,0.2891102894170069,0.0,0.49012490374530854,0.26112995528754696,0.3905477972114115,0.0,0.1406192438561017,0.11478401859274757,0.8030269374489802,0.1754640445930221,0.0,0.11147147686968574,0.3515445101549023,0.6571545728471493,0.2402472894036716,0.6677026828610672,0.2711064552784067,0.2070846196493856,0.1610401095463325,0.0,0.5564528670774387,0.467701923505729,0.46894540658680334,0.1980826128254978,0.39283661508857876
0.35934608583492894,0.4000245178599597,0.10070671826533525,0.007536074467708456,0.10963606031898346,0.05425868148564728,0.2978340734684285,0.0,0.0,0.26077794349205147,0.0,0.0,0.3042869576589011,0.0,0.08331922817052413,0.0,0.504683865217722,0.6796024462745839,0.08561558805506007,0.15261950517773648,0.0,0.3244374216066622,0.0,0.0,0.6855824212700377,0.29941118889487583,0.3215605205363061,0.05230843930368883,0.5811996180254065,0.0,0.19733755176905365,0.32434326775992045,0.31345911916110547,0.1469514024655982,0.1846895784148902,0.0,0.0,0.0,0.08081030337390231,0.1632615612038253,0.16437170536685836,0.055196719937153235,0.0,0.0,0.0,0.1526644032188469,0.1926252858030241,0.10507380155540362,0.0,0.0,0.0,0.15522562540400664,0.0,0.11078815157283042,0.0,0.0,0.0,0.0,0.0,0.0,0.43024037153905265,0.30930095977356453,0.4310187929783775,0.15764920594442552,0.16315370585406647,0.0,0.17295940922421557,0.0,0.0,0.24404679704103344,0.0,0.2809555194079976,0.0,0.24195741688202996,0.0,0.06742769084279215
0.41987310887750606,0.5018035835555432,0.1825325890963538,0.1459073208595285,0.23627074335115064,0.3625781835147485,0.39052486003218867,0.0868845184025946,0.14449372865215468,0.5117979998093798,0.003343099091384285,0.3571125351919838,0.6693835488952422,0.0,0.0,0.504683865217722,0.0,0.6455898512056312,0.31277356922883975,0.13841310796802025,0.06106858877943785,0.37681160594080454,0.024560738482779496,0.2408909962210139,0.27138276491433994,0.5960493596920835,0.04381664991568876,0.40369124060933764,0.002776660869526052,0.0,0.0,0.26873430686840816,0.4709607559889755,0.24983781669713112,0.1150930022476152,0.09220823166922837,0.13673696387568224,0.09367091390299231,0.3376013717979499,0.38735545933735843,0.3972503952066992,0.08895260578240757,0.045837994405555534,0.016606347428042175,0.08225514947044424,0.4310532709983638,0.17997763520668877,0.08382916951097674,0.0,0.11045787658588502,0.2313141675716834,0.06901837318355597,0.05427296066463013,0.2851723754967339,0.37744224279016775,0.023693058172974492,0.21473946148724313,0.48078761287960536,0.0,0.0,0.3050860542990264,0.75064179253405,0.6126361436230077,0.2868669133885084,0.05220074607264576,0.0,0.28720232132113904,0.0,0.0888868023152651,0.29586737658715107,0.37355245001625886,0.18329185202809606,0.39139936066391695,0.0,0.1806371804326357,0.257630096738332
0.2260611602307645,0.6462715951285144,0.11018891257135846,0.15433409122863004,0.15032991214261027,0.3846987647519436,0.4159015029542114,0.0,0.0,0.4419570959590097,0.0,0.20243354495180102,0.6694525517788807,0.0,0.021453554115584993,0.6796024462745839,0.6455898512056312,0.0,0.09767668038305838,0.10540864783764987,0.004455867271366527,0.3254167239514764,0.0,0.0,0.5221557669648603,0.48482363538242806,0.13525603224349844,0.2584236898002598,0.23517092766534956,0.0,0.0,0.36477115733046356,0.33215931032950535,0.17072887616343935,0.21787470294682068,0.07051281338461238,0.12377938210695044,0.0,0.37705819691068354,0.2204434123402752,0.20511228424785735,0.0,0.0,0.0,0.014306314391866316,0.1401094915226651,0.38012484661100565,0.05750611684253793,0.0,0.059845472048610474,0.26193132913907596,0.14868631653543193,0.0,0.1528341564789639,0.2680836066548799,0.0,0.04554796049416888,0.2969931206046406,0.015501713458683316,0.00789952698852528,0.3146679387681047,0.5266723323252193,0.6850837217089439,0.14676894160786733,0.08247973006907804,0.0,0.20178517413794073,0.0,0.0,0.3456797136304959,0.19594269117403168,0.2740300004581922,0.10249830665325003,0.14363816745873828,0.0,0.04786379650196126
0.19167590709191207,0.1348841996829105,0.7097819300736691,0.015684254262934738,0.4050355440556464,0.31553291690361457,0.2019960933059912,0.12498718840856053,0.5375106095461575,0.2881538520163482,0.5734856947318026,0.17596652349231884,0.1891676324744365,0.15727347779961498,0.18892224089430137,0.08561558805506007,0.31277356922883975,0.09767668038305838,0.0,0.2801953642610648,0.07557841521607564,0.3527812053610187,0.2274087968617923,0.264232212486039,0.1860924786322053,0.3017982778139259,0.3888426984750129,0.13115455245721308,0.0833953281703217,0.0,0.0,0.07547040488461516,0.29185499310543056,0.0,0.0,0.0,0.0,0.1912451460381314,0.16836097413824266,0.3446477880001731,0.3542540865937171,0.0,0.08825600708198567,0.11247825420301151,0.11619173392489678,0.35521656084700975,0.2386001101479333,0.4279127168324194,0.004697082559729803,0.31385139237824866,0.15286074667968902,0.013738071491581554,0.036090473050466546,0.5183472368564963,0.22139527261537112,0.34896918529902154,0.18719998450848122,0.23706994803982553,0.16342452922155987,0.17159591926980242,0.2232888715095222,0.17885289685851943,0.1290252476029777,0.7766679089457101,0.19903220598579774,0.0,0.4034861465420642,0.12897567374930602,0.23699863403544522,0.1863030793970313,0.34331827801935433,0.3117401649598022,0.26915158979882153,0.05242054020097067,0.27392203971500817,0.35950073828927015
0.32850521533504273,0.0,0.572701589022236,0.07298150574557014,0.44965526205842044,0.3042491506158293,0.5617312001583019,0.2522860758223343,0.5889842999983904,0.5096432165811172,0.4071409898547598,0.3075627877533614,0.22220462098159643,0.19189108791528234,0.7479229209888626,0.15261950517773648,0.13841310796802025,0.10540864783764987,0.2801953642610648,0.0,0.5033123973197372,0.8670131636953997,0.2947055776932144,0.3065206238700259,0.12909779252850906,0.0,0.6741431966523356,0.28797276201705496,0.3228080896183187,0.12867810805866886,0.3173402049364105,0.05983899320129998,0.10000595413520923,0.11652071173391425,0.04856496892482489,0.03835837573980613,0.022146910776549757,0.19401028595010453,0.0,0.0,0.016443079689346916,0.05937684547884564,0.13032352801136754,0.2029312095806572,0.20087609604192164,0.35958924575561496,0.3741264659490724,0.5055298597643663,0.16383639519748827,0.4296816195769268,0.2223612773938871,0.3530393811526697,0.03840895446514916,0.5874517533295833,0.5344141792374738,0.37238353740730173,0.27912825884796644,0.3368120837137108,0.11372200855529326,0.6011166091557709,0.11064668428310227,0.2107383562134569,0.21026394616739053,0.4024621822196052,0.6062592942483984,0.28588255804525214,0.6448267283733828,0.19287525766484664,0.33313673216963546,0.35720319325316807,0.18944637642806067,0.5255698856163649,0.5125344909202934,0.3371252679896373,0.2523707308270377,0.5249706228787173
0.44263766302112373,0.0,0.25958378192314047,0.10498568881561085,0.34603194554334155,0.2412862159577136,0.5268068453398034,0.3756486774720037,0.35877048326640976,0.48636316268891605,0.2573464746665131,0.1708290608316901,0.1432171812133086,0.32773704505005635,0.4301108127692931,0.0,0.06106858877943785,0.004455867271366527,0.07557841521607564,0.5033123973197372,0.0,0.4020944474007654,0.4521659877948005,0.2928306773498537,0.271586874701533,0.0,0.3199423635273487,0.4310779832037986,0.3118914932181711,0.4072024705489229,0.5804994930580044,0.0,0.0735751211617661,0.40389584489896946,0.199383054377733,0.16813968149013592,0.0,0.3065105942174964,0.12791591879587494,0.0,0.07523958801095203,0.09758243247900947,0.22868555520710168,0.2915513378865743,0.3261215354444278,0.3376434390569098,0.28910987332275523,0.23776022124966628,0.26241952366118454,0.4555739117614792,0.3560708135693817,0.5111671223596319,0.26654334639117744,0.39226158713473647,0.596245897185462,0.16296522106369332,0.08158778506491253,0.3940972513142645,0.2201512165655658,0.25912905237411193,0.0,0.16053560706078168,0.13241490010766335,0.16650879360291573,0.09948930449019767,0.7384179845055351,0.24354590449732189,0.4408791977041735,0.32937014889946603,0.5350360929213288,0.12558461471717222,0.3923377394770836,0.5485573053184274,0.5083812474060408,0.22496661076592123,0.4538965049240419
0.3856186664770389,0.20185669148911595,0.5586212549388716,0.16632388936839157,0.4996102401610647,0.4344168312590554,0.629645813164313,0.26652643021704603,0.5679406201796297,0.5782178877233004,0.3686811690038562,0.40487202592745275,0.46571694533625535,0.1969733751000671,0.6817188865742663,0.3244374216066622,0.37681160594080454,0.3254167239514764,0.3527812053610187,0.8670131636953997,0.4020944474007654,0.0,0.27426592710856423,0.33259704802696805,0.21314611701972982,0.27423175955259294,0.5845232076589071,0.47788917020057015,0.2726685308617124,0.11324733819311622,0.21497091957682207,0.1787940595185126,0.2292605587829495,0.059340108253291425,0.03161055457535543,0.19045860643086374,0.1718968259527847,0.1803672234047779,0.17525664215978068,0.11052112871136109,0.11506750887885261,0.03493212324184155,0.226435843080705,0.20196608372549746,0.21227568694746377,0.40367972362931526,0.4460583759954009,0.5575747400326057,0.07990512435038989,0.3550455151326115,0.31491784484538854,0.3142255232444102,0.05517333366699717,0.6098314237670713,0.5721326823256985,0.4138405237772086,0.3053116725118415,0.41959728355690423,0.0614542769969037,0.5501799437938988,0.3403151645568864,0.4241194331887913,0.4595470396703347,0.5019816875717745,0.6537323917340369,0.1918762066433413,0.8140667785919795,0.1944974964974782,0.30299026213651487,0.46184438154675816,0.33945836797953294,0.6293646937750215,0.5841030726157497,0.3590909920274179,0.2906584314299651,0.5073475149770025
0.08773815982174764,0.012045763549198793,0.3978263739287629,0.0,0.3207389588461461,0.527350135839886,0.11471078325903014,0.7861582906746356,0.2153036972427268,0.1888028591969494,0.32140009872905256,0.2821754740470192,0.13327764705821205,0.42677724927080046,0.23734519977462265,0.0,0.024560738482779496,0.0,0.2274087968617923,0.2947055776932144,0.4521659877948005,0.27426592710856423,0.0,0.5460829708443516,0.0,0.2264756432117483,0.20490958667895862,0.19331776285232244,0.0,0.1643045865654501,0.1440424561011328,0.08279180991302625,0.23645395460276947,0.16833067300963306,0.12177447444778032,0.08297489988697662,0.0,0.32977931671101146,0.22703996310890576,0.09972894919556795,0.12057264196497797,0.007207551672278342,0.19481407562983824,0.11486021334594287,0.2867570487646625,0.14107339774007419,0.5112483930361108,0.2620836036456355,0.054339499749097055,0.3219299228933105,0.6536165722570282,0.10274438152079075,0.7059385476298797,0.24858822706101835,0.39728806047571313,0.3668945438672933,0.32531996547621145,0.41121853969209127,0.2633441443794507,0.2988867373476009,0.1547197923785608,0.12450590951743604,0.15635443271438607,0.3214244530474234,0.15450497089289006,0.6176085232207341,0.3116914505939387,0.8766345109998718,0.5065298531795891,0.24478343797210805,0.563673582380699,0.47331625468413574,0.3292981793812497,0.3020088839588562,0.28816587596100335,0.16177523928835366
0.27288893290517147,0.17009999488101574,0.20879741685244163,0.11215248827738715,0.21277454970644927,0.517216520086061,0.03748496894427945,0.6204882281923221,0.178547147878571,0.41318825974730755,0.20430064632163109,0.6901249595938566,0.1910784844728441,0.3324057962476816,0.19650933475987428,0.0,0.2408909962210139,0.0,0.264232212486039,0.3065206238700259,0.2928306773498537,0.33259704802696805,0.5460829708443516,0.0,0.0,0.5406496415378163,0.014970528185058007,0.22821829891703632,0.0,0.19522575433267048,0.0,0.1142962064101635,0.2522572512174743,0.0,0.0,0.24634319485606898,0.14074330171757182,0.2760592375591645,0.37684332394766745,0.36003987459342884,0.27894133568420926,0.0,0.25628852796378476,0.0,0.17282246882784114,0.3965273237606187,0.3094788345708314,0.26854022706751113,0.0,0.2525455116525577,0.5795993166593696,0.0,0.515173744526365,0.23780398492019547,0.5185506882579898,0.2838275981455231,0.6341164822094588,0.4880287693141896,0.28715575963325407,0.32478497658981614,0.21012962658025858,0.36440923674469966,0.27583045176210996,0.2787649123884138,0.3373043221324853,0.39854750930419314,0.4751467142843162,0.5439096572370907,0.8763797159615193,0.20144880392389092,0.8147269186652879,0.34650606655001537,0.4824021440531973,0.05202986033958529,0.43724644967799825,0.278774756589143
0.47104061694709704,0.2818007078687658,0.14093947457800868,0.0,0.04235083576753784,0.02439709237416965,0.29359135770145395,0.0,0.0779498947697465,0.45216249561523064,0.0,0.0,0.07937221472444012,0.0,0.09505113188880943,0.6855824212700377,0.27138276491433994,0.5221557669648603,0.1860924786322053,0.12909779252850906,0.271586874701533,0.21314611701972982,0.0,0.0,0.0,0.2600414725201107,0.38087686391554565,0.0,0.7076991498888767,0.0,0.3197666681228399,0.19320924702339068,0.23445336066374495,0.12349842264995041,0.0,0.0,0.0,0.11764821358940723,0.11680382158198335,0.19774153425110647,0.14069781397310557,0.0320390286119401,0.0,0.0,0.0965354483983837,0.20423350495160386,0.204187882029079,0.09810692279133529,0.0,0.0,0.0,0.23633070471187628,0.0,0.1788585907138781,0.18226392769908456,0.0,0.0,0.0,0.0,0.0,0.3216524949039264,0.23349626966202136,0.30492294837965217,0.23626471439756577,0.06349364612310952,0.0,0.11417368304461507,0.0,0.0,0.5945695656705299,0.0,0.2860356274648914,0.0,0.49811209284546015,0.0,0.23997952654927648
0.3524727713433908,0.814212035683715,0.05825448994224124,0.17539981589716916,0.0,0.5216857344425045,0.04157302021073425,0.24480195984758366,0.0,0.34348777781428885,0.0,0.4696393035486068,0.4684255580546443,0.12013432722330583,0.0,0.29941118889487583,0.5960493596920835,0.48482363538242806,0.3017982778139259,0.0,0.0,0.27423175955259294,0.2264756432117483,0.5406496415378163,0.2600414725201107,0.0,0.0,0.25385139386287864,0.0,0.025838273959266484,0.0,0.2903879600967748,0.41599790001544806,0.0,0.0,0.19722284987676933,0.1957431610849392,0.09107657749656876,0.47445205826096754,0.4534199923289188,0.26160888181254605,0.0,0.12167865113581477,0.0,0.02583442305053069,0.25998881805050095,0.32555549569450926,0.08834225195083212,0.0,0.0,0.4780261361852628,0.0,0.2350742269158056,0.06337946111653099,0.27665157557675957,0.03396593805708803,0.3464372078853764,0.33932739585407706,0.0,0.10634200385694861,0.37019960100738225,0.5531514111609539,0.5271857683235377,0.300891060598955,0.2956693453084976,0.0,0.3471937210638748,0.23859393235862214,0.36964889285494,0.2576035139596883,0.7364009860150461,0.32226744870032326,0.19826957643708404,0.0,0.16352803535119206,0.0
0.30643562516475725,0.0,0.7548783503914195,0.0,0.4169087119368315,0.176321017525992,0.4443099024746947,0.0,0.6512282188387652,0.38146846568845244,0.5543959048909003,0.0,0.0,0.0,0.5544286731719552,0.3215605205363061,0.04381664991568876,0.13525603224349844,0.3888426984750129,0.6741431966523356,0.3199423635273487,0.5845232076589071,0.20490958667895862,0.014970528185058007,0.38087686391554565,0.0,0.0,0.0,0.6897769826495691,0.0,0.2528716221528928,0.0,0.14964315277461104,0.0,0.0,0.0,0.0,0.2039407306202235,0.0,0.017354967906749848,0.06002650679112554,0.018231555427609104,0.0,0.08197781449375471,0.19156862523600468,0.27614724233488785,0.21411581697980203,0.5914636423174602,0.0,0.34936031696630365,0.0,0.23080484884253058,0.0,0.6443193397223583,0.2996512587480135,0.33940242552698724,0.0,0.06749582427889304,0.0,0.44137463442460784,0.27746404339802394,0.10422987177571955,0.1792520750136733,0.5087643847429758,0.4356930169319487,0.07834253714225396,0.5308191233782991,0.0770984757634554,0.0,0.31232714682499907,0.0,0.6858960475877738,0.24272254599449072,0.5929318426312509,0.17210012724101928,0.4477793015866586
0.33996490117770095,0.1409563086277909,0.17341942886085954,0.3290193577568141,0.460698377869976,0.19327409520968994,0.5017392035430939,0.3177843162224371,0.3612230390911778,0.3876065915550767,0.25242517269616893,0.4056770156480909,0.5710815516571868,0.37126583584233597,0.32382711027333155,0.05230843930368883,0.40369124060933764,0.2584236898002598,0.13115455245721308,0.28797276201705496,0.4310779832037986,0.47788917020057015,0.19331776285232244,0.22821829891703632,0.0,0.25385139386287864,0.0,0.0,0.0,0.52043377026942,0.27610275191211725,0.12308659294359914,0.10478615546971634,0.24803306215568235,0.22541696963531876,0.5493770935576799,0.4744827200715851,0.1595793378301285,0.2568000954456371,0.0,0.18082481732546615,0.0,0.6084164901809288,0.33766855991273986,0.12700335854679937,0.4178704537131401,0.19937707765013865,0.24957805728179905,0.3580644955283738,0.4028423616787156,0.2916880895824408,0.39979742363977677,0.2904652089304259,0.4040834415247429,0.4531134333141597,0.27625194817001414,0.2842434784824369,0.5576757931305317,0.3209931511308282,0.25522301752038135,0.043584590393092995,0.3286746144364433,0.2761788192102842,0.21487409705703883,0.1800774698774549,0.3469518425113146,0.36863737332992635,0.2981043563115896,0.24064748368659492,0.26067163461265436,0.27567808616311007,0.2516624903599691,0.7378023959764255,0.05640647884517726,0.3221050644175059,0.2627821063865173
0.32246411913186074,0.0,0.28579475080614064,0.0,0.15772410227155287,0.0,0.408546304322483,0.0,0.1771930706024792,0.2879042253753664,0.14745503145339953,0.0,0.0,0.0,0.3611074221515828,0.5811996180254065,0.002776660869526052,0.23517092766534956,0.0833953281703217,0.3228080896183187,0.3118914932181711,0.2726685308617124,0.0,0.0,0.7076991498888767,0.0,0.6897769826495691,0.0,0.0,0.0,0.4807208006005478,0.039295527387380715,0.08190610933465038,0.04745577722092543,0.0,0.0,0.0,0.10509807889791946,0.0,0.0,0.0,0.10545166135428098,0.0,0.0,0.12990235363777902,0.08716127090800813,0.06544203193705943,0.25881552795914914,0.0,0.10031410248338647,0.0,0.2919128321465519,0.0,0.2585562147341519,0.05543436978826318,0.048536278465417367,0.0,0.0,0.0,0.1432262475675806,0.2766817874872322,0.023851407778678068,0.1775594374768387,0.22701099204173866,0.19159782782217533,0.0,0.18278597533468977,0.0,0.0,0.37914515147986444,0.0,0.40319864798748073,0.0,0.7206406597513708,0.0,0.2241998512979037
0.19096492302426946,0.0,0.02871646537789067,0.1214110796696621,0.23258705866120327,0.0,0.18506674886398752,0.29293406098890534,0.16917835503524278,0.14278863057978175,0.2015283677588482,0.2270512871016933,0.16629470377616712,0.21530015135755762,0.17450575179196373,0.0,0.0,0.0,0.0,0.12867810805866886,0.4072024705489229,0.11324733819311622,0.1643045865654501,0.19522575433267048,0.0,0.025838273959266484,0.0,0.52043377026942,0.0,0.0,0.24379506259290787,0.07128936123351787,0.0,0.06994509645756325,0.03367802456436669,0.33474408826497437,0.2787045505547497,0.20450089938751614,0.2185138400300612,0.0,0.08135354124460913,0.0,0.4419809410615073,0.3166559158685807,0.12720210191503936,0.23510490958880662,0.10992584663580368,0.16623080624364656,0.3588504295476338,0.39364834284485933,0.22652752079930424,0.3981802526768849,0.2650048169766321,0.2204826616185093,0.34293211617448904,0.26670058131399704,0.15853675064871348,0.394730045185496,0.36520035964252345,0.15408000130676375,0.0,0.02412580092116629,0.0,0.049168920380762204,0.07002720363416054,0.4247859292567482,0.10407862736529958,0.2792492341370956,0.2949302716387517,0.22460558362555275,0.18057549119388622,0.11577328883829775,0.453394425821898,0.1605902174161647,0.4473137069584039,0.2861095412130669
0.33690671887234275,0.0,0.09410734087620844,0.15937164706724988,0.269018578547217,0.0,0.3388911920541955,0.0,0.15183767918607988,0.2697924749332892,0.13353309736389535,0.0,0.0,0.24030535895947572,0.3713206128137635,0.19733755176905365,0.0,0.0,0.0,0.3173402049364105,0.5804994930580044,0.21497091957682207,0.1440424561011328,0.0,0.3197666681228399,0.0,0.2528716221528928,0.27610275191211725,0.4807208006005478,0.24379506259290787,0.0,0.0,0.0,0.3873053974676934,0.14832526077621114,0.07443276103960626,0.0,0.23787980930659094,0.0,0.0,0.0,0.08002027514918333,0.1196500643012543,0.31145970519453764,0.14590626269101345,0.14600530708539794,0.09757184491445878,0.23130847732332752,0.27002038100455755,0.3232524566419888,0.13817014364976965,0.5424940047749882,0.07810724856323718,0.16369130744406077,0.21281265437547464,0.18515307840090395,0.0,0.07464844183688582,0.059007380013477675,0.20666363500299084,0.06260507566159862,0.0,0.0,0.13327201725674323,0.07021662078553327,0.4689478596769693,0.1079370891473458,0.24481407415311182,0.0,0.2803239932293951,0.0,0.2442595419490536,0.27244170224767106,0.4808752225147683,0.0,0.36583320500898464
