0.0,0.0,0.0,0.0,0.18253947938225476,0.0,0.19405487776488273,0.0,0.0,0.0,0.0,0.0,0.2665300718511789,0.0,0.11049162567985116,0.20274230197350407,0.07940167975012466,0.1743527686443015,0.0,0.0,0.6632086394478868,0.1996800950061099,0.18076380594020075,0.05967744423158097,0.2524590460679739,0.0,0.0,0.12370163927133818,0.22688333437650654,0.4910464322829679,0.15648855059431785,0.20980707894273595,0.15160594895594284,0.20092543596830395,0.003934040269137051,0.0,0.0,0.14931053184208895,0.09407619378777929,0.15269734888417122,0.21724088728442267,0.0,0.17833695310652758,0.10752701370261501,0.034783839291599505,0.7260192507576839,0.2582947086851095,0.0,0.0573116457040371,0.10208211476849986,0.35915806031214675,0.0,0.11121552393427303,0.0,0.05831462701608881,0.0,0.0,0.2713170465292812,0.0,0.0,0.0,0.21784256530969975,0.24115702832426472,0.0,0.0,0.682305890566088,0.0,0.16238759380835524,0.08810468662725926,0.34090222915440044,0.4616416837310882,0.0,0.2689083222722334,0.39680620001902783,0.3712696806605522,0.0012184512487874504
0.0,0.0,0.2110813667759863,0.0,0.0,0.14758319059951383,0.0,0.0,0.0,0.32823722364980973,0.0,0.29993999896019474,0.0,0.0,0.13788056491403633,0.24489884753241403,0.06292557126732809,0.1472551674700565,0.10165998284065567,0.0,0.0,0.1680488727478981,0.23223390926391996,0.2226418875174675,0.3957485857151332,0.806794527874857,0.0,0.0,0.0,0.0,0.03069155829024055,0.43339762310016255,0.15866571337110097,0.12312812342080683,0.13755817978490437,0.090927549689631,0.2870715815636242,0.15492006675261966,0.1781310074472496,0.0,0.20278670963619577,0.0735664562376049,0.0,0.266254113409375,0.0,0.0,0.0,0.18999534618290842,0.004718462481211122,0.0,0.0,0.0,0.049692223580596516,0.0,0.2761685613452577,0.04367990220860757,0.4244153612890748,0.0,0.0841364434895595,0.44266969135721623,0.10556560788385683,0.04271347345558024,0.0,0.3938156311667235,0.46362109513946026,0.0,0.3418457872844892,0.5669991658844694,0.02396846684727163,0.19942561416340934,0.0,0.5554269289607532,0.0,0.07416143259338319,0.05188278053586716,0.13019041921864938
0.0,0.2110813667759863,0.0,0.0,0.4772049118218393,0.46591843718970605,0.0,0.10266540471434153,0.5277501356271124,0.0,0.7212001978053466,0.1792756943898461,0.14892811674528358,0.0,0.7724754481769073,0.0,0.04736930343687825,0.0,0.8224384968021502,0.5041574677451708,0.0,0.4231760911526579,0.12950904720408832,0.0,0.14575353218142814,0.21685755067435886,0.6756073615281939,0.44582921059050795,0.20332510802090537,0.27242588140587726,0.0,0.0,0.0,0.0,0.21620598828642598,0.19451491881146332,0.14880601892071219,0.0,0.08374883283908433,0.0,0.06478511400617437,0.3448583569609185,0.0,0.0,0.0,0.0,0.0,0.8337229755186125,0.0,0.33378419216969024,0.0,0.0,0.0,0.5316245547091131,0.0,0.780212445351901,0.16878467392339483,0.0,0.0,0.7899146942841188,0.3085758595040256,0.0,0.08177727162947908,0.8472027799537789,0.7980664997836978,0.0,0.6127425044986566,0.3987514181459446,0.0,0.0,0.0,0.7967175603361775,0.023564952619159946,0.4831352894855729,0.35479888011933464,0.11477487801559948
0.0,0.0,0.0,0.0,0.0,0.10886519276628134,0.4365685865833583,0.15263262695994487,0.11659643459500105,0.48575744246468866,0.0,0.33044817253278114,0.24164844332755744,0.3068534521582515,0.0,0.20028997605294577,0.35347646363090235,0.35821780477916215,0.0,0.15897500636298076,0.22565475658808068,0.0,0.06480169046267562,0.2981457981372338,0.0,0.16562732811033548,0.04944307176904397,0.24711241757493116,0.241887332231354,0.0,0.5657896586348895,0.2357307927680224,0.39251441138941445,0.08184046313883837,0.0,0.0,0.11053123657928994,0.0,0.06892875722726732,0.5895240618972771,0.0,0.0,0.5082517871443786,0.24281036790404192,0.2501585970650096,0.2350833936609285,0.3745123333191584,0.0,0.3530501416108255,0.09375989645505106,0.10351002305126127,0.421586348560273,0.17978120501036365,0.08930554167000644,0.46825668618098887,0.0,0.2707490358951961,0.42996126439837834,0.08205023148156174,0.0,0.0,0.4499986793574251,0.1491630864828164,0.0,0.0,0.0,0.0,0.0,0.33557570045081886,0.11994748606698746,0.26577495110894706,0.0,0.5102982635283627,0.0,0.0,0.05709415913146788
0.18253947938225476,0.0,0.4772049118218393,0.0,0.0,0.451136748709148,0.6013291938165112,0.12314462318017133,0.7590364427552238,0.0,0.6534591470009643,0.0,0.5423611134583521,0.314052382235375,0.35358512994224445,0.0,0.06263574110097574,0.037257775463182416,0.48376110274900097,0.523549891167806,0.12240757567741849,0.20943649846988177,0.0674815544472758,0.0,0.0,0.0,0.6448206895754919,0.4977167063805904,0.4606296255178647,0.28289427395489636,0.0,0.0,0.0,0.0,0.0985098842119777,0.0,0.0,0.0,0.0,0.0,0.0,0.2913531542052195,0.0,0.0,0.19182531069855374,0.2408284338485458,0.2453272431875685,0.46357989080694245,0.0,0.7338893249478898,0.30521661063498345,0.29242311823769074,0.0,0.7710232025129584,0.0,0.6242202503738837,0.0,0.1967696776180602,0.0,0.11250320697921773,0.21567734932841687,0.0,0.3247203546451309,0.2502029589278402,0.2215961330342735,0.20500900781065562,0.1472811754267386,0.0,0.0,0.022100499627133455,0.332124249350671,0.28059129328797916,0.21354245015239315,0.4458109303104039,0.2459203975398273,0.0
0.0,0.14758319059951383,0.46591843718970605,0.10886519276628134,0.451136748709148,0.0,0.42842190055611323,0.5121514402834064,0.572083809018646,0.3554897182410797,0.4219504753584918,0.4569567950069936,0.535748520669202,0.05787459017176834,0.3438527338050273,0.0,0.46942700656602493,0.21862137314544225,0.4199032519389409,0.45941961857346025,0.09585981314296163,0.14265311411413217,0.5016160733087452,0.27157266242524475,0.3302619915747434,0.30469563989654946,0.7051272636502188,0.659832050764226,0.6690598969735756,0.2883004202693272,0.05898722466318578,0.0,0.0,0.0,0.05620078034122932,0.0,0.0,0.0,0.014284476056110895,0.01796410705846853,0.0,0.07349223860519423,0.0,0.0,0.16283358106737103,0.0,0.15382944557973183,0.590062540899236,0.19061550334492972,0.5532059792682548,0.5819299930094239,0.37496711803046257,0.37330592730306505,0.5638184204366882,0.17541251846881242,0.536373404070093,0.38088565092120813,0.25551243317394845,0.0,0.41436724018689186,0.2713630904952608,0.19330934405914785,0.40474529720780766,0.3785325644822011,0.4746768673934226,0.0,0.43958953421974045,0.4792759498063135,0.2101125186487993,0.13112055846564066,0.2678466730520792,0.5229065799154262,0.2390458137130346,0.28972536799159565,0.3447441912588198,0.048812485749826655
0.19405487776488273,0.0,0.0,0.4365685865833583,0.6013291938165112,0.42842190055611323,0.0,0.08827790036214973,0.707595910696235,0.3095632735496503,0.2663147497446715,0.13243475297470855,0.7151615770397353,0.4112722484268244,0.0,0.0,0.4358646882654293,0.2839300334711718,0.12783817993573535,0.5038624098070067,0.26778238683033256,0.030133178474833513,0.0839058139859003,0.09954511719768465,0.0,0.0,0.4992622151177706,0.559025905009917,0.6639997798068674,0.1625551651545307,0.309995127186935,0.0,0.15999085635412943,0.0,0.0,0.0,0.0,0.0,0.0,0.575249671568873,0.0,0.0,0.3325091741915979,0.0687312466799618,0.33402895969410135,0.6136153316865417,0.7418777178440137,0.18907966604237145,0.21189276469498958,0.7289168831101428,0.4168983180051161,0.7302275099411198,0.1157454858266858,0.6910266904623629,0.33011071627237926,0.2388130004393169,0.0,0.6961466459337723,0.0,0.0,0.2035444694132234,0.4198279418571737,0.5348135164925504,0.0,0.0,0.22563364742449707,0.04182905900572833,0.0,0.3241449004102653,0.21995098998761872,0.6362911100561964,0.0,0.5113390455043136,0.0,0.25438009563723374,0.03228468541246249
0.0,0.0,0.10266540471434153,0.15263262695994487,0.12314462318017133,0.5121514402834064,0.08827790036214973,0.0,0.10003083061072986,0.10436555957283197,0.0850492073093771,0.45379150194265594,0.14695736555157168,0.2567928404019926,0.14406535548760785,0.0,0.04388258989938489,0.12366774960852552,0.052787146384470046,0.2048991566377538,0.31799670456065937,0.08098320448095163,0.7074896646280421,0.4316075472006132,0.07028774282417291,0.15710467237226242,0.1391207976922999,0.05381638344801477,0.16864086844722875,0.025337201031117376,0.0,0.14512384608538167,0.03912214980334011,0.0,0.09542543642795674,0.17299163590443611,0.0,0.23426711291794275,0.206580861461844,0.04743952439824848,0.0,0.07823689918983284,0.1484813281063299,0.0,0.24835695945500005,0.0,0.14888290599276885,0.07989088425134348,0.15101974246809724,0.031039097246060993,0.297767428468,0.0,0.7633435258689981,0.11253902103771743,0.0,0.0035841246558330504,0.40381294470407186,0.0,0.14726018381509862,0.1324002595720661,0.0,0.0,0.0,0.12267313265481666,0.06456090803538846,0.23140121794569418,0.06674345080161131,0.27599838366782087,0.18034081843063565,0.03880272033339417,0.145040821837269,0.0,0.0,0.0,0.0,0.0
0.0,0.0,0.5277501356271124,0.11659643459500105,0.7590364427552238,0.572083809018646,0.707595910696235,0.10003083061072986,0.0,0.2367547529278548,0.6837028651278894,0.19791980225630057,0.6478975379331835,0.24815644587143426,0.34614684405690005,0.0,0.3037636833792043,0.0,0.6861312852771565,0.7660001582113949,0.050316721977367654,0.28953710776150904,0.07767421072011785,0.0,0.0,0.0,0.8621766573049955,0.7192413954138559,0.6653398004848388,0.2622024898818935,0.09150057299979082,0.0,0.0,0.0,0.0,0.0,0.0,0.0,0.0,0.19706449964109754,0.0,0.04646158851042733,0.09124956184436184,0.0,0.24491409697740735,0.3089901810706372,0.3983595422054501,0.7122073452546654,0.06351303387511119,0.8778553215406077,0.3172210272784558,0.6244710716454306,0.0,0.9649754890477563,0.16384644519618483,0.657658805473038,0.07560404124703987,0.50447550897298,0.0,0.2539415792454753,0.3191863957849968,0.14766875019099304,0.45994551869788053,0.4008347397804365,0.46457454021718864,0.0,0.46831627347864974,0.0,0.046128600996773725,0.0,0.3956820637414017,0.3829926281960313,0.4890999608667612,0.24330177083377694,0.4661090636206094,0.07312297897446063
0.0,0.32823722364980973,0.0,0.48575744246468866,0.0,0.3554897182410797,0.3095632735496503,0.10436555957283197,0.2367547529278548,0.0,0.0,0.7170056388591265,0.42556810880506496,0.06096787251979205,0.0,0.14332058953853533,0.6687549068518086,0.40720920067967237,0.11266877502391454,0.38449218086904824,0.11512387707193367,0.23485789204976418,0.21659364544266066,0.3693998035569078,0.07765052469643348,0.4386989923441299,0.31872620382398353,0.5245403235504673,0.43825270040454284,0.12429211861491815,0.6994421848872608,0.20414445433707007,0.4422345776771923,0.0,0.0,0.0,0.0,0.0,0.0,0.6184480231218186,0.0,0.0,0.4874110392157058,0.4292562562163524,0.3415860575905539,0.09756798651615986,0.2074495333332041,0.2831822571151722,0.3194680952094271,0.23641125750081526,0.10918153012952557,0.68270580660738,0.18033671336727278,0.16857074642009962,0.8897794466633181,0.025947855556307912,0.5890995608976158,0.5822721450542457,0.0,0.1594121006887116,0.0,0.7515286197020005,0.3338856180604185,0.08714901714389595,0.29293542306676057,0.0,0.36875765753311357,0.2618744776320751,0.460722723326622,0.22517350091995783,0.10496822333398938,0.22182705707182296,0.5309058059119417,0.0,0.1791674630275414,0.20247783141729325
0.0,0.0,0.7212001978053466,0.0,0.6534591470009643,0.4219504753584918,0.2663147497446715,0.0850492073093771,0.6837028651278894,0.0,0.0,0.10274712187589911,0.3311689711483393,0.1275273711577813,0.5434858428112161,0.0,0.032603319023809585,0.0,0.762172384883222,0.55204350904542,0.0,0.2854300539370346,0.0,0.0,0.044022433933805866,0.0,0.6577469005362191,0.39103739642268914,0.2957365946624253,0.0,0.0,0.0,0.0,0.0,0.03346517437021446,0.0,0.0,0.0,0.0,0.0,0.0,0.19933601961607897,0.0,0.0,0.014409994279313651,0.0,0.0,0.7036436166272021,0.0,0.5025305337924065,0.0,0.10850008378571778,0.0,0.6836629845830415,0.0,0.8324816340837914,0.0,0.0,0.0,0.48542917853616147,0.3122174139139317,0.0,0.0299190908671043,0.6432699966082811,0.5927932761855017,0.0,0.4550306545451498,0.11291295746314409,0.0,0.0,0.0,0.548654807841652,0.021221902597048384,0.27015036788014046,0.19173115653372494,0.0
0.0,0.29993999896019474,0.1792756943898461,0.33044817253278114,0.0,0.4569567950069936,0.13243475297470855,0.45379150194265594,0.19791980225630057,0.7170056388591265,0.10274712187589911,0.0,0.38947492493063557,0.10477736366714153,0.20835991833316067,0.05712650603620334,0.4869696351819699,0.32032633457828236,0.240771702067453,0.4457807475301846,0.06524408189359371,0.31605521675414067,0.4320015514921369,0.4877150355969695,0.058234207849137035,0.45210693224430143,0.31907894812302173,0.4968093745388049,0.2788844845715701,0.11850287967267245,0.5155667452313051,0.2651641393597155,0.2924665600216109,0.0,0.0,0.20054526361858765,0.19367331246472982,0.031389862224269635,0.12703254337104872,0.30629178935939655,0.0,0.07563868537338482,0.36613551864149774,0.30516378668316546,0.45535222916762913,0.0,0.0,0.338114099866076,0.05017835796652409,0.08213796155072463,0.03736495641776701,0.3338871643239897,0.4894581671576976,0.12184116340886562,0.6059285842618368,0.15039977979364302,0.8517892394279015,0.2661353404331669,0.007377577081050551,0.3548137314485555,0.0,0.4323284227698764,0.13317781958269465,0.30663089886238215,0.4151220249075854,0.0,0.40723846811114234,0.40306269432366065,0.34405100138207645,0.04770681322823762,0.0,0.2576079250472483,0.4214616754990297,0.0,0.18070689162409842,0.04437451639296424
0.2665300718511789,0.0,0.14892811674528358,0.24164844332755744,0.5423611134583521,0.535748520669202,0.7151615770397353,0.14695736555157168,0.6478975379331835,0.42556810880506496,0.3311689711483393,0.38947492493063557,0.0,0.2712441841145663,0.2258539702597268,0.061202756464257706,0.5214485234598935,0.37214948798161923,0.3731188495003865,0.648026804597153,0.4000495562103803,0.3337551938077403,0.17548287450810363,0.09373627751814777,0.0,0.0,0.5776491520804372,0.7440144849989545,0.5953402343188773,0.4171615793740851,0.2889819214820598,0.0,0.11814633784296225,0.0,0.0,0.00674703647631104,0.0,0.0,0.0,0.3900199904150823,0.0,0.0,0.323968095386367,0.21184685615080104,0.3771499406508997,0.4432378885734978,0.4568572394937506,0.48884090005826375,0.06920588002482728,0.5999635093322574,0.34027063143683334,0.6066508318355998,0.3079282498369129,0.521343833562614,0.4440584566617462,0.37485873431678834,0.25758781775199235,0.6565629108581996,0.0,0.09837574225501279,0.0,0.5192887345440997,0.4639309226085774,0.17902166652461732,0.19396436988021853,0.24887361178064998,0.22032042596935847,0.1314392587238611,0.1798336441413658,0.17795938709935785,0.3418419532186631,0.14691985174460617,0.6259561629619469,0.1156238183236185,0.4141556268082577,0.0
0.0,0.0,0.0,0.3068534521582515,0.314052382235375,0.05787459017176834,0.4112722484268244,0.2567928404019926,0.24815644587143426,0.06096787251979205,0.1275273711577813,0.10477736366714153,0.2712441841145663,0.0,0.0,0.3300501609424017,0.014013735738580295,0.2923684782570258,0.0,0.17387451044324073,0.14781093625654387,0.164192826563897,0.24758647484776444,0.1183484815294163,0.0,0.0,0.07372405008067148,0.015554204396496643,0.0,0.0,0.043684342864924494,0.1481806959228642,0.28136570252945453,0.09719431729092003,0.0,0.18378376506412852,0.0,0.1650936528288883,0.16477243613010828,0.30855754983732286,0.0,0.17683617354460235,0.4327371202231254,0.06700320714508434,0.18999687322874825,0.15239569876523568,0.4796039177027992,0.0,0.06472339522197301,0.08866861031627767,0.17945209988248795,0.19108752453012448,0.30677566606827034,0.15808700488510893,0.08862341850484504,0.0,0.014405942284206281,0.23314569791197653,0.4425555213985455,0.0,0.0,0.04297234927890794,0.0,0.0,0.0,0.1663543867853538,0.0,0.0,0.09507788524878508,0.15110271505047718,0.2620068672201655,0.0,0.24346171149579163,0.0,0.0,0.0
0.11049162567985116,0.13788056491403633,0.7724754481769073,0.0,0.35358512994224445,0.3438527338050273,0.0,0.14406535548760785,0.34614684405690005,0.0,0.5434858428112161,0.20835991833316067,0.2258539702597268,0.0,0.0,0.0,0.0,0.0,0.5894228101959367,0.6333845500726412,0.10460880914078391,0.622368727867139,0.1895588670536496,0.0,0.0,0.10108672631818857,0.5749365587920555,0.38015751436924494,0.2436497837289907,0.4319113248651598,0.0,0.02530743074063421,0.0,0.0,0.08525484599411516,0.2476369511756884,0.12283762384934083,0.0,0.046869909930343436,0.0,0.037037659801080675,0.0,0.0,0.0,0.0,0.0,0.0,0.7037854727473876,0.0,0.20313180033241787,0.0,0.0,0.07723569082948577,0.3280801037020235,0.0,0.6935996859859545,0.21505031116938933,0.0,0.0,0.7854977325233934,0.09456866099072503,0.0,0.0,0.7319110987520991,0.710965356853245,0.0406314427586139,0.6617832994301519,0.425683462660435,0.0,0.0,0.0,0.6189908556737237,0.050092442224045346,0.3949576543705195,0.39007156878125093,0.044813652777594186
0.20274230197350407,0.24489884753241403,0.0,0.20028997605294577,0.0,0.0,0.0,0.0,0.0,0.14332058953853533,0.0,0.05712650603620334,0.061202756464257706,0.3300501609424017,0.0,0.0,0.0,0.7224284357780545,0.0,0.0,0.07617383553024629,0.47901117192707154,0.021279981945262438,0.07806002953124115,0.10408538775573221,0.14455345825001575,0.0,0.0,0.0,0.0,0.38015000094267665,0.2963688403113186,0.3156473668572075,0.36470185362445695,0.05564560896821174,0.1281084841571986,0.266512196991555,0.2901488292878098,0.0,0.14317760795737217,0.23511827538753952,0.0,0.3219745377884434,0.2344877637402859,0.16835919399468402,0.12436460385054765,0.0982899161122169,0.0,0.08863980846539794,0.0,0.0,0.0,0.09355238246857037,0.0,0.16236614013131914,0.0,0.012637944029208632,0.0,0.2882360301783158,0.0,0.0,0.07648411389457055,0.0,0.0,0.0,0.005090380716080145,0.0,0.0,0.0,0.38331030441041397,0.013169862299572795,0.0,0.0750011984381058,0.0,0.0,0.0
0.07940167975012466,0.06292557126732809,0.04736930343687825,0.35347646363090235,0.06263574110097574,0.46942700656602493,0.4358646882654293,0.04388258989938489,0.3037636833792043,0.6687549068518086,0.032603319023809585,0.4869696351819699,0.5214485234598935,0.014013735738580295,0.0,0.0,0.0,0.46213294301607655,0.0482776057310046,0.37182748591080855,0.1747497463484604,0.14645384349341287,0.0,0.35896464543068324,0.37713806030161234,0.3338325149389229,0.3688560202143113,0.7528054011968062,0.6690450764251593,0.352927522307216,0.6219159057071394,0.06171796809160013,0.11654186941299882,0.04704610287978653,0.0,0.0,0.0,0.0,0.015270424111736165,0.40670605827201106,0.0,0.061466133690761864,0.229727745080558,0.14424119995091828,0.342126994780292,0.21075894375614132,0.2678463651137123,0.23088095909902476,0.2588361175327762,0.3206900996616433,0.2572391628801689,0.5045115269887511,0.04285266342037289,0.2902253436553525,0.5028458943288175,0.1303341119034288,0.3250043007988806,0.4096732708946044,0.0,0.12093720258504405,0.20595746561894707,0.6124027309890725,0.564914020760401,0.0,0.19216584134054662,0.0,0.27466954668498383,0.05681939483248522,0.4362529546448756,0.21289847565515393,0.32728839360132894,0.12982127582356753,0.535062127488482,0.08232245367160307,0.20322018106779124,0.20383279161085854
0.1743527686443015,0.1472551674700565,0.0,0.35821780477916215,0.037257775463182416,0.21862137314544225,0.2839300334711718,0.12366774960852552,0.0,0.40720920067967237,0.0,0.32032633457828236,0.37214948798161923,0.2923684782570258,0.0,0.7224284357780545,0.46213294301607655,0.0,0.0,0.2636699435501916,0.23629017644860728,0.4742889418177324,0.11743698459251205,0.19838441434820614,0.3147048148405731,0.21782299065562713,0.1004609830035725,0.23365228182630635,0.2016020141807054,0.0617646710917415,0.55572060679583,0.1268916740581189,0.16064103771699126,0.24606478811212298,0.06945522875345855,0.0,0.28327146740710335,0.16170456446260603,0.0,0.2727993422045236,0.0,0.0,0.3186323453244776,0.15811863563319084,0.36177380507921514,0.2037976558266984,0.2414716921944522,0.0,0.29272339207827874,0.0,0.11876794265882042,0.20810424145469664,0.19455295507108217,0.0,0.3229668781253192,0.0,0.14373425019368377,0.20021102670404636,0.01562070280107278,0.0,0.0,0.3220069172626661,0.27066327027248693,0.0,0.0,0.044849044715660175,0.04633557796588672,0.03542502128237402,0.14563298825310822,0.4750365687992952,0.25499691159033283,0.0,0.29531272681976245,0.027752252784717553,0.0,0.0
0.0,0.10165998284065567,0.8224384968021502,0.0,0.48376110274900097,0.4199032519389409,0.12783817993573535,0.052787146384470046,0.6861312852771565,0.11266877502391454,0.762172384883222,0.240771702067453,0.3731188495003865,0.0,0.5894228101959367,0.0,0.0482776057310046,0.0,0.0,0.5961060743663208,0.0,0.3980288101970474,0.10684786076782102,0.0,0.0,0.1318638605409222,0.6747913789710818,0.4656881071952984,0.23263400387246977,0.15802733813733513,0.0,0.0,0.0,0.0,0.0,0.18412011133942613,0.021085365525544724,0.0,0.0,0.0,0.0,0.03146667793802425,0.0,0.022444842692890526,0.024106529505786664,0.0,0.0,0.8681821490449874,0.0,0.43329268991936915,0.0,0.1425619575403802,0.0,0.6089244770545884,0.004172046027097507,0.7141306023599459,0.15213288760424262,0.032775108886498386,0.0,0.5920532840541631,0.226942051037495,0.0,0.14376833042912018,0.8264040342436638,0.6857318754588981,0.0,0.5421635670855101,0.22121538638092655,0.0,0.0,0.0,0.6413734151189637,0.14265886896598565,0.2035738733567629,0.35995696175416225,0.03652291484162078
0.0,0.0,0.5041574677451708,0.15897500636298076,0.523549891167806,0.45941961857346025,0.5038624098070067,0.2048991566377538,0.7660001582113949,0.38449218086904824,0.55204350904542,0.4457807475301846,0.648026804597153,0.17387451044324073,0.6333845500726412,0.0,0.37182748591080855,0.2636699435501916,0.5961060743663208,0.0,0.2542603337630016,0.7334365320950371,0.15309504816638697,0.0,0.0,0.0,0.8310773265882081,0.6903466686163197,0.6431149685730638,0.368757233840205,0.3291086838511194,0.0,0.018274601340310358,0.0,0.0,0.0788510282539744,0.0,0.0,0.0,0.2457377352367317,0.0,0.0,0.16378148753284982,0.0,0.3877251378986766,0.21244833067565158,0.38589978090472193,0.6686061746625808,0.0,0.5967270989968114,0.09070011824779281,0.5457600436352457,0.1776486695045909,0.7121245587702278,0.26276404937435816,0.5691294911402842,0.2590675057982145,0.3649268825109404,0.0,0.4917122565380639,0.09268276093788859,0.17043328928747145,0.3539853386761723,0.4744884349454908,0.5680941264364064,0.07480603321519569,0.6343119193126515,0.14190218495417067,0.0,0.07653698395885444,0.2802516546363459,0.37097010518674417,0.47485133950842146,0.13013202079596004,0.3666039777378505,0.010207914594204798
0.6632086394478868,0.0,0.0,0.22565475658808068,0.12240757567741849,0.09585981314296163,0.26778238683033256,0.31799670456065937,0.050316721977367654,0.11512387707193367,0.0,0.06524408189359371,0.4000495562103803,0.14781093625654387,0.10460880914078391,0.07617383553024629,0.1747497463484604,0.23629017644860728,0.0,0.2542603337630016,0.0,0.23069643626144334,0.2643910747706554,0.18337039339397868,0.0,0.0,0.042382758680940394,0.2047626090984578,0.35444661916948594,0.5357993176196683,0.319408279122011,0.30462457312936964,0.33353872435305376,0.0,0.0,0.15936887246844803,0.0,0.17857703108058062,0.13443085661000614,0.436329842235425,0.0,0.0,0.4473850488069047,0.20707922311740845,0.20770696122189836,0.6436352927954276,0.4398383155379945,0.0,0.28175504513767285,0.08931081339726755,0.3414336548751953,0.17775428743416696,0.4075617909512517,0.0,0.21314199068616496,0.0,0.08853784626602688,0.37030371817863,0.0,0.0,0.0,0.3327335171266434,0.23788908845469717,0.0,0.0,0.8172783981466938,0.0,0.09548379235033318,0.20986858286263166,0.27461371702239873,0.42801001161318314,0.0,0.3787656529650803,0.10674988192118352,0.22889714900220318,0.0
0.1996800950061099,0.1680488727478981,0.4231760911526579,0.0,0.20943649846988177,0.14265311411413217,0.030133178474833513,0.08098320448095163,0.28953710776150904,0.23485789204976418,0.2854300539370346,0.31605521675414067,0.3337551938077403,0.164192826563897,0.622368727867139,0.47901117192707154,0.14645384349341287,0.4742889418177324,0.3980288101970474,0.7334365320950371,0.23069643626144334,0.0,0.16151818919456234,0.0,0.08932657172789588,0.17006108678207674,0.4724085097425396,0.2866442154203883,0.17015506179643955,0.2300436576238542,0.34985167789247584,0.17026071370973409,0.1216983890900039,0.2574482662007227,0.12040479461268537,0.22677878454312825,0.1251010674706273,0.06661373616479993,0.0,0.0,0.036170313937430115,0.11111376433460297,0.10633925928202977,0.01729396130951175,0.3110607030900991,0.0927791484071277,0.06033037784571249,0.460291226267134,0.0029619638659105925,0.12507313513794602,0.0,0.1257569453715929,0.1038278370421841,0.2086192237759693,0.19036302720174988,0.38501267925063626,0.25631356012029566,0.06765334550443208,0.0962305477239959,0.5339042180845184,0.0,0.0,0.02983764484874147,0.4862677654485448,0.5656444025452738,0.13535981614627426,0.6121486564735934,0.28475680697595446,0.0,0.2711641851595111,0.07683375747149562,0.42901188715253463,0.25789364606656606,0.31361684336415097,0.21765727091325315,0.06539865344574661
0.18076380594020075,0.23223390926391996,0.12950904720408832,0.06480169046267562,0.0674815544472758,0.5016160733087452,0.0839058139859003,0.7074896646280421,0.07767421072011785,0.21659364544266066,0.0,0.4320015514921369,0.17548287450810363,0.24758647484776444,0.1895588670536496,0.021279981945262438,0.0,0.11743698459251205,0.10684786076782102,0.15309504816638697,0.2643910747706554,0.16151818919456234,0.0,0.41252930727694015,0.1578601297410001,0.2731765244866811,0.17344992986249608,0.08881402489178512,0.11796177811680167,0.07764799843685039,0.12694809827701656,0.34633248244479553,0.2631046997939403,0.0,0.05103855695084323,0.19806407258813116,0.033299586811026266,0.1553812341740307,0.2613600380111093,0.13757013254066264,0.0,0.07604547079533953,0.22213323380005587,0.11665513011919013,0.16733407241951642,0.0069416795530018414,0.13527630955819228,0.1834226513796323,0.17915167245304436,0.06660781648116039,0.4957506524796462,0.0986448945799818,0.7050826279398553,0.04287480498789983,0.1988568662305203,0.11665919999738261,0.5247303909141838,0.1471313902987785,0.26145314378242407,0.20537666902701093,0.0,0.08321199452583664,0.0,0.22052487168211504,0.1862610678133143,0.2686334959847309,0.21161934112570352,0.7094692206043858,0.26305201113960824,0.2396377953933125,0.17580895340456726,0.20248049298660975,0.04369866970720226,0.04615982584225005,0.18560859171470662,0.0
0.05967744423158097,0.2226418875174675,0.0,0.2981457981372338,0.0,0.27157266242524475,0.09954511719768465,0.4316075472006132,0.0,0.3693998035569078,0.0,0.4877150355969695,0.09373627751814777,0.1183484815294163,0.0,0.07806002953124115,0.35896464543068324,0.19838441434820614,0.0,0.0,0.18337039339397868,0.0,0.41252930727694015,0.0,0.3023241054811475,0.42510254390555174,0.0,0.12078620868801032,0.05996218907997982,0.0,0.3022570019382358,0.2709378417434164,0.3621034647636121,0.0,0.04912393975234135,0.02004023508392244,0.0,0.25016741386266755,0.2942724757846665,0.33161588638550205,0.008407075221231646,0.0,0.439795571869698,0.3801490784421853,0.13364346814278183,0.0,0.16333837312782704,0.0,0.1971598058205595,0.0,0.2990968532849234,0.0529462020424344,0.42233303640252784,0.0,0.28716818819570156,0.0,0.4812314165639006,0.20484008336013773,0.14862967656199244,0.0,0.1148902131341688,0.34006390919380924,0.21253329584080624,0.0,0.0,0.0,0.0,0.1230277693919071,0.8292902906712382,0.09537759584305351,0.3287694886798622,0.0,0.2963487804950562,0.0,0.17421808372224112,0.21539097694400852
0.2524590460679739,0.3957485857151332,0.14575353218142814,0.0,0.0,0.3302619915747434,0.0,0.07028774282417291,0.0,0.07765052469643348,0.044022433933805866,0.058234207849137035,0.0,0.0,0.0,0.10408538775573221,0.37713806030161234,0.3147048148405731,0.0,0.0,0.0,0.08932657172789588,0.1578601297410001,0.3023241054811475,0.0,0.5438301813777506,0.090706438678136,0.1574265088392075,0.19799691363538843,0.013457108783176432,0.0,0.07620136117942812,0.0,0.3075312040271854,0.5739123382959699,0.0,0.019423826810073094,0.28511939876722825,0.23876750738808233,0.0,0.30556397194029994,0.38957612982730955,0.0,0.0,0.01268288318302735,0.0,0.0,0.025691498022494506,0.07910369466298935,0.0,0.30675413687110376,0.0,0.0,0.0,0.0,0.08826672376618883,0.04165026151628602,0.0,0.20717955912057445,0.19933358543350851,0.4907987003210527,0.0,0.2635607066911229,0.0985636456969456,0.18790795621677583,0.0,0.18106850897463406,0.2579465112789696,0.22263594646691554,0.536082681628341,0.37872952388300907,0.26821921738646803,0.0,0.45958961233789664,0.06813067822412246,0.16520384656990794
0.0,0.806794527874857,0.21685755067435886,0.16562732811033548,0.0,0.30469563989654946,0.0,0.15710467237226242,0.0,0.4386989923441299,0.0,0.45210693224430143,0.0,0.0,0.10108672631818857,0.14455345825001575,0.3338325149389229,0.21782299065562713,0.1318638605409222,0.0,0.0,0.17006108678207674,0.2731765244866811,0.42510254390555174,0.5438301813777506,0.0,0.10325068515890443,0.12430008775919082,0.04070571645269996,0.0,0.21914543560800906,0.26519266091148724,0.0761711862464323,0.05131813797969968,0.22416543930989094,0.0,0.20964376728042405,0.09983068014102423,0.13270689065067204,0.0,0.007220225167220502,0.15600310028069478,0.0,0.15742217642264913,0.031385424662575136,0.0,0.0,0.21929150917526474,0.19880207423139998,0.0,0.0,0.0,0.1173990335996732,0.0,0.2872950630674412,0.03860403825025816,0.43744937112000254,0.0,0.0,0.3639322066347796,0.2568496894741111,0.0858544496698277,0.0497822705977737,0.3081379064653846,0.4576986280507901,0.0,0.4191774711824083,0.4365090496075103,0.2002001489487646,0.32538480970142275,0.10653468576558316,0.47826139439823484,0.0,0.021153005304557715,0.0,0.1320576396705654
0.0,0.0,0.6756073615281939,0.04944307176904397,0.6448206895754919,0.7051272636502188,0.4992622151177706,0.1391207976922999,0.8621766573049955,0.31872620382398353,0.6577469005362191,0.31907894812302173,0.5776491520804372,0.07372405008067148,0.5749365587920555,0.0,0.3688560202143113,0.1004609830035725,0.6747913789710818,0.8310773265882081,0.042382758680940394,0.4724085097425396,0.17344992986249608,0.0,0.090706438678136,0.10325068515890443,0.0,0.7592694515181759,0.7593640015259616,0.37272976896020515,0.09962787571251543,0.0,0.0,0.0,0.0,0.0,0.0,0.0,0.0,0.08424685694200504,0.0,0.0955957522001456,0.0,0.0,0.25087628356581193,0.13762287336117085,0.2870910204542887,0.7924136046539023,0.06146945236478794,0.7773946705547784,0.28693067461132543,0.5386303461112756,0.0,0.8422103822300692,0.17765577509193353,0.710614030703042,0.20581712094293175,0.3378545063220997,0.0,0.5497746544620592,0.36407647733850856,0.10963276547387818,0.4620309773419523,0.4851811621561877,0.6586948693336447,0.0,0.6700758045509323,0.26992987868426876,0.0,0.12875489836154283,0.324579638500621,0.6686146141465817,0.33289611310627953,0.3976804481652367,0.4419997453951889,0.10569815615388298
0.12370163927133818,0.0,0.44582921059050795,0.24711241757493116,0.4977167063805904,0.659832050764226,0.559025905009917,0.05381638344801477,0.7192413954138559,0.5245403235504673,0.39103739642268914,0.4968093745388049,0.7440144849989545,0.015554204396496643,0.38015751436924494,0.0,0.7528054011968062,0.23365228182630635,0.4656881071952984,0.6903466686163197,0.2047626090984578,0.2866442154203883,0.08881402489178512,0.12078620868801032,0.1574265088392075,0.12430008775919082,0.7592694515181759,0.0,0.8112747886910809,0.5943049774308906,0.39827124657226587,0.0,0.0,0.0,0.0,0.0,0.0,0.0,0.0,0.2816875598547362,0.0,0.05121314837119502,0.1743021132231638,0.084833937967753,0.3570300608582566,0.22531344882341442,0.26788180115513255,0.6497327068464025,0.09833566288488987,0.659619903477495,0.31671404171573647,0.5823698022372208,0.03682912930081677,0.6621800505840207,0.4201019435269531,0.5151287541410176,0.36090147782230364,0.48329261268584356,0.0,0.3853362344530959,0.2465270982587569,0.47346177097896347,0.6274759491290566,0.34098461239639494,0.4808338748139578,0.00345431263344768,0.4937255280801726,0.2205683180821768,0.2129471097171322,0.06914236290053123,0.3160883258367495,0.4038274596569618,0.6552156243204121,0.30165841550771916,0.5078402480630504,0.10499507150317323
0.22688333437650654,0.0,0.20332510802090537,0.241887332231354,0.4606296255178647,0.6690598969735756,0.6639997798068674,0.16864086844722875,0.6653398004848388,0.43825270040454284,0.2957365946624253,0.2788844845715701,0.5953402343188773,0.0,0.2436497837289907,0.0,0.6690450764251593,0.2016020141807054,0.23263400387246977,0.6431149685730638,0.35444661916948594,0.17015506179643955,0.11796177811680167,0.05996218907997982,0.19799691363538843,0.04070571645269996,0.7593640015259616,0.8112747886910809,0.0,0.5254072431768902,0.342679270732222,0.0,0.0,0.0,0.0,0.0,0.0,0.0,0.0,0.40975462829362164,0.0,0.0,0.09764736512743635,0.0,0.24447647111498766,0.45638250377508566,0.5263381054798741,0.4667360587303511,0.25986026555448954,0.7324664200769294,0.4453276922618823,0.6524133070262759,0.05391691367652788,0.6845227932951249,0.3163720187447653,0.3933597812282144,0.14524289354271436,0.5320887599597538,0.0,0.19368413468323753,0.3565278598846198,0.414028923049165,0.6956586436418157,0.07208613325248671,0.29960689310293104,0.2038561232844288,0.46866172111493304,0.09327774565826896,0.2501441896235734,0.23465779656615202,0.5885128634233041,0.24681185249820986,0.4269643829382826,0.3087127784183524,0.371703004660599,0.09646269391771184
0.4910464322829679,0.0,0.27242588140587726,0.0,0.28289427395489636,0.2883004202693272,0.1625551651545307,0.025337201031117376,0.2622024898818935,0.12429211861491815,0.0,0.11850287967267245,0.4171615793740851,0.0,0.4319113248651598,0.0,0.352927522307216,0.0617646710917415,0.15802733813733513,0.368757233840205,0.5357993176196683,0.2300436576238542,0.07764799843685039,0.0,0.013457108783176432,0.0,0.37272976896020515,0.5943049774308906,0.5254072431768902,0.0,0.23382848219533742,0.10945086889900736,0.0,0.0,0.0,0.15614707767945593,0.04483190804183255,0.0,0.07238872392091338,0.1325392048885612,0.0,0.0,0.16637679649756465,0.08503286906417695,0.1719176738791613,0.3094385902005824,0.07908445763457858,0.35860676602252883,0.0926981272960727,0.3182945184175111,0.2167320834181626,0.17329943062375203,0.07054272043029211,0.20370385377553402,0.22442279629786863,0.24699954643696936,0.16797337137121507,0.24545733743403184,0.0,0.3204097606464436,0.0,0.3033454451303009,0.40163739004376725,0.18150358092171762,0.20344198609061132,0.43386237010394185,0.24080198720913729,0.27894423653029154,0.023262393258002622,0.0,0.14101422386162682,0.2204028265191801,0.35195184604089236,0.38497002468691954,0.4972431255997244,0.0
0.15648855059431785,0.03069155829024055,0.0,0.5657896586348895,0.0,0.05898722466318578,0.309995127186935,0.0,0.09150057299979082,0.6994421848872608,0.0,0.5155667452313051,0.2889819214820598,0.043684342864924494,0.0,0.38015000094267665,0.6219159057071394,0.55572060679583,0.0,0.3291086838511194,0.319408279122011,0.34985167789247584,0.12694809827701656,0.3022570019382358,0.0,0.21914543560800906,0.09962787571251543,0.39827124657226587,0.342679270732222,0.23382848219533742,0.0,0.3038731550575404,0.500144719810432,0.29310059301934277,0.0,0.0,0.09128514379095672,0.05916114272642524,0.08220993434709059,0.6828441345899648,0.0,0.0,0.4702511098962759,0.2990148812056912,0.40649458818116246,0.3349949985320804,0.3137345002812844,0.0,0.48640320608248033,0.07991066127580336,0.20030493927382756,0.5169068989446232,0.12957804859900712,0.03800832510566135,0.6891208356512855,0.0,0.46458745393317646,0.5380940348820121,0.08603410667431761,0.0,0.0,0.6504324282163697,0.32179567286752747,0.0,0.08612786426698812,0.17571436926321674,0.24201786681458257,0.11584742640502536,0.4403484393620553,0.3029302480865814,0.23627057263810572,0.0,0.5590764168251222,0.0,0.07640537594315605,0.2896065738671296
0.20980707894273595,0.43339762310016255,0.0,0.2357307927680224,0.0,0.0,0.0,0.14512384608538167,0.0,0.20414445433707007,0.0,0.2651641393597155,0.0,0.1481806959228642,0.02530743074063421,0.2963688403113186,0.06171796809160013,0.1268916740581189,0.0,0.0,0.30462457312936964,0.17026071370973409,0.34633248244479553,0.2709378417434164,0.07620136117942812,0.26519266091148724,0.0,0.0,0.0,0.10945086889900736,0.3038731550575404,0.0,0.6535749919860852,0.31274599458161806,0.05287961370501106,0.25758153310231957,0.18471363685205253,0.37566429889903474,0.6323990237410752,0.22301661191296235,0.36981580668673175,0.11240811682431448,0.3545260800388771,0.32782991168560177,0.054254636036852454,0.019979252749217438,0.0,0.0,0.1849931538582,0.0,0.10270839700903844,0.0,0.300696025740973,0.0,0.33274584476009655,0.0,0.4712599483172202,0.10522050581238591,0.3342589180348356,0.10703621995405702,0.0,0.257484250848042,0.0,0.06361409167041979,0.11094010112355107,0.3248222876677795,0.10914490129273441,0.4498515771995784,0.23466237193010386,0.21493726871908708,0.0,0.04762886872774821,0.2113077207870764,0.035222418982761,0.25360259963474796,0.17340652345153623
0.15160594895594284,0.15866571337110097,0.0,0.39251441138941445,0.0,0.0,0.15999085635412943,0.03912214980334011,0.0,0.4422345776771923,0.0,0.2924665600216109,0.11814633784296225,0.28136570252945453,0.0,0.3156473668572075,0.11654186941299882,0.16064103771699126,0.0,0.018274601340310358,0.33353872435305376,0.1216983890900039,0.2631046997939403,0.3621034647636121,0.0,0.0761711862464323,0.0,0.0,0.0,0.0,0.500144719810432,0.6535749919860852,0.0,0.20593486549939594,0.0,0.12654811648615125,0.0,0.07986906404907078,0.3849335979899293,0.6873489048058755,0.08253464942809864,0.0,0.6454124760655726,0.5469388307290689,0.11747188647267619,0.27172372622508634,0.33366565940904563,0.0,0.240934959517518,0.0,0.07851713444809677,0.3090046895623305,0.1682686320175497,0.0,0.5795174698925835,0.0,0.41384356722711774,0.508235432850989,0.23679278238350404,0.0,0.0,0.4467393471432279,0.08370223364332469,0.0,0.0,0.2533103602340586,0.025198772440070058,0.10478247848934057,0.5018083326728006,0.21659924687310006,0.10067007966649616,0.0,0.4618861285084896,0.0,0.3205911417563075,0.20828554018465195
0.20092543596830395,0.12312812342080683,0.0,0.08184046313883837,0.0,0.0,0.0,0.0,0.0,0.0,0.0,0.0,0.0,0.09719431729092003,0.0,0.36470185362445695,0.04704610287978653,0.24606478811212298,0.0,0.0,0.0,0.2574482662007227,0.0,0.0,0.3075312040271854,0.05131813797969968,0.0,0.0,0.0,0.0,0.29310059301934277,0.31274599458161806,0.20593486549939594,0.0,0.4959008746432936,0.0,0.21290680710362564,0.4793785975269315,0.3804224648281031,0.0,0.6365886178072441,0.42239739929773884,0.0,0.0,0.15337981526363745,0.0,0.0,0.0,0.06062052081397298,0.0,0.0,0.0,0.0,0.0,0.0,0.0,0.06402337904931477,0.0,0.3967716355070692,0.0,0.06078852899657995,0.0,0.0,0.0,0.0,0.18695179154405892,0.0,0.08116728418139899,0.0,0.20616379773907395,0.0,0.0,0.0,0.3301871757953873,0.0,0.2781538967137208
0.003934040269137051,0.13755817978490437,0.21620598828642598,0.0,0.0985098842119777,0.05620078034122932,0.0,0.09542543642795674,0.0,0.0,0.03346517437021446,0.0,0.0,0.0,0.08525484599411516,0.05564560896821174,0.0,0.06945522875345855,0.0,0.0,0.0,0.12040479461268537,0.05103855695084323,0.04912393975234135,0.5739123382959699,0.22416543930989094,0.0,0.0,0.0,0.0,0.0,0.05287961370501106,0.0,0.4959008746432936,0.0,0.06004894321478423,0.17765885972002823,0.3858790836996108,0.3673554654562586,0.0,0.5336539841130604,0.59295405747142,0.0,0.0,0.0,0.0,0.0,0.0,0.04235998883727007,0.0,0.15355534161338716,0.0,0.0,0.0,0.0,0.08166772566349892,0.0,0.0,0.36769470810837385,0.14256406526352344,0.27680720506505907,0.0,0.0,0.08227450922625237,0.09858044154823928,0.01975960358660476,0.005133262481299734,0.15220512490676674,0.0,0.11418896055608463,0.036527328214712045,0.17175262030702443,0.0,0.3923718727778802,0.0,0.2713563556153822
0.0,0.090927549689631,0.19451491881146332,0.0,0.0,0.0,0.0,0.17299163590443611,0.0,0.0,0.0,0.20054526361858765,0.00674703647631104,0.18378376506412852,0.2476369511756884,0.1281084841571986,0.0,0.0,0.18412011133942613,0.0788510282539744,0.15936887246844803,0.22677878454312825,0.19806407258813116,0.02004023508392244,0.0,0.0,0.0,0.0,0.0,0.15614707767945593,0.0,0.25758153310231957,0.12654811648615125,0.0,0.06004894321478423,0.0,0.3925717729784142,0.27855401023858806,0.11992700581255464,0.0,0.13219507099622915,0.07486915310723136,0.3055926323223666,0.198817341274811,0.09361195334934876,0.0,0.0,0.06083081810920411,0.0,0.0,0.0,0.0,0.2005174897035625,0.0,0.0,0.0,0.24673786482403742,0.0,0.13237171832062858,0.18838841786354932,0.0,0.0,0.0,0.2212665379464526,0.06528647513465753,0.10579420985402281,0.0,0.21611701808029407,0.0,0.0,0.0,0.015966646374962198,0.0,0.0,0.10869865985207114,0.0
