0.0,0.0,0.0,0.0,0.12138922209138861,0.0,0.1290469915584113,0.0,0.0,0.0,0.0,0.0,0.177243181559779,-0.00117425759757756,0.07347721454164452,0.13482415094459585,0.0528023207376047,0.11594503844777089,0.0,0.0,0.4410354466842721,0.13278777545523449,0.12020839469696015,0.03968565351555436,0.1678859133149504,0.0,0.0,0.08226190747006736,0.15087799942603486,0.32654713724014195,0.1040652876141588,0.13952224575371028,0.10081834499840103,0.13361593038999636,0.0026161468716951316,0.0,0.0,0.09929188672883137,0.06256091021988207,0.1015441287506424,0.14446574737225137,0.0,0.11859453133651439,0.07150573997111666,0.023131342366311217,0.4828046643449315,0.17176664392664706,0.0,0.038112391425318436,0.06788486821112674,0.23884103152198327,0.0,0.07395860873798475,0.0,0.038779376570965744,0.0,0.0,0.18042653200162595,0.0,0.0,0.0,0.14486586480265623,0.1603700425202334,0.0,0.0,0.453735167671576,0.0,0.10798816648539708,0.0585898426383277,0.2267008569670317,0.3069929040157179,0.0,0.17882472419114465,0.2638771410127748,0.24689529012584613,0.0008102732063613419
0.0,0.0,0.14036965043198732,0.0,0.0,0.09814320037105186,0.0,0.0,0.0,0.21827859581460465,0.0,0.1994608687999218,0.0,0.0,0.09169092939827436,0.16285836189323155,0.041845666327345474,0.09792506414842453,0.06760414939613746,0.0,0.0,0.11175293150411596,0.15443614545298126,0.1480574263834081,0.2631738247873919,0.536520430855566,0.0,0.0,0.0,0.0,0.020409965001724387,0.28821053123645496,0.10551310644619676,0.08188051795811803,0.09147654246032759,0.060467053816816094,0.19090333821747815,0.10302224183550866,0.11845757694474415,0.0,0.134853682154213,0.04892188213160409,0.0,0.17705966848801236,0.0,0.0,0.0,0.12634739264173336,0.003137789655147347,0.0,0.0,0.0,0.03304545616572175,0.0,0.18365280180073598,0.029047247028832334,0.282237304088229,0.0,0.05595095077129144,0.2943764804147423,0.07020140006968642,0.028404569428711255,0.0,0.2618884050537347,0.3083092176804344,0.0,0.2273283255442244,0.37705589994069466,0.015939091944163746,0.13261854504197199,0.0,0.3693603326980299,0.0,0.049317542934599216,0.03450218216081645,0.08657696278189311
0.0,0.14036965043198732,0.0,0.0,0.3173424906232864,0.3098369560376431,0.0,0.06827275752153271,0.3509551941267769,0.0,0.47959998176842195,0.11921879669824734,0.09903757970837582,0.0,0.5136981548113654,0.0,0.03150070831073368,0.0,0.5469237103265745,0.335266009458664,0.0,0.2814131862681835,0.08612384864416074,0.0,0.09692647282906473,0.14421082754311484,0.44928062867640456,0.29647756881057863,0.13521171846129756,0.18116391003926097,0.0,0.0,0.0,0.0,0.14377753688356631,0.12935292003461552,0.09895638434179578,0.0,0.05569318869431637,0.0,0.04308226701930617,0.22933169210775042,0.0,0.0,0.0,0.0,0.0,0.5544279176231762,0.0,0.22196734411098648,0.0,0.0,0.0,0.3535316927560691,0.0,0.518843277781882,0.11224224117350774,0.0,0.0,0.5252952982127751,0.20520373821673496,0.0,0.054382095431919325,0.56339202215479,0.5307162697833252,0.0,0.4074753374729514,0.2651707160576013,0.0,0.0,0.0,0.5298192215900409,0.015670753947260013,0.3212862069839607,0.2359421655103544,0.07632558833353426
0.0,0.0,0.0,0.0,0.0,0.0723956324815323,0.29031923008783755,0.10150108850498879,0.07753692813201132,0.32302994544216534,0.0,0.21974888249393554,0.1606968347581406,0.20405833291298597,0.0,0.13319334791602067,0.23506275515290803,0.2382157591803376,0.0,0.10571878707928314,0.1500609920448345,0.0,0.04309329040540613,0.19826772064965856,0.0,0.11014259810770181,0.032879769571844214,0.16433039165038488,0.16085569649203108,0.0,0.376251574516752,0.1567615819544095,0.2610230905635651,0.054424117947760094,0.0,0.0,0.07350355589139246,0.0,0.04583780039178508,0.39203501357648146,0.0,0.0,0.3379887423630498,0.16146951758240216,0.16635610882621302,0.15633105988729976,0.24905166246279414,0.0,0.23477924991583443,0.06235057168216192,0.06883443088243951,0.2803560033657877,0.11955496255777112,0.05938841432252947,0.3113918976155875,0.0,0.18004880347273697,0.28592534388384383,0.054563614433828546,0.0,0.0,0.2992502762372857,0.09919383518664633,0.0,0.0,0.0,0.0,0.0,0.2231587017140236,0.0797653859579526,0.17674102432894434,0.0,0.33934965440860254,0.0,0.0,0.03796776229660149
0.12138922209138861,0.0,0.3173424906232864,0.0,0.0,0.3000070952758806,0.39988545658865404,0.08189149034042531,0.504761181728387,0.0,0.4345520091948977,0.0,0.3606715318687872,0.20884563988301605,0.23513501852873225,0.0,0.04165292852316639,0.024776516267258537,0.3217023744096546,0.34816202078567643,0.08140135186021079,0.13927580878854381,0.04487540683031453,0.0,0.0,0.0,0.4288074128451307,0.33098288662754516,0.30631988270750465,0.18812541794085658,0.0,0.0,0.0,0.0,0.0655093257265377,0.0,0.0,0.0,0.0,0.0,0.0,0.1937505950084469,0.0,0.0,0.12756432373938295,0.16015152635087632,0.16314324610295164,0.308281816693601,0.0,0.4880382838719711,0.2029698291007213,0.19446212383501632,0.0,0.5127324077191258,0.0,0.41510806792595556,0.0,0.130852340425551,0.0,0.07481492126640377,0.14342599062027525,0.0,0.21593986890402062,0.16638560957880508,0.14736199696921726,0.13633151614150016,0.09794235950634113,0.0,0.0,0.01469688895053107,0.2208634778777812,0.18659392988909562,0.14200627719116893,0.2964654123774117,0.163537695268932,0.0
0.0,0.09814320037105186,0.3098369560376431,0.0723956324815323,0.3000070952758806,0.0,0.2849016629795236,0.3405820217050027,0.38043720066949477,0.2364015746336493,0.2805981486207648,0.30387744099518593,0.35627414069949864,0.03848675094058497,0.22866295012917226,0.0,0.3121701636740752,0.14538377401144434,0.2792367397946437,0.30551522498522177,0.06374702166692599,0.09486468686023869,0.3335759756385332,0.18059651722822034,0.21962507167919612,0.2026233822231204,0.46891143932039997,0.438790006547052,0.4449265479501651,0.19172051910933718,0.03922665573182401,0.0,0.0,0.0,0.03737366310914349,0.0,0.0,0.0,0.009499213223914421,0.011946177280518232,0.0,0.04887252721564681,0.0,0.0,0.10828474915681595,0.0,0.10229697595756664,0.3923931034942436,0.12675979874548104,0.36788339545470666,0.3869849382835937,0.2493540954625545,0.2482493993670762,0.37494069605776725,0.11664977479984232,0.3566896897642198,0.25328993501880415,0.16991642357384049,0.0,0.27555527777697925,0.18045715135712748,0.1285512097314425,0.2691566610109435,0.2517251265000579,0.3156613345927307,0.0,0.29232816801622574,0.31871973619617744,0.1397253639418432,0.08719550776740007,0.1781187247360976,0.34773421715243896,0.1589660793874772,0.19266811300032688,0.22925577162296445,0.0324604282513061
0.1290469915584113,0.0,0.0,0.29031923008783755,0.39988545658865404,0.2849016629795236,0.0,0.05870503021640701,0.4705530959392762,0.20586037109027072,0.17709999180654612,0.08806945048747575,0.4755842834673029,0.27349710031638125,0.0,0.0,0.2898511359005746,0.18881420067640461,0.08501271762412207,0.3350697951728183,0.17807597423371077,0.02003864099196399,0.05579758155968168,0.0661977583179069,0.0,0.0,0.33201065390274853,0.37175366100384083,0.44156155705265243,0.10809960186050545,0.20614755486697883,0.0,0.10639432992954435,0.0,0.0,0.0,0.0,0.0,0.0,0.3825425073873668,0.0,0.0,0.22111945388451637,0.04570645537111667,0.22213011514266712,0.4080557697921195,0.4933505856419909,0.12573846299911315,0.14090923212975323,0.4847315972931473,0.27723845101953903,0.48560316749813975,0.07697104501798586,0.45953452197567496,0.21952447321502952,0.1588112579631761,0.0,0.46293930549932816,0.0,0.0,0.13535759434995728,0.2791866583970617,0.3556523605232867,0.0,0.0,0.15004695439689616,0.02781643155060825,0.0,0.2155571903615161,0.146267972622603,0.4231352205822959,0.0,0.34004177709271977,0.0,0.1691634162069309,0.021469398625144773
0.0,0.0,0.06827275752153271,0.10150108850498879,0.08189149034042531,0.3405820217050027,0.05870503021640701,0.0,0.06652075898367214,0.06940336486414965,0.0565579410531515,0.3017725129868914,0.09772702510862594,0.1707678976653546,0.09580383099668324,0.0,0.02918203486319136,0.08223937075735353,0.035103587770273864,0.13625846482969894,0.21146862434842756,0.053854038740981686,0.4704824420313553,0.2870201261708428,0.04674152930018366,0.10447501017714275,0.0925156873776175,0.03578803305802274,0.1121466101629266,0.016849303687887382,0.0,0.09650772995974397,0.026016329986486716,0.0,0.06345816003706103,0.11503988168379559,0.0,0.1557882310990587,0.13737680285210646,0.031547405430195664,0.0,0.05202773867678427,0.09874046411724233,0.0,0.1651580151934835,0.0,0.09900751444196604,0.05312764298596174,0.10042851618008009,0.020641079298950753,0.19801610384891657,-0.0053883254632826295,0.5076254030488015,0.07483873770718646,0.0,0.002383452091144919,0.2685366442040234,0.0,0.09792840003074688,0.08804651228622623,0.0,0.0,0.0,0.08157794793146286,0.042933169473536606,0.15388240359010452,0.04438456601235425,0.18353963320865233,0.11992710691793151,0.025803908569481337,0.09645251862175162,0.0,0.0,0.0,0.0,0.0
0.0,0.0,0.3509551941267769,0.07753692813201132,0.504761181728387,0.38043720066949477,0.4705530959392762,0.06652075898367214,0.0,0.1574425180876519,0.4546641593390903,0.13161717626060768,0.4308535248966021,0.16502467314599778,0.2301885393321717,0.0,0.20200362874816594,0.0,0.456279064968427,0.5093920703720441,0.03346074920171546,0.1925429194643406,0.0516535494008553,0.0,0.0,0.0,0.573349689008598,0.47829737315280363,0.4424526742413056,0.17436532844786012,0.06084811578815475,0.0,0.0,0.0,0.0,0.0,0.0,0.0,0.0,0.13104839782723215,0.0,0.030897075555915324,0.06068119272582927,0.0,0.1628685028132743,0.2054792631214672,0.2649101175518208,0.47361971175119594,0.042236330468647394,0.5837760409486489,0.2109527969657742,0.41527486471501235,0.0,0.6417111758463345,0.10895830640096427,0.4373447928529851,0.05027688139027092,0.3354775076910869,0.0,0.16887180168140453,0.21225977206474625,0.09820009771888735,0.3058649499171498,0.26655613028926756,0.3089432611031723,0.0,0.3114315233214022,0.0,0.0306756380050614,0.0,0.26312958750419935,0.2546910803119789,0.32525272875472244,0.1617963017913625,0.30996372310324294,0.04862696861387914
0.0,0.21827859581460465,0.0,0.32302994544216534,0.0,0.2364015746336493,0.20586037109027072,0.06940336486414965,0.1574425180876519,0.0,0.0,0.47681058930810993,0.2830038841437182,0.04054379163778839,0.0,0.09530855972986457,0.4447237287367427,0.2707951631408395,0.07492502444088937,0.2556882866866142,0.07655767360134813,0.1561811007373546,0.14403532988699078,0.24565181705478206,0.051637798134339066,0.29173595538427344,0.21195374323005714,0.3488206608610851,0.29143917009949305,0.08265457774841359,0.46513084735805194,0.13575658586356731,0.29408712870124903,0.0,0.0,0.0,0.0,0.0,0.0,0.4112695219947732,0.0,0.0,0.3241295915238684,0.28545651163410907,0.22715560463142495,0.06488296134239498,0.13795447187512508,0.1883169274812563,0.21244710290468785,0.15721409274743844,0.07260599763964828,0.4540011128650135,0.11992437704026371,0.11209997883498876,0.5917056147464084,0.017255390513763753,0.391752719322656,0.38721247027118594,0.0,0.10600945592725283,0.0,0.49976846013679044,0.22203479258852732,0.057954319980135935,0.19480280786065782,0.0,0.2452247883015433,0.17414719946022061,0.3063817929891693,0.1497409557908789,0.06980413781144382,0.14751556204661967,0.3530537229620113,0.0,0.11914682256464883,0.1346482773462206
0.0,0.0,0.47959998176842195,0.0,0.4345520091948977,0.2805981486207648,0.17709999180654612,0.0565579410531515,0.4546641593390903,0.0,0.0,0.06832709964361261,0.22022821542247933,0.08480602898940755,0.36141947977391736,0.0,0.021681290794140155,0.0,0.5068465912887165,0.3671103497742223,0.0,0.1898117181344825,0.0,0.0,0.029275031504849,0.0,0.43740337629600706,0.26004087182143387,0.1966655941581369,0.0,0.0,0.0,0.0,0.0,0.022254426810575857,0.0,0.0,0.0,0.0,0.0,0.0,0.13255896443814388,0.0,0.0,0.0095826831643593,0.0,0.0,0.46792481024382043,0.0,0.33418409420620204,0.0,0.07215283407277613,0.0,0.4546376386744536,0.0,0.5536024223843781,0.0,0.0,0.0,0.3228116490875388,0.2076253812416736,0.0,0.019896272183585646,0.4277761980436569,0.3942090494652691,0.0,0.3025965526465765,0.07508740638942327,0.0,0.0,0.0,0.36485685478005647,0.014112619671497512,0.1796506877068515,0.12750171097822074,0.0
0.0,0.1994608687999218,0.11921879669824734,0.21974888249393554,0.0,0.30387744099518593,0.08806945048747575,0.3017725129868914,0.13161717626060768,0.47681058930810993,0.06832709964361261,0.0,0.259001824270722,0.06967721564334249,0.1385598802356747,0.03798927307123605,0.3238360567090189,0.21301783428677634,0.1601137995709051,0.2964453407511324,0.04338748184191498,0.2101775299762359,0.287282140035518,0.3243317498973068,0.0387258976186287,0.30065226981574833,0.21218831909387753,0.3303795086250121,0.18545889771389243,0.07880471899961793,0.3428532082572669,0.17633483294867733,0.19449101273277244,0.0,0.0,0.1333631148021088,0.12879324965490976,0.020874338909341587,0.08447696724175742,0.20368482571081029,0.0,0.05029991982316928,0.24348105921156227,0.20293470103724331,0.30281040059551995,0.0,-0.0021845264611004577,0.2248467438373937,0.033368736779533774,0.054621955154891995,0.024847791877028364,0.22203582085776907,0.3254909368571678,0.08102468624850129,0.40294406303446006,0.10001623941106345,0.5664420294715719,0.17698068415412374,0.004906107685957627,0.2359520416823871,0.0,0.2874995102737979,0.08856359168811229,0.20391033440027584,0.27605721155262886,0.0,0.27081462605785217,0.26803772577629426,0.22879479857656232,0.031725153187863765,0.0,0.1713099310455366,0.2802730954602141,0.0,0.12017054653073932,0.02950916724345138
0.177243181559779,0.0,0.09903757970837582,0.1606968347581406,0.3606715318687872,0.35627414069949864,0.4755842834673029,0.09772702510862594,0.4308535248966021,0.2830038841437182,0.22022821542247933,0.259001824270722,0.0,0.1803780783089132,0.15019346964755875,0.04069999006344915,0.3467646058688885,0.2474803642514877,0.24812499214834977,0.4309394875597734,0.26603398120080396,0.22194806012589496,0.11669656174646828,0.06233486502852721,0.0,0.0,0.38413816808338686,0.49477154128186945,0.39590278315814526,0.2774135205052964,0.19217371916418513,0.0,0.07856761776815814,0.0,0.0,0.004486796566163759,0.0,0.0,0.0,0.2593642942162361,0.0,0.0,0.21543961456703323,0.14087870283009019,0.25080567810514254,0.29475433302127063,0.3038112363234713,0.32508045265245517,0.04602208776311666,0.39897727290298296,0.22628084286449546,0.40342435952392736,0.2047730761266725,0.3466949868186174,0.29530001290511043,0.24928202001490438,0.17129655964260648,0.436616020122617,0.0,0.06542012098101693,0.0,0.3453283406989809,0.30851525374225486,0.11904986751616566,0.128986803582913,0.16550159031550418,0.14651364849824217,0.08740744425673722,0.11958983471441932,0.11834344897310681,0.2273257758806138,0.0977020783307528,0.41626245425047426,0.07689013581631003,0.27541455433729667,0.0
-0.00117425759757756,0.0,0.0,0.20405833291298597,0.20884563988301605,0.03848675094058497,0.27349710031638125,0.1707678976653546,0.16502467314599778,0.04054379163778839,0.08480602898940755,0.06967721564334249,0.1803780783089132,0.0,0.0,0.2194842037652407,0.009319170218176508,0.1944257881076961,0.0,0.11562699551710154,0.09829465181725479,0.10918865089912885,0.16464564095300555,0.07870204383824655,0.0,0.0,0.04902668244154791,0.010343585827739211,0.0,0.0,0.029050200076675522,0.09854054294397047,0.18710891402141158,0.06463447034896791,0.0,0.1222166752620302,0.0,0.10978770267640381,0.10957409274763867,0.20519156224140447,0.0,0.11759650907760752,0.2877712951287154,0.044557304647164675,0.12634840813113446,0.10134353064767158,0.31893783568873696,0.0,0.043041223869473684,0.058964853338262374,0.1193361068034197,0.1270736940445986,0.2040066049635895,0.10512826381834445,0.05893480066772079,0.0,0.009579988577217568,0.15504248724311845,0.294300557099325,0.0,0.0,0.02857672251536606,0.0,0.0,0.0,0.1106260939918467,0.0,0.0,0.06322703761127475,0.10048369316022761,0.1742352388759441,0.0,0.16190266274192755,0.0,0.0,0.0
0.07347721454164452,0.09169092939827436,0.5136981548113654,0.0,0.23513501852873225,0.22866295012917226,0.0,0.09580383099668324,0.2301885393321717,0.0,0.36141947977391736,0.1385598802356747,0.15019346964755875,0.0,0.0,0.0,0.0,0.0,0.3919676809353304,0.42120235073649737,0.06956512645089066,0.41387680070891825,0.12605713290099585,0.0,0.0,0.06722293233801618,0.3823342865874972,0.25280572234372567,0.16202773125950132,0.2872221390971032,0.0,0.01682950636834086,0.0,0.0,0.05669469130606515,0.16467920784057122,0.08168733499782102,0.0,0.031168610347701773,0.0,0.02463013878725758,0.0,0.0,0.0,0.0,0.0,0.0,0.4680191449276735,0.0,0.1350831683525255,0.0,0.0,0.05136193254856902,0.21817411064623804,0.0,0.46124557059984334,0.14300900863586533,0.0,0.0,0.5223580073102463,0.06288840217325792,0.0,0.0,0.4867227583766618,0.47279378627794943,0.027020013673811336,0.44008759191579083,0.2830805947534778,0.0,0.0,0.0,0.41163050703441856,0.03331160259036991,0.26264785341410174,0.2593985939620617,0.029801194065827846
0.13482415094459585,0.16285836189323155,0.0,0.13319334791602067,0.0,0.0,0.0,0.0,0.0,0.09530855972986457,0.0,0.03798927307123605,0.04069999006344915,0.2194842037652407,0.0,0.0,0.0,0.4804167631712981,0.0,0.0,0.05065579605040155,0.31854365822719805,0.014151242587061519,0.051910119900064444,0.06921704988700188,0.09612842058590453,0.0,0.0,0.0,0.0,0.2528007258957822,0.19708603913666733,0.20990630874844282,0.2425276682971849,0.037004472721803294,0.08519247062485641,0.17723129473227142,0.1929497158486926,0.0,0.09521347661157407,0.1563542563249846,0.0,0.2141138936499731,0.15593496446199315,0.11195929592935293,0.08270278061606695,0.06536304637587202,0.0,0.05894570003353666,0.0,0.0,0.0,0.06221257434877836,0.0,0.10797389973512903,0.0,0.008404265201872166,0.0,0.19167769953362282,0.0,0.0,0.050862131958691485,0.0,0.0,0.0,0.0033851162354856822,0.0,0.0,0.0,0.25490233580953675,0.008757992216292365,0.0,0.049875989375745944,0.0,0.0,0.0
0.0528023207376047,0.041845666327345474,0.03150070831073368,0.23506275515290803,0.04165292852316639,0.3121701636740752,0.2898511359005746,0.02918203486319136,0.20200362874816594,0.4447237287367427,0.021681290794140155,0.3238360567090189,0.3467646058688885,0.009319170218176508,0.0,0.0,0.0,0.30731959270055315,0.03210473166656308,0.24726623204830728,0.11620902963947669,0.09739218164817233,0.0,0.23871241012960717,0.25079777764238764,0.2219994788764975,0.24529019973688768,0.5006175231063992,0.4449166922474464,0.2346977077643562,0.41357567281081026,0.04104260711739926,0.07750064214599371,0.03128577911110169,0.0,0.0,0.0,0.0,0.010154871210339594,0.2704605721489407,0.0,0.04087513659476458,0.1527695398415204,0.09592076801591091,0.22751532925036674,0.1401552382966192,0.17811851995629358,0.1535364301223534,0.17212668219932134,0.21325973900044504,0.17106470325837525,0.3355014597639784,0.028497131112388052,0.19300059809940498,0.3343938097719679,0.08667251878591278,0.21612869382472363,0.272433776155303,0.0,0.08042354998156254,0.13696224301726767,0.40724938721739434,0.3756692730837819,0.0,0.12779077748993428,0.0,0.18265595320595512,0.037785043332874496,0.29010933403899775,0.14157803249839832,0.21764762139815624,0.08633148147713207,0.3558176874733888,0.05474464288858782,0.1351419417682882,0.13554932935107075
0.11594503844777089,0.09792506414842453,0.0,0.2382157591803376,0.024776516267258537,0.14538377401144434,0.18881420067640461,0.08223937075735353,0.0,0.2707951631408395,0.0,0.21301783428677634,0.2474803642514877,0.1944257881076961,0.0,0.4804167631712981,0.30731959270055315,0.0,0.0,0.17534118890200787,0.15713357353708857,0.31540336308967976,0.07809589603677404,0.13192614449367995,0.20927950923927843,0.14485284760747946,0.06680681142846176,0.1553793668457809,0.1340658566369942,0.041073664732309084,0.3695556292117819,0.08438328878726106,0.10682670220387762,0.1636337153699404,0.04618790530735674,0.0,0.18837625255425813,0.10753395021817273,0.0,0.1814122624284686,0.0,0.0,0.21189132708709316,0.1051492983469671,0.24058050850273618,0.13552596396446395,0.16057929480117333,0.0,0.19466180670935518,0.0,0.0789809865654213,0.1383898544555611,0.12937821424484347,0.0,0.21477380251982917,0.0,0.09558364512677826,0.13314084639645923,0.010387807437382962,0.0,0.0,0.21413542608340022,0.17999176911360498,0.0,0.0,0.029824729795439195,0.03081327822051773,0.023557730035118667,0.09684631080747841,0.3159005369504444,0.1695736003981735,0.0,0.1963837209553398,0.01845531929980913,0.0,0.0
0.0,0.06760414939613746,0.5469237103265745,0.0,0.3217023744096546,0.2792367397946437,0.08501271762412207,0.035103587770273864,0.456279064968427,0.07492502444088937,0.5068465912887165,0.1601137995709051,0.24812499214834977,0.0,0.3919676809353304,0.0,0.03210473166656308,0.0,0.0,0.39641206875444585,0.0,0.2646901799177452,0.07105410152712238,0.0,0.0,0.08768980555439218,0.44873799818253446,0.309683786000454,0.15470220939410337,0.10508858527800076,0.0,0.0,0.0,0.0,0.0,0.12244034639799421,0.01402182216866385,0.0,0.0,0.0,0.0,0.020925421556057918,0.0,0.014925877972666292,0.01603090396627384,0.0,0.0,0.577343356422688,0.0,0.2881407504020229,0.0,0.09480406750483286,0.0,0.40493633942755614,0.002774421311338897,0.4748986826602935,0.10116876055137326,0.021795531493552425,0.0,0.39371695279949065,0.15091704615622886,0.0,0.09560630857077579,0.5495608028987055,0.45601345641460556,0.0,0.36054016302404507,0.14710879946794192,0.0,0.0,0.0,0.42651496648761056,0.09486851385148523,0.13537714804784642,0.23937230303049278,0.024287832068646577
0.0,0.0,0.335266009458664,0.10571878707928314,0.34816202078567643,0.30551522498522177,0.3350697951728183,0.13625846482969894,0.5093920703720441,0.2556882866866142,0.3671103497742223,0.2964453407511324,0.4309394875597734,0.11562699551710154,0.42120235073649737,0.0,0.24726623204830728,0.17534118890200787,0.39641206875444585,0.0,0.16908377425331927,0.487737175463191,0.10180859979360718,0.0,0.0,0.0,0.5526685542970862,0.4590823057034708,0.4276731040025154,0.2452245065446721,0.21885811908419317,0.0,0.01215265677451129,0.0,0.0,0.05243613607997695,0.0,0.0,0.0,0.16341622436875614,0.0,0.0,0.10891510938819861,0.0,0.2578382114054179,0.1412786849321893,0.25662434432151315,0.444624821449336,-0.007046256307407334,0.3968250517269512,0.060315811324521885,0.3629318291563238,0.11813682097544563,0.4735646585266575,0.17473876695102125,0.37847257170112775,0.17228055598946082,0.2426773130840045,0.0,0.32698991207794253,0.061634273799874496,0.11333857462011572,0.23540115836352357,0.3155360265314356,0.377784051516837,0.049746204001817375,0.4218190536602555,0.09436531704236724,0.0,0.0508972906870776,0.18636806931442185,0.2466960716672076,0.3157773589968105,0.08653812768098447,0.24379258571246137,0.006788289393391977
0.4410354466842721,0.0,0.0,0.1500609920448345,0.08140135186021079,0.06374702166692599,0.17807597423371077,0.21146862434842756,0.03346074920171546,0.07655767360134813,0.0,0.04338748184191498,0.26603398120080396,0.09829465181725479,0.06956512645089066,0.05065579605040155,0.11620902963947669,0.15713357353708857,0.0,0.16908377425331927,0.0,0.15341372196197128,0.1758207430136672,0.12194178204088196,0.0,0.0,0.028184643255132157,0.13616766036575656,0.235707911074985,0.3563079208018775,0.2124073250530989,0.2025761226406251,0.22180410738317938,0.0,0.0,0.10598070904987625,0.0,0.11875418380517595,0.08939686452592141,0.290160464483967,0.0,0.0,0.29751220521596117,0.13770821463159588,0.13812566208153398,0.428019120945271,0.2924936082311093,0.0,0.18736782785472916,0.059391920034682646,0.22705425643472468,0.11820705716957487,0.2710296365760046,0.0,0.14173997061875465,0.0,0.05887789490937248,0.2462529225972062,0.0,0.0,0.0,0.22126864251186987,0.15819685412312218,0.0,0.0,0.5434922314825433,0.0,0.06349696687515258,0.13956314601822828,0.18261882633710588,0.28462775577578037,0.0,0.2518801309391574,0.07098894534274525,0.15221719131853317,0.0
0.13278777545523449,0.11175293150411596,0.2814131862681835,0.0,0.13927580878854381,0.09486468686023869,0.02003864099196399,0.053854038740981686,0.1925429194643406,0.1561811007373546,0.1898117181344825,0.2101775299762359,0.22194806012589496,0.10918865089912885,0.41387680070891825,0.31854365822719805,0.09739218164817233,0.31540336308967976,0.2646901799177452,0.487737175463191,0.15341372196197128,0.0,0.10741001018678084,0.0,0.05940239936497823,0.11309105899914851,0.3141528709354574,0.19061913863582508,0.11315355262479121,0.1529796224932811,0.2326522633375231,0.11322381141818041,0.08092974096017294,0.1712037575029948,0.08006949731405966,0.15080847351861734,0.08319253081280585,0.044298305446093804,0.0,0.0,0.024053351562767663,0.07389093834314149,0.07071588023426202,0.0115005286382135,0.20685616557630132,0.06169837171419905,0.04011985604404283,0.30609484633761075,0.0019697135697026753,0.08317395573991283,0.0,0.08362869129959252,0.06904577800175003,0.13873231902038655,0.12659190146254287,0.2560344194457007,0.17044917504844007,0.044989648324050745,0.06399356111442756,0.3550476747491545,0.0,0.0,0.01984211037242587,0.3233693115356553,0.3761549788445054,0.09001462500077091,0.4070804270127765,0.18936400717815963,0.0,0.18032487879856537,0.05109464583435181,0.2852940055797452,0.17149993625639573,0.20855600541628386,0.14474264355364935,0.043490272320647574
0.12020839469696015,0.15443614545298126,0.08612384864416074,0.04309329040540613,0.04487540683031453,0.3335759756385332,0.05579758155968168,0.4704824420313553,0.0516535494008553,0.14403532988699078,0.0,0.287282140035518,0.11669656174646828,0.16464564095300555,0.12605713290099585,0.014151242587061519,0.0,0.07809589603677404,0.07105410152712238,0.10180859979360718,0.1758207430136672,0.10741001018678084,0.0,0.2743330476766731,0.10497739126546743,0.18166308961375865,0.11534464834165148,0.05906155440403367,0.07844488507677626,0.05163611816523523,0.08442081103758346,0.23031198933637462,0.17496530035397673,0.0,0.03394077131093309,0.13171311640139832,0.022144310658903408,0.10332891935386485,0.1738050957924915,0.09148449107357144,0.0,0.050570433172370824,0.14771917035638618,0.0775759608061795,0.11127758745193306,0.004616234711516921,0.08995909290546156,0.12197653373540866,0.11913632179209782,0.04429436884128666,0.3296754557395366,0.06559910796762741,0.46888175645849595,0.028511855311597313,0.13224032620748682,0.07757866728561871,0.3489470561455714,0.09784275201197626,0.17386701136927724,0.13657601179360554,0.0,0.055336189838756336,0.0,0.14664960542172759,0.12386408794572033,0.17864196400489296,0.1407274047547141,0.47179885183414383,0.174930262263674,0.15935974872358177,0.11691340504916693,0.1346500472966443,0.029059727463545525,0.03069640260741001,0.12343018966622894,0.0
0.03968565351555436,0.1480574263834081,0.0,0.19826772064965856,0.0,0.18059651722822034,0.0661977583179069,0.2870201261708428,0.0,0.24565181705478206,0.0,0.3243317498973068,0.06233486502852721,0.07870204383824655,0.0,0.051910119900064444,0.23871241012960717,0.13192614449367995,0.0,0.0,0.12194178204088196,0.0,0.2743330476766731,0.0,0.20104630575274354,0.28269428229114246,0.0,0.08032313865266262,0.03987500957024806,0.0,0.20100168172455413,0.18017435984618194,0.24079973303859695,0.0,0.032667545962008764,0.013326807743719173,0.0,0.16636197201927494,0.19569195134825312,0.22052541520174662,0.005590726590339487,-0.006439989806952978,0.2924651835820339,0.25280011243058875,0.08887324917518441,0.0,0.10862043717205536,0.0,0.13111177668108087,0.0,0.19890017476278932,0.03520936019087497,0.2808525526965032,0.0,0.19096758187565238,0.0,0.3200201266066924,0.1362191809485327,0.09883911622084357,0.0,0.07640228648327331,0.22614337204254178,0.14133518698499398,0.0,0.0,0.0,0.0,0.08181378227144301,0.5514801708276884,0.06342634592536611,0.2186325534251072,0.0,0.1970726993073897,0.0,0.11585547262906869,0.14323555224995982
0.1678859133149504,0.2631738247873919,0.09692647282906473,0.0,0.0,0.21962507167919612,0.0,0.04674152930018366,0.0,0.051637798134339066,0.029275031504849,0.0387258976186287,0.0,0.0,0.0,0.06921704988700188,0.25079777764238764,0.20927950923927843,0.0,0.0,0.0,0.05940239936497823,0.10497739126546743,0.20104630575274354,0.0,0.361648465804058,0.06032001442691507,0.1046890322533277,0.13166845552552917,0.008949011864815162,0.0,0.05067410067772409,0.0,0.20450903964458889,0.38165317732997855,0.0,0.012916894660223537,0.1896051316495803,0.1587810049673934,0.0,0.20320082525990676,0.25906912578664976,0.0,0.0,0.008434149854452311,0.0,0.0,0.017084912096096583,0.05260415989018362,0.0,0.2039922879922409,0.0,0.0,0.0,0.0,0.05869759775141962,0.02769753076142694,0.0,0.13777493833111173,0.1325573457004897,0.3263823948499159,0.0,0.17526854611048176,0.0655450772519656,0.12495927295908878,0.0,0.1204110229965692,0.17153509175826898,0.14805347556954937,0.3564963585946108,0.25185610500689143,0.17836646767422284,0.0,0.3056282712746883,0.045307075807234504,0.1098609817968822
0.0,0.536520430855566,0.14421082754311484,0.11014259810770181,0.0,0.2026233822231204,0.0,0.10447501017714275,0.0,0.29173595538427344,0.0,0.30065226981574833,0.0,0.0,0.06722293233801618,0.09612842058590453,0.2219994788764975,0.14485284760747946,0.08768980555439218,0.0,0.0,0.11309105899914851,0.18166308961375865,0.28269428229114246,0.361648465804058,0.0,0.0686619705186949,0.08265987724979963,0.02706940587092657,0.0,0.14573227689352536,0.17635379985377714,0.050654034269868545,0.034126693412383405,0.14907059223401806,0.0,0.13941364307929935,0.066387658407835,0.08825042274015642,0.0,0.004801468259576762,0.10374246191018426,0.0,0.10468615118520161,0.020871387919430245,0.0,0.0,0.14582941619049986,0.1322038893875038,0.0,0.0,0.0,0.07807065852917353,0.0,0.19105195399085476,0.025671784474480104,0.29090495406434497,0.0,0.0,0.2420158510745321,0.1708057024441588,0.05709342928868788,0.0331053376631588,0.204912498322477,0.30437076187247175,0.0,0.2787540937295703,0.29027963784615746,0.13313361266129017,0.21638173322110382,0.07084583934718862,0.31804505424697904,0.0,0.014066802795236288,0.0,0.08781866917274227
0.0,0.0,0.44928062867640456,0.032879769571844214,0.4288074128451307,0.46891143932039997,0.33201065390274853,0.0925156873776175,0.573349689008598,0.21195374323005714,0.43740337629600706,0.21218831909387753,0.38413816808338686,0.04902668244154791,0.3823342865874972,0.0,0.24529019973688768,0.06680681142846176,0.44873799818253446,0.5526685542970862,0.028184643255132157,0.3141528709354574,0.11534464834165148,0.0,0.06032001442691507,0.0686619705186949,0.0,0.5049161331535305,0.5049790091512746,0.24786625259094913,0.06625279294258504,0.0,0.0,0.0,0.0,0.0,0.0,0.0,0.0,0.05602437600043172,0.0,0.06357142046250908,0.0,0.0,0.1668333721904601,0.09151956385451517,0.19091626512964022,0.5269570800195968,0.040877343521505925,0.5169694503128381,0.19080963473270487,0.35819056201175586,0.0,0.5600720648606045,0.11814154620925775,0.4725601534867427,0.1368689134476654,0.22467411346466626,0.0,0.3656015556555763,0.24211179146263612,0.07290607030128002,0.30725178526566915,0.32264671755857405,0.43803377797829424,0.0,0.4456021290954024,0.1795040618259352,0.0,0.08562233772911089,0.21584629230691646,0.44463043372784805,0.22137676925546534,0.2644585182728737,0.2939309646312582,0.07028954500930432
0.08226190747006736,0.0,0.29647756881057863,0.16433039165038488,0.33098288662754516,0.438790006547052,0.37175366100384083,0.03578803305802274,0.47829737315280363,0.3488206608610851,0.26004087182143387,0.3303795086250121,0.49477154128186945,0.010343585827739211,0.25280572234372567,0.0,0.5006175231063992,0.1553793668457809,0.309683786000454,0.4590823057034708,0.13616766036575656,0.19061913863582508,0.05906155440403367,0.08032313865266262,0.1046890322533277,0.08265987724979963,0.5049161331535305,0.0,0.5394998157923943,0.39521433467169875,0.26485140072923224,0.0,0.0,0.0,0.0,0.0,0.0,0.0,0.0,0.18732294996844387,0.0,0.0340568750533786,0.11591135246275863,0.056414786388701336,0.2374259064257969,0.1498340215057117,0.17814208501474865,0.43207391693199004,0.06539346809706219,0.43864892805711536,0.21061565026590232,0.38727741254840237,0.024491465469600335,0.44035143245097247,0.279368870210412,0.34256194305856635,0.24000040863894806,0.32139082731575097,0.0,0.2562495844854122,0.1639411528035014,0.3148532923598045,0.4172731159505899,0.22675564203431095,0.3197557603230932,0.0022971267632279275,0.3283287428184616,0.14667849738922972,0.14161037427438378,0.0459798487125076,0.21019954760111162,0.2685462966849331,0.4357200711185457,0.2006036202125964,0.33771506781816946,0.06982199191282963
0.15087799942603486,0.0,0.13521171846129756,0.16085569649203108,0.30631988270750465,0.4449265479501651,0.44156155705265243,0.1121466101629266,0.4424526742413056,0.29143917009949305,0.1966655941581369,0.18545889771389243,0.39590278315814526,0.0,0.16202773125950132,0.0,0.4449166922474464,0.1340658566369942,0.15470220939410337,0.4276731040025154,0.235707911074985,0.11315355262479121,0.07844488507677626,0.03987500957024806,0.13166845552552917,0.02706940587092657,0.5049790091512746,0.5394998157923943,0.0,0.3493971646367251,0.2278825941752555,0.0,0.0,0.0,0.0,0.0,0.0,0.0,0.0,0.2724878790343706,0.0,0.0,0.06493574832253843,0.0,0.1625774804920429,0.303495535852632,0.3500161904563221,0.31038067645976736,0.1728077432611965,0.4870920484823421,0.2961440578354051,0.4338565229286438,0.035854885917892695,0.4552094136738149,0.21038820411275186,0.2615852636751502,0.09658689682428459,0.35384039043865656,0.0,0.1288004464579816,0.2370919414899397,0.2753302960124435,0.4626147827232148,0.04793746354875495,0.19923935255026357,0.13556484497385202,0.3116612468857712,0.062029940165351474,0.1663465278406959,0.1560480367274107,0.3913625639970755,0.1641305151032702,0.28393241002442743,0.2052947896460256,0.24718345169756323,0.0641479389288161
0.32654713724014195,0.0,0.18116391003926097,0.0,0.18812541794085658,0.19172051910933718,0.10809960186050545,0.016849303687887382,0.17436532844786012,0.08265457774841359,0.0,0.07880471899961793,0.2774135205052964,0.0,0.2872221390971032,0.0,0.2346977077643562,0.041073664732309084,0.10508858527800076,0.2452245065446721,0.3563079208018775,0.1529796224932811,0.05163611816523523,0.0,0.008949011864815162,0.0,0.24786625259094913,0.39521433467169875,0.3493971646367251,0.0,0.15549654054322587,0.0727851086123381,0.0,0.0,0.0,0.1038382072497322,0.029813333863379952,0.0,0.04813868711955032,0.08813891127815751,0.0,0.0,0.11064099650795867,0.05654707607817789,0.114325694181755,0.20577745634326738,0.05259136721693817,0.23847441940505046,0.061644492467489084,0.21166667132727077,0.14412739149586004,0.11524456596178323,0.046911090062394,0.13546358535979194,0.14924173529126858,0.16425533205407114,0.11170272289492415,0.16322975911060453,0.0,0.21307331283613187,0.0,0.20172549923966146,0.26708989477356926,0.12070034695755005,0.1352894426775009,0.2885195891862694,0.1601339392678212,0.18549863291973492,0.015469551195879066,0.0,0.09377482063777523,0.1465684450752709,0.23404888054416872,0.2560060540513995,0.33066795419330514,0.0
0.1040652876141588,0.020409965001724387,0.0,0.376251574516752,0.0,0.03922665573182401,0.20614755486697883,0.0,0.06084811578815475,0.46513084735805194,0.0,0.3428532082572669,0.19217371916418513,0.029050200076675522,0.0,0.2528007258957822,0.41357567281081026,0.3695556292117819,0.0,0.21885811908419317,0.2124073250530989,0.2326522633375231,0.08442081103758346,0.20100168172455413,0.0,0.14573227689352536,0.06625279294258504,0.26485140072923224,0.2278825941752555,0.15549654054322587,0.0,0.20207642769510734,0.3325975217874204,0.1949126463028659,0.0,0.0,0.06070485481159979,0.03934231169006233,0.05466981724912044,0.45409310132831077,0.0,0.0,0.3127181945029163,0.19884566311980176,0.2703199439960032,0.2227725334482808,0.20863424756802457,0.0,0.32345937990469326,0.0531407947579652,0.13320329849629498,0.34374441391476684,0.08616973474880375,0.025275633705030436,0.45826712363686767,0.0,0.3089518487574341,0.3578339136683975,0.05721290165758091,0.0,0.0,0.43253923343814243,0.21399494801868885,0.0,0.057275250697240446,0.1168505063525147,0.1609425023247625,0.07703883576410865,0.2928328418828245,0.2014493921404065,0.15712053695281175,0.0,0.3717872514905396,0.0,0.05080977101899986,0.1925891146027925
0.13952224575371028,0.28821053123645496,0.0,0.1567615819544095,0.0,0.0,0.0,0.09650772995974397,0.0,0.13575658586356731,0.0,0.17633483294867733,0.0,0.09854054294397047,0.01682950636834086,0.19708603913666733,0.04104260711739926,0.08438328878726106,0.0,0.0,0.2025761226406251,0.11322381141818041,0.23031198933637462,0.18017435984618194,0.05067410067772409,0.17635379985377714,0.0,0.0,0.0,0.0727851086123381,0.20207642769510734,0.0,0.43462904640720157,0.20797688874175047,0.03516507877565711,0.17129238033445088,0.12283504238657124,0.2498177225287616,0.4205469731976535,0.14830661906776177,0.2459284602033645,0.07475168606944078,0.2357607527569858,0.21800773231345388,0.036079472153929995,0.013286254334691118,0.0,0.0,0.12302092191275582,0.0,0.06830134750780222,0.0,0.19996362854871427,0.0,0.22127684041974258,0.0,0.3133890746410035,0.06997190630680428,0.22228303802920996,0.07117936086920189,0.0,0.1712276873857802,0.0,0.042303534161789814,0.07377545186226173,0.21600765462558952,0.07258163936921146,0.2991524529249293,0.15605107935617668,0.14293383511640567,0.0,0.03167331989507291,0.14052017643006992,0.02342299898610297,0.16864637937062396,0.1153157829670047
0.10081834499840103,0.10551310644619676,0.0,0.2610230905635651,0.0,0.0,0.10639432992954435,0.026016329986486716,0.0,0.29408712870124903,0.0,0.19449101273277244,0.07856761776815814,0.18710891402141158,0.0,0.20990630874844282,0.07750064214599371,0.10682670220387762,0.0,0.01215265677451129,0.22180410738317938,0.08092974096017294,0.17496530035397673,0.24079973303859695,0.0,0.050654034269868545,0.0,0.0,0.0,0.0,0.3325975217874204,0.43462904640720157,0.0,0.13694721387978592,0.0,0.08415482212051098,0.0,0.053113132495471005,0.25598183020444887,0.4570887850788091,0.05488575361104227,0.0,0.4292009523792534,0.3637157255978761,0.07811910587662342,0.18069697504266682,0.22188851952106387,0.0,0.16022236619403277,0.0,0.052214095842468965,0.20548891130566455,0.11189907198222328,0.0,0.3853806042216043,0.0,0.27520703391525464,0.3379778667159891,0.1574678077732226,0.0,0.0,0.2970828119530785,0.0556622001095867,0.0,0.0,0.16845203941942996,0.016757248319704522,0.06968061701322685,0.3337038286088684,0.14403905485260338,0.06694586124574023,0.0,0.30715546041980907,0.0,0.21319393173952175,0.13851041857610044
0.13361593038999636,0.08188051795811803,0.0,0.054424117947760094,0.0,0.0,0.0,0.0,0.0,0.0,0.0,0.0,0.0,0.06463447034896791,0.0,0.2425276682971849,0.03128577911110169,0.1636337153699404,0.0,0.0,0.0,0.1712037575029948,0.0,0.0,0.20450903964458889,0.034126693412383405,0.0,0.0,0.0,0.0,0.1949126463028659,0.20797688874175047,0.13694721387978592,0.0,0.3297753538637547,0.0,0.1415835729330062,0.3187879971937296,0.2529819150785926,0.0,0.4233330639999941,0.2808953541869405,0.0,0.0,0.10199797064384429,0.0,0.0,0.0,0.04031280186229332,0.0,0.0,0.0,0.0,0.0,0.0,0.0,0.04257571131877537,0.0,0.2638541555236476,0.0,0.040424527734749326,0.0,0.0,0.0,0.0,0.12432342099870645,0.0,0.05397645221403278,0.0,0.1370994544064939,0.0,0.0,0.0,0.2195753189939856,0.0,0.1849730549141109
0.0026161468716951316,0.09147654246032759,0.14377753688356631,0.0,0.0655093257265377,0.03737366310914349,0.0,0.06345816003706103,0.0,0.0,0.022254426810575857,0.0,0.0,0.0,0.05669469130606515,0.037004472721803294,0.0,0.04618790530735674,0.0,0.0,0.0,0.08006949731405966,0.03394077131093309,0.032667545962008764,0.38165317732997855,0.14907059223401806,0.0,0.0,0.0,0.0,0.0,0.03516507877565711,0.0,0.3297753538637547,0.0,0.03993270129245938,0.1181435974948543,0.2566105806270159,0.24429232697313277,0.0,0.35488126851616364,0.39431596943288666,0.0,0.0,0.0,0.0,0.0,0.0,0.02816950125067571,0.0,0.10211469611673799,0.0,0.0,0.0,0.0,0.054309247083504056,0.0,0.0,0.24451792420711116,0.09480546914613044,0.1840775015128344,0.0,0.0,0.05471275970942887,0.06555624653616539,0.013140187078047183,0.0034136327193692094,0.10121679854287548,0.0,0.07593595171979477,0.02429076697307471,0.1142159331328416,0.0,0.26092830202121425,0.0,0.18045267264472997
