0.0,0.8551709227968967,0.0,0.16935976967999639,0.0,0.0,0.34620562566413804,0.2924388861501927,0.0,0.5011568284323301,0.0,0.11771199756227814,0.5728720184884527,0.0,0.5372462564451157,0.7996428103015536,0.6446974919190095,0.772132153546811,0.0,0.0,0.7232265291808373,0.7741152038905237,0.0,0.28003024952319966,0.9371359824841634,0.7326958713806836,0.0,0.61954280437749,0.0,0.0,0.41493142119115695,0.0,0.32559238991618616,0.0,0.0,0.0,0.0,0.14562785478179172,0.0,0.09675868804049959,0.2276267332558493,0.0,0.0,0.0,0.0,0.0,0.0,0.0,0.11425609447705948,0.0,0.33755293195328256,0.0,0.460255405828446,0.0,0.0,0.20661479415965306,0.0,0.0,0.0,0.6880245452487364,0.0,0.20328938365180158,0.36401217648809264,0.0,0.6056011681502597,0.787564625724736,0.319805692629452,0.5087098859739932,0.1591310851589233,0.0,0.0,0.6892282078133392,0.0,0.6494514108163205,0.0,0.029630283070796203
0.8551709227968967,0.0,0.0,0.2126914970899338,0.25421932946251413,0.0,0.5593103367517297,0.6037233328073928,0.04167534074604757,0.42232487338556707,0.06625853443516656,0.1546838343113427,0.8271159657423679,0.0,0.6711996326203867,0.8415519695088612,0.7402146063268711,0.7423177975898932,0.0,0.0,0.7635991447433148,0.8697648478443433,0.0,0.0,0.8922621421412702,0.4813374041173787,0.0,0.7630316755976254,0.0,0.0,0.33463792899001354,0.0,0.08547894442254125,0.0,0.0,0.0,0.0,0.2669044864173314,0.0,0.0,0.22935244638330743,0.0,0.0,0.0,0.0,0.0,0.0,0.09837296580718952,0.266534784372638,0.0,0.5228050353257315,0.0,0.7427285993114029,0.15769271537928656,0.0,0.4689864508032578,0.11305384993046785,0.0,0.2090235522319847,0.9199326605948378,0.0,0.2590474021534951,0.06850971143155228,0.0,0.7074112629888717,0.863664244259956,0.16583834070874495,0.7406648690846925,0.0,0.0,0.0,0.8606032512978763,0.0,0.5819298175384368,0.0,0.0
0.0,0.0,0.0,0.02752976749485412,0.0,0.5667871415259934,0.060773337007707574,0.24689853191924138,0.3423010352455515,0.0,0.5842230284902632,0.0753129211135658,0.02758769348743094,0.16971533576042752,0.0,0.0,0.0,0.0,0.7915661652776665,0.24776244718777188,0.0,0.0,0.6720594490291439,0.19907264352069695,0.0,0.0,0.3057680007965347,0.0,0.27724142414628616,0.28698544683283184,0.06510335738841615,0.3423668258888267,0.17874513873612824,0.27104594013212713,0.17196661810724656,0.40790632196555326,0.12458880582514532,0.0,0.26867935155241224,0.18483103523538438,0.0,0.16989226591139142,0.16572339898538788,0.1719905723148306,0.16496712267397776,0.12946745682008443,0.22024680263218804,0.784695673404948,0.06601216095144999,0.1249116807973392,0.06087621500497371,0.045548772990999256,0.06294089249809247,0.23993313030637334,0.09741971668460124,0.2126479749298396,0.14548710932935202,0.065330273596872,0.0,0.0,0.0,0.0,0.0,0.7839889732176192,0.0,0.0,0.0028054302825076625,0.060115108429566966,0.08532924835516448,0.12484024507628351,0.1225350731592698,0.0,0.09249858575465553,0.0,0.07290164668156043,0.043830075838872225
0.16935976967999639,0.2126914970899338,0.02752976749485412,0.0,0.09992389456134063,0.0,0.17048592671262897,0.2676941392935721,0.0,0.2460515129252128,0.0842274873832373,0.1714911026709996,0.24373785318427169,0.0,0.2166149567738538,0.2238898580070254,0.3404523166305468,0.05446719642057322,0.0,0.0,0.12287351605325818,0.18482189979649422,0.05137623173389545,0.0,0.10958423738235028,0.04582816818750322,0.0,0.32542159373460194,0.0,0.018580438791975674,0.18960657913055987,0.0,0.0,0.0,0.0,0.059266100352674135,0.10913474305938335,0.0,0.0,0.0,0.0,0.0,0.08376699186296184,0.0,0.0,0.0,0.0,0.06924906821182336,0.202551428657728,0.05621540168660621,0.0,0.0,0.15971743784493503,0.049025401292692714,0.0,0.18994421128738465,0.15783928342473114,0.0,0.18706694968579798,0.15593675839487514,0.0,0.2735345668294441,0.0,0.04364512967924781,0.18566616773534297,0.11277454494952312,0.0,0.17833783616759113,0.0,0.0,0.0,0.20467125572395922,0.031923953564512504,0.07461455717897643,0.05091968486959876,0.0
0.0,0.25421932946251413,0.0,0.09992389456134063,0.0,0.0329205913026451,0.6406675744296235,0.3829850014171382,0.530589660500119,0.08201687122997808,0.48647981287383785,0.0,0.5702077127640347,0.48598836387804084,0.4749860443801073,0.013402184226411226,0.21154371976087363,0.0,0.0,0.038067457268565474,0.3790038409593278,0.2511792332478856,0.2446381969147056,0.0,0.10626596022862349,0.0,0.0,0.5400215015715919,0.0,0.32269499616152425,0.16707793836450158,0.0,0.0,0.0,0.0,0.0,0.024838210096553962,0.14026021246700657,0.0,0.0,0.12227331962094314,0.0,0.0,0.0,0.0,0.0,0.0,0.23390261016783326,0.28128850316305726,0.6376629346692887,0.5775585553321242,0.49295784313903684,0.5117128304927587,0.6560428541000267,0.0,0.6904025788935335,0.0,0.28304679124197385,0.3123381876112881,0.5181445358673807,0.0,0.020077656910857798,0.0,0.0667415876345028,0.26735730224597665,0.4314881771099638,0.0,0.6534533220266585,0.0,0.0,0.0,0.545144993214587,0.0,0.39964496358762847,0.0,0.0
0.0,0.0,0.5667871415259934,0.0,0.0329205913026451,0.0,0.04487650077874264,0.027727643797761197,0.27226344543138953,0.03190571119577569,0.3028505268942831,0.21031846785375424,0.0,0.09893870674137546,0.0,0.0,0.0,0.0,0.49108654982954936,0.19941261657460801,0.0,0.0,0.6453317667286843,0.2940244076066026,0.0,0.0,0.5459757978224687,0.0,0.5702777250975282,0.22967418278461926,0.0,0.4763686703366127,0.0,0.4430165362946059,0.1063680611178473,0.575491927756135,0.20638142740333099,0.0,0.4533912008002063,0.15164653883299842,0.01328979574974278,0.3854723989448207,0.20486364979448526,0.3801599677636809,0.3383633662945052,0.3413787327951248,0.6052219274194319,0.4489295835933765,0.09723778861936702,0.2830979716081308,0.18392012498818727,0.29559338336707014,0.0,0.1848750896207366,0.33662163452319466,0.0,0.2725617304260501,0.3811296415503816,0.0,0.0,0.15968112781458066,0.0,0.0,0.40804490671214727,0.0,0.0,0.0,0.0,0.2321043045524772,0.44168695546520653,0.4534616323970451,0.0,0.13742946259954394,0.0,0.2606873589508271,0.1655356882696195
0.34620562566413804,0.5593103367517297,0.060773337007707574,0.17048592671262897,0.6406675744296235,0.04487650077874264,0.0,0.3835747576958312,0.38983944294566003,0.38150204330060616,0.3430161416752522,0.0,0.7366736245857595,0.2142383989689029,0.46607069883941105,0.3197549064012738,0.3909015551957086,0.3149051369269262,0.058949672892454064,0.0,0.5719356169449556,0.5333710050592829,0.12573409413122538,0.0,0.4618348077691071,0.02419351462628255,0.0,0.5120939468030581,0.0,0.2107218361903172,0.07225065145908285,0.0,0.0,0.0,0.0,0.0,0.0,0.12837795505571287,0.0,0.0,0.2260151893798685,0.0,0.0,0.0,0.0,0.0,0.0,0.28487796795560655,0.2786481279677899,0.440084550703669,0.6418044937435626,0.5123143421663443,0.6109286679561272,0.5243872883264573,0.0,0.5884042060943844,0.0,0.17777739460101943,0.32277211393955463,0.5859133040266205,0.0,0.02782954674499561,0.0,0.188872153735889,0.3614800720225718,0.5879799051351816,0.0,0.6819101705280031,0.0,0.0,0.0,0.6867528140158569,0.0,0.4964365129172114,0.0,0.0
0.2924388861501927,0.6037233328073928,0.24689853191924138,0.2676941392935721,0.3829850014171382,0.027727643797761197,0.3835747576958312,0.0,0.13224103487565883,0.06935869272244292,0.45355086360483415,0.43780350790844497,0.7082324465799729,0.30978423886184736,0.4743293970001411,0.3715926974747961,0.3967740979144387,0.13448152292811824,0.27376100044891205,0.0,0.4634333081116987,0.4002984277457813,0.46626760717429405,0.0,0.23412535935412995,0.17846407174092255,0.0,0.5161122878538292,0.0,0.2684193736505071,0.25576439383983035,0.0,0.0,0.0,0.0,0.09846288221319453,0.07703148807720045,0.21153268532849837,0.0,0.0,0.015374594241003412,0.0,0.0,0.0,0.0,0.0,0.0,0.404827196479224,0.2279171356734785,0.09823076243194345,0.2971328180046846,0.0,0.7525517198771318,0.19277932886655086,0.0,0.6387736675000094,0.3483089766264881,0.06506892706762843,0.3177388960882797,0.5649606558316563,0.0,0.11348680311444474,0.0,0.30718234812874967,0.41864242837204535,0.4642181856622682,0.0,0.6141768419291899,0.0,0.0,0.0,0.4206032869906936,0.0,0.028279320997046126,0.0,0.0
0.0,0.04167534074604757,0.3423010352455515,0.0,0.530589660500119,0.27226344543138953,0.38983944294566003,0.13224103487565883,0.0,0.04602122397678685,0.5818127369334415,0.0,0.27762167072951555,0.11212866808352366,0.3064824037875906,0.058418675196664244,0.08305623197118475,0.0,0.20848621429982817,0.38071155268631485,0.12684658788430442,0.20234257337554257,0.3581569949814512,0.0,0.0,0.0,0.27461385182604287,0.28345548034530754,0.14259699456015945,0.42918090018594524,0.13228434506327894,0.0,0.0,0.0,0.0,0.04279493341984847,0.16471456227283388,0.0,0.025235076907235934,0.0,0.1389299588122618,0.0,0.0,0.0,0.0,0.0,0.0,0.4642130029200395,0.1102033465088903,0.5868408727382054,0.2606419273542761,0.40928747707121876,0.13528300829027687,0.9061710442452355,0.0,0.45546192476361186,0.0,0.19992880736337298,0.05205084635241944,0.21951644754268476,0.0,0.0,0.0,0.31159445505507594,0.3256534157182603,0.10755497303045848,0.3465096615044354,0.31140855395503314,0.0,0.0,0.0,0.3109445063846097,0.24203859245232093,0.35551564337166863,0.20252248396973216,0.027768160080910674
0.5011568284323301,0.42232487338556707,0.0,0.2460515129252128,0.08201687122997808,0.03190571119577569,0.38150204330060616,0.06935869272244292,0.04602122397678685,0.0,0.0,0.1673816456613519,0.27283963270475237,0.0,0.2739985042698147,0.45841062157336354,0.5649469759113491,0.5388654624794297,0.0,0.0,0.4321385170028269,0.44426393525480073,0.0,0.25155002056261944,0.5959386719114279,0.41480867849549286,0.0,0.3620926796812251,0.0,0.05919318169720022,0.35180761197153054,0.0,0.06602948816366179,0.0,0.0,0.1334126037251007,0.03017197680217179,0.08883911978333615,0.0,0.034308105319964505,0.087974371455163,0.0,0.07636498181092471,0.11221944269267238,0.0,0.07399836976235658,0.0,0.04718022625060685,0.2098601388739272,0.0426795431573706,0.1784436330585186,0.25481339196899244,0.12474898461128107,0.0,0.5280118271838982,0.11205908242957993,0.14159821695854255,0.14076152267450243,0.0,0.2748234002747148,0.15487483130656263,0.3394077932180778,0.3089659895215963,0.0,0.2814162285339043,0.3618368698711021,0.2577353604046572,0.23048581022232517,0.17054212759179563,0.03261405617851517,0.0,0.39411060312008867,0.16063599093515302,0.44582827573542677,0.13239506977019352,0.17996139432151076
0.0,0.06625853443516656,0.5842230284902632,0.0842274873832373,0.48647981287383785,0.3028505268942831,0.3430161416752522,0.45355086360483415,0.5818127369334415,0.0,0.0,0.0,0.2986656418598839,0.4365978994081863,0.29368105331785666,0.0,0.0,0.0,0.6586251421309416,0.14512267649789004,0.17088928783902754,0.13299356452391067,0.48551064482813616,0.0,0.0,0.0,0.13475742503960972,0.16238204876625115,0.0,0.41652296562392843,0.18144753318117854,0.0,0.0,0.07743873662470138,0.0,0.07899038699139783,0.1689236187681078,0.020453086698391354,0.0,0.0,0.0,0.0,0.0,0.0,0.0,0.0,0.0,0.662861342471859,0.035888158511579726,0.4986130370547799,0.19648544645463092,0.22903733563752024,0.36043740095018534,0.48935414419314116,0.0,0.7970433512566745,0.022961722953584368,0.0,0.23917939368666,0.1937363976868181,0.0,0.0,0.0,0.7015070255814848,0.09986250713510886,0.05144723121315848,0.0,0.3498487031100684,0.0,0.0,0.0,0.17571012508564554,0.0,0.0,0.0,0.0
0.11771199756227814,0.1546838343113427,0.0753129211135658,0.1714911026709996,0.0,0.21031846785375424,0.0,0.43780350790844497,0.0,0.1673816456613519,0.0,0.0,0.21040028834537533,0.0,0.0,0.15961384198380646,0.3878613596420577,0.2739249781473412,0.09529889179055992,0.1712202457584141,0.0,0.0,0.16314950533318348,0.6347491811908254,0.057885956911892904,0.5742586045821865,0.0,0.2860983039272147,0.0,0.14338000593620634,0.07273112814519432,0.11409005699626446,0.3264998340045694,0.10243579585850923,0.08690601381327258,0.4770807840776442,0.4564343254439378,0.17737342560975403,0.153122677798278,0.4133143015706741,0.030141695898690903,0.05384076808673185,0.4407136064879342,0.31196121763116297,0.2944893569544645,0.10092859574798527,0.0,0.0,0.2304366270027039,0.0,0.0,0.0,0.050150152426473665,0.0,0.03920796874550457,0.03359749435403858,0.7868190033981758,0.29084421788395914,0.0,0.0,0.0,0.5314423540721861,0.032006747263802725,0.09696913072467052,0.25364045938512797,0.0,0.019717402722502584,0.0,0.5160512289525647,0.0,0.219724031131537,0.0,0.439205555299703,0.0,0.2893374701135505,0.2661080116191502
0.5728720184884527,0.8271159657423679,0.02758769348743094,0.24373785318427169,0.5702077127640347,0.0,0.7366736245857595,0.7082324465799729,0.27762167072951555,0.27283963270475237,0.2986656418598839,0.21040028834537533,0.0,0.16997447453271877,0.6284804944188581,0.5965276967624935,0.6458924173538735,0.49615650229050356,0.0,0.0,0.6841290826944425,0.6318972283159076,0.19291331793538685,0.0,0.5955091598312514,0.3098247331282608,0.0,0.8229550984139535,0.0,0.21984739590043445,0.3046858714633886,0.0,0.0,0.0,0.0,0.0,0.0,0.1615849247666898,0.0,0.0,0.2131422605209792,0.0,0.0,0.0,0.0,0.0,0.0,0.2608408384448042,0.35706092704704206,0.2008704293857084,0.6622200834355473,0.12071167109323004,0.7686408063246707,0.45479233712955364,0.0,0.6774264350799629,0.14842734375661876,0.3030197210231879,0.28983307293251326,0.8062651402422089,0.0,0.2664781650080334,0.0,0.12742809479834868,0.5563321059465448,0.8022659665036435,0.0,0.755022730972205,0.0,0.0,0.0,0.7543251158422516,0.0,0.471101892865059,0.0,0.0
0.0,0.0,0.16971533576042752,0.0,0.48598836387804084,0.09893870674137546,0.2142383989689029,0.30978423886184736,0.11212866808352366,0.0,0.4365978994081863,0.0,0.16997447453271877,0.0,0.08359237575507653,0.0,0.0,0.0,0.37501151685272616,0.0,0.06140578870648196,0.0,0.17550013663434355,0.0,0.0,0.0,0.0,0.0,0.0,0.1346083461639869,0.0,0.0,0.0,0.11556717986451784,0.0,0.0,0.0,0.1983060606607298,0.0,0.0,0.0,0.0,0.0,0.0,0.0,0.0,0.0,0.26803178841934194,0.07299727258892244,0.4028401101064767,0.275554796198246,0.1839050350148827,0.3657176790214616,0.1698808234738897,0.0,0.4976126823986946,0.07991727553689214,0.07222438401273058,0.38228323585628515,0.1826997815532478,0.0,0.0,0.0,0.3538923714335696,0.0,0.036734224264958676,0.0,0.30500433450097214,0.0,0.0,0.0,0.09863491650506365,0.0,0.0,0.0,0.0
0.5372462564451157,0.6711996326203867,0.0,0.2166149567738538,0.4749860443801073,0.0,0.46607069883941105,0.4743293970001411,0.3064824037875906,0.2739985042698147,0.29368105331785666,0.0,0.6284804944188581,0.08359237575507653,0.0,0.5352589103234024,0.4711446798705014,0.2595173555462341,0.0,0.17064659714814925,0.6696684482628279,0.7318583055794913,0.10517274976203753,0.0,0.5077947706841004,0.1479188307273328,0.0,0.6387455362208274,0.0,0.14682928554451338,0.40322002555914754,0.0,0.0,0.0,0.0,0.0,0.0,0.10774927952236997,0.0,0.0,0.20031233238902407,0.0,0.0,0.0,0.0,0.0,0.0,0.1589302309509911,0.13718968285739525,0.1807201879722716,0.37678846733162386,0.09143771779168099,0.5302189799438946,0.392501326769477,0.0,0.495228920367382,0.0,0.0,0.1361914473436744,0.8315753152876095,0.0,0.0,0.0,0.05311374926476322,0.6476115895997787,0.6754038420816579,0.3112077086969189,0.70069719544083,0.0,0.0,0.0,0.7634962451276849,0.0,0.5918961254347228,0.0,0.0
0.7996428103015536,0.8415519695088612,0.0,0.2238898580070254,0.013402184226411226,0.0,0.3197549064012738,0.3715926974747961,0.058418675196664244,0.45841062157336354,0.0,0.15961384198380646,0.5965276967624935,0.0,0.5352589103234024,0.0,0.740712478994538,0.7893418453317637,0.0,0.0,0.5329931955555302,0.8624052620951197,0.0,0.0,0.7834511699348351,0.5503277398129149,0.0,0.6893656784812545,0.0,0.1359042471129859,0.5297998349024083,0.0,0.13147451964318155,0.0,0.0,0.0,0.0,0.10767157569974092,0.0,0.0,0.17220042164463725,0.0,0.004323840459817408,0.0,0.0,0.0,0.0,0.0,0.058287881548144564,0.0,0.1907627164468679,0.0,0.42311680091681503,0.11271513003183282,0.0,0.2585976277803176,0.0,0.0,0.11489067940864518,0.6767415444055388,0.0,0.36787405054489797,0.25748679809910924,0.02262167314974526,0.661396456934218,0.6120489039980561,0.3629529148963404,0.45866366392885527,0.0,0.0,0.0,0.7197112026486515,0.04117304582642042,0.5359432405798327,0.0,0.0
0.6446974919190095,0.7402146063268711,0.0,0.3404523166305468,0.21154371976087363,0.0,0.3909015551957086,0.3967740979144387,0.08305623197118475,0.5649469759113491,0.0,0.3878613596420577,0.6458924173538735,0.0,0.4711446798705014,0.740712478994538,0.0,0.6781422984909018,0.0,0.0,0.44960629109692746,0.694094257150652,0.0,0.10085154466714089,0.6720621627956859,0.5423044765153442,0.0,0.765596395772996,0.0,0.05523953053746903,0.39717378933255804,0.0,0.04105774438012713,0.0,0.0,0.0,0.05036655952847777,0.18401421499730636,0.0,0.0,0.16151802022595518,0.0,0.0,0.0,0.0,0.0,0.0,0.0,0.25938675758533825,0.0,0.24717070428398177,0.0,0.3929645658666923,0.1730648741300278,0.0,0.2984340164290831,0.21950749256875526,0.06774686733228077,0.15374312213000224,0.5673843677082671,0.0,0.48027039028082036,0.19779031677722494,0.0,0.5835110254895993,0.5427389165261636,0.19277011560716226,0.42478410890469137,0.0,0.0,0.0,0.6500057746901363,0.10033239696670432,0.4116944736980972,0.0,0.0
0.772132153546811,0.7423177975898932,0.0,0.05446719642057322,0.0,0.0,0.3149051369269262,0.13448152292811824,0.0,0.5388654624794297,0.0,0.2739249781473412,0.49615650229050356,0.0,0.2595173555462341,0.7893418453317637,0.6781422984909018,0.0,0.0,0.0,0.44064115357134664,0.6674126212663672,0.0,0.34003079086215743,0.8385374954967317,0.7956574111894539,0.0,0.5290833634353216,0.0,0.0,0.2793136488930918,0.0,0.3690734555981492,0.0,0.11537135618935075,0.0,0.0,0.1666367309263537,0.0,0.17330199659557813,0.3319330523327289,0.0,0.05920540002012276,0.0,0.0,0.0,0.0,0.0,0.1744111277048002,0.0,0.27413636525035345,0.0,0.23269037960994224,0.06685891957655184,0.092642715955419,0.05132056328303528,0.2182642733018082,0.08854766767728355,0.01204159070271077,0.461194147910333,0.13453127254149622,0.47143042596419715,0.5724446917223694,0.0,0.5414141621146894,0.5083596067595868,0.34667827781676547,0.24883057103064138,0.2540710357769481,0.0,0.0,0.5073071698531774,0.14471885231580223,0.42505640122067645,0.020691376769679,0.1448685123527759
0.0,0.0,0.7915661652776665,0.0,0.0,0.49108654982954936,0.058949672892454064,0.27376100044891205,0.20848621429982817,0.0,0.6586251421309416,0.09529889179055992,0.0,0.37501151685272616,0.0,0.0,0.0,0.0,0.0,0.1838277306279896,0.0,0.0,0.45542851851693883,0.06372838414159678,0.0,0.0,0.22322644680436737,0.0,0.17566570174460014,0.3076637809996118,0.07642461781370642,0.2461490691911623,0.07363668991237221,0.34880135837555115,0.13567662709225853,0.42272014357259974,0.21874803499565054,0.10819073656541225,0.16225065531765936,0.2123605432628099,0.01196888401757593,0.1508490456718693,0.3214821509087806,0.19250710472870278,0.1317204702771523,0.01843787604678655,0.28405234441124516,0.6289617509760504,0.07351244408075909,0.2759295273508584,0.03362431942030045,0.1179391741597513,0.1432727814762375,0.04869436588348315,0.09037679432213855,0.37336760995142265,0.23200165803141498,0.11525417993699215,0.15989558753429006,0.0,0.0,0.0,0.0,0.8846129594811802,0.0,0.0,0.0,0.0,0.0,0.07678082806332279,0.08981178417355867,0.0,0.0,0.0,0.07187050923631579,0.0
0.0,0.0,0.24776244718777188,0.0,0.038067457268565474,0.19941261657460801,0.0,0.0,0.38071155268631485,0.0,0.14512267649789004,0.1712202457584141,0.0,0.0,0.17064659714814925,0.0,0.0,0.0,0.1838277306279896,0.0,0.0,0.23023166253151658,0.2157204560447316,0.144738333599633,0.0,0.0,0.5851838056102264,0.0,0.5383756950953937,0.5936354518028264,0.24486832076210197,0.46026588568435867,0.12536405226798922,0.1025351891770559,0.028227586150274524,0.28884905170187664,0.3316324590673158,0.020614724188364932,0.2810525441193797,0.2314347211482164,0.0,0.09792639946807125,0.3536596031568831,0.48861060219856284,0.29859002431524084,0.2685427696120979,0.3365676982896911,0.13016102687249725,0.049712013835639925,0.1774066295791921,0.0,0.19953029131427755,0.0,0.36278981492116147,0.30805420570485903,0.0,0.27446770195942405,0.30685519250979326,0.0,0.0,0.2314007620590094,0.08347553627269805,0.0,0.2353143835705095,0.3935151037880016,0.0,0.591923114672942,0.0,0.18134121372666276,0.2638061515288149,0.2885625374657771,0.0,0.5864438858252128,0.0,0.46482340469197647,0.36392680564786406
0.7232265291808373,0.7635991447433148,0.0,0.12287351605325818,0.3790038409593278,0.0,0.5719356169449556,0.4634333081116987,0.12684658788430442,0.4321385170028269,0.17088928783902754,0.0,0.6841290826944425,0.06140578870648196,0.6696684482628279,0.5329931955555302,0.44960629109692746,0.44064115357134664,0.0,0.0,0.0,0.6303173018156341,0.07796280324732183,0.0,0.7279944014412174,0.3196481905059498,0.0,0.6496426984668621,0.0,0.02947280620516485,0.3564612176825618,0.0,0.0,0.0,0.0,0.0,0.0,0.12764009203290966,0.0,0.0,0.09472310430362234,0.0,0.0,0.0,0.0,0.0,0.0,0.18166984379809303,0.1141696605642547,0.053406692135101894,0.5602924215998282,0.1787424051842961,0.7084502708980208,0.17145921326217148,0.0,0.4813548667502357,0.0,0.05670125286530175,0.12067375610542135,0.7856885546385735,0.0,0.05188112750927723,0.09888744157203885,0.0,0.4999700408166177,0.9082004859354073,0.09720864870697041,0.7767762927632653,0.0,0.0,0.0,0.7442664657886204,0.0,0.6711486815026998,0.0,0.0
0.7741152038905237,0.8697648478443433,0.0,0.18482189979649422,0.2511792332478856,0.0,0.5333710050592829,0.4002984277457813,0.20234257337554257,0.44426393525480073,0.13299356452391067,0.0,0.6318972283159076,0.0,0.7318583055794913,0.8624052620951197,0.694094257150652,0.6674126212663672,0.0,0.23023166253151658,0.6303173018156341,0.0,0.0,0.0,0.772858489221557,0.39573436473601775,0.0,0.7161104660046107,0.0,0.17714781363389684,0.45030658442809995,0.0,0.04823475391726602,0.0,0.0,0.0,0.0,0.21031480035565125,0.0,0.0,0.21412728522027139,0.0,0.0,0.0,0.0,0.0,0.0,0.0968245842304918,0.13491886475795087,0.0,0.3871762953507197,0.09488669961011569,0.5877619043256329,0.28747514090313414,0.0,0.4230527552838014,0.0,0.0,0.22281265083799964,0.8359379077276877,0.0,0.1904409678129803,0.11180417998104628,0.06817496408616328,0.8249160493053006,0.7228885177701938,0.494948841847053,0.6346404020740575,0.0,0.0,0.0,0.8367698331410318,0.0,0.6560582747779661,0.0,0.0
0.0,0.0,0.6720594490291439,0.05137623173389545,0.2446381969147056,0.6453317667286843,0.12573409413122538,0.46626760717429405,0.3581569949814512,0.0,0.48551064482813616,0.16314950533318348,0.19291331793538685,0.17550013663434355,0.10517274976203753,0.0,0.0,0.0,0.45542851851693883,0.2157204560447316,0.07796280324732183,0.0,0.0,0.152908939399273,0.0,0.0,0.2612850233401057,0.0,0.2123844082794219,0.29984591815086553,0.039911104966126994,0.18830625942493273,0.0,0.13563392876675118,0.0,0.3257496222237513,0.10291380065297567,0.0,0.14709970830245866,0.008696866881451522,0.0,0.05604965153116984,0.0,0.06461735002825107,0.041448956756449634,0.0,0.09537005693438691,0.68729585258488,0.05967608852997903,0.17592600693148133,0.2787081571362826,0.1015474204371183,0.22270167667999272,0.29947850070389,0.022033581880854334,0.20858838249921025,0.1608635178704234,0.22144814753109712,0.0,0.0,0.0,0.0,0.0,0.42281303090266503,0.0,0.0,0.0,0.38739719774958414,0.01686592624449609,0.0,0.048228427217713137,0.0,0.048831688461889206,0.0,0.09649847045296257,0.0
0.28003024952319966,0.0,0.19907264352069695,0.0,0.0,0.2940244076066026,0.0,0.0,0.0,0.25155002056261944,0.0,0.6347491811908254,0.0,0.0,0.0,0.0,0.10085154466714089,0.34003079086215743,0.06372838414159678,0.144738333599633,0.0,0.0,0.152908939399273,0.0,0.1730291886270274,0.7436949857307945,0.12020420298981721,0.0,0.3487059979168863,0.0,0.0,0.5052634287826104,0.5935618540101486,0.20748644250480783,0.2689134887041021,0.5574339044948402,0.26917659724008663,0.11815779976767761,0.58620090664037,0.625526088206364,0.1435964620000433,0.2829428351288536,0.3684750927705415,0.40426615311057595,0.5871542271442747,0.6390750619659435,0.3032243559269413,0.0,0.07576943386654843,0.0,0.0,0.0,0.0,0.0,0.3495559822123107,0.0,0.5753051805368896,0.2289327961231938,0.0,0.0,0.49036831020184457,0.3218827864201866,0.44022266329607224,0.0,0.013640099489610672,0.0,0.1528005765568984,0.0,0.9285195520167412,0.5100473692665579,0.6792609521852931,0.0,0.5025230054101701,0.0,0.42655779962649953,0.6222689767394027
0.9371359824841634,0.8922621421412702,0.0,0.10958423738235028,0.10626596022862349,0.0,0.4618348077691071,0.23412535935412995,0.0,0.5959386719114279,0.0,0.057885956911892904,0.5955091598312514,0.0,0.5077947706841004,0.7834511699348351,0.6720621627956859,0.8385374954967317,0.0,0.0,0.7279944014412174,0.772858489221557,0.0,0.1730291886270274,0.0,0.6854800448447537,0.0,0.6401432172440048,0.0,0.0,0.2693388003066738,0.0,0.18412092411342976,0.0,0.0,0.0,0.0,0.13097118325209203,0.0,0.0,0.2861021720627566,0.0,0.0,0.0,0.0,0.0,0.0,0.0,0.12765501488857234,0.0,0.49998619186256993,0.015500373251607353,0.47708393319136794,0.08738077086792821,0.0,0.22790421802733124,0.0,0.0,0.007353824652798359,0.7255737764637394,0.0,0.24740433751297544,0.40859376031213807,0.0,0.5968140644082316,0.8117200154329249,0.33139323005524984,0.5926947301277806,0.0701033097190215,0.0,0.0,0.7839527238926772,0.0,0.7303112705016372,0.0,0.0
0.7326958713806836,0.4813374041173787,0.0,0.04582816818750322,0.0,0.0,0.02419351462628255,0.17846407174092255,0.0,0.41480867849549286,0.0,0.5742586045821865,0.3098247331282608,0.0,0.1479188307273328,0.5503277398129149,0.5423044765153442,0.7956574111894539,0.0,0.0,0.3196481905059498,0.39573436473601775,0.0,0.7436949857307945,0.6854800448447537,0.0,0.0,0.36996018768349526,0.0,0.0,0.14057912342270545,0.10575874878648911,0.5375422844740945,0.022989210174223913,0.16796425224979983,0.21747502583761055,0.07341249456377538,0.1474663182563396,0.17649973190353163,0.40300481150846634,0.20123695829845986,0.0,0.2124431188116397,0.1663887668790105,0.24175001087332962,0.25640026909580516,0.0,0.0,0.10792964493701422,0.0,0.08753937405592405,0.0,0.06556396668426309,0.0,0.12544386458837134,0.0,0.4349146120086908,0.14615236359716022,0.0,0.24401332246542834,0.24223216599258346,0.467173373831084,0.4646389097589902,0.0,0.38522900531814863,0.362175064723419,0.295558788738828,0.03239730729240224,0.6203918767355954,0.08834783878012255,0.2863057388986812,0.17397604946145,0.3004000459096291,0.16880813579084153,0.2093184514105838,0.37571223819459937
0.0,0.0,0.3057680007965347,0.0,0.0,0.5459757978224687,0.0,0.0,0.27461385182604287,0.0,0.13475742503960972,0.0,0.0,0.0,0.0,0.0,0.0,0.0,0.22322644680436737,0.5851838056102264,0.0,0.0,0.2612850233401057,0.12020420298981721,0.0,0.0,0.0,0.0,0.9432437432897111,0.2552699201647068,0.0,0.731347746338437,0.0,0.26627762329748933,0.1143163450683812,0.28396562096100075,0.3106723415406443,0.0,0.6111902255983301,0.14015220833306277,0.0,0.5996291325999169,0.2305811676729919,0.523749809341974,0.4469730483879953,0.590595492287679,0.7813590511244533,0.10386701796054713,0.0,0.22134341075795091,0.0,0.2932455252542074,0.0,0.17969827900830299,0.5638321239516297,0.0,0.0,0.08379129848455043,0.0,0.0,0.5316832359953209,0.0,0.0064015652995326,0.17827355126747393,0.0,0.0,0.2861426195853748,0.0,0.1734229908265995,0.6893213254599326,0.5930679786262152,0.0,0.3712696062100278,0.0,0.40043286174511106,0.5190644665313487
0.61954280437749,0.7630316755976254,0.0,0.32542159373460194,0.5400215015715919,0.0,0.5120939468030581,0.5161122878538292,0.28345548034530754,0.3620926796812251,0.16238204876625115,0.2860983039272147,0.8229550984139535,0.0,0.6387455362208274,0.6893656784812545,0.765596395772996,0.5290833634353216,0.0,0.0,0.6496426984668621,0.7161104660046107,0.0,0.0,0.6401432172440048,0.36996018768349526,0.0,0.0,0.0,0.21638998448415844,0.521089144432995,0.0,0.0,0.0,0.0,0.0,0.1195097169472157,0.19006121872440665,0.0,0.0,0.11298991009587003,0.0,0.0,0.0,0.0,0.0,0.0,0.010911419724441675,0.31263907365108357,0.19223074358486325,0.4386889809350025,0.06984135889153394,0.5787786245288724,0.39979559083479244,0.0,0.5898082932172889,0.22084293700369886,0.2477457598766185,0.21331121632951255,0.770059589604254,0.0,0.4607956059988191,0.1305139551303541,0.0,0.7438376324107369,0.7203971936137953,0.2132120530411852,0.6042335753730423,0.0,0.0,0.0,0.7564237743751703,0.25261481398139446,0.5783515138726409,0.0,0.0
0.0,0.0,0.27724142414628616,0.0,0.0,0.5702777250975282,0.0,0.0,0.14259699456015945,0.0,0.0,0.0,0.0,0.0,0.0,0.0,0.0,0.0,0.17566570174460014,0.5383756950953937,0.0,0.0,0.2123844082794219,0.3487059979168863,0.0,0.0,0.9432437432897111,0.0,0.0,0.19254188303826228,0.0,0.7898783501888841,0.12339722182610105,0.3570653314208345,0.21941342656594523,0.3642016844436591,0.288871709627683,0.0,0.6559701120472553,0.28120981204099965,0.0,0.5006422201671128,0.30957675927509404,0.593179821196214,0.5863610352968355,0.8159405640873595,0.8578690596737968,0.0,0.0,0.027496389842598445,0.0,0.21115782547532622,0.0,0.0,0.6648583295215083,0.0,0.027824016065944347,0.1977119664658484,0.0,0.0,0.731059706357557,0.0,0.18173046255394593,0.10311627516670577,0.0,0.0,0.2650617960766279,0.0,0.3938758088212312,0.8581798281033475,0.7985567598430828,0.0,0.5008719381652048,0.0,0.5147794037919509,0.6897522215130588
0.0,0.0,0.28698544683283184,0.018580438791975674,0.32269499616152425,0.22967418278461926,0.2107218361903172,0.2684193736505071,0.42918090018594524,0.05919318169720022,0.41652296562392843,0.14338000593620634,0.21984739590043445,0.1346083461639869,0.14682928554451338,0.1359042471129859,0.05523953053746903,0.0,0.3076637809996118,0.5936354518028264,0.02947280620516485,0.17714781363389684,0.29984591815086553,0.0,0.0,0.0,0.2552699201647068,0.21638998448415844,0.19254188303826228,0.0,0.47929920184863917,0.0,0.0,0.08273509472903884,0.0,0.18173521255277764,0.21614853156821293,0.0797088877786012,0.0,0.026950219426340825,0.0,0.0,0.26191789908698115,0.13542981538276316,0.038313818099082804,0.0,0.053334480342788954,0.2722262550257785,0.0946139234457766,0.38176136977337805,0.12951385627115614,0.3028352066928077,0.18677897549977976,0.4216871129985837,0.17715869890490835,0.35718516091429675,0.18040237362369038,0.3240776533175691,0.051928224686912834,0.03964167055714077,0.0,0.12069200873690494,0.0,0.34787982580810106,0.2737365696967214,0.0,0.19097952479284486,0.08643434263133268,0.0,0.0,0.0,0.060178689946306346,0.3467615913469146,0.0,0.26227664869393336,0.0
0.41493142119115695,0.33463792899001354,0.06510335738841615,0.18960657913055987,0.16707793836450158,0.0,0.07225065145908285,0.25576439383983035,0.13228434506327894,0.35180761197153054,0.18144753318117854,0.07273112814519432,0.3046858714633886,0.0,0.40322002555914754,0.5297998349024083,0.39717378933255804,0.2793136488930918,0.07642461781370642,0.24486832076210197,0.3564612176825618,0.45030658442809995,0.039911104966126994,0.0,0.2693388003066738,0.14057912342270545,0.0,0.521089144432995,0.0,0.47929920184863917,0.0,0.0,0.0,0.010326024505667943,0.0,0.03753296029736574,0.24664379535888,0.09353526863813919,0.0,0.09326239269118822,0.0,0.0,0.1621990992376685,0.0,0.0,0.0,0.0,0.0,0.16311062341868662,0.09821108086691341,0.0,0.07120783065186279,0.20869679580618192,0.09337919286475103,0.17787823016685564,0.26805979495493487,0.03550038918547299,0.13260434828098672,0.06780994979146074,0.30511017785742867,0.0331193640022845,0.3125424972344972,0.17004218641305746,0.024459299893147612,0.35784298891201044,0.3137734400501096,0.26692363998985674,0.21335379762829085,0.0,0.0,0.0,0.3045491219477062,0.3713070593313786,0.294369626137552,0.10942139003044868,0.19810011390948856
0.0,0.0,0.3423668258888267,0.0,0.0,0.4763686703366127,0.0,0.0,0.0,0.0,0.0,0.11409005699626446,0.0,0.0,0.0,0.0,0.0,0.0,0.2461490691911623,0.46026588568435867,0.0,0.0,0.18830625942493273,0.5052634287826104,0.0,0.10575874878648911,0.731347746338437,0.0,0.7898783501888841,0.0,0.0,0.0,0.4245226734206037,0.30279623008958706,0.37803222148110593,0.456523439415665,0.21666948387148438,0.0,0.8074030317525653,0.48327436829981446,0.08561437044338592,0.47352321465278485,0.3402315986756496,0.5637133839640692,0.6460184228558882,0.6954914068945376,0.7928634469436748,0.0,0.0,0.0,0.0,0.0,0.0,0.0,0.486138205531703,0.0,0.19764335015355286,0.12288490128385236,0.0,0.0,0.649564856567969,0.03131109758455696,0.2792544167689767,0.1625892363157554,0.0,0.0,0.286434246938264,0.0,0.5253551921780466,0.7408868271603296,0.7746845946205578,0.0,0.35740781932234966,0.0,0.4010478878430636,0.6194865485419249
0.32559238991618616,0.08547894442254125,0.17874513873612824,0.0,0.0,0.0,0.0,0.0,0.0,0.06602948816366179,0.0,0.3264998340045694,0.0,0.0,0.0,0.13147451964318155,0.04105774438012713,0.3690734555981492,0.07363668991237221,0.12536405226798922,0.0,0.04823475391726602,0.0,0.5935618540101486,0.18412092411342976,0.5375422844740945,0.0,0.0,0.12339722182610105,0.0,0.0,0.4245226734206037,0.0,0.2558799328337847,0.37191783569663117,0.3426403684700244,0.09642078730390646,0.14818210355957767,0.48962237881166365,0.7425852706278465,0.2812273648971957,0.13510840447901357,0.20196279204607562,0.222080579288641,0.423275033752019,0.4034955931063424,0.11785120160376392,0.0,0.1267942251576879,0.0,0.0,0.0,0.0,0.0,0.10020620329488138,0.0,0.28848671319866953,0.022395021680184125,0.0,0.0,0.32276938369909636,0.061026515413826476,0.3496155730621841,0.06782688909312821,0.12780700932762062,0.0,0.23891136787426281,0.0,0.5868432421641331,0.32542515797457444,0.39345714542262344,0.0,0.2629564785403521,0.0,0.23758916557057008,0.34140827046328165
0.0,0.0,0.27104594013212713,0.0,0.0,0.4430165362946059,0.0,0.0,0.0,0.0,0.07743873662470138,0.10243579585850923,0.0,0.11556717986451784,0.0,0.0,0.0,0.0,0.34880135837555115,0.1025351891770559,0.0,0.0,0.13563392876675118,0.20748644250480783,0.0,0.022989210174223913,0.26627762329748933,0.0,0.3570653314208345,0.08273509472903884,0.010326024505667943,0.30279623008958706,0.2558799328337847,0.0,0.22271518682003463,0.3354669566676494,0.2502389218170086,0.05530057285482988,0.3222881897401211,0.3945329790213882,0.32869787816552637,0.19769794694439466,0.14701214126646303,0.19948125815351003,0.24134017906153318,0.3186533861872946,0.36088547372641455,0.11561196281307595,0.17078836394203828,0.09704272828614117,0.0,0.10309447437007643,0.0,0.0,0.15576809288700935,0.0,0.1236578226284418,0.21527566526149605,0.034980964823653274,0.0,0.2210193957989773,0.0,0.0,0.29417138333202675,0.0,0.0,0.0,0.0,0.22868296088386741,0.2870883353477951,0.36141114721028694,0.0,0.12070461131030201,0.0,0.20787172028578263,0.26991623326384173
0.0,0.0,0.17196661810724656,0.0,0.0,0.1063680611178473,0.0,0.0,0.0,0.0,0.0,0.08690601381327258,0.0,0.0,0.0,0.0,0.0,0.11537135618935075,0.13567662709225853,0.028227586150274524,0.0,0.0,0.0,0.2689134887041021,0.0,0.16796425224979983,0.1143163450683812,0.0,0.21941342656594523,0.0,0.0,0.37803222148110593,0.37191783569663117,0.22271518682003463,0.0,0.14814427797788968,0.16871197053567166,0.0437755976332893,0.3341459964809545,0.3014871000996709,0.16096645703288817,0.12360655989537916,0.25738294735216266,0.22334647198408472,0.37428656313097797,0.2940472233944314,0.33155680336220417,0.0,0.1291196293472114,0.0,0.0,0.0,0.0,0.0,0.07415022755090517,0.0,0.1069268540524196,0.058393436241532516,0.0,0.0,0.2661780216954384,0.004113700991639496,0.21332463049447484,0.10193520219195291,0.0,0.0,0.020387016859717846,0.0,0.3281808109201157,0.3636115758377616,0.3896130418287968,0.0,0.2305480525456809,0.0,0.1814232875865111,0.29557827155699334
0.0,0.0,0.40790632196555326,0.059266100352674135,0.0,0.575491927756135,0.0,0.09846288221319453,0.04279493341984847,0.1334126037251007,0.07899038699139783,0.4770807840776442,0.0,0.0,0.0,0.0,0.0,0.0,0.42272014357259974,0.28884905170187664,0.0,0.0,0.3257496222237513,0.5574339044948402,0.0,0.21747502583761055,0.28396562096100075,0.0,0.3642016844436591,0.18173521255277764,0.03753296029736574,0.456523439415665,0.3426403684700244,0.3354669566676494,0.14814427797788968,0.0,0.33810277233995645,0.18850638209534742,0.42861057245638484,0.46933121438302033,0.0,0.28697829210929715,0.45443526372090876,0.4425971877658798,0.4825151089913379,0.408421893806805,0.4974880584270296,0.18686048529898358,0.1733205217106491,0.024403738293482472,0.0,0.0,0.0,0.0,0.276606445985188,0.0,0.6274517260797842,0.32055701426431726,0.0,0.0,0.17603226457052326,0.23107905473638923,0.06535383829728611,0.2620558471060436,0.0,0.0,0.0,0.0,0.5645196640931281,0.40968482759302893,0.5519396299898363,0.0,0.3352718936569937,0.0,0.2527811581002295,0.27001913796092203
0.0,0.0,0.12458880582514532,0.10913474305938335,0.024838210096553962,0.20638142740333099,0.0,0.07703148807720045,0.16471456227283388,0.03017197680217179,0.1689236187681078,0.4564343254439378,0.0,0.0,0.0,0.0,0.05036655952847777,0.0,0.21874803499565054,0.3316324590673158,0.0,0.0,0.10291380065297567,0.26917659724008663,0.0,0.07341249456377538,0.3106723415406443,0.1195097169472157,0.288871709627683,0.21614853156821293,0.24664379535888,0.21666948387148438,0.09642078730390646,0.2502389218170086,0.16871197053567166,0.33810277233995645,0.0,0.03731776887429164,0.2064129459932121,0.34905492133404586,0.0,0.14482629618686016,0.4093808795314565,0.33250203931431976,0.3593724450565746,0.2239747580205993,0.22878172913173767,0.0,0.2799415238172497,0.1382117681692681,0.0,0.0,0.0,0.06379555656290739,0.10897207978141304,0.061098941242417326,0.4506952196908099,0.23770081718067343,0.04335937260774766,0.0,0.1665892504203593,0.3185293565067524,0.0,0.15541304406835194,0.0,0.0,0.021437084427434014,0.0,0.3037018420051362,0.10411669981008166,0.2735549636175805,0.0,0.5577070197483678,0.0,0.2614135444674117,0.45750299926588894
0.14562785478179172,0.2669044864173314,0.0,0.0,0.14026021246700657,0.0,0.12837795505571287,0.21153268532849837,0.0,0.08883911978333615,0.020453086698391354,0.17737342560975403,0.1615849247666898,0.1983060606607298,0.10774927952236997,0.10767157569974092,0.18401421499730636,0.1666367309263537,0.10819073656541225,0.020614724188364932,0.12764009203290966,0.21031480035565125,0.0,0.11815779976767761,0.13097118325209203,0.1474663182563396,0.0,0.19006121872440665,0.0,0.0797088877786012,0.09353526863813919,0.0,0.14818210355957767,0.05530057285482988,0.0437755976332893,0.18850638209534742,0.03731776887429164,0.0,0.0,0.1403470141790628,0.018488954269868258,0.0,0.1935035141823729,0.10719369734984413,0.14222716926163972,0.0,0.0,0.0,0.2793670656249057,0.009694821927971225,0.167660562715879,0.02348569667250423,0.25345056081866835,0.0,0.0,0.1536000836367574,0.3222511114709324,0.12470334489758696,0.06844224706058895,0.20933290901734267,0.0,0.07824374492845199,0.0,0.019529120890638036,0.19692810999422264,0.1894155739381132,0.0,0.20166824586211599,0.12453229709369625,0.0,0.0,0.149740349654988,0.04271225505337338,0.0,0.0,0.0
0.0,0.0,0.26867935155241224,0.0,0.0,0.4533912008002063,0.0,0.0,0.025235076907235934,0.0,0.0,0.153122677798278,0.0,0.0,0.0,0.0,0.0,0.0,0.16225065531765936,0.2810525441193797,0.0,0.0,0.14709970830245866,0.58620090664037,0.0,0.17649973190353163,0.6111902255983301,0.0,0.6559701120472553,0.0,0.0,0.8074030317525653,0.48962237881166365,0.3222881897401211,0.3341459964809545,0.42861057245638484,0.2064129459932121,0.0,0.0,0.5315242450546229,0.21273098839835936,0.44029671197833836,0.17141683674089997,0.40348562351428907,0.6235898341208043,0.6282757271120987,0.6573795172409307,0.026462091260277303,0.0,0.0,0.0,0.06221445087029402,0.0,0.04287833610789628,0.37494446853694297,0.0,0.2325148726476326,0.20720019933348277,0.0,0.0,0.5714884738124991,0.018169825447211883,0.33821858058493925,0.1042902256294888,0.0,0.0,0.16708797675401976,0.0,0.6183318038317825,0.6844601136939508,0.720372048091554,0.0,0.31122756482629893,0.0,0.4302747901600861,0.550762385920117
