0.0,0.0,0.4681310929049403,0.0,0.0,0.3523154834170641,0.4073884112580523,0.2795514469063581,0.4905426929200007,0.23949376044569579,0.5214399619811735,0.24045886223814955,0.6001749087771332,0.0,0.6320422289735617,0.5350433451069455,0.2042849241131385,0.2596262157022454,0.36760840149928276,0.7254527870268629,0.838336589620608,0.8108934927698739,0.47519845273520867,0.5643625839971187,0.15090823825292712,0.1872657755701184,0.48469535386715085,0.3529674959015374,0.5499005957616794,0.7724790563607546,0.5666114451737713,0.11922751675374813,0.6375936518574651,0.0,0.0,0.0,0.0,0.17739791006661138,0.08316600376730678,0.6188995966173824,0.5166667911293912,0.16653134757452773,0.0,0.0,0.23510123513408346,0.907329397547323,0.08485745995352872,0.22528782140889714,0.007698973746393175,0.0,0.0,0.17138141812595178,0.029506321389676068,0.2850022323141603,0.5780256733492082,0.08876868464580505,0.2954114728136902,0.0,0.0,0.42452390741317864,0.43892245338468217,0.5128848495473521,0.30529598428135,0.31758787564854274,0.31642690481477803,0.7434358121519412,0.5593745095945051,0.17913082625336352,0.505325998581959,0.4079600394472681,0.22368206776179758,0.11611529223384896,0.25437196344499263,0.0,0.0,0.31424839149990097
0.0,0.0,0.2646554636222995,0.16200904666357713,0.7041638174339032,0.6714065063145623,0.11793963063970704,0.5730456992499331,0.34292761828541113,0.6532978343041371,0.16720672743679973,0.728106501030894,0.4347264362698389,0.39672859214547995,0.4223214504657109,0.5861378491112543,0.7807923349811683,0.7908477506988197,0.18820220710183913,0.3548100928924011,0.12143357203010392,0.34006001200771174,0.5015988038195994,0.4480118336540865,0.8755084066044861,0.8247695861843649,0.4779051559196266,0.5245398504278908,0.5097976121739447,0.10839546189860233,0.18644770109096676,0.0,0.0,0.0,0.0,0.31812529729232397,0.2341524781234286,0.0,0.0,0.0,0.0,0.0,0.3232061588212637,0.28743797583877306,0.04014530314547744,0.0,0.8041753869777087,0.4615460137417937,0.0,0.5511881973630253,0.7594019297451069,0.23056887534200057,0.5798890163040146,0.4946539662257918,0.46189444115567574,0.3768746656904999,0.7063458257277041,0.7609844132456984,0.30688909421859517,0.4927315130082666,0.4648663968709817,0.5453968575995678,0.7269109013681228,0.32617140604285755,0.48380022386128996,0.2014594296343101,0.4030924376699396,0.6098178896695032,0.45248745678610575,0.6129614548369536,0.7391043365153099,0.5469353885143828,0.5450375751648892,0.3569012169750549,0.28040894239855957,0.09042760006525642
0.4681310929049403,0.2646554636222995,0.0,0.0,0.41507866109651276,0.6868013542604116,0.397973547606471,0.7190146294257792,0.6919171575706222,0.4379553214969888,0.8618939195793388,0.4723817528196936,0.61523163439322,0.0979854824910762,0.6428966485596787,0.3814035617084261,0.4500623687530461,0.4156655740095142,0.6987542198897287,0.6464970153225442,0.5191850758305472,0.5732216293878495,0.8708223104518258,0.4736494710806023,0.3264716180579872,0.427377509377086,0.7892580836531456,0.3480247078062347,0.5405112773335321,0.422644876732814,0.14888766039670187,0.0,0.3141474363959808,0.0,0.0,0.0,0.0,0.06686811775501666,0.0,0.37001196904337086,0.10025374458061866,0.0,0.0,0.0,0.2659208781815318,0.4593746747162558,0.33592716568710246,0.9133156530606595,0.0,0.4321656596519342,0.2392821318003576,0.40194785085820584,0.47029492495490505,0.6227156882185324,0.6239552997652986,0.7629658430692478,0.5138823489850178,0.1830912183081272,0.17243555238773853,0.5330188224954485,0.36599704535638083,0.5182491036157305,0.4656423555203941,0.7375194877462166,0.3806674652330191,0.5861363238914494,0.4887601839166325,0.691596527490859,0.42921350878025455,0.47105316452455986,0.3832933156974821,0.6397338641995244,0.25918962944140567,0.0,0.0,0.06827455653797171
0.0,0.16200904666357713,0.0,0.0,0.25231458435926196,0.0,0.0,0.0,0.0,0.03379863857163482,0.0,0.0,0.0,0.5550943685697429,0.0,0.0,0.008042407503594202,0.0,0.0,0.0,0.0,0.0,0.0,0.0,0.06737934467077582,0.16382159775749727,0.0,0.059547423322959175,0.0,0.0,0.0,0.016641531799435567,0.0,0.27921229261626507,0.4294264195227433,0.5586203820692912,0.6849245353888472,0.0,0.1446984368077443,0.0,0.0,0.0,0.5723918836527884,0.4572036362062046,0.0,0.0,0.04575003641084083,0.0,0.0,0.06831912825942253,0.3160466788570458,0.0,0.14527865613431662,0.0,0.0,0.07683448076939899,0.0,0.1830275692112339,0.31871782019427375,0.0,0.0,0.0,0.0,0.0,0.026292964048350995,0.0,0.0,0.0,0.0,0.0,0.1119025274888092,0.0,0.09728745960646382,0.41062317300972717,0.4869471643595963,0.09919643190571542
0.0,0.7041638174339032,0.41507866109651276,0.25231458435926196,0.0,0.6434327932924677,0.29001901653393525,0.622890064919236,0.6072612097366665,0.6323742799599087,0.42425465423491765,0.6378121664797135,0.3369846749541485,0.6593436033233422,0.37974651560725003,0.23043144916489489,0.6163369023446811,0.44687743335326247,0.26403233764378214,0.34379127462572195,0.02172107470388596,0.1946284112108486,0.5740390563637674,0.38342060220385255,0.651733041810453,0.6566472348023498,0.5726726529775904,0.46163594373039885,0.25054206302723175,0.0,0.05514768984600538,0.0,0.0,0.0,0.0,0.3083846714868082,0.2345449132574342,0.028512881880769027,0.0,0.0,0.0,0.0,0.3995565910486177,0.2783622146243345,0.17026112125947437,0.0,0.6228850506381686,0.5841036313608075,0.0,0.7957902733475329,0.7946063802678809,0.3862764894554548,0.6841529281657641,0.751820666588742,0.402088181630694,0.644041595927903,0.6176224238427297,0.6113898335231073,0.5083026869269825,0.3410292823923431,0.28595845344906645,0.38344531689035266,0.47298932051585246,0.37286296711062367,0.48144693241193004,0.15566895049747795,0.35945102837461473,0.7481106571635324,0.31632653169544533,0.40426528506201354,0.5969188634894087,0.767519332739017,0.45643915382698086,0.27446446319198764,0.310090410135717,0.13234787220684624
0.3523154834170641,0.6714065063145623,0.6868013542604116,0.0,0.6434327932924677,0.0,0.5081486961690318,0.8461734932263582,0.8009585436574304,0.5144701987043193,0.7144947383094472,0.729268670465218,0.8324124059175434,0.16363304206485937,0.625310368796619,0.5613646625304722,0.6941088686033121,0.7341561737371111,0.47689079111142607,0.724402673083306,0.5036642030594253,0.6463203640857158,0.9240765893297118,0.5233825482223599,0.6705206265202188,0.6150396312330577,0.9145795420819975,0.48573641151529484,0.7237535744246734,0.4232862247657871,0.03177822432922554,0.0,0.24174350740825604,0.0,0.0,0.0,0.0,0.0,0.0,0.27864810503448695,0.0,0.0,0.0,0.0,0.12327475534566426,0.3881979623499049,0.5619955233858336,0.6923160142286156,0.0,0.6684787678645752,0.6464171350438123,0.5687722615810825,0.6394159555461885,0.7906118624652999,0.6464391293495293,0.6076729772876505,0.7891655644587823,0.4774834633781631,0.3632745220012934,0.5028969270849051,0.42100158951465455,0.5997186268354551,0.6664345988071296,0.5297723855989522,0.3951884100496545,0.5735130660192858,0.41134522336448803,0.8158514499369798,0.5095297493841457,0.6370075228000209,0.5135867685775608,0.7664427782011894,0.3378950677209883,0.0,0.0,0.0
0.4073884112580523,0.11793963063970704,0.397973547606471,0.0,0.29001901653393525,0.5081486961690318,0.0,0.2692254231331029,0.5471003614237671,0.40454634965026653,0.47021819596516423,0.2080961583707546,0.6634364267137096,0.0,0.25586613867187563,0.2226159802886432,0.2573921147500391,0.14715892625726804,0.27998648662665243,0.5238022900733523,0.49063947795016644,0.42029995468320036,0.42970201362337024,0.198406374717745,0.2667658268561291,0.0,0.531707673540764,0.2109869985216065,0.4094138170083934,0.284018354347329,0.004584295488176376,0.10573058968756709,0.4013011977984043,0.0,0.0,0.0,0.0,0.2515195704396222,0.016578753281239204,0.3706968170502788,0.3111939343112975,0.12634340826681975,0.0,0.0,0.209569608636029,0.4049078585462887,0.0766194505535104,0.20602675018167171,0.28111923485447826,0.17910950588105226,0.05845801674448203,0.5445381276575628,0.0,0.25128722453587476,0.5167496427302901,0.1335856279279796,0.2715870271043502,0.13554938861752142,0.0,0.0,0.182997000885327,0.33878011971416977,0.14751880093852573,0.14613672899962865,0.060288980460496806,0.3286282688370517,0.16569351342992975,0.25612210069050095,0.12201219372433368,0.3974784217239299,0.0,0.22711286009978765,0.07271888048960767,0.0,0.0,0.0
0.2795514469063581,0.5730456992499331,0.7190146294257792,0.0,0.622890064919236,0.8461734932263582,0.2692254231331029,0.0,0.6893570755237474,0.564599217073684,0.7327787127549121,0.7888585257962838,0.6177220974333659,0.35225664567080106,0.6139299435052891,0.4207946797360354,0.7124840592939846,0.6012430645452291,0.44937171277095367,0.6160479267061261,0.44338240464889034,0.5296114837176867,0.9091094008096045,0.6175928918840247,0.5514779073536912,0.6892962504876775,0.7694019935583271,0.4001322584432306,0.5567223467563998,0.38802926705873103,0.08573349773001729,0.0,0.18275039655038952,0.0,0.0,0.04315465137580377,0.0,0.0,0.0,0.22469092103495966,0.0,0.0,0.14747576557666925,0.0,0.17492222761390494,0.28895645354702865,0.4781051693764619,0.768691349064432,0.0,0.6088924280891381,0.5664018583532223,0.3294636605274188,0.8161044921080192,0.7734600016884916,0.6362244433264007,0.7658199721815508,0.8320381169708785,0.39613961277013543,0.48739966939225055,0.5531986278501365,0.30466286333396325,0.5355841094640651,0.5591963107085703,0.6100809145035097,0.45555309066777355,0.5498148095985588,0.45499300033589973,0.8537803255860568,0.5590262741032227,0.4965959968097231,0.5805223141327288,0.7042670239174722,0.3728516571525173,0.05685930290578888,0.04791294798879428,0.025379979589557258
0.4905426929200007,0.34292761828541113,0.6919171575706222,0.0,0.6072612097366665,0.8009585436574304,0.5471003614237671,0.6893570755237474,0.0,0.4115364815772441,0.8034027481469452,0.5485987785444767,0.6581340470026161,0.043670461794881404,0.515841530250551,0.29781412423837683,0.41841751758475504,0.3453313194410023,0.439351942076254,0.6429487408953702,0.4946517686601012,0.5702593858224092,0.7847562333800262,0.46761652342519217,0.38093199570993186,0.34224056436078365,0.9068364864302998,0.26596722321002186,0.3949995572248673,0.35368043654916154,0.03571399996966491,0.0,0.18001919221079551,0.0,0.0,0.0,0.0,0.09521191115836114,0.0,0.24441868088465216,0.026911869100400387,0.0,0.0,0.0,0.3545879953313362,0.44657507662621326,0.3446425841935332,0.6004866422669627,0.0,0.6604239989838638,0.4108742766216243,0.4966928170634433,0.47381932219708134,0.9223731524340318,0.5870722370158055,0.5736094390809293,0.6241189614109499,0.20718592365068034,0.22389346391966913,0.28359741622213736,0.2734149237667083,0.4401403074943956,0.3800673651631143,0.42624977234874933,0.25386068880568974,0.5204094828219005,0.35550225473926506,0.6642901607132349,0.373174656845914,0.4580256778941054,0.29440001818241585,0.7068996203097919,0.2034607450243906,0.0,0.0,0.0
0.23949376044569579,0.6532978343041371,0.4379553214969888,0.03379863857163482,0.6323742799599087,0.5144701987043193,0.40454634965026653,0.564599217073684,0.4115364815772441,0.0,0.3572345937639959,0.7191773211402815,0.4076606442615067,0.3391122413206657,0.5303142441103348,0.5311373510387247,0.8425490773043489,0.5788849688421847,0.2922490790019603,0.4655521080554459,0.3524198993378204,0.3872609656222239,0.5810242470180083,0.6873473268213367,0.7709587189641165,0.6712015786366123,0.4559923160277649,0.5369455850900485,0.41265660681142907,0.13395423233230125,0.3696871553749895,0.11025060030594387,0.08505315689509868,0.0,0.0,0.12494256802447272,0.199480075107629,0.2928343038993724,0.15572410207990123,0.14434251553265548,0.0,0.0,0.14057745220866566,0.30926003133679,0.24620876948343892,0.19904006013966438,0.636379531891862,0.5360425906354076,0.0,0.4468013619700009,0.515374326752875,0.2007869202441512,0.4921579345138867,0.4355146964056638,0.76125540500412,0.50442119808712,0.6763026312221215,0.5537787229848848,0.15350966083566384,0.46002765620104247,0.5410804470091866,0.683459264113647,0.6271399423444955,0.4206310921307427,0.6052985865582203,0.3418688864838452,0.6026198738383971,0.6156754011310545,0.5737587863979684,0.6683714997632811,0.643107113065419,0.49767787011638104,0.5722445005398271,0.3620944199915941,0.2842882125286675,0.41730376077297837
0.5214399619811735,0.16720672743679973,0.8618939195793388,0.0,0.42425465423491765,0.7144947383094472,0.47021819596516423,0.7327787127549121,0.8034027481469452,0.3572345937639959,0.0,0.4278716786826613,0.5816783754242897,0.10428808179156118,0.605026820285302,0.24320425640176915,0.3387392531551592,0.28270207834321576,0.6895283338159152,0.6630275478036571,0.5859487088933818,0.5694072071576837,0.8355213700179708,0.4234855615725575,0.25567377249089906,0.3099980591371728,0.8372465412744345,0.17464719852627889,0.5046509078053514,0.4377253446878751,0.021260301372521967,0.0,0.32626306380332976,0.0,0.0,0.0,0.0,0.005319278283331581,0.0,0.3320606074711498,0.0844472740287559,0.0,0.0,0.0,0.21543378095214816,0.5170130110005958,0.2820995743087409,0.720647253967429,0.0,0.46065424139242417,0.1873236327784692,0.3943675949445136,0.4538643178990834,0.7279073911702815,0.6022666198200081,0.7646318972817656,0.4832924706297043,0.01740517189610159,0.272219555467123,0.40198960849353593,0.329050750495089,0.394961441234879,0.33947296497695983,0.6569799245141005,0.31990914634752604,0.6260653369017908,0.42688727030550694,0.617948953866177,0.35598961439812077,0.46112383889531433,0.2731961506826406,0.6788568799231733,0.10565544953264759,0.0,0.0,0.0
0.24045886223814955,0.728106501030894,0.4723817528196936,0.0,0.6378121664797135,0.729268670465218,0.2080961583707546,0.7888585257962838,0.5485987785444767,0.7191773211402815,0.4278716786826613,0.0,0.5814828235752826,0.3560919770566643,0.6488054167245558,0.6882064103102205,0.8742599870099406,0.8310500992277682,0.3139339154902661,0.583326933794887,0.39665021437938586,0.5737550400048941,0.7017187513664475,0.7137195178576178,0.7624189250808041,0.7992021638354789,0.6179129613489304,0.6224268168873764,0.5734682225058585,0.3527956983803737,0.27406442152574934,0.0,0.07238325611301862,0.0,0.0,0.15681197923135584,0.0,0.0,0.0,0.13751878921613447,0.0,0.0,0.23207360573068148,0.08562080874991923,0.04306068161360013,0.25727622273553163,0.6392584727270046,0.5717580323894433,0.0,0.5659909680550881,0.5803385391505134,0.24301152040423007,0.6936037939341454,0.6271369054727823,0.6617430766911124,0.5061800878424167,0.9608921180167947,0.5843099295888535,0.30374878994656784,0.6477624662385629,0.50071100041456,0.6715348001560038,0.7369731695737295,0.4483275242435899,0.584156400833368,0.5480300733000958,0.5683789259073142,0.6992457834832086,0.6520170495833351,0.613086948693815,0.711728963159816,0.6092132692260199,0.5862863037996521,0.21836973893008066,0.22764883447943146,0.21541716674548106
0.6001749087771332,0.4347264362698389,0.61523163439322,0.0,0.3369846749541485,0.8324124059175434,0.6634364267137096,0.6177220974333659,0.6581340470026161,0.4076606442615067,0.5816783754242897,0.5814828235752826,0.0,0.0,0.6611446677673543,0.7042640819791541,0.6003578926326794,0.6996721943055391,0.35926929094816124,0.8297368440911687,0.7591376669827107,0.7901229530613479,0.7425282556833372,0.5098454419438515,0.5097262468418751,0.39043561382391745,0.792016984999053,0.5995821412377251,0.8632310651059334,0.6339664718809292,0.1773653982936945,0.0,0.4929314788382157,0.0,0.0,0.0,0.0,0.036014872000122544,0.0,0.5552604109891142,0.2394780164509876,0.0,0.0,0.0,0.11547357516488706,0.6353028860705446,0.3868100954355779,0.46084182250978545,0.11963412498018011,0.33723782778329536,0.2413497033775095,0.5730125591502729,0.33144913217385985,0.49840551319960275,0.706833956146941,0.24211067777547332,0.6736968705802855,0.4446362222891818,0.04066889349302826,0.45345155828270667,0.47245068191771405,0.6908747797480709,0.6352201340829425,0.34356631516145064,0.31186294883951343,0.735406741210179,0.4267635913985686,0.5170718451129993,0.5130787062828395,0.6676683414647739,0.34688853808628317,0.4155609172349371,0.3871460324867491,0.0,0.0,0.0
0.0,0.39672859214547995,0.0979854824910762,0.5550943685697429,0.6593436033233422,0.16363304206485937,0.0,0.35225664567080106,0.043670461794881404,0.3391122413206657,0.10428808179156118,0.3560919770566643,0.0,0.0,0.11059247270482786,0.0023233317015645817,0.3487348564685108,0.20129891743909228,0.14860432142478655,0.0,0.0,0.0,0.18864681451111429,0.18302477239274328,0.3550104227974004,0.46483635778985627,0.051517614773130445,0.2737013912016002,0.0,0.0,0.05945830909461162,0.0,0.0,0.06501505085717336,0.09810477938657906,0.5729438777664944,0.46353540412576577,0.0,0.0,0.0,0.0,0.0,0.5455824935044696,0.34477306379509653,0.0,0.0,0.315343569753893,0.33567218401035376,0.0,0.4070042179655994,0.49315711046767746,0.0,0.5489454941869106,0.2899681101467005,0.07946599608309181,0.5360579660998634,0.29626684770164646,0.38355229043267436,0.662426651056357,0.24255911456379248,0.0,0.05864196744506407,0.21625366830542903,0.2850605601930913,0.28772529747094944,0.0,0.11715218118189012,0.3735220896266011,0.13187701543109423,0.032690181886204955,0.42949380419717387,0.358239152277557,0.2896708842748941,0.3249298296772852,0.5087395352806968,0.14383964804971638
0.6320422289735617,0.4223214504657109,0.6428966485596787,0.0,0.37974651560725003,0.625310368796619,0.25586613867187563,0.6139299435052891,0.515841530250551,0.5303142441103348,0.605026820285302,0.6488054167245558,0.6611446677673543,0.11059247270482786,0.0,0.6698211465899166,0.5668121531984157,0.5918408630668764,0.5074848531610663,0.8772923151302144,0.729833620164583,0.8789342617758443,0.7469630567888385,0.6809671228139251,0.48161977581113885,0.6160934647813628,0.6611402634944479,0.6446474002848782,0.6453623167805196,0.667769901867464,0.5455039383816378,0.0,0.3716316405555758,0.0,0.0,0.0,0.0,0.07551522537084453,0.0,0.4395866243918254,0.21990789117811713,0.0,0.0,0.0,0.14446853414675237,0.6276868292148745,0.5576738210319523,0.5987378226696258,0.0,0.3505843665495904,0.21253723099211547,0.3221463578244907,0.4097054796582885,0.4890202360230699,0.676106842034889,0.45535220206772536,0.6990184241997877,0.3536178953371341,0.10381235532556823,0.8564841259561985,0.6196675155105478,0.7379508781667665,0.6753680133817016,0.5423617005284432,0.7222787021869288,0.7857473797039367,0.8489890914003458,0.5953580940422644,0.6563124365856428,0.6021252371253676,0.647951784945678,0.5208749963021979,0.6304878624460114,0.21018573836762885,0.17360630183333048,0.4277945521885642
0.5350433451069455,0.5861378491112543,0.3814035617084261,0.0,0.23043144916489489,0.5613646625304722,0.2226159802886432,0.4207946797360354,0.29781412423837683,0.5311373510387247,0.24320425640176915,0.6882064103102205,0.7042640819791541,0.0023233317015645817,0.6698211465899166,0.0,0.7116389714851733,0.8419780220924014,0.32649848978167545,0.6442875769877723,0.5643829075819402,0.7342430941159944,0.519280005428809,0.6781444211973766,0.6451438714656833,0.6978757737224578,0.4592737356316038,0.6945686048653827,0.773478291269646,0.5241523345281697,0.5192306915623707,0.0,0.33341199653778736,0.0,0.0,0.0,0.0,0.05927894860119202,0.0,0.4594394907743505,0.2243132776104566,0.0,0.0,0.0,0.0,0.5585650894378232,0.6237213320935704,0.3610991759069465,0.0,0.21791832574210018,0.26186201939071396,0.2841418674933269,0.31325306432969197,0.27502546728656085,0.6280364889118653,0.1401039138088296,0.7160793360563483,0.5275852599609758,0.0,0.685250111000518,0.7434143367792612,0.8055192667555217,0.8017114514861193,0.34100848836603703,0.567969007666928,0.6145918030451081,0.637627667062153,0.3974680820619868,0.6347191843534224,0.6845620102161142,0.7152521312757993,0.3057731393785913,0.5993862919840766,0.346733407720691,0.1431705721111574,0.3191531117101002
0.2042849241131385,0.7807923349811683,0.4500623687530461,0.008042407503594202,0.6163369023446811,0.6941088686033121,0.2573921147500391,0.7124840592939846,0.41841751758475504,0.8425490773043489,0.3387392531551592,0.8742599870099406,0.6003578926326794,0.3487348564685108,0.5668121531984157,0.7116389714851733,0.0,0.8589581655668149,0.3478782450922005,0.5353182130112731,0.33287182836379425,0.4779129965032604,0.6419764858639219,0.6920241609293878,0.7799390344799885,0.8306831757095405,0.5257404512769874,0.6495176443312936,0.5820238459835183,0.27207866020121163,0.30146198403658925,0.0,0.08711429407287093,0.0,0.0,0.16646184393159766,0.07903006370957719,0.0867005485258012,0.0,0.18808290822278084,0.0,0.0,0.2046392062109267,0.1782878475733284,0.17385118059872026,0.20149788544574118,0.6961713034002258,0.5687051182474032,0.0,0.4709346873147236,0.5999400348795889,0.2896970533041081,0.6046881153127879,0.48443677301840915,0.7026244021998412,0.4676118128788929,0.8448405949098493,0.7032773767762359,0.2587696627474016,0.5648761780125575,0.5905736038495273,0.76813323306082,0.807185106878893,0.4499351587474123,0.6169642617877718,0.38749812417216245,0.577703679519518,0.6693040086850373,0.6105024165379278,0.6948915409806856,0.7506390448821102,0.5382303026206455,0.6885854385601773,0.35190693333865,0.24013710079136663,0.26052957398733545
0.2596262157022454,0.7908477506988197,0.4156655740095142,0.0,0.44687743335326247,0.7341561737371111,0.14715892625726804,0.6012430645452291,0.3453313194410023,0.5788849688421847,0.28270207834321576,0.8310500992277682,0.6996721943055391,0.20129891743909228,0.5918408630668764,0.8419780220924014,0.8589581655668149,0.0,0.36337786586877185,0.5902339189261344,0.392179966464661,0.5862716445757328,0.6015698141316517,0.6199675003079097,0.8239327604161769,0.853586519130402,0.5271829781995552,0.7126674075018574,0.7906564967632038,0.4334781140934644,0.32083446461616283,0.0,0.1817666313460571,0.0,0.0,0.067126379034997,0.0,0.0,0.0,0.33058485750053546,0.0,0.0,0.06847082391461892,0.0,0.0,0.3039960441849186,0.6792274367638946,0.5022570305399016,0.0,0.3985710019219517,0.5102340730103918,0.3255272038443287,0.4888876176968423,0.43757290253224895,0.5586006901933348,0.33056162033107844,0.7817670532331037,0.6595350833799678,0.2136330082324778,0.6522414088401625,0.6174810283624261,0.7592701449167337,0.8800966062775101,0.46757795284971015,0.5847680160683058,0.47342442683963076,0.5423472244196034,0.5170656289380403,0.5863988018717318,0.661073325300327,0.7560174538470473,0.47315136687097825,0.6246501330587484,0.32245966705800366,0.13241719388874285,0.1644701112912367
0.36760840149928276,0.18820220710183913,0.6987542198897287,0.0,0.26403233764378214,0.47689079111142607,0.27998648662665243,0.44937171277095367,0.439351942076254,0.2922490790019603,0.6895283338159152,0.3139339154902661,0.35926929094816124,0.14860432142478655,0.5074848531610663,0.32649848978167545,0.3478782450922005,0.36337786586877185,0.0,0.494473043669044,0.39141880448561805,0.4541503038017785,0.5455598397728422,0.3290455713979391,0.3093315916170586,0.32939192333813894,0.505162659099395,0.2231039845116236,0.537638993205954,0.37753803359321714,0.21956532020775954,0.0,0.3036862537227729,0.0,0.0,0.0,0.0,0.0,0.0,0.3769024155000141,0.1729315427640525,0.0,0.0,0.0,0.029751276199434445,0.4699995483844461,0.4022000727759048,0.5809432912237942,0.0,0.2850724156802698,0.2178074569777234,0.34916557662357467,0.25054128913081314,0.3572664338192279,0.4516925711314343,0.6376927230974216,0.34126226421984746,0.18393890622093662,0.19922129455587706,0.4103539301047814,0.4269862568431843,0.4083433755404617,0.39639298302873455,0.8856558214496929,0.41502888954283246,0.4368966468529043,0.44332486951172456,0.3922911473554185,0.2922752007630978,0.4776761820822877,0.3791678750198332,0.43121994191996305,0.23511313282511942,0.1826781567966439,0.0,0.15190928710936638
0.7254527870268629,0.3548100928924011,0.6464970153225442,0.0,0.34379127462572195,0.724402673083306,0.5238022900733523,0.6160479267061261,0.6429487408953702,0.4655521080554459,0.6630275478036571,0.583326933794887,0.8297368440911687,0.0,0.8772923151302144,0.6442875769877723,0.5353182130112731,0.5902339189261344,0.494473043669044,0.0,0.8420222548471115,0.9549374821203466,0.7448549648198604,0.6281176242103141,0.48760513309995807,0.5056598070048216,0.812047858843636,0.6229745981227558,0.7789029651026198,0.7715267505521054,0.46973831883622574,0.0,0.47279594897223937,0.0,0.0,0.0,0.0,0.02050648861592755,0.0,0.5608112497715937,0.29984424653230046,0.0,0.0,0.0,0.14226085092597132,0.7341511319605891,0.4411137028414249,0.5269830177386097,0.05251862422946259,0.29866475388842384,0.14131074665037277,0.5410569923968875,0.3420804931029837,0.5209965470469287,0.6769168159187411,0.36800896782628095,0.6388362321664579,0.2781858065306555,0.030197328998318815,0.6623512690378344,0.5609821658485148,0.6986629885442115,0.6193652055068306,0.48960485193235903,0.6780668012584955,0.845270872989459,0.7500294349056273,0.5367218908052643,0.6379462195166132,0.595578284126231,0.50450487646915,0.5557702092170456,0.5126146866889789,0.13357521209685952,0.0,0.2822500598246116
0.838336589620608,0.12143357203010392,0.5191850758305472,0.0,0.02172107470388596,0.5036642030594253,0.49063947795016644,0.44338240464889034,0.4946517686601012,0.3524198993378204,0.5859487088933818,0.39665021437938586,0.7591376669827107,0.0,0.729833620164583,0.5643829075819402,0.33287182836379425,0.392179966464661,0.39141880448561805,0.8420222548471115,0.0,0.8412452104983333,0.607988577737896,0.6666468487626959,0.27836078325253844,0.282926346176152,0.5535432754966918,0.47256860919814975,0.6999785694083004,0.806548865810859,0.4983495390732719,0.08058326808802924,0.649964455769717,0.0,0.0,0.0,0.0,0.11258299702391972,0.022878055537407727,0.6917398027471592,0.5229893969780615,0.13139612049492136,0.0,0.0,0.15712955375091428,0.8481611087918938,0.22827262192110404,0.32283825007764266,0.13497210238471527,0.08589876485604257,0.0,0.3497045753091237,0.13750247778975477,0.2808936213955699,0.673449998304837,0.16266986066190015,0.45540334144672057,0.03162412821858394,0.0,0.5081899030036319,0.47792304429443483,0.6412838906348362,0.4371677722291664,0.33093121909234263,0.3770834080368054,0.8592147443104542,0.5591141184018419,0.2909970033032463,0.6192289939943318,0.5010254139247935,0.3115104518641622,0.15859757257768,0.31105209229550074,0.0,0.0,0.29929749915768666
0.8108934927698739,0.34006001200771174,0.5732216293878495,0.0,0.1946284112108486,0.6463203640857158,0.42029995468320036,0.5296114837176867,0.5702593858224092,0.3872609656222239,0.5694072071576837,0.5737550400048941,0.7901229530613479,0.0,0.8789342617758443,0.7342430941159944,0.4779129965032604,0.5862716445757328,0.4541503038017785,0.9549374821203466,0.8412452104983333,0.0,0.6640552344891786,0.681749420755842,0.43255065903370354,0.4784808725624171,0.7207371734850416,0.6000238597828601,0.7311687043672424,0.8061172021380217,0.498759663361827,0.0,0.4876867011757138,0.0,0.0,0.0,0.0,0.04435317745806677,0.0,0.5919071445727638,0.36609263033158596,0.03759520414464268,0.0,0.0,0.09064720600148998,0.8055218033255568,0.41789859289804937,0.43554798093925584,0.011899198410335566,0.19149703622958011,0.03887924003320968,0.4098235502371008,0.2643331035601676,0.42481005083227863,0.6498176575336392,0.24118847739728297,0.6567296740843978,0.21061426193013116,0.0,0.6926848288061795,0.6414169577466258,0.704249571882524,0.6258435183794051,0.40512999761455887,0.6127742551791383,0.8745657185402864,0.7706117444593392,0.4365969918005093,0.6767876744006047,0.5779741806470725,0.5058338565746912,0.4235390430603803,0.476933475139193,0.09457699761369831,0.0,0.2694647219551465
0.47519845273520867,0.5015988038195994,0.8708223104518258,0.0,0.5740390563637674,0.9240765893297118,0.42970201362337024,0.9091094008096045,0.7847562333800262,0.5810242470180083,0.8355213700179708,0.7017187513664475,0.7425282556833372,0.18864681451111429,0.7469630567888385,0.519280005428809,0.6419764858639219,0.6015698141316517,0.5455598397728422,0.7448549648198604,0.607988577737896,0.6640552344891786,0.0,0.6474907749218856,0.556259838553869,0.6296769628107665,0.883187407173171,0.5037684625964353,0.6330599939931819,0.5142888922326642,0.25099783815603,0.0,0.2959311829960467,0.0,0.0,0.0,0.0,0.06682875745195689,0.0,0.32954074222160906,0.020406796707757684,0.0,0.0,0.0,0.2271327480519179,0.48418264806272243,0.5319814380831739,0.8799249334732645,0.0,0.6097954470173688,0.4773951210308904,0.4447357518768704,0.6918163493988475,0.7607212396064662,0.7654600581952913,0.7670905680803957,0.7639552403201857,0.3511785237717818,0.3208846681694514,0.6529656126930522,0.4499146333473459,0.6569075246167742,0.62643506162537,0.6466219951185649,0.4966048964654917,0.7048689887572718,0.5699121714385758,0.8987864088200164,0.6162333202843174,0.592475865123805,0.5892537499321284,0.7599673796165031,0.3970003617991037,0.06299586727846716,0.0,0.11890865026839252
0.5643625839971187,0.4480118336540865,0.4736494710806023,0.0,0.38342060220385255,0.5233825482223599,0.198406374717745,0.6175928918840247,0.46761652342519217,0.6873473268213367,0.4234855615725575,0.7137195178576178,0.5098454419438515,0.18302477239274328,0.6809671228139251,0.6781444211973766,0.6920241609293878,0.6199675003079097,0.3290455713979391,0.6281176242103141,0.6666468487626959,0.681749420755842,0.6474907749218856,0.0,0.5539292186641357,0.7003621326412939,0.4999591125668732,0.649251708803905,0.5563849165644844,0.4624796860114981,0.5906823449132567,0.038037207186810605,0.323953298652485,0.0,0.0,0.023374795934896473,0.0,0.29179636577183415,0.09283713051334767,0.3203695367608192,0.2453408126667029,0.0,0.0,0.00782539556911556,0.2656246413306075,0.5570651112630787,0.519517279767672,0.5240558119179565,0.0,0.32045309641758146,0.24722673266430245,0.1368098992399306,0.5087282238826502,0.46960495516657463,0.7240583911494043,0.4282587374491449,0.7029132757552512,0.32703483558716046,0.1292688275176204,0.6752182992416363,0.6923554526868687,0.7383394932493206,0.6628642236575008,0.4246046510275929,0.6143216898743371,0.7095955724950501,0.75625005015262,0.5525565209067109,0.8838773280293869,0.567305940806913,0.6941304413580224,0.3988403111822264,0.6246422348345347,0.22508306525606073,0.24980452689170327,0.546400098631709
0.15090823825292712,0.8755084066044861,0.3264716180579872,0.06737934467077582,0.651733041810453,0.6705206265202188,0.2667658268561291,0.5514779073536912,0.38093199570993186,0.7709587189641165,0.25567377249089906,0.7624189250808041,0.5097262468418751,0.3550104227974004,0.48161977581113885,0.6451438714656833,0.7799390344799885,0.8239327604161769,0.3093315916170586,0.48760513309995807,0.27836078325253844,0.43255065903370354,0.556259838553869,0.5539292186641357,0.0,0.8182187746320542,0.4904213484505825,0.6105158242827553,0.6170638809601875,0.2695568912441133,0.3465942317014674,0.0,0.015264890838639538,0.0,0.0,0.17733060066515868,0.08796620972528098,0.00993984312194605,0.0,0.09303122344749584,0.0,0.0,0.1419488684718312,0.18378126098104702,0.0,0.18317107391473877,0.7415816885104604,0.5083987391281151,0.0,0.4610222269475646,0.6413379079705689,0.3098760326140953,0.5169085159773498,0.45644520444084025,0.5927219230982784,0.43006768414009194,0.7368670650765734,0.6719319212241213,0.24933566066186796,0.5105996272686957,0.5384297109150115,0.6479626197222588,0.7855038272147831,0.4328369459492097,0.5819671979118581,0.3247125343686238,0.5077973333892971,0.5843320137378571,0.5180732806637665,0.7431943510074123,0.7765775956769129,0.5396603406783386,0.5645165924514424,0.433698089666995,0.2607573649053749,0.237822303335419
0.1872657755701184,0.8247695861843649,0.427377509377086,0.16382159775749727,0.6566472348023498,0.6150396312330577,0.0,0.6892962504876775,0.34224056436078365,0.6712015786366123,0.3099980591371728,0.7992021638354789,0.39043561382391745,0.46483635778985627,0.6160934647813628,0.6978757737224578,0.8306831757095405,0.853586519130402,0.32939192333813894,0.5056598070048216,0.282926346176152,0.4784808725624171,0.6296769628107665,0.7003621326412939,0.8182187746320542,0.0,0.48216633544243975,0.6626670193974336,0.5887103052917114,0.311766864516256,0.4490217970730613,0.0,0.0,0.0,0.0,0.35552354347982373,0.24163940848965113,0.0,0.0,0.07320199565792647,0.0,0.0,0.3660772785334491,0.219319673172981,0.04327932317628588,0.16443988027937517,0.7905785966590037,0.6268955054877003,0.0,0.5157173141056491,0.607632788561737,0.12795976159335642,0.6873895784779686,0.5193291749219527,0.539704322190285,0.5504395437607015,0.7391233823533202,0.6233854256552985,0.3202907403506367,0.7539508805086936,0.5816902459347286,0.6591368181103155,0.8022521299019313,0.534304392871492,0.7134361734060776,0.4017596461512829,0.6541042176804917,0.6935755008708132,0.6859788107041647,0.5716229317206528,0.9337874421489604,0.5940976455554522,0.6804361172637866,0.43700787642761335,0.4339023340657548,0.3497583377119398
0.48469535386715085,0.4779051559196266,0.7892580836531456,0.0,0.5726726529775904,0.9145795420819975,0.531707673540764,0.7694019935583271,0.9068364864302998,0.4559923160277649,0.8372465412744345,0.6179129613489304,0.792016984999053,0.051517614773130445,0.6611402634944479,0.4592737356316038,0.5257404512769874,0.5271829781995552,0.505162659099395,0.812047858843636,0.5535432754966918,0.7207371734850416,0.883187407173171,0.4999591125668732,0.4904213484505825,0.48216633544243975,0.0,0.37834576525269137,0.5943277544510236,0.49885743560944895,0.08684415190956696,0.0,0.2732318054662578,0.0,0.0,0.0,0.0,0.028308078295442574,0.0,0.34928826431160115,0.008833789794713762,0.0,0.0,0.0,0.2670969325764293,0.47036813114844683,0.47215956666459613,0.6973597388162776,0.0,0.5618503019152188,0.4580728777755219,0.5829309044895307,0.5236558326085153,0.8209923654911246,0.6367605102378745,0.5928967499586788,0.7178439956246324,0.2891747817878451,0.2833709167620385,0.47481131626834217,0.40993237878108374,0.5192671320080767,0.5272526605961748,0.4954918793088246,0.435561287267619,0.615606296962778,0.4762829138048251,0.7541010260600033,0.4678783663237283,0.5767830266986852,0.42115819026736884,0.8547615206108872,0.2581775914418906,0.0,0.0,0.0
0.3529674959015374,0.5245398504278908,0.3480247078062347,0.059547423322959175,0.46163594373039885,0.48573641151529484,0.2109869985216065,0.4001322584432306,0.26596722321002186,0.5369455850900485,0.17464719852627889,0.6224268168873764,0.5995821412377251,0.2737013912016002,0.6446474002848782,0.6945686048653827,0.6495176443312936,0.7126674075018574,0.2231039845116236,0.6229745981227558,0.47256860919814975,0.6000238597828601,0.5037684625964353,0.649251708803905,0.6105158242827553,0.6626670193974336,0.37834576525269137,0.0,0.6497352459276889,0.4972405595723206,0.6262554578266236,0.02007725770325002,0.15768146308716596,0.062052293426079416,0.0,0.15377400364779112,0.1094243941393884,0.07614822091214025,0.0,0.19411058937616496,0.17790829403466452,0.0,0.0,0.1400476336336449,0.0,0.36054938173344503,0.5766544485891354,0.4344759767647604,0.1449663640311943,0.25780508482581105,0.33339079444280306,0.3478089882784478,0.3666860281752054,0.2757151945421796,0.4997424976555706,0.24443998896427213,0.5975625666336731,0.5973079660730789,0.06550133908897882,0.6692675671913243,0.6073624717287001,0.7355563174164415,0.7293578672829304,0.3197659559174442,0.7233995456238226,0.5651227737035315,0.6762857418609383,0.47270429974638467,0.6802549358387195,0.5067213332710462,0.6486891650304313,0.36526581431752914,0.8165288842417878,0.4280978146824528,0.3807385717693875,0.5334618068679752
0.5499005957616794,0.5097976121739447,0.5405112773335321,0.0,0.25054206302723175,0.7237535744246734,0.4094138170083934,0.5567223467563998,0.3949995572248673,0.41265660681142907,0.5046509078053514,0.5734682225058585,0.8632310651059334,0.0,0.6453623167805196,0.773478291269646,0.5820238459835183,0.7906564967632038,0.537638993205954,0.7789029651026198,0.6999785694083004,0.7311687043672424,0.6330599939931819,0.5563849165644844,0.6170638809601875,0.5887103052917114,0.5943277544510236,0.6497352459276889,0.0,0.663745309174084,0.3838090024902333,0.0,0.4593391854644439,0.0,0.0,0.0,0.0,0.0,0.0,0.5507406117100943,0.19639120976563534,0.0,0.0,0.0,0.0,0.6187013364160453,0.5536972314122054,0.4627372793840836,0.021984528384392465,0.20381862235854445,0.24814524858593853,0.4255157990111957,0.3614286336899436,0.34059598322211276,0.5890067336742628,0.28913255498789897,0.5823119728102185,0.42575263417733145,0.04704806117910666,0.5748285465746826,0.5866275719244305,0.6743123251641403,0.7097698589284052,0.5399879549578621,0.49543259002620993,0.6621729824250197,0.49674732873685024,0.4421218455307345,0.5700415886353295,0.6835099213025198,0.5505378376540934,0.34086843139150863,0.41847720115776127,0.27072603304486587,0.0,0.12423236483678628
0.7724790563607546,0.10839546189860233,0.422644876732814,0.0,0.0,0.4232862247657871,0.284018354347329,0.38802926705873103,0.35368043654916154,0.13395423233230125,0.4377253446878751,0.3527956983803737,0.6339664718809292,0.0,0.667769901867464,0.5241523345281697,0.27207866020121163,0.4334781140934644,0.37753803359321714,0.7715267505521054,0.806548865810859,0.8061172021380217,0.5142888922326642,0.4624796860114981,0.2695568912441133,0.311766864516256,0.49885743560944895,0.4972405595723206,0.663745309174084,0.0,0.5809676151452883,0.0,0.5445355666817575,0.10621475492532385,0.0,0.0,0.0,0.0,0.0,0.5910931243656027,0.40632119424087626,0.07337179410542337,0.0,0.0,0.0,0.8155519750764499,0.19408487899874152,0.27974428103295285,0.14374915416075848,0.0,0.0,0.27601145619608825,0.15524266348119725,0.19344386616830261,0.48571505654590447,0.12342249425222697,0.40373686635746747,0.013921355056629144,0.0,0.5151020300750483,0.31786362196687123,0.47312787039208404,0.4105139931417401,0.400650826513864,0.38941723101354436,0.7604503263390351,0.5215535188860999,0.23064994094036936,0.5251365595923881,0.35273671645701293,0.3355972168764288,0.18471195998588338,0.35052045804509196,0.0,0.03397117620343223,0.24389507914350197
0.5666114451737713,0.18644770109096676,0.14888766039670187,0.0,0.05514768984600538,0.03177822432922554,0.004584295488176376,0.08573349773001729,0.03571399996966491,0.3696871553749895,0.021260301372521967,0.27406442152574934,0.1773653982936945,0.05945830909461162,0.5455039383816378,0.5192306915623707,0.30146198403658925,0.32083446461616283,0.21956532020775954,0.46973831883622574,0.4983495390732719,0.498759663361827,0.25099783815603,0.5906823449132567,0.3465942317014674,0.4490217970730613,0.08684415190956696,0.6262554578266236,0.3838090024902333,0.5809676151452883,0.0,0.30127308805808456,0.23710773595193083,0.422866643632833,0.07315561769395913,0.13709130425489477,0.11652794635812586,0.19639883104328176,0.2635560301221556,0.2539373055888546,0.34254024515368753,0.14131786471234525,0.0,0.12404246561774014,0.053143728798479915,0.5472433226152902,0.38500233096563974,0.17505947869000404,0.11582532979269093,0.0,0.0,0.09878236947018207,0.07290790741659434,0.0,0.39654015967679845,0.04044753721295239,0.24733698910799234,0.20166774211493188,0.0,0.5763688430432362,0.4946892422518352,0.5401321667352469,0.4719830968288198,0.2670810828674343,0.6294085975712141,0.5404076873469175,0.6391599758781541,0.17440010426706953,0.6020153270912885,0.31354494059005583,0.5548108334521205,0.05404386889897769,0.6265260883618176,0.4743784212626913,0.5710551180661584,0.7889604417145148
0.11922751675374813,0.0,0.0,0.016641531799435567,0.0,0.0,0.10573058968756709,0.0,0.0,0.11025060030594387,0.0,0.0,0.0,0.0,0.0,0.0,0.0,0.0,0.0,0.0,0.08058326808802924,0.0,0.0,0.038037207186810605,0.0,0.0,0.0,0.02007725770325002,0.0,0.0,0.30127308805808456,0.0,0.24222005106877748,0.34151329947963494,0.4141333885186631,0.0,0.22977690356458252,0.5130190240481298,0.891480514503156,0.180553361384853,0.4924718098183516,0.5210331100708155,0.0,0.2457732037774259,0.1900189777604675,0.0770293891959395,0.0,0.0,0.2263348428620618,0.0,0.0,0.0,0.0,0.0,0.0,0.0,0.0,0.0,0.0,0.0,0.13639184557524472,0.054319332841751417,0.0,0.0,0.12668412009084265,0.0,0.16985246933632575,0.0,0.0,0.0,0.0,0.0,0.08614947464253908,0.050297510339281815,0.16184363987172778,0.5472067086280706
