0.0,0.0,0.4786645567628473,0.0,0.0,0.3534704063759578,0.4118834790898981,0.27866894836661066,0.5120126405375338,0.23751259380732967,0.5196274509663381,0.24127331083120404,0.5972891339601508,0.0,0.6428673684348654,0.5421526684033274,0.2101668211514101,0.2728132344983613,0.36680390646684413,0.761565078869394,0.8460946449555823,0.828054625589618,0.48370824739561,0.5698381157505253,0.15297157935661226,0.19386885181318111,0.4906091241193959,0.36569725455026814,0.5458180102045543,0.771441374867394,0.5629969899788834,0.10773651060719379,0.6319976347054018,0.0,0.0,0.0,0.0,0.18947135692727265,0.08201750947466611,0.64613543829514,0.5449561605594504,0.18620031493202893,0.0,0.0,0.2493622900293033,0.9175473481605,0.08268869044131665,0.23157313933329357,0.010625502120274818,0.0,0.0,0.1654600002606652,0.028321786750702647,0.29851546431613696,0.562138164637072,0.09375296128443988,0.28840258957740633,0.0,0.0,0.4433675978283129,0.44456790071270574,0.5011352306673575,0.2976891185945312,0.31628226599853126,0.32532687399005183,0.7509454934492918,0.5800162335732068,0.1724679676592792,0.5114007150095415,0.404322182893964,0.21941394184998272,0.10439261379789462,0.26273688799799616,0.0,0.0,0.316489707096367
0.0,0.0,0.26909347282934576,0.16732266060025125,0.7207589832518331,0.6766822898436985,0.11313943934317541,0.575183195895695,0.35815573183674004,0.659095382376336,0.17242444909466148,0.7148313784523674,0.4398114060450182,0.42002249548739,0.4347056604819521,0.5930196955901255,0.7934527308626969,0.8054711981447231,0.19055037452968648,0.36405473819451384,0.12983719127153884,0.3385581873293044,0.5074425090131547,0.4484053841115889,0.8918748156428435,0.830418849473361,0.4900070155916667,0.5429271206437567,0.5359806285485866,0.09991946954740706,0.18884437194400708,0.0,0.0,0.0,0.0,0.3104603222591726,0.22540557758584387,0.0,0.0,0.0,0.0,0.0,0.3324782986458637,0.2900214672283196,0.04399316210504645,0.0,0.8135769768393456,0.46436193147831445,0.0,0.546727209668736,0.7564835481359109,0.21946952385266155,0.5872211037485611,0.5168507455731993,0.4458953882327071,0.3803986337322175,0.6850362489048523,0.7617554271792264,0.33165848638605,0.4882172452468007,0.4678238973773595,0.5307781753843123,0.7236572122943145,0.3167205822650391,0.488882539265408,0.20150679593870793,0.4077651366478575,0.6213143633858398,0.45454171161328977,0.607838874297942,0.7331922502084564,0.5515461970703268,0.5400915160941316,0.36461540815799326,0.27450428096844576,0.08722952521185057
0.4786645567628473,0.26909347282934576,0.0,0.0,0.4089898016965268,0.6908990651528608,0.3950622729684167,0.7268332403382459,0.6944896884111197,0.44583497701835406,0.8625553088747563,0.47851741473842524,0.6123655926923226,0.09130842394669572,0.6440001900441618,0.3857302351610708,0.4625593743828098,0.4286973643879522,0.6996492417293139,0.6492448909047233,0.5279076560400595,0.5730392799853817,0.8758724071491949,0.47563195828040206,0.34082008715718926,0.43623755538394976,0.7815922335391129,0.34474516111233616,0.5399603231419443,0.4146162595622298,0.14706798751727423,0.0,0.324104376010693,0.0,0.0,0.0,0.0,0.07365015571605196,0.0,0.4016570451655474,0.10907273894096266,0.0,0.0,0.0,0.2879105426374891,0.48092645878087464,0.33588136614454417,0.9132722153842374,0.0,0.4120094195503459,0.2326178917575289,0.3918540874508341,0.4764364504680957,0.625456177714581,0.6234989846140359,0.7570800286188129,0.52086025730381,0.1722805539987466,0.1731479435557122,0.5297352398342642,0.3702684735132852,0.5292677006984243,0.4758487645941162,0.7325127762322967,0.3768824913234269,0.5960697165936061,0.49035367506087074,0.6998739946910609,0.43095085637099767,0.4840849780259207,0.3892887077784808,0.6346522914625584,0.2508813632325674,0.0,0.0,0.05941588303654236
0.0,0.16732266060025125,0.0,0.0,0.2622111114833209,0.0,0.0,0.0,0.0,0.03316443411375853,0.0,0.0,0.0,0.5646947878726486,0.0,0.0,0.011665489796861847,0.0,0.0,0.0,0.0,0.0,0.0,0.0,0.06716400097675468,0.1653999794130851,0.0,0.06605451876385178,0.0,0.0,0.0,0.007880048711902322,0.0,0.2869994192682729,0.4311247186938815,0.5672409559482642,0.6858454192886163,0.0,0.13623402737102536,0.0,0.0,0.0,0.545062913909568,0.4348932796199436,0.0,0.0,0.058646841107398574,0.0,0.0,0.07601499776735463,0.3343782747092204,0.0,0.15538135856658125,0.0,0.0,0.0861535153674895,0.0,0.1830229392629574,0.3361830894676485,0.0,0.0,0.0,0.0,0.0,0.03227334706745302,0.0,0.0,0.0,0.0,0.0,0.11299688604847259,0.0,0.09577360386984703,0.3938936844320234,0.4735622949887913,0.10086507417561616
0.0,0.7207589832518331,0.4089898016965268,0.2622111114833209,0.0,0.6352771429897044,0.2898186859237865,0.6177858328514726,0.6051300770824269,0.649154798895189,0.42918431217798886,0.6393542290904976,0.33936298094229994,0.6622448489266728,0.3815287706904218,0.23714241011364615,0.6553002085916273,0.45901345639941543,0.2545070191224456,0.3362830718679467,0.024354334364540167,0.19248231818240072,0.5695798913380806,0.37857267217415147,0.6781137065809929,0.6890014887804865,0.5663174420915055,0.4641442252342245,0.24905115140826076,0.0,0.06064003745600504,0.0,0.0,0.0,0.0,0.2982384327210456,0.23227933292250935,0.027510690676767192,0.0,0.0,0.0,0.0,0.4308070960428976,0.29136366187084733,0.18435408349018906,0.0,0.622897101421253,0.579167866428893,0.0,0.7847223911527678,0.8123386404741985,0.38701119124618827,0.6730457907709527,0.7436330492855832,0.3972314135062178,0.6522532263090068,0.6143782002983265,0.6179947400655257,0.5380772790585587,0.33947034509083673,0.2881715774621132,0.38533950925906624,0.4779809954020774,0.35002707931171134,0.47858374707954404,0.1476933896368418,0.35688652258491504,0.7538132066084752,0.31227183051537516,0.4073527667004674,0.5893008085406302,0.7645356027242428,0.45033483921372913,0.2705306371641736,0.30077374612262775,0.1342671706171163
0.3534704063759578,0.6766822898436985,0.6908990651528608,0.0,0.6352771429897044,0.0,0.502163025552401,0.8502099110130122,0.7934814688102336,0.5133035402468545,0.7133184553209624,0.7353601190824516,0.8342074742176928,0.15999607778448166,0.6363062805643026,0.5690553559654333,0.691093317143299,0.740341814510184,0.4682389842625551,0.7372955491819235,0.5006372528558298,0.6518297274593777,0.9323316985407818,0.5230711752300851,0.6843353435714765,0.6200719365204117,0.9177844354595255,0.49335048361430334,0.7225663107961066,0.41062634202210024,0.02565118164280534,0.0,0.2447306769114767,0.0,0.0,0.0,0.0,0.0,0.0,0.2890380311184775,0.0,0.0,0.0,0.0,0.12484785261924691,0.39684691988140847,0.5713993231375888,0.6916911367566312,0.0,0.6603409159250665,0.6481594999046941,0.5495226921913634,0.6334035724851333,0.7937105455486865,0.6209655988240826,0.6040728962560227,0.7904783947221335,0.47240004419165016,0.3840405275959193,0.5062151572096811,0.42129277403185394,0.5956601703581635,0.6787323198460791,0.5247090399679794,0.3945556728572744,0.5780033228217362,0.4179894148089008,0.8201683040540771,0.5114588339760077,0.6337966473945262,0.5070591304104743,0.7733423233841603,0.3312303785073361,0.0,0.0,0.0
0.4118834790898981,0.11313943934317541,0.3950622729684167,0.0,0.2898186859237865,0.502163025552401,0.0,0.26161514161955307,0.5469250560354877,0.42090636079943783,0.4639212135578901,0.21011924240063948,0.6664093669306184,0.0,0.25953647586754236,0.2364741710925066,0.2712547159171318,0.15495276088725346,0.2767228020354368,0.5350177416029913,0.484707938083558,0.4304485493249474,0.4310234457320169,0.2011598421185152,0.2831345314031522,0.0,0.5315142315816676,0.2182422652125065,0.40900242219153626,0.2730378162327874,0.013873310515941931,0.10603035108374358,0.4036118895586502,0.0,0.0,0.0,0.0,0.27516475953924957,0.023062235179762497,0.3766535246148646,0.36093378765619566,0.14117605197681002,0.0,0.0,0.23110252205113363,0.42061273931516,0.06996277413215962,0.19443714669052134,0.28183895991313346,0.18123567353909573,0.04818530791709047,0.5375550790395172,0.0,0.23701906187173216,0.507632912413051,0.13301470944184393,0.27237616326854447,0.12155668376352086,0.0,0.0,0.19185612139047428,0.333883494913224,0.14657467424720788,0.13407357952787854,0.05552886426553753,0.3214754289275061,0.16912069363898358,0.250198065325541,0.12313247872593941,0.401344400169621,0.0,0.22372922565132594,0.06983289913616471,0.0,0.0,0.0
0.27866894836661066,0.575183195895695,0.7268332403382459,0.0,0.6177858328514726,0.8502099110130122,0.26161514161955307,0.0,0.7073315373080157,0.5703238803986485,0.7279485618426687,0.8095232965987402,0.6221463591169818,0.3496303731994899,0.6219777287627023,0.4532581655207495,0.7167778741056346,0.6266642530769383,0.4536643809992051,0.6137058565689951,0.42789796695047416,0.5343274736353956,0.907109332212469,0.6165949003378426,0.5690135406606339,0.7035653147981308,0.7808762092837481,0.42899769079401184,0.5556569029781582,0.383503100155896,0.08408303585676595,0.0,0.18155414172876802,0.0,0.0,0.037436643693252135,0.0,0.0,0.0,0.23204623527261925,0.0,0.0,0.14666971437594778,0.0,0.18630618700385476,0.29287481076929883,0.4766550381033916,0.7613516909734338,0.0,0.6103177788043079,0.5685308687828573,0.32495070522164166,0.819326015494206,0.7842287361669008,0.6195265463351101,0.7593440626451653,0.8458568969795466,0.38903788651048304,0.4926059049750294,0.5533009011913381,0.3196980951490862,0.5428070994748542,0.5819785678229656,0.6055994669294185,0.46037683960441517,0.5487534670168183,0.4660286894341076,0.8529266968498322,0.5700508561922822,0.48223013421927585,0.5738137837668503,0.725138875972648,0.3794630172850805,0.05256204780369008,0.03640943788198954,0.025435843905458944
0.5120126405375338,0.35815573183674004,0.6944896884111197,0.0,0.6051300770824269,0.7934814688102336,0.5469250560354877,0.7073315373080157,0.0,0.42684800438740306,0.8066349954831141,0.5493655948447388,0.6642562428360407,0.03634809568191797,0.5347059312364049,0.31552553282220713,0.4400431597251962,0.36685191416824153,0.4369098295951213,0.6570810360194269,0.5171962981670034,0.5833313387517398,0.7999511394646049,0.46980546338900814,0.40388430162935746,0.3563160413889216,0.9058685491155315,0.2776614957343678,0.4002819908902146,0.3533599016204379,0.03372042066181585,0.0,0.18623432660679973,0.0,0.0,0.0,0.0,0.11254622036672705,0.0,0.2609527583986216,0.02777224823368827,0.0,0.0,0.0,0.3842248595246263,0.47353663892085246,0.3551245182614244,0.5935794582703753,0.0,0.6507345727658449,0.40559882350784426,0.4858102618445372,0.48302432746288443,0.9201928863610179,0.578392346912752,0.5773525596055653,0.6267645856007694,0.19608962090308318,0.23902743408669275,0.27990492391103744,0.2751165096722292,0.43928956128605606,0.37973029611585285,0.41330403598592474,0.2489580354029057,0.5401670919646611,0.36341826410634054,0.6802983383535183,0.37078777432336335,0.46264614848813135,0.2969040991438924,0.7047806264750058,0.19902275037389158,0.0,0.0,0.0
0.23751259380732967,0.659095382376336,0.44583497701835406,0.03316443411375853,0.649154798895189,0.5133035402468545,0.42090636079943783,0.5703238803986485,0.42684800438740306,0.0,0.3705296305962706,0.7133107905835765,0.42340889203373705,0.3476530737092862,0.5473565336966896,0.5316250068417399,0.8384997632577632,0.5871791209364762,0.29303678892703455,0.4792409316471077,0.348121536563446,0.39409073177627607,0.5893340437481683,0.6688163831270288,0.7754918475440465,0.6779096105457396,0.4602063144725742,0.5476851268575359,0.4286242028819136,0.12646259104101268,0.3726201816312339,0.10407710022029383,0.09235547323043795,0.0,0.0,0.11981418456489837,0.20928667547909566,0.30765521375502003,0.15890274280906505,0.1470214094675672,0.0,0.0,0.15290703763933286,0.31734814256456245,0.2511468898282147,0.19668231645109482,0.6404398463891526,0.5342878368474681,0.0,0.45200735108543,0.5018540161283613,0.20378974328839572,0.5007878568923566,0.4442988222377121,0.7552787397676137,0.5193944617516495,0.671556172044349,0.5493856219983598,0.15523114454463569,0.45896461209352263,0.5346096165005148,0.675357978720482,0.6149125983700076,0.42205401455449015,0.6076982163943886,0.34104390726034917,0.6044071791757913,0.6219316256889271,0.5592692303986323,0.6570608322169474,0.6388418966989601,0.496816253226655,0.5675723232712886,0.3564646109895989,0.2771917068165305,0.41041045490359856
0.5196274509663381,0.17242444909466148,0.8625553088747563,0.0,0.42918431217798886,0.7133184553209624,0.4639212135578901,0.7279485618426687,0.8066349954831141,0.3705296305962706,0.0,0.4420472172425499,0.5859955688031834,0.09472885169772072,0.6059404992862244,0.2506897800591276,0.35718760063834326,0.29818440565228727,0.6932297670239991,0.6605759937389027,0.5852654419495924,0.5644751484240971,0.8269932911986779,0.42803988082299343,0.27096620090825796,0.3244214692427239,0.8239745365387028,0.17559838626886343,0.5022002962006923,0.42564632770836164,0.02167003598040804,0.0,0.3352053089052933,0.0,0.0,0.0,0.0,0.008985382682864525,0.0,0.3593362386660692,0.09829350353213454,0.0,0.0,0.0,0.23027316196398614,0.5281132580137752,0.28559352196135745,0.7201664285016598,0.0,0.44357612078451547,0.1871431353896126,0.3882971281197811,0.45487254850923836,0.7226029863406394,0.5939139975858889,0.7658784037483436,0.49851745040256323,0.013928699811293924,0.2723308039636141,0.39425055699236655,0.3268955375773861,0.4093413210226513,0.34861804409445507,0.6482660033845213,0.310080294009389,0.6214698937148105,0.426857620146179,0.6215506690252828,0.3500126323538595,0.4660878571400365,0.27664608417496955,0.6739116584233602,0.1029192827177149,0.0,0.0,0.0
0.24127331083120404,0.7148313784523674,0.47851741473842524,0.0,0.6393542290904976,0.7353601190824516,0.21011924240063948,0.8095232965987402,0.5493655948447388,0.7133107905835765,0.4420472172425499,0.0,0.5952386713203552,0.3659160734580896,0.6508814326515874,0.6638086827257846,0.8583025754114539,0.810782714821122,0.3095380817357476,0.5847951409966005,0.3842794522562322,0.5680563592304629,0.7270257923153394,0.719949487251843,0.7450767089421986,0.7935029383214939,0.6240409192305516,0.627161196050593,0.5913025156517916,0.35537907441566474,0.2778314018125114,0.0,0.07988451533217018,0.0,0.0,0.15968022285336914,0.0,0.0,0.0,0.145547853609809,0.0,0.0,0.23855636352697634,0.07953486528663349,0.048474416449166675,0.25435247730555627,0.6352608893834656,0.5645980154388236,0.0,0.5666917146903908,0.5801858047248352,0.24363227396347267,0.7136523240075789,0.6205671974039508,0.6572389231981864,0.5080985837171784,0.9635845169247077,0.5841034551454157,0.3040147769468318,0.6293682774653405,0.4916484230016052,0.6682324088290899,0.7299581716688675,0.44127073780004983,0.5765392411012485,0.5282128515400318,0.5562628564743038,0.7175440745879914,0.6575998206925447,0.5941009980750454,0.7030544878713471,0.5980693927616826,0.5860035955409092,0.20577600348528619,0.2281221865372727,0.20911091442715563
0.5972891339601508,0.4398114060450182,0.6123655926923226,0.0,0.33936298094229994,0.8342074742176928,0.6664093669306184,0.6221463591169818,0.6642562428360407,0.42340889203373705,0.5859955688031834,0.5952386713203552,0.0,0.0,0.6677139541743695,0.7001433424411434,0.6180787747276578,0.708510158732581,0.3551657818212187,0.8313339088524572,0.7653753208997763,0.7997158680914626,0.7546402288395965,0.50601718969213,0.5285229905240001,0.4050865630729363,0.798707574606951,0.6047869412652712,0.8667053478536472,0.6167900529369296,0.17776851506861546,0.0,0.4956019580071205,0.0,0.0,0.0,0.0,0.03624826577414647,0.0,0.5583484901530967,0.2624023155508901,0.0,0.0,0.0,0.12250131285196224,0.6479389006925592,0.38514851851196646,0.45236575889535324,0.11053072164831211,0.33419637730308893,0.23447632630174522,0.5736208855737641,0.3317140688639093,0.48915089912958865,0.6888708126545344,0.2324022749346516,0.6808305782296729,0.43225011512299716,0.03593451538112694,0.44878456220206797,0.4683800167525067,0.6843087025520113,0.6300874220382342,0.33102904203908423,0.3088761204284638,0.7361383157798299,0.43063917617337694,0.525945284305006,0.4984826671737879,0.6508375811573163,0.3431994098604625,0.4154598610226817,0.3817481971281424,0.0,0.0,0.0
0.0,0.42002249548739,0.09130842394669572,0.5646947878726486,0.6622448489266728,0.15999607778448166,0.0,0.3496303731994899,0.03634809568191797,0.3476530737092862,0.09472885169772072,0.3659160734580896,0.0,0.0,0.10516050061797308,0.006107663707216276,0.36082938875306636,0.20859565907439698,0.1374312034580263,0.0,0.0,0.0,0.18734620214299622,0.18096403032865702,0.38755899313321934,0.4765760438247721,0.04952903836874188,0.2905207104385209,0.0,0.0,0.06484612695037613,0.0,0.0,0.07359704879753819,0.10838611159625501,0.5716936730968452,0.4637161580130266,0.0,0.0,0.0,0.0,0.0,0.5456834168779389,0.34133325263032704,0.0,0.0,0.33419084269448496,0.32634383452748844,0.0,0.41222231399176323,0.5016720785086022,0.0,0.5460691908136066,0.28037571029419855,0.08625388741078653,0.5407222571829874,0.2980743692140916,0.3744527863528057,0.6680042150072286,0.2393957455610205,0.0,0.06406876809352835,0.2060161530657134,0.26947611483021267,0.27996903854376864,0.0,0.11119295812480294,0.37344328870481014,0.13141256345535005,0.03653840507525726,0.42725531170132536,0.3683806907700908,0.2858954183173538,0.3232422173947406,0.4707791475815996,0.13461219310609734
0.6428673684348654,0.4347056604819521,0.6440001900441618,0.0,0.3815287706904218,0.6363062805643026,0.25953647586754236,0.6219777287627023,0.5347059312364049,0.5473565336966896,0.6059404992862244,0.6508814326515874,0.6677139541743695,0.10516050061797308,0.0,0.7127979388593172,0.6115569221287929,0.6346283282995515,0.5040714882756545,0.8748902355315,0.7452044308665825,0.8803559712154372,0.7589493074857965,0.6816623409550302,0.5123602154315728,0.6244764178902124,0.6654095426998916,0.6583528344095602,0.6521361849980514,0.6653983487624378,0.559288143389934,0.0,0.37428068410695825,0.0,0.0,0.0,0.0,0.08097157203151317,0.0,0.4778438918605044,0.2556419938721607,0.0,0.0,0.0,0.16442862163924593,0.6529202165926742,0.5766208170879542,0.5995274913691996,0.0,0.34761676773590927,0.216263159710976,0.3268207212011958,0.4117440229237538,0.5047212996141327,0.6826975900805683,0.4580796798761112,0.6981132355714929,0.36373326729563815,0.10511327199227434,0.8584482424458795,0.6411612379513141,0.761926816966855,0.6839950324543419,0.5361137617203531,0.7168130670840498,0.800667269261994,0.8529168496448482,0.6081300981538925,0.6540072005991856,0.6129875691773222,0.6514006670492228,0.5263917685215672,0.6299146970691882,0.22053314930075077,0.1530992950616065,0.43882111359317766
0.5421526684033274,0.5930196955901255,0.3857302351610708,0.0,0.23714241011364615,0.5690553559654333,0.2364741710925066,0.4532581655207495,0.31552553282220713,0.5316250068417399,0.2506897800591276,0.6638086827257846,0.7001433424411434,0.006107663707216276,0.7127979388593172,0.0,0.731080084062352,0.8427565973578115,0.32932807977006173,0.6903085539433464,0.6001049891633581,0.7602441315333099,0.5497261639323686,0.6502637861550986,0.6450600835770977,0.683602115972448,0.47799447196636646,0.7066655260727852,0.806659383236634,0.5436132415647635,0.5308723962523011,0.0,0.3272407471369487,0.0,0.0,0.0,0.0,0.06675899017624061,0.0,0.471889127078042,0.23848389704015482,0.0,0.0,0.0,0.0,0.5767999125514779,0.6365774801712603,0.36043799617948136,0.0,0.22038423206907615,0.25297448720351107,0.2866667375636042,0.3406506208649335,0.2896633950797118,0.6063539446552195,0.14627692295071607,0.6626934451780697,0.5199181395592758,0.0,0.7229155928616858,0.7529443767439501,0.7968651853886112,0.8069881835430459,0.33990413461582264,0.5822920523488403,0.6565784181428724,0.6465509862880928,0.4249680972862231,0.6111956104122588,0.6751364163595647,0.6894981385813578,0.3088800305204756,0.5989055582688566,0.34381737361341275,0.13457145934666392,0.3122991904924056
0.2101668211514101,0.7934527308626969,0.4625593743828098,0.011665489796861847,0.6553002085916273,0.691093317143299,0.2712547159171318,0.7167778741056346,0.4400431597251962,0.8384997632577632,0.35718760063834326,0.8583025754114539,0.6180787747276578,0.36082938875306636,0.6115569221287929,0.731080084062352,0.0,0.8751431576498555,0.35578850447488064,0.5826238865255282,0.3525623762246505,0.5057199634253092,0.6499743942296411,0.6832406085030345,0.7960789231460356,0.8367347279498656,0.5491845743772483,0.6606005180077962,0.637060575883194,0.27096538580277973,0.3146412043666793,0.0,0.08783421858668147,0.0,0.0,0.15496737488481366,0.07401774063535303,0.10292420452902667,0.0,0.19992672633907813,0.0,0.0,0.22306666333326136,0.18276312545052298,0.18750888024303883,0.21635016120053405,0.7193115554930697,0.5796310053804067,0.0,0.48754598983463376,0.6002604350818888,0.29826590123537783,0.6276356719085385,0.5103056739162958,0.693919737076534,0.49841895564008454,0.8253258039400375,0.706417469043812,0.2991665614549158,0.5856302392017609,0.6057026734888072,0.769724178973181,0.8025197328260059,0.4549794920641667,0.6447836360172211,0.4139270196412593,0.6033005438512198,0.6875873927958309,0.5917501522475255,0.7024092183494995,0.7535148278387137,0.5608361104550306,0.6856681347890093,0.37873802745256013,0.23752782878621734,0.267533705479313
0.2728132344983613,0.8054711981447231,0.4286973643879522,0.0,0.45901345639941543,0.740341814510184,0.15495276088725346,0.6266642530769383,0.36685191416824153,0.5871791209364762,0.29818440565228727,0.810782714821122,0.708510158732581,0.20859565907439698,0.6346283282995515,0.8427565973578115,0.8751431576498555,0.0,0.3661171054227187,0.6413681203911591,0.4200777327066507,0.617918956940408,0.6205300074440531,0.6081147754087767,0.8344713524761777,0.8582239650093275,0.5508489089892481,0.7290257883719247,0.8409206308908885,0.4501482080475709,0.3291997709717244,0.0,0.1865199149443228,0.0,0.0,0.05956679657000994,0.0,0.0,0.0,0.3415780168488747,0.0,0.0,0.07815438205220128,0.0,0.0,0.3242575153703118,0.6961051460106495,0.5051942754034479,0.0,0.4087661299326533,0.516318465989482,0.3334794091762896,0.526405102483779,0.4663099767146311,0.5500067855330081,0.3472585761691944,0.7634977808798765,0.6640211037830495,0.25760914326847534,0.6851294677605857,0.6243046360449241,0.7497100255078613,0.869902645719275,0.4671803808006854,0.6120662331380868,0.505770156920511,0.5609221818305739,0.5443949366806397,0.5764742775022247,0.664407623558137,0.7464663568313622,0.49370188443763396,0.6239792113923808,0.3301460077868126,0.1320412519758889,0.15569752584079213
0.36680390646684413,0.19055037452968648,0.6996492417293139,0.0,0.2545070191224456,0.4682389842625551,0.2767228020354368,0.4536643809992051,0.4369098295951213,0.29303678892703455,0.6932297670239991,0.3095380817357476,0.3551657818212187,0.1374312034580263,0.5040714882756545,0.32932807977006173,0.35578850447488064,0.3661171054227187,0.0,0.48931129305326393,0.3968846062572292,0.4491198523867546,0.5451133073532646,0.3215085701826255,0.3121648425913173,0.334657129151726,0.4913209097015725,0.21921591655187458,0.5427632302127965,0.37485207124089803,0.21893527971595747,0.0,0.31050630809329705,0.0,0.0,0.0,0.0,0.0,0.0,0.39353639774655336,0.1851197665864099,0.0,0.0,0.0,0.030096900081094915,0.4807852478987838,0.39721033292013697,0.5752623992627721,0.0,0.2617523173949465,0.2125903044017667,0.3420826362836585,0.2520885749604181,0.3563983061010693,0.43810017699090753,0.6356377482223364,0.33516124660719754,0.1826087872433182,0.1981101246419828,0.4038734301877975,0.42327945460256927,0.40976634752765834,0.4031513469368613,0.8800083073153623,0.40919244488017453,0.4380419115562524,0.4356836033056248,0.39180668289844556,0.2846265223940589,0.48061741057659746,0.3763476586324825,0.4200842725726066,0.2294012944295368,0.1832055917348692,0.0,0.14346312446925702
0.761565078869394,0.36405473819451384,0.6492448909047233,0.0,0.3362830718679467,0.7372955491819235,0.5350177416029913,0.6137058565689951,0.6570810360194269,0.4792409316471077,0.6605759937389027,0.5847951409966005,0.8313339088524572,0.0,0.8748902355315,0.6903085539433464,0.5826238865255282,0.6413681203911591,0.48931129305326393,0.0,0.8474634242841094,0.9581831834810747,0.75279993654569,0.6244912574064577,0.5324245046807081,0.5212964995593965,0.8165117418221567,0.6352000413765612,0.7946607566678987,0.7654611996102081,0.4826797247110037,0.0,0.4899948268931611,0.0,0.0,0.0,0.0,0.029428540544817052,0.0,0.6393710132339944,0.34629501110023114,0.0,0.0,0.0,0.16056533184822167,0.8032617125168101,0.456670085747692,0.5222018580432316,0.0463560162971216,0.2852549872262114,0.1420213495807379,0.5412463371619237,0.34023562401287266,0.5341788900024651,0.6892064620513576,0.3628454280026798,0.6409149191754975,0.2820536682390638,0.02970782399019016,0.6565868272300124,0.5957215150912933,0.7347275604270814,0.6496059899750736,0.47990195578496914,0.6723711230580751,0.8578362838184893,0.7587726122354395,0.5494003217733908,0.6323969763961372,0.622278415420789,0.5190186583856206,0.5595510322927562,0.5171019754650434,0.13788141709148422,0.0,0.28966541106313853
0.8460946449555823,0.12983719127153884,0.5279076560400595,0.0,0.024354334364540167,0.5006372528558298,0.484707938083558,0.42789796695047416,0.5171962981670034,0.348121536563446,0.5852654419495924,0.3842794522562322,0.7653753208997763,0.0,0.7452044308665825,0.6001049891633581,0.3525623762246505,0.4200777327066507,0.3968846062572292,0.8474634242841094,0.0,0.860695395209604,0.598548436497134,0.6407440701713418,0.2953223410030217,0.28955904626889484,0.5577352883714648,0.48751987506034156,0.7019262952054486,0.7929689696447197,0.49839031405682455,0.06303276639585043,0.6352376041060619,0.0,0.0,0.0,0.0,0.11600863428731124,0.00971567680711476,0.7014798094819596,0.5852436673859882,0.13898926916378215,0.0,0.0,0.15718671625265548,0.8671022932410869,0.22228377949139272,0.3242951719057917,0.12757811806202715,0.08473276762947124,0.0,0.34463039790276756,0.1327272176696332,0.29078959095926776,0.6581168377658746,0.16950527921777156,0.42575187360296773,0.002295815819290852,0.0,0.5190325284974345,0.48030243156800745,0.6262813891023505,0.43459093052542647,0.3361316554351754,0.3853072825709493,0.860821361215715,0.5728819164638985,0.27966824632423454,0.589662844112925,0.49123913716954615,0.3041084032102513,0.16684802587098532,0.30515414329002694,0.0,0.0,0.3028770007583183
0.828054625589618,0.3385581873293044,0.5730392799853817,0.0,0.19248231818240072,0.6518297274593777,0.4304485493249474,0.5343274736353956,0.5833313387517398,0.39409073177627607,0.5644751484240971,0.5680563592304629,0.7997158680914626,0.0,0.8803559712154372,0.7602441315333099,0.5057199634253092,0.617918956940408,0.4491198523867546,0.9581831834810747,0.860695395209604,0.0,0.6774752229767312,0.6762419898257181,0.4480912524864191,0.48265033427069354,0.7239727429963235,0.6128588467839969,0.74814160693823,0.7912786372885454,0.505488225610008,0.0,0.4907180526234704,0.0,0.0,0.0,0.0,0.04976259077996402,0.0,0.6386174062392387,0.41173189538344857,0.041128811417231965,0.0,0.0,0.10280459043973554,0.8445205865084848,0.4197179539307767,0.4289119289774201,0.00948639420838117,0.18171883526651475,0.03435250597726413,0.40087609169346844,0.2632892650289468,0.43470771719168155,0.6514833109040198,0.23653920701713801,0.6442425791324923,0.20745146904377693,0.0,0.691914814597456,0.6625067925012613,0.7211490367919381,0.6428689602089114,0.3995394765912173,0.6096236842005346,0.8926514992036177,0.7779228861625758,0.4460906513487727,0.6719562058914565,0.5818213703964388,0.5021544487753326,0.4255980423960618,0.4840200317555185,0.08907834020795752,0.0,0.2733676680127334
0.48370824739561,0.5074425090131547,0.8758724071491949,0.0,0.5695798913380806,0.9323316985407818,0.4310234457320169,0.907109332212469,0.7999511394646049,0.5893340437481683,0.8269932911986779,0.7270257923153394,0.7546402288395965,0.18734620214299622,0.7589493074857965,0.5497261639323686,0.6499743942296411,0.6205300074440531,0.5451133073532646,0.75279993654569,0.598548436497134,0.6774752229767312,0.0,0.6445214933668801,0.5660576500439568,0.6380862157573458,0.8888925333092171,0.5297822511004706,0.6364420862069978,0.5068782285537078,0.254837450592907,0.0,0.2905655445018859,0.0,0.0,0.0,0.0,0.07453296146736291,0.0,0.34375913988149476,0.02742646170367019,0.0,0.0,0.0,0.2384760718096321,0.4931920233868807,0.5359970883529512,0.878278742121579,0.0,0.6094396904181529,0.4740331625757428,0.4404576308404756,0.6890668087940395,0.7736011455088749,0.7520241331070023,0.7636752060984408,0.7780687106679525,0.3359678156091866,0.3247827625866813,0.6608571275103264,0.45858113296455855,0.6626382488067581,0.6536982374061784,0.6457194822223028,0.5000228062957431,0.7104052816495208,0.5846289221839333,0.9006748230275831,0.6230716061909486,0.5918168690041017,0.5859416819101136,0.7739201387546724,0.40121889762221036,0.051500608895647344,0.0,0.11548284485892286
0.5698381157505253,0.4484053841115889,0.47563195828040206,0.0,0.37857267217415147,0.5230711752300851,0.2011598421185152,0.6165949003378426,0.46980546338900814,0.6688163831270288,0.42803988082299343,0.719949487251843,0.50601718969213,0.18096403032865702,0.6816623409550302,0.6502637861550986,0.6832406085030345,0.6081147754087767,0.3215085701826255,0.6244912574064577,0.6407440701713418,0.6762419898257181,0.6445214933668801,0.0,0.5430532703327651,0.7005360140577918,0.49757310887269807,0.6323633124952608,0.5723749257689768,0.455778638192684,0.5698874566051229,0.038204973190112984,0.3432605024646097,0.0,0.0,0.010341220826296167,0.0,0.30885512100820606,0.10158186714164062,0.3427600341258811,0.24677891016451642,0.0,0.0,0.018033587558776022,0.27508643485887213,0.5583871767748637,0.501711101942435,0.5200610718440114,0.0,0.31167153855253493,0.24335858605807095,0.12716981033006058,0.5121526349376657,0.47095918708873963,0.7002480848081062,0.4184231521524676,0.7000503814844777,0.3375081104722095,0.14408020880549832,0.6615649560747751,0.6858701683665798,0.7288570806165889,0.6510551557400438,0.4199527253771308,0.6142336792117057,0.6927151812493892,0.7427178753581558,0.5444216538378067,0.8926186387795291,0.5517224955434585,0.6886362154704849,0.3885184239033361,0.6415880188900986,0.229436995708792,0.261018206392586,0.5577647448614714
0.15297157935661226,0.8918748156428435,0.34082008715718926,0.06716400097675468,0.6781137065809929,0.6843353435714765,0.2831345314031522,0.5690135406606339,0.40388430162935746,0.7754918475440465,0.27096620090825796,0.7450767089421986,0.5285229905240001,0.38755899313321934,0.5123602154315728,0.6450600835770977,0.7960789231460356,0.8344713524761777,0.3121648425913173,0.5324245046807081,0.2953223410030217,0.4480912524864191,0.5660576500439568,0.5430532703327651,0.0,0.8243490190361573,0.5087573612274544,0.6473228391633278,0.6515798379640777,0.28841950751701106,0.35329086784010183,0.0,0.012210226214859907,0.0,0.0,0.1764418517006612,0.08508101315061596,0.019661122878328018,0.0,0.09593807503072563,0.0,0.0,0.16098775378304517,0.20385217511423587,0.0,0.19469333264509914,0.7477319559759588,0.5201209628992836,0.0,0.47311295154304905,0.6402838422183489,0.3098316005605806,0.5358813520341709,0.48843050842894986,0.5795256627702886,0.4449478135749317,0.7132966029614555,0.6853774412842756,0.30686842727094515,0.5298756190227574,0.5393274438414262,0.6404481275682323,0.7849381809022414,0.43289863838912895,0.6065340153204092,0.3332911243162845,0.5226638446771998,0.5936277212833765,0.5088843305979649,0.7437164851981567,0.771411503256419,0.5495517555066504,0.5772733929242684,0.4338287580038009,0.26291556844180214,0.23953812620563505
0.19386885181318111,0.830418849473361,0.43623755538394976,0.1653999794130851,0.6890014887804865,0.6200719365204117,0.0,0.7035653147981308,0.3563160413889216,0.6779096105457396,0.3244214692427239,0.7935029383214939,0.4050865630729363,0.4765760438247721,0.6244764178902124,0.683602115972448,0.8367347279498656,0.8582239650093275,0.334657129151726,0.5212964995593965,0.28955904626889484,0.48265033427069354,0.6380862157573458,0.7005360140577918,0.8243490190361573,0.0,0.4905052970051873,0.6725051483331477,0.6092313127419257,0.31023323496756344,0.44994719456384163,0.0,0.0,0.0,0.0,0.34693221824122783,0.22690200949287612,0.0,0.0,0.08045895573635185,0.0,0.0,0.3847241685248298,0.22992895627456073,0.054057718731337794,0.17737780852043378,0.793161101757261,0.6443552738050283,0.0,0.532388229917729,0.6128870470814431,0.12490264102357085,0.7128439368647221,0.5391898517176033,0.5306836691592753,0.5691346916539437,0.7366658924401582,0.6339826412686933,0.35413993307999936,0.753998396326863,0.5822817600927896,0.6554284456899835,0.7913194897541145,0.5332269435358211,0.7238244470443959,0.4040736789446679,0.657696347862502,0.7083422990593324,0.6877947587118017,0.5693910396136653,0.9319001487219257,0.6024691988536691,0.6859580520240159,0.45349450338766395,0.42841907002152785,0.34841939004877415
0.4906091241193959,0.4900070155916667,0.7815922335391129,0.0,0.5663174420915055,0.9177844354595255,0.5315142315816676,0.7808762092837481,0.9058685491155315,0.4602063144725742,0.8239745365387028,0.6240409192305516,0.798707574606951,0.04952903836874188,0.6654095426998916,0.47799447196636646,0.5491845743772483,0.5508489089892481,0.4913209097015725,0.8165117418221567,0.5577352883714648,0.7239727429963235,0.8888925333092171,0.49757310887269807,0.5087573612274544,0.4905052970051873,0.0,0.3825374221144649,0.5972370061145525,0.4916641039106814,0.08117736726344837,0.0,0.28399320811943907,0.0,0.0,0.0,0.0,0.03529545522457224,0.0,0.38169299012585434,0.01675664025444338,0.0,0.0,0.0,0.28713330817682126,0.483356927437644,0.4851284975727826,0.68499348981281,0.0,0.5492614085057042,0.46245192381323585,0.5765472446685761,0.5224769885124233,0.8220486688994972,0.6347470457384033,0.5813070493125132,0.7226237519347303,0.2877447478660291,0.29941929629908814,0.4709700773254117,0.4137300154503062,0.5350289223339251,0.5403253904021501,0.48254093627279476,0.43035170864089695,0.6213322121462528,0.4778595471999217,0.7640058749778561,0.46256187381168523,0.5833098329860479,0.4195059006420592,0.8556415378599715,0.25389338752816587,0.0,0.0,0.0
0.36569725455026814,0.5429271206437567,0.34474516111233616,0.06605451876385178,0.4641442252342245,0.49335048361430334,0.2182422652125065,0.42899769079401184,0.2776614957343678,0.5476851268575359,0.17559838626886343,0.627161196050593,0.6047869412652712,0.2905207104385209,0.6583528344095602,0.7066655260727852,0.6606005180077962,0.7290257883719247,0.21921591655187458,0.6352000413765612,0.48751987506034156,0.6128588467839969,0.5297822511004706,0.6323633124952608,0.6473228391633278,0.6725051483331477,0.3825374221144649,0.0,0.6688851023948263,0.49305758046846704,0.6432130631535895,0.011260150470522062,0.16161278933613948,0.07009209378687675,0.0,0.13295386489663932,0.10775479045789882,0.08336281600257832,0.0,0.21297667292199082,0.1905589671966941,0.0,0.0,0.13679322995917687,0.0,0.3743562781965055,0.6096801073592104,0.43721049066601964,0.14126287619037764,0.25372971845027675,0.3390066732012165,0.35308942169910135,0.38931245582395463,0.2748406576498222,0.5079208428550305,0.24402860149180194,0.5950006702120677,0.5970225348961387,0.06453824750393442,0.68146041613257,0.6266323046354672,0.751806427490457,0.7490842023655017,0.3132587336698291,0.7286256094940372,0.5855064508662382,0.6847183484147477,0.5042796154977969,0.6626716689115766,0.5244102971085647,0.6544687159963071,0.3715723112504439,0.8202458180713622,0.4314103533655615,0.3601964511103443,0.5340878890727032
0.5458180102045543,0.5359806285485866,0.5399603231419443,0.0,0.24905115140826076,0.7225663107961066,0.40900242219153626,0.5556569029781582,0.4002819908902146,0.4286242028819136,0.5022002962006923,0.5913025156517916,0.8667053478536472,0.0,0.6521361849980514,0.806659383236634,0.637060575883194,0.8409206308908885,0.5427632302127965,0.7946607566678987,0.7019262952054486,0.74814160693823,0.6364420862069978,0.5723749257689768,0.6515798379640777,0.6092313127419257,0.5972370061145525,0.6688851023948263,0.0,0.6549228921624938,0.38812095041789413,0.0,0.4650444465645862,0.0,0.0,0.0,0.0,0.0,0.0,0.5805187652010805,0.22648656632936884,0.0,0.0,0.0,0.0,0.6222088368811867,0.5765138106897443,0.46522201468795055,0.022604498901589967,0.20284218637080104,0.24660169643114033,0.4237908672308377,0.34584404465251134,0.34338214737518374,0.6043779228815697,0.28849347792157515,0.5985923992607401,0.4392817093009958,0.05947350854237128,0.5920267658529946,0.6054096812217394,0.6986348117220922,0.7336775075673889,0.5470449309750999,0.5089299287532967,0.6666883568947082,0.5139661914774207,0.4444185196253057,0.5930164782766107,0.6937436248634676,0.5636297270142436,0.358047840589777,0.4290824293827333,0.2922474630507287,0.0,0.13842548110029124
0.771441374867394,0.09991946954740706,0.4146162595622298,0.0,0.0,0.41062634202210024,0.2730378162327874,0.383503100155896,0.3533599016204379,0.12646259104101268,0.42564632770836164,0.35537907441566474,0.6167900529369296,0.0,0.6653983487624378,0.5436132415647635,0.27096538580277973,0.4501482080475709,0.37485207124089803,0.7654611996102081,0.7929689696447197,0.7912786372885454,0.5068782285537078,0.455778638192684,0.28841950751701106,0.31023323496756344,0.4916641039106814,0.49305758046846704,0.6549228921624938,0.0,0.5835377806683961,0.0,0.5435736078788934,0.11156840261449402,0.0,0.0,0.0,0.0,0.0,0.6052024642899476,0.46095978677070437,0.08029077583557553,0.0,0.0,0.0,0.8061120261372177,0.19021045623925945,0.2693135811989142,0.14220406233545327,0.0,0.0,0.2630752522810054,0.14018876886328396,0.19216410722856353,0.4952333361322401,0.10270614780103458,0.40110168499828086,0.015098986039897823,0.0,0.5159744500805331,0.3291673845794774,0.48923152378293855,0.42938874919319964,0.38745355195351566,0.38276310593700685,0.7511717052940811,0.5164264054914,0.22976014514270515,0.5309013708798508,0.3534310310244304,0.33546785280694347,0.18639163283784868,0.347439543474253,0.0,0.030698551144444055,0.24179778906066066
0.5629969899788834,0.18884437194400708,0.14706798751727423,0.0,0.06064003745600504,0.02565118164280534,0.013873310515941931,0.08408303585676595,0.03372042066181585,0.3726201816312339,0.02167003598040804,0.2778314018125114,0.17776851506861546,0.06484612695037613,0.559288143389934,0.5308723962523011,0.3146412043666793,0.3291997709717244,0.21893527971595747,0.4826797247110037,0.49839031405682455,0.505488225610008,0.254837450592907,0.5698874566051229,0.35329086784010183,0.44994719456384163,0.08117736726344837,0.6432130631535895,0.38812095041789413,0.5835377806683961,0.0,0.2879160372898507,0.23254316134934952,0.43775956372108915,0.07812700752180642,0.116940622169259,0.11856156223098246,0.2141096485757071,0.25344813884048906,0.2654020767779,0.38768581290625825,0.14359454592836668,0.0,0.12194916413788275,0.05938208323077606,0.5509350890846124,0.3923814142875743,0.1734838353110294,0.12169218770511721,0.0,0.0,0.09186161828990144,0.0664798202915522,0.0,0.38978173357937423,0.038078601900480125,0.2353876499219917,0.19300109935718912,0.0,0.5906545445107342,0.4951608826816253,0.5447264673243132,0.4711310330917168,0.2664994342293892,0.6300521666264771,0.5482633506469599,0.6379024000070211,0.17965277581758288,0.5758195312971512,0.29643554602398464,0.5419107675546317,0.05284010338093129,0.635228592940725,0.4683191340228942,0.5390935708758452,0.7769808922016168
0.10773651060719379,0.0,0.0,0.007880048711902322,0.0,0.0,0.10603035108374358,0.0,0.0,0.10407710022029383,0.0,0.0,0.0,0.0,0.0,0.0,0.0,0.0,0.0,0.0,0.06303276639585043,0.0,0.0,0.038204973190112984,0.0,0.0,0.0,0.011260150470522062,0.0,0.0,0.2879160372898507,0.0,0.24407347995529427,0.33253127839207963,0.43425876429853805,0.0,0.21788476655859637,0.528535282702512,0.901768322807779,0.17525898151082495,0.5080471809934092,0.5365144802862696,0.0,0.24574100727684295,0.197165647638213,0.06772694840603023,0.0,0.0,0.23962369755854898,0.0,0.0,0.0,0.0,0.0,0.0,0.0,0.0,0.0,0.0,0.0,0.1433330844589096,0.043235272140092415,0.0,0.0,0.1325647232930497,0.0,0.16824733050251825,0.0,0.0,0.0,0.0,0.0,0.0874802662375381,0.057958032729727854,0.17389473388743615,0.5685257252056565
