0.0,0.32323799715148493,0.12589898194213925,0.0,0.4214621066401867,0.04256298856510981,0.18577252758307172,0.0,0.13920182858838,0.2314433351430026,0.2930619031647459,0.0,0.20400491144686886,0.0,0.567184847435249,0.5738430933603516,0.42888672433924635,0.5548516846280126,0.27530793958573685,0.5673624442922325,0.737781340386749,0.596063943832671,0.21917801913592563,0.3985869249536249,0.6267875440056776,0.4645697580017136,0.2570211343842047,0.0,0.5410554588840364,0.0,0.6340924775898363,0.15624010881561218,0.2508229621109172,0.08792947309563895,0.0,0.12192486164975762,0.0,0.3246417441966963,0.09766546936271982,0.0,0.0,0.0,0.25111464331091343,0.17906534785854494,0.222854635942927,0.6873656451455215,0.3894614628318213,0.28938420272965104,0.07781720450751585,0.0,0.10472378669406981,0.0,0.0,0.3803028265094322,0.04407997689644406,0.11900146535385964,0.0,0.33010158848044713,0.0,0.6066324677087387,0.11123846680899252,0.16669009587695613,0.26830115217795325,0.04276326543276396,0.644244187118654,0.719861429372095,0.7132360876985103,0.37055027548633807,0.38829522882107437,0.506190868761887,0.4638973055924647,0.40681333130459635,0.4273726733616128,0.6394221004671803,0.0,0.17253455345350494
0.32323799715148493,0.0,0.3164382516981131,0.3518769435017137,0.3922634808196465,0.4249269801829983,0.6176256344181301,0.13164128339719813,0.13547308143272307,0.725930520189971,0.3210190595725687,0.6088921131618146,0.34376747594929163,0.11717395460997436,0.2060595702451322,0.5887969616204528,0.7849225977101938,0.5954365106569048,0.5451276242179267,0.43684232889173624,0.2889846352718611,0.5879935100910136,0.35198069462631193,0.39439852626061606,0.7886621819730016,0.8008176070589818,0.14872619556836403,0.0,0.37511114036075766,0.05868842455830577,0.220399121100894,0.1346879726257175,0.3186205613096598,0.26305472892191706,0.0,0.10303803750060521,0.0,0.24907018345130355,0.17023223735044313,0.0,0.0,0.0,0.33178823415327807,0.4190468398392562,0.26101588935540665,0.24778007126891022,0.5716887930042214,0.20451129650217753,0.31078301720586593,0.0,0.5612743766919397,0.23020378430815414,0.04343756961777849,0.4757533239512363,0.4885947626513365,0.0,0.5068623059648073,0.491831860062989,0.0,0.21759939016215424,0.3394559952417062,0.585084881942584,0.43457635450020127,0.11882927304177665,0.5292906275876117,0.17927099063335813,0.5153037917773317,0.279061950204396,0.47902647129246584,0.6675547464213335,0.7378383386356375,0.25371526422276064,0.5392734531306412,0.4672367336340374,0.0,0.0854671100179959
0.12589898194213925,0.3164382516981131,0.0,0.0,0.3272863956486917,0.4317184572801434,0.4569103636234204,0.3941359210301864,0.5987713853335237,0.12342781358085476,0.817464780200711,0.25001781692367836,0.04455441617710223,0.0,0.22000749023878707,0.0,0.04972203171197254,0.0,0.7885277409058423,0.0832892471094516,0.050097913592983885,0.04329102895306554,0.4888021273929471,0.3645561947374822,0.12741660317566772,0.3870831334524388,0.3232156761367334,0.10382704908686359,0.1093146430927776,0.0,0.0,0.0,0.29590458853969187,0.0,0.0,0.17447717876554578,0.0,0.07288157725535656,0.12318466339472807,0.31349156047938054,0.1782989958281321,0.0,0.060708067190320215,0.09810764743431447,0.08987698781097005,0.0,0.28068848190305296,0.6934423565576011,0.0,0.0,0.339061237154035,0.0,0.360063865306613,0.41150851773956826,0.011405560667127583,0.66151265291428,0.12418824910589926,0.0,0.0,0.0,0.0,0.010864750942415461,0.0,0.5290544864799166,0.28287672790247004,0.09391075761398235,0.039824050765335205,0.18741086467565993,0.2450782171724394,0.10010363465229519,0.23894787335511178,0.10442384021511852,0.0,0.04248688849424399,0.06838674865782479,0.09227198633428688
0.0,0.3518769435017137,0.0,0.0,0.0958112308150212,0.0,0.1759668742278035,0.1116712274125561,0.06751000836931542,0.6603080489254953,0.0,0.6226389064855542,0.0,0.16851341157944646,0.0,0.15628333721292523,0.3917558968636435,0.1720582844313994,0.02057498904071034,0.0,0.0,0.0,0.07765816620311645,0.030664509752176824,0.17037941798292988,0.3308464288207977,0.0,0.14567778077199522,0.0,0.4005898353729165,0.19806887370354864,0.0,0.0,0.09102259598970841,0.0,0.0,0.24397248342004949,0.0,0.0,0.12317185683305021,0.0,0.0,0.16141841049227326,0.05784230040651239,0.012590778983383755,0.062101154011250256,0.0,0.0,0.43283187128752176,0.4540940186613017,0.04933246194745365,0.611963687468814,0.0,0.2842196757593962,0.6840354388154387,0.0,0.7171212706948714,0.4257416363394818,0.4690563283105239,0.0,0.2946532235108766,0.5972805473282539,0.4354409650439419,0.0,0.0,0.0,0.0,0.0,0.3116281652260348,0.26464545875699813,0.27217195839715774,0.0,0.47474573438683537,0.0,0.0,0.25277845953282313
0.4214621066401867,0.3922634808196465,0.3272863956486917,0.0958112308150212,0.0,0.24266512563154355,0.6839294957357605,0.25201801670183877,0.6047408542953934,0.3438128131400901,0.7074971011098807,0.17853632577570103,0.2577697646869842,0.05664639815235863,0.5720458563224574,0.537954359211712,0.4054784028998221,0.5316090607964228,0.5742045646606853,0.7119800337006864,0.594837457961184,0.6713599344849609,0.4128470788191278,0.09903523800655029,0.5616361929796492,0.4330618993773689,0.5947692117684534,0.0,0.6078018178217229,0.12083174829420967,0.2534304605977495,0.0,0.0,0.0,0.0,0.0,0.0,0.17765162209913593,0.032116048499880784,0.0,0.0,0.0,0.2793514578670938,0.21422442415447587,0.22771772885666283,0.31981179166051177,0.5029020777467986,0.20215704214594518,0.0,0.0,0.3340436553532204,0.2516082887900885,0.19263107207829075,0.7582420391969135,0.12945016796456116,0.26730057925576556,0.06608957133242711,0.46994212250865003,0.0,0.5108112210573568,0.0,0.2361193323493426,0.15284471298734714,0.27145866480893116,0.5497785109149333,0.4610167972329526,0.5567549448131008,0.483844666008103,0.1006797017456763,0.43607490962652223,0.45021145050401024,0.4391792725890796,0.40091126401840627,0.49874082755458743,0.0,0.0
0.04256298856510981,0.4249269801829983,0.4317184572801434,0.0,0.24266512563154355,0.0,0.4457630380538337,0.5773271856977206,0.5984988469416257,0.14543376789860465,0.430419989843187,0.31702167989980923,0.19902228740544403,0.0,0.1752811238829617,0.0,0.038192769298187115,0.0,0.6196788705755096,0.16012176438623998,0.07369170638503775,0.037966287305133524,0.7019154219038676,0.44630433624184374,0.17443065628741172,0.4566435153383685,0.579143580316879,0.20794435021225208,0.4328171800246918,0.24513714749824145,0.0,0.12932028196228226,0.2748208563089917,0.041699137349784934,0.0,0.1640184972489424,0.0,0.18360357650561773,0.16975488153860815,0.2831542144867343,0.35353205480100647,0.0,0.1602118220476847,0.014938422484015048,0.2019518695860335,0.0,0.47717697129513176,0.40205133531969756,0.0,0.09953237334763608,0.49964337599852043,0.09083203298954316,0.5014227556698337,0.29171155015447303,0.09323553271827255,0.27925963394126185,0.2131258215026282,0.018899085038351873,0.0,0.02512112827742948,0.10402416385421222,0.11656158340773914,0.0,0.3736279147640882,0.06171865297456321,0.0,0.07395740908977678,0.34988648396728245,0.25497109695441694,0.29380198619008546,0.3004275933020475,0.21587668849924566,0.0,0.0,0.08544832630946375,0.06112302745250579
0.18577252758307172,0.6176256344181301,0.4569103636234204,0.1759668742278035,0.6839294957357605,0.4457630380538337,0.0,0.13062130161099927,0.399126572919599,0.3844753783311999,0.626726382400721,0.3057741614349669,0.27890650658680394,0.08642925150564361,0.3301916064719655,0.3406118069453468,0.39169963408207037,0.3202172883662934,0.6003163430635041,0.40845548868702414,0.25247667065203244,0.42764504238263296,0.39010558353235936,0.1594493655699887,0.5483737642910576,0.5072687256224689,0.4571578757305885,0.0,0.536184246656622,0.12035736215736569,0.06987798981870817,0.0,0.06736211435724845,0.0,0.0,0.06546687138425024,0.0,0.10529782922252562,0.0824973508165407,0.0,0.0,0.0,0.25128743954109367,0.29651046425678956,0.07848608769084711,0.11266758172699538,0.4023011698979835,0.21921054035086643,0.0,0.0,0.28746840020449005,0.16715814322704367,0.048042875275176325,0.4958441717754064,0.16425756270195085,0.23329935937331497,0.15556369272348716,0.1472969512161664,0.0,0.19046778915927465,0.0,0.1846767158369336,0.10051703515345897,0.24636628387477866,0.3987629175715672,0.14000011875992058,0.34037081269694913,0.15024291933292028,0.0880507684887834,0.36836645403449947,0.2746079346972844,0.2994836851887713,0.21267010823840332,0.36094955967701503,0.0,0.08161161402027313
0.0,0.13164128339719813,0.3941359210301864,0.1116712274125561,0.25201801670183877,0.5773271856977206,0.13062130161099927,0.0,0.5941639878829067,0.1210703881872385,0.3546984289421458,0.39380753892086934,0.0,0.0,0.0,0.0,0.0,0.0,0.5085290071913104,0.0,0.046743021270848416,0.0,0.738219614185507,0.3572517266731036,0.0,0.28674988963635334,0.16915472395011144,0.0,0.0,0.3985596893658091,0.0,0.040935040549686455,0.21499691887061892,0.0,0.0,0.10401778249535484,0.0,0.0,0.07134990541272664,0.3227611930887669,0.0,0.07361358707227907,0.16187577612666754,0.0,0.14677560094513867,0.0,0.21088160511145088,0.3025102840476375,0.017835756171257797,0.35998497733537965,0.33351730749881064,0.2365496724310423,0.7998571705299564,0.3688763963961469,0.16898094801667607,0.2256821595186267,0.352465018069705,0.13167601816268,0.24440835366054492,0.0,0.0,0.07308364347812434,0.0,0.43798137944787785,0.0,0.0,0.0,0.41185863603304784,0.2885754509904762,0.0,0.20361728852284652,0.0,0.0,0.0,0.0,0.0
0.13920182858838,0.13547308143272307,0.5987713853335237,0.06751000836931542,0.6047408542953934,0.5984988469416257,0.399126572919599,0.5941639878829067,0.0,0.25575381003480585,0.7127080734515676,0.30784220810890595,0.16822098294341165,0.0,0.30379829551978804,0.0,0.0,0.0,0.6813601923934293,0.259223766438757,0.3152217892447742,0.1194660107191477,0.5729283273763595,0.16651916327105332,0.03555036028154981,0.3444097607273613,0.582885713337242,0.1448243705994289,0.3235697793234142,0.38530695413130833,0.0,0.0,0.13258804276453195,0.0,0.0,0.0,0.0,0.0,0.0,0.2890241655155628,0.0,0.0,0.0,0.0,0.1833449931512664,0.03172369687743939,0.2586975009472133,0.4498326956528667,0.0,0.44159821289639895,0.31816960132181227,0.4395857671055114,0.4808626514942432,0.7755086373266024,0.2958866520443301,0.43367330788307584,0.2727822360467846,0.32142269248736777,0.16858545397693123,0.2499796456868554,0.0,0.283328677133929,0.06780274986917287,0.36249099684331565,0.12493159367275475,0.08126428127067042,0.07260664775091329,0.35290742192845176,0.2147951165914585,0.2038152007560637,0.2885399905594879,0.20256040921525723,0.16928636631068672,0.0,0.0,0.0
0.2314433351430026,0.725930520189971,0.12342781358085476,0.6603080489254953,0.3438128131400901,0.14543376789860465,0.3844753783311999,0.1210703881872385,0.25575381003480585,0.0,0.10590801871031849,0.8866887029346524,0.24524590687301964,0.01261660703495156,0.0,0.44277017929040946,0.801396055063227,0.5087911140445885,0.3606430507359019,0.18281716954087596,0.25335501203255856,0.3810871104278744,0.1910459464785544,0.2669342924865544,0.5688423799834638,0.7507915259861851,0.0,0.10054825458176372,0.043293690395488055,0.30396548917063854,0.3567316831392893,0.0,0.23423666631635276,0.18415594687468606,0.0,0.0,0.0,0.1428976882509235,0.0,0.06581085119352306,0.0,0.0,0.27131383051078584,0.20088150717925368,0.1937211618307955,0.2818152891197773,0.19406610236818933,0.004063740409855418,0.41461181678199527,0.2585228834959067,0.30505796782227645,0.6482594507082055,0.0,0.6116311123183105,0.8904763277208095,0.0,0.8774241641952233,0.6866106944585003,0.20974666256225094,0.1988189930915338,0.4577650210186331,0.8918266762452877,0.6923696747261427,0.0,0.2727063480659002,0.0,0.27388754500866147,0.16578069560119427,0.5766102809709779,0.6208750484753971,0.7196179629118044,0.0,0.6883280449365649,0.31325376235555735,0.0,0.23299714498701116
0.2930619031647459,0.3210190595725687,0.817464780200711,0.0,0.7074971011098807,0.430419989843187,0.626726382400721,0.3546984289421458,0.7127080734515676,0.10590801871031849,0.0,0.08561389935079197,0.17982098533271676,0.029858748409719724,0.5310089297377696,0.221683621745905,0.1822802206975537,0.2097691554735221,0.811386194261357,0.5172020355995927,0.31478279854814195,0.4248762936167986,0.5278069340329777,0.26150808576022994,0.3247965534310091,0.30696791636074455,0.655761073340143,0.0,0.5060513724557079,0.0,0.0,0.0,0.20494500327126852,0.0,0.0,0.07928598145534704,0.0,0.16408942900341383,0.16882053682768342,0.04331117916617419,0.0,0.0,0.24483346820609356,0.21169030102495057,0.19511492063203056,0.0716992329861853,0.5544848326146753,0.580303140985312,0.0,0.0,0.45871197569954053,0.0,0.40228515245051966,0.6126575318994572,0.0,0.7460841217399816,0.0,0.1366289939474423,0.0,0.3011191492839951,0.0,0.022465953712101448,0.0,0.4797182355420782,0.47292759909637244,0.408547690591864,0.36329922130650205,0.454081311768442,0.0733580974404557,0.23153561573016523,0.2988700865367249,0.4219063024370542,0.13732578277274754,0.33409991562306596,0.0,0.0
0.0,0.6088921131618146,0.25001781692367836,0.6226389064855542,0.17853632577570103,0.31702167989980923,0.3057741614349669,0.39380753892086934,0.30784220810890595,0.8866887029346524,0.08561389935079197,0.0,0.1587898527097911,0.0,0.0,0.13124983365515958,0.5684254538090784,0.212393688846822,0.4107278718403441,0.0,0.047189048350224756,0.07318698325001739,0.32806103129914854,0.40721304092681687,0.27166701344026317,0.6979019840570326,0.0,0.2509939611557429,0.0,0.4192229753933301,0.07076136405231397,0.0,0.23689610955450144,0.133442551365257,0.0,0.12560791050149026,0.16316374876418643,0.1326839689836789,0.0,0.24048399125565062,0.0,0.0,0.24086411792328377,0.1728111399172322,0.2093796895036507,0.03688190193642045,0.09601642295241654,0.13348705221611518,0.42529704187655065,0.37500730353653833,0.3076656388574268,0.5960995514289772,0.2013846118877133,0.4878634221440112,0.8214022890569064,0.0,0.9712221589600467,0.5349512143526165,0.2622017022525243,0.0,0.41185186347819847,0.7719134963431858,0.5110439849126054,0.056738559395996375,0.10766898905595071,0.0,0.016546345954351414,0.1569971560209556,0.6211135677195173,0.4373025415102339,0.6252856627681566,0.0,0.52733887957104,0.0,0.0,0.25354639047449
0.20400491144686886,0.34376747594929163,0.04455441617710223,0.0,0.2577697646869842,0.19902228740544403,0.27890650658680394,0.0,0.16822098294341165,0.24524590687301964,0.17982098533271676,0.1587898527097911,0.0,0.0,0.2898784306890123,0.37958911661760664,0.395565460438169,0.38229205265201055,0.2090130383147916,0.34841717280911433,0.41556473843279906,0.339205213954465,0.020304512033453462,0.08105912381050707,0.22192041049465427,0.45390028917666336,0.10801668319427829,0.2817596768404878,0.2847587220067089,0.07895570749998813,0.37297888259524425,0.12377949162287762,0.1909716201791875,0.15253987150926435,0.0,0.0,0.0,0.13179382383741478,0.0,0.0,0.0,0.0,0.0,0.004617645869510045,0.0,0.11972699847716618,0.08001401240097475,0.18084768368965362,0.0,0.0,0.07601861704831671,0.06094591263756001,0.0,0.2849484368201163,0.11546218988936066,0.058918027813402815,0.07951225878734905,0.4329015454423374,0.0,0.23756587323193953,0.0,0.20747269009457397,0.13487975424905385,0.058698029759281276,0.24669884658556923,0.16546183848226428,0.24015753143776578,0.032747302207851034,0.12896251115171625,0.04734773059331779,0.35920584074682427,0.17148399000857276,0.22653652278593703,0.2038296505534934,0.0,0.0
0.0,0.11717395460997436,0.0,0.16851341157944646,0.05664639815235863,0.0,0.08642925150564361,0.0,0.0,0.01261660703495156,0.029858748409719724,0.0,0.0,0.0,0.0076868422118680545,0.036472434295705146,0.11446472946506345,0.05928348379240567,0.0,0.1481804146295134,0.0,0.1397239689032169,0.0,0.0,0.2103024364305772,0.0,0.11092268970543138,0.0,0.060398194894422996,0.0,0.006324012867753016,0.10957270172903243,0.0,0.022794196336337832,0.018304801889252178,0.053735821090786014,0.08806806142515877,0.024126877221770312,0.2104340283612806,0.0,0.08039042523093594,0.09385748193097322,0.34078059825858553,0.15079261725855267,0.08029173812793741,0.02696395707521804,0.17681841125001896,0.0,0.20318907836575856,0.0,0.26507900754059577,0.0,0.04926309519334377,0.0,0.06651643631918704,0.0,0.0,0.02204067897499728,0.11269619270067872,0.0,0.1030856691780528,0.11467835695921103,0.03888308058014119,0.0,0.1444294944546359,0.0,0.1371187279624468,0.13518193474019896,0.0,0.1528740896926084,0.0,0.18192168240056686,0.18471633751755012,0.20137003922653673,0.08382296408231006,0.2336208789670807
0.567184847435249,0.2060595702451322,0.22000749023878707,0.0,0.5720458563224574,0.1752811238829617,0.3301916064719655,0.0,0.30379829551978804,0.0,0.5310089297377696,0.0,0.2898784306890123,0.0076868422118680545,0.0,0.45438053812337204,0.20290002827549547,0.4060492260418723,0.37772547414812063,0.7360591078142894,0.6579891555531439,0.6667310108381287,0.24878215111969526,0.11156106662168677,0.47612536733730826,0.20001433285803416,0.6303957387667025,0.0,0.7189454784984314,0.0,0.3500893429851898,0.11483551062663629,0.04794165890211252,0.0,0.0,0.0,0.0,0.33609464348491114,0.1781397637480654,0.0,0.0,0.0,0.163615104788486,0.22609915181735096,0.2135954935243062,0.3908780827749959,0.5083522665988937,0.3553132894220034,0.0,0.0,0.3053053759173169,0.0,0.06406449977795556,0.4508859512181219,0.0,0.4149607652766742,0.0,0.29617914267177664,0.0,0.7474955233338285,0.0,0.0,0.12644770682652376,0.24997387358680817,0.7094226659512769,0.7313906043011416,0.7465483700822334,0.436042292359973,0.0,0.31376590586905295,0.32353474772301927,0.7115546192374952,0.3133415322456141,0.6483128905102405,0.0,0.0
0.5738430933603516,0.5887969616204528,0.0,0.15628333721292523,0.537954359211712,0.0,0.3406118069453468,0.0,0.0,0.44277017929040946,0.221683621745905,0.13124983365515958,0.37958911661760664,0.036472434295705146,0.45438053812337204,0.0,0.816267533736137,1.0,0.22398647041779998,0.8169614639618425,0.5965590904180279,0.9512504125872203,0.021320791532094333,0.1510556398312055,0.825927077675156,0.37861771968759955,0.1276574991626169,0.0,0.4971783402522059,0.0,0.6030241718761419,0.0996909558034035,0.07372678676975625,0.05027406308559675,0.0,0.0,0.0,0.388747758468494,0.04143755190870617,0.0,0.0,0.0,0.395892437302645,0.45190592718779055,0.1932116296607021,0.40712763886786857,0.5292012908385786,0.02495923864740338,0.22635946232338544,0.0,0.25092246531105733,0.026446648362253446,0.0,0.35914096183478056,0.13497633747613452,0.0,0.06241400132275997,0.59455552924019,0.0,0.5872350929907186,0.0,0.34173923617417007,0.2564933212807217,0.020418590804689496,0.6292030063087749,0.5962385087274708,0.7702635939817106,0.41204342742437977,0.19251578553592183,0.5682252579969501,0.5695361861273607,0.46163053805885434,0.5989236734914913,0.7047569170219737,0.0,0.0
0.42888672433924635,0.7849225977101938,0.04972203171197254,0.3917558968636435,0.4054784028998221,0.038192769298187115,0.39169963408207037,0.0,0.0,0.801396055063227,0.1822802206975537,0.5684254538090784,0.395565460438169,0.11446472946506345,0.20290002827549547,0.816267533736137,0.0,0.8872331344417854,0.3093236704614791,0.582601543056673,0.3701286161073105,0.7493472937842758,0.043853483713826615,0.3335878897180483,0.8284219890496549,0.6446737228356031,0.0,0.0,0.35072796473770346,0.008301692959326167,0.5448715485907789,0.09392991598739794,0.25072961071041805,0.1650851081262953,0.0,0.03244888639462632,0.0,0.422830259171573,0.06754427834761026,0.0,0.0,0.0,0.43145389013014485,0.4812824863649082,0.20345290289294055,0.3413780320435654,0.4565821571224375,0.05248681834214758,0.4699653053549367,0.0,0.3232305946398446,0.21164231142802511,0.0,0.4088408080955196,0.5127024259948526,0.0,0.4813503839081178,0.6258712472319521,0.0,0.36564403427355247,0.28502146838922404,0.6932365198036851,0.49366851264429,0.0,0.5632027547061454,0.34801138494874545,0.6230354480972212,0.2722559207642193,0.46492732040663204,0.6771209684836967,0.7515352038818488,0.271271282855277,0.7268944260071075,0.6318739455389047,0.0,0.08228064943596167
0.5548516846280126,0.5954365106569048,0.0,0.1720582844313994,0.5316090607964228,0.0,0.3202172883662934,0.0,0.0,0.5087911140445885,0.2097691554735221,0.212393688846822,0.38229205265201055,0.05928348379240567,0.4060492260418723,1.0,0.8872331344417854,0.0,0.2140173016174115,0.8156019823333953,0.5591342385503659,0.9539477889744015,0.0,0.18908442993906893,0.827768544682747,0.3928680024631404,0.05800599436013679,0.0,0.4492895435524519,0.0,0.6182470289065897,0.10194119754410513,0.11548690446119467,0.04661290420318136,0.0,0.0,0.0,0.4190571156849442,0.03265147936349083,0.0,0.0,0.0,0.40324423884767274,0.4968351779053997,0.2101240200006828,0.3937518861599838,0.5033922044094944,0.015508933236781916,0.3184230406908216,0.0,0.24803063469524136,0.0260340470178302,0.0,0.3555776138106786,0.199563705314905,0.0,0.13899218847589492,0.6065218337558376,0.0,0.5519775785882337,0.06466619282300291,0.3990708565049284,0.33329670558503155,0.016974690254386186,0.668188180282125,0.5621958861995239,0.7856433698359175,0.3825391067524949,0.261573151975813,0.5896103984721688,0.6147392729322338,0.40101619556647067,0.6603356210681497,0.7117587975072128,0.0,0.0
0.27530793958573685,0.5451276242179267,0.7885277409058423,0.02057498904071034,0.5742045646606853,0.6196788705755096,0.6003163430635041,0.5085290071913104,0.6813601923934293,0.3606430507359019,0.811386194261357,0.4107278718403441,0.2090130383147916,0.0,0.37772547414812063,0.22398647041779998,0.3093236704614791,0.2140173016174115,0.0,0.3977576759526545,0.32022219958435116,0.36781651979277186,0.6300137905874155,0.47731459302896434,0.37184306515382065,0.6076094723595445,0.4730917851269694,0.0,0.41610523253063053,0.16663610110350277,0.05938888563384,0.07496361532335964,0.38312866797958545,0.019392156710480845,0.0,0.16348202270865397,0.0,0.2327350388081548,0.1707709907650651,0.255075657878374,0.001630875431929152,0.0,0.22964492675968495,0.173775948847007,0.2486321497515589,0.045963691213743406,0.5848388151376228,0.6272371449051619,0.0,0.0,0.5480410028618584,0.07109004698724157,0.45995401460285595,0.6461880106924061,0.15868143548567307,0.47187482347813936,0.2834089473572006,0.24356187311615357,0.0,0.2547463377006595,0.019673745157077382,0.21283877002325863,0.022233033607594977,0.5971244423813017,0.45014329731567865,0.2893894734309321,0.33510934357099564,0.4601907373234907,0.37013259375965624,0.37921364689181336,0.5689163492521573,0.25895045525572913,0.18842640394314555,0.19883819133534725,0.0,0.0
0.5673624442922325,0.43684232889173624,0.0832892471094516,0.0,0.7119800337006864,0.16012176438623998,0.40845548868702414,0.0,0.259223766438757,0.18281716954087596,0.5172020355995927,0.0,0.34841717280911433,0.1481804146295134,0.7360591078142894,0.8169614639618425,0.582601543056673,0.8156019823333953,0.3977576759526545,0.0,0.636594926876826,0.9281984028777749,0.19679047844776623,0.19431973471348143,0.7203394812554258,0.3092634063897199,0.47422138651341805,0.0,0.7132500284144686,0.0,0.4313307262995235,0.20115866314490896,0.09686513094401772,0.0,0.0,0.0,0.0,0.44274475271744396,0.294767697740474,0.0,0.0,0.0,0.4563477265662862,0.4313569295957826,0.30212180855657494,0.3657609814850859,0.7700017279250443,0.2500218827504897,0.03975143177674649,0.0,0.4229097198166858,0.0,0.08608907803261823,0.5124381953419366,0.0,0.28611568686470656,0.0,0.5034166699573138,0.0,0.689140704819096,0.0,0.20297628919863323,0.14888774615436523,0.23736245509301052,0.8381945717017573,0.7115632310685479,0.9006240175696597,0.5436216977324075,0.15388991986922068,0.5711267950510067,0.550448055750437,0.5958781859765315,0.5318579492326813,0.7323942516137377,0.0,0.0
0.737781340386749,0.2889846352718611,0.050097913592983885,0.0,0.594837457961184,0.07369170638503775,0.25247667065203244,0.046743021270848416,0.3152217892447742,0.25335501203255856,0.31478279854814195,0.047189048350224756,0.41556473843279906,0.0,0.6579891555531439,0.5965590904180279,0.3701286161073105,0.5591342385503659,0.32022219958435116,0.636594926876826,0.0,0.6448444291866187,0.23791168369590057,0.25610971807670363,0.5190349912571935,0.5163148520189759,0.30156724895180953,0.0,0.5832575975138194,0.09090591612237474,0.6066192108155584,0.025677151470153134,0.21553123647752548,0.11960343404880638,0.0,0.0,0.0,0.21625353710959536,0.0,0.0,0.0,0.0,0.12853194350160466,0.0,0.2192778298566002,0.6086069458019595,0.3512320465903051,0.21682504702400596,0.0,0.0,0.12232797875464052,0.10158516307959335,0.0,0.6116775334882386,0.08673931875750276,0.07351974676143944,0.0,0.5144639503083394,0.0,0.7098001826587932,0.0,0.21127253062682658,0.3033480070204009,0.06717169271531209,0.6165957158430827,0.7341500299506323,0.6850731267884986,0.3568056312721355,0.3296828030780605,0.38498785071666003,0.5200533940881821,0.4190426961445351,0.4725389048354967,0.591015098387379,0.0,0.0
0.596063943832671,0.5879935100910136,0.04329102895306554,0.0,0.6713599344849609,0.037966287305133524,0.42764504238263296,0.0,0.1194660107191477,0.3810871104278744,0.4248762936167986,0.07318698325001739,0.339205213954465,0.1397239689032169,0.6667310108381287,0.9512504125872203,0.7493472937842758,0.9539477889744015,0.36781651979277186,0.9281984028777749,0.6448444291866187,0.0,0.09723720987548963,0.151053883626215,0.8449500126414582,0.39662316668471337,0.4407821907740024,0.0,0.7185266098699082,0.0,0.5464434902621521,0.17098016105754824,0.13361768737745003,0.09045538846642667,0.0,0.0,0.0,0.3979572281006979,0.2093049167881333,0.0,0.0,0.0,0.41420438958431716,0.4603406127944155,0.2583962122040086,0.4407339979089301,0.6800942823838214,0.15209481094748198,0.06839694616087492,0.0,0.3665710266608325,0.0,0.0,0.4887341462290587,0.11578253653702131,0.15118102457102336,0.0,0.5596625449952398,0.0,0.7073516964012581,0.051464090967857506,0.3309699413155016,0.29185943516538904,0.1428721855422725,0.7960452022301309,0.6976994413650116,0.9198955326647414,0.4648209701742019,0.17822826559391777,0.6154330559602647,0.5961938235449593,0.6235058484982368,0.5914738879314988,0.8051280224795111,0.0,0.0
0.21917801913592563,0.35198069462631193,0.4888021273929471,0.07765816620311645,0.4128470788191278,0.7019154219038676,0.39010558353235936,0.738219614185507,0.5729283273763595,0.1910459464785544,0.5278069340329777,0.32806103129914854,0.020304512033453462,0.0,0.24878215111969526,0.021320791532094333,0.043853483713826615,0.0,0.6300137905874155,0.19679047844776623,0.23791168369590057,0.09723720987548963,0.0,0.4694314347023708,0.18553442563761383,0.47415916869509533,0.40768813166737483,0.0,0.2619618974607122,0.2544832949728987,0.0,0.030634401794488564,0.19247778574583094,0.0,0.0,0.17770985624236046,0.0,0.11195127934689714,0.061484553584665196,0.26865186287205234,0.020366396837333083,0.0,0.2161623745438238,0.03339621661280685,0.21508279471729053,0.07447774677652913,0.3887071117574826,0.43478382539343163,0.0,0.1418753391669633,0.5015573916941115,0.1495124094368336,0.6165778343734539,0.4552933370072716,0.12444141792552804,0.2697709682141972,0.24568611026754672,0.17518782168455446,0.11464187962540569,0.07191396922610821,0.0,0.10388660304997811,0.0,0.3786265038242501,0.19034434628217034,0.11847579484346783,0.14443970999257613,0.6688138121624911,0.32197528697124456,0.25544392792996473,0.3536435232911121,0.18805570337455454,0.09388852176487968,0.0,0.0,0.035685356942101
0.3985869249536249,0.39439852626061606,0.3645561947374822,0.030664509752176824,0.09903523800655029,0.44630433624184374,0.1594493655699887,0.3572517266731036,0.16651916327105332,0.2669342924865544,0.26150808576022994,0.40721304092681687,0.08105912381050707,0.0,0.11156106662168677,0.1510556398312055,0.3335878897180483,0.18908442993906893,0.47731459302896434,0.19431973471348143,0.25610971807670363,0.151053883626215,0.4694314347023708,0.0,0.2824274750146009,0.6023990604702693,0.0,0.1802393588394024,0.2074458869204261,0.08334693628883746,0.20132608867425497,0.2538433182707431,0.4823766446406545,0.09726725139977492,0.0,0.3805595226569996,0.0,0.4458894273222306,0.33155285907422777,0.15728196613129772,0.20281980430652588,0.0,0.2927581655186857,0.3518058631902722,0.24064884479184012,0.11023616363343038,0.466628693004459,0.4397813915419456,0.2696847677555894,0.0,0.3301177517379545,0.0,0.33816194242880737,0.16099468680107737,0.10297557311699072,0.04014079592519985,0.26205981952171403,0.12373453163406124,0.0,0.08678056212896479,0.14193142869830522,0.15768748932763071,0.05066141628839084,0.34151420108352487,0.3356225190256522,0.3337692497334828,0.29759155606099613,0.3697745160389943,0.7507772585404934,0.3234551030112496,0.5871807499842372,0.0,0.19858667001021688,0.03990929748705135,0.19450660637173978,0.25092065228062416
0.6267875440056776,0.7886621819730016,0.12741660317566772,0.17037941798292988,0.5616361929796492,0.17443065628741172,0.5483737642910576,0.0,0.03555036028154981,0.5688423799834638,0.3247965534310091,0.27166701344026317,0.22192041049465427,0.2103024364305772,0.47612536733730826,0.825927077675156,0.8284219890496549,0.827768544682747,0.37184306515382065,0.7203394812554258,0.5190349912571935,0.8449500126414582,0.18553442563761383,0.2824274750146009,0.0,0.575087481762964,0.2788471732233792,0.0,0.6577743988642282,0.0,0.4974707558100431,0.04584300156282859,0.17535413474706948,0.10358460551283594,0.0,0.04775506051751103,0.0,0.3898909972133752,0.1818270950289109,0.0,0.0,0.0,0.4596497245692166,0.4664339497927017,0.30743347912320257,0.5211941957740684,0.6181597201926051,0.1723668729735338,0.2803444733279769,0.0,0.4119759185264982,0.09344251310039949,0.0,0.4307737209058931,0.30970185049547455,0.0,0.17639482152302555,0.4891906242328012,0.0,0.5195545755919532,0.32816598710599093,0.4928255375782066,0.5031237957197175,0.0,0.7346316680206426,0.5312236408355081,0.8103661592866953,0.36744679301656336,0.3677821668905856,0.8396754544266494,0.6436087386266877,0.5074626938058288,0.6466496090008237,0.8340189073289769,0.0,0.1264012392386848
0.4645697580017136,0.8008176070589818,0.3870831334524388,0.3308464288207977,0.4330618993773689,0.4566435153383685,0.5072687256224689,0.28674988963635334,0.3444097607273613,0.7507915259861851,0.30696791636074455,0.6979019840570326,0.45390028917666336,0.0,0.20001433285803416,0.37861771968759955,0.6446737228356031,0.3928680024631404,0.6076094723595445,0.3092634063897199,0.5163148520189759,0.39662316668471337,0.47415916869509533,0.6023990604702693,0.575087481762964,0.0,0.08310826039970301,0.22131358729961698,0.34023089705930953,0.1699272296728554,0.3265156659756333,0.061296469429761226,0.4189623751368967,0.34668164319347783,0.0,0.14558819364458306,0.0,0.2768247983222878,0.09818463258447689,0.11672031968676472,0.0054572355944961,0.0,0.14751623106167877,0.16967053719764133,0.25253389234326373,0.36374635254877347,0.40258508929588205,0.336936023461609,0.22638278616465812,0.0,0.38803329808632586,0.26948766407150304,0.046792833846483445,0.6053884558029804,0.5226327233953785,0.0,0.56844315232291,0.508502893082908,0.0,0.25544514195795354,0.3485045105933595,0.5532848329769395,0.4985571024375307,0.19928822226913778,0.4919548273685955,0.23694793204025108,0.4564293483453884,0.23692984634412134,0.6638833435513459,0.5393226630808524,0.812559038190557,0.06406494494744179,0.49697561357555425,0.30177323606077927,0.0,0.19099388228819394
0.2570211343842047,0.14872619556836403,0.3232156761367334,0.0,0.5947692117684534,0.579143580316879,0.4571578757305885,0.16915472395011144,0.582885713337242,0.0,0.655761073340143,0.0,0.10801668319427829,0.11092268970543138,0.6303957387667025,0.1276574991626169,0.0,0.05800599436013679,0.4730917851269694,0.47422138651341805,0.30156724895180953,0.4407821907740024,0.40768813166737483,0.0,0.2788471732233792,0.08310826039970301,0.0,0.0,0.7761771911596579,0.0,0.0,0.03563239662766104,0.02296753356639775,0.0,0.0,0.0,0.0,0.14681341502425582,0.10383391449076472,0.0,0.09148808650748656,0.0,0.10260032842187457,0.0,0.16406323905819992,0.0869445366415571,0.45944718666771034,0.2897208413865034,0.0,0.0,0.3088273850743196,0.0,0.26069539346813014,0.38516211932259914,0.0,0.5581676441151616,0.0,0.016442100214191582,0.0,0.40485046027761756,0.0,0.0,0.0,0.311664058521641,0.3149068536037648,0.3654429711716638,0.3815022580572436,0.3696018229755989,0.0,0.19195802837432893,0.07209322864411552,0.7114452465109471,0.0,0.31971335931538875,0.0,0.0
0.0,0.0,0.10382704908686359,0.14567778077199522,0.0,0.20794435021225208,0.0,0.0,0.1448243705994289,0.10054825458176372,0.0,0.2509939611557429,0.2817596768404878,0.0,0.0,0.0,0.0,0.0,0.0,0.0,0.0,0.0,0.0,0.1802393588394024,0.0,0.22131358729961698,0.0,0.0,0.0,0.20565277247946853,0.0,0.08571312432676621,0.14580292511815823,0.09988345100252302,0.2141870780057419,0.2506329118918801,0.5687950627574687,0.0,0.05765180201726838,0.36396099697438294,0.3930007511301656,0.22762129449463184,0.0,0.0,0.0,0.04618383339785413,0.0,0.15255053424214932,0.24592313954671485,0.24628315243508433,0.0,0.10132548208901597,0.0,0.0,0.24451885763941433,0.0,0.2967382786076419,0.0,0.048931544221167786,0.0,0.4432183992878055,0.16709374498558402,0.2934328274508584,0.041644205896754,0.0,0.0,0.0,0.0,0.25394079597149416,0.0,0.038274826906805275,0.0,0.024016002378417427,0.0,0.4736537941145628,0.46146765606259876
0.5410554588840364,0.37511114036075766,0.1093146430927776,0.0,0.6078018178217229,0.4328171800246918,0.536184246656622,0.0,0.3235697793234142,0.043293690395488055,0.5060513724557079,0.0,0.2847587220067089,0.060398194894422996,0.7189454784984314,0.4971783402522059,0.35072796473770346,0.4492895435524519,0.41610523253063053,0.7132500284144686,0.5832575975138194,0.7185266098699082,0.2619618974607122,0.2074458869204261,0.6577743988642282,0.34023089705930953,0.7761771911596579,0.0,0.0,0.0,0.348155034524293,0.0777292560540799,0.09245487257772515,0.0,0.0,0.009800000671883158,0.0,0.32213734140618344,0.17107918049417234,0.0,0.01649491022098725,0.0,0.1939196194577094,0.22924419365043616,0.21462963532422574,0.3744543518570411,0.6331628027949068,0.22324052143953085,0.0,0.0,0.27804027157119365,0.0,0.0,0.3943970574995305,0.0,0.2620206999625028,0.0,0.16677889419974481,0.0,0.6351658377690664,0.007923018876884314,0.024317495714446316,0.09517667081857534,0.13865255628070497,0.5821235628095303,0.6769895381779912,0.7410957664613226,0.38064370337788,0.05789142327806547,0.49483745237526716,0.3589704978832155,0.6890739961495032,0.18415412911019305,0.6578703867821657,0.0,0.0
0.0,0.05868842455830577,0.0,0.4005898353729165,0.12083174829420967,0.24513714749824145,0.12035736215736569,0.3985596893658091,0.38530695413130833,0.30396548917063854,0.0,0.4192229753933301,0.07895570749998813,0.0,0.0,0.0,0.008301692959326167,0.0,0.16663610110350277,0.0,0.09090591612237474,0.0,0.2544832949728987,0.08334693628883746,0.0,0.1699272296728554,0.0,0.20565277247946853,0.0,0.0,0.16568734578235164,0.0,0.0,0.0,0.0,0.0,0.09243743395806416,0.0,0.0,0.2522135443441969,0.0,0.0,0.02482852395108569,0.0,0.004250959896527496,0.0,0.0,0.022786602306727514,0.08745502155436137,0.5252620718627933,0.0,0.5641574321652815,0.2708648115912807,0.2890479097657136,0.4269910121855168,0.0,0.47666079984081855,0.2563718559858466,0.3216972315089404,0.05659043564632269,0.14922243893891107,0.30299781563854256,0.12023668288311067,0.023299644907314114,0.0,0.0,0.0,0.06280558006904562,0.32065947174941184,0.15246416993753684,0.13715343961526638,0.0,0.13497137028214065,0.0,0.0,0.09106350410537989
0.6340924775898363,0.220399121100894,0.0,0.19806887370354864,0.2534304605977495,0.0,0.06987798981870817,0.0,0.0,0.3567316831392893,0.0,0.07076136405231397,0.37297888259524425,0.006324012867753016,0.3500893429851898,0.6030241718761419,0.5448715485907789,0.6182470289065897,0.05938888563384,0.4313307262995235,0.6066192108155584,0.5464434902621521,0.0,0.20132608867425497,0.4974707558100431,0.3265156659756333,0.0,0.0,0.348155034524293,0.16568734578235164,0.0,0.14284955776976124,0.17256982204050855,0.09406225035270996,0.0,0.0,0.0,0.1728286449836228,0.0,0.0,0.0,0.0,0.14518425853840675,0.09575519831922473,0.05946130033335866,0.5586176796696338,0.05983102010420449,0.04045881833353846,0.1782980451480275,0.0,0.0,0.07110980800292385,0.0,0.22369102984720454,0.20203135117377438,0.0,0.05301295430773034,0.43885422605180424,0.0,0.4810319949499775,0.14435414563976798,0.2972827719506236,0.3100511956404827,0.0,0.44148187382726534,0.5534690693757228,0.5110154891685744,0.21095970754778864,0.341933213018951,0.32612268174505493,0.3919563957354937,0.3057240634167073,0.4790348338261894,0.5563432215784228,0.0,0.23049720959882353
0.15624010881561218,0.1346879726257175,0.0,0.0,0.0,0.12932028196228226,0.0,0.040935040549686455,0.0,0.0,0.0,0.0,0.12377949162287762,0.10957270172903243,0.11483551062663629,0.0996909558034035,0.09392991598739794,0.10194119754410513,0.07496361532335964,0.20115866314490896,0.025677151470153134,0.17098016105754824,0.030634401794488564,0.2538433182707431,0.04584300156282859,0.061296469429761226,0.03563239662766104,0.08571312432676621,0.0777292560540799,0.0,0.14284955776976124,0.0,0.334330523602323,0.21665479149102743,0.023319593155955064,0.06254662380097539,0.07950523969820333,0.04289585448334589,0.36644235754801907,0.0,0.09453299678990659,0.0,0.20667411727689236,0.19656303407064343,0.021801095210318613,0.011679747964031276,0.21763810117931623,0.15381774231488016,0.18596161101395864,0.0,0.1352167258678974,0.0,0.06551266952228778,0.0,0.0,0.10564526966974322,0.0,0.0,0.0,0.07807983611148553,0.04463282422494569,0.0,0.0,0.15854299300443075,0.21267640659131923,0.14974137774712665,0.18632431971937927,0.11968312731675561,0.1447563286886538,0.02598493619739447,0.16180060085143597,0.05050334011929453,0.0,0.08274055945183513,0.17809300778347067,0.18000897251370454
0.2508229621109172,0.3186205613096598,0.29590458853969187,0.0,0.0,0.2748208563089917,0.06736211435724845,0.21499691887061892,0.13258804276453195,0.23423666631635276,0.20494500327126852,0.23689610955450144,0.1909716201791875,0.0,0.04794165890211252,0.07372678676975625,0.25072961071041805,0.11548690446119467,0.38312866797958545,0.09686513094401772,0.21553123647752548,0.13361768737745003,0.19247778574583094,0.4823766446406545,0.17535413474706948,0.4189623751368967,0.02296753356639775,0.14580292511815823,0.09245487257772515,0.0,0.17256982204050855,0.334330523602323,0.0,0.270031145385344,0.0,0.12421456323539364,0.003593235682122701,0.14786574814735426,0.13774441684121283,0.34418017235548526,0.1538371605661954,0.0,0.12031519189432263,0.08593766448864933,0.14646330309913633,0.04698496738131804,0.262989063585795,0.2753049794963819,0.15067899730660084,0.0,0.24547884351123186,0.0,0.15095227297618047,0.15595002823364404,0.14641673007371725,0.08576549256539552,0.22508778858318212,0.12517055298909283,0.0,0.06405342822527764,0.06499715790953824,0.1830120344869747,0.0,0.18599783853508686,0.17939270357162243,0.20566207507203602,0.1677011160988644,0.16358150881970931,0.39820897434417846,0.1583174609502129,0.42332600442838697,0.020739486306647768,0.07726667051441274,0.08226809864771817,0.0,0.10368408783793058
0.08792947309563895,0.26305472892191706,0.0,0.09102259598970841,0.0,0.041699137349784934,0.0,0.0,0.0,0.18415594687468606,0.0,0.133442551365257,0.15253987150926435,0.022794196336337832,0.0,0.05027406308559675,0.1650851081262953,0.04661290420318136,0.019392156710480845,0.0,0.11960343404880638,0.09045538846642667,0.0,0.09726725139977492,0.10358460551283594,0.34668164319347783,0.0,0.09988345100252302,0.0,0.0,0.09406225035270996,0.21665479149102743,0.270031145385344,0.0,0.042014167772472494,0.05799397003722344,0.09759580924841582,0.0,0.17572417972535018,0.0,0.2274663909377913,0.0,0.13010579178099463,0.0012987421425505667,0.0,0.09597336086491322,0.06574253722632149,0.0,0.03937512834704038,0.0,0.13664225691144494,0.0,0.0,0.028371579872679853,0.1315539833131831,0.0,0.1340444085547414,0.10432404524740392,0.0,0.0,0.07310230881204888,0.11885651572865372,0.05688218706514503,0.05645177567600426,0.12631891700421333,0.0,0.0875174017073886,0.0,0.10268206609818814,0.060344497885250994,0.2258359033194298,0.0,0.05269987291844469,0.09123151745420216,0.0,0.06815722360372249
