0.0,0.0,0.0,0.09688296149893771,0.0,0.0,0.05893378903154812,0.0,0.0,0.1272736931944105,0.0,0.049141574452211755,0.0,0.1520625585681739,0.0,0.25139495667235506,0.313730914908006,0.2708330995824752,0.0,0.0,0.4095538315668009,0.0,0.0,0.5025799859889899,0.4230198315285358,0.03407124324494342,0.0,0.1389194883582556,0.0,0.2445434655391706,0.31380048294161617,0.6527810800436628,0.24093333448631227,0.0,0.0,0.3855692024072898,0.019128704713738717,0.18233771282104103,0.6125122957846804,0.3899691269930827,0.29171359308285694,0.09150329672390284,0.5528432374429577,0.2190179339080823,0.336237119495714,0.840577063149488,0.0,0.0,0.3722232548832493,0.0,0.0,0.0,0.12671543283000017,0.0,0.24141354464494358,0.0,0.0,0.2524083543861482,0.2712575740970741,0.11880722308726432,0.5000882895421115,0.23203376494804023,0.39643254492785024,0.0,0.0,0.47996950228777635,0.0,0.0,0.46200363786288495,0.27812745393388155,0.2996931134776444,0.0,0.6341785138889022,0.2945055396431279,0.6935212922481722,0.7149703440161059
0.0,0.0,0.4346852797903256,0.0,0.31369216727136373,0.6226366673940519,0.004091947855200048,0.44361135141484503,0.3448668849017592,0.4902442649208365,0.39717522580030046,0.6182276848919313,0.5686853175275864,0.0,0.418626886206156,0.5028883793537406,0.3850137629604115,0.6326438535743183,0.4015555984951534,0.4781148527493794,0.27601716947405974,0.5603961462123505,0.5679924277201436,0.011069649417806188,0.5157993478095997,0.6059060932527807,0.45673495958947435,0.41707140215447724,0.5785507747124929,0.18901926819857728,0.07865842824631727,0.0,0.0,0.03392287477102758,0.0,0.0,0.22902795253750083,0.0708244158492236,0.0,0.0,0.0,0.0,0.0,0.18582858973423153,0.0,0.0,0.6507746690582195,0.4510604454954212,0.0,0.12499163559140136,0.589798333928457,0.21762678843827957,0.3516715553767111,0.4099137307395813,0.4204479820461486,0.3852712702459689,0.46988676078475905,0.28513112107470157,0.051173128829175574,0.3667240193998302,0.2620357026335717,0.43757325380238893,0.38199231995035343,0.44194584536378667,0.441685082158838,0.14264244437205942,0.475136400562074,0.5828707713798121,0.0,0.3914478339486592,0.4425682108177715,0.42546728889037855,0.0,0.08332105917926393,0.0,0.0
0.0,0.4346852797903256,0.0,0.0,0.7000470309861736,0.8757477997048427,0.22952273729047865,0.6526550820185882,0.8390092814783136,0.0,0.9781545218254805,0.1559708326908188,0.5182699341727273,0.0,0.7008203072594196,0.2762000459215132,0.0,0.27573387215478856,0.9516639098612943,0.8828730418766524,0.23715293346819488,0.8002626889673654,0.8176002131166712,0.0,0.0,0.08518024029077424,0.8917071603324752,0.600099044721614,0.8197406931786869,0.5229860876974638,0.4378698598632711,0.0,0.0,0.20726742562813888,0.0,0.0,0.0,0.0,0.0,0.0,0.0,0.0,0.0,0.0,0.0,0.0,0.18309834274472822,0.9915834844725744,0.0,0.19257326805913488,0.46108828588006573,0.29556582876015247,0.2976878626751221,0.8718943946003178,0.0,0.9511193650872228,0.2806724401392923,0.0,0.0,0.5564785930902656,0.0,0.0,0.0,0.8910247272027539,0.6874364798079976,0.16043245477026258,0.5349658666604151,0.8058330759005254,0.0,0.0,0.0,0.7947190030809462,0.0,0.0,0.0,0.0
0.09688296149893771,0.0,0.0,0.0,0.0,0.0,0.023345926090118627,0.0,0.0,0.14702365291487407,0.0,0.0,0.0,0.10458851391862696,0.0,0.0,0.2780973931050395,0.0,0.0,0.0,0.0,0.0,0.0,0.40029871932210376,0.2032991486051143,0.05782129299987261,0.0,0.0,0.0,0.0,0.0,0.28609170957228697,0.32161139492001134,0.0,0.1953847423303097,0.2469622424206647,0.08540919697148161,0.0,0.3310660307470485,0.4019960987807132,0.1421825636220006,0.23640183712766152,0.3274813959523011,0.10098899984852468,0.0,0.13200003690721984,0.0,0.0,0.2801150232092384,0.015663799624564226,0.0,0.0,0.0,0.0,0.09038771848604159,0.0,0.0,0.07214438742390872,0.19504946059816344,0.0,0.0,0.13133966691315335,0.17973290981147988,0.0,0.0,0.0,0.0,0.0,0.34684068838944954,0.10531899451530825,0.1248173581646141,0.0,0.25375614423991694,0.020547348017664,0.06328371528334976,0.14206932111669388
0.0,0.31369216727136373,0.7000470309861736,0.0,0.0,0.6974226557510507,0.48631203689582625,0.42020457087984475,0.72971717602025,0.0,0.7433938956883415,0.17296686852869697,0.48723775606323233,0.15233974336843178,0.455424748574511,0.1632624881375136,0.0,0.3085969102402747,0.5951764850180701,0.6812088768229231,0.1448760355379592,0.589614271322174,0.5492668384247072,0.0,0.0,0.0,0.7202516446074092,0.5483454897591601,0.6091043712643076,0.40550347974141,0.30089152299411004,0.0,0.0,0.1599553058480633,0.0,0.0,0.0,0.09063071835605326,0.0,0.0,0.0,0.0,0.0,0.0,0.0,0.0,0.04722940012160878,0.6575439709841111,0.0,0.4391439873673408,0.32790364476994255,0.3765099054763048,0.1865846548357379,0.7768216105106477,0.0,0.7084334403688247,0.17262133243981775,0.0,0.08980536609579447,0.35708668928688014,0.0,0.0,0.0,0.5431870824213654,0.4485822948428136,0.0864448397547513,0.29271009797602454,0.5402998723182573,0.0,0.0,0.0,0.6438090153310994,0.0,0.0,0.0,0.0
0.0,0.6226366673940519,0.8757477997048427,0.0,0.6974226557510507,0.0,0.2695921201311033,0.6967726410013411,0.8042238387748226,0.0,0.8263520380546999,0.23508688345623746,0.6657528416291356,0.0,0.6386510741447174,0.33565498741863026,0.0,0.3524397104154668,0.8169151592060951,0.7780345495190477,0.23550063244832736,0.7121618895374947,0.9490779943263592,0.0,0.0,0.1084890249781403,0.8350325539267777,0.5246279300478983,0.8727612503673353,0.48218079997840874,0.3342503716262062,0.0,0.0,0.24750424221190556,0.0,0.0,0.0,0.09933216101269648,0.0,0.0,0.0,0.0,0.0,0.0,0.0,0.0,0.21804105749376726,0.8592659554080501,0.0,0.10623951472398846,0.7041273169171565,0.201212544625477,0.4917182226550124,0.8287933176970458,0.0,0.8344205515529911,0.2549733076591486,0.0,0.0,0.5215797559695302,0.036760427759914796,0.0,0.0,0.7779205490613799,0.5821507667437319,0.12032018017121249,0.4124064243249982,0.9198531954513173,0.0,0.0,0.0,0.7729431133233642,0.0,0.0,0.0,0.0
0.05893378903154812,0.004091947855200048,0.22952273729047865,0.023345926090118627,0.48631203689582625,0.2695921201311033,0.0,0.10616192110103248,0.38982512385276513,0.0,0.24172627902196184,0.0,0.4903088470878861,0.21435013672428865,0.13171308196784215,0.21034189794881036,0.05852436755503593,0.23153684150624176,0.18903296040902415,0.29182913440636,0.0,0.2665348320227151,0.1293794193942955,0.0,0.0,0.0,0.3122589170629898,0.39415555052496987,0.358466875333161,0.25141668300954995,0.32779689744409046,0.08825345181767925,0.0,0.11129936542253065,0.0,0.0,0.0,0.14721269141673374,0.0,0.0,0.14411648262282775,0.0,0.23062240476374474,0.008931584826501016,0.03921172953168684,0.0,0.0,0.20104207383412154,0.3444809132000996,0.38978295100821736,0.0,0.44368889619089474,0.05526870681523406,0.3620568885974932,0.0,0.1967305526972725,0.0,0.039600014295394,0.2856401106524968,0.12047281923954849,0.08334595965737085,0.0,0.0,0.15505657547871557,0.12572071524975223,0.02331786651133368,0.10906009294278049,0.08271060610629186,0.0,0.0,0.0,0.20266065058540092,0.07329245011113643,0.0,0.025770873043651832,0.11470224239285266
0.0,0.44361135141484503,0.6526550820185882,0.0,0.42020457087984475,0.6967726410013411,0.10616192110103248,0.0,0.4475888619524958,0.0,0.6636533463596399,0.3841275751712716,0.5199272259337562,0.025849790150068722,0.5621559776432089,0.2123852465117632,0.0,0.24739566849367658,0.7504165047620772,0.49960080775817456,0.4136445556101217,0.45648447655915153,0.8730010040624506,0.0,0.0,0.13380887022129162,0.40830874021183095,0.532820151285772,0.5026038073715424,0.6202685144686042,0.4586452790736846,0.0,0.0,0.21401143987783464,0.0673671816745923,0.0,0.041245345224622885,0.27238578238347594,0.0,0.0,0.0,0.0,0.0,0.0,0.08800969921346867,0.0,0.022899788073304134,0.5927437320397881,0.0,0.0,0.2692338670264905,0.0,0.7300334600552729,0.4871626557870464,0.0,0.6059246309424134,0.4070427552449773,0.0,0.10495317497620268,0.5079710401337907,0.033916865074351606,0.0,0.0,0.7374415422659804,0.414144391619612,0.38245704013815135,0.25856286415938945,0.7747309674479188,0.0,0.0,0.0,0.2684001537731673,0.0,0.0,0.0,0.0
0.0,0.3448668849017592,0.8390092814783136,0.0,0.72971717602025,0.8042238387748226,0.38982512385276513,0.4475888619524958,0.0,0.0,0.8359117614734701,0.11397467619563349,0.5703101686342852,0.0,0.5533041874576836,0.20460545407005953,0.0,0.2432730300599376,0.7770316059927194,0.7792467305315921,0.1825222601965337,0.6725410744921364,0.6407985481186859,0.0,0.0,0.0,0.8175079254258586,0.55131467793764,0.7163738264980033,0.4932123706667987,0.3481283192723629,0.0,0.0,0.16088356629798894,0.0,0.0,0.0,0.031516989984458434,0.0,0.0,0.0,0.0,0.0,0.0,0.0,0.0,0.1372798405720129,0.8587736990617848,0.0,0.36074420279717123,0.5086287940221533,0.4335377797852975,0.21361851648583238,0.9698640360334143,0.0,0.8510686591668397,0.28499501229981344,0.027871143690122672,0.0,0.48189400011582756,0.017170630060757835,0.0,0.0,0.7283379911480353,0.5843278207045873,0.16534338778953453,0.43533081392633394,0.6817265049936362,0.0,0.0,0.0,0.7988951566751633,0.0,0.0,0.0,0.0
0.1272736931944105,0.4902442649208365,0.0,0.14702365291487407,0.0,0.0,0.0,0.0,0.0,0.0,0.0,0.5036985051121573,0.11397294851783715,0.012057746779272346,0.12365736448417808,0.41330567806691587,0.7551334974632393,0.476579705998207,0.0,0.08354041527219914,0.18665507962395025,0.20153111775211324,0.0,0.17194816686376718,0.5525255957964844,0.5385238055260372,0.0,0.1886414215698034,0.01897081104814775,0.0,0.11954623270993354,0.0,0.0,0.0,0.0,0.0,0.21194124399687228,0.029329122767547643,0.0,0.0785034239845396,0.0,0.0,0.20264942763943053,0.29850718124632053,0.00599934929205314,0.1100936339865076,0.5138314674057457,0.0,0.07826222788372786,0.21704157768374163,0.07044192321603016,0.22928126308660957,0.0,0.0,0.7256288314192105,0.0,0.4533622366184851,0.41284059469973994,0.2472529188927476,0.11824365334853762,0.30100501712107136,0.7148819405699876,0.6655610178743461,0.0,0.1750909976243267,0.14028441067885367,0.29588789903837714,0.05457141235664683,0.18883601994920957,0.5893572454396199,0.5357272407377985,0.0,0.16959217604217355,0.1415686846408244,0.004382710945617256,0.12564130975722176
0.0,0.39717522580030046,0.9781545218254805,0.0,0.7433938956883415,0.8263520380546999,0.24172627902196184,0.6636533463596399,0.8359117614734701,0.0,0.0,0.1354670603495455,0.4869860128401442,0.0,0.6926285047470783,0.18675618990876744,0.0,0.234454153122342,0.929839166599571,0.8195609289599607,0.24338500532618762,0.7155286068052261,0.7981954555246963,0.0,0.0,0.0,0.8412068639914833,0.5642529489874561,0.7104380829648148,0.5123900389637992,0.4003280437383249,0.0,0.0,0.1735809857228307,0.0,0.0,0.0,0.0,0.0,0.0,0.0,0.0,0.0,0.0,0.0,0.0,0.18256839269404626,0.9551538025307563,0.0,0.2671846099648419,0.4372161174310751,0.3043499818527164,0.3119826141300845,0.8774915520703743,0.0,0.9797173532022422,0.2844634659285761,0.0,0.0,0.5782489732753769,0.0,0.0,0.0,0.8852482209250506,0.6480319745427208,0.18608680589124119,0.5011397436227495,0.8025851406262635,0.0,0.0,0.0,0.7587583099976618,0.0,0.0,0.0,0.0
0.049141574452211755,0.6182276848919313,0.1559708326908188,0.0,0.17296686852869697,0.23508688345623746,0.0,0.3841275751712716,0.11397467619563349,0.5036985051121573,0.1354670603495455,0.0,0.38586142075155283,0.1070352525012667,0.13879098942112517,0.2845102912993705,0.511996377649548,0.543298999589862,0.1479436736983234,0.15777413834141757,0.1548122804557459,0.1864156905962188,0.22409749524191452,0.5230606322495035,0.5229639825587469,0.6976998433492806,0.0,0.3469116958371538,0.14466688398635177,0.07357544559001097,0.0,0.03332625298772848,0.17381340249474087,0.0,0.04873550947099376,0.023591372546010275,0.3211588881297236,0.12921120789197507,0.0,0.0,0.0,0.0,0.08857065456643685,0.18920230039038272,0.0,0.0,0.3165441949659554,0.16165468772328415,0.0,0.04089421031685826,0.21337153826554656,0.03156545312022715,0.28037208166569505,0.13996722091187488,0.38777548793460664,0.17187422557687485,0.6777636528399562,0.2228769726693597,0.10885316561053156,0.128304171196103,0.14702256876391048,0.40179738254882646,0.33047620246073683,0.17798498583859326,0.2096700655964008,0.05530293747515458,0.14530716919269165,0.23018142839041014,0.433370319971945,0.23536208276845944,0.43820871930210553,0.0,0.13334994469814646,0.0,0.01888341194924396,0.026231626731765396
0.0,0.5686853175275864,0.5182699341727273,0.0,0.48723775606323233,0.6657528416291356,0.4903088470878861,0.5199272259337562,0.5703101686342852,0.11397294851783715,0.4869860128401442,0.38586142075155283,0.0,0.02842771212954072,0.27580580184763703,0.3344973842897915,0.1684284607947854,0.38479971832388643,0.5095222849298097,0.3932750592506393,0.149715287797601,0.35435973262893766,0.5881356143249633,0.0,0.07161826148386566,0.16336855337332074,0.4172393332578276,0.668995525874327,0.5654477261555396,0.3771476817607811,0.2886842605721216,0.0,0.0,0.08692790293482222,0.06914599830152217,0.0,0.0,0.2406264322213283,0.0,0.0,0.0,0.0,0.0,0.0,0.0,0.0,0.12894397980204714,0.5282654163854523,0.0,0.26558580286086997,0.3878164857840067,0.29164580787106775,0.42171998639566194,0.5356889609708938,0.08911814150912516,0.4973113866566828,0.36676167320013553,0.26470454084725636,0.14711927888133097,0.2202189723789194,0.0,0.04009297312712491,0.0,0.4880973063725316,0.23425271716251703,0.11093793623159659,0.11896533164261089,0.5436645391798857,0.0,0.0,0.0,0.3827189363870608,0.0,0.0,0.0,0.0
0.1520625585681739,0.0,0.0,0.10458851391862696,0.15233974336843178,0.0,0.21435013672428865,0.025849790150068722,0.0,0.012057746779272346,0.0,0.1070352525012667,0.02842771212954072,0.0,0.0,0.0,0.22879961792326506,0.14131811680408998,0.0,0.0,0.0,0.0,0.0,0.2430094683209487,0.17830987471352808,0.0,0.0,0.11373733406265743,0.0,0.0,0.027769594853150958,0.33080858108130096,0.1267928861031659,0.0,0.04073953416237615,0.28705112465590926,0.05156199950598189,0.06768451835191024,0.38004096580203045,0.1424212452900223,0.2190162912893048,0.08932830049375812,0.47398757426860266,0.36771249189615357,0.13773634190054762,0.210239570967897,0.0,0.0,0.36689521428647076,0.27040577160798784,0.0,0.03734971881850801,0.07323316239916698,0.0,0.10231137102338606,0.0,0.0,0.25592898684214427,0.4538795621912912,0.0,0.14645066030130438,0.12600049363618887,0.08580697061617128,0.0,0.01225253859949437,0.0,0.0,0.0,0.23175759416617833,0.034742660491065606,0.0,0.0,0.37468569226721216,0.0,0.26141098878720914,0.37447482555231
0.0,0.418626886206156,0.7008203072594196,0.0,0.455424748574511,0.6386510741447174,0.13171308196784215,0.5621559776432089,0.5533041874576836,0.12365736448417808,0.6926285047470783,0.13879098942112517,0.27580580184763703,0.0,0.0,0.32759210974458847,0.0,0.3511879666758431,0.681319740224689,0.7621602279177815,0.407966357567019,0.7869747301505924,0.6994760408380521,0.0,0.0,0.0,0.6036656705748619,0.48402517929230243,0.6079283646517527,0.5748949652848252,0.5954470029204835,0.0,0.0,0.27653807128532437,0.0,0.0,0.015326792541234183,0.04413058015882801,0.0,0.0,0.0,0.0,0.0,0.0,0.0,0.0,0.2579429119019481,0.6585943710972726,0.0,0.021445464071863044,0.28308801800047023,0.16996648144540444,0.3591474447190561,0.5802324487813847,0.11811759852606855,0.6411592708894484,0.22971727045769139,0.0,0.0,0.9304454415620758,0.2953639466155299,0.0,0.05378038444405961,0.644073327364497,0.7757026563920502,0.3576233286549595,0.7093132727988496,0.6947589749584233,0.0,0.0,0.0,0.5093665747418252,0.0,0.09130215912521254,0.0,0.0
0.25139495667235506,0.5028883793537406,0.2762000459215132,0.0,0.1632624881375136,0.33565498741863026,0.21034189794881036,0.2123852465117632,0.20460545407005953,0.41330567806691587,0.18675618990876744,0.2845102912993705,0.3344973842897915,0.0,0.32759210974458847,0.0,0.45949833309143523,0.7977455465382179,0.26873349295760735,0.3964500214068442,0.3922692244992956,0.5386183428389204,0.30288084681138994,0.0,0.4299705560749928,0.33210352821513256,0.26443646281445016,0.42394598448119375,0.5524721470087394,0.3604655666102464,0.478270395500297,0.03978140923183528,0.0,0.2532767919047371,0.0,0.0,0.03091496387012635,0.09412460581534658,0.0,0.06023705031137578,0.13239229146914397,0.0,0.04380534889386496,0.1534453617731962,0.0,0.10987320672384768,0.3373157193494945,0.21487208900205737,0.0,0.0,0.12734396275035367,0.2142946684597403,0.1686297880103592,0.23456501546134298,0.1959891926338116,0.1538011203858421,0.028006252711930527,0.05448023253200478,0.0,0.3024570803601481,0.6048410037917986,0.18842621760321326,0.5168838049394775,0.2630212004856774,0.44337238519713523,0.23258285826286706,0.45831462122920197,0.21786832231189965,0.0,0.27205811396130797,0.20965437178071766,0.19542670922186853,0.0,0.12524830306457654,0.0,0.23587783882172564
0.313730914908006,0.3850137629604115,0.0,0.2780973931050395,0.0,0.0,0.05852436755503593,0.0,0.0,0.7551334974632393,0.0,0.511996377649548,0.1684284607947854,0.22879961792326506,0.0,0.45949833309143523,0.0,0.5756748945672595,0.0,0.0,0.15442021556123778,0.0,0.0,0.41742243496539955,0.6420682035510182,0.5430427583534172,0.0,0.19331888611096137,0.0,0.0,0.0,0.2947679406139483,0.2577879562415336,0.0,0.012774114307950604,0.20860967726841304,0.09900595076087573,0.09758229566027003,0.24556376983019537,0.38367489478426253,0.11387784524093172,0.06573827650554787,0.4435321844346566,0.3289035403408962,0.1466826515899645,0.33363288400343694,0.2915440745169515,0.0,0.30068070793353663,0.12617978956746556,0.0,0.10544593008556793,0.0,0.0,0.6303931759447711,0.0,0.334121849584797,0.4037785285215977,0.26899042005272883,0.0,0.29910516521720687,0.703466768343757,0.6169501266786018,0.0,0.0,0.051398400156716574,0.06991075311603648,0.0,0.351189372139337,0.45961239006062515,0.5092368798686452,0.0,0.40941311394342084,0.06501016348110811,0.2676726568666714,0.3305612858591544
0.2708330995824752,0.6326438535743183,0.27573387215478856,0.0,0.3085969102402747,0.3524397104154668,0.23153684150624176,0.24739566849367658,0.2432730300599376,0.476579705998207,0.234454153122342,0.543298999589862,0.38479971832388643,0.14131811680408998,0.3511879666758431,0.7977455465382179,0.5756748945672595,0.0,0.28086372023993256,0.3910317836682732,0.3712609601662322,0.5046727547472182,0.27456665700418287,0.22094677309628286,0.6658563857793186,0.5214847164455826,0.24535328916580032,0.5252811156432668,0.4664656255837638,0.33809764254327385,0.3567852395447682,0.14627717457632125,0.10505098294776849,0.05144840547806523,0.0,0.0,0.1017121225665405,0.15439881670290176,0.0449124700309285,0.11091599077371622,0.07748795656066741,0.0,0.18159489645710314,0.2740917672454775,0.046331449282311754,0.16779027270842825,0.36709536230957823,0.21922198825974024,0.0,0.010961278670456997,0.16662509502329584,0.11788065159075145,0.23727508940755654,0.2607240274246568,0.2836175941071524,0.20923605465152365,0.2501516386217908,0.09562802124241843,0.080908403494554,0.32075666428043814,0.6473263275485243,0.2697490154679833,0.6618616227152464,0.2892673625254405,0.4129503553930271,0.21967306473907142,0.41772856317543405,0.21903162036020046,0.10609327441309473,0.35478947751178563,0.32764229505193404,0.201389960697104,0.11243125001295687,0.044188498387412,0.0961762596972506,0.312683619265054
0.0,0.4015555984951534,0.9516639098612943,0.0,0.5951764850180701,0.8169151592060951,0.18903296040902415,0.7504165047620772,0.7770316059927194,0.0,0.929839166599571,0.1479436736983234,0.5095222849298097,0.0,0.681319740224689,0.26873349295760735,0.0,0.28086372023993256,0.0,0.7596951679258555,0.334619724656392,0.7039440220366399,0.8451469906008094,0.0,0.0,0.04308571762453729,0.7573126124733905,0.5914209084407585,0.7103955585425213,0.6060316106934147,0.47357424631051054,0.0,0.0,0.16729466898218207,0.0,0.0,0.0,0.09639750263538012,0.0,0.0,0.0,0.0,0.0,0.0,0.0,0.0,0.12879801138014238,0.9027687098064533,0.0,0.09455359282014897,0.42437258135460154,0.1885247904618321,0.44528815876570577,0.7982192956263053,0.0,0.8822511441483954,0.29410824589352275,0.0,0.0,0.5701082934468057,0.06407866943206211,0.0,0.0,0.9595058741363425,0.6177381120112305,0.28955136439983675,0.47535267909198536,0.8083505286107169,0.0,0.0,0.0,0.6620829967890915,0.0,0.0,0.0,0.0
0.0,0.4781148527493794,0.8828730418766524,0.0,0.6812088768229231,0.7780345495190477,0.29182913440636,0.49960080775817456,0.7792467305315921,0.08354041527219914,0.8195609289599607,0.15777413834141757,0.3932750592506393,0.0,0.7621602279177815,0.3964500214068442,0.0,0.3910317836682732,0.7596951679258555,0.0,0.2878545651229907,0.9590398485558488,0.6651027542981942,0.0,0.0,0.12432389684012105,0.909325495752083,0.551315166806249,0.8748631435119568,0.5233685629462,0.4720182905705162,0.0,0.0,0.21621673551957635,0.0,0.0,0.0,0.0,0.0,0.0,0.0,0.0,0.0,0.0,0.0,0.0,0.33585084730759723,0.8518072067884589,0.0,0.17666940874032358,0.43380446461845473,0.4080701882944465,0.23264176019709448,0.8479045853489857,0.0,0.7979887596326781,0.2505325899168184,0.0,0.0,0.6254303298471879,0.24920103501090565,0.0,0.06395164213754462,0.7094929726141638,0.8957643807592814,0.21258566699124665,0.7727173525512779,0.6759561842310312,0.0,0.0,0.0,0.8047653253551907,0.0,0.0,0.0,0.0
0.4095538315668009,0.27601716947405974,0.23715293346819488,0.0,0.1448760355379592,0.23550063244832736,0.0,0.4136445556101217,0.1825222601965337,0.18665507962395025,0.24338500532618762,0.1548122804557459,0.149715287797601,0.0,0.407966357567019,0.3922692244992956,0.15442021556123778,0.3712609601662322,0.334619724656392,0.2878545651229907,0.0,0.3343104762205861,0.38841135154057826,0.07805353144861221,0.10143120600787359,0.0814439183927457,0.1421141740633367,0.45758212713546587,0.36067632746425043,0.6322479797700622,0.6248265753763069,0.23674647798914034,0.0,0.3122499326132783,0.0,0.1776477606298791,0.17260172221893644,0.37559216070180745,0.06422544047407802,0.0,0.19072630759438353,0.0,0.10484577518877573,0.07560788131895631,0.23216725533167573,0.37365200857565467,0.13740477458003272,0.16350390941443818,0.056151331743095924,0.0,0.0,0.07735276114006487,0.5197281000990033,0.17999560260343136,0.15318505276676486,0.1644670558092817,0.1550651131564678,0.15511084470509326,0.15963078441655076,0.46728475038882683,0.5044364373682588,0.11598353266895696,0.22018219237318176,0.34973368615123346,0.31798604123049024,0.8147084105979489,0.2945852285614648,0.3584955233536578,0.04932796308221715,0.1334256397289312,0.20414126030755364,0.05678772189100251,0.23545622978719988,0.17136693810212622,0.32407115021747335,0.30298776219188983
0.0,0.5603961462123505,0.8002626889673654,0.0,0.589614271322174,0.7121618895374947,0.2665348320227151,0.45648447655915153,0.6725410744921364,0.20153111775211324,0.7155286068052261,0.1864156905962188,0.35435973262893766,0.0,0.7869747301505924,0.5386183428389204,0.0,0.5046727547472182,0.7039440220366399,0.9590398485558488,0.3343104762205861,0.0,0.6248264323451216,0.0,0.0916729530604369,0.22933049329272545,0.8345494298575676,0.5211258330047353,0.8380728060758816,0.48587170697333903,0.49913831574947193,0.0,0.0,0.2625083870256687,0.0,0.0,0.0,0.0,0.0,0.0,0.0,0.0,0.0,0.07857465850590409,0.0,0.0,0.427810775838371,0.7514143045948123,0.0,0.11952737237243478,0.3816507501708145,0.3868778824275075,0.20562106195362678,0.7290114400034489,0.15183373122625962,0.6787967093759288,0.25695336737725255,0.0,0.0,0.6464237473346058,0.3732618023333884,0.0,0.17507130588040842,0.661911977189125,0.8763783664900453,0.22021284261647814,0.8525645456302511,0.6176892213834047,0.0,0.1546095005069108,0.0,0.7246905553238283,0.0,0.0,0.0,0.0
0.0,0.5679924277201436,0.8176002131166712,0.0,0.5492668384247072,0.9490779943263592,0.1293794193942955,0.8730010040624506,0.6407985481186859,0.0,0.7981954555246963,0.22409749524191452,0.5881356143249633,0.0,0.6994760408380521,0.30288084681138994,0.0,0.27456665700418287,0.8451469906008094,0.6651027542981942,0.38841135154057826,0.6248264323451216,0.0,0.0,0.0,0.09840713777087857,0.6675289403985489,0.5596736796905752,0.7419412008934776,0.6183132405242585,0.467290431893502,0.0,0.0,0.3366838652828878,0.0,0.0,0.03555783654288711,0.2174350002846287,0.0,0.0,0.0,0.0,0.0,0.0,0.0,0.0,0.16176269922574346,0.7810828319455753,0.0,0.06184356028832994,0.5700617808546606,0.12302407401181471,0.6708122668363409,0.6832708151387397,0.0,0.7715169218846802,0.2987608802813786,0.0,0.0,0.6136345662919039,0.05387630374114468,0.0,0.0,0.8206078098759312,0.5488142233103034,0.310044185843463,0.3890567948289813,0.971060885091175,0.0,0.0,0.0,0.5927578789990501,0.0,0.0,0.0,0.0
0.5025799859889899,0.011069649417806188,0.0,0.40029871932210376,0.0,0.0,0.0,0.0,0.0,0.17194816686376718,0.0,0.5230606322495035,0.0,0.2430094683209487,0.0,0.0,0.41742243496539955,0.22094677309628286,0.0,0.0,0.07805353144861221,0.0,0.0,0.0,0.46163220439058944,0.42454324432971297,0.0,0.0,0.0,0.0,0.0,0.569043867437951,0.4482628033196637,0.0,0.1144449697446097,0.36987518538370945,0.2532610316437571,0.08638494820587483,0.5759570278713151,0.4224906111227548,0.0925450065089408,0.2928996944944265,0.48104834811593855,0.27870032428600766,0.23392161972602668,0.48680483460206125,0.0,0.0,0.22497601237355866,0.0,0.0,0.0,0.12374578556380658,0.0,0.20889374646638453,0.0,0.24691658540286823,0.0666553670563931,0.13447919867531796,0.0,0.19615037992340795,0.27063533413974933,0.30712406953784527,0.0,0.0,0.05182557679086341,0.0,0.0,0.8718685905639721,0.09826395245476952,0.3280879884528902,0.0,0.468681926513843,0.018118133937058658,0.4640789721000141,0.4970154489066513
0.4230198315285358,0.5157993478095997,0.0,0.2032991486051143,0.0,0.0,0.0,0.0,0.0,0.5525255957964844,0.0,0.5229639825587469,0.07161826148386566,0.17830987471352808,0.0,0.4299705560749928,0.6420682035510182,0.6658563857793186,0.0,0.0,0.10143120600787359,0.0916729530604369,0.0,0.46163220439058944,0.0,0.6128452703938878,0.0,0.0,0.05343466129870381,0.0,0.0,0.3514090677123618,0.3557886748239273,0.0,0.0,0.22254063961834364,0.22105697701167523,0.0,0.4003754057184597,0.38615517690928575,0.12237112808267497,0.05584348016039892,0.32596644941231745,0.38635572496008497,0.07200707222134552,0.3126375743670993,0.4962592400372431,0.0,0.20257425315534375,0.034570544755066226,0.21498516392841288,0.14208779467232086,0.0,0.0,0.4894621032675167,0.0,0.1981597895244495,0.3007865606350818,0.13364354265268297,0.0,0.46003014534939385,0.5571334887432745,0.7138182676792105,0.0,0.06616004974196706,0.0,0.1912856341553595,0.0,0.4285437276546929,0.7093549360579099,0.633045230116567,0.0,0.2953151164770981,0.292246364726191,0.1324915889552567,0.3523785634403824
0.03407124324494342,0.6059060932527807,0.08518024029077424,0.05782129299987261,0.0,0.1084890249781403,0.0,0.13380887022129162,0.0,0.5385238055260372,0.0,0.6976998433492806,0.16336855337332074,0.0,0.0,0.33210352821513256,0.5430427583534172,0.5214847164455826,0.04308571762453729,0.12432389684012105,0.0814439183927457,0.22933049329272545,0.09840713777087857,0.42454324432971297,0.6128452703938878,0.0,0.08622256063415336,0.08491757459157771,0.12745843433918197,0.0,0.0,0.0,0.2078403712365509,0.0,0.0,0.0,0.24202333563653478,0.0,0.0,0.13587820484558388,0.0,0.0,0.0,0.1274454776564613,0.0,0.0,0.46018621975585405,0.08808674283098489,0.0,0.0,0.29435175882981607,0.0,0.09509038998229757,0.0,0.44394620480694913,0.05550308031250729,0.5161944183485048,0.10373885687466522,0.0,0.0,0.13320681571460402,0.5036561993526775,0.44312198395764313,0.0899354320170455,0.14669686721782782,0.0,0.21764380595679175,0.08833455919704637,0.3227721994270319,0.40432394647466097,0.6812826092128129,0.1441514228825445,0.0,0.0,0.0,0.0
0.0,0.45673495958947435,0.8917071603324752,0.0,0.7202516446074092,0.8350325539267777,0.3122589170629898,0.40830874021183095,0.8175079254258586,0.0,0.8412068639914833,0.0,0.4172393332578276,0.0,0.6036656705748619,0.26443646281445016,0.0,0.24535328916580032,0.7573126124733905,0.909325495752083,0.1421141740633367,0.8345494298575676,0.6675289403985489,0.0,0.0,0.08622256063415336,0.0,0.4002692725238618,0.8386227261793033,0.3481378764160584,0.2608923972886764,0.0,0.0,0.2358957300071152,0.0,0.0,0.0,0.0,0.0,0.0,0.0,0.0,0.0,0.0,0.0,0.0,0.25339811687958747,0.8720015398663012,0.0,0.22061745875438693,0.5344797104169932,0.3838504549727455,0.12698999804294622,0.849166431205179,0.0,0.8263680799002361,0.12673025985122396,0.0,0.0,0.5073876596712156,0.04713413320443628,0.0,0.0,0.6896871408713611,0.7047977063153673,0.04135520574942472,0.6079494161982426,0.6866129708302474,0.0,0.0,0.0,0.9708168843082585,0.0,0.0,0.0,0.0
0.1389194883582556,0.41707140215447724,0.600099044721614,0.0,0.5483454897591601,0.5246279300478983,0.39415555052496987,0.532820151285772,0.55131467793764,0.1886414215698034,0.5642529489874561,0.3469116958371538,0.668995525874327,0.11373733406265743,0.48402517929230243,0.42394598448119375,0.19331888611096137,0.5252811156432668,0.5914209084407585,0.551315166806249,0.45758212713546587,0.5211258330047353,0.5596736796905752,0.0,0.0,0.08491757459157771,0.4002692725238618,0.0,0.5411374893567098,0.7066929832367065,0.6290962777846749,0.019524882185688562,0.0,0.1791674118448492,0.0,0.05629351272136214,0.1429667824484815,0.33809037417840043,0.0,0.0,0.0,0.0,0.014732211462286513,0.13513406835988573,0.1320017732167332,0.047196127096681646,0.06279659760135656,0.5360515710806601,0.0013688417725969454,0.23367041305660669,0.15917392072655445,0.26872199816801495,0.43807444978338583,0.5537162250638672,0.09228798775549446,0.5123128883644482,0.3784333055201917,0.23240959542942938,0.21493223113793822,0.4618955187640977,0.30446797114892665,0.00759433944136931,0.13078917469875503,0.5706155562692468,0.5022107499546364,0.4709352376882577,0.33202735693023794,0.5056072274775254,0.0,0.0,0.0,0.31168331646610153,0.24080728853376668,0.0,0.21370883188977965,0.16630823675763567
0.0,0.5785507747124929,0.8197406931786869,0.0,0.6091043712643076,0.8727612503673353,0.358466875333161,0.5026038073715424,0.7163738264980033,0.01897081104814775,0.7104380829648148,0.14466688398635177,0.5654477261555396,0.0,0.6079283646517527,0.5524721470087394,0.0,0.4664656255837638,0.7103955585425213,0.8748631435119568,0.36067632746425043,0.8380728060758816,0.7419412008934776,0.0,0.05343466129870381,0.12745843433918197,0.8386227261793033,0.5411374893567098,0.0,0.5135425128156726,0.4559185900626656,0.0,0.0,0.3422482887623939,0.0,0.0,0.0,0.04603584519560606,0.0,0.0,0.0,0.0,0.0,0.0,0.0,0.0,0.32260732919756996,0.7573432129757459,0.0,0.08735787313085383,0.5628161988450676,0.3498826574499077,0.31513466681826796,0.7719341446026856,0.0,0.6787324907729787,0.12619359934782812,0.0,0.0,0.5082186004248122,0.2565162009397368,0.0,0.06824824880035518,0.6671244772805637,0.6899301683399183,0.2188564782397496,0.5709027928903402,0.7153684267383102,0.0,0.03741837782516021,0.0,0.7613633597591446,0.0,0.082044402104006,0.0,0.0
0.2445434655391706,0.18901926819857728,0.5229860876974638,0.0,0.40550347974141,0.48218079997840874,0.25141668300954995,0.6202685144686042,0.4932123706667987,0.0,0.5123900389637992,0.07357544559001097,0.3771476817607811,0.0,0.5748949652848252,0.3604655666102464,0.0,0.33809764254327385,0.6060316106934147,0.5233685629462,0.6322479797700622,0.48587170697333903,0.6183132405242585,0.0,0.0,0.0,0.3481378764160584,0.7066929832367065,0.5135425128156726,0.0,0.7529350562527535,0.17581368929186747,0.0,0.3010812094087782,0.0,0.0,0.0,0.3728041530269952,0.0,0.0,0.03427455105614552,0.0,0.0,0.0,0.23694105719788822,0.1799486144862169,0.0,0.44834589882096176,0.0,0.0,0.07292595913501024,0.11802466067223104,0.6129944068223585,0.4662405045472979,0.0,0.48357734952428294,0.18020710182538116,0.05821027860199631,0.06616786683291821,0.5690222247197113,0.3998492567990281,0.0,0.0334740695127125,0.62055101250398,0.474652496508596,0.6334618580000778,0.3300614550462006,0.5424434626780769,0.0,0.0,0.0,0.23594169164337836,0.10291036394647067,0.0,0.35638203987675593,0.24228708781998393
0.31380048294161617,0.07865842824631727,0.4378698598632711,0.0,0.30089152299411004,0.3342503716262062,0.32779689744409046,0.4586452790736846,0.3481283192723629,0.11954623270993354,0.4003280437383249,0.0,0.2886842605721216,0.027769594853150958,0.5954470029204835,0.478270395500297,0.0,0.3567852395447682,0.47357424631051054,0.4720182905705162,0.6248265753763069,0.49913831574947193,0.467290431893502,0.0,0.0,0.0,0.2608923972886764,0.6290962777846749,0.4559185900626656,0.7529350562527535,0.0,0.06958424262659438,0.0,0.43364589635714573,0.0,0.0,0.0,0.34632189816727516,0.0,0.0,0.16058855357621346,0.0,0.06765051657637737,0.0,0.15023421230253067,0.2897164164745232,0.0,0.34412500291739045,0.014832162291000883,0.054372015149402174,0.0,0.2181690776353724,0.4370602620838722,0.3354408270933698,0.0,0.3456302579010388,0.0,0.10463797477574224,0.09424607291644807,0.5753501557516627,0.4748260768600872,0.0,0.10122599223438576,0.4365595970860791,0.45283002456520755,0.6399309833763016,0.3823866841852666,0.3859982630146751,0.0,0.0,0.0,0.11759775345856524,0.17511359284808772,0.0,0.34798020144617664,0.3600205740843861
0.6527810800436628,0.0,0.0,0.28609170957228697,0.0,0.0,0.08825345181767925,0.0,0.0,0.0,0.0,0.03332625298772848,0.0,0.33080858108130096,0.0,0.03978140923183528,0.2947679406139483,0.14627717457632125,0.0,0.0,0.23674647798914034,0.0,0.0,0.569043867437951,0.3514090677123618,0.0,0.0,0.019524882185688562,0.0,0.17581368929186747,0.06958424262659438,0.0,0.33934858125426953,0.0,0.0,0.5018831890200196,0.04139443322388329,0.18465749933770745,0.8445987323006529,0.45538580099878756,0.4298594316274534,0.22319975069690548,0.6272838818624197,0.3077653489599178,0.37667012828327373,0.5811983760652306,0.0,0.0,0.5450300559660803,0.0,0.0,0.0,0.19730025877888926,0.0,0.22796941460743045,0.0,0.0,0.2554544572747121,0.329477387048403,0.0,0.43776656153785765,0.24526277880336203,0.3379843583245925,0.0,0.0,0.35962987195430757,0.0,0.0,0.6369766325959655,0.17011472737162364,0.24403824668607235,0.0,0.6210147119408623,0.23710138809979536,0.6808416948131256,0.7153753384650005
0.24093333448631227,0.0,0.0,0.32161139492001134,0.0,0.0,0.0,0.0,0.0,0.0,0.0,0.17381340249474087,0.0,0.1267928861031659,0.0,0.0,0.2577879562415336,0.10505098294776849,0.0,0.0,0.0,0.0,0.0,0.4482628033196637,0.3557886748239273,0.2078403712365509,0.0,0.0,0.0,0.0,0.0,0.33934858125426953,0.0,0.0,0.0,0.3050107458333475,0.0522884568271198,0.08082687524289695,0.41928622028394047,0.5730287885500926,0.30615395988572613,0.19219295602825334,0.2538393044286353,0.21087621983804702,0.16410094687863122,0.2588756486544364,0.0561396580271978,0.0,0.20068059076834063,0.0,0.0,0.0,0.0,0.0,0.02328766547733441,0.0,0.018392230138233705,0.0,0.10131923051114021,0.0,0.1809236306423551,0.1565428831068908,0.1780175711691982,0.0,0.0,0.0,0.0,0.0,0.43181801786331747,0.1316871024679344,0.2220087924539444,0.0,0.2769600852050503,0.07004480318817731,0.23177309631319384,0.23968359023525246
0.0,0.03392287477102758,0.20726742562813888,0.0,0.1599553058480633,0.24750424221190556,0.11129936542253065,0.21401143987783464,0.16088356629798894,0.0,0.1735809857228307,0.0,0.08692790293482222,0.0,0.27653807128532437,0.2532767919047371,0.0,0.05144840547806523,0.16729466898218207,0.21621673551957635,0.3122499326132783,0.2625083870256687,0.3366838652828878,0.0,0.0,0.0,0.2358957300071152,0.1791674118448492,0.3422482887623939,0.3010812094087782,0.43364589635714573,0.0,0.0,0.0,0.0,0.0,0.0,0.15740697220486144,0.0,0.0,0.27378125643147483,0.0,0.0,0.0,0.01622648305379859,0.0,0.05142528244995537,0.1556645928913283,0.0,0.03469370713064169,0.0,0.11724536596892973,0.19249043630243395,0.17300153577519434,0.0,0.14604440676468097,0.0,0.0,0.0,0.25877373410179055,0.1984504399412074,0.0,0.0,0.10224138015135831,0.16632556292834824,0.28632173844365905,0.17553044042869065,0.2713875200981232,0.0,0.0,0.0,0.1324934566321229,0.0,0.0,0.0,0.0
0.0,0.0,0.0,0.1953847423303097,0.0,0.0,0.0,0.0673671816745923,0.0,0.0,0.0,0.04873550947099376,0.06914599830152217,0.04073953416237615,0.0,0.0,0.012774114307950604,0.0,0.0,0.0,0.0,0.0,0.0,0.1144449697446097,0.0,0.0,0.0,0.0,0.0,0.0,0.0,0.0,0.0,0.0,0.0,0.0037792990234044753,0.0,0.0,0.0,0.0,0.0,0.1491552928941341,0.0,0.0,0.0,0.0,0.0,0.0,0.0,0.0,0.0,0.0,0.080765026152652,0.0,0.0,0.0,0.10310155659816818,0.0,0.007241639258218211,0.0,0.0,0.0,0.0,0.0,0.0,0.0,0.0,0.0,0.07485728928166491,0.0,0.0,0.0,0.0,0.0,0.08028034127504906,0.0
0.3855692024072898,0.0,0.0,0.2469622424206647,0.0,0.0,0.0,0.0,0.0,0.0,0.0,0.023591372546010275,0.0,0.28705112465590926,0.0,0.0,0.20860967726841304,0.0,0.0,0.0,0.1776477606298791,0.0,0.0,0.36987518538370945,0.22254063961834364,0.0,0.0,0.05629351272136214,0.0,0.0,0.0,0.5018831890200196,0.3050107458333475,0.0,0.0037792990234044753,0.0,0.39187220260272076,0.30707086686555835,0.5185496485208086,0.3840177723484107,0.309853864050518,0.1630129053267565,0.5489140718008448,0.3451288894372308,0.3700456801894223,0.4477719922626022,0.0,0.0,0.5617299410729051,0.07611980516379,0.0,0.0,0.14415221580818458,0.0,0.14085372329207585,0.0,0.06176880388692245,0.17911530142282264,0.2508507696541686,0.0,0.15274170275523347,0.19456618443389403,0.1320427282491487,0.0,0.0,0.2657448692023166,0.0,0.0,0.4794883063156886,0.1288848044993874,0.2773944313195433,0.0,0.5753934020883893,0.056523736990102345,0.45677030117551337,0.45323248463637916
0.019128704713738717,0.22902795253750083,0.0,0.08540919697148161,0.0,0.0,0.0,0.041245345224622885,0.0,0.21194124399687228,0.0,0.3211588881297236,0.0,0.05156199950598189,0.015326792541234183,0.03091496387012635,0.09900595076087573,0.1017121225665405,0.0,0.0,0.17260172221893644,0.0,0.03555783654288711,0.2532610316437571,0.22105697701167523,0.24202333563653478,0.0,0.1429667824484815,0.0,0.0,0.0,0.04139443322388329,0.0522884568271198,0.0,0.0,0.39187220260272076,0.0,0.20589647440341888,0.09342583618511571,0.019513676812733142,0.009225440480800463,0.03707215131044272,0.08567219837864773,0.2807217933435748,0.12118549565302907,0.06204162718786677,0.17441433831690892,0.0,0.05144109506725485,0.01008278799966216,0.18080403083952876,0.0,0.11555971185301993,0.0,0.2018744531825874,0.0,0.31987747632025887,0.15442802119386362,0.05549970248434004,0.0,0.15974727650939743,0.25441680830557895,0.2361695025996162,0.0,0.0,0.1780368133848842,0.0,0.08383726316129157,0.34714933577374885,0.16629657829236413,0.3209396864225155,0.0,0.1437847816744076,0.12074812254231962,0.11700672438524035,0.09393479873594957
0.18233771282104103,0.0708244158492236,0.0,0.0,0.09063071835605326,0.09933216101269648,0.14721269141673374,0.27238578238347594,0.031516989984458434,0.029329122767547643,0.0,0.12921120789197507,0.2406264322213283,0.06768451835191024,0.04413058015882801,0.09412460581534658,0.09758229566027003,0.15439881670290176,0.09639750263538012,0.0,0.37559216070180745,0.0,0.2174350002846287,0.08638494820587483,0.0,0.0,0.0,0.33809037417840043,0.04603584519560606,0.3728041530269952,0.34632189816727516,0.18465749933770745,0.08082687524289695,0.15740697220486144,0.0,0.30707086686555835,0.20589647440341888,0.0,0.07673122964396974,0.07379897763842413,0.19656370088998584,0.014557713244029467,0.21112610929046982,0.10997592036837589,0.3124606881369639,0.21949926884990084,0.0,0.0,0.15605292005021912,0.026526541311435305,0.0,0.0,0.3925000627831403,0.0,0.0,0.0,0.07709780126622746,0.08524851471743387,0.15406127562806693,0.044854769191227585,0.15871764571491756,0.0,0.0,0.1251789571136284,0.0,0.3474984232921289,0.0,0.15648834401974535,0.12793346400300876,0.0,0.0,0.0,0.27365536079964753,0.0,0.2848927637944669,0.19873281610690646
0.6125122957846804,0.0,0.0,0.3310660307470485,0.0,0.0,0.0,0.0,0.0,0.0,0.0,0.0,0.0,0.38004096580203045,0.0,0.0,0.24556376983019537,0.0449124700309285,0.0,0.0,0.06422544047407802,0.0,0.0,0.5759570278713151,0.4003754057184597,0.0,0.0,0.0,0.0,0.0,0.0,0.8445987323006529,0.41928622028394047,0.0,0.0,0.5185496485208086,0.09342583618511571,0.07673122964396974,0.0,0.5815072053306739,0.4867768387302536,0.3346942831798251,0.6724263312071949,0.3790588132188778,0.2958532440550412,0.6197553069415538,0.0,0.0,0.5901654779854714,0.0,0.0,0.0,0.0,0.0,0.18252723013885488,0.0,0.0,0.2072623811414314,0.29542434432562004,0.0,0.4000037872744142,0.236919419108123,0.3287690055824844,0.0,0.0,0.18399209855649237,0.0,0.0,0.666045507789161,0.25910855120225973,0.3064767441475754,0.0,0.6099414034577489,0.32633465396659267,0.6095663763041843,0.6971331610914137
