0.0,0.0,0.2245892309932492,0.0,0.0,0.0,0.0,0.0,0.06622461017359126,0.22875505425804676,0.0,0.0,0.0,0.0,0.3517419189754954,0.48190557610448354,0.1648337225006864,0.40396778544494055,0.022235343692442035,0.5752583119955852,0.4331808480432963,0.5181549308341625,0.0,0.46599780290403836,0.24946070643247756,0.49667267233027557,0.0,0.0,0.45750669036616826,0.328521412931926,0.5938455526639191,0.0,0.0,0.0,0.0,0.0740942736107808,0.3971401231144673,0.05959579571800624,0.0,0.0,0.17867364332214197,0.20679721709689897,0.0,0.12088353097295584,0.1226038959402151,0.8130341850056123,0.20191376390465898,0.26622422193401024,0.0,0.0,0.14525484791281607,0.0,0.0,0.0,0.1201701997892581,0.0,0.0,0.08530627053771081,0.0,0.4757724966703118,0.6800318383849998,0.1556973383574988,0.42665451982739194,0.0,0.5386011335428231,0.5723344587298855,0.6243505891597884,0.0,0.32043574170349637,0.4415624505808917,0.4717022706185126,0.0,0.034846844250895445,0.6688735558364273,0.5638220813236292,0.6797638559856641
0.0,0.0,0.0,0.0,0.025405389624163822,0.4382383314700907,0.26584024704661935,0.11945405454428994,0.2077931890330906,0.0,0.025028330859296042,0.0,0.5264791280496558,0.0,0.0,0.30088068616990893,0.13839482101097778,0.5565195413874833,0.08278782597402685,0.09304112617550328,0.14999542013983427,0.2512293065405858,0.40626632037821975,0.0,0.5255917379587095,0.305010045115041,0.20531375099642565,0.07773774585332432,0.13241316224684693,0.02035346513988566,0.0,0.24860291125141734,0.15510925199052572,0.12623282020634222,0.017700529767432492,0.0,0.1752636797828563,0.0,0.04715685904225592,0.26332606700929273,0.2465172028287894,0.0,0.0,0.004113007175191028,0.06990219240104213,0.0,0.3060287607740559,0.0,0.0,0.0,0.2207330566614286,0.03487526747810662,0.0,0.11763517078086572,0.0,0.10884690075824818,0.0,0.36712247513711366,0.0,0.0,0.1683334877280181,0.0,0.2143276207127984,0.17830413786653443,0.03280300820814177,0.0,0.0,0.06936926569401729,0.0,0.0,0.19498914903601838,0.0,0.0,0.0,0.07855014889257204,0.0
0.2245892309932492,0.0,0.0,0.31250675153706337,0.630212671501265,0.7385457659724988,0.46935240373039877,0.2741715536014606,0.6194132948212315,0.26034859800365345,0.48842789122460284,0.1966853924002331,0.37253481893358686,0.24516373470806127,0.0,0.33714285502919705,0.4438144576520618,0.31145362292130624,0.6141215282100007,0.31786592553539894,0.0,0.0485407098006161,0.41051252506562025,0.47855483013313377,0.3536741560541625,0.24672441773344853,0.5171210157520932,0.5713437065816357,0.5406715518267339,0.404754532596617,0.3634655424064556,0.025705617927834302,0.2800611673947125,0.270747313350506,0.060405196282457274,0.06578085061903072,0.0,0.0,0.0,0.16951268012218493,0.19425939747112098,0.0,0.4427909301563289,0.12547455530544852,0.14159403072487267,0.15906516167431764,0.0,0.8606420993745287,0.34806242662677267,0.2225444906376284,0.5013711980947089,0.4894364664674626,0.30301811306771276,0.6618141996137872,0.4182420030826445,0.43541878416173435,0.014396877654352614,0.18179294539513793,0.08726222318610727,0.0,0.14927825291451804,0.37687146936962856,0.3512590927046824,0.5272666238787305,0.3108392698976071,0.0,0.21993280814347477,0.18789272671366067,0.5010134004629712,0.49745572228760815,0.3424671041821336,0.40713345363714104,0.4332899956440117,0.416324481615984,0.22953437932595666,0.35837629564894563
0.0,0.0,0.31250675153706337,0.0,0.45810921489178835,0.3680451835866983,0.5003411421142098,0.27596292795404614,0.28863194132974623,0.0,0.5439960741298651,0.0,0.22602805688095318,0.30716543591198714,0.0,0.07025051731965268,0.030026655738695864,0.0,0.11649134166824325,0.0,0.0,0.0,0.07347169344383275,0.0,0.0,0.0,0.5256138139842634,0.19947194711602906,0.016178000423537175,0.0,0.05199762851611263,0.17745189892755342,0.11748663827544294,0.2944918425717572,0.2154978313927161,0.0,0.0,0.0,0.10448411077196319,0.0,0.0,0.0,0.15562454939404,0.0,0.0,0.0,0.0,0.22860703188385714,0.3729748577174742,0.5452688738683219,0.15153744978336894,0.3886023653391471,0.2637757176851914,0.5808112667177376,0.010069995430657015,0.5746215257087134,0.0,0.0,0.595679906272424,0.0,0.0,0.0,0.0,0.1208552090194855,0.0,0.0,0.0,0.0,0.0,0.0,0.0,0.29624801506160325,0.0,0.0,0.0,0.0
0.0,0.025405389624163822,0.630212671501265,0.45810921489178835,0.0,0.7357282882927295,0.8015170760954891,0.49452070192115527,0.7024957516851646,0.015154299148246309,0.6744712445502462,0.0,0.5859542262584116,0.5741924951017956,0.0,0.2337344806062622,0.3627400185038196,0.18154369050320768,0.5247707827315725,0.15550891973229686,0.1367768777371832,0.0,0.2797993482658669,0.4276585600490759,0.48831989802451825,0.06977686227448197,0.7522878998350307,0.5724080531790776,0.4749551799991703,0.07474719623294024,0.0,0.27435829166635317,0.2998406701899872,0.20121832182419422,0.0,0.034398064288091834,0.0,0.07786251729074124,0.06801846270219754,0.3871351154251555,0.2073906949484714,0.0,0.5469500033160627,0.30264880987389625,0.19848136615052317,0.0,0.0,0.48730953729065346,0.6697485325016903,0.6784115141860453,0.4838096762375129,0.6811180211547724,0.4133205652807515,0.7556910335165191,0.271820698088599,0.6253308488590362,0.0,0.2578063398659136,0.30822086327897974,0.0,0.06088901754515228,0.27030058014582764,0.26433150610412676,0.5243617648023495,0.1066776863322602,0.0,0.18615386496892408,0.1254454442249759,0.525673606926952,0.4492519200660794,0.22714479403762203,0.4699380485933335,0.5448249843216189,0.20567431719435506,0.0,0.11859871253105383
0.0,0.4382383314700907,0.7385457659724988,0.3680451835866983,0.7357282882927295,0.0,0.7244350226621928,0.38416639168627914,0.6911521085998414,0.0,0.6096075816556892,0.024973392462997724,0.666107386431381,0.32458993377731576,0.0,0.32511139809408657,0.5359555443225147,0.5070593631947812,0.6349359190911477,0.12036389012398976,0.0,0.0,0.42114159806893897,0.3000938232673132,0.6660653009062586,0.36441983138899936,0.7723217874325746,0.5412363188662618,0.4559095813539228,0.20341503667613794,0.0,0.3307425783224876,0.30364076532012035,0.27346204356960546,0.0,0.07287686122196918,0.0,0.0,0.0806803648960569,0.39296639714406295,0.29345241821804113,0.0,0.49424076621842966,0.2883827085272511,0.17323574113595885,0.0,0.0,0.6376317973091512,0.49496851427132704,0.508225333954723,0.7295859785400497,0.7332914817009222,0.30146909115525833,0.8236603284869709,0.2704327873869296,0.5904181093692912,0.0,0.4799781231754841,0.259491396624962,0.0,0.1555306455106551,0.4283235415402784,0.47349651558882694,0.662130798072169,0.19846033809632824,0.0,0.1290842598142732,0.1718837665280415,0.3912032824294126,0.4683236873076789,0.4120374653158463,0.5580245990233992,0.4820215777458577,0.2133551726119572,0.09785507908647256,0.2150350206551503
0.0,0.26584024704661935,0.46935240373039877,0.5003411421142098,0.8015170760954891,0.7244350226621928,0.0,0.3783191931119798,0.5482198912987846,0.0,0.5250562238461027,0.0,0.6286270945709721,0.39276986340964465,0.0,0.27218732404607116,0.29490440409556934,0.26595664539974234,0.37041328780826493,0.1206173529519038,0.0575268084548699,0.07187706791008715,0.22839169095805642,0.23133825388606694,0.5607070047087921,0.1064091342858516,0.756234817379849,0.36842341632497483,0.4525685773096162,0.0,0.0,0.2692438676111086,0.24964482449514377,0.1286206701378672,0.018090485381616922,0.0,0.0,0.043180746407304314,0.018416549692382,0.32771945191397245,0.03673007755567581,0.0,0.33668033023470645,0.2790934281765288,0.22354535873894163,0.0,0.0,0.3292347432865627,0.4775494977563791,0.6017572632333795,0.37368915004751685,0.6300651992360323,0.21108859807503952,0.6815448304557369,0.11529684044253699,0.5947055277007306,0.0,0.18786516183463753,0.36498542026295905,0.0,0.0,0.14022970511985486,0.18237873202815738,0.4205764034184818,0.0,0.0,0.07116353606432212,0.0,0.2680628460440045,0.28480002706281377,0.08509275771225477,0.34606754044215293,0.3085028897449096,0.0537304778144374,0.0,0.0
0.0,0.11945405454428994,0.2741715536014606,0.27596292795404614,0.49452070192115527,0.38416639168627914,0.3783191931119798,0.0,0.423464771798619,0.0,0.5837913220032936,0.38725205980824307,0.2944637541836521,0.482086571400521,0.0,0.0,0.01583382806843199,0.0,0.266122504323828,0.0,0.013208470886368074,0.0,0.6950595451031747,0.10938883642187798,0.048515517386913995,0.0,0.48845410327387523,0.22497956764588076,0.0,0.0,0.0,0.3085995472727669,0.37754277352291415,0.2478818350429067,0.0,0.11931215326537627,0.0,0.15874079237974853,0.17890773309427124,0.28762940979985874,0.08007177006932592,0.0,0.39193712759368954,0.0688966576272462,0.09600352615424042,0.0,0.0,0.22749111291424706,0.4590377928990975,0.6196713610735533,0.1386751372712847,0.36280710991705917,0.7819529840036917,0.43533046763919636,0.0,0.5068513264250973,0.2028376577391259,0.11036282230338283,0.3451216424539655,0.0,0.0,0.0,0.0,0.2937629600375992,0.0,0.0,0.0,0.3974053661377296,0.17426017450090822,0.0,0.0,0.36591108796919763,0.3199837183148378,0.0,0.0,0.0
0.06622461017359126,0.2077931890330906,0.6194132948212315,0.28863194132974623,0.7024957516851646,0.6911521085998414,0.5482198912987846,0.423464771798619,0.0,0.0,0.7099461370959311,0.0,0.30781965339272127,0.42339838629289556,0.0,0.11040659240265527,0.1556673861979868,0.20854184288774735,0.4616306535110646,0.1878682565749766,0.21646337458635415,0.03441534306383466,0.3381618727495383,0.39568134658241283,0.5045258980276704,0.23385362527170814,0.7643791739040156,0.33326122276224546,0.3003250306277278,0.0,0.0507212469863801,0.3122466802996226,0.25772662647880895,0.2502105689241239,0.0,0.17058969980421554,0.0,0.3050447553616417,0.2689935508386487,0.40830309436482565,0.3291733585980892,0.0,0.43434573423134226,0.2695817490696717,0.3099502864899573,0.06275156718575657,0.0,0.5274217625905822,0.4349714986865905,0.5655414365390823,0.5211906714834502,0.5580744581471762,0.4159990947541808,0.8481489187681012,0.08961995888946112,0.8039460899454934,0.0,0.25944941822973805,0.28601003783232626,0.0,0.08744372209504873,0.18474903354529765,0.2628727246698959,0.4570833575854378,0.2553041356381481,0.0,0.3168823377063387,0.20061534331242448,0.46498139850759257,0.48594814991232654,0.3970333936184412,0.5819751298472303,0.42831301256355875,0.23432005577333664,0.0,0.21802796636909372
0.22875505425804676,0.0,0.26034859800365345,0.0,0.015154299148246309,0.0,0.0,0.0,0.0,0.0,0.0,0.4953801429420886,0.12444040409832344,0.0,0.0,0.21905119034656714,0.5227352456344154,0.17096441304202414,0.19234618034054207,0.046538645200023585,0.02196263693175308,0.0,0.0,0.21696053876587792,0.11109231490602549,0.19279990036700498,0.0,0.28339034130484747,0.1315809382740105,0.38662485930327384,0.2892876225625145,0.0,0.0,0.0,0.0,0.07707738169684836,0.11328390759015658,0.0,0.0,0.0,0.0,0.0,0.17233101679571403,0.09221379909224574,0.0,0.18420946507108688,0.0,0.2691942687203534,0.1329249682612191,0.0,0.0,0.1252852717024537,0.0,0.0,0.7908361530437203,0.0,0.5429846563876536,0.11153162702695481,0.0,0.0,0.1846087157230619,0.5040863630496936,0.2594403442115406,0.05110052759008926,0.16838535727490736,0.19060448713939926,0.013675567753208308,0.0,0.18451342546236374,0.19816786829208868,0.1398022495852898,0.0,0.18301212536011066,0.29042943016213096,0.1560214992006687,0.22392849817423413
0.0,0.025028330859296042,0.48842789122460284,0.5439960741298651,0.6744712445502462,0.6096075816556892,0.5250562238461027,0.5837913220032936,0.7099461370959311,0.0,0.0,0.0,0.41347774791315856,0.5627325683058388,0.0,0.0,0.26400901355179385,0.0,0.5462148323647427,0.0,0.0,0.0,0.25264906804210696,0.17654550064000868,0.285323149936843,0.0,0.6708436417198427,0.4140792031462539,0.0,0.0,0.0,0.36371989675622773,0.151220107286907,0.17521447463306694,0.0,0.042162399199384346,0.0,0.10119739768124976,0.2849393995603411,0.23487624985075725,0.11145214442035457,0.0,0.5311617299815276,0.14338883701484698,0.12831351535034718,0.0,0.0,0.42727845881120585,0.5649326517782479,0.7424493816302761,0.4620303196114278,0.6675232261949662,0.6145218920702846,0.7509603384572192,0.23545442010970932,0.8205427487201604,0.0,0.28009509660011994,0.5314890469505967,0.0,0.0,0.25928607519071584,0.14046845326728832,0.5046421713005285,0.0,0.0,0.0,0.24282017180773913,0.33806875917620177,0.30782757615383183,0.20805934404442844,0.5714489337050092,0.46660510765666113,0.0,0.0,0.0
0.0,0.0,0.1966853924002331,0.0,0.0,0.024973392462997724,0.0,0.38725205980824307,0.0,0.4953801429420886,0.0,0.0,0.1519272314849689,0.06166917211126737,0.0,0.0,0.16873117654566955,0.0,0.21779893199334177,0.0,0.0,0.0,0.3421628718617479,0.09467760311484048,0.0,0.0,0.0,0.2818321314382214,0.0,0.3978024796858954,0.0,0.0,0.18845059668233513,0.15512899157235355,0.050966682724317036,0.05467647694288218,0.0,0.0,0.0,0.0,0.0,0.0,0.18119699269093315,0.0,0.0,0.0,0.0,0.1697500496140469,0.17944631829653415,0.0,0.0,0.0,0.2097586549946896,0.0,0.28695776248323573,0.0,0.8474482595280478,0.0,0.0,0.0,0.0,0.10271264867656428,0.0,0.13299072185698446,0.0,0.0,0.0,0.017727063198223834,0.06956351829576264,0.0,0.0,0.0,0.13323265993770597,0.0,0.0,0.0
0.0,0.5264791280496558,0.37253481893358686,0.22602805688095318,0.5859542262584116,0.666107386431381,0.6286270945709721,0.2944637541836521,0.30781965339272127,0.12444040409832344,0.41347774791315856,0.1519272314849689,0.0,0.15050013712770952,0.0,0.5528696943673448,0.6037360142506033,0.6115166404943334,0.5438800952048152,0.038022087896464725,0.11328592124965599,0.03581104939793772,0.27645599679377125,0.1447481283269998,0.621609159590528,0.3190391241000656,0.3269604916895476,0.6730344976384656,0.38369895266768733,0.2457392543890211,0.0,0.10922171870049528,0.25968680651792747,0.09153885144989793,0.0,0.0,0.0,0.0,0.0,0.235427196288593,0.15260354883608976,0.0,0.20480120290138407,0.16883154857449703,0.0,0.0,0.0,0.27218555982468234,0.5009173080960239,0.33851941814578573,0.3708900849756782,0.5063020905164858,0.0316040507596373,0.38868220987856644,0.29230741127995064,0.24249914518163673,0.06430193391485582,0.555819074425399,0.0,0.0,0.15484130509669933,0.3835774260108063,0.3779065621172696,0.5634457270190503,0.0,0.0,0.0,0.0,0.2266491831684489,0.15777977482322839,0.1824538598110331,0.0,0.4944867551035264,0.0,0.0,0.06575776953567786
0.0,0.0,0.24516373470806127,0.30716543591198714,0.5741924951017956,0.32458993377731576,0.39276986340964465,0.482086571400521,0.42339838629289556,0.0,0.5627325683058388,0.06166917211126737,0.15050013712770952,0.0,0.0,0.0,0.12201212148441931,0.0,0.2830230903569172,0.0,0.064789225484015,0.0,0.20699701474436094,0.23391499205980146,0.20505067617711017,0.0,0.5035441247345109,0.07170451534202367,0.0,0.0,0.0,0.4412720133308039,0.0624244797363058,0.0,0.0,0.27767916092068945,0.0,0.12054968875259992,0.40891386828350373,0.15843080711096413,0.16341509715302444,0.0,0.5298079359510102,0.21303845302009403,0.09702915834277787,0.0,0.0,0.15839372228713675,0.39232279953942256,0.6655354979449041,0.3032935989167616,0.5426579724643578,0.5427619079229481,0.4140059776684681,0.25737854487463885,0.5009133671343315,0.0,0.11635679262431159,0.488994391442996,0.0,0.0,0.21180790368838265,0.1035004899783172,0.2273006910428801,0.0,0.0,0.0,0.3253702780564558,0.2850706766718841,0.2826240725679457,0.15960243241468833,0.5304871075618758,0.2664747934266759,0.0,0.0,0.0
0.3517419189754954,0.0,0.0,0.0,0.0,0.0,0.0,0.0,0.0,0.0,0.0,0.0,0.0,0.0,0.0,0.0,0.0,0.0,0.0,0.412542742502575,0.5587359016035083,0.4121307904579147,0.0,0.0,0.0,0.0,0.0,0.0,0.0,0.0,0.14660757290570017,0.0,0.0,0.0,0.0,0.16840492546776661,0.36279413736658955,0.2405728361345928,0.0,0.0,0.141103641680906,0.33940302920010124,0.0,0.0,0.0,0.37595560803995354,0.6693834310682516,0.0,0.0,0.0,0.0,0.0,0.0,0.0,0.0,0.0,0.0,0.0,0.0,0.920234201514311,0.2174085332041543,0.0,0.0,0.0,0.2619926986972351,0.6357236157060361,0.3638959649174488,0.19550418887410734,0.0,0.0,0.0,0.0,0.0,0.17876194766507075,0.1508147358077909,0.17165737630239858
0.48190557610448354,0.30088068616990893,0.33714285502919705,0.07025051731965268,0.2337344806062622,0.32511139809408657,0.27218732404607116,0.0,0.11040659240265527,0.21905119034656714,0.0,0.0,0.5528696943673448,0.0,0.0,0.0,0.5038195725861548,0.71504906200208,0.36589207733814444,0.4594222694285056,0.17801575007231016,0.4133397079433825,0.0,0.3431887726634601,0.5105481028887546,0.4275676660379621,0.05179273927881325,0.593943342885048,0.7040783062126516,0.5816140425011517,0.3794220931333697,0.0,0.13891173074497395,0.04425597610614476,0.01685242196016171,0.0,0.20075080691551217,0.0,0.0,0.1522504849640254,0.09616321525903983,0.0,0.0,0.16689392243141518,0.0,0.4398292120867554,0.0,0.33030078765601906,0.19743987255582715,0.0,0.25755836648862435,0.14248235500802636,0.0,0.18362656570545363,0.18874865149909031,0.0,0.0,0.34645810960818046,0.0,0.0,0.5523858528790869,0.2830436011626179,0.4971249403523676,0.4122597633558671,0.19297656885521328,0.07520322859949907,0.32431306387889586,0.0,0.2939696830374566,0.28022113474204013,0.28950600158698775,0.0,0.35769523115634294,0.3912046050609969,0.28559796606482213,0.42491394215002193
0.1648337225006864,0.13839482101097778,0.4438144576520618,0.030026655738695864,0.3627400185038196,0.5359555443225147,0.29490440409556934,0.01583382806843199,0.1556673861979868,0.5227352456344154,0.26400901355179385,0.16873117654566955,0.6037360142506033,0.12201212148441931,0.0,0.5038195725861548,0.0,0.7173515948182582,0.5776135822447669,0.0,0.03948325175914744,0.0,0.0,0.4090700229983993,0.6578403574178706,0.5615095379922477,0.11114049991548718,0.6228420874162981,0.3502033395334153,0.3750146279632474,0.0,0.06729887392766934,0.12876639298919207,0.0,0.0,0.059288526535247826,0.11926196726257632,0.0,0.0,0.2104165911878219,0.3134356118454918,0.0,0.42787044679349295,0.31355546834771847,0.08731000506152997,0.09312485793089219,0.0,0.469414670318217,0.423135425117989,0.13144806953347066,0.4834568703455685,0.5380925911862849,0.0,0.2571940066447135,0.6842291488177312,0.058326740379664704,0.13418213996622666,0.6190994468744854,0.0,0.0,0.4851351755414406,0.8321422200957316,0.7152742860008738,0.5672179715261573,0.23822819723970645,0.0,0.12991338039259825,0.0,0.4504752925237022,0.5041730755098998,0.49293664094365086,0.08226352536242605,0.588026611483135,0.34319223595174425,0.23703024373410128,0.47956959864421117
0.40396778544494055,0.5565195413874833,0.31145362292130624,0.0,0.18154369050320768,0.5070593631947812,0.26595664539974234,0.0,0.20854184288774735,0.17096441304202414,0.0,0.0,0.6115166404943334,0.0,0.0,0.71504906200208,0.7173515948182582,0.0,0.400467814309841,0.2092758243439255,0.21728853727736366,0.17251826182319127,0.10120938227477409,0.3439332061845549,0.8299590776596848,0.7574664027198109,0.06721368733628523,0.4632954320720054,0.4464905592617281,0.38755094919973665,0.0,0.04145323162388102,0.1253328078662908,0.0,0.0,0.0,0.3381188132475607,0.0,0.0,0.2650174430854231,0.3542436063347064,0.0,0.02636543849037599,0.3073913426467291,0.020204307072420824,0.29965108224237524,0.10914013126654105,0.2822497966570906,0.2408726304212173,0.0,0.47947259821437577,0.31119656298112447,0.0,0.204320358001246,0.31743016337766083,0.0,0.0,0.6444478144385686,0.0,0.0,0.6959301435455004,0.570373115030602,0.765900020256518,0.41211166524791587,0.33449556769323907,0.13075831055959355,0.29043495321048396,0.0,0.277470078762312,0.4415878086596538,0.5658985498155787,0.0,0.3714977410661908,0.3413625568349054,0.41243026627708884,0.48883925602758455
0.022235343692442035,0.08278782597402685,0.6141215282100007,0.11649134166824325,0.5247707827315725,0.6349359190911477,0.37041328780826493,0.266122504323828,0.4616306535110646,0.19234618034054207,0.5462148323647427,0.21779893199334177,0.5438800952048152,0.2830230903569172,0.0,0.36589207733814444,0.5776135822447669,0.400467814309841,0.0,0.11795033332510929,0.024805084491303853,0.0,0.2599722867019344,0.47648526998502555,0.4531439520767491,0.32384989571194367,0.33421226390534764,0.7047688009814286,0.3054345660957606,0.436585839504632,0.0,0.0,0.16030968769969114,0.11094470470908949,0.0,0.03454658823123827,0.0,0.0,0.0,0.2211784585326793,0.2587341213652575,0.0,0.4397013649322335,0.26979156855585607,0.017453175050551894,0.0,0.0,0.5997063269529388,0.44165293015312135,0.22835777128241627,0.47678215498162363,0.5755564564296737,0.22755855464645763,0.4848313857449326,0.41190909369997614,0.3463923504098851,0.16986515958066994,0.4691893946754773,0.0,0.0,0.2318718012204036,0.4711670989754702,0.41894806034874227,0.864941758351158,0.18782550133700582,0.0,0.14605904346023896,0.13910841960630455,0.5983525040631721,0.4212535720888015,0.39960937421880544,0.2975234791803336,0.6857009931253936,0.28966493175038194,0.06701108015844279,0.37968318812494073
0.5752583119955852,0.09304112617550328,0.31786592553539894,0.0,0.15550891973229686,0.12036389012398976,0.1206173529519038,0.0,0.1878682565749766,0.046538645200023585,0.0,0.0,0.038022087896464725,0.0,0.412542742502575,0.4594222694285056,0.0,0.2092758243439255,0.11795033332510929,0.0,0.4177063440696228,0.7238902939404661,0.16434609273822134,0.32562069047855957,0.12393005963518354,0.048935447491051325,0.051190297374856315,0.24894420365390085,0.7521329742922183,0.620643256300216,0.5509655916911981,0.0,0.1021785968691859,0.0,0.09703000128777683,0.02728298043594322,0.29175483610621616,0.024884573369890816,0.0,0.0,0.01731496260813799,0.012788521381817297,0.0,0.13519707220880922,0.0801124889133289,0.48576211150486165,0.14938317566657572,0.313318997188076,0.0,0.0,0.05747003512937096,0.0,0.0,0.1020615269366786,0.0,0.0,0.0,0.023626864333510595,0.0,0.36650619907830984,0.39704841674469143,0.0,0.11020305248743197,0.1767720675906411,0.5618902051516977,0.36594061508408193,0.5958857353049942,0.0,0.3247680170874363,0.189807469254881,0.0975699627818917,0.0,0.14237931522136207,0.5481707801487734,0.3954746035361096,0.4465948384719546
0.4331808480432963,0.14999542013983427,0.0,0.0,0.1367768777371832,0.0,0.0575268084548699,0.013208470886368074,0.21646337458635415,0.02196263693175308,0.0,0.0,0.11328592124965599,0.064789225484015,0.5587359016035083,0.17801575007231016,0.03948325175914744,0.21728853727736366,0.024805084491303853,0.4177063440696228,0.0,0.27863819405918927,0.01922908577709445,0.35427163297826336,0.32393592434428325,0.2176197645068094,0.07885017702367135,0.00014020959103907722,0.30932875964169854,0.10032757995757412,0.10437459810742995,0.07529613692671952,0.0,0.0,0.0,0.20956216195125865,0.369092458861746,0.2273592351284523,0.0,0.3023845800845134,0.36510802045401486,0.08468550029725194,0.05206376856309767,0.30516410756841356,0.1854413263842474,0.41121916021793153,0.516998611580714,0.0,0.0,0.0,0.1651055158050103,0.0,0.0,0.0,0.01605178481152661,0.11288940721856434,0.0,0.3843891732980897,0.0,0.5355115925851611,0.4678958146672488,0.12412231605211872,0.3443299426595581,0.008971297947565945,0.45991550371365925,0.7518335362746154,0.548290474452382,0.1791140595099015,0.3743015874624124,0.31407490835019447,0.34973787389123295,0.09003321265265066,0.2786095021234227,0.4173489160441399,0.09527723119081596,0.461242182810822
0.5181549308341625,0.2512293065405858,0.0485407098006161,0.0,0.0,0.0,0.07187706791008715,0.0,0.03441534306383466,0.0,0.0,0.0,0.03581104939793772,0.0,0.4121307904579147,0.4133397079433825,0.0,0.17251826182319127,0.0,0.7238902939404661,0.27863819405918927,0.0,0.0,0.0,0.13780272192443282,0.1841922953469495,0.10188746591258169,0.0,0.4556287143187018,0.3040319786580303,0.46116213007312973,0.0,0.028546612206104226,0.14511897491777362,0.12332139812839568,0.09374224576088531,0.3168834522998394,0.0,0.0,0.0,0.02264171323060022,0.10832734557207134,0.0,0.09833056345365203,0.0411863308127886,0.40720085891602126,0.20151190118116843,0.05744551060992253,0.0,0.0,0.0,0.0,0.0,0.0,0.0,0.06144304559203755,0.0,0.0,0.0,0.407752771386804,0.2631736920481371,0.0,0.010645327821497519,0.0,0.4387902885215538,0.285165395648042,0.5504212293008951,0.0,0.0,0.0993832958720218,0.0744145558056328,0.0,0.0,0.3445598005758428,0.3616763992573157,0.24720449989723506
0.0,0.40626632037821975,0.41051252506562025,0.07347169344383275,0.2797993482658669,0.42114159806893897,0.22839169095805642,0.6950595451031747,0.3381618727495383,0.0,0.25264906804210696,0.3421628718617479,0.27645599679377125,0.20699701474436094,0.0,0.0,0.0,0.10120938227477409,0.2599722867019344,0.16434609273822134,0.01922908577709445,0.0,0.0,0.12210784720948682,0.11987379033797951,0.08606078459378126,0.39853497117554565,0.14292517980177105,0.028041725223770558,0.11903618640815966,0.0,0.16955567897580848,0.3139952613934441,0.23096943101739628,0.13709692918355385,0.09488532379874018,0.0,0.0,0.0,0.2022700798639423,0.17254766342585331,0.0,0.1876092842770327,0.0,0.041324836547539684,0.0,0.09604869601112792,0.3605795943399876,0.11837109515615256,0.19897008178092376,0.2649808521245288,0.12241519017652785,0.5384321441618368,0.32358628588000815,0.0,0.3120115215537822,0.19151513336815373,0.16779150522396363,0.0933561561497711,0.0,0.0,0.0,0.0,0.2408418318183458,0.0,0.0,0.0,0.643256308116609,0.0895680828806275,0.0,0.09053862657303222,0.25680281872416394,0.11617082733685345,0.0,0.0,0.0
0.46599780290403836,0.0,0.47855483013313377,0.0,0.4276585600490759,0.3000938232673132,0.23133825388606694,0.10938883642187798,0.39568134658241283,0.21696053876587792,0.17654550064000868,0.09467760311484048,0.1447481283269998,0.23391499205980146,0.0,0.3431887726634601,0.4090700229983993,0.3439332061845549,0.47648526998502555,0.32562069047855957,0.35427163297826336,0.0,0.12210784720948682,0.0,0.42439720856022145,0.3982217443388556,0.25958641240616426,0.4472059353479146,0.41193750662908224,0.336900174563375,0.17275549151449202,0.0,0.03207987753338561,0.0,0.0,0.15053729464932872,0.20438912223011316,0.17047958444996655,0.0,0.21491012031679294,0.26138650180024703,0.0,0.4616583120843868,0.37474238276624783,0.19115932205026726,0.40072186900174933,0.0,0.5352467156324625,0.2976680558684728,0.10692125669729481,0.36365167350077787,0.3016375632885592,0.11085915803126574,0.3635284624906365,0.3101420894648585,0.17758368364043398,0.0,0.3357976534689313,0.0,0.0,0.48555170673220155,0.38502896244776974,0.4745641663065335,0.5009880186519328,0.3365977485282675,0.29823948377464093,0.39860206575017804,0.0,0.8431117837719021,0.5430921750741987,0.47830170867018035,0.18118693680819842,0.6094791393348905,0.4582023147381416,0.26393671510735905,0.5993559026312554
0.24946070643247756,0.5255917379587095,0.3536741560541625,0.0,0.48831989802451825,0.6660653009062586,0.5607070047087921,0.048515517386913995,0.5045258980276704,0.11109231490602549,0.285323149936843,0.0,0.621609159590528,0.20505067617711017,0.0,0.5105481028887546,0.6578403574178706,0.8299590776596848,0.4531439520767491,0.12393005963518354,0.32393592434428325,0.13780272192443282,0.11987379033797951,0.42439720856022145,0.0,0.6812752857299943,0.4535365891418905,0.39404713337142944,0.4040465198989549,0.102697033904637,0.0,0.25892089512188377,0.14511861351281738,0.0,0.0,0.1491887164145707,0.28614407832595085,0.07129027312083785,0.11822279002021001,0.4305583912545998,0.4487916551165372,0.0,0.29909947743034004,0.4665075600710642,0.2350018760032794,0.182500970596471,0.2067053715135728,0.3056439271165635,0.3604927437633582,0.23908688619793697,0.6027972642033587,0.5864994046579068,0.0,0.48726733364683744,0.361047902459446,0.3030319573247305,0.0,0.6469303193254164,0.0,0.0,0.6080969458653899,0.6090868278104015,0.7854769753290204,0.5042979364304067,0.3181905112367841,0.12912443781824778,0.3722711572213707,0.0,0.39814463049041837,0.6976783027097817,0.6119898589465288,0.2551318759666657,0.48788982015824994,0.32343665148267675,0.2499009306834365,0.45483923339893073
0.49667267233027557,0.305010045115041,0.24672441773344853,0.0,0.06977686227448197,0.36441983138899936,0.1064091342858516,0.0,0.23385362527170814,0.19279990036700498,0.0,0.0,0.3190391241000656,0.0,0.0,0.4275676660379621,0.5615095379922477,0.7574664027198109,0.32384989571194367,0.048935447491051325,0.2176197645068094,0.1841922953469495,0.08606078459378126,0.3982217443388556,0.6812752857299943,0.0,0.07275458677627247,0.17792041502875397,0.1516172300275893,0.12289051870701756,0.0,0.23227752804737745,0.0,0.0,0.0,0.15074663031756882,0.28465501411621863,0.0,0.1015842878263101,0.16206583200969396,0.3568800428695838,0.062440444278158536,0.06937956552450894,0.2736622495998432,0.16616167930430847,0.3912350161757084,0.1173911926736085,0.2518021517177554,0.0,0.0,0.42467155516490995,0.19775537034424404,0.0,0.15060652323327445,0.31292567149538797,0.08218446098707406,0.0,0.523958900458468,0.0,0.05689369339239088,0.5057539210427302,0.483631475417821,0.6054142123773384,0.3118369178931583,0.31230940916748695,0.25015460644612614,0.2283950522568711,0.0029255933817082472,0.22496806740811173,0.4587152292344988,0.7489392095105257,0.0,0.19987061527773348,0.261277349997028,0.41094286480618303,0.45508556221581814
0.0,0.20531375099642565,0.5171210157520932,0.5256138139842634,0.7522878998350307,0.7723217874325746,0.756234817379849,0.48845410327387523,0.7643791739040156,0.0,0.6708436417198427,0.0,0.3269604916895476,0.5035441247345109,0.0,0.05179273927881325,0.11114049991548718,0.06721368733628523,0.33421226390534764,0.051190297374856315,0.07885017702367135,0.10188746591258169,0.39853497117554565,0.25958641240616426,0.4535365891418905,0.07275458677627247,0.0,0.18165874774531676,0.3108175994887064,0.0,0.0,0.44860129692035206,0.2946153861334937,0.2570270487966627,0.0,0.09604642299058723,0.0,0.23402439615170617,0.34046582949103327,0.44762643555710174,0.2115732029032663,0.0,0.4339089785776093,0.2621094247528337,0.2703042531068974,0.0,0.0,0.38088066500580126,0.4273568941969572,0.6841086564986678,0.5392550984829155,0.6581048379933365,0.4659284753597857,0.8497500664663197,0.04271923556103553,0.7901772026170891,0.0,0.09475942848352777,0.5258226902691996,0.0,0.0,0.06811579662115001,0.1386140499518377,0.3567777306010825,0.06440240063668574,0.0,0.1939411534819112,0.2964300133329597,0.3072000232118024,0.4023899840908969,0.2208051053311921,0.7512688137515262,0.249944134528698,0.11416034010803992,0.0,0.0
0.0,0.07773774585332432,0.5713437065816357,0.19947194711602906,0.5724080531790776,0.5412363188662618,0.36842341632497483,0.22497956764588076,0.33326122276224546,0.28339034130484747,0.4140792031462539,0.2818321314382214,0.6730344976384656,0.07170451534202367,0.0,0.593943342885048,0.6228420874162981,0.4632954320720054,0.7047688009814286,0.24894420365390085,0.00014020959103907722,0.0,0.14292517980177105,0.4472059353479146,0.39404713337142944,0.17792041502875397,0.18165874774531676,0.0,0.5277801905600157,0.5920816169413098,0.06363402557884666,0.0,0.25836407710163883,0.1713670102578548,0.0,0.0,0.0,0.0,0.0,0.2146886556631635,0.07492922164298121,0.0,0.32542923743325985,0.1799881125983489,0.0,0.0,0.0,0.6106905860350419,0.6212409158629241,0.21796376254170924,0.34779156192988614,0.41598536745527737,0.038333113211318076,0.4402041408063107,0.4070972781309207,0.21339994025066858,0.23754682790854134,0.4393427491721294,0.0,0.0,0.24424380205645457,0.4482077525696524,0.36302013815535883,0.7433919908126209,0.17902178466456378,0.0,0.1053992493220523,0.0,0.6129246282358002,0.27593827047807873,0.213017337063241,0.0,0.7545784314308998,0.28383997709448633,0.012150450897993801,0.2808485488514201
0.45750669036616826,0.13241316224684693,0.5406715518267339,0.016178000423537175,0.4749551799991703,0.4559095813539228,0.4525685773096162,0.0,0.3003250306277278,0.1315809382740105,0.0,0.0,0.38369895266768733,0.0,0.0,0.7040783062126516,0.3502033395334153,0.4464905592617281,0.3054345660957606,0.7521329742922183,0.30932875964169854,0.4556287143187018,0.028041725223770558,0.41193750662908224,0.4040465198989549,0.1516172300275893,0.3108175994887064,0.5277801905600157,0.0,0.5483667308639009,0.4361134643696356,0.0,0.14881091816539455,0.04496492631850738,0.0,0.0,0.12290689167583177,0.0,0.0,0.21192159430838592,0.11609129546232387,0.0,0.04026500571055454,0.17172148901533507,0.046590014070968154,0.3944805583288053,0.0,0.5093163493060636,0.19798450572399673,0.0,0.4185280161101257,0.2252213558157458,0.0,0.3496928351729158,0.16658108749492473,0.09654812046538923,0.0,0.2371487043782664,0.0,0.0,0.5055974965413662,0.19248352841509994,0.4200957440019567,0.34987308334289546,0.4220687258959177,0.20263862444076938,0.551856735097908,0.0,0.4815002889334415,0.4558414938747254,0.2773349563578347,0.0644874360240658,0.34096839858000716,0.6910560571326168,0.3592384431146434,0.5347894712201113
0.328521412931926,0.02035346513988566,0.404754532596617,0.0,0.07474719623294024,0.20341503667613794,0.0,0.0,0.0,0.38662485930327384,0.0,0.3978024796858954,0.2457392543890211,0.0,0.0,0.5816140425011517,0.3750146279632474,0.38755094919973665,0.436585839504632,0.620643256300216,0.10032757995757412,0.3040319786580303,0.11903618640815966,0.336900174563375,0.102697033904637,0.12289051870701756,0.0,0.5920816169413098,0.5483667308639009,0.0,0.38472941245989056,0.0,0.03325454462046224,0.023036622884971766,0.04165822130080067,0.0,0.1547694771634011,0.0,0.0,0.0,0.0,0.0,0.06428034637280959,0.051447443229326345,0.0,0.22162295800537038,0.0,0.516601738234663,0.10236508244499336,0.0,0.18264879913917423,0.0,0.0,0.0,0.2972055634267768,0.0,0.42778434292172346,0.2600817131882331,0.0,0.038130139359584085,0.3867287851779229,0.2523095686079456,0.2771007179193674,0.4604719557714339,0.3916286843961571,0.13680283824302547,0.2769665630833133,0.0,0.4189065435292111,0.1334563908010049,0.17532543183554317,0.0,0.36827791387694386,0.42618885773705567,0.37464533513599985,0.4058101515993022
0.5938455526639191,0.0,0.3634655424064556,0.05199762851611263,0.0,0.0,0.0,0.0,0.0507212469863801,0.2892876225625145,0.0,0.0,0.0,0.0,0.14660757290570017,0.3794220931333697,0.0,0.0,0.0,0.5509655916911981,0.10437459810742995,0.46116213007312973,0.0,0.17275549151449202,0.0,0.0,0.0,0.06363402557884666,0.4361134643696356,0.38472941245989056,0.0,0.0,0.024710044227866792,0.12678901286244793,0.17471665855001103,0.0,0.10500391885326325,0.0,0.0,0.0,0.0,0.18602827684744133,0.0,0.0,0.0,0.6331564358253537,0.0,0.29875117949473423,0.0,0.0,0.0,0.0,0.0,0.0,0.15411109109540239,0.0,0.014872547898320118,0.0,0.0,0.21910112835505724,0.2028619936158935,0.0,0.06997161903423363,0.0,0.27913730750092935,0.264045131205681,0.3970186905781167,0.0,0.13874639781927453,0.23671158171749587,0.09784010937581993,0.0,0.0,0.49375383362635034,0.39065883132180407,0.33411124955874427
0.0,0.24860291125141734,0.025705617927834302,0.17745189892755342,0.27435829166635317,0.3307425783224876,0.2692438676111086,0.3085995472727669,0.3122466802996226,0.0,0.36371989675622773,0.0,0.10922171870049528,0.4412720133308039,0.0,0.0,0.06729887392766934,0.04145323162388102,0.0,0.0,0.07529613692671952,0.0,0.16955567897580848,0.0,0.25892089512188377,0.23227752804737745,0.44860129692035206,0.0,0.0,0.0,0.0,0.0,0.26733581448248417,0.15254886940549053,0.0,0.3317324885106282,0.0832134555688737,0.17578323120106573,0.6716660590856363,0.33518726401506516,0.30761224547204524,0.16389858593095868,0.2917124961093082,0.145574169843537,0.1920457954096148,0.0,0.12285064496922007,0.0,0.1688058280170432,0.5395008228740602,0.30058936589354296,0.3534137696479637,0.3883593847745386,0.2923027513447816,0.07040639968011526,0.4426226531868534,0.0,0.16815434321858208,0.4770113098425344,0.0,0.0,0.12968055460428013,0.21157098039422223,0.0,0.04709263351137515,0.0,0.03567792254704531,0.25949919806937105,0.0,0.23779395477918877,0.2673026769249799,0.5251423092655645,0.019560316826880766,0.0,0.0,0.0
0.0,0.15510925199052572,0.2800611673947125,0.11748663827544294,0.2998406701899872,0.30364076532012035,0.24964482449514377,0.37754277352291415,0.25772662647880895,0.0,0.151220107286907,0.18845059668233513,0.25968680651792747,0.0624244797363058,0.0,0.13891173074497395,0.12876639298919207,0.1253328078662908,0.16030968769969114,0.1021785968691859,0.0,0.028546612206104226,0.3139952613934441,0.03207987753338561,0.14511861351281738,0.0,0.2946153861334937,0.25836407710163883,0.14881091816539455,0.03325454462046224,0.024710044227866792,0.26733581448248417,0.0,0.45144976838595746,0.14399070882269469,0.08594599328793075,0.01050604279431231,0.08936492641042909,0.1725016765062238,0.48365075784426426,0.15628092394647247,0.0,0.08968561155429942,0.0030328530529684147,0.16857125815060112,0.0,0.0,0.19438277089704445,0.2193838298194801,0.19937473027555472,0.058902915971835695,0.1377175962005376,0.29396592627594725,0.2944774891511038,0.043966555667795386,0.1862713273581795,0.08940743485912842,0.0,0.0,0.0,0.0,0.02690143658703916,0.020364830944181088,0.20821320444401795,0.0,0.0,0.0,0.06603680408049259,0.07858414300341636,0.011504069456385059,0.0,0.10542080033417295,0.11631539860008494,0.0,0.0,0.0
0.0,0.12623282020634222,0.270747313350506,0.2944918425717572,0.20121832182419422,0.27346204356960546,0.1286206701378672,0.2478818350429067,0.2502105689241239,0.0,0.17521447463306694,0.15512899157235355,0.09153885144989793,0.0,0.0,0.04425597610614476,0.0,0.0,0.11094470470908949,0.0,0.0,0.14511897491777362,0.23096943101739628,0.0,0.0,0.0,0.2570270487966627,0.1713670102578548,0.04496492631850738,0.023036622884971766,0.12678901286244793,0.15254886940549053,0.45144976838595746,0.0,0.14651545999819063,0.02679730203167759,0.0,0.0,0.20971271595160373,0.16939794534819358,0.17049359182792842,0.027458626357716304,0.09078767198385126,0.0,0.011628342778566758,0.0,0.0,0.20180987816480042,0.13600610188364198,0.20013955652552193,0.07266468213397984,0.1759404201031049,0.2605942215267498,0.38955256088098245,0.0,0.2231609297382506,0.031053217793419817,0.0,0.1799475710315438,0.0,0.0,0.0,0.0,0.10187735193220977,0.0,0.0,0.0,0.06353534849273983,0.0,0.0,0.0,0.23828225155310134,0.0,0.0,0.0,0.0
0.0,0.017700529767432492,0.060405196282457274,0.2154978313927161,0.0,0.0,0.018090485381616922,0.0,0.0,0.0,0.0,0.050966682724317036,0.0,0.0,0.0,0.01685242196016171,0.0,0.0,0.0,0.09703000128777683,0.0,0.12332139812839568,0.13709692918355385,0.0,0.0,0.0,0.0,0.0,0.0,0.04165822130080067,0.17471665855001103,0.0,0.14399070882269469,0.14651545999819063,0.0,0.0,0.0,0.0,0.0,0.0,0.0,0.14718094612811913,0.0,0.0,0.0,0.0,0.0,0.02192720646678669,0.0,0.0,0.0,0.0,0.0,0.0,0.0,0.0,0.0805459210920422,0.0,0.1532182515758804,0.0,0.0,0.0,0.0,0.0,0.0,0.0,0.0,0.16363402081614734,0.0,0.0,0.0,0.0,0.0,0.0,0.0,0.0
0.0740942736107808,0.0,0.06578085061903072,0.0,0.034398064288091834,0.07287686122196918,0.0,0.11931215326537627,0.17058969980421554,0.07707738169684836,0.042162399199384346,0.05467647694288218,0.0,0.27767916092068945,0.16840492546776661,0.0,0.059288526535247826,0.0,0.03454658823123827,0.02728298043594322,0.20956216195125865,0.09374224576088531,0.09488532379874018,0.15053729464932872,0.1491887164145707,0.15074663031756882,0.09604642299058723,0.0,0.0,0.0,0.0,0.3317324885106282,0.08594599328793075,0.02679730203167759,0.0,0.0,0.4166024112359031,0.14243067832426248,0.4038101779196581,0.06394048005002441,0.31577364612320563,0.1676609673658084,0.3422538433431483,0.15742187374691338,0.14340752714192978,0.030537457062000457,0.3174487677099758,0.08024967456574657,0.0,0.09785840781299762,0.128166514465044,0.19587423860233039,0.25845785483526895,0.06294031765406358,0.200878540596217,0.1849920508438602,0.0,0.12846888837328857,0.13753422129428483,0.17126952333768708,0.15055845392673864,0.22589626034059695,0.2222552134783704,0.02891601690163603,0.28588149010123337,0.27898400133157325,0.32889768643829587,0.17156647959004248,0.18284622209498622,0.3065572791474095,0.2492480094069691,0.2999328999135108,0.0,0.14928518777310704,0.2576980808363509,0.2289714790797098
