0.0,0.5071613143997655,0.16709942058556054,0.0,0.04724087042749094,0.23236988224494848,0.10969426140774913,0.20622959848103853,0.137508886641554,0.16840708390199396,0.09350792842175895,0.022261609890586523,0.09543279761083125,0.1179616774361129,0.3258438984468313,0.3060731771869755,0.23058912569195353,0.3014509644342417,0.06539081480683995,0.4173739754568316,0.30442700284387686,0.518254796787834,0.20601422308976308,0.2084001467580521,0.3797637799294473,0.47753239192758046,0.2415262196115317,0.28232344643473956,0.2927423587655963,0.14058847592892712,0.2983809266711377,0.0,0.0,0.10851377651805291,0.0,0.0,0.0315304966592747,0.0729151476920577,0.014594466706410408,0.0,0.37927543314087775,0.0,0.14778989756285066,0.21765842004483632,0.16438810251686845,0.4224705894533313,0.13973129521285887,0.13334576074879637,0.0,0.04650569267622955,0.18661162178070576,0.046570069536933524,0.028827041466456066,0.280504968452852,0.0,0.17210312784609957,0.037284506580036327,0.1002749810051729,0.0,0.2606929931146564,0.3091533468084263,0.32380109732086076,0.4296949387537782,0.18714304362023482,0.4254101168974833,0.3070758246545033,0.5129572611839918,0.11771854021199406,0.12255171657805686,0.4069182351069119,0.4432999704729169,0.4074738516484298,0.29173733486838344,0.40499822850099276,0.18323583510627617,0.16460652533080108
0.5071613143997655,0.0,0.09741217042265793,0.0,0.0,0.35206186586009675,0.18094502968483117,0.21048294799341957,0.16724503327171059,0.18648798482081702,0.0,0.02621360783891887,0.14160303386932044,0.11934783948241713,0.24058877342052679,0.34567418436162717,0.36538577110182774,0.37876243719854336,0.0,0.2342667246941739,0.24309587793788526,0.4196585691275281,0.2601098177774312,0.2643910164499369,0.5613267942902016,0.6006290679022475,0.25205094541486894,0.13403917541989188,0.22669212322331814,0.0,0.2723721044604449,0.0,0.0,0.24605181634741632,0.0,0.0,0.0,0.17944891753032263,0.1351621507112502,0.0,0.4528261477089759,0.0,0.0,0.15709286368735265,0.24765399223020257,0.3603641855881174,0.3164384612359605,0.04061183039824136,0.0,0.0,0.331079351748385,0.10593548581532704,0.0,0.3160589714552279,0.0352146039087225,0.06090040741192207,0.13818986615238982,0.18858950526799326,0.0,0.214253644853679,0.39691762749478526,0.41485687939785965,0.37342914984886616,0.145198644536558,0.30115698753102355,0.1001405763009309,0.48294330175702227,0.07410526988537898,0.17885374209573524,0.5161091070312762,0.5112598537065519,0.4113782261760288,0.17951129012277964,0.39604033973560204,0.1640475304013291,0.07568306764668606
0.16709942058556054,0.09741217042265793,0.0,0.1935761972429278,0.3214963983992595,0.22771352721418212,0.37140108350377415,0.16444667264954008,0.5279863628080246,0.22093866357208372,0.441050683846975,0.12588848299106462,0.33871178285615494,0.0,0.45861713209806526,0.11672401444943034,0.20202225839814675,0.23477231876828117,0.5099036072952465,0.4006711401396438,0.2240966688868292,0.10345047419479848,0.3062663724376751,0.0640663580922633,0.2524597343122795,0.20107114768799894,0.46874603621111727,0.29687099070385675,0.31938669547186094,0.053208437857421624,0.10566826171500705,0.08393791919956425,0.06035208488122485,0.0,0.0,0.0,0.0,0.13011436651510497,0.06361090964917028,0.03044169504231748,0.0,0.0,0.0,0.0,0.19450577860824814,0.21349269972348736,0.2941683915726832,0.6059566210365386,0.0,0.3301148267612301,0.1979800526043833,0.3977688264938516,0.27461740858921035,0.5140574226170594,0.1987282281793905,0.404686141725056,0.1614860899520941,0.36607860236660583,0.0,0.3469946196431141,0.14818635400315833,0.1695994027877104,0.07417906205881267,0.5076370292203338,0.10648339436113785,0.28169686386285897,0.08369378059613349,0.41796195820394727,0.02135918503119258,0.24645469190129166,0.2465761186194157,0.3333159045948873,0.27032714937777763,0.06176302514277556,0.07860159126675947,0.157319761143182
0.0,0.0,0.1935761972429278,0.0,0.3320853754257244,0.23441946174074954,0.3933908938919321,0.1689890071937343,0.37975858587249867,0.06035634473592193,0.05968164212832251,0.0,0.34133243705577665,0.0,0.1368174025942504,0.18274707455639766,0.2589501282255321,0.27284632704985795,0.08537896959339775,0.023563537115078883,0.2004465571110114,0.0,0.3081891962492169,0.0,0.2232283690199539,0.10366752724163342,0.3884953272513847,0.04132490354582053,0.12243339351851329,0.0,0.011566637212923852,0.017194471112023716,0.24182646895026286,0.0,0.0,0.0,0.0,0.07787180669545685,0.0,0.023434625364213167,0.0,0.0,0.0,0.0,0.05677284605771169,0.1417847421518312,0.4369077766960237,0.24201127518577073,0.0,0.13554861784852784,0.35152643114349863,0.3227103865741769,0.35718089135435904,0.25927163651911456,0.031038996606581652,0.10687218613683744,0.12984562318214096,0.42132484243862145,0.0,0.050116603846701406,0.012600828577240016,0.20513895357348857,0.0,0.09110982881104318,0.0,0.1723988883866327,0.0,0.3929091627838937,0.0,0.23662142384811657,0.17121541605935162,0.18704189648721228,0.0,0.0,0.0,0.0
0.04724087042749094,0.0,0.3214963983992595,0.3320853754257244,0.0,0.19840940048104477,0.48589485786227704,0.21754490144637081,0.4258738858901855,0.2251424075933118,0.33012953512466936,0.07860903095549356,0.4848645774675722,0.0,0.3347810148448204,0.2807157695672189,0.2793926672344388,0.3395053461706543,0.24846105371403504,0.28161316110799733,0.3333550408227516,0.0,0.3017483753335826,0.0,0.2111079520067483,0.15423635775736244,0.3881762488639341,0.3122482148689278,0.29488323877590233,0.0,0.10613519859662089,0.08053888358820539,0.1471184782672305,0.0,0.0,0.0,0.0,0.0850921952840607,0.0,0.0,0.0,0.0,0.0,0.0,0.08298764947391007,0.23243914920290393,0.3964827966432691,0.4214792823504539,0.0,0.3173868676373617,0.2452778755026871,0.3859194236604167,0.43119659252016873,0.3405310927675076,0.14427078773885113,0.2562457239217989,0.1620675107284735,0.457561007546132,0.02400080985173512,0.24658768073955198,0.006962751291682064,0.22218115182341217,0.09354714421678463,0.2461100847344476,0.0,0.34483675291857585,0.0,0.4396958652905033,0.0,0.2084022644409575,0.1822431529165049,0.22112508864071415,0.23884317454281986,0.0,0.0,0.13256536438736305
0.23236988224494848,0.35206186586009675,0.22771352721418212,0.23441946174074954,0.19840940048104477,0.0,0.39590892687379137,0.5158653987199494,0.2660053179899705,0.09971908794281095,0.07522763236837328,0.02947568919842606,0.32601145584042795,0.007007087846727973,0.2880213894790973,0.17688592138652415,0.15810841647974325,0.2710449003152738,0.25857069640180436,0.13859237465384625,0.43871172173094053,0.07297638998984296,0.6284177430285418,0.1064588487511874,0.3434540239588532,0.3949835729996854,0.44670040945654765,0.04090874611078449,0.4540219112123066,0.0,0.0,0.0,0.051778067947454785,0.0,0.0,0.0,0.0,0.0,0.0,0.0,0.0687017625109574,0.0,0.0,0.07568333208218098,0.028762014349167746,0.24981535882159714,0.3902538155694689,0.3164212877932686,0.0,0.08165794125310755,0.5315366686507209,0.40793683949790455,0.37324135167335,0.36237841655551395,0.0,0.2766844183526997,0.10102316864951649,0.4067378425817347,0.0,0.24999209507727987,0.14436912807145955,0.1427454595810872,0.14200398000333275,0.3242462857747584,0.0,0.24459020573852436,0.07125831876011124,0.44901574001630234,0.0,0.3778872110173838,0.3491106968303906,0.3083812632557902,0.03280867765127812,0.00606899155020897,0.0,0.0
0.10969426140774913,0.18094502968483117,0.37140108350377415,0.3933908938919321,0.48589485786227704,0.39590892687379137,0.0,0.28083645391990203,0.46406051700987194,0.3412619540346935,0.27056770362476723,0.21303329619144715,0.591830193740933,0.0,0.3797938720876059,0.3331619513419131,0.37690919107418897,0.396330589382488,0.2971739697015442,0.28233262932171915,0.4010161967371886,0.0,0.41157219385200033,0.11272944532551196,0.3635525069447673,0.28202136752600215,0.47866130175733146,0.23784503310250188,0.35088685701837935,0.0,0.06661960061643517,0.12804370556146139,0.28676398597928476,0.0,0.0,0.0,0.0,0.18051288900040308,0.11634246721312044,0.12015905905557488,0.0,0.0,0.0,0.0,0.2078755067098187,0.30826777998329097,0.5142562166092812,0.45077297243892556,0.0,0.3144162063976851,0.3735172396945617,0.4773150139097627,0.4398720375643229,0.43733965513074335,0.2690142434903871,0.2906283114683768,0.32242679389732665,0.5159095202857733,0.029578908929500367,0.31853584630001053,0.22298407382173238,0.275378960023494,0.10616979622797353,0.3299740939272091,0.0,0.2968849682379973,0.012242971504926427,0.4581017855229766,0.04776750423975139,0.34077841599228637,0.3169893187042637,0.2850776861908614,0.18517371739226698,0.0,0.0,0.16791302924649182
0.20622959848103853,0.21048294799341957,0.16444667264954008,0.1689890071937343,0.21754490144637081,0.5158653987199494,0.28083645391990203,0.0,0.1742083042128108,0.09024502277144937,0.08706050533181682,0.02863504684848801,0.28455313068249305,0.12786321119047145,0.2709212511119832,0.16285276733996434,0.11848929217790043,0.24765190899945397,0.21117240303607865,0.17486597455502523,0.4665211970942241,0.07202427115597683,0.5669868500173306,0.12456563968726078,0.2054027292095658,0.3350013122232422,0.31842839092048486,0.14155801199773438,0.456621942084369,0.12757687780246188,0.0,0.0,0.0,0.0,0.021109634184008033,0.0,0.0,0.0,0.0,0.0,0.07462213316284523,0.0,0.0,0.20787418156060203,0.0,0.22282670382677866,0.23787937579320784,0.26715830228520077,0.0,0.05835188428584084,0.3766354854166385,0.26689647322055965,0.4445197444949942,0.2461895084296408,0.0,0.27342518170198327,0.07049431533094029,0.33113862002588945,0.04471445903791742,0.19608994444567424,0.007141058275654421,0.15911623344673875,0.20440453207988282,0.23076553668498384,0.0,0.3245624186159288,0.032302327075637766,0.42198442400565134,0.0,0.24675404972931544,0.2853295613026058,0.19078441015726358,0.09946686921365677,0.016395990199099087,0.0,0.0
0.137508886641554,0.16724503327171059,0.5279863628080246,0.37975858587249867,0.4258738858901855,0.2660053179899705,0.46406051700987194,0.1742083042128108,0.0,0.23897814465330267,0.4469976604873465,0.07014040046080619,0.46681175438727734,0.0,0.5066818096176869,0.2133906603181666,0.3870719999644493,0.3561147571962045,0.401605915191591,0.3855467817386336,0.25447316688365446,0.0,0.36846639651861546,0.1449732738464152,0.4022555747341129,0.325263041643344,0.5672871223099366,0.2831726386193992,0.2965249067890585,0.0,0.1530066117762052,0.03447267201958981,0.17306716827831414,0.0,0.0,0.0,0.0,0.27210561083957135,0.058333143799711454,0.020751185201777305,0.0,0.0,0.0,0.0,0.30875977680934236,0.3005610380656225,0.5162136355631953,0.548489371088603,0.0,0.3154657375424062,0.32861126671425006,0.4560226622481331,0.3580770762772156,0.6047245817879845,0.1671565506694059,0.3860803411725161,0.21478085768316932,0.5275918386043994,0.0,0.3888751202941232,0.15024481917196905,0.3263068639570239,0.08651563500806046,0.42018164791174045,0.0,0.28330139679913574,0.07825092535401118,0.4909047606349727,0.0620080514113189,0.3958931490455345,0.3868502760851557,0.4570111451381364,0.2507447778268283,0.07044699615376784,0.0,0.1199029570118275
0.16840708390199396,0.18648798482081702,0.22093866357208372,0.06035634473592193,0.2251424075933118,0.09971908794281095,0.3412619540346935,0.09024502277144937,0.23897814465330267,0.0,0.14675453652312187,0.5847647474350869,0.38898043488507067,0.0,0.24277627070372085,0.27850259964647917,0.44211262265064133,0.25633145041763433,0.16644084541573462,0.32396238263700106,0.16004054910197774,0.12398466659980469,0.11933113175174072,0.155763762303983,0.2814702358396224,0.26045918179750654,0.14520246807617027,0.31439922123360364,0.12553504985014968,0.0,0.17192411896333729,0.3937069933955462,0.29844091512920834,0.0,0.0,0.13537098737478404,0.0,0.31524618046527514,0.3711364152184476,0.32759636957778715,0.0,0.17940640089881932,0.0,0.0,0.23114774083901043,0.21909522094689024,0.31501884783266165,0.22601394243105072,0.0,0.1895983268011129,0.0,0.13449751558901057,0.25081626092222886,0.19434234243037107,0.5741845362991225,0.0336530983321521,0.5561407108448609,0.24976020534282775,0.16698663683503753,0.263260731655024,0.2837836549989233,0.285085079712602,0.03047554086382573,0.19573579769000476,0.08914287869469806,0.10297750661755267,0.224951641817942,0.18133863077769924,0.29468992061685384,0.14216902219838584,0.3309215305932493,0.02961653699133076,0.23620529419208408,0.06637264190697197,0.051458671973356115,0.3368117341860534
0.09350792842175895,0.0,0.441050683846975,0.05968164212832251,0.33012953512466936,0.07522763236837328,0.27056770362476723,0.08706050533181682,0.4469976604873465,0.14675453652312187,0.0,0.02878657061554237,0.2572658345934751,0.0,0.42113780203279716,0.0,0.059731321444759324,0.07979477793328155,0.4800148994062119,0.34993276417874647,0.11588390742661944,0.17264772288072566,0.1593381090766312,0.0570793741306339,0.07141211116710966,0.09460169857431107,0.3077702028284707,0.32824761828983356,0.22960698055080825,0.06990491228005909,0.015816878119444995,0.0,0.0,0.0,0.006805555373571283,0.060202612033814246,0.04395554980663857,0.08909604033354056,0.0,0.0,0.0,0.0,0.0,0.0012247822713830772,0.1657911842031093,0.06628742272440237,0.12908026690224295,0.43613385058676146,0.0034087373196954396,0.3329753342721988,0.0,0.26097272081873923,0.21805101940925156,0.43452962395782974,0.09740586851238947,0.5159285591466447,0.03304433738661471,0.21862368191868448,0.0,0.4448071875642318,0.0,0.021173626372642425,0.0,0.39764422668523314,0.15614238489366358,0.15917825314412165,0.11099170070163576,0.2511723872155568,0.0,0.09313259256679064,0.10757639608822145,0.245173965332846,0.2292198228843554,0.0,0.0,0.01938176568395584
0.022261609890586523,0.02621360783891887,0.12588848299106462,0.0,0.07860903095549356,0.02947568919842606,0.21303329619144715,0.02863504684848801,0.07014040046080619,0.5847647474350869,0.02878657061554237,0.0,0.2642161023500263,0.0,0.046189711238053544,0.1272851885938754,0.2942963333068004,0.09229961648974262,0.11825334048542245,0.13159844048966293,0.0,0.007432109844976484,0.01514364665313945,0.16985654289666646,0.07487521202056541,0.09313847596322813,0.0,0.19925879524427423,0.0,0.0,0.03144170711243195,0.44887571968654,0.3324554988503377,0.0,0.0,0.18879072207396277,0.0,0.29419243421957936,0.4116699020355138,0.45143452538253626,0.0,0.26761021556967357,0.0,0.0,0.1893652755930595,0.10274566722129169,0.13371205054441607,0.09983369813508773,0.13851739301164773,0.16184988910761977,0.0,0.029948219953081178,0.13029276212006777,0.029367499117271684,0.5866531713191716,0.0,0.5655594616016701,0.12886659288321806,0.24603314342570254,0.13031273280931122,0.22744784060468623,0.11798736609761305,0.0,0.09928507639298707,0.024899456255847836,0.0,0.09813086657188345,0.04707392273104713,0.3384963506972384,0.0,0.18208591438971447,0.0,0.11798606444832407,0.0,0.10014154445616755,0.3441904684059174
0.09543279761083125,0.14160303386932044,0.33871178285615494,0.34133243705577665,0.4848645774675722,0.32601145584042795,0.591830193740933,0.28455313068249305,0.46681175438727734,0.38898043488507067,0.2572658345934751,0.2642161023500263,0.0,0.0,0.37956710029394364,0.3390007708895947,0.38061056870169263,0.4339473781376975,0.27931692182151197,0.2870982729214058,0.3865486691860533,0.0,0.35550776357578706,0.13437921088780935,0.31623400307954047,0.27321509081915124,0.4232036445279472,0.3805080404251935,0.34171387913637313,0.0,0.13382019193322273,0.18317943303512765,0.25618186125822634,0.0,0.0,0.0,0.0,0.1989740971637814,0.13059122768274317,0.12722300892729702,0.0,0.0,0.0,0.0,0.1965451311941413,0.30290591710854836,0.4951587228374966,0.4321754315596017,0.0,0.29947390584763695,0.31247891144853607,0.4379083688747229,0.43826257674434715,0.40620027468483977,0.2964502430159474,0.24597688693340514,0.34150774123083644,0.539563222287182,0.08927651862306604,0.315613186823193,0.1496117603749126,0.3036468795315988,0.1400170751772949,0.32516097248299286,0.0,0.292238371609284,0.017990312839243794,0.4310076414395559,0.09376217086748193,0.28390603426300226,0.33518368084716593,0.22414425646163114,0.2521053462742182,0.02568273474662937,0.0,0.2182377510657122
0.1179616774361129,0.11934783948241713,0.0,0.0,0.0,0.007007087846727973,0.0,0.12786321119047145,0.0,0.0,0.0,0.0,0.0,0.0,0.0,0.0,0.0,0.0,0.0,0.0,0.0797638297169644,0.26930725136096695,0.0,0.03962804861728343,0.0,0.00722197412644175,0.0,0.0,0.013184378562388733,0.27102626462022067,0.08337623601040893,0.0,0.0,0.0888549028278515,0.21873056532680077,0.07741668230139898,0.2844222447449685,0.0,0.0,0.0,0.21978175195856234,0.0,0.34976773748001244,0.34084547232121193,0.0,0.0,0.0,0.0,0.1285223838119477,0.0,0.0,0.0,0.0,0.0,0.0,0.042517615907610475,0.0,0.0,0.1760062789196537,0.0,0.0,0.0,0.14894424874301943,0.0,0.19904310263582917,0.024621201940013143,0.14585750417226076,0.0,0.0,0.0,0.0,0.0,0.0,0.10336864657851438,0.0,0.0
0.3258438984468313,0.24058877342052679,0.45861713209806526,0.1368174025942504,0.3347810148448204,0.2880213894790973,0.3797938720876059,0.2709212511119832,0.5066818096176869,0.24277627070372085,0.42113780203279716,0.046189711238053544,0.37956710029394364,0.0,0.0,0.2640313136574628,0.2905184822348005,0.36568950292689906,0.35675736048376944,0.5454109832319223,0.3813163204779459,0.3007983330969716,0.36411454203272436,0.19244899513000865,0.35666408066479827,0.399335200099487,0.5046932266644978,0.39647170637869267,0.4371405426710866,0.07149869570270327,0.2167172413012407,0.0,0.0,0.0,0.0,0.0,0.0,0.14979214639659452,0.0,0.0,0.10449235507677374,0.0,0.0,0.10557939736401202,0.20040123878368377,0.3161876501735865,0.3428064808760147,0.49329793111570064,0.0,0.22493974045711893,0.24829876369903497,0.3470273792713363,0.3241964495610026,0.5090375484821359,0.08635016008969755,0.42628948047705834,0.14362382112882233,0.41107886154524864,0.0,0.5269447913866868,0.1758667065680056,0.3236208341870403,0.2684474270578697,0.41338921721212346,0.253656966766961,0.36940016585731444,0.2917281724812272,0.4204754668082667,0.06362607694480593,0.3840700235119849,0.4187623391634958,0.4633741064478468,0.3290300623667113,0.19684452513425865,0.0014396457854378812,0.11757486775067708
0.3060731771869755,0.34567418436162717,0.11672401444943034,0.18274707455639766,0.2807157695672189,0.17688592138652415,0.3331619513419131,0.16285276733996434,0.2133906603181666,0.27850259964647917,0.0,0.1272851885938754,0.3390007708895947,0.0,0.2640313136574628,0.0,0.4160520127390302,0.5495011189045252,0.0,0.28148667909139774,0.3058218925211333,0.18323494440948,0.1895855946999586,0.113868109785802,0.4157188154607694,0.39223907489226933,0.27193190659099997,0.29429205575759537,0.23503147734061106,0.02213785056974082,0.3743394397272674,0.15793335141676615,0.16734039803998027,0.10551117864592392,0.0,0.0,0.0,0.13183410968845605,0.16623299663486357,0.01309681328713858,0.14346316284646735,0.0,0.0,0.048981839755151885,0.09388026355251662,0.3965943482770105,0.3468663730152956,0.15138076431428132,0.0,0.11255844108703407,0.2339853749486048,0.20013037529387395,0.20118397357571763,0.1870572664936187,0.15010442134022986,0.0,0.21060228744618154,0.32803087736542935,0.1257820157836355,0.18072544813081265,0.37357595405556604,0.4182786651392915,0.41536113122400503,0.11131642913585321,0.10852703528999978,0.2253658859513998,0.253254800257436,0.24147484176940462,0.06192025017838009,0.36746576687577537,0.37896806403601857,0.27707060954971463,0.2764704095576705,0.2825933664755131,0.036492238440673584,0.2359440400691573
0.23058912569195353,0.36538577110182774,0.20202225839814675,0.2589501282255321,0.2793926672344388,0.15810841647974325,0.37690919107418897,0.11848929217790043,0.3870719999644493,0.44211262265064133,0.059731321444759324,0.2942963333068004,0.38061056870169263,0.0,0.2905184822348005,0.4160520127390302,0.0,0.5262500172889907,0.0,0.3389237250123043,0.21110176750251264,0.052915579069103866,0.22158455117677694,0.2435522901922268,0.5601299527970326,0.48020846896496966,0.3136323141534127,0.2596368936331664,0.1590317766704836,0.0,0.3736499179016734,0.23116455879654674,0.2642781964944441,0.12527558065286679,0.0,0.0,0.0,0.3877318642928369,0.3459503200363712,0.10912354412876016,0.12218918329413132,0.07904449168818597,0.0,0.0,0.33429230390504844,0.34445020970514245,0.5407199963420488,0.206368842854272,0.0,-0.0014373122354489594,0.23073539202527746,0.1695564329360825,0.24414583380801796,0.3214567228932736,0.2924858914565566,0.0,0.46388718086264435,0.4131074008333176,0.0,0.17507967990905948,0.4124269902840601,0.5853538861432241,0.27130126391648934,0.12594604067721404,0.07656167567931553,0.1492738094607015,0.2634176447985374,0.25792266907759764,0.2609868405541683,0.45772894604202047,0.5111686273464202,0.304945272260536,0.25804412686655886,0.30408017131181275,0.08176241721322672,0.2710279303888272
0.3014509644342417,0.37876243719854336,0.23477231876828117,0.27284632704985795,0.3395053461706543,0.2710449003152738,0.396330589382488,0.24765190899945397,0.3561147571962045,0.25633145041763433,0.07979477793328155,0.09229961648974262,0.4339473781376975,0.0,0.36568950292689906,0.5495011189045252,0.5262500172889907,0.0,0.021895361116292887,0.3582414972143728,0.3548362221805742,0.12641015069767092,0.3023821697302281,0.18637360459077196,0.5142174858510781,0.5060287756802843,0.3837931152119323,0.3859495366797532,0.35733771446381957,0.0,0.36352032859492034,0.04319554628006814,0.09275701827455313,0.07588934670991598,0.0,0.0,0.0,0.14424509478921604,0.12201332957107702,0.0,0.12888063720734,0.0,0.0,0.07697429381516448,0.17568519241820826,0.43438837643142425,0.48778490178402634,0.2450370206013245,0.0,0.012995322016238332,0.32042338745102833,0.22972123507831213,0.2774240156136531,0.3541738965804548,0.08968397405796787,0.04453745205426098,0.27293624737741906,0.4647778688290784,0.0,0.2050777746277824,0.35744477773280564,0.5454462760417841,0.4712020281170848,0.18793021378231003,0.09814015609507742,0.26183380182486676,0.2531614775414477,0.3154725806631215,0.08906094315734639,0.4787341716242163,0.4929362251212324,0.37978129582653136,0.3202945831645038,0.32314832610433514,0.018400245496315124,0.19777279873689385
0.06539081480683995,0.0,0.5099036072952465,0.08537896959339775,0.24846105371403504,0.25857069640180436,0.2971739697015442,0.21117240303607865,0.401605915191591,0.16644084541573462,0.4800148994062119,0.11825334048542245,0.27931692182151197,0.0,0.35675736048376944,0.0,0.0,0.021895361116292887,0.0,0.2703393439348758,0.15717248007550275,0.08417314248177975,0.27155740367291675,0.012233206369622163,0.022419555714745073,0.07241207855809408,0.32235329258163997,0.24119295151546158,0.2925342666305427,0.10685738427506321,0.0,0.017204303510105556,0.0,0.0,0.0,0.0759045089227788,0.06857570324801403,0.0,0.0,0.032534736197311474,0.0,0.0,0.0,0.0,0.07815203171830967,0.09287476617168493,0.1073498489554752,0.4871724176867422,0.10883657580081614,0.36154756854282777,0.0847044063254114,0.3549239879893251,0.2532008910797141,0.4013745893768507,0.17020148477035352,0.4684151947465684,0.09232306253832723,0.2580122021886366,0.0,0.36351887199311855,0.0,0.0,0.0,0.5213155747871381,0.04762710469528929,0.13999365031820202,0.007280038304765279,0.3119349154206883,0.0,0.029457051094271908,0.10532441236421126,0.15539214272403362,0.1574771163689702,0.0,0.0,0.03006108774929382
0.4173739754568316,0.2342667246941739,0.4006711401396438,0.023563537115078883,0.28161316110799733,0.13859237465384625,0.28233262932171915,0.17486597455502523,0.3855467817386336,0.32396238263700106,0.34993276417874647,0.13159844048966293,0.2870982729214058,0.0,0.5454109832319223,0.28148667909139774,0.3389237250123043,0.3582414972143728,0.2703393439348758,0.0,0.3073958183135264,0.4323582476621934,0.21468659162495402,0.15874143212786387,0.3425608307836258,0.3557033180430323,0.39353577817616686,0.4698294160442128,0.38900950152977787,0.19522541067040675,0.3369280722299548,0.1021669115541334,0.0,0.0,0.0,0.0,0.0,0.1703081235867363,0.0794662459651166,0.0,0.19337558437778385,0.0,0.0,0.09487595179876386,0.1959500037671017,0.3033699776073607,0.2614445524891872,0.3813715792111071,0.0,0.1912449836618739,0.11101414131449867,0.22445952289419824,0.2526633869313702,0.3828684470832494,0.17434651577761295,0.2605963411860391,0.21122818162685955,0.29395202715791646,0.059026513522361816,0.3926618706452003,0.24830353867790664,0.34637079398793225,0.294368046437558,0.3368544714210268,0.3745878865673964,0.38623427202492283,0.37796148062981944,0.30262044593207194,0.13377376087962203,0.33588945562696865,0.389206710915194,0.40731971226625935,0.4404660932963344,0.27984922504626625,0.12478857769954498,0.2948131012024877
0.30442700284387686,0.24309587793788526,0.2240966688868292,0.2004465571110114,0.3333550408227516,0.43871172173094053,0.4010161967371886,0.4665211970942241,0.25447316688365446,0.16004054910197774,0.11588390742661944,0.0,0.3865486691860533,0.0797638297169644,0.3813163204779459,0.3058218925211333,0.21110176750251264,0.3548362221805742,0.15717248007550275,0.3073958183135264,0.0,0.1590485077284468,0.46489797286658563,0.12105713944493401,0.30585353574385293,0.3429784355402292,0.4138560606754268,0.19964022457664124,0.4840046028104664,0.13545714281239937,0.16022430810984128,0.0,0.0,0.0,0.0,0.0,0.0,0.0,0.0,0.0,0.07467348101466076,0.0,0.0,0.24962877058534486,0.0,0.3494503095387594,0.3405349824305662,0.36655203317093027,0.0,0.10798374945632667,0.3890773174554511,0.35953137641847543,0.45333636171917147,0.29324949808757445,0.0,0.28806294708744185,0.08085990514829511,0.40005672266223835,0.03134783072712214,0.2627757528419486,0.15228677901043972,0.2648113433842322,0.30130558377787137,0.241569659011443,0.04636054872846471,0.5265161775107156,0.16137762592173646,0.42323812793179744,0.0,0.3666827539965973,0.31062807970306067,0.32276919415471106,0.25643923229815196,0.1384559002358419,0.0,0.02424800840611224
0.518254796787834,0.4196585691275281,0.10345047419479848,0.0,0.0,0.07297638998984296,0.0,0.07202427115597683,0.0,0.12398466659980469,0.17264772288072566,0.007432109844976484,0.0,0.26930725136096695,0.3007983330969716,0.18323494440948,0.052915579069103866,0.12641015069767092,0.08417314248177975,0.4323582476621934,0.1590485077284468,0.0,0.015454840513001413,0.189550698274849,0.22215131662974985,0.3423362855772316,0.08704062571669213,0.32055481297786464,0.19635900368267736,0.27816873665244674,0.2671028628375458,0.0,0.0,0.17932414979756695,0.05070732689897172,0.03892655108155071,0.152817112648537,0.03861046928690294,0.009425917752921054,0.0,0.4302955569808236,0.0,0.3042139459800716,0.3392794805088841,0.07507351109884243,0.1995049247043306,0.0,0.04710046293832773,0.03966508709204559,0.028792367489237795,0.0,0.0,0.0,0.13663605779912774,0.0,0.1563260697786206,0.0,0.0,0.05052120379279152,0.2864753698894281,0.2414507636462702,0.1660982121482276,0.3362943513283032,0.1809463219442158,0.5513114637382556,0.15012756223538273,0.5699005208452922,0.0,0.14405555503833142,0.22517136302041935,0.26954297448199893,0.28234746480750067,0.3165268655561894,0.34030185558189074,0.21944895331016673,0.13994350704078212
0.20601422308976308,0.2601098177774312,0.3062663724376751,0.3081891962492169,0.3017483753335826,0.6284177430285418,0.41157219385200033,0.5669868500173306,0.36846639651861546,0.11933113175174072,0.1593381090766312,0.01514364665313945,0.35550776357578706,0.0,0.36411454203272436,0.1895855946999586,0.22158455117677694,0.3023821697302281,0.27155740367291675,0.21468659162495402,0.46489797286658563,0.015454840513001413,0.0,0.10151697506561377,0.327845125856734,0.3880489981474594,0.5025830844743481,0.1017382294687976,0.47980583346616396,0.0,0.0,0.0,0.06498349966732439,0.0,0.0,0.0,0.0,0.0,0.0,0.0,0.03142210546729454,0.0,0.0,0.045981597812425924,0.07674546877978894,0.29596164637461636,0.4176809435696536,0.41496160167349444,0.0,0.13107852054675898,0.49909445946472336,0.4450332330453975,0.4740504195744607,0.420843244027227,0.0,0.32003377259516463,0.10380520175128724,0.46942225773676655,0.0,0.26277354954434845,0.09899773489837814,0.20710457380164346,0.15100949336340627,0.31679948598541735,0.0,0.3376542756108908,0.0391855597842261,0.5729652072665998,0.0,0.3706197229751815,0.37865422936037596,0.35413739185503007,0.0847316991637895,0.035194709995911115,0.0,0.0
0.2084001467580521,0.2643910164499369,0.0640663580922633,0.0,0.0,0.1064588487511874,0.11272944532551196,0.12456563968726078,0.1449732738464152,0.155763762303983,0.0570793741306339,0.16985654289666646,0.13437921088780935,0.03962804861728343,0.19244899513000865,0.113868109785802,0.2435522901922268,0.18637360459077196,0.012233206369622163,0.15874143212786387,0.12105713944493401,0.189550698274849,0.10151697506561377,0.0,0.23868190983974466,0.33896381430475986,0.07230917607723705,0.1499722223715512,0.11163284357566353,0.0,0.296717159201339,0.0,0.07577468464913029,0.3053696939798633,0.1358810137142402,0.0,0.0,0.29605246151438197,0.13725447663981538,0.02014078476900041,0.2925108951489158,0.07920673368533646,0.007148791781797962,0.09058804510906075,0.29576637615929163,0.24807767348999393,0.10777437603391395,0.03933242173798356,0.0,0.033791723113128315,0.11226315087980415,0.0,0.020930018394045336,0.2080213954271256,0.0807886508488481,0.06068549870311624,0.2691021576347842,0.1864933339767338,0.06909409956166873,0.16591706784386534,0.30442352286462515,0.3058903402292106,0.335382864123178,0.05034207005337781,0.3193322920757308,0.047594366752449324,0.34760381864721934,0.0,0.5261634201377173,0.22511299124471412,0.3629825544662699,0.17050581128810346,0.23800707408823998,0.28994328260790314,0.09847758104711454,0.17399144085711923
0.3797637799294473,0.5613267942902016,0.2524597343122795,0.2232283690199539,0.2111079520067483,0.3434540239588532,0.3635525069447673,0.2054027292095658,0.4022555747341129,0.2814702358396224,0.07141211116710966,0.07487521202056541,0.31623400307954047,0.0,0.35666408066479827,0.4157188154607694,0.5601299527970326,0.5142174858510781,0.022419555714745073,0.3425608307836258,0.30585353574385293,0.22215131662974985,0.327845125856734,0.23868190983974466,0.0,0.59243136545576,0.43885884605986647,0.18779732867328963,0.2576359092169477,0.0,0.34976991861198237,0.05393306842954647,0.11642678313064408,0.16136182889338402,0.0,0.0,0.0,0.2798044578680119,0.2156806732780077,0.0,0.2393283532420734,0.0,0.0,0.011803118256081113,0.2951361129833599,0.3813738191436964,0.5374001492192172,0.23776641893903458,0.0,0.020902550517161642,0.4389879988932149,0.26872088818147194,0.19384808097586506,0.4520219033877178,0.11652047856303123,0.07407529717844202,0.26055771635868,0.40992592293460406,0.0,0.2413029632602814,0.4542223671771961,0.5636168255522033,0.36824600395911516,0.1967095825894844,0.18833959627110208,0.21981138374623768,0.3767144013035652,0.28444798800051363,0.16409963609201336,0.6306702482478794,0.5698047097342948,0.5058073372182015,0.24444662594826952,0.4010488119192207,0.12686702130473224,0.1548132979228857
0.47753239192758046,0.6006290679022475,0.20107114768799894,0.10366752724163342,0.15423635775736244,0.3949835729996854,0.28202136752600215,0.3350013122232422,0.325263041643344,0.26045918179750654,0.09460169857431107,0.09313847596322813,0.27321509081915124,0.00722197412644175,0.399335200099487,0.39223907489226933,0.48020846896496966,0.5060287756802843,0.07241207855809408,0.3557033180430323,0.3429784355402292,0.3423362855772316,0.3880489981474594,0.33896381430475986,0.59243136545576,0.0,0.38199152802683295,0.263775200031894,0.3576075176515645,0.0,0.31740001913384225,0.0,0.0,0.18864304399916737,0.0,0.0,0.0,0.2044954591233735,0.07473395353083277,0.0,0.3307266357720459,0.0,0.0,0.149839310110517,0.2696886286099982,0.42434661973032317,0.43551998467523434,0.186136136717033,0.0,0.0,0.3523005206871655,0.18155464289294682,0.19000486639506667,0.4164374013117901,0.06149330764822256,0.1432411783843067,0.2512085729191665,0.3609722668269595,0.0,0.30210222692918426,0.3824931755943786,0.5180952252035207,0.445968912382972,0.21696119935712682,0.27835772207037984,0.20396566616707443,0.4644936187072707,0.23556817916547082,0.2092890674184287,0.5836989576804014,0.6274381124614519,0.46320935100315974,0.25364766285255014,0.4078752298883583,0.0941800040560753,0.08701112407225511
0.2415262196115317,0.25205094541486894,0.46874603621111727,0.3884953272513847,0.3881762488639341,0.44670040945654765,0.47866130175733146,0.31842839092048486,0.5672871223099366,0.14520246807617027,0.3077702028284707,0.0,0.4232036445279472,0.0,0.5046932266644978,0.27193190659099997,0.3136323141534127,0.3837931152119323,0.32235329258163997,0.39353577817616686,0.4138560606754268,0.08704062571669213,0.5025830844743481,0.07230917607723705,0.43885884605986647,0.38199152802683295,0.0,0.21389268756546712,0.42603394712357984,0.0,0.13044224438758087,0.0,0.09255242891120583,0.0,0.0,0.0,0.0,0.11508153282986903,0.0,0.0,0.0,0.0,0.0,0.0,0.17526246558496053,0.3390298851389956,0.5077514567223363,0.5307826574002773,0.0,0.23971396022204924,0.47072387953633865,0.5140023562905114,0.41176257529790644,0.5418943011187719,0.03278059444686183,0.35676158549648496,0.10997054696265805,0.5116559658673203,0.0,0.34178040872996596,0.18145235463976,0.31266599801294404,0.17953870515009765,0.39311074631394505,0.0,0.4084221317765743,0.10368152319605026,0.5643539798294084,0.0,0.48742292962870837,0.4037608714523629,0.5589133259677448,0.21544293242994011,0.12978895259831136,0.0,0.07282499758900196
0.28232344643473956,0.13403917541989188,0.29687099070385675,0.04132490354582053,0.3122482148689278,0.04090874611078449,0.23784503310250188,0.14155801199773438,0.2831726386193992,0.31439922123360364,0.32824761828983356,0.19925879524427423,0.3805080404251935,0.0,0.39647170637869267,0.29429205575759537,0.2596368936331664,0.3859495366797532,0.24119295151546158,0.4698294160442128,0.19964022457664124,0.32055481297786464,0.1017382294687976,0.1499722223715512,0.18779732867328963,0.263775200031894,0.21389268756546712,0.0,0.293711664111469,0.2582304131997508,0.31290614694854324,0.14443107833626037,0.0,0.0,0.0,0.11994695137362783,0.04762239479286633,0.12129593740380432,0.03987263435449319,0.0,0.06245336513065752,0.0,0.09350495540134547,0.13009196211147084,0.11998928335855295,0.2148462199981914,0.15184247187458216,0.27065256619844386,0.007499218501769479,0.18935234071411805,0.0,0.09770336924560036,0.22717980049789718,0.26303025771000826,0.1971637311200309,0.19856940042262247,0.2098061601066739,0.2641942232361764,0.09706470068449877,0.2781801554893391,0.06967758672030865,0.307821881309762,0.3155183073497919,0.2846560657837573,0.270601246316131,0.24761800871947967,0.24734906188930586,0.1874102559264681,0.14162139540184698,0.15187256344809766,0.280295862280514,0.20670202181500266,0.44758035050496875,0.19554585398277916,0.03410259164091769,0.26976659643848055
0.2927423587655963,0.22669212322331814,0.31938669547186094,0.12243339351851329,0.29488323877590233,0.4540219112123066,0.35088685701837935,0.456621942084369,0.2965249067890585,0.12553504985014968,0.22960698055080825,0.0,0.34171387913637313,0.013184378562388733,0.4371405426710866,0.23503147734061106,0.1590317766704836,0.35733771446381957,0.2925342666305427,0.38900950152977787,0.4840046028104664,0.19635900368267736,0.47980583346616396,0.11163284357566353,0.2576359092169477,0.3576075176515645,0.42603394712357984,0.293711664111469,0.0,0.20126037012447248,0.05639127846508039,0.0,0.0,0.0,0.0,0.0,0.0,0.0,0.0,0.0,0.09825320782965369,0.0,0.0,0.2209223730226668,0.02353859648865731,0.30512249613187176,0.29600928671558047,0.41521678515503607,0.0,0.08698955965062727,0.29969049373434753,0.3172589708792361,0.4050832246337104,0.35768978358477926,0.0,0.32991280233269804,0.07394715831113724,0.4046724382977268,0.0,0.29688803522438,0.1383230917969346,0.2017174252661632,0.28104773223205537,0.32101671182638397,0.11230869440847373,0.43482182527240315,0.17194586583112606,0.4436536421574019,0.0,0.3241380326233488,0.31332439669349554,0.31118926355611654,0.23695607093442067,0.1160369279323648,0.0,0.04378803129993079
0.14058847592892712,0.0,0.053208437857421624,0.0,0.0,0.0,0.0,0.12757687780246188,0.0,0.0,0.06990491228005909,0.0,0.0,0.27102626462022067,0.07149869570270327,0.02213785056974082,0.0,0.0,0.10685738427506321,0.19522541067040675,0.13545714281239937,0.27816873665244674,0.0,0.0,0.0,0.0,0.0,0.2582304131997508,0.20126037012447248,0.0,0.10945922023528264,0.0,0.0,0.0,0.16221277209937113,0.16812448878336433,0.288449555980998,0.0,0.0,0.0,0.09436634696378224,0.0,0.354134741063301,0.3202973498083351,0.0,0.0,0.0,0.03351176897559169,0.23195432151000306,0.037986510211558716,0.0,0.0,0.0560377147371001,0.0,0.0,0.11661096433605293,0.0,0.0,0.1340248150896361,0.0,0.0,0.0,0.1307622959554693,0.07581488402639762,0.21946938390146026,0.20361467114790455,0.076977199647745,0.0,0.0,0.0,0.0,0.0,0.25126755440107956,0.02421291502609751,0.033189090663644415,0.13394500137394105
0.2983809266711377,0.2723721044604449,0.10566826171500705,0.011566637212923852,0.10613519859662089,0.0,0.06661960061643517,0.0,0.1530066117762052,0.17192411896333729,0.015816878119444995,0.03144170711243195,0.13382019193322273,0.08337623601040893,0.2167172413012407,0.3743394397272674,0.3736499179016734,0.36352032859492034,0.0,0.3369280722299548,0.16022430810984128,0.2671028628375458,0.0,0.296717159201339,0.34976991861198237,0.31740001913384225,0.13044224438758087,0.31290614694854324,0.05639127846508039,0.10945922023528264,0.0,0.1279117803659014,0.019417316175852104,0.27952215646723017,0.03714668522913637,0.0,0.0,0.26920361383205904,0.19053822758979783,0.0,0.25549575911708267,0.05167037216870337,0.08606991214685887,0.13217212090580877,0.2192376390827173,0.2588421292948634,0.17335944401412484,0.05997642907138258,0.0,0.0,0.09555344328977639,0.0,0.027115946589691325,0.12544853591030597,0.04641309951807495,0.0,0.14484025689538485,0.16991252454067463,0.11960966565718659,0.08067213462386986,0.31385098768819253,0.47608038315052004,0.4492131290156501,0.015617403212142618,0.3351365580207186,0.20932296374216314,0.34351986638700144,0.06820092547677473,0.28186736431156273,0.3142822260829996,0.3182179182253818,0.3047383650636058,0.41389387888928847,0.4518244046500026,0.18625185284864987,0.31683671178432005
0.0,0.0,0.08393791919956425,0.017194471112023716,0.08053888358820539,0.0,0.12804370556146139,0.0,0.03447267201958981,0.3937069933955462,0.0,0.44887571968654,0.18317943303512765,0.0,0.0,0.15793335141676615,0.23116455879654674,0.04319554628006814,0.017204303510105556,0.1021669115541334,0.0,0.0,0.0,0.0,0.05393306842954647,0.0,0.0,0.14443107833626037,0.0,0.0,0.1279117803659014,0.0,0.27547247901638133,-0.017918492598280194,0.0,0.15437537924581862,0.0,0.3014861267803141,0.5242307631434419,0.3988848529537277,0.013415732645977318,0.3075750692001307,0.0,0.0,0.1629762095442683,0.03458086512161892,0.08184362947262505,0.04663113943514655,0.12248367735444635,0.22347597654685178,0.0,0.020677217880121005,0.06396402704730966,0.0,0.4959190887833611,0.0,0.37149475004258253,0.05678862351155099,0.2984013938394597,0.030697009276659307,0.21922208867754978,0.10991735835011919,0.0,0.020205045131824004,0.0,0.0,0.016439915469384028,0.04349896973115302,0.19941368060879522,0.0,0.05729063309711732,0.0,0.08241265816754087,0.022582838248394577,0.17758902761525444,0.39344413617525587
0.0,0.0,0.06035208488122485,0.24182646895026286,0.1471184782672305,0.051778067947454785,0.28676398597928476,0.0,0.17306716827831414,0.29844091512920834,0.0,0.3324554988503377,0.25618186125822634,0.0,0.0,0.16734039803998027,0.2642781964944441,0.09275701827455313,0.0,0.0,0.0,0.0,0.06498349966732439,0.07577468464913029,0.11642678313064408,0.0,0.09255242891120583,0.0,0.0,0.0,0.019417316175852104,0.27547247901638133,0.0,0.15281702483407444,0.0,0.0,0.0,0.2894791544773625,0.3668483547788514,0.5432563140213379,0.0,0.2692675119531868,0.0,0.0,0.18468138528698708,0.11224118509688626,0.3007563697248946,0.11629044390089176,0.0,0.14007022970082392,0.12247561706093801,0.2121201020113747,0.08791527610272737,0.0942112497083328,0.3444812457431169,0.0,0.32637535365253173,0.22638404381494917,0.038922881253641815,0.03765621745355764,0.20407442808448753,0.10378893143099575,0.0,0.03333667444688307,0.0,0.0,0.0,0.14123002865843226,0.2048860154328835,0.042782777582936644,0.11048560284958893,0.0,0.0,0.0,0.010533622142892126,0.11286056143030834
