0.0,0.7515510676487184,0.2480227157460641,0.0,0.07019813841257826,0.3545879060379073,0.16894261201672914,0.31605928225191343,0.19986979096187,0.25914421722954006,0.1394355356315083,0.03447551887781257,0.14282780777900528,0.17697858446826217,0.4900299837289565,0.46344333527726095,0.339370890913915,0.44428591108462745,0.097188314523851,0.6089143161800702,0.4543797532428037,0.7772078561956761,0.31405907077515777,0.3172702979319064,0.5733792735325071,0.7327196474073662,0.3671031631227969,0.41813258352758675,0.45197792829284517,0.21299400121166268,0.4613967869652616,0.0,0.0,0.16776548010676276,0.0,0.0,0.0458442780350292,0.0997519884119536,0.02485861411323923,0.0,0.5512540298544134,0.0,0.22165071539590003,0.3095941427188435,0.23741981882200316,0.6398108332180735,0.21032316437857596,0.19893727965980856,0.0,0.07266338895784125,0.28431565410224124,0.07652139352081617,0.04536073194743028,0.41113340520088976,0.0,0.2612369590917865,0.0631039770471907,0.15386630825413225,0.0,0.38238613625390644,0.4667043219560078,0.5076127283977474,0.6447000097270169,0.2870090559238584,0.6256076041497727,0.46705300998596067,0.7550527451977262,0.18660056322335972,0.18699521972442965,0.6274958130811448,0.6774532035031813,0.6129344801819067,0.4341917136530119,0.617709829391341,0.28541088100232276,0.25164242866871495
0.7515510676487184,0.0,0.14771353545466848,0.0,0.0,0.5310675846218791,0.27197995371692085,0.3219919893707531,0.2451256960957251,0.2791939256526763,0.0,0.040062017009488915,0.21259586245371112,0.1743354564180376,0.3601169394618034,0.5245957814997433,0.5488915047823284,0.5642985795212574,0.0,0.3497496945808848,0.3644051810569228,0.6324209661231187,0.3937267327886748,0.4029149019132195,0.8444130747651035,0.9159799966270753,0.37673953119830034,0.19437287301153486,0.3314581599946604,0.0,0.39867372959123726,0.0,0.0,0.3299660987386278,0.0,0.0,0.0,0.25411074807905987,0.20341667533205907,0.0,0.632704474212363,0.0,0.0,0.23919663392154145,0.35917659777955924,0.5252113244211505,0.48107312896635773,0.07125835081396162,0.0,0.0,0.5061077892697486,0.17228640884757024,0.0,0.4637136336136545,0.06552984699684683,0.09387917026663119,0.21811635298548715,0.3049081754280692,0.0,0.3366544233918735,0.6039074333717374,0.6468529673754754,0.5763479073407959,0.2296814559974693,0.45679457519408145,0.15375287546839625,0.7287556243544199,0.11855330319611905,0.266660668299246,0.7952071493417922,0.788993024765029,0.6240108716497146,0.28281774223006123,0.587438364690955,0.2577761004370196,0.11914253179668848
0.2480227157460641,0.14771353545466848,0.0,0.2941244422470467,0.4972580166761783,0.3655399378608295,0.5687958698666244,0.23309423683229705,0.8044462305160035,0.33033215545602856,0.6747766858625969,0.19134484372372568,0.5236075971491089,0.0,0.7004156921672483,0.17573987544724062,0.29809629962371514,0.34696700168607053,0.7796631787959099,0.6111313686577586,0.3346752161358817,0.15412825800514393,0.4642298258549063,0.09891436543696491,0.3710304695830431,0.30019456214903,0.7266042878252309,0.45416968312094097,0.49062577814470804,0.08105333942896249,0.1638250011917212,0.13830930613676898,0.08435113117455188,0.0,0.0,0.0,0.0,0.18378248880183295,0.0984014400322209,0.039133881788753634,0.0,0.0,0.0,0.0,0.2752513167902021,0.3113775980203824,0.44496782321302086,0.9279916066214173,0.0,0.5238170280250349,0.3063924449382335,0.61813261048875,0.4138098082626201,0.7840892375842521,0.30697407848217073,0.6247466725789915,0.24932361230154412,0.5517728837764282,0.0,0.5346462633517283,0.226221020229294,0.2595587380802485,0.11168614683594909,0.7823467654851722,0.1680553342671172,0.4249697638187825,0.12990227011899225,0.6318808581399846,0.02974737728509257,0.3706913180716692,0.37168547279665176,0.518302913387228,0.4159431257528146,0.10593267910601209,0.13626432573691696,0.24740247698044054
0.0,0.0,0.2941244422470467,0.0,0.48994424003900827,0.35764332091990503,0.5915157261834603,0.2478128473646868,0.5534822712228109,0.09504000191283701,0.08630751290370674,0.0,0.5062214581267657,0.0,0.20394443241487245,0.2685937335463199,0.40365381407341294,0.42798983551082986,0.12399131802671742,0.028433905114208187,0.30532592933887676,0.0,0.4554998085392652,0.0,0.3492671843570043,0.15726410525900897,0.5924783573064899,0.05679389902718139,0.19231207853772334,0.0,0.0027871849779582997,0.034356492856425135,0.3856624132474372,0.0,0.0,0.0,0.0,0.1258606984654212,0.0,0.035143153715791964,0.0,0.0,0.0,0.0,0.08756628481437641,0.23212683645397547,0.6547155123777929,0.36302687818639207,0.0,0.19726948411409984,0.5102368898541203,0.49313332278164274,0.5247172756427906,0.3808527169708333,0.05068900994471599,0.14636753803633984,0.19902123273730482,0.6463603968400113,0.0,0.07009057336983347,0.0184114504596624,0.3128189355366112,0.0,0.13417305837336055,0.0,0.261611405980418,0.0,0.5778336030810052,0.0,0.3567447019625667,0.2602057814076866,0.28058298691464834,0.0,0.0,0.0,0.0
0.07019813841257826,0.0,0.4972580166761783,0.48994424003900827,0.0,0.3159056775028223,0.7416042260046384,0.3362898844895127,0.6540482174569651,0.32979670721400167,0.5025552927353405,0.1171902008354637,0.7469005689599939,0.0,0.5111095629368057,0.42104566311030506,0.40243160783005966,0.5064739188558754,0.3891063996930348,0.43678595418708227,0.5223097610638686,0.0,0.46667840209341277,0.0,0.3120456150147567,0.2219968067506137,0.6006141117141806,0.4759504678973906,0.4562184473243701,0.0,0.15721823933128845,0.12170535340596349,0.21991200777951078,0.0,0.0,0.0,0.0,0.12156893742175173,0.0,0.0,0.0,0.0,0.0,0.0,0.11702860976448713,0.355774924731478,0.6072867387317896,0.6493197852151751,0.0,0.49278750621167916,0.3718134144967932,0.5871768944902899,0.6712195132759933,0.5300500198449176,0.22031508291670648,0.3866089665649761,0.24851131864014175,0.6925854543140353,0.039429510864391365,0.3784761098902773,0.01128862161492241,0.3393639600340748,0.14731088037696552,0.3999703856750399,0.0,0.5483675523847737,0.0,0.668686373683612,0.0,0.3176936283230767,0.2802722223229574,0.34618547462003196,0.37328602629180013,0.0,0.0,0.197087686287734
0.3545879060379073,0.5310675846218791,0.3655399378608295,0.35764332091990503,0.3159056775028223,0.0,0.6100672835127052,0.7869563143431151,0.4203430265003818,0.14334816441641718,0.12549880906651054,0.02850774934269151,0.49705578721984855,0.013225167338148611,0.4387388460823778,0.2673238031575641,0.23195012857804495,0.4008985640659472,0.4068729284067138,0.2204010680498801,0.6718037036692952,0.1224429316247928,0.9530107863179695,0.17078152725147666,0.5148844045256087,0.5997695272046895,0.6864653070590262,0.06432694250454785,0.6971320836650564,0.0,0.0,0.0,0.0755919212999197,0.0,0.0,0.0,0.0,0.0,0.0,0.0,0.0985627824029767,0.0,0.0,0.11511417481869171,0.044565419513218844,0.37483630793985495,0.5873686042911211,0.502354616365398,0.0,0.13860730285705422,0.8114128666984817,0.6453618672859726,0.5791392557048348,0.5610920262546555,0.0,0.4313919167964512,0.1516372097403947,0.6203534275215566,0.0,0.3842041421708058,0.22512156797043864,0.22865697760946813,0.22618410229269392,0.5037798249428679,0.0,0.3785521025982438,0.12083535553908624,0.6877118869428865,0.0,0.5836677575814738,0.5410680567869844,0.47360491280601874,0.07165119541986577,0.02019839437906355,0.0,0.0
0.16894261201672914,0.27197995371692085,0.5687958698666244,0.5915157261834603,0.7416042260046384,0.6100672835127052,0.0,0.43382029440870906,0.7036738107873408,0.5078374717840987,0.4213441509314543,0.3242412101949014,0.9015976683688773,0.0,0.5678348222662172,0.476759452266833,0.5380005363014301,0.5626824458200181,0.4555840215575623,0.42510915307029684,0.6206569358984854,0.0,0.6195657704327678,0.1705439205807854,0.5266656679698065,0.4072700032288739,0.7303893350477478,0.35851363360993926,0.5349818146535623,0.0,0.09309620161090892,0.19460330923586913,0.4367422805648111,0.0,0.0,0.0,0.0,0.2526925847940076,0.16516773278333796,0.17945242287174124,0.0,0.0,0.0,0.0,0.2880525473115247,0.4546127718058785,0.7582762520994225,0.699006621559591,0.0,0.47994387233331326,0.5802260585667689,0.7425174834365472,0.6697533828663397,0.6732682386159476,0.41745599833321,0.4421869581861346,0.5011440330205686,0.8071202333127556,0.04903835426297621,0.4814630698464943,0.3276985792447204,0.42415458998019556,0.16335261279288268,0.5095330666539105,0.0,0.46011841085878397,0.01885312799128978,0.6971575926999092,0.0711778632864741,0.5168848080035701,0.4786487605332179,0.4412503813547053,0.2901170931646116,0.0,0.0,0.23792574761468258
0.31605928225191343,0.3219919893707531,0.23309423683229705,0.2478128473646868,0.3362898844895127,0.7869563143431151,0.43382029440870906,0.0,0.2575415871501457,0.13505675769104739,0.11138900160778425,0.03497084591894119,0.4318052236214973,0.19688887857029558,0.41068644973694013,0.23236655976736828,0.17901996064129966,0.361598872880777,0.3105235122524913,0.2646042325157881,0.7281823947448106,0.11561781687270013,0.8699032858733655,0.2023405456974451,0.3048994201935494,0.5036154020223823,0.48218987099479704,0.2018651939184912,0.6953752544985222,0.20304901820707769,0.0,0.0,0.0,0.0,0.030195295020701465,0.0,0.0,0.0,0.0,0.0,0.10773420024047288,0.0,0.0,0.3112873401433741,0.0,0.3351293331580913,0.3666995865309646,0.4045296922280755,0.0,0.08583751925228762,0.5748289980902266,0.4092331764157347,0.6758011501064174,0.36689269124462887,0.0,0.41731839170093665,0.11799223085477323,0.5113198186293105,0.07733572765438775,0.30673509533820625,0.015168921214713256,0.24423579952636826,0.30315720315396744,0.35011876945697545,0.0,0.5004883233869832,0.04267792006285604,0.6453786897587237,0.0,0.3918311251266802,0.4459166313647384,0.2844869220772784,0.15045662035046126,0.031094362907297113,0.0,0.0
0.19986979096187,0.2451256960957251,0.8044462305160035,0.5534822712228109,0.6540482174569651,0.4203430265003818,0.7036738107873408,0.2575415871501457,0.0,0.35060771488593545,0.6804706744808836,0.09550781969262434,0.7069341488291597,0.0,0.7525418972446587,0.3085994189816267,0.5662784688285055,0.5176219115957736,0.6179812270985702,0.5772941750285059,0.37376315410905353,0.0,0.5592599891480415,0.22071855683553726,0.5838170604190368,0.47934175300039045,0.8701164559640225,0.42159144953454064,0.4467556136337549,0.0,0.22750242675907179,0.05978568123806989,0.25734521874267263,0.0,0.0,0.0,0.0,0.3759089039863199,0.08901048752195768,0.02990959256660242,0.0,0.0,0.0,0.0,0.43780782193947293,0.4342856130853462,0.7450570069503708,0.8402461599306211,0.0,0.49982377716180404,0.5072027397865172,0.7046570549814465,0.5365399265354047,0.9282612651246523,0.2598143480741085,0.5876835080149688,0.3268471088745825,0.7936439263585222,0.0,0.5824251010639313,0.22906627624961207,0.49923671931725194,0.13815449364843332,0.6528065723352081,0.0,0.4200773468047616,0.11716818533065966,0.731928928784843,0.0929999713090915,0.596755385048023,0.5875034198108281,0.702102820214737,0.3838871442987197,0.11803645688085444,0.0,0.1825175459441336
0.25914421722954006,0.2791939256526763,0.33033215545602856,0.09504000191283701,0.32979670721400167,0.14334816441641718,0.5078374717840987,0.13505675769104739,0.35060771488593545,0.0,0.21020354479826417,0.9050399853637491,0.5808873940091158,0.0,0.361406778498249,0.4275273569442087,0.6708278209116783,0.39309375605759933,0.2532996155241572,0.4823347839471556,0.2519438021844152,0.18699080603684792,0.18174222343839844,0.2575306827118923,0.4286537292878589,0.39740260177631287,0.21286989388750657,0.47195561651666396,0.18282818384487515,0.0,0.2611159874853252,0.6137305011307754,0.4530912939826849,0.0,0.0,0.21209207706102484,0.0,0.469893778869368,0.5582271245624136,0.48937564917914633,0.0,0.29303986953643957,0.0,0.0,0.3474606878624824,0.3337441186173018,0.4825254989864956,0.3441048872646053,0.0,0.2842280372127794,0.0,0.2030061663942162,0.37622633275931017,0.29039798156739743,0.8834318195098729,0.04121879151532943,0.8516849760820224,0.384656490316858,0.24863408289069724,0.4050921778272652,0.4416030665060777,0.44788582439843755,0.06101101260990399,0.2961095330284,0.12957857166776346,0.16194622038506648,0.3419021744834759,0.2748978063600301,0.4655944501004991,0.23200283137947075,0.5129335503045119,0.03738533131651859,0.3654459755207353,0.10290815016403575,0.08398604033096296,0.5227162438972633
0.1394355356315083,0.0,0.6747766858625969,0.08630751290370674,0.5025552927353405,0.12549880906651054,0.4213441509314543,0.11138900160778425,0.6804706744808836,0.21020354479826417,0.0,0.03987094155193411,0.3931446871283206,0.0,0.6440980457090876,0.0,0.08087634054030567,0.1108371982444456,0.73159374806694,0.5395085002401099,0.17014828220296727,0.26661020648014455,0.2425313140399791,0.08368766675379939,0.09873231599236745,0.1328500334576849,0.48005502218221496,0.49804026000306745,0.3550571531810071,0.12820176977004083,0.023763519670145623,0.0,0.0,0.0,0.009461435130314982,0.11028127881553709,0.07333159860965631,0.1255397597231927,0.0,0.0,0.0,0.0,0.0,0.0036356595639624916,0.2380792294769794,0.09711041876599198,0.19719295914374443,0.6674422494417892,0.014938219030354404,0.5264763807076167,0.0,0.40574101739835505,0.32791965069830725,0.6686823316487001,0.14564165767160359,0.7895878093265105,0.047172228795632466,0.3356077436048856,0.0,0.6824597339673344,0.0,0.030626064805614018,0.0,0.6173387218116736,0.25033717969091435,0.24315909132494223,0.17049922025636569,0.3802215504281216,0.0,0.14551981035238026,0.15965017675408524,0.384279009644732,0.35225969390529444,0.0,0.0,0.03112038152402902
0.03447551887781257,0.040062017009488915,0.19134484372372568,0.0,0.1171902008354637,0.02850774934269151,0.3242412101949014,0.03497084591894119,0.09550781969262434,0.9050399853637491,0.03987094155193411,0.0,0.39310032378282617,0.0,0.07840542419494533,0.20344423483002977,0.45391311843366994,0.13441157581261293,0.18615152604996063,0.2036795924082174,0.0,0.01883626981293705,0.03644239470047222,0.29089620685973067,0.11194450387105222,0.14351362508344262,0.0,0.3036470079225506,0.0,0.0,0.05275620182486874,0.692945358258364,0.48292852367197386,0.0,0.0,0.2840397111490274,0.0,0.4375220950405097,0.6040119979456167,0.6583007420995821,0.0,0.4038570789334709,0.0,0.0,0.281802017681243,0.15794932936213454,0.21697253462009566,0.1590150075480692,0.2214525374120706,0.2466459350160941,0.0,0.04090699373925045,0.19864928298647072,0.03667571083236287,0.9050316846710422,0.0,0.8606440626022762,0.19121948976657566,0.37370216301067116,0.21424767055416147,0.35515956651505015,0.1763189463133606,0.0,0.16621804157880113,0.04915006381525631,0.0,0.1569937508144603,0.0794927384149623,0.5125410272700743,0.0,0.2806736757136023,0.0,0.1855136037162791,0.0,0.15839973485172523,0.5328429700137729
0.14282780777900528,0.21259586245371112,0.5236075971491089,0.5062214581267657,0.7469005689599939,0.49705578721984855,0.9015976683688773,0.4318052236214973,0.7069341488291597,0.5808873940091158,0.3931446871283206,0.39310032378282617,0.0,0.0,0.5750779835371824,0.517617640926691,0.5646661278351661,0.6540919529050299,0.4311445495007674,0.43642130667066503,0.5891518433296902,0.0,0.5439230427932288,0.19866698227386165,0.46593585180899666,0.4043156675018866,0.6442366474079048,0.5775077439880806,0.5211518730769296,0.0,0.204789005542418,0.30138378236461033,0.3903692976807819,0.0,0.0,0.0,0.0,0.29237126842308464,0.19582563278450468,0.19082447585364445,0.0,0.0,0.0,0.0,0.27926966739753994,0.45483362958920814,0.7408438844115618,0.6649934936193599,0.0,0.4639294339551954,0.4842085751256798,0.6686788024196214,0.6581180026406727,0.6279366014866796,0.46523580118867386,0.38213930906428784,0.5189167238887761,0.8342082487147707,0.13550087696196955,0.4874792942700607,0.2310449666242601,0.4695409039225823,0.21645316222134442,0.5068002323936615,0.0,0.450804963047513,0.02832872702526384,0.6459943097753115,0.14035947662782405,0.4472351555432846,0.5234475608533896,0.34452829547613606,0.39160201625039587,0.04692459535595789,0.0,0.3242761674519704
0.17697858446826217,0.1743354564180376,0.0,0.0,0.0,0.013225167338148611,0.0,0.19688887857029558,0.0,0.0,0.0,0.0,0.0,0.0,0.0,0.0,0.0,0.0,0.0,0.0,0.13421414622026306,0.4028933947909999,0.0,0.06662325013429604,0.0,0.010651220884253415,0.0,0.0,0.02032396435184728,0.4016730003291682,0.11962431992315953,0.0,0.0,0.12386315461902649,0.3117930149321867,0.11972476833961736,0.43472217399277824,0.0,0.0,0.0,0.3266930248835832,0.0,0.5355768474487348,0.5262456414465099,0.0,0.0,0.0,0.0,0.19406318623149055,0.0,0.0,0.0,0.0,0.0,0.0,0.06510384018935589,0.0,0.0,0.2769962881549343,0.0,0.0,0.0,0.23961286769150153,0.0,0.31259049235366665,0.04383999853274049,0.23087587219743078,0.0,0.0,0.0,0.0,0.0,0.0,0.15967051281978234,0.0,0.0
0.4900299837289565,0.3601169394618034,0.7004156921672483,0.20394443241487245,0.5111095629368057,0.4387388460823778,0.5678348222662172,0.41068644973694013,0.7525418972446587,0.361406778498249,0.6440980457090876,0.07840542419494533,0.5750779835371824,0.0,0.0,0.3825746806448053,0.41359666682689206,0.5230041986337728,0.5501547707433969,0.8390934937745318,0.5677869297338305,0.4655101481515203,0.5504227693065139,0.29966290229251835,0.5127833649876224,0.6034397949066137,0.7654721105081089,0.5944574323126159,0.6621755542790835,0.1156329117552595,0.32466985979730223,0.0,0.0,0.0,0.0,0.0,0.0,0.20979290821227745,0.0,0.0,0.13670745574370913,0.0,0.0,0.15522890720842208,0.272494572748392,0.4648306831013211,0.5098032151414966,0.7504841340632074,0.0,0.34741656177976515,0.3694570962835518,0.5202472881890394,0.4925795379194391,0.7585483866629867,0.13230375580832468,0.6513112185087995,0.22780959152143293,0.6066175687117313,0.0,0.8070154414655654,0.26672903064349296,0.48368425012598465,0.4071333314480955,0.6414617559006459,0.40014218508802535,0.5470262264482174,0.4489902286766422,0.6302719644157118,0.09672630704913314,0.578397150470291,0.6379449112930421,0.701126154243014,0.5050731484575648,0.2902795310257583,0.021381277306082632,0.1809540288589406
0.46344333527726095,0.5245957814997433,0.17573987544724062,0.2685937335463199,0.42104566311030506,0.2673238031575641,0.476759452266833,0.23236655976736828,0.3085994189816267,0.4275273569442087,0.0,0.20344423483002977,0.517617640926691,0.0,0.3825746806448053,0.0,0.6211776202148545,0.8407470065100299,0.0,0.4014131620427018,0.4388854349407567,0.28430039277721025,0.2769149302946933,0.1888042109595923,0.6368196966139847,0.6147365867641821,0.40008231493435753,0.4375596817689362,0.3354253804190903,0.02416665582437055,0.5614563373461889,0.2501323945173442,0.2622052671015212,0.15333722929393676,0.0,0.0,0.0,0.18539726192439784,0.25492004006215546,0.0283112132862056,0.20677262674524904,0.0,0.0,0.07292406245183457,0.13092055202581368,0.5883307856579867,0.5239750958447922,0.23369608961278637,0.0,0.17126028999405604,0.3670929447220624,0.3033695711214725,0.2834601419693189,0.2720217184154872,0.24558986121150278,0.0,0.3524038064584488,0.5099043933256495,0.16121512471530808,0.2710949440514805,0.5657139441211041,0.6524555910443307,0.6370997308985128,0.16793067128129924,0.17137136919224152,0.323537469947972,0.3833425609170624,0.34724291360393533,0.1031138783645777,0.5718861664727989,0.6058692958170334,0.4162859869315211,0.4219703584698229,0.43136734310444697,0.06828289298668055,0.3677625898878824
0.339370890913915,0.5488915047823284,0.29809629962371514,0.40365381407341294,0.40243160783005966,0.23195012857804495,0.5380005363014301,0.17901996064129966,0.5662784688285055,0.6708278209116783,0.08087634054030567,0.45391311843366994,0.5646661278351661,0.0,0.41359666682689206,0.6211776202148545,0.0,0.7913203870800309,0.0,0.4766972454574009,0.3050544983861574,0.08561712330263757,0.33375391328378506,0.3848112098426742,0.8398051006956755,0.7303540455962332,0.4588252312829755,0.38658576379715515,0.21894544965446766,0.0,0.5481563833520163,0.359498061257975,0.4021612335222528,0.18101331539375046,0.0,0.0,0.0,0.549905406827316,0.5213737300584169,0.15591547368186187,0.17809485837450345,0.11122027159671867,0.0,0.0,0.48951984678068744,0.49031432993490565,0.7991289034221943,0.30956407644407263,0.0,0.002010040700918859,0.35536495395480955,0.2517657059976037,0.3612200428153578,0.4672318114488883,0.4524183159074638,0.0,0.7272435657355428,0.6282019776722889,0.0,0.2631027469163191,0.6161207653276808,0.8830549162543397,0.4239862435554397,0.18693841441636302,0.1159266368437704,0.21592979836074158,0.3879171130514816,0.38190177760738697,0.41332609206834287,0.69351136642171,0.7793619517894333,0.4483693645034675,0.3916408219426675,0.4316037621075101,0.13379109763208288,0.4036826921930419
0.44428591108462745,0.5642985795212574,0.34696700168607053,0.42798983551082986,0.5064739188558754,0.4008985640659472,0.5626824458200181,0.361598872880777,0.5176219115957736,0.39309375605759933,0.1108371982444456,0.13441157581261293,0.6540919529050299,0.0,0.5230041986337728,0.8407470065100299,0.7913203870800309,0.0,0.03124669684065619,0.5038979713987773,0.5113145015738755,0.20092377538055536,0.44719687368181055,0.2880345107865266,0.7785809825476028,0.7709387514960825,0.5637732484587173,0.5757541657577775,0.5100271112912271,0.0,0.5477769522925402,0.07449424681105936,0.13710416723147154,0.11012065719272277,0.0,0.0,0.0,0.20705498160787586,0.1812450888803894,0.0,0.19267104701275675,0.0,0.0,0.11421227068654731,0.24863852235149808,0.6311794790463654,0.7274887041619581,0.37257005780706276,0.0,0.027437070945894464,0.4853283051610269,0.34349297195100464,0.39371560572696157,0.5091713946267229,0.14810222176410967,0.06000144979265736,0.4308081552402981,0.7079155168595261,0.0,0.3039859925276865,0.5387697292872281,0.8425515993381296,0.7271482732573931,0.2861423759474243,0.1393162866741057,0.37395984083427886,0.371720354552054,0.4585208543178364,0.13455933638749265,0.7287412073180665,0.7644210165918622,0.5562575518102173,0.4847442154740507,0.47600077092251225,0.03127475873869171,0.30789109087175165
0.097188314523851,0.0,0.7796631787959099,0.12399131802671742,0.3891063996930348,0.4068729284067138,0.4555840215575623,0.3105235122524913,0.6179812270985702,0.2532996155241572,0.73159374806694,0.18615152604996063,0.4311445495007674,0.0,0.5501547707433969,0.0,0.0,0.03124669684065619,0.0,0.4183738431315519,0.23453004900450916,0.12730168048584278,0.4157546604982199,0.028901408916218906,0.030652836484662892,0.10628233594275445,0.5074953955369128,0.3672968110409531,0.4448425155958093,0.17010376202736757,0.0,0.03163946944338606,0.0,0.0,0.0,0.1307907533597264,0.11525523923133532,0.0,0.0,0.04286575100883726,0.0,0.0,0.0,0.0,0.11664526698112518,0.1409104245403479,0.17351298982062568,0.754515187783613,0.16926817952978465,0.57870100689565,0.13832827293375147,0.5477867135802453,0.3884954684050871,0.6184260990098129,0.26825824915064594,0.7209964828001902,0.14714765548299985,0.3945425499221136,0.0,0.5648725888650898,0.0,0.0,0.0,0.8053782932883291,0.07698816560686668,0.2145116160846886,0.022117336387918893,0.47789636637809046,0.0,0.052801732203792806,0.15888860007032365,0.2517532075992814,0.2465796001031514,0.0,0.0,0.0565690682408885
0.6089143161800702,0.3497496945808848,0.6111313686577586,0.028433905114208187,0.43678595418708227,0.2204010680498801,0.42510915307029684,0.2646042325157881,0.5772941750285059,0.4823347839471556,0.5395085002401099,0.2036795924082174,0.43642130667066503,0.0,0.8390934937745318,0.4014131620427018,0.4766972454574009,0.5038979713987773,0.4183738431315519,0.0,0.4603679351201775,0.6583700940883954,0.32654553391266916,0.23976531436242382,0.4804058508802324,0.5283936832530138,0.6062486226537845,0.7067659114739941,0.5871949266907731,0.299149778667835,0.5021144221540098,0.16412062442865094,0.0,0.0,0.0,0.0,0.0,0.23418878199247503,0.11949165808477054,0.0,0.2555892818970283,0.0,0.0,0.14273944139104847,0.2703028635327102,0.42691726747249786,0.38871366465264534,0.5882771487308532,0.0,0.3062253175573591,0.1670392483742365,0.34821768407809617,0.3894319346859267,0.5725552214956521,0.25797579069195153,0.40434421346275345,0.32351849379772796,0.43433203758799827,0.08700679138609564,0.6094654011138692,0.3566322395919401,0.506469844517977,0.42900215901525857,0.526427311282642,0.5818484649074916,0.5793478586458085,0.5709846428502939,0.45258259101834125,0.19350148301671216,0.4932604093170101,0.5801722216772435,0.6179269400414508,0.6660806437303466,0.4122331517907218,0.2069744517572731,0.44345693804795344
0.4543797532428037,0.3644051810569228,0.3346752161358817,0.30532592933887676,0.5223097610638686,0.6718037036692952,0.6206569358984854,0.7281823947448106,0.37376315410905353,0.2519438021844152,0.17014828220296727,0.0,0.5891518433296902,0.13421414622026306,0.5677869297338305,0.4388854349407567,0.3050544983861574,0.5113145015738755,0.23453004900450916,0.4603679351201775,0.0,0.2378563139728292,0.7179269451059427,0.19576469260905957,0.45187622224331536,0.5146548207319234,0.6301499356219602,0.2963664037720608,0.7378668670234747,0.2188064332784337,0.2607147406064546,0.0,0.0,0.0,0.0,0.0,0.0,0.0,0.0,0.0,0.09720881209765535,0.0,0.0,0.34015398001416786,0.0,0.5197821004548178,0.5210783678080038,0.5539916723259677,0.0,0.16977882590070395,0.5981328741965299,0.5475999440449646,0.7106508417860627,0.4339434336501632,0.0,0.4414570535710081,0.13557854721866863,0.6205818239109543,0.04584978874654823,0.3936078892825352,0.2365677302918246,0.4189859915315582,0.4635583908286211,0.3645726363143472,0.06591962238131126,0.8056518336191081,0.23540111357089127,0.6526256131460347,0.0,0.572888843615639,0.4832985117126502,0.4892531504910625,0.3971251558508807,0.2099185598262491,0.0,0.04563314631344608
0.7772078561956761,0.6324209661231187,0.15412825800514393,0.0,0.0,0.1224429316247928,0.0,0.11561781687270013,0.0,0.18699080603684792,0.26661020648014455,0.01883626981293705,0.0,0.4028933947909999,0.4655101481515203,0.28430039277721025,0.08561712330263757,0.20092377538055536,0.12730168048584278,0.6583700940883954,0.2378563139728292,0.0,0.03819638787974655,0.2915488589133481,0.33083140024464036,0.5193041275215766,0.13572991994182876,0.47903536159696125,0.30079582808161953,0.42899986490642134,0.40389305401669917,0.0,0.0,0.2582562516596284,0.06255816364784389,0.07171581131969179,0.23878092269273962,0.05308603963511986,0.013043026657645274,0.0,0.5886780609541685,0.0,0.4399233639900832,0.48904674193143544,0.10201297886223441,0.2909671335573913,0.0,0.08028096769849759,0.061972781381546445,0.05366802446706666,0.0,0.0,0.0,0.20439690889728185,0.0,0.24409408820364567,0.0,0.0,0.07248743601824562,0.45084781053506573,0.35675405316375486,0.2609017657014232,0.5023702229242858,0.27813831551966517,0.8426471481283988,0.22147632085457297,0.8648870757489762,0.0,0.21392061629191045,0.3458301508517779,0.416865004397181,0.430255444677811,0.4776451635163061,0.5122714635419828,0.3472098273715458,0.21135726348214504
0.31405907077515777,0.3937267327886748,0.4642298258549063,0.4554998085392652,0.46667840209341277,0.9530107863179695,0.6195657704327678,0.8699032858733655,0.5592599891480415,0.18174222343839844,0.2425313140399791,0.03644239470047222,0.5439230427932288,0.0,0.5504227693065139,0.2769149302946933,0.33375391328378506,0.44719687368181055,0.4157546604982199,0.32654553391266916,0.7179269451059427,0.03819638787974655,0.0,0.17186721136001828,0.4942885752816706,0.5869400327793326,0.7660792568566113,0.1507355488062147,0.7269144396144595,0.0,0.0,0.0,0.10745423586952588,0.0,0.0,0.0,0.0,0.0,0.0,0.0,0.04009746026511631,0.0,0.0,0.06753338712236116,0.11279619561459854,0.4457678499939089,0.6331964199251093,0.6385128919634921,0.0,0.21161680055712745,0.7626786829711879,0.6709015757787461,0.7283159184115175,0.6366617439736219,0.0,0.49567994230656853,0.18001631993727568,0.7073019905979644,0.0,0.40227956565502637,0.15491886684160047,0.31863542075598067,0.22517065625818564,0.4917362360525224,0.0,0.5191208832846907,0.06408026336527288,0.8754975154378839,0.0,0.5689467154328123,0.5834523448330537,0.5376927275759289,0.13944954775571314,0.06529703536216633,0.0,0.0
0.3172702979319064,0.4029149019132195,0.09891436543696491,0.0,0.0,0.17078152725147666,0.1705439205807854,0.2023405456974451,0.22071855683553726,0.2575306827118923,0.08368766675379939,0.29089620685973067,0.19866698227386165,0.06662325013429604,0.29966290229251835,0.1888042109595923,0.3848112098426742,0.2880345107865266,0.028901408916218906,0.23976531436242382,0.19576469260905957,0.2915488589133481,0.17186721136001828,0.0,0.37298769119384073,0.5252806523860327,0.11606710833329262,0.2349656915041014,0.1643348017373791,0.0,0.47365141368202474,0.0,0.11460913688152646,0.45150076109917847,0.17708137034100593,0.0,0.0,0.43022551892911337,0.1962683533409126,0.023321388908298615,0.4357929973051748,0.11057448828893833,0.008582101927185799,0.12326099217787953,0.4368662622234949,0.37945167418296727,0.18651101851115676,0.06553327387022737,0.0,0.057758808262400076,0.17494277895004465,0.0,0.053631159743871136,0.31653636102772537,0.13680073532385795,0.09109284471119558,0.4206564002500654,0.27231310907943196,0.09482230118830236,0.26474372086169834,0.4699919239424693,0.48623630144075447,0.5231635566045773,0.07875111979660808,0.48499922648510385,0.08664038669039728,0.539153309275685,0.0,0.795860407690236,0.3573117796591997,0.5583241374184056,0.2690833259374454,0.34992286354635965,0.4372750002898598,0.14540573308963356,0.2614441676647004
0.5733792735325071,0.8444130747651035,0.3710304695830431,0.3492671843570043,0.3120456150147567,0.5148844045256087,0.5266656679698065,0.3048994201935494,0.5838170604190368,0.4286537292878589,0.09873231599236745,0.11194450387105222,0.46593585180899666,0.0,0.5127833649876224,0.6368196966139847,0.8398051006956755,0.7785809825476028,0.030652836484662892,0.4804058508802324,0.45187622224331536,0.33083140024464036,0.4942885752816706,0.37298769119384073,0.0,0.9000549326412826,0.6483072345979644,0.26348855064022125,0.36859543497697395,0.0,0.5320547026105039,0.08988534264013863,0.178211818836568,0.2246955922071422,0.0,0.0,0.0,0.3970112846321248,0.32963772964201093,0.0,0.3580140219321639,0.0,0.0,0.016071081556232405,0.4390356462990578,0.5676402928691076,0.8154570827220338,0.357156968062648,0.0,0.03489853805863284,0.672706999414067,0.4117221067013301,0.28708372876144994,0.6460937315092938,0.18463269600473067,0.10641694356877726,0.41508051223774595,0.6161756392600055,0.0,0.35820398287082067,0.6958410777901928,0.8608374951404236,0.5677963029551751,0.30063073190962863,0.2761011086709803,0.3279867817631839,0.5613811740620709,0.43183214349814175,0.25684821962789267,0.9678585782467398,0.876886469902914,0.7542188616942869,0.36672818474033353,0.6035075140589885,0.19178593112280917,0.2352712670529898
0.7327196474073662,0.9159799966270753,0.30019456214903,0.15726410525900897,0.2219968067506137,0.5997695272046895,0.4072700032288739,0.5036154020223823,0.47934175300039045,0.39740260177631287,0.1328500334576849,0.14351362508344262,0.4043156675018866,0.010651220884253415,0.6034397949066137,0.6147365867641821,0.7303540455962332,0.7709387514960825,0.10628233594275445,0.5283936832530138,0.5146548207319234,0.5193041275215766,0.5869400327793326,0.5252806523860327,0.9000549326412826,0.0,0.5740136513156908,0.3952389732464895,0.5291325591039968,0.0,0.4847059162516778,0.0,0.0,0.2576843837016283,0.0,0.0,0.0,0.28396283241202425,0.10440563857445533,0.0,0.4903043203638584,0.0,0.0,0.21888480276687097,0.3891811627438551,0.6579654275440419,0.6661404216662498,0.27845228564828317,0.0,0.0,0.5348615796126788,0.27853699293945505,0.28601301743923996,0.6144172843588404,0.10004466976561176,0.21070054071029456,0.3938652105144024,0.5442614735224757,0.0,0.46825151039113794,0.5851213415433698,0.7882313648131407,0.6958329813141474,0.3332808348075622,0.4246580032499484,0.312439117907498,0.7074747963671079,0.36027549206166604,0.319063911171533,0.8883619382720442,0.9627223319747727,0.6968596544882965,0.38902984686142017,0.5976749977333528,0.15339351282570152,0.1360516159418225
0.3671031631227969,0.37673953119830034,0.7266042878252309,0.5924783573064899,0.6006141117141806,0.6864653070590262,0.7303893350477478,0.48218987099479704,0.8701164559640225,0.21286989388750657,0.48005502218221496,0.0,0.6442366474079048,0.0,0.7654721105081089,0.40008231493435753,0.4588252312829755,0.5637732484587173,0.5074953955369128,0.6062486226537845,0.6301499356219602,0.13572991994182876,0.7660792568566113,0.11606710833329262,0.6483072345979644,0.5740136513156908,0.0,0.32428532744752514,0.6486537177702497,0.0,0.20177148612540372,0.0,0.1344401585680762,0.0,0.0,0.0,0.0,0.16088900458328692,0.0,0.0,0.0,0.0,0.0,0.0,0.24951305448057884,0.5047026664000351,0.7514816359043931,0.8230051756478226,0.0,0.3838810284149674,0.7071621397166579,0.786645464336216,0.6301469290277688,0.8286441524524802,0.05436341479775552,0.5573528069791476,0.17431082222643524,0.7570236112001371,0.0,0.5244922182209655,0.2775946184110403,0.46572975060474303,0.27272972361872866,0.6156104971270278,0.0,0.6197769493974696,0.16930603250779275,0.8521067916212569,0.0,0.7316219869242555,0.6150814101144619,0.8550578138025642,0.3311504797601447,0.20452128359766972,0.0,0.1112145599566039
0.41813258352758675,0.19437287301153486,0.45416968312094097,0.05679389902718139,0.4759504678973906,0.06432694250454785,0.35851363360993926,0.2018651939184912,0.42159144953454064,0.47195561651666396,0.49804026000306745,0.3036470079225506,0.5775077439880806,0.0,0.5944574323126159,0.4375596817689362,0.38658576379715515,0.5757541657577775,0.3672968110409531,0.7067659114739941,0.2963664037720608,0.47903536159696125,0.1507355488062147,0.2349656915041014,0.26348855064022125,0.3952389732464895,0.32428532744752514,0.0,0.4366932698182335,0.4005568649317209,0.4649424019620151,0.23043822409246972,0.0,0.0,0.0,0.20272306331340928,0.07511383190428744,0.17565892341815084,0.0594833784295368,0.0,0.08688044623982623,0.0,0.1353505075160998,0.20164777329404185,0.1685789835491957,0.3176679622345303,0.2247737017892387,0.41193963180459137,0.01718285142893374,0.2944835540945957,0.0,0.142437568229178,0.32889294558144555,0.4014540771340423,0.2904057279207465,0.30404923508492077,0.3257215591604413,0.40374168077875927,0.14451266417623315,0.4231001403199112,0.10609619099825801,0.46112354937710215,0.47022996526221256,0.43984969542852403,0.4176817118325091,0.3624862561876932,0.3775237111789084,0.27180486284779776,0.21976219877538777,0.2263069260108099,0.4238744218302891,0.3120616004278119,0.6857084638217004,0.299306246133799,0.07606170243380969,0.4154806721991102
0.45197792829284517,0.3314581599946604,0.49062577814470804,0.19231207853772334,0.4562184473243701,0.6971320836650564,0.5349818146535623,0.6953752544985222,0.4467556136337549,0.18282818384487515,0.3550571531810071,0.0,0.5211518730769296,0.02032396435184728,0.6621755542790835,0.3354253804190903,0.21894544965446766,0.5100271112912271,0.4448425155958093,0.5871949266907731,0.7378668670234747,0.30079582808161953,0.7269144396144595,0.1643348017373791,0.36859543497697395,0.5291325591039968,0.6486537177702497,0.4366932698182335,0.0,0.3132054434785231,0.08180917481222356,0.0,0.0,0.0,0.0,0.0,0.0,0.0,0.0,0.0,0.127993052589262,0.0,0.0,0.31010491008517227,0.0332349540797971,0.4649416942601307,0.4370691105524024,0.621249516400679,0.0,0.13288158084472354,0.4494196493892077,0.4869146919402006,0.6334364483941061,0.53256598428049,0.0,0.5047180112737003,0.10754583667285139,0.5923100806919277,0.0,0.4418070662614619,0.19843815384644853,0.30157276879181094,0.419684655762098,0.48621940307844314,0.17407035431820458,0.6614032571026782,0.25221207644151156,0.666728104841622,0.0,0.4868351132822169,0.47049274859444423,0.45856916421329746,0.3541155315371358,0.15320322656942265,0.0,0.05338446614441352
0.21299400121166268,0.0,0.08105333942896249,0.0,0.0,0.0,0.0,0.20304901820707769,0.0,0.0,0.12820176977004083,0.0,0.0,0.4016730003291682,0.1156329117552595,0.02416665582437055,0.0,0.0,0.17010376202736757,0.299149778667835,0.2188064332784337,0.42899986490642134,0.0,0.0,0.0,0.0,0.0,0.4005568649317209,0.3132054434785231,0.0,0.16955912545693444,0.0,0.0,0.0,0.21959829221103133,0.27055464847651134,0.4367758830215728,0.0,0.0,0.0,0.11880931509507374,0.0,0.5510030852118019,0.49727114623703605,0.0,0.0,0.0,0.0598863556735776,0.34341565103533056,0.0688846469734108,0.0,0.0,0.101402548672162,0.0,0.0,0.19830931961987608,0.0,0.0,0.2037990352114315,0.0,0.0,0.0,0.19267010159581965,0.1339893252316741,0.34162920842259503,0.3127930531907577,0.10787860678386131,0.0,0.0,0.0,0.0,0.0,0.38898217883321334,0.03336017453599975,0.05497592277292266,0.20611210752263728
0.4613967869652616,0.39867372959123726,0.1638250011917212,0.0027871849779582997,0.15721823933128845,0.0,0.09309620161090892,0.0,0.22750242675907179,0.2611159874853252,0.023763519670145623,0.05275620182486874,0.204789005542418,0.11962431992315953,0.32466985979730223,0.5614563373461889,0.5481563833520163,0.5477769522925402,0.0,0.5021144221540098,0.2607147406064546,0.40389305401669917,0.0,0.47365141368202474,0.5320547026105039,0.4847059162516778,0.20177148612540372,0.4649424019620151,0.08180917481222356,0.16955912545693444,0.0,0.209404988325338,0.03761114702759928,0.41319504979713556,0.052632289334246185,0.0,0.0,0.3857054070654409,0.3023626810063894,0.0,0.34579002355935423,0.07707711238826212,0.12407450304001601,0.20198767472284568,0.314469984480095,0.39570220035582776,0.2671195919964426,0.09261252694305794,0.0,0.0,0.1596695554904949,0.0,0.04960596005869871,0.19370740288305846,0.06806255163964058,0.0,0.2337063276023644,0.26750953710863334,0.17431565210140973,0.12726584689299908,0.4807855413659297,0.7173455132245108,0.6794254599623115,0.021926015613713153,0.5155653887416313,0.32030029664163523,0.5275156163108854,0.10464038057914554,0.4532879978213597,0.5042052966995193,0.5010717878077424,0.4645603768286988,0.6251654756517767,0.6945655902235893,0.3100608655994331,0.49337411680136223
0.0,0.0,0.13830930613676898,0.034356492856425135,0.12170535340596349,0.0,0.19460330923586913,0.0,0.05978568123806989,0.6137305011307754,0.0,0.692945358258364,0.30138378236461033,0.0,0.0,0.2501323945173442,0.359498061257975,0.07449424681105936,0.03163946944338606,0.16412062442865094,0.0,0.0,0.0,0.0,0.08988534264013863,0.0,0.0,0.23043822409246972,0.0,0.0,0.209404988325338,0.0,0.40953014896890133,0.0,0.0,0.2452641238668501,0.0,0.4480357671435478,0.7981225382915494,0.5928307298552429,0.014566045453408857,0.45776903321912465,0.0,0.0,0.23989150997359604,0.06310403309066455,0.13608366599445906,0.07754274502847823,0.17760445314120166,0.3544721703166301,0.0,0.03510519051109896,0.11170229666172067,0.0,0.7747397150037522,0.0,0.5665825966590281,0.0919950725784755,0.4418676710904499,0.05531709329381773,0.32775620779173453,0.1805521141207164,0.0,0.03361658225628391,0.0,0.0,0.028689496520085882,0.07307561592989174,0.2978090943789243,0.0,0.08664038644570955,0.0,0.1244610803464541,0.02687892399723699,0.2571213275375186,0.5798710921035984
0.0,0.0,0.08435113117455188,0.3856624132474372,0.21991200777951078,0.0755919212999197,0.4367422805648111,0.0,0.25734521874267263,0.4530912939826849,0.0,0.48292852367197386,0.3903692976807819,0.0,0.0,0.2622052671015212,0.4021612335222528,0.13710416723147154,0.0,0.0,0.0,0.0,0.10745423586952588,0.11460913688152646,0.178211818836568,0.0,0.1344401585680762,0.0,0.0,0.0,0.03761114702759928,0.40953014896890133,0.0,0.2546583770431868,0.0,0.0,0.0,0.44869478422389436,0.5212660735196486,0.8216503591758403,0.0,0.3836529782825625,0.0,0.0,0.280525769822949,0.1798337762729736,0.4655234402298716,0.16974764345661889,0.0,0.21110816291540868,0.19334085513576674,0.33799806094268847,0.1377295498229522,0.1381220736502022,0.5319813364587036,0.0,0.47377410456685526,0.3483880536955382,0.05238616511048524,0.05661225906445247,0.3192133202935286,0.17603597259954443,0.0,0.04128842155652712,0.0,0.0,0.0,0.22919055698144827,0.29806947334817074,0.07354118491550767,0.1774098316701214,0.0,0.0,0.0,0.019883670754406318,0.15755009547910764
