0.0,0.23036281112290438,0.2136641313994315,0.0,0.16449513251193493,0.02525954459582382,0.17711180243053048,0.11543349072911525,0.13335051766197425,0.29208963730750503,0.1832216307356718,0.16217720501218158,0.0831830589818331,0.0,0.32047182554832115,0.2720285625669253,0.13807580779651996,0.24207826097490226,0.22957151144512228,0.2666718077300428,0.3936248792992514,0.302482071325387,0.21579391718345725,0.23410943155021724,0.32560020863663186,0.3571790378143764,0.17620954917671486,0.1559809211692875,0.29360665358096616,0.39382365856871404,0.22612062645032202,0.0673433288285143,0.010090507641852065,0.06906045772167506,0.07447497384752733,0.0,0.0,0.13292325318671622,0.02147309188588084,0.0,0.0,0.12396191344704957,0.11620533206996604,0.0,0.11556859956276884,0.5265721115682513,0.22394798391605517,0.16401301473989505,0.0,0.05769490155918775,0.0,0.16740978531134507,0.13526137611768724,0.06968920670378008,0.20784790044838522,0.12348799905175803,0.23773362319204394,0.14791487030484257,0.031219719697696238,0.3354476617359432,0.2070731418779649,0.18847875339942738,0.23234245495744052,0.056748239620779836,0.19059579116269457,0.4113485675384982,0.26587283640363896,0.19775798417323995,0.24035258587716873,0.3729687682791798,0.407236007974082,0.10616505195019493,0.15366615088279423,0.24693997073304166,0.13798013541462847,0.01661726957474949
0.23036281112290438,0.0,0.1767976377231017,0.0,0.24048172600915593,0.3799218340212621,0.20078929242190321,0.14050995504320513,0.31249132592486306,0.32069550644151285,0.2618380182926794,0.3542358915245896,0.2588889680318638,0.0,0.28647977817780884,0.1561849182271165,0.2566969888611242,0.37004038897939273,0.2777925375036504,0.2991818569674027,0.26834095369926086,0.3564592658963029,0.3279411265817507,0.2271221396414095,0.4728891854610459,0.5065216051145752,0.3464918776062445,0.09495738881524347,0.3824032551748725,0.3249525141781872,0.0,0.03110839972456057,0.0,0.0,0.0,0.0,0.0,0.033362562634616864,0.21866558427122076,0.0,0.0,0.0,0.0,0.0,0.08027082335795525,0.09087595519529185,0.48519627340574983,0.17485697104457498,0.0,0.14182687138596803,0.2754882783613284,0.22111220189216904,0.1426700701184148,0.2788708978425783,0.27924861477443624,0.22844216856562682,0.24050171498794554,0.22608061916264288,0.0,0.3071111062316219,0.36959172078643254,0.2897000472525357,0.2849147980598404,0.21827891352835527,0.3240877705471018,0.12399075191267717,0.36173108561307327,0.27804633538656115,0.1782114223235662,0.4131258318071735,0.3571213450213186,0.346844704825832,0.18442707833481894,0.3200796699051449,0.2012667716563469,0.10721602020307204
0.2136641313994315,0.1767976377231017,0.0,0.0,0.2715688743498762,0.18856754745355028,0.0,0.4109176756168977,0.41131677634963837,0.2141284553918157,0.5758196847591289,0.3701169307559907,0.0,0.0,0.4938587286401662,0.0,0.18252967981014553,0.09503403629169185,0.5880308485438532,0.2890835640908319,0.2763045621341866,0.34494514725469766,0.5766945089138036,0.28530950669314664,0.036084293755436855,0.31883375471223374,0.3374708162505806,0.0,0.02701540005641539,0.231403411785842,0.0,0.0,0.0,0.0,0.0,0.0,0.0,0.01921622411524004,0.11586095545768545,0.0,0.0,0.0,0.0,0.0,0.09613017767219768,0.0312914240405028,0.22845353435303895,0.5307784743501748,0.0,0.281036248158417,0.1749702002945926,0.19543247142112916,0.43667649712160567,0.3977842532867168,0.29578827639255334,0.5379511378505594,0.3152934104168318,0.16081307731931957,0.0,0.4993548807012609,0.2915927840813843,0.2526980513732044,0.22432056583892881,0.5055208004736913,0.4098554833841569,0.22777324206885488,0.4178413562476972,0.517652248111969,0.3761737181698997,0.21079495697840703,0.3266347759289035,0.33475375361698406,0.11205944368515551,0.2472111188176132,0.2652154915693019,0.21526439607880843
0.0,0.0,0.0,0.0,0.0,0.0,0.18321212310364493,0.0,0.0,0.0,0.0,0.0,0.15789425260314213,0.21572595414142218,0.0,0.21076601245730084,0.0,0.0,0.0,0.0,0.0,0.0,0.0,0.0,0.0,0.0,0.0,0.2705596923291381,0.004208317129897424,0.0,0.24203906699291458,0.11286033739036386,0.0728926603161345,0.18341492708137347,0.336376473512081,0.32136693525667176,0.30361369706679814,0.0,0.0,0.10503986102946547,0.2916282578315992,0.14969351315512786,0.12182447401738447,0.0,0.0,0.11396826562871278,0.0,0.0,0.1983608232576523,0.0,0.0,0.0,0.0,0.0,0.0,0.0,0.0,0.0,0.11025860212914543,0.0,0.0,0.0,0.0,0.0,0.0,0.0,0.0,0.0,0.0,0.0,0.0,0.0,0.0,0.0,0.0,0.0
0.16449513251193493,0.24048172600915593,0.2715688743498762,0.0,0.0,0.2605145175283842,0.3612830140067079,0.18958143811355047,0.5711304504442796,0.21581920846648936,0.43631420945183574,0.3669203165340201,0.21732337270184443,0.14707925868966878,0.325814954160406,0.0857617656250763,0.27743630416229026,0.17389244414689628,0.3703894197076062,0.3848407207007453,0.12636409129881582,0.32567459491654893,0.3245248701793448,0.17934766081541154,0.08752677265200562,0.15366017427670606,0.33903079405893727,0.0,0.11222908585743074,0.2740055029876482,0.14716703964619304,0.08372002683108351,0.0,0.09071266157238572,0.0,0.0,0.0,0.1700326089948011,0.05807565437027563,0.0,0.0,0.059051669401925154,0.1478696322212106,0.0,0.18678624721971393,0.11845856534061677,0.17171178702928014,0.35577940022241605,0.0,0.48247270474061976,0.04704975522504262,0.18411692936172327,0.28373595675235724,0.4875926453996437,0.17155094431697024,0.4482198950169636,0.381726917467969,0.3476724087191027,0.23128329767264866,0.397261232244048,0.18137917254448035,0.21881854593277725,0.22844344471792272,0.3107514553813307,0.35096405229893046,0.07232602117046229,0.2887397157615703,0.38186785673925494,0.1535231436847016,0.09878982630473743,0.14771228799599695,0.3215760076874256,0.21248268996599073,0.1273884582170448,0.10562679899795603,0.0
0.02525954459582382,0.3799218340212621,0.18856754745355028,0.0,0.2605145175283842,0.0,0.22986121844860394,0.22759547259350796,0.35303517210055996,0.19352721260266695,0.21835646992271543,0.27667678773307,0.2426907819670227,0.0,0.11249975929374874,0.0,0.19802490869042258,0.18248032595829725,0.2473337000423643,0.12191432357639291,0.06481840954833692,0.07245725013582303,0.2622195624394855,0.06982279735315937,0.2542145955951956,0.19741444874837022,0.334287396850737,0.0,0.39149313545708886,0.1023236189404804,0.0,0.0,0.0,0.0,0.0,0.0,0.0,0.0,0.0,0.0,0.0,0.0,0.0,0.0,0.01977230315081766,0.0,0.3038403397859398,0.16110834910103525,0.0,0.18459950575163867,0.4992068424936045,0.10427629667442152,0.20572995985990003,0.349499866649581,0.14073152826009416,0.21372348933359941,0.1459008559868158,0.28087813846564424,0.0,0.17072804519218418,0.14314237798261062,0.19556983108773943,0.15049513126681488,0.19863500553641603,0.15337557227668847,0.06363433139247564,0.12364208356013619,0.3095214162648352,0.050079949535862055,0.20217627534063914,0.025630672135819207,0.36052272713121825,0.04811470979797289,0.25218483450744605,0.1106971519599995,0.03932619375687966
0.17711180243053048,0.20078929242190321,0.0,0.18321212310364493,0.3612830140067079,0.22986121844860394,0.0,0.0,0.1930961696903385,0.07289217308094519,0.04763820516155901,-0.007691212861209125,0.3364019186448956,0.12520683970100863,0.025036189558828744,0.2353678119227876,0.046376261442298776,0.13710704840450869,0.04376368485984708,0.13169799936479315,0.014213917934725801,0.052953174975855756,0.0,0.0,0.16467923593015027,0.06143042667397265,0.12942934502290737,0.11610414229493257,0.3184408738989005,0.21037934252623744,0.20265813565543456,0.091401458732805,0.027931906544942275,0.15888852923688146,0.24162854216374144,0.08343070219943868,0.0,0.10721264984150451,0.0,0.0006838737524424063,0.0,0.16896360620294024,0.09388346146946332,0.0,0.11217642118878353,0.17238896383200564,0.14238741908613556,0.014102368345740121,0.0,0.17569565336660484,0.11388536065680999,0.18403234092640303,0.023180035786290083,0.123189024753963,0.0,0.09263732531526284,0.015405732553269018,0.25663668420797725,0.03198155775331855,0.09628586318263149,0.0,0.015630073580970905,0.045742032363513443,0.0,0.014505932878985642,0.05354112230068151,0.0,0.08417827355539725,0.0,0.04976401373316034,0.0,0.1218050026073616,0.05736214280806766,0.12498645094489688,0.0,0.0
0.11543349072911525,0.14050995504320513,0.4109176756168977,0.0,0.18958143811355047,0.22759547259350796,0.0,0.0,0.2818800240454421,0.06807468262356169,0.3923739199664723,0.34484448350098973,0.0,0.07699517138317476,0.2607615859825341,0.0,0.0815264013781763,0.029889894029528852,0.33627501425807926,0.21174394788938175,0.22715897169167493,0.19407776001445026,0.3478113405575523,0.2899034144887326,0.0,0.22675755621280225,0.11590816206003332,0.006282713455601512,0.0,0.23623492261715556,0.0392307839777403,0.007202881618520453,0.0,0.1016839153224226,0.0,0.031078886876945103,0.0,0.0,0.0,0.0,0.0,0.07347928824222559,0.09696472038998752,0.0,0.009392330775215181,0.008515894048058458,0.19456967699966785,0.3239679491993484,0.0,0.1165842124474209,0.21200453143865758,0.06790456167614795,0.5014544080972192,0.2895341074239571,0.14432976502702272,0.3499680469438797,0.37882171351418603,0.1511869368010675,0.10951334611476915,0.22860735185008876,0.09895207647690749,0.20177024291170398,0.09065216982856905,0.3639356745880326,0.26361171556446367,0.15554894375649428,0.25441872538921373,0.24690469265138795,0.25237994634500144,0.09777163934806146,0.24639350438368726,0.11257126301741517,0.1527010475855448,0.012830654487458645,0.14046762400728016,0.0
0.13335051766197425,0.31249132592486306,0.41131677634963837,0.0,0.5711304504442796,0.35303517210055996,0.1930961696903385,0.2818800240454421,0.0,0.2661524472292167,0.5310042170116365,0.42207592067915917,0.1599927172364492,0.029610077846299904,0.4297327934642475,0.0,0.2961939406724967,0.18468656663607705,0.4931148957140003,0.4446336790226458,0.2013513014505358,0.38441045588555983,0.48399653844154683,0.25508743169270653,0.12768341281369489,0.23746700411882343,0.444914447037744,0.0,0.09596018418052614,0.28350823306578005,0.0,0.0,0.0,0.0,0.0,0.0,0.0,0.14965436842497754,0.09498500645537539,0.0,0.0,0.0,0.03908286520746669,0.0,0.18108431194693428,0.03350578010260384,0.20554829513787484,0.47801674503275365,0.0,0.529705044428785,0.15691261480245608,0.24968831964912142,0.3290444390699602,0.6000071863431005,0.2598720792098606,0.5517860828122028,0.4038775808044805,0.3238350702960679,0.11943253268660138,0.48458683853838497,0.23969220474258682,0.29555647978447774,0.2697051347588634,0.461928249199261,0.4552887308901677,0.08526074749723782,0.38790999003452975,0.5107077270489713,0.24584487731108337,0.16358556934014945,0.18780498983410096,0.42216748448386987,0.26837207274547065,0.21457683703802313,0.24605707281578285,0.12556895647871985
0.29208963730750503,0.32069550644151285,0.2141284553918157,0.0,0.21581920846648936,0.19352721260266695,0.07289217308094519,0.06807468262356169,0.2661524472292167,0.0,0.2557680917448683,0.34240398038069836,0.2052680628788712,0.0,0.23490205229446726,0.0,0.42606974998282793,0.312848959034537,0.25889222578807125,0.16496873492426906,0.15290497634358638,0.21318092917572282,0.3065159300119433,0.25412886234846127,0.4058816138636302,0.26976961699941543,0.27675491526793317,0.04735997065331336,0.25870940100150286,0.23936378153779736,0.0,0.0,0.0,0.0,0.0,0.0,0.0,0.19669321933538408,0.075943362754437,0.0,0.0,0.0,0.0,0.007568938652121927,0.16315465863015752,0.19143446903464503,0.1698477338584293,0.1785104130988569,0.0,0.1766239682540363,0.10050236203203596,0.1956548895159606,0.0629283120265964,0.17952174460640327,0.4431730165587593,0.20517925876319063,0.27690469492346265,0.2424265821950236,0.03155427702810033,0.29129826410383214,0.3339137497722698,0.3253895047163437,0.3452235230338606,0.1454272861576668,0.24620084079403792,0.2123575048934839,0.25101136550498565,0.33089003637166114,0.35546934541417136,0.34853166905575095,0.23776913947250036,0.25625496101509987,0.11353641221888044,0.353787025942939,0.2470175804855095,0.2764936926926232
0.1832216307356718,0.2618380182926794,0.5758196847591289,0.0,0.43631420945183574,0.21835646992271543,0.04763820516155901,0.3923739199664723,0.5310042170116365,0.2557680917448683,0.0,0.43444345502888443,0.01824711848657302,0.0,0.5284345786555243,0.0,0.2634983406616494,0.12354134897593042,0.5819500310791506,0.38826833251402504,0.29074164501989963,0.40158958219235297,0.5677645601842659,0.3181616129136257,0.09287217087165192,0.31568682260706016,0.3976341808096345,0.0,0.05584784283495987,0.24802464985247988,0.0,0.0,0.0,0.0,0.0,0.0,0.0,0.09342611969797951,0.19121710464402117,0.0,0.0,0.0,0.007837361164695897,0.0,0.18518882400666564,0.0,0.24131599473782334,0.5270980172383964,0.0,0.40966708749747377,0.12280387591826222,0.23086233290318364,0.45350884449427237,0.4544309540423141,0.33438224359602586,0.6293115016978891,0.398323967546717,0.2302314592008967,0.09122460533153896,0.5467031765292523,0.2784794107939874,0.32359539003883975,0.26923995868105344,0.5190322613073912,0.47591133429064664,0.17888975441266527,0.45129828353947804,0.5559735290267984,0.3494667555120218,0.22109794540137936,0.2969370976796707,0.3717191312198199,0.16609826196205105,0.23856099971354694,0.2667376749533184,0.21889403250811057
0.16217720501218158,0.3542358915245896,0.3701169307559907,0.0,0.3669203165340201,0.27667678773307,-0.007691212861209125,0.34484448350098973,0.42207592067915917,0.34240398038069836,0.43444345502888443,0.0,0.12752563810794154,0.0,0.37202122756187694,0.0,0.39158183880698255,0.3207881282793702,0.37771618341378577,0.3617420816108987,0.25178728826174673,0.3839378878308277,0.4245943050913859,0.4630851996404289,0.28032441257464735,0.37527855308540015,0.3542808244240959,0.015190370327463502,0.09400885143586804,0.2944543584190475,0.0,0.0,0.0,0.0,0.0,0.0,0.0,0.10285434773747615,0.15374259125021025,0.0,0.0,0.0,0.07204388422250728,0.06699350837615498,0.11098616827587562,0.06757918563261549,0.27784947716722835,0.33940660578269827,0.0,0.2525962941485248,0.16145771355187818,0.15333143951929454,0.3187352153448502,0.4132101546886755,0.44123760223556696,0.3701744463913811,0.5014616125607263,0.27681199016930824,0.0459578177546943,0.39631306584550186,0.4073092600009014,0.41376563585613835,0.4071011785252051,0.3580908978366764,0.4428047256724171,0.18870911477020125,0.43196462979682665,0.36310510808974866,0.4140545212254593,0.30656679925403835,0.3441701242995631,0.3575070206759867,0.3109890504745515,0.2240570760790814,0.25807100690313794,0.20932023218082935
0.0831830589818331,0.2588889680318638,0.0,0.15789425260314213,0.21732337270184443,0.2426907819670227,0.3364019186448956,0.0,0.1599927172364492,0.2052680628788712,0.01824711848657302,0.12752563810794154,0.0,0.0,0.0,0.08422000340470508,0.23294633752317365,0.2698136894512464,0.0,0.05674797522362379,0.0,0.026145210757248058,0.014878261418810273,0.0,0.27431255418507045,0.1020808710325765,0.1152961839399176,0.39634368301987366,0.2573605891505147,0.2000514836667689,0.0,0.0,0.02156839373915258,0.0,0.053793224599039687,0.1291926217713739,0.08727590103560012,0.1299568931182396,0.011462746450203901,0.0,0.0,0.0,0.07768262781691995,0.0,0.00607480178655768,0.0475262214390597,0.0005452647522491193,0.0,0.041825962672433,0.16222821531060497,0.14497895703719282,0.26494312345431675,0.0,0.11876744729809821,0.08076864582111064,-0.012467976603404495,0.016699487497005627,0.2760402151886616,0.0,0.07599135635884423,0.07139977098518609,0.11064692166819277,0.12471238376774334,0.0,0.05015369871917906,0.0,0.02962793771245131,0.08540225020392449,0.0,0.03889359843765472,0.0,0.12281445895676225,0.19920955992976613,0.17343873686250866,0.11650500602312107,0.026556505063327542
0.0,0.0,0.0,0.21572595414142218,0.14707925868966878,0.0,0.12520683970100863,0.07699517138317476,0.029610077846299904,0.0,0.0,0.0,0.0,0.0,0.0,0.07920143035063616,0.0,0.0,0.0,0.0,0.0,0.0,0.0,0.0,0.0,0.0,0.0,0.04205609116598009,0.0,0.0,0.20266225137937857,0.06161887298792652,0.029133751997526637,0.21009378105053972,0.15362434984068774,0.16672057768839635,0.06702351396224131,0.12657922337375055,0.0,0.13752691095899164,0.1532432415268005,0.09326972644365562,0.19036897047608492,0.0,0.1145880701949319,0.035292803022717166,0.0,0.0,0.18950693103472185,0.02289215878013669,0.0,0.0,0.08286113046591982,0.0,0.0,0.0048477022421889214,0.018371645283078764,0.0,0.36528854426164675,0.0,0.0,0.0,0.0,0.0,0.0,0.0,0.0,0.0,0.0,0.0,0.0,0.0,0.0,0.0,0.0,0.0
0.32047182554832115,0.28647977817780884,0.4938587286401662,0.0,0.325814954160406,0.11249975929374874,0.025036189558828744,0.2607615859825341,0.4297327934642475,0.23490205229446726,0.5284345786555243,0.37202122756187694,0.0,0.0,0.0,0.0,0.19913699070167212,0.148125588918383,0.5611970066556037,0.4915878958707795,0.4879876655995591,0.5595607367133648,0.5479196254785661,0.28964904336468283,0.1291802173286137,0.4365665575298902,0.3885777671084093,0.0,0.04829140875393518,0.354177816300582,0.0,0.06369136720911056,0.0,0.0,0.0,0.0,0.0,0.08399798758137317,0.33826751925516196,0.0,0.0,0.0,0.0,0.0,0.15065904289714982,0.09992699106496578,0.28146300826230913,0.4242075010424106,0.0,0.3630941668585826,0.06753921158803908,0.2823269652108205,0.32398578491055824,0.36107840793724444,0.36048786831663554,0.49626913395473676,0.3903516239638209,0.23486076238943387,0.0,0.6375710670502226,0.4011258542317545,0.3295305971683091,0.3010562226579805,0.4142009989346634,0.5500783328912735,0.30589403370475,0.5851987111318282,0.5045648038412586,0.3732577395470221,0.3134119965525255,0.43387638115210025,0.3814379558656864,0.2706317898270032,0.3435539084424134,0.363744237542693,0.27345357600464265
0.2720285625669253,0.1561849182271165,0.0,0.21076601245730084,0.0857617656250763,0.0,0.2353678119227876,0.0,0.0,0.0,0.0,0.0,0.08422000340470508,0.07920143035063616,0.0,0.0,0.0,0.293815994153238,0.0,0.18615900181927453,0.025716458751673443,0.1620037276082694,0.0,0.014998786870820324,0.16922965514264743,0.1409266979613026,0.0,0.15205518960441208,0.21569416269190167,0.22493814059330963,0.5276815680289237,0.42239076543283594,0.23163377468659538,0.39553053521588744,0.32531826735484626,0.0,0.04116042199966602,0.05634441750962043,0.05265036650570525,0.1687198362010425,0.2444070102345486,0.2124253457225419,0.0726638577273662,0.0,0.0,0.31303209420972616,0.1085297648544331,0.0,0.07634647738246948,0.0,0.0,0.0,0.0,0.0,0.0,0.0,0.06376979467809903,0.0,0.0,0.0,0.0,0.0,0.0,0.0,0.03480652081085147,0.00811490061824514,0.06795643158801352,0.0,0.0,0.08001941812003749,0.12570612252706612,0.0,0.12547036004049203,0.0,0.0,0.0
0.13807580779651996,0.2566969888611242,0.18252967981014553,0.0,0.27743630416229026,0.19802490869042258,0.046376261442298776,0.0815264013781763,0.2961939406724967,0.42606974998282793,0.2634983406616494,0.39158183880698255,0.23294633752317365,0.0,0.19913699070167212,0.0,0.0,0.4993790086762689,0.2702810251425014,0.1366013255242955,0.045283534470541835,0.1526340102011276,0.3193520144534667,0.2902975871137626,0.33042647125188285,0.2072436454527296,0.17408905347998396,0.0,0.16466666270184957,0.1186385704965587,0.0,0.0,0.012558288203815111,0.0,0.0,0.0,0.0,0.3916928203459528,0.220068095326164,0.0,0.0,0.0,0.14527773206938718,0.15333367258408642,0.2682849883627108,0.053770416310204266,0.005334485999565358,0.1817974860876258,0.0,0.21619885193755214,0.08039808992059244,0.1061364092573124,0.06275451750213117,0.15943373919000403,0.41565051683013843,0.22885817806506845,0.20966198891338386,0.32427704604882984,0.09409650832120116,0.24178404163731904,0.3558940027686984,0.4093902783311387,0.4273623490566055,0.17263671283979137,0.21302366111918708,0.015401364632407741,0.19204162562206226,0.34918086484622524,0.37127441447196924,0.19304969860673318,0.13700713460416009,0.1164880609247741,0.20455947916965475,0.2395223077574174,0.25457055404109447,0.3666808384346982
0.24207826097490226,0.37004038897939273,0.09503403629169185,0.0,0.17389244414689628,0.18248032595829725,0.13710704840450869,0.029889894029528852,0.18468656663607705,0.312848959034537,0.12354134897593042,0.3207881282793702,0.2698136894512464,0.0,0.148125588918383,0.293815994153238,0.4993790086762689,0.0,0.1617209354789315,0.18634224611659717,0.09520391302344378,0.1878522801978973,0.1907720521924849,0.24326059944364545,0.4659656771671193,0.29664789861655694,0.09239104788981004,0.1567001475028208,0.3033001344127035,0.24348412328028607,0.11980689125896433,0.04551716757706747,0.13475024846096492,0.0,0.0,0.0,0.0,0.2958932504425296,0.2839029974971165,0.0,0.0,0.0,0.08409360131919195,0.10202753741796233,0.18913707255826578,0.20853090507054575,0.11426292255434291,0.09365517978124521,0.010032245125222833,0.09968364206267664,0.11633754574029502,0.1310074541127108,0.009218226030310273,0.09623945215166398,0.3039270272239315,0.06858024881127717,0.18742332778084062,0.256087729348421,0.0,0.17988855121695776,0.3663794211319603,0.3475880364976228,0.41713090694123617,0.07712132092458436,0.1858809105345657,0.04582717855003407,0.2126127689814479,0.15833582669963156,0.25074015642729786,0.2923377989682568,0.21735528731755632,0.06662223526492651,0.28343777506451057,0.20921362848959843,0.23192381048584557,0.22152416256829766
0.22957151144512228,0.2777925375036504,0.5880308485438532,0.0,0.3703894197076062,0.2473337000423643,0.04376368485984708,0.33627501425807926,0.4931148957140003,0.25889222578807125,0.5819500310791506,0.37771618341378577,0.0,0.0,0.5611970066556037,0.0,0.2702810251425014,0.1617209354789315,0.0,0.3731309270120887,0.32695420821251886,0.44104126057222076,0.5996272844855103,0.26578857258873095,0.08839430752645329,0.37158001408050395,0.4176010356782252,0.0,0.09961760344333034,0.25602561673564184,0.0,0.0,0.0,0.0,0.0,0.0,0.0,0.09656324708919545,0.2514015277005129,0.0,0.0,0.0,0.0,0.0,0.17731038255520115,0.007294416783993124,0.2824375055962456,0.530519775904571,0.0,0.3875028287000889,0.15321111491759257,0.23420562921537724,0.3923762842269155,0.4166203411615234,0.3355760372199174,0.5668013114545241,0.3434940094023346,0.24049721298067656,0.0,0.567169052419829,0.36769529100880943,0.31952532398687383,0.2845971368761525,0.524788464904277,0.4777870733898647,0.20724653615257033,0.49837140731234014,0.5622607519850538,0.3653460179267411,0.26750556934386915,0.34819487385552894,0.4119228658472403,0.16027079873495875,0.3403169650007193,0.3130424158346575,0.27084067883195717
0.2666718077300428,0.2991818569674027,0.2890835640908319,0.0,0.3848407207007453,0.12191432357639291,0.13169799936479315,0.21174394788938175,0.4446336790226458,0.16496873492426906,0.38826833251402504,0.3617420816108987,0.05674797522362379,0.0,0.4915878958707795,0.18615900181927453,0.1366013255242955,0.18634224611659717,0.3731309270120887,0.0,0.4368638457601318,0.6097888022257263,0.34305435049131777,0.2634100949080038,0.13988204160085946,0.3836007869085093,0.43723495979262444,0.03341976106303013,0.04786945922619214,0.42624004392672976,0.2319595152216834,0.2955495328867256,0.0,0.11160363663878368,0.0,0.0,0.0,0.06820171586679115,0.2647937789921566,0.0,0.0,0.030815670267645697,0.0,0.0,0.08378904055928162,0.18038356298036728,0.29064506871836177,0.3857961649571447,0.0,0.2812359945886249,0.0,0.23046745397137663,0.28437644736255696,0.42632219309498065,0.19405447319387703,0.358468845290203,0.42034593948250853,0.13934252779183603,0.0,0.5064173536195256,0.29168353796693514,0.18835580380910416,0.2069895543595089,0.37914582117723117,0.5983293725260581,0.24992205145934418,0.5513946455494877,0.30565275895178146,0.19036652558641792,0.25385519646084315,0.3655867534499771,0.44295814620259827,0.29940729437989155,0.233715296219085,0.22630815473945115,0.03472196062591955
0.3936248792992514,0.26834095369926086,0.2763045621341866,0.0,0.12636409129881582,0.06481840954833692,0.014213917934725801,0.22715897169167493,0.2013513014505358,0.15290497634358638,0.29074164501989963,0.25178728826174673,0.0,0.0,0.4879876655995591,0.025716458751673443,0.045283534470541835,0.09520391302344378,0.32695420821251886,0.4368638457601318,0.0,0.4745311504834052,0.37570420233077684,0.32138053591587806,0.2199704459899566,0.4582135617676888,0.29605053217443655,0.014447072250254944,0.16948785730065527,0.3731961226033011,0.019185093076134224,0.1306209649749956,0.0,0.0,0.0,0.0,0.0,0.0,0.23322739423904096,0.0,0.0,0.02138911710014322,-0.006111908145009836,0.0,0.07376761080878971,0.23420238804536261,0.3325125023333383,0.21393244646492038,0.0,0.15503216476964096,0.060585424019412686,0.2297828591123444,0.2503119090292965,0.18403443196263894,0.27266508337091616,0.24435329348321733,0.30706766791927154,0.11992841061366091,0.0,0.4402224169153811,0.3206129866715035,0.2622222764689633,0.28467015242713306,0.20192816514148323,0.43929618778305346,0.47281677851788984,0.4743992442153939,0.297687807018111,0.32547803703493705,0.3983214324129463,0.4662589278730136,0.28771588555040284,0.25031369476778076,0.3701537740243985,0.31170638461710737,0.1887523274175132
0.302482071325387,0.3564592658963029,0.34494514725469766,0.0,0.32567459491654893,0.07245725013582303,0.052953174975855756,0.19407776001445026,0.38441045588555983,0.21318092917572282,0.40158958219235297,0.3839378878308277,0.026145210757248058,0.0,0.5595607367133648,0.1620037276082694,0.1526340102011276,0.1878522801978973,0.44104126057222076,0.6097888022257263,0.4745311504834052,0.0,0.38800655917707744,0.2937672925892377,0.17294966006702964,0.4728476439933591,0.459940251869781,0.0,0.07671004855329777,0.40682080341693017,0.1441943484467179,0.270316471635715,0.0,0.027930802891556274,0.0,0.0,0.0,0.05739322258072085,0.33887744371614953,0.0,0.0,0.0,0.0,0.0,0.07729733197479018,0.14298334673909263,0.3479441991836846,0.3837237479638253,0.0,0.2545232528700867,0.0,0.22750179543844978,0.27785900205510566,0.36188072792899795,0.2704232570197486,0.35869614690636503,0.4208281952588326,0.11099894761061134,0.0,0.5616888008778164,0.3856177977748059,0.2222898774678859,0.24304049207117287,0.40397269819268045,0.5944020290228901,0.2666793332335242,0.6251305571259282,0.3331964444922841,0.261169479678729,0.3224824947814227,0.4442105414181653,0.45239996948866756,0.2757225239864063,0.2947043818660912,0.3003220198037563,0.11623918050570191
0.21579391718345725,0.3279411265817507,0.5766945089138036,0.0,0.3245248701793448,0.2622195624394855,0.0,0.3478113405575523,0.48399653844154683,0.3065159300119433,0.5677645601842659,0.4245943050913859,0.014878261418810273,0.0,0.5479196254785661,0.0,0.3193520144534667,0.1907720521924849,0.5996272844855103,0.34305435049131777,0.37570420233077684,0.38800655917707744,0.0,0.3474578019415743,0.17674003881784658,0.4163207073407853,0.4162750560626159,0.0,0.1556782096070417,0.28932856623227676,0.0,0.0,0.0,0.0,0.0,0.0,0.0,0.08258902398985167,0.2588207123187814,0.0,0.0,0.0,0.0,0.0,0.1781164351103738,0.0,0.29568554862275387,0.46898533031630657,0.0,0.4018863180074292,0.24507797845945467,0.2837398561331253,0.3779069330661659,0.43234324601492746,0.4081231206110794,0.5600498074290613,0.34394997940377137,0.3010965142335156,0.0,0.5442738711630072,0.424933946549694,0.37754085129237974,0.37181761943561886,0.4640711045879921,0.478039318363958,0.24452060069506518,0.4775198749660632,0.6086837833345862,0.43607666647719684,0.3366274469220207,0.3686911705146416,0.41612476365374157,0.22160196582084124,0.41375141426073453,0.3804232512456527,0.3763291359309862
0.23410943155021724,0.2271221396414095,0.28530950669314664,0.0,0.17934766081541154,0.06982279735315937,0.0,0.2899034144887326,0.25508743169270653,0.25412886234846127,0.3181616129136257,0.4630851996404289,0.0,0.0,0.28964904336468283,0.014998786870820324,0.2902975871137626,0.24326059944364545,0.26578857258873095,0.2634100949080038,0.32138053591587806,0.2937672925892377,0.3474578019415743,0.0,0.24093914815797,0.3802953584462835,0.17658454410284363,0.0,0.0,0.2561409023169307,0.02547423240502808,0.02069312797177629,0.053449507716052266,0.0,0.0,0.0,0.0,0.10944785329186414,0.18335706107102945,0.0,0.0,0.0,0.04486065864162807,0.03033072635761593,0.1552677920488225,0.13272219090440643,0.1782505259313379,0.2622048536993797,0.0,0.1421972883526222,0.023629720997860842,0.08227947024014516,0.2794235020633365,0.23129015086911064,0.3418874850188322,0.2909742247012312,0.4185306645933255,0.08195828147837596,0.12473196698280502,0.288787190036262,0.32530245775399685,0.3283980172917515,0.3570568618909223,0.2599011872925351,0.2960369427529298,0.23295713589175415,0.31910239087451653,0.3021101051553357,0.5082002298633054,0.301050314628718,0.3889677776824324,0.15305452445317638,0.22928770989676678,0.12425741760482945,0.25213868458857,0.24562196881068282
0.32560020863663186,0.4728891854610459,0.036084293755436855,0.0,0.08752677265200562,0.2542145955951956,0.16467923593015027,0.0,0.12768341281369489,0.4058816138636302,0.09287217087165192,0.28032441257464735,0.27431255418507045,0.0,0.1291802173286137,0.16922965514264743,0.33042647125188285,0.4659656771671193,0.08839430752645329,0.13988204160085946,0.2199704459899566,0.17294966006702964,0.17674003881784658,0.24093914815797,0.0,0.37449075055235037,0.2081978815971808,0.13541077790228392,0.45116234661876486,0.24547176435119303,0.0,0.0,0.011236283135205458,0.0,0.0,0.0,0.0,0.14727227508583413,0.14324128347073956,0.0,0.0,0.0,0.0,0.03575761682802262,0.14235733866641107,0.2513893786886287,0.30101985455010905,0.0,0.0,0.021971361910482642,0.19359970979269586,0.16840461063973272,0.0,0.05639486462833806,0.3288958192166428,0.029378931449461885,0.14902001512270707,0.16775332894313635,0.0,0.17095722229424729,0.3322990125781405,0.2906937226251532,0.3647037646651075,0.0,0.1435314671187031,0.23391722988812988,0.17798333104767788,0.1594791700398214,0.230044843650177,0.47658001080883444,0.3006428072987529,0.16137498913966347,0.10394654506847291,0.3381884730993726,0.16987552186173774,0.1984444578246706
0.3571790378143764,0.5065216051145752,0.31883375471223374,0.0,0.15366017427670606,0.19741444874837022,0.06143042667397265,0.22675755621280225,0.23746700411882343,0.26976961699941543,0.31568682260706016,0.37527855308540015,0.1020808710325765,0.0,0.4365665575298902,0.1409266979613026,0.2072436454527296,0.29664789861655694,0.37158001408050395,0.3836007869085093,0.4582135617676888,0.4728476439933591,0.4163207073407853,0.3802953584462835,0.37449075055235037,0.0,0.33812254673407116,0.058082779361807196,0.2744329239996852,0.3976329154568492,0.0,0.12517909227464222,0.058048652797198244,0.0,0.0,0.0,0.0,0.027739621948604347,0.31010913262145856,0.0,0.0,0.0,0.0,0.0,0.07372213007880454,0.17657503461989185,0.4621138136696837,0.2558509026488256,0.0,0.11961173134073066,0.15434680843837273,0.22372751741613245,0.2349414503791834,0.2516099587536915,0.31339369956469615,0.2850304847680122,0.3250541129234782,0.14121749229759742,0.0,0.4243199260431486,0.44153330961323983,0.26508733999779666,0.31375237836028086,0.288855756461395,0.4239587010662546,0.29871789950838684,0.495354268100284,0.3174468782333433,0.3258155510770971,0.47678649751712016,0.5523410306251387,0.3435707504033044,0.23244921829828183,0.34112407173281395,0.2792969854585272,0.15098425124440018
0.17620954917671486,0.3464918776062445,0.3374708162505806,0.0,0.33903079405893727,0.334287396850737,0.12942934502290737,0.11590816206003332,0.444914447037744,0.27675491526793317,0.3976341808096345,0.3542808244240959,0.1152961839399176,0.0,0.3885777671084093,0.0,0.17408905347998396,0.09239104788981004,0.4176010356782252,0.43723495979262444,0.29605053217443655,0.459940251869781,0.4162750560626159,0.17658454410284363,0.2081978815971808,0.33812254673407116,0.0,0.0,0.23895120301934958,0.24593693143961473,0.0,0.0335645669617801,0.0,0.0,0.0,0.0,0.0,0.0,0.14609245979841234,0.0,0.0,0.0,0.0,0.0,0.04548089420142693,0.0470542550841271,0.3341295555134642,0.33623087894652537,0.0,0.3200547624006393,0.15888287587818045,0.3065334860706347,0.17380374597817297,0.4667441818289156,0.2670750492436623,0.3663884308586351,0.30305701855611406,0.17420791278922115,0.0,0.42155409886994827,0.25903798957445207,0.1669244768102697,0.169747424281492,0.33507703380170384,0.4499590577172454,0.1638879236072446,0.43512665528319455,0.3858849390283524,0.17641788800123248,0.3002117608599616,0.21309636719789782,0.6060499223716006,0.15633559496175767,0.39857275133776127,0.22339751490382587,0.16352374967355757
0.1559809211692875,0.09495738881524347,0.0,0.2705596923291381,0.0,0.0,0.11610414229493257,0.006282713455601512,0.0,0.04735997065331336,0.0,0.015190370327463502,0.39634368301987366,0.04205609116598009,0.0,0.15205518960441208,0.0,0.1567001475028208,0.0,0.03341976106303013,0.014447072250254944,0.0,0.0,0.0,0.13541077790228392,0.058082779361807196,0.0,0.0,0.02006695546720169,0.26563788730373306,0.10632434969360693,0.027691823057420736,0.03198187424741359,0.02913225288187316,0.13329630795770314,0.19569944688818283,0.2215849205411101,0.06725100215959957,0.0,0.0,0.014754116106291683,0.05432636789099572,0.13212753106182024,0.0,0.0,0.2285542780833673,0.0,0.0,0.0,0.0,0.0,0.1967925956068354,0.0,0.0,0.0,0.0,0.02828795551384161,0.15000367321083152,0.007534686433961231,0.0,0.001997128003693258,0.010221710721501027,0.030257719031367,0.0,0.0,0.01996145380644462,0.0,0.0,0.0,0.015271560748352049,0.08240076527287996,0.0,0.3057214518469339,0.0,0.041958055297301726,0.0
0.29360665358096616,0.3824032551748725,0.02701540005641539,0.004208317129897424,0.11222908585743074,0.39149313545708886,0.3184408738989005,0.0,0.09596018418052614,0.25870940100150286,0.05584784283495987,0.09400885143586804,0.2573605891505147,0.0,0.04829140875393518,0.21569416269190167,0.16466666270184957,0.3033001344127035,0.09961760344333034,0.04786945922619214,0.16948785730065527,0.07671004855329777,0.1556782096070417,0.0,0.45116234661876486,0.2744329239996852,0.23895120301934958,0.02006695546720169,0.0,0.1776601654685604,0.041032420875421506,0.038014065959657645,0.03201270798378705,0.0,0.026640541123456346,0.0,0.0,0.0,0.03587148931583056,0.0,0.0,0.006962897889787025,0.0,0.0,0.013976658464252804,0.22434184248279077,0.3459632080383166,0.0,0.0,0.05471975654192322,0.3375881911498245,0.1978516521980842,0.0,0.08248179283353892,0.16743856042061042,0.0,0.01873765532850431,0.27291211443110386,0.0,0.11849133105886357,0.1879496541723923,0.18837704296957958,0.1926862850072936,0.0,0.043062866485743444,0.21499584092423926,0.08467560669950014,0.14792633856825835,0.03270914214114989,0.37973953081371714,0.16524337324502802,0.1998021884314985,0.03012187517667437,0.40849117076301916,0.08952564106184102,0.04960765498810628
0.39382365856871404,0.3249525141781872,0.231403411785842,0.0,0.2740055029876482,0.1023236189404804,0.21037934252623744,0.23623492261715556,0.28350823306578005,0.23936378153779736,0.24802464985247988,0.2944543584190475,0.2000514836667689,0.0,0.354177816300582,0.22493814059330963,0.1186385704965587,0.24348412328028607,0.25602561673564184,0.42624004392672976,0.3731961226033011,0.40682080341693017,0.28932856623227676,0.2561409023169307,0.24547176435119303,0.3976329154568492,0.24593693143961473,0.26563788730373306,0.1776601654685604,0.0,0.21160759065278936,0.22322113298778246,0.0,0.07083706145310172,0.0,0.0,0.0,0.0678428087400311,0.09968097611705459,0.0,0.0,0.14675928161028987,0.07291717657746692,0.0,0.03945749962700124,0.33585633293505646,0.2526733245720154,0.23492815304800801,0.0,0.18934718316844296,0.0,0.23250445889053042,0.20794762941543543,0.2565939333429529,0.19721902789109982,0.20115656432118476,0.34809390901121484,0.18091531952826717,0.0009425949463698975,0.38552255086963,0.2766292327497857,0.17231285926228523,0.21822631524464825,0.17500991504051766,0.3686618924962199,0.2853079840494081,0.3796862316383256,0.23682392654620282,0.24143197140855002,0.2698350908456386,0.40081845206675804,0.2627696757899124,0.33690816694237224,0.25708860879546985,0.2863511021696784,0.016676850218838093
0.22612062645032202,0.0,0.0,0.24203906699291458,0.14716703964619304,0.0,0.20265813565543456,0.0392307839777403,0.0,0.0,0.0,0.0,0.0,0.20266225137937857,0.0,0.5276815680289237,0.0,0.11980689125896433,0.0,0.2319595152216834,0.019185093076134224,0.1441943484467179,0.0,0.02547423240502808,0.0,0.0,0.0,0.10632434969360693,0.041032420875421506,0.21160759065278936,0.0,0.396585823413679,0.21326899270969957,0.5015351455106518,0.34074746035567666,0.02472915979773702,0.016241253989503233,0.09775642482705331,0.0,0.24654327804171966,0.253808279602724,0.2534780506198217,0.14270958794524743,0.0,0.0,0.3221598478969217,0.0363924027381241,0.043021994037405455,0.10242447905653546,0.0,0.0,0.0,0.0580157251534294,0.03221181719875088,0.0,0.0,0.14838332997433418,0.0,0.14725277114952873,0.0,0.0,0.0,0.0,0.0,0.02423371965475857,0.0445196607377777,0.0,0.0,0.0,0.0,0.09336082079955181,0.0,0.10562692500433891,0.0,0.0,0.0
0.0673433288285143,0.03110839972456057,0.0,0.11286033739036386,0.08372002683108351,0.0,0.091401458732805,0.007202881618520453,0.0,0.0,0.0,0.0,0.0,0.06161887298792652,0.06369136720911056,0.42239076543283594,0.0,0.04551716757706747,0.0,0.2955495328867256,0.1306209649749956,0.270316471635715,0.0,0.02069312797177629,0.0,0.12517909227464222,0.0335645669617801,0.027691823057420736,0.038014065959657645,0.22322113298778246,0.396585823413679,0.0,0.15085913038791735,0.2996768441425975,0.1738607476025441,0.0,0.0,0.0,0.2628523589889356,0.1838810817516405,0.21700724280873732,0.206803485895643,0.0,0.0,0.0,0.07416057020867678,0.14449875371215887,0.011549015050744472,0.14891858704984945,0.005739504442238366,0.0,0.05318750680193402,0.02964910729071643,0.01962120302370655,0.0,0.0,0.13299808443612418,0.0,0.0,0.05267222387386434,0.0,0.0,0.0,0.03855569489097219,0.16157481785945316,0.03447808345563525,0.14432331221683764,0.0,0.0,0.0,0.16204097824268418,0.04402251788104324,0.12765843382605196,0.0,0.0,0.0
0.010090507641852065,0.0,0.0,0.0728926603161345,0.0,0.0,0.027931906544942275,0.0,0.0,0.0,0.0,0.0,0.02156839373915258,0.029133751997526637,0.0,0.23163377468659538,0.012558288203815111,0.13475024846096492,0.0,0.0,0.0,0.0,0.0,0.053449507716052266,0.011236283135205458,0.058048652797198244,0.0,0.03198187424741359,0.03201270798378705,0.0,0.21326899270969957,0.15085913038791735,0.0,0.32063764057942057,0.19220277951625303,0.03228070075855646,0.037211919917825076,0.09614620383635115,-0.01364918867454131,0.38356742034934316,0.27537713102865125,0.1165119950556655,0.0,0.0,0.008399646077424331,0.04630134916806881,0.0,0.0,0.08837449081979727,0.0,0.0,0.0,0.0,0.0,0.0,0.0,0.0,0.0,0.0,0.0,0.006631424051510063,0.0,0.00012263656351918644,0.0,0.0,0.0,0.0,0.0,0.0,0.0,0.06778886756486607,0.0,0.0,0.0,0.0,0.0
0.06906045772167506,0.0,0.0,0.18341492708137347,0.09071266157238572,0.0,0.15888852923688146,0.1016839153224226,0.0,0.0,0.0,0.0,0.0,0.21009378105053972,0.0,0.39553053521588744,0.0,0.0,0.0,0.11160363663878368,0.0,0.027930802891556274,0.0,0.0,0.0,0.0,0.0,0.02913225288187316,0.0,0.07083706145310172,0.5015351455106518,0.2996768441425975,0.32063764057942057,0.0,0.3305498311397136,0.10427811419084611,0.05384005935754902,0.0,0.0,0.41773894461452316,0.2945162384292853,0.3023881047913123,0.10709414479577882,0.0,0.0,0.16253436141525934,0.0,0.0,0.05843702386391569,0.0,0.0,0.0,0.12005290052416084,0.0,0.0,0.0,0.10421100417119657,0.0,0.1199761617217013,0.0,0.0,0.0,0.0,0.0,0.0,0.0,0.0,0.0,0.0,0.0,0.013911115592243421,0.0,0.0462514042499053,0.0,0.0,0.0
0.07447497384752733,0.0,0.0,0.336376473512081,0.0,0.0,0.24162854216374144,0.0,0.0,0.0,0.0,0.0,0.053793224599039687,0.15362434984068774,0.0,0.32531826735484626,0.0,0.0,0.0,0.0,0.0,0.0,0.0,0.0,0.0,0.0,0.0,0.13329630795770314,0.026640541123456346,0.0,0.34074746035567666,0.1738607476025441,0.19220277951625303,0.3305498311397136,0.0,0.10105518613126684,0.034857546672718086,0.07970016582955496,0.0,0.2216862737283219,0.2535963448177815,0.20751864485945795,0.08052988951365835,0.0,0.0,0.12863708011141306,0.0,0.0,0.11815787457015907,0.0,0.0,0.0,0.0,0.0,0.0,0.0,0.0,0.0,0.0989628351113847,0.0,0.0,0.0,0.0,0.0,0.0,0.0,0.0,0.0,0.0,0.0,0.0,0.0,0.0,0.0,0.0,0.0
0.0,0.0,0.0,0.32136693525667176,0.0,0.0,0.08343070219943868,0.031078886876945103,0.0,0.0,0.0,0.0,0.1291926217713739,0.16672057768839635,0.0,0.0,0.0,0.0,0.0,0.0,0.0,0.0,0.0,0.0,0.0,0.0,0.0,0.19569944688818283,0.0,0.0,0.02472915979773702,0.0,0.03228070075855646,0.10427811419084611,0.10105518613126684,0.0,0.4929958161519641,0.0,0.0,0.11730354522603045,0.16827112863853333,0.03893261836209952,0.14117007995911404,0.0,0.0,0.0,0.0,0.0,0.17794699242008957,0.0,0.19235540216513775,0.0,0.0,0.0,0.0,0.0,0.0,0.0,0.0,0.0,0.0,0.0,0.0,0.0,0.0,0.0,0.0,0.0,0.0,0.0,0.0,0.0,0.0,0.0,0.0,0.0
