0.0,0.0,0.0,0.0,0.0,0.0,0.0,0.0,0.0,0.0,0.14274381570014666,0.0,0.0,0.0,0.0,0.0,0.08530154616594911,0.0,0.0,0.0,0.0,0.16757933951379383,0.0,0.0,0.4383958991782446,0.0,0.031133196824496816,0.0592322439351789,0.0,0.1013820340587269,0.0,0.0,0.1485894482066449,0.0,0.0,0.0,0.0,0.34759100558281925,0.0,0.0,0.27654457141132266,0.0,0.2476214149423982,0.13404607784716743,0.13698635451926006,0.1925283651579901,0.0,0.08494802199897991,0.0,0.2636945654030553,0.0,0.2554146328969588,0.0,0.13328931970905683,0.0,0.19480191335474636,0.0,0.11043003641527602,0.0,0.0,0.2145739974046327,0.0,0.1011659376151162,0.10386295802551065,0.03987257398007977,0.0,0.18213655568912712,0.0,0.0,0.07853844000246699,0.0,0.2943117704466575,0.21781492200085978,0.04277675341521407,0.1440445954821625,0.2819399888657062
0.0,0.0,0.09890477848358224,0.0740185206114469,0.39763663169725577,0.48627305029439705,0.0,0.46314202060019305,0.3171403692226799,0.36162896184157767,0.4946662391299842,0.5705458540873721,0.4902712669972371,0.0,0.13111050680930525,0.0,0.5297892642529771,0.07034524460504998,0.36644888482975485,0.40521396307398283,0.26512395562250207,0.0,0.2950932394495793,0.44673874094996124,0.027262813896251188,0.5868578925327751,0.04045358545333444,0.383579656763685,0.1493588469882261,0.3456873166822721,0.22827471188942644,0.038330692232637555,0.20260774030421852,0.5397681839241226,0.0,0.12285027112017632,0.05435899809153041,0.1256219286562216,0.2512177523800132,0.16971240089764528,0.15881867097905047,0.0,0.0,0.0,0.0,0.0,0.3220493889119198,0.38941401966171646,0.033861113568962195,0.3572178116572227,0.2459331428971721,0.21902012369071752,0.39392995799857894,0.49651918307778,0.44624452106463014,0.529763461993682,0.5030532756371637,0.312881357003449,0.4638508894054476,0.03208845487008458,0.0,0.39425017412574953,0.0,0.31382041461652066,0.33043969510952215,0.2014127628585381,0.2558051377845087,0.3235022348470096,0.03659646381765654,0.09571210353541158,0.23514936080393065,0.046194639284326634,0.20571291404331782,0.0,0.12612253202872817,0.0
0.0,0.09890477848358224,0.0,0.3307909505636934,0.5403532044254826,0.4192433919748763,0.07483042110580516,0.4516537670416013,0.33951000009115656,0.45394499640066627,0.25572960572397047,0.10462605922973835,0.4476675831994805,0.22569853373950963,0.05265349606430408,0.08675455892688799,0.09039752381041083,0.2094736448563951,0.41562498549692695,0.470196219059225,0.37451378984393063,0.0,0.5611292126426005,0.34307825079550675,0.0,0.17625270029174012,0.47075360019127555,0.5209710897522432,0.35189709720690215,0.5139137511133025,0.253236878866975,0.0,0.0,0.3341593136909461,0.0,0.5433919521734912,0.20508851710812281,0.16611147965481798,0.2829595932546347,0.0,0.0,0.2816124387807777,0.4354146350429959,0.0,0.0,0.3238666027011975,0.0,0.5425934201411636,0.2762244296310915,0.30751703148888104,0.10906394061032709,0.12972837193506948,0.4633020414200582,0.2511547802847657,0.11369397484684969,0.08067107908023036,0.25391801492269805,0.07715958421763396,0.0,0.09502724671645968,0.0,0.0,0.0,0.5599411797428829,0.4558802574916195,0.11556643798939757,0.0,0.5680517000923736,0.20160300876280943,0.0,0.0,0.3844510676786267,0.43639497257876436,0.0,0.30559335866801524,0.0
0.0,0.0740185206114469,0.3307909505636934,0.0,0.3374772832334039,0.17346006443584938,0.35979087931210446,0.2576328868737953,0.1346260206915886,0.057078464489835445,0.0,0.008829685295235059,0.2830548104568645,0.4426253822881629,0.04004469928934172,0.41687784359985425,0.0,0.0,0.33295993115815853,0.41346771400392934,0.25952659005798207,0.0,0.3548327801330931,0.2914652528083453,0.0,0.17536161323802157,0.24664845304216962,0.25812295919201855,0.19522669995358227,0.1754489198002174,0.40168701170937327,0.3338042644502267,0.2410645604034693,0.3813362325072802,0.3217060538772182,0.4500980164925996,0.3668268197840072,0.057870288924610394,0.3664308283578167,0.2976217710375399,0.11461514290919517,0.4281604822251022,0.15054795955323427,0.12795710160750987,0.0,0.050020815800874655,0.0,0.14314291965063403,0.355732105058533,0.051611627371760206,0.0,0.0,0.12300961910923741,0.1056729284742142,0.020210542721153853,0.0,0.22893305629149674,0.0,0.038478906072435225,0.2587740844166235,0.0,0.0,0.0,0.31992361944308484,0.39819124524255955,0.16326622447437397,0.0,0.23711009605957128,0.3398086403511223,0.0,0.0,0.32104949346872125,0.0,0.0,0.006561328322691989,0.0
0.0,0.39763663169725577,0.5403532044254826,0.3374772832334039,0.0,0.6011131444707112,0.1463328671501556,0.5828878606969262,0.4937821378864413,0.5728708893451614,0.44698679381265843,0.3684116116773228,0.631460448378286,0.12298807666815528,0.06306805906537843,0.0,0.3610196506201467,0.19841713318295426,0.44672429710896167,0.57048407246514,0.3532724430045185,0.0,0.5746862445704892,0.459332459299161,0.0,0.47812587693644726,0.37794379274032075,0.6135668128139495,0.3092620811871969,0.49090824825084706,0.1852626285397551,0.0,0.0,0.41793801602503905,0.0,0.5178524897650051,0.20100899037260692,0.14022662480311152,0.31726133927614814,0.039257495080897355,0.0832946932673357,0.1336107657624081,0.23424424897749602,0.0,0.0,0.04049600624833985,0.0,0.5840484998947884,0.3576374703761114,0.47142111929711683,0.21524803132511763,0.2858841713034989,0.5499651982429656,0.44453857298306887,0.21593751290808683,0.26672424238935827,0.4882388730574343,0.23936076619538602,0.21014767161279163,0.1065114486699344,0.0,0.17847080186966738,0.0,0.5464529983614417,0.4717921162044277,0.16957460253519144,0.03737428988057165,0.5267919333065721,0.258008608006914,0.0,0.0647879417384788,0.325836021948637,0.4582935568529559,0.0,0.42038397866905514,0.0
0.0,0.48627305029439705,0.4192433919748763,0.17346006443584938,0.6011131444707112,0.0,0.08835587158289357,0.6317097123239821,0.45647138056841513,0.6001296942661312,0.4721088566419386,0.4860881121756594,0.5742476732724028,0.0,0.14020684522238086,0.0,0.38652537493385625,0.27045991971193545,0.5406533070498158,0.5664726944852635,0.4448489051544559,0.0,0.6248696961236822,0.5181145982590599,0.0,0.4900181333667012,0.2463535074679518,0.5394742111828249,0.3733088303150049,0.4594065468582155,0.15453707224353996,0.0,0.0,0.46768563490431175,0.0,0.39750856692110087,0.21786924187379372,0.10014772783428179,0.35656083100237734,0.03919269821274311,0.0,0.0,0.07057449284499431,0.0,0.0,0.002291695545683323,0.170665725687846,0.5448114815350629,0.2756095405739556,0.37461561571473034,0.44076604098549954,0.2570932502150094,0.6600603861461514,0.3899081127392226,0.380933384749943,0.3099606327246776,0.47264925802677943,0.3651030303866878,0.28522040231856594,0.21092436091164463,0.0,0.3175315735557342,0.0,0.44289532302957657,0.36543686497640987,0.33329460600089844,0.006277859117712792,0.5654722479874658,0.1658060390449901,0.10062418621768628,0.27794610926186547,0.09290055537594605,0.41368665328128457,0.0,0.34789160599500785,0.0
0.0,0.0,0.07483042110580516,0.35979087931210446,0.1463328671501556,0.08835587158289357,0.0,0.13660418167496696,0.16637871511362926,0.0,0.0,0.0,0.19729875045145848,0.3045265922069288,0.0,0.3357012205806843,0.0,0.1873112171739091,0.03522073206839481,0.2712951579798523,0.0433946693252697,0.0,0.1343206948233844,0.0890848165469129,0.0,0.0,0.04865931187116774,0.07743365485767362,0.0,0.0,0.20587181467132054,0.374925902788819,0.0,0.265542085224952,0.36294919314133145,0.2295552574824723,0.28036830564459353,0.0,0.31676233198723536,0.07740088194026207,0.1426089937552204,0.31191686123560913,0.0,0.0,0.0,0.0,0.04690334871352992,0.0,0.3209395838297848,0.0,0.0,0.0,0.11301508160130465,0.0831549085243518,0.0,0.0,0.0181630887099057,0.0,0.12252141466115861,0.38576557079262475,0.0,0.0,0.0,0.0,0.07500305739445508,0.329793329568038,0.0,0.0,0.17624513682884568,0.0,0.0,0.0,0.0,0.0235587900747319,0.0,0.0
0.0,0.46314202060019305,0.4516537670416013,0.2576328868737953,0.5828878606969262,0.6317097123239821,0.13660418167496696,0.0,0.5234473894537688,0.5142593728758769,0.43834856482447365,0.5028772357699035,0.6097639906824176,0.06182591665483068,0.021100899898497796,0.001440249977377066,0.3339910477929681,0.19124604601114273,0.5063351231561368,0.573374231938292,0.3937659524908861,0.0,0.6203709097008812,0.5729497388799246,0.0,0.5014626395936,0.1993624017904032,0.5689593056090961,0.25400384279038946,0.4928251152171851,0.2050195203825153,0.0,0.05490195952202602,0.5130543809401211,0.0,0.4562303359602872,0.21550527322699756,0.06305596086168691,0.31742433845388807,0.1835474785178222,0.0,0.0,0.11794025269853069,0.0,0.0,0.03941559796791967,0.04802268978881151,0.509745302501339,0.3324977534510446,0.38553337059317994,0.257343280327057,0.15661811614370977,0.6201075596928812,0.4587476462993291,0.2836505120172831,0.3437222474850748,0.5125432533327118,0.20372940041678697,0.26974288326202306,0.2528698342196085,0.0,0.1647121146168742,0.0,0.4533249514738809,0.43055004436280425,0.27688702543470545,0.0,0.5111942171664476,0.22037023087658658,0.0,0.13191986344948906,0.13968563606219261,0.4037660860227033,0.0,0.3050049604821824,0.0
0.0,0.3171403692226799,0.33951000009115656,0.1346260206915886,0.4937821378864413,0.45647138056841513,0.16637871511362926,0.5234473894537688,0.0,0.4480024328021391,0.40780691242942907,0.4344988209997206,0.543593944472,0.09195419490535686,0.0,0.0,0.32066457352970873,0.2014744567086527,0.1549484915175634,0.4410903695775101,0.2519127686621337,0.0,0.42291023932146793,0.44162103035810535,0.0,0.4871836984281375,0.054785766267780506,0.5840281411381549,0.0,0.39327627107188967,0.13608107173987088,0.0,0.0572608046421753,0.25915010604823596,0.0,0.41766366846763076,0.0,0.07683379408597694,0.06882106458243761,0.1604604362500187,0.0,0.030106038879588792,0.15799651604829254,0.0,0.0,0.0,0.0,0.394826664109393,0.4956381251300455,0.5635301697861732,0.09400563259461264,0.31932678938861764,0.48212991452236803,0.5538836081431867,0.0,0.36478173241461376,0.4643947226936787,0.20214228234348353,0.2951661858191713,0.14411193975714764,0.0,0.08828004017232043,0.0,0.3319323365046894,0.3137018860655748,0.16078063727721717,0.0,0.2399720864941181,0.37643281328749756,0.0,0.2247266786823691,0.13466554526085522,0.5303157260290746,0.0,0.4962315941556412,0.0
0.0,0.36162896184157767,0.45394499640066627,0.057078464489835445,0.5728708893451614,0.6001296942661312,0.0,0.5142593728758769,0.4480024328021391,0.0,0.49066612637932,0.3995170194712064,0.5096842609458605,0.0,0.1984770239941576,0.0,0.366383922432257,0.35993811441015816,0.42509273167694517,0.47614799299960725,0.4782420265572818,0.0,0.5297798114790729,0.3679697557693181,0.09009991031536488,0.386937543858977,0.3260171716868868,0.5701648795800692,0.47936076959447294,0.4631478270092031,0.1418490536606168,0.0,0.0,0.3396837777075769,0.0,0.3581698166462074,0.08713185255206123,0.26597155221149593,0.1988452124179461,0.0,0.0,0.021773806755026465,0.21960075917862965,0.0,0.0,0.10567553958862169,0.07043181899131395,0.5414165606006541,0.21574448585359482,0.43674143225131073,0.4199310498526371,0.39550761352144226,0.5943227453878687,0.35601131572035677,0.344492962148281,0.2437060364315087,0.3941994904804298,0.4630697641399361,0.12248349034372648,0.09319782430355425,0.0,0.3368399933976521,0.0,0.4542057685363277,0.27954323387951113,0.21868786288245892,0.03622906381053791,0.5407313165319614,0.19610620842869292,0.23746645903452132,0.31094260704975246,0.1700723230395648,0.4930382722583179,0.0,0.4223016782996533,0.0
0.14274381570014666,0.4946662391299842,0.25572960572397047,0.0,0.44698679381265843,0.4721088566419386,0.0,0.43834856482447365,0.40780691242942907,0.49066612637932,0.0,0.5395526483742945,0.5128229305081338,0.0,0.0,0.0,0.5945546008829713,0.10846063232467094,0.2998801442915099,0.25880285548914894,0.12520314185861572,0.0,0.29032669571811637,0.3844958617562252,0.24805218224504602,0.49704714744366,0.09622889047467734,0.4617478817378414,0.15326783719679427,0.39478016449077113,0.0,0.0,0.0,0.2212643144444769,0.0,0.11174369674789693,0.0,0.24406825076085828,0.0,0.0,0.14900142223466092,0.0,0.0,0.0,0.0,0.0,0.10340641945543694,0.526674631203977,0.039926345429243455,0.5243558427494114,0.2425022907811912,0.5491246444939831,0.45294862907035666,0.5123900873167913,0.36585728908052695,0.5375699787242224,0.5313140424130671,0.5240351476690986,0.2371413452957278,0.0,0.0,0.4528337554713382,0.0,0.4055518797735323,0.2036990515430239,0.0,0.23137793878398485,0.33086549150142786,0.09097880018262242,0.23423403218310204,0.17057393510698418,0.1300028246421779,0.47525572851817116,0.0,0.40910335577700774,0.0
0.0,0.5705458540873721,0.10462605922973835,0.008829685295235059,0.3684116116773228,0.4860881121756594,0.0,0.5028772357699035,0.4344988209997206,0.3995170194712064,0.5395526483742945,0.0,0.4791035044277176,0.0,0.0,0.0,0.5548892220542353,0.04236627397735881,0.29596361620932793,0.35577529651765233,0.22613970543996842,0.0,0.3215930340047441,0.5155068503366692,0.08094052128618343,0.6019002856047078,0.0,0.4457210400064663,0.09162728706338083,0.3497940255453313,0.1591425819559023,0.0,0.16875832157596216,0.34479998012378726,0.0,0.16587353366880858,0.0,0.18964480562855232,0.10090300452468422,0.18196858571790797,0.0,0.0,0.0,0.0,0.0,0.0,0.1295241337364035,0.3531121239141287,0.18849037829611834,0.4836573313676107,0.17954792908431988,0.3428877277256556,0.4266012018365154,0.5350741778997744,0.3258321264342636,0.5495528996075114,0.5880511910935202,0.36134404583374274,0.41048153161372897,0.043554657839680155,0.0,0.3233766278449206,0.0,0.31704236527808055,0.25832124687033337,0.11496186756971702,0.09280266119954171,0.2697408556879634,0.24761730295721998,0.060197702876998056,0.26551380357586246,0.06746172420465066,0.3803415376003235,0.0,0.33335230326937487,0.0
0.0,0.4902712669972371,0.4476675831994805,0.2830548104568645,0.631460448378286,0.5742476732724028,0.19729875045145848,0.6097639906824176,0.543593944472,0.5096842609458605,0.5128229305081338,0.4791035044277176,0.0,0.0321008054019233,0.0,0.0,0.4653521222494275,0.18481367830963724,0.42297506887130115,0.5724043089951756,0.30656677516248204,0.0,0.5306864444450691,0.5561775535762085,0.0,0.5064120220252327,0.23577308920711035,0.5917964354412013,0.16285183973093872,0.4236539374291991,0.23085873036390056,0.0,0.02265223352938577,0.5105610430896975,0.0,0.4378410671235871,0.20637625107860624,0.0405099501113988,0.31533388799909046,0.08405440619752878,0.14178726346849835,0.0,0.08703605737511834,0.0,0.0,0.0,0.04753595769880896,0.5686406332818517,0.3076792433796021,0.5096191313254169,0.17711655860379863,0.2879642296894298,0.5628775495150495,0.5912726460320795,0.25064851267920285,0.4064020166617797,0.5388899443376628,0.22845650017817637,0.3124606680801855,0.15116332932984322,0.0,0.22226230218283005,0.0,0.495779951636321,0.46469303954596636,0.2600036235789754,0.0,0.44710670352150816,0.20714327927452714,0.0,0.05303249058492075,0.21639352446765198,0.4376821250387793,0.0,0.2993245161620083,0.0
0.0,0.0,0.22569853373950963,0.4426253822881629,0.12298807666815528,0.0,0.3045265922069288,0.06182591665483068,0.09195419490535686,0.0,0.0,0.0,0.0321008054019233,0.0,0.020966730439741264,0.4567475170542344,0.0,0.007013181611051256,0.05715187438060384,0.27455628931605425,0.22554463084660042,0.25475326725875536,0.20776309050500577,0.08255975916957733,0.0,0.0,0.2665393923025695,0.1394116504735518,0.0,0.06294637991787873,0.3797567216441314,0.3126924459886668,0.1672992876379793,0.23203355980244078,0.40188385672077037,0.4194188577618681,0.1680522763786453,0.0,0.29075963171780517,0.29128642265826005,0.015243193543346443,0.35947973182026643,0.2808450854800301,0.029725459976364704,0.01569383921152812,0.3779719890136623,0.0,0.0,0.39504768000529794,0.0,0.0,0.0,0.0,0.0,0.0,0.0,0.0,0.0,0.07027099158631345,0.3113547875844207,0.0,0.0,0.0,0.11089343043831007,0.33731052348528856,0.15014384192111566,0.0,0.11739485522470561,0.22370729577412618,0.0,0.0,0.2956008507755888,0.0,0.09256433380100747,0.0,0.22749236039700643
0.0,0.13111050680930525,0.05265349606430408,0.04004469928934172,0.06306805906537843,0.14020684522238086,0.0,0.021100899898497796,0.0,0.1984770239941576,0.0,0.0,0.0,0.020966730439741264,0.0,0.169533176292373,0.008548297408632458,0.0852058584095529,0.22110344827353895,0.2253398967121901,0.2909366178298828,0.2564365323247193,0.16796252277242604,0.03497094829501162,0.0,0.07023695310048247,0.3573813652303265,0.0,0.38600132057248976,0.03554249384558051,0.026073524410894,0.24701513642649112,0.0,0.18490860065057696,0.020952754797698602,0.0,0.0,0.24735513467779724,0.08721001648472053,0.06554682025299738,0.0,0.027679680320727908,0.0,0.0,0.11957663665255429,0.2708026637026399,0.22208121381553356,0.01480999401738525,0.0,0.0,0.26750764002784505,0.0,0.09663091998441695,0.0,0.3130757274388941,0.0,0.0,0.08309243144836069,0.0,0.1857720792176851,0.14904258713597085,0.06975056724382897,0.1901863334259457,0.04608610809655843,0.14770116523025184,0.0,0.2067396942218825,0.3022618400281214,0.0,0.07630059619125758,0.12792691753339971,0.09383703010849277,0.0,0.2887928964705297,0.0,0.16069903035293528
0.0,0.0,0.08675455892688799,0.41687784359985425,0.0,0.0,0.3357012205806843,0.001440249977377066,0.0,0.0,0.0,0.0,0.0,0.4567475170542344,0.169533176292373,0.0,0.0,0.1498800503781343,0.20565809625729062,0.19692749719440777,0.2534245372868866,0.3113604752506907,0.12426406024371642,0.01604778524118471,0.0,0.0,0.09511255240417768,0.0,0.14118548584447363,0.0,0.38583873243125416,0.5862494533603729,0.057995706251972694,0.372808707367341,0.5099095151173678,0.22389637307565446,0.3856470761711601,0.0,0.43367009748856983,0.15985532445290934,0.05951363190997213,0.27898933048659347,0.17011789055128576,0.0,0.0,0.29897649684334615,0.044416710094118655,0.0,0.0,0.0,0.0,0.0,0.0,0.0,0.05846879074700189,0.0,0.0,0.0,0.0,0.4253076650449835,0.0,0.0,0.0,0.0,0.1929023887805181,0.3681700465849988,0.0,0.09326666328558639,0.0,0.0,0.0,0.03505609679789787,0.0,0.28523999317363036,0.0,0.22079334219046534
0.08530154616594911,0.5297892642529771,0.09039752381041083,0.0,0.3610196506201467,0.38652537493385625,0.0,0.3339910477929681,0.32066457352970873,0.366383922432257,0.5945546008829713,0.5548892220542353,0.4653521222494275,0.0,0.008548297408632458,0.0,0.0,0.13921404397396103,0.21364901920400334,0.221055372432038,0.06077816740790911,0.0,0.15283875108440864,0.3462068276605487,0.2015609428393354,0.48275738610170144,0.0,0.3936562428609866,0.09919721999369534,0.25333119811321636,0.11324586793561173,0.0,0.0,0.255850187273994,0.0,0.02905439724457047,0.0,0.19357650598763584,0.053211052988032644,0.0,0.24055316240417135,0.0,0.0,0.0,0.0,0.0,0.1509957324122125,0.40408599424748526,0.0,0.4746735672993815,0.17723336061708259,0.515928440908811,0.3567696132684051,0.5103331755593656,0.37123069781975226,0.5302795881847273,0.5344207741455272,0.481966775994116,0.33561336594876345,0.0,0.0,0.4892125606434434,0.0,0.3178141162846133,0.14790856304586286,0.04973068784950655,0.2476644959383395,0.19215002846070772,0.11810188302864336,0.24685417523972078,0.19342891116249916,0.060149560887374644,0.38344239932420465,0.0,0.2662066965637527,0.0
0.0,0.07034524460504998,0.2094736448563951,0.0,0.19841713318295426,0.27045991971193545,0.1873112171739091,0.19124604601114273,0.2014744567086527,0.35993811441015816,0.10846063232467094,0.04236627397735881,0.18481367830963724,0.007013181611051256,0.0852058584095529,0.1498800503781343,0.13921404397396103,0.0,0.17188912968763118,0.2365346225435821,0.3575016823216711,0.0,0.22018453531302817,-0.013472287842416848,0.0,0.0,0.04674770344072,0.21120328381363235,0.3212390987143455,0.0,0.2531299236245503,0.15579024612288864,0.0,0.2777448481668161,0.0,0.1494102777318141,0.21758389640994563,0.0,0.32739290766903073,0.0,0.07352060523386232,0.0770424017813801,0.26805391322561445,0.0,0.0,0.13457628462275698,0.1648629672588893,0.1997686917192329,0.009280681816912701,0.056338392335072714,0.34208416263100416,0.1646790327231924,0.367776385093255,0.12149609199270209,0.20854160856935394,0.0,0.012247988399419896,0.265103878405025,0.0,0.23493326480634277,0.0,0.3084089866253249,0.18621984919852158,0.10506871544915324,0.0,0.46989895881133203,0.0,0.1857770262702559,0.0,0.32464524309264386,0.2829546194821231,0.0,0.2193447941619561,0.22118234133882714,0.0,0.0
0.0,0.36644888482975485,0.41562498549692695,0.33295993115815853,0.44672429710896167,0.5406533070498158,0.03522073206839481,0.5063351231561368,0.1549484915175634,0.42509273167694517,0.2998801442915099,0.29596361620932793,0.42297506887130115,0.05715187438060384,0.22110344827353895,0.20565809625729062,0.21364901920400334,0.17188912968763118,0.0,0.45421806253784613,0.4644549054469507,0.0,0.5354288462832001,0.44345461391590607,0.0,0.3443738673721585,0.21061003208060264,0.34616750377802363,0.5040463597026267,0.38594114609698915,0.2622269416118979,0.1957323731342009,0.0,0.5091118326985584,0.0,0.362457218967111,0.3182252109744699,0.14407138804793376,0.47528935606906175,0.09221906466774739,0.0,0.0963115766034438,0.14438872944540762,0.0,0.0,0.08205446304812114,0.09328560059984874,0.47635490232315975,0.10341120497936905,0.09870599342741929,0.33756808291018775,0.0,0.4761858584339951,0.16538649919882298,0.500554791776675,0.17171808580045944,0.36444486347505906,0.1746093309777783,0.05633161703817279,0.21162606458999544,0.0,0.2094936295945708,0.0,0.4405443508191702,0.3516285082444893,0.3287423159463218,0.009777981566277748,0.5681773014767336,0.08525826840463172,0.051274942001013915,0.11375318556967909,0.17616303027860064,0.17137450418743716,0.0,0.1023744932791182,0.0
0.0,0.40521396307398283,0.470196219059225,0.41346771400392934,0.57048407246514,0.5664726944852635,0.2712951579798523,0.573374231938292,0.4410903695775101,0.47614799299960725,0.25880285548914894,0.35577529651765233,0.5724043089951756,0.27455628931605425,0.2253398967121901,0.19692749719440777,0.221055372432038,0.2365346225435821,0.45421806253784613,0.0,0.48097707499419606,0.0,0.5956275646951676,0.49787539250338414,0.0,0.4517083461423046,0.36743371791276286,0.5241624006335608,0.2631994986233546,0.4275383477122122,0.35312499127774566,0.18188468075764957,0.09396575043417074,0.6044751918376337,0.033630401417534685,0.4929200092251109,0.20074696988713053,0.10853406879309041,0.4094993521792777,0.2726807296002678,0.0,0.15907651282650886,0.1844519242576278,0.0,0.0,0.209140198426793,0.029646057779847346,0.4187680223858904,0.39228420815434245,0.3134757792913722,0.19012707059662504,0.040908422300751944,0.5062682427981191,0.38141345685640876,0.2054064169856382,0.21976964834156135,0.3700713200379813,0.03405203262243036,0.3237627161031512,0.3505396047986053,0.0,0.01338232746658365,0.0,0.4288629716571274,0.5406631029852925,0.26808134068125006,0.0,0.5222584245392131,0.2398873916445223,0.0,0.07192159199569002,0.24354817287967975,0.30817748873810014,0.0,0.22871517364302438,0.0
0.0,0.26512395562250207,0.37451378984393063,0.25952659005798207,0.3532724430045185,0.4448489051544559,0.0433946693252697,0.3937659524908861,0.2519127686621337,0.4782420265572818,0.12520314185861572,0.22613970543996842,0.30656677516248204,0.22554463084660042,0.2909366178298828,0.2534245372868866,0.06077816740790911,0.3575016823216711,0.4644549054469507,0.48097707499419606,0.0,0.1280783092491203,0.49778510737356435,0.3667182717435717,0.0,0.26986462292523206,0.2835608497171889,0.428257704165219,0.4967463545052151,0.32190134903621037,0.40130812566944785,0.17380916742983363,0.0,0.4572046067357431,0.09714616198356733,0.4066425098801403,0.17186488971220507,0.3273218691193861,0.34467747576445745,0.1651075187894548,0.0,0.19619077851173158,0.3346856660487412,0.0,0.0,0.34005013267902656,0.07785824356780875,0.3226327910117955,0.2290716641002913,0.14525323180330332,0.27560642322697343,0.0,0.4261954532503205,0.13330032720831012,0.3406875330906509,0.0,0.21275683864808953,0.10336517173236114,0.0,0.3310642711473813,0.0,0.09919465279829635,0.0,0.348319805437118,0.32291552790613237,0.3717361810922445,0.0,0.49406912865651803,0.21240751426688997,0.028064405443261276,0.30805377728683936,0.1357989493512462,0.20481493096049402,0.04243295075212999,0.14945199574733428,0.0
0.16757933951379383,0.0,0.0,0.0,0.0,0.0,0.0,0.0,0.0,0.0,0.0,0.0,0.0,0.25475326725875536,0.2564365323247193,0.3113604752506907,0.0,0.0,0.0,0.0,0.1280783092491203,0.0,0.0,0.0,0.0,0.0,0.06488302735306593,0.0,0.0,0.0,0.20503736051239657,0.3358245254563297,0.25015204789228,0.059064927824757814,0.4579779191721787,0.0,0.0,0.09273125685401122,0.0,0.2857412684158999,0.1394144991481381,0.020712347251993658,0.029801814285410125,0.07900463042715494,0.043682082489655195,0.2684340609581978,0.18264475650971654,0.0,0.0,0.0,0.0,0.0,0.0,0.0,0.0,0.0,0.0,0.0,0.06118236459753788,0.12672868020212888,0.09498872680615379,0.0,0.0524230433531447,0.0,0.09274347331499702,0.0,0.0,0.0,0.0,0.0,0.05349536254067996,0.0,0.0,0.27813117453760317,0.0,0.38622146861108525
0.0,0.2950932394495793,0.5611292126426005,0.3548327801330931,0.5746862445704892,0.6248696961236822,0.1343206948233844,0.6203709097008812,0.42291023932146793,0.5297798114790729,0.29032669571811637,0.3215930340047441,0.5306864444450691,0.20776309050500577,0.16796252277242604,0.12426406024371642,0.15283875108440864,0.22018453531302817,0.5354288462832001,0.5956275646951676,0.49778510737356435,0.0,0.0,0.49306043148685547,0.0,0.36538783020471427,0.3659579905344393,0.5545837086033228,0.3899876211542055,0.5254804584727198,0.24496608224232383,0.034975330611644595,0.0,0.48544859104479166,0.0,0.5462417067379501,0.2891701713646604,0.1256430864959126,0.3750824385475279,0.1563900234572443,0.0,0.1657698728765011,0.25925718736491815,0.0,0.0,0.24777630171242332,0.0,0.5008388450474955,0.35102249534918695,0.27771418112304747,0.2725191722649288,0.04848701699128764,0.5915067964785815,0.2691761901760583,0.23333156846272463,0.1527948611175455,0.3647156439222952,0.1144525343359608,0.1458868603386659,0.32617267598428207,0.0,0.02948251365819036,0.0,0.4843298984236451,0.4690451888112888,0.2531451479591346,0.0,0.5964384854669683,0.2349765145980048,0.0,0.08011621868437759,0.24467972897450246,0.3878600776563764,0.0,0.3078604292455785,0.0
0.0,0.44673874094996124,0.34307825079550675,0.2914652528083453,0.459332459299161,0.5181145982590599,0.0890848165469129,0.5729497388799246,0.44162103035810535,0.3679697557693181,0.3844958617562252,0.5155068503366692,0.5561775535762085,0.08255975916957733,0.03497094829501162,0.01604778524118471,0.3462068276605487,-0.013472287842416848,0.44345461391590607,0.49787539250338414,0.3667182717435717,0.0,0.49306043148685547,0.0,0.0,0.5517356520373444,0.13714750180040772,0.529473799884113,0.14406528009080433,0.456880617003282,0.2923920390362211,0.0,0.2351208422250463,0.48640151087330874,0.0,0.46876053911229043,0.06311853969862882,0.13944625964438212,0.25137929885913496,0.347043796971241,0.0,0.0,0.06958318300210717,0.0,0.0,0.06528596972991464,0.0,0.4382707225996071,0.3472547308456342,0.4052661915157349,0.09465608980046716,0.13154642164813724,0.4526370879796588,0.4900339469689437,0.2710041793278718,0.4307366356560944,0.5386820028612981,0.12311895586580826,0.3070277276745629,0.24984302929661462,0.0,0.05839315931327657,0.0,0.46369365496880005,0.4796201331634698,0.1951832889222701,0.0,0.4222128519431602,0.33033803398362677,0.0,0.05762173719927706,0.2898972171810775,0.3930910195139625,0.0,0.2865507260686149,0.0
0.4383958991782446,0.027262813896251188,0.0,0.0,0.0,0.0,0.0,0.0,0.0,0.09009991031536488,0.24805218224504602,0.08094052128618343,0.0,0.0,0.0,0.0,0.2015609428393354,0.0,0.0,0.0,0.0,0.0,0.0,0.0,0.0,0.007899368003448145,0.0,0.0,0.0,0.13871547180462365,0.0,0.0,0.0,0.0,0.0,0.0,0.0,0.16060590837248126,0.0,0.0,0.0,0.0,0.05323228871984609,0.0,0.08365485858184486,0.01754284486657139,0.0,0.1451744351108655,0.0,0.207007506267568,0.0,0.3683948403125884,0.0,0.10051673239284017,0.02777356350840867,0.2633841595371238,0.0,0.31865694291102403,0.11441425938675127,0.0,0.2872936598981246,0.19467460595764474,0.14418109576934235,0.06908508055243874,0.0,0.0,0.16704238095757976,0.0,0.0,0.3021403359929109,0.0,0.1606442887510912,0.2544020431734978,0.0,0.17525591882936714,0.15987739668809917
0.0,0.5868578925327751,0.17625270029174012,0.17536161323802157,0.47812587693644726,0.4900181333667012,0.0,0.5014626395936,0.4871836984281375,0.386937543858977,0.49704714744366,0.6019002856047078,0.5064120220252327,0.0,0.07023695310048247,0.0,0.48275738610170144,0.0,0.3443738673721585,0.4517083461423046,0.26986462292523206,0.0,0.36538783020471427,0.5517356520373444,0.007899368003448145,0.0,0.05038197851638318,0.5026929428313102,0.06980182207888756,0.45496661739332067,0.19988588361094614,0.0,0.3131728888896257,0.43799076989280045,0.0,0.27333676571120047,0.0,0.21541983958235425,0.11957954958368533,0.3407986488498494,0.04452818850696676,0.0,0.0,0.0,0.0,0.0,0.09417527868828597,0.4023991219588329,0.32801876980812095,0.5022409626839348,0.13381631544083294,0.2565360939167058,0.39293620885082636,0.5454038863738997,0.2849500823055555,0.5996040101751403,0.5847529134603606,0.25794591353174695,0.44899919750752193,0.08873114526026586,0.0,0.2120521871668844,0.0,0.3784973156450789,0.4094629897083427,0.07710667948394974,0.2038138527068374,0.3168944803909762,0.2791511541413193,0.0,0.2543400309288596,0.20244812809095522,0.37091540255286193,0.0,0.3674222645355638,0.0
0.031133196824496816,0.04045358545333444,0.47075360019127555,0.24664845304216962,0.37794379274032075,0.2463535074679518,0.04865931187116774,0.1993624017904032,0.054785766267780506,0.3260171716868868,0.09622889047467734,0.0,0.23577308920711035,0.2665393923025695,0.3573813652303265,0.09511255240417768,0.0,0.04674770344072,0.21061003208060264,0.36743371791276286,0.2835608497171889,0.06488302735306593,0.3659579905344393,0.13714750180040772,0.0,0.05038197851638318,0.0,0.2957220560560379,0.33818847990332035,0.3313324753602652,0.10222077588167379,0.13150581139143425,0.0,0.2191888864194731,0.0,0.331083479922771,0.1007951176508171,0.1946364036880422,0.14573014376580967,0.0,0.01951299031030264,0.23627462296261673,0.2296635551174535,0.0,0.04656328175981998,0.3461540947431626,0.0,0.27683048894954637,0.14837276750695758,0.12720175846309809,0.12504357648020673,0.04724208992962646,0.2396334075851853,0.0,0.04428689241625312,0.0,0.0,0.0,0.03943650998371872,0.056176833990618284,0.0,0.0,0.0008898000881283571,0.3555959300728862,0.41880935593565694,0.0,0.09781099326987168,0.46137180110616516,0.05232833203252481,0.0,0.0,0.34883511220277114,0.15775000929302632,0.16809595401456592,0.19641062581056987,0.09824631071813199
0.0592322439351789,0.383579656763685,0.5209710897522432,0.25812295919201855,0.6135668128139495,0.5394742111828249,0.07743365485767362,0.5689593056090961,0.5840281411381549,0.5701648795800692,0.4617478817378414,0.4457210400064663,0.5917964354412013,0.1394116504735518,0.0,0.0,0.3936562428609866,0.21120328381363235,0.34616750377802363,0.5241624006335608,0.428257704165219,0.0,0.5545837086033228,0.529473799884113,0.0,0.5026929428313102,0.2957220560560379,0.0,0.2354748990279289,0.5220120993421883,0.33507492032450154,0.0,0.06361510970683405,0.41861555362914615,0.0,0.5200970419792565,0.05595494246499456,0.26122776130206826,0.2054545567110049,0.12260246265765216,0.11114128270345404,0.08297481133212137,0.29304824650453076,0.0,0.0,0.10060169747094931,0.0,0.5507731147314644,0.42857634855469995,0.5860790059275887,0.11109357691500239,0.35921369566781364,0.5494637878624217,0.5594762808874727,0.17420364360927473,0.3591557258328784,0.5402348573165989,0.2527847940184736,0.24230145095934955,0.09216425695350348,0.0,0.15593380052799932,0.0,0.5711430382031644,0.4768244025181035,0.16575184770701906,0.0,0.4752073975719859,0.40750967680469036,0.0,0.12920143060329864,0.36273160181074315,0.5546766013466172,0.0,0.4712647980842532,0.0
0.0,0.1493588469882261,0.35189709720690215,0.19522669995358227,0.3092620811871969,0.3733088303150049,0.0,0.25400384279038946,0.0,0.47936076959447294,0.15326783719679427,0.09162728706338083,0.16285183973093872,0.0,0.38600132057248976,0.14118548584447363,0.09919721999369534,0.3212390987143455,0.5040463597026267,0.2631994986233546,0.4967463545052151,0.0,0.3899876211542055,0.14406528009080433,0.0,0.06980182207888756,0.33818847990332035,0.2354748990279289,0.0,0.23213644654251808,0.20415113231361315,0.1871427498265928,0.0,0.2847740764537698,0.0,0.20211651939059222,0.33595452529954484,0.31773655594354216,0.32293387248617816,0.0,0.0,0.22088455073193697,0.22396824394655082,0.0,0.0,0.13434500686318465,0.0713277232337221,0.33111851305669726,0.0,0.0,0.3804887448699311,0.07302896636115609,0.3819702446495821,0.0,0.4603460836392021,0.0,0.1338119405084449,0.28659551902348035,0.0,0.11438499994403278,0.062269114314981694,0.2625318099809374,0.2737628363154186,0.3432433815286237,0.12080361132569994,0.23814243035479107,0.077668062696959,0.5087066592197068,0.07238424072773092,0.272555999141262,0.20705918348623364,0.08664382075576248,0.11451731756698715,0.19327249780952502,0.1159856672253146,0.0
0.1013820340587269,0.3456873166822721,0.5139137511133025,0.1754489198002174,0.49090824825084706,0.4594065468582155,0.0,0.4928251152171851,0.39327627107188967,0.4631478270092031,0.39478016449077113,0.3497940255453313,0.4236539374291991,0.06294637991787873,0.03554249384558051,0.0,0.25333119811321636,0.0,0.38594114609698915,0.4275383477122122,0.32190134903621037,0.0,0.5254804584727198,0.456880617003282,0.13871547180462365,0.45496661739332067,0.3313324753602652,0.5220120993421883,0.23213644654251808,0.0,0.17596437797199294,0.0,0.13025617079890106,0.2511229070160834,0.0,0.4304940558606127,0.0,0.26100406796128184,0.11420583230184826,0.12790284254790907,0.0,0.0,0.29450494102356123,0.0,0.0,0.2196468458187886,0.0,0.569745851072379,0.30494097743570714,0.43020110007784196,0.12050854727891656,0.23247536396656338,0.4336781277666008,0.3645610366443911,0.1839566159646153,0.3839945162433967,0.4371129966176809,0.21439001747680256,0.22262969703969224,0.0,0.0,0.05773191844892602,0.0,0.585720172830163,0.47047427976493,0.0,0.0298790005252108,0.5744160037633232,0.2461506381892358,0.0,0.0,0.37544058594798846,0.4650954434779317,0.0,0.4444696459916874,0.0
0.0,0.22827471188942644,0.253236878866975,0.40168701170937327,0.1852626285397551,0.15453707224353996,0.20587181467132054,0.2050195203825153,0.13608107173987088,0.1418490536606168,0.0,0.1591425819559023,0.23085873036390056,0.3797567216441314,0.026073524410894,0.38583873243125416,0.11324586793561173,0.2531299236245503,0.2622269416118979,0.35312499127774566,0.40130812566944785,0.20503736051239657,0.24496608224232383,0.2923920390362211,0.0,0.19988588361094614,0.10222077588167379,0.33507492032450154,0.20415113231361315,0.17596437797199294,0.0,0.3311082474823542,0.19485151590734676,0.45187873398605194,0.23379103163594822,0.3906297825938247,0.2297309811715188,0.19997574414107996,0.37657511167318564,0.1819795703825354,0.271276065848098,0.20528012340968013,0.3402593463770566,0.0,0.0,0.19357199044715329,0.0,0.1633170312717869,0.24180697569181459,0.14767789416023347,0.0,0.0,0.1482301287686035,0.25759634491476213,0.1615713147313836,0.04829326963178494,0.2420269122148744,0.0,0.17455144049000762,0.21416343455902365,0.0,0.0,0.0,0.35656677581452084,0.38079871722983105,0.3128961025564631,0.0,0.24142056954727387,0.3111247573341181,0.0,0.0,0.2685237949421733,0.12316070401807204,0.0,0.0,0.0
0.0,0.038330692232637555,0.0,0.3338042644502267,0.0,0.0,0.374925902788819,0.0,0.0,0.0,0.0,0.0,0.0,0.3126924459886668,0.24701513642649112,0.5862494533603729,0.0,0.15579024612288864,0.1957323731342009,0.18188468075764957,0.17380916742983363,0.3358245254563297,0.034975330611644595,0.0,0.0,0.0,0.13150581139143425,0.0,0.1871427498265928,0.0,0.3311082474823542,0.0,0.0,0.3296054924606396,0.37072224627573747,0.0626553579469584,0.40352780347556305,0.0,0.45541971767029404,0.032032310360487086,0.17283567753230114,0.18927900449721666,0.0,0.0,0.0,0.05649183066107187,0.23828470945778324,0.0,0.0,0.0,0.04285557032150585,0.0,0.0,0.0,0.14013091063852703,0.0,0.0,0.0,0.05010758025136271,0.3039783553903172,0.0,0.0,0.08352223067554852,0.0,0.13129599841048434,0.3310521523277228,0.0,0.06254685820795668,0.0,0.0,0.0,0.0,0.0,0.31092645161980226,0.0,0.05101294597457535
0.1485894482066449,0.20260774030421852,0.0,0.2410645604034693,0.0,0.0,0.0,0.05490195952202602,0.0572608046421753,0.0,0.0,0.16875832157596216,0.02265223352938577,0.1672992876379793,0.0,0.057995706251972694,0.0,0.0,0.0,0.09396575043417074,0.0,0.25015204789228,0.0,0.2351208422250463,0.0,0.3131728888896257,0.0,0.06361510970683405,0.0,0.13025617079890106,0.19485151590734676,0.0,0.0,0.10220701089135013,0.27714994894446543,0.08810694823177434,0.0,0.17767590046494527,0.0,0.571836318927186,0.0437146189742306,0.0,0.0,0.20877097474597223,0.07732866109585121,0.04954852705274459,0.0,0.0,0.1431776808104004,0.11783030122260758,0.0,0.0,0.0,0.1743042115664519,0.0,0.28978434295750916,0.18316100434472446,0.0,0.20532463748729737,0.09263155977859348,0.0,0.0,0.0,0.0691995622353755,0.32227983048685493,0.0,0.11234593405361432,0.0,0.21447635673981696,0.0,0.0,0.28946849930690627,0.0,0.0,0.0,0.08113668567043188
0.0,0.5397681839241226,0.3341593136909461,0.3813362325072802,0.41793801602503905,0.46768563490431175,0.265542085224952,0.5130543809401211,0.25915010604823596,0.3396837777075769,0.2212643144444769,0.34479998012378726,0.5105610430896975,0.23203355980244078,0.18490860065057696,0.372808707367341,0.255850187273994,0.2777448481668161,0.5091118326985584,0.6044751918376337,0.4572046067357431,0.059064927824757814,0.48544859104479166,0.48640151087330874,0.0,0.43799076989280045,0.2191888864194731,0.41861555362914615,0.2847740764537698,0.2511229070160834,0.45187873398605194,0.3296054924606396,0.10220701089135013,0.0,0.1044980697563803,0.4062395133367658,0.34591886485087947,0.03039006292224039,0.46835736680264817,0.1923325506462219,0.18968809768040834,0.013519928246593654,0.15124696548925481,0.0,0.0,0.12403696647618462,0.21495501723436458,0.39898093335222545,0.15688463824128823,0.1599623957847806,0.2061315730407423,0.0,0.4584622107729715,0.3531537680726426,0.39443515508348254,0.19091023195247608,0.34610789927034336,0.009879422890418578,0.23577661842105546,0.37485204797171995,0.0,0.1569544627085877,0.0,0.36592274667663893,0.5384739287195929,0.4440529490756508,0.0,0.4905622572844595,0.06522042238079635,0.0,0.06257119452467955,0.1631144569716775,0.1217766182107864,0.0,0.0,0.0
0.0,0.0,0.0,0.3217060538772182,0.0,0.0,0.36294919314133145,0.0,0.0,0.0,0.0,0.0,0.0,0.40188385672077037,0.020952754797698602,0.5099095151173678,0.0,0.0,0.0,0.033630401417534685,0.09714616198356733,0.4579779191721787,0.0,0.0,0.0,0.0,0.0,0.0,0.0,0.0,0.23379103163594822,0.37072224627573747,0.27714994894446543,0.1044980697563803,0.0,0.06294588207334226,0.126442712676004,0.0,0.1549455952994047,0.39327782365782893,0.0,0.2599882552044715,0.0,0.17655090126800813,0.04486060357103782,0.0984505956514993,0.0,0.0,0.17976298285193462,0.0,0.0,0.0,0.0,0.0,0.0,0.0,0.0,0.0,0.0,0.42245913984850114,0.0,0.0,0.0,0.0,0.0,0.2020401939602893,0.0,0.0,0.11818186597691815,0.0,0.0,0.0,0.0,0.0704004248522191,0.0,0.1852551061682208
0.0,0.12285027112017632,0.5433919521734912,0.4500980164925996,0.5178524897650051,0.39750856692110087,0.2295552574824723,0.4562303359602872,0.41766366846763076,0.3581698166462074,0.11174369674789693,0.16587353366880858,0.4378410671235871,0.4194188577618681,0.0,0.22389637307565446,0.02905439724457047,0.1494102777318141,0.362457218967111,0.4929200092251109,0.4066425098801403,0.0,0.5462417067379501,0.46876053911229043,0.0,0.27333676571120047,0.331083479922771,0.5200970419792565,0.20211651939059222,0.4304940558606127,0.3906297825938247,0.0626553579469584,0.08810694823177434,0.4062395133367658,0.06294588207334226,0.0,0.22535367972979573,0.073671796879923,0.33704520853910214,0.20536292936946998,0.0,0.2581912828055957,0.3729182467101307,0.0,0.0,0.2869133702120701,0.0,0.40214466631020185,0.5147111604976548,0.30180928534121776,0.0072899226858831505,0.0,0.39383421098200455,0.3183042599942101,0.0,0.06677190886552331,0.33650045226500463,0.0,0.11262441843677887,0.25352606918461396,0.0,0.0,0.0,0.4811459521164799,0.48777586590752636,0.2323027420238605,0.0,0.44892961099669815,0.4066563170498422,0.0,0.0,0.4013929087348335,0.3760479297036551,0.0,0.28633486003234476,0.0
