0.0,0.20557180913857281,0.12476560618349983,0.054034659747061946,0.0,0.09529964457468361,0.0049731126525645545,0.0797685144181803,0.0,0.0,0.0,0.0,0.13607958133077186,0.0,0.33395543568017566,0.5526154978119286,0.2758953674841712,0.18862550562634686,0.0,0.2354291218111566,0.5747107386030829,0.31899153843277184,0.15773964032225085,0.18061292603329032,0.4344379596912235,0.4714066743044427,0.19507657818953503,0.20710715275898947,0.4805850585404001,0.17468072114130315,0.43113913415853056,0.2603117932661767,0.3622887983880373,0.3242592587954768,0.16241650128004728,0.13067323884198465,0.07933600646096856,0.17257519222375833,0.21659485158405162,0.1995368166015107,0.2281220956799981,0.06961232954500111,0.0,0.0,0.11000407753457016,0.7108109873478209,0.09267448868817854,0.0,0.0,0.04283162045190606,0.2049424728375521,0.1517879897353134,0.17687560169275582,0.0,0.0823718912843174,0.0,0.0,0.0,0.0,0.19975321100203147,0.5706994093778035,0.04690464838469616,0.396497399989263,0.0,0.21247547503165143,0.5836279086881306,0.5024774449907528,0.12035748746436721,0.30852995304722974,0.29672674391337506,0.4657959407219747,0.15100500941813563,0.17228746410186283,0.45417815389466265,0.13286812187756253,0.3768516789984196
0.20557180913857281,0.0,0.0,0.0,0.0,0.6213865066355562,0.0,0.42137239814439703,0.0,0.0,0.0,0.16798551439689577,0.4447852957074296,0.019940196609975504,0.12250562272061973,0.22132876929319217,0.1584865735010532,0.46719374252543205,0.0,0.10379767570658517,0.146033195270785,0.18518854100344745,0.3551235635411588,0.3011829409842537,0.6302261871200466,0.7665653900916233,0.2175444181630042,0.0,0.2832470054300678,0.0,0.0,0.20584307913868571,0.3867197990130757,0.0,0.0714048833125759,0.0,0.0,0.07436137209953875,0.2172835259236927,0.34669074233012054,0.0,0.0,0.0,0.0,0.22374735144993713,0.0,0.7385105765809473,0.01963709205557097,0.0,0.0,0.5025954734271647,0.0,0.3234834462362199,0.0,0.0,0.09272417518654477,0.21343903248356758,0.468403254797541,0.0,0.0,0.0,0.0,0.0,0.0,0.0,0.06200196575049406,0.0,0.14346828884454688,0.25557520128696404,0.4294823296372617,0.5140829636208515,0.043340305492219414,0.0,0.0,0.0,0.0
0.12476560618349983,0.0,0.0,0.0,0.26192020610647976,0.4541260127925774,0.2931975431334636,0.386794089768803,0.5355125757878697,0.0,0.5784431148358133,0.017796569784719857,0.5621393623453974,0.006882696465739033,0.5491381350548316,0.08559405614973797,0.0321913034469128,0.14480233264741546,0.8372542111759127,0.6829005578566935,0.3657273765180143,0.6410049757698573,0.6509393251730397,0.11665314146632372,0.0,0.09013156234879335,0.7616754862484991,0.6912240535721796,0.6133148090696611,0.668885932030889,0.43842748665420855,0.0,0.0,0.3805376695882689,0.08056692087160305,0.04647569276601107,0.0,0.23521363995620057,0.0,0.0,0.0,0.0,0.0,0.0,0.2215364741507579,0.2754385711316775,0.0,0.819885081266228,0.0,0.7200424843790159,0.30728089013605414,0.4370031140042504,0.18019793633778297,0.782578315820013,0.0,0.629195528412368,0.06869623759951314,0.1620098289987454,0.0,0.41970812959988596,0.32735432139828335,0.0,0.37255875062930144,0.8074303365552914,0.5441362584128062,0.3609069006405802,0.5232706336178969,0.5967959294860623,0.0,0.0,0.10877691940729493,0.7453150981484222,0.46344199856842394,0.1525568428788147,0.22599884873764653,0.10811405624903007
0.054034659747061946,0.0,0.0,0.0,0.33838633695257525,0.0,0.5333331041318499,0.12095406350384441,0.08858475475552742,0.4887565173253599,0.14574246135367455,0.1409442136983842,0.06287559897541065,0.12309617960146582,0.0,0.0,0.3280207072199555,0.0,0.0,0.0,0.08004793714267891,0.0,0.0,0.006891519562024699,0.0,0.0,0.0,0.15087109107972257,0.0,0.08394409396353336,0.3613718135592991,0.27877841909742374,0.2535911556058373,0.41787880361110585,0.2211478379662844,0.6669949828543902,0.13913564520297086,0.0,0.197812408894103,0.07460066946894775,0.057680551519588535,0.14593438391717792,0.18050187727908434,0.18915428838131912,0.0,0.01825312227588107,0.14395327275114222,0.0,0.48053392318832544,0.0,0.0,0.03702017997572287,0.29531721870453964,0.0,0.0264522585209321,0.0,0.2180756921367902,0.0,0.2672591025193476,0.07466493750340189,0.0,0.0,0.0,0.0,0.0,0.1391568278156031,0.0,0.16601713168036372,0.0,0.027426436194472558,0.0,0.0,0.0,0.0,0.0,0.029440102349358635
0.0,0.0,0.26192020610647976,0.33838633695257525,0.0,0.17988232875770802,0.8110530840608481,0.2170813885325953,0.9046232615036373,0.15598010906771057,0.8829235102207269,0.24226575307180018,0.3329093176275006,0.0,0.0,0.041952863392548015,0.1074989321329774,0.2736040485697458,0.4353821229848232,0.10812676041910081,0.0,0.2812470691123253,0.0,0.03721733876547186,0.0,0.0,0.16845177228405356,0.46323491914326853,0.0,0.265095182630142,0.17147773096997412,0.0,0.0,0.09497678955126908,0.0,0.36201449256002216,0.0,0.0,0.0,0.0,0.08636641897910823,0.0,0.0,0.11692673556641058,0.0,0.0,0.06939680313265117,0.6094882644563618,0.0,0.28470359824219643,0.0,0.0,0.23202353122538713,0.6272482248868269,0.0,0.6684081463845102,0.013356757969488368,0.110309983095538,0.0,0.47244928036816664,0.0,0.0,0.0,0.47093620304071987,0.22961164701682363,0.0,0.034723199008552676,0.5584584489378686,0.0,0.3312645514995614,0.11998328975567683,0.1758947584267633,0.1430567328991027,0.0,0.13813921840129637,0.16678734314237195
0.09529964457468361,0.6213865066355562,0.4541260127925774,0.0,0.17988232875770802,0.0,0.28582177335789705,0.7441943915151015,0.3224860087879487,0.0,0.36715275610309245,0.2307704673330436,0.7847345229389275,0.15353256845625785,0.2494446445331227,0.1535216802664884,0.0,0.4845727482813552,0.4717464659599859,0.42690910098389684,0.2496249323834492,0.4678602718166271,0.687553076946743,0.3786495769178159,0.1585309208960407,0.5803694199775062,0.6477616519737422,0.435201967238768,0.5534262988469971,0.3843983665099842,0.07800946656942924,0.0,0.30275456865076994,0.19699905058423234,0.038136988446255765,0.06869667614276027,0.0,0.053139704818775724,0.0,0.043119185077431434,0.0,0.0,0.0,0.0,0.10640755673419434,0.09613700938671119,0.5717824665203171,0.5477845290192517,0.0,0.32843994354248135,0.5536482232429962,0.05937255017210127,0.4901011023091526,0.5104519016918194,0.0,0.5160000063626617,0.10525887612380759,0.5284064796618655,0.0,0.30328615652775,0.11828708003023101,0.0,0.08476924073780409,0.4535001726188085,0.2021049753863899,0.14833409356572605,0.1678658586129801,0.6715023557001136,0.03537679410563923,0.3701492145625697,0.4932007655995798,0.4160205572680108,0.0,0.0,0.018244311009387112,0.0
0.0049731126525645545,0.0,0.2931975431334636,0.5333331041318499,0.8110530840608481,0.28582177335789705,0.0,0.3302969501400501,0.7451874501090932,0.3224917902161985,0.7695650362411662,0.21289124651448427,0.5069834231275365,0.029131980608248946,0.0,0.15333311183122747,0.303019610474163,0.36486841531979247,0.41885432028423264,0.1867406616552181,0.004225310512464798,0.37502940345730235,0.0,0.06792608490666831,0.03512840188020793,0.04772170391649227,0.2892750938971271,0.591276794967595,0.2689763900419336,0.40062010925259006,0.43449137063603793,0.0,0.17908485989907652,0.3835289192869041,0.013368408011670774,0.5236372628876955,0.0,0.0432063177473237,0.0,0.0,0.0,0.0,0.0,0.0980282832161232,0.0,0.017577414251544146,0.19215759420183695,0.5935710050342425,0.0,0.3070842669063143,0.0,0.0,0.34511023637468274,0.5792657666738353,0.0,0.6452928581368238,0.11156714791035528,0.1447734736232626,0.0,0.5416477503078584,0.04179913262416957,0.0,0.0,0.4973127062128923,0.18175132699325627,0.066735261486177,0.11395803282817174,0.6449877591727667,0.0,0.324383018463142,0.19594047024273828,0.21472820418599048,0.13726788878748247,0.0,0.06910107356300885,0.17161796384185246
0.0797685144181803,0.42137239814439703,0.386794089768803,0.12095406350384441,0.2170813885325953,0.7441943915151015,0.3302969501400501,0.0,0.23800236533472993,0.13123839280130511,0.34398283602834684,0.47315925588776475,0.6289997898960394,0.06602842109055683,0.0,0.09471591250751606,0.01917075234411452,0.3575043536948779,0.37678707693204944,0.10810219017781393,0.3289828495857203,0.16363567741191334,0.6739010128194953,0.6491270536841006,0.0,0.5739253818741621,0.25866298806375143,0.2732212347715882,0.2739768092480258,0.35736331377797875,0.07352345827434391,0.0,0.41038921870254946,0.2851082409621652,0.11646297680693495,0.281155070028383,0.0,0.026498166867511903,0.0,0.19652176215426534,0.0,0.0,0.0,0.0,0.09588790686161423,0.1344112648186835,0.5807753420297935,0.5030976182899329,0.0,0.17330874727349177,0.5254123282527116,0.04245292249079934,0.8346412508640373,0.3064827960684182,0.0,0.4261414816559277,0.4093546554556014,0.5938767999268588,0.10869828576591999,0.17920044888685707,0.0335652168898181,0.0,0.1260551239693345,0.3510860135856606,0.0,0.3014120548955634,0.0,0.6697528740771344,0.34379244680827525,0.3014167940204061,0.6128682794384761,0.06571922358705831,0.0,0.0,0.12154170750578588,0.0
0.0,0.0,0.5355125757878697,0.08858475475552742,0.9046232615036373,0.3224860087879487,0.7451874501090932,0.23800236533472993,0.0,0.0,0.9640298903755175,0.16038644460217047,0.394493262465687,0.018718556962703692,0.012241582330624202,0.14110847028510462,0.0,0.36959654652920393,0.6828030887560731,0.3880996629462757,0.0,0.517977098481591,0.03358946358984741,0.060929627918666,0.0,0.0,0.45794231571554783,0.6008719910568521,0.18411705935938236,0.367486816114429,0.24173015564270836,0.0,0.0,0.11448026551167143,0.0,0.18998309926160076,0.0,0.0,0.0,0.0,0.013475200515923137,0.0,0.0,0.04764272716402656,0.0,0.0,0.0,0.8230987456596371,0.0,0.4679415337433801,0.0,0.0,0.15348498278847655,0.8776367749563724,0.0,0.8227074423671523,0.0,0.08261384546941937,0.0,0.6805088246579901,0.08550847826923677,0.0,0.08998108873377801,0.733446595763683,0.4891901098426297,0.0,0.286260253905432,0.6910569574836767,0.0,0.3130641157892736,0.11739343877726993,0.4365516014072887,0.21257192211345882,0.0,0.1502767903100659,0.16957498433095364
0.0,0.0,0.0,0.4887565173253599,0.15598010906771057,0.0,0.3224917902161985,0.13123839280130511,0.0,0.0,0.06358773275398036,0.5448459764693223,0.1936526866918526,0.0,0.0,0.0,0.6992715993543486,0.0623596733276381,0.0,0.0,0.05930047093881307,0.0,0.0,0.1596603749580923,0.09665262083861363,0.08403854388037148,0.0,0.182771047164055,0.0,0.1343404565007877,0.3107944142540768,0.02901317881098208,0.2562065996303906,0.36067766960406294,0.07005197740077283,0.2786245086171742,0.10198223531170661,0.20217656094669875,0.0,0.0,0.0,0.0434948604339976,0.27557792621663785,0.19847923406296336,0.19081430800748797,0.0,0.050141914393947,0.02682726029456206,0.2739952569216485,0.0,0.0,0.15924271986749614,0.14785804613523088,0.0,0.6182985633976303,0.0,0.7436310566850177,0.0488045914849352,0.18315551751789022,0.0,0.0,0.3894611883065886,0.0,0.0,0.0,0.0,0.0,0.0,0.19764749540360269,0.0,0.0,0.0,0.12035753315585783,0.0,0.0,0.14217727306725203
0.0,0.0,0.5784431148358133,0.14574246135367455,0.8829235102207269,0.36715275610309245,0.7695650362411662,0.34398283602834684,0.9640298903755175,0.06358773275398036,0.0,0.2219299158177653,0.5188843048535985,0.05897953705264408,0.09818783474307434,0.08962179108617953,0.031130891060308363,0.33340030755386874,0.7018137535713419,0.4436877150381215,0.0,0.5541963128953212,0.17174649457291372,0.07612384745250905,0.0,0.041426251407149936,0.5345076484689492,0.6595023909296075,0.25052747712735257,0.42271636758892456,0.2909784049343513,0.0,0.0,0.177399239538545,0.0,0.2071462782825428,0.0,0.06449613037739925,0.0,0.0,0.0,0.0,0.0,0.017422109394356757,0.0,0.0,0.07252196037298708,0.8723371839543933,0.0,0.465761922508567,0.0,0.0,0.2423652860940584,0.8435972949981121,0.0,0.8895664435858193,0.0,0.127895270510102,0.0,0.7006294728750817,0.07747761711658256,0.0,0.041513785612295864,0.756341342094985,0.4962997030579201,0.0,0.3136928602489685,0.7497531023774636,0.0,0.3206731020442485,0.16300160767859034,0.4976913795421816,0.2417471371699628,0.0,0.14159174126429527,0.10478827741424375
0.0,0.16798551439689577,0.017796569784719857,0.1409442136983842,0.24226575307180018,0.2307704673330436,0.21289124651448427,0.47315925588776475,0.16038644460217047,0.5448459764693223,0.2219299158177653,0.0,0.2609951785544578,0.0,0.0,0.04059247954628539,0.1310164887886696,0.28630792674871913,0.08902292300976893,0.0,0.0,0.0,0.16854224059828377,0.6701619133240594,0.0,0.23856882295293072,0.0,0.0,0.0,0.0,0.0,0.044236757470537236,0.19023536590297546,0.0,0.0,0.03120484354354299,0.0,0.0,0.0,0.1692044129742318,0.07069095132066582,0.004781575608471025,0.04524892305980005,0.054627071332382225,0.0,0.0,0.2953557426256837,0.2632204791788849,0.0,0.0,0.09820797765396029,0.0,0.3377596500407464,0.01968236196251292,0.12714311430531425,0.18052414691774593,0.7555940891323008,0.36788501060720524,0.0,0.06174080018220484,0.0,0.14940487039881903,0.0,0.12392524232693648,0.0,0.0,0.0,0.15085822310974298,0.3134938095813557,0.11257150875654037,0.22762509630044808,0.0,0.0,0.0,0.1255514523424055,0.0
0.13607958133077186,0.4447852957074296,0.5621393623453974,0.06287559897541065,0.3329093176275006,0.7847345229389275,0.5069834231275365,0.6289997898960394,0.394493262465687,0.1936526866918526,0.5188843048535985,0.2609951785544578,0.0,0.1682330589548669,0.35871088247763894,0.1718494154287257,0.17865892849791942,0.4004675454467269,0.5587302397923791,0.6101500310880931,0.3725025533656653,0.651083959693417,0.6211213193304227,0.25602300153624163,0.09779777391960416,0.46162432626083755,0.7196199216945144,0.7879574567103008,0.6623190973662839,0.6295765389704578,0.39792062211265916,0.0,0.2891286809917558,0.4397906475636162,0.13737411334544825,0.23010498698769777,0.0,0.3245695202720232,0.0,0.0,0.0,0.0,0.0,0.0,0.3163857447577889,0.12798576892724034,0.35051157627817114,0.6741786959544782,0.0,0.5127541495595833,0.32792256793314256,0.2600780613994579,0.3888900889615354,0.5786682665279623,0.0,0.6961396473128072,0.2960475634913357,0.5818240271714603,0.08636100901541986,0.3217137944175693,0.08890002074318024,0.0,0.07910826276097732,0.5748621211541596,0.3442625391319651,0.26959275138685,0.2753812246518193,0.7015628103472897,0.04906499667834166,0.1786737349042757,0.39000481707385865,0.5490896536291849,0.3515664472716371,0.0,0.1512976147725658,0.0
0.0,0.019940196609975504,0.006882696465739033,0.12309617960146582,0.0,0.15353256845625785,0.029131980608248946,0.06602842109055683,0.018718556962703692,0.0,0.05897953705264408,0.0,0.1682330589548669,0.0,0.1956912761933869,0.0,0.0,0.0,0.05063328471729278,0.2321123630674694,0.0,0.2014571034436796,0.15611935681564862,0.0,0.0,0.0,0.2537810900956194,0.24241366935520944,0.14742423819934022,0.086299468754302,0.33844918657472695,0.0,0.0,0.29864730650280535,0.23006742329725602,0.13549585276932669,0.13838950874407405,0.2311696143344046,0.0,0.0,0.0,0.10091084188498388,0.1751409590771489,0.1470771084390683,0.06795548650839894,0.0,0.0,0.026408459551839236,0.29053228457734964,0.28286841330186413,0.0,0.2128820073365297,0.0,0.05248934225648859,0.033025566428512246,0.17791435597406932,0.0,0.018835415800454468,0.3191911209022132,0.05699124592880977,0.0,0.0,0.0,0.09220578523528325,0.0964916544055765,0.0,0.10240112382520498,0.14165810152674008,0.0,0.0,0.0,0.19848780037418742,0.08201914880078036,0.0,0.0,0.0
0.33395543568017566,0.12250562272061973,0.5491381350548316,0.0,0.0,0.2494446445331227,0.0,0.0,0.012241582330624202,0.0,0.09818783474307434,0.0,0.35871088247763894,0.1956912761933869,0.0,0.0,0.0,0.0,0.392508543754196,0.8086487622057137,0.4027283905712896,0.7037578637591871,0.5618668900416217,0.0,0.0,0.11669130651490496,0.7056278867696143,0.482329118674138,0.594848617046648,0.42695828415771975,0.3288074202245176,0.0,0.0,0.22739354679008106,0.12661327592908742,0.0,0.0,0.3915866201817226,0.0,0.0,0.0,0.0,0.0,0.0,0.42784747320809047,0.19482477490469158,0.0,0.27159224238703805,0.0,0.48834690642582557,0.2044971810007835,0.4329211732883291,0.0,0.361903617843307,0.22584539786797708,0.26935558352651456,0.0,0.0,0.0,0.3561598241235535,0.4006395060859671,0.09476872343091451,0.21967667881821878,0.4111066767222406,0.6724620480000899,0.3199112547433161,0.7376469546954159,0.2538335699246647,0.0,0.0,0.0,0.7072391403482235,0.33767872064753685,0.2127956055844638,0.0,0.033557418852681785
0.5526154978119286,0.22132876929319217,0.08559405614973797,0.0,0.041952863392548015,0.1535216802664884,0.15333311183122747,0.09471591250751606,0.14110847028510462,0.0,0.08962179108617953,0.04059247954628539,0.1718494154287257,0.0,0.0,0.0,0.32672010560285547,0.7035715068492405,0.08829443038756947,0.014153358143358762,0.15909200897215386,0.23552541059722457,0.0,0.3324773998514471,0.4893066804581312,0.42673136470714224,0.02977193313204354,0.15409711646257526,0.2662826466591424,0.04680788573816937,0.31415962823086374,0.457640248818339,0.42804992163113964,0.07096106814151232,0.0,0.09697275405304885,0.0,0.0,0.3842277240312387,0.3078435036930181,0.5641704903279754,0.2417031547269879,0.0,0.32178843109054145,0.0,0.5288016439040973,0.08462254917227334,0.18319325429233374,0.0,0.10871834612040707,0.284629847033865,0.1684648740294892,0.16516102284825374,0.13364348925048142,0.0,0.024490058661052187,0.0,0.2318930441344829,0.0,0.24213889626404567,0.5333074997261075,0.0,0.5894163311604979,0.0,0.09931052784316713,0.18686873056589498,0.2626223445645977,0.09562323632739007,0.26086358431147394,0.42748006989506315,0.4808891876258333,0.0,0.25139164051950147,0.5080826198574213,0.47964404873490685,0.6362038556226418
0.2758953674841712,0.1584865735010532,0.0321913034469128,0.3280207072199555,0.1074989321329774,0.0,0.303019610474163,0.01917075234411452,0.0,0.6992715993543486,0.031130891060308363,0.1310164887886696,0.17865892849791942,0.0,0.0,0.32672010560285547,0.0,0.25744331769878676,0.0,0.05281173764331197,0.18681432875226447,0.06049393160656128,0.0,0.0,0.47997720335754773,0.3526248788877261,0.0,0.20819934852844407,0.15629255326444888,0.08499433134683565,0.35192113075227505,0.13080574317631768,0.28044677119442835,0.3148953363945494,0.14069083267207813,0.3493957813000107,0.11583736140021023,0.27215793648260445,0.0874305623860458,0.02379286224106023,0.0,0.0,0.2491011083331816,0.10509561047182533,0.23138890410255292,0.10667835455286749,0.0,0.006950732369199174,0.12114935588493463,0.0,0.0,0.022356728651735425,0.08249088271538371,0.0,0.370831386811002,0.0,0.46458014362827915,0.0,0.188526383041456,0.0,0.0,0.20328661077376137,0.15131268811142443,0.01419220077988263,0.0,0.1789409035610768,0.0,0.0,0.2512353083148044,0.05434819750834201,0.12403118899939057,0.028640575435557834,0.17944688626412852,0.1785890633653817,0.11091039724704461,0.16695630873752423
0.18862550562634686,0.46719374252543205,0.14480233264741546,0.0,0.2736040485697458,0.4845727482813552,0.36486841531979247,0.3575043536948779,0.36959654652920393,0.0623596733276381,0.33340030755386874,0.28630792674871913,0.4004675454467269,0.0,0.0,0.7035715068492405,0.25744331769878676,0.0,0.17026063644813136,0.0,0.0,0.19153127941989367,0.09442382966094356,0.4235233682026291,0.5719841857042656,0.4799673504102806,0.17253936066327183,0.15014904595071923,0.23251483249596508,0.0,0.04278356367819625,0.39778824760756387,0.41845077137088477,0.0,0.0,0.09400442903985366,0.0,0.0,0.2819990043432376,0.3077534654143297,0.3768393846055848,0.10340161038062244,0.0,0.08827293431855099,0.0,0.2086560200702099,0.3929351273144804,0.3889945935442642,0.0,0.08575379855386438,0.4015818508747299,0.0,0.29793056947000485,0.35507067667914916,0.0,0.3008608675063073,0.062348725010830844,0.4336091804704366,0.0,0.3441787297374834,0.3114073342066016,0.0,0.47592911112507363,0.1058060541845071,0.036978006607184415,0.0,0.0523891222702702,0.2978036276033929,0.15998420425669635,0.6329848557946348,0.5126406718325545,0.03342097177165589,0.06198772081868893,0.33481332700126637,0.4153710276607382,0.3635772332953381
0.0,0.0,0.8372542111759127,0.0,0.4353821229848232,0.4717464659599859,0.41885432028423264,0.37678707693204944,0.6828030887560731,0.0,0.7018137535713419,0.08902292300976893,0.5587302397923791,0.05063328471729278,0.392508543754196,0.08829443038756947,0.0,0.17026063644813136,0.0,0.6588663551184699,0.16194923524799076,0.6963560504712065,0.45518424563803167,0.12373507666999649,0.0,0.06653903457952198,0.7167146730012328,0.6941699944522878,0.44609998196652056,0.6542925496055705,0.3479713304283305,0.0,0.0,0.2122595679028513,0.0,0.06813833583689383,0.0,0.10377565137279386,0.0,0.0,0.0,0.0,0.0,0.0,0.1241766488841556,0.06636629548787258,0.0,0.8249482769663989,0.0,0.6931290632184403,0.12133678525399867,0.28239997277075063,0.14835781209499282,0.8557818322338031,0.0,0.7275775409381507,0.023559174574443884,0.1591814266001733,0.0,0.42256946007331414,0.13513970792959176,0.0,0.18656996641513876,0.9306840791510627,0.5547614029845229,0.16747893629944133,0.43756667889438206,0.5883800619457049,0.0,0.0,0.12554156881088474,0.6653783895761677,0.3450244740122187,0.0,0.2511635781223662,0.07521797892285922
0.2354291218111566,0.10379767570658517,0.6829005578566935,0.0,0.10812676041910081,0.42690910098389684,0.1867406616552181,0.10810219017781393,0.3880996629462757,0.0,0.4436877150381215,0.0,0.6101500310880931,0.2321123630674694,0.8086487622057137,0.014153358143358762,0.05281173764331197,0.0,0.6588663551184699,0.0,0.30933559056459453,0.9143272267945216,0.5073327169522207,0.0,0.0,0.15189389801621273,0.8985009220610966,0.7967711205556124,0.6669686478868865,0.6419824016821556,0.4854681966540995,0.0,0.0,0.33044420009650133,0.0,0.0,0.0,0.4173752672774292,0.0,0.0,0.0,0.0,0.0,0.0,0.3912407928106819,0.11139269838359489,0.0,0.5573271904739071,0.0,0.6723036490840607,0.10509660579302846,0.3749185706657069,0.0,0.6320117183653353,0.023583170396849457,0.5548627711578973,0.0,0.0,0.0,0.44051357452649753,0.25160767184714006,0.0,0.14514686622509523,0.7040822917493714,0.8797917401846667,0.25688637165502964,0.7745046834327385,0.4812251184097292,0.0,0.0,0.023501689441648002,0.8847786794795699,0.46332459307976387,0.14177246310589567,0.020796495497950394,0.018580274737171172
0.5747107386030829,0.146033195270785,0.3657273765180143,0.08004793714267891,0.0,0.2496249323834492,0.004225310512464798,0.3289828495857203,0.0,0.05930047093881307,0.0,0.0,0.3725025533656653,0.0,0.4027283905712896,0.15909200897215386,0.18681432875226447,0.0,0.16194923524799076,0.30933559056459453,0.0,0.27287964516737523,0.4165238126581579,0.13287809933912662,0.058146056805780146,0.3438158163126091,0.29889917423676443,0.37736473271537757,0.6373690076195567,0.5053368000679633,0.5036067228784502,0.0,0.2576461134661849,0.5223133252484176,0.39167639082964717,0.18880007291782186,0.008146183063575974,0.3087652948353849,0.0,0.02678362073504192,0.0,0.0,0.016852329607676204,0.0,0.34933556075065947,0.5306300323380608,0.0697405578429899,0.1069293508568841,0.15827714609383134,0.18879346843412512,0.26473270797608,0.3478148278486752,0.32326103563988123,0.07075482179075993,0.210542565553536,0.02897052063439737,0.03935048113747267,0.14405624495056923,0.14812505528516484,0.02847080912049521,0.4504075126386982,0.15926379000480012,0.37772404763921397,0.1372622491429588,0.14203916117807,0.8602624886598699,0.3670322443687169,0.24939269930272207,0.27832402655850363,0.0,0.3266853742677715,0.309444749993625,0.2757871291101114,0.2589368081234661,0.06946083142040728,0.09527366932851317
0.31899153843277184,0.18518854100344745,0.6410049757698573,0.0,0.2812470691123253,0.4678602718166271,0.37502940345730235,0.16363567741191334,0.517977098481591,0.0,0.5541963128953212,0.0,0.651083959693417,0.2014571034436796,0.7037578637591871,0.23552541059722457,0.06049393160656128,0.19153127941989367,0.6963560504712065,0.9143272267945216,0.27287964516737523,0.0,0.40461933429190994,0.0,0.059156623211493176,0.1995607200374446,0.8344671296152839,0.8260039152840067,0.6914562363921066,0.6214843303740437,0.5511538977676979,0.0,0.0,0.3282594134499205,0.0,0.0,0.0,0.24386192999796807,0.0,0.0,0.0,0.0,0.0,0.08540087523741616,0.22566022159173435,0.2384029321576647,0.0,0.643515110338651,0.0,0.6470663286126115,0.07651087639569774,0.3171259405760492,0.0,0.6915732271909234,0.0,0.6215396678770966,0.0,0.07386644464938083,0.0,0.562672068625369,0.34758884581313926,0.0,0.17835311857993844,0.6990386617479613,0.795456716089342,0.2556593757400427,0.7830399358727083,0.5420169341734369,0.0,0.1174962889295841,0.19231501118878178,0.7560652354066474,0.4708176639297072,0.1727362857703028,0.19737937994276636,0.24756999254849743
0.15773964032225085,0.3551235635411588,0.6509393251730397,0.0,0.0,0.687553076946743,0.0,0.6739010128194953,0.03358946358984741,0.0,0.17174649457291372,0.16854224059828377,0.6211213193304227,0.15611935681564862,0.5618668900416217,0.0,0.0,0.09442382966094356,0.45518424563803167,0.5073327169522207,0.4165238126581579,0.40461933429190994,0.0,0.34452280150242226,0.0,0.4018149964405692,0.6045337587347384,0.4042424822822007,0.5126409473787518,0.4710247767701239,0.19017409064013896,0.0,0.16441160309474986,0.3130576483401868,0.20575888984242244,0.0,0.0,0.2802713224959053,0.0,0.0,0.0,0.0,0.0,0.0,0.3883832247259993,0.227009910245947,0.2717045047225887,0.487013684367679,0.03321198235395781,0.45059201661048687,0.6762523011056036,0.4134992575088461,0.45972224905277725,0.35324921973871637,0.08151988713339126,0.33512280438213804,0.23559483502193937,0.4161086207521096,0.0,0.26221015974033607,0.2117464116465421,0.06315453105322476,0.20497224463657188,0.4541232413612725,0.2732583213734233,0.3856389681572974,0.3265276346750436,0.6063031780906709,0.11309044350138187,0.013117397718329751,0.340725067408369,0.5242799517114924,0.15009703648178596,0.0,0.004410016253045852,0.0
0.18061292603329032,0.3011829409842537,0.11665314146632372,0.006891519562024699,0.03721733876547186,0.3786495769178159,0.06792608490666831,0.6491270536841006,0.060929627918666,0.1596603749580923,0.07612384745250905,0.6701619133240594,0.25602300153624163,0.0,0.0,0.3324773998514471,0.0,0.4235233682026291,0.12373507666999649,0.0,0.13287809933912662,0.0,0.34452280150242226,0.0,0.1329326961952182,0.5358920902014551,0.0,0.0,0.0,0.0,0.0,0.30646991529856027,0.4082997146153523,0.0,0.0,0.1066664779906372,0.0,0.0,0.24354397171774592,0.4310802459292811,0.26846302268186745,0.07545953950096945,0.0,0.0,0.0,0.22052296730668655,0.39052573457380224,0.28080763611366694,0.0,0.0,0.41255258188839583,0.0,0.5640918594552433,0.05763914284093675,0.0,0.11433744551985156,0.47751890594689583,0.462545277921408,0.0,0.0796039003311829,0.02976056368764772,0.08405117214144663,0.276987839925888,0.0664381007695048,0.0,0.09107478701131343,0.0,0.2215623278851202,0.6397556199296698,0.3416920422694802,0.6408782965845622,0.0,0.0,0.0,0.33112949908629635,0.12795685246907745
0.4344379596912235,0.6302261871200466,0.0,0.0,0.0,0.1585309208960407,0.03512840188020793,0.0,0.0,0.09665262083861363,0.0,0.0,0.09779777391960416,0.0,0.0,0.4893066804581312,0.47997720335754773,0.5719841857042656,0.0,0.0,0.058146056805780146,0.059156623211493176,0.0,0.1329326961952182,0.0,0.6687298595727077,0.0,0.0,0.1589224744924464,0.0,0.0,0.39947102831023523,0.37252050976151807,0.0,0.0,0.07465506647994763,0.07080300023150729,0.04554701965872561,0.39872504347541604,0.371940951674031,0.1924921960126521,0.0,0.0,0.0,0.017730123190618684,0.1935236666733599,0.4052933750221933,0.0,0.0,0.0,0.2804119333290086,0.0,0.10489972761044068,0.0,0.0,0.0,0.027515148387936568,0.11739372498161191,0.0,0.04533029391710549,0.10379904880543896,0.03175524494841289,0.20225562016268625,0.0,0.0,0.06289210367286742,0.0,0.0,0.2936234698529713,0.599855046940185,0.4853383039786686,0.0,0.0,0.4940604765976051,0.207577292286915,0.17659146962967787
0.4714066743044427,0.7665653900916233,0.09013156234879335,0.0,0.0,0.5803694199775062,0.04772170391649227,0.5739253818741621,0.0,0.08403854388037148,0.041426251407149936,0.23856882295293072,0.46162432626083755,0.0,0.11669130651490496,0.42673136470714224,0.3526248788877261,0.4799673504102806,0.06653903457952198,0.15189389801621273,0.3438158163126091,0.1995607200374446,0.4018149964405692,0.5358920902014551,0.6687298595727077,0.0,0.17375927176622905,0.10003326807523438,0.28565678307524117,0.0,0.0,0.23616795724237252,0.4924803460206684,0.0,0.0,0.2023618790139296,0.011121677183197771,0.09142335898271098,0.2208224817139663,0.3937329906807948,0.04973142065019319,0.0,0.0,0.0,0.17916316699292395,0.24318903918662335,0.662759220027825,0.1628302312646832,0.0,0.0,0.48933172046395673,0.0,0.509257376721578,0.0,0.0,0.14178417952798944,0.3142445299953433,0.45621930074480166,0.0,0.08909641089098308,0.11521242678877718,0.0,0.193420039223266,0.0,0.05221438056061668,0.2795831676567968,0.11841591961499079,0.3116010771156799,0.5402577870897269,0.531761289978167,0.8034205627846268,0.0607093073105256,0.0,0.10913916575835174,0.13386366419608117,0.0
0.19507657818953503,0.2175444181630042,0.7616754862484991,0.0,0.16845177228405356,0.6477616519737422,0.2892750938971271,0.25866298806375143,0.45794231571554783,0.0,0.5345076484689492,0.0,0.7196199216945144,0.2537810900956194,0.7056278867696143,0.02977193313204354,0.0,0.17253936066327183,0.7167146730012328,0.8985009220610966,0.29889917423676443,0.8344671296152839,0.6045337587347384,0.0,0.0,0.17375927176622905,0.0,0.7854587852531202,0.7835154752122588,0.625266214861471,0.42074409102805155,0.0,0.0,0.37149764079773334,0.09334896935987338,0.0,0.0,0.42653950119106554,0.0,0.0,0.0,0.0,0.0,0.0,0.34244749528698604,0.16288393494654427,0.0,0.6852155567097208,0.0,0.7093661852238025,0.2319886015721019,0.3142314012833724,0.0,0.7564438815966326,0.0,0.6680579822411284,0.0,0.09579108268583274,0.0,0.4937704251919242,0.278833662534144,0.0,0.1296855089655396,0.7300735972533404,0.7021083764571229,0.2660904601789146,0.631194837150242,0.6171572904017247,0.0,0.0633338512592594,0.09524248357607286,0.9219546531324376,0.337447080245749,0.13579708014546724,0.0,0.0
0.20710715275898947,0.0,0.6912240535721796,0.15087109107972257,0.46323491914326853,0.435201967238768,0.591276794967595,0.2732212347715882,0.6008719910568521,0.182771047164055,0.6595023909296075,0.0,0.7879574567103008,0.24241366935520944,0.482329118674138,0.15409711646257526,0.20819934852844407,0.15014904595071923,0.6941699944522878,0.7967711205556124,0.37736473271537757,0.8260039152840067,0.4042424822822007,0.0,0.0,0.10003326807523438,0.7854587852531202,0.0,0.6975240590966594,0.8177934680320995,0.7205115365901154,0.0,0.0073066355996551915,0.6084030885007005,0.10397577728168565,0.2943920190394387,0.0,0.35380407019203197,0.0,0.0,0.0,0.0,0.0,0.07749157858516507,0.2262304526040059,0.22894585577652463,0.0,0.700670584476673,0.0,0.6724927493578251,0.0,0.4251557897316455,0.0966515307418094,0.6994249931628284,0.0,0.6816706640160846,0.056585627990546006,0.21154696170457396,0.06301549596402195,0.4816498893584755,0.3103967224863394,0.0,0.19544953440865254,0.7210852669289735,0.6682922545772515,0.363743081978605,0.619359778832522,0.6921012791002177,0.0,0.0,0.12875710263615653,0.7331113142974753,0.5938735225765964,0.07901640889774665,0.20052129488963416,0.15707432138780517
0.4805850585404001,0.2832470054300678,0.6133148090696611,0.0,0.0,0.5534262988469971,0.2689763900419336,0.2739768092480258,0.18411705935938236,0.0,0.25052747712735257,0.0,0.6623190973662839,0.14742423819934022,0.594848617046648,0.2662826466591424,0.15629255326444888,0.23251483249596508,0.44609998196652056,0.6669686478868865,0.6373690076195567,0.6914562363921066,0.5126409473787518,0.0,0.1589224744924464,0.28565678307524117,0.7835154752122588,0.6975240590966594,0.0,0.6571667675083648,0.5966789438315705,0.0,0.2048665838244053,0.5574515409526,0.30210681873778494,0.02974660120239988,0.0,0.34752044867550985,0.0,0.0,0.0,0.0,0.0,0.0,0.3038011712516214,0.47829609428353076,0.09205765260934569,0.4280418837888345,0.0,0.5329855519165756,0.30812463675652146,0.43476824597567676,0.14522924471665546,0.5116264192323113,0.03694773243774784,0.3572379906141475,0.0,0.18556996059224884,0.0,0.31543599404632644,0.566389470693568,0.0,0.3385503931718424,0.41900778696503227,0.4495977273494247,0.5812498869323375,0.5786384080502778,0.4882683943944215,0.0,0.17645554795897314,0.24321217074260348,0.6892512972024409,0.3316607266488361,0.39096637593452,0.0800830216746298,0.16490438416072425
0.17468072114130315,0.0,0.668885932030889,0.08394409396353336,0.265095182630142,0.3843983665099842,0.40062010925259006,0.35736331377797875,0.367486816114429,0.1343404565007877,0.42271636758892456,0.0,0.6295765389704578,0.086299468754302,0.42695828415771975,0.04680788573816937,0.08499433134683565,0.0,0.6542925496055705,0.6419824016821556,0.5053368000679633,0.6214843303740437,0.4710247767701239,0.0,0.0,0.0,0.625266214861471,0.8177934680320995,0.6571667675083648,0.0,0.6417466801876239,0.0,0.0,0.6242481213184422,0.25402562494493613,0.26743133325693075,0.0,0.2626676790252352,0.0,0.0,0.0,0.0,0.0,0.015060130107834885,0.28688194941502715,0.28569501354150034,0.0,0.5501603955538231,0.06677470314534498,0.585848425579852,0.09806086788243128,0.47409709950321144,0.2130560805616671,0.5600378347590257,0.07884179178834055,0.46767844795094066,0.04724893901327999,0.20552992952351756,0.10887394520411564,0.2613009615413106,0.34810176643385043,0.0,0.26696488805325475,0.6438881589296521,0.5019741447428889,0.4527121832013358,0.5268957598592996,0.608212962048434,0.0,0.0,0.09321540813086096,0.593605679069411,0.5167759040525021,0.07245203500009284,0.23971811447688585,0.14448877625299644
0.43113913415853056,0.0,0.43842748665420855,0.3613718135592991,0.17147773096997412,0.07800946656942924,0.43449137063603793,0.07352345827434391,0.24173015564270836,0.3107944142540768,0.2909784049343513,0.0,0.39792062211265916,0.33844918657472695,0.3288074202245176,0.31415962823086374,0.35192113075227505,0.04278356367819625,0.3479713304283305,0.4854681966540995,0.5036067228784502,0.5511538977676979,0.19017409064013896,0.0,0.0,0.0,0.42074409102805155,0.7205115365901154,0.5966789438315705,0.6417466801876239,0.0,0.0,0.11876930784328722,0.7713373455021865,0.3358837524043704,0.406007652963894,0.0,0.23672135274033665,0.0,0.0,0.03497435483420559,0.04555613547592853,0.16268878731701364,0.32612946310517493,0.11861592638282094,0.4387104258950825,0.0,0.33098649588117857,0.3538688767890164,0.46525259922162854,0.0,0.5104652976100145,0.08473958499776742,0.30611878267832193,0.1994623575350875,0.24166962667347003,0.0,0.0,0.2548800525507061,0.3310349404668377,0.46468762636925587,0.0,0.22333687962394944,0.3938952237822336,0.369026524490532,0.48979805857725733,0.5278514013054242,0.3851374926276297,0.0,0.0,0.0,0.43051494705973614,0.5191027105833187,0.21728035826333644,0.13799763594831643,0.419167568229012
0.2603117932661767,0.20584307913868571,0.0,0.27877841909742374,0.0,0.0,0.0,0.0,0.0,0.02901317881098208,0.0,0.044236757470537236,0.0,0.0,0.0,0.457640248818339,0.13080574317631768,0.39778824760756387,0.0,0.0,0.0,0.0,0.0,0.30646991529856027,0.39947102831023523,0.23616795724237252,0.0,0.0,0.0,0.0,0.0,0.0,0.5176291877962615,0.0,0.03485640478109266,0.19791029472056354,0.1517764869142853,0.0,0.9407125099258922,0.6553186254591433,0.6505294277021776,0.534265860308051,0.03324149809637384,0.24327393428797595,0.0,0.26728075843300225,0.3070305455320638,0.0,0.1494535382828454,0.0,0.15445296683256488,0.0,0.2312990828893326,0.0,0.0,0.0,0.0,0.1374800450463757,0.0,0.0,0.13137529221796587,0.04075434991040323,0.1924211232585929,0.0,0.0,0.0,0.0,0.0,0.35662513547014696,0.39023940361172865,0.31015370387521796,0.0,0.0,0.2775903247945746,0.1988047735446386,0.38846707505755596
0.3622887983880373,0.3867197990130757,0.0,0.2535911556058373,0.0,0.30275456865076994,0.17908485989907652,0.41038921870254946,0.0,0.2562065996303906,0.0,0.19023536590297546,0.2891286809917558,0.0,0.0,0.42804992163113964,0.28044677119442835,0.41845077137088477,0.0,0.0,0.2576461134661849,0.0,0.16441160309474986,0.4082997146153523,0.37252050976151807,0.4924803460206684,0.0,0.0073066355996551915,0.2048665838244053,0.0,0.11876930784328722,0.5176291877962615,0.0,0.27682111398392945,0.21914152278186472,0.24408899541928777,4.8598124768155535e-05,0.0,0.4529986259076508,0.5857543030963175,0.3537961609034326,0.19790560547689778,0.0,0.10205435547908846,0.0,0.332666076560991,0.49912926628284143,0.04813259314003102,0.13769784146483405,0.0,0.3122926500752675,0.02372121367035668,0.4910913173394645,0.0,0.03296781954087161,0.0,0.1648133031828581,0.40911649853417337,0.050040055113125974,0.09904629220167244,0.21433268632789582,0.04790388168127681,0.16344274444287923,0.0,0.0,0.28218294049418646,0.0,0.1796572311401043,0.38155186632991106,0.4115931421525058,0.5397642098081272,0.0,0.0,0.1303495304579582,0.1041704770918339,0.13395431811319794
0.3242592587954768,0.0,0.3805376695882689,0.41787880361110585,0.09497678955126908,0.19699905058423234,0.3835289192869041,0.2851082409621652,0.11448026551167143,0.36067766960406294,0.177399239538545,0.0,0.4397906475636162,0.29864730650280535,0.22739354679008106,0.07096106814151232,0.3148953363945494,0.0,0.2122595679028513,0.33044420009650133,0.5223133252484176,0.3282594134499205,0.3130576483401868,0.0,0.0,0.0,0.37149764079773334,0.6084030885007005,0.5574515409526,0.6242481213184422,0.7713373455021865,0.0,0.27682111398392945,0.0,0.5017044731858596,0.4198294519522837,0.0,0.36674489580243186,0.0,0.0,0.07310079236156158,0.0020330142488531183,0.11093657387067392,0.15227493639795267,0.2058399139463113,0.3751769821115074,0.0,0.26377834279251394,0.3983406453488571,0.31495259353223365,0.01225930478290073,0.46431009058113043,0.25036233322284207,0.19784889383794646,0.2735450678864194,0.16796666060052898,0.08516289736797257,0.08629684284450316,0.3026097938061746,0.16475587534673644,0.36913892643563256,0.0,0.15535130016149576,0.2641348950963816,0.1699577333970604,0.494001468637198,0.31851384677174577,0.39306691761110263,0.0,0.0,0.0,0.38821068307179313,0.33275217968045456,0.08532414226380408,0.0,0.13416451632222706
0.16241650128004728,0.0714048833125759,0.08056692087160305,0.2211478379662844,0.0,0.038136988446255765,0.013368408011670774,0.11646297680693495,0.0,0.07005197740077283,0.0,0.0,0.13737411334544825,0.23006742329725602,0.12661327592908742,0.0,0.14069083267207813,0.0,0.0,0.0,0.39167639082964717,0.0,0.20575888984242244,0.0,0.0,0.0,0.09334896935987338,0.10397577728168565,0.30210681873778494,0.25402562494493613,0.3358837524043704,0.03485640478109266,0.21914152278186472,0.5017044731858596,0.0,0.1589913099723636,0.05991172347708192,0.3247773883873399,0.05804123069884414,0.011635985737336766,0.0,0.14279624304349633,0.24891410415150203,0.06020397284011416,0.21937895855403974,0.19415551845331208,0.0,0.0,0.49749208172411685,0.06557144210462679,0.12316073783193399,0.28452818414361314,0.17554611292996183,0.0,0.2599801604872143,0.0,0.0,0.10703378258360642,0.4075895754019103,0.0,0.06826905805210993,0.0672663141060728,0.0,0.0,0.0,0.4081169670428541,0.0,0.022426564276959424,0.0,0.0,0.0,0.06357954166632648,0.030895663145849288,0.0,0.0,0.0
0.13067323884198465,0.0,0.04647569276601107,0.6669949828543902,0.36201449256002216,0.06869667614276027,0.5236372628876955,0.281155070028383,0.18998309926160076,0.2786245086171742,0.2071462782825428,0.03120484354354299,0.23010498698769777,0.13549585276932669,0.0,0.09697275405304885,0.3493957813000107,0.09400442903985366,0.06813833583689383,0.0,0.18880007291782186,0.0,0.0,0.1066664779906372,0.07465506647994763,0.2023618790139296,0.0,0.2943920190394387,0.02974660120239988,0.26743133325693075,0.406007652963894,0.19791029472056354,0.24408899541928777,0.4198294519522837,0.1589913099723636,0.0,0.1725294424629881,0.0014298036699119034,0.08135884908771181,0.051772329318840155,0.0180998781948041,0.0,0.1726395431092145,0.0989842648645818,0.0,0.14368803661578483,0.18017311909825656,0.1251477329752761,0.3209737872439521,0.0765658725980648,0.0,0.08280654508939071,0.39066474009930074,0.06002405541890484,0.0,0.12779687930085662,0.1373770636959709,0.14905176880345164,0.29163827503737205,0.02350039565560755,0.0,0.0,0.0,0.09523130086459398,0.0,0.2726394991275467,0.0,0.30346332173132645,0.08526822075026014,0.09381503562300614,0.23058342551014566,0.0,0.1324657326571599,0.0,0.06786412658824006,0.04925750382571136
