0.0,0.1367057804684231,0.08296944819624538,0.03593318735687356,0.0,0.06337450813191736,0.003307132672398425,0.05304626673297032,0.0,0.0,0.0,0.0,0.09049327069500818,0.0,0.22208122148478185,0.3674907237713788,0.18347112718223887,0.12543644515731533,0.0,0.1565609699941616,0.38218411558249227,0.21213019142561312,0.10489726549288544,0.12010805917178466,0.28890235773847783,0.3134866477989297,0.12972642496196157,0.1377267879149003,0.3195902968628431,0.11616312769963401,0.2867086302961515,0.17310801034785578,0.24092298037431023,0.2156332389810664,0.10800739002823397,0.0868980390700773,0.052758647831832095,0.11476294556776509,0.1440361319741101,0.13269249494859753,0.15170177887087957,0.04629237773677218,0.0,-3.370951700400433e-05,0.0731529937742355,0.4726911301608098,0.06162877273259498,0.0,0.0,0.0284831374843722,0.13628727021369186,0.10093940258370523,0.11762272889728188,0.0,0.054777519027874276,0.0,0.0,0.0,0.0,0.13283639778010028,0.3795165713566789,0.031191711508967292,0.26367178820075954,0.0,0.14129673599856765,0.38811405656590986,0.33414879001690384,0.08003803793906232,0.2051732103051934,0.19732404595023098,0.30975549557233895,0.1004187186640582,0.11457160562854257,0.3020296375269254,0.08835764191967481,0.25060733334105767
0.1367057804684231,0.0,0.0,0.0,0.0,0.41322362107004235,0.0,0.28021372579034376,0.0,0.0,0.0,0.11171079803815455,0.29578336273518413,0.013260281901897314,0.08146655339547776,0.14718419939548066,0.10539397797303443,0.31068503735767683,0.0,0.06902572063619831,0.09711244950095833,0.12315085486560806,0.23615808081883774,0.20028742843466937,0.419102031270291,0.5097679510224897,0.14466759618521183,0.0,0.18835998527677267,0.0,0.0,0.13688617571443715,0.25716965846731205,0.0,0.047484430590978156,0.0,-0.0013587009325838335,0.04945050321913435,0.1444941021767547,0.23055023307922587,0.0,0.0,0.0,0.0,0.1487925627345509,0.0,0.4911114280637034,0.013058716595608288,0.0,0.0,0.33422727922991785,0.0,0.21511732163882558,0.0,0.0,0.06166181438147846,0.1419375041760835,0.31148936612161415,0.0,0.0,0.0,0.0,0.0,0.0,0.0,0.041231466289155284,0.0,0.09540678014728253,0.16995816453002646,0.2856068510390016,0.3418664896796967,0.028821414341204124,0.0,0.0,0.0,0.0
0.08296944819624538,0.0,0.0,0.0,0.17417760901301538,0.30199496356027156,0.19497711837748025,0.25721906201046246,0.35611723674809975,0.0,0.38466615535261106,0.011834764563661102,0.3738241181194616,0.004577010807166962,0.3651782686167893,0.056920266929792684,0.02140729937848426,0.09629392269865872,0.5567761983946109,0.4541306229454383,0.24320964365236356,0.4262699533752294,0.4328763212147642,0.07757463834692148,0.0,0.059937720193065945,0.50651615242184,0.45966576895003514,0.4078559214809078,0.44481086081697413,0.29155540340393216,0.0,0.0,0.2530585265396589,0.05357720907279577,0.030906454922062763,0.0,0.15641767400780052,0.0,0.0,0.0,0.0,0.0,0.0,0.14732232365862544,0.18316735643592666,0.0,0.5452256824444385,0.0,0.47883009936981624,0.2043425802648102,0.29060819193750415,0.11983208995962269,0.5204165877127802,0.0,0.41841664058554595,0.04568317424280306,0.1077369519178568,0.0,0.2791069829385888,0.21769146355226768,0.0,0.2477525249621533,0.5369432452592122,0.3618520078176059,0.2400040148270141,0.34797631379855604,0.3968708241788865,0.0,0.0,0.07233693047134242,0.49563645236296816,0.3081901180012258,0.10145069189661435,0.15028981420705884,0.07189612477053119
0.03593318735687356,0.0,0.0,0.0,0.22502778219833572,0.0,0.35466788250544595,0.0804347625358212,0.058909089175233326,0.3250243379185915,0.09691911070020656,0.09372826369960889,0.04181243462501724,0.0818592752363049,0.0,0.0,0.21813461183328206,0.0,0.0,0.0,0.05323208356161655,0.0,0.0,0.004582878188832446,0.0,0.0,0.0,0.10032966262544811,0.0,0.05582303784301435,0.24031318311068905,0.1853883639014758,0.1686387690620389,0.2778904764629428,0.14706387959891049,0.44355337476340184,0.09252556101030475,0.0,0.1315457593992303,0.04960963658370501,0.03835771473908226,0.09704673969731065,0.12003421146534383,0.1257880870459558,0.0,0.012138373141561607,0.0957292956893871,0.0,0.3195562917225265,0.0,0.0,0.02461851465855042,0.19638670807024045,0.0,0.017590819779276783,0.0,0.1450208947407546,0.0,0.177727988824428,0.049652374991495656,0.0,0.0,0.0,0.0,0.0,0.09253964750204884,0.0,0.11040181848180557,0.0,0.018238650431418826,0.0,0.0,0.0,0.0,0.0,0.0195777435904472
0.0,0.0,0.17417760901301538,0.22502778219833572,0.0,0.11962221010918651,0.5393523816445096,0.1443596802930946,0.6015767896967962,0.10372717269456615,0.5871463994232872,0.16110734732176055,0.22138555029595336,0.0,0.0,0.02789876178546156,0.07148706565526482,0.18194739422580303,0.28953022875095785,0.07190457307622057,0.0,0.18703002249466844,0.0,0.024749625759541302,0.0,0.0,0.11202086072929184,0.3080524096522384,0.0,0.17628897654660355,0.11403313101847885,0.0,0.0,0.06315980871306717,0.0,0.24074056629495283,0.0,0.0,0.0,0.0,0.057433890192808715,0.0,0.0,0.07775657912538064,0.0,0.0,0.046149052119629816,0.40531125949612323,0.0,0.18932862323370436,0.0,0.0,0.15429624351763535,0.41712167874528416,0.0,0.44449313213638064,0.00888227831626415,0.07335642175707505,0.0,0.3141799835060958,0.0,0.0,0.0,0.31317378320156736,0.1526923343312893,0.0,0.023091016422513374,0.37137630126012894,0.0,0.22029177660125193,0.07978919550278483,0.11697046560905874,0.09513309438772179,0.0,0.09186293463087379,0.11091401108000654
0.06337450813191736,0.41322362107004235,0.30199496356027156,0.0,0.11962221010918651,0.0,0.19007221255430612,0.4948911795766545,0.214454023176815,0.0,0.24415752473322963,0.15346295281451103,0.5218504709785742,0.1020995519088228,0.16588132856087417,0.10209231123469265,0.0,0.3222421207709341,0.3137126101215961,0.28389564738293593,0.16600122044386695,0.31112828104629203,0.4572245600762864,0.2518029400699353,0.10542346910447369,0.3859471532137427,0.4307631603849604,0.2894104247176444,0.3680299085397968,0.25562589989715734,0.05187649540074103,0.0,0.20133256486488899,0.13100487403650823,0.02536119515660952,0.045683465875187484,0.0,0.03533804003357031,0.0,0.02867436869808914,0.0,0.0,0.0,0.0,0.07076129821516751,0.06393135788016208,0.3802368071350166,0.36427811713047353,0.0,0.218413405063306,0.3681774888324798,0.039482898183799395,0.3259184903823255,0.33945182418145753,0.0,0.3431413280211437,0.06999742266233813,0.3513916645937281,0.0,0.20168607216686113,0.07866121168376375,0.0,0.056371762564805576,0.301578778239132,0.13440032712911354,0.09864255277001285,0.11163122663487558,0.4465507892694027,0.023525658838863966,0.2461501772961495,0.32797977442259746,0.2766547378774825,0.0,0.0,0.01213251362673796,0.0
0.003307132672398425,0.0,0.19497711837748025,0.35466788250544595,0.5393523816445096,0.19007221255430612,0.0,0.2196483192148107,0.4955515660893353,0.21445786784143325,0.5117627234074812,0.14157322510130674,0.3371452770378817,0.019372841842127734,0.0,0.10196691274147474,0.20150881835740603,0.24263843225189446,0.2785391975532449,0.12418301908097687,0.002809842330757353,0.24939551543119523,0.0,0.04517102072624652,0.023360477371705768,0.03173505553375494,0.1923686795723341,0.3932005855648522,0.17886998943262206,0.2664134004376184,0.2889378761538044,0.0,0.11909189127230264,0.25504771526325576,0.00889002562420345,0.3482201232035538,0.0,0.028732312147105,0.0,0.0,0.0,0.0,0.0,0.06518905982875459,0.0,0.011689025571859149,0.12778529312153442,0.394726241144933,0.0,0.20421182531259938,0.0,0.0,0.22949919256409637,0.3852132209353961,0.0,0.4291214061497575,0.07419243958416527,0.09627473137355969,0.0,0.36019714354358684,0.027796530430096007,0.0,0.0,0.3307142254795698,0.12086509873071194,0.04437912009658088,0.07578238418829121,0.4289185145559329,0.0,0.21571553947756728,0.13030091539364333,0.14279480666554464,0.09128349820230501,0.0,0.04595239119712806,0.11412638623804319
0.05304626673297032,0.28021372579034376,0.25721906201046246,0.0804347625358212,0.1443596802930946,0.4948911795766545,0.2196483192148107,0.0,0.15827218353895406,0.08727386790291908,0.22874946844145497,0.3146521190480596,0.4182864739700232,0.043909069420105445,0.0,0.06298632480969543,0.012748599491102491,0.23774131237894094,0.25056437280118593,0.07188823380273023,0.21877443897487692,0.10881814528370226,0.44814590240750896,0.4316711560252655,0.0,0.38166185134293945,0.17201155065825893,0.18169282206792542,0.18219528103317092,0.2376475204723673,0.04889328837572492,0.0,0.2729098832843394,0.1895977116805882,0.07744817836056347,0.18696884286782461,0.0,0.017621348947529498,0.0,0.13068747600610417,0.0,0.0,0.0,0.0,0.06376570406190396,0.08938383593442942,0.3862170924199004,0.3345612068519036,0.0,0.11525076155776187,0.349400546225192,0.02823130236869252,0.5550385730837047,0.20381184566233443,0.0,0.28338517856052103,0.2722218960709631,0.3949295955330348,0.0722846388980947,0.11916875824571846,0.022320955342769802,0.0,0.08382698083206322,0.23347309974015992,0.0,0.2004397897734785,0.0,0.44538737950185364,0.2286228591216668,0.20044294130365709,0.40755897813060504,0.04370345228703756,0.0,0.0,0.0808255473047038,0.0
0.0,0.0,0.35611723674809975,0.058909089175233326,0.6015767896967962,0.214454023176815,0.4955515660893353,0.15827218353895406,0.0,0.0,0.641082350303377,0.10665739712936712,0.2623390316059979,0.012447888402364085,0.00814068365545376,0.09383749475117568,0.0,0.2457826516361,0.45406580574347033,0.25808727152290944,0.0,0.3444560993524307,0.022337079460493823,0.04051835887992363,0.0,0.0,0.30453281479471256,0.39958141558053417,0.1224383168234353,0.24437967549779419,0.16075117365734762,0.0,0.0,0.07612967026259831,0.0,0.1263392484076445,0.0,0.0,0.0,0.0,0.008961042913505779,0.0,0.0,0.031682535790751615,0.0,0.0,0.0,0.5473627775106614,0.0,0.311182320436059,0.0,0.0,0.10206790731766795,0.5836307069094545,0.0,0.5471025598172765,0.0,0.05493841918169677,0.0,0.4525401142323463,0.05686335741971067,0.0,0.05983765485304303,0.48774386782865875,0.32531267805495073,0.0,0.1903638032433319,0.45955464962249826,0.0,0.20818844016097643,0.07806693795792193,0.2903079349021761,0.14136087355540305,0.0,0.09993445108895707,0.11276779962206339
0.0,0.0,0.0,0.3250243379185915,0.10372717269456615,0.0,0.21445786784143325,0.08727386790291908,0.0,0.0,0.04228600541473421,0.3623239721459597,0.1287795334630313,0.0,0.0,0.0,0.4650174075410307,0.041469342745649285,0.0,0.0,0.039434965308744595,0.0,0.0,0.10617455895333477,0.06427424081847034,0.05588584728002149,0.0,0.12154321526036932,0.0,0.08933674822137108,0.2066790828171866,0.01929383834216111,0.17037804604824772,0.23985157559964151,0.04658474468877009,0.1852860130372549,0.06781844811612003,0.13444793171037053,0.0,0.0,0.0,0.028924193773994914,0.1832600279249386,0.13198919984725202,0.12689200435611256,0.0,0.033344501710274595,0.01784019692080191,0.18220754878345727,0.0,0.0,0.1058968172466007,0.09832598000744129,0.0,0.41117013089475146,0.0,0.4945165604694221,0.03245517854490067,0.12179888903202242,0.0,0.0,0.2589926893804897,0.0,0.0,0.0,0.0,0.0,0.0,0.1314360915049646,0.0,0.0,0.0,0.08003806832402081,0.0,0.0,0.0945482513433006
0.0,0.0,0.38466615535261106,0.09691911070020656,0.5871463994232872,0.24415752473322963,0.5117627234074812,0.22874946844145497,0.641082350303377,0.04228600541473421,0.0,0.14758396337655383,0.3450593939172395,0.039221543451091335,0.06529516200350406,0.05959872099561753,0.020702122420920854,0.22171205985661516,0.4667079466171883,0.2950534687742682,0.0,0.36854196985739135,0.11421185950394251,0.05062255385046265,0.0,0.027548563464157,0.3554489575028922,0.43857078191129356,0.16660141501402717,0.28110746891888716,0.19350138578190612,0.0,0.0,0.11797094940811644,0.0,0.1377528064884392,0.0,0.042890092164787716,0.0,0.0,0.0,0.0,0.0,0.011585747443397345,0.0,0.0,0.048227289701995385,0.5801064652971203,0.0,0.30973287337314964,0.0,0.0,0.16117353703691267,0.5609943654094561,0.0,0.5915639671534155,0.0,0.08505068300254089,0.0,0.46592039691592163,0.051522814150146506,0.0,0.027606773935146683,0.5029689328750895,0.33004057578266943,0.0,0.20860655683970764,0.4985877365609114,0.0,0.21324843554127038,0.10839648728434645,0.3309660442150277,0.16076246641653766,0.0,0.09415887119216164,0.0696844733131645
0.0,0.11171079803815455,0.011834764563661102,0.09372826369960889,0.16110734732176055,0.15346295281451103,0.14157322510130674,0.3146521190480596,0.10665739712936712,0.3623239721459597,0.14758396337655383,0.0,0.17356246331777703,0.0,0.0,0.02699410303765337,0.08712630116522517,0.19039550580642173,0.05920047218841776,0.0,0.0,0.0,0.11208102239034996,0.4456593916504426,0.0,0.15864887930829574,0.0,0.0,0.0,0.0,0.0,0.029417557206619052,0.1265070063713448,0.0,0.0,0.020751301011995824,0.0,0.0,0.0,0.11252136871914833,0.04700966398477655,0.003179760046690927,0.03009064992017387,0.03632714258093424,0.0,0.0,0.1964123265766338,0.1750422939419951,0.0,0.0,0.06530855709091954,0.0,0.22461103379421402,0.013088821199863926,0.08455049719671201,0.1200490208321862,0.5024720077378385,0.24464447585705212,0.0,0.04105779051622676,0.0,0.09935462211108095,0.0,0.08241060407569038,0.0,0.0,0.0,0.10032110539239911,0.2084741876350837,0.07486034212355046,0.15137127300843464,0.0,0.0,0.0,0.08349203790799373,0.0
0.09049327069500818,0.29578336273518413,0.3738241181194616,0.04181243462501724,0.22138555029595336,0.5218504709785742,0.3371452770378817,0.4182864739700232,0.2623390316059979,0.1287795334630313,0.3450593939172395,0.17356246331777703,0.0,0.11187541580427705,0.23854365711480785,0.11428030213709933,0.1188086457978128,0.2663119451153193,0.3715570428756536,0.4057513360039765,0.24771515363766203,0.4329725035418727,0.4130472708317947,0.1702559528446206,0.06503577055520143,0.30698136125347086,0.4785490941005448,0.5239937302049237,0.4404438989178998,0.41867001358415223,0.2646182345640722,0.0,0.1922713146146422,0.29246190890585627,0.09135413780586969,0.1530204066775766,0.0,0.21583956365894075,0.0,0.0,0.0,0.0,0.0,0.0,0.21039733194662644,0.08511086468211015,0.23309109745696951,0.44833056240466435,0.0,0.34098282491990156,0.21806934895577668,0.1729525780568523,0.25861290685088284,0.38481588180551324,0.0,0.4629346513984316,0.19687238922714803,0.38691447072949414,0.057430292553076766,0.21394049863940875,0.05911874186583243,0.0,0.05260719768706501,0.38228478536732785,0.22893547172293505,0.17927987130825693,0.18312922087969943,0.4665410687294027,0.03262834866658143,0.11881849209602535,0.2593542039053954,0.36514602834435594,0.23379258937387945,0.0,0.10061330197542875,0.0
0.0,0.013260281901897314,0.004577010807166962,0.0818592752363049,0.0,0.1020995519088228,0.019372841842127734,0.043909069420105445,0.012447888402364085,0.0,0.039221543451091335,0.0,0.11187541580427705,0.0,0.1301352007115212,0.0,0.0,0.0,0.03367126423590245,0.15435531692051677,-0.0003965396989265134,0.1339694906251058,0.10381977280418288,0.0,0.0,0.0,0.16876507598501797,0.16120571202970463,0.09803749661714652,0.05738936812155281,0.22506957735830635,0.0,0.0,0.1986012249993755,0.1529954267270638,0.09010508970410061,0.09202937835093691,0.1537283865944215,0.0,0.0,0.0,0.06710596873870629,0.1164691871077047,0.0978066544360097,0.04519057286682675,0.0,0.0,0.017561693352464457,0.1932047145999852,0.18810822054024506,0.0,0.141567081024264,0.0,0.03490554726115434,0.021962086401536563,0.11831350315926328,0.0,0.012525599829267877,0.21226291427981736,0.03789932475281163,0.0,0.0,0.0,0.061317083733968214,0.06416719772754377,0.0,0.0680970100522484,0.09420300093693366,0.0,0.0,0.0,0.13199489646619278,0.054542944371366794,0.0,0.0,0.0
0.22208122148478185,0.08146655339547776,0.3651782686167893,0.0,0.0,0.16588132856087417,0.0,0.0,0.00814068365545376,0.0,0.06529516200350406,0.0,0.23854365711480785,0.1301352007115212,0.0,0.0,0.0,0.0,0.2610191885710915,0.537753501442595,0.26781541292331645,0.4680007848796898,0.3736429233384273,0.0,0.0,0.07760001820213985,0.46924435497913874,0.3207501013261379,0.3955758564108764,0.2839283543197068,0.21865777799961583,0.0,0.0,0.15121729199000392,0.08419815331722907,0.0,0.0,0.2604061070302161,0.0,0.0,0.0,0.0,0.0,0.0,0.28451966731940403,0.12955897513154327,0.0,0.180609537953045,0.0,0.32475194561955084,0.13599114999985148,0.28789369088926114,0.0,0.2406668343238899,0.15018776898505284,0.17912215407268342,0.0,0.0,0.0,0.23684719676464056,0.2664262993815764,0.063021444209241,0.146085554991211,0.2733869947080614,0.4471889871109626,0.21274180513164292,0.49053711729421645,0.1687999752059693,0.0,0.0,0.0,0.4703158427425598,0.22455721554010658,0.14150962363747782,0.0,0.02231576962806841
0.3674907237713788,0.14718419939548066,0.056920266929792684,0.0,0.02789876178546156,0.10209231123469265,0.10196691274147474,0.06298632480969543,0.09383749475117568,0.0,0.05959872099561753,0.02699410303765337,0.11428030213709933,0.0,0.0,0.0,0.21726970842123738,0.4678768570564795,0.05871602272571865,0.009412019475553292,0.10579659411455164,0.1566250022839242,0.0,0.22109832386679945,0.32539019781331935,0.28377745230291446,0.019798411912239362,0.102474977781363,0.17707864317230929,0.031127364100783924,0.20891695874515398,0.30433193953312077,0.28465429604011,0.047189292363619975,0.0,0.06448713022736655,0.0,0.0,0.255512422211011,0.20471671972356756,0.3751748234387031,0.1607332179791231,0.0,0.21399013221841445,0.0,0.3516544498286,0.056274212297392705,0.12182398408384047,0.0,0.07229797908529313,0.18927957849095642,0.11202957342361886,0.10983250391211857,0.08887326321185877,0.0,0.016285951838463486,0.0,0.15420946926742143,0.0,0.16102298721915462,0.3546508555099396,0.0,0.3919633723601417,0.0,0.06604175579531742,0.12426818523513579,0.1746445328889891,0.06358969747763676,0.17347495280858974,0.28427534317367337,0.3197925434848946,0.0,0.1671760858868039,0.33787624568322716,0.31896452292804406,0.4230771961601322
0.18347112718223887,0.10539397797303443,0.02140729937848426,0.21813461183328206,0.07148706565526482,0.0,0.20150881835740603,0.012748599491102491,0.0,0.4650174075410307,0.020702122420920854,0.08712630116522517,0.1188086457978128,0.0,0.0,0.21726970842123738,0.0,0.1712004667365121,0.0,0.03511994102049223,0.1242320078895045,0.0402286197146019,0.0,0.0,0.3191860716068033,0.23449644911396844,0.0,0.13845310090359886,0.10393494888696785,0.05652144839727801,0.23402845479843862,0.08698615479234657,0.18649782232611517,0.20940620656145276,0.09355976466707029,0.23234909093393818,0.07703214251008497,0.18098572597787602,0.05814154828846552,0.015822314430522285,0.0,0.0,0.16565287610657659,0.06988885058491444,0.15387421485282463,0.07094137945931274,0.0,0.004622254857513006,0.08056463247026575,0.0,0.0,0.01486728190924295,0.05485664863480403,0.0,0.2466038235914592,0.0,0.3089469873859229,0.0,0.12537052838406545,0.0,0.0,0.13518611769318273,0.10062332578444015,0.00943784992849184,0.0,0.1189961599382151,0.0,0.0,0.16707212456961254,0.036141690772501046,0.08248105888467688,0.01904605614159583,0.11933263973383522,0.1187621853054373,0.07375569870818009,0.1110263736342614
0.12543644515731533,0.31068503735767683,0.09629392269865872,0.0,0.18194739422580303,0.3222421207709341,0.24263843225189446,0.23774131237894094,0.2457826516361,0.041469342745649285,0.22171205985661516,0.19039550580642173,0.2663119451153193,0.0,0.0,0.4678768570564795,0.1712004667365121,0.0,0.11322376003901638,0.0,0.0,0.12736879218474134,0.06279208896739072,0.2816441263973482,0.38037095090984974,0.31917951937159306,0.11473911748811626,0.09984950076226537,0.15462296012299545,0.0,0.02845117960656628,0.26453020517857906,0.27827083649057016,0.0,0.0,0.06251318647840018,0.0,0.0,0.18753006135230327,0.20465684403724796,0.25059915753828144,0.06876233617833367,0.0,0.05870172778467353,0.0,0.13875678865045685,0.26130286773307404,0.25868240266650233,0.0,0.0570264960383534,0.26705296108367454,0.0,0.1981245930337855,0.2361229109199209,0.0,0.20007324874556057,0.04146206208688473,0.28835121743043435,0.0,0.22887973826059305,0.2070866761580522,0.0,0.3164940798868905,0.07036129747648008,0.024590469260277224,0.0,0.0348389007132063,0.19804017636682117,0.1063899062676855,0.4209365530162137,0.340907361940302,0.02222503196913333,0.041221993372959724,0.22265172141421397,0.27622279902228813,0.24177979289312496
0.0,0.0,0.5567761983946109,0.0,0.28953022875095785,0.3137126101215961,0.2785391975532449,0.25056437280118593,0.45406580574347033,0.0,0.4667079466171883,0.05920047218841776,0.3715570428756536,0.03367126423590245,0.2610191885710915,0.05871602272571865,0.0,0.11322376003901638,0.0,0.4381478164651471,0.10769665691815267,0.46307856005394604,0.3026986911173785,0.08228414342595826,0.0,0.04424862870023822,0.4766170962661423,0.46162482719307246,0.29665763247028676,0.43510622406504224,0.23140182744986432,0.0,0.0,0.14115315720400917,0.0,0.045312168139372944,0.0,0.06901107439772401,0.0,0.0,0.0,0.0,0.0,0.0,0.0825777900812207,0.04413375676113192,0.0,0.5485927205746017,0.0,0.46093260525207097,0.08068927348154047,0.18779670638527768,0.09865832565282477,0.5690971139304309,0.0,0.4838409313127111,0.015666911532700348,0.10585605706658409,0.0,0.28100977504411734,0.08986825247199286,0.0,0.12406950630840813,0.6189073002909556,0.3689177562164403,0.11137392230372914,0.29098296403525864,0.39127425067377186,0.0,0.0,0.08348546533417638,0.442478336086039,0.22944216037303578,0.0,0.16702442380761842,0.050020148954253926
0.1565609699941616,0.06902572063619831,0.4541306229454383,0.0,0.07190457307622057,0.28389564738293593,0.12418301908097687,0.07188823380273023,0.25808727152290944,0.0,0.2950534687742682,0.0,0.4057513360039765,0.15435531692051677,0.537753501442595,0.009412019475553292,0.03511994102049223,0.0,0.4381478164651471,0.0,0.20570896132109148,0.608029951510606,0.3373775583274045,0.0,0.0,0.10100983186220933,0.5975054182607402,0.5298548392733731,0.4435358619424499,0.4269199441144787,0.3228375962360679,0.0,0.0,0.21974624081361827,0.0,0.0,0.0,0.2775556235092332,0.0,0.0,0.0,0.0,0.0,0.0,0.26017613094125935,0.07407643020132207,0.0,0.37062401147936863,0.0,0.4470836514254332,0.06988951247606799,0.24932181134044445,0.0,0.42028941412916054,0.01568286881616096,0.36898516631179273,0.0,0.0,0.0,0.29294265719083024,0.16731974727390858,0.0,0.09652303841171128,0.4682165303254772,0.5850637643147998,0.1708300961885772,0.5150476014624645,0.32001593831801056,0.0,0.0,0.015628683771913874,0.5883800917398255,0.3081120430500649,0.09427905168046498,0.013829722859222068,0.012355930367624066
0.38218411558249227,0.09711244950095833,0.24320964365236356,0.05323208356161655,0.0,0.16600122044386695,0.002809842330757353,0.21877443897487692,0.0,0.039434965308744595,0.0,0.0,0.24771515363766203,-0.0003965396989265134,0.26781541292331645,0.10579659411455164,0.1242320078895045,0.0,0.10769665691815267,0.20570896132109148,0.0,0.18146566410478096,0.2769894040030242,0.08836427695721195,0.03866727694864624,0.22863839990200288,0.19876871768862106,0.2509485153790661,0.4238520252272599,0.33605026847887975,0.3348997627093675,0.0,0.17133532644210125,0.3473397012768925,0.26046580474139114,0.12555253285399587,0.005417232636183702,0.2053297131980823,0.0,0.01781117650176441,0.0,0.0,0.011206842423493613,0.0,0.23230904411412473,0.3528703328278877,0.046377649883902416,0.0711082926454109,0.10525470820994916,0.12554814085539384,0.17604792997172924,0.23129775283288861,0.21496941802166944,0.047052138011247836,0.14001134623677175,0.01926547054529339,0.026168170909465348,0.09579777246617961,0.0985035417771552,0.018933161106546352,0.29952215141818767,0.10591082894196296,0.25118746072523407,0.09127974782422832,0.09445640658267065,0.5720767619488196,0.2440773841206989,0.16584678484939305,0.18508619169735693,0.0,0.2172466119943038,0.20578155262144354,0.18339914838580523,0.17219364170045026,0.0461916310952512,0.06335723452657493
0.21213019142561312,0.12315085486560806,0.4262699533752294,0.0,0.18703002249466844,0.31112828104629203,0.24939551543119523,0.10881814528370226,0.3444560993524307,0.0,0.36854196985739135,0.0,0.4329725035418727,0.1339694906251058,0.4680007848796898,0.1566250022839242,0.0402286197146019,0.12736879218474134,0.46307856005394604,0.608029951510606,0.18146566410478096,0.0,0.26907289534871565,0.0,0.03933930620103777,0.13270839079481744,0.5549227820065783,0.5492947227640346,0.459820171120948,0.41328867410710185,0.36651875599225325,0.0,0.0,0.2182933520886059,0.0,0.0,0.0,0.16216880907262923,0.0,0.0,0.0,0.0,0.0,0.05679180112749606,0.15006462628628459,0.1585385615038536,0.0,0.42793919930318836,0.0,0.43030076856596716,0.05087992909059985,0.21088956406473036,0.0,0.4598979703022992,0.0,0.4133254736885995,0.0,0.049121375195050686,0.0,0.3741783691622923,0.23114747419950382,0.0,0.11860528141780487,0.46486250343518537,0.5289807569312192,0.17001414075727203,0.5207235662321016,0.36044265176133194,0.0,0.07813533357307131,0.12788997582170356,0.5027853212189974,0.31309495438863366,0.11487007318950015,0.13125779403566243,0.1646346801817079
0.10489726549288544,0.23615808081883774,0.4328763212147642,0.0,0.0,0.4572245600762864,0.0,0.44814590240750896,0.022337079460493823,0.0,0.11421185950394251,0.11208102239034996,0.4130472708317947,0.10381977280418288,0.3736429233384273,0.0,0.0,0.06279208896739072,0.3026986911173785,0.3373775583274045,0.2769894040030242,0.26907289534871565,0.0,0.22910854686698814,0.0,0.267208003483089,0.40201650048053644,0.26882228779545103,0.3409075451792301,0.31323268495885553,0.1264662581643578,0.0,0.1093341378534138,0.20818413929074153,0.13683018961643575,0.0,0.0,0.18638114849148643,0.0,0.0,0.0,0.0,0.0,0.0,0.258275840833899,0.1509621727039412,0.18068419269419345,0.32386534953052293,0.02208605347020501,0.2996448470327692,0.4497095151499645,0.27497806706928274,0.3057164750303613,0.2349116373816137,0.054210934081705006,0.22285752466645303,0.15667116970446682,0.2767133003203337,0.0,0.17437042892340138,0.1408119069770692,0.04199792517235952,0.1363070685364191,0.30199312055134375,0.18171748475329083,0.25645090317536484,0.2171417147604613,0.4031931688916494,0.07520543506018906,0.008723103135168676,0.2265830439514151,0.3486475129201869,0.09981491433199526,0.0,0.002932672122103452,0.0
0.12010805917178466,0.20028742843466937,0.07757463834692148,0.004582878188832446,0.024749625759541302,0.2518029400699353,0.04517102072624652,0.4316711560252655,0.04051835887992363,0.10617455895333477,0.05062255385046265,0.4456593916504426,0.1702559528446206,0.0,0.0,0.22109832386679945,0.0,0.2816441263973482,0.08228414342595826,0.0,0.08836427695721195,0.0,0.22910854686698814,0.0,0.08840058400658023,0.3563696148067723,0.0,0.0,0.0,0.0,0.0,0.2038032799173335,0.27152035770576316,0.0,0.0,0.07093348151496047,0.0,0.0,0.16195736600056446,0.28666946947262384,0.1785285988211421,0.05018078735841712,0.0,-0.00040236454297525753,0.0,0.146648339007182,0.2597006153792636,0.18673779842320215,0.0,0.0,0.2743485253530018,0.0,0.37512253370661,0.0383301778615455,0.0,0.07603469460163564,0.31755129752199607,0.30759379647043733,0.0,0.05293679794280218,0.01979085120254801,0.055894245106034066,0.18419762415870156,0.04418150745763268,0.0,0.060564967013469966,0.0,0.14733951645830373,0.4254391285363017,0.22722608471481295,0.4261857113920146,0.0,0.0,0.0,0.22020196639995585,0.08509163516324712
0.28890235773847783,0.419102031270291,0.0,0.0,0.0,0.10542346910447369,0.023360477371705768,0.0,0.0,0.06427424081847034,0.0,0.0,0.06503577055520143,0.0,0.0,0.32539019781331935,0.3191860716068033,0.38037095090984974,0.0,0.0,0.03866727694864624,0.03933930620103777,0.0,0.08840058400658023,0.0,0.44470707223188216,0.0,0.0,0.10568385325060813,0.0,0.0,0.2656492586630032,0.24772709468697102,0.0,0.0,0.049645810735574614,0.04708417679794587,0.030288884923221543,0.26515317683403594,0.24734168707194484,0.12800780418414223,-0.001734517899979061,0.0,0.0,0.011790577408116119,0.1286937348197348,0.2695211341635951,0.0,0.0,0.0,0.186474655056235,0.0,0.06975858797955921,0.0,0.0,0.0,0.01829764426766214,0.0780671282845436,0.0,0.03014476174903765,0.06902663375045874,0.021117319358280533,0.13450050629182742,0.0,0.0,0.04182341029116854,0.0,0.0,0.19526036073866124,0.39890514513399633,0.32275121727366873,0.0,0.0,0.3285514844418594,0.13803943190710644,0.11743378034639866
0.3134866477989297,0.5097679510224897,0.059937720193065945,0.0,0.0,0.3859471532137427,0.03173505553375494,0.38166185134293945,0.0,0.05588584728002149,0.027548563464157,0.15864887930829574,0.30698136125347086,0.0,0.07760001820213985,0.28377745230291446,0.23449644911396844,0.31917951937159306,0.04424862870023822,0.10100983186220933,0.22863839990200288,0.13270839079481744,0.267208003483089,0.3563696148067723,0.44470707223188216,0.0,0.11555036150124572,0.06652237990382094,0.18996249359305994,0.0,0.0,0.157052297451391,0.32750069355439615,0.0,0.0,0.13457116870050967,0.007395943859315982,0.060796768268705295,0.14684751685642256,0.26183344891857924,0.03307152231756301,0.0,0.0,0.0,0.11914396569060681,0.16172133495679408,0.4407365816169525,0.1082825215294347,0.0,0.0,0.32540684948143306,0.0,0.3386574620117118,0.0,0.0,0.09428684313121563,0.208973418636347,0.3033870054187983,0.0,0.059249341817957185,0.076616559390222,0.0,0.1286248222995678,0.0,0.03472269702798958,0.18592352375802876,0.07874689033816495,0.2072155156896337,0.35927281443760045,0.35362262206078215,0.5342767354147081,0.04037184511028118,0.0,0.07257782522413256,0.089019680115538,0.0
0.12972642496196157,0.14466759618521183,0.50651615242184,0.0,0.11202086072929184,0.4307631603849604,0.1923686795723341,0.17201155065825893,0.30453281479471256,0.0,0.3554489575028922,0.0,0.4785490941005448,0.16876507598501797,0.46924435497913874,0.019798411912239362,0.0,0.11473911748811626,0.4766170962661423,0.5975054182607402,0.19876871768862106,0.5549227820065783,0.40201650048053644,0.0,0.0,0.11555036150124572,0.0,0.5223321072755959,0.5210398011128915,0.4158036369936068,0.27979589994606185,0.0,0.0,0.24704688420189977,0.062077304109641705,0.0,0.0,0.28364986257250063,0.0,0.0,0.0,0.0,0.0,0.0,0.22772846290955728,0.10831823461564824,0.0,0.45567010312179496,0.0,0.47173033304172024,0.15427301520858921,0.20896468800920484,0.0,0.5030371219067485,0.0,0.4442602720826911,0.0,0.06370131573660835,0.0,0.32835859951295926,0.18542510092862094,0.0,0.08624119616823574,0.48550081516590576,0.4669038715920831,0.17695083866990635,0.41974618602542757,0.4104111814245561,0.0,0.04211717356941575,0.06333649592119557,0.6131022095933636,0.22440317407864782,0.09030540668202823,0.0,0.0
0.1377267879149003,0.0,0.45966576895003514,0.10032966262544811,0.3080524096522384,0.2894104247176444,0.3932005855648522,0.18169282206792542,0.39958141558053417,0.12154321526036932,0.43857078191129356,0.0,0.5239937302049237,0.16120571202970463,0.3207501013261379,0.102474977781363,0.13845310090359886,0.09984950076226537,0.46162482719307246,0.5298548392733731,0.2509485153790661,0.5492947227640346,0.26882228779545103,0.0,0.0,0.06652237990382094,0.5223321072755959,0.0,0.4638552887863801,0.5438347542777419,0.4791420202935435,0.0,0.004858931418830448,0.4045896147016064,0.06914415864055695,0.19577144791936305,0.0,0.23528061435652875,0.0,0.0,0.0,0.0,0.0,0.05153209856257181,0.15044383137236392,0.15224958144841338,0.0,0.4659477362364509,0.0,0.44720940359262035,0.0,0.2827296909020961,0.06427351590129891,0.46511941481719915,0.0,0.4533127403861599,0.03762958778325973,0.14067927225397464,0.0419054664813473,0.3202984120886701,0.20641461677136924,0.0,0.12997444180448808,0.47952355244078043,0.444416063787235,0.24189008269297962,0.411875841881486,0.46024912617668884,0.0,0.0,0.08562380357738404,0.48752090479347127,0.39492741608670234,0.052546114632366955,0.1333471755358633,0.1044548266946137
0.3195902968628431,0.18835998527677267,0.4078559214809078,0.0,0.0,0.3680299085397968,0.17886998943262206,0.18219528103317092,0.1224383168234353,0.0,0.16660141501402717,0.0,0.4404438989178998,0.09803749661714652,0.3955758564108764,0.17707864317230929,0.10393494888696785,0.15462296012299545,0.29665763247028676,0.4435358619424499,0.4238520252272599,0.459820171120948,0.3409075451792301,0.0,0.10568385325060813,0.18996249359305994,0.5210398011128915,0.4638552887863801,0.0,0.43701758634416166,0.3967930284185246,0.0,0.13623680382525716,0.3707067048667186,0.20090180951096168,0.019781566114037658,0.0,0.2311019899275085,0.0,0.0,0.0,0.0,0.0,0.0,0.2020285582794979,0.3180681297597228,0.06121857515768779,0.2846489508543561,0.0,0.3544367593906488,0.2049036739320398,0.2891219989649836,0.09657782031993957,0.3402328813590911,0.024570336859933994,0.23756418024690493,0.0,0.12340449987068698,0.0,0.20976574528693326,0.3766504510745818,0.0,0.22513688000503201,0.278641253289693,0.2989836421233293,0.38653266599752967,0.3847960258412516,0.3246997349172457,0.0,0.11734339208667509,0.16173671750086452,0.4583538809030832,0.2205552340919008,0.25999364301459943,0.053255414865372705,0.1096618385265089
0.11616312769963401,0.0,0.44481086081697413,0.05582303784301435,0.17628897654660355,0.25562589989715734,0.2664134004376184,0.2376475204723673,0.24437967549779419,0.08933674822137108,0.28110746891888716,0.0,0.41867001358415223,0.05738936812155281,0.2839283543197068,0.031127364100783924,0.05652144839727801,0.0,0.43510622406504224,0.4269199441144787,0.33605026847887975,0.41328867410710185,0.31323268495885553,0.0,0.0,0.0,0.4158036369936068,0.5438347542777419,0.43701758634416166,0.0,0.4267631887158753,0.0,0.0,0.41512660217558944,0.16892769228716395,0.17784252270677608,0.0,0.17467468042161785,0.0,0.0,0.0,0.0,0.0,0.010015025158239255,0.19077723235216276,0.18998791695120198,0.0,0.36585807447121205,0.04440534890111454,0.38959070599560597,0.06521072871544492,0.3152757874583549,0.14168284016556248,0.37242659688308816,0.05242999380663443,0.3110073677091443,0.03142066566024778,0.13667793041696988,0.07240145287514635,0.1737658097885156,0.23148856772816662,0.0,0.17753233544967367,0.4281872775732544,0.33381409406086543,0.30105476325493813,0.35038703204929367,0.40446318012308285,0.0,0.0,0.0619884855496992,0.3947492994672757,0.3436573019754409,0.048180789149628256,0.15941316112021542,0.09608540689194603
0.2867086302961515,0.0,0.29155540340393216,0.24031318311068905,0.11403313101847885,0.05187649540074103,0.2889378761538044,0.04889328837572492,0.16075117365734762,0.2066790828171866,0.19350138578190612,0.0,0.2646182345640722,0.22506957735830635,0.21865777799961583,0.20891695874515398,0.23402845479843862,0.02845117960656628,0.23140182744986432,0.3228375962360679,0.3348997627093675,0.36651875599225325,0.1264662581643578,0.0,0.0,0.0,0.27979589994606185,0.4791420202935435,0.3967930284185246,0.4267631887158753,0.0,0.0,0.07898189441659408,0.5129413136128914,0.22336355705343786,0.26999613082729496,0.0,0.15742030687726466,0.0,0.0,0.02325803569090892,0.030294946965047972,0.10818846094136218,0.2168769296449957,0.07887989535188625,0.2917435587249895,0.0,0.22010686890168,0.2353237109097837,0.3093941720806746,0.0,0.3394607325014242,0.05635204142159985,0.2035697758240497,0.13264297947840253,0.160710921737518,0.0,0.0,0.16949588883702169,0.22013908467542714,0.30901846368441777,0.0,0.14851959791721,0.26194133434724254,0.2454035855180005,0.32571696552316115,0.35102253606264977,0.25611742066160814,0.0,0.0,0.0,0.28629354427411097,0.3452046342878199,0.1444919956744912,0.09176878193641455,0.27874750824015593
0.17310801034785578,0.13688617571443715,0.0,0.1853883639014758,0.0,0.0,0.0,0.0,0.0,0.01929383834216111,0.0,0.029417557206619052,0.0,0.0,0.0,0.30433193953312077,0.08698615479234657,0.26453020517857906,0.0,0.0,0.0,0.0,0.0,0.2038032799173335,0.2656492586630032,0.157052297451391,0.0,0.0,0.0,0.0,0.0,0.0,0.3442247378541272,0.0,0.023179598602989796,0.13161085372495113,0.10093175317821124,0.0,0.6255762324840001,0.4357885671400498,0.4326037383450554,0.3552881677555912,0.02210568151463385,0.16177779041699064,0.0,0.17774239006256629,0.20417610046090148,0.0,0.0993869863788152,0.0,0.10271161919033465,0.0,0.15381448351559818,0.0,0.0,0.0,0.0,0.09142458265875257,0.0,0.0,0.0873649063662118,0.02710174724506762,0.1279605406203568,0.0,0.0,0.0,0.0,0.0,0.2371566300038742,0.25951020455490703,0.20625300877151304,0.0,0.0,0.18459827814204371,0.1322056844377325,0.2583316015195009
0.24092298037431023,0.25716965846731205,0.0,0.1686387690620389,0.0,0.20133256486488899,0.11909189127230264,0.2729098832843394,0.0,0.17037804604824772,0.0,0.1265070063713448,0.1922713146146422,0.0,0.0,0.28465429604011,0.18649782232611517,0.27827083649057016,0.0,0.0,0.17133532644210125,0.0,0.1093341378534138,0.27152035770576316,0.24772709468697102,0.32750069355439615,0.0,0.004858931418830448,0.13623680382525716,0.0,0.07898189441659408,0.3442247378541272,0.0,0.1840867509795663,0.14572967485410107,0.1623198081603396,3.231787764855505e-05,0.0,0.30124524838950184,0.3895281143025859,0.235275354659319,0.13160773536588322,0.0,0.06786640821245214,0.0,0.22122379436269332,0.3319222425864425,0.032008297921538115,0.09156941783578068,0.0,0.2076754134819791,0.015774667947191134,0.3265769859178641,0.0,0.021923684573106797,0.0,0.10960126944256109,0.27206352110722554,0.03327676502721021,0.06586603841583102,0.1425317862752168,0.03185620421471087,0.10868984436432805,0.0,0.0,0.18765237936456958,0.0,0.1194725196159956,0.25373296997475686,0.2737104954672072,0.35894458427907183,0.0,0.0,0.08668277216423088,0.06927363451380486,0.08907996520299187
0.2156332389810664,0.0,0.2530585265396589,0.2778904764629428,0.06315980871306717,0.13100487403650823,0.25504771526325576,0.1895977116805882,0.07612967026259831,0.23985157559964151,0.11797094940811644,0.0,0.29246190890585627,0.1986012249993755,0.15121729199000392,0.047189292363619975,0.20940620656145276,0.0,0.14115315720400917,0.21974624081361827,0.3473397012768925,0.2182933520886059,0.20818413929074153,0.0,0.0,0.0,0.24704688420189977,0.4045896147016064,0.3707067048667186,0.41512660217558944,0.5129413136128914,0.0,0.1840867509795663,0.0,0.3336347617836028,0.279187662614184,0.0,0.2438862965869311,0.0,0.0,0.04861221445938187,0.0013519596911536916,0.0737731062300493,0.1012632233636144,0.1368840708533879,0.24949365561485232,0.0,0.17541327467624884,0.2648975510937069,0.20944428270490506,0.008152469131684326,0.30876740141675213,0.16649159389385357,0.13157002198048776,0.18190817192007697,0.11169826021520153,0.05663354523378756,0.05738762188479985,0.20123628922181547,0.10956307978420995,0.2454783330998578,0.0,0.10330901315873386,0.17565038287305018,0.11302232873296116,0.32851224399680473,0.2118125252455203,0.2613905086184338,0.0,0.0,0.0,0.258161100191199,0.22128105315803281,0.056740773503186785,0.0,0.08921974755125646
0.10800739002823397,0.047484430590978156,0.05357720907279577,0.14706387959891049,0.0,0.02536119515660952,0.00889002562420345,0.07744817836056347,0.0,0.04658474468877009,0.0,0.0,0.09135413780586969,0.1529954267270638,0.08419815331722907,0.0,0.09355976466707029,0.0,0.0,0.0,0.26046580474139114,0.0,0.13683018961643575,0.0,0.0,0.0,0.062077304109641705,0.06914415864055695,0.20090180951096168,0.16892769228716395,0.22336355705343786,0.023179598602989796,0.14572967485410107,0.3336347617836028,0.0,0.1057296290213494,0.03984144981485224,0.21597779648890875,0.03859756731860405,0.007737960367268994,0.0,0.09495986796546088,0.16552851784600334,0.04003579639102987,0.14588757025173524,0.12911391787440893,0.0,0.0,0.3308335106547192,0.0436051772220895,0.08190220662518935,0.18921197240812435,0.11673861545924119,0.0,0.17288747369904703,0.0,0.0,0.07117774001159921,0.27104811330697315,0.0,0.04539909874785746,0.0447322714512188,0.0,0.0,0.0,0.2713988301012158,0.0,0.014913722779179116,0.0,0.0,0.0,0.04228055832043027,0.02054569525433202,0.0,0.0,0.0
