0.0,0.42910620759174833,0.13983316746623142,0.0,0.28328005092069797,0.0,0.13147502246287102,0.0,0.18278779683928606,0.33757313034566566,0.1897981110358383,0.0,0.06773146613763686,0.1707293049818355,0.0,0.47925295096256354,0.27841070799851586,0.44287732446917955,0.22904523600137022,0.10597278408863096,0.13966831301444915,0.5234934894240191,0.0,0.34765509435750647,0.6023611234217945,0.4347261655262458,0.0,0.1699289259989902,0.0,0.10382895568497291,0.21311928499326444,0.399117894569117,0.40444821168779077,0.0880691292440896,0.0,0.0,0.0,0.07324014324800665,0.36950180433999186,0.41432024479102897,0.17030471292927213,0.07633886337223998,0.06773332849425893,0.024538616580332268,0.22067521554613745,0.759656803539674,0.0,0.24082918411525633,0.19149815043663665,0.12703031852575722,0.28767235856267903,0.054697313067234354,0.0,0.10641427289107981,0.29346018707274707,0.13443883673131965,0.0,0.22352256285121783,0.2037464057961466,0.0,0.29777080319567817,0.34296097665927716,0.4458852459160406,0.30001203474129323,0.5314716705731392,0.20513724923360094,0.48497342060300946,0.0,0.26225129082579784,0.0,0.4360765051089332,0.15690653362012333,0.3605284540629429,0.785818136510482,0.505369690520719,0.5318461745137809
0.42910620759174833,0.0,0.3439741143154802,0.0,0.18729779725500137,0.45423679726461663,0.48554594559504205,0.22474147784816995,0.0,0.30406403531350096,0.07660511933687604,0.33958519913355123,0.6742857828515401,0.4141054302689794,0.0,0.7260180642838165,0.39425819521403993,0.7051690123853224,0.4097672791785423,0.0,0.0,0.2820393181995128,0.08775359261863243,0.42863794691991125,0.8849812567743235,0.8193352962313307,0.14845672800267323,0.0,0.0,0.0,0.0,0.5717565235314618,0.4787785233037719,0.0,0.0,0.0,0.0,0.1254856372919984,0.449957443224051,0.3171063539596589,0.0,0.0,0.0,0.0,0.2605686362018894,0.0,0.370503948601566,0.29776679093033026,0.0,0.0,0.6636383006790424,0.34032264776665283,0.08369762715697111,0.0,0.2511825978763091,0.18954949265280222,0.3781125975629622,0.47896422246134773,0.027417628956529036,0.0,0.0,0.4326852902565738,0.0,0.5070884869398632,0.17133180459085,0.0,0.0,0.0,0.231451865883707,0.061234011007000266,0.37062312011939325,0.22287741961248494,0.0,0.1990294667937761,0.44245383106595754,0.0
0.13983316746623142,0.3439741143154802,0.0,0.0,0.5398373207225008,0.636013579897776,0.48140591474608097,0.43859596676473783,0.6703292275099079,0.451338921535598,0.7681312865733974,0.5254638539254041,0.4862722392790803,0.3620637322799392,0.4465603787357255,0.11376928121696153,0.35445302764708847,0.38745790776061717,0.7503311450521721,0.3666533232513236,0.22149688946505022,0.41741438791393576,0.515663186308983,0.18973784291870094,0.4089892009824148,0.47338951248271377,0.49478879873014114,0.24162843554813282,0.3978971355979133,0.13969093706908,0.07257954594450212,0.02178996093165585,0.30490565213720083,0.21635378576650216,0.0,0.0,0.0,0.15090955863645797,0.0,0.27895661529612903,0.0356256970494519,0.0,0.0,0.0,0.01302857810357719,0.09269335363737266,0.3431528929179971,0.8626904042791984,0.0,0.4039598310882966,0.39934057864566025,0.15687250833766822,0.31894537563194214,0.6188284829307864,0.5066364810330978,0.7723620029075969,0.36027398482096384,0.27543986492488187,0.0,0.42792645872099644,0.14370538981232076,0.37840788518416985,0.21575957048261846,0.7534166643832737,0.4211793630551227,0.0,0.38783037956724536,0.5092597727715329,0.12429403274451264,0.4848660837861549,0.4025386701018499,0.5700343800844909,0.14965138935207214,0.14243697443573883,0.12352470041488511,0.15378036673473247
0.0,0.0,0.0,0.0,0.0,0.0,0.09023942687865089,0.07443772366592669,0.0,0.0,0.0,0.0,0.0,0.0,0.0,0.0,0.0,0.0,0.07452470076602787,0.06907517221291053,0.07810693442539698,0.035662865157226005,0.03697920865357339,0.0,0.0,0.0,0.0,0.42129504041426885,0.05531037743227802,0.30357062365296306,0.3357443262099374,0.04620378494170644,0.0,0.38739114435625577,0.5408660684527632,0.45551573654263977,0.39320072436181375,0.0,0.0,0.0,0.29819109679351263,0.4307022434696476,0.2708317790473086,0.2899758246444079,0.0,0.06630983223516006,0.10048062948887983,0.0,0.6337472799110305,0.3347534035157441,0.0,0.45403559618156136,0.1636539860714806,0.0,0.0,0.0,0.0,0.0,0.247902602513871,0.0,0.0,0.0,0.0,0.03260773555967721,0.0,0.14084089933332877,0.0,0.0,0.0,0.0,0.0,0.0,0.1456423142622384,0.0,0.0,0.0
0.28328005092069797,0.18729779725500137,0.5398373207225008,0.0,0.0,0.40463965783195505,0.5856738396493928,0.060958934173848234,0.7501972138032347,0.251532123689651,0.7498628484035372,0.3982048691375761,0.3618213016950295,0.25839924188962304,0.32022209971751925,0.04722560662119015,0.14293859274934895,0.3220094254564228,0.39875247597774377,0.44032869937930147,0.14223715786871785,0.4219742741863835,0.11493137501168055,0.100799821961073,0.3858212220361885,0.3482017868272172,0.3626947092075139,0.25277163461394636,0.3447152357495532,0.25031530818863496,0.0,0.025054439361962163,0.2679994344254003,0.13943665900531668,0.0,0.0,0.08829157493213936,0.09920531478897254,0.0,0.1905528566426528,0.24708984497793204,0.0,0.0,0.0,0.0,0.2141723969664723,0.03911149246230755,0.5393435842370283,0.0,0.45998110354727867,0.18656749185581517,0.04012220225627742,0.0,0.5982354515682119,0.3222999807025789,0.5989124041810172,0.18285535434004765,0.13473504803119246,0.17840861361005367,0.39777085711093646,0.13082478019136765,0.15575748725864688,0.3340072854080164,0.39148692804907664,0.5289320324493603,0.06058085679938508,0.4156716993628913,0.23174949372226475,0.0,0.23068428384425674,0.26186004353762404,0.46941067052333446,0.40815243146287233,0.4044161551244908,0.3249395332173792,0.3377385036175525
0.0,0.45423679726461663,0.636013579897776,0.0,0.40463965783195505,0.0,0.406645916499408,0.7640549762404092,0.5183713911048686,0.38690934429615753,0.4787273073592993,0.7779083346634942,0.7931527303406326,0.4241665244234874,0.3834609018560855,0.0,0.3978067311098518,0.2880268426549385,0.4536429566660416,0.19697028646663697,0.17994409244261406,0.0,0.725973195685195,0.4537712593452017,0.30289437667627883,0.6677482399308114,0.5181457984804511,0.29649113701760343,0.30448476516415596,0.1370360911841735,0.0,0.06777598952086171,0.206841986351682,0.26875811958024676,0.0,0.08430530029682251,0.0,0.14609962475262556,0.0,0.11726678959498976,0.0,0.0,0.0,0.0,0.0686739852992873,0.0,0.5092091503856236,0.48739118465261827,0.0,0.2625093890498041,0.6581637053888203,0.2042511882725587,0.6343263932822638,0.5132551814727345,0.30908000072684405,0.5775266501601583,0.6391995471974259,0.5111816268060788,0.03125064529615876,0.2850161146592065,0.0,0.27474334376017356,0.0,0.4824751113080588,0.22329130206452913,0.0,0.0027750643098432364,0.5459180268857322,0.29889349714932184,0.21792089143368631,0.43776934515017096,0.4424399530642008,0.10304971321957096,0.0,0.10832409648016568,0.0
0.13147502246287102,0.48554594559504205,0.48140591474608097,0.09023942687865089,0.5856738396493928,0.406645916499408,0.0,0.18414392589613793,0.2676695747529229,0.33925391800651294,0.400633725894391,0.36615897081425736,0.5850053083063528,0.2167422129825407,0.12203212416595362,0.44913644233426453,0.25671684218881685,0.6282334513525031,0.5285286189411661,0.05692548745039226,0.12491669944240065,0.2614388217500463,0.1798251023894133,0.011500821353733412,0.615472961691009,0.3524633695063929,0.42158613905776154,0.22972568382564548,0.4513423174170519,0.2407412805094104,0.13316544767831592,0.27474613185055247,0.2461802650539875,0.2873979166185811,0.01983254759309491,0.0,0.06131539634850453,0.13420549849284083,0.005726014654926665,0.21939538758965868,0.21894282842367907,0.14723620724017752,0.0,0.025848123162196854,0.0,0.09381332103991644,0.45344560160326153,0.36890581496384456,0.03430293033067711,0.4054280626852403,0.16770624922051894,0.49066698494770783,0.10492113705797886,0.176986402250256,0.3631397556255296,0.3710473330403519,0.16835889607545126,0.2399327821348156,0.12631295863370423,0.10733980705131443,0.20905457525308593,0.2401008593760115,0.28052348703715796,0.523035996156941,0.038769938381339214,0.0,0.05812934741431069,0.16059754408348487,0.0,0.35479396669582947,0.08194242256756576,0.36550976452964906,0.06467597857987838,0.12024428594407666,0.1921081383097854,0.038002357236778535
0.0,0.22474147784816995,0.43859596676473783,0.07443772366592669,0.060958934173848234,0.7640549762404092,0.18414392589613793,0.0,0.22919277704209123,0.2962124583637904,0.3361980048902743,0.6951097265038146,0.5596054908476998,0.4888783129539419,0.3236259197629855,0.0,0.3301447727793959,0.0528115074545767,0.40217172004371815,0.12489179662143567,0.23953834966824733,0.0,0.8034682810129619,0.38980868163579424,0.0,0.45469250438883774,0.3109363577300269,0.3296205681389244,0.21163241129893318,0.2500344220863195,0.12859820934253197,0.0970428119395367,0.08991403620985257,0.3724378329933127,0.088861252343576,0.3468163419587304,0.012713851088016323,0.061466323923156485,0.0,0.09737977730757143,0.04219200837116448,0.0,0.16537362109784037,0.0,0.020886993847447025,0.0,0.48446326452483945,0.2214310620539682,0.0,0.2212848050183469,0.4879790786839786,0.1842497857260382,0.8354933833625598,0.31847411572945294,0.1990605212869403,0.34887743588189113,0.6058918060584465,0.38460584252084645,0.1124152228453711,0.17137656258850303,0.0,0.1837924136487815,0.0,0.4064011167746447,0.0,0.0,0.0,0.5735988569559889,0.29769036176494146,0.15381678833653784,0.3351787037812589,0.18643097698657887,0.0,0.0,0.0,0.0
0.18278779683928606,0.0,0.6703292275099079,0.0,0.7501972138032347,0.5183713911048686,0.2676695747529229,0.22919277704209123,0.0,0.3677772773272422,0.8040613358792771,0.4918165457849324,0.32350244001339407,0.17773954736096811,0.6044678423777089,0.0,0.28065058543024085,0.14378974400981007,0.4396036703131438,0.6284369942828415,0.3223015882880543,0.31480770068134095,0.29184408168030396,0.18681460248996987,0.08212086198651845,0.3073715404243925,0.36080757524567925,0.42336683211521275,0.3995466375281512,0.26724091346194306,0.19601316239786712,0.0,0.20746772811816092,0.2777060342220195,0.0,0.0,0.08617412238817274,0.16429440564007838,0.0,0.1946840021128167,0.05834687810297235,0.0,0.0,0.025746441542070918,0.0,0.1848735351740328,0.0,0.6349079256898359,0.0,0.551804693192063,0.16203489096503942,0.0,0.11272012459188364,0.9076777877686514,0.42463678624249845,0.7314709024732834,0.24893991946296704,0.2090426858390188,0.010423923383879865,0.5988654549716915,0.07395773495169963,0.22042319338277358,0.26303645917858687,0.43587637452229494,0.6126191012038857,0.18213311778417537,0.5214796868115283,0.3771026996085169,0.06699299798055904,0.27992188168143467,0.3377016697791158,0.489410171300606,0.5158008283041323,0.30883258910407274,0.12315555006303494,0.34662070693455005
0.33757313034566566,0.30406403531350096,0.451338921535598,0.0,0.251532123689651,0.38690934429615753,0.33925391800651294,0.2962124583637904,0.3677772773272422,0.0,0.3143569595212079,0.34177158941295144,0.4042149811355488,0.34686424785256026,0.30186814005126766,0.2423979011327413,0.6361399905519236,0.42584075442905506,0.3419832024343742,0.07847571666199928,0.34516376088377615,0.0833762720895873,0.3148573642230577,0.5199948376227448,0.46495926762022766,0.5248213526712854,0.2537743521186694,0.09336638222165367,0.30154598347064104,0.09246345161331031,0.43474221705378274,0.24330372945713227,0.5031915701715782,0.06975878130260059,0.0,0.0,0.0,0.2432045610436945,0.2659386937699277,0.5101787122681537,0.0,0.0,0.0,0.0,0.3613002256143265,0.2707559802365268,0.2830483743658984,0.4127452472923474,0.0,0.2083290336335067,0.43666117510910624,0.03638942833322051,0.23963720236988267,0.35118761250952485,0.7590420009704676,0.38004449135025314,0.3704749327717423,0.4894526684528208,0.0,0.3736473089046001,0.39524208141451533,0.66006542300889,0.43974738077773695,0.38343077008450505,0.23665137587820467,0.20422871522906524,0.22353831722008413,0.4562704292114903,0.499722228116448,0.5323305505510654,0.6228320293846309,0.39409343034904754,0.07706189063369996,0.3708020357266104,0.26818879429185305,0.5222967043732842
0.1897981110358383,0.07660511933687604,0.7681312865733974,0.0,0.7498628484035372,0.4787273073592993,0.400633725894391,0.3361980048902743,0.8040613358792771,0.3143569595212079,0.0,0.5069764701712671,0.32887593957253947,0.3878959538047319,0.5021821509585579,0.0,0.23615656513254893,0.16729741646389262,0.6818116693083213,0.5321874387722102,0.33825654214561,0.40575310304383083,0.40937948590829226,0.028892593202813996,0.1980120153646541,0.3061849035553074,0.44212633524366257,0.4285739301450497,0.412782474840052,0.3557851729999325,0.06528487529103928,0.0,0.12819637357352226,0.20767552887636362,0.0,0.10884013720914243,0.08989540118606619,0.024250964380900058,0.0,0.13315734284299227,0.11677534522665896,0.06518952400039288,0.0,0.0,0.0,0.19587310982176512,0.1506773377482052,0.7387627933561346,0.0,0.4669746937931157,0.1490651634564184,0.06316656744155133,0.2472585577573303,0.6802214497613486,0.3978710235942983,0.8209783111565847,0.18957929518784217,0.12961963474888408,0.14867530237473764,0.5292936285133093,0.09438615972016806,0.18215871274204473,0.23521244400711425,0.6316254520154089,0.46651918615756954,0.22063413075774505,0.4381816730410979,0.47300519429836113,0.0,0.3167703284419115,0.339123249352843,0.5043335496828878,0.4296944493759419,0.24017332542182468,0.1334176269747328,0.20832076359209079
0.0,0.33958519913355123,0.5254638539254041,0.0,0.3982048691375761,0.7779083346634942,0.36615897081425736,0.6951097265038146,0.4918165457849324,0.34177158941295144,0.5069764701712671,0.0,0.7449038993391114,0.4537575497326922,0.3387342197322748,0.0,0.47372546121161313,0.18049095833375622,0.39259486155943457,0.26769269770101367,0.11031928974199683,0.09129223821582212,0.49007199656566724,0.4500445493594465,0.21418673120208004,0.6352237349328289,0.26677385327963316,0.44895754162049584,0.14172161282306148,0.30257353524707403,0.0,0.07308350535074995,0.13383483837725182,0.30062631195825495,0.0,0.2651487711229621,0.09192587445867939,0.17301555384202644,0.0,0.12768049617884292,0.08730400751630248,0.0,0.1907637604237452,0.03690841319854491,0.0,0.0,0.292683617382117,0.403795951588763,0.0,0.23938184037361848,0.49392861327846926,0.1756257642209101,0.5517582484585061,0.5106998056737543,0.3692600639499564,0.5258572856220312,0.7000349334031049,0.47456523607889406,0.14142040820194793,0.25053891954674323,0.0,0.3013381019113438,0.0,0.41237999944893855,0.284030476487951,0.0,0.12356815033214495,0.3151133042371039,0.3233754905340734,0.07411241533292832,0.4415114775358168,0.29598561773356047,0.2563756092449077,0.0,0.17933208829043493,0.0
0.06773146613763686,0.6742857828515401,0.4862722392790803,0.0,0.3618213016950295,0.7931527303406326,0.5850053083063528,0.5596054908476998,0.32350244001339407,0.4042149811355488,0.32887593957253947,0.7449038993391114,0.0,0.43664486396787744,0.0811779712064784,0.30782654105422075,0.6353044467323183,0.5906806267501269,0.4532889449196955,0.0,0.0,0.07728276888100041,0.3240056029101849,0.47524181110223845,0.5576325017182976,0.7603577770801191,0.2246307621241017,0.3401062913456605,0.13264227045761454,0.09266049452088673,0.0,0.27674753008000735,0.3386936577334194,0.17284204238289697,0.0,0.07976920684738165,0.0,0.15526950299732895,0.10395935699185932,0.236865238305571,0.0016865625414172636,0.0,0.0,0.0,0.1492200406322875,0.0,0.40224620146251644,0.4356824036983087,0.0,0.2075563775865126,0.5940500874317476,0.2755474634478134,0.3248378617059683,0.31942324710487396,0.3785024798308336,0.47982504296065237,0.6428236441339886,0.6930971031920968,0.02889990207227178,0.027719367152398595,0.0,0.499719311740887,0.0,0.4651081661152075,0.17833224102865897,0.0,0.0,0.14133715954756815,0.3114860191461516,0.13509790528790042,0.38833257296195867,0.20030159454905827,0.1680377386539028,0.0,0.3111689046550523,0.06492845056316114
0.1707293049818355,0.4141054302689794,0.3620637322799392,0.0,0.25839924188962304,0.4241665244234874,0.2167422129825407,0.4888783129539419,0.17773954736096811,0.34686424785256026,0.3878959538047319,0.4537575497326922,0.43664486396787744,0.0,0.0,0.11682064468016942,0.43574280605617205,0.29798146994244773,0.43577439806613494,0.0,0.0,0.0,0.36124653185949696,0.39738024246366876,0.32970065899722517,0.5078717101842841,0.031505565010560926,0.1835269920422821,0.0,0.0871005665631667,0.0,0.3469349918290437,0.21026643973347012,0.00675544488682861,0.0,0.15374565073544538,0.04815914891494505,0.05018432747707303,0.19158002924306036,0.13976765138198552,0.0,0.0,0.12306842998485823,0.0,0.03802065290607134,0.0286745950621947,0.19450474413956204,0.32646455335539903,0.0,0.07165486469296939,0.4656915880115994,0.0,0.368017365673774,0.09270400738365293,0.2632287266166536,0.3948898352546213,0.42134097615656874,0.38738870521558527,0.22215053482793667,0.0,0.0,0.4167638843375766,0.0,0.43955691275562736,0.007602334025184333,0.0,0.0,0.3093641163124271,0.27757178596964305,0.01802666381112303,0.389856866181618,0.018476271049369795,0.08511209341134846,0.0,0.346622685210234,0.17174946213543815
0.0,0.0,0.4465603787357255,0.0,0.32022209971751925,0.3834609018560855,0.12203212416595362,0.3236259197629855,0.6044678423777089,0.30186814005126766,0.5021821509585579,0.3387342197322748,0.0811779712064784,0.0,0.0,0.0,0.09293464233509517,0.0,0.20452324779101794,0.6791247988467166,0.6011373713684348,0.29494251423156853,0.5116429659197353,0.0,0.0,0.057384504982622736,0.5538817594015543,0.2627810872993853,0.5657417207764497,0.3336147843165961,0.3082937044414146,0.0,0.0,0.32840782704948235,0.0,0.03040094757757805,0.0,0.0660964255875336,0.0,0.19684829052269961,0.20452891670661394,0.0,0.0,0.04365317482515048,0.0,0.08163901727775724,0.31204352073519875,0.35706534470772217,0.0,0.3996361368446727,0.05611220535199768,0.12505860840666505,0.34531982649916815,0.6350830691866475,0.3136024550790861,0.4002847544997572,0.17978713547811115,0.0,0.0,0.9055519364914286,0.15782964192128687,0.04624132284288333,0.09877970810436522,0.19486583820876874,0.34537485344060037,0.49979002660728794,0.42500595539784697,0.6288129502547978,0.03978057636618747,0.4728857998787423,0.2741438591338074,0.5891986866074315,0.17631737772017278,0.0578207209594675,0.0,0.08654762310260898
0.47925295096256354,0.7260180642838165,0.11376928121696153,0.0,0.04722560662119015,0.0,0.44913644233426453,0.0,0.0,0.2423979011327413,0.0,0.0,0.30782654105422075,0.11682064468016942,0.0,0.0,0.31673750892665814,0.82482996091484,0.274658892756276,0.0,0.0,0.33571916083949244,0.0,0.11711429835748818,0.7970821057648401,0.363943488879699,0.05702073168735205,0.0,0.024323170117372124,0.0,0.12987621372991026,0.5510904682679235,0.4538675142518458,0.0,0.005883484561815441,0.0,0.0,0.1522824791722048,0.5261045937463167,0.3844564973121738,0.06833975437450393,0.0,0.0,0.0,0.31883043500876634,0.20157527752733434,0.25692623617188126,0.12425019428035156,0.0,0.0,0.35074693805829443,0.22837185834689877,0.0,0.0,0.23647928740521956,0.0,0.0,0.29871061459226395,0.0,0.0,0.3960589426546122,0.43154658192556244,0.4094671330970454,0.3157774171286988,0.05147864071353601,0.0,0.052683641208648706,0.0,0.10109026604510556,0.16029680839324797,0.042531698853356066,0.10353048969546193,0.0,0.34551882770597603,0.3631860725043925,0.23903554245360897
0.27841070799851586,0.39425819521403993,0.35445302764708847,0.0,0.14293859274934895,0.3978067311098518,0.25671684218881685,0.3301447727793959,0.28065058543024085,0.6361399905519236,0.23615656513254893,0.47372546121161313,0.6353044467323183,0.43574280605617205,0.09293464233509517,0.31673750892665814,0.0,0.5879372029768865,0.36222868351941406,0.0,0.007098376060719996,0.056909505169832716,0.11224292770864455,0.4568834897910183,0.3404224284236862,0.5845207453046253,0.0,0.32044018270233865,0.0,0.1345420876612126,0.3333606140695696,0.23602533439773724,0.4365337493314462,0.11803381631379245,0.0,0.07749334820641056,0.0,0.1907610585815485,0.13442956302956846,0.41629112620982933,0.0,0.0,0.07874928789256466,0.0,0.24158992164656184,0.10175455122682964,0.1379925653829358,0.3020194083537551,0.0,0.1480253021040193,0.3958776761581152,0.006399220854920288,0.1762792404105097,0.28794518961595006,0.514768583147505,0.3293737907568298,0.46155322533841536,0.5711206060065496,0.0007524148723253961,0.14829827250736083,0.1027188330745811,0.7394187285240651,0.25253413517368684,0.39079956901937124,0.2192822391533623,0.0,0.15321767094641142,0.06403478891569869,0.36940914232982075,0.15899098049200913,0.4873833401607737,0.04281683199130301,0.1715395023456835,0.137454012453283,0.35749577465030197,0.3294203544428702
0.44287732446917955,0.7051690123853224,0.38745790776061717,0.0,0.3220094254564228,0.2880268426549385,0.6282334513525031,0.0528115074545767,0.14378974400981007,0.42584075442905506,0.16729741646389262,0.18049095833375622,0.5906806267501269,0.29798146994244773,0.0,0.82482996091484,0.5879372029768865,0.0,0.4886768536497544,0.0,0.0,0.37455726447001264,0.0,0.22735565859385415,0.7974992850000563,0.5217613548173538,0.1495775130659935,0.03651351885784205,0.16015378316113832,0.0,0.15293637957508366,0.5290573277946508,0.5634057761269657,0.07575692683886448,0.0,0.0,0.0,0.26243444577574715,0.39251200076377585,0.4999980061171869,0.11385084612738157,0.0,0.0,0.0,0.23734176461099724,0.1589134220891908,0.25612744983888613,0.3602107723442248,0.0,0.13675262903422605,0.3963435367622306,0.19555074459727262,0.0,0.059512401501650096,0.4422349649524112,0.24759079209936996,0.151605380881777,0.478803463317037,0.0,0.0,0.3514946908329578,0.6143747471291112,0.5293434069157134,0.5032924056700105,0.19164642948427346,0.0,0.18684338235309964,0.0,0.1480049653024672,0.21376786467777428,0.21308428845649074,0.18070205997154595,0.07951505420596874,0.35766143728404853,0.46968673741146727,0.2826195943542661
0.22904523600137022,0.4097672791785423,0.7503311450521721,0.07452470076602787,0.39875247597774377,0.4536429566660416,0.5285286189411661,0.40217172004371815,0.4396036703131438,0.3419832024343742,0.6818116693083213,0.39259486155943457,0.4532889449196955,0.43577439806613494,0.20452324779101794,0.274658892756276,0.36222868351941406,0.4886768536497544,0.0,0.3169930449068692,0.23940662414090505,0.4966412180033236,0.4666309219623238,0.0315245234482958,0.4721259300884641,0.3720008446989263,0.49312995252737174,0.38345271184789587,0.4196825548952312,0.25746496545820263,0.24970597045719545,0.14760764156559386,0.2095975745052576,0.2505906139976708,0.0,0.17449860110937515,0.13107044463207063,0.10345991155151162,0.0,0.1930570658748432,0.14013711469476614,0.21519578696019923,0.0,0.0,0.0,0.18875936236049584,0.4255658031023937,0.5747500747222903,0.0,0.34677214122325617,0.2599993843427571,0.2637722825576103,0.2441070167541299,0.2880558353109208,0.4583963561621192,0.5734586071092661,0.11570514325356279,0.22514851209979322,0.09194204096722797,0.1922862461151967,0.20077832887433875,0.3176317623195739,0.26619221726185804,0.9121293233522947,0.2324357406110125,0.04179796494735581,0.3378986095923818,0.4234696748250719,0.0,0.40520143008143716,0.2504554093754865,0.48266103577569464,0.18945857084922743,0.11560493514193598,0.11034447224267507,0.11761824963490414
0.10597278408863096,0.0,0.3666533232513236,0.06907517221291053,0.44032869937930147,0.19697028646663697,0.05692548745039226,0.12489179662143567,0.6284369942828415,0.07847571666199928,0.5321874387722102,0.26769269770101367,0.0,0.0,0.6791247988467166,0.0,0.0,0.0,0.3169930449068692,0.0,0.542553388607842,0.6430407937357796,0.2915987259973253,0.0,0.0,0.0,0.4787710562728123,0.46905595072253004,0.6103584771090748,0.4711350052390475,0.3744198055977675,0.0,0.0,0.4114744323353784,0.0,0.13300711909823898,0.18644092641797727,0.03039694215854659,0.0,0.0,0.3580550201709001,0.13561370002098894,0.0,0.07003567846913723,0.0,0.22565630568571246,0.0650846754142635,0.2353712625983085,0.025998006697317777,0.3675675900412296,0.0,0.07662285656266077,0.13354310955737222,0.5716286296187648,0.23543736839225227,0.30744082169748893,0.0,0.0,0.0,0.6126870358295607,0.22148512988729704,0.0,0.2534094661261515,0.2809318801835298,0.6006532860179886,0.49350999452964345,0.730191321283246,0.3898179688515932,0.0,0.3415197623926277,0.11870520519686494,0.551568628681076,0.4329819675094766,0.23927850966992564,0.0,0.15450820604285134
0.13966831301444915,0.0,0.22149688946505022,0.07810693442539698,0.14223715786871785,0.17994409244261406,0.12491669944240065,0.23953834966824733,0.3223015882880543,0.34516376088377615,0.33825654214561,0.11031928974199683,0.0,0.0,0.6011373713684348,0.0,0.007098376060719996,0.0,0.23940662414090505,0.542553388607842,0.0,0.18579740843836734,0.4982377846032763,0.0,0.0,0.0,0.44144448415865795,0.3140531160962644,0.6835537451001142,0.42314342242575775,0.5075264992421006,0.0,0.0,0.3500966639763574,0.05084455471869322,0.11868169027336142,0.017766995881292047,0.0,0.0,0.03233358850715031,0.22431996011454886,0.14896657178627737,0.0,0.0,0.0,0.38839953794456006,0.36144985656394624,0.12274844486547253,0.0603850491665268,0.1342361352158986,0.0,0.08346480012148179,0.32298493777624565,0.2672204447333934,0.30217265263683246,0.17832081960911003,0.0,0.0,0.0,0.6064145553376074,0.40857178444831516,0.01290004441479555,0.3103586246268112,0.2515104214894791,0.09178983644068808,0.8550782257704915,0.36787096136908015,0.6554763065238213,0.0,0.5503031666911843,0.29681841763965894,0.41900488932225594,0.16409796845601993,0.1618150174098159,0.0,0.12681700203857296
0.5234934894240191,0.2820393181995128,0.41741438791393576,0.035662865157226005,0.4219742741863835,0.0,0.2614388217500463,0.0,0.31480770068134095,0.0833762720895873,0.40575310304383083,0.09129223821582212,0.07728276888100041,0.0,0.29494251423156853,0.33571916083949244,0.056909505169832716,0.37455726447001264,0.4966412180033236,0.6430407937357796,0.18579740843836734,0.0,0.0,0.0,0.4294895170953306,0.22860599830816908,0.3353961572296523,0.1943124337547857,0.2857425538313671,0.19132070224660894,0.12013850043149854,0.1850333457524914,0.27783213992909384,0.16928930800794617,0.0,0.0,0.09995726664308031,0.17683206287499645,0.028882974669491922,0.27722456252005806,0.3750969777347832,0.17811839642619143,0.0,0.0,0.04321400850100236,0.4161739762263431,0.08561161121931997,0.40177740328473177,0.0,0.23487947564778547,0.0905979931898506,0.1527248657858099,0.0,0.2197424347203423,0.2981085341277074,0.27978943477300466,0.0,0.031416244734545046,0.07476647584219544,0.3096209293089727,0.3307098736243081,0.14023610664955216,0.38418222763760246,0.5047884827139207,0.6194915737105895,0.17223764319817167,0.7813129878676348,0.1080695452032685,0.0,0.24433841215126006,0.1949153130891926,0.4794030850884803,0.2629075080526068,0.5317075861563867,0.24327539910672422,0.22781349257274994
0.0,0.08775359261863243,0.515663186308983,0.03697920865357339,0.11493137501168055,0.725973195685195,0.1798251023894133,0.8034682810129619,0.29184408168030396,0.3148573642230577,0.40937948590829226,0.49007199656566724,0.3240056029101849,0.36124653185949696,0.5116429659197353,0.0,0.11224292770864455,0.0,0.4666309219623238,0.2915987259973253,0.4982377846032763,0.0,0.0,0.21862596652887942,0.0,0.29241168275659163,0.6385973084462429,0.26722883803545777,0.5037976529731629,0.255844926018348,0.2410751637296582,0.042250364861181285,0.0,0.32665196761080983,0.07472885960718081,0.2852516994004888,0.0,0.09053295668480116,0.0,0.0434500191653106,0.00533652257905995,0.0,0.03064246231755014,0.0,0.0,0.0,0.5670092356267983,0.3146694214045275,0.0,0.2495460278303069,0.440479564060358,0.20750849223676066,0.8192690009353337,0.3508023382097357,0.24534954477613075,0.43124955099004386,0.3583821485064276,0.21339597451486916,0.05429140912083983,0.37266517056211546,0.0,0.039676984480780525,0.0,0.44970558517566284,0.0,0.27443827325804226,0.0,0.8940962615470412,0.1676832440998924,0.3649049881197749,0.3280821609854657,0.4894582183181047,0.0,0.0,0.0,0.0
0.34765509435750647,0.42863794691991125,0.18973784291870094,0.0,0.100799821961073,0.4537712593452017,0.011500821353733412,0.38980868163579424,0.18681460248996987,0.5199948376227448,0.028892593202813996,0.4500445493594465,0.47524181110223845,0.39738024246366876,0.0,0.11711429835748818,0.4568834897910183,0.22735565859385415,0.0315245234482958,0.0,0.0,0.0,0.21862596652887942,0.0,0.3537804953407947,0.7691546716573012,0.0,0.0,0.0,0.0,0.0,0.3882352709749408,0.49733787309954725,0.0,0.0,0.0,0.0,0.3009927864569018,0.48262824157834666,0.4499536254092983,0.0,0.0,0.0665541430745781,0.0,0.5044452573871812,0.1171666782806772,0.0,0.20595893014319366,0.0,0.014110873933071522,0.6996695802179288,0.0,0.28900459316717064,0.26390322771672214,0.30634872630018206,0.16711490707244264,0.6915699957425477,0.6519038558057101,0.09770443692593937,0.0474089934268402,0.0,0.46971946184322316,0.0,0.11665903225138528,0.30405048349758124,0.0,0.02239047641423228,0.16898520821341018,0.8516883290345098,0.0,0.7122384505967944,0.0,0.07374305705908236,0.2797853241225185,0.5404983903699554,0.3707130939434423
0.6023611234217945,0.8849812567743235,0.4089892009824148,0.0,0.3858212220361885,0.30289437667627883,0.615472961691009,0.0,0.08212086198651845,0.46495926762022766,0.1980120153646541,0.21418673120208004,0.5576325017182976,0.32970065899722517,0.0,0.7970821057648401,0.3404224284236862,0.7974992850000563,0.4721259300884641,0.0,0.0,0.4294895170953306,0.0,0.3537804953407947,0.0,0.716180858872285,0.2164995519968677,0.0,0.09502723959495639,0.0,0.0,0.5378525670608114,0.5239501083326324,0.0,0.0,0.0,0.0,0.15952103626001413,0.4274173149307984,0.4344783237796885,0.13677118767165025,0.0,0.0,0.0,0.2706685866186336,0.2603175112546597,0.3264518477993142,0.43731517946642195,0.0,0.05810642293950848,0.5700868712347485,0.3429210964151747,0.0,0.0,0.40597664861327193,0.2443316445890887,0.20034497259499634,0.44614099341838803,0.06700660546081313,0.0,0.263650072580012,0.4744564907846642,0.35882460815874223,0.5428390497057364,0.32940007373991076,0.0,0.21347187996317313,0.00565205811227728,0.20941550104961487,0.3085004220572029,0.41939609232877995,0.3773252776894241,0.0,0.5275264048358193,0.5077031710046014,0.2619128317109808
0.4347261655262458,0.8193352962313307,0.47338951248271377,0.0,0.3482017868272172,0.6677482399308114,0.3524633695063929,0.45469250438883774,0.3073715404243925,0.5248213526712854,0.3061849035553074,0.6352237349328289,0.7603577770801191,0.5078717101842841,0.057384504982622736,0.363943488879699,0.5845207453046253,0.5217613548173538,0.3720008446989263,0.0,0.0,0.22860599830816908,0.29241168275659163,0.7691546716573012,0.716180858872285,0.0,0.12495896080398859,0.1152820431181818,0.0,0.0,0.0,0.4490544010199771,0.5401445298759171,0.038574635818605235,0.0,0.0,0.0,0.21305381288329125,0.3511367124164924,0.41586179111302707,0.0,0.0,0.0359040569619363,0.0,0.340645721588351,0.03749476730280906,0.2652530642969119,0.4796514650226711,0.0,0.12971871777368002,0.7967343559723626,0.19020182756882936,0.28574609941829193,0.3365429015967755,0.4229920650050704,0.4429476614633694,0.6644388504257821,0.6820871278236998,0.07917612488306844,0.049579984092400664,0.0,0.5522527140871915,0.03308063619040843,0.46441889373903816,0.4198378579900565,0.0,0.1621181645656868,0.16722606569703816,0.5197009789137698,0.06681192767728705,0.726686448101405,0.28389510651662575,0.09245033424414187,0.31922246528854803,0.5397687778392013,0.18650195765560879
0.0,0.14845672800267323,0.49478879873014114,0.0,0.3626947092075139,0.5181457984804511,0.42158613905776154,0.3109363577300269,0.36080757524567925,0.2537743521186694,0.44212633524366257,0.26677385327963316,0.2246307621241017,0.031505565010560926,0.5538817594015543,0.05702073168735205,0.0,0.1495775130659935,0.49312995252737174,0.4787710562728123,0.44144448415865795,0.3353961572296523,0.6385973084462429,0.0,0.2164995519968677,0.12495896080398859,0.0,0.07117072781117288,0.8089410189521936,0.15104461863026072,0.15439729372449318,0.0,0.0,0.19069811155704777,0.0,0.0,0.0,0.025949813095219803,0.0,0.03133549916818651,0.11192428640108698,0.0,0.0,0.0,0.0,0.0,0.6348679747573814,0.3223075436146887,0.0,0.2330380307674373,0.145519894429807,0.3149427458596754,0.26464608705712794,0.328096709552186,0.3503147620926023,0.3404948386791066,0.0,0.0,0.0,0.44396391698002474,0.2987405114531701,0.0033222275200568826,0.26693119510210783,0.45416880331818615,0.19000133039095018,0.24872750779315253,0.25097615581849836,0.6579359547697561,0.0,0.5787707241508531,0.025890430541212324,0.8413097208893571,0.0,0.0,0.0,0.0
0.1699289259989902,0.0,0.24162843554813282,0.42129504041426885,0.25277163461394636,0.29649113701760343,0.22972568382564548,0.3296205681389244,0.42336683211521275,0.09336638222165367,0.4285739301450497,0.44895754162049584,0.3401062913456605,0.1835269920422821,0.2627810872993853,0.0,0.32044018270233865,0.03651351885784205,0.38345271184789587,0.46905595072253004,0.3140531160962644,0.1943124337547857,0.26722883803545777,0.0,0.0,0.1152820431181818,0.07117072781117288,0.0,0.2819637404372905,0.6586464339090643,0.4212267816000696,0.0,0.0,0.5174383433202944,0.21922043739843336,0.505071201417193,0.3677690108149685,0.0,0.0,0.011389950227006004,0.2948149431452703,0.38054643688305323,0.3943107046909167,0.28425206323291713,0.0,0.24907383357746007,0.008669642865787528,0.18077773168407293,0.5762090344173095,0.4370591808305716,0.0,0.29773533097048527,0.3405071266030472,0.3603572128638167,0.12962601640697605,0.33417936481377836,0.10950625703943632,0.2208427305319877,0.3720727776555707,0.2208792153827131,0.0,0.04194099224408818,0.06305285812719606,0.32781800468228667,0.23759574903669625,0.25856127251965133,0.2564203246592985,0.15719117703826463,0.09440262663095689,0.0,0.12964779051454473,0.11558099942968035,0.6468004969717602,0.0601733082212149,0.0,0.02299486270431812
0.0,0.0,0.3978971355979133,0.05531037743227802,0.3447152357495532,0.30448476516415596,0.4513423174170519,0.21163241129893318,0.3995466375281512,0.30154598347064104,0.412782474840052,0.14172161282306148,0.13264227045761454,0.0,0.5657417207764497,0.024323170117372124,0.0,0.16015378316113832,0.4196825548952312,0.6103584771090748,0.6835537451001142,0.2857425538313671,0.5037976529731629,0.0,0.09502723959495639,0.0,0.8089410189521936,0.2819637404372905,0.0,0.3999531547886014,0.5008604176034017,0.0,0.0,0.3480597622967788,0.06824111081933594,0.0,0.0,0.0,0.0,0.05494407135605176,0.26022047877002225,0.12149670765260802,0.0,0.0,0.0,0.1623083382351865,0.5793204118445867,0.1911610652267531,0.0,0.2820561326808899,0.0,0.3559097437642417,0.23150290791604122,0.32544309835448376,0.3840385678298779,0.2255862989286546,0.0,0.0,0.0,0.5321677771884263,0.5613028408014464,0.08177351641198596,0.4798756582000571,0.3863816870682248,0.1486796566282501,0.5656944007010899,0.36374176457015617,0.608762350998615,0.0,0.7165504372939611,0.06811413979014254,0.7287672062433872,0.11533260791548015,0.15083907252222475,0.0,0.10362321884330813
0.10382895568497291,0.0,0.13969093706908,0.30357062365296306,0.25031530818863496,0.1370360911841735,0.2407412805094104,0.2500344220863195,0.26724091346194306,0.09246345161331031,0.3557851729999325,0.30257353524707403,0.09266049452088673,0.0871005665631667,0.3336147843165961,0.0,0.1345420876612126,0.0,0.25746496545820263,0.4711350052390475,0.42314342242575775,0.19132070224660894,0.255844926018348,0.0,0.0,0.0,0.15104461863026072,0.6586464339090643,0.3999531547886014,0.0,0.42217789877960593,0.0,0.0,0.45481359074400973,0.1945570757895849,0.30508584497403063,0.2417314142467688,0.0,0.0,0.0,0.34918247772410727,0.34343530965205243,0.29303436886023737,0.14510673730975907,0.0,0.2926561424724619,0.13013196831171736,0.008339815056041517,0.42752756152058063,0.26534730702791215,0.0,0.27452332760515563,0.336648750084972,0.2120897139798316,0.10986574384102432,0.13079027184996816,0.04976670732979097,0.0,0.37810607789442097,0.34871788079557725,0.128730227829776,0.0,0.17707830884858786,0.19660784142771534,0.16400179609356527,0.43318625696219293,0.2612819594084825,0.24675990515702148,0.12175174840851309,0.135738053966274,0.127619262496453,0.17197575407049306,0.4162022824042599,0.07255787524994477,0.06900607845732742,0.0649838637767972
0.21311928499326444,0.0,0.07257954594450212,0.3357443262099374,0.0,0.0,0.13316544767831592,0.12859820934253197,0.19601316239786712,0.43474221705378274,0.06528487529103928,0.0,0.0,0.0,0.3082937044414146,0.12987621372991026,0.3333606140695696,0.15293637957508366,0.24970597045719545,0.3744198055977675,0.5075264992421006,0.12013850043149854,0.2410751637296582,0.0,0.0,0.0,0.15439729372449318,0.4212267816000696,0.5008604176034017,0.42217789877960593,0.0,0.05538018991714592,0.07651928185821184,0.44251410040450084,0.3232722414455295,0.1309073234131058,0.08655145199406593,0.0833464705368893,0.0,0.24838084061972782,0.241345834000961,0.1758307945292053,0.0,0.1470198849810972,0.08499985161631406,0.46209730869646415,0.25785740631528176,0.0,0.2232695050002807,0.2985780334868057,0.0,0.22879051598650885,0.1853783569399695,0.10435160143449865,0.4090381129652879,0.0,0.0,0.1674918171662846,0.0920705943531486,0.3126917314910677,0.5136371280017938,0.31818416498540897,0.40839530749823316,0.20054708741470703,0.043940893490105104,0.5123772261662005,0.2729157210720713,0.360989139276159,0.18203202900924462,0.433539184755098,0.14809848251239074,0.18781906549423935,0.2415406568252525,0.15957105214191117,0.0,0.3594881456272509
0.399117894569117,0.5717565235314618,0.02178996093165585,0.04620378494170644,0.025054439361962163,0.06777598952086171,0.27474613185055247,0.0970428119395367,0.0,0.24330372945713227,0.0,0.07308350535074995,0.27674753008000735,0.3469349918290437,0.0,0.5510904682679235,0.23602533439773724,0.5290573277946508,0.14760764156559386,0.0,0.0,0.1850333457524914,0.042250364861181285,0.3882352709749408,0.5378525670608114,0.4490544010199771,0.0,0.0,0.0,0.0,0.05538018991714592,0.0,0.535121817063051,0.026640397613750307,0.10379953014271796,0.0,0.0,0.26158396336281914,0.7179059924769154,0.45430559443586416,0.16312484174117245,0.0,0.16313543878193884,0.0,0.20365260402385552,0.20619744093574816,0.17399826211868652,0.0498844759683253,0.08137548184988304,0.06336637146002472,0.45523128205224106,0.18493692266565828,0.10590233730620291,0.0,0.15602241871915104,0.0,0.270282504110692,0.3532157121943606,0.1250805028311925,0.0,0.13070295421202335,0.35905069240680126,0.16937243376509478,0.22371985640728506,0.0,0.0,0.0,0.02413598357152442,0.30823658357367845,0.03425962586997245,0.26934205379995657,0.0,0.0,0.21173087784118746,0.5129341123251581,0.15511697918063969
0.40444821168779077,0.4787785233037719,0.30490565213720083,0.0,0.2679994344254003,0.206841986351682,0.2461802650539875,0.08991403620985257,0.20746772811816092,0.5031915701715782,0.12819637357352226,0.13383483837725182,0.3386936577334194,0.21026643973347012,0.0,0.4538675142518458,0.4365337493314462,0.5634057761269657,0.2095975745052576,0.0,0.0,0.27783213992909384,0.0,0.49733787309954725,0.5239501083326324,0.5401445298759171,0.0,0.0,0.0,0.0,0.07651928185821184,0.535121817063051,0.0,0.11486459436285074,0.0,0.0,0.0,0.3804884527932104,0.5456304423153044,0.8018240880388959,0.14355693148159124,0.0,0.0,0.0,0.43622119108452545,0.22369332972231018,0.005977906600004273,0.37169604724534727,0.0,0.2428345005854569,0.5087513978259678,0.0,0.0,0.2174757183273097,0.4050482905838937,0.27532231780156496,0.3919555280269163,0.4914057460076294,0.0690972351023247,0.11669395857790918,0.20775013092893085,0.5152502587751794,0.29526086361571124,0.2565033259227232,0.3157403061800068,0.0,0.23895029223118552,0.09464137111725617,0.4452873936141968,0.1442784640243881,0.45348195277559294,0.11336311208898982,0.02794572323572075,0.41224249219856857,0.5431586151995936,0.43671170148576705
