0.0,0.26411880621038225,0.30749042801831716,0.0,0.1655912324242595,0.05485226978074505,0.0811476550815587,0.020782628521156164,0.23367317462434165,0.3032396152902543,0.43294140387859376,0.0,0.12569435674605806,0.0,0.2601550757460909,0.46732899896232943,0.3717904547533104,0.3635399986442822,0.2574505861080997,0.13930144339254918,0.36887460461955396,0.38456223282979524,0.0,0.2762459794337987,0.5213146154088115,0.3315281606589678,0.26454724167885996,0.0,0.37901220917381895,0.0,0.07209336253236147,0.0,0.24999716323240836,0.0,0.2793642192678085,0.0,0.0,0.0,0.0,0.28338573494621505,0.0,0.03138888659893544,0.0,0.0,0.022522341239576124,0.5270512301017549,0.3053410508991031,0.15956522015630661,0.0,0.27166760262076983,0.1882437160855314,0.025074632639333738,0.0,0.3159069957716729,0.2159134397290241,0.3331275803856393,0.0,0.0,0.0,0.28741723199409686,0.22635355637130355,0.4001144734333909,0.3640940656414607,0.19764859355281303,0.28139577768217305,0.4927296718907749,0.36839753167136335,0.0,0.2364306785634362,0.46124043838826245,0.43261047880149844,0.27837715943097807,0.0,0.45031062172175085,0.14505733358309694,0.19140832722378515
0.26411880621038225,0.0,0.1533186205414823,0.0,0.24681343627707958,0.7897702491829615,0.624585256578648,0.6533183190185262,0.301447831420629,0.6305385162371269,0.3625221690327933,0.6357721153292907,0.6516175733748656,0.03504138133787109,0.0,0.36240915637635535,0.5939630873092547,0.6264780636153935,0.3526649849072724,0.33077903869076586,0.23428826336124284,0.35559273953044795,0.6370183874536889,0.6580956151367645,0.39638098672877276,0.8991530406271154,0.3846170770066022,0.0,0.23191944623416635,0.0,0.0,0.0,0.04243429631690288,0.0,0.04129752143684346,0.22615475864545226,0.0,0.0,0.0,0.0,0.0,0.0,0.2094285747019998,0.07688016377609254,0.0,0.0,0.5226518885838211,0.24441228603171133,0.0,0.206650598725634,0.5725358180911447,0.24485235321968782,0.48286017903391804,0.3393404987686505,0.23941006959075958,0.3585644950690075,0.5252971157866562,0.4098542996077668,0.0,0.2106840922404446,0.0,0.2867152815358271,0.17641296645534776,0.34341037460443885,0.13112986935046847,0.0,0.0,0.3955033813594168,0.4535048576552565,0.1160293642939621,0.529359046023326,0.222044849875332,0.0,0.0,0.0,0.0
0.30749042801831716,0.1533186205414823,0.0,0.0,0.5888904153201435,0.2918789280695184,0.17944708445370705,0.2271926765984914,0.6519608127478225,0.2626284044063547,0.7740398860281624,0.1830577310353111,0.4605479631824904,0.18437104217049338,0.3043663943019083,0.2980208349584359,0.19313829124103982,0.27748001055772475,0.4302580744109648,0.42953333475504746,0.2651493515891572,0.2927517928049761,0.19072341674287208,0.1672302319502399,0.25767646729004795,0.27514069761615495,0.5270108542151034,0.0,0.37368798384668006,0.12131996673038742,0.0,0.0,0.14442440928229625,0.0,0.0,0.0,0.0,0.13589154930170044,0.0,0.11790300356485228,0.0,0.0,0.0,0.0,0.16432631576028228,0.03389659921204082,0.002598028149495017,0.6631233588055763,0.0,0.6840389616600085,0.22261316143899776,0.31684116504560744,0.1800087100765575,0.6506177033063061,0.25400437098100215,0.7488941303775452,0.0873740372960718,0.2728028218849495,0.0,0.38851561544183466,0.0,0.39006069071003485,0.16894863118080222,0.3305313880817076,0.5198719867399874,0.1926642229227501,0.33484557220109246,0.22180985679322632,0.0023293453058805752,0.23261236832023638,0.19715354892151146,0.4962249266022999,0.08121634727784069,0.29255023172867667,0.13241064292585542,0.0
0.0,0.0,0.0,0.0,0.08150560330193818,0.0,0.08296320254104425,0.0,0.0,0.0,0.0,0.0,0.0,0.26878833583506384,0.0,0.0,0.0,0.0,0.0,0.0,0.0,0.0,0.0,0.0,0.0,0.0,0.0,0.31748635919648205,0.0,0.0,0.26067884952455134,0.5176556627902785,0.08112441980380622,0.31762138671112744,0.0425735596547769,0.4049009866955244,0.5025334579405234,0.1844202338135423,0.4906836089358652,0.1489074815180539,0.31283665951574824,0.26474504826155865,0.46658617654904616,0.4683789077328715,0.011913158242414899,0.04929785228178312,0.013017745199032442,0.0,0.5901643172214787,0.0,0.0,0.05824285622763189,0.0,0.0,0.0,0.0,0.09274303738190072,0.059799988438423865,0.5146230507214441,0.0,0.0,0.0,0.0,0.0,0.0,0.0,0.0,0.0,0.0,0.0,0.0,0.0,0.4555474159242615,0.0,0.018462074184006992,0.28164931471270016
0.1655912324242595,0.24681343627707958,0.5888904153201435,0.08150560330193818,0.0,0.42769060492953664,0.3307742811414636,0.23674941534462984,0.6514072175569314,0.2465723171289499,0.6289025169449128,0.3173936204707681,0.4588721697192203,0.47373990536404387,0.18358106584237474,0.12888220860724722,0.09581291729552407,0.03863968488142704,0.41590898382835995,0.46810382895315433,0.007806646848464043,0.3137346031519853,0.40376607234612805,0.2130103368200548,0.059076036968258284,0.21321456615547837,0.5406535878605998,0.11173296549606301,0.34307024041790585,0.09865469075624751,0.047225919325377674,0.04344642791803632,0.11925390732410986,0.0,0.0,0.16699845711049158,0.0,0.14546435526130774,0.017586868813798624,0.1979860089664477,0.0,0.0,0.21390903514986043,0.06011147007178226,0.1270514540687984,0.03126458231023711,0.05161534589080392,0.5682302668813396,0.0,0.6823731528088365,0.21004701919892949,0.3990740518824555,0.2952254110595576,0.4964419751090411,0.19477745322127427,0.5959564737463977,0.264463791913039,0.3256697567074094,0.1894287941135978,0.3058066313141448,0.0,0.1964390091926409,0.0,0.37458698853024863,0.40008270746850993,0.043999615778438216,0.19122793985439349,0.28754372231990144,0.0,0.0,0.15305968167603964,0.5005469931774177,0.15894304584367167,0.06882918954379069,0.10973161134288052,0.0
0.05485226978074505,0.7897702491829615,0.2918789280695184,0.0,0.42769060492953664,0.0,0.542071015099429,0.8419232941486978,0.631011626611499,0.47684884487826834,0.4978772303101452,0.8267930150967692,0.8577059371482628,0.11376215184600688,0.21889669978188578,0.14192991018360787,0.37823795348338174,0.46199753608385236,0.6026896280978585,0.6007576733867783,0.23148780495204133,0.37008868181654514,0.9295174023247815,0.6312330149249045,0.0,0.8106200501333926,0.6043888663283377,0.04358049626492323,0.27537624177508907,0.09783056389743659,0.0,0.0,0.0,0.0,0.0,0.29309875647207795,0.0,0.0,0.0,0.0,0.0,0.0,0.3078335725304315,0.0473018098986971,0.0062817616482775404,0.0,0.2172667719589055,0.5588413543815313,0.0,0.44346273936766395,0.7837514482960298,0.2965086619534629,0.7693823733268309,0.6126192923600441,0.0,0.5504447622239894,0.6851272906349025,0.49698685333493475,0.0,0.4116472939520432,0.0,0.13268988973651452,0.029322528335647906,0.5639342793619735,0.32194021549216845,0.0,0.0,0.7431638605537768,0.42525173169302355,0.0,0.4861372972069621,0.45038835713286146,0.0,0.0,0.0,0.0
0.0811476550815587,0.624585256578648,0.17944708445370705,0.08296320254104425,0.3307742811414636,0.542071015099429,0.0,0.461004261065611,0.2588414811104825,0.7042698549007496,0.36706642666319855,0.4592680516799661,0.46451943217041436,0.06953151714322572,0.0,0.1429754953077238,0.4366475359157733,0.3383067921602005,0.23160512036378622,0.2976096687761121,0.2737545743697605,0.15786599786504135,0.45367513288286865,0.4085442407036418,0.2747873219671263,0.49550073689793817,0.31020141418352276,0.028089748844742073,0.4091137569597799,0.08590713804109248,0.0,0.0,0.0,0.0,0.0,0.22129435233702335,0.0,0.0,0.0,0.0,0.0,0.0,0.18712701888347863,0.06480538828838214,0.0,0.0,0.3557539839058482,0.247019399917621,0.0,0.3770571473553503,0.4185223085504328,0.4130743357717403,0.33606258764824726,0.36727841754867613,0.31599748391188337,0.4175720956662575,0.424075956659854,0.23754961603081648,0.0,0.179542613951724,0.0,0.20900880449068598,0.0,0.23659247519643994,0.18572811458698868,0.043090258335370196,0.0,0.3643065976655766,0.19502038963040147,0.09729630539795424,0.36136806848550734,0.25467571090008023,0.0,0.04828733580878904,0.0,0.0
0.020782628521156164,0.6533183190185262,0.2271926765984914,0.0,0.23674941534462984,0.8419232941486978,0.461004261065611,0.0,0.48628395258440565,0.331043278042419,0.39184753427522523,0.8049028132838126,0.657693165951725,0.1573265551271386,0.23229811264973999,0.0,0.3065001222145092,0.2915832998177748,0.5025065285951036,0.493220302944694,0.30475343291333234,0.26840686950146553,0.9054204409544103,0.5738727303310897,0.0,0.7057796451356338,0.4176345620330531,0.0,0.14039439035046686,0.15856313357705856,0.0,0.0,0.0,0.0,0.0,0.3066791584689446,0.0,0.09059259793926057,0.0,0.0,0.0,0.0,0.3225358184686796,0.0,0.0,0.0,0.15090702681951895,0.48842155134254284,0.0,0.32622280186448194,0.7822332375078855,0.15539670990820284,0.8192277641757751,0.5622110860607215,0.0,0.435743183098001,0.7474228638310899,0.4244979791790446,0.0,0.4249981784504382,0.0,0.05062050779500806,0.0,0.4996312379823275,0.20683529666376688,0.0,0.0,0.8377003861334453,0.3793076555184781,0.0,0.4001836234064046,0.30509714616147404,0.0,0.0,0.0,0.0
0.23367317462434165,0.301447831420629,0.6519608127478225,0.0,0.6514072175569314,0.631011626611499,0.2588414811104825,0.48628395258440565,0.0,0.258371297315037,0.7364292912574925,0.45048645049681474,0.6190452114226406,0.016391747327642817,0.4278284251289633,0.07606675732245713,0.2194924110745537,0.2636083971035891,0.5505400383845354,0.7454765238673274,0.22795492844686974,0.4815179463805043,0.5446613759247468,0.23295759861256293,0.08466522806755729,0.3899218568035116,0.8801286069230141,0.07632525351238782,0.487078197904292,0.13822241678752872,0.0,0.0,0.0,0.0,0.0,0.0,0.0,0.1311029876250135,0.0,0.0,0.0,0.0,0.0,0.0,0.18408946677084564,0.0,0.0,0.7880372216021795,0.0,0.6946384837507998,0.5271287147146071,0.3221008880802414,0.505183860378096,0.9203068326970104,0.0,0.7160581574809811,0.3511582763139104,0.24426036944575322,0.0,0.5543464439269797,0.0,0.0670227049462622,0.0,0.5265245306791604,0.6059025973569211,0.061390819532090274,0.18040079542545004,0.556368589864725,0.11730854586657866,0.0,0.3108264754328292,0.8376805367981043,0.0,0.08387823748465188,0.12762053259110342,0.0
0.3032396152902543,0.6305385162371269,0.2626284044063547,0.0,0.2465723171289499,0.47684884487826834,0.7042698549007496,0.331043278042419,0.258371297315037,0.0,0.5328117817972965,0.4984185438130879,0.3562807702493237,0.03631397403264144,0.09525060700180742,0.3347419569548193,0.6641236640454358,0.4514526326444648,0.35784373135075015,0.22005455691133177,0.34210202701433773,0.2846184850956859,0.3536403520505917,0.5834778813223431,0.5951252277124863,0.5940298864003832,0.35410266667311785,0.0,0.47750441788629644,0.0,0.0,0.0,0.0,0.0,0.1117539336758607,0.03455159488580882,0.0,0.0,0.0,0.048251644589159655,0.0,0.0,0.0,0.0,0.0,0.13779634234246424,0.6239682339005276,0.2931540037334688,0.0,0.41694510273873564,0.5253621561935545,0.419227442523931,0.30073335374989496,0.3567478930122535,0.5699889845109126,0.5097513084981218,0.3850939610592487,0.40463438019170805,0.0,0.16930879458727757,0.013369671805193578,0.5492314094885344,0.406071799962594,0.36443234326801394,0.19311557701841017,0.20818682745004188,0.14575652470109718,0.3093866293375785,0.4288542246814224,0.478491143036791,0.6320154854200889,0.3467871360272552,0.0,0.26801391234796684,0.0202551392972479,0.0375131625523589
0.43294140387859376,0.3625221690327933,0.7740398860281624,0.0,0.6289025169449128,0.4978772303101452,0.36706642666319855,0.39184753427522523,0.7364292912574925,0.5328117817972965,0.0,0.3747333353230453,0.4775987487211586,0.2282063253637566,0.35374560253309734,0.34908271298422194,0.3154173606044492,0.3045037834841941,0.6717961756539131,0.5315550312513478,0.4119233243791856,0.43954554166306803,0.43452141829109703,0.3318169484294087,0.349637629685442,0.44921050440703303,0.6761807660533407,0.0,0.6432563392135616,0.07453693856914315,0.0,0.0,0.0954940773163527,0.0,0.0,0.0,0.0,0.08801938919464905,0.0,0.08011226992459476,0.0,0.0,0.0,0.0,0.13204438461740198,0.11867760803736811,0.23764372263138295,0.7114872810431299,0.0,0.7678624801982334,0.4415740491690018,0.41249056582241256,0.43085106669096773,0.7658779549588938,0.36844551750727705,0.9254802006980372,0.24855840505783974,0.30607205212657024,0.0,0.4539463774759903,0.0,0.40950919302221295,0.2395758190050004,0.5825633211730048,0.47371628743216837,0.3850652630162518,0.2880580313718579,0.46548315190000983,0.17867869494581873,0.3396022827145837,0.48637348944732445,0.5570819268601599,0.0,0.33789233000126023,0.03342122500202021,0.0
0.0,0.6357721153292907,0.1830577310353111,0.0,0.3173936204707681,0.8267930150967692,0.4592680516799661,0.8049028132838126,0.45048645049681474,0.4984185438130879,0.3747333353230453,0.0,0.6654565015121432,0.16259340813414846,0.15263736137040157,0.0,0.45052445177506545,0.31254060811434614,0.4574218948892062,0.44623079509048097,0.19374967259463685,0.262492908610658,0.8017532317174173,0.6863554076873629,0.0,0.7323673472633475,0.3886197160031575,0.0,0.09246309602773921,0.04532032776583282,0.0,0.0,0.0,0.0,0.0,0.3691377848575101,0.0,0.028338193244765764,0.0,0.0,0.0,0.0,0.3715229247519194,0.09381767975015418,0.02597134487292077,0.0,0.21070171268689214,0.44333942381320623,0.0,0.32654396555042386,0.725631846479765,0.17137959515077295,0.7367468122295612,0.46904611616588315,0.04122882439495208,0.43790562444603603,0.818815371852026,0.5730022349820925,0.0,0.3175176424798856,0.0,0.17946164614875984,0.0,0.43451948538001095,0.14929582100662633,0.0,0.0,0.6909037558433403,0.4111944878303826,0.0,0.45619395597043383,0.29206200854889075,0.0,0.0,0.0,0.0
0.12569435674605806,0.6516175733748656,0.4605479631824904,0.0,0.4588721697192203,0.8577059371482628,0.46451943217041436,0.657693165951725,0.6190452114226406,0.3562807702493237,0.4775987487211586,0.6654565015121432,0.0,0.013220295138873385,0.2890523554760459,0.36930136253239293,0.40331212064943606,0.6401783610210051,0.5037284468191963,0.6764741334951133,0.23162498380018937,0.45385162103407384,0.6506060418315296,0.4138869600324945,0.02676560302613185,0.7567000898411819,0.5295133737692687,0.31865486737137055,0.25035018009877485,0.15209747939287277,0.0,0.0,0.0,0.0,0.0,0.16909620221937138,0.0,0.0,0.0,0.0,0.0,0.0,0.23422153153517986,0.0222329444501586,0.016781807060650963,0.0,0.11405809544606192,0.5352002941907391,0.0,0.46189523168283303,0.5401285490374165,0.2304800364518365,0.5569698309765705,0.597988485483194,0.0,0.5548293575200693,0.47293315426266147,0.5035314294029906,0.0,0.4573473387249851,0.0,0.22251198507447492,0.1075764190832738,0.46538660360394285,0.44305510514851243,0.0,0.0,0.47916360966944327,0.17801567208632763,0.0,0.3671326147869561,0.3865879793283478,0.0,0.0,0.1210237678397333,0.0
0.0,0.03504138133787109,0.18437104217049338,0.26878833583506384,0.47373990536404387,0.11376215184600688,0.06953151714322572,0.1573265551271386,0.016391747327642817,0.03631397403264144,0.2282063253637566,0.16259340813414846,0.013220295138873385,0.0,0.0,0.0,0.0,0.0,0.1938668858532167,0.0,0.0,0.0,0.28221110384699966,0.09851894682114667,0.0,0.0,0.0,0.0,0.05789189342457203,0.0,0.38394132449719764,0.24966929442723307,0.03904489683887559,0.2142098374605941,0.0,0.34286974678046983,0.07066130517171187,0.15432839894901587,0.18625049670439156,0.0,0.10501117878217993,0.0,0.37366469010594927,0.26932044701003577,0.08699778103868831,0.0,0.0,0.08102577591430206,0.37309398002185956,0.2744659464773217,0.0,0.19786756723387106,0.20432677921097664,0.0,0.30872210544237716,0.252082068921544,0.1844577784022902,0.2631630071731462,0.4461021214072382,0.0,0.0,0.12531284767000148,0.0,0.19950670776154836,0.0,0.0,0.0,0.19390730010701504,0.0,0.0,0.0,0.0,0.15288311923118164,0.0,0.0,0.02288160997422752
0.2601550757460909,0.0,0.3043663943019083,0.0,0.18358106584237474,0.21889669978188578,0.0,0.23229811264973999,0.4278284251289633,0.09525060700180742,0.35374560253309734,0.15263736137040157,0.2890523554760459,0.0,0.0,0.22134576727459482,0.07846199534163262,0.1640879801375673,0.41394367155807327,0.6132932328519879,0.4635878680599885,0.5912629380722547,0.22144173880001614,0.0,0.043518133895507266,0.10291474227768495,0.41897779521771183,0.12091146974453044,0.5239034583453555,0.3213233095385376,0.029953173236753027,0.0,0.0,0.0,0.0,0.0,0.0,0.18621900319203624,0.0,0.0,0.0,0.0,0.0,0.0,0.149081880768648,0.07490045102358985,0.0,0.36790261865963975,0.0,0.24690457775480645,0.2988986308268221,0.0,0.2652775432296676,0.465109776699689,0.0,0.2927683722321237,0.089749594581201,0.2124635373304985,0.0,0.6468486576593214,0.06280159119995307,0.11268095652248998,0.14529862703830482,0.43976800562727775,0.44237143269308427,0.36067150114153024,0.3251710434119465,0.34273778673588684,0.0,0.11606159133849261,0.2181699135729743,0.33266303401126107,0.0,0.2350430969077314,0.21072590884037978,0.0
0.46732899896232943,0.36240915637635535,0.2980208349584359,0.0,0.12888220860724722,0.14192991018360787,0.1429754953077238,0.0,0.07606675732245713,0.3347419569548193,0.34908271298422194,0.0,0.36930136253239293,0.0,0.22134576727459482,0.0,0.4250602480892114,0.7116288563874373,0.3060920921743529,0.17322971508736587,0.331948407844554,0.5052324243162049,0.0,0.0753246223568598,0.5305832580192938,0.4410192875222278,0.12444227749801752,0.0,0.36710332969420584,0.0,0.24163193282990245,0.0,0.24858484644346093,0.13821626651266006,0.011189454818850333,0.0,0.0,0.0,0.0,0.23482665617580628,0.0,0.0,0.0,0.0,0.0,0.25235145472990245,0.250340833538709,0.057708190587616705,0.0,0.10100880826419793,0.0,0.0,0.0,0.13340408327479214,0.2879050266966919,0.24383393823641888,0.0,0.09300230507221596,0.0,0.22347462984906216,0.36642431317992596,0.4327508667876545,0.4827527371060383,0.21960039321003347,0.2394354593159427,0.40825629667593094,0.36824718525730077,0.0,0.0,0.36743164604568446,0.26783883859170904,0.0,0.0,0.29651812213706996,0.054914521444334494,0.21707839496191073
0.3717904547533104,0.5939630873092547,0.19313829124103982,0.0,0.09581291729552407,0.37823795348338174,0.4366475359157733,0.3065001222145092,0.2194924110745537,0.6641236640454358,0.3154173606044492,0.45052445177506545,0.40331212064943606,0.0,0.07846199534163262,0.4250602480892114,0.0,0.7063758122660483,0.17555038620945687,0.21115647964225856,0.2092144817448356,0.3332158971640446,0.22647696992694022,0.5171400087317403,0.5632758478344178,0.6698464426503155,0.19155664706145986,0.0,0.19281596363102327,0.0,0.0,0.0,0.06921368603463285,0.0,0.1655363100388086,0.05422930930515999,0.0,0.0,0.0,0.11116128826073525,0.0,0.0,0.0,0.0,0.0,0.03545410569178149,0.44317056654414466,0.1454724889451528,0.0,0.17038638301586792,0.4047145455884028,0.03999576518744709,0.18978674430405673,0.2854269485081994,0.21563358889292913,0.25262252654236234,0.2677122956119152,0.3427342506555152,0.0,0.11956608042034834,0.0,0.4307798631478107,0.40622324398360055,0.13817128678982105,0.1815692195582554,0.11783334066126283,0.22124712663256388,0.13244619825228654,0.3180355153648676,0.26806064471943475,0.5292744633771128,0.2329523128801543,0.06459317919546939,0.04833477654489564,0.14296396689764307,0.0
0.3635399986442822,0.6264780636153935,0.27748001055772475,0.0,0.03863968488142704,0.46199753608385236,0.3383067921602005,0.2915832998177748,0.2636083971035891,0.4514526326444648,0.3045037834841941,0.31254060811434614,0.6401783610210051,0.0,0.1640879801375673,0.7116288563874373,0.7063758122660483,0.0,0.28604344980528695,0.33337350528497817,0.2851550630272812,0.4939580189251391,0.13933553825771802,0.23256042739459207,0.5354457707811249,0.7216440639826045,0.2441077797734087,0.12327015060149844,0.20591142973397927,0.0,0.0,0.0,0.0872517855855587,0.0,0.040726554026336285,0.0,0.0,0.0,0.0,0.1017168165910199,0.0,0.0,0.0,0.0,0.0,0.0,0.30303932242469683,0.1678460055251273,0.0,0.0758534041820899,0.2849212746858024,0.0,0.0796466525981228,0.31301007785858104,0.08298991101541944,0.26917602834088494,0.09097964737484014,0.1807810766695589,0.0,0.25754556398621425,0.06261591925253467,0.3686395165071504,0.5082694697918804,0.2306069182280424,0.28143098576472636,0.14196494035639826,0.2820160817265467,0.00650226501193625,0.11495350747444677,0.22039493990481296,0.3856185894826324,0.20616738380969066,0.0,0.03993667261788418,0.08252774031174512,0.0
0.2574505861080997,0.3526649849072724,0.4302580744109648,0.0,0.41590898382835995,0.6026896280978585,0.23160512036378622,0.5025065285951036,0.5505400383845354,0.35784373135075015,0.6717961756539131,0.4574218948892062,0.5037284468191963,0.1938668858532167,0.41394367155807327,0.3060920921743529,0.17555038620945687,0.28604344980528695,0.0,0.6146644410247107,0.3285172165591074,0.5851145146995974,0.5499512282383016,0.34956132415645413,0.0617852788171364,0.43187263304878637,0.5683876372383576,0.0,0.5122298619278778,0.24356051148685454,0.02109585543301655,0.0,0.0,0.0,0.0,0.12700196072398529,0.0,0.08562339890828419,0.0,0.0,0.0,0.0,0.12843496748878216,0.0,0.04773659913673879,0.11332671965094679,0.18356339715501602,0.5896097727763019,0.0,0.4842205454123529,0.5232591969956143,0.28783011110317774,0.5451284217405533,0.5153757159145687,0.17447208396406724,0.6007259224589823,0.42402020825741593,0.38435675215659737,0.0,0.3863381100246176,0.0,0.3364376054664981,0.2209119823587619,0.8687414154696155,0.37336561042665256,0.276496354616979,0.23837897263962213,0.5352250432970084,0.2801917171088062,0.0772334376938933,0.437766306417704,0.34602842497367986,0.0,0.061805341699152645,0.013654142668507886,0.0
0.13930144339254918,0.33077903869076586,0.42953333475504746,0.0,0.46810382895315433,0.6007576733867783,0.2976096687761121,0.493220302944694,0.7454765238673274,0.22005455691133177,0.5315550312513478,0.44623079509048097,0.6764741334951133,0.0,0.6132932328519879,0.17322971508736587,0.21115647964225856,0.33337350528497817,0.6146644410247107,0.0,0.31923552078620404,0.7339158455831213,0.5402415138151047,0.1756203534425013,0.0,0.41588752640743953,0.7033468124094414,0.27691343195873,0.48754051571014484,0.4039498298438826,0.0,0.0,0.0,0.0,0.0,0.10131797596635841,0.0,0.1095553877943993,0.0,0.0,0.0,0.0,0.1038930004964088,0.0,0.10260437065212889,0.0,0.0,0.6384415511295607,0.0,0.47333770785762946,0.47979710075044824,0.2736308176214061,0.5436252142638194,0.6703802992714949,0.0,0.523171537827505,0.36057762204686394,0.40867310692625697,0.0,0.650482618007634,0.0,0.03670769506798178,0.0,0.6077710591450504,0.6925197857629356,0.1353818955002881,0.3035411614395152,0.5262972016340353,0.12400677770769093,0.0,0.276823350502376,0.5505815232882644,0.0,0.0,0.16440887497540563,0.0
0.36887460461955396,0.23428826336124284,0.2651493515891572,0.0,0.007806646848464043,0.23148780495204133,0.2737545743697605,0.30475343291333234,0.22795492844686974,0.34210202701433773,0.4119233243791856,0.19374967259463685,0.23162498380018937,0.0,0.4635878680599885,0.331948407844554,0.2092144817448356,0.2851550630272812,0.3285172165591074,0.31923552078620404,0.0,0.4119716037759328,0.1824298248102863,0.16228673675575966,0.2642293577717681,0.32096626904822523,0.2896455617342224,0.0,0.5706222471481847,0.1660654819982865,0.15732348906421872,0.0,0.0,0.0,0.0,0.0,0.0,0.22692502564548242,0.0,0.0,0.0,0.0,0.0,0.0,0.036169898287762584,0.18431987894497467,0.28410527095934146,0.21177392999636196,0.0,0.22060105111501008,0.3928234385099813,0.0,0.3205095438099922,0.37545962879734696,0.25938499143412014,0.3841606631839569,0.07463350903621616,0.18762243248380134,0.0,0.4295458473162673,0.08583972340358514,0.2763135074622835,0.2801308696062638,0.3258201068264064,0.18904270317079613,0.6690618380928917,0.19512073247277584,0.3616865337395884,0.13524802783460277,0.3351678721203585,0.4935339999052507,0.14724764156557282,0.0,0.26611206670033066,0.0,0.0
0.38456223282979524,0.35559273953044795,0.2927517928049761,0.0,0.3137346031519853,0.37008868181654514,0.15786599786504135,0.26840686950146553,0.4815179463805043,0.2846184850956859,0.43954554166306803,0.262492908610658,0.45385162103407384,0.0,0.5912629380722547,0.5052324243162049,0.3332158971640446,0.4939580189251391,0.5851145146995974,0.7339158455831213,0.4119716037759328,0.0,0.259302053309888,0.14997695419919074,0.2758439471266884,0.4168933290394205,0.6156863630212206,0.22619386442335213,0.5454847076392936,0.2433349261667516,0.0,0.0,0.0791563200021136,0.0,0.0,0.0,0.0,0.07840198157447961,0.0,0.09429327821327908,0.0,0.0,0.0,0.0,0.0,0.2063783702051019,0.23770543123632498,0.3657390764546016,0.0,0.2603812428463277,0.3334437707014669,0.12073083401235321,0.2741388356295147,0.434478493620417,0.07157587138171734,0.3462587166057611,0.17166995805252563,0.27033144529704617,0.0,0.5522141490028872,0.0528310567674795,0.21589246675690457,0.29828865938402366,0.510488063463454,0.5113251100799592,0.4041497776552041,0.513379592395762,0.251340629668206,0.16204469975537866,0.19719630716853942,0.4195085949457787,0.3804593316013166,0.050380894014530615,0.19557290812347874,0.15442845108286707,0.0
0.0,0.6370183874536889,0.19072341674287208,0.0,0.40376607234612805,0.9295174023247815,0.45367513288286865,0.9054204409544103,0.5446613759247468,0.3536403520505917,0.43452141829109703,0.8017532317174173,0.6506060418315296,0.28221110384699966,0.22144173880001614,0.0,0.22647696992694022,0.13933553825771802,0.5499512282383016,0.5402415138151047,0.1824298248102863,0.259302053309888,0.0,0.6134325198682845,0.0,0.6540629686457001,0.5110275373234294,0.0,0.2195293274767367,0.1463072768003722,0.0,0.0,0.0,0.0,0.0,0.4390915782551988,0.0,0.04121913657553127,0.0,0.0,0.0,0.0,0.4159832627127862,0.11130725958293569,0.02367702383173563,0.0,0.18057131367608723,0.5362820399549195,0.0,0.428816873993303,0.7882374427032424,0.23563445969316116,0.9160570167172417,0.526747029119656,0.0,0.4966851516082895,0.7741468692494367,0.5277743250911362,0.0,0.374128433005318,0.0,0.009539515419534031,0.0,0.5592666832473112,0.26395200649186207,0.0,0.0,0.9150593289263175,0.42697157465583857,0.0,0.45465851371101157,0.3967857857768497,0.0,0.0,0.0,0.0
0.2762459794337987,0.6580956151367645,0.1672302319502399,0.0,0.2130103368200548,0.6312330149249045,0.4085442407036418,0.5738727303310897,0.23295759861256293,0.5834778813223431,0.3318169484294087,0.6863554076873629,0.4138869600324945,0.09851894682114667,0.0,0.0753246223568598,0.5171400087317403,0.23256042739459207,0.34956132415645413,0.1756203534425013,0.16228673675575966,0.14997695419919074,0.6134325198682845,0.0,0.2220394206801408,0.7737570024588549,0.21419034967700268,0.0,0.052590720528583254,0.025398683840334904,0.0,0.07774086112313383,0.0017402980475126873,0.0,0.11260747834771473,0.27560561334003925,0.0,0.0,0.11367584068979311,0.0,0.0,0.0,0.31449892371461713,0.11356571501146014,0.0,0.0,0.4609774227801403,0.23802304845782646,0.0,0.3169078342376981,0.6196239791824626,0.16783635306590117,0.5468122169591978,0.2908200271977737,0.25094292828998593,0.37990099709012387,0.6366904139269196,0.4850246714987714,0.0,0.11166862713791186,0.0,0.3959739766511653,0.10354865220503384,0.30583327459607523,0.11600306817073876,0.0,0.0,0.4913346630899513,0.6802560742743252,0.005175211673438701,0.627572570711204,0.16502477586885347,0.0,0.0,0.0,0.0
0.5213146154088115,0.39638098672877276,0.25767646729004795,0.0,0.059076036968258284,0.0,0.2747873219671263,0.0,0.08466522806755729,0.5951252277124863,0.349637629685442,0.0,0.02676560302613185,0.0,0.043518133895507266,0.5305832580192938,0.5632758478344178,0.5354457707811249,0.0617852788171364,0.0,0.2642293577717681,0.2758439471266884,0.0,0.2220394206801408,0.0,0.315451689653417,0.20694659185650535,0.0,0.4389822864038407,0.0,0.0,0.04929592179363322,0.3380324827230927,0.02550960947164562,0.29527089622487906,0.0,0.0,0.0,0.0643993902990599,0.39091465355541916,0.06943907270719547,0.1889363032214061,0.0,0.0,0.0,0.48120468180552584,0.6169432018830051,0.0,0.0,0.08321875409749405,0.09996053622399673,0.18119752894663507,0.0,0.11879900445034493,0.4671175822374872,0.18668103705120456,0.0,0.0,0.0,0.0,0.5230042977849308,0.47388992719547646,0.6737091523169576,0.0,0.14747158369238766,0.36687276548634057,0.4444532088406434,0.0,0.2415135591357509,0.8081019804706436,0.4945920102149867,0.230968514556479,0.11720382564443664,0.607356831263796,0.15338778654190713,0.44433616372804713
0.3315281606589678,0.8991530406271154,0.27514069761615495,0.0,0.21321456615547837,0.8106200501333926,0.49550073689793817,0.7057796451356338,0.3899218568035116,0.5940298864003832,0.44921050440703303,0.7323673472633475,0.7567000898411819,0.0,0.10291474227768495,0.4410192875222278,0.6698464426503155,0.7216440639826045,0.43187263304878637,0.41588752640743953,0.32096626904822523,0.4168933290394205,0.6540629686457001,0.7737570024588549,0.315451689653417,0.0,0.3897783749163732,0.0,0.17706966730538107,0.03013682455737784,0.0,0.0,0.04015810858780856,0.0,0.038269419036827984,0.1743178979658097,0.0,0.0,0.0,0.0,0.0,0.0,0.19396180722882034,0.0,0.0,0.0,0.4461943399667893,0.32484325007451254,0.0,0.2793400577994751,0.6385341740982883,0.09016355114994995,0.5853699850413006,0.4373688523782615,0.1606198685302975,0.4558683706408994,0.5714665388115592,0.47610631632555556,0.0,0.28431047644580526,0.0,0.35099273054784186,0.21007366125131705,0.37477952285285066,0.21385506476355126,0.0,0.0,0.4773557896882422,0.5208928353033371,0.04482256495449028,0.6643816133508327,0.21277816682798548,0.0,0.0,0.0,0.0
0.26454724167885996,0.3846170770066022,0.5270108542151034,0.0,0.5406535878605998,0.6043888663283377,0.31020141418352276,0.4176345620330531,0.8801286069230141,0.35410266667311785,0.6761807660533407,0.3886197160031575,0.5295133737692687,0.0,0.41897779521771183,0.12444227749801752,0.19155664706145986,0.2441077797734087,0.5683876372383576,0.7033468124094414,0.2896455617342224,0.6156863630212206,0.5110275373234294,0.21419034967700268,0.20694659185650535,0.3897783749163732,0.0,0.044855395741016976,0.606112158075221,0.14649467774337288,0.0,0.0,0.0,0.0,0.0,0.0,0.0,0.06279388012791426,0.0,0.0,0.0,0.0,0.0,0.0,0.11384416107220802,0.02341510121415693,0.09768453917722962,0.6800732764522772,0.0,0.5633340168387574,0.5151719381334426,0.38792281990715466,0.4388715339342578,0.7855371259503148,0.0,0.626896958058793,0.2749096944929642,0.1765796572285559,0.0,0.5008593615366145,0.0,0.06318745624612851,0.0524140564314123,0.5216213612374315,0.5804717707672201,0.13506799048707943,0.240677298364379,0.5272474780692614,0.16059862561341706,0.13160004586402493,0.33534764435759246,0.8214972398078462,0.0,0.21265125212661945,0.0,0.0
0.0,0.0,0.0,0.31748635919648205,0.11173296549606301,0.04358049626492323,0.028089748844742073,0.0,0.07632525351238782,0.0,0.0,0.0,0.31865486737137055,0.0,0.12091146974453044,0.0,0.0,0.12327015060149844,0.0,0.27691343195873,0.0,0.22619386442335213,0.0,0.0,0.0,0.0,0.044855395741016976,0.0,0.0,0.32520834699215007,0.1769147822318843,0.3480953734580311,0.1363529895085183,0.13959309477205004,0.07768490272700884,0.18776698155509328,0.34862055492414495,0.12054338143941266,0.23429952241208954,0.0672186364458685,0.14925460219850367,0.2121813775392667,0.2684027437038065,0.2909191360978733,0.06664120012106967,0.08348641919426582,0.0,0.012808320056849131,0.318103702568377,0.0,0.0,0.039752415825369744,0.0,0.0,0.0,0.0,0.1362447456656138,0.17249412915645776,0.1841290719644431,0.031598746120682156,0.0,0.0,0.0,0.0,0.20024849615676646,0.0,0.1714113950049895,0.0,0.0,0.0,0.0,0.0,0.6231510110585968,0.0,0.326635851576786,0.115396863298876
0.37901220917381895,0.23191944623416635,0.37368798384668006,0.0,0.34307024041790585,0.27537624177508907,0.4091137569597799,0.14039439035046686,0.487078197904292,0.47750441788629644,0.6432563392135616,0.09246309602773921,0.25035018009877485,0.05789189342457203,0.5239034583453555,0.36710332969420584,0.19281596363102327,0.20591142973397927,0.5122298619278778,0.48754051571014484,0.5706222471481847,0.5454847076392936,0.2195293274767367,0.052590720528583254,0.4389822864038407,0.17706966730538107,0.606112158075221,0.0,0.0,0.11721043653736529,0.08947077084548308,0.0,0.052987282521672806,0.0,0.0,0.0,0.0,0.1065446244755764,0.0,0.037421982211920425,0.0,0.0,0.0,0.0,0.047843694284500284,0.3025354897278978,0.32179773091932323,0.3972958519676207,0.0,0.4518518551854895,0.3088896666024992,0.36304379127715797,0.2489712015560252,0.5239261523180693,0.41252819915005695,0.5312800741824799,0.0,0.1575516975070071,0.0,0.44481433292295186,0.2235363181821087,0.3025295957645093,0.3232224942060401,0.4948841409972005,0.4865906853781653,0.5919703314458912,0.43037407146124396,0.3331250643781999,0.06526181585744911,0.5273617543826611,0.4576881820827212,0.4639004022502945,0.0,0.6110366765671025,0.03895174159010648,0.0
0.0,0.0,0.12131996673038742,0.0,0.09865469075624751,0.09783056389743659,0.08590713804109248,0.15856313357705856,0.13822241678752872,0.0,0.07453693856914315,0.04532032776583282,0.15209747939287277,0.0,0.3213233095385376,0.0,0.0,0.0,0.24356051148685454,0.4039498298438826,0.1660654819982865,0.2433349261667516,0.1463072768003722,0.025398683840334904,0.0,0.03013682455737784,0.14649467774337288,0.32520834699215007,0.11721043653736529,0.0,0.11282613952099474,0.11319815716229148,0.0,0.0,0.0042478196666256894,0.13426586879947852,0.0742484175779451,0.11578270706844637,0.07271841357206528,0.0,0.0,0.0,0.07483074400360654,0.0038775914692115907,0.0,0.08944612695967567,0.03120298037881473,0.22087352636414975,0.0,0.14669171411193613,0.2640204890133822,0.02865408405768845,0.17437750865694474,0.18028988209852106,0.0,0.08492390161884984,0.172236486235542,0.21064416090849597,0.0,0.2630552561786129,0.0,0.0,0.0,0.24346046592465317,0.24334908616457973,0.07415437177455823,0.17105892147536395,0.22316279399980835,0.10272019491559017,0.0,0.15736239456972925,0.06665790162482377,0.16443889029267056,0.0,0.11912997228697747,0.0
0.07209336253236147,0.0,0.0,0.26067884952455134,0.047225919325377674,0.0,0.0,0.0,0.0,0.0,0.0,0.0,0.0,0.38394132449719764,0.029953173236753027,0.24163193282990245,0.0,0.0,0.02109585543301655,0.0,0.15732348906421872,0.0,0.0,0.0,0.0,0.0,0.0,0.1769147822318843,0.08947077084548308,0.11282613952099474,0.0,0.49126677392875423,0.19339972418247622,0.533577230472277,0.0,0.2396479547079462,0.3284791424185147,0.2101368592476079,0.37713823966562504,0.10904342778326614,0.391627670729052,0.06341097604063171,0.15467031656714156,0.29133529085692766,0.0,0.302021162118707,0.20636905052884233,0.0,0.4361077919112627,0.0,0.0,0.0,0.0,0.0,0.4180127638922386,0.0,0.0,0.15659256887343503,0.3843989427716537,0.0,0.42718122346432447,0.22802776034147373,0.11931196443792592,0.029240790299074015,0.0,0.3041509218181218,0.17953708758545064,0.0,0.0,0.11357195671773537,0.0,0.0,0.4488517363266295,0.1620322224058886,0.14478426988918355,0.49662871372166156
0.0,0.0,0.0,0.5176556627902785,0.04344642791803632,0.0,0.0,0.0,0.0,0.0,0.0,0.0,0.0,0.24966929442723307,0.0,0.0,0.0,0.0,0.0,0.0,0.0,0.0,0.0,0.07774086112313383,0.04929592179363322,0.0,0.0,0.3480953734580311,0.0,0.11319815716229148,0.49126677392875423,0.0,0.270512364569476,0.46191364298130333,0.16721449007161407,0.30648011989540297,0.5925955014447328,0.0060033680735538004,0.8340271387469576,0.2774676989054574,0.5451120588754419,0.4137477230822382,0.3335201128930912,0.5662866300517436,0.0640248344552624,0.24363175964710973,0.29036281869380015,0.0,0.48887226447316173,0.0,0.0,0.05386859886909697,0.0,0.0,0.2130748089325287,0.0,0.06151039795700195,0.22239967091404494,0.5336264109458791,0.0,0.3246723894527822,0.2061736886335439,0.13298924579036966,0.0,0.0,0.0,0.18690121740701252,0.0,0.1827370794372019,0.0,0.0,0.0,0.5997248304904347,0.0,0.20589552208047482,0.6361318001790824
0.24999716323240836,0.04243429631690288,0.14442440928229625,0.08112441980380622,0.11925390732410986,0.0,0.0,0.0,0.0,0.0,0.0954940773163527,0.0,0.0,0.03904489683887559,0.0,0.24858484644346093,0.06921368603463285,0.0872517855855587,0.0,0.0,0.0,0.0791563200021136,0.0,0.0017402980475126873,0.3380324827230927,0.04015810858780856,0.0,0.1363529895085183,0.052987282521672806,0.0,0.19339972418247622,0.270512364569476,0.0,0.4834575816519338,0.23362797510420652,0.0,0.10700645820365745,0.02875409281378176,0.27170611546013207,0.6309709995893232,0.4397297824006955,0.2124364800560315,0.0,0.14691578598658925,0.18762756424741917,0.38307272671856807,0.2645223983189875,0.0,0.2535962576769315,0.021117184481149052,0.0,0.051313534141339455,0.0,0.0,0.3074787734006171,0.012379269141340694,0.0,0.15153943130965283,0.057548565213102414,0.0,0.4271697865846192,0.32744661586923735,0.37778169132943734,0.0,0.013641893761534178,0.21639852216817793,0.28679103103008674,0.0,0.11236050069669241,0.3853683917489118,0.2034299317945049,0.0,0.36156733115965,0.299654838952258,0.13553701963917814,0.432932848887598
0.0,0.0,0.0,0.31762138671112744,0.0,0.0,0.0,0.0,0.0,0.0,0.0,0.0,0.0,0.2142098374605941,0.0,0.13821626651266006,0.0,0.0,0.0,0.0,0.0,0.0,0.0,0.0,0.02550960947164562,0.0,0.0,0.13959309477205004,0.0,0.0,0.533577230472277,0.46191364298130333,0.4834575816519338,0.0,0.10325951153419773,0.026440270531298018,0.343171726540528,0.1042359241202705,0.38707592875022834,0.4335412004429311,0.6573158135624029,0.2937880237535482,0.05086818399802832,0.32265336494685404,0.03029307453527901,0.27839271868472953,0.08078975838820325,0.0,0.37792529845342565,0.0,0.0,0.0,0.0,0.0,0.2847112337361228,0.0,0.0,0.0,0.36451682361515314,0.0,0.461138179590643,0.12832052165170696,0.13665050832093417,0.0,0.0,0.17227201363111316,0.24834566651820103,0.0,0.0,0.12914857169144425,0.0,0.0,0.42419515875647507,0.16829213425483514,0.18340726462176904,0.5847680687642675
0.2793642192678085,0.04129752143684346,0.0,0.0425735596547769,0.0,0.0,0.0,0.0,0.0,0.1117539336758607,0.0,0.0,0.0,0.0,0.0,0.011189454818850333,0.1655363100388086,0.040726554026336285,0.0,0.0,0.0,0.0,0.0,0.11260747834771473,0.29527089622487906,0.038269419036827984,0.0,0.07768490272700884,0.0,0.0042478196666256894,0.0,0.16721449007161407,0.23362797510420652,0.10325951153419773,0.0,0.0,0.14725863221944202,0.0,0.1934454852138973,0.35784060380949934,0.12986021555133204,0.45209510287565435,0.0,0.01452996898877946,0.0,0.3327029319916223,0.23756889631271175,0.0,0.01567847774462744,0.0,0.0,0.0,0.0,0.0,0.0,0.0,0.0,0.0,0.0,0.0,0.2331664027425892,0.1289127101779988,0.2046553289996878,0.0,0.023874273751948814,0.0,0.13831168872943536,0.0,0.23003067151384152,0.26276779901093267,0.14092576925407754,0.0,0.19794674180300584,0.22470069570343199,0.2691372171227435,0.3967081452316846
0.0,0.22615475864545226,0.0,0.4049009866955244,0.16699845711049158,0.29309875647207795,0.22129435233702335,0.3066791584689446,0.0,0.03455159488580882,0.0,0.3691377848575101,0.16909620221937138,0.34286974678046983,0.0,0.0,0.05422930930515999,0.0,0.12700196072398529,0.10131797596635841,0.0,0.0,0.4390915782551988,0.27560561334003925,0.0,0.1743178979658097,0.0,0.18776698155509328,0.0,0.13426586879947852,0.2396479547079462,0.30648011989540297,0.0,0.026440270531298018,0.0,0.0,0.5046025216604862,0.08604121638164959,0.2709722806245792,0.0,0.038594225659193925,0.0,0.7073372361749272,0.5069581195410611,0.0,0.0,0.0,0.09388197288551088,0.36830509010671014,0.08136408652460982,0.196008205188697,0.061328006820569055,0.3624062166376085,0.0,0.0,0.0,0.5791496702005887,0.4046885782198108,0.4127833399459783,0.0,0.0,0.0,0.0,0.16962680821113968,0.0,0.0,0.0,0.2917733165771282,0.15273122772018805,0.0,0.0,0.0,0.21423358604174547,0.0,0.0,0.0
0.0,0.0,0.0,0.5025334579405234,0.0,0.0,0.0,0.0,0.0,0.0,0.0,0.0,0.0,0.07066130517171187,0.0,0.0,0.0,0.0,0.0,0.0,0.0,0.0,0.0,0.0,0.0,0.0,0.0,0.34862055492414495,0.0,0.0742484175779451,0.3284791424185147,0.5925955014447328,0.10700645820365745,0.343171726540528,0.14725863221944202,0.5046025216604862,0.0,0.0,0.472505252889465,0.10737283177295473,0.4833184001637937,0.31403022407683184,0.4320439987496225,0.6423535211800896,0.0,0.05326482558462676,0.08035784644300265,0.0,0.5274852814832067,0.0,0.0,0.0,0.0,0.0,0.0,0.0,0.12329855178156969,0.21870128823862223,0.4538245516077317,0.0,0.09922551365786698,0.0,0.0,0.0,0.0,0.0,0.0,0.0,0.02356983501436862,0.0,0.0,0.0,0.47137544967659106,0.0,0.12525966572630662,0.35669109208051114
