0.0,0.40724420005638934,0.2467633119373008,0.0,0.7561470491000392,0.367554204561424,0.6459657339037648,0.23027384375392795,0.7513708413195188,0.16165808792698683,0.6309165040472868,0.22878332867763815,0.3043079433727418,0.5839451370357929,0.718578477818186,0.820658321921552,0.16054333350276942,0.4939188571849803,0.5762658998986967,0.3567340783610345,0.7694325534904286,0.4660205974850524,0.4878168810972799,0.6160563627334602,0.40227959024134574,0.5323537918967073,0.6455512610314714,0.08841005499809071,0.52010317609137,0.3659129040740239,0.8391844678766183,0.03195636087869583,0.6369875623875675,0.5079218313257865,0.5006476506087522,0.20485115160868236,0.0,0.5051876348227257,0.0,0.6074263082354368,0.0,0.0,0.05531422237187833,0.0,0.6099654073184628,0.8861838079242174,0.3950450099502192,0.41596627396672925,0.0,0.6097539899919749,0.19211513078612838,0.5267846305167682,0.3574413207773519,0.6883735415071869,0.27049199793445394,0.7473144384420722,0.03056278084625657,0.31024267694846974,0.36384097834170487,0.26944591522983163,0.5193227649162065,0.20042643886013004,0.44718449628709195,0.6134400173943922,0.3610065941135094,0.6824599203126733,0.32169052332333103,0.475786602231788,0.612643969005632,0.6275902757135191,0.6062113368521743,0.6007291952976649,0.0,0.4602765849372871,0.0,0.009567578295535324
0.40724420005638934,0.0,0.33317439666143084,0.05908217427396606,0.17589320949192,0.7211558241665071,0.6085569108392225,0.6705365157186175,0.1601278834526734,0.7517593176705689,0.14568046099726115,0.6638478103450188,0.7518652337313889,0.3338302123059346,0.4439187425989745,0.6036595828956193,0.7277803748588623,0.6945604594266557,0.2958208529739006,0.6623382033104754,0.14696182012606213,0.7397774620318422,0.5655785324506508,0.539197307554943,0.792709348763956,0.8284751232123971,0.5186703111567738,0.6448057468762868,0.41756010274402133,0.3678270777952279,0.09506524539473568,0.09483789244495322,0.07850093235899469,0.0,0.0,0.0,0.0,0.0,0.0,0.23126504239562345,0.12302462169187962,0.0,0.0,0.0,0.1569106644172926,0.32381475201435295,0.7540291427891274,0.398396858722958,0.25874502301633917,0.0479129846057658,0.5183386338269587,0.12512226639895785,0.5924184777361822,0.34559911750485633,0.6928916398352771,0.15791839163151267,0.6983936836236355,0.3681922935950036,0.0,0.6472179607811418,0.40086483369662895,0.5597738122775833,0.5065263722591742,0.45461378616828696,0.3802849340788006,0.29218225344613385,0.44462232844872024,0.6253819479862012,0.4039206502902643,0.6531116548697613,0.7325526324898366,0.310213891684898,0.39479759110774426,0.22407085928004974,0.29877819670132755,0.17810563464344104
0.2467633119373008,0.33317439666143084,0.0,0.05917391887221491,0.36740480326343944,0.587151473548606,0.43242814776790134,0.3369344929864746,0.41957955195800395,0.46989546654863806,0.4667901147447299,0.41279155881149354,0.3810293158911646,0.2883617220761842,0.5093796925380252,0.2500887264310475,0.4463762286758232,0.42675462654270874,0.4222427406678484,0.539646697138527,0.0970299915908684,0.47536925536949476,0.616006722847046,0.3938215083578787,0.41284615734085817,0.49018834116793136,0.6042635761494133,0.365892690127295,0.3748514440577967,0.39774229833751695,0.13911609776768677,0.0,0.06880716898829894,0.0,0.0,0.0,0.0,0.0,0.0,0.15801111778277765,0.2365775604132747,0.0,0.0,0.0,0.04469228412265806,0.34478015851515587,0.5237277345779672,0.49638927206530997,0.0,0.16149056601037598,0.6049415711121127,0.3139119964102333,0.42025408558198557,0.47140698526043073,0.5335235759502283,0.30336584956132606,0.43343925525008303,0.4712758205518207,0.0,0.3394342748579164,0.4673507846275625,0.49859464232370876,0.4930899033156973,0.49809883814285333,0.5617114915886371,0.18689165402563077,0.46787965501674195,0.4710637692255838,0.32535727638173134,0.4448914870695444,0.5192063572055795,0.5204954550335632,0.3806507844253717,0.5201708437557759,0.18344588383788635,0.29203506267835083
0.0,0.05908217427396606,0.05917391887221491,0.0,0.049543305603189855,0.12421762662124178,0.1279569567196608,0.03182884124897213,0.0,0.005611948296530335,0.0,0.0,0.10236899754138971,0.2558683502996723,0.0,0.0,0.0,0.0,0.04913758493805666,0.14983046839545755,0.0,0.198354003074928,0.0,0.0,0.0,0.0,0.0,0.23182260399868396,0.14211613842553583,0.14870494420811564,0.05013282208377121,0.24221963042488942,0.0,0.0743689037525909,0.0,0.31641356392153475,0.0,0.09819211494757361,0.09706901638961363,0.0,0.07869418429983815,0.0,0.0,0.0,0.05446958158621798,0.0,0.0,0.0,0.006735593947896649,0.0,0.0,0.0,0.0,0.0,0.0,0.0,0.07007053872105208,0.0,0.0,0.03353544056492975,0.0,0.0,0.0,0.0,0.0,0.0,0.0,0.0,0.0,0.0,0.0,0.0,0.18671381287046881,0.0,0.18633330739085052,0.03286497906993027
0.7561470491000392,0.17589320949192,0.36740480326343944,0.049543305603189855,0.0,0.3767983567426358,0.719399633313405,0.24873676059430394,0.8682249060435626,0.0,0.8513315846354174,0.17032257701663156,0.3351131643058125,0.7902918863074175,0.5993631781354737,0.6629999935863016,0.0,0.26851944327340976,0.47716460974878927,0.17996598658515897,0.5838341216941962,0.23602927792430156,0.4319659889043969,0.6058398455399036,0.07784397826912239,0.393486866764858,0.6516310350599676,0.0,0.2713711590143254,0.3874934615342183,0.7518088653950685,0.0,0.6877351666341942,0.6094142203802361,0.5954273269431128,0.42351145439703414,0.06367163490940543,0.6316437583928136,0.0,0.4914955152560167,0.0,0.0,0.19523784882947845,0.0,0.6445809732447836,0.7136488409744292,0.2721245468972707,0.4604613761942621,0.0,0.5329821727546719,0.2898025594777219,0.5204770968562639,0.38477584886055755,0.693860966767735,0.10459575260766558,0.7940328180674724,0.0,0.3512973582691314,0.5160941595381819,0.0,0.20656759263988608,0.07145064183692583,0.2200935153438114,0.4528040303879852,0.25213351838190234,0.3909099483603187,0.0776802448099231,0.3535535523762351,0.6118923304006384,0.37895097087675894,0.48865587850201436,0.6129661368782481,0.0,0.2985056782722883,0.0,0.0
0.367554204561424,0.7211558241665071,0.587151473548606,0.12421762662124178,0.3767983567426358,0.0,0.6904677056824173,0.7463533095949018,0.42715449525245364,0.5799543699553344,0.37051087545206746,0.7640676943464425,0.7981171028484912,0.4420813945859768,0.5083194774768814,0.46777279841589353,0.6123693296048798,0.571566612393354,0.3213343549657453,0.5223722117623758,0.0982937433619153,0.4989208112633538,0.8058069402736668,0.7202620994793258,0.49686731358132036,0.8255431610903433,0.7108060943516242,0.6074204807840684,0.23256144391518457,0.3694899521624165,0.06929780974826773,0.0,0.1800602340806856,0.058579410541722936,0.0,0.011228136185290645,0.0,0.0,0.03180752617135754,0.36160667246854217,0.2332756980388757,0.0,0.0,0.0,0.1995056994021,0.368021240618219,0.750815898520525,0.5772585016426618,0.09174851238823632,0.34674965203466696,0.822314566784005,0.38983826424886303,0.7898179127405199,0.5575339880520788,0.6089093646325638,0.3399613333596097,0.7530543709020273,0.7810936866643952,0.0,0.42656662759944153,0.4243047306808056,0.6445753997732279,0.5813870823235651,0.5974573331115997,0.5609712586268755,0.18895777785890724,0.4613995435192505,0.7455013633040335,0.6309222501793538,0.4425710358519771,0.7895576232248204,0.5606372100022641,0.49835937674602704,0.35630254480151013,0.2466588654033608,0.13915311281912307
0.6459657339037648,0.6085569108392225,0.43242814776790134,0.1279569567196608,0.719399633313405,0.6904677056824173,0.0,0.580083456227496,0.7077148055790672,0.5254077002059322,0.6866411777356013,0.6042327816945159,0.6388653829654117,0.6651576894304556,0.6310829768057299,0.7796191142486314,0.5449097753352566,0.6764688430640928,0.4584779507887931,0.5127017155445851,0.298577189833245,0.5574876323798252,0.5742876534779862,0.7679861970820842,0.4702636390243715,0.7490741334840285,0.7765443741469638,0.4760347585139014,0.3445500254832236,0.4559823306455805,0.5251991011836395,0.0,0.4803045029342798,0.3620903748559069,0.1138897442847214,0.09859277272942675,0.0,0.21986671311228448,0.0,0.43676701996337985,0.0,0.0,0.0,0.0,0.4182399015999076,0.6225663701661373,0.6391246967020997,0.6870868846611331,0.0,0.5047063673643719,0.5646029199878632,0.5762876522375409,0.7043295210676211,0.7658532169990458,0.5578590457624074,0.6339561319772715,0.494841311335688,0.5836361481371467,0.2532477924983308,0.2968794577945318,0.3842664695113509,0.46475946166120474,0.4834460148528069,0.5821189404244559,0.45449007237538275,0.3208624771811727,0.29053647611560535,0.6845058530787231,0.7223871874669335,0.5305491417357832,0.7321540535427102,0.6283808060790438,0.04698994026573963,0.38346627605499173,0.0,0.0
0.23027384375392795,0.6705365157186175,0.3369344929864746,0.03182884124897213,0.24873676059430394,0.7463533095949018,0.580083456227496,0.0,0.31914325243210434,0.5471132697822573,0.29118328901311047,0.7938716434448629,0.8370465248007143,0.4252026398906517,0.2509577397815521,0.4225108657923974,0.5879031091244131,0.4373068383452415,0.20211067213467343,0.32736599462485544,0.02915164027845771,0.3168126474878301,0.688236375400076,0.7030114700934902,0.40413435495162736,0.7479099384495561,0.37858482906846547,0.6528604616078182,0.0,0.3036832811436977,0.0,0.019998847752593772,0.14972306579728387,0.14456931490975974,0.0,0.07532403327534114,0.0,0.06932577164594983,0.0,0.3839239332502208,0.19036231964574354,0.0,0.014170209910902908,0.0,0.20248112678430785,0.2662548768240247,0.6184594495706711,0.4965033175206585,0.0757904731919044,0.23816802123163305,0.6584181656607239,0.26907407267080247,0.8227563350672156,0.3986561190831624,0.5739884874144301,0.28582878489954033,0.7923799645338926,0.5984360589554093,0.06567252099819504,0.25562635118284455,0.26045286426449293,0.5987668707985241,0.45807570011593585,0.46875443921559257,0.2673168757464119,0.07221029426105764,0.17583092240596282,0.637498233912958,0.5847884723967309,0.3305822116176239,0.7397197465941849,0.264809006148545,0.33150164904552337,0.02497186829049298,0.13943547812272056,0.0
0.7513708413195188,0.1601278834526734,0.41957955195800395,0.0,0.8682249060435626,0.42715449525245364,0.7077148055790672,0.31914325243210434,0.0,0.07961443503489435,0.9172977829846172,0.3621410083447461,0.2997865940819177,0.629007696770897,0.5922078694280496,0.6597437072365148,0.17465157707714793,0.4945982230356509,0.5251958988122907,0.10789140636513855,0.46139825376012444,0.09984184165332766,0.4255176675333232,0.7939902185285396,0.1285153842154302,0.514404844900954,0.7449313900198453,0.07987051923626445,0.11125887778372757,0.2636228968562635,0.6982593919003538,0.0,0.6162402546039952,0.6093276972197987,0.557922094201889,0.280640644737223,0.12039051657529799,0.5248031153606865,0.0,0.595024179727547,0.0,0.0,0.4456407322186454,0.050870586710125815,0.5989904842392344,0.7614673983604094,0.4215212805026713,0.7585303835815042,0.0,0.685495829334937,0.5068538369420635,0.7739754202706387,0.5233984537860497,0.9187790898073128,0.2665131610281238,0.8914218152856164,0.13247812985929783,0.5837112336188551,0.5436968644132253,0.0,0.33529114258071835,0.30358164734702325,0.45031180266748133,0.6897444266411314,0.3936435769445324,0.25261294334988044,0.09106241236120118,0.4869510683305491,0.8164338858681868,0.39715141304492235,0.5910808682262021,0.8209053941398597,0.0,0.4190098276291169,0.0,0.0
0.16165808792698683,0.7517593176705689,0.46989546654863806,0.005611948296530335,0.0,0.5799543699553344,0.5254077002059322,0.5471132697822573,0.07961443503489435,0.0,0.023748336209644845,0.767707351034699,0.5832680903278376,0.1076836568299094,0.383335503183422,0.39408787726090994,0.9810021910824461,0.8241059851120971,0.13264224262343816,0.7291480026660269,0.0,0.7143800866132126,0.47792313405865344,0.4795337171576953,0.8640393577202746,0.8050342451574002,0.4893000084784364,0.751554208494145,0.3707553731887323,0.34547310084168603,0.0,0.0,0.0,0.0,0.0,0.0,0.0,0.0,0.10304060452513945,0.11761995758939657,0.3333021795145875,0.027488815310174303,0.0,0.0,0.0,0.20413482669633312,0.7917446056568237,0.5571511475182724,0.39662906878950904,0.010626471064145963,0.6370430794518028,0.24400762938875376,0.5402755081841628,0.37098100271439893,0.9428371723593925,0.0,0.8496783902665423,0.4013804073989726,0.0,0.7192132889681503,0.5665630745430872,0.8004786911557457,0.6717626596075043,0.42798140847238125,0.6047447523041868,0.12964794292099457,0.5523123354699073,0.7188723206988715,0.3515815056664342,0.5898981424344281,0.7124872427310002,0.38963935197571153,0.6060805654508666,0.4926798752422316,0.51950969318277,0.4040824437199285
0.6309165040472868,0.14568046099726115,0.4667901147447299,0.0,0.8513315846354174,0.37051087545206746,0.6866411777356013,0.29118328901311047,0.9172977829846172,0.023748336209644845,0.0,0.24711647685403715,0.35218077906696915,0.6176434701565564,0.542908171324868,0.6052805145997162,0.0938179250209329,0.35811483488024076,0.581593680289679,0.1323489491521169,0.45357184261391736,0.15678101345686327,0.3944629128729913,0.6038072022225932,0.045142331461104385,0.39306571857800715,0.6440716113860698,0.06826437405331723,0.14444126360675869,0.2858191347855725,0.625324543913023,0.0,0.5955071710541566,0.5439020701853309,0.5593086713658796,0.3065909857865994,0.1062923467812724,0.47993554156236073,0.0,0.43824894278373583,0.0,0.0,0.3200710702961349,0.0,0.5097727179786568,0.6380197871987112,0.32111722245625784,0.6471390439189912,0.0,0.5965094712213863,0.3759612729102169,0.6680315044358471,0.4297318034557593,0.7997747272362445,0.18356198154113632,0.8702503795675722,0.03870734177691416,0.4737422362244715,0.5117172820371939,0.0,0.20499573854352787,0.16447568037719573,0.3028845836133723,0.5942301608616277,0.28077536100726747,0.2352182056902341,0.05226558899952307,0.37979516283414333,0.6211196995957059,0.36369249317414504,0.4776029715001586,0.6686656580731541,0.0,0.28130189267808303,0.0,0.0
0.22878332867763815,0.6638478103450188,0.41279155881149354,0.0,0.17032257701663156,0.7640676943464425,0.6042327816945159,0.7938716434448629,0.3621410083447461,0.767707351034699,0.24711647685403715,0.0,0.7753254165914585,0.2775989546214023,0.3784377629202342,0.4402372234815664,0.8503000533844418,0.7447244517151167,0.13769076550042722,0.43743224952819276,0.0,0.391732949195079,0.6048716206538297,0.8065848017342563,0.5986808084323575,0.8883955707699752,0.5628380657524782,0.6897669508094891,0.0,0.2615849858365483,0.0,0.0,0.0,0.0,0.0,0.0,0.0,0.0,0.0,0.3448520522131931,0.176482081342391,0.0,0.0773006674598378,0.0,0.07309158259886482,0.2599873713209076,0.7968183807474941,0.7071370872903807,0.17538260813254733,0.3610367192982492,0.8302142150028605,0.46945583642220845,0.7319004745838548,0.5991285422744012,0.8027235241329177,0.2553427940193759,0.9494409269014824,0.735599300552695,0.0,0.41714171246571546,0.49868306996024847,0.8539533138668878,0.7001595726399353,0.5656900255548057,0.5734965267843888,0.0,0.38827572221251794,0.7359804739790068,0.6692787555341491,0.40039785772865294,0.8344655451094196,0.5280830816082975,0.48159797744752947,0.33028679553247664,0.3044067893067676,0.09990002337254472
0.3043079433727418,0.7518652337313889,0.3810293158911646,0.10236899754138971,0.3351131643058125,0.7981171028484912,0.6388653829654117,0.8370465248007143,0.2997865940819177,0.5832680903278376,0.35218077906696915,0.7753254165914585,0.0,0.4518627875088713,0.3703067514366166,0.5629827443380163,0.6371531688882244,0.46931151042241986,0.3391650698625139,0.46218897665393777,0.06616703516523098,0.4854008255035489,0.6314608717778674,0.7152142171811973,0.37771274136179384,0.7855897735047159,0.3966603461147723,0.7196720881362221,0.08497694546596905,0.38332468719872337,0.07003029351485357,0.03962155427181709,0.25121849785511213,0.16079256336145006,0.0,0.13818529433422594,0.0,0.10136897762702538,0.0,0.27519860319821526,0.006782166511282778,0.0,0.0,0.0,0.2592985035944846,0.2753077904281996,0.654856395526305,0.4784530713431441,0.12073450094359794,0.14186368947072972,0.6287374078857568,0.22342597838764042,0.7244568870183199,0.385258528765286,0.5650499868017774,0.26875587730545686,0.747697691412305,0.5746792168686279,0.07027487995440414,0.3335395719106329,0.22160516998004548,0.5681870478959054,0.4473613283115292,0.5238304863570555,0.2948515945715551,0.11754688740314838,0.23066557180598468,0.5680952004188121,0.5996540400306116,0.36866885462843446,0.7435689912023868,0.23626783191971057,0.3183707585470741,0.0,0.10215489846397427,0.0
0.5839451370357929,0.3338302123059346,0.2883617220761842,0.2558683502996723,0.7902918863074175,0.4420813945859768,0.6651576894304556,0.4252026398906517,0.629007696770897,0.1076836568299094,0.6176434701565564,0.2775989546214023,0.4518627875088713,0.0,0.410002203884223,0.6004115884726827,0.13352004329380107,0.2256128800351524,0.4058779724971464,0.2061831519686046,0.42984047533573816,0.2800420162257899,0.41844581529085195,0.5637808748020232,0.10537393934547779,0.4098543147242054,0.5092549138158361,0.1775124710246667,0.1436569856285278,0.3558636617458564,0.5804188564260788,0.11742495614971894,0.5526453818581784,0.5362557115868751,0.30835141176574377,0.47073473546168804,0.012526770264318704,0.5061883409247118,0.0,0.43007185223873257,0.0,0.0,0.03666558111568791,0.0,0.5184198368420486,0.47666106305135497,0.2717157998877272,0.3335106141074996,0.0,0.3235648790295824,0.32030606291364555,0.2781916056570894,0.5086966592761557,0.5130932211684651,0.17056935093318637,0.5742269078113563,0.1627189105853763,0.31659243411506216,0.40854155295190886,0.02766241391940095,0.03379724919063483,0.10447539877850884,0.11156503996102672,0.3668636777341634,0.1008143144882459,0.29963628949271504,0.01877769591387699,0.3256560092628544,0.5221350397062927,0.22820418324345215,0.4537088225579856,0.3810354979145575,0.0,0.08147707677940208,0.0,0.0
0.718578477818186,0.4439187425989745,0.5093796925380252,0.0,0.5993631781354737,0.5083194774768814,0.6310829768057299,0.2509577397815521,0.5922078694280496,0.383335503183422,0.542908171324868,0.3784377629202342,0.3703067514366166,0.410002203884223,0.0,0.6427246469794679,0.37767519572008956,0.5862484973185033,0.4386726590839131,0.6548637517179935,0.6212859254354067,0.6616519533200604,0.614140277866162,0.5562392225587225,0.5534890709309884,0.5999998303596895,0.7604134157823053,0.30375911894724766,0.631725572621632,0.431342358772408,0.5925642197314648,0.04974834083784056,0.4031798326110819,0.22511856608218037,0.1929707063985397,0.007547474606125332,0.0,0.20761065799583314,0.0,0.5663963729577023,0.04143349270692996,0.05190343456866756,0.0,0.0,0.335963727354177,0.7836534246840694,0.5388019475179461,0.4705479897044952,0.0,0.49079989622360015,0.44060087553084376,0.5265196983008629,0.3586254420648954,0.6500009922228692,0.47417407795638467,0.5442109779464186,0.3153307183570074,0.4880125823206644,0.09433748921600697,0.5712682123118343,0.7119502711741549,0.41170701371657914,0.5720100840421164,0.5128952041032404,0.6884354775017,0.7144648170705042,0.6775054544031359,0.6049164620458528,0.5745014733257154,0.6523426033488708,0.6660149580921216,0.667416735394171,0.16139192303097072,0.7060762362556403,0.013479291870502017,0.32305931755442713
0.820658321921552,0.6036595828956193,0.2500887264310475,0.0,0.6629999935863016,0.46777279841589353,0.7796191142486314,0.4225108657923974,0.6597437072365148,0.39408787726090994,0.6052805145997162,0.4402372234815664,0.5629827443380163,0.6004115884726827,0.6427246469794679,0.0,0.4629970810815442,0.6728980040080582,0.5237305347060704,0.39905495589122836,0.5321744038840466,0.5430475255537268,0.47759282040063633,0.6982375419258424,0.49778266322705256,0.698962385809984,0.6308035117128392,0.3873400937783783,0.36246959583605654,0.3034095306924149,0.6970566646822648,0.07581989628120676,0.5328390250967643,0.4273432325614693,0.3387624068495977,0.18297839443766756,0.0,0.28933682444914965,0.0,0.5443183819906986,0.0,0.0,0.031879322409523514,0.0,0.46898417095677036,0.7191150237740214,0.5355129008133744,0.557556085730816,0.0,0.4655345394733285,0.35071667956709596,0.46985123207437696,0.4959413969229327,0.6698454778201544,0.43890585378949154,0.5982069916024985,0.28552730252399033,0.40218654818749094,0.3013237889314003,0.34949125538639003,0.418626600420062,0.380905630052134,0.4977163982358789,0.5971954728211031,0.34761300337007833,0.48510867695505977,0.2500080429131598,0.5891851947416291,0.639472420213415,0.5146513989756053,0.7063225377107575,0.5431815073222185,0.0,0.30657751230774166,0.0,0.0
0.16054333350276942,0.7277803748588623,0.4463762286758232,0.0,0.0,0.6123693296048798,0.5449097753352566,0.5879031091244131,0.17465157707714793,0.9810021910824461,0.0938179250209329,0.8503000533844418,0.6371531688882244,0.13352004329380107,0.37767519572008956,0.4629970810815442,0.0,0.8518333500909933,0.12553851385995363,0.6837071916274664,0.0,0.6362617627927798,0.4740635891118534,0.5647693056220937,0.8150364164647452,0.8402131953909796,0.49536859140286943,0.7238417053560202,0.22900783853945242,0.2826086249787493,0.0,0.0,0.0,0.0,0.0,0.0,0.0,0.0,0.012720836924195763,0.1778004048116768,0.2379740930265332,0.0,0.0,0.0,0.0,0.19984369707494867,0.8077295505093602,0.6576417183334786,0.3477193489845705,0.09767435576902642,0.7213601294124742,0.3362962401331802,0.5692994333899775,0.4675558199281297,0.9294181763833099,0.0153070135210853,0.8737318872314842,0.5119578441441217,0.0,0.6445844862650734,0.5592521754356388,0.863301139496539,0.722025873524802,0.47811514185458936,0.6417192970331412,0.027063647525589495,0.5303858714690033,0.7500754813511107,0.4166346542634742,0.5123444625879501,0.7471492214735012,0.4460725511409048,0.5806546965530415,0.4488906647976474,0.47331882478685305,0.30845531934850734
0.4939188571849803,0.6945604594266557,0.42675462654270874,0.0,0.26851944327340976,0.571566612393354,0.6764688430640928,0.4373068383452415,0.4945982230356509,0.8241059851120971,0.35811483488024076,0.7447244517151167,0.46931151042241986,0.2256128800351524,0.5862484973185033,0.6728980040080582,0.8518333500909933,0.0,0.29504217898937896,0.5715605952199355,0.06302891908184473,0.5864914281704903,0.4713390159167763,0.6959646316081971,0.8229157332579605,0.8546054242434162,0.7222651695369372,0.5132614329304784,0.34149046109386344,0.21305223437262027,0.3051706885314521,0.0,0.09443153340410064,0.0,0.0,0.0,0.0,0.0,0.0,0.44969468902810084,0.07432784884226398,0.0,0.01783425898798395,0.0,0.09756458152120125,0.514295674698556,0.8498124102930267,0.774088819605934,0.09605298435250736,0.44426061618802154,0.7106729392693454,0.6264401152096287,0.5341120105382815,0.7478287899841961,0.8656917924700535,0.36988363696753007,0.6665081085202099,0.5821599989171251,0.0,0.5510853370833481,0.7161265077461082,0.7913375268118163,0.8354696275798458,0.6445618416655029,0.7117131013599468,0.2505532397507772,0.5420583872211577,0.7815467190518092,0.6307362942571838,0.6780655748588889,0.799955144992792,0.7550917957322384,0.3136199546153621,0.6587235571699523,0.21530910286460764,0.26889746887748095
0.5762658998986967,0.2958208529739006,0.4222427406678484,0.04913758493805666,0.47716460974878927,0.3213343549657453,0.4584779507887931,0.20211067213467343,0.5251958988122907,0.13264224262343816,0.581593680289679,0.13769076550042722,0.3391650698625139,0.4058779724971464,0.4386726590839131,0.5237305347060704,0.12553851385995363,0.29504217898937896,0.0,0.31227341680578236,0.43608170857400846,0.4052283073803436,0.3637649908146801,0.37820499409198804,0.21078126886493345,0.3439543983153237,0.42154552486784497,0.15719188341909174,0.37155187709847065,0.28860534464860244,0.4869548343912005,0.09529470368091815,0.44039248933826397,0.2426473033162098,0.2359135306728465,0.2710333511131579,0.0,0.26881075466743,0.0,0.3349234590027194,0.0,0.0,0.0,0.0,0.36712348224239555,0.5390247922051886,0.27296354470635664,0.3273733470623945,0.0,0.17199391176874557,0.18697656759577064,0.1952212142997619,0.32765497210327943,0.4236077481534716,0.21898512828255873,0.4976822063951915,0.06807394996541505,0.1720660559228006,0.19156056917121503,0.10663467585031142,0.22902512506449182,0.16272428458273183,0.2915005865815401,0.6881287494476006,0.20211057347837005,0.3353727467396337,0.19769932350536304,0.2851325682023149,0.33380057155397175,0.4043273308452367,0.38641108928797757,0.3419620196917589,0.0,0.21477340744732348,0.0,0.0
0.3567340783610345,0.6623382033104754,0.539646697138527,0.14983046839545755,0.17996598658515897,0.5223722117623758,0.5127017155445851,0.32736599462485544,0.10789140636513855,0.7291480026660269,0.1323489491521169,0.43743224952819276,0.46218897665393777,0.2061831519686046,0.6548637517179935,0.39905495589122836,0.6837071916274664,0.5715605952199355,0.31227341680578236,0.0,0.22803005055411196,0.9387385210762801,0.5012881806625309,0.28048265515899196,0.762973555791931,0.6450168063433881,0.5587337359740147,0.6472423618435719,0.8042750382919032,0.5055538932634838,0.22827439234421973,0.11525053418100671,0.0,0.0,0.0,0.0,0.0,0.0,0.05206882340854825,0.10867105985190742,0.18815471091631292,0.01803825630936347,0.0,0.0,0.0,0.35326392498628734,0.5392102303756101,0.33538473911112504,0.2775758038364726,0.0,0.3775079647914419,0.09425622182102215,0.364017345496408,0.3226752599674361,0.631419849649261,0.0,0.5321923958981173,0.23314662875954248,0.0,0.8235345621388251,0.5542518462236165,0.47166395666479216,0.4827681236528713,0.3536047291688482,0.6984590849977321,0.5584697889825426,0.7800319021614722,0.5911710772458435,0.22738407752103798,0.6042041546152067,0.585182418738683,0.3774607282849452,0.4947859237278727,0.6138262657752811,0.41485579279485424,0.4580172658727268
0.7694325534904286,0.14696182012606213,0.0970299915908684,0.0,0.5838341216941962,0.0982937433619153,0.298577189833245,0.02915164027845771,0.46139825376012444,0.0,0.45357184261391736,0.0,0.06616703516523098,0.42984047533573816,0.6212859254354067,0.5321744038840466,0.0,0.06302891908184473,0.43608170857400846,0.22803005055411196,0.0,0.3147615528557156,0.31997850196296795,0.29234825434582423,0.13074314904168746,0.16040507893178937,0.36841894452043866,0.0,0.5107149136719914,0.2887747466186244,0.7530670828154733,0.2696186956713624,0.634987770912208,0.5015862466591683,0.5661389842036338,0.28147920079868927,0.07173400632969792,0.5804399416044437,0.0,0.5195642489832214,0.0,0.0,0.005742042703725587,0.0,0.5278496080849379,0.7523112069697975,0.0,0.0,0.0,0.3564043521394081,0.0,0.21357716629720921,0.10376299611355952,0.29465086734929286,0.0,0.553935537800031,0.0,0.0,0.35308166076242453,0.12864122641421633,0.3068068618874982,0.0,0.10495315195692202,0.24432446637202934,0.13492952995590687,0.8282010557556491,0.20207305242907866,0.15197416268067823,0.34808388702946286,0.4233455751354421,0.2721068723918027,0.29024553755755894,0.0,0.31146376690552696,0.0,0.019727371731006686
0.4660205974850524,0.7397774620318422,0.47536925536949476,0.198354003074928,0.23602927792430156,0.4989208112633538,0.5574876323798252,0.3168126474878301,0.09984184165332766,0.7143800866132126,0.15678101345686327,0.391732949195079,0.4854008255035489,0.2800420162257899,0.6616519533200604,0.5430475255537268,0.6362617627927798,0.5864914281704903,0.4052283073803436,0.9387385210762801,0.3147615528557156,0.0,0.493213106789063,0.3009228779861117,0.7725391218584361,0.6419150971081998,0.5552832078981919,0.6062296022549096,0.836113696556204,0.5126805067980899,0.3138556172329776,0.22842358514488362,0.08519089929594112,0.0,0.0,0.0,0.0,0.0,0.1177844448926446,0.14285789234707413,0.13418539873865074,0.0,0.0,0.0,0.07085746214183494,0.42402395730196857,0.5440920505149717,0.27256764190852106,0.24644323548506641,0.0,0.2738679892538617,0.028483503146986208,0.3347500263455807,0.26873415068237794,0.615710222282019,0.05346724693472354,0.4820345588461337,0.15417198383140637,0.0,0.8592058140965523,0.5485959793166579,0.4169579957390006,0.4510121643230008,0.36559195062403976,0.6029846593252182,0.6140931883175409,0.743943680589946,0.5624349255360461,0.2119917721936641,0.6356785125579592,0.5795107878832662,0.31655123759879056,0.43270272606091564,0.536329647144552,0.403464810799875,0.46941978721245287
0.4878168810972799,0.5655785324506508,0.616006722847046,0.0,0.4319659889043969,0.8058069402736668,0.5742876534779862,0.688236375400076,0.4255176675333232,0.47792313405865344,0.3944629128729913,0.6048716206538297,0.6314608717778674,0.41844581529085195,0.614140277866162,0.47759282040063633,0.4740635891118534,0.4713390159167763,0.3637649908146801,0.5012881806625309,0.31997850196296795,0.493213106789063,0.0,0.6098300290266141,0.5148518049115351,0.6985664278585316,0.6987139937307433,0.432353953449887,0.3448076601647494,0.35038672632988865,0.23709350460194573,0.06508939554045064,0.20757461739829172,0.046292706609027325,0.0,0.0,0.0,0.08418200033350706,0.09354957483284286,0.45418501575378817,0.2451997553962901,0.05875882841998141,0.0,0.0,0.2548185592887914,0.5182707902213557,0.6411974273725539,0.45052291859840465,0.0,0.4162184531057227,0.6810419372686312,0.45799922723219805,0.703913213600898,0.5005080614480206,0.5722156985416099,0.3815289593022534,0.5964085178750107,0.6384873889110059,0.0,0.4559660846681906,0.546223717730678,0.5514217283626056,0.554185108058021,0.5348901087127704,0.5663390462846514,0.4063026504750665,0.49460690860197043,0.800668915229958,0.5022905826369004,0.4879802741855148,0.7399238709418053,0.5676605566659467,0.33725507156502293,0.48435269706270523,0.12527135491055066,0.2417070249154321
0.6160563627334602,0.539197307554943,0.3938215083578787,0.0,0.6058398455399036,0.7202620994793258,0.7679861970820842,0.7030114700934902,0.7939902185285396,0.4795337171576953,0.6038072022225932,0.8065848017342563,0.7152142171811973,0.5637808748020232,0.5562392225587225,0.6982375419258424,0.5647693056220937,0.6959646316081971,0.37820499409198804,0.28048265515899196,0.29234825434582423,0.3009228779861117,0.6098300290266141,0.0,0.4198068921365345,0.8539149045447862,0.7278870551578006,0.44593718431997664,0.028336163029309403,0.2971956353695953,0.45278222279271974,0.0,0.4574550312256541,0.41059752221800616,0.21319181670384393,0.1208582621480806,0.0,0.28349188194793085,0.0,0.6448623556093888,0.0,0.0,0.26676833482438167,0.0,0.44229620923211277,0.6475134584080972,0.6804231173585418,0.7859789585859993,0.0,0.630400251723235,0.7094166489000545,0.6963628914714595,0.7479192861410437,0.8635810584552828,0.6117493656725189,0.6822287093773218,0.610723773521717,0.7564474345820439,0.3453391452292749,0.17592867639549334,0.4703467899339939,0.6637130115130637,0.6431147551683853,0.7331698397529837,0.492256602471179,0.2468154064860044,0.24745402935371152,0.6658371224136075,0.9215303414694175,0.48518170836895064,0.8797893300864206,0.7073343901188183,0.03966719578216141,0.33788727834212645,0.0,0.0
0.40227959024134574,0.792709348763956,0.41284615734085817,0.0,0.07784397826912239,0.49686731358132036,0.4702636390243715,0.40413435495162736,0.1285153842154302,0.8640393577202746,0.045142331461104385,0.5986808084323575,0.37771274136179384,0.10537393934547779,0.5534890709309884,0.49778266322705256,0.8150364164647452,0.8229157332579605,0.21078126886493345,0.762973555791931,0.13074314904168746,0.7725391218584361,0.5148518049115351,0.4198068921365345,0.0,0.7679904369452529,0.5664777306327784,0.5322067821129081,0.5413708881751067,0.27125535289855757,0.16042494824187076,0.03139136193059671,0.0,0.0,0.0,0.0,0.0,0.0,0.12278213440131892,0.22050872972253335,0.23911961099597212,0.1331232157493685,0.0,0.0,0.0,0.41857061742888596,0.7578086539380967,0.4725054281938892,0.26537522732191193,0.15383619607023666,0.49878909595308263,0.25012271617402804,0.3872743266017206,0.41927346776302615,0.8352677319076763,0.09870513098009553,0.6402849436283191,0.30880260580075836,0.0,0.8157870581077663,0.7042753618154924,0.6855477844562096,0.6762361359390338,0.415622241933506,0.640459515077395,0.3874697131831596,0.6855955223498686,0.7131312787558152,0.2882392970878603,0.7697470297926088,0.7109429516319629,0.46737294920436784,0.47317765044775567,0.6201843154891126,0.43118898931956456,0.5394067038868295
0.5323537918967073,0.8284751232123971,0.49018834116793136,0.0,0.393486866764858,0.8255431610903433,0.7490741334840285,0.7479099384495561,0.514404844900954,0.8050342451574002,0.39306571857800715,0.8883955707699752,0.7855897735047159,0.4098543147242054,0.5999998303596895,0.698962385809984,0.8402131953909796,0.8546054242434162,0.3439543983153237,0.6450168063433881,0.16040507893178937,0.6419150971081998,0.6985664278585316,0.8539149045447862,0.7679904369452529,0.0,0.73110802588482,0.6654639025231569,0.31940355572879925,0.3490108803571557,0.2517292171514469,0.0,0.1721810562118788,0.026762940780742053,0.0,0.0,0.0,0.0,0.0,0.430775964048428,0.0959604701871329,0.0,0.0,0.0,0.25181022901638234,0.5100043142844936,0.8519320895671092,0.7488301513284121,0.08641639453394709,0.3833725923887805,0.7468411233644253,0.5019379642987909,0.7225044921177205,0.7184813330436777,0.8137270885756969,0.41873772453791314,0.8088334758746374,0.6715784069565214,0.0,0.56257095595691,0.6154560628039855,0.791432590732559,0.7507447700609453,0.701255965735831,0.670872904025361,0.2858812206217274,0.5458883630564997,0.8052331924443676,0.7326093507738597,0.6482363733210996,0.9355742258631708,0.6280676833932934,0.35976370113130635,0.46822700557880553,0.19263703485082895,0.13121362621219002
0.6455512610314714,0.5186703111567738,0.6042635761494133,0.0,0.6516310350599676,0.7108060943516242,0.7765443741469638,0.37858482906846547,0.7449313900198453,0.4893000084784364,0.6440716113860698,0.5628380657524782,0.3966603461147723,0.5092549138158361,0.7604134157823053,0.6308035117128392,0.49536859140286943,0.7222651695369372,0.42154552486784497,0.5587337359740147,0.36841894452043866,0.5552832078981919,0.6987139937307433,0.7278870551578006,0.5664777306327784,0.73110802588482,0.0,0.3262663905239366,0.5234360181697958,0.32854674397750316,0.5435093411129932,0.0,0.3866183334445705,0.1989783956501271,0.1318044472808712,0.0,0.0,0.18138782395508712,0.0,0.5570909737762639,0.0,0.0,0.04440598230201248,0.0,0.33208246345366615,0.65294600322225,0.6520212310235943,0.7068208884025156,0.0,0.575719560498422,0.6820069255611207,0.6762020818420234,0.5602765411414788,0.8392575467382883,0.568497153567344,0.5689077378582449,0.46025658542274983,0.6447455001470243,0.07070924123926722,0.41932581915689904,0.6258504286472848,0.5092031434903918,0.6212523963099558,0.6256239773650933,0.7668378217372525,0.4537062137386609,0.5649228610483299,0.7776211233258978,0.6900988444743654,0.5866172284498461,0.7136472767020591,0.9250320823605647,0.14421853483221,0.7821569925456439,0.0,0.17851883218770126
0.08841005499809071,0.6448057468762868,0.365892690127295,0.23182260399868396,0.0,0.6074204807840684,0.4760347585139014,0.6528604616078182,0.07987051923626445,0.751554208494145,0.06826437405331723,0.6897669508094891,0.7196720881362221,0.1775124710246667,0.30375911894724766,0.3873400937783783,0.7238417053560202,0.5132614329304784,0.15719188341909174,0.6472423618435719,0.0,0.6062296022549096,0.432353953449887,0.44593718431997664,0.5322067821129081,0.6654639025231569,0.3262663905239366,0.0,0.24475635572955945,0.4273502396501185,0.0,0.0978651995463951,0.0,0.0,0.0,0.0,0.0,0.0,0.02481517362981052,0.08069963172173408,0.2527644025271784,0.0,0.0,0.0,0.0,0.1145419645347274,0.5660743353102837,0.4626699293000372,0.40926375354676314,0.0,0.4845366078086973,0.041204231620565614,0.5964520315452696,0.2297084575342927,0.6340484799919782,0.0,0.7799103603935401,0.425579325777747,0.0,0.5668004007033819,0.27822095830330146,0.6023495816237164,0.4876660402622118,0.2967634063682017,0.3934043072723,0.16853256940798172,0.3491249427235385,0.5373064412639977,0.3667526838457166,0.36449811161068923,0.5895849773703683,0.12942808173802947,0.6329273322236701,0.18849184184842563,0.46409042151961977,0.13616328213469425
0.52010317609137,0.41756010274402133,0.3748514440577967,0.14211613842553583,0.2713711590143254,0.23256144391518457,0.3445500254832236,0.0,0.11125887778372757,0.3707553731887323,0.14444126360675869,0.0,0.08497694546596905,0.1436569856285278,0.631725572621632,0.36246959583605654,0.22900783853945242,0.34149046109386344,0.37155187709847065,0.8042750382919032,0.5107149136719914,0.836113696556204,0.3448076601647494,0.028336163029309403,0.5413708881751067,0.31940355572879925,0.5234360181697958,0.24475635572955945,0.0,0.4553552105252756,0.4718402404527732,0.1747126689092066,0.20116289942737706,0.0,0.0,0.0,0.0,0.12707048962235826,0.08073115279491644,0.11911693783110439,0.06365027320719109,0.0,0.0,0.0,0.14737415919168007,0.43047942805525724,0.20882226768578002,0.0019368847521187655,0.09041773421531298,0.0,0.0,0.014560863053088293,0.040754326626710316,0.17546231849360647,0.28424490223372123,0.028779110865447776,0.05118443385550849,0.0,0.0,0.6580663425911005,0.4292168094780036,0.055341129933566324,0.22365856435556855,0.21858336112333634,0.47417329851519596,0.723114551680748,0.6245710591870978,0.313608036306592,0.0,0.5411896261948382,0.23450200373973124,0.30047434598154316,0.14296693699117693,0.6253452525326137,0.16095932951586003,0.46349901805083404
0.3659129040740239,0.3678270777952279,0.39774229833751695,0.14870494420811564,0.3874934615342183,0.3694899521624165,0.4559823306455805,0.3036832811436977,0.2636228968562635,0.34547310084168603,0.2858191347855725,0.2615849858365483,0.38332468719872337,0.3558636617458564,0.431342358772408,0.3034095306924149,0.2826086249787493,0.21305223437262027,0.28860534464860244,0.5055538932634838,0.2887747466186244,0.5126805067980899,0.35038672632988865,0.2971956353695953,0.27125535289855757,0.3490108803571557,0.32854674397750316,0.4273502396501185,0.4553552105252756,0.0,0.35137995720440773,0.21562052365879716,0.38036500944194407,0.2863132065448776,0.0,0.12749117363386647,0.0,0.2210349025819669,0.0,0.2232293393835329,0.17018264728934815,0.0,0.0,0.0,0.19109264587163097,0.35788016135828904,0.27478436508484855,0.22958054281020487,0.0,0.06334569391619847,0.18374422376815955,0.10980864027900313,0.38746185588268633,0.21749234863591255,0.352909757029273,0.20196919406414615,0.27480654547417893,0.15464215785599722,0.0,0.35750367499420616,0.1972978511698983,0.20766470958290043,0.267666393846494,0.23337580233542968,0.21779989718347867,0.4255253884180859,0.2227857410209742,0.28626965613651134,0.2848227922861737,0.40929352800921986,0.3753285419548857,0.15714795014373556,0.1671277968808836,0.22557717687401027,0.11744078553168995,0.08494916150628573
0.8391844678766183,0.09506524539473568,0.13911609776768677,0.05013282208377121,0.7518088653950685,0.06929780974826773,0.5251991011836395,0.0,0.6982593919003538,0.0,0.625324543913023,0.0,0.07003029351485357,0.5804188564260788,0.5925642197314648,0.6970566646822648,0.0,0.3051706885314521,0.4869548343912005,0.22827439234421973,0.7530670828154733,0.3138556172329776,0.23709350460194573,0.45278222279271974,0.16042494824187076,0.2517292171514469,0.5435093411129932,0.0,0.4718402404527732,0.35137995720440773,0.0,0.054119096456206356,0.689583298371884,0.652888671338811,0.5751821860626999,0.34343592375585397,0.12916362012829488,0.5778643722286975,0.0,0.5375101622750281,0.0,0.0,0.09617557990776932,0.0,0.5544562289729222,0.7485371005241196,0.07394297584971357,0.3055522820417674,0.0,0.4716150835308406,0.0,0.3918527791766689,0.1518016993781105,0.5575797713607064,0.06435433794291263,0.6608817109044789,0.0,0.05102235515053931,0.35349193589084266,0.0641831583070907,0.24263610523793822,0.0,0.17355499552488732,0.4011555605130154,0.19118535805203588,0.6271405239299255,0.08084557633061404,0.22033925573952387,0.4759518794176548,0.3356550116464676,0.30844027283099484,0.5005773690112196,0.0,0.4067111156827905,0.0,0.0
0.03195636087869583,0.09483789244495322,0.0,0.24221963042488942,0.0,0.0,0.0,0.019998847752593772,0.0,0.0,0.0,0.0,0.03962155427181709,0.11742495614971894,0.04974834083784056,0.07581989628120676,0.0,0.0,0.09529470368091815,0.11525053418100671,0.2696186956713624,0.22842358514488362,0.06508939554045064,0.0,0.03139136193059671,0.0,0.0,0.0978651995463951,0.1747126689092066,0.21562052365879716,0.054119096456206356,0.0,0.05355987365202679,0.0575983929358357,0.0,0.14095209650729795,0.06790224560107921,0.0,0.5815661604576584,0.0875701174282202,0.48648279248860316,0.2202717920122155,0.0,0.0,0.0,0.05831416721326332,0.0,0.0,0.10433054778200054,0.0,0.0,0.0,0.011763546695089454,0.0,0.0,0.0,0.0,0.0,0.0,0.25928275476053025,0.0,0.0,0.0,0.0,0.0,0.3160887458293784,0.03364670847971126,0.0,0.0,0.0,0.0,0.0,0.28437331339799804,0.0,0.3584033619287723,0.3936503220145639
