0.0,0.40048372066968124,0.24348134854413522,0.0,0.7899439233255088,0.37214514594865167,0.6478681773861249,0.2361689048991742,0.7347004491656117,0.16926618486210807,0.6461651803111749,0.2322284981945716,0.3088417736717173,0.5798857965291566,0.7198407759651015,0.8213748151086411,0.16018915105925127,0.4847289044514461,0.5907805647423151,0.3462092310519751,0.7751692211114972,0.4645789286031181,0.48773727014722645,0.6210968025792304,0.4039435100426211,0.5407431768750236,0.6471898834796999,0.08350295705872667,0.5336908408431172,0.3712874615149947,0.8559629941322932,0.046814071827519226,0.6541163612178557,0.519720080441606,0.4525177580153346,0.2136552389513938,0.0,0.5017439528681991,0.0,0.5927542954245766,0.0,0.0,0.05057515736750891,0.0,0.5961705492882616,0.8924491543081711,0.39028143618419614,0.41023570323118863,0.0,0.6272375879694086,0.20289587603964188,0.5452380708253919,0.36582992146376825,0.6723942329151138,0.28469292499345084,0.7665258688806353,0.03701782026004728,0.31092958380649854,0.3397190631259771,0.2632003290018588,0.5200291882752909,0.2148594962542946,0.45385080528899113,0.6353312646545642,0.35654891538613237,0.6883697341178975,0.3190874893736753,0.47759148596805306,0.6159742441081428,0.6435203382361926,0.6167018695679002,0.601239210875305,0.0,0.4695653491628644,0.0,0.016071806257127636
0.40048372066968124,0.0,0.3331302902129602,0.05651591793452477,0.18283045422025443,0.7303390748583217,0.5938907362511374,0.6799815252504569,0.1559326370226706,0.759973169285682,0.14332146488663333,0.6885765375101459,0.7594161200772567,0.3216941610832199,0.4386429292598133,0.6071731361250178,0.7289620012741225,0.6922321286280293,0.3028888587994994,0.6518078860311717,0.14130644114587118,0.7388549631593242,0.5693747940800892,0.5524101096847732,0.7939346733517613,0.8383460753397267,0.5150729733627966,0.6357665271988604,0.40520820006613634,0.37418022012264335,0.10088929086221188,0.1031158036420306,0.07584538313957992,0.0,0.0,0.0,0.0,0.0,0.0,0.2249381068608618,0.1159480125810778,0.0,0.0,0.0,0.15034132342802395,0.31048985638516174,0.759323513001982,0.4046471082175446,0.26984769585669544,0.05836129755987574,0.5272824433031356,0.13684221140769817,0.5958618418371742,0.3392385104807032,0.7245610090932832,0.16046597411708455,0.7333810298815875,0.3879931695568628,0.0,0.6593510502379748,0.4057079412940769,0.5835349818442584,0.5207630920425185,0.4757384048227207,0.38467732442198205,0.2966334364066331,0.44729750906360755,0.624890233165709,0.4080619704231654,0.6701622379062545,0.7519812276617481,0.31545271459664986,0.40855307826086906,0.22688725130707413,0.30936064204902763,0.18471591606538218
0.24348134854413522,0.3331302902129602,0.0,0.05882604351351046,0.38075120440213306,0.5995419965145278,0.44254538640628316,0.3264920302292394,0.42838223293436123,0.4707094509412242,0.47471549677455016,0.41520929433251014,0.3957624925872155,0.30516659089136877,0.5194221883117998,0.2511961023867961,0.4421596086061964,0.4215398098299673,0.43020610816701155,0.5476071618777569,0.09057665085713917,0.4833416501334634,0.6224510750819271,0.3996387358152636,0.40392990696919806,0.4897992987495871,0.6258789787436525,0.37495685993912947,0.38527283613140484,0.41285051910698145,0.1434306652499135,0.0,0.06218122831010589,0.0,0.0,0.0,0.0,0.0,0.0,0.14565649117215393,0.22529216389132645,0.0,0.0,0.0,0.03890988526440895,0.3346156030294699,0.5238037062220157,0.5065711604073079,0.0,0.18961933224423944,0.603912091351471,0.3301562789380945,0.42132215875904827,0.47771923850885956,0.5443487281559825,0.3119309519344393,0.43705312100810134,0.4751833493570581,0.0,0.3531276065232176,0.46906212024059935,0.4976198287224572,0.49135853434534105,0.5126462872487757,0.5747438808989317,0.1890281509517288,0.4750267528104881,0.47173814302521416,0.32930304377815,0.44187925152793517,0.5219910605861166,0.5374905809965379,0.39063826385658795,0.5182715524685494,0.20594885943127708,0.30314734252909054
0.0,0.05651591793452477,0.05882604351351046,0.0,0.048060122503843776,0.12122499441336788,0.12951048384703462,0.02701154594790944,0.0,0.005435285783663267,0.0,0.0,0.10097953873945685,0.2512771080165081,0.0,0.0,0.0,0.0,0.044596220012745665,0.14428470998290524,0.0,0.19489381808438372,0.0,0.0,0.0,0.0,0.0,0.22869146166124324,0.14809066851275138,0.14474668703809945,0.03559729180539859,0.24589930877673213,0.0,0.07473719412150705,0.0,0.31334498462173144,0.0,0.10655556740333486,0.10760558301785068,0.0,0.07447054252420376,0.0,0.0,0.0,0.05530084358798194,0.0,0.0,0.0,0.0,0.0,0.0,0.0,0.0,0.0,0.0,0.0,0.06803605099626021,0.0,0.0,0.02790459869219911,0.0,0.0,0.0,0.0,0.0,0.0,0.0,0.0,0.0,0.0,0.0,0.0,0.19257754367873323,0.0,0.19392891090106398,0.03271563340614814
0.7899439233255088,0.18283045422025443,0.38075120440213306,0.048060122503843776,0.0,0.39484953497976283,0.7301988390200749,0.25589670378921164,0.8846684034630998,0.0,0.8730355758535858,0.17043254676122482,0.33893617176792434,0.8010016052929938,0.6089565772655501,0.6636268700720197,0.0,0.2653504797476464,0.49378186547436353,0.19400069036732004,0.6088752295952192,0.24261403240644963,0.44451091194293313,0.6224854505440826,0.07842819649118472,0.37993015141552866,0.6692616768791272,0.0,0.27828030773055945,0.4021973724815125,0.7613416143780364,0.0,0.6917098865411607,0.6034045022662266,0.5691940758562388,0.4400808189932208,0.07037233189379757,0.5858946735158221,0.0,0.48741962350465456,0.0,0.0,0.18329881208325446,0.0,0.6091200995533737,0.7255239365217527,0.27955325510860174,0.47567759703216206,0.0,0.550347761788559,0.2938887393964198,0.5271505761374693,0.39769629347776103,0.7148821967709814,0.10233588700765829,0.7989963558703903,0.0,0.35598920854726357,0.4966284610986514,0.0,0.2089531076851314,0.07781731307941855,0.22600991570037682,0.48493686067457237,0.2663776973198359,0.41417639023375113,0.08598434301406863,0.35936439450903146,0.6317774706449253,0.38323479535118543,0.5033672130464931,0.6287370809827899,0.0,0.307698448718252,0.0,0.0
0.37214514594865167,0.7303390748583217,0.5995419965145278,0.12122499441336788,0.39484953497976283,0.0,0.7048643759583043,0.7575201819808802,0.44759732801013596,0.5940561839960321,0.38362899984693194,0.7726954990412882,0.8109883663652449,0.4560786342051426,0.5119366636247398,0.4699755496751281,0.6246753228194497,0.5720088338807662,0.3402656843273999,0.5273263355399351,0.11034104542658352,0.5069057195028005,0.8165347278116141,0.7294870154311559,0.49526364716489935,0.8370248044185417,0.7253137331179339,0.6082864848004771,0.24941501894560905,0.3886259181882007,0.07646068202729339,0.0,0.180122412563933,0.05820413214792194,0.0,0.019833466923830586,0.0,0.0,0.03837274137548589,0.35369783405179656,0.22451406448628555,0.0,0.0,0.0,0.1995780002153547,0.3675516546113741,0.7487807034869753,0.5971063020888996,0.09264592132891626,0.36437896236398715,0.8347294648553191,0.41346038000656415,0.8061348460966686,0.5734338611848068,0.6455478779185657,0.3556348941279848,0.7655395681559538,0.7841911899130615,0.0,0.4338220719663234,0.4315911613704683,0.6595340404079292,0.5837391251180302,0.6071110802462742,0.5595902148828445,0.20399571058297863,0.4601653940310946,0.7569272294671562,0.6383611017105559,0.4597338565916887,0.8095377588025036,0.5695962942372184,0.504948693826428,0.3563237974415653,0.27054045258161724,0.1426867191779517
0.6478681773861249,0.5938907362511374,0.44254538640628316,0.12951048384703462,0.7301988390200749,0.7048643759583043,0.0,0.5908052714810234,0.7132965465239114,0.5204895877950788,0.7023030340363381,0.6133935137411497,0.6477706443146873,0.6741608653001674,0.6269855698329748,0.7401987219790881,0.517574413648979,0.6380342610086943,0.46721480265518534,0.5114203563718764,0.309175698737024,0.5527522510204363,0.5762744196328944,0.76594012238932,0.45273272142758636,0.7189058189876758,0.7873742957660563,0.48032585167101655,0.35256772215238585,0.4707857335163366,0.5277153085802644,0.0,0.48657619938012797,0.3541344146508262,0.09784523959461043,0.10570117931254126,0.0,0.20452776027455902,0.0,0.4383580457976492,0.0,0.0,0.0,0.0,0.3848375983202994,0.6109642719724205,0.6284588579593394,0.7083567902183245,0.0,0.5124937854016316,0.5831931924530463,0.595042199600419,0.7116644095823792,0.7807228694005698,0.5795471018900599,0.6405095513505575,0.5116936826601249,0.610526650878314,0.24372754495720578,0.30249518508334844,0.37591110288963014,0.4742953465949646,0.489321444300223,0.5951804340924618,0.4641424156813361,0.33385482595400306,0.28948125518202583,0.6928125317596378,0.7450416727351452,0.535147632916835,0.7325996485403024,0.6458517607909299,0.05036575580687155,0.39161862388485263,0.0,0.0
0.2361689048991742,0.6799815252504569,0.3264920302292394,0.02701154594790944,0.25589670378921164,0.7575201819808802,0.5908052714810234,0.0,0.31461755479526315,0.5515389777984188,0.2819528465619822,0.787837522960854,0.8474703073284316,0.4364980395705688,0.2543163043835397,0.3995642167608466,0.5948412890708357,0.4256207559800472,0.18521339971599876,0.33125009164424885,0.047604337452801106,0.3229377490974758,0.7007740048431913,0.7144832849075631,0.39891038357515995,0.7459298200422625,0.382184307052235,0.6205149892415041,0.0,0.31504175289233466,0.0,0.03087488528631493,0.15403123770067767,0.14210767706597857,0.0,0.0813902640321862,0.0,0.06707014733651648,0.0,0.37454398666401295,0.18480770490079607,0.0,0.01844276772375017,0.0,0.19334199179716235,0.26822471185788005,0.6299967623301354,0.5043105075283425,0.08173902024260216,0.23964517440651653,0.6704420146479717,0.2809806987608787,0.8349133376887486,0.39581878278271526,0.6004816202528434,0.28671864268318004,0.7944055694516915,0.6111417456303673,0.07579279279113756,0.2678008390350124,0.25361035248913105,0.6008241570733469,0.4492677948836475,0.4779174227884481,0.26928291864028475,0.09647597494799245,0.17095623095507198,0.6483952674202368,0.5838044056449612,0.35044383303034293,0.7571024249934487,0.26268150456548817,0.33186670154040515,0.03139672020285468,0.15600597603904245,0.0
0.7347004491656117,0.1559326370226706,0.42838223293436123,0.0,0.8846684034630998,0.44759732801013596,0.7132965465239114,0.31461755479526315,0.0,0.06542384619370449,0.9318360123732563,0.36348937286400645,0.31220075032595695,0.6378062239818311,0.5829569763375972,0.6388882431128214,0.16460459044870532,0.47741094056562267,0.5375842824368328,0.10384120454049149,0.44979601703666194,0.09608273740710686,0.4339794592323507,0.8052011267800029,0.11984490914625685,0.5042425947398884,0.761137316031819,0.07011888360055228,0.11906655676394393,0.2684965404856918,0.6833537628170089,0.0,0.6130751325439014,0.5749783772182425,0.5066090114475793,0.3078639776358417,0.12457471354332102,0.48457510426348616,0.0,0.5673663753418491,0.0,0.0,0.4255128292113448,0.05144437807303139,0.5666187843385355,0.7267106184529287,0.41283683812798894,0.7745817674831488,0.0,0.7058208903031754,0.5199651677632812,0.7925684364003075,0.5218181415205484,0.9378302839382763,0.27547652926065763,0.9081056496214245,0.13321168503857528,0.5889997412575674,0.5114375620565692,0.0,0.33876386585498897,0.3128900728727682,0.45724035653825074,0.7108396658629417,0.40184994553320597,0.2534108672548451,0.0906544582907866,0.489843330552184,0.8411132431685077,0.4018309215437471,0.5969506847460729,0.8354528041580966,0.0,0.42188174498873177,0.0,0.0
0.16926618486210807,0.759973169285682,0.4707094509412242,0.005435285783663267,0.0,0.5940561839960321,0.5204895877950788,0.5515389777984188,0.06542384619370449,0.0,0.007928637517994311,0.7890770541365842,0.5791849422523055,0.1050833099438794,0.37929807994701936,0.4027215583892181,1.0,0.819542295454723,0.13095743650620217,0.7272559010186481,0.0,0.7142588316690244,0.4802549504532718,0.5070844084964302,0.874765819380481,0.8104839215356013,0.4949402978914235,0.7506626456670589,0.36302688675902434,0.35742478154421414,0.0,0.0,0.0,0.0,0.0,0.0,0.0,0.0,0.10267697469313622,0.11784654686222461,0.34341966113286276,0.0346976766358474,0.0,0.0,0.0,0.20991597569217196,0.7978984956122146,0.5698273512328021,0.42612659160152294,0.0030947390867880993,0.6640603700346169,0.2462038385009858,0.541275240077438,0.36973315033941795,0.9630782705648957,0.0,0.8649513430702856,0.41128499266319135,0.0,0.7292917206819766,0.5832370475159178,0.8214449885392247,0.6960994469615803,0.4346884944633839,0.6135568905747513,0.13675586179883423,0.5605621400327415,0.7247473412472586,0.37218175291803074,0.6124490024779402,0.7286318200426972,0.39571756701686295,0.6221418719395375,0.5098695602413819,0.5386029288553548,0.4184148406500072
0.6461651803111749,0.14332146488663333,0.47471549677455016,0.0,0.8730355758535858,0.38362899984693194,0.7023030340363381,0.2819528465619822,0.9318360123732563,0.007928637517994311,0.0,0.24225576980531843,0.35846189604967205,0.6216362888446384,0.5518996236826602,0.6056683820224754,0.08482640442745726,0.3476682220602651,0.5881587413011407,0.1421164941920362,0.4601842131405762,0.16092873852698136,0.40294855209151254,0.609914034609663,0.037171100750338096,0.3848654069156866,0.6670335104212197,0.06976950206326558,0.1518573308546444,0.30698993070651615,0.6245464291438628,0.0,0.5968444329459272,0.5275644896562346,0.5272670194777774,0.33222475464669216,0.11494945240858659,0.45785525484453216,0.0,0.414605464974774,0.0,0.0,0.3126896150742513,0.0,0.49233356774830467,0.6367557062431994,0.32211684799079543,0.6584222512318706,0.0,0.6232537504478997,0.37619357167056156,0.6865882637880459,0.4359218637848508,0.8231418882135615,0.184421056868512,0.8886132614177502,0.036281306020147466,0.4820310600683604,0.504465990364939,0.0,0.21094533378316285,0.16119524255785067,0.300996322024873,0.6135082359987551,0.2962446032831105,0.23887786105169762,0.05397418357130814,0.3823613609448674,0.6459875870203848,0.3677484674207368,0.4860313841240663,0.6858291188217851,0.0,0.2894485119007018,0.0,0.0
0.2322284981945716,0.6885765375101459,0.41520929433251014,0.0,0.17043254676122482,0.7726954990412882,0.6133935137411497,0.787837522960854,0.36348937286400645,0.7890770541365842,0.24225576980531843,0.0,0.7735731121660979,0.2762099825987709,0.38778782733317313,0.4654407726511545,0.8821501164335509,0.7765742337894939,0.1454890221025439,0.4453302191427526,0.0,0.405176582770967,0.596781803045866,0.8070372539639624,0.6227357415590131,0.9112736803990464,0.5675931880889655,0.6969756047351527,0.0,0.26584829122305254,0.0,0.0,0.0,0.0,0.0,0.0,0.0,0.0,0.0,0.33374650784680915,0.17813289108077246,0.0,0.0762095192553547,0.0,0.0687240263666779,0.26794687503787573,0.8121267359542,0.7277057479820378,0.18669112940232635,0.3666602385662623,0.8477516083631699,0.4826181263418203,0.72414341225543,0.6164589587660911,0.8234042546561275,0.2631785150625647,0.9643223526481577,0.7520523171337078,0.0,0.44144853884471713,0.5171778217047898,0.8761470420216657,0.720151106206833,0.5798450503306837,0.5916239375823688,0.0,0.40539897187289464,0.7299575599158824,0.6760621595507933,0.4234462094714695,0.860873449589526,0.5483238949624599,0.4918174010081714,0.35282088041455206,0.30349923531378775,0.10823757475683388
0.3088417736717173,0.7594161200772567,0.3957624925872155,0.10097953873945685,0.33893617176792434,0.8109883663652449,0.6477706443146873,0.8474703073284316,0.31220075032595695,0.5791849422523055,0.35846189604967205,0.7735731121660979,0.0,0.4510863996817795,0.37177923654771783,0.5735013657646014,0.631594234868648,0.4605458080084043,0.3496085268251607,0.4675771018146327,0.07489247833814093,0.488932813437898,0.6371284242754306,0.7403227077249106,0.36730121262358983,0.8018509904161575,0.4046575032873445,0.7277825998055502,0.08604997549758028,0.41121893596462694,0.06991744518411756,0.05523684606843077,0.25482910476952614,0.16495516616563463,0.0,0.1639181380342765,0.0,0.09997969885274445,0.0,0.27647187291113023,0.0,0.0,0.0,0.0,0.24538597274391982,0.2749060160809564,0.6541348111277652,0.4948489834739816,0.13195406120548786,0.14406685804469932,0.6451792681329854,0.23171793019217157,0.7222303850597178,0.40407290967459764,0.5901693166057745,0.28219054274294936,0.7527690073329124,0.5959034024877377,0.07419758693998471,0.34601809454106863,0.2275779699325081,0.5842296043864659,0.45942546169942006,0.5415234684883887,0.3033654011119092,0.12750595473773627,0.23329589135630957,0.5676429602852577,0.6309260586165006,0.3867041549996069,0.7766359852328826,0.24353850079252917,0.3280271773694095,0.0,0.11711553499443933,0.0
0.5798857965291566,0.3216941610832199,0.30516659089136877,0.2512771080165081,0.8010016052929938,0.4560786342051426,0.6741608653001674,0.4364980395705688,0.6378062239818311,0.1050833099438794,0.6216362888446384,0.2762099825987709,0.4510863996817795,0.0,0.42967924917826583,0.5902408797245743,0.13025061314301536,0.2224675955996142,0.4251534036215038,0.21034531703451895,0.4598257556852511,0.2791588995214362,0.43057862206702713,0.5635538110143519,0.094772532074245,0.40710018578241874,0.5223222398575346,0.16670567393082183,0.14581590958196314,0.35106664838483614,0.563328240749143,0.11647118503130564,0.5768225330633581,0.5100879850390082,0.29204112897450796,0.4806337316150507,0.001811874210193071,0.47546979764801967,0.0,0.4128411454139236,0.0,0.0,0.038789154765005954,0.0,0.49516543503765337,0.4763914656570677,0.26157854220371063,0.3492262519675373,0.0,0.3249283952442089,0.32189938864278933,0.2810142275763328,0.5210256606505748,0.5356448924956376,0.16989738517533118,0.579702385655493,0.16590198455904911,0.329784205832969,0.41872453419941535,0.03231293936932174,0.03556810929281188,0.09953295367457905,0.11851466598995956,0.38952817794589223,0.11033872360063333,0.32353564280077174,0.023814476123949935,0.331502543802037,0.5180682915099479,0.2262017168899449,0.4646376434388786,0.37706745396563557,0.0,0.08419900710742283,0.0,0.0
0.7198407759651015,0.4386429292598133,0.5194221883117998,0.0,0.6089565772655501,0.5119366636247398,0.6269855698329748,0.2543163043835397,0.5829569763375972,0.37929807994701936,0.5518996236826602,0.38778782733317313,0.37177923654771783,0.42967924917826583,0.0,0.6155837650966973,0.3581723898564772,0.5571564341706504,0.4496328739934435,0.6768208710610335,0.6167916792671065,0.6755001864294589,0.6166366463829908,0.5674613391901576,0.5288677024422748,0.602939170897488,0.7669341577999751,0.3024067297842864,0.6368367909862379,0.4431863424817277,0.5884130884062113,0.05904836907884165,0.40778489528975487,0.22038943182130002,0.17724682483993526,0.018568881768258924,0.0,0.1935407327243684,0.0,0.5319187480083886,0.03418266599224337,0.04670307176367269,0.0,0.0,0.3041672394400743,0.7678191910340001,0.5318076561796933,0.48164682092582856,0.0,0.5043576211049471,0.4349635724734381,0.5248574612491641,0.3642145085507275,0.6432283388787873,0.47872797377522436,0.5520961579344318,0.3275230873313348,0.4804597355991463,0.09477687254335082,0.5905556336355259,0.6993001123564699,0.4108203280598923,0.5756422561424936,0.5282819894090258,0.7068721226399524,0.7115266270707739,0.6885192871599503,0.6030841779207161,0.5870091291973162,0.6512523670219369,0.6745986816889918,0.6716889961081866,0.16719420284988482,0.7036261034155548,0.03300558536472306,0.32303962348722204
0.8213748151086411,0.6071731361250178,0.2511961023867961,0.0,0.6636268700720197,0.4699755496751281,0.7401987219790881,0.3995642167608466,0.6388882431128214,0.4027215583892181,0.6056683820224754,0.4654407726511545,0.5735013657646014,0.5902408797245743,0.6155837650966973,0.0,0.4616451259287172,0.6844246123153003,0.5309308495125458,0.378292368544271,0.5090116051015108,0.5398690961511993,0.4600957175889241,0.7406925541707574,0.5084885079713894,0.7261805989494555,0.6174001591321857,0.3811139009122833,0.34445327656898445,0.2940105227372703,0.6974910649168578,0.08818581196412872,0.5495395386886702,0.4068013336387959,0.301834720222445,0.18953608413152448,0.0,0.2719741690275051,0.0,0.538111289380155,0.0,0.0,0.025523339419683096,0.0,0.4389528912285682,0.7100792469171958,0.5373859481444421,0.5665387103059697,0.0,0.4645038401099028,0.3659337088331071,0.47024067269389264,0.46374652705860414,0.6438105673170088,0.4661420085862482,0.5901583882755616,0.31847009683547073,0.41649567816369915,0.2560076686793456,0.34457468327575763,0.42246724109313705,0.40503404909975976,0.5126260322657556,0.6150698994127027,0.3503832816780274,0.4626941541324839,0.2523867786187799,0.5568564205109684,0.6759500322184708,0.5331617177272522,0.7451479158791618,0.5396550345038296,0.0,0.31667275952759694,0.0,0.0
0.16018915105925127,0.7289620012741225,0.4421596086061964,0.0,0.0,0.6246753228194497,0.517574413648979,0.5948412890708357,0.16460459044870532,1.0,0.08482640442745726,0.8821501164335509,0.631594234868648,0.13025061314301536,0.3581723898564772,0.4616451259287172,0.0,0.8515049388975114,0.12092735030063347,0.640116287575395,0.0,0.6093193220919644,0.4760894866535844,0.5850098158807406,0.8128782092440714,0.8494430916122642,0.4823166577091438,0.7260694242065623,0.2094204997118791,0.28865407886009065,0.0,0.0,0.0,0.0,0.0,0.0,0.0,0.0,0.006788566345907853,0.1695995280876662,0.22789982760250152,0.0,0.0,0.0,0.0,0.18959128079113727,0.7939424154517156,0.6573015248155423,0.34456790610852744,0.0993608339776262,0.7330521208957362,0.33315131015818467,0.5587699532924695,0.4518295833916814,0.9595560300055815,0.012577645493299192,0.9108384928762244,0.5149672736978431,0.0,0.6321874712827829,0.554915532495682,0.8674199822632657,0.7406500681551134,0.4819817532547903,0.6252741283536183,0.029810191755604818,0.5177459538667637,0.7442464392676571,0.4386010420559488,0.5200970148837538,0.757880585925396,0.4361877137417581,0.5921656001011281,0.423789053365758,0.47164973938148175,0.3057476219832673
0.4847289044514461,0.6922321286280293,0.4215398098299673,0.0,0.2653504797476464,0.5720088338807662,0.6380342610086943,0.4256207559800472,0.47741094056562267,0.819542295454723,0.3476682220602651,0.7765742337894939,0.4605458080084043,0.2224675955996142,0.5571564341706504,0.6844246123153003,0.8515049388975114,0.0,0.29782420668044673,0.5350446920189378,0.0484023726258608,0.5675363359315881,0.4638026889686629,0.7235112356312725,0.8274019823997769,0.8656098031920735,0.7103155629567707,0.5079298529032015,0.3194281955223286,0.20692247911096107,0.30246920342474426,0.0,0.09102239203835245,0.0,0.0,0.0,0.0,0.0,0.0,0.44488111516724016,0.07836646337524535,0.0,0.010288816645471694,0.0,0.08646622543056286,0.4954292964075351,0.8397789749456245,0.7848603573752597,0.09525707875078386,0.4402527369909564,0.7119650206424278,0.624065205072164,0.5053259667152501,0.7154468101503365,0.8884843465098367,0.35910026638038167,0.6957120991176756,0.5874621856314953,0.0,0.5359588235266957,0.7249588665370684,0.8139394563825586,0.8604451041182675,0.6589971087170885,0.6935325167309456,0.23555173232882165,0.5335954711556872,0.7574223965760234,0.6540320352749696,0.6868050319691674,0.8239842470279218,0.7334013636697758,0.3053732646889254,0.6400123110195991,0.21736428813645262,0.27960347450377204
0.5907805647423151,0.3028888587994994,0.43020610816701155,0.044596220012745665,0.49378186547436353,0.3402656843273999,0.46721480265518534,0.18521339971599876,0.5375842824368328,0.13095743650620217,0.5881587413011407,0.1454890221025439,0.3496085268251607,0.4251534036215038,0.4496328739934435,0.5309308495125458,0.12092735030063347,0.29782420668044673,0.0,0.3213743987519646,0.4388567307655081,0.4169639278614701,0.3701448674811101,0.3921515497855609,0.21153075559847898,0.3449755712294065,0.4434135256766964,0.16632194784420676,0.376682953810211,0.2980499528139034,0.495487608818764,0.10250192784265298,0.4403570620193375,0.23525830680159965,0.21666880981655876,0.29576328591531836,0.0,0.25769473648205443,0.0,0.325931504776214,0.0,0.0,0.0,0.0,0.36319839829638373,0.5362567169599342,0.28509013256069393,0.3351721706788355,0.0,0.19797794815345768,0.1965432679158387,0.2079176159430688,0.33351184754194524,0.4331100858667775,0.2293521210967866,0.5063879008911012,0.0749613238695758,0.17663032977277035,0.19633110398974485,0.11182103257036062,0.2370726875376058,0.16510121571046874,0.2930536049699603,0.7094490589191157,0.21058749918100053,0.3409474768852024,0.21081671401287477,0.29121646693135955,0.34853621335277724,0.4105101719624936,0.3967625857732699,0.36043594527547296,0.0,0.2170096966582556,0.0,0.0
0.3462092310519751,0.6518078860311717,0.5476071618777569,0.14428470998290524,0.19400069036732004,0.5273263355399351,0.5114203563718764,0.33125009164424885,0.10384120454049149,0.7272559010186481,0.1421164941920362,0.4453302191427526,0.4675771018146327,0.21034531703451895,0.6768208710610335,0.378292368544271,0.640116287575395,0.5350446920189378,0.3213743987519646,0.0,0.21870545587821097,0.9527706711533103,0.5058351749038469,0.28308579260544414,0.7129509318351925,0.6371661037310481,0.573858126738415,0.6467837328474572,0.8024383999139254,0.5177616058136381,0.22650871358234026,0.1251993685213032,0.0,0.0,0.0,0.0,0.0,0.0,0.05185111988330513,0.0915571634691147,0.16335656181635697,0.015206941666211574,0.0,0.0,0.0,0.3318226252517179,0.5271991470761139,0.34794801994498475,0.27921044329116335,0.0,0.36416068405553637,0.10631108675435777,0.37298719971416566,0.31780274442325507,0.6311112165989803,0.0,0.5405700358294311,0.23674723710502124,0.0,0.8366674163379372,0.5313282080456959,0.4593366698164523,0.4681180777598357,0.3669762662279186,0.7160285507685582,0.5566412187781993,0.7854697556903091,0.5882627499956498,0.22126195910753113,0.5889857502056525,0.5800836102752747,0.3862909485898707,0.4997410441132929,0.6006525163232941,0.43872189751712004,0.4583615031245619
0.7751692211114972,0.14130644114587118,0.09057665085713917,0.0,0.6088752295952192,0.11034104542658352,0.309175698737024,0.047604337452801106,0.44979601703666194,0.0,0.4601842131405762,0.0,0.07489247833814093,0.4598257556852511,0.6167916792671065,0.5090116051015108,0.0,0.0484023726258608,0.4388567307655081,0.21870545587821097,0.0,0.31312647220528605,0.34366430340550136,0.31193477089263666,0.11577393331732275,0.15884694333106836,0.3696952264731679,0.0,0.524682805273098,0.30578144677920466,0.7505639570671245,0.2963758646245133,0.6615106000803349,0.5081461211866196,0.5305395269158438,0.293296149737702,0.0750788179973044,0.5504290809051493,0.0,0.5223251840165213,0.0,0.0,0.009960963833898257,0.0,0.5121619265278124,0.7483028663602191,0.0,0.0,0.0,0.37531964885929814,0.0,0.22756621477157965,0.10988864652112611,0.28987107586151,0.0,0.5676735679550639,0.0,0.0,0.35296659954674303,0.12690869462637167,0.31396774260670446,0.0,0.11494316402323519,0.24407523287221147,0.13167026475192145,0.8421383132876369,0.19431215209658667,0.16842767104489095,0.370570182284049,0.4395995621388286,0.2844884823685359,0.2885976090629101,0.0,0.3144393553737126,0.0,0.029364055858753117
0.4645789286031181,0.7388549631593242,0.4833416501334634,0.19489381808438372,0.24261403240644963,0.5069057195028005,0.5527522510204363,0.3229377490974758,0.09608273740710686,0.7142588316690244,0.16092873852698136,0.405176582770967,0.488932813437898,0.2791588995214362,0.6755001864294589,0.5398690961511993,0.6093193220919644,0.5675363359315881,0.4169639278614701,0.9527706711533103,0.31312647220528605,0.0,0.49636138382224954,0.30790450163339844,0.7518783221692813,0.6463037668998168,0.5637907544132668,0.6045192291623913,0.8305925867809155,0.5282353640691866,0.3159315689764809,0.24255743437622693,0.08439487742052397,0.0,0.0,0.0,0.0,0.0,0.11788818925331208,0.1360628480133549,0.11844532582108322,0.0,0.0,0.0,0.06201946650968478,0.41154172046647075,0.5434605378020115,0.28486345499682175,0.24781189686082267,0.0,0.2726656261629447,0.03764570731488062,0.3415068197732876,0.2673870106057778,0.6256998733078437,0.05647375610024037,0.5008472358676304,0.162616540564123,0.0,0.867578669442416,0.5404698354214698,0.42261950351440414,0.4485807209318567,0.3768990710821181,0.6171445146467316,0.611204392012375,0.750449649087624,0.5585932066348328,0.20908261229928748,0.6421943895294627,0.5934670336339213,0.3215774871259129,0.43413312231142265,0.5364901713319602,0.41843799382442237,0.47088095244407846
0.48773727014722645,0.5693747940800892,0.6224510750819271,0.0,0.44451091194293313,0.8165347278116141,0.5762744196328944,0.7007740048431913,0.4339794592323507,0.4802549504532718,0.40294855209151254,0.596781803045866,0.6371284242754306,0.43057862206702713,0.6166366463829908,0.4600957175889241,0.4760894866535844,0.4638026889686629,0.3701448674811101,0.5058351749038469,0.34366430340550136,0.49636138382224954,0.0,0.6246703341553483,0.5158444505278148,0.7012149254950822,0.7090102476785463,0.4193100321102308,0.36081425109547743,0.36436329396482664,0.23844136305497513,0.0724785991054176,0.21782677705648146,0.04782554128888856,0.0,0.0,0.0,0.0771706700584315,0.10354898145683389,0.44009126468439796,0.23191142448115407,0.05902808669194024,0.0,0.0,0.2470169756796698,0.5174758645833564,0.6462317109859687,0.46284582666713237,0.0,0.42901400726820316,0.6931488117899791,0.4691017694699881,0.7193111079989174,0.507157357310618,0.5959626891021784,0.3949204464887919,0.602967556695513,0.6434574968356237,0.0,0.4623611946677611,0.5438011456857901,0.5579482398740138,0.5416003650387143,0.5492090362025114,0.5707942391326463,0.4198481034830025,0.4918932252373716,0.8132482950055927,0.5080212721099416,0.5003898427840403,0.7497937288973241,0.5720269927768906,0.34220400725046285,0.4869497896784267,0.14960525457564797,0.2481935446755348
0.6210968025792304,0.5524101096847732,0.3996387358152636,0.0,0.6224854505440826,0.7294870154311559,0.76594012238932,0.7144832849075631,0.8052011267800029,0.5070844084964302,0.609914034609663,0.8070372539639624,0.7403227077249106,0.5635538110143519,0.5674613391901576,0.7406925541707574,0.5850098158807406,0.7235112356312725,0.3921515497855609,0.28308579260544414,0.31193477089263666,0.30790450163339844,0.6246703341553483,0.0,0.43618938300418153,0.863540116892439,0.7418181325713641,0.46590316742642146,0.02554958433294071,0.3050579015161978,0.4804554524992471,0.0,0.43692466529297824,0.4040625765673102,0.18465157939857613,0.13146012604503407,0.0,0.2725024320126362,0.0,0.6193777309228443,0.0,0.0,0.25948399898752356,0.0,0.4344507405536315,0.6576256776380192,0.7086791605611754,0.8036483097988446,0.0,0.654310833845078,0.7320409541661681,0.7366626337069357,0.7452683390044604,0.8799505121698864,0.6453838066098405,0.7145399105864431,0.6263701884373277,0.7833870100100598,0.3161575653706266,0.1892678053722044,0.48294939045700214,0.6871013321209202,0.6668273768660163,0.7541743944352123,0.49768550720662585,0.26601235115572053,0.24988605408969525,0.6816742844114682,0.9303795450393026,0.5088570406515016,0.906251544582292,0.7368182755069022,0.028606366449318844,0.33847070513503,0.0,0.0
0.4039435100426211,0.7939346733517613,0.40392990696919806,0.0,0.07842819649118472,0.49526364716489935,0.45273272142758636,0.39891038357515995,0.11984490914625685,0.874765819380481,0.037171100750338096,0.6227357415590131,0.36730121262358983,0.094772532074245,0.5288677024422748,0.5084885079713894,0.8128782092440714,0.8274019823997769,0.21153075559847898,0.7129509318351925,0.11577393331732275,0.7518783221692813,0.5158444505278148,0.43618938300418153,0.0,0.7765513756286287,0.5562998114984768,0.5089144090692271,0.5201590434633664,0.25812724413997296,0.15345238863413718,0.03939853488206944,0.0,0.0,0.0,0.0,0.0,0.0,0.12279632110713944,0.21854542016306464,0.23635134629119436,0.13365389503113623,0.0,0.0,0.0,0.4118470765431392,0.7651663803695534,0.47066797405220395,0.27211406880416894,0.15532289121516862,0.5116282490079987,0.2546912247085974,0.3808709909195027,0.3992763952839119,0.868577484927472,0.09380368174802789,0.6741781131420366,0.3129250143674403,0.0,0.7966273022827458,0.7176246974525629,0.7031374195096615,0.6906817311558346,0.4231712616499652,0.625924432135916,0.3848872060610421,0.6811932872432209,0.7123358161508125,0.2996839629650431,0.7838568354161731,0.729618176086578,0.4695187061708941,0.4715433923171688,0.6199097963226201,0.43785376057339737,0.5602196330199903
0.5407431768750236,0.8383460753397267,0.4897992987495871,0.0,0.37993015141552866,0.8370248044185417,0.7189058189876758,0.7459298200422625,0.5042425947398884,0.8104839215356013,0.3848654069156866,0.9112736803990464,0.8018509904161575,0.40710018578241874,0.602939170897488,0.7261805989494555,0.8494430916122642,0.8656098031920735,0.3449755712294065,0.6371661037310481,0.15884694333106836,0.6463037668998168,0.7012149254950822,0.863540116892439,0.7765513756286287,0.0,0.7291212284697494,0.6678547914847675,0.3139861466764281,0.3565663771184631,0.25783162403069554,0.0,0.17481974398764646,0.024550269381387404,0.0,0.0,0.0,0.0,0.0,0.42403353536308563,0.09767231379139629,0.0,0.0,0.0,0.23830868128021762,0.5216878775230857,0.8639996534424388,0.7415826215655679,0.08804445562085422,0.37909932276484604,0.7541481440870047,0.5077791002989196,0.7092359263023439,0.7050701083286316,0.8398779780499334,0.41184336941955935,0.8245244001652536,0.6720813633955184,0.0,0.5763905738205236,0.6255395812959567,0.7999922028879791,0.7759740334566463,0.7152962084975015,0.674030225552797,0.2917762104806475,0.5528686390534203,0.8006991583657875,0.7442220557625111,0.6602288459998449,0.9546511488618273,0.6298177962112997,0.3674239686475847,0.4589310339087296,0.2046734990631154,0.13642620873323652
0.6471898834796999,0.5150729733627966,0.6258789787436525,0.0,0.6692616768791272,0.7253137331179339,0.7873742957660563,0.382184307052235,0.761137316031819,0.4949402978914235,0.6670335104212197,0.5675931880889655,0.4046575032873445,0.5223222398575346,0.7669341577999751,0.6174001591321857,0.4823166577091438,0.7103155629567707,0.4434135256766964,0.573858126738415,0.3696952264731679,0.5637907544132668,0.7090102476785463,0.7418181325713641,0.5562998114984768,0.7291212284697494,0.0,0.32891666411792686,0.5311869562564547,0.3408251242802337,0.5446063987683617,0.0,0.38030252618882887,0.19816176967780408,0.12265631751326005,0.0,0.0,0.16887235501430428,0.0,0.5202409536675597,0.0,0.0,0.039054005522931576,0.0,0.31503511355338043,0.6443203314269527,0.6430187748181838,0.7315940842612995,0.0,0.5980556473800248,0.6817920958205774,0.69136140307612,0.5710486497412525,0.8529154848986374,0.581181342929899,0.5909379082144169,0.46884149349786264,0.6372326591653471,0.06922499056290185,0.4332016400247388,0.6277968033211071,0.5035951103341737,0.6158400752995671,0.6509142921155611,0.7767372476036621,0.45517146375023687,0.5700498393295964,0.7814020237441001,0.7113193473379166,0.5901712780408686,0.7208567465872766,0.9404309988555285,0.15547960615130965,0.7762842325760094,0.0,0.18093771144956408
0.08350295705872667,0.6357665271988604,0.37495685993912947,0.22869146166124324,0.0,0.6082864848004771,0.48032585167101655,0.6205149892415041,0.07011888360055228,0.7506626456670589,0.06976950206326558,0.6969756047351527,0.7277825998055502,0.16670567393082183,0.3024067297842864,0.3811139009122833,0.7260694242065623,0.5079298529032015,0.16632194784420676,0.6467837328474572,0.0,0.6045192291623913,0.4193100321102308,0.46590316742642146,0.5089144090692271,0.6678547914847675,0.32891666411792686,0.0,0.2416853929688953,0.43993999362896274,0.0,0.10866673755795135,0.0,0.0,0.0,0.0,0.0,0.0,0.023979169101675222,0.0726564076601379,0.24202843908454252,0.0,0.0,0.0,0.0,0.11677960121655882,0.5456925738263365,0.4681734981914105,0.4162663662370164,0.0,0.4806600889356451,0.03376389858806904,0.5657979467435538,0.23552604144564138,0.6397902545940066,0.0,0.7954795283160159,0.4327297097049691,0.0,0.5688274334488836,0.2763930543675474,0.6001313823303076,0.48333541177355127,0.3089668076196162,0.40429189225599127,0.15859140633653304,0.3548202425855632,0.5123883740202583,0.38154882302541254,0.35951069994285223,0.5947549472936364,0.13342214778954298,0.6460543319435128,0.19437069708265634,0.4919736895885429,0.14777349667628964
0.5336908408431172,0.40520820006613634,0.38527283613140484,0.14809066851275138,0.27828030773055945,0.24941501894560905,0.35256772215238585,0.0,0.11906655676394393,0.36302688675902434,0.1518573308546444,0.0,0.08604997549758028,0.14581590958196314,0.6368367909862379,0.34445327656898445,0.2094204997118791,0.3194281955223286,0.376682953810211,0.8024383999139254,0.524682805273098,0.8305925867809155,0.36081425109547743,0.02554958433294071,0.5201590434633664,0.3139861466764281,0.5311869562564547,0.2416853929688953,0.0,0.4704459641843077,0.4762876340923471,0.17601990221597802,0.20238023672928823,0.0,0.0,0.0,0.0,0.12144981426728371,0.07364818387015996,0.11301672348244986,0.050931483770511564,0.0,0.0,0.0,0.1417713048490084,0.4362888295275329,0.20924281208421844,0.032452931792047494,0.08846888289607184,0.0,0.0,0.020983349021287134,0.059869090382467724,0.1859192771030701,0.2766871320509482,0.031337105916231456,0.047759571710715334,0.0,0.0,0.6505133902106754,0.42063985439243795,0.06001770860515752,0.22586369817493984,0.22526438547149777,0.4706082512037733,0.7304482354469756,0.6158752186626699,0.3226194935458685,0.0,0.5414043763074097,0.24025617131744542,0.28918572110629487,0.14286240668840505,0.624297149299351,0.1755113636783431,0.45541264806400544
0.3712874615149947,0.37418022012264335,0.41285051910698145,0.14474668703809945,0.4021973724815125,0.3886259181882007,0.4707857335163366,0.31504175289233466,0.2684965404856918,0.35742478154421414,0.30698993070651615,0.26584829122305254,0.41121893596462694,0.35106664838483614,0.4431863424817277,0.2940105227372703,0.28865407886009065,0.20692247911096107,0.2980499528139034,0.5177616058136381,0.30578144677920466,0.5282353640691866,0.36436329396482664,0.3050579015161978,0.25812724413997296,0.3565663771184631,0.3408251242802337,0.43993999362896274,0.4704459641843077,0.0,0.3577200541549846,0.228051447706862,0.38734953933223654,0.2745020007581227,0.0,0.14692468672286538,0.0,0.2212876000776688,0.0,0.21778839548425732,0.1449757446242616,0.0,0.0,0.0,0.17975071345065075,0.362698543249599,0.282004296034696,0.24393382779910452,0.001065693431976837,0.07528997261742187,0.18930807908015837,0.12030202011453137,0.40716671412330074,0.22320602868178477,0.34997557753137887,0.22506090191222414,0.2802333831058175,0.16614779199446097,0.0,0.36209543449637643,0.1902268046625513,0.20429182060300055,0.26144531824591793,0.25345620304494665,0.22457112463940493,0.4366274871350889,0.221019210823748,0.2912908814070216,0.28568433942440163,0.41627498778056343,0.3834099579920985,0.15738347597025715,0.16806295526764578,0.23427298774108127,0.1267459218565337,0.08389502563705978
0.8559629941322932,0.10088929086221188,0.1434306652499135,0.03559729180539859,0.7613416143780364,0.07646068202729339,0.5277153085802644,0.0,0.6833537628170089,0.0,0.6245464291438628,0.0,0.06991744518411756,0.563328240749143,0.5884130884062113,0.6974910649168578,0.0,0.30246920342474426,0.495487608818764,0.22650871358234026,0.7505639570671245,0.3159315689764809,0.23844136305497513,0.4804554524992471,0.15345238863413718,0.25783162403069554,0.5446063987683617,0.0,0.4762876340923471,0.3577200541549846,0.0,0.06887500203941808,0.6991757408613514,0.649605758694939,0.5636891349681292,0.35787915489053346,0.12919241490689526,0.5540669061627449,0.0,0.5156487347616007,0.0,0.0,0.0916654962104008,0.0,0.530926968179229,0.754530602741221,0.09043833463389248,0.3141246435565187,0.0,0.4798135182169542,0.0,0.3986262120318982,0.15519248145797018,0.5550713168218568,0.062352984622101044,0.6467563702093462,0.0,0.06349778789513336,0.3359274879975327,0.07132914657231343,0.25712625430860087,0.0,0.19032194045142375,0.4106286507397125,0.20512475871555144,0.6278156067697577,0.08448119283797381,0.21590195116612362,0.5080215741228071,0.3603661057250117,0.33052888532973285,0.5073185881430776,0.0,0.4210888519009764,0.0,0.0
0.046814071827519226,0.1031158036420306,0.0,0.24589930877673213,0.0,0.0,0.0,0.03087488528631493,0.0,0.0,0.0,0.0,0.05523684606843077,0.11647118503130564,0.05904836907884165,0.08818581196412872,0.0,0.0,0.10250192784265298,0.1251993685213032,0.2963758646245133,0.24255743437622693,0.0724785991054176,0.0,0.03939853488206944,0.0,0.0,0.10866673755795135,0.17601990221597802,0.228051447706862,0.06887500203941808,0.0,0.06386945271469031,0.06843733029846648,0.0,0.153812871039979,0.07938467611386608,0.0,0.5994519012642574,0.09908676676534045,0.48011146133081883,0.21942276383783513,0.0,0.0,0.0,0.06916625103050811,0.0,0.0,0.10146295162342324,0.0,0.0,0.0,0.022412237318225205,0.0,0.0,0.0,0.0,0.0,0.0,0.27487122974399764,0.0,0.0,0.0,0.0,0.0,0.34592957560512044,0.03765773299486814,0.0,0.0,0.0,0.0,0.0,0.2860966311315393,0.0,0.3475058482827006,0.38620617060474294
