0.0,0.46494168132712427,0.6443621464343126,0.0,0.68970703382801,0.6681970899841758,0.6291302722441197,0.6088554401101536,0.7496706409949044,0.5705754228597831,0.6594571037588541,0.40823498968842836,0.5632008054574987,0.11475640895327455,0.7830610692353454,0.5793986980808116,0.46782143689471184,0.5276136005482853,0.5928314472437426,0.7180175179091192,0.7917844562684349,0.7495303071688795,0.7459810196809684,0.5720551402084308,0.6848532983714873,0.5917621972436975,0.7558673696745111,0.4819392493616868,0.7676712439813408,0.7388791580772323,0.5800128894949241,0.44743664737762484,0.6903486085335807,0.6024862692895693,0.0,0.058783197299214926,0.0,0.6472410144193909,0.07683013665495993,0.7731150652357459,0.17808798130343736,0.18959933810334817,0.10461046570643737,0.0,0.49797797989731324,0.8821741278232531,0.6907971735621711,0.5216179455448183,0.0,0.7558069665903295,0.6180931128469757,0.6576369030478633,0.5660351359214955,0.7135999534587297,0.5727687002533652,0.5711555480992848,0.46362432139931803,0.5831904833849462,0.27313408648054355,0.819183093894296,0.6247688450950186,0.4984490011800659,0.5606833634919359,0.542934653624195,0.6572663257158622,0.7892654186538034,0.7542752102640964,0.6269909335762994,0.48592616921141146,0.7197880918992912,0.6665959959119969,0.7049463137356278,0.5388217614613539,0.7099898732422127,0.23042882714910087,0.0
0.46494168132712427,0.0,0.596253089675405,0.0,0.3919021107103694,0.795531012829139,0.5254188276940727,0.6054037934680827,0.62576830142795,0.5396814665851152,0.5228509997241318,0.5711372944978901,0.796561652893737,0.0,0.5206506978577459,0.6221852270805425,0.6978083022367031,0.7183701005544507,0.5862760055545075,0.6473659129100935,0.3124032664947814,0.6863545598311059,0.5545801409717807,0.7683580815441359,0.737209109863967,0.9269697108283386,0.6053842063385438,0.45731708808315685,0.49932670025970477,0.45528904239038914,0.16890653222306104,0.4076739054313115,0.5469017989885228,0.20256914924861752,0.0,0.0,0.0,0.5148880278338751,0.3994080513041755,0.6530427667094683,0.47844753223365516,0.0,0.16125471007911957,0.0,0.40656541047513806,0.25139528063081273,0.793749693307233,0.5373905446481126,0.0,0.6198993187531143,0.8356447118565521,0.6072402986886843,0.41230261078815117,0.610927439475285,0.5147761837802352,0.4304662544088372,0.652401955981171,0.8071060076279416,0.21508705316241195,0.5092176269432552,0.6772750438181855,0.7212326523613457,0.7438027746927003,0.5582201642043517,0.7068782592606084,0.16506368043382288,0.7267085369924771,0.45688826026673424,0.7582767581741712,0.6562014326937158,0.8567046628367974,0.5957204579959866,0.7609966076503577,0.6184731585703166,0.661110372082146,0.44379363346909606
0.6443621464343126,0.596253089675405,0.0,0.0,0.8227402550394816,0.8802391580542617,0.7021897526742918,0.7749435206346902,0.9927683355507092,0.7070181065046931,0.9750369531999766,0.7359952245169946,0.7745851219351095,0.212715025405827,0.6966012740271846,0.810798376509729,0.6792803426832726,0.8393875774937654,0.8942143743882698,0.7826679816610967,0.632158037976863,0.7784105776227834,0.8803985816385206,0.7026968306218673,0.7516924878881089,0.7563829356824169,0.9052761446370727,0.6125409932373292,0.8356791490036084,0.7802504944140731,0.6327958483596361,0.5327490902710917,0.7025604161393401,0.5246117594439691,0.0,0.18535611976009397,0.0,0.6924332543077375,0.1908266919525957,0.788254915124391,0.04861072453953975,0.0,0.10505863576117054,0.0,0.5771590293824517,0.5171621279422199,0.8020270830253723,0.9150579388804864,0.0,0.9201205330256781,0.8656981125421138,0.8349729962425211,0.6821040219818739,0.9705563529567508,0.7415972786526194,0.9272320943806822,0.8059067324808691,0.8403199838909482,0.43655919794086345,0.7475379467069045,0.6899128675375817,0.6500135436312318,0.7090358946355233,0.8662202499213308,0.8806669659974795,0.5845074734042381,0.8447409604282976,0.7935772632391996,0.5956911193252241,0.8995835268546546,0.8384114194214597,0.852084081142622,0.820232820853144,0.9206763152698089,0.5329949272576319,0.08315089021895845
0.0,0.0,0.0,0.0,0.0,0.0,0.0,0.0,0.0,0.0,0.0,0.0,0.0,0.051714760104153816,0.0,0.0,0.0,0.0,0.0,0.0,0.0,0.0,0.0,0.0,0.0,0.0,0.0,0.0,0.0,0.0,0.0,0.0,0.0,0.0,0.044520712823746686,0.07101664012177615,0.24135474404057453,0.0,0.0,0.0,0.0,0.19114041437769283,0.20451376995677858,0.32919300296031506,0.0,0.0,0.0,0.0,0.6023801449608228,0.0,0.0,0.0,0.0,0.0,0.0,0.0,0.0,0.0,0.0,0.0,0.0,0.0,0.0,0.0,0.0,0.0,0.0,0.0,0.0,0.0,0.0,0.0,0.0,0.0,0.0,0.0
0.68970703382801,0.3919021107103694,0.8227402550394816,0.0,0.0,0.7916215112123922,0.8040752651225479,0.7305491439608005,0.8783104685888644,0.7387237329814689,0.8870835391181611,0.6841567205507371,0.7425008984103658,0.5728692257719306,0.6779921140203444,0.7220800244623659,0.579304501239879,0.7168745458477698,0.7889066179593508,0.7818991932454755,0.7935538611024446,0.7755220490095713,0.8607834585254371,0.5138923308386072,0.7356242904053492,0.5907495747508263,0.9162554514700814,0.8185487153644667,0.9069672648392906,0.847637172297516,0.8163721637500034,0.7141949993073881,0.7744197704452119,0.7876968211108019,0.0,0.4985464201780345,0.0,0.7773456464816659,0.14393579566327744,0.7265641155702295,0.0,0.15618704941025233,0.07017563953528974,0.0,0.5840897447210418,0.6341099630056212,0.7344426932634918,0.7940526770099171,0.0,0.895901703367234,0.6955137025019272,0.7793008370270308,0.7116887978212859,0.838349501973375,0.8346444619580704,0.8726273052520933,0.7366750145875638,0.6609137305061116,0.615266234078765,0.7355341106882257,0.46687662581889056,0.5984548130524251,0.4518915678043182,0.7404499481423963,0.7291743742182656,0.7836280521301638,0.7412614325102723,0.7902479324576314,0.41981929342125884,0.835086668839351,0.637026416072325,0.8198764032225772,0.6140969829200795,0.7887404153146115,0.3072173350113265,0.0
0.6681970899841758,0.795531012829139,0.8802391580542617,0.0,0.7916215112123922,0.0,0.782579722654865,0.8755593496894033,0.9037114240761035,0.7418027719635496,0.8319210177411803,0.7342477234195067,0.8826038912973021,0.24555398559474204,0.7277787925528871,0.74615487667693,0.714085040198163,0.8363658220486132,0.8225875469972271,0.8462199908480604,0.6853528441011867,0.8481395047990129,0.937908497810481,0.7936753394537241,0.7927556985940286,0.8789547510279493,0.8941629702120611,0.7009394360689065,0.7890719085007537,0.7552070219028315,0.5897812615250754,0.5614679388362197,0.8705625247430666,0.5176489046200675,0.0,0.24316600144826298,0.0,0.8001030369005013,0.20163772331712368,0.8230380674057723,0.1529640447195488,0.0253503201269622,0.12639806198619194,0.0,0.6420405850860121,0.5284792602806883,0.9305219115912114,0.7801243584639261,0.0,0.928903581785005,0.921288350799921,0.8010544746820728,0.7990562879726242,0.8824606802106305,0.7792183262986703,0.7482298103187174,0.8375079068310546,0.8872662414745925,0.5076314149861837,0.7751485703645457,0.5489769878943869,0.7515649491040947,0.651707997996579,0.7559988627355186,0.8678440498698078,0.5641997765759682,0.8392522385830876,0.8032742506108549,0.7305596491720499,0.7799994457409177,0.8769786024803993,0.8117137499899145,0.8501340018322117,0.7788266151840938,0.5563055847477755,0.05241668834767283
0.6291302722441197,0.5254188276940727,0.7021897526742918,0.0,0.8040752651225479,0.782579722654865,0.0,0.6776439666969998,0.7359113290421335,0.7059679539939053,0.6812867463339626,0.6202694776645687,0.8099136421771103,0.37007147156612386,0.6251982347481553,0.5832194658519755,0.47287368122842866,0.6499112512537303,0.6144998074300467,0.7596937342662952,0.6998760985226021,0.7778289204958765,0.7522941395577415,0.542893036639233,0.7049993400542179,0.681600700314375,0.8126407535877866,0.7521380362794489,0.7436250646399765,0.6777339510938725,0.6370549528694444,0.5628672422686508,0.7257181230420522,0.6317919387969193,0.0,0.3073182227719566,0.0,0.8176892140080223,0.060759388980585076,0.6321664222922161,0.0,0.11246068559111552,0.2297696179998673,0.10732595829871226,0.6810524440510352,0.5363903334338056,0.7570873249558623,0.5839416794876853,0.03371293524065734,0.8008014927990421,0.6226551423146942,0.803005504549713,0.5935786702371398,0.7453414434216964,0.7802631217917209,0.6500904012296997,0.7281760451927698,0.6740712394675312,0.5901031971791482,0.6247239865121628,0.3869223494098232,0.5408945011687947,0.4110872932213378,0.5706575512899071,0.6847957967234262,0.5809777161248657,0.6982727329385666,0.5387822954325435,0.4836945955241063,0.716864924209734,0.6279767564366296,0.6620434270417911,0.6663762976192448,0.6056815900486648,0.24703023826361573,0.0
0.6088554401101536,0.6054037934680827,0.7749435206346902,0.0,0.7305491439608005,0.8755593496894033,0.6776439666969998,0.0,0.8209957989614669,0.6854611791422373,0.7835411193538915,0.7483424748796778,0.722399219344655,0.30960891184813955,0.6772761270680846,0.6848616833090809,0.5991634162652711,0.651850214805977,0.7259859184051911,0.7422345511851731,0.7239094147978592,0.7144443870615862,0.8802617180550366,0.7335618389222616,0.5811597603837375,0.7279506712641014,0.7825677469363198,0.5632000487265602,0.7147222076354005,0.775517656522602,0.590211362845848,0.436831814555307,0.8099961703282255,0.5648865241111319,0.0,0.3055868590870341,0.0,0.7928659698896565,0.08600979631963537,0.7886876475034802,0.024207674388611423,0.004324062331587032,0.1687984902165503,0.0,0.5867081188519346,0.5298280366353757,0.7558706740909493,0.6860274201298845,0.0,0.8042419730417929,0.7237803300994377,0.6450323678494614,0.9256447360505081,0.7875152278187786,0.7290698462562534,0.7116822748994706,0.8494093116075961,0.6743042038081062,0.4791172447941765,0.7012118384930663,0.3564729704535904,0.6196603362499566,0.4108167126179543,0.668709448702717,0.714903046229657,0.6229887826339972,0.6671310103961773,0.7796545752673688,0.6571527845765066,0.5983210344687291,0.7135547423233367,0.6438554157604807,0.6235993960164863,0.5814336094905979,0.3615521869293576,0.0
0.7496706409949044,0.62576830142795,0.9927683355507092,0.0,0.8783104685888644,0.9037114240761035,0.7359113290421335,0.8209957989614669,0.0,0.781195229326771,0.9667774941333093,0.7419589413435139,0.7993961959540035,0.2397608028392875,0.789710348494172,0.8549683810215503,0.7349637972135282,0.868019139198274,0.9123200210274323,0.8598379819713172,0.77954389004737,0.8705448877698192,0.9578630851834949,0.725933541313352,0.8282948360605381,0.7870175867058917,0.9815087735078254,0.6988358075835318,0.8956798206622156,0.8579416893965078,0.7568432889154928,0.5846542493714376,0.7860297415538449,0.6894375058323662,0.0,0.21971490967594182,0.0,0.7861667404328349,0.14230903659614477,0.810267586921247,0.019230052616769477,0.00475909551670958,0.07769533287222793,0.0,0.6549290600416797,0.643745910803234,0.8769271998956468,0.8999031860354323,0.0,0.9562254664134494,0.8763608579047694,0.8573887070302444,0.7373354799986838,0.9958971194749119,0.8019637965815748,0.9387179268637327,0.8173467590298844,0.8396242956475336,0.48925688173958237,0.8374080905664255,0.6342743300342876,0.7027586589494432,0.6695616978262107,0.8810825303489812,0.9082542894876813,0.7130770379584873,0.8864987769797054,0.8541585096474906,0.6051513921985555,0.9000001598045663,0.8394492211743103,0.9340802901078049,0.8088025020407011,0.9275767101599305,0.5089687167276417,0.0
0.5705754228597831,0.5396814665851152,0.7070181065046931,0.0,0.7387237329814689,0.7418027719635496,0.7059679539939053,0.6854611791422373,0.781195229326771,0.0,0.712844188640491,0.8918370169498581,0.6873934974960973,0.37422169927584914,0.4411036263731727,0.7124410258281464,0.8342267233866982,0.8382486088122442,0.7208779758505052,0.669569631693148,0.6473578869960003,0.6687029825288309,0.6495228342156563,0.7283778415564378,0.736517971825604,0.748249662480252,0.7565120139094911,0.7541495332483739,0.7984503168050534,0.7317872153485758,0.7020700050908169,0.6301394694184128,0.7960769412594099,0.6284156260961712,0.0,0.34810936231408124,0.0,0.7422917272822824,0.2890101290058679,0.7031724273484957,0.05701490381129818,0.11413460699292108,0.0,0.0,0.5876878510389587,0.47832451822890604,0.7165647960149467,0.6643753645285468,0.0,0.7471197738500049,0.6096538350094589,0.6755592572669767,0.5438450301058484,0.7754126883005085,0.8913289648510622,0.6808693664186649,0.840595264723677,0.6621928038863466,0.5725314933855947,0.4917823438709962,0.5071812392674262,0.7435803291177286,0.5964848619723302,0.6838298673446095,0.6098996945325361,0.5926426876370434,0.6518386716948359,0.5278829230417214,0.6551621543916731,0.7508075709357559,0.7046237455949345,0.6167720240265394,0.6667299132325972,0.6530975698676689,0.4426967793207385,0.057439998238685334
0.6594571037588541,0.5228509997241318,0.9750369531999766,0.0,0.8870835391181611,0.8319210177411803,0.6812867463339626,0.7835411193538915,0.9667774941333093,0.712844188640491,0.0,0.6994934188428259,0.7167081207124174,0.3204068678381669,0.7199050413786484,0.769401484662709,0.6587255194533729,0.7910596657590817,0.9026885874591858,0.7794380287421543,0.706792813691198,0.7650827259682554,0.9061363971181415,0.610302371090847,0.745303539746613,0.6955904353926601,0.9036362453778937,0.6340815489696021,0.8674237695546809,0.8390028776366151,0.7072950450987878,0.6083861141231487,0.7419132086676841,0.6714805567554348,0.0,0.2941076246638142,0.0,0.7511457856495135,0.20669350104607856,0.7820131051643054,0.0,0.026407241267247382,0.09548581081365276,0.0,0.571920789929225,0.5420099907208992,0.7625448559005142,0.9009385420675368,0.0,0.9376909993276724,0.8195740463865142,0.7950522009047829,0.7392804610974684,0.9349825122060568,0.7605581889784871,0.962916786044038,0.761611750770027,0.7369926652013293,0.4898019380665256,0.7702720140135139,0.6004331367093844,0.6216455855604985,0.6380891139457051,0.8646274691940322,0.8361451627673436,0.6880513792016022,0.8050862333998977,0.8448650172358024,0.4830729740215322,0.8451915807859688,0.7577706188137796,0.8664639372207688,0.7082019800883015,0.8717791552971457,0.48738383951749226,0.0
0.40823498968842836,0.5711372944978901,0.7359952245169946,0.0,0.6841567205507371,0.7342477234195067,0.6202694776645687,0.7483424748796778,0.7419589413435139,0.8918370169498581,0.6994934188428259,0.0,0.7284605639591315,0.36366002396954605,0.3886025197207876,0.7194633325360631,0.8382944810036315,0.8169251552164807,0.7235189943984027,0.6114307765919047,0.4811718075207831,0.5851428471828194,0.6115613905908421,0.8085304546269863,0.6095048480245256,0.7636233490525013,0.7006201315293976,0.6604247163203131,0.6702516965632991,0.6411536226045161,0.569124549795208,0.5396088502307143,0.7386981573840257,0.526472351001791,0.0,0.3697250523032789,0.0,0.6643674988648847,0.24908012347356517,0.6459505166906077,0.03568640321042361,0.0,0.0,0.026661677169171918,0.5166185515299809,0.26096811074257514,0.7039566631755703,0.6797919749839367,0.0,0.7143068115442831,0.6582425345124212,0.6260654762015959,0.5767314401508603,0.7516921756458459,0.8287424958387689,0.6872086183359585,0.9527050038827237,0.7210641939934054,0.5195558816941352,0.4280614285885056,0.4966903863175953,0.7312903314254263,0.5787455626991751,0.6881103598766467,0.6286495603265114,0.4062748037616015,0.6234244890465026,0.5176258441507398,0.730662675768078,0.7093296909120622,0.7118878030678514,0.5989949307091089,0.7093257288997532,0.6365404179955575,0.5531708292282864,0.09485697611829653
0.5632008054574987,0.796561652893737,0.7745851219351095,0.0,0.7425008984103658,0.8826038912973021,0.8099136421771103,0.722399219344655,0.7993961959540035,0.6873934974960973,0.7167081207124174,0.7284605639591315,0.0,0.2714332831502077,0.6488890929472704,0.7175516381167121,0.7053713501455137,0.8108011939158076,0.7350019020747,0.781776919502566,0.5758310229414709,0.7973803556197973,0.7598794311765847,0.725139384194835,0.7688408377239507,0.8345083702043665,0.811321842364434,0.74415100191223,0.7099800957745085,0.6119565316164642,0.49118234522253956,0.5152574565957238,0.748119603164004,0.5106414391239694,0.0,0.2535301653830076,0.0,0.7287233155939936,0.16348277101311434,0.6732214003840284,0.11786338202444396,0.0,0.13775981893746736,0.018334729479596933,0.613836999418142,0.3993781828073973,0.9052142011729546,0.6917336751913729,0.0,0.8287033375937879,0.8678032869742869,0.8380309899970552,0.5978204248142043,0.8045078542392492,0.7699397107975522,0.6860122264617089,0.8600194414700892,0.878442664701576,0.406806803383562,0.6626983445953932,0.5607795866711212,0.7493395172797978,0.6032926516947151,0.6824624700083077,0.8038098752239804,0.4409893249254599,0.8047929037834488,0.6340949211879164,0.6691004283581723,0.7840004908050215,0.8086855456520808,0.7695692552128057,0.8626651932287599,0.6924611571220731,0.4896591467827608,0.04743758107734486
0.11475640895327455,0.0,0.212715025405827,0.051714760104153816,0.5728692257719306,0.24555398559474204,0.37007147156612386,0.30960891184813955,0.2397608028392875,0.37422169927584914,0.3204068678381669,0.36366002396954605,0.2714332831502077,0.0,0.10270353190853386,0.2722159581135976,0.20926725546891956,0.2798057877655625,0.28794827424848296,0.26554630274351804,0.323692187138793,0.22490715335753558,0.2735504071754545,0.10554276555550375,0.15049031101193192,0.06041487079787947,0.282286016186469,0.5929083654234726,0.38905179597822703,0.46257068570714804,0.516267085494304,0.5038497948843316,0.31393673674569716,0.5212467461016573,0.17551548920208523,0.6918304177491794,0.43429594954058076,0.31357126154605824,0.22276587812145845,0.24161356551141136,0.0,0.24810661268686773,0.0,0.19334834548580782,0.1312707861763279,0.0937331480820246,0.16283783134285265,0.27855296420807946,0.0458866053171498,0.3445246388692849,0.1347368896335977,0.16401524761512262,0.38647552952707337,0.2201491999830464,0.44125144872817196,0.3436062859761739,0.33257429179298886,0.10576118646626285,0.4957739613666016,0.15007887609259818,0.0,0.21233852708235507,0.0,0.2756623566248555,0.1372143076632208,0.3768907244176559,0.15068468175138375,0.31420189335197857,0.08128490368434217,0.14961924694938852,0.0468741262327434,0.15464979884303506,0.19223817684245595,0.2210329592448271,0.10833420328994597,0.0
0.7830610692353454,0.5206506978577459,0.6966012740271846,0.0,0.6779921140203444,0.7277787925528871,0.6251982347481553,0.6772761270680846,0.789710348494172,0.4411036263731727,0.7199050413786484,0.3886025197207876,0.6488890929472704,0.10270353190853386,0.0,0.6863525308454516,0.39458853523660653,0.5740097747221584,0.6767312126349613,0.8696606714425924,0.7695867364446841,0.86234710106982,0.8489081074285508,0.4729895880660066,0.6336891009312438,0.538200980717908,0.8018728118992092,0.5518417755641821,0.7756119286186561,0.7537651374344686,0.6100080277673708,0.3940030018354023,0.7031172179364937,0.5935338482098319,0.0,0.09817179722611122,0.0,0.6565983314697285,0.0,0.7138857649943223,0.12119902638960481,0.08356307130442267,0.15700980024872924,0.0,0.5058163104537327,0.7217798644727552,0.7494102231064673,0.7068236593914727,0.0,0.7241978920846976,0.6797016326482045,0.661853983706717,0.6405656329958918,0.7836385634794435,0.5596124876110273,0.6896324842785259,0.5433104191310553,0.623540149386209,0.23961571801937395,0.9773528539108534,0.5002674818026756,0.5164527626524782,0.46384958823622335,0.678545677908684,0.8094328957242487,0.7140916608038567,0.8105907382830496,0.7940570651095175,0.3614830335728065,0.6493341669893368,0.634900472938958,0.8024265195704448,0.6101748561804684,0.6678261393011037,0.2499747246297842,0.0
0.5793986980808116,0.6221852270805425,0.810798376509729,0.0,0.7220800244623659,0.74615487667693,0.5832194658519755,0.6848616833090809,0.8549683810215503,0.7124410258281464,0.769401484662709,0.7194633325360631,0.7175516381167121,0.2722159581135976,0.6863525308454516,0.0,0.7964552496905386,0.921813519147052,0.8184053140449598,0.8450936482050779,0.6272045687876852,0.8707597648109701,0.7978474469982486,0.6191973016440733,0.7296735153579919,0.7206992356236022,0.836328517503363,0.7405329875015413,0.8336237799823554,0.8084504908547728,0.7715076135659672,0.6652530063748419,0.7612921949689311,0.7287282229547996,0.0,0.2723122752790748,0.0,0.6956162814636745,0.2719862815096787,0.7653903158232365,0.23474306342003037,0.08362331887005071,0.0,0.0,0.534125929146915,0.4176792730376765,0.7959720180783927,0.8463476978304705,0.0,0.8486033314819458,0.8096351923333883,0.7510927913882185,0.6148372047477733,0.8813811826286714,0.7141159428718079,0.7778697656204688,0.756609798043998,0.8076952642354834,0.4536044614857264,0.7122190798419082,0.6665581010931031,0.6849171946466586,0.7126557929832587,0.8260805416695917,0.8210816368128305,0.5895386292301957,0.8406166734911026,0.8244142778410747,0.5497209117630257,0.7945039579994186,0.7794112747103251,0.8345639456152087,0.7941399745081192,0.8445659638479294,0.609290354900354,0.12473546714793783
0.46782143689471184,0.6978083022367031,0.6792803426832726,0.0,0.579304501239879,0.714085040198163,0.47287368122842866,0.5991634162652711,0.7349637972135282,0.8342267233866982,0.6587255194533729,0.8382944810036315,0.7053713501455137,0.20926725546891956,0.39458853523660653,0.7964552496905386,0.0,0.9153974006137291,0.7035037083776993,0.5852324554578302,0.3787729278705365,0.5921258902275389,0.5707126418123145,0.8078670351490522,0.7118714856508416,0.826272195772452,0.6375821601702215,0.6018961476147768,0.6576003751145959,0.6144627922066893,0.4898486477684251,0.5237556458501594,0.6650629554214307,0.43321108063219976,0.0,0.11432357042699433,0.0,0.6394341408042203,0.43861917820366464,0.7233481193140909,0.4141043099021836,0.04468435168008032,0.0,0.0,0.5059210374210895,0.2642792547847749,0.6701137633486007,0.6701055126118735,0.0,0.6611418677669746,0.7343012537697863,0.5926773784919072,0.40116015578637393,0.7163565664002075,0.6856922172394946,0.6282554258939459,0.7952329005675349,0.714673199248481,0.3159712916129662,0.4025224234403386,0.719691118777923,0.7705182071006081,0.7831122981916889,0.6687371666341856,0.6378025231052946,0.3133712717057948,0.675838987473118,0.5161890500295514,0.7235149041822782,0.7279014103400058,0.7891333457771359,0.6163216599222706,0.7528204703306902,0.709798017886127,0.7387978054452936,0.41161181762019533
0.5276136005482853,0.7183701005544507,0.8393875774937654,0.0,0.7168745458477698,0.8363658220486132,0.6499112512537303,0.651850214805977,0.868019139198274,0.8382486088122442,0.7910596657590817,0.8169251552164807,0.8108011939158076,0.2798057877655625,0.5740097747221584,0.921813519147052,0.9153974006137291,0.0,0.8109699866011013,0.7805126319506107,0.5284608852771709,0.8225622308935412,0.7468242457324195,0.7455457602848871,0.8482620505382075,0.8358390675326084,0.8123336663733755,0.7357437435840474,0.8006349007365829,0.754646152716253,0.6695717748241791,0.7002208987081897,0.7707767703184084,0.6046305466549208,0.0,0.22548309488127075,0.0,0.7342603197031714,0.43485479210479544,0.8050106482500183,0.29815860953415396,0.10828623292495265,0.0,0.0,0.6097704247304179,0.34970632665779355,0.8216873262490545,0.7977925188091405,0.0,0.846503456003182,0.8524911767007525,0.7959934334665445,0.5275348687393642,0.8816654120570365,0.8028309940922231,0.7691465956093348,0.843832164208693,0.8282236996061769,0.47727823425484434,0.6121581101924004,0.7150485336829727,0.82478078707023,0.8083302019005087,0.7803237123465375,0.8227829021190467,0.44217462475265346,0.842072109248736,0.6928150133356679,0.6657532736806101,0.8370143263970763,0.8330444618714611,0.7847394737918101,0.8440329306561892,0.8282316448012252,0.6883717298435583,0.2426233604537649
0.5928314472437426,0.5862760055545075,0.8942143743882698,0.0,0.7889066179593508,0.8225875469972271,0.6144998074300467,0.7259859184051911,0.9123200210274323,0.7208779758505052,0.9026885874591858,0.7235189943984027,0.7350019020747,0.28794827424848296,0.6767312126349613,0.8184053140449598,0.7035037083776993,0.8109699866011013,0.0,0.8217306863223064,0.64778325286254,0.804113819585483,0.8154972853138474,0.6656952948191005,0.6980395106803606,0.7040821387981558,0.8684113472554893,0.6484816137717951,0.8466876847727812,0.840778065848586,0.6628422103246149,0.6312544826346038,0.7632400039590157,0.6226694814282224,0.0,0.23624862822038573,0.0,0.6215289019163042,0.3071765653656301,0.7877314251656374,0.17288664951950042,0.03700267993161662,0.0,0.0,0.5226498563834607,0.5089903904428121,0.7853456776153708,0.9212642510237837,0.0,0.8480134470360299,0.8307589995932708,0.7108566309367026,0.6609736830792123,0.8909422334072117,0.6945666108449743,0.8735807304654234,0.7674795211631998,0.7575550096114891,0.41565073034154615,0.7297106200105634,0.6231546833239452,0.6766902449713367,0.6506708831358301,0.9573327595827671,0.8640435360035456,0.5987749353746386,0.8317796208224987,0.7638405841558966,0.5726016627507785,0.7863503150005805,0.7561395373460529,0.8371659754000341,0.7381756972945398,0.852197829907976,0.5954487734797953,0.09623055072794513
0.7180175179091192,0.6473659129100935,0.7826679816610967,0.0,0.7818991932454755,0.8462199908480604,0.7596937342662952,0.7422345511851731,0.8598379819713172,0.669569631693148,0.7794380287421543,0.6114307765919047,0.781776919502566,0.26554630274351804,0.8696606714425924,0.8450936482050779,0.5852324554578302,0.7805126319506107,0.8217306863223064,0.0,0.8002187395043391,0.9633012425951807,0.8438235809629503,0.5830759312045343,0.7775321173601099,0.6667170345350024,0.9178453379839726,0.7320396718786604,0.912669391063317,0.8343684842810554,0.7563034397863831,0.5850864160002333,0.8473776829744561,0.7589892653501605,0.0,0.2739018326670983,0.0,0.7182507064355766,0.10222688960298307,0.8364558599644037,0.07343238112723695,0.10153747545051116,0.1921255178007448,0.12890022622152847,0.5587827780408849,0.6679464790166157,0.9002789353088743,0.8353213910402231,0.0,0.8171858682114514,0.7994768852471974,0.7918384139619444,0.7215070704520293,0.848877141887991,0.7460562624157421,0.7736790158146941,0.7100956705321263,0.805123069214522,0.504175629293731,0.9089322328877009,0.5294628539405702,0.7349932767532654,0.5613282077015882,0.8313877176821285,0.9307031844634664,0.7347798420750365,0.9204174105063049,0.7943540242088721,0.5113874070967289,0.7694271558821069,0.7318519676414773,0.8777681730332741,0.7227963801812359,0.7648140169308631,0.38025836447793904,0.0
0.7917844562684349,0.3124032664947814,0.632158037976863,0.0,0.7935538611024446,0.6853528441011867,0.6998760985226021,0.7239094147978592,0.77954389004737,0.6473578869960003,0.706792813691198,0.4811718075207831,0.5758310229414709,0.323692187138793,0.7695867364446841,0.6272045687876852,0.3787729278705365,0.5284608852771709,0.64778325286254,0.8002187395043391,0.0,0.7862550767939644,0.8283019213912587,0.38799706370318043,0.5789640028175327,0.4318085081143386,0.8096657379042679,0.6625431953159227,0.8561695862938091,0.8370400539056336,0.8166733009125956,0.4845453908386408,0.7220115396010816,0.7661817450492057,0.0,0.34954523631736445,0.0,0.7064164721477689,0.0,0.6769297555780371,0.0,0.23866144257350652,0.1260575168563587,0.09700278780407989,0.5373068160483129,0.8168616503217928,0.6189857692851807,0.6398756213994647,0.019750410619369583,0.7520822962788724,0.45360702719083285,0.6587356034480363,0.7569074691355527,0.7201850880922462,0.6980620651085814,0.671769612407827,0.5526055905778721,0.4639433300477373,0.47529991543139094,0.805547964574516,0.25384871381850327,0.4641212321326526,0.25373836841826375,0.6210259678593696,0.6313026808761946,0.9440274205637765,0.6473807919855272,0.7440134140794096,0.2846157053697044,0.5859051326677502,0.4647785400829613,0.694759371453203,0.47250471683491,0.5877587651317565,0.06115372425862356,0.0
0.7495303071688795,0.6863545598311059,0.7784105776227834,0.0,0.7755220490095713,0.8481395047990129,0.7778289204958765,0.7144443870615862,0.8705448877698192,0.6687029825288309,0.7650827259682554,0.5851428471828194,0.7973803556197973,0.22490715335753558,0.86234710106982,0.8707597648109701,0.5921258902275389,0.8225622308935412,0.804113819585483,0.9633012425951807,0.7862550767939644,0.0,0.8471205372592129,0.603455802284559,0.8268816178961836,0.7193139106339864,0.9114476337904472,0.7510475564751746,0.9275062460978818,0.830936087910673,0.7754004802247105,0.6833115613964225,0.7946932791443364,0.7848572386222809,0.0,0.2590184222321671,0.0,0.7417566257239974,0.2177992910314547,0.8526514267597309,0.16200201912114434,0.14291041508607377,0.19404460848266286,0.07321803494387769,0.5888919907130639,0.6653918463979195,0.877133898891724,0.7889263182507281,0.0,0.8326057857288851,0.8133890189396971,0.8284727875837568,0.6711669559211043,0.8510504998231138,0.7412062242285409,0.7395536023205934,0.7008217654847381,0.7970166115510765,0.4680288752324105,0.8924810801253483,0.6190045116468483,0.7218623988768568,0.6301936583114028,0.793384725853599,0.9084677117599413,0.7145788150718416,0.953483090576734,0.7872362763427104,0.5277556414653816,0.7960451440756866,0.7771144338525525,0.8749439275515608,0.7593301038090955,0.8293574051142297,0.4658335682829159,0.0
0.7459810196809684,0.5545801409717807,0.8803985816385206,0.0,0.8607834585254371,0.937908497810481,0.7522941395577415,0.8802617180550366,0.9578630851834949,0.6495228342156563,0.9061363971181415,0.6115613905908421,0.7598794311765847,0.2735504071754545,0.8489081074285508,0.7978474469982486,0.5707126418123145,0.7468242457324195,0.8154972853138474,0.8438235809629503,0.8283019213912587,0.8471205372592129,0.0,0.5896943978386896,0.7214887958645939,0.6688771857564902,0.9507909743215363,0.7208336376567207,0.878518782465048,0.8917098007277395,0.773211386291722,0.5134630508712565,0.8224313761373475,0.6788407174503115,0.0,0.26218374539176836,0.0,0.8195373312522976,0.05822427539840942,0.825800008614142,0.0,0.05393303854550645,0.09536255472923882,0.0,0.6205641160364511,0.6691595078386288,0.8094397092159769,0.8390534194783119,0.0,0.9546704153154167,0.8185654793863194,0.8158512605403497,0.8478089418634808,0.9187013396635856,0.7411557411164567,0.8773589269823163,0.7326736841439798,0.7088088245479307,0.48712048906224065,0.8717889072255628,0.4911899300301572,0.5954828633399216,0.5587238167012599,0.7871316410833468,0.8305677392720145,0.763180195680298,0.802759308154202,0.9515865301557251,0.4795795056493419,0.7441538782854771,0.7412193881702626,0.9045655473504961,0.7169595410317482,0.8172581121851326,0.3927472162838725,0.0
0.5720551402084308,0.7683580815441359,0.7026968306218673,0.0,0.5138923308386072,0.7936753394537241,0.542893036639233,0.7335618389222616,0.725933541313352,0.7283778415564378,0.610302371090847,0.8085304546269863,0.725139384194835,0.10554276555550375,0.4729895880660066,0.6191973016440733,0.8078670351490522,0.7455457602848871,0.6656952948191005,0.5830759312045343,0.38799706370318043,0.603455802284559,0.5896943978386896,0.0,0.6775357150205955,0.9475116930919535,0.622889930173484,0.42857518067101663,0.5443505100816123,0.5523967166389648,0.26183342774545226,0.44770455403697884,0.7197762770222005,0.2782375582891369,0.0,0.03964582783565179,0.0,0.6229725112991087,0.3522588890056992,0.8093518657748247,0.3564567261306008,0.0,0.031511878638459195,0.0,0.5105159800977117,0.39961030182237234,0.754227312393667,0.5827798161187562,0.0,0.6530878505425527,0.7515423900963071,0.5830240515077822,0.5102123974851787,0.7132791307111997,0.6459155497582593,0.5249707109574758,0.8317046826860808,0.7957456730573631,0.3169801670158335,0.49682215661286555,0.7056735785844762,0.7333347489183024,0.7259055749962458,0.5987646169103554,0.6751632520186901,0.3030998295658528,0.703679757653766,0.43244999725957456,0.9694167900755357,0.7337822688484457,0.9017450908945909,0.5313362201706222,0.7744125532136561,0.6055169896840186,0.6466222184815049,0.37702194640268927
0.6848532983714873,0.737209109863967,0.7516924878881089,0.0,0.7356242904053492,0.7927556985940286,0.7049993400542179,0.5811597603837375,0.8282948360605381,0.736517971825604,0.745303539746613,0.6095048480245256,0.7688408377239507,0.15049031101193192,0.6336891009312438,0.7296735153579919,0.7118714856508416,0.8482620505382075,0.6980395106803606,0.7775321173601099,0.5789640028175327,0.8268816178961836,0.7214887958645939,0.6775357150205955,0.0,0.8031916791718532,0.8361277108663964,0.6761147765403356,0.7749597090516572,0.7332434689636265,0.5385903552580537,0.5664873455913952,0.6869033203070117,0.5381803068241132,0.0,0.1424153241855529,0.0,0.7265495181466979,0.3393725464184794,0.768856369283,0.24919252545292336,0.11842579184918511,0.07552247977000492,0.0,0.6029135213203398,0.5697424377078187,0.8148569327254472,0.6889389582654465,0.0,0.8443779183756728,0.7743344434179134,0.8442238768187701,0.4600897080214056,0.8065459488083114,0.7718793350889787,0.6807344318750824,0.6742917944582439,0.7620300207668359,0.45873826442711707,0.6609836096313232,0.7156233021925811,0.7974485331038859,0.7816625908880184,0.6803722557974975,0.776809865184447,0.510421978658598,0.847150494634786,0.6015422787999238,0.6192469929973241,0.8905249671115489,0.8102112397362893,0.7825923381802775,0.7589937800134965,0.8293471447678858,0.5022043497612986,0.21896346457302854
0.5917621972436975,0.9269697108283386,0.7563829356824169,0.0,0.5907495747508263,0.8789547510279493,0.681600700314375,0.7279506712641014,0.7870175867058917,0.748249662480252,0.6955904353926601,0.7636233490525013,0.8345083702043665,0.06041487079787947,0.538200980717908,0.7206992356236022,0.826272195772452,0.8358390675326084,0.7040821387981558,0.6667170345350024,0.4318085081143386,0.7193139106339864,0.6688771857564902,0.9475116930919535,0.8031916791718532,0.0,0.7141554028353236,0.5545563881087854,0.6318373508002919,0.59415070680985,0.35841518053009097,0.5219457319896982,0.7153768271070736,0.3598180402653715,0.0,0.03453433782262043,0.0,0.7149393335176252,0.3663068363285477,0.7838336272097638,0.3583615732388719,0.0,0.09698912191152034,0.0,0.5574749656421056,0.38423017037142815,0.8401771567185303,0.6594051851941481,0.0,0.770656875733997,0.8614959495913598,0.7310204011934548,0.5056299930186847,0.7675238352748268,0.6880228890854413,0.5998729308568427,0.8171722688772214,0.8779152662031224,0.32411478118683584,0.5524920293827944,0.7609691629988008,0.760534864195606,0.8093567657034464,0.6501312383451062,0.7681640625324387,0.29855921079516784,0.7844532014546647,0.5218660433733796,0.9168239671367246,0.8127454513158248,0.9578167075186858,0.6463466500901097,0.8790775540012151,0.7463619387139317,0.6992417232461691,0.4019487066758398
0.7558673696745111,0.6053842063385438,0.9052761446370727,0.0,0.9162554514700814,0.8941629702120611,0.8126407535877866,0.7825677469363198,0.9815087735078254,0.7565120139094911,0.9036362453778937,0.7006201315293976,0.811321842364434,0.282286016186469,0.8018728118992092,0.836328517503363,0.6375821601702215,0.8123336663733755,0.8684113472554893,0.9178453379839726,0.8096657379042679,0.9114476337904472,0.9507909743215363,0.622889930173484,0.8361277108663964,0.7141554028353236,0.0,0.7723862625511932,0.9545952631483028,0.8633045375355992,0.8052659541008084,0.6201629845118706,0.8910505575282763,0.7175311830442149,0.0,0.2822524363245892,0.0,0.8379457314811385,0.11699920560671954,0.8591382874025538,0.0,0.12656839228989014,0.08864939575582781,0.0,0.6384730421335778,0.653730566494813,0.8612741056694596,0.8615119448894399,0.0,0.9344779508263099,0.814690705775862,0.881937618175406,0.7144123016263444,0.9451989828846409,0.8063816173417,0.879184156016643,0.7883412607153292,0.7716939800034014,0.5319860696557774,0.8553356954741472,0.5557592809449989,0.6892790608244229,0.5961453592541249,0.8317535107322986,0.8721871090315595,0.7436745395026947,0.8879240444836194,0.8541744011084682,0.49299996720670874,0.8591551051865689,0.7428760074960464,0.957487993400025,0.7429731979334554,0.8613735256456911,0.40638414353105917,0.0
0.4819392493616868,0.45731708808315685,0.6125409932373292,0.0,0.8185487153644667,0.7009394360689065,0.7521380362794489,0.5632000487265602,0.6988358075835318,0.7541495332483739,0.6340815489696021,0.6604247163203131,0.74415100191223,0.5929083654234726,0.5518417755641821,0.7405329875015413,0.6018961476147768,0.7357437435840474,0.6484816137717951,0.7320396718786604,0.6625431953159227,0.7510475564751746,0.7208336376567207,0.42857518067101663,0.6761147765403356,0.5545563881087854,0.7723862625511932,0.0,0.8248554231066233,0.739048513285939,0.8155824615584022,0.7292832915978673,0.7107733291022528,0.7950527164683574,0.05786411800002956,0.523709935938568,0.2815997612439825,0.6682559579946491,0.23528121119041662,0.6047225223047612,0.0,0.1445009684148232,0.011830056406035511,0.12040945547187049,0.5352790467345319,0.41465144665979764,0.7259645207816171,0.6729224624014251,0.0,0.7193028424682437,0.6465541858092241,0.7287416098271717,0.573692931920289,0.6977726562788299,0.7908241708260337,0.6590618152543513,0.6890399276115675,0.6137785389793868,0.5882502150463425,0.6047104101270292,0.40295506878175474,0.6516460335504648,0.48274224460369414,0.648353449723418,0.6289164695996108,0.6383244138291948,0.6734896645047215,0.7064784263198394,0.3795988731731885,0.7056262038334413,0.567639806025542,0.741547002478789,0.6635640846884425,0.7057196196348987,0.36735309118376513,0.0
0.7676712439813408,0.49932670025970477,0.8356791490036084,0.0,0.9069672648392906,0.7890719085007537,0.7436250646399765,0.7147222076354005,0.8956798206622156,0.7984503168050534,0.8674237695546809,0.6702516965632991,0.7099800957745085,0.38905179597822703,0.7756119286186561,0.8336237799823554,0.6576003751145959,0.8006349007365829,0.8466876847727812,0.912669391063317,0.8561695862938091,0.9275062460978818,0.878518782465048,0.5443505100816123,0.7749597090516572,0.6318373508002919,0.9545952631483028,0.8248554231066233,0.0,0.9031954401229583,0.8714195900343459,0.718328562393417,0.8376655096671924,0.772012050052179,0.0,0.3856337597980341,0.0,0.7219345620463099,0.22662269718950154,0.8535584508907286,0.03046774456068302,0.21691315133897837,0.01854943098892607,0.0,0.5266318002243912,0.6713804930154897,0.7421392294785946,0.8472953373063297,0.0,0.8704743282442924,0.7013208938698866,0.7776124586951814,0.6915578991728769,0.87188731258303,0.7972386655829075,0.8243980953156589,0.6995431877614982,0.7030962712915377,0.5265116071606357,0.8378455679580283,0.568257304689506,0.6485839854741103,0.5744917294729216,0.8459252381824729,0.822576597357534,0.8281467037657039,0.8684063186739879,0.8305916164074357,0.43278581162235635,0.7911322808916524,0.6750067059819435,0.8917138361472359,0.6635230765753399,0.8964884820482559,0.39400963646558174,0.0
0.7388791580772323,0.45528904239038914,0.7802504944140731,0.0,0.847637172297516,0.7552070219028315,0.6777339510938725,0.775517656522602,0.8579416893965078,0.7317872153485758,0.8390028776366151,0.6411536226045161,0.6119565316164642,0.46257068570714804,0.7537651374344686,0.8084504908547728,0.6144627922066893,0.754646152716253,0.840778065848586,0.8343684842810554,0.8370400539056336,0.830936087910673,0.8917098007277395,0.5523967166389648,0.7332434689636265,0.59415070680985,0.8633045375355992,0.739048513285939,0.9031954401229583,0.0,0.8242704468308242,0.720352600767853,0.8368688674257525,0.8244819199427471,0.0,0.42003179853509776,0.0,0.6707767771774225,0.2512442171068884,0.8622592462839304,0.027635950436505758,0.2091408823202984,0.02675119183119793,0.016238817822261442,0.5356137315081252,0.6823817161940386,0.7796987495237316,0.8078220309586772,0.0,0.8245954350992111,0.7143388579339496,0.6763271663592881,0.7789180344556357,0.8071698557232447,0.7852616180371882,0.8084483793464415,0.671522269564273,0.6319509143317092,0.5068534165936976,0.8018269161977848,0.5042013061040427,0.5983742182756537,0.503994818602683,0.8124276402767989,0.7504323291214877,0.8383803386936578,0.7982635518964161,0.855443190965701,0.49543932398945173,0.7304187774559776,0.6737739850698823,0.7785714099516002,0.5890559504944951,0.8041366470153187,0.4109500355905143,0.0
