0.0,0.4574775838893572,0.6435755560784239,0.0,0.7201448673987333,0.6633358109853035,0.6311057618092994,0.6149672841397654,0.7330307214978983,0.5705635346250933,0.6756619397711175,0.4139272418060761,0.5761283963955945,0.11491236914408022,0.7846678682221746,0.5817674602604683,0.45587595280875504,0.5182843485439039,0.6078888305449792,0.6965719500288934,0.7981766649961922,0.7474751289821516,0.7396017545886114,0.5769280190262605,0.6875956784492431,0.6021472051418694,0.7566196436192086,0.47526992200256746,0.7869053238348902,0.7534050806815565,0.5940880648243099,0.4543080926036304,0.7078298249573021,0.6162624524486264,0.0,0.0646894824825134,0.0,0.6461140320186831,0.07947900073832667,0.7530248115285821,0.16617913326058542,0.17271809907092417,0.10109703101911326,0.0,0.4854227160143142,0.8884115672734976,0.6780924904103823,0.5138529297872618,0.0,0.7772821942637158,0.5947822998607081,0.6795172355242663,0.5786585611042901,0.6971188521006375,0.5996929336284976,0.5843178239328011,0.4799656806890333,0.5797853457276935,0.25366703188795414,0.7977499008144165,0.6233299370597185,0.5193967496509181,0.562716865202149,0.5613647484763061,0.6425543357075938,0.7954768227249661,0.738487397669488,0.6248604249864173,0.4890722528857323,0.7377108152315419,0.6774351706558464,0.7027161626014895,0.5338172049770593,0.7182772425849406,0.2398645605068221,0.0
0.4574775838893572,0.0,0.5944140663947578,0.0,0.39457328017592835,0.807635083281665,0.51434775414997,0.6141188632461978,0.6104916647900474,0.5436423514941571,0.5246125530214713,0.592289985450685,0.8047669920593502,0.0,0.5120055088327249,0.6254174339571492,0.6986974371106502,0.7166015025558006,0.6092985908533379,0.6372219321766418,0.3101568992205876,0.6865526544748152,0.5583000733209706,0.794316852499871,0.7394166495996304,0.9406776364784794,0.6009707247552187,0.4490604886353671,0.48385970185509997,0.4603680827502315,0.17080254182121546,0.4255822335765349,0.5561079914578737,0.1815685805670173,0.0,0.0,0.0,0.4854832858708537,0.4045822233835689,0.6244254948188986,0.4451510403577958,0.0,0.1569522636479241,0.0,0.3922751396846295,0.23918704747375294,0.7990535895335116,0.5420181968137198,0.0,0.6349050379139604,0.8554013007361669,0.6368125434843066,0.41391792293997276,0.5939259817705335,0.5411311798441409,0.43403115436518747,0.685076123104493,0.8190461262764502,0.2022021757851747,0.5223427925555438,0.685217893183663,0.743101923497886,0.760479404383689,0.5836360757488344,0.7091840508751595,0.16836119038523728,0.7292361826119245,0.45889108894384406,0.7793066956916822,0.6733036582107659,0.8787206069466695,0.601107924443426,0.7773286723698247,0.6096901821184387,0.6681691031553924,0.45567840183180264
0.6435755560784239,0.5944140663947578,0.0,0.0,0.8378925530270487,0.8797860197514723,0.7126983979871694,0.7828260675607294,1.0,0.7125159356148836,0.9923276058715204,0.7389598381728025,0.7878931353860472,0.22629259392736384,0.7073978120172508,0.8186108236742948,0.677479226585096,0.8389750187689501,0.9089320002734004,0.7931808036475059,0.6349426603583603,0.7952979643636384,0.891543226132159,0.7118811419387149,0.7396184023226414,0.758513532312696,0.9272216757106914,0.6175765309796553,0.845774871657126,0.8122939875032393,0.6523679270567573,0.5683523955206294,0.7023566765185542,0.5307615777397912,0.0,0.2104340565009139,0.0,0.6546711202931604,0.19562824477061055,0.7438266427478469,0.04376827021215645,0.0,0.10231110353332286,0.0,0.5467619449258035,0.5033542879275116,0.7934327671558101,0.9319013308048331,0.0,0.9466114116057169,0.8564284778953584,0.858077192771233,0.6908935978701709,0.9847483283235585,0.7548068387386196,0.9514015577224607,0.8039034954379513,0.8319907015233077,0.4361838492460781,0.7593481399667071,0.6901005687190851,0.645620761166668,0.7062458671571034,0.8869270245751089,0.8977514330581502,0.5853515599223734,0.8553034203007264,0.7997713800673728,0.6054607884476129,0.8776181840351249,0.8452587692316708,0.8676545136497272,0.8208729609195922,0.9047590582033568,0.5792628465652017,0.09320882536927848
0.0,0.0,0.0,0.0,0.0,0.0,0.0,0.0,0.0,0.0,0.0,0.0,0.0,0.043569450153684935,0.0,0.0,0.0,0.0,0.0,0.0,0.0,0.0,0.0,0.0,0.0,0.0,0.0,0.0,0.0,0.0,0.0,0.0,0.0,0.0,0.04663869244804675,0.06315199391959082,0.24000652668280015,0.0,0.0,0.0,0.0,0.20225794444929449,0.21942851983843048,0.3538881807286736,0.0,0.0,0.0,0.0,0.6056838594638182,0.0,0.0,0.0,0.0,0.0,0.0,0.0,0.0,0.0,0.0,0.0,0.0,0.0,0.0,0.0,0.0,0.0,0.0,0.0,0.0,0.0,0.0,0.0,0.0,0.0,0.0,0.0
0.7201448673987333,0.39457328017592835,0.8378925530270487,0.0,0.0,0.8123399198187671,0.8159182499809133,0.7499761613751439,0.8948781307405265,0.734937323635059,0.9103572574745311,0.6953923300504191,0.7607588509368943,0.5810326000753401,0.6891525932021194,0.7231259683569919,0.554890375860071,0.7120576816272064,0.8089413382702897,0.7941404045283756,0.8287955923373658,0.7931112543101922,0.8807729166746762,0.5285920961274672,0.7197566262678723,0.5727726504129652,0.9367617162161078,0.8382217064399173,0.9355882967437487,0.8669919220334763,0.8272039783902161,0.7251356459005427,0.779377955287569,0.7811210329430165,0.0,0.5157084111023904,0.0,0.7202107511698976,0.13066934301255637,0.7232370664070414,0.0,0.17013169425270694,0.06456375207728975,0.0,0.5518521000126737,0.6447549246330891,0.7470719244680858,0.8098512066806973,0.0,0.9253171144676389,0.6939006044635948,0.7867341026446517,0.7368675261544478,0.8617918278070972,0.86894963434796,0.8782994777999408,0.754567694149825,0.665453506710292,0.5910890832878342,0.742946035230271,0.47134245879933867,0.6025975003621457,0.45569893193705363,0.7804120297205371,0.7374394802545154,0.8270522966963998,0.7512970293704921,0.7984453606065346,0.4332956364548176,0.8392024893301985,0.6576059428915099,0.8371989923065017,0.6285904644762363,0.8034324051536456,0.32229986784666087,0.0
0.6633358109853035,0.807635083281665,0.8797860197514723,0.0,0.8123399198187671,0.0,0.7966654022995147,0.8869680582433431,0.9260195467685102,0.7636983460571303,0.8463713438079448,0.7418627698503384,0.8971371336579856,0.25440104993415846,0.725535096482988,0.7495603754624931,0.7313088291841815,0.8483190419206976,0.8349460190201419,0.8439143734379707,0.6974441393872275,0.8518895270929738,0.9460712562239898,0.8027077714308682,0.7914214157338769,0.8917441128867507,0.907589947822877,0.7014723675363459,0.8028861766495377,0.7851735762304133,0.6036951864030521,0.5968895638288775,0.886378837246411,0.5398819575431434,0.0,0.2689722177813601,0.0,0.7993578677725754,0.21055228711169846,0.7988547537602317,0.1466827865253377,0.024039993739558167,0.12483796309838205,0.0,0.6385949851640831,0.5205564924023798,0.9256829922082417,0.7865986075653038,0.0,0.9512519389096836,0.9350029035575247,0.8399469969979496,0.8153101932646594,0.8915480028832614,0.8281433185311546,0.7620427409486534,0.8517860146793234,0.8868411015179171,0.49179259380279183,0.775367786138375,0.5558184559488518,0.7667614140885266,0.6520923326679966,0.7562161483106123,0.8502907387495302,0.5702383281773769,0.8221095790718863,0.8138149473380171,0.7380933269840544,0.7924790221615853,0.8982435627721629,0.8182985645384787,0.8444034519708465,0.7653986187924485,0.5911187614996831,0.0556984373666464
0.6311057618092994,0.51434775414997,0.7126983979871694,0.0,0.8159182499809133,0.7966654022995147,0.0,0.687877498193061,0.7407529339177397,0.7072236813098488,0.6969259262347876,0.6297278640751304,0.8206755768971808,0.37380775599780064,0.6211808879865548,0.5545037459883035,0.4502904442252865,0.6131705541061088,0.6236301087438378,0.7532793385204825,0.7197393782098273,0.7692236990190475,0.7489977757584109,0.5420026455520038,0.6798000845066595,0.6542036442875572,0.823616471397047,0.7644476119716579,0.7501535523909321,0.6912240140164103,0.6420975303037285,0.5667678329492993,0.7357488219109949,0.6169160513055433,0.0,0.3246529208684008,0.0,0.7627656058248047,0.05376285342288624,0.6359155165137131,0.0,0.10157069283852058,0.2186314227452504,0.1072943281948781,0.6256061887304829,0.5262277328791796,0.7425777042015168,0.6039298616914737,0.032986482074558024,0.8146037184361868,0.6420810952206217,0.8313731493989591,0.6033918963046104,0.7603527999216304,0.8146623020975213,0.6567585114284646,0.7580788434486082,0.7030460538537542,0.5578656307723575,0.6246654711227868,0.3785267896516931,0.5496539616324098,0.416476440322138,0.5837553079764505,0.6966871687729103,0.5953873110383274,0.6949730999607214,0.5477996390843309,0.4977975565500279,0.7231148427765957,0.6290459700398487,0.6803415874359308,0.691923901803171,0.6164089755742825,0.24110852375738578,0.0
0.6149672841397654,0.6141188632461978,0.7828260675607294,0.0,0.7499761613751439,0.8869680582433431,0.687877498193061,0.0,0.8155843012501218,0.6915935843937147,0.8059478322696909,0.7421837339674451,0.7309970588114877,0.3175886301197264,0.6804414250592867,0.6465202776713721,0.6062691556124858,0.6372632861935743,0.7538770463847819,0.7605155725532593,0.7508316652970074,0.7183078033514672,0.8983568079012746,0.7448231877301277,0.5736160085577946,0.7261206531079644,0.7851701110119647,0.5352036525234474,0.7229765014483155,0.7875243255301978,0.5707962176828416,0.4727540800710628,0.8182352505954888,0.5565775485551379,0.0,0.30969161912803167,0.0,0.7225263474120978,0.09662120802792927,0.7631784885124168,0.020939737315855765,0.005576472085809772,0.17210025806938375,0.0,0.5554906118727317,0.5244562933746635,0.7687516488189333,0.7038700151055708,0.0,0.8184633678376959,0.7383332940219304,0.6455129922552995,0.941004923963729,0.7912163149862088,0.7619023485160281,0.7304591688304141,0.8506073159575732,0.6865091314266282,0.4828860750812965,0.7098625739862252,0.34529575361801634,0.6215486764439018,0.40344853118660795,0.6878237390130776,0.720581477252393,0.6315738441681135,0.6662024697120077,0.7943715901981617,0.6554056305851361,0.6242168641252901,0.73089266321755,0.6369508254282343,0.6231329160768462,0.5632636136090893,0.38756746523972324,0.0
0.7330307214978983,0.6104916647900474,1.0,0.0,0.8948781307405265,0.9260195467685102,0.7407529339177397,0.8155843012501218,0.0,0.7806326442714799,0.982575689310215,0.7600504754348877,0.8025558080698613,0.24802195037878066,0.7803060732220088,0.8291767085415489,0.7170288063267044,0.8444456159319629,0.9329529606079061,0.8583007975294772,0.7570296698398132,0.868793112006801,0.9527249587765013,0.7361405381979479,0.8014008526086636,0.7726670407332059,0.9995754839356208,0.6989625494864966,0.8871904910268571,0.8758957127774092,0.7403955510885442,0.6386754907473846,0.7827406296061032,0.6500761326678824,0.0,0.24498397030548524,0.0,0.7302123250744067,0.14367461661609515,0.7725455630492256,0.019803781043369897,0.0038904222881090507,0.06852051254796333,0.0,0.6201149780041021,0.615482937265527,0.839336198338488,0.9146785312975685,0.0,0.9699898398854895,0.8911873229904764,0.8756807800047769,0.7309334187786763,1.0,0.8289965655693556,0.9568578398317638,0.8293548585719285,0.8387941536939528,0.46077610454482676,0.8260131360271434,0.6386701241332848,0.7104524281224883,0.6757180877315924,0.9026349451361041,0.9123330259881036,0.6959875714894738,0.8832815600483578,0.8436585821761291,0.622549042807416,0.8964334275089247,0.8478122066230758,0.948354013734635,0.8127625453511018,0.9154558037638633,0.53684930344509,0.0
0.5705635346250933,0.5436423514941571,0.7125159356148836,0.0,0.734937323635059,0.7636983460571303,0.7072236813098488,0.6915935843937147,0.7806326442714799,0.0,0.7157117979923229,0.9180193504674902,0.6858037587155863,0.3720136043928588,0.4359003528000986,0.7222907152922355,0.8543401269915888,0.8332916340082474,0.7426858506567288,0.6669554861817186,0.6558621642577106,0.6686396675733474,0.6518743193560699,0.7602402088888537,0.745701076231265,0.7537386946884055,0.7731179827402699,0.7532573353159868,0.7865316704728389,0.7475340587408191,0.7096876191484309,0.6528924082885984,0.8100293027238615,0.6112865484535034,0.0,0.3587116390798741,0.0,0.746089605757958,0.2888479892133846,0.697972710024739,0.05857828089781187,0.12708232030340358,0.0,0.0,0.5882004846029271,0.48081912711950064,0.7233476903661609,0.6812168317269316,0.0,0.75743297284899,0.6358309685327312,0.6926498484291427,0.5448872009876418,0.7772321153670169,0.9114135111355943,0.6766993652103287,0.8559452207917736,0.6804455991394122,0.5584722137715348,0.5012519704096918,0.5230858358228225,0.7642744879562142,0.6197208101262159,0.6999864456345986,0.6188572993023834,0.5994843531262356,0.66223647629117,0.5321887801631886,0.681906906879454,0.775213138182718,0.7207377466118662,0.6315569223510051,0.6841957067838371,0.6760403445988556,0.4596203581288643,0.0653337791620125
0.6756619397711175,0.5246125530214713,0.9923276058715204,0.0,0.9103572574745311,0.8463713438079448,0.6969259262347876,0.8059478322696909,0.982575689310215,0.7157117979923229,0.0,0.6914284776621828,0.7229802614365652,0.3285236111878627,0.7324589962674029,0.7713165598844796,0.6431373234951824,0.7782637661176249,0.9165913300900429,0.7950023147777863,0.723128315195868,0.7860462030527846,0.9329917420330388,0.6165126860108701,0.72965315024616,0.6888463683686407,0.9347854610629925,0.6394864987400206,0.8833672737687878,0.8543227920950397,0.7064137828322977,0.640757104043985,0.7455700749035826,0.6510111807770464,0.0,0.3194015270125172,0.0,0.7183713114995609,0.20095200286665046,0.7468444706308808,0.0,0.026910909869753197,0.09290483689312515,0.0,0.5530000685141282,0.5405130901918703,0.7562862447626709,0.9215930668912513,0.0,0.9679282575462779,0.8121179172628608,0.8160307168680909,0.7642112496295368,0.9658425555254877,0.7877384077398669,0.9857986055409932,0.7531121473959216,0.7478910565356998,0.48363272453685324,0.7833884074303459,0.6135924820023996,0.611242024916251,0.6280826160197994,0.8912812137842051,0.8507897949462374,0.7064061174286831,0.8191830082094903,0.8576550384992498,0.5016892862499077,0.8462003152380253,0.7755546380769731,0.8846597498469775,0.7202073707330341,0.8875196453881379,0.5079652525568769,0.0
0.4139272418060761,0.592289985450685,0.7389598381728025,0.0,0.6953923300504191,0.7418627698503384,0.6297278640751304,0.7421837339674451,0.7600504754348877,0.9180193504674902,0.6914284776621828,0.0,0.7264028663060699,0.3603533288266481,0.397965828283589,0.7594398276044712,0.8695413631890921,0.8530924866939349,0.7390447260276725,0.6208614208886909,0.5055544260145178,0.6015257831537737,0.6032214975791151,0.8088592782806066,0.6341098891369631,0.7832632151750564,0.7064722277548515,0.6673928614422874,0.6631927628564542,0.6435808527138753,0.5648348225467195,0.554353845313435,0.7154951474257497,0.48607799211277813,0.0,0.3699556294164785,0.0,0.6612497853649104,0.2392142930303834,0.6263347327126736,0.035894048154947546,0.0,0.0,0.03364126373534983,0.515207308147935,0.268969586944475,0.7193576391206464,0.6997872873022875,0.0,0.7270163001656235,0.6712271759047294,0.6456077197303276,0.5720078970700644,0.7758447048297216,0.8501335200828855,0.6940345528427173,0.9677414054344072,0.7370070444724443,0.5201433812317093,0.4526653307914593,0.5151169500565222,0.7492597212635167,0.5971383170311505,0.7014531315739299,0.6474375057311447,0.4290507170436183,0.648064086186849,0.5164375317590518,0.7386937550948086,0.7436519477265113,0.7340221649123091,0.6212898491530054,0.7211381661028646,0.6739312339391638,0.5381622880470021,0.10311088155950845
0.5761283963955945,0.8047669920593502,0.7878931353860472,0.0,0.7607588509368943,0.8971371336579856,0.8206755768971808,0.7309970588114877,0.8025558080698613,0.6858037587155863,0.7229802614365652,0.7264028663060699,0.0,0.2720859273359896,0.654294450281394,0.7358398189013426,0.7020433684166646,0.8212453359749293,0.748760857242696,0.794423344404168,0.5837178702257068,0.802297403479864,0.7606955159912083,0.7507994063067671,0.7616653209508678,0.8537450695518765,0.8190517428800362,0.7527251106515411,0.7201253747936772,0.6402946870320898,0.5028476127155751,0.5516696581469352,0.7573819578406158,0.5284467355782586,0.0,0.28150655597871493,0.0,0.7100599325142257,0.16259744630997414,0.6828495130019263,0.10532712447829588,0.0,0.13873572860222524,0.028261231930053945,0.5767176477332506,0.39879706699873924,0.8960360490007556,0.7065274495608874,0.0,0.8562702876812384,0.8874426614800665,0.8489794745595541,0.5981212687862072,0.8201571334533377,0.8048028288419853,0.6945619735814206,0.8649459320305654,0.9017381250771259,0.39667530707728,0.6761016033551352,0.5760955025427632,0.7704341864327269,0.6194143496257034,0.699494563861408,0.8157276652661896,0.4523464194425759,0.8112427676058935,0.6322550166631021,0.7052036577991392,0.8182562263451999,0.845464070586924,0.7778976104636973,0.8977851398546964,0.7215856275671533,0.526318274246908,0.04751247196754795
0.11491236914408022,0.0,0.22629259392736384,0.043569450153684935,0.5810326000753401,0.25440104993415846,0.37380775599780064,0.3175886301197264,0.24802195037878066,0.3720136043928588,0.3285236111878627,0.3603533288266481,0.2720859273359896,0.0,0.11001407357219459,0.26563233593290037,0.20520787666448892,0.2776531087360501,0.30477831672864475,0.2693385706491053,0.3482941781662257,0.22455152678069043,0.28108236868676023,0.11191356390287543,0.13743922017416946,0.05988990011478892,0.29033550439048683,0.5791683692804328,0.3945023432877423,0.45553044592797415,0.5007748479533114,0.5027772249051116,0.3287251918086425,0.49569091179624797,0.164460240742351,0.7058414857471811,0.44159888492901517,0.29212169532530924,0.21979671367156964,0.23043479396828165,0.0,0.24372240479641608,0.0,0.19968998304304228,0.1259228237191494,0.09480349168715643,0.15784982460888877,0.2922155804896543,0.040191759959138554,0.34611270000408384,0.137450068974155,0.16534599359470256,0.3969451697741185,0.23297939000779014,0.4549426289467783,0.3471349640353628,0.33627696496643794,0.10790798341546737,0.5046574544955056,0.15640582643225479,0.0,0.20564755426212716,0.0,0.2963568632784627,0.14742717167907538,0.4058156730814446,0.16000006887368612,0.3197740944122436,0.08496385039619986,0.14713247817195052,0.04629195370260598,0.15637342830319828,0.1986323916711645,0.22659946135355788,0.12752717833096844,0.0
0.7846678682221746,0.5120055088327249,0.7073978120172508,0.0,0.6891525932021194,0.725535096482988,0.6211808879865548,0.6804414250592867,0.7803060732220088,0.4359003528000986,0.7324589962674029,0.397965828283589,0.654294450281394,0.11001407357219459,0.0,0.6569604331434656,0.3740088797235371,0.5456550189677448,0.6943106286415899,0.8876839352923277,0.7685757922283677,0.8768325914285012,0.8500373292350344,0.48391373844404817,0.6040659689489726,0.5412990649552198,0.8079138822221503,0.5501619878554934,0.7791098489061042,0.7693204624830868,0.605665129930181,0.40213024368661987,0.7118294994387745,0.5919774831010872,0.0,0.11043147430189104,0.0,0.607208562392931,0.0,0.6720357320882888,0.1048666598944417,0.07562968618044305,0.15909996625674352,0.0,0.4596061195949205,0.7069889394046311,0.7306587254803869,0.7158204161548729,0.0,0.7444802080963822,0.6679668619876057,0.6582857521861984,0.6450147733956841,0.7766969279567609,0.5646873401429227,0.7011098184327464,0.5563233634706672,0.6118314639404224,0.24267058812943662,0.9880694513111964,0.4946746746785793,0.5126656708330194,0.4673676283763614,0.700695333723568,0.8277639280299757,0.7111405084904523,0.8220007275771204,0.7909310455831357,0.3688926938158169,0.6483219896565713,0.6431806029440443,0.806944202609014,0.6220222279532137,0.665070431558847,0.27597835151138295,0.0
0.5817674602604683,0.6254174339571492,0.8186108236742948,0.0,0.7231259683569919,0.7495603754624931,0.5545037459883035,0.6465202776713721,0.8291767085415489,0.7222907152922355,0.7713165598844796,0.7594398276044712,0.7358398189013426,0.26563233593290037,0.6569604331434656,0.0,0.7887267371656931,0.9380552519338419,0.8316015739164844,0.8038832112906866,0.6011926347037496,0.8529558275865567,0.7648419057763556,0.6579207738893128,0.7421549898606579,0.7483780626585234,0.8186948184508027,0.7422605298430751,0.8149679652124338,0.7985358376129781,0.7729922907397624,0.6786165450926094,0.782976079309964,0.6911178356956437,0.0,0.2764420714276435,0.0,0.658120912796858,0.2773160645928322,0.7529365514388553,0.2248556272342441,0.0838977999192501,0.0,0.0,0.5001642126010127,0.41106604862303286,0.7884744548187245,0.8578915035947094,0.0,0.8436539136498677,0.8327310688862279,0.7480965015036779,0.5745746390673769,0.8462172336311972,0.7508616236099818,0.7680347937948171,0.831376658071645,0.8323218485565966,0.38468701088600155,0.6874919491075008,0.6705842816485025,0.7082357467600194,0.7234817567070047,0.8531871180028086,0.8099797739672733,0.562083640157529,0.8435868464190951,0.7749656312166121,0.5818491746477359,0.8189016655040005,0.8197529104317112,0.8237456709598263,0.8115209178325365,0.8379421025724612,0.6056496796556041,0.13549039912973337
0.45587595280875504,0.6986974371106502,0.677479226585096,0.0,0.554890375860071,0.7313088291841815,0.4502904442252865,0.6062691556124858,0.7170288063267044,0.8543401269915888,0.6431373234951824,0.8695413631890921,0.7020433684166646,0.20520787666448892,0.3740088797235371,0.7887267371656931,0.0,0.9147553447907404,0.7069812036720398,0.5476560715699921,0.3644048354671836,0.5677987935388805,0.5737544333472093,0.8301548425577597,0.7109777151530835,0.8353851008992155,0.6230241406628096,0.601903077265354,0.6121447780787833,0.6211912338964581,0.4779016732717536,0.538148409215039,0.6731559169557438,0.40021165303544837,0.0,0.12847978817755742,0.0,0.6040890191765917,0.4386301135851748,0.7142942843198762,0.38965328597640253,0.04439721826947935,0.0,0.0,0.49271819393535865,0.2505021966660307,0.6612786964987162,0.6697805212252731,0.0,0.6488035555891655,0.7461071815158637,0.5897230513114168,0.3944684113703345,0.693817082564563,0.7070952854265667,0.6008737145676417,0.8290263542104264,0.7250688269543565,0.27852179989996634,0.3978848616984453,0.7160622973551625,0.7817186792375193,0.8022438098750793,0.6767763984308012,0.6214855998187544,0.2997467172650039,0.6583873432914095,0.5102816708960205,0.7594474499643998,0.7325269018742107,0.7997845850168074,0.6022337790954386,0.7713968287845128,0.6673583072270204,0.7276499794062167,0.4076874880994237
0.5182843485439039,0.7166015025558006,0.8389750187689501,0.0,0.7120576816272064,0.8483190419206976,0.6131705541061088,0.6372632861935743,0.8444456159319629,0.8332916340082474,0.7782637661176249,0.8530924866939349,0.8212453359749293,0.2776531087360501,0.5456550189677448,0.9380552519338419,0.9147553447907404,0.0,0.8225317836323001,0.7331404803987038,0.5062724136281459,0.7858666796699609,0.7388750378775998,0.7754505809329505,0.8523204080791186,0.8466414389172294,0.8012574847244904,0.7327749813098677,0.7662452512712901,0.7428317494159462,0.6726552035825845,0.7204756974550423,0.7828246201410273,0.5809402168024846,0.0,0.22965290142060452,0.0,0.7021717986811079,0.4349951912429655,0.8002126582458918,0.2925073365870723,0.10838963307374098,0.0,0.0,0.5849914488933619,0.3345924781389864,0.8126245320394305,0.8089542418277627,0.0,0.8312223025805634,0.8524208206149755,0.7933628329764665,0.49904829644341275,0.8437101199112009,0.8248018720593581,0.753339369667045,0.8791468860640607,0.8413280421357665,0.4073495883884979,0.5943324886790438,0.7238351977679364,0.8470733703742109,0.8319371467355956,0.7988448854003625,0.8026495579572068,0.42078641093341185,0.8345559270098201,0.671074602433261,0.6906463215196583,0.8461471121081626,0.8575598694643629,0.7619451964599633,0.8716053482415015,0.8009104435559442,0.6865188267176247,0.25352890293805147
0.6078888305449792,0.6092985908533379,0.9089320002734004,0.0,0.8089413382702897,0.8349460190201419,0.6236301087438378,0.7538770463847819,0.9329529606079061,0.7426858506567288,0.9165913300900429,0.7390447260276725,0.748760857242696,0.30477831672864475,0.6943106286415899,0.8316015739164844,0.7069812036720398,0.8225317836323001,0.0,0.845691551632713,0.6554271942194687,0.8316094638007396,0.8322040047509474,0.6823911353200006,0.7092738017814397,0.7106627113266136,0.8965549146206516,0.6467866689436472,0.8505117137682767,0.8503436345924347,0.673926294138533,0.649569337651979,0.7659963937072606,0.5997217172431701,0.0,0.25918694168797896,0.0,0.595747969932449,0.31505104765244696,0.7740950441427521,0.1645084207501596,0.04630568912186196,0.0,0.0,0.5168249787386229,0.5065244713522081,0.79766208255113,0.9497709936348324,0.0,0.8904367245702155,0.8253440392874011,0.7256431464754705,0.6786753412322459,0.914351529319168,0.7300299741561237,0.8966709522910171,0.788493394987552,0.7675194164584801,0.4145173869675033,0.7533671845085587,0.6381948701511104,0.6868040338690655,0.6487005444573587,0.9790122261330422,0.8882871523046705,0.6076809245422563,0.8515091622383762,0.7770533293709784,0.5958743190387852,0.7900685312757662,0.782453577848799,0.8574334533349182,0.7442240885515257,0.8444191906243784,0.6199544789161786,0.10742174272775658
0.6965719500288934,0.6372219321766418,0.7931808036475059,0.0,0.7941404045283756,0.8439143734379707,0.7532793385204825,0.7605155725532593,0.8583007975294772,0.6669554861817186,0.7950023147777863,0.6208614208886909,0.794423344404168,0.2693385706491053,0.8876839352923277,0.8038832112906866,0.5476560715699921,0.7331404803987038,0.845691551632713,0.0,0.8090820380231528,0.9778289677075722,0.8499775514452653,0.596876181833883,0.7266106858779474,0.6585994814080836,0.9258345705117196,0.7326067408400558,0.9088274242027952,0.8568584457383095,0.7492709839068911,0.6016198411092879,0.8392902349854237,0.7045014009554635,0.0,0.2933061161466559,0.0,0.6688322268590197,0.10216666891013129,0.7494037621146032,0.0602611065937982,0.09508126831281999,0.18586407508385347,0.12954782751018132,0.5171592192664466,0.6225511953442969,0.869538418712301,0.8525563710760786,0.0,0.8410445835564688,0.7591794402169981,0.7999677428262465,0.7421178820613182,0.8475143761959165,0.7469552536864316,0.7941862971347731,0.7205414824337252,0.7777816089538272,0.4830338941707533,0.9199158005235587,0.507384665489979,0.7116430062540482,0.5447290089296152,0.8650951525028845,0.9465697643706904,0.7359139568015212,0.9277216769583857,0.7908122317961116,0.5219360912921718,0.7485676226978675,0.7268169854146277,0.879336335749596,0.7260819717692668,0.7480552274382543,0.4034326980080284,0.0
0.7981766649961922,0.3101568992205876,0.6349426603583603,0.0,0.8287955923373658,0.6974441393872275,0.7197393782098273,0.7508316652970074,0.7570296698398132,0.6558621642577106,0.723128315195868,0.5055544260145178,0.5837178702257068,0.3482941781662257,0.7685757922283677,0.6011926347037496,0.3644048354671836,0.5062724136281459,0.6554271942194687,0.8090820380231528,0.0,0.7826138788882743,0.8454835930476211,0.4126664949795578,0.5734131356799856,0.430600100026929,0.8223001451142373,0.654040732122082,0.8638926742608061,0.8662546126723292,0.8114030107788969,0.519649480733732,0.7509594732066035,0.7735774123234774,0.0,0.35937178007605225,0.0,0.668660546439635,0.0,0.6798575410418637,0.0,0.2292552467507919,0.12984444746381119,0.09586190932544962,0.5211514215058078,0.8133361683947175,0.6276161908355152,0.6420471846494431,0.024454985271707523,0.7944854302780262,0.46742284335836376,0.6631486930401662,0.7888213084160697,0.7088568068886782,0.7265174676995936,0.6908321078291284,0.6005562886415996,0.4853210899752973,0.4756540704569722,0.8042991257485615,0.26128529781016774,0.48658344885485844,0.2639331037631937,0.6257196141651197,0.6321227626624334,0.9580791360845007,0.6449925281515692,0.7601323884157264,0.3022264581334947,0.6088038695186079,0.4809234581898235,0.7045879015894135,0.4840990289693506,0.5941073256024479,0.07782116188864593,0.0
0.7474751289821516,0.6865526544748152,0.7952979643636384,0.0,0.7931112543101922,0.8518895270929738,0.7692236990190475,0.7183078033514672,0.868793112006801,0.6686396675733474,0.7860462030527846,0.6015257831537737,0.802297403479864,0.22455152678069043,0.8768325914285012,0.8529558275865567,0.5677987935388805,0.7858666796699609,0.8316094638007396,0.9778289677075722,0.7826138788882743,0.0,0.8413770622785883,0.6193943667421775,0.8040604751097516,0.7236258445369115,0.9230311846321535,0.7508410737480735,0.920119328843761,0.8628524204575816,0.7783186153643821,0.6991298647695571,0.8057656652592495,0.7354158947757378,0.0,0.2719944923945204,0.0,0.7022375237296333,0.21909515637070037,0.8042681214618825,0.14394926756579196,0.13440374791245166,0.18535370754830158,0.07647929337474015,0.5548996225008861,0.6462084767552452,0.8603520959074232,0.8084971572876005,0.0,0.8586986297237145,0.7979197741331391,0.8530406411991571,0.6821326052512244,0.8471530417553493,0.7518302756999385,0.7652712441578835,0.7273653194127501,0.785580604899141,0.43684041707502635,0.8999462359790739,0.6101960648120233,0.7175490607100976,0.6248065014560423,0.82879404239903,0.9218852462860961,0.7120496262192155,0.9625676538082922,0.779036393569378,0.5388693667736405,0.8021766573509395,0.7938131652222298,0.8833205363927583,0.7625444087683565,0.8249818654715586,0.4789055841777556,0.0
0.7396017545886114,0.5583000733209706,0.891543226132159,0.0,0.8807729166746762,0.9460712562239898,0.7489977757584109,0.8983568079012746,0.9527249587765013,0.6518743193560699,0.9329917420330388,0.6032214975791151,0.7606955159912083,0.28108236868676023,0.8500373292350344,0.7648419057763556,0.5737544333472093,0.7388750378775998,0.8322040047509474,0.8499775514452653,0.8454835930476211,0.8413770622785883,0.0,0.6047271912781175,0.7196670700434726,0.6717222049202783,0.961183918177993,0.6966474166128873,0.8795046135323142,0.9152274269922757,0.7508545607819188,0.545058555299971,0.8355776978358876,0.6708567595756536,0.0,0.2796520534256346,0.0,0.7687625141381462,0.06731220378661894,0.7923055591495848,0.0,0.05425508480657144,0.09845123630354503,0.0,0.5991427162008164,0.6652539936411723,0.8135381382367748,0.8562811544713513,0.0,0.9632601411281414,0.8307846316947427,0.810992194944784,0.8642206664446359,0.9164010046304539,0.7682395493110339,0.8959040595369607,0.7338602919047619,0.7100613886896856,0.49084529558289625,0.8731397733784216,0.48994090260936796,0.6018855086121598,0.5459909627755428,0.7970140872470494,0.8309357572934603,0.769079839774101,0.7944803127573894,0.9674345614030834,0.48558101444494645,0.7536685096573673,0.7510574903205343,0.9013458853036763,0.7090881446910313,0.8123118762821677,0.4271738114156861,0.0
0.5769280190262605,0.794316852499871,0.7118811419387149,0.0,0.5285920961274672,0.8027077714308682,0.5420026455520038,0.7448231877301277,0.7361405381979479,0.7602402088888537,0.6165126860108701,0.8088592782806066,0.7507994063067671,0.11191356390287543,0.48391373844404817,0.6579207738893128,0.8301548425577597,0.7754505809329505,0.6823911353200006,0.596876181833883,0.4126664949795578,0.6193943667421775,0.6047271912781175,0.0,0.7037111897978239,0.9555223637465468,0.6357019088738708,0.4477123880015053,0.538801728095602,0.5722730277608411,0.2833863252012035,0.4349673251094457,0.6830617829962976,0.2748754145841527,0.0,0.05216872997131374,0.0,0.603637690100803,0.33772637875537515,0.7789106170783345,0.3553806860913099,0.0,0.028929042377388366,0.0,0.501340721700577,0.40637316292237957,0.7830259881844903,0.5972949841469255,0.0,0.6776625660849114,0.775452257270605,0.6176992408391273,0.5157925769900022,0.7261975490278785,0.6808266971130489,0.5486404667061968,0.8469793496723292,0.8255802689781635,0.2901598964860304,0.5184756926221392,0.72555278627608,0.7557442401037473,0.7525307287822923,0.6160985528958258,0.6900982389850174,0.3236221868323567,0.7293340662054801,0.45209051229118014,0.9798126935921714,0.765725836524385,0.9291260531070918,0.5542634192589976,0.7704621353702119,0.6079779363301007,0.6263660798469252,0.37638777031505954
0.6875956784492431,0.7394166495996304,0.7396184023226414,0.0,0.7197566262678723,0.7914214157338769,0.6798000845066595,0.5736160085577946,0.8014008526086636,0.745701076231265,0.72965315024616,0.6341098891369631,0.7616653209508678,0.13743922017416946,0.6040659689489726,0.7421549898606579,0.7109777151530835,0.8523204080791186,0.7092738017814397,0.7266106858779474,0.5734131356799856,0.8040604751097516,0.7196670700434726,0.7037111897978239,0.0,0.811931143621965,0.8217649710301196,0.6502991674089471,0.7501270403541093,0.6999797031707333,0.5451282425815311,0.582848876594735,0.6895961935555471,0.5027961970507285,0.0,0.14605912334712104,0.0,0.6918504915196004,0.34507471140177204,0.7634602967819614,0.24649860908463436,0.11910467031675691,0.06290152427750072,0.0,0.5991835475943331,0.5638693818892868,0.8221941897158431,0.6843673317148253,0.0,0.8346969395596793,0.7867262494495391,0.8606136360718444,0.4521754585873992,0.7662693888297751,0.8028942986183654,0.6725020015157138,0.7096394621750725,0.7597076484097163,0.3830830358767383,0.6467809410532437,0.7292648086653726,0.8120726925554539,0.7964529476600553,0.6939335923268866,0.7594428215056027,0.5077808763803933,0.8437007266390963,0.6026580084674418,0.6415608513034872,0.9082698416920707,0.8298154194551596,0.7755616511912787,0.7552618533968755,0.8204712098107528,0.510539722398825,0.22060584273653505
0.6021472051418694,0.9406776364784794,0.758513532312696,0.0,0.5727726504129652,0.8917441128867507,0.6542036442875572,0.7261206531079644,0.7726670407332059,0.7537386946884055,0.6888463683686407,0.7832632151750564,0.8537450695518765,0.05988990011478892,0.5412990649552198,0.7483780626585234,0.8353851008992155,0.8466414389172294,0.7106627113266136,0.6585994814080836,0.430600100026929,0.7236258445369115,0.6717222049202783,0.9555223637465468,0.811931143621965,0.0,0.7123394781762148,0.5553774629121743,0.6218359257233204,0.6039921657878358,0.3651381765881498,0.5263718505248252,0.7175278079809285,0.326782925594058,0.0,0.049012790098403355,0.0,0.6721395484701521,0.35854939827437354,0.7761478680510453,0.35436026032454143,0.0,0.08666398506261415,0.0,0.5382819625529216,0.38789347666530455,0.8521944899340193,0.653263136662411,0.0,0.7586767226559129,0.8699748387500301,0.7371793466790976,0.49909485359243694,0.7532571934731699,0.7109360845773289,0.5910228454850044,0.8328550978514466,0.8769036511366788,0.29809658038617254,0.5663251047906283,0.7715499970551528,0.7705566246998814,0.8346033223326135,0.6632150266153919,0.7701956314757812,0.30435076053061216,0.7945767622758894,0.5239751825329539,0.9316405486436021,0.8237559420008879,0.9772665487299231,0.6477115700240974,0.8854429802442627,0.7248515396157087,0.7139244586535513,0.41027367749364174
0.7566196436192086,0.6009707247552187,0.9272216757106914,0.0,0.9367617162161078,0.907589947822877,0.823616471397047,0.7851701110119647,0.9995754839356208,0.7731179827402699,0.9347854610629925,0.7064722277548515,0.8190517428800362,0.29033550439048683,0.8079138822221503,0.8186948184508027,0.6230241406628096,0.8012574847244904,0.8965549146206516,0.9258345705117196,0.8223001451142373,0.9230311846321535,0.961183918177993,0.6357019088738708,0.8217649710301196,0.7123394781762148,0.0,0.7756968168222366,0.9632757277645133,0.88876750188617,0.8029558037859351,0.6623652641264245,0.8815139527131348,0.7137696485737883,0.0,0.3124077692156877,0.0,0.7978394477351064,0.11890354710408867,0.8034908290784627,0.0,0.12240370853334125,0.08308353512466742,0.0,0.6079736491024554,0.6450856494476861,0.8465502002028417,0.8863963162255535,0.0,0.9550236335275426,0.8120334937306155,0.8940198669679356,0.725669390935474,0.9583758808504131,0.8225546555320002,0.9123032974347371,0.7965286365953856,0.7592236856948927,0.5115968178561344,0.8538352783709443,0.5582593727914893,0.6782952845912126,0.5913162789318848,0.8619547193975797,0.8811411257540694,0.7526310570846917,0.886522007646251,0.8576067063278505,0.5079185640900671,0.8535913707659102,0.7498892080344529,0.9731974163041688,0.740631719741554,0.8534462920100752,0.43875379476509185,0.0
0.47526992200256746,0.4490604886353671,0.6175765309796553,0.0,0.8382217064399173,0.7014723675363459,0.7644476119716579,0.5352036525234474,0.6989625494864966,0.7532573353159868,0.6394864987400206,0.6673928614422874,0.7527251106515411,0.5791683692804328,0.5501619878554934,0.7422605298430751,0.601903077265354,0.7327749813098677,0.6467866689436472,0.7326067408400558,0.654040732122082,0.7508410737480735,0.6966474166128873,0.4477123880015053,0.6502991674089471,0.5553774629121743,0.7756968168222366,0.0,0.8161702353592015,0.7544154752651433,0.8105499788682985,0.7530384234816896,0.7156610819736585,0.7763643450702946,0.05529499368714302,0.5400591561191693,0.28581335437253047,0.656525828275189,0.23660574933725134,0.568227429329675,0.0,0.144997712160629,0.0029025872430174975,0.12606982425452232,0.49321442691718637,0.4058862046858253,0.6976191323435306,0.6805359414364548,0.0,0.7422606607779095,0.6379891469841343,0.7405264171019649,0.5446397110095987,0.7038832230966818,0.8020563541170951,0.6683445872736378,0.7035633771589866,0.6255295414591235,0.5676379798014564,0.6060331187167207,0.3988645480788706,0.6492675366392379,0.478448459640413,0.6594688171414699,0.6376521838807891,0.6285467779539766,0.6774282235364495,0.67169156913175,0.3950630639095342,0.6933324528121302,0.5724453319454543,0.7362230869518166,0.6763328969032509,0.7085341850637386,0.3945090959740925,0.0
0.7869053238348902,0.48385970185509997,0.845774871657126,0.0,0.9355882967437487,0.8028861766495377,0.7501535523909321,0.7229765014483155,0.8871904910268571,0.7865316704728389,0.8833672737687878,0.6631927628564542,0.7201253747936772,0.3945023432877423,0.7791098489061042,0.8149679652124338,0.6121447780787833,0.7662452512712901,0.8505117137682767,0.9088274242027952,0.8638926742608061,0.920119328843761,0.8795046135323142,0.538801728095602,0.7501270403541093,0.6218359257233204,0.9632757277645133,0.8161702353592015,0.0,0.9315748850402361,0.8835446957555103,0.7391438865377071,0.8425797274623316,0.7953979686523505,0.0,0.4168051410349087,0.0,0.7432275461237156,0.2233929250714827,0.8259838554445553,0.020525441640013565,0.20461652030267619,0.018490458476776127,0.0,0.5093727392850994,0.6797666918533682,0.7234290546696519,0.8321102358605684,0.0,0.9003770325603668,0.6913738552468647,0.7896654423051952,0.716599521125503,0.8520435935597447,0.7948433607283949,0.8372602917150226,0.6936593830325116,0.6812056641419656,0.47783843727036923,0.8278174279145684,0.5603018078152505,0.6378618050717766,0.5676213120143494,0.8450261567016771,0.8090249141756786,0.8351699315700811,0.8581490938113063,0.8258147390130737,0.4229473995548384,0.7950816713471455,0.6688034603171144,0.8871532313934468,0.6582863847096564,0.9076124604093184,0.41383205778518967,0.0
0.7534050806815565,0.4603680827502315,0.8122939875032393,0.0,0.8669919220334763,0.7851735762304133,0.6912240140164103,0.7875243255301978,0.8758957127774092,0.7475340587408191,0.8543227920950397,0.6435808527138753,0.6402946870320898,0.45553044592797415,0.7693204624830868,0.7985358376129781,0.6211912338964581,0.7428317494159462,0.8503436345924347,0.8568584457383095,0.8662546126723292,0.8628524204575816,0.9152274269922757,0.5722730277608411,0.6999797031707333,0.6039921657878358,0.88876750188617,0.7544154752651433,0.9315748850402361,0.0,0.8341061198498773,0.7537946950643669,0.8551732289277741,0.786869729623821,0.0,0.4355049025573696,0.0,0.6680146835175669,0.2597561970151507,0.8607306991830515,0.013077534096330504,0.20138965069891085,0.035880083288409095,0.022181315383073233,0.5023319987135694,0.7015621960715702,0.7863860003956129,0.8378598658408224,0.0,0.8588001935670151,0.7412676671392734,0.7142796983218956,0.8019400287738927,0.8325431682306703,0.790003943546113,0.8346515574519777,0.691808387559624,0.6858233226508691,0.4975549410786053,0.8179268492703426,0.5013163622990672,0.5894325561052975,0.490264877646678,0.8329833367433431,0.7801271701834208,0.8650341161296625,0.8293467705417781,0.8602593582392507,0.4989465077454643,0.7440389495756436,0.6941242416382943,0.813730732254982,0.6104201280725542,0.84875680704245,0.43867183075776417,0.0
