0.0,0.2500395255263406,0.0,0.010935574924292922,0.13014375344699328,0.0,0.0,0.0,0.06377625158376905,0.0,0.13662050741471005,0.09474201194404568,0.20817497160977183,0.0,0.0,0.0,0.0,0.0,0.08925647498848695,0.0,0.06317363952466913,0.0,0.0,0.0,0.06816702654160349,0.3273148538033219,0.0,0.23441488643537314,0.0,0.22129211981962457,0.0,0.2705183695197158,0.1935934936706455,0.014307587231038307,0.0,0.21103386421398737,0.0,0.0,0.08400104398936524,0.18795113235494265,0.23502109678745,0.14347478698122584,0.07102547975731152,0.21621983806548128,0.0,0.1545949004706014,0.0,0.0,0.0,0.0,0.027358071290890268,0.0,0.0,0.0,0.0,0.0,0.0,0.0,0.0,0.10059420923543189,0.0,0.0,0.0,0.0,0.06805203542994986,0.09381791172181711,0.0,0.0,0.04827345939205125,0.0,0.02989379433478256,0.02970175326461904,0.22575800429327272,0.06664910936666112,0.14235294906326104,0.15610797097712065
0.2500395255263406,0.0,0.0,0.013063563948032366,0.0,0.08074061301557764,0.015721867664795743,0.0,0.0,0.0,0.0,0.026883347917845163,0.0017034512943974137,0.2674897322510346,0.0,0.26953623805738885,0.0,0.03951371340925958,0.0,0.0,0.0,0.0,0.0,0.0,0.24750036575007386,0.48717886206605227,0.0,0.0,0.0,0.0,0.0,0.24476473114749983,0.11219275391059881,0.0,0.0,0.0,0.0,0.0,0.2522276985788577,0.0,0.32253586553385527,0.29887827361978186,0.0,0.0,0.0,0.0,0.0,0.0,0.0,0.0,0.0,0.0,0.0,0.0,0.0,0.0,0.0,0.0,0.0,0.0,0.0,0.0,0.0,0.0,0.0,0.0,0.0,0.0,0.0,0.0,0.0,0.0,0.0,0.0,0.0,0.0
0.0,0.0,0.0,0.1706457993456419,0.37881997653525423,0.24064995906759287,0.10764356042168848,0.17433254744539156,0.5709957384208042,0.16487175239172092,0.5094917014157931,0.032865614888103814,0.17381923220509787,0.0,0.4444377086396497,0.0,0.0982890222555292,0.17469457947919345,0.5475438285944983,0.5465685653777753,0.21172807913802347,0.3942787638361482,0.28672039721901993,0.0,0.0,0.0,0.36051935078211295,0.29966250208244266,0.26879750509294326,0.33303939394364895,0.19649405991810365,0.0,0.012689738185330915,0.022049983433830793,0.0,0.19398042357811562,0.22801450308332494,0.054294484117352555,0.0,0.061267479584416425,0.0,0.0,0.23373213163237067,0.2549687909432929,0.007244099141919222,0.0923445742782655,0.22511290607856227,0.6019858539970527,0.1306051109041256,0.3067803259562115,0.2731499387644588,0.31668757164545175,0.3182481770017897,0.4844968566902632,0.148786768808565,0.5043023946416777,0.08591919433429435,0.26760091792107477,0.0,0.44720892790326244,0.18061692817483962,0.15158215134890504,0.24875588999470827,0.5633126244693293,0.5201046859812443,0.12998028857904448,0.4809541448392977,0.2998496210297985,0.0693075038655384,0.16666699188588263,0.12220037389277094,0.4264447031329258,0.35530992966423064,0.15578907357042246,0.34776610737004865,0.14052648146536142
0.010935574924292922,0.013063563948032366,0.1706457993456419,0.0,0.02100823149533887,0.2281101636887686,0.0,0.0,0.15678406400117786,0.0,0.11407664847848577,0.0,0.15088287140338208,0.13108098096743764,0.0,0.04101768748602051,0.0,0.0,0.19668523871162294,0.16338733149213305,0.0,0.0743341735080421,0.0,0.0,0.0,0.10706215253046988,0.04916834813963215,0.055197588160576155,0.11347566520686413,0.08731845394261217,0.0,0.04399640066818424,0.0,0.0,0.0,0.25660877960797424,0.0,0.0,0.10242907553663404,0.0,0.17275404601112673,0.21202682395100494,0.0,0.07354565659061742,0.0,0.0,0.0,0.09748614304892544,0.0,0.0,0.05518754583547709,0.0,0.0,0.010208663982683358,0.0,0.04833713380929227,0.0,0.0,0.0,0.03966979655651806,0.021455230005382693,0.0,0.0,0.042385863599972665,0.22436913399883462,0.0,0.044977903740702437,0.022137048555859823,0.0,0.0,0.0,0.24295072897755815,0.0,0.057114957802342325,0.2129660312244881,0.23965341668967136
0.13014375344699328,0.0,0.37881997653525423,0.02100823149533887,0.0,0.06929290820972779,0.35227795431986897,0.1806054745653126,0.4496914173651708,0.20980155447709367,0.5493369280738686,0.17111595619942754,0.26162833784304584,0.0,0.40476148276901636,0.0,0.06631615813706694,0.08446646745679347,0.3695696704744099,0.35944342481629166,0.3849125033726455,0.25573099006949995,0.17580713083653024,0.0,0.0,0.0,0.259116409399728,0.3583464523659142,0.13581814884875673,0.30371798759278507,0.11397117836414722,0.11585426913940153,0.04649967954535575,0.16951452788363913,0.0,0.23749793630182917,0.25667612411675816,0.14437765382107837,0.0,0.15438492041016186,0.0,0.0,0.4029067994217464,0.3267580110495465,0.04943110373351039,0.021699789018116464,0.2746923046711159,0.336553413626168,0.22455254230472124,0.3970596289538065,0.08526651935275294,0.4047237784373776,0.2892135394635168,0.31667783520988557,0.16706908912359786,0.5122862740885812,0.10461311089223385,0.34505591142035447,0.0,0.36593646112595996,0.047651149708914715,0.2476530229289482,0.1195180910808288,0.4247426946441535,0.3400232169665681,0.3416392557285452,0.4018566318676151,0.1723575943828258,0.0,0.07396035048209558,0.14082384631329434,0.2317768252663872,0.39590465057325164,0.07658381315124957,0.3200120794510095,0.0
0.0,0.08074061301557764,0.24064995906759287,0.2281101636887686,0.06929290820972779,0.0,0.23271250545402855,0.35593300885996915,0.25133222511990677,0.14860984685364476,0.13415495402520572,0.16794136059298842,0.3169951152611954,0.0,0.17505393092046362,0.3596823298905599,0.0941911571100646,0.42624527398207024,0.18351055060891103,0.23681064123847403,0.18224702394928102,0.26754357430515885,0.4361228941292083,0.0007144168208079059,0.2865633647148414,0.2161015731786709,0.29377088957425257,0.015865266890467335,0.46421709356284385,0.0883039626222928,0.0,0.045689118535894004,0.1975612206013386,0.0,0.0,0.16368447883476372,0.01731328933110755,0.0,0.017025042375619196,0.13331493109843856,0.0,0.03551142946052459,0.11065352670660476,0.028167301259105187,0.0,0.157539741930163,0.16332219676976403,0.23567238065558266,0.016795374844207366,0.11976516736100906,0.4924334900718683,0.15924021066068916,0.3149423108242127,0.28206876741627374,0.11112524816578168,0.1724106900809858,0.08984218336747973,0.17678711569799213,0.0,0.027151805009219654,0.18904232380175157,0.1835485355529226,0.351075710046644,0.1823411516750012,0.27609032893828905,0.0,0.24393409365030674,0.36201849326449126,0.009798499785582754,0.2144035568132988,0.14815930420086307,0.27002756248417226,0.13787466133238316,0.24661370501320498,0.10852190300236864,0.08772699666003257
0.0,0.015721867664795743,0.10764356042168848,0.0,0.35227795431986897,0.23271250545402855,0.0,0.23112264965544313,0.1911197222929052,0.30623914773649275,0.21956054634476646,0.1792912773944619,0.320541608771737,0.0,0.16803056694168922,0.16593035425025615,0.14282069293029273,0.3558450804339651,0.12242876802402451,0.08495206784981961,0.3192340516114667,0.12440973132944945,0.21573405128599082,0.0,0.20352897140128184,0.0,0.20859131814549578,0.19868725487594727,0.33663984519146145,0.1997155579653514,0.09989137016463988,0.110375007217072,0.1486390905204028,0.227866670635765,0.03468421303455535,0.16254085443736138,0.21853623268748146,0.13886794033464017,0.0,0.201625181885748,0.0,0.0,0.30030326507937644,0.18815095731122794,0.07215329563522609,0.06497751160195891,0.26575032331567294,0.11478340352973637,0.22034662705715502,0.28508806326751857,0.18823492745559117,0.40119116984656494,0.306878451496815,0.18168289412227628,0.22534830657853455,0.2685298024757837,0.17614988051189098,0.3028043784716754,0.020986070674324956,0.00626912477631094,0.17943725602998054,0.24156853327030336,0.2188971433630298,0.21030101279912802,0.07623799843812189,0.1567813004706559,0.17479879439684404,0.19706301628097683,0.023484260121717677,0.18168690638937268,0.09361926772139835,0.05394721494403776,0.23900201200037713,0.14190299945461965,0.11802606937883732,0.0
0.0,0.0,0.17433254744539156,0.0,0.1806054745653126,0.35593300885996915,0.23112264965544313,0.0,0.20033512249234695,0.3894932638844086,0.15620959931823777,0.15233350687021,0.04852475772410597,0.0,0.36460100143204655,0.2209994714154999,0.2630540649385633,0.2918221098735701,0.10136888702401127,0.2853090769069941,0.5046984516988693,0.33746471654486226,0.589538184161191,0.2422444022217069,0.30545900157409894,0.0,0.47617485700706647,0.0,0.4353077138504787,0.0,0.32414789200621397,0.0,0.09549188895237941,0.09334581809233425,0.13893385229400343,0.0073525707124265285,0.1546628488563142,0.15127958023612326,0.0,0.22290038782963412,0.0,0.0,0.29045655931258824,0.028378259755787286,0.1565814069499176,0.22020293563310442,0.5064269170546764,0.25653923386973293,0.2640779508054952,0.4138382296616446,0.3489007055444309,0.4185367572442003,0.44584244954937857,0.42437232849226975,0.4059383381001199,0.3007346330262985,0.24354480833540898,0.3908962953672162,0.158090798842331,0.07344047638009318,0.3557531859453524,0.3565121256803176,0.3155964304605686,0.2655892444789765,0.21389722288910357,0.34155053505608135,0.3902888501291476,0.5104785292423732,0.11892291405408591,0.4428416830105484,0.3796921461130569,0.20640171159935405,0.18319976454311362,0.370302899356023,0.058853979521500205,0.0
0.06377625158376905,0.0,0.5709957384208042,0.15678406400117786,0.4496914173651708,0.25133222511990677,0.1911197222929052,0.20033512249234695,0.0,0.17423294239516415,0.5400100177336231,0.03827838632357309,0.22418571073085444,0.0,0.48273359563003126,0.0,0.0436861389761351,0.1899120548628582,0.5454322233667946,0.5603309846344982,0.3040552140224878,0.41549001706806177,0.28472480297994335,0.0,0.0,0.0,0.39893045138921446,0.32042296209000165,0.3302351690156481,0.3741743307357092,0.16573524038094814,0.0,0.06399799346391195,0.09185821254531641,0.0,0.24797207239360225,0.22185365263578674,0.04009139177233184,0.0,0.1442934676189461,0.0,0.0,0.3454163100985076,0.27701086225021615,0.0,0.1679476152230646,0.2878700003267311,0.564315372574625,0.2097537741898726,0.3526673706155982,0.2377111118537867,0.36913090415625543,0.3669006728446034,0.5179885973093061,0.16546428839509747,0.5514027961596386,0.04884895387599819,0.3137950932317939,0.0,0.4000472217579932,0.21915176632487457,0.20602671928798127,0.26591654294470096,0.568717555546944,0.5444102056242592,0.22470603993832275,0.5090197420240903,0.3014695102425124,0.002199897463093797,0.1729291376044843,0.16150930143461398,0.4146473534543035,0.3972225789783305,0.18679759815490793,0.409170346806746,0.14650498627839673
0.0,0.0,0.16487175239172092,0.0,0.20980155447709367,0.14860984685364476,0.30623914773649275,0.3894932638844086,0.17423294239516415,0.0,0.16287678563961006,0.285626503627493,0.2404172849664652,0.0,0.3002786590100024,0.07237192854640567,0.5307107749792092,0.3318018251275449,0.07551193808881923,0.18293944622114428,0.4025981676427456,0.22645171433516353,0.3908213335669602,0.4073415558460876,0.30115974973990806,0.0,0.3456326728787836,0.27463109171917865,0.33266614695232005,0.11588499406487206,0.48150913183380034,0.0,0.11358122875595694,0.381011033708831,0.21780326939654737,0.0,0.28730619619934833,0.40084022677766756,0.0,0.26617419859110164,0.0,0.0,0.3085425974498441,0.01040715433459652,0.23391158431580958,0.2590829402446632,0.4919578794293631,0.25746366241626917,0.37798458119170725,0.4904203933526016,0.20906789999522907,0.4679465500725861,0.43947322440233805,0.414159232744272,0.5491331679696095,0.3362831830609661,0.44129407620191474,0.5246036075002234,0.14073678211664473,0.03583013223079608,0.3005510224595563,0.4592642485350601,0.3055134358582223,0.3489849469984616,0.09150326917980521,0.2580074940475991,0.30499995437179234,0.3391770670912181,0.3026516356793741,0.43358228976786817,0.37594281598270224,0.035855117878670045,0.3336977916636874,0.25363604829410324,0.0,0.0
0.13662050741471005,0.0,0.5094917014157931,0.11407664847848577,0.5493369280738686,0.13415495402520572,0.21956054634476646,0.15620959931823777,0.5400100177336231,0.16287678563961006,0.0,0.16238651349189423,0.2814209318156356,0.0,0.37069915490853406,0.0,0.04133572440029657,0.09819154869045503,0.5468674261815039,0.4188992674455061,0.3071655586001605,0.2345419847616152,0.17782567323138573,0.0,0.0,0.0,0.24440548398272516,0.41459800571486555,0.14049052132539588,0.41944512942199474,0.08637316939920586,0.12469123615437272,0.09491509223999574,0.1171027117547521,0.0,0.30785961550348123,0.25766603746489636,0.08582865940230354,0.0,0.1696556191609913,0.0,0.0,0.4073337523768527,0.35902875533879564,0.0,0.0,0.1897198217830994,0.45121997128230407,0.17687870144009957,0.32525987494114583,0.14366710299690694,0.3455261531069558,0.3165963386417352,0.352547505467363,0.132065125250637,0.5675502633547415,0.12001113072310766,0.2816565960283086,0.0,0.4253742102352634,0.027012253496939746,0.22453618911848255,0.13350434120964305,0.5171415342296186,0.39332036986766233,0.27708813829044,0.38433358166260756,0.2066983611777075,0.025287037523015053,0.048599212963455596,0.1350369848372549,0.25643437834910093,0.42492930707306686,0.06487810194281239,0.43983481923798556,0.07969350543443458
0.09474201194404568,0.026883347917845163,0.032865614888103814,0.0,0.17111595619942754,0.16794136059298842,0.1792912773944619,0.15233350687021,0.03827838632357309,0.285626503627493,0.16238651349189423,0.0,0.31772679122511427,0.0,0.0,0.0,0.2579268821347341,0.2623129568881297,0.09674497067981296,0.0,0.12643781223634543,0.0,0.06118060856594614,0.29612226731222596,0.02007111399251023,0.22683690819743113,0.0,0.28707822984014597,0.0,0.2527871751093537,0.029655344675430833,0.019167979497381835,0.19782024810312404,0.24253890881540913,0.08944189036237396,0.2213486370932886,0.1601661337337899,0.1601767734598057,0.0,0.24214488048480048,0.0,0.0,0.23197727457748887,0.10029357632922767,0.06305425359064301,0.0,0.01381470955666345,0.0,0.1652390286278131,0.1619019694643421,0.07098216628609723,0.15746792891773342,0.23730842328617738,0.0006488899852033013,0.1952428537220716,0.11206773577796242,0.3647807481689818,0.21041431959291285,0.0,0.0,0.0,0.2713608981128657,0.07657374000131019,0.13041408914244265,0.0,0.0,0.0,0.0,0.2212803667655115,0.0,0.11233090720445633,0.0,0.18433659906563019,0.0,0.0,0.0
0.20817497160977183,0.0017034512943974137,0.17381923220509787,0.15088287140338208,0.26162833784304584,0.3169951152611954,0.320541608771737,0.04852475772410597,0.22418571073085444,0.2404172849664652,0.2814209318156356,0.31772679122511427,0.0,0.0,0.07118814630150476,0.0,0.23410200039255183,0.2688000787446314,0.21775376867844023,0.06112260107960506,0.10762163912437596,0.0,0.10608119884645859,0.025720465688285416,0.0905392875995476,0.20047775399401904,0.0,0.462451995811633,0.20270571980389035,0.42758866950158725,0.0,0.14180037250718747,0.2251905404828676,0.21047206202900887,0.0,0.273202327217566,0.1904875360479164,0.11336196873892791,0.0,0.2502751956336724,0.0,0.0,0.2175910417076172,0.20098259636780627,0.0,0.0,0.0049241297280978496,0.12497064977436957,0.13043687625599512,0.12855174837712774,0.24896443266313226,0.13456166671184278,0.2858352093964217,0.0898627586602882,0.11137131271040046,0.23584770342578426,0.2551527777504416,0.2865497567752146,0.0,0.054422158458788374,0.0,0.2417448504920391,0.26555121142002835,0.19894298340629807,0.08412028732420646,0.0,0.08393094802155562,0.12566145447976043,0.14284045350504207,0.03374757503255941,0.12896493689040806,0.0,0.36898263613951104,0.0781968068327464,0.12426475897619421,0.03599392307940534
0.0,0.2674897322510346,0.0,0.13108098096743764,0.0,0.0,0.0,0.0,0.0,0.0,0.0,0.0,0.0,0.0,0.0,0.1966069523821125,0.0,0.0,0.0,0.0,0.0,0.0,0.0,0.019126789774125325,0.16945575516025854,0.16594587118338758,0.0,0.0,0.0,0.0,0.0,0.0,0.0,0.0,0.0771106372556379,0.0,0.0,0.0,0.09002399130660124,0.0,0.2227890740016185,0.2667985428142487,0.0,0.0,0.050570146251260634,0.0,0.0,0.0,0.0,0.0,0.0,0.0,0.0,0.0,0.0,0.0,0.0,0.0,0.09552452146498136,0.0,0.0,0.0,0.0,0.0,0.0,0.0,0.0,0.0,0.0,0.0,0.0,0.0,0.0,0.0,0.0,0.10456335129644348
0.0,0.0,0.4444377086396497,0.0,0.40476148276901636,0.17505393092046362,0.16803056694168922,0.36460100143204655,0.48273359563003126,0.3002786590100024,0.37069915490853406,0.0,0.07118814630150476,0.0,0.0,0.0,0.158970461055958,0.14988601557632458,0.33128838546278844,0.5782058197224454,0.44871500160300715,0.5574423600020977,0.41933950188652686,0.0,0.10850922623959684,0.0,0.5328653663258499,0.12963913000452923,0.3591715057907754,0.09579452589140658,0.31832837616694054,0.0,0.0,0.07276538570329198,0.0,0.0,0.20248448049361184,0.12633547129560158,0.0,0.14059242893690926,0.0,0.0,0.2613052467520589,0.17019624342530015,0.10643021785717723,0.20689440729004696,0.5159552188466957,0.5026899665731522,0.24430259090042053,0.4291873117115309,0.27782125152630127,0.44435526330611985,0.35948019842273454,0.5695668236765157,0.30656775561671484,0.4979899654168543,0.0974494449728723,0.45623151095531816,0.0652429344109742,0.4380226439796325,0.3658212489475334,0.26855378076949366,0.3075289284930525,0.48131090695040046,0.5276950635375236,0.41185872252859423,0.6218017651571466,0.4135975220862484,0.0,0.4074253853267979,0.33079549791797014,0.46378398444767716,0.3444116751309422,0.32075875135002635,0.3043366908909439,0.03364724121406886
0.0,0.26953623805738885,0.0,0.04101768748602051,0.0,0.3596823298905599,0.16593035425025615,0.2209994714154999,0.0,0.07237192854640567,0.0,0.0,0.0,0.1966069523821125,0.0,0.0,0.06634167298969042,0.398385489777488,0.0,0.0,0.06500130211381684,0.2023893215909013,0.24468082669414162,0.05008180940336498,0.47681756509726825,0.21494957280254962,0.18815640687571822,0.0,0.3732908934003096,0.0,0.05581820074244531,0.0,0.1654073759279325,0.0,0.06641870068261108,0.0,0.0,0.0,0.08924146834788844,0.049818216792496664,0.05840090502065814,0.1792507783697862,0.0,0.0,0.013433304800497956,0.2062943068902939,0.08929786946583046,0.0,0.0,0.0,0.23649309264985247,0.03177448234313367,0.004107194546723209,0.061600967130689924,0.04154590182223524,0.0,0.0,0.0,0.0,0.0,0.27710978300381467,0.0,0.20266488523773504,0.0,0.07019617371706749,0.0,0.040494315255574814,0.13714919702703124,0.0,0.21585791063054957,0.054107030132266955,0.16285557443566118,0.0,0.18971707001875965,0.0,0.09686333460967887
0.0,0.0,0.0982890222555292,0.0,0.06631615813706694,0.0941911571100646,0.14282069293029273,0.2630540649385633,0.0436861389761351,0.5307107749792092,0.04133572440029657,0.2579268821347341,0.23410200039255183,0.0,0.158970461055958,0.06634167298969042,0.0,0.3170970919765052,0.046526034663589996,0.05864917321368694,0.22492063009234187,0.09468468257468934,0.27375134588026956,0.4655399484375274,0.27109536233426923,0.0,0.18602638268740915,0.34081315807332196,0.2288936882742007,0.09742339391799425,0.5193408309788983,0.0,0.11028194935085432,0.36981099368654735,0.37748264918415514,0.0,0.1697083567351029,0.4707516354747944,0.0,0.21298100478681428,0.0,0.0,0.18889760798810942,0.0,0.219179990301984,0.21166843402126723,0.3258444475971398,0.1341483853401828,0.26737374251221135,0.290676033471575,0.1483120728263824,0.2820019970841704,0.300491028801895,0.25760960449514486,0.3675641759042299,0.17902689960373344,0.3547159327308256,0.40268805064509416,0.14909659476516646,0.0,0.15420481609828635,0.23670305238117018,0.15844941813421237,0.2236707628313287,0.0,0.11538776420056619,0.17206494767317654,0.21686781967995458,0.3265003481584995,0.2848164882107356,0.2622818873334898,0.0,0.29438965415353563,0.16029559059382617,0.0,0.0
0.0,0.03951371340925958,0.17469457947919345,0.0,0.08446646745679347,0.42624527398207024,0.3558450804339651,0.2918221098735701,0.1899120548628582,0.3318018251275449,0.09819154869045503,0.2623129568881297,0.2688000787446314,0.0,0.14988601557632458,0.398385489777488,0.3170970919765052,0.0,0.15840557377318712,0.14198710757073915,0.21835095270290014,0.2103908804504843,0.3312972904617409,0.16216293028472809,0.38007810748750714,0.1283259124889142,0.2817002687863054,0.15048055729093832,0.4495352684530894,0.17194344508988268,0.18186493779405236,0.0,0.24382136943409452,0.13405175962864643,0.11232441731228929,0.0827992234387389,0.11481369789504062,0.09462722084217569,0.0,0.23780877420239663,0.0,0.0,0.15851648930892145,0.0,0.027989062994203062,0.19582638695488014,0.2578167493397341,0.19285427389124618,0.2442025488617851,0.23562848767856975,0.3542634427072647,0.3169543629469821,0.2977134884169927,0.3026775405423778,0.2779197147176623,0.20184821832834154,0.2587343699643994,0.28657900099205696,0.0,0.0,0.24410943089891107,0.23807113053026,0.3361545213603284,0.2248078081026027,0.152640638712773,0.0,0.21323666482286227,0.24579193345272676,0.12634620234280525,0.2722730836434552,0.19329392225216466,0.10033359110299227,0.21000111604705962,0.1509430642827018,0.030776455183553503,0.0
0.08925647498848695,0.0,0.5475438285944983,0.19668523871162294,0.3695696704744099,0.18351055060891103,0.12242876802402451,0.10136888702401127,0.5454322233667946,0.07551193808881923,0.5468674261815039,0.09674497067981296,0.21775376867844023,0.0,0.33128838546278844,0.0,0.046526034663589996,0.15840557377318712,0.0,0.4517109585517206,0.17573414406072427,0.2833318020072474,0.15561498844561633,0.0,0.0,0.0,0.2117797450614823,0.38723692230787576,0.1714927021146333,0.4383942045214543,0.1647889811902611,0.03493951390017256,0.11951759366454931,0.02233216924947068,0.0,0.27325980775869335,0.17025099678317243,0.019726308033466658,0.042044871984637355,0.1359435785447834,0.004900885828946215,0.0,0.2796769242122342,0.3264784213350205,0.0,0.002027345704434734,0.09696424791321565,0.47216851116263964,0.1368546363578934,0.20776873536545096,0.1580212190563467,0.23890758447805324,0.23889929961913273,0.3476328904402047,0.05070521835724784,0.48465773657554523,0.07194441975272593,0.18755190104763925,0.0,0.41172757576259184,0.0782294711168353,0.07038356227487495,0.12366360556721036,0.5126551074562843,0.4571432343726147,0.1468486834048271,0.38778777108804113,0.1835680078422962,0.08197610728655645,0.035764099283223334,0.07200485121666808,0.3057474310677889,0.3967039720341402,0.10007542619576516,0.48442864650993667,0.21087153799443722
0.0,0.0,0.5465685653777753,0.16338733149213305,0.35944342481629166,0.23681064123847403,0.08495206784981961,0.2853090769069941,0.5603309846344982,0.18293944622114428,0.4188992674455061,0.0,0.06112260107960506,0.0,0.5782058197224454,0.0,0.05864917321368694,0.14198710757073915,0.4517109585517206,0.0,0.34482783597635525,0.5593531010495045,0.38027936603991924,0.0,0.0,0.0,0.5469231532260569,0.1401212746925869,0.36942784926752303,0.1748917637141409,0.2768353472123484,0.0,0.0,0.0,0.0,0.06676203536459681,0.19437505319042928,0.01586164316680394,0.0,0.05931481095970308,0.0,0.0,0.24105745666422648,0.15471343664908652,0.019829694382868124,0.16056384219050868,0.4144639214785546,0.5901352222325598,0.23276637286110588,0.3810154081817211,0.28145211294132655,0.385835610885923,0.31618854898694926,0.580738158827716,0.20565590304621098,0.5105289326999825,0.012784020614113519,0.34204438028685924,0.007027576393369918,0.4614089190617129,0.34078745840653213,0.19467167427425028,0.2875283078941954,0.5264968743700825,0.6068940990997707,0.31054894127812505,0.6042573996556062,0.39143765054740315,0.0,0.3297823522326589,0.23673039461216933,0.5380245483963236,0.29524055136038163,0.2804374726463092,0.37040753590884096,0.1289558002277889
0.06317363952466913,0.0,0.21172807913802347,0.0,0.3849125033726455,0.18224702394928102,0.3192340516114667,0.5046984516988693,0.3040552140224878,0.4025981676427456,0.3071655586001605,0.12643781223634543,0.10762163912437596,0.0,0.44871500160300715,0.06500130211381684,0.22492063009234187,0.21835095270290014,0.17573414406072427,0.34482783597635525,0.0,0.37597281098591906,0.4687934511112331,0.15198837697255957,0.2540484233407523,0.0,0.4237309278114221,0.13347622471978188,0.3794532008706101,0.06513335825112741,0.30357147782031707,0.03397447147035031,0.10564640444533133,0.13203491892286337,0.06282181041503614,0.061251598552601406,0.2602390498776111,0.1521062665531567,0.012078390258742711,0.33776730715614434,0.0,0.0,0.43292637793631655,0.24613378926528878,0.17458093081929604,0.2709133374191135,0.5350728022426163,0.3070493814962811,0.30217645770089724,0.48983161242724227,0.3121302063872506,0.5398285867515495,0.4539419566122049,0.42255076036775063,0.4159453585744334,0.42250833751409966,0.23075859244537406,0.5116811205131707,0.19394649765246855,0.2287358276973491,0.35929244985769687,0.38785599665740184,0.31933920330116,0.35499131941501016,0.31033535822365904,0.5303360588155609,0.4630193976070283,0.4723872016388486,0.11198249952082442,0.44113299103617526,0.4429844398247801,0.2537323898866523,0.3990566141315004,0.3926447287509501,0.20411428065369325,0.0
0.0,0.0,0.3942787638361482,0.0743341735080421,0.25573099006949995,0.26754357430515885,0.12440973132944945,0.33746471654486226,0.41549001706806177,0.22645171433516353,0.2345419847616152,0.0,0.0,0.0,0.5574423600020977,0.2023893215909013,0.09468468257468934,0.2103908804504843,0.2833318020072474,0.5593531010495045,0.37597281098591906,0.0,0.4042223932409065,0.0,0.24892048092378966,0.0,0.5360236655902876,0.0,0.43418067310724995,0.0,0.26197162138741775,0.0,0.02661697818139812,0.0,0.0,0.0,0.02027328083968112,0.0,0.0,0.10988226740351029,0.0,0.0,0.16106493252836832,0.03674673007451062,0.0639702382114332,0.3051841544839534,0.43460972047139573,0.4464722174358882,0.10277411329437558,0.30617290859103663,0.30456594487045163,0.35659431384088963,0.2677614465414003,0.524932436805881,0.22562464126080162,0.36306774037860295,0.016691383178980352,0.31915738306750213,0.016375089457236446,0.3694900387889818,0.4398887698203302,0.1792350580299497,0.3181248015121111,0.3823300349727818,0.5583977647003355,0.29917967345931706,0.5871391101132939,0.35839958975665476,0.0,0.3943356334626582,0.2766509235071419,0.5391832476697651,0.2094732937259659,0.3839632512986978,0.2677334356261006,0.08829916770122363
0.0,0.0,0.28672039721901993,0.0,0.17580713083653024,0.4361228941292083,0.21573405128599082,0.589538184161191,0.28472480297994335,0.3908213335669602,0.17782567323138573,0.06118060856594614,0.10608119884645859,0.0,0.41933950188652686,0.24468082669414162,0.27375134588026956,0.3312972904617409,0.15561498844561633,0.38027936603991924,0.4687934511112331,0.4042223932409065,0.0,0.19993502411462802,0.31189474033932224,0.0,0.5360421652894176,0.009688548190210929,0.5294538234896778,0.0,0.36673793141194067,0.0,0.07778516680558814,0.08151695313358108,0.08194730542982713,0.017249706151461017,0.19968340930814593,0.13802666250944276,0.0,0.19513161246544783,0.0,0.0,0.29258767781350936,0.02533534381742509,0.1277353394093925,0.30254404128610096,0.5368308988308498,0.3898486069721686,0.2650993139016187,0.45239955411412275,0.47373739455492175,0.4377566258151225,0.5157098547692341,0.5152274955827584,0.4304614895421605,0.3604685212503935,0.20924004230199877,0.45334322028656865,0.19116579882020718,0.10804350792210568,0.4189534723100977,0.3595848572299227,0.44586633478543314,0.343950229400364,0.32061749261600436,0.2854773751357107,0.44509973016346294,0.6067976301796488,0.1324489754181908,0.5121127185478257,0.4170702965878361,0.31511312739229114,0.25652251118892183,0.4060304043949104,0.07925063701710743,0.0
0.0,0.0,0.0,0.0,0.0,0.0007144168208079059,0.0,0.2422444022217069,0.0,0.4073415558460876,0.0,0.29612226731222596,0.025720465688285416,0.019126789774125325,0.0,0.05008180940336498,0.4655399484375274,0.16216293028472809,0.0,0.0,0.15198837697255957,0.0,0.19993502411462802,0.0,0.21851402247229432,0.0,0.02263804003691109,0.1649334851876563,0.023979499749482908,0.0,0.42639486350559275,0.0,0.0859277333991842,0.2686419604432554,0.3999362584733713,0.0,0.06447117020235753,0.412621862105306,0.0,0.2035299104886571,0.0,0.0,0.12797862612906238,0.0,0.2791089494331702,0.1740008388055092,0.16591067863189235,0.0,0.15730096713856262,0.14564611162129035,0.0662940944778272,0.12100806860782917,0.17594334185467103,0.07334280382480132,0.3428636155455639,0.0,0.3617817688059575,0.22705347150097777,0.10302827147605692,0.0,0.11361739736336195,0.19132732839230848,0.07719081509412745,0.05955090335665269,0.0,0.08989106654666769,0.03612314572366791,0.12473273718611504,0.4650853261811177,0.18604955243939433,0.24893920858950228,0.0,0.16334467678063697,0.0923385847148872,0.0,0.0
0.06816702654160349,0.24750036575007386,0.0,0.0,0.0,0.2865633647148414,0.20352897140128184,0.30545900157409894,0.0,0.30115974973990806,0.0,0.02007111399251023,0.0905392875995476,0.16945575516025854,0.10850922623959684,0.47681756509726825,0.27109536233426923,0.38007810748750714,0.0,0.0,0.2540484233407523,0.24892048092378966,0.31189474033932224,0.21851402247229432,0.0,0.22074418719664246,0.225290379792237,0.0,0.3956264707364914,0.0,0.18668900266979602,0.03146180220835399,0.1925144995190529,0.06284128856622263,0.2187076088185996,0.0,0.0,0.08416829911180063,0.03830395641333134,0.1632819923073533,0.0,0.0035518398636481857,0.0,0.0,0.08861532906012941,0.2600975264343095,0.24753904097910884,0.0,0.0,0.0614552036028948,0.31957818176384833,0.12419610221809858,0.12695467455153225,0.13098399224703947,0.21673287611293499,0.0,0.1366224796598965,0.21630086830697148,0.15045137095695352,0.0,0.2927705664919885,0.11527217415384418,0.23920614486070296,0.0,0.04464104202401493,0.12881209130332774,0.12805859323971225,0.24144783601067282,0.07344093642400686,0.3802340225326711,0.2950563639220556,0.14039123285150218,0.10284850129948078,0.34441049556556,0.0,0.0
0.3273148538033219,0.48717886206605227,0.0,0.10706215253046988,0.0,0.2161015731786709,0.0,0.0,0.0,0.0,0.0,0.22683690819743113,0.20047775399401904,0.16594587118338758,0.0,0.21494957280254962,0.0,0.1283259124889142,0.0,0.0,0.0,0.0,0.0,0.0,0.22074418719664246,0.0,0.0,0.0,0.0,0.01977296813196639,0.0,0.24824168542583705,0.24975662615630567,0.0,0.0,0.12300718541241695,0.0,0.0,0.1717624424564016,0.08837215857809741,0.24223203330359055,0.27047478978317985,0.0,0.0,0.0,0.0,0.0,0.0,0.0,0.0,0.08192346770379899,0.0,0.0,0.0,0.0,0.0,0.0,0.0,0.0,0.0,0.0,0.0,0.0,0.0,0.0,0.0,0.0,0.0,0.0,0.0,0.0,0.0,0.0,0.0,0.0,0.03530087865215268
0.0,0.0,0.36051935078211295,0.04916834813963215,0.259116409399728,0.29377088957425257,0.20859131814549578,0.47617485700706647,0.39893045138921446,0.3456326728787836,0.24440548398272516,0.0,0.0,0.0,0.5328653663258499,0.18815640687571822,0.18602638268740915,0.2817002687863054,0.2117797450614823,0.5469231532260569,0.4237309278114221,0.5360236655902876,0.5360421652894176,0.02263804003691109,0.225290379792237,0.0,0.0,0.0,0.5274410420348339,0.0,0.3724689172337929,0.0,0.0,0.07768689102807688,0.008080492438409264,0.0,0.18859541880629613,0.12949656201458554,0.0,0.06421844469528654,0.0,0.0,0.2215585672584688,0.0,0.12104908183825114,0.2852180147531488,0.5847914979586153,0.47552385026637123,0.3136162767782819,0.46547645441330293,0.30849087664076813,0.48307527301930164,0.3661654597144094,0.607319058576058,0.3529192677675216,0.4132941402274511,0.0595110081333443,0.4016012927904607,0.07059899733382112,0.21055146817453574,0.5066340285662768,0.2803587096626919,0.33162635982312205,0.43410257008402875,0.45904967560067533,0.31501840077617244,0.5467915019282917,0.4861752688499593,0.0,0.5054311989764629,0.28316498844775595,0.4887337126381625,0.19003717603663695,0.34607576103221166,0.1661675263956802,0.0
0.23441488643537314,0.0,0.29966250208244266,0.055197588160576155,0.3583464523659142,0.015865266890467335,0.19868725487594727,0.0,0.32042296209000165,0.27463109171917865,0.41459800571486555,0.28707822984014597,0.462451995811633,0.0,0.12963913000452923,0.0,0.34081315807332196,0.15048055729093832,0.38723692230787576,0.1401212746925869,0.13347622471978188,0.0,0.009688548190210929,0.1649334851876563,0.0,0.0,0.0,0.0,0.03193976609237193,0.5421715118645473,0.26020574647526884,0.0,0.140242810251912,0.25964136375299146,0.08758126710785318,0.30264800318137874,0.3046524066979258,0.2731466556234599,0.0,0.29499834011753784,0.0,0.0,0.3295512257696647,0.3550719399273445,0.09982795823912079,0.019482430267138185,0.06821600607249786,0.21627091737647763,0.23851292900955987,0.21593163077851082,0.07437620207596796,0.24106192813524288,0.25065452227161017,0.1493637362215085,0.17972692847368138,0.33610783336094724,0.28915293770013206,0.3159369047809045,0.0,0.2101447498143387,0.0,0.17039670339219706,0.12050016641240682,0.33611540782793725,0.12588034761746342,0.11211563281353097,0.15010115608698266,0.07337705403574786,0.29996173869213477,0.0,0.14609700028680284,0.0,0.5051201823455133,0.0,0.255961914015907,0.03601586768743425
0.0,0.0,0.26879750509294326,0.11347566520686413,0.13581814884875673,0.46421709356284385,0.33663984519146145,0.4353077138504787,0.3302351690156481,0.33266614695232005,0.14049052132539588,0.0,0.20270571980389035,0.0,0.3591715057907754,0.3732908934003096,0.2288936882742007,0.4495352684530894,0.1714927021146333,0.36942784926752303,0.3794532008706101,0.43418067310724995,0.5294538234896778,0.023979499749482908,0.3956264707364914,0.0,0.5274410420348339,0.03193976609237193,0.0,0.054912351276287574,0.2644855606701908,0.0,0.11611932128316607,0.06386024371913714,0.047566525550766174,0.0392870459310859,0.10254366215332716,0.043676793958728206,0.0,0.17732853469186918,0.0,0.0,0.19052595994527943,0.051642534738480406,0.04790472920753967,0.32661894389952356,0.4502143529718043,0.3725986813804281,0.19452504113462313,0.29069886895477187,0.4497085129887602,0.40309787187533336,0.385870087422514,0.48614502726099607,0.2879194844077762,0.2764604150958508,0.06848313691046988,0.41095748948380284,0.05860341746995656,0.055556964588857276,0.5036396977844556,0.24454761495593452,0.42160227580496246,0.3186886488506805,0.37119013041090304,0.21555950374769034,0.4052194341112083,0.49585303922202945,0.04182990541879632,0.4927663830867807,0.28319579877246304,0.39769012685926886,0.24433319360549866,0.43918818085344796,0.1587653066386021,0.10655008011154506
0.22129211981962457,0.0,0.33303939394364895,0.08731845394261217,0.30371798759278507,0.0883039626222928,0.1997155579653514,0.0,0.3741743307357092,0.11588499406487206,0.41944512942199474,0.2527871751093537,0.42758866950158725,0.0,0.09579452589140658,0.0,0.09742339391799425,0.17194344508988268,0.4383942045214543,0.1748917637141409,0.06513335825112741,0.0,0.0,0.0,0.0,0.01977296813196639,0.0,0.5421715118645473,0.054912351276287574,0.0,0.06743169660338855,0.10631856664774465,0.19390445052802543,0.15927278242984372,0.0,0.35264860611144294,0.2819243329398493,0.047104205700324885,0.0,0.2768768192101019,0.05052779209762743,0.0,0.2865868577116084,0.3076098417890642,0.0,0.0,0.0,0.2704736919258438,0.17839138223184253,0.16345549118196445,0.1336780129275834,0.18297953499313913,0.24394281329491274,0.14403918358033654,0.07620142628528323,0.32762882073694366,0.2087186028906568,0.2037969397980168,0.0,0.23569102832651317,0.0,0.11960840300827456,0.14918284271632806,0.3363731268927171,0.17317529840504414,0.0,0.12909446475867048,0.051940601334357656,0.18857365858623656,0.0,0.07603087530015393,0.0,0.4117845385835328,0.0,0.30998183558562703,0.10375601483547331
0.0,0.0,0.19649405991810365,0.0,0.11397117836414722,0.0,0.09989137016463988,0.32414789200621397,0.16573524038094814,0.48150913183380034,0.08637316939920586,0.029655344675430833,0.0,0.0,0.31832837616694054,0.05581820074244531,0.5193408309788983,0.18186493779405236,0.1647889811902611,0.2768353472123484,0.30357147782031707,0.26197162138741775,0.36673793141194067,0.42639486350559275,0.18668900266979602,0.0,0.3724689172337929,0.26020574647526884,0.2644855606701908,0.06743169660338855,0.0,0.0,0.01956417695735569,0.27535234382056073,0.31252792502957377,0.0,0.19665111941814917,0.43214201369716204,0.0,0.18113122516923758,0.0,0.0,0.2131730952968511,0.019080355768464514,0.31354536966741625,0.28280533193096125,0.49079076167823926,0.28130830500715953,0.3466438244456912,0.38521685277163487,0.1056922492904271,0.36842407851073855,0.30753156688885797,0.4048098843516544,0.42320097511833277,0.2912312681006706,0.25680337165183553,0.4274141109061444,0.16011571152562096,0.09622736983721483,0.3646514081667446,0.23212548213352738,0.1636489408208357,0.3331852730666898,0.1811643865632938,0.29160257895318903,0.3341676659344027,0.3572997888585553,0.326085772102069,0.4172717765505237,0.3245962922340976,0.16169753217925117,0.3349754884087843,0.26242547779065994,0.07416540063922074,0.0
0.2705183695197158,0.24476473114749983,0.0,0.04399640066818424,0.11585426913940153,0.045689118535894004,0.110375007217072,0.0,0.0,0.0,0.12469123615437272,0.019167979497381835,0.14180037250718747,0.0,0.0,0.0,0.0,0.0,0.03493951390017256,0.0,0.03397447147035031,0.0,0.0,0.0,0.03146180220835399,0.24824168542583705,0.0,0.0,0.0,0.10631856664774465,0.0,0.0,0.17848147485198299,0.04448486344088725,0.0,0.14111282602489214,0.0,0.0,0.3977847913925772,0.12157054790075764,0.3373071778037133,0.13961905288394819,0.0961097423773265,0.1839962620453518,0.0,0.0,0.0,0.0,0.0,0.0,0.10213878229209071,0.0,0.0,0.0,0.0,0.03408326747951143,0.0,0.0,0.0,0.06906848902998576,0.0,0.0,0.0,0.0,0.0,0.04699455448068782,0.0,0.0,0.0,0.0,0.0,0.03832076643115895,0.09684349316364928,0.05832042952026571,0.21685941908739373,0.17092297762033198
0.1935934936706455,0.11219275391059881,0.012689738185330915,0.0,0.04649967954535575,0.1975612206013386,0.1486390905204028,0.09549188895237941,0.06399799346391195,0.11358122875595694,0.09491509223999574,0.19782024810312404,0.2251905404828676,0.0,0.0,0.1654073759279325,0.11028194935085432,0.24382136943409452,0.11951759366454931,0.0,0.10564640444533133,0.02661697818139812,0.07778516680558814,0.0859277333991842,0.1925144995190529,0.24975662615630567,0.0,0.140242810251912,0.11611932128316607,0.19390445052802543,0.01956417695735569,0.17848147485198299,0.0,0.18096122843074136,0.028331076329425196,0.0909503763534622,0.007734772378263056,0.046334092081251575,0.11958653269684377,0.3750751210758612,0.13000109948796637,0.0405399577730249,0.13796205804136696,0.12433617390484215,0.0,0.0810105651898458,0.01825800102942532,0.0,0.0022150969215218135,0.03563315154003736,0.09185109047220641,0.09122573781084625,0.119002043336879,0.019069285209110956,0.061573188828251066,0.08482628363733903,0.0833726533221937,0.09929752897919764,0.004376983115181524,0.0,0.0159456574198352,0.08599197476351547,0.09951256058534208,0.0530010712735033,0.04621998846623601,0.0,0.03886369852379886,0.017990088025468726,0.08509970212024885,0.01954616795367728,0.16030547935770117,0.0,0.20955187309084572,0.03134952487013704,0.1053890225655408,0.061395593348674476
0.014307587231038307,0.0,0.022049983433830793,0.0,0.16951452788363913,0.0,0.227866670635765,0.09334581809233425,0.09185821254531641,0.381011033708831,0.1171027117547521,0.24253890881540913,0.21047206202900887,0.0,0.07276538570329198,0.0,0.36981099368654735,0.13405175962864643,0.02233216924947068,0.0,0.13203491892286337,0.0,0.08151695313358108,0.2686419604432554,0.06284128856622263,0.0,0.07768689102807688,0.25964136375299146,0.06386024371913714,0.15927278242984372,0.27535234382056073,0.04448486344088725,0.18096122843074136,0.0,0.183093436154978,0.0,0.11081775965749675,0.49814166457322573,0.0,0.2371697544009456,0.0,0.0,0.20941015773656338,0.0476924157219947,0.11284022278743122,0.1313942107512214,0.179623673698582,0.07001298375998188,0.2521160061293868,0.23522174800171206,0.0,0.236033600150256,0.24207321163291665,0.15916776695486842,0.20587008907889073,0.23345808647279073,0.1877375557556674,0.2743748982383813,0.13543718568200042,0.0,0.048184560176157215,0.309843404401559,0.06456614275332719,0.2047984374458857,0.0,0.07133380568020475,0.07287543184570734,0.07609256796999332,0.20012206057189094,0.07590799416725676,0.09668057482299937,0.0,0.2656937573885337,0.0,0.0,0.0
0.0,0.0,0.0,0.0,0.0,0.0,0.03468421303455535,0.13893385229400343,0.0,0.21780326939654737,0.0,0.08944189036237396,0.0,0.0771106372556379,0.0,0.06641870068261108,0.37748264918415514,0.11232441731228929,0.0,0.0,0.06282181041503614,0.0,0.08194730542982713,0.3999362584733713,0.2187076088185996,0.0,0.008080492438409264,0.08758126710785318,0.047566525550766174,0.0,0.31252792502957377,0.0,0.028331076329425196,0.183093436154978,0.0,0.0,0.0,0.35100824413035653,0.0,0.05786914090995687,0.0,0.0,0.00626418409019568,0.0,0.18356579951755989,0.09127535668248381,0.1271062017738698,0.0,0.12237873529593248,0.05925181783887387,0.0,0.08428963768962525,0.0,0.0,0.1345081291496281,0.0,0.11220563514958472,0.09571493392603156,0.07455204412404215,0.0,0.11055432420183524,0.013111786650624905,0.0,0.0,0.0,0.02144775521558654,0.0,0.03924019436386047,0.3043470044367536,0.11104631786112948,0.04065445807354145,0.0,0.09418760522764934,0.06473273077770977,0.0,0.0
