0.0,0.15589025785558402,0.0,0.0,0.0,0.22768295924148838,0.10508191976586108,0.10045274969428106,0.0,0.49615233442024653,0.0,0.1856835770586735,0.10993317348744269,0.0,0.25343908243802804,0.3325508315840359,0.2821750709582556,0.18473938536609183,0.0,0.08682019896557469,0.619060770986961,0.19376775943017574,0.07107828013486718,0.4200134568949547,0.33106295458565244,0.3617480186283277,0.0,0.03669555496796337,0.384216955432758,0.34340100893600134,0.6015309939177329,0.3686647343244594,0.30199927262293735,0.40627473533751146,0.29161517408925197,0.0,0.11847359650835666,0.24661781817060538,0.3326112983204056,0.3239728743104782,0.2910062044201069,0.1469187964234796,0.03443007055114443,0.07728175200907866,0.08680655515295803,0.7439531282128162,0.0,0.0,0.0,0.05538787161731255,0.2697551586633904,0.184226372778102,0.017182767773759926,0.0,0.27165835720813264,0.0,0.048568778612658126,0.1635786831783367,0.0,0.2173594779612261,0.4568944667407221,0.2049546609123067,0.22023850164026132,0.0,0.0,0.5461501761071518,0.10576385318595712,0.09878290619043478,0.3196509348926179,0.31082072156595275,0.39073316908571315,0.0,0.07213386395760257,0.43653665142577097,0.3910429561467508,0.3791209245015856
0.15589025785558402,0.0,0.45597487353138777,0.15354237411535257,0.6907150128554134,0.8110295885206769,0.7916562033767984,0.5949371696361845,0.6304319151295045,0.7102468062293342,0.5026826894652928,0.3200435434239762,0.7775793266798436,0.6323832438719352,0.6066016364095588,0.7696470080922625,0.7044336065378047,0.5665010378197173,0.37722996033670336,0.6310159613583728,0.5281733668960401,0.686783160975193,0.6866829891384435,0.0,0.7912927900373883,0.6820960142317383,0.7647454547449161,0.6723133191039619,0.7852685526274911,0.529725525587027,0.648126888851712,0.0,0.06149209217450016,0.5443558822774063,0.3622765003981309,0.47653963237568703,0.2676076279166138,0.0,0.0,0.0669479841541961,0.0,0.0,0.3641328028872559,0.14047198997379412,0.0,0.24948070619434884,0.8233556773743058,0.5247185334574417,0.24541215475814881,0.6676781755210422,0.5920068713189126,0.7228451561828759,0.47546132083981535,0.563709961923586,0.7656849472571318,0.47820646620588647,0.14443911022991462,0.6818373868537829,0.5439939715057514,0.4858808835990256,0.43986371074817826,0.6776789710271294,0.5956980251720573,0.4673529871914772,0.5054183184172402,0.40657602014261895,0.5920240149350091,0.6045001216938508,0.0,0.608576396564519,0.6454422671193949,0.583486705959681,0.5470621078211312,0.3219967384719931,0.3848617681472494,0.04193638180020685
0.0,0.45597487353138777,0.0,0.09450532975242591,0.8649089931755045,0.6630816591164733,0.5038902824938104,0.5409272405371931,0.8669629797081193,0.26753132612504327,0.9166272063054266,0.393592818969162,0.7070793096493759,0.533013968038107,0.4191731752045792,0.43266693413221186,0.2992154241955934,0.26065731422587546,0.8769934996088764,0.757155242839008,0.10350911421469886,0.6041293453512415,0.6031796693834359,0.0,0.4350508719901119,0.515167093028981,0.7705632186815928,0.7381778638745305,0.5096605305410854,0.4593952142068996,0.1651401577498411,0.0,0.0,0.0,0.06060985168339411,0.5395726621115859,0.23061681756234576,0.0,0.0,0.0,0.0,0.0,0.4988088822554467,0.34841184945193865,0.0,0.0012560875807000214,0.38576787971101845,0.9354068954577648,0.32224296035660677,0.7894469029640936,0.328303524027157,0.6524289996343079,0.39258121251182143,0.8776790620472026,0.44890682339443355,0.9026664672995343,0.2801150952564245,0.5547573611565428,0.6925862583884952,0.39478214425150376,0.13717444127213616,0.21392739674326328,0.35956223091249045,0.8689568580377114,0.7558702678886426,0.0031496789824423856,0.6141076914132584,0.40390245895903376,0.0,0.27290383528433976,0.40961830457784465,0.7391690509708225,0.6890630720551556,0.41558610126430917,0.3807108466359637,0.17839838372324174
0.0,0.15354237411535257,0.09450532975242591,0.0,0.22533330689786454,0.22455713331801627,0.42193192423711506,0.2799626617610173,0.15043165186886084,0.2748436286434251,0.21655328120792228,0.2876807568543979,0.3022636256880283,0.4903605347337108,0.04729441792697362,0.0,0.301705150068826,0.0,0.05811595648567659,0.15322505950413007,0.1399946597289899,0.178251440415577,0.10684779139981065,0.2011475506215989,0.0,0.3063760369276032,0.10405990818178391,0.2319713144218472,0.08313091316835311,0.11017043761972553,0.28348243794669586,0.05822208472111538,0.0,0.1767196183690332,0.005741469325481291,0.30083226016125275,0.3460665915397888,0.08923852328041507,0.06969958471778855,0.017405452574899352,0.0,0.0,0.21021385100373474,0.2805198255186317,0.28395239606617984,0.15665764056543896,0.06891085671319848,0.04860079126890534,0.28260901770093805,0.19795021104246668,0.029201522217151287,0.2102192755285982,0.33687781053864274,0.13680527412270813,0.16105203916148397,0.17585761537730285,0.3283514685346076,0.22998966785845293,0.2948495007689342,0.0,0.022416641607869336,0.030428395404323252,0.08893606703150482,0.018824402677265595,0.13474795378743037,0.06885393258328938,0.17016438242347434,0.05074932574329958,0.19824493618277197,0.0,0.27991514290299213,0.13700041193874893,0.2590440772475152,0.20040642046675275,0.00158096857803878,0.14274760830470523
0.0,0.6907150128554134,0.8649089931755045,0.22533330689786454,0.0,0.8391342322139577,0.7441468271193901,0.5851579746219306,0.9540218502980157,0.43936696923296087,0.8775791175961052,0.4533144407281156,0.8807332925826868,0.6865790831780989,0.49088139628201366,0.5875918501191961,0.4686279947559473,0.3463350070400227,0.7805465272650828,0.8237329164923067,0.26149920453471204,0.7347941909703362,0.6410241349840756,0.0,0.5762275166101154,0.7162010216023891,0.8734181036885227,0.8413137976131131,0.6909674469420929,0.5731022147526008,0.3448017819661536,0.0,0.0,0.17340992663573573,0.1912025196557564,0.6005457430144467,0.3164368739695314,0.0,0.0,0.0,0.0,0.0,0.5932323265980824,0.34984152008342795,0.0,0.15015549314942042,0.5438442778179615,0.867342504407522,0.41658128703273517,0.9179657016676146,0.544808687460794,0.8113336988233312,0.47398367083845705,0.9294475899648649,0.591167125634037,0.8876067908422671,0.3257566750654026,0.720630010060231,0.8280089530187245,0.4362582910326283,0.28367888256635204,0.34939457383871025,0.5276032220963075,0.80257355901572,0.768551847612997,0.15179945408456488,0.718733242665194,0.48231712913545033,0.0,0.46537645296661334,0.6260625299674811,0.847830183680624,0.7611350708512498,0.540153649587503,0.46071198309340156,0.22134733044546523
0.22768295924148838,0.8110295885206769,0.6630816591164733,0.22455713331801627,0.8391342322139577,0.0,0.7431819506834058,0.7135667433575644,0.758299880989513,0.6145795739543846,0.6225824219373687,0.542043176736662,0.9021052954557663,0.5984910621401454,0.617748233008193,0.5907332954849772,0.5521359084378061,0.38006100151098204,0.5584902916408079,0.7823166486721417,0.5543504739654346,0.699909936555909,0.854368992598548,0.013780678324679255,0.6086294508049986,0.7959219173274298,0.8148859043066536,0.8142823933197925,0.7858550763417833,0.507518886124272,0.5957415527369744,0.0,0.0,0.4171903405903314,0.3135886745737653,0.5974930001263351,0.4939569552415553,0.0,0.0,0.0,0.0,0.0,0.46177857121838306,0.3437019181531419,0.0,0.32939061848774825,0.7096568383373429,0.7330902481270821,0.2697835997182208,0.7945182543873062,0.6864365939459888,0.7877439048169798,0.6019965634089439,0.7450881430360292,0.705482244968426,0.6391394499123774,0.387488335380426,0.8271751708915107,0.6415956401575014,0.5317313023431053,0.29794557464270566,0.5189606641909056,0.5632976130936869,0.6071413139714295,0.7051301940552442,0.46934200506072254,0.6828816143491909,0.675962307260102,0.0,0.3925349082770162,0.6825457756070504,0.7158855585280994,0.7061234053962919,0.5336972154417835,0.5277637249390498,0.1444812574853015
0.10508191976586108,0.7916562033767984,0.5038902824938104,0.42193192423711506,0.7441468271193901,0.7431819506834058,0.0,0.6088031041787862,0.6553090640985496,0.6838537826847909,0.58004873600773,0.2815647116983444,0.8233979077515045,0.6992272909595266,0.33550481709341123,0.5232795092310512,0.587093513450093,0.24157526283001005,0.39301070703764124,0.5209711382139975,0.41776634263144813,0.5093062371101573,0.5631159651556031,0.0,0.5431525839988814,0.681901120440264,0.6655135622154076,0.7259951784982763,0.637351120532762,0.46657676655056357,0.49668555566542266,0.0,0.0,0.4004765868257351,0.3728037385643642,0.4713939790690715,0.3499955301060726,0.0,0.0,0.0,0.0,0.0,0.36969609445267504,0.2919497452536862,0.0289131554745011,0.22417115905010926,0.5850324472345012,0.44014768187138414,0.4501683500407063,0.7105258660668056,0.4428339854245951,0.7620896294872933,0.49940371919655074,0.5656187716240616,0.666962966895335,0.5774544617059489,0.1414298997899892,0.6029975530996764,0.7034958647696999,0.19348681004545837,0.23893041874507792,0.41465655320329864,0.419260251970132,0.3951795314608046,0.3771619898137294,0.26642969381608606,0.41441805675410126,0.45323842840252115,0.0,0.486020243863919,0.5893967946075662,0.5556961437696386,0.5686358194894962,0.34625917317618854,0.30026805805936785,0.014227579464686259
0.10045274969428106,0.5949371696361845,0.5409272405371931,0.2799626617610173,0.5851579746219306,0.7135667433575644,0.6088031041787862,0.0,0.5526667676760254,0.5299336402601512,0.5652051918538533,0.5413943803871081,0.6736499779412558,0.6899019669293708,0.5064726866555777,0.32578557181379997,0.47976028311919583,0.0,0.40935509358209093,0.5226297619858744,0.5989530375480981,0.48231329227004094,0.8389148918992821,0.16588011068997469,0.282326059052723,0.6951594383310304,0.5776407363693669,0.6772650721992601,0.38087790301211,0.41555150379423245,0.4997634494342362,0.0,0.0549562644338011,0.42160505743081284,0.21627592343843546,0.5940882037159011,0.4261643888240864,0.06374450039909621,0.0,0.04754394914935995,0.0,0.0,0.2992721514354203,0.2441625996411554,0.06983630342460675,0.29273512866443907,0.5123435186830525,0.5375705843902575,0.349181746555468,0.5747311303504695,0.2511270365940542,0.5196520974161094,0.7818860032221655,0.5120340482555558,0.5551590605748346,0.48274658022900013,0.4182938326688635,0.5562273898948382,0.5376668085951776,0.4091515447566968,0.04264312934907239,0.3349030496315191,0.20087323229026444,0.3937305455407348,0.48375324707418177,0.48674741665248855,0.45424776965602925,0.6371828556798882,0.0,0.06872452621541957,0.4953542298403558,0.3969838441504048,0.4617545536314287,0.14534181537782184,0.27554164936071274,0.008850535140796123
0.0,0.6304319151295045,0.8669629797081193,0.15043165186886084,0.9540218502980157,0.758299880989513,0.6553090640985496,0.5526667676760254,0.0,0.4572510087607695,0.8571509372403755,0.4180124297493412,0.810025287871026,0.6075141195649763,0.4696515018070708,0.5046433512357591,0.40928682424315005,0.2773073843338984,0.7924871509807543,0.7982337236285661,0.23652135169469274,0.7005292092405975,0.6070595601989391,0.0,0.5437421939438903,0.6534011797100863,0.8591484047467646,0.7691699843968783,0.6351970014357401,0.5379634848810189,0.25899277734131454,0.0,0.0,0.14747527114082534,0.19922290200137957,0.5338104180024086,0.3138091442390691,0.0,0.0,0.0,0.0,0.0,0.5092640388491833,0.29139546698331104,0.0,0.1346226008222297,0.49436441497522476,0.8577040819471401,0.33484307118849144,0.8841644126546405,0.4762044817349438,0.7429205607900705,0.44015308317393315,0.9732751334129718,0.5752266402624671,0.8919872072123274,0.2707744395390819,0.6184390017832815,0.7568965502828002,0.4085295716354753,0.1610613240144561,0.2753948384776909,0.421410716339584,0.8343307181268198,0.7644840657836764,0.11631719184503858,0.6770533337112951,0.4727934124788798,0.0,0.4184903663750501,0.5846357707613807,0.8490588520664395,0.7066520246095367,0.5293065496579037,0.4099104885827978,0.1501455131020915
0.49615233442024653,0.7102468062293342,0.26753132612504327,0.2748436286434251,0.43936696923296087,0.6145795739543846,0.6838537826847909,0.5299336402601512,0.4572510087607695,0.0,0.32833626613708405,0.3026766648488997,0.5963408451322912,0.5397093014517187,0.5185216575638217,0.5096509490846007,0.681021359715164,0.25403280415739066,0.2615524748365461,0.3988993287824158,0.7236693998054546,0.514384830215888,0.5140842770788554,0.07415463563334514,0.6126926096138546,0.6320640525419354,0.4429552836987693,0.5288478456635907,0.6495457745801693,0.524332456018635,0.6986590881625483,0.02648182749109778,0.1829857654416756,0.5840845207940114,0.3881720450467548,0.3280072886273806,0.36749223811253623,0.14833092452740831,0.11235887927898862,0.17321673139164354,0.0,0.0,0.17569314972212907,0.13270635191165323,0.14106880032719551,0.5685252252507583,0.5777816726521972,0.21887951876381503,0.28644230433447376,0.5133432446473803,0.4354637956200067,0.6152974904993946,0.43689752266502707,0.31931297920679286,0.7981100646115321,0.29524314453897665,0.08624100127103651,0.49569002717984256,0.360571865239283,0.3655420667895472,0.3587832222741243,0.5482413756695558,0.40440321053505424,0.2176871892819185,0.25973121213644956,0.5666995008811426,0.3825876768715371,0.506834421736188,0.0,0.5638388530134774,0.6209314567510787,0.34116472265060704,0.4045198945123811,0.3326145627984576,0.24565323414587015,0.10698492471203666
0.0,0.5026826894652928,0.9166272063054266,0.21655328120792228,0.8775791175961052,0.6225824219373687,0.58004873600773,0.5652051918538533,0.8571509372403755,0.32833626613708405,0.0,0.42045095370788044,0.7169973464275791,0.6637392555243385,0.34838507823250725,0.3872636129145927,0.3476672455900193,0.21724722149299464,0.8487260714403599,0.7093317558809544,0.10493894365674507,0.5888942666368118,0.5629011474970618,0.0,0.4507809433416281,0.5660554053209282,0.74308255258802,0.729865030156419,0.48786468717443104,0.48862321307407297,0.13726951929210063,0.0,0.0,0.013392541972623982,0.06762925696918916,0.5416483473110487,0.2208381188892164,0.0,0.0,0.0,0.0,0.0,0.5247214118011725,0.3001708094456852,0.0,0.0,0.4065522426608898,0.8678653591693739,0.426064267728247,0.8226122870005271,0.33286093259044125,0.6463931950577041,0.4271323586284088,0.8635661039939636,0.4660064058707793,0.9381804717141475,0.30281650166524193,0.5576672493469369,0.7364812821715155,0.32796168335824555,0.12417670781318445,0.22695953733464352,0.35786655047519544,0.8308434615896579,0.6987011476440165,0.0,0.6047479453900969,0.38814881001763923,0.0,0.32639392403707124,0.48063012496577584,0.7364002955053286,0.6842418301550091,0.40241738713531117,0.33053402540269367,0.1715784465718573
0.1856835770586735,0.3200435434239762,0.393592818969162,0.2876807568543979,0.4533144407281156,0.542043176736662,0.2815647116983444,0.5413943803871081,0.4180124297493412,0.3026766648488997,0.42045095370788044,0.0,0.5641063585591514,0.4002557327590968,0.3223753665721952,0.25749906382575943,0.385654121789658,0.3009971725541817,0.3988959304275358,0.5492373779310261,0.2514244636444085,0.5498674045352371,0.3717403462522181,0.6305774802265302,0.2777772487309354,0.7636103504243484,0.24695713826482374,0.5133726820629232,0.37291922467890803,0.5037979446139089,0.42771467940648783,0.0,0.0,0.0,0.044193795459478144,0.48973954402203834,0.37885393513663645,0.24381232463062683,0.0,0.0,0.0,0.0,0.5633381655790679,0.432975215752,0.2966959926219648,0.3546682549884994,0.07429753990847367,0.4129496995343683,0.2178150823877284,0.40593101813982463,0.2911699167668136,0.32603759719166814,0.41177720487484304,0.4511597863258277,0.29994258591749406,0.39762243632018324,0.8446111827193541,0.5450364108479695,0.4208047337310943,0.3567710985573978,0.1756878496616531,0.26757585325842814,0.3694567688095408,0.4045186894457466,0.5700126343403299,0.12280684778022828,0.5568822679794481,0.07864624667088108,0.4230782464608736,0.0571123588333769,0.6239221904469651,0.3104098075808791,0.603899218263634,0.5261910276583757,0.5526200051114546,0.5283000995768755
0.10993317348744269,0.7775793266798436,0.7070793096493759,0.3022636256880283,0.8807332925826868,0.9021052954557663,0.8233979077515045,0.6736499779412558,0.810025287871026,0.5963408451322912,0.7169973464275791,0.5641063585591514,0.0,0.7350816105006605,0.507395340812694,0.6226967043076352,0.6115573103057824,0.4003610568847033,0.651284333165551,0.7860756182183121,0.443761971936875,0.7390688902895894,0.7195736624468435,0.060221026729402216,0.5588925450065333,0.8192128207529723,0.780049536646563,0.9348605424962889,0.7674828226376181,0.5662286968066981,0.5674240536343428,0.0,0.0,0.3563172729481168,0.29445192995495345,0.6520973425196056,0.5431894084671696,0.0,0.0,0.0,0.0,0.0,0.5842711479600463,0.40436540315576697,0.03075829156694824,0.2513524026792129,0.6180108109178969,0.7128432085737019,0.4930519472199211,0.8582724465617958,0.575804531039296,0.8679012647808875,0.5329798999482191,0.7798120124780635,0.6675323832905029,0.744849256909931,0.41691680630079087,0.8815052462363083,0.7378194319163014,0.4496159398422199,0.3116342493364029,0.4845550912093851,0.5451292355189686,0.655962410601861,0.680536437474656,0.34694085958213944,0.6915450260832828,0.4919867507344494,0.0,0.37750342924606356,0.6901602374562181,0.6761541946015914,0.8526173799034548,0.5280172602401104,0.4957392849345527,0.2455986033443228
0.0,0.6323832438719352,0.533013968038107,0.4903605347337108,0.6865790831780989,0.5984910621401454,0.6992272909595266,0.6899019669293708,0.6075141195649763,0.5397093014517187,0.6637392555243385,0.4002557327590968,0.7350816105006605,0.0,0.4175528502880345,0.41453300868874554,0.596431169068874,0.11595946400830758,0.4779438693464652,0.5498394413654225,0.38540105827362675,0.5342804621997812,0.5864366641065762,0.04685982574085507,0.2867102372456091,0.5658631472887516,0.555787698031996,0.7855679247150172,0.40863569671328975,0.4187257077908113,0.5042612809952374,0.0,0.0,0.3422211899045846,0.19042278989436132,0.671573518612213,0.48206400595791604,0.0,0.0,0.0,0.0,0.0,0.48195388790294813,0.4063103879413499,0.08486747893007028,0.18620387383577164,0.5424865224934668,0.5343020680190019,0.5896691456614918,0.7725726231356091,0.35869077798641885,0.7277006027165286,0.6416539095403114,0.6043266221000325,0.6123992080732298,0.6278943366924722,0.31045290568318645,0.6949630996044986,0.7846052001415516,0.3861085672954838,0.1746460242048284,0.4855411816729509,0.3841576436127885,0.4667824449709649,0.4548420581762331,0.28902722482038445,0.49846352732663296,0.46062499045281774,0.0,0.23648562257374456,0.4892441437608925,0.4675505750603172,0.6255548599437686,0.25157759519002415,0.2646182761446942,0.10806677867957494
0.25343908243802804,0.6066016364095588,0.4191731752045792,0.04729441792697362,0.49088139628201366,0.617748233008193,0.33550481709341123,0.5064726866555777,0.4696515018070708,0.5185216575638217,0.34838507823250725,0.3223753665721952,0.507395340812694,0.4175528502880345,0.0,0.6548546794693924,0.5367515600756619,0.36100862622226193,0.421089313590292,0.6979347048057014,0.6781776385441338,0.7247584302659854,0.6388885887513787,0.0,0.47531300856870634,0.49956773205873156,0.5062275150391476,0.5195307085310704,0.6413405083594798,0.4549607551816943,0.6180351531997514,0.0,0.14014152542917974,0.4766880787802939,0.1920871778775849,0.3770450412764197,0.33718251219863526,0.0,0.0,0.18328801364279085,0.0,0.0,0.27441660070553525,0.1415717234100716,0.0,0.4385278716373764,0.7070726526907297,0.5634446762552331,0.02647681078272552,0.48310809906242047,0.4602682341958624,0.472069220828644,0.4256593417034419,0.5117456767032308,0.6085574917877982,0.406177617407047,0.22009982865438035,0.5282670024102368,0.343172397916084,0.9287212710267904,0.5271143539268325,0.491066738571544,0.546351639501246,0.5096084053492497,0.6638771144969832,0.6587976260370975,0.7516213047674052,0.6562548950783662,0.0,0.3633670416347658,0.46391315074278655,0.4491838918364561,0.3613333580926135,0.37976236472650376,0.40748434736049033,0.22774181836770352
0.3325508315840359,0.7696470080922625,0.43266693413221186,0.0,0.5875918501191961,0.5907332954849772,0.5232795092310512,0.32578557181379997,0.5046433512357591,0.5096509490846007,0.3872636129145927,0.25749906382575943,0.6226967043076352,0.41453300868874554,0.6548546794693924,0.0,0.7123915326588242,0.7486732250350151,0.4437606937642344,0.7118267568989137,0.424905865318861,0.7830594150579482,0.457309741811949,0.0,0.7530812431033626,0.5299726862117228,0.6302463782187154,0.6420643540277484,0.8264897799311792,0.5004686859742027,0.6832241690290286,0.0,0.08991716105684132,0.4404734736729357,0.19738202117627338,0.4382160198940622,0.2496072636933996,0.0,0.0,0.11241219571021926,0.0,0.0,0.5002880584979602,0.18482327830830594,0.0,0.3803341928695923,0.7099921484915058,0.5265900531799054,0.2169507474428268,0.6038850678706276,0.5929725724978671,0.6683448584819968,0.18244782906621393,0.5303018900601959,0.6371280932066752,0.43852937653843915,0.09454521542621054,0.642180250261758,0.5804910164763143,0.6484141595403214,0.7366241918041351,0.6092004345563152,0.7364237097458183,0.5157916044435047,0.6311440609803933,0.4093321223376843,0.7218746857106207,0.45106972819438795,0.0,0.6109112285543689,0.5170654669531858,0.5401125309090193,0.5791160294656054,0.5022766251384969,0.506220434689793,0.29272239867103683
0.2821750709582556,0.7044336065378047,0.2992154241955934,0.301705150068826,0.4686279947559473,0.5521359084378061,0.587093513450093,0.47976028311919583,0.40928682424315005,0.681021359715164,0.3476672455900193,0.385654121789658,0.6115573103057824,0.596431169068874,0.5367515600756619,0.7123915326588242,0.0,0.5272230035471669,0.30540356835622456,0.5408332859588177,0.5266425120437891,0.5713728270943402,0.46357971786997115,0.0,0.6103538609138496,0.5680089618737499,0.5336085069569558,0.6210585418519379,0.6822165130573004,0.3923135303310475,0.7179703688999521,0.0,0.14366602404884768,0.5572002261902216,0.2155975113393867,0.42260851023350365,0.43261045897597433,0.04426230146362195,0.0,0.19913595174807297,0.0,0.0,0.31541511199416383,0.22729862155950065,0.07442045886294811,0.4636498444693855,0.603313943354326,0.3386151862135349,0.30017622130093735,0.47196992037477326,0.32794121469249765,0.5570041212132606,0.2790203789094134,0.37295492150803816,0.695014814006135,0.35471715331586307,0.1780441936456484,0.49411879188897345,0.4372565525673793,0.4607258761032399,0.44203205599632267,0.6218519215135988,0.5513736380293477,0.3165822071361945,0.4194175096538109,0.43740901086477957,0.5113025636493004,0.4042141871210657,0.0,0.3929116470689781,0.4581141559000459,0.4360220286246234,0.49467910141715116,0.3549511093825025,0.29381454264761014,0.09914542203321568
0.18473938536609183,0.5665010378197173,0.26065731422587546,0.0,0.3463350070400227,0.38006100151098204,0.24157526283001005,0.0,0.2773073843338984,0.25403280415739066,0.21724722149299464,0.3009971725541817,0.4003610568847033,0.11595946400830758,0.36100862622226193,0.7486732250350151,0.5272230035471669,0.0,0.2851572804589755,0.4764218040517416,0.052668567463736445,0.5635636473580173,0.08871297745730745,0.03713181594354954,0.7818617741885171,0.4048707050752829,0.3313860339784906,0.3851069213341394,0.6546393001773768,0.43560374856261785,0.35007617123605195,0.0,0.0,0.07436448208317084,0.09462479050328579,0.15440479950204886,0.0,0.0,0.0,0.0,0.0,0.0,0.4210022890008268,0.1415346105107316,0.0,0.13321423741810082,0.360324212405554,0.3442614987307757,0.03866678945576846,0.3399129485476665,0.5196866179703886,0.42561816779413286,0.0,0.31624028217756434,0.42325105551711567,0.2761226846694559,0.15939813724300778,0.44422817647396423,0.35517663903732555,0.3988934229433707,0.5766847907735153,0.6132690437678255,0.7495082648637851,0.4115268074592493,0.47205127427909316,0.017269225715353016,0.5245132596556865,0.0,0.0,0.59590194991673,0.4241500129020567,0.3373189512463469,0.47030806393313995,0.45247683355908147,0.5529551457153462,0.35876154479587374
0.0,0.37722996033670336,0.8769934996088764,0.05811595648567659,0.7805465272650828,0.5584902916408079,0.39301070703764124,0.40935509358209093,0.7924871509807543,0.2615524748365461,0.8487260714403599,0.3988959304275358,0.651284333165551,0.4779438693464652,0.421089313590292,0.4437606937642344,0.30540356835622456,0.2851572804589755,0.0,0.7719448014724447,0.07073215935451013,0.696201721565934,0.4787358707832116,0.0,0.3826678239361244,0.4957760823716858,0.6568842360476767,0.6484549171416532,0.5213787821106999,0.5397337562886525,0.21328562351567182,0.0,0.0,0.0,0.12477351499961563,0.4840511492450376,0.21763318558407618,0.0,0.0,0.0,0.0,0.0,0.47117139617716364,0.3061735751841719,0.0,0.023807539668546065,0.31235712920583475,0.8330108320817179,0.30428671253431483,0.7351144165253276,0.35018767057730005,0.5701422701699944,0.28916738470995745,0.8108654397845494,0.39140710993982414,0.8683251756520454,0.31783004592035047,0.5186829957180945,0.619109676186889,0.4509283858653892,0.1687349221791756,0.18526110867861545,0.37290407163257727,0.903259877525427,0.7618316532017391,0.0049133215543580525,0.6890474955174012,0.2949785384131172,0.0,0.23879982167602842,0.42055531188448514,0.6622368258174965,0.6551332221207874,0.51880944585211,0.4192131612540586,0.22580644382345283
0.08682019896557469,0.6310159613583728,0.757155242839008,0.15322505950413007,0.8237329164923067,0.7823166486721417,0.5209711382139975,0.5226297619858744,0.7982337236285661,0.3988993287824158,0.7093317558809544,0.5492373779310261,0.7860756182183121,0.5498394413654225,0.6979347048057014,0.7118267568989137,0.5408332859588177,0.4764218040517416,0.7719448014724447,0.0,0.35201876645181446,0.9216964817263665,0.5880894448475482,0.03885950252329736,0.5399941208087655,0.667554984004911,0.7763563323951115,0.7727798798556283,0.7990371216946363,0.56452382089353,0.5462032621034678,0.0,0.0,0.29894889592704804,0.10978080303992171,0.6355679672677254,0.4074361746805411,0.0,0.0,0.0,0.0,0.0,0.675742555525675,0.4381060453163964,0.057216136974929895,0.23736521578606237,0.5534239391790551,0.842963165782809,0.26204579146019447,0.7286894489943034,0.5429594568644254,0.6790232382509772,0.39743480690641136,0.8485341303534355,0.5529117398994529,0.7577254762326784,0.42303055259280176,0.7491300851136591,0.6811977897422233,0.7122696126686413,0.48251016447326295,0.39693852679539937,0.648502237164821,0.822772335297472,0.9725862139779655,0.32558003804302366,0.9288897074997458,0.4495953671409732,0.0,0.3805010970898977,0.5741433741537464,0.7551548904127391,0.755093583160043,0.6678869014614411,0.5965191152087286,0.39010526172359555
0.619060770986961,0.5281733668960401,0.10350911421469886,0.1399946597289899,0.26149920453471204,0.5543504739654346,0.41776634263144813,0.5989530375480981,0.23652135169469274,0.7236693998054546,0.10493894365674507,0.2514244636444085,0.443761971936875,0.38540105827362675,0.6781776385441338,0.424905865318861,0.5266425120437891,0.052668567463736445,0.07073215935451013,0.35201876645181446,0.0,0.4054378565010409,0.5676617992684918,0.18504006993250768,0.3621168136736327,0.5345396473212123,0.2795544965442434,0.4161099613544039,0.505618969514934,0.37268607910666746,0.7396168029299179,0.21102101555144273,0.3979669685233303,0.6371195202449759,0.37076681767055125,0.28981873857739593,0.41318764961861465,0.11729242171341867,0.17035318611033315,0.45270052036085134,0.0,0.0,0.06894363269721973,0.08178911319368995,0.0948451865866081,0.6775619860133292,0.5511587460450486,0.16720853390056992,0.0961570482413207,0.3246585373859993,0.36296764967846024,0.4110388518724783,0.48484300445857625,0.20202916513768954,0.599955507620217,0.11270551315850783,0.11812830222034917,0.4335539861257983,0.2025304436840051,0.5673891794628171,0.38906378759885735,0.39706527008184767,0.3238762252942843,0.07304206207004832,0.27955046288657354,0.8880473516547935,0.3738252885925374,0.6113335414979719,0.09213505989288417,0.30974958109653367,0.4768517328223734,0.13485363680580298,0.211008078282913,0.26394613550113005,0.28364626088256767,0.12116517188951044
0.19376775943017574,0.686783160975193,0.6041293453512415,0.178251440415577,0.7347941909703362,0.699909936555909,0.5093062371101573,0.48231329227004094,0.7005292092405975,0.514384830215888,0.5888942666368118,0.5498674045352371,0.7390688902895894,0.5342804621997812,0.7247584302659854,0.7830594150579482,0.5713728270943402,0.5635636473580173,0.696201721565934,0.9216964817263665,0.4054378565010409,0.0,0.4715225809133521,0.15820642651052233,0.6059659018690221,0.7222846322304521,0.6562886337919623,0.693905006234898,0.8298840428498337,0.725560236074059,0.6092611133835882,0.0,0.0,0.3014752804604582,0.14408176927931904,0.5706890712769358,0.29135609343938007,0.0,0.0,0.0,0.0,0.0,0.6457996613393499,0.3815444916049639,0.10608585478217247,0.32001298737667316,0.5280157095456842,0.679980396095153,0.2585739269782349,0.6635130527992238,0.5665927605868961,0.6382282360933503,0.39295226729893146,0.7101125434070586,0.6006447844280146,0.6391106253712139,0.4187544121874833,0.7140640291265327,0.6175372915864784,0.7110982831080331,0.6211055279764379,0.4512836437649059,0.7277528857301183,0.7333368904032591,0.8700608751859046,0.3272269094220379,0.9642947695165067,0.3476387205603949,0.0,0.5206745347851288,0.692070997001141,0.6388563302242042,0.7422486837707492,0.7067348670819102,0.6687577688065702,0.5107885116896945
0.07107828013486718,0.6866829891384435,0.6031796693834359,0.10684779139981065,0.6410241349840756,0.854368992598548,0.5631159651556031,0.8389148918992821,0.6070595601989391,0.5140842770788554,0.5629011474970618,0.3717403462522181,0.7195736624468435,0.5864366641065762,0.6388885887513787,0.457309741811949,0.46357971786997115,0.08871297745730745,0.4787358707832116,0.5880894448475482,0.5676617992684918,0.4715225809133521,0.0,0.0,0.39096560155195026,0.5807979064559466,0.7250031472237998,0.7423280936494863,0.5003447466483398,0.33051672280000133,0.47992652031002686,0.0,0.12585607067442148,0.5015299392434986,0.2839228804363049,0.5452924378769387,0.5029410912117563,0.0,0.0,0.10432195840080945,0.0,0.0,0.21172596419869463,0.1336035996626543,0.0,0.22945076652104968,0.7618048830374645,0.6668896381455458,0.23012988738172147,0.6589352290304858,0.44360225061681774,0.5996427525825899,0.6898236892305929,0.594913940828122,0.638089173693672,0.5337564301091177,0.23359183749742038,0.6334439656232823,0.5219546229436177,0.5416063564474809,0.12002213698503195,0.4427973905387872,0.29460116842622697,0.4951748462544054,0.545910630715573,0.5477285766839444,0.5039338827777461,0.8908592361349985,0.0,0.16288400943488807,0.4394668536110784,0.5426786563935266,0.44440596079858974,0.12353579428456048,0.2559050573072391,0.0
0.4200134568949547,0.0,0.0,0.2011475506215989,0.0,0.013780678324679255,0.0,0.16588011068997469,0.0,0.07415463563334514,0.0,0.6305774802265302,0.060221026729402216,0.04685982574085507,0.0,0.0,0.0,0.03713181594354954,0.0,0.03885950252329736,0.18504006993250768,0.15820642651052233,0.0,0.0,0.0,0.44457919209747215,0.0,0.018438888193665362,0.0,0.3712328028760494,0.2684645161913086,0.2786343115558354,0.0,0.0,0.06199669422093576,0.0887302547086117,0.06642701584606721,0.4631068761267231,0.24354397171774592,0.0,0.3735631782475225,0.2032070531357323,0.32827134279581494,0.30933783004174153,0.3357110488999833,0.39313051616920114,0.0,0.0,0.12344780252348059,0.0,0.05511213518579256,0.0,0.16928125611976913,0.0,0.0,0.0,0.6080048859789274,0.18882162480127737,0.036350541936284425,0.0,0.10149268967255266,0.0,0.0839366695564741,0.0,0.08060037417007615,0.04227412897099555,0.10687562343654922,0.0,0.8320537814441875,0.0,0.4154602323541596,0.0,0.26123682808138454,0.33703236152067806,0.4060456205000441,0.6386032913828317
0.33106295458565244,0.7912927900373883,0.4350508719901119,0.0,0.5762275166101154,0.6086294508049986,0.5431525839988814,0.282326059052723,0.5437421939438903,0.6126926096138546,0.4507809433416281,0.2777772487309354,0.5588925450065333,0.2867102372456091,0.47531300856870634,0.7530812431033626,0.6103538609138496,0.7818617741885171,0.3826678239361244,0.5399941208087655,0.3621168136736327,0.6059659018690221,0.39096560155195026,0.0,0.0,0.5883557878556719,0.5840818278199855,0.4912110716106947,0.8066852768155849,0.5662157959492635,0.4351821675032621,0.0,0.0,0.24733871033460234,0.1904149390138158,0.2282421300472037,0.0,0.0,0.0,0.0,0.0,0.0,0.33488309101671965,0.07953558567516461,0.0,0.27562130751818453,0.576548792745369,0.5057274679661631,0.1233471608245377,0.5833345031650038,0.5831669086510095,0.6064518425787464,0.098439545357967,0.5238152317208564,0.6784178129488099,0.48698562022350705,0.02171620394763702,0.5113121378647917,0.48644473809066263,0.3959354329119676,0.5763722968334208,0.5963826527705554,0.6833130879858995,0.5182579501086494,0.47940977224434644,0.22550048956537813,0.5322144489272556,0.3155195480355366,0.0,0.805590210682661,0.6226766717809141,0.5105732350818284,0.4947633030141371,0.49762354014495075,0.4626990104841539,0.254248916324519
0.3617480186283277,0.6820960142317383,0.515167093028981,0.3063760369276032,0.7162010216023891,0.7959219173274298,0.681901120440264,0.6951594383310304,0.6534011797100863,0.6320640525419354,0.5660554053209282,0.7636103504243484,0.8192128207529723,0.5658631472887516,0.49956773205873156,0.5299726862117228,0.5680089618737499,0.4048707050752829,0.4957760823716858,0.667554984004911,0.5345396473212123,0.7222846322304521,0.5807979064559466,0.44457919209747215,0.5883557878556719,0.0,0.5380709193908014,0.6892038212349003,0.6795189900062419,0.7729802904376634,0.6513344101281274,0.0,0.0,0.3311935737816759,0.30437271828455786,0.5485107587753757,0.3189402703323883,0.19773338189991793,0.0,0.0,0.0,0.0,0.5610831053238704,0.3525109719583896,0.16959337654139067,0.4423074235495969,0.3850138442584751,0.5587021617457796,0.35665197115372455,0.6682415987554979,0.45634327502520017,0.6074829794257066,0.5485918044310867,0.6001576949721358,0.5683924841581862,0.5641581974065979,0.5832643861856149,0.7055776010683882,0.5413252562433559,0.4107472066584199,0.29110671069508925,0.41552501609307213,0.48263736909592553,0.5399227278226968,0.5924771053105589,0.3177852586215257,0.6384925679027623,0.30106507460018433,0.13611513403964134,0.3707033757829549,0.8429189517051534,0.46064129742175125,0.7204349876217306,0.58020912040699,0.621987142990066,0.40432624372936155
0.0,0.7647454547449161,0.7705632186815928,0.10405990818178391,0.8734181036885227,0.8148859043066536,0.6655135622154076,0.5776407363693669,0.8591484047467646,0.4429552836987693,0.74308255258802,0.24695713826482374,0.780049536646563,0.555787698031996,0.5062275150391476,0.6302463782187154,0.5336085069569558,0.3313860339784906,0.6568842360476767,0.7763563323951115,0.2795544965442434,0.6562886337919623,0.7250031472237998,0.0,0.5840818278199855,0.5380709193908014,0.0,0.7516349211069262,0.6943222183633421,0.35021648211654904,0.32831787430013054,0.0,0.0,0.30015236237571086,0.19711842821190872,0.5246758444922481,0.2947071580929169,0.0,0.0,0.0,0.0,0.0,0.39323048277985495,0.1973999394599211,0.0,0.05147869777071472,0.7018788010191208,0.8173179506527394,0.26008141112356575,0.7763662718489015,0.5131741131584304,0.7506568273500116,0.4459684067761571,0.8399714543840852,0.627798595855454,0.7378109599783924,0.09907987458021775,0.6107927746305173,0.6642595891555767,0.44243010254235293,0.2544017336958591,0.4165832444781789,0.4676504094229764,0.6975410576362251,0.7148183952569341,0.25061955620852194,0.6632172944909778,0.6609407613027048,0.0,0.4119509398789217,0.42177618980086323,0.9434229573572195,0.5927591054761073,0.43551126488458486,0.30970143228707364,0.0
0.03669555496796337,0.6723133191039619,0.7381778638745305,0.2319713144218472,0.8413137976131131,0.8142823933197925,0.7259951784982763,0.6772650721992601,0.7691699843968783,0.5288478456635907,0.729865030156419,0.5133726820629232,0.9348605424962889,0.7855679247150172,0.5195307085310704,0.6420643540277484,0.6210585418519379,0.3851069213341394,0.6484549171416532,0.7727798798556283,0.4161099613544039,0.693905006234898,0.7423280936494863,0.018438888193665362,0.4912110716106947,0.6892038212349003,0.7516349211069262,0.0,0.7086313051986928,0.517258540673431,0.5553719433572801,0.0,0.0,0.39669803051946967,0.28932217871028193,0.7118552033278591,0.5666453187199937,0.0,0.0,0.0,0.0,0.0,0.6195430281365016,0.4703221128491617,0.041072547261886166,0.2626950816847263,0.6694322514920265,0.7250759943493262,0.5582531634517085,0.8494397948971214,0.575992017430363,0.8616080033204306,0.48915681666380123,0.7576056060730143,0.6891286914153937,0.7339017951308591,0.3841761232141105,0.8754742074237184,0.7963832118930728,0.5174855050161472,0.3522805814411891,0.5348999444647138,0.6118487222118784,0.6525899305094147,0.700103008228978,0.32460804820191397,0.6955731326436867,0.5379105951660837,0.0,0.39533341999370286,0.6149690667003558,0.6529833217877729,0.8626948470162118,0.4920752111459877,0.490226889682772,0.22004972259863606
0.384216955432758,0.7852685526274911,0.5096605305410854,0.08313091316835311,0.6909674469420929,0.7858550763417833,0.637351120532762,0.38087790301211,0.6351970014357401,0.6495457745801693,0.48786468717443104,0.37291922467890803,0.7674828226376181,0.40863569671328975,0.6413405083594798,0.8264897799311792,0.6822165130573004,0.6546393001773768,0.5213787821106999,0.7990371216946363,0.505618969514934,0.8298840428498337,0.5003447466483398,0.0,0.8066852768155849,0.6795189900062419,0.6943222183633421,0.7086313051986928,0.0,0.586291004053759,0.6554530317301245,0.0,0.0,0.4184476624111317,0.2752846040058185,0.3690993780136262,0.3145939355057774,0.0,0.0,0.0,0.0,0.0,0.45113131702072135,0.28526991164157045,0.0,0.3947449337187229,0.6475965068174957,0.5853897959528372,0.23218130486872335,0.6480178596274723,0.7061845969586285,0.7362089096103969,0.20828213574439383,0.6237986726836655,0.6902696050867438,0.5334899347387038,0.11991726712383582,0.763201727261213,0.5001077929117071,0.5891621703009492,0.680399469183222,0.5451602608023078,0.7715277352347569,0.5943780298774972,0.6918825105730381,0.43426619124826543,0.7545253983222957,0.43534576294189625,0.0,0.691829105159627,0.6636594350728016,0.6628329007559146,0.6828192597264239,0.7605349782018489,0.6049915947604192,0.3928591854335184
0.34340100893600134,0.529725525587027,0.4593952142068996,0.11017043761972553,0.5731022147526008,0.507518886124272,0.46657676655056357,0.41555150379423245,0.5379634848810189,0.524332456018635,0.48862321307407297,0.5037979446139089,0.5662286968066981,0.4187257077908113,0.4549607551816943,0.5004686859742027,0.3923135303310475,0.43560374856261785,0.5397337562886525,0.56452382089353,0.37268607910666746,0.725560236074059,0.33051672280000133,0.3712328028760494,0.5662157959492635,0.7729802904376634,0.35021648211654904,0.517258540673431,0.586291004053759,0.0,0.44881460263587264,0.0,0.0,0.15697091045122347,0.29153299900937907,0.3653803770965274,0.09447995815982824,0.2403908686366095,0.06234846905969748,0.0,0.03288312925248558,0.026286749566576333,0.4397658851545591,0.3114947609585513,0.10839962787386168,0.4030674127753498,0.2462778431588034,0.4568866598343742,0.29628837946246256,0.5903137174982178,0.5028738787100712,0.512989994867742,0.34140485125622066,0.4605508364372583,0.5032297025412927,0.5274020867872563,0.3675197964008527,0.5405129441438792,0.48956799650958455,0.3926957910477588,0.395437738768191,0.34361327201086206,0.560791675726689,0.5606582620677034,0.49560885920701336,0.18418284246271285,0.6271686003610839,0.15582658626478216,0.16422735762235185,0.5130856762200854,0.7874926420428042,0.3506564361671048,0.5976621292062124,0.6114205451514487,0.6666336200673468,0.5080154498142103
