0.0,0.42091879516481157,0.36110311244294147,0.0,0.2637272631425331,0.2627000942787722,0.18153399086418975,0.22502231211308885,0.33902183070695274,0.37613189297128297,0.20741667985546738,0.355627261417879,0.28475221861559546,0.0,0.3472872714351432,0.39153444279301536,0.35535315623798824,0.3605343732937183,0.3423189345382889,0.28659075632527925,0.3836177122661531,0.4116418472386916,0.306180557620456,0.36802668497534596,0.4298694056390591,0.4646221406891101,0.31164292489490897,0.3248848326285799,0.27558954243163447,0.2526079357513232,0.34907477099647605,0.32519708275613984,0.3504116478778215,0.2599034679727965,0.0,0.18742541235291718,0.22394644146594792,0.26453894913415543,0.3170198148313297,0.30340386801002867,0.3299992435358323,0.0,0.01711156856961129,0.0,0.3208803998671443,0.6014267470981615,0.3062078914934502,0.28650396417698093,0.2766920641126298,0.4040039389391625,0.2673122970639867,0.4584190287278575,0.21903066752303826,0.364520421226396,0.3388442641742177,0.24736763999431008,0.27979564408049373,0.28841202443672037,0.0,0.3406753183685314,0.3712754986595415,0.2814791403028207,0.356654638424248,0.37115464457039715,0.36157375908322154,0.381879350550292,0.4286331476150827,0.25990371170515314,0.3626287399149907,0.3361913145032585,0.47215349998078776,0.36901895046838906,0.372876159556053,0.33206408366965817,0.330531566920781,0.4759734873206981
0.42091879516481157,0.0,0.4095010548425802,0.0,0.3000584691579627,0.5649205049038675,0.36756940836624613,0.3763611446000255,0.39046513048259557,0.42950817823030024,0.225925705748696,0.4465305222449511,0.505946364710406,0.0,0.2314902054729218,0.44332195611727965,0.493762904289862,0.4594802954447571,0.4017877123887454,0.2858640273658757,0.31065146848130654,0.43231732878349005,0.49342885288017474,0.45579937885723315,0.6502914401659161,0.5727107618393724,0.4108155804125454,0.3028386964874216,0.4115833609073715,0.05266286700633027,0.26917181848858895,0.3655916537545192,0.2943924794486186,0.1340565572324967,0.0,0.15866691295285434,0.15959405038386024,0.33524840974091336,0.3501943502967654,0.2690013965106798,0.1878248363179257,0.0,0.0425469475612445,0.0,0.31783496239211356,0.36714410867859576,0.520949062030179,0.30221581866397645,0.27150009631214306,0.2724047282930707,0.4728173848940609,0.45797124919176824,0.32898644713949277,0.4013096240177439,0.36115665060900154,0.26029950586492107,0.359770855295336,0.4303813596884222,0.0,0.22714038433918615,0.3370580885663444,0.47525040606434715,0.3768836709735512,0.3303717819336049,0.3089677057520471,0.28431836255975507,0.38493895910607434,0.40493628364133005,0.40738537630759514,0.47839024341409314,0.447553356761223,0.4063812108068872,0.31558278401565776,0.36374735308623096,0.27995602581372225,0.3376814017564987
0.36110311244294147,0.4095010548425802,0.0,0.0,0.4914767696691839,0.4525530839387031,0.34782699988559335,0.3086885644304219,0.5799835252229312,0.46122107377621885,0.5597317072509744,0.39263070140796336,0.38230141360143277,0.0016441048164691546,0.4913283090584309,0.32508716937052506,0.4038517733262303,0.3646253512727466,0.619153086781285,0.46293040102224164,0.2837074267318196,0.5134313718286236,0.43758325088278144,0.2650956087097716,0.4130174531971373,0.35932965173793635,0.5373167042427892,0.5152663879468179,0.4227181160258221,0.39983614485970914,0.4123672038219672,0.23357663241091695,0.116274618260153,0.2616796976240655,0.0,0.2811502070032687,0.2694233772191044,0.29459725735935505,0.13985396365663813,0.008895979808806992,0.2111339937280566,0.0,0.02600956097949933,0.0,0.3897385472140621,0.350243556340932,0.4190451494192649,0.5634711995695288,0.049252674888064334,0.44938351019585343,0.3482807240510119,0.31598462284625983,0.3670808984731196,0.5597264577925717,0.4613283940389232,0.5310895062072774,0.40262164443799037,0.2343451190056932,0.05700486373890677,0.5053891331731989,0.3673530857601711,0.33723032893983884,0.40820272111265316,0.5774968817161669,0.459954692256325,0.33904893179201334,0.5056795448012735,0.4118228575821036,0.2826640943062628,0.4205715495280716,0.3491248096689334,0.4957820917905357,0.45559291516047185,0.32290817133171335,0.2779371578520836,0.43186066544331186
0.0,0.0,0.0,0.0,0.0,0.010367300920604243,0.0,0.0,0.0,0.0,0.0,0.0,0.11896300863519516,0.2353499997451465,0.0,0.013529219842317029,0.0,0.027127188757249125,0.0,0.011245714915812511,0.07229335607608867,0.0,0.0,0.0,0.0,0.0,0.0,0.0,0.09548786260189757,0.0,0.04751866134203129,0.0,0.0,0.15035893305582287,0.07325015170823031,0.11923982356508428,0.0,0.0,0.0,0.0,0.0,0.0,0.30945838126312813,0.27160323252069635,0.0,0.0,0.0,0.0,0.0,0.0,0.0,0.0,0.0,0.0,0.0,0.0,0.0,0.0,0.0,0.0,0.0,0.0,0.0,0.0,0.0,0.08733287167363438,0.0,0.0,0.0,0.0,0.0,0.0,0.0,0.03862341006423257,0.0,0.0
0.2637272631425331,0.3000584691579627,0.4914767696691839,0.0,0.0,0.33853416040873263,0.4653153288071856,0.1376897544712126,0.5329900290938246,0.4897272105286966,0.5012644928616983,0.30894585405690206,0.30706165153752485,0.14477076440589856,0.47217309325094614,0.40066627674061256,0.43700246017853933,0.3776145694094488,0.5281998256767433,0.5127133256139179,0.23224043578023945,0.5379818742602757,0.24976915242514638,0.054961793086509,0.3196240945894113,0.23335875233347225,0.5484819136051303,0.5589274664599497,0.5043608853183305,0.43545019800563867,0.4615549707720254,0.23594943716928518,0.07250731494614364,0.34421646300473274,0.0,0.36324159495194747,0.2813418577850049,0.1447455193468443,0.06933438569008334,0.0,0.19454295955273845,0.0,0.06820379744045575,0.011556734413188793,0.3078676499887446,0.302763238621409,0.32497783195475566,0.4671238407134304,0.0,0.40330051284124807,0.10647179978037911,0.15758596686948773,0.26308370145962395,0.4413519455714488,0.4460171831620858,0.5052304677404847,0.28186148633211494,0.046848709629551184,0.12670192749267745,0.4672008798167006,0.4157017245157133,0.28682428097919266,0.3828777591437095,0.46033670817441624,0.4180725272530988,0.25719455609662417,0.4862160561981942,0.2507398439550672,0.12289372324930856,0.3677807681594692,0.16727894583498853,0.40792248205686404,0.35399465990975854,0.20282220414326632,0.224729135115686,0.418752944789978
0.2627000942787722,0.5649205049038675,0.4525530839387031,0.010367300920604243,0.33853416040873263,0.0,0.3310817831506136,0.4421244317011284,0.4207101517821286,0.3433040394903022,0.26189424781649995,0.39899659529714326,0.5787943397050778,0.0,0.24113705697868382,0.3485583737104467,0.4248912050496354,0.422901181093085,0.44948156573702674,0.3475868381030001,0.3336567920535798,0.40865191910963194,0.5393587927020054,0.3892656587986817,0.5400593006686581,0.44780602365265243,0.4589979732014447,0.3358810550246324,0.43055373185645585,0.10912573989037136,0.2368685459209441,0.239311513996073,0.1470531957821298,0.16079260592231684,0.0,0.1933215131743344,0.13174986502554398,0.29187614894896163,0.17696680005831464,0.11518085832992284,0.13717092802486075,0.0,0.13803192429293934,0.0,0.3110242918961867,0.21824581531818116,0.47402323506409544,0.33577362315269393,0.2010078387973359,0.2694176333291365,0.4792759572023893,0.33199933216629623,0.40919205314110035,0.38959981626734314,0.2833511479547012,0.29933601289710965,0.3456889669329039,0.42675404388932353,0.0,0.24669145621026062,0.26038227726718766,0.3838865042636147,0.32869775403018847,0.3422835631288043,0.32708338982622137,0.32165428442323885,0.36848005643997717,0.4568125150654246,0.28405404323920797,0.42142065786071986,0.33453902072525293,0.41768141708156614,0.2937406218442643,0.35686366748548437,0.22618521972026578,0.256884644002754
0.18153399086418975,0.36756940836624613,0.34782699988559335,0.0,0.4653153288071856,0.3310817831506136,0.0,0.15607333183019728,0.32977925339749964,0.4939443274723624,0.30233507567802365,0.4188082671043737,0.3467946962044498,0.0,0.24869968113838076,0.414880425735684,0.4816801768280986,0.4013470186520569,0.3639305923512993,0.2866152186361262,0.20178736061491798,0.35565544518704834,0.23892014184842297,0.19802203503677052,0.38058038645436076,0.32157222179542905,0.3795585043061348,0.4008653850958229,0.45111817264164394,0.18381530000928048,0.3451751938984665,0.37504196810834733,0.16858125984545344,0.18649162314387124,0.027587100325326346,0.20223585464732974,0.322937359555352,0.16074825938021442,0.25313562369724585,0.06297007627266422,0.16123525192237176,0.0,0.0,0.0,0.2571586558467619,0.21235533343819352,0.40409226082511995,0.3389098113173144,0.0,0.2840596787334119,0.16272566350400414,0.2648202048096465,0.199363659543739,0.3549012325124913,0.4111263116749147,0.38156380869655115,0.3582793652105116,0.14889276599107526,0.0,0.22043456390779356,0.42578996114543655,0.37834695745036856,0.35711027296898984,0.34010529751137475,0.21810070070045853,0.14576647935426187,0.3562355503860488,0.2037960699940582,0.23864192388574548,0.39261971911622084,0.22622924777832204,0.27544347896212057,0.26359326673177563,0.17274512754901236,0.2538465758045493,0.3511253543253205
0.22502231211308885,0.3763611446000255,0.3086885644304219,0.0,0.1376897544712126,0.4421244317011284,0.15607333183019728,0.0,0.29203040763291843,0.28612423710161133,0.23758387483536805,0.4197115967639906,0.37718725439487816,0.0,0.2614318125250464,0.17678371633526152,0.2940722582094581,0.25602200607329656,0.30859198320430725,0.28265592085939545,0.4554270675816899,0.28206277390191925,0.6229969164270142,0.35600793251175916,0.35685636361787815,0.33712151245696914,0.3036759095711767,0.24456013354974962,0.26225856583892426,0.15551694059608828,0.22700199686493946,0.15721685068297075,0.04964761971373516,0.11012574696421103,0.0,0.12683707481224737,0.0802495874449865,0.2078154266604413,0.09024134042802942,0.15569352530683375,0.04295478978586695,0.0,0.0990893110852164,0.0,0.354070815072196,0.22944177222696094,0.4760571892248529,0.33314137827661594,0.1391766540750933,0.26775664524593834,0.4724676386084706,0.3567951818233015,0.5747524473788762,0.4032156022451432,0.28089404639989207,0.2738797117067058,0.38906424198515954,0.43874217936042226,0.018310690961859364,0.24038804325193389,0.21225171389784753,0.295062588617321,0.2253041436022419,0.3094170476683261,0.2995167504146562,0.422251334348678,0.32655939640074794,0.579950268425776,0.300023144165386,0.3796675238214349,0.3932625703531454,0.35438313048732595,0.3394474715354356,0.3534003749283389,0.3063445539583023,0.21403720017198838
0.33902183070695274,0.39046513048259557,0.5799835252229312,0.0,0.5329900290938246,0.4207101517821286,0.32977925339749964,0.29203040763291843,0.0,0.4628992242987828,0.5515500333091362,0.3751468190403515,0.36221710681134284,0.04514103124949095,0.498314947961165,0.34498217175904194,0.40806792219425314,0.35270837785555476,0.6023905889070671,0.5155756415541527,0.2883097645950471,0.5383181785447486,0.4079255992941748,0.23626026657308846,0.3821640186854332,0.34122773544855595,0.5542754925955917,0.5444532804059004,0.4346335189182332,0.4026856919688199,0.41049860806382305,0.21941899614448052,0.08100272840366146,0.2655861039889009,0.0,0.27101315310653107,0.26154031645169934,0.22042611998571748,0.11207694930950107,0.01784309033373246,0.13416667123465648,0.0,0.023777604485916332,0.0,0.3967458801346229,0.34607875434119373,0.4150308351214293,0.5723920466214033,0.0,0.4367171984073031,0.32178813671365075,0.21697430789326996,0.4156408120173131,0.5919045133527844,0.4371204423680392,0.572132709166727,0.3608970093948168,0.19158803674617533,0.08938860621118926,0.5081468761311337,0.34008271669520923,0.3230085809116732,0.3787379123628237,0.5513986613991596,0.49304249951069545,0.33763564992637773,0.5109166920785512,0.42678534248596917,0.2690150584852372,0.41694186868642347,0.33272675691782966,0.5139336346597134,0.4389009611518701,0.30298494101601386,0.31972490147670773,0.41368127511654373
0.37613189297128297,0.42950817823030024,0.46122107377621885,0.0,0.4897272105286966,0.3433040394903022,0.4939443274723624,0.28612423710161133,0.4628992242987828,0.0,0.3892736600882379,0.5643843712165029,0.40029703424622004,0.0,0.4596017888331541,0.5032145771663662,0.6165756113677341,0.530588718919888,0.4695255665504134,0.4444227030782217,0.38357298943426743,0.5193052930735361,0.3886877498462949,0.33149636596374504,0.4761459353645436,0.4001077020203167,0.5317382953071509,0.5754791467168044,0.5315883708502284,0.36880097624676444,0.5635222089611164,0.3645747138682141,0.1686190400950283,0.29149986098310676,0.0,0.3229446322437016,0.441192189891787,0.2156962631456203,0.22705063414332097,0.10814822280965433,0.19665465606263335,0.0,0.04158967319728691,0.0,0.4411057037070669,0.4097999945050824,0.5101636021810377,0.4750969494108547,0.0,0.4439099470323392,0.2896104403189717,0.3803310986807626,0.38127277514428365,0.5409397168750976,0.6374613709882668,0.4688803035299756,0.5163794477016357,0.2570535502390009,0.11091796299996948,0.44079244662236466,0.5217478522823427,0.51183180147513,0.535823175784798,0.4464791434134694,0.43052041647502715,0.3816190117541881,0.5399838541030504,0.3853683529281181,0.3923695471536069,0.5416681459669388,0.400256479510734,0.49914537502451506,0.5238431479993791,0.38785948259702263,0.4090644926234758,0.5074440329169576
0.20741667985546738,0.225925705748696,0.5597317072509744,0.0,0.5012644928616983,0.26189424781649995,0.30233507567802365,0.23758387483536805,0.5515500333091362,0.3892736600882379,0.0,0.29281656531526296,0.18332965209650973,0.050095580900069485,0.4790885480620126,0.15794018458211476,0.2834199427578709,0.17371812679590565,0.544754571778883,0.4561186197060381,0.14030319633781588,0.4382446362021766,0.3143710087163773,0.0804576568279913,0.21066984806998765,0.22126943917983094,0.44216406097618105,0.48820930629439374,0.2898980417110086,0.4244674707556795,0.3028035698853769,0.12873984338933114,0.0,0.14405734734540548,0.0,0.22794117418768364,0.2322725580616995,0.14517614411029742,0.011160141230147212,0.0,0.0532333812757422,0.0,0.0,0.0,0.3108135762466642,0.21792148147565243,0.33852547757897694,0.5713058654102537,0.0,0.4199021336609117,0.2280905024259825,0.15494128158766735,0.3140618678184114,0.5394572483390419,0.4014556136640876,0.6042523543557271,0.3122295334818225,0.08124215774013813,0.1778077234005347,0.5224614191010694,0.26360401887639406,0.21953703811802408,0.2770563668289764,0.5400348274883183,0.4514777437635422,0.19294753865397954,0.4491351771790644,0.33199411526774564,0.16852139096197932,0.3251045687540445,0.23945107712301242,0.43830656993903894,0.40022755856207787,0.1633570402058746,0.2617048655801687,0.31685612009500475
0.355627261417879,0.4465305222449511,0.39263070140796336,0.0,0.30894585405690206,0.39899659529714326,0.4188082671043737,0.4197115967639906,0.3751468190403515,0.5643843712165029,0.29281656531526296,0.0,0.41968561657017567,0.0,0.32933619369676403,0.3642331630983114,0.5459726371290645,0.4252264205190136,0.38510252110283927,0.32086086198248825,0.33802936054052696,0.39415093318577893,0.4767548126687812,0.4964409042870575,0.4617381061343444,0.4733602227057043,0.4103414663170519,0.42966617121163475,0.35715885742716735,0.19922504386376896,0.41505517226088384,0.38977649376909795,0.1958991293536529,0.14676215960348807,0.0,0.2338042034437234,0.3577758245937346,0.2902393426279198,0.2901423496600274,0.24419779857746401,0.18890241614303305,0.0,0.022309179724877334,0.0,0.39812609355030504,0.33685673416703105,0.5209037386647223,0.4165069346896125,0.06958600516029304,0.37394333905153826,0.39133516577778593,0.404017940412594,0.4095755585516757,0.489346542394417,0.540981290255113,0.38066329646704167,0.6169790419578352,0.3680573990053457,0.03706194742774078,0.3323965009544043,0.3760210534825792,0.5279207268464415,0.4237971577560454,0.4012226187471738,0.3550179276983332,0.3390221289043513,0.4342541542608274,0.44751803579324384,0.5093956903073925,0.5084925073287615,0.4967598550841182,0.45335300651903593,0.4607289734277717,0.344784122346877,0.45703611518824544,0.4553625653640913
0.28475221861559546,0.505946364710406,0.38230141360143277,0.11896300863519516,0.30706165153752485,0.5787943397050778,0.3467946962044498,0.37718725439487816,0.36221710681134284,0.40029703424622004,0.18332965209650973,0.41968561657017567,0.0,0.0,0.2894841438677972,0.4214178411051037,0.5073137557100718,0.5175682267623193,0.4017357064546419,0.3726973366940589,0.40241796937577967,0.424481984175936,0.4445675807582158,0.400933432907266,0.5122779968903178,0.41733481524524224,0.4691038743982421,0.37576400189336684,0.48883952647994194,0.16166702432998062,0.34582930501331016,0.26256386791352454,0.09754714432458657,0.2568776939658044,0.0,0.2828197902406855,0.20484296758348094,0.24805406736182922,0.1592992370108986,0.09186795046094372,0.1144318680218603,0.0,0.19633631513492614,0.0,0.3607372565753019,0.26060312414829273,0.45395006695481305,0.298533013302072,0.150438169920526,0.2865455415137559,0.41781728923743827,0.35498096574878685,0.3842104056192686,0.37438638468101143,0.3460326882119473,0.25793330931028774,0.3656079823094577,0.4773381732705869,0.0,0.27712694218941336,0.32749702099969247,0.42993845033549083,0.3951621542775594,0.2823267659108626,0.3506737470381305,0.40786572757037304,0.40990984872852115,0.40227342434198865,0.28706982175626544,0.4301761303834612,0.34364350424774437,0.4251285379190144,0.3452822961986451,0.42051623006698474,0.2756486970277331,0.3068185814287215
0.0,0.0,0.0016441048164691546,0.2353499997451465,0.14477076440589856,0.0,0.0,0.0,0.04514103124949095,0.0,0.050095580900069485,0.0,0.0,0.0,0.014790363827463652,0.008795044662873822,0.0,0.0,0.025146683105733453,0.048113914365206734,0.0,0.01704939227068669,0.0,0.0,0.0,0.0,0.036887823470602064,0.04256089729119731,0.04318869260719438,0.12584932760996106,0.06451050413821768,0.0,0.0,0.186276956424611,0.07127727595094087,0.1588220969747699,0.0,0.0,0.0,0.0,0.0,0.0,0.2278386259734589,0.2509603341215581,0.0,0.0,0.0,0.0,0.0,0.0,0.0,0.0,0.0,0.0,0.0,0.02960259894559315,0.0,0.0,0.2169743701167995,0.007473929866458926,0.0,0.0,0.006410485447817209,0.0,0.0,0.0,0.0,0.0,0.0,0.0,0.0,0.0,0.0,0.0,0.0,0.0
0.3472872714351432,0.2314902054729218,0.4913283090584309,0.0,0.47217309325094614,0.24113705697868382,0.24869968113838076,0.2614318125250464,0.498314947961165,0.4596017888331541,0.4790885480620126,0.32933619369676403,0.2894841438677972,0.014790363827463652,0.0,0.3571861791684691,0.4064698724085851,0.36162701805281067,0.4838620851230889,0.5957039824695822,0.3961042374212353,0.5908690246352482,0.3274986923077835,0.11516664973324105,0.24280640423527042,0.19155422369222755,0.5309523301669968,0.5871018636948852,0.426671027553102,0.5476605077849847,0.5095615031256006,0.19253102521293927,0.0,0.3631286807451353,0.0,0.3333523200384729,0.26453086248451424,0.1690207826897365,0.026966519880054315,0.0,0.1691404768527359,0.0,0.13090129498311848,0.035981003786572395,0.39385800603410503,0.37605025336939957,0.3268938824034435,0.5204571042355711,0.0,0.47919061492925247,0.20982132020030153,0.3072680714995499,0.38918440464635057,0.5351227137123689,0.4683554071100818,0.5072007724856044,0.3106083286388196,0.20670901252161786,0.19184862667248714,0.6537371547472983,0.4172647311866297,0.280497917625749,0.37408056590672434,0.4955907451322375,0.5901123234876128,0.4448555335405028,0.6107769791591868,0.37929940104307175,0.1607683876665354,0.3461509877910656,0.23998298850109354,0.5348533864965354,0.5272594274776816,0.3554383081918554,0.3820922901635959,0.5016104222684582
0.39153444279301536,0.44332195611727965,0.32508716937052506,0.013529219842317029,0.40066627674061256,0.3485583737104467,0.414880425735684,0.17678371633526152,0.34498217175904194,0.5032145771663662,0.15794018458211476,0.3642331630983114,0.4214178411051037,0.008795044662873822,0.3571861791684691,0.0,0.5368862701562132,0.635547293337881,0.3332892485994895,0.36904155574226766,0.42626392438565863,0.4847002465841306,0.27767003153752895,0.2529589672454609,0.5087808603780387,0.3257086693580735,0.5174913775842415,0.4159558667473317,0.6012332493044719,0.27022513049514263,0.5350749639313086,0.4104193990380201,0.23653780818031359,0.4102372817450553,0.0,0.3234100232344319,0.3225056476691565,0.17950342978607223,0.2807786783918739,0.1782199092508535,0.2987940617635605,0.0,0.20721237872678816,0.08385323890038908,0.336528083111136,0.43244000056007575,0.43182483463754523,0.29429365398269924,0.05723724464004273,0.3529348513631197,0.2579565540858815,0.4366497100320452,0.32225797033927095,0.3584087898977874,0.46586873818875824,0.28385760742380595,0.24468831130821303,0.321885248364551,0.10074108481658511,0.3315027672678215,0.5567996314473981,0.45544064588240546,0.5466598267405037,0.28504158675561325,0.3585242117605038,0.4079718555090253,0.47302618860414214,0.29621981285140836,0.22251681519699787,0.4867783013514127,0.27822911500756753,0.4517018278847415,0.4152183785568784,0.4884742631866734,0.3234769987697678,0.49064321250976123
0.35535315623798824,0.493762904289862,0.4038517733262303,0.0,0.43700246017853933,0.4248912050496354,0.4816801768280986,0.2940722582094581,0.40806792219425314,0.6165756113677341,0.2834199427578709,0.5459726371290645,0.5073137557100718,0.0,0.4064698724085851,0.5368862701562132,0.0,0.5900955385269456,0.4324977187607935,0.4110311132309377,0.3801698816457611,0.4939221051239056,0.39186975529407136,0.3928843779226852,0.5319505379231271,0.45042668314641043,0.4977545622381154,0.514723365453808,0.5531700473445352,0.27137507678759637,0.5166486562574494,0.3861360963172191,0.19157932692080923,0.28992694211462444,0.0,0.26993442624258146,0.3726459862864698,0.2619392893860473,0.25269213087443965,0.1384692185394249,0.21807001566476764,0.0,0.11276125589888815,0.0,0.3931258719811791,0.39396348743835724,0.49200669412256043,0.42447879795416,0.0066107281899279,0.35803816841301317,0.30299338720911145,0.3797477535775749,0.359607436410912,0.4573000470273536,0.5619751473410125,0.38505842583602073,0.4671078098206538,0.3265149953522892,0.04646067648198604,0.37463274796262697,0.5029797282818019,0.5647493998933607,0.5499461041860967,0.39148095430765995,0.3908631929814148,0.3688604090030205,0.5029842017674386,0.38140404643329834,0.36609858246077087,0.5276876762377822,0.3953106323055733,0.46864330170558516,0.47133038706612324,0.39327085481285123,0.39374041637660695,0.4924319010465562
0.3605343732937183,0.4594802954447571,0.3646253512727466,0.027127188757249125,0.3776145694094488,0.422901181093085,0.4013470186520569,0.25602200607329656,0.35270837785555476,0.530588718919888,0.17371812679590565,0.4252264205190136,0.5175682267623193,0.0,0.36162701805281067,0.635547293337881,0.5900955385269456,0.0,0.35096209474993756,0.3883282358483291,0.45300696060979917,0.4877330358416832,0.36086357640941413,0.3552076768341757,0.540622449669899,0.3550242278206168,0.5266171901564807,0.4434531709883935,0.6150545914923357,0.2575303632517361,0.5373833819312401,0.417640717112726,0.21345298922896966,0.37636898752029363,0.0,0.32479422238095196,0.3155639001175131,0.2262017857891452,0.29772402016755145,0.19242517230168096,0.2531888321570763,0.0,0.1792404282414625,0.027296854400107987,0.407271440325891,0.4115328603023244,0.4644568965364651,0.3242163083582747,0.0632503063041363,0.36902560985088234,0.3162159419550115,0.43241828166517965,0.3605643020988753,0.39740416244623955,0.4855788785221106,0.29626226623818563,0.3268451754675992,0.3863286751867898,0.06341126738388583,0.33690709752241577,0.5449090414078742,0.5035724974770948,0.5808129882360261,0.2830782491287743,0.3886740416187404,0.44239087469117755,0.49062472718022476,0.36088200769926737,0.29292871577270707,0.5218676584907092,0.3331637414741646,0.4769471863523655,0.45832136752117314,0.5321738185577181,0.3728466886547178,0.48039936391560645
0.3423189345382889,0.4017877123887454,0.619153086781285,0.0,0.5281998256767433,0.44948156573702674,0.3639305923512993,0.30859198320430725,0.6023905889070671,0.4695255665504134,0.544754571778883,0.38510252110283927,0.4017357064546419,0.025146683105733453,0.4838620851230889,0.3332892485994895,0.4324977187607935,0.35096209474993756,0.0,0.5009606264054536,0.2684191999002947,0.5380661693629849,0.41416299981168775,0.23594064611873494,0.39533284665784196,0.367939983724419,0.5502036656501772,0.5207159450688261,0.43447953763191416,0.4301901601788919,0.4141075678461025,0.23514030226045046,0.11398527555463105,0.271684866473767,0.0,0.278736902749185,0.25506516885656166,0.2517705784125133,0.10784217971846809,0.012453775278048107,0.17695396369711075,0.0,0.047342433648744894,0.0,0.3719511218512254,0.3433747566737691,0.4155609338460231,0.5503330994582789,0.0,0.4462541274692826,0.3226247390501122,0.28454018345751647,0.3695898343912855,0.557271923118896,0.4592360141164394,0.5312013309281943,0.3857758512528597,0.22325085736068861,0.08012455372819616,0.48859778987934877,0.3338333552970318,0.33507973041078926,0.36741339983669224,0.5948315364632573,0.48106096884898575,0.3125654980277154,0.5105708881842935,0.39609537431507463,0.2566523118894473,0.396850329571524,0.33242844129559473,0.495450123794558,0.43670146267688165,0.28303401442721,0.2884756311415281,0.4156645343943936
0.28659075632527925,0.2858640273658757,0.46293040102224164,0.011245714915812511,0.5127133256139179,0.3475868381030001,0.2866152186361262,0.28265592085939545,0.5155756415541527,0.4444227030782217,0.4561186197060381,0.32086086198248825,0.3726973366940589,0.048113914365206734,0.5957039824695822,0.36904155574226766,0.4110311132309377,0.3883282358483291,0.5009606264054536,0.0,0.3847817774566698,0.6214142036290533,0.3609836146252077,0.1376162393312549,0.2985728270801368,0.20718049512334283,0.6049569778116086,0.5765610210673441,0.48439945788609173,0.504737003383935,0.48584165251954425,0.14897125601956626,0.0,0.3454061757007101,0.0,0.3691315649021551,0.20274645707965028,0.14899325595660107,0.0,0.0,0.0709133322190559,0.0,0.16982610403127943,0.0,0.40191937149041257,0.30887447045618494,0.38323419241975415,0.4802290035997125,0.0,0.45346423471248193,0.2868922723469665,0.2885015323687411,0.4384753572210631,0.5274147788833928,0.44495520263366484,0.47617370594460984,0.31114742871260737,0.27098890362186884,0.1642543249353595,0.6055249194156174,0.3644704437038769,0.3103607388265876,0.36949844273877774,0.44532234271784893,0.6249264670154664,0.44494388681316815,0.5946072994472099,0.4158689297703441,0.1769859445987322,0.3941462792052123,0.23728234755637154,0.561735894198086,0.5078805715653524,0.375406984677654,0.35564842336335445,0.4197377067780906
0.3836177122661531,0.31065146848130654,0.2837074267318196,0.07229335607608867,0.23224043578023945,0.3336567920535798,0.20178736061491798,0.4554270675816899,0.2883097645950471,0.38357298943426743,0.14030319633781588,0.33802936054052696,0.40241796937577967,0.0,0.3961042374212353,0.42626392438565863,0.3801698816457611,0.45300696060979917,0.2684191999002947,0.3847817774566698,0.0,0.3996984706071291,0.4638723770863204,0.2752347805696675,0.3525100651797531,0.22208010303185666,0.4198777449010745,0.3481011947933903,0.4600046389020621,0.30412113295483606,0.4657669771770056,0.2560861466346719,0.07754350360460321,0.37256489035713297,0.0,0.2484867561966443,0.16548434779208038,0.1945167646403438,0.15483276863481096,0.14268991366447004,0.24364812444377243,0.0,0.21354279966892878,-0.008777257404720157,0.39481197422041847,0.429288163305541,0.4162348137461922,0.2813465911688402,0.15257609451152043,0.3659102792441436,0.3577670064323512,0.4611227654629245,0.5242220789845202,0.3976419920719363,0.3613777828738447,0.22085719827718941,0.27913465301478846,0.42887663749430793,0.0274994052185094,0.3620120464207095,0.4206291566591556,0.29779784025419953,0.37156367989331646,0.2582835768067065,0.38221694333206413,0.623240856228817,0.4498167447778525,0.49175399624387306,0.24965483266063943,0.4182538433115052,0.33188258995766207,0.42864610396321723,0.4385505606908581,0.5296763888508802,0.39244861433003997,0.4174816947670123
0.4116418472386916,0.43231732878349005,0.5134313718286236,0.0,0.5379818742602757,0.40865191910963194,0.35565544518704834,0.28206277390191925,0.5383181785447486,0.5193052930735361,0.4382446362021766,0.39415093318577893,0.424481984175936,0.01704939227068669,0.5908690246352482,0.4847002465841306,0.4939221051239056,0.4877330358416832,0.5380661693629849,0.6214142036290533,0.3996984706071291,0.0,0.3897190324896883,0.22497447344858273,0.44161639157391475,0.33640555607310263,0.6030993526857272,0.577978417886847,0.5355633757461843,0.4723850651781893,0.5123265009846042,0.28025446066360227,0.07401228471448618,0.4003424830548084,0.0,0.38400859554721467,0.2511014293990303,0.211370104662804,0.13177423264607505,0.0,0.17866239733206563,0.0,0.14678058140837377,0.0,0.4299368245283492,0.420864395836485,0.4374968665081126,0.47377901112116405,-0.007286645652642995,0.47032994055020527,0.3143261659632058,0.38494292736269,0.4158154791686878,0.5364139288505214,0.4973616187374196,0.46853900365079837,0.3459107735451416,0.31061086203241617,0.0871649309619947,0.5904727857147501,0.4581960844934643,0.40251223557416166,0.44329083656622953,0.47081940226832786,0.6009210081770798,0.44335233623582093,0.6340895275360431,0.40074742965467874,0.251077070611029,0.44514756292613256,0.31165777648899284,0.5598496400899233,0.5238800656059595,0.40998685958268116,0.39493441680010155,0.5001919466387352
0.306180557620456,0.49342885288017474,0.43758325088278144,0.0,0.24976915242514638,0.5393587927020054,0.23892014184842297,0.6229969164270142,0.4079255992941748,0.3886877498462949,0.3143710087163773,0.4767548126687812,0.4445675807582158,0.0,0.3274986923077835,0.27767003153752895,0.39186975529407136,0.36086357640941413,0.41416299981168775,0.3609836146252077,0.4638723770863204,0.3897190324896883,0.0,0.41698438960637324,0.4818485826918306,0.417025061845656,0.4191109838219336,0.35047748064206435,0.3518205889526147,0.19079363922397874,0.30270814836179805,0.22435710346335042,0.09933037140446065,0.14026908920937858,0.0,0.17408958672467736,0.1462594974556905,0.32246651760274286,0.16964634716404736,0.16769632345160698,0.09969955531438181,0.0,0.07747187178424439,0.0,0.41907019391083083,0.3032670069576509,0.5522483741621138,0.4079153485690805,0.15411630600911758,0.34051630015970685,0.5437870101942673,0.42477476296873473,0.5831205419189348,0.49178323085994935,0.37061785029712174,0.3500400291680056,0.4457802518044187,0.4699249884961394,0.0,0.3191040605716242,0.28080737888417134,0.37265310114810957,0.3171203115002516,0.38409078187730555,0.3869016549234497,0.4393562225763761,0.41597625337771166,0.6148746323265984,0.3807504142111413,0.47334223806790704,0.45658828259707157,0.46667578291452794,0.4322092403569728,0.42290216729290947,0.35833482154343277,0.3224839011658496
0.36802668497534596,0.45579937885723315,0.2650956087097716,0.0,0.054961793086509,0.3892656587986817,0.19802203503677052,0.35600793251175916,0.23626026657308846,0.33149636596374504,0.0804576568279913,0.4964409042870575,0.400933432907266,0.0,0.11516664973324105,0.2529589672454609,0.3928843779226852,0.3552076768341757,0.23594064611873494,0.1376162393312549,0.2752347805696675,0.22497447344858273,0.41698438960637324,0.0,0.4860262969245068,0.5484471055554072,0.21993515249626902,0.1916026698637657,0.1937471651283848,0.014246095305558065,0.19573891801026388,0.36218390786575366,0.31338291425685016,0.0,0.0,0.04535383723505011,0.19063567099236595,0.3656873775740452,0.35052531484574034,0.40664075825046997,0.15778092882698916,0.0,-0.005517138323368368,0.0,0.3292067929979306,0.3284899212883218,0.3987338619716544,0.24016148895334816,0.25013050585384866,0.20309328939299942,0.40043197675192016,0.3607440175908667,0.2868955878016024,0.3143257329390754,0.3154566829344229,0.14154255574994443,0.47824781849405823,0.4037134521603482,0.0,0.12185677350820377,0.22593145216231925,0.42166899680308434,0.34573196989284366,0.23760622119895838,0.22487933221477782,0.2673453665310624,0.26821544438856415,0.35389358090486095,0.5897286867693166,0.41071153595780385,0.5581099389690763,0.2817427641491002,0.33355109567608615,0.286033072979135,0.33466217944551174,0.35179586985805295
0.4298694056390591,0.6502914401659161,0.4130174531971373,0.0,0.3196240945894113,0.5400593006686581,0.38058038645436076,0.35685636361787815,0.3821640186854332,0.4761459353645436,0.21066984806998765,0.4617381061343444,0.5122779968903178,0.0,0.24280640423527042,0.5087808603780387,0.5319505379231271,0.540622449669899,0.39533284665784196,0.2985728270801368,0.3525100651797531,0.44161639157391475,0.4818485826918306,0.4860262969245068,0.0,0.5545559371944125,0.43811834291847124,0.336883944549748,0.4669671806804282,0.08627253204051055,0.3316425504662984,0.38238244637242746,0.300401843036846,0.18101148006055578,0.0,0.21331927786402693,0.23821859650417856,0.3233410453619914,0.33874371056678515,0.26564560643799945,0.19905996610767082,0.0,0.06756980828232931,0.0,0.3694681290183762,0.40408388921844884,0.5293524857523569,0.3186916841296161,0.2446287079971459,0.31022680009480214,0.47086572995211523,0.4860039443495992,0.35494441111960173,0.42383042381329056,0.4102908002441914,0.27522358443971856,0.36859126732129394,0.44002442390419233,0.0,0.23272790134497592,0.40548207912997697,0.5049013513874032,0.45899209777702055,0.3169992501442399,0.3255706291263751,0.3251900118913469,0.4127313078313943,0.40806208429529217,0.42525120037898456,0.5373541493351172,0.4598315788011908,0.423006366120398,0.37362137987505484,0.42280165900121397,0.3028600889975233,0.38454943508786693
0.4646221406891101,0.5727107618393724,0.35932965173793635,0.0,0.23335875233347225,0.44780602365265243,0.32157222179542905,0.33712151245696914,0.34122773544855595,0.4001077020203167,0.22126943917983094,0.4733602227057043,0.41733481524524224,0.0,0.19155422369222755,0.3257086693580735,0.45042668314641043,0.3550242278206168,0.367939983724419,0.20718049512334283,0.22208010303185666,0.33640555607310263,0.417025061845656,0.5484471055554072,0.5545559371944125,0.0,0.27173711448240817,0.30619679978644176,0.25066754999929375,0.05316137839094084,0.1973201468752477,0.35348184448394954,0.33548926418684305,0.0,0.0,0.07996690621653695,0.23207046791658384,0.31863272087267824,0.36146521041989005,0.33528051832671235,0.14790105106397827,0.0,0.0,0.0,0.2890149402111952,0.36632820361483076,0.42972271581146104,0.3378828177340713,0.23457077924894282,0.27377155244430934,0.3809743344404924,0.3857666518649963,0.2527199114926372,0.3625015712117185,0.3409939566330276,0.2623577533724337,0.42770480748744016,0.3566965119533553,0.0,0.18775950142432418,0.24016112484024552,0.41628363722987527,0.3245346327812095,0.35275895770614146,0.2828289973949212,0.1830052512803981,0.32861943750930167,0.3098193993484173,0.5039788290955926,0.40330848756455595,0.5559999216316971,0.31447964872627077,0.315127352000518,0.22026638741444612,0.3086081344079055,0.3475570584331596
0.31164292489490897,0.4108155804125454,0.5373167042427892,0.0,0.5484819136051303,0.4589979732014447,0.3795585043061348,0.3036759095711767,0.5542754925955917,0.5317382953071509,0.44216406097618105,0.4103414663170519,0.4691038743982421,0.036887823470602064,0.5309523301669968,0.5174913775842415,0.4977545622381154,0.5266171901564807,0.5502036656501772,0.6049569778116086,0.4198777449010745,0.6030993526857272,0.4191109838219336,0.21993515249626902,0.43811834291847124,0.27173711448240817,0.0,0.5818386183908008,0.5947566664410894,0.45609141649584156,0.5562589528412392,0.25571181601793436,0.03940678968828331,0.38775443883510996,0.0,0.3794814876088786,0.3012701690487831,0.21453742347223503,0.10838987672114828,0.0,0.21129198314581205,0.0,0.1629722784698172,0.0,0.4583587128876888,0.3398121173535623,0.46053138813931527,0.49890686840690057,0.0,0.47615319946126494,0.35555199418693206,0.34936291883536197,0.4636247512525419,0.5501272488622396,0.5108854155885769,0.4932252550881827,0.36493163085422287,0.3085283174979152,0.1546502602532989,0.5439280037114709,0.47121708413714175,0.4037091868639747,0.48660522389207295,0.463611820250896,0.5561049926446322,0.45943681717847906,0.5909612217995179,0.4592322774920109,0.22853370034412565,0.49522331469811914,0.26564424306139567,0.6077574648588883,0.5304995701053564,0.4798352010765464,0.384155939630998,0.4841829882820451
0.3248848326285799,0.3028386964874216,0.5152663879468179,0.0,0.5589274664599497,0.3358810550246324,0.4008653850958229,0.24456013354974962,0.5444532804059004,0.5754791467168044,0.48820930629439374,0.42966617121163475,0.37576400189336684,0.04256089729119731,0.5871018636948852,0.4159558667473317,0.514723365453808,0.4434531709883935,0.5207159450688261,0.5765610210673441,0.3481011947933903,0.577978417886847,0.35047748064206435,0.1916026698637657,0.336883944549748,0.30619679978644176,0.5818386183908008,0.0,0.503762812697044,0.520707040093146,0.5453705266049923,0.26469410219493666,0.038840132885377326,0.3375401916401753,0.0,0.3491626966901423,0.3669237620255849,0.18470591822439433,0.09323536548087248,0.0,0.1345323876218029,0.0,0.07664445838063054,0.0,0.4171830186537253,0.35140390942125993,0.42371260157365864,0.5494639989492249,0.0,0.4750165735959799,0.2157721706772466,0.26773844469260877,0.39197703829714586,0.546644768627911,0.5559876438320629,0.5317281114261023,0.4088400933018687,0.19497420631902426,0.16446335667984371,0.583731176593337,0.46536292686453873,0.3829241432819872,0.4756761473455854,0.5039390678122867,0.5420641654479064,0.4029546550393242,0.5972203970412413,0.37243390727078296,0.2541303903982085,0.45496486093224575,0.32262847298203623,0.5341330829295937,0.5256515915742541,0.34356533542548445,0.4245662411155991,0.482349837736362
0.27558954243163447,0.4115833609073715,0.4227181160258221,0.09548786260189757,0.5043608853183305,0.43055373185645585,0.45111817264164394,0.26225856583892426,0.4346335189182332,0.5315883708502284,0.2898980417110086,0.35715885742716735,0.48883952647994194,0.04318869260719438,0.426671027553102,0.6012332493044719,0.5531700473445352,0.6150545914923357,0.43447953763191416,0.48439945788609173,0.4600046389020621,0.5355633757461843,0.3518205889526147,0.1937471651283848,0.4669671806804282,0.25066754999929375,0.5947566664410894,0.503762812697044,0.0,0.3519527028341024,0.5384051313758329,0.3096408370751283,0.10972435298898378,0.42484121094216504,0.0,0.3052744500690082,0.28337862404854536,0.16886038098539358,0.14348876528832988,0.025229566316973925,0.2431875410940964,0.0,0.21743196014514396,0.08803707532990478,0.3864117130685872,0.32923482935959275,0.46870173802982673,0.3789194125599543,0.0,0.3611529762599496,0.266183803187639,0.3269680368313557,0.42036892663963543,0.4167355769974836,0.46076518431380264,0.3672335787235818,0.2736517925248653,0.2980322919177048,0.08926248621302928,0.41128422888884797,0.5628091145930515,0.4068671325939869,0.5313681149160624,0.3503179924860493,0.40903959064180995,0.4474577479526946,0.5206361198677686,0.37960604799335895,0.1647422590463677,0.5117669724877356,0.21620522403077597,0.4802830779633508,0.4082083650675748,0.481135629450687,0.2863481432845562,0.4354259918401955
0.2526079357513232,0.05266286700633027,0.39983614485970914,0.0,0.43545019800563867,0.10912573989037136,0.18381530000928048,0.15551694059608828,0.4026856919688199,0.36880097624676444,0.4244674707556795,0.19922504386376896,0.16166702432998062,0.12584932760996106,0.5476605077849847,0.27022513049514263,0.27137507678759637,0.2575303632517361,0.4301901601788919,0.504737003383935,0.30412113295483606,0.4723850651781893,0.19079363922397874,0.014246095305558065,0.08627253204051055,0.05316137839094084,0.45609141649584156,0.520707040093146,0.3519527028341024,0.0,0.4791860388086186,0.100968247980839,0.0,0.3811623037802524,0.0,0.34913974531298003,0.2805770424138341,0.08705409170644086,0.0,0.0,0.11857944031429214,0.0,0.097730626193241,0.0830434601436514,0.3565745982050528,0.3017652978632365,0.2294537832221482,0.4367238640559309,0.0,0.4290571831275675,0.06940150467382335,0.17929099223452116,0.2987196207684246,0.39414191299390805,0.43034146446089416,0.42385529309398134,0.22052969966926317,0.07658804994115304,0.22367846085047374,0.5548123672132202,0.3547160835633579,0.1616795123279241,0.3281379668387012,0.4464314407881161,0.4800113452328519,0.37540034340071865,0.5072791283330811,0.25565974420226817,0.06805988115825323,0.2478374935382296,0.16259632500293877,0.4163035787509581,0.44656193160919866,0.28779452796930666,0.32162827735124344,0.3787790276769342
