0.0,0.5313709311402561,0.3422420947626959,0.0,0.0,0.47939070607251644,0.5124578227381866,0.5055618310093913,0.5006289914076085,0.20517876230162527,0.0665471655225011,0.32951141728039635,0.6948202703621124,0.0,0.4053373279508209,0.0,0.5938289065824537,0.17533343781426067,0.5213320221414857,0.0,0.49230900294563634,0.06456651027273737,0.5947038093881758,0.6452945505305014,0.6454407155350387,0.7839961296682766,0.5315611897396412,0.40673471412796025,0.1834956394015241,0.34203183009992444,0.40355355553178396,0.1504740855045307,0.0,0.025064095844437768,0.0,0.12280230412857525,0.1362459274992796,0.1650256708535202,0.5279220089080677,0.5051975220033496,0.44752495454964303,0.14069404673758296,0.0,0.0,0.0,0.8025635031066113,0.6883473741275826,0.36033313436294084,0.0,0.16765315907743122,0.2345016879385774,0.5538379310802564,0.5699562721253754,0.6053112584595456,0.43352067077569223,0.2978496817593354,0.14123895199972672,0.38526455973292995,0.0,0.4666146051331788,0.5509382989777184,0.5572501503464095,0.7068951810327406,0.29041819417936227,0.49219470236075524,0.5417027814887833,0.54866936518419,0.6232628161006175,0.6598349212751977,0.6221956319435079,0.6867614582750426,0.5821093139956697,0.35735226865531805,0.26188408780059635,0.039271759083912186,0.39131944933277146
0.5313709311402561,0.0,0.29933102441203646,0.0,0.0,0.6146577251206922,0.3819693538710553,0.45275228379071353,0.24748027273293194,0.22304181281161573,0.06589951925290402,0.22316434132600613,0.5722665846442697,0.0,0.26782125744710306,0.0,0.5614320903447811,0.5041709054284346,0.4241478313837761,0.0,0.41619878806268934,0.0,0.6021535293655239,0.43835980783681755,0.6097114221139979,0.8425426960902598,0.3174631981010864,0.04929290637920438,0.03866297215995109,0.19032720472890627,0.0,0.11251684330668536,0.0,0.0,0.0,0.011829223006760233,0.14993692984704388,0.0,0.37821652172537745,0.36279950607964767,0.26979298530018164,0.11408926035459148,0.0,0.0,0.0,0.5505003777840073,0.6932604795678617,0.1591782103110828,0.0,0.0,0.14157816052533143,0.32485672882975725,0.41696796274057135,0.29206073321563975,0.44511511432446266,0.25628533911062656,0.12814180090700084,0.17865107609516645,0.0,0.5294549573675115,0.30972065592292,0.5934874952031568,0.472190663036665,0.2289905260057836,0.5458818921808621,0.5806087291369151,0.614813830083977,0.5540744402444142,0.3806185476192894,0.6803941967226402,0.649128217396654,0.5233438183470538,0.0,0.16745446412588677,0.0,0.15957324218694197
0.3422420947626959,0.29933102441203646,0.0,0.0,0.13341015825307173,0.6486030355388006,0.12042393517309413,0.3192026289504256,0.7168344609853388,0.0,0.6921425222834282,0.034195170345517764,0.40543101753756144,0.0,0.5567220438171192,0.0,0.32092511311412175,0.23340492239076757,0.722421711626433,0.462698787148041,0.14426244173380023,0.43890534121209157,0.5591279736707284,0.25207733056871995,0.5193882402891139,0.4270722996746122,0.7499173355381321,0.2648036851354899,0.12833582628978785,0.14335602702969383,0.09030199786108327,0.0,0.0,0.0,0.0,0.14077037926297942,0.07979046847778865,0.015055815172348476,0.07198182993180123,0.0,0.2506806713641614,0.0,0.0,0.0,0.0,0.26273687594471573,0.3706640151728411,0.8919629358420335,0.0,0.0,0.4003028016816497,0.08023034339556333,0.35440122588292855,0.6780789372923983,0.20380392307906825,0.7100816693464544,0.013019100057827067,0.09511857720667367,0.0,0.3130009146990704,0.29560019296839124,0.14523590612255832,0.4055361478021843,0.6506228865570818,0.45612693156000716,0.21262673407397056,0.4149760298110157,0.5931373225904897,0.2521670904635052,0.3616632169035014,0.3597490108489677,0.5827545771060453,0.38763886833457173,0.060161829653136656,0.0,0.2830005386634765
0.0,0.0,0.0,0.0,0.2887909497888696,0.0,0.0,0.0,0.0,0.0,0.0,0.0,0.0,0.5588084569459101,0.0,0.28692733342819987,0.0,0.031838831585876685,0.0,0.041517980918204946,0.0,0.043570022088264646,0.0,0.0,0.0,0.0,0.0,0.0,0.0050151924304842705,0.0,0.0,0.15762371177975754,0.37944213226955276,0.04748874068633402,0.1920465776280413,0.0,0.0,0.0,0.0,0.0,0.0,0.0,0.3931531011814984,0.2525807869770337,0.14039737260179716,0.0,0.0,0.0,0.40238067941640104,0.0,0.0986414650054368,0.0,0.0,0.0,0.0,0.0,0.0,0.0,0.33831699884567806,0.0,0.0,0.0,0.0,0.0,0.0,0.0,0.0,0.0,0.0,0.0,0.0,0.0,0.0,0.0,0.15981402648616413,0.0
0.0,0.0,0.13341015825307173,0.2887909497888696,0.0,0.09341049579707317,0.2581078396500876,0.0,0.19399983344754812,0.0,0.1810749867894575,0.0,0.16767544664341436,0.4166962833308583,0.1252968099836705,0.23720922788704402,0.004779415160574693,0.06039008810589542,0.0,0.42808414142206436,0.18508617515071238,0.3188449882024557,0.0,0.0,0.22928108476957462,0.0,0.2451458499866363,0.312152565326413,0.38540475681512376,0.0,0.16584072583232617,0.22808912080071117,0.2766016714793986,0.25143983376280993,0.2198881868584041,0.1951416966658532,0.03215917859950182,0.16107771674964944,0.0,0.0731122171350277,0.0,0.0,0.2626764832725329,0.19831547727374937,0.2384751474205219,0.0,0.008910882992695976,0.23555088687304995,0.10432571492266231,0.0,0.2335486905770507,0.01679896164807208,0.0,0.15744873113070507,0.0,0.24067846046090646,0.0,0.09839281498334028,0.321107842699894,0.0,0.0,0.0,0.0,0.05032971820925267,0.0,0.0,0.0,0.0,0.02912311032560277,0.0,0.0,0.0,0.3785034499183665,0.13415300563046445,0.37552338835072224,0.10874815864917266
0.47939070607251644,0.6146577251206922,0.6486030355388006,0.0,0.09341049579707317,0.0,0.25069911116813354,0.6361199877465707,0.6525666254982095,0.0,0.3793229295928568,0.05391179796550593,0.5445376375438288,0.0,0.36598871564582447,0.0,0.3661941739276257,0.2971035816455876,0.5977199347229492,0.244164027548146,0.299156766347466,0.1771342974178642,0.8062777287487328,0.3651490637907161,0.55935597765993,0.6947779736545157,0.6791852002448298,0.19478841523624105,0.29496996005749765,0.18106906110888296,0.0,0.0344333522544386,0.0,0.0,0.0,0.0,0.06490160564172394,0.0,0.22612524153180233,0.23138566752978754,0.3002301863878285,0.0,0.0,0.0,0.0,0.4285666594039477,0.5441697825504597,0.6210172432189368,0.0,0.0611014778644869,0.5629100305493797,0.2060553846542337,0.5414218147921641,0.7006049058620822,0.14753785882623868,0.6867914953047596,0.1266852820359889,0.1410896409960686,0.0,0.32159122159090514,0.27670179653605836,0.3716659123452878,0.5325327820544142,0.518562075126204,0.3688281239187952,0.3374136612149263,0.3874166473637149,0.7327248260608838,0.3629741427643311,0.4800572586462312,0.461002692611392,0.5482013590002118,0.26699061354784304,0.03987230403239497,0.0,0.07589496506889647
0.5124578227381866,0.3819693538710553,0.12042393517309413,0.0,0.2581078396500876,0.25069911116813354,0.0,0.38338400426177804,0.3834983052942498,0.6554750933491478,0.0,0.6568990446789688,0.6255833826305492,0.0,0.3151211197373158,0.0,0.7272515352155684,0.0,0.41098576586041613,0.0,0.43306160116627607,0.0,0.23061307594042013,0.6803792169218025,0.41618523426575127,0.5624328438718722,0.36974427172525853,0.5576548100656948,0.0,0.6071172887313258,0.6440334407808544,0.0,0.0,0.0539418283269231,0.0,0.27108762961514965,0.28889513173838494,0.46418729444139945,0.4429502468017251,0.4039678631831426,0.10242230749718474,0.20664020772434633,0.0,0.0,0.0,0.37122451942243584,0.4767351457068136,0.12920688514078463,0.0,0.365987392609065,0.0,0.730148445777515,0.48919465061722156,0.4292045329203634,0.7267848159737348,0.21858957001341942,0.4375588538494135,0.20079546983644012,0.0,0.5528411317826175,0.1613720061906072,0.659249205574952,0.3476343733377902,0.04817809572265312,0.5758866469196875,0.6110948525070418,0.574850284980603,0.35047029936880497,0.4598626169417106,0.5345283804795912,0.6058577814727284,0.6230702205773045,0.15268676082365476,0.0,0.023700464138855803,0.03974539562490101
0.5055618310093913,0.45275228379071353,0.3192026289504256,0.0,0.0,0.6361199877465707,0.38338400426177804,0.0,0.3971647649223594,0.19143358132970195,0.09303455182779555,0.3668550990943891,0.4829338837820236,0.0,0.0749389069355208,0.0,0.3728035812460613,0.06724170566598886,0.48128620595930083,0.0,0.287260573697712,0.0,0.76112705053444,0.5963683205020917,0.2637154499267487,0.5994293343306838,0.3100476909564154,0.2682718883269539,0.0,0.4007473671513559,0.19616984325054113,0.08733480550441627,0.0,0.0,0.0,0.14896457190720166,0.08640611779792902,0.0,0.43473826764871515,0.45294610296801224,0.21978965793011654,0.0,0.0,0.0,0.0,0.5119690606618114,0.4867025004160158,0.2719600199386742,0.0,0.17994599509177778,0.28100123026636886,0.3933148244626283,0.7460959389599695,0.475241492397788,0.3227338111802704,0.24575754465054722,0.3810420501088067,0.2643717130985908,0.0,0.3762335946309256,0.228151481276048,0.539159774258528,0.5381094281761946,0.16413338132713468,0.37338685489353945,0.478701452450232,0.3878391888246845,0.6654323776449202,0.5503280913002385,0.5265494165502769,0.6204418719416709,0.3969125834861341,0.13673345133603734,0.0,0.0,0.06879553887926132
0.5006289914076085,0.24748027273293194,0.7168344609853388,0.0,0.19399983344754812,0.6525666254982095,0.3834983052942498,0.3971647649223594,0.0,0.08906130072213876,0.6320626507839071,0.19018643690852405,0.5377231743948411,0.0,0.5983089904662091,0.0,0.4721454309620283,0.01865516114604062,0.7721763381603306,0.38811520929519344,0.12214211320942056,0.2230319254218907,0.4704312825099285,0.48009177445277446,0.47264352844792923,0.49611453254945703,0.7991317808784044,0.5242968307635261,0.15571873498919592,0.3761040889725851,0.259488624602491,0.0,0.0,0.0,0.0,0.18241322723825865,0.21429603716372958,0.0777817534663377,0.19799726756567637,0.19154424620008148,0.3177968899368476,0.0,0.0,0.0,0.0,0.38783547149083936,0.38815905373956494,0.8204651030086263,0.0,0.283819388509713,0.3515543238202368,0.4068570256990631,0.5081505765110419,0.954236012681595,0.26451795793374117,0.7797534980658287,0.25561921210808,0.20446907815688736,0.0,0.4197161790022195,0.37285859771319513,0.3478676479830228,0.5359975730445445,0.5812604851884396,0.5224539950878259,0.29983919695152345,0.4940699133914306,0.5773554696646637,0.39052057324356776,0.38226184276868413,0.4616948940675277,0.6460315859849437,0.5290380614619591,0.0,0.003946632120251577,0.15750585620420063
0.20517876230162527,0.22304181281161573,0.0,0.0,0.0,0.0,0.6554750933491478,0.19143358132970195,0.08906130072213876,0.0,0.0,0.8141906805616457,0.19732969808938666,0.0,0.07939222387250364,0.0,0.5142791576883359,0.0,0.30002529942656236,0.0,0.23657407801760819,0.0,0.0,0.6433436263400251,0.0,0.2693792049847127,0.0,0.620204053318823,0.0,0.6768144063712344,0.6245243353379,0.0,0.0,0.0,0.0,0.41085575996161916,0.20678667833754386,0.3583701739885018,0.16327304493379663,0.1951591458767419,0.0,0.056675957186102924,0.0,0.0,0.0,0.052123653107872266,0.17579642813089907,0.0,0.0,0.2824269099564923,0.0,0.48495576932856954,0.33874523315295585,0.0709146935647833,0.8030271546523106,0.0,0.6668413198431542,0.0,0.0,0.5627313477294593,0.0,0.540931449451693,0.05161468763753633,0.0,0.5501882557435408,0.5967674410913745,0.5115002783636611,0.08804218363030192,0.2449396453278528,0.48144111252478966,0.5514382427186622,0.5088087195428131,0.0,0.0,0.0,0.0
0.0665471655225011,0.06589951925290402,0.6921425222834282,0.0,0.1810749867894575,0.3793229295928568,0.0,0.09303455182779555,0.6320626507839071,0.0,0.0,0.04720420942760349,0.06234546288413723,0.017793204982262428,0.590651813768039,0.0,0.11776268427837487,0.049149708600280145,0.5558466594348811,0.34964099973809676,0.0,0.25136393183630484,0.21779211650333533,0.1555507882580562,0.07334405437585934,0.17881899319151445,0.4993392908283157,0.20865300523136204,0.0,0.20122038432142278,0.0,0.0,0.0,0.0,0.0,0.27473319547610486,0.16477110476109513,0.11400247959190257,0.0,0.0,0.0,0.0,0.0,0.0,0.0,0.0,0.039062085948315936,0.7068345591696478,0.0,0.22040608231678008,0.07096128008843404,0.0,0.16675816442900682,0.5188136925390945,0.07041216431436781,0.7474207477771029,0.17868182616073985,0.0,0.0,0.37936639458049154,0.0,0.03857444642754241,0.148884435456793,0.5502425915400857,0.45539640278358173,0.1759184212945733,0.40976566129440456,0.3307242422145829,0.0,0.08434724659605032,0.23994282712959997,0.4780200376486253,0.18070394323202643,0.0,0.0,0.0
0.32951141728039635,0.22316434132600613,0.034195170345517764,0.0,0.0,0.05391179796550593,0.6568990446789688,0.3668550990943891,0.19018643690852405,0.8141906805616457,0.04720420942760349,0.0,0.20642104837694183,0.0,0.112050428482252,0.0,0.5354246569661187,0.0,0.3401850050784952,0.0,0.08563360349273541,0.0,0.2385993581504177,0.7371452975193654,0.0,0.36528876686430467,0.0,0.5719511484991849,0.0,0.6575078163227638,0.5632572664720434,0.0,0.0,0.0,0.0,0.4437659940475419,0.22271476996721876,0.37887961127243397,0.19146260976906215,0.2752008776049786,0.0,0.061805370692353756,0.0,0.0,0.0,0.14956471932180027,0.23488027502931877,0.0,0.0,0.38710009905699727,0.0,0.5048635357043573,0.4581530739052938,0.16030760211084405,0.69062695071298,0.021329788359151617,0.7827978176747983,0.0,0.0,0.5641383255219399,0.0,0.5659980230217053,0.13285472536819215,0.0,0.5489133084557106,0.563673348047713,0.530683474518107,0.2821100711422095,0.4110029186577092,0.4110656304736053,0.5803660638448163,0.48568107202646577,0.0,0.0,0.0,0.0
0.6948202703621124,0.5722665846442697,0.40543101753756144,0.0,0.16767544664341436,0.5445376375438288,0.6255833826305492,0.4829338837820236,0.5377231743948411,0.19732969808938666,0.06234546288413723,0.20642104837694183,0.0,0.0,0.31016180819917866,0.07869360851444174,0.7625266311919432,0.37943487267979875,0.4914679665843889,0.20488051364263696,0.5157247743673468,0.20972968861421556,0.5251796338079654,0.49241303890748117,0.7585182426910745,0.7494341333979228,0.6308986284355383,0.39370841572442167,0.415052679485854,0.3086390614473432,0.43364736520163744,0.14292850220258316,0.0,0.13606708891330233,0.0,0.11317110542286749,0.2185925084891223,0.20007776800246513,0.49198723096496355,0.5136694505785748,0.48384841854349353,0.18080594544726677,0.0,0.0,0.0,0.6874460478726447,0.7408127193303812,0.41523173616760656,0.0,0.09370245774265328,0.3045062023128282,0.6358771280554731,0.46705296906870464,0.6352990399238833,0.5471487068294982,0.3877756201336502,0.0778799244438906,0.5841941764368731,0.0,0.29790890179996254,0.6792256775601814,0.6803853954467889,0.7206015098647419,0.2664560415096828,0.3861185197541321,0.3788275016041558,0.4327533817221139,0.49287542984545346,0.5332302739044154,0.6272190776419574,0.5273388261240429,0.5029955510560666,0.5333402270013835,0.36785107278029117,0.13141685978562562,0.5212980691199215
0.0,0.0,0.0,0.5588084569459101,0.4166962833308583,0.0,0.0,0.0,0.0,0.0,0.017793204982262428,0.0,0.0,0.0,0.0,0.2983376511421778,0.0,0.11065232031084489,0.0,0.40405139150041897,0.0,0.3405381535003537,0.0,0.0,0.0,0.0,0.0,0.0,0.2676113275017966,0.0,0.0,0.07464180082420109,0.24306266580606992,0.011333971560657288,0.15335039167347478,0.0,0.0,0.0,0.0,0.0,0.0,0.0,0.301743069603423,0.2524903981100538,0.2947354671938363,0.0,0.0,0.0,0.24743089559620304,0.0,0.2855161755686634,0.0,0.0,0.0,0.0,0.0541034671370621,0.0,0.0,0.3339546314064414,0.0,0.0,0.0,0.0,0.0,0.0,0.0,0.0,0.0,0.0,0.0,0.0,0.0,0.06593183602127657,0.04206068441100783,0.15584780937511386,0.0
0.4053373279508209,0.26782125744710306,0.5567220438171192,0.0,0.1252968099836705,0.36598871564582447,0.3151211197373158,0.0749389069355208,0.5983089904662091,0.07939222387250364,0.590651813768039,0.112050428482252,0.31016180819917866,0.0,0.0,0.0,0.2895640278026632,0.1660383025662366,0.488406887351775,0.3972616418339638,0.32497279762151116,0.33523718363448335,0.19567722670635454,0.3177928808328678,0.4113936946674019,0.45370462911566845,0.6362697957154612,0.3460820734271328,0.013411784895228644,0.25236443675641385,0.3444933707389816,0.0,0.0,0.0,0.0,0.27282212606916983,0.2069682387327407,0.219646350008431,0.0,0.032643500716249774,0.008271397295742425,0.024350859364885156,0.0,0.0,0.0,0.25672973497232005,0.3061200622631923,0.6502469182143453,0.0,0.10311296527377141,0.12368808147558544,0.20766931101082142,0.2035557554261345,0.543942903760724,0.23718223030635932,0.5336048753849325,0.0,0.0,0.0,0.46861446998696255,0.06789591386077783,0.14456955549417674,0.2285674848143841,0.48617506012641737,0.5668682941873245,0.33821506418201064,0.5517003928940425,0.3971139911426033,0.22617468687203238,0.24371601482991337,0.41001157963984086,0.6259521478329922,0.30250468631870997,0.06693790320131236,0.09231376140116027,0.19206341908514693
0.0,0.0,0.0,0.28692733342819987,0.23720922788704402,0.0,0.0,0.0,0.0,0.0,0.0,0.0,0.07869360851444174,0.2983376511421778,0.0,0.0,0.0,0.6270822121227342,0.0,0.48706374938020053,0.2390077808622223,0.7001273812300991,0.0,0.0,0.36956628656894436,0.0,0.0,0.0,0.5906403536197797,0.0,0.0,0.4956761761736193,0.6467913544433568,0.5345149966479373,0.7432417474251003,0.0,0.0,0.0,0.04435529112173214,0.012900334078613017,0.033813104909951146,0.22799237580390905,0.6166928097494621,0.3190002536142418,0.34590507046241575,0.0,0.0,0.0,0.5539316876495152,0.0,0.289700782743175,0.0,0.0,0.0,0.0,0.0,0.0,0.27490479153609304,0.4870431328737499,0.0,0.0933337647274513,0.0,0.0,0.056119161861547966,0.0,0.0,0.0,0.0,0.0,0.0,0.0,0.0,0.21324822157531942,0.5000861056616095,0.3985847670209169,0.3699920597243118
0.5938289065824537,0.5614320903447811,0.32092511311412175,0.0,0.004779415160574693,0.3661941739276257,0.7272515352155684,0.3728035812460613,0.4721454309620283,0.5142791576883359,0.11776268427837487,0.5354246569661187,0.7625266311919432,0.0,0.2895640278026632,0.0,0.0,0.25829503601634096,0.5496347559213862,0.0,0.3785304372791822,0.0,0.3887637594909581,0.6843183932368739,0.5496302682483424,0.7417094116109174,0.4710648562397562,0.5018973336921652,0.0,0.5201737933336793,0.5460505676499229,0.012463998925109816,0.0,0.0,0.0,0.21095189816725513,0.29681931463181904,0.29086242339367896,0.4283446628884795,0.4499164729821335,0.3107574534317623,0.2783274593686725,0.0,0.0,0.0,0.4656125670213517,0.5365338145922287,0.2580264495735214,0.0,0.1303664322894636,0.0,0.5897151627071107,0.43890275254331884,0.5205281553462151,0.7418268826694357,0.26656911685093243,0.3336003528656131,0.2838274263204029,0.0,0.5457779234338023,0.38539688994547017,0.7510712927559728,0.5761867126334765,0.1879474009410269,0.6182703719610404,0.613808452598219,0.627363219030484,0.4468904710579354,0.44933719397391136,0.5956212995953212,0.6734942415477663,0.7004366090483396,0.247422911772152,0.01829336586049357,0.0,0.2180826879984296
0.17533343781426067,0.5041709054284346,0.23340492239076757,0.031838831585876685,0.06039008810589542,0.2971035816455876,0.0,0.06724170566598886,0.01865516114604062,0.0,0.049149708600280145,0.0,0.37943487267979875,0.11065232031084489,0.1660383025662366,0.6270822121227342,0.25829503601634096,0.0,0.08829421161174406,0.28161738576840556,0.35680903634572064,0.5058947728864179,0.1582128790884628,0.0,0.5517286985195238,0.37977027546019976,0.24530489826433663,0.0,0.36793662437859675,0.0,0.0,0.30337905972014734,0.2845002468932465,0.17081797622965528,0.15126962535602415,0.0,0.11828159885468403,0.0,0.11197848679459865,0.28048837834544094,0.16818113946793553,0.008926923858758868,0.25617577502582534,0.1567174649640123,0.0,0.3305909538708867,0.2935700895345089,0.21181324714340125,0.02945689531358479,0.0,0.20011042063341788,0.0,0.0,0.03734247266422289,0.06121667335945803,0.1796193727317511,0.0,0.2213475198387341,0.0,0.0,0.2701156378634751,0.1649772361277189,0.3518384984765903,0.24706745518712006,0.07243273823403933,0.041146763479833974,0.10742284626225315,0.05834057748080598,0.0,0.2306488892200903,0.07572200429359317,0.07287928446636767,0.20192108321121643,0.39941353414797975,0.16386946386729864,0.37857555946608257
0.5213320221414857,0.4241478313837761,0.722421711626433,0.0,0.0,0.5977199347229492,0.41098576586041613,0.48128620595930083,0.7721763381603306,0.30002529942656236,0.5558466594348811,0.3401850050784952,0.4914679665843889,0.0,0.488406887351775,0.0,0.5496347559213862,0.08829421161174406,0.0,0.03462307039869632,0.14407016711495063,0.0,0.5609863721374476,0.6145067124608277,0.4197563268096087,0.5825993278646308,0.6678653211799579,0.4882519829190532,0.0,0.5040618220970156,0.2653098872796782,0.0,0.0,0.0,0.0,0.2374289694541066,0.20001676692745224,0.05747338589349881,0.26045489923703075,0.18070112580503828,0.2833920623212255,0.0,0.0,0.0,0.0,0.4411262454143373,0.4143141968788526,0.6515180600293395,0.0,0.21150888375311253,0.11299207780908552,0.3990337330421144,0.5309195964137055,0.7936798930452162,0.4335753880921347,0.591472249364904,0.3267236447597861,0.09605526911561069,0.0,0.6743711599512058,0.28833368234614515,0.46460523720503066,0.5571996611867376,0.5299752559405363,0.750445905289418,0.6092916702007588,0.7116361667311689,0.6569643431908191,0.3751949653822737,0.6152225119082805,0.7136011001696296,0.8192347901475413,0.22292288442393737,0.0,0.0,0.17282327027726327
0.0,0.0,0.462698787148041,0.041517980918204946,0.42808414142206436,0.244164027548146,0.0,0.0,0.38811520929519344,0.0,0.34964099973809676,0.0,0.20488051364263696,0.40405139150041897,0.3972616418339638,0.48706374938020053,0.0,0.28161738576840556,0.03462307039869632,0.0,0.15329937248762374,0.9152425203168031,0.025673188585213263,0.0,0.33563357942307825,0.0,0.47707430854295324,0.04716945620978462,0.6358898397787405,0.0,0.0,0.14900260310780944,0.30836765950206124,0.27040365164428143,0.36031527201034175,0.0,0.0,0.0,0.0,0.0,0.09385734086535275,0.0,0.2539527599080907,0.21580654310917521,0.35464931134887845,0.01778777267181368,0.12348431065645361,0.6326548511921852,0.1815826918954335,0.0,0.5957718429841495,0.0,0.0,0.32728304824829885,0.0,0.4719068672541769,0.0,0.29940588054723977,0.18943386739103799,0.0,0.28689139140794223,0.0,0.0882098872797561,0.3958997419738075,0.0,0.0,0.0,0.0,0.0,0.0,0.0,0.0,0.6732379829342574,0.3086505199683882,0.4043379976315071,0.3933931231519262
0.49230900294563634,0.41619878806268934,0.14426244173380023,0.0,0.18508617515071238,0.299156766347466,0.43306160116627607,0.287260573697712,0.12214211320942056,0.23657407801760819,0.0,0.08563360349273541,0.5157247743673468,0.0,0.32497279762151116,0.2390077808622223,0.3785304372791822,0.35680903634572064,0.14407016711495063,0.15329937248762374,0.0,0.2282347762983983,0.19410949756514673,0.26183228244382734,0.620635539083044,0.5030335175338546,0.4442801282958123,0.22465119716655277,0.5318126553419902,0.0580155727932444,0.5222067035081838,0.3603943225939979,0.248096170838561,0.2917001320062274,0.09351771128728399,0.03018533651606148,0.0,0.08243236642160859,0.4734698013841649,0.3685378643809842,0.1461651540037966,0.20218353135458353,0.015040214307890053,0.0,0.020577462505803768,0.5037437694466824,0.5079283039170392,0.1607401084973138,0.080415184086428,0.0,0.2672222878517629,0.4268764688900925,0.3364276156132951,0.20003100169517224,0.44475100512666943,0.06732940225860973,0.0,0.4219015767083054,0.0,0.14336171358839106,0.26819294178329456,0.32203271797050387,0.32400170922036603,0.07837850651753876,0.1774290091248363,0.38320288337717096,0.21575120469629422,0.2914664730223972,0.3325361675893138,0.4075387731769698,0.36475642953312215,0.3400039093659015,0.40649542497464325,0.6227766984695078,0.2879892019210691,0.4617902513714063
0.06456651027273737,0.0,0.43890534121209157,0.043570022088264646,0.3188449882024557,0.1771342974178642,0.0,0.0,0.2230319254218907,0.0,0.25136393183630484,0.0,0.20972968861421556,0.3405381535003537,0.33523718363448335,0.7001273812300991,0.0,0.5058947728864179,0.0,0.9152425203168031,0.2282347762983983,0.0,0.03950560764395962,0.0,0.4234491781929736,0.05819025604047091,0.4299887855311623,0.0,0.6011319880503389,0.0,0.0,0.2737938116933561,0.3820730262916501,0.3055079501731134,0.43402948632069027,0.00019003519187721043,0.0,0.0,0.0,0.0,0.07041636483938415,0.0,0.38045171863246396,0.2732430256600621,0.30486159868243096,0.11456558397306024,0.2348184387917708,0.5592839051920246,0.21161995311331833,0.0,0.5118278353466006,0.0,0.0,0.15833633842633607,0.0,0.36527171481407406,0.0,0.3283891510865735,0.181902644352422,0.0,0.2713959987307596,0.0,0.08146364981978096,0.39599054703476383,0.0,0.0,0.0,0.0,0.0,0.0,0.0,0.0,0.5832420829989666,0.42192926610921916,0.4194724860344534,0.5173537715565649
0.5947038093881758,0.6021535293655239,0.5591279736707284,0.0,0.0,0.8062777287487328,0.23061307594042013,0.76112705053444,0.4704312825099285,0.0,0.21779211650333533,0.2385993581504177,0.5251796338079654,0.0,0.19567722670635454,0.0,0.3887637594909581,0.1582128790884628,0.5609863721374476,0.025673188585213263,0.19410949756514673,0.03950560764395962,0.0,0.47356054258221414,0.47099787747594063,0.7044535036551051,0.49766249760095,0.11506069273453488,0.11593181532490128,0.22093291777207774,0.025892458544828828,0.14688496179786373,0.0,0.0,0.0,0.0,0.0,0.0,0.43937591181557967,0.2672462910029693,0.3532145794232231,0.0,0.0,0.0,0.0,0.5468426430525642,0.6506911039842458,0.4606250171490914,0.0,0.08451261139093638,0.48592510355536517,0.2749911264984272,0.6870739623095957,0.5307470730816717,0.24044271477791834,0.4272145955554424,0.20882433218541716,0.2682101998916509,0.0,0.31787444579670737,0.3684707797244311,0.4115547030468055,0.5716357313342345,0.3986865490569348,0.36194376665511746,0.35826946754732725,0.3935718727933582,0.8696973091424205,0.491698105289333,0.5312016822404901,0.5799307590319869,0.48862734287673343,0.11035546300236702,0.06848858551008705,0.0,0.12267481822796597
0.6452945505305014,0.43835980783681755,0.25207733056871995,0.0,0.0,0.3651490637907161,0.6803792169218025,0.5963683205020917,0.48009177445277446,0.6433436263400251,0.1555507882580562,0.7371452975193654,0.49241303890748117,0.0,0.3177928808328678,0.0,0.6843183932368739,0.0,0.6145067124608277,0.0,0.26183228244382734,0.0,0.47356054258221414,0.0,0.23731917253083923,0.6925095421797087,0.33831912969994615,0.6645728792474287,0.0,0.765820872609778,0.5593873514151974,0.0,0.0,0.0,0.0,0.35584891834942867,0.23233005204444943,0.24110983098908373,0.38672014308270414,0.40623459446359766,0.12590743865633472,0.008853005135527446,0.0,0.0,0.0,0.5107302754958493,0.4672530571474887,0.2103977804456754,0.0,0.39194674257779794,0.0,0.6416902769972329,0.7210875794088942,0.5480711295442289,0.6966048119052983,0.23461868652144294,0.6528233122654169,0.11567538399476701,0.0,0.7245091619266545,0.22428750061333652,0.7589573016120743,0.5367141636609247,0.161134925667439,0.7220357160448088,0.8002578592603383,0.761887811795174,0.5446547168267397,0.6557585974280845,0.6959668805715001,0.8648919791261719,0.7279804781744874,0.12031739365755534,0.0,0.0,0.027576116851837463
0.6454407155350387,0.6097114221139979,0.5193882402891139,0.0,0.22928108476957462,0.55935597765993,0.41618523426575127,0.2637154499267487,0.47264352844792923,0.0,0.07334405437585934,0.0,0.7585182426910745,0.0,0.4113936946674019,0.36956628656894436,0.5496302682483424,0.5517286985195238,0.4197563268096087,0.33563357942307825,0.620635539083044,0.4234491781929736,0.47099787747594063,0.23731917253083923,0.0,0.7006742886464062,0.7500924447969566,0.19991984896411852,0.6225868120864159,0.0,0.2909062724836968,0.37152338135437163,0.21833153544295064,0.3515295916470244,0.16530282189913456,0.0,0.06811806219967304,0.05482572891852349,0.481937670384786,0.37305591675435873,0.5168731108697143,0.2494465486629739,0.02250682842520449,0.014209766751695167,0.023428183902929795,0.6216073440459656,0.6930987935929451,0.5073762364405277,0.0,0.0,0.4535581989609859,0.4249394382102371,0.2899599190329473,0.584990078979264,0.3781294397572895,0.40790781581013164,0.0,0.5122095937085671,0.0,0.15185579213257877,0.5782330637600216,0.3716708392970328,0.5472787824796262,0.3510567800050253,0.2722964101148306,0.23744494211774422,0.3023014216385544,0.4594425524909799,0.4456390783830281,0.5519456934348026,0.37337449709178905,0.488891723474858,0.4593710353719455,0.5520651273232698,0.17147180126064795,0.49924864239114825
0.7839961296682766,0.8425426960902598,0.4270722996746122,0.0,0.0,0.6947779736545157,0.5624328438718722,0.5994293343306838,0.49611453254945703,0.2693792049847127,0.17881899319151445,0.36528876686430467,0.7494341333979228,0.0,0.45370462911566845,0.0,0.7417094116109174,0.37977027546019976,0.5825993278646308,0.0,0.5030335175338546,0.05819025604047091,0.7044535036551051,0.6925095421797087,0.7006742886464062,0.0,0.5551946798790851,0.3313030707014988,0.14553497030848958,0.38030536231234374,0.29849143736764894,0.08802740376287789,0.0,0.0,0.0,0.13251022515085728,0.2058460652988884,0.11868227993780765,0.44643019091574315,0.4530223654550189,0.3244134746427297,0.15550506250818463,0.0,0.0,0.0,0.7107802773160881,0.7585912739410352,0.373462912894537,0.0,0.12048961753075281,0.18024044594049038,0.49016605490279086,0.5931710913123507,0.5650054153539833,0.5457079371680835,0.4205636188345087,0.254210421966398,0.2749808208558545,0.0,0.5720908177305445,0.4335036188645848,0.7106100158126691,0.6723416673282671,0.35273112729666983,0.6138680889326397,0.6532194776334262,0.6901090931298925,0.6673312817498698,0.5772968195539675,0.7231658087558887,0.7833751549894793,0.6537774901066268,0.21468916526203152,0.1281471309090124,0.0,0.2570632816304498
0.5315611897396412,0.3174631981010864,0.7499173355381321,0.0,0.2451458499866363,0.6791852002448298,0.36974427172525853,0.3100476909564154,0.7991317808784044,0.0,0.4993392908283157,0.0,0.6308986284355383,0.0,0.6362697957154612,0.0,0.4710648562397562,0.24530489826433663,0.6678653211799579,0.47707430854295324,0.4442801282958123,0.4299887855311623,0.49766249760095,0.33831912969994615,0.7500924447969566,0.5551946798790851,0.0,0.4082328310951252,0.4611286299879148,0.21700768148960606,0.35733200718488567,0.05202603381017927,0.0,0.022563533446109767,0.0,0.04644836191011603,0.06045699722144311,0.030090271669913328,0.2881315244189516,0.15699365293335538,0.4510546954754863,0.02057625193764012,0.0,0.0,0.0,0.4246552143111534,0.5271972255584825,0.7946211040112094,0.0,0.06498816249088063,0.4427059627449127,0.3620031695195012,0.37696979131483666,0.854973601058255,0.2614321685882747,0.6867707764090051,0.0,0.2828900205527423,0.0,0.29493439895584306,0.47685327996927923,0.23570958678114057,0.5670232309945024,0.5013885858600409,0.4188349000530826,0.25493183643637224,0.3903314477463923,0.5965625943931935,0.3153541975681944,0.41962344888766073,0.38887915401352957,0.7106496542793305,0.5936232660469238,0.275177184533172,0.012719787409191548,0.3599665857937649
0.40673471412796025,0.04929290637920438,0.2648036851354899,0.0,0.312152565326413,0.19478841523624105,0.5576548100656948,0.2682718883269539,0.5242968307635261,0.620204053318823,0.20865300523136204,0.5719511484991849,0.39370841572442167,0.0,0.3460820734271328,0.0,0.5018973336921652,0.0,0.4882519829190532,0.04716945620978462,0.22465119716655277,0.0,0.11506069273453488,0.6645728792474287,0.19991984896411852,0.3313030707014988,0.4082328310951252,0.0,0.0,0.7014180327264368,0.5691211573639487,0.0,0.0,0.0,0.0,0.4590667818086551,0.17988135359906396,0.2660085687287758,0.06367823961865957,0.31773041921615025,0.011081556051670155,0.005546008805263013,0.0,0.0,0.0,0.2267527855868005,0.1806193901954509,0.28294858810303497,0.0,0.18896502737176826,0.0,0.4283916359795635,0.3984785587339916,0.5541446353176082,0.4669999705741632,0.2043257728200573,0.522199691493917,0.0,0.0,0.45699813718476084,0.21530871760827724,0.4389349310974996,0.35565467147318974,0.09641371124998879,0.49474268556740514,0.42542704773088963,0.45126358352476814,0.20707576755738658,0.44396663242745993,0.42565262435975565,0.4715932172468924,0.5268459059609711,0.38982238620011994,0.0,0.05096277792937856,0.09436166305222497
0.1834956394015241,0.03866297215995109,0.12833582628978785,0.0050151924304842705,0.38540475681512376,0.29496996005749765,0.0,0.0,0.15571873498919592,0.0,0.0,0.0,0.415052679485854,0.2676113275017966,0.013411784895228644,0.5906403536197797,0.0,0.36793662437859675,0.0,0.6358898397787405,0.5318126553419902,0.6011319880503389,0.11593181532490128,0.0,0.6225868120864159,0.14553497030848958,0.4611286299879148,0.0,0.0,0.0,0.15272626476027515,0.5548630704652486,0.5140992899683067,0.5122741758272157,0.4071928705279141,0.0,0.0,0.0,0.29300820059909255,0.19003895636960422,0.3924176457047423,0.1524380970722541,0.31955159402441025,0.1376066746245643,0.46343675541546064,0.25158460860312365,0.356315843484141,0.26162146054142127,0.40432164129180215,0.0,0.6842703484188093,0.10864401567972017,0.0,0.2178106430053436,0.0,0.18381255305255778,0.0,0.6411300348069945,0.1819505031949324,0.0,0.43211874828901276,0.0,0.17091551522923343,0.1227186712843409,0.0,0.0,0.0,0.03548119169033331,0.13225588321909218,0.0,0.0,0.0,0.6106314340742989,0.6964729214469789,0.30940960687844354,0.46035656611549597
0.34203183009992444,0.19032720472890627,0.14335602702969383,0.0,0.0,0.18106906110888296,0.6071172887313258,0.4007473671513559,0.3761040889725851,0.6768144063712344,0.20122038432142278,0.6575078163227638,0.3086390614473432,0.0,0.25236443675641385,0.0,0.5201737933336793,0.0,0.5040618220970156,0.0,0.0580155727932444,0.0,0.22093291777207774,0.765820872609778,0.0,0.38030536231234374,0.21700768148960606,0.7014180327264368,0.0,0.0,0.4630740966062154,0.0,0.0,0.0,0.0,0.3595529063639232,0.21446421792502782,0.29269121497834105,0.13738456056383652,0.3029525753380211,0.028500943092960643,0.0,0.0,0.0,0.0,0.22122888820253808,0.24948226748154276,0.0866582143662732,0.0,0.42477462040713654,0.0,0.4900656742562715,0.5159502275604277,0.40792724656132406,0.5738710546688414,0.16471690715765147,0.6407018451771973,0.0,0.0,0.7213361430987847,0.141566295215845,0.5752316946012613,0.3804936435788443,0.0,0.6951510060948695,0.6587263616150053,0.6894291530982105,0.3272530201468251,0.3843856918274788,0.5822235744221268,0.7070376401127084,0.6305797600004882,0.016729565603945094,0.0,0.0,0.0
0.40355355553178396,0.0,0.09030199786108327,0.0,0.16584072583232617,0.0,0.6440334407808544,0.19616984325054113,0.259488624602491,0.6245243353379,0.0,0.5632572664720434,0.43364736520163744,0.0,0.3444933707389816,0.0,0.5460505676499229,0.0,0.2653098872796782,0.0,0.5222067035081838,0.0,0.025892458544828828,0.5593873514151974,0.2909062724836968,0.29849143736764894,0.35733200718488567,0.5691211573639487,0.15272626476027515,0.4630740966062154,0.0,0.0517013637329708,0.0,0.22303285993137859,0.0,0.3224298375713642,0.17480244699593145,0.39638729189231237,0.3947307826760891,0.3313983588120267,0.023263259927052915,0.22985693315300115,0.0,0.0,0.0,0.3003545735516306,0.3201756546801425,0.13599621612879734,0.0,0.30626153563920755,0.0,0.6200128745165813,0.3607493723105813,0.3045073815905592,0.6542388165550255,0.0,0.24892571587275938,0.30532932640714716,0.0,0.3366883215950608,0.1705773020832897,0.4241389380693252,0.2389931268969871,0.0,0.34164056872486537,0.39157225324866335,0.3215970911660466,0.20562879264581516,0.409457251691871,0.31322454502755376,0.45942969491949354,0.48014164106234963,0.3678109652853075,0.2768582866514132,0.2589436096196208,0.2645532809404933
0.1504740855045307,0.11251684330668536,0.0,0.15762371177975754,0.22808912080071117,0.0344333522544386,0.0,0.08733480550441627,0.0,0.0,0.0,0.0,0.14292850220258316,0.07464180082420109,0.0,0.4956761761736193,0.012463998925109816,0.30337905972014734,0.0,0.14900260310780944,0.3603943225939979,0.2737938116933561,0.14688496179786373,0.0,0.37152338135437163,0.08802740376287789,0.05202603381017927,0.0,0.5548630704652486,0.0,0.0517013637329708,0.0,0.5895211177986401,0.48313726789435085,0.4185537243685068,0.0,0.0,0.0,0.5850451651509717,0.2577797173806794,0.28852612836802255,0.2630907832786169,0.49756106291826196,0.0070655010893232026,0.37805020148290036,0.2553176344529801,0.23479343518705592,0.0,0.47937063496079485,0.0,0.4666845718048024,0.06340515954686221,0.04762342659961816,0.0,0.0,0.0,0.0,0.5759128381448853,0.17143363323624866,0.0,0.2534842838344576,0.0,0.10735105646977955,0.0,0.0,0.0,0.0,0.0858420445562594,0.2065279767643729,0.0,0.0,0.0,0.2073188278187676,0.5662003597014494,0.27288007369587286,0.43133910638787015
0.0,0.0,0.0,0.37944213226955276,0.2766016714793986,0.0,0.0,0.0,0.0,0.0,0.0,0.0,0.0,0.24306266580606992,0.0,0.6467913544433568,0.0,0.2845002468932465,0.0,0.30836765950206124,0.248096170838561,0.3820730262916501,0.0,0.0,0.21833153544295064,0.0,0.0,0.0,0.5140992899683067,0.0,0.0,0.5895211177986401,0.0,0.6556280269239179,0.6618758358555927,0.0,0.0,0.004889693164745782,0.1849289283774604,0.2134340830210602,0.04656093898794923,0.2201464484691003,0.5276695881330064,0.2623455130513315,0.335074302843129,0.05297703605730647,0.0,0.0,0.5841252317803821,0.0,0.3170384347034378,0.0,0.0,0.0,0.0,0.0,0.0,0.2536092378007929,0.4703240142974493,0.0,0.0,0.0,0.0,0.0,0.0,0.0,0.0,0.0,0.0,0.0,0.0,0.0,0.1276568698604282,0.39512427565061026,0.4799072534835033,0.2199965478082866
0.025064095844437768,0.0,0.0,0.04748874068633402,0.25143983376280993,0.0,0.0539418283269231,0.0,0.0,0.0,0.0,0.0,0.13606708891330233,0.011333971560657288,0.0,0.5345149966479373,0.0,0.17081797622965528,0.0,0.27040365164428143,0.2917001320062274,0.3055079501731134,0.0,0.0,0.3515295916470244,0.0,0.022563533446109767,0.0,0.5122741758272157,0.0,0.22303285993137859,0.48313726789435085,0.6556280269239179,0.0,0.6402077733039016,0.0,0.0,0.09869062612966539,0.3203896167469399,0.28497686765790975,0.25571110725218543,0.24924738585333775,0.4073977651281061,0.0,0.39423923867410193,0.0858304953762552,0.012679049140259697,0.0,0.4990186999816017,0.0,0.3022859607101276,0.11887240863283859,0.0,0.0,0.045389402603387995,0.0,0.0,0.47503142335534987,0.33472256386346255,0.0,0.10880368383993567,0.0,0.0,0.0,0.0,0.0,0.0,0.0,0.10902244077637116,0.0,0.0,0.0,0.26316758617806485,0.47488387947653343,0.412894463162974,0.35765798577759533
0.0,0.0,0.0,0.1920465776280413,0.2198881868584041,0.0,0.0,0.0,0.0,0.0,0.0,0.0,0.0,0.15335039167347478,0.0,0.7432417474251003,0.0,0.15126962535602415,0.0,0.36031527201034175,0.09351771128728399,0.43402948632069027,0.0,0.0,0.16530282189913456,0.0,0.0,0.0,0.4071928705279141,0.0,0.0,0.4185537243685068,0.6618758358555927,0.6402077733039016,0.0,0.0,0.0,0.0381360304817582,0.06550536818624687,0.0,0.0,0.19798655383890806,0.4504059245179438,0.15850598303660057,0.35575152648555036,0.0,0.0,0.0,0.5895120626490497,0.0,0.3245002242519418,0.0,0.0,0.0,0.0,0.0,0.0,0.18707136394738572,0.46894560223386206,0.0,0.0,0.0,0.0,0.03448062084490002,0.0,0.0,0.0,0.0,0.0,0.0,0.0,0.0,0.03892196067380748,0.2423246638531478,0.36025129865213834,0.13761638537666873
0.12280230412857525,0.011829223006760233,0.14077037926297942,0.0,0.1951416966658532,0.0,0.27108762961514965,0.14896457190720166,0.18241322723825865,0.41085575996161916,0.27473319547610486,0.4437659940475419,0.11317110542286749,0.0,0.27282212606916983,0.0,0.21095189816725513,0.0,0.2374289694541066,0.0,0.03018533651606148,0.00019003519187721043,0.0,0.35584891834942867,0.0,0.13251022515085728,0.04644836191011603,0.4590667818086551,0.0,0.3595529063639232,0.3224298375713642,0.0,0.0,0.0,0.0,0.0,0.2895313123334785,0.20469132692219028,0.0,0.0,0.0,0.0,0.0,0.022030653741301212,0.0,0.04806704488266335,0.06941773497970218,0.15879257359754043,0.0,0.2315874845390544,0.0,0.21010992832863334,0.20310673684585412,0.11106288138776936,0.3448492318965318,0.12933741960498643,0.4755676960560559,0.0,0.0,0.3502718972035245,0.0,0.3155812552381155,0.1475879462116142,0.11399017579199819,0.36219488811291134,0.2910889068589924,0.37793941030783973,0.04159517957337915,0.19368527930479576,0.22084620109661085,0.35259204325668675,0.22630402669646008,0.16123199115238698,0.0,0.12326402015340354,0.017740220994066774
