0.0,0.5411531457844729,0.3485425629197908,0.0,0.0,0.4882159964872196,0.5218918585959174,0.514868915866752,0.5098452656975063,0.20895597813268743,0.06777225823825882,0.3355775214322362,0.7076114876182947,0.0,0.4127993408554779,0.0,0.6047609344479313,0.1785612194306299,0.5309294265959372,0.0,0.5013721113241099,0.06575514033377704,0.6056519436805143,0.6571740295010335,0.6573228853141266,0.7984290200866385,0.5413469069285927,0.4142224520595703,0.1868736821692225,0.34832842741286363,0.41098273027451515,0.1532442216119743,0.0,0.02552551055692003,0.0,0.12506301962389282,0.13875413189867786,0.16806369276907904,0.5376407309982336,0.5144979001541798,0.455763615920625,0.14328413829828826,0.0,0.0,0.0,0.8173382075417155,0.7010194293133067,0.3669666475214378,0.0,0.1707395514481188,0.2388187209402205,0.5640337494858852,0.580448819355582,0.6164546694175103,0.4415015218266378,0.30333291267757395,0.1438390749338525,0.392357045221419,0.0,0.4752046953244964,0.5610807369254525,0.5675087856268776,0.7199086900272691,0.2957646159453254,0.5012557065351978,0.5516751991942859,0.5587700334450987,0.6347367042822161,0.6719820795998223,0.6336498739158807,0.6994043177175148,0.5928255913119393,0.36393090589481253,0.26670521407725023,0.039994728208306,0.39852340164460665
0.5411531457844729,0.0,0.3048415259447199,0.0,0.0,0.6259731988274567,0.3890011766300861,0.46108717710374475,0.25203623356219274,0.22714787650402826,0.06711268919597801,0.22727266069361193,0.5828016633183899,0.0,0.27275168339458505,0.0,0.5717677125891495,0.5134523841944761,0.43195613418003875,0.0,0.4238607538212518,0.0,0.6132388084574497,0.446429744448622,0.6209358374002294,0.858053393076235,0.32330750188865026,0.05020035871123905,0.039374733888505625,0.1938310124462323,0.0,0.11458820974359941,0.0,0.0,0.0,0.012046991785112718,0.15269717724656057,0.0,0.3851792571342705,0.36947842363667555,0.2747597095544555,0.1161895740300002,0.0,0.0,0.0,0.5606347538697479,0.7060229820271757,0.16210858404568645,0.0,0.0,0.14418452808145696,0.3308371430071222,0.4246440885356676,0.29743739312312084,0.4533094120071819,0.26100339583978605,0.13050081328029514,0.18193993340814194,0.0,0.5392019001035389,0.3154224242328351,0.6044132378934423,0.4808834050519418,0.23320610187869376,0.5559312447644623,0.5912973816014664,0.6261321775878735,0.5642746126394572,0.3876255028593742,0.6929198387647028,0.6610782718352093,0.5329782587422202,0.0,0.17053719864374345,0.0,0.16251088821736479
0.3485425629197908,0.3048415259447199,0.0,0.0,0.1358661578707964,0.6605434216997748,0.12264086634702301,0.3250789545986707,0.7300309460596778,0.0,0.7048844438312197,0.034824682568547365,0.4128947552103488,0.0,0.5669709569785895,0.0,0.32683314864490476,0.23770176460783002,0.7357210545762017,0.47121678951935664,0.14691822526924989,0.44698532076049596,0.5694211785329065,0.25671792042799757,0.5289498609055964,0.43493444014784327,0.7637228561485865,0.26967855941778524,0.13069841055200118,0.1459951240234593,0.09196440254698347,0.0,0.0,0.0,0.0,0.14336187605890555,0.081259362320998,0.015332983543872913,0.07330697150355674,0.0,0.2552955495796077,0.0,0.0,0.0,0.0,0.2675737015308029,0.3774877135440094,0.9083834292897441,0.0,0.0,0.40767213202933794,0.08170733506763403,0.36092553622546264,0.6905619568209277,0.207555828958855,0.7231538396467099,0.013258773746726288,0.09686965217965256,0.0,0.31876307057171505,0.30104201217043836,0.1479096105434785,0.41300182085900167,0.6626004569429584,0.4645239500795434,0.2165410625212325,0.42261548533618964,0.604056618816622,0.2568093327476819,0.36832121607006507,0.36637177064995574,0.5934827333224914,0.3947750633958126,0.06126937223133698,0.0,0.2882104059170248
0.0,0.0,0.0,0.0,0.2941074149784121,0.0,0.0,0.0,0.0,0.0,0.0,0.0,0.0,0.5690957797001267,0.0,0.2922094905775651,0.0,0.03242496504998202,0.0,0.0422823016161115,0.0,0.0443721196121282,0.0,0.0,0.0,0.0,0.0,0.0,0.0051075190632787525,0.0,0.0,0.1605254681448244,0.386427430420799,0.04836297942871388,0.19558203795142295,0.0,0.0,0.0,0.0,0.0,0.0,0.0,0.40039080990512776,0.2572306451616214,0.14298200257266838,0.0,0.0,0.0,0.4097882622254389,0.0,0.10045739419341958,0.0,0.0,0.0,0.0,0.0,0.0,0.0,0.3445452083817057,0.0,0.0,0.0,0.0,0.0,0.0,0.0,0.0,0.0,0.0,0.0,0.0,0.0,0.0,0.0,0.1627561052086292,0.0
0.0,0.0,0.1358661578707964,0.2941074149784121,0.0,0.09513012603342964,0.2628594475022413,0.0,0.19757125201885364,0.0,0.1844084668194474,0.0,0.1707622493145937,0.4243674076737778,0.12760344780984165,0.24157610504722407,0.004867401277681698,0.06150183278294683,0.0,0.4359649092845249,0.18849349871114152,0.3247147299027331,0.0,0.0,0.23350200965205153,0.0,0.2496588355174072,0.3178991036046988,0.3924998232463595,0.0,0.1688937524127665,0.23228810235375796,0.2816937394921413,0.256068687694838,0.22393619422109665,0.19873413624233835,0.032751209456679045,0.1640430592388672,0.0,0.07445816844552693,0.0,0.0,0.26751219706637175,0.20196634421485055,0.24286532938695513,0.0,0.009074926911916399,0.23988723498694328,0.10624628768356759,0.0,0.2378481794787073,0.01710822028269248,0.0,0.16034726620878142,0.0,0.24510920407613593,0.0,0.1002041666761217,0.3270192421708648,0.0,0.0,0.0,0.0,0.05125625761450271,0.0,0.0,0.0,0.0,0.029659249018212312,0.0,0.0,0.0,0.38547146750023287,0.13662268061518362,0.3824365448173125,0.11075014590087791
0.4882159964872196,0.6259731988274567,0.6605434216997748,0.0,0.09513012603342964,0.0,0.25531432884912053,0.6478305686138012,0.6645799789320855,0.0,0.3863060332955526,0.05490428127358329,0.5545622432197129,0.0,0.37272634460517695,0.0,0.3729355852485927,0.3025730773159399,0.6087235940425136,0.24865893832685018,0.30466405989549844,0.18039523176080197,0.8211208098117988,0.37187123527170135,0.5696533799364404,0.7075684122541169,0.6916885853993643,0.19837435111714977,0.3004001770561706,0.18440243205070883,0.0,0.03506724926109277,0.0,0.0,0.0,0.0,0.0660964046040595,0.0,0.2302880692657033,0.23564533649683966,0.30575724094389295,0.0,0.0,0.0,0.0,0.4364563101280627,0.5541876162403502,0.6324497917738444,0.0,0.06222631879296348,0.5732728607711993,0.2098487385679658,0.5513890600722045,0.7135026147285184,0.1502539407919747,0.6994349077106228,0.12901748078551378,0.1436870152057141,0.0,0.3275115197723421,0.2817957077900063,0.378508055032127,0.5423363856650965,0.5281084865460941,0.3756180246520837,0.34362524085631285,0.3945487514724629,0.7462138430612926,0.36965627527617534,0.48889481988714184,0.46948947091710286,0.5582934115528116,0.2719057478479291,0.04060632882288809,0.0,0.0772921450710583
0.5218918585959174,0.3890011766300861,0.12264086634702301,0.0,0.2628594475022413,0.25531432884912053,0.0,0.3904418698714008,0.3905582751161434,0.6675419899016559,0.0,0.668992155306683,0.6370999910261484,0.0,0.32092230729114285,0.0,0.740639792270859,0.0,0.4185517630607847,0.0,0.44103400102579815,0.0,0.23485852196768278,0.6929045831948709,0.4238469505071815,0.5727868893780982,0.3765510381807073,0.5679208948847055,0.0,0.6182939476047054,0.6558897034903192,0.0,0.0,0.05493486447563213,0.0,0.2760781874813784,0.2942135148540549,0.47273269932382317,0.45110469059417174,0.41140466507695944,0.1043078396886869,0.2104443278739891,0.0,0.0,0.0,0.3780585363348664,0.48551154887538484,0.1315855050649976,0.0,0.37272499721211794,0.0,0.7435900331887987,0.4982004256694462,0.4371059265067386,0.7401644810125363,0.2226136706323031,0.4456140453869849,0.2044919919275365,0.0,0.5630185997213404,0.16434276636888223,0.6713855812308898,0.35403411005353547,0.049065025070664854,0.586488368731639,0.6223447359027557,0.5854329280015572,0.3569222437525365,0.4683284071499214,0.5443687218397337,0.6170112535859232,0.6345405631928246,0.1554976309337341,0.0,0.02413677522361225,0.040477084109041044
0.514868915866752,0.46108717710374475,0.3250789545986707,0.0,0.0,0.6478305686138012,0.3904418698714008,0.0,0.40447632592787647,0.19495775676523022,0.09474726116504717,0.373608677644435,0.4918244019366082,0.0,0.07631848649075386,0.0,0.3796666677232534,0.06847958444203792,0.49014639137044425,0.0,0.2925488655971237,0.0,0.7751389351587463,0.607347097428492,0.2685702904628012,0.610464462654094,0.31575547978176777,0.2732106101139967,0.0,0.40812488167810473,0.19978121037836136,0.08894258598936272,0.0,0.0,0.0,0.1517069187902973,0.08799680170880655,0.0,0.4427415339152173,0.4612845643738453,0.2238358514353534,0.0,0.0,0.0,0.0,0.5213940987079178,0.4956623965035377,0.27696663797849946,0.0,0.18325869107342968,0.2861742914721371,0.4005555104131932,0.7598311099909163,0.4839903983202424,0.32867514373893497,0.2502817911068758,0.38805680177133767,0.26923863503924,0.0,0.38315982556182593,0.2323516108473986,0.549085376752452,0.548015694439576,0.16715497673691312,0.3802606790827169,0.48751405412627374,0.3949790716639295,0.6776825817262119,0.5604592956969278,0.5362428700525768,0.6318638282624074,0.4042195019852703,0.1392506307518241,0.0,0.0,0.07006202277674774
0.5098452656975063,0.25203623356219274,0.7300309460596778,0.0,0.19757125201885364,0.6645799789320855,0.3905582751161434,0.40447632592787647,0.0,0.09070086493068058,0.6436985385531023,0.19368765317616157,0.5476223299617674,0.0,0.6093234939426144,0.0,0.48083734028240793,0.018998591280921018,0.7863916334284788,0.39526017350289594,0.12439067499270975,0.22713780709349085,0.4790916354031349,0.48892997110862485,0.4813446074391268,0.5052476984061213,0.813843309401037,0.5339488155358313,0.15858542189380598,0.3830279357833289,0.26426565186317896,0.0,0.0,0.0,0.0,0.18577134345842866,0.21824109646240494,0.07921366809173604,0.20164227646019686,0.195070458908355,0.323647336787517,0.0,0.0,0.0,0.0,0.3949752858962363,0.3953048250967381,0.8355693649758684,0.0,0.28904433028933685,0.3580262244327382,0.4143470153120729,0.5175053185936521,0.9718029154801017,0.26938757215257914,0.7941082842248884,0.2603250058455375,0.20823322913583478,0.0,0.42744289778196115,0.37972269700998074,0.35427167914266205,0.5458649613434295,0.5919611360842525,0.5320720543796855,0.3053590536306145,0.503165439056851,0.5879842316071975,0.39770981873400807,0.38929905006986804,0.47019441537972256,0.6579246333285147,0.5387773293987203,0.0,0.004019287209680755,0.1604054429200271
0.20895597813268743,0.22714787650402826,0.0,0.0,0.0,0.0,0.6675419899016559,0.19495775676523022,0.09070086493068058,0.0,0.0,0.8291794342397664,0.20096241743714366,0.0,0.08085378627550521,0.0,0.5237467232112727,0.0,0.30554858213867475,0.0,0.24092926245620722,0.0,0.0,0.6551871899865012,0.0,0.2743383117958329,0.0,0.6316216315438098,0.0,0.689274146657016,0.6360214473189835,0.0,0.0,0.0,0.0,0.41841936383270956,0.2105934949218115,0.3649675502441395,0.16627880207547902,0.19875190668255344,0.0,0.05771932697897283,0.0,0.0,0.0,0.053083217760096946,0.1790327331165197,0.0,0.0,0.2876262170555252,0.0,0.4938835091624807,0.3449813262213078,0.07222018980709932,0.8178103946294897,0.0,0.6791174616906968,0.0,0.0,0.5730908885095815,0.0,0.5508896674049951,0.05256488254598026,0.0,0.5603168858529473,0.6077535655843135,0.5209166864136702,0.08966298651496298,0.24944883475666432,0.4903041496712927,0.5615898843256432,0.5181755776370944,0.0,0.0,0.0,0.0
0.06777225823825882,0.06711268919597801,0.7048844438312197,0.0,0.1844084668194474,0.3863060332955526,0.0,0.09474726116504717,0.6436985385531023,0.0,0.0,0.04807321012310728,0.06349320481785002,0.01812076703006119,0.6015253532931994,0.0,0.11993062344700456,0.05005452474857212,0.5660794573039607,0.35607767722159617,0.0,0.25599138846017494,0.22180153648963777,0.158414383365813,0.0746942736685146,0.18211094175578474,0.508531822517416,0.21249417975506837,0.0,0.20492472882894044,0.0,0.0,0.0,0.0,0.0,0.2797908659856146,0.16780444027020736,0.11610119568641655,0.0,0.0,0.0,0.0,0.0,0.0,0.0,0.0,0.03978119511820843,0.7198469521526631,0.0,0.22446362381888485,0.07226763396022727,0.0,0.16982808049426776,0.52836473608204,0.07170840929978498,0.7611803077300856,0.18197124956366142,0.0,0.0,0.386350298447091,0.0,0.039284578451374286,0.1516253070767292,0.5603722219383553,0.4637799727140515,0.17915697209990716,0.4173091971141185,0.3368126737334969,0.0,0.08590002794425218,0.24436002818402197,0.48682009489391176,0.18403059257650375,0.0,0.0,0.0
0.3355775214322362,0.22727266069361193,0.034824682568547365,0.0,0.0,0.05490428127358329,0.668992155306683,0.373608677644435,0.19368765317616157,0.8291794342397664,0.04807321012310728,0.0,0.21022113393671157,0.0,0.11411320850681553,0.0,0.5452814982295453,0.0,0.346447603469568,0.0,0.08721006588657791,0.0,0.2429918267606053,0.7507156927023231,0.0,0.3720135101936395,0.0,0.5824804201863268,0.0,0.6696121340650187,0.5736264890953449,0.0,0.0,0.0,0.0,0.45193545524908335,0.2268148130004001,0.3858545537553265,0.1949873196004483,0.2802671578571404,0.0,0.06294316985833487,0.0,0.0,0.0,0.15231811455263894,0.23920427758832025,0.0,0.0,0.3942263757045499,0.0,0.5141577653711936,0.46658739246922426,0.16325876725942093,0.7033409715128345,0.021722456749191685,0.79720864790047,0.0,0.0,0.5745237679048014,0.0,0.5764177013009057,0.13530049980538486,0.0,0.5590184675634143,0.5740502304789643,0.5404530335053386,0.28730354543198,0.4185692316306107,0.4186330979327759,0.5910502489893941,0.49462216424052624,0.0,0.0,0.0,0.0
0.7076114876182947,0.5828016633183899,0.4128947552103488,0.0,0.1707622493145937,0.5545622432197129,0.6370999910261484,0.4918244019366082,0.5476223299617674,0.20096241743714366,0.06349320481785002,0.21022113393671157,0.0,0.0,0.3158716978533455,0.08014230983493803,0.7765642812422472,0.38642003718642687,0.5005155919965819,0.20865223889785353,0.5252189528113498,0.21359068422209815,0.5348478704457063,0.5014780625245383,0.7724821007546606,0.7632307585517853,0.6425130872634891,0.40095634744997977,0.4226935460847765,0.3143209182628614,0.44163054861966633,0.14555972872512138,0.0,0.1385720010034451,0.0,0.11525451642616447,0.22261666320355086,0.2037610776406796,0.5010444157175913,0.5231257917656132,0.49275577272506427,0.18413447259029345,0.0,0.0,0.0,0.7001015101919295,0.7544506295113257,0.4228758990907947,0.0,0.09542746282029713,0.3101119757132048,0.6475832380239631,0.47565112927262226,0.6469945076425717,0.5572213806978756,0.39491433271207754,0.07931364633708997,0.5949488347986767,0.0,0.30339322292301796,0.6917298078773957,0.6929108754627328,0.7338673440106127,0.2713613346646974,0.39322672612559656,0.38580148477984827,0.4407201074497187,0.5019489657975664,0.5430467179145049,0.6387657981847524,0.5370468121749643,0.5122553922652159,0.5431586951809041,0.3746229865982347,0.13383616399470855,0.5308948485199614
0.0,0.0,0.0,0.5690957797001267,0.4243674076737778,0.0,0.0,0.0,0.0,0.0,0.01812076703006119,0.0,0.0,0.0,0.0,0.3038298652790364,0.0,0.11268936201698143,0.0,0.4114897310995949,0.0,0.3468072531384113,0.0,0.0,0.0,0.0,0.0,0.0,0.2725378887670672,0.0,0.0,0.07601591083719403,0.24753730118706124,0.011542623062048006,0.15617347882260732,0.0,0.0,0.0,0.0,0.0,0.0,0.0,0.3072979754164518,0.2571385922907482,0.30016136732195714,0.0,0.0,0.0,0.25198594742250247,0.0,0.29077235416280506,0.0,0.0,0.0,0.0,0.055099478957647316,0.0,0.0,0.34010253241946425,0.0,0.0,0.0,0.0,0.0,0.0,0.0,0.0,0.0,0.0,0.0,0.0,0.0,0.06714560089633932,0.04283499594910463,0.15871687246041827,0.0
0.4127993408554779,0.27275168339458505,0.5669709569785895,0.0,0.12760344780984165,0.37272634460517695,0.32092230729114285,0.07631848649075386,0.6093234939426144,0.08085378627550521,0.6015253532931994,0.11411320850681553,0.3158716978533455,0.0,0.0,0.0,0.2948947248867721,0.16909496641380342,0.49739816016291,0.4045749862843173,0.3309553485545168,0.34140869565151843,0.19927952506414967,0.3236432538783789,0.41896720158822304,0.46205705452509066,0.6479831344559985,0.3524532332486064,0.013658687672401002,0.2570103120654388,0.35083528351325977,0.0,0.0,0.0,0.0,0.2778446149568725,0.21077839773311094,0.22368990530226415,0.0,0.033244447648103505,0.00842366867344259,0.024799143828936065,0.0,0.0,0.0,0.2614559727581601,0.3117555458406128,0.6622175672524167,0.0,0.10501121205355896,0.12596510359143426,0.2114923763240955,0.20730309269084188,0.5539565607505178,0.24154861045755063,0.543428215579728,0.0,0.0,0.0,0.4772413764700881,0.06914583621054986,0.1472309928065798,0.23277527275706494,0.4951252463600077,0.5773039936277174,0.3444413971630722,0.5618568605258101,0.404424617433813,0.23033842486447959,0.24820267796781476,0.41755964266625556,0.6374755449709787,0.3080736130307924,0.06817018915934156,0.09401320142642354,0.19559918944947863
0.0,0.0,0.0,0.2922094905775651,0.24157610504722407,0.0,0.0,0.0,0.0,0.0,0.0,0.0,0.08014230983493803,0.3038298652790364,0.0,0.0,0.0,0.6386264130548241,0.0,0.4960302958407492,0.24340776828534885,0.7130162991594061,0.0,0.0,0.376369776426257,0.0,0.0,0.0,0.6015136821706027,0.0,0.0,0.5048012721568528,0.6586983886607001,0.5443550916199048,0.7569243745312789,0.0,0.0,0.0,0.04517184496939638,0.013137821358295968,0.03443558354141632,0.23218957634059043,0.6280457481226039,0.3248728536560202,0.35227297176730127,0.0,0.0,0.0,0.5641292320563817,0.0,0.2950339974023023,0.0,0.0,0.0,0.0,0.0,0.0,0.2799656210243736,0.49600929979699326,0.0,0.0950519823916309,0.0,0.0,0.05715228139220272,0.0,0.0,0.0,0.0,0.0,0.0,0.0,0.0,0.21717399122830156,0.5092923857561469,0.40592246939870197,0.37680338780564365
0.6047609344479313,0.5717677125891495,0.32683314864490476,0.0,0.004867401277681698,0.3729355852485927,0.740639792270859,0.3796666677232534,0.48083734028240793,0.5237467232112727,0.11993062344700456,0.5452814982295453,0.7765642812422472,0.0,0.2948947248867721,0.0,0.0,0.26305009003938573,0.559753196436766,0.0,0.38549895168189574,0.0,0.3959206631120736,0.6969162773425472,0.5597486261483995,0.75536382934966,0.47973687283877503,0.5111369573896852,0.0,0.5297498755024335,0.5561030254459969,0.012693453540831972,0.0,0.0,0.0,0.21483539390731915,0.30228357711988385,0.29621702314844617,0.43623022679218837,0.4581991607483532,0.3164783085512482,0.28345129808352537,0.0,0.0,0.0,0.47418421030239033,0.5464110747708368,0.26277655908402286,0.0,0.13276639876922514,0.0,0.6005714590577056,0.44698268443591055,0.5301107611034179,0.7554834629786947,0.27147649165399035,0.3397417318268505,0.28905251607121757,0.0,0.5558253620162021,0.3924918115524353,0.7648980570147595,0.586793958472144,0.19140739792257522,0.629652352292001,0.6251082917159999,0.6389125931282986,0.4551174519749438,0.4576092175670173,0.6065863243225975,0.6858928596248346,0.7133312196731154,0.25197781662112173,0.018630135564904258,0.0,0.22209745722867433
0.1785612194306299,0.5134523841944761,0.23770176460783002,0.03242496504998202,0.06150183278294683,0.3025730773159399,0.0,0.06847958444203792,0.018998591280921018,0.0,0.05005452474857212,0.0,0.38642003718642687,0.11268936201698143,0.16909496641380342,0.6386264130548241,0.26305009003938573,0.0,0.08991965417777709,0.2868017900210398,0.3633776730098303,0.5152079870006014,0.16112548166422233,0.0,0.5618856872405869,0.38676161452738034,0.24982081177686205,0.0,0.37471011314926866,0.0,0.0,0.30896408311308077,0.2897377228603084,0.17396263095320874,0.1540544068667619,0.0,0.12045909092406533,0.0,0.11403994241658529,0.28565199826024423,0.17127725163548285,0.009091263080536713,0.2608918147470305,0.15960253787811726,0.0,0.33667693163271456,0.29897453577093747,0.21571259979259305,0.029999178784175413,0.0,0.20379433138664632,0.0,0.0,0.03802992480271935,0.06234363496671438,0.18292605579503254,0.0,0.22542239263123165,0.0,0.0,0.2750883019545836,0.16801436638952652,0.3583156305711355,0.2516158162972292,0.07376618075253252,0.041904250291185934,0.10940043532150993,0.05941459191768937,0.0,0.23489499454798138,0.07711600019340786,0.07422094762855289,0.20563832715778738,0.4067664936229297,0.16688620071766186,0.38554490454072715
0.5309294265959372,0.43195613418003875,0.7357210545762017,0.0,0.0,0.6087235940425136,0.4185517630607847,0.49014639137044425,0.7863916334284788,0.30554858213867475,0.5660794573039607,0.346447603469568,0.5005155919965819,0.0,0.49739816016291,0.0,0.559753196436766,0.08991965417777709,0.0,0.03526046000063613,0.14672241099197714,0.0,0.5713137889815589,0.6258194061166594,0.4274837846859895,0.5933246260372625,0.680160314267351,0.4972404040340915,0.0,0.5133412927054792,0.27019408043460585,0.0,0.0,0.0,0.0,0.24179989192246837,0.2036989535730935,0.05853143586234761,0.2652497150242007,0.18402772328240372,0.28860913728643794,0.0,0.0,0.0,0.0,0.44924711045409516,0.42194146846354047,0.6635121100126805,0.0,0.2154026332579862,0.11507219302324044,0.4063797006104283,0.540693502260973,0.8082910556391256,0.44155724645549205,0.6023608926088415,0.332738427720387,0.09782358801514209,0.0,0.6867859215610592,0.2936417295210534,0.4731583361587392,0.5674573669925804,0.5397317770558504,0.7642611565465045,0.6205083581103651,0.7247369543798527,0.6690586559242967,0.382102075782391,0.626548382995219,0.7267380610440777,0.8343164028056448,0.2270267587172929,0.0,0.0,0.17600484124077057
0.0,0.0,0.47121678951935664,0.0422823016161115,0.4359649092845249,0.24865893832685018,0.0,0.0,0.39526017350289594,0.0,0.35607767722159617,0.0,0.20865223889785353,0.4114897310995949,0.4045749862843173,0.4960302958407492,0.0,0.2868017900210398,0.03526046000063613,0.0,0.15612152040467236,0.9320915767114399,0.02614581632343578,0.0,0.34181238884473386,0.0,0.48585695549240904,0.048037817119751865,0.6475961837623002,0.0,0.0,0.1517456501221048,0.31404451997335353,0.2753816178933727,0.36694845633382545,0.0,0.0,0.0,0.0,0.0,0.09558519724678877,0.0,0.2586278752772761,0.21977940990072192,0.3611781887934797,0.018115234714091426,0.12575758147584612,0.6443016410095858,0.18492551846666527,0.0,0.6067396391233653,0.0,0.0,0.3333081294858221,0.0,0.4805943847622466,0.0,0.3049177601357014,0.19292122931301353,0.0,0.2921728868866434,0.0,0.08983377748628488,0.4031880146786529,0.0,0.0,0.0,0.0,0.0,0.0,0.0,0.0,0.6856318834465985,0.3143325877282878,0.4117816134746933,0.40063525053358984
0.5013721113241099,0.4238607538212518,0.14691822526924989,0.0,0.18849349871114152,0.30466405989549844,0.44103400102579815,0.2925488655971237,0.12439067499270975,0.24092926245620722,0.0,0.08721006588657791,0.5252189528113498,0.0,0.3309553485545168,0.24340776828534885,0.38549895168189574,0.3633776730098303,0.14672241099197714,0.15612152040467236,0.0,0.23243643928029073,0.19768293498594938,0.2666524550154704,0.6320610606976937,0.5122940576826959,0.45245905439518275,0.228786888643028,0.5416030018592577,0.05908360409212044,0.5318202103129388,0.3670289621904967,0.25266346997617695,0.2970701534654519,0.09523931529540132,0.030741030144755835,0.0,0.08394989599409862,0.482186091555996,0.37532242161327367,0.14885596531126108,0.20590560681134995,0.015317095477018152,0.0,0.020956281035889982,0.5130173848999027,0.5172789540968059,0.1636992358245864,0.08189557856284321,0.0,0.2721416871344358,0.43473500423806016,0.34262104275675814,0.20371345039420238,0.45293859978120626,0.06856889547542382,0.0,0.42966852732646926,0.0,0.14600091526823267,0.27313021021263517,0.32796114383092506,0.3299663830083835,0.07982140700252092,0.18069536893049098,0.3902574146618129,0.21972305274142262,0.2968321929622885,0.3386579555488913,0.4150413133451026,0.3714713728569776,0.3462631738953949,0.41397875773893494,0.6342416375221059,0.2932909074215248,0.4702915281533866
0.06575514033377704,0.0,0.44698532076049596,0.0443721196121282,0.3247147299027331,0.18039523176080197,0.0,0.0,0.22713780709349085,0.0,0.25599138846017494,0.0,0.21359068422209815,0.3468072531384113,0.34140869565151843,0.7130162991594061,0.0,0.5152079870006014,0.0,0.9320915767114399,0.23243643928029073,0.0,0.04023288177766909,0.0,0.4312446192102533,0.05926150315135129,0.43790461672961695,0.0,0.6121984611899111,0.0,0.0,0.2788341887205588,0.38910675759669183,0.3111321651404151,0.44201970435538257,0.00019353362381609854,0.0,0.0,0.0,0.0,0.07171268715390407,0.0,0.3874556026526863,0.2782732630524354,0.3104739147131388,0.11667466647567216,0.2391413029833663,0.5695799806583736,0.21551574733734818,0.0,0.5212502735208178,0.0,0.0,0.1612512138131813,0.0,0.37199614422556787,0.0,0.334434595002498,0.1852513610531787,0.0,0.2763922334842657,0.0,0.08296334591066115,0.4032804914053798,0.0,0.0,0.0,0.0,0.0,0.0,0.0,0.0,0.5939792139014661,0.42969672647236007,0.4271947185753395,0.5268779388449437
0.6056519436805143,0.6132388084574497,0.5694211785329065,0.0,0.0,0.8211208098117988,0.23485852196768278,0.7751389351587463,0.4790916354031349,0.0,0.22180153648963777,0.2429918267606053,0.5348478704457063,0.0,0.19927952506414967,0.0,0.3959206631120736,0.16112548166422233,0.5713137889815589,0.02614581632343578,0.19768293498594938,0.04023288177766909,0.0,0.4822785032441386,0.47966866103678246,0.7174220628588186,0.5068241605497734,0.11717888988737162,0.11806604931314055,0.22500015799348366,0.026369122909227688,0.14958902432765053,0.0,0.0,0.0,0.0,0.0,0.0,0.44746455428169146,0.2721661321690112,0.3597170443284264,0.0,0.0,0.0,0.0,0.5569096824735427,0.662669930211336,0.46910484267996727,0.0,0.08606843700412034,0.494870688240985,0.28005354536069,0.6997225747606801,0.5405178028796559,0.2448691184589563,0.43507935560902256,0.2126686607338183,0.2731477860322369,0.0,0.3237263204034387,0.3752541019691229,0.4191311740336576,0.5821591963838109,0.4060261251799041,0.36860693057144034,0.3648649898588256,0.40081729084686246,0.8857079059872135,0.5007499674146727,0.5409807811157238,0.5906069304805471,0.49762267413957934,0.11238703974657197,0.06974941858332422,0.0,0.12493318678563456
0.6571740295010335,0.446429744448622,0.25671792042799757,0.0,0.0,0.37187123527170135,0.6929045831948709,0.607347097428492,0.48892997110862485,0.6551871899865012,0.158414383365813,0.7507156927023231,0.5014780625245383,0.0,0.3236432538783789,0.0,0.6969162773425472,0.0,0.6258194061166594,0.0,0.2666524550154704,0.0,0.4822785032441386,0.0,0.24168807370483253,0.705258220339866,0.34454737846370087,0.6768072604876165,0.0,0.7799191676347139,0.5696853312634006,0.0,0.0,0.0,0.0,0.3623998798270103,0.2366071065542321,0.24554851587255072,0.3938394249725874,0.413713125497318,0.1282253177838151,0.00901598355870962,0.0,0.0,0.0,0.5201325082628533,0.47585490085085974,0.2142710752165614,0.0,0.39916224297555225,0.0,0.6535034034910436,0.7343623617985139,0.5581607846519993,0.7094288814825127,0.23893787339561384,0.6648413911460683,0.11780489723867145,0.0,0.7378469335628628,0.22841649665816427,0.772929242482519,0.5465947439558536,0.1641013213379292,0.735327953051422,0.8149901181989435,0.7759137015701375,0.5546814778607903,0.6678307131177155,0.7087792062220717,0.8808141127771759,0.7413821546249116,0.12253236346718586,0.0,0.0,0.028083776338440947
0.6573228853141266,0.6209358374002294,0.5289498609055964,0.0,0.23350200965205153,0.5696533799364404,0.4238469505071815,0.2685702904628012,0.4813446074391268,0.0,0.0746942736685146,0.0,0.7724821007546606,0.0,0.41896720158822304,0.376369776426257,0.5597486261483995,0.5618856872405869,0.4274837846859895,0.34181238884473386,0.6320610606976937,0.4312446192102533,0.47966866103678246,0.24168807370483253,0.0,0.7135732748075704,0.763901189062029,0.20360025140918603,0.6340482554465542,0.0,0.29626167947345816,0.3783629001326286,0.22235088580282314,0.3580010369553064,0.16834594599634878,0.0,0.0693720741648278,0.055835037137841714,0.49080984885853357,0.3799236485743046,0.5263884294881072,0.2540387074324497,0.022921165404729243,0.014471359887983322,0.02385948247466546,0.6330507559970686,0.7058583195121081,0.5167167233948772,0.0,0.0,0.4619079286805999,0.43276231400520265,0.295297904233066,0.5957593894212799,0.38509057204028013,0.415417149827982,0.0,0.5216390598213111,0.0,0.15465136461604298,0.5888779816744164,0.37851307268604767,0.5573538509613611,0.35751952113944824,0.27730922089256177,0.24181615863309838,0.30786660637189023,0.4679006095689409,0.4538430219243865,0.5621066768998638,0.380248093781376,0.4978919218232125,0.46782777586337887,0.5622283094933491,0.17462849250411266,0.5084395052978264
0.7984290200866385,0.858053393076235,0.43493444014784327,0.0,0.0,0.7075684122541169,0.5727868893780982,0.610464462654094,0.5052476984061213,0.2743383117958329,0.18211094175578474,0.3720135101936395,0.7632307585517853,0.0,0.46205705452509066,0.0,0.75536382934966,0.38676161452738034,0.5933246260372625,0.0,0.5122940576826959,0.05926150315135129,0.7174220628588186,0.705258220339866,0.7135732748075704,0.0,0.5654154752023258,0.33740215809970414,0.14821418031860883,0.3873065520020071,0.303986482615091,0.08964793455919712,0.0,0.0,0.0,0.13494965754923405,0.20963556577099776,0.12086714830146719,0.4546486983561582,0.4613622308067088,0.3303857287809481,0.15836781583278434,0.0,0.0,0.0,0.7238653085628324,0.7725564764653756,0.3803381372651085,0.0,0.1227077578768123,0.18355856258261777,0.4991897129152432,0.6040910092000495,0.575406820331627,0.5557540873460313,0.4283059384645259,0.25889028073687304,0.28004304999752516,0.0,0.5826226606430212,0.4414841560002506,0.7236919126490149,0.6847190672171588,0.3592246921431853,0.6251690259189522,0.6652448496767959,0.7028135804875958,0.6796164434971812,0.5879245017837469,0.7364788500798248,0.7977966136428714,0.6658131348191756,0.21864146180914276,0.1305062414043918,0.0,0.2617956598067638
0.5413469069285927,0.32330750188865026,0.7637228561485865,0.0,0.2496588355174072,0.6916885853993643,0.3765510381807073,0.31575547978176777,0.813843309401037,0.0,0.508531822517416,0.0,0.6425130872634891,0.0,0.6479831344559985,0.0,0.47973687283877503,0.24982081177686205,0.680160314267351,0.48585695549240904,0.45245905439518275,0.43790461672961695,0.5068241605497734,0.34454737846370087,0.763901189062029,0.5654154752023258,0.0,0.41574814844607516,0.469617726723891,0.22100266050590237,0.3639102714230713,0.05298380135069255,0.0,0.02297891433047273,0.0,0.047303447913977774,0.06156997365448941,0.030644215212790708,0.2934358499897601,0.15988381029946916,0.45935833722336056,0.020955048181905026,0.0,0.0,0.0,0.43247285771754646,0.5369026048293846,0.8092495937247546,0.0,0.06618455491199941,0.4508559094169151,0.3686674270063147,0.38390957517752217,0.8707131434203931,0.26624497530795305,0.6994138073926383,0.0,0.2880978532353009,0.0,0.300363961296331,0.4856318579175468,0.24004885646351642,0.5774617827269859,0.5106188438203669,0.4265453950250533,0.2596249760070928,0.39751721155181813,0.6075449477833994,0.32115967594268335,0.4273484605625695,0.3960381819774015,0.7237322808356633,0.6045515081956071,0.28024302861033745,0.01295395093484492,0.3665933510167406
0.4142224520595703,0.05020035871123905,0.26967855941778524,0.0,0.3178991036046988,0.19837435111714977,0.5679208948847055,0.2732106101139967,0.5339488155358313,0.6316216315438098,0.21249417975506837,0.5824804201863268,0.40095634744997977,0.0,0.3524532332486064,0.0,0.5111369573896852,0.0,0.4972404040340915,0.048037817119751865,0.228786888643028,0.0,0.11717888988737162,0.6768072604876165,0.20360025140918603,0.33740215809970414,0.41574814844607516,0.0,0.0,0.7143307107623439,0.5795983306409147,0.0,0.0,0.0,0.0,0.46751792117761837,0.1831928595702738,0.27090562418290437,0.06485051715890608,0.32357964238140646,0.011285560737543242,0.00564810744365744,0.0,0.0,0.0,0.23092716602387914,0.18394448297011207,0.28815749897846143,0.0,0.192443758235036,0.0,0.4362780646292202,0.4058143058820138,0.5643460999611214,0.47559715510813155,0.20808728563518658,0.5318130692117675,0.0,0.0,0.46541119406831205,0.21927241973608386,0.4470154553776411,0.362202056984293,0.0981886288505227,0.5038505965581159,0.43325890011963186,0.45957107077418363,0.21088790609781347,0.4521397872591629,0.4334886294766073,0.48027496064969094,0.536544817652429,0.39699877849306564,0.0,0.051900971577836054,0.09609880369742613
0.1868736821692225,0.039374733888505625,0.13069841055200118,0.0051075190632787525,0.3924998232463595,0.3004001770561706,0.0,0.0,0.15858542189380598,0.0,0.0,0.0,0.4226935460847765,0.2725378887670672,0.013658687672401002,0.6015136821706027,0.0,0.37471011314926866,0.0,0.6475961837623002,0.5416030018592577,0.6121984611899111,0.11806604931314055,0.0,0.6340482554465542,0.14821418031860883,0.469617726723891,0.0,0.0,0.0,0.1555378621137257,0.565077761061501,0.523563544236258,0.5217048308573614,0.41468904283931857,0.0,0.0,0.0,0.2984023028030377,0.19353745761050054,0.399641815141758,0.15524438943438396,0.3254343439067581,0.14013992954832505,0.471968343332333,0.2562161277516324,0.362875400768574,0.26643775201046693,0.41176495602475366,0.0,0.6968673480486949,0.11064408572289713,0.0,0.2218204040532447,0.0,0.18719643000721753,0.0,0.6529328475838958,0.18530010094778024,0.0,0.44007379080231435,0.0,0.17406196558625897,0.12497784715002189,0.0,0.0,0.0,0.036134378781698354,0.13469063333768333,0.0,0.0,0.0,0.6218727862194052,0.7092945630013242,0.31510564896522597,0.4688314496266297
0.34832842741286363,0.1938310124462323,0.1459951240234593,0.0,0.0,0.18440243205070883,0.6182939476047054,0.40812488167810473,0.3830279357833289,0.689274146657016,0.20492472882894044,0.6696121340650187,0.3143209182628614,0.0,0.2570103120654388,0.0,0.5297498755024335,0.0,0.5133412927054792,0.0,0.05908360409212044,0.0,0.22500015799348366,0.7799191676347139,0.0,0.3873065520020071,0.22100266050590237,0.7143307107623439,0.0,0.0,0.4715990081956736,0.0,0.0,0.0,0.0,0.3661720560009881,0.21841237332890887,0.29807948167040627,0.13991372650325468,0.30852974741368466,0.029025628066411624,0.0,0.0,0.0,0.0,0.22530157705899237,0.2540750838126758,0.08825353922116572,0.0,0.43259446200690505,0.0,0.4990874843222653,0.5254485564601628,0.4154369382874488,0.5844356706572005,0.16774924492195112,0.6524967752442595,0.0,0.0,0.7346155013942826,0.14417244433886206,0.5858213591406277,0.38749829941175046,0.0,0.7079483119941046,0.670853112032636,0.7021211231747729,0.3332775485853208,0.3914619978940401,0.5929419552031354,0.7200537716919826,0.6421883486550966,0.017037546699732772,0.0,0.0,0.0
0.41098273027451515,0.0,0.09196440254698347,0.0,0.1688937524127665,0.0,0.6558897034903192,0.19978121037836136,0.26426565186317896,0.6360214473189835,0.0,0.5736264890953449,0.44163054861966633,0.0,0.35083528351325977,0.0,0.5561030254459969,0.0,0.27019408043460585,0.0,0.5318202103129388,0.0,0.026369122909227688,0.5696853312634006,0.29626167947345816,0.303986482615091,0.3639102714230713,0.5795983306409147,0.1555378621137257,0.4715990081956736,0.0,0.05265315429544918,0.0,0.22713875880672826,0.0,0.32836557416134804,0.17802045339530143,0.4036845400936953,0.4019975355534646,0.33749920040621006,0.023691522349015497,0.23408845905288247,0.0,0.0,0.0,0.30588391799948994,0.3260698931384127,0.13849982349421802,0.0,0.31189962365516527,0.0,0.6314269332564603,0.3673905481557408,0.3101131767007193,0.6662829540060264,0.0,0.25350828642833595,0.3109502530198987,0.0,0.34288654817658715,0.17371752614264777,0.4319470771450947,0.24339284454955432,0.0,0.3479299631546047,0.3987808595263503,0.3275174974027808,0.20941429326094302,0.4169951098789681,0.3189908177981053,0.46788751529740813,0.4889807557320579,0.3745821407487386,0.2819550787929076,0.26371060348699665,0.26942354543433444
0.1532442216119743,0.11458820974359941,0.0,0.1605254681448244,0.23228810235375796,0.03506724926109277,0.0,0.08894258598936272,0.0,0.0,0.0,0.0,0.14555972872512138,0.07601591083719403,0.0,0.5048012721568528,0.012693453540831972,0.30896408311308077,0.0,0.1517456501221048,0.3670289621904967,0.2788341887205588,0.14958902432765053,0.0,0.3783629001326286,0.08964793455919712,0.05298380135069255,0.0,0.565077761061501,0.0,0.05265315429544918,0.0,0.6003738419008601,0.49203153022635543,0.4262590430676743,0.0,0.0,0.0,0.5958154896957998,0.26252528470204595,0.29383771835677913,0.26793412408279654,0.5067208585164641,0.007195572653600142,0.3850098750376041,0.2600178763298047,0.23911583907754375,0.0,0.4881955558785769,0.0,0.47527595003985673,0.06457240984959753,0.0485001448274875,0.0,0.0,0.0,0.0,0.5865150421213129,0.1745896218296711,0.0,0.25815077484495236,0.0,0.10932732392275701,0.0,0.0,0.0,0.0,0.0874223442229081,0.2103300308105165,0.0,0.0,0.0,0.21113544095031148,0.5766237628754751,0.2779036293640284,0.43927979616944396
0.0,0.0,0.0,0.386427430420799,0.2816937394921413,0.0,0.0,0.0,0.0,0.0,0.0,0.0,0.0,0.24753730118706124,0.0,0.6586983886607001,0.0,0.2897377228603084,0.0,0.31404451997335353,0.25266346997617695,0.38910675759669183,0.0,0.0,0.22235088580282314,0.0,0.0,0.0,0.523563544236258,0.0,0.0,0.6003738419008601,0.0,0.6676977388902302,0.6740605661724471,0.0,0.0,0.004979709432627168,0.18833335712073276,0.2173632742698613,0.04741809746712878,0.22419921027047615,0.5373836633107094,0.2671751338853284,0.34124281632417147,0.05395231096896736,0.0,0.0,0.594878620913124,0.0,0.322874918856006,0.0,0.0,0.0,0.0,0.0,0.0,0.2582780291375715,0.47898239244831003,0.0,0.0,0.0,0.0,0.0,0.0,0.0,0.0,0.0,0.0,0.0,0.0,0.0,0.13000695494901945,0.40239827249357024,0.48874205322088876,0.2240465500299537
0.02552551055692003,0.0,0.0,0.04836297942871388,0.256068687694838,0.0,0.05493486447563213,0.0,0.0,0.0,0.0,0.0,0.1385720010034451,0.011542623062048006,0.0,0.5443550916199048,0.0,0.17396263095320874,0.0,0.2753816178933727,0.2970701534654519,0.3111321651404151,0.0,0.0,0.3580010369553064,0.0,0.02297891433047273,0.0,0.5217048308573614,0.0,0.22713875880672826,0.49203153022635543,0.6676977388902302,0.0,0.6519936078092178,0.0,0.0,0.10050746034395122,0.32628779411631814,0.29022311792245503,0.26041859272317924,0.25383587815700065,0.4148977094240906,0.0,0.4014969425262999,0.08741058242954636,0.012912462699237116,0.0,0.5082053297888117,0.0,0.3078508608172041,0.12106077714977302,0.0,0.0,0.04622499381250123,0.0,0.0,0.48377646203489943,0.34088460204449106,0.0,0.11080669327652605,0.0,0.0,0.0,0.0,0.0,0.0,0.0,0.11102947739469414,0.0,0.0,0.0,0.2680123408767646,0.4836262019632929,0.4204955983161553,0.3642422510827879
0.0,0.0,0.0,0.19558203795142295,0.22393619422109665,0.0,0.0,0.0,0.0,0.0,0.0,0.0,0.0,0.15617347882260732,0.0,0.7569243745312789,0.0,0.1540544068667619,0.0,0.36694845633382545,0.09523931529540132,0.44201970435538257,0.0,0.0,0.16834594599634878,0.0,0.0,0.0,0.41468904283931857,0.0,0.0,0.4262590430676743,0.6740605661724471,0.6519936078092178,0.0,0.0,0.0,0.03883809153551291,0.06671128204866171,0.0,0.0,0.20163136550025534,0.45869762278831544,0.16142398147721784,0.36230069503833834,0.0,0.0,0.0,0.6003646200514903,0.0,0.3304740753975384,0.0,0.0,0.0,0.0,0.0,0.0,0.19051523362236553,0.4775786046596238,0.0,0.0,0.0,0.0,0.035115388037465244,0.0,0.0,0.0,0.0,0.0,0.0,0.0,0.0,0.03963849022288899,0.24678571306845287,0.36688330526512875,0.14014981906945104
0.12506301962389282,0.012046991785112718,0.14336187605890555,0.0,0.19873413624233835,0.0,0.2760781874813784,0.1517069187902973,0.18577134345842866,0.41841936383270956,0.2797908659856146,0.45193545524908335,0.11525451642616447,0.0,0.2778446149568725,0.0,0.21483539390731915,0.0,0.24179989192246837,0.0,0.030741030144755835,0.00019353362381609854,0.0,0.3623998798270103,0.0,0.13494965754923405,0.047303447913977774,0.46751792117761837,0.0,0.3661720560009881,0.32836557416134804,0.0,0.0,0.0,0.0,0.0,0.29486140714576,0.20845956936530935,0.0,0.0,0.0,0.0,0.0,0.02243622463541725,0.0,0.04895192985246479,0.07069567312778571,0.16171584799553101,0.0,0.2358508688341153,0.0,0.2139779239176679,0.20684580795245208,0.11310748127284208,0.35119769585760374,0.13171844258904417,0.4843226071888368,0.0,0.0,0.3567201891244416,0.0,0.3213909136057761,0.15030495025555587,0.11608866538106268,0.36886267502205894,0.2964476760361747,0.3848970442646061,0.04236092145142731,0.19725090712624782,0.22491184491692867,0.35908304765088356,0.23047014575616268,0.16420017373923382,0.0,0.12553323555903773,0.018066807638969253
