0.0,0.3141328553340983,0.0,0.1330620590127871,0.0,0.0,0.0,0.0,0.0,0.0,0.0,0.0,0.0,0.0,0.24522082492658986,0.2968311405882128,0.4327453562033437,0.30808317052283635,0.06143463506138768,0.12887209545913436,0.3325577765251701,0.4630993102070376,0.0,0.05606670170639091,0.26005898823807305,0.3192380236870746,0.08369064013842176,0.09402488901470979,0.0,0.0,0.40180507208023986,0.0,0.25888744850797407,0.0,0.0,0.0,0.028929320293638868,0.0,0.0,0.0,0.0,0.0,0.28182215971759783,0.0,0.0,0.7632831087115877,0.09267020712192428,0.055597601306823605,0.0,0.10735543684300033,0.17698064890516207,0.0,0.0,0.3250281375408494,0.0,0.0728458667346471,0.0,0.0,0.0,0.2788041523412631,0.3499069169262671,0.0,0.3881440849949683,0.06786663383613324,0.23865359943250075,0.3338421937366671,0.2959336911462272,0.056840256337039166,0.17641641675717487,0.4403742761944969,0.35888179046334334,0.3221194414337454,0.26314051059166876,0.31251464698447345,0.008928989157962114,0.3610909237654289
0.3141328553340983,0.0,0.2314619959867964,0.5142213840858731,0.0,0.6724267563853573,0.0,0.3930774171376173,0.6563205613410368,0.27453716291993757,0.0,0.5570087686642272,0.4596212492899533,0.12156585093218719,0.5854638358516493,0.12371491453180834,0.5269882705842533,0.3701134606943032,0.3862461554836981,0.5816816452323058,0.6706233333555359,0.5115557271971467,0.6617096862887565,0.05047391465924689,0.7098605987292873,0.9351239589910376,0.6337461921947506,0.5030854974182792,0.6296427512488392,0.20866075516550442,0.27511196643359137,0.0,0.1873830730551857,0.0,0.0,0.0853216978703946,0.0,0.18282842528722892,0.0,0.3490038508454719,0.0,0.0,0.2713032033628454,0.0,0.0,0.3064473735827905,0.7555857160335689,0.5583316294247785,0.23734911912090886,0.3000475183223006,0.7905698772860468,0.3268274769525911,0.37392183976625937,0.5146559844567609,0.5511406267205917,0.25005760384131204,0.48559842473192655,0.4722220033224927,0.4698715371183514,0.7008828031429406,0.06874415526504957,0.5642221769488055,0.6187966976322097,0.3299593352570683,0.6773982137123467,0.6659658598787151,0.6862800150944623,0.7109168761873954,0.07582439025320276,0.6766227178403029,0.8813575475721112,0.6839117090392438,0.25706486155392494,0.3696923864002899,0.0,0.0
0.0,0.2314619959867964,0.0,0.0,0.19231006455373684,0.38240264747826935,0.0,0.3594678766844466,0.6119064758474521,0.011501192176914867,0.5894382430456611,0.26442144142442986,0.2618647874058905,0.09322903689712365,0.3224265331983366,0.01040243026001096,0.033508380500744575,0.0,0.7868653087813718,0.3031061065973701,0.060636115207400636,0.28244837032689113,0.4398018033096637,0.0,0.20490533327415503,0.24819357100388775,0.5177548363567198,0.23994963271816697,0.13245407086629402,0.03256021359920231,0.10018098149426628,0.0,0.0,0.0,0.0,0.09766339528482963,0.0,0.09198072932990964,0.0,0.0,0.0,0.0,0.0,0.0,0.0,0.07102085306570181,0.18074685755306785,0.7572646026586509,0.0,0.5963024417680177,0.36719573737214684,0.2651946033020412,0.46584137565083433,0.5352507497751094,0.1436592963237806,0.8375279976968498,0.20466310828118747,0.27305854201766644,0.09650219489811966,0.27418600320843983,0.0,0.13694583376975783,0.18273504078617184,0.7398751738381248,0.42665772125470464,0.06179066272510471,0.25759877994821373,0.42894949018725875,0.016014772356849487,0.19640545183934713,0.23826564028681213,0.5526836918571153,0.09683445132085787,0.15369538543755318,0.015020682451001754,0.0
0.1330620590127871,0.5142213840858731,0.0,0.0,0.0,0.4138212165624566,0.0,0.34823681677500623,0.38887739220585194,0.007181379666573576,0.0,0.15895037441347376,0.17769945110298846,0.49015425999158746,0.3117346336916612,0.0,0.041607279887110896,0.0,0.06256352104204399,0.17621423075059994,0.6799383083328309,0.09481343105356775,0.4698071213781702,0.0,0.18028870792806045,0.41413116925535404,0.3772523201874405,0.3875547878984534,0.5141061936725444,0.36323897226823737,0.11894309561709505,0.0,0.0,0.03296911080972128,0.07454139011279876,0.4459039715385703,0.0,0.14600246805692726,0.0,0.47036130022984113,0.0,0.0,0.422074353827032,0.022365686062142662,0.0,0.0,0.4857471381482425,0.2892388976666755,0.6177611251505203,0.1468384762387294,0.547467476586376,0.2124185337049701,0.29994369853987246,0.64911804817634,0.419621278355629,0.1976944378822128,0.17220512667973098,0.3673622070113254,0.6188928824200877,0.3754005619967145,0.0,0.22169931447161728,0.3291121713103921,0.006842210583614979,0.3958762508669529,0.6333400965116631,0.5169066719499148,0.4118212325794944,0.0,0.1593169728144563,0.44725904384315196,0.4614929571308493,0.3439841026503422,0.0,0.0,0.0
0.0,0.0,0.19231006455373684,0.0,0.0,0.0,0.7831417737893688,0.0,0.0,0.0,0.46139746781880714,0.0,0.0,0.0,0.0,0.23353634212888444,0.0,0.0,0.05071224290099796,0.0,0.0,0.0,0.0,0.12467727981204868,0.0,0.0,0.0,0.0,0.0,0.0,0.0,0.3662533204140273,0.0,0.04838018912349062,0.15540887478977977,0.0,0.2420411796917559,0.0,0.3635064922378506,0.0,0.28542920623417584,0.4890841009050251,0.0,0.2457017234301721,0.148505001219346,0.0,0.0,0.0,0.0,0.0,0.0,0.0,0.0,0.0,0.0,0.0,0.0,0.0,0.0,0.0,0.05323049725801037,0.0,0.0,0.0,0.0,0.0,0.0,0.0,0.09017360114294462,0.0,0.0,0.0,0.06430761284758392,0.0,0.3142591500839487,0.15985516759713214
0.0,0.6724267563853573,0.38240264747826935,0.4138212165624566,0.0,0.0,0.0,0.6771370007083044,0.8376979068040765,0.4466550986773972,0.0,0.5535111511245111,0.7751292438764804,0.2638363037042416,0.5158649342660176,0.0,0.1667749902780805,0.12217611532499252,0.5283477652193014,0.6538827626613662,0.48818993003860667,0.385834897364624,0.8646419855229802,0.00882669021935973,0.5862097707461221,0.6538871817057285,0.8263053763930142,0.5378486919267029,0.8901347532929736,0.4605163739055072,0.2233217362131037,0.0,0.0,0.16310638878698974,0.0,0.11646789613924564,0.0,0.5272058556972966,0.0,0.3898098006569609,0.0,0.0,0.03962278450608783,0.0,0.0,0.0,0.650823473508287,0.7005035883686965,0.37722999095713533,0.3409889432755954,0.7149533166184925,0.6906882468767568,0.7527311219999439,0.4032145441974489,0.6881696974374506,0.3223369366334573,0.5208030505510495,0.5827130819067615,0.5627562355934068,0.5294223590533363,0.0,0.6365965481890501,0.4173097799794626,0.4566893101167784,0.6819639645927655,0.403846651664362,0.638232914201057,0.7984548730232736,0.0,0.49234100475352016,0.6319978381907992,0.6201648977432538,0.21158601031274443,0.32182615316287694,0.12890532809411584,0.0
0.0,0.0,0.0,0.0,0.7831417737893688,0.0,0.0,0.0,0.0,0.11719419960189428,0.317810556589572,0.0,0.09352176725090422,0.0,0.0,0.4357322206726177,0.0,0.11488026491986875,0.0,0.0,0.0,0.0,0.0,0.26421162054408953,0.0,0.0,0.0,0.0,0.0,0.0,0.0,0.6004327292557315,0.024804212482509212,0.17866295721416858,0.021703016175894103,0.0,0.2267578676300198,0.048335058526513285,0.48960144043560355,0.0,0.5096696085404333,0.47593441971894745,0.0,0.18496302450559202,0.13143233892788525,0.0,0.0,0.0,0.0,0.0,0.0,0.0,0.0,0.0,0.0,0.0,0.0,0.0,0.0,0.0,0.2387950128510404,0.0,0.0,0.0,0.0,0.0,0.0,0.0,0.12592479757704916,0.0,0.0,0.0,0.0,0.11550834609427921,0.4268275354764402,0.27146873201099225
0.0,0.3930774171376173,0.3594678766844466,0.34823681677500623,0.0,0.6771370007083044,0.0,0.0,0.4698882847740046,0.07221238526757681,0.028945006822529838,0.6097314068470775,0.3355983876868121,0.30340256765596707,0.10700357349076758,0.0,0.0,0.0,0.33791775860975354,0.2527216519382745,0.5058424315737777,0.0,0.796321865643205,0.027168178856959303,0.10332323347057583,0.4311575914804122,0.35731758956475085,0.16371291030591656,0.4143535565074521,0.32404546857940175,0.0,0.0,0.0,0.06757957761554066,0.023311799047671618,0.3856602803747285,0.0,0.2645690616068591,0.0,0.34109801387638855,0.0,0.0,0.10282206179263288,0.0,0.0,0.0,0.446860776745606,0.46260134190106833,0.31104072650159453,0.1543941050409882,0.6090758184770045,0.4296782632593451,0.7677041092246161,0.41561147604880005,0.2763033284308896,0.35850477771954364,0.5646490930179864,0.4776624370348372,0.4597513483520739,0.13295425213438872,0.0,0.29863029136290364,0.0,0.3224119426372497,0.23876451897759884,0.24478841303479978,0.17950401483480688,0.5710635401051625,0.018247332467129767,0.030587260577967897,0.36802922752961126,0.230184481664895,0.0,0.0,0.0,0.0
0.0,0.6563205613410368,0.6119064758474521,0.38887739220585194,0.0,0.8376979068040765,0.0,0.4698882847740046,0.0,0.4697313673698611,0.23894261683386628,0.47520211166269555,0.7600992301993187,0.3617961494312278,0.7381923995291372,0.13256401521990901,0.3103458261378152,0.2742202099323337,0.7968724838939788,0.784012322218369,0.4851761937150006,0.5377870714221409,0.7343385051925554,0.0,0.7295933071032339,0.6734334440898695,0.8735976164099651,0.737409454414111,0.7280472961071297,0.3572811640380626,0.38450374886513794,0.0,0.0216798114306808,0.0,0.0,0.12301537524420102,0.0,0.40423080947891693,0.0,0.2153493357661358,0.0,0.0,0.0,0.0,0.0,0.17748237714031334,0.5477044845071337,0.900879480386394,0.38737261033850545,0.5617161634015748,0.666272945443458,0.5524326874772241,0.703775714548175,0.5625110793292541,0.7462385799596601,0.5372330744236907,0.4986565334368874,0.4254833993150191,0.5535203906531322,0.7729094610048816,0.0,0.6148887842169053,0.4848129888139159,0.7253205718694455,0.8539174359818237,0.5399097050520686,0.783814442816713,0.7929687137554556,0.0,0.5074822228499922,0.6781049195711073,0.8019660220234707,0.3641901945941148,0.4057219866189163,0.20591546201818875,0.0
0.0,0.27453716291993757,0.011501192176914867,0.007181379666573576,0.0,0.4466550986773972,0.11719419960189428,0.07221238526757681,0.4697313673698611,0.0,0.08317496058648981,0.3440502251610935,0.7017879372504683,0.13273892325731224,0.3985957333991886,0.5098315586589056,0.33100117810342367,0.476037307787669,0.2719357280603269,0.5851392408648324,0.12641980742031023,0.4777970707559036,0.1624898502571825,0.13564053671753712,0.6592340759298903,0.4178787717146303,0.37119509899157194,0.5798833418011242,0.5189660652369945,0.37925241669132675,0.428653479397551,0.31830527985332047,0.2495940962622222,0.21033656121195404,0.0,0.0,0.0,0.45232428743353653,0.18342206931080654,0.11303168849581118,0.13295012795061953,0.0,0.0,0.0,0.0,0.23100264967186399,0.1371133349175433,0.2758270946908414,0.298252790277361,0.0,0.06322163558021386,0.41780941316870013,0.3340867388738303,0.0,0.783598340434329,0.0,0.44724049347043987,0.10850560348929496,0.3216639816465089,0.3965543185449831,0.2705413435583877,0.5877417897198564,0.3921497200268331,0.3004333662352824,0.43845028614178455,0.1250597785945991,0.4674946539377727,0.2647664696406538,0.10524156311242648,0.436523564644211,0.33084633828262106,0.21172309083056917,0.30403870231927327,0.5400945249227532,0.6015628664551597,0.0
0.0,0.0,0.5894382430456611,0.0,0.46139746781880714,0.0,0.317810556589572,0.028945006822529838,0.23894261683386628,0.08317496058648981,0.0,0.0925451746055365,0.16933730638702013,0.0446294120049491,0.0,0.06470247456127005,0.0,0.049970616980305374,0.43740612921753763,0.08247611629372421,0.0,0.0,0.0,0.18970948455678993,0.02510856418273598,0.0,0.04877111901674815,0.0,0.0,0.0,0.0,0.03481849869571471,0.0,0.0,0.0,0.0,0.0,0.011394234981042561,0.0,0.0,0.0,0.005829005069196956,0.0,0.0,0.024078162116109508,0.0,0.0,0.2487143349267234,0.0,0.29450680170378124,0.0,0.0,0.1281230728349714,0.0,0.0,0.5800916962850727,0.085119451378529,0.0,0.0,0.0,0.0,0.003240067123671399,0.0,0.3985917021155396,0.0,0.0,0.0,0.0,0.07720746012834925,0.0,0.0,0.0,0.0,0.07067294919489608,0.15209432010436616,0.0
0.0,0.5570087686642272,0.26442144142442986,0.15895037441347376,0.0,0.5535111511245111,0.0,0.6097314068470775,0.47520211166269555,0.3440502251610935,0.0925451746055365,0.0,0.4096163118776347,0.09583129873044986,0.2055736977437334,0.0,0.41249334200591226,0.28106548436681633,0.2902749860763253,0.42078634827483263,0.3947347506894867,0.2376479325260109,0.5401497801953603,0.38118680458735,0.45948570847512493,0.6892377328511077,0.27614888332513576,0.2770521057792674,0.2766615637821608,0.11620880508939128,0.09103334469631333,0.0,0.13494081548245063,0.0,0.0,0.1435449071029728,0.0,0.23186789461330384,0.0,0.1655311537930341,0.0,0.0,0.14566220942125835,0.0,0.0,0.0332606808139035,0.3976517819018132,0.4253573088255986,0.10403598940683788,0.07480783983945156,0.5970487793720526,0.2374382435006275,0.5943043040277614,0.254231710628464,0.4058256494804426,0.1937505043966674,0.8299148711919879,0.3521813526323806,0.33537750719662507,0.3336695675993461,0.0,0.5396777530454115,0.2934944707977396,0.3503155367635689,0.3974276996712378,0.2507151583741583,0.34652009886634694,0.5036676542452897,0.3161008147727575,0.3354730538918758,0.5717634473328376,0.28284371523907026,0.029780566857216764,0.042308117947737284,0.053992046397115905,0.0
0.0,0.4596212492899533,0.2618647874058905,0.17769945110298846,0.0,0.7751292438764804,0.09352176725090422,0.3355983876868121,0.7600992301993187,0.7017879372504683,0.16933730638702013,0.4096163118776347,0.0,0.21444715687764832,0.5208257740394792,0.4501914329643473,0.3274640016658196,0.41467518713279067,0.5191437110134252,0.7400971454642599,0.16620310669778177,0.48801499309737334,0.4440574489892032,0.0678973077434118,0.6606726041472255,0.4958060156695136,0.583984544402568,0.7494283474101269,0.7436501299462166,0.4722204678472871,0.38825601699274065,0.24435237458037773,0.0,0.14219045488310528,0.0,0.0,0.0,0.5407074516176554,0.029092785805603576,0.11548923604497874,0.08547161920550328,0.0,0.0,0.0,0.0,0.04385302910141221,0.2400254828147064,0.560883851140705,0.4003806291638574,0.16558275362664526,0.25712970192002227,0.5396451885548645,0.5539045016875915,0.0,0.6925275854926817,0.07358912931127427,0.456069114186544,0.2724617895364983,0.3702915185184186,0.5012003398315478,0.0791770992982471,0.609177941656238,0.3490971822149375,0.4138559429615959,0.6098871205722236,0.20286740499213304,0.581145435854146,0.47719177806710517,0.01733481135413742,0.3610979883343783,0.36831971293689836,0.35248113699469047,0.31525980215348476,0.46349346842162964,0.4880569348934002,0.0
0.0,0.12156585093218719,0.09322903689712365,0.49015425999158746,0.0,0.2638363037042416,0.0,0.30340256765596707,0.3617961494312278,0.13273892325731224,0.0446294120049491,0.09583129873044986,0.21444715687764832,0.0,0.10186933448417008,0.0,0.0,0.0,0.15069289828487428,0.11039481181699795,0.20678207818169692,0.0,0.29194947888046513,0.0,0.0,0.013802721932562354,0.2172395986805183,0.4256500925171901,0.2662946872173172,0.35419561433423175,0.01722562134001341,0.0,0.0,0.0,0.005523819363736147,0.3873686917735815,0.0,0.08176441124809895,0.0,0.17484182269636464,0.0,0.0,0.0,0.0,0.0,0.0,0.11663268436467347,0.24997824516350423,0.5322734166785555,0.05153470867514342,0.10760582224451815,0.16333858106417576,0.2402207629285217,0.35644004279896874,0.32447436247478606,0.2610641483860005,0.04493748675605513,0.06385273926574186,0.4637136421212842,0.19131136265416113,0.0,0.006078126259146902,0.0,0.07503290162746835,0.1832271693825435,0.21703065856114623,0.22888654410698372,0.16975922885486325,0.0,0.0,0.03679723723721199,0.12955434760577933,0.3044671626786882,0.0,0.0,0.0
0.24522082492658986,0.5854638358516493,0.3224265331983366,0.3117346336916612,0.0,0.5158649342660176,0.0,0.10700357349076758,0.7381923995291372,0.3985957333991886,0.0,0.2055736977437334,0.5208257740394792,0.10186933448417008,0.0,0.29235263764166697,0.3593278245572602,0.3577691399033735,0.5986840944070133,0.695401422751433,0.4533763390518816,0.5809976165399765,0.4679045001710334,0.0,0.7019851637910475,0.5903150960570245,0.7208933427724294,0.6129441969362971,0.6312116164132886,0.33180122016549485,0.47915503963666306,0.0,0.21411814764426496,0.04835974855559832,0.0,0.0,0.0,0.2957149538382023,0.0,0.2636037767049198,0.0,0.0,0.16612153160088428,0.0,0.0,0.38054201784801084,0.437098186961725,0.6474883431087222,0.30070924710616126,0.5308267141624269,0.43918588820280746,0.42960733785541655,0.28305212741336633,0.39631775718437884,0.6484600383405162,0.3000155293196322,0.22637061167658823,0.33819439618322267,0.4568627908791364,0.895635158221333,0.253988761126328,0.5185949479979642,0.5196199870148847,0.5417070038743824,0.7881828240001743,0.5909875510853165,0.7412946443497591,0.5897152221897259,0.0,0.5552762477934442,0.6257678679005326,0.7282090129358493,0.4142935786330404,0.5576425548266332,0.21199453605662807,0.0
0.2968311405882128,0.12371491453180834,0.01040243026001096,0.0,0.23353634212888444,0.0,0.4357322206726177,0.0,0.13256401521990901,0.5098315586589056,0.06470247456127005,0.0,0.4501914329643473,0.0,0.29235263764166697,0.0,0.5035763750013212,0.7277747395754093,0.13463773814145588,0.4096888791207471,0.0,0.5814990583106626,0.0,0.36037823640957567,0.5114004640669924,0.205339772296171,0.13527784874494952,0.34228745652483616,0.16366496207441086,0.09052615768592179,0.531742162830069,0.5962385557144239,0.3340596150398637,0.1476736803804211,0.0,0.0,0.0,0.24416358859488627,0.46365870205745385,0.0,0.20658612568340717,0.0,0.0,0.0,0.0,0.6155546900908994,0.0,0.10294041420314,0.0,0.0,0.0,0.0817720177221556,0.0,0.0,0.29521918877429854,0.0,0.015974105777825796,0.0,0.0,0.18633960870796948,0.6044706003384832,0.2608334484021141,0.39310071399214763,0.12587715416449108,0.28450007318432563,0.0,0.27125599819348195,0.0,0.31551581146236113,0.4167924292524554,0.09561265572485421,0.10742271513423994,0.24538015559171933,0.7317738565548481,0.5863940982681343,0.278555228236394
0.4327453562033437,0.5269882705842533,0.033508380500744575,0.041607279887110896,0.0,0.1667749902780805,0.0,0.0,0.3103458261378152,0.33100117810342367,0.0,0.41249334200591226,0.3274640016658196,0.0,0.3593278245572602,0.5035763750013212,0.0,0.7512847351485579,0.19788732019589794,0.42099850555503476,0.23741870915499433,0.43727750128809517,0.05101769690780074,0.4208270363569389,0.6836633069679349,0.6923066038724904,0.18362811966702286,0.40207919674392106,0.14607266612329342,0.0,0.38512439850551916,0.10194991899027692,0.32641970712618923,0.0,0.0,0.0,0.0,0.11373577892487018,0.05249844060822748,0.0,0.0,0.0,0.06427994183390436,0.021774746022782385,0.0,0.5909549127571617,0.15079664833143563,0.23008810325035386,0.0,0.019362999707588303,0.2918193787883502,0.0,0.10564833229205459,0.051940860295213706,0.30033328234647455,0.0,0.4527636668929626,0.03792715991831682,0.0723732107213804,0.45299169696664915,0.2745452469036724,0.4563746711027401,0.46402272097413744,0.1999849902705909,0.4282487731031233,0.3394870488357174,0.4236487045263258,0.2389964474548609,0.40894729384594275,0.5083414583203871,0.5549069346489062,0.3185361952372772,0.23769462512409475,0.4264035796496078,0.28154571493509223,0.0725077808598587
0.30808317052283635,0.3701134606943032,0.0,0.0,0.0,0.12217611532499252,0.11488026491986875,0.0,0.2742202099323337,0.476037307787669,0.049970616980305374,0.28106548436681633,0.41467518713279067,0.0,0.3577691399033735,0.7277747395754093,0.7512847351485579,0.0,0.17360024051569023,0.5093447687358195,0.0,0.48926298909325455,0.0,0.5288420258053226,0.7471000739003317,0.5218803205844399,0.21650135197488038,0.3604104250496381,0.14525060930420866,0.0,0.33060406643280676,0.32709917106693615,0.3860807715217268,0.0,0.0,0.0,0.0,0.11862392930438856,0.2170592011934897,0.0,0.0,0.0,0.0,0.0,0.0,0.602225588623994,0.012436456722070114,0.2060999673566073,0.0,0.02107802914170749,0.118222177945682,0.0,0.05141990028561389,0.0,0.3312607225400605,0.0,0.39353181213317806,0.0,0.0,0.40316489861763727,0.4775392984413193,0.402335458002534,0.5261186343142079,0.1945271035715037,0.39786082819751295,0.07568715656651617,0.3790743206322308,0.15770716959533573,0.41510525955993105,0.5008002238567378,0.38459710755232707,0.2658692157647585,0.1451745998108077,0.6161100698888298,0.4387650444053576,0.10149931889074214
0.06143463506138768,0.3862461554836981,0.7868653087813718,0.06256352104204399,0.05071224290099796,0.5283477652193014,0.0,0.33791775860975354,0.7968724838939788,0.2719357280603269,0.43740612921753763,0.2902749860763253,0.5191437110134252,0.15069289828487428,0.5986840944070133,0.13463773814145588,0.19788732019589794,0.17360024051569023,0.0,0.5570928316898552,0.22431253910993454,0.4645184226972229,0.4978724695062955,0.0,0.46047748188855925,0.4180496624866258,0.6917942290317237,0.4949949984742571,0.3783897223305837,0.18835229573404538,0.3140169174359719,0.0,0.0,0.0,0.0,0.05424663987101326,0.0,0.18510301792126788,0.0,0.0,0.0,0.0,0.0,0.0,0.0,0.17821176491940136,0.3071011514132872,0.8539000887425198,0.08580659475663596,0.621075016657243,0.39657803262026686,0.3911618072607697,0.4793139315210758,0.4953503247098415,0.39503517436662255,0.6599334451486053,0.26857368878413573,0.3252199950665327,0.31098305160877043,0.5321704888161127,0.0,0.3631108275310911,0.2872981610163399,0.8526006197427539,0.619732079563931,0.227864470688291,0.4955177867073406,0.5248103047902172,0.0,0.3123552858907283,0.41026070461444797,0.6341757798155068,0.2804060082380397,0.2928534747563778,0.1378071917273591,0.0
0.12887209545913436,0.5816816452323058,0.3031061065973701,0.17621423075059994,0.0,0.6538827626613662,0.0,0.2527216519382745,0.784012322218369,0.5851392408648324,0.08247611629372421,0.42078634827483263,0.7400971454642599,0.11039481181699795,0.695401422751433,0.4096888791207471,0.42099850555503476,0.5093447687358195,0.5570928316898552,0.0,0.45124412613212606,0.8446714170565298,0.4810173488893801,0.12373305655970862,0.7537170168171231,0.7084272799110395,0.7342898312560262,0.7063331703123615,0.685741431412822,0.3608561612983953,0.5125994055462166,0.0275717164739566,0.18224233931257944,0.0,0.0,0.0,0.0,0.3851935749836645,0.0,0.15249063455458434,0.0,0.0,0.0,0.0,0.0,0.3956169824898217,0.3476333247808055,0.7016330261503334,0.22874025908028767,0.34178654143558634,0.41571388828345257,0.4154096906819441,0.47841251370773297,0.22573087233107947,0.6873945911026424,0.2001203124160852,0.4995035517269462,0.23117110860399828,0.39316676146570645,0.744365156167551,0.08355346227868114,0.48670943616427226,0.4754998066659139,0.5379237879308552,0.8591630887259383,0.43997414824251024,0.7825019678089762,0.6201995467771871,0.17067997373375435,0.5311947720680594,0.6330417838684766,0.6380032611628471,0.2929070247133429,0.5635526100086327,0.4153555816463099,0.0
0.3325577765251701,0.6706233333555359,0.060636115207400636,0.6799383083328309,0.0,0.48818993003860667,0.0,0.5058424315737777,0.4851761937150006,0.12641980742031023,0.0,0.3947347506894867,0.16620310669778177,0.20678207818169692,0.4533763390518816,0.0,0.23741870915499433,0.0,0.22431253910993454,0.45124412613212606,0.0,0.35550777049503923,0.6223593445419834,0.0,0.37338766505541066,0.6859341477844355,0.5208308964881828,0.3551986967751898,0.551662503295149,0.25966481038735506,0.2934769186474852,0.0,0.1180203781589101,0.07147896599711358,0.0,0.3351816268128306,0.0,0.14852362835561247,0.0,0.48378713239166704,0.0,0.0,0.4367299581680682,0.0,0.0,0.21466600076099435,0.60676185964282,0.4221687789506856,0.38504576001831065,0.3196900955853865,0.722549297848348,0.28501705345064904,0.40707006592474776,0.6407093103978383,0.46340790206439325,0.24365343357912583,0.4157162470790885,0.4694345914013891,0.6069928971368116,0.5418766797388299,0.0,0.31664863816388034,0.30793529576644185,0.18733221983679188,0.5303622230688239,0.830201425721262,0.5596037966780201,0.6414527629535041,0.0,0.3778037821699511,0.6943896681572472,0.6058519214577452,0.17806965163548077,0.06704278908573678,0.0,0.0
0.4630993102070376,0.5115557271971467,0.28244837032689113,0.09481343105356775,0.0,0.385834897364624,0.0,0.0,0.5377870714221409,0.4777970707559036,0.0,0.2376479325260109,0.48801499309737334,0.0,0.5809976165399765,0.5814990583106626,0.43727750128809517,0.48926298909325455,0.4645184226972229,0.8446714170565298,0.35550777049503923,0.0,0.2439242821816364,0.06450578450213877,0.5955076219627261,0.5964094899714294,0.5950442900900748,0.5898370530856256,0.4625185943444188,0.26731002947404636,0.6235370221718377,0.14411812375795985,0.24859786996535155,0.06365162709715687,0.0,0.0,0.0,0.26483856509069353,0.03606180535894136,0.10305585217668921,0.0,0.0,0.053921445433614226,0.0,0.0,0.6439773813844566,0.2596717053070487,0.5518691279688921,0.08385469841060407,0.3248884535383906,0.2774419609932607,0.2554774688578406,0.23004257589750526,0.22750900908577026,0.5228524901446274,0.19134609549616272,0.24748774533362453,0.2695944268005144,0.25919009309918045,0.5923900048419846,0.2670981529697591,0.3475770538198365,0.5511562990693986,0.45961948389303925,0.7593723131477674,0.3410316634987861,0.7506060967980894,0.4433903801792675,0.1767930310149414,0.5601849134140932,0.5531434270743414,0.5818952335579285,0.4144285502559694,0.5933591388657242,0.4292301127299281,0.038888244949638606
0.0,0.6617096862887565,0.4398018033096637,0.4698071213781702,0.0,0.8646419855229802,0.0,0.796321865643205,0.7343385051925554,0.1624898502571825,0.0,0.5401497801953603,0.4440574489892032,0.29194947888046513,0.4679045001710334,0.0,0.05101769690780074,0.0,0.4978724695062955,0.4810173488893801,0.6223593445419834,0.2439242821816364,0.0,0.0,0.4269315669552724,0.6208770456785194,0.7373001550212411,0.3809381409135531,0.636186339231543,0.3247492765453649,0.08024113588016127,0.0,0.0,0.020499936257599174,0.0,0.2727857721880815,0.0,0.30155224149316084,0.0,0.3539461346015243,0.0,0.0,0.1964967673858172,0.0,0.0,0.0,0.7611870280665933,0.66211899112571,0.35286280986783186,0.3957700387107405,0.865789253831372,0.565085842246756,0.7819422801085176,0.5895168520292214,0.5130397693509696,0.46645362569913734,0.5235485756000895,0.6019602461631648,0.5510500298787053,0.5200557171531717,0.0,0.48624533462110475,0.265979658543826,0.45109114401568745,0.6020390870319897,0.5310769467415379,0.5312538261308478,0.9120674514217242,0.0,0.3940059908935987,0.6731252183063946,0.6786498162879253,0.1017394151359986,0.09958910814669727,0.0,0.0
0.05606670170639091,0.05047391465924689,0.0,0.0,0.12467727981204868,0.00882669021935973,0.26421162054408953,0.027168178856959303,0.0,0.13564053671753712,0.18970948455678993,0.38118680458735,0.0678973077434118,0.0,0.0,0.36037823640957567,0.4208270363569389,0.5288420258053226,0.0,0.12373305655970862,0.0,0.06450578450213877,0.0,0.0,0.3432606102038431,0.2924566977993318,0.0,0.0,0.0,0.0,0.0,0.37024353551872385,0.34560424105378384,0.017268371680177228,0.0,0.0,0.02764739010614723,0.13632659719316664,0.39417021491212567,0.0,0.0,0.0,0.0,0.0,0.13242852137042227,0.2716447562344907,0.0,0.0,0.0,0.0,0.09439687068778999,0.0,0.10379036979065753,0.0,0.0,0.0,0.42202983895969093,0.0,0.0,0.0,0.1992647019716928,0.1875967182726108,0.07552205118831508,0.0416016357584521,0.0,0.0,0.0,0.05122801178744305,0.8460301215741635,0.3137432703987897,0.19712256110868293,0.0,0.0,0.3483259649347119,0.23959103392765546,0.09022414403838798
0.26005898823807305,0.7098605987292873,0.20490533327415503,0.18028870792806045,0.0,0.5862097707461221,0.0,0.10332323347057583,0.7295933071032339,0.6592340759298903,0.02510856418273598,0.45948570847512493,0.6606726041472255,0.0,0.7019851637910475,0.5114004640669924,0.6836633069679349,0.7471000739003317,0.46047748188855925,0.7537170168171231,0.37338766505541066,0.5955076219627261,0.4269315669552724,0.3432606102038431,0.0,0.8265158553777345,0.6430261734482461,0.6135811362519302,0.5899887470962444,0.18010184248858688,0.4356692979081078,0.07975039301792566,0.35286646153181295,0.0,0.0,0.0,0.0,0.3650138378860032,0.019884989296838598,0.12820111955429583,0.0,0.0,0.0,0.0,0.0,0.5275212140372942,0.45579329899731225,0.5858786411352116,0.11482776058505206,0.23775214871676018,0.5104241116240622,0.33353998349154973,0.37493489636042043,0.14709861011522354,0.7435084057935006,0.0695956943032853,0.5375444562838667,0.17150404528792895,0.3246063494143112,0.7566976380561675,0.36371329324008145,0.6752944295065695,0.6669217959410382,0.45940637906028914,0.7412513576434581,0.4782498593503589,0.7312117133343378,0.6139718720200567,0.32101777389359865,0.7951990635328484,0.7786207963259905,0.6405564894563542,0.2933532145779044,0.7282728578289345,0.36386048442744406,0.0
0.3192380236870746,0.9351239589910376,0.24819357100388775,0.41413116925535404,0.0,0.6538871817057285,0.0,0.4311575914804122,0.6734334440898695,0.4178787717146303,0.0,0.6892377328511077,0.4958060156695136,0.013802721932562354,0.5903150960570245,0.205339772296171,0.6923066038724904,0.5218803205844399,0.4180496624866258,0.7084272799110395,0.6859341477844355,0.5964094899714294,0.6208770456785194,0.2924566977993318,0.8265158553777345,0.0,0.616123231122864,0.5087923316861425,0.5774683545198386,0.1335501472028972,0.3696532821157635,0.0,0.30061032943048527,0.0,0.0,0.04231225369087622,0.0,0.24862627041970486,0.0,0.2435333907482041,0.0,0.0,0.23664804516554358,0.0,0.0,0.4230198213749646,0.6298672853229137,0.5893403886212716,0.17238118491440846,0.25844633545395407,0.7354690911705722,0.26979623066133973,0.46320132566451216,0.4334498113731989,0.5889335578538987,0.1980205524932361,0.6651720260813825,0.36940537278501967,0.38840826036128795,0.7222910354167085,0.029560243019602413,0.6065153328325406,0.6029920935263571,0.40916498255585676,0.7234345859347441,0.6501935178163143,0.7316651783530705,0.7151184789439197,0.28664843349596114,0.7022639157989862,0.9152806281527526,0.66674215066687,0.1949534222843786,0.40264364842397604,0.05896854903393979,0.0
0.08369064013842176,0.6337461921947506,0.5177548363567198,0.3772523201874405,0.0,0.8263053763930142,0.0,0.35731758956475085,0.8735976164099651,0.37119509899157194,0.04877111901674815,0.27614888332513576,0.583984544402568,0.2172395986805183,0.7208933427724294,0.13527784874494952,0.18362811966702286,0.21650135197488038,0.6917942290317237,0.7342898312560262,0.5208308964881828,0.5950442900900748,0.7373001550212411,0.0,0.6430261734482461,0.616123231122864,0.0,0.5978148894947419,0.8103131271272287,0.34044131409556855,0.3823005123194787,0.0,0.0719312861789565,0.07131444478460687,0.0,0.08207256943367829,0.0,0.37714651880269817,0.0,0.29550044660765207,0.0,0.0,0.06646119072205214,0.0,0.0,0.22242650311358247,0.5709225137547442,0.8420187656717342,0.28770792250364474,0.597152351809324,0.6536202316739275,0.5611677907996001,0.5468018075965021,0.5933878955894695,0.6413606213961343,0.4577681560386255,0.2943166883603744,0.5212974287311387,0.49415331149227276,0.7173928140684966,0.04409873913718374,0.49938850796357326,0.5458952492793516,0.6194612060484301,0.8548086547231296,0.5383263954803447,0.7928493896831816,0.8017871432623621,0.0,0.5951850763322801,0.653063769391277,0.9195309797944097,0.3788121026581074,0.523719605327893,0.1454776802601247,0.0
0.09402488901470979,0.5030854974182792,0.23994963271816697,0.3875547878984534,0.0,0.5378486919267029,0.0,0.16371291030591656,0.737409454414111,0.5798833418011242,0.0,0.2770521057792674,0.7494283474101269,0.4256500925171901,0.6129441969362971,0.34228745652483616,0.40207919674392106,0.3604104250496381,0.4949949984742571,0.7063331703123615,0.3551986967751898,0.5898370530856256,0.3809381409135531,0.0,0.6135811362519302,0.5087923316861425,0.5978148894947419,0.0,0.6211771189821219,0.49054637068995655,0.525186199488401,0.0,0.0,0.042488031823021924,0.0,0.19645647615111927,0.0,0.3115294721071664,0.0,0.15306523574275957,0.0,0.0,0.0,0.0,0.0,0.26728076295602665,0.1904491991671239,0.6232944363763859,0.5274696544332291,0.2563113243378783,0.2592039397030079,0.3532076500746899,0.38742220163786417,0.3009811943926968,0.7030048249763202,0.1448397311394712,0.280849609068448,0.21999401862523854,0.4948196596304713,0.6475699413540603,0.08612723557833105,0.40966314090315653,0.4090248380695774,0.4229674388317464,0.7449230006871601,0.44434411241184124,0.7450178658524277,0.4531899177678666,0.0,0.29028780378327834,0.42104574216472984,0.5174631004009371,0.6582264785046839,0.34551353348671054,0.4181729137763246,0.0
0.0,0.6296427512488392,0.13245407086629402,0.5141061936725444,0.0,0.8901347532929736,0.0,0.4143535565074521,0.7280472961071297,0.5189660652369945,0.0,0.2766615637821608,0.7436501299462166,0.2662946872173172,0.6312116164132886,0.16366496207441086,0.14607266612329342,0.14525060930420866,0.3783897223305837,0.685741431412822,0.551662503295149,0.4625185943444188,0.636186339231543,0.0,0.5899887470962444,0.5774683545198386,0.8103131271272287,0.6211771189821219,0.0,0.5569941834991038,0.3970940544236441,0.10409469275954669,0.08629340367369535,0.2763049572691957,0.0,0.016600787251376915,0.0,0.533522071096365,0.0,0.5299783506729241,0.05128145067106431,0.0,0.09116428264122671,0.0,0.0,0.02760534396197024,0.5950488074892263,0.5524028945315388,0.5062340356033392,0.31561874110229104,0.5456814450253084,0.6989452997948716,0.5249235301678659,0.34183954470524935,0.7559096660847567,0.16270807590933462,0.2815558378311353,0.5522453937708892,0.6109769748075466,0.5970817443041748,0.024678096559755888,0.5616558669844043,0.4980157050329787,0.2975076853002825,0.7139484891316589,0.550291481161712,0.720833629399943,0.6752789140463602,0.0,0.5472788105551549,0.594340998134388,0.6117051382418451,0.33841490171043287,0.47227180668608654,0.20284110356249513,0.0
0.0,0.20866075516550442,0.03256021359920231,0.36323897226823737,0.0,0.4605163739055072,0.0,0.32404546857940175,0.3572811640380626,0.37925241669132675,0.0,0.11620880508939128,0.4722204678472871,0.35419561433423175,0.33180122016549485,0.09052615768592179,0.0,0.0,0.18835229573404538,0.3608561612983953,0.25966481038735506,0.26731002947404636,0.3247492765453649,0.0,0.18010184248858688,0.1335501472028972,0.34044131409556855,0.49054637068995655,0.5569941834991038,0.0,0.45267491282747074,0.14379154780428902,0.0,0.3696474200641244,0.0,0.28347580126819527,0.0,0.43468287894716207,0.0,0.3944041896993,0.13010595301890662,0.0,0.0,0.0,0.0,0.0,0.19930018230325286,0.2928539259528278,0.4750302556564884,0.10721305376653027,0.11416664031120888,0.49183889792037705,0.38727816733460985,0.14065741410444746,0.49840399854871215,0.050032314265297056,0.05329680074355521,0.28962301792593664,0.48098516553540743,0.2215749964824457,0.0,0.22567537770300825,0.08221868024384363,0.19462472607109985,0.3322554398531802,0.20607614777164604,0.2969250819306438,0.2647899128768846,0.0,0.06480423892101857,0.15138867655243352,0.1486579082504191,0.2843558951692928,0.08777676089886681,0.2294647194283595,0.0
0.40180507208023986,0.27511196643359137,0.10018098149426628,0.11894309561709505,0.0,0.2233217362131037,0.0,0.0,0.38450374886513794,0.428653479397551,0.0,0.09103334469631333,0.38825601699274065,0.01722562134001341,0.47915503963666306,0.531742162830069,0.38512439850551916,0.33060406643280676,0.3140169174359719,0.5125994055462166,0.2934769186474852,0.6235370221718377,0.08024113588016127,0.0,0.4356692979081078,0.3696532821157635,0.3823005123194787,0.525186199488401,0.3970940544236441,0.45267491282747074,0.0,0.28555774426599717,0.24345356035390528,0.34846426196590113,0.010466635326501366,0.12091859361809727,0.0044536466525304935,0.30359648712495574,0.23313037090707678,0.2523955535763656,0.16546668539324194,0.0,0.03499340854270611,0.0,0.07652301648986547,0.5228252939342756,0.08692860702833578,0.3743104847998727,0.30687001631384003,0.2804492470136744,0.12517158246092905,0.27137459803332825,0.18433846825727063,0.20411256950836756,0.4871219462494055,0.0,0.09838726819827255,0.235463904346963,0.38016159392507487,0.3826232866930854,0.2632409974849305,0.39099162497254286,0.3774823955580678,0.2814244233680798,0.47149612955945436,0.29305743441223453,0.5132410402447835,0.23782694115497263,0.06827224296823055,0.4126904858295092,0.3737128523108781,0.32951322968975055,0.4987425401551568,0.4406470382585472,0.4932462092112507,0.27400229483260174
0.0,0.0,0.0,0.0,0.3662533204140273,0.0,0.6004327292557315,0.0,0.0,0.31830527985332047,0.03481849869571471,0.0,0.24435237458037773,0.0,0.0,0.5962385557144239,0.10194991899027692,0.32709917106693615,0.0,0.0275717164739566,0.0,0.14411812375795985,0.0,0.37024353551872385,0.07975039301792566,0.0,0.0,0.0,0.10409469275954669,0.14379154780428902,0.28555774426599717,0.0,0.2548241247374072,0.3565485797722964,0.018060487870773686,0.0,0.13705405205740456,0.30654459635823234,0.7771345364595982,0.03065665763453511,0.6294068906410396,0.35123543427690673,0.0,0.14596031657732794,0.19264457349601885,0.15331617412664314,0.0,0.0,0.0055344925194430235,0.0,0.0,0.1759456987625676,0.0,0.0,0.13254583647268114,0.0,0.0,0.0,0.0,0.0,0.4235594708060929,0.1863695851762389,0.12544093417919192,0.0,0.0,0.0,0.0,0.0,0.29360556239688684,0.09760877518700414,0.0,0.0,0.07806962733409589,0.3429440496198433,0.5219916405108918,0.4770081140405618
0.25888744850797407,0.1873830730551857,0.0,0.0,0.0,0.0,0.024804212482509212,0.0,0.0216798114306808,0.2495940962622222,0.0,0.13494081548245063,0.0,0.0,0.21411814764426496,0.3340596150398637,0.32641970712618923,0.3860807715217268,0.0,0.18224233931257944,0.1180203781589101,0.24859786996535155,0.0,0.34560424105378384,0.35286646153181295,0.30061032943048527,0.0719312861789565,0.0,0.08629340367369535,0.0,0.24345356035390528,0.2548241247374072,0.0,0.18049297936712486,0.0,0.0,0.0,0.14788323607745762,0.23457478902365014,0.2410367831790726,0.055573835271650496,0.0,0.038805647948249804,0.0,0.0,0.37080060817582094,0.039419733756911754,0.0,0.0,0.0,0.0,0.0,0.0,0.0,0.13075333143413834,0.0,0.1158608661031357,0.0,0.0,0.19528384021782316,0.33362072150599026,0.1601236443384225,0.3041233993213951,0.04373110978451606,0.08413167755236704,0.19590363386855028,0.15471475230026854,0.0,0.3146883842850529,0.3584068742469614,0.24203947026826114,0.1232434736830888,0.0,0.35238099129245043,0.15494853951261045,0.12329015539045644
0.0,0.0,0.0,0.03296911080972128,0.04838018912349062,0.16310638878698974,0.17866295721416858,0.06757957761554066,0.0,0.21033656121195404,0.0,0.0,0.14219045488310528,0.0,0.04835974855559832,0.1476736803804211,0.0,0.0,0.0,0.0,0.07147896599711358,0.06365162709715687,0.020499936257599174,0.017268371680177228,0.0,0.0,0.07131444478460687,0.042488031823021924,0.2763049572691957,0.3696474200641244,0.34846426196590113,0.3565485797722964,0.18049297936712486,0.0,0.06595836179043685,0.0,0.1495137053064638,0.3074942667001965,0.3719100950127762,0.43471946572876713,0.4740424299701916,0.22325932292889009,0.103029412378155,0.0,0.24108671239341936,0.020576718731195195,0.09138894219384912,0.0,0.2567619811404219,0.0,0.0,0.3240924921886772,0.06810751226029348,0.0,0.18847226208693266,0.0,0.0,0.2673453182719902,0.2010781000825273,0.0,0.10245825170839773,0.2180940418470381,0.03750852220643282,0.0,0.0,0.044318074906080425,0.09412262483182288,0.0,0.0,0.09792020756081844,0.05107207979048129,0.0,0.13645097917027357,0.11872215562993489,0.2266483163791842,0.28588023714632677
0.0,0.0,0.0,0.07454139011279876,0.15540887478977977,0.0,0.021703016175894103,0.023311799047671618,0.0,0.0,0.0,0.0,0.0,0.005523819363736147,0.0,0.0,0.0,0.0,0.0,0.0,0.0,0.0,0.0,0.0,0.0,0.0,0.0,0.0,0.0,0.0,0.010466635326501366,0.018060487870773686,0.0,0.06595836179043685,0.0,0.29393446153845576,0.330695184314307,0.0,0.057169057558618126,0.06773053563609525,0.1941416182563767,0.2784457166711329,0.22062997667804818,0.25967655274102736,0.12700080915887105,0.0,0.0,0.0,0.08618778242740491,0.0,0.0,0.0,0.0,0.120197786532631,0.0,0.0,0.0,0.10985641882220015,0.04728191650565421,0.0,0.0,0.0,0.0,0.0,0.0,0.0,0.0,0.0,0.0,0.0,0.0,0.0,0.15439997142007347,0.0,0.0,0.28089375861801014
0.0,0.0853216978703946,0.09766339528482963,0.4459039715385703,0.0,0.11646789613924564,0.0,0.3856602803747285,0.12301537524420102,0.0,0.0,0.1435449071029728,0.0,0.3873686917735815,0.0,0.0,0.0,0.0,0.05424663987101326,0.0,0.3351816268128306,0.0,0.2727857721880815,0.0,0.0,0.04231225369087622,0.08207256943367829,0.19645647615111927,0.016600787251376915,0.28347580126819527,0.12091859361809727,0.0,0.0,0.0,0.29393446153845576,0.0,0.24744739960103238,0.06019802204745611,0.0,0.2787298455076987,0.0,0.0,0.23097596564181305,0.13013540544324134,0.08942038050286515,0.0,0.12231001171152964,0.2261699561336528,0.3481548352996756,0.06177850114601219,0.22957525278436017,0.08784143743339426,0.25482443816094624,0.5571599491822526,0.030314861438764724,0.1504361088865826,0.039102340805731516,0.3201191193719721,0.3022488323100969,0.0,0.0,0.0,0.0,0.07116778511615232,0.0763817208679693,0.19134867026340838,0.15172301269789026,0.1371062389954588,0.0,0.0,0.08061646980741181,0.13723338748970093,0.3673581962128832,0.0,0.0,0.0
