0.0,0.7166765314024842,0.2158177375996017,0.12675740888441425,0.4671849880070277,0.6192854083235944,0.4987949387940351,0.33316352380828845,0.0,0.26145749920281364,0.3129287689409293,0.043471054543157195,0.6533714035325637,0.5358405567786666,0.6135829377323857,0.776584106106035,0.5721846163343982,0.7919359935726036,0.45662019978129204,0.6307678931396549,0.7328602609923812,0.6822476437164412,0.3767122793579927,0.5798681143049119,0.6581228271585959,0.6759812166466423,0.4681304573823416,0.5674751458765361,0.7235598634178064,0.5783364617579921,0.6654108352906397,0.2182277014707695,0.18010186488450963,0.39712167576426594,0.36224496597329164,0.2600901160823199,0.31910730253840125,0.0,0.10492233428764573,0.07572912794679666,0.4506461095977613,0.07921607071710561,0.5096901236075698,0.2863510338216515,0.0,0.899608745538015,0.671712625113716,0.2457025942410131,0.0,0.3300257227590511,0.4874267821062533,0.0,0.40618242636035695,0.0,0.14052474024719463,0.39928013380514604,0.16173694402522082,0.5522262293849954,0.39622092100934997,0.6310105592953273,0.8210503348079903,0.6599143873237531,0.7212900264193677,0.35565623463983287,0.6663789093133001,0.7138296185636639,0.6730475789479897,0.5017871753915475,0.5305409158298986,0.6695215345634908,0.7568420862540303,0.3747196718505732,0.6704907344375277,0.803456028254163,0.655022745390542,0.6680054989382481
0.7166765314024842,0.0,0.31353453050683144,0.1762767142455087,0.5683774849094889,0.7935631744507414,0.5813388992435995,0.47978215635637705,0.017333616471323914,0.2725874326860924,0.4230288699843841,0.0,0.6877719045473843,0.44891789417468664,0.6697297848584837,0.7401224289289138,0.6200215757546464,0.8300027392123484,0.5029426088402272,0.6816757781903252,0.7446790705946219,0.7263365823748918,0.6600172242386934,0.38975630556612834,0.8539593006719118,0.899819733847473,0.7533056607477946,0.49371692463218103,0.7630538525262914,0.4144118514278184,0.5008527033299843,0.2145928562415523,0.20683800198317215,0.27285980464747855,0.3220379136477457,0.14561798012195176,0.15193192678044976,0.0,0.05139777534843482,0.1280899461788052,0.4437881678208512,0.0,0.4672413080793719,0.19554664641919903,0.0,0.7288041109091665,0.8688999026227298,0.29545011980462815,0.0,0.3902737037807666,0.6404563061933876,0.03487106534389611,0.5645665215986083,0.048091103568306565,0.18381399602511297,0.5128373267535647,0.11805702128904046,0.5381479233532541,0.3505693466306615,0.6903486617079303,0.5545432612518347,0.6446939500367898,0.4754823671686367,0.448656380180745,0.6812243212938,0.7471735094084059,0.713616113640189,0.7337562831593715,0.34309484626074305,0.8094754758778789,0.8454484285717713,0.6123690701826933,0.5403518021702726,0.7494261272278808,0.45392550375456625,0.37204562360189664
0.2158177375996017,0.31353453050683144,0.0,0.0,0.688156183654188,0.2110147247940154,0.4571758520978295,0.3291050024216832,0.522603841243913,0.40428229628794476,0.8490963648880749,0.454367349061345,0.31922382424010487,0.0,0.7344854319364325,0.1795038496828855,0.2380483300912624,0.257668872993205,0.7521433282291273,0.6361948160489421,0.2625671905649873,0.5232046201945205,0.35764395012815,0.0,0.24435862823607366,0.24646163019938405,0.6950540336280385,0.3374835712225943,0.00450608359680069,0.25236915675888677,0.18072533799170756,0.0,0.0,0.0,0.10283985234773299,0.10947709392526589,0.3066522182413045,0.40192701277574316,0.0,0.0,0.0,0.0,0.158983096434815,0.09415792214505288,0.0,0.12486389803873,0.07154848946976697,0.8566463611161768,0.0,0.7628557026429506,0.11263291875221305,0.4504334307361426,0.45300876295742115,0.7431912762167868,0.33287480770063055,0.707111776094014,0.27731824081136036,0.41692676609399876,0.29334818962464076,0.6853892025164723,0.25506178231310395,0.21052026036437052,0.31850330913439223,0.8773976463720495,0.53313650201478,0.35509635902191394,0.5747514765835631,0.3411318174065399,0.0,0.2829804033345064,0.21536162527534392,0.5891192484588945,0.2586941019481253,0.24708742922746932,0.3631107517413921,0.27264435755529204
0.12675740888441425,0.1762767142455087,0.0,0.0,0.44085425714577764,0.47015589429393956,0.5761735214392749,0.0,0.0,0.0,0.0,0.0,0.3477715608823737,0.5359458168872406,0.0,0.17008920580049436,0.0,0.0068166302068726915,0.0,0.3116971362119775,0.22673637477966635,0.2835770092820571,0.22010078615355905,0.0,0.11935906350064888,0.06360807923479095,0.33420104135906464,0.3613324810967456,0.4873174117973211,0.1961839289269519,0.32238119619964367,0.0,0.0,0.0,0.2180695408849852,0.0,0.0,0.0,0.0,0.0,0.0,0.0,0.22916753790897934,0.07812693503250845,0.0,0.19148327663940556,0.48260922919722005,0.13589535082723536,0.6611934426637336,0.0,0.4824600873693743,0.0,0.0,0.0,0.0,0.1881378244115648,0.0,0.0,0.0,0.0441001578393547,0.0,0.0,0.0,0.0,0.33640532617401087,0.20356579044557466,0.07687872047790688,0.4123017261345491,0.0,0.17576597928516993,0.13997871962902864,0.4460323236201613,0.5233927798708636,0.22844378550424163,0.0,0.0
0.4671849880070277,0.5683774849094889,0.688156183654188,0.44085425714577764,0.0,0.6229621208984721,0.8627190220047227,0.2961752436129475,0.20504070163820323,0.10333736786095284,0.7068682168819752,0.016843626899575043,0.7265248478634017,0.5062114770011671,0.7598106338385026,0.5307020740738158,0.14275710050469845,0.4211001385160921,0.5427134288496037,0.9139077861049371,0.4719523534439386,0.8269454239583786,0.4658304471955478,0.0,0.33656716013513926,0.337297040053272,0.8682751610328973,0.7774917626948643,0.4903584872756787,0.576013049564558,0.605257137441757,0.0,0.0,0.0,0.34823509991430723,0.249316729867061,0.24330923788351044,0.12219657423995725,0.0,0.0,0.0,0.0,0.41304389289185406,0.19745094102868746,0.0,0.37957682774601087,0.52181363563258,0.7239817930220519,0.2754167855575743,0.5295095817883694,0.41100696718857566,0.0,0.4040654329691,0.3951071166968862,0.0,0.8141425406572459,0.013475695218572122,0.3282551101185002,0.06987145492436989,0.7629482428834993,0.41126666480077456,0.2504360805471063,0.353232747986229,0.5529230857685651,0.820999687469273,0.5590041323807386,0.7276109926389259,0.6149222594503995,0.0,0.39163247095368986,0.3409081173955693,0.8128424393920881,0.720753773595791,0.5410709436661935,0.5016871322339662,0.18493552588557594
0.6192854083235944,0.7935631744507414,0.2110147247940154,0.47015589429393956,0.6229621208984721,0.0,0.6984504903051447,0.495124676459284,0.06976301739988741,0.03627919606664622,0.2566202217285752,0.0,0.7654764283864627,0.5469455199398446,0.548003069998462,0.5865798603039156,0.4691299731808288,0.6405840423071799,0.2989053761859132,0.6421877683995068,0.698544381964676,0.6436771612921448,0.7050203355909499,0.3707285691118864,0.6741781914152636,0.770957787829899,0.7242482664506591,0.5524296036190687,0.8646484143280688,0.41788108323664785,0.5407786318855834,0.028829688231448762,0.10326205529542332,0.2356279251532414,0.26355435412821554,0.11084210696244312,0.10585821933234986,0.0,0.0,0.0580406902143303,0.2973790296626662,0.0,0.546022858772893,0.26036634073106757,0.0,0.6369294307297451,0.8369215104923523,0.2987579128715769,0.05411763874418959,0.1981332367415062,0.8599435327858777,0.0,0.5458150454017214,0.0224986687667076,0.0,0.3883940535393584,0.032330680355288854,0.43611081294685095,0.2168972807531427,0.5695541167430112,0.4039714779975027,0.49471311366754556,0.3458936782351239,0.24936324741779822,0.672765531556294,0.703914234878104,0.56635467371878,0.8670639638801236,0.26576511562491684,0.6620070057127113,0.7249740891209935,0.6687357712384199,0.6091957938543477,0.726531538022698,0.3512625318005051,0.2202611857073079
0.4987949387940351,0.5813388992435995,0.4571758520978295,0.5761735214392749,0.8627190220047227,0.6984504903051447,0.0,0.23463636264261306,0.10296051559706683,0.0638817226402562,0.4459228730934707,0.0,0.684591037962258,0.4800881466718267,0.6069770847682848,0.5430073687944427,0.15786003777395216,0.43315877554050625,0.3034678342874367,0.8376106618394696,0.5448369147061404,0.7278826413828005,0.4655045893379921,0.02987466011584502,0.4626414343231692,0.3836148187900396,0.8201057140320213,0.6686914942292324,0.6589342026137687,0.4849527427882078,0.6059536261580132,0.0,0.0,0.0,0.3310137071807334,0.13428812730524797,0.18833118232046803,0.01800806286051664,0.0,0.0,0.0,0.0,0.4139680692923031,0.1572669686050691,0.0,0.4242230145435007,0.6264012697929942,0.5293539579981171,0.27091844788005487,0.28915696362105964,0.5147380257673807,0.0,0.31448924241503323,0.14481879201499132,0.0,0.5989723549792478,0.0,0.21295493731193904,0.0,0.5838636931796085,0.41002870482504006,0.25784319600064015,0.3335131127726154,0.2992920941255952,0.7699270012096897,0.5758517503283577,0.6179045841424744,0.6065273765393612,0.0,0.5139895118946898,0.4093495510159382,0.7398718230622023,0.7001420409311042,0.5904629673346199,0.3435688638387627,0.10525463044073059
0.33316352380828845,0.47978215635637705,0.3291050024216832,0.0,0.2961752436129475,0.495124676459284,0.23463636264261306,0.0,0.08498087391621933,0.4936154949010851,0.33654999899322,0.4126889405386331,0.4485207249904967,0.25268185428631096,0.4198791635499141,0.12203165691627305,0.5595317134825101,0.4127171757682948,0.34115728950158275,0.269629352972461,0.6235895553891937,0.23329389460361463,0.8029570607531994,0.4090113405901268,0.44489606390047715,0.6503741958312041,0.36077611690739503,0.16406587724190005,0.31278153108387774,0.09802849958768735,0.08335536748887702,0.23902026860676648,0.10332826506079913,0.17354985503363293,0.1507221720792929,0.07427758053230091,0.17007398691251038,0.28949310232013653,0.09038812692974367,0.05144625663787733,0.13090661076441584,0.0,0.2835670977431919,0.0028520535216511244,0.018647027202517603,0.311523634831104,0.31907944061778254,0.21392923372679312,0.0,0.3768623534771102,0.4582427225989111,0.2592642274580193,0.8291097284469564,0.142569920497152,0.435603429363848,0.22715355295962436,0.5553464126327331,0.4985627444497491,0.3270921344741145,0.368911529819296,0.13512033753792826,0.4450000818668854,0.3412802254359939,0.36013137748550644,0.25283643459797434,0.625057295928167,0.2835147678658701,0.627029128258001,0.34490867846286816,0.4239162592172612,0.5672369942567698,0.25609114822258555,0.09958178584034275,0.23837429964000215,0.12438774221473525,0.08984538143785271
0.0,0.017333616471323914,0.522603841243913,0.0,0.20504070163820323,0.06976301739988741,0.10296051559706683,0.08498087391621933,0.0,0.03968799362542959,0.3619623340566804,0.0,0.0,0.0,0.013096774532766883,0.0,0.0,0.0,0.06244892912542129,0.041870107618260516,0.0019605858718225555,0.0,0.2120919475838466,0.0,0.25867623976258985,0.11531856830090097,0.4283722893006672,0.0,0.0,0.0,0.0,0.0,0.0,0.0,0.0,0.0,0.0,0.17027815464512355,0.0,0.046356517516256385,0.0,0.0,0.0,0.0,0.0,0.0,0.050839363916542,0.6696804889774045,0.0,0.16893373824379973,0.15172836822022626,0.28734440230888875,0.2498729929467086,0.9041994259737952,0.06340705552733195,0.2125249125698093,0.0,0.0,0.035716157877907724,0.04308510219187768,0.0,0.0,0.0,0.42983680155942927,0.13643052185569632,0.04775873540620695,0.0,0.22658164179486828,0.0,0.18838513361848402,0.057896424054992256,0.5380512301532263,0.0,0.0,0.0,0.0
0.26145749920281364,0.2725874326860924,0.40428229628794476,0.0,0.10333736786095284,0.03627919606664622,0.0638817226402562,0.4936154949010851,0.03968799362542959,0.0,0.3041763552709327,0.7444829460179796,0.16404299808458084,0.0,0.37678113288480636,0.16396795970936423,0.565582390894131,0.3137283198765796,0.3149323550782598,0.17669259631808634,0.4342585549145316,0.06540141508076494,0.3580848771655555,0.28706825640895484,0.35544701431902703,0.3726002984342659,0.2074639728458132,0.09533960993381328,0.09815495321143897,0.0811812369986311,0.16367223072149858,0.08379351320934739,0.0,0.15954889970352812,0.12462342172871152,0.15343734891185354,0.3220670845698984,0.6890245283236571,0.0,0.0,0.0,0.06378860880454984,0.07231541162346546,0.0,0.093409702754641,0.16778746245494042,0.0,0.18252064007017887,0.0,0.5080503629179397,0.0,0.522825728575902,0.42296812089942043,0.27488889232189095,0.863820028387166,0.13312425760993574,0.6859103002797015,0.49691772214933577,0.23717299549818124,0.3069626286188522,0.2647942067486401,0.5608586558490324,0.5440027504488879,0.3549196652885247,0.0845844524276249,0.44143432012286726,0.15846683508714043,0.1940710200216315,0.2706568155033824,0.3865019049292379,0.33452562412085024,0.11803949339120266,0.0,0.1254899223150294,0.1831783411495147,0.23729213090791834
0.3129287689409293,0.4230288699843841,0.8490963648880749,0.0,0.7068682168819752,0.2566202217285752,0.4459228730934707,0.33654999899322,0.3619623340566804,0.3041763552709327,0.0,0.3571629256843556,0.45995201176830225,0.16134964343800884,0.7007423053292358,0.34011081213149963,0.30807567139439584,0.3801447976977673,0.8171659050759047,0.5995616113950146,0.3759055124299935,0.5159740120408433,0.42985201250844585,0.0,0.2502403448652451,0.30475175492345113,0.617906757697544,0.4472570388685181,0.2043232934824223,0.43752089756885815,0.3194142691050325,0.0,0.0,0.0,0.2845117615877315,0.26077279856154545,0.2819064766695794,0.3027116665833124,0.0,0.0,0.0,0.0,0.21532004628421458,0.22942967468565637,0.0,0.26374712331960876,0.19913318605602834,0.6428155595981935,0.0,0.773779694595958,0.09495123504279594,0.4341496455169789,0.4485327556657898,0.6034358991832794,0.28936114783925837,0.8089042860008101,0.2709273898222407,0.4788553288845048,0.39395386890699513,0.6428145089261952,0.2907321902480196,0.2568169929625278,0.3449225459816868,0.8473865516394751,0.4852519574206784,0.40898395818979555,0.5359799082922324,0.37091461700464806,0.0,0.2548706963495372,0.263422252258184,0.46613179170716773,0.26744438175443863,0.3298074643558064,0.4407836871892694,0.23882569918688912
0.043471054543157195,0.0,0.454367349061345,0.0,0.016843626899575043,0.0,0.0,0.4126889405386331,0.0,0.7444829460179796,0.3571629256843556,0.0,0.04780768156908468,0.0,0.32481811368535457,0.0,0.4014888247745316,0.13161019968625404,0.43334846517974374,0.05178749971068423,0.09225136708842813,0.0,0.12499982517652297,0.24852660444950106,0.0,0.05655341974091144,0.0,0.07637280021217818,0.0,0.15749437161563218,0.04836548837267862,0.05134256306439779,0.0,0.1032111213367227,0.033282962004370406,0.26384085250659656,0.36547249793750414,0.664577469760273,0.0,0.0,0.0,0.15597054868244348,0.0,0.0,0.0778251175924993,0.0,0.0,0.10609769045016063,0.0,0.6065663407741417,0.0,0.6304720581794161,0.30173761972733854,0.27591213293809214,0.7412286246411203,0.10283005510393949,0.837482240411343,0.4775785135462661,0.335657901156758,0.23138920737945765,0.18970913137967382,0.27927542830765784,0.4351828721298913,0.4204505134631783,0.0,0.06474061637313214,0.10326566639539286,0.0,0.1448906798100731,0.0,0.0,0.0,0.0,0.0,0.30980278573538955,0.30550322404106517
0.6533714035325637,0.6877719045473843,0.31922382424010487,0.3477715608823737,0.7265248478634017,0.7654764283864627,0.684591037962258,0.4485207249904967,0.0,0.16404299808458084,0.45995201176830225,0.04780768156908468,0.0,0.6151770471088696,0.6803058751430864,0.6954031178668935,0.5875328812847843,0.7528880719001889,0.46849945630871576,0.727024252946663,0.6972463044536689,0.7327679223257769,0.57997179358799,0.3925220642142772,0.39714275906546137,0.622962385346379,0.5755009687880803,0.8552344483796915,0.8245742571052287,0.7141774750050294,0.7463352992149088,0.0,0.0,0.3136519542371956,0.38292527468907306,0.4076384974062846,0.3614369595017039,0.040422636125049885,0.0,0.0,0.16899753085998004,0.0,0.6107194838616758,0.34083654940777797,0.0,0.5598299376944746,0.6410114353375169,0.2833135420162585,0.22567396639210327,0.41354401834374277,0.5952891968165306,0.0,0.4680818376272981,0.0,0.04940569594598927,0.593815399837916,0.2835333306192007,0.6166793796961726,0.2828014020790464,0.6658866597510099,0.5713868307677931,0.5893688213299442,0.5435032996955155,0.3335506650669582,0.661313391775006,0.6499246072290116,0.669046846998836,0.6691968931200758,0.18721839777703891,0.41567393593740926,0.5934202446372654,0.47428386301446007,0.7817892155355047,0.6829028298765929,0.6113064342900526,0.3380178934077026
0.5358405567786666,0.44891789417468664,0.0,0.5359458168872406,0.5062114770011671,0.5469455199398446,0.4800881466718267,0.25268185428631096,0.0,0.0,0.16134964343800884,0.0,0.6151770471088696,0.0,0.35641349469527595,0.4934952047773426,0.30710130281486764,0.5071701633685823,0.1709540524766779,0.465264605980257,0.47040951833315675,0.5324868023268032,0.26712958340783327,0.2960186915966334,0.28898317563694786,0.38437145678505064,0.27649542467849386,0.5978971701096207,0.5420757791745039,0.5022185440279474,0.5045697012617015,0.012279537246211503,0.0,0.17275796910548574,0.20550035168112324,0.1724869500724951,0.15163792375205726,0.0,0.0,0.023446550397752695,0.25210907873860416,0.0,0.46757168364367246,0.2360001711789697,0.0,0.5461357336466913,0.5639401664073136,0.14547364675983693,0.3784385441506798,0.0,0.4509319474112353,0.0,0.25890319986201366,0.0,0.0,0.4442711719915675,0.0,0.19222373357880737,0.09381547941190105,0.4045916269930119,0.44584409043568834,0.29406041373541963,0.27301384148908936,0.0,0.5173670834344923,0.4653068764728017,0.4631491872375517,0.49016213580226337,0.21771425923880203,0.27231183956869354,0.44514518186228147,0.3069514981036252,0.6952049062084439,0.5339125904162739,0.4436027687834521,0.2422036316299519
0.6135829377323857,0.6697297848584837,0.7344854319364325,0.0,0.7598106338385026,0.548003069998462,0.6069770847682848,0.4198791635499141,0.013096774532766883,0.37678113288480636,0.7007423053292358,0.32481811368535457,0.6803058751430864,0.35641349469527595,0.0,0.6155455241281338,0.4146936776881646,0.5746608684742576,0.7744493302695564,0.8864697787046322,0.5931893028084975,0.8625186385289542,0.48154400386434054,0.1988471196366836,0.44186716704195633,0.5381466164879465,0.7075435889460534,0.6941553246057749,0.45849265644696835,0.6301571012498763,0.6422237515321879,0.0,0.0,0.024710170937973376,0.3068567739182256,0.3319769503930614,0.5306047209477112,0.18250852793825018,0.0,0.0,0.0,0.0,0.4571251360832276,0.22891322070329784,0.0,0.5309342388136592,0.4144237030483722,0.5830526383202094,0.0,0.6321657040616256,0.29549346817992717,0.16929336729389907,0.5279225997916218,0.2575172632197476,0.23031905509389203,0.7738565546225613,0.3269567992173138,0.5301880776350577,0.3937818083721354,0.9787966375118875,0.6082915819945256,0.4569568445535872,0.5737088741346299,0.6890313183656558,0.8080854783306852,0.6670720119901,0.8885970694370586,0.5367260747380626,0.13987593782764293,0.46874266844409507,0.5307924781684077,0.6032679721493073,0.6272944685433031,0.5940038254672118,0.7112095218044662,0.5119984545058727
0.776584106106035,0.7401224289289138,0.1795038496828855,0.17008920580049436,0.5307020740738158,0.5865798603039156,0.5430073687944427,0.12203165691627305,0.0,0.16396795970936423,0.34011081213149963,0.0,0.6954031178668935,0.4934952047773426,0.6155455241281338,0.0,0.5218620724522476,0.8067620451849217,0.48553185676397903,0.7373395683440971,0.5064571296931676,0.7989955293373655,0.21950906687689148,0.375025447621322,0.5012801796383198,0.5442507575325698,0.5000830625895251,0.7575242094642081,0.7530635519810615,0.7340800404293182,0.8372391299207932,0.0,0.0,0.35047343670672865,0.35085255675640464,0.3855600007343771,0.3545565093585991,0.0,0.0,0.0,0.3264617794625447,0.0,0.4276625255030629,0.32867057057851323,0.0,0.681444879807036,0.6509028826703351,0.14887894889069384,0.05674113328550239,0.3413299623673414,0.41100822721820784,0.0,0.166798238492715,0.0,0.07209523358103391,0.48175295810576657,0.12949299487681976,0.4817091532873859,0.2910296582539789,0.6441415545321982,0.8281620566134513,0.6163797078103626,0.6680683767463336,0.2915906495859404,0.7115301706660323,0.5069109360529067,0.7493164652259673,0.4100926718153095,0.27581951963269813,0.5064095591982744,0.5801725034573916,0.41482913682524475,0.7439031765152203,0.8016671645681971,0.7164751451748461,0.6086384635056603
0.5721846163343982,0.6200215757546464,0.2380483300912624,0.0,0.14275710050469845,0.4691299731808288,0.15786003777395216,0.5595317134825101,0.0,0.565582390894131,0.30807567139439584,0.4014888247745316,0.5875328812847843,0.30710130281486764,0.4146936776881646,0.5218620724522476,0.0,0.7915119272175364,0.4295957449383286,0.2908396860086259,0.6204923122112904,0.32404226585366047,0.5181523386848738,0.6001624345178942,0.559412670106425,0.7553061114854037,0.21104780388227642,0.35774895128875983,0.5363168647266823,0.3794119123984188,0.3729445289804755,0.33688576535778614,0.21054994887313402,0.44532893636997706,0.20515272075859145,0.24252444455909025,0.25129872485887256,0.21000681935337157,0.18323323894890226,0.14635151614417613,0.43908703140974725,0.1510768815645599,0.3296498713492588,0.20658959960036177,0.12302354850450363,0.5423917481029727,0.45221669107132767,0.09433395674104353,0.0,0.4272789351456694,0.4316889531685915,0.30522341084722737,0.5133620208480708,0.0216999724171196,0.5951909757447059,0.22908949579579793,0.5941922826489214,0.6825898627484003,0.47371669223652896,0.41312937586232623,0.537754046842956,0.8314214676169802,0.642564179055899,0.36194469166572635,0.29972252083466805,0.5393521103038889,0.38138828626663157,0.48019232217863445,0.5358590033316492,0.5303233659675881,0.7190581586067881,0.11862948149322507,0.26128178725926726,0.4642238534643409,0.42269353642459473,0.41356452862826826
0.7919359935726036,0.8300027392123484,0.257668872993205,0.0068166302068726915,0.4211001385160921,0.6405840423071799,0.43315877554050625,0.4127171757682948,0.0,0.3137283198765796,0.3801447976977673,0.13161019968625404,0.7528880719001889,0.5071701633685823,0.5746608684742576,0.8067620451849217,0.7915119272175364,0.0,0.5440058074167898,0.5637078235027252,0.6335335858216082,0.6361224508403608,0.463912868446858,0.5307629073572137,0.6865007504742443,0.7807095372755083,0.46488450925047303,0.5971230979273253,0.7228441247574124,0.540780330692503,0.5553555149777332,0.21149248824934697,0.14067578405778974,0.44948918983019626,0.38899122011236326,0.18442835351029643,0.2451471458186686,0.0,0.03981966498316036,0.07331535356219974,0.5384837587234917,0.08382361778588061,0.40283530052322525,0.2772541513504966,0.0,0.7174961948749079,0.6508484760795937,0.17378535677346024,0.0,0.4211299858207547,0.5152756762022555,0.08880842954885056,0.43381181013374104,0.0,0.2588468211954997,0.40444644346551856,0.31554358774205404,0.6810848828308518,0.4374293691150364,0.5907721438347134,0.7588129348034508,0.7776946916100245,0.7451646668289819,0.390105640011082,0.6000956198606128,0.585978278676071,0.6570296737333129,0.5297390545067836,0.42401758076611107,0.6423543503195417,0.7786283260316025,0.3539982591167604,0.5986217584048709,0.7443595141892182,0.6328941937384529,0.5932642186621591
0.45662019978129204,0.5029426088402272,0.7521433282291273,0.0,0.5427134288496037,0.2989053761859132,0.3034678342874367,0.34115728950158275,0.06244892912542129,0.3149323550782598,0.8171659050759047,0.43334846517974374,0.46849945630871576,0.1709540524766779,0.7744493302695564,0.48553185676397903,0.4295957449383286,0.5440058074167898,0.0,0.6072155979284942,0.3437869383500012,0.5979012611867174,0.31434100115781777,0.13583659145022586,0.3105694005270785,0.3742332104240666,0.5085040163009885,0.4811515718398145,0.25365105514423153,0.5063232891197886,0.4022194067476002,0.012185096703922555,0.0,0.056945958991491116,0.23352902802732547,0.22587433864621395,0.4139591977607387,0.20113190834269967,0.0,0.0,0.08598737862917659,0.03722474911027692,0.20845666483908773,0.24273790099769893,0.0,0.3954045043584063,0.19357812367556326,0.47440193587999835,0.0,0.7969609452538037,0.08991507333481907,0.4085004726924012,0.402823435829488,0.31966993278935746,0.3084302487672761,0.6783231811091446,0.37847661104367386,0.5154944508514274,0.5330823588394736,0.7480784350040772,0.5295099997285956,0.379491275897771,0.4847423072367263,0.898226371893413,0.5151462445531843,0.4523644295811687,0.6843059732424879,0.3078011025078057,0.09717782192616183,0.29789220884088,0.34686573071543536,0.3251092518460166,0.30956814709086045,0.44527468953640287,0.6574548812088128,0.5587371292819093
0.6307678931396549,0.6816757781903252,0.6361948160489421,0.3116971362119775,0.9139077861049371,0.6421877683995068,0.8376106618394696,0.269629352972461,0.041870107618260516,0.17669259631808634,0.5995616113950146,0.05178749971068423,0.727024252946663,0.465264605980257,0.8864697787046322,0.7373395683440971,0.2908396860086259,0.5637078235027252,0.6072155979284942,0.0,0.5634803768056406,0.9710126520707871,0.4054922174251999,0.10253219203138078,0.42585841460470814,0.4675781627486074,0.8375643578116136,0.8167288571856071,0.5854149929574463,0.694226834721633,0.7674911856234694,0.0,0.0,0.0,0.3233368488847121,0.23425732214957357,0.3763799633969226,0.04425119326489325,0.0,0.0,0.0,0.0,0.42000891871637014,0.20331682330989082,0.0,0.5473910186184565,0.5807171442108853,0.6700923797141731,0.14178194349887016,0.4850979092356388,0.40500602001804725,0.0,0.41080966221468385,0.22090372933027178,0.0,0.8039441389099219,0.0658219477875872,0.4017221550535273,0.15132179877108087,0.9006136496764772,0.6620963357802099,0.41150115602900394,0.5139331033197815,0.5548422572722177,0.9709082491410382,0.6514021558515327,0.9328377158205843,0.5885247662530482,0.0,0.4879813278677052,0.4942207025617843,0.7682852808743152,0.8260131928617268,0.7054436998544579,0.7180687020466368,0.46235474827612555
0.7328602609923812,0.7446790705946219,0.2625671905649873,0.22673637477966635,0.4719523534439386,0.698544381964676,0.5448369147061404,0.6235895553891937,0.0019605858718225555,0.4342585549145316,0.3759055124299935,0.09225136708842813,0.6972463044536689,0.47040951833315675,0.5931893028084975,0.5064571296931676,0.6204923122112904,0.6335335858216082,0.3437869383500012,0.5634803768056406,0.0,0.5335080128948076,0.7314026968001823,0.6176577348188009,0.6933058457510879,0.7996203419425904,0.5404482199690043,0.47605946659475323,0.7281484298143766,0.42962845754428797,0.5081579427599541,0.20648735276463348,0.19336786851836882,0.2945751206390651,0.3751483898599859,0.2419941674061858,0.3421073710885984,0.0991020261267577,0.03399765855737924,0.10790049448590694,0.2736071838129941,0.0,0.5594673075312353,0.3202465971865698,0.0,0.7336847461465159,0.655109461277589,0.24994946641870625,0.0,0.34015212569376,0.6025093687719741,0.056986151182935874,0.6953709895027458,0.06131804779000381,0.29244503269291416,0.4195746876613563,0.29820978365742856,0.5402972028072128,0.3538359841812594,0.5604435566423216,0.49270185679572753,0.6335104037815679,0.5532082607116598,0.26918614595453644,0.5781443070243586,0.8722342914779481,0.5154551063475964,0.7152755696527976,0.5496726046169608,0.7261991926414663,0.8300747602152125,0.4346656046596411,0.4986274005168034,0.643764073628141,0.4128133580518864,0.3262310399849331
0.6822476437164412,0.7263365823748918,0.5232046201945205,0.2835770092820571,0.8269454239583786,0.6436771612921448,0.7278826413828005,0.23329389460361463,0.0,0.06540141508076494,0.5159740120408433,0.0,0.7327679223257769,0.5324868023268032,0.8625186385289542,0.7989955293373655,0.32404226585366047,0.6361224508403608,0.5979012611867174,0.9710126520707871,0.5335080128948076,0.0,0.32020529781689494,0.1929044013914528,0.4421967088117602,0.5258776387296954,0.7221150577723442,0.8148384609567756,0.5847175426659068,0.7372809207260869,0.7629335498393233,0.0,0.0,0.03940973315057211,0.28630326105582743,0.29858279402531795,0.3778388785977003,0.0,0.0,0.0,0.024601250010299516,0.0,0.4632058669876772,0.26507258390578475,0.0,0.6145600406542003,0.6343832554923758,0.5729125077605938,0.09556539235559856,0.3922509909782603,0.39209362661846403,0.0,0.37538281019288117,0.08954542799055716,0.0,0.7592791067200704,0.04602253147135117,0.3973027447807947,0.20800656982373292,0.8976599667384701,0.7402240036548396,0.41967719946661386,0.5024762766388301,0.49935156078413023,0.9455962537900863,0.5934758322531652,0.9829526133713309,0.5275940730116125,0.1083939128151507,0.47352893291854303,0.558066460987261,0.6552139644193077,0.8721751638305746,0.7128506840844945,0.7853373348346312,0.5403193896366328
0.3767122793579927,0.6600172242386934,0.35764395012815,0.22010078615355905,0.4658304471955478,0.7050203355909499,0.4655045893379921,0.8029570607531994,0.2120919475838466,0.3580848771655555,0.42985201250844585,0.12499982517652297,0.57997179358799,0.26712958340783327,0.48154400386434054,0.21950906687689148,0.5181523386848738,0.463912868446858,0.31434100115781777,0.4054922174251999,0.7314026968001823,0.32020529781689494,0.0,0.31765359957497963,0.5943143123311773,0.750389337878425,0.6080086572040978,0.2885961023727973,0.5755645067849962,0.1815962286022835,0.22059677162554717,0.13991061312728098,0.09740038733453563,0.18940016772586454,0.2919042522393114,0.05075526828386688,0.04214876969399701,0.1833772130512489,0.0,0.035035194078058975,0.18276659914315246,0.0,0.3643023631525313,0.05353502478516613,0.0,0.39112382035216764,0.5820741443725074,0.30700585456954993,0.0,0.35930447987250363,0.6725341094634425,0.19419452701348572,0.8245116512023588,0.22381645746444997,0.33500063194476787,0.3419392658930433,0.32191223937599217,0.4943367363481453,0.2677349525588269,0.4137971703004796,0.09739132752014037,0.43900926580543703,0.2837671324309114,0.34623121908826004,0.3799481450621457,0.7611311167849046,0.3038113968602634,0.8938629745970871,0.21237803245493467,0.6092152154254001,0.702162017194389,0.5058113628010841,0.21672823159405347,0.36589606291870425,0.055185427072766184,0.0
0.5798681143049119,0.38975630556612834,0.0,0.0,0.0,0.3707285691118864,0.02987466011584502,0.4090113405901268,0.0,0.28706825640895484,0.0,0.24852660444950106,0.3925220642142772,0.2960186915966334,0.1988471196366836,0.375025447621322,0.6001624345178942,0.5307629073572137,0.13583659145022586,0.10253219203138078,0.6176577348188009,0.1929044013914528,0.31765359957497963,0.0,0.3976617902004901,0.5686805795364559,0.0,0.2212392666600048,0.49851154173538087,0.300128533011911,0.3448930649807932,0.49078965096285704,0.4304388045574996,0.5211301820137503,0.2384540294843458,0.176277806622663,0.23661088395022145,0.0,0.36684587180591505,0.3896586565562606,0.4946525787861132,0.295884846731143,0.32839863836277183,0.21982424656877048,0.16424205860240026,0.5789634477829158,0.3027366222349717,0.0,0.0,0.038034737654001526,0.3456858634151691,0.006832924034789041,0.29017033688982896,0.0,0.24638615069908867,0.0,0.43368690682965505,0.3491658668156202,0.30485871892261285,0.17009462636920283,0.43573120285057515,0.4958672353760127,0.4404027300502682,0.0,0.13172513908663322,0.4917387005308817,0.20261540921944313,0.27214258805633346,0.8194777140104689,0.31272625591711745,0.5434821222564883,0.0,0.24521199475391453,0.38230137983733375,0.3677467166331546,0.4303487023332847
0.6581228271585959,0.8539593006719118,0.24435862823607366,0.11935906350064888,0.33656716013513926,0.6741781914152636,0.4626414343231692,0.44489606390047715,0.25867623976258985,0.35544701431902703,0.2502403448652451,0.0,0.39714275906546137,0.28898317563694786,0.44186716704195633,0.5012801796383198,0.559412670106425,0.6865007504742443,0.3105694005270785,0.42585841460470814,0.6933058457510879,0.4421967088117602,0.5943143123311773,0.3976617902004901,0.0,0.8812175076023935,0.6490020074224409,0.1329577188667958,0.6269503353234788,0.016648217848862543,0.17684280856784862,0.3652278087314313,0.36412135493268266,0.1937455337139053,0.15357557444024203,0.0,0.05228077375623105,0.0,0.2893467044729652,0.33289810359051275,0.49302526010054604,0.0,0.36727824862482783,0.10285942776824217,0.0669557931590957,0.7397294621989912,0.7674803862780372,0.2690014060563736,0.0,0.22401966595450076,0.6151511829352376,0.1263301318735775,0.523819723995716,0.19618973562516837,0.2693702926169575,0.2502886595277191,0.0,0.3712914552661144,0.2750429774423112,0.4616754116120922,0.43454419280342055,0.580083186391146,0.3703768825982446,0.3415199780459093,0.5268103456779463,0.7085761081428293,0.48694160406401704,0.6297223394079484,0.43980337366492034,0.9365465820620636,0.8703583697197603,0.5780915062978583,0.2760023488310098,0.6788435653302385,0.1821873930305572,0.33387005773600886
0.6759812166466423,0.899819733847473,0.24646163019938405,0.06360807923479095,0.337297040053272,0.770957787829899,0.3836148187900396,0.6503741958312041,0.11531856830090097,0.3726002984342659,0.30475175492345113,0.05655341974091144,0.622962385346379,0.38437145678505064,0.5381466164879465,0.5442507575325698,0.7553061114854037,0.7807095372755083,0.3742332104240666,0.4675781627486074,0.7996203419425904,0.5258776387296954,0.750389337878425,0.5686805795364559,0.8812175076023935,0.0,0.5539737037848965,0.3248399306572594,0.7183011513571274,0.23095786067441015,0.29786722592891157,0.39710259027189176,0.41750718074062637,0.3779247257889635,0.22496460507062924,0.10966415161716943,0.12981508921359788,0.0,0.27173666165266613,0.3495612383521172,0.5470467769745935,0.0521089413717263,0.47961387774308967,0.14786196229839493,0.050941432149050905,0.7497134479535096,0.7940249154327395,0.21171255469533984,0.0,0.29285234612986166,0.6592919606655561,0.11741278038174767,0.7010414739909029,0.10530805298900704,0.3216270872950257,0.3348430157170696,0.26966825241369546,0.5630216114843771,0.3814602121093992,0.5357003773135859,0.4505328401878583,0.6775244732335058,0.42767207518057965,0.36471112804992417,0.5201262265126673,0.7957617153106273,0.5578121219149642,0.7410996038258809,0.5441280933480738,0.8091239720749355,0.9488891423371757,0.45163234330295654,0.3756634621755216,0.6123427287451751,0.3111280721797004,0.3203740289174087
0.4681304573823416,0.7533056607477946,0.6950540336280385,0.33420104135906464,0.8682751610328973,0.7242482664506591,0.8201057140320213,0.36077611690739503,0.4283722893006672,0.2074639728458132,0.617906757697544,0.0,0.5755009687880803,0.27649542467849386,0.7075435889460534,0.5000830625895251,0.21104780388227642,0.46488450925047303,0.5085040163009885,0.8375643578116136,0.5404482199690043,0.7221150577723442,0.6080086572040978,0.0,0.6490020074224409,0.5539737037848965,0.0,0.48290403794875725,0.5263807931711139,0.28487934370495815,0.40616029434387496,0.0,0.0,0.0,0.2651643972007498,0.022086143151960703,0.15761306876063047,0.11072617705980747,0.0,0.0,0.0,0.0,0.34659359151656394,0.12152673591093091,0.0,0.43811653644328763,0.6182806140208601,0.7582254866931593,0.03267779694197147,0.4918604186686554,0.5712422621716304,0.06359233219832415,0.5258870631143499,0.49756381764912333,0.04912036327704162,0.6911198375309039,0.0,0.3339901782553632,0.13861495391469286,0.716011915673838,0.3216427706252817,0.3143016626676141,0.2976948221564076,0.5977206638608918,0.794476973278996,0.6290821636188547,0.6815537598019413,0.7298425369382338,0.0,0.6703909892950859,0.5173703852259897,0.952402362095707,0.5066669730938874,0.610142581193172,0.30952486796054574,0.2154634915725629
0.5674751458765361,0.49371692463218103,0.3374835712225943,0.3613324810967456,0.7774917626948643,0.5524296036190687,0.6686914942292324,0.16406587724190005,0.0,0.09533960993381328,0.4472570388685181,0.07637280021217818,0.8552344483796915,0.5978971701096207,0.6941553246057749,0.7575242094642081,0.35774895128875983,0.5971230979273253,0.4811515718398145,0.8167288571856071,0.47605946659475323,0.8148384609567756,0.2885961023727973,0.2212392666600048,0.1329577188667958,0.3248399306572594,0.48290403794875725,0.0,0.6526625138006498,0.9147526863618901,0.9024481569781327,0.0,0.0,0.20454824000994928,0.4514338826121735,0.4644824628439474,0.46468031660112724,0.03787998517056293,0.0,0.0,0.0,0.0,0.5190392882933782,0.3436480751522684,0.0,0.41322531147532815,0.45831251352507907,0.312221483331328,0.3440934217396984,0.37227628061063134,0.3247481944285841,0.0,0.19384124339379039,0.0,0.0,0.6453134614792251,0.22083352387458988,0.4221768094217675,0.11434518518577955,0.6949861994248898,0.6689934535672466,0.45544124757699184,0.5836404260971495,0.2731116532144918,0.7224695238969159,0.46324604414297316,0.7286411873850844,0.43707405374035885,0.008996325174883617,0.21613640531977502,0.33488989808612046,0.40157973028388694,0.8877492202774359,0.6003555156690432,0.7811533783961611,0.3604136973774971
0.7235598634178064,0.7630538525262914,0.00450608359680069,0.4873174117973211,0.4903584872756787,0.8646484143280688,0.6589342026137687,0.31278153108387774,0.0,0.09815495321143897,0.2043232934824223,0.0,0.8245742571052287,0.5420757791745039,0.45849265644696835,0.7530635519810615,0.5363168647266823,0.7228441247574124,0.25365105514423153,0.5854149929574463,0.7281484298143766,0.5847175426659068,0.5755645067849962,0.49851154173538087,0.6269503353234788,0.7183011513571274,0.5263807931711139,0.6526625138006498,0.0,0.5744394313421561,0.7000376633113451,0.09254992424422866,0.18765961413848703,0.4078126789825045,0.40182826339768846,0.16474729930400528,0.18935329598786976,0.0,0.0,0.09573913595218389,0.43515855938409664,0.0,0.5117254571526928,0.3399129306290343,0.0,0.7034431928937298,0.8104324549710156,0.09277486736682122,0.1420156393007954,0.14316526892338285,0.7524266194525306,0.0,0.3715280186297472,0.0,0.0,0.3025707696441156,0.03746259552358589,0.48076068322301624,0.1704396356307389,0.4895955451117518,0.5936430205221778,0.6248685493633384,0.5254813499812367,0.09216319686781116,0.6100789585944444,0.6916624886193165,0.4948601111738628,0.7124996645798056,0.34320635172017205,0.6717826084591478,0.7521544972934346,0.4429199453543526,0.6641085497768838,0.8221059885867773,0.4548733959171335,0.31276214244441053
0.5783364617579921,0.4144118514278184,0.25236915675888677,0.1961839289269519,0.576013049564558,0.41788108323664785,0.4849527427882078,0.09802849958768735,0.0,0.0811812369986311,0.43752089756885815,0.15749437161563218,0.7141774750050294,0.5022185440279474,0.6301571012498763,0.7340800404293182,0.3794119123984188,0.540780330692503,0.5063232891197886,0.694226834721633,0.42962845754428797,0.7372809207260869,0.1815962286022835,0.300128533011911,0.016648217848862543,0.23095786067441015,0.28487934370495815,0.9147526863618901,0.5744394313421561,0.0,0.872334559801945,0.0,0.0,0.28895901717113176,0.46336216115195056,0.5132276024265218,0.45895020902670963,0.06480265384806705,0.0,0.0,0.0,0.0,0.47519358877826606,0.39182929296522084,0.0,0.42991054000340695,0.35154050537123555,0.1572464924763126,0.24759818685020665,0.3874808741375813,0.18174228853697402,0.0,0.12836815722467515,0.0,0.0,0.5469716647423488,0.27885280742426055,0.45948497432526825,0.2038530847972361,0.6064778216063132,0.7196108511898268,0.410265523475071,0.6046107079651972,0.2553790884253987,0.57211591319963,0.3791594806157172,0.6421821831589454,0.2924185815358834,0.09418615338775076,0.10776739261062786,0.29083052993630454,0.16861216790320677,0.7588987406822265,0.5390868170236235,0.8389998671191021,0.4323307361661516
0.6654108352906397,0.5008527033299843,0.18072533799170756,0.32238119619964367,0.605257137441757,0.5407786318855834,0.6059536261580132,0.08335536748887702,0.0,0.16367223072149858,0.3194142691050325,0.04836548837267862,0.7463352992149088,0.5045697012617015,0.6422237515321879,0.8372391299207932,0.3729445289804755,0.5553555149777332,0.4022194067476002,0.7674911856234694,0.5081579427599541,0.7629335498393233,0.22059677162554717,0.3448930649807932,0.17684280856784862,0.29786722592891157,0.40616029434387496,0.9024481569781327,0.7000376633113451,0.872334559801945,0.0,0.0,0.0,0.2748385515468133,0.42186000684561453,0.4688584463132487,0.49315821332387355,0.029183404909103986,0.0,0.0,0.0,0.0,0.5051602168628241,0.3521365186569054,0.0,0.524791118838664,0.45823409451079133,0.1592382037655624,0.31047428303047553,0.2958726979938012,0.30295091199420454,0.0,0.0866073744470609,0.0,0.0,0.5362331495819966,0.1984553392793004,0.34853922133661686,0.08865680231987427,0.6252400245375525,0.6959977024616927,0.49141528746206264,0.650922173855548,0.16190506520002787,0.6680987979426508,0.4872195203748549,0.6458591603405746,0.3710812230542931,0.1442365927214357,0.26053196784032884,0.3630706805898261,0.3136862984852175,0.8115598315949655,0.6151987338502946,0.7923206920663763,0.4272058752548958
