0.0,0.24574468704048977,0.3096971976635776,0.04431175193230191,0.0,0.25168778817395643,0.0,0.3453420342100186,0.14167902371477542,0.3915512561328267,0.18494539778831698,0.18612229841112365,0.27088379598932977,0.0,0.2198737814582013,0.3996922543418542,0.390546739564363,0.32527228164188693,0.5320191052081542,0.28850404585599804,0.4227528922147907,0.33647207927854195,0.29980330272896133,0.440292048068204,0.4303756783214082,0.34128463351264793,0.1962586072123932,0.4258766485433737,0.21264365771476412,0.20784205012277332,0.19095310632784168,0.0,0.04275592537328294,0.0,0.0,0.0,0.03232241872957503,0.07667432122887578,0.0,0.21190879705708854,0.07841411999301022,0.0,0.12651175927282007,0.0,0.29110972498952487,0.7057650037164455,0.1623000909096333,0.5593893973519394,0.09266164320968164,0.0,0.18074304063492178,0.0,0.3548617819677739,0.22525367523152304,0.3410499910674366,0.12358663277991248,0.1706799252087328,0.3081183393542421,0.0,0.25554812377068303,0.08200422850786139,0.3413550632475655,0.1997792573854765,0.4671844749179571,0.24740653540538307,0.3213970491746023,0.19695138891230804,0.45791346568957203,0.25912907506193267,0.3344946263695739,0.31763457117201466,0.27074412136435705,0.5433847242180996,0.15450956144962208,0.4211657709447561,0.304577740487258
0.24574468704048977,0.0,0.25777719887772,0.0,0.0,0.6044849825513875,0.0510742146374218,0.503823156943391,0.16767152549047623,0.3741484030578192,0.1123401937278282,0.36470798014222233,0.5490574347073196,0.0,0.35362518556086353,0.5701236440071421,0.3809981574847999,0.677249937441794,0.2432733760999556,0.3748652780541977,0.17625367794107738,0.3802240733391923,0.4963946625809422,0.5133185381514389,0.6743018780848141,0.7644768496722105,0.32609291215897496,0.031272126866595196,0.05536422841444863,0.097570960239841,0.0,0.061152615477395415,0.04139987151213887,0.0,0.05577555479239408,0.0,0.0,0.0,0.16849040134261406,0.24210081187787452,0.12456509909953863,0.10249101256429613,0.2197790819617855,0.0,0.17288079347054738,0.0,0.4969057134125825,0.3489339054914503,0.06903269215808983,0.0,0.33171752033971597,0.04225186965273986,0.49317780412735907,0.2267820392536063,0.3755149016493621,0.021470204890643694,0.3731890220210386,0.27736308930981046,0.15270733239193748,0.4763205620150404,0.0,0.3821389632262099,0.0,0.16152248880026857,0.37607678423357904,0.0,0.34065083723820677,0.3422975164824742,0.19091149104295713,0.594627104057871,0.47164736476169855,0.3475912019783527,0.18172891756924595,0.0,0.3631809798782652,0.12123668321113248
0.3096971976635776,0.25777719887772,0.0,0.0,0.7281719542944054,0.8541122979754469,0.7458096110813096,0.3689337896696324,0.8978217649561689,0.0,0.874541978650394,0.0,0.5607549607439993,0.3349644153305906,0.7358997560710976,0.11226126512172316,0.0,0.0,0.4960875526940862,0.4052973123905306,0.8884048240564392,0.6412705479111928,0.7603323820099741,0.18444319419991564,0.0,0.18969710051665184,0.8987695298713447,0.21183791512166603,0.833656370499095,0.6244437260134182,0.5616172536602774,0.2122963749897954,0.5605101385442546,0.5675246258643631,0.0,0.23275746795626126,0.15023082671764212,0.2676945523175847,0.0,0.39160710154740813,0.3643345880599807,0.0,0.4899890296421246,0.3069289079933594,0.0,0.12310942312002573,0.0,0.6050724612472808,0.528826322359845,0.5968074458976802,0.8216932981095382,0.7142357047812302,0.1515440115639227,0.9053581807987937,0.0,0.4536347748391369,0.0,0.6570177008854253,0.405140008627955,0.137584527248116,0.111378532571234,0.0,0.0,0.5653536017097955,0.030442288456272372,0.539356288516214,0.0,0.37694500470123066,0.0,0.25278440371187216,0.10674526229050568,0.6584328042121393,0.13472083734523604,0.1675012731751206,0.0,0.0
0.04431175193230191,0.0,0.0,0.0,0.0,0.0,0.0,0.15008224939154075,0.0,0.5909597691149523,0.0,0.6156204893066013,0.062064976118197966,0.0,0.0,0.25515574021997056,0.6496865529722735,0.3886585148099087,0.05171524650689711,0.24251151513740665,0.0,0.0,0.0,0.21540750267876055,0.39276256207834803,0.15691711545223141,0.0,0.43069445013262775,0.0,0.0,0.0,0.0,0.0,0.0,0.20287557712750973,0.01652546823647318,0.04887970092825921,0.0,0.051973676008537514,0.0,0.0,0.0,0.0,0.0,0.2730011932875455,0.22597778371567517,0.483936841116248,0.039935899032775946,0.0,0.0,0.0,0.0,0.31697642950014215,0.0,0.5609559264246662,0.0,0.6862046323850104,0.0,0.0,0.2918740397887105,0.0,0.5922272673620144,0.4609189388009559,0.0,0.4194236822889835,0.0,0.5041222318339906,0.10588657942503107,0.4304367877339195,0.0,0.21777322015345757,0.0,0.3847929125676687,0.18277869539777072,0.42248787705586477,0.5502813852841026
0.0,0.0,0.7281719542944054,0.0,0.0,0.5189517269275846,0.8874105813894516,0.0,0.9226164227668595,0.0,0.9065518203787797,0.0,0.3428368457775107,0.69768366851126,0.4992730301300491,0.0,0.0,0.0,0.16542863513398773,0.04407143854706576,0.6880704168873305,0.44637601755727535,0.35227845736853464,0.0,0.0,0.0,0.7722254475679706,0.12057835663675048,0.7924321615454837,0.5251645556697941,0.5408653753468907,0.3760148643717979,0.757714911069668,0.731422010438087,0.0,0.560069924822902,0.44950786109610497,0.4129273007440322,0.03444576126439354,0.4290165668567768,0.3999612916040742,0.0,0.4848111387668067,0.5318901762068787,0.0,0.0,0.0,0.14114882610939675,0.5534113390653496,0.9091301074584272,0.5468958768904292,0.914625850275902,0.0,0.817321155039633,0.0,0.668934235723508,0.0,0.49149724632881947,0.5250885763483476,0.0,0.2180025746267596,0.0,0.0,0.4374426106857611,0.0,0.26435144018567347,0.0,0.0,0.0,0.0,0.0,0.39229769135279974,0.0,0.0,0.0,0.0
0.25168778817395643,0.6044849825513875,0.8541122979754469,0.0,0.5189517269275846,0.0,0.6322969025138558,0.5642110244862797,0.7777840803443806,0.03385228969375597,0.6695565659795732,0.03400990189713388,0.7410760819200245,0.18562533770158987,0.7403501322833682,0.39915708627535273,0.0,0.315970457988895,0.40725004556406835,0.5487447689509763,0.7172864905372416,0.7029349429930984,0.9086995103719743,0.4004724270817294,0.2096705299602778,0.5483667498939534,0.8890668297087452,0.16856952763443744,0.6732328168385738,0.5313328083461759,0.40830899934484216,0.297097554917224,0.4869244486274009,0.49260458015251274,0.032439196648826975,0.0,0.0,0.20235571931440094,0.06454074585064128,0.38003051437849994,0.2871435526784481,0.005757067386079597,0.3920906184776823,0.19993972416769945,0.027904566293358263,0.0,0.04918105670442298,0.5528922508324811,0.5371700992687525,0.3831459801554822,0.8472837043126865,0.6009363449103281,0.3345396225207991,0.8099608719467087,0.0,0.2654603665631304,0.073915953070108,0.6527945476457924,0.35443179159689875,0.35464516045203354,0.09729882921544333,0.0,0.0,0.3953620420111553,0.21898004417079622,0.4276972535895268,0.10994804767052195,0.44778007085981353,0.0,0.4724273407743631,0.33364170226934214,0.6922263841401923,0.1323498982175993,0.11216179955210356,0.0036579817321261768,0.0
0.0,0.0510742146374218,0.7458096110813096,0.0,0.8874105813894516,0.6322969025138558,0.0,0.0,0.8536043451420893,0.0,0.8053183113911802,0.0,0.47333549218574295,0.5131087758086168,0.5828536064786676,0.06955192980198201,0.0,0.0,0.1421089969932923,0.1642515507013081,0.7205725509329236,0.5534720654514325,0.4042459220899067,0.0,0.0,0.0,0.798826525243026,0.0761215237685016,0.8939599173539734,0.5477248485841322,0.5807417944925067,0.37768713805827386,0.6732705302879959,0.7215395607775597,0.0,0.46015593729771737,0.3785510479845659,0.36610702562786324,0.0,0.3733959420049437,0.3079771442536693,0.0,0.3650450087037706,0.5626640372879564,0.0,0.0,0.0,0.16109931805969235,0.5579249859353196,0.7909255334952005,0.5938887904740549,0.859303619355886,0.0,0.7673990357060757,0.0,0.4765044492249767,0.0,0.49744077790787034,0.45158985470924573,0.0,0.33942466731376886,0.0,0.0,0.31740125630493515,0.0,0.29263191440393643,0.0,0.0,0.0,0.0,0.0,0.4468600043918763,0.0,0.0,0.0,0.0
0.3453420342100186,0.503823156943391,0.3689337896696324,0.15008224939154075,0.0,0.5642110244862797,0.0,0.0,0.1191215341247787,0.5957042359550205,0.08297768189760124,0.6335580246590256,0.508125942537614,0.0,0.36373437866700153,0.3330668689629794,0.575367637461741,0.5631714313042044,0.5001429499695776,0.6283670104217333,0.2932219278785709,0.4094529691405443,0.7384808411830587,0.8075175776519237,0.5598452398684074,0.7482059584869932,0.32470411130262505,0.34706643526982855,0.0,0.2797081382137538,0.05336282963299358,0.0,0.0,0.0,0.11265249740605536,0.0,0.0,0.016397688553845432,0.047500106164583306,0.02911980941468243,0.1000737874949036,0.0,0.2188347705232132,0.0,0.22931290763467752,0.2501370176880792,0.532205560217928,0.644853706530721,0.17783670728653997,0.0,0.48514133409607707,0.0,0.8179393540281458,0.24742842517286934,0.5538085311313211,0.0,0.640096808442758,0.4373316039461675,0.014792932869388216,0.5874941090554707,0.0,0.44918894902912404,0.02092984843322071,0.2895891213241144,0.605943046097581,0.39787635601538784,0.46011159226967996,0.8493305242729187,0.5702862705943844,0.5076732402430021,0.7031769018808918,0.4839328543161487,0.4897091829324286,0.24456726854701202,0.527734286843974,0.23064122359220704
0.14167902371477542,0.16767152549047623,0.8978217649561689,0.0,0.9226164227668595,0.7777840803443806,0.8536043451420893,0.1191215341247787,0.0,0.0,0.9121266957395202,0.0,0.5471978375426388,0.5061262607393152,0.771463760443872,0.0875741880906948,0.0,0.0,0.3904502492573789,0.3718416058764921,0.8685791658706639,0.7043467856901048,0.6292070265897073,0.0,0.0,0.0,0.9833520150228613,0.21161306578317968,0.8343429972056656,0.6094023556943107,0.5908605719266187,0.40657060239554993,0.7283237053045181,0.8050920450496193,0.0,0.3553986868585328,0.27064792611775634,0.41120846207540623,0.08470046245140583,0.5023694631029111,0.36578511668140123,0.0,0.5623060559526202,0.4493340880232781,0.0,0.06494739212919966,0.0,0.48878332302117883,0.6339373349679046,0.821556295734434,0.7990897413106478,0.9181716109987962,0.0,0.9847299870267986,0.0,0.6567489807480738,0.0,0.6822331545725093,0.5893647763665432,0.08957006529473076,0.24031995434046988,0.0,0.0,0.5615520159831455,0.0,0.4773636245563164,0.0,0.11606571681142577,0.0,0.06373494028394247,0.0,0.6697284317176221,0.03854529864099308,0.042778669260329326,0.0,0.0
0.3915512561328267,0.3741484030578192,0.0,0.5909597691149523,0.0,0.03385228969375597,0.0,0.5957042359550205,0.0,0.0,0.0,0.8809379084782933,0.3243059092563238,0.0,0.0,0.5784654407284642,0.9508595759528113,0.7833851067421145,0.24074057688531303,0.5329701759448182,0.0,0.18958650498680454,0.15946875987069378,0.6799473354473,0.8224785903334976,0.6174662872558871,0.0,0.5330124453549355,0.0,0.0,0.0,0.0,0.0,0.0,0.21834021783509405,0.0,0.0,0.0,0.1532023282208052,0.0,0.014613096912590513,0.10613909421071821,0.0,0.0,0.38304893333888546,0.4776513230045497,0.8107936575791205,0.49045369366107033,0.0,0.0,0.0,0.0,0.6536150535121165,0.0,0.9144928921117552,0.0,0.8866134028014956,0.17317938443512704,0.0,0.6081607874581382,0.0,0.8702599298759085,0.5025653130956398,0.08454050705420173,0.665062491364908,0.06911326864549554,0.714339352794817,0.5582618226787636,0.7104362917026052,0.5467125170204475,0.6066826987977311,0.15434662733854712,0.5896971845966835,0.23413385918458365,0.7800023038055407,0.634930768883958
0.18494539778831698,0.1123401937278282,0.874541978650394,0.0,0.9065518203787797,0.6695565659795732,0.8053183113911802,0.08297768189760124,0.9121266957395202,0.0,0.0,0.0,0.40441693382237703,0.6301140032321111,0.5272582519996043,0.0,0.0,0.0,0.4515636554421518,0.11407775039683539,0.7854987546693447,0.440534475938564,0.5491922622496601,0.0,0.0,0.0,0.7846928503706821,0.1365051130589507,0.7765030136323061,0.5253910068335792,0.44288210767057434,0.19113668989846225,0.6717003148866044,0.6192592609774085,0.0,0.4273855834253316,0.3360760463091446,0.33947232047689463,0.0,0.35232467512216675,0.3192744739462448,0.0,0.5424279602386946,0.39959266407381094,0.0,0.060076515702505606,0.0,0.40253922198469994,0.5350713832920142,0.7668264222690031,0.6367785304453386,0.7855870958783763,0.0,0.8658146938988796,0.0,0.6784190274377098,0.0,0.5155511574496832,0.4764275453596652,0.0,0.0660788957496219,0.0,0.0,0.6214092150662943,0.0,0.3059221036845724,0.0,0.0,0.0,0.0,0.0,0.42932424539271163,0.01592307187849197,0.0,0.0,0.0
0.18612229841112365,0.36470798014222233,0.0,0.6156204893066013,0.0,0.03400990189713388,0.0,0.6335580246590256,0.0,0.8809379084782933,0.0,0.0,0.29026227809782035,0.0,0.0,0.48595132631765825,0.8746330630166772,0.7690761406806397,0.2574857238393086,0.47834826228508737,0.0,0.10505327718080207,0.11106046400194908,0.709869085352114,0.7126888949939636,0.6649397914249613,0.0,0.3996925582484242,0.0,0.0,0.0,0.0,0.0,0.0,0.2800305124588915,0.0,0.0,0.0,0.20000951487628987,0.0,0.0,0.12523964137758095,0.0,0.0,0.30170530617749663,0.25882972453813285,0.7781609637308277,0.3619889586252087,0.0,0.0,0.0,0.0,0.6453180300154427,0.0,0.7963831223235479,0.0,0.9463453170412973,0.10906893732727138,0.0,0.5698745552337746,0.0,0.8103084873920003,0.40160804112963994,0.03820625881321013,0.6620674058504182,0.0,0.6893646044387041,0.46885561840885664,0.6611225712572308,0.32419522137542484,0.5925544271992186,0.05780606862977283,0.525154289782937,0.14262101395008794,0.7640947359185122,0.5924840387411839
0.27088379598932977,0.5490574347073196,0.5607549607439993,0.062064976118197966,0.3428368457775107,0.7410760819200245,0.47333549218574295,0.508125942537614,0.5471978375426388,0.3243059092563238,0.40441693382237703,0.29026227809782035,0.0,0.03209467967749804,0.6549361972040312,0.604743038542717,0.2456050954747245,0.47063800369882874,0.5144833959137052,0.7145250469873372,0.6024181652943668,0.7821707240464243,0.5884267724444748,0.4254680953147875,0.28124607412295916,0.49366634373985274,0.7046040278806975,0.607566931122901,0.5662271781816798,0.5661133691672982,0.4935532387743355,0.06899956215751617,0.26825586310544597,0.4207078611255309,0.11337366920025904,0.11093294818845914,0.09537684335519182,0.37989187861351686,0.06913871494420873,0.30238819812846435,0.3633553055361651,0.0,0.3183340836740291,0.18189337355063553,0.23397893315444618,0.20685772267973668,0.21445673150047742,0.6673231230506723,0.5269667647222301,0.2179567482241542,0.5606673016714269,0.47516557483834826,0.3913992308336126,0.5698866084801846,0.2845411584807018,0.3477540135080435,0.4054093092404913,0.793428034316758,0.2354276472555867,0.5274371196518697,0.14821598610720757,0.18766053480414535,0.04526073534221746,0.5128450328820812,0.42943431627352774,0.44731255951146565,0.41744718306177153,0.41701891380994116,0.0,0.3526208917693562,0.31447280716691056,0.6693889630375727,0.4647882346594455,0.20461807933930393,0.18309134703991264,0.0722037812029864
0.0,0.0,0.3349644153305906,0.0,0.69768366851126,0.18562533770158987,0.5131087758086168,0.0,0.5061262607393152,0.0,0.6301140032321111,0.0,0.03209467967749804,0.0,0.005799970737761667,0.0,0.0,0.0,0.10074023035268062,0.0,0.3553725265839064,0.019367917387469777,0.12862238738548076,0.0,0.0,0.0,0.3362873951475011,0.0,0.40028480000848077,0.14406108889245003,0.11372307854044328,0.029554731664471808,0.5147735123227981,0.3241169664551188,0.0,0.6108669305967668,0.40779234916916085,0.31125477309889527,0.11708232309151809,0.16150434602012703,0.032473092950848007,0.0,0.4152616103593404,0.35835928752622853,0.0,0.0,0.0,0.0,0.2944410580186658,0.5879704094306266,0.17591008328500077,0.534903827060078,0.0,0.4359442169815662,0.0,0.6125426911939171,0.0,0.19887008392724292,0.5027553294262145,0.0,0.0,0.0,0.0,0.3495781081416882,0.0,0.0,0.0,0.0,0.0,0.0,0.0,0.049668214332413,0.0,0.0,0.0,0.0
0.2198737814582013,0.35362518556086353,0.7358997560710976,0.0,0.4992730301300491,0.7403501322833682,0.5828536064786676,0.36373437866700153,0.771463760443872,0.0,0.5272582519996043,0.0,0.6549361972040312,0.005799970737761667,0.0,0.18436339293515336,0.0,0.0,0.37022258048812956,0.681541660611813,0.6988401231923359,0.8272479599757702,0.5778976180742257,0.2519721163593493,0.0,0.33032766688237725,0.8072823392761778,0.22543089048209172,0.5634571030010784,0.5702503125322425,0.4958276430129382,0.4515974366578953,0.5521868465511538,0.5527844389492514,0.0849923851586766,0.09574138376623598,0.10885656341029894,0.26461456660450694,0.0,0.5092826635036164,0.3276561512622766,0.0,0.3867372059265646,0.29227080491994206,0.0,0.047279669808770464,0.0,0.5106860261953943,0.5446954974201774,0.4667676359438543,0.7398292847905671,0.6164582636431869,0.16817116832978343,0.799603117923802,0.0,0.2168261097552653,0.0,0.6423469230817906,0.3819040060984757,0.5889750283486286,0.19950413716092416,0.0,0.0,0.2971843126103772,0.4269800381689056,0.6143080496706409,0.34178293292008016,0.2877056286392267,0.0,0.2907789615867413,0.274051465829895,0.7513207877541863,0.08980893330874096,0.22108039426925255,0.0,0.0
0.3996922543418542,0.5701236440071421,0.11226126512172316,0.25515574021997056,0.0,0.39915708627535273,0.06955192980198201,0.3330668689629794,0.0875741880906948,0.5784654407284642,0.0,0.48595132631765825,0.604743038542717,0.0,0.18436339293515336,0.0,0.5656608971836714,0.8268806665814842,0.22745144044720786,0.5202132076847633,0.08435116723311967,0.48403746616047766,0.2987628640627921,0.3343095675829623,0.6277186871560086,0.6085869797489627,0.25140609761396576,0.440100719042873,0.23156059086236203,0.15831236041355032,0.2910562184979085,0.11679734037380624,0.0,0.1744353085767579,0.28909992487332253,0.0,0.0,0.0,0.21623718636774972,0.1799778040883693,0.18017221270236103,0.05564658363903308,0.0,0.0,0.22958620594955056,0.23142749413472963,0.4908038886671865,0.46432794603751887,0.17567510346771964,0.0,0.16808364063780026,0.12542875142396764,0.33060452274865715,0.08897458883173479,0.4914492622370839,0.0,0.4899725042248551,0.34481966477090575,0.0,0.410740426266963,0.3404428842015322,0.497826653029607,0.40776105970510834,0.1527184956569891,0.4434199097679901,0.010674691472351628,0.49334080748678355,0.3209926884463928,0.18458786262195093,0.455374416876232,0.364491146053168,0.27738677024379443,0.35248684996454094,0.2636347014954673,0.4998248972375899,0.2626007311867513
0.390546739564363,0.3809981574847999,0.0,0.6496865529722735,0.0,0.0,0.0,0.575367637461741,0.0,0.9508595759528113,0.0,0.8746330630166772,0.2456050954747245,0.0,0.0,0.5656608971836714,0.0,0.8156685089634411,0.21912568221798176,0.44378263060403156,0.0,0.05551276344787373,0.08901091621838961,0.6365347866764002,0.792913833737617,0.6584396866257508,0.0,0.5052028303000748,0.0,0.0,0.0,0.0,0.0,0.0,0.22293573076097814,0.0,0.0,0.0,0.03644282278410274,0.0,0.0,0.0,0.0,0.0,0.35287418798655096,0.41708103830241455,0.7304461555405644,0.41772635743812886,0.0,0.0,0.0,0.0,0.6307315663853608,0.0,0.8542380654145995,0.0,0.8523546802160609,0.10442070907765609,0.0,0.5028203863155987,0.0,0.8886832234207613,0.45219285006043863,0.07324234538851462,0.6070499241998908,0.0,0.6254279714004634,0.48788371945291853,0.6805259971014406,0.4236887990737477,0.5976812832553782,0.0,0.5866756429449135,0.18344847895367866,0.8024749055907561,0.6261120362543305
0.32527228164188693,0.677249937441794,0.0,0.3886585148099087,0.0,0.315970457988895,0.0,0.5631714313042044,0.0,0.7833851067421145,0.0,0.7690761406806397,0.47063800369882874,0.0,0.0,0.8268806665814842,0.8156685089634411,0.0,0.22958234814331122,0.45710702560020783,0.0,0.1989094184908862,0.28501012209211324,0.5758118596467064,0.844199363608668,0.8104939605027577,0.0,0.3032791156229728,0.0,0.0,0.0,0.0,0.0,0.0,0.34868803391147396,0.0,0.0,0.0,0.11293214561845889,0.0,0.04263594528934822,0.08965813499166128,0.0,0.0,0.23283337256395767,0.13547347759266046,0.7075103470823417,0.4132021600868289,0.0,0.0,0.06230357037873008,0.0,0.5713455121208468,0.0,0.701694367783225,0.0,0.7484893050597693,0.158279129655989,0.0,0.4780712993005718,0.07314451891184647,0.7409001586147661,0.467920076065679,0.019158787547101864,0.5713049151486749,0.0,0.535398540271153,0.48321943523851507,0.5081732776204315,0.568185365500745,0.5966108200025609,0.1338647611441956,0.42123090671321334,0.22461039062502652,0.6762000378207479,0.3888528636968184
0.5320191052081542,0.2432733760999556,0.4960875526940862,0.05171524650689711,0.16542863513398773,0.40725004556406835,0.1421089969932923,0.5001429499695776,0.3904502492573789,0.24074057688531303,0.4515636554421518,0.2574857238393086,0.5144833959137052,0.10074023035268062,0.37022258048812956,0.22745144044720786,0.21912568221798176,0.22958234814331122,0.0,0.4169397964525129,0.44942864152479123,0.4334731249368117,0.3848758603727284,0.42806888735892074,0.22296835233633122,0.29747419267836156,0.3631683441646019,0.4741991395022319,0.25461267197505943,0.29640233759036927,0.1750085517172916,0.0,0.1587942308281186,0.061324102705045895,0.0,0.1606132733814841,0.13746135174266538,0.263047924296554,0.0,0.24662227677464604,0.20094348623488553,0.0,0.39912993538869035,0.0,0.23173605470763214,0.4576008798029593,0.08861111560556449,0.7108896918155455,0.2503851713912184,0.07297614677868282,0.3887690416125179,0.13981141299928704,0.3977371963079472,0.4439534890483368,0.24838608809807092,0.45307828574604786,0.28087644556194563,0.5009054740883797,0.17011427200636578,0.3217731675364648,0.0,0.2009554020216466,0.030524905008873532,0.6904725428314284,0.3150552506303822,0.3153634804040825,0.2073082745686481,0.43414656362863135,0.10759142952459604,0.17085320911473348,0.2901107756506335,0.478204779018952,0.5825954221548549,0.2250393705698612,0.2709163181089738,0.17457779761166706
0.28850404585599804,0.3748652780541977,0.4052973123905306,0.24251151513740665,0.04407143854706576,0.5487447689509763,0.1642515507013081,0.6283670104217333,0.3718416058764921,0.5329701759448182,0.11407775039683539,0.47834826228508737,0.7145250469873372,0.0,0.681541660611813,0.5202132076847633,0.44378263060403156,0.45710702560020783,0.4169397964525129,0.0,0.38992007026249365,0.8565511586821624,0.5272199798017597,0.533364324120156,0.41264310572612506,0.5883691272661751,0.5572981182590256,0.6248206724820631,0.26767705999608116,0.5035754872719586,0.4848424160585718,0.21538933356750062,0.05046639526629447,0.35754390945533837,0.3499706142600441,0.0,0.0,0.2842419086453524,0.0862483509680021,0.23613440085965595,0.24277116752532185,0.0,0.19409856855369703,0.11333893804210252,0.12044295003157102,0.2828515614591145,0.44327323223271836,0.7149119412216781,0.4303674412041139,0.020792905387240213,0.4899241626523404,0.27699275945431456,0.4719773275478761,0.45457914902890445,0.41395707095161804,0.13008249906439628,0.5491549158645129,0.6349130462861081,0.12865110239957345,0.7545765095694724,0.15858672315003153,0.2947619696270789,0.1747383487290878,0.2872013602746695,0.7822513294652043,0.4482028870672045,0.7522908963349243,0.5256748096101173,0.28951032243376695,0.3974720605114099,0.5282132241717137,0.6855207622232702,0.4377084725388701,0.3892176514068159,0.4027040810288034,0.20856269705108507
0.4227528922147907,0.17625367794107738,0.8884048240564392,0.0,0.6880704168873305,0.7172864905372416,0.7205725509329236,0.2932219278785709,0.8685791658706639,0.0,0.7854987546693447,0.0,0.6024181652943668,0.3553725265839064,0.6988401231923359,0.08435116723311967,0.0,0.0,0.44942864152479123,0.38992007026249365,0.0,0.6659518076245222,0.6396216786087396,0.18468288414643566,0.0,0.06386976752385606,0.7971350510280347,0.3623105142951296,0.8023726359055949,0.6737253685782312,0.5840493298263493,0.10334220375213955,0.6434259940292637,0.5544821185422018,0.0,0.2908519519301133,0.24753349097736121,0.35764361259659977,0.0,0.4692534040656996,0.3667882901993979,0.0,0.45531404404346704,0.2116565749574148,0.019836357142193086,0.28823482453944893,0.0,0.5673580457581099,0.5428461577789223,0.592608282193425,0.7903501701174216,0.7221039444111635,0.1301662243745518,0.8284264160038614,0.0,0.47329772927286234,0.0,0.7065761554424375,0.37741374373830905,0.1363064375216919,0.15804758437111227,0.0,0.0,0.5866876197362525,0.0,0.6966585454970734,0.0,0.3374854895717067,0.0,0.21544084326220084,0.07378248638027263,0.6474145926722352,0.26701672603282467,0.2529049057461206,0.0,0.0
0.33647207927854195,0.3802240733391923,0.6412705479111928,0.0,0.44637601755727535,0.7029349429930984,0.5534720654514325,0.4094529691405443,0.7043467856901048,0.18958650498680454,0.440534475938564,0.10505327718080207,0.7821707240464243,0.019367917387469777,0.8272479599757702,0.48403746616047766,0.05551276344787373,0.1989094184908862,0.4334731249368117,0.8565511586821624,0.6659518076245222,0.0,0.563883242176756,0.3230026871538241,0.14378677343872381,0.3828141807386053,0.8081647726645717,0.5861972050179955,0.6549791460058578,0.6587937067650513,0.668124222432652,0.3492445237372731,0.42640596913053197,0.6722353863851424,0.18212045169482374,0.17366239553290957,0.14127592046833667,0.43311984913380036,0.12770122173196977,0.5361576429308691,0.3386926313949107,0.0,0.37539969817378976,0.35062802184133046,0.1019392380651509,0.2861497073625791,0.16125666192125782,0.6491531487916443,0.5943922193378579,0.4260573477059814,0.6668273988468457,0.6632015788295746,0.2440394984164667,0.7183366939403004,0.17196482636896607,0.33940658299377285,0.22490687937746612,0.7560610609943507,0.36373977506423205,0.5511062124079379,0.3654391634422375,0.021473630597048998,0.05546299487284888,0.4232040576312331,0.5162190212401649,0.5063730536306682,0.5370851456823564,0.33314514849376203,0.0,0.33090326050623375,0.2906685670871485,0.7369790650960716,0.3686555925335739,0.3558662652509994,0.13209333660642342,0.0
0.29980330272896133,0.4963946625809422,0.7603323820099741,0.0,0.35227845736853464,0.9086995103719743,0.4042459220899067,0.7384808411830587,0.6292070265897073,0.15946875987069378,0.5491922622496601,0.11106046400194908,0.5884267724444748,0.12862238738548076,0.5778976180742257,0.2987628640627921,0.08901091621838961,0.28501012209211324,0.3848758603727284,0.5272199798017597,0.6396216786087396,0.563883242176756,0.0,0.5392656242125559,0.27905500205017586,0.5608527293412674,0.7510636642714409,0.18790133847690974,0.4474459831331475,0.4837668397408805,0.32723785494817137,0.24944179990251525,0.3353681578565505,0.3711362040868137,0.07265009561777497,0.0,0.0,0.17328144293862818,0.14052964776660826,0.25693509831757755,0.2541385650403484,0.040401395258057665,0.33380481277221485,0.0,0.12755313988102115,0.16289546905850208,0.18066884058815347,0.6036609491555461,0.34837014734346944,0.19465339218436734,0.7948675359824199,0.40877438025173807,0.5385745250399901,0.6993166344221728,0.12117951865858645,0.22036268600404998,0.12143776378944852,0.595331957469216,0.29671152089959785,0.37225869152611385,0.02325237459733039,0.0,0.0,0.3368860343458937,0.29704177257275277,0.49005904343182877,0.1955067540738331,0.7409452785035114,0.14323949842777178,0.5140681153503954,0.4603714521950259,0.6760425539496572,0.19253715525010706,0.15496491602634488,0.17836522767738888,0.0
0.440292048068204,0.5133185381514389,0.18444319419991564,0.21540750267876055,0.0,0.4004724270817294,0.0,0.8075175776519237,0.0,0.6799473354473,0.0,0.709869085352114,0.4254680953147875,0.0,0.2519721163593493,0.3343095675829623,0.6365347866764002,0.5758118596467064,0.42806888735892074,0.533364324120156,0.18468288414643566,0.3230026871538241,0.5392656242125559,0.0,0.6613195820668893,0.7516766893272678,0.15759064932604908,0.30746691525991704,0.0,0.11512923377249429,0.0,0.0,0.0,0.0,0.0,0.0,0.0,0.05026272369460909,0.2414471799103682,0.09128971524338501,0.18005390231718021,0.19092476030449604,0.2231467647259289,0.0,0.39572221654320866,0.444691380680037,0.6705073098850909,0.5824956530386471,0.0,0.0,0.28252788091626324,0.0,0.7762679090868316,0.1350898963441716,0.686720393347136,0.03559226190617376,0.657378622745164,0.381432207052937,0.004416883181841511,0.5959064586755753,0.0,0.607455841663669,0.1346053858963791,0.29204570546760783,0.5675465002454235,0.3563646387351879,0.5376462723433123,0.7411641624383781,0.7169543283802905,0.5789242297767374,0.7988845579229219,0.370170129572587,0.5412784939833613,0.09333998346002167,0.6923535441831483,0.4858920316682052
0.4303756783214082,0.6743018780848141,0.0,0.39276256207834803,0.0,0.2096705299602778,0.0,0.5598452398684074,0.0,0.8224785903334976,0.0,0.7126888949939636,0.28124607412295916,0.0,0.0,0.6277186871560086,0.792913833737617,0.844199363608668,0.22296835233633122,0.41264310572612506,0.0,0.14378677343872381,0.27905500205017586,0.6613195820668893,0.0,0.7460069952042802,0.0,0.16466286780846526,0.0,0.0,0.0,0.0,0.0,0.0,0.20600890059499397,0.0,0.0,0.0,0.16059311754048716,0.0,0.0,0.249320840358943,0.0,0.0,0.26879724979606195,0.31975975922343997,0.7901289324156692,0.4429156945302271,0.0,0.0,0.0,0.0,0.6932907594908105,0.0,0.7861119566661542,0.0,0.6982884461011288,0.05049300913086725,0.0,0.606475432449395,0.06602985821625254,0.7920471045588439,0.373681982992025,0.0,0.6040691709586228,0.0,0.5947768272343934,0.5809033918978278,0.6517923916491878,0.7454131517698542,0.6311810511847817,0.21032233714422757,0.3892620587417952,0.1852442939928055,0.7448730423163885,0.528091266884515
0.34128463351264793,0.7644768496722105,0.18969710051665184,0.15691711545223141,0.0,0.5483667498939534,0.0,0.7482059584869932,0.0,0.6174662872558871,0.0,0.6649397914249613,0.49366634373985274,0.0,0.33032766688237725,0.6085869797489627,0.6584396866257508,0.8104939605027577,0.29747419267836156,0.5883691272661751,0.06386976752385606,0.3828141807386053,0.5608527293412674,0.7516766893272678,0.7460069952042802,0.0,0.23013007820386183,0.18696613140348195,0.0,0.10271731612575154,0.0,0.1249280420937589,0.0,0.0,0.31139687654660936,0.0,0.0,0.0,0.07102800092197835,0.07214163601189623,0.0,0.053525688605422554,0.06256237617792042,0.0,0.17029070544694475,0.08631685091365958,0.6513271928610361,0.4746854944152558,0.023291616908771746,0.0,0.2667109677309457,0.0,0.603042606627801,0.12123061819552643,0.5327440289524696,0.0,0.5984206445556627,0.2303010964439995,0.0,0.6239831475456435,0.0,0.5167545013919145,0.09267224307760566,0.06167908391971589,0.5785161905896941,0.08075198068606185,0.5814679131935206,0.5128084538466178,0.5061140323651799,0.5842200180421483,0.780265194314323,0.23652663933002385,0.25011905633037973,0.029528118699485538,0.5532428616410576,0.19518963293361186
0.1962586072123932,0.32609291215897496,0.8987695298713447,0.0,0.7722254475679706,0.8890668297087452,0.798826525243026,0.32470411130262505,0.9833520150228613,0.0,0.7846928503706821,0.0,0.7046040278806975,0.3362873951475011,0.8072823392761778,0.25140609761396576,0.0,0.0,0.3631683441646019,0.5572981182590256,0.7971350510280347,0.8081647726645717,0.7510636642714409,0.15759064932604908,0.0,0.23013007820386183,0.0,0.2984920552061437,0.8092212620774494,0.6355576393446521,0.606555404748451,0.41789501207825513,0.6920289590249191,0.7272913113961194,0.0,0.21949315512885906,0.13633778233343594,0.40902571322562886,0.12999894321214922,0.5134227117673855,0.39935210599428317,0.0,0.48380407039113726,0.44362567080552173,0.0,0.08913262896577798,0.0,0.543652902868089,0.6481629349149797,0.6652546188016515,0.8586569073400911,0.8638205967286987,0.10395039997484289,0.9692108646824771,0.0,0.4947175743968979,0.0,0.7720332306437051,0.5418876442955876,0.29953889372501613,0.2720760891846841,0.0,0.0,0.4818899044444296,0.18698264220463617,0.4943988457097307,0.10927654152748878,0.2944086073486194,0.0,0.2753074113695506,0.08857794001780933,0.8007043802369314,0.10968249605482863,0.17414202221792413,0.0,0.0
0.4258766485433737,0.031272126866595196,0.21183791512166603,0.43069445013262775,0.12057835663675048,0.16856952763443744,0.0761215237685016,0.34706643526982855,0.21161306578317968,0.5330124453549355,0.1365051130589507,0.3996925582484242,0.607566931122901,0.0,0.22543089048209172,0.440100719042873,0.5052028303000748,0.3032791156229728,0.4741991395022319,0.6248206724820631,0.3623105142951296,0.5861972050179955,0.18790133847690974,0.30746691525991704,0.16466286780846526,0.18696613140348195,0.2984920552061437,0.0,0.29739430998830274,0.4983903105758607,0.5504470516650904,0.0,0.0,0.26202306976264633,0.0,0.2794170628507166,0.3141891440105313,0.445588267679926,0.02609065933571975,0.12346028635785569,0.13260615459973765,0.0,0.1828248881099442,0.05239452346377559,0.3753846280082691,0.6184065964280048,0.1541372793651952,0.656526025936364,0.31451238771819595,0.06974167771340634,0.12494772009446994,0.2011353248770076,0.2799468219605991,0.23603572570127318,0.4348920617091162,0.39013834528277846,0.45004616456553337,0.625774331035188,0.0,0.3178705626443017,0.08046021570689842,0.40358096092907136,0.31175058697727787,0.5774232935723088,0.35642515890920096,0.2806894404714905,0.45876189672502177,0.3109210785383908,0.0814352564462089,0.053498909196078075,0.14379454848477533,0.37836117030410216,0.771496990637623,0.33244503605748305,0.3698589728943504,0.379407671481892
0.21264365771476412,0.05536422841444863,0.833656370499095,0.0,0.7924321615454837,0.6732328168385738,0.8939599173539734,0.0,0.8343429972056656,0.0,0.7765030136323061,0.0,0.5662271781816798,0.40028480000848077,0.5634571030010784,0.23156059086236203,0.0,0.0,0.25461267197505943,0.26767705999608116,0.8023726359055949,0.6549791460058578,0.4474459831331475,0.0,0.0,0.0,0.8092212620774494,0.29739430998830274,0.0,0.6091329523930684,0.7298818121069442,0.30363826694164453,0.6425656043257115,0.7064896564377313,0.0,0.4005209147508056,0.4776611038617847,0.331473378830875,0.0,0.36954645580342227,0.27765298432921603,0.0,0.2716841077685929,0.5825341190631406,0.0,0.0015640752511393245,0.0,0.33255231507629046,0.6331874474135104,0.7181147449679269,0.6736315483099427,0.8425155362568042,0.0,0.7557764648726353,0.0,0.3635715124766692,0.0,0.6192440340682467,0.28878284957174544,0.0,0.3072457480373617,0.0,0.0,0.4062876620108997,0.0,0.4219258499274078,0.0,0.027751438151563838,0.0,0.0598966104806387,0.0,0.5048981084520785,0.03734129968817539,0.2911824169217896,0.0,0.0
0.20784205012277332,0.097570960239841,0.6244437260134182,0.0,0.5251645556697941,0.5313328083461759,0.5477248485841322,0.2797081382137538,0.6094023556943107,0.0,0.5253910068335792,0.0,0.5661133691672982,0.14406108889245003,0.5702503125322425,0.15831236041355032,0.0,0.0,0.29640233759036927,0.5035754872719586,0.6737253685782312,0.6587937067650513,0.4837668397408805,0.11512923377249429,0.0,0.10271731612575154,0.6355576393446521,0.4983903105758607,0.6091329523930684,0.0,0.7047789398470182,0.2034722390564101,0.44935708097646787,0.595422316457127,0.0917145133402079,0.23429275710770903,0.23984187304571133,0.3107168152332037,0.0,0.4197526261686966,0.320058764471154,0.0,0.2780999154466974,0.20290351369513415,0.0,0.1563011725640388,0.0,0.5000760368340574,0.5380452061414736,0.5312796278634397,0.6135869752721969,0.5497362422505826,0.06950793923278221,0.6151240139525659,0.0,0.30491672619847077,0.0,0.6483852476301222,0.17479230312215654,0.20184433161657628,0.1370889273385155,0.0,0.0,0.36602315522963413,0.15909831286972517,0.46479702134399975,0.15795867057747778,0.2456088940654587,0.0,0.09097876198328873,0.10269178246483691,0.5142701481666969,0.2637304301515283,0.1435608665686679,0.0,0.0
0.19095310632784168,0.0,0.5616172536602774,0.0,0.5408653753468907,0.40830899934484216,0.5807417944925067,0.05336282963299358,0.5908605719266187,0.0,0.44288210767057434,0.0,0.4935532387743355,0.11372307854044328,0.4958276430129382,0.2910562184979085,0.0,0.0,0.1750085517172916,0.4848424160585718,0.5840493298263493,0.668124222432652,0.32723785494817137,0.0,0.0,0.0,0.606555404748451,0.5504470516650904,0.7298818121069442,0.7047789398470182,0.0,0.32521973780801683,0.39023270439198154,0.73593457177426,0.22686580249953658,0.3203623190461518,0.41177627396609207,0.424142020906947,0.0,0.3423237009825692,0.3153405636174385,0.0,0.12248600229833456,0.4179965965505823,0.0,0.17229579078028776,0.0,0.3709444503182468,0.5187751310467947,0.5895519677555213,0.43595362312438607,0.6407850898415177,0.0,0.521869644106274,0.0,0.18890946038918133,0.0,0.5672660826633342,0.0,0.1393597571585874,0.3798895580689641,0.0,0.12191110647730234,0.24064075108360586,0.06804535691933034,0.45654792415652734,0.15478116881378748,0.05778635638755701,0.0,0.029535996685048214,0.0,0.3902084282262066,0.14114818790360903,0.2837440405616168,0.0,0.0
0.0,0.061152615477395415,0.2122963749897954,0.0,0.3760148643717979,0.297097554917224,0.37768713805827386,0.0,0.40657060239554993,0.0,0.19113668989846225,0.0,0.06899956215751617,0.029554731664471808,0.4515974366578953,0.11679734037380624,0.0,0.0,0.0,0.21538933356750062,0.10334220375213955,0.3492445237372731,0.24944179990251525,0.0,0.0,0.1249280420937589,0.41789501207825513,0.0,0.30363826694164453,0.2034722390564101,0.32521973780801683,0.0,0.3512056595756908,0.5441234684703693,0.3878081827693694,0.0,0.02155016682654874,0.05368638407902055,0.2958826456614792,0.3308553646580302,0.10668802194268076,0.04346032186154119,0.05588299830819539,0.3334279823740164,0.0,0.0,0.0,0.0,0.2982968211851097,0.45925455892962397,0.35417084462030785,0.4635718166814261,0.0,0.37056273977938914,0.0,0.0,0.0,0.09095658681907022,0.20615491069853126,0.17049338487184443,0.4633461341041449,0.0,0.0,0.0,0.08420094826158747,0.1763564512447785,0.15732964279586087,0.0,0.0,0.03460282477923349,0.10508210630894999,0.20133895385624614,0.0,0.0,0.0,0.0
0.04275592537328294,0.04139987151213887,0.5605101385442546,0.0,0.757714911069668,0.4869244486274009,0.6732705302879959,0.0,0.7283237053045181,0.0,0.6717003148866044,0.0,0.26825586310544597,0.5147735123227981,0.5521868465511538,0.0,0.0,0.0,0.1587942308281186,0.05046639526629447,0.6434259940292637,0.42640596913053197,0.3353681578565505,0.0,0.0,0.0,0.6920289590249191,0.0,0.6425656043257115,0.44935708097646787,0.39023270439198154,0.3512056595756908,0.0,0.6270136604800471,0.0,0.41607087052687575,0.27802573275262976,0.37538439282028196,0.04913229723436758,0.6417322836498227,0.26487086042545643,0.0,0.46981166359530635,0.37033943494945015,0.0,0.005686116914067707,0.0,0.046075492304243945,0.48195358246757763,0.7105392273522658,0.48443997527484245,0.6786885316722326,0.0,0.7035118473777627,0.0,0.42690409627768633,0.0,0.39484392355859954,0.44856990649444867,0.0,0.2148367792838058,0.0,0.0,0.287123409400572,0.0,0.38801882089267853,0.0,0.0,0.0,0.0,0.0,0.38777609695667115,0.0,0.0,0.0,0.0
0.0,0.0,0.5675246258643631,0.0,0.731422010438087,0.49260458015251274,0.7215395607775597,0.0,0.8050920450496193,0.0,0.6192592609774085,0.0,0.4207078611255309,0.3241169664551188,0.5527844389492514,0.1744353085767579,0.0,0.0,0.061324102705045895,0.35754390945533837,0.5544821185422018,0.6722353863851424,0.3711362040868137,0.0,0.0,0.0,0.7272913113961194,0.26202306976264633,0.7064896564377313,0.595422316457127,0.73593457177426,0.5441234684703693,0.6270136604800471,0.0,0.18839450166976635,0.3298525729170726,0.32435946219530604,0.4397320152613882,0.12850660382617465,0.46861588066190596,0.40905096510107014,0.0,0.25246307899353243,0.48791898980682713,0.0,0.0,0.0,0.1794907567390333,0.5617125009599665,0.735356918871978,0.5235828676387366,0.7733687117166648,0.0,0.6966364015809,0.0,0.3559941509219606,0.0,0.4779241699119752,0.23454352265946793,0.0616463424287101,0.44811578365294585,0.0,0.0,0.1659874972762225,0.0,0.3729457209888473,0.025953198567477326,0.0,0.0,0.0,0.0,0.4296829022579698,0.0,0.06452063245452004,0.0,0.0
0.0,0.05577555479239408,0.0,0.20287557712750973,0.0,0.032439196648826975,0.0,0.11265249740605536,0.0,0.21834021783509405,0.0,0.2800305124588915,0.11337366920025904,0.0,0.0849923851586766,0.28909992487332253,0.22293573076097814,0.34868803391147396,0.0,0.3499706142600441,0.0,0.18212045169482374,0.07265009561777497,0.0,0.20600890059499397,0.31139687654660936,0.0,0.0,0.0,0.0917145133402079,0.22686580249953658,0.3878081827693694,0.0,0.18839450166976635,0.0,0.0,0.0,0.0,0.0748664535628256,0.0,0.0,0.12198566134411852,0.0,0.06048569665896399,0.0,0.0,0.3269765519129448,0.0,0.09709600275394766,0.0,0.013404142797049896,0.0,0.043617728920363835,0.0,0.12568785729536025,0.0,0.29058485487028063,0.0,0.0,0.29526627242824144,0.22546636768748146,0.05786665001661888,0.3112539752737396,0.0,0.30473311132105707,0.035613085627509096,0.41774887913907566,0.11829013691593064,0.25300253522252614,0.11672000292622678,0.2618631578266997,0.01046990542626882,0.0,0.18141251392298718,0.09632073224451772,0.0
