0.0,0.25026869679606184,0.3153985341212505,0.04512750425005271,0.0,0.25632120679541265,0.0,0.35169957036101507,0.1442872481006803,0.3987594758664218,0.188350129723395,0.18954869636862126,0.27587060140286945,0.0,0.22392152362626508,0.40705034488552166,0.3977364667608046,0.3312603458929876,0.5418132523414994,0.29381522931918114,0.43053551503202747,0.3426663249709542,0.3053224986173147,0.44839755604377696,0.4382986319800816,0.3475674753922922,0.1998716084305948,0.433716777808765,0.2165582977159277,0.2116682954577075,0.19446843651173132,0.0,0.04354303587331737,0.0,0.0,0.0,0.03291745473795144,0.07808584870244492,0.0,0.21580990872189476,0.07985767610034746,0.0,0.1288407635741441,0.0,0.2964688774157888,0.7187577068361207,0.16528793656134597,0.5696874148645897,0.0943674875267914,0.0,0.18407040973873245,0.0,0.36139457086683724,0.2294004579615927,0.3473285133228237,0.12586178728716946,0.17382203849721825,0.3137906099937274,0.0,0.2602526088152213,0.08351387632257326,0.34763920169565926,0.20345707162535842,0.4757850560643256,0.251961138775432,0.32731377276032286,0.20057714381892763,0.46634337321243996,0.263899483234946,0.34065246836040836,0.32348202983325675,0.27572835545326874,0.5533881054630683,0.15735398820710508,0.42891917582774014,0.3101848308617792
0.25026869679606184,0.0,0.26252271983498365,0.0,0.0,0.6156131822740074,0.05201445976768502,0.5130982338719899,0.17075825597562233,0.38103624688406806,0.1144083081537723,0.3714220315423511,0.5591652470913816,0.0,0.36013520947454325,0.5806192724515757,0.3880121011109025,0.68971769558886,0.2477518905288996,0.38176631911175274,0.1794984006167278,0.38722376654845564,0.5055329854605741,0.522768419254791,0.6867153642577772,0.7785504020548761,0.33209608371721516,0.03184782764257435,0.05638345008093951,0.09936718208822158,0.0,0.06227839781812575,0.042162017887940224,0.0,0.05680234872654599,0.0,0.0,0.0,0.1715922068325885,0.24655774011489054,0.12685826657476168,0.10437780957416573,0.22382508076989796,0.0,0.1760634234009472,0.0,0.5060534444262245,0.3553575658012787,0.07030354190274837,0.0,0.33782423750289836,0.04302970079449171,0.5022569066055184,0.23095695823284268,0.38242790188095815,0.021865458263358117,0.3800592042277343,0.2824691745602576,0.15551858121203788,0.48508933295079043,0.0,0.38917390838998767,0.0,0.16449601927157556,0.38300012838073677,0.0,0.34692201131512806,0.34859900491961654,0.19442605511484223,0.6055738262518778,0.4803301049872084,0.35399014393571027,0.18507443606591792,0.0,0.3698669201351823,0.12346857658057081
0.3153985341212505,0.26252271983498365,0.0,0.0,0.7415771557033747,0.8698359842733254,0.7595395109907036,0.37572563564492545,0.9143501158733036,0.0,0.8906417629050168,0.0,0.5710781174455452,0.34113090584957145,0.7494472215959178,0.11432792652018448,0.0,0.0,0.5052202218680739,0.4127585886331368,0.904759814837039,0.6530759474486131,0.7743296372715853,0.1878386808733338,0.0,0.19318930839986714,0.915315328562321,0.21573772189328735,0.8490034756526291,0.6359393540260191,0.5719562846483128,0.21620462172787513,0.570828788218473,0.5779724079704915,0.0,0.23704239093220697,0.15299648457923523,0.2726226457009372,0.0,0.39881634936101346,0.37104176553968804,0.0,0.49900942872753407,0.3125792819271823,0.0,0.1253757924885976,0.0,0.6162114760942617,0.5385616923089216,0.6077943068546958,0.8368201703992463,0.7273843483393951,0.15433384435734032,0.9220252725335009,0.0,0.4619859142739474,0.0,0.6691129959015062,0.4125983890042658,0.14011737445218883,0.11342894340201036,0.0,0.0,0.5757614165858157,0.03100271241341544,0.5492855087177253,0.0,0.3838843322574824,0.0,0.25743801035631836,0.10871037744224762,0.6705541504170874,0.13720096576538074,0.1705848694190147,0.0,0.0
0.04512750425005271,0.0,0.0,0.0,0.0,0.0,0.0,0.15284517203520978,0.0,0.6018389779101609,0.0,0.6269536869146304,0.06320755446167936,0.0,0.0,0.2598530017227398,0.6616468860281263,0.3958134809406576,0.05266729264277336,0.2469760041708539,0.0,0.0,0.0,0.21937302337944437,0.39999308121536264,0.1598058638100145,0.0,0.43862327218585784,0.0,0.0,0.0,0.0,0.0,0.0,0.2066103927247273,0.016829692024248836,0.049779546400045366,0.0,0.052930479673866916,0.0,0.0,0.0,0.0,0.0,0.2780269786934867,0.2301378968411477,0.4928458231034351,0.04067109456842573,0.0,0.0,0.0,0.0,0.3228117721747481,0.0,0.5712827827817806,0.0,0.6988372410025755,0.0,0.0,0.29724726278410657,0.0,0.60312981002663,0.46940417525011624,0.0,0.4271450163826915,0.0,0.5134028145488552,0.10783588674911605,0.4383608663795935,0.0,0.22178229226948773,0.0,0.3918767153196049,0.18614353966377925,0.4302656211057158,0.560411729851531
0.0,0.0,0.7415771557033747,0.0,0.0,0.5285053115994052,0.903747268769156,0.0,0.9396012282066638,0.0,0.9232408862898953,0.0,0.3491482629379211,0.7105275991803621,0.508464342000121,0.0,0.0,0.0,0.16847407537609488,0.04488276684201348,0.7007373734592378,0.454593527699213,0.3587636888378544,0.0,0.0,0.0,0.7864416469103511,0.12279813061561022,0.8070203541637443,0.5348325147282107,0.5508223769162363,0.38293706861207855,0.7716639802882299,0.7448870433977491,0.0,0.5703804704310919,0.45778302656680364,0.42052904041704603,0.035079886713350036,0.43691450010260247,0.4073243349595951,0.0,0.49373621604031726,0.5416819498359721,0.0,0.0,0.0,0.14374728988086885,0.5635993041722548,0.9258666380616242,0.556963896313884,0.9314635541513263,0.0,0.8323675388429399,0.0,0.6812489068754857,0.0,0.5005454107632434,0.5347551366738125,0.0,0.22201586901871034,0.0,0.0,0.4454956622576115,0.0,0.2692179889143647,0.0,0.0,0.0,0.0,0.0,0.3995196525033822,0.0,0.0,0.0,0.0
0.25632120679541265,0.6156131822740074,0.8698359842733254,0.0,0.5285053115994052,0.0,0.6439371027144787,0.5745978052127199,0.7921026107247624,0.03447548969318372,0.6818826938518713,0.03463600344106404,0.7547188404455626,0.1890425869156288,0.7539795265190092,0.4065053247014307,0.0,0.3217872813417385,0.414747270433005,0.5588468253492266,0.7304912971998405,0.715875546421523,0.9254281139455239,0.40784488012954184,0.21353043649343503,0.5584618471919993,0.9054340076095037,0.1716727897911681,0.6856266222462455,0.5411143211730131,0.4158257189067979,0.3025669396391842,0.4958884306460802,0.5016731299270284,0.0330363824674487,0.0,0.0,0.20608096464645292,0.06572890160438943,0.3870266442853904,0.29242969029229154,0.005863051484176574,0.39930876754297245,0.2036204925031387,0.02841827233378778,0.0,0.05008644995218623,0.5630706598417233,0.5470590730600478,0.39019946388653043,0.8628816803674701,0.6119992163790579,0.34069829286332465,0.8248717574289036,0.0,0.27034732994985655,0.07527670066879964,0.6648120969873464,0.3609566646355784,0.3611739614811564,0.09909004129769634,0.0,0.0,0.4026404159877478,0.22301133318068259,0.4355708990830369,0.11197212414703837,0.45602342876641516,0.0,0.48112443988239,0.3397838424478742,0.7049698495336013,0.13478637909495286,0.11422662985011375,0.0037253229440202787,0.0
0.0,0.05201445976768502,0.7595395109907036,0.0,0.903747268769156,0.6439371027144787,0.0,0.0,0.8693186803382161,0.0,0.8201437301660498,0.0,0.48204930980717536,0.5225547953152171,0.5935835857654442,0.07083233839486926,0.0,0.0,0.14472513692492098,0.167275321537168,0.733837851962528,0.5636611484940552,0.4116878428785488,0.0,0.0,0.0,0.8135324341956528,0.07752287457809601,0.910417174012928,0.5578081288706989,0.5914328966090691,0.3846401278368411,0.6856650299772618,0.7348226638684153,0.0,0.46862712735472273,0.38551994181779065,0.3728468326018022,0.0,0.3802699334822979,0.3136468155774984,0.0,0.3717652645940908,0.5730223389239176,0.0,0.0,0.0,0.1640650582158487,0.5681960445272514,0.8054859900102738,0.6048219207654408,0.8751228747130686,0.0,0.7815263837507513,0.0,0.485276605412069,0.0,0.506598359132419,0.45990334841210406,0.0,0.34567326835048745,0.0,0.0,0.32324441978182356,0.0,0.2980190894086071,0.0,0.0,0.0,0.0,0.0,0.4550864244361507,0.0,0.0,0.0,0.0
0.35169957036101507,0.5130982338719899,0.37572563564492545,0.15284517203520978,0.0,0.5745978052127199,0.0,0.0,0.12131448889002422,0.6066707874900781,0.08450525039529844,0.6452214413489097,0.5174802311238029,0.0,0.3704305066579816,0.3391984268110565,0.585959804626228,0.5735390737544355,0.5093502765331431,0.6399348637066313,0.2986199646713327,0.4169907484884843,0.752075822910028,0.8223834835768453,0.5701516491636691,0.7619799736900752,0.33068171588442996,0.3534557165922509,0.0,0.2848573943837699,0.05434520676900392,0.0,0.0,0.0,0.11472636115217405,0.0,0.0,0.01669955999562438,0.04837455413848346,0.029655887339535867,0.10191608486603415,0.0,0.2228633851338814,0.0,0.23353441835668534,0.2547418875710408,0.5420031398742439,0.6567250698321833,0.18111057256660834,0.0,0.494072490064142,0.0,0.8329971184976579,0.25198343152018243,0.5640038083018275,0.0,0.6518806001526819,0.44538261195166906,0.015065261738103937,0.5983095171634399,0.0,0.4574582435232431,0.021315154173234263,0.29492028036464324,0.617098087880498,0.4052010169787743,0.46858196596177476,0.8649661810343718,0.5807848928950681,0.5170191948561483,0.7161219596248175,0.49284176290877835,0.4987244302106516,0.2490696027464814,0.5374495530854723,0.23488718780056572
0.1442872481006803,0.17075825597562233,0.9143501158733036,0.0,0.9396012282066638,0.7921026107247624,0.8693186803382161,0.12131448889002422,0.0,0.0,0.9289183917047047,0.0,0.5572714158774696,0.5154437364036359,0.7856659375910157,0.08918637546300341,0.0,0.0,0.3976382001261393,0.37868698297404735,0.8845691783800214,0.717313380281193,0.6407903440597502,0.0,0.0,0.0,1.0,0.21550873321566374,0.8497027427379455,0.6206210812563222,0.6017379545621119,0.41405531913029353,0.7417317003569976,0.8199132983991896,0.0,0.36194135984906056,0.2756303893108684,0.4187785589772221,0.08625974628800204,0.5116177784148292,0.3725189975080377,0.0,0.5726577673706081,0.4576060544377279,0.0,0.06614303399283455,0.0,0.49778152578331797,0.6456077345291519,0.8366806458940038,0.8138004959104871,0.9350745901658025,0.0,1.0,0.0,0.6688393287903766,0.0,0.6947926507066098,0.6002146223183846,0.09121899554864842,0.24474409807675251,0.0,0.0,0.5718898459853475,0.0,0.48615159763706184,0.0,0.11820241584433647,0.0,0.06490826164884284,0.0,0.6820577235332994,0.03925489407185812,0.04356619846144786,0.0,0.0
0.3987594758664218,0.38103624688406806,0.0,0.6018389779101609,0.0,0.03447548969318372,0.0,0.6066707874900781,0.0,0.0,0.0,0.8971554378987867,0.33027618318140584,0.0,0.0,0.5891146365610711,0.9683643206111604,0.7978067486012008,0.24517246402601756,0.5427818317101616,0.0,0.1930766768737915,0.16240448244542083,0.6924647510459209,0.8376199193739291,0.6288334648780111,0.0,0.5428248792743299,0.0,0.0,0.0,0.0,0.0,0.0,0.2223597280325086,0.0,0.0,0.0,0.15602268961211002,0.0,0.014882115111062438,0.1080930501779443,0.0,0.0,0.39010063049724997,0.48644459243819754,0.825719874136712,0.4994826469275695,0.0,0.0,0.0,0.0,0.6656477078660655,0.0,0.9313281483084975,0.0,0.9029354146097673,0.17636751124300956,0.0,0.6193566565064228,0.0,0.8862808842251408,0.5118172338864327,0.0860968462095268,0.6773058860654583,0.0703856017541262,0.7274899044496747,0.5685390822296326,0.7235149903840766,0.5567771609005667,0.6178513571355836,0.157188054578454,0.6005531499812342,0.23844412068328402,0.794361670326468,0.6466194569574896
0.188350129723395,0.1144083081537723,0.8906417629050168,0.0,0.9232408862898953,0.6818826938518713,0.8201437301660498,0.08450525039529844,0.9289183917047047,0.0,0.0,0.0,0.4118620028326769,0.6417140175887794,0.5369647547300542,0.0,0.0,0.0,0.45987666683248757,0.11617785218094423,0.7999593074972002,0.44864444686332106,0.5593025567265161,0.0,0.0,0.0,0.7991385669920947,0.13901808890636919,0.7907979603561182,0.5350631347197594,0.4510352970631893,0.1946553997438797,0.6840659078683446,0.6306594461518231,0.0,0.43525349126127394,0.3422630012762164,0.34572179877927245,0.0,0.3588107574321327,0.3251521222170291,0.0,0.5524137280425397,0.40694892122140536,0.0,0.061182487702926246,0.0,0.40994972346569075,0.5449217210026386,0.7809432288496632,0.6485012346818656,0.8000492750139917,0.0,0.8817538141658859,0.0,0.6909083078183198,0.0,0.5250421397121585,0.4851982857935174,0.0,0.06729536790455995,0.0,0.0,0.6328489795837632,0.0,0.3115539429653382,0.0,0.0,0.0,0.0,0.0,0.43722784281266414,0.016216205916849042,0.0,0.0,0.0
0.18954869636862126,0.3714220315423511,0.0,0.6269536869146304,0.0,0.03463600344106404,0.0,0.6452214413489097,0.0,0.8971554378987867,0.0,0.0,0.2956058295438492,0.0,0.0,0.494897393748333,0.8907345240789113,0.783234363204668,0.26222587891894883,0.4871543619456759,0.0,0.1069872439189821,0.11310501938442373,0.7229373421107346,0.7258090627276789,0.6771809272944784,0.0,0.4070506543868262,0.0,0.0,0.0,0.0,0.0,0.0,0.2851857033420748,0.0,0.0,0.0,0.20369156801609384,0.0,0.0,0.12754522676459348,0.0,0.0,0.3072595167888942,0.2635946218506417,0.7924864323044111,0.3686529544981286,0.0,0.0,0.0,0.0,0.6571979412289674,0.0,0.811044049719187,0.0,0.9637669569473083,0.11107682991872812,0.0,0.5803655981058637,0.0,0.8252257722624572,0.40900140013921776,0.038909612727699425,0.6742556628539973,0.0,0.7020553862138271,0.4774869642873007,0.6732934344324084,0.330163457604152,0.6034629926768316,0.05887024308482127,0.5348220598526398,0.14524657980150132,0.778161253820106,0.6033913084102296
0.27587060140286945,0.5591652470913816,0.5710781174455452,0.06320755446167936,0.3491482629379211,0.7547188404455626,0.48204930980717536,0.5174802311238029,0.5572714158774696,0.33027618318140584,0.4118620028326769,0.2956058295438492,0.0,0.03268552314887302,0.666993173007297,0.6158759889186932,0.25012653543473795,0.4793021622029988,0.5239547213377619,0.7276790171589842,0.6135083161722839,0.7965700098609977,0.5992593503164024,0.43330070336450555,0.28642364275474397,0.5027544399342121,0.7175753581435669,0.6187518676383754,0.5766510750675641,0.5765351708986644,0.5026392527752869,0.07026980199907731,0.2731942898779381,0.42845283616812124,0.11546080927911034,0.11297515608260691,0.09713267285039252,0.38688545632055793,0.0704115165036735,0.3079549803640357,0.37004445502208516,0.0,0.32419441993364934,0.18524191958158762,0.2382863425594546,0.21066584714699876,0.21840474908385007,0.6796081346013093,0.5366679013497448,0.22196919897999243,0.5709888446229289,0.4839130831648519,0.39860465187420235,0.5803778732451862,0.28977938760512795,0.3541559527263287,0.4128726472767742,0.8080345603451395,0.23976172660331305,0.5371469152266678,0.15094455198244974,0.19111525075513536,0.04609395786555454,0.5222861970423177,0.43733994003124005,0.4555473108193805,0.425132131010601,0.42469597758313843,0.0,0.3591124272470703,0.3202620596818625,0.6817120054419658,0.47334470248464006,0.20838497333911157,0.18646194703189914,0.07353300876222833
0.0,0.0,0.34113090584957145,0.0,0.7105275991803621,0.1890425869156288,0.5225547953152171,0.0,0.5154437364036359,0.0,0.6417140175887794,0.0,0.03268552314887302,0.0,0.005906744660387074,0.0,0.0,0.0,0.10259479653021517,0.0,0.36191471797973906,0.019724468929890677,0.1309902470626302,0.0,0.0,0.0,0.3424782409177397,0.0,0.407653798956349,0.14671316564493908,0.11581665103206702,0.030098816242590705,0.5242501786129415,0.33008376205850776,0.0,0.6221126180891714,0.415299557516599,0.3169847835700302,0.11923773722579721,0.16447754249392083,0.03307090277970925,0.0,0.4229063232481716,0.3649564633687378,0.0,0.0,0.0,0.0,0.2998615382534956,0.5987945859379039,0.17914848059266553,0.5447510801627012,0.0,0.44396968403951687,0.0,0.6238192284165066,0.0,0.20253116083846034,0.5120107483017212,0.0,0.0,0.0,0.0,0.3560136278292689,0.0,0.0,0.0,0.0,0.0,0.0,0.0,0.05058257585488474,0.0,0.0,0.0,0.0
0.22392152362626508,0.36013520947454325,0.7494472215959178,0.0,0.508464342000121,0.7539795265190092,0.5935835857654442,0.3704305066579816,0.7856659375910157,0.0,0.5369647547300542,0.0,0.666993173007297,0.005906744660387074,0.0,0.18775741051597528,0.0,0.0,0.37703815231607885,0.6940884267639887,0.7117053434865448,0.8424770902014456,0.5885363606382059,0.2566107692892253,0.0,0.3364087976913824,0.8221439146061247,0.22958093563680243,0.573830004492956,0.5807482728669408,0.5049555274082711,0.4599110699398024,0.5623522694979555,0.5629608632075013,0.08655704311420685,0.09750392422799196,0.11086054632751702,0.26948595933003117,0.0,0.5186582466170552,0.33368810109865094,0.0,0.39385680193299294,0.2976513321193312,0.0,0.04815005968385192,0.0,0.5200874443597742,0.5547230092000722,0.4753605433390298,0.7534490905416431,0.6278068841656127,0.17126709693476092,0.81432332347387,0.0,0.22081774614671226,0.0,0.6541721380293876,0.3889346258448831,0.5998176992772519,0.20317688660532743,0.0,0.0,0.30265529448853606,0.4348404801641069,0.6256170860657128,0.34807494818779466,0.29300211372857643,0.0,0.29613202486056417,0.27909658611255245,0.7651521450636691,0.09146226097705927,0.2251503494429936,0.0,0.0
0.40705034488552166,0.5806192724515757,0.11432792652018448,0.2598530017227398,0.0,0.4065053247014307,0.07083233839486926,0.3391984268110565,0.08918637546300341,0.5891146365610711,0.0,0.494897393748333,0.6158759889186932,0.0,0.18775741051597528,0.0,0.5760743691818796,0.8421030351598626,0.23163868269400587,0.5297900154476736,0.08590402075785794,0.492948300593336,0.30426290611008994,0.3404640027544426,0.6392746052051375,0.6197906947372945,0.2560343304840766,0.4482027047678226,0.2358234800612433,0.16122679437980952,0.296414385902307,0.11894750815012489,0.0,0.177646556181828,0.294422078105659,0.0,0.0,0.0,0.2202179810389443,0.18329108565424124,0.1834890732122047,0.05667100329293903,0.0,0.0,0.23381274792679144,0.23568793310405967,0.4998392888100886,0.4728759402300134,0.17890917494031328,0.0,0.17117795791137044,0.12773781821155505,0.3366907503052462,0.0906125567272786,0.5004965433136548,0.0,0.49899259908741506,0.3511675844192343,0.0,0.4183019069151018,0.3467102299899238,0.5069913379797181,0.4152676920326035,0.1555299499859882,0.45158299976909666,0.010871206029554176,0.5024229107573388,0.3269019679978141,0.18798601255275418,0.4637575820595614,0.3712012056700113,0.2824932914457881,0.3589759178144095,0.2684880555021658,0.5090263686444085,0.26743505043090854
0.3977364667608046,0.3880121011109025,0.0,0.6616468860281263,0.0,0.0,0.0,0.585959804626228,0.0,0.9683643206111604,0.0,0.8907345240789113,0.25012653543473795,0.0,0.0,0.5760743691818796,0.0,0.8306844685607917,0.22315965233546067,0.4519523980744277,0.0,0.056534719553706314,0.0906495528789578,0.6482530037388532,0.8075108936470589,0.6705611595317345,0.0,0.5145033061734091,0.0,0.0,0.0,0.0,0.0,0.0,0.22703984154756082,0.0,0.0,0.0,0.03711371291719726,0.0,0.0,0.0,0.0,0.0,0.35937038649308345,0.4247592457496151,0.7438932236069481,0.42541644481689816,0.0,0.0,0.0,0.0,0.6423429497028952,0.0,0.8699640670143001,0.0,0.8680460098433403,0.10634303062299733,0.0,0.5120770028487468,0.0,0.9050433393638024,0.46051744453981514,0.07459069228076717,0.6182253429333469,0.0,0.6369417187701356,0.4968653610622288,0.6930540655080633,0.43148865136524583,0.6086842310250065,0.0,0.597475983591147,0.1868256535263056,0.8172479789996482,0.6376383768406033
0.3312603458929876,0.68971769558886,0.0,0.3958134809406576,0.0,0.3217872813417385,0.0,0.5735390737544355,0.0,0.7978067486012008,0.0,0.783234363204668,0.4793021622029988,0.0,0.0,0.8421030351598626,0.8306844685607917,0.0,0.23380881910069293,0.4655220870530528,0.0,0.20257121952742163,0.2902569845505031,0.5864122046705913,0.8597405588328971,0.8254146598200235,0.0,0.3088622991060547,0.0,0.0,0.0,0.0,0.0,0.0,0.35510716787552526,0.0,0.0,0.0,0.11501115751754999,0.0,0.043420847029239214,0.09130868655496668,0.0,0.0,0.23711969289742044,0.13796746166056217,0.7205351809085206,0.4208089597526474,0.0,0.0,0.06345054109697762,0.0,0.5818636344117722,0.0,0.714612132978931,0.0,0.7622685365003817,0.16119295186427615,0.0,0.486872300241595,0.07449106487834908,0.754539678499588,0.47653419918037476,0.019511489136755114,0.5818222900741113,0.0,0.5452549007421594,0.49211521022119414,0.5175284376166153,0.5786453114204513,0.607594061196812,0.13632912972378522,0.42898551070595425,0.22874533087796903,0.6886484679563514,0.3960114076719998
0.5418132523414994,0.2477518905288996,0.5052202218680739,0.05266729264277336,0.16847407537609488,0.414747270433005,0.14472513692492098,0.5093502765331431,0.3976382001261393,0.24517246402601756,0.45987666683248757,0.26222587891894883,0.5239547213377619,0.10259479653021517,0.37703815231607885,0.23163868269400587,0.22315965233546067,0.23380881910069293,0.0,0.4246154037234307,0.4577023486115152,0.441453100697872,0.39196119014314795,0.4359493744033856,0.2270730636662132,0.3029505110717114,0.3698540518057397,0.4829288563438356,0.2592999359227746,0.30185892378550544,0.17823035237883394,0.0,0.16171753573471304,0.06245304202101012,0.0,0.16357006575165842,0.1399919313608342,0.26789047609302286,0.0,0.25116244242179214,0.20464273321757007,0.0,0.40647767398351003,0.0,0.23600217408885146,0.46602503281036844,0.09024239218077545,0.7239767373164693,0.2549946096324522,0.07431959311694047,0.39592604247426866,0.14238525581137956,0.40505929542602326,0.4521264019184491,0.2529587244355512,0.46141918055617764,0.2860472095574386,0.5101268382557439,0.1732459719645099,0.3276968152317513,0.0,0.20465486836669539,0.03108684988634428,0.7031837210763904,0.3208552255741384,0.32116912966991656,0.21112469342129597,0.44213893698513207,0.10957212209885714,0.17399851245420506,0.2954515380290437,0.4870082372401524,0.5933206484257527,0.22918220808186046,0.27590372223489384,0.17779166835293497
0.29381522931918114,0.38176631911175274,0.4127585886331368,0.2469760041708539,0.04488276684201348,0.5588468253492266,0.167275321537168,0.6399348637066313,0.37868698297404735,0.5427818317101616,0.11617785218094423,0.4871543619456759,0.7276790171589842,0.0,0.6940884267639887,0.5297900154476736,0.4519523980744277,0.4655220870530528,0.4246154037234307,0.0,0.39709826085942906,0.8723197429176629,0.5369257779643979,0.5431832359129312,0.4202396135422512,0.5992006439255405,0.5675576365994991,0.6363232398491705,0.27260483135646707,0.5128460047530138,0.493768069127941,0.21935451978593143,0.05139545081277575,0.364126074685038,0.35641335974578936,0.0,0.0,0.289474628762887,0.08783613048779679,0.24048149111003128,0.2472404366008125,0.0,0.19767180477806684,0.1154254387415222,0.12266023125744317,0.28805868613322394,0.4514336219898909,0.7280730338801288,0.43829024322248356,0.021175690089328455,0.4989433675760444,0.28209202715806636,0.48066614218696374,0.46294767381637053,0.42157776806587394,0.1324772385067166,0.559264522817204,0.6466014080974261,0.13101949070261285,0.7684678027312056,0.16150620796687618,0.3001883576488262,0.17795517511847259,0.2924885620910901,0.7966520991763587,0.4564540287622171,0.7661401127514994,0.5353521621322609,0.294840030834801,0.4047892786412353,0.5379373073572081,0.6981407812083981,0.4457664184652296,0.3963829109011755,0.410117617464213,0.212402209056291
0.43053551503202747,0.1794984006167278,0.904759814837039,0.0,0.7007373734592378,0.7304912971998405,0.733837851962528,0.2986199646713327,0.8845691783800214,0.0,0.7999593074972002,0.0,0.6135083161722839,0.36191471797973906,0.7117053434865448,0.08590402075785794,0.0,0.0,0.4577023486115152,0.39709826085942906,0.0,0.6782115740948257,0.6513967234683039,0.1880827833655305,0.0,0.06504557097598293,0.8118098209723594,0.36898042981174645,0.8171438265919796,0.686128241562916,0.5948013216504264,0.10524467067245172,0.6552710740146448,0.5646897960459758,0.0,0.29620635891162506,0.25209043152203264,0.36422761330029957,0.0,0.4778920729353906,0.3735406388384481,0.0,0.46369609779977977,0.21555304336725087,0.020201532374695703,0.29354105180245066,0.0,0.5778027612261154,0.5528396243443339,0.6035178391086236,0.8049000345437486,0.7353974374603742,0.13256250514874993,0.8436772408860187,0.0,0.4820108517021084,0.0,0.7195837913704913,0.38436170049424806,0.1388157558736846,0.1609571439719744,0.0,0.0,0.5974881808679072,0.0,0.7094836042769286,0.0,0.34369839152931797,0.0,0.21940697774268417,0.07514077693863462,0.6593331003251244,0.27193234104782754,0.2575607307594971,0.0,0.0
0.3426663249709542,0.38722376654845564,0.6530759474486131,0.0,0.454593527699213,0.715875546421523,0.5636611484940552,0.4169907484884843,0.717313380281193,0.1930766768737915,0.44864444686332106,0.1069872439189821,0.7965700098609977,0.019724468929890677,0.8424770902014456,0.492948300593336,0.056534719553706314,0.20257121952742163,0.441453100697872,0.8723197429176629,0.6782115740948257,0.0,0.5742639886308633,0.32894896955511616,0.14643380021107408,0.38986155624482505,0.8230425930548119,0.5969887379138973,0.6670369124703616,0.6709216969658061,0.6804239817341474,0.3556739023394938,0.4342558428649857,0.6846108297067148,0.18547317809586625,0.17685941428040933,0.14387672396941448,0.44109332130286655,0.13005212331145627,0.5460279780187001,0.34492775609699017,0.0,0.382310577579688,0.3570828697995521,0.10381587724313786,0.2914175488905187,0.16422529868190752,0.6611036622019703,0.6053346174474763,0.4339008035327088,0.6791032844173397,0.6754107152657225,0.2485321166898339,0.7315608342068034,0.17513059390387223,0.3456548511091939,0.2290472778074484,0.7699796838420669,0.37043600239959273,0.5612517415394755,0.37216667548081267,0.02186894703492826,0.056484034769579874,0.43099498612852316,0.5257222984675485,0.5156950726015463,0.5469725555299577,0.33927814742024126,0.0,0.336994987642675,0.29601959806558736,0.7505464000415375,0.37544231706932474,0.3624175460744553,0.13452509434104767,0.0
0.3053224986173147,0.5055329854605741,0.7743296372715853,0.0,0.3587636888378544,0.9254281139455239,0.4116878428785488,0.752075822910028,0.6407903440597502,0.16240448244542083,0.5593025567265161,0.11310501938442373,0.5992593503164024,0.1309902470626302,0.5885363606382059,0.30426290611008994,0.0906495528789578,0.2902569845505031,0.39196119014314795,0.5369257779643979,0.6513967234683039,0.5742639886308633,0.0,0.5491931753395526,0.28419223438190955,0.5711776859030386,0.7648902880944816,0.1913604874765971,0.4556831906885335,0.4926726921064677,0.3332621042046124,0.2540338712502084,0.3415420810291043,0.377968595167798,0.07398753955308945,0.0,0.0,0.17647144858129257,0.14311671284256042,0.2616651167173083,0.25881710096865596,0.04114516029520804,0.33994995571558845,0.0,0.12990131536397884,0.1658942752586855,0.1839948437143738,0.6147739789261049,0.35478342920975153,0.19823684237327086,0.8095005623582028,0.4162996671922533,0.5484893534528709,0.7121906269973958,0.12341035966348943,0.2244194286065142,0.12367335892965112,0.6062916555844831,0.30217379897081914,0.37911174691600785,0.023680436627014096,0.0,0.0,0.3430879006985352,0.30251013037578495,0.49908073142839016,0.19910591413447168,0.7545856290179568,0.14587645020107187,0.5235317957126511,0.4688466097498016,0.6884880849032774,0.1960816468082015,0.15781772558376608,0.18164882269539384,0.0
0.44839755604377696,0.522768419254791,0.1878386808733338,0.21937302337944437,0.0,0.40784488012954184,0.0,0.8223834835768453,0.0,0.6924647510459209,0.0,0.7229373421107346,0.43330070336450555,0.0,0.2566107692892253,0.3404640027544426,0.6482530037388532,0.5864122046705913,0.4359493744033856,0.5431832359129312,0.1880827833655305,0.32894896955511616,0.5491931753395526,0.0,0.6734940720908732,0.7655145985675698,0.1604917970315151,0.31312719357927027,0.0,0.11724869272402184,0.0,0.0,0.0,0.0,0.0,0.0,0.0,0.05118802977171899,0.24589207518165399,0.0929703032036709,0.1833685848050158,0.19443956865539025,0.22725476051905105,0.0,0.4030072211131879,0.4528778776848892,0.6828509403726251,0.5932190426209862,0.0,0.0,0.28772904682906153,0.0,0.7905585276794027,0.1375768189153178,0.6993624968093397,0.03624749373244668,0.6694805621124784,0.3884541412667683,0.004498195306406715,0.606876733007539,0.0,0.6186387330899764,0.13708338892578917,0.29742208872341636,0.5779946850455614,0.3629250943104219,0.5475440121903893,0.7548085424725198,0.7301530201402374,0.5895818716358084,0.813591535221779,0.3769847358111823,0.5512431008147538,0.09505831560727376,0.7050993505153658,0.49483700752056015
0.4382986319800816,0.6867153642577772,0.0,0.39999308121536264,0.0,0.21353043649343503,0.0,0.5701516491636691,0.0,0.8376199193739291,0.0,0.7258090627276789,0.28642364275474397,0.0,0.0,0.6392746052051375,0.8075108936470589,0.8597405588328971,0.2270730636662132,0.4202396135422512,0.0,0.14643380021107408,0.28419223438190955,0.6734940720908732,0.0,0.7597405288349507,0.0,0.16769421074131668,0.0,0.0,0.0,0.0,0.0,0.0,0.20980139876555615,0.0,0.0,0.0,0.16354953885392615,0.0,0.0,0.2539106849152383,0.0,0.0,0.27374564316721944,0.3256463413000969,0.8046747239908877,0.4510695022364364,0.0,0.0,0.0,0.0,0.7060538193850318,0.0,0.8005837981686464,0.0,0.7111435103566758,0.051422554622357765,0.0,0.6176402751402312,0.06724542762011985,0.8066282085129101,0.38056124030943306,0.0,0.6151897158435133,0.0,0.6057263057407314,0.5915974689240289,0.663791491910276,0.7591357531052105,0.6428007092432354,0.2141942430499631,0.3964281357480981,0.1886545284246467,0.7585857005662361,0.5378131049107603
0.3475674753922922,0.7785504020548761,0.19318930839986714,0.1598058638100145,0.0,0.5584618471919993,0.0,0.7619799736900752,0.0,0.6288334648780111,0.0,0.6771809272944784,0.5027544399342121,0.0,0.3364087976913824,0.6197906947372945,0.6705611595317345,0.8254146598200235,0.3029505110717114,0.5992006439255405,0.06504557097598293,0.38986155624482505,0.5711776859030386,0.7655145985675698,0.7597405288349507,0.0,0.23436663253747922,0.19040806381153258,0.0,0.10460827924611604,0.0,0.1272278911280681,0.0,0.0,0.31712950305551707,0.0,0.0,0.0,0.07233558308360966,0.073469719516086,0.0,0.05451106387575239,0.06371411135302942,0.0,0.173425653437085,0.08790589147566089,0.6633177290962599,0.4834241647540752,0.023720401365466715,0.0,0.2716209539221591,0.0,0.6141442530896847,0.12346239991172782,0.5425515214896599,0.0,0.6094372035157329,0.2345407991190768,0.0,0.6354702965896591,0.0,0.5262676364821864,0.09437828253181677,0.06281455822326236,0.5891663206962828,0.08223857538239122,0.5921723827123518,0.522248944609129,0.5154312829125937,0.5949751521321387,0.7946294004891231,0.24088095045132757,0.2547235955557046,0.030071713349156044,0.5634277251813724,0.19878295498753973
0.1998716084305948,0.33209608371721516,0.915315328562321,0.0,0.7864416469103511,0.9054340076095037,0.8135324341956528,0.33068171588442996,1.0,0.0,0.7991385669920947,0.0,0.7175753581435669,0.3424782409177397,0.8221439146061247,0.2560343304840766,0.0,0.0,0.3698540518057397,0.5675576365994991,0.8118098209723594,0.8230425930548119,0.7648902880944816,0.1604917970315151,0.0,0.23436663253747922,0.0,0.30398711182761545,0.8241185317931994,0.6472578677209011,0.6177217196805206,0.42558820428605026,0.7047687899424083,0.7406803007066258,0.0,0.22353389019842598,0.13884767772428888,0.4165556270528511,0.13239214444220848,0.5228745106434493,0.4067039346144019,0.0,0.4927106081502806,0.4517925487417911,0.0,0.09077350628376665,0.0,0.5536612211183838,0.6600952190919819,0.6775015504510922,0.8744642571236325,0.8797230068834333,0.10586406341654458,0.9870534453699185,0.0,0.5038250231062804,0.0,0.7862458913897846,0.5518634652125757,0.3050532220049271,0.27708484398851274,0.0,0.0,0.49076120357635794,0.19042487856646254,0.503500426818444,0.11128825598560882,0.29982849018641233,0.0,0.2803756528433202,0.09020860585069068,0.815444859354286,0.11170168388811752,0.1773478706000669,0.0,0.0
0.433716777808765,0.03184782764257435,0.21573772189328735,0.43862327218585784,0.12279813061561022,0.1716727897911681,0.07752287457809601,0.3534557165922509,0.21550873321566374,0.5428248792743299,0.13901808890636919,0.4070506543868262,0.6187518676383754,0.0,0.22958093563680243,0.4482027047678226,0.5145033061734091,0.3088622991060547,0.4829288563438356,0.6363232398491705,0.36898042981174645,0.5969887379138973,0.1913604874765971,0.31312719357927027,0.16769421074131668,0.19040806381153258,0.30398711182761545,0.0,0.30286915779006635,0.5075653721175016,0.560580446049517,0.0,0.0,0.2668467546124264,0.0,0.284560960500889,0.3199731744598418,0.45379127582724077,0.02657097245575337,0.12573311490456862,0.13504735300074017,0.0,0.18619058275560094,0.05335907467399003,0.3822952299816147,0.6297910845682895,0.15697485263663927,0.6686122695166117,0.32030236888694835,0.07102557944957462,0.12724793138876636,0.20483810349204973,0.2851004721527698,0.24038099940218602,0.4428981592304381,0.3973205541896641,0.4583312398746765,0.6372944546744158,0.0,0.32372236576456637,0.08194143918797196,0.41101064018844613,0.31748972507940965,0.588053304111602,0.3629867286239142,0.2858567618173631,0.46720742334561066,0.31664494589625936,0.08293442983240489,0.05448379147382044,0.14644171839097972,0.385326568605077,0.7856997795323593,0.33856514634116036,0.3766678509283411,0.38639233523106253
0.2165582977159277,0.05638345008093951,0.8490034756526291,0.0,0.8070203541637443,0.6856266222462455,0.910417174012928,0.0,0.8497027427379455,0.0,0.7907979603561182,0.0,0.5766510750675641,0.407653798956349,0.573830004492956,0.2358234800612433,0.0,0.0,0.2592999359227746,0.27260483135646707,0.8171438265919796,0.6670369124703616,0.4556831906885335,0.0,0.0,0.0,0.8241185317931994,0.30286915779006635,0.0,0.6203467184046715,0.7433184909550301,0.3092280621813791,0.6543948450615881,0.7194956999718829,0.0,0.4078942604270226,0.4864545533550468,0.33757560149783444,0.0,0.37634958058844076,0.28276440637010075,0.0,0.2766856464337055,0.5932582167815218,0.0,0.0015928689222449678,0.0,0.33867440030125134,0.6448440420023999,0.7313347992892633,0.6860326941207295,0.8580257332468162,0.0,0.7696898484793875,0.0,0.3702646422004526,0.0,0.6306439389245538,0.29409916564123273,0.0,0.3129019548030854,0.0,0.0,0.4137671699857885,0.0,0.42969324740072584,0.0,0.028262325196328895,0.0,0.060999270535687884,0.0,0.514192974582107,0.038028730232898475,0.296542907562176,0.0,0.0
0.2116682954577075,0.09936718208822158,0.6359393540260191,0.0,0.5348325147282107,0.5411143211730131,0.5578081288706989,0.2848573943837699,0.6206210812563222,0.0,0.5350631347197594,0.0,0.5765351708986644,0.14671316564493908,0.5807482728669408,0.16122679437980952,0.0,0.0,0.30185892378550544,0.5128460047530138,0.686128241562916,0.6709216969658061,0.4926726921064677,0.11724869272402184,0.0,0.10460827924611604,0.6472578677209011,0.5075653721175016,0.6203467184046715,0.0,0.7177534901324709,0.20721803883570555,0.4576294706771575,0.6063836780262319,0.09340292157428005,0.23860594382022793,0.2442572155970427,0.3164369222282481,0.0,0.427480015918536,0.3259508510519934,0.0,0.28321956521677494,0.20663884358751713,0.0,0.15917858178904704,0.0,0.5092821315676227,0.5479502901163786,0.5410601616700359,0.6248827371275325,0.5598565510673645,0.07078753798612986,0.6264480717522348,0.0,0.3105300570931147,0.0,0.6603216244485737,0.17801012277899925,0.20556016261311727,0.13961265085062613,0.0,0.0,0.3727614182007124,0.16202721574118015,0.47335365092669607,0.16086659332964687,0.25013040395520997,0.0,0.09265362548377391,0.10458227552608247,0.5237375478298372,0.26858554646437927,0.1462037345333699,0.0,0.0
0.19446843651173132,0.0,0.5719562846483128,0.0,0.5508223769162363,0.4158257189067979,0.5914328966090691,0.05434520676900392,0.6017379545621119,0.0,0.4510352970631893,0.0,0.5026392527752869,0.11581665103206702,0.5049555274082711,0.296414385902307,0.0,0.0,0.17823035237883394,0.493768069127941,0.5948013216504264,0.6804239817341474,0.3332621042046124,0.0,0.0,0.0,0.6177217196805206,0.560580446049517,0.7433184909550301,0.7177534901324709,0.0,0.3312068347591938,0.39741665039249763,0.7494826782349338,0.23104226350902524,0.32625999388151333,0.4193568239383842,0.4319502167358763,0.0,0.3486256714603827,0.32114579099921237,0.0,0.12474089486993832,0.4256916588665346,0.0,0.17546765116807958,0.0,0.37777331132934394,0.528325464696194,0.6004052597866253,0.4439792633436872,0.6525815523920612,0.0,0.5314769458530855,0.0,0.192387168298202,0.0,0.5777091051468732,0.0,0.14192528526221523,0.3868830930561957,0.0,0.12415541556759423,0.24507080049220634,0.06929803042463266,0.4649526928929111,0.15763059569713267,0.058850167952253014,0.0,0.03007973636362644,0.0,0.3973919273173221,0.14374663992610193,0.2889675952314872,0.0,0.0
0.0,0.06227839781812575,0.21620462172787513,0.0,0.38293706861207855,0.3025669396391842,0.3846401278368411,0.0,0.41405531913029353,0.0,0.1946553997438797,0.0,0.07026980199907731,0.030098816242590705,0.4599110699398024,0.11894750815012489,0.0,0.0,0.0,0.21935451978593143,0.10524467067245172,0.3556739023394938,0.2540338712502084,0.0,0.0,0.1272278911280681,0.42558820428605026,0.0,0.3092280621813791,0.20721803883570555,0.3312068347591938,0.0,0.35767114149217577,0.5541404495463024,0.3949474948060534,0.0,0.021946892249717093,0.0546747176549764,0.30132966464527705,0.33694621006112807,0.10865208333454253,0.044260399871160656,0.05691177021192017,0.3395661880996695,0.0,0.0,0.0,0.0,0.3037882836673697,0.4677091551608184,0.3606909137843565,0.4721058909938018,0.0,0.37738457373235373,0.0,0.0,0.0,0.09263104208831156,0.20995009682601642,0.17363206406653905,0.47187605373796543,0.0,0.0,0.0,0.08575103634671087,0.1796030659142464,0.1602259855303505,0.0,0.0,0.03523984167167117,0.10701660377379009,0.20504548115655868,0.0,0.0,0.0,0.0
0.04354303587331737,0.042162017887940224,0.570828788218473,0.0,0.7716639802882299,0.4958884306460802,0.6856650299772618,0.0,0.7417317003569976,0.0,0.6840659078683446,0.0,0.2731942898779381,0.5242501786129415,0.5623522694979555,0.0,0.0,0.0,0.16171753573471304,0.05139545081277575,0.6552710740146448,0.4342558428649857,0.3415420810291043,0.0,0.0,0.0,0.7047687899424083,0.0,0.6543948450615881,0.4576294706771575,0.39741665039249763,0.35767114149217577,0.0,0.6385565994182197,0.0,0.42373048140164843,0.28314401686456964,0.3822949904639602,0.05003679285003606,0.6535461834604787,0.2697469713638553,0.0,0.47846060968233417,0.3771571579967375,0.0,0.005790794857262985,0.0,0.046923714006155415,0.49082605387306116,0.7236198210162447,0.4933582196549189,0.6911827734613712,0.0,0.7164630712639303,0.0,0.43476314022900364,0.0,0.40211275929059304,0.4568278047931923,0.0,0.21879179331499615,0.0,0.0,0.29240917618895956,0.0,0.3951620106486989,0.0,0.0,0.0,0.0,0.0,0.3949148183131194,0.0,0.0,0.0,0.0
0.0,0.0,0.5779724079704915,0.0,0.7448870433977491,0.5016731299270284,0.7348226638684153,0.0,0.8199132983991896,0.0,0.6306594461518231,0.0,0.42845283616812124,0.33008376205850776,0.5629608632075013,0.177646556181828,0.0,0.0,0.06245304202101012,0.364126074685038,0.5646897960459758,0.6846108297067148,0.377968595167798,0.0,0.0,0.0,0.7406803007066258,0.2668467546124264,0.7194956999718829,0.6063836780262319,0.7494826782349338,0.5541404495463024,0.6385565994182197,0.0,0.19186272950294728,0.335924957536039,0.3303307219973212,0.4478272133746728,0.1308723319986387,0.4772428131146965,0.41658134379991263,0.0,0.25711077024595946,0.49690128072183387,0.0,0.0,0.0,0.18279507206035953,0.5720532853926773,0.7488943910951562,0.5332217087855151,0.7876059578544986,0.0,0.7094610527047689,0.0,0.3625477860425937,0.0,0.4867224622907204,0.23886132581279856,0.06278121398138327,0.45636532182724515,0.0,0.0,0.1690432258293973,0.0,0.3798114241719823,0.026430981118634664,0.0,0.0,0.0,0.0,0.4375931023319893,0.0,0.06570841793291712,0.0,0.0
0.0,0.05680234872654599,0.0,0.2066103927247273,0.0,0.0330363824674487,0.0,0.11472636115217405,0.0,0.2223597280325086,0.0,0.2851857033420748,0.11546080927911034,0.0,0.08655704311420685,0.294422078105659,0.22703984154756082,0.35510716787552526,0.0,0.35641335974578936,0.0,0.18547317809586625,0.07398753955308945,0.0,0.20980139876555615,0.31712950305551707,0.0,0.0,0.0,0.09340292157428005,0.23104226350902524,0.3949474948060534,0.0,0.19186272950294728,0.0,0.0,0.0,0.0,0.07624469929567232,0.0,0.0,0.12423134294402133,0.0,0.061599201431145056,0.0,0.0,0.3329959907399326,0.0,0.09888348092479225,0.0,0.01365090488785735,0.0,0.04442070469789962,0.0,0.12800169406395528,0.0,0.2959343447578811,0.0,0.0,0.3007019443568748,0.2296170659558982,0.05893193973803746,0.31698397105740017,0.0,0.3103430619778343,0.0362687008057869,0.42543938112861857,0.12046778616581028,0.2576601575349979,0.11886874696732033,0.2666838987953039,0.010662649997306295,0.0,0.18475220762157454,0.0980939381582889,0.0
