0.0,0.5382965818568558,0.43152491903789136,0.09321641779169068,0.04127203255728304,0.6634874267422061,0.159315242738329,0.6119994295609206,0.5349068671133644,0.25581110326079887,0.1714192086823786,0.02219383554415805,0.4017682429812898,0.0,0.23548274343010878,0.5978939455948747,0.1445602863354531,0.5200760179808411,0.3253834210231503,0.5301097371774112,0.9515227338985482,0.4024121958034886,0.5941324754393082,0.3797309299635627,0.5758494109078726,0.09405580761927516,0.42866778455102655,0.488850966192584,0.8644888786413495,0.8234773729534848,0.684106929660479,0.44780050968612234,0.5757343250720648,0.31629268621542617,0.0,0.49157189545131474,0.2696198079901587,0.58010240674933,0.34097858437928447,0.41890956003102375,0.3755609243409994,0.7185445306486744,0.6102553915884275,0.2800039823719025,0.45506412537863067,0.9284193589647103,0.27086974080010034,0.0,0.0,0.10935294514024804,0.36065345009709937,0.10260241895657984,0.4138227141159847,0.45835767690978135,0.0,0.15390778262971166,0.14426901852990026,0.0,0.38732182614614846,0.2053911065752685,0.0,0.0,0.0,0.0,0.08581719067386127,0.9013630579538687,0.0,0.32460915679793667,0.043752285160396295,0.0,0.0,0.3893485013397033,0.0,0.5926911934500935,0.0,0.0
0.5382965818568558,0.0,0.5420308150166102,0.27841374781551237,0.3775156611627299,0.6943202702507897,0.5458559631535034,0.47442845500773473,0.6049397996839277,0.611234677908637,0.4274058502341482,0.44188945773878363,0.6764996679019767,0.062104788491410406,0.4832027706232787,0.6737886128226176,0.5137617621291943,0.7206777356019544,0.481790035152256,0.5799904788338781,0.50742625749191,0.5859898895258856,0.5454792550479094,0.33592647426056765,0.7282637496711399,0.5756095649364412,0.4790749304455569,0.6190647353801877,0.5816538919173396,0.46970101365142264,0.5718164036328772,0.3509396879320252,0.4435991158179884,0.2548583302509475,0.0,0.43825103459054826,0.29109807384952346,0.6087723035980549,0.244165098161767,0.2583055685858692,0.14380823504315324,0.4381937416145542,0.47004114622518395,0.4287861376250568,0.1913045115765271,0.5307983735269455,0.4033421467615326,0.19471522448840678,0.11439025730780374,0.3929201645273047,0.32208405827015024,0.12155025797478985,0.4571434193682162,0.528921811646445,0.0,0.33217602070679414,0.41512463447584025,0.044159879870108026,0.25305173525775887,0.5210473056126205,0.0,0.0,0.0,0.1306619456408749,0.2758826743135908,0.5862590729773456,0.04409120636270837,0.4343821429611959,0.0,0.0,0.04758373692043655,0.4185322399797094,0.06567095380869367,0.26028011900274745,0.0,0.0
0.43152491903789136,0.5420308150166102,0.0,0.0,0.4242023857854769,0.7712217128346136,0.455979418820653,0.30268183038973784,0.8222671936617463,0.4707166496779222,0.8179169130469679,0.3669002296254915,0.575806590293401,0.0,0.6519939539375484,0.2601701611557423,0.3544038639931771,0.4462088642902936,0.889016222084883,0.8219732718563402,0.3003439001182436,0.6409286313539592,0.5060872488636623,0.30135347656394224,0.3256251243685659,0.25845206314203967,0.8553959294661506,0.5946751134312365,0.5017818654650482,0.39455917129378376,0.3574698901112019,0.0,0.053733728274852365,0.025453793541316272,0.0,0.4144916202412163,0.34708084553232343,0.36704223457421076,0.0,0.0,0.09540912563261172,0.29854854455421326,0.39665215128481157,0.5078572339870485,0.11821671764214625,0.4249883310874099,0.14032135238596427,0.7694390963961122,0.36048050984010216,0.7239323691706772,0.5824312144201476,0.4597233537465508,0.5500693633619297,0.8413612595986693,0.0,0.634333807160174,0.4296483272039081,0.22113971830652232,0.386340257226608,0.6370793611316808,0.0,0.04808669184075461,0.0,0.6568306328172497,0.7913098996104236,0.3851958712917933,0.506600560275813,0.693134125384691,0.0,0.0,0.0,0.8689985870981822,0.34964236295755746,0.44971792346352446,0.0,0.023899459582073186
0.09321641779169068,0.27841374781551237,0.0,0.0,0.0,0.0,0.0,0.0,0.0,0.2219882812429554,0.0,0.06723815180572482,0.11957694364087262,0.0,0.15523766404677805,0.079735225907805,0.31149980721714454,0.18542796506936637,0.0,0.0,0.10301085275454924,0.01652269589075105,0.0,0.0,0.3545728584290492,0.2525032728056802,0.0,0.32077134195231904,0.0044320740757895286,0.03227902505888428,0.13586040994663348,0.08017883258762118,0.03206146955097494,0.0,0.05053177858636057,0.3151123920551327,0.2493555155671583,0.0931978782528224,0.030158734915281708,0.007776876413254451,0.13388012724034445,0.041953913538433994,0.03979269522802512,0.006522600593492021,0.0,0.1877803092573614,0.0,0.0,0.0,0.0,0.0,0.0,0.0,0.0,0.06005593960258839,0.0,0.1619197529529437,0.0,0.0,0.17659407825139123,0.0,0.0,0.0,0.0,0.0,0.22149323698065138,0.0,0.0,0.03670463831294892,0.0,0.0,0.0,0.0,0.0,0.0,0.0
0.04127203255728304,0.3775156611627299,0.4242023857854769,0.0,0.0,0.4353159990560824,0.7308679555216109,0.2775692185476699,0.6820543135368501,0.09162218274799656,0.6986583403413292,0.07301786121030339,0.5826854757414289,0.519021192585022,0.0,0.26197088125701495,0.0,0.14422870776433344,0.495777067481758,0.3855240486301261,0.0,0.19954830966720682,0.1311519035764621,0.08161948495216197,0.0,0.23654845740858652,0.34027453700498184,0.2628442114089371,0.25878622210260493,0.253751854733114,0.3097732906063462,0.0,0.0,0.1612671982448664,0.0,0.08477123204779802,0.056001612031519626,0.3380218053100087,0.0,0.0,0.0,0.07534279496231726,0.07368281432595056,0.10064894820104775,0.3231389964769152,0.0748748525519845,0.07965514342441589,0.577295148827291,0.0,0.5334126558905561,0.05267990600148345,0.11076352208841456,0.5043866341381285,0.5832780754451636,0.0,0.7652422110532994,0.0,0.10513279891433072,0.1282128794630511,0.09067757458846772,0.0,0.0,0.0,0.43984871409999854,0.23971851328210916,0.0411472911912004,0.061221617432044136,0.5373088777190878,0.0,0.0,0.017091745376285414,0.3509965635367246,0.036801631040702096,0.0,0.0,0.0
0.6634874267422061,0.6943202702507897,0.7712217128346136,0.0,0.4353159990560824,0.0,0.5652584731556177,0.6754069996366844,0.8774611360556196,0.45226547411029494,0.4971479476617843,0.43205288066594455,0.8431419189337865,0.0,0.348728187169198,0.414077985658087,0.31335476489045877,0.503318343140252,0.6410648070856625,0.6642544113945467,0.6550524044604138,0.4173531846706157,0.7991025222456413,0.599801804687955,0.5637398402219481,0.5343833514082523,0.7462772851764131,0.5822110249031006,0.7562174720989602,0.5987530678766816,0.49835637596054233,0.3477162413185454,0.3552831653973989,0.24850735671021004,0.0,0.5482161149079305,0.4570813283760993,0.5257778714609831,0.22366287550176805,0.2541072379341499,0.21030505183554435,0.48967660662784307,0.3996665328169489,0.37806377983983613,0.3977988159148131,0.6355719115101665,0.3644671923421284,0.5036454061785267,0.1854469507901249,0.5693243762852592,0.7485301237062774,0.4629356885149029,0.715056228746077,0.8318449936854251,0.0,0.48739512898022086,0.40254930526003746,0.31891796412700263,0.20676578793490263,0.40879652174194714,0.0,0.08042760735851671,0.0,0.3161137978170903,0.46195145898380985,0.678153989775464,0.18765136850559846,0.8061621451764032,0.160922107159378,0.0,0.21352764953594394,0.7167381698952872,0.1718913653987775,0.6846250272473051,0.0,0.0
0.159315242738329,0.5458559631535034,0.455979418820653,0.0,0.7308679555216109,0.5652584731556177,0.0,0.2080917256444605,0.5460728062201995,0.36064929378718236,0.45306445895604747,0.16361465980861745,0.6373892300020929,0.3150073376956832,0.10411216672820053,0.49494151985078044,0.2203731254322261,0.424062092329356,0.4925062040949104,0.4123262258831977,0.12456553150834733,0.25738531156275657,0.27988788675399257,0.1288036083540919,0.2054405671770252,0.2608702566664299,0.3790657040882892,0.36217275943126576,0.528766298110838,0.3479287308481932,0.3739904261223116,0.2318853933188088,0.19482867940881513,0.36080504676235203,0.0691744112067485,0.29506220806196143,0.07899198658125403,0.41490848219672205,0.0733146186482461,0.043658913715076096,0.08251600053378108,0.18862876244356633,0.21485097027719688,0.12036911840282721,0.1873126271517038,0.2195548199812984,0.19499923642078423,0.4035485480065335,0.0887385249365232,0.42924582353128393,0.17879919988690823,0.2735943774242702,0.3217494094134881,0.4605898723265884,0.0,0.42545612538876376,0.028616759812268616,0.034945112184028536,0.06798167489152204,0.12128428693635297,0.0,0.0,0.0,0.3922141061548477,0.22291106905270572,0.22167622880540888,0.05888252581191631,0.44495090931725595,0.0,0.0,0.0,0.3056715988065358,0.10320005582662364,0.20772400401884578,0.0,0.0
0.6119994295609206,0.47442845500773473,0.30268183038973784,0.0,0.2775692185476699,0.6754069996366844,0.2080917256444605,0.0,0.5722489333054711,0.09274153766157732,0.2165184288443988,0.22800576865822988,0.6485197793570512,0.17040664162876623,0.11330437168364789,0.3245236900083869,0.0,0.13197043751950052,0.24838915167585923,0.43006113403691537,0.7152738423089107,0.2286826664469529,0.8005591425074176,0.4701409335285048,0.26385482220412426,0.4034098024794583,0.3766231754129502,0.3266765972604337,0.5801528638008165,0.6298120538245365,0.5123384302858212,0.4599588399042696,0.4035796590173471,0.38271744449241296,0.06067776119049188,0.36145138362071005,0.24891544486213868,0.4408953956332558,0.39999638655228575,0.28441550277770306,0.0,0.5440135500273425,0.32970844047226344,0.13181253509709065,0.45416105276345103,0.5261678704084771,0.4552389640266018,0.12466842038783997,0.0,0.09113526750768298,0.44543062357478314,0.1125889880770502,0.840855079067772,0.4721229834417242,0.0,0.34454193651939086,0.1881706374906876,0.24909457540061292,0.2496493071028002,0.20076429148746042,0.0,0.0,0.0,0.0,0.0676523701701825,0.6533372185811074,0.0,0.6650774347377123,0.19556671555748584,0.0,0.2824514341241129,0.30650239440359217,0.0,0.3714893298926919,0.0,0.0
0.5349068671133644,0.6049397996839277,0.8222671936617463,0.0,0.6820543135368501,0.8774611360556196,0.5460728062201995,0.5722489333054711,0.0,0.27161401611911995,0.778704776629737,0.2330114078239455,0.74864957574306,0.06209639746795317,0.32001254963416753,0.37397817245197645,0.09675567597629912,0.3576882418537769,0.7776925884340594,0.7104892161219353,0.42626514786177655,0.492109854769604,0.5499615298304552,0.3422149935979076,0.35854894293729805,0.3493433773125725,0.8323668746851803,0.49901383747800415,0.5914691448585923,0.4849658824670175,0.45306643714151107,0.11924465632792046,0.11339305255179354,0.2081974782601531,0.0,0.3185965794325009,0.31527944853975765,0.43601452489323006,0.0,0.0010805057972857529,0.024688139112239098,0.4435383225744841,0.24126252161514725,0.27112951736980107,0.42335279286837774,0.4416237859295035,0.2614761469418441,0.7338824197234174,0.055073394525545674,0.7117930648420302,0.5996646477868108,0.4264025221775679,0.730292769403945,0.9844032870762466,0.0,0.8388026166968514,0.23526867846858174,0.2959324350764031,0.2899841749475459,0.387601563479014,0.0,0.028463514798395047,0.0,0.5207471750228208,0.555004759804936,0.46093027773397743,0.20716738278064153,0.7817776751651644,0.0,0.0,0.08845509516209174,0.8254204815852039,0.135223085878418,0.5116690389530565,0.0,0.0
0.25581110326079887,0.611234677908637,0.4707166496779222,0.2219882812429554,0.09162218274799656,0.45226547411029494,0.36064929378718236,0.09274153766157732,0.27161401611911995,0.0,0.262795516695505,0.6429365291238885,0.3904337126133708,0.0,0.4602841862470797,0.36164220163614336,0.8820559252537183,0.5145576952431611,0.483555626808688,0.47014819626663523,0.23097328672350814,0.42740601980821546,0.38192833968642653,0.3014671999252568,0.5567456023342591,0.36257755538688635,0.3732742245026461,0.5914117622582558,0.41894665599507497,0.2159057268317189,0.5191332074932468,0.059399014034407116,0.21739964542849066,0.21849244321907454,0.0,0.5621138028097199,0.21260972854032373,0.4190701738247208,0.0,0.0,0.10787841710670754,0.19583358874745457,0.5433093676575731,0.37281028900841856,0.0,0.3752460642821648,0.12103976152114013,0.1668263321029587,0.5623146603883302,0.40532538810111096,0.1863688025049311,0.12620167420156422,0.13705368700491394,0.28764081298138583,0.5162040002312616,0.12259735424672591,0.7025488455793489,0.0,0.22549508528661213,0.39052555261057526,0.0,0.22515630697531805,0.0,0.3080640455254459,0.4113848570445931,0.3331805648135263,0.31678470154043314,0.20158989467348204,0.06031846539813432,0.0,0.0,0.36885840405129233,0.36793038415744606,0.2105046507843074,0.0,0.07531650414388884
0.1714192086823786,0.4274058502341482,0.8179169130469679,0.0,0.6986583403413292,0.4971479476617843,0.45306445895604747,0.2165184288443988,0.778704776629737,0.262795516695505,0.0,0.2426340422740547,0.4362024772498996,0.24934548153512673,0.4500482983882888,0.123694644812239,0.18019211805772903,0.2209125867061895,0.8177693571131338,0.6649736607557565,0.028435693305158546,0.4918082694975916,0.27083092125219993,0.18544345069951054,0.1334652055365713,0.20655903865462782,0.6605600615673309,0.40061284823208987,0.26948668851243524,0.2870965907385121,0.2690237205244612,0.0,0.0,0.0,0.0,0.2124872068561715,0.18088477045540172,0.32970222851399456,0.0,0.0,0.0,0.009187797798355999,0.17714388550267035,0.39198139722964964,0.12937219876691314,0.19407903725735134,0.06212703464733521,0.7992173106401418,0.11810067820152095,0.6603684119438623,0.2775625847131621,0.25993799203976653,0.5536072152502601,0.7808690068127674,0.0,0.8484617712080861,0.24291129591994237,0.1270013993695936,0.3737552887454189,0.5126004145030525,0.0,0.0,0.0,0.7191261306471736,0.6211231932160813,0.1504552532219592,0.35936792017909414,0.6184093148346244,0.0,0.0,0.0,0.7018476544550803,0.2349470097479825,0.09427617624809563,0.0,0.0
0.02219383554415805,0.44188945773878363,0.3669002296254915,0.06723815180572482,0.07301786121030339,0.43205288066594455,0.16361465980861745,0.22800576865822988,0.2330114078239455,0.6429365291238885,0.2426340422740547,0.0,0.5106255296223032,0.0,0.3661236828111209,0.0,0.65621493987309,0.2920786108561852,0.3418416055159979,0.30124937479622366,0.09704106407321368,0.24266682781422552,0.33274796840723797,0.6565226287195491,0.33969404245179824,0.6513659833339539,0.19780728756285826,0.44587215558236865,0.06141199901383529,0.018484055249836682,0.10090995939895098,0.0,0.05625235663927495,0.0,0.0,0.35527518795406426,0.40079011176926904,0.19150042384114807,0.0,0.04950387303149074,0.009570689418860627,0.0,0.40946706283602974,0.4138810946228081,0.0,0.09221270125332205,0.03430116496480207,0.29890901130583003,0.585247219244818,0.477651290139381,0.4535172574521078,0.33787415054368997,0.2828785009886791,0.3254773721557621,0.34277269396546106,0.22457818031970808,0.8497545005530167,0.5073702163078334,0.1468730470264362,0.38305764472893444,0.0,0.3252266363459936,0.0,0.34244011366768073,0.3827198313717701,0.11861093909610894,0.2772915508375286,0.3321761140860349,0.44888282632489357,0.0,0.44083891799321795,0.2570946968089919,0.5253697804527926,0.1700331938294417,0.031371610771756306,0.16672733223319378
0.4017682429812898,0.6764996679019767,0.575806590293401,0.11957694364087262,0.5826854757414289,0.8431419189337865,0.6373892300020929,0.6485197793570512,0.74864957574306,0.3904337126133708,0.4362024772498996,0.5106255296223032,0.0,0.12164020896414968,0.3104193580774601,0.3838671440011963,0.26247974443051,0.47309611083394826,0.5058806319316969,0.5300230761455765,0.431679309243996,0.33854242334722057,0.5749252962600411,0.5298331366441027,0.37569042363954924,0.6696739289006437,0.5134168135882325,0.6815342446937729,0.4986902157826278,0.4325684573907389,0.42709511291856306,0.2914955983967972,0.24985076973437217,0.20916028788851335,0.0,0.5421317609408101,0.4883087567146305,0.4374551673364861,0.1579137738948317,0.20232632260902872,0.044893031503526665,0.28577062233907347,0.3406437443920031,0.2641851060839051,0.2955201284732133,0.368064160464883,0.29330340854370435,0.42416132313028526,0.1198457554606705,0.5109358986834566,0.61383231868457,0.32948480124333773,0.6851780980086675,0.6981816604201866,0.0,0.5077729592227133,0.4342243153823811,0.4544265617917886,0.07602412627256416,0.3785766343526692,0.0,0.08154037850468059,0.0,0.27674747819427625,0.36872861903976617,0.4576316000368845,0.09867906032080441,0.6920861889124595,0.10696640200703665,0.0,0.333951486714072,0.5014426191556656,0.24830400771667047,0.3929314052075592,0.0,0.0
0.0,0.062104788491410406,0.0,0.0,0.519021192585022,0.0,0.3150073376956832,0.17040664162876623,0.06209639746795317,0.0,0.24934548153512673,0.0,0.12164020896414968,0.0,0.0,0.12377452576661153,0.0,0.0,0.12125907360674044,0.0,0.0,0.0,0.07640559470671307,0.07044686847606542,0.0,0.17445836103514187,0.0,0.0,0.0,0.14864829453530118,0.21422166264225673,0.0,0.010425050510689579,0.3672589024996131,0.26921104094324394,0.03669702547682857,0.0,0.21970206078335774,0.06170444226781684,0.0,0.0,0.0,0.0,0.0,0.2726149303217521,0.0,0.25200194379296187,0.12360351922631503,0.0,0.0,0.0,0.0,0.27378356787058256,0.0,0.06674362059700319,0.32172645505487035,0.0,0.0,0.2265407537571178,0.0,0.1525398918607011,0.0,0.2161449610967128,0.17561402568487297,0.0,0.0,0.0,0.2324795608302174,0.10583498383830871,0.2462144130507616,0.24639904138680904,0.0,0.0,0.0,0.0,0.0
0.23548274343010878,0.4832027706232787,0.6519939539375484,0.15523766404677805,0.0,0.348728187169198,0.10411216672820053,0.11330437168364789,0.32001254963416753,0.4602841862470797,0.4500482983882888,0.3661236828111209,0.3104193580774601,0.0,0.0,0.1108084869392069,0.35306549712949137,0.24649626144325476,0.50635933930585,0.7111396474252143,0.1355479692835526,0.741087186940477,0.23348053502170432,0.10212066961299945,0.23865888019706602,0.29960790549243665,0.5408008580380774,0.5463031804985593,0.21234095950516962,0.1411838786511055,0.18043217048046112,0.0,0.0,0.0,0.0,0.32743322847112144,0.5026231726467697,0.2533274726151243,0.0,0.0,0.0,0.014626574491236154,0.2728681344650377,0.5258384558172059,0.0,0.24281778408464305,0.10532578638682039,0.36239314631651814,0.37380113734094567,0.3608964835114208,0.30583969029947433,0.1741275734747606,0.22568678928409225,0.3323923976848253,0.0,0.13856691289347736,0.4644728155731015,0.06600827649379759,0.18242594094941594,0.9205482948161872,0.0,0.0,0.0,0.2919604641470655,0.7313520193607272,0.24403477825347458,0.5505676496722227,0.27832904358009036,0.0,0.0,0.0,0.6317923253768468,0.2667144520245812,0.2365468313273636,0.0,0.0
0.5978939455948747,0.6737886128226176,0.2601701611557423,0.079735225907805,0.26197088125701495,0.414077985658087,0.49494151985078044,0.3245236900083869,0.37397817245197645,0.36164220163614336,0.123694644812239,0.0,0.3838671440011963,0.12377452576661153,0.1108084869392069,0.0,0.23064878246483136,0.7496262986771446,0.33683553181591647,0.3618105033368741,0.5151463934727477,0.41355009949234306,0.4005739115742653,0.07505130208742551,0.5656002864833646,0.23224561255821688,0.3109150380973051,0.4811927039279785,0.6932782493867791,0.6196181097809546,0.7460116751537649,0.444429507486984,0.5661732374240959,0.6057365269232649,0.2008692416716874,0.29774654771587317,0.0,0.5513999255990298,0.27488055141262513,0.4208847613263517,0.17393679652167818,0.5871055989008271,0.3478041136270657,0.07107820772966977,0.3466406015767685,0.5083646698910335,0.4086935916410739,0.0,0.0,0.05150062519904816,0.0,0.03942155018537232,0.20604823255743343,0.2724664893376853,0.04756502643842065,0.11728784297744041,0.0,0.0,0.22877544878300174,0.06624553754869449,0.0,0.0,0.0,0.0,0.0,0.4745349276369497,0.0,0.23520480006310743,0.0,0.0,0.0,0.15857129913894819,0.0,0.23386581173610696,0.0,0.0
0.1445602863354531,0.5137617621291943,0.3544038639931771,0.31149980721714454,0.0,0.31335476489045877,0.2203731254322261,0.0,0.09675567597629912,0.8820559252537183,0.18019211805772903,0.65621493987309,0.26247974443051,0.0,0.35306549712949137,0.23064878246483136,0.0,0.6128704839936701,0.34060662725781005,0.278501858104038,0.08732353408302904,0.30536270313171543,0.1630828594468354,0.3600589236257387,0.6058883640985807,0.4555319739881199,0.17654032595310631,0.5395794093180228,0.16492471190337174,0.0647407805491782,0.23413153093450464,0.0,0.05721129253241575,0.0,0.0,0.45897329552113575,0.23976407234591013,0.19890502041423946,0.0,0.0,0.23155941178956257,0.08899269265749313,0.4545360482733723,0.43483184469981945,0.0,0.2949366515165492,0.0,0.11086474709371101,0.5760558397621988,0.36626304918248326,0.22195320433736468,0.1547684295875709,0.0,0.18433375924916365,0.40734341908689403,0.0,0.732492043678279,0.05313231531678819,0.08479382716755697,0.2982454987609536,0.0,0.20122186752394935,0.0,0.24324875102893165,0.35889776017701275,0.2245499665733028,0.2569109335618849,0.0,0.15899738724622556,0.0,0.05745207587697239,0.23432508292612494,0.48526600607687004,0.1533162202341375,0.0,0.23526135810770943
0.5200760179808411,0.7206777356019544,0.4462088642902936,0.18542796506936637,0.14422870776433344,0.503318343140252,0.424062092329356,0.13197043751950052,0.3576882418537769,0.5145576952431611,0.2209125867061895,0.2920786108561852,0.47309611083394826,0.0,0.24649626144325476,0.7496262986771446,0.6128704839936701,0.0,0.4070810092119919,0.3434191213283593,0.4332748458766852,0.36994534123037776,0.3159445442553059,0.3010934697421866,0.7354597039978897,0.35490998296740234,0.3219461237938783,0.6634492642780526,0.4888762053019681,0.44502909870003304,0.4580922630502597,0.26154064055669557,0.4057063664306216,0.17797732359128599,0.0,0.40790736400880295,0.20291694360308601,0.3922933628786466,0.12864128243463474,0.37665715650539683,0.37145909189440174,0.503732785144053,0.4187984702029276,0.31039747057305694,0.16996522243069523,0.4935111027532547,0.183355204694106,0.06857428462886891,0.2358188991512712,0.3018051428303189,0.290706405734869,0.19369978509133337,0.08805212079718658,0.38306633541044155,0.09513260998266457,0.09063770504446232,0.4031368276271252,0.0,0.15747760213773684,0.20817344229540635,0.0,0.04178083228052099,0.0,0.08143693014529968,0.1642858718620949,0.42608736753050547,0.0,0.16666976156690053,0.0,0.0,0.0,0.29532023253455963,0.28012520130125557,0.2989124265627916,0.0,0.059459604237780385
0.3253834210231503,0.481790035152256,0.889016222084883,0.0,0.495777067481758,0.6410648070856625,0.4925062040949104,0.24838915167585923,0.7776925884340594,0.483555626808688,0.8177693571131338,0.3418416055159979,0.5058806319316969,0.12125907360674044,0.50635933930585,0.33683553181591647,0.34060662725781005,0.4070810092119919,0.0,0.7660556949820806,0.200085643603265,0.6574436296360147,0.46681582607538274,0.2819001021576983,0.313209690030883,0.25744819897859295,0.785714701730189,0.5419931062899933,0.47819525055895884,0.41406310640930544,0.4446721856287259,0.0,0.0,0.1802131449334127,0.0,0.37654566369337084,0.15352164542873445,0.3166677428570267,0.0,0.0,0.0379285209700765,0.27979750385545965,0.31436468651596805,0.32677040039060234,0.16473424191695957,0.34719518551434975,0.22250886854066482,0.7510902918559068,0.2863704628257997,0.6746858927910294,0.4617707093651066,0.43964336184534747,0.4845800681181245,0.7945129206896463,0.11920741517227404,0.657163321740631,0.3713925641355781,0.2222146057073127,0.33772112465828685,0.5016747161446671,0.0,0.15286942209066448,0.0,0.8050646171440071,0.6885175646988874,0.263491714710271,0.5353958483061438,0.6639863062991487,0.0,0.0,0.07130117214934897,0.7265392217504096,0.37686717389521995,0.36455905751249384,0.0,0.13096599173630516
0.5301097371774112,0.5799904788338781,0.8219732718563402,0.0,0.3855240486301261,0.6642544113945467,0.4123262258831977,0.43006113403691537,0.7104892161219353,0.47014819626663523,0.6649736607557565,0.30124937479622366,0.5300230761455765,0.0,0.7111396474252143,0.3618105033368741,0.278501858104038,0.3434191213283593,0.7660556949820806,0.0,0.40346333060004713,0.9039482453996964,0.4770584772410909,0.22701921724460777,0.28210104590652385,0.3011261033403816,0.7851667386527295,0.6617327418626234,0.6695131425825747,0.6175629193848623,0.5872284123137498,0.0,0.06034969621767772,0.18675591113053397,0.0,0.4427343264116911,0.3698823221904859,0.4437851778427357,0.0,0.0,0.0,0.3353793685490906,0.45503868640191836,0.5021938604009598,0.17233868446528058,0.5751449513152194,0.2800547249091252,0.596256342968835,0.17726686954706858,0.5153692318461757,0.38115535027898034,0.3542514416571329,0.5890967485519747,0.6526625433642526,0.0,0.5246307376380439,0.34707194694998467,0.2169980060599439,0.3804002414104311,0.7232107621679754,0.0,0.0,0.0,0.4886329064183418,0.7706767652531469,0.558303655881259,0.6004956702083876,0.6117163106340235,0.0,0.0,0.052963431011992856,0.7551575746607807,0.21091867987841292,0.4620626628747038,0.0,0.0
0.9515227338985482,0.50742625749191,0.3003439001182436,0.10301085275454924,0.0,0.6550524044604138,0.12456553150834733,0.7152738423089107,0.42626514786177655,0.23097328672350814,0.028435693305158546,0.09704106407321368,0.431679309243996,0.0,0.1355479692835526,0.5151463934727477,0.08732353408302904,0.4332748458766852,0.200085643603265,0.40346333060004713,0.0,0.2663132526441094,0.7151021356866651,0.5199805853056754,0.5809527387837775,0.15879274461916057,0.3215444824239365,0.42367578542265966,0.8166314849349159,0.7781266928998992,0.6023228558995627,0.5882324964035814,0.6059301736111848,0.31443977689345026,0.0,0.4870994528885227,0.29327295602923154,0.4978500465454223,0.5033365163744854,0.5253049320998742,0.3847101168085508,0.710026579020925,0.49291653762297527,0.2618982507525144,0.43605906683527834,0.8726686387175687,0.3428257005529705,0.0,0.05546400268206343,0.012949438346517125,0.413123175240605,0.1296569462814863,0.43535851096284006,0.3554141848951829,0.0,0.03138210745238489,0.19483863007260024,0.0,0.32692515725156335,0.13717475690350425,0.0,0.0,0.0,0.0,0.0,0.9325212108399522,0.0,0.33830473289135116,0.19459927381941602,0.0,0.0,0.30262962414061645,0.0,0.6419175312444552,0.0,0.0
0.4024121958034886,0.5859898895258856,0.6409286313539592,0.01652269589075105,0.19954830966720682,0.4173531846706157,0.25738531156275657,0.2286826664469529,0.492109854769604,0.42740601980821546,0.4918082694975916,0.24266682781422552,0.33854242334722057,0.0,0.741087186940477,0.41355009949234306,0.30536270313171543,0.36994534123037776,0.6574436296360147,0.9039482453996964,0.2663132526441094,0.0,0.3053464105016079,0.0,0.3038564939654129,0.314512144948098,0.6601243634850535,0.5962234913953542,0.4778663268733779,0.46100483817028354,0.5122579429271817,0.0,0.05817185641023565,0.17203560911926752,0.0,0.29357852704898796,0.30682883738392974,0.33728903110469416,0.0,0.0,0.0,0.3238340354950508,0.40791576023942927,0.43626846591019225,0.0612455145143906,0.40803280341246295,0.30232028187090515,0.4414466775197346,0.17080690213994001,0.4101719877944317,0.2385262848278897,0.3211653457495163,0.3532566156691698,0.4548106935238627,0.0,0.35186289715630475,0.31504913703611387,0.2110861496187673,0.37063221314127354,0.7177006085438089,0.0,0.0,0.0,0.38726950618502165,0.7002842983459169,0.39354375534612346,0.6489547577734154,0.3965087072480264,0.0,0.0,0.06875419518099518,0.6071143903728156,0.22327437599706837,0.3734282729927662,0.0,0.0
0.5941324754393082,0.5454792550479094,0.5060872488636623,0.0,0.1311519035764621,0.7991025222456413,0.27988788675399257,0.8005591425074176,0.5499615298304552,0.38192833968642653,0.27083092125219993,0.33274796840723797,0.5749252962600411,0.07640559470671307,0.23348053502170432,0.4005739115742653,0.1630828594468354,0.3159445442553059,0.46681582607538274,0.4770584772410909,0.7151021356866651,0.3053464105016079,0.0,0.5394342859608464,0.5215408001649868,0.39897616265632607,0.5566342733240708,0.4439599834738305,0.6802737874226642,0.6235823146431871,0.5272850614931717,0.43032530958544285,0.4155738768006285,0.40231283551428826,0.14927195895495649,0.474018316944281,0.21559729035143343,0.4229394674880395,0.34637400003073543,0.26581763172284145,0.07827793509506434,0.5046809077401203,0.35775723473144205,0.21119966727390868,0.33227583391232635,0.5839849042901494,0.49444693621984537,0.252819393467388,0.16966017416550738,0.244019959332134,0.5882513470001351,0.3186246455473377,0.7128173188980073,0.5479626589786329,0.19188397311262467,0.26068840985757424,0.34907436913590506,0.24440967663392263,0.3250085087172335,0.2766556518537146,0.0,0.11363727895693748,0.0,0.21334476653113768,0.2619290290694149,0.6591040393948553,0.158471285571564,0.756465766351277,0.27051426974026,0.08119416954474001,0.2705713837627567,0.46365506323397454,0.11303787437205615,0.5619568061446067,0.0,0.0
0.3797309299635627,0.33592647426056765,0.30135347656394224,0.0,0.08161948495216197,0.599801804687955,0.1288036083540919,0.4701409335285048,0.3422149935979076,0.3014671999252568,0.18544345069951054,0.6565226287195491,0.5298331366441027,0.07044686847606542,0.10212066961299945,0.07505130208742551,0.3600589236257387,0.3010934697421866,0.2819001021576983,0.22701921724460777,0.5199805853056754,0.0,0.5394342859608464,0.0,0.4842210690580377,0.578145761441264,0.22671613380615976,0.39431679860726215,0.3434577413701784,0.36362541330594456,0.1895126240837048,0.12471135809443214,0.17423118777037655,0.05062241026377389,0.0,0.37506474953945357,0.36687140625406406,0.24862368937109264,0.14754614958891168,0.23592657980084597,0.2888547924771261,0.0827228760641991,0.3327747930915016,0.3343522466698454,0.19853629230424777,0.44473632750010283,0.1394499038488087,0.2621410595720496,0.2573988511544686,0.28556544096055225,0.5476460279370461,0.3411640116280838,0.48323016003960445,0.43231563649085586,0.20835353156594297,0.21997041496100386,0.5364486716912792,0.45621589484843805,0.14587491721361795,0.15592642397805698,0.0,0.24720324900947901,0.017264332898981268,0.21074432208080254,0.14250501045414327,0.502204208449659,0.0742048085686416,0.497422703634182,0.763611698678486,0.019374300974188727,0.5010780030094532,0.24042655498043905,0.4139199645324397,0.3928785131603293,0.0877206503933591,0.2556034214724254
0.5758494109078726,0.7282637496711399,0.3256251243685659,0.3545728584290492,0.0,0.5637398402219481,0.2054405671770252,0.26385482220412426,0.35854894293729805,0.5567456023342591,0.1334652055365713,0.33969404245179824,0.37569042363954924,0.0,0.23865888019706602,0.5656002864833646,0.6058883640985807,0.7354597039978897,0.313209690030883,0.28210104590652385,0.5809527387837775,0.3038564939654129,0.5215408001649868,0.4842210690580377,0.0,0.5592350855027093,0.34580366597606094,0.4716263284546533,0.5077461849451601,0.36723108692550743,0.37143980003613486,0.3629809889306169,0.40413748809893496,0.1853611353177161,0.0,0.36184870928578583,0.23029544036837074,0.353432013622502,0.28851845695768097,0.3846231157837289,0.3851036504939994,0.3597275866030947,0.2583531328888417,0.26666185614955973,0.18614626721420846,0.5863293621933605,0.3315031262037854,0.0,0.15383207642018487,0.20823612804631708,0.3445564188350717,0.12007889527648687,0.17174561430255914,0.38756169518969547,0.24628622880352927,0.04290007560027013,0.3787389858297208,0.0,0.10720097092785134,0.2641055745885126,0.0,0.10031035479652259,0.0,0.0,0.14216818536033798,0.6025235020660628,0.0,0.23143232830620356,0.23311950997334122,0.0,0.15790691802346576,0.3060319231195817,0.1562165254998037,0.43062531349307703,0.0,0.047369306008197956
0.09405580761927516,0.5756095649364412,0.25845206314203967,0.2525032728056802,0.23654845740858652,0.5343833514082523,0.2608702566664299,0.4034098024794583,0.3493433773125725,0.36257755538688635,0.20655903865462782,0.6513659833339539,0.6696739289006437,0.17445836103514187,0.29960790549243665,0.23224561255821688,0.4555319739881199,0.35490998296740234,0.25744819897859295,0.3011261033403816,0.15879274461916057,0.314512144948098,0.39897616265632607,0.578145761441264,0.5592350855027093,0.0,0.2592530793880235,0.38394851398804736,0.16148590885455527,0.1041120276293114,0.10157107065412006,0.1965630140364319,0.1384359710340033,0.114872594568119,0.0,0.19364782043219494,0.3193976846986423,0.2161183642175507,0.21159430798276554,0.1769351736230058,0.0,0.007236671214295393,0.08260389064062672,0.2198546709944036,0.07165707424893049,0.13387462828936872,0.28123145471999333,0.222784426973403,0.03131546868602226,0.2632685341964436,0.3979160423108964,0.13391110658434438,0.41115218649769864,0.3711462637513268,0.11354757845945063,0.20802948133347207,0.4650474378146724,0.42553677239238785,0.0,0.38340301380886455,0.0,0.15915924198283946,0.0,0.15525832487060257,0.25135700437994,0.21395277641119453,0.1584187061358434,0.4107576785547581,0.378667976945975,0.035177558007846686,0.6872228127549419,0.210741218113925,0.19033010332341355,0.13791747079520764,0.0,0.0
0.42866778455102655,0.4790749304455569,0.8553959294661506,0.0,0.34027453700498184,0.7462772851764131,0.3790657040882892,0.3766231754129502,0.8323668746851803,0.3732742245026461,0.6605600615673309,0.19780728756285826,0.5134168135882325,0.0,0.5408008580380774,0.3109150380973051,0.17654032595310631,0.3219461237938783,0.785714701730189,0.7851667386527295,0.3215444824239365,0.6601243634850535,0.5566342733240708,0.22671613380615976,0.34580366597606094,0.2592530793880235,0.0,0.48738890001360224,0.5221310208476735,0.40202003250832985,0.34641914369772064,0.0,0.03438425336093251,0.15098879459693962,0.0,0.30199656058944285,0.3278368175004317,0.3416951204102227,0.0,0.0,0.0,0.28717329971673633,0.16722911611466834,0.34042048397142183,0.17134118196131876,0.3515664177809321,0.34129258969308157,0.7283074418214266,0.24665797769360587,0.6355683878954689,0.5884519434793595,0.5279607965034112,0.5451587086862002,0.8301149331244686,0.06953596356812423,0.5868153701306722,0.30976809439284697,0.2579863090669278,0.30857172278290707,0.5541259244909049,0.0,0.20648317599289656,0.0,0.5563309312510067,0.7586737647971763,0.34398617748869886,0.5128168902433743,0.6955864021387371,0.0,0.0,0.11068941015811094,0.9692072571505587,0.22119220327516417,0.5499633290632995,0.0,0.0
0.488850966192584,0.6190647353801877,0.5946751134312365,0.32077134195231904,0.2628442114089371,0.5822110249031006,0.36217275943126576,0.3266765972604337,0.49901383747800415,0.5914117622582558,0.40061284823208987,0.44587215558236865,0.6815342446937729,0.0,0.5463031804985593,0.4811927039279785,0.5395794093180228,0.6634492642780526,0.5419931062899933,0.6617327418626234,0.42367578542265966,0.5962234913953542,0.4439599834738305,0.39431679860726215,0.4716263284546533,0.38394851398804736,0.48738890001360224,0.0,0.5152222588377743,0.5185896038640414,0.5610634263179285,0.0,0.10307006903581337,0.058941425625661036,0.0,0.6022020039326249,0.4940566026627205,0.38247461940819505,0.0,0.026275218113200435,0.17855491624995698,0.3418350108389926,0.5126184755194372,0.4235230612843751,0.030943628103248955,0.5175895826542346,0.09368598495373194,0.2765689007753251,0.24493721341540095,0.4438309530112933,0.4135496348014959,0.22869172904472015,0.41613382883331523,0.4930415048904768,0.07472192081905733,0.24888867947652774,0.5520850593485406,0.2899707601145449,0.18171344582660445,0.5265910031972126,0.0,0.08116483011618421,0.0,0.27499191505147164,0.49582653326541054,0.5105620429845583,0.31280184208953166,0.41620043619835273,0.07747295674834012,0.0,0.03366554684971565,0.4888372613386517,0.548485449807444,0.4020120450884175,0.0,0.12546600804502028
0.8644888786413495,0.5816538919173396,0.5017818654650482,0.0044320740757895286,0.25878622210260493,0.7562174720989602,0.528766298110838,0.5801528638008165,0.5914691448585923,0.41894665599507497,0.26948668851243524,0.06141199901383529,0.4986902157826278,0.0,0.21234095950516962,0.6932782493867791,0.16492471190337174,0.4888762053019681,0.47819525055895884,0.6695131425825747,0.8166314849349159,0.4778663268733779,0.6802737874226642,0.3434577413701784,0.5077461849451601,0.16148590885455527,0.5221310208476735,0.5152222588377743,0.0,0.8433212869395209,0.7886762173934441,0.4630964720934662,0.5001820610101836,0.4918591955162631,0.04689653718401863,0.4985658042568514,0.176594358447195,0.6235517027157992,0.31972369798531164,0.33720242438868064,0.35978050940593054,0.6422272611564681,0.49132767462432836,0.26597885430532875,0.4032869063712037,0.8689959119415255,0.3850354160311811,0.12438724290571923,0.005549785487331653,0.17431538915101646,0.2895066560712175,0.18460779203691516,0.48179976822566173,0.46248829260885976,0.0,0.19664720204783095,0.08834923333823815,0.0,0.2396437705946511,0.22827886299750014,0.0,0.0,0.0,0.0601436707690874,0.21126727563671932,0.8451755821106732,0.117040761799498,0.47865500277346146,0.0,0.0,0.0,0.4195709286587749,0.0,0.6479225337711837,0.0,0.0
0.8234773729534848,0.46970101365142264,0.39455917129378376,0.03227902505888428,0.253751854733114,0.5987530678766816,0.3479287308481932,0.6298120538245365,0.4849658824670175,0.2159057268317189,0.2870965907385121,0.018484055249836682,0.4325684573907389,0.14864829453530118,0.1411838786511055,0.6196181097809546,0.0647407805491782,0.44502909870003304,0.41406310640930544,0.6175629193848623,0.7781266928998992,0.46100483817028354,0.6235823146431871,0.36362541330594456,0.36723108692550743,0.1041120276293114,0.40202003250832985,0.5185896038640414,0.8433212869395209,0.0,0.7942612077050383,0.3738598211624495,0.44917504549904,0.4779953621159172,0.07411716491930982,0.47334224843826245,0.16607184791631568,0.5765160660700132,0.23646405306521778,0.3411685860551872,0.22350716218851457,0.638241393767944,0.5394757538191368,0.2820694124420105,0.4588228049126051,0.8576390660654393,0.32867274498370186,0.061123114775621504,0.0,0.041671244689135425,0.19488424469804685,0.051513001476180695,0.5445912147450005,0.37734075742462214,0.0,0.24490093374363914,0.08015980246602891,0.0,0.35731509809215745,0.1645287240626953,0.0,0.0,0.0,0.0,0.07057166770526874,0.7714899301527115,0.05387644283298047,0.4385847704126431,0.05260190472733931,0.0,0.0,0.2863834894866822,0.0,0.4343154275165215,0.0,0.0
0.684106929660479,0.5718164036328772,0.3574698901112019,0.13586040994663348,0.3097732906063462,0.49835637596054233,0.3739904261223116,0.5123384302858212,0.45306643714151107,0.5191332074932468,0.2690237205244612,0.10090995939895098,0.42709511291856306,0.21422166264225673,0.18043217048046112,0.7460116751537649,0.23413153093450464,0.4580922630502597,0.4446721856287259,0.5872284123137498,0.6023228558995627,0.5122579429271817,0.5272850614931717,0.1895126240837048,0.37143980003613486,0.10157107065412006,0.34641914369772064,0.5610634263179285,0.7886762173934441,0.7942612077050383,0.0,0.28212457574344657,0.46182344370928513,0.6469723930533149,0.17305641612654485,0.5687081836277977,0.14998960754314622,0.6957728522665727,0.1287855808037625,0.1900494135371024,0.005664287144038346,0.6106031969421145,0.6228895737592625,0.23893504269413654,0.4306950181089122,0.6968246857556033,0.3445399869948378,0.0,0.0,0.10062980733484028,0.0,0.0,0.42733659283254755,0.3212813936989675,0.16845940037122123,0.27364851827690717,0.18022525871690911,0.0,0.480033645839626,0.1857462639318915,0.0,0.0,0.0,0.03550356908551495,0.07833322806907288,0.6286383355548247,0.0781329164633469,0.3393167633010816,0.0,0.0,0.0,0.25114027783635995,0.0,0.2824221056342222,0.0,0.0
0.44780050968612234,0.3509396879320252,0.0,0.08017883258762118,0.0,0.3477162413185454,0.2318853933188088,0.4599588399042696,0.11924465632792046,0.059399014034407116,0.0,0.0,0.2914955983967972,0.0,0.0,0.444429507486984,0.0,0.26154064055669557,0.0,0.0,0.5882324964035814,0.0,0.43032530958544285,0.12471135809443214,0.3629809889306169,0.1965630140364319,0.0,0.0,0.4630964720934662,0.3738598211624495,0.28212457574344657,0.0,0.5679279566503436,0.453417341665546,0.31533799838809606,0.11311978842697541,0.0,0.2832368477280531,0.882326653200992,0.5099915354951895,0.1533968144234819,0.5542289598880462,0.22040289347581746,0.0,0.268349071682457,0.3552158422364019,0.2599460842563335,0.0,0.0,0.0,0.16829903056695708,0.0,0.13922321954660236,0.036518185941392806,0.0,0.0,0.0,0.0,0.029722645167099427,0.0,0.0,0.0,0.0,0.0,0.0,0.5047376244227435,0.0,0.0,0.0,0.0,0.0,0.0,0.0,0.30632864153596456,0.0,0.0
