0.0,0.5467584306774209,0.43363406151336553,0.08786963439747744,0.04350457570379773,0.6683536272777906,0.15528381742978342,0.6058892840076257,0.5479310112026348,0.24984635382126918,0.17155978185082865,0.021346181159182794,0.39431618754828307,0.0,0.23679439613024889,0.5956363873959722,0.1443017972485867,0.5294127077722319,0.3192878402735532,0.5463667184479732,0.9407613022263199,0.40371904538077996,0.5968732515680333,0.3756061484283,0.5735318959431364,0.10018370395388727,0.4252591981082969,0.49558138322430023,0.8435247675892097,0.8072732834648061,0.6691024840787578,0.44080152568962516,0.5591197959727492,0.30866220261025545,0.0,0.4773615489358078,0.2779828328777351,0.5822886744514537,0.3395901385091697,0.42770443038415773,0.3913705408499109,0.7864323955175001,0.6014169501914594,0.29652948088086,0.4672795872975027,0.9219053942579217,0.2723385789364083,0.0,0.0,0.10564660827501875,0.3635965829797727,0.09544533018522451,0.4044791618106674,0.46999305629262395,0.0,0.15503475996365282,0.1354201992880615,0.0,0.4140187442287147,0.20999421886082958,0.0,0.0,0.0,0.0,0.08056817441730435,0.8948535012743469,0.0,0.3187162047407803,0.04125255951455592,0.0,0.0,0.38311683312145944,0.0,0.5838981738739548,0.0,0.0
0.5467584306774209,0.0,0.5435099859520536,0.2803967871897373,0.37450082439139276,0.6864980786666938,0.5583511119848332,0.4672615398149998,0.6200810911194159,0.6059449582234804,0.42669479361529156,0.4263225700154932,0.6701453386135083,0.06190642275760593,0.4905251156810611,0.6713023406418402,0.514659936014327,0.7223527078331539,0.46540674741037286,0.5886185763951317,0.5056898487686357,0.5836372058169896,0.5418476864464166,0.3341201076700088,0.7258552755196931,0.5755900508471403,0.4823302385742711,0.6280339457518141,0.6009941572861062,0.4647599405791068,0.5924511276465126,0.33526054946330136,0.437171718110959,0.28525962047066333,0.0,0.4242514578428843,0.27758823377187314,0.6454604519851896,0.2429845508983701,0.26649431995664946,0.1531038145312854,0.44943168263579497,0.4723843380979568,0.42703111523099047,0.19918112703045393,0.5475734874173668,0.3981331296003091,0.1859853053829322,0.10810964784281159,0.37982726357385316,0.31990232546540104,0.11037633843895607,0.4550938060675655,0.5432073930483552,0.0,0.3289898933956511,0.39537764582197854,0.01808879973879504,0.2687971987618078,0.5079127593854147,0.0,0.0,0.0,0.12326166545547379,0.27079072750488037,0.5792030141375007,0.04120503291281342,0.4320110073743085,0.0,0.0,0.04253521927340031,0.4132397786094882,0.054311130587445695,0.25847556922089177,0.0,0.0
0.43363406151336553,0.5435099859520536,0.0,0.0,0.41068433456136433,0.7666993188573314,0.4458427165089936,0.31408043953739156,0.8117026412405789,0.4699025258442251,0.8037819117066151,0.3645640975850038,0.5617277675359227,0.0,0.6414196620404277,0.25895673983172884,0.3595212774239819,0.4511398832751486,0.8745795843686833,0.8111611968052805,0.3032374629128026,0.6284527641191435,0.501675449378605,0.29659611382562884,0.3338047584970052,0.261010367385106,0.8335290852982599,0.5892593040284262,0.4914428691792785,0.38022645189264703,0.3467386066232451,0.0,0.06044441375825575,0.027626551498409656,0.0,0.37841751864827905,0.32223710336454636,0.3889934526907959,0.0,0.0,0.1020845014537348,0.29209260168699214,0.3956430444053601,0.5263138235546438,0.12784297753757323,0.437104149629211,0.12791398644547092,0.7551401812849164,0.3499406235351098,0.6969596846849843,0.58275972678843,0.4417954497382026,0.5453135037758802,0.8293976578688337,0.0,0.6179014306938737,0.425921081466157,0.2085196898177324,0.38618780177910117,0.6247023599085638,0.0,0.038679879870369964,0.0,0.6399104238156279,0.7755607244539708,0.3836990771885295,0.4991698900362251,0.6887343701536083,0.0,0.0,0.0,0.8534339544149127,0.3387642008341187,0.44913076328420987,0.0,0.01418960711565415
0.08786963439747744,0.2803967871897373,0.0,0.0,0.0,0.0,0.0,0.0,0.0,0.21139684749412602,0.0,0.07217597882399363,0.12122656309697698,0.0,0.15731494391493792,0.08525806201756952,0.30135897162412906,0.17830083529185864,0.0,0.0,0.10213453223812773,0.0232660954643158,0.0,0.0,0.34075731346844745,0.2505805721248219,0.0,0.322714679311023,0.0056951220991830935,0.03564605512713764,0.1501800220869642,0.07272277162265788,0.03056041084016977,0.0,0.04837335152255889,0.31814709109206135,0.2504342413362286,0.0851092834298607,0.020437484221148706,0.00858138760720334,0.1389715286992232,0.04077827834593271,0.036210483087437496,0.00024067696496700438,0.0,0.17247193018635873,0.0,0.0,0.0,0.0,0.0,0.0,0.0,0.0,0.05542326912962533,0.0,0.1597971609002615,0.0,0.0,0.18096172519518514,0.0,0.0,0.0,0.0,0.0,0.22008450054966283,0.0,0.0,0.03693167956172181,0.0,0.0,0.0,0.0,0.0,0.0,0.0
0.04350457570379773,0.37450082439139276,0.41068433456136433,0.0,0.0,0.4170062917944797,0.7200606021871573,0.2698711871101082,0.6680748901828396,0.10330923558197934,0.6842885491639905,0.07497243189870119,0.5705212671393519,0.511575657676942,0.0,0.2641729709129158,0.0,0.14695085366242733,0.47913817657530067,0.37206170441419995,0.0,0.1938244398707382,0.12395425376992235,0.07618275072538971,0.0,0.2468186718261433,0.32618050386973596,0.26424238081835033,0.25252099270134964,0.24053332301974883,0.3091472504867724,0.0,0.0,0.1658686023066567,0.0,0.07098611338622672,0.04928023126813389,0.3627590088202411,0.0,0.0,0.0,0.0703689639450563,0.0797806380205852,0.10451935736724406,0.3425039250081804,0.07290931872144259,0.07445003566854395,0.561901855963721,0.0,0.5165912847008487,0.045157037556114055,0.10530878422190341,0.48761020074721406,0.5644257038562239,0.0,0.7605802926472071,0.0,0.10031767510701849,0.12930295832521713,0.08280558224656434,0.0,0.0,0.0,0.40891059141250513,0.22513595579037335,0.03609321496922373,0.0529819650545681,0.530530833980977,0.0,0.0,0.02088132785588132,0.3372929260050235,0.023162874620723597,0.0,0.0,0.0
0.6683536272777906,0.6864980786666938,0.7666993188573314,0.0,0.4170062917944797,0.0,0.5503888655982271,0.6643935321417755,0.8553423346597531,0.4446778588816786,0.48370301044322883,0.4346141155367635,0.8296503502657763,0.0,0.34063275815857297,0.4121157004422435,0.3154064625700762,0.5057377463954268,0.6261302198276457,0.6624402116603191,0.6429642857016272,0.40826896462928297,0.7880295493339007,0.5902359700378541,0.5652812210515529,0.530134435380694,0.731893933039752,0.5812518198605431,0.7421469295031279,0.5738780674545225,0.48579127754234047,0.3267350027377168,0.3513137573601831,0.2399504440735355,0.0,0.5031305118438661,0.44563943628190866,0.530577814313484,0.21456942087424077,0.25837514746092305,0.21861386377490757,0.5212386422093515,0.39383938440121175,0.3786118684498005,0.3993148845204758,0.6490973181612687,0.36041140259081905,0.477201537955016,0.18511291708976296,0.5500470994666978,0.7372324644484456,0.43754210316023495,0.698113650514737,0.8214791055249214,0.0,0.4723247973717445,0.39761003151048263,0.29985365153755555,0.21813582512812585,0.4010255226931027,0.0,0.06675339257644401,0.0,0.2880436098113342,0.4579006581419418,0.6747671617069539,0.17690772615271624,0.7955023713122693,0.15393720884178622,0.0,0.20218019055842265,0.7091837953742827,0.15321436396055954,0.6953974112884076,0.0,0.0
0.15528381742978342,0.5583511119848332,0.4458427165089936,0.0,0.7200606021871573,0.5503888655982271,0.0,0.19544482002756267,0.53598325002434,0.3708520777784334,0.43845369439654674,0.1626500687739104,0.6285954454928212,0.31230215768782144,0.10099792004494372,0.5202236836089914,0.22671778770389447,0.4479194342077269,0.48370573385146015,0.4115044843504473,0.11813293149807681,0.25684044537796985,0.26883547594621165,0.12756158569862514,0.21462013130031402,0.271420452648003,0.36987833940853587,0.3612161821014117,0.5214085758943245,0.332393363415037,0.3748695535183909,0.22964359539521587,0.19295826759594534,0.3689366672219049,0.08184233876453803,0.279109564536518,0.0816467302295084,0.44516553568815015,0.08080012616469302,0.046379482457950656,0.09363245575943593,0.20440593589827227,0.22588833627909372,0.12062151694352277,0.20263021687332117,0.22450768529285747,0.19106517031975856,0.3860198215481046,0.0883187583837522,0.4231158169822967,0.1659476977643506,0.267915177382571,0.30548943956432545,0.4434932192872628,0.0,0.4204206280749427,0.03735180643011716,0.021021525194554753,0.0647926230834582,0.11247697228962149,0.0,0.0,0.0,0.378508403255561,0.21558139229485307,0.20929177653850983,0.0586613744281361,0.43542953469142337,0.0,0.0,0.0,0.29635954166986545,0.097998324831938,0.20167822159378487,0.0,0.0
0.6058892840076257,0.4672615398149998,0.31408043953739156,0.0,0.2698711871101082,0.6643935321417755,0.19544482002756267,0.0,0.5772301699494297,0.09390670838683556,0.22969959390956057,0.2355680530579336,0.6412149304955126,0.16653096007836338,0.109881851926259,0.3427924597415205,0.0,0.13963164632341968,0.26031065170110756,0.42286306194752515,0.6887798443335017,0.22201838556854306,0.7852148318005181,0.4569741311219319,0.2672854955634694,0.40279453962549855,0.37300993743652594,0.34404251830847854,0.5694454638165173,0.6180217497542823,0.5290316575695543,0.42476182352014236,0.39779460356989155,0.38857360305719213,0.06323526098275527,0.3577913220453386,0.2670379802428619,0.4819812537818068,0.37626212904557416,0.2900549130671695,0.0,0.529760128839416,0.3274024225874178,0.1310044257799861,0.4792010083844876,0.5315886539815762,0.4453939549634234,0.1359525888105641,0.0,0.09292795995636978,0.44178899502896796,0.09540424533113202,0.8285186795754732,0.47369852841660054,0.0,0.34132124058584257,0.17721790120924136,0.23398336016135352,0.2422415327375839,0.1880554434455634,0.0,0.0,0.0,0.0,0.0673449429316722,0.6453899154932127,0.0,0.6537438539325978,0.1924131543917807,0.0,0.2658793008302426,0.30918921588853826,0.0,0.3807912059922446,0.0,0.0
0.5479310112026348,0.6200810911194159,0.8117026412405789,0.0,0.6680748901828396,0.8553423346597531,0.53598325002434,0.5772301699494297,0.0,0.2818757377205458,0.7679690964451761,0.23717194137846814,0.7444725832658214,0.054091577900884855,0.3290590790337125,0.38796169454008644,0.1058338554617849,0.3727924023899128,0.7602972670484498,0.712518743794492,0.43703164132124417,0.4948401692662188,0.5445404327751154,0.3377343645309481,0.3736019094255571,0.3570886950620863,0.8156050693278263,0.5020280493171899,0.5936842612956104,0.47543055780996457,0.4617463129792742,0.10656502700356316,0.11619301182964473,0.2180676996026694,0.0,0.2910396838172615,0.3149370186282735,0.4731335474592342,0.0,0.0009614905806552385,0.02475489371341209,0.4446954113428679,0.2557373369808478,0.2792492297428521,0.449183648002131,0.45973633960466564,0.25990191794240447,0.7174603353221308,0.05023910646801391,0.6916163239957597,0.5861850864946326,0.4064836485308255,0.7366800586259746,0.9646381232980339,0.0,0.8241886517341804,0.232882236148119,0.28346531949370213,0.305726637156333,0.38271240941501244,0.0,0.01799992167992648,0.0,0.5001050524902789,0.5480367608117735,0.46851955692827524,0.20798828693926547,0.7899353609121746,0.0,0.0,0.08763892495252418,0.8108487519855142,0.12673099409006483,0.511524503735946,0.0,0.0
0.24984635382126918,0.6059449582234804,0.4699025258442251,0.21139684749412602,0.10330923558197934,0.4446778588816786,0.3708520777784334,0.09390670838683556,0.2818757377205458,0.0,0.2718860698702159,0.6270213615441906,0.3989310352787173,0.0,0.46598969937698725,0.3531648335911264,0.8598108848164581,0.5103976260997106,0.4716993310458219,0.4751189341243679,0.21954680993360762,0.42716294872827304,0.37960779218951135,0.2774185211049385,0.5498220290314323,0.3568172321444447,0.37242997456179616,0.5922643450553795,0.4272284130933112,0.205330808661444,0.5136536841130874,0.052721526454478675,0.21945715233158786,0.228333998051137,0.0,0.5486331882606318,0.2191931410595738,0.42469310442224256,0.0,0.0,0.10483450191083282,0.1786151077237999,0.5594364138843402,0.3759333912258854,0.0,0.3714706651784617,0.10917503963456465,0.16921982277511186,0.5226810442019663,0.40334178882920724,0.17356846025936237,0.1280089908060973,0.1408033846531473,0.2895065813765096,0.4973169976651478,0.13131642784420053,0.6858873348525367,0.0,0.2271024597408106,0.3813515360087406,0.0,0.20702841633206212,0.0,0.3058671215987187,0.40812120748154473,0.32618566846136193,0.31368500629050394,0.1999780942440173,0.04590514090250573,0.0,0.0,0.36377177171212394,0.35762273893148694,0.20367944226872792,0.0,0.06724068306075129
0.17155978185082865,0.42669479361529156,0.8037819117066151,0.0,0.6842885491639905,0.48370301044322883,0.43845369439654674,0.22969959390956057,0.7679690964451761,0.2718860698702159,0.0,0.24749744778048086,0.4299232746276881,0.24011474801569238,0.44306640997031776,0.12775037622579977,0.19031042416131735,0.23066763328077422,0.8060744470770229,0.6505638528932154,0.03778849322769054,0.4787598362323071,0.2669240824821636,0.1859933256479976,0.14250427291068885,0.21561354095939528,0.6377961075908706,0.3968430342671463,0.26069937957122696,0.2657131388959944,0.269353899993579,0.0,0.0,0.0,0.0,0.19002695903234887,0.16997189659144082,0.34652183187445335,0.0,0.0,0.0,0.009015837604531217,0.18156478656028519,0.39051792053649986,0.13794726257939055,0.1964139930239165,0.056781023550651545,0.7829204957113651,0.11197323717416116,0.6332480076189325,0.27559072440270677,0.2493634911480043,0.5406989688317515,0.7597214971697075,0.0,0.8319658589336145,0.24708806719614873,0.12219739412582113,0.3742174771445118,0.4982419907158606,0.0,0.0,0.0,0.6970435974037756,0.6061370462218652,0.14957484709629865,0.35271522076849776,0.6107655980231494,0.0,0.0,0.0,0.684601023597036,0.22879172383266427,0.08860771293543082,0.0,0.0
0.021346181159182794,0.4263225700154932,0.3645640975850038,0.07217597882399363,0.07497243189870119,0.4346141155367635,0.1626500687739104,0.2355680530579336,0.23717194137846814,0.6270213615441906,0.24749744778048086,0.0,0.5140802294769253,0.0,0.3568018089218507,0.0,0.6351732233975181,0.28756653852018177,0.3314870434571049,0.29460946676916083,0.09165934545463539,0.231655927914027,0.33058444752786115,0.6458574100469952,0.32932835486385725,0.6350626831225497,0.1959730197942096,0.4407049820414031,0.0690518522791524,0.013018366472481212,0.09635263080678572,0.0,0.06187951404869733,0.0,0.0,0.35505923617409496,0.3963260092267599,0.19829907760603627,0.0,0.05234191814630501,0.009630123028988654,0.0,0.41286593469761423,0.4029214808241646,0.0,0.09146539474807185,0.01821622810356331,0.28714634870527567,0.5527506344475918,0.4698452650840361,0.446147585307311,0.3303776202078232,0.28183692349917594,0.32060170286846873,0.33486409070341966,0.2166519926359081,0.8400661052204698,0.4992140592395484,0.13827819815809758,0.36029729643948866,0.0,0.32137417479874825,0.0,0.3266993974746971,0.36706472965921283,0.11302856284091571,0.2641363206182109,0.32919230939084726,0.446625030231309,0.0,0.4285817214368752,0.24505243831294923,0.5149172798824411,0.15595610035591717,0.01592691798981037,0.15743547546409525
0.39431618754828307,0.6701453386135083,0.5617277675359227,0.12122656309697698,0.5705212671393519,0.8296503502657763,0.6285954454928212,0.6412149304955126,0.7444725832658214,0.3989310352787173,0.4299232746276881,0.5140802294769253,0.0,0.1197864967312522,0.30980105904170135,0.38242446431138816,0.27972763438908804,0.4811934193447928,0.4941391244641591,0.5232482084122397,0.42354188698022494,0.3356751553880919,0.5668155363660412,0.5158055836996575,0.38603311348838104,0.6609914287048787,0.5054897989198466,0.6742833338101771,0.49171319545852554,0.40463283718117415,0.4174907360343683,0.2659827900957146,0.24629614955592513,0.20333856288128754,0.0,0.5091827303543266,0.4840467652512015,0.44839988836488526,0.1588461675072572,0.2025774340720544,0.054886390197428296,0.2967330952485797,0.33440982005688713,0.25858571505599337,0.31294410859806604,0.3686007881177746,0.28141077385991536,0.40723039498204266,0.1087423019947626,0.49566738135713595,0.5978041912611024,0.32077208631503606,0.6866500708101066,0.6816045287319842,0.0,0.4970105246819895,0.4287417442071482,0.4341605322848213,0.07218102340688906,0.3660068982647982,0.0,0.07913681293155451,0.0,0.2579467785534224,0.3597805585915411,0.44625175950460644,0.09693839856956506,0.6952110794270748,0.10977410070455353,0.0,0.32475610248757525,0.49366146647541365,0.24221056349180914,0.37394936988515926,0.0,0.0
0.0,0.06190642275760593,0.0,0.0,0.511575657676942,0.0,0.31230215768782144,0.16653096007836338,0.054091577900884855,0.0,0.24011474801569238,0.0,0.1197864967312522,0.0,0.0,0.1287905482797643,0.0,0.0,0.10815717691409603,0.0,0.0,0.0,0.07517269517925176,0.0634702969688133,0.0,0.17571888374934702,0.0,0.0,0.0,0.14909863268870271,0.22239182977723582,0.0,0.007681961567200595,0.3873562280618397,0.28458095642666503,0.0349038764651311,0.0,0.23749052594843478,0.062174256137572,0.0,0.0,0.0,0.0,0.0,0.2850767340016846,0.0,0.26166380459935157,0.1160128223098201,0.0,0.0,0.0,0.0,0.2651595190887786,0.0,0.07261340182813832,0.318410469209726,0.0,0.0,0.21345154590387788,0.0,0.1540219911863479,0.0,0.20219117093947747,0.15747247873885112,0.0,0.0,0.0,0.22894921648025904,0.10252929913137356,0.24809430079573266,0.24147516610924605,0.0,0.0,0.0,0.0,0.0
0.23679439613024889,0.4905251156810611,0.6414196620404277,0.15731494391493792,0.0,0.34063275815857297,0.10099792004494372,0.109881851926259,0.3290590790337125,0.46598969937698725,0.44306640997031776,0.3568018089218507,0.30980105904170135,0.0,0.0,0.11048562790275981,0.37222104449775295,0.2556732064810225,0.4938645186779927,0.6898227782246822,0.15108630380643268,0.727031357882803,0.22873982595370293,0.09255815558687364,0.24397719876128288,0.2958873864262691,0.5316332035616038,0.5479778689495097,0.20241619233024935,0.13277662283943717,0.18004835575549907,0.0,0.0,0.0,0.0,0.31224845712154503,0.506313733000663,0.27250211757500054,0.0,0.0,0.0,0.016796310147911754,0.27099993296492486,0.5676841593072646,0.0,0.24964764147895008,0.08710404374141416,0.35022382675440594,0.3613569326464486,0.3513563627442755,0.3080979479794695,0.17077970943430568,0.21953536093254467,0.33877150723786864,0.0,0.1406503545436076,0.4517892864691893,0.06045028540548586,0.1804364918939564,0.9083758689196088,0.0,0.0,0.0,0.285843331838345,0.7129367602148857,0.26266704849995,0.5399632404490862,0.27792468027393946,0.0,0.0,0.0,0.6275924576887721,0.2595894545534455,0.24269882425706082,0.0,0.0
0.5956363873959722,0.6713023406418402,0.25895673983172884,0.08525806201756952,0.2641729709129158,0.4121157004422435,0.5202236836089914,0.3427924597415205,0.38796169454008644,0.3531648335911264,0.12775037622579977,0.0,0.38242446431138816,0.1287905482797643,0.11048562790275981,0.0,0.22749739231721963,0.7368875573723479,0.33350584613237755,0.38178120639850066,0.5384988065630271,0.4108276736742835,0.41504196825374723,0.06260491052382555,0.5544604497832408,0.2152769180647705,0.317877393908096,0.48521480506147197,0.7117686707526438,0.6293499018652721,0.7449023179571832,0.43146166359008,0.5491176299488274,0.6382211833071738,0.22545591954651112,0.2942119349611679,0.0,0.5833311322803735,0.2695924414504449,0.42368315033788123,0.18121446816766407,0.5915733678858555,0.36420073680222137,0.07181005337962759,0.3707444219095758,0.5157661906548632,0.40201775196092593,0.0,0.0,0.0482627158008478,0.0,0.03378248982220736,0.2194840401705681,0.28175286855850595,0.03430918230583482,0.12058752503162748,0.0,0.0,0.26909685421251855,0.05508284971084519,0.0,0.0,0.0,0.0,0.0,0.49754994676563585,0.0,0.24228643007866837,0.0,0.0,0.0,0.1523164320432622,0.0,0.22111462788240785,0.0,0.0
0.1443017972485867,0.514659936014327,0.3595212774239819,0.30135897162412906,0.0,0.3154064625700762,0.22671778770389447,0.0,0.1058338554617849,0.8598108848164581,0.19031042416131735,0.6351732233975181,0.27972763438908804,0.0,0.37222104449775295,0.22749739231721963,0.0,0.6120155602482062,0.3421857985892772,0.29856980956419465,0.0924592994711415,0.31315916590171466,0.16431280305553636,0.34169706180169357,0.6054781288027845,0.4495802199804388,0.18631933211126941,0.5406871756546374,0.18165394509878136,0.059155215286522025,0.23992289690556146,0.0,0.05671213771884454,0.0,0.0,0.4436029307554199,0.2321566784889252,0.21781845554998439,0.0,0.0,0.24195894357020337,0.09418899732714073,0.4726972416417856,0.43347286536310203,0.0,0.3112849324814616,0.0,0.11187061943620938,0.5818731107640935,0.37138937870557426,0.2147217590113455,0.1580458771787924,0.0,0.1925285521878449,0.39631134240047555,0.0,0.7026079468790365,0.0663588652849768,0.0981107558579846,0.29958328087603003,0.0,0.14205405853226266,0.0,0.24449594649690629,0.3663258284958733,0.2336139917453158,0.26062697174860044,0.0,0.14920189718332616,0.0,0.04538141245047306,0.23910026956698532,0.4779691798777376,0.15916464291268068,0.0,0.23712781584392573
0.5294127077722319,0.7223527078331539,0.4511398832751486,0.17830083529185864,0.14695085366242733,0.5057377463954268,0.4479194342077269,0.13963164632341968,0.3727924023899128,0.5103976260997106,0.23066763328077422,0.28756653852018177,0.4811934193447928,0.0,0.2556732064810225,0.7368875573723479,0.6120155602482062,0.0,0.4024708212899633,0.36943336367721685,0.45425773057487545,0.3728451528462667,0.32325893757361135,0.2927260177169651,0.7293946501112418,0.3493444086063496,0.337625710388972,0.667146545938486,0.5156134281959927,0.4536845656876077,0.45836181935637765,0.24889899025478807,0.4020844991905698,0.1848136612293767,0.0,0.4086363332500544,0.19664202006326723,0.41046604057728814,0.13136617373793477,0.38147372248001254,0.38068293655003693,0.5076145184351729,0.43143676298056133,0.31992202032053296,0.18335497316578397,0.5123327271199312,0.16992463757890394,0.06940254764770547,0.23764842036169417,0.3018210036397448,0.28532806721235227,0.19542471396591984,0.09693243041684269,0.4010056800465808,0.08257643800440521,0.09800001195431808,0.38367934632895073,0.0,0.18792390561279193,0.2081436669970806,0.0,0.011969842295921625,0.0,0.08387612943310628,0.1729950538634583,0.44765835302978796,0.0,0.17448443702062227,0.0,0.0,0.0,0.30006921921494356,0.2899690509846463,0.2993707903349438,0.0,0.047068937520543
0.3192878402735532,0.46540674741037286,0.8745795843686833,0.0,0.47913817657530067,0.6261302198276457,0.48370573385146015,0.26031065170110756,0.7602972670484498,0.4716993310458219,0.8060744470770229,0.3314870434571049,0.4941391244641591,0.10815717691409603,0.4938645186779927,0.33350584613237755,0.3421857985892772,0.4024708212899633,0.0,0.7443518215227638,0.20267865315484615,0.6365677544576845,0.4582753909233189,0.26899789962977305,0.3103183677779897,0.2577576707226984,0.7591061632767109,0.5413270218154854,0.4733441936072008,0.40459308962782603,0.43686596814661405,0.0,0.0,0.18525228996676898,0.0,0.34785876067742016,0.1405020794511061,0.33034203876126633,0.0,0.0,0.039339063235507746,0.2245555841763119,0.31410274674098293,0.32485246611987856,0.16620505686442275,0.3480419089018389,0.21040545595545448,0.7292777759901058,0.27974453200065197,0.637384624064604,0.4585232562492229,0.4260114583330322,0.4735390689801646,0.7745667315891882,0.11436140222816736,0.6429005497491058,0.358636447870056,0.21723373734211826,0.3367764465722699,0.4852644147140763,0.0,0.15067388857899255,0.0,0.7836169126543558,0.66892159026131,0.2588843368364979,0.5189286973580369,0.6524326312626136,0.0,0.0,0.07441950578116031,0.7067441116906275,0.36806944120772084,0.3646780025027972,0.0,0.11985508552471767
0.5463667184479732,0.5886185763951317,0.8111611968052805,0.0,0.37206170441419995,0.6624402116603191,0.4115044843504473,0.42286306194752515,0.712518743794492,0.4751189341243679,0.6505638528932154,0.29460946676916083,0.5232482084122397,0.0,0.6898227782246822,0.38178120639850066,0.29856980956419465,0.36943336367721685,0.7443518215227638,0.0,0.4070960387852704,0.8908816507951569,0.4726458560749634,0.22641672676390978,0.3037738827010138,0.3047930301440494,0.7743259310924009,0.6620127105161062,0.6688442705814714,0.6023289859250032,0.5926283056373863,0.0,0.06897695797570613,0.1994478833020648,0.0,0.4205768481654518,0.36516870533271734,0.47896186678619557,0.0,0.0,0.0,0.3527408917823067,0.46686149836610913,0.5178800484987243,0.1898444254011173,0.6166342947916367,0.27854449951506194,0.5813942064146543,0.17321916599413476,0.49468843436862786,0.39566209253336965,0.3435997187503606,0.5733116330453761,0.6553163533725997,0.0,0.5096797625172315,0.34091792266034593,0.21226792777001816,0.396517627009973,0.7071487116282404,0.0,0.0,0.0,0.4702946895864091,0.7535109569041886,0.5601047524306116,0.597484764734319,0.6146979879292062,0.0,0.0,0.05829152676075663,0.7517603849668344,0.20383315709774774,0.471865713307121,0.0,0.0
0.9407613022263199,0.5056898487686357,0.3032374629128026,0.10213453223812773,0.0,0.6429642857016272,0.11813293149807681,0.6887798443335017,0.43703164132124417,0.21954680993360762,0.03778849322769054,0.09165934545463539,0.42354188698022494,0.0,0.15108630380643268,0.5384988065630271,0.0924592994711415,0.45425773057487545,0.20267865315484615,0.4070960387852704,0.0,0.2677483006500011,0.696230576977554,0.48989609362650166,0.5863484386850583,0.16035094996987437,0.32147654390632185,0.42917745343498315,0.8080383254463108,0.7508316786347116,0.598083478755948,0.5505644805967244,0.5809142202051749,0.30848984687133557,0.0,0.48112046715289053,0.30189475161679075,0.5244165784666105,0.48324084105884846,0.5225408410657375,0.42450087196592734,0.7406834998104054,0.4904379081864925,0.2862056570300869,0.447787204970904,0.8757535894467275,0.33321359127605316,0.0,0.04935775985772825,0.01433945498156998,0.39899190608057533,0.11351543489589366,0.41687039987581465,0.3612183749332347,0.0,0.04082935748143736,0.17652464722096117,0.0,0.3271398135406468,0.1388999581743507,0.0,0.0,0.0,0.0,0.0,0.9184947263694242,0.0,0.3219472684762202,0.1846664888106759,0.0,0.0,0.30389043340811017,0.0,0.6349923495577817,0.0,0.0
0.40371904538077996,0.5836372058169896,0.6284527641191435,0.0232660954643158,0.1938244398707382,0.40826896462928297,0.25684044537796985,0.22201838556854306,0.4948401692662188,0.42716294872827304,0.4787598362323071,0.231655927914027,0.3356751553880919,0.0,0.727031357882803,0.4108276736742835,0.31315916590171466,0.3728451528462667,0.6365677544576845,0.8908816507951569,0.2677483006500011,0.0,0.2972752911753085,0.0,0.30596917309131866,0.30979419889090415,0.6507919582587132,0.5980191277658006,0.47603634491281266,0.4487372926672933,0.5098244058800613,0.0,0.05939931454192482,0.17656534697349363,0.0,0.28062442040755053,0.2984370887950176,0.35738744779306025,0.0,0.0,0.0,0.343526531596419,0.4243426640684745,0.4542921304401359,0.07004401113930322,0.42041483977832406,0.290662148394877,0.4269753990212022,0.16904144494674597,0.3928384222734458,0.2388013597735167,0.3066464684166308,0.3463546388762661,0.45698228685373227,0.0,0.3393915943291888,0.3025775971505623,0.20418839661070645,0.3967863718172732,0.7051246494642658,0.0,0.0,0.0,0.3754092699008632,0.6863269640002819,0.3972087151228246,0.6436826034095409,0.3971460140769908,0.0,0.0,0.06198060577695933,0.600385135842687,0.2229893507169845,0.37070386501200847,0.0,0.0
0.5968732515680333,0.5418476864464166,0.501675449378605,0.0,0.12395425376992235,0.7880295493339007,0.26883547594621165,0.7852148318005181,0.5445404327751154,0.37960779218951135,0.2669240824821636,0.33058444752786115,0.5668155363660412,0.07517269517925176,0.22873982595370293,0.41504196825374723,0.16431280305553636,0.32325893757361135,0.4582753909233189,0.4726458560749634,0.696230576977554,0.2972752911753085,0.0,0.5237712949080244,0.5206268094288887,0.39431372998408387,0.5463964442665912,0.45799424063236366,0.6735184286889638,0.6051160303505192,0.5392993658737815,0.4046066254247819,0.4043952723077685,0.4061947889595432,0.1583916650584234,0.4479957715527812,0.23708226610141722,0.45183082475477176,0.3302667180998497,0.2703120273871619,0.08665268538569125,0.5093404378549289,0.35906437497699917,0.22254020515353337,0.34337513151160526,0.5861797817297545,0.4885636207976211,0.24311481484590283,0.16181235136986083,0.2297680479551912,0.5762300436275228,0.3004968792582771,0.6974648569715517,0.5422057224499174,0.17596355301199476,0.2486777748502655,0.33209440325236833,0.2171664296815375,0.3229931236850432,0.26798013072710763,0.0,0.10585818326514455,0.0,0.19301282375296866,0.25262114634595423,0.6507966703794612,0.15505252902329508,0.7450901403222676,0.26191723682116547,0.06399325718763534,0.24865962360746816,0.4567922015801448,0.100080999359647,0.5610987070677975,0.0,0.0
0.3756061484283,0.3341201076700088,0.29659611382562884,0.0,0.07618275072538971,0.5902359700378541,0.12756158569862514,0.4569741311219319,0.3377343645309481,0.2774185211049385,0.1859933256479976,0.6458574100469952,0.5158055836996575,0.0634702969688133,0.09255815558687364,0.06260491052382555,0.34169706180169357,0.2927260177169651,0.26899789962977305,0.22641672676390978,0.48989609362650166,0.0,0.5237712949080244,0.0,0.466080315810538,0.5635110923603942,0.2182173075968627,0.37761230567559845,0.3479552275958067,0.3531299402349419,0.17087514137772422,0.12708399498451478,0.17748880374501666,0.0484769605088745,0.0,0.3703648349085197,0.3572292498770189,0.2590113399879211,0.15615786224564626,0.2494975280781256,0.28745281341177276,0.08837810794354985,0.3415536820815656,0.3529435835813448,0.20169172216997075,0.4374620606642641,0.11534847429570558,0.252748837199505,0.22695576715147095,0.2721421381788713,0.5304823072714983,0.3195633235282388,0.4764819906115046,0.4259934935385644,0.19046158083905979,0.21342057390393895,0.5206507302594153,0.4517246229220788,0.15959011016586672,0.14342935810698584,0.0,0.2175420999439527,0.015626381172848185,0.20418635386674894,0.15462367119280862,0.4775732669764583,0.08028198533416653,0.47853317516350974,0.759980447568378,0.01145471083579222,0.49088946126835237,0.22877119993199674,0.4212877064086505,0.3919160548316763,0.08829293355488302,0.25577724783440886
0.5735318959431364,0.7258552755196931,0.3338047584970052,0.34075731346844745,0.0,0.5652812210515529,0.21462013130031402,0.2672854955634694,0.3736019094255571,0.5498220290314323,0.14250427291068885,0.32932835486385725,0.38603311348838104,0.0,0.24397719876128288,0.5544604497832408,0.6054781288027845,0.7293946501112418,0.3103183677779897,0.3037738827010138,0.5863484386850583,0.30596917309131866,0.5206268094288887,0.466080315810538,0.0,0.5517707214867033,0.352663301728007,0.4942532363396219,0.5287625903937732,0.3853311665638596,0.3708931129919818,0.34999944486750967,0.40119802567278273,0.20084850055209658,0.0,0.355207181405177,0.22725257240563665,0.3755587080667315,0.2842635345349754,0.3876326536320734,0.3867820167117185,0.36149970610823234,0.2796474785131355,0.29031638035644125,0.19257493665559455,0.5920767662016856,0.32398974160268834,0.0,0.15125570197909724,0.2076192302958947,0.33144558410386704,0.11813660763452097,0.17371766513387318,0.40691143074876457,0.2347176170829128,0.04750852423842243,0.3569636767900678,0.0,0.13403266977457154,0.26564890887741693,0.0,0.06631034225394743,0.0,0.0,0.14644266896571784,0.6052097772073266,0.0,0.22384780001596438,0.22379110838068764,0.0,0.14453218053791883,0.29898415051587257,0.15551941883725878,0.42278204713334394,0.0,0.05550580005828762
0.10018370395388727,0.5755900508471403,0.261010367385106,0.2505805721248219,0.2468186718261433,0.530134435380694,0.271420452648003,0.40279453962549855,0.3570886950620863,0.3568172321444447,0.21561354095939528,0.6350626831225497,0.6609914287048787,0.17571888374934702,0.2958873864262691,0.2152769180647705,0.4495802199804388,0.3493444086063496,0.2577576707226984,0.3047930301440494,0.16035094996987437,0.30979419889090415,0.39431372998408387,0.5635110923603942,0.5517707214867033,0.0,0.2564556520251145,0.38552002437996263,0.16463252357309519,0.09888895186369692,0.09637237008347221,0.1978914722452618,0.13576458682646259,0.12629656291713373,0.0,0.17898805855878727,0.29770793339949464,0.2363015308044813,0.2194780182399323,0.183015614445567,0.0,0.008541747162159389,0.09290916035847037,0.22632773009946675,0.08199670644080637,0.14543838994238886,0.27164355418310093,0.22353824057063928,0.028736311331564967,0.26518999260043935,0.39421317482093954,0.12858792466930266,0.4148694309369748,0.37862967271612713,0.10563463710756556,0.2126992234784928,0.4490071934724652,0.4232107262082664,0.0,0.36932537134499527,0.0,0.11876764576745151,0.0,0.15150300134047265,0.243251692809769,0.20741759938076706,0.15656804047868983,0.4059305837491106,0.3733043358104039,0.019431645532603674,0.6725556679462026,0.19996979333395873,0.18222717165596655,0.13246844617522097,0.0,0.0
0.4252591981082969,0.4823302385742711,0.8335290852982599,0.0,0.32618050386973596,0.731893933039752,0.36987833940853587,0.37300993743652594,0.8156050693278263,0.37242997456179616,0.6377961075908706,0.1959730197942096,0.5054897989198466,0.0,0.5316332035616038,0.317877393908096,0.18631933211126941,0.337625710388972,0.7591061632767109,0.7743259310924009,0.32147654390632185,0.6507919582587132,0.5463964442665912,0.2182173075968627,0.352663301728007,0.2564556520251145,0.0,0.48450442587471754,0.5143995642490037,0.3882691809315972,0.3427083188651796,0.0,0.038477180869893574,0.15153599083228123,0.0,0.27242206194053015,0.3264746233631344,0.36179178234083736,0.0,0.0,0.0,0.2954828397694228,0.1732037338041123,0.3539820492086179,0.18178995662877348,0.3528302835823325,0.34181325466793255,0.7035366063552381,0.24081272235088755,0.6134204494474577,0.5869163901615612,0.5103204759872484,0.5344678060221963,0.8163529940094206,0.06424717911907803,0.5649274512646911,0.30099020713361513,0.2500873928606388,0.3202845864999321,0.5446704837470614,0.0,0.2029487029614738,0.0,0.5332415637659254,0.7486107685527456,0.34532103461080843,0.5065091610864284,0.6914129416748648,0.0,0.0,0.09935500085691484,0.9535356464360685,0.2114586986094418,0.5498101957410968,0.0,0.0
0.49558138322430023,0.6280339457518141,0.5892593040284262,0.322714679311023,0.26424238081835033,0.5812518198605431,0.3612161821014117,0.34404251830847854,0.5020280493171899,0.5922643450553795,0.3968430342671463,0.4407049820414031,0.6742833338101771,0.0,0.5479778689495097,0.48521480506147197,0.5406871756546374,0.667146545938486,0.5413270218154854,0.6620127105161062,0.42917745343498315,0.5980191277658006,0.45799424063236366,0.37761230567559845,0.4942532363396219,0.38552002437996263,0.48450442587471754,0.0,0.5209663948379111,0.5053052764143702,0.5664993373960967,0.0,0.1046572089595465,0.06566230542800382,0.0,0.5869586687388075,0.48913920239003184,0.39136097953501586,0.0,0.03165559171070883,0.18777635803047604,0.3405991689977096,0.5074239042213,0.41644131500733433,0.02999116070053905,0.5306060547920327,0.09037464175784823,0.27296900410339836,0.23840543751907062,0.4296795456421196,0.4154262135039199,0.23082969417830126,0.4354641017086819,0.48706283104199155,0.08809970414547962,0.2440192744694877,0.5392849593796567,0.2862269116912578,0.1848470120278485,0.523764411516906,0.0,0.0816899969935003,0.0,0.26268304840586604,0.4857830109578574,0.5203807332110464,0.30687773375365085,0.43515968665326243,0.07770824682522201,0.0,0.0376613856661708,0.49033713410775187,0.5342042357281106,0.3973706819763327,0.0,0.11370646714864818
0.8435247675892097,0.6009941572861062,0.4914428691792785,0.0056951220991830935,0.25252099270134964,0.7421469295031279,0.5214085758943245,0.5694454638165173,0.5936842612956104,0.4272284130933112,0.26069937957122696,0.0690518522791524,0.49171319545852554,0.0,0.20241619233024935,0.7117686707526438,0.18165394509878136,0.5156134281959927,0.4733441936072008,0.6688442705814714,0.8080383254463108,0.47603634491281266,0.6735184286889638,0.3479552275958067,0.5287625903937732,0.16463252357309519,0.5143995642490037,0.5209663948379111,0.0,0.8174851108664805,0.7783395959762915,0.4518441539414119,0.4972450444973891,0.48088147539410353,0.05217773337399778,0.46362637573853416,0.1789093307843352,0.6074388895045306,0.3204747090890583,0.350055052645429,0.4007014289152875,0.6713749864737123,0.48617188361660585,0.28489805376151195,0.41718211105319924,0.8586070449712739,0.3911553790720971,0.09912532608102025,0.0053316398361482435,0.17074214121005407,0.28499365303605206,0.17698677803145335,0.4588771661553985,0.46461191149073394,0.0,0.19197562031098525,0.09192862045068785,0.0,0.26768023904111526,0.2299373658989414,0.0,0.0,0.0,0.05144310834984911,0.2071792013006245,0.8381820168688549,0.12252175999786191,0.47391916187861743,0.0,0.0,0.0,0.4293925268396591,0.0,0.6479556191207965,0.0,0.0
0.8072732834648061,0.4647599405791068,0.38022645189264703,0.03564605512713764,0.24053332301974883,0.5738780674545225,0.332393363415037,0.6180217497542823,0.47543055780996457,0.205330808661444,0.2657131388959944,0.013018366472481212,0.40463283718117415,0.14909863268870271,0.13277662283943717,0.6293499018652721,0.059155215286522025,0.4536845656876077,0.40459308962782603,0.6023289859250032,0.7508316786347116,0.4487372926672933,0.6051160303505192,0.3531299402349419,0.3853311665638596,0.09888895186369692,0.3882691809315972,0.5053052764143702,0.8174851108664805,0.0,0.7847179045334134,0.3556017094639048,0.4406945368144219,0.5000537571243964,0.08671895920414156,0.4583884155214412,0.16315161448710438,0.5786606703658873,0.22897650162206973,0.34585874367115516,0.2550541108835037,0.6537853657568388,0.5212131309698299,0.27083147531400786,0.4891453361972829,0.8318435618807349,0.32150210081965525,0.05159754159893792,0.0,0.030682114999138477,0.1891045501762489,0.04419968748616328,0.5237316285832049,0.36665407980488,0.0,0.22170795848210992,0.08195631269547768,0.0,0.3610961297263573,0.16492484367923096,0.0,0.0,0.0,0.0,0.07015483792822319,0.7482319197937903,0.06466869915692793,0.4336166303148162,0.05463187570998415,0.0,0.0,0.27928395962202157,0.0,0.4139246065814983,0.0,0.0
0.6691024840787578,0.5924511276465126,0.3467386066232451,0.1501800220869642,0.3091472504867724,0.48579127754234047,0.3748695535183909,0.5290316575695543,0.4617463129792742,0.5136536841130874,0.269353899993579,0.09635263080678572,0.4174907360343683,0.22239182977723582,0.18004835575549907,0.7449023179571832,0.23992289690556146,0.45836181935637765,0.43686596814661405,0.5926283056373863,0.598083478755948,0.5098244058800613,0.5392993658737815,0.17087514137772422,0.3708931129919818,0.09637237008347221,0.3427083188651796,0.5664993373960967,0.7783395959762915,0.7847179045334134,0.0,0.2638765500186905,0.4526544101906431,0.6502982405990804,0.17823133887111878,0.5617335053516784,0.15009346801603804,0.7235152320184313,0.11809265046289016,0.1930074642128171,0.015282436795747091,0.6034070263675582,0.6412232702112959,0.23620619352691322,0.4503717098466202,0.6907549696563763,0.34252097639014517,0.0,0.0,0.09512563420650699,0.0,0.0,0.4379657943215497,0.3188909166071882,0.1654423461228672,0.27720009583995053,0.1655082243453555,0.0,0.508313095457301,0.18103675130914926,0.0,0.0,0.0,0.03667693408974768,0.06343941446763214,0.6279762419634184,0.07460205650388532,0.35098658638931424,0.0,0.0,0.0,0.24698883843811562,0.0,0.26842733525578644,0.0,0.0
0.44080152568962516,0.33526054946330136,0.0,0.07272277162265788,0.0,0.3267350027377168,0.22964359539521587,0.42476182352014236,0.10656502700356316,0.052721526454478675,0.0,0.0,0.2659827900957146,0.0,0.0,0.43146166359008,0.0,0.24889899025478807,0.0,0.0,0.5505644805967244,0.0,0.4046066254247819,0.12708399498451478,0.34999944486750967,0.1978914722452618,0.0,0.0,0.4518441539414119,0.3556017094639048,0.2638765500186905,0.0,0.5795243919430365,0.436721960805613,0.3271921597843325,0.10037506989836073,0.0,0.2869463516105556,0.8759413899130856,0.5138796982869213,0.15923238556039013,0.5605550105720856,0.20378638363104626,0.0,0.2744477155551748,0.35620022503010196,0.24601444918547535,0.0,0.0,0.0,0.15573275602256811,0.0,0.122206810188773,0.030337487375176598,0.0,0.0,0.0,0.0,0.03682329851208029,0.0,0.0,0.0,0.0,0.0,0.0,0.46905216825822516,0.0,0.0,0.0,0.0,0.0,0.0,0.0,0.3078329818833037,0.0,0.0
