0.0,0.26255244077235085,0.0,0.04957244762916467,0.0,0.08152722322391869,0.03440671569154166,0.2715704186453658,0.0,0.17956420595687922,0.0,0.0,0.22303780577817492,0.043800294178299726,0.09195250349853099,0.2998034858713699,0.3729200932091069,0.3078932573379736,0.0,0.0,0.7518130720808625,0.0,0.14700944358074472,0.6106744218602094,0.39997961448329034,0.36268526903160103,0.0,0.0,0.23460322832942576,0.0996748002864777,0.5100662652180128,0.4168176896420191,0.546578780292736,0.45471733005860276,0.31736401334608766,0.3172921889130654,0.07009042583325811,0.1607119490942667,0.3970681394411175,0.5024289906628259,0.36719092576409185,0.10225283177462899,0.4169233999545515,0.02767630612447309,0.0707967004844972,0.8616579199932954,0.47807081377647487,0.0,0.05657392584015321,0.0,0.2553411259893793,0.19299139339410132,0.44342653039249635,0.0,0.20274463759898892,0.0,0.08646972075483245,0.27495182893819564,0.14395938481815387,0.13477855868765326,0.4414819292379575,0.2187090403433241,0.4980288198849879,0.0,0.0,0.7664604988949293,0.0,0.22664027267324163,0.5025471285858413,0.5228611038870955,0.5601619627247865,0.053046675417060464,0.0,0.34989201739764536,0.2924093280564827,0.41080737880839513
0.26255244077235085,0.0,0.42520560671739355,0.02742543075839053,0.5665704966130517,0.791235358229444,0.6947181484365997,0.3336693769537483,0.6765938275753174,0.6730105973781709,0.5123539111018822,0.6003950411115211,0.7945335966224759,0.3276335269513571,0.5500602788728577,0.710191814876715,0.7520742396684333,0.7652708805401698,0.4054113236394192,0.6370229948086122,0.23542357615485515,0.676120165522414,0.5025687969515107,0.43563258875717936,0.9092176630264824,0.8753535859755793,0.7472602108391587,0.7311471309273484,0.7687182024494318,0.46342468850814644,0.5914305333450448,0.0,0.18727334934257583,0.08012020130744134,0.0,0.0,0.2017594979346497,0.29030441326835693,0.0,0.10080405683184336,0.07346464295646953,0.0,0.16788167903946916,0.4002041972874032,0.21230527115319187,0.10688956294844901,0.508711631519136,0.552003500653231,0.12430957457777038,0.30124146514339417,0.6407940985283173,0.08857484414684356,0.26150738196665524,0.6130873535383158,0.36708090049485265,0.5495096634243489,0.5002357995596058,0.31144659654286916,0.21251340524948842,0.6367551608038128,0.5468624045860137,0.0,0.3099335728941742,0.377552272959846,0.569113383406745,0.20278312598501433,0.5568341735040293,0.6108528512380651,0.32640270133263494,0.5616556684129923,0.7509261667754692,0.6884017629436155,0.48414821260240787,0.5209280976154244,0.0,0.3050410829913331
0.0,0.42520560671739355,0.0,0.1153044998066885,0.7153946040580884,0.7772553520354554,0.5990406127337736,0.39113226315706207,0.7508430527086921,0.4176448135798881,0.856229317296489,0.4663810322950408,0.49853799417621897,0.41479125808004996,0.865901625941526,0.6637807104733192,0.38026707374803936,0.6277982773235184,0.8262226588465474,0.8384989226075684,0.04945978520905092,0.8074304981854941,0.8731289002084612,0.026937990278665384,0.4776019544451961,0.5440576913831343,0.8647705414157745,0.8129707486891855,0.7173903835350388,0.6085714761563785,0.44314116010299504,0.0,0.0,0.0,0.0,0.028268922591017338,0.28632059871816473,0.22037011966581876,0.0,0.0,0.0,0.0,0.20742167442281798,0.3582177524801444,0.259538202797701,0.0,0.23764786985536224,0.9370067301595653,0.11979030260524579,0.6909982317662569,0.688502094090036,0.33855931486068197,0.10315386600281318,0.7811738972923955,0.33258298498353445,0.8111365308802969,0.33398424384462555,0.442134329602601,0.09064519908058576,0.8098306067599413,0.4553119155624699,0.05065652372943767,0.2920314086374606,0.7699844518327935,0.8129536773201754,0.0,0.788655581216285,0.8207244541725653,0.0,0.09537535613214189,0.36237985788237903,0.840205018341199,0.7590724086111009,0.6599058829206883,0.13795716828239446,0.3658890974708296
0.04957244762916467,0.02742543075839053,0.1153044998066885,0.0,0.35356557728113625,0.14733540183242771,0.3556856390335032,0.38081547404157085,0.14401374312310086,0.3909356731593967,0.23315622238707756,0.31371282986810667,0.3310608579258413,0.27385218689748214,0.07816342819521693,0.07543893059666143,0.3099857993325162,0.2308286067816269,0.15018869192664192,0.0,0.19265461834064562,0.0458239806017263,0.22550380764872613,0.18255984179455229,0.15156806268486586,0.14101999648105562,0.08733365564911151,0.26538459529783126,0.0587622437307605,0.38493469742989994,0.18526923283301808,0.0,0.0,0.09739342502923423,0.0,0.0,0.0103120718866233,0.31338182248592633,0.0,0.0,0.0,0.0,0.0758929357390491,0.004039432736056535,0.18147655708328042,0.013354101097441175,0.38116005555009835,0.03847662382021041,0.1589220552130991,0.23230110262434428,0.033481205069818346,0.24635761274438098,0.31540651030118433,0.14348823275657582,0.44288033881881106,0.17092097266283257,0.4605150105316794,0.296850174673055,0.0,0.17564613708202761,0.14518546735633384,0.2945922764030401,0.19700793916632212,0.19625211504297185,0.0,0.1460896785574443,0.13016326694727234,0.2069805994530564,0.16149372392565697,0.17927081569732028,0.2330057285438814,0.07816436674498965,0.1922391839373721,0.024096041858448998,0.0,0.1421219229093085
0.0,0.5665704966130517,0.7153946040580884,0.35356557728113625,0.0,0.8495867989465035,0.8805329214324552,0.3450413971437933,0.9290406368927921,0.7141514382189628,0.9192200736993222,0.7184553355891621,0.671640915257398,0.6310938221400015,0.7455018435130254,0.6453878910260918,0.5945344580361476,0.7085788492898742,0.7050946990405025,0.8631328814119801,0.05370469057804552,0.8757706161486161,0.6653529718742935,0.052440991519775916,0.654186878195006,0.6714950051657141,0.8364008553969733,0.8872683439091867,0.7402005262245972,0.7283372100440448,0.3447520773065453,0.0,0.0,0.0,0.0,0.0,0.16372036630327044,0.4013693952429338,0.0,0.0,0.0,0.0,0.23179730496275916,0.4595000406459221,0.18024023205181097,0.0,0.3943800649039963,0.7928259908122041,0.2549428548497949,0.6850350934589953,0.5823378881277054,0.30607440089415533,0.2006094557176124,0.8780337406326003,0.545910074417712,0.9009370834099534,0.5808332530575382,0.4227293160926544,0.18049153540608454,0.8356072670154716,0.5920312448293381,0.13410168383151005,0.3391469165711952,0.7020539595240324,0.8044004244147549,0.0,0.8272230614608199,0.7375454213553307,0.11478237542794871,0.3375106746096994,0.5717087013498664,0.8047015484218788,0.815192523062651,0.5238128462934186,0.07759560291777091,0.46629212430780953
0.08152722322391869,0.791235358229444,0.7772553520354554,0.14733540183242771,0.8495867989465035,0.0,0.8224384021320276,0.5482351524964952,0.9228342488352462,0.6262458583620099,0.7900723108689788,0.6590931879472326,0.791567307988935,0.5720614236220734,0.8155012834040535,0.7484268158985058,0.676040268316869,0.7978733564528397,0.7158720533039531,0.8827024812532944,0.1646812475861625,0.8833426044380178,0.7906776239452323,0.33312021753784815,0.7997743345839733,0.8714844156572812,0.9426957462702242,0.9062887456710874,0.853983504416441,0.5913402783272318,0.5558748911046552,0.0,0.0,0.0,0.0,0.0,0.34521092908959883,0.2993106366475902,0.0,0.0,0.0,0.0,0.32179297603267415,0.46728327060766905,0.24927266487716054,0.0,0.38884166819723176,0.8870590778061752,0.2785565024053916,0.6803154384016262,0.8429330880947594,0.33734051613749755,0.3461526948320615,0.8863507917548507,0.351332810077913,0.8287545170263603,0.5402906127585889,0.4444397671343879,0.34335689111511786,0.9056278406013512,0.523087783089021,0.0,0.2766845135066998,0.6855128939093026,0.8731175088649347,0.09267159232998308,0.8353278629851209,0.8742026305651001,0.2135240239723091,0.30347945378463775,0.6772451306946506,0.9453762109119498,0.7740739800046355,0.726701928755135,0.05128217886010073,0.41880490730661946
0.03440671569154166,0.6947181484365997,0.5990406127337736,0.3556856390335032,0.8805329214324552,0.8224384021320276,0.0,0.3694483683328482,0.8425712637232348,0.813060259113918,0.749065561947078,0.7327455896243807,0.8376090973907292,0.5589220782513622,0.708480654767089,0.698322645342018,0.7103493622620564,0.7956873125373978,0.5860801269913932,0.7547550238434153,0.1956593090815688,0.776660120507894,0.6337625101028602,0.20736268491703955,0.7502578605338188,0.7270553258171212,0.7616022710013222,0.8636674510059333,0.8075539175426761,0.6942155008261963,0.43935602420542674,0.0,0.0,0.0,0.0,0.0,0.16797123291636598,0.3913361443145342,0.0,0.0,0.0,0.0,0.26931064285100165,0.3906278231117714,0.2942894260964262,0.0,0.46355761780497184,0.66855372302176,0.3140173200382423,0.5955890586744502,0.5692274764583315,0.394093403444521,0.31639337813101753,0.8035675155143736,0.630494476657931,0.7617356387192624,0.6630779724399546,0.4903278837661875,0.2230602666635332,0.7960735609531774,0.6756097548163381,0.16155979850666854,0.4098211674089795,0.6227907810839094,0.6633032983816463,0.11305570846633801,0.7157692967125656,0.729260136767555,0.2623105866032884,0.45728120424696744,0.6897447675846177,0.7235437131372723,0.695856252642194,0.5402178959971506,0.0,0.44956463054599455
0.2715704186453658,0.3336693769537483,0.39113226315706207,0.38081547404157085,0.3450413971437933,0.5482351524964952,0.3694483683328482,0.0,0.3243617081501226,0.37080931148690827,0.3656847090107064,0.3831472092832993,0.5652292763358068,0.4700045446951366,0.3587348155056198,0.300565235478369,0.472170326983923,0.4506932601564139,0.4873106156880078,0.2778011006734105,0.3842031070381145,0.29661570105847496,0.5789925730045403,0.47390607040962957,0.3701599588891809,0.522384635012149,0.4145880241625993,0.4899068557889593,0.3466512641908787,0.4139497639307411,0.5413433916707276,0.05972753884032674,0.25365403963617944,0.3584933500405152,0.048261701463799093,0.2911241869095058,0.2678698092424393,0.34382955372006935,0.120219239715267,0.22293930717837473,0.01618902236226521,0.0,0.39580182485796234,0.14810643864581277,0.2031919363674553,0.14947109125865762,0.4142702779331017,0.3620678584857501,0.14950635965365605,0.35189386425643393,0.48336366457229357,0.4035078509008713,0.74719452364185,0.27225460834525544,0.2773051189182452,0.32905693253846363,0.4465467473968226,0.4829406860076656,0.2735001464343485,0.43166258565595866,0.2493091452781028,0.1037910810004173,0.20439706143675104,0.4798621526936877,0.33172925136534703,0.33872005669230315,0.384500751173362,0.5629543119874764,0.3039873006847856,0.13081536063673407,0.40202599408057615,0.4328600699568764,0.37848447788388834,0.40031800094143755,0.24265185878442674,0.3054599539553093
0.0,0.6765938275753174,0.7508430527086921,0.14401374312310086,0.9290406368927921,0.9228342488352462,0.8425712637232348,0.3243617081501226,0.0,0.6457207805118369,0.8636671600008359,0.6555762707352711,0.6533150604655091,0.5819573073162774,0.788877583832271,0.7426637200908998,0.5681584398309157,0.6902568177115717,0.7263491131486788,0.9150530610600021,0.0,0.9101305794984503,0.6919959072002537,0.08868785532854304,0.7073477343642692,0.7151165813535447,0.9052843769094346,0.8614624905142467,0.8239537900457834,0.6135502217635036,0.4298264867803389,0.0,0.0,0.0,0.0,0.0,0.2802821282451901,0.24056329624403078,0.0,0.0,0.0,0.0,0.2545919459681605,0.4247546106787116,0.19878059057162642,0.0,0.3295139963442708,0.848883172663099,0.28799911103398895,0.6750286626812942,0.7260128493556235,0.29655644594971226,0.16705734094390887,0.9718301861229418,0.41952418123351454,0.8879755292871749,0.5058286765283659,0.3759249939513593,0.27749851134076925,0.887881392917316,0.5576262529678272,0.02073943877885592,0.29293542426531655,0.7309642103884513,0.8728073893182955,0.0,0.8382415000851128,0.786815500171463,0.12348897579082706,0.2730334601287363,0.5788674326065377,0.882994736983821,0.7566996644277053,0.633636479756067,0.0,0.4034174706791892
0.17956420595687922,0.6730105973781709,0.4176448135798881,0.3909356731593967,0.7141514382189628,0.6262458583620099,0.813060259113918,0.37080931148690827,0.6457207805118369,0.0,0.6130860964310663,0.8630852480272121,0.791763530883024,0.3959398670619217,0.44310568046312754,0.5631234722464147,0.8229861303899312,0.7119246363912102,0.4537841448292124,0.5194353089946964,0.25794032531070704,0.5853987384631116,0.40926962525430627,0.45123040440761963,0.7287453890512698,0.7361279929098603,0.5431657173845083,0.7525400544770018,0.6145869552206379,0.6606266392721581,0.46671867674886286,0.0,0.09678631320656125,0.07818175114424362,0.0,0.0,0.1527981952134016,0.4655446414319179,0.0,0.054722935240238184,0.0051547480252267875,0.0,0.2261205846950547,0.39937736943121777,0.26744511613106464,0.07150557948421404,0.4623646824582294,0.46599186861791225,0.10791460822210708,0.2754565157124066,0.35933247295605264,0.11461863908114753,0.3456488650122581,0.5668136180457306,0.8228794473756487,0.5391975005291426,0.8143965764954045,0.4038347732604669,0.031907305372171596,0.5845495826525052,0.5440872725951709,0.41159332370086527,0.48253712490485184,0.45735557223909984,0.4074841515624384,0.15163445199001938,0.4652600167653531,0.4879777235951145,0.5274221065491035,0.6435237621816224,0.7711791403744095,0.5064903207630699,0.5651126523419719,0.28748273919071266,0.0,0.43664941500638094
0.0,0.5123539111018822,0.856229317296489,0.23315622238707756,0.9192200736993222,0.7900723108689788,0.749065561947078,0.3656847090107064,0.8636671600008359,0.6130860964310663,0.0,0.646411230097458,0.5840879602813935,0.5862074788801257,0.7980739794875441,0.6513400463584006,0.47451077031337396,0.626019443405533,0.7987154144805182,0.8637479297815048,0.04797499259618485,0.8640292399104255,0.7425887550834805,0.046708313116319185,0.5486541273836864,0.6254454786362119,0.8374241065087008,0.8642742476252124,0.7256820905367766,0.7048662624577275,0.3489672255916661,0.0,0.0,0.0,0.0,0.0,0.216965554539385,0.33436429494033154,0.0,0.0,0.0,0.0,0.14167675666734955,0.4222953810351478,0.19803249067062995,0.0,0.3002418214815881,0.8809345081775489,0.15882326231820929,0.6581556338261799,0.5692152072335421,0.24793459840713006,0.13241212251043644,0.8432713559244107,0.4817563640734923,0.9536846954999945,0.47383659761745894,0.40486714518458816,0.16872187240225098,0.8166484945722622,0.529572812584238,0.1564291744470926,0.30606007318456213,0.7773893460925483,0.8050607134610924,0.0,0.8172403533087773,0.7362276772577108,0.0560232910665432,0.2705571802888964,0.4697308925204529,0.811738045937139,0.7865264836825305,0.5422170396397025,0.08474938231150116,0.4385030756715746
0.0,0.6003950411115211,0.4663810322950408,0.31371282986810667,0.7184553355891621,0.6590931879472326,0.7327455896243807,0.3831472092832993,0.6555762707352711,0.8630852480272121,0.646411230097458,0.0,0.6759725366663819,0.4053147078558191,0.4485424962189176,0.49070958379281926,0.7081808294275713,0.6160481769820108,0.4913231841205889,0.5788425691129311,0.0,0.6485713394555048,0.3756558415344538,0.44454614404029374,0.5977553958313013,0.7315584762291878,0.5417321000889505,0.7250943805411347,0.5353635259734572,0.5970881950334391,0.22877409327605147,0.0,0.0,0.0,0.0,0.0,0.17953630820727143,0.35863818388688123,0.0,0.0,0.0,0.0,0.19126531479574907,0.42005792952545085,0.2273268408464592,0.0,0.221522850329442,0.5185657331216444,0.12196734106760662,0.2714214656454466,0.36676474428874645,0.0,0.2689155121150675,0.5706121046356837,0.6611860834185014,0.578194958422905,0.893702699742309,0.36357286039275477,0.054225274015409455,0.5754686375057579,0.413408466105579,0.27887613167770636,0.3075477623356745,0.4525402687041768,0.4584389900474605,0.0,0.4869956640065026,0.42387786768398855,0.4999525496319009,0.43902264433918253,0.660372222175819,0.5156056451902851,0.6046004761980655,0.20758816121526144,0.0,0.40400408703433904
0.22303780577817492,0.7945335966224759,0.49853799417621897,0.3310608579258413,0.671640915257398,0.791567307988935,0.8376090973907292,0.5652292763358068,0.6533150604655091,0.791763530883024,0.5840879602813935,0.6759725366663819,0.0,0.4530183472558875,0.5833932263782824,0.623782669405157,0.7792362763647066,0.8224907823582716,0.5188713411744392,0.5920377244369627,0.3685171844824667,0.6183004678076728,0.6135418647012089,0.48596563474894444,0.7828230318517727,0.7955394315818202,0.6814285745028587,0.8042312269232144,0.7759446207467658,0.5988572947347708,0.5782116444290496,0.0,0.13068551208971313,0.10186800445345179,0.0,0.026892535557099397,0.22697506113510135,0.4011871185003813,0.0,0.07998005066665503,0.0,0.0,0.29718398400551505,0.3634270013606107,0.32235460981470027,0.06357094445013023,0.5385946609220964,0.5667092454525738,0.2833875752025264,0.43594406657817175,0.5914516856679738,0.34049845270311235,0.47024604548508764,0.5802640837322184,0.5383794939062753,0.571650891110962,0.6199051318817672,0.5390724420600945,0.18083960230432083,0.707995451546311,0.5665888263676382,0.15649226616594242,0.38124843716673035,0.512843935766211,0.5410993254592957,0.3524091312543313,0.5834521925381485,0.7002070277566359,0.38589973028253566,0.5311598353415539,0.7301455698058185,0.6580256235660384,0.6172851126663612,0.5404412808939092,0.023262798841255955,0.468221721768182
0.043800294178299726,0.3276335269513571,0.41479125808004996,0.27385218689748214,0.6310938221400015,0.5720614236220734,0.5589220782513622,0.4700045446951366,0.5819573073162774,0.3959398670619217,0.5862074788801257,0.4053147078558191,0.4530183472558875,0.0,0.4591736463653037,0.4303451670607112,0.3787573221600717,0.4107965192819893,0.502659243758316,0.49732606047842726,0.1953701336395634,0.5372067070597971,0.4720156933194191,0.11263730865568074,0.38606497189387934,0.4297534761295064,0.5030234554969167,0.6042387157899352,0.44828294997370743,0.5060506616243285,0.3322434765363812,0.0,0.0,0.0,0.0,0.05793823688699026,0.2714970382825369,0.26706585369960467,0.0,0.0,0.0,0.0,0.35339848414515307,0.29567623314137376,0.08234664007475564,0.0,0.23580258448713418,0.5098038744061787,0.2954064121876237,0.46292179094096797,0.37650441644373256,0.31419503137215715,0.38577287548199185,0.5238273174634758,0.27320810863423334,0.6111372672869727,0.3301996925606475,0.371733535182815,0.42907685778806537,0.4997557886988792,0.3857067918983827,0.0,0.18154602055077237,0.5269144026738066,0.4341148650473965,0.08916544921065377,0.5098288397430667,0.5425162144644664,0.1482348767083802,0.07525142273598423,0.3331205603372829,0.4607924597735992,0.5495657475473886,0.35911988890326524,0.20587832338938025,0.3442899555320353
0.09195250349853099,0.5500602788728577,0.865901625941526,0.07816342819521693,0.7455018435130254,0.8155012834040535,0.708480654767089,0.3587348155056198,0.788877583832271,0.44310568046312754,0.7980739794875441,0.4485424962189176,0.5833932263782824,0.4591736463653037,0.0,0.7658065156931991,0.46967555912010384,0.7257323799611219,0.7740573906573295,0.8643466527846766,0.18988936221275096,0.8913045642736773,0.8696156105192304,0.07337180544842786,0.6399785228788466,0.6468606062804517,0.8773342997853388,0.8294604346359026,0.8407210557242537,0.6082130844040359,0.5116494679479938,0.0,0.0,0.0,0.0,0.07623024012087931,0.2471552249748995,0.23446323767273328,0.0,0.0,0.0,0.0,0.2594453239194722,0.3858527576773496,0.2107109553539489,0.0,0.41286875136900403,0.8666381934088003,0.20636609319181431,0.67371201934795,0.7909124604141846,0.40209207839174166,0.13140652472951853,0.8120286808090329,0.341757761746819,0.7807771491183673,0.36818850555740734,0.5090513858082294,0.18309444643653125,0.9399657250465591,0.6509088154075363,0.05672396049120747,0.3895294515127007,0.7347286217789173,0.8773078775796781,0.08692528369786337,0.8894935799814655,0.8776480252726228,0.0,0.21160378586878062,0.5113019965683336,0.8923114236789534,0.8148295552560456,0.806117729405938,0.2434043746259056,0.4748944402891196
0.2998034858713699,0.710191814876715,0.6637807104733192,0.07543893059666143,0.6453878910260918,0.7484268158985058,0.698322645342018,0.300565235478369,0.7426637200908998,0.5631234722464147,0.6513400463584006,0.49070958379281926,0.623782669405157,0.4303451670607112,0.7658065156931991,0.0,0.688202791588878,0.7733582620017312,0.6558915087309516,0.7344126258836174,0.36860365298205156,0.7624925075365679,0.7053681242416542,0.19926259510522126,0.7847376220636215,0.6649030370357917,0.7799458020593176,0.7896205849196155,0.9069669826897402,0.6703670312203419,0.6003056025073686,0.0,0.005693580463919409,0.0,0.0,0.0,0.2631900166234732,0.29154822315904183,0.0,0.0,0.0,0.0,0.380927645946633,0.519020850673999,0.18407244499220946,0.05959225907632898,0.543853193707487,0.7382311307433874,0.31473033053708005,0.5166834235818726,0.7039021383094143,0.3405743732351867,0.2841445434888739,0.7135814580079631,0.47912239553276853,0.6387703438803524,0.39984890451619676,0.534316840989068,0.16961101390861746,0.8224246955525102,0.789116087940241,0.20081172725715213,0.6179072552303023,0.609348833103128,0.6781292816518987,0.21389043540350586,0.7073007082754504,0.8433736554050946,0.14096913757360546,0.44945829836004536,0.6853023898183197,0.7808949278702314,0.7423357737074072,0.7127804815609485,0.1763792746337643,0.5585705401582325
0.3729200932091069,0.7520742396684333,0.38026707374803936,0.3099857993325162,0.5945344580361476,0.676040268316869,0.7103493622620564,0.472170326983923,0.5681584398309157,0.8229861303899312,0.47451077031337396,0.7081808294275713,0.7792362763647066,0.3787573221600717,0.46967555912010384,0.688202791588878,0.0,0.859175145963506,0.42695647198307773,0.5029741991950988,0.3130430355835218,0.5450734502640515,0.4628797701294495,0.5734030821079272,0.8068176464482071,0.7822372759388012,0.5763542832502722,0.7205684168966813,0.6518541526954277,0.5799532368696789,0.6380313905573407,0.0,0.23487468719881527,0.16640455520944478,0.0,0.0,0.25931124213757045,0.48968811014582164,0.0,0.11528096777108271,0.0,0.0,0.2622031748454864,0.41273214089648375,0.24940553025662193,0.22921386425944673,0.5276751057763577,0.46544186619097283,0.21040548955506624,0.34041708046263264,0.5406995920015255,0.22704340390227407,0.4060775087760587,0.5209365180418832,0.6589058739360657,0.4691051816814322,0.7122435435366565,0.4513838736538008,0.055600160555032516,0.6010455246247701,0.5641596209890927,0.34560881716376546,0.552612740409308,0.4149101091832043,0.45905994653705845,0.25353245523953416,0.48983662314522647,0.5954132062884897,0.4477409873788338,0.5091149166489586,0.7862205572513844,0.5866956863585566,0.53626076183761,0.39784137831655025,0.0,0.36892493219540423
0.3078932573379736,0.7652708805401698,0.6277982773235184,0.2308286067816269,0.7085788492898742,0.7978733564528397,0.7956873125373978,0.4506932601564139,0.6902568177115717,0.7119246363912102,0.626019443405533,0.6160481769820108,0.8224907823582716,0.4107965192819893,0.7257323799611219,0.7733582620017312,0.859175145963506,0.0,0.5806675117869234,0.673365399301215,0.3685639042016582,0.7135744790326289,0.6876321029541732,0.4141408087012123,0.8637236580678441,0.8204075880929941,0.7593871888091556,0.8566768970888435,0.8438818970957378,0.6588738677668478,0.5760455683920896,0.0,0.05803049247241301,0.07849433882104567,0.0,0.0,0.1844294411671042,0.343138013656826,0.0,0.0,0.0,0.0,0.27268037190673083,0.4028969897147899,0.2488021332941144,0.11920669998473506,0.5775730522556637,0.6654056800287521,0.1910276588087666,0.5587918683880784,0.7601937202802417,0.36483553938124536,0.3402563583953122,0.7025322802963649,0.5485681856286093,0.6203760680945621,0.5860098109272931,0.5975731717658131,0.05586757704155342,0.8032616894150311,0.6941581141899019,0.2033604859585801,0.6386570311363587,0.5409645183681103,0.6830440399314176,0.28726790068684965,0.7109872899010365,0.7865598593145379,0.27319531033672884,0.5332307884621706,0.8018923176625964,0.814809876898263,0.7493209537195411,0.7193839004121184,0.11970777322948845,0.4388788087882214
0.0,0.4054113236394192,0.8262226588465474,0.15018869192664192,0.7050946990405025,0.7158720533039531,0.5860801269913932,0.4873106156880078,0.7263491131486788,0.4537841448292124,0.7987154144805182,0.4913231841205889,0.5188713411744392,0.502659243758316,0.7740573906573295,0.6558915087309516,0.42695647198307773,0.5806675117869234,0.0,0.7514494389681595,0.2282078637972917,0.7451441715226468,0.7569602711936549,0.10827956932060052,0.47527767409538574,0.5273437608412959,0.7399062032850453,0.7850178326467516,0.7463184467911846,0.7025399259577416,0.5266092326979089,0.0,0.0,0.0,0.0,0.07575471937432957,0.36102128645591663,0.26710370918667425,0.0,0.0,0.0,0.0,0.4322531272981843,0.5088923691358185,0.19829886680702083,0.0,0.41617071560937036,0.8162686372275422,0.2566864477607625,0.6041360007563015,0.635534527275636,0.36214481105300556,0.2778520035984709,0.712774403514339,0.38355400328770006,0.7636252388519608,0.3997490030177108,0.49229774099536816,0.17982093037050392,0.7567323254965458,0.5638912142907253,0.10336988111119563,0.364299082799487,0.8938414793996499,0.7516172854192524,0.04901682547638985,0.7692789195847143,0.7637786630784179,0.06655569330435357,0.17853994683909338,0.4255742431132338,0.7398614451577555,0.8019427650725258,0.6774376911335752,0.3232735818001324,0.5421160660759257
0.0,0.6370229948086122,0.8384989226075684,0.0,0.8631328814119801,0.8827024812532944,0.7547550238434153,0.2778011006734105,0.9150530610600021,0.5194353089946964,0.8637479297815048,0.5788425691129311,0.5920377244369627,0.49732606047842726,0.8643466527846766,0.7344126258836174,0.5029741991950988,0.673365399301215,0.7514494389681595,0.0,0.0,0.9787684896644174,0.7226698926249676,0.03341121153495956,0.6514881646297994,0.6760460948497007,0.9384486802107622,0.8770519652847798,0.8528235362301269,0.6083287071491575,0.4303925103755295,0.0,0.0,0.0,0.0,0.0,0.2653584912426414,0.3056744234423856,0.0,0.0,0.0,0.0,0.2345176243828394,0.5200551870976652,0.1691297983020109,0.0,0.28628433261073194,0.9215059226525324,0.2090639036388759,0.6369684557298351,0.7466688521713714,0.22286196309496964,0.06369813151498017,0.9022374461567905,0.29293465212911685,0.8718084994255373,0.4336354944259239,0.3065829647066348,0.20114488352288962,0.8912675592768852,0.5697860729187921,0.0,0.2669676044655992,0.7407698638072817,0.9772233538832149,0.0,0.9345891864406931,0.8091722716232826,0.046287880656592256,0.18376286557092797,0.49841084632347915,0.91116281677765,0.823670861965709,0.6684071039132521,0.07634017911257002,0.41459024783059667
0.7518130720808625,0.23542357615485515,0.04945978520905092,0.19265461834064562,0.05370469057804552,0.1646812475861625,0.1956593090815688,0.3842031070381145,0.0,0.25794032531070704,0.04797499259618485,0.0,0.3685171844824667,0.1953701336395634,0.18988936221275096,0.36860365298205156,0.3130430355835218,0.3685639042016582,0.2282078637972917,0.0,0.0,0.03470710631277148,0.28180061793674277,0.4834059698298109,0.4022125540534837,0.27805442330670305,0.09538138891878173,0.16433141528611675,0.41340703570645365,0.3886001662525881,0.5559520903200291,0.3264784630084737,0.43117062148021434,0.3295380397444911,0.21700885452722557,0.19091314075515292,0.09344181108062326,0.22492636293325052,0.3336643884756264,0.37955910107509605,0.32813369790373664,0.0,0.48195217851669186,0.24622008024234926,0.09287135274649441,0.725127079046787,0.5213732129992764,0.09241838772613384,0.097333069211099,0.0,0.16794288262653884,0.27118446707457416,0.5724763681319821,0.0,0.3087966857939142,0.014787499180160358,0.09611209789854193,0.3439364146930752,0.0915886221003125,0.2478224528685551,0.5186010658480752,0.24074424442070955,0.5503093522732996,0.19717421394515156,0.0,0.8429703724835153,0.1378321269978816,0.3861071260258043,0.4698234656012055,0.5093192504025377,0.4842303534804565,0.150534151861555,0.18541058628399607,0.46998531468419635,0.452818511667685,0.6008989906897252
0.0,0.676120165522414,0.8074304981854941,0.0458239806017263,0.8757706161486161,0.8833426044380178,0.776660120507894,0.29661570105847496,0.9101305794984503,0.5853987384631116,0.8640292399104255,0.6485713394555048,0.6183004678076728,0.5372067070597971,0.8913045642736773,0.7624925075365679,0.5450734502640515,0.7135744790326289,0.7451441715226468,0.9787684896644174,0.03470710631277148,0.0,0.7406892875233628,0.07514521603841823,0.6751785149022759,0.7339639158590665,0.9076592193489376,0.9014531339461593,0.8540465667284404,0.6510380370560653,0.43158506742275043,0.0,0.0,0.0,0.0,0.0,0.2201648960623438,0.32701537244777573,0.0,0.0,0.0,0.0,0.22687166543395038,0.546026800705632,0.18253440254804712,0.0,0.3738415671243484,0.8902113560621475,0.17591304443637998,0.627074513459903,0.7398095777852352,0.20067902497049153,0.0902250573580072,0.8948240723879063,0.3854405881614953,0.860074690968196,0.5065918743550099,0.38261908673272943,0.21283221551112674,0.9151195681844015,0.6375630216238856,0.0,0.30887270310937903,0.72929317313886,0.9424855204952697,0.0,0.9550114034033228,0.8243930785102929,0.09939777449227509,0.2739342325682698,0.5885512126872853,0.8891462170632548,0.8489197612956233,0.6727678778602353,0.07030457121947875,0.45408479483074965
0.14700944358074472,0.5025687969515107,0.8731289002084612,0.22550380764872613,0.6653529718742935,0.7906776239452323,0.6337625101028602,0.5789925730045403,0.6919959072002537,0.40926962525430627,0.7425887550834805,0.3756558415344538,0.6135418647012089,0.4720156933194191,0.8696156105192304,0.7053681242416542,0.4628797701294495,0.6876321029541732,0.7569602711936549,0.7226698926249676,0.28180061793674277,0.7406892875233628,0.0,0.1630587283697075,0.5961889904241863,0.6256554553153011,0.8771090313252674,0.8116794848389352,0.7342237263756162,0.6009398583093586,0.6342702013232593,0.0,0.0,0.02019659238415291,0.0,0.18463169254767545,0.2944278473563181,0.28018750386238434,0.0,0.0,0.0,0.0,0.2892199787452412,0.32615481396494894,0.22251575288821066,0.0,0.46252950819425487,0.800191902194618,0.2061694154537824,0.7706098182568693,0.8264509975340263,0.5482978699366312,0.3346538007030843,0.7341936580499859,0.3117087502608311,0.7101156295600028,0.30100773022837324,0.5798753458679796,0.2196958013726531,0.8364144932186824,0.5215127658855466,0.01821729387434872,0.3654893986926896,0.7193037292260199,0.7759629166138781,0.17358627001223328,0.7648312427135843,0.9237558542568239,0.012749930360867797,0.21345005894816377,0.4692168687822644,0.908036624470255,0.7235490395463414,0.8466210659098944,0.23550829826882058,0.3814172585014511
0.6106744218602094,0.43563258875717936,0.026937990278665384,0.18255984179455229,0.052440991519775916,0.33312021753784815,0.20736268491703955,0.47390607040962957,0.08868785532854304,0.45123040440761963,0.046708313116319185,0.44454614404029374,0.48596563474894444,0.11263730865568074,0.07337180544842786,0.19926259510522126,0.5734030821079272,0.4141408087012123,0.10827956932060052,0.03341121153495956,0.4834059698298109,0.07514521603841823,0.1630587283697075,0.0,0.447128525001169,0.6013780540345766,0.11124163384476014,0.24421402311733156,0.24692255876313013,0.233828093528044,0.4156149682960007,0.2383164890264093,0.436271385263977,0.2434136793886508,0.10807576175192099,0.17218193006819496,0.1818753077487161,0.20846739920338295,0.24722217294896587,0.40596439822306546,0.2720318323433187,0.0,0.28249114221677535,0.12871778117753316,0.1313398708094967,0.536433207442102,0.20850327274464853,0.09186533656987751,0.0,0.0,0.2541714770835182,0.0,0.4431687105986954,0.018250470488667,0.29363888496933255,0.055980516648390904,0.474344450910732,0.24442870034429803,0.15048065040783284,0.1543843608155754,0.20190587233604548,0.23754112981405898,0.2859087311137162,0.055399928112477494,0.0,0.5112812346264476,0.033723599608848825,0.18391889541103354,0.7774773483507529,0.41024190106087827,0.5732757005213789,0.1271242054654598,0.10739615817853777,0.13640782812229313,0.14344694684649578,0.3800847990295578
0.39997961448329034,0.9092176630264824,0.4776019544451961,0.15156806268486586,0.654186878195006,0.7997743345839733,0.7502578605338188,0.3701599588891809,0.7073477343642692,0.7287453890512698,0.5486541273836864,0.5977553958313013,0.7828230318517727,0.38606497189387934,0.6399785228788466,0.7847376220636215,0.8068176464482071,0.8637236580678441,0.47527767409538574,0.6514881646297994,0.4022125540534837,0.6751785149022759,0.5961889904241863,0.447128525001169,0.0,0.8508184240747899,0.7658578860415243,0.7648081979921257,0.8377272344590891,0.5874497082925834,0.6051440044243349,0.0,0.1517580255602468,0.06746287383417468,0.0,0.0,0.1559552499663947,0.33216632539193003,0.0,0.07577331417957783,0.029826737455210698,0.0,0.3319604453548559,0.43129904367194893,0.19319678751059466,0.22663528670360938,0.6607573454540213,0.6108598533161083,0.17468770435506809,0.416500377976044,0.6973497312733139,0.24059067988657296,0.3239916285154602,0.6674480527425236,0.4882722766708606,0.5805887147962405,0.5008249081637104,0.3977043825528568,0.22583671268022498,0.7316414102881514,0.7340446680628876,0.07929034784557241,0.5335187642510401,0.4366769113735706,0.6145095505186724,0.3624858430744611,0.6243284686176257,0.7189575850082984,0.33234698720333894,0.7014949305119517,0.8322617955517602,0.7598969566993268,0.5668403035154951,0.6808030317642155,0.0,0.4303825622535499
0.36268526903160103,0.8753535859755793,0.5440576913831343,0.14101999648105562,0.6714950051657141,0.8714844156572812,0.7270553258171212,0.522384635012149,0.7151165813535447,0.7361279929098603,0.6254454786362119,0.7315584762291878,0.7955394315818202,0.4297534761295064,0.6468606062804517,0.6649030370357917,0.7822372759388012,0.8204075880929941,0.5273437608412959,0.6760460948497007,0.27805442330670305,0.7339639158590665,0.6256554553153011,0.6013780540345766,0.8508184240747899,0.0,0.75987749974423,0.8048884407789579,0.743461116268147,0.5359582740944768,0.5732581187738777,0.0,0.15410807954135716,0.13244070860798912,0.0,0.11883181111792745,0.24836154926272827,0.3237556281311371,0.0,0.11718178576507186,0.0502490832341858,0.0,0.2548575413399614,0.3751820874426474,0.29584085816688943,0.17274525628979176,0.46575915198581896,0.6465662781735272,0.11928745367352649,0.4318366393056224,0.7252529274267773,0.13044046486002994,0.35145831988429477,0.6631198053002632,0.4754032579106815,0.6361465902957034,0.6476361833929887,0.4567763200537773,0.1910537495766641,0.6970495604142168,0.5407611366401743,0.0908807253734308,0.3608903462248001,0.4767383344124627,0.6373508475252898,0.23793787556437623,0.6479710812153737,0.6737117776081962,0.489547105458669,0.5578717673570163,0.8618545371884414,0.7530054385701556,0.619039900451736,0.5650877478591697,0.0,0.3912026538451648
0.0,0.7472602108391587,0.8647705414157745,0.08733365564911151,0.8364008553969733,0.9426957462702242,0.7616022710013222,0.4145880241625993,0.9052843769094346,0.5431657173845083,0.8374241065087008,0.5417321000889505,0.6814285745028587,0.5030234554969167,0.8773342997853388,0.7799458020593176,0.5763542832502722,0.7593871888091556,0.7399062032850453,0.9384486802107622,0.09538138891878173,0.9076592193489376,0.8771090313252674,0.11124163384476014,0.7658578860415243,0.75987749974423,0.0,0.8828542829477228,0.8408002306903225,0.5582042705089784,0.5412774030484597,0.0,0.0,0.0,0.0,0.0,0.2884215238073242,0.27431576447967027,0.0,0.0,0.0,0.0,0.2170068918858942,0.435033257182521,0.20127895472639667,0.0,0.42783042853913594,0.8973956173826941,0.1771642916029883,0.7316415235429324,0.8572828809194699,0.3988053857210483,0.1688968498552223,0.9106152792997526,0.31608388147982397,0.8506861080549655,0.4016370070079806,0.3985799893987252,0.26994784469462646,0.9193621419537727,0.5646415632328171,0.0,0.29150483369990177,0.6933833587426474,0.9265548804753087,0.0,0.8921815370995255,0.9012965191333582,0.004583806701714758,0.2626461273350495,0.5458937335782127,0.995406944521861,0.7517832332636291,0.7660784309123996,0.05177757056110431,0.33285711519213684
0.0,0.7311471309273484,0.8129707486891855,0.26538459529783126,0.8872683439091867,0.9062887456710874,0.8636674510059333,0.4899068557889593,0.8614624905142467,0.7525400544770018,0.8642742476252124,0.7250943805411347,0.8042312269232144,0.6042387157899352,0.8294604346359026,0.7896205849196155,0.7205684168966813,0.8566768970888435,0.7850178326467516,0.8770519652847798,0.16433141528611675,0.9014531339461593,0.8116794848389352,0.24421402311733156,0.7648081979921257,0.8048884407789579,0.8828542829477228,0.0,0.8793177501888216,0.7655569461323259,0.5758098786221396,0.0,0.0,0.0,0.0,0.0,0.3287370868218234,0.4457075284859103,0.0,0.0,0.0,0.0,0.2679701496608428,0.4886934807322254,0.26037103050861227,0.0,0.47171399977526035,0.8508469892741832,0.22261494043825986,0.6294924148743715,0.7456201142120057,0.3078333391456437,0.2761040713454665,0.8483177092263812,0.5392805671271503,0.8626101877026476,0.6294564533063551,0.5549374087799321,0.1514921584185992,0.8814820373164206,0.6264739241148624,0.1731410975651544,0.42585406753131577,0.7810839550882889,0.8286698193400553,0.0172956469752332,0.8551671920874762,0.8528057143005207,0.22770705541013633,0.36474004538245464,0.6688613198291948,0.8701319567898395,0.8643715800586486,0.6657045873543868,0.08166212855897402,0.48969923009724675
0.23460322832942576,0.7687182024494318,0.7173903835350388,0.0587622437307605,0.7402005262245972,0.853983504416441,0.8075539175426761,0.3466512641908787,0.8239537900457834,0.6145869552206379,0.7256820905367766,0.5353635259734572,0.7759446207467658,0.44828294997370743,0.8407210557242537,0.9069669826897402,0.6518541526954277,0.8438818970957378,0.7463184467911846,0.8528235362301269,0.41340703570645365,0.8540465667284404,0.7342237263756162,0.24692255876313013,0.8377272344590891,0.743461116268147,0.8408002306903225,0.8793177501888216,0.0,0.668171056005245,0.6010041960178713,0.0,0.0241415593216435,0.0,0.0,0.0,0.27164501223373316,0.2864060708839722,0.0,0.0,0.0,0.0,0.4278412083604998,0.5773336498920605,0.195023993292412,0.043695635305075656,0.5561069314709968,0.8742827440854517,0.3275263444112366,0.5208898451587152,0.7310005424684751,0.33657132308483384,0.3099215238634838,0.7639393771632774,0.38457907256708174,0.7272972512356359,0.41814517158990916,0.4792973724919106,0.26808776330709544,0.9298267791935118,0.8170957792919487,0.004799621256032719,0.5017511389645993,0.7243187321256574,0.8170720242366771,0.3240304544821067,0.8247082432761144,0.8964668506708527,0.21556515857180972,0.4735747001896311,0.7302469440714421,0.8641829201080504,0.7904692166857189,0.8405231534344042,0.22593500838271682,0.643346555437914
0.0996748002864777,0.46342468850814644,0.6085714761563785,0.38493469742989994,0.7283372100440448,0.5913402783272318,0.6942155008261963,0.4139497639307411,0.6135502217635036,0.6606266392721581,0.7048662624577275,0.5970881950334391,0.5988572947347708,0.5060506616243285,0.6082130844040359,0.6703670312203419,0.5799532368696789,0.6588738677668478,0.7025399259577416,0.6083287071491575,0.3886001662525881,0.6510380370560653,0.6009398583093586,0.233828093528044,0.5874497082925834,0.5359582740944768,0.5582042705089784,0.7655569461323259,0.668171056005245,0.0,0.5334108048511571,0.0,0.0,0.0,0.0,0.0,0.23369302177408294,0.48203615899540286,0.0,0.0,0.0,0.0,0.3751814572987436,0.44376872081720126,0.20377954896030623,0.0,0.4944630214760139,0.6530719367033565,0.1891386141980119,0.42464712460334597,0.4303060371273623,0.24961820879250135,0.3589673769625472,0.5564376884311542,0.6280159514690808,0.6548533570291499,0.5252366155328341,0.5333743430078672,0.04637767072396457,0.6486092505656412,0.6145194387625378,0.33684346308213187,0.5106261148046582,0.6908295930545566,0.527813119777916,0.22608757501618018,0.6343329847348399,0.6575437190823205,0.331356461042716,0.4025835529112778,0.5446452626093995,0.5496557128543283,0.7530024270992547,0.5126877012665447,0.39230158798755355,0.6686491512364553
