0.0,0.2223712889755306,0.44930640009651246,0.0,0.09658298244330664,0.6251523811947016,0.4008760438331238,0.3935185230107076,0.4020871592602101,0.4630669536735509,0.059913033814818696,0.30626750468441083,0.3698777313297994,0.0,0.5400676143429428,0.4345763012275882,0.3682834134456149,0.3887767044671265,0.7071472570026326,0.5155241070370118,0.6010103424774793,0.5738975107508457,0.5229526152113142,0.4569076545828517,0.4531785933293884,0.49878476445602143,0.5088984274758248,0.3504072359855914,0.6147030926870055,0.43894665860979915,0.22786847528119758,0.026202634824199152,0.44828464283393293,0.2390272561018615,0.0,0.31821422816184536,0.0,0.17044143123985417,0.0,0.33253823983932296,0.4124424905724647,0.0,0.24752245270012965,0.02930032364570423,0.34425638058230146,0.8449634773992352,0.1819111058475909,0.263224532733088,0.311252338620991,0.34286183239477014,0.6061236550377805,0.37440598357862204,0.5062431773243369,0.5293807234112308,0.35768710436546597,0.14245859330518143,0.2098084772760857,0.5080428405301962,0.08343073243279948,0.2720523804339897,0.18970553092914927,0.3939637574103788,0.46979982615131977,0.3657023125012093,0.43065343201772904,0.606191524395173,0.3066156958298699,0.5315908423036986,0.608953664769296,0.4487236569539787,0.5564783978033452,0.22718572462671424,0.4886248224377561,0.49527300459795376,0.3950939115839595,0.33792712641064515
0.2223712889755306,0.0,0.37636920684895114,0.17397396891412578,0.0,0.25327698082771916,0.27215862713073813,0.4216756057556881,0.11143123969546007,0.534021436571526,0.39577693141253156,0.6110701038707151,0.11526450889704676,0.32950944732820947,0.0,0.0,0.45711797016056915,0.30322254326253745,0.26814214915054146,0.0,0.0,0.06895778893822685,0.5907198020028747,0.3598471186065527,0.5790776926978428,0.7238397605745461,0.0,0.0660304192684137,0.0,0.0,0.0,0.29319348679843094,0.2047573661493054,0.0,0.0,0.0,0.15284750408231215,0.018128674846033935,0.15128876755971857,0.44326680201280405,0.4091480793817317,0.30245736414417057,0.06658800048948063,0.06898106919575668,0.22765316685611697,0.04718675121080832,0.6323329674466857,0.306335375079911,0.35291610018804664,0.5039665090944024,0.5743422751907382,0.6289638814297879,0.45765506485694,0.3821650557263773,0.6566682568718178,0.338451069302133,0.6710800715684538,0.6526964863994323,0.0,0.0,0.26962209762895417,0.4901849760925246,0.14714980361095675,0.3287518702181352,0.26674576658891114,0.0,0.37857499048815324,0.513875312009909,0.41805826095663756,0.5220565351426073,0.6801206403751238,0.28112399001429417,0.5401044470446709,0.08708170027384891,0.2844509732575697,0.10476403201783374
0.44930640009651246,0.37636920684895114,0.0,0.0,0.4154240808355726,0.6096609098469192,0.18127775518977782,0.7723304377322893,0.5417217014942582,0.3487809645743268,0.656760056266638,0.3067723915049073,0.457760296111391,0.29109597664536413,0.2465550714936907,0.1490391257103915,0.25520779172082814,0.1580807233100207,0.7376046106734533,0.21052162667236124,0.5262495477496483,0.2583815453532963,0.5749732669667481,0.25645356190779695,0.4268071308319763,0.2713893054036638,0.24897174932469127,0.5608595069217006,0.46385114072034817,0.4152424697571017,0.05990839611009406,0.0,0.3600225338334855,0.0,0.0,0.35338405245298765,0.2932295367278853,0.20684855129566684,0.0,0.47178707784305374,0.30434466380546227,0.0,0.36128686086934586,0.059864437850862776,0.45758766205226414,0.4408171733001618,0.20948875283349358,0.8632436872667066,0.46003046330292974,0.4006975581330007,0.5678239696423043,0.37672654400068123,0.6741881608543056,0.5945446493490378,0.39562075575204947,0.7427305231931126,0.23673325486131136,0.586135947735733,0.0,0.10544159690423381,0.2952989253992952,0.28655646419326547,0.26448232090037,0.6848518310077559,0.23203270593548922,0.5330110408845704,0.2892728735937139,0.5477672468346088,0.4805319732301006,0.27212292975663166,0.38996934863019656,0.20196849938263167,0.690266518947587,0.4920733278156646,0.43638939620847594,0.15024970924359876
0.0,0.17397396891412578,0.0,0.0,0.4722327969546098,0.0,0.1455647255008843,0.0,0.035684346238442605,0.22654832506310005,0.2191485925052644,0.3087925361093156,0.4185061331254484,0.20243472678654154,0.10083909226491596,0.2702238456469822,0.2976694550187714,0.26373004801007127,0.0,0.1407465992051701,0.24125029215909405,0.2565278514818139,0.0,0.30951523136863957,0.019030476638192254,0.15341295796555612,0.0,0.4028369746624148,0.0,0.29753951279522095,0.2895474356218952,0.3859631427024839,0.0,0.1847284635882767,0.10898490457961932,0.22636572820560488,0.2240929723538314,0.16037827784369735,0.4013882454601418,0.0,0.04025147279189531,0.06883567206444832,0.0,0.11439603692786782,0.010204019193245378,0.0,0.22949403085336698,0.1401347837916281,0.04058887341235863,0.365450240444003,0.04376137702212773,0.09343389062062141,0.08085045130562885,0.10011095362646938,0.0,0.31089291929486124,0.22988166293227416,0.13199052975305542,0.013909449986175468,0.09457678189861045,0.0,0.09734724146332172,0.0,0.1586481101322515,0.0794783353864643,0.23213577077423586,0.1279126212494465,0.1208890010580846,0.14297290707149207,0.0,0.07723406145988591,0.204577220449476,0.06922757882670266,0.0,0.03173966598575202,0.1675926509833404
0.09658298244330664,0.0,0.4154240808355726,0.4722327969546098,0.0,0.2968080519956979,0.37544599581506755,0.06739810158709975,0.6464780254924053,0.2529586600215042,0.6164129862266805,0.18505105682084513,0.7645525379217251,0.15922048531150165,0.26953740250523706,0.4205894572778869,0.2816912048139022,0.23243261391374537,0.28780075803220556,0.5426827191482759,0.6669823497648504,0.4854519170586977,0.0,0.2801124957457868,0.18456755955925574,0.0,0.43977581192910303,0.7495216308287568,0.39422755575572227,0.591560242921979,0.4234601617020877,0.17464335942413414,0.0,0.1426337074172156,0.0,0.4652275312129077,0.33102224044793294,0.20388877856876098,0.47006074885204613,0.10895275659513426,0.0,0.0,0.0,0.0,0.17713703340466436,0.03852710138935653,0.25267060638648037,0.4606724820352787,0.0,0.3082936701054818,0.05294386827503367,0.04372555699505056,0.08304102012868912,0.49568463304350946,0.0,0.5556743433097567,0.023201568990687125,0.10559699344446576,0.018922293434105227,0.23484019475625612,0.12692574964621267,0.010047276009838289,0.15344758052690194,0.3169216421357125,0.25715888081077287,0.6111889406798912,0.18546217565078757,0.1617078031893451,0.19443110054816587,0.0,0.0,0.3611073448675467,0.16452487294987844,0.2832722763314017,0.024204995298233917,0.25466946210930747
0.6251523811947016,0.25327698082771916,0.6096609098469192,0.0,0.2968080519956979,0.0,0.3100074534517013,0.49665777741508504,0.5676585777592545,0.2740959627338143,0.17757025539523147,0.1387647737096087,0.5316942660824968,0.13741241601730028,0.46498913692647975,0.23606085797280354,0.20908844245080205,0.17953125728006705,0.749742334950034,0.5847392499090655,0.6229504535001302,0.5204109715844669,0.6250745012173248,0.3373419895892158,0.40705005152683504,0.261826509366551,0.6815011662897804,0.336840598627394,0.6739878288675666,0.3912435613631988,0.0,0.0,0.4292230163225708,0.03787534206863454,0.0,0.6027452175958301,0.08653841072029109,0.11923044447341577,0.0,0.4106068588940931,0.24227755912354296,0.0,0.5327849971488697,0.21178604223291758,0.15072319293455175,0.6463950365712372,0.15880326502007183,0.39840243535104775,0.3141724863922443,0.19490121361648638,0.6534420193085315,0.13418392428307438,0.49375345497615336,0.46077973118030485,0.05502476115074534,0.22759791909749982,0.0,0.39965715084449693,0.28284381670377845,0.2685011783374056,0.0,0.0,0.07835824945178638,0.36642279984891274,0.2644253436990685,0.48059067771482494,0.04185387370900372,0.6168373328812018,0.37699026401936003,0.18747041106833354,0.19046521544525988,0.2595628174575123,0.2521031672492348,0.270328514508634,0.2639157836449303,0.0
0.4008760438331238,0.27215862713073813,0.18127775518977782,0.1455647255008843,0.37544599581506755,0.3100074534517013,0.0,0.0,0.5118361759039809,0.44590032204131447,0.3272888330790692,0.24724220773059155,0.31427014540365616,0.0,0.2333231151159513,0.44577469944839726,0.35036292579151246,0.3760549416669093,0.26343702528887564,0.3966304215554195,0.28026588217477616,0.5078534920812753,0.23808173636541305,0.2392371428181702,0.5329860863925588,0.29834951963948386,0.5582062451253472,0.1721954821569415,0.4109129577135612,0.25509047808026375,0.3957206167553129,0.28764760005242773,0.20493410808804877,0.05315633999622867,0.0,0.0,0.0,0.128547883670487,0.1806291594131341,0.1874289219033549,0.27558725039624,0.20824476494076047,0.0,0.0,0.20447589340435915,0.32435146376527024,0.46543064944092966,0.0,0.03439291308593731,0.2076253047880782,0.32304961703160273,0.4465120919300219,0.021655510179112176,0.5018606620527215,0.26767186614602406,0.0,0.23294433119495483,0.1583454950272437,0.0,0.0849854084589631,0.2809022983115623,0.1826651310171789,0.4218027257840334,0.012805527127151006,0.3561968526522355,0.3853186457085013,0.31640183994360316,0.3653580449473373,0.18257638650958416,0.574190566734227,0.3149337847041298,0.4966547415193589,0.0,0.4095378453131599,0.0,0.4043769635406506
0.3935185230107076,0.4216756057556881,0.7723304377322893,0.0,0.06739810158709975,0.49665777741508504,0.0,0.0,0.07385415635827068,0.22368016977631863,0.317747830555623,0.2724445524887669,0.2569121224976691,0.4388407537776205,0.15797879273987298,0.0,0.15887144068930395,0.02450300620647115,0.6117648952924464,0.0,0.3304612187248125,0.0,0.60584587756763,0.1984818968907056,0.2693881147011944,0.32631132556176096,0.0,0.3769459132428146,0.19156863189602033,0.23193333142106975,0.0,0.0,0.33210177406475555,0.0,0.0,0.3752427308639064,0.41408890497389783,0.15041697173944757,0.0,0.36792958097289846,0.2751939425047557,0.0,0.5935067334141362,0.2151037747010815,0.329241400064818,0.3160588083842282,0.01879520952848554,0.783107667717936,0.4641437399665546,0.4168392972728207,0.5225324515335473,0.20459259161679294,0.8195394742530627,0.19978742489748358,0.31097851921194675,0.6382795379123072,0.25801278890885415,0.5884954019638922,0.0,0.0,0.09401903355491398,0.1811842263771978,0.0,0.7076779101556855,0.061087555378556216,0.2697168543190529,0.12169470484530642,0.4782889598705012,0.45976029876988284,0.013627512921123037,0.33518371158105625,0.0,0.7053615130244228,0.1939662519040926,0.59677191086864,0.0
0.4020871592602101,0.11143123969546007,0.5417217014942582,0.035684346238442605,0.6464780254924053,0.5676585777592545,0.5118361759039809,0.07385415635827068,0.0,0.3041078740921745,0.6400226616623563,0.11624684299319431,0.640739779499802,0.0,0.42655792182277386,0.35938882734978955,0.24675053514030532,0.2547831656068578,0.5619442427444772,0.6890579460565394,0.5839508498873142,0.6344574129622296,0.21436098229202882,0.265056184707612,0.4763764616961049,0.11793004652623953,0.7437398391806062,0.4377149674068329,0.5954045907792617,0.4359921001717096,0.26485522758612057,0.01809004530428633,0.23750253706139013,0.0,0.0,0.32107665941829866,0.015534224355448635,0.14832252193671935,0.2573722062553239,0.3267439089458311,0.14508983015895593,0.008190650896400638,0.0,0.0,0.22591546531096354,0.3134779912613755,0.25542174294638476,0.42171415153897884,0.09350769480680395,0.13351287308879575,0.28371669006115147,0.15393130627986953,0.0697339131585783,0.8259747606750459,0.0972702583997684,0.41024809845001015,0.01060671622925834,0.14814566324040598,0.0,0.34709098845495684,0.1630140620290719,0.08658517339241,0.3256663910720573,0.26974134105654013,0.49180885191818696,0.5867720663906789,0.34905349116338225,0.3333790459653378,0.20204715041854246,0.30497321281049017,0.1818933787313158,0.6442436092068112,0.11708898717700349,0.4919662572485589,0.0,0.3627734911489886
0.4630669536735509,0.534021436571526,0.3487809645743268,0.22654832506310005,0.2529586600215042,0.2740959627338143,0.44590032204131447,0.22368016977631863,0.3041078740921745,0.0,0.2778857473960269,0.7564728797365634,0.32587022783589875,0.0,0.4124084764860717,0.5051496305661407,0.8440363104713146,0.6775859602760873,0.3697621885711216,0.2960277032738202,0.18598999451524162,0.4410381480657128,0.44685944802315414,0.4069688670029876,0.5930870045622725,0.7460273336533784,0.29962105971303343,0.3823281274343233,0.3120274810313849,0.3213560630071216,0.3949361236612277,0.22689634988487856,0.10783654813751885,0.3037141435148167,0.0,0.022640979908144638,0.10727459558002754,0.08170161811284915,0.06691790469070787,0.36351519627474155,0.30528636410779886,0.0,0.0,0.0,0.16485876113490763,0.38871794758178013,0.532028738960038,0.26991290028751064,0.1428295133283414,0.41705610427072287,0.4097948767906255,0.4819818666339113,0.42193279942017453,0.5096812803294748,0.7327078278587464,0.21113489683770947,0.6213171465367495,0.5524825806735317,0.0,0.18495631352999545,0.3622283326303439,0.6655078907595706,0.43651341090983065,0.3556338058387927,0.4575802216435148,0.3486869859114785,0.4577665702383603,0.501030591842847,0.4972653927191171,0.5100717662302401,0.6813162526792049,0.32131531412181336,0.5448809389821403,0.2243506820653375,0.2730846578188649,0.33347978425220726
0.059913033814818696,0.39577693141253156,0.656760056266638,0.2191485925052644,0.6164129862266805,0.17757025539523147,0.3272888330790692,0.317747830555623,0.6400226616623563,0.2778857473960269,0.0,0.27062431827721933,0.47402039823464276,0.2503675186603406,0.0,0.19557683180530352,0.18455728251498685,0.0795233383236229,0.326412162782933,0.07867865398517389,0.34575909027186186,0.1707736125952326,0.25241006717767156,0.21519522789947818,0.36741616284631184,0.1439084150117205,0.1555633151795676,0.49195925756120096,0.13217102650014628,0.28082469597303245,0.22883350743859107,0.15798070619968607,0.1692722524712495,0.0,0.0,0.02767320391226333,0.27435435405677877,0.14440456099353396,0.35635447075136834,0.3463143963188464,0.24266676638417367,0.309658484075537,0.0,0.0,0.33470988603058593,0.0,0.4528808175490821,0.6118095308571472,0.23868513293108304,0.32690106036013844,0.31531439532920097,0.3605034982160156,0.2811295109803104,0.6013458882892079,0.30609372143563757,0.7720548748669751,0.25475379022136113,0.3152684048819519,0.0,0.0,0.30990389221763387,0.1939835292028272,0.24603774340346166,0.3377671285771778,0.13085360379945588,0.3976671991904205,0.30757971656359984,0.31759834569623774,0.27196187051179743,0.28564897538278405,0.28471813605863766,0.3805470840751364,0.34474371079549737,0.4179506784671268,0.012327024979961954,0.3264779520636821
0.30626750468441083,0.6110701038707151,0.3067723915049073,0.3087925361093156,0.18505105682084513,0.1387647737096087,0.24724220773059155,0.2724445524887669,0.11624684299319431,0.7564728797365634,0.27062431827721933,0.0,0.2524153005259285,0.13132201486274148,0.3516894719969647,0.3488857147434934,0.7377582160594238,0.5965788236940928,0.2744384280603723,0.14903622991327503,0.05638923438279889,0.2971418869578759,0.5190288416034919,0.5613660765278319,0.2809414035028703,0.7654490004138971,0.0,0.33930498795402575,0.0,0.34101347979760516,0.2837190661974975,0.3062911053071901,0.0,0.1951578918874377,0.0,0.0,0.20735999954790896,0.0,0.15887168841145877,0.2651441823761961,0.2482706210548693,0.06573178007009639,0.0,0.02784150621215396,0.194082163119105,0.16715445259081163,0.5842159661225237,0.242549693220722,0.3043291839322131,0.5517800711099551,0.3618995445977268,0.5632506354050941,0.4289084554460318,0.4503450291835007,0.7173767940961272,0.24014376660379821,0.9063509538599989,0.6275945068556523,0.0,0.12300745287238103,0.22485628169120286,0.6986583479097148,0.24836893370944788,0.3622713736473433,0.42261793921800445,0.2694899824825382,0.43597021951766474,0.5137943084743803,0.597270700815356,0.36346906732635453,0.7111697493426618,0.17987533005881426,0.5701269427022658,0.0,0.31417449497371736,0.1895737264605031
0.3698777313297994,0.11526450889704676,0.457760296111391,0.4185061331254484,0.7645525379217251,0.5316942660824968,0.31427014540365616,0.2569121224976691,0.640739779499802,0.32587022783589875,0.47402039823464276,0.2524153005259285,0.0,0.12923392484601645,0.44426811626029455,0.5716127376247525,0.4426903233538545,0.5394895773130367,0.44833166762372456,0.6259132419429709,0.7750085248024192,0.5910741811835046,0.23393103466383353,0.35213493763215675,0.24108256921175134,0.20616664908644466,0.42152711858909037,0.8270200099355383,0.5225229490807068,0.6295652860098624,0.40296599694538,0.16452996495672642,0.13448914917575328,0.15413823126017678,0.0,0.5143955260500136,0.3826085155476862,0.15331564655073238,0.2990093372161965,0.1712608816616703,0.10395596292554685,0.0,0.1908089498052998,0.04069253388794574,0.1305860105472636,0.2578811894625354,0.1636041271409282,0.4733663886759384,0.08441262355554524,0.3060587183479457,0.2501447635825891,0.010162853097320974,0.23877554860426456,0.5286949779167442,0.0,0.5735252818605089,0.07488088986136587,0.36289306376153707,0.0,0.34038611750105535,0.12904961930552897,0.08911370778895487,0.23060449934076324,0.40521757881231996,0.3204308791671742,0.6199724586164655,0.16382436452821428,0.30591913897129974,0.32774188576746055,0.0,0.14811391258838102,0.28136025932839603,0.26147565793920385,0.31109712555270475,0.1361792121192648,0.2594748111681971
0.0,0.32950944732820947,0.29109597664536413,0.20243472678654154,0.15922048531150165,0.13741241601730028,0.0,0.4388407537776205,0.0,0.0,0.2503675186603406,0.13132201486274148,0.12923392484601645,0.0,0.0,0.0,0.04739877566051424,0.0,0.12149074227686686,0.0,0.17036602568701972,0.0,0.2344624046590736,0.2925868350603279,0.12951865686085434,0.11610225236455789,0.0,0.24407500919800923,0.0,0.14505498881379947,0.0,0.0,0.0,0.07798874283407627,0.0,0.2917226967236657,0.28427626814586526,0.16049747141155257,0.08982607125884326,0.147918012186394,0.08365238106407467,0.05405695702773667,0.37932595763804466,0.151980012842967,0.18567614645108121,0.0,0.059679396990046346,0.35534093819621654,0.1668813161779268,0.26656138048363026,0.1969531439537411,0.0764769461365723,0.38235785069699224,0.0,0.026901369046074885,0.4269468088420338,0.11367754008255515,0.2832371213601445,0.22363922058301366,0.0,0.032877529854356824,0.0,0.0,0.27352946283558455,0.0,0.0906270869201143,0.03022685891406691,0.16750545259245378,0.26202300224530506,0.0,0.09817838410693323,0.0,0.3654108654203457,0.03440794540158903,0.39657150114764705,0.0
0.5400676143429428,0.0,0.2465550714936907,0.10083909226491596,0.26953740250523706,0.46498913692647975,0.2333231151159513,0.15797879273987298,0.42655792182277386,0.4124084764860717,0.0,0.3516894719969647,0.44426811626029455,0.0,0.0,0.37936672706346125,0.4453592478435583,0.48122238995446615,0.5363596852983331,0.7740300903430428,0.44741497949010955,0.7150890885697795,0.22500100693920586,0.3698734358629509,0.24483155482043825,0.35325410052000805,0.4958229096778996,0.46589320770499654,0.47354259700130324,0.5907447879874617,0.42348250200860127,0.2177505619182484,0.14755338686898453,0.2716130539744609,0.0,0.3803318378521965,0.22785318816970832,0.11037786191349695,0.20931729144702002,0.0971729690336572,0.33413603806251496,0.0,0.07717292976422693,0.1201374692007747,0.07013902541663793,0.4904142254597767,0.10730616750373023,0.17674314545697345,0.18554609018464366,0.31053924114146914,0.2826633933920956,0.16594251584200215,0.2465316675045057,0.5950920859638954,0.1894010496872862,0.02161658469044255,0.2676259855327791,0.2547031525470264,0.10488552487415508,0.7415948863265941,0.11687106001571798,0.3132226132787232,0.3434511652390726,0.47373277331258107,0.7194420107730235,0.4692061755335638,0.5002003265837934,0.2848747232948065,0.30632185186909267,0.18325927801837893,0.36169377256815444,0.3658943497822167,0.3225093064375595,0.26237051752245616,0.3615176425793336,0.3306478912160668
0.4345763012275882,0.0,0.1490391257103915,0.2702238456469822,0.4205894572778869,0.23606085797280354,0.44577469944839726,0.0,0.35938882734978955,0.5051496305661407,0.19557683180530352,0.3488857147434934,0.5716127376247525,0.0,0.37936672706346125,0.0,0.6071659504214086,0.6988527305116762,0.2584967159939754,0.504875006520953,0.5003800783755508,0.6186064381643042,0.13167507937413714,0.2871196118978333,0.3340949577952955,0.31727605857514707,0.4708215208469556,0.5705388801356216,0.5523089588633405,0.5524125797115508,0.709465465787631,0.2087063374254627,0.14965098334354698,0.4695565021349379,0.11525603984555809,0.1563811797175008,0.09310838988015448,0.1558394670436574,0.14887542030017595,0.17303508769352433,0.34794792411958214,0.0,0.0,0.0,0.16270965832372591,0.4167395825332679,0.2687305851981485,0.02971723877142574,0.0,0.20041336984588845,0.2006642205515991,0.23938530294199664,0.03615051419347254,0.3763378236921971,0.2396074183320032,0.08311751358024687,0.1421213418259403,0.23641742952507525,0.0,0.2938484064835796,0.39422426556386864,0.4011439403005074,0.6039507866941133,0.1034969175725219,0.3253737708218118,0.4726294101573832,0.31252985063837446,0.20543360109011669,0.2588071313779874,0.24452531345982745,0.29811249686040564,0.3326402303990699,0.20290162722712465,0.4484126656636448,0.07300011466551419,0.6166763826158107
0.3682834134456149,0.45711797016056915,0.25520779172082814,0.2976694550187714,0.2816912048139022,0.20908844245080205,0.35036292579151246,0.15887144068930395,0.24675053514030532,0.8440363104713146,0.18455728251498685,0.7377582160594238,0.4426903233538545,0.04739877566051424,0.4453592478435583,0.6071659504214086,0.0,0.8144092157881511,0.2832298740943446,0.3387469495142584,0.18855875378563913,0.45381987572805244,0.3550789131367764,0.37017838889411564,0.5113325900630439,0.712686142087881,0.19850018391671367,0.4621751880400897,0.2716437218777901,0.3596041088018965,0.467400976279075,0.2976875066467522,0.05842277865464305,0.41145224415333204,0.0,0.08698815936867321,0.19077383920126312,0.08518702770488129,0.19547734303970038,0.27603093593688455,0.2662279927144986,0.0,0.0,0.0,0.15728040696843257,0.30046452256737766,0.37272711457132907,0.1842467826064212,0.07256851045302017,0.3644517801806969,0.2569348721130748,0.35155221772633954,0.3078592423096272,0.43433300315182954,0.559417789168506,0.1898078538802942,0.5535037136936268,0.5040924492203337,0.0,0.2854362368385121,0.38944873799884316,0.6150195690407588,0.4651598821715947,0.35060453950118325,0.5128518119241058,0.27842190347543133,0.4677448044699944,0.359883629295837,0.3654368479278137,0.3459846520768108,0.5802310769085481,0.3086304057130908,0.5128534046335672,0.18640806838688168,0.2918518179593328,0.3866752613430915
0.3887767044671265,0.30322254326253745,0.1580807233100207,0.26373004801007127,0.23243261391374537,0.17953125728006705,0.3760549416669093,0.02450300620647115,0.2547831656068578,0.6775859602760873,0.0795233383236229,0.5965788236940928,0.5394895773130367,0.0,0.48122238995446615,0.6988527305116762,0.8144092157881511,0.0,0.27867183582448446,0.4558097380650898,0.2324047837160543,0.5701634524896249,0.27413056188388335,0.3045604687018485,0.39574394779057365,0.6218616259304394,0.2700904815531431,0.49610631868676847,0.2916176461788483,0.4588594708611966,0.5399905264873741,0.29551289826056754,0.08306476589167955,0.36481702844499925,0.03748367806343166,0.07074482768566434,0.12972148850017748,0.09809547585684801,0.16944537838099719,0.14715668610971683,0.3247430798633796,0.0,0.0,0.0,0.10473243312397454,0.3718096390666545,0.2922727063353268,0.05916008898441957,0.027475993474758886,0.2996260137689858,0.2071290088214984,0.2855492560088353,0.18251903949172568,0.43672691317518636,0.422050172509111,0.08957271467632155,0.46121919605486483,0.44067281597332336,0.0,0.3820668837253826,0.4443572118772144,0.5876064609056789,0.6103413235311504,0.2452125303658675,0.5677378096532162,0.25785980954282933,0.49514981079719417,0.298345280600876,0.3213946561592087,0.3479590190802654,0.5050958774795719,0.3475131088553347,0.37789413354656726,0.2550727440699632,0.2594050700865829,0.463218312766793
0.7071472570026326,0.26814214915054146,0.7376046106734533,0.0,0.28780075803220556,0.749742334950034,0.26343702528887564,0.6117648952924464,0.5619442427444772,0.3697621885711216,0.326412162782933,0.2744384280603723,0.44833166762372456,0.12149074227686686,0.5363596852983331,0.2584967159939754,0.2832298740943446,0.27867183582448446,0.0,0.5267441063332089,0.6407691485743088,0.5429924772790357,0.590206023495272,0.3786329231945193,0.4575571527070184,0.37597860516900367,0.507308175745206,0.4772113990881453,0.6127939757563676,0.5753144610735866,0.17426690594976427,0.0,0.48588402407654413,0.15663043475238006,0.0,0.4532708748043402,0.12861370788856216,0.12727614342907867,0.0,0.3972398871441196,0.40048872054382334,0.0,0.4040754640232834,0.08532438485211849,0.3477266952132298,0.6892254166064815,0.17542629657916672,0.615861691001791,0.42798292414581623,0.420043367027178,0.6382239942815777,0.3617720494308619,0.601036520592812,0.6547368587548235,0.305399364199935,0.3888240074533673,0.2078999354108027,0.4930107110078224,0.07090589236678128,0.34175563848863916,0.14062938521390125,0.2623412817202435,0.3137730881867178,0.6782228739960202,0.39903368952205204,0.6081183233064591,0.34527935150154554,0.5929581858547018,0.5284993809707704,0.3122366766087289,0.4452075851398192,0.305357565343198,0.5277912027005534,0.4575180460944928,0.4151504988401088,0.2498575563334185
0.5155241070370118,0.0,0.21052162667236124,0.1407465992051701,0.5426827191482759,0.5847392499090655,0.3966304215554195,0.0,0.6890579460565394,0.2960277032738202,0.07867865398517389,0.14903622991327503,0.6259132419429709,0.0,0.7740300903430428,0.504875006520953,0.3387469495142584,0.4558097380650898,0.5267441063332089,0.0,0.6287822061671486,0.8951312497138647,0.13392898861191105,0.45983381075274515,0.23590189944936402,0.18592306219233967,0.7894664346997158,0.5148316315452878,0.6239641660846701,0.6820887761447189,0.49919828669140726,0.13614117762258934,0.1946483708309366,0.28333285131214925,0.0,0.4948433692267156,0.04451221758384645,0.17982232283227023,0.2577736096488904,0.10221339364069149,0.18835130531346445,0.0,0.0745514009089059,0.08399838770126226,0.08460935184454706,0.4980095638261849,0.1193209712494577,0.0962006857385578,0.0,0.15625255448621694,0.21583578543092935,0.0,0.10373240753589025,0.6355775611001885,0.0,0.0,0.0,0.07345890036420226,0.290582396443954,0.6730394357880612,0.053639370109818466,0.06665019970184088,0.2975438205832226,0.32319348800500153,0.6967493844220024,0.6125334628530634,0.3828544059160386,0.2779853396532704,0.2641428614112174,0.18526820541523106,0.1719303813800864,0.5381849893303126,0.04544513242417044,0.2966983513312904,0.14986668269076098,0.3803573199456772
0.6010103424774793,0.0,0.5262495477496483,0.24125029215909405,0.6669823497648504,0.6229504535001302,0.28026588217477616,0.3304612187248125,0.5839508498873142,0.18598999451524162,0.34575909027186186,0.05638923438279889,0.7750085248024192,0.17036602568701972,0.44741497949010955,0.5003800783755508,0.18855875378563913,0.2324047837160543,0.6407691485743088,0.6287822061671486,0.0,0.5858046453020614,0.16667487415841337,0.3997465468496403,0.2598694772376311,0.0,0.5440599232184654,0.770931435474567,0.7074183642312021,0.6833902297902538,0.33744673442425693,0.0,0.3095416941911802,0.2350077838966272,0.0,0.655771327796982,0.2582518211265989,0.24097091584644817,0.08511180780499822,0.22564345198069147,0.2745107740340458,0.0,0.29272490732015555,0.018972680568467556,0.25709682431605807,0.5233268963465472,0.08205819032491508,0.5234343075103957,0.13565240962866884,0.27373577057665593,0.33560246593971416,0.0020356176827848655,0.337574190817936,0.45264827351815157,0.0,0.4368713163687271,0.0,0.22854250991254585,0.1826780874042982,0.2645888615638899,0.0703035423384604,0.0,0.24321909869512637,0.44047301238587205,0.22846796522339985,0.7600438306823449,0.10474933585562177,0.29460700535326445,0.41947766728968716,0.0,0.14302809243010672,0.21134028273198682,0.2941037711173564,0.469483401866069,0.21654170521324229,0.2743890681756268
0.5738975107508457,0.06895778893822685,0.2583815453532963,0.2565278514818139,0.4854519170586977,0.5204109715844669,0.5078534920812753,0.0,0.6344574129622296,0.4410381480657128,0.1707736125952326,0.2971418869578759,0.5910741811835046,0.0,0.7150890885697795,0.6186064381643042,0.45381987572805244,0.5701634524896249,0.5429924772790357,0.8951312497138647,0.5858046453020614,0.0,0.23753453080930914,0.5618445078001361,0.3903803415161082,0.36560068992927225,0.7469613074567998,0.5269246034486152,0.5842167468839232,0.6888659914166919,0.6024469681701669,0.28837770935405044,0.29455452231321533,0.4507140794438454,0.07959088140757704,0.39496765865107447,0.04900755733258493,0.2235746709098658,0.3191058639903861,0.22923149095235518,0.3851313052740236,0.0,0.0,0.10894938316032209,0.17160737310687924,0.5347347694232405,0.3293775944001779,0.11931873539418172,0.06361217329027338,0.2627793685714723,0.35006485535681653,0.2202560369532956,0.15402696171254707,0.6597499703466896,0.1449752844128038,0.08408079100980842,0.15089734964051651,0.2111620306834198,0.1847730331255748,0.5907616889308304,0.23236727708996516,0.26727194719298963,0.45224485333043163,0.32766280828614275,0.7051833214678275,0.6104327235893593,0.5608689381440969,0.38861132837204176,0.3901709538776856,0.36556609448854854,0.3682631594754425,0.6122737418815368,0.1769181039934365,0.4145007676942081,0.20838288980159528,0.5752534504072028
0.5229526152113142,0.5907198020028747,0.5749732669667481,0.0,0.0,0.6250745012173248,0.23808173636541305,0.60584587756763,0.21436098229202882,0.44685944802315414,0.25241006717767156,0.5190288416034919,0.23393103466383353,0.2344624046590736,0.22500100693920586,0.13167507937413714,0.3550789131367764,0.27413056188388335,0.590206023495272,0.13392898861191105,0.16667487415841337,0.23753453080930914,0.0,0.40631658218091443,0.4179834067691952,0.6083865671509775,0.2533578155018362,0.14061972958409738,0.16284946307636017,0.17099867077015016,0.0,0.0,0.42579058805982445,0.08065436197778464,0.0,0.2053091416788579,0.09291920166857505,0.10441906708628752,0.0,0.5223434606643892,0.35923243380768444,0.030865939059822104,0.3699663413461489,0.2050942546252521,0.33271942186732123,0.4730922109650245,0.3423271975810201,0.37899061911366183,0.46480140880982274,0.4269452450972131,0.7439101106772005,0.48853816940254086,0.7209771587684514,0.4106102237591828,0.4470563583941331,0.3032349622167247,0.46435467874753555,0.6228212282591156,0.07625539512621998,0.06863079790093526,0.03505643525744366,0.2796441123400229,0.12678183543373425,0.36351599571607107,0.24064288396520578,0.2323215687727425,0.21954130288816118,0.8934230250097683,0.4945566979787133,0.286068288574749,0.5203969108248192,0.22821063960041196,0.4523312171013652,0.15444591977016708,0.28253839069136377,0.0
0.4569076545828517,0.3598471186065527,0.25645356190779695,0.30951523136863957,0.2801124957457868,0.3373419895892158,0.2392371428181702,0.1984818968907056,0.265056184707612,0.4069688670029876,0.21519522789947818,0.5613660765278319,0.35213493763215675,0.2925868350603279,0.3698734358629509,0.2871196118978333,0.37017838889411564,0.3045604687018485,0.3786329231945193,0.45983381075274515,0.3997465468496403,0.5618445078001361,0.40631658218091443,0.0,0.23701485643898745,0.5768398023602915,0.2668374202316092,0.38440457618935214,0.06979292677745458,0.49579033334481315,0.33950101142177,0.35343887289122955,0.19139159311841272,0.2387597570349242,0.0,0.26798653740610023,0.08310761530537727,0.22503257011330197,0.3174212155702278,0.14967474130563274,0.24479077275806516,0.12358026369279722,0.10139855953950705,0.03686661534300709,0.2891187373456058,0.2906227111652307,0.4564958727989947,0.14180896413883118,0.1593909541075853,0.3435355507354046,0.35072144624668694,0.20077908972999925,0.39164921758746724,0.40545495057570374,0.245551416148828,0.17650320353971158,0.45338691877070725,0.3692734526748568,0.23896519200313754,0.15538359393634305,0.10764933977359475,0.315271949686505,0.13942987185056363,0.32474369462887653,0.44142269535198836,0.43162460506939876,0.34693045362303015,0.4771737648308412,0.7275170491039628,0.27754983595891786,0.5572865735166674,0.2790427035352752,0.3301611832742504,0.058075913351362425,0.3730042962889869,0.2924117292609208
0.4531785933293884,0.5790776926978428,0.4268071308319763,0.019030476638192254,0.18456755955925574,0.40705005152683504,0.5329860863925588,0.2693881147011944,0.4763764616961049,0.5930870045622725,0.36741616284631184,0.2809414035028703,0.24108256921175134,0.12951865686085434,0.24483155482043825,0.3340949577952955,0.5113325900630439,0.39574394779057365,0.4575571527070184,0.23590189944936402,0.2598694772376311,0.3903803415161082,0.4179834067691952,0.23701485643898745,0.0,0.510409351248565,0.41296211246900794,0.23500831370621605,0.4752297471363089,0.191194556343363,0.26628786072047095,0.1937201393646603,0.46247893198255924,0.1865831685244157,0.0,0.060369619637239746,0.0,0.22458340355731016,0.12963345985502314,0.49651177322720713,0.4529048146587756,0.2519706260211603,0.03803407582459034,0.0,0.3141007349667619,0.37277936159107766,0.4282146967670762,0.24797779757886285,0.1151464528547159,0.22082507775358057,0.5014627271126392,0.44225473205544086,0.32107925678745564,0.5214308250143445,0.45677670591237785,0.27870718218026996,0.2121709555767969,0.3900535591162062,0.0,0.1895117470765846,0.49974655305225657,0.3535509558844786,0.5780719320128367,0.2945318084665215,0.4457937004437986,0.2715390858837963,0.533085758137555,0.43191409761979205,0.2639512428552894,0.695173515024751,0.5359041014012369,0.5067623435968068,0.41824096014807005,0.6106803195782856,0.2119720206556464,0.468313043692351
0.49878476445602143,0.7238397605745461,0.2713893054036638,0.15341295796555612,0.0,0.261826509366551,0.29834951963948386,0.32631132556176096,0.11793004652623953,0.7460273336533784,0.1439084150117205,0.7654490004138971,0.20616664908644466,0.11610225236455789,0.35325410052000805,0.31727605857514707,0.712686142087881,0.6218616259304394,0.37597860516900367,0.18592306219233967,0.0,0.36560068992927225,0.6083865671509775,0.5768398023602915,0.510409351248565,0.0,0.09512788665903185,0.18008446222762078,0.02848211898084351,0.2032992659163009,0.2086332957574999,0.3155572902116552,0.2525764889900217,0.19687122810435478,0.0,0.0,0.005187213361771909,0.06795940776151281,0.06899055796468168,0.36236141113777187,0.40103302386453726,0.1483871305281497,0.0,0.03919997999306338,0.20471057558889527,0.3562506354358155,0.5444574976184535,0.12530103045582236,0.21246306160141062,0.43961004722346664,0.48343016419465884,0.4684955690930953,0.5150177410964932,0.4236967473771865,0.6743533267733374,0.11684599528849135,0.6934658025218015,0.6445856939391021,0.0,0.10866489701221672,0.3165681042700205,0.6626675853965318,0.3540279103171634,0.34818743458976337,0.519600322285985,0.14947648366581717,0.4858146622340992,0.5683686790314864,0.5811141919795731,0.5432000610785656,0.8599358546988267,0.2746691284588572,0.562608475506984,0.07037783356875602,0.39414411951632955,0.2884461609556963
0.5088984274758248,0.0,0.24897174932469127,0.0,0.43977581192910303,0.6815011662897804,0.5582062451253472,0.0,0.7437398391806062,0.29962105971303343,0.1555633151795676,0.0,0.42152711858909037,0.0,0.4958229096778996,0.4708215208469556,0.19850018391671367,0.2700904815531431,0.507308175745206,0.7894664346997158,0.5440599232184654,0.7469613074567998,0.2533578155018362,0.2668374202316092,0.41296211246900794,0.09512788665903185,0.0,0.23049488194443826,0.7366321712846463,0.42105497104170275,0.29142124169518413,0.0,0.3067401523709914,0.15707625398706906,0.0,0.37806918357036334,0.0,0.1399485155491101,0.04683671808554746,0.3352872436824478,0.23187230144515528,0.0,0.04528451527081159,0.0,0.12329042438344273,0.5619138116429467,0.2067808773143895,0.012890368418229992,0.01990517772124516,0.043475439580120095,0.36463006408495946,0.1760655032445931,0.0,0.5927635492425115,0.0,0.0,0.0,0.005289614428898522,0.2693800390300561,0.45791041426145873,0.03678206086288101,0.01671724197446246,0.3064962509244432,0.0433255401618738,0.44186391711860984,0.5295260990438438,0.22108042768234415,0.38505015707154117,0.12803030383832045,0.3039575173483279,0.0727308461663208,0.6660193081859833,0.0,0.40702954428757315,0.0,0.3219991550289589
0.3504072359855914,0.0660304192684137,0.5608595069217006,0.4028369746624148,0.7495216308287568,0.336840598627394,0.1721954821569415,0.3769459132428146,0.4377149674068329,0.3823281274343233,0.49195925756120096,0.33930498795402575,0.8270200099355383,0.24407500919800923,0.46589320770499654,0.5705388801356216,0.4621751880400897,0.49610631868676847,0.4772113990881453,0.5148316315452878,0.770931435474567,0.5269246034486152,0.14061972958409738,0.38440457618935214,0.23500831370621605,0.18008446222762078,0.23049488194443826,0.0,0.48437707088521165,0.8052687226489614,0.6201919798305157,0.19578381795520428,0.0808483440478263,0.3420735251396263,0.0,0.48141398860269274,0.5733749597303117,0.17625480662330598,0.3311977102833856,0.1513346064506878,0.2096041235362874,0.0,0.1035301542012145,0.0,0.26021882474130686,0.2675462083121791,0.19552891240615736,0.6130684990621008,0.1697371564398923,0.43756769658853206,0.22195890378203445,0.12777200292040564,0.3960046121783793,0.4916880191988847,0.14377302049515378,0.609384551879928,0.23972850813750685,0.42928062258006244,0.0,0.3423250291275481,0.36095234400391796,0.26964936001237894,0.36437962091388487,0.6414051499551974,0.3810078920359367,0.6817380846660668,0.36745242950397056,0.2651136784599852,0.4539619468001318,0.059258891666319084,0.29015003071576495,0.13753478701572505,0.5648291752717552,0.433331451829608,0.42433747677230305,0.37719022337870123
0.6147030926870055,0.0,0.46385114072034817,0.0,0.39422755575572227,0.6739878288675666,0.4109129577135612,0.19156863189602033,0.5954045907792617,0.3120274810313849,0.13217102650014628,0.0,0.5225229490807068,0.0,0.47354259700130324,0.5523089588633405,0.2716437218777901,0.2916176461788483,0.6127939757563676,0.6239641660846701,0.7074183642312021,0.5842167468839232,0.16284946307636017,0.06979292677745458,0.4752297471363089,0.02848211898084351,0.7366321712846463,0.48437707088521165,0.0,0.4877326397738733,0.30674203784861004,0.0,0.34697425532861237,0.21717297472991895,0.0,0.4317264506535416,0.0,0.17346076361092413,0.0,0.3498456011801139,0.354423595527463,0.0,0.22746368106295475,0.0,0.17679842299793502,0.6849233679697941,0.0,0.2821031514918108,0.08297715193296318,0.0643662901630855,0.305297891010336,0.10449135382546806,0.19951522570617236,0.40154454571903553,0.05510649877059646,0.12783836705521345,0.0,0.20219402616120005,0.07201061037568027,0.35114692571717604,0.24695431956301267,0.12127720715690347,0.4839119760811288,0.27548494016844055,0.3009717925173111,0.5870299989996578,0.14793887203141542,0.22109436422165496,0.18359227081297688,0.24289756876638857,0.08551394104036782,0.24848212459045396,0.2601376893452207,0.661526162929137,0.19377576253961257,0.355948525799817
0.43894665860979915,0.0,0.4152424697571017,0.29753951279522095,0.591560242921979,0.3912435613631988,0.25509047808026375,0.23193333142106975,0.4359921001717096,0.3213560630071216,0.28082469597303245,0.34101347979760516,0.6295652860098624,0.14505498881379947,0.5907447879874617,0.5524125797115508,0.3596041088018965,0.4588594708611966,0.5753144610735866,0.6820887761447189,0.6833902297902538,0.6888659914166919,0.17099867077015016,0.49579033334481315,0.191194556343363,0.2032992659163009,0.42105497104170275,0.8052687226489614,0.4877326397738733,0.0,0.6457021954561576,0.16606002485238677,0.09622907370438825,0.36206890376884754,0.0,0.46049476135034906,0.3557085053466836,0.12149253151194642,0.24457688625203977,0.16090905567845085,0.26924180683635207,0.0,0.0517135755221524,0.0,0.22645975438679836,0.3876606651317816,0.2918427513124086,0.386989815478668,0.19871092051985148,0.39030818551813007,0.29886516154567466,0.1945440901492103,0.34321467719561516,0.5115153109186847,0.14536650378419302,0.3004019861117295,0.24862803105343828,0.34730559716692205,0.12975860047556712,0.42772132090035236,0.2938961322458428,0.26747943031349364,0.3540596490780608,0.5550518685028711,0.49078912439371974,0.6762112531089268,0.4398558141709743,0.31910024589639724,0.5540075377597539,0.14859775566432878,0.3674197985353102,0.25512308747159335,0.4300670991217249,0.3731966656119218,0.42234285948760925,0.43689090114361046
