0.0,0.1684424664967838,0.7372206556557541,0.0,0.31963731074221663,0.5645684494378005,0.14946515911156805,0.32968914506953545,0.6448146341127636,0.33718023883301196,0.6563065588396172,0.032771814126117564,0.5419394507417666,0.05025823272612611,0.6951315001563466,0.5985779347281424,0.6526310608401693,0.8286556197704756,0.42928044781049796,0.5886073848809642,0.7362336333356896,0.5214987713074466,0.5715771819408236,0.38931542475955255,0.8889653739643129,0.7071246279252302,0.7200803527203893,0.38589040700396404,0.6562759177068911,0.4541140322532934,0.660575164497198,0.41879053555920354,0.4820680872424408,0.4386368668260628,0.0,0.005484322139927494,0.11824552803483353,0.2887169323924686,0.5574907931531158,0.6673363665667488,0.4606839861420419,0.020870840266816435,0.34408733967186445,0.2712426811998661,0.3084459312260997,0.8090245614714346,0.7011901964583193,0.4129452288352063,0.0,0.18672474812314038,0.7149589043913271,0.17114706701439125,0.1252222526845883,0.6852589113414387,0.0,0.4798752061134797,0.0,0.5660874233252775,0.07449053822874027,0.6688322506246679,0.7458819987777009,0.12343226255407642,0.580905645656869,0.29271932576032966,0.5720322945193371,0.6717158338994302,0.7774965801065203,0.4645255745991062,0.749840302225915,0.7210401745178615,0.7652006371170191,0.6460813800492661,0.4814320409417138,0.7347163153053222,0.6375212353117858,0.5927896456755075
0.1684424664967838,0.0,0.4550181162261144,0.0,0.0,0.4816386568434108,0.0,0.24032560861947816,0.0,0.25969064489674637,0.20829402252086815,0.6199008562431584,0.03306467862498464,0.002912118030077958,0.1552222559300506,0.22047697789416498,0.4974994868084905,0.04834460767391779,0.14425214925182459,0.21965674188932585,0.4901162618791859,0.5822689093804577,0.6051863195747325,0.0,0.3805740509156432,0.5408758692641741,0.0,0.0,0.48283338792632113,0.461685017289111,0.18347835086068434,0.18058952089845026,0.6348095715773577,0.3406519501637902,0.708074840349839,0.0,0.0,0.2276166354136008,0.1305007827859736,0.08677340194842832,0.23466157078485214,0.3588736575189906,0.0,0.0,0.5468895798787622,0.38249372267178594,0.040853496793294065,0.0,0.0,0.0,0.17834286349333328,0.09466313837965828,0.04046051064624787,0.0,0.810312882659033,0.0,0.7517046032634319,0.09324110982915283,0.0,0.26197803931166036,0.0,0.0,0.0,0.36618177783384315,0.37098253849457896,0.5604772170163447,0.15758053156527377,0.15925579308524124,0.20000211087562575,0.0,0.0,0.13450780719266858,0.0,0.19974171278089026,0.028772013133072052,0.15142836323484438
0.7372206556557541,0.4550181162261144,0.0,0.0,0.10039388351051234,0.7137435822153606,0.0,0.3894979317250349,0.5653033600343305,0.17678263945469896,0.8463403851802936,0.37897308307440586,0.3575046883475392,0.13657659021082047,0.6991425949393454,0.39557315907913826,0.5784973082384343,0.6037851217738334,0.5690336694329765,0.6160284771561626,0.7129672047733076,0.5802570991088477,0.7934881207309554,0.23154534930154858,0.7734540366016285,0.7327356784423366,0.5902060394993933,0.1758481786258448,0.5538572112073376,0.5683723474124621,0.5961046890354945,0.30340748941818846,0.5325384328763212,0.3325255642231622,0.05846037183691464,0.0,0.0,0.2640700226830051,0.5136163346275973,0.5174024854442505,0.48763903898395417,0.21497567629171263,0.20375686431409742,0.22028620829121348,0.49727544179975486,0.7944371860912968,0.4370755819039284,0.45864478798398706,0.0,0.3232537269549207,0.7421880291698947,0.2645252837822599,0.15612224253476487,0.7135147639584818,0.2250534536271276,0.5022311779107193,0.3965357327355245,0.48888287513297163,0.11096034793456042,0.6579858800299518,0.37477315784327503,0.0,0.16804900636967388,0.53084547710284,0.6957030245755912,0.7120590413431895,0.7203733515184731,0.46241851965318237,0.6880499661426648,0.33139723708043917,0.4616102301480551,0.6285615030709397,0.382706591744472,0.5390954901769324,0.5589893030144439,0.588822094185035
0.0,0.0,0.0,0.0,0.6694757403374794,0.0,0.6635396506620841,0.18434642866009415,0.31773862725503316,0.3138475914976568,0.0,0.0,0.3615769418504132,0.13170713219734836,0.03832945158914795,0.059193711919219176,0.0,0.006942883827360678,0.0,0.09373422317009714,0.0,0.0,0.0,0.4391078928055055,0.0,0.0,0.23144760668776296,0.54895764519969,0.0,0.0,0.0,0.0,0.0,0.0,0.0,0.40406903841931835,0.6503368617414746,0.18675942095760598,0.0,0.0,0.0,0.0,0.43396500419072237,0.20244448289408054,0.0,0.0,0.0,0.27268179734331766,0.731278551366535,0.3484223369636744,0.0,0.3451510912223897,0.370442721367665,0.1287423198025845,0.0,0.28063793450633484,0.0,0.2677025385058752,0.38919197295827024,0.04233053199255469,0.0,0.6377779392826196,0.4546224410307776,0.0,0.0,0.0,0.0,0.19670208311949275,0.0,0.12018985640891264,0.1974465274317272,0.1537362150351953,0.36547855373499005,0.0,0.0,0.0
0.31963731074221663,0.0,0.10039388351051234,0.6694757403374794,0.0,0.20022433359313296,0.8551122388800548,0.5642580046053928,0.8568786811955574,0.5326569442870206,0.5171247222858215,0.0604484932573951,0.7496855136785248,0.36847191111919675,0.6123794855718391,0.34054280971015444,0.16419707822777713,0.4513218570154516,0.42808579246749706,0.5315527973828461,0.1746679923788584,0.28179840909961174,0.12457524042990013,0.6948549028767809,0.045325046326228975,0.22296310887718643,0.7872487879825556,0.7887695266932647,0.01942769421935667,0.049124273535563485,0.06831152933129327,0.0,0.0,0.10608664257974725,0.0,0.35249816744203305,0.7521979175310584,0.382425904818094,0.0,0.030849018400152774,0.0,0.0,0.7950080830625348,0.41079330770135625,0.0,0.0,0.1771371730138277,0.7821350925787739,0.37719121013693346,0.6774986663711899,0.42075296440566945,0.6814736807228836,0.6225249553791427,0.7080038527623421,0.0,0.7977487284211058,0.0,0.7065345076021204,0.5795865691190271,0.6011476946424841,0.24831892309608755,0.6417530546813212,0.7968001535200393,0.01012271548312435,0.24812926643201316,0.0,0.1959557127304505,0.6500833009667892,0.4173572457063737,0.5399878107633136,0.7081374194779966,0.7126970803919559,0.7305963546990177,0.32310351316113145,0.31105900838263084,0.0
0.5645684494378005,0.4816386568434108,0.7137435822153606,0.0,0.20022433359313296,0.0,0.21065483500287674,0.6916300041538797,0.4665468982476354,0.27039045459323036,0.6259146826037159,0.6305892217194802,0.5573895709120292,0.28373246507132555,0.604405195833527,0.3308373970645663,0.6481197598210149,0.6227712980430917,0.5499745719868798,0.45864829218311615,0.5106921297521447,0.5297809677993801,0.9403758153779275,0.4898206074963427,0.6560130838722776,0.7777585511321239,0.5786717910528437,0.24637408392401283,0.39875612375437414,0.3266230057249483,0.34863821437936143,0.2853246816966797,0.4309161095626761,0.39645330908040083,0.018747587465643763,0.10363574285731116,0.07685457949528672,0.3107634241549463,0.3345048142712793,0.3894112142128581,0.28458124443740285,0.0,0.36419560089819436,0.45151921628370334,0.27444598796331376,0.4991085673583391,0.6087432360979793,0.391782228382908,0.0,0.3659963271053329,0.8722696632046006,0.44339226747026056,0.5054103964930711,0.5930824938768322,0.20153731125844881,0.4215907259903398,0.52142240815431,0.6413872899334823,0.1726390979610548,0.5636877825529624,0.11598627248765433,0.01865798097372503,0.2583562939928276,0.48669710433528207,0.5057775061083354,0.4897654929251563,0.49047241284006626,0.6377342566544306,0.7429114267664169,0.3151878533586094,0.5086187426868991,0.562638345557446,0.36198895129278985,0.44221018043995464,0.4450063540822973,0.28131970242975535
0.14946515911156805,0.0,0.0,0.6635396506620841,0.8551122388800548,0.21065483500287674,0.0,0.6175809227192663,0.6512533439286886,0.6473370832293788,0.3460302483276804,0.2304593256451593,0.7748982701126708,0.28154419059951385,0.4782694670278291,0.4128269606798917,0.24493761198394268,0.43432746021291113,0.4957959895520017,0.42334941023763206,0.09859042643606954,0.3140733761487136,0.11966866810873564,0.6111947308641779,0.0,0.20222646179160367,0.6444188248286412,0.7544317730139579,0.02425205781901152,0.0,0.0,0.0,0.0,0.16746455789941952,0.0,0.2789427623340671,0.716715591720245,0.47512745395083683,0.0,0.0,0.0,0.0,0.7499937432340131,0.37485637875614525,0.0,0.0,0.0,0.6427763436147201,0.48785447259022235,0.7129824945873422,0.28307554347103486,0.8073832850165554,0.6915227684282266,0.5808587089384591,0.0,0.688394462042219,0.045899862790738453,0.6686642405391997,0.6555885651869175,0.4470655845443573,0.0,0.6026560870629468,0.6874463921357983,0.1616141146068849,0.04439546065117394,0.0,0.0,0.6135676353295065,0.27237859234334216,0.3018972057841127,0.49355510975373174,0.6337222846935923,0.6305973580507511,0.27920686672561235,0.12894948478839421,0.0
0.32968914506953545,0.24032560861947816,0.3894979317250349,0.18434642866009415,0.5642580046053928,0.6916300041538797,0.6175809227192663,0.0,0.5474591143448228,0.5673513100659455,0.5617142985328674,0.6239162746785581,0.7167422295977566,0.4734328716797034,0.6053593105622597,0.2157304947797236,0.4002696520880311,0.3605947312806633,0.6318024759385846,0.4966729328295353,0.45915049823265913,0.5553970041241288,0.724487206853018,0.6774040454922119,0.23614024506734535,0.6072751298629657,0.5857191485598535,0.5839370680460608,0.21355412535048748,0.19748869592481863,0.06844167427449624,0.11772036806830136,0.18235814174682896,0.31879530670245654,0.0,0.3781898139779355,0.3675345745364367,0.4704406562774732,0.004672379809725197,0.08442883423035076,0.0,0.0,0.626395518486313,0.3883329254046047,0.0,0.024602207713243097,0.2960550569116251,0.6243374781739869,0.15620981337264567,0.5232615555515838,0.5926189914357789,0.7110746192597521,0.8675364471212493,0.537868645057768,0.23295282525623015,0.6044864260166168,0.42515890909005066,0.6756795940248655,0.41093688124124933,0.6319626792214873,0.0,0.3058378315577021,0.35834006175007116,0.4527326748108034,0.34767623109210755,0.280355926588203,0.16018558680976214,0.8841195767533931,0.5334921146000052,0.24286553107790182,0.5448487441710126,0.6707394523440928,0.5341106970432884,0.3961914376663779,0.24486168927163954,0.0
0.6448146341127636,0.0,0.5653033600343305,0.31773862725503316,0.8568786811955574,0.4665468982476354,0.6512533439286886,0.5474591143448228,0.0,0.4395292514285005,0.8042285749962133,0.11740785554072086,0.8132998747219157,0.29502351527369924,0.8228767352280881,0.4973687966377124,0.4505449660869363,0.7256995638768288,0.5834863342111173,0.7038773797787454,0.43723003092323265,0.4056550632131245,0.40412757018667533,0.7050062211381879,0.48855930170481016,0.5152738100763622,0.9498349063171282,0.703555329175581,0.24646816916127512,0.2609810222121218,0.3524847432905233,0.04203659243448504,0.038961640383999345,0.21559673297170542,0.0,0.13168584173528305,0.6069296803953227,0.38623202688923136,0.09910785190061894,0.3495334072451764,0.0,0.0,0.6890420168970853,0.46592846457568027,0.0,0.24764408988568112,0.4363960521590033,0.8521294758722623,0.014174171208008434,0.7107512439378564,0.7544768837154648,0.6176273949328211,0.5300169612903517,0.9737878254733714,0.0,0.8832082945570339,0.0,0.8278352962428398,0.4849626200696588,0.76558308057643,0.4664956872449624,0.4361733219130599,0.7982265723502808,0.22504619970300796,0.5321671682368618,0.23219816138808064,0.5615512109312205,0.67978968496107,0.7435040235148587,0.6653864683822016,0.8327271539272033,0.8681221227660895,0.8048998593086072,0.5506786381345201,0.5803880631232129,0.2536601731932766
0.33718023883301196,0.25969064489674637,0.17678263945469896,0.3138475914976568,0.5326569442870206,0.27039045459323036,0.6473370832293788,0.5673513100659455,0.4395292514285005,0.0,0.3538761766983966,0.39351527376841877,0.7477857010365818,0.09526884941913921,0.492958972218897,0.47858645593145077,0.5271011527196702,0.33617812733722446,0.3872245297120506,0.5065931654349717,0.44147619020558226,0.5749435847041362,0.3314751995129751,0.42356453082671813,0.28781323363228445,0.5319719376934687,0.5469748240822393,0.7460236882675255,0.41520761055972016,0.12419824411463845,0.07535255986406844,0.0,0.2419972924069906,0.35814638627494216,0.028360650493936795,0.19756912406233876,0.3698635890848995,0.5268200398621403,0.0,0.05020316223705331,0.0,0.0,0.5695369112555714,0.16430094435346274,0.0,0.0,0.0382385811630388,0.46173345262487564,0.33828015325861643,0.43677880171017003,0.21129953892409598,0.6621407682368106,0.5327072097885309,0.40820632865666046,0.5043580693988969,0.4596302238165758,0.2780273676150862,0.6213218096854586,0.2952029269698886,0.569104603134986,0.0,0.5074581111374646,0.4164905665465022,0.15204263294374018,0.20299467248580808,0.2679723389247686,0.015237833884395258,0.6158798532763172,0.3191421135020656,0.41544620951982564,0.529873390446652,0.6946734039424395,0.6185211226979258,0.5337870730088616,0.08606642693253236,0.0
0.6563065588396172,0.20829402252086815,0.8463403851802936,0.0,0.5171247222858215,0.6259146826037159,0.3460302483276804,0.5617142985328674,0.8042285749962133,0.3538761766983966,0.0,0.36338113745225137,0.5915819077030094,0.253763292394673,0.8085341853388098,0.3961528258675772,0.5119963285312049,0.5842562249941334,0.6681677697457531,0.6749931863088435,0.6323306830015132,0.5489103434300358,0.6880255072313947,0.4718307550827246,0.5951670895556859,0.6710427901220919,0.7560651066729871,0.5011368721735027,0.4466583403409971,0.475363498694282,0.4145784617393982,0.16328515380199415,0.3904873847939857,0.2758037016092199,0.0,0.05240109605563296,0.14621362474248523,0.40601564900540177,0.30505274533571514,0.4398729986856808,0.19156933730702366,0.0,0.4470717315368034,0.28927553674924045,0.20519682202066095,0.4872934961770317,0.4162963575320439,0.7980459029189694,0.0,0.542609475254422,0.7485687859407335,0.5009045896174589,0.3930918879206168,0.8527554430970231,0.06893916359784855,0.8301425425417972,0.25365527049022774,0.6642105361147682,0.2815895838308109,0.7948942823538084,0.3381709873634306,0.0745979913669471,0.39841733967852166,0.4896970889131458,0.6824352931779305,0.5383102721802003,0.6399501728643817,0.6340450780517789,0.6978413259222453,0.42649136294674805,0.6316178059713503,0.7965846719466332,0.6025710786183315,0.5423593758305514,0.5708196247625197,0.3995742310195862
0.032771814126117564,0.6199008562431584,0.37897308307440586,0.0,0.0604484932573951,0.6305892217194802,0.2304593256451593,0.6239162746785581,0.11740785554072086,0.39351527376841877,0.36338113745225137,0.0,0.32006056553094125,0.2534068566762818,0.31457524456929975,0.17431017550389333,0.39281612343541433,0.11950910282858858,0.3447545485472014,0.336573202645858,0.24004730661877569,0.5713520208751135,0.6380800839995308,0.42167274132873467,0.12143474974555468,0.5950278624394931,0.17695785593094143,0.25752642673010345,0.10033770186762898,0.2023585461303659,0.04400692790738784,0.0,0.29507483845375815,0.26243118872648935,0.32483178843671423,0.24446632508462796,0.0,0.38581516207192385,0.0,0.0,0.0,0.0,0.34567986109791743,0.27935430499932606,0.12164082057134053,0.0,0.0,0.26480399061652343,0.13001542737234076,0.4008225664533598,0.37341162211687906,0.5426738286262913,0.5129324568278099,0.24786721870833994,0.5791082939698927,0.24825980792497396,0.8929435726143592,0.40540592656340596,0.2828777233779933,0.39928648782233017,0.0,0.0,0.0,0.37241370392359674,0.3252327444625849,0.20772709861475688,0.018079573535244815,0.44728578680989034,0.37609327358254524,0.0,0.046835535921666435,0.3602019781909557,0.30422552730121893,0.0,0.0,0.0
0.5419394507417666,0.03306467862498464,0.3575046883475392,0.3615769418504132,0.7496855136785248,0.5573895709120292,0.7748982701126708,0.7167422295977566,0.8132998747219157,0.7477857010365818,0.5915819077030094,0.32006056553094125,0.0,0.2083391952508073,0.7242321314580776,0.5869087435042092,0.6398102564864527,0.6471700730315226,0.562173575455507,0.6429734734220316,0.4843168516932541,0.5407419956728795,0.49607971622623354,0.6486876025467398,0.40945526000851507,0.5574931560808588,0.8117270821487143,0.8522911132548908,0.36865040263196325,0.19590494053730967,0.1658769088149166,0.0,0.0920532020856195,0.3740895432325537,0.0,0.2561576239184976,0.5554484115334758,0.4783774355076759,0.0,0.1743833305220438,0.0,0.0,0.6700669256998829,0.4009988389854477,0.0,0.07611083268659362,0.3231270638911812,0.7566312127519783,0.232136962241809,0.6688318871323883,0.6217208105919102,0.7479358062532476,0.6748683191936817,0.7710303544302858,0.08140401245551776,0.7333562975975185,0.1317563135468165,0.917047922940082,0.4043202878455442,0.7253570649633673,0.16003332400531162,0.5958919913140437,0.6536301598698399,0.23438748983448743,0.36285230560447,0.23896178414689653,0.26080064375481365,0.8099261778453619,0.6192654672294574,0.5634410430085104,0.7438198370482317,0.8486708094669748,0.8210445926360955,0.579000060269435,0.38818557500805023,0.0
0.05025823272612611,0.002912118030077958,0.13657659021082047,0.13170713219734836,0.36847191111919675,0.28373246507132555,0.28154419059951385,0.4734328716797034,0.29502351527369924,0.09526884941913921,0.253763292394673,0.2534068566762818,0.2083391952508073,0.0,0.3789191947938765,0.0,0.0,0.13693315984820575,0.20798382392321077,0.3150829982880239,0.22807333656494327,0.2798910508343702,0.3006246391409811,0.40664676687282664,0.0,0.21553604590278788,0.2911604209763154,0.23210004443818627,0.0,0.19167441516963643,0.1871378806148116,0.16237315479586728,0.0,0.0,0.0,0.2678528902422149,0.245308474463976,0.14967804306178373,0.08840621442820155,0.0,0.0,0.0,0.345874016167698,0.24392147717810572,0.0,0.0,0.040753554392183554,0.27412009744999405,0.14221945242171263,0.44541467331531664,0.28252275309578284,0.357599971144288,0.3985764349055075,0.2944124287218615,0.0,0.32277884717485794,0.13087766499739736,0.3103655592157915,0.4049411215183528,0.3725791815903803,0.0,0.0902485359035352,0.2164210217198006,0.11916349989119461,0.2950774482029813,0.11798829673603864,0.21003305046545181,0.39316018418022913,0.2409072113470067,0.0,0.1918585505278171,0.28762237574782523,0.2377490466395301,0.0005836997503081391,0.24319163918164918,0.023249236200223653
0.6951315001563466,0.1552222559300506,0.6991425949393454,0.03832945158914795,0.6123794855718391,0.604405195833527,0.4782694670278291,0.6053593105622597,0.8228767352280881,0.492958972218897,0.8085341853388098,0.31457524456929975,0.7242321314580776,0.3789191947938765,0.0,0.5777397885277079,0.5877728988001774,0.7201885129851537,0.5640897980591699,0.8601984854541581,0.7589212381260599,0.7457688380720321,0.6325896666556433,0.612856391573102,0.61345707899475,0.7346984769337995,0.8258708833456385,0.6719859954915213,0.5300374311187257,0.5867058663483102,0.5392922725680563,0.3463666371655661,0.3440859983987184,0.3675540506669858,0.0,0.22848357024990754,0.3541793907814587,0.5361886211382126,0.38818255741508106,0.40963495588337445,0.07148908991772161,0.0,0.5695473424664917,0.39796030108450087,0.03519901452619769,0.44815967571219684,0.46800591817000603,0.7328976803147624,0.0,0.5480285552273472,0.6915340005208364,0.5829322621442627,0.4491342356781498,0.8252084481138847,0.06544704261818671,0.728458771771792,0.15313106216336592,0.8007597449316266,0.3730169415988617,0.9622867685551784,0.4506235287028883,0.3022282029417857,0.5696958943458339,0.34255118939287105,0.8046891199000104,0.5421148808190912,0.7461752939772334,0.7000176215235981,0.7569066025159374,0.5326541574512802,0.7750182255653526,0.8734957256586635,0.7769995473924164,0.6581718335364058,0.6619034386056392,0.4159512280920118
0.5985779347281424,0.22047697789416498,0.39557315907913826,0.059193711919219176,0.34054280971015444,0.3308373970645663,0.4128269606798917,0.2157304947797236,0.4973687966377124,0.47858645593145077,0.3961528258675772,0.17431017550389333,0.5869087435042092,0.0,0.5777397885277079,0.0,0.677060762189333,0.7822028326769589,0.39790317696025523,0.5699472836737967,0.43868915581914253,0.655785597493794,0.2251601361249809,0.322036349408806,0.5438160454182407,0.531016689729484,0.5673545655191656,0.531681096920154,0.5773456130651793,0.3810132894667388,0.536187330895366,0.08292780532125482,0.2825095566931635,0.42093154308036745,0.0,0.0854656305168313,0.28526596970940765,0.36939178970370606,0.04689817592976107,0.3069047864333721,0.07202205594587216,0.0,0.3413933134389058,0.1766053934889954,0.0,0.3052123061977984,0.1773528482417713,0.4167842048265128,0.024269354603342307,0.4334150073166571,0.2984317434665116,0.4626555965945506,0.059508499283978854,0.538518530679711,0.1478201188191122,0.3764233833060961,0.09100135002950162,0.49450864052141785,0.20213295362715228,0.59759176882322,0.43111030263459343,0.36190027351871085,0.5079481381081018,0.24924017591976744,0.4914896589389418,0.26731365057357503,0.46188121279185534,0.2906100340629227,0.38719581180413526,0.42675071569417394,0.44711915905437005,0.6561927279976284,0.5890155112821911,0.5678012293483369,0.49279554606714765,0.3789450540846732
0.6526310608401693,0.4974994868084905,0.5784973082384343,0.0,0.16419707822777713,0.6481197598210149,0.24493761198394268,0.4002696520880311,0.4505449660869363,0.5271011527196702,0.5119963285312049,0.39281612343541433,0.6398102564864527,0.0,0.5877728988001774,0.677060762189333,0.0,0.7435560589475236,0.3857453518367029,0.4942113633009383,0.5927284738821843,0.5758937681200093,0.601067313313865,0.3379187000863568,0.7631629174012733,0.794747839652593,0.5112393155696748,0.41097097665091437,0.5882383920381776,0.3083573431267721,0.42132047726959615,0.19387288801059138,0.5361298881116799,0.5401778347324254,0.07095351805895506,0.0,0.017905393051499813,0.4366732031359828,0.2316125296593244,0.4598958110269166,0.22768609888293123,0.0,0.267653562407609,0.22824838779697643,0.2627507165286997,0.535202081473861,0.3670694964083193,0.348179133672154,0.0,0.3275900380686142,0.5829854080490825,0.4140613684614692,0.24078829746283661,0.5638309295248208,0.3565076276689935,0.4029768184098436,0.37899395367978816,0.6337591230013419,0.10139665866934873,0.555289885715317,0.22270258983654956,0.20048286508061725,0.31626276889844024,0.2855698493679585,0.42057979262177486,0.48835079689695915,0.4068059515672014,0.4104279260753785,0.5995324345558245,0.425769180092455,0.538224309476407,0.5901713854499441,0.45599447059919096,0.578934747152909,0.43725326142932475,0.2877040585159176
0.8286556197704756,0.04834460767391779,0.6037851217738334,0.006942883827360678,0.4513218570154516,0.6227712980430917,0.43432746021291113,0.3605947312806633,0.7256995638768288,0.33617812733722446,0.5842562249941334,0.11950910282858858,0.6471700730315226,0.13693315984820575,0.7201885129851537,0.7822028326769589,0.7435560589475236,0.0,0.4877106933902225,0.5593223339762122,0.49484180637742003,0.5128734078071058,0.4502397514187874,0.4536112301810406,0.7591880108718707,0.6273983679499944,0.788965163038722,0.43567311401550873,0.5523367769446809,0.3123328239781254,0.6193207689278802,0.232077232958857,0.2769329917057262,0.4276133687525753,0.0,0.0555296343152961,0.3143104984603834,0.28991201598094773,0.35628199779631226,0.5175018855783495,0.2790722725197086,0.0,0.41902232776355985,0.43867056711823194,0.0708690144710422,0.5574435447096677,0.5287557980418849,0.4875955775517175,0.0,0.4373525688408327,0.678572464290574,0.4477484411363752,0.17429969519905794,0.8110011230742309,0.0,0.547374883120616,0.002303668285356133,0.6179155414649925,0.26088890033270434,0.6070611918489777,0.6419286131555565,0.2545264091304236,0.727238849762341,0.26670005962095417,0.511184509014348,0.34511169314120554,0.6539631217495503,0.39546856413717235,0.6653536336617816,0.6197116687908661,0.6789111927714028,0.7114871625934991,0.5525541740159159,0.6463849428113986,0.62568038894038,0.4784122025667471
0.42928044781049796,0.14425214925182459,0.5690336694329765,0.0,0.42808579246749706,0.5499745719868798,0.4957959895520017,0.6318024759385846,0.5834863342111173,0.3872245297120506,0.6681677697457531,0.3447545485472014,0.562173575455507,0.20798382392321077,0.5640897980591699,0.39790317696025523,0.3857453518367029,0.4877106933902225,0.0,0.4704907009163629,0.39119289726222356,0.49060008348170037,0.5776164884643119,0.39938029490061555,0.32755934233643114,0.4798125556492509,0.6056967903275777,0.3720852012064499,0.33060904951420794,0.27970599637584287,0.19040582188786032,0.24695739038633685,0.30526588382820463,0.30327973281264503,0.0,0.04403112158160548,0.19636311571818177,0.34476033067268624,0.1830384904699746,0.3600070091761698,0.0,0.0,0.43730546309517504,0.2774706800346739,0.0,0.13896939064069647,0.33956650037289465,0.7190020870360151,0.0,0.4834330052798941,0.591211872871659,0.5789237301755933,0.5244369914869008,0.598893015232483,0.111886228826245,0.6568364847347612,0.21759297299935854,0.5019504621124018,0.21851467920023238,0.5453859379220135,0.1792577353527136,0.22862539174377597,0.40365491277594806,0.8878587158060237,0.35627777679466693,0.2538047998252173,0.3193808104248564,0.6460872774961931,0.4328765328175812,0.3388507642217894,0.5305148921084651,0.6560755537968964,0.40157690132375057,0.5094437021468158,0.43198096018252713,0.14738525115968684
0.5886073848809642,0.21965674188932585,0.6160284771561626,0.09373422317009714,0.5315527973828461,0.45864829218311615,0.42334941023763206,0.4966729328295353,0.7038773797787454,0.5065931654349717,0.6749931863088435,0.336573202645858,0.6429734734220316,0.3150829982880239,0.8601984854541581,0.5699472836737967,0.4942113633009383,0.5593223339762122,0.4704907009163629,0.0,0.6403556022857693,0.8629880399151459,0.5002235125626778,0.5001067100949733,0.5103478125482532,0.6843858274474004,0.7483842608603739,0.6591069667153122,0.4336769042950715,0.6603882287624693,0.49440673826005516,0.18054004095352014,0.22789826347317266,0.22710242703010397,0.0,0.27165815758293277,0.3139605072387355,0.4507062907804045,0.1910575815322505,0.2220790556727636,0.0,0.0,0.5581966604670946,0.2938215912506453,0.0,0.334830401897521,0.3389878465910888,0.6479229989456597,0.07177893507033313,0.5282067949987843,0.5258721150804984,0.5358961956695613,0.38731182257412083,0.6877810212994739,0.14943473686104425,0.5656181880048837,0.19021935446033592,0.6924791473368074,0.39707926709610897,0.8840522163763767,0.29671175186637144,0.2593363512137815,0.4377322991056365,0.2897142874856247,0.8721075885051872,0.44831652718826714,0.7054066994375209,0.620123533841446,0.6387858022743246,0.45614710398543007,0.6516360753706127,0.8378145639095071,0.7742823742843457,0.5277299246166797,0.5990877838022155,0.2989841703817843
0.7362336333356896,0.4901162618791859,0.7129672047733076,0.0,0.1746679923788584,0.5106921297521447,0.09859042643606954,0.45915049823265913,0.43723003092323265,0.44147619020558226,0.6323306830015132,0.24004730661877569,0.4843168516932541,0.22807333656494327,0.7589212381260599,0.43868915581914253,0.5927284738821843,0.49484180637742003,0.39119289726222356,0.6403556022857693,0.0,0.6712409649539891,0.711035129360881,0.37024032249495037,0.6840427318385157,0.7766234174255469,0.5502058309664519,0.3843960099954608,0.771839892391832,0.5911412257510429,0.5709038934574026,0.39483730121840216,0.5207479988110006,0.35938599114762565,0.15387035770229618,0.016013995246009025,0.0,0.4488617826763646,0.44091408664088877,0.44080064216075343,0.24610153187298095,0.0,0.24419645257869674,0.06411903220023596,0.3630360288130322,0.687122073931058,0.39808882551608943,0.3444456931866467,0.0,0.24781848920060526,0.5429715114564815,0.31254577524377425,0.2667727574621969,0.52623849934104,0.3828630495223873,0.384874876099178,0.24075228471889676,0.5526783489068225,0.17482118031629698,0.7881757858556915,0.3742822787348011,0.03030064886783399,0.2256993607090895,0.3223533661777956,0.6822199771543725,0.8768941309438146,0.6435809199597646,0.5807950441863167,0.6746330427157448,0.42764083223221827,0.6054058541697719,0.6971630070457658,0.4777457674442789,0.7570907903117884,0.5402551003123487,0.48802645762104346
0.5214987713074466,0.5822689093804577,0.5802570991088477,0.0,0.28179840909961174,0.5297809677993801,0.3140733761487136,0.5553970041241288,0.4056550632131245,0.5749435847041362,0.5489103434300358,0.5713520208751135,0.5407419956728795,0.2798910508343702,0.7457688380720321,0.655785597493794,0.5758937681200093,0.5128734078071058,0.49060008348170037,0.8629880399151459,0.6712409649539891,0.0,0.5802818587429056,0.3734533099119623,0.4727050569994347,0.7508141483637891,0.5400953439993289,0.5532044279262146,0.5858910540441487,0.6590381654105167,0.4803622584880761,0.2511012310262779,0.4405834730843296,0.39918950994963526,0.1905747738191316,0.32490536057812763,0.12657452064702623,0.48330111138948856,0.14390513906155208,0.17498779369339304,0.0,0.0,0.45530944323344885,0.2094073073629017,0.1011555472398132,0.3337291401927248,0.23812449886711515,0.4687653921881521,0.07346549076012802,0.3898716302757519,0.3679047482138872,0.5244390296305496,0.32293916161486136,0.45811608748012117,0.4882143273578097,0.38331842982743985,0.4953967928782192,0.5261679127307476,0.2703241958345994,0.8029617279974736,0.11735216749420146,0.14515647999545472,0.20481616708147699,0.44291315932312586,0.792216037718217,0.5036396899854811,0.582630279239231,0.5500531372211471,0.5029592492795092,0.24604351599549126,0.4422698964042582,0.7229077543621496,0.6199985195470581,0.5305525630737831,0.4434287030810392,0.256388928698078
0.5715771819408236,0.6051863195747325,0.7934881207309554,0.0,0.12457524042990013,0.9403758153779275,0.11966866810873564,0.724487206853018,0.40412757018667533,0.3314751995129751,0.6880255072313947,0.6380800839995308,0.49607971622623354,0.3006246391409811,0.6325896666556433,0.2251601361249809,0.601067313313865,0.4502397514187874,0.5776164884643119,0.5002235125626778,0.711035129360881,0.5802818587429056,0.0,0.41328888337408876,0.6412894483360994,0.7975617043767679,0.5176611520925548,0.2282621698543626,0.4923358727238874,0.43531314697766993,0.38127910825536326,0.27332122803016895,0.526007417297537,0.35976024908494947,0.1640097704709793,0.04005671427018394,0.0,0.3960893898975211,0.3848545164960105,0.3798085269251668,0.25209295177683977,0.040376833260494606,0.29129210774502723,0.25564315388919595,0.4052527642995997,0.5576026230646329,0.48747074599273593,0.4231203394997212,0.0,0.32974810711416636,0.7922094927074651,0.44114790311153074,0.5368345567606084,0.5448397158546177,0.41592518692810215,0.4578855504389769,0.6115749494735971,0.5851293223347821,0.1491231999687224,0.6285390278169665,0.0711606267692821,0.0,0.0978329748435347,0.5592893598105739,0.5537336103468106,0.6767827502326442,0.4675542825277798,0.7404287626027841,0.6819734595801131,0.26316942716379943,0.4908476052916282,0.6197497916031126,0.33867603921668077,0.5286729442225915,0.394482432780497,0.3086288780371396
0.38931542475955255,0.0,0.23154534930154858,0.4391078928055055,0.6948549028767809,0.4898206074963427,0.6111947308641779,0.6774040454922119,0.7050062211381879,0.42356453082671813,0.4718307550827246,0.42167274132873467,0.6486876025467398,0.40664676687282664,0.612856391573102,0.322036349408806,0.3379187000863568,0.4536112301810406,0.39938029490061555,0.5001067100949733,0.37024032249495037,0.3734533099119623,0.41328888337408876,0.0,0.19928046968380142,0.5662762738933733,0.6934170511947536,0.5881745083263255,0.14327723206835086,0.16453975983930216,0.2459508146914839,0.09686084692924772,0.0,0.12289384191543214,0.0,0.3678088681033092,0.5604616943568811,0.4982463474983063,0.0,0.08985819789861339,0.0,0.0,0.6899193498791855,0.45616869121442466,0.0,0.045366949944453325,0.3077282495424669,0.6207233317366186,0.19009617565386644,0.6124934070228086,0.5542975541841314,0.6246204449570146,0.7067096797923276,0.6463865073051047,0.0,0.6185438405594506,0.09608473388680597,0.6787809301572365,0.585537000588044,0.6063761749168802,0.15905239526315817,0.470954912166152,0.5654952236255442,0.16075376054333676,0.38614153587112693,0.2177305256568358,0.30178190077130457,0.6392893826541294,0.6934769824198198,0.3645047171728061,0.667290797164062,0.6044100432159991,0.640065678655538,0.288965791845583,0.3386187822083371,0.08674305123060369
0.8889653739643129,0.3805740509156432,0.7734540366016285,0.0,0.045325046326228975,0.6560130838722776,0.0,0.23614024506734535,0.48855930170481016,0.28781323363228445,0.5951670895556859,0.12143474974555468,0.40945526000851507,0.0,0.61345707899475,0.5438160454182407,0.7631629174012733,0.7591880108718707,0.32755934233643114,0.5103478125482532,0.6840427318385157,0.4727050569994347,0.6412894483360994,0.19928046968380142,0.0,0.7667518757641195,0.6045241008448058,0.16355245876762362,0.7167806889265712,0.4859201418031884,0.5948174278930605,0.34716342377347,0.568075123042086,0.44690835762010095,0.0,0.0,0.0,0.20534477005256463,0.5906789644898969,0.702231816904704,0.6020733675763674,0.20603335959347766,0.12716097049604907,0.17501692033778338,0.49504724726344873,0.8891544941242852,0.6967611450067301,0.2586116337577757,0.0,0.05756467087588993,0.7011106455968996,0.0758939480971704,0.023702417382789203,0.6071422345463557,0.13814992688886935,0.31732424300140377,0.10833359362027946,0.460496421773381,0.0,0.5346696636176222,0.6340335175120098,0.0,0.3695432311871762,0.24111235108389478,0.5449835996842358,0.719669603753402,0.7258040234673695,0.3544408268240112,0.7148890601649902,0.7079387779747647,0.6603616603773582,0.5352205307135685,0.3092062234286366,0.7034109810880977,0.585957161173062,0.5740250268319118
0.7071246279252302,0.5408758692641741,0.7327356784423366,0.0,0.22296310887718643,0.7777585511321239,0.20222646179160367,0.6072751298629657,0.5152738100763622,0.5319719376934687,0.6710427901220919,0.5950278624394931,0.5574931560808588,0.21553604590278788,0.7346984769337995,0.531016689729484,0.794747839652593,0.6273983679499944,0.4798125556492509,0.6843858274474004,0.7766234174255469,0.7508141483637891,0.7975617043767679,0.5662762738933733,0.7667518757641195,0.0,0.6242902297901626,0.38305766015774756,0.6674457915829567,0.5342549699163915,0.5453107838045542,0.32339247789980313,0.5696934398387926,0.4513992287777233,0.05075797117872374,0.06488779717860238,0.0,0.5083361365392218,0.35197766235147726,0.42593500305356546,0.24811338575238656,0.0,0.3803871874653741,0.28224564614626146,0.3521206690361095,0.6164808142000866,0.4984299557250304,0.41859564933841736,0.0,0.37845246840317787,0.6919457442843102,0.4649567381501766,0.4099392938621711,0.6085499357700656,0.43617225995504255,0.4511298168024179,0.4908765205825995,0.6416148065530562,0.23244598222632876,0.7391384657841227,0.24396738409884164,0.0991514092936122,0.2684416254646057,0.385626540637393,0.6821220547165928,0.7511236130810155,0.6237766558359638,0.5772029581767033,0.8269165993236723,0.44088846113158214,0.6597416757352569,0.6783550984727935,0.5162240213082984,0.5950521547170998,0.4781357717346784,0.3971761928253416
0.7200803527203893,0.0,0.5902060394993933,0.23144760668776296,0.7872487879825556,0.5786717910528437,0.6444188248286412,0.5857191485598535,0.9498349063171282,0.5469748240822393,0.7560651066729871,0.17695785593094143,0.8117270821487143,0.2911604209763154,0.8258708833456385,0.5673545655191656,0.5112393155696748,0.788965163038722,0.6056967903275777,0.7483842608603739,0.5502058309664519,0.5400953439993289,0.5176611520925548,0.6934170511947536,0.6045241008448058,0.6242902297901626,0.0,0.6710146011486263,0.4185897640245926,0.32664008346646184,0.4343862440606728,0.15454627845851265,0.14576978439536953,0.28891232680494133,0.0,0.1328984533827452,0.5903472067081138,0.4169169042512507,0.24642024723526626,0.4366157098276415,0.017327074308525738,0.0,0.6630347999325832,0.4871461291225233,0.0,0.36156160106898994,0.5082080938725237,0.7754269941552921,0.0,0.6152248613678152,0.7454026243683752,0.6201453850876147,0.5055397376705201,0.9108225489102939,0.0,0.7856816675641635,0.0,0.813608635074013,0.4761117514925865,0.7852928759757385,0.5215496353651689,0.38539805592724885,0.8221441633021092,0.2515876408210553,0.5754791479066186,0.37621791103250174,0.6233496497698877,0.7263377571111118,0.7732916217259569,0.7347838573914037,0.861661744409234,0.9096044668191756,0.7654308965893875,0.649404165229385,0.6099464035542019,0.31095415698158746
0.38589040700396404,0.0,0.1758481786258448,0.54895764519969,0.7887695266932647,0.24637408392401283,0.7544317730139579,0.5839370680460608,0.703555329175581,0.7460236882675255,0.5011368721735027,0.25752642673010345,0.8522911132548908,0.23210004443818627,0.6719859954915213,0.531681096920154,0.41097097665091437,0.43567311401550873,0.3720852012064499,0.6591069667153122,0.3843960099954608,0.5532044279262146,0.2282621698543626,0.5881745083263255,0.16355245876762362,0.38305766015774756,0.6710146011486263,0.0,0.20704297404286653,0.262547766896737,0.19543930828613995,0.0,0.024804667319079536,0.3678288586242049,0.0,0.43184314057454354,0.6031500470202609,0.5144955664547634,0.0,0.019752029921589476,0.0,0.0,0.7067911015865553,0.3558234818328961,0.0,0.0,0.08544220539205498,0.6730078585922703,0.5188493834947824,0.6524719617933759,0.3277537649623201,0.7097028899672987,0.6108035068142724,0.6244296004812248,0.09613586935788045,0.637239314344923,0.07975688238534384,0.7971445992691366,0.47146145039482085,0.7077130597661633,0.05426336055460969,0.667911157513893,0.5888083013986876,0.06203580844291331,0.3977140512315552,0.12493376507599749,0.17419472120813173,0.6856212123913396,0.43065130513705574,0.44749261079907554,0.5893228538410711,0.759511420544106,0.872484542241624,0.45338341768981877,0.3254353649838439,0.0
0.6562759177068911,0.48283338792632113,0.5538572112073376,0.0,0.01942769421935667,0.39875612375437414,0.02425205781901152,0.21355412535048748,0.24646816916127512,0.41520761055972016,0.4466583403409971,0.10033770186762898,0.36865040263196325,0.0,0.5300374311187257,0.5773456130651793,0.5882383920381776,0.5523367769446809,0.33060904951420794,0.4336769042950715,0.771839892391832,0.5858910540441487,0.4923358727238874,0.14327723206835086,0.7167806889265712,0.6674457915829567,0.4185897640245926,0.20704297404286653,0.0,0.5679243519028859,0.5271016782824206,0.36570188490793165,0.5936353587641334,0.3635965968787616,0.10612943199521194,0.0,0.0,0.29032429894752854,0.442437453295305,0.5239020719886849,0.42483506467474674,0.11399292788324349,0.04762679248889419,0.0,0.3998048204502827,0.6645621628834001,0.4581876361951749,0.18408829863225373,0.0,0.049448379231687316,0.3853111877676133,0.18566435002592707,0.0,0.32567253840583826,0.36541884219524196,0.17590403807392388,0.12251559917985455,0.3591426653193086,0.0,0.5823406499973169,0.49217803346071093,0.10498045716409915,0.21023552926674255,0.3087537387071431,0.5504614643181823,0.7756557986073339,0.602075462700371,0.3108157396912696,0.5247457437235805,0.488255486119317,0.5294351474256737,0.5751831254113686,0.3087132483064924,0.8921991556915237,0.4975600283775943,0.5976856978602675
0.4541140322532934,0.461685017289111,0.5683723474124621,0.0,0.049124273535563485,0.3266230057249483,0.0,0.19748869592481863,0.2609810222121218,0.12419824411463845,0.475363498694282,0.2023585461303659,0.19590494053730967,0.19167441516963643,0.5867058663483102,0.3810132894667388,0.3083573431267721,0.3123328239781254,0.27970599637584287,0.6603882287624693,0.5911412257510429,0.6590381654105167,0.43531314697766993,0.16453975983930216,0.4859201418031884,0.5342549699163915,0.32664008346646184,0.262547766896737,0.5679243519028859,0.0,0.5234329580194504,0.3594977052095681,0.36221132835044584,0.3183666537456222,0.10031681939752397,0.05722392920063819,0.0,0.2864281401432646,0.4494832613327353,0.2561768981318408,0.2850259840763997,0.08579830253379733,0.11401208389123862,0.07396869360789456,0.3248489684840657,0.48292824139881513,0.34198053073043366,0.2530400454987682,0.0,0.15835524779030694,0.3563405365980447,0.0598233848974333,0.022745693224225007,0.3179311997913378,0.2120150700616425,0.1669849720609914,0.19347186249389547,0.27802185899652665,0.0,0.625952592834076,0.29330317857767135,0.0,0.02700406767630177,0.3083697340915571,0.7552053064614178,0.6013054293713787,0.6735842406449136,0.28310596127372184,0.4579437113105471,0.19151893407834777,0.32346902805263006,0.45694796551141886,0.3820248508572602,0.4824227220005637,0.6128403191704002,0.4706614366983912
