0.0,0.0,0.0,0.0,0.0,0.14499958041002714,0.01949282476569719,0.25782827525457563,0.12816553422144797,0.2102149992916484,0.0,0.049672423616141395,0.27642304236368764,0.0,0.32952018875847144,0.3434122574940244,0.13891224607526587,0.0,0.0,0.1972809515245892,0.5996603709452973,0.2854768073474973,0.21535897067295123,0.5773562575159458,0.278780682401619,0.25768689283436297,0.09013265792450272,0.29913106554454066,0.3985083953758424,0.4322484687987771,0.5505752962722155,0.3307782629092346,0.3908166116741019,0.38452350368953064,0.23897663930225432,0.021912489724919913,0.0,0.18789726983714694,0.3398531960065964,0.42025807599038106,0.3290089946779869,0.11837894167593617,0.128991951102637,0.02330766114715291,0.3469216897742499,0.8040821954635432,0.29554638258844307,0.05037860534503641,0.0,0.05817558029707419,0.12297789872184346,0.375757712631537,0.33988710105393005,0.13028895656374084,0.30042279103749914,0.06536298240102525,0.10053314340398815,0.35117089878613655,0.0,0.3312690982817771,0.11329672408771009,0.27141709255874846,0.24383204342489306,0.08106642451752498,0.16934409165278136,0.7635089556088086,0.3774698365560414,0.2729095250825718,0.6207717667207983,0.379111610856585,0.4453299634874829,0.0,0.4145115864239979,0.44968408360597933,0.38140610490085136,0.49560066222665716
0.0,0.0,0.0,0.0,0.0,0.0,0.0,0.25672125012605207,0.0,0.28234100168761844,0.0,0.0028780364998790566,0.20583105658051445,0.09591810738014114,0.0,0.1542311853142334,0.4420413802272347,0.3526691022123371,0.0,0.0,0.45678873457087904,0.44071112361401465,0.05600614321046604,0.16290538429829282,0.2514452512489858,0.7479671570038278,0.0,0.1624572420720057,0.2904178598279291,0.0,0.07725784182628426,0.37545885787608685,0.29077243826710425,0.29048483033824224,0.0,0.6447971858919,0.540258771973908,0.3790021593204351,0.34756134656304244,0.032371021904803225,0.230725077265981,0.06569976860510211,0.5384557790824832,0.16346353752616546,0.338681658267438,0.0,0.0,0.0,0.3865301791676565,0.31129392076936957,0.3239476284027438,0.0,0.19221083576447717,0.0,0.0,0.0,0.0,0.2403733301047954,0.3388863425896736,0.16271515882201631,0.30122298413548104,0.0,0.0,0.0,0.0,0.2811320720006999,0.0,0.13103868330994492,0.014002073520092504,0.0,0.0,0.6124703289511098,0.0,0.22549007057596665,0.0,0.042396719975846354
0.0,0.0,0.0,0.46197251225212704,0.6193416705229017,0.623292596842419,0.44056892718347884,0.3346210097337648,0.7454769563000334,0.14048350252080757,0.9212196394703586,0.45497015151567943,0.5055080104980302,0.5732613364832811,0.6683223730682951,0.5371414118512238,0.0,0.2849592540444868,0.85824420186982,0.8196273984224863,0.0,0.6316141011827368,0.699329443076481,0.18242455236522542,0.08509712164871545,0.1488956339594376,0.7107720782919451,0.6176529551322975,0.4009818046198523,0.5381704661804191,0.4116368994975792,0.0,0.0,0.0,0.0,0.2791166489912617,0.08306564692355885,0.0,0.0,0.0,0.0,0.0,0.0,0.0,0.0,0.059435345440919794,0.2692112179845142,0.9932593972740755,0.0,0.18301217792960056,0.4162358738622634,0.11372126621941418,0.2858727163244105,0.7468239452072506,0.2515294121437394,0.8738436156956895,0.4555160672497822,0.23985528204003012,0.3382016843536969,0.5866278116164622,0.0,0.31766268765661565,0.35418290169569433,0.8414910356366616,0.7815148469230335,0.0,0.5960033245959049,0.6251783632485897,0.11946351879246413,0.23850318587874036,0.3100220264720149,0.4444664009667694,0.4604616694633855,0.11170565274076315,0.4835009664939451,0.0
0.0,0.0,0.46197251225212704,0.0,0.3694476098381836,0.3946508200241004,0.5467157883997635,0.0,0.12637353927869557,0.3517787754222702,0.2740764260234347,0.42572423989682356,0.4059495303443406,0.3012400639105608,0.27670377976487454,0.23922763025571858,0.21205902089029915,0.23499181354182544,0.368473865268742,0.36650209064524353,0.0,0.26070801891904694,0.18356221210954823,0.05407052516746732,0.15712637809761512,0.0,0.1772819254194326,0.34465857696735364,0.43690170389800614,0.36293721325713924,0.027648317911440453,0.0,0.0,0.0,0.0,0.3768558729385935,0.2136598652486961,0.0,0.0,0.0,0.0,0.0,0.10959819084708974,0.0,0.0,0.009471646179166389,0.0343467475581515,0.43544076179158037,0.20102363946722734,0.0,0.21992999025134466,0.0,0.0,0.20426542822618074,0.2707465841197007,0.26975865972507507,0.4254470815359497,0.0,0.04513933670491764,0.23271519473752142,0.29305590634587775,0.19841686888051172,0.3932014764920285,0.4408357347525514,0.3557045081613519,0.0,0.32655207155420063,0.2277816366693236,0.0,0.02243914746343849,0.0,0.04695721057512957,0.18012016507753975,0.09285202734050667,0.47718732303009115,0.28812866322812236
0.0,0.0,0.6193416705229017,0.3694476098381836,0.0,0.5347542536218183,0.5048290759143759,0.2239895746253259,0.8041401655089557,0.21895209735092577,0.671496153734512,0.530119778777106,0.6110115458444579,0.5399691199612118,0.43630616930103494,0.3736008569857345,0.0,0.17279189375991386,0.5610633110796044,0.5972479103559073,0.0,0.3799362962439962,0.2932864346657652,0.14620563824069951,0.03889699077140103,0.1521216847828554,0.5563784936577741,0.6253331030671405,0.2752798939241406,0.4272086316400053,0.3505596813361074,0.0,0.0,0.05006238991097201,0.0,0.29930949579213073,0.0,0.0,0.0,0.0,0.0,0.0,0.021891780716215305,0.0,0.0,0.15377901592875454,0.2507826648242276,0.602915179720598,0.0,0.42449721251137473,0.2779204858461313,0.45207533786558907,0.18955227973098843,0.8350313085236142,0.4093909482734434,0.719431019140013,0.6163215801044171,0.3678082783922625,0.40178149964445925,0.363042789451806,0.0,0.2819684378746273,0.2105048789957666,0.4992975593713543,0.5775963418410811,0.0,0.4096790837128175,0.36862380980705606,0.12171403757510114,0.13817047868650498,0.2912801029618421,0.3393095053620467,0.4722108861232006,0.047233645096491104,0.2462864412107427,0.0
0.14499958041002714,0.0,0.623292596842419,0.3946508200241004,0.5347542536218183,0.0,0.40878961768551014,0.4924856835006287,0.5694319938672036,0.4352965731294897,0.5195695454069967,0.5830014323590248,0.6649876996862581,0.4729570336430252,0.46663903315871447,0.4771814047343565,0.31838441632938863,0.34297170452223763,0.5325471489958388,0.6085923289592114,0.0,0.3302572677964033,0.6797663059317969,0.48332928625999655,0.36801560958556534,0.3617798416405198,0.6161389686106598,0.5381031896189352,0.45254817297624705,0.5407275577626813,0.29261007968856134,0.0,0.0,0.0,0.0,0.23327869153533903,0.0,0.0,0.0,0.0,0.0,0.0,0.053040707713333066,0.0,0.0,0.35515027977999003,0.4100818179074703,0.6971617962060205,0.0,0.10054184092528341,0.6384773535367404,0.3286574989354803,0.41620037193907533,0.5959840821651899,0.5899971014260996,0.5119609264329751,0.590512853182651,0.3759712426487566,0.24119427306061042,0.42832204759554887,0.010965675533248266,0.5692674081144391,0.5254213660490819,0.548785275921023,0.593437045854469,0.05817593757755557,0.5655709979750745,0.6366570249071437,0.4317065153027536,0.4557543269544703,0.5771492666667143,0.18895710366467475,0.46007291010915785,0.14654481580687384,0.5289819326215071,0.14200172136176137
0.01949282476569719,0.0,0.44056892718347884,0.5467157883997635,0.5048290759143759,0.40878961768551014,0.0,0.04167364581570415,0.3346039542733556,0.5476545083912652,0.31108425934864203,0.5592473070139882,0.43004938513720237,0.2367916091343478,0.29401771915053676,0.23274915826513928,0.22242369782156413,0.2956578428954033,0.381885567825498,0.36554378777472163,0.0,0.2480501992511928,0.15494996849409087,0.1670665836227897,0.25276591621947697,0.06056359437506629,0.3830743918084626,0.24253614833529416,0.34082659905402796,0.32429826516872984,0.25697119084219905,0.0,0.0,0.0,0.0,0.2259370989869148,0.0,0.0,0.0,0.0,0.0,0.0,0.032380598129475774,0.0,0.0,0.1561088386082467,0.12407369001794463,0.4021959044077983,0.0,0.0,0.09581739319659872,0.38836318817742876,0.07184803902794815,0.38026086979396223,0.38152984905260856,0.3102173949715987,0.5674149597609508,0.0,0.10679885338933247,0.20384880958865917,0.06833721355034679,0.15277721695740512,0.2997941519413059,0.402617012477973,0.4574821917484711,0.0,0.42309622601894015,0.1599628623826128,0.018801848679562888,0.18326664598823791,0.14951941142140993,0.24112405353218191,0.05403638659529846,0.08620300463369734,0.32821356620777664,0.06481004104426949
0.25782827525457563,0.25672125012605207,0.3346210097337648,0.0,0.2239895746253259,0.4924856835006287,0.04167364581570415,0.0,0.40364995549042204,0.12254052777956931,0.5163940032959313,0.3148716458933507,0.42545625957271455,0.36236729382143895,0.447418730344393,0.2738940810941189,0.037582832057752875,0.14396665024085062,0.33480327114931935,0.48349286289198445,0.34443235070816697,0.4408433205122102,0.6885833348438616,0.4882729175037772,0.16154359503472515,0.5549321080946241,0.2416420519572218,0.3416101870545271,0.2191044968403732,0.28618542814410736,0.4269226096089823,0.13385404819386193,0.13028296752395804,0.3874121410927521,0.23627361330320337,0.2076267044178423,0.0,0.0,0.0818787959221434,0.08845213156719116,0.0,0.0,0.1303917921414936,0.002689107161527995,0.10921829975672709,0.26693052368029185,0.1276447060356477,0.33478044652598027,0.0,0.13119417178636536,0.4172636240016717,0.23948104269317014,0.8788119956908444,0.3922796381858153,0.21950443056840266,0.42330185355557093,0.3769164531007739,0.30494190028119306,0.3515208826996593,0.5274616710628599,0.0,0.16344343080893503,0.03000693311250581,0.3496963476940791,0.4492323986714801,0.4773178559778282,0.3375940683893465,0.6591137541723213,0.5712633348426455,0.14980219295639027,0.3678538349457942,0.24117436113431237,0.27279184995942435,0.07714220624113013,0.10541412335473924,0.0
0.12816553422144797,0.0,0.7454769563000334,0.12637353927869557,0.8041401655089557,0.5694319938672036,0.3346039542733556,0.40364995549042204,0.0,0.03322369978227517,0.8199842890055965,0.3603467304686833,0.6056045629849608,0.3979308617215821,0.4906036653257751,0.5208392367895066,0.0,0.22661389889777636,0.7290854351112193,0.7143034968940071,0.0,0.4519102590930364,0.47276651438437567,0.1791515767153916,0.0,0.218650995409713,0.7524046554936671,0.6526652143927477,0.2671430694362869,0.5325401675076626,0.5073257038143845,0.0,0.0,0.2650235010103211,0.01738283258777837,0.12565052317250325,0.0,0.0,0.0,0.0,0.0,0.0,0.0,0.0,0.0,0.2590116650122669,0.41332768111492374,0.7478034485569418,0.0,0.4671633527736513,0.3552359348807424,0.47694774330362344,0.30328785373857775,0.9777773125780221,0.33334700026117337,0.850109295689568,0.4770994400646643,0.4720877629862583,0.3154888521028041,0.40509081896515386,0.0,0.4098286641319328,0.2573674374864472,0.6693673384607207,0.6873285808215938,0.04066582600372103,0.5496359642252748,0.4462962002898573,0.24586113377221938,0.264791354228706,0.465119306911152,0.35959425219789376,0.60373588796355,0.17037989859843972,0.3520402586856364,0.0
0.2102149992916484,0.28234100168761844,0.14048350252080757,0.3517787754222702,0.21895209735092577,0.4352965731294897,0.5476545083912652,0.12254052777956931,0.03322369978227517,0.0,0.0,0.7435752661362157,0.3731318424191351,0.10095776553225484,0.33623323053760246,0.3248101448107,0.818588101384805,0.6055278841689419,0.07480976671040657,0.2800942732325478,0.18132140767298283,0.347002620220076,0.11958707719157759,0.5972252225741239,0.6713072822790797,0.505535634176492,0.03904242883235785,0.31040537783557276,0.4859978832685186,0.28737992820701513,0.25385370077758024,0.0,0.17192711210758246,0.0,0.0,0.4428297914302195,0.061816415941079894,0.0,0.0,0.05281205806033384,0.0,0.0,0.16736353956042635,0.0,0.16941937746750502,0.27041634746710064,0.0,0.13094890824276065,0.1214085731387788,0.0,0.30426939934230546,0.2047811294597606,0.10483024554984523,0.18779381999886455,0.7297174326817041,0.0,0.6052110416934458,0.1077304108222407,0.020966552274942905,0.3335729195692047,0.35399657626675174,0.44775368764877105,0.5476793006095876,0.10553336980299063,0.30585237345271865,0.17937920667108564,0.2968498068850918,0.21687678856220938,0.3092726301912535,0.2393374367744071,0.22861185727078095,0.11474670209772003,0.1951950703334745,0.19118028295971493,0.3187868815132622,0.21343394033192878
0.0,0.0,0.9212196394703586,0.2740764260234347,0.671496153734512,0.5195695454069967,0.31108425934864203,0.5163940032959313,0.8199842890055965,0.0,0.0,0.361016563445986,0.4695743900159245,0.577951653757354,0.65536527212123,0.46311582614881114,0.0,0.17608931723258708,0.877955977938916,0.7497415113788534,0.0,0.6089310479581437,0.6703271511689124,0.16558968360074117,0.0,0.19960697044633288,0.665803925757417,0.5707184355221736,0.2575411300760953,0.4653808602745546,0.4070758974795074,0.0,0.0,0.07202143526741435,0.0,0.229669123641903,0.0,0.0,0.0,0.0,0.0,0.0,0.0,0.0,0.0,0.0334146177790459,0.2575445136121289,0.8859271299576179,0.0,0.26504532633424427,0.36263138197293127,0.18137013207847902,0.41935778694355014,0.7932288113817136,0.14277727756382344,0.9497780442799898,0.39155785288506145,0.28122566998485954,0.3951742802513657,0.6064327250029465,0.0,0.26934691667111377,0.19187059657514463,0.8656151454140226,0.7095977594553484,0.012366379331604586,0.5262318336117393,0.5918547134392718,0.15794194752587037,0.1629226672104448,0.28554237079937045,0.4412315825773381,0.45527794574652175,0.0,0.32409196016677,0.0
0.049672423616141395,0.0028780364998790566,0.45497015151567943,0.42572423989682356,0.530119778777106,0.5830014323590248,0.5592473070139882,0.3148716458933507,0.3603467304686833,0.7435752661362157,0.361016563445986,0.0,0.4793666272488367,0.3976532477072653,0.5846604501208701,0.3447669829448547,0.4344721827744751,0.3318553060015285,0.36902077703481945,0.49187043464985736,0.0,0.4252877953363989,0.23995499459416336,0.5195056292734327,0.3202133840874896,0.35480901220960614,0.36053286928768685,0.5304487787448462,0.3234898321550119,0.44936648650073213,0.2992292739901135,0.0,0.0,0.0,0.0,0.3827075739455112,0.0,0.0,0.0,0.0,0.0,0.0,0.0,0.0,0.0,0.22234118300474282,0.21225484489901722,0.4443286757172013,0.0,0.0,0.15071026138491728,0.10845744383638642,0.26439075883140556,0.4497226519275123,0.7330914330733449,0.37981472600637406,0.9444653210778468,0.07534198541115426,0.21279221073691243,0.5558606998804578,0.0,0.47101516909721447,0.5158322106934413,0.3272492642005091,0.505073859025843,0.0,0.5330678387126764,0.3478245083192104,0.3627382294817856,0.17568469886505617,0.3632659986181296,0.052308237082058555,0.36649034442509393,0.0,0.41694712310939497,0.0
0.27642304236368764,0.20583105658051445,0.5055080104980302,0.4059495303443406,0.6110115458444579,0.6649876996862581,0.43004938513720237,0.42545625957271455,0.6056045629849608,0.3731318424191351,0.4695743900159245,0.4793666272488367,0.0,0.30776550348168075,0.4410460602277252,0.6272158667188088,0.31985177888688743,0.4525453422016841,0.3321055762590631,0.686613641789043,0.2220295997977322,0.58044797783258,0.467566927011004,0.33422391789363665,0.19310358755739102,0.5098856177000826,0.37083591718398246,0.8848319024198397,0.6520042611830087,0.6051508023408321,0.5262247507771136,0.0,0.07314970022748996,0.26337600326067806,0.0,0.5270887334895121,0.14641501886822747,0.029554885223940595,0.0,0.0,0.0,0.0,0.3404917615874164,0.12760538400421706,0.009004516012147887,0.31302425987699944,0.12389712011177717,0.5222305367490659,0.18412524841694272,0.45991507842194174,0.5550825524826178,0.5454878246827568,0.3109400200827913,0.6517356209935411,0.45241370875934767,0.4908517933531102,0.5108975123950305,0.6974144937067858,0.33209036639884876,0.4395145966279661,0.08549585396718207,0.6057196412775069,0.5004207670767135,0.408379624937252,0.6427514399974275,0.27726131226599243,0.4934488325699052,0.5135282449396202,0.3015743676592066,0.13575575322081415,0.3200848393216303,0.3836697535371055,0.7399391391788337,0.3993738967372063,0.5426711563202485,0.2538771385466129
0.0,0.09591810738014114,0.5732613364832811,0.3012400639105608,0.5399691199612118,0.4729570336430252,0.2367916091343478,0.36236729382143895,0.3979308617215821,0.10095776553225484,0.577951653757354,0.3976532477072653,0.30776550348168075,0.0,0.3454547264264611,0.24523647704809962,0.0,0.06602058033963781,0.4699839553545038,0.41835822574620857,0.0,0.2846225072703298,0.48471550036242667,0.17636379706473593,0.0,0.18299128526349456,0.36285875411801954,0.31477511222418303,0.10270788212140694,0.15720144519096146,0.10575327755981961,0.0,0.0,0.0,0.007081359588098402,0.2504648371723997,0.06490668492551134,0.0,0.0,0.0,0.0,0.0,0.0,0.0,0.0,0.0,0.029078715875634556,0.5244895223715809,0.0,0.15657283501406674,0.21169235726289287,0.029751041343988757,0.3195224404957509,0.42923643950086526,0.2587639765869411,0.5497159554929466,0.4215197264829317,0.07245788658227673,0.48581837719531423,0.32946762486853315,0.0,0.100773455116818,0.0,0.4472624884583688,0.3431997296769997,0.0,0.1557513666266537,0.466682964575782,0.1350508881898487,0.018260509924727712,0.0907484218231686,0.3108245293182045,0.11643657198428264,0.0,0.045749103424015274,0.0
0.32952018875847144,0.0,0.6683223730682951,0.27670377976487454,0.43630616930103494,0.46663903315871447,0.29401771915053676,0.447418730344393,0.4906036653257751,0.33623323053760246,0.65536527212123,0.5846604501208701,0.4410460602277252,0.3454547264264611,0.0,0.4134286988520765,0.08288571273721171,0.20286679060929508,0.5954465338775147,0.7804892065845194,0.10901711486804773,0.7844366577188049,0.5763982528116451,0.4833559139492456,0.21843875878973662,0.26661314923961144,0.5010925261928206,0.582736771592702,0.40146292932135313,0.5785475154245401,0.5129273970859061,0.0,0.0,0.0,0.0,0.24798358105816473,0.017278069407860492,0.0,0.0,0.0,0.0,0.0,0.0,0.0,0.0,0.30963807883588856,0.40531249370948563,0.6672345600505047,0.0,0.0,0.3269108997904992,0.13902971059391964,0.4245437368330297,0.5546473720106698,0.32779723728650395,0.6327873849671556,0.5940049880301596,0.2129396722201934,0.23796227776207468,0.916923677538387,0.07179839032437207,0.36888709291706173,0.4780624470356524,0.5965564041417253,0.7017449106674006,0.24117037552512205,0.7839353667368061,0.6184827103664354,0.3849385037076499,0.3336661022024679,0.4645246007568831,0.19545808792684924,0.5337510340715146,0.14592400529993693,0.5292423843022632,0.22949952895871542
0.3434122574940244,0.1542311853142334,0.5371414118512238,0.23922763025571858,0.3736008569857345,0.4771814047343565,0.23274915826513928,0.2738940810941189,0.5208392367895066,0.3248101448107,0.46311582614881114,0.3447669829448547,0.6272158667188088,0.24523647704809962,0.4134286988520765,0.0,0.33830467221369076,0.6973668606966436,0.41283852331570453,0.575577358210434,0.18590696889558106,0.5719556127216496,0.48758044997593863,0.45941752377967576,0.2696296851838506,0.455025931670219,0.3181561709695899,0.6503282246245398,0.5159633432900398,0.6053787258726907,0.6431862245365274,0.0,0.15383207795745438,0.28726669842308356,0.0,0.4008007440844081,0.1923577160527836,0.0,0.0,0.15977478173277507,0.0,0.0,0.15333965174074615,0.10611697302614576,0.0,0.26503606250077044,0.14095129038153964,0.5341956852500522,0.19257082935873512,0.308522859186839,0.44562203792501137,0.35422905882637457,0.18967594085154366,0.5269606749251796,0.3816167605612534,0.4089884058363272,0.360416818519931,0.5542306360536139,0.14220531326855534,0.409773641629149,0.2611331176411688,0.5961447965520118,0.5585728403195866,0.4597585592568341,0.5061843596196838,0.18721835782681645,0.4632626378417667,0.42398852879981097,0.2786559230919078,0.3266836663522459,0.36805644578023006,0.281485088850693,0.6552700965633795,0.4014596450419015,0.5216810269462588,0.2774359726757825
0.13891224607526587,0.4420413802272347,0.0,0.21205902089029915,0.0,0.31838441632938863,0.22242369782156413,0.037582832057752875,0.0,0.818588101384805,0.0,0.4344721827744751,0.31985177888688743,0.0,0.08288571273721171,0.33830467221369076,0.0,0.7267601349451068,0.0,0.11073808338674497,0.20305693396982916,0.2569108337739764,0.0678647720842552,0.45978271140947485,0.6657004139775288,0.6090101008229565,0.0,0.24584881500749314,0.41329447662498175,0.11415006496626498,0.054626817160793976,0.04542469673669346,0.1842485684636231,0.0,0.0,0.46351403413650083,0.2883795808409553,0.12716444719925352,0.08671327114284444,0.09347745635562571,0.19412181970574358,0.0,0.2963541340174452,0.0,0.1657285214870896,0.08691307046727664,0.0,0.0,0.3785086862501048,0.0,0.4127889614206419,0.08300904303745418,0.0,0.06130502698401759,0.4789265728402029,0.0,0.24469979268806194,0.17400669640850927,0.0,0.13607723902551783,0.5054320874505254,0.49191815429613084,0.5574275928931759,0.0,0.13246341411400508,0.09424117133192968,0.04787284682665209,0.09668855918475132,0.18697810405993723,0.07413909794652682,0.08423678509891444,0.1439432389932264,0.1586119664560334,0.2685073594238809,0.2283881675095114,0.32541011421536653
0.0,0.3526691022123371,0.2849592540444868,0.23499181354182544,0.17279189375991386,0.34297170452223763,0.2956578428954033,0.14396665024085062,0.22661389889777636,0.6055278841689419,0.17608931723258708,0.3318553060015285,0.4525453422016841,0.06602058033963781,0.20286679060929508,0.6973668606966436,0.7267601349451068,0.0,0.20708771898207834,0.3934988246168866,0.13349339234903004,0.47826821823557664,0.2759967171770422,0.32128826525092186,0.6188070328614149,0.5713458447709217,0.047625256954469335,0.36871899327972174,0.47169026960419014,0.3152939971240338,0.29854889186031297,0.0,0.06781094460628959,0.0,0.0,0.3895043376430791,0.2457815508266947,0.07000517207404792,0.0,0.0,0.11142440905153629,0.0,0.13800455876030687,0.03014938982774621,0.0,0.0,0.0,0.2184834048095769,0.3304574121692026,0.08573570339072993,0.440180827427931,0.20714921864360208,0.0,0.3255614425349423,0.33672484451522305,0.05646634020111707,0.19065781548982022,0.3133667383207878,0.0,0.2138667230231794,0.4840647976730377,0.46380319824854954,0.6304618919122149,0.20126791110638229,0.4042374464033838,0.020218644763350967,0.26836370177274926,0.17377217206841328,0.04533070264334952,0.24360703771097048,0.16487779611174055,0.28993324470104304,0.3538152398618446,0.3854209770028795,0.33014203447061885,0.29980581218356656
0.0,0.0,0.85824420186982,0.368473865268742,0.5610633110796044,0.5325471489958388,0.381885567825498,0.33480327114931935,0.7290854351112193,0.07480976671040657,0.877955977938916,0.36902077703481945,0.3321055762590631,0.4699839553545038,0.5954465338775147,0.41283852331570453,0.0,0.20708771898207834,0.0,0.6538671306886693,0.0,0.46501422986787566,0.5301254159445119,0.15923957195100766,0.05531569877487748,0.036966289112254476,0.6627644031517927,0.3970695880831537,0.159106421199882,0.4681843199658785,0.30701648426543954,0.0,0.0,0.0,0.0,0.08425669006891867,0.0,0.0,0.0,0.0,0.0,0.0,0.0,0.0,0.0,0.08502465609532839,0.37514167660363107,0.8410506060182947,0.0,0.06284610408456681,0.2949233665108681,0.12884718713980284,0.25470637531561025,0.6719021597597298,0.18159202497187985,0.8203641003054448,0.40149379507815725,0.10534188121029214,0.2523989307315302,0.4864575882772702,0.0,0.28392646341065164,0.2847848430655673,0.957990995095155,0.6499777049995337,0.0,0.5857652335734778,0.4286470191320027,0.11711094779767277,0.27464566484842245,0.3426611387925639,0.199950471118527,0.3371031400108845,0.0,0.4153101747700623,0.0
0.1972809515245892,0.0,0.8196273984224863,0.36650209064524353,0.5972479103559073,0.6085923289592114,0.36554378777472163,0.48349286289198445,0.7143034968940071,0.2800942732325478,0.7497415113788534,0.49187043464985736,0.686613641789043,0.41835822574620857,0.7804892065845194,0.575577358210434,0.11073808338674497,0.3934988246168866,0.6538671306886693,0.0,0.07481540776510062,0.8321392519510326,0.6988948370188397,0.3679061706513006,0.2248757290067401,0.3432678510442775,0.6956402692889814,0.7832574847486654,0.5414510807694242,0.6662397328063716,0.6238639833953633,0.0,0.0,0.08136425890749709,0.0,0.3454461190214865,0.07866657855645669,0.0,0.0,0.0,0.0,0.0,0.04790224744652888,0.0,0.0,0.28886910889215106,0.37054420339819727,0.8188128248894174,0.0,0.18079137766820677,0.4746518230008819,0.324908369584185,0.4439741028575936,0.7607017621034009,0.374168538119234,0.7535262962256072,0.5386806149628975,0.42990623547443907,0.3188800796897152,0.7091079108849073,0.0025578814059146857,0.4695609860644536,0.5328595102934423,0.6518007433972518,0.9129497242311041,0.12942348634784617,0.756712054337748,0.6969229723900956,0.3308904219713921,0.33591409603711037,0.47438250263694604,0.4430256425783494,0.7122149987228347,0.31608285278836296,0.5786278973113623,0.2078076798080455
0.5996603709452973,0.45678873457087904,0.0,0.0,0.0,0.0,0.0,0.34443235070816697,0.0,0.18132140767298283,0.0,0.0,0.2220295997977322,0.0,0.10901711486804773,0.18590696889558106,0.20305693396982916,0.13349339234903004,0.0,0.07481540776510062,0.0,0.3060841858912225,0.2503722000179977,0.4624763581725789,0.2512530789422836,0.38878493288838395,0.0,0.1670373124753846,0.5404716663056077,0.12178990716981693,0.39813260427682,0.5914478188936926,0.43089946335231055,0.3456982379672498,0.13754012708647984,0.3395115235691371,0.17021213338817617,0.5284494997229817,0.5750488248949134,0.347348223056111,0.4254087563329521,0.19281198457133983,0.4085443968796708,0.16918878440325155,0.5180107640613274,0.38638198156361964,0.0,0.0,0.34751424701613376,0.2584806827858457,0.3842123126852608,0.32339647361010443,0.42037312553545547,0.0,0.024571693175103305,0.0,0.0,0.44742315325278553,0.09140046021566059,0.23110716753357827,0.3331412085292721,0.0,0.010842618669069546,0.0,0.0841844645985764,0.8656873838124699,0.0,0.34591000350256323,0.3776539340829172,0.0,0.0,0.24086556357697403,0.161293898488157,0.6702393911556332,0.09382579037704972,0.4581546617420893
0.2854768073474973,0.44071112361401465,0.6316141011827368,0.26070801891904694,0.3799362962439962,0.3302572677964033,0.2480501992511928,0.4408433205122102,0.4519102590930364,0.347002620220076,0.6089310479581437,0.4252877953363989,0.58044797783258,0.2846225072703298,0.7844366577188049,0.5719556127216496,0.2569108337739764,0.47826821823557664,0.46501422986787566,0.8321392519510326,0.3060841858912225,0.0,0.5333466306265154,0.4243618776439407,0.30083404317006024,0.5735820959803355,0.316695301607416,0.6953345091164577,0.6230149560803206,0.44304610299020397,0.5815221559035606,0.0,0.0,0.12639808503481825,0.0,0.5645757187363422,0.3929651480448871,0.0,0.0,0.0,0.0,0.0,0.2838380988225169,0.11411152498235438,0.0,0.12024302863906555,0.0,0.5788270193320545,0.0003615588786450025,0.16094337425746807,0.42588924888107166,0.1543149331512699,0.3849627968451369,0.5560256662742825,0.1686264223360224,0.5605143235662965,0.35047269408047443,0.3860326567720302,0.3376100687551451,0.7702094848297878,0.28875571557441687,0.3254910800294471,0.4726536074543899,0.5234896603336407,0.7653567055312035,0.30097280129188836,0.5973648559546723,0.5474894423894593,0.2769099162690876,0.10357256513604479,0.15593295639001248,0.5396164265917939,0.5802370280541996,0.3819526012048228,0.42729093494292114,0.35681321556427964
0.21535897067295123,0.05600614321046604,0.699329443076481,0.18356221210954823,0.2932864346657652,0.6797663059317969,0.15494996849409087,0.6885833348438616,0.47276651438437567,0.11958707719157759,0.6703271511689124,0.23995499459416336,0.467566927011004,0.48471550036242667,0.5763982528116451,0.48758044997593863,0.0678647720842552,0.2759967171770422,0.5301254159445119,0.6988948370188397,0.2503722000179977,0.5333466306265154,0.0,0.4748790784053304,0.3050671217109487,0.4172461712115236,0.5170535727983527,0.4654735597596653,0.46899552619511437,0.49165930733999136,0.4724215230494306,0.0,0.0,0.14317104417460602,0.04327757711517708,0.23160501171418976,0.057459437735334365,0.0,0.0,0.0,0.0,0.0,0.07736462627747218,0.027585601884266397,0.0,0.28607929571211393,0.2581373751986627,0.728878823837851,0.027174172197510192,0.13597993578514253,0.6894718972577797,0.1612061864892753,0.6725931832325259,0.4864537195885127,0.24724832485798312,0.5815221102295386,0.28104701443451996,0.37370123469370276,0.28581470433386036,0.5699633426889638,0.019727682098146248,0.3160357301738217,0.29450491800692413,0.574780511427548,0.6005393835680759,0.2797195616412029,0.4814056803747626,0.9084964075870251,0.4186594608184377,0.4148840739096254,0.48019768330080126,0.404360286445194,0.414493917070724,0.3415658030583283,0.35798055528120365,0.21094998111039448
0.5773562575159458,0.16290538429829282,0.18242455236522542,0.05407052516746732,0.14620563824069951,0.48332928625999655,0.1670665836227897,0.4882729175037772,0.1791515767153916,0.5972252225741239,0.16558968360074117,0.5195056292734327,0.33422391789363665,0.17636379706473593,0.4833559139492456,0.45941752377967576,0.45978271140947485,0.32128826525092186,0.15923957195100766,0.3679061706513006,0.4624763581725789,0.4243618776439407,0.4748790784053304,0.0,0.5117469194055769,0.5619152514300478,0.10897001146797752,0.38619350509474737,0.46898486840814446,0.5021309004969593,0.5714108390042312,0.05813908104492143,0.3543981136097345,0.19680361410003047,0.06307077539566924,0.25623107816651,0.0,0.0,0.07736574483507357,0.3538175173528471,0.06330197802472279,0.0,0.11216366027166763,0.0,0.19888675817806095,0.5662236144998753,0.18963504021225083,0.2398600379375302,0.06475554989472845,0.0,0.39744537905433763,0.2636957652597859,0.5011043276494941,0.25954892600029195,0.6260422543370342,0.17639708525897405,0.46038582402459344,0.30878425568459106,0.2152023343290029,0.5017522816585513,0.1751948440005256,0.4375542702891491,0.42402997636507883,0.22225854248112162,0.28067004082358693,0.5934589401922886,0.4225058359009123,0.5188032542298463,0.794815161883274,0.48357643733103883,0.4954431527070936,0.0,0.38301430394173186,0.23876303990139305,0.38936746123616306,0.29149393026595527
0.278780682401619,0.2514452512489858,0.08509712164871545,0.15712637809761512,0.03889699077140103,0.36801560958556534,0.25276591621947697,0.16154359503472515,0.0,0.6713072822790797,0.0,0.3202133840874896,0.19310358755739102,0.0,0.21843875878973662,0.2696296851838506,0.6657004139775288,0.6188070328614149,0.05531569877487748,0.2248757290067401,0.2512530789422836,0.30083404317006024,0.3050671217109487,0.5117469194055769,0.0,0.5555809960961481,0.12009409608746806,0.06656519664519854,0.49816154849382394,0.15533374829586377,0.13089719344540077,0.1331090750587476,0.10503718467552715,0.0,0.0,0.19076681442633978,0.027785243497546616,0.08863840802932758,0.19934127249919711,0.12212560269799015,0.3106056232550151,0.009906704980889063,0.0,0.0,0.05240652643169842,0.28963501739019265,0.19528301104273516,0.08885039910661358,0.0423892133131012,0.0,0.47867735904407205,0.06615598997100643,0.13583653238378843,0.14466035765285726,0.47753854935620715,0.0,0.22526270115161814,0.09029156580666911,0.0,0.2114498657029096,0.49790945941527365,0.3119569497507465,0.5232295311352837,0.07299968461919876,0.25844459889845595,0.20495644182605022,0.2990789516026052,0.2885099237868864,0.2993509848135556,0.6015928863324131,0.4321788360380805,0.14423120780322396,0.11834047769243845,0.3905670361053286,0.17687044216161882,0.3940790978080204
0.25768689283436297,0.7479671570038278,0.1488956339594376,0.0,0.1521216847828554,0.3617798416405198,0.06056359437506629,0.5549321080946241,0.218650995409713,0.505535634176492,0.19960697044633288,0.35480901220960614,0.5098856177000826,0.18299128526349456,0.26661314923961144,0.455025931670219,0.6090101008229565,0.5713458447709217,0.036966289112254476,0.3432678510442775,0.38878493288838395,0.5735820959803355,0.4172461712115236,0.5619152514300478,0.5555809960961481,0.0,0.0,0.4205291917623746,0.43894513186899414,0.08521847960601704,0.3748675335725298,0.19657152203692058,0.354941483999938,0.39610971335548334,0.03829773242623724,0.5499752839236386,0.24978019189828138,0.17963943242111993,0.15509247327039943,0.1935437301201827,0.1993650075394062,0.0,0.33296762936793683,0.007356524331501462,0.24167550171643487,0.12852394574300352,0.0,0.10518489715219506,0.16761789402221838,0.22652789228656672,0.5015818310029883,0.18725780135090334,0.4326926660360826,0.3350783100842424,0.3385039834708107,0.13218615658455155,0.25858107769856253,0.40373835016915366,0.2625958260161937,0.3899218338416843,0.1908468546174694,0.32586407576727516,0.26674827392756595,0.09547108291044724,0.3181791371621967,0.37677090772471,0.11093081930927595,0.39752926096312996,0.41938846388729917,0.08885713368278024,0.1916357189167878,0.5112979438755866,0.3049142651169904,0.2842541689251736,0.0,0.10909703321359403
0.09013265792450272,0.0,0.7107720782919451,0.1772819254194326,0.5563784936577741,0.6161389686106598,0.3830743918084626,0.2416420519572218,0.7524046554936671,0.03904242883235785,0.665803925757417,0.36053286928768685,0.37083591718398246,0.36285875411801954,0.5010925261928206,0.3181561709695899,0.0,0.047625256954469335,0.6627644031517927,0.6956402692889814,0.0,0.316695301607416,0.5170535727983527,0.10897001146797752,0.12009409608746806,0.0,0.0,0.3920890600253245,0.12348937294433633,0.48359155997356695,0.32063886799389385,0.0,0.0,0.0,0.026564754902908227,0.0,0.0,0.0,0.0,0.0,0.0,0.0,0.0,0.0,0.0,0.33111122853296937,0.7453031227347436,0.7616596208745053,0.0,0.0,0.21537296162120242,0.2676081977977418,0.2355807844049663,0.6702446258408253,0.34535578230465414,0.7275596659453681,0.4844920256176481,0.125341429129295,0.0753754203220296,0.3416334867674729,0.0,0.3726373564200848,0.34262754235709014,0.5567633813282327,0.6481210813399193,0.0,0.6755343549602185,0.41600916540349414,0.2081780702284589,0.561827723836464,0.684061942447048,0.26326290197591296,0.4020468139745248,0.0613189554017628,0.3644812016712638,0.0
0.29913106554454066,0.1624572420720057,0.6176529551322975,0.34465857696735364,0.6253331030671405,0.5381031896189352,0.24253614833529416,0.3416101870545271,0.6526652143927477,0.31040537783557276,0.5707184355221736,0.5304487787448462,0.8848319024198397,0.31477511222418303,0.582736771592702,0.6503282246245398,0.24584881500749314,0.36871899327972174,0.3970695880831537,0.7832574847486654,0.1670373124753846,0.6953345091164577,0.4654735597596653,0.38619350509474737,0.06656519664519854,0.4205291917623746,0.3920890600253245,0.0,0.5915565530920485,0.7211831171722596,0.6373998987914873,0.0,0.0,0.22543702392776815,0.0,0.5362935591778467,0.2047796805357869,0.0,0.0,0.0,0.0,0.0,0.2973911228619818,0.08087624768077471,0.0,0.30008954238396035,0.13993743287629679,0.6245275530493676,0.12307408926761824,0.41950931718489576,0.4767879594736081,0.3861971590690369,0.2772268989910412,0.7041777826124096,0.44914483749007106,0.6092688253142913,0.5473713258546934,0.701625393074656,0.38710989929784834,0.5654786595050153,0.09226508514153432,0.6396315852760803,0.5279129332411587,0.45016232230555886,0.7045108697084592,0.23352899506060198,0.5450745431449924,0.5532628779083917,0.34764822174915266,0.07473811181925025,0.2969762660747312,0.36472962941775894,0.8789757730753952,0.3528657519543892,0.668803981685021,0.24118853886655844
0.3985083953758424,0.2904178598279291,0.4009818046198523,0.43690170389800614,0.2752798939241406,0.45254817297624705,0.34082659905402796,0.2191044968403732,0.2671430694362869,0.4859978832685186,0.2575411300760953,0.3234898321550119,0.6520042611830087,0.10270788212140694,0.40146292932135313,0.5159633432900398,0.41329447662498175,0.47169026960419014,0.159106421199882,0.5414510807694242,0.5404716663056077,0.6230149560803206,0.46899552619511437,0.46898486840814446,0.49816154849382394,0.43894513186899414,0.12348937294433633,0.5915565530920485,0.0,0.41623766949720203,0.4306738836201012,0.0,0.12481203142955322,0.1340562361689136,0.0,0.5409014708227246,0.28382332258683823,0.1813222984595455,0.0,0.0,0.11637320223748505,0.0,0.33971714721184265,0.0,0.11028509369133715,0.306273861254126,0.0,0.42622739063931986,0.285092214634751,0.24774596043334313,0.6035683362619634,0.33570457283863486,0.22781042644317478,0.3773243904107195,0.33945264778667716,0.24745780483507457,0.26751363131972233,0.5301535806928306,0.19456844175657725,0.42669426496175766,0.5183916170789847,0.3680412817883315,0.501966161377226,0.2889166348689217,0.5141660500833156,0.41096742436094524,0.3822192367717875,0.5505515777551203,0.242767190385853,0.2081972432536578,0.13184209724322177,0.4213263002586016,0.47967721500713206,0.7405010339709671,0.44606479834109347,0.5658114225735345
0.4322484687987771,0.0,0.5381704661804191,0.36293721325713924,0.4272086316400053,0.5407275577626813,0.32429826516872984,0.28618542814410736,0.5325401675076626,0.28737992820701513,0.4653808602745546,0.44936648650073213,0.6051508023408321,0.15720144519096146,0.5785475154245401,0.6053787258726907,0.11415006496626498,0.3152939971240338,0.4681843199658785,0.6662397328063716,0.12178990716981693,0.44304610299020397,0.49165930733999136,0.5021309004969593,0.15533374829586377,0.08521847960601704,0.48359155997356695,0.7211831171722596,0.41623766949720203,0.0,0.6291725157165322,0.0,0.03925742358985818,0.10918174242435416,0.0,0.10743083233951323,0.0,0.0,0.0,0.07296705475626954,0.0,0.0,0.0,0.0,0.0,0.5021931855852699,0.5347330548131444,0.5887945104914721,0.0,0.10234139570647473,0.29682826108211996,0.3317987396594988,0.25750119962305423,0.5045300898364884,0.5772338523644335,0.4772168648703256,0.5471511269800623,0.5205952531521473,0.04690833455958512,0.4910986224632815,0.04476219660872816,0.5808150032627675,0.5496892328848647,0.5131746005923157,0.5495134700822891,0.2472376895113641,0.6961896863897539,0.5214655367524972,0.43572767915162564,0.4713546789182361,0.638819712507479,0.0,0.7819349689671617,0.2459723076445193,0.8883648236206184,0.3217051681875137
0.5505752962722155,0.07725784182628426,0.4116368994975792,0.027648317911440453,0.3505596813361074,0.29261007968856134,0.25697119084219905,0.4269226096089823,0.5073257038143845,0.25385370077758024,0.4070758974795074,0.2992292739901135,0.5262247507771136,0.10575327755981961,0.5129273970859061,0.6431862245365274,0.054626817160793976,0.29854889186031297,0.30701648426543954,0.6238639833953633,0.39813260427682,0.5815221559035606,0.4724215230494306,0.5714108390042312,0.13089719344540077,0.3748675335725298,0.32063886799389385,0.6373998987914873,0.4306738836201012,0.6291725157165322,0.0,0.048280719876359644,0.1966882521925374,0.455408265030219,0.31052662866164216,0.24416787226980427,0.005382181771281327,0.0,0.0,0.21604326779520444,0.0,0.0,0.18981152129895024,0.0,0.09843468334780854,0.5596427485607577,0.21252275552995353,0.43304152448101163,0.0,0.27501208052062953,0.2587553593982623,0.5405420057207216,0.45597579241737196,0.519226929578105,0.37743657433807876,0.4378981987222678,0.4242600673754533,0.5866947144030754,0.2948234589021592,0.5397099628854075,0.0,0.4000583599934781,0.32042697848809354,0.3869470110428676,0.5903931023997113,0.50280322301396,0.5534340247076285,0.4730804803117105,0.5413003980438307,0.35930992434139586,0.4023652886673214,0.28936027528536434,0.6667161258994692,0.4219812070049133,0.4813280416089896,0.235723987274445
0.3307782629092346,0.37545885787608685,0.0,0.0,0.0,0.0,0.0,0.13385404819386193,0.0,0.0,0.0,0.0,0.0,0.0,0.0,0.0,0.04542469673669346,0.0,0.0,0.0,0.5914478188936926,0.0,0.0,0.05813908104492143,0.1331090750587476,0.19657152203692058,0.0,0.0,0.0,0.0,0.048280719876359644,0.0,0.44148144961008406,0.3445089452593073,0.24783538506259142,0.0,0.0,0.47086917326674105,0.9072449397824648,0.39527667167419855,0.5217008894449555,0.43638451374656556,0.2374003228821318,0.07560994690152477,0.5490619807668825,0.13565234530969691,0.0,0.0,0.09725947270453034,0.1387357659631491,0.02808924876468158,0.2280828110900468,0.20568652095374657,0.0,0.0,0.0,0.0,0.05246693148059767,0.0,0.0,0.11020379202793268,0.0,0.0,0.0,0.0,0.506297996865406,0.0,0.0,0.11500490184472242,0.0,0.0,0.06728279716973973,0.0,0.33211417575024266,0.0,0.1872773642305005
