0.0,0.0,0.29450168068867644,0.0,0.0,0.0,0.0,0.0,0.0,0.0,0.0,0.0,0.0,0.24496001534920334,0.06820864603648583,0.0,0.0,0.0,0.10761634395502229,0.20260512229919814,0.1458159126528759,0.11451851568674098,0.0,0.0,0.25762216571013,0.0,0.0,0.0,0.27068259470445316,0.0,0.0,0.0,0.18215364849052465,0.147419061977181,0.0,0.424402774292352,0.0,0.0,0.2760242481034843,0.4577722575077929,0.48614621924358603,0.2099095919398473,0.0,0.009836043623151818,0.33071291028907035,0.6786757918509941,0.34380664787459275,0.0,0.2886891211048293,0.0,0.48067043103787815,0.3450822239394201,0.0,0.2149807782846359,0.3908027131311293,0.0,0.12733842464434092,0.3757852697751992,0.010673112005470158,0.23343743562933483,0.5915010230231923,0.4408538777464852,0.4787868823988249,0.0,0.623061423655392,0.0,0.6526769686035604,0.0,0.24261433061903928,0.6051075671938151,0.4139436291621138,0.3148941369640606,0.4280995261695016,0.6193401155896704,0.11689597609626705,0.49873028871904596
0.0,0.0,0.07411641155678177,0.7598911396929344,0.44455985144306154,0.7326690964507591,0.7437148763256536,0.32344594043508645,0.580989680947636,0.6981919799955162,0.0,0.5543601216981721,0.6892401070880813,0.0,0.3568075646482684,0.8789564821197163,0.824456090364202,0.810947968907514,0.1146233674922908,0.4222502720419726,0.3986337509143114,0.6646313045995254,0.32230483205744337,0.21739085456097582,0.6917521868772158,0.7100131481493429,0.4596253580893402,0.7733421140193267,0.17744669566092963,0.6223860978357693,0.40543929004279555,0.4045200723261744,0.07496121723956849,0.0,0.0,0.0,0.16482169122926374,0.0,0.0,0.0,0.0,0.0,0.1660465644487685,0.3475074112487854,0.0,0.0,0.06335807382357078,0.5936722795904136,0.0,0.42807544349667936,0.0,0.0,0.5940113956838377,0.0,0.0,0.13470082902264918,0.0,0.0,0.0,0.1964064071755196,0.0,0.0,0.0,0.4231205561017095,0.0,0.48960179660211967,0.0,0.5138910319465493,0.0,0.0,0.2854345924347503,0.0,0.0,0.0,0.0,0.0
0.29450168068867644,0.07411641155678177,0.0,0.0,0.0,0.2992417269722285,0.0,0.03199898909534999,0.08205766579621303,0.2277118523686625,0.20047188458831153,0.3100103613396809,0.051907865559596866,0.0,0.6835802111854595,0.12584603431756344,0.1653715755687728,0.25172408275965735,0.7084592480369276,0.6116655055228514,0.6023794710757366,0.39475645895993655,0.5248871953111001,0.0,0.2596082092165815,0.0,0.656825282293164,0.18776673661795887,0.4953792825074214,0.2998948717511763,0.06576304687312967,0.0,0.04716267911328436,0.0,0.0,0.0,0.2951417518743423,0.0,0.07711862357410969,0.1336082532501034,0.08850799312200727,0.0,0.0,0.25112154626675764,0.0,0.45443490742191367,0.5564930595233571,0.21064707032575422,0.10334281153547142,0.050571176439706406,0.377564019984552,0.0345066976333866,0.0,0.08651344601546664,0.530549559245632,0.13777102770566155,0.25923384700240715,0.15927681052856343,0.0,0.5006953103450585,0.22818188217147434,0.5482447474966639,0.4509756683734097,0.46746022164527695,0.2103473539470551,0.1730663469395417,0.2554013452740857,0.13572390208164684,0.0,0.31526113732471855,0.2603530069921813,0.2189055521690994,0.30959415094916015,0.27353435834555706,0.0,0.1831424727447791
0.0,0.7598911396929344,0.0,0.0,0.6448029617329419,0.42960522372960147,0.8440301234379417,0.4005435454952085,0.48964179038938005,0.6634848415436001,0.1394083538590922,0.45235659851572707,0.5267156223989198,0.0,0.2228687175740572,0.6731452708588385,0.768721418720043,0.5380871461935499,0.014705184421150961,0.20068865802872263,0.36927770802475146,0.460754757427495,0.25076857707582134,0.2343569226766525,0.2956569081427579,0.3984908434596195,0.28344482573694857,0.8656826555712666,0.0,0.5316632731344655,0.48353060150123833,0.4381303663656829,0.16937074913725975,0.096293612640724,0.17931930425797024,0.0,0.1896433888212547,0.10259898279522774,0.0,0.0,0.0,0.0,0.25252483432388556,0.26193773935055165,0.0,0.0,0.0,0.44782109105230133,0.0,0.3798589400139262,0.0,0.0,0.6940278683265911,0.0,0.0,0.2517555075949925,0.0,0.0,0.17122114708262465,0.03438843624508567,0.0,0.0,0.0,0.4379785517922569,0.0,0.6065972801479371,0.0,0.4392144327354525,0.0,0.0,0.0,0.0,0.0,0.0,0.0,0.0
0.0,0.44455985144306154,0.0,0.6448029617329419,0.0,0.22929081258634892,0.688024372975163,0.2821775367594882,0.556618727048401,0.2973896008665124,0.24281400392848956,0.11976726307562144,0.2632896637924107,0.0,0.0,0.21252639387144337,0.38387805790577967,0.1680922323803371,0.0,0.0,0.0,0.058570815838880054,0.12368605030857711,0.24712948198024126,0.01662977980941566,0.19867213698171993,0.0,0.4081069844335874,0.0,0.12049439322654512,0.11494192797488392,0.16537762741360063,0.041330588137992307,0.0,0.2584933233978227,0.0,0.0,0.17631695247211474,0.0,0.0,0.0,0.0,0.22891216179742058,0.04508258565863622,0.0,0.0,0.0,0.4007401385009248,0.0,0.3761953806177839,0.0,0.0,0.6144150693524548,0.0,0.0,0.1795184439414971,0.0,0.0,0.441028430257694,0.0,0.0,0.0,0.0,0.09461827273785575,0.0,0.28884430297035707,0.0,0.5030342248628098,0.0,0.0,0.0,0.0,0.0,0.0,0.0,0.0
0.0,0.7326690964507591,0.2992417269722285,0.42960522372960147,0.22929081258634892,0.0,0.5462086284308053,0.24792775968483538,0.6705491912349347,0.47995936780016313,0.0,0.4050853723874728,0.7116867615405366,0.0,0.4406668295227808,0.6699621852806952,0.6950564295635832,0.7428027284200628,0.396120459785706,0.6246732718834987,0.4384981323202358,0.5912000810905549,0.5562568853136455,0.06272898625845882,0.5919634672603685,0.5126722617450262,0.6758639342086997,0.6137430524817812,0.4492779969722087,0.613660253317538,0.17004818852024403,0.2873090538199725,0.0,0.0,0.0,0.0,0.13375296676233084,0.019756720025508805,0.07190217056986012,0.0,0.0,0.0,0.10019234372079625,0.2860519758995931,0.0,0.0,0.07812681943473118,0.6056645655318343,0.0,0.407482345705981,0.06690813136971925,0.0,0.3880259917374972,0.0,0.0,0.03268490274022319,0.0,0.0,0.0,0.36675698987805366,0.0,0.0,0.0,0.44889625577416803,0.0,0.3557219822469787,0.0,0.5719119613395084,0.0,0.0,0.16253184822123112,0.09353312643572544,0.0,0.0,0.0,0.0
0.0,0.7437148763256536,0.0,0.8440301234379417,0.688024372975163,0.5462086284308053,0.0,0.16087881165867615,0.7102860328368568,0.6601840179933413,0.10816353504562301,0.2993140565908891,0.548352724405505,0.0,0.19128168104643278,0.7749097033332493,0.8659527911362394,0.6907194725352134,0.034280188646286874,0.33605644641822663,0.2579582053126449,0.5832130021877161,0.13593837347311222,0.04614208807358514,0.3089559864170824,0.3039021801907653,0.34328709736571,0.8199393401243312,0.20683207882926907,0.6309347929640069,0.6047112809341295,0.5222908911097026,0.0,0.02632830183370241,0.13602046978965357,0.0,0.1797980022357482,0.0,0.0,0.0,0.0,0.0,0.17850372250160026,0.17075874372558664,0.0,0.0,0.0,0.5010477110678211,0.0,0.43163573818622125,0.0,0.0,0.6158243834236429,0.0,0.0,0.12280589450886278,0.0,0.0,0.16428425396625382,0.21123865239322603,0.0,0.0,0.0,0.39262614992894757,0.0,0.6867831398231745,0.0,0.47621400063945807,0.0,0.0,0.0,0.0,0.0,0.0,0.0,0.0
0.0,0.32344594043508645,0.03199898909534999,0.4005435454952085,0.2821775367594882,0.24792775968483538,0.16087881165867615,0.0,0.0,0.14883357389532056,0.27628558154785327,0.5090616376933512,0.444950937447091,0.0,0.07762753059628674,0.028478714363300472,0.20834359324299148,0.0,0.0,0.0,0.32610426174906787,0.0,0.5097057621666443,0.43069977450839475,0.03859862201085673,0.4366721890341349,0.03902712890245945,0.3305302931817878,0.0,0.0976802826158229,0.0,0.05920739554030231,0.5209697010190781,0.31981452535058275,0.161780481750937,0.0,0.0,0.3782688599366767,0.0,0.0,0.0,0.0,0.3444319298142986,0.05148056506074328,0.10594077776112035,0.0,0.11783789798860318,0.3646884642942107,0.03141980351879732,0.13540221048232953,0.0,0.0,0.739572410298712,0.0,0.0,0.48340394042729856,0.18871380579421207,0.04145896100314561,0.14370829363316712,0.0,0.0,0.0,0.0,0.28831540202431744,0.0,0.0686378225274665,0.0,0.38349105591149585,0.06942164186363885,0.0,0.0,0.0,0.0,0.0,0.0,0.0
0.0,0.580989680947636,0.08205766579621303,0.48964179038938005,0.556618727048401,0.6705491912349347,0.7102860328368568,0.0,0.0,0.4137280581204838,0.31178269320335866,0.04890606505047961,0.31864556013890133,0.0,0.3609307903983954,0.5550694414623523,0.6098329340707415,0.6220207451478801,0.38153466084283816,0.48044084216355226,0.1642700232650888,0.5697781207456182,0.2914648643682533,0.0,0.23790256685197644,0.17080745218385698,0.41422014957378317,0.5028184823461992,0.5227673769369912,0.565739786255854,0.31918266499945874,0.36097517137474033,0.0,0.0,0.0,0.0,0.0524606288941616,0.03778742847512898,0.14897431027867494,0.0,0.0,0.0,0.0,0.07861548209956287,0.0,0.0,0.0,0.659556979120268,0.0,0.4325331846581007,0.0,0.0,0.35173898445630125,0.09666120777896064,0.0,0.13401398067545137,0.0,0.0,0.0,0.5340406927397527,0.0,0.0,0.0,0.447383352956939,0.0,0.5402868760078243,0.0,0.5751139149099634,0.0,0.0,0.024543834525428677,0.11237682552328504,0.0,0.0,0.1998399385161061,0.0
0.0,0.6981919799955162,0.2277118523686625,0.6634848415436001,0.2973896008665124,0.47995936780016313,0.6601840179933413,0.14883357389532056,0.4137280581204838,0.0,0.0,0.7151780153764443,0.40786685925642463,0.0,0.4887207897655058,0.7879754051061904,0.802774870433501,0.7402965610323043,0.11869443737540847,0.3870023168312317,0.4692156502892019,0.6178565874149201,0.18347054273035754,0.2958339092679778,0.5216210917525402,0.5550169727388092,0.48249163676086537,0.7186653261851381,0.11452135340242187,0.4333052593406553,0.594495343060698,0.39908399723600174,0.0,0.0,0.0,0.0,0.5529696904989119,0.0,0.0065117387203720125,0.0,0.0,0.0,0.023261089619754094,0.4614409832279217,0.0,0.03478775773131459,0.0,0.40066605334752653,0.0,0.4454974675911689,0.0,0.0,0.4952005529415282,0.0,0.00782581459684771,0.14045069677244088,0.0,0.0,0.0,0.2557841437942256,0.0,0.0,0.0,0.3241801621217944,0.0,0.6610425772681893,0.0,0.41325784201159743,0.0,0.0,0.2662636108703983,0.0,0.0,0.0,0.0,0.0
0.0,0.0,0.20047188458831153,0.1394083538590922,0.24281400392848956,0.0,0.10816353504562301,0.27628558154785327,0.31178269320335866,0.0,0.0,0.04631359215033878,0.03865254801153764,0.0,0.26980709911230805,0.0,0.06918740991720372,0.0,0.4320143054243598,0.05064303547467732,0.27888530640228254,0.0,0.20655447830098742,0.0,0.0,0.0,0.12602412919534334,0.070688103495256,0.0,0.1496299105556474,0.08660782190770058,0.0,0.058328288437400344,0.07040003489411324,0.08289477568725503,0.0,0.0,0.16394524668963104,0.0,0.0,0.0,0.05354354233931308,0.0,0.0,0.02348160021482973,0.0,0.04716996014007369,0.329279343550347,0.0,0.14402298626421642,0.0,0.07965039087333362,0.24129684721775124,0.3697222641683472,0.0,0.7040970583828573,0.0,0.0,0.0,0.21292826618823518,0.0,0.0,0.0,0.43518065586002064,0.0,0.23511883290451283,0.0,0.14440603149863637,0.0,0.0,0.0,0.0,0.0,0.0,0.0,0.0
0.0,0.5543601216981721,0.3100103613396809,0.45235659851572707,0.11976726307562144,0.4050853723874728,0.2993140565908891,0.5090616376933512,0.04890606505047961,0.7151780153764443,0.04631359215033878,0.0,0.5265485279640205,0.0,0.37085055530671185,0.5275101124358597,0.5347136443788596,0.48984018193794193,0.13504078067638356,0.18755826077600204,0.4875002264710542,0.33112161982879285,0.27998929866159533,0.4418240286980974,0.33299360418027996,0.6130035341332679,0.4061338460932424,0.5502609163881761,0.0,0.23233073864812243,0.25270407302107345,0.16616444164908348,0.3079509418221118,0.15989347217513356,0.0,0.0,0.4040028540816137,0.07932086054852486,0.0,0.0,0.0,0.0,0.057934400391915684,0.32716629083450827,0.0,0.0,0.19200306899903094,0.296210037290441,0.0,0.2448328099053281,0.0,0.0,0.5205642897831906,0.0,0.2978646721344692,0.35119324593486534,0.3142401361155084,0.0,0.0,0.0,0.0,0.10792434634113293,0.0,0.2995443999584632,0.0,0.33152815245762773,0.0,0.2509111255037048,0.0,0.0,0.20595281634681611,0.0,0.0,0.0,0.0,0.0
0.0,0.6892401070880813,0.051907865559596866,0.5267156223989198,0.2632896637924107,0.7116867615405366,0.548352724405505,0.444950937447091,0.31864556013890133,0.40786685925642463,0.03865254801153764,0.5265485279640205,0.0,0.0,0.16280399054527697,0.6359611533214156,0.6687014456265788,0.6698019197283601,0.1447203225512586,0.29639210322924114,0.4917714435393595,0.38644008897652254,0.30366897562439005,0.11846837542134035,0.4927290878185401,0.6042054378275116,0.4054657061318306,0.6610438844160805,0.10646623933748152,0.43030464197528673,0.17648318896232892,0.26051782608975804,0.27827340812733453,0.1719012500321196,0.0,0.0,0.1073125658918817,0.0,0.0,0.0,0.0,0.0,0.1306334038668115,0.167439729131549,0.0,0.0,0.07762329815439833,0.48264529128224304,0.0,0.15322152445278295,0.0,0.0,0.44997263266537696,0.0,0.0,0.2440222230510725,0.0,0.061802087390705404,0.0005026551885767747,0.061586663304117155,0.0,0.0,0.0,0.4076678257675187,0.0,0.31933359976162706,0.0,0.28762934892563646,0.0,0.0,0.01291871796237814,0.0,0.0,0.0,0.0,0.0
0.24496001534920334,0.0,0.0,0.0,0.0,0.0,0.0,0.0,0.0,0.0,0.0,0.0,0.0,0.0,0.0,0.0,0.0,0.0,0.0,0.0,0.0,0.0,0.0,0.1173144991976565,0.0,0.0,0.0,0.0,0.0,0.0,0.0,0.0,0.17386509324047492,0.03960896597633971,0.10931499270382374,0.737149737032959,0.0,0.07708697064022581,0.0,0.689509540697674,0.7014969754829558,0.5128658781171256,0.0,0.0,0.689588293628114,0.0,0.11950891967648784,0.0,0.41332184445433545,0.0,0.5026686026636406,0.5034188876903108,0.0,0.5689827180039612,0.24555565250297642,0.0,0.39716644271004065,0.633278144564213,0.32099238034873595,0.0,0.42576424252987893,0.18973439265866826,0.18802859797330604,0.0,0.5263988757010717,0.0,0.4553624342175114,0.0,0.5026296578138834,0.38508602288996296,0.0,0.2293979445192363,0.059436157093860194,0.533916912620516,0.07255946609519913,0.3746255132065958
0.06820864603648583,0.3568075646482684,0.6835802111854595,0.2228687175740572,0.0,0.4406668295227808,0.19128168104643278,0.07762753059628674,0.3609307903983954,0.4887207897655058,0.26980709911230805,0.37085055530671185,0.16280399054527697,0.0,0.0,0.440061540288383,0.4267170198495124,0.42311700029686206,0.5706497163216164,0.750239926315954,0.6484683048504246,0.685275491261252,0.49675486823901144,0.0,0.28063745879368823,0.1350302189421725,0.6971169507492857,0.48844436890960075,0.4425232748812414,0.4858790268214855,0.35481761221979036,0.17955313377383628,0.0,0.0,0.0,0.0,0.3578372040429409,0.044697431098721555,0.15823406955972688,0.0,0.0,0.0,0.0,0.3166963685255902,0.0,0.32869986541616464,0.37823963949577866,0.3429600458308231,0.0,0.2528711282311321,0.0,0.0,0.18826025149435588,0.0,0.19960911655126162,0.21860011078053068,0.0,0.0,0.0,0.6986940282589843,0.0,0.2767716508680353,0.11284728038119134,0.603252753453291,0.0,0.4498971815204369,0.0,0.39539767634284834,0.0,0.0,0.2720750512449088,0.0,0.10455955564255044,0.0,0.0,0.0
0.0,0.8789564821197163,0.12584603431756344,0.6731452708588385,0.21252639387144337,0.6699621852806952,0.7749097033332493,0.028478714363300472,0.5550694414623523,0.7879754051061904,0.0,0.5275101124358597,0.6359611533214156,0.0,0.440061540288383,0.0,0.8813787937182073,0.9194790839749547,0.15248321023693825,0.574060583446716,0.5148346667243365,0.8369492289018777,0.11176691704919899,0.0,0.6597887531104389,0.545090655954627,0.5576377752581257,0.7797273743872102,0.36283983294828775,0.6789229697513943,0.6552264010325561,0.5337648349260742,0.0,0.02545232736475773,0.0,0.0,0.3936836709127547,0.0,0.08063848552753804,0.0,0.0,0.0,0.0,0.3088331542396421,0.0,0.01770443288874383,0.0,0.45512529009876657,0.0,0.37184760229699954,0.0,0.0,0.3984683185838089,0.0,0.0,0.053999323728006525,0.0,0.0,0.0,0.34639915098797636,0.0,0.0,0.0,0.40943652048964585,0.0,0.7054317718311717,0.0,0.32913554900870895,0.0,0.0,0.14796643151334787,0.0,0.0,0.0,0.0,0.0
0.0,0.824456090364202,0.1653715755687728,0.768721418720043,0.38387805790577967,0.6950564295635832,0.8659527911362394,0.20834359324299148,0.6098329340707415,0.802774870433501,0.06918740991720372,0.5347136443788596,0.6687014456265788,0.0,0.4267170198495124,0.8813787937182073,0.0,0.8754094900138248,0.256606092018876,0.5427229624200737,0.5397338788464658,0.7069699260368963,0.27490211183224944,0.08784953373749525,0.5490043111049807,0.48296547446022486,0.5618371616130322,0.8698518551174367,0.29556578579539106,0.7315038777599144,0.5897787438536233,0.4650758495215925,0.0,0.0,0.0,0.0,0.32940158153542476,0.0,0.0,0.0,0.0,0.0,0.10414009263074751,0.3021696261390966,0.0,0.0,0.0,0.5520732477906583,0.0,0.4256526516891183,0.0,0.0,0.548327104399549,0.0,0.0,0.1613041756928897,0.0,0.0,0.0,0.27950252123312286,0.0,0.0,0.0,0.5284062477329178,0.0,0.6947264498265266,0.0,0.43281647929376255,0.0,0.0,0.02243712344262172,0.0,0.0,0.0,0.0,0.0
0.0,0.810947968907514,0.25172408275965735,0.5380871461935499,0.1680922323803371,0.7428027284200628,0.6907194725352134,0.0,0.6220207451478801,0.7402965610323043,0.0,0.48984018193794193,0.6698019197283601,0.0,0.42311700029686206,0.9194790839749547,0.8754094900138248,0.0,0.2928475704787414,0.5870152890968784,0.5026400374021863,0.7722219971260187,0.16115900771381286,0.05075887826522143,0.6953901575081236,0.5520859769871845,0.5801354156264875,0.7200858538555734,0.47784292549831575,0.649686479724004,0.49062974792225744,0.43707801109121197,0.0,0.0,0.0,0.0,0.33776430351748316,0.0,0.13078850301241524,0.0,0.0,0.0,0.0,0.3126852953308821,0.0,0.0,0.0,0.504345373852037,0.0,0.3440213249916482,0.0,0.0,0.2649879417746326,0.0,0.0,0.04653549934486166,0.0,0.0,0.0,0.3991061665269051,0.0,0.0,0.12404494543178757,0.46569452883170326,0.0,0.5863828214642864,0.0,0.2682445643891495,0.0,0.0,0.20434774056084257,0.0,0.0,0.0,0.017580087746252707,0.0
0.10761634395502229,0.1146233674922908,0.7084592480369276,0.014705184421150961,0.0,0.396120459785706,0.034280188646286874,0.0,0.38153466084283816,0.11869443737540847,0.4320143054243598,0.13504078067638356,0.1447203225512586,0.0,0.5706497163216164,0.15248321023693825,0.256606092018876,0.2928475704787414,0.0,0.6258209672899674,0.4690957247396374,0.39888956413775534,0.45049230400088003,0.0,0.1994378397321115,0.0,0.6230183831708329,0.27424214337187075,0.5234310632254842,0.4822542235740256,0.09908693914118338,0.13008916298914194,0.0,0.0,0.0,0.0,0.18034691173978687,0.0,0.13936962426181698,0.009876528395854093,0.0,0.0,0.0,0.022981653538076154,0.0,0.24036348992092704,0.3303551453046293,0.31131970346206617,0.050123651325856014,0.14263005574244175,0.24909164581283585,0.11095529958191849,0.022404197529606817,0.2116322213165665,0.19004587837134523,0.28540664531279614,0.008936205654011762,0.11697366295587067,0.0,0.5102298926078132,0.08026342766490288,0.30840743441117,0.2538781072106925,0.6138906353917392,0.11828357832822592,0.2040017390061089,0.13732499041687987,0.19049539719053657,0.0,0.0442118227242568,0.07618623951552342,0.24393302625818342,0.20360849361535044,0.1906545627839851,0.0,0.05889773800638156
0.20260512229919814,0.4222502720419726,0.6116655055228514,0.20068865802872263,0.0,0.6246732718834987,0.33605644641822663,0.0,0.48044084216355226,0.3870023168312317,0.05064303547467732,0.18755826077600204,0.29639210322924114,0.0,0.750239926315954,0.574060583446716,0.5427229624200737,0.5870152890968784,0.6258209672899674,0.0,0.6254718845118501,0.886328381632537,0.462787852579109,0.0,0.4307874121578358,0.06327804167762936,0.8143755322081728,0.5627534604675989,0.7525748742088896,0.7376040177114078,0.5103260656976712,0.37383883003078716,0.0,0.0,0.0,0.0,0.3706315760608464,0.0,0.291032990649584,0.0,0.0,0.0,0.0,0.22955331533661508,0.0,0.4646517744192165,0.21186914348468935,0.33793578131664037,0.0,0.20786043695501122,0.0,0.0,0.0604316365708342,0.0,0.03775058729245782,0.0,0.0,0.0,0.0,0.668048540385068,0.019513701190593934,0.20005813172137096,0.16860789566766712,0.5642604488747256,0.0,0.4730909125963974,0.037124649760577826,0.3091766483049085,0.0,0.0,0.12550666873506972,0.183345682452725,0.17195128175262292,0.0,0.0024414889896760363,0.01139600768164805
0.1458159126528759,0.3986337509143114,0.6023794710757366,0.36927770802475146,0.0,0.4384981323202358,0.2579582053126449,0.32610426174906787,0.1642700232650888,0.4692156502892019,0.27888530640228254,0.4875002264710542,0.4917714435393595,0.0,0.6484683048504246,0.5148346667243365,0.5397338788464658,0.5026400374021863,0.4690957247396374,0.6254718845118501,0.0,0.6126931752286867,0.42287673459428876,0.02753391093657888,0.3650556442171197,0.2675265152165114,0.6005239640886811,0.6116797223521756,0.3579295040982778,0.5845711089502921,0.4845565211412205,0.3171707139198787,0.25120509757943515,0.32744378041401595,0.0016082984119025643,0.0,0.33682258178026664,0.08192413923234736,0.0,0.0,0.0,0.0,0.0,0.14262437801178965,0.0,0.26132025661159786,0.29728909651039054,0.317481738420521,0.0,0.1803407895230284,0.0,0.0,0.3242798622388747,0.0,0.17951765343702092,0.27382840896722904,0.0,0.0,0.0,0.41304169015803727,0.0,0.19844689709656438,0.1534098398297428,0.6068317185221163,0.0,0.618033033444263,0.0,0.20552109731012183,0.0,0.0,0.17907648214542563,0.0,0.0,0.0,0.0,0.0
0.11451851568674098,0.6646313045995254,0.39475645895993655,0.460754757427495,0.058570815838880054,0.5912000810905549,0.5832130021877161,0.0,0.5697781207456182,0.6178565874149201,0.0,0.33112161982879285,0.38644008897652254,0.0,0.685275491261252,0.8369492289018777,0.7069699260368963,0.7722219971260187,0.39888956413775534,0.886328381632537,0.6126931752286867,0.0,0.25164005391541333,0.0,0.504064062293887,0.2565501717632768,0.6800743398640745,0.7096913876617598,0.6245318535566617,0.7793131283760169,0.7092131955004363,0.5220687515066686,0.0,0.02891558541645988,0.0,0.0,0.4354474145254787,0.0,0.2295961365089833,0.0,0.0,0.0,0.0,0.32622215093482115,0.0,0.3761140880525998,0.05624000964200885,0.40697417712715356,0.0,0.2784262556270908,0.0,0.0,0.20263420625735706,0.0,0.0,0.0,0.0,0.0,0.0,0.5973300198612675,0.0,0.05151902123791747,0.0291544264411143,0.5208841626446212,0.0,0.6329040562678041,0.0,0.31233711053545804,0.0,0.0,0.19654025866155977,0.0,0.07831447686534104,0.0,0.0,0.0
0.0,0.32230483205744337,0.5248871953111001,0.25076857707582134,0.12368605030857711,0.5562568853136455,0.13593837347311222,0.5097057621666443,0.2914648643682533,0.18347054273035754,0.20655447830098742,0.27998929866159533,0.30366897562439005,0.0,0.49675486823901144,0.11176691704919899,0.27490211183224944,0.16115900771381286,0.45049230400088003,0.462787852579109,0.42287673459428876,0.25164005391541333,0.0,0.10891888883440255,0.2818067061579555,0.21001647059204304,0.6467697364897806,0.3872520519883346,0.2614082781486985,0.38143697163555146,0.0,0.09992577231593407,0.11444189391358912,0.0,0.0,0.0,0.0228556137021226,0.21939033598272387,0.0,0.03605253840305218,0.0,0.0,0.2045616930048698,0.2593288933977244,0.0,0.07134478047459059,0.42168977482244885,0.4248487738513038,0.1348654356717769,0.3295826801605124,0.30885526912468286,0.0,0.48361590005993715,0.069164948848276,0.08538281901874831,0.2100789036699075,0.1174148260032181,0.10054034914098352,0.0,0.30495176536089,0.0,0.0,0.0,0.38043154140130203,0.0,0.1913833649358672,0.0,0.7398798724860567,0.0,0.006837387051576176,0.17736051582054557,0.2246746785997214,0.0,0.0,0.0,0.0
0.0,0.21739085456097582,0.0,0.2343569226766525,0.24712948198024126,0.06272898625845882,0.04614208807358514,0.43069977450839475,0.0,0.2958339092679778,0.0,0.4418240286980974,0.11846837542134035,0.1173144991976565,0.0,0.0,0.08784953373749525,0.05075887826522143,0.0,0.0,0.02753391093657888,0.0,0.10891888883440255,0.0,0.13603972337841466,0.5649256837811237,0.0,0.08393898177081364,0.0,0.0,0.0,0.058593148771541474,0.3286743884224404,0.0,0.007492153651568848,0.044090425620679614,0.09785402838750332,0.41238832425364325,0.0,0.177982618955575,0.005524056199598893,0.0,0.36104774768026004,0.20249840572439057,0.10620257573512253,0.0,0.0,0.23928467517351082,0.0,0.13537904918520982,0.0,0.0,0.44308349589490437,0.0,0.0991195478653809,0.11445011826958486,0.4668439573286533,0.05225915582333,0.19320316534695106,0.0,0.0,0.0,0.0,0.056052236785235535,0.0,0.0,0.0,0.2522181381585938,0.6679766326708073,0.08975776818872197,0.34043992803343054,0.0,0.0,0.0,0.0,0.0
0.25762216571013,0.6917521868772158,0.2596082092165815,0.2956569081427579,0.01662977980941566,0.5919634672603685,0.3089559864170824,0.03859862201085673,0.23790256685197644,0.5216210917525402,0.0,0.33299360418027996,0.4927290878185401,0.0,0.28063745879368823,0.6597887531104389,0.5490043111049807,0.6953901575081236,0.1994378397321115,0.4307874121578358,0.3650556442171197,0.504064062293887,0.2818067061579555,0.13603972337841466,0.0,0.6880667682181254,0.45601281027648144,0.4289734555050868,0.2818525095009848,0.31474509918075716,0.1486108743691627,0.23142340950675877,0.04382186777601381,0.0,0.0,0.0,0.08334350917347558,0.0,0.15315418240887402,0.0,0.0,0.0,0.02198601594797512,0.2896900680200648,0.0,0.17456324553887548,0.37665567100888375,0.3740441036621918,0.0,0.3075579895777304,0.11093547339894795,0.0,0.22052089897955196,0.0,0.1068653080379511,0.0,0.0,0.0,0.0,0.2476808852398069,0.0,0.012310276687887013,0.12121510990476903,0.2569252760305373,0.0,0.2611069420490004,0.0,0.3413375852968507,0.0,0.4203989709600161,0.5250359297940957,0.21715359985388966,0.0,0.0,0.0,0.0
0.0,0.7100131481493429,0.0,0.3984908434596195,0.19867213698171993,0.5126722617450262,0.3039021801907653,0.4366721890341349,0.17080745218385698,0.5550169727388092,0.0,0.6130035341332679,0.6042054378275116,0.0,0.1350302189421725,0.545090655954627,0.48296547446022486,0.5520859769871845,0.0,0.06327804167762936,0.2675265152165114,0.2565501717632768,0.21001647059204304,0.5649256837811237,0.6880667682181254,0.0,0.11246683629121526,0.37768599846178785,0.0,0.10103476151443962,0.0,0.14967263228245248,0.18987920471887804,0.0,0.0,0.0,0.06636192032882181,0.041870328050952296,0.0,0.0,0.0,0.0,0.1406337887616915,0.2855366013037022,0.0,0.0,0.1768191913083559,0.43928932103670854,0.0,0.25718742031669795,0.0,0.0,0.4857392998995124,0.0,0.052956143792741675,0.1519139875214934,0.24237123958623744,0.0,0.0,0.0,0.0,0.0,0.0,0.1802711163389354,0.0,0.1831533340068245,0.0,0.3523262975853354,0.1121054899065826,0.18797501744466946,0.5847313193007195,0.0,0.0,0.0,0.0,0.0
0.0,0.4596253580893402,0.656825282293164,0.28344482573694857,0.0,0.6758639342086997,0.34328709736571,0.03902712890245945,0.41422014957378317,0.48249163676086537,0.12602412919534334,0.4061338460932424,0.4054657061318306,0.0,0.6971169507492857,0.5576377752581257,0.5618371616130322,0.5801354156264875,0.6230183831708329,0.8143755322081728,0.6005239640886811,0.6800743398640745,0.6467697364897806,0.0,0.45601281027648144,0.11246683629121526,0.0,0.5924738880798053,0.6566487428861169,0.600697237015679,0.3552220651294449,0.28710904889177724,0.0,0.0,0.0,0.0,0.40293849846039614,0.0,0.10991878969744642,0.0,0.0,0.0,0.0,0.3108831763228426,0.0,0.25145591356383,0.3745411085375494,0.3629690520196443,0.0,0.2687273446989855,0.07127211456989528,0.0,0.15667633728429217,0.0,0.2137095250446197,0.12708917904180647,0.0,0.0,0.0,0.5688826288051326,0.0,0.24461296526920193,0.2112305320244895,0.5270638923075148,0.0,0.43281275980127204,0.0,0.39239932359974244,0.0,0.0,0.052196097423830315,0.38793483537643986,0.0,0.0,0.0,0.0
0.0,0.7733421140193267,0.18776673661795887,0.8656826555712666,0.4081069844335874,0.6137430524817812,0.8199393401243312,0.3305302931817878,0.5028184823461992,0.7186653261851381,0.070688103495256,0.5502609163881761,0.6610438844160805,0.0,0.48844436890960075,0.7797273743872102,0.8698518551174367,0.7200858538555734,0.27424214337187075,0.5627534604675989,0.6116797223521756,0.7096913876617598,0.3872520519883346,0.08393898177081364,0.4289734555050868,0.37768599846178785,0.5924738880798053,0.0,0.2366519575274779,0.6993792044587186,0.5900677140143242,0.4802188674096928,0.20447941826444546,0.11804785173591709,0.0097324674370981,0.0,0.29992002102765153,0.06475459592701799,0.0,0.0,0.0,0.0,0.19931707422174952,0.3375925855787825,0.0,0.0,0.0,0.480201865366627,0.0,0.27231856062261334,0.0,0.0,0.6172993917812758,0.0,0.0,0.19771896360795546,0.0,0.0,0.0,0.29771774315823357,0.0,0.0,0.0,0.5892041072948448,0.0,0.7022088463405823,0.0,0.4518015861739636,0.0,0.0,0.0,0.0,0.0,0.0,0.0,0.0
0.27068259470445316,0.17744669566092963,0.4953792825074214,0.0,0.0,0.4492779969722087,0.20683207882926907,0.0,0.5227673769369912,0.11452135340242187,0.0,0.0,0.10646623933748152,0.0,0.4425232748812414,0.36283983294828775,0.29556578579539106,0.47784292549831575,0.5234310632254842,0.7525748742088896,0.3579295040982778,0.6245318535566617,0.2614082781486985,0.0,0.2818525095009848,0.0,0.6566487428861169,0.2366519575274779,0.0,0.4907314275209027,0.2985589538677756,0.17329545943587235,0.0,0.0,0.0,0.0,0.05039212336383476,0.0,0.34896829495172055,0.0,0.0,0.0,0.0,0.04566758435497205,0.0,0.3853821277781977,0.1591799477163602,0.12837977307678355,0.0,0.2018160546966515,0.08384469823270228,0.1401880386495338,0.0,0.06357155487346867,0.0,0.0,0.0,0.0,0.0,0.7419112649599126,0.28342422583491184,0.2955938877633421,0.45119500413619007,0.29467585036063293,0.17362516966783573,0.2903827495059524,0.23206498493152636,0.13883138868947012,0.0,0.111510482024021,0.043892151570828035,0.46069203150634763,0.3115313552253624,0.34892191607294976,0.18921113530195108,0.2287269612451699
0.0,0.6223860978357693,0.2998948717511763,0.5316632731344655,0.12049439322654512,0.613660253317538,0.6309347929640069,0.0976802826158229,0.565739786255854,0.4333052593406553,0.1496299105556474,0.23233073864812243,0.43030464197528673,0.0,0.4858790268214855,0.6789229697513943,0.7315038777599144,0.649686479724004,0.4822542235740256,0.7376040177114078,0.5845711089502921,0.7793131283760169,0.38143697163555146,0.0,0.31474509918075716,0.10103476151443962,0.600697237015679,0.6993792044587186,0.4907314275209027,0.0,0.6363608389567693,0.5871837704492121,0.0,0.14350567232759975,0.0,0.0,0.3397535662010271,0.0,0.12800675036339476,0.0,0.0,0.0,0.077675328797258,0.1006072189993312,0.0,0.09673412031066494,0.0,0.36788751657879815,0.0,0.24611550751546885,0.0,0.0,0.31064475515243295,0.0,0.0,0.0,0.0,0.0,0.0,0.3947053374719491,0.0,0.0,0.0,0.5609356869825897,0.0,0.5731015531048689,0.0,0.3520037207745127,0.0,0.0,0.0,0.0,0.0,0.0,0.0,0.0
0.0,0.40543929004279555,0.06576304687312967,0.48353060150123833,0.11494192797488392,0.17004818852024403,0.6047112809341295,0.0,0.31918266499945874,0.594495343060698,0.08660782190770058,0.25270407302107345,0.17648318896232892,0.0,0.35481761221979036,0.6552264010325561,0.5897787438536233,0.49062974792225744,0.09908693914118338,0.5103260656976712,0.4845565211412205,0.7092131955004363,0.0,0.0,0.1486108743691627,0.0,0.3552220651294449,0.5900677140143242,0.2985589538677756,0.6363608389567693,0.0,0.6045893533579171,0.0,0.3695274016146041,0.3370500845551276,0.0,0.5378421034886575,0.0,0.11423131932347061,0.0,0.0,0.0,0.0,0.014407496332003557,0.0,0.17782269001304687,0.0,0.06333575870758648,0.0,0.2361941517210163,0.0,0.0,0.17322879053639098,0.0,0.0,0.0,0.0,0.0,0.0,0.3169774276740375,0.0,0.0,0.0,0.2889213040560242,0.0,0.7333488364248288,0.0,0.05372799472143527,0.0,0.0,0.0,0.0,0.0,0.0,0.0,0.0
0.0,0.4045200723261744,0.0,0.4381303663656829,0.16537762741360063,0.2873090538199725,0.5222908911097026,0.05920739554030231,0.36097517137474033,0.39908399723600174,0.0,0.16616444164908348,0.26051782608975804,0.0,0.17955313377383628,0.5337648349260742,0.4650758495215925,0.43707801109121197,0.13008916298914194,0.37383883003078716,0.3171707139198787,0.5220687515066686,0.09992577231593407,0.058593148771541474,0.23142340950675877,0.14967263228245248,0.28710904889177724,0.4802188674096928,0.17329545943587235,0.5871837704492121,0.6045893533579171,0.0,0.0,0.18315783348967965,0.23272013703723388,0.0,0.4392019820744086,0.0,0.2574447186159974,0.0,0.0,0.0,0.1527898000914949,0.06604021485742888,0.0,0.03248878944423888,0.0,0.25423907568794324,0.0,0.1397774325311607,0.0,0.0,0.22322054807808933,0.0,0.0,0.0,0.0,0.0,0.018989463557144957,0.08295851799543645,0.0,0.0,0.0,0.24183457004400571,0.0,0.5071106702135003,0.0,0.2309801876840458,0.0,0.0,0.0,0.0,0.0,0.0,0.0,0.0
0.18215364849052465,0.07496121723956849,0.04716267911328436,0.16937074913725975,0.041330588137992307,0.0,0.0,0.5209697010190781,0.0,0.0,0.058328288437400344,0.3079509418221118,0.27827340812733453,0.17386509324047492,0.0,0.0,0.0,0.0,0.0,0.0,0.25120509757943515,0.0,0.11444189391358912,0.3286743884224404,0.04382186777601381,0.18987920471887804,0.0,0.20447941826444546,0.0,0.0,0.0,0.0,0.0,0.4893702257900318,0.292055668745109,0.12819575134613329,0.0,0.3098877504291746,0.0,0.32427368070709217,0.0,0.0,0.22873703345139218,0.007950386721671376,0.2811119040306779,0.09736772320453012,0.27884774791449185,0.07521197589884245,0.1898527593259226,0.0,0.018234166218833017,0.08614400448192273,0.2996592030658416,0.029370017311188053,0.26389249245762153,0.25011414234227247,0.18434330808628174,0.225368935635249,0.15763837237938993,0.0,0.0,0.035682443977428785,0.0,0.13757161182880892,0.0,0.0,0.0,0.0,0.21139608709935995,0.09885123887676871,0.0,0.0,0.0,0.0,0.0,0.0
0.147419061977181,0.0,0.0,0.096293612640724,0.0,0.0,0.02632830183370241,0.31981452535058275,0.0,0.0,0.07040003489411324,0.15989347217513356,0.1719012500321196,0.03960896597633971,0.0,0.02545232736475773,0.0,0.0,0.0,0.0,0.32744378041401595,0.02891558541645988,0.0,0.0,0.0,0.0,0.0,0.11804785173591709,0.0,0.14350567232759975,0.3695274016146041,0.18315783348967965,0.4893702257900318,0.0,0.588592870678685,0.08804383030754612,0.018953813681476004,0.10545452735859692,0.0,0.0,0.0,0.02100520736415879,0.07462177305310112,0.0,0.1889145551511634,0.03155962946269927,0.0,0.0,0.11793274959873228,0.0,0.0,0.19988302269903044,0.16665470571867705,0.0,0.05675756573290853,0.02047912028690422,0.0,0.0,0.23010404144840138,0.0,0.0,0.0,0.0,0.011497926447195972,0.0,0.14987434011682002,0.0,0.0,0.0,0.0,0.0,0.0,0.0,0.0,0.0,0.0
0.0,0.0,0.0,0.17931930425797024,0.2584933233978227,0.0,0.13602046978965357,0.161780481750937,0.0,0.0,0.08289477568725503,0.0,0.0,0.10931499270382374,0.0,0.0,0.0,0.0,0.0,0.0,0.0016082984119025643,0.0,0.0,0.007492153651568848,0.0,0.0,0.0,0.0097324674370981,0.0,0.0,0.3370500845551276,0.23272013703723388,0.292055668745109,0.588592870678685,0.0,0.0,0.0,0.08645108469895511,0.0,0.0,0.0,0.11662020524038584,0.13254685994298976,0.0,0.050450710891735126,0.0,0.0,0.0,0.03636338992084256,0.0,0.0,0.0,0.18103607413576878,0.0,0.0,0.0,0.0,0.0,0.31536166944575833,0.0,0.0,0.0,0.0,0.0,0.0,0.16965170377554228,0.0,0.0,0.0,0.0,0.0,0.0,0.0,0.0,0.0,0.0
0.424402774292352,0.0,0.0,0.0,0.0,0.0,0.0,0.0,0.0,0.0,0.0,0.0,0.0,0.737149737032959,0.0,0.0,0.0,0.0,0.0,0.0,0.0,0.0,0.0,0.044090425620679614,0.0,0.0,0.0,0.0,0.0,0.0,0.0,0.0,0.12819575134613329,0.08804383030754612,0.0,0.0,0.0,0.0750834763256922,0.12315860275955903,0.6886136517202683,0.7278046556791103,0.4455528173015601,0.06055098910820815,0.0,0.6513539772851268,0.1097397615135263,0.20205409508932703,0.0,0.45036667454463697,0.0,0.6944989032162616,0.6384526221878564,0.0,0.5600926781399352,0.26304177968177084,0.0,0.35193828846459335,0.6744835339982085,0.26896401983037677,0.0,0.5457598544620419,0.2695479122013533,0.36105289300289606,0.0,0.7088010837561959,0.0,0.6366155472000952,0.0,0.5022893119724128,0.41927454316761087,0.013235064750873908,0.40659289908979523,0.26981036861984486,0.7663995276957838,0.17172792578584725,0.5289588250029476
0.0,0.16482169122926374,0.2951417518743423,0.1896433888212547,0.0,0.13375296676233084,0.1797980022357482,0.0,0.0524606288941616,0.5529696904989119,0.0,0.4040028540816137,0.1073125658918817,0.0,0.3578372040429409,0.3936836709127547,0.32940158153542476,0.33776430351748316,0.18034691173978687,0.3706315760608464,0.33682258178026664,0.4354474145254787,0.0228556137021226,0.09785402838750332,0.08334350917347558,0.06636192032882181,0.40293849846039614,0.29992002102765153,0.05039212336383476,0.3397535662010271,0.5378421034886575,0.4392019820744086,0.0,0.018953813681476004,0.0,0.0,0.0,0.0,0.2403522274812711,0.0,0.0,0.0,0.10559780333167207,0.3866964155293026,0.0,0.19031104821197875,0.06642294817237607,0.05618508876623828,0.0,0.04314782473160814,0.0,0.0,0.0,0.0,0.27936602819921574,0.0,0.13264901627878248,0.0,0.0,0.07846917161791186,0.0,0.2560473181078204,0.07505830451914829,0.21144825495556543,0.0,0.3108890951825437,0.0,0.02377261449192228,0.0,0.0,0.11540447036691077,0.0,0.27447355454482136,0.0,0.0,0.03481271439542348
0.0,0.0,0.0,0.10259898279522774,0.17631695247211474,0.019756720025508805,0.0,0.3782688599366767,0.03778742847512898,0.0,0.16394524668963104,0.07932086054852486,0.0,0.07708697064022581,0.044697431098721555,0.0,0.0,0.0,0.0,0.0,0.08192413923234736,0.0,0.21939033598272387,0.41238832425364325,0.0,0.041870328050952296,0.0,0.06475459592701799,0.0,0.0,0.0,0.0,0.3098877504291746,0.10545452735859692,0.08645108469895511,0.0750834763256922,0.0,0.0,0.005285653232343666,0.21325998762219273,0.06593428380528078,0.012816062733661406,0.25080868649949006,0.02595723880393085,0.21475615199637915,0.0,0.020095209447690453,0.23319102969650446,0.10417008982330075,0.0445891712762109,0.05557852592218694,0.0,0.3715229046430979,0.09821091285708816,0.0,0.14653775002300362,0.09488198880927115,0.1219532804694565,0.15047142805651617,0.0,0.0,0.0,0.0,0.14006167593304272,0.0,0.0,0.0,0.2738643321811454,0.319154693853427,0.0,0.0465053253890703,0.0,0.0,0.0,0.0,0.0
0.2760242481034843,0.0,0.07711862357410969,0.0,0.0,0.07190217056986012,0.0,0.0,0.14897431027867494,0.0065117387203720125,0.0,0.0,0.0,0.0,0.15823406955972688,0.08063848552753804,0.0,0.13078850301241524,0.13936962426181698,0.291032990649584,0.0,0.2295961365089833,0.0,0.0,0.15315418240887402,0.0,0.10991878969744642,0.0,0.34896829495172055,0.12800675036339476,0.11423131932347061,0.2574447186159974,0.0,0.0,0.0,0.12315860275955903,0.2403522274812711,0.005285653232343666,0.0,0.11185998437942649,0.3340971147519716,0.17268123153547796,0.0,0.08909250253868581,0.0,0.3266035023399156,0.11087331257587918,0.0,0.0,0.01154123217750999,0.24180324416073948,0.18523091558140503,0.0,0.0,0.02788928819974781,0.0,0.0,0.03892416661065435,0.0,0.3074920751168158,0.5026258996065271,0.15516968911448722,0.2500349744015179,0.0,0.40537863952071784,0.0,0.37298659919820765,0.07353321506102967,0.20309701816232478,0.2467140459542536,0.2783614845000628,0.3929363908014688,0.4238713412699906,0.4306378846617253,0.40446104082868545,0.5655595677775413
0.4577722575077929,0.0,0.1336082532501034,0.0,0.0,0.0,0.0,0.0,0.0,0.0,0.0,0.0,0.0,0.689509540697674,0.0,0.0,0.0,0.0,0.009876528395854093,0.0,0.0,0.0,0.03605253840305218,0.177982618955575,0.0,0.0,0.0,0.0,0.0,0.0,0.0,0.0,0.32427368070709217,0.0,0.0,0.6886136517202683,0.0,0.21325998762219273,0.11185998437942649,0.0,0.8373682282592247,0.48829438057733715,0.09503972320543635,0.0,0.7156116128518059,0.22039815197589455,0.4343667108933014,0.0,0.5012989256848136,0.0,0.7557630863288802,0.5025052440422024,0.0,0.46341860364303517,0.4246418790205967,0.0,0.49249402446338447,0.7171456608030111,0.14139432251957787,0.0,0.5899331851936039,0.37515671935808076,0.3537082000774955,0.0,0.8075300228209444,0.0,0.7162190512630512,0.0,0.6515851153747663,0.541144005604156,0.15908631216888838,0.3172795797527608,0.288610394308239,0.7268033955012884,0.10353679549306605,0.6026865647877687
0.48614621924358603,0.0,0.08850799312200727,0.0,0.0,0.0,0.0,0.0,0.0,0.0,0.0,0.0,0.0,0.7014969754829558,0.0,0.0,0.0,0.0,0.0,0.0,0.0,0.0,0.0,0.005524056199598893,0.0,0.0,0.0,0.0,0.0,0.0,0.0,0.0,0.0,0.0,0.0,0.7278046556791103,0.0,0.06593428380528078,0.3340971147519716,0.8373682282592247,0.0,0.4798889715146719,0.0,0.0,0.5832447320825308,0.22733662827569476,0.39364413487003524,0.0,0.4677845864903515,0.0,0.8163618354040825,0.5655847652923759,0.0,0.5462110166305215,0.4073063214282991,0.0,0.4534980192410075,0.6904072429825461,0.0,0.0,0.836714751947773,0.45128388842106104,0.4400852960333839,0.0,0.9039936324941394,0.0,0.85993740171824,0.0,0.5876023719402825,0.6119968926217938,0.23570372805926992,0.4188087373423377,0.49237826467615486,0.8272313549524595,0.36079085204778816,0.8208635789777797
