0.0,0.0,0.29992327694987425,0.0,0.0,0.0,0.0,0.0,0.0,0.0,0.0,0.0,0.0,0.24946957977767983,0.06946432559480963,0.0,0.0,0.0,0.10959749518874685,0.2063349589880354,0.1485002946401478,0.11662673169091889,0.0,0.0,0.26236483260136667,0.0,0.0,0.0,0.2756656961250944,0.0,0.0,0.0,0.18550698602432208,0.1501329569654058,0.0,0.43221577043201675,0.0,0.0,0.28110568610417186,0.46619956547418767,0.49509587453411974,0.21377389945819278,0.0,0.010017119185123335,0.3368011331941494,0.6911697991077965,0.3501359184999183,0.0,0.29400371169042594,0.0,0.48951928040841247,0.3514349771418494,0.0,0.21893844324957543,0.39799715264476143,0.0,0.1296826473507926,0.3827032473190359,0.010869597485651077,0.23773487639528246,0.6023901959726238,0.44896972866365387,0.48760105678809806,0.0,0.6345316043249468,0.0,0.6646923533866839,0.0,0.24708071242277402,0.616247228319853,0.42156407882122593,0.32069114590351794,0.435980577255776,0.630741789248166,0.11904795969605694,0.5079116090508767
0.0,0.0,0.07548084947391008,0.773880271952698,0.4527439270749091,0.746157087503047,0.7574062134462277,0.32940038285885054,0.5916853465025977,0.7110452683689144,0.0,0.5645655533144798,0.7019285969429373,0.0,0.3633761742193259,0.8951375346898488,0.8396338239736938,0.8258770262425134,0.11673351375423707,0.4300236419284845,0.405972355055688,0.676866761414799,0.32823826737218387,0.22139288755973588,0.704486922588329,0.7230840570161655,0.46808678050683433,0.7875788705097803,0.18071338106492296,0.6338438461690121,0.4129031800073571,0.4119670400534026,0.07634120751388718,0.0,0.0,0.0,0.1678559580043913,0.0,0.0,0.0,0.0,0.0,0.16910338039255202,0.35390481066993373,0.0,0.0,0.06452445730686808,0.6046014240485285,0.0,0.4359560512356403,0.0,0.0,0.6049467830623323,0.0,0.0,0.13718058910178246,0.0,0.0,0.0,0.20002212930086719,0.0,0.0,0.0,0.43090994738678673,0.0,0.4986150669635198,0.0,0.5233514523113816,0.0,0.0,0.2906892691331718,0.0,0.0,0.0,0.0,0.0
0.29992327694987425,0.07548084947391008,0.0,0.0,0.0,0.30475058459352694,0.0,0.032588070961490016,0.08356829735880049,0.23190388864005293,0.20416244967241448,0.3157174629495646,0.052863457694713296,0.0,0.6961645058099432,0.12816278302863082,0.16841596537909734,0.25635816954229246,0.7215015505507404,0.6229258942924217,0.6134689096166968,0.4020236845220322,0.5345500483345351,0.0,0.2643874379570544,0.0,0.668917035000359,0.19122340767954574,0.5044989128593997,0.30541575336936083,0.06697370444295604,0.0,0.04803091526103986,0.0,0.0,0.0,0.3005751314555503,0.0,0.07853833038277847,0.1360678996758624,0.09013737127521265,0.0,0.0,0.2557445407201758,0.0,0.4628007768093992,0.5667377572236864,0.21452495437123667,0.10524528964470391,0.051502160943661494,0.3845147432344984,0.03514194488371799,0.0,0.08810610577334634,0.540316652934401,0.1403073082693708,0.2640061839629215,0.16220899943301328,0.0,0.5099128055261325,0.23238257140476165,0.5583375988050113,0.4592778552805504,0.47606587912065784,0.2142197203968675,0.1762523927960965,0.2601031282160535,0.13822249631160272,0.0,0.3210649025169027,0.26514594700528965,0.2229354698266833,0.3152935903796911,0.27856995899492354,0.0,0.18651401392979958
0.0,0.773880271952698,0.0,0.0,0.6566733908536373,0.43751399378930667,0.8595682030538839,0.40791730778962254,0.4986557970120028,0.67569919267349,0.14197477659832672,0.4606842075042598,0.5364121356494883,0.0,0.2269715946887545,0.6855374645984363,0.7828731110291982,0.5479930022592254,0.014975897894471393,0.20438321377960653,0.376075885327132,0.4692369713977396,0.2553850735817866,0.2386712906381472,0.30109977143656225,0.4058268167619454,0.28866287204445273,0.8816193450932203,0.0,0.5414508696164331,0.49243210486496647,0.4461960790999897,0.17248876129301904,0.09806631929913545,0.18262046324372602,0.0,0.1931346079049281,0.10448776747117439,0.0,0.0,0.0,0.0,0.2571736624542665,0.2667598533195066,0.0,0.0,0.0,0.45606520411561957,0.0,0.3868519113414452,0.0,0.0,0.7068044979447569,0.0,0.0,0.25639017288967325,0.0,0.0,0.17437322393560015,0.03502150637541163,0.0,0.0,0.0,0.4460414697128915,0.0,0.6177643659805623,0.0,0.4473001024702202,0.0,0.0,0.0,0.0,0.0,0.0,0.0,0.0
0.0,0.4527439270749091,0.0,0.6566733908536373,0.0,0.23351191655199754,0.7006904819067394,0.28737225305011094,0.5668657382111943,0.3028643619762169,0.2472840615960273,0.12197210531688221,0.26813666586550905,0.0,0.0,0.21643887511679596,0.3909450187415583,0.17118670782264542,0.0,0.0,0.0,0.05964906882346341,0.12596303503188055,0.2516789849657682,0.016935923909606996,0.20232956981044092,0.0,0.41561998502427955,0.0,0.12271262149025042,0.1170579387409558,0.16842212863469608,0.04209145904914654,0.0,0.26325202777058226,0.0,0.0,0.17956283999327674,0.0,0.0,0.0,0.0,0.23312629503306606,0.0459125285549906,0.0,0.0,0.0,0.40811751995262957,0.0,0.38312090805201726,0.0,0.0,0.6257260759145744,0.0,0.0,0.18282326896732826,0.0,0.0,0.4491474945800967,0.0,0.0,0.0,0.0,0.09636013741080761,0.0,0.2941617503594191,0.0,0.5122947780331457,0.0,0.0,0.0,0.0,0.0,0.0,0.0,0.0
0.0,0.746157087503047,0.30475058459352694,0.43751399378930667,0.23351191655199754,0.0,0.5562639960294199,0.25249195847586164,0.682893592732567,0.48879512693032245,0.0,0.4125427469439307,0.7247884806087922,0.0,0.4487792369962722,0.6822957803568518,0.70785199436658,0.7564772734542113,0.4034127957708049,0.6361731256955181,0.446570615401386,0.602083713882616,0.5664972351908676,0.063883788623499,0.6028611535260616,0.52211024529404,0.6883061768818677,0.6250416876233201,0.4575489307846303,0.6249573641769803,0.17317867192172728,0.29259823820885655,0.0,0.0,0.0,0.0,0.1362152772755579,0.02012042918728117,0.07322584566136377,0.0,0.0,0.0,0.10203682363971238,0.2913180182509266,0.0,0.0,0.07956508651407727,0.6168144806574415,0.0,0.4149838470788002,0.06813986924649311,0.0,0.3951693135043956,0.0,0.0,0.03328661185807822,0.0,0.0,0.0,0.3735087622972848,0.0,0.0,0.0,0.45716016196404025,0.0,0.36227060690836,0.0,0.5824405116149494,0.0,0.0,0.1655239603836514,0.09525501422732054,0.0,0.0,0.0,0.0
0.0,0.7574062134462277,0.0,0.8595682030538839,0.7006904819067394,0.5562639960294199,0.0,0.16384049242652435,0.7233619653442851,0.6723376029755572,0.11015475973347531,0.3048242457563376,0.5584475635028658,0.0,0.19480306009042292,0.7891753181865604,0.88189445368913,0.7034351966053661,0.034911266004362576,0.3422430405632648,0.26270705848794057,0.5939495977302232,0.1384409159905325,0.046991535762979014,0.3146436776279324,0.30949683391239846,0.3496068033831533,0.8350339231176499,0.2106397312088898,0.6425499175588623,0.6158436466719074,0.5319059477568374,0.0,0.02681298980713433,0.13852452365017306,0.0,0.18310797375921345,0.0,0.0,0.0,0.0,0.0,0.18178986712482104,0.1739023080148789,0.0,0.0,0.0,0.5102716937311956,0.0,0.4395818887782228,0.0,0.0,0.6271613345979675,0.0,0.0,0.1250666761008909,0.0,0.0,0.1673086268492686,0.21512742710363678,0.0,0.0,0.0,0.399854157801519,0.0,0.6994263984097194,0.0,0.48498080984529846,0.0,0.0,0.0,0.0,0.0,0.0,0.0,0.0
0.0,0.32940038285885054,0.032588070961490016,0.40791730778962254,0.28737225305011094,0.25249195847586164,0.16384049242652435,0.0,0.0,0.1515735091849415,0.28137183053780784,0.5184331518564744,0.45314221273366484,0.0,0.07905660607274133,0.02900299011940052,0.21217907168076922,0.0,0.0,0.0,0.3321076422463371,0.0,0.51908913426833,0.43862869458013426,0.039309199092427506,0.4447110576134257,0.039745594534465585,0.33661515421733945,0.0,0.09947851702244595,0.0,0.060297367568801184,0.5305604353627242,0.3257021156382267,0.1647587617150601,0.0,0.0,0.3852325588601073,0.0,0.0,0.0,0.0,0.3507727114986394,0.05242829085437882,0.10789108284350545,0.0,0.12000722179574907,0.3714021564194845,0.03199822293184358,0.1378948825662113,0.0,0.0,0.7531874871471164,0.0,0.0,0.4923031120379335,0.19218791182151138,0.04222219518042494,0.1463538756401789,0.0,0.0,0.0,0.0,0.29362311266965396,0.0,0.06990140296314168,0.0,0.39055089227667594,0.07069965193507201,0.0,0.0,0.0,0.0,0.0,0.0,0.0
0.0,0.5916853465025977,0.08356829735880049,0.4986557970120028,0.5668657382111943,0.682893592732567,0.7233619653442851,0.0,0.0,0.42134453924824294,0.3175224223615241,0.049806395869670665,0.324511630490203,0.0,0.3675753060398653,0.565287931222751,0.6210595863179602,0.6334717675610466,0.38855848116843283,0.4892854649429862,0.16729413416957753,0.5802673883176166,0.2968305546938033,0.0,0.24228220795948346,0.1739519131661482,0.4218456898049645,0.5120750638284323,0.5323912053974946,0.5761547105537496,0.32505862312354683,0.3676205040429073,0.0,0.0,0.0,0.0,0.053426397065017436,0.03848307197862942,0.15171683643924785,0.0,0.0,0.0,0.0,0.08006274516042744,0.0,0.0,0.0,0.6716990206993974,0.0,0.44049585669210284,0.0,0.0,0.3582142845584481,0.09844068163959124,0.0,0.13648109629557012,0.0,0.0,0.0,0.5438720560661511,0.0,0.0,0.0,0.4556194075289927,0.0,0.5502332277572896,0.0,0.5857014111970723,0.0,0.0,0.0249956715444479,0.11444561431823384,0.0,0.0,0.20351886985858036,0.0
0.0,0.7110452683689144,0.23190388864005293,0.67569919267349,0.3028643619762169,0.48879512693032245,0.6723376029755572,0.1515735091849415,0.42134453924824294,0.0,0.0,0.7283440062977481,0.41537543928910947,0.0,0.4977178413285606,0.8024815515575434,0.8175534660121346,0.7539249690538978,0.12087952955007678,0.39412679336766654,0.4778536241349018,0.6292309502248433,0.18684812348365165,0.3012800310445062,0.5312238178021652,0.5652344965820195,0.4913740134176126,0.7318955163707647,0.11662962164721412,0.44128214479850786,0.6054396396151364,0.40643089013745803,0.0,0.0,0.0,0.0,0.5631495251251659,0.0,0.006631615857296018,0.0,0.0,0.0,0.023689312087683444,0.46993583019647467,0.0,0.035428179126569474,0.0,0.40804207093675776,0.0,0.4536988041642483,0.0,0.0,0.5043168929912443,0.0,0.0079698830689185,0.1430363084087597,0.0,0.0,0.0,0.2604929738233976,0.0,0.0,0.0,0.33014812111885017,0.0,0.6732119678028342,0.0,0.42086566674767845,0.0,0.0,0.2711653614947488,0.0,0.0,0.0,0.0,0.0
0.0,0.0,0.20416244967241448,0.14197477659832672,0.2472840615960273,0.0,0.11015475973347531,0.28137183053780784,0.3175224223615241,0.0,0.0,0.04716619712514825,0.03936411783787982,0.0,0.2747740831932521,0.0,0.07046110792141173,0.0,0.43996742520824544,0.051575342859623854,0.2840194147406726,0.0,0.21035702022425107,0.0,0.0,0.0,0.12834415652445208,0.07198942835263832,0.0,0.15238450591732697,0.08820221906817605,0.0,0.05940207664049237,0.07169605658430388,0.08442081793220219,0.0,0.0,0.16696337865551705,0.0,0.0,0.0,0.05452924628599099,0.0,0.0,0.023913882148277308,0.0,0.0480383303270901,0.3353411753664086,0.0,0.14667436157056674,0.0,0.08111670597330857,0.24573897495588637,0.3765286254781004,0.0,0.7170590556465818,0.0,0.0,0.0,0.2168481456577511,0.0,0.0,0.0,0.44319206622358476,0.0,0.23944722716844857,0.0,0.14706445843405022,0.0,0.0,0.0,0.0,0.0,0.0,0.0,0.0
0.0,0.5645655533144798,0.3157174629495646,0.4606842075042598,0.12197210531688221,0.4125427469439307,0.3048242457563376,0.5184331518564744,0.049806395869670665,0.7283440062977481,0.04716619712514825,0.0,0.5362419651079896,0.0,0.37767768776793353,0.537221251763277,0.5445573963343552,0.49885784082793183,0.13752679905805207,0.191011093924533,0.49647480820854367,0.3372173668271378,0.28514373082391564,0.44995773950238027,0.3391238132684076,0.624288555193203,0.41361052241093266,0.5603908841357189,0.0,0.2366078057978598,0.2573562008265131,0.16922342764020598,0.31362013077516254,0.16283701344426144,0.0,0.0,0.4114403001365229,0.0807811091962719,0.0,0.0,0.0,0.0,0.059000937356407865,0.3331892226392792,0.0,0.0,0.19553772835509783,0.3016630833543811,0.0,0.24934003255919296,0.0,0.0,0.530147560753332,0.0,0.3033481790163681,0.3576584993237965,0.3200251052983604,0.0,0.0,0.0,0.0,0.10991116771086851,0.0,0.3050588296047725,0.0,0.33763138347363736,0.0,0.25553024623925624,0.0,0.0,0.20974428204058726,0.0,0.0,0.0,0.0,0.0
0.0,0.7019285969429373,0.052863457694713296,0.5364121356494883,0.26813666586550905,0.7247884806087922,0.5584475635028658,0.45314221273366484,0.324511630490203,0.41537543928910947,0.03936411783787982,0.5362419651079896,0.0,0.0,0.16580111268184447,0.6476688101437863,0.6810118312549012,0.682132564413479,0.14738453539319712,0.3018485010160331,0.5008246557771372,0.39355421524117656,0.3092593361922381,0.12064930593335836,0.5017999297032232,0.6153284913023197,0.4129300824004744,0.6732132990145206,0.10842621784689474,0.43822628789816853,0.17973213679585215,0.26531380032189394,0.28339625179181194,0.1750658471654534,0.0,0.0,0.1092881247568038,0.0,0.0,0.0,0.0,0.0,0.13303828513042826,0.17052219238715,0.0,0.0,0.07905229571418004,0.4915304966249817,0.0,0.15604223923500654,0.0,0.0,0.45825635429710126,0.0,0.0,0.24851452329550278,0.0,0.06293982611310636,0.0005119087639203408,0.06272043620051777,0.0,0.0,0.0,0.4151727417151064,0.0,0.3252123365025989,0.0,0.29292442975199845,0.0,0.0,0.013156543678144901,0.0,0.0,0.0,0.0,0.0
0.24946957977767983,0.0,0.0,0.0,0.0,0.0,0.0,0.0,0.0,0.0,0.0,0.0,0.0,0.0,0.0,0.0,0.0,0.0,0.0,0.0,0.0,0.0,0.0,0.11947418755239521,0.0,0.0,0.0,0.0,0.0,0.0,0.0,0.0,0.17706584352910174,0.04033814287388769,0.11132741502464041,0.7507202139446534,0.0,0.07850609473769377,0.0,0.7022029906608968,0.714411106806846,0.5223074260254214,0.0,0.0,0.7022831933847378,0.0,0.12170900597339009,0.0,0.42093084743633835,0.0,0.5119224249523617,0.5126865222686119,0.0,0.579457342696774,0.25007618224804595,0.0,0.4044780346026053,0.6449364088323112,0.32690165422826734,0.0,0.4336023024691425,0.19322728706746553,0.19149008974267895,0.0,0.5360895578381852,0.0,0.4637453788074046,0.0,0.5118827631516814,0.39217522162410123,0.0,0.23362102071840646,0.06053034048298891,0.5437459972304395,0.07389524159629754,0.381522140339591
0.06946432559480963,0.3633761742193259,0.6961645058099432,0.2269715946887545,0.0,0.4487792369962722,0.19480306009042292,0.07905660607274133,0.3675753060398653,0.4977178413285606,0.2747740831932521,0.37767768776793353,0.16580111268184447,0.0,0.0,0.448162804756366,0.43457261983792544,0.43090632612174146,0.5811550294363942,0.7640513856258101,0.6604062107016272,0.6978909949576129,0.505899822285041,0.0,0.2858038231885873,0.13751604288875804,0.7099504484901537,0.49743633173334717,0.45066985838113444,0.4948237632625468,0.361349587980742,0.18285859741831595,0.0,0.0,0.0,0.0,0.3644247686470545,0.045520283534616984,0.16114706223913372,0.0,0.0,0.0,0.0,0.3225265554485244,0.0,0.334751029393325,0.3852028004887202,0.3492737310290486,0.0,0.2575263314210659,0.0,0.0,0.19172600786371571,0.0,0.20328379860219137,0.2226244054485058,0.0,0.0,0.0,0.711556559034605,0.0,0.2818668480976156,0.114924729963042,0.6143582685900181,0.0,0.4581795141426168,0.0,0.40267670632574626,0.0,0.0,0.27708378694089947,0.0,0.10648443326843882,0.0,0.0,0.0
0.0,0.8951375346898488,0.12816278302863082,0.6855374645984363,0.21643887511679596,0.6822957803568518,0.7891753181865604,0.02900299011940052,0.565287931222751,0.8024815515575434,0.0,0.537221251763277,0.6476688101437863,0.0,0.448162804756366,0.0,0.8976044395669761,0.9364061329217416,0.1552903331049057,0.5846286885442412,0.5243124588297009,0.8523569535695804,0.11382447780125497,0.0,0.6719350615073183,0.5551254423620483,0.5679035464767223,0.7940816796252849,0.3695194928983633,0.6914215274025357,0.6672887193112471,0.543591119878428,0.0,0.025920889182662693,0.0,0.0,0.4009311471014272,0.0,0.08212299084724424,0.0,0.0,0.0,0.0,0.3145185841850473,0.0,0.01803036069646222,0.0,0.46350386901011914,0.0,0.37869308978499777,0.0,0.0,0.4058038772169139,0.0,0.0,0.05499341833197063,0.0,0.0,0.0,0.35277614801389084,0.0,0.0,0.0,0.4169739970279584,0.0,0.7184183403551492,0.0,0.33519473365499036,0.0,0.0,0.1506904032407744,0.0,0.0,0.0,0.0,0.0
0.0,0.8396338239736938,0.16841596537909734,0.7828731110291982,0.3909450187415583,0.70785199436658,0.88189445368913,0.21217907168076922,0.6210595863179602,0.8175534660121346,0.07046110792141173,0.5445573963343552,0.6810118312549012,0.0,0.43457261983792544,0.8976044395669761,0.0,0.8915252446233656,0.2613300536133798,0.5527141610340923,0.549670050255583,0.7199848110413483,0.27996289198881724,0.08946679005516858,0.5591111455159352,0.4918565741799212,0.5721802409723085,0.8858652970593387,0.3010069715823756,0.7449704178470228,0.6006362106943335,0.47363761216092065,0.0,0.0,0.0,0.0,0.33546566367821223,0.0,0.0,0.0,0.0,0.0,0.10605724819850983,0.30773238459769797,0.0,0.0,0.0,0.5622365794535877,0.0,0.4334886573090869,0.0,0.0,0.5584214718482313,0.0,0.0,0.16427368715308624,0.0,0.0,0.0,0.2846479921199759,0.0,0.0,0.0,0.5381338843644072,0.0,0.7075159399038903,0.0,0.4407843666091645,0.0,0.0,0.022850177195945273,0.0,0.0,0.0,0.0,0.0
0.0,0.8258770262425134,0.25635816954229246,0.5479930022592254,0.17118670782264542,0.7564772734542113,0.7034351966053661,0.0,0.6334717675610466,0.7539249690538978,0.0,0.49885784082793183,0.682132564413479,0.0,0.43090632612174146,0.9364061329217416,0.8915252446233656,0.0,0.29823871558017395,0.5978218824215458,0.5118933338218723,0.786438132947868,0.16412584672008396,0.051693318245264304,0.7081918660389666,0.5622495429868558,0.5908153546780881,0.7333421950889256,0.48663972221697405,0.6616468114314008,0.4996619422402915,0.44512435060697486,0.0,0.0,0.0,0.0,0.34398233826972724,0.0,0.13319623955667406,0.0,0.0,0.0,0.0,0.3184416408435229,0.0,0.0,0.0,0.5136300644753112,0.0,0.35035454769172075,0.0,0.0,0.2698662081092365,0.0,0.0,0.04739218949573311,0.0,0.0,0.0,0.4064534675514811,0.0,0.0,0.12632853719534154,0.47426768097966426,0.0,0.5971777714457167,0.0,0.2731827831591681,0.0,0.0,0.20810965778867688,0.0,0.0,0.0,0.017903726435762834,0.0
0.10959749518874685,0.11673351375423707,0.7215015505507404,0.014975897894471393,0.0,0.4034127957708049,0.034911266004362576,0.0,0.38855848116843283,0.12087952955007678,0.43996742520824544,0.13752679905805207,0.14738453539319712,0.0,0.5811550294363942,0.1552903331049057,0.2613300536133798,0.29823871558017395,0.0,0.6373419494741921,0.4777314908291383,0.4062328776444997,0.45878559246483097,0.0,0.20310936868129945,0.0,0.6344877714913266,0.2792907739117405,0.5330671097456329,0.4911322295988528,0.10091106923621422,0.13248402511025106,0.0,0.0,0.0,0.0,0.1836669883523228,0.0,0.1419353340127952,0.010058349257790639,0.0,0.0,0.0,0.023404731758230327,0.0,0.24478843512068416,0.336436781974623,0.317050909261572,0.0510463971655075,0.14525578804773584,0.2536772710373727,0.1129979189515829,0.0228166451369604,0.21552824139073312,0.19354450704207038,0.2906608075217535,0.009100715747977238,0.11912707672334784,0.0,0.5196229136311402,0.0817410283981869,0.31408502711427166,0.2585518482692657,0.6251919874446077,0.1204611068385074,0.20775728655642176,0.1398530597062373,0.19400230122846424,0.0,0.04502573540625593,0.07758878170253636,0.24842368444407706,0.20735680175794483,0.19416439696337864,0.0,0.05998200942860806
0.2063349589880354,0.4300236419284845,0.6229258942924217,0.20438321377960653,0.0,0.6361731256955181,0.3422430405632648,0.0,0.4892854649429862,0.39412679336766654,0.051575342859623854,0.191011093924533,0.3018485010160331,0.0,0.7640513856258101,0.5846286885442412,0.5527141610340923,0.5978218824215458,0.6373419494741921,0.0,0.6369864402951108,0.9026451463749843,0.4713074945906703,0.0,0.4387179455852323,0.06444295181794879,0.829367688892325,0.5731134083297388,0.766429318484865,0.7511828576532283,0.5197208572089058,0.38072097480648387,0.0,0.0,0.0,0.0,0.3774546772477545,0.0,0.2963907304434665,0.0,0.0,0.0,0.0,0.2337792518177389,0.0,0.4732057300946451,0.21576952515142103,0.34415697287054553,0.0,0.21168702078030877,0.0,0.0,0.06154414612977573,0.0,0.03844555257226269,0.0,0.0,0.0,0.0,0.6803469064262422,0.01987293652388527,0.20374107986763093,0.17171186415648057,0.5746481394740025,0.0,0.48180022765681196,0.03780809191231549,0.31486840176648395,0.0,0.0,0.1278171699328159,0.1867209646044872,0.17511679993940601,0.0,0.0024864353123837026,0.011605801230176958
0.1485002946401478,0.405972355055688,0.6134689096166968,0.376075885327132,0.0,0.446570615401386,0.26270705848794057,0.3321076422463371,0.16729413416957753,0.4778536241349018,0.2840194147406726,0.49647480820854367,0.5008246557771372,0.0,0.6604062107016272,0.5243124588297009,0.549670050255583,0.5118933338218723,0.4777314908291383,0.6369864402951108,0.0,0.6239724827705434,0.43066163727417384,0.028040793438032965,0.37177609590075184,0.2724515151393553,0.6115792438780846,0.6229403728448999,0.36451876789009635,0.595332706409695,0.4934769110595904,0.32300963325211596,0.25582963016154364,0.33347182063264474,0.0016379062044165871,0.0,0.3430232800098883,0.08343231265236078,0.0,0.0,0.0,0.0,0.0,0.1452500057935265,0.0,0.26613100310006493,0.3027620073962182,0.32332638352405396,0.0,0.1836607534292891,0.0,0.0,0.33024965665425726,0.0,0.18282246391014698,0.2788694229091354,0.0,0.0,0.0,0.42064553567037205,0.0,0.2021001833964222,0.15623402138316192,0.6180031202221754,0.0,0.6294106445179338,0.0,0.20930461531982625,0.0,0.0,0.1823731709242392,0.0,0.0,0.0,0.0,0.0
0.11662673169091889,0.676866761414799,0.4020236845220322,0.4692369713977396,0.05964906882346341,0.602083713882616,0.5939495977302232,0.0,0.5802673883176166,0.6292309502248433,0.0,0.3372173668271378,0.39355421524117656,0.0,0.6978909949576129,0.8523569535695804,0.7199848110413483,0.786438132947868,0.4062328776444997,0.9026451463749843,0.6239724827705434,0.0,0.25627259377829326,0.0,0.5133435741430084,0.2612731038999929,0.6925940935365207,0.7227563731143173,0.6360291039435657,0.7936598075977639,0.7222693777270567,0.5316797186992426,0.0,0.029447903702106436,0.0,0.0,0.44346373575332004,0.0,0.23382286130176452,0.0,0.0,0.0,0.0,0.33222770170007404,0.0,0.3830381189403061,0.057275353906570695,0.4144663234264785,0.0,0.2835519131207839,0.0,0.0,0.20636457836411942,0.0,0.0,0.0,0.0,0.0,0.0,0.6083265010861217,0.0,0.05246745498631205,0.029691141644303934,0.5304733222789819,0.0,0.6445554337986027,0.0,0.3180870461784483,0.0,0.0,0.20015844491110038,0.0,0.0797561986034918,0.0,0.0,0.0
0.0,0.32823826737218387,0.5345500483345351,0.2553850735817866,0.12596303503188055,0.5664972351908676,0.1384409159905325,0.51908913426833,0.2968305546938033,0.18684812348365165,0.21035702022425107,0.28514373082391564,0.3092593361922381,0.0,0.505899822285041,0.11382447780125497,0.27996289198881724,0.16412584672008396,0.45878559246483097,0.4713074945906703,0.43066163727417384,0.25627259377829326,0.0,0.11092401912465262,0.28699459568345387,0.21388274568116702,0.6586763727337881,0.3943811259966442,0.2662206450599602,0.38845899356244173,0.0,0.10176534481792626,0.1165486993576715,0.0,0.0,0.0,0.023276371605795824,0.22342917821454206,0.0,0.03671624363881043,0.0,0.0,0.20832754896666275,0.26410298010438726,0.0,0.07265819435451311,0.4294528262971179,0.43266998057073724,0.1373482260588914,0.33565009621849656,0.31454110619162906,0.0,0.49251897371808895,0.07043823335790891,0.0869546646234324,0.21394632811390354,0.11957636131323618,0.10239123562736151,0.0,0.3105657413051361,0.0,0.0,0.0,0.38743505397100914,0.0,0.1949066159182228,0.0,0.7535006095257423,0.0,0.0069632591755942885,0.18062561470625715,0.22881080235505488,0.0,0.0,0.0,0.0
0.0,0.22139288755973588,0.0,0.2386712906381472,0.2516789849657682,0.063883788623499,0.046991535762979014,0.43862869458013426,0.0,0.3012800310445062,0.0,0.44995773950238027,0.12064930593335836,0.11947418755239521,0.0,0.0,0.08946679005516858,0.051693318245264304,0.0,0.0,0.028040793438032965,0.0,0.11092401912465262,0.0,0.1385441316857563,0.5753256209491568,0.0,0.08548424721267193,0.0,0.0,0.0,0.05967181289178944,0.3347250833836902,0.0,0.00763007962920904,0.04490210345606824,0.09965546134777786,0.41998014169830733,0.0,0.1812591703804472,0.005625750703916686,0.0,0.3676944164339316,0.20622627782619513,0.10815770035848178,0.0,0.0,0.2436897600519705,0.0,0.13787129488374267,0.0,0.0,0.451240392721859,0.0,0.1009442782671291,0.1165570751190433,0.47543826975395803,0.05322121499787384,0.1967599177445848,0.0,0.0,0.0,0.0,0.05708412426606747,0.0,0.0,0.0,0.256861320199692,0.680273674934834,0.09141015393839741,0.346707219400571,0.0,0.0,0.0,0.0,0.0
0.26236483260136667,0.704486922588329,0.2643874379570544,0.30109977143656225,0.016935923909606996,0.6028611535260616,0.3146436776279324,0.039309199092427506,0.24228220795948346,0.5312238178021652,0.0,0.3391238132684076,0.5017999297032232,0.0,0.2858038231885873,0.6719350615073183,0.5591111455159352,0.7081918660389666,0.20310936868129945,0.4387179455852323,0.37177609590075184,0.5133435741430084,0.28699459568345387,0.1385441316857563,0.0,0.7007336576202587,0.46440772789281526,0.43687059509723075,0.2870412422380829,0.32053936442555425,0.1513467098963797,0.23568377328057996,0.044628601625333664,0.0,0.0,0.0,0.08487781232812441,0.0,0.1559736574651557,0.0,0.0,0.0,0.02239076508755027,0.29502308542767686,0.0,0.17777684838536176,0.38358967210838657,0.38093002740020193,0.0,0.3132199445197086,0.11297772778068015,0.0,0.22458055418636685,0.0,0.10883263315866165,0.0,0.0,0.0,0.0,0.25224053922292233,0.0,0.012536901371010342,0.12344660612279944,0.26165511360795635,0.0,0.26591376154651675,0.0,0.3476214019865354,0.0,0.42813825952311824,0.5347015209286174,0.22115126513824523,0.0,0.0,0.0,0.0
0.0,0.7230840570161655,0.0,0.4058268167619454,0.20232956981044092,0.52211024529404,0.30949683391239846,0.4447110576134257,0.1739519131661482,0.5652344965820195,0.0,0.624288555193203,0.6153284913023197,0.0,0.13751604288875804,0.5551254423620483,0.4918565741799212,0.5622495429868558,0.0,0.06444295181794879,0.2724515151393553,0.2612731038999929,0.21388274568116702,0.5753256209491568,0.7007336576202587,0.0,0.11453728212948461,0.3846389672610791,0.0,0.10289474983096389,0.0,0.1524280141250573,0.19337476502935155,0.0,0.0,0.0,0.06758360279358501,0.0426411352446,0.0,0.0,0.0,0.0,0.143222771009825,0.2907931559231638,0.0,0.0,0.180074324740069,0.4473763694194118,0.0,0.26192208381048676,0.0,0.0,0.49468146405318986,0.0,0.05393103409055865,0.15471063134656157,0.24683314623237207,0.0,0.0,0.0,0.0,0.0,0.0,0.18358979760438565,0.0,0.18652507514105257,0.0,0.3588124097638584,0.11416928357837419,0.19143552282920054,0.5954958661349269,0.0,0.0,0.0,0.0,0.0
0.0,0.46808678050683433,0.668917035000359,0.28866287204445273,0.0,0.6883061768818677,0.3496068033831533,0.039745594534465585,0.4218456898049645,0.4913740134176126,0.12834415652445208,0.41361052241093266,0.4129300824004744,0.0,0.7099504484901537,0.5679035464767223,0.5721802409723085,0.5908153546780881,0.6344877714913266,0.829367688892325,0.6115792438780846,0.6925940935365207,0.6586763727337881,0.0,0.46440772789281526,0.11453728212948461,0.0,0.603380970881368,0.6687372456105378,0.611755706653952,0.36176148662169993,0.2923945513119594,0.0,0.0,0.0,0.0,0.41035635037769946,0.0,0.1119423275525293,0.0,0.0,0.0,0.0,0.3166063459240477,0.0,0.2560850635151843,0.38143618183208405,0.36965109081398484,0.0,0.2736744511599561,0.07258419071484702,0.0,0.15956065306290615,0.0,0.21764378701302287,0.1294288132887843,0.0,0.0,0.0,0.5793554109168609,0.0,0.24911614071744653,0.21511915724386615,0.5367668169946155,0.0,0.44078057864308656,0.0,0.3996231557379837,0.0,0.0,0.05315699573171232,0.3950764790103472,0.0,0.0,0.0,0.0
0.0,0.7875788705097803,0.19122340767954574,0.8816193450932203,0.41561998502427955,0.6250416876233201,0.8350339231176499,0.33661515421733945,0.5120750638284323,0.7318955163707647,0.07198942835263832,0.5603908841357189,0.6732132990145206,0.0,0.49743633173334717,0.7940816796252849,0.8858652970593387,0.7333421950889256,0.2792907739117405,0.5731134083297388,0.6229403728448999,0.7227563731143173,0.3943811259966442,0.08548424721267193,0.43687059509723075,0.3846389672610791,0.603380970881368,0.0,0.24100857568033807,0.7122543489101393,0.6009305006193876,0.4890594037693386,0.20824375959846436,0.1202210406634548,0.00991163622467789,0.0,0.3054413656286721,0.06594668853019882,0.0,0.0,0.0,0.0,0.20298637995157273,0.34380745910854305,0.0,0.0,0.0,0.48904208872903315,0.0,0.27733177917767843,0.0,0.0,0.6286634969595378,0.0,0.0,0.20135884909641208,0.0,0.0,0.0,0.30319854516732375,0.0,0.0,0.0,0.600050995427103,0.0,0.7151360827726375,0.0,0.4601189777239066,0.0,0.0,0.0,0.0,0.0,0.0,0.0,0.0
0.2756656961250944,0.18071338106492296,0.5044989128593997,0.0,0.0,0.4575489307846303,0.2106397312088898,0.0,0.5323912053974946,0.11662962164721412,0.0,0.0,0.10842621784689474,0.0,0.45066985838113444,0.3695194928983633,0.3010069715823756,0.48663972221697405,0.5330671097456329,0.766429318484865,0.36451876789009635,0.6360291039435657,0.2662206450599602,0.0,0.2870412422380829,0.0,0.6687372456105378,0.24100857568033807,0.0,0.4997654936983114,0.30405524205279205,0.17648572311369934,0.0,0.0,0.0,0.0,0.05131981160990625,0.0,0.3553925883505309,0.0,0.0,0.0,0.0,0.046508296720408716,0.0,0.3924767776226699,0.16211035343553498,0.13074316637253283,0.0,0.2055313651323489,0.08538822797214787,0.1427688149100619,0.0,0.06474186841264631,0.0,0.0,0.0,0.0,0.0,0.7555693986956562,0.2886418929107878,0.30103559089041115,0.4595012288809033,0.30010065297922767,0.17682150310987155,0.2957285187571034,0.2363371597174819,0.14138718985194776,0.0,0.11356332196371866,0.04470017930192912,0.46917309073065405,0.3172664574046983,0.3553453556648985,0.19269439686205903,0.2329376850516423
0.0,0.6338438461690121,0.30541575336936083,0.5414508696164331,0.12271262149025042,0.6249573641769803,0.6425499175588623,0.09947851702244595,0.5761547105537496,0.44128214479850786,0.15238450591732697,0.2366078057978598,0.43822628789816853,0.0,0.4948237632625468,0.6914215274025357,0.7449704178470228,0.6616468114314008,0.4911322295988528,0.7511828576532283,0.595332706409695,0.7936598075977639,0.38845899356244173,0.0,0.32053936442555425,0.10289474983096389,0.611755706653952,0.7122543489101393,0.4997654936983114,0.0,0.6480758537478322,0.5979934654127828,0.0,0.1461475241999986,0.0,0.0,0.34600822206559356,0.0,0.13036327653857782,0.0,0.0,0.0,0.07910528420943001,0.10245933651900298,0.0,0.0985149364465191,0.0,0.3746601013048372,0.0,0.25064634384974166,0.0,0.0,0.3163635355653554,0.0,0.0,0.0,0.0,0.0,0.0,0.40197162191864094,0.0,0.0,0.0,0.5712621707439238,0.0,0.5836520030389208,0.0,0.35848389451075785,0.0,0.0,0.0,0.0,0.0,0.0,0.0,0.0
0.0,0.4129031800073571,0.06697370444295604,0.49243210486496647,0.1170579387409558,0.17317867192172728,0.6158436466719074,0.0,0.32505862312354683,0.6054396396151364,0.08820221906817605,0.2573562008265131,0.17973213679585215,0.0,0.361349587980742,0.6672887193112471,0.6006362106943335,0.4996619422402915,0.10091106923621422,0.5197208572089058,0.4934769110595904,0.7222693777270567,0.0,0.0,0.1513467098963797,0.0,0.36176148662169993,0.6009305006193876,0.30405524205279205,0.6480758537478322,0.0,0.6157194744834068,0.0,0.37633017562363175,0.34325497097203134,0.0,0.5477434484676404,0.0,0.11633424821782389,0.0,0.0,0.0,0.0,0.014672729549227145,0.0,0.18109629724366239,0.0,0.06450173138321331,0.0,0.24054234194829432,0.0,0.0,0.1764178268804543,0.0,0.0,0.0,0.0,0.0,0.0,0.3228127887244159,0.0,0.0,0.0,0.2942401689880937,0.0,0.7468493410753189,0.0,0.05471709432393064,0.0,0.0,0.0,0.0,0.0,0.0,0.0,0.0
0.0,0.4119670400534026,0.0,0.4461960790999897,0.16842212863469608,0.29259823820885655,0.5319059477568374,0.060297367568801184,0.3676205040429073,0.40643089013745803,0.0,0.16922342764020598,0.26531380032189394,0.0,0.18285859741831595,0.543591119878428,0.47363761216092065,0.44512435060697486,0.13248402511025106,0.38072097480648387,0.32300963325211596,0.5316797186992426,0.10176534481792626,0.05967181289178944,0.23568377328057996,0.1524280141250573,0.2923945513119594,0.4890594037693386,0.17648572311369934,0.5979934654127828,0.6157194744834068,0.0,0.0,0.18652965745664188,0.23700437277373648,0.0,0.44728742260010285,0.0,0.2621841188144944,0.0,0.0,0.0,0.15560256709162926,0.0672559749207415,0.0,0.03308688823596676,0.0,0.25891946195594984,0.0,0.14235064978356707,0.0,0.0,0.22732990217770832,0.0,0.0,0.0,0.0,0.0,0.019339047995450432,0.08448573369738699,0.0,0.0,0.0,0.2462865969312987,0.0,0.5164462682556366,0.0,0.2352323920145277,0.0,0.0,0.0,0.0,0.0,0.0,0.0,0.0
0.18550698602432208,0.07634120751388718,0.04803091526103986,0.17248876129301904,0.04209145904914654,0.0,0.0,0.5305604353627242,0.0,0.0,0.05940207664049237,0.31362013077516254,0.28339625179181194,0.17706584352910174,0.0,0.0,0.0,0.0,0.0,0.0,0.25582963016154364,0.0,0.1165486993576715,0.3347250833836902,0.044628601625333664,0.19337476502935155,0.0,0.20824375959846436,0.0,0.0,0.0,0.0,0.0,0.49837923307406656,0.29743223541877756,0.13055575691409596,0.0,0.3155925948470028,0.0,0.33024336132424603,0.0,0.0,0.23294794268103594,0.008096748490556683,0.2862870026729231,0.09916020358308887,0.28398116482403674,0.07659658248708642,0.1933478327928466,0.0,0.0185698460939594,0.0877298630465722,0.30517574616731447,0.02991070141076024,0.2687505922386508,0.2547185911040744,0.18773695591729003,0.22951784023902902,0.16054039863715136,0.0,0.0,0.036339336000611955,0.0,0.1401042212678922,0.0,0.0,0.0,0.0,0.2152877600866571,0.10067102987373625,0.0,0.0,0.0,0.0,0.0,0.0
0.1501329569654058,0.0,0.0,0.09806631929913545,0.0,0.0,0.02681298980713433,0.3257021156382267,0.0,0.0,0.07169605658430388,0.16283701344426144,0.1750658471654534,0.04033814287388769,0.0,0.025920889182662693,0.0,0.0,0.0,0.0,0.33347182063264474,0.029447903702106436,0.0,0.0,0.0,0.0,0.0,0.1202210406634548,0.0,0.1461475241999986,0.37633017562363175,0.18652965745664188,0.49837923307406656,0.0,0.5994285063177652,0.08966466350653057,0.019302741827320988,0.10739588086774086,0.0,0.0,0.0,0.021391900416113205,0.07599551436704739,0.0,0.19239235685164374,0.03214062298606268,0.0,0.0,0.12010381956615011,0.0,0.0,0.20356274719502598,0.16972271717220266,0.0,0.05780243788933442,0.020856128396740684,0.0,0.0,0.2343401164612362,0.0,0.0,0.0,0.0,0.011709596258016314,0.0,0.15263343527759032,0.0,0.0,0.0,0.0,0.0,0.0,0.0,0.0,0.0,0.0
0.0,0.0,0.0,0.18262046324372602,0.26325202777058226,0.0,0.13852452365017306,0.1647587617150601,0.0,0.0,0.08442081793220219,0.0,0.0,0.11132741502464041,0.0,0.0,0.0,0.0,0.0,0.0,0.0016379062044165871,0.0,0.0,0.00763007962920904,0.0,0.0,0.0,0.00991163622467789,0.0,0.0,0.34325497097203134,0.23700437277373648,0.29743223541877756,0.5994285063177652,0.0,0.0,0.0,0.0880425964230455,0.0,0.0,0.0,0.11876711206697126,0.1349869667655382,0.0,0.05137947769845006,0.0,0.0,0.0,0.03703281774338774,0.0,0.0,0.0,0.1843688378075455,0.0,0.0,0.0,0.0,0.0,0.3211672853729545,0.0,0.0,0.0,0.0,0.0,0.0,0.17277488813477737,0.0,0.0,0.0,0.0,0.0,0.0,0.0,0.0,0.0,0.0
0.43221577043201675,0.0,0.0,0.0,0.0,0.0,0.0,0.0,0.0,0.0,0.0,0.0,0.0,0.7507202139446534,0.0,0.0,0.0,0.0,0.0,0.0,0.0,0.0,0.0,0.04490210345606824,0.0,0.0,0.0,0.0,0.0,0.0,0.0,0.0,0.13055575691409596,0.08966466350653057,0.0,0.0,0.0,0.07646571731519416,0.1254258774952894,0.7012906089140135,0.7412030953446669,0.453755172829038,0.061665695874543805,0.0,0.6633450066052564,0.11176000356897121,0.20577378770342125,0.0,0.4586576502469471,0.0,0.7072842042993601,0.6502061454319725,0.0,0.5704036426228096,0.26788421835963044,0.0,0.3584172576319342,0.686900364345706,0.27391548333611687,0.0,0.5558069604056958,0.27451012480940085,0.36769965647881814,0.0,0.7218496792570409,0.0,0.6483352510145161,0.0,0.5115361517509199,0.4269931317010866,0.013478714218008538,0.41407802629307633,0.27477741289042784,0.7805084754078061,0.17488933212555513,0.5386966342448417
0.0,0.1678559580043913,0.3005751314555503,0.1931346079049281,0.0,0.1362152772755579,0.18310797375921345,0.0,0.053426397065017436,0.5631495251251659,0.0,0.4114403001365229,0.1092881247568038,0.0,0.3644247686470545,0.4009311471014272,0.33546566367821223,0.34398233826972724,0.1836669883523228,0.3774546772477545,0.3430232800098883,0.44346373575332004,0.023276371605795824,0.09965546134777786,0.08487781232812441,0.06758360279358501,0.41035635037769946,0.3054413656286721,0.05131981160990625,0.34600822206559356,0.5477434484676404,0.44728742260010285,0.0,0.019302741827320988,0.0,0.0,0.0,0.0,0.24477696534638554,0.0,0.0,0.0,0.10754179446406531,0.3938152606094043,0.0,0.1938145584976855,0.06764575412250502,0.05721942197098531,0.0,0.043942149859725145,0.0,0.0,0.0,0.0,0.28450898633259114,0.0,0.13509100373714564,0.0,0.0,0.07991374119207564,0.0,0.26076099301553873,0.07644008211104951,0.21534088832126688,0.0,0.31661237374634466,0.0,0.024210253820658577,0.0,0.0,0.1175289962562152,0.0,0.27952644522319736,0.0,0.0,0.03545359522763814
0.0,0.0,0.0,0.10448776747117439,0.17956283999327674,0.02012042918728117,0.0,0.3852325588601073,0.03848307197862942,0.0,0.16696337865551705,0.0807811091962719,0.0,0.07850609473769377,0.045520283534616984,0.0,0.0,0.0,0.0,0.0,0.08343231265236078,0.0,0.22342917821454206,0.41998014169830733,0.0,0.0426411352446,0.0,0.06594668853019882,0.0,0.0,0.0,0.0,0.3155925948470028,0.10739588086774086,0.0880425964230455,0.07646571731519416,0.0,0.0,0.005382958883487832,0.21718597388091912,0.06714809374255362,0.013051998629299122,0.25542592139547365,0.026435095733376282,0.21870968172840002,0.0,0.02046514999320726,0.23748393427956496,0.1060877976210762,0.045410030714824995,0.05660169267504887,0.0,0.37836241464539117,0.10001891584270674,0.0,0.1492354205958548,0.0966287083342003,0.1241983659572129,0.15324151524196317,0.0,0.0,0.0,0.0,0.1426401259330562,0.0,0.0,0.0,0.2789060074475026,0.32503013704578226,0.0,0.04736146005582525,0.0,0.0,0.0,0.0,0.0
0.28110568610417186,0.0,0.07853833038277847,0.0,0.0,0.07322584566136377,0.0,0.0,0.15171683643924785,0.006631615857296018,0.0,0.0,0.0,0.0,0.16114706223913372,0.08212299084724424,0.0,0.13319623955667406,0.1419353340127952,0.2963907304434665,0.0,0.23382286130176452,0.0,0.0,0.1559736574651557,0.0,0.1119423275525293,0.0,0.3553925883505309,0.13036327653857782,0.11633424821782389,0.2621841188144944,0.0,0.0,0.0,0.1254258774952894,0.24477696534638554,0.005382958883487832,0.0,0.11391925844425005,0.3402476387964543,0.17586018765240916,0.0,0.09073264115363351,0.0,0.33261607355186756,0.11291442261478402,0.0,0.0,0.01175369922040388,0.24625469435763397,0.18864090372485473,0.0,0.0,0.028402712979795373,0.0,0.0,0.03964073676968733,0.0,0.3131528166137841,0.5118789357580207,0.15802626841952574,0.2546379657298322,0.0,0.4128414129461718,0.0,0.37985305492423654,0.07488691668648889,0.2068359103538885,0.25125590101600637,0.28348594959682527,0.4001701100192203,0.4316745540519496,0.4385656653791476,0.411906921822061,0.5759711743632054
0.46619956547418767,0.0,0.1360678996758624,0.0,0.0,0.0,0.0,0.0,0.0,0.0,0.0,0.0,0.0,0.7022029906608968,0.0,0.0,0.0,0.0,0.010058349257790639,0.0,0.0,0.0,0.03671624363881043,0.1812591703804472,0.0,0.0,0.0,0.0,0.0,0.0,0.0,0.0,0.33024336132424603,0.0,0.0,0.7012906089140135,0.0,0.21718597388091912,0.11391925844425005,0.0,0.8527836664494578,0.49728358220739693,0.09678934652436257,0.0,0.7287855860380861,0.22445554748526203,0.4423631370266293,0.0,0.5105275330560168,0.0,0.7696762236448044,0.5117560589983707,0.0,0.47194985739685186,0.4324592769324267,0.0,0.5015605389751151,0.7303478748761253,0.14399730573018002,0.0,0.600793495205156,0.38206312567222717,0.3602197522377779,0.0,0.8223961578538348,0.0,0.7294042070198744,0.0,0.663580399806105,0.551106136586541,0.16201499411476278,0.3231205032385605,0.2939235355815429,0.7401834025778563,0.10544284472860507,0.6137816567366045
0.49509587453411974,0.0,0.09013737127521265,0.0,0.0,0.0,0.0,0.0,0.0,0.0,0.0,0.0,0.0,0.714411106806846,0.0,0.0,0.0,0.0,0.0,0.0,0.0,0.0,0.0,0.005625750703916686,0.0,0.0,0.0,0.0,0.0,0.0,0.0,0.0,0.0,0.0,0.0,0.7412030953446669,0.0,0.06714809374255362,0.3402476387964543,0.8527836664494578,0.0,0.4887234346921652,0.0,0.0,0.5939819117530425,0.23152175690046398,0.4008908832242829,0.0,0.47639621532462983,0.0,0.8313905587181954,0.5759968357489147,0.0,0.5562664281944357,0.4148045823015614,0.0,0.4618466410886933,0.7031172190971305,0.0,0.0,0.8521181600378088,0.45959174947122894,0.4481869978301386,0.0,0.9206356037270911,0.0,0.8757683246220326,0.0,0.5984197731019082,0.623263382025671,0.24004288988615066,0.42651875067476586,0.5014426481208295,0.8424601794897869,0.3674327915096022,0.8359751766444973
