0.0,0.32552068638746445,0.1975563707708752,0.06793524658057287,0.0724166734030547,0.056870627687325925,0.2905173948132029,0.0,0.35128477495876853,0.7053988065642457,0.0,0.2400488391992428,0.0824414243831598,0.0,0.461921429177527,0.6387032554185015,0.529529921707921,0.6452443801193116,0.0,0.696754408588278,0.7168020708567792,0.674775439167808,0.0,0.5326020557186112,0.7682762182480573,0.503245524296189,0.40261824591570766,0.4216792993111928,0.5481963726955283,0.2331034630754522,0.7288300603557053,0.15167672336618063,0.4381245224942343,0.25452586100352637,0.18636731810069793,0.3084927071010046,0.27004593256646253,0.15552606160389135,0.18271816307604274,0.5520628373249512,0.19278678891614526,0.0,0.1907427206290331,0.19939962927547294,0.0768272124630389,0.8093813847612727,0.42232334565136515,0.0,0.21720570018078225,0.31334704110756106,0.0,0.328803409421391,0.0,0.43024153881619004,0.6695519423874161,0.0,0.24261814937761228,0.5319527632622876,0.0,0.18796899781917872,0.5452209878480475,0.45931975590960716,0.6324068567485313,0.0,0.40887622136268137,0.6158982743894027,0.5217347147495566,0.0,0.45215861947835734,0.7649840117500346,0.6268813368250773,0.33156049535156584,0.5594850807422295,0.4220382773025917,0.10901467718886572,0.16032623261379164
0.32552068638746445,0.0,0.0,0.43954631525018195,0.29758729191467276,0.5765277229002314,0.3955836303279329,0.09362963105717932,0.05868536455847663,0.5380425625833504,0.0,0.5437945633430604,0.3008109238485804,0.30263191685195023,0.346723442390731,0.5457470129083988,0.510712410124822,0.4655915368956102,0.0,0.4860291722440152,0.2250990894564734,0.697290232372416,0.27706266234322474,0.5731383661504165,0.7163793534238605,0.8763609435552961,0.5983540945064343,0.08399093211734346,0.032484320304173746,0.0,0.25097990545543253,0.3467223149661271,0.21113240848439255,0.11586641206080588,0.0,0.27962888400052804,0.3898297932449383,0.2900984767566771,0.28966449054584437,0.47622590274426707,0.28498945522456426,0.3467081248166972,0.36888129184516055,0.4433115531542061,0.23256273938371508,0.261684915840081,0.866112757641856,0.044000362664630754,0.18661675054161836,0.29272355442801773,0.5650400946732219,0.031718914955861134,0.21544574793338886,0.2540205565364685,0.47207735861081684,0.07853450111222454,0.6656401037321056,0.5526382070701529,0.19671175007237537,0.34370398820908266,0.46862150305337763,0.4294738950562604,0.24884953768273332,0.0,0.557834578621947,0.3934111935828863,0.6047512639655559,0.19396103785666743,0.5471077496115543,0.5699084854061585,0.785291087106286,0.44865499980451323,0.39008934917707694,0.09826639183595003,0.12368086479835443,0.24159269925715432
0.1975563707708752,0.0,0.0,0.0,0.0,0.49164621528931046,0.0,0.4342720741783871,0.18042526879889664,0.15430411503104408,0.34703801432470077,0.17873704427174128,0.3225000092414829,0.0,0.012289670914284054,0.08175661810592882,0.22797511245742466,0.2435226246169587,0.4309126475752139,0.21987819453622928,0.32157240861260056,0.0,0.3421005113810367,0.23859687910615507,0.12601957446807754,0.1984787557349016,0.06200252946092872,0.4936279101634833,0.26436528925604597,0.6386281031850871,0.06102548039007297,0.0,0.09859493092322826,0.2694913748726155,0.0,0.1988231478567224,0.0,0.059501291455275135,0.0,0.23658528502604848,0.33846016507872684,0.0,0.15194162835979008,0.016473476575361055,0.11647825329301909,0.13061699797569992,0.07632811774537046,0.5924326698726342,0.0,0.08470775803148352,0.3092424653662609,0.0,0.2844030677082141,0.2384702710458296,0.1495734315261853,0.2704021810922993,0.18194457538320366,0.24964205393069722,0.0,0.0,0.37485726276383874,0.4034169624535499,0.3777624027065949,0.4342438646541608,0.23985120819507094,0.0,0.1485720000943618,0.20721139753177553,0.3113591209076205,0.21595503074091124,0.1759444605151268,0.0,0.39077869048089403,0.058753892326700544,0.5256201283513424,0.34944489099534776
0.06793524658057287,0.43954631525018195,0.0,0.0,0.4553757340052089,0.158583967945177,0.3689613366439517,0.08643070316540631,0.13799169850413426,0.2691822291364803,0.18716743228886076,0.3211689897182661,0.08235173753870319,0.4101529392656009,0.06008320860202534,0.16149916231735878,0.24751566974993827,0.14737326226807146,0.0,0.1441753920185004,0.11439712161565654,0.3186249715719045,0.10263220656347644,0.3102375757263879,0.3159923318352339,0.316199401971321,0.19120518241084616,0.02915361401832918,0.0,0.0,0.2381146955449086,0.34955480336289313,0.2750927289510805,0.18656743275285317,0.0,0.256497111591982,0.2839068879417856,0.35604888478895286,0.30787235732046875,0.3346300590108056,0.21115195540220985,0.2926266292419694,0.32674316000039777,0.24147444199342047,0.3012201671649156,0.1768781869840955,0.4459880890223757,0.0,0.26330480488007946,0.23543823986251525,0.32050441788776163,0.19176686080401506,0.25222856366004975,0.1869915473549388,0.29772646561261557,0.27860584242448644,0.41919619927931434,0.334367295329449,0.051225032878701615,0.08309460018961858,0.15165451443922276,0.14031669893503765,0.08411846804113907,0.0,0.1850662125556025,0.3568390523805368,0.25318505487701576,0.12168588453702647,0.3417985574088952,0.21984278983529928,0.3571124582553011,0.18319289092956464,0.22338977233064305,0.03639112507748763,0.0,0.0
0.0724166734030547,0.29758729191467276,0.0,0.4553757340052089,0.0,0.028233941918014774,0.5978402843473611,0.08732860400671438,0.46525610267491585,0.36817124213880753,0.5307059792101717,0.30643457534295,0.22393586118028755,0.39686992977581065,0.13144392395285942,0.1574579128367546,0.3175740243229175,0.24675396143631922,0.13384682841979995,0.11090561571444014,0.1830911010567182,0.29614913386024294,0.0,0.21206104286483074,0.28802434418465006,0.1680188699332129,0.21362604152716239,0.058011948727033524,0.06354168218168366,0.08551899396969817,0.2683661045162801,0.36121919664257096,0.18298336950221086,0.08033319978874179,0.0,0.37355548278985196,0.315800920765357,0.25695173332842347,0.3404542160119923,0.19569766667248037,0.1502915423112276,0.20029552917902427,0.4726714569610266,0.21023293835629275,0.2883894864426711,0.190303770701975,0.32317390177670174,0.0,0.1500280789808709,0.45007914451974096,0.16026370784134872,0.39382007420555426,0.27847283844297865,0.2666214672656887,0.31567754607493936,0.5032352250261974,0.40088775599390436,0.45905776091400957,0.0,0.0,0.14167435060024153,0.21072295755857745,0.2377008463580621,0.08455018140099461,0.05955758398944723,0.31175639860097204,0.16838655237317401,0.10789130599687508,0.35229637107908907,0.21448374315832044,0.2721825140071071,0.17112257704637468,0.2908573129751651,0.12477081898675953,0.0,0.0
0.056870627687325925,0.5765277229002314,0.49164621528931046,0.158583967945177,0.028233941918014774,0.0,0.14032189407046888,0.4645455609632943,0.0,0.16608151040250727,0.08972349278966052,0.3648765920790824,0.3695512698633382,0.18772718201468597,0.2493407472973878,0.15633428920861764,0.24475466897140005,0.25751575839072505,0.04567096601428529,0.3599897578438118,0.19082362867771066,0.23199443524811864,0.6763116452205953,0.3338386249410749,0.29401263669443123,0.5281866298275265,0.5148265752337119,0.08712737436311492,0.11860396555062094,0.08699915987022262,0.0,0.12483235162090223,0.060930650825501406,0.13366913938749614,0.0,0.2809122778052555,0.11798049454929335,0.23376938249867635,0.1069181502996687,0.21700869283155264,0.34936666520562953,0.3842257039877196,0.25929242464721913,0.2943648674254917,0.12227754305550946,0.0,0.5934013321837595,0.5995924031011941,0.0213950836655457,0.05896097495683995,0.7938314700023825,0.0,0.5180796611843507,0.0,0.15864539307245298,0.17610936583135808,0.4773475304386288,0.3989361516899918,0.2621896088368874,0.13952423683818688,0.29591252159438924,0.31946380236709104,0.2173298821199331,0.04534506302559123,0.45118232905021094,0.12007219651332847,0.2906607596816307,0.5362380620929046,0.342201701317005,0.35605258917066346,0.41036420097671344,0.23110566436429628,0.25572190204541506,0.0,0.28133696382309203,0.2917902290904322
0.2905173948132029,0.3955836303279329,0.0,0.3689613366439517,0.5978402843473611,0.14032189407046888,0.0,0.0,0.560754271446482,0.5477035542890554,0.3393803588852549,0.3505575199771496,0.4432285216473439,0.15375817478385856,0.13501318747916127,0.3309817405284679,0.45324346260966536,0.5025165685940578,0.0,0.268782648829059,0.28355505922493435,0.41670070812927196,0.0,0.34753594200902166,0.4615280043674932,0.31128939742076084,0.34850333057095684,0.30013323111039003,0.2391694207905835,0.16591771265213792,0.45790731721229483,0.29712434629519907,0.3601518906776451,0.15488630404756507,0.0724308484452836,0.45210170048829745,0.3507680021921147,0.20698950623898907,0.31258712487523693,0.3582145760185147,0.26918714365941965,0.06003400448578121,0.43169059080431305,0.2222107549656608,0.21538440777476206,0.33218313318682385,0.36539870436257155,0.0,0.40676428764028194,0.41335739140215727,0.06467903786527802,0.36074471290556875,0.016465457529076077,0.29134089362883125,0.5379954248701762,0.3774193141859165,0.4699201158985317,0.6081763116799286,0.0,0.0,0.23109165889132186,0.33200849411589295,0.34656265111737766,0.0,0.1765085062096196,0.39142073024884105,0.27801037966348074,0.0,0.396650679614179,0.35951073274414097,0.295888308176788,0.25841495704226175,0.35113163083607457,0.14006399475958556,0.0,0.0
0.0,0.09362963105717932,0.4342720741783871,0.08643070316540631,0.08732860400671438,0.4645455609632943,0.0,0.0,0.0,0.0,0.4037771558915369,0.4532122371347682,0.24489967655261075,0.3337214650066313,0.0,0.0,0.05966496396751179,0.0,0.45408709500311506,0.0,0.0,0.0,0.626250682286061,0.26355907168934617,0.0,0.2059880615328149,0.0,0.0,0.0,0.24038763952971734,0.0,0.10077210947514642,0.0,0.07770218164743276,0.0,0.16235393409296037,0.0,0.19118601899445156,0.0,0.04284371642678358,0.17333228825592878,0.14714370814053057,0.23615378355191213,0.048371106055797516,0.1606740894573207,0.0,0.03358730594907485,0.5555059984457944,0.0,0.09676499971758894,0.42564276730867284,0.0,0.6500421456456403,0.0,0.0,0.34961746131653426,0.4127060668449862,0.055518823707841995,0.1717514154932391,0.0,0.0,0.1794394319358816,0.0,0.3791156551348425,0.019759182133382094,0.0,0.0,0.4492263989110429,0.33754099294310363,0.0,0.0787952171842696,0.0,0.07136722712686376,0.0,0.17008486234788767,0.02695265317800773
0.35128477495876853,0.05868536455847663,0.18042526879889664,0.13799169850413426,0.46525610267491585,0.0,0.560754271446482,0.0,0.0,0.4388279859361062,0.5126811039467678,0.3504345714310827,0.47713036033614664,0.0523075942184095,0.0,0.21525877845603839,0.39480224348713855,0.34032333825431216,0.18709494271586286,0.03386280247375844,0.3084565729002492,0.14354664880082643,0.0,0.26763154158670077,0.3329387191718589,0.1308172223953703,0.0,0.46195487356627696,0.028840594288839762,0.4007942199709735,0.4510657763779041,0.26658342645632344,0.5218891856412378,0.3973761350209706,0.1557802283129791,0.2707014948107,0.12118498465336613,0.0,0.3152258040892841,0.45758921566025385,0.3032902143033841,0.0,0.2629855659568947,0.0,0.18313956156431394,0.4146053342044226,0.0,0.10899905931165309,0.20569370123768105,0.21989984360943726,0.0,0.6968053538036406,0.0,0.7000541722911675,0.4586205689562771,0.34401343401061674,0.24083223811940374,0.406516978281486,0.0,0.0,0.0195320193505291,0.4016820082981058,0.2785817568376491,0.17859871895972976,0.0,0.17944382487190152,0.0,0.0,0.35803677800270794,0.14272027211444185,0.12353214350144828,0.0,0.1876385300824631,0.0,0.15049436292046528,0.0
0.7053988065642457,0.5380425625833504,0.15430411503104408,0.2691822291364803,0.36817124213880753,0.16608151040250727,0.5477035542890554,0.0,0.4388279859361062,0.0,0.21546726473659028,0.5518416474768207,0.48679713325646295,0.0,0.33748423894735374,0.7000857916187124,0.8781208871253396,0.8387700764538775,0.0,0.596397917517501,0.5830414316554137,0.7272139973647099,0.0,0.7607504283018812,0.8119455987286897,0.6630866691218408,0.36019797140225696,0.536737611457571,0.35815999705779716,0.27045208678766514,0.784690376809537,0.3289056488213763,0.4584435444616936,0.2800889464129895,0.0,0.5810744691605176,0.5113256089693893,0.30208804234516307,0.32307545983637465,0.5971471463018814,0.30874774517665693,0.0,0.5738266471702547,0.41573640860838945,0.27291838996420975,0.7304500137925998,0.5182178771063741,0.0,0.30003559826693255,0.5749519809980378,0.032913409171544616,0.41518646692882166,0.0,0.44193993619698924,0.8484063171480808,0.2377061863592516,0.6517455664422954,0.7280718457951912,0.0,0.11489397329776148,0.5739889151274514,0.6530164622182323,0.6262416470956382,0.0,0.4476185561751864,0.5986533005287185,0.5380698493392503,0.0,0.6344904246330904,0.6194822506050933,0.6389693981185326,0.2951573222960402,0.7352321062328969,0.2883285120269784,0.1453655838926363,0.19402208531573173
0.0,0.0,0.34703801432470077,0.18716743228886076,0.5307059792101717,0.08972349278966052,0.3393803588852549,0.4037771558915369,0.5126811039467678,0.21546726473659028,0.0,0.2634240067123265,0.4217509428340716,0.1920291958086235,0.0,0.0,0.24588469311492392,0.08392073600993386,0.5750119483794737,0.0,0.18238818477675503,0.0,0.06428517171206928,0.11060872925828484,0.0,0.0,0.0,0.3290828754117368,0.0,0.4564943799777875,0.03158136340053414,0.07658644861643939,0.031589912473144924,0.07317200333376339,0.0,0.338629985271636,0.057667510364997746,0.029856673123021992,0.07257216840865875,0.08068186533592968,0.1277426103434549,0.0,0.4943210127686603,0.01760012071259568,0.19445684678147493,0.03807257006022025,0.0,0.26910256811723854,0.0,0.3885622604080787,0.04747431225094168,0.2614667477242611,0.3309203406835095,0.3201063002197662,0.15023877272157635,0.7549364911906076,0.2700732341631407,0.29993037333877576,0.0,0.0,0.02449304932172132,0.2833261980021604,0.1304986397857761,0.49040496299682274,0.0,0.044008279092472465,0.0,0.0,0.1997554059435371,0.0,0.0,0.0,0.23747378809453562,0.0,0.24255922264323035,0.0
0.2400488391992428,0.5437945633430604,0.17873704427174128,0.3211689897182661,0.30643457534295,0.3648765920790824,0.3505575199771496,0.4532122371347682,0.3504345714310827,0.5518416474768207,0.2634240067123265,0.0,0.4604270930582802,0.37829172245769854,0.0,0.25571805054164765,0.5482594793057266,0.32361305527075634,0.0684997193215554,0.1601558901325634,0.20282213308339408,0.2861660358751985,0.30293995705285365,0.7274455684851668,0.4630922963210641,0.661537489946052,0.061411392018403024,0.3006284910533783,0.0,0.14402244495072708,0.21393308017305027,0.3915293938755734,0.40146848183176015,0.2870912777773828,0.0,0.3555143662959995,0.2604993133221754,0.29360753884535495,0.310969591654777,0.5521312254513895,0.3467686843222228,0.22946925504201432,0.526411303415593,0.2590906314409701,0.28316943721548443,0.2296829224482383,0.3726802522341808,0.13329017829346348,0.20183221997649067,0.3117931347085063,0.25670411210333705,0.31140768094697785,0.3782025521130309,0.3177107457788681,0.5248474325544603,0.19376712281365444,0.8056368126654592,0.47819755928945257,0.13733180542700804,0.0,0.18233261627548283,0.5104872616602752,0.1657363382973565,0.0,0.18560824465574932,0.2385551389490627,0.2152437738635388,0.10130689443283482,0.6733132538056816,0.18984957818628342,0.5082766827397429,0.0,0.343020389640551,0.0,0.22012299736364313,0.25391051669666026
0.0824414243831598,0.3008109238485804,0.3225000092414829,0.08235173753870319,0.22393586118028755,0.3695512698633382,0.4432285216473439,0.24489967655261075,0.47713036033614664,0.48679713325646295,0.4217509428340716,0.4604270930582802,0.0,0.11824220892670008,0.0,0.2928699437647798,0.63384549126921,0.44676329399487613,0.21618398498777242,0.040794689524364214,0.1671224803481744,0.08985294628552912,0.0010580253324447091,0.4312700128847974,0.24869322192499796,0.3396318414049376,0.0,0.6020031329450235,0.0,0.3802927746534233,0.25727164436363587,0.28397342149741533,0.23851814431006535,0.3187114433605546,0.0,0.34247829602739327,0.19783074969258774,0.05028187846415005,0.23228044500963566,0.33624139753932336,0.36570461819429667,0.021703254622309803,0.4346429076631789,0.1192894564624095,0.18595511552908645,0.08600155124953282,0.11841081939528747,0.16117606573506976,0.17424435492455734,0.2510419233345935,0.09313259048574461,0.3551295304604726,0.14404662562043713,0.24237142108230617,0.4176225543339817,0.28861306328498665,0.47047357499737924,0.47606443692607064,0.0,0.0,0.1807112081347338,0.551341114641052,0.26893305951564156,0.1582525854740859,0.043923228242523364,0.059762960327166464,0.0,0.0,0.3611975204271856,0.04385475128561161,0.14989558258618604,0.0,0.29912258867493496,0.0,0.35725680553297207,0.25068786114578373
0.0,0.30263191685195023,0.0,0.4101529392656009,0.39686992977581065,0.18772718201468597,0.15375817478385856,0.3337214650066313,0.0523075942184095,0.0,0.1920291958086235,0.37829172245769854,0.11824220892670008,0.0,0.0,0.0,0.032178693089569804,0.0,0.1656431123735202,0.0,0.0,0.0,0.3527715036757112,0.23117855531355233,0.0,0.23295383915870366,0.0,0.0,0.0,0.0,0.0,0.13477174956615645,0.0,0.006175556574230956,0.0,0.15644710138653192,0.18975913603714797,0.2452488925088376,0.0,0.0522408644329454,0.0648394951125138,0.20671829474143605,0.3077223191269169,0.15885647504232672,0.1881741212604888,0.0,0.22026581242625953,0.2073404273847624,0.11208243806425375,0.022225074680689304,0.24230078445421455,0.13006716851390832,0.4509236633986756,0.025915308264911712,0.00777690283044334,0.20879837942170276,0.3750317011489877,0.09873533276635757,0.26525867632046574,0.0,0.0,0.0,0.0,0.2008882510143651,0.0,0.0,0.0,0.32034096453819566,0.18182510247691883,0.0,0.22439375292661978,0.0,0.0,0.0,0.0,0.0
0.461921429177527,0.346723442390731,0.012289670914284054,0.06008320860202534,0.13144392395285942,0.2493407472973878,0.13501318747916127,0.0,0.0,0.33748423894735374,0.0,0.0,0.0,0.0,0.0,0.3101702861414589,0.15840022158446243,0.3234408514570271,0.0,0.7545648932024062,0.4968503364851508,0.679997903017038,0.05225943164918908,0.273259529784487,0.4650659231674824,0.36350963039140666,0.6897570523775302,0.0,0.6368455905698803,0.0,0.38665018922372546,0.0,0.05631567204781034,0.0,0.0,0.30964326800174263,0.34163470202321067,0.30537749643350204,0.028569352559721557,0.1009673836244786,0.0,0.08972301539994416,0.07348057476557161,0.3453497905221615,0.08829560768652185,0.3984777396736028,0.5049123624232562,0.0,0.07985221424889408,0.16276995144646078,0.28417475073825516,0.0,0.0,0.0358962916494351,0.28770972408905243,0.0,0.15043249023501398,0.3115376682991939,0.10611314325968543,0.6453795253714736,0.37582572526943236,0.07085562048390434,0.3389264905465592,0.0,0.6161204561612086,0.5372284426631815,0.6213335750242787,0.11314356805629369,0.11041878824317616,0.6131637273645926,0.46332365332981024,0.6198262680169947,0.36144416754527325,0.6782095706103257,0.0,0.06348160573241736
0.6387032554185015,0.5457470129083988,0.08175661810592882,0.16149916231735878,0.1574579128367546,0.15633428920861764,0.3309817405284679,0.0,0.21525877845603839,0.7000857916187124,0.0,0.25571805054164765,0.2928699437647798,0.0,0.3101702861414589,0.0,0.7369083049362416,0.7330198428861846,0.0,0.5908244142962266,0.40956272197954147,0.7223464290491218,0.0,0.47047230547948715,0.6950686964419445,0.6150673387799908,0.4043807684397072,0.35675286214668206,0.3418102767017668,0.08362302801805048,0.5930565480270653,0.22470165884879853,0.42380123498036515,0.1773692421239667,0.07834810588215303,0.25181903259967076,0.3332952896447781,0.25201320133678684,0.18202154679494678,0.5383026734162822,0.3478172287262367,0.0,0.19307130844458653,0.2999711187026929,0.14293827313251953,0.5920243154941299,0.4906172509614563,0.0,0.2026993840282817,0.4032033353982624,0.06608905075466415,0.2633686674604778,0.0,0.3282086516035984,0.5682514243234748,0.0276804349444478,0.3897758015514874,0.5265670233473971,0.0,0.2101473825659944,0.5203359088923701,0.459475416933149,0.559972298907989,0.0,0.40393176570391953,0.4752794599544617,0.5035143251570486,0.0,0.3677577854476288,0.5970971534260711,0.5965224642645839,0.35238626495922254,0.5623411724098619,0.28323021964254036,0.11092894502508452,0.1998044354129006
0.529529921707921,0.510712410124822,0.22797511245742466,0.24751566974993827,0.3175740243229175,0.24475466897140005,0.45324346260966536,0.05966496396751179,0.39480224348713855,0.8781208871253396,0.24588469311492392,0.5482594793057266,0.63384549126921,0.032178693089569804,0.15840022158446243,0.7369083049362416,0.0,0.8287013536279797,0.0,0.5210224050498053,0.4421488807481229,0.5885960641040783,0.0,0.7308789565722946,0.6941615877419549,0.6772862403037464,0.18657657691677557,0.6367472207455716,0.21590881403114545,0.35094874118847613,0.6465010335685026,0.35201684766668917,0.42411770677515737,0.29687557512615464,0.0,0.535270931455633,0.41875586248426866,0.2669195711410874,0.32632708878627276,0.6144794032432278,0.469648066302145,0.11578747666563088,0.5901320473760653,0.4145669847373088,0.22586129141768022,0.5677986516820152,0.4382510167941,0.0,0.2920043155860404,0.5228857139210712,0.050485576126173846,0.3452189165046072,0.0,0.3250317153933163,0.7168519273637272,0.2274439113298944,0.6667200227004342,0.6849212522004232,0.0,0.0,0.5373175272849872,0.7214748085164541,0.6431028766600304,0.0,0.3697279733297916,0.42506110300707384,0.43182279585121336,0.0,0.5988493769675911,0.5013043431773259,0.5894648270868689,0.0658743947128275,0.7046465646272752,0.0758325571189884,0.2565084354090587,0.24318236792655465
0.6452443801193116,0.4655915368956102,0.2435226246169587,0.14737326226807146,0.24675396143631922,0.25751575839072505,0.5025165685940578,0.0,0.34032333825431216,0.8387700764538775,0.08392073600993386,0.32361305527075634,0.44676329399487613,0.0,0.3234408514570271,0.7330198428861846,0.8287013536279797,0.0,0.0,0.7047926319260175,0.4906680555653645,0.7360094379763727,0.0,0.6410024477971252,0.7726330345677309,0.5726171395616249,0.43216751356343697,0.5583485682564003,0.5846615682528895,0.31225427252532595,0.7364642624926528,0.24281031935267197,0.41103242444511995,0.2532541019077869,0.0,0.5639972898049616,0.437253870989396,0.2241889487696009,0.293648022429152,0.538220278768827,0.4296984045949993,0.07605140751921732,0.42265349841337013,0.42081587607168214,0.23400568435922886,0.5875729476984641,0.48528967148271296,0.0,0.266459181012055,0.42674217165932476,0.04985025844037375,0.3353664845739359,0.0,0.2945162418551742,0.7170590316798036,0.12109977273629807,0.4525151765834293,0.6646143774887746,0.0,0.03423997952810027,0.6456306788637797,0.59649182281655,0.7351821475764942,0.0,0.5149413966682231,0.47123208894573104,0.553139910481511,0.0,0.5262282947026838,0.7028039566180322,0.5465960911430479,0.26444592750022566,0.6816002790481758,0.3737152993293921,0.24108489169282185,0.25998897056217607
0.0,0.0,0.4309126475752139,0.0,0.13384682841979995,0.04567096601428529,0.0,0.45408709500311506,0.18709494271586286,0.0,0.5750119483794737,0.0684997193215554,0.21618398498777242,0.1656431123735202,0.0,0.0,0.0,0.0,0.0,0.0,0.0,0.0,0.25252377751179106,0.0,0.0,0.0,0.0,0.14589097689895555,0.0,0.41843566868999654,0.0,0.0,0.0,0.06697717699504543,0.0,0.0,0.0,0.0,0.0,0.0,0.0,0.0,0.14027986912868076,0.0,0.10581649415770877,0.0,0.0,0.432510786561363,0.0,0.07916103455631292,0.09083338699793435,0.06444628194710252,0.3730859505520592,0.03994108434344215,0.0,0.5587950181743496,0.009196584591489088,0.0,0.0,0.0,0.0,0.009745288990788682,0.0,0.646651993325079,0.0,0.0,0.0,0.20245200267564498,0.01492552844648766,0.0,0.0,0.0,0.0,0.0,0.2824597484782068,0.0
0.696754408588278,0.4860291722440152,0.21987819453622928,0.1441753920185004,0.11090561571444014,0.3599897578438118,0.268782648829059,0.0,0.03386280247375844,0.596397917517501,0.0,0.1601558901325634,0.040794689524364214,0.0,0.7545648932024062,0.5908244142962266,0.5210224050498053,0.7047926319260175,0.0,0.0,0.5877902888286133,0.8622027596772794,0.0,0.5329687557080142,0.729663245594199,0.6144888393931057,0.6585402948193135,0.2139466672224319,0.7092194375915859,0.09263527847733365,0.5885532716361707,0.08078294176043864,0.31936045201065905,0.12307081373035027,0.0,0.48720915835381534,0.442684956082428,0.3383511477394812,0.16451820802561565,0.47089046426574876,0.31501665263343465,0.10976846616175732,0.2366337588543981,0.459835250677803,0.16282668837155168,0.556765649800247,0.6403508794573147,0.0,0.1413533530868405,0.2714664648040795,0.2658870196836015,0.0,0.0,0.15949530737588113,0.5163500936038516,0.0,0.35070302006979653,0.5275730901483517,0.07866071817747482,0.4497106176777686,0.6159695893198089,0.3560881819260575,0.6561621749826441,0.0,0.7535022091139021,0.6059425844289074,0.7628415000242054,0.0,0.407878767084844,0.8112454100423355,0.6803648609193157,0.5070267334078984,0.6007432143582965,0.5865201917676147,0.0,0.23396045119051867
0.7168020708567792,0.2250990894564734,0.32157240861260056,0.11439712161565654,0.1830911010567182,0.19082362867771066,0.28355505922493435,0.0,0.3084565729002492,0.5830414316554137,0.18238818477675503,0.20282213308339408,0.1671224803481744,0.0,0.4968503364851508,0.40956272197954147,0.4421488807481229,0.4906680555653645,0.0,0.5877902888286133,0.0,0.509048641164132,0.0,0.44187689439223105,0.5868668312404505,0.33951642149902816,0.40137556696886206,0.38228070255116015,0.5869035892532396,0.3571192516333188,0.6323850041790214,0.1106418385518701,0.3057875644937747,0.1517005280508753,0.09037399744450648,0.4447559259325637,0.2320568394399571,0.14064772478651655,0.1766080739208268,0.45754758717748806,0.20521589004224583,0.0,0.25486576574260494,0.17864882812690908,0.139739152095975,0.7101145533886062,0.3487285952239194,0.00017698889917715149,0.12318660612479883,0.34562237058850837,0.12848187117527393,0.2890864031956269,0.08149280826750761,0.32205213601308846,0.5764491047486761,0.20396369907488154,0.2967625998584082,0.5645277265067415,0.0,0.13747434552884433,0.45562829264985977,0.39937812187854593,0.5464435758886627,0.0,0.36560524150058465,0.727437118080158,0.44200473080979835,0.026503164449556648,0.4169772852432125,0.6409497848561567,0.49865842386881765,0.3719663239545222,0.5306726797210134,0.5004426270008372,0.08741868413851242,0.07795177068723814
0.674775439167808,0.697290232372416,0.0,0.3186249715719045,0.29614913386024294,0.23199443524811864,0.41670070812927196,0.0,0.14354664880082643,0.7272139973647099,0.0,0.2861660358751985,0.08985294628552912,0.0,0.679997903017038,0.7223464290491218,0.5885960641040783,0.7360094379763727,0.0,0.8622027596772794,0.509048641164132,0.0,0.0,0.6177761216454445,0.8437102279900942,0.7144264685330995,0.6945243854328337,0.16621536090716682,0.5302723652777374,0.0,0.6942673637150305,0.2925136281520233,0.3633563546819162,0.09855624129131012,0.0,0.43773194074121435,0.48790482488302495,0.35438235498254467,0.34949430432752515,0.5340220337018671,0.26156971695575515,0.13941377596177998,0.27129742703856996,0.44349580626181717,0.22903801833316711,0.6257531866117083,0.7566162192070331,0.0,0.25160948995540255,0.3665040526888646,0.2866432194958976,0.16663232062850258,0.0,0.2941539968008088,0.6422878296515966,0.0,0.4905228266017553,0.6149956220616641,0.08218820097461069,0.4630050205164686,0.6174971998102727,0.4085561863767372,0.5775195000030969,0.0,0.7407119738391824,0.7052633996412258,0.8404847512729979,0.0,0.4768585062046171,0.7895819926624789,0.7713046921928667,0.631845116530929,0.6231561369274585,0.5722385435320764,0.0,0.2132545225027318
0.0,0.27706266234322474,0.3421005113810367,0.10263220656347644,0.0,0.6763116452205953,0.0,0.626250682286061,0.0,0.0,0.06428517171206928,0.30293995705285365,0.0010580253324447091,0.3527715036757112,0.05225943164918908,0.0,0.0,0.0,0.25252377751179106,0.0,0.0,0.0,0.0,0.060861559879959296,0.0,0.22758544390213248,0.19754382017821379,0.0,0.0,0.0,0.0,0.07748964908639838,0.0,0.0,0.0,0.0,0.0,0.17838289669011997,0.02075119558749255,0.0,0.08008297725500689,0.3412272285764179,0.0,0.0,0.10334586395344222,0.0,0.27327929559443187,0.786154013138958,0.0,0.0,0.775991222285414,0.0,0.7297450690143019,0.0,0.0,0.10111824637257508,0.2728408240298335,0.0,0.30429418855470847,0.09015661156960154,0.0,0.002683973732118384,0.0,0.2638579777336245,0.11786253108066241,0.0,0.04616221193347407,0.8875186924693476,0.15653517512699058,0.0,0.20009422443195363,0.09139446269391961,0.0,0.0,0.11812043663718,0.20037909412684227
0.5326020557186112,0.5731383661504165,0.23859687910615507,0.3102375757263879,0.21206104286483074,0.3338386249410749,0.34753594200902166,0.26355907168934617,0.26763154158670077,0.7607504283018812,0.11060872925828484,0.7274455684851668,0.4312700128847974,0.23117855531355233,0.273259529784487,0.47047230547948715,0.7308789565722946,0.6410024477971252,0.0,0.5329687557080142,0.44187689439223105,0.6177761216454445,0.060861559879959296,0.0,0.7063491040039077,0.7660686710653107,0.2548044565798734,0.4388297583171698,0.15278153795465838,0.24585793619956198,0.5499878226722281,0.3401697294021013,0.431162159538651,0.3028927799269752,0.0,0.58293122851948,0.42915413913022565,0.3339053542087377,0.3018228052975477,0.6434722183545665,0.3484147325578355,0.10427788328672064,0.6211523526161322,0.4717235710463517,0.3059954372138194,0.49640827914665914,0.5205655792543388,0.0,0.2359702872207115,0.3713498213447667,0.22398988401609488,0.21379830240399747,0.1917625691564554,0.3252723618363449,0.6755410239056301,0.13867538159092402,0.7494786376413184,0.6037008746471654,0.08750075735200394,0.0948345617247211,0.4343524677335529,0.6197054502314918,0.4898081595643959,0.0,0.4648227274075293,0.4922904277711322,0.508567969530328,0.0,0.7341681856458435,0.5231796091122008,0.7149163290727006,0.09261215330081485,0.6226013105037437,0.05490611909201189,0.19198372493236798,0.2130470102385147
0.7682762182480573,0.7163793534238605,0.12601957446807754,0.3159923318352339,0.28802434418465006,0.29401263669443123,0.4615280043674932,0.0,0.3329387191718589,0.8119455987286897,0.0,0.4630922963210641,0.24869322192499796,0.0,0.4650659231674824,0.6950686964419445,0.6941615877419549,0.7726330345677309,0.0,0.729663245594199,0.5868668312404505,0.8437102279900942,0.0,0.7063491040039077,0.0,0.7785733078102084,0.5347292146577182,0.38144645444813297,0.3714988112994567,0.091661902499378,0.724829723124376,0.4396703942117153,0.41073029046894055,0.21987933478782876,0.018886837693025408,0.49198932065788326,0.4474310564240863,0.2368761084746604,0.44340064657775524,0.635229598691616,0.3404143587037699,0.16951651431300366,0.4307093714284859,0.35876529220473125,0.24400136062806818,0.713143253086084,0.7218019284972335,0.0,0.30630892444811786,0.45995973707894144,0.2727960523124927,0.2948528355855566,0.0,0.4631333382398871,0.7929433846962078,0.0,0.5724731421291758,0.6779247657878317,0.0,0.22226832393658033,0.689710156526762,0.6396616134502164,0.6035826797778491,0.0,0.5979926141607539,0.6673346718798782,0.7194039159481925,0.0,0.6353994486983705,0.8625354515585422,0.827680824421499,0.41578876833570977,0.6289318010227659,0.35213738290597935,0.21208124807573092,0.36216117176940815
0.503245524296189,0.8763609435552961,0.1984787557349016,0.316199401971321,0.1680188699332129,0.5281866298275265,0.31128939742076084,0.2059880615328149,0.1308172223953703,0.6630866691218408,0.0,0.661537489946052,0.3396318414049376,0.23295383915870366,0.36350963039140666,0.6150673387799908,0.6772862403037464,0.5726171395616249,0.0,0.6144888393931057,0.33951642149902816,0.7144264685330995,0.22758544390213248,0.7660686710653107,0.7785733078102084,0.0,0.46664827898891886,0.23836706036894478,0.10552011047533412,0.0,0.37805741601036064,0.34993394346474865,0.3776426963058514,0.2567131166988975,0.0,0.39785032855154706,0.38292043317220126,0.3234355999471515,0.2778665700022339,0.6102653815508268,0.3643850691169165,0.27113650496628244,0.4388083580383715,0.4289559377352007,0.2415890653044734,0.40191737627832735,0.7548040403088928,0.03741440930938516,0.22341295048942048,0.3212563837871528,0.3950285168649356,0.061647057198274686,0.17234385907052843,0.32698242187612536,0.561406262171307,0.0,0.7117422051019965,0.580618955194886,0.1556687326615754,0.25304175759730313,0.45815607892059607,0.5442011240386865,0.39695785010207707,0.0,0.5909588005595158,0.41906365441279275,0.6242202836005872,0.057229754874852164,0.6449421409082241,0.6265853822471377,0.8684438592498545,0.2612450346126657,0.48483580228467743,0.03821174408539089,0.16257301167159002,0.25816611673600837
0.40261824591570766,0.5983540945064343,0.06200252946092872,0.19120518241084616,0.21362604152716239,0.5148265752337119,0.34850333057095684,0.0,0.0,0.36019797140225696,0.0,0.061411392018403024,0.0,0.0,0.6897570523775302,0.4043807684397072,0.18657657691677557,0.43216751356343697,0.0,0.6585402948193135,0.40137556696886206,0.6945243854328337,0.19754382017821379,0.2548044565798734,0.5347292146577182,0.46664827898891886,0.0,0.0,0.6336355217661317,0.0,0.31968383282410906,0.0,0.09181914579188549,0.0,0.0,0.2818764842415043,0.3719342298464864,0.2540827239882617,0.08883250908654634,0.20121712421220736,0.09946249127503991,0.28737079929628156,0.07440261221132949,0.31825876670245157,0.12696381748331273,0.27695828283907714,0.7259673595164521,0.021366157375428158,0.09417389337788241,0.20217352402368904,0.5597048012740751,0.0,0.09722591424124113,0.10866470517259756,0.3390172561652917,0.0,0.24524585775401817,0.4297076823105212,0.19080660976708216,0.5048561823255071,0.4674320597781297,0.11231425912969836,0.38172528828576263,0.0,0.6386617452474223,0.5129299729579188,0.6426657902534971,0.2852089653192929,0.19257880753098988,0.7029976266245804,0.5090151058327014,0.8692779153719494,0.3762944901925307,0.6807886193087863,0.0,0.14856778089337405
0.4216792993111928,0.08399093211734346,0.4936279101634833,0.02915361401832918,0.058011948727033524,0.08712737436311492,0.30013323111039003,0.0,0.46195487356627696,0.536737611457571,0.3290828754117368,0.3006284910533783,0.6020031329450235,0.0,0.0,0.35675286214668206,0.6367472207455716,0.5583485682564003,0.14589097689895555,0.2139466672224319,0.38228070255116015,0.16621536090716682,0.0,0.4388297583171698,0.38144645444813297,0.23836706036894478,0.0,0.0,0.23367793284430943,0.7139236929277245,0.5000074249897529,0.18012560552322907,0.35943151314759697,0.39421345093566296,0.07091889077300305,0.37040690983420227,0.185261975224003,0.0,0.25889513637533873,0.4749062720673574,0.4340672050744536,0.0,0.43628571470546385,0.17431194129585778,0.14636091807803814,0.4765158236986907,0.016831278714263428,0.03940635693375145,0.28990402071326404,0.3025198684933707,0.0,0.30836511948677503,0.0,0.25857597104611524,0.5100810545498541,0.25117381931166327,0.3069179267703352,0.5070483456696391,0.0,0.0,0.4610478333347031,0.6229687013343691,0.5535055770017864,0.12467931708104615,0.15191426470345348,0.1323879967103066,0.14717260254891465,0.0,0.45485250959589374,0.27010087320639886,0.218542077964646,0.0,0.5568987285681828,0.03626614629611767,0.5819451600017557,0.30326241885194205
0.5481963726955283,0.032484320304173746,0.26436528925604597,0.0,0.06354168218168366,0.11860396555062094,0.2391694207905835,0.0,0.028840594288839762,0.35815999705779716,0.0,0.0,0.0,0.0,0.6368455905698803,0.3418102767017668,0.21590881403114545,0.5846615682528895,0.0,0.7092194375915859,0.5869035892532396,0.5302723652777374,0.0,0.15278153795465838,0.3714988112994567,0.10552011047533412,0.6336355217661317,0.23367793284430943,0.0,0.27603880290462074,0.5307327366916341,0.0,0.16203565464989134,0.06900900138988608,0.0,0.32779647920561816,0.2551269060708202,0.15923382705813768,0.0,0.14198741897562353,0.07006685654590288,0.0,0.0645024340896415,0.29641451567321736,0.0708665722822039,0.44515240343862317,0.27449339263165934,0.0,0.047390383421114964,0.14852359609171528,0.0,0.08785547826649896,0.0,0.018172623193001395,0.3042607494162766,0.016096890099218095,0.0,0.3507188288865829,0.0,0.23706019401201212,0.4770391822073635,0.11061238964189489,0.6036452895252296,0.0,0.4608492863550954,0.43990221652433825,0.460816966089342,0.0,0.07802167560644498,0.646776393455463,0.22895034234321146,0.5066907036479447,0.42473122245058503,0.7848117586730678,0.02792674397576743,0.11607042924870081
0.2331034630754522,0.0,0.6386281031850871,0.0,0.08551899396969817,0.08699915987022262,0.16591771265213792,0.24038763952971734,0.4007942199709735,0.27045208678766514,0.4564943799777875,0.14402244495072708,0.3802927746534233,0.0,0.0,0.08362302801805048,0.35094874118847613,0.31225427252532595,0.41843566868999654,0.09263527847733365,0.3571192516333188,0.0,0.0,0.24585793619956198,0.091661902499378,0.0,0.0,0.7139236929277245,0.27603880290462074,0.0,0.30228105964525365,0.09830356984468466,0.1794369198919847,0.34115302452904495,0.038923695962432954,0.2614547773587618,0.008087791341114129,0.0,0.04207331163821241,0.26906872969017204,0.32328201966610626,0.0,0.28843687664193424,0.10109283772514951,0.0428468778383354,0.28431429747698833,0.0,0.24219398291924582,0.0,0.18166986665209664,0.0,0.2464440198489544,0.059302822071557904,0.22351775901534224,0.2618812581588236,0.3815131101397835,0.14849304722977255,0.319839160592214,0.0,0.0,0.2573449549298045,0.41825077303749963,0.40628500963796466,0.34601352745404373,0.0,0.0,0.0,0.0,0.41753290390151687,0.10514575302839005,0.0,0.0,0.38766525549757586,0.0,0.5208433807786224,0.10461230414344592
0.7288300603557053,0.25097990545543253,0.06102548039007297,0.2381146955449086,0.2683661045162801,0.0,0.45790731721229483,0.0,0.4510657763779041,0.784690376809537,0.03158136340053414,0.21393308017305027,0.25727164436363587,0.0,0.38665018922372546,0.5930565480270653,0.6465010335685026,0.7364642624926528,0.0,0.5885532716361707,0.6323850041790214,0.6942673637150305,0.0,0.5499878226722281,0.724829723124376,0.37805741601036064,0.31968383282410906,0.5000074249897529,0.5307327366916341,0.30228105964525365,0.0,0.2492742957113356,0.4890735617245954,0.31194495833368346,0.24634694136500496,0.4237470108943821,0.34062683576291286,0.19155003072818017,0.33222566854281693,0.5580862201518325,0.21881737811970686,0.0,0.28157359655791303,0.23301918725593523,0.12039829081469844,0.7536362030258033,0.31975542838952364,0.0,0.3535235980941505,0.38263204012120916,0.0,0.5216424048309988,0.0,0.44682124229606957,0.7589797516939728,0.05910373555894484,0.3087932518896847,0.6333935624475359,0.0,0.12597838122657773,0.4176318360170246,0.4738439291378517,0.6085231257188559,0.0,0.33278346530951375,0.6058720249574493,0.4431107166834654,0.0,0.42238363568920134,0.6166974625958307,0.46543793463710464,0.33760502686900634,0.6439638191416059,0.4853598770111631,0.0697016151264443,0.1133980975803742
0.15167672336618063,0.3467223149661271,0.0,0.34955480336289313,0.36121919664257096,0.12483235162090223,0.29712434629519907,0.10077210947514642,0.26658342645632344,0.3289056488213763,0.07658644861643939,0.3915293938755734,0.28397342149741533,0.13477174956615645,0.0,0.22470165884879853,0.35201684766668917,0.24281031935267197,0.0,0.08078294176043864,0.1106418385518701,0.2925136281520233,0.07748964908639838,0.3401697294021013,0.4396703942117153,0.34993394346474865,0.0,0.18012560552322907,0.0,0.09830356984468466,0.2492742957113356,0.0,0.23694789828838841,0.14002289992831773,0.04353772180276829,0.10958199165993475,0.1424952613140709,0.08638866436263708,0.6819787053368145,0.40644399772763545,0.4547155523811487,0.3036062971801419,0.22486135064706889,0.0622095416272627,0.282903796142106,0.1679979077833395,0.2717014012476472,0.029596308322393645,0.11900144094676933,0.20704242248598217,0.20872133288249553,0.2764690013695373,0.16787031338677094,0.13432279907353092,0.4233335793154556,0.1338867745338276,0.43066641816486617,0.3200952551083328,0.0,0.019789914414443,0.26804504228570664,0.45127358500465087,0.28379484834402036,0.0,0.22121138157256276,0.25081290790960825,0.30741518457274797,0.11568244661184526,0.5167254254678424,0.2330799821228743,0.3306681938548659,0.0,0.30106737911702036,0.0,0.2271776328912952,0.4132865857745132
