0.0,0.36304056272996627,0.2564161460485755,0.0,0.0,0.0,0.0,0.0,0.2478182035530741,0.16550100282750044,0.05313812192530545,0.3305822328565462,0.19365549902416232,0.0,0.17054200305998954,0.3275096636492382,0.19001084374284966,0.36347841520453755,0.38960110084816163,0.23747265687433958,0.15735802425830728,0.32421461392227774,0.0,0.5881154601378331,0.48842329385267497,0.35617648450364736,0.0,0.14978835617426214,0.0,0.24167286359090015,0.0,0.0,0.14444765276980628,0.0,0.016683715151811492,0.0,0.5272844535766903,0.0,0.0,0.12366753970376566,0.4707363484032875,0.379078132472048,0.0,0.4208551250503456,0.26691098367693145,0.9143124202950108,0.31340126501483556,0.32421453607567985,0.0,0.22096392419706817,0.4974063487037133,0.40671810643423223,0.0,0.21381208985731265,0.4254570195617768,0.06337153725325315,0.37971217749138136,0.0,0.21828546465858858,0.2922202519769102,0.27380089627216775,0.3974289138101204,0.5162273712373635,0.17370836479565985,0.6383341777975674,0.08653244043396251,0.52465612289405,0.0,0.4904396927583156,0.5829454015114434,0.5430055346088117,0.4864961749429901,0.7498085086920652,0.7985627250940386,0.6291470167251413,0.42311154175490545
0.36304056272996627,0.0,0.0,0.3710782651738065,0.3743535931675297,0.08847755476139813,0.682319551370519,0.0,0.0,0.8334184970388134,0.0,0.7234119191080317,0.5990375039363366,0.19045860720446348,0.0,0.40141399548048606,0.790818471796568,0.605998544958877,0.37175575988948645,0.5226545805152446,0.0,0.7124903804005256,0.0,0.6720509943458295,0.9100134992127387,0.835246154332707,0.06750746454625994,0.378463351346889,0.0,0.28591398488770847,0.13288959998136846,0.222241755748706,0.11996747601548916,0.0,0.0,0.047565195080016845,0.2974615452479498,0.48654287874268703,0.046223112028533186,0.353618021773156,0.21697127422504903,0.22667528289812314,0.0,0.43351001759537355,0.0,0.512534959906421,0.855883221365625,0.18833180339466546,0.0,0.0,0.19019523673156355,0.0,0.0,0.0,0.717061744209575,0.0,0.7223621435291044,0.0,0.061930365852234104,0.365732308433392,0.41746302574554184,0.7083469036083321,0.5321361576384634,0.23080154128258595,0.4936515135006431,0.0,0.5530959625260118,0.04364614102858629,0.5443315471372688,0.44337482990768134,0.710427601439887,0.2658012204876894,0.305330814282498,0.22464989850420305,0.4912126363785735,0.4606149596323269
0.2564161460485755,0.0,0.0,0.0,0.33213195984315547,0.15628877097873192,0.0,0.09343407475811386,0.7664736082182557,0.0,0.7637876017056787,0.0,0.0,0.0,0.34740146523862203,0.0,0.0,0.0,0.5886497217430223,0.0,0.07897939193067045,0.0,0.29508775625949846,0.0,0.0,0.0,0.3857087183967502,0.0,0.0,0.038589447992970226,0.0,0.0,0.0,0.007797132648129188,0.0,0.0,0.2889339948709497,0.0,0.0,0.0,0.0,0.0,0.029487475670809744,0.0,0.02492327446066887,0.07793074278543123,0.0,0.8310686489892778,0.058715971131498436,0.6284492405930266,0.27906815957899594,0.3506222600826542,0.0,0.8581705750628881,0.0,0.7293098064272256,0.0,0.1736264406831195,0.39196415455388645,0.47935959817747686,0.06048513567906112,0.0,0.015298917819747043,0.6652080062489235,0.39360540305770564,0.06589293804428596,0.29879312428384236,0.2452393604183764,0.0,0.2137681895996501,0.0,0.5237158421788329,0.22230117623817522,0.3575987818077086,0.0,0.0
0.0,0.3710782651738065,0.0,0.0,0.32982563238154655,0.08846432609948876,0.5653770478200693,0.05506220119528237,0.0,0.5912332444366409,0.0,0.43530058350494705,0.36235187991598394,0.6570432393283913,0.023017507820237978,0.0,0.3283031573466379,0.05810582181663125,0.0,0.326236122406616,0.0,0.4297155556097371,0.03893034318442655,0.18895213420785903,0.25914158619549105,0.25227273524068683,0.11348510684782787,0.05189775014663164,0.1387142255484197,0.030568226189785153,0.30869287210750296,0.2641896088245495,0.0,0.08585384224997009,0.05652750962254269,0.29875954648127145,0.0,0.40454743158331063,0.20601483736936752,0.10180570865642284,0.0,0.0,0.0,0.20917006311646896,0.0,0.0,0.2812334043790467,0.0,0.32678152180392966,0.0,0.0,0.0,0.13009245556041749,0.0,0.3748870021080957,0.0,0.45370241445519566,0.0,0.0,0.0,0.04837947279041455,0.23208036369755586,0.0,0.0,0.0,0.0,0.046761321571383234,0.10273397645957431,0.16724575583577825,0.0,0.13830682946021025,0.0,0.0,0.0,0.03259256740243337,0.1605349888121859
0.0,0.3743535931675297,0.33213195984315547,0.32982563238154655,0.0,0.25404562847135304,0.6417390945193328,0.37794870790721585,0.30578456770202167,0.4796989736237103,0.4498107260346689,0.2288419637172631,0.3745990858852686,0.5460932662251146,0.5351196686710933,0.0,0.1712153126785765,0.0,0.5670945890941318,0.6163959196252029,0.2669148271686894,0.5617025502426309,0.26369280178553367,0.07554369262554154,0.3084908677934562,0.234537867981246,0.45576876962364243,0.10615147884252313,0.41483176353030987,0.2912425928636595,0.36195933175775297,0.31265244477702087,0.04612494584314029,0.29176796309225,0.0,0.1564286833047535,0.31739070032078587,0.5814217067036803,0.20301189221253144,0.0,0.0,0.0,0.0,0.0,0.0,0.05805746551283827,0.3212381404944222,0.5395903334540373,0.05541331158075588,0.3736304952316064,0.0,0.0,0.3524992810130583,0.44259644940779097,0.34641434699326973,0.5574264934431928,0.2957389388731326,0.0,0.12776186079512747,0.4563184856000053,0.0,0.12613712502630564,0.0,0.48205848526490197,0.10758222563608284,0.2704797109699306,0.1665225841797957,0.33170642719083826,0.0,0.15590764023809273,0.1870953660398744,0.0,0.0,0.0,0.0,0.0
0.0,0.08847755476139813,0.15628877097873192,0.08846432609948876,0.25404562847135304,0.0,0.17989240838227707,0.5640414965329856,0.2542247304626059,0.0,0.2850937525904478,0.0,0.3061486962951731,0.2477601610497314,0.3600613143219538,0.021058318962657134,0.12401272840700515,0.0,0.11702154143815796,0.11104927943828999,0.3127520326380773,0.0,0.7559011176971687,0.0,0.0,0.08173009763329621,0.49440164794994873,0.23675350480945848,0.5927858002377654,0.09952989042115275,0.09019571652592628,0.13956485079668612,0.09718055642668086,0.07662399071701988,0.0,0.27498696524016014,0.03633844751677306,0.022256244446415708,0.22369824979111283,0.1585026629297202,0.0,0.0,0.26014651018568785,0.0,0.06112007089562624,0.0,0.03760773580955967,0.13774129474000443,0.0,0.13226959108264563,0.1963442993526765,0.0,0.5294397772464946,0.31325249851822173,0.0,0.25116153021721965,0.0,0.3172656915541515,0.0,0.34261995206106066,0.008688470515402285,0.0,0.0,0.1738087890637945,0.0,0.3199863740105951,0.0009233007141864795,0.7254961263206673,0.0,0.0,0.0,0.0280865660235693,0.0,0.0,0.0,0.0
0.0,0.682319551370519,0.0,0.5653770478200693,0.6417390945193328,0.17989240838227707,0.0,0.16889487166693534,0.0,0.7832799450332807,0.0,0.4284557585347512,0.6530791851671958,0.6000133008100461,0.22035100545111574,0.3489023479310274,0.6709914594491104,0.2517132763362623,0.28150853655631836,0.698856774309221,0.11624421308641998,0.8044232288783074,0.030020015975103485,0.32223842823388715,0.5006532565864726,0.48584270416516484,0.24140390496424152,0.39698566465608043,0.3602346619480639,0.3778744694428636,0.5201726966058745,0.4935157052914744,0.14571970464528558,0.30988867282616167,0.0,0.3633658567758875,0.2351361691537453,0.6694205962515863,0.38518854087084486,0.12938689737748604,0.0,0.0,0.0,0.14880490246278497,0.0,0.12733924858283976,0.5080508005639338,0.06821077252106421,0.0,0.0,0.0,0.0,0.2492537654227668,0.0,0.563706871796033,0.0,0.45803498731281517,0.0,0.0,0.19698472660352292,0.17226763841805953,0.44821970639396025,0.17347083168870026,0.15766579757452862,0.014017826444141575,0.11714948617597493,0.17104729755112136,0.23595430932078065,0.22365137015540715,0.10869084400151574,0.35600668820063885,0.0,0.0,0.0,0.13660700819262808,0.21260638404010868
0.0,0.0,0.09343407475811386,0.05506220119528237,0.37794870790721585,0.5640414965329856,0.16889487166693534,0.0,0.14470589309853335,0.0,0.2956299865063347,0.0,0.24789772425100232,0.2393938541375149,0.31274958817119003,0.0,0.0,0.0,0.0,0.04249079590373992,0.5088160941849976,0.02543003699135229,0.7758125638512146,0.0,0.0,0.0,0.16867007723061692,0.1060877616136536,0.37045424669035254,0.12824286962118153,0.2574696437343103,0.29025071473411607,0.18210833250555072,0.2984536447456011,0.0,0.37172127733920635,0.3069318875804029,0.21754518186980093,0.3208651364964505,0.0,0.0,0.0,0.10188367873203925,0.0,0.09482412383139249,0.0,0.0,0.09360150369371978,0.16966106781858245,0.27431293882416885,0.0,0.0,0.8172418969221987,0.17973364657398977,0.0,0.3893901264521925,0.0,0.22455102876770752,0.047450418177973436,0.0,0.0,0.0,0.0,0.0,0.0,0.4943417100909173,0.0,0.5138253347900746,0.0,0.0,0.0,0.0,0.0,0.0,0.0,0.0
0.2478182035530741,0.0,0.7664736082182557,0.0,0.30578456770202167,0.2542247304626059,0.0,0.14470589309853335,0.0,0.0,0.7620760273155786,0.0,0.0,0.0,0.24165657299448143,0.0,0.0,0.0,0.5444951078782073,0.0,0.14851067333841295,0.0,0.2361805741359795,0.0,0.0,0.0,0.3425285915508832,0.0,0.0,0.0,0.0,0.0,0.15899062996435054,0.0,0.0,0.0,0.2502641961967057,0.0,0.0,0.0,0.014646339715075502,0.0,0.05518056721106206,0.0,0.08205854132949782,0.07606379178041149,0.0,0.7121868065793667,0.033568336728114594,0.5253212806406147,0.29437240956603705,0.2085795437558944,0.016322236043961904,0.9054262339029346,0.0,0.7059761916507541,0.0,0.09295929969656623,0.1630936324681113,0.311370172238015,0.0,0.0,0.0,0.4448109068679125,0.19311973836182925,0.09213209899403448,0.13200573842146512,0.15493492835244288,0.0,0.0877248036347829,0.0,0.37623935315409734,0.1492194952461896,0.21261849774210093,0.0,0.0
0.16550100282750044,0.8334184970388134,0.0,0.5912332444366409,0.4796989736237103,0.0,0.7832799450332807,0.0,0.0,0.0,0.0,0.8431671842247577,0.6196290513130406,0.43515808905348297,0.0,0.20432729983499462,0.6924393693945327,0.44116145003315865,0.27414122339904223,0.556598228873393,0.0,0.7454946063636628,0.0,0.6286350323622791,0.8173112936039173,0.7128946311330487,0.0,0.25430746395545917,0.03640771730496788,0.2348170538213974,0.3804085426622675,0.33210206475869314,0.0,0.031472105970813805,0.0,0.09900098601751292,0.15427834153687517,0.6338802347260779,0.11656166611597094,0.165406059183711,0.0,0.05321688662869247,0.0,0.4082291127550086,0.0,0.3809796676515623,0.7826730078512898,0.020238575804631977,0.01279118997655954,0.0,0.0,0.0,0.0,0.0,0.8464694069005431,0.0,0.8733806068835145,0.0,0.07468469613115075,0.20382362608629953,0.3351907423847576,0.6879083482514147,0.4359144898834857,0.10362507630032833,0.3431608518710938,0.0,0.38704509205406884,0.07700271618148684,0.47951282460080447,0.3536451010300959,0.6685388725540263,0.0,0.047755735671378155,0.04032573874829555,0.3130765162296276,0.3835728453128164
0.05313812192530545,0.0,0.7637876017056787,0.0,0.4498107260346689,0.2850937525904478,0.0,0.2956299865063347,0.7620760273155786,0.0,0.0,0.0,0.0,0.0,0.38850332517824765,0.0,0.0,0.0,0.44532498505041246,0.03995389730075913,0.2778415904105846,0.0,0.35767635295457034,0.0,0.0,0.0,0.37710868381494306,0.0,0.1662833837177074,0.0,0.0,0.0,0.06633311983416333,0.09274774800232692,0.0,0.0,0.22745526275436556,0.0,0.0,0.0,0.0,0.0,0.0,0.0,0.10848135219916284,0.0,0.0,0.7284177217042829,0.0,0.6116528581547652,0.17130127670581316,0.19797787543906853,0.20704657970646176,0.8120624125096881,0.0,0.888440245969894,0.0,0.08612325942099743,0.11792047739570832,0.32224672410697003,0.0,0.0,0.0,0.5343788900494264,0.0,0.24180787369838422,0.018614551248542784,0.2514542947074076,0.0,0.008471120705956015,0.0,0.17916327218817144,0.0,0.0837241315924053,0.0,0.0
0.3305822328565462,0.7234119191080317,0.0,0.43530058350494705,0.2288419637172631,0.0,0.4284557585347512,0.0,0.0,0.8431671842247577,0.0,0.0,0.350163839343448,0.08688355697886951,0.0,0.022234103683621696,0.5692526290953004,0.5199950720164583,0.2183837240876053,0.19736986834865025,0.0,0.4132481802294616,0.0,0.8256444880733784,0.8483844500740543,0.7634008078141159,0.0,0.05633501806893434,0.0,0.0,0.0,0.028238755100640223,0.0,0.0,0.0,0.0,0.11705835387368435,0.32319657770815136,0.0,0.296166205395168,0.26108374195462275,0.2620656458244246,0.0,0.5519259521494582,0.0,0.4713002446193279,0.7441820729023317,0.08536700506561914,0.0,0.0,0.20410541860169668,0.0,0.0,0.0,0.7012207407528216,0.0,0.9677796294885977,0.0,0.21038792827479472,0.10474398558288878,0.4481641946187784,0.5910989930568007,0.5600868305796028,0.007555157010039123,0.5650707587560527,0.0,0.56245634672711,0.0,0.6997693428825958,0.40814511940363063,0.7121983285725659,0.2297478934369241,0.2544965566565559,0.29351724610316077,0.5588174662249179,0.5815580068373221
0.19365549902416232,0.5990375039363366,0.0,0.36235187991598394,0.3745990858852686,0.3061486962951731,0.6530791851671958,0.24789772425100232,0.0,0.6196290513130406,0.0,0.350163839343448,0.0,0.20946266421860807,0.31275803109758277,0.3995246812934485,0.5043481456088657,0.3086258684228685,0.2566655276875659,0.5160257225882404,0.23758756837893477,0.607865313081078,0.16840178281192483,0.3509873967771009,0.48105969023124573,0.5403026173391866,0.12424135894710815,0.6186891421378816,0.3346197879779484,0.3623434701349055,0.4845146508404822,0.4631324770347071,0.16651152913721476,0.28382255178267485,0.01691490392994048,0.11702340168327482,0.38517463460092205,0.45561990618318254,0.2590259882013199,0.10122125157599282,0.0,0.0,0.0,0.18523246266165172,0.2512415656582692,0.2688043797446386,0.47679469791921286,0.134949065251378,0.0,0.0,0.13204072338026027,0.03844320808780891,0.20872733478605882,0.0,0.560344098464813,0.012308477831218936,0.4121168035466187,0.25022172351034233,0.07199154835387055,0.36826437255073013,0.1728851122150858,0.4471085837485712,0.30885873048583457,0.20043201491258622,0.10756763933528055,0.30345172436990836,0.1934554192586056,0.26503702698098563,0.23433848837334406,0.32458384893820136,0.5181935925970985,0.0,0.2026665604820669,0.10831175562573854,0.2309432347839092,0.15008513218485656
0.0,0.19045860720446348,0.0,0.6570432393283913,0.5460932662251146,0.2477601610497314,0.6000133008100461,0.2393938541375149,0.0,0.43515808905348297,0.0,0.08688355697886951,0.20946266421860807,0.0,0.2753962948986638,0.0,0.2380265910881187,0.0,0.09797629878654698,0.40957902915234984,0.17601241417611727,0.4223750483818066,0.16260767985987573,0.0,0.046251901387133185,0.061918147024476435,0.30687650833876023,0.06031411675388147,0.3807006762286037,0.13010432898111876,0.4140784967757948,0.40175972935007137,0.08564661119013546,0.2359085834631779,0.02771931856936763,0.4152105111000519,0.0,0.4642287779723321,0.4492851167712508,0.0,0.0,0.0,0.0,0.0,0.0,0.0,0.1317223191126788,0.0,0.17759526081911778,0.0,0.0,0.0,0.3942965867786468,0.0,0.18292416561974112,0.0,0.10596062923890448,0.0,0.0,0.1252410472465132,0.0,0.08197723214512244,0.0,0.03471670552080454,0.0,0.21561594525529376,0.0,0.2949861341509064,0.0,0.0,0.0,0.0,0.0,0.0,0.0,0.0
0.17054200305998954,0.0,0.34740146523862203,0.023017507820237978,0.5351196686710933,0.3600613143219538,0.22035100545111574,0.31274958817119003,0.24165657299448143,0.0,0.38850332517824765,0.0,0.31275803109758277,0.2753962948986638,0.0,0.13720472517178603,0.0,0.0,0.41649022347033754,0.6673690991864332,0.7040143525285857,0.4644687125178614,0.3652983780141114,0.0,0.0,0.0,0.7330783345184091,0.17928499165563425,0.6730208541992562,0.5007466791849938,0.44101344606122234,0.3121919648597307,0.20365647709679213,0.5052379084862217,0.0,0.08810273779967072,0.39792140857261843,0.38047730946299774,0.28283573926103145,0.0,0.0,0.0,0.0,0.0,0.09106429532116345,0.08509613235693675,0.02293653171629502,0.39668599400292215,0.08111308640255319,0.4688969315979389,0.0,0.24063490307690458,0.34646341876614256,0.4054088173026371,0.06762905566108061,0.4535499441701362,0.0,0.0,0.04619065878601562,0.6544446126207727,0.0,0.0,0.0,0.4741165473076275,0.05008045984675524,0.6435097397306514,0.04085469771991685,0.3340482841730008,0.0,0.06026220721779644,0.0,0.0847313381389096,0.0,0.06168624506800638,0.0,0.0
0.3275096636492382,0.40141399548048606,0.0,0.0,0.0,0.021058318962657134,0.3489023479310274,0.0,0.0,0.20432729983499462,0.0,0.022234103683621696,0.3995246812934485,0.0,0.13720472517178603,0.0,0.5050364807555672,0.40343883442826406,0.17588962336059305,0.3204949537378173,0.1494482197148659,0.3483055985368623,0.0,0.2684479819584976,0.2978745016441289,0.2801058404347888,0.14914986832783322,0.4576262483734067,0.07501831836987037,0.4222160428527964,0.3558756727672531,0.31586756816225336,0.3770840957072516,0.2023638112260927,0.11432573801257817,0.07767430589389138,0.2020757019987625,0.06629503916340662,0.32004184839763916,0.48213911824338995,0.5585176674468091,0.3348184581279317,0.23149681578486211,0.32743820670538754,0.09974484222052761,0.3431840427175986,0.20092375682731287,0.0,0.0,0.0,0.3298520957735245,0.19600892750098578,0.0,0.0,0.2559505863754034,0.0,0.06617657091546564,0.16409231252670625,0.0,0.23540879955999153,0.4599366899642117,0.33987602087832025,0.44872774084956424,0.09093782665589842,0.24318037752628474,0.16137758697757232,0.24603901125757413,0.0,0.2818402960471373,0.26381635065232245,0.30678853991581106,0.270571873546547,0.457279571809952,0.3504294802736317,0.38994168154101766,0.5316752732047477
0.19001084374284966,0.790818471796568,0.0,0.3283031573466379,0.1712153126785765,0.12401272840700515,0.6709914594491104,0.0,0.0,0.6924393693945327,0.0,0.5692526290953004,0.5043481456088657,0.2380265910881187,0.0,0.5050364807555672,0.0,0.8008478075141997,0.26596361470841656,0.42606689092000416,0.0,0.5897317993866964,0.0,0.6652685208199915,0.7471702743364813,0.8085059394640458,0.024580421330305666,0.5435835912935608,0.05200936171394636,0.19361427853212163,0.1796394964995933,0.16598539996836886,0.19586053079272595,0.0,0.0,0.30679866816506135,0.1251853481589146,0.41493375107742575,0.17060503458774953,0.5394879176667768,0.28156465378784623,0.23366734704427097,0.07142193468876916,0.343269520048049,0.0,0.27990908277883053,0.6734093716028124,0.09267555926886577,0.0,0.0,0.25847608025235186,0.0,0.0,0.0,0.46226635788016296,0.0,0.4846977120608554,0.08904558196696571,0.0,0.23069371384667428,0.5857682481293233,0.6741884551557862,0.6209049003744852,0.1744247332703818,0.37040734835543077,0.0,0.4756689835018067,0.24963689034387254,0.6019258717508001,0.2927101867062941,0.6500726329701655,0.166688298327251,0.23769315843428704,0.14523799043032248,0.4303973304845093,0.6161027039826015
0.36347841520453755,0.605998544958877,0.0,0.05810582181663125,0.0,0.0,0.2517132763362623,0.0,0.0,0.44116145003315865,0.0,0.5199950720164583,0.3086258684228685,0.0,0.0,0.40343883442826406,0.8008478075141997,0.0,0.2691628766092438,0.10933913287636557,0.0,0.21189334397605267,0.0,0.7489931661902203,0.756592555797528,0.8540394121986354,0.0,0.5806555351040793,0.0,0.1325284739038029,0.0,0.0,0.150792146394801,0.0,0.0,0.12772195327176636,0.17937547198119627,0.05355042246621301,0.0,0.530783805386381,0.4746961130569383,0.34388649261049675,0.24275584655277574,0.3624452113041352,0.041195271054530164,0.37897949170031076,0.558688382744476,0.1861932148122507,0.0,0.0,0.5096911397658033,0.0,0.0,0.0,0.29874115240933924,0.0,0.38716459506707174,0.269428357932855,0.031012986132913287,0.3179975907839738,0.7098425755775909,0.5247518526358331,0.8149361457844382,0.20692402304815982,0.5915024251497651,0.0,0.5988257099876273,0.13062995721926904,0.7416553837245656,0.5080286699341786,0.717430798258519,0.4664728226384879,0.49336341486046076,0.5007049800335248,0.536524738846299,0.7418533956748066
0.38960110084816163,0.37175575988948645,0.5886497217430223,0.0,0.5670945890941318,0.11702154143815796,0.28150853655631836,0.0,0.5444951078782073,0.27414122339904223,0.44532498505041246,0.2183837240876053,0.2566655276875659,0.09797629878654698,0.41649022347033754,0.17588962336059305,0.26596361470841656,0.2691628766092438,0.0,0.4840531075715314,0.15788069912371502,0.4083044014402443,0.06990063548213107,0.2894090802964273,0.4088098877934722,0.3204187761087525,0.409643932127165,0.23277487651372172,0.1055079155883281,0.38953557765592745,0.11541665158359088,0.0165197886482146,0.19118074928832113,0.15324912563682389,0.0,0.02725283393071639,0.38533878113172493,0.2574762032848071,0.0,0.11649861813544013,0.08542802674496558,0.0,0.0,0.1048393209228294,0.13436844993041366,0.36946170669550443,0.3481420361185389,0.7312822742527099,0.0,0.30458508318186456,0.1558853779184559,0.11138779833544533,0.0,0.5581644714267243,0.2936636374608916,0.4705706103144896,0.25343401879271354,0.007884360669568855,0.2540294359891997,0.5727633815394559,0.2695628650264343,0.22705441496994896,0.34554616484274997,0.7017435226523611,0.49365566877082234,0.14648008552322447,0.5135727256499567,0.19686005401579254,0.19121453682093398,0.377751676457591,0.33929522354263647,0.37527712460760876,0.28814443394810885,0.34008797939594226,0.2649299390827156,0.1632710814303208
0.23747265687433958,0.5226545805152446,0.0,0.326236122406616,0.6163959196252029,0.11104927943828999,0.698856774309221,0.04249079590373992,0.0,0.556598228873393,0.03995389730075913,0.19736986834865025,0.5160257225882404,0.40957902915234984,0.6673690991864332,0.3204949537378173,0.42606689092000416,0.10933913287636557,0.4840531075715314,0.0,0.3640061169997266,0.9269770934037741,0.0,0.1245345658782053,0.4039859247015335,0.2675655000759131,0.5803440657562522,0.2940071669214073,0.5183522434622578,0.5748387946608924,0.5417520228987234,0.3680504700585549,0.10071720691786586,0.38234988850753726,0.0,0.17114037662791715,0.34491906881018,0.6151885720920142,0.22371547321700708,0.0,0.0,0.0,0.0,0.09682980136226378,0.028754833340525376,0.3170570349302025,0.39626733407066145,0.26462960112847167,0.0,0.0368770814413513,0.0,0.0,0.1178055464687059,0.07012592643024156,0.4420202254645688,0.1495297315050378,0.25290044564452796,0.0,0.0,0.6111279341534461,0.12468538477628663,0.24497450735947895,0.11500907563430683,0.45084671308764007,0.3184558927787015,0.25717997942526627,0.37794362714624957,0.14638940083103844,0.0,0.13405889611223595,0.2452944776049578,0.0,0.0,0.0,0.08689044068336063,0.03328479947774477
0.15735802425830728,0.0,0.07897939193067045,0.0,0.2669148271686894,0.3127520326380773,0.11624421308641998,0.5088160941849976,0.14851067333841295,0.0,0.2778415904105846,0.0,0.23758756837893477,0.17601241417611727,0.7040143525285857,0.1494482197148659,0.0,0.0,0.15788069912371502,0.3640061169997266,0.0,0.2186668962678699,0.3912108277927584,0.0,0.0,0.0,0.46090605621032127,0.1306706635204759,0.5714478322127636,0.5021627833230413,0.4641261092211608,0.402240461530537,0.3333250429747364,0.5646245583151411,0.10624993820943227,0.20283688855665408,0.43766023972953516,0.195585027560616,0.425901991464042,0.0,0.0,0.0,0.0,0.0,0.2491966006430452,0.07371062804625525,0.0,0.05792365584942712,0.17667081330991877,0.5069769804676526,0.0,0.31437408372967995,0.5769597161204042,0.19428883222867055,0.0,0.32261656247585824,0.0,0.1327658135322356,0.0,0.16795957501691497,0.0,0.0,0.0,0.11261787053786508,0.0,0.8755819772345556,0.0,0.1646807898962005,0.0,0.0,0.0,0.0,0.0,0.0,0.0,0.0
0.32421461392227774,0.7124903804005256,0.0,0.4297155556097371,0.5617025502426309,0.0,0.8044232288783074,0.02543003699135229,0.0,0.7454946063636628,0.0,0.4132481802294616,0.607865313081078,0.4223750483818066,0.4644687125178614,0.3483055985368623,0.5897317993866964,0.21189334397605267,0.4083044014402443,0.9269770934037741,0.2186668962678699,0.0,0.0,0.37909457904688304,0.5609968116006309,0.4551213573836302,0.3587079518358023,0.3193658272189141,0.26788731807533805,0.5303351581479024,0.5248635818304517,0.49002723689048533,0.15166082151198762,0.3769387380569802,0.0,0.19757401432988614,0.3454160513626633,0.6768473373373252,0.29771996183926136,0.06171833507542893,0.0,0.0,0.0,0.2904791531534624,0.0,0.4547609666824605,0.5278597211188031,0.18407023107555662,0.0,0.0,0.0,0.0,0.05215133714419533,0.0,0.6234734761315537,0.06218502151685357,0.485114014625531,0.0,0.0,0.4567101433303557,0.16476705285244703,0.46589349052752943,0.20916002490867736,0.3437500704062273,0.34502621265925326,0.1105448533760033,0.4340124383954311,0.0276938567328634,0.2499603341777706,0.20075778793320878,0.4244596112513073,0.0,0.06955632980828667,0.0,0.2862631244166031,0.20200360377753895
0.0,0.0,0.29508775625949846,0.03893034318442655,0.26369280178553367,0.7559011176971687,0.030020015975103485,0.7758125638512146,0.2361805741359795,0.0,0.35767635295457034,0.0,0.16840178281192483,0.16260767985987573,0.3652983780141114,0.0,0.0,0.0,0.06990063548213107,0.0,0.3912108277927584,0.0,0.0,0.0,0.0,0.0,0.37949859833972815,0.1979837553044312,0.4798253827863772,0.10154847090170568,0.21004059035163603,0.15195330711771804,0.1557890056446471,0.2663906384024858,0.0,0.2625671034095613,0.08627613071462283,0.0,0.24839588968338328,0.0864302948492001,0.0,0.0,0.2819249932931924,0.0,0.0,0.0,0.0,0.2078080176147419,0.19378798630321994,0.35915577234917795,0.11796119280452183,0.02884571806864681,0.7381532961797743,0.3640042343615202,0.0,0.4553993674750851,0.0,0.44530153049890464,0.14859798762274198,0.13050877787546253,0.0,0.0,0.0,0.07140587050623232,0.0,0.4943969292724169,0.0,0.8206907182541804,0.0,0.0,0.0,0.0,0.0,0.0,0.0,0.0
0.5881154601378331,0.6720509943458295,0.0,0.18895213420785903,0.07554369262554154,0.0,0.32223842823388715,0.0,0.0,0.6286350323622791,0.0,0.8256444880733784,0.3509873967771009,0.0,0.0,0.2684479819584976,0.6652685208199915,0.7489931661902203,0.2894090802964273,0.1245345658782053,0.0,0.37909457904688304,0.0,0.0,0.8407265581753145,0.8021329569843043,0.0,0.25541674881148535,0.0,0.09655407527112486,0.0,0.05658352752065201,0.13896848847072818,0.0,0.0,0.0,0.3091409414816008,0.14015603171489824,0.0,0.49161603817733995,0.5039724378086529,0.46273115427017325,0.1352650137871687,0.6554537991422889,0.09366855952747709,0.695754587328933,0.6495605931218348,0.16037130098586316,0.0,0.0,0.5088149846916039,0.0,0.0,0.0,0.6162443924662502,0.0,0.7690340631770153,0.11755186065807832,0.2298681539412442,0.14536521062305752,0.5427665377227034,0.6677618156124652,0.7578336744729651,0.04219800330470582,0.6161121400258224,0.0,0.6189179296633331,0.0,0.9004345917604631,0.5762304371319747,0.8091592496088003,0.3868917549319688,0.6056514944665148,0.5710203237098048,0.7670295331190697,0.7613677117737173
0.48842329385267497,0.9100134992127387,0.0,0.25914158619549105,0.3084908677934562,0.0,0.5006532565864726,0.0,0.0,0.8173112936039173,0.0,0.8483844500740543,0.48105969023124573,0.046251901387133185,0.0,0.2978745016441289,0.7471702743364813,0.756592555797528,0.4088098877934722,0.4039859247015335,0.0,0.5609968116006309,0.0,0.8407265581753145,0.0,0.912026125355771,0.0,0.3814249676334986,0.0,0.24665051483914777,0.0,0.04880641880233075,0.0,0.0,0.0,0.0,0.3039711022486279,0.3635047433148095,0.0,0.3323349467554069,0.23379451428037246,0.2429828843947068,0.0,0.4820503748547752,0.0,0.628375544941782,0.840090595244059,0.29343293576453117,0.0,0.0,0.3342022248860925,0.0,0.0,0.0,0.7180190266248302,0.0,0.8061473567603694,0.0,0.2028645746994301,0.34768197021279407,0.5560340229133044,0.7314242861882209,0.7206705256571085,0.21801490173128557,0.6780265712462918,0.0,0.6537058467307272,0.043511101825792355,0.6934463508564668,0.6504540732725181,0.8601796306966918,0.41854607875653443,0.4144559162170392,0.4725628672166629,0.5427229643798605,0.5578788552692394
0.35617648450364736,0.835246154332707,0.0,0.25227273524068683,0.234537867981246,0.08173009763329621,0.48584270416516484,0.0,0.0,0.7128946311330487,0.0,0.7634008078141159,0.5403026173391866,0.061918147024476435,0.0,0.2801058404347888,0.8085059394640458,0.8540394121986354,0.3204187761087525,0.2675655000759131,0.0,0.4551213573836302,0.0,0.8021329569843043,0.912026125355771,0.0,0.0,0.4448015217686487,0.0,0.0963176801856675,0.0,0.053149998042394654,0.08245380133269838,0.0,0.0,0.061966341844951665,0.17249940493256144,0.2798043450007523,0.0,0.4002268051986826,0.29427079533792194,0.21598705258992737,0.0438547974279923,0.3444615337591522,0.04061848810445496,0.4292717070915819,0.7522516942550768,0.18312419026744364,0.0,0.0,0.36289846700800016,0.0,0.0,0.0,0.5064642085433653,0.0,0.6522580888083183,0.13101454890987776,0.026093033562085196,0.2899653104089633,0.5481944597934858,0.6046855855790509,0.682778070734348,0.18915109034709754,0.5378014139386547,0.0,0.5948206140768914,0.07863733637607065,0.7076108388010309,0.503578365565406,0.8402243315875857,0.24865986683106112,0.3313038790515391,0.32762147271095754,0.5751415937062497,0.5739763454847739
0.0,0.06750746454625994,0.3857087183967502,0.11348510684782787,0.45576876962364243,0.49440164794994873,0.24140390496424152,0.16867007723061692,0.3425285915508832,0.0,0.37710868381494306,0.0,0.12424135894710815,0.30687650833876023,0.7330783345184091,0.14914986832783322,0.024580421330305666,0.0,0.409643932127165,0.5803440657562522,0.46090605621032127,0.3587079518358023,0.37949859833972815,0.0,0.0,0.0,0.0,0.04993601506720294,0.5468508171157757,0.3389056168930293,0.27453642684076585,0.11321672061311497,0.20208651882836648,0.302931635125115,0.0,0.05998224511518463,0.18801112578502352,0.21546880743420946,0.15201459849194082,0.0,0.0,0.0,0.0,0.0,0.0,0.0,0.016058342418124743,0.35382751628114856,0.0,0.38709817309041017,0.0,0.1468937603744206,0.21011664355679335,0.4738366666403128,0.0,0.35722354158496644,0.0,0.0,0.0,0.6262081781656623,0.026464926656723356,0.0,0.0,0.38329282382645674,0.18031724547077274,0.36913812102488375,0.16426435046313276,0.3894937905580147,0.0,0.0,0.0,0.38076655952806504,0.0,0.0,0.0,0.0
0.14978835617426214,0.378463351346889,0.0,0.05189775014663164,0.10615147884252313,0.23675350480945848,0.39698566465608043,0.1060877616136536,0.0,0.25430746395545917,0.0,0.05633501806893434,0.6186891421378816,0.06031411675388147,0.17928499165563425,0.4576262483734067,0.5435835912935608,0.5806555351040793,0.23277487651372172,0.2940071669214073,0.1306706635204759,0.3193658272189141,0.1979837553044312,0.25541674881148535,0.3814249676334986,0.4448015217686487,0.04993601506720294,0.0,0.3454340647517972,0.43908739330110935,0.4024952684604443,0.15044619025742206,0.12316890443885785,0.19630271867957647,0.0,0.38158725177463465,0.33039913048291486,0.1415870176486087,0.20742042254362927,0.27960950983040384,0.058726683130585565,0.0,0.28212402069042264,0.0,0.17006324448436902,0.08604543857278792,0.27603913424434,0.28361058114726545,0.0,0.0,0.19483316966637879,0.11930642432293456,0.20542733683050393,0.0,0.22743640426904163,0.11607808910252294,0.011109817890207168,0.48076905990634217,0.08189912522296282,0.36811875903682356,0.4492842872325082,0.3216546659292815,0.4995618218083327,0.31298191578846585,0.2344093717342783,0.2762277510845757,0.3383738178772938,0.4260205843099401,0.2728809202248943,0.33814748580471404,0.3869651113485113,0.159500568618556,0.413794155553741,0.2332988658399692,0.2069096860219592,0.3033895959586008
0.0,0.0,0.0,0.1387142255484197,0.41483176353030987,0.5927858002377654,0.3602346619480639,0.37045424669035254,0.0,0.03640771730496788,0.1662833837177074,0.0,0.3346197879779484,0.3807006762286037,0.6730208541992562,0.07501831836987037,0.05200936171394636,0.0,0.1055079155883281,0.5183522434622578,0.5714478322127636,0.26788731807533805,0.4798253827863772,0.0,0.0,0.0,0.5468508171157757,0.3454340647517972,0.0,0.4403667142270217,0.5709975722857651,0.3716270717677622,0.09456211236634335,0.4357745014346521,0.0,0.28382902153065714,0.029421753343082724,0.3127008867899749,0.4078687870669728,0.0,0.0,0.0,0.0,0.0,0.0,0.0,0.02861141216217726,0.10335839817285106,0.0,0.19296910241322848,0.0,0.0,0.5899409828885155,0.10708229629428084,0.0,0.23382307223221283,0.0,0.18093217697558697,0.0,0.4372930329781397,0.0,0.0,0.0,0.29336105105262594,0.0,0.6169447908833757,0.0,0.6157294651068377,0.0,0.0,0.0,0.0,0.0,0.0,0.0,0.0
0.24167286359090015,0.28591398488770847,0.038589447992970226,0.030568226189785153,0.2912425928636595,0.09952989042115275,0.3778744694428636,0.12824286962118153,0.0,0.2348170538213974,0.0,0.0,0.3623434701349055,0.13010432898111876,0.5007466791849938,0.4222160428527964,0.19361427853212163,0.1325284739038029,0.38953557765592745,0.5748387946608924,0.5021627833230413,0.5303351581479024,0.10154847090170568,0.09655407527112486,0.24665051483914777,0.0963176801856675,0.3389056168930293,0.43908739330110935,0.4403667142270217,0.0,0.6045981403489032,0.4675842805131905,0.22481025531722137,0.5096679352784356,0.13457484992157318,0.19523652673249842,0.40384326347921906,0.3449945019418965,0.3880026896131986,0.03636831504085066,0.0,0.01122410310635668,0.008327318479574223,0.03543435650777025,0.027081123753147134,0.3002340708764792,0.2478933107195088,0.2168201065773576,0.006775286697489772,0.10074180411714982,0.0,0.12358465483730449,0.2189228738951668,0.0,0.3526455641514179,0.11164792382168226,0.07851307059535605,0.04850919013336253,0.1261584915617871,0.42170168026970817,0.19966070184343965,0.23325258707320723,0.2668610141809308,0.3315584138114765,0.20881180636896585,0.4617796457612316,0.2903615309422183,0.1935441038343153,0.034921782329124886,0.2715643086208834,0.23796666242424136,0.048148264203356536,0.24952969768765842,0.2043043548092278,0.17670528717020395,0.0758334178921056
0.0,0.13288959998136846,0.0,0.30869287210750296,0.36195933175775297,0.09019571652592628,0.5201726966058745,0.2574696437343103,0.0,0.3804085426622675,0.0,0.0,0.4845146508404822,0.4140784967757948,0.44101344606122234,0.3558756727672531,0.1796394964995933,0.0,0.11541665158359088,0.5417520228987234,0.4641261092211608,0.5248635818304517,0.21004059035163603,0.0,0.0,0.0,0.27453642684076585,0.4024952684604443,0.5709975722857651,0.6045981403489032,0.0,0.7448443039263238,0.27023931065824913,0.7045756743272343,0.34551363595531975,0.2943150433135806,0.18073331577205962,0.5480256476334737,0.659225191590065,0.0,0.0,0.0,0.0,0.0,0.0,0.0,0.056394481768903416,0.0,0.2200245669425654,0.0,0.0,0.0384967412288125,0.4958089584809354,0.0,0.4192430134354818,0.04491625644865034,0.059859298226716574,0.0,0.037789652082146526,0.238557520239618,0.0,0.2164680599456395,0.0,0.18338452428020102,0.0,0.49702095518104666,0.0,0.2742204753837144,0.0,0.03450625985412718,0.035745640216327486,0.0,0.0,0.0,0.0,0.0
0.0,0.222241755748706,0.0,0.2641896088245495,0.31265244477702087,0.13956485079668612,0.4935157052914744,0.29025071473411607,0.0,0.33210206475869314,0.0,0.028238755100640223,0.4631324770347071,0.40175972935007137,0.3121919648597307,0.31586756816225336,0.16598539996836886,0.0,0.0165197886482146,0.3680504700585549,0.402240461530537,0.49002723689048533,0.15195330711771804,0.05658352752065201,0.04880641880233075,0.053149998042394654,0.11321672061311497,0.15044619025742206,0.3716270717677622,0.4675842805131905,0.7448443039263238,0.0,0.4476962629120964,0.6211867394989912,0.45494592705845294,0.22686007815643897,0.21893884435886876,0.5475221603637477,0.797631321561826,0.011165396973886582,0.0,0.00014338411248416427,0.0,0.054017861419972106,0.0,0.028349201501085334,0.16431745104712767,0.0,0.18367787474036082,0.0,0.0,0.09357279193615008,0.3987958033319153,0.0,0.4098686435897892,0.0,0.1693026752981546,0.0,0.07807495798058,0.07839615382825976,0.0,0.24799119696035807,0.029214805115204787,0.06408051555336437,0.0,0.39089578681344334,0.0,0.1334061840412599,0.0,0.07519969491526993,0.18357232630596046,0.0,0.0,0.0,0.03551068636912224,0.0
0.14444765276980628,0.11996747601548916,0.0,0.0,0.04612494584314029,0.09718055642668086,0.14571970464528558,0.18210833250555072,0.15899062996435054,0.0,0.06633311983416333,0.0,0.16651152913721476,0.08564661119013546,0.20365647709679213,0.3770840957072516,0.19586053079272595,0.150792146394801,0.19118074928832113,0.10071720691786586,0.3333250429747364,0.15166082151198762,0.1557890056446471,0.13896848847072818,0.0,0.08245380133269838,0.20208651882836648,0.12316890443885785,0.09456211236634335,0.22481025531722137,0.27023931065824913,0.4476962629120964,0.0,0.49315264264292064,0.2872829176851739,0.06749236907070741,0.18921976451402253,0.1568943279517119,0.5719991581282844,0.3774386371005403,0.18301825689677523,0.14755588447707874,0.20531977678761654,0.12486449885913405,0.09780152943713394,0.049947867921014494,0.0786859427695844,0.04199081556272198,0.0,0.1315082622441853,0.19435188265424164,0.22243897017204167,0.20545762587358737,0.2236012044295141,0.06118273880163508,0.07541427350280387,0.0,0.14629452173651042,0.0,0.18960502106633903,0.10333288634226535,0.10441620134346134,0.17996715662376447,0.06651166289736753,0.0,0.3418362448842289,0.0,0.12404197897506207,0.14078589269443692,0.10881890888874404,0.1273131952386114,0.09981704783758184,0.2232511784937845,0.10951303992458783,0.1285053690885417,0.18230880173051184
0.0,0.0,0.007797132648129188,0.08585384224997009,0.29176796309225,0.07662399071701988,0.30988867282616167,0.2984536447456011,0.0,0.031472105970813805,0.09274774800232692,0.0,0.28382255178267485,0.2359085834631779,0.5052379084862217,0.2023638112260927,0.0,0.0,0.15324912563682389,0.38234988850753726,0.5646245583151411,0.3769387380569802,0.2663906384024858,0.0,0.0,0.0,0.302931635125115,0.19630271867957647,0.4357745014346521,0.5096679352784356,0.7045756743272343,0.6211867394989912,0.49315264264292064,0.0,0.3644877755983849,0.1471945081848082,0.18061151574492998,0.46391920093190325,0.627075780990289,0.0,0.0,0.0,0.0,0.0,0.0,0.0,0.0,0.020014182214398258,0.15971113321594485,0.24759871942377848,0.0,0.27202169786065616,0.44393327140847033,0.12183296998892372,0.17970852091310696,0.25070311169115767,0.0,0.0,0.10032807796170262,0.22407350191086658,0.0,0.02808559047056834,0.0,0.23674914989567086,0.0,0.5769858052594947,0.0,0.23249451233918994,0.0,0.0,0.0,0.0,0.0,0.0,0.0,0.0
0.016683715151811492,0.0,0.0,0.05652750962254269,0.0,0.0,0.0,0.0,0.0,0.0,0.0,0.0,0.01691490392994048,0.02771931856936763,0.0,0.11432573801257817,0.0,0.0,0.0,0.0,0.10624993820943227,0.0,0.0,0.0,0.0,0.0,0.0,0.0,0.0,0.13457484992157318,0.34551363595531975,0.45494592705845294,0.2872829176851739,0.3644877755983849,0.0,0.0,0.07760479442100508,0.22971536982296467,0.37397933877355044,0.0,0.0,0.21139868870279227,0.0,0.0174279075534343,0.010476213959165353,0.05857599041131615,0.0,0.0,0.1537627456093438,0.07459738547200259,0.0,0.23713474618450814,0.03401793691351978,0.0,0.11825632397144732,0.0,0.04695919758311148,0.0,0.0,0.0,0.0,0.0,0.0,0.0,0.0,0.04974320045643712,0.0,0.0,0.0,0.0,0.0,0.0,0.023833566347366233,0.0,0.0,0.0
0.0,0.047565195080016845,0.0,0.29875954648127145,0.1564286833047535,0.27498696524016014,0.3633658567758875,0.37172127733920635,0.0,0.09900098601751292,0.0,0.0,0.11702340168327482,0.4152105111000519,0.08810273779967072,0.07767430589389138,0.30679866816506135,0.12772195327176636,0.02725283393071639,0.17114037662791715,0.20283688855665408,0.19757401432988614,0.2625671034095613,0.0,0.0,0.061966341844951665,0.05998224511518463,0.38158725177463465,0.28382902153065714,0.19523652673249842,0.2943150433135806,0.22686007815643897,0.06749236907070741,0.1471945081848082,0.0,0.0,0.15571873757617072,0.18708178212381352,0.3366982846017588,0.03799133109820172,0.0,0.0,0.24935348004353955,0.0,0.0,0.0,0.0,0.0,0.15033260598775192,0.0,0.0,0.0,0.5028960941658478,0.0,0.0,0.02909832346483326,0.0,0.18499766144090277,0.01588023230951077,0.0,0.0,0.06474856335750998,0.0,0.05369876142445592,0.0,0.216552650526453,0.0,0.37408274525834484,0.0,0.0,0.0,0.0,0.0,0.0,0.0,0.0
