0.0,0.6586338106377242,0.5546933428103026,0.0,0.02925903943405739,0.0,0.0,0.0,0.12393585085144504,0.6446818383824402,0.2223092424563679,0.7963830300686932,0.20450055438208847,0.0,0.0,0.8368111681713944,0.6673815035612486,0.7491707443925263,0.12211417506241005,0.17904843462624173,0.08600336782308199,0.6325122633658671,0.0,0.87509094355027,0.8763503596384022,0.8713052899800063,0.0,0.5527027852904859,0.0,0.07618552276388527,0.7857060256074544,0.6504088858683453,0.8697362433585584,0.4599159741061,0.2765095292143433,0.44976940123072084,0.5783618173870267,0.6676898282755199,0.7445057797894443,0.8544004042880953,0.7455566146589081,0.5036825231526252,0.04529579969984678,0.47813055425335194,0.5795411559601362,0.9373660284579967,0.6479572933462047,0.18234690743401327,0.0,0.0,0.0,0.19615640447229565,0.0,0.17053225828059632,0.6549042638336438,0.15197557610059503,0.7624500014370539,0.0,0.0,0.0,0.4867928793798935,0.7605548156291364,0.4949614073360934,0.2759707496011494,0.0,0.0,0.27147923255853285,0.0,0.8512805509367548,0.8361476854476387,1.0,0.0,0.13038186028052337,0.0,0.0,0.6596552319727229
0.6586338106377242,0.0,0.33541260370680526,0.4005248330541977,0.3218445103389484,0.531137761543706,0.42563539340900347,0.0,0.4816289368776453,0.429803579038005,0.026360556233362597,0.49242973806063045,0.6039100653798081,0.3061834836694525,0.23609291083075856,0.7249207197897339,0.663180543303062,0.7227423460922864,0.4035880918342653,0.4054792771651982,0.4698832136714944,0.6824080028343561,0.08612811500230708,0.6473928881238527,0.8423857853315343,0.9345176220507506,0.3354775655026317,0.6590016682634512,0.4245306441096995,0.0,0.16893358840638414,0.4032557268556422,0.499234893623838,0.0,0.0,0.6054760245815325,0.5823961748793063,0.4777777374329186,0.4524550356469883,0.42833609175131676,0.4005612489212761,0.034208489697689526,0.3324896024128907,0.4891213867892751,0.4197707482737232,0.7126299977997141,0.8526638602415392,0.39724877120309315,0.0,0.0,0.0,0.05735270682373531,0.0,0.46701385554696223,0.3197533506331832,0.18132043801716072,0.41983946893938867,0.0,0.0,0.0,0.6445122314844445,0.4992066663373092,0.4514343378742964,0.30866574213982656,0.0,0.176435841504599,0.4795058340949975,0.0,0.6314761753178456,0.7174782094026444,0.777322495125925,0.0,0.16904445727685252,0.0,0.1114109178165273,0.4229434107850264
0.5546933428103026,0.33541260370680526,0.0,0.0,0.22744772928046225,0.039410871633725766,0.0,0.0,0.4065747848428631,0.38793197410683705,0.6852427418915009,0.39401159753660864,0.13843408825254172,0.0,0.0,0.5381889708097353,0.3903804402595769,0.4245689322665554,0.47822691947718254,0.09278930862681496,0.05885846074461204,0.45526185181239154,0.0,0.4033595278185773,0.41523514038622433,0.390291429705842,0.021874614377525848,0.3726635738762933,0.0,0.04892714538827762,0.48578081070432644,0.3967018265058113,0.5008066577410143,0.24080246853663811,0.1137989990958809,0.46022884787207013,0.37045714118397544,0.4141208443372337,0.474991918570251,0.4919267537952972,0.4811808271096213,0.30255193863080343,0.18487800352416672,0.3500682754695858,0.41349967224325107,0.6194104127035888,0.4072249463740527,0.5293888674701874,0.05931015215916061,0.0,0.0,0.13392033093659012,0.0,0.457543889000471,0.3669566959937935,0.6102926343814826,0.34389903356738893,0.0,0.0,0.0,0.29266503874431216,0.40093649781210666,0.16109574233340168,0.5976638458930721,0.0,0.0,0.1597327415359584,0.0,0.36985043552486263,0.4457647630376679,0.47696585673623926,0.0,0.0,0.0,0.0,0.4423758522718719
0.0,0.4005248330541977,0.0,0.0,0.39872782279181623,0.662506805342291,0.7943600104420518,0.3847627595812938,0.5401995428389951,0.1477451346137787,0.0,0.010227089659328606,0.498052343693828,0.6104565797721067,0.36846434053744725,0.13750752796012392,0.3170837864768245,0.2515164217223416,0.5078100096075936,0.2964367916292978,0.5288721056757897,0.12530191840508856,0.4887522682838026,0.00933110234684325,0.19641611855886487,0.19914616589484216,0.6261599259771016,0.3803163272579564,0.5513909644802174,0.0,0.0,0.0,0.0,0.0,0.0,0.5530349548431942,0.38023717414612157,0.21237945055819824,0.0,0.0,0.0,0.0,0.5643312086123389,0.29035171659493814,0.15151142104098123,0.02305225698057828,0.4636121649988991,0.43978734466932023,0.0,0.06316156185946743,0.23349926645321764,0.0,0.3913566759111608,0.6037714787333193,0.01858207837911792,0.2358497474333695,0.0,0.0,0.0,0.3531217869863133,0.47073066119265333,0.08806139471734,0.13384165003938692,0.3103396401334808,0.17368085389297688,0.5819866799561382,0.3084138130460853,0.45360582169917385,0.026118498941618218,0.18549395021259033,0.0,0.17546046800855997,0.16979161786494162,0.02143550645188099,0.20757225301530105,0.09078435340386223
0.02925903943405739,0.3218445103389484,0.22744772928046225,0.39872782279181623,0.0,0.5652698521962598,0.6381890701653969,0.21335495745656544,0.5716045694259932,0.015195652814103795,0.3425551225336247,0.03245252132411446,0.6286294794715376,0.3457092162470045,0.30520282701267437,0.18560726980710926,0.13206771469272577,0.2043041728419237,0.35097553105604307,0.20317141091446564,0.30793749128611103,0.2152525415247357,0.36364878567886205,0.05807514590366295,0.19811203928381393,0.181506959658875,0.5355249688093637,0.334484767957414,0.46475987853043543,0.0,0.0,0.0,0.029335980755155068,0.0,0.0,0.17932686395679479,0.08752993783780787,0.13601864296947702,0.053482672674102935,0.030641592125794644,0.08047499140349337,0.0,0.1982574496051494,0.03442579219800891,0.09804713176331367,0.1064295519224187,0.35821663726988057,0.4912306904736724,0.0,0.27247557570477815,0.22216685943858802,0.26435568436396756,0.30093957075367417,0.5787520151771737,0.0,0.4331911403016656,0.022352175999965057,0.17363905695440635,0.0,0.2705902158396999,0.3268996215648199,0.12400760716312118,0.20833128570486176,0.31752495173226736,0.1535127189194853,0.3140196896701569,0.23697471427965006,0.3363611679296521,0.08029454501753548,0.21646233153837124,0.08691926233578183,0.18896209183321533,0.21607817565034512,0.036960959280049305,0.17857671999425023,0.11213665233580605
0.0,0.531137761543706,0.039410871633725766,0.662506805342291,0.5652698521962598,0.0,0.6957631360772141,0.6824599542065481,0.7560054943822059,0.0,0.0,0.06366797590437324,0.8427702934533564,0.43033975271803104,0.5965442825589871,0.26500303521962515,0.2786647114434978,0.36660382628916566,0.593242320555318,0.42916726349874734,0.6721399528180334,0.26758034781164813,0.7707595962761506,0.07300562467346419,0.30266618697399217,0.2517213054438885,0.8498903186035422,0.45236476048112645,0.8160315922075451,0.0,0.0,0.0,0.0,0.0,0.0,0.326632275710542,0.18544845067241258,0.11330935097914283,0.0,0.0,0.0,0.0,0.3955833973831874,0.13269316344375404,0.02886196043637434,0.07951098062730586,0.42106020469513905,0.6121630938481092,0.0,0.0,0.536353370835609,0.0,0.6898002754946546,0.6382137883876877,0.0,0.3318080637682932,0.0,0.1258485002014533,0.0,0.5878756665411031,0.49907464593902534,0.0952679246813163,0.3618543948245467,0.3950542065296699,0.3981847474136324,0.6384477318870962,0.41667376226583924,0.6985648507445733,0.13764985960969436,0.2740763785763275,0.0,0.4177163245435288,0.30784977912888417,0.23907821546505692,0.4388821977595299,0.0686405787799434
0.0,0.42563539340900347,0.0,0.7943600104420518,0.6381890701653969,0.6957631360772141,0.0,0.351721621757495,0.49362383134392557,0.01876984736680584,0.0,0.0037857228636912436,0.6692415635366964,0.4925144556120996,0.31168835447344495,0.13591665473114362,0.22647849858968425,0.23554005176571838,0.33454483782939737,0.1973167078681934,0.39741975116084866,0.11971493397721536,0.46840233359045286,0.010828048242394306,0.20056412645319524,0.22531848906930638,0.6041150535587972,0.3790169865423618,0.5310708444507519,0.0,0.0,0.0,0.0,0.0,0.0,0.4161539886182274,0.24177951492991243,0.11788359655930632,0.0,0.0,0.0,0.0,0.363323616024181,0.15072322762644888,0.05564375015309429,0.0,0.37292816019601155,0.3268535156146396,0.0,0.2060993103182636,0.24365929968669878,0.09345031335866495,0.4167834785792552,0.47940879076124515,0.0,0.1367821778214566,0.0,0.0,0.0,0.334029833029534,0.3422824045308928,0.007631333369772101,0.07903470528293956,0.16336781578398604,0.16293164950389583,0.4298211152945375,0.1800278881873938,0.42408701452353786,0.009152944205081963,0.12620075211928006,0.0,0.21484692370974387,0.05737769607646011,0.06943431806522263,0.09110199325872904,0.0
0.0,0.0,0.0,0.3847627595812938,0.21335495745656544,0.6824599542065481,0.351721621757495,0.0,0.3025810843109436,0.0,0.0,0.0,0.41544448611250195,0.3274069233964875,0.445547405199217,0.0,0.0,0.0,0.28444228618152284,0.11473176125465027,0.6212284663123949,0.0,0.9651007413093756,0.0,0.0,0.0,0.559430304382979,0.0,0.4807809256061202,0.0,0.0,0.0,0.0,0.0,0.0,0.0,0.0,0.0,0.0,0.0,0.0,0.0,0.21868068421823136,0.0,0.0,0.0,0.0,0.28228098372757837,0.0,0.1024799990825192,0.7809025426903244,0.0,0.9262486163835448,0.25795676252163446,0.0,0.1949589819208906,0.0,0.36134195592863816,0.19692116526175324,0.5858385261463245,0.0,0.0,0.0,0.12909632662939644,0.5073407068541259,0.6223075728169495,0.040271548908566074,0.8705822043009841,0.0,0.0,0.0,0.6371062616089712,0.11542332328604714,0.5572289664715139,0.2790957774279981,0.0
0.12393585085144504,0.4816289368776453,0.4065747848428631,0.5401995428389951,0.5716045694259932,0.7560054943822059,0.49362383134392557,0.3025810843109436,0.0,0.0451287001993747,0.28248673766631305,0.03983543165536133,0.5158997956946935,0.2646882795407802,0.592644728982858,0.414857346405375,0.32658384916914734,0.4929634388975437,0.7985689119792636,0.5827856449830132,0.6214741984660089,0.4998412263932756,0.4191433453460446,0.21511176640223187,0.427043063775487,0.32504747956088437,0.7966995961765402,0.5193199973663232,0.7346588948030739,0.0,0.0,0.0,0.09562360848021731,0.0,0.0,0.3866735568199719,0.25281087654234224,0.3614572778158363,0.10691176008867626,0.07684473545464265,0.15630807902360222,0.0,0.4176714236156282,0.22362688246914977,0.256971608392836,0.3540928142922245,0.6280603992953435,0.8596460613929195,0.0,0.0,0.2669715622929469,0.0,0.4030531404205442,0.9146142564521622,0.0,0.6169540632319509,0.027175398825149362,0.0,0.0,0.5009410577180408,0.7221540113379975,0.24331748448089066,0.5327096376472388,0.6971928908775303,0.32452226868995043,0.6792623784617816,0.6513372168596763,0.4946654800345711,0.31211624361718276,0.5376654107216727,0.2162998530787072,0.21935130759036595,0.3721724650436925,0.04981555201298557,0.49556552670396414,0.4017239141832586
0.6446818383824402,0.429803579038005,0.38793197410683705,0.1477451346137787,0.015195652814103795,0.0,0.01876984736680584,0.0,0.0451287001993747,0.0,0.0,0.9188961054785098,0.26583967911747947,0.2048522981468717,0.0,0.5933750650405724,0.8669368074161076,0.6796088936244589,0.16135258358742804,0.02751200118759529,0.0,0.3121846558796356,0.0,0.8282578525208585,0.6926263323856271,0.6317480220922361,0.0,0.6502945781103842,0.0,0.11856905661109009,0.6780991486409905,0.7155692123441699,0.7012047127612954,0.30009326931279245,0.17829677169644415,0.7430012910093825,0.7801882159785145,0.7865965625237584,0.695969707519289,0.6053743262026531,0.6755140093510669,0.6024952476045443,0.248790963558358,0.5734254971654512,0.7064867922064577,0.6735048122794436,0.4592146534509778,0.15521507406523782,0.16088194567197994,0.0,0.0,0.297564611718703,0.0,0.1518681232144899,0.9734236596767196,0.04711336183888536,0.8604066508752342,0.0,0.0,0.0,0.4110673520382567,0.8336017512647318,0.31420193811506963,0.25680551260665374,0.0,0.0,0.08106832920466177,0.0,0.7354197614961475,0.6326845121698866,0.682896831399025,0.0,0.26118630991262953,0.0,0.0,0.6236526301601523
0.2223092424563679,0.026360556233362597,0.6852427418915009,0.0,0.3425551225336247,0.0,0.0,0.0,0.28248673766631305,0.0,0.0,0.0,0.0,0.0,0.023789323196646464,0.08125607318024328,0.0,0.0,0.21307962109217735,0.0,0.0,0.1339578363527466,0.0,0.0,0.0,0.0,0.07229950523318364,0.0,0.0,0.0,0.2367757565347405,0.0,0.16505319279212075,0.18896738446750252,0.06875314382412394,0.028676627518896297,0.0,0.05098967488605187,0.05295622808334669,0.21128954298774652,0.14844640368121334,0.0,0.04071474003874417,0.056141913974258065,0.0921184110625629,0.20131336312947815,0.11824735539664291,0.36620118805770263,0.04686622838354775,0.19442170959839547,0.0,0.1496218321547568,0.0,0.36657178396983325,0.025794206494231624,0.6925397269884209,0.0,0.0,0.0,0.0,0.0,0.04494655030507896,0.0,0.33704303393232804,0.0,0.0,0.0,0.0,0.0016982212304635803,0.032384580635659896,0.09312734738836106,0.0,0.0,0.0,0.0,0.06992690869184082
0.7963830300686932,0.49242973806063045,0.39401159753660864,0.010227089659328606,0.03245252132411446,0.06366797590437324,0.0037857228636912436,0.0,0.03983543165536133,0.9188961054785098,0.0,0.0,0.37941154632955376,0.14449710280909017,0.0,0.7599232194733027,0.9206614560748497,0.8249255851145584,0.09130863623625662,0.02668392186976655,0.0,0.38821580507443176,0.0,0.9147761041257411,0.8016158862596904,0.7506566102877442,0.0,0.7023603877302879,0.0,0.13105390836725342,0.7773072761232009,0.7188216563644138,0.767320978100908,0.402572952643401,0.24394752270250544,0.5935704053576968,0.7127524009153953,0.7486420569150427,0.6739040727002352,0.6868345278936225,0.6729231265730796,0.5565398783237718,0.21968855160586787,0.545154932767138,0.6612084302630206,0.7599456242412739,0.4157491247888603,0.10928308706316335,0.12661044669413937,0.0,0.0,0.28395483955821027,0.0,0.07609843287320411,0.8725180554740504,0.03899654377425593,0.9960790149256397,0.0,0.0,0.0,0.42100799454767107,0.8727176394655032,0.41670516549413517,0.18135671938850562,0.0,0.0,0.08665183642977951,0.0,0.8365844768810999,0.6820416754032499,0.7747615123104622,0.0,0.29297935654662954,0.0,0.021054534531411744,0.66213286175074
0.20450055438208847,0.6039100653798081,0.13843408825254172,0.498052343693828,0.6286294794715376,0.8427702934533564,0.6692415635366964,0.41544448611250195,0.5158997956946935,0.26583967911747947,0.0,0.37941154632955376,0.0,0.42005644481519255,0.2656791209193897,0.43434399457771433,0.46146585111283284,0.49075519098465265,0.37833171611784844,0.2548437660925501,0.43792140144472175,0.32079030904648415,0.5071356413972411,0.33906582335888386,0.4475550747859022,0.4673480676668386,0.5242380676669285,0.6492653024760323,0.6324531346665773,0.0,0.0,0.1828758680722114,0.20794348007917884,0.0,0.0,0.4154302003097923,0.34456416162448034,0.2883834684356345,0.17531636114133337,0.11050697336837441,0.17984184790175906,0.0,0.3122451105206215,0.1908932781585064,0.2316489402159777,0.2749161518542855,0.39956376032376095,0.3982527583803211,0.0,0.11257404590110752,0.19214685151611743,0.29334832821989754,0.36487427192697747,0.40604991375283056,0.13475452159550377,0.2063995998942302,0.3273267995126786,0.21592376215726922,0.0,0.21599250666255004,0.4183923346871415,0.30355744826840053,0.30164533979529584,0.2551969619161783,0.06809749996375782,0.2538050794490855,0.2086473117023621,0.33249787799751956,0.36638054031063955,0.3509120021095969,0.2841912731060452,0.06630988443394502,0.2938890370522343,0.0,0.23459030511753537,0.16858801417600947
0.0,0.3061834836694525,0.0,0.6104565797721067,0.3457092162470045,0.43033975271803104,0.4925144556120996,0.3274069233964875,0.2646882795407802,0.2048522981468717,0.0,0.14449710280909017,0.42005644481519255,0.0,0.14175107749132648,0.058257946750135826,0.2147072423449351,0.16081300289883854,0.1906202938721696,0.04895793397889709,0.32271250679819147,0.0,0.3756493082316531,0.08432616320236455,0.1830855683354749,0.19630202319121742,0.32581216581652217,0.2624152499073061,0.22301341710872205,0.0,0.0,0.054222692810443646,0.0,0.0,0.0,0.40228591774592104,0.3717119465699584,0.11187435818262494,0.042327444205444265,0.0,0.0,0.0,0.45301529424564396,0.18296637004024988,0.06752387238995661,0.03568596637512343,0.2732142971679202,0.1574123734192848,0.0,0.3604681394057001,0.11051226100973831,0.2808891864483933,0.2758567580828794,0.3329922436258615,0.12059964240151243,0.13936552322898071,0.10259508978912957,0.0,0.0,0.14728536612958812,0.16947016986184554,0.07032624678486042,0.0,0.0833648813283281,0.03574782410465133,0.2586751883808546,0.07702955931566902,0.26945747766518924,0.04547613544918552,0.08843325046367342,0.060525802729249616,0.053133592211575056,0.15995169672964912,0.0,0.13140036636308758,0.0
0.0,0.23609291083075856,0.0,0.36846434053744725,0.30520282701267437,0.5965442825589871,0.31168835447344495,0.445547405199217,0.592644728982858,0.0,0.023789323196646464,0.0,0.2656791209193897,0.14175107749132648,0.0,0.04365408134916804,0.0,0.031107830433868805,0.5508869137951699,0.7829620581993316,0.6939965869038228,0.48721116107069445,0.5170998944996014,0.0,0.0,0.0,0.8267343810022487,0.18481469671252804,0.8188550173790277,0.0,0.0,0.0,0.0,0.0,0.0,0.0,0.0,0.0,0.0,0.0,0.0,0.0,0.22794289180006133,0.0,0.0,0.0,0.28781863951918313,0.5283269405411958,0.0,0.0,0.6542260494131426,0.0,0.5402160558972744,0.4820892788432375,0.0,0.3365527384544176,0.0,0.27971653008283753,0.0,0.9056006291555878,0.46167254685872844,0.0,0.422852664771278,0.3729798809172307,0.8301075922685637,0.8080622044136272,0.7603180437436731,0.702364084038081,0.0,0.17444129457318272,0.0,0.6856571956851062,0.49465539851650225,0.5880332144865438,0.6436449197060485,0.12667810120612633
0.8368111681713944,0.7249207197897339,0.5381889708097353,0.13750752796012392,0.18560726980710926,0.26500303521962515,0.13591665473114362,0.0,0.414857346405375,0.5933750650405724,0.08125607318024328,0.7599232194733027,0.43434399457771433,0.058257946750135826,0.04365408134916804,0.0,0.8183006878089267,0.9615253422696652,0.3982634005394885,0.3596513498713568,0.13681541984523773,0.7859656837963935,0.0,0.9044186365592671,0.9429769521080972,0.8708914001150978,0.12737782567390324,0.7670625822503169,0.29170565027562456,0.0,0.6180409464269568,0.5320717628485545,0.7721688365903853,0.22447368489246988,0.028693892026564007,0.6137511631237179,0.5950920165203352,0.660345018440418,0.6897758204189322,0.7428291179592692,0.7203779281035456,0.3511066722200714,0.2440120610801775,0.5516859165379413,0.5542331610883239,0.9295599516306444,0.6850061384581562,0.4093696111762221,0.0,0.0,0.0,0.0,0.0,0.37929355369183154,0.5147099414622928,0.1971712397245825,0.7485135294512846,0.0,0.0,0.0,0.738996471335996,0.7611001037709368,0.6883770563138806,0.4309782057375258,0.0,0.0,0.48700310426547505,0.0,0.9304546986316203,0.8682956157752203,0.8778016568663025,0.0,0.309312235645097,0.0,0.20674227857875593,0.7753302606247799
0.6673815035612486,0.663180543303062,0.3903804402595769,0.3170837864768245,0.13206771469272577,0.2786647114434978,0.22647849858968425,0.0,0.32658384916914734,0.8669368074161076,0.0,0.9206614560748497,0.46146585111283284,0.2147072423449351,0.0,0.8183006878089267,0.0,0.9121431786930394,0.35781110943012506,0.24849606200131125,0.15853123312186657,0.5415596285694105,0.0,0.9145092321522158,0.8539513861175672,0.797724879279678,0.030930327353785352,0.8077247652841767,0.20362220764858122,0.0,0.5707323827547255,0.6347100977745104,0.7003674585722247,0.1515027398997771,0.0,0.770466846972432,0.7871601809834495,0.8297544278080431,0.6715155303739836,0.611706654807851,0.6160724089276384,0.44968236280620544,0.389357691639444,0.6857325355027729,0.7376367608523006,0.7548411622448776,0.5924868881223837,0.35315027164528445,0.0,0.0,0.0,0.04055288400493966,0.0,0.33500631181386165,0.7589768390378253,0.12633023704567517,0.8364277696831071,0.0,0.0,0.0,0.6586497819612515,0.8827228286461742,0.5666619334049382,0.3491498066616524,0.0,0.0,0.3356635919637411,0.0,0.8626158645657092,0.7506580783990081,0.7390002061113652,0.0,0.3455282488230682,0.0,0.1515701392468962,0.7115207114975907
0.7491707443925263,0.7227423460922864,0.4245689322665554,0.2515164217223416,0.2043041728419237,0.36660382628916566,0.23554005176571838,0.0,0.4929634388975437,0.6796088936244589,0.0,0.8249255851145584,0.49075519098465265,0.16081300289883854,0.031107830433868805,0.9615253422696652,0.9121431786930394,0.0,0.41980371859829324,0.37401888567907876,0.18222637591812718,0.7017834309688515,0.0,0.9561689691877652,0.9632033978222868,0.8724931142238699,0.1898751097893744,0.8467771338518075,0.3720584843924773,0.0,0.5149334197541078,0.5675545561582146,0.7340585386523881,0.12467205920143533,0.0,0.6496303367782066,0.6475980942533782,0.7311603783946039,0.7495012591675131,0.68432091419351,0.7005493937039228,0.3918831304158452,0.28687276757726116,0.5509615561264048,0.6382804137525043,0.867430573348562,0.7151697961110663,0.41610416126977084,0.0,0.0,0.0,0.023898778583199345,0.0,0.4312194068330569,0.5646983067846291,0.1350741370917096,0.7804405970849111,0.0,0.0,0.0,0.8180834139381065,0.8150550574768484,0.7541252671955093,0.4024422674393183,0.0,0.0,0.5166980031731775,0.0,0.9276464909202716,0.8971535291276979,0.8326731749350849,0.0,0.36686725845458706,0.0,0.24600959352627957,0.7712857932704464
0.12211417506241005,0.4035880918342653,0.47822691947718254,0.5078100096075936,0.35097553105604307,0.593242320555318,0.33454483782939737,0.28444228618152284,0.7985689119792636,0.16135258358742804,0.21307962109217735,0.09130863623625662,0.37833171611784844,0.1906202938721696,0.5508869137951699,0.3982634005394885,0.35781110943012506,0.41980371859829324,0.0,0.5988299991680825,0.5783008353982823,0.5038577975064875,0.4003030576588198,0.19860899305870242,0.36136060503809775,0.25979575405270294,0.6884986768241895,0.4748608214878789,0.6192002537206744,0.0,0.0,0.02774684191452509,0.0993022887411067,0.0,0.0,0.43758625307395727,0.3190657636152168,0.3627786006508022,0.23087983292238298,0.05531074260664349,0.14269689383160902,0.0,0.4940580488411388,0.3292165413147756,0.24972617640745334,0.3673302128638105,0.5430700843969632,0.8175439141970113,0.0,0.0,0.13948136437872818,0.0,0.3022217587572002,0.7392919393070281,0.015773716851056756,0.5813228101870273,0.01535444156351695,0.0,0.0,0.34331311395115544,0.6664000936198915,0.23038223521769838,0.41905237086335895,0.8579096095253916,0.22959200325258394,0.5915113481481313,0.5990437652826738,0.39421623224454644,0.28588364491034995,0.46044229690426347,0.18317276832676915,0.10706888662067443,0.3635125938586896,0.0,0.47124673833508224,0.46203924078832764
0.17904843462624173,0.4054792771651982,0.09278930862681496,0.2964367916292978,0.20317141091446564,0.42916726349874734,0.1973167078681934,0.11473176125465027,0.5827856449830132,0.02751200118759529,0.0,0.02668392186976655,0.2548437660925501,0.04895793397889709,0.7829620581993316,0.3596513498713568,0.24849606200131125,0.37401888567907876,0.5988299991680825,0.0,0.6321604192892121,0.8061271174901619,0.16927458119181343,0.17987787479296988,0.36104078884504565,0.29441921438844665,0.667327622887316,0.5133435405136845,0.8037360733217898,0.0,0.04761206091929302,0.0,0.0742458934037354,0.0,0.0,0.16367042826371742,0.1486962836188011,0.219695213383996,0.17215917452215612,0.0906068062512535,0.12260333378872067,0.0,0.2030684695091745,0.12094355649650423,0.14411895447137457,0.2930915670297006,0.45067874538934893,0.5566387690567743,0.0,0.0,0.3010478105530685,0.0,0.22249262506765657,0.47242080148593985,0.0,0.27776938289767705,0.0,0.15080872928728828,0.0,0.6275703432840399,0.6967697729901731,0.2310594414945169,0.6777765056426771,0.48337677598450135,0.6385276180676445,0.6119261153736891,0.9234901540609858,0.37919479216489616,0.35953680566708707,0.4766541998357972,0.2250637891945723,0.3739715588350142,0.6465819481094041,0.3059637943577866,0.7319093913079301,0.5474356595510222
0.08600336782308199,0.4698832136714944,0.05885846074461204,0.5288721056757897,0.30793749128611103,0.6721399528180334,0.39741975116084866,0.6212284663123949,0.6214741984660089,0.0,0.0,0.0,0.43792140144472175,0.32271250679819147,0.6939965869038228,0.13681541984523773,0.15853123312186657,0.18222637591812718,0.5783008353982823,0.6321604192892121,0.0,0.3636052182308848,0.6565204439846717,0.06646509614869102,0.2514382238761511,0.25336848362465786,0.7022757517645013,0.29340309069988163,0.7526433072840001,0.0,0.0,0.0,0.0,0.0,0.0,0.27379058323694666,0.12611649667749908,0.125921916502321,0.0,0.0,0.0,0.0,0.3220556454814534,0.17529943480898982,0.10126553706459827,0.1755580618067872,0.5078868543676041,0.6200971449602776,0.0,0.0,0.4986827671375189,0.0,0.5898801132893986,0.6173680755227816,0.0,0.4123196601269478,0.0,0.21378849932935612,0.0,0.6022709978909896,0.5557013927592307,0.13772047095767997,0.4108186701234109,0.45912065703767724,0.5041252166414301,0.822500388463766,0.6208025265903697,0.6595354146196492,0.14958731730728872,0.36799086475374126,0.1534791682597417,0.3953685468935752,0.4586847819040892,0.2953142438887624,0.5666638019173289,0.21285510669625077
0.6325122633658671,0.6824080028343561,0.45526185181239154,0.12530191840508856,0.2152525415247357,0.26758034781164813,0.11971493397721536,0.0,0.4998412263932756,0.3121846558796356,0.1339578363527466,0.38821580507443176,0.32079030904648415,0.0,0.48721116107069445,0.7859656837963935,0.5415596285694105,0.7017834309688515,0.5038577975064875,0.8061271174901619,0.3636052182308848,0.0,0.0,0.5639878483377089,0.7042248379704671,0.6787173879516974,0.3922089426965726,0.7064978300615725,0.5234789000210877,0.0,0.387502127966506,0.27400676935636803,0.5209320031081346,0.06764677194536439,0.0,0.3511778721784636,0.3728165150635077,0.4495551468977921,0.5269552374028241,0.5273978510942421,0.4849301772699438,0.13869729728337424,0.15633039446422115,0.30410452648867736,0.39263488024320126,0.7024182996385234,0.6184596787698173,0.4760160053822607,0.0,0.0,0.0,0.0,0.0,0.3819673271721053,0.20439395341977795,0.25528595522568454,0.3600666826124201,0.0,0.0,0.168126385037907,0.7280227707165726,0.49994568253138205,0.697997907572718,0.4487434307958443,0.2078259926542609,0.18554832809024244,0.7929270916589066,0.0,0.6791310342901163,0.7054061736529398,0.6486161173338049,0.0,0.4518923251927975,0.0,0.4291849128600139,0.6759314569019089
0.0,0.08612811500230708,0.0,0.4887522682838026,0.36364878567886205,0.7707595962761506,0.46840233359045286,0.9651007413093756,0.4191433453460446,0.0,0.0,0.0,0.5071356413972411,0.3756493082316531,0.5170998944996014,0.0,0.0,0.0,0.4003030576588198,0.16927458119181343,0.6565204439846717,0.0,0.0,0.0,0.0,0.0,0.6915875773015681,0.0,0.5325004575713391,0.0,0.0,0.0,0.0,0.0,0.0,0.019081483021707625,0.0,0.0,0.0,0.0,0.0,0.0,0.29016323487911105,0.0,0.0,0.0,0.0,0.40367300269728407,0.0,0.15810458085157764,0.7666937399075485,0.0,0.9178020413242522,0.4235307830090188,0.0,0.3063786488906087,0.0,0.3306313119683657,0.15181718323953525,0.6158056521900527,0.06056491486733396,0.0,0.0,0.26902644644783297,0.5224654749183734,0.6763331655545335,0.12498131584206594,0.903904768132681,0.0,0.0,0.0,0.6609896282652431,0.1527741492585227,0.5392790295821561,0.3264572343403692,0.0
0.87509094355027,0.6473928881238527,0.4033595278185773,0.00933110234684325,0.05807514590366295,0.07300562467346419,0.010828048242394306,0.0,0.21511176640223187,0.8282578525208585,0.0,0.9147761041257411,0.33906582335888386,0.08432616320236455,0.0,0.9044186365592671,0.9145092321522158,0.9561689691877652,0.19860899305870242,0.17987787479296988,0.06646509614869102,0.5639878483377089,0.0,0.0,0.9836208685386696,0.8924346027138909,0.0,0.7253900552322442,0.07144552613294242,0.0,0.7791437289478814,0.6695150069199113,0.8441622064099107,0.31336005708864445,0.12270802247630609,0.5597805136111142,0.705944805965066,0.7953989504413785,0.7731981351947165,0.8224227177881696,0.7469286101962858,0.4927614525625846,0.20453187898914604,0.5834942981601908,0.6945297523844146,0.9022395204040221,0.6501780110722383,0.24637318146652812,0.0,0.0,0.0,0.14758529934887732,0.0,0.24769809808146354,0.7844243837433532,0.091030233830874,0.9039929135204664,0.0,0.0,0.0,0.6514533513835541,0.9229547766715522,0.6406462573019301,0.28948990764312516,0.0,0.0,0.32446249840831587,0.0,0.9756225124955533,0.8988578596317359,0.9377062623001976,0.0,0.3282533759444678,0.0,0.11909546363103223,0.7877193953351651
0.8763503596384022,0.8423857853315343,0.41523514038622433,0.19641611855886487,0.19811203928381393,0.30266618697399217,0.20056412645319524,0.0,0.427043063775487,0.6926263323856271,0.0,0.8016158862596904,0.4475550747859022,0.1830855683354749,0.0,0.9429769521080972,0.8539513861175672,0.9632033978222868,0.36136060503809775,0.36104078884504565,0.2514382238761511,0.7042248379704671,0.0,0.9836208685386696,0.0,0.979021717968402,0.1295869750639828,0.7855563625623904,0.30848579614502436,0.0,0.5658517986181458,0.5803951343944732,0.759594764274712,0.13154913534854892,0.0,0.7342041974950847,0.7596103028469638,0.7536333114530911,0.7429332711334994,0.735299684162964,0.7056344919177908,0.3482173170753377,0.2759390432021514,0.5646726655275107,0.6332828132849262,0.9465869894163005,0.8305496498963857,0.3954565122589559,0.0,0.0,0.0,0.10343713640386436,0.0,0.4261086499802929,0.5968792655873241,0.14152568573444746,0.768114080120428,0.0,0.0,0.0,0.7935894513115157,0.7927651020955068,0.7173250191422936,0.38336398814470724,0.0,0.0,0.4995420841526515,0.0,0.9563043033366704,0.9470009101567278,0.9550010522779379,0.0,0.30373674232956627,0.0,0.17449849798045386,0.7521094250132911
0.8713052899800063,0.9345176220507506,0.390291429705842,0.19914616589484216,0.181506959658875,0.2517213054438885,0.22531848906930638,0.0,0.32504747956088437,0.6317480220922361,0.0,0.7506566102877442,0.4673480676668386,0.19630202319121742,0.0,0.8708914001150978,0.797724879279678,0.8724931142238699,0.25979575405270294,0.29441921438844665,0.25336848362465786,0.6787173879516974,0.0,0.8924346027138909,0.979021717968402,0.0,0.05709386377798251,0.7436048897974682,0.23863729827295516,0.0,0.5314882535653099,0.5929362599353362,0.7343115384619506,0.12114878632855518,0.0,0.6384783594668227,0.6842932984947909,0.6670992636340496,0.6698736210330104,0.6772883693330336,0.6046992168841274,0.33636033444525637,0.24489702257852858,0.5298086882566937,0.5724452583482019,0.9210945251707384,0.8293750243396666,0.26477652060919205,0.0,0.0,0.0,0.14010590814810298,0.0,0.3351399689117491,0.5567942580128065,0.07998248120595608,0.689657059316578,0.0,0.0,0.0,0.6568079399157823,0.6977278401919015,0.5535037904078961,0.254161730928274,0.0,0.0,0.424616944869014,0.0,0.8602152389133086,0.8604658524077567,0.9632131832428704,0.0,0.2261395532419895,0.0,0.06845819320698004,0.6068864594472102
0.0,0.3354775655026317,0.021874614377525848,0.6261599259771016,0.5355249688093637,0.8498903186035422,0.6041150535587972,0.559430304382979,0.7966995961765402,0.0,0.07229950523318364,0.0,0.5242380676669285,0.32581216581652217,0.8267343810022487,0.12737782567390324,0.030930327353785352,0.1898751097893744,0.6884986768241895,0.667327622887316,0.7022757517645013,0.3922089426965726,0.6915875773015681,0.0,0.1295869750639828,0.05709386377798251,0.0,0.3339980733056817,0.8995560454638165,0.0,0.0,0.0,0.0,0.0,0.0,0.14741555935073675,0.0,0.0,0.0,0.0,0.0,0.0,0.3456092628531249,0.0,0.0,0.0,0.3629075996304136,0.6968438024542128,0.0,0.0,0.6425355902845377,0.0,0.6579785761716822,0.7224173666915485,0.0,0.4194330370701983,0.0,0.14693101972628,0.0,0.7975599301065901,0.5518935268037035,0.0,0.3979720405920092,0.5125421783715555,0.6860707794085238,0.8183114459508085,0.6511030456382326,0.7866249647606419,0.0,0.21776054082975974,0.0,0.667137898349673,0.4006379054262713,0.46621247779314234,0.5840519650137787,0.1256251301994078
0.5527027852904859,0.6590016682634512,0.3726635738762933,0.3803163272579564,0.334484767957414,0.45236476048112645,0.3790169865423618,0.0,0.5193199973663232,0.6502945781103842,0.0,0.7023603877302879,0.6492653024760323,0.2624152499073061,0.18481469671252804,0.7670625822503169,0.8077247652841767,0.8467771338518075,0.4748608214878789,0.5133435405136845,0.29340309069988163,0.7064978300615725,0.0,0.7253900552322442,0.7855563625623904,0.7436048897974682,0.3339980733056817,0.0,0.5293226528587371,0.018061337114889515,0.40189354624846,0.4589267512711534,0.555008623425816,0.06966911213969339,0.0,0.5994981002487495,0.6426180098114458,0.6537425678317765,0.5918868129616678,0.4909899079375061,0.5013822366974721,0.2690204236575489,0.3321380494579132,0.4813866496410216,0.5568771228251528,0.6635070741723513,0.5957011104393201,0.40693249081150407,0.0,0.0,0.0,0.1163025327023987,0.0,0.4417915088030784,0.5045574627453884,0.1660323089791944,0.6689242464716287,0.0,0.0,0.0,0.6875968649277415,0.6899354993408988,0.6257079475585325,0.41545871816134394,0.0,0.05896084156035516,0.5026479656749353,0.0,0.7837945494157845,0.7331506887009618,0.6524705564650235,0.0,0.5338746548191128,0.0,0.33857529900974104,0.6649659030572238
0.0,0.4245306441096995,0.0,0.5513909644802174,0.46475987853043543,0.8160315922075451,0.5310708444507519,0.4807809256061202,0.7346588948030739,0.0,0.0,0.0,0.6324531346665773,0.22301341710872205,0.8188550173790277,0.29170565027562456,0.20362220764858122,0.3720584843924773,0.6192002537206744,0.8037360733217898,0.7526433072840001,0.5234789000210877,0.5325004575713391,0.07144552613294242,0.30848579614502436,0.23863729827295516,0.8995560454638165,0.5293226528587371,0.0,0.0,0.0,0.0,0.0,0.0,0.0,0.17545557418100882,0.09182722509991459,0.1287722323761476,0.0,0.0,0.0,0.0,0.2388448131630155,0.05589472127588508,0.06073661625975037,0.12775616019981423,0.45752886331774983,0.6068257362857589,0.0,0.0,0.5642140307354343,0.0,0.566196218698329,0.5943818084413561,0.0,0.26787244006828004,0.0,0.27026350723481407,0.0,0.7418118720336095,0.6835760937703936,0.1484862696467592,0.6231575763938633,0.44276680881783415,0.6380298922446086,0.7422677807554292,0.7345436648815504,0.654538161602325,0.23501647673445134,0.40695383570203914,0.09203691915665982,0.5160139620268581,0.5612807756626009,0.4068325348683319,0.6427612103035761,0.29934713555957404
0.07618552276388527,0.0,0.04892714538827762,0.0,0.0,0.0,0.0,0.0,0.0,0.11856905661109009,0.0,0.13105390836725342,0.0,0.0,0.0,0.0,0.0,0.0,0.0,0.0,0.0,0.0,0.0,0.0,0.0,0.0,0.0,0.018061337114889515,0.0,0.0,0.37492450827466695,0.23285000279192317,0.03018976504061513,0.3903728065096669,0.5201899624404691,0.0,0.0,0.0,0.050699351989550855,0.08886813227740233,0.0705873794871756,0.2506036985613648,0.0,0.0,0.01746314840826382,0.0,0.0,0.0,0.14360438139139,0.0,0.0,0.10825389021425624,0.0,0.0,0.20347767894678284,0.0,0.17485381980969122,0.012256282793950777,0.11853266974617749,0.0,0.0,0.0,0.0,0.0,0.0,0.0,0.0,0.0,0.0,0.0,0.0,0.0,0.0,0.0,0.0,0.0
0.7857060256074544,0.16893358840638414,0.48578081070432644,0.0,0.0,0.0,0.0,0.0,0.0,0.6780991486409905,0.2367757565347405,0.7773072761232009,0.0,0.0,0.0,0.6180409464269568,0.5707323827547255,0.5149334197541078,0.0,0.04761206091929302,0.0,0.387502127966506,0.0,0.7791437289478814,0.5658517986181458,0.5314882535653099,0.0,0.40189354624846,0.0,0.37492450827466695,0.0,0.6372339386975908,0.7513869183558034,0.6630961541178964,0.5406575215372306,0.3098800757861892,0.398295646564749,0.5532002699001617,0.6763441001661876,0.8075098276386696,0.6628150352946901,0.6608506035173399,0.0,0.3877641496245654,0.5100705033615301,0.6868807617437133,0.20393689547178398,0.0,0.2160283472184997,0.0,0.0,0.2458701062625462,0.0,0.0,0.7354240031438969,0.04651866890291891,0.8094337573291067,0.0,0.0,0.0,0.18176965190537953,0.6891367968521307,0.31724895854152657,0.15091222073137528,0.0,0.0,0.033319323062183645,0.0,0.7364868230372202,0.5420846948975475,0.73728969794431,0.0,0.19804457724954244,0.0,0.0,0.656779063352471
0.6504088858683453,0.4032557268556422,0.3967018265058113,0.0,0.0,0.0,0.0,0.0,0.0,0.7155692123441699,0.0,0.7188216563644138,0.1828758680722114,0.054222692810443646,0.0,0.5320717628485545,0.6347100977745104,0.5675545561582146,0.02774684191452509,0.0,0.0,0.27400676935636803,0.0,0.6695150069199113,0.5803951343944732,0.5929362599353362,0.0,0.4589267512711534,0.0,0.23285000279192317,0.6372339386975908,0.0,0.6768306367627458,0.40360577527006536,0.38341927315867214,0.6193105185361703,0.6790216016104197,0.6243791933659341,0.7686650367428451,0.6299382396165973,0.6465352129079408,0.6504879025420242,0.06973266509835145,0.49957870308048796,0.5234660590695944,0.5782000024232038,0.3534014998851443,0.0,0.30310404578058636,0.046838659882698995,0.0,0.3726000323821548,0.0,0.0,0.7267857065955565,0.0,0.6609514359807287,0.0,0.0,0.0,0.21265480389467406,0.5941583844015484,0.1271937473605017,0.07052560757119868,0.0,0.0,0.0,0.0,0.572848576794543,0.44374528293499577,0.6327240516614042,0.0,0.0,0.0,0.0,0.47553276273298645
0.8697362433585584,0.499234893623838,0.5008066577410143,0.0,0.029335980755155068,0.0,0.0,0.0,0.09562360848021731,0.7012047127612954,0.16505319279212075,0.767320978100908,0.20794348007917884,0.0,0.0,0.7721688365903853,0.7003674585722247,0.7340585386523881,0.0993022887411067,0.0742458934037354,0.0,0.5209320031081346,0.0,0.8441622064099107,0.759594764274712,0.7343115384619506,0.0,0.555008623425816,0.0,0.03018976504061513,0.7513869183558034,0.6768306367627458,0.0,0.5643532574454517,0.3586500646111729,0.40601590299165397,0.5140112976914626,0.6762494419088125,0.7842775891144439,0.9488062275437714,0.8602225524324056,0.6272104822752612,0.05490396874777664,0.4557421456484209,0.6060351492621174,0.8119706337204825,0.5179363926481341,0.1353560109047887,0.12433659693859973,0.0,0.0,0.2893743420373569,0.0,0.10345149830507575,0.6871263304910481,0.1369792732040108,0.7745811711410061,0.0,0.0,0.0,0.44743408203240115,0.7325997615641828,0.47311276181393946,0.2230651403715337,0.0,0.0,0.16162313839144904,0.0,0.8143092677197986,0.7342681690129409,0.8708234677187277,0.0,0.16179545740633428,0.0,0.0,0.6690550914783462
0.4599159741061,0.0,0.24080246853663811,0.0,0.0,0.0,0.0,0.0,0.0,0.30009326931279245,0.18896738446750252,0.402572952643401,0.0,0.0,0.0,0.22447368489246988,0.1515027398997771,0.12467205920143533,0.0,0.0,0.0,0.06764677194536439,0.0,0.31336005708864445,0.13154913534854892,0.12114878632855518,0.0,0.06966911213969339,0.0,0.3903728065096669,0.6630961541178964,0.40360577527006536,0.5643532574454517,0.0,0.658201263317799,0.0,0.04216207554722407,0.20782916769996865,0.32772857106323466,0.5714796511092353,0.6107029346048487,0.5377720141166316,0.0,0.0,0.21888735888700447,0.28171419670165326,0.0,0.0,0.3319428535863161,0.16023285893351677,0.0,0.38015534847001803,0.0,0.0,0.39741130089063686,0.0,0.4571880118829688,0.14478823041561126,0.20283208257803922,0.0,0.0,0.2399531605660992,0.0,0.0,0.0,0.0,0.0,0.0,0.275038642520043,0.0705531130692359,0.3059048449938519,0.0,0.0,0.0,0.0,0.15123007014537462
0.2765095292143433,0.0,0.1137989990958809,0.0,0.0,0.0,0.0,0.0,0.0,0.17829677169644415,0.06875314382412394,0.24394752270250544,0.0,0.0,0.0,0.028693892026564007,0.0,0.0,0.0,0.0,0.0,0.0,0.0,0.12270802247630609,0.0,0.0,0.0,0.0,0.0,0.5201899624404691,0.5406575215372306,0.38341927315867214,0.3586500646111729,0.658201263317799,0.0,0.0,0.02194027453785587,0.0,0.27612232741909143,0.361052647887991,0.2906972360376639,0.5785236286016767,0.0,0.0,0.03966486804893108,0.09952913141144047,0.0,0.0,0.3867409643983172,0.14755027289157951,0.0,0.3203092568456815,0.0,0.0,0.2918293014091428,0.0,0.2783863808750434,0.0381047546597914,0.2285738206065931,0.0,0.0,0.04453212627795599,0.0,0.0,0.0,0.0,0.0,0.0,0.06594047030482283,0.0,0.12798527140683622,0.0,0.0,0.0,0.0,0.0
0.44976940123072084,0.6054760245815325,0.46022884787207013,0.5530349548431942,0.17932686395679479,0.326632275710542,0.4161539886182274,0.0,0.3866735568199719,0.7430012910093825,0.028676627518896297,0.5935704053576968,0.4154302003097923,0.40228591774592104,0.0,0.6137511631237179,0.770466846972432,0.6496303367782066,0.43758625307395727,0.16367042826371742,0.27379058323694666,0.3511778721784636,0.019081483021707625,0.5597805136111142,0.7342041974950847,0.6384783594668227,0.14741555935073675,0.5994981002487495,0.17545557418100882,0.0,0.3098800757861892,0.6193105185361703,0.40601590299165397,0.0,0.0,0.0,0.8425863686492863,0.6449123361542198,0.5108540014253019,0.3215243800593476,0.38040561970623826,0.17658078684725015,0.5413151417300314,0.63340442704648,0.5093838979788591,0.6043042712225101,0.6695811667908101,0.3795488392842934,0.08341165467332272,0.040823362617454804,0.0,0.17277419231636995,0.0,0.4711143930409842,0.634945169979106,0.2632134902083651,0.5180879271058073,0.0,0.0,0.0,0.5451016318580689,0.6167617336122774,0.24508479117042256,0.368659238797358,0.0,0.038020129276504666,0.21206637791463953,0.0,0.5056246711368859,0.6086653079541818,0.5736057071221847,0.0,0.1436449708052555,0.0,0.015999659828302534,0.4950942400699077
