0.0,0.6685812833763992,0.5560342883013223,0.0,0.032069701177597644,0.0,0.0,0.0,0.12945974264394752,0.6461011128751656,0.2208001767228149,0.7859609172471927,0.2032434133935835,0.0,0.0,0.8362011199953111,0.6876182763463172,0.7594584789162164,0.12246682073865092,0.18436292064586468,0.09990280356147346,0.6343181247089372,0.0,0.8690869381288033,0.8728903244593096,0.852172679386565,0.0,0.5597204178461942,0.0,0.07787838505565343,0.7696527663387408,0.647380719227102,0.8511927481994507,0.4493429753688169,0.3053569427285574,0.4363722305812164,0.5960973943517139,0.6684705849357165,0.7450623199095777,0.877917847199668,0.7682592256059835,0.5514918696706077,0.05016293875104664,0.5025903855770376,0.593149882144398,0.9307902262947461,0.6598305042778186,0.1836030558983513,0.0,0.0,0.0,0.18661175676022668,0.0,0.17632614373138739,0.6257499649122743,0.15316670107426783,0.7398037683589347,0.0,0.0,0.0,0.48539621032805497,0.7344481899339815,0.4900445645781397,0.27089523973547125,0.0,0.0,0.2725855939640045,0.0,0.8476087413610707,0.816142466095045,0.98754457406779,0.0,0.1333810811095108,0.0,0.0,0.6596790375150388
0.6685812833763992,0.0,0.33547238875180513,0.40218692626779384,0.31770804255929874,0.5294818223412812,0.43269693786217617,0.0,0.4937641153461536,0.4280807132612285,0.029983529441551464,0.47498580864515527,0.5986032676597204,0.3175825433867396,0.23206606454101406,0.7232229587338089,0.6626346610514334,0.7243698969078172,0.39127673454728307,0.4094851158370036,0.4689047814282478,0.6821211077175485,0.08566249005424953,0.6291754816622295,0.8420333723579406,0.9210406692500058,0.3373685061634538,0.668138283245151,0.43764783748770864,0.0,0.16693257273354659,0.3860141768577175,0.49143337847864815,0.0,0.0,0.5904706242105425,0.5653650602047592,0.5067272673906148,0.44608905782489516,0.4460120952015291,0.43030631810251535,0.034236783280779566,0.3356935673894986,0.4877522808044673,0.4349384973227221,0.7322527491699489,0.8473471099710952,0.3909111341657476,0.0,0.0,0.0,0.048471071159970736,0.0,0.47871292056681614,0.29981216635846475,0.17869530322595528,0.3998667008061326,0.0,0.0,0.0,0.6370208044705197,0.4744456618043801,0.4379032685013379,0.29418591686544265,0.0,0.1730657086176462,0.47684750769534356,0.0,0.6171713248559303,0.6996497889865029,0.7573765650749099,0.0,0.1569623795077302,0.0,0.09888448746147407,0.4116958534454396
0.5560342883013223,0.33547238875180513,0.0,0.0,0.21470694008975,0.0013493839459315755,0.0,0.0,0.3978696499114363,0.3887214076214697,0.673508243743017,0.39162966908095825,0.12276567481711263,0.0,0.0,0.5336902348010925,0.3951285620707665,0.4297489013499977,0.4695860349002079,0.08955597028244437,0.06585006335587788,0.4480919129222931,0.0,0.3975021769876433,0.42425773954389484,0.39161352248465053,0.0009209137072210364,0.36356132468805163,0.0,0.0492482454740908,0.471202873695673,0.3704848497241056,0.5030323348593033,0.2394283668872527,0.11754684518717669,0.4216900785369082,0.344610051550155,0.438659966438834,0.4642849844953243,0.522848254251751,0.5015486415543244,0.2960145285029917,0.18657174441763036,0.36025446829110946,0.4374377714859844,0.6357240532355313,0.4034002268674353,0.5188496091414841,0.05335388910806303,0.0,0.0,0.12022597907427404,0.0,0.45154518018363543,0.35814132596373865,0.5944469105849896,0.33885882038831344,0.0,0.0,0.0,0.28973778495577324,0.399678483489943,0.1612000469715545,0.5817173111042613,0.0,0.0,0.15541737995377014,0.0,0.3650495625616604,0.44894600463079026,0.47474700474999226,0.0,0.0,0.0,0.0,0.43056434465016125
0.0,0.40218692626779384,0.0,0.0,0.4065176604310116,0.646892957021645,0.7951100783884989,0.39199046204885346,0.5575316911808194,0.14084544083824613,0.0,0.016679612888109242,0.5049964872078614,0.6089019333554462,0.36930686816872244,0.14324143717290475,0.3066935586319563,0.24150964371777053,0.511512694023796,0.3000728279041991,0.5216233347965008,0.13004305704484026,0.4964861852822763,0.007602176017586862,0.18942156954615746,0.19753104575483676,0.6171148609134539,0.3814915507813549,0.5250980023107693,0.0,0.0,0.0,0.0,0.0,0.0,0.5515088045712938,0.37754313833220343,0.20183848807881946,0.0,0.0,0.0,0.0,0.5276578660557465,0.26902449791102767,0.14661694259766533,0.021150267572744165,0.4688954094986698,0.43986615405608726,0.0,0.06947372023183397,0.24319976007520708,0.0,0.40195866740344566,0.6129304580664956,0.016688657371423315,0.2586597467854941,0.0,0.0,0.0,0.35598973867828543,0.46676083484531355,0.09145098441040363,0.12929593513092041,0.3118175805599619,0.17669476572738604,0.5719765567579537,0.30625129510076804,0.46664019164408455,0.026588108597149118,0.18634184956576905,0.0,0.1772281732907079,0.1645540542040776,0.017609972727291846,0.1993085088207498,0.0906681635963861
0.032069701177597644,0.31770804255929874,0.21470694008975,0.4065176604310116,0.0,0.5461299057811734,0.6285102393820536,0.20725124671915918,0.5589683712647949,0.027821310583091514,0.34316281524007713,0.035266806170592586,0.6148930482208586,0.3402699277592666,0.3015449651669749,0.18834720796336699,0.13787814487813507,0.20724793683846163,0.33590681069927986,0.1891641134480774,0.2968548567032024,0.20921474380957483,0.3524837236678043,0.053126343014269745,0.2005980490612301,0.1905155490489592,0.5193319953540754,0.3332593560184176,0.4516910258004475,0.0,0.0,0.0,0.032791805626614004,0.0,0.0,0.16480079671570194,0.08085393579791421,0.1436322842539108,0.06275699873162503,0.0361679908414798,0.09285605596368386,0.0,0.2109936016494556,0.03685625497904356,0.10474315919779487,0.10398343147680307,0.3499129036222006,0.4759873678436856,0.0,0.2640395441817136,0.21705880250778736,0.2584513909041273,0.2915160953493897,0.5599742338350818,0.0,0.4314963550941215,0.023400876973499473,0.1688575978567656,0.0,0.26284512218755646,0.32357898378240313,0.11783668735023951,0.20225255772959208,0.2898280607110338,0.13783597219883226,0.29564318924576805,0.2282776585529923,0.3306753578139974,0.0782162849340789,0.21211705876696715,0.08805217553396333,0.17646452582272987,0.2021804887464718,0.03077150307758708,0.16736580825198882,0.11076541043317993
0.0,0.5294818223412812,0.0013493839459315755,0.646892957021645,0.5461299057811734,0.0,0.6813356338983685,0.6714333102922556,0.7343602286563943,0.0,0.0,0.07832949727025712,0.8292858941704198,0.4169997985956273,0.5952486269704265,0.2636820563671454,0.2823162683415609,0.3747187143177682,0.5776723120777717,0.4219622351608952,0.6600505536430723,0.2566575751545849,0.7591253883871062,0.06205493922260157,0.3044450390321925,0.25422763552146893,0.8361212571498912,0.45094144837647526,0.802289510208683,0.0,0.0,0.0,0.0,0.0,0.0,0.2968451288461581,0.18074568001215607,0.12422255701467007,0.0,0.0,0.0,0.0,0.38986600149883344,0.1315119623040827,0.027421689584520206,0.06594951009648356,0.4179013575887673,0.5933779369597425,0.0,0.0,0.5278057570011623,0.0,0.6726842069515437,0.6237012051142374,0.0,0.3160254181999626,0.0,0.10015861117824965,0.0,0.5837939007245062,0.492029930479722,0.08156079490099326,0.35311487729658775,0.37197994617402175,0.39058647340075,0.6340852343292209,0.4159963267957283,0.6862308695121758,0.1306870887506546,0.25430050911594004,0.0,0.40730729774240176,0.2941071305803549,0.23520225227434644,0.4092602257354995,0.06532135835401114
0.0,0.43269693786217617,0.0,0.7951100783884989,0.6285102393820536,0.6813356338983685,0.0,0.3397971899905749,0.48212041914641246,0.04027591758906568,0.0,0.005733630923891537,0.6601057449478408,0.48669657028976404,0.31143707149108624,0.14050227812167898,0.23325437047531894,0.24655398937837905,0.3261417060167037,0.19193176297730455,0.3848299289490855,0.11670894714539033,0.4631160585458327,0.008977184125460395,0.20957900730822318,0.2343459674990029,0.5940223531153572,0.3775850315407498,0.5237217542092758,0.0,0.0,0.0,0.0,0.0,0.0,0.39454567028957344,0.24666803495595369,0.12707861023972516,0.0,0.0,0.0,0.0,0.37832092757401153,0.1514881567040814,0.05890618598234763,0.0,0.3749871444899798,0.3102661346069814,0.0,0.20441200226012002,0.22988736545092203,0.09509872931871839,0.4026988207762475,0.4624430512601671,0.0,0.13378424187660948,0.0,0.0,0.0,0.328969511539985,0.3501210262273418,0.0,0.07589817606668642,0.1489357614041396,0.15617947725906564,0.4163087246112166,0.18047728077120154,0.41446339216709105,0.011950916203603647,0.12519515396885036,0.0,0.20771321000466655,0.05375955291685217,0.06497268349877129,0.08850049124685883,0.0
0.0,0.0,0.0,0.39199046204885346,0.20725124671915918,0.6714333102922556,0.3397971899905749,0.0,0.3070854992847593,0.0,0.0,0.0,0.41179354250201894,0.3191534308909722,0.4422755723690452,0.0,0.0,0.0,0.2935242127026243,0.11810936628528754,0.5958671352505367,0.0,0.9451283283291239,0.0,0.0,0.0,0.5562693888680641,0.0,0.4683667359134569,0.0,0.0,0.0,0.0,0.0,0.0,0.0,0.0,0.0,0.0,0.0,0.0,0.0,0.21567320602180684,0.0,0.0,0.0,0.0,0.2856391659602079,0.0,0.10402290670765321,0.7647637709353361,0.0,0.9113339603834575,0.26307383047235433,0.0,0.19776792618981523,0.0,0.3469765393099199,0.18869073003922654,0.5761991730086234,0.0,0.0,0.0,0.1364703667479897,0.5034163973314689,0.6134509705416301,0.04618754348888787,0.8538708719041305,0.0,0.0,0.0,0.6440128358933846,0.1144403491776257,0.5751199052624639,0.2575047722292341,0.0
0.12945974264394752,0.4937641153461536,0.3978696499114363,0.5575316911808194,0.5589683712647949,0.7343602286563943,0.48212041914641246,0.3070854992847593,0.0,0.05970600453845749,0.284073125542836,0.05215203020284672,0.5073300819101791,0.2564041548134021,0.6019031515156033,0.4299013012402262,0.33894371971149584,0.5104213279505393,0.7807382601612618,0.5852405384367209,0.639173910069727,0.5025514565180682,0.41029259618320746,0.21247879570551095,0.44392743265592444,0.3324137021560191,0.7802161401983444,0.522015223860471,0.7399120165468092,0.0,0.0,0.0,0.09841058202194569,0.0,0.0,0.3570008702765948,0.2512100106409328,0.39380293010728457,0.1055957902530867,0.08044202229088576,0.173634079658984,0.0,0.4375587400337165,0.2298667938902633,0.27520628882645665,0.3670950467316774,0.6513319036653287,0.8443694657370273,0.0,0.0,0.25502912183920573,0.0,0.40189498695846015,0.8959189667687962,0.0,0.6089660352148034,0.028159178324180054,0.0,0.0,0.5002617209782088,0.7175012651465169,0.23372649743910343,0.5260478142072909,0.6761301809864331,0.3156906488197581,0.6956758715822118,0.6537323667336665,0.49195574001993464,0.3050610030982537,0.5352505973920904,0.21421310707188337,0.2033103919137901,0.3652653231179402,0.03564173829646681,0.4689457433551769,0.40167280027924324
0.6461011128751656,0.4280807132612285,0.3887214076214697,0.14084544083824613,0.027821310583091514,0.0,0.04027591758906568,0.0,0.05970600453845749,0.0,0.0,0.8926810480374383,0.2772507831539574,0.20730603527643088,0.0,0.5840159188655722,0.8458545863986878,0.6801699377551432,0.16187010128796955,0.03778291400312625,0.0,0.3117952444478498,0.0,0.7952370284565002,0.6840778962011129,0.6261743828707141,0.0,0.6511615737250512,0.0,0.10894107439121621,0.6708359688560882,0.6911186001378041,0.6901922435870887,0.31144876713329983,0.1746977305136467,0.7269609431601999,0.8109799812921122,0.7816317555155153,0.695691225707371,0.6097079091355253,0.6554233638381299,0.5600153056342424,0.2601195745164579,0.5789842878230775,0.7056591118935623,0.6733478256300376,0.4502032004577279,0.15804275249813451,0.15112583282442468,0.0,0.0,0.2936548987075163,0.0,0.1547558642175918,0.9531512134003737,0.05645214469366333,0.8450948404895395,0.0,0.0,0.0,0.396595550888218,0.81257758621023,0.2953694090930654,0.25643433633434726,0.0,0.0,0.08294844296363275,0.0,0.7076133903080774,0.6099030672654737,0.6669294004625312,0.0,0.25329464222712234,0.0,0.0,0.6055776158516127
0.2208001767228149,0.029983529441551464,0.673508243743017,0.0,0.34316281524007713,0.0,0.0,0.0,0.284073125542836,0.0,0.0,0.0,0.0,0.0,0.025217680429328964,0.08570307070014963,0.0,0.0,0.21489439588301892,0.0,0.0,0.13053563252992065,0.0,0.0,0.0,0.0,0.06752337706280503,0.0,0.0,0.0,0.23706530568383868,0.0,0.1704503771144223,0.19397202471557365,0.07310609076664633,0.011088090791382076,0.0,0.05636812438270089,0.056846702600728716,0.22788012265534865,0.17013598713464848,0.0,0.042155791594589376,0.054392698501549014,0.09978367889721697,0.20363081840890634,0.11383953702647796,0.3653237560185656,0.03819435222342687,0.17202327341792958,0.0,0.14111125143104397,0.0,0.36717806429778344,0.03185560191936376,0.6832938996104247,0.0,0.0,0.0,0.0,0.0,0.046387060042255505,0.0,0.32510590305107545,0.0,0.0,0.0,0.0,0.004743506704620113,0.026192687829816107,0.09739517095446497,0.0,0.0,0.0,0.0,0.06888793133492177
0.7859609172471927,0.47498580864515527,0.39162966908095825,0.016679612888109242,0.035266806170592586,0.07832949727025712,0.005733630923891537,0.0,0.05215203020284672,0.8926810480374383,0.0,0.0,0.3837157618300388,0.1428841876221795,0.0,0.7199224347964559,0.886969077401449,0.7903475736291908,0.08421575164214952,0.022441419626568506,0.0,0.37502607044189784,0.0,0.9216339827807345,0.7689094567968683,0.7318415839652878,0.0,0.6951079553185163,0.0,0.12613539699881648,0.7856488570460918,0.7002769551843572,0.7919056992752925,0.43783868432602974,0.2924729880811909,0.5931170528857496,0.7009448183243664,0.7510749675019324,0.689933132404519,0.7082100127401599,0.6662521420813133,0.5566187995139422,0.22177325558615035,0.532821256052715,0.6616529521326238,0.7317943050637359,0.4000450258671374,0.1014146834064811,0.11849593839878646,0.0,0.0,0.27856888999974994,0.0,0.08189681235664692,0.8505321927755318,0.030635413043219532,0.9797581512385446,0.0,0.0,0.0,0.4056952113258312,0.8506380831328962,0.4006574744511238,0.1645400838850937,0.0,0.0,0.07940151075770932,0.0,0.8266033300908401,0.6498886125745019,0.7512546666279611,0.0,0.2841411934982594,0.0,0.004989884929713462,0.6447580826909481
0.2032434133935835,0.5986032676597204,0.12276567481711263,0.5049964872078614,0.6148930482208586,0.8292858941704198,0.6601057449478408,0.41179354250201894,0.5073300819101791,0.2772507831539574,0.0,0.3837157618300388,0.0,0.42058510816267114,0.26568364723043264,0.43048548007376564,0.47241233623974943,0.4979120264509493,0.3676496743461083,0.2541798265407224,0.4297942667824339,0.3180015047775618,0.4963643369509021,0.3350809565372679,0.457308068802714,0.4702664486600259,0.5163180319859727,0.6426141622873742,0.6235622559799446,0.0,0.0,0.1619134333043995,0.20486015248037023,0.0,0.0,0.3848985922722106,0.3414370020294152,0.29510730189264855,0.17607386617748086,0.1126458270762048,0.19551347813808845,0.0,0.30675073301790723,0.18394963188329239,0.24459931478407548,0.27531794087381034,0.3913858559753027,0.3811257352267861,0.0,0.1114924344177331,0.18168434123053548,0.284791135250189,0.3598236088761015,0.3872505716712414,0.13030980722275473,0.1920671211327382,0.3217062189270907,0.1972729999555992,0.0,0.20387825354463102,0.4073041515412003,0.295130103703968,0.29358275324320016,0.23630610348035988,0.06114674384700645,0.2433024541878814,0.20617989006722975,0.32789993901957204,0.35231525960757903,0.33422199546787257,0.27767919133759467,0.059390013909904636,0.28575831430150417,0.0,0.2134004208574267,0.17025185555820432
0.0,0.3175825433867396,0.0,0.6089019333554462,0.3402699277592666,0.4169997985956273,0.48669657028976404,0.3191534308909722,0.2564041548134021,0.20730603527643088,0.0,0.1428841876221795,0.42058510816267114,0.0,0.1332127643838752,0.06254997833628598,0.21886673167604728,0.1650672501498497,0.17610934199408157,0.04378384414112856,0.29934526508014614,0.0,0.3652069871214911,0.07755234969491746,0.1987574182230366,0.19770278650861137,0.31699532281655113,0.2739026788265699,0.2198327039285094,0.0,0.0,0.05515732094583451,0.0,0.0,0.0,0.3938174755303737,0.3672722405282296,0.12421170338114722,0.04249091855007006,0.0,0.0,0.0,0.4446475067592663,0.17700146938332673,0.07003977471143413,0.034408032381002936,0.28392917138565377,0.14860417975346282,0.0,0.35872791651572367,0.10763553321269052,0.27806817729562694,0.2672016422955925,0.3169496852325435,0.12375567232546952,0.1375760634139585,0.09960508531300931,0.0,0.0,0.14108162806276286,0.17142309647789064,0.07478743166431877,0.0,0.06717382977644441,0.02760800974272171,0.23873745732052287,0.07032089577211184,0.26506220392590424,0.04109098542106739,0.0912795544879774,0.06071632369853888,0.04874741931337703,0.15464062355726563,0.0,0.1119302468384047,0.0
0.0,0.23206606454101406,0.0,0.36930686816872244,0.3015449651669749,0.5952486269704265,0.31143707149108624,0.4422755723690452,0.6019031515156033,0.0,0.025217680429328964,0.0,0.26568364723043264,0.1332127643838752,0.0,0.03967749504731107,0.0,0.026477128339276877,0.5371875007419217,0.7629851059074159,0.6967190534027822,0.4739589003104609,0.5140204885159024,0.0,0.0,0.0,0.8209136064639374,0.18601169276328416,0.8158077854004635,0.0,0.0,0.0,0.0,0.0,0.0,0.0,0.0,0.0,0.0,0.0,0.0,0.0,0.22598704004120274,0.0,0.0,0.0,0.2803869123757148,0.5176471364396397,0.0,0.0,0.6656012364829302,0.0,0.535341478605797,0.4886579169234243,0.0,0.3338634927833959,0.0,0.28091902732161766,0.0,0.8931059155680025,0.46612713956870044,0.0,0.4193815477207046,0.3636847821551728,0.8117786074218678,0.807759616844043,0.7490911210868798,0.7048801268586629,0.0,0.16283030232673512,0.0,0.6813595894919872,0.48450085162111134,0.5913994845387478,0.6078397871851209,0.1209347498775845
0.8362011199953111,0.7232229587338089,0.5336902348010925,0.14324143717290475,0.18834720796336699,0.2636820563671454,0.14050227812167898,0.0,0.4299013012402262,0.5840159188655722,0.08570307070014963,0.7199224347964559,0.43048548007376564,0.06254997833628598,0.03967749504731107,0.0,0.8266057536663814,0.9448472883915191,0.39370872653339245,0.37951831469235064,0.14847436262794628,0.8006402489535188,0.0,0.8545824803623252,0.9289694330935715,0.8406703301307101,0.1304830200395414,0.7647888103675108,0.30965027811495865,0.0,0.6187117550993366,0.5189558339556152,0.7507156637613723,0.23406983383745564,0.03223557979778952,0.6190447748665471,0.57793611350164,0.6979563463426063,0.6773885985007718,0.7549889792020097,0.7556625800421649,0.3533503780638,0.2571750484410912,0.5526025289717045,0.5916666959362001,0.9403739226282257,0.6886422692933141,0.4017686055505656,0.0,0.0,0.0,0.0,0.0,0.39339809626904737,0.485851636335053,0.20127317086348012,0.6805035978756978,0.0,0.0,0.0,0.7349191327077946,0.737922755005297,0.6768712152807521,0.420241280970701,0.0,0.0,0.4843896581199864,0.0,0.8822138607053143,0.8428801948233152,0.8362802495927508,0.0,0.30631097754375597,0.0,0.19772741453510315,0.7584985768792684
0.6876182763463172,0.6626346610514334,0.3951285620707665,0.3066935586319563,0.13787814487813507,0.2823162683415609,0.23325437047531894,0.0,0.33894371971149584,0.8458545863986878,0.0,0.886969077401449,0.47241233623974943,0.21886673167604728,0.0,0.8266057536663814,0.0,0.9127722813680388,0.3591528261552532,0.266612141905239,0.1660396334017789,0.5642339417946032,0.0,0.8915169499118025,0.8566192516439141,0.7889253838454595,0.039150772811281855,0.8040365919380983,0.22283710377945787,0.0,0.5850234897249372,0.6189610742498722,0.6919390136528548,0.15542259002078707,0.0,0.7539521360778807,0.7752716694803712,0.8742511034408181,0.6682995166347805,0.6205998439246974,0.6606477200468551,0.49458420680306797,0.40653662630047493,0.6818987016873106,0.7530936941495915,0.7978020569803121,0.5987540959532139,0.3538609875309567,0.0,0.0,0.0,0.04391518038763815,0.0,0.3474433460473754,0.735778742322279,0.13382636807845238,0.8023345803910844,0.0,0.0,0.0,0.6625307822830897,0.8798684834141005,0.5494707926097631,0.3481285367704501,0.0,0.0,0.3420739739790141,0.0,0.822192489706659,0.7462994857059952,0.7282327402259018,0.0,0.34374000965845036,0.0,0.141387862671033,0.7190712304924965
0.7594584789162164,0.7243698969078172,0.4297489013499977,0.24150964371777053,0.20724793683846163,0.3747187143177682,0.24655398937837905,0.0,0.5104213279505393,0.6801699377551432,0.0,0.7903475736291908,0.4979120264509493,0.1650672501498497,0.026477128339276877,0.9448472883915191,0.9127722813680388,0.0,0.41498064552137104,0.4017100876644222,0.1990630846719417,0.7316467874578877,0.0,0.91805894100102,0.9610490891408394,0.861415430014206,0.20682313358140536,0.8485478879155078,0.3955727844532825,0.0,0.5143147166571556,0.5498365245019637,0.7231002731954173,0.12927889500165018,0.0,0.6570023186398459,0.6520785245254477,0.7645507019522874,0.746419323446004,0.689123986888355,0.7246645944443905,0.39463739811924625,0.29786635534934647,0.5702791629127995,0.6645217550439184,0.8949762197452966,0.7207490507728472,0.41130439731676877,0.0,0.0,0.0,0.025367256852035513,0.0,0.45125110435108795,0.5460834679450716,0.14300270494636455,0.7484140607229128,0.0,0.0,0.0,0.8054640861297291,0.792463543428818,0.734253701315051,0.395502714590286,0.0,0.0,0.5252140737451986,0.0,0.8924142551289024,0.8878948364206629,0.8085182234405643,0.0,0.3712239180595354,0.0,0.2441930255466884,0.7643424091994669
0.12246682073865092,0.39127673454728307,0.4695860349002079,0.511512694023796,0.33590681069927986,0.5776723120777717,0.3261417060167037,0.2935242127026243,0.7807382601612618,0.16187010128796955,0.21489439588301892,0.08421575164214952,0.3676496743461083,0.17610934199408157,0.5371875007419217,0.39370872653339245,0.3591528261552532,0.41498064552137104,0.0,0.5818655364292509,0.5723908424322619,0.4888194779022322,0.3932491571216504,0.1864957627876444,0.357454998551924,0.26006953682844514,0.6632364855584167,0.4726822272030509,0.6147381564162328,0.0,0.0,0.02205744148745705,0.1022616949662144,0.0,0.0,0.405909395087956,0.30221636094245247,0.3784532080084121,0.22481201636619577,0.06149818863675794,0.14987449057324181,0.0,0.49123397620855036,0.32731171428434813,0.2522480278430766,0.36838155996247046,0.5308479606836625,0.793492350391419,0.0,0.0,0.12855512044423625,0.0,0.29743864780853313,0.7209415310567547,0.016112295953661683,0.5698552656777792,0.009647164044961003,0.0,0.0,0.3314620662667307,0.6508682148816626,0.22703718594793162,0.4187476090826576,0.8363914961097475,0.2206729375336596,0.5828073023352703,0.5819197474818084,0.38662098357114305,0.2733104919164749,0.45458368512494446,0.18166108644104115,0.0895093058302242,0.35461491395714145,0.0,0.4478663287773176,0.4520572929372455
0.18436292064586468,0.4094851158370036,0.08955597028244437,0.3000728279041991,0.1891641134480774,0.4219622351608952,0.19193176297730455,0.11810936628528754,0.5852405384367209,0.03778291400312625,0.0,0.022441419626568506,0.2541798265407224,0.04378384414112856,0.7629851059074159,0.37951831469235064,0.266612141905239,0.4017100876644222,0.5818655364292509,0.0,0.6287475935748547,0.7949951200286431,0.16629915998136693,0.18095754847390397,0.3879078359295674,0.29800263887180745,0.6540980170073047,0.5153969555226399,0.8055971715673452,0.0,0.04757537395941092,0.0,0.0828635249548297,0.0,0.0,0.1466546649760395,0.14468985961466455,0.24069067946428196,0.172000325399749,0.10761966650388267,0.1428054250950998,0.0,0.20968536918988143,0.11991881352873345,0.15965091995372796,0.3113417007008631,0.4585033859462174,0.5421434147566232,0.0,0.0,0.31008921395164285,0.0,0.21826878903504945,0.4762688526416522,0.0,0.26790692191570903,0.0,0.14229324798148002,0.0,0.6090390716390293,0.7255351752113957,0.23341354974104742,0.6977607293359503,0.465253142727032,0.6203856939469632,0.6128410400798279,0.9162414072036515,0.3814492679871942,0.3579923095433592,0.48790174758600713,0.2303170245500354,0.3649598864362528,0.6427099509593398,0.31197030204213666,0.7022959569513196,0.5458151197790739
0.09990280356147346,0.4689047814282478,0.06585006335587788,0.5216233347965008,0.2968548567032024,0.6600505536430723,0.3848299289490855,0.5958671352505367,0.639173910069727,0.0,0.0,0.0,0.4297942667824339,0.29934526508014614,0.6967190534027822,0.14847436262794628,0.1660396334017789,0.1990630846719417,0.5723908424322619,0.6287475935748547,0.0,0.3654559943014351,0.6368896021356181,0.059264959729164776,0.2636154288359882,0.25480497654183776,0.6926533579848846,0.29720779187671936,0.7428721348869645,0.0,0.0,0.0,0.0,0.0,0.0,0.2613860654709781,0.1255707879623829,0.12812431208486483,0.0,0.0,0.0,0.0,0.31896133251731723,0.18752398103515358,0.09557475659821806,0.18381891294689776,0.49884371952756,0.6177719857632405,0.0,0.0,0.4850485549621161,0.0,0.5655227422751423,0.6272664440298217,0.0,0.4052979850623191,0.0,0.18762758445590955,0.0,0.6036640955949247,0.5498055778255578,0.12396588887998847,0.4004221030656874,0.4565847226259794,0.5043484834373183,0.8085825176958539,0.6234791634980014,0.6433595654438217,0.14286562021183363,0.3545489922195164,0.14360743930010805,0.39407084835556055,0.4471169360864196,0.29256931632010974,0.5252873424164112,0.20848060942231164
0.6343181247089372,0.6821211077175485,0.4480919129222931,0.13004305704484026,0.20921474380957483,0.2566575751545849,0.11670894714539033,0.0,0.5025514565180682,0.3117952444478498,0.13053563252992065,0.37502607044189784,0.3180015047775618,0.0,0.4739589003104609,0.8006402489535188,0.5642339417946032,0.7316467874578877,0.4888194779022322,0.7949951200286431,0.3654559943014351,0.0,0.0,0.5496425071641997,0.7229127816188303,0.6743608860491641,0.38517056933355687,0.7071600709643604,0.522599519837677,0.0,0.38529581890242737,0.2597568926143004,0.5145458645773765,0.06385483003103508,0.0,0.33828237758253765,0.36499679801185303,0.475627789947973,0.5220330756581195,0.5585490968517142,0.5339028263712845,0.14745749787749027,0.16401247816618858,0.3143094474778981,0.41834599035696035,0.7232067943281609,0.622913501878084,0.46106444313551964,0.0,0.0,0.0,0.0,0.0,0.3838184916776514,0.19652335266439294,0.24590914945615705,0.3460587307193275,0.0,0.0,0.1401384473345259,0.7379842055805667,0.4968994322104175,0.7046126533987757,0.4336044313492825,0.19266907452080922,0.189954985839324,0.7859047496932277,0.0,0.6620532329987308,0.6990421654811673,0.633904950249006,0.0,0.4503654621094286,0.0,0.4145496247159588,0.674040116911528
0.0,0.08566249005424953,0.0,0.4964861852822763,0.3524837236678043,0.7591253883871062,0.4631160585458327,0.9451283283291239,0.41029259618320746,0.0,0.0,0.0,0.4963643369509021,0.3652069871214911,0.5140204885159024,0.0,0.0,0.0,0.3932491571216504,0.16629915998136693,0.6368896021356181,0.0,0.0,0.0,0.0,0.0,0.681298003656288,0.0,0.5214657293666256,0.0,0.0,0.0,0.0,0.0,0.0,0.013081124555310077,0.0,0.0,0.0,0.0,0.0,0.0,0.2903245042954388,0.0,0.0,0.0,0.0,0.3920877824763018,0.0,0.1431763045716587,0.7545268703806464,0.0,0.9010154455773196,0.41505268179299687,0.0,0.2938979959373484,0.0,0.30820058715940396,0.1515870292105672,0.611294796386741,0.052458398136256454,0.0,0.0,0.24969137896381785,0.5172509718691799,0.668402997671469,0.12094659734703436,0.8894035283805927,0.0,0.0,0.0,0.6586725106127994,0.14120581134962795,0.5378951596004772,0.2956928038011288,0.0
0.8690869381288033,0.6291754816622295,0.3975021769876433,0.007602176017586862,0.053126343014269745,0.06205493922260157,0.008977184125460395,0.0,0.21247879570551095,0.7952370284565002,0.0,0.9216339827807345,0.3350809565372679,0.07755234969491746,0.0,0.8545824803623252,0.8915169499118025,0.91805894100102,0.1864957627876444,0.18095754847390397,0.059264959729164776,0.5496425071641997,0.0,0.0,0.9471989356767753,0.8833165681494927,0.0,0.6936017943790247,0.07447910607998638,0.0,0.7421942035762673,0.6900876726923305,0.8914694542338882,0.31766737326079847,0.14069241606003735,0.5595558139927147,0.6892066301285846,0.8195665971160306,0.8012879964846452,0.854215870335326,0.7625893958677514,0.5407827823435509,0.21069562573670572,0.6087307571244235,0.7075456575025526,0.8888664408245619,0.6223489481614888,0.23722197665849976,0.0,0.0,0.0,0.13513695368043777,0.0,0.24551975598418474,0.7457814913339725,0.09119668739680033,0.8888143199438057,0.0,0.0,0.0,0.6337966702040273,0.902929662805476,0.6178233715263615,0.2808385607798473,0.0,0.0,0.3184183294728129,0.0,0.9653577143822503,0.8626289644923771,0.9099806785804923,0.0,0.3364422001944661,0.0,0.1208142844878466,0.7899212944145737
0.8728903244593096,0.8420333723579406,0.42425773954389484,0.18942156954615746,0.2005980490612301,0.3044450390321925,0.20957900730822318,0.0,0.44392743265592444,0.6840778962011129,0.0,0.7689094567968683,0.457308068802714,0.1987574182230366,0.0,0.9289694330935715,0.8566192516439141,0.9610490891408394,0.357454998551924,0.3879078359295674,0.2636154288359882,0.7229127816188303,0.0,0.9471989356767753,0.0,0.9694391170425185,0.13303814815424536,0.8137858516617543,0.32636486594283526,0.0,0.55859907400961,0.5640713243001743,0.7569623582309177,0.14366357885628048,0.0,0.7223899420435782,0.7617007158048144,0.7906275854916918,0.7270501306524951,0.7405183551806547,0.7049643494452034,0.34987219235572214,0.29801378384111765,0.6144625156815989,0.6367899898287219,0.950318940944769,0.8232153919971641,0.3963316747685087,0.0,0.0,0.0,0.10181952136080044,0.0,0.44758843298322143,0.5730618994832672,0.14670182229358308,0.7303679918965319,0.0,0.0,0.0,0.7783333739591344,0.7776153443979411,0.7027925800590195,0.37669889470844437,0.0,0.0,0.5050089892661179,0.0,0.9239838980464846,0.9281244006381881,0.9342362432971222,0.0,0.3041303243332404,0.0,0.17388663783959993,0.7204646829702552
0.852172679386565,0.9210406692500058,0.39161352248465053,0.19753104575483676,0.1905155490489592,0.25422763552146893,0.2343459674990029,0.0,0.3324137021560191,0.6261743828707141,0.0,0.7318415839652878,0.4702664486600259,0.19770278650861137,0.0,0.8406703301307101,0.7889253838454595,0.861415430014206,0.26006953682844514,0.29800263887180745,0.25480497654183776,0.6743608860491641,0.0,0.8833165681494927,0.9694391170425185,0.0,0.05223803954286867,0.7401567782086222,0.24293273046509897,0.0,0.5238032001565505,0.5873487110199699,0.7321756403586284,0.1332128164330536,0.0,0.6232609730272402,0.6492259359939676,0.7096490730159023,0.6773635515420241,0.6847092793530889,0.6142723755389502,0.33981355804750635,0.2559964361234949,0.5479338595160348,0.5922864487422881,0.8854686749677864,0.8174547873493342,0.2660559426995049,0.0,0.0,0.0,0.13477414399860901,0.0,0.3419841941670774,0.5377515195993411,0.08325460015485903,0.6738350783202549,0.0,0.0,0.0,0.6466179205188352,0.6840884681585775,0.5283401466014156,0.24859007751624435,0.0,0.0,0.4193045135379929,0.0,0.8466196568346847,0.8496758051347688,0.9439950759814525,0.0,0.21812613094135774,0.0,0.0571295580786253,0.5963269040838043
0.0,0.3373685061634538,0.0009209137072210364,0.6171148609134539,0.5193319953540754,0.8361212571498912,0.5940223531153572,0.5562693888680641,0.7802161401983444,0.0,0.06752337706280503,0.0,0.5163180319859727,0.31699532281655113,0.8209136064639374,0.1304830200395414,0.039150772811281855,0.20682313358140536,0.6632364855584167,0.6540980170073047,0.6926533579848846,0.38517056933355687,0.681298003656288,0.0,0.13303814815424536,0.05223803954286867,0.0,0.3313402900757361,0.8910126571593702,0.0,0.0,0.0,0.0,0.0,0.0,0.1264650295352268,0.0,0.0,0.0,0.0,0.0,0.0,0.3524504042884285,0.0,0.0,0.0,0.3640358817454836,0.672095563465354,0.0,0.0,0.6420142532148021,0.0,0.6469338046868462,0.7081641828979197,0.0,0.40332078014493755,0.0,0.13451905506662237,0.0,0.7970032051556812,0.549342744584918,0.0,0.3982028839639745,0.4904717716743311,0.6753503408594885,0.8077008234814554,0.6476482447627007,0.7828679564721668,0.0,0.20131620397782546,0.0,0.6543288060069757,0.39507582728598745,0.4638294413333087,0.5440869709001803,0.12377360876812013
0.5597204178461942,0.668138283245151,0.36356132468805163,0.3814915507813549,0.3332593560184176,0.45094144837647526,0.3775850315407498,0.0,0.522015223860471,0.6511615737250512,0.0,0.6951079553185163,0.6426141622873742,0.2739026788265699,0.18601169276328416,0.7647888103675108,0.8040365919380983,0.8485478879155078,0.4726822272030509,0.5153969555226399,0.29720779187671936,0.7071600709643604,0.0,0.6936017943790247,0.8137858516617543,0.7401567782086222,0.3313402900757361,0.0,0.5352045867233157,0.009197294196113063,0.40758684053020544,0.44108405042384813,0.5518189161091176,0.07656894287142324,0.0,0.5842066467823566,0.6371985112447988,0.6654438162649614,0.5869521904184283,0.5230506176703087,0.5183065591139856,0.2680579909875464,0.3319438164617775,0.4740284027514611,0.6048659406441096,0.6820769042537835,0.6187041998464109,0.40203737707210635,0.0,0.0,0.0,0.12149767476897277,0.0,0.4358448946163219,0.5033914023411505,0.1620346894578514,0.6547948819136243,0.0,0.0,0.0,0.6970216112656487,0.692446667960652,0.6311119457043151,0.40358589076828444,0.0,0.06893667240644938,0.4977576520883134,0.0,0.7491141351240076,0.7463159393814771,0.6463577595438778,0.0,0.5194205988560773,0.0,0.31183666215843703,0.6568177750839368
0.0,0.43764783748770864,0.0,0.5250980023107693,0.4516910258004475,0.802289510208683,0.5237217542092758,0.4683667359134569,0.7399120165468092,0.0,0.0,0.0,0.6235622559799446,0.2198327039285094,0.8158077854004635,0.30965027811495865,0.22283710377945787,0.3955727844532825,0.6147381564162328,0.8055971715673452,0.7428721348869645,0.522599519837677,0.5214657293666256,0.07447910607998638,0.32636486594283526,0.24293273046509897,0.8910126571593702,0.5352045867233157,0.0,0.0,0.0,0.0,0.0,0.0,0.0,0.15540710393120097,0.09256163098863583,0.1340759567419742,0.0,0.0,0.0,0.0,0.236473571193266,0.05963250425451652,0.06376995649500794,0.1252120501258265,0.46634600428672757,0.6091356219181839,0.0,0.0,0.5695855868023906,0.0,0.5425119558752595,0.6025050024871408,0.0,0.26229020182397095,0.0,0.2659290020635099,0.0,0.7506393632163563,0.6909830531555714,0.14616725777463288,0.6315027882527691,0.43874598628197115,0.646535532466623,0.7349691369899201,0.744004288869558,0.6546217936102945,0.24176719378011718,0.40871846814711343,0.08214710798935655,0.5247504332436311,0.56555156667895,0.4172235748470974,0.6178760928138092,0.3091320832675567
0.07787838505565343,0.0,0.0492482454740908,0.0,0.0,0.0,0.0,0.0,0.0,0.10894107439121621,0.0,0.12613539699881648,0.0,0.0,0.0,0.0,0.0,0.0,0.0,0.0,0.0,0.0,0.0,0.0,0.0,0.0,0.0,0.009197294196113063,0.0,0.0,0.36845817027208905,0.220227305937749,0.0318473552339801,0.40801884672977745,0.5687518907222318,0.0,0.0,0.0,0.05138205091083565,0.09509357460230215,0.089788715543555,0.2592328305311219,0.0,0.0,0.01776737671308122,0.0,0.0,0.0,0.13948183236365547,0.0,0.0,0.09831748658156601,0.0,0.0,0.2089675842542614,0.0,0.17323154868155238,0.013296721029510886,0.11291930517965236,0.0,0.0,0.0,0.0,0.0,0.0,0.0,0.0,0.0,0.0,0.0,0.0,0.0,0.0,0.0,0.0,0.0
0.7696527663387408,0.16693257273354659,0.471202873695673,0.0,0.0,0.0,0.0,0.0,0.0,0.6708359688560882,0.23706530568383868,0.7856488570460918,0.0,0.0,0.0,0.6187117550993366,0.5850234897249372,0.5143147166571556,0.0,0.04757537395941092,0.0,0.38529581890242737,0.0,0.7421942035762673,0.55859907400961,0.5238032001565505,0.0,0.40758684053020544,0.0,0.36845817027208905,0.0,0.6131707334285875,0.7417013371809568,0.6661591167499535,0.5517780572669967,0.2937364921829711,0.39998333138497294,0.5769736099125012,0.649414026613471,0.8463158857556659,0.7280665022978067,0.6529180815510419,0.0,0.3870675900417771,0.5327981138738757,0.6807979124149648,0.1939076287782856,0.0,0.21785360795662978,0.0,0.0,0.23817565259245613,0.0,0.0,0.705591798898104,0.043633455562021486,0.780772340037299,0.0,0.0,0.0,0.1653727855569201,0.6870916692547168,0.3038160215558209,0.14881016347487455,0.0,0.0,0.030527957898881897,0.0,0.6933942442210606,0.5086676666477453,0.7140995630893612,0.0,0.1981643423334988,0.0,0.0,0.6348214499313759
0.647380719227102,0.3860141768577175,0.3704848497241056,0.0,0.0,0.0,0.0,0.0,0.0,0.6911186001378041,0.0,0.7002769551843572,0.1619134333043995,0.05515732094583451,0.0,0.5189558339556152,0.6189610742498722,0.5498365245019637,0.02205744148745705,0.0,0.0,0.2597568926143004,0.0,0.6900876726923305,0.5640713243001743,0.5873487110199699,0.0,0.44108405042384813,0.0,0.220227305937749,0.6131707334285875,0.0,0.6931599029773502,0.3876681444633659,0.39556374985327664,0.6051221523490431,0.6502017327777606,0.6314330250054506,0.7576587782764523,0.6383232021124964,0.6531794525302316,0.6583886325536609,0.06249392955478628,0.4854860409612052,0.5377593797485516,0.5884112628212175,0.3387752469644857,0.0,0.3158051486972105,0.04283048682261016,0.0,0.3493352612891545,0.0,0.0,0.6990785458131119,0.0,0.6526741588215557,0.0,0.0,0.0,0.2160285012267531,0.5677616060845441,0.12491938527758706,0.06657520154851458,0.0,0.0,0.0,0.0,0.5972127188618301,0.43033730285023514,0.6237081971109122,0.0,0.0,0.0,0.0,0.484973077766887
0.8511927481994507,0.49143337847864815,0.5030323348593033,0.0,0.032791805626614004,0.0,0.0,0.0,0.09841058202194569,0.6901922435870887,0.1704503771144223,0.7919056992752925,0.20486015248037023,0.0,0.0,0.7507156637613723,0.6919390136528548,0.7231002731954173,0.1022616949662144,0.0828635249548297,0.0,0.5145458645773765,0.0,0.8914694542338882,0.7569623582309177,0.7321756403586284,0.0,0.5518189161091176,0.0,0.0318473552339801,0.7417013371809568,0.6931599029773502,0.0,0.5460155316122404,0.3650959467053586,0.39840571742382985,0.5065076113330486,0.658517353810069,0.8448870708666022,0.9446515369820677,0.8726061723618832,0.6657160256079779,0.04919590040688165,0.45828155219470557,0.6066926811593504,0.8078766620928155,0.504400158869741,0.14005804913389902,0.11253042523953642,0.0,0.0,0.2725149427847553,0.0,0.10663119442641403,0.6712751019067345,0.1437650997405052,0.8014896933405061,0.0,0.0,0.0,0.4339625175255305,0.6878953763836018,0.44980400770008816,0.22997951438458722,0.0,0.0,0.16614928328552964,0.0,0.8727559607785887,0.7030096068216363,0.8488327303885244,0.0,0.16992190968025386,0.0,0.0,0.7300486607744482
0.4493429753688169,0.0,0.2394283668872527,0.0,0.0,0.0,0.0,0.0,0.0,0.31144876713329983,0.19397202471557365,0.43783868432602974,0.0,0.0,0.0,0.23406983383745564,0.15542259002078707,0.12927889500165018,0.0,0.0,0.0,0.06385483003103508,0.0,0.31766737326079847,0.14366357885628048,0.1332128164330536,0.0,0.07656894287142324,0.0,0.40801884672977745,0.6661591167499535,0.3876681444633659,0.5460155316122404,0.0,0.6640128475544168,0.0,0.043054187354693026,0.20438065275613382,0.3072117469825115,0.5574617926195159,0.6187524382242924,0.5397279482290158,0.0,0.0,0.22814203158689056,0.2812284505494037,0.0,0.0,0.3384814076892361,0.15646518005896892,0.0,0.38532955080379466,0.0,0.0,0.3980444876559532,0.0,0.461929505581117,0.13929141402142878,0.21758461891182712,0.0,0.0,0.2530005532120818,0.0,0.0,0.0,0.0,0.0,0.0,0.27578451219232253,0.06960259135509798,0.3077039306975727,0.0,0.0,0.0,0.0,0.14942701313574572
0.3053569427285574,0.0,0.11754684518717669,0.0,0.0,0.0,0.0,0.0,0.0,0.1746977305136467,0.07310609076664633,0.2924729880811909,0.0,0.0,0.0,0.03223557979778952,0.0,0.0,0.0,0.0,0.0,0.0,0.0,0.14069241606003735,0.0,0.0,0.0,0.0,0.0,0.5687518907222318,0.5517780572669967,0.39556374985327664,0.3650959467053586,0.6640128475544168,0.0,0.0,0.021723706158383548,0.0,0.28125684499550996,0.3805742674473904,0.3204587646043819,0.5938317280804017,0.0,0.0,0.045177386439657255,0.10485342651339671,0.0,0.0,0.3928110943569599,0.14873926035950824,0.0,0.3406649225502744,0.0,0.0,0.2728122329980078,0.0,0.2977787853314477,0.041996883630003895,0.2643198288455005,0.0,0.0,0.04495991148599457,0.0,0.0,0.0,0.0,0.0,0.0,0.07146092563878262,0.0,0.13286740342338507,0.0,0.0,0.0,0.0,0.0
0.4363722305812164,0.5904706242105425,0.4216900785369082,0.5515088045712938,0.16480079671570194,0.2968451288461581,0.39454567028957344,0.0,0.3570008702765948,0.7269609431601999,0.011088090791382076,0.5931170528857496,0.3848985922722106,0.3938174755303737,0.0,0.6190447748665471,0.7539521360778807,0.6570023186398459,0.405909395087956,0.1466546649760395,0.2613860654709781,0.33828237758253765,0.013081124555310077,0.5595558139927147,0.7223899420435782,0.6232609730272402,0.1264650295352268,0.5842066467823566,0.15540710393120097,0.0,0.2937364921829711,0.6051221523490431,0.39840571742382985,0.0,0.0,0.0,0.8297415125674367,0.6580127896085242,0.5014269031694393,0.32288909976515806,0.38881723355725417,0.18371861822671348,0.5228771316722648,0.6168975777953486,0.5020158330108176,0.5865841469585827,0.6516412333880786,0.35108447811593113,0.08643105105786797,0.03266456265318422,0.0,0.16516339807953062,0.0,0.4382838950460872,0.5943809012160376,0.2460073149146998,0.5061431780286135,0.0,0.0,0.0,0.5204825778927092,0.5853512040527502,0.22791835545871075,0.3424889565519325,0.0,0.028188533974179485,0.19838945191131027,0.0,0.49553945841716945,0.5661924320207044,0.5522970692523227,0.0,0.11764752373094597,0.0,0.009809692540033724,0.47753669346996835
