0.0,0.0,0.3769138833954526,0.1261195898402616,0.46547106970628377,0.0,0.23928373802062525,0.0,0.2567704247924399,0.14860428895682334,0.23896690305146867,0.0,0.39342275702946183,0.13578475117235034,0.4308551288375421,0.6721667092334331,0.3317491187950976,0.5640074766505266,0.30212236430302924,0.5859629417350646,0.49423821024444564,0.41228133166325925,0.1129376372427588,0.0,0.14653079060915664,0.0,0.4010179583932012,0.6876589412445508,0.59849154776463,0.37523563281837635,0.7317404827446343,0.0,0.2397911794199785,0.5604562632698973,0.25573996595941384,0.0,0.0,0.22390235020067248,0.0,0.10152997186036872,0.42999878296833466,0.17010490985019533,0.0,0.0,0.05814517546153092,0.8003054948703137,0.0,0.2357227186458258,0.20592604333226844,0.0,0.0,0.07738743077067788,0.0,0.0,0.04638728610400802,0.0843057398741085,0.0,0.34514221611894214,0.0,0.12401992806039135,0.25421039952710267,0.0,0.6262953340383909,0.2712660550916202,0.2305315968416556,0.18637598154663326,0.0,0.0,0.0,0.0,0.0,0.0,0.5473478479549376,0.5013241490529984,0.24135321296250847,0.507187502084981
0.0,0.0,0.0,0.0,0.0741178900406613,0.3849464335809154,0.24412806115723573,0.3508122683445106,0.0,0.32952667409990405,0.14635648483278624,0.04341951491426942,0.4472332473127461,0.24342999865779794,0.049745551521539366,0.10307975231672017,0.4528687510727297,0.33646581421788985,0.0,0.0,0.209478237940089,0.13755572972961935,0.20792918968500135,0.10215913784390587,0.7479684023963826,0.633046145425434,0.03519982490958224,0.0,0.0,0.0,0.0,0.49005146499175006,0.34012512932184824,0.0,0.0,0.21424599549983328,0.0,0.0,0.4873482259064143,0.3381567116705493,0.15646239104259288,0.1306601625983508,0.0,0.0,0.037247948438371425,0.0,0.5249439228747874,0.0,0.0,0.0,0.0,0.0,0.18730685333607355,0.0,0.12492937646432639,0.30293741385792616,0.02263724123314549,0.0,0.15714868515835573,0.031011445718125443,0.1762643843733437,0.2668856606321271,0.0,0.0,0.0,0.13817855823985412,0.17922223697309517,0.16252399790414584,0.06963638997117053,0.4296569385658911,0.34744582601373525,0.11450319204170052,0.0,0.0,0.0,0.0
0.3769138833954526,0.0,0.0,0.0,0.5585601174047484,0.37161286096264556,0.15002275808459373,0.07262218696271512,0.48748287454255973,0.0,0.40216787774290536,0.07616267189501016,0.28942240994870383,0.19305027968223587,0.17085566641402777,0.3025344855297047,0.0,0.1599025058353665,0.41585750145956146,0.29605410645385316,0.3641868283476216,0.15574834524074652,0.6272217280536171,0.0,0.0,0.0,0.5610478711859066,0.1843259753758712,0.20620104721860621,0.26724075674380743,0.23139555514222618,0.0,0.0994842513596675,0.32218369621020587,0.19481919358993305,0.013041916109443226,0.0,0.0,0.0,0.1450521196544098,0.24744240024720696,0.2972632198671802,0.0,0.05143335727822309,0.0,0.38881514711617327,0.0,0.6766567093786856,0.04296244172346486,0.0,0.359278783721942,0.06248025025230926,0.04371806308499524,0.2804101582801332,0.1486607155179375,0.13523560761015102,0.07640647402810884,0.26136292640621106,0.0,0.0,0.062418153397983234,0.0,0.284553492510513,0.6250150997296614,0.0,0.0,0.0,0.43152175969237644,0.007734957408521378,0.19168996916936237,0.04505985894468483,0.0,0.11265628740671615,0.09216341362956464,0.07298266837928256,0.0
0.1261195898402616,0.0,0.0,0.0,0.30821328424652605,0.09361478119937162,0.5492092624494156,0.0,0.26285197220403284,0.07495121746842551,0.24351140513437955,0.07654166227067002,0.2886017845261498,0.0,0.0,0.0,0.015168109536120198,0.0,0.2739620915368613,0.0,0.0,0.0,0.0,0.02118222594547202,0.0,0.0,0.0798683025113805,0.2285560405694698,0.16910762865520235,0.13550949701042803,0.0,0.0,0.0,0.0,0.0,0.029764317909687865,0.22344735186477332,0.09206190507379979,0.0,0.0,0.0,0.0,0.0,0.0,0.0,0.03612006280118517,0.0,0.16054107692870973,0.328409476695587,0.4443880670556868,0.0,0.507541371878468,0.0,0.18543635056535726,0.21642250355850087,0.0,0.138926438420522,0.11939764567493809,0.0,0.0,0.163508640787002,0.1182514536962553,0.04356650182540076,0.04245303796342449,0.031570582199557676,0.0,0.11737422473364426,0.0,0.055380608334991185,0.0055928028096033575,0.0,0.21157852687401774,0.2991382845792493,0.1221932943556807,0.1976332185718046,0.25254199553941387
0.46547106970628377,0.0741178900406613,0.5585601174047484,0.30821328424652605,0.0,0.0,0.6323847198936614,0.0,0.439651114796551,0.041157506802401315,0.5358863741185996,0.0,0.5365286868591423,0.4990625964529728,0.5019171368481172,0.47536246026089796,0.16123000083750455,0.2779910263930406,0.22348110569287555,0.2926197782045658,0.5028818870351001,0.363714422896039,0.2172236543387261,0.0,0.031723146733672505,0.0,0.6646559971008782,0.4053691817600726,0.5202125112248622,0.2561979270511778,0.42809705443880036,0.0,0.2257085255262767,0.45474043248999885,0.1830120808592949,0.14998208694468204,0.0,0.026323955452657304,0.10236458569950682,0.13024091635047494,0.35755027997291156,0.24424661899337125,0.0,0.0,0.0,0.5793635610201157,0.0,0.1818511218207012,0.1367547922890513,0.0704251791711763,0.0,0.07232640787730381,0.0,0.03721922763520328,0.15396094653521317,0.24094114469098585,0.0,0.1193589116496666,0.27143798809139086,0.27062478186378214,0.018990596316482047,0.0,0.3489939702231752,0.3353601386706062,0.0,0.11505896866069773,0.0,0.04146694811725266,0.0,0.0,0.0,0.0,0.26171769166440567,0.21636242915147677,0.0,0.24281414546085892
0.0,0.3849464335809154,0.37161286096264556,0.09361478119937162,0.0,0.0,0.05545499483339118,0.5020560234278221,0.3988952561899776,0.3026878882534012,0.21678997151027998,0.5040371072173282,0.5116710883165285,0.0,0.0,0.0,0.27617318537466307,0.23190809946744262,0.2752597078536079,0.0,0.10511971105528402,0.0,0.4684767337394474,0.31912943909512625,0.17556824014077835,0.5354455661320497,0.09123208942219532,0.0,0.05520271125012827,0.1330753721132563,0.0,0.0,0.0,0.0,0.0,0.19724740122136808,0.2509370063762363,0.0,0.0,0.1972993068217832,0.08864025265144777,0.0,0.0,0.09708277634774246,0.0,0.0,0.2546895118620018,0.6596827614300081,0.0,0.1843692495432787,0.5335508441027107,0.17592395931003557,0.4071536381618159,0.3644982960109521,0.3101541164671275,0.0,0.3170133805148592,0.20138664307837081,0.0,0.0,0.3156087944811644,0.3794550705657026,0.08175670800338684,0.3220932425450648,0.2349781054513702,0.0,0.2239929827876356,0.47480833800991223,0.21306789498252857,0.3458744732833682,0.4241728520790768,0.3012382590271539,0.12031503248162732,0.0,0.19584980442437805,0.0
0.23928373802062525,0.24412806115723573,0.15002275808459373,0.5492092624494156,0.6323847198936614,0.05545499483339118,0.0,0.02943097089798792,0.21886245227430903,0.24263143258468334,0.5031938889390172,0.0,0.5873115789177945,0.2514672607078232,0.19666416251302826,0.21681915183505293,0.23618674911974644,0.27813719386417646,0.10162232493105493,0.0,0.3849022589453578,0.012942902241151638,0.0,0.04919640876130229,0.09716782878110337,0.0,0.28902232874759093,0.29770021111451034,0.27061771351711716,0.22374626642070738,0.1799805464412598,0.010026107959994314,0.1675208751749515,0.09786749055015401,0.0,0.12112178383381993,0.0,0.13754962619233085,0.05445881589793969,0.06756200925841528,0.06808032852997611,0.0,0.09637662887636737,0.0,0.09489281931868487,0.24533013917718322,0.05134045460345571,0.0,0.2708808684963626,0.2709344939384215,0.0,0.23251162583339724,0.0,0.0,0.2409948238252647,0.379931595176686,0.15785884744561332,0.17092371976022241,0.21568348811076862,0.0,0.0,0.0412043730066881,0.1574770073492452,0.10676950838389183,0.0,0.1865882131563932,0.0,0.0,0.042747794162700484,0.13216134140388022,0.0,0.0,0.3009094795113336,0.019462119086026054,0.059671442593288326,0.12751793848171908
0.0,0.3508122683445106,0.07262218696271512,0.0,0.0,0.5020560234278221,0.02943097089798792,0.0,0.09472864123814578,0.12606667594580198,0.13550808317804858,0.6596283553857704,0.20476578050861483,0.21956328662535202,0.0,0.0,0.0,0.0,0.0,0.0,0.17264276164327205,0.0,0.5757001559283494,0.5842038753611999,0.0,0.4868689406436025,0.0,0.0,0.0,0.06647107416274745,0.0,0.13036721481774505,0.0,0.0,0.0,0.3288720643409466,0.19687773136347003,0.0,0.0,0.10340008705584194,0.0,0.0,0.07414372805186156,0.0,0.0,0.0,0.3201287336758773,0.053770229227825914,0.0,0.12232545001002906,0.27540918744824344,0.0,0.8212992774681831,0.22450382476540234,0.0015363677928052948,0.24598801314320404,0.45152916082018535,0.01633725780008753,0.16925755018481078,0.0,0.0,0.0,0.0,0.0,0.0,0.14972983738205364,0.06763682336109475,0.5652814768166622,0.5112511256851501,0.07694144600911793,0.44092880202949974,0.12436586529664523,0.0,0.0,0.01008180523409685,0.0
0.2567704247924399,0.0,0.48748287454255973,0.26285197220403284,0.439651114796551,0.3988952561899776,0.21886245227430903,0.09472864123814578,0.0,0.14245243321987208,0.5402866436125455,0.21551704572266334,0.33906509427767173,0.12592167136944019,0.27396369108542024,0.0,0.016607059348786844,0.10075395695442173,0.4849520246611613,0.259905759714395,0.08148035238093494,0.0,0.28734215415352193,0.161581955615272,0.0,0.0,0.5187953072783483,0.24368392229326516,0.3118641590766451,0.18947915765661502,0.0,0.0,0.0,0.09414456903629455,0.009260728274155533,0.04024982535295704,0.15885840858619887,0.0,0.0,0.04995782125259683,0.1301030852767491,0.0,0.0,0.030028580881788815,0.031488851570727096,0.15860696232006802,0.06013671491069534,0.6116200435288779,0.07342940548906002,0.38393290961707655,0.2458193809884263,0.35626753274676004,0.22286211894955643,0.7293914643890278,0.16546823757561796,0.3801121738470848,0.2547767122046811,0.15674166603693565,0.11276705091410763,0.263962467012471,0.2587456836254731,0.07576986384674955,0.2110090909062565,0.4733520598098109,0.3655042413980263,0.0,0.23419022837765646,0.3941779770888863,0.24094568591967963,0.19163382213045096,0.13562568557846605,0.5411872495177024,0.381595737627841,0.32607881157916824,0.30134481672037633,0.24739960063999022
0.14860428895682334,0.32952667409990405,0.0,0.07495121746842551,0.041157506802401315,0.3026878882534012,0.24263143258468334,0.12606667594580198,0.14245243321987208,0.0,0.23821830951989748,0.23396615451537456,0.4624579900601786,0.0,0.0,0.16498867233544381,0.37466360812527694,0.38075124950234496,0.13579887001532467,0.0,0.2676565736856064,0.0,0.10773087156205935,0.30295699185249114,0.33968481386080884,0.34085018134594086,0.13697013138780606,0.3254673634215631,0.0,0.11618724898523096,0.11920398746121628,0.08308335035994945,0.19749153929933705,0.05707130222047917,0.09811194226630589,0.0,0.059799053825672244,0.24437497568403843,0.05874949218076451,0.24961592816653524,0.17006293756112334,0.0,0.03050740383913571,0.0,0.1941166755596442,0.1394756591525036,0.16600882540305037,0.1556862423864899,0.25698464315432695,0.10878845061871534,0.24510811042680855,0.06913769348784314,0.0,0.09566564464345066,0.41084144048359705,0.19913903959862658,0.30220366088053247,0.359096416284601,0.1946844836833226,0.0,0.0,0.23845421125890648,0.16207549612249816,0.03079207853041867,0.043392201628898154,0.18684887843671913,0.0,0.08316825890920237,0.22580981437404513,0.147184529540985,0.16085318900186923,0.09765667709322773,0.42944745706045495,0.06641141833285742,0.21658747988154828,0.20652783791293922
0.23896690305146867,0.14635648483278624,0.40216787774290536,0.24351140513437955,0.5358863741185996,0.21678997151027998,0.5031938889390172,0.13550808317804858,0.5402866436125455,0.23821830951989748,0.0,0.024459155571420917,0.5099984004479416,0.21462524674560157,0.11888309038388377,0.058668436451774914,0.2606016514777737,0.2813992624631762,0.5772508594185298,0.0,0.3594146202487489,0.0,0.24267857032289386,0.08397233666797482,0.0,0.04011362130541426,0.3508025660627259,0.46072653893151944,0.1485973491384539,0.3086228618101158,0.0398957467365759,0.0,0.0,0.06757012744786799,0.0,0.17653774144855633,0.1481993429035964,0.10790264350587403,0.0,0.14602315101988292,0.18264952214411959,0.0,0.10128391079740677,0.14546312542417594,0.22515036252074475,0.24365079826880845,0.036454925546348195,0.37201690766911805,0.35400974384377193,0.3369360159190914,0.22707162859692692,0.22935080438948152,0.17585158302118245,0.3861429333664033,0.15215288586679454,0.5696790055045075,0.2838711957244738,0.43278970814133916,0.2726532805224827,0.0,0.0,0.3260373945319641,0.24080721736565205,0.4205946327133384,0.0,0.10327385293446216,0.0,0.23621375299263417,0.05283162842490399,0.08504217393881719,0.006133554415306324,0.2096178574820652,0.5496324954291828,0.10080316890265159,0.2993806391485627,0.15760088543946218
0.0,0.04341951491426942,0.07616267189501016,0.07654166227067002,0.0,0.5040371072173282,0.0,0.6596283553857704,0.21551704572266334,0.23396615451537456,0.024459155571420917,0.0,0.0653249296591893,0.0,0.0,0.0,0.0,0.0,0.06093108850199913,0.0,0.0,0.0,0.4155345001795149,0.7514240795142655,0.0,0.4185679828195069,0.0,0.0,0.0,0.09575136797758581,0.0,0.0,0.0,0.0,0.0,0.17197542397258675,0.3170313725793972,0.1188324210665698,0.0,0.04652391281833979,0.0,0.0,0.12083462227871913,0.15675248511635323,0.0,0.0,0.20154773172077808,0.1944554199380023,0.09974457833608444,0.18276244862456922,0.49986253293334815,0.2139605084991096,0.6988873579995409,0.39166692520149105,0.12095456400430783,0.09056214281307502,0.7200162152281543,0.2522646389043725,0.07343992845773813,0.0,0.0,0.0,0.0,0.0089728305092105,0.02823265559216175,0.0,0.008275717187227949,0.49900180580347425,0.6760171199479397,0.07001352477098056,0.49767852252896366,0.10348352519465683,0.016144947903336395,0.0,0.1746966071429758,0.0
0.39342275702946183,0.4472332473127461,0.28942240994870383,0.2886017845261498,0.5365286868591423,0.5116710883165285,0.5873115789177945,0.20476578050861483,0.33906509427767173,0.4624579900601786,0.5099984004479416,0.0653249296591893,0.0,0.16877203498862806,0.24827259970053134,0.28356681542806084,0.634846314217105,0.5219161703549418,0.25842497980986767,0.07099378206687494,0.48512418995137996,0.0,0.20174099675517873,0.12317116259683585,0.18135700647210995,0.3418470678140547,0.2133535081101422,0.573128378305496,0.3646366566474035,0.33971081574993284,0.17270754411300882,0.0,0.1355967573335806,0.0721665810742371,0.0,0.23757967900536875,0.043117084929296,0.0,0.0,0.3075640599270389,0.3208848651447905,0.1297571151854364,0.0,0.0,0.03016896909177479,0.32878748877471853,0.0,0.2891833398567247,0.11833192246826771,0.05914375131739834,0.0,0.04243899295118189,0.007031730535040538,0.00739099861547563,0.38641336412798877,0.12623370110197982,0.19725175647821766,0.3079134066322312,0.12877096958280362,0.0,0.2675484797392989,0.3401214546487856,0.3819778743462604,0.1936362537177428,0.0,0.0,0.0,0.029720514583057866,0.0,0.11235024749692156,0.011066647455965459,0.0,0.47139501374288834,0.0,0.311593424199537,0.2970007053061611
0.13578475117235034,0.24342999865779794,0.19305027968223587,0.0,0.4990625964529728,0.0,0.2514672607078232,0.21956328662535202,0.12592167136944019,0.0,0.21462524674560157,0.0,0.16877203498862806,0.0,0.30753341105689047,0.13322942601088278,0.029644239170657147,0.0,0.0,0.10869819363769052,0.3412427252227599,0.2390861139405481,0.2718360285310113,0.0,0.0,0.0,0.3159535085951671,0.03933304324427582,0.10198896359957167,0.08186121035604531,0.124889990965486,0.24383907378116473,0.16087059674408533,0.12445830244473689,0.07231799463950896,0.337000542419949,0.0,0.0,0.24996885868041394,0.0,0.10999899302506838,0.15139260534483218,0.22221284846574474,0.0,0.08860617375584873,0.22790393633361575,0.0,0.0,0.0,0.0,0.0,0.0,0.09658124964375736,0.0,0.0,0.31916478961587175,0.0,0.0,0.48008552151334577,0.21028776940253902,0.0,0.0,0.0,0.009530029701845497,0.0,0.17089296780285743,0.0,0.18733382218046876,0.0,0.0,0.0,0.0,0.0,0.0,0.0,0.001778417203114143
0.4308551288375421,0.049745551521539366,0.17085566641402777,0.0,0.5019171368481172,0.0,0.19666416251302826,0.0,0.27396369108542024,0.0,0.11888309038388377,0.0,0.24827259970053134,0.30753341105689047,0.0,0.35689911862064,0.08144187350433534,0.1442101367607493,0.0,0.5670034763161674,0.4169261741641636,0.5522224127701585,0.07045966094556216,0.0,0.09804932710069426,0.0,0.49213346941801794,0.22719155360341528,0.5344261748194459,0.16462565989201217,0.47498984022064134,0.14720883321078768,0.2626491241933937,0.4311033759227988,0.24240345831950025,0.08707560867980493,0.0,0.0,0.08127650539350435,0.1705540825078238,0.34843386522527514,0.2954883214092811,0.0,0.0,0.03498537481026909,0.48268590514787446,0.0,0.0,0.0,0.0,0.0,0.0,0.0,0.0,0.03950828692748599,0.1578672755524987,0.0,0.0,0.2230490889144877,0.6642138562721005,0.18434102400816757,0.0,0.2939918386891908,0.05321935561615141,0.14925146326079416,0.28671602937984286,0.041802284334853085,0.0,0.0,0.03650563659909768,0.0,0.16603535588150867,0.06054010981696862,0.39278687913027355,0.0,0.3572214176824708
0.6721667092334331,0.10307975231672017,0.3025344855297047,0.0,0.47536246026089796,0.0,0.21681915183505293,0.0,0.0,0.16498867233544381,0.058668436451774914,0.0,0.28356681542806084,0.13322942601088278,0.35689911862064,0.0,0.43471262250418513,0.7309179349922058,0.0,0.4842439309719661,0.3845636554817888,0.7949098788073768,0.0,0.0,0.3744130052106897,0.0,0.42386604349463614,0.3888562322061761,0.42436695598200785,0.1053432277418503,0.7748293307998837,0.0,0.6204180682340469,0.7209682045538579,0.4155846369870812,0.0,0.0,0.11789460227197253,0.19398049493383193,0.10633182280614395,0.3471011158889197,0.34342650093100024,0.011995945602817141,0.0,0.015301202237567724,0.7210139477439468,0.0,0.0,0.11020563400234826,0.0,0.0,0.0,0.0,0.0,0.0469941253697378,0.0,0.0,0.26481081661763306,0.015847973146982337,0.07348710226855858,0.0,0.05009215367689967,0.5278230498226288,0.1837335365291454,0.0,0.12347677760877995,0.0,0.0,0.0,0.0,0.0,0.0,0.15831850686803312,0.2621765692499682,0.0,0.1311416959447516
0.3317491187950976,0.4528687510727297,0.0,0.015168109536120198,0.16123000083750455,0.27617318537466307,0.23618674911974644,0.0,0.016607059348786844,0.37466360812527694,0.2606016514777737,0.0,0.634846314217105,0.029644239170657147,0.08144187350433534,0.43471262250418513,0.0,0.7490348242662515,0.09571738921636426,0.0,0.19332151977558898,0.06118248670594535,0.0,0.0,0.36785374812526844,0.398471746306206,0.04728944723307656,0.41393122186693637,0.261838505533917,0.11819179678135623,0.24155572955453167,0.1036764981016603,0.27787613858664606,0.15417799286719985,0.0,0.0,0.0,0.0,0.12779301877612145,0.25287443717392494,0.2735329652240087,0.1917199051142755,0.0,0.011060717195094768,0.05488658093258051,0.21482878631704327,0.0,0.09246210946943376,0.09299380135187219,0.0,0.0,0.0,0.0,0.0,0.1526224655219154,0.12266732550805061,0.0,0.1970090760609104,0.0,0.0,0.2181133430954716,0.4986278738346063,0.42747728483442493,0.09778445900179027,0.05720117597867961,0.0,0.0,0.0,0.0,0.0,0.0,0.0,0.3096243405379261,0.0064850343634117935,0.1541493577050963,0.2877455618172278
0.5640074766505266,0.33646581421788985,0.1599025058353665,0.0,0.2779910263930406,0.23190809946744262,0.27813719386417646,0.0,0.10075395695442173,0.38075124950234496,0.2813992624631762,0.0,0.5219161703549418,0.0,0.1442101367607493,0.7309179349922058,0.7490348242662515,0.0,0.18127074012749317,0.20486696669772295,0.2758025932915218,0.2989794865829844,0.0,0.0,0.47616068186086224,0.22187374992050887,0.21458414900405418,0.47246591238228236,0.3882101737087404,0.16718725382504274,0.4730224276373741,0.0,0.4378828762970996,0.39899486328326866,0.13741449224805116,0.0,0.0,0.08363552149128732,0.05849722799912234,0.24602823842865676,0.3512233569583086,0.20221914991393047,0.0,0.027170006645223843,0.09755303362927004,0.4816706624207308,0.0,0.14530984473352893,0.21630337348153109,0.0,0.0739093043145683,0.03306032904652227,0.0,0.0,0.14055806326367556,0.15483557092766698,0.0,0.3814049971644245,0.0,0.0,0.25987373832314115,0.4297733031120356,0.6568777820136642,0.24983606714867435,0.10084990582689954,0.0,0.0,0.0,0.0,0.07797054403833364,0.0,0.0,0.39424625262910445,0.23490837206137086,0.13919491573603138,0.25485423599085255
0.30212236430302924,0.0,0.41585750145956146,0.2739620915368613,0.22348110569287555,0.2752597078536079,0.10162232493105493,0.0,0.4849520246611613,0.13579887001532467,0.5772508594185298,0.06093108850199913,0.25842497980986767,0.0,0.0,0.0,0.09571738921636426,0.18127074012749317,0.0,0.0,0.09265111613354288,0.0,0.16119065833817517,0.1116259628443745,0.0,0.0,0.1654220729587733,0.580709982717068,0.1793327989203177,0.4444795062332289,0.09608656216262727,0.0,0.0,0.042098829542973254,0.0,0.0,0.23246287914615732,0.16110580481335446,0.0,0.092664068391822,0.1621317946807141,0.0,0.09234421153303392,0.34084203532910357,0.06662260179082981,0.2021638193100448,0.0,0.6181935598226325,0.3249839454626209,0.455064651266634,0.3433474347941049,0.4472958900485353,0.0,0.3548097114885658,0.11291151707508881,0.1114179817731856,0.21337421928820618,0.5791210720585458,0.040203447892492625,0.0,0.10843228818420725,0.30799466102825973,0.34385809302616066,0.5516202005214491,0.17706101600210666,0.0,0.0,0.14638003372233077,0.0,0.0,0.0,0.09980433520851789,0.6561653125673542,0.2892907873057178,0.5807553451095736,0.3380901329843606
0.5859629417350646,0.0,0.29605410645385316,0.0,0.2926197782045658,0.0,0.0,0.0,0.259905759714395,0.0,0.0,0.0,0.07099378206687494,0.10869819363769052,0.5670034763161674,0.4842439309719661,0.0,0.20486696669772295,0.0,0.0,0.2861835188008947,0.6905155658091355,0.1824241645068995,0.0,0.0895799552167649,0.0,0.3652992794318347,0.21985218681509963,0.43111732299244937,0.2290470092176258,0.5080164532082184,0.02619700837230161,0.3927751236007339,0.5187320724277292,0.42034887611801824,0.0,0.0,0.0,0.0,0.15626730023270183,0.32136741100790267,0.15754339563431416,0.0,0.0,0.0,0.5247767051327563,0.0,0.12278689296032974,0.0,0.0,0.0,0.0,0.0,0.0,0.0,0.0,0.0,0.0,0.0,0.36117425789409213,0.12746981702618312,0.0,0.1810360001254169,0.11157215123669878,0.4022584707779501,0.11510457538869866,0.1230688983332234,0.09215319145326008,0.0,0.0,0.0,0.0,0.023726912909143222,0.30454350188620194,0.0,0.148521718909951
0.49423821024444564,0.209478237940089,0.3641868283476216,0.0,0.5028818870351001,0.10511971105528402,0.3849022589453578,0.17264276164327205,0.08148035238093494,0.2676565736856064,0.3594146202487489,0.0,0.48512418995137996,0.3412427252227599,0.4169261741641636,0.3845636554817888,0.19332151977558898,0.2758025932915218,0.09265111613354288,0.2861835188008947,0.0,0.24823494269150712,0.3473979402755748,0.13733619814509077,0.0,0.05524427746381398,0.30719619790674924,0.51124847693305,0.2842847549480231,0.34993203053455263,0.37643311015645065,0.05297724895339428,0.26205810658287904,0.32659375464800816,0.11965168393560337,0.1747905879776501,0.0,0.3116544919520798,0.14260916961492423,0.2941151911530091,0.33904856589816323,0.19519999930648102,0.22036285637018793,0.0,0.12697970897911967,0.5328277581612454,0.0,0.0,0.16361941719543172,0.0,0.0,0.0,0.002486736346098196,0.0,0.04795170476862303,0.19380242908004114,0.14920785179425355,0.3084822820839403,0.219596848611079,0.1267205533323542,0.0,0.0,0.18716268826814317,0.074423970611414,0.0,0.5292067116544927,0.0,0.13412792907206889,0.05163035704203733,0.0,0.0,0.0,0.3615955804124352,0.12000577290694778,0.05386862471291849,0.17147772472204417
0.41228133166325925,0.13755572972961935,0.15574834524074652,0.0,0.363714422896039,0.0,0.012942902241151638,0.0,0.0,0.0,0.0,0.0,0.0,0.2390861139405481,0.5522224127701585,0.7949098788073768,0.06118248670594535,0.2989794865829844,0.0,0.6905155658091355,0.24823494269150712,0.0,0.0,0.0,0.39005970182005484,0.0,0.44542186842756976,0.0347322178907877,0.25038563655543916,0.0,0.6533927724845787,0.3129844731914561,0.6757763884103525,0.7222093285247354,0.4300830563600963,0.0,0.0,0.02334160108515457,0.41062257444994543,0.151827195269539,0.292074483635304,0.43269086129215617,0.0255518369352434,0.0,0.0,0.5596639146160372,0.0,0.0,0.0,0.0,0.0,0.0,0.0,0.0,0.0,0.08034552475748385,0.0,0.0,0.1426290111264566,0.37566767160908376,0.0,0.0,0.2247272690608162,0.04121955080305348,0.0,0.26067957376320156,0.0,0.0,0.0,0.0,0.0,0.0,0.0,0.22941828950811777,0.0,0.05857692296314907
0.1129376372427588,0.20792918968500135,0.6272217280536171,0.0,0.2172236543387261,0.4684767337394474,0.0,0.5757001559283494,0.28734215415352193,0.10773087156205935,0.24267857032289386,0.4155345001795149,0.20174099675517873,0.2718360285310113,0.07045966094556216,0.0,0.0,0.0,0.16119065833817517,0.1824241645068995,0.3473979402755748,0.0,0.0,0.3087395753971471,0.06525093669174793,0.2828466800749264,0.2837031057116823,0.0,0.0,0.1728795306834152,0.0,0.025398915889056465,0.0,0.0,0.08137463011865359,0.15106659691488877,0.0,0.019440242653780485,0.03799136373210395,0.12936438155241697,0.19150727060184622,0.09484221050329804,0.029148057549563875,0.0,0.0,0.09010274244182578,0.17405708556073138,0.41058115771375747,0.006047805449776677,0.02349608628548992,0.4478057930179627,0.06080449035328815,0.5554696360357648,0.17176075681910763,0.05811920022629016,0.11608908356939021,0.30490920094655494,0.11631275659063017,0.19595541643181227,0.02826632582214351,0.05178106520746259,0.0,0.0,0.26001864092390564,0.05781891456209102,0.07897681151934137,0.0,0.8784966534037044,0.27084787781384395,0.29194718101249245,0.3750028383123504,0.11534724215861938,0.0,0.0,0.0033093323808476138,0.0
0.0,0.10215913784390587,0.0,0.02118222594547202,0.0,0.31912943909512625,0.04919640876130229,0.5842038753611999,0.161581955615272,0.30295699185249114,0.08397233666797482,0.7514240795142655,0.12317116259683585,0.0,0.0,0.0,0.0,0.0,0.1116259628443745,0.0,0.13733619814509077,0.0,0.3087395753971471,0.0,0.0,0.4606575399983558,0.0,0.020904886801767195,0.0,0.2036811348419383,0.0,0.0,0.0,0.0,0.0,0.07896999989903818,0.18120188515384408,0.26544388966573873,0.0,0.11208572580643855,0.0,0.0,0.2063583323004732,0.12559461329507743,0.16843473365956338,0.0,0.18469347655719054,0.08955082636772085,0.02470380997067828,0.2121008950204001,0.40416367406742365,0.1251837195584951,0.636407777787123,0.37742015457139066,0.04835125320825305,0.24722753400417596,0.6634486005987082,0.3483043984821453,0.11126590370768862,0.0,0.0,0.003983317710591956,0.0,0.0,0.09876114047394319,0.1721639116134737,0.0,0.3921361064793605,0.7741011651632237,0.04794671669612302,0.539780049481988,0.0,0.18798960588340796,0.0,0.30613027797808484,0.0
0.14653079060915664,0.7479684023963826,0.0,0.0,0.031723146733672505,0.17556824014077835,0.09716782878110337,0.0,0.0,0.33968481386080884,0.0,0.0,0.18135700647210995,0.0,0.09804932710069426,0.3744130052106897,0.36785374812526844,0.47616068186086224,0.0,0.0895799552167649,0.0,0.39005970182005484,0.06525093669174793,0.0,0.0,0.5206898177281385,0.1930611559821222,0.0,0.0,0.0,0.0,0.37422959035111975,0.39264400595391713,0.0779779386461169,0.0,0.0,0.0,0.0,0.4060924690131336,0.26150995560945667,0.21807472113772308,0.2093984411651089,0.0,0.0,0.06537605623195068,0.0,0.5001894992636596,0.03924971525702775,0.0,0.0,0.04840584381139261,0.0,0.0,0.05229608131110639,0.0844533289356046,0.27071411746872587,0.0,0.0,0.0,0.10562285403128978,0.29258970851064986,0.20025644890441416,0.22934888449878948,0.11640017581805381,0.20865191786621326,0.07009184489424519,0.2749447950230364,0.08158911507967652,0.0,0.5590050406989,0.35644028282065,0.2049466999568432,0.0,0.10616052512386531,0.0,0.06494647091014523
0.0,0.633046145425434,0.0,0.0,0.0,0.5354455661320497,0.0,0.4868689406436025,0.0,0.34085018134594086,0.04011362130541426,0.4185679828195069,0.3418470678140547,0.0,0.0,0.0,0.398471746306206,0.22187374992050887,0.0,0.0,0.05524427746381398,0.0,0.2828466800749264,0.4606575399983558,0.5206898177281385,0.0,0.0,0.0,0.0,0.0,0.0,0.25450522168274653,0.2533312456682174,0.0,0.0,0.1085081354415122,0.0,0.0,0.20299882243499812,0.4467468385675502,0.13142769466310805,0.026760604906034824,0.0,0.0,0.06068627491012372,0.0,0.3536473956539894,0.16369052564963738,0.0,0.0,0.24004992732246622,0.0,0.36419150193225125,0.18177304855725565,0.0,0.11051010037343739,0.25602395624425506,0.0,0.0,0.0,0.08529447132570941,0.2904622725080428,0.0,0.0,0.15268679389493184,0.0,0.24174522463461584,0.21239910031533518,0.3102696669591202,0.25299146607065853,0.6874170219521069,0.0,0.0,0.0,0.02894135624047725,0.0
0.4010179583932012,0.03519982490958224,0.5610478711859066,0.0798683025113805,0.6646559971008782,0.09123208942219532,0.28902232874759093,0.0,0.5187953072783483,0.13697013138780606,0.3508025660627259,0.0,0.2133535081101422,0.3159535085951671,0.49213346941801794,0.42386604349463614,0.04728944723307656,0.21458414900405418,0.1654220729587733,0.3652992794318347,0.30719619790674924,0.44542186842756976,0.2837031057116823,0.0,0.1930611559821222,0.0,0.0,0.17312600412208876,0.5113501889191984,0.10646312174079424,0.3761188469498941,0.03478639615995008,0.1689721755993155,0.38216738491184304,0.3636640743418235,0.0,0.0,0.020177217108593222,0.18267021069756198,0.011877384512882802,0.24419714144781893,0.17073695403572225,0.0,0.0,0.0,0.4250085507080882,0.0,0.3414426341955016,0.0,0.0,0.0,0.014063146188387148,0.0,0.1729901264057024,0.21254144518446869,0.28032238724219033,0.0,0.0,0.18220066368879193,0.36481518416497805,0.13132635067546639,0.0,0.350901531924848,0.4463216225277168,0.08703434488461245,0.16042245880476527,0.0,0.2168470760234746,0.0,0.15268077074038658,0.0,0.47710573566753467,0.1183895559956402,0.4782046595849313,0.0,0.27863535819728313
0.6876589412445508,0.0,0.1843259753758712,0.2285560405694698,0.4053691817600726,0.0,0.29770021111451034,0.0,0.24368392229326516,0.3254673634215631,0.46072653893151944,0.0,0.573128378305496,0.03933304324427582,0.22719155360341528,0.3888562322061761,0.41393122186693637,0.47246591238228236,0.580709982717068,0.21985218681509963,0.51124847693305,0.0347322178907877,0.0,0.020904886801767195,0.0,0.0,0.17312600412208876,0.0,0.4387054854606131,0.6169904526566837,0.5851557402178502,0.0,0.026208960176659097,0.3845632684694373,0.2373605505670711,0.0,0.12883725013523278,0.29975287006854623,0.0,0.09781943310787054,0.40081097620784384,0.09410213680096921,0.16245185865196296,0.26165990150175056,0.1164124878997205,0.6544502859726593,0.0,0.20001742332738956,0.40199744673083676,0.15958466159790366,0.0,0.18659352927136785,0.0,0.0,0.10315900989657917,0.022155456468500107,0.1760671423268416,0.6409061683726343,0.1078479129365697,0.0,0.02783155706482349,0.1985787837451257,0.49109614659282425,0.19917803513843982,0.15149162506460376,0.08281743021280993,0.0,0.0,0.0,0.0,0.0,0.0,0.8417633613534351,0.36554494585569064,0.6046544632520877,0.5596474626549243
0.59849154776463,0.0,0.20620104721860621,0.16910762865520235,0.5202125112248622,0.05520271125012827,0.27061771351711716,0.0,0.3118641590766451,0.0,0.1485973491384539,0.0,0.3646366566474035,0.10198896359957167,0.5344261748194459,0.42436695598200785,0.261838505533917,0.3882101737087404,0.1793327989203177,0.43111732299244937,0.2842847549480231,0.25038563655543916,0.0,0.0,0.0,0.0,0.5113501889191984,0.4387054854606131,0.0,0.29740939853375525,0.5184682493104609,0.0,0.0,0.3294877007114863,0.10539168870348589,0.021903460431608235,0.0,0.0,0.0,0.05663194641128683,0.3269388490665314,0.11118087367166794,0.0,0.0,0.0,0.5584658713405908,0.0,0.1380799163560357,0.0,0.030915343712773446,0.0,0.08658882037279657,0.0,0.0,0.25204705568432273,0.0,0.0,0.0,0.0,0.35099620975582313,0.5671985504202274,0.0,0.6568815070654773,0.23791724230668018,0.21085486623581892,0.07166839271158515,0.17096032160107727,0.0,0.0,0.11664933354654668,0.0,0.056121452291329574,0.22989242163374005,0.6617415898603836,0.08272053745236665,0.5734404198017389
0.37523563281837635,0.0,0.26724075674380743,0.13550949701042803,0.2561979270511778,0.1330753721132563,0.22374626642070738,0.06647107416274745,0.18947915765661502,0.11618724898523096,0.3086228618101158,0.09575136797758581,0.33971081574993284,0.08186121035604531,0.16462565989201217,0.1053432277418503,0.11819179678135623,0.16718725382504274,0.4444795062332289,0.2290470092176258,0.34993203053455263,0.0,0.1728795306834152,0.2036811348419383,0.0,0.0,0.10646312174079424,0.6169904526566837,0.29740939853375525,0.0,0.33674086038877715,0.0,0.0,0.19606421235975094,0.08533904100054618,0.06068104165883881,0.19473372818149554,0.11155866509386125,0.0,0.0,0.18280230828634908,0.0,0.05510494182023735,0.21701980285518116,0.0,0.27587686178670673,0.0,0.20524853705838472,0.32366855623152485,0.06055167054972982,0.06144307063068618,0.20035416738356487,0.04834031653501214,0.0,0.17723933475128084,0.02424146783150744,0.29316232572181455,0.4607669526128653,0.04641849237106348,0.0,0.0,0.02784027623923027,0.16797898531087435,0.11414075155176409,0.04741780471816177,0.0,0.0,0.05112606203132055,0.062193158223211545,0.0,0.0,0.0,0.47186946414586856,0.10137639106207863,0.4206756272035629,0.21830565824355652
0.7317404827446343,0.0,0.23139555514222618,0.0,0.42809705443880036,0.0,0.1799805464412598,0.0,0.0,0.11920398746121628,0.0398957467365759,0.0,0.17270754411300882,0.124889990965486,0.47498984022064134,0.7748293307998837,0.24155572955453167,0.4730224276373741,0.09608656216262727,0.5080164532082184,0.37643311015645065,0.6533927724845787,0.0,0.0,0.0,0.0,0.3761188469498941,0.5851557402178502,0.5184682493104609,0.33674086038877715,0.0,0.0,0.4173531351092551,0.71449569432611,0.4292666892539121,0.0,0.0,0.21711589178593912,0.0,0.01828473812918322,0.3471294295563972,0.24541590130929836,0.13102318079302058,0.0,0.06466622429918287,0.7797579412366443,0.0,0.0,0.22971355596738444,0.0,0.0,0.0,0.0,0.0,0.07862085699107976,0.0,0.0,0.38710893224806003,0.10640946830633148,0.12602384830729094,0.0,0.0,0.4958658888702203,0.08703478739943923,0.0,0.23861785838435132,0.0,0.0,0.0,0.0,0.0,0.0,0.31824469605213207,0.4145417520273157,0.09995154975532088,0.38375362090999354
0.0,0.49005146499175006,0.0,0.0,0.0,0.0,0.010026107959994314,0.13036721481774505,0.0,0.08308335035994945,0.0,0.0,0.0,0.24383907378116473,0.14720883321078768,0.0,0.1036764981016603,0.0,0.0,0.02619700837230161,0.05297724895339428,0.3129844731914561,0.025398915889056465,0.0,0.37422959035111975,0.25450522168274653,0.03478639615995008,0.0,0.0,0.0,0.0,0.0,0.23967886689689882,0.0,0.0,0.09467814776778928,0.0,0.0,0.5462638122115726,0.21812195563137693,0.0794676530683113,0.1679457432429788,0.0,0.0,0.06726317746979507,0.0,0.3666488098657863,0.0,0.0,0.0,0.0,0.0,0.05686509122234261,0.0,0.06503755012801103,0.19966790446638538,0.0,0.0,0.11735197903673851,0.31917852862195195,0.11183503817430748,0.0,0.0,0.0,0.1076241745788418,0.2868907447659263,0.32461648155090056,0.06265095021881728,0.0,0.123033906035646,0.1619993396903868,0.3056430564032783,0.0,0.0,0.0,0.0
0.2397911794199785,0.34012512932184824,0.0994842513596675,0.0,0.2257085255262767,0.0,0.1675208751749515,0.0,0.0,0.19749153929933705,0.0,0.0,0.1355967573335806,0.16087059674408533,0.2626491241933937,0.6204180682340469,0.27787613858664606,0.4378828762970996,0.0,0.3927751236007339,0.26205810658287904,0.6757763884103525,0.0,0.0,0.39264400595391713,0.2533312456682174,0.1689721755993155,0.026208960176659097,0.0,0.0,0.4173531351092551,0.23967886689689882,0.0,0.48935999316388495,0.3408097747033443,0.0,0.0,0.09137275795903782,0.42527203731126856,0.33618963244194167,0.28618548456492454,0.2911879337160124,0.11249921391059495,0.0,0.08103362986553107,0.2784650006840546,0.0,0.0,0.08683506462776638,0.0,0.0,0.0,0.0,0.0,0.0,0.06411599183751417,0.0,0.06587287164045971,0.06739973486675821,0.0649305469203573,0.0,0.0,0.08861947593998097,0.0,0.0,0.16494851617671352,0.0,0.0,0.0,0.0,0.0,0.0,0.0,0.0,0.0,0.0
0.5604562632698973,0.0,0.32218369621020587,0.0,0.45474043248999885,0.0,0.09786749055015401,0.0,0.09414456903629455,0.05707130222047917,0.06757012744786799,0.0,0.0721665810742371,0.12445830244473689,0.4311033759227988,0.7209682045538579,0.15417799286719985,0.39899486328326866,0.042098829542973254,0.5187320724277292,0.32659375464800816,0.7222093285247354,0.0,0.0,0.0779779386461169,0.0,0.38216738491184304,0.3845632684694373,0.3294877007114863,0.19606421235975094,0.71449569432611,0.0,0.48935999316388495,0.0,0.4223238977513343,0.0,0.0,0.22240243605830132,0.008972019294738485,0.1936506357471634,0.47850165473108197,0.3507554340798786,0.0720082062793822,0.008267566155025484,0.06835760358266525,0.5940102757249567,0.0,0.0,0.14969057244993442,0.0,0.0,0.0,0.0,0.0,0.0,0.0,0.0,0.27267037251639525,0.036114429982331796,0.15612497193858718,0.0,0.0,0.3947843457157399,0.18359748403628845,0.0,0.09805533027012511,0.0,0.0,0.0,0.0,0.0,0.0,0.1910759632689047,0.2306373342464506,0.0,0.14862332355368413
0.25573996595941384,0.0,0.19481919358993305,0.0,0.1830120808592949,0.0,0.0,0.0,0.009260728274155533,0.09811194226630589,0.0,0.0,0.0,0.07231799463950896,0.24240345831950025,0.4155846369870812,0.0,0.13741449224805116,0.0,0.42034887611801824,0.11965168393560337,0.4300830563600963,0.08137463011865359,0.0,0.0,0.0,0.3636640743418235,0.2373605505670711,0.10539168870348589,0.08533904100054618,0.4292666892539121,0.0,0.3408097747033443,0.4223238977513343,0.0,0.0,0.0,0.23844623714668867,0.06916085000633626,0.0,0.21201583943204996,0.11206155832007894,0.1744218345210518,0.0,0.0,0.333181578736711,0.0,0.017623366868530308,0.12212607465041314,0.0,0.04716579904635728,0.0,0.0,0.0,0.0,0.0,0.009983920268995805,0.18690652975302052,0.11909919374560644,0.13331138374909504,0.0,0.0,0.0429564046782108,0.0917109058375862,0.0,0.07041392205202363,0.0,0.011231467337439153,0.0,0.0,0.0,0.0,0.0727123123257556,0.1020872457411845,0.0,0.017356223233306767
0.0,0.21424599549983328,0.013041916109443226,0.029764317909687865,0.14998208694468204,0.19724740122136808,0.12112178383381993,0.3288720643409466,0.04024982535295704,0.0,0.17653774144855633,0.17197542397258675,0.23757967900536875,0.337000542419949,0.08707560867980493,0.0,0.0,0.0,0.0,0.0,0.1747905879776501,0.0,0.15106659691488877,0.07896999989903818,0.0,0.1085081354415122,0.0,0.0,0.021903460431608235,0.06068104165883881,0.0,0.09467814776778928,0.0,0.0,0.0,0.0,0.06452899497265494,0.0,0.0,0.0,0.0,0.0,0.06542981297784083,0.047934225539249434,0.04629342079013233,0.0,0.0,0.0,0.0,0.0,0.0,0.0,0.21460626470696165,0.0,0.1136592451484078,0.037481646404195684,0.19122127871529074,0.0,0.15734855161906972,0.09544462119522773,0.063752432483171,0.0,0.0,0.0,0.017072812198072582,0.038813151582288076,0.11903133934902399,0.11854056312903917,0.11981936800035786,0.0,0.03764240375290328,0.016226866156200587,0.0,0.0,0.0,0.0
0.0,0.0,0.0,0.22344735186477332,0.0,0.2509370063762363,0.0,0.19687773136347003,0.15885840858619887,0.059799053825672244,0.1481993429035964,0.3170313725793972,0.043117084929296,0.0,0.0,0.0,0.0,0.0,0.23246287914615732,0.0,0.0,0.0,0.0,0.18120188515384408,0.0,0.0,0.0,0.12883725013523278,0.0,0.19473372818149554,0.0,0.0,0.0,0.0,0.0,0.06452899497265494,0.0,0.0226732108447791,0.0,0.0,0.0,0.0,0.21042419861759618,0.35063167043513854,0.036344728819366276,0.0,0.0,0.1977921895192566,0.2613326440409924,0.39810019268954916,0.21539306743543024,0.38745668116070625,0.3249251844897175,0.2407165311671382,0.037589081224536934,0.06106726666130331,0.2952255772103818,0.23510292635057933,0.0,0.0,0.08193868934720945,0.139881168227738,0.0,0.0,0.15010573775150532,0.0,0.14598099768097858,0.12676232269913504,0.12940639000742088,0.0,0.0774866913954462,0.0944624557151,0.22591727043205115,0.0,0.31222472502813087,0.053048345483282154
0.22390235020067248,0.0,0.0,0.09206190507379979,0.026323955452657304,0.0,0.13754962619233085,0.0,0.0,0.24437497568403843,0.10790264350587403,0.1188324210665698,0.0,0.0,0.0,0.11789460227197253,0.0,0.08363552149128732,0.16110580481335446,0.0,0.3116544919520798,0.02334160108515457,0.019440242653780485,0.26544388966573873,0.0,0.0,0.020177217108593222,0.29975287006854623,0.0,0.11155866509386125,0.21711589178593912,0.0,0.09137275795903782,0.22240243605830132,0.23844623714668867,0.0,0.0226732108447791,0.0,0.0,0.0,0.0932872155112814,0.0,0.3309044326839753,0.1353247888888266,0.2238722998092589,0.196572411628648,0.0,0.0,0.25510553194088725,0.0,0.1711219633374787,0.10162455603320059,0.08536373622165232,0.0,0.0,0.0,0.18333240116314467,0.2999813009660009,0.15962129678384168,0.023604680507718738,0.0,0.0,0.0,0.0,0.0,0.34778928493671685,0.0,0.08999380446394004,0.22648392367899767,0.0,0.0,0.0,0.29565758930975194,0.0,0.1806836829910715,0.0
