0.0,0.460227228360387,0.31673353815282684,0.029327045284606595,0.41705034828177423,0.5317114238557662,0.365738595442594,0.6227387546846384,0.3156836656622875,0.12553853063413048,0.4493104904956697,0.5224792523958669,0.5962864381413944,0.0,0.45021696793331134,0.5084317977256028,0.277383048350132,0.29362479380777956,0.3124564341513575,0.4518396745269303,0.7185076201379516,0.39620813988105547,0.6141915912399143,0.2827862201255256,0.5123025336099601,0.532215443424532,0.3137670301366915,0.5596795426789763,0.6704993619161547,0.6191341815969925,0.3497380191230543,0.1074982281872213,0.0,0.0,0.0,0.5029696244516348,0.011278366374599542,0.0,0.0,0.11679126354772335,0.0,0.0,0.3402877974648941,0.04125143569370616,0.0,0.8170125271068032,0.21323536600508067,0.26361641709312356,0.05059243280206024,0.2661979794252267,0.33339544116479836,0.2548351406016161,0.5225623614116236,0.3525466329477631,0.2349023419527189,0.4070736524183658,0.21952706771971195,0.42410131213689733,0.0,0.22807348669194522,0.46975369206193845,0.3509769803123946,0.5324689278416074,0.2192547654579595,0.36005727423169204,0.6418116084561145,0.42378501703037424,0.45222860585962593,0.3116160411757108,0.42316685656618114,0.5814472846879652,0.1335127146456253,0.6159510459588406,0.3831730203850588,0.3328444218551702,0.6607398059423161
0.460227228360387,0.0,0.42617042472552186,0.2915949100651655,0.3360899905929127,0.7880120553108375,0.11762182340143505,0.5096207475109408,0.38944818789754193,0.3044886695721968,0.3833664461822392,0.32311610279100084,0.5848222647614388,0.07321654143853885,0.520259675493898,0.5725780267296429,0.5436776061356329,0.5692701141182052,0.36023858065921094,0.2534639320495209,0.41917911078227355,0.46187533910578366,0.6714815155741165,0.40143753377682156,0.7792513186802091,0.8543606552542095,0.49220550931256773,0.3608561147354128,0.10220607071692055,0.19311162258435147,0.0,0.4334246859809315,0.19908670391995723,0.0,0.0,0.3014492809492285,0.0,0.0,0.22702826532297277,0.2969257030676647,0.0,0.0,0.19079332886124395,0.0,0.10471394129017578,0.1960571024509176,0.7371269079446223,0.3134572008077959,0.0,0.2213212394743939,0.72540435501068,0.46668696273131305,0.3193293303207993,0.39050780131932966,0.4955207883891856,0.37421933719939904,0.3122212409711197,0.3704577716117187,0.08645438928525959,0.2677475023410534,0.24071373279148578,0.5416199022497046,0.20330756479322296,0.3318729242073374,0.48688961643687406,0.3441804909058447,0.5262362877364811,0.5258708737607958,0.4487034405309159,0.5833100834057494,0.6836508628218092,0.4461515667562824,0.26413644094879707,0.3787504359831873,0.4784924088980781,0.3722609459122034
0.31673353815282684,0.42617042472552186,0.0,0.0,0.715973749463229,0.5131696902240097,0.0,0.43933306883600926,0.9122785843904267,0.263073110605813,0.7654785384415135,0.34087292987954243,0.35558216342870225,0.08008894906295516,0.6006284935076542,0.6345871508536249,0.44158543471737727,0.5446385298641412,0.8259820160912735,0.6166315601251281,0.28808175067637914,0.6323377202899426,0.5186864149675617,0.17426663582313343,0.43849155153268277,0.47382852350979837,0.7744284563175913,0.26453981381390956,0.28841067845509283,0.22388288698710052,0.17173193369404832,0.11571585583651699,0.0,0.0,0.0,0.05241679745182237,0.0,0.0,0.06656212299931193,0.0,0.0,0.0,0.0,0.0,0.0,0.15140437662294962,0.31580568533457676,0.9553897650446233,0.0,0.6226812070983049,0.41565521683186013,0.5376541729385629,0.26819343835935633,0.8939667268316178,0.34806314686470397,0.8524281643049849,0.2715032290468616,0.4143350282844449,0.0,0.5492238135616394,0.30356826966555683,0.4636430479616412,0.34596619725578404,0.8435421119119838,0.7495215747022757,0.1963508373242319,0.6872543466532426,0.34284689003054697,0.2537490926416287,0.4051875858392398,0.4375820242963966,0.6530382952704443,0.4910799048048156,0.4428108941418449,0.35288642036145235,0.4012076404385253
0.029327045284606595,0.2915949100651655,0.0,0.0,0.0,0.1422232892399183,0.07763362443389932,0.0,0.0,0.1492127814136326,0.0,0.20351201415514697,0.3537922113983824,0.18727520696870123,0.0,0.0,0.16468134588774616,0.0,0.0,0.0,0.05567074551310543,0.0,0.12507378382199166,0.05181607581313575,0.12719883849529806,0.22367323953836296,0.0,0.48296545602271707,0.0,0.11272840189130326,0.0,0.0,0.0,0.0,0.0,0.2209664888156818,0.0,0.0,0.0,0.0,0.0,0.0,0.08221201016711106,0.022286186604285746,0.0,0.0,0.1395738271020358,0.0,0.15860607308358907,0.0,0.10809883970986228,0.06407777254852931,0.0,0.0,0.23304285021506665,0.0,0.21882492834585265,0.11010058999934785,0.1378969648526876,0.0,0.0,0.17014402124231992,0.0,0.0,0.0,0.0,0.0,0.170476785344898,0.030106614129796545,0.0,0.12221428064770973,0.0,0.0,0.0,0.039003087724552674,0.02577651465520258
0.41705034828177423,0.3360899905929127,0.715973749463229,0.0,0.0,0.3507432002495288,0.37948991468520316,0.46741289913434525,0.8112632678658283,0.15493497252946598,0.7577709228028222,0.3585653255182242,0.49810293176921,0.0,0.5939516946081449,0.4719645291522125,0.3038868773598452,0.3431971601543084,0.500121383874883,0.5716861655164742,0.39971244203212564,0.5623658309215603,0.4129969788044678,0.013568991973889211,0.3552319069090934,0.39047080752529323,0.6956094222942077,0.3470980601288053,0.4004685643595016,0.1988117594464502,0.3188714997117106,0.28117274769690664,0.0,0.0,0.0,0.18722805986059818,0.0,0.0,0.10986574990525835,0.0,0.0,0.0,0.0,0.0,0.0,0.1855894900554032,0.18383705212874743,0.6899548352744085,0.013812979446587478,0.5764562902384995,0.22974055961707138,0.45097581451682384,0.30116672614262613,0.8095613003859148,0.2654244258626343,0.7766056732087494,0.1979807913366259,0.48554133300083296,0.0,0.5915826852120238,0.46905442003427483,0.42681503286583067,0.47621288706640474,0.4623167723858284,0.6638375927726908,0.3789818841925619,0.624971013330017,0.16802547972277293,0.05613226833432966,0.3871884371311724,0.3890119579204968,0.5924617835285234,0.49490787116623536,0.43758416476201084,0.2528041498966079,0.4904697617455306
0.5317114238557662,0.7880120553108375,0.5131696902240097,0.1422232892399183,0.3507432002495288,0.0,0.21831979953871172,0.692038706530002,0.4225965456361981,0.22558178081483052,0.47236644084260604,0.37051130160653845,0.49226908100919464,0.22257121260790003,0.33822780003938085,0.5539928480704351,0.4463249686093467,0.5615775927860094,0.40116844549189073,0.31165949642718105,0.4520381245914961,0.3335188528553123,0.8086398727337051,0.47110835175710947,0.6905021446579637,0.7564666627951749,0.49257242760877296,0.31409599331119636,0.3165630327039508,0.3434699523483828,0.14966783422454294,0.2895485675480675,0.18504469203853433,0.0,0.0,0.22448612937421503,0.0,0.0,0.16889805353860465,0.24452041534904173,0.0,0.0,0.15344942335776665,0.0,0.11767208342152,0.350277487906584,0.5612905315174542,0.45086774556690407,0.0,0.27858824214870037,0.7282509151693491,0.4005829620500186,0.5764866670228882,0.3808802457180235,0.3648067205380846,0.47152167375101095,0.32822241250484324,0.3016699277314393,0.08275610134880604,0.126035896403268,0.17387704692533265,0.4439659038721417,0.17479235259988785,0.42174883738450414,0.4501052987990341,0.28341557358397557,0.40442768252991107,0.7673906420947695,0.5207577629087533,0.4320897129556019,0.5362744773177948,0.4071031085162532,0.2972642483369986,0.2899674559557451,0.5305598253552501,0.4251898366719831
0.365738595442594,0.11762182340143505,0.0,0.07763362443389932,0.37948991468520316,0.21831979953871172,0.0,0.12455263330989494,0.0,0.04784721496188552,0.08040662052938546,0.1945896394042872,0.28142609476731595,0.10872457233733829,0.09462012772999376,0.16547940107476927,0.0,0.11428384547190212,0.0,0.16851350108159624,0.29224227515547785,0.11790977286381488,0.03715564283083308,0.0,0.19518946993642575,0.09994986345294925,0.17677871461224454,0.10955669443235579,0.5395513604369928,0.12453563962989106,0.23420623556364845,0.06421749008096043,0.0,0.0,0.0,0.013276908524409239,0.0,0.0,0.0,0.0,0.0,0.0,0.0,0.0,0.0,0.2797879954636099,0.021867201522118507,0.0,0.09432199185040702,0.054534858685241425,0.0,0.1531263514041347,0.07548575067735332,0.0,0.07726276210406972,0.03892936214612436,0.13875665690935454,0.037268502966230674,0.0,0.15739068075109905,0.43858312758837015,0.0646550333976712,0.33715914705448574,0.0,0.03668922455536681,0.2710608856154931,0.08180932020262832,0.0,0.0,0.12216698302556919,0.028403914940615765,0.08828483221176815,0.06758096571658148,0.17296088200258825,0.0,0.16318353759660517
0.6227387546846384,0.5096207475109408,0.43933306883600926,0.0,0.46741289913434525,0.692038706530002,0.12455263330989494,0.0,0.453357007611146,0.05360257572351209,0.582846435006777,0.4693279844110424,0.6333441583005187,0.053936108913155534,0.41977908546918513,0.28334522614071644,0.25490916674340797,0.17464284494943846,0.24372520386541074,0.3049478377307881,0.6844104366914662,0.20346266630351276,0.8826921276191978,0.4043537797322634,0.37502705749623294,0.6139367864296756,0.26478115745715797,0.49133877860227687,0.2645858282202161,0.4361891856259566,0.11578803867670315,0.34112293126306825,0.0,0.0,0.0,0.4972627325255442,0.0,0.0,0.15221138665712006,0.11104231903727968,0.0,0.0,0.30096793779520553,0.0,0.0,0.41638678212215263,0.19128044205336703,0.33604673306195076,0.0,0.3592347830478145,0.47500369984173496,0.25703193581324235,0.8640885418434505,0.4447996868394008,0.2197596069633875,0.5011875411527651,0.29468242412149037,0.5037292269287941,0.039460717249163176,0.16316548154517962,0.093019775317859,0.4169222825651791,0.24155842452159748,0.18910093855178223,0.42108166028766375,0.5827405413453008,0.32773649866616533,0.636155493211582,0.4185754794847301,0.2299181112985662,0.5611500621031673,0.1618699651491472,0.4361108628130494,0.21438971027621284,0.3548782950188823,0.4720052047919565
0.3156836656622875,0.38944818789754193,0.9122785843904267,0.0,0.8112632678658283,0.4225965456361981,0.0,0.453357007611146,0.0,0.4210775079408912,0.7446903855761137,0.4472927787127715,0.3459242932297444,0.017093245971513543,0.5570167602875296,0.5923551620017304,0.5454096818854512,0.5177582289979885,0.6437344304013938,0.56926086588873,0.31725543067640405,0.5728741692952966,0.4835186712568105,0.14398651803277324,0.485463284279683,0.5235289792427397,0.7532986012725772,0.29837943662921484,0.30384668575004264,0.17100265784593852,0.19770147548861192,0.052164856283098054,0.0,0.0,0.0,0.06924673964071808,0.0,0.0,0.0,0.0,0.0,0.0,0.0,0.0,0.0,0.15469887808677543,0.30508181682070085,0.8789738383008525,0.0,0.6386433268179468,0.39010215177096114,0.5856073283742134,0.2854246103583075,0.9438470681470466,0.4814298191155315,0.8484638956186629,0.37062358430423686,0.50896363968069,0.0,0.6262088995479355,0.3675212211799428,0.5565441546631991,0.4306692820848875,0.704305086240359,0.7426100648796833,0.2647399998405515,0.6627599299197172,0.3337409811460247,0.22442549961401667,0.40909639919437724,0.4815703994816969,0.7271273003497893,0.5098647588154607,0.49503868078452146,0.33623809790699577,0.4003310995349012
0.12553853063413048,0.3044886695721968,0.263073110605813,0.1492127814136326,0.15493497252946598,0.22558178081483052,0.04784721496188552,0.05360257572351209,0.4210775079408912,0.0,0.10536959910962022,0.6723550066600323,0.16108495749756077,0.05131744066329782,0.21950860206079068,0.4179956512933741,0.8849214303870291,0.6092020213565625,0.17856017593038462,0.1584553916894269,0.14170831890113264,0.28188373192028937,0.14631840868831236,0.3942998697352824,0.5652533393813352,0.5407805197761776,0.34196942924609003,0.2697656910529744,0.07107411826757269,0.17372911456729198,0.24090750199560315,0.0,0.0,0.0,0.0,0.15893139776695553,0.12054095621387731,0.24257629235078337,0.0,0.0,0.0,0.0,0.0,0.19293056992499116,0.2246784758708169,0.1322861976131139,0.3871674697858038,0.27331633352368584,0.07425706317921665,0.4215006458468573,0.41066607737582,0.7350924208255617,0.047641308845437734,0.33650909241189386,0.888326470343263,0.24683840804328386,0.8346251305017885,0.41327360042638034,0.0,0.35622899376924444,0.29607372249136416,0.6784808511635843,0.44670415349210774,0.19663389782295648,0.35705364338883705,0.21254086834795505,0.4027180829901206,0.3046086261829546,0.48036741001960365,0.3624463805027027,0.49986480234252173,0.6212086685304236,0.4835449439997347,0.4332645574401131,0.35390521068852193,0.34962301053340816
0.4493104904956697,0.3833664461822392,0.7654785384415135,0.0,0.7577709228028222,0.47236644084260604,0.08040662052938546,0.582846435006777,0.7446903855761137,0.10536959910962022,0.0,0.2610316069560688,0.4696070395463205,0.0,0.38367396211297883,0.4247104029123289,0.32558280199669215,0.41833024311834593,0.6279716259755215,0.4103110951535456,0.2664528474748938,0.41166999620530903,0.505221182418011,0.26330160012484205,0.41423815323956914,0.39605157766919713,0.5722671305250534,0.4125391746521737,0.23389916499107133,0.39947956648490107,0.38131631970491336,0.26302590819982496,0.02673259870981338,0.0,0.0,0.393175257882964,0.0,0.0,0.25343770285102374,0.07027633894200826,0.0,0.0,0.15030569763066404,0.0,0.0559896138561967,0.17652263570145815,0.22326279684812658,0.7603026542129718,0.011696395710730187,0.4367695527488504,0.2757697089043263,0.2854126194849274,0.47856300607632396,0.6513077000835367,0.22892369682996022,0.9475424169069276,0.10827690724579864,0.4063356689427864,0.0,0.26964521638708333,0.14315877221097187,0.3708198359952669,0.2429547903672567,0.5965742106052125,0.5023323802782002,0.2163157281367857,0.47244495765245514,0.40556999653091114,0.29357792188881604,0.3354049771248076,0.3518443545943551,0.4518926289319285,0.5405364817423227,0.2692594696701587,0.4271196089288157,0.5629946276735038
0.5224792523958669,0.32311610279100084,0.34087292987954243,0.20351201415514697,0.3585653255182242,0.37051130160653845,0.1945896394042872,0.4693279844110424,0.4472927787127715,0.6723550066600323,0.2610316069560688,0.0,0.6520533796060041,0.0,0.5783614727579249,0.3443628813011823,0.6446930154658889,0.3693926614721461,0.2884849148280955,0.4393612917783958,0.668243767065397,0.4137761535116919,0.520867041283662,0.21111290179289677,0.32311213899235,0.5620176673650996,0.28501699193485763,0.7217859120670441,0.4024672598127519,0.5328910594795168,0.1791225422834398,0.0,0.0,0.0,0.0,0.5017599200114107,0.2710836702570392,0.0,0.0,0.0,0.0,0.0,0.23437647958571114,0.34633802677519687,0.0,0.4394947631839851,0.17321501717931456,0.2310857243046276,0.212617257172744,0.5485585485524088,0.3822506651375568,0.6490296133702831,0.3148671613202455,0.4715451110220743,0.6637874585378886,0.3391944145088871,0.8364474201489138,0.7308375174611674,0.0,0.41355445080482756,0.44538497795620935,0.7789473587603555,0.6820612190128107,0.15537257471503038,0.4624103889021437,0.6459166355196764,0.4816261316811441,0.34952338257955967,0.3226562061744086,0.23860391775920423,0.6345910320896239,0.3748504418956918,0.7372030162612395,0.4020735370073323,0.3241868675592666,0.6003730443507304
0.5962864381413944,0.5848222647614388,0.35558216342870225,0.3537922113983824,0.49810293176921,0.49226908100919464,0.28142609476731595,0.6333441583005187,0.3459242932297444,0.16108495749756077,0.4696070395463205,0.6520533796060041,0.0,0.0,0.6930594568831663,0.3939599363325996,0.33738120278627565,0.28857179923660764,0.26756255699038395,0.49166493555215324,0.7275985628942946,0.4625501619029095,0.6453985006102588,0.08974825219400694,0.2785530018357131,0.5513216313140991,0.292347847708392,0.8588225790335445,0.37046173443521946,0.42665737496585737,0.17777669638133353,0.2013933087906057,0.0,0.0,0.0,0.588032995947372,0.0,0.0,0.0,0.0,0.0,0.0,0.29279297072622074,0.0038346552061228286,0.0,0.31852917769159234,0.2959839735451935,0.1901518190544097,0.07485063743902667,0.446398669802237,0.40531113254775164,0.4753806011514924,0.46758301284444276,0.429654064165897,0.34462042431028833,0.4403727771918552,0.4069434936488677,0.7502303535407939,0.04314271900873642,0.35096632017380236,0.4004789053501698,0.611539495809085,0.527852310067328,0.10386338889724755,0.5103501148735439,0.6420698813096363,0.5199780002956883,0.3296513917992377,0.18841739965792192,0.32557475807893893,0.5998907418523262,0.2145095085185566,0.6053038358638605,0.3122488665484129,0.301888451178242,0.6097871317450101
0.0,0.07321654143853885,0.08008894906295516,0.18727520696870123,0.0,0.22257121260790003,0.10872457233733829,0.053936108913155534,0.017093245971513543,0.05131744066329782,0.0,0.0,0.0,0.0,0.0,0.0,0.0016837291788115714,0.0,0.10429059163969534,0.09460776389983729,0.0,0.03665223556473576,0.18619653431284167,0.0,0.0744576450651065,0.16491002576721506,0.1961776681554282,0.0,0.09004840857339239,0.0,0.0,0.0,0.07899390665632494,0.005069872462837853,0.11872063252883264,0.0,0.0,0.0,0.0,0.015416156139782644,0.0,0.07112968129494196,0.0,0.0,0.0,0.017679240962973186,0.11875938572512205,0.15768771153977149,0.0,0.08870908752367294,0.16573840355317757,0.14428272952124976,0.10610609527914694,0.032199465082006114,0.030106046372719065,0.0,0.06165169059581918,0.0,0.34753470816076953,0.11254881440649998,0.0,0.0,0.0,0.12425678508742148,0.014029143869879955,0.0,0.0,0.2738546785762697,0.0,0.0,0.0,0.19729910733581976,0.0,0.0,0.0,0.0
0.45021696793331134,0.520259675493898,0.6006284935076542,0.0,0.5939516946081449,0.33822780003938085,0.09462012772999376,0.41977908546918513,0.5570167602875296,0.21950860206079068,0.38367396211297883,0.5783614727579249,0.6930594568831663,0.0,0.0,0.5624245409997767,0.3457539747781528,0.29757826707942814,0.5368651145103902,0.8012904176656221,0.6994921126690175,0.832023288378705,0.5070243403693496,0.0,0.22161083654350672,0.5034734922974106,0.5728679260406125,0.5797703978930758,0.44043205751944875,0.2640129015255781,0.026419073170278775,0.24875347564995304,0.0,0.0,0.0,0.28181691783557544,0.1542377422297223,0.0,0.0,0.0,0.0,0.0,0.025586805680909028,0.12125834300521349,0.0,0.2939162483244826,0.37483450729132334,0.40190620927198495,0.03993136322843705,0.6395270847768786,0.47452742350635674,0.6497279880091178,0.18575259207475142,0.7417329827583088,0.3769791698641434,0.4272761117596999,0.40177589824794974,0.726831805386258,0.06086075055562635,0.7706388945502574,0.6170849475253828,0.6458148527847456,0.619900023081576,0.3527432734761366,0.8674828026719876,0.6538382324604926,0.889202616211965,0.15637646252609794,0.06269410619436479,0.44247916251292413,0.6462648792499815,0.516951244517702,0.5897128517188879,0.6304599931434363,0.2828226017332093,0.557122424088292
0.5084317977256028,0.5725780267296429,0.6345871508536249,0.0,0.4719645291522125,0.5539928480704351,0.16547940107476927,0.28334522614071644,0.5923551620017304,0.4179956512933741,0.4247104029123289,0.3443628813011823,0.3939599363325996,0.0,0.5624245409997767,0.0,0.6325249223950196,0.8206616071513585,0.5749518741460474,0.6563137238132578,0.32759974172676964,0.7668387507158784,0.3062070970247259,0.36610264535925846,0.621916395818722,0.6373431602116949,0.6628736181338912,0.2273954686913612,0.474419222980322,0.24827239357158676,0.44410443112293807,0.14564064405474678,0.14448625548456456,0.063543716213484,0.0,0.06807220426080923,0.0,0.04117316874852827,0.07471280546704594,0.19642347411582928,0.0,0.0,0.0,0.0,0.1998499987610897,0.3091192871093669,0.5378526406837565,0.5766840442680401,0.0,0.43793747468714556,0.48787043807348573,0.6621777299673973,0.1554350542868576,0.6016119260993863,0.5175096103950058,0.47552400676646756,0.39260731996444576,0.3970959352969559,0.0,0.45147404309434164,0.5775214805254595,0.5498832162361288,0.5122624043377757,0.5642274487184262,0.7174994925537483,0.20504507631032126,0.7423367229231618,0.2578019651641325,0.452852143071191,0.5617467248915731,0.561524096485199,0.6255222865291232,0.4878281175469144,0.5496015060101809,0.5929800117788249,0.5131207481534749
0.277383048350132,0.5436776061356329,0.44158543471737727,0.16468134588774616,0.3038868773598452,0.4463249686093467,0.0,0.25490916674340797,0.5454096818854512,0.8849214303870291,0.32558280199669215,0.6446930154658889,0.33738120278627565,0.0016837291788115714,0.3457539747781528,0.6325249223950196,0.0,0.7950873407560864,0.4148817756769013,0.2536963110315376,0.1948515620475439,0.42867429035768523,0.34617278991856354,0.5911099545114641,0.6980866290742522,0.74713916482735,0.4780271653000717,0.3616406545281416,0.03252469540466642,0.2988035440452244,0.32217735618369675,0.0,0.13667760691422706,0.0592456512398497,0.0,0.2735312360582441,0.0,0.2807762045444527,0.0,0.07983340027047134,0.0,0.0,0.05335524397291969,0.0,0.3227769263372425,0.1687132781997216,0.5194625656703126,0.44250067969780515,0.0,0.39260284301806375,0.5525024773057274,0.7495284950339245,0.1527480995598937,0.45572726287155224,0.8942185901917029,0.41932223601005614,0.774482764356419,0.4822267621779506,0.0,0.2973925935509556,0.2515421911541639,0.7677760649078043,0.3972088253751858,0.4070072668394847,0.5006375271303812,0.18588714894977187,0.550453795132223,0.4550133431909909,0.6639829894089544,0.44257389511382594,0.6405623695144753,0.6962289401951912,0.5499081022647464,0.44685726816807536,0.6068104981403745,0.500678508647804
0.29362479380777956,0.5692701141182052,0.5446385298641412,0.0,0.3431971601543084,0.5615775927860094,0.11428384547190212,0.17464284494943846,0.5177582289979885,0.6092020213565625,0.41833024311834593,0.3693926614721461,0.28857179923660764,0.0,0.29757826707942814,0.8206616071513585,0.7950873407560864,0.0,0.5386658914328788,0.38475885734695,0.07138078667370508,0.5561877901874753,0.20547620538102992,0.5187340713534352,0.7040666990247978,0.5958938723790324,0.5540402119234826,0.1998223774498913,0.2160799318668316,0.29203235095995617,0.4593049190006496,0.0,0.24625305337158218,0.1736389881925984,0.07716562875760001,0.11573893842493833,0.0,0.3276023364176499,0.056401820172621284,0.22660217105653865,0.055647059470405706,0.17205492962100316,0.05315430620466471,0.0,0.3798883291722374,0.09847480504898116,0.5350443813982373,0.5421380303538142,0.0,0.3415414789263038,0.5046220632630374,0.6489824990807753,0.11812690866385762,0.44909753873670294,0.6151249691094163,0.48758933978450536,0.5448807456369571,0.30718464846310123,0.0,0.22607401774256167,0.39882252265782203,0.5772617284791465,0.4179650536612974,0.5572855247785952,0.5310806250897299,0.0,0.569680029483116,0.32148750803930526,0.5922086205051724,0.4517756627645765,0.45133040164080435,0.6318874537207546,0.479712599502723,0.398515069276949,0.6280943837635908,0.46563032618883915
0.3124564341513575,0.36023858065921094,0.8259820160912735,0.0,0.500121383874883,0.40116844549189073,0.0,0.24372520386541074,0.6437344304013938,0.17856017593038462,0.6279716259755215,0.2884849148280955,0.26756255699038395,0.10429059163969534,0.5368651145103902,0.5749518741460474,0.4148817756769013,0.5386658914328788,0.0,0.614857570006964,0.19318049284603836,0.7026747560405289,0.34796980402706346,0.138120310994848,0.33256549814486835,0.3725788148440091,0.693491895414217,0.2897954962384609,0.31212657342063904,0.4273733691625251,0.20658669241095923,0.0,0.0,0.0,0.0,0.06381429034804474,0.0,0.0,0.0,0.0,0.0,0.0,0.0,0.0,0.0,0.10785756907956641,0.23786013647911075,0.7653683660039319,0.0,0.38351691344129996,0.2486857366289739,0.3988149001896038,0.05293957874524169,0.6402701482742906,0.280523176403139,0.6475419676363809,0.23493365684829004,0.23907610294749415,0.0,0.37597423265311536,0.21874285373053257,0.3839205853571542,0.24160990418510045,0.9214409807532838,0.6146355096178439,0.04827303888730807,0.6364334231841895,0.26481088062146535,0.2234556888990749,0.24392294972338777,0.2778568947977198,0.5395647607494045,0.44382533950345393,0.30802107398112644,0.49986437278724627,0.46612462314153075
0.4518396745269303,0.2534639320495209,0.6166315601251281,0.0,0.5716861655164742,0.31165949642718105,0.16851350108159624,0.3049478377307881,0.56926086588873,0.1584553916894269,0.4103110951535456,0.4393612917783958,0.49166493555215324,0.09460776389983729,0.8012904176656221,0.6563137238132578,0.2536963110315376,0.38475885734695,0.614857570006964,0.0,0.5391169825532939,0.9192055291681789,0.34074273322375137,0.0,0.12746443133202268,0.324446645297835,0.6651570523470844,0.39881520469251763,0.6594132772644127,0.3935867632103578,0.33021738354718916,0.0,0.0,0.0,0.0,0.05935306079889917,0.0787470155922292,0.0,0.0,0.0,0.0,0.0,0.0,0.10031336424809045,0.0,0.32266640513345823,0.1693852474366219,0.542107395567355,0.15473719722190526,0.6161577182727441,0.21680628850685435,0.5606323768101453,0.1695406235495711,0.6969480267188387,0.21261382514063806,0.5077245098789739,0.32145030878225617,0.5341426737873463,0.0,0.7110445572373485,0.5924108308929769,0.41895227356316544,0.5395591157251117,0.4676658549875241,0.8457747121093112,0.4081999485695725,0.8081521965286741,0.13394654294816885,0.02158046011767305,0.26474223649519857,0.40523964920695427,0.5419280059809252,0.5879672745280791,0.485873505096745,0.30671894190210464,0.4826983206257627
0.7185076201379516,0.41917911078227355,0.28808175067637914,0.05567074551310543,0.39971244203212564,0.4520381245914961,0.29224227515547785,0.6844104366914662,0.31725543067640405,0.14170831890113264,0.2664528474748938,0.668243767065397,0.7275985628942946,0.0,0.6994921126690175,0.32759974172676964,0.1948515620475439,0.07138078667370508,0.19318049284603836,0.5391169825532939,0.0,0.4177512569045418,0.680073346307333,0.0205409929600541,0.23796144420899668,0.5133112332532722,0.2083377754462254,0.7218567692439808,0.6209314417674289,0.4927300671432722,0.0,0.13639525326223295,0.0,0.0,0.0,0.5716854609287773,0.33970670910134243,0.0,0.0,0.0,0.0,0.0,0.27509806390210734,0.32971114660310546,0.0,0.6936155549049885,0.22597117080297757,0.1334171130334875,0.10509060340160159,0.5251127430979894,0.45209956186020334,0.43433710112699936,0.5323894021650644,0.48189872240916065,0.2712716840713621,0.2567923691136123,0.39430176147420415,0.725890843604859,0.017267339287378322,0.40548455273331296,0.5461226467005391,0.5358536325500503,0.6927192682851305,0.029652500412777314,0.5395651604035346,0.9047855107140859,0.5309006418660397,0.37717008833539173,0.1496901019942554,0.356643686872869,0.6991918282840404,0.12085167774618293,0.6351126125750284,0.5167456099284229,0.20237045449344881,0.6123224275606932
0.39620813988105547,0.46187533910578366,0.6323377202899426,0.0,0.5623658309215603,0.3335188528553123,0.11790977286381488,0.20346266630351276,0.5728741692952966,0.28188373192028937,0.41166999620530903,0.4137761535116919,0.4625501619029095,0.03665223556473576,0.832023288378705,0.7668387507158784,0.42867429035768523,0.5561877901874753,0.7026747560405289,0.9192055291681789,0.4177512569045418,0.0,0.2750719627768369,0.031216039879483733,0.31808257275294444,0.45699359428527203,0.7595171742152135,0.35314271070889586,0.5221101822581617,0.3073692035224583,0.32694382834600333,0.11532427234458154,0.0,0.0,0.0,0.03555404337114063,0.0,0.0,0.0,0.0,0.0,0.0,0.0,0.0,0.0,0.15359953256020828,0.36168883544254543,0.5467346608833357,0.02938117545661313,0.5144615525335362,0.2877013924737142,0.6111153090112769,0.0,0.6659314459505433,0.3794506036628187,0.48553713089633077,0.37951166811703013,0.45087552545539716,0.0,0.736888722848817,0.5965402155012928,0.5031282090688981,0.4964456651027981,0.5588045734303168,0.8717444098740921,0.32092468104195204,0.9186508432431457,0.08111599291106394,0.15381072872199306,0.3816080694096272,0.46452029933006617,0.6588235005253189,0.5406588691166564,0.5625999951852475,0.45816472018187854,0.4972548124103315
0.6141915912399143,0.6714815155741165,0.5186864149675617,0.12507378382199166,0.4129969788044678,0.8086398727337051,0.03715564283083308,0.8826921276191978,0.4835186712568105,0.14631840868831236,0.505221182418011,0.520867041283662,0.6453985006102588,0.18619653431284167,0.5070243403693496,0.3062070970247259,0.34617278991856354,0.20547620538102992,0.34796980402706346,0.34074273322375137,0.680073346307333,0.2750719627768369,0.0,0.34866988061346715,0.4815901032617833,0.7304995206526622,0.3772682802831668,0.5293984358660458,0.29332747955168664,0.4107307460262457,0.0,0.23469245301298697,0.0,0.0,0.0,0.40710423635429654,0.0,0.0,0.0011394759023789348,0.03670718312066832,0.0,0.0,0.2961042550610931,0.0,0.0,0.48642159599158774,0.3634833002100448,0.3940243529016353,0.0,0.4358160094080307,0.6488773722513692,0.3783454707149063,0.7121462105859131,0.5112511811433759,0.3099881674172687,0.4870022795292597,0.3365365554689096,0.5275501508927334,0.17697826214777496,0.24876294483087644,0.1236507016339796,0.4570363461522839,0.24083868978843886,0.29653868733721245,0.475876846961536,0.5496519564332966,0.4013918327226409,0.787900173530221,0.36760709601202446,0.35248825891915414,0.6802189800321857,0.2977766074955199,0.43831461225508306,0.3020744542897642,0.3249475873298744,0.44479622567375054
0.2827862201255256,0.40143753377682156,0.17426663582313343,0.05181607581313575,0.013568991973889211,0.47110835175710947,0.0,0.4043537797322634,0.14398651803277324,0.3942998697352824,0.26330160012484205,0.21111290179289677,0.08974825219400694,0.0,0.0,0.36610264535925846,0.5911099545114641,0.5187340713534352,0.138120310994848,0.0,0.0205409929600541,0.031216039879483733,0.34866988061346715,0.0,0.5576141503357235,0.6069765434933503,0.08777402870881319,0.03775467497211684,0.0,0.2983395478414713,0.42949553093717185,0.16596780165972178,0.5902917710940545,0.4544220477859092,0.35848711647073084,0.2900443033297374,0.0,0.585658513511932,0.33782815136199523,0.5735217818285274,0.38958708577368234,0.41901970680416645,0.22624933384750054,0.0,0.6392112932324011,0.12891370406364194,0.26473784178666204,0.21189120358127156,0.0,0.0,0.3353313011559287,0.13508928716377336,0.4036869608114635,0.0,0.423490038888956,0.24482489480689307,0.3962059396435201,0.09015941894274707,0.0,0.0,0.0,0.3072415069595384,0.0,0.25798712750172453,0.10835262275123457,0.0,0.09829332201859631,0.4921651806649057,0.9023791359769716,0.1590724736880747,0.3998475506489183,0.18693087401215752,0.2487154468670048,0.0,0.5956971796647821,0.3616186221209442
0.5123025336099601,0.7792513186802091,0.43849155153268277,0.12719883849529806,0.3552319069090934,0.6905021446579637,0.19518946993642575,0.37502705749623294,0.485463284279683,0.5652533393813352,0.41423815323956914,0.32311213899235,0.2785530018357131,0.0744576450651065,0.22161083654350672,0.621916395818722,0.6980866290742522,0.7040666990247978,0.33256549814486835,0.12746443133202268,0.23796144420899668,0.31808257275294444,0.4815901032617833,0.5576141503357235,0.0,0.7735570315361665,0.5218355595468073,0.19260349953539846,0.21697659166982258,0.24104165877536868,0.250827196415502,0.15731844724826327,0.3280368943629174,0.20641237344804644,0.01633764454846115,0.1451580383356578,0.0,0.2697591356251975,0.13832246090264746,0.3910136137211539,0.09014690981216907,0.0863660913232851,0.011916578057533572,0.0,0.3743016474554668,0.3182840605371166,0.6747512947922529,0.49084230306992993,0.0,0.1702565056786005,0.6469171214712371,0.5168106701591156,0.2976920190766691,0.36796703055617225,0.6596062085407972,0.4642564985625499,0.38071009441591563,0.2105878230179469,0.0,0.23894265154989774,0.3025788210626198,0.47912745590638456,0.2552926814504511,0.40069908010586336,0.3862170114608232,0.2259634014768615,0.4444366752961611,0.6126243714589796,0.5818886570414143,0.7125705463942397,0.6007444009667371,0.5654446378464603,0.3358583944955478,0.4731175005476858,0.5364972140240856,0.40345156756760114
0.532215443424532,0.8543606552542095,0.47382852350979837,0.22367323953836296,0.39047080752529323,0.7564666627951749,0.09994986345294925,0.6139367864296756,0.5235289792427397,0.5407805197761776,0.39605157766919713,0.5620176673650996,0.5513216313140991,0.16491002576721506,0.5034734922974106,0.6373431602116949,0.74713916482735,0.5958938723790324,0.3725788148440091,0.324446645297835,0.5133112332532722,0.45699359428527203,0.7304995206526622,0.6069765434933503,0.7735570315361665,0.0,0.4906682919222117,0.39179789525678715,0.1826612287870669,0.2876947953236834,0.05631319991620245,0.23433662401469563,0.16470529535828862,0.0,0.0,0.33522157204661907,0.0,0.0,0.02756046627954473,0.21213529969807166,0.0,0.0,0.15089461733598375,0.0,0.1577337980588174,0.36217948610426914,0.6054566097290548,0.3922972769271398,0.0,0.38020510926507006,0.6833875318549915,0.5859215822306437,0.4093735088791819,0.4929242109629559,0.6656662107777086,0.4314460195044947,0.5662987610687494,0.509814630769185,0.048821617797115295,0.32091080475776596,0.24096451155835244,0.6595916617611074,0.3199288592008825,0.35285803040615193,0.5502644342938192,0.42498125638446205,0.5629496041976414,0.5958191512672315,0.6138444475155133,0.5088191892403184,0.8307366615269385,0.5279723644930104,0.42547854259170265,0.4282111420633491,0.5581178454034498,0.47238624505902527
0.3137670301366915,0.49220550931256773,0.7744284563175913,0.0,0.6956094222942077,0.49257242760877296,0.17677871461224454,0.26478115745715797,0.7532986012725772,0.34196942924609003,0.5722671305250534,0.28501699193485763,0.292347847708392,0.1961776681554282,0.5728679260406125,0.6628736181338912,0.4780271653000717,0.5540402119234826,0.693491895414217,0.6651570523470844,0.2083377754462254,0.7595171742152135,0.3772682802831668,0.08777402870881319,0.5218355595468073,0.4906682919222117,0.0,0.1399256604601071,0.44446994564463527,0.13873529375973803,0.2444717163773647,0.12394716906671696,0.0,0.0,0.0,0.0,0.0,0.0,0.06662750463031425,0.0,0.0,0.0,0.0,0.0,0.015511966310745497,0.10687627457790873,0.41285171269624504,0.7547499212218313,0.0,0.46118977009330914,0.39679108711486943,0.6091654807165691,0.07075472961503201,0.7558822742486057,0.4155122259322247,0.6442189467183422,0.25028490773571055,0.22316098687322253,0.0,0.6118638534854024,0.4212110920501363,0.38684202333120343,0.31347949119406127,0.6626776952149909,0.7469471570825441,0.1739769331304072,0.768241860570101,0.29101629004299795,0.1780051467597354,0.4632920876820249,0.34923205737112983,0.9134519662299573,0.34343238057685077,0.60829448480916,0.3828570825515058,0.33202651455941834
0.5596795426789763,0.3608561147354128,0.26453981381390956,0.48296545602271707,0.3470980601288053,0.31409599331119636,0.10955669443235579,0.49133877860227687,0.29837943662921484,0.2697656910529744,0.4125391746521737,0.7217859120670441,0.8588225790335445,0.0,0.5797703978930758,0.2273954686913612,0.3616406545281416,0.1998223774498913,0.2897954962384609,0.39881520469251763,0.7218567692439808,0.35314271070889586,0.5293984358660458,0.03775467497211684,0.19260349953539846,0.39179789525678715,0.1399256604601071,0.0,0.3902564153506922,0.6055256108515765,0.17108046828842968,0.0,0.0,0.0,0.0,0.6849652571133976,0.15665791894678607,0.0,0.0,0.0,0.0,0.0,0.3299969838510782,0.2811355817766084,0.0,0.3946121443274916,0.1882480594730855,0.1536087006122501,0.3399919342832654,0.47777631225391853,0.33018283749712385,0.4557453906481441,0.37645847027323154,0.3418159276798691,0.3997083342293224,0.37780949410524955,0.4547166242489145,0.768078881951696,0.06345675247383169,0.24644108942577508,0.36504241037689417,0.6220790124083728,0.5831325390343803,0.11388063414763762,0.3621663742624478,0.659544805638544,0.41663630400424206,0.3376447157808637,0.17249682228159482,0.27517057136058615,0.5414775893728414,0.10583359915338196,0.7294752722769366,0.32273395525980336,0.29703367804009045,0.6589258726706001
0.6704993619161547,0.10220607071692055,0.28841067845509283,0.0,0.4004685643595016,0.3165630327039508,0.5395513604369928,0.2645858282202161,0.30384668575004264,0.07107411826757269,0.23389916499107133,0.4024672598127519,0.37046173443521946,0.09004840857339239,0.44043205751944875,0.474419222980322,0.03252469540466642,0.2160799318668316,0.31212657342063904,0.6594132772644127,0.6209314417674289,0.5221101822581617,0.29332747955168664,0.0,0.21697659166982258,0.1826612287870669,0.44446994564463527,0.3902564153506922,0.0,0.42875576663469883,0.3030998202224039,0.0,0.0,0.0,0.0,0.0897400723509564,0.1188733419277244,0.0,0.0,0.0,0.0,0.0,0.013647869864060882,0.15434935035636205,0.0,0.6704694446873704,0.09290678833881218,0.29904118926333817,0.19082021646339967,0.339579393901237,0.13272264145558857,0.3494951517732674,0.20229333567151603,0.3896108773526149,0.10178633453925573,0.25461190825535673,0.18319575586691547,0.31897272291662915,0.0,0.4071579199152246,0.7112998048778771,0.20072849988785368,0.6272210309655083,0.221055444919492,0.4249751562015372,0.5129304304980603,0.47378569411272853,0.2210814467287502,0.0,0.32004533708101235,0.29355276094515637,0.25569250982116615,0.46509967053690404,0.5455290432074783,0.13217631437263333,0.4634504135350498
0.6191341815969925,0.19311162258435147,0.22388288698710052,0.11272840189130326,0.1988117594464502,0.3434699523483828,0.12453563962989106,0.4361891856259566,0.17100265784593852,0.17372911456729198,0.39947956648490107,0.5328910594795168,0.42665737496585737,0.0,0.2640129015255781,0.24827239357158676,0.2988035440452244,0.29203235095995617,0.4273733691625251,0.3935867632103578,0.4927300671432722,0.3073692035224583,0.4107307460262457,0.2983395478414713,0.24104165877536868,0.2876947953236834,0.13873529375973803,0.6055256108515765,0.42875576663469883,0.0,0.4012708853380844,0.0,0.0,0.0,0.0,0.5353655656621669,0.15727254688997871,0.0,0.0,0.0,0.0,0.0,0.305059130784227,0.2780642043498042,0.0,0.4834150017055758,0.06436258026725206,0.21192112147979525,0.27099853343821406,0.19831690024620396,0.15724372863724403,0.1755956314468217,0.38924292334647337,0.16228432806410467,0.2335136759623167,0.3621950585850896,0.3284174615180792,0.4060796789261781,0.0,0.0,0.17084123088150296,0.35534417740667207,0.35940269309465117,0.2989420409378017,0.1807700679990677,0.39104411318989474,0.25548858161368065,0.46460936754239435,0.37540503888656146,0.10708232562391651,0.3440599494180946,0.05168018880452825,0.6773173079052373,0.1264249899087837,0.49866092683735613,0.664112029204527
0.3497380191230543,0.0,0.17173193369404832,0.0,0.3188714997117106,0.14966783422454294,0.23420623556364845,0.11578803867670315,0.19770147548861192,0.24090750199560315,0.38131631970491336,0.1791225422834398,0.17777669638133353,0.0,0.026419073170278775,0.44410443112293807,0.32217735618369675,0.4593049190006496,0.20658669241095923,0.33021738354718916,0.0,0.32694382834600333,0.0,0.42949553093717185,0.250827196415502,0.05631319991620245,0.2444717163773647,0.17108046828842968,0.3030998202224039,0.4012708853380844,0.0,0.028147850468999595,0.21638005304480373,0.17121382165391855,0.16585894467445553,0.1690937518460336,0.0,0.3532803782332852,0.14748587636106195,0.20766186345729354,0.19072117299738545,0.24125899945912588,0.04106751729089405,0.0,0.3440294866538561,0.14649961031106212,0.0,0.26963727442141955,0.17262786232995633,0.040166015195534914,0.0,0.15636564396074545,0.15794570378858647,0.08468627102910917,0.18957653075763115,0.37677891321365053,0.2069535453129438,0.10334092661071076,0.0,0.0693912441291034,0.2305010057621942,0.1928767997706309,0.20756283835706654,0.21384791760725036,0.23052470895068736,0.0,0.26101741069341666,0.060349301246390756,0.40705518843771654,0.12622564776698333,0.045174839509217364,0.23214148343023258,0.44700497764586694,0.13960394229339018,0.4599360187149238,0.470731896470294
0.1074982281872213,0.4334246859809315,0.11571585583651699,0.0,0.28117274769690664,0.2895485675480675,0.06421749008096043,0.34112293126306825,0.052164856283098054,0.0,0.26302590819982496,0.0,0.2013933087906057,0.0,0.24875347564995304,0.14564064405474678,0.0,0.0,0.0,0.0,0.13639525326223295,0.11532427234458154,0.23469245301298697,0.16596780165972178,0.15731844724826327,0.23433662401469563,0.12394716906671696,0.0,0.0,0.0,0.028147850468999595,0.0,0.25984414894331376,0.212875457360472,0.046171411953685564,0.15156383547149122,0.0,0.0,0.8304497542423906,0.38659932361795313,0.32189271958919896,0.14398046521099156,0.0014249123983550158,0.0,0.12022140616185406,0.0,0.2679262259848499,0.0504606427083749,0.0,0.0,0.23514289844030026,0.0,0.2878305431711676,0.08647416615112238,0.0,0.14469886242055105,0.0,0.03030264342351952,0.12651727645774055,0.12275319991073257,0.0,0.0,0.0,0.03142862955584156,0.26927346662145596,0.14507934996222197,0.21034231683064142,0.03384919284792074,0.09363677341400224,0.22931148496524606,0.17241332859643835,0.03390032956519655,0.0,0.13176491577062335,0.18296772093343364,0.05366796801791348
