0.0,0.031612523514059285,0.0,0.0,0.0,0.0,0.005491609883111577,0.15560136321966575,0.14168264517899157,0.06097240341117568,0.0,0.1259052834332594,0.0,0.09045704612576194,0.0,0.169508409683881,0.0,0.0,0.021181424823151596,0.0,0.2213583267935272,0.033601635174347076,0.08832883916493962,0.3156051840305472,0.21868817490079714,0.1704278297619384,0.0,0.050750598941820234,0.0,0.20723350495353637,0.0,0.09731853368556741,0.10298911735561307,0.0,0.0,0.06411171277624984,0.0,0.0,0.21317258364063718,0.34794637237082704,0.10788102544878352,0.029449060069688227,0.07054719377767213,0.10395696571218459,0.0,0.48945592449172254,0.0,0.26764238780507804,0.0,0.0,0.0,0.0,0.08920211493078342,0.0,0.17120528324073636,0.05666332028106213,0.0,0.1186536830001128,0.05496965286292576,0.20006510308091194,0.14570384138170184,0.17269728254980105,0.3764418668585117,0.028190748943706073,0.28010287253698674,0.32670736795599103,0.22657202311369154,0.20737354769164829,0.3207749266473735,0.22432862094313208,0.2385463566088405,0.048972886844320794,0.35299911290984776,0.4695658967483535,0.29337768055440105,0.165166404671205
0.031612523514059285,0.0,0.18484457029999823,0.1532939524319509,0.17027002499747995,0.3121386012387389,0.0,0.1958992965053019,0.058698896310201906,0.0,0.24379520322474849,0.2652116611872092,0.052703415892423014,0.0,0.269189530312354,0.2921153025309762,0.0020432394803581635,0.3664330754490193,0.0,0.42531887838146915,0.31980107070569913,0.464147911057333,0.26131573456321616,0.3345236181013747,0.5092168817718776,0.6354997640255176,0.22936293933416052,0.40784522340885504,0.23732535194464063,0.1448678491762151,0.0,0.1404326443740644,0.1613153213607124,0.0,0.0,0.03551622138223661,0.08252621002662301,0.2002216938283551,0.0,0.23978837218470264,0.12579577375356393,0.159942207167025,0.16862990663007815,0.0,0.23375602901900217,0.10443440988151581,0.4503965661718328,0.22288260518896885,0.20269101052484434,0.25436445735421853,0.0,0.0,0.2159044717089269,0.0,0.0,0.2810753781709184,0.10011653910839423,0.0,0.0,0.2533204407683001,0.0,0.0,0.0,0.0,0.22966202961270787,0.18746320913684106,0.3408943746876993,0.05634076483354512,0.31465943101873045,0.16870120143045164,0.5169073766971763,0.0,0.2411606638004947,0.0,0.305095544876835,0.04565327542053571
0.0,0.18484457029999823,0.0,0.016503114939273554,0.20362048075989952,0.195143534670171,0.030669964825323588,0.13520668387303578,0.1882589374796871,0.2444868421780862,0.3588731721021515,0.1745569060527621,0.0,0.0,0.14567283738808026,0.14510518245499884,0.2125905425649295,0.29200105412953525,0.31230740261954987,0.23244168563831907,0.21800375790678345,0.19317371891837115,0.33690206565447095,0.06570455289951363,0.17910236217337913,0.13072372664983464,0.3547956577323001,0.09456932410615114,0.1513776069194494,0.028954952686218907,0.0,0.05286436409085771,0.1268365392205571,0.13456375730860404,0.0,0.0,0.006695395517640682,0.19034265106691345,0.0,0.020859222971868104,0.04744476748829223,0.0,0.0,0.011536368945841867,0.10632542244466874,0.0,0.2068301409444087,0.375866435405083,0.0,0.3247787861029624,0.1610579848140489,0.10302817165957355,0.227100560084722,0.21543928257589892,0.16772302980617293,0.31821577285130703,0.21046176191269653,0.13690226588031232,0.0,0.1675621553146199,0.026004826907603962,0.14751665209157694,0.0,0.3185314297214157,0.14637771396694652,0.10355878194835322,0.15160525584178827,0.14092806529576318,0.013939444544499113,0.08979648464765276,0.12245127365891179,0.10997926290767002,0.12868944185087794,0.0,0.04562313886390676,0.0
0.0,0.1532939524319509,0.016503114939273554,0.0,0.052336337168320715,0.09138564881597941,0.0,0.0,0.0,0.0,0.0,0.0,0.0,0.10855304922232137,0.18057315097243506,0.0,0.0,0.0,0.0,0.11408155467186339,0.0,0.09023988008849039,0.0,0.0,0.0,0.11947285060949624,0.10071903499080875,0.20350987398141354,0.21819253350548828,0.07720821667251769,0.14751460917028095,0.0,0.0,0.09039442890659223,0.12364573090069696,0.27155202963119923,0.09700158168771315,0.0,0.0,0.0,0.0,0.013926715952843218,0.039956341459396534,0.0,0.0,0.0,0.015589664335658828,0.0,0.3788715412004504,0.05160147848227136,0.0,0.04481093369206682,0.0,0.06201250167821159,0.0,0.0,0.0,0.0,0.05229193650730316,0.14817197663588721,0.0023570681843819766,0.0,0.0,0.0,0.14206990367584182,0.0,0.10575207873053091,0.0,0.0,0.04830745001183716,0.0,0.16619128682309564,0.0,0.0,0.0,0.02613276681271574
0.0,0.17027002499747995,0.20362048075989952,0.052336337168320715,0.0,0.16020253640028198,0.29800089819153575,0.11960985772230369,0.3646836243649791,0.04671814934773224,0.4112339031087878,0.0,0.15145688040366573,0.09870688729277781,0.0,0.0,0.047122217439257846,0.05447812593395479,0.0,0.06697487303816686,0.10386359560335347,0.04728488248773186,0.13427877060760385,0.04390835807874608,0.1983291727362128,0.13526606875650912,0.11102784064767035,0.07136560332869998,0.06894890155123992,0.0,0.0,0.0,0.0,0.0,0.0,0.0,0.0,0.09080539319525148,0.0,0.04995372525154867,0.0,0.0,0.0,0.0,0.005461848468872511,0.0,0.03917074167166898,0.29819689961358575,0.07845711404290585,0.1970617775356441,0.011369044736094474,0.2629124362309014,0.1559023326402703,0.22002397614508687,0.027774496109900362,0.4139266596413208,0.05175368988853762,0.089320576885088,0.051921225861003506,0.1146439160216856,0.0,0.050160618431124904,0.040733595015340344,0.0,0.019035688128419298,0.07826700232009945,0.037054194639059075,0.1605766566652915,0.054667798444156646,0.15660914738561482,0.11404466546394286,0.0341543932661375,0.061869740064542454,0.0,0.013603865816372279,0.0
0.0,0.3121386012387389,0.195143534670171,0.09138564881597941,0.16020253640028198,0.0,0.1642081942449673,0.3023352640225022,0.36084126289527985,0.19374111262098412,0.12141139212266262,0.36720434783290956,0.27676371393931687,0.0,0.09855013972375044,0.0,0.30944752592978336,0.11642601417666479,0.29641347767266757,0.15279721353802156,0.32296045857559075,0.06482575703391595,0.33093491205947495,0.2310310791403724,0.0,0.3009406243780218,0.3935271903778835,0.2191096429574609,0.2603899365459402,0.0,0.02485755238095606,0.016692609202762526,0.0,0.19880277528610574,0.10181835617999675,0.0,0.0,0.25327143663967266,0.0,0.0856013715107671,0.0,0.0,0.017690655499236214,0.0,0.11934742780051957,0.0,0.28586551034160756,0.12821312465894733,0.0,0.121701161495481,0.29021069733715743,0.08824209793702449,0.45499830484034426,0.24320191701285807,0.12406364219621178,0.23320966534673834,0.38711031015995345,0.24326870077978344,0.0,0.0196547912281784,0.06534645066202463,0.10982228590715161,0.11137095163147223,0.2132631267776729,0.09531718073473512,0.0,0.17163094769290987,0.32506769841713795,0.05880975672362534,0.26768485597204594,0.26350371872598266,0.11561279029691,0.1816860074791439,0.0,0.0,0.0
0.005491609883111577,0.0,0.030669964825323588,0.0,0.29800089819153575,0.1642081942449673,0.0,0.3037552422629961,0.41679846398103193,0.0,0.0,0.08973542260059664,0.3216499648633858,0.20851680130358988,0.0,0.0,-0.002832990850889075,0.0,0.02654898925803706,0.0,0.0,0.0,0.042090868121315524,0.12904288533500768,0.0,0.0,0.0,0.0,0.0,0.0,0.0,0.0,0.0,0.0,0.09539558467275536,0.028146298142946516,0.0,0.0,0.0,0.031962720803683696,0.0,0.0,0.0,0.0,0.0,0.0,0.0,0.18128569783218398,0.0,0.0,0.2138055733034612,0.38404451363124026,0.09823379787497738,0.428998841376202,0.029557571301151053,0.1502030730502058,0.1166959309263914,0.290982846608763,0.11757321371221273,0.0,0.0,0.04523245351491319,0.2243612893154111,0.0,0.0,0.0,0.0,0.1852261737153264,0.04182826762608274,0.1414923339714825,0.0,0.037489167733386675,0.12476077513614188,0.0,0.0,0.0
0.15560136321966575,0.1958992965053019,0.13520668387303578,0.0,0.11960985772230369,0.3023352640225022,0.3037552422629961,0.0,0.2850315509748397,0.0927029477340375,0.16274034571753423,0.4419560097100766,0.4071430671720384,0.040415002948257,0.0,0.0,0.16719815537938396,0.01514566056811856,0.14101247991100355,0.0,0.1762566675737211,0.0,0.42594236814946224,0.4559083897385521,0.0403910696790674,0.27943348757981545,0.0,0.0471017818908967,0.0,0.0,0.0,0.0,0.08012333287510838,0.04223080944959842,0.0,0.20368440418401382,0.0,0.06922784600095604,0.0,0.1813603659770915,0.0,0.0,0.09900344136991432,0.0,0.09347764431787588,0.0686157680157762,0.004251046752292586,0.2635471616283454,0.0,0.0,0.1537556089133566,0.0,0.4247621342200444,0.15883043268439748,0.10464089295399333,0.24624241627693508,0.3490445945717113,0.27741217938421237,0.015368603041083518,0.0,0.0,0.09648976822675863,0.10390099810526666,0.10419582458430723,0.0,0.017225638188208513,0.0,0.3111457511196015,0.2926913473853445,0.0566916380563302,0.19031860455527405,0.0,0.22924604215232428,0.0,0.051875794848930935,0.0
0.14168264517899157,0.058698896310201906,0.1882589374796871,0.0,0.3646836243649791,0.36084126289527985,0.41679846398103193,0.2850315509748397,0.0,0.06766324727479509,0.24832605444559275,0.18642117637350966,0.16418430891664879,0.011665067102410942,0.0,0.0,0.1436730508968465,0.0,0.25192199929745684,0.0,0.20085561581879008,0.0,0.205393533481908,0.15443211245833888,0.0,0.16291704512772054,0.10789392578542811,0.0,0.0,0.0,0.0,0.0,0.0,0.03334062462095016,0.002427758531605325,0.0,0.0,0.02665824947796734,0.0,0.1317409296032632,0.0,0.0,0.0,0.0,0.0,0.0,0.0,0.42504025040269267,0.0,0.0,0.2447725237499248,0.3278385725814778,0.26933955042212043,0.5290897404557146,0.15266310731976962,0.36851863917712635,0.18329128124779148,0.34272508712246336,0.0,0.03883178397686002,0.18209872364892843,0.17992034540907434,0.4140294700579919,0.1409316237661174,0.17283119263615862,0.00882400162361532,0.14747633734526056,0.362485558343515,0.018903229217489895,0.41953937007673303,0.1581610240200656,0.22550799939573452,0.26062171069319534,0.012616634918587109,0.0,0.0
0.06097240341117568,0.0,0.2444868421780862,0.0,0.04671814934773224,0.19374111262098412,0.0,0.0927029477340375,0.06766324727479509,0.0,0.24123946563231502,0.2908119570237393,0.2176460250742518,0.0,0.03514542808588573,0.2510657142297066,0.5785007936062762,0.28735817322577223,0.39157651251918835,0.20250501698595247,0.20481464166333554,0.13579722430667884,0.2196382904603062,0.1092936875612714,0.0,0.0,0.21765395359844864,0.12378314463099145,0.17325850972192014,0.20208634822541174,0.1880805689476711,0.10650673800078388,0.24097120086854373,0.4019340403012339,0.07695143594642521,0.0,0.0,0.23896443247425558,0.17395171613526303,0.058535048205622824,0.11970230125583378,0.0,0.1490740231358502,0.29799683847980485,0.0,0.14154911828139974,0.1938858829105291,0.19678387378689857,0.0,0.25542182186649326,0.058907258073320895,0.07749922750130617,0.25573226405703176,0.0,0.5903877898360055,0.24828443984594847,0.44435697262928414,0.3276995226567892,0.0,0.06326557031610784,0.13230198517900016,0.5309978019701409,0.10765996134553805,0.4563383224107513,0.08351872280379989,0.09332086092434368,0.14206820648431753,0.12129699990793295,0.0405673430613826,0.10212708479566296,0.028637248411762215,0.0,0.16921521353869248,0.020768327244599673,0.17517805401168668,0.0
0.0,0.24379520322474849,0.3588731721021515,0.0,0.4112339031087878,0.12141139212266262,0.0,0.16274034571753423,0.24832605444559275,0.24123946563231502,0.0,0.06172664960052665,0.060660540437737394,0.0,0.14872513631107934,0.19332641544286308,0.14689967325242995,0.28283049771255675,0.06573591390765215,0.3263418195011376,0.28546457995153934,0.29934178306734455,0.3075923002233465,0.08492034490771573,0.3131631814998865,0.2098847608665959,0.24266374107834865,0.13587852999710756,0.1616827565022535,0.0,0.0,0.08460859562895916,0.0929341773357791,0.0,0.0,0.0,0.03481020133048561,0.17212403506811494,0.03455617178388884,0.06816330621240055,0.10664552818436422,0.13651905655339666,0.10363404081025727,0.0663743428987286,0.06828828920715681,0.16470409491236307,0.198559285864225,0.4174351677983177,0.06669630338627587,0.39225757269925593,0.0,0.05765974385713182,0.20499450749990364,0.07147589159640588,0.09700104452187001,0.6021614294109371,0.07669246594319866,0.0,0.0,0.23737490694098967,0.0,0.069024389502983,0.0,0.13044446025036818,0.05577344525062471,0.2667999732539722,0.1408748129185995,0.09421468973816957,0.1187335056342516,0.00870863081545328,0.16571119844420934,0.0,0.059970407041657944,0.0,0.16206102483016302,0.03794217363072394
0.1259052834332594,0.2652116611872092,0.1745569060527621,0.0,0.0,0.36720434783290956,0.08973542260059664,0.4419560097100766,0.18642117637350966,0.2908119570237393,0.06172664960052665,0.0,0.29107364779247447,0.0,0.0,0.07546933011434155,0.3763090484396105,0.20604877334915742,0.21258827996769708,0.10693901468758067,0.22336217082662335,0.09247427592713146,0.3458609765741322,0.5068435965037035,0.07786218104198027,0.31635080654242964,0.07013219020857135,0.2152245348502561,0.0,0.1717654545240739,0.0,0.06311995431312976,0.2158650362930836,0.24601066696925775,0.0,0.1418248579983934,0.0,0.20871102437150107,0.029819446588820263,0.23099381342495925,0.05100472595521888,0.0,0.16628939932148973,0.06757648893014441,0.16355471018717802,0.06612383829322474,0.2581024425739743,0.24662447780537464,0.0,0.004387068666936648,0.1983802863954047,0.020765427206795084,0.3866780484691912,0.0814893172661647,0.28406866919978896,0.17461789737939037,0.5742766351793036,0.36709739858722784,0.0,0.0,0.027493103546732702,0.2656657226344795,0.19328669240398905,0.19087575208735647,0.17098565189574144,0.0,0.22571893478303914,0.20889112821842526,0.28083500147033946,0.2018382917227496,0.3281821267689415,0.0,0.3621588514324753,0.030821023386419205,0.23840123018684392,0.0
0.0,0.052703415892423014,0.0,0.0,0.15145688040366573,0.27676371393931687,0.3216499648633858,0.4071430671720384,0.16418430891664879,0.2176460250742518,0.060660540437737394,0.29107364779247447,0.0,0.03699676294215355,0.0,0.0,0.31517852905037086,0.06540662514130956,0.09918909422730628,0.0,0.0,0.0,0.2486710014781913,0.29159182767011776,0.0,0.09282001282155053,0.0,0.15613536701137556,0.0,0.0,0.0,0.0,0.07871640798429232,0.14266671545973436,0.04955914840887775,0.12783607147388512,0.07862996715291215,0.13109527463473983,0.0,0.05693409514626552,0.0,0.0,0.2188450830935163,0.12494311256718717,0.018372867756951086,0.0,0.0,0.05419604877744888,0.0,0.0,0.06170828403375285,0.00824597893149523,0.2928494391859366,0.04166147027292775,0.1677940906460361,0.1710270271212795,0.34910837804287687,0.3362134807375506,0.0,0.0,0.0,0.191762885056263,0.014700145927274201,0.10498852470501077,0.0,0.0,0.0,0.20794492104442605,0.13940081471795138,0.0,0.013562257769905245,0.0,0.10124224785791287,0.0,0.0,0.0
0.09045704612576194,0.0,0.0,0.10855304922232137,0.09870688729277781,0.0,0.20851680130358988,0.040415002948257,0.011665067102410942,0.0,0.0,0.0,0.03699676294215355,0.0,0.0,0.0,0.0,0.0,0.0,0.0,0.0,0.0,0.0,0.0,0.0,0.0,0.0,0.0,0.0,0.0,0.0,0.0,0.0,0.0,0.05318338194175543,0.29788691956354313,0.0,0.0,0.0,0.0,0.0,0.04248488622508485,0.0,0.0,0.0,0.0,0.0,0.0,0.09392406802860152,0.0,0.0,0.1056275066943176,0.0,0.0718345306433638,0.0,0.0,0.0,0.0,0.41897894816889164,0.0,0.0,0.0,0.09435744796428183,0.0,0.0,0.0,0.0,0.0,0.0,0.0,0.0,0.0,0.0,0.07122027083953571,0.0,0.07399317097848657
0.0,0.269189530312354,0.14567283738808026,0.18057315097243506,0.0,0.09855013972375044,0.0,0.0,0.0,0.03514542808588573,0.14872513631107934,0.0,0.0,0.0,0.0,0.34133448906570846,0.03564406087758486,0.26406945625888645,0.06234854314992666,0.44776207744234653,0.3775832408830359,0.4378437000484936,0.06365000588041073,0.0,0.23547261085901872,0.2523573098741152,0.3737321841371212,0.2936692102138019,0.4294889890013962,0.23208292259956634,0.13344133920018528,0.3061798939242331,0.114050460176002,0.0,0.0,0.0,0.07807617777471126,0.043589652535256825,0.18142174001835185,0.08008631312104891,0.08285359329075433,0.06848428032266385,0.017500049984989077,0.0,0.09992725526117675,0.10105220623914297,0.29830437255087555,0.04253145542987272,0.09487381960053655,0.2622089285142949,0.0,0.0,0.0,0.0,0.0,0.10872472307807597,0.0,0.0,0.0,0.5206533864635063,0.2878437959763854,0.0,0.0,0.09740968566806989,0.3960418478296754,0.24490429964790325,0.39233941051680854,0.0,0.0,0.14460437728465356,0.2535282647029275,0.16139128876135334,0.07360691959348707,0.0,0.17237259932238044,0.03955374728230821
0.169508409683881,0.2921153025309762,0.14510518245499884,0.0,0.0,0.0,0.0,0.0,0.0,0.2510657142297066,0.19332641544286308,0.07546933011434155,0.0,0.0,0.34133448906570846,0.0,0.228981738394465,0.5103834093908077,0.0,0.5009126231863097,0.2624689246540059,0.547198250932599,0.03421945882187538,0.12598725950890155,0.43788862654486654,0.21288092358660643,0.11214548917620239,0.3901699320622086,0.2829080074120995,0.41476363411224243,0.186326864817158,0.2957003521799328,0.34763315633941444,0.019027789304824887,0.0,0.0,0.16723582792621036,0.2284666079170434,0.3157309967447592,0.20206152372276698,0.29507224338637633,0.18265038592156027,0.2585302025364435,0.20326437504182845,0.11643515070595441,0.3744900359269878,0.3513524790543174,0.10020630717752518,0.030141045719427294,0.31863341991726796,0.0,0.0,0.0,0.0,0.10619114724816878,0.11767928343235412,0.018840793919055975,0.0,0.0,0.32659611221701673,0.1478685038809043,0.09970748291371931,0.0,0.09739411358673689,0.26155823240572806,0.3325462759384805,0.34179222622160893,0.0,0.2191710522258897,0.0,0.24621113614110338,0.0,0.22129542945945044,0.1727200135510382,0.4668767700905965,0.10339517725108095
0.0,0.0020432394803581635,0.2125905425649295,0.0,0.047122217439257846,0.30944752592978336,-0.002832990850889075,0.16719815537938396,0.1436730508968465,0.5785007936062762,0.14689967325242995,0.3763090484396105,0.31517852905037086,0.0,0.03564406087758486,0.228981738394465,0.0,0.29175154511943785,0.40563895282677137,0.1572864768300864,0.2169797306992075,0.08221694217060045,0.21312145628200352,0.17962698682392805,0.0,0.0,0.17779077636793897,0.1951284823150902,0.1502327304132646,0.22644892336477518,0.18822516783797089,0.05754361490928493,0.18827149068683013,0.4677509040932788,0.17446553946379417,0.0,0.0,0.28295855673362025,0.1057783340710249,0.08511541876069123,0.09039853186101907,0.0,0.11415904808596886,0.2200040576396348,0.0,0.0394621087650792,0.186908976701149,0.143662813789816,0.0,0.1524679834835164,0.07799678750884939,0.0709309119113683,0.2837072011571039,0.0318573332598901,0.5043641832020552,0.2104024169583629,0.4929711956545961,0.4113667560779339,0.0,0.0,0.125664326448264,0.4792876014198977,0.1569227069119207,0.4536980701495441,0.10662362759085198,0.0,0.17190997977535266,0.10172148898631689,0.016219484667279162,0.13906352947901698,0.0638621260597647,0.0,0.24805530714235252,0.0,0.14560497203398878,0.0
0.0,0.3664330754490193,0.29200105412953525,0.0,0.05447812593395479,0.11642601417666479,0.0,0.01514566056811856,0.0,0.28735817322577223,0.28283049771255675,0.20604877334915742,0.06540662514130956,0.0,0.26406945625888645,0.5103834093908077,0.29175154511943785,0.0,0.0,0.5605936818764315,0.25680910463199025,0.5389869995914307,0.1711780661195455,0.18154106085973257,0.3835291049769006,0.2315436424853801,0.2768935023591457,0.396971317025328,0.3490982050270179,0.26270964416813947,0.12550190460807412,0.2558271799703759,0.34655662205312476,0.046914191413161506,0.0,0.0,0.19187967674886888,0.338156600199772,0.22441670768349453,0.11865356299435227,0.24393956039026962,0.12383659949930792,0.2652165890271853,0.170511956050208,0.2373763820568139,0.20345575148420092,0.45673367140475024,0.07139725818866385,0.03797099250902164,0.41491277487065614,0.0,0.0,0.1115793098064893,0.0,0.07976847871254766,0.211607494090458,0.21015010517840962,0.0,0.0,0.1827568783753539,0.0,0.054767108542754926,0.0,0.08628901633096764,0.0891439536464641,0.23018372749451962,0.21378744866588661,0.0,0.2151924286432115,0.0,0.24390386720553875,0.0,0.13614068426886344,0.0,0.3530426896874375,0.0
0.021181424823151596,0.0,0.31230740261954987,0.0,0.0,0.29641347767266757,0.02654898925803706,0.14101247991100355,0.25192199929745684,0.39157651251918835,0.06573591390765215,0.21258827996769708,0.09918909422730628,0.0,0.06234854314992666,0.0,0.40563895282677137,0.0,0.0,0.0,0.21144994704741857,0.0,0.26776910025596573,0.007722991817331972,0.0,0.0,0.2666473652698113,0.04825408401598245,0.1411888995015723,0.10828414600222995,0.16035231391691263,0.037917977206175055,0.033610506496347635,0.4502564295441193,0.25511876797926036,0.0,0.0,0.13250067758274184,0.0,0.01913776281090569,0.0,0.0,0.0,0.06609717454802506,0.0,0.0,0.01103805316129748,0.15304759227846704,0.0,0.03437602069988218,0.3134673773335879,0.09877702080667736,0.3161336712367314,0.228021909155545,0.44108134940929516,0.0845936668468306,0.3158327815032444,0.38784883003196097,0.0,0.0270798614316107,0.26050456206933703,0.4091252939632691,0.2665532869369673,0.5677892641513176,0.19060404366355416,0.0,0.1545212437370955,0.2882197183206945,0.0,0.2515693910228652,0.0,0.25533688577962255,0.17729451534289647,0.004805043667294131,0.0,0.0
0.0,0.42531887838146915,0.23244168563831907,0.11408155467186339,0.06697487303816686,0.15279721353802156,0.0,0.0,0.0,0.20250501698595247,0.3263418195011376,0.10693901468758067,0.0,0.0,0.44776207744234653,0.5009126231863097,0.1572864768300864,0.5605936818764315,0.0,0.0,0.36954804669207497,0.6435557522671125,0.1769277511217109,0.13537077361830016,0.3996293819233815,0.3357581484174604,0.3981096125101337,0.46900509392370604,0.4781530910191428,0.31309899958261334,0.1241458007281084,0.3347144657038629,0.3349339762224967,0.0,0.0,0.0,0.24047176572115905,0.2801173340322727,0.24530041004802527,0.18984204046548206,0.322792001211542,0.1919382716405851,0.2688046941702116,0.14105535673577352,0.22931845608254411,0.23384317939890015,0.5261882246222589,0.08614868921814774,0.09366626972192432,0.5062946807823521,0.0,0.0,0.15427435662515146,0.0,0.0,0.23970392139960192,0.086980800710782,0.0,0.0,0.36631042673304315,0.052770437096553345,0.0,0.0,0.1060568168525059,0.24404034563498234,0.29628720892444843,0.3757323765613914,0.0,0.2074540215843886,0.0,0.35456508483554144,0.0,0.0753147560624349,0.0,0.3838561438039133,0.05830197306972111
0.2213583267935272,0.31980107070569913,0.21800375790678345,0.0,0.10386359560335347,0.32296045857559075,0.0,0.1762566675737211,0.20085561581879008,0.20481464166333554,0.28546457995153934,0.22336217082662335,0.0,0.0,0.3775832408830359,0.2624689246540059,0.2169797306992075,0.25680910463199025,0.21144994704741857,0.36954804669207497,0.0,0.3424748516901611,0.3468386073176511,0.27462877112063866,0.2541310028591391,0.37455634099167234,0.38034005168341406,0.3282827032646443,0.34622683851574654,0.22432457706660588,0.08743836623915273,0.2536174889745871,0.13907335846828162,0.03833674056559783,0.0,0.0,-0.0002948667491338854,0.22997529010998763,0.18883153842471814,0.29517752491048466,0.10854423877727803,0.0,0.05184354630010106,0.029120976937842196,0.1475509016227689,0.3015713770646134,0.264557257979607,0.27840634937341924,-0.0029162333961565427,0.2429232218674661,0.0,0.0,0.3060309674911703,0.04489685303685146,0.12291801111477238,0.3160382875508765,0.1464253630449199,0.06959764815910233,0.0,0.3795319226180058,0.2657671910590551,0.12545280462424202,0.062165346641735265,0.22421086236819768,0.37984804482800333,0.42769281612140286,0.41136744369286304,0.1792291626597422,0.25824812791649865,0.2545272266821643,0.38982865292508057,0.08678161000532747,0.350079264769802,0.0,0.2770769426839867,0.11737547077966169
0.033601635174347076,0.464147911057333,0.19317371891837115,0.09023988008849039,0.04728488248773186,0.06482575703391595,0.0,0.0,0.0,0.13579722430667884,0.29934178306734455,0.09247427592713146,0.0,0.0,0.4378437000484936,0.547198250932599,0.08221694217060045,0.5389869995914307,0.0,0.6435557522671125,0.3424748516901611,0.0,0.1511172258543861,0.16699257192290368,0.46443677367686165,0.3902734302864031,0.3276228962838688,0.4694353082008082,0.40613977224141234,0.33919730764696604,0.07870778440060952,0.33782829286720956,0.32472078129822673,0.0,0.0,0.0,0.22990193956430646,0.24527506028618662,0.2770145523835963,0.2304747673280826,0.3253546273165243,0.25762956594253916,0.27872016731907656,0.13359275512993468,0.24587957031169846,0.2950553262509479,0.5041271234068548,0.10656250571080386,0.10455825274398602,0.46366354960585116,0.0,0.0,0.10545793615218088,0.0,0.0,0.21109676986962417,0.029970018075529056,0.0,0.0,0.375993653036679,0.0549380201082385,0.0,0.0,0.04033150040673908,0.28444271272731403,0.3183694913395599,0.40682403647148635,0.0,0.26740610207321075,0.0,0.40177748800137797,0.0,0.11807353898824932,0.0,0.45847364245164096,0.10921778568854924
0.08832883916493962,0.26131573456321616,0.33690206565447095,0.0,0.13427877060760385,0.33093491205947495,0.042090868121315524,0.42594236814946224,0.205393533481908,0.2196382904603062,0.3075923002233465,0.3458609765741322,0.2486710014781913,0.0,0.06365000588041073,0.03421945882187538,0.21312145628200352,0.1711780661195455,0.26776910025596573,0.1769277511217109,0.3468386073176511,0.1511172258543861,0.0,0.3091711212514503,0.140379333913353,0.2877979338189061,0.2583997191791565,0.1457142173103314,-0.007289538965551507,0.015915642420939565,0.0,0.0427440030587882,0.1451619112193311,0.0737437016852776,0.0,0.0,0.0,0.22835168072258433,0.0,0.14542830805936308,0.0,0.0,0.07474076890822678,0.033407900889039895,0.12665443469577453,0.10881698826053747,0.21394050146379212,0.3165042102966766,0.0,0.16704585142666914,0.23772592751647845,0.0,0.5192527726212086,0.08113029158273516,0.1676357891351347,0.3194005939742,0.3159266068514803,0.24518117654848282,0.0,0.0784658964370402,0.0,0.161712783744753,0.0,0.25590544210637095,0.05943049356308907,0.11198175934552033,0.10426565674477287,0.47524032011332984,0.23092221702825222,0.0738226634174323,0.292063385263901,0.0,0.17922873084485685,0.0,0.11970311737535343,0.0
0.3156051840305472,0.3345236181013747,0.06570455289951363,0.0,0.04390835807874608,0.2310310791403724,0.12904288533500768,0.4559083897385521,0.15443211245833888,0.1092936875612714,0.08492034490771573,0.5068435965037035,0.29159182767011776,0.0,0.0,0.12598725950890155,0.17962698682392805,0.18154106085973257,0.007722991817331972,0.13537077361830016,0.27462877112063866,0.16699257192290368,0.3091711212514503,0.0,0.21888692155749861,0.41431135074013975,0.0,0.274094745994105,0.0,0.18556078408387477,0.0,0.13343130907752201,0.22473410841956795,0.0,0.0,0.157932013009481,0.008607365150048188,0.19869921422730683,0.10326335456049356,0.3812630459903862,0.1543212592336752,0.01768962774035411,0.28126122015675203,0.09101286985484996,0.26646932194145573,0.3160252264673756,0.1880139030162507,0.25758276381081774,0.019224699815595443,0.0,0.02824138584754105,0.0,0.3559128682655371,0.0,0.0974885778851459,0.184108588894444,0.3510084577456962,0.20510386596102095,0.0,0.021808150434638063,0.0,0.09252290597367138,0.13749276567520435,0.0,0.1460512667381823,0.21734434765350824,0.2124521727194171,0.18599000033363172,0.5230870430344682,0.11650130199828009,0.4144954841251772,0.0,0.4271971170333661,0.07970999502211723,0.35210774044490234,0.0590112760322813
0.21868817490079714,0.5092168817718776,0.17910236217337913,0.0,0.1983291727362128,0.0,0.0,0.0403910696790674,0.0,0.0,0.3131631814998865,0.07786218104198027,0.0,0.0,0.23547261085901872,0.43788862654486654,0.0,0.3835291049769006,0.0,0.3996293819233815,0.2541310028591391,0.46443677367686165,0.140379333913353,0.21888692155749861,0.0,0.46438127978707705,0.11151563536750737,0.30587422271810205,0.16450008372194566,0.13940725658106315,0.0,0.14014713176558538,0.18324151795432733,0.0,0.0,0.0,0.011553520271934424,0.11654296057004723,0.10029852392117695,0.23271774212303908,0.14996306989208555,0.17490757142714933,0.12144819987867811,0.0,0.15044757244943258,0.3210297474325866,0.3400394434041925,0.3090984267113507,0.1572328869253801,0.27072796520157283,0.0,0.0,0.028730156200529815,0.0,0.0,0.27953520261756115,0.0,0.0,0.0,0.3668650849238372,0.0,0.0,0.0,0.0,0.24323998997685367,0.35220606687764305,0.2982474195527773,0.0,0.3335652024039293,0.18563105096524882,0.4537929951885686,0.0,0.21203107652453246,0.20494360148897264,0.39093839133539265,0.14461440407143597
0.1704278297619384,0.6354997640255176,0.13072372664983464,0.11947285060949624,0.13526606875650912,0.3009406243780218,0.0,0.27943348757981545,0.16291704512772054,0.0,0.2098847608665959,0.31635080654242964,0.09282001282155053,0.0,0.2523573098741152,0.21288092358660643,0.0,0.2315436424853801,0.0,0.3357581484174604,0.37455634099167234,0.3902734302864031,0.2877979338189061,0.41431135074013975,0.46438127978707705,0.0,0.16731641822287788,0.38933163610134175,0.14827162264958801,0.11352992271519767,0.0,0.11511879831660314,0.11619413736996827,0.0,0.0,0.03744282950978017,0.025131275498016938,0.1453791149226412,0.01882825941035487,0.2967975372448212,0.07194122060651999,0.14725108620117536,0.1595239674539369,0.0,0.2306984822963328,0.17502886864958161,0.3722867185892371,0.2625020487317096,0.21645998154766705,0.15937515564123542,0.0,0.0,0.24337025291991682,0.0,0.0,0.27964351650636876,0.10005030833557013,0.0,0.0,0.2612240799284949,0.0,0.0,0.0,0.0,0.2776200455167106,0.22718215780415146,0.36776338352546234,0.13069955077712758,0.37037280659010485,0.21104272054096448,0.5680485932816257,0.0,0.32672529513783893,0.0,0.3150932472033057,0.10335392170085714
0.0,0.22936293933416052,0.3547956577323001,0.10071903499080875,0.11102784064767035,0.3935271903778835,0.0,0.0,0.10789392578542811,0.21765395359844864,0.24266374107834865,0.07013219020857135,0.0,0.0,0.3737321841371212,0.11214548917620239,0.17779077636793897,0.2768935023591457,0.2666473652698113,0.3981096125101337,0.38034005168341406,0.3276228962838688,0.2583997191791565,0.0,0.11151563536750737,0.16731641822287788,0.0,0.1988248313195257,0.49686539674165786,0.06538495521340446,0.14441511940037538,0.2004983350521414,0.06486742140612947,0.13343731827305635,0.0634858265075839,0.0,0.03835969829100011,0.2526934827447208,0.04142584389117474,0.02105150464492241,0.05059897651675285,0.0,0.0,0.0,0.13940095877039566,0.0,0.3466170195303822,0.11089115579990307,0.0,0.4454948653381789,0.15607991057747017,0.06412851988853573,0.233978453265412,0.0971194063265168,0.10912755985389046,0.1935049146783635,0.14550828204362376,0.0,0.0,0.2804154120047559,0.2603799170803012,0.0894825854693112,0.0,0.26102334741818295,0.28320607404378795,0.1593935209742334,0.31361912784596413,0.1402522129023272,0.0,0.1803819879627269,0.19951199740140255,0.3300141285469739,0.03866915810469415,0.0,0.06406566150184864,0.0
0.050750598941820234,0.40784522340885504,0.09456932410615114,0.20350987398141354,0.07136560332869998,0.2191096429574609,0.0,0.0471017818908967,0.0,0.12378314463099145,0.13587852999710756,0.2152245348502561,0.15613536701137556,0.0,0.2936692102138019,0.3901699320622086,0.1951284823150902,0.396971317025328,0.04825408401598245,0.46900509392370604,0.3282827032646443,0.4694353082008082,0.1457142173103314,0.274094745994105,0.30587422271810205,0.38933163610134175,0.1988248313195257,0.0,0.34326867687471907,0.38785764836002884,0.19407232434616342,0.23320802480700395,0.20690365228739444,0.07602087634531919,0.0,0.08060547869520021,0.2335400655417579,0.25534161464528793,0.1609080474207772,0.24877119397584233,0.2775872938865197,0.18403393129393844,0.3221212328437506,0.09434009498218986,0.2169727873660016,0.20922551219509683,0.3864340857941968,0.0939652303445136,0.1394708575387653,0.26234263159714627,0.0,0.0,0.2035784834175136,0.0,0.0,0.16173400030942467,0.16403725549188294,0.0,0.0,0.25851524543219745,0.04403369059918678,0.0,0.0,0.07143344686689107,0.25752779569264983,0.2713132095945918,0.34546357665070726,0.0,0.29852934102167183,0.055538336123524996,0.36969270923633574,0.0,0.3064241412003036,0.0,0.41281922240510555,0.07985267000782903
0.0,0.23732535194464063,0.1513776069194494,0.21819253350548828,0.06894890155123992,0.2603899365459402,0.0,0.0,0.0,0.17325850972192014,0.1616827565022535,0.0,0.0,0.0,0.4294889890013962,0.2829080074120995,0.1502327304132646,0.3490982050270179,0.1411888995015723,0.4781530910191428,0.34622683851574654,0.40613977224141234,-0.007289538965551507,0.0,0.16450008372194566,0.14827162264958801,0.49686539674165786,0.34326867687471907,0.0,0.2127681661660733,0.23422883429707214,0.2497027924060797,0.06093807733469189,0.08789717389333372,0.019638843110180017,0.0,0.06003030894933592,0.17710408517874376,0.15398070054403298,0.026898675878704276,0.10517626414303814,0.0,0.055874979402442446,0.0,0.07683995593353865,0.06070882052574572,0.3481474028433507,0.0,0.05376762341370138,0.38882764973482115,0.0,0.0,0.09059797153296215,0.0,0.0,0.09767588864691198,0.017378281869656273,0.0,0.0,0.3842421377876873,0.2844185625141957,0.0,0.0,0.10880245579558309,0.25296734005406746,0.2789470725570269,0.3184107944842636,0.0,0.0,0.14492733698932775,0.1830422937659182,0.16331009386761672,0.026217927193590868,0.0,0.14651163323835106,0.012653559610515676
0.20723350495353637,0.1448678491762151,0.028954952686218907,0.07720821667251769,0.0,0.0,0.0,0.0,0.0,0.20208634822541174,0.0,0.1717654545240739,0.0,0.0,0.23208292259956634,0.41476363411224243,0.22644892336477518,0.26270964416813947,0.10828414600222995,0.31309899958261334,0.22432457706660588,0.33919730764696604,0.015915642420939565,0.18556078408387477,0.13940725658106315,0.11352992271519767,0.06538495521340446,0.38785764836002884,0.2127681661660733,0.0,0.32122282718877343,0.2590136283629576,0.24904788462777086,0.25872842205209967,0.0,0.12403593773923795,0.10930323749207638,0.14684012879202746,0.2858037606740145,0.2573852644820766,0.3055582352096095,0.05580006640399574,0.2165039394045553,0.12545991681543603,0.09334875896593803,0.28163009926056953,0.2318297807044039,0.013125094291568046,0.01797367210183995,0.10136813926802477,0.0,0.0,0.08493174754116678,0.0,0.18983599754934044,0.0,0.16787398818906052,0.04243012482267057,0.0,0.1943460910199451,0.17591655945460735,0.1422315393756529,0.03391820024294519,0.21620561236909885,0.28902771237474684,0.19858643529399228,0.3274791228143142,0.0,0.20291908662030675,0.05305562992669005,0.19099616047742485,0.0,0.2794163030179122,0.16752346501838522,0.40472377588520064,0.0959499230352472
0.0,0.0,0.0,0.14751460917028095,0.0,0.02485755238095606,0.0,0.0,0.0,0.1880805689476711,0.0,0.0,0.0,0.0,0.13344133920018528,0.186326864817158,0.18822516783797089,0.12550190460807412,0.16035231391691263,0.1241458007281084,0.08743836623915273,0.07870778440060952,0.0,0.0,0.0,0.0,0.14441511940037538,0.19407232434616342,0.23422883429707214,0.32122282718877343,0.0,0.1586887589792753,0.020137667764501575,0.23646802487420132,0.1992818430994325,0.009189549182520738,0.10194629660187812,0.0679062337480665,0.10817585538918138,0.0,0.08866104322230543,0.0,0.07030077390925307,0.1248211591487429,0.013293320885352254,0.0,0.043592436036076924,0.0,0.08351461940419636,0.04326231719918793,0.0,0.0,0.0,0.0,0.13755711095282125,0.0,0.08261771375535701,0.03445774490104603,0.11822395764527512,0.0,0.2148465911197687,0.08189378011460641,0.0,0.18553697625706955,0.1289113569701289,0.033027803918909415,0.11294087207274654,0.0,0.0,0.0,0.0,0.09270417776783263,0.17691645151842167,0.0,0.18402212628899114,0.28826138280023234
0.09731853368556741,0.1404326443740644,0.05286436409085771,0.0,0.0,0.016692609202762526,0.0,0.0,0.0,0.10650673800078388,0.08460859562895916,0.06311995431312976,0.0,0.0,0.3061798939242331,0.2957003521799328,0.05754361490928493,0.2558271799703759,0.037917977206175055,0.3347144657038629,0.2536174889745871,0.33782829286720956,0.0427440030587882,0.13343130907752201,0.14014713176558538,0.11511879831660314,0.2004983350521414,0.23320802480700395,0.2497027924060797,0.2590136283629576,0.1586887589792753,0.0,0.17549170817929738,0.0,0.0,0.0,0.18240953970574036,0.07026519302112044,0.4610745773998941,0.1817026009511315,0.1895081556893052,0.17937011934522926,0.16469209262255402,0.16122336110028446,0.12031091988240158,0.24017665174301925,0.26835845999005487,0.029906434808942645,0.0,0.18719884048157695,0.0,0.0,0.09113014327647176,0.0,0.04946108332590806,0.045986280001303836,0.0,0.0,0.0,0.24066749088997966,0.21621938441409896,0.049175429487402035,0.0,0.0660048622116752,0.27822858472033085,0.2513429909649557,0.3212577967518696,0.0,0.18791700538563988,0.03115980056030615,0.1753394736536682,0.0,0.12964204369119073,0.06719383925730851,0.3294570193934306,0.10864197541791597
0.10298911735561307,0.1613153213607124,0.1268365392205571,0.0,0.0,0.0,0.0,0.08012333287510838,0.0,0.24097120086854373,0.0929341773357791,0.2158650362930836,0.07871640798429232,0.0,0.114050460176002,0.34763315633941444,0.18827149068683013,0.34655662205312476,0.033610506496347635,0.3349339762224967,0.13907335846828162,0.32472078129822673,0.1451619112193311,0.22473410841956795,0.18324151795432733,0.11619413736996827,0.06486742140612947,0.20690365228739444,0.06093807733469189,0.24904788462777086,0.020137667764501575,0.17549170817929738,0.0,0.16290709307960774,0.0,0.0,0.15807535690727584,0.23315294358445104,0.2268277938846044,0.34262471938371825,0.33486682143542124,0.12515929940835635,0.22165177658419252,0.2117655289398587,0.2223019212788162,0.25098251874422645,0.24780731822437563,0.015869517804494422,0.00618629194836091,0.23279461968611118,0.0,0.0,0.11092349713239925,0.0,0.15560505168602956,0.05625733575632433,0.18057171155610338,0.0,0.0,0.1071780946163627,0.0,0.12567491782131182,0.0,0.12536283907296655,0.056303668420215724,0.150782233321545,0.12282200989930368,0.0,0.24367509850301966,0.0,0.13635882869771168,0.0,0.05778577656493225,0.05362209696929069,0.2776315904090414,0.0
0.0,0.0,0.13456375730860404,0.09039442890659223,0.0,0.19880277528610574,0.0,0.04223080944959842,0.03334062462095016,0.4019340403012339,0.0,0.24601066696925775,0.14266671545973436,0.0,0.0,0.019027789304824887,0.4677509040932788,0.046914191413161506,0.4502564295441193,0.0,0.03833674056559783,0.0,0.0737437016852776,0.0,0.0,0.0,0.13343731827305635,0.07602087634531919,0.08789717389333372,0.25872842205209967,0.23646802487420132,0.0,0.16290709307960774,0.0,0.35302486844055775,0.06691275801242842,0.03400144994600184,0.20755838933959453,-0.002822959394622285,0.05227472686118231,0.18977858691223065,0.0,0.033080173850208,0.11382308323402339,0.0,0.0,0.011838296979287866,0.0,0.0,0.05220595160286893,0.207155617895656,0.04253934813973598,0.18001594978434934,0.05743610423170857,0.4222406438370938,0.0,0.3957028064773728,0.3527007236495334,0.0,0.0,0.1230792192602542,0.38891978406825783,0.16593196020865836,0.467745720470861,0.08287535747730844,0.0,0.0801091863420585,0.04483161543347921,0.0,0.046254892453949044,0.0,0.10724324774206036,0.13014104799092105,0.0,0.0,0.0
0.0,0.0,0.0,0.12364573090069696,0.0,0.10181835617999675,0.09539558467275536,0.0,0.002427758531605325,0.07695143594642521,0.0,0.0,0.04955914840887775,0.05318338194175543,0.0,0.0,0.17446553946379417,0.0,0.25511876797926036,0.0,0.0,0.0,0.0,0.0,0.0,0.0,0.0634858265075839,0.0,0.019638843110180017,0.0,0.1992818430994325,0.0,0.0,0.35302486844055775,0.0,0.03478548646401268,0.014830575697521388,0.04174998655667145,0.0,0.0,0.0,0.0,0.0,0.02496250584111186,0.0,0.0,0.0,0.0,0.0,0.0,0.17387590691000718,0.10859621904491913,0.0,0.14006073381014003,0.11948986812987435,0.0,0.08294978118340568,0.10472212825338552,0.0,0.0,0.039325876892026226,0.08979149699319577,0.04035331595260405,0.2334065473454405,0.0,0.0,0.0,0.0,0.0,0.0,0.0,0.12382597493999589,0.0,0.0,0.0,0.0
0.06411171277624984,0.03551622138223661,0.0,0.27155202963119923,0.0,0.0,0.028146298142946516,0.20368440418401382,0.0,0.0,0.0,0.1418248579983934,0.12783607147388512,0.29788691956354313,0.0,0.0,0.0,0.0,0.0,0.0,0.0,0.0,0.0,0.157932013009481,0.0,0.03744282950978017,0.0,0.08060547869520021,0.0,0.12403593773923795,0.009189549182520738,0.0,0.0,0.06691275801242842,0.03478548646401268,0.0,0.1002357196310455,0.0,0.0,0.0,0.0,0.023167478446174946,0.12402353550538803,0.0,0.0,0.0,0.0,0.0,0.16284170995403927,0.0,0.0,0.0,0.020899053148200772,0.0,0.0,0.0,0.09235653544016885,0.04275115330716279,0.13282136976522907,0.0,0.0,0.0,0.05200699789921833,0.0,0.0,0.0,0.0,0.0,0.04516838723912836,0.0,0.0,0.0,0.033289181027114506,0.01831666646450828,0.0,0.0
