0.0,0.4290804207631858,0.3150060830194805,0.41057588315081334,0.493183129246316,0.3660365864518224,0.6378579329029931,0.0,0.28433227998196,0.48720560086462034,0.0,0.33122603697667186,0.4757436472738154,0.0,0.29657336154583086,0.5090552780079279,0.5431958792264254,0.563735523891786,0.20167121891121154,0.30354278290451214,0.5428521020886802,0.2206635006900114,0.38443634510172436,0.33205239921396174,0.6602701973027524,0.5619893108069236,0.6069295067070972,0.2953267243635998,0.6026612935954984,0.25548531611080105,0.505451119320446,0.33653145075951985,0.34370257371384966,0.2644574449043958,0.1144088479142923,0.0,0.0,0.2576508178264937,0.1055226165909348,0.4127196277211877,0.1835846509044869,0.11488496746340811,0.0,0.28688154326138354,0.0,0.8341723692303282,0.2655901599470663,0.20351238701540608,0.2592433029060384,0.38027641454826855,0.2699593415344683,0.4989361055105107,0.13334700031645028,0.09143786396123772,0.514722596268238,0.2273590585095846,0.32832117875883354,0.18515575599843365,0.0,0.383543686795221,0.4068203457700397,0.36801250812123615,0.13996818774185485,0.16405239370035155,0.21415768375890962,0.42677746635780583,0.4190568843732945,0.40280477300739637,0.3207994420128402,0.41862483535208517,0.6083146340895499,0.3782753110938554,0.0,0.3659294191057695,0.03944000789519507,0.2400577462862597
0.4290804207631858,0.0,0.63442443817529,0.4567770783628168,0.19050866556676266,0.5558710057787587,0.5732190518094717,0.3111270324887675,0.16000502952675652,0.8315455442173941,0.0,0.8545220332540512,0.866885119292623,0.0,0.5460826745184006,0.7356693151051543,0.8959425010778597,0.8237673716384825,0.5126200351171186,0.6631681111716476,0.3679807304802604,0.6767595977876721,0.5677023200124766,0.6535801723612759,0.7920512148805423,0.918929731745756,0.3791074327306449,0.4455123577882268,0.33371037269631926,0.0,0.33659669089626554,0.574138226558044,0.1272465548405124,0.24504689495540757,0.218865696374878,0.0,0.0,0.40540711776516486,0.4105796780491199,0.13651828937922234,0.47700880792263484,0.29432737857170854,0.012058654728331267,0.6770308431416062,0.35535694491641434,0.48320263253402634,0.7192522488231848,0.4522423149413426,0.5726578960404223,0.5244107052786349,0.6933712592421141,0.5796872374261255,0.37944885309637555,0.20116621793347184,0.7849349381108625,0.09755695819932754,0.7894603536800768,0.7214758986958616,0.13880504842210967,0.617377408647199,0.46878162085462594,0.8295553610962185,0.3891620364773744,0.6335998968213457,0.7795672936812853,0.36161842010008366,0.7320831864034419,0.6769114110224735,0.66910060643771,0.6845212824525634,0.9051796042977679,0.5631796363511006,0.5488231471722648,0.49628419011032243,0.1671710442961557,0.4166852208380347
0.3150060830194805,0.63442443817529,0.0,0.3518072384262332,0.5867647818472558,0.6012532578809999,0.6560880679535529,0.3359487527606438,0.6129026384039699,0.7006851334973944,0.21391144454877814,0.6778778420694288,0.7291975015755837,0.0,0.4995423547501826,0.32019434621804926,0.6335806558283994,0.4888424997627708,0.748829406675441,0.5016041366372845,0.23786251021101001,0.30045854382728476,0.6810091526194253,0.4578600786598108,0.5646515379896362,0.6085937424393301,0.6069093851186926,0.3081388177681462,0.40325042865729555,0.1827379633514843,0.2048945751703988,0.4534366348810511,0.0,0.11761573140576154,0.13319776258164487,0.0,0.0,0.4979278386281604,0.16432062053341062,0.010195416650583563,0.24247285924458087,0.2602124614782289,0.0,0.45254325765252645,0.27601091762424795,0.3618679533299319,0.3938368198708887,0.6521287722214594,0.4456770379072431,0.70556648748723,0.5654086832449337,0.6386752320246749,0.4247924184479943,0.515562032881504,0.7225051982499358,0.4422823674952157,0.6666167918875502,0.4507014737800183,0.1060324909482715,0.656762666698118,0.22257562357281774,0.4755959334432615,0.058846405423316026,0.7574932651274405,0.5559332378139984,0.32770609664610556,0.5727341149091157,0.7283513787529966,0.4261269062207563,0.4063462486174027,0.6445672832050491,0.5675447722658106,0.2570416637991554,0.5053648498388528,0.13703281472918816,0.11105922218835325
0.41057588315081334,0.4567770783628168,0.3518072384262332,0.0,0.49645548078337676,0.4464286434075376,0.6289672907604446,0.08483683287369143,0.3582040081422777,0.5877693399775521,0.0,0.3718919985208176,0.6084752987225353,0.0,0.4452027069005688,0.4569705624886569,0.506040518352532,0.6052245800198707,0.28106862552219325,0.5625805707333392,0.40909950024307956,0.378098647070657,0.3496647580631859,0.3822812955760535,0.6399728910405336,0.4853690103380073,0.42813691581528296,0.6661608659843878,0.5523200605095537,0.3479948860349122,0.579428528575108,0.3123815362119922,0.17266409165816293,0.4388339330354293,0.2317319104384957,0.0,0.0,0.3200300042215472,0.13615090277125894,0.19506523440259713,0.2233123683822525,0.013079732199591134,0.0,0.18140688335926602,0.0,0.4080285195908577,0.2753120665962136,0.4183469852382142,0.31538950454314874,0.27835847585787143,0.3422962461418512,0.482255071057302,0.302057186960958,0.1260023793674712,0.46509163575033274,0.2880303958209164,0.4505728353733117,0.36747924403051063,0.07428815299157253,0.5569719007912949,0.36472072594785204,0.4028244146607213,0.11700669610168334,0.2495829337868814,0.42972902823430975,0.2480723016594757,0.49562954307975604,0.4383693182467672,0.3831992042754199,0.4409061634572555,0.5258889001552048,0.4335966971525521,0.20619454374798468,0.40257508838318107,0.17046194681203786,0.40910615620055
0.493183129246316,0.19050866556676266,0.5867647818472558,0.49645548078337676,0.0,0.5254945632638213,0.7377933607302716,0.11731658512727165,0.8129458380432742,0.4778721889399935,0.251884924388983,0.26474710650750166,0.5697874384204177,0.10767244012931382,0.4082604671196996,0.15202225275776235,0.32215955966630117,0.266750930887181,0.41405833810270365,0.3590840504977322,0.37939922746351723,0.05033837343257421,0.42034945172169186,0.12222617343017667,0.406745159909081,0.2688446950952748,0.7069742938601462,0.476317760453654,0.6259648651361617,0.5225651187340467,0.39557364023342756,0.2698866498373799,0.0936376939982219,0.295394415946628,0.10842594487032291,0.0,0.0,0.3394028281322242,0.0,0.2136615972250069,0.0,0.0,0.0,0.07046199709797084,0.0,0.5420013765035728,0.13660458404003237,0.5249084995914511,0.27229385892148217,0.6408876055100999,0.2622529854635582,0.6765305437048181,0.30067903895127457,0.5496502416996594,0.4763456353120305,0.6752343597769938,0.31450073635851056,0.22969973787484915,0.016094375409791854,0.6229807554936215,0.2390328364256941,0.21050187212743443,0.0,0.2810317846662859,0.21641809699870532,0.385421237134277,0.43561183424360855,0.4600575037326981,0.14174930677346725,0.3023685485585052,0.4251829804913272,0.5061248557939609,0.0,0.46276189357674535,0.15952953599373673,0.0
0.3660365864518224,0.5558710057787587,0.6012532578809999,0.4464286434075376,0.5254945632638213,0.0,0.5156682832079561,0.5720070064767678,0.5971823222571752,0.5612883936270149,0.02884061144926847,0.5615364673371361,0.7367757873206979,0.0,0.35723152351070775,0.36865282666631094,0.487934780905428,0.47701041513187403,0.6368010381705163,0.5112703301374512,0.36205302242247533,0.2869181824331217,0.8102512806816511,0.6358764621605361,0.47407227037666505,0.6523863329453288,0.5868591273710444,0.44366461994015965,0.5772058229490594,0.34558603138387,0.26245454457300194,0.4666879403298841,0.19559054687488078,0.4360671371326918,0.37033388787514626,0.0,0.0,0.38664953846260325,0.1705628269667368,0.19250160360594287,0.10113816232436412,0.11205557323836196,0.0,0.4756399164818071,0.2730201180159954,0.4490308941751748,0.17353288099208555,0.7779101181880476,0.24772487506052823,0.5813977836008858,0.5690713617592839,0.43110658177930034,0.6135924493090513,0.39270313426925474,0.48247040369825966,0.4208596448448447,0.6403927318406343,0.32048665810550375,0.2920245858956511,0.6235634709989515,0.12585214305800774,0.3614905731162135,0.0,0.58786728107458,0.3253948056238483,0.20314784894699275,0.3743188404588286,0.8341318570653934,0.5270407480923854,0.20225773779695888,0.5320888483450207,0.48224823423406904,0.05762633021983538,0.2910340142991917,0.05258345480510107,0.0
0.6378579329029931,0.5732190518094717,0.6560880679535529,0.6289672907604446,0.7377933607302716,0.5156682832079561,0.0,0.0,0.38320405467902874,0.7985138616237423,0.0,0.5923926357859204,0.8241879093851472,0.0,0.43457618189112684,0.3769193690797174,0.7578060362213768,0.5972191523903227,0.4154629333616045,0.44918511273190115,0.4059847450403734,0.21257110642318294,0.5215220907329288,0.30010317133220094,0.7254581523971028,0.5876033358305849,0.6803490384601257,0.40585388625902447,0.6306826289337688,0.32618699414711216,0.4375313860308205,0.33618268426704606,0.07490499471253004,0.2729948248330671,0.345380284655932,0.0,0.0,0.5089657550547495,0.0,0.16090441875205458,0.2989995031934304,0.2612699780417644,0.0,0.38816398957112186,0.12156878441514266,0.5834125301170108,0.3133861521381163,0.40918349300570195,0.6928646391030606,0.5645407418030639,0.3886297574683005,0.8200580996630524,0.26623609973209045,0.12938941588077696,0.8242493922499017,0.33842443093965546,0.6610670823259142,0.42758230077994197,0.0,0.613981813677909,0.38905462955370146,0.5562485235239752,0.0648720861096377,0.3499538820978894,0.38690893734933096,0.3162986466936534,0.5555473577325465,0.6041778232716812,0.3465447164251819,0.5381312195369592,0.6786303542241462,0.5478100959969504,0.11728300343905174,0.5710532192553756,0.21603057136722997,0.25636231948703925
0.0,0.3111270324887675,0.3359487527606438,0.08483683287369143,0.11731658512727165,0.5720070064767678,0.0,0.0,0.33780046950533726,0.21969860832033697,0.29295909215809973,0.4302697336718187,0.34531874123328554,0.12954236027103805,0.16277968903982024,0.10534272620294928,0.1394462771832628,0.09509808641040499,0.39533566537073384,0.21187914123103435,0.3313213419865581,0.09326396269414235,0.6798498854599551,0.6387724292847164,0.0169866750799787,0.33140640051619114,0.02087771137989277,0.22384852694102483,0.0,0.01821645246656777,0.0,0.24134620628045528,0.15379194268658197,0.09724447924385987,0.0,0.14757602692282207,0.1722465117644772,0.20254003008040175,0.24431686297755403,0.032296770572637655,0.0,0.0,0.35011857463036083,0.27227722188866393,0.21127468058402088,0.11056607089507503,0.30214460659949005,0.3747442996705488,0.011754293889888369,0.4165763583447341,0.551306540366593,0.14052423181638576,0.7507043680354398,0.3490272233804748,0.14457803301538696,0.2649923832444308,0.3497400730708823,0.3737743989095545,0.34727061741015447,0.19412544902467826,0.0347746218857252,0.20512671650783915,0.0,0.42420592059549933,0.23849375628358252,0.24489942719001648,0.19895065211049087,0.6020247415139243,0.479845392782238,0.09153702527717868,0.28084887037360456,0.1752151148688931,0.23031949515250663,0.0,0.0,0.0
0.28433227998196,0.16000502952675652,0.6129026384039699,0.3582040081422777,0.8129458380432742,0.5971823222571752,0.38320405467902874,0.33780046950533726,0.0,0.3219267408518965,0.5806924610871587,0.17827384467236126,0.43275417755746703,0.24933815777388357,0.4975054879072619,0.21598597948677015,0.12971244631050097,0.2152727031062176,0.6414094502832828,0.4488075937346601,0.3281410621037891,0.20387605383180388,0.43550298130473375,0.25390629065911885,0.26630367353872636,0.22649550994606601,0.5898692973419257,0.4769652778471398,0.5475466599382544,0.43268050251688217,0.3084555331442466,0.321644494355776,0.1356161009171117,0.3048360954288756,0.0,0.0,0.0,0.25014756364913376,0.039764749239363725,0.23411488722802345,0.0,0.0,0.03607929271730764,0.12576360172738685,0.12315003866157626,0.37663154137245625,0.17120564234989546,0.7661520266041182,0.0,0.6740596535158719,0.3404908280896516,0.3904784377593301,0.44375631446393166,0.8309199348553533,0.22540133872280704,0.8846181247240542,0.2042315011865222,0.1960855354627477,0.2130476668784578,0.6483045892053638,0.12646447547834982,0.0946722306698296,0.0,0.5499390723544229,0.23373157083862825,0.3638793679410295,0.3991125971709656,0.47650752361129695,0.19484155790508104,0.16135034551680683,0.2873360291969778,0.4702484684628733,0.0,0.359686818901727,0.15904018259955421,0.0
0.48720560086462034,0.8315455442173941,0.7006851334973944,0.5877693399775521,0.4778721889399935,0.5612883936270149,0.7985138616237423,0.21969860832033697,0.3219267408518965,0.0,0.0,0.8589075078023285,0.901118469458152,0.0,0.5555209804072869,0.5009163055485969,0.9281842518040269,0.72371248911008,0.4809114209143345,0.6765786725937429,0.3510838500696224,0.46981866231479685,0.5773860328240615,0.5277354302012094,0.7898287353114012,0.7925000627748328,0.5161930539822596,0.5224742006346969,0.49561562869686027,0.26644303921058543,0.47960669910994724,0.4414476534154094,0.0,0.34969107552097395,0.3127019717668393,0.0,0.0,0.5284683107357512,0.13407250207394505,0.050795141989961726,0.4149409724634029,0.31363666191834155,0.0,0.5276520468891817,0.28784568490059104,0.49064103832025496,0.4984792013992033,0.47195863044536013,0.7041577761484951,0.6352851172445678,0.6582585560451171,0.7613570407778408,0.4522712023786032,0.30816228645257976,0.9420101204019447,0.20765924598907154,0.8474310105662071,0.6228177430451729,0.11150861572445202,0.6923881942823505,0.43491934913236335,0.7615869803549047,0.19302704943009982,0.5403501440037601,0.7296555273611333,0.34839894521021714,0.7183127604826274,0.7514691632473633,0.6010138726115696,0.6490159868910694,0.8383734762512545,0.620522352238009,0.3621999065266199,0.6313771345809036,0.16357453834483074,0.2820506220158099
0.0,0.0,0.21391144454877814,0.0,0.251884924388983,0.02884061144926847,0.0,0.29295909215809973,0.5806924610871587,0.0,0.0,0.0,0.0,0.48215617345168843,0.19634094453225645,0.018286870822937062,0.0,0.0,0.3423653742635962,0.0,0.2192508645264931,0.08469678506987999,0.060722212575888675,0.0,0.0,0.0,0.20778185381141084,0.027061400211546738,0.0,0.0,0.0,0.0,0.13593888219247455,0.0,0.0,0.55401866698606,0.3961819910209911,0.0,0.07521578037872406,0.17995564669182657,0.0,0.0,0.3367573086905197,0.0,0.09416639914451065,0.036984303483102735,0.25194159975489894,0.3291009561726245,0.0,0.3168136888342983,0.11989454408500183,0.0,0.23645156482930288,0.613137572943092,0.0,0.699807914642025,0.0,0.06082375819439284,0.11008807410161578,0.10790773677221573,0.0,0.0,0.0754053058455484,0.2648419288854329,0.0,0.3904293513628474,0.08942115898829107,0.0,0.0,0.028671325929136487,0.0,0.2357874932211318,0.07769550431652228,0.08109354976412453,0.07431863138858447,0.0
0.33122603697667186,0.8545220332540512,0.6778778420694288,0.3718919985208176,0.26474710650750166,0.5615364673371361,0.5923926357859204,0.4302697336718187,0.17827384467236126,0.8589075078023285,0.0,0.0,0.8120634329937925,0.0,0.41363675107191117,0.4745130439706148,0.899718175609297,0.7007068529736727,0.4851432828328385,0.5309256590594161,0.19482617567365929,0.40233070474558486,0.6454360175284968,0.7168108496189186,0.5895665704801849,0.8671351803936088,0.2727033391259199,0.38610115800105815,0.20405300565005463,0.09325659550494875,0.21748172965006962,0.42937144278244915,0.0,0.1997335653788324,0.32948144182373296,0.0,0.0,0.4544827417303306,0.19024957535446382,0.0,0.32228177774685135,0.325552410552708,0.0,0.6430354138758119,0.31427930935229753,0.35932465359082555,0.4426444322464545,0.3763417515694687,0.6461167059431098,0.5903476961625571,0.6312500613692817,0.585843314069967,0.4275580930597556,0.19715300302423872,0.827218414872672,0.04013801159229948,0.957822220195505,0.6264865683353017,0.23156545077203528,0.5536294481342177,0.28761456132150715,0.7491987688420901,0.1157127089902552,0.5578615976024843,0.6962039448624389,0.1888934420204367,0.5881071392972246,0.7547148551877483,0.6690714684358519,0.4370509533375787,0.7927815037866632,0.43651330872028365,0.4061312832145915,0.3964311703979371,0.0743774119356654,0.20289958195021338
0.4757436472738154,0.866885119292623,0.7291975015755837,0.6084752987225353,0.5697874384204177,0.7367757873206979,0.8241879093851472,0.34531874123328554,0.43275417755746703,0.901118469458152,0.0,0.8120634329937925,0.0,0.0,0.5954386488200323,0.6316181216031096,0.8859715487451929,0.7870712523382409,0.602556324384764,0.6878745132867338,0.4366455391512673,0.5311351308892176,0.6863514629847217,0.6459276016579397,0.7352853690740521,0.8464270323026836,0.5493822692735638,0.5715970156313589,0.539646506248959,0.23084321442074532,0.38305868956383515,0.5695318365879104,0.14742370657205978,0.38651011030751087,0.3360124853052658,0.0,0.0,0.5046591340688807,0.1925267545071981,0.17560455479717024,0.3599728125049858,0.23080218832742141,0.0,0.6048380176323922,0.32425344408045326,0.5704237338666881,0.5331164828568709,0.5843562737483814,0.6082021925317267,0.686000778344506,0.6625041469510274,0.7364146628899964,0.4846994066116947,0.3165965352853895,0.8112117105317046,0.3201610964868103,0.8101629714628051,0.6849845476908606,0.15731829438139902,0.7528543601258583,0.41920968024287864,0.7531142115486222,0.21252056803911296,0.5935770726273775,0.6507935994804785,0.360274029366835,0.6976597869507852,0.7891894954393126,0.6357944023842261,0.5958166141821633,0.8711963341736492,0.6089272199391873,0.3650364543279568,0.566412724902575,0.22575192640764324,0.26247109157032955
0.0,0.0,0.0,0.0,0.10767244012931382,0.0,0.0,0.12954236027103805,0.24933815777388357,0.0,0.48215617345168843,0.0,0.0,0.0,0.0,0.0,0.0,0.0,0.0,0.0,0.0,0.0,0.0,0.0,0.0,0.0,0.0,0.029277063190008456,0.0,0.11073641815722839,0.0,0.0,0.006519116473051579,0.0,0.0,0.6981561086689686,0.22131888646686915,0.0,0.0,0.006199860278940579,0.0,0.0,0.4448534051250067,0.0,0.0,0.0,0.0,0.02248330884821576,0.0,0.0,0.0,0.0,0.01808216259965493,0.27130313936977174,0.0,0.305474741173017,0.0,0.0,0.1873796085349814,0.0,0.0,0.0,0.0,0.0,0.0,0.0,0.0,0.0,0.0,0.0,0.0,0.0,0.0,0.0,0.0,0.0
0.29657336154583086,0.5460826745184006,0.4995423547501826,0.4452027069005688,0.4082604671196996,0.35723152351070775,0.43457618189112684,0.16277968903982024,0.4975054879072619,0.5555209804072869,0.19634094453225645,0.41363675107191117,0.5954386488200323,0.0,0.0,0.4759130628917492,0.4085769082403477,0.5117177041531208,0.3681056998915525,0.8600289393743452,0.55335053885835,0.7009770350753346,0.2857985936887128,0.2984458444066757,0.5624435566921191,0.39902655886091853,0.571018825103929,0.49680476124740597,0.6164250002417323,0.28449749144763514,0.5818693896819237,0.4977805753966305,0.09246694764585878,0.33409213750231104,0.0,0.0,0.0,0.233096516408226,0.3810934411838751,0.11517456468303786,0.3149047461538056,0.0,0.12009674822412417,0.26376401296044266,0.16167191419717403,0.3846236446300132,0.5407992553734279,0.4395081299089857,0.20344453440946225,0.42849916861169807,0.5244426802067326,0.41014220846806265,0.3498011880779112,0.5399597627933665,0.3937924040453111,0.4689958886166023,0.31091282259194875,0.46658237029489,0.14917825163401313,0.852875540052205,0.5116910694980272,0.46653697814525746,0.34400749865857033,0.42591353274342136,0.741117306223689,0.5839408055073287,0.7683107897879647,0.4606143193329113,0.37068517231996584,0.6116147451436937,0.5607574305008023,0.7325065130071573,0.34733278907578397,0.7000551055916312,0.287136142454121,0.40385628063239504
0.5090552780079279,0.7356693151051543,0.32019434621804926,0.4569705624886569,0.15202225275776235,0.36865282666631094,0.3769193690797174,0.10534272620294928,0.21598597948677015,0.5009163055485969,0.018286870822937062,0.4745130439706148,0.6316181216031096,0.0,0.4759130628917492,0.0,0.5890794117324399,0.8314436623892414,0.3853680307862912,0.5713117626528219,0.4951152628677012,0.7712829443310186,0.2609305814012434,0.5599519371581297,0.6392214322366325,0.6901081560698045,0.3156862258042906,0.6045075168469025,0.33085967453865556,0.0941747491760237,0.49375806095886715,0.46950974898226633,0.4743577995001919,0.41214674115814104,0.043004097412578234,0.0,0.05551869053316489,0.11705101345411997,0.47933940795597824,0.4590091961614415,0.4600912516790798,0.06306176554314155,0.09832199680022419,0.5176397078877912,0.2847016011277525,0.5609311210535249,0.6875413405852074,0.3748839222328859,0.1574842066864523,0.33673751703641125,0.5235709356717575,0.39148015514779466,0.17313904063480667,0.23648475754969095,0.3799461251977772,0.23365929148897088,0.42308677651503634,0.694717158898544,0.12410200169615439,0.42588969565073526,0.5656990689545327,0.6722617778017674,0.6296662931718395,0.4025451690150619,0.5957519577778071,0.4170426995889571,0.6861788332976848,0.32269820224501305,0.5625771703478981,0.6061807256494952,0.7432446552775194,0.4797580590609086,0.6738847524815549,0.43711759989043947,0.27946245810693,0.534638440841775
0.5431958792264254,0.8959425010778597,0.6335806558283994,0.506040518352532,0.32215955966630117,0.487934780905428,0.7578060362213768,0.1394462771832628,0.12971244631050097,0.9281842518040269,0.0,0.899718175609297,0.8859715487451929,0.0,0.4085769082403477,0.5890794117324399,0.0,0.8399799375701762,0.4813501848491399,0.5247227965653103,0.2634115000230713,0.41550482296842456,0.551827666803414,0.6032879925213143,0.7878210024200841,0.8944571235308643,0.4281907549359346,0.3862496259838626,0.3902677466642374,0.07131035091036525,0.407879197513403,0.4742212473124828,0.05644676565160308,0.2732802333791705,0.37209295055251956,0.0,0.0,0.5253266529362909,0.22155140881722363,0.11288174505915335,0.44810351442695556,0.4258888980881776,0.0,0.6676514070133605,0.2636062179615706,0.5203935855492948,0.4730953429713035,0.3480701356665791,0.7260471519371393,0.5039952871521038,0.5650891970775624,0.6901997585920647,0.27733928260335083,0.06588904961027535,0.9251445240116494,0.02839966506178452,0.8810318559808465,0.5896953774009576,0.007122371654949071,0.5330044755352147,0.4518620013369951,0.8186352472314967,0.25669179978270024,0.494022495896332,0.6442340471368715,0.22793782028720785,0.6373374416901836,0.6866458605423561,0.6031793949221428,0.5875903194973126,0.8689982038698162,0.4807285471055962,0.37191962418218727,0.4684450013584067,0.13926149649693847,0.35890317319796017
0.563735523891786,0.8237673716384825,0.4888424997627708,0.6052245800198707,0.266750930887181,0.47701041513187403,0.5972191523903227,0.09509808641040499,0.2152727031062176,0.72371248911008,0.0,0.7007068529736727,0.7870712523382409,0.0,0.5117177041531208,0.8314436623892414,0.8399799375701762,0.0,0.4979894413620857,0.6035291350775959,0.4046098975390417,0.5946085262373056,0.37715072818505213,0.646684220954413,0.7490326767165217,0.8751951474378231,0.39421601009642293,0.6275968439670919,0.4889189720026423,0.16768041005669246,0.6113846588154505,0.5978404216621338,0.26598389441772874,0.4303594527123735,0.3058320672420897,0.0,0.0,0.29334603102367435,0.442111078553566,0.339484778029661,0.4988188623280598,0.1853782951280672,0.0,0.5809594247497414,0.1728843845808831,0.6157083026415116,0.5407908248372737,0.45429357076264515,0.43615226665745105,0.38162946588839386,0.5110497813813762,0.5533752531469229,0.16079077917509688,0.12706451175893074,0.6140496445422501,0.17842864391301075,0.657793662572455,0.5731427941641946,0.04309339877194142,0.5706361210281905,0.6753044962141072,0.8074299432394939,0.5523436048279079,0.47281102496385297,0.6552676141951941,0.29008551938591975,0.7158532305162056,0.4718942045933446,0.6518058554103187,0.6336609132241207,0.8468440302864032,0.4673358426632467,0.5246037936619772,0.4326276706631538,0.20068626966616654,0.5706815977251671
0.20167121891121154,0.5126200351171186,0.748829406675441,0.28106862552219325,0.41405833810270365,0.6368010381705163,0.4154629333616045,0.39533566537073384,0.6414094502832828,0.4809114209143345,0.3423653742635962,0.4851432828328385,0.602556324384764,0.0,0.3681056998915525,0.3853680307862912,0.4813501848491399,0.4979894413620857,0.0,0.4646632943819446,0.25827866012604067,0.3353718299601376,0.5785103864381629,0.5684110358580624,0.4109241165747926,0.5359966415999338,0.4639507217809284,0.4072865160912501,0.33011478151069884,0.16505155337227964,0.24207355191534835,0.4713047889114616,0.18744066318693756,0.3127472881485649,0.12188227060267197,0.0,0.0,0.3726263063466069,0.2956764247900531,0.2890250313800404,0.16050141554935146,0.0791238779076195,0.0,0.5010500637570754,0.366649025772533,0.3181123232171837,0.37737511835429505,0.7568713043202042,0.24637304156751047,0.6162451953564172,0.5024952613723842,0.45941570776463964,0.4449598069637853,0.46598156280715725,0.42364178693519783,0.546910584849086,0.5046322745120665,0.4093494242608889,0.23742435591210087,0.5106632699820643,0.23327227201130357,0.41818722171629114,0.15147426028288621,0.813967116423633,0.4184490693004414,0.24899140080127713,0.45593434377144554,0.5916053964834614,0.5003455672833378,0.3105887697272072,0.5016105567173457,0.4644812571978513,0.35570923305095686,0.2864497843629595,0.19627947154584333,0.18591824012888425
0.30354278290451214,0.6631681111716476,0.5016041366372845,0.5625805707333392,0.3590840504977322,0.5112703301374512,0.44918511273190115,0.21187914123103435,0.4488075937346601,0.6765786725937429,0.0,0.5309256590594161,0.6878745132867338,0.0,0.8600289393743452,0.5713117626528219,0.5247227965653103,0.6035291350775959,0.4646632943819446,0.0,0.4902515172269277,0.850157831526548,0.35869516669544727,0.45463487762549304,0.6149696106321944,0.5676416125429709,0.502962449439956,0.6320459789028859,0.6295562859324021,0.31759352643007266,0.6150125673767032,0.5185054674124333,0.1637818335406053,0.49167818603884417,0.09793408114138819,0.0,0.0,0.30833623085289774,0.41139470926101934,0.19176348654994949,0.42592088917563564,0.0,0.16086510901090045,0.38172899332911214,0.31109711451212596,0.4237829068594369,0.48976071793623926,0.532602462146858,0.22715619192256672,0.4430726184985032,0.5513430125225287,0.4378847264686908,0.3947315548421065,0.4672892834491177,0.466929325309871,0.369032582057027,0.47428719197834923,0.511828402742576,0.2627947789554814,0.7892616523014324,0.49963170857192474,0.5326099661094221,0.3199793750089207,0.5071357968157328,0.8698899252933384,0.4567032628584007,0.8170153360645709,0.5370132745925484,0.5711215646210287,0.5391583101579224,0.6351298433206933,0.6679834664050975,0.39636002598012,0.6696727571867664,0.289797188875305,0.41391193171927926
0.5428521020886802,0.3679807304802604,0.23786251021101001,0.40909950024307956,0.37939922746351723,0.36205302242247533,0.4059847450403734,0.3313213419865581,0.3281410621037891,0.3510838500696224,0.2192508645264931,0.19482617567365929,0.4366455391512673,0.0,0.55335053885835,0.4951152628677012,0.2634115000230713,0.4046098975390417,0.25827866012604067,0.4902515172269277,0.0,0.4050701577139018,0.39193964021151834,0.4058744785115741,0.4789798931888787,0.2519982786293499,0.5917711649783159,0.5219470408298527,0.5223355863021034,0.27621265937260614,0.6354891138313781,0.47646545305347227,0.5444183721927155,0.37634898979079245,0.0,0.0,0.0,0.24173636791445088,0.4523550287357888,0.5056079880372099,0.17559083638236664,0.0,0.13175739701101954,0.1802368160510018,0.09824146944549682,0.634555594622278,0.5975398392754475,0.2650172706838207,0.1191547258515939,0.37968903462455206,0.585724328053567,0.4717772237512136,0.4910402243500786,0.2703313528047565,0.26374706306313495,0.4595343787881243,0.09205680249303962,0.5242755097269518,0.08934511503668106,0.46579158610100835,0.5682101883610269,0.420080868949314,0.4021685865538638,0.24565682840490194,0.39219966855276767,0.8437452221776242,0.5721535864500701,0.4316849413150068,0.5467791398773677,0.6606897313588181,0.5140493537077493,0.6815844177880667,0.4049983417711975,0.5801484932200718,0.24512482601240987,0.4739752520179468
0.2206635006900114,0.6767595977876721,0.30045854382728476,0.378098647070657,0.05033837343257421,0.2869181824331217,0.21257110642318294,0.09326396269414235,0.20387605383180388,0.46981866231479685,0.08469678506987999,0.40233070474558486,0.5311351308892176,0.0,0.7009770350753346,0.7712829443310186,0.41550482296842456,0.5946085262373056,0.3353718299601376,0.850157831526548,0.4050701577139018,0.0,0.1537901682155281,0.40239146250319696,0.5838001420861398,0.5164774156360266,0.2881254222473103,0.48989787884474334,0.31954560405609345,0.048396863932865,0.3682928047693619,0.41634265888286004,0.26633704380341144,0.3609692905486187,0.0,0.024835528978986835,0.08268879196582708,0.13850846702575592,0.4815477381065487,0.30546167113300376,0.5668616780450837,0.03951778914457944,0.2877831072575758,0.37528155723202233,0.38818277428111075,0.2930344842635794,0.6021512360143171,0.3932167381183958,0.0454026257729627,0.25582033850057967,0.4402995632601255,0.16581025614274514,0.16326423023245054,0.3254670615809406,0.28720152840143015,0.23941493136253503,0.3168257575245633,0.5339882467061348,0.22227851297156842,0.5315553808809711,0.38974201990708845,0.5237811026749535,0.5357229006330898,0.4602885069080024,0.78142110947972,0.37067355600177876,0.7290395142444972,0.2690270956086128,0.4556938908903982,0.5181249606072582,0.5613429601924688,0.520841733936228,0.5811086453735309,0.5321309413127335,0.38593236485347976,0.5312048523341052
0.38443634510172436,0.5677023200124766,0.6810091526194253,0.3496647580631859,0.42034945172169186,0.8102512806816511,0.5215220907329288,0.6798498854599551,0.43550298130473375,0.5773860328240615,0.060722212575888675,0.6454360175284968,0.6863514629847217,0.0,0.2857985936887128,0.2609305814012434,0.551827666803414,0.37715072818505213,0.5785103864381629,0.35869516669544727,0.39193964021151834,0.1537901682155281,0.0,0.6840492532243854,0.47859281063022224,0.64241065176626,0.4823998768743547,0.305181626643586,0.27976631401470137,0.150754157351356,0.0998726406671672,0.4681379141076438,0.06452222491037428,0.1302913147043515,0.19135825103278342,0.0,0.0,0.48142557269979935,0.21403177046586652,0.053037174632065934,0.06040237403454909,0.15368084151603398,0.0,0.5378385217624791,0.263260259675441,0.4297789774577664,0.28801656097157574,0.5822547125323766,0.3849733769591464,0.6241597836649945,0.6804425977785783,0.5307142071052258,0.6862237616165991,0.2673307336039051,0.6017817205403078,0.2904788046805876,0.6663902185111813,0.45598578082660257,0.21190039220059168,0.47848462023778926,0.10046726791045234,0.40938559717264555,0.0,0.5734157520461665,0.3686674161181174,0.3031754846975605,0.3685964402990754,0.9500237205489637,0.5365934141838833,0.26070265401356935,0.6010452638927123,0.4449402963022015,0.21206029797306836,0.23696156303692723,0.0,0.06692456605567249
0.33205239921396174,0.6535801723612759,0.4578600786598108,0.3822812955760535,0.12222617343017667,0.6358764621605361,0.30010317133220094,0.6387724292847164,0.25390629065911885,0.5277354302012094,0.0,0.7168108496189186,0.6459276016579397,0.0,0.2984458444066757,0.5599519371581297,0.6032879925213143,0.646684220954413,0.5684110358580624,0.45463487762549304,0.4058744785115741,0.40239146250319696,0.6840492532243854,0.0,0.43221657544980296,0.747737672056566,0.18672233612977726,0.467584329432264,0.11141555026609394,0.056550358571742024,0.2796499261149896,0.4543438487812215,0.27716318232968146,0.3276648800616545,0.20550863741516753,0.0,0.050045729901587004,0.30679411270759227,0.39244846545554424,0.24668705525927817,0.2061074117148567,0.14106921939368183,0.11847008791165177,0.5974164622806744,0.3109875127251745,0.4187233395122767,0.42682168910085727,0.47581054797595723,0.3154294572670516,0.4881103608562675,0.5925550106545034,0.3608342596140126,0.5534748562982386,0.17528214798608463,0.4358286321020588,0.14358653267308719,0.6521962210234222,0.5331243685782056,0.36038941456973056,0.3738794244334198,0.3218099958862749,0.5936097233741254,0.20223212795223483,0.573372117192916,0.48147909675794515,0.2527792415821011,0.4588286592536809,0.6865873190809895,0.8083907256340047,0.2873627801778613,0.6476212259909111,0.2718885568086296,0.4682035678516037,0.06882118642986675,0.14227806663711268,0.2826555353685677
0.6602701973027524,0.7920512148805423,0.5646515379896362,0.6399728910405336,0.406745159909081,0.47407227037666505,0.7254581523971028,0.0169866750799787,0.26630367353872636,0.7898287353114012,0.0,0.5895665704801849,0.7352853690740521,0.0,0.5624435566921191,0.6392214322366325,0.7878210024200841,0.7490326767165217,0.4109241165747926,0.6149696106321944,0.4789798931888787,0.5838001420861398,0.47859281063022224,0.43221657544980296,0.0,0.7551756617955504,0.6224966897135452,0.37722242790214344,0.5695304402982954,0.11762716433048896,0.47611569116454877,0.44402682256668363,0.1082380754807298,0.23813670794711536,0.1929287872783903,0.0,0.0,0.382479013312528,0.18485884388368412,0.2473550819928253,0.5437837431890765,0.2868335559108483,0.0,0.4041045619667083,0.18906118248399867,0.5846444012296199,0.5314621352463613,0.4764467699154338,0.4867365466574099,0.44571181639734275,0.5464298494281292,0.5787481691539837,0.254224625163537,0.18145153395457084,0.7564013243847356,0.2514278437762721,0.59365103297824,0.4601185798677121,0.0,0.6784652784064134,0.47137314215705334,0.666291539854958,0.36657433321076505,0.46538527967319926,0.6136083464104983,0.429600846253676,0.680706240220563,0.6031476111956096,0.4616545759431224,0.730421141607207,0.8260794911991696,0.6510615193210078,0.28335063324503024,0.6470763776570457,0.26063347126181485,0.5175474733397876
0.5619893108069236,0.918929731745756,0.6085937424393301,0.4853690103380073,0.2688446950952748,0.6523863329453288,0.5876033358305849,0.33140640051619114,0.22649550994606601,0.7925000627748328,0.0,0.8671351803936088,0.8464270323026836,0.0,0.39902655886091853,0.6901081560698045,0.8944571235308643,0.8751951474378231,0.5359966415999338,0.5676416125429709,0.2519982786293499,0.5164774156360266,0.64241065176626,0.747737672056566,0.7551756617955504,0.0,0.3614906035974071,0.4474984432053763,0.36816145891674,0.08448624485186311,0.3100942292154099,0.5586923343033244,0.0995793635167813,0.28766517491156507,0.3521617309729323,0.0,0.0,0.3928196859024554,0.29975798271574694,0.15495267521531392,0.39781463072050854,0.3213781332334009,0.0,0.6456244970581441,0.26082929309623376,0.5609636665627612,0.44945646798738953,0.49774486382891614,0.5372787089697564,0.47773236205034847,0.5558135348873141,0.49812170534221273,0.3064421419938418,0.13950005906194893,0.7415841656770404,0.07499425121742795,0.8435109221995644,0.5233953839673653,0.1457197244036801,0.5596279280635501,0.386039042378781,0.7407921442547939,0.29230164518218676,0.5843060622211819,0.6487597458254176,0.1636364184533278,0.6077073920515841,0.6963986223504275,0.662016222552957,0.4676933493139581,0.8835752490262029,0.3776315654167542,0.3767775959252485,0.3033587001545555,0.10544540122369167,0.32855934323230945
0.6069295067070972,0.3791074327306449,0.6069093851186926,0.42813691581528296,0.7069742938601462,0.5868591273710444,0.6803490384601257,0.02087771137989277,0.5898692973419257,0.5161930539822596,0.20778185381141084,0.2727033391259199,0.5493822692735638,0.0,0.571018825103929,0.3156862258042906,0.4281907549359346,0.39421601009642293,0.4639507217809284,0.502962449439956,0.5917711649783159,0.2881254222473103,0.4823998768743547,0.18672233612977726,0.6224966897135452,0.3614906035974071,0.0,0.3644000823428927,0.8419279697498263,0.3664671337993635,0.5625278832242939,0.4404205924840048,0.2288499552522668,0.3594976521312944,0.08489257609481671,0.0,0.0,0.43540534299452993,0.17397257897101737,0.3153215429934181,0.19259465339954437,0.0,0.0,0.2109661921003511,0.13397336306354873,0.640602890250529,0.3343196891576969,0.5231064718883115,0.30654558211082167,0.5875457606336699,0.5073174201505619,0.6480976928898602,0.33028377769086037,0.4565666065050626,0.5346225925828415,0.5704890757686591,0.3028449278842078,0.30862375440833356,0.0,0.7021482351037069,0.41836811911977484,0.3052413829207401,0.0623702687519033,0.41650608900872416,0.38185552099824555,0.597447512157104,0.5907292243464782,0.5865053507428845,0.2956811685161314,0.5319813922853739,0.5158480006852384,0.8484716568268088,0.03505266293239151,0.753588842492216,0.0879439908890878,0.19785947213654775
0.2953267243635998,0.4455123577882268,0.3081388177681462,0.6661608659843878,0.476317760453654,0.44366461994015965,0.40585388625902447,0.22384852694102483,0.4769652778471398,0.5224742006346969,0.027061400211546738,0.38610115800105815,0.5715970156313589,0.029277063190008456,0.49680476124740597,0.6045075168469025,0.3862496259838626,0.6275968439670919,0.4072865160912501,0.6320459789028859,0.5219470408298527,0.48989787884474334,0.305181626643586,0.467584329432264,0.37722242790214344,0.4474984432053763,0.3644000823428927,0.0,0.49784888368431474,0.47083395713601955,0.7144207533901624,0.4788287258638681,0.4671829775528413,0.6444956360215452,0.056292790599111936,0.0,0.0,0.2736718800921068,0.44595358626974946,0.4376638216947008,0.13944898669516806,0.0,0.2036109127210606,0.3074772464126998,0.18175922529307706,0.47995439615611163,0.49510191378061086,0.4735577258296627,0.11158065070207032,0.43083716354918666,0.5363063085877777,0.5179755667907681,0.36766215252147444,0.4033613590785123,0.2772404316349291,0.43442563801033285,0.367164075665223,0.6168071722082725,0.2128543151851205,0.4927898997364066,0.5740143718287338,0.48239690841340016,0.40891452291496994,0.31316249665593116,0.5631259022148489,0.4334074984625446,0.6461992205826457,0.38533980894532505,0.5997260444551115,0.5160048649714121,0.5546033431796654,0.4849496534714311,0.5678078402460882,0.43471134601239697,0.18519902561657012,0.3234518721056599
0.6026612935954984,0.33371037269631926,0.40325042865729555,0.5523200605095537,0.6259648651361617,0.5772058229490594,0.6306826289337688,0.0,0.5475466599382544,0.49561562869686027,0.0,0.20405300565005463,0.539646506248959,0.0,0.6164250002417323,0.33085967453865556,0.3902677466642374,0.4889189720026423,0.33011478151069884,0.6295562859324021,0.5223355863021034,0.31954560405609345,0.27976631401470137,0.11141555026609394,0.5695304402982954,0.36816145891674,0.8419279697498263,0.49784888368431474,0.0,0.5235019678512992,0.7160694482466924,0.4035215165342729,0.23807564781458435,0.5166891329186535,0.22881114802736194,0.0,0.0,0.29159714504888146,0.16766694600283621,0.37998375220319147,0.2120539935035724,0.0,0.0,0.17143843023705113,0.06248479296650054,0.6577687844702046,0.18916361052175007,0.5005005139280921,0.1777231949064065,0.34981732127319765,0.3299777770250884,0.48573458451729085,0.24819901804413788,0.34891986076227627,0.390629837829531,0.4789901460081178,0.26323780367609245,0.1389863523890446,0.0,0.7265442056561254,0.500747552112513,0.2595223739503843,0.08326370871093164,0.23906814753046557,0.3378304099207796,0.43226406670388234,0.5343960416946218,0.43927926014751706,0.24912511486481007,0.45984194105449794,0.466414981973292,0.6468033531867073,0.0,0.7161847887705723,0.08227653172876932,0.1846895655588373
0.25548531611080105,0.0,0.1827379633514843,0.3479948860349122,0.5225651187340467,0.34558603138387,0.32618699414711216,0.01821645246656777,0.43268050251688217,0.26644303921058543,0.0,0.09325659550494875,0.23084321442074532,0.11073641815722839,0.28449749144763514,0.0941747491760237,0.07131035091036525,0.16768041005669246,0.16505155337227964,0.31759352643007266,0.27621265937260614,0.048396863932865,0.150754157351356,0.056550358571742024,0.11762716433048896,0.08448624485186311,0.3664671337993635,0.47083395713601955,0.5235019678512992,0.0,0.5142356134569922,0.2997952524879481,0.19236294839666318,0.4094637953935167,0.17625019200796876,0.0,0.0,0.06266378870852808,0.130459475829046,0.2001130849628307,0.0,0.0,0.03898587080935693,0.009107087629496934,0.0,0.32377720073747973,0.0,0.32272793237328234,0.08844493878274247,0.1880638731731363,0.1302663458735192,0.2863507658168181,0.1807889166199256,0.28785429745414914,0.15320609099505178,0.2973577136113494,0.14565065798435456,0.03480111924875793,0.15655909322566722,0.3388629829777314,0.18960395273230882,0.04684754818587992,0.0,0.10815598601530124,0.10302831980734013,0.15670762199260088,0.14862984902309032,0.24587700855889588,0.18641851981793198,0.11378008183142313,0.15411686448238987,0.28581072412049235,0.0,0.2890407227719585,0.09535952570894028,0.0
