0.0,0.11003136389720244,0.4100938920702969,0.0,0.27430155864363087,0.23323744752004089,0.21286913014955886,0.09349216614132785,0.41877910517002,0.4064708474382932,0.24089207053257272,0.0,0.33446516045944413,0.17432501835254718,0.5144366446392002,0.5014803091570526,0.25336207932765764,0.311590921101602,0.24095100941130926,0.4811452518801178,0.46014654818456446,0.5107496664213835,0.2668682751499765,0.04856305998829932,0.4070505318996922,0.30032240245401626,0.4399306668943836,0.34821248243047437,0.44487892925082745,0.3818859523980013,0.48609355276198096,0.21734193433371077,0.18464790887943433,0.1878276828599225,0.26197029042365283,0.0,0.03635435308886163,0.21676891727802697,0.12336292907207883,0.172027646916092,0.10648554960126641,0.0,0.0,0.0,0.14016687178473036,0.5436757979765467,0.26665271526929696,0.4348434073757979,0.0,0.04783994651992725,0.23345133094279347,0.15449024942446862,0.13014375768961253,0.38954244094162005,0.3517622123945714,0.17744587356490216,0.01795906895972704,0.0,0.11257047309897686,0.4686944649948435,0.38164884995666093,0.34755745821644307,0.2433969184850276,0.2929230262621054,0.4858412560959596,0.4503210246061739,0.5053587533078878,0.253601538477963,0.023429524981840696,0.3041512460428845,0.32581870937033536,0.39831873005987023,0.014370694916751105,0.39706646055803585,0.2481454213218362,0.12810885707242897
0.11003136389720244,0.0,0.3096130032085922,0.0,0.22489547504720986,0.5310422719337473,0.31075240173698715,0.3739192135886741,0.33093272629394477,0.19367266040543632,0.19665275746329727,0.39054129527499,0.2995316560894094,0.0,0.05389099171921982,0.2097703512811229,0.41984646556701627,0.44400851560696186,0.29356444136926013,0.04025689772879839,0.2055583662725462,0.11944786781309699,0.39223732231583397,0.2988873271485937,0.3671512423981907,0.5050755640345811,0.2376965534697312,0.04496623471277517,0.1357933519212848,0.07581222301233993,0.05299655064629224,0.28873417256458694,0.14582484589320266,0.1585702680763246,0.199843074145799,0.0,0.0,0.10554391555145255,0.14909658541096008,0.17944958432160155,0.15419786509918207,0.0,0.1314445830875222,0.06619002201056631,0.09564484776933634,0.0,0.4318170958018631,0.26878760902497806,0.0,0.21280574068399422,0.43591165262163184,0.32205687460547067,0.31701223282772206,0.30878625569300233,0.2762723549121845,0.25836050409889755,0.39340505279831267,0.2957486975723526,0.19383102007459418,0.01681145395748744,0.0,0.28560258129732574,0.2587336460419406,0.3286901872425223,0.10621525991386956,0.14944633712686922,0.09177691380688902,0.28833586554792445,0.24287948224013256,0.27082912814944954,0.4023746963431559,0.1374548725309249,0.01535570130016451,0.03152505342301012,0.11021264835816075,0.0
0.4100938920702969,0.3096130032085922,0.0,0.0,0.2744003015692633,0.5082996307912714,0.24594865919343406,0.37457361800903355,0.5858778538142811,0.45344430837225363,0.37335798281723487,0.3238157538372401,0.3721460806031045,0.14256191748054908,0.4453749444407737,0.3833502718418574,0.4393644610749417,0.4735573519322383,0.41915739977370314,0.30058667357889474,0.39423849205697326,0.32823359903635163,0.551608711025685,0.33374420402219473,0.4658219394708989,0.46196991195271764,0.47922365815852364,0.27248556046383793,0.28900338025459554,0.2797119968099182,0.4254795613766706,0.4283199072350506,0.1570000835210413,0.1375999206983933,0.29462295582408704,0.0,0.16813726132024626,0.25884333858868813,0.27846574483537506,0.21789800322928135,0.2230612349609862,0.0,0.0,0.0,0.19629096550332928,0.4036615154731717,0.4415870499930062,0.5787049903344232,0.0,0.13052332509555228,0.5690422733209739,0.313782499353672,0.43908867028178616,0.5530605881546506,0.4873079121900266,0.32592650887261015,0.4193453172301565,0.162614742740215,0.22435570548579578,0.41854549128694407,0.25231235816470643,0.46241891431741766,0.31277956020631437,0.4515145787612877,0.4286641842670639,0.4256224554574738,0.399432274049686,0.512675690205618,0.3346062126468426,0.3779426896711225,0.4743498019261035,0.4456114594537953,0.03538591212942147,0.33733661217260935,0.3328602462803406,0.05752147780091353
0.0,0.0,0.0,0.0,0.0,0.0,0.0,0.0,0.0,0.0,0.0,0.0,0.0,0.0,0.0,0.0,0.0,0.0,0.0,0.0,0.0,0.0,0.0,0.0,0.0,0.0,0.0,0.1264186284041561,0.0,0.0,0.0,0.0,0.061962036079159344,0.0,0.0,0.0,0.0,0.0,0.12474561801734046,0.04095308416880183,0.0,0.07370379961184717,0.03887620608248602,0.09981554838543506,0.0,0.0,0.0,0.0,0.29620190652160894,0.0,0.0,0.0,0.0,0.0,0.0,0.0,0.0,0.0,0.0,0.0,0.05817486495149125,0.0,0.0,0.0,0.0,0.0,0.0,0.0,0.0,0.0,0.0,0.0,0.09027099942781745,0.0,0.01770034754237501,0.1451510501475164
0.27430155864363087,0.22489547504720986,0.2744003015692633,0.0,0.0,0.30519712760140255,0.4312314374037564,0.16830887462234403,0.3568554388962858,0.18368651595937116,0.3233224400213254,0.1044937280410287,0.3502444491750241,0.13974115980359947,0.25096596597182924,0.24372088174186196,0.14425531434083413,0.21599582678707913,0.24361428538205657,0.24901163754826464,0.3212190477679718,0.27563602724310743,0.22810943583063048,0.020036370342095138,0.2373388929507637,0.23971426827053158,0.3407391363747595,0.2764293075771219,0.3157989749009366,0.19269082219308456,0.2028891076324449,0.240663316536027,0.19745128926487684,0.22588673594643113,0.22771846261735745,0.0,0.05657848543508506,0.15593030069402325,0.11675928395152924,0.1836448628841724,0.21373526332685294,0.0,0.0,0.0,0.09810891313379018,0.27076694447816707,0.2629184238016159,0.3055196748570975,0.0,0.28426345874078923,0.25043941646997436,0.3409693185490365,0.16703915355233342,0.30646961081658175,0.17088440887174722,0.29830555515105467,0.08554674312188507,0.07000434395523318,0.13418071356227326,0.23396573934086304,0.17915309098457335,0.17526004468400083,0.20107083643595644,0.2518902429218357,0.29102093388962735,0.2904432058954847,0.24479846393058766,0.21323551653364362,0.026102028108167103,0.2161599340185342,0.19890546559749422,0.30010887217654214,0.0,0.25342487074563896,0.10212619735265993,0.07784651243165872
0.23323744752004089,0.5310422719337473,0.5082996307912714,0.0,0.30519712760140255,0.0,0.41633182594117285,0.48362576211404856,0.500521511010723,0.3982913239093661,0.2688451122260888,0.36831753107280885,0.47787079453536074,0.2174484464154484,0.24951792289805697,0.2840788448429634,0.47812173439881417,0.4459593559668073,0.31251654883055635,0.20343919037039537,0.361097476290013,0.17196533041808915,0.5957847374904727,0.3282739466736253,0.46331601501643,0.5879566196799346,0.4152071446400388,0.19567698260208677,0.2546441844818474,0.1504508241382979,0.28004971010766977,0.3622761279036922,0.19703784877204178,0.21608761721124495,0.32194078429030387,0.04142803353552426,0.12930960059385196,0.20502382678322664,0.18925278095483747,0.25248804243163564,0.28756079661737094,0.0,0.01588362445524265,0.0,0.22696795038512815,0.1643139444393896,0.4746882613946121,0.5098820348737737,0.0,0.15728045039096444,0.5857613491774565,0.32412913910672897,0.4922231413960684,0.48613834509783704,0.41151403626985816,0.2860198043231205,0.4231405190578262,0.259099247351871,0.23218089593117014,0.23208672070300818,0.053792591829464796,0.43156054879283584,0.29963788286208937,0.3755095239922045,0.2878241943618378,0.36958135426189864,0.22733921085545697,0.5161292503933912,0.32322298194770727,0.38147818289712765,0.48210352282594676,0.34581994700693636,0.0,0.19316382290621556,0.1725537942445882,0.0
0.21286913014955886,0.31075240173698715,0.24594865919343406,0.0,0.4312314374037564,0.41633182594117285,0.0,0.22130582205170266,0.3580624614831164,0.32962498534336326,0.17227114873080498,0.13231121471571644,0.49519982479759705,0.22677821874568801,0.295728627106753,0.31678966480324644,0.2795490633778181,0.3152664882088061,0.058418968540470045,0.2986680826695508,0.33861655377983346,0.23531829833048834,0.2945228256571156,0.0,0.2657668346180087,0.331794686415265,0.3558754224764469,0.31298352642687066,0.37039453293563024,0.2132426592652193,0.30786393850099647,0.18748528259725575,0.1715474052062342,0.36260528301981965,0.29550923771702703,0.0514259008070317,0.20464979485261534,0.16686080241667964,0.046060443879187084,0.17705638564327036,0.25624721134822875,0.0,0.0,0.0,0.1781560704799389,0.18538151978750214,0.2819770047819881,0.3234703555083441,0.0,0.22445703767557956,0.3155557966664481,0.3614410902037163,0.23744492479949753,0.3954176690744095,0.25389102746998515,0.16505583338443866,0.11030801738273194,0.17535856850249915,0.23824767261606053,0.28008233874434235,0.1259670980838291,0.2667581127006509,0.26686289853020156,0.11361331979444289,0.28611051349478417,0.3046683433854126,0.22883684059419396,0.2593582312792897,0.0048044790018277675,0.23534385417027218,0.2584259678988787,0.27138961455154514,0.0,0.21745514270546923,0.06513877426390773,0.0652301867325686
0.09349216614132785,0.3739192135886741,0.37457361800903355,0.0,0.16830887462234403,0.48362576211404856,0.22130582205170266,0.0,0.33662393041724836,0.21191543242768648,0.22497848922760044,0.4083694844532192,0.2055173709753613,0.10848217101233613,0.09076022443987826,0.027317873518471425,0.28257036901252325,0.15375449372154598,0.1746705070872503,0.02328590522588109,0.26134971420195774,0.0,0.5681362097451674,0.31876610444943126,0.19575215379462954,0.4437477443099422,0.15827533402508384,0.022685079690981283,0.0,0.07867001565035252,0.09330919085025642,0.238233763900641,0.11003959907664584,0.19052082470004875,0.23328420807832978,0.08866968643543995,0.04488709091377001,0.17489534580468027,0.053720328048572255,0.21665191852434393,0.14921095358587383,0.0,0.12330573039144133,0.0,0.20410512297526107,0.040842577162279035,0.24526102890003965,0.34589613450919265,0.0,0.13256633933402798,0.4037473900369299,0.23101858201101189,0.5426472971903126,0.30446157760964043,0.27474543633917786,0.20012528463307167,0.41935525108628297,0.14163643382894306,0.2240165144127061,0.07598525177313738,0.0,0.23501551894419453,0.058610915233555785,0.2025732967799376,0.061710467513857184,0.249120334671601,0.0,0.5085227470122611,0.30386245589902616,0.12206121845935367,0.31672130003882276,0.10759867214510149,0.0,0.0,0.04484313448342171,0.0
0.41877910517002,0.33093272629394477,0.5858778538142811,0.0,0.3568554388962858,0.500521511010723,0.3580624614831164,0.33662393041724836,0.0,0.4906366513173302,0.4001466686919217,0.2846746410918068,0.4301299531174752,0.20780824143866541,0.446583131042495,0.39670377559586173,0.45928730498450904,0.46365346566163657,0.3148625463211246,0.36244776330346595,0.41593330932138445,0.33497146486943463,0.48547865709469523,0.24748819167046276,0.4751752113132563,0.5007459905361064,0.5143956399054896,0.2870010625505582,0.345252172002911,0.3055638321363617,0.423482566708183,0.35211054672535186,0.1863844306254891,0.28952916597159084,0.3020600257262869,0.0,0.21856647433023738,0.2520152236169077,0.18117558693029412,0.2264926735086305,0.30916557563546115,0.0,0.0,0.0,0.23211230317184914,0.3996222463787441,0.46249700994656245,0.5774096997328422,0.0,0.1993804065371088,0.5663645537952581,0.39243868426717615,0.41128349046870877,0.6270994473926061,0.48410752746674407,0.31632473511990195,0.3621952196977894,0.19118529935179557,0.25101124558503507,0.45901935143742606,0.22356844388479588,0.4865117522756786,0.34907825056598646,0.3704648058795957,0.48231315377533734,0.42321390061798797,0.4004426093331994,0.46076646103064506,0.25488972599023213,0.3971092168994037,0.48481739495872894,0.49306664534095634,0.026704888152643793,0.3623656981228032,0.2871602560932534,0.03134194127092363
0.4064708474382932,0.19367266040543632,0.45344430837225363,0.0,0.18368651595937116,0.3982913239093661,0.32962498534336326,0.21191543242768648,0.4906366513173302,0.0,0.17457933956512336,0.19271514835602532,0.4349689851262295,0.3565758191289688,0.4488531916652822,0.40941956610473657,0.40267480970552383,0.3898147844065528,0.07420745127840522,0.384075831437735,0.41591290223369387,0.30192666977995375,0.40479179786770286,0.1447946472495016,0.4821968868533643,0.40331950275982154,0.5157456723207374,0.30044979988604453,0.4179718046850052,0.3310082830075872,0.5116409733834945,0.20315838478611825,0.09079093976470988,0.2088440054249172,0.22133843015530816,0.1803053306712649,0.28412942550557974,0.22885004521328436,0.019633276543976147,0.12116989529249259,0.2353895625315732,0.0,0.0,0.0,0.22457812921655154,0.33962324973880903,0.32269818222593294,0.5163116155999145,0.0,0.0,0.41267518531326325,0.19628707903348547,0.2973646059217224,0.5501966075617275,0.5546268926297385,0.12034004224427788,0.2253793346598375,0.06189307049035681,0.07278617464506769,0.45864814135814147,0.25625058461054195,0.48421634157191895,0.3405504191827421,0.1539820150101053,0.43511977005827346,0.41901229206516954,0.3926310764835489,0.37043215225200243,0.17761333880125948,0.4102195933710384,0.41292565851273827,0.49083136306023506,0.0,0.3610510428996369,0.20577373327380605,0.0
0.24089207053257272,0.19665275746329727,0.37335798281723487,0.0,0.3233224400213254,0.2688451122260888,0.17227114873080498,0.22497848922760044,0.4001466686919217,0.17457933956512336,0.0,0.11227082401472498,0.21312067611943616,0.18571958536755898,0.24034621209582038,0.12487727305558197,0.16479186755763867,0.21952654519458148,0.3605285742637005,0.19995162089849103,0.2328092154704198,0.25581277084955056,0.3125836827147942,0.17016564373568172,0.2591981159131032,0.2736073655881771,0.3068771262251984,0.11850478670816077,0.18331715841201093,0.09982011641461892,0.13798255955072875,0.22994177902410867,0.16557959022668683,0.09457944399199912,0.14403514950836527,0.026420719063191638,0.0,0.14827550236736617,0.13474141238069878,0.09624786326376547,0.20447316852939768,0.0,0.0,0.0,0.0832040080590711,0.2427981123379315,0.3182858560889663,0.32717358213730713,0.0,0.20064028635960715,0.3290353087948037,0.17145234679771265,0.27149839557096467,0.3065979587051,0.17062267206585324,0.44306937824016673,0.19340432909964766,0.07477784232702835,0.22975059966424544,0.22949034337277888,0.13111054390213542,0.15826151471704752,0.17949544141824114,0.3455016657323398,0.2518655518958439,0.2532600758887393,0.2577058273842679,0.3383796414541995,0.15293537694834825,0.25567741896233775,0.3055934404394392,0.3048389106377573,0.0,0.22687617068570018,0.09733948086896695,0.025629815199665187
0.0,0.39054129527499,0.3238157538372401,0.0,0.1044937280410287,0.36831753107280885,0.13231121471571644,0.4083694844532192,0.2846746410918068,0.19271514835602532,0.11227082401472498,0.0,0.0709513173234092,0.0,0.0,0.02157302218836061,0.4167508338799234,0.26832432446222804,0.19822304236727842,0.0,0.11441024877485158,0.0,0.37469072271108406,0.3995064337674092,0.17508177276524892,0.3813064000617934,0.09337904657507569,0.0,0.0,0.030769924456913712,0.024037092726659097,0.25324997107524133,0.031043571592785483,0.06545810996246082,0.01895545899026971,0.0491056916891385,0.09707842660961426,0.21515132559252267,0.07862068565802173,0.12042919334938364,0.04498414712800926,0.0,0.1932326888823589,0.13449764707342252,0.1332822071046107,0.0,0.24834092872370525,0.2122175740510957,0.08021191406453841,0.2498380116674627,0.38498867030797745,0.341456240068294,0.3669777808276394,0.269957226222111,0.35150197402204736,0.184071867914664,0.5792117847101688,0.22090525565904615,0.19356261918361592,0.0,0.0,0.24638453552380982,0.1396974807696973,0.22439093564867102,0.01132562448234888,0.0591209096795264,0.0,0.27470681491603754,0.37076385235862397,0.07028300519878834,0.27410061518921197,0.04679208261835293,0.0,0.0,0.13263267309325294,0.0
0.33446516045944413,0.2995316560894094,0.3721460806031045,0.0,0.3502444491750241,0.47787079453536074,0.49519982479759705,0.2055173709753613,0.4301299531174752,0.4349689851262295,0.21312067611943616,0.0709513173234092,0.0,0.2655593213702247,0.3873198966437484,0.47412351589361024,0.4255082165308721,0.4301667654398937,0.20701365962449922,0.35557068758581956,0.3713047040399395,0.3292088723741713,0.3440938426485558,0.03897999442361278,0.43183847596861247,0.42816630872204536,0.43184401519694954,0.4301843095369115,0.4694016014282798,0.25885480337050026,0.4315782384256912,0.2616569011978087,0.18020311461321126,0.24416369533248938,0.32857646551071934,0.07420307150304456,0.2215089578195633,0.14437634753321935,0.14398299064960668,0.17814187957447739,0.2885383859363412,0.0,0.0,0.0,0.1620646643335154,0.3291650620608422,0.32875300309891264,0.4566212591222511,0.0,0.08308451883969464,0.4220159098611912,0.2724882881819536,0.25009896946176663,0.4789203014518092,0.33523413775198685,0.17964684353178043,0.12376757450594277,0.24495694179983368,0.11650772413922832,0.3480350833018256,0.2793419355060956,0.4279135017565271,0.3186550224605425,0.26248939626071127,0.38475381893594096,0.4256604563061564,0.38250999520884815,0.32752976553638313,0.06166144871809017,0.3855156713865725,0.38849964519559343,0.3765619490050264,0.051035358467037606,0.3685353195309813,0.20981021272383324,0.1657640272164551
0.17432501835254718,0.0,0.14256191748054908,0.0,0.13974115980359947,0.2174484464154484,0.22677821874568801,0.10848217101233613,0.20780824143866541,0.3565758191289688,0.18571958536755898,0.0,0.2655593213702247,0.0,0.2148643841877392,0.0846454313500947,0.07127048096003546,0.04899447696123461,0.0,0.23483956536365727,0.24373499751800476,0.13710155231671378,0.2461922847853871,0.010282595824037436,0.2420760315017299,0.19563600613368315,0.2789026190095103,0.1453219689145076,0.1983223155421588,0.06266047196388155,0.22564634350518886,0.08465851813737245,0.09988913618430904,0.12863714511823277,0.16911697857634117,0.26798100226156774,0.16505014198483894,0.023542310757045635,0.0,0.004798831599850442,0.25119207984875724,0.0,0.0,0.0,0.09617386047786053,0.16319022899854693,0.14452938603859275,0.23493912966991984,0.0,0.0,0.1941276844209418,0.0,0.2519225450213388,0.21225816488630633,0.17144701697769765,0.05677691033177255,0.0,0.0,0.04080239949891317,0.25036700267122575,0.022635389553471292,0.20744044707886125,0.17782497190835467,0.03710484438525593,0.16403924978271509,0.28326070586359237,0.14260168667470496,0.2853913329715149,0.08438057794702492,0.2803629931770422,0.21138624559188682,0.2619252682737768,0.0,0.14340842740135415,0.0,0.0
0.5144366446392002,0.05389099171921982,0.4453749444407737,0.0,0.25096596597182924,0.24951792289805697,0.295728627106753,0.09076022443987826,0.446583131042495,0.4488531916652822,0.24034621209582038,0.0,0.3873198966437484,0.2148643841877392,0.0,0.5079708482735258,0.2404426840247402,0.3333523486402872,0.1375596726466117,0.4545907823314894,0.4336053192476844,0.45985007418991747,0.30754199233528473,0.0,0.4023790914443017,0.28279385401944684,0.4759843273468513,0.3845149829467596,0.4816263115294684,0.3839628203915495,0.522300323647352,0.24594540842376014,0.18550101650031253,0.21474762374904058,0.3060306291232707,0.0,0.1802583299280191,0.14943847685370273,0.18368538551851743,0.17028652712987846,0.2338650925402597,0.0,0.0,0.0,0.13919088181590167,0.5328887064142901,0.2908213766529617,0.49088202253584295,0.0,0.02797370344482152,0.3072217182139058,0.17414722778665528,0.16970478159997207,0.4315409686580712,0.37031878442881694,0.14313832597738593,0.02044999513955157,0.0,0.17491184705718535,0.6132559642619917,0.4193830156231373,0.39227007568990624,0.3032999994275597,0.19260316854540172,0.4988006008945475,0.5087124188165768,0.49872045309882473,0.3187297350024712,0.04226522279019687,0.34954783041573456,0.3396224352047792,0.47119585337222225,0.020789866304880715,0.48929983919768166,0.2853807020794163,0.21766953040266387
0.5014803091570526,0.2097703512811229,0.3833502718418574,0.0,0.24372088174186196,0.2840788448429634,0.31678966480324644,0.027317873518471425,0.39670377559586173,0.40941956610473657,0.12487727305558197,0.02157302218836061,0.47412351589361024,0.0846454313500947,0.5079708482735258,0.0,0.38006152196903775,0.4850400336001821,0.21070593490712528,0.4588448419534501,0.36552998478340687,0.5255305860946715,0.20825646337918885,0.0,0.44426979850432124,0.3229748068735042,0.47623369213661104,0.4210348398958953,0.5295763493175443,0.38969903792847627,0.527287751994667,0.284668949229918,0.14984434480646336,0.22043892694051945,0.26936572570308914,0.0,0.15482994273524242,0.146619135869568,0.17430236992919654,0.1592388408286756,0.19404597178427183,0.0,0.0,0.0,0.08462534717150513,0.47637721240608,0.2979462319534025,0.42679512455249097,0.0,0.06586180761518518,0.3006733289219714,0.2623538859494527,0.06357674712967429,0.45324505514249624,0.39345247919627263,0.1257107570258075,0.020800139444184056,0.14501140758670997,0.1264394693868426,0.44803494248716247,0.4603328131879423,0.4372910687894765,0.36956839528409785,0.2494281870178595,0.5083018345568902,0.3977210367935528,0.5284051578513792,0.19067927527570505,0.0,0.33694233111765753,0.32181576401954126,0.42810141443090044,0.09500491258641888,0.4627744667027044,0.3230200995564185,0.24392695154543098
0.25336207932765764,0.41984646556701627,0.4393644610749417,0.0,0.14425531434083413,0.47812173439881417,0.2795490633778181,0.28257036901252325,0.45928730498450904,0.40267480970552383,0.16479186755763867,0.4167508338799234,0.4255082165308721,0.07127048096003546,0.2404426840247402,0.38006152196903775,0.0,0.5279935117626761,0.2951392636482574,0.18118142200422246,0.23992420784037996,0.18514180641342218,0.39071875094700614,0.30053552833671293,0.4382823747949383,0.5303996483683502,0.3120429602258357,0.23083699228383225,0.20361820567543884,0.20781112538966293,0.327618239740234,0.3435212751336809,0.12492927528676254,0.1361468708537617,0.15878191229355676,0.0,0.1926697220208901,0.22832211732056001,0.21758618085068576,0.21408410021246535,0.19441604774235643,0.0,0.0,0.0,0.15434932271732105,0.19961835597955707,0.3644057500701397,0.408299906059407,0.0,0.12482373017500599,0.5215720222101157,0.33696727766198553,0.3330420280065605,0.4683883440214878,0.4798440661165522,0.20873201359681212,0.45013010596571296,0.29944132343692087,0.16987385111112774,0.22111765344091452,0.15701058075689217,0.5170914744875937,0.2964195830811039,0.3263547538022659,0.29069023971406494,0.2513300759339746,0.27630964980468775,0.315556239041792,0.3027670467820692,0.3359545915749517,0.4909682995304491,0.2702904951685007,0.09190973316537417,0.19827666389438955,0.3303719313301824,0.02892181662755816
0.311590921101602,0.44400851560696186,0.4735573519322383,0.0,0.21599582678707913,0.4459593559668073,0.3152664882088061,0.15375449372154598,0.46365346566163657,0.3898147844065528,0.21952654519458148,0.26832432446222804,0.4301667654398937,0.04899447696123461,0.3333523486402872,0.4850400336001821,0.5279935117626761,0.0,0.3265023170923222,0.26193583217122307,0.24846714325459984,0.3174584505636579,0.3228065333770914,0.2387912207767478,0.5032565157725475,0.48224959290005076,0.398955342817865,0.2582316495868148,0.3268246568479887,0.23966584232864516,0.32584185324390097,0.4098103786513331,0.1829651266916308,0.1253328622420991,0.2614792775856354,0.0,0.21744742337552397,0.12397224862217081,0.3159441928864879,0.22459713546796092,0.2523613574316411,0.0,0.0,0.0,0.08229303042980037,0.2823935249610497,0.3859212748992871,0.4233330113397508,0.0,0.1768416346945149,0.5108616812307676,0.33622628267756544,0.19695538552460135,0.5086744821046509,0.416058034842849,0.20134530516794183,0.32494241823840453,0.23958129913750606,0.2170268250029628,0.31755053010904577,0.33984030360872997,0.4748014962940312,0.4542071514564277,0.3540508507000362,0.418468215275375,0.25829719120096467,0.4119457083356604,0.2656821705016707,0.19713726023387948,0.36587080135670913,0.4553206898102394,0.3784291226113706,0.08800483566641684,0.32640369689493937,0.37961075205176087,0.15508690057796776
0.24095100941130926,0.29356444136926013,0.41915739977370314,0.0,0.24361428538205657,0.31251654883055635,0.058418968540470045,0.1746705070872503,0.3148625463211246,0.07420745127840522,0.3605285742637005,0.19822304236727842,0.20701365962449922,0.0,0.1375596726466117,0.21070593490712528,0.2951392636482574,0.3265023170923222,0.0,0.1072856266582569,0.1297322853949196,0.25846987832898993,0.26361126923542394,0.28368033632848944,0.2844138557661159,0.306736688888799,0.22872552132019636,0.08179951436660898,0.15476975640785703,0.06596048649106918,0.1495550188545266,0.35992471617303884,0.13848575383488695,0.0,0.07811440539191426,0.0,0.0,0.19262804074529055,0.2944174472482858,0.17818368293048134,0.10634722756684395,0.044013687963137704,0.06754713527924591,0.07050015099009935,0.06826742480506678,0.22947141053608644,0.33809442322290706,0.29712258616602855,0.06279978422310205,0.14232733694749541,0.34486131736132764,0.23039699004833614,0.18043760301991676,0.22969567097840457,0.21104033983110962,0.39406930284026453,0.281536932374229,0.22253201726456726,0.09860782526514786,0.057041620008476485,0.1769099686528598,0.25172876095428726,0.2033938626417429,0.6342429107471774,0.19778010735989474,0.1368809963160807,0.2539574699146602,0.20477969621331288,0.26405604803845106,0.24406425384245906,0.33133862426975513,0.18763042424329324,0.056406507781293844,0.18296513081659566,0.21134545922296594,0.08708728680501919
0.4811452518801178,0.04025689772879839,0.30058667357889474,0.0,0.24901163754826464,0.20343919037039537,0.2986680826695508,0.02328590522588109,0.36244776330346595,0.384075831437735,0.19995162089849103,0.0,0.35557068758581956,0.23483956536365727,0.4545907823314894,0.4588448419534501,0.18118142200422246,0.26193583217122307,0.1072856266582569,0.0,0.3764159173892473,0.5838320309039292,0.19070610028520435,0.0,0.29744858101571303,0.1508919140616053,0.4753645612406017,0.35905817225201087,0.5161647455977556,0.3799257396935855,0.5294759721430743,0.13401696801740431,0.1673493583270476,0.2957410163868022,0.2431597539906618,0.0,0.15591892887485334,0.10146052713239698,0.0,0.05073899967519574,0.13393682575644422,0.0,0.0,0.0,0.11956571978005232,0.41122678715350175,0.21847300186085006,0.3800865718817596,0.0,0.0,0.17999142995849413,0.11839892162413185,0.06873374172290812,0.365731249349355,0.28484930757648674,0.13101453156899892,0.0,0.0,0.0215175804553698,0.41723858994569324,0.31685587431068984,0.29332781033259125,0.19611200980289298,0.14733099630780389,0.5492058316781891,0.3380967820499143,0.533970834418794,0.19302316786766463,0.0,0.22532843674213215,0.17186773017599216,0.40661613007075986,0.0,0.3928811036949558,0.1413152108484596,0.12787932357396622
0.46014654818456446,0.2055583662725462,0.39423849205697326,0.0,0.3212190477679718,0.361097476290013,0.33861655377983346,0.26134971420195774,0.41593330932138445,0.41591290223369387,0.2328092154704198,0.11441024877485158,0.3713047040399395,0.24373499751800476,0.4336053192476844,0.36552998478340687,0.23992420784037996,0.24846714325459984,0.1297322853949196,0.3764159173892473,0.0,0.3665392549025489,0.37092178683979043,0.09698225051589009,0.3870507456503652,0.34050031475457115,0.43590295004946983,0.2289255712748685,0.418870850153947,0.33189317295950316,0.3806511130014708,0.21086556438661325,0.1422836463067076,0.225920461292227,0.2787877572605658,0.0,0.0371349339450761,0.10294805729259514,0.05672080358863479,0.11577573709795225,0.1458970437987768,0.0,0.0,0.0,0.15067591762020885,0.3821047789242887,0.3057480623999542,0.43686491736774363,0.0,0.017111916059595486,0.2696681477278542,0.17537554105650163,0.27568807453512606,0.3495107096542304,0.3555644081931244,0.21705436777198597,0.11709940119669464,0.0,0.10810424935459731,0.39883110911577174,0.20972507596209683,0.27736222038826963,0.18411683316616306,0.17382377959022283,0.39520309447775703,0.5198607702701736,0.3485135847841624,0.37313532516104386,0.08912667237455532,0.29249276315814976,0.2816580893267322,0.384802096785896,0.0,0.3406082402074043,0.13991408599496344,0.03393934836928311
0.5107496664213835,0.11944786781309699,0.32823359903635163,0.0,0.27563602724310743,0.17196533041808915,0.23531829833048834,0.0,0.33497146486943463,0.30192666977995375,0.25581277084955056,0.0,0.3292088723741713,0.13710155231671378,0.45985007418991747,0.5255305860946715,0.18514180641342218,0.3174584505636579,0.25846987832898993,0.5838320309039292,0.3665392549025489,0.0,0.15365766357061603,0.0,0.33092167356480656,0.15859534860558733,0.4506536268512563,0.33791793231847506,0.5032101402409024,0.3775917763753955,0.49837590504099744,0.20815372150699382,0.16531929425067565,0.24450904284699326,0.2201192569425792,0.0,0.026855118242097287,0.10229250921177889,0.07945144427154517,0.052363622207700695,0.07429695226282111,0.0,0.0,0.0,0.10082325888696601,0.4481456334217247,0.266718182280551,0.36402272734575347,0.0,0.029939272733614256,0.17347901406142202,0.14037691367371719,0.0,0.3171729632530812,0.2653749553438178,0.21012455807067346,0.0,0.0,0.04804572209024022,0.37059854585115576,0.4069428967372133,0.2665744993444861,0.20780383935733351,0.27691652724689747,0.5290883226440646,0.32086109782597555,0.5879615687744859,0.15113625896242214,0.0,0.253326028049901,0.20494972909660283,0.3747453163606163,0.04393908016873814,0.4134358480695752,0.1846312837198931,0.17837938390200903
0.2668682751499765,0.39223732231583397,0.551608711025685,0.0,0.22810943583063048,0.5957847374904727,0.2945228256571156,0.5681362097451674,0.48547865709469523,0.40479179786770286,0.3125836827147942,0.37469072271108406,0.3440938426485558,0.2461922847853871,0.30754199233528473,0.20825646337918885,0.39071875094700614,0.3228065333770914,0.26361126923542394,0.19070610028520435,0.37092178683979043,0.15365766357061603,0.0,0.3325076012423088,0.3817719759870573,0.517896984350357,0.38073951141750106,0.17733715515366452,0.14898425774962515,0.19434353909821253,0.3201162414067199,0.3380124908729625,0.15036886562372848,0.21555311039326575,0.2904635418475992,0.07589090283549879,0.11969273539974051,0.2093988555949706,0.13576234663095352,0.22573824524130373,0.22485063402048916,0.0,0.0,0.0,0.25754261168155973,0.2192435432673634,0.3977801933343557,0.5153591671456398,0.0,0.11918035386934514,0.554369407838155,0.2652831354979177,0.5810498359039666,0.4696351316410366,0.43448151684168534,0.2710424388771745,0.43863871728648635,0.160045051684516,0.28406635539292446,0.29936789945821685,0.005161692242198232,0.39472477266036393,0.2112073908640655,0.3193851377598465,0.2645151101867644,0.40402750675898036,0.20020420302647385,0.6236462437859894,0.3466680988987343,0.2938760094279862,0.45293102451177913,0.3387456552724777,0.0,0.13497723280308324,0.13590162506779804,0.0
0.04856305998829932,0.2988873271485937,0.33374420402219473,0.0,0.020036370342095138,0.3282739466736253,0.0,0.31876610444943126,0.24748819167046276,0.1447946472495016,0.17016564373568172,0.3995064337674092,0.03897999442361278,0.010282595824037436,0.0,0.0,0.30053552833671293,0.2387912207767478,0.28368033632848944,0.0,0.09698225051589009,0.0,0.3325076012423088,0.0,0.30740504128779855,0.41169987383759055,0.034921435153507416,0.0,0.0,0.0,0.0,0.3473285845770568,0.13614655838683784,0.0,0.03218346758983244,0.07633976396306615,0.09691323594239692,0.1756073261025488,0.3517514299195824,0.2624342506437956,0.17128754067618684,-0.003146260629241562,0.27318699312732364,0.1435962120174325,0.06939613106092125,0.05592590816580332,0.2352237573360674,0.21894720392862738,0.10647516377975554,0.11814014394725243,0.3958306869374094,0.0990431205842981,0.3064043605166832,0.2107628045924302,0.2111417930199678,0.1512787162979226,0.4879849476193953,0.15538246116591972,0.1541014300636199,0.029661132397103166,0.0,0.1912303860975159,0.1737422520822757,0.2950242398832451,0.0,0.14330232251622624,0.0,0.2783683636119378,0.58680873562047,0.22672516953704178,0.3756364025557481,0.07559418469376082,0.08537027195983635,0.0,0.25351709983255616,0.0
0.4070505318996922,0.3671512423981907,0.4658219394708989,0.0,0.2373388929507637,0.46331601501643,0.2657668346180087,0.19575215379462954,0.4751752113132563,0.4821968868533643,0.2591981159131032,0.17508177276524892,0.43183847596861247,0.2420760315017299,0.4023790914443017,0.44426979850432124,0.4382823747949383,0.5032565157725475,0.2844138557661159,0.29744858101571303,0.3870507456503652,0.33092167356480656,0.3817719759870573,0.30740504128779855,0.0,0.5139443779884145,0.4648529610961951,0.2345069925720999,0.38556545145091914,0.2723339937093246,0.3358618090195252,0.2919505441892069,0.20427895262915416,0.06639121944948838,0.24874844492414633,0.0,0.16767725939479197,0.15397684430748879,0.25774711841713727,0.23430657065575292,0.2856433234589619,0.0,0.0,0.0,0.08682635021406392,0.37460910693908606,0.4374786824776464,0.5337943363228027,0.0,0.06704867337888716,0.45695407426765494,0.15879111329531057,0.2409092645568472,0.5002897343122814,0.44332828676607,0.25467452141935315,0.24262063070028947,0.11520673399430426,0.1187557884291894,0.37376964763302395,0.38683658751650546,0.45475984279073817,0.40634301527230793,0.31813452519669805,0.43150187025853587,0.4186647627638681,0.4545516349601926,0.35345051446108255,0.2908725044156526,0.5685624377286224,0.5263399638710379,0.47129333321427236,0.027781740032931546,0.4396970782684466,0.3232999593441983,0.15059234580734615
0.30032240245401626,0.5050755640345811,0.46196991195271764,0.0,0.23971426827053158,0.5879566196799346,0.331794686415265,0.4437477443099422,0.5007459905361064,0.40331950275982154,0.2736073655881771,0.3813064000617934,0.42816630872204536,0.19563600613368315,0.28279385401944684,0.3229748068735042,0.5303996483683502,0.48224959290005076,0.306736688888799,0.1508919140616053,0.34050031475457115,0.15859534860558733,0.517896984350357,0.41169987383759055,0.5139443779884145,0.0,0.33594878336827766,0.17718476148605727,0.19440368362598484,0.15997900512940522,0.25043094832718127,0.3719885890053777,0.24989052207519355,0.1972078203008941,0.30484217769260236,0.061864999076741554,0.12178178768507594,0.1833958736377896,0.23254408341122607,0.29377134392144694,0.3002449090391141,0.0,0.016852710696595833,0.0,0.1705643356110886,0.22508632165671535,0.4050565576691202,0.48384926972582465,0.0,0.15977009871882514,0.5357669944867494,0.2692922197836825,0.4553745218006038,0.4824235678055488,0.41739881128950274,0.2607056983063065,0.43035842791751533,0.25403599760058765,0.2421447869104686,0.25934628130281734,0.07659144014084471,0.4631802503285681,0.3277980188137868,0.3647891693739312,0.250691824168826,0.3651351869084124,0.23556223772150517,0.44361289283169164,0.3856756011061653,0.406687695374112,0.5852670743651986,0.2744864059531556,0.0,0.16241173863378902,0.22708735350257198,0.0
0.4399306668943836,0.2376965534697312,0.47922365815852364,0.0,0.3407391363747595,0.4152071446400388,0.3558754224764469,0.15827533402508384,0.5143956399054896,0.5157456723207374,0.3068771262251984,0.09337904657507569,0.43184401519694954,0.2789026190095103,0.4759843273468513,0.47623369213661104,0.3120429602258357,0.398955342817865,0.22872552132019636,0.4753645612406017,0.43590295004946983,0.4506536268512563,0.38073951141750106,0.034921435153507416,0.4648529610961951,0.33594878336827766,0.0,0.29686147986433487,0.5656778567845651,0.3064990743857862,0.5115068303560244,0.2532012377269988,0.16251462340358502,0.2385965470687708,0.2848460168473456,0.0,0.12715386291017963,0.25136035345777097,0.11635357088018723,0.14512915129899007,0.3065906414507132,0.0,0.0,0.0,0.15417283211811222,0.40220636829460943,0.47436940855630216,0.5185948656197902,0.0,0.08594004415705697,0.42159039925955805,0.2714029129147934,0.2578483264326967,0.4956924290475254,0.46468646520979173,0.25676411502538277,0.1358654404536134,0.07896894690328593,0.1539425429003621,0.48751243166886643,0.370797853277727,0.4256670446922436,0.36819033587404976,0.28920715782863027,0.5341122276315192,0.4474143445516195,0.4767298304152732,0.40211892333842636,0.05824365992442574,0.4310580506922672,0.3552576759969085,0.6148440305630443,0.0,0.4911881726037515,0.20115323108950064,0.13516150066756602
0.34821248243047437,0.04496623471277517,0.27248556046383793,0.1264186284041561,0.2764293075771219,0.19567698260208677,0.31298352642687066,0.022685079690981283,0.2870010625505582,0.30044979988604453,0.11850478670816077,0.0,0.4301843095369115,0.1453219689145076,0.3845149829467596,0.4210348398958953,0.23083699228383225,0.2582316495868148,0.08179951436660898,0.35905817225201087,0.2289255712748685,0.33791793231847506,0.17733715515366452,0.0,0.2345069925720999,0.17718476148605727,0.29686147986433487,0.0,0.3696408688838852,0.34239540889617714,0.4413423789296376,0.19246543050919823,0.10839056405758446,0.23499003661760076,0.2256404607356886,0.0,0.24165776213050205,0.1726690538872852,0.1016514086333534,0.097846168802671,0.09841563082156793,0.0,0.0,0.0,0.09350516331107818,0.372542006528662,0.1299346999770679,0.32227170839510194,0.0,0.0691376707490336,0.2146996058042346,0.18347764865529828,0.05883748664020519,0.34936461250196876,0.2066679201337926,0.09846596022208692,0.0,0.09641228419774107,0.09064291600431969,0.34704681398916126,0.26626954429246374,0.2974956313361148,0.1904839300336424,0.12275998588982759,0.31919019776738444,0.3207683992028104,0.3360837400391545,0.16894414085729692,0.0,0.18078040823131436,0.20439518843927632,0.24577431567854086,0.11263063094463938,0.3140480313742093,0.22295646173476297,0.17091606728466946
0.44487892925082745,0.1357933519212848,0.28900338025459554,0.0,0.3157989749009366,0.2546441844818474,0.37039453293563024,0.0,0.345252172002911,0.4179718046850052,0.18331715841201093,0.0,0.4694016014282798,0.1983223155421588,0.4816263115294684,0.5295763493175443,0.20361820567543884,0.3268246568479887,0.15476975640785703,0.5161647455977556,0.418870850153947,0.5032101402409024,0.14898425774962515,0.0,0.38556545145091914,0.19440368362598484,0.5656778567845651,0.3696408688838852,0.0,0.35018527305655217,0.5065002815212115,0.12353789338189317,0.13396980703940697,0.22945464104957652,0.2240540076398165,0.0,0.07114023825443404,0.121123284555865,0.04956000824431925,0.09775053359623853,0.2065130227056906,0.0,0.0,0.0,0.07636137220796883,0.4131818428095692,0.3486689037348586,0.3733132735111886,0.0,0.029402369165617077,0.1946956191101613,0.19804536668501177,0.002609860615916488,0.359601179483176,0.32304974554102633,0.15486189716381032,0.0,0.036817083732523265,0.053624447974251005,0.45227525185744266,0.4446407245180531,0.3239249504962943,0.314340522031208,0.19861573500680796,0.5160667347877774,0.4281201121988813,0.4940066510004337,0.1575925161425244,0.0,0.37059904605158983,0.2258350976227886,0.5031399757634105,0.0,0.539489721076314,0.17259187609786042,0.2406838327267214
0.3818859523980013,0.07581222301233993,0.2797119968099182,0.0,0.19269082219308456,0.1504508241382979,0.2132426592652193,0.07867001565035252,0.3055638321363617,0.3310082830075872,0.09982011641461892,0.030769924456913712,0.25885480337050026,0.06266047196388155,0.3839628203915495,0.38969903792847627,0.20781112538966293,0.23966584232864516,0.06596048649106918,0.3799257396935855,0.33189317295950316,0.3775917763753955,0.19434353909821253,0.0,0.2723339937093246,0.15997900512940522,0.3064990743857862,0.34239540889617714,0.35018527305655217,0.0,0.42308183078824785,0.10686300599857529,0.0760193472266815,0.29227949364213573,0.16244327830381866,0.0,0.08869753510636069,0.09533400647714413,0.0,0.05198955058609078,0.02858799756234658,0.0,0.0,0.0,0.14430425732063923,0.35980904116292517,0.2338188261633117,0.33271266354821155,0.0,0.0,0.15042661848105215,0.17335289568550624,0.10480087134931633,0.31693537406956973,0.3293715465541918,0.05714260390246324,0.014000434571904084,0.0,0.054124053003153726,0.3599943148738235,0.23691840547405107,0.2597930926339007,0.1426531164477915,0.09586780561834164,0.35195687667707876,0.32656301353968964,0.34993787341963006,0.18158295276409134,0.0,0.1889945060979619,0.19760043225466775,0.29937915048019137,0.0,0.32773674269032826,0.19599275527593407,0.06633427546651822
