0.0,0.6212000290455342,0.13442515831852625,0.0,0.12901478031760047,0.0,0.0,0.0,0.1244841764797179,0.06362527913877308,0.0,0.0,0.042008730691896985,0.0,0.0,0.34809725534107194,0.2174083336179706,0.15021434141653367,0.3170943978967487,0.719707586185151,0.0756015889032162,0.6460956599565744,0.0,0.715156661908227,0.5835444806945991,0.6055611337939484,0.0,0.13260320039492884,0.3327298068072477,0.0909681370570164,0.0,0.0,0.2679091843174251,0.0,0.0,0.0,0.0,0.03819055629502735,0.0,0.17025400871416763,0.6647272649338559,0.32407318051760303,0.0,0.13019038670901523,0.2573607516007549,0.7432281193107345,0.0,0.21118714596746596,0.0,0.0,0.3869562760804368,0.0,0.0,0.0,0.0,0.0,0.13958363685981745,0.0,0.0,0.0,0.0,0.0,0.0,0.18790936106041065,0.6155416828436864,0.0,0.4639726337115734,0.0,0.5246926316778101,0.0,0.0,0.610745859674631,0.07216683323476182,0.6949275693364602,0.6863433545672868,0.5711514234418165
0.6212000290455342,0.0,0.032442505928100426,0.0,0.0,0.0,0.0,0.0,0.0,0.4251369952770711,0.0,0.0,0.0,0.0,0.0,0.6173396452304903,0.5107478786672768,0.5761815571477557,0.24288860415512664,0.8043140002595649,0.0,0.9755439291347349,0.0,0.5077436976546449,0.9377447083855672,0.9364724157575842,0.0,0.0,0.18714546135661633,0.0,0.0,0.0,0.0,0.0,0.0,0.0,0.0,0.3404753576716896,0.0,0.0,0.563219818012668,0.6045891420642161,0.0,0.1792603191746348,0.5483690078938239,0.05458408232057035,0.0,0.25064911631854614,0.0,0.0,0.09541574650446931,0.0,0.0,0.0,0.05620555920776601,0.0,0.0,0.04356008316894321,0.0,0.0,0.0,0.0,0.09865806404604262,0.19141017979169309,0.6436286709620881,0.0,0.3316461638452563,0.34172589920479984,0.32553443641453894,0.0,0.0,0.9551926392946464,0.0,0.6721417716602298,0.4795871555580669,0.789803529003414
0.13442515831852625,0.032442505928100426,0.0,0.1587561066003771,0.5331896204409942,0.40893019304742717,0.38453140316441664,0.45853353070152997,0.6785277342422773,0.18475695853042462,0.8146809389503826,0.5278927125345552,0.5428157072211349,0.28166965741422006,0.43923343042204277,0.17727232424322098,0.07214360594759928,0.18822060011177008,0.7462486210356043,0.3602118110408016,0.4247123450163707,0.1404913182997368,0.560226908446509,0.37617746235162264,0.0,0.13113692631558657,0.5856443652920291,0.49136141902043595,0.46132507977387716,0.3912810601358221,0.32004540604739623,0.4065445056361369,0.4762852560800373,0.5082044855303742,0.3283828287494314,0.08416321640495754,0.04530824024910637,0.2555703854849016,0.43706533440571643,0.6357828308051029,0.274808520897472,0.0,0.04696358873940398,0.2738131137551908,0.0,0.3296993329123731,0.3521713453143154,0.8426368805035631,0.0,0.35485544868634095,0.5954827086446076,0.3982407617042718,0.46674662893551766,0.6735735355122079,0.4055280396044263,0.8402820434879644,0.47315602870725687,0.6459870403641627,0.06460303853770263,0.5238522637645325,0.4784314691294769,0.4290832903344325,0.40638947707866335,0.7650349256378625,0.5361557853613119,0.4813546022609782,0.6889742256010167,0.4650748600170625,0.3994255803905616,0.5529280336424274,0.5253036061863985,0.09207581001970923,0.6271936746323733,0.2934545748168408,0.42169572074929085,0.22386447726930161
0.0,0.0,0.1587561066003771,0.0,0.30970761353217485,0.6232909355713654,0.5957292728932143,0.49148291209885925,0.28763908213217365,0.1580936297906083,0.4246144516835724,0.37079259310743906,0.5523283579860666,0.6975340050728225,0.5256309504099358,0.13675600840780153,0.0,0.0,0.0,0.0,0.45146919990046397,0.0,0.5111176559506638,0.0,0.0,0.0,0.505809759991418,0.5728893801092217,0.14814450985469327,0.3262649255431124,0.5240729883191474,0.6288267732044233,0.40066921179824805,0.49949251370746933,0.46952450405403334,0.33480049835643794,0.28779786266276913,0.0571059992875041,0.6933962941665314,0.3640102078939607,0.0,0.0,0.3897125507682299,0.18958225109876028,0.0,0.0,0.6119297645280517,0.09015834773730438,0.39163266747465997,0.4904047610111097,0.16362193842968034,0.5088964141698298,0.43218356038415306,0.31691720256123745,0.4560799654324227,0.44702007040291536,0.29918857264778403,0.4934095302189131,0.3423635784831737,0.35597811136778645,0.3237338513746496,0.4190013290412631,0.32645984574211967,0.08562341055975117,0.0,0.5332274413325813,0.07773934019517859,0.08610441597459882,0.060622786989494644,0.61544826786834,0.5885575614507438,0.0,0.4186909136349264,0.0,0.0,0.0
0.12901478031760047,0.0,0.5331896204409942,0.30970761353217485,0.0,0.3758379957852322,0.6974174791908442,0.3757974838973985,0.7730041737237006,0.0,0.8476782743344278,0.4797664370316092,0.6222970018539958,0.5291702270709182,0.28032652227166815,0.1514138057716861,0.0,0.0,0.37930229686587286,0.4310604331467499,0.42588480110271476,0.17148931658274166,0.37747737502034673,0.03812226429771698,0.0,0.04029641333543284,0.5581651071804484,0.4876050679788799,0.6155414593122822,0.6640483962166918,0.39759710941866844,0.4281851391006745,0.48826109843977067,0.6740345439995684,0.5830231193899118,0.0,0.16185646935074005,0.033436402777041255,0.4478164221376939,0.4780977688221252,0.2365153588562198,0.0,0.0,0.25454829179616917,0.0,0.2989893292207524,0.338245743282132,0.5735655271164483,0.0,0.3756259547245336,0.44373472032532885,0.5467347104337704,0.3549132408023752,0.61549240850296,0.4348810928543811,0.7262621007731407,0.3739773505997041,0.5585271765504762,0.0,0.3093288035841916,0.4241118965843321,0.4227875421271117,0.35126196031349943,0.35568657199127085,0.4957665422070553,0.4087850180938589,0.5635376741858794,0.2928213760577816,0.07845298390714574,0.47120983158542945,0.40195524741172306,0.20281718898288167,0.490702774104398,0.28088688036274256,0.4493205452883144,0.0
0.0,0.0,0.40893019304742717,0.6232909355713654,0.3758379957852322,0.0,0.6360564381170374,0.8879711952828617,0.4041875846483421,0.0,0.6121658426929272,0.56963781108,0.6663463739094159,0.7387954087669452,0.7090657138999072,0.0,0.0,0.0,0.09715972097060177,0.0,0.7143000736634635,0.0,0.9007062061085304,0.0,0.0,0.0,0.5614798639704737,0.5617826968930681,0.188011827551496,0.5220867892329409,0.5803157761636498,0.8137172029228819,0.4217780966041807,0.7464901376478192,0.6378767386590556,0.45973506025584404,0.4982623032738901,0.0,0.9207189987185432,0.4300197962888144,0.0,0.0,0.2556492369116028,0.10693149408859895,0.0,0.0,0.9489237614381124,0.18938004242526746,0.17558670950873756,0.4684203034373638,0.258218717222368,0.481187327867111,0.857221603313496,0.4029619232805543,0.3828050780928548,0.5770218190867141,0.36910694981207587,0.47781763430271657,0.5250759177668106,0.46502732540897823,0.4520530771819966,0.24976876789281569,0.3874119331577055,0.23209353088374196,0.0,0.8034555546634029,0.05522443789475581,0.11869901309441681,0.0,0.8363841195756326,0.8004445454657776,0.0,0.5161239452382829,0.0,0.0,0.0
0.0,0.0,0.38453140316441664,0.5957292728932143,0.6974174791908442,0.6360564381170374,0.0,0.5450720943838312,0.602196506087601,0.08156821400395489,0.6568290472791908,0.354280937992969,0.8151100673268158,0.7025607095586268,0.47267562621797504,0.12376189998002535,0.0,0.0,0.1389545405278664,0.04749814177894489,0.6443179300024846,0.0,0.5306934566874296,0.0,0.0,0.0,0.5705558324866424,0.5178485943352956,0.546359641530872,0.7017525885932807,0.672743530851753,0.6555003927619252,0.5574573554281805,0.7518656957331319,0.5927565885781838,0.20868940757003993,0.4050434572378822,0.0,0.6610237209603392,0.43715652360054125,0.04034343686226469,0.0,0.0736477932955368,0.14357007926514317,0.0,0.08218756343801344,0.5254117349156804,0.31796624196611795,0.04155030619094886,0.41632477858840966,0.2824091792548686,0.6165607410412557,0.4461806049147842,0.521364853569833,0.4925540491141071,0.6567595775879271,0.17738584112586722,0.5568195882753755,0.17171372120650547,0.33365700635650164,0.4810539877321099,0.2075652400905781,0.34648818040675294,0.1370906420465684,0.10934205721259692,0.6235648240097103,0.24946015236893804,0.19766291348801235,0.025996698224235844,0.6829939306702765,0.4407004612136422,0.0,0.4251998203712613,0.06261970567883485,0.12903588636418925,0.0
0.0,0.0,0.45853353070152997,0.49148291209885925,0.3757974838973985,0.8879711952828617,0.5450720943838312,0.0,0.42957305665037365,0.03385647102355284,0.6011810346273321,0.6367251501207589,0.5298597958605619,0.746460254086835,0.5146079368622423,0.0,0.0,0.0,0.18516919114415922,0.0,0.6240778138267555,0.0,0.9171962175256305,0.0,0.0,0.0,0.5335576051134687,0.4660885658027825,0.1421949704657846,0.4860265755881773,0.4957135184647337,0.6946596293785832,0.31487512762372155,0.5987581732299445,0.5704334946661807,0.41225910889578304,0.3317804821075599,0.06328204492841023,0.7533859636035922,0.40736458083819854,0.0,0.0,0.28473795698687715,0.1806489168121663,0.0,0.0,0.7684338956853718,0.32058859770547926,0.16342170992561386,0.46745362329743734,0.21630338802025623,0.4108533336754324,0.9717947833003587,0.41620903322677083,0.42333412334797166,0.6057043142081093,0.5052188310633233,0.49125904702680273,0.533274098663223,0.3417768499455492,0.3921675505392265,0.31109833374988954,0.37822338488051654,0.2956052254135471,0.0,0.7099308391599815,0.09099690106206319,0.3457197504529407,0.04630776677246351,0.7298850426653983,0.7545100751444044,0.0,0.5041021100926072,0.0,0.0,0.0
0.1244841764797179,0.0,0.6785277342422773,0.28763908213217365,0.7730041737237006,0.4041875846483421,0.602196506087601,0.42957305665037365,0.0,0.00816373148489779,0.8351122616190478,0.5259937121780411,0.614494960873156,0.49926438525842637,0.4664735506295338,0.0983639282931251,0.0,0.0,0.4749726017552819,0.4106550061242614,0.5166152788464472,0.09952325006227636,0.49531633389290936,0.2220810409951634,0.0,0.0,0.66245124546854,0.56298784345007,0.5057280218331277,0.6439204399852312,0.394596589134962,0.4947340868020238,0.531215498189643,0.693798566197509,0.4564630516088741,0.0,0.23638670571297987,0.1256442247985263,0.5052037287365937,0.5701674638449162,0.31753213798251656,0.0,0.0,0.1966640432180872,0.0,0.37688735987365124,0.3739585026565338,0.749692328945625,0.0,0.3841297722784656,0.561354881091603,0.4742030029799106,0.40605713667696297,0.9416428152848142,0.3636982679874591,0.807404899568642,0.42927101784751887,0.5710098834511045,0.02385136013650177,0.5077305462215588,0.2475223357277374,0.41245408038550296,0.2658344903862515,0.47838489440326704,0.5392694474916107,0.5138671547993804,0.5910182243453422,0.3835458962151773,0.3166796458817715,0.4642650384193695,0.45923902891207447,0.08143774030921896,0.5632393065635347,0.31126765161111275,0.540384814561507,0.03892877251458613
0.06362527913877308,0.4251369952770711,0.18475695853042462,0.1580936297906083,0.0,0.0,0.08156821400395489,0.03385647102355284,0.00816373148489779,0.0,0.0,0.0,0.045039511803549724,0.0,0.0,0.6501776498987343,0.6768018793884604,0.7587036581438418,0.10411117733711732,0.308597176814545,0.0,0.38606184272842453,0.04471162696053522,0.30772860215466663,0.6095389322684264,0.5066375813666132,0.21881325394058937,0.13848170452801076,0.25753203628573323,0.0,0.36232304314876157,0.08290582320293188,0.0,0.0,0.0,0.14318194582740257,0.0,0.44061894940782476,0.0,0.0,0.18961844232199893,0.17522293236024408,0.29388688419252396,0.32949738845157905,0.39794614701889297,0.0,0.0,0.29219979244968647,0.32031512662156525,0.42720943255448107,0.03626865472908597,0.3677965616315143,0.04268345236667794,0.214368027490374,0.67757846602004,0.09305110447055641,0.08641725717248465,0.5572701874037026,0.13713996515007132,0.09164224585101437,0.3853509447773733,0.39012785751870954,0.5332038565956707,0.19029276983693919,0.316876703034137,0.0,0.21373329069487731,0.42032461602566235,0.3625028061307966,0.1942655444472912,0.0743051326069616,0.41331001070496776,0.32854702088340504,0.3242745299837502,0.12152811732928068,0.5340151551043388
0.0,0.0,0.8146809389503826,0.4246144516835724,0.8476782743344278,0.6121658426929272,0.6568290472791908,0.6011810346273321,0.8351122616190478,0.0,0.0,0.6612302163741208,0.7270990839443248,0.6125261044812668,0.565908252026059,0.04857687119113798,0.0,0.0,0.5344338079739096,0.25041070353514894,0.6179826973677486,0.0,0.6176110092349841,0.09886322535521737,0.0,0.0,0.6875707093936575,0.651127806934671,0.5738129355534568,0.6555802674795065,0.46598076439235286,0.6023507551499915,0.6233930743080608,0.8034531320371827,0.6428051052713356,0.0,0.21236440077566623,0.06215931942248216,0.646005387912093,0.6545344121518163,0.16238565626262405,0.0,0.0,0.21210512552246064,0.0,0.38157838972815933,0.6231563968604272,0.7005040123324972,0.0,0.3852666273969386,0.5213226798109258,0.5081211068529564,0.5598255575638096,0.7510199497259246,0.47935441852776417,0.927037844331297,0.5048489432163299,0.6515714271216395,0.0,0.5201592443833812,0.4723809525498358,0.5063533082078905,0.3966755721584357,0.5346726462847678,0.40622282526887765,0.6775080997393126,0.6028110685024619,0.2855669625721552,0.1971919800535543,0.7066252759040413,0.6541099566143134,0.0,0.6371250241760223,0.1542213391174377,0.3254414098709366,0.0
0.0,0.0,0.5278927125345552,0.37079259310743906,0.4797664370316092,0.56963781108,0.354280937992969,0.6367251501207589,0.5259937121780411,0.0,0.6612302163741208,0.0,0.5733288105403044,0.5161305525165764,0.48317715942020106,0.0,0.0,0.0,0.37264153241976117,0.0075195622117161295,0.6095350535307087,0.0,0.4992193779722371,0.22343572798655792,0.0,0.0,0.34533431763710054,0.6814959537292504,0.1993484936042737,0.4493198158419002,0.3238509737614537,0.5204689370050536,0.4053890756485518,0.5433690909127412,0.5371664749163093,0.17347646799359326,0.3044240461028815,0.0714872616071742,0.5039036816281744,0.4067148606786437,0.0,0.0,0.1436079897003222,0.3344775020528332,0.0,0.21062436370437107,0.5705070268222511,0.44038293694160396,0.0,0.3218134481756043,0.5047641451515912,0.2875001153973822,0.5970583372513159,0.47600446119386647,0.48201829879051467,0.5953364605724737,0.8704402475449324,0.5442676140622131,0.18104971306333942,0.349327234823644,0.25283054642723857,0.4501082972746177,0.37301967839912886,0.43355210412229195,0.06995114851492958,0.5691715913087656,0.30063905552103637,0.15054410865073642,0.34170575891441074,0.49417193011783106,0.6901989242913897,0.0,0.6376133120426472,0.0,0.1665876506721576,0.0
0.042008730691896985,0.0,0.5428157072211349,0.5523283579860666,0.6222970018539958,0.6663463739094159,0.8151100673268158,0.5298597958605619,0.614494960873156,0.045039511803549724,0.7270990839443248,0.5733288105403044,0.0,0.6516079967565789,0.6595847394106753,0.1537000276128082,0.0,0.0,0.3503171655909834,0.03455392473467169,0.8712833482637846,0.0,0.464190986466538,0.07969543312431,0.0,0.0,0.40871248463117155,0.8284015290306699,0.6292046293366355,0.7298910240863029,0.6651655027040466,0.7567674407862004,0.7859200290306781,0.8547590553621042,0.6212181141683645,0.31106493372626204,0.5449108857745091,0.0,0.7589861526427838,0.6722167178333314,0.1413620231792505,0.0,0.0878740889524144,0.18334828961060576,0.0,0.45326261828536196,0.679647457720361,0.3961491402431099,0.0,0.2675030797626137,0.49156596344569947,0.4186769881534727,0.41441299731498127,0.5167988724603445,0.5203773507982524,0.6905077391653965,0.44232034196499115,0.6556750208282901,0.19159087780769196,0.48862412979634734,0.44912299019320695,0.33568710303388793,0.3483494097170376,0.34900272315612574,0.1306178569226756,0.8240411228821365,0.38193279061569124,0.0,0.30248511992526733,0.7288431616664767,0.6456201112678831,0.0,0.633294284218413,0.09360592621007113,0.25713059671028027,0.0
0.0,0.0,0.28166965741422006,0.6975340050728225,0.5291702270709182,0.7387954087669452,0.7025607095586268,0.746460254086835,0.49926438525842637,0.0,0.6125261044812668,0.5161305525165764,0.6516079967565789,0.0,0.5892297853613062,0.0,0.0,0.0,0.0835394350055765,0.0,0.7068821294405362,0.0,0.6532796634498108,0.0,0.0,0.0,0.539356479366091,0.5638671655810484,0.16717769584864298,0.5624055437092369,0.4956510435589081,0.6843265605503571,0.4797663222223822,0.7053475389538972,0.6534651453186479,0.39635348237788176,0.37346934692160844,0.0,0.7915897613189861,0.43949385503548455,0.0,0.0,0.19152239160659035,0.09791732638294583,0.0,0.06941836825651915,0.7376240217363571,0.17885133646128706,0.06542528370472482,0.409759628494193,0.17799413279401372,0.5156420754904221,0.6485453761713846,0.4306018271579985,0.3512844834977154,0.6447283593891735,0.3326943614662948,0.4490416109685489,0.43778094143726276,0.35151510933414437,0.29949242017600103,0.3452934977652007,0.27014164945217223,0.09519853078990141,0.0,0.8184804779047731,0.0923391530622619,0.09531682120058242,0.0,0.6623523669589029,0.6303569677029107,0.0,0.41652367501389953,0.0,0.0,0.0
0.0,0.0,0.43923343042204277,0.5256309504099358,0.28032652227166815,0.7090657138999072,0.47267562621797504,0.5146079368622423,0.4664735506295338,0.0,0.565908252026059,0.48317715942020106,0.6595847394106753,0.5892297853613062,0.0,0.0,0.0,0.0,0.26257621734170306,0.0,0.7387753345296447,0.0,0.6115602269474238,0.03732196919511128,0.0,0.0,0.5067489772135371,0.6570480969846605,0.26756087435991477,0.47530435529798337,0.34342317935617317,0.6455089126586482,0.7101871278310871,0.6923190137627082,0.4750545793952028,0.27752303791617994,0.3067477283957707,0.02932209098113447,0.8559679796262528,0.6253838908713871,0.053516496137638855,0.0,0.1931808996019253,0.022374869625328732,0.0,0.3957734493105646,0.7951160443611699,0.30519854627044724,0.06974805458902136,0.2524619294553472,0.47794529170435734,0.2817069750042865,0.4672601160541969,0.4144200230739777,0.15071210946631833,0.5486957756420413,0.3552570153227805,0.3235777599799247,0.3554920501974951,0.796645496425507,0.20718997230790778,0.26538530738073185,0.059366837706992505,0.31882730751987615,0.0,0.8316205226096642,0.2890907158402144,0.07862748737944707,0.1999157364375383,0.6252557449724917,0.7380839438144844,0.0,0.513383224038395,0.0,0.06210318523323916,0.0
0.34809725534107194,0.6173396452304903,0.17727232424322098,0.13675600840780153,0.1514138057716861,0.0,0.12376189998002535,0.0,0.0983639282931251,0.6501776498987343,0.04857687119113798,0.0,0.1537000276128082,0.0,0.0,0.0,0.5825016847389386,0.7905739579609427,0.1572980433124973,0.523674016175665,0.0,0.6330194500675165,0.0,0.33158582401892844,0.6701215263496003,0.6465161872408062,0.15197275712474628,0.23976798850658956,0.3616206543231177,0.0,0.41533673420637346,0.18482195142961413,0.04742224907819257,0.0,0.0,0.03668886261175421,0.0,0.4192729119480199,0.0,0.06861294929938148,0.36912636098728163,0.22897822237652685,0.18915110783566516,0.3646443075578749,0.3765315596498547,0.0,0.0,0.31342746239333646,0.10307202844954402,0.3507899504159113,0.11093528346455517,0.35294690906810483,0.0,0.19154974717836065,0.5121158604562605,0.10477744185733089,0.06037498716631289,0.5369091785328136,0.0,0.11600887756756158,0.5299500592638559,0.40968637382327106,0.6010119506620013,0.24178352578089146,0.4787155091828166,0.0,0.4121501627046302,0.2631546331226881,0.37440097968414915,0.15458419686869684,0.0,0.5739986195389297,0.3171394970578393,0.3789531535313032,0.23881447126561833,0.580085740711599
0.2174083336179706,0.5107478786672768,0.07214360594759928,0.0,0.0,0.0,0.0,0.0,0.0,0.6768018793884604,0.0,0.0,0.0,0.0,0.0,0.5825016847389386,0.0,0.808157294565071,0.2404097069190147,0.308111664142858,0.0,0.4154565113228678,0.0,0.46654418064599296,0.6500508210905281,0.6477490277800756,0.0,0.022558045619430984,0.029048502718805692,0.0,0.0,0.0,0.0,0.0,0.0,0.0,0.0,0.5057985185050865,0.0,0.0,0.1867262146380969,0.32403388230468644,0.0932277645673036,0.22763754181824924,0.5291424678353723,0.0,0.0,0.23857169947043344,0.159047425562407,0.2554354557572363,0.0,0.0,0.0,0.04553729300983878,0.2587313089990353,0.0,0.15548948989847897,0.30975332110581527,0.0,0.0,0.0833946759566462,0.4630257454482703,0.33022795444979747,0.3035874615107035,0.289967336158799,0.0,0.19270133575930512,0.20945796482832268,0.36941245250756954,0.0,0.0,0.3777199400149371,0.20412561034547536,0.18280447286629967,0.08475607031268306,0.6080910641687078
0.15021434141653367,0.5761815571477557,0.18822060011177008,0.0,0.0,0.0,0.0,0.0,0.0,0.7587036581438418,0.0,0.0,0.0,0.0,0.0,0.7905739579609427,0.808157294565071,0.0,0.20564768031716193,0.3938662562475312,0.0,0.5044661559165577,0.0,0.32568118330279944,0.7367774446187281,0.6774118365457995,0.06630363449259923,0.009219740778279665,0.13166184071174922,0.0,0.16946573398877773,0.0,0.0,0.0,0.0,0.0,0.0,0.4879408717745498,0.0,0.0,0.21099065542691228,0.3306522364674547,0.16295097278943682,0.29047485996254035,0.5028280083651171,0.0,0.0,0.2983625562235405,0.1946393119572276,0.3861011655927749,0.05507092908235203,0.2736686407594183,0.0,0.1013000442933045,0.49479529280197093,0.0,0.10897136002813887,0.4385590127990978,0.0,0.0,0.4435864608143344,0.3919392898227215,0.6151570917111217,0.3250361075259143,0.3724950877795654,0.0,0.29485305766199627,0.32737917480632367,0.27306469757507695,0.04142610370177691,0.0,0.5064654291906872,0.20087176370850532,0.25635439584520675,0.1307838054421039,0.6085047745725694
0.3170943978967487,0.24288860415512664,0.7462486210356043,0.0,0.37930229686587286,0.09715972097060177,0.1389545405278664,0.18516919114415922,0.4749726017552819,0.10411117733711732,0.5344338079739096,0.37264153241976117,0.3503171655909834,0.0835394350055765,0.26257621734170306,0.1572980433124973,0.2404097069190147,0.20564768031716193,0.0,0.45852788178842346,0.18470927254888428,0.310402450644054,0.3059155837601522,0.6022903596103832,0.11604499992342741,0.3039850511090634,0.2992776040469143,0.32960649730255354,0.3256163643710663,0.25779714760793937,0.09528365397747832,0.13157505087052523,0.47067834281095894,0.24018298508440866,0.08168822547692092,0.0,0.0,0.3335888695050266,0.1917976024641042,0.5530703041350974,0.47154559362595305,0.24081403803180998,0.0,0.1427100223062391,0.11298610975041853,0.4116641186330675,0.06569134536268338,0.7746182784294091,0.0,0.19680418206268535,0.6066232017632911,0.11561060706373437,0.23166135104307406,0.3982099249226883,0.09521746897597538,0.5686365732163162,0.4685842429248378,0.4258901384401747,0.020918992755200372,0.36086592546781,0.14543345220325543,0.40536203009002053,0.1517576840013969,0.9254884837812587,0.537789627717866,0.18979336968006014,0.6099962050536655,0.44954030481037527,0.5500323519049222,0.16311374865387146,0.31203695698085854,0.19428712807161444,0.4322950206356184,0.37338277377969287,0.5361679112860436,0.43457488303824715
0.719707586185151,0.8043140002595649,0.3602118110408016,0.0,0.4310604331467499,0.0,0.04749814177894489,0.0,0.4106550061242614,0.308597176814545,0.25041070353514894,0.0075195622117161295,0.03455392473467169,0.0,0.0,0.523674016175665,0.308111664142858,0.3938662562475312,0.45852788178842346,0.0,0.0,0.9043139058034186,0.0,0.6504709031386996,0.676317296020478,0.7318038296072952,0.20448592722555387,0.07167647623594033,0.5451283494096689,0.17170024357852456,0.0425698823526809,0.0,0.1771334485168985,0.0,0.0,0.0,0.0,0.3329137513157848,0.0,0.2614871793384386,0.7572395289701159,0.3752351352722228,0.0,0.29440583730894127,0.24910551348003748,0.4421052337635092,0.0,0.5612388582709262,0.0,0.09821831592527772,0.3838647288883903,0.16015536347451448,0.0,0.3971176621405426,0.16457332209624534,0.2703189505778424,0.09255024498062016,0.312808527972891,0.0,0.18641574610114076,0.1340720404638965,0.1788662404639852,0.13339538117221605,0.4066664577918263,0.952110679885734,0.0,0.7692536296690008,0.3900504965719723,0.5168866799478417,0.0,0.0,0.8157289443603057,0.1906663217679585,0.7813776142175003,0.8130930082241622,0.731156421482162
0.0756015889032162,0.0,0.4247123450163707,0.45146919990046397,0.42588480110271476,0.7143000736634635,0.6443179300024846,0.6240778138267555,0.5166152788464472,0.0,0.6179826973677486,0.6095350535307087,0.8712833482637846,0.7068821294405362,0.7387753345296447,0.0,0.0,0.0,0.18470927254888428,0.0,0.0,0.0,0.4689630723200638,0.0531690035173425,0.0,0.0,0.2531717658761815,0.7606290910357201,0.42142333982494196,0.7587670831373763,0.5581502836828519,0.8030777658368392,0.7686020381306362,0.7812961885888913,0.5672715998502496,0.3709069527498496,0.612018265879467,0.0,0.8286118798247033,0.6643609469338364,0.04051783326851212,0.0,0.15217483785442523,0.13447566307690287,0.0,0.4889715878448359,0.7924883889213485,0.23755367384225493,0.0,0.08641118268182442,0.4435800943322701,0.20092748073925187,0.5006488690216616,0.37937904941700135,0.32154262888591284,0.5538736853134585,0.45677399152397175,0.42166152584882144,0.3355150477809783,0.467059120943791,0.3724819006655427,0.19735381738911878,0.22253565657462865,0.18988247558975815,0.0,0.9221530487671218,0.2687554744855636,0.0,0.2951168736206336,0.7306811075481227,0.7525094359604617,0.0,0.6283024995902693,0.0,0.21156419233142934,0.0
0.6460956599565744,0.9755439291347349,0.1404913182997368,0.0,0.17148931658274166,0.0,0.0,0.0,0.09952325006227636,0.38606184272842453,0.0,0.0,0.0,0.0,0.0,0.6330194500675165,0.4154565113228678,0.5044661559165577,0.310402450644054,0.9043139058034186,0.0,0.0,0.0,0.5319434200565031,0.8645956426070915,0.8905684419665398,0.0665210418838828,0.0,0.3202006073224068,0.0,0.0,0.0,0.0,0.0,0.0,0.0,0.0,0.37137808554665747,0.0,0.0,0.639706249648239,0.5176200001325549,0.0,0.2739262270018133,0.4638554676393631,0.14970866669204516,0.0,0.3681102333954323,0.0,0.0,0.13108490618428642,0.032196886117950456,0.0,0.10581920933147952,0.10773417787462428,0.0,0.0,0.13370531638227662,0.0,0.0,0.13554887244109165,0.0351896354190951,0.13751665237225055,0.26608151807740255,0.7878550605688337,0.0,0.5454759323798885,0.3661456566243758,0.38652788452599585,0.0,0.0,0.9170407258815307,0.0,0.6893100838090975,0.6018714074116575,0.7828764871981133
0.0,0.0,0.560226908446509,0.5111176559506638,0.37747737502034673,0.9007062061085304,0.5306934566874296,0.9171962175256305,0.49531633389290936,0.04471162696053522,0.6176110092349841,0.4992193779722371,0.464190986466538,0.6532796634498108,0.6115602269474238,0.0,0.0,0.0,0.3059155837601522,0.0,0.4689630723200638,0.0,0.0,0.0,0.0,0.0,0.7852554158918263,0.40263999597935285,0.14037809718619862,0.3789255741751422,0.4504626683798592,0.6336985769171944,0.32601338053759094,0.5876147493206412,0.4847437052621162,0.3358108890965007,0.19141947704301146,0.18022027907929325,0.7730168803240758,0.47306647108106437,0.0,0.0,0.27484364320458704,0.08869160051249415,0.0,0.0,0.727804614535931,0.4565865516638939,0.20492291870238555,0.5756637276463074,0.34214528850467163,0.5545930960463709,0.917464121349983,0.5265608389512711,0.3389773186969835,0.6707876405248583,0.3752388901940017,0.5299024075175154,0.5493603506800863,0.5595388664959317,0.3886046137909475,0.32616057028561385,0.34978335441642705,0.41884446367650974,0.0,0.6810109309173261,0.19733101429985359,0.6041362900921676,0.033641734287785816,0.7355123232284795,0.7071771665411164,0.0,0.46760999247553386,0.0,0.0,0.0
0.715156661908227,0.5077436976546449,0.37617746235162264,0.0,0.03812226429771698,0.0,0.0,0.0,0.2220810409951634,0.30772860215466663,0.09886322535521737,0.22343572798655792,0.07969543312431,0.0,0.03732196919511128,0.33158582401892844,0.46654418064599296,0.32568118330279944,0.6022903596103832,0.6504709031386996,0.0531690035173425,0.5319434200565031,0.0,0.0,0.4846076356259868,0.5695976883309938,0.0,0.20287745134228555,0.27464210616882695,0.0,0.0,0.0,0.3148296716039597,0.0,0.0,0.0,0.0,0.3278384111567405,0.0,0.3130620567456175,0.6854233944110055,0.3176188831401946,0.0,0.0607406424092837,0.29780849248564445,0.6284396212490815,0.0,0.5197606184382674,0.0,0.0,0.5092384205199232,0.0,0.0,0.1851119037333865,0.08418023228859849,0.17535911104625818,0.4184130786189164,0.22351172573472686,0.0,0.2526724003067509,0.0,0.3003956953409418,0.0,0.5462916489211878,0.594709547311815,0.0,0.5184995403840755,0.2501679175805654,0.8260443178014912,0.0,0.0,0.42296246663911213,0.22136830483643244,0.5821636024682647,0.6348488670252921,0.6934450871550847
0.5835444806945991,0.9377447083855672,0.0,0.0,0.0,0.0,0.0,0.0,0.0,0.6095389322684264,0.0,0.0,0.0,0.0,0.0,0.6701215263496003,0.6500508210905281,0.7367774446187281,0.11604499992342741,0.676317296020478,0.0,0.8645956426070915,0.0,0.4846076356259868,0.0,0.9324193913187447,0.0,0.0,0.11820015411540657,0.0,0.0,0.0,0.0,0.0,0.0,0.0,0.0,0.3355981900466224,0.0,0.0,0.4337275773768435,0.5766992088748278,0.0,0.17408801575854585,0.5888885639293663,0.0,0.0,0.15900947375513838,0.0,0.0,0.0,0.0,0.0,0.0,0.1778838867420555,0.0,0.0,0.0751522530613509,0.0,0.0,0.12367890010090672,0.0774491600035596,0.19902282015492057,0.08706304170693255,0.5442865962620296,0.0,0.26073479016202744,0.2570341332164177,0.28562808920835636,0.0,0.0,0.8634168170651414,0.0,0.5952376082150077,0.36793758335354315,0.7820056406086145
0.6055611337939484,0.9364724157575842,0.13113692631558657,0.0,0.04029641333543284,0.0,0.0,0.0,0.0,0.5066375813666132,0.0,0.0,0.0,0.0,0.0,0.6465161872408062,0.6477490277800756,0.6774118365457995,0.3039850511090634,0.7318038296072952,0.0,0.8905684419665398,0.0,0.5695976883309938,0.9324193913187447,0.0,0.0,0.0,0.11841069102799176,0.0,0.0,0.0,0.0,0.0,0.0,0.0,0.0,0.38483434859472404,0.0,0.0,0.4591664864612437,0.45022649653181446,0.0,0.2879246669497975,0.5286668334387881,0.0,0.0,0.31941387480936767,0.0,0.017899629018180253,0.16533555993902876,0.0,0.0,0.06175913271626683,0.20445131355018686,0.0,0.17285340578997138,0.2026935743838176,0.0,0.0,0.1088406919846337,0.17389377257738906,0.27305615833065144,0.2963007401560895,0.5706190229628939,0.0,0.33840184734973283,0.35583728334361014,0.4284814881076404,0.0,0.0,0.8482861077170516,0.06230298848268998,0.5172305712477722,0.49117987595696133,0.717484237107663
0.0,0.0,0.5856443652920291,0.505809759991418,0.5581651071804484,0.5614798639704737,0.5705558324866424,0.5335576051134687,0.66245124546854,0.21881325394058937,0.6875707093936575,0.34533431763710054,0.40871248463117155,0.539356479366091,0.5067489772135371,0.15197275712474628,0.0,0.06630363449259923,0.2992776040469143,0.20448592722555387,0.2531717658761815,0.0665210418838828,0.7852554158918263,0.0,0.0,0.0,0.0,0.40339970781572826,0.42891387365443223,0.33398474690844476,0.4424956625133753,0.47505728675181386,0.3451878088872575,0.5361562907603338,0.4021733226717081,0.09303398574688822,0.0,0.3164447133115896,0.610230657796498,0.5363723776601789,0.10712583507727402,0.0,0.0834790464760566,0.1621460173908332,0.0,0.016907510452593325,0.4302065314704629,0.5893097313901801,0.17926746887103215,0.621139555149111,0.3891904863241701,0.707665108876675,0.5350005056005707,0.7176029100520616,0.4296407232831146,0.7285094638663081,0.19004079397991355,0.6101264752655404,0.22378911767969123,0.65681068074953,0.4469020537173029,0.39036139314905866,0.3692363430579937,0.3778632525684762,0.4426229171677409,0.4768146749426468,0.5357214769644943,0.6310632980357761,0.056631933452910704,0.6342398330751728,0.4735964292051297,0.1176854079270704,0.4323976439260605,0.1551142609091166,0.13874846461792165,0.0
0.13260320039492884,0.0,0.49136141902043595,0.5728893801092217,0.4876050679788799,0.5617826968930681,0.5178485943352956,0.4660885658027825,0.56298784345007,0.13848170452801076,0.651127806934671,0.6814959537292504,0.8284015290306699,0.5638671655810484,0.6570480969846605,0.23976798850658956,0.022558045619430984,0.009219740778279665,0.32960649730255354,0.07167647623594033,0.7606290910357201,0.0,0.40263999597935285,0.20287745134228555,0.0,0.0,0.40339970781572826,0.0,0.5054509207200765,0.5555017510566352,0.6328854401511308,0.7330071365999086,0.6581077771012291,0.7112317663864758,0.5914278800153205,0.3342277525390462,0.4732189757477212,0.15272933463174695,0.7181588011227089,0.6246416078746927,0.12079171439839742,0.0,0.1740565164275959,0.2903109056243009,0.0,0.46231763998284975,0.6583072289863454,0.3895747095664483,0.0,0.3148003464596376,0.43696215538052147,0.3478178771674786,0.38068365691904393,0.5301787950060922,0.5191998903611446,0.5930574340758755,0.5470805786085743,0.659017660612626,0.1994929094741515,0.5554971799443075,0.4378210353898806,0.5269807360961337,0.4002868394921105,0.37314686230791955,0.19249970194186464,0.7332510544883372,0.45443213508015656,0.0,0.4007389593672758,0.6526629759157081,0.703646387829445,0.0,0.7541255736637161,0.0,0.25915688371309875,0.0
0.3327298068072477,0.18714546135661633,0.46132507977387716,0.14814450985469327,0.6155414593122822,0.188011827551496,0.546359641530872,0.1421949704657846,0.5057280218331277,0.25753203628573323,0.5738129355534568,0.1993484936042737,0.6292046293366355,0.16717769584864298,0.26756087435991477,0.3616206543231177,0.029048502718805692,0.13166184071174922,0.3256163643710663,0.5451283494096689,0.42142333982494196,0.3202006073224068,0.14037809718619862,0.27464210616882695,0.11820015411540657,0.11841069102799176,0.42891387365443223,0.5054509207200765,0.0,0.5684099579111799,0.4614182654567953,0.3009562287720294,0.5623697217474015,0.5237073266289276,0.22236531185439593,0.0,0.11952818349740184,0.17102467310182481,0.25772179151858343,0.6021275933698998,0.49439006426573034,0.0,0.0,0.20173220020839236,0.0,0.4896965253378258,0.17363810219207376,0.44028477404692207,0.0,0.09722878423042264,0.30295647526333835,0.2975908599749404,0.031255766146016745,0.4319471419962564,0.38036720085367426,0.4831918422006192,0.054961119787215615,0.5503916784769272,0.0,0.3517585736287107,0.45081091339153884,0.24951770366775355,0.24205306229339899,0.2932918052150421,0.5973896051430925,0.36722455301942514,0.7051818484317347,0.1668921705533394,0.2986410938747524,0.426612712562473,0.20265527408813266,0.22564292190527865,0.43882902989912675,0.5512985225039236,0.5155158585272904,0.1951123083276511
0.0909681370570164,0.0,0.3912810601358221,0.3262649255431124,0.6640483962166918,0.5220867892329409,0.7017525885932807,0.4860265755881773,0.6439204399852312,0.0,0.6555802674795065,0.4493198158419002,0.7298910240863029,0.5624055437092369,0.47530435529798337,0.0,0.0,0.0,0.25779714760793937,0.17170024357852456,0.7587670831373763,0.0,0.3789255741751422,0.0,0.0,0.0,0.33398474690844476,0.5555017510566352,0.5684099579111799,0.0,0.5362743494857778,0.6373110707691696,0.6757588338685387,0.7964483790466799,0.599702379031971,0.19488293299720413,0.4807139902292059,0.0,0.6704075835564718,0.618544264727801,0.1668361023614091,0.0,0.0,0.1818912354656848,0.0,0.3932677196458298,0.5487625103694861,0.34036639722754575,0.0,0.0664190901227711,0.3897242043457605,0.2842675368524264,0.398936330151073,0.47742937114836254,0.24315884541347937,0.5772451177815425,0.26695149036957716,0.385474535883852,0.05326478266803387,0.28676515167503897,0.3551448352478013,0.07999031525968832,0.16848258811960407,0.24841155901716355,0.19284381773327483,0.6235070162551818,0.37861938351401264,0.06598177171416726,0.1530469092334388,0.5267441277501436,0.4535731477537614,0.0,0.42436715185844376,0.1474424054247483,0.38122905227070253,0.0
0.0,0.0,0.32004540604739623,0.5240729883191474,0.39759710941866844,0.5803157761636498,0.672743530851753,0.4957135184647337,0.394596589134962,0.36232304314876157,0.46598076439235286,0.3238509737614537,0.6651655027040466,0.4956510435589081,0.34342317935617317,0.41533673420637346,0.0,0.16946573398877773,0.09528365397747832,0.0425698823526809,0.5581502836828519,0.0,0.4504626683798592,0.0,0.0,0.0,0.4424956625133753,0.6328854401511308,0.4614182654567953,0.5362743494857778,0.0,0.7313018561501528,0.42499581443717527,0.6427283369328524,0.49251869641575796,0.48685980889982977,0.5189808252466548,0.17711472377659523,0.648732453619949,0.4048658034693101,0.007636926425304907,0.0,0.35480481031394406,0.32722204505607905,0.0,0.0814588396786933,0.4999412877519643,0.23398117551746792,0.11289502141116252,0.4152165863760941,0.0,0.4536635514416118,0.4318912162219559,0.37313846481262836,0.6564181645441504,0.4323176387450942,0.14352998764231029,0.6811663287470276,0.30281002165477133,0.2936955897484583,0.7113997896498003,0.33911421371418843,0.6568753545500491,0.1383553549962352,0.10361139996325494,0.5515496574242549,0.3476492095420311,0.16496379564710756,0.18122797272377167,0.7469319500382107,0.5478057743325832,0.0,0.6100107498157146,0.0,0.07057712015460768,0.0
0.0,0.0,0.4065445056361369,0.6288267732044233,0.4281851391006745,0.8137172029228819,0.6555003927619252,0.6946596293785832,0.4947340868020238,0.08290582320293188,0.6023507551499915,0.5204689370050536,0.7567674407862004,0.6843265605503571,0.6455089126586482,0.18482195142961413,0.0,0.0,0.13157505087052523,0.0,0.8030777658368392,0.0,0.6336985769171944,0.0,0.0,0.0,0.47505728675181386,0.7330071365999086,0.3009562287720294,0.6373110707691696,0.7313018561501528,0.0,0.49901695582972416,0.6793149333536002,0.5685981802137295,0.5369093311165413,0.5987439737323941,0.041950083741577285,0.9231994350617427,0.4427209455902453,0.0,0.0,0.42252038334338093,0.2837405557564616,0.0,0.05889397512515791,0.7755160808906907,0.2745277518014937,0.10959196862943493,0.4446908381572919,0.28749823670673696,0.5064146957137435,0.6445235806554601,0.4599629258195272,0.5124728183666853,0.6011758912998721,0.33326863314081884,0.6059351003898293,0.44648509110953394,0.4724984319087633,0.6225286150888945,0.37536313880115013,0.6032923090416275,0.22213763296310282,0.0,0.7705267267004552,0.2037097938555128,0.15204418565064517,0.12969182984544808,0.7722569446531018,0.7114651699134592,0.0,0.6607525398516418,0.0,0.016458112861390414,0.0
0.2679091843174251,0.0,0.4762852560800373,0.40066921179824805,0.48826109843977067,0.4217780966041807,0.5574573554281805,0.31487512762372155,0.531215498189643,0.0,0.6233930743080608,0.4053890756485518,0.7859200290306781,0.4797663222223822,0.7101871278310871,0.04742224907819257,0.0,0.0,0.47067834281095894,0.1771334485168985,0.7686020381306362,0.0,0.32601338053759094,0.3148296716039597,0.0,0.0,0.3451878088872575,0.6581077771012291,0.5623697217474015,0.6757588338685387,0.42499581443717527,0.49901695582972416,0.0,0.782765635390766,0.4848339523080389,0.11733486383539259,0.33831552517681945,0.0,0.5964047779031737,0.8422557948527052,0.4153484616709622,0.0,0.0,0.04780507146156373,0.0,0.6842175054541624,0.5199914464730057,0.40874554668596075,0.0,0.0,0.5245495123158445,0.16454164766441798,0.22172372176641153,0.36283090198702145,0.16419977665220328,0.5495540142498642,0.32218842727178826,0.38955753978083213,0.03376020035007824,0.5487377745750297,0.26136472917151754,0.3094116634628705,0.11682288440466009,0.40961651540156946,0.2670317280127576,0.7448860626613981,0.4884127101538304,0.0,0.3972438512649135,0.5179594192003278,0.512356802098091,0.0,0.4662607871626452,0.23768544881842407,0.4006185655594704,0.0
0.0,0.0,0.5082044855303742,0.49949251370746933,0.6740345439995684,0.7464901376478192,0.7518656957331319,0.5987581732299445,0.693798566197509,0.0,0.8034531320371827,0.5433690909127412,0.8547590553621042,0.7053475389538972,0.6923190137627082,0.0,0.0,0.0,0.24018298508440866,0.0,0.7812961885888913,0.0,0.5876147493206412,0.0,0.0,0.0,0.5361562907603338,0.7112317663864758,0.5237073266289276,0.7964483790466799,0.6427283369328524,0.6793149333536002,0.782765635390766,0.0,0.7511188077207243,0.24606664331464723,0.4814299734720928,0.0,0.7724517104895622,0.7603440281816525,0.13946123543625402,0.0,0.0,0.14410740936938132,0.0,0.3732753242788895,0.7155811275677847,0.3811931283634985,0.0,0.20524794639870225,0.3890816963844414,0.40706124966867435,0.5422401438422236,0.5525293817618452,0.3179658430101415,0.6914327637237698,0.3175364574649494,0.4881356003261892,0.130614464284676,0.4981188527004355,0.4817829711443892,0.2131277871155928,0.29913867280284295,0.28521882508627455,0.14792700593038433,0.7776693600987449,0.4392419129947986,0.0464555545348401,0.08329303636020807,0.7187984387453932,0.6605712626775387,0.0,0.5707940741262404,0.0,0.23682508104663705,0.0
