0.0,0.05554888663244406,0.40558109363183126,0.022688538347605737,0.0,0.0,0.0,0.0429170573183223,0.0,0.26496577686493855,0.0,0.0,0.0,0.0,0.2710286245952281,0.7005940323152077,0.2904947803888982,0.36272170846801516,0.10586315799619309,0.24715079642343926,0.35648365429218887,0.44616738009042073,0.23594877736490671,0.280191223399601,0.4608250463332104,0.29890368493948066,0.21813105063587948,0.2941270521031904,0.5311880805789075,0.29591763346822064,0.5015529967449687,0.09653986610726044,0.23721004516445462,0.19158507476843223,0.06669650765613098,0.0,0.047489880774007655,0.0645216067098364,0.10720157266133457,0.24403666997979948,0.19525232690995487,0.12746044040867938,0.0,0.06508142017726434,0.03911788076743853,0.7662092827585552,0.19377522414575335,0.24897594699689568,0.16936772505009762,0.0,0.0,0.0,0.024303442555980072,0.0,0.2655137956366729,0.0,0.0,0.0,0.0,0.2064713680561102,0.5995106671002679,0.0,0.4615684166078614,0.2850588144603217,0.30140890641055923,0.4764558605305434,0.3586516131151366,0.14394435349471957,0.17254842128215683,0.3653411540554666,0.36802172331676863,0.0,0.25362087054956206,0.3707011522588611,0.3244129268712436,0.5015801182316953
0.05554888663244406,0.0,0.0,0.41940728129479693,0.0,0.5333982201333352,0.33976032388267235,0.2584799177793629,0.0,0.15974758027955865,0.0,0.18105097656213015,0.5355732246963111,0.0689312251516197,0.0,0.1427048675766009,0.19689704853813628,0.4468106484155974,0.11331255868313093,0.0,0.0,0.10205640655931954,0.07678688178387688,0.051935267702745105,0.5351724266590886,0.4641167452271695,0.0,0.2248201949055761,0.3819865386411364,0.0,0.0,0.30392781762648,0.14153646100738387,0.040846921778728465,0.0,0.14550100250149242,0.3104502162965655,0.12606339725762866,0.1389454550490046,0.1626381714000711,0.17554022657901852,0.1256597420576255,0.2510779583123032,0.15473708190151036,0.08257644526946342,0.0,0.3666300481587217,0.0,0.2852204417678816,0.21714599038063723,0.2405119041551092,0.30938069250876893,0.0,0.031831906674169796,0.0,0.0,0.20005659094401115,0.10337255096318541,0.022782016127067112,0.0,0.2387346352817611,0.0678264770121524,0.1882738218284854,0.0,0.0,0.0,0.03777230587099931,0.0,0.0,0.44950083132514707,0.1884606204958639,0.0,0.08572662131397277,0.0,0.0,0.09380287670331268
0.40558109363183126,0.0,0.0,0.0,0.0,0.27433534539833737,0.0,0.36933780355816903,0.43558913216420225,0.10666759004653857,0.2644504840602149,0.03627012602274089,0.0,0.05625342896490698,0.29227791077463583,0.33610807021221095,0.3538201160235532,0.35586094914989863,0.7831476337572404,0.286274399505676,0.16537675284216238,0.2836760881977714,0.5552542459446149,0.27588076969738834,0.3326041840453912,0.19021923205831118,0.41656760556081157,0.11538199933680861,0.25870809341160345,0.28596583366329864,0.23881051802239403,0.3022466396379419,0.21052504509406755,0.1879443428955372,0.0,0.09235516240420591,0.0,0.03530091126973851,0.18293420355158296,0.12915160490498448,0.09390785666339936,0.0,0.1141582191473824,0.0,0.0,0.23747902522628786,0.27748162405837234,0.7300329441657349,0.1051488809534894,0.0,0.4602713024883356,0.0,0.34844973118971023,0.22378315896867745,0.05931488424703385,0.3239222098219599,0.0,0.22266221922941778,0.0,0.30095344454064626,0.207741322676407,0.08507390914901826,0.23420189945151967,0.7905587958187429,0.293741542535375,0.40446476788751984,0.23270261219635552,0.4491230353518017,0.2553652115286397,0.2821834377331214,0.30950323864549617,0.24126436998649617,0.10817363615781428,0.3836370786315237,0.4760064643479249,0.17279166267172347
0.022688538347605737,0.41940728129479693,0.0,0.0,0.0,0.24765607917002738,0.5300625919276006,0.17802850804381443,0.0,0.14376840510058547,0.0,0.18506301676518738,0.44802153463168365,0.1728442232241042,0.0,0.08172560233254829,0.0852883198489847,0.10921317169440464,0.0,0.0,0.10450776212048135,0.0,0.02644894072193631,0.010368396663073527,0.17369777374683268,0.14253693466803496,0.0,0.317360835135634,0.3487487462406344,0.0,0.09460811679915779,0.14332118650730727,0.00660403134334601,0.0,0.03941809044893164,0.3289554324185252,0.48063676098920255,0.06395037324420504,0.12453594146914035,0.07510943386587418,0.05226797027888328,0.1941642852758982,0.29706822702402297,0.28379626429628685,0.1628304522109146,0.0,0.047325598607935296,0.0,0.4458519012716062,0.14864635533674783,0.023257516814094718,0.3577262434964784,0.041386198408737904,0.0,0.1942425112871848,0.0,0.20452637184809072,0.19890052985719123,0.16739996594315476,0.0,0.22602806698385516,0.2019311602821903,0.28664550101720154,0.0,0.002556507905497257,0.12440930980305819,0.0,0.0,0.0,0.20005951863714264,0.0,0.0,0.20709742445552615,0.12296919457144391,0.0,0.19668211743330594
0.0,0.0,0.0,0.0,0.0,0.07855501052268699,0.4190755666975507,0.0,0.7150777078322887,0.25568804489449165,0.5669916250724419,0.06813030339039021,0.12473508122064413,0.14665544740568692,0.04676682936314804,0.0,0.04862314313447892,0.12350548761783803,0.25538855576904607,0.2978398006536868,0.06266392411901124,0.19577846933644424,0.0,0.0,0.047579830731136835,0.0,0.4486974768648708,0.09642962353145877,0.0,0.0,0.0,0.2346533330553747,0.0,0.0,0.0,0.0,0.0,0.0,0.0,0.0,0.0,0.0,0.06618263601307121,0.0,0.0,0.0,0.04042078557271654,0.19887070134300008,0.0,0.6322443528751982,0.07879744449159816,0.14350396503324114,0.06706053212846086,0.7276807465143201,0.0,0.5879689978480002,0.0,0.19988063574603201,0.024338684965511375,0.04945312975394234,0.0,0.0,0.0,0.0,0.0,0.0,0.03840045228008511,0.12170482279235609,0.0,0.0,0.0,0.3939578730647458,0.0,0.0,0.0,0.0
0.0,0.5333982201333352,0.27433534539833737,0.24765607917002738,0.07855501052268699,0.0,0.28510204265619915,0.6925275671296487,0.31818253352265435,0.22563858055048533,0.15396089982026187,0.44437015644036615,0.5463551908462201,0.32238741035757235,0.032576941542026,0.0,0.21132171061774682,0.23904657991981287,0.3368941184669154,0.0,0.09752945632751221,0.0,0.5710020848185602,0.4793765062139293,0.5043797567595361,0.36668932907938434,0.2667116551502637,0.08792094110310875,0.304077536500301,0.0,0.0,0.2171579852185849,0.21240254648018683,0.02293513187496377,0.0,0.2097749583869605,0.0,0.18281577221415007,0.13170328285545968,0.10635719110135393,0.0,0.0,0.33676701037920936,0.0784383266558373,0.0879144267200573,0.0,0.538039310037654,0.252124144831121,0.16745388866826535,0.21509019210994984,0.8205843380658936,0.05900015598312486,0.5809737685320395,0.30582785685932046,0.0,0.2783054239425855,0.43468231732010987,0.37552317576842575,0.0,0.03482976389093648,0.0,0.013423278070470314,0.0,0.2175174173329695,0.0,0.1983363849730678,0.0,0.5237898746193337,0.44971932380446455,0.3415651889874763,0.5290154201133302,0.06611257753237312,0.0,0.16430058595514957,0.0,0.0
0.0,0.33976032388267235,0.0,0.5300625919276006,0.4190755666975507,0.28510204265619915,0.0,0.053921082014555234,0.11452250379244999,0.424735103827496,0.08518051655913413,0.2969979693459592,0.4470751394763034,0.2201863143667226,0.0,0.11371468578831445,0.3029074559771567,0.31624424989400785,0.06044640839203826,0.0,0.1001647903985953,0.0,0.0,0.0,0.32328696143755753,0.15473390822328173,0.03715502928885177,0.2716212919606525,0.3324738884661156,0.0,0.0,0.17448987640201222,0.015970626220474904,0.0,0.0,0.1673247611336194,0.1750778607909743,0.0,0.06068835974022045,0.0,0.0,0.0,0.17949630075041767,0.03066895433767587,0.0,0.0,0.140271555210668,0.0,0.23864880619062892,0.37606109186645076,0.0965725929682793,0.3940053191448786,0.0,0.20887156787649286,0.2825917387793663,0.15811737704622073,0.2962736109259064,0.28126679969067325,0.04931868603217136,0.0,0.053657360681283045,0.17883398445058735,0.11915154401563449,0.0,0.0,0.007748580209675089,0.0,0.0,0.0,0.11614871768317421,0.0,0.0,0.08673475863363347,0.02080190767881771,0.0,0.011237177480415306
0.0429170573183223,0.2584799177793629,0.36933780355816903,0.17802850804381443,0.0,0.6925275671296487,0.053921082014555234,0.0,0.17036044107280174,0.12564912073148893,0.16567876256354708,0.42783785897269344,0.4276788674279389,0.36244887535427894,0.11375414384984281,0.0,0.08412445514904703,0.037381528499090697,0.33376944598605335,0.0,0.22072395467261455,0.0,0.7045330457711861,0.5414085046295509,0.1702266653755092,0.3219224273661909,0.0,0.10122842542554328,0.01876353684272213,0.05158710650715025,0.0800519482696301,0.09956263592622376,0.28648155599435904,0.16533281181004658,0.0,0.2508772062221606,0.0,0.25439454250844085,0.03570254979874413,0.21506242851108526,0.0,0.0,0.3370825741902372,0.10659611103223612,0.25964386280961965,0.019268842142365877,0.17558667844638087,0.2596769048264865,0.2021988951694857,0.0,0.6206192220498622,0.0,0.6163070207575397,0.04039032921281324,0.014067246532115633,0.22042516505624185,0.41771457119504907,0.4241315002943426,0.12251893740361848,0.1314281581528302,0.0,0.0,0.0,0.35201491164830806,0.0,0.29601467958529215,0.0,0.537650260435478,0.5105280256484296,0.09562023664180494,0.47381765946008036,0.0,0.0780419296484385,0.05321330034782587,0.18616415406223602,0.0
0.0,0.0,0.43558913216420225,0.0,0.7150777078322887,0.31818253352265435,0.11452250379244999,0.17036044107280174,0.0,0.29420327558758513,0.600937290183624,0.14561098231933825,0.14407122809027428,0.055363946649317014,0.14933168949221406,0.0,0.18838512104208865,0.23387236573032177,0.4876398258770038,0.3749615036865749,0.05323727722068857,0.2930973863594152,0.3328926888940452,0.198090264606463,0.21163941725487495,0.15812824952642607,0.6358251631801013,0.03258260010180001,0.04514936043652079,0.0,0.0,0.21425300284441284,0.0,0.0,0.0,0.0,0.0,0.0,0.0,0.0,0.0,0.0,0.0,0.0,0.0,0.0,0.2622991155312338,0.5079699960369132,0.0,0.48404555041026937,0.4458999903292881,0.0026225457603405423,0.28792962374881464,0.8152045210508743,0.05324288230840899,0.6871713231907111,0.068509790656698,0.23725760425348627,0.0,0.11907155090959909,0.0,0.0,0.0,0.2401497466056381,0.19391761739462104,0.043662769124045035,0.21164388579008256,0.3782091652694598,0.2165830776350292,0.04322989632915729,0.14664341510968876,0.48809609551441463,0.0,0.15035704526068283,0.06929952131894734,0.0
0.26496577686493855,0.15974758027955865,0.10666759004653857,0.14376840510058547,0.25568804489449165,0.22563858055048533,0.424735103827496,0.12564912073148893,0.29420327558758513,0.0,0.061876727547787266,0.3278470534085915,0.21364996543907225,0.0,0.0,0.23943849295206346,0.4534026340081438,0.45195441769531874,0.0,0.0,0.043463414793044206,0.08730169065363824,0.1607099879736013,0.4091624661402138,0.5166631537425329,0.4840182472934222,0.2583218519318885,0.15086337190135093,0.3276054485817234,0.0,0.0,0.0,0.1713720465017124,0.0,0.0,0.026590616378975862,0.0,0.07570518670550012,0.0,0.19803590742735672,0.0,0.0,0.05469763457119095,0.0,0.02680485351497039,0.06665253998280773,0.21830712864514695,0.17215752149515623,0.11741988320952008,0.26540606092480346,0.20108375164777198,0.20726780674207912,0.10891271110598712,0.2691626063476354,0.5367315626596401,0.24132094540993085,0.28870849112164754,0.19134805702075725,0.0,0.0,0.04656991060357029,0.33891278023634913,0.19866800011250202,0.0,0.0,0.07312298995004267,0.0,0.14003756882661275,0.2678332779120747,0.25531175020966607,0.3662047914882622,0.0,0.021920105637562297,0.22405928792105564,0.042663161024111475,0.04395359905654981
0.0,0.0,0.2644504840602149,0.0,0.5669916250724419,0.15396089982026187,0.08518051655913413,0.16567876256354708,0.600937290183624,0.061876727547787266,0.0,0.04647929866919923,0.13545247864651244,0.23387729631549103,0.18846302916723237,0.03997237882886618,0.12870835233208813,0.10359796449265551,0.46715263851587485,0.17431339277360233,0.18619282581935903,0.1622446314168179,0.1115998205853288,0.0,0.15483419818056932,0.0,0.3616814865879575,0.30749540327257396,0.0,0.06325748922257098,0.0,0.06251697177794407,0.0,0.0,0.0,0.09612709883902636,0.0,0.0,0.0,0.0,0.0,0.0,0.17001768823290433,0.0,0.0,0.0,0.08401413511390975,0.27139994713687665,0.11661770244846434,0.35550822519173453,0.20769482293814048,0.07791852080316877,0.13136708344913978,0.7245011711620669,0.012141121928933631,0.8219722766433554,0.0,0.34823436493920074,0.10932278538464191,0.0,0.0,0.0,0.0,0.23696638219293276,0.0,0.02722299085783713,0.03688311911679587,0.2015794669022443,0.07846948013885774,0.0,0.0,0.4291607146319118,0.2878623175776326,0.0,0.01792959368113547,0.0
0.0,0.18105097656213015,0.03627012602274089,0.18506301676518738,0.06813030339039021,0.44437015644036615,0.2969979693459592,0.42783785897269344,0.14561098231933825,0.3278470534085915,0.04647929866919923,0.0,0.6323048363350997,0.08422806147519599,0.0,0.0,0.31856759881028973,0.22119651202630938,0.004027556508955822,0.0,0.0,0.0,0.1579245439348758,0.515803139966748,0.0,0.6219913359811934,0.0,0.0,0.0,0.0,0.0,0.017771368996300465,0.1803864296927365,0.006867848547874395,0.0,0.10874898431197602,0.0,0.2659394551226901,0.0,0.21894298201071236,0.0983520508580977,0.0,0.21895533326741703,0.034430607387248055,0.1511981704230325,0.0,0.07363347160325005,0.0,0.02441071512458195,0.06814079915557765,0.26315849135255925,0.0369518632169539,0.1792801799567678,0.05985533094082021,0.14842309527075864,0.15642058941637377,0.735103488113093,0.334153672133587,0.0,0.0,0.0,0.16728123559000296,0.0,0.0,0.0,0.0,0.0,0.019798342253193667,0.3358455481700187,0.0,0.3861517259308372,0.0,0.0,0.0,0.0,0.0
0.0,0.5355732246963111,0.0,0.44802153463168365,0.12473508122064413,0.5463551908462201,0.4470751394763034,0.4276788674279389,0.14407122809027428,0.21364996543907225,0.13545247864651244,0.6323048363350997,0.0,0.18684599359785123,0.0,0.0,0.37704461221305713,0.39795249614800693,0.10197006906715059,0.040919447785013066,0.10791023250477474,0.0,0.25660799011881774,0.1810935603490742,0.11493090789337257,0.5509713956094265,0.0,0.44013011339936964,0.08593587598194798,0.0,0.0,0.09498630669134103,0.05210060584278372,0.0,0.0,0.2639524824311122,0.1955755037526607,0.25122435163863266,0.0,0.011304377605121903,0.05417417272941651,0.0,0.2901204285787754,0.04937847366884071,0.18741729325600623,0.0,0.09385237612556468,0.0,0.3621199096176844,0.27260186756069366,0.2994755652901315,0.36195669014550536,0.22637325150375293,0.10005931269585129,0.03731754021881668,0.18954809134447997,0.45420036625010135,0.6053686437365687,0.16842344064897086,0.0,0.0,0.21047105098217797,0.1664176063291191,0.0,0.03686526278384514,0.07946211129194757,0.034361084906691125,0.11717270465345421,0.06325199604063449,0.06910825874595068,0.1790200739997011,0.0,0.23253721299432992,0.0,0.0,0.0
0.0,0.0689312251516197,0.05625342896490698,0.1728442232241042,0.14665544740568692,0.32238741035757235,0.2201863143667226,0.36244887535427894,0.055363946649317014,0.0,0.23387729631549103,0.08422806147519599,0.18684599359785123,0.0,0.0,0.0,0.0,0.0,0.28037178969031046,0.0,0.0,0.0,0.11949355679687497,0.0,0.0,0.0,0.0,0.004501447146639891,0.0,0.0,0.0,0.08939402421641984,0.0010498081426352523,0.10362861422784278,0.013338263319368743,0.2965261339108349,0.03993133839066741,0.06830577314624736,0.017128844026773508,0.0,0.0,0.0,0.06511345144678983,0.0,0.0,0.0,0.0,0.013237861133753817,0.07442421357072164,0.0,0.1851311104376674,0.0,0.182279110909595,0.06391058395186516,0.0,0.18154897201716097,0.15111584976906056,0.14076191321881212,0.49546397765247197,0.08108011853773887,0.0,0.0,0.0,0.1775124884739389,0.0,0.0,0.0,0.11107454578633466,0.010378966447661389,0.0,0.0,0.11300207731284408,0.0,0.0,0.0,0.0
0.2710286245952281,0.0,0.29227791077463583,0.0,0.04676682936314804,0.032576941542026,0.0,0.11375414384984281,0.14933168949221406,0.0,0.18846302916723237,0.0,0.0,0.0,0.0,0.2952789708190995,0.0864797452210156,0.18611558527373978,0.3507709453330717,0.6374450730323025,0.29981442858835305,0.6187244644178013,0.21602025231542352,0.10115411890444208,0.10820879107130442,0.08427323961971378,0.33321986376274304,0.25645136449236616,0.08356158172144225,0.05781534171623538,0.09521970211981436,0.40756671490763124,0.0,0.22493146384338014,0.0,0.049108803416315974,0.0,0.04450719594663045,0.2598556750855319,0.0,0.19593453102206154,0.0,0.0,0.0,0.006542944107478813,0.09977750090465662,0.09654617856859211,0.2856798836864518,0.18709585699712555,0.0,0.05923884491518261,0.0,0.10297742029002334,0.10643880466129105,0.0,0.20953574689564192,0.0,0.08509951795449552,0.0,0.656314674959625,0.14179758544793944,0.040235280561411776,0.10511947248011226,0.3392079171130866,0.43317541360137723,0.2871287865556276,0.42599261394244164,0.1927093955473547,0.08947400444713027,0.0,0.0,0.24759641219817816,0.12961902748519596,0.18354527811716517,0.340101324921193,0.13394152804829085
0.7005940323152077,0.1427048675766009,0.33610807021221095,0.08172560233254829,0.0,0.0,0.11371468578831445,0.0,0.0,0.23943849295206346,0.03997237882886618,0.0,0.0,0.0,0.2952789708190995,0.0,0.4482139730615925,0.600068359629769,0.17445182135260645,0.3047245576807209,0.4577669801679512,0.5595949276128045,0.07559115640010045,0.06127960250651234,0.6105467882306704,0.08177443215643337,0.36921800922967446,0.4627212103109335,0.6711521653349952,0.2018343257601661,0.46771857239803344,0.18938642709872025,0.10371230765794716,0.043835168422240084,0.0,0.0,0.0,0.0,0.08212898494425548,0.0,0.0,0.03526519323752505,0.0,0.0,0.0,0.47917317859547914,0.2967113969788531,0.32262177231309624,0.2405470195981758,0.10428759763538131,0.05867147023622815,0.05231209307579837,0.0,0.05853928204138841,0.15924747220546953,0.05042334579566675,0.0,0.07599531797508766,0.0,0.28105304797042363,0.6397314153262682,0.16598942392790034,0.5145497354097004,0.24222215943770203,0.22073216795385267,0.47909185808347127,0.3735111869989628,0.13680981900451863,0.0,0.3472396732157479,0.09609267401215255,0.03593485067619866,0.36189205750623643,0.46394956105542845,0.2805730032411272,0.41978114785929405
0.2904947803888982,0.19689704853813628,0.3538201160235532,0.0852883198489847,0.04862314313447892,0.21132171061774682,0.3029074559771567,0.08412445514904703,0.18838512104208865,0.4534026340081438,0.12870835233208813,0.31856759881028973,0.37704461221305713,0.0,0.0864797452210156,0.4482139730615925,0.0,0.7922727300014739,0.23745324503141116,0.14721160991048854,0.11418525323540385,0.2694716215608501,0.14918938828097777,0.25586932867375317,0.42233163879267127,0.4739368751518583,0.1866958416918571,0.3999259615481808,0.3720427692399592,0.22736283151447614,0.10673910121306068,0.0614219056869087,0.12148190669621277,0.0,0.0,0.0,0.0,0.0,0.0,0.20854476884599885,0.08934559346600034,0.0,0.15841676874114366,0.007833343059921966,0.013343107037960785,0.09821230686508454,0.3105507933146152,0.33136918396951615,0.24808052541113348,0.1682799927153142,0.23435765383042426,0.09855286941765996,0.06303639914834298,0.12188684308527274,0.34094608724152775,0.19004509942754177,0.08960232198427807,0.3864160623146643,0.0,0.07123835974434733,0.36297637673479616,0.4887068743892083,0.5292529329752023,0.2134614929847388,0.12261844602352594,0.1715006441054721,0.25611935624591964,0.04871429231266263,0.10586195474175152,0.2639057569854304,0.31141096089641107,0.0,0.30844755132146345,0.29988459255394084,0.24672992170846422,0.26575381887893457
0.36272170846801516,0.4468106484155974,0.35586094914989863,0.10921317169440464,0.12350548761783803,0.23904657991981287,0.31624424989400785,0.037381528499090697,0.23387236573032177,0.45195441769531874,0.10359796449265551,0.22119651202630938,0.39795249614800693,0.0,0.18611558527373978,0.600068359629769,0.7922727300014739,0.0,0.2521048073571588,0.23030591709795378,0.09961919127711798,0.4517412457348893,0.12074561629443804,0.12968294674646078,0.5635454736749311,0.5716987732389149,0.26631105949587647,0.4055037469397989,0.5043672794433752,0.15013072246348283,0.1615660696374467,0.21157938668054896,0.15827192229038625,0.0,0.0,0.0,0.0,0.0,0.0,0.09610896305311348,0.09561246077564996,0.0,0.08013067147295193,0.0,0.0,0.05628260469871295,0.33600314009790244,0.3016724166804911,0.30851435101244096,0.3112439855218432,0.18649555521783687,0.2005481573131529,0.0,0.17942314420874195,0.21853470298870412,0.1482875015816222,0.0,0.22330957281390712,0.0,0.11694000758100209,0.4522385794769134,0.3696344600720147,0.6187226752550207,0.1427996891007845,0.16317041431566265,0.15360053694998693,0.3317569556966709,0.00396440162329821,0.0,0.28518964174752526,0.14750305808129272,0.0,0.21085472914471287,0.2847573652528591,0.21034094391038227,0.2466606058585871
0.10586315799619309,0.11331255868313093,0.7831476337572404,0.0,0.25538855576904607,0.3368941184669154,0.06044640839203826,0.33376944598605335,0.4876398258770038,0.0,0.46715263851587485,0.004027556508955822,0.10197006906715059,0.28037178969031046,0.3507709453330717,0.17445182135260645,0.23745324503141116,0.2521048073571588,0.0,0.31957342121419463,0.16063967025908849,0.2579242634181703,0.3632044567513898,0.16914613582725355,0.272790560341824,0.06029685845946198,0.30767631406561774,0.1957198273760232,0.1271075708950126,0.08867299962748991,0.054786912763726214,0.4930745880592736,0.1827962779420705,0.1982988128112225,0.0,0.14203865277209202,0.0,0.05140338747400358,0.23045548194466772,0.024539935845523327,0.05554707360237142,0.0,0.23518558508454313,0.0,0.0,0.0,0.24442474929548938,0.5704732708410009,0.15170334600109817,0.12224441362342446,0.34743726476658676,0.0,0.24349785704412924,0.30764725988697417,0.0,0.47957491714617806,0.0,0.24384364716833395,0.08329795485752185,0.24809629213731266,0.027147531213043016,0.0,0.029103781529889523,0.8162786895891402,0.19649197969691623,0.2416544496053577,0.23015933450247622,0.29187614495689235,0.19048078007479724,0.10929411435205705,0.10128553284111035,0.24050487180948601,0.1412292766323856,0.14855411983799635,0.297328691021057,0.039405967541593735
0.24715079642343926,0.0,0.286274399505676,0.0,0.2978398006536868,0.0,0.0,0.0,0.3749615036865749,0.0,0.17431339277360233,0.0,0.040919447785013066,0.0,0.6374450730323025,0.3047245576807209,0.14721160991048854,0.23030591709795378,0.31957342121419463,0.0,0.08652896594229963,0.8175039413598867,0.1083674924337941,0.0,0.0,0.07782814864799073,0.46324876902171824,0.32414162050143674,0.22861089784055885,0.3078603258038895,0.1971581396492983,0.226953956124928,0.0,0.1339530003380196,0.0,0.029394910920440914,0.0,0.0,0.0,0.0,0.03531109828299685,0.0,0.0,0.0,0.0,0.07412685548349651,0.0,0.36973367531324985,0.04128783059908686,0.16863357508016769,0.0,0.0,0.0,0.13538247852447036,0.0,0.20553646740050452,0.0,0.16348855060824544,0.0,0.5615862444228475,0.10711097571525116,0.05691341028898983,0.14084426694743696,0.26420251315871124,0.6248069354403886,0.17959709346136787,0.6303424945889782,0.08532283035821164,0.0,0.0,0.0,0.3344678769727861,0.1492526231287711,0.22770191143477958,0.4138381962589151,0.08655063947056515
0.35648365429218887,0.0,0.16537675284216238,0.10450776212048135,0.06266392411901124,0.09752945632751221,0.1001647903985953,0.22072395467261455,0.05323727722068857,0.043463414793044206,0.18619282581935903,0.0,0.10791023250477474,0.0,0.29981442858835305,0.4577669801679512,0.11418525323540385,0.09961919127711798,0.16063967025908849,0.08652896594229963,0.0,0.18490086580843032,0.36885658372927604,0.19798309909143633,0.3154290840863213,0.0,0.17067653559779747,0.5108222332168031,0.21798077858984002,0.0,0.3013518729216286,0.19269907902449296,0.1364859598657538,0.04543615999225939,0.024535912966983167,0.019787633081577084,0.0,0.0,0.18336433685395478,0.0,0.0,0.0,0.16732891334692743,0.01988556085467028,0.04364786055860865,0.35525955856181024,0.19687279319616244,0.2542075082033984,0.2714559925222915,0.0,0.209588941853809,0.06802066475596828,0.3893390251940914,0.18052078130522264,0.08682477233560146,0.21918766335965775,0.0,0.39555818989876507,0.0,0.15657763413022815,0.23891092894527768,0.0,0.13285302936401253,0.20992461634639967,0.0,0.6799991368061336,0.07467703603657745,0.47080295581888537,0.26396139917983663,0.07645444399257761,0.19210073143760487,0.0,0.46694738344552505,0.2590004274133329,0.21565400093173986,0.17448754541955172
0.44616738009042073,0.10205640655931954,0.2836760881977714,0.0,0.19577846933644424,0.0,0.0,0.0,0.2930973863594152,0.08730169065363824,0.1622446314168179,0.0,0.0,0.0,0.6187244644178013,0.5595949276128045,0.2694716215608501,0.4517412457348893,0.2579242634181703,0.8175039413598867,0.18490086580843032,0.0,0.04833326433543639,0.04152522192057635,0.19631539943847046,0.16460032058114063,0.4546198166133599,0.33934385675847084,0.42314923985993974,0.2723613221670224,0.21204600540693047,0.3013990685543677,0.0,0.12486481433710137,0.0,0.0,0.0,0.0,0.0,0.0,0.0,0.0,0.0,0.0,0.0,0.20210719404503694,0.0937734337763528,0.35044190840495526,0.17780890232537036,0.1814371598592164,0.0,0.0,0.0,0.14129131223599956,0.0,0.20423218126018322,0.0,0.051545180779303444,0.0,0.5216224523389698,0.28131650154473486,0.12459512975395637,0.2817836018367933,0.20661977652850977,0.5562329564120281,0.23815125854737518,0.6572657914851894,0.0,0.0,0.0,0.0,0.2927565280822229,0.1872944745354909,0.2805148312952131,0.34434679306114957,0.1617577698854644
0.23594877736490671,0.07678688178387688,0.5552542459446149,0.02644894072193631,0.0,0.5710020848185602,0.0,0.7045330457711861,0.3328926888940452,0.1607099879736013,0.1115998205853288,0.1579245439348758,0.25660799011881774,0.11949355679687497,0.21602025231542352,0.07559115640010045,0.14918938828097777,0.12074561629443804,0.3632044567513898,0.1083674924337941,0.36885658372927604,0.04833326433543639,0.0,0.4323118647519027,0.33170307657946874,0.2215423295008269,0.35949757091335655,0.07603163118822412,0.2523665393655006,0.0,0.07870094908078668,0.038945889639840366,0.1494985733176296,0.0,0.0,0.12641912979339298,0.0,0.07656365155933273,0.07289765744523896,0.043654437275168115,0.0,0.0,0.14704006629185065,0.015828490915263477,0.15066486219662475,0.08182676312845943,0.301956287961883,0.5660883311064321,0.11605663396466949,0.07362042345341821,0.7972461537227211,0.0,0.8213400500565753,0.20252114191254664,0.0,0.18821904852471824,0.09685302549971005,0.4423614347847171,0.0,0.2714738464339725,0.0,0.0,0.05229678823913254,0.36194073974367236,0.13979280163739996,0.5243323515105264,0.03622484685550373,0.8926367564265375,0.44363564608570105,0.23453048109481578,0.5215505140071917,0.23408109361496662,0.07189007792196027,0.5373500390488514,0.3076097593511934,0.0
0.280191223399601,0.051935267702745105,0.27588076969738834,0.010368396663073527,0.0,0.4793765062139293,0.0,0.5414085046295509,0.198090264606463,0.4091624661402138,0.0,0.515803139966748,0.1810935603490742,0.0,0.10115411890444208,0.06127960250651234,0.25586932867375317,0.12968294674646078,0.16914613582725355,0.0,0.19798309909143633,0.04152522192057635,0.4323118647519027,0.0,0.3055746160044877,0.47225375479923554,0.21813960311989583,0.0,0.10213747937701557,0.0,0.0,0.06651253692944539,0.31519759337404313,0.044245612448992944,0.0,0.0,0.0,0.20060772520812567,0.108040007976182,0.20923984932820003,0.01630540134299455,0.0,0.21702666267041026,0.0,0.2342267447724489,0.21412636124940648,0.35245229010739415,0.26281466420359834,0.0,0.0,0.5128246779723972,0.0,0.5270347190824056,0.13630858651531236,0.0871998707418015,0.19126184764772985,0.4148339758099835,0.23380853624670977,0.0,0.06483940751424698,0.0,0.0,0.0,0.23930430176735581,0.0,0.31816494927713196,0.0,0.44950930033210607,0.7664706415685366,0.07606165666300513,0.7283021875121395,0.0,0.0,0.0941291956778862,0.14136411846551747,0.0
0.4608250463332104,0.5351724266590886,0.3326041840453912,0.17369777374683268,0.047579830731136835,0.5043797567595361,0.32328696143755753,0.1702266653755092,0.21163941725487495,0.5166631537425329,0.15483419818056932,0.0,0.11493090789337257,0.0,0.10820879107130442,0.6105467882306704,0.42233163879267127,0.5635454736749311,0.272790560341824,0.0,0.3154290840863213,0.19631539943847046,0.33170307657946874,0.3055746160044877,0.0,0.34076075824406277,0.3609550304146026,0.3043670027492668,0.7181076626716834,0.0,0.06597418787341254,0.2058697449461606,0.23269566046224657,0.0,0.0,0.0,0.0,0.0,0.14389954682898662,0.1479477824180507,0.02837626858981954,0.0,0.1593476344429545,0.02414228338812588,0.0,0.20934577396958817,0.6106304258445324,0.2942186901883586,0.2296115174568446,0.29174576511651357,0.4883935742074699,0.1780159090049967,0.2235328781018687,0.34971286565942417,0.23786324640217898,0.25617569899376263,0.0,0.13079501821330555,0.0,0.0611802532774959,0.39645979645848917,0.10427670692288495,0.27920838211781696,0.21597125064101197,0.0,0.3516860991117347,0.12862668127300178,0.3224849361286713,0.21182258168441756,0.6716470545656715,0.4699541229798648,0.0,0.15786597337676622,0.428031811090843,0.0986751528805597,0.16568392177998528
0.29890368493948066,0.4641167452271695,0.19021923205831118,0.14253693466803496,0.0,0.36668932907938434,0.15473390822328173,0.3219224273661909,0.15812824952642607,0.4840182472934222,0.0,0.6219913359811934,0.5509713956094265,0.0,0.08427323961971378,0.08177443215643337,0.4739368751518583,0.5716987732389149,0.06029685845946198,0.07782814864799073,0.0,0.16460032058114063,0.2215423295008269,0.47225375479923554,0.34076075824406277,0.0,0.05513105391764477,0.09305066047066753,0.23600808199692322,0.06175509688578673,0.0,0.08970057121595196,0.2903300646906633,0.087382893701987,0.0,0.0,0.06220033322394663,0.21569498913273824,0.039602128504883725,0.33163980939642534,0.2882495726957318,0.015560005782932568,0.0,0.0,0.10532034785807329,0.08606367734826156,0.18145561345041916,0.0,0.04987856083016482,0.12301359631262808,0.18494172044357193,0.04634316455700867,0.0,0.04863039907845334,0.13133283242258992,0.03536272717560924,0.4321571239797613,0.12570591724186067,0.0,0.0,0.12501809253973464,0.17077436591090037,0.3182496754222776,0.0,0.07999911442314411,0.0,0.14478192462352263,0.0,0.13891302912277986,0.24371099266410354,0.49892539859838836,0.0,0.0,0.0,0.12902908889927658,0.08596295232563564
0.21813105063587948,0.0,0.41656760556081157,0.0,0.4486974768648708,0.2667116551502637,0.03715502928885177,0.0,0.6358251631801013,0.2583218519318885,0.3616814865879575,0.0,0.0,0.0,0.33321986376274304,0.36921800922967446,0.1866958416918571,0.26631105949587647,0.30767631406561774,0.46324876902171824,0.17067653559779747,0.4546198166133599,0.35949757091335655,0.21813960311989583,0.3609550304146026,0.05513105391764477,0.0,0.05768065236352677,0.32016858685712635,0.0,0.0,0.1865102414651288,0.0,0.0,0.0,0.0,0.0,0.0,0.0397751380667889,0.0,0.0,0.0,0.0,0.0,0.0,0.06067528288266793,0.3760267034856096,0.6315205896646053,0.0,0.3444581050130382,0.4707847271388817,0.0,0.3073977397961526,0.5984676675579593,0.0,0.47496013456212327,0.0,0.11171761417032679,0.0,0.21719366366631657,0.08394134781878111,0.056744733609689096,0.04834412471533551,0.1965535002565111,0.2894867196340332,0.23502863048782044,0.3270906935098576,0.4896527117744023,0.25783848926768077,0.14084410931593766,0.21785199727054283,0.665533862674103,0.0,0.43925893897330115,0.20923481684751946,0.0
0.2941270521031904,0.2248201949055761,0.11538199933680861,0.317360835135634,0.09642962353145877,0.08792094110310875,0.2716212919606525,0.10122842542554328,0.03258260010180001,0.15086337190135093,0.30749540327257396,0.0,0.44013011339936964,0.004501447146639891,0.25645136449236616,0.4627212103109335,0.3999259615481808,0.4055037469397989,0.1957198273760232,0.32414162050143674,0.5108222332168031,0.33934385675847084,0.07603163118822412,0.0,0.3043670027492668,0.09305066047066753,0.05768065236352677,0.0,0.31461987945016784,0.3517176014790893,0.4530245860253131,0.0526652442208846,0.0,0.020515249780371395,0.0,0.20713075667956468,0.14631926659178257,0.0,0.0,0.0,0.0032645653292955575,0.0,0.2799560742845581,0.11452492130331893,0.09783012739554918,0.23277706342978424,0.07227781266977626,0.18879309873823083,0.5489840704363441,0.21356592887034428,0.04804637026328262,0.23987266272180993,0.08538449739506959,0.07259098407541682,0.17327150272834035,0.2617484847289322,0.0,0.5869780751173076,0.04809435643997592,0.10426215846470577,0.3660374203440321,0.13991864482322683,0.35532175578821024,0.202622679565287,0.21386166800349393,0.4487387497342013,0.2861543662280022,0.12923114360844282,0.019124670518089425,0.12162395914682997,0.056915261706933645,0.0,0.8017163808823425,0.2543858831736369,0.36349040287233336,0.36150540937300696
0.5311880805789075,0.3819865386411364,0.25870809341160345,0.3487487462406344,0.0,0.304077536500301,0.3324738884661156,0.01876353684272213,0.04514936043652079,0.3276054485817234,0.0,0.0,0.08593587598194798,0.0,0.08356158172144225,0.6711521653349952,0.3720427692399592,0.5043672794433752,0.1271075708950126,0.22861089784055885,0.21798077858984002,0.42314923985993974,0.2523665393655006,0.10213747937701557,0.7181076626716834,0.23600808199692322,0.32016858685712635,0.31461987945016784,0.0,0.06623195127752496,0.18358114259933478,0.11994532110006516,0.13179971669852952,0.0,0.0,0.005166642340289406,0.24496409615721534,0.0,0.048529071312548945,0.10178971898941068,0.0,0.060384222719443825,0.015669100763995917,0.19217118459233742,0.025865396402433717,0.2593092921029784,0.3879568109999931,0.2354240815998864,0.3067903557239728,0.2540355822787284,0.2713494986051216,0.22802875232160483,0.08734023915917047,0.0,0.20166372326853513,0.0,0.0,0.0,0.0,0.1738571653128672,0.5051618861023552,0.19368038605355944,0.4521262588348558,0.11709339818008258,0.238141194089685,0.41895933665550333,0.2871440734567454,0.1828135225219424,0.0,0.5771507920278474,0.23410329494922058,0.01520188970414095,0.15684876344664897,0.5952542781895033,0.16510637296444855,0.2844328060607496
0.29591763346822064,0.0,0.28596583366329864,0.0,0.0,0.0,0.0,0.05158710650715025,0.0,0.0,0.06325748922257098,0.0,0.0,0.0,0.05781534171623538,0.2018343257601661,0.22736283151447614,0.15013072246348283,0.08867299962748991,0.3078603258038895,0.0,0.2723613221670224,0.0,0.0,0.0,0.06175509688578673,0.0,0.3517176014790893,0.06623195127752496,0.0,0.497159790037915,0.0,0.0,0.22116647187791308,0.0,0.13493065332687543,0.10714938334434518,0.06734040776148204,0.0,0.18381237321010424,0.15542112708963476,0.05141915051348826,0.04418639295389193,0.14479392644128325,0.04232814529108537,0.2965537147494375,0.0,0.14424061297027893,0.2498191529126884,0.0,0.0,0.0,0.0,0.0,0.1399625706295499,0.0,0.0,0.13848617707844565,0.06207088887019201,0.17907349556112293,0.164325949695293,0.13092437683340089,0.19511174934145428,0.22347609816100888,0.3133769113514499,0.16017290381803925,0.2610064080599144,0.0,0.0,0.0977569520019582,0.0,0.0,0.4043903246872912,0.09898895877421601,0.4496565901990163,0.28785180240516167
0.5015529967449687,0.0,0.23881051802239403,0.09460811679915779,0.0,0.0,0.0,0.0800519482696301,0.0,0.0,0.0,0.0,0.0,0.0,0.09521970211981436,0.46771857239803344,0.10673910121306068,0.1615660696374467,0.054786912763726214,0.1971581396492983,0.3013518729216286,0.21204600540693047,0.07870094908078668,0.0,0.06597418787341254,0.0,0.0,0.4530245860253131,0.18358114259933478,0.497159790037915,0.0,0.0,0.07403632498521247,0.2980754168729255,0.06221423091353106,0.05101021916136361,0.14083738146339428,0.0,0.0,0.11371042825531048,0.06162112220968064,0.16538849025071695,0.0,0.13017011412459487,0.0,0.5309072020495599,0.0,0.07489556914938984,0.2766574287475634,0.0,0.0,0.0,0.05607796979973346,0.0,0.20450416403710794,0.0,0.0,0.15802502723213094,0.040757755937855814,0.16316021008284917,0.32803613714967483,0.0,0.34094590443865336,0.2648507672681151,0.1943852293683606,0.4056530245469772,0.2012601317894984,0.03691626042793109,0.0,0.20528736675222278,0.08662961775124557,0.0,0.39734432204536524,0.22638754622435858,0.3638399499823404,0.4037899595793478
0.09653986610726044,0.30392781762648,0.3022466396379419,0.14332118650730727,0.2346533330553747,0.2171579852185849,0.17448987640201222,0.09956263592622376,0.21425300284441284,0.0,0.06251697177794407,0.017771368996300465,0.09498630669134103,0.08939402421641984,0.40756671490763124,0.18938642709872025,0.0614219056869087,0.21157938668054896,0.4930745880592736,0.226953956124928,0.19269907902449296,0.3013990685543677,0.038945889639840366,0.06651253692944539,0.2058697449461606,0.08970057121595196,0.1865102414651288,0.0526652442208846,0.11994532110006516,0.0,0.0,0.0,0.021548819389789652,0.11666996504231414,0.0,0.0,0.0,0.042356506793982264,0.6790464229489526,0.05979795258006692,0.15025114252572333,0.0015654968520883632,0.1555010368272646,0.0,0.0,0.022168638774024,0.324204080452202,0.20789922770439723,0.0,0.0,0.033310720844938996,0.0,0.0,0.22619512207088877,0.0,0.15656261183168588,0.0,0.0,0.0,0.2775217625768639,0.20003084706934027,0.0,0.08284092595571572,0.3931955044393892,0.07830819424418661,0.09337766210013457,0.3170020259034168,0.0,0.060203440058750946,0.029032853679174297,0.0,0.0,0.0,0.0,0.13796294769690456,0.15578901250284002
0.23721004516445462,0.14153646100738387,0.21052504509406755,0.00660403134334601,0.0,0.21240254648018683,0.015970626220474904,0.28648155599435904,0.0,0.1713720465017124,0.0,0.1803864296927365,0.05210060584278372,0.0010498081426352523,0.0,0.10371230765794716,0.12148190669621277,0.15827192229038625,0.1827962779420705,0.0,0.1364859598657538,0.0,0.1494985733176296,0.31519759337404313,0.23269566046224657,0.2903300646906633,0.0,0.0,0.13179971669852952,0.0,0.07403632498521247,0.021548819389789652,0.0,0.4935642859762045,0.0,0.0,0.008169503510749793,0.1307711957046981,0.016830531107645492,0.5455297168352777,0.1110496836590481,0.008775369785279579,0.02350589023525773,0.0,0.06117235894177732,0.11207946779764233,0.07741839020977274,0.038354873659917806,0.09106837239955623,0.0,0.13584380432288382,0.0,0.1646148755623362,0.0,0.1755846937348302,0.07302563154481911,0.20166696157034245,0.0,0.0,0.0,0.0,0.0,0.059390079850037025,0.26638668857001324,0.0,0.20588744283620994,0.0,0.05274742429915797,0.22975621824856418,0.17339444688909328,0.243521816325199,0.0,0.0,0.0,0.0,0.0
0.19158507476843223,0.040846921778728465,0.1879443428955372,0.0,0.0,0.02293513187496377,0.0,0.16533281181004658,0.0,0.0,0.0,0.006867848547874395,0.0,0.10362861422784278,0.22493146384338014,0.043835168422240084,0.0,0.0,0.1982988128112225,0.1339530003380196,0.04543615999225939,0.12486481433710137,0.0,0.044245612448992944,0.0,0.087382893701987,0.0,0.020515249780371395,0.0,0.22116647187791308,0.2980754168729255,0.11666996504231414,0.4935642859762045,0.0,0.1658598112432861,0.0771406425944094,0.035370606109576555,0.154940217321418,0.018060725129796434,0.3142249510558586,0.32506458936981897,0.06889389787574533,0.0,0.00812791563952322,0.03529625253344884,0.12161676331007898,0.0,0.0,0.03908671606499761,0.0,0.0,0.0,0.0,0.0,0.0,0.06604177709745288,0.10848507834806388,0.0,0.0,0.2222793541179957,0.0,0.0,0.0,0.3081251471752847,0.0,0.07199093130416742,0.0,0.0,0.0,0.0,0.0,0.0,0.0,0.0,0.0,0.0
0.06669650765613098,0.0,0.0,0.03941809044893164,0.0,0.0,0.0,0.0,0.0,0.0,0.0,0.0,0.0,0.013338263319368743,0.0,0.0,0.0,0.0,0.0,0.0,0.024535912966983167,0.0,0.0,0.0,0.0,0.0,0.0,0.0,0.0,0.0,0.06221423091353106,0.0,0.0,0.1658598112432861,0.0,0.036857784847571774,0.1082959736304011,0.14137656123167136,0.1038990171003784,0.022931596577048668,0.18749562446135007,0.3519807827105607,0.0,0.0,0.0,0.11332679876902924,0.0,0.0,0.0,0.0,0.0,0.011516307667526888,0.0,0.0,0.037071751682818184,0.0,0.0,0.0,0.06778312739113389,0.0,0.11387556901293809,0.0,0.04468207983476478,0.0,0.0855810555615097,0.0,0.0,0.0,0.0,0.0,0.0,0.0,0.0,0.0,0.0,0.1781580937829252
0.0,0.14550100250149242,0.09235516240420591,0.3289554324185252,0.0,0.2097749583869605,0.1673247611336194,0.2508772062221606,0.0,0.026590616378975862,0.09612709883902636,0.10874898431197602,0.2639524824311122,0.2965261339108349,0.049108803416315974,0.0,0.0,0.0,0.14203865277209202,0.029394910920440914,0.019787633081577084,0.0,0.12641912979339298,0.0,0.0,0.0,0.0,0.20713075667956468,0.005166642340289406,0.13493065332687543,0.05101021916136361,0.0,0.0,0.0771406425944094,0.036857784847571774,0.0,0.1993943623370309,0.10654738143383102,0.0,0.020245997260588795,0.016077907855652496,0.04678819863517305,0.38688722236222434,0.1466124032926187,0.03229703501801356,0.0,0.0,0.10962068207857936,0.3397194048400521,0.02883228810377282,0.0920329969016163,0.15400888595882758,0.1507166810877191,0.0,0.032260736478674154,0.07310211257494394,0.22191497039508787,0.23263501969813458,0.3714614634704322,0.08080715431334225,0.0,0.05464327760180888,0.0,0.16923893647403707,0.0,0.005607623457912372,0.0,0.1255924335216975,0.014392770561746546,0.0,0.0,0.0,0.17983917085503026,0.06692210171513946,0.03504074550370951,0.017205447238892238
