0.0,0.2133789281669543,0.47964515285236586,0.4508516817415965,0.0892871532148841,0.06683185603666895,0.06072386674699459,0.27894216081679674,0.17809044807038504,0.2779560744266568,0.0890063605097384,0.140239076147492,0.26435973094171433,0.0,0.6825313619155058,0.394054242361421,0.0,0.2110002364348447,0.5772949038437799,0.6515650655689763,0.7440758293789389,0.6390353662958339,0.31585885641969447,0.17160747895136305,0.36411173302876265,0.35309753551342543,0.290263610012974,0.4981856846097118,0.19732393518577104,0.3957034525952764,0.4738637173517456,0.38025114064634485,0.20976361337600033,0.2993313182524104,0.0,0.42749422543597365,0.37204865073269244,0.0,0.2878159815235211,0.21435747035412914,0.16898421067371452,0.0,0.20201807289629214,0.04257912035674642,0.0,0.6982542761550999,0.39058983514341394,0.5979279159149334,0.27696086917398627,0.18465832941531174,0.35351680121392576,0.2203570145405841,0.397967980709895,0.4027864045915861,0.14730409248957727,0.324575275503935,0.0,0.3008476214822529,0.23426298689848507,0.6954555756570338,0.3410930427200565,0.0403724345514209,0.24805081101803148,0.6499736726158074,0.6419054620224037,0.6451882891838693,0.6855065146980097,0.5078197938656392,0.13403881762849632,0.20736036285870837,0.42395785373875017,0.43204939036263046,0.6848437818416442,0.4667471731114804,0.25385602862864837,0.1707642528784974
0.2133789281669543,0.0,0.4773944461693133,0.1728493756335074,0.433711333156176,0.8144155321452509,0.4754346712688673,0.6247819307214216,0.407300646585251,0.5873618551023595,0.2690808968229339,0.5486605200115183,0.8139973541817621,0.21644997157849521,0.38304983620071287,0.043053712893222865,0.17859356108587426,0.16235092820310323,0.4863903836290849,0.341019081707165,0.3782226408207061,0.28541444777635516,0.6549547243767619,0.2693553611850218,0.49997015488602636,0.8008472251315167,0.3603165730357255,0.5958079725228792,0.3038252688704201,0.33287090174922274,0.18824886145490774,0.40373602887815924,0.3518681575797504,0.2306048898592565,0.0,0.36568085147062246,0.025592937287670394,0.0,0.21132519085434584,0.38270128212933896,0.0,0.0,0.24163036813328953,0.0,0.2764302609529164,0.11903439201798417,0.597965972676292,0.504488212353494,0.22272428222199006,0.4034829495262209,0.5966026974886287,0.4497944040840047,0.4672659266755276,0.4085255241978973,0.24156025887104232,0.5013809319858563,0.3761371569416936,0.6271466958589871,0.4620549759888005,0.3040181128580343,0.0,0.5389883659563167,0.2024817481801374,0.3930402013617494,0.3102494697254277,0.28436384184791674,0.3352535322453665,0.5016056564418552,0.03454641567878572,0.0,0.3968493565933432,0.2934439183482827,0.41945635290622685,0.08613294391753297,0.11369850794424463,0.0
0.47964515285236586,0.4773944461693133,0.0,0.41536520110539416,0.3183304671191188,0.478885543127153,0.27720894172007404,0.5502229927064116,0.4561777301860832,0.3252532172584441,0.29696590465278067,0.26376499659530145,0.5338510663543898,0.0,0.6380493285797167,0.15330038847064953,0.0,0.024207726025067714,0.7457324385310954,0.6802417617008463,0.6708665146593144,0.5471278660801994,0.5876346978752349,0.1412555949547562,0.31823298395557725,0.4993506576109847,0.47416961143130687,0.5705908072216234,0.27932126958718245,0.41001925110433585,0.3106904978227829,0.5137125260241372,0.2643637872227409,0.19999871617615916,0.0,0.3667740860008693,0.267770603175763,0.0,0.3377087723464598,0.34830786789366946,0.0531858754015736,0.0,0.26762611638465356,0.16622211273593676,0.014184392973581253,0.2115887082782279,0.6435694581293513,0.752619770080994,0.2397668200190475,0.409462105281838,0.6868485573307842,0.5329742588570283,0.5512893340226525,0.5401481693455586,0.30528527256584087,0.5287058619474135,0.11995348803945674,0.5984595272216692,0.3882992845396267,0.6092350807194342,0.13728645655975982,0.24871536049739892,0.23742418817508962,0.6656746271008166,0.7317182300647295,0.6016216702212488,0.7329860954159798,0.6426044945095563,0.0,0.2200086107881881,0.42743153968642633,0.5963711031732444,0.5516994708461933,0.5788960945410307,0.15519993644149696,0.0
0.4508516817415965,0.1728493756335074,0.41536520110539416,0.0,0.20983135554148963,0.022244398457875025,0.39413460478273477,0.41541260038472355,0.1392057373427109,0.3788659724838211,0.0,0.06893929637080459,0.45138104580564,0.0,0.6706529726104883,0.4122768813692235,0.0,0.0,0.5141809149038916,0.6316245294837628,0.5794789995144538,0.549126834318882,0.3497757229222385,0.0,0.16661525623164936,0.13381608223825284,0.41383789735031207,0.7165107111555012,0.23230748680296415,0.6958423225959227,0.6068585546689047,0.45401647262020284,0.059009614425355524,0.4563015244169972,0.0,0.5137232675908906,0.48679045843029606,0.0,0.011971859521371453,0.22590696249333864,0.0,0.0,0.0,0.0,0.0,0.19816931666433985,0.5027493786697492,0.6657362186790206,0.6401597785009742,0.46817935507693026,0.35658118814928397,0.6014171593249995,0.48834169348876677,0.6384310854467606,0.12704945772284174,0.5563855925561344,0.0,0.42374596652156493,0.35802954470611853,0.6547750400844732,0.0,0.1591012921881901,0.1249568852080618,0.5158496913050171,0.6421011520454537,0.6867794447146696,0.626542664173527,0.5332137415379502,0.0,0.0,0.0,0.5772035902462923,0.4975094490501142,0.5518669167900625,0.0,0.0
0.0892871532148841,0.433711333156176,0.3183304671191188,0.20983135554148963,0.0,0.6112946460752435,0.7574879364684736,0.39678657191817535,0.8089342699523306,0.2682066575565833,0.5437121543552494,0.28794209180111446,0.5053627564686622,0.5138198086137438,0.37429615316811826,0.18568380732925116,0.130701199995981,0.29337081031647494,0.3936124536516125,0.2995990826541019,0.270264911574396,0.19167947758054038,0.32424641551309985,0.06004726358559608,0.3858173283195309,0.47278503049857523,0.6839983251785254,0.28686949705832593,0.4015218867013876,0.08696709450686713,0.16299586701876972,0.2535427515118882,0.45385853218205224,0.28561468821048797,0.11603448606649241,0.259707188807275,0.05534700554038861,0.011574210738957534,0.17522944454345515,0.4508821048581695,0.0552082395417492,0.0,0.10961685358878201,0.0,0.2309981736440852,0.16966210094333814,0.341164492927015,0.4597454076439271,0.0945330310375762,0.6812634787227714,0.48064955005571186,0.622759339092742,0.30452039100440065,0.6760905473043641,0.34843283443872297,0.31276650486746405,0.127861137665206,0.5740668008855209,0.3059633112723705,0.31794163169525247,0.0990519479419421,0.2699091565703961,0.26768067439528215,0.3022460001763444,0.4153968084202058,0.3459658456159615,0.38768715784027336,0.2772333624447168,0.0,0.08986982176098612,0.20625643998185395,0.6293759087224229,0.3558936948978525,0.41702611171088516,0.12120514767345623,0.0
0.06683185603666895,0.8144155321452509,0.478885543127153,0.022244398457875025,0.6112946460752435,0.0,0.3728429778819866,0.6998736219214661,0.5749820346210446,0.43617087183349623,0.3980995697126164,0.6866593251832264,0.6630183148067498,0.4885144008611548,0.3006834872342307,0.0,0.24418607482599283,0.029235223489864355,0.4349427451401902,0.18685049577515972,0.3782605760215034,0.0,0.7876674334192041,0.526344838155203,0.29673664774156083,0.8699986269337807,0.40845929562913125,0.3474657729896715,0.14406445885331642,0.00854815872235468,0.0,0.31823265190073885,0.4920582538125377,0.23506477769723066,0.0,0.3794223440225689,0.0,0.17451835998766443,0.26432176218053083,0.5278475497460894,0.0,0.0,0.3916912309753346,0.0,0.3029977531177676,0.0,0.5573849826612091,0.4307312191261362,0.12640704073778242,0.5795037656438832,0.7480981801982662,0.48874444556845886,0.58187120158623,0.4809403515629692,0.3360022254839253,0.4282652201713922,0.6069653442081434,0.7442822239528704,0.4812774116982274,0.162945724604897,0.0,0.39326009615808594,0.07536632696160833,0.38675730675544073,0.3262382909713809,0.22480581581090256,0.28095702040483234,0.5417745458017544,0.26708463183325337,0.007625736332261543,0.5709851264687129,0.36766447987202755,0.3586649174970257,0.09343717210715623,0.12367209055135514,0.0
0.06072386674699459,0.4754346712688673,0.27720894172007404,0.39413460478273477,0.7574879364684736,0.3728429778819866,0.0,0.29263710413896177,0.5998337002505014,0.3950201255179593,0.41167175747421464,0.13573791146426423,0.635220255117319,0.0833585769839087,0.371961095522688,0.43488708395965336,0.015335704206831429,0.40138409913293677,0.3663898971927178,0.37108073585301554,0.21197026487608892,0.36118928992544586,0.11531062221341586,0.0,0.5766221359662315,0.2909872382976672,0.6159530654735577,0.46515153176145607,0.5463020921343928,0.30646211290249387,0.39366966192728714,0.23996410290523823,0.305411364884443,0.2631770762109795,0.0,0.15992665742049544,0.2635244671681549,0.0,0.15758649579493775,0.28841250416005154,0.0,0.0,0.0,0.0,0.17864302861728773,0.15032844716575292,0.36984460909879596,0.44922111135786547,0.2223978164966129,0.5714685169029741,0.3156946394814782,0.6315879010823114,0.2365628593267972,0.6217137028118753,0.34464116537122175,0.41568497421048967,0.0,0.4569621536488994,0.23400769288351628,0.36854949903383677,0.1680838010552672,0.3974979492189392,0.3824622759690426,0.2256470544375213,0.3434249460854659,0.4044838546161397,0.39082929548157896,0.17197914316943766,0.0,0.12783090978099146,0.0,0.5285965811171651,0.3699975232896697,0.42125853730828294,0.07331974940288069,0.0
0.27894216081679674,0.6247819307214216,0.5502229927064116,0.41541260038472355,0.39678657191817535,0.6998736219214661,0.29263710413896177,0.0,0.44092757929936033,0.5225166516149665,0.27922576621162,0.6622932089552482,0.6467511310054829,0.3100803861482387,0.5836140060487873,0.0,0.0,0.0,0.5400004788087944,0.2673297907191451,0.5798031279381473,0.0669120651234566,0.940677383788634,0.44747201675606413,0.17939740874953358,0.7316029446474537,0.18472028540078844,0.5395463802958217,0.0,0.28803097423648066,0.019316017358812495,0.5017717304512408,0.3682822391170898,0.21797911762299946,0.0,0.6044431027483667,0.1603720278617832,0.02194069473798102,0.3023054232729992,0.47714248502328915,0.0,0.0,0.2993190535810842,0.0,0.2027878390691925,0.16123189923855633,0.5728227424892154,0.6694604302856075,0.3837506743844854,0.6017752305494164,0.6637415300937106,0.5140012538959304,0.8821007798077559,0.6250468310978519,0.13471116861109042,0.6878732575803809,0.5021776074449588,0.698798539755592,0.5463158715225948,0.4279177265987085,0.0,0.144671640772838,0.0,0.5399643556419,0.5078348710687975,0.47371246524374166,0.4577644619535763,0.8270266736567355,0.10641509418862505,0.0,0.4105552446124267,0.2912275276603798,0.41884553381334827,0.09964321514721962,0.03694316633860078,0.0
0.17809044807038504,0.407300646585251,0.4561777301860832,0.1392057373427109,0.8089342699523306,0.5749820346210446,0.5998337002505014,0.44092757929936033,0.0,0.3517126994163376,0.6660674865688324,0.2652839221324766,0.43319997268889404,0.40489044144500136,0.4508025712964514,0.13617009649818523,0.12933786621787147,0.21620737065582724,0.5425412112031616,0.30752662343565,0.3841470050730292,0.22543236004975006,0.34457812246641645,0.09661848868179322,0.531393781419555,0.4913893664091167,0.6184412026486317,0.25536881919257337,0.3480139466204132,0.0546093338186157,0.12582545051981897,0.1768178859485635,0.4476074337657369,0.26444527868545364,0.15098269005061385,0.19339435547407596,0.1110769528926059,0.045122818152219316,0.28342591862319594,0.4793812267305789,0.04915128213112105,0.04799239994283592,0.15451827269997595,0.0,0.19680576649824097,0.207795454089448,0.4856422372332456,0.5958682352167577,0.1166254275161926,0.5789125027668015,0.5715037995700558,0.5929064682652898,0.3703732507736999,0.7977091745242385,0.4317337859735942,0.43609421974304946,0.13599767780326133,0.6296973452356088,0.22139202165991212,0.4070093949740871,0.13360782303160912,0.264530144435789,0.2270611437248463,0.506528198151103,0.5034928347471586,0.4398575507483983,0.44846388597287484,0.3228832112140326,0.0,0.3106646801952233,0.40318751321436425,0.6200171016645598,0.3991256743260186,0.5213175516223225,0.149735382192406,0.0
0.2779560744266568,0.5873618551023595,0.3252532172584441,0.3788659724838211,0.2682066575565833,0.43617087183349623,0.3950201255179593,0.5225166516149665,0.3517126994163376,0.0,0.16885847312036423,0.5773232350650139,0.5384057603481378,0.0,0.43323583804615295,0.22742696746087324,0.12658135147155414,0.15873058174120225,0.4857288704232497,0.17817790949459664,0.4129956307006499,0.17428198497809697,0.5018947345514528,0.2034913769381542,0.563351373362413,0.6050814005517021,0.2372739240629055,0.6253357370466911,0.06905616737793856,0.2832571972469706,0.38831394717633194,0.25918608022577155,0.21139197467016402,0.22030561034175705,0.03242799501595649,0.333819039663574,0.1800468595073029,0.0,0.06163675685288328,0.20498985477649231,0.0,0.0,0.08897399769453164,0.0,0.1065606893440938,0.14022252192787932,0.5725168375280048,0.5132917732188262,0.33636984959885624,0.4150671720014661,0.5214976242833418,0.5276476574856213,0.5140844753892108,0.5721885876753833,0.38119457694547537,0.5748884626022613,0.21412662283346348,0.5366051363363924,0.3765904472309508,0.3706460764720555,0.0,0.4295501672664339,0.0,0.4472935413194234,0.3596855921221558,0.4295061295070482,0.26020142787340217,0.48952018514597073,0.0,0.0,0.2702416052752406,0.3210921946214475,0.2630879032670425,0.24979756261312547,0.0,0.0
0.0890063605097384,0.2690808968229339,0.29696590465278067,0.0,0.5437121543552494,0.3980995697126164,0.41167175747421464,0.27922576621162,0.6660674865688324,0.16885847312036423,0.0,0.22857786364348803,0.23064008099755096,0.26728866788056105,0.18717391843749828,0.0,0.33242613573096014,0.21622254340433697,0.2913415181659966,0.07879208988119149,0.12261483038652321,0.0,0.2708833706282684,0.1520531106093912,0.38344820367851207,0.34336434177544484,0.36600271153649955,0.0,0.1353702933225084,0.0,0.0,0.08976814263258706,0.292901750940052,0.0,0.0,0.0,0.0,0.24821922954095887,0.30317168860248783,0.27009458871740666,0.1207776353275363,0.1646763525231294,0.0,0.0,0.0914834160800067,0.16874415302448384,0.23953962856313452,0.3378637615221577,0.0,0.2528414593783487,0.38356552737554833,0.27398436559126693,0.18412911694459486,0.44984455704627274,0.262773563359827,0.38596312450720116,0.12712546348618303,0.40637926349500325,0.006467563319263918,0.24329960936370743,0.18020661319298698,0.1576794268026956,0.17742458528246335,0.2539445433167613,0.25046674024176946,0.186402844793529,0.23088382550230482,0.23707647479764526,0.12232665556204364,0.2791107098199194,0.37425652484970395,0.3519139500958054,0.22009538776200582,0.23283539022836403,0.18995974036680657,0.17588926083276554
0.140239076147492,0.5486605200115183,0.26376499659530145,0.06893929637080459,0.28794209180111446,0.6866593251832264,0.13573791146426423,0.6622932089552482,0.2652839221324766,0.5773232350650139,0.22857786364348803,0.0,0.5097546814705731,0.38903872526000416,0.25842396528612904,0.0,0.3943245966519955,0.017154215972956403,0.3110310640491601,0.0,0.2864868747572017,0.0,0.7216460050297078,0.698111451875688,0.15623606688174535,0.8434775017317631,0.0,0.382050933747381,0.0,0.0,0.0,0.3258434800359741,0.42851443176344567,0.17524590974123122,0.0,0.4045066670507882,0.06498020256756219,0.2832020619819793,0.24682237754389907,0.38969514741009265,0.12549994597045563,0.0,0.4047207844260332,0.09816770301506433,0.2273533122803635,0.06471352959620412,0.3610756480675978,0.35640196599680896,0.1371212758193305,0.35308702113175855,0.5119879124754007,0.21953266848358727,0.5907750911581255,0.3403864415473993,0.15474217059386297,0.430918355717472,0.784824037431772,0.5356942085221347,0.3855219910492316,0.14654943515905802,0.0,0.2290370631597453,0.0,0.34082474703747695,0.21761208654517997,0.10353394142397539,0.13882624365877227,0.5284295438230503,0.36709226384024335,0.0,0.47021711980347597,0.04568508064849314,0.32033118276638023,0.0,0.05240204874957597,0.0
0.26435973094171433,0.8139973541817621,0.5338510663543898,0.45138104580564,0.5053627564686622,0.6630183148067498,0.635220255117319,0.6467511310054829,0.43319997268889404,0.5384057603481378,0.23064008099755096,0.5097546814705731,0.0,0.1440183738462965,0.511455866613837,0.10283919471440729,0.030031899905999797,0.1549361294443148,0.5590173339182747,0.4861912536704727,0.4657341721313426,0.37765597016905283,0.5983666408012566,0.17121989626218154,0.47366976570623986,0.7110290144385932,0.3302784722424522,0.757609992757926,0.3302619659240789,0.3823144959926631,0.2732334676143978,0.5577007541585753,0.4109635402221259,0.28819992178704834,0.0,0.43264885854716656,0.30479352994867115,0.0,0.30794381341279686,0.4132160124920172,0.0,0.0,0.2858898950684155,0.005862765731275625,0.241756311654402,0.23184514514404206,0.5726094331613503,0.6367460599463175,0.27055081864400227,0.49784089742262017,0.5831798977958961,0.5413006515278449,0.5721658055854051,0.522967826647511,0.25180259680287026,0.5286731384840839,0.22955962835199956,0.7070962538372062,0.44116077478539467,0.4936898337436013,0.0,0.41710121620921686,0.2599615852241233,0.4562053424868573,0.5089031315283697,0.4227113194295371,0.5619787494367071,0.5450143716086188,0.0,0.02765828694137742,0.2900983808611955,0.38257968343386095,0.618046047348098,0.27016895191350926,0.19894141312330546,0.0
0.0,0.21644997157849521,0.0,0.0,0.5138198086137438,0.4885144008611548,0.0833585769839087,0.3100803861482387,0.40489044144500136,0.0,0.26728866788056105,0.38903872526000416,0.1440183738462965,0.0,0.0,0.0,0.1393777833665805,0.0,0.0,0.0,0.0,0.0,0.3585437882013248,0.3476062002998031,0.0,0.33446771217388394,0.1420765919676421,0.0,0.0,0.0,0.0,0.0,0.30677481404867507,0.13521296180801126,0.14447769475254385,0.1778976727685876,0.0,0.3508749654730381,0.0,0.2920632119088403,0.01970020172460648,0.2569276587661123,0.18553698644394764,0.0,0.2621823465951321,0.0,0.010865043618942178,0.04016467980793549,0.0,0.33736607954204245,0.19464207544796827,0.14129119828562028,0.1679889639175598,0.21705074076037423,0.03783990641642305,0.0894673581109137,0.45809430098799275,0.29254877544188973,0.2976242689680438,0.0,0.0,0.0,0.0,0.021785870800044176,0.0,0.0,0.0,0.11975197028194949,0.23319216021687653,0.0,0.14920361496227694,0.05958211394891823,0.0,0.0,0.01820515262029955,0.0
0.6825313619155058,0.38304983620071287,0.6380493285797167,0.6706529726104883,0.37429615316811826,0.3006834872342307,0.371961095522688,0.5836140060487873,0.4508025712964514,0.43323583804615295,0.18717391843749828,0.25842396528612904,0.511455866613837,0.0,0.0,0.35572101025448677,0.0,0.10383038351764227,0.7507425381435766,0.727507990862508,0.8741829000375417,0.6211746765475525,0.5491040583140392,0.0,0.4262089592701283,0.45183029867341423,0.5449229302210342,0.6799935323448307,0.2498561435532629,0.5484865415380125,0.49640332392554176,0.5537657342359565,0.2539949632085722,0.36879847597177046,0.0,0.518578443176365,0.46732273409023856,0.0,0.2943513073063725,0.35257045877404775,0.0,0.0,0.10017694449870766,0.0,0.09247855508196888,0.4147893525736514,0.6427516750271903,0.8110704764116727,0.4513144314885381,0.5433387041490417,0.5917269714313896,0.6322162115229348,0.6660587965229495,0.7419069262491158,0.19125680595238706,0.5638484347223796,0.04600929074151821,0.5695025261110241,0.4728585089916659,0.8894027123622946,0.08415465294870285,0.09284538169944301,0.13866928595561107,0.7054245206863277,0.8209658630644076,0.8513849681471143,0.816021672687727,0.7249071204145264,0.0,0.049467049123786175,0.31418256982576886,0.699460328354884,0.649877685772991,0.6324786861199823,0.05854552584286967,0.0
0.394054242361421,0.043053712893222865,0.15330038847064953,0.4122768813692235,0.18568380732925116,0.0,0.43488708395965336,0.0,0.13617009649818523,0.22742696746087324,0.0,0.0,0.10283919471440729,0.0,0.35572101025448677,0.0,0.06568868412249634,0.602055696252156,0.3767786789778097,0.5276713009453393,0.3042360951602779,0.7349356742834426,0.0,0.0,0.4302277442086634,0.0,0.5124071409573393,0.4098199807831882,0.6740212472922316,0.4474450711656328,0.7909745480548835,0.0837584588311214,0.0,0.3763860650592687,0.22235526885547488,0.0,0.2964978910713575,0.0,0.0,0.0,0.05497387240125313,0.0,0.0,0.09646139740470167,0.0,0.26663548173296886,0.0616847967336191,0.2519334156977795,0.09281851948064451,0.07715427798548226,0.0,0.28374594796400227,0.0,0.29054411051630197,0.2508903901436533,0.0,0.0,0.0,0.0,0.44539980095927484,0.5511656365574675,0.2384401426865227,0.49182238176407034,0.252630786057029,0.37090849855203845,0.41612353790887563,0.37827381596863585,0.0,0.0,0.21114594530354375,0.0,0.48841848480622785,0.3001769561268708,0.6194097954460006,0.04594358201071717,0.11116397072206072
0.0,0.17859356108587426,0.0,0.0,0.130701199995981,0.24418607482599283,0.015335704206831429,0.0,0.12933786621787147,0.12658135147155414,0.33242613573096014,0.3943245966519955,0.030031899905999797,0.1393777833665805,0.0,0.06568868412249634,0.0,0.5605085683259747,0.0,0.0,0.0,0.0,0.0,0.38198612226685724,0.2502234444457167,0.40411473876592535,0.0,0.0,0.0,0.0,0.0,0.0,0.23372158397136902,0.0,0.010070144926436389,0.0,0.0,0.42183215878549707,0.15573933307748444,0.10690626161264065,0.39257835021534543,0.381228768918716,0.19279734702679302,0.1375012281575518,0.12367367354695726,0.03354716424528815,0.0,0.0,0.0,0.0,0.0,0.0,0.0,0.0,0.15299981803538884,0.0,0.3914241742537809,0.05285451618508434,0.0,0.0,0.18117163441841758,0.15737383133153676,0.1117142824909997,0.0,0.0,0.0,0.0,0.0,0.44210674822258983,0.07346105752128802,0.33355576287379596,0.0,0.02085685518988908,0.0,0.2121908144335838,0.39767740616247416
0.2110002364348447,0.16235092820310323,0.024207726025067714,0.0,0.29337081031647494,0.029235223489864355,0.40138409913293677,0.0,0.21620737065582724,0.15873058174120225,0.21622254340433697,0.017154215972956403,0.1549361294443148,0.0,0.10383038351764227,0.602055696252156,0.5605085683259747,0.0,0.18644920965113146,0.15659688711270398,0.14600086871394657,0.334580581933621,0.0,0.0,0.5883044366774602,0.12724652302442876,0.2557824345958201,0.15480089402803004,0.5022749134017878,0.03816814900654245,0.23942811314563836,0.21755671230146276,0.11921282509132239,0.03192962127421958,0.0,0.0,0.04555752532209314,0.0,0.21793697031742684,0.031771096834352565,0.3625813863163164,0.0,0.0,0.0,0.0,0.2344572558338373,0.0,0.0710671726310768,0.0,0.05595354382592452,0.0,0.023253670318798086,0.0,0.14683798468562712,0.199307074336456,0.02019694460096255,0.0,0.0,0.0,0.25673783914055737,0.6347349907670289,0.22448947791986326,0.5648255895291319,0.1532558567646196,0.28347703837276017,0.1503243126501045,0.31428293094879434,0.0,0.0,0.29557774651681806,0.050360298277021875,0.20517966022660877,0.2656685424193217,0.4182016757603426,0.21763733544621602,0.4139149075343459
0.5772949038437799,0.4863903836290849,0.7457324385310954,0.5141809149038916,0.3936124536516125,0.4349427451401902,0.3663898971927178,0.5400004788087944,0.5425412112031616,0.4857288704232497,0.2913415181659966,0.3110310640491601,0.5590173339182747,0.0,0.7507425381435766,0.3767786789778097,0.0,0.18644920965113146,0.0,0.7163044052325874,0.7862609989069056,0.658889167307323,0.5183821744897015,0.08376127254237817,0.44346262097922406,0.5506847757577498,0.5554988516490724,0.6720726957717849,0.37691251075430926,0.5060121917240948,0.49620674791722136,0.45704553079289384,0.26392056129161684,0.4103131457164062,0.03925399895540503,0.42842715681736804,0.31362568695026966,0.0,0.19352073333639327,0.36266420486051,0.0,0.0,0.18776541898644444,0.11081840593244623,0.046281590292780526,0.2916917271607895,0.6853866809269643,0.8357736551941934,0.3478635970572943,0.4308973024449754,0.65362132372957,0.6005781269942762,0.6173802183497261,0.7047824520187109,0.3133654696679732,0.5303689207938697,0.15689542590524938,0.5537348675930076,0.3787061119992344,0.7124040416295097,0.13643287958620323,0.26746694179164726,0.2529574220149109,0.8357811441055828,0.7894587918089528,0.761159252865314,0.7389707743969337,0.6118632622711881,0.0,0.17464571261451542,0.38186878427159676,0.6636120198040916,0.6125585386159791,0.6747977202872609,0.03609519570340111,0.0
0.6515650655689763,0.341019081707165,0.6802417617008463,0.6316245294837628,0.2995990826541019,0.18685049577515972,0.37108073585301554,0.2673297907191451,0.30752662343565,0.17817790949459664,0.07879208988119149,0.0,0.4861912536704727,0.0,0.727507990862508,0.5276713009453393,0.0,0.15659688711270398,0.7163044052325874,0.0,0.7369992282370853,0.9326377675348324,0.25110959308323016,0.0,0.336613468957031,0.2712601490284319,0.6350947827503631,0.6927928822452243,0.6139624393706703,0.6713698672794749,0.6940772422346919,0.4429517677448442,0.16105357244520146,0.3827647211873003,0.0,0.3591488816736281,0.43762319066492855,0.0,0.1896566180313359,0.2753622961159448,0.038000684542103536,0.0,0.17761718766864254,0.16703075262944048,0.0732622380517744,0.3794717855192305,0.43900640384670736,0.7320843381213225,0.3148281070874973,0.260331356941606,0.3850526874753637,0.4844133666696168,0.33773664803695286,0.5406746416823467,0.1647004967453108,0.3239039432645467,0.0,0.3256818433497846,0.30990285899468656,0.7428065600584288,0.3523356002986516,0.1481744391472857,0.4447239592567027,0.623891553291864,0.8136842515467076,0.7200286102241441,0.8203326975856055,0.4118114256654612,0.0,0.22068064013276337,0.11361583544929661,0.7322080542236311,0.6643566968266672,0.7008396817658019,0.23095971248785305,0.0
0.7440758293789389,0.3782226408207061,0.6708665146593144,0.5794789995144538,0.270264911574396,0.3782605760215034,0.21197026487608892,0.5798031279381473,0.3841470050730292,0.4129956307006499,0.12261483038652321,0.2864868747572017,0.4657341721313426,0.0,0.8741829000375417,0.3042360951602779,0.0,0.14600086871394657,0.7862609989069056,0.7369992282370853,0.0,0.6312773623004582,0.5696321121477687,0.1543936078939729,0.39344007046707336,0.4900394033367413,0.46533432012960124,0.65616151490225,0.31623376418560273,0.5144696141843488,0.500049160502265,0.4568031229998773,0.24452749497364462,0.3611434715295224,0.0,0.48039475794147674,0.34743635426133523,0.0,0.30122165420312097,0.29291186597076724,0.027187912374069235,0.0,0.20189373920573445,0.0,0.06976937549836701,0.45347196845865034,0.6229819583735233,0.8072066936048463,0.38056764592898856,0.4371810155906432,0.6346136585963201,0.5170832487628066,0.7035869376751899,0.6458705480329698,0.3094289814926806,0.4448969170921358,0.13344029557156,0.4935362858936986,0.4651203256852724,0.7892962529767251,0.13681264252132624,0.13441076596981005,0.18503588997470022,0.7130925481318515,0.8133040394641445,0.8525584339294572,0.7736494562573817,0.7298655096376846,0.03860618850478405,0.18938813260320556,0.48428416400213625,0.6404518805117823,0.6442173498040669,0.641276384782136,0.10953781531229083,0.0
0.6390353662958339,0.28541444777635516,0.5471278660801994,0.549126834318882,0.19167947758054038,0.0,0.36118928992544586,0.0669120651234566,0.22543236004975006,0.17428198497809697,0.0,0.0,0.37765597016905283,0.0,0.6211746765475525,0.7349356742834426,0.0,0.334580581933621,0.658889167307323,0.9326377675348324,0.6312773623004582,0.0,0.022233055062292617,0.0,0.3969490316575585,0.17192035428258004,0.560874722143255,0.6515892552284961,0.6574967342905992,0.6500530322487436,0.7870091356121824,0.3677008798914164,0.09628148859777923,0.35973940142913485,0.0,0.2234947538024195,0.4103597879817313,0.0,0.16435741333958387,0.16302240357117884,0.1126743670374983,0.0,0.09723037641724296,0.1727223616284325,0.05812917131981792,0.4396209956268092,0.3069806998975264,0.6059748990890984,0.20482350977759092,0.1395300089748897,0.18459087668782306,0.33070720983258833,0.15057513904556122,0.4142552906075312,0.16102670650693146,0.231742513573371,0.0,0.13557508144191124,0.2204645310878768,0.673858692908575,0.539552171640059,0.14959402998392748,0.5092602926273896,0.5392473465742458,0.7069513167224016,0.6182721943572,0.751979391466956,0.20806290563047936,0.0,0.24961923383449772,0.0,0.5993331918245691,0.6130732932507509,0.6511019692280876,0.2563555784947714,0.095063113911589
0.31585885641969447,0.6549547243767619,0.5876346978752349,0.3497757229222385,0.32424641551309985,0.7876674334192041,0.11531062221341586,0.940677383788634,0.34457812246641645,0.5018947345514528,0.2708833706282684,0.7216460050297078,0.5983666408012566,0.3585437882013248,0.5491040583140392,0.0,0.0,0.0,0.5183821744897015,0.25110959308323016,0.5696321121477687,0.022233055062292617,0.0,0.560041031226732,0.11419509733471941,0.7880268979383424,0.17844214462454042,0.5096110799140854,0.0,0.23999673079073375,0.0,0.4644640639008124,0.3693645584224799,0.19832616023563732,0.0,0.5945438225448167,0.1283635476789406,0.0662671698153386,0.3122328006202632,0.43803106223325206,0.0,0.0,0.36072840531933154,0.0,0.15345206096463837,0.1391996036342764,0.6280441129581957,0.66553751169417,0.34140954226436016,0.545038423955202,0.7737315784454949,0.45385469431222714,0.8767236247495461,0.5317642343663587,0.09755801461335938,0.6449902725615602,0.5920921957481724,0.7539511467417999,0.6097246814192221,0.3994103131612126,0.0,0.13992429299161957,0.0,0.5681479438882049,0.5043790657136391,0.4160592300898235,0.4245218026721647,0.9129862551547394,0.24897848346557303,0.0,0.5511904166407745,0.32985877031687866,0.4364141666451165,0.06355198004807622,0.0365428877993373,0.0
0.17160747895136305,0.2693553611850218,0.1412555949547562,0.0,0.06004726358559608,0.526344838155203,0.0,0.44747201675606413,0.09661848868179322,0.2034913769381542,0.1520531106093912,0.698111451875688,0.17121989626218154,0.3476062002998031,0.0,0.0,0.38198612226685724,0.0,0.08376127254237817,0.0,0.1543936078939729,0.0,0.560041031226732,0.0,0.0,0.6609115042649613,0.0,0.0,0.0,0.0,0.0,0.24075508776169877,0.4811764697118868,0.02043210073421642,0.0,0.3090483257388706,0.0,0.5206098060874802,0.38146848806720424,0.40346476446115226,0.3297945038872253,0.11968918028165729,0.5684786564835264,0.09769039031121453,0.1823174926076511,0.2024008962142407,0.0504883231274483,0.12025875075263347,0.0,0.10948017881184773,0.2895462078747161,0.0,0.3492357036737981,0.0,0.08861885995704788,0.17017603192142952,0.7176522475798088,0.33312517163996014,0.23766294941111624,0.0,0.0,0.0057435127726275445,0.0,0.16504276515283195,0.0767140698322549,0.0,0.0,0.33011665328261036,0.7720763686258262,0.0,0.6150395286581393,0.0,0.20063015779659746,0.0,0.2610741682939957,0.2119578223089959
0.36411173302876265,0.49997015488602636,0.31823298395557725,0.16661525623164936,0.3858173283195309,0.29673664774156083,0.5766221359662315,0.17939740874953358,0.531393781419555,0.563351373362413,0.38344820367851207,0.15623606688174535,0.47366976570623986,0.0,0.4262089592701283,0.4302277442086634,0.2502234444457167,0.5883044366774602,0.44346262097922406,0.336613468957031,0.39344007046707336,0.3969490316575585,0.11419509733471941,0.0,0.0,0.36533925189515765,0.41213948831524894,0.44556221935877693,0.47819982103721653,0.26865918182927756,0.3376487776280859,0.34325292685254427,0.22574236324396094,0.1000981569171548,0.0,0.12027499969593963,0.2245259535969405,0.0,0.2886444579336314,0.18339758534292389,0.06881717411958059,0.0,0.0,0.0,0.07469560241373586,0.33136464749267647,0.5307110402662758,0.384590024445489,0.026038788941938545,0.26077067753528216,0.4472912642484257,0.3980655227768646,0.209050173659287,0.5122562884019637,0.4334415676699987,0.29468403322069503,0.0,0.3895386769337987,0.07512193527151717,0.47995955837838994,0.4416763910229229,0.43199027842631504,0.48711666891062366,0.3912450709740522,0.4485805933333116,0.4328206160440273,0.48041863515954936,0.21255604362705938,0.0,0.5844448365700332,0.36913639446260554,0.39759886479070267,0.3764813191384658,0.5133953440489019,0.20447676055467537,0.15787256829210394
0.35309753551342543,0.8008472251315167,0.4993506576109847,0.13381608223825284,0.47278503049857523,0.8699986269337807,0.2909872382976672,0.7316029446474537,0.4913893664091167,0.6050814005517021,0.34336434177544484,0.8434775017317631,0.7110290144385932,0.33446771217388394,0.45183029867341423,0.0,0.40411473876592535,0.12724652302442876,0.5506847757577498,0.2712601490284319,0.4900394033367413,0.17192035428258004,0.7880268979383424,0.6609115042649613,0.36533925189515765,0.0,0.25784265357734365,0.5501442135020792,0.04615819019697575,0.1047039722722613,0.05619625930678319,0.4510749180419206,0.5638375705727054,0.2990581327933256,0.0,0.47494949467511394,0.02174990400348036,0.19391582245107478,0.3393025728997207,0.5346490350622101,0.13959036842484784,0.0,0.47129962674767645,0.0664311433730613,0.2630541081762116,0.2417896166004475,0.5397615364302197,0.5840995881762789,0.2061266965435664,0.46546444652750124,0.6438224673775814,0.36967882902542604,0.6256077297789835,0.49933356220384684,0.2483741906333062,0.5507809782972807,0.6481192082893884,0.7049638564456143,0.46073087047285544,0.33201299321115557,0.0,0.3540963684676105,0.07998331799376458,0.5262066758019119,0.44414444847644463,0.2998607336265332,0.4071385426120246,0.6165201625405051,0.33978442079998955,0.0,0.6619920371443219,0.26662874965290395,0.5484607836880999,0.0655368345203396,0.22900226189393905,0.0
0.290263610012974,0.3603165730357255,0.47416961143130687,0.41383789735031207,0.6839983251785254,0.40845929562913125,0.6159530654735577,0.18472028540078844,0.6184412026486317,0.2372739240629055,0.36600271153649955,0.0,0.3302784722424522,0.1420765919676421,0.5449229302210342,0.5124071409573393,0.0,0.2557824345958201,0.5554988516490724,0.6350947827503631,0.46533432012960124,0.560874722143255,0.17844214462454042,0.0,0.41213948831524894,0.25784265357734365,0.0,0.3585465914383849,0.6915966330227354,0.343081559447969,0.5117592898599369,0.2274099817536687,0.23334237759041843,0.3957098829707931,0.1837635093100043,0.14537637783643498,0.23282051285853694,0.0,0.09455042755053286,0.27953971118818194,0.0,0.0,0.0,0.0,0.05413591358305195,0.10843951851241355,0.412928512981976,0.5550472713585574,0.2887841168473125,0.5661180376183856,0.45760361045072157,0.6839587313924579,0.19989182107095443,0.6836337089889497,0.28621799730037806,0.2968758611229308,0.0,0.3632769491355939,0.30363416138961835,0.529501603828243,0.19257063794538756,0.2580936328909169,0.3609445099618397,0.4562152121714985,0.615135251088352,0.5951540041191358,0.5805358215637105,0.2913424949266902,0.0,0.15617696052663657,0.043711973882922237,0.9648561706987229,0.4025215421384933,0.7395994626714307,0.06704650642607225,0.0
0.4981856846097118,0.5958079725228792,0.5705908072216234,0.7165107111555012,0.28686949705832593,0.3474657729896715,0.46515153176145607,0.5395463802958217,0.25536881919257337,0.6253357370466911,0.0,0.382050933747381,0.757609992757926,0.0,0.6799935323448307,0.4098199807831882,0.0,0.15480089402803004,0.6720726957717849,0.6927928822452243,0.65616151490225,0.6515892552284961,0.5096110799140854,0.0,0.44556221935877693,0.5501442135020792,0.3585465914383849,0.0,0.31255997313627465,0.6746502013540845,0.639640177009917,0.5203180044407675,0.18440865583944957,0.4122250148730635,0.0,0.4895897664023811,0.46781551260772886,0.0,0.14845732750541651,0.3027717803314005,0.0,0.0,0.21436187550292912,0.09518503075435855,0.08047392314565055,0.3401443587784842,0.662888112548831,0.7654775177224995,0.4303169496985007,0.43784235249521525,0.5479324704735412,0.6133324950590465,0.5866567858926431,0.6156686301512183,0.22023891888034877,0.5217084224457906,0.032153054259242676,0.5940490211052895,0.47504532097804886,0.6739055005100519,0.0,0.37725005783751686,0.26644507946099355,0.5608557832204853,0.6618606580965464,0.6633660630975529,0.669629788690761,0.6207528004167296,0.0,0.0,0.17726996543534831,0.5029623079832196,0.6853840764167934,0.4778841845892029,0.064629052591171,0.0
0.19732393518577104,0.3038252688704201,0.27932126958718245,0.23230748680296415,0.4015218867013876,0.14406445885331642,0.5463020921343928,0.0,0.3480139466204132,0.06905616737793856,0.1353702933225084,0.0,0.3302619659240789,0.0,0.2498561435532629,0.6740212472922316,0.0,0.5022749134017878,0.37691251075430926,0.6139624393706703,0.31623376418560273,0.6574967342905992,0.0,0.0,0.47819982103721653,0.04615819019697575,0.6915966330227354,0.31255997313627465,0.0,0.37086914393292364,0.568316927465243,0.11738961085526747,0.04956196256391737,0.27135251445790487,0.13161732547010319,0.0,0.14157953554829533,0.0,0.0,0.10268686202957189,0.0,0.0,0.0,0.07769678678341461,0.12248004293998499,0.16916939197984954,0.18292654125633107,0.19508159209996348,0.07438283863737498,0.20835800822798548,0.0826046018132528,0.41959174271697575,0.0,0.2828089715880057,0.3622773453344748,0.0,0.0,0.09262060662731149,0.0,0.3244173969163442,0.49119523522341013,0.38538294701220005,0.671429795779867,0.1215220398425866,0.36813572306335796,0.3998879390786015,0.41391759011778984,0.0,0.0,0.4459196794069205,0.0,0.5940052070130245,0.33988331732306687,0.6875692372097082,0.16051511037213376,0.043550762536031115
0.3957034525952764,0.33287090174922274,0.41001925110433585,0.6958423225959227,0.08696709450686713,0.00854815872235468,0.30646211290249387,0.28803097423648066,0.0546093338186157,0.2832571972469706,0.0,0.0,0.3823144959926631,0.0,0.5484865415380125,0.4474450711656328,0.0,0.03816814900654245,0.5060121917240948,0.6713698672794749,0.5144696141843488,0.6500530322487436,0.23999673079073375,0.0,0.26865918182927756,0.1047039722722613,0.343081559447969,0.6746502013540845,0.37086914393292364,0.0,0.6504880801967067,0.34936657634737245,0.0,0.397096132112077,0.0,0.34482230689970816,0.35463485123377475,0.0,0.08231260815723325,0.1025441493050572,0.0,0.0,0.007493542900671281,0.0,0.0,0.2575014202221087,0.5009947222477318,0.5376608205811281,0.4424298618117528,0.3088277033885436,0.32015520073308934,0.4917208444209669,0.3591544995647326,0.4372742132160282,0.12600740585041723,0.2771461615774387,0.0,0.29880877992809357,0.26795894982507956,0.5921326561202003,0.12849373274640696,0.2264641808485645,0.2726167085211049,0.4458299895909479,0.5263125028071227,0.5888250989539495,0.563957298637544,0.4137973298325845,0.0,0.07550937725328173,0.0,0.4646113792619818,0.443450851878806,0.5077645640115044,0.09957033597581161,0.0
0.4738637173517456,0.18824886145490774,0.3106904978227829,0.6068585546689047,0.16299586701876972,0.0,0.39366966192728714,0.019316017358812495,0.12582545051981897,0.38831394717633194,0.0,0.0,0.2732334676143978,0.0,0.49640332392554176,0.7909745480548835,0.0,0.23942811314563836,0.49620674791722136,0.6940772422346919,0.500049160502265,0.7870091356121824,0.0,0.0,0.3376487776280859,0.05619625930678319,0.5117592898599369,0.639640177009917,0.568316927465243,0.6504880801967067,0.0,0.1498732409198956,0.0,0.531909446561932,0.23309036906830685,0.26040987088995715,0.4204824478413274,0.0,0.0,0.07437904160660729,0.0,0.0,0.0,0.0,0.04292232283352526,0.31285445897284103,0.3642775510427475,0.48423129893986316,0.4296224177878833,0.25443446830061117,0.1514033253471223,0.5135961629506566,0.11823859050421702,0.4850289400472064,0.30288019461919957,0.1026766646763903,0.0,0.12128470622022838,0.2031210538615694,0.49871084435609225,0.22839279181733413,0.3108780529937619,0.32022018266987123,0.36438682293947183,0.45883028796676806,0.6006547543823346,0.44886984494229554,0.1560369754598674,0.0,0.12835486459429635,0.0,0.5745066370378619,0.3824704406055165,0.5970266080246192,0.030089611645879765,0.0
