0.0,0.4169907447009414,0.0,0.0,0.0,0.0,0.0,0.0,0.0,0.0,0.0,0.0,0.0,0.0,0.0,0.3002479264324264,0.0,0.12045645894437981,0.0,0.0,0.0,0.05012547045035458,0.0,0.082546747533911,0.37766092428206754,0.2758651043256022,0.0,0.0,0.0,0.06886455398169068,0.0,0.0,0.1895131302244259,0.0,0.06555475274961525,0.0,0.0,0.0,0.13009631165549537,0.0,0.06585094317353223,0.07289419460364341,0.30571274705820367,0.22992791957718756,0.0,0.4178079550886295,0.0,0.0,0.0,0.0,0.15501393636154773,0.0,0.0,0.0,0.0,0.0,0.0,0.0,0.0,0.04898768326305044,0.0,0.0,0.0871206402026591,0.0,0.29717005487902903,0.0,0.0,0.025640332119097966,0.08875298227517137,0.11247657863580827,0.07438240733079014,0.18991904682015787,0.12814131782668486,0.4447319556242037,0.3998374172272162,0.3191298612045218
0.4169907447009414,0.0,0.0,0.0,0.0,0.026225821307237707,0.13237398468226289,0.0,0.0,0.0,0.0,0.14062799311826085,0.08168168053848318,0.056221549676060696,0.0,0.4235547995783704,0.03720294591046231,0.37943655368829804,0.0,0.0,0.0,0.0,0.0,0.25530344387435716,0.44694066515186676,0.4362399390568517,0.0,0.0,0.0,0.11040633682637999,0.0,0.0,0.19471216891314136,0.0,0.0,0.0,0.0,0.06140353012389551,0.11632152439479962,0.07374984488862703,0.14408595621084538,0.0,0.2930355545880803,0.23313929944258355,0.0,0.10858152628653121,0.0,0.0,0.0,0.0,0.2815877621209714,0.0,0.0,0.0,0.0,0.0,0.08191418226065995,0.15449640137007437,0.0,0.0,0.0,0.09091557942390276,0.25262975491265505,0.0,0.10904499259985492,0.0,0.0,0.0,0.16725599062842753,0.1545244292507228,0.14579022022191007,0.09455139528038248,0.21006333245994221,0.2949506338384751,0.3418122339365529,0.31559617251638206
0.0,0.0,0.0,0.45721017146844534,0.5036711152098438,0.4781486157497162,0.4127329777761953,0.4999875168620718,0.5831598574332527,0.4765976537959399,0.49184770001661227,0.29590732492189264,0.4374756535420356,0.23798073604308434,0.4891205739005947,0.0,0.4213858752270974,0.1874219302287148,0.48747007247775986,0.5509631796231795,0.43071991556109723,0.4651101198024243,0.4782215943346066,0.094567989933465,0.0,0.1151250349699469,0.585773195974852,0.43231548213617177,0.5316667095305895,0.21110636307709935,0.3219442442969456,0.25149375853122125,0.0767975310254512,0.32701265968520293,0.13150384406855836,0.36846475124727956,0.2756433145874576,0.05725651765151633,0.06141999696792022,0.24952771572438504,0.02176545025428058,0.0,0.0,0.0,0.2733283560482771,-0.0007522872568194462,0.5017047681987131,0.3748316470403629,0.29155171225234794,0.4444232823572015,0.024921252218515048,0.38863953564748027,0.4722679022385345,0.5588751310806376,0.4052299733471958,0.3753320440865561,0.2484068760148204,0.2838392312932935,0.14041717061765618,0.34058426398309893,0.4559706599901981,0.34268330429302185,0.1163215483217898,0.5277851552849193,0.15400474917494758,0.3538353715447139,0.5231461291986066,0.33930744601657664,0.0,0.27566676511616434,0.2886928911791554,0.11009047524215898,0.24211744912574626,0.0,0.0,0.0
0.0,0.0,0.45721017146844534,0.0,0.4115069184537508,0.29081756854622537,0.37573278833586093,0.2739014430632144,0.4217258397597151,0.328680580071734,0.29348109329603783,0.22031186602798405,0.3554003676292253,0.2067246294831485,0.28980793742160793,0.0,0.33391052802518717,0.2221314351089768,0.33349125401132257,0.4187990775529513,0.21368653308273908,0.4027206854639441,0.24113921477513603,0.06565219304336299,0.0,0.06366224753488453,0.44049774448421897,0.3182120701881231,0.3433221908320169,0.08680936232636761,0.16896802919149123,0.23496769115203048,0.05991534741461657,0.3634224086855463,0.21090817353818753,0.4669073923696852,0.34751224575419615,0.09845543972239935,-0.0034959436853406614,0.1187374870509627,0.023996775887067445,0.0,0.0,0.015544986607018453,0.28019781310157327,0.0,0.32747384838303106,0.17290476214115535,0.27331754600955227,0.3345053097183286,0.0,0.24073509554464834,0.24083802724081438,0.3505832769592965,0.20658039160814726,0.19108115096015652,0.1502125025897848,0.14420212254913573,0.17246298318571893,0.15595226627223155,0.21472881794884802,0.2040776515714398,0.0,0.3154517031152864,0.10036468729616793,0.1499049816789608,0.3672929107864543,0.08332652974488022,0.0,0.09450309661525325,0.11986600372026737,0.0,0.2136317687765495,0.0,0.0,0.0
0.0,0.0,0.5036711152098438,0.4115069184537508,0.0,0.49444477789153857,0.5708149993067817,0.47518254968878126,0.6192502439475466,0.5164651055396883,0.5399313176549048,0.2676733359223149,0.4515670178004648,0.2861446159266797,0.5063705504009133,0.0,0.45729066494844284,0.10808080321123305,0.3739836194539292,0.506176814235491,0.4941951803905836,0.4754135151559238,0.5170628010335437,0.048618124206601346,0.0,0.1734677638607178,0.5784086166319653,0.4170690256101058,0.5562895204579201,0.24606127388474927,0.159845605729553,0.21834187939879895,0.029164114706449078,0.36469224509196685,0.27497992147404504,0.3326916127130817,0.20140477100560558,0.0,0.06497606035480741,0.2239700270942452,0.0,0.0,0.0,0.0,0.2315962431918265,0.12479838788236491,0.565281068022968,0.43401559117065724,0.3281450030594497,0.4832213464356628,0.0,0.47319300152290794,0.42758120908099534,0.5313448605522534,0.41254333323502507,0.4709879143872086,0.1910862954523015,0.29159688675933076,0.0842911402525568,0.39221550354244106,0.4902005210023019,0.38453387731087635,0.12180652729284246,0.42765516129690556,0.05920565617616505,0.46615659298678785,0.534321224171683,0.3544186722284223,0.0,0.36344229411706813,0.37047053218786125,0.06937802464190093,0.22084946798032865,0.0,0.0,0.0
0.0,0.026225821307237707,0.4781486157497162,0.29081756854622537,0.49444477789153857,0.0,0.5328017421053133,0.5669450838515033,0.507699148060996,0.5128134489774808,0.38918705740639964,0.4319782879348872,0.4855783512310435,0.22192131568320234,0.5126088960167874,0.0,0.5742297923484507,0.14260436018156186,0.28620888333568734,0.5556036010017219,0.5479285903535906,0.4409299846254921,0.6287774991785237,0.23372775264862836,0.0,0.3279664866242311,0.568893573838542,0.30874297269734524,0.5782576517107262,0.2931722573173186,0.2006945827580742,0.20909942385869365,0.05157648962059795,0.2971029622378422,0.14499309382570907,0.23894012461611128,0.0819961570774905,0.0,0.1323032901812373,0.31805377422438186,0.01983812938474548,0.0,0.0,0.0,0.24445435824086187,0.14852770200297993,0.5882688476914794,0.3219617078668776,0.23252912901645434,0.31101631721244744,0.203019004660509,0.4027635453960927,0.5500220151724996,0.43912980697042875,0.39815885014019997,0.33514292449913563,0.33467836997967837,0.438165420067481,0.029507479579670762,0.3335638383422894,0.5199879659720985,0.4974961395930767,0.24989297493308157,0.39451314456378406,0.0,0.5005013411901625,0.48465061178168445,0.45304122579550665,0.0686349015838257,0.34588484910435047,0.5192269995027208,0.08827816917939682,0.23017097293846292,0.0,0.0,0.0
0.0,0.13237398468226289,0.4127329777761953,0.37573278833586093,0.5708149993067817,0.5328017421053133,0.0,0.45736829416887376,0.5058696844665422,0.46913209954862034,0.4613264116905177,0.34629968151261653,0.5148798425819539,0.30230112739519355,0.44037589108302955,0.0,0.47454894758288707,0.17455010571360283,0.3477625571264497,0.48513844388302985,0.455400818028168,0.4504730230670744,0.49730411213220466,0.12662406200790416,0.0,0.3101928396335989,0.4796064324041284,0.3164538958459324,0.49693783834881805,0.2956170181405941,0.013812736115234125,0.12381097950398501,0.0,0.3188587808210962,0.30189462145007223,0.32087851425838176,0.1004874991746466,0.0,0.04138520769243388,0.16839278820796905,0.0,0.0,0.0,0.027050706777469073,0.19370025517758335,0.15205882243655416,0.5093313890020419,0.3943004325233205,0.2936757540015943,0.33733896484991616,0.05133921193824203,0.37895084345929125,0.39925857020033545,0.4462375337418521,0.3421734040671656,0.4066727220517242,0.23607975597518552,0.32168008874092685,0.0,0.29292558058864976,0.45059234280040106,0.4190985233103835,0.13131785802919177,0.3882129097830554,0.0,0.39898112792649776,0.4604246527730956,0.3133183725970538,0.0,0.30885286454650174,0.40093301100921436,0.020140941873426837,0.23450791595555975,0.0,0.0,0.037423083730262846
0.0,0.0,0.4999875168620718,0.2739014430632144,0.47518254968878126,0.5669450838515033,0.45736829416887376,0.0,0.5454556268486348,0.47989333608785434,0.49307973596043564,0.33618809437438996,0.4046210638959722,0.29587489634990377,0.462284477183223,0.0,0.5035832504679403,0.03672944848026136,0.28824448260229835,0.4825065058151523,0.5513135926598781,0.337814146422318,0.591252359406072,0.15791145900543638,0.0,0.2122358028986272,0.5461694998592662,0.3606637315459376,0.5352414705293561,0.31803186894042385,0.25157348854280176,0.1752860105418866,0.07396600181627894,0.3289741789276288,0.1291847298225651,0.2943870302941574,0.12688835152399083,0.0,0.01929842427237997,0.2716639575052577,0.0,0.0,0.0,0.0,0.28855816159015557,0.11529354430224338,0.5351498933570714,0.3334807829076438,0.33247257512708,0.42108733002777937,0.09011412270281352,0.44255376325446266,0.5982170851459373,0.5092264192259967,0.4119794660414696,0.44532558335976236,0.3053709860269787,0.3299826666538332,0.15780944303844666,0.2999737075479263,0.4831871270571079,0.39675907139997946,0.10279568923039589,0.3971558464452344,0.0,0.4941555680590944,0.46774748078572725,0.3809195566554087,0.014394473094801935,0.24668012280218266,0.4072484918460128,0.0,0.13030143895916083,0.0,0.0,0.0
0.0,0.0,0.5831598574332527,0.4217258397597151,0.6192502439475466,0.507699148060996,0.5058696844665422,0.5454556268486348,0.0,0.5147818489338574,0.561764523158856,0.24948503028423225,0.43724626229110475,0.24528171768426438,0.5786948473255377,0.0,0.4464459025539699,0.0733738411898255,0.4254213850281831,0.5561833733203255,0.5943374412320516,0.5146739793981959,0.576313020043161,0.014277360305644022,0.0,0.16314440866119775,0.6229453395405369,0.4172169510301793,0.5928585487060457,0.23285833293802807,0.22666163177911222,0.23690335036472987,0.02658730428841388,0.40242270128240804,0.26144971314253973,0.33956436428330594,0.20687347086547297,0.0,0.05267487887461601,0.2196356047204144,0.0,0.0,0.0,0.0,0.23926850345662362,0.1888126632610806,0.5809698965232984,0.47693316153768145,0.3327614865166892,0.5015136816733369,0.0,0.47918158798407284,0.4943524894423117,0.6192676319491397,0.42980556708423967,0.5061557160730182,0.18821797577914892,0.2620032650455099,0.04458225358133024,0.4816803904386606,0.48543686800472025,0.37923064314572397,0.08697801152553028,0.5103695224575466,0.1289936078101148,0.5440968954250046,0.6050087110834915,0.42535366028053384,0.0,0.3434389016419049,0.37462515857075085,0.12388362122243624,0.18707746379408105,0.0,0.0,0.0
0.0,0.0,0.4765976537959399,0.328680580071734,0.5164651055396883,0.5128134489774808,0.46913209954862034,0.47989333608785434,0.5147818489338574,0.0,0.41443883012179467,0.4723146759646019,0.45747873633545755,0.21888013298341952,0.46892006397432184,0.0,0.5637391943138333,0.12514467787763953,0.30449748240064667,0.5015027125545438,0.501395770220719,0.4338972870335836,0.499676493485333,0.1989047772780785,0.0,0.2321334621695011,0.5519730902041434,0.42956313014008024,0.5637809491594915,0.2621764593615957,0.29347349791736316,0.19779256750511168,0.05147067801535116,0.3317673409331247,0.11518881117728359,0.30192068496573043,0.20835329942783393,0.058708427701641176,0.054494783765145535,0.2901990452320552,0.019716976680813673,0.0,0.0,0.0,0.32618707334647895,0.09904647813807296,0.5739964589947223,0.3161214821959564,0.34570869188043274,0.40191222628474593,0.02378998739344251,0.4286639105961111,0.4355198111419635,0.4577210910840254,0.5564950773975211,0.3737995209659725,0.39026896501654595,0.4246882519948486,0.12333994921611663,0.29790619809278873,0.5264861130283951,0.4876304569529005,0.18883469135509537,0.39537218567845683,0.0,0.43932903217571134,0.4774069993861567,0.2952525329371152,0.06423006276499867,0.38507725844885055,0.428647813520239,0.0,0.23678169287620085,0.0,0.0,0.0
0.0,0.0,0.49184770001661227,0.29348109329603783,0.5399313176549048,0.38918705740639964,0.4613264116905177,0.49307973596043564,0.561764523158856,0.41443883012179467,0.0,0.179117591966661,0.3855860900182607,0.3530068159720393,0.44325916385031516,0.0,0.3262335596893968,0.0,0.46994661244474106,0.4081475813689543,0.45735620669169935,0.347840339817778,0.48903136770424577,0.0,0.0,0.1365673913568708,0.4704102403828089,0.38342206977326226,0.4411796026268354,0.2562022284334652,0.09395956456916199,0.07130421734095548,0.012006778432202091,0.2687134241842752,0.23128450290910524,0.27572716121498714,0.10102579039928433,0.0,0.0,0.14110667761614198,0.0,0.0,0.0,0.0,0.15659903284259027,0.17867090822796522,0.4873622959881059,0.5280884638360396,0.3418078863877625,0.42578981103422714,0.0,0.38430476095722405,0.44511345266723484,0.5787318354700529,0.3956924295254576,0.5795095090525237,0.1484111833750982,0.19592525821479967,0.09555669106531692,0.36232335977322233,0.38332025307021717,0.32513807262474903,0.0054649328713861686,0.5307168653538554,0.07523214831107508,0.42395113760613645,0.4762163175993872,0.3410361093178648,0.0,0.2632774829363407,0.30332649734805783,0.03534685068782922,0.13973726449026666,0.0,0.0,0.0
0.0,0.14062799311826085,0.29590732492189264,0.22031186602798405,0.2676733359223149,0.4319782879348872,0.34629968151261653,0.33618809437438996,0.24948503028423225,0.4723146759646019,0.179117591966661,0.0,0.4316737488152507,0.2203525001641758,0.21520226202146348,0.08497057165709831,0.5318354130878273,0.2670883701254741,0.15211806609018078,0.3211411955878315,0.2506028828641851,0.2953144941717044,0.31719646150369074,0.4896776561237084,0.16625657604351754,0.40987950260486355,0.3313611935218339,0.23861995842954262,0.2995725145459617,0.22307391807087304,0.25863126615092275,0.15560124992854363,0.12735798197119397,0.0864211552097378,0.0,0.15954816427350796,0.0,0.12341496457865556,0.2189270642805639,0.35328877536201037,0.2922503899993776,0.04366956328546871,0.028505671816279447,0.0,0.27816496997859724,0.037631577829571,0.3750424496566128,0.10981030345861464,0.22820533203662252,0.13445473156294685,0.28842195222856104,0.23350972074050946,0.3900404756975832,0.1932421252391996,0.37560187588769667,0.11009542256700112,0.5943303373358725,0.49119331345500383,0.13586332783929972,0.042185793050622394,0.30434569342421197,0.4958601215891493,0.28719647460589764,0.1702111010319511,0.0,0.20714117451519384,0.21183018413004298,0.23109843150156112,0.342468542396757,0.2736755330454391,0.46447679584759655,0.016854143110162177,0.4013465605525426,0.0,0.0655289070097934,0.170625468940793
0.0,0.08168168053848318,0.4374756535420356,0.3554003676292253,0.4515670178004648,0.4855783512310435,0.5148798425819539,0.4046210638959722,0.43724626229110475,0.45747873633545755,0.3855860900182607,0.4316737488152507,0.0,0.3544768049578878,0.4182184917398103,0.0,0.4949992010673923,0.2047903591547889,0.3443627459508038,0.48530953768319135,0.4049164358269937,0.4468292972564045,0.39926248678910037,0.2406029837624611,0.0,0.2897178940076051,0.43864492725678894,0.46921931577223963,0.39477158171502347,0.3361856128187704,0.09526696173812071,0.12707410432875188,0.031485840886064556,0.22174562322920885,0.15069824105117857,0.27522213959570985,0.10898586514317816,0.0,0.0933040697070565,0.19195624066897365,0.07550608663512588,0.0,0.0,0.06595208312979566,0.23663477405010866,0.10425418168526697,0.39933408856530617,0.35906750212111493,0.3238981570747358,0.26402735362544,0.09299196707124183,0.2128874549210303,0.39444196737228815,0.387184882411344,0.29882070844026415,0.28238296100142074,0.33041696043277646,0.3844228332962992,0.10172580113856426,0.2417067471265864,0.3303369433662375,0.44715416884088144,0.11989568209179409,0.34562044198357283,0.04917130930435058,0.32047270549016876,0.37808992012699194,0.3019669361792162,0.029251543940139405,0.16653317421675662,0.3625112886535609,0.0,0.3746316047456144,0.0,0.0,0.10252451679384983
0.0,0.056221549676060696,0.23798073604308434,0.2067246294831485,0.2861446159266797,0.22192131568320234,0.30230112739519355,0.29587489634990377,0.24528171768426438,0.21888013298341952,0.3530068159720393,0.2203525001641758,0.3544768049578878,0.0,0.14731181371079027,0.0,0.2913980087527198,0.11389754465921646,0.22324695037094777,0.22976591892423118,0.17698693200095866,0.13939611948304387,0.20526146699869868,0.17925028043877977,0.0,0.15190423114223425,0.1825943239348898,0.30707408024428273,0.15714265389595194,0.3441841481196537,0.032503763416433754,0.010741704985450825,0.0,0.07131676266590102,0.059360257127361246,0.24270065681386602,0.0,0.0,0.0,0.0473222497124989,0.0,0.0,0.043711007157906406,0.10588685224314048,0.1226055221116689,0.03213217954758456,0.19110318975609844,0.18647366897745235,0.1834438542377699,0.11117219531338969,0.07292152034017574,0.052011645172477104,0.24021673758455478,0.2083212399618557,0.1477832440403123,0.17496699798779086,0.15107612605519163,0.1596347439250882,0.17846733133714116,0.021224577404878264,0.12239410580558038,0.2746782429922301,0.018968266619766447,0.18878145212376285,0.009529134463952921,0.12171978048393631,0.12978025437791774,0.0981650411520483,0.006823947383832799,0.05850087310182994,0.16763195085519397,0.0,0.2680809718382344,0.0,0.025955054739864737,0.04157225577716985
0.0,0.0,0.4891205739005947,0.28980793742160793,0.5063705504009133,0.5126088960167874,0.44037589108302955,0.462284477183223,0.5786948473255377,0.46892006397432184,0.44325916385031516,0.21520226202146348,0.4182184917398103,0.14731181371079027,0.0,0.0,0.3480079342277184,0.0,0.3943590865757255,0.6073631153072838,0.5858852551677051,0.573096151266014,0.5681385031596858,0.0,0.0,0.1101811834571473,0.5913329648790978,0.43461497512220176,0.6164571258662273,0.26793748104992093,0.15687675791602032,0.2822043094990128,0.0,0.38155452511729565,0.3143067124229614,0.24951007575587078,0.19148781403577061,0.0,0.11024679448363608,0.2388349762871655,0.0,0.0,0.0,0.0,0.1498574463864697,0.21013199347923764,0.4890465467009056,0.4708030856951775,0.2663324446521265,0.32595896361113513,0.0,0.3055392006441671,0.3968213072468667,0.5069315269792444,0.34577813697147003,0.41800416567027476,0.1144113175391233,0.16612234913487053,0.0,0.5454035148188412,0.5085293057705073,0.28958263280275653,0.049797443361499695,0.4531405458842085,0.10182691292284135,0.5452848839229717,0.5955760662338141,0.4483886595355526,0.0,0.3008456617379838,0.35685489517020264,0.16746163138792838,0.12288206668396083,0.0,0.0,0.0
0.3002479264324264,0.4235547995783704,0.0,0.0,0.0,0.0,0.0,0.0,0.0,0.0,0.0,0.08497057165709831,0.0,0.0,0.0,0.0,0.0,0.5137658505397551,0.0,0.0,0.0,0.0,0.0,0.31134883792496265,0.5554959782464901,0.28810390380153583,0.0,0.0,0.0,0.0,0.2520886728708802,0.05725368598531951,0.30354301739050915,0.0,0.0,0.0,0.0,0.3250920838496559,0.25015203391858026,0.18076069180055154,0.38304179149224205,0.19591830407500674,0.22478270512113654,0.03249236461035677,0.0,0.0,0.0,0.0,0.0,0.0,0.320854247699677,0.0,0.0,0.0,0.0,0.0,0.10282215681768288,0.06755659307849576,0.004971230097802082,0.0,0.0,0.0,0.34709986588312425,0.0,0.2538104330784667,0.0,0.0,0.0,0.36017433631804335,0.05173873037633328,0.0,0.18486266682280095,0.28186214968864287,0.36646784514233355,0.33355329553183843,0.21868427587809922
0.0,0.03720294591046231,0.4213858752270974,0.33391052802518717,0.45729066494844284,0.5742297923484507,0.47454894758288707,0.5035832504679403,0.4464459025539699,0.5637391943138333,0.3262335596893968,0.5318354130878273,0.4949992010673923,0.2913980087527198,0.3480079342277184,0.0,0.0,0.26632873837939275,0.23765101551770454,0.4485133665480947,0.45590406346702456,0.3520701618689015,0.4560226542101401,0.35096597441855754,0.011521065136063609,0.3452481408075283,0.4877059541438685,0.3447262421571492,0.4967634284279014,0.2685415330338786,0.3598107827852916,0.1875650350683751,0.13327043677441786,0.2727238316455354,0.04276356685540086,0.27248627560987737,0.12896485766070762,0.10244203148950347,0.1259548307452757,0.30318553401071097,0.08143962176570525,0.0,0.0,0.0,0.3200580250869754,0.06406888372524243,0.5408074723550274,0.19020590476226923,0.2906422469113526,0.33288433897396885,0.18535372741978012,0.42751442867721706,0.48851826953439886,0.3801623234246657,0.4593853807358383,0.27801687236243394,0.4456372089990709,0.49176642700666595,0.17109456751570298,0.15693763520434223,0.4467679895567453,0.5474527394625104,0.2704241131968068,0.32238745981421874,0.0,0.38526248048629147,0.378650335099816,0.26598288378882445,0.1788596200615043,0.3018791525800613,0.4664044346384774,0.0,0.3176339488910211,0.0,0.0,0.0
0.12045645894437981,0.37943655368829804,0.1874219302287148,0.2221314351089768,0.10808080321123305,0.14260436018156186,0.17455010571360283,0.03672944848026136,0.0733738411898255,0.12514467787763953,0.0,0.2670883701254741,0.2047903591547889,0.11389754465921646,0.0,0.5137658505397551,0.26632873837939275,0.0,0.10678858643832143,0.10088183512447009,0.0,0.18012349919343978,0.0,0.3949257347577268,0.4759967635691155,0.33392278107037093,0.09770399203350827,0.11295082106687455,0.06208271932651857,0.12460920305880151,0.32286356436604113,0.14794191876216464,0.2653899171809946,0.0,0.0,0.13198691441926502,0.09163778041043137,0.3020698900781821,0.18781723439542483,0.25035270355835615,0.34282373768321667,0.01827009219256499,0.1349482420529563,0.0057179686738339395,0.16969366254786233,0.0,0.1045110828413356,0.0,0.0,0.040435868459703,0.23808742619775264,0.10898198874048294,0.06854836515372244,0.05782444488325576,0.06350494491078931,0.0,0.21571590617873726,0.2574000122404723,0.11600709320479398,0.0,0.14898082345468394,0.19140181810324577,0.42852340668133665,0.04795708261415172,0.23532985728154826,0.0,0.06997546558988017,0.0,0.3052183913855978,0.19455052961529462,0.12539582031720314,0.07133146629514202,0.4268953016055441,0.07145942213938869,0.19720692289036276,0.18111800994795002
0.0,0.0,0.48747007247775986,0.33349125401132257,0.3739836194539292,0.28620888333568734,0.3477625571264497,0.28824448260229835,0.4254213850281831,0.30449748240064667,0.46994661244474106,0.15211806609018078,0.3443627459508038,0.22324695037094777,0.3943590865757255,0.0,0.23765101551770454,0.10678858643832143,0.0,0.41419769545621626,0.29321173667942885,0.4031196426267441,0.33593368143545604,0.0,0.0,0.10236549717248707,0.39498137916323844,0.38757841995376346,0.33905838983922465,0.25059025958891806,0.13267683310747938,0.13091329791501533,0.04817560651739358,0.270588432611502,0.24557568448433786,0.2657638648925782,0.17320712407066496,0.0,0.07051365090528718,0.1261029716050441,0.0,0.0,0.0,0.03223685935361899,0.0832425982747458,0.06191674412391932,0.30157165447819645,0.4271633815852143,0.23527106516980792,0.2453480937351655,0.0,0.1269671716919215,0.25139070573865857,0.42039492173799514,0.2363396965804428,0.329236654150529,0.07624213486341239,0.06833504959569109,0.05451070302620054,0.29305682636271163,0.2614139760246222,0.19012414922297607,0.002307689049890962,0.5549104669485575,0.16908654573348889,0.21932569572011262,0.3755278399127056,0.2604295416581556,0.0,0.14777832265077392,0.16897729471262124,0.08049001076721342,0.19996298180415,0.0,0.0,0.001440003935282448
0.0,0.0,0.5509631796231795,0.4187990775529513,0.506176814235491,0.5556036010017219,0.48513844388302985,0.4825065058151523,0.5561833733203255,0.5015027125545438,0.4081475813689543,0.3211411955878315,0.48530953768319135,0.22976591892423118,0.6073631153072838,0.0,0.4485133665480947,0.10088183512447009,0.41419769545621626,0.0,0.5456397386142899,0.5957497999162487,0.532371059272151,0.11944365048221477,0.0,0.16331605672361432,0.6115532678768247,0.47035640693181,0.6351246206012374,0.37510921981298034,0.25233535815855096,0.2898120303895638,0.0,0.4062634395686047,0.275890516121409,0.3451423730723113,0.20785414138362718,0.0,0.09250754070187733,0.2954944031720139,0.049944387166710374,0.0,0.0,0.0,0.22518664849382583,0.14450733399519514,0.5084755881273928,0.41135447147941423,0.3175711729874027,0.29063506223232727,0.0,0.2964260177656299,0.4349271141181191,0.4768121379286572,0.3408652006152774,0.33116990507082583,0.19166407066771887,0.26269552695218146,0.03806363857712666,0.4385848017116133,0.5487340764650058,0.35578070226188957,0.13445531539218913,0.45160623373747794,0.13390438211917233,0.48617935199620727,0.5740571968416505,0.396652561172716,0.0,0.32022325544276886,0.38701219266178827,0.12230498708893076,0.2601198249598823,0.0,0.0,0.05418982503321391
0.0,0.0,0.43071991556109723,0.21368653308273908,0.4941951803905836,0.5479285903535906,0.455400818028168,0.5513135926598781,0.5943374412320516,0.501395770220719,0.45735620669169935,0.2506028828641851,0.4049164358269937,0.17698693200095866,0.5858852551677051,0.0,0.45590406346702456,0.0,0.29321173667942885,0.5456397386142899,0.0,0.4736254104843056,0.6182871969323501,0.04134224506766913,0.0,0.2001532272412658,0.5448535351787386,0.3811798378224122,0.5903014168642594,0.2901135995812358,0.17615730483126868,0.2084016735713636,0.02143775451666878,0.3543451147169758,0.25869067482096514,0.207318582753284,0.07886514462423215,0.0,0.06834796606680918,0.23866785387832282,0.0,0.0,0.0,0.0,0.19214807681290177,0.3303135432691328,0.5340371013750723,0.4007209894856763,0.30557352868469806,0.38833377196698743,0.0,0.4199119441189396,0.4723859572877491,0.5125802281115924,0.4203428646377993,0.44525201654173285,0.16014863838926346,0.256538901323471,0.03023509055428014,0.49481563713256477,0.5326541151271958,0.39071932180003016,0.10097528037829359,0.40893760949566654,0.0,0.630512197206265,0.5528344087314947,0.4709468532112713,0.0,0.35624222761647484,0.45593879448120506,0.10360290291244059,0.07157147794140545,0.0,0.0,0.0
0.05012547045035458,0.0,0.4651101198024243,0.4027206854639441,0.4754135151559238,0.4409299846254921,0.4504730230670744,0.337814146422318,0.5146739793981959,0.4338972870335836,0.347840339817778,0.2953144941717044,0.4468292972564045,0.13939611948304387,0.573096151266014,0.0,0.3520701618689015,0.18012349919343978,0.4031196426267441,0.5957497999162487,0.4736254104843056,0.0,0.42993168796956205,0.10742196992114501,0.046854458803094245,0.23462365755891965,0.5379774657840991,0.415970300159325,0.5317675878484394,0.2903797851542752,0.23853326589933285,0.31807284725869744,0.0539445065885317,0.3583077748511443,0.26808939188975,0.2670196633581462,0.1683910845146718,0.0,0.20673161694515882,0.28687444524065125,0.1131777085764024,0.0033746076087043794,0.0,0.0,0.1786107975659648,0.19512921594565225,0.42217692311704746,0.37690612407395846,0.2434412502871083,0.25215373921313006,0.0,0.2370542819900077,0.32079386772801294,0.43875085631529387,0.2755112505305862,0.2832659275262047,0.17058705737808946,0.18309486359357277,0.0,0.47687761318979416,0.45610599463126905,0.2997881261384555,0.1632417966083899,0.38606597453590835,0.27867350656418516,0.4299394103463242,0.5667636828251484,0.3438409645331825,0.0,0.3421637912863502,0.3552084295575616,0.21182699423908188,0.2968429491116317,0.0,0.0,0.1531436051810448
0.0,0.0,0.4782215943346066,0.24113921477513603,0.5170628010335437,0.6287774991785237,0.49730411213220466,0.591252359406072,0.576313020043161,0.499676493485333,0.48903136770424577,0.31719646150369074,0.39926248678910037,0.20526146699869868,0.5681385031596858,0.0,0.4560226542101401,0.0,0.33593368143545604,0.532371059272151,0.6182871969323501,0.42993168796956205,0.0,0.08643820697267215,0.0,0.23982907917335133,0.5895605000803978,0.33784547921037533,0.6015051937429903,0.301910020197877,0.16987834534097834,0.19269502126600935,0.0,0.3602658822409756,0.21156987105644554,0.23191349696956787,0.07892244502454075,0.0,0.09331153537318511,0.2690892744472851,0.0,0.0,0.0,0.0,0.18427853943270595,0.21978787620569795,0.5621445266811893,0.43574518037431925,0.2595383742885004,0.39235450180297604,0.09355093810285772,0.44290258752080547,0.5638776319928719,0.5187222574184622,0.4274230774738893,0.4724438227055144,0.24051102797005794,0.31374535118487645,0.03744954682539334,0.4615140102214536,0.523710738601227,0.40163377862628946,0.12194264051353984,0.44477395190565777,0.0,0.5859904795379385,0.5359394249746289,0.5348154797860684,0.0,0.3548671365108867,0.4791154076204051,0.13698684928343327,0.09528737294435234,0.0,0.0,0.0
0.082546747533911,0.25530344387435716,0.094567989933465,0.06565219304336299,0.048618124206601346,0.23372775264862836,0.12662406200790416,0.15791145900543638,0.014277360305644022,0.1989047772780785,0.0,0.4896776561237084,0.2406029837624611,0.17925028043877977,0.0,0.31134883792496265,0.35096597441855754,0.3949257347577268,0.0,0.11944365048221477,0.04134224506766913,0.10742196992114501,0.08643820697267215,0.0,0.39429286890827236,0.4219658114490918,0.06600913449646183,0.0954122017849955,0.062127965058080034,0.1916889038564209,0.3089378808049126,0.09977764020728427,0.2267182656741892,0.0,0.0,0.0010265457002798046,0.0,0.22549536943272586,0.234608897226451,0.37667636074848215,0.42307370786703197,0.11887438923394408,0.11165374584495825,0.0,0.14919977337236998,0.08733655813831386,0.1363950325236306,0.0,0.013310548244497466,0.0,0.4338283691158397,0.08062839355231798,0.26916441513352113,0.0,0.1605998775675702,0.0,0.46583989124946135,0.4087207671678561,0.16184729861977135,0.0,0.16450549285500696,0.3275401694378327,0.44782514217146085,0.0,0.06554906522047055,0.025693898425172453,0.0,0.11121116075070009,0.5682424758900321,0.24279926118723627,0.37230761106549876,0.07511645125006071,0.4636097392534388,0.09893223620856306,0.29888529492172944,0.31042251529437437
0.37766092428206754,0.44694066515186676,0.0,0.0,0.0,0.0,0.0,0.0,0.0,0.0,0.0,0.16625657604351754,0.0,0.0,0.0,0.5554959782464901,0.011521065136063609,0.4759967635691155,0.0,0.0,0.0,0.046854458803094245,0.0,0.39429286890827236,0.0,0.3695461195179375,0.0,0.0,0.0,0.0,0.239606073549639,0.06487211683886772,0.26936602592729775,0.0,0.0,0.0,0.0,0.2764617891795821,0.2258513672358538,0.23419999623007653,0.3870439199730979,0.18982341240569928,0.23860206896132377,0.033676519336271665,0.008717972570759382,0.14904028910741263,0.0,0.0,0.0,0.0,0.38864245817042725,0.028894606709682507,0.0,0.0,0.0,0.0,0.1609471183266823,0.17732456531256885,0.0,0.0,0.0,0.0899435869813886,0.47005302267463733,0.0,0.2764787399800605,0.0,0.0,0.0,0.4640854563154582,0.33727836877997264,0.17934070982629313,0.3032344274896949,0.34163696534541194,0.45257095891747845,0.3918689656217603,0.32965831798688255
0.2758651043256022,0.4362399390568517,0.1151250349699469,0.06366224753488453,0.1734677638607178,0.3279664866242311,0.3101928396335989,0.2122358028986272,0.16314440866119775,0.2321334621695011,0.1365673913568708,0.40987950260486355,0.2897178940076051,0.15190423114223425,0.1101811834571473,0.28810390380153583,0.3452481408075283,0.33392278107037093,0.10236549717248707,0.16331605672361432,0.2001532272412658,0.23462365755891965,0.23982907917335133,0.4219658114490918,0.3695461195179375,0.0,0.15651578598551422,0.0,0.16731936059112298,0.15692598756917078,0.1372763202440258,0.11534528340126424,0.2714591225333337,0.0,0.0,0.0,0.0,0.11257793544675823,0.23758710368315258,0.30728364131933483,0.18973934268777964,0.007121960626874175,0.09055690903921572,0.005607533964792297,0.09573513316955347,0.24041388237425562,0.26513831092497836,0.07153517131997422,0.026222586129431312,0.017366288354125948,0.36061922508664895,0.19563600298552963,0.26689264799112133,0.17852619321836335,0.18641183416476667,0.06232823519924837,0.34868110244318745,0.3674843957429507,0.03186907415357608,0.1302079487035692,0.22445234061360514,0.32368297243144334,0.33952338617275807,0.08205546454025267,0.15216578255745639,0.17811541725306437,0.17711198436622916,0.23480783639770683,0.2961138672594822,0.34283420117625574,0.4859030851565088,0.1516317814751599,0.26215432465555755,0.10701041949720541,0.21389642889060898,0.21099446878748834
0.0,0.0,0.585773195974852,0.44049774448421897,0.5784086166319653,0.568893573838542,0.4796064324041284,0.5461694998592662,0.6229453395405369,0.5519730902041434,0.4704102403828089,0.3313611935218339,0.43864492725678894,0.1825943239348898,0.5913329648790978,0.0,0.4877059541438685,0.09770399203350827,0.39498137916323844,0.6115532678768247,0.5448535351787386,0.5379774657840991,0.5895605000803978,0.06600913449646183,0.0,0.15651578598551422,0.0,0.4115547160997989,0.6479216816551298,0.20625768785692225,0.2497778315039449,0.2744400437496208,0.017507517231824907,0.3925457544497553,0.20478981405393634,0.33755614469236744,0.3046436279293615,0.0,0.07665583210380376,0.3015087246161882,0.0,0.0,0.0,0.0,0.27420007290212617,0.052043627778663934,0.5968897934054204,0.4084426832789917,0.2885915723551171,0.4407965730519818,0.0,0.4459773637640533,0.48294717257577435,0.5429260501022553,0.4172800038490752,0.4283961540983256,0.23971236609586533,0.29183893041654807,0.07179188167250845,0.4442789969399357,0.535428140695612,0.3769598224628167,0.13606492602036982,0.4863221948494242,0.061337976667450916,0.48733678172580996,0.6029570045401494,0.3879302629692114,0.0,0.33654479070541576,0.36749930708851286,0.17034565042350103,0.15948375098814188,0.0,0.0,0.0
0.0,0.0,0.43231548213617177,0.3182120701881231,0.4170690256101058,0.30874297269734524,0.3164538958459324,0.3606637315459376,0.4172169510301793,0.42956313014008024,0.38342206977326226,0.23861995842954262,0.46921931577223963,0.30707408024428273,0.43461497512220176,0.0,0.3447262421571492,0.11295082106687455,0.38757841995376346,0.47035640693181,0.3811798378224122,0.415970300159325,0.33784547921037533,0.0954122017849955,0.0,0.0,0.4115547160997989,0.0,0.36755524882090523,0.37546462855170065,0.2643488056791873,0.1605344273234178,0.03300880500531659,0.3057009682185167,0.1752911554637614,0.28587105432232673,0.2659663129253062,0.0,0.07771618242622844,0.18515876148868576,0.039753912671104855,0.0,0.0,0.026619962695551593,0.2568375417348107,0.09861617597248062,0.31519302212537526,0.344966187693682,0.33981723206164766,0.3300532073879068,0.0,0.15032189782045996,0.31612809663106156,0.36556343522717294,0.30462895317283933,0.3118005668522104,0.17557093933167844,0.21359608211862835,0.20317908022745648,0.2627711141225179,0.31178556480131087,0.262879133533736,0.08467986182414548,0.34639386688081997,0.08552549959846605,0.312083974326545,0.3712987535579899,0.2166705237576267,0.0,0.12752658835381517,0.17859370026558286,0.0,0.35454582013201413,0.0,0.0,0.057368286536348706
0.0,0.0,0.5316667095305895,0.3433221908320169,0.5562895204579201,0.5782576517107262,0.49693783834881805,0.5352414705293561,0.5928585487060457,0.5637809491594915,0.4411796026268354,0.2995725145459617,0.39477158171502347,0.15714265389595194,0.6164571258662273,0.0,0.4967634284279014,0.06208271932651857,0.33905838983922465,0.6351246206012374,0.5903014168642594,0.5317675878484394,0.6015051937429903,0.062127965058080034,0.0,0.16731936059112298,0.6479216816551298,0.36755524882090523,0.0,0.26832647913175306,0.22494233017125378,0.2399240136338937,0.0,0.37295966010203435,0.23607114408334862,0.2671817975455656,0.20503233786501338,0.0,0.04549387894427276,0.2894396332493749,0.0,0.0,0.0,0.0,0.2379845704617024,0.13922868463571123,0.6112317580661725,0.40536719900192564,0.2502193653238713,0.3737148243037593,0.0,0.4399795679731081,0.46339614437149135,0.5076804497948294,0.42392996197263955,0.39872325137787334,0.17721941329991017,0.3006344370662084,0.0,0.4479077663659295,0.6206574086375342,0.3899899454971922,0.186999221239477,0.4590737415294558,0.0,0.538922173166039,0.602616668486059,0.3886835804462406,0.0,0.4150167487324109,0.4245901023183252,0.09209859745202625,0.12972925326649287,0.0,0.0,0.0
0.06886455398169068,0.11040633682637999,0.21110636307709935,0.08680936232636761,0.24606127388474927,0.2931722573173186,0.2956170181405941,0.31803186894042385,0.23285833293802807,0.2621764593615957,0.2562022284334652,0.22307391807087304,0.3361856128187704,0.3441841481196537,0.26793748104992093,0.0,0.2685415330338786,0.12460920305880151,0.25059025958891806,0.37510921981298034,0.2901135995812358,0.2903797851542752,0.301910020197877,0.1916889038564209,0.0,0.15692598756917078,0.20625768785692225,0.37546462855170065,0.26832647913175306,0.0,0.1763405174394009,0.09861034275562067,0.0,0.19605996668693082,0.18711761206629451,0.1733368713735639,0.0,0.0,0.0,0.0851476929790463,0.010326347324618818,0.0,0.05755460939767295,0.13159388588853857,0.11655239901805915,0.21344603172798238,0.20325105520740855,0.2751498168845891,0.20403047843642075,0.04726708870847102,0.0889478350026884,0.03017567345052582,0.2461758178035965,0.17444376044530907,0.16184530125607915,0.1628014605783561,0.09670313158060871,0.17111581167537926,0.09516630584118284,0.16228591743317344,0.2925857655701424,0.23229675858662463,0.11573623063010798,0.2329694192327041,0.06479463183034948,0.2442920725612675,0.21814509780087935,0.24094100999558657,0.0,0.14914085343083794,0.2506992413885266,0.0,0.3106565569094035,0.0,0.18006496777068093,0.246701109521339
0.0,0.0,0.3219442442969456,0.16896802919149123,0.159845605729553,0.2006945827580742,0.013812736115234125,0.25157348854280176,0.22666163177911222,0.29347349791736316,0.09395956456916199,0.25863126615092275,0.09526696173812071,0.032503763416433754,0.15687675791602032,0.2520886728708802,0.3598107827852916,0.32286356436604113,0.13267683310747938,0.25233535815855096,0.17615730483126868,0.23853326589933285,0.16987834534097834,0.3089378808049126,0.239606073549639,0.1372763202440258,0.2497778315039449,0.2643488056791873,0.22494233017125378,0.1763405174394009,0.0,0.24759825585589182,0.27352469099523014,0.12592335355327594,0.0,0.12567981545965048,0.16681196678558974,0.2791374635461101,0.1842336620375082,0.32314431210170386,0.24344491558956788,0.20161902184339897,0.0,0.0,0.2252048811896505,0.0622098003755773,0.23755349070184872,0.0,0.1509144616172736,0.25485418728370735,0.21839221348982973,0.26422016526800424,0.2671297259808689,0.2254391261016733,0.2531207587164795,0.0869701057190326,0.2645544155413599,0.24438706427400028,0.2020879530583566,0.12369363313903248,0.2797224897817728,0.20669883310470216,0.29931610171908785,0.16318768439557851,0.21151034651828696,0.15638692941468318,0.2307265316937321,0.12474711428814972,0.31737178836911756,0.23689949458855464,0.19891072599958484,0.16985826054493003,0.3019596325117802,0.04859277629537012,0.07696184492896525,0.02166216790073208
0.0,0.0,0.25149375853122125,0.23496769115203048,0.21834187939879895,0.20909942385869365,0.12381097950398501,0.1752860105418866,0.23690335036472987,0.19779256750511168,0.07130421734095548,0.15560124992854363,0.12707410432875188,0.010741704985450825,0.2822043094990128,0.05725368598531951,0.1875650350683751,0.14794191876216464,0.13091329791501533,0.2898120303895638,0.2084016735713636,0.31807284725869744,0.19269502126600935,0.09977764020728427,0.06487211683886772,0.11534528340126424,0.2744400437496208,0.1605344273234178,0.2399240136338937,0.09861034275562067,0.24759825585589182,0.0,0.1837343374795284,0.28220551197668214,0.10025057302874778,0.22453808778448672,0.19212937682767936,0.16774793159553805,0.3395695402857353,0.31864246568650967,0.21301785304962845,0.22771630726989592,0.0,0.0,0.16309772119437357,0.0,0.19936436872298666,0.0,0.12657331361925453,0.24023317202852623,0.007623244980567629,0.20085559779703474,0.18176410816411107,0.1733468413934454,0.15231774811316978,0.016626585174133034,0.13292526703323584,0.1236338731591865,0.14860838305651766,0.2641625042890136,0.2528676130992955,0.10237760808448877,0.10395682651662594,0.1257694137508888,0.2376522006751154,0.17675178192222274,0.31602981461622476,0.18717129210274044,0.07666768490909553,0.14188932361455148,0.14288022923142726,0.13113961792846418,0.14541092248801524,0.0,0.0,0.0
