0.0,0.6270513323466493,0.0,0.0,0.0,0.0,0.0,0.0,0.0,0.0,0.0,0.0,0.0,0.0,0.0,0.4514988994271237,0.0,0.18113683344459686,0.0,0.0,0.0,0.07537635650148396,0.0,0.12412996854197213,0.5679089734142075,0.41483314297389423,0.0,0.0,0.0,0.10355532077011928,0.0,0.0,0.284981051293204,0.0,0.09857819526134107,0.0,0.0,0.0,0.19563279663549601,0.0,0.09902359267676489,0.10961490735083777,0.4597166431012349,0.34575493616283903,0.0,0.6282802154068114,0.0,0.0,0.0,0.0,0.23310276442111105,0.0,0.0,0.0,0.0,0.0,0.0,0.0,0.0,0.07366540492571774,0.0,0.0,0.1310079760958472,0.0,0.44687053900695695,0.0,0.0,0.03855674165771159,0.13346261635926213,0.16913705972528995,0.11185281259269599,0.28559144983420254,0.19269296763290197,0.668767278063422,0.6012569544539415,0.4798926767629164
0.6270513323466493,0.0,0.0,0.0,0.0,0.03943717313050335,0.19905785564276218,0.0,0.0,0.0,0.0,0.2114698505197826,0.12282912093577128,0.08454335756600692,0.0,0.6369220534808565,0.055944063739607156,0.5705790825211356,0.0,0.0,0.0,0.0,0.0,0.3839134721057569,0.6720886329608337,0.655997377602713,0.0,0.0,0.0,0.16602392615727093,0.0,0.0,0.2927991244233855,0.0,0.0,0.0,0.0,0.0923357793051021,0.17491891074144436,0.11090159454483428,0.21666977495927048,0.0,0.44065326932178356,0.3505840601874309,0.0,0.16327986074374953,0.0,0.0,0.0,0.0,0.4234386102192734,0.0,0.0,0.0,0.0,0.0,0.12317874623685175,0.2323245193160018,0.0,0.0,0.0,0.13671462960097958,0.379892902711781,0.0,0.163976799879595,0.0,0.0,0.0,0.25151179756215203,0.23236666634234898,0.2192325680965018,0.1421820007739483,0.31588349182822173,0.44353307663350394,0.5140013763519299,0.4745788796867117
0.0,0.0,0.0,0.6875314400259431,0.757397251306768,0.7190177009338518,0.6206487000174874,0.7518580270406351,0.8769287333627903,0.7166854363167273,0.7396177481786578,0.44497170429161026,0.6578555877049308,0.3578643878910903,0.7355168224716554,0.0,0.6336605256855569,0.2818364017771713,0.7330348750198699,0.8285128632877329,0.6476966224142974,0.6994110157509245,0.7191274427433999,0.14220695504321557,0.0,0.17311968546480025,0.8808585505954435,0.6500959613911512,0.7994957269725764,0.31745195287077027,0.48412481546207126,0.3781846440667842,0.1154845635362458,0.4917464633343096,0.19774937856482688,0.5540801951325942,0.4144996258573355,0.0860996943820938,0.09236054138103894,0.37522820012373853,0.032729874114734867,0.0,0.0,0.0,0.41101849862665446,0.0,0.7544403499154204,0.5636544375844943,0.43842193607173596,0.6683031095278054,0.03747542267052977,0.5844180997472999,0.7101745568372603,0.8404104887528236,0.6093660301175089,0.5644069114427398,0.37354273337858673,0.4268242650861567,0.21115282542612587,0.5121548121171597,0.6856675201817477,0.5153112515338917,0.1749189467217419,0.7936588258128904,0.2315851955590045,0.5320812127799335,0.7866828736480539,0.5102347925070214,0.0,0.41453488967423463,0.4341229735991476,0.16554894816377866,0.3640849850697622,0.0,0.0,0.0
0.0,0.0,0.6875314400259431,0.0,0.6188050089009707,0.4373179648327863,0.5650095320491925,0.41188028028687984,0.6341717485744041,0.4942546046154129,0.4413232497565704,0.3312947610472757,0.5344345812716347,0.3108629052168578,0.43579972839728925,0.0,0.5021191576636308,0.33403094459818766,0.5014886728570659,0.6297706193778093,0.32133189279816027,0.6055926794366376,0.3626139616461193,0.09872472145357726,0.0,0.09573233373695408,0.66240006783033,0.4785125452205213,0.5162719794651135,0.1305398908696425,0.25408628170991854,0.3533335107976177,0.09009791920272056,0.5464977543670309,0.31715392463870257,0.702113670839107,0.5225727896268413,0.14805272164729263,0.0,0.17855192327637073,0.03608523806158141,0.0,0.0,0.02337582952886037,0.42134846938141723,0.0,0.49243997749766044,0.2600061580442248,0.4110022429920361,0.5030135627742459,0.0,0.3620062658995723,0.3621610498079488,0.5271908638486502,0.310646006993471,0.28733896811505627,0.2258825911150647,0.2168444605083491,0.2593418313508163,0.2345137813996701,0.32289923241488744,0.3068825026603947,0.0,0.47436163330512754,0.15092375955430853,0.2254201554391963,0.552318035824274,0.1253025688467562,0.0,0.14210937148251984,0.18024893427734728,0.0,0.32124954077572904,0.0,0.0,0.0
0.0,0.0,0.757397251306768,0.6188050089009707,0.0,0.7435231133753085,0.8583651085480821,0.7145574684251632,0.9311997819083011,0.7766362602879212,0.8119236611690333,0.40251474176995294,0.6790455273981176,0.43029099552156014,0.7614565366857697,0.0,0.6876524823860412,0.16252689661806466,0.5623792130508627,0.7611652052301067,0.7431477802353932,0.7149047835772097,0.7775350470368416,0.07310967916520146,0.0,0.26085277390525136,0.869784037916651,0.627169047545398,0.8365223674779321,0.37001552573787255,0.24036840461377063,0.3283323865671861,0.04385564239922114,0.5484072754310519,0.41350204607667806,0.5002862093783598,0.302863148894613,0.0,0.09770798449097162,0.3367957339098336,0.0,0.0,0.0,0.0,0.3482636837996601,0.1876660247039152,0.8500434394733432,0.6526525064674052,0.49344922875660824,0.7266458379505134,0.0,0.7115656782139118,0.6429767812542629,0.7990117454136456,0.6203635213565117,0.708249770501446,0.2873467041636251,0.43848986739911355,0.12675310536757986,0.589795474332849,0.7371407968106423,0.5782442012547231,0.18316700358007476,0.6430879871649594,0.0890307184499918,0.7009846535662934,0.8034874629129632,0.5329583532813142,0.0,0.5465276571562138,0.5570963954372059,0.10432745412247141,0.33210318191698013,0.0,0.0,0.0
0.0,0.03943717313050335,0.7190177009338518,0.4373179648327863,0.7435231133753085,0.0,0.8012025362897659,0.852545709261315,0.7634544201963618,0.771145068596732,0.5852414375618248,0.6495889043980118,0.7301901923902046,0.333714976755836,0.7708374713462697,0.0,0.8635001158682142,0.2144418196006257,0.4303876378690385,0.8354909136282789,0.8239495887575387,0.6630500504976273,0.9455264262334055,0.3514689488128096,0.0,0.4931807840249875,0.855475758088449,0.46427335580644713,0.8695570238732855,0.4408588365426239,0.3017952007626926,0.3144340108017141,0.07755833179835576,0.446769648206426,0.21803388641078478,0.3593070719089002,0.12330201616254119,0.0,0.19895154853254213,0.4782745070956219,0.02983165842419664,0.0,0.0,0.0,0.36759912055796645,0.22334906617207803,0.8846113958417013,0.48415107636817656,0.3496665142142289,0.46769190579872605,0.30529055855990894,0.6056571302137823,0.8270975838594583,0.6603430268732117,0.5987328031586853,0.5039723782945177,0.5032738027647845,0.6588928265988033,0.04437197856248326,0.5015978218058583,0.7819337743356212,0.7481116095103804,0.3757774599727295,0.593250560283787,0.0,0.7526306922223346,0.7287951008559588,0.6812623729736952,0.10320998015072226,0.5201255860605509,0.7807894682699394,0.1327486144584895,0.34612042852917047,0.0,0.0,0.0
0.0,0.19905785564276218,0.6206487000174874,0.5650095320491925,0.8583651085480821,0.8012025362897659,0.0,0.6877692176055127,0.7607033577352402,0.7054590822621661,0.6937212510668583,0.5207493917867196,0.7742524154127068,0.4545864077606765,0.6622168303399594,0.0,0.7136046869792259,0.26248034935993636,0.5229491962532897,0.7295286801331907,0.6848106182815048,0.6774004288824548,0.7478228475253312,0.19041138873752514,0.0,0.46645359842731204,0.7212098979719945,0.4758686842289326,0.7472720620060005,0.4445351544249386,0.020770951620573668,0.1861812058030127,0.0,0.47948503866120756,0.45397512298341375,0.4825222200829278,0.15110843835835075,0.0,0.06223315493871411,0.25322126101168535,0.0,0.0,0.0,0.040677597623648705,0.2912774555034756,0.22865900122624142,0.7659089083829704,0.5929306937877704,0.44161597149278603,0.5072746818716187,0.07720152462997579,0.5698486940170657,0.600386511155036,0.671031296573714,0.514544487235043,0.6115355686718112,0.355005782275766,0.4837275905944854,0.0,0.44048789552454054,0.6775798563606628,0.6302209120127168,0.19746970138909886,0.5837765595690089,0.0,0.599969306337735,0.6923652278509701,0.47115362986430076,0.0,0.46443860606992005,0.6029044575447003,0.03028701379333086,0.3526421221920176,0.0,0.0,0.05627509677801383
0.0,0.0,0.7518580270406351,0.41188028028687984,0.7145574684251632,0.852545709261315,0.6877692176055127,0.0,0.8202308609911962,0.7216413304184497,0.7414704266610721,0.5055440562541254,0.6084503803398572,0.4449229397098297,0.6951619454978752,0.0,0.7572651243850629,0.05523204027567355,0.43344867758867967,0.72557089379599,0.8290397981521771,0.5079892378704451,0.8890978623148333,0.23745992451985143,0.0,0.3191503520652232,0.8213043500988833,0.5423493836948077,0.804871286683632,0.47824156694607217,0.3783045383585038,0.2635869688926712,0.11122664130235235,0.494696104951101,0.19426200217507728,0.44268555577633684,0.19080881504804492,0.0,0.02902007492004524,0.4085156533304006,0.0,0.0,0.0,0.0,0.4339203734950386,0.1733730819794043,0.8047335771813867,0.5014729268972422,0.4999568308204859,0.6332115872681531,0.1355094361736348,0.6654918134520119,0.8995710936997257,0.7657510597046443,0.619515604035855,0.6696599479061709,0.45920271872114465,0.49621262199712135,0.23730651764251792,0.4510865417931341,0.7265943804369174,0.5966278808427827,0.1545793874577244,0.5972245327443674,0.0,0.7430882130494225,0.7033769568167033,0.572809153567599,0.021645740696227912,0.3709461220235915,0.6124013845711367,0.0,0.19594125755626857,0.0,0.0,0.0
0.0,0.0,0.8769287333627903,0.6341717485744041,0.9311997819083011,0.7634544201963618,0.7607033577352402,0.8202308609911962,0.0,0.774105057111878,0.8447554224841901,0.3751640117395604,0.6575106397861754,0.3688432652971673,0.8702144583517419,0.0,0.6713446319244821,0.11033617763019782,0.6397289380655092,0.8363627483379409,0.8937370652083324,0.773942847909598,0.866632777007939,0.02146963191825259,0.0,0.24532899138871303,0.9367562951982893,0.6273914909279522,0.8915131752524664,0.3501615557955105,0.3408432441369653,0.35624426530168396,0.039980754463776635,0.6051445846517417,0.3931559466271979,0.5106211342748042,0.31108672598094167,0.0,0.07921003859022048,0.33027783067336497,0.0,0.0,0.0,0.0,0.3598008727715678,0.28392772157734786,0.8736355717667008,0.7171899572902625,0.5003912823618852,0.7541530028655077,0.0,0.720571036647082,0.7433843342878028,0.9312259291782451,0.6463216676031208,0.7611334787923937,0.28303345813717834,0.3939883522925309,0.06704072419458233,0.7243286198268816,0.7299774364796764,0.5702694438020367,0.13079349770954965,0.7674700053010679,0.19397460176134942,0.8181876637252723,0.9097840256342168,0.6396270967326116,0.0,0.5164474837653157,0.5633439298055332,0.18629044104844114,0.2813184091369732,0.0,0.0,0.0
0.0,0.0,0.7166854363167273,0.4942546046154129,0.7766362602879212,0.771145068596732,0.7054590822621661,0.7216413304184497,0.774105057111878,0.0,0.6232138816184889,0.710244892996089,0.6879352954107965,0.32914178733126964,0.7051402330045786,0.0,0.8477248413367909,0.18818675952998667,0.45788918450087324,0.7541365080136645,0.7539756930944815,0.6524746061957162,0.7513903245190482,0.2991037743338458,0.0,0.34907152876982683,0.8300315199567162,0.6459571021762448,0.8477876303361502,0.394248793868361,0.4413118281785661,0.2974312848868966,0.07739921721633951,0.4988963323644513,0.17321558916599913,0.4540143160888406,0.3133120235048437,0.08828300934279208,0.0819467271159314,0.4363878581741456,0.02964947460984766,0.0,0.0,0.0,0.4905049849076473,0.14894149779095017,0.8631492399981965,0.47536881600701997,0.5198606890014105,0.6043769560377223,0.035774279120431615,0.6446048975523211,0.6549144826602498,0.688299737235756,0.8368314744652883,0.5621023742873572,0.5868683600224295,0.6386264866294002,0.18547289231323652,0.44797751701270866,0.7917053863467164,0.733276053751299,0.28396084640296226,0.5945423464501262,0.0,0.6606426124923099,0.7179024926594006,0.44398705848907793,0.09658618793178791,0.579061312595607,0.6445806915165739,0.0,0.3560613224156811,0.0,0.0,0.0
0.0,0.0,0.7396177481786578,0.4413232497565704,0.8119236611690333,0.5852414375618248,0.6937212510668583,0.7414704266610721,0.8447554224841901,0.6232138816184889,0.0,0.2693487232431725,0.5798264698984807,0.5308352693570372,0.6665525621354981,0.0,0.49057488891303114,0.0,0.7066839089596803,0.6137533936754723,0.6877510410182305,0.5230661622551752,0.7353826783330024,0.0,0.0,0.20536370601426152,0.707381091139316,0.5765723166706325,0.6634254144650754,0.38526502261963097,0.14129203321301206,0.10722397332259123,0.018055236258308106,0.40407877823529,0.3477949032281232,0.4146257105250968,0.15191789572374545,0.0,0.0,0.21218967405539924,0.0,0.0,0.0,0.0,0.2354863589564012,0.26867702096429424,0.7328728057358582,0.7941149271377016,0.5139948387097972,0.6402829599974031,0.0,0.5778996667137392,0.6693409556142044,0.8702700794071109,0.5950239142870374,0.8714395088542052,0.2231738508662591,0.29462331182448925,0.1436937179268019,0.5448450556116157,0.5764192094371725,0.4889275462988717,0.00821791246384937,0.798067395375025,0.11313061364849487,0.6375180482158203,0.7161120006394154,0.5128342761646957,0.0,0.3959044620294949,0.4561283115157656,0.05315295387181133,0.21013041414129985,0.0,0.0,0.0
0.0,0.2114698505197826,0.44497170429161026,0.3312947610472757,0.40251474176995294,0.6495889043980118,0.5207493917867196,0.5055440562541254,0.3751640117395604,0.710244892996089,0.2693487232431725,0.0,0.6491309526013677,0.33135586477574347,0.3236111756421599,0.12777480278621553,0.7997494155536345,0.40163509734870967,0.22874808908349414,0.4829172280770073,0.3768449865778131,0.44408023291847903,0.4769853200079501,0.7363545368686034,0.25000892428499105,0.6163577764640525,0.49828558673372586,0.3588256208541431,0.45048324637325504,0.3354482067424468,0.38891769682501265,0.23398593931017045,0.19151502352238522,0.1299561230215485,0.0,0.239921125954284,0.0,0.1855856969345003,0.3292123604381722,0.5312592668039727,0.43947257524712124,0.06566826287904336,0.042865506534572266,0.0,0.41829157422268165,0.05658862052984519,0.563971432776981,0.16512763883643755,0.34316458895220797,0.20218678624947084,0.4337155481775674,0.3511410825466696,0.5865247683871155,0.2905885409606421,0.5648126719843461,0.1655563877213066,0.8937263826988989,0.7386337120326743,0.20430496796705083,0.06343703805096247,0.457660931281543,0.7456514415518769,0.4318727317941889,0.25595555546159854,0.0,0.3114892863071953,0.31854040138286943,0.3475150976796911,0.5149883025598402,0.4115405672850049,0.698458652575654,0.02534447832977151,0.6035263341581041,0.0,0.09853932963711144,0.2565786626950872
0.0,0.12282912093577128,0.6578555877049308,0.5344345812716347,0.6790455273981176,0.7301901923902046,0.7742524154127068,0.6084503803398572,0.6575106397861754,0.6879352954107965,0.5798264698984807,0.6491309526013677,0.0,0.5330457705823635,0.6288975613728104,0.0,0.7443568292203743,0.3079542392526136,0.517836717968083,0.7297859630506436,0.6088945469436452,0.6719211630874189,0.6003924007394802,0.36180760233187464,0.0,0.4356643252895776,0.6596138872596125,0.7055902339721685,0.5936391860796155,0.5055403246059358,0.14325803640881385,0.19108814149639589,0.04734694649355083,0.3334507785961409,0.22661302207368803,0.41386628244844054,0.16388788675392352,0.0,0.14030633045616933,0.2886548874125701,0.1135425493886995,0.0,0.0,0.09917568224981752,0.3558403927024474,0.1567726007332381,0.6005000721680162,0.5399490479552607,0.4870630188303047,0.3970320827756692,0.1398370049948648,0.32013027613804,0.5931435273260359,0.5822306597107691,0.4493527152374091,0.4246343933962452,0.4968656928294525,0.5780772184183542,0.15297053939102218,0.36346739046114496,0.49674536687780646,0.6724096899012069,0.18029356323528986,0.5197279829015541,0.07394153324586396,0.4819119836879488,0.5685540774592001,0.4540838665174951,0.043987114423884144,0.2504248597829806,0.5451276543414442,0.0,0.5633536232641724,0.0,0.0,0.1541716109308045
0.0,0.08454335756600692,0.3578643878910903,0.3108629052168578,0.43029099552156014,0.333714976755836,0.4545864077606765,0.4449229397098297,0.3688432652971673,0.32914178733126964,0.5308352693570372,0.33135586477574347,0.5330457705823635,0.0,0.22152066977889429,0.0,0.4381908038812667,0.17127384249450092,0.3357084046861174,0.34551132709820576,0.2661447356553197,0.2096174161095189,0.30866266936756603,0.26954825401042926,0.0,0.22842653401131072,0.27457687144692605,0.46176375277680043,0.23630383107091202,0.5175681508370373,0.048877651160272984,0.016152877512023062,0.0,0.10724283840010623,0.08926320018648493,0.36496198572869193,0.0,0.0,0.0,0.0711610032331643,0.0,0.0,0.06573058425130379,0.15922773495769663,0.18436849491303592,0.048318880580826395,0.2873721090337321,0.28041045050949204,0.2758543556958195,0.16717558861206436,0.10965599852544464,0.07821269852483925,0.36122678325244006,0.31326381396755437,0.22222958483274613,0.26310725261689505,0.2271812680078038,0.24005132041679283,0.26837089148240906,0.03191653462181377,0.18405057688224677,0.4130483959744484,0.028523599162281775,0.2838807877173333,0.014329470228451725,0.18303655775413577,0.19515752436741474,0.14761603375250307,0.010261535425599409,0.08797089836670878,0.25207714910555934,0.0,0.4031277257448682,0.0,0.03903000693081248,0.06251442916898677
0.0,0.0,0.7355168224716554,0.43579972839728925,0.7614565366857697,0.7708374713462697,0.6622168303399594,0.6951619454978752,0.8702144583517419,0.7051402330045786,0.6665525621354981,0.3236111756421599,0.6288975613728104,0.22152066977889429,0.0,0.0,0.5233181829519952,0.0,0.5930188950300653,0.913324469455027,0.8810270600097967,0.8617953990125568,0.8543403178389725,0.0,0.0,0.16568535096836368,0.8892190730848506,0.6535538322406493,0.9269996205460894,0.40291195095577553,0.23590398903460658,0.42436574555685264,0.0,0.5737639896762754,0.47263984943277365,0.3752016739576306,0.2879504891778628,0.0,0.16578401378546273,0.35914895473100755,0.0,0.0,0.0,0.0,0.22534867407211845,0.31598674108297525,0.7354055038038315,0.7079718336909369,0.4004983716989418,0.49016196407256574,0.0,0.4594556720568448,0.5967214682214148,0.7623001072333847,0.5199651173068662,0.6285752677747709,0.17204643031080896,0.249807080088271,0.0,0.8201524973389361,0.7647027728382896,0.43546092576622375,0.07488308458663662,0.6814117259143556,0.153122586600349,0.8199741057025324,0.895599652010325,0.6742660597240389,0.0,0.45239774604303407,0.536621832293618,0.2518210305939841,0.18478434980840833,0.0,0.0,0.0
0.4514988994271237,0.6369220534808565,0.0,0.0,0.0,0.0,0.0,0.0,0.0,0.0,0.0,0.12777480278621553,0.0,0.0,0.0,0.0,0.0,0.772577245871989,0.0,0.0,0.0,0.0,0.0,0.4681919350163171,0.8353290755229575,0.4332372817113418,0.0,0.0,0.0,0.0,0.3790792486450772,0.08609543625386426,0.45645390430846944,0.0,0.0,0.0,0.0,0.48885839051289415,0.3761670208540623,0.27181954052895796,0.576000471837608,0.2946128545117601,0.3380178014161436,0.04886051016463084,0.0,0.0,0.0,0.0,0.0,0.0,0.48248572915798366,0.0,0.0,0.0,0.0,0.0,0.15461918818731665,0.10158846985693197,0.007475505142120537,0.0,0.0,0.0,0.5219526719123007,0.0,0.38166835175076563,0.0,0.0,0.0,0.541613453860405,0.07780230191840658,0.0,0.2779879002243245,0.42385122151118865,0.5510773403939943,0.501581968016718,0.3288472665046054
0.0,0.055944063739607156,0.6336605256855569,0.5021191576636308,0.6876524823860412,0.8635001158682142,0.7136046869792259,0.7572651243850629,0.6713446319244821,0.8477248413367909,0.49057488891303114,0.7997494155536345,0.7443568292203743,0.4381908038812667,0.5233181829519952,0.0,0.0,0.4004927983779862,0.357368569464977,0.6744535883427462,0.685567375420464,0.5294267723801036,0.6857457066770195,0.5277663465296565,0.017324843142027913,0.5191681336688322,0.7333895829237963,0.5183833266959464,0.7470097924600333,0.4038202962995528,0.5410667589277518,0.28205159619458836,0.20040589870106523,0.41010944288143136,0.06430586748827087,0.40975221713827203,0.1939313686207581,0.15404757335767683,0.18940502981898324,0.4559163373901557,0.12246512418547063,0.0,0.0,0.0,0.48128840653995497,0.09634381437095987,0.8132411819510537,0.28602281349654035,0.43705432429367785,0.5005760221864454,0.2787263343634792,0.6428763599818582,0.734611105114374,0.5716704613729435,0.6908024187864663,0.4180688718996381,0.6701285560822635,0.739495533597595,0.2572840713645535,0.23599553347590893,0.6718289714135197,0.8232340262683419,0.40665123299158923,0.4847913023905092,0.0,0.579339840900691,0.5693968034905137,0.39997271829330805,0.26896079706281445,0.4539518616144901,0.7013573463415596,0.0,0.47764319324038135,0.0,0.0,0.0
0.18113683344459686,0.5705790825211356,0.2818364017771713,0.33403094459818766,0.16252689661806466,0.2144418196006257,0.26248034935993636,0.05523204027567355,0.11033617763019782,0.18818675952998667,0.0,0.40163509734870967,0.3079542392526136,0.17127384249450092,0.0,0.772577245871989,0.4004927983779862,0.0,0.1605837209974258,0.15170142246140642,0.0,0.27086135985389903,0.0,0.5938709942721013,0.7157818454766128,0.5021375832244026,0.1469227294820087,0.16985020348695473,0.09335711251173164,0.18738153734494448,0.4855072463229595,0.2224681925165177,0.3990810426237594,0.0,0.0,0.19847579734240675,0.13780064193237945,0.45423868381341165,0.28243084183985295,0.3764687785467258,0.5155224287495653,0.02747371685589867,0.20292890442408265,0.00859841596200272,0.255177455479816,0.0,0.1571589167708033,0.0,0.0,0.06080558265252399,0.3580248235949595,0.16388205759942637,0.10307985068266491,0.0869537169997746,0.09549578935012057,0.0,0.3243835698913455,0.3870661943280959,0.17444608370839884,0.0,0.22403044918505022,0.2878211724849833,0.6443936142850573,0.07211563549265097,0.3538781194176671,0.0,0.10522585809711478,0.0,0.45897325398025346,0.2925560587477982,0.18856441587689216,0.1072649490354694,0.641945345420701,0.10745736309653918,0.29655061969078217,0.27235685897845624
0.0,0.0,0.7330348750198699,0.5014886728570659,0.5623792130508627,0.4303876378690385,0.5229491962532897,0.43344867758867967,0.6397289380655092,0.45788918450087324,0.7066839089596803,0.22874808908349414,0.517836717968083,0.3357084046861174,0.5930188950300653,0.0,0.357368569464977,0.1605837209974258,0.0,0.6228512744977137,0.4409182037754127,0.6061926127053303,0.5051614818820271,0.0,0.0,0.15393248460315354,0.5939546697470539,0.582822443205819,0.5098602733844214,0.3768260042822218,0.19951326505159042,0.196861342662119,0.07244424159822695,0.40689832890252836,0.36928531893023764,0.39964336784022114,0.26046083588338376,0.0,0.10603515620112282,0.18962779716975356,0.0,0.0,0.0,0.04847629321570574,0.12517635659662257,0.09310752670377563,0.453489460237676,0.6423484716544695,0.35378971056815006,0.3689430785224783,0.0,0.19092734115910323,0.37802967805926563,0.6321703758116531,0.35539666889598215,0.4950908030117152,0.11464938455970418,0.10275907664493476,0.08197066576200777,0.44068525682940446,0.3931022068075755,0.28589987331023653,0.0034701957100119643,0.8344486108024852,0.2542645013862762,0.3298118038993539,0.5647013401206304,0.3916218600877859,0.0,0.22222218427552456,0.2541002147706478,0.12103714323053986,0.300695053196508,0.0,0.0,0.0021654110976752306
0.0,0.0,0.8285128632877329,0.6297706193778093,0.7611652052301067,0.8354909136282789,0.7295286801331907,0.72557089379599,0.8363627483379409,0.7541365080136645,0.6137533936754723,0.4829172280770073,0.7297859630506436,0.34551132709820576,0.913324469455027,0.0,0.6744535883427462,0.15170142246140642,0.6228512744977137,0.0,0.8205077197210886,0.8958609046602424,0.8005548954301424,0.17961381907633306,0.0,0.24558710778002582,0.9196254264543262,0.7073001388937264,0.9550709329047298,0.5640718386398048,0.37945020253379047,0.4358058832125762,0.0,0.6109201086655459,0.4148713560532503,0.5190090850565311,0.3125614128002923,0.0,0.13910854709935033,0.44435077172486465,0.07510405186230967,0.0,0.0,0.0,0.3386252327158937,0.2173034233182701,0.7646219947392227,0.6185757662149285,0.47754879374949727,0.43704352030674876,0.0,0.44575169052122643,0.654023212378589,0.7170079676028451,0.5125772715883857,0.497997936037418,0.28821553572218683,0.39502934362489855,0.057238333433194566,0.6595234732547705,0.8251608413950807,0.5350065108436465,0.2021876641847941,0.6791044985044691,0.20135919629367327,0.7310939494527446,0.8632405747540013,0.5964677157053958,0.0,0.4815368722818474,0.5819709768786737,0.1839165642915063,0.39115612248864184,0.0,0.0,0.0814881443257891
0.0,0.0,0.6476966224142974,0.32133189279816027,0.7431477802353932,0.8239495887575387,0.6848106182815048,0.8290397981521771,0.8937370652083324,0.7539756930944815,0.6877510410182305,0.3768449865778131,0.6088945469436452,0.2661447356553197,0.8810270600097967,0.0,0.685567375420464,0.0,0.4409182037754127,0.8205077197210886,0.0,0.7122159147450786,0.9297515964949187,0.062168549737178606,0.0,0.30098113545692334,0.8193254634767405,0.5732005523087661,0.8876678790468442,0.43625936896936013,0.2648971808145566,0.3133847662971883,0.03223710047051126,0.5328477409088748,0.3890070328262943,0.3117560645833978,0.11859374492304964,0.0,0.10277849983484182,0.35889764380753625,0.0,0.0,0.0,0.0,0.2889433617040766,0.49671017889761027,0.8030602122355109,0.6025856294159944,0.4595072929712783,0.5839583065128631,0.0,0.6314440964796273,0.7103520825421854,0.7707943618807083,0.6320920947599734,0.6695493215389239,0.24082409106588185,0.3857712956890598,0.04546612618292042,0.7440807942930596,0.800980541690377,0.587545585655621,0.15184194109798557,0.6149414013129118,0.0,0.9481349846326917,0.8313267307905629,0.7081880246104246,0.0,0.535700531255807,0.6856196023079726,0.15579323793581495,0.10762586741190995,0.0,0.0,0.0
0.07537635650148396,0.0,0.6994110157509245,0.6055926794366376,0.7149047835772097,0.6630500504976273,0.6774004288824548,0.5079892378704451,0.773942847909598,0.6524746061957162,0.5230661622551752,0.44408023291847903,0.6719211630874189,0.2096174161095189,0.8617953990125568,0.0,0.5294267723801036,0.27086135985389903,0.6061926127053303,0.8958609046602424,0.7122159147450786,0.0,0.6465113223381075,0.16153617368813414,0.07045756097040566,0.35281616904441676,0.8089855493898969,0.6255168351964421,0.7996474231059235,0.4366596464823431,0.3586952566499891,0.47830318823958357,0.08111924583213667,0.538806605340145,0.40314038742762354,0.40153177930018785,0.2532186990767611,0.0,0.31087341263799123,0.43138847897779287,0.17019138639556886,0.00507457833075604,0.0,0.0,0.26858662934008054,0.2934262603987288,0.6348500667956335,0.5667739398860898,0.3660756558281491,0.3791770923912926,0.0,0.356471229276128,0.48239493255839444,0.6597731784623881,0.41430103405675317,0.42596215748410377,0.2565209011694974,0.275329559759216,0.0,0.7171064262623079,0.6858710301350851,0.4508074730810675,0.24547543886462797,0.580548097968138,0.41905628794257155,0.6465229348899426,0.8522729268153965,0.5170520872843785,0.0,0.5145300319813126,0.5341459537059291,0.31853560457286195,0.4463786525325657,0.0,0.0,0.23029024718045876
0.0,0.0,0.7191274427433999,0.3626139616461193,0.7775350470368416,0.9455264262334055,0.7478228475253312,0.8890978623148333,0.866632777007939,0.7513903245190482,0.7353826783330024,0.4769853200079501,0.6003924007394802,0.30866266936756603,0.8543403178389725,0.0,0.6857457066770195,0.0,0.5051614818820271,0.8005548954301424,0.9297515964949187,0.6465113223381075,0.0,0.1299817646713998,0.0,0.36064384052210474,0.8865537227678802,0.508036354663197,0.9045155988305559,0.4539982789058176,0.2554551728943067,0.2897658313929103,0.0,0.5417511163713242,0.3181489546620469,0.3487407553091666,0.1186799106061352,0.0,0.1403175569784658,0.40464396442030276,0.0,0.0,0.0,0.0,0.2771095165602412,0.33050680946711236,0.8453268541478506,0.6552533824541048,0.39028176394995207,0.5900044934671341,0.1406775596943925,0.6660163591973185,0.8479330174946343,0.7800304605450732,0.6427389902812448,0.7104390978723039,0.36166932347826425,0.47179570045167013,0.056314890752509575,0.6940033530325843,0.787531907068262,0.6039582393696842,0.18337168432532608,0.6688304301227278,0.0,0.8811852915350491,0.8059208381913985,0.8042307015710356,0.0,0.5336327330592895,0.720471517687152,0.20599446738020744,0.143288729833608,0.0,0.0,0.0
0.12412996854197213,0.3839134721057569,0.14220695504321557,0.09872472145357726,0.07310967916520146,0.3514689488128096,0.19041138873752514,0.23745992451985143,0.02146963191825259,0.2991037743338458,0.0,0.7363545368686034,0.36180760233187464,0.26954825401042926,0.0,0.4681919350163171,0.5277663465296565,0.5938709942721013,0.0,0.17961381907633306,0.062168549737178606,0.16153617368813414,0.1299817646713998,0.0,0.5929193199744339,0.6345326068655324,0.09926147344766742,0.14347644165176052,0.09342515094332551,0.28825287871902766,0.46456644957432663,0.150040985382669,0.34092840756041126,0.0,0.0,0.0015436717894945701,0.0,0.33908947293829816,0.35279397314137106,0.5664284324588983,0.6361986100893442,0.17875779042649467,0.1678997219561482,0.0,0.2243596959113791,0.13133266346828984,0.20510452079876598,0.0,0.020015784803478993,0.0,0.6523709706289967,0.12124523684143257,0.404756957497527,0.0,0.241502643603462,0.0,0.7005084121895464,0.6146153238824397,0.24337845749794296,0.0,0.24737572664125712,0.4925397080223891,0.6734186684606965,0.0,0.09856964261893048,0.03863729218316027,0.0,0.16723418302858667,0.8544966672062421,0.36511026240984795,0.5598589094078089,0.11295663377680805,0.697154813103206,0.14876970607849763,0.44944983739124356,0.46679897402839443
0.5679089734142075,0.6720886329608337,0.0,0.0,0.0,0.0,0.0,0.0,0.0,0.0,0.0,0.25000892428499105,0.0,0.0,0.0,0.8353290755229575,0.017324843142027913,0.7157818454766128,0.0,0.0,0.0,0.07045756097040566,0.0,0.5929193199744339,0.0,0.555706306559503,0.0,0.0,0.0,0.0,0.36030849501324963,0.09755167905497082,0.4050601304539046,0.0,0.0,0.0,0.0,0.4157304099694663,0.3396248059153501,0.35217908679717086,0.5820186869371853,0.28544763923944355,0.35879871950195685,0.050641187093376686,0.013109682613643566,0.22411987087425136,0.0,0.0,0.0,0.0,0.5844224945016944,0.04345036877960698,0.0,0.0,0.0,0.0,0.2420248081440742,0.2666524529621909,0.0,0.0,0.0,0.13525299246908953,0.7068439237256665,0.0,0.41575589979666133,0.0,0.0,0.0,0.6978701743464711,0.5071835603134645,0.2696842375271958,0.45598986113505785,0.5137378155775241,0.6805552074642123,0.5892743666880562,0.49572488152244454
0.41483314297389423,0.655997377602713,0.17311968546480025,0.09573233373695408,0.26085277390525136,0.4931807840249875,0.46645359842731204,0.3191503520652232,0.24532899138871303,0.34907152876982683,0.20536370601426152,0.6163577764640525,0.4356643252895776,0.22842653401131072,0.16568535096836368,0.4332372817113418,0.5191681336688322,0.5021375832244026,0.15393248460315354,0.24558710778002582,0.30098113545692334,0.35281616904441676,0.36064384052210474,0.6345326068655324,0.555706306559503,0.0,0.23536117619561678,0.0,0.25160709037151024,0.2359780183026209,0.20642976037848582,0.17345088483567322,0.4082076320045358,0.0,0.0,0.0,0.0,0.1692894753943575,0.35727246181386535,0.46207888099724487,0.2853212190987056,0.010709673911838618,0.13617527771979432,0.008432349371024685,0.14396205088294106,0.36152324043912354,0.3987026888111949,0.10757127119933027,0.03943230822023938,0.026114618582675202,0.5422824569465533,0.2941883432329631,0.4013407794851235,0.2684594052480354,0.2803174661874832,0.09372630788852084,0.5243304620775331,0.5526059820164166,0.04792323489814121,0.19580067124811873,0.33752101459955336,0.48673943414888965,0.510559513293661,0.1233911999730111,0.22881984289280594,0.2678416994125703,0.26633278359943463,0.3530931286357727,0.4452822930747364,0.5155381632648621,0.7306785121987587,0.22801683684438942,0.39421550872453287,0.16091730325770232,0.32164752437428357,0.31728369143026064
0.0,0.0,0.8808585505954435,0.66240006783033,0.869784037916651,0.855475758088449,0.7212098979719945,0.8213043500988833,0.9367562951982893,0.8300315199567162,0.707381091139316,0.49828558673372586,0.6596138872596125,0.27457687144692605,0.8892190730848506,0.0,0.7333895829237963,0.1469227294820087,0.5939546697470539,0.9196254264543262,0.8193254634767405,0.8089855493898969,0.8865537227678802,0.09926147344766742,0.0,0.23536117619561678,0.0,0.6188768847831535,0.974314559498216,0.3101607400667337,0.37560431262697025,0.41269020300652237,0.026326992015544715,0.5902920903227041,0.30795341955524574,0.507601266840946,0.45810895136539415,0.0,0.1152714832730979,0.4533948292313093,0.0,0.0,0.0,0.0,0.4123293459813772,0.0782607924839408,0.8975751739703783,0.6141971542342342,0.4339706150530351,0.6628494323640519,0.0,0.6706400650337133,0.7262335480224457,0.8164270008594132,0.627486306831181,0.6442022577556002,0.3604683328119939,0.4388538414193355,0.10795730031539424,0.6680861398125671,0.8051519926176307,0.5668546890314997,0.20460812195702568,0.731308749907105,0.0922372030591641,0.7328344385721506,0.90669876453925,0.5833515284059514,0.0,0.5060804396450164,0.5526284050059449,0.2561578845931439,0.23982426424470676,0.0,0.0,0.0
0.0,0.0,0.6500959613911512,0.4785125452205213,0.627169047545398,0.46427335580644713,0.4758686842289326,0.5423493836948077,0.6273914909279522,0.6459571021762448,0.5765723166706325,0.3588256208541431,0.7055902339721685,0.46176375277680043,0.6535538322406493,0.0,0.5183833266959464,0.16985020348695473,0.582822443205819,0.7073001388937264,0.5732005523087661,0.6255168351964421,0.508036354663197,0.14347644165176052,0.0,0.0,0.6188768847831535,0.0,0.552712527587264,0.5646062858091349,0.3975154674578217,0.24140422256337965,0.049637109266295394,0.45969893062868467,0.2635947055874477,0.42987962627495624,0.39994779979768363,0.0,0.1168659888847451,0.278433153643263,0.05978008918228244,0.0,0.0,0.04002986466098907,0.3862203772818837,0.14829442936155413,0.47397264083601925,0.5187441456596417,0.5110013851061036,0.49631869787973426,0.0,0.2260470945867099,0.47537876248760286,0.5497173307307205,0.45808688414748583,0.468871224015629,0.26401543158526886,0.32119587683550777,0.30553127276953135,0.3951430081041948,0.46884866462762326,0.39530544268238227,0.12733764682916887,0.52089102337296,0.12860927767423871,0.46929739902463535,0.5583418363018218,0.3258190795095588,0.0,0.19176856597676414,0.26856091921312863,0.0,0.5331495523987179,0.0,0.0,0.08626776724471648
0.0,0.0,0.7994957269725764,0.5162719794651135,0.8365223674779321,0.8695570238732855,0.7472720620060005,0.804871286683632,0.8915131752524664,0.8477876303361502,0.6634254144650754,0.45048324637325504,0.5936391860796155,0.23630383107091202,0.9269996205460894,0.0,0.7470097924600333,0.09335711251173164,0.5098602733844214,0.9550709329047298,0.8876678790468442,0.7996474231059235,0.9045155988305559,0.09342515094332551,0.0,0.25160709037151024,0.974314559498216,0.552712527587264,0.0,0.40349690822063783,0.33825783815946203,0.3607865985586444,0.0,0.5608394304920555,0.3549928321124375,0.4017755891677502,0.3083181156085615,0.0,0.06841158411341355,0.4352458896734269,0.0,0.0,0.0,0.0,0.3578701539118805,0.20936563535554437,0.9191419549200202,0.6095723836894381,0.3762682706969737,0.5619750113768824,0.0,0.6616208580377583,0.6968336190311322,0.7634263026113522,0.6374862052807762,0.5995815235501054,0.2664943302449017,0.4520801161830326,0.0,0.6735429148903452,0.9333158108727347,0.5864487834165097,0.2812007516140326,0.6903337902088375,0.0,0.8104061565137983,0.9061869829736519,0.584484332271874,0.0,0.6240829288080967,0.6384788937002633,0.1384935972163327,0.195080831262648,0.0,0.0,0.0
0.10355532077011928,0.16602392615727093,0.31745195287077027,0.1305398908696425,0.37001552573787255,0.4408588365426239,0.4445351544249386,0.47824156694607217,0.3501615557955105,0.394248793868361,0.38526502261963097,0.3354482067424468,0.5055403246059358,0.5175681508370373,0.40291195095577553,0.0,0.4038202962995528,0.18738153734494448,0.3768260042822218,0.5640718386398048,0.43625936896936013,0.4366596464823431,0.4539982789058176,0.28825287871902766,0.0,0.2359780183026209,0.3101607400667337,0.5646062858091349,0.40349690822063783,0.0,0.26517268743308936,0.1482856576407177,0.0,0.2948258801740309,0.2813787822457359,0.26065594385684615,0.0,0.0,0.0,0.12804114961123714,0.015528281935418862,0.0,0.08654795091767496,0.1978847792755213,0.175266089286675,0.32097023802081137,0.3056395054045433,0.4137575269114329,0.30681156588891817,0.07107805467493174,0.13375562684919173,0.045376777499414156,0.3701877715678774,0.2623204322801936,0.2433754539551059,0.2448132819754842,0.14541768197565738,0.25731601734608633,0.14310667474171326,0.2440380321163996,0.4399768974680746,0.3493170863444876,0.17403877313736565,0.3503286022107301,0.09743516069468179,0.367355082883501,0.3280364755314501,0.36231591049588785,0.0,0.224271094837353,0.3769898860554134,0.0,0.467150914948891,0.0,0.2707733430163757,0.3709776808780165
0.0,0.0,0.48412481546207126,0.25408628170991854,0.24036840461377063,0.3017952007626926,0.020770951620573668,0.3783045383585038,0.3408432441369653,0.4413118281785661,0.14129203321301206,0.38891769682501265,0.14325803640881385,0.048877651160272984,0.23590398903460658,0.3790792486450772,0.5410667589277518,0.4855072463229595,0.19951326505159042,0.37945020253379047,0.2648971808145566,0.3586952566499891,0.2554551728943067,0.46456644957432663,0.36030849501324963,0.20642976037848582,0.37560431262697025,0.3975154674578217,0.33825783815946203,0.26517268743308936,0.0,0.37232676790582264,0.4113137380093928,0.1893576958782836,0.0,0.18899147459393706,0.2508440951112384,0.4197539649230911,0.27704203201577926,0.4859294217403704,0.3660811675399075,0.3031853293626498,0.0,0.0,0.33865265019782687,0.09354821109639071,0.35722191617231674,0.0,0.22693816452774387,0.3832379008914977,0.3284080766376359,0.3973220239767588,0.4016972863650253,0.3390048968269089,0.380631251448025,0.13078160932458993,0.39782465402768524,0.36749792701322787,0.30389048636398563,0.186004745784596,0.42063370022943014,0.3108241138199742,0.45009766466247314,0.24539406742995998,0.31805944442366874,0.23516740766370567,0.34695585200586715,0.1875889218521723,0.47724896841252296,0.35623846716439045,0.2991127197452097,0.25542497030999983,0.4540728836013154,0.07307156215250579,0.1157316511597264,0.032574562904058156
0.0,0.0,0.3781846440667842,0.3533335107976177,0.3283323865671861,0.3144340108017141,0.1861812058030127,0.2635869688926712,0.35624426530168396,0.2974312848868966,0.10722397332259123,0.23398593931017045,0.19108814149639589,0.016152877512023062,0.42436574555685264,0.08609543625386426,0.28205159619458836,0.2224681925165177,0.196861342662119,0.4358058832125762,0.3133847662971883,0.47830318823958357,0.2897658313929103,0.150040985382669,0.09755167905497082,0.17345088483567322,0.41269020300652237,0.24140422256337965,0.3607865985586444,0.1482856576407177,0.37232676790582264,0.0,0.27629117091554256,0.42436755378697344,0.15075215981418266,0.33764995721621693,0.28891524153403064,0.25225155556105866,0.5106289177070765,0.4791597539994424,0.3203263627929887,0.34242921620011885,0.0,0.0,0.24525878494253164,0.0,0.29979488662237264,0.0,0.1903350756655407,0.3612514966066802,0.011463482061929436,0.30203732770673414,0.27332843149515834,0.2606709363101071,0.22904836164386175,0.02500228726489437,0.1998868484611153,0.18591488149993352,0.22347039059656199,0.39723531607218304,0.38025058281556706,0.15395069643064155,0.15632545182874563,0.1891262083466904,0.3573703516496968,0.26579112787853676,0.4752309705542511,0.28145950379363976,0.11528930697169242,0.21336658079084828,0.21485665867671924,0.19720167219646292,0.21866219776474444,0.0,0.0,0.0
0.284981051293204,0.2927991244233855,0.1154845635362458,0.09009791920272056,0.04385564239922114,0.07755833179835576,0.0,0.11122664130235235,0.039980754463776635,0.07739921721633951,0.018055236258308106,0.19151502352238522,0.04734694649355083,0.0,0.0,0.45645390430846944,0.20040589870106523,0.3990810426237594,0.07244424159822695,0.0,0.03223710047051126,0.08111924583213667,0.0,0.34092840756041126,0.4050601304539046,0.4082076320045358,0.026326992015544715,0.049637109266295394,0.0,0.0,0.4113137380093928,0.27629117091554256,0.0,0.11015937608227615,0.0,0.021243868593487973,0.0686785841860503,0.4250624481308942,0.46134366424598483,0.6088003768880629,0.3873808541583092,0.2585023113976968,0.021247437761533285,0.0,0.2266149568321474,0.11894700978011333,0.10376918601545684,0.0,0.026979723498996244,0.159599579173367,0.39740391054962415,0.19414028129633656,0.19749970604683192,0.11265795287025078,0.1537811964832479,0.0,0.23914789616051438,0.25121596095103904,0.08400152545613888,0.0,0.09122325020399816,0.10736622538368878,0.3494651824988407,0.0,0.2942081919103264,0.0,0.02537193298327934,0.10326482618400182,0.38559676799837994,0.21451385640682963,0.2166301161251081,0.235647077153935,0.28797478658764425,0.24983287436250504,0.2523537758256887,0.1056708423748939
