0.0,0.6176103153935745,0.0,0.0,0.0,0.0,0.0,0.0,0.0,0.0,0.0,0.0,0.0,0.0,0.0,0.4547435846812964,0.0,0.1732399698843906,0.0,0.0,0.0,0.07478003389349132,0.0,0.12729710379410303,0.5702050281425145,0.4192748222500147,0.0,0.0,0.0,0.10249248602769874,0.0,0.0,0.2997850589795322,0.0,0.09014755894733302,0.0,0.0,0.0,0.19771178312955845,0.0,0.08856076945000194,0.09956930833776319,0.46503205352146604,0.3273340216081273,0.0,0.6327505810744617,0.0,0.0,0.0,0.0,0.24060321736369888,0.0,0.0,0.0,0.0,0.0,0.0,0.0,0.0,0.07282865320114933,0.0,0.0,0.15058000763291762,0.0,0.4394408883076196,0.0,0.0,0.05174139886187624,0.13609637449376047,0.1751586255577216,0.11948907468403575,0.29438733986976934,0.1894003864022754,0.6772199573748344,0.614256907018855,0.48167417917186256
0.6176103153935745,0.0,0.0,0.0,0.0,0.021848359872019333,0.20209945618194622,0.0,0.0,0.0,0.0,0.21874942478985543,0.12116955003571325,0.08371491577771804,0.0,0.6399304542475075,0.05056937219092063,0.5653361154679025,0.0,0.0,0.0,0.0,0.0,0.38848935574666793,0.6754486419492015,0.6591492545077675,0.0,0.0,0.0,0.17531683543086146,0.0,0.0,0.29557044346945544,0.0,0.0,0.0,0.0,0.08650124967030927,0.17436168440341843,0.11093569133320781,0.20268487471877172,0.0,0.43811025963821865,0.3528249456689754,0.0,0.15243031166328116,0.0,0.0,0.0,0.0,0.42914852948123494,0.0,0.0,0.0,0.0,0.0,0.12923534213390314,0.25455872913407357,0.0,0.0,0.0,0.16543300685690118,0.39282745230955585,0.0,0.1697511789010854,0.0,0.0,0.0,0.2483893095018677,0.24238492662702416,0.2279634878479601,0.1473333410939828,0.3290837391017002,0.43989508659718707,0.5224907561596153,0.487074802410401
0.0,0.0,0.0,0.6963451935457609,0.7722903937111787,0.7256295943399012,0.6310390345267711,0.7587747448011761,0.8877863569963081,0.7223742226112752,0.7525704209505427,0.44744389036441445,0.6715863077688805,0.37763443540761577,0.7464700943497908,0.0,0.6313862756128927,0.2749350142249649,0.7454459046871865,0.8395071760871615,0.650749488762571,0.7139743614830206,0.7274050493139547,0.145281304581245,0.0,0.1697294605188345,0.9027773022450946,0.654518094754991,0.8096170206452477,0.3290053769611849,0.4991021139417647,0.40484702273489137,0.10933163284099225,0.4973459152840628,0.19201042340383692,0.600159485541678,0.4434810153027946,0.07993094024395281,0.09503569987903275,0.351819210451237,0.028431767947557238,0.0,0.0,0.0,0.3883017002462941,0.0,0.7473285767115114,0.5749065926471474,0.4503292638520238,0.6953376637690994,0.05437841329065643,0.6042236708885764,0.719791884352965,0.8525479423448846,0.6210602942918827,0.5795012642618693,0.3780598858430635,0.43220572396429485,0.2131393413246954,0.5250511485590226,0.6858842845231594,0.5139590950164838,0.17474738623941688,0.8131515188647842,0.24042359064037097,0.533095705608832,0.7967191734050693,0.5115795692097609,0.0,0.4127880201313304,0.43582478781046635,0.18406912633211692,0.37442472218121464,0.0,0.0,0.0
0.0,0.0,0.6963451935457609,0.0,0.6072646974479734,0.44547124866028986,0.5650539720917133,0.4045194638014669,0.6154297761341988,0.5196471222577934,0.41886938164824405,0.33342922121190977,0.527084307189654,0.307229051776681,0.43534449008466664,0.0,0.5216455435917162,0.3482527807043236,0.4977678063393399,0.6303253530906171,0.32553803830948375,0.609768955348775,0.35404191679196545,0.10236499198034131,0.0,0.09675722612106546,0.6725017454256342,0.4786052212344677,0.54209669244927,0.12667662553906472,0.23999091618626442,0.3545375767464865,0.09526573270163391,0.540112298918529,0.3221341802777216,0.7065832606752058,0.5295714989115389,0.15746369721063827,0.004190837694764449,0.1822599969119725,0.03247499964768282,0.0,0.0,0.03095275370931589,0.4383571705695574,0.0,0.4875318710328503,0.2579860991361006,0.40785708457138703,0.4958944610433369,0.0,0.36548779834227674,0.3520869659009674,0.5180822559411062,0.3333276191360219,0.262049562670399,0.2310669545669079,0.22093297081604032,0.25127654897535456,0.23060498537246346,0.3254211924617554,0.3111661547452809,0.0,0.4741442925737862,0.1474863146721886,0.2269593126357335,0.5578487363376866,0.11218738131582941,0.0,0.14079892065917415,0.1820446053600575,0.0,0.33091484064591825,0.0,0.0,0.0
0.0,0.0,0.7722903937111787,0.6072646974479734,0.0,0.7639322588510195,0.8708773131749417,0.7335773334344189,0.9484185715891491,0.773321249317197,0.8318974060882136,0.4076521827550364,0.6950550695825495,0.4367845654103946,0.774280467500377,0.0,0.6586720849947815,0.15974750196365814,0.5799306319025822,0.7734681945501276,0.7759377944973979,0.7312575316870161,0.7960792615424748,0.07848137950052755,0.0,0.25026808715387433,0.8897853066986958,0.6395670149690668,0.8627370105315157,0.3845427808712415,0.23961055885862712,0.33254193809292565,0.04052534034309935,0.5425912621680296,0.3967065476439515,0.517461941161725,0.3092200722947384,0.0,0.08671487514295695,0.33222702523397213,0.0,0.0,0.0,0.0,0.32859185091341486,0.19140636502110753,0.8639730400089441,0.6682042114515814,0.5091101665646535,0.7504415375447795,0.0,0.7188001048528239,0.665579009034443,0.8217949152925269,0.6439362718774845,0.7124398590433686,0.2933072273999675,0.4431388913887465,0.12578416454521632,0.5973101209880866,0.7437665064395899,0.5824721783559949,0.189419383251836,0.6804000354498011,0.10531917413975996,0.7401669003582441,0.8136854276793447,0.5397496636971755,0.0,0.5507497597549448,0.5745146158589814,0.11628405555392128,0.3461887885737551,0.0,0.0,0.0
0.0,0.021848359872019333,0.7256295943399012,0.44547124866028986,0.7639322588510195,0.0,0.815225341178677,0.8639113429666803,0.7852135634032384,0.7944536119660174,0.598979540556274,0.6543287327813225,0.7417252341119538,0.34487237816043165,0.7674438498572883,0.0,0.8879478904414639,0.1993595879814164,0.4478889680162451,0.8334258114504315,0.8360512702504561,0.6690446053529546,0.9535412665705718,0.36166081257271904,0.0,0.49652493435079925,0.8691307487866397,0.46564918563997165,0.8829317334143018,0.46199877663364947,0.31197373494316594,0.33465851247226036,0.0752818812463228,0.4655120276407076,0.2039493244197883,0.39372649705789203,0.1265433713793229,0.0,0.2078289530877714,0.46625084726562194,0.027353267238227147,0.0,0.0,0.0,0.3663351742436078,0.2295994186896857,0.880488759841251,0.5101368092985049,0.3490076060903321,0.48630159627474295,0.31091625803794043,0.6372936231837456,0.8431601796895394,0.6740873622134911,0.6346371559690832,0.5188984801958362,0.5104562708677317,0.6660447677402614,0.035684238173793056,0.5073387395456342,0.787943805886899,0.7633003981540071,0.3838828368955172,0.6031546963870411,0.0,0.7541501291431059,0.7163029533183509,0.6936724792101138,0.11014660066820263,0.5362120098637987,0.8006407384164772,0.14575396650325842,0.35804146498792816,0.0,0.0,0.0
0.0,0.20209945618194622,0.6310390345267711,0.5650539720917133,0.8708773131749417,0.815225341178677,0.0,0.6979520729054868,0.764894191791905,0.7066974098877163,0.709413091984489,0.5283606029490044,0.784627259083687,0.45983116994184214,0.657695856307914,0.0,0.6751407478279652,0.25045060349925324,0.5318486290326846,0.723741180458337,0.7043260818691742,0.6705590266566729,0.7446591890975339,0.191330725057964,0.0,0.447893031078953,0.7318163191753604,0.48015495432214095,0.7537869404342243,0.4594063540215743,0.011894172919451136,0.18820664724129504,0.0,0.4685169990100119,0.4020985596878837,0.5084408601492544,0.1475134408256895,0.0,0.05520066111158324,0.25278513479081804,0.0,0.0,0.0,0.04175264192129595,0.26852439311111004,0.22363679170123496,0.7511118385933434,0.6130305770593216,0.4494517279341497,0.5151142720531999,0.08877549700247901,0.5883302221516263,0.6100473941238017,0.6865560193275265,0.5337569739307285,0.6179296109532081,0.36403714331063275,0.5083154410481009,0.0,0.4436180875826685,0.664785589856812,0.6380694225161294,0.20142324457799407,0.5968328086481555,0.0,0.6144823775336434,0.6890981131379303,0.4805007851431342,0.0,0.4684511203270662,0.6041237571312306,0.033060759275817496,0.3669591790043237,0.0,0.0,0.05621421309754013
0.0,0.0,0.7587747448011761,0.4045194638014669,0.7335773334344189,0.8639113429666803,0.6979520729054868,0.0,0.8148207134415983,0.7282200638034136,0.761173827150225,0.49872073823990015,0.6152334009494212,0.45678399491954436,0.6983191351559345,0.0,0.7667235018215756,0.04871200061203916,0.43632950938350273,0.7432736466715357,0.8572436570341787,0.5130269481958476,0.9074486815411685,0.2521389927399112,0.0,0.3203946467089739,0.8238111041770296,0.5153643717510622,0.8116033460607759,0.48983984360992916,0.36831724139625743,0.28909947739121755,0.11530562634959866,0.48736359925169526,0.1875059209345566,0.4456224543625427,0.1771418278291059,0.0,0.03705487572224267,0.39815576446526174,0.0,0.0,0.0,0.0,0.4114823243557565,0.17793005057981778,0.8180923529389685,0.5095432604415012,0.517382921011032,0.6435825088990826,0.12729992402799492,0.6653506410710488,0.9141195408639353,0.7690861959547385,0.6478697807360712,0.6866717867193951,0.46606333739885253,0.5095930228348717,0.24479010494693165,0.46171530311836095,0.6987085052544328,0.5987024631459211,0.15501736090302756,0.6127811811250211,0.0,0.7482540534836408,0.7027395456738353,0.5819678820308039,0.02660005737809105,0.3917174517794328,0.6295662738895249,0.0,0.19669221806834225,0.0,0.0,0.0
0.0,0.0,0.8877863569963081,0.6154297761341988,0.9484185715891491,0.7852135634032384,0.764894191791905,0.8148207134415983,0.0,0.7734047475142771,0.8574464120585957,0.37708645750995096,0.6632984762912093,0.37728261924587236,0.8607476628719082,0.0,0.654305263565028,0.0997205408409989,0.6545565239942707,0.8347471092929415,0.8673061669161902,0.7719394680727096,0.8638253266598307,0.021285005891943532,0.0,0.23930069792685346,0.9544710078443016,0.6263780171415994,0.8831104111999842,0.356939831309908,0.3353459097327649,0.3905143043741088,0.03723644968726071,0.5710569801996384,0.3570318046929989,0.5452213907785234,0.3115051887549777,0.0,0.08049035366533855,0.31499887402949983,0.0,0.0,0.0,0.0,0.3378726356511645,0.27551320304681026,0.8362535039086094,0.7336144821384379,0.4933768201115744,0.7728142701509891,0.0,0.7393567281205735,0.7368459429646763,0.9504709055335294,0.6681021130036777,0.7738061998153799,0.2862455072281649,0.4038129622359621,0.067864775853438,0.7169834032962421,0.7346687011907432,0.5784991269848672,0.1388473452603531,0.7887509588927529,0.20378249175038676,0.7970150237416292,0.9064845715973479,0.6369512083563154,0.0,0.519170650260042,0.5689353176438418,0.20237251540154505,0.2887833393287674,0.0,0.0,0.0
0.0,0.0,0.7223742226112752,0.5196471222577934,0.773321249317197,0.7944536119660174,0.7066974098877163,0.7282200638034136,0.7734047475142771,0.0,0.6236508434030142,0.7293867195361441,0.6863585306391586,0.3268673503772006,0.6946082911324902,0.0,0.8689628894006793,0.2013070294529389,0.4691939371527713,0.7525472477609636,0.7617517084682178,0.6524318764318792,0.7537534857041734,0.3235281895151889,0.0,0.3548372203458988,0.8496545363672537,0.6450913801545894,0.8353856225895889,0.4066796485989364,0.44597043834398525,0.3109215496758918,0.07139746683524831,0.48412646029714457,0.17677272812633085,0.46613676248260233,0.30287846942119256,0.07268127201273511,0.08156024296839086,0.4336604297439417,0.030365593199386205,0.0,0.0,0.0,0.49075808792320674,0.15538421465236263,0.8687057111905334,0.4848680792078624,0.5592675147422608,0.6112315550445641,0.04434782517630039,0.6606271436314943,0.6572771875869678,0.6894584847031842,0.8567503833257919,0.5569492473294854,0.6043693157463264,0.6561249597422054,0.1853661659660737,0.4573298833198397,0.8112963992605354,0.753920928385372,0.3026265401372503,0.6074011845668613,0.0,0.6674451734114674,0.7297261016712042,0.4476036295876522,0.11202530231275468,0.6014872629520248,0.6604612220955637,0.0,0.3663328091440482,0.0,0.0,0.0
0.0,0.0,0.7525704209505427,0.41886938164824405,0.8318974060882136,0.598979540556274,0.709413091984489,0.761173827150225,0.8574464120585957,0.6236508434030142,0.0,0.26433054282192464,0.5861019812479529,0.5360324837262538,0.6780326655924217,0.0,0.47695026209956287,0.0,0.7161075399801434,0.6278334467874717,0.7033553801354997,0.5373393893616513,0.7561077552992445,0.0,0.0,0.1962598647089011,0.7323399292401311,0.5815808914890523,0.6769627980608712,0.4053840050894901,0.14112300026454178,0.11751472236759915,0.010243558404756256,0.39226955712568545,0.32779872898984364,0.4432007853880108,0.16219122923569163,0.0,0.0,0.19612513781809324,0.0,0.0,0.0,0.0,0.2245860240608055,0.26651729989213896,0.7271020815047984,0.8108250863481445,0.5062576369228987,0.6674753873917082,0.0,0.5947379866309258,0.6900374590652191,0.8975439191278162,0.6146528678386359,0.8898603793682861,0.21919799773094165,0.30113655291297314,0.15461372464768083,0.55899069986348,0.5891407245850477,0.4805918533861227,0.013466110739949704,0.8229055704749285,0.12884877394424904,0.6542329077198968,0.728744643400882,0.5183251281832431,0.0,0.39975657795967073,0.46383962324150463,0.06710392107098588,0.21605798149061328,0.0,0.0,0.0
0.0,0.21874942478985543,0.44744389036441445,0.33342922121190977,0.4076521827550364,0.6543287327813225,0.5283606029490044,0.49872073823990015,0.37708645750995096,0.7293867195361441,0.26433054282192464,0.0,0.646556306217988,0.32876901233798445,0.3328898038611388,0.13644698083160195,0.8290597265261576,0.4129683862961364,0.23774745406400236,0.4912158543880335,0.39613841365385677,0.4583194022866106,0.47367611796239845,0.7412694847859633,0.2563433764161924,0.6321756237301366,0.5025267642142384,0.36332165576000436,0.4432119576695413,0.33935421592305154,0.3880002089737098,0.2415031324688855,0.18252144791210345,0.11250546025684781,0.0,0.24002225744640554,0.0,0.1786866347474095,0.31822626238285495,0.5148851134985081,0.4438190545327364,0.07041665864792537,0.042011173171378965,0.0,0.41622493595623977,0.05584331355591711,0.5795120306861941,0.1743319199598107,0.3638935566309789,0.2046240585578126,0.4407560964727438,0.3594834734992465,0.5816097679719899,0.2941221265005885,0.5789986575834644,0.1736020468960382,0.9059625257552206,0.7551932330875424,0.21151316497016887,0.07812116852780983,0.47475193896824214,0.7641154075576901,0.44833146523071976,0.2721656536717534,0.0,0.3287077598796958,0.3334346157391706,0.350093216528161,0.5186356346536665,0.4349955519360737,0.7201248213678244,0.031022451525413185,0.6145986776391561,0.0,0.10930120508500439,0.26751494692590366
0.0,0.12116955003571325,0.6715863077688805,0.527084307189654,0.6950550695825495,0.7417252341119538,0.784627259083687,0.6152334009494212,0.6632984762912093,0.6863585306391586,0.5861019812479529,0.646556306217988,0.0,0.5316263998788016,0.6340206892633931,0.0,0.7423037971053114,0.2901116943053979,0.5297767146168679,0.7412515988949959,0.6167269918452165,0.6762812240841979,0.6072336751967573,0.36727764203250335,0.0,0.43064126392357477,0.667441566231338,0.7134340546277482,0.6020957156906095,0.5336718646130627,0.1451931060065819,0.21332622381398522,0.04863872060225563,0.34434635469196934,0.21180449244412877,0.44496133445000857,0.16560218099066795,0.0,0.13918572797334536,0.2902106161742898,0.10118075937476337,0.0,0.0,0.10764617481418726,0.33560857537121147,0.15654216681412883,0.6016145317115416,0.5558830098453261,0.5018293206589551,0.40865817181530895,0.14973980573592247,0.3288402169435678,0.5935377104329833,0.5995580094248308,0.4689699159344203,0.4362441523460589,0.5022604263829629,0.5993245740234597,0.15343972078760618,0.3760299920752859,0.5102973550801394,0.691358883718718,0.1854081968647855,0.5374380567717835,0.08097786268695079,0.4934459597230547,0.5734322957499275,0.4560287496809981,0.03660278028288107,0.2638422382684735,0.5668838356195796,0.0,0.5844709859978265,0.0,0.0,0.15273542419543218
0.0,0.08371491577771804,0.37763443540761577,0.307229051776681,0.4367845654103946,0.34487237816043165,0.45983116994184214,0.45678399491954436,0.37728261924587236,0.3268673503772006,0.5360324837262538,0.32876901233798445,0.5316263998788016,0.0,0.23361272435108352,0.0,0.43174403887920454,0.16713327611746948,0.35352880059168373,0.3488053257062884,0.2878282191274621,0.20940807057938285,0.3173095460259189,0.2735576477072902,0.0,0.22682977651903424,0.2824559255581045,0.4489497967278232,0.2397054810619954,0.509371738182537,0.04503068922055601,0.015230240540195856,0.0,0.09856530125109937,0.08162012165187267,0.3728937560113044,0.0,0.0,0.0,0.0654559515960046,0.0,0.0,0.06829900136879086,0.16478301474440035,0.17656465428868862,0.049548137748027264,0.2764944052721314,0.29414245584728516,0.2802895466876628,0.16686368387715725,0.11252053342785782,0.07842231259283261,0.37131231203337167,0.32918405503744397,0.2242988549627535,0.2659563925689311,0.23056153673088198,0.24923327537843784,0.2806419740728287,0.03662531787222034,0.1817559844763722,0.40310379261141105,0.029055254187427323,0.3047528165396231,0.02221813960814075,0.19935080516019058,0.20591545686072457,0.14919839581009134,0.015188355954281073,0.08510420379104652,0.2573009972161101,0.0,0.4155974224956885,0.0,0.05288175752429287,0.06980119160873133
0.0,0.0,0.7464700943497908,0.43534449008466664,0.774280467500377,0.7674438498572883,0.657695856307914,0.6983191351559345,0.8607476628719082,0.6946082911324902,0.6780326655924217,0.3328898038611388,0.6340206892633931,0.23361272435108352,0.0,0.0,0.4945424833707687,0.0,0.6082706960181808,0.930548061354671,0.8826336355087285,0.8762791375793318,0.8554379057175606,0.0,0.0,0.1697403220981632,0.894249575646192,0.6517398135466393,0.9288001354708153,0.4144286781720495,0.23567376123262201,0.4323895494110659,0.0,0.5720373677938836,0.4332717963024118,0.39124662359181894,0.28925557325200235,0.0,0.1701136076217517,0.3350308037346729,0.0,0.0,0.0,0.0,0.2029389878782244,0.3080382774261707,0.7174358195864793,0.7169583754886092,0.41380759269085327,0.503701309049369,0.0,0.4587379381862472,0.60134787709429,0.7553854537846095,0.5247982218497899,0.6385443866713383,0.18372307110142594,0.2495586045138597,0.0,0.8341869660371449,0.7502938836199623,0.4339164951070081,0.07799068365771118,0.7036783914249556,0.17202648063966097,0.8207009874622465,0.907262688342478,0.6719594193362853,0.0,0.4564954188440442,0.5439430274051239,0.2553378166987416,0.1909017248781612,0.0,0.0,0.0
0.4547435846812964,0.6399304542475075,0.0,0.0,0.0,0.0,0.0,0.0,0.0,0.0,0.0,0.13644698083160195,0.0,0.0,0.0,0.0,0.0,0.7859920451710739,0.0,0.0,0.0,0.0,0.0,0.4997863478896672,0.8486195735599193,0.45482465706304115,0.0,0.0,0.0,0.0,0.37502795256204935,0.09847874341886728,0.4714881885509735,0.0,0.0,0.0,0.0,0.46160867236524683,0.3833104324363467,0.27331225309880364,0.5494751717356562,0.29291752546928357,0.32241226007267615,0.04813748393990315,0.0,0.0,0.0,0.0,0.0,0.0,0.4999650080172813,0.0,0.0,0.0,0.0,0.0,0.17593958169030863,0.10824941170153274,0.007701674016301171,0.0,0.0,0.0,0.5364018368352461,0.0,0.383440843581639,0.0,0.0,0.0,0.573348830146262,0.08712242255388927,0.0,0.2810978576682528,0.43031720130765844,0.5535742476473332,0.5012533201393654,0.34155929683701597
0.0,0.05056937219092063,0.6313862756128927,0.5216455435917162,0.6586720849947815,0.8879478904414639,0.6751407478279652,0.7667235018215756,0.654305263565028,0.8689628894006793,0.47695026209956287,0.8290597265261576,0.7423037971053114,0.43174403887920454,0.4945424833707687,0.0,0.0,0.4023914406677137,0.35600188195646626,0.6314278646172499,0.661306541682808,0.508815015457016,0.689996629562363,0.5476952288153021,0.024943754944713126,0.5257038605916999,0.7178169330860603,0.5168693778972349,0.6961577741224827,0.4101152154639212,0.5278582952062613,0.2930011360110809,0.20269872686251875,0.37952835113189737,0.05210920754678635,0.424997764658054,0.20123745050639572,0.13761948964538046,0.18593830194522853,0.44728062925092277,0.12181936330354427,0.0,0.0,0.0,0.4683102002088187,0.09175286870143116,0.7992557122735343,0.28522935516436826,0.4328858074744645,0.49223421784543886,0.2865212888497046,0.6399593524974053,0.7203084287109105,0.5530931128133635,0.7123886291968792,0.39914071226089126,0.6986418178782743,0.7507955954052048,0.22633540384330716,0.23669609701010783,0.6679889926678674,0.8304109793845509,0.4226562706795251,0.48880405159222673,0.0,0.5505071769934115,0.5554663673785678,0.39402641409453276,0.2842065294167241,0.4625515089038721,0.7121761029630879,0.0,0.48492664138047464,0.0,0.0,0.0
0.1732399698843906,0.5653361154679025,0.2749350142249649,0.3482527807043236,0.15974750196365814,0.1993595879814164,0.25045060349925324,0.04871200061203916,0.0997205408409989,0.2013070294529389,0.0,0.4129683862961364,0.2901116943053979,0.16713327611746948,0.0,0.7859920451710739,0.4023914406677137,0.0,0.16107761025210302,0.13699959450557594,0.0,0.27562551716518635,0.0,0.6165617404456829,0.722076708084722,0.509347876242444,0.12939383104266056,0.1608715103604001,0.07795687914774306,0.18152122542924343,0.48566862714282816,0.2346639934525272,0.40263426976825945,0.0,0.0,0.20336796454683603,0.14546513313833007,0.4341847707613527,0.2811321791440227,0.37165199305951235,0.5004612295531893,0.02838359295902236,0.19310431885480495,0.011251708569957965,0.2398693820961105,0.0,0.17103004910352998,0.0,0.0,0.06754442985635861,0.36270476968342036,0.162204695785229,0.09391963568908006,0.0820923299894371,0.10822083480992742,0.0,0.3417976704810651,0.38618237206298206,0.14583882643533216,0.0,0.21200313659157144,0.3150805697565604,0.6597338986484345,0.06932249092890244,0.341988764874569,0.0,0.09538445797742791,0.0,0.4744339880844634,0.30034154851261086,0.20360805862830378,0.10969446993085831,0.6558706667445853,0.1167470061229222,0.2979346485211346,0.28303659251131613
0.0,0.0,0.7454459046871865,0.4977678063393399,0.5799306319025822,0.4478889680162451,0.5318486290326846,0.43632950938350273,0.6545565239942707,0.4691939371527713,0.7161075399801434,0.23774745406400236,0.5297767146168679,0.35352880059168373,0.6082706960181808,0.0,0.35600188195646626,0.16107761025210302,0.0,0.6410112119578543,0.44380446041377836,0.6258683616812866,0.5147737582448211,0.0,0.0,0.15202023241536022,0.6182439008433888,0.5825742233650383,0.5146108785118627,0.3862899383244077,0.2038765965615322,0.20617350972694576,0.06922698957458456,0.392784610269263,0.3381142242649073,0.43099748793537784,0.2763213534643608,0.0,0.10949760326935859,0.18212613268115427,0.0,0.0,0.0,0.051867250405702434,0.12420671752154934,0.09482552870095123,0.4656829257214354,0.6611299173684416,0.36106700271831665,0.3997164659208003,0.0,0.2036063377064312,0.3856766643639006,0.6478791284936044,0.37296208025427324,0.5036973321467497,0.12247748284493079,0.10668411229345873,0.08962845559202375,0.45577407198466574,0.40406081559450857,0.2901309972915218,0.007848709198924973,0.8559641321281714,0.263983690114581,0.33531620455713895,0.5816458054131532,0.3992915810486687,0.0,0.22957987844278072,0.2587393616394483,0.13871091298544555,0.3099932778191427,0.0,0.0,0.013676274741588227
0.0,0.0,0.8395071760871615,0.6303253530906171,0.7734681945501276,0.8334258114504315,0.723741180458337,0.7432736466715357,0.8347471092929415,0.7525472477609636,0.6278334467874717,0.4912158543880335,0.7412515988949959,0.3488053257062884,0.930548061354671,0.0,0.6314278646172499,0.13699959450557594,0.6410112119578543,0.0,0.830015934527725,0.9090279601973524,0.806505874485675,0.178484422247719,0.0,0.24264824386627068,0.9275792905538738,0.7075679614705149,0.950444524628356,0.5781094458975795,0.376176634572065,0.4502471922100582,0.0,0.5674925209776631,0.3396378969555251,0.5430142066697099,0.31710629010753066,0.0,0.13916412488771,0.39497893959825164,0.061763356903144315,0.0,0.0,0.0,0.3113935622771369,0.20621158729375486,0.74091830405686,0.6337853489156913,0.47455940877647,0.45715627976866613,0.0,0.4558285689806673,0.6724365434405793,0.7147656387034793,0.5110167048447025,0.5127030475655202,0.29375688101726033,0.38987262262035544,0.056954956647053044,0.67678415467062,0.7929976208459377,0.5200277002725259,0.19449909519148686,0.7063302961584151,0.22257355282908534,0.73216612705008,0.8697846802292369,0.5935428750814521,0.0,0.4705066373812424,0.5768707708910389,0.19555611489845348,0.3968700367475002,0.0,0.0,0.07635884156104325
0.0,0.0,0.650749488762571,0.32553803830948375,0.7759377944973979,0.8360512702504561,0.7043260818691742,0.8572436570341787,0.8673061669161902,0.7617517084682178,0.7033553801354997,0.39613841365385677,0.6167269918452165,0.2878282191274621,0.8826336355087285,0.0,0.661306541682808,0.0,0.44380446041377836,0.830015934527725,0.0,0.7088897397039884,0.9456351932870909,0.0695229870886194,0.0,0.29960414463697294,0.832208521497657,0.5658469251457798,0.894821570596188,0.45655001103234405,0.28363170143521654,0.34184164003186407,0.04196298614200586,0.5395063628840628,0.3652684846828161,0.32268764938944955,0.11950220678162625,0.0,0.1174466161724111,0.3614882283439271,0.0,0.0,0.0,0.0,0.28507095947181943,0.4907898579939806,0.8110582992364124,0.6050163170801086,0.4850307940478289,0.6163814328495913,0.0,0.6364442632262114,0.7404277693891862,0.7586872612713861,0.6589877364727313,0.6885114906186997,0.2642051328557322,0.4085022501367941,0.044170077681171246,0.7427880332604313,0.8055687248049215,0.6131673416825354,0.16189647050595163,0.6195552091232234,0.0,0.9621907591906022,0.831157774138567,0.7243272422191457,0.0,0.5565471155132494,0.7060780397552595,0.150330764362268,0.11883979973656861,0.0,0.0,0.0
0.07478003389349132,0.0,0.7139743614830206,0.609768955348775,0.7312575316870161,0.6690446053529546,0.6705590266566729,0.5130269481958476,0.7719394680727096,0.6524318764318792,0.5373393893616513,0.4583194022866106,0.6762812240841979,0.20940807057938285,0.8762791375793318,0.0,0.508815015457016,0.27562551716518635,0.6258683616812866,0.9090279601973524,0.7088897397039884,0.0,0.6458080562855467,0.16439104497271723,0.07770746035433909,0.3574914616168527,0.8196841892410058,0.6240067541461123,0.7948707837067203,0.4483062818704055,0.360853027524925,0.4933623438196471,0.08025511418587701,0.5075317523639219,0.33818193097522065,0.4143629778822818,0.2619990663253276,0.0,0.3132786694047445,0.40768783498563077,0.1514577694262262,0.004253276205949453,0.0,0.0,0.2501474336578851,0.28456982695629146,0.6298174005503834,0.5832148531733102,0.3668310284971204,0.39623855178821205,0.0,0.37194959796038546,0.49099888669754094,0.6567134402949627,0.4232725324978676,0.44129915721634994,0.26736502118520916,0.28002720664171293,0.0,0.729355540390256,0.6764146047013901,0.45536160648524177,0.24643445535472358,0.6039660242028899,0.43366308738699333,0.6437501947704035,0.8601119964412098,0.5140901933725297,0.0,0.5213362753298417,0.5474725936376714,0.32357376031310936,0.44788374124915215,0.0,0.0,0.23124868869765244
0.0,0.0,0.7274050493139547,0.35404191679196545,0.7960792615424748,0.9535412665705718,0.7446591890975339,0.9074486815411685,0.8638253266598307,0.7537534857041734,0.7561077552992445,0.47367611796239845,0.6072336751967573,0.3173095460259189,0.8554379057175606,0.0,0.689996629562363,0.0,0.5147737582448211,0.806505874485675,0.9456351932870909,0.6458080562855467,0.0,0.14940922085256475,0.0,0.3655291437572347,0.8969220269528753,0.49206926041807586,0.9047697757884644,0.4698010459853853,0.2559911622439797,0.30928461781489547,0.0,0.5358296948930978,0.300817376621717,0.37019389265197566,0.10808896290486672,0.0,0.15152369075097735,0.39313657561714543,0.0,0.0,0.0,0.0,0.26847785111977784,0.3335826602505396,0.8492256594531804,0.6701608173207856,0.4045428658547366,0.6014426112998362,0.1523432667211128,0.6678405193833081,0.8643456162617114,0.7806977800600791,0.6678789209636374,0.7272492695326668,0.37748325974204666,0.48557796706551654,0.055552765155481375,0.6975108917852221,0.7799636610623314,0.6103370583615759,0.18288763262931748,0.6807935848372468,0.0,0.8845567731655046,0.7975847447444593,0.8168872243506294,0.0,0.5455263975967954,0.7308181930311107,0.2185045479295471,0.1547867401359155,0.0,0.0,0.0
0.12729710379410303,0.38848935574666793,0.145281304581245,0.10236499198034131,0.07848137950052755,0.36166081257271904,0.191330725057964,0.2521389927399112,0.021285005891943532,0.3235281895151889,0.0,0.7412694847859633,0.36727764203250335,0.2735576477072902,0.0,0.4997863478896672,0.5476952288153021,0.6165617404456829,0.0,0.178484422247719,0.0695229870886194,0.16439104497271723,0.14940922085256475,0.0,0.6158796052905029,0.6479421570288338,0.10649242378949547,0.14900445194300568,0.09029015360789658,0.2956941486846247,0.492617389877059,0.1469262256524674,0.32758724888368224,0.0,0.0,0.014967860770719163,0.0,0.3267332806971746,0.3382453073159581,0.5433072865515838,0.6250766798170805,0.16463882089574228,0.16259123302693596,0.0,0.22076240530585062,0.134470891863046,0.22986586617096916,0.0,0.022404956199439902,0.0,0.6732543984902442,0.13300419221511323,0.41398876479686636,0.0,0.26130187353431417,0.0,0.7160037857611808,0.6311064191001258,0.22268663073630027,0.0,0.2530837749254416,0.5183345969238924,0.6981973639096435,0.0,0.08353772418124966,0.05293195874511116,0.0,0.19119674183611532,0.8611807283729777,0.38479212429434556,0.5729335056814293,0.1202973997619666,0.6924567425970126,0.14802640425547303,0.4361449957017437,0.46582392670660056
0.5702050281425145,0.6754486419492015,0.0,0.0,0.0,0.0,0.0,0.0,0.0,0.0,0.0,0.2563433764161924,0.0,0.0,0.0,0.8486195735599193,0.024943754944713126,0.722076708084722,0.0,0.0,0.0,0.07770746035433909,0.0,0.6158796052905029,0.0,0.5631906301933587,0.0,0.0,0.0,0.0,0.36047703292785344,0.10659180122482612,0.4079962595388142,0.0,0.0,0.0,0.0,0.39216478331912796,0.34533359559880905,0.3493914951770892,0.5817813655843773,0.2844423789107995,0.3341411915298937,0.04631124712411496,0.005500714437888625,0.21630235985605287,0.0,0.0,0.0,0.0,0.5971226219977056,0.04390657153702568,0.0,0.0,0.0,0.0,0.2588840966221851,0.27137422620095414,0.0,0.0,0.0,0.1674259596199851,0.7213896113578367,0.0,0.4058878515604065,0.0,0.0,0.0,0.7227657565763468,0.5133909597664854,0.28423015127046547,0.4584669945123062,0.5118058773254187,0.6777980524234576,0.5996580185971547,0.5139245409736578
0.4192748222500147,0.6591492545077675,0.1697294605188345,0.09675722612106546,0.25026808715387433,0.49652493435079925,0.447893031078953,0.3203946467089739,0.23930069792685346,0.3548372203458988,0.1962598647089011,0.6321756237301366,0.43064126392357477,0.22682977651903424,0.1697403220981632,0.45482465706304115,0.5257038605916999,0.509347876242444,0.15202023241536022,0.24264824386627068,0.29960414463697294,0.3574914616168527,0.3655291437572347,0.6479421570288338,0.5631906301933587,0.0,0.2383712238244297,0.0,0.24718438832110723,0.24247946825464917,0.21226866162129487,0.17168840907673674,0.4106344039366673,0.0,0.0,0.0,0.0,0.15227276595075423,0.3495072542333307,0.45525281442907345,0.2829101852286442,0.009390539940897478,0.12565932620678985,0.009853858129928778,0.13246862844617113,0.36373859084304677,0.4088335328300611,0.1082510539858584,0.04183509754341535,0.02895071457359851,0.5474987166223235,0.29974126508153276,0.39804356681110165,0.2628976259909633,0.2927296171666135,0.09034112513475875,0.5402975824447502,0.5539822300495835,0.038616030347799486,0.21011000667132196,0.3466546431835101,0.5097177963464362,0.5357179109958313,0.12662060072465173,0.23709214489239083,0.27388387429654526,0.2696296885834384,0.35915892866512683,0.45189778105971734,0.5283227335862266,0.7463201466136716,0.23819722594071052,0.4017898751577521,0.16511698283378948,0.33435788038052966,0.3246353476626615
0.0,0.0,0.9027773022450946,0.6725017454256342,0.8897853066986958,0.8691307487866397,0.7318163191753604,0.8238111041770296,0.9544710078443016,0.8496545363672537,0.7323399292401311,0.5025267642142384,0.667441566231338,0.2824559255581045,0.894249575646192,0.0,0.7178169330860603,0.12939383104266056,0.6182439008433888,0.9275792905538738,0.832208521497657,0.8196841892410058,0.8969220269528753,0.10649242378949547,0.0,0.2383712238244297,0.0,0.6219602371691384,0.9830375365024011,0.3219858089511256,0.37888694009381796,0.4421783525446794,0.022311643409635293,0.5872531582460079,0.28584029182165777,0.5510714860310497,0.4574588346764457,0.0,0.11715926915384649,0.422998175142835,0.0,0.0,0.0,0.0,0.3917587659297959,0.08373208646602195,0.8818587147777349,0.6389037820050362,0.43929325725879126,0.6847506926575413,0.0,0.6858825742719117,0.737527832311148,0.8301886039372051,0.6410356398645285,0.6689233794809376,0.36917415187773983,0.4393812565295877,0.10494647263516889,0.6731892284651135,0.8056818923397476,0.5595256045464377,0.20887451742546168,0.759116931446901,0.10819052458788585,0.7415109045438655,0.9049172231137321,0.5880170604170437,0.0,0.5123288561772847,0.5609191079079081,0.2651576670416345,0.24891335804444475,0.0,0.0,0.0
0.0,0.0,0.654518094754991,0.4786052212344677,0.6395670149690668,0.46564918563997165,0.48015495432214095,0.5153643717510622,0.6263780171415994,0.6450913801545894,0.5815808914890523,0.36332165576000436,0.7134340546277482,0.4489497967278232,0.6517398135466393,0.0,0.5168693778972349,0.1608715103604001,0.5825742233650383,0.7075679614705149,0.5658469251457798,0.6240067541461123,0.49206926041807586,0.14900445194300568,0.0,0.0,0.6219602371691384,0.0,0.5466611510798802,0.5784189807592082,0.3918058610400459,0.25515047538813174,0.04746221192240359,0.4465128849438223,0.2503544303080082,0.44786944107569004,0.40456273444748253,0.0,0.11697493356042996,0.25965397062526574,0.053541551770436104,0.0,0.0,0.04530429612741397,0.35684569118742704,0.14929460339410797,0.45817817490417223,0.5248104262394285,0.5182843576955901,0.5124963640677309,0.0,0.2237753968720409,0.45324091197443866,0.5557352229118052,0.45766634449262256,0.4761315988131144,0.2736477860675828,0.32579455810887964,0.29716869441246724,0.4003592367894786,0.4635628657908314,0.39376049026493104,0.1257032651446157,0.5324008372065825,0.14191629043071385,0.45946092748816336,0.5629040294026718,0.31323830527772306,0.0,0.19048070502182674,0.2683996346617809,0.0,0.5474430972363714,0.0,0.0,0.0982097614871667
0.0,0.0,0.8096170206452477,0.54209669244927,0.8627370105315157,0.8829317334143018,0.7537869404342243,0.8116033460607759,0.8831104111999842,0.8353856225895889,0.6769627980608712,0.4432119576695413,0.6020957156906095,0.2397054810619954,0.9288001354708153,0.0,0.6961577741224827,0.07795687914774306,0.5146108785118627,0.950444524628356,0.894821570596188,0.7948707837067203,0.9047697757884644,0.09029015360789658,0.0,0.24718438832110723,0.9830375365024011,0.5466611510798802,0.0,0.4170488787982075,0.3401385145123461,0.36877124355555224,0.0,0.5752250172662029,0.3373927451727047,0.4337268285429961,0.3036343577229029,0.0,0.061003238396596,0.41990236123221775,0.0,0.0,0.0,0.0,0.34579785891261805,0.21280989394801944,0.8940824800101056,0.6072388861625548,0.36703929621460274,0.5802695326541868,0.0,0.6728179487596608,0.7219232868839429,0.7483016016112086,0.6334832463058125,0.6095320810026301,0.2622528913671801,0.44524765113476533,0.0,0.6657768821568207,0.9269919868857996,0.5773394416645848,0.28191735150037484,0.6913147038070403,0.0,0.8174818221531766,0.8956878319119028,0.5862713182574188,0.0,0.6255362697185174,0.6332671882938578,0.12536170957682632,0.1944625102181373,0.0,0.0,0.0
0.10249248602769874,0.17531683543086146,0.3290053769611849,0.12667662553906472,0.3845427808712415,0.46199877663364947,0.4594063540215743,0.48983984360992916,0.356939831309908,0.4066796485989364,0.4053840050894901,0.33935421592305154,0.5336718646130627,0.509371738182537,0.4144286781720495,0.0,0.4101152154639212,0.18152122542924343,0.3862899383244077,0.5781094458975795,0.45655001103234405,0.4483062818704055,0.4698010459853853,0.2956941486846247,0.0,0.24247946825464917,0.3219858089511256,0.5784189807592082,0.4170488787982075,0.0,0.2708755457930163,0.15791354142697508,0.0,0.2826065582051842,0.25425517241118817,0.2782866749782542,0.0,0.0,0.0,0.12201742552454174,0.0018743295029093972,0.0,0.09678141179142233,0.20760545025648042,0.16493202403711474,0.3241550254724734,0.3128268844623122,0.433106532815435,0.30333262766845553,0.08324844322014702,0.1373066384579276,0.052747145040645135,0.3897462520236328,0.2695286642426811,0.23849646815059133,0.2681247963865559,0.1459981641897578,0.27793516587174827,0.14757733748488444,0.24569097998005132,0.4362159453737596,0.3439252294599836,0.17079252884698568,0.37050499979981977,0.0990260901709703,0.3762659861163365,0.332277927099685,0.36730973833548985,0.0,0.2274275339541984,0.3851395985478311,0.0,0.48261266508913203,0.0,0.289699550568321,0.38403442614119443
0.0,0.0,0.4991021139417647,0.23999091618626442,0.23961055885862712,0.31197373494316594,0.011894172919451136,0.36831724139625743,0.3353459097327649,0.44597043834398525,0.14112300026454178,0.3880002089737098,0.1451931060065819,0.04503068922055601,0.23567376123262201,0.37502795256204935,0.5278582952062613,0.48566862714282816,0.2038765965615322,0.376176634572065,0.28363170143521654,0.360853027524925,0.2559911622439797,0.492617389877059,0.36047703292785344,0.21226866162129487,0.37888694009381796,0.3918058610400459,0.3401385145123461,0.2708755457930163,0.0,0.3923803132142998,0.4204088927722789,0.17839202351004468,0.0,0.20871866959044555,0.25010166813528373,0.4002388759784579,0.2925924440759206,0.4668983063881524,0.32908292052278626,0.3059164635205651,0.0,0.0,0.3231111112741933,0.10040563517415813,0.35844854645388474,0.0,0.2252830122386127,0.3908038842666982,0.3455640725036746,0.4040626784451559,0.39284498105063975,0.34098254771438996,0.39433113198534664,0.13126513361106326,0.41780692193315544,0.37924213544840646,0.2897589000943682,0.19061067239666943,0.43073119452965686,0.32079787353269196,0.45978654884454506,0.250317349677284,0.33105094595142415,0.24193477998322344,0.3550563848766932,0.1849646462555535,0.5093844169172396,0.3819853132736444,0.32117600431851995,0.25966256393336834,0.45569695642098734,0.08652531038455884,0.13798691982529823,0.03541323857944302
0.0,0.0,0.40484702273489137,0.3545375767464865,0.33254193809292565,0.33465851247226036,0.18820664724129504,0.28909947739121755,0.3905143043741088,0.3109215496758918,0.11751472236759915,0.2415031324688855,0.21332622381398522,0.015230240540195856,0.4323895494110659,0.09847874341886728,0.2930011360110809,0.2346639934525272,0.20617350972694576,0.4502471922100582,0.34184164003186407,0.4933623438196471,0.30928461781489547,0.1469262256524674,0.10659180122482612,0.17168840907673674,0.4421783525446794,0.25515047538813174,0.36877124355555224,0.15791354142697508,0.3923803132142998,0.0,0.2773241641524257,0.4408720921544339,0.13964718724306688,0.3510733152999868,0.3069781332515087,0.2488788739083068,0.5312859927967954,0.4765262057950617,0.31422705565826986,0.33961400537109393,0.0,0.0,0.24006854690676407,0.0,0.31412924410084464,0.0,0.1834682942501746,0.38090932034614705,0.020760425669946264,0.3224406642982856,0.29905791169831786,0.28775898971847325,0.24373654144638426,0.029286962061018957,0.20656918327031798,0.1940338281153369,0.21648127948966303,0.4169872623706414,0.3790070655200503,0.16890055557048844,0.1589188428666931,0.19550527647140714,0.34619863028332565,0.29371012052158235,0.48137492914580915,0.30122683325786276,0.12707496534220664,0.21940916602472438,0.21738751442921508,0.21399110074483751,0.2198979116644662,0.0,0.0,0.0
0.2997850589795322,0.29557044346945544,0.10933163284099225,0.09526573270163391,0.04052534034309935,0.0752818812463228,0.0,0.11530562634959866,0.03723644968726071,0.07139746683524831,0.010243558404756256,0.18252144791210345,0.04863872060225563,0.0,0.0,0.4714881885509735,0.20269872686251875,0.40263426976825945,0.06922698957458456,0.0,0.04196298614200586,0.08025511418587701,0.0,0.32758724888368224,0.4079962595388142,0.4106344039366673,0.022311643409635293,0.04746221192240359,0.0,0.0,0.4204088927722789,0.2773241641524257,0.0,0.13748599770218986,0.0,0.024695201120234177,0.0730975370331758,0.4382526358804619,0.4402686554361211,0.6144591842213064,0.3919595244147756,0.24692512555702875,0.026221218828215518,0.0,0.2299641172835361,0.13054018034026812,0.11518252155585902,0.0,0.038446995279654964,0.1596865779763077,0.412984240585914,0.20735215653985703,0.20524568353368544,0.10941483421091143,0.16326824864354078,0.0,0.23014755176984028,0.259666490525903,0.07803406127794185,0.0,0.10163137056329749,0.12506328798149438,0.369841216604892,0.0,0.2745898595940013,0.0,0.021756643853126464,0.11687626757502612,0.36892282881282507,0.22890566202906787,0.22868989990884697,0.23008404151270115,0.27443689186452835,0.2557911148290767,0.23883923426953024,0.09908741550241575
