0.0,0.2672387861151571,0.0,0.13722799582365935,0.20691068206767327,0.1576396372754348,0.009668248001413597,0.0,0.23054943655680823,0.08623367148377324,0.039407394084155216,0.0,0.21115576240368847,0.3602264715755354,0.0,0.35256284321118825,0.0,0.09526344162273775,0.0,0.4410631299968518,0.0,0.3208740705891997,0.0,0.22160981882138653,0.4453896286686672,0.6279696992849388,0.16061421018773817,0.0,0.6242008477737266,0.1128238102612133,0.533942506191401,0.0,0.4146318802306357,0.0,0.3010704458248338,0.3300226442809853,0.0,0.028568017434217163,0.04752806457798318,0.24988320779354678,0.3549995558589804,0.2216005920855959,0.0,0.12152514563231312,0.08419365650379337,0.8034534086671469,0.0,0.4129669929358358,0.0,0.0,0.0,0.0,0.0,0.0,0.0,0.30611403136012927,0.0,0.0,0.0,0.0,0.1722149374662623,0.0,0.0,0.0,0.1320232164382204,0.0,0.0,0.0,0.20689788320019412,0.0,0.19934291225781411,0.0,0.0,0.49079161804603894,0.0,0.49983023248015107
0.2672387861151571,0.0,0.1454753130922832,0.1545055220793072,0.3715527276561314,0.33652023743706727,0.5914730384417207,0.1431159581478249,0.09763352863482327,0.5714965438244081,0.15114027801440186,0.44295881975404405,0.4378278596775331,0.006077665757015985,0.0,0.39433902321100317,0.6643621740252884,0.717258899593768,0.07827962687637482,0.0,0.19580754544466347,0.43810680038079186,0.08705320143772714,0.5282528696856134,0.7243936740647886,0.7381002173053276,0.0,0.017008526345302658,0.0,0.0,0.13369615998811957,0.09626335161385376,0.09998991824255667,0.0,0.0,0.0,0.07924405559676892,0.0,0.265397043201796,0.0,0.0,0.0,0.07582890624712978,0.1154982275563594,0.10259491877048707,0.0901967945924306,0.3960538017227385,0.0,0.0,0.0,0.12709735410505985,0.022113224531123944,0.0535305322972144,0.16269296144136816,0.0935016995773124,0.0,0.23244240182855486,0.25428718724467836,0.0,0.19026813662176495,0.08733275092522838,0.4166277139531831,0.350603114421125,0.0,0.0,0.33071715190114687,0.07117091389971195,0.10989257727567492,0.44217413108798576,0.433664153190019,0.4288100107339897,0.08371187381520746,0.32750887985954535,0.0,0.3458193198145996,0.0646371267341699
0.0,0.1454753130922832,0.0,0.23474075246297602,0.1179094998418514,0.18685902188240444,0.3019467842478306,0.7365674409911911,0.6638141846944838,0.19576545048654692,0.6476843611450657,0.16965757321346242,0.07803890697098917,0.0,0.5485063681139447,0.281721326988133,0.2916587084119345,0.3343485925811729,0.7736381324340229,0.17288905906103072,0.7483570898133792,0.4425060527405441,0.6912746670228015,0.41064656682756767,0.17155796576950447,0.05228891565776852,0.6614063930194208,0.2021361785385447,0.0,0.08152164320433047,0.0,0.3284145181855398,0.0,0.20049453860499256,0.0,0.0,0.20945719636295368,0.27079850963918084,0.09724973765144504,0.02397293380307428,0.055424862302167074,0.0,0.4242018745293798,0.03366652468399267,0.0,0.09226662399490147,0.5992894598999517,0.09523086349572242,0.25647921487189757,0.66613217999836,0.7097385860502629,0.6550781700736065,0.4278661580236078,0.9081379179590292,0.2726225815191915,0.09995978523377429,0.08112714306754262,0.5983269884965438,0.0,0.6909348882432075,0.14651801769652956,0.35055155268872545,0.3798217646168757,0.7694027712041607,0.5555556022910545,0.610230343086448,0.6089877298059065,0.3969653257898107,0.18557294856963125,0.5399525674050114,0.4805414223023423,0.7582249571291023,0.49841148905165333,0.0,0.20207061193110376,0.1766826598623754
0.13722799582365935,0.1545055220793072,0.23474075246297602,0.0,0.0,0.039631913555799266,0.38928268275429573,0.15710299034942177,0.08191191208566963,0.25696138495662046,0.08330595321562953,0.17891905466326577,0.11600040087960396,0.0,0.016221102068872433,0.3264764848112696,0.23377822117443375,0.33789739013816655,0.050648352610329614,0.0615275902794291,0.2317224604891912,0.3445866198293702,0.05651617676296421,0.17789304042851503,0.15765099111572514,0.18158876343549737,0.09791661028112898,0.06934272739563625,0.0,0.1570078344041156,0.04213357047568919,0.0,0.0,0.04051930682229236,0.0,0.0,0.052626463250935646,0.0,0.14604411596055147,0.0,0.012645004114044105,0.08011490076177212,0.27996049095019515,0.10691971648490711,0.0,0.12496174590633322,0.18247166699235776,0.0,0.0,0.09163482524762169,0.11984032990520596,0.13981247544759953,0.0,0.20670502994095868,0.022734814677467966,0.0,0.0,0.24750417450161175,0.0,0.2822412932168703,0.08359756160992284,0.0681245988028516,0.06854117744116672,0.050016455513254426,0.1682698778799504,0.2156583579070089,0.21770639857198287,0.010495701122086806,0.04478059792086855,0.11914108504988377,0.042441445041820715,0.23803127362794196,0.328771040948983,0.0,0.19267287408372616,0.10747929351418187
0.20691068206767327,0.3715527276561314,0.1179094998418514,0.0,0.0,0.45249528909692627,0.33983090002247274,0.0,0.40576852539945546,0.1994481246059182,0.4803673997446398,0.07184446473895321,0.31308451944503546,0.5377916274044875,0.0,0.1098771436739102,0.2566068477404634,0.34622220415583477,0.24562386779803216,0.1093929173481763,0.0,0.034431739379896145,0.051077942273002656,0.23887609055421805,0.43565256557825527,0.4471763001094367,0.1354757653276996,0.0,0.2594705678180589,0.1329571587622854,0.156204380237657,0.0,0.14834222329554014,0.0,0.09987774492586954,0.34731838290780886,0.09182138135120704,0.0,0.0,0.0,0.0,0.02168770051003682,0.07379067522913435,0.07105221452746471,0.0,0.06941538837438438,0.0,0.258454928156799,0.13581692144849322,0.0,0.0,0.0,0.0,0.07430009957264759,0.0,0.3190185347074565,0.06500946824108524,0.0,0.08354194383653393,0.0,0.0,0.0,0.0,0.05415004000819768,0.0,0.04805552110332176,0.0,0.16230743577579654,0.225818155677674,0.02568709946670404,0.09090963430080895,0.035395478855151416,0.0,0.05011290882072202,0.0,0.0
0.1576396372754348,0.33652023743706727,0.18685902188240444,0.039631913555799266,0.45249528909692627,0.0,0.022818640592510736,0.3243079985611737,0.5187833501530841,0.16586273743459234,0.2592649441665785,0.27437483493004616,0.5471378586050575,0.4630366152583006,0.20948321335025852,0.0,0.1828715890827708,0.16603656918231635,0.12192837067899058,0.2288501908257923,0.17485309076503003,0.0,0.46423142237161347,0.5117346628284541,0.43280753862735816,0.550937034947024,0.4202459618991761,0.02880139064789035,0.1605057688927954,0.019513866994604532,0.0933458231717479,0.24430436256771787,0.3095315685551906,0.0,0.16266005289182772,0.3616893542647023,0.1493762111091096,0.0,0.0,0.1176352601232289,0.15576660133472875,0.11416484125044832,0.03053148092428946,0.07352141066531527,0.0,0.0,0.16450927551659877,0.45209343625840237,0.19018666622504246,0.11328880063058225,0.27235584428447124,0.0,0.46240216591272326,0.11081579385683112,0.2191392912522203,0.5267751700616684,0.3630806012212085,0.0,0.2195041463241808,0.06701494731545027,0.0,0.0764969488371685,0.0,0.13033138066994895,0.0,0.14080221882462163,0.0,0.4458224024011536,0.2793756632427527,0.150058786678239,0.411109630646849,0.13301043143148525,0.0,0.0,0.0,0.0
0.009668248001413597,0.5914730384417207,0.3019467842478306,0.38928268275429573,0.33983090002247274,0.022818640592510736,0.0,0.13171762013835295,0.04221550023533423,0.6868993347737069,0.20933089236085278,0.4011724349950347,0.17457270994628726,0.0,0.0,0.5822526658416713,0.5338067635327444,0.7226630534896609,0.32339688673274986,0.0,0.3750053789594872,0.5712672454125421,0.0,0.21840339101307424,0.49187567498789947,0.29738336093384465,0.08436770903727436,0.0,0.0,0.0,0.0,0.05613809424817493,0.0,0.0,0.0,0.0,0.009820526681380946,0.0,0.320137983499567,0.0,0.0,0.0,0.2282707555174966,0.21908191921432543,0.0,0.0,0.44412379048231615,0.0,0.0,0.04894061943340877,0.2265641591801566,0.22722059259931215,0.0411248553029656,0.3102344677280139,0.0,0.0,0.12640410469722455,0.4657033568704282,0.0,0.42893087358737697,0.35809352120272064,0.18540404177403133,0.4120776511537927,0.25990456155930586,0.08979644989798802,0.5006202122631642,0.23414005067980154,0.19786532268845788,0.1891472734793027,0.45681537680300766,0.2025686977158732,0.3163076415195164,0.545213642235948,0.0,0.4071802956397927,0.103427306194073
0.0,0.1431159581478249,0.7365674409911911,0.15710299034942177,0.0,0.3243079985611737,0.13171762013835295,0.0,0.3399887431078602,0.12192295189016611,0.38237827753860854,0.4163558297551657,0.04278504873317016,0.0,0.5165311497563512,0.0,0.28250794002105434,0.12564932426360428,0.470430286048133,0.0,0.746393152221772,0.2579279660007674,0.8467316530082813,0.4994013821986444,0.0659811423631557,0.0,0.4150198741587909,0.19215353932672025,0.0,0.0,0.0,0.38318841062730447,0.0,0.23517245221187486,0.0,0.0,0.32524391714203166,0.280526200045815,0.21324949088183476,0.07792642281587027,0.0,0.0,0.4537140888959242,0.0,0.040309536098613395,0.0,0.6301380542614289,0.0,0.1965108585287066,0.6104662826964827,0.8660881442684424,0.5838060028727665,0.7239535129862297,0.761545987767872,0.141107020751812,0.0,0.3872684402128968,0.6124373618623709,0.1009580077602703,0.6073583598176008,0.0,0.3596229880982891,0.1849529388793241,0.5170407028537362,0.39415012174341474,0.5790969000531537,0.508510942101914,0.5427038352716896,0.2880587370920576,0.4498182044828691,0.48092344713522206,0.5363268381524541,0.3011938932022751,0.0,0.265004468824887,0.0
0.23054943655680823,0.09763352863482327,0.6638141846944838,0.08191191208566963,0.40576852539945546,0.5187833501530841,0.04221550023533423,0.3399887431078602,0.0,0.0,0.7450774395571126,0.0,0.27999896948346975,0.16852622324636163,0.38064388755369993,0.0,0.07051089607168537,0.12532367978276698,0.619595809969214,0.4495272512497763,0.3024182710454108,0.16675785830152814,0.5034512979778286,0.4197487826811386,0.334677702272021,0.349657240627742,0.6534078082286437,0.07397750746056304,0.0,0.21947584545125984,0.0,0.21997657695023357,0.14418920868711982,0.0,0.04753405049699798,0.0,0.041876699652948796,0.14803447895115868,0.0,0.07042969970301324,0.31273436675386307,0.13757639767613905,0.11478967073056663,0.06550592539300121,0.0,0.3431137165323236,0.26945046605520606,0.6671604961979631,0.1589664420686516,0.3665209502623574,0.2717848596422802,0.1583335708868477,0.3361914867635448,0.5389183927109292,0.23932917369175247,0.6052606052879232,0.0,0.06409494907695082,0.07565562128133285,0.37566036664428476,0.09212448717518486,0.05686782033696206,0.06833336103629603,0.5763314925859382,0.29157407451741585,0.36683721763196775,0.1909776490672942,0.4936976295791232,0.25430422440409356,0.258798740552645,0.5050055130553304,0.5208167238498876,0.1607802943328449,0.039844912649791106,0.0,0.2774317043425412
0.08623367148377324,0.5714965438244081,0.19576545048654692,0.25696138495662046,0.1994481246059182,0.16586273743459234,0.6868993347737069,0.12192295189016611,0.0,0.0,0.0,0.5097870533550101,0.21741391059449258,0.0,0.0,0.524496693383541,0.7109341398788792,0.7490092441829292,0.1883736507451383,0.0,0.3322270543195027,0.4240505620887793,0.016712701566815567,0.3391485206450639,0.4976769597033584,0.400656693708602,0.1082920602087556,0.1394715211144342,0.0,0.0,0.29380499812773586,0.14924484980958172,0.0,0.03428620817321933,0.0,0.0,0.21966982547935304,0.0,0.23404761842780364,0.0,0.0,0.0,0.09626036721634622,0.1659535968688736,0.012770512827700007,0.08273183496928825,0.42810980972572005,0.02117923036402908,0.052012232183354254,0.0,0.22116454489547094,0.17882737433936777,0.03853262776890285,0.21424279444084973,0.19050764062196895,0.0,0.24868806426859874,0.3828633420084848,0.0,0.33249913312847673,0.3571665062186119,0.27496968052531534,0.48698462705039475,0.17591384306658162,0.06686290024722656,0.4226289329019979,0.23835541493989593,0.05727955164707554,0.263794336332027,0.5256596535537028,0.26409596731848534,0.22255733034552466,0.3302169081132051,0.0,0.266227386030146,0.0
0.039407394084155216,0.15114027801440186,0.6476843611450657,0.08330595321562953,0.4803673997446398,0.2592649441665785,0.20933089236085278,0.38237827753860854,0.7450774395571126,0.0,0.0,0.048020349236179406,0.16274449910381952,0.16163382095772724,0.2549652675867371,0.019432812500008553,0.09183460438635459,0.1224879695039166,0.6949652274143171,0.25317425149843836,0.28039190949427756,0.1884439209065585,0.435868865279932,0.24937632368632526,0.19348467243121353,0.18183588265261677,0.4549796212811467,0.0,0.0,0.24089162847082426,0.0,0.07526154921335583,0.01081093467913342,0.0,0.0,0.0,0.0965461521594826,0.1692769251522624,0.0,0.0,0.29437412095118093,0.03205865322030584,0.25780407312106557,0.08042127750291876,0.0,0.16706338723932979,0.1599158783899584,0.3664029230909849,0.13790270231304771,0.3793767756308688,0.262306678467381,0.18308168904913572,0.2272888817841756,0.574064903879435,0.0,0.395782911851779,0.0,0.11451209838933661,0.06815829127666685,0.3208918484776102,0.0,0.0,0.0,0.5667637043005164,0.2929562736279756,0.2552489043404677,0.13396822970068817,0.41062744685548164,0.06829071198067736,0.1262662594220259,0.2589928852452331,0.4795621722121999,0.21614571821688447,0.0,0.018708770576797998,0.18332346725665577
0.0,0.44295881975404405,0.16965757321346242,0.17891905466326577,0.07184446473895321,0.27437483493004616,0.4011724349950347,0.4163558297551657,0.0,0.5097870533550101,0.048020349236179406,0.0,0.18427195110711472,0.0,0.0,0.0,0.5467753763295488,0.3350644555511294,0.13909435599452774,0.0,0.17571486726740132,0.11786842488232968,0.14253248476152885,0.5001979670503222,0.022344116649971088,0.30470443311356643,0.0,0.0,0.0,0.0,0.0,0.16455500683358232,0.0,0.0,0.0,0.0,0.30149855924606744,0.0,0.1941727253356512,0.0,0.0,0.0,0.2598253824563685,0.1935139262287682,0.0,0.0,0.24093194068014331,0.0,0.0,0.0,0.2963253315435986,0.0,0.33698107579602493,0.19525169778688517,0.0,0.0,0.6686879934135376,0.320440072253532,0.0,0.11513842244546024,0.0,0.3312713823403541,0.10155576702854209,0.10825941235187984,0.016639435658924992,0.11509512031607712,0.0061891261593891465,0.20453315412348796,0.20749455276364992,0.15732696966028886,0.20719393482799528,0.0,0.2506282967486087,0.0,0.3158825354769151,0.0
0.21115576240368847,0.4378278596775331,0.07803890697098917,0.11600040087960396,0.31308451944503546,0.5471378586050575,0.17457270994628726,0.04278504873317016,0.27999896948346975,0.21741391059449258,0.16274449910381952,0.18427195110711472,0.0,0.21590062222466713,0.21076281959647916,0.0,0.35617140241348794,0.12099261557544376,0.10976519326594603,0.36642528762923493,0.06700507497403574,0.06196814068084651,0.216558104130276,0.28392573479489996,0.32031240765943836,0.5171551500420473,0.24409494392439715,0.47309434927299854,0.3670523482686969,0.0,0.1238511117551714,0.13349684582774654,0.3402019597258375,0.0,0.1995907578527255,0.1882586628231355,0.13974736657831954,0.0,0.04792736473785324,0.12911245056113652,0.1398902807659281,0.04416527565984415,0.0,0.07318970553329952,0.0,0.1019504637460467,0.08372855747965026,0.5268500671162037,0.21718556092974411,0.06872480453437477,0.0,0.0,0.1475446568513175,0.0771799627932391,0.2698812732112374,0.4956396109802136,0.26523663431390926,0.0,0.10117626092301411,0.0,0.0,0.09097570252256992,0.003255415338737945,0.19257351418295343,0.04379391666209626,0.1362379990084675,0.0,0.06130528077278631,0.20456152162049104,0.0,0.30527549155761663,0.0,0.0,0.048825625610426596,0.0,0.0
0.3602264715755354,0.006077665757015985,0.0,0.0,0.5377916274044875,0.4630366152583006,0.0,0.0,0.16852622324636163,0.0,0.16163382095772724,0.0,0.21590062222466713,0.0,0.0,0.0,0.0,0.0,0.0,0.08238547098593255,0.0,0.0,0.0,0.0338995343563181,0.10082188697344006,0.3548538702260885,0.0,0.0,0.4565014728889427,0.11597692249424815,0.09459180717383683,0.0,0.25022640885625336,0.0,0.258871711819476,0.7241035580094073,0.0,0.0,0.0,0.02513475651606333,0.21848043731713335,0.3056092888207628,0.0,0.011662401991701184,0.0,0.09898269617099978,0.0,0.3205935235757236,0.0,0.0,0.0,0.0,0.0,0.0,0.0,0.4620626636655407,0.08043188618166411,0.0,0.32314500061070023,0.0,0.0,0.0,0.0,0.0,0.0,0.0,0.0,0.10815621550265615,0.04085333195422559,0.0,0.0,0.0,0.0,0.1343186938366185,0.0,0.0
0.0,0.0,0.5485063681139447,0.016221102068872433,0.0,0.20948321335025852,0.0,0.5165311497563512,0.38064388755369993,0.0,0.2549652675867371,0.0,0.21076281959647916,0.0,0.0,0.0,0.0,0.0,0.34905007150406325,0.5336272985959267,0.5998570805617953,0.26550378298662214,0.7311084304032797,0.1526573698861675,0.0,0.0,0.6888792800368705,0.496511076551238,0.0,0.0,0.052659140169477536,0.3346448487362775,0.19385040310306223,0.3337716604395096,0.0,0.0,0.20688487498850744,0.2616322546652544,0.126667410976321,0.45139461344469556,0.16355136538503898,0.0,0.2502388753727606,0.0,0.07592129891159548,0.14584319683523564,0.3118166892451849,0.18046579720440906,0.3567131639045085,0.7723147911465937,0.5765092645060459,0.6259267982590352,0.42155519265241603,0.5802777638658884,0.36249881096030306,0.34858755919699697,0.0,0.37088346861886906,0.2226276486232751,0.5316956813057907,0.13512548123455861,0.07999679558613895,0.13166934879572,0.5519310002956385,0.6017107031258089,0.38035592154327397,0.6418785653895102,0.27760162943958766,0.06932136990476975,0.18657824194253692,0.31282282118320026,0.5492077057476671,0.07214164430939207,0.0,0.025678239858534634,0.16553970627522163
0.35256284321118825,0.39433902321100317,0.281721326988133,0.3264764848112696,0.1098771436739102,0.0,0.5822526658416713,0.0,0.0,0.524496693383541,0.019432812500008553,0.0,0.0,0.0,0.0,0.0,0.42589495929733867,0.7565239482133648,0.2148237818986981,0.0,0.4089999036258327,0.7549451201415597,0.0,0.15118494567921753,0.48336565860071096,0.2179452267960132,0.22378627516408936,0.0,0.0,0.0,0.38407586245701475,0.21258259097081478,0.0,0.13321288910898815,0.0,0.0,0.033684628887302503,0.08446151677848292,0.40011412674640207,0.0,0.0,0.0,0.1998148127191345,0.24513393160963226,0.05723595832428398,0.37504699218083765,0.37612623859441074,0.0,0.0,0.04093704403943841,0.1815330429534849,0.31568930469936407,0.0,0.2916856578654535,0.0,0.0,0.0,0.40298148711414306,0.0,0.47621951090241454,0.5747755178143891,0.15379977283032728,0.5277334479336139,0.18351029705136002,0.27672463372807227,0.41168414495752653,0.45943425926233494,0.0,0.1168227682621514,0.4830386175182066,0.13336935082524065,0.42701133937210234,0.5754991680537456,0.2156659950281766,0.20650806941037655,0.37797823238080674
0.0,0.6643621740252884,0.2916587084119345,0.23377822117443375,0.2566068477404634,0.1828715890827708,0.5338067635327444,0.28250794002105434,0.07051089607168537,0.7109341398788792,0.09183460438635459,0.5467753763295488,0.35617140241348794,0.0,0.0,0.42589495929733867,0.0,0.7633029698702751,0.2575610615870548,0.0,0.3624090420262834,0.39613857472044256,0.14505832040053537,0.5606351626114984,0.39705104665086133,0.5151462559099691,0.03627928750530427,0.19685584663398922,0.0,0.0,0.2596996141907923,0.2027673175125054,0.0,0.0890769021904161,0.0,0.0,0.33618319352654563,0.0657915093469345,0.2694226940819071,0.0,0.0,0.0,0.21938128415524952,0.13733159875125783,0.03615874370486,0.052085678881338304,0.47888781777313877,0.0,0.15113918272989768,0.007396883952634429,0.27153748432304475,0.13232435129087125,0.17293589548501156,0.29814393902354996,0.016102764679519464,0.0,0.3418983714177761,0.4585962477162169,0.0,0.3628204331487664,0.14690541361147616,0.28640719684388083,0.4800709834820719,0.2112071975400116,0.13556973266540595,0.37341689743044987,0.2694541792327512,0.06548195302181332,0.3948097588511215,0.35567989217237983,0.36455592285419247,0.17186038913438756,0.43184174701905215,0.0,0.23366102972693073,0.0
0.09526344162273775,0.717258899593768,0.3343485925811729,0.33789739013816655,0.34622220415583477,0.16603656918231635,0.7226630534896609,0.12564932426360428,0.12532367978276698,0.7490092441829292,0.1224879695039166,0.3350644555511294,0.12099261557544376,0.0,0.0,0.7565239482133648,0.7633029698702751,0.0,0.24957276460249553,0.0,0.3424105178143295,0.5638880735083832,0.0,0.42122747147079564,0.6894461060535667,0.502560133255369,0.12207135283603966,0.0,0.0,0.0,0.22570541924193874,0.19322634293223023,0.0,0.030051792895168218,0.0,0.0,0.12669102930630466,0.0,0.3190763343143298,0.0,0.0,0.0,0.1618471283652341,0.2204108486620927,0.0,0.0668188460498833,0.4998120803601488,0.0,0.0924079231051545,0.0,0.2184152369819239,0.15095925789067724,0.0,0.2610590189665207,0.08244465572128222,0.0,0.13691185623900223,0.397647568761495,0.0,0.37090163475505744,0.3403698023081829,0.3089108219074672,0.5133310431105039,0.1286598016092515,0.04687127434935088,0.42192113813207477,0.20900513402687224,0.055069524735471234,0.3226203606327711,0.5609559269682164,0.31738139650202496,0.3083136419462208,0.572368847569191,0.0,0.21292544657564533,0.09592127118235462
0.0,0.07827962687637482,0.7736381324340229,0.050648352610329614,0.24562386779803216,0.12192837067899058,0.32339688673274986,0.470430286048133,0.619595809969214,0.1883736507451383,0.6949652274143171,0.13909435599452774,0.10976519326594603,0.0,0.34905007150406325,0.2148237818986981,0.2575610615870548,0.24957276460249553,0.0,0.29282307672224417,0.563241137533256,0.4283695105341739,0.49595744601659664,0.28007564679311425,0.18587297191377883,0.03917674047865018,0.5745441797850697,0.14480653491478912,0.0,0.09710130440298971,0.0,0.25353782509209977,0.014773803833711402,0.06782797197476768,0.0,0.0,0.19335462436781764,0.22610358392690938,0.0,0.045400783618833464,0.20759763104187587,0.0,0.3422238186132843,0.027343149844577072,0.0,0.15413119057543084,0.41948044395296363,0.26175336969108065,0.22260079207235323,0.44901639555045914,0.531149207963615,0.4218715853776257,0.3784977875411911,0.7037155715530973,0.09375819118381551,0.11397734764151651,0.02561163168159186,0.43576608993111177,0.06362491141659869,0.5956504669541512,0.18176764018413993,0.10918648037937186,0.2422105095902339,0.8385686318240216,0.4947494332527271,0.5068279477858374,0.4694066813875199,0.5020910848714897,0.04971372871448093,0.3478151078036518,0.3653131770038907,0.7081461259393169,0.3731041653498355,0.0,0.16011268280202046,0.25119846778040505
0.4410631299968518,0.0,0.17288905906103072,0.0615275902794291,0.1093929173481763,0.2288501908257923,0.0,0.0,0.4495272512497763,0.0,0.25317425149843836,0.0,0.36642528762923493,0.08238547098593255,0.5336272985959267,0.0,0.0,0.0,0.29282307672224417,0.0,0.2190737637404817,0.5181344659254992,0.2702055260368949,0.1200506868827506,0.1301351662662189,0.20756416154292442,0.6150553318986345,0.4072629570291416,0.2962729336508248,0.3742047377402702,0.2461776550318738,0.2102381464296869,0.28353323324552687,0.0,0.1712867788843919,0.03928907266859101,0.016564680740872223,0.08973623775960832,0.0,0.36328693471514173,0.3000008170681634,0.10355154128771846,0.03188556515183525,0.0,0.0,0.5190275359615762,0.02591033169597989,0.6095577871016604,0.0,0.22917307281785607,0.049019583374073826,0.10609080653956694,0.1428546080445759,0.1966912067699985,0.04708302779951762,0.42749191556272564,0.0,0.0,0.0,0.3695118432172425,0.18934270579316217,0.0,0.0,0.3556211418290353,0.595408988847143,0.21790793659535737,0.3559498256034947,0.2605246140423186,0.043443946067141366,0.0,0.3196176264879041,0.4286398828978911,0.0,0.26839255207739504,0.0,0.3299255438723089
0.0,0.19580754544466347,0.7483570898133792,0.2317224604891912,0.0,0.17485309076503003,0.3750053789594872,0.746393152221772,0.3024182710454108,0.3322270543195027,0.28039190949427756,0.17571486726740132,0.06700507497403574,0.0,0.5998570805617953,0.4089999036258327,0.3624090420262834,0.3424105178143295,0.563241137533256,0.2190737637404817,0.0,0.6137774678558076,0.7315865554759736,0.40700630043825803,0.23626233686733805,0.0,0.6346328127114033,0.3281007653449981,0.0,0.0,0.0,0.4234920406407301,0.0,0.2586494171827987,0.0,0.0,0.21296651458537363,0.2715218626769466,0.33203603929663766,0.13501171846336793,0.0,0.0,0.41755538072161114,0.03069574678439094,0.041662039996392876,0.10172161164817667,0.7490052621157711,0.0,0.2877011655602596,0.748465001081182,0.8535473153106671,0.7763687411035182,0.5043047323229879,0.7941016604069397,0.22304212032664425,0.0,0.08383627679952356,0.8083369249453437,0.0,0.8522042761768883,0.3483601868529568,0.2854485125403851,0.5020167307589348,0.6479076358504207,0.613037865333958,0.8099630014061612,0.8112736893637603,0.4432898568177667,0.20428230861556038,0.6234565802464418,0.5068095566070694,0.7769818727512656,0.5453583851681957,0.0,0.2909840600949104,0.15915356105625703
0.3208740705891997,0.43810680038079186,0.4425060527405441,0.3445866198293702,0.034431739379896145,0.0,0.5712672454125421,0.2579279660007674,0.16675785830152814,0.4240505620887793,0.1884439209065585,0.11786842488232968,0.06196814068084651,0.0,0.26550378298662214,0.7549451201415597,0.39613857472044256,0.5638880735083832,0.4283695105341739,0.5181344659254992,0.6137774678558076,0.0,0.28052860101743654,0.3347583389860074,0.4373181627075093,0.28560301534810784,0.4765657273090898,0.23089247995355797,0.0,0.08020500086768223,0.1982346828105743,0.35365480698734725,0.10781149565193542,0.17674232997578831,0.0,0.0,0.04069952175872312,0.2446051457927383,0.5215779611302931,0.12754259244223468,0.10596887557048698,0.0,0.3366169782626401,0.14517097331174575,0.0,0.4145875965216716,0.578599337821603,0.05749908777230599,0.0,0.23950832602323444,0.4376762382017735,0.4360040393363732,0.14789108835900375,0.5045479458200915,0.0,0.0,0.0,0.5645833535311212,0.0,0.7590170541259659,0.5118371019422155,0.12227906320242381,0.4606890467323079,0.4659972110728093,0.6375718852936433,0.5949471127581011,0.7337502433619212,0.30613134295097844,0.22825746451483564,0.5287133918703298,0.47239257371047544,0.6323697243841232,0.6269598116270462,0.11872588806279191,0.40869377266535556,0.43641253844127104
0.0,0.08705320143772714,0.6912746670228015,0.05651617676296421,0.051077942273002656,0.46423142237161347,0.0,0.8467316530082813,0.5034512979778286,0.016712701566815567,0.435868865279932,0.14253248476152885,0.216558104130276,0.0,0.7311084304032797,0.0,0.14505832040053537,0.0,0.49595744601659664,0.2702055260368949,0.7315865554759736,0.28052860101743654,0.0,0.4461319560590366,0.1710586938541876,0.10826890212493567,0.6754906107458568,0.2888335708170841,0.0,0.0,0.0,0.4096333185724532,0.1204830696688069,0.2783881749172927,0.0,0.0,0.31057964136645505,0.27393625365661556,0.1754709246530874,0.30807043318089605,0.1590458350308199,0.0,0.3827435888965326,0.0,0.03741922846178251,0.0,0.5705476579639878,0.14006005410827924,0.22885009396236303,0.7268639014202323,0.8466150061883563,0.6033959175025885,0.7493814076745506,0.7167663647788115,0.299070351099546,0.2705074497605279,0.19765085775372432,0.46978862615697525,0.22949397795247145,0.5935370320541078,0.0,0.27329787664482336,0.14068977796786086,0.5957166011109122,0.5238398495637862,0.552075604302397,0.544901314218427,0.6736372327148115,0.21237803245493467,0.42274339902573677,0.5342471688768603,0.6508088599252587,0.12741668238258488,0.0,0.12276043638822472,0.0
0.22160981882138653,0.5282528696856134,0.41064656682756767,0.17789304042851503,0.23887609055421805,0.5117346628284541,0.21840339101307424,0.4994013821986444,0.4197487826811386,0.3391485206450639,0.24937632368632526,0.5001979670503222,0.28392573479489996,0.0338995343563181,0.1526573698861675,0.15118494567921753,0.5606351626114984,0.42122747147079564,0.28007564679311425,0.1200506868827506,0.40700630043825803,0.3347583389860074,0.4461319560590366,0.0,0.4903509338612961,0.6364674559141873,0.2784598706131167,0.14219536674328143,0.0,0.05652413794459612,0.07150516542403039,0.27899309330262295,0.046432455458990815,0.0,0.0,0.0,0.30030437980082036,0.1583547964764765,0.24902535103365286,0.0,0.11793190430788661,0.0,0.1854533648564504,0.07818716123999302,0.13511325860186646,0.19985787241611988,0.453539115792134,0.1466830774852241,0.07180951603435405,0.10644729355408208,0.38554902671138697,0.05595796030236608,0.4047877151683603,0.4121873357458866,0.1592279262849313,0.10680136739102329,0.3871583883930825,0.2897591117199915,0.0,0.38942763088902915,0.0,0.3553852939260935,0.2990449933884345,0.2074522396227267,0.1717088938433378,0.4439882620834881,0.27694134176414714,0.34259026181889024,0.683034811748706,0.38413483003740845,0.6253281456719864,0.2786754142826643,0.37400523146931797,0.0,0.33406495151758314,0.1367182560390396
0.4453896286686672,0.7243936740647886,0.17155796576950447,0.15765099111572514,0.43565256557825527,0.43280753862735816,0.49187567498789947,0.0659811423631557,0.334677702272021,0.4976769597033584,0.19348467243121353,0.022344116649971088,0.32031240765943836,0.10082188697344006,0.0,0.48336565860071096,0.39705104665086133,0.6894461060535667,0.18587297191377883,0.1301351662662189,0.23626233686733805,0.4373181627075093,0.1710586938541876,0.4903509338612961,0.0,0.7419076578019622,0.28627447058230415,0.0,0.14540552531963646,0.0,0.1839756828638556,0.046185434612414755,0.10864416008142785,0.0,0.0033543010797204404,0.0,0.031794344979164176,0.0,0.21549071900063402,0.0,0.19605245904236113,0.0,0.0,0.04765709610596251,0.07472856260080463,0.2257979016570461,0.4214698051761017,0.29304749133634195,0.031804921752310825,0.0,0.15298053726941893,0.04280502723632376,0.09532031799086721,0.11599705034325532,0.22592436494270052,0.12209437317434509,0.0,0.0889466013331903,0.0,0.25915876993915526,0.28875993875848377,0.2645756031046321,0.2955153526508757,0.035383433843863075,0.06739033142426218,0.4568801864480743,0.09866657735729731,0.27119030522031085,0.47906741640305467,0.5845953432867658,0.5442104383155323,0.2986722951489679,0.22514767246912293,0.20888005956356645,0.2598297459559484,0.24806783518741607
0.6279696992849388,0.7381002173053276,0.05228891565776852,0.18158876343549737,0.4471763001094367,0.550937034947024,0.29738336093384465,0.0,0.349657240627742,0.400656693708602,0.18183588265261677,0.30470443311356643,0.5171551500420473,0.3548538702260885,0.0,0.2179452267960132,0.5151462559099691,0.502560133255369,0.03917674047865018,0.20756416154292442,0.0,0.28560301534810784,0.10826890212493567,0.6364674559141873,0.7419076578019622,0.0,0.11945236792895328,0.0,0.3110319572624379,0.07368914470240548,0.291038074008526,0.0581413475147044,0.258344166364266,0.0,0.1364850220733477,0.2827587474941309,0.014816392652479611,0.0,0.10534745647599025,0.0,0.251441834354151,0.1945596675398813,0.0,0.08061458363901539,0.03584663666338284,0.41878543617363306,0.20119508335415526,0.36957815267060096,0.0,0.0,0.0,0.0,0.048715136748893155,0.0,0.08102461326117694,0.2678997714648582,0.19383753381812932,0.0,0.0,0.0608231295034754,0.022624362105511144,0.1728697238968893,0.10150098723080124,0.0,0.0,0.17017168226191393,0.0,0.159851774245474,0.4384077860094058,0.2018124047009217,0.5455961461178248,0.0,0.11910986546024124,0.051775907889414906,0.09094882671217228,0.2327882113175236
0.16061421018773817,0.0,0.6614063930194208,0.09791661028112898,0.1354757653276996,0.4202459618991761,0.08436770903727436,0.4150198741587909,0.6534078082286437,0.1082920602087556,0.4549796212811467,0.0,0.24409494392439715,0.0,0.6888792800368705,0.22378627516408936,0.03627928750530427,0.12207135283603966,0.5745441797850697,0.6150553318986345,0.6346328127114033,0.4765657273090898,0.6754906107458568,0.2784598706131167,0.28627447058230415,0.11945236792895328,0.0,0.32490402009840375,0.0,0.08728294935572205,0.13487495132412605,0.37558039595631365,0.09044137425044231,0.22364824261196106,0.01340515303131857,0.0,0.03933994980997532,0.2026253787643129,0.11635863056607008,0.2444462489640351,0.2376376236230407,0.0,0.17221115738961867,0.0,0.0,0.3462459997882248,0.371988282927459,0.4244257966649246,0.2894740473879047,0.6898190486574205,0.537493132283109,0.5908876350323193,0.31705447723542846,0.619815385723549,0.3430409851079859,0.37671340003536824,0.0,0.31256973014814277,0.0729083990910015,0.6333210420810826,0.2836438176939449,0.0320969455831929,0.220648090934887,0.644475247851438,0.630081100653661,0.518678401555787,0.6118890186997172,0.39641666846941975,0.09014508313758392,0.4010677560011083,0.42944468407525127,0.8467570648164521,0.1541524812127172,0.1710436650054058,0.0426965039180605,0.2640966255503233
0.0,0.017008526345302658,0.2021361785385447,0.06934272739563625,0.0,0.02880139064789035,0.0,0.19215353932672025,0.07397750746056304,0.1394715211144342,0.0,0.0,0.47309434927299854,0.0,0.496511076551238,0.0,0.19685584663398922,0.0,0.14480653491478912,0.4072629570291416,0.3281007653449981,0.23089247995355797,0.2888335708170841,0.14219536674328143,0.0,0.0,0.32490402009840375,0.0,0.0,0.0,0.21514080741726302,0.27566618524519587,0.05818561854057543,0.3257256699730141,0.10077360058989153,0.0,0.23917078839386705,0.08220670615448382,0.2585919894229133,0.24933905975780593,0.0,0.0,0.02152348324537596,0.0,0.11023347999809896,0.027189380197876423,0.24142153912856454,0.2169484681442818,0.23788433085260127,0.4301177368133239,0.28172662292902495,0.41564855978714393,0.22370912519491376,0.3500293792870076,0.3209722604293518,0.18268876688328603,0.17619272532389363,0.3052353544858277,0.0,0.2961079728919535,0.24397439461214057,0.10842696927826315,0.2969533654395619,0.32241903620141016,0.2999217955449453,0.2897745887686438,0.49595294154018266,0.0,0.20388171087660706,0.10016021943040156,0.22684938788281475,0.16511543714250604,0.06502486208660793,0.0,0.22636719781333822,0.0
0.6242008477737266,0.0,0.0,0.0,0.2594705678180589,0.1605057688927954,0.0,0.0,0.0,0.0,0.0,0.0,0.3670523482686969,0.4565014728889427,0.0,0.0,0.0,0.0,0.0,0.2962729336508248,0.0,0.0,0.0,0.0,0.14540552531963646,0.3110319572624379,0.0,0.0,0.0,0.07096710946050068,0.48141391610306766,0.0,0.41475405125719866,0.0,0.4859531821441185,0.5529736031618318,0.0,0.0,0.0,0.20665991387498114,0.1339550883832771,0.3305043225294436,0.0,0.038163038238434234,0.0,0.40138344610323273,0.0,0.4739099257611877,0.0,0.0,0.0,0.0,0.0,0.0,0.07526536400618435,0.39770450951593683,0.0,0.0,0.035045832095121576,0.0,0.07385343143631261,0.0,0.0,0.0,0.0,0.0,0.0,0.0,0.0,0.0,0.0,0.0,0.0,0.665566331944348,0.0,0.17407460969456237
0.1128238102612133,0.0,0.08152164320433047,0.1570078344041156,0.1329571587622854,0.019513866994604532,0.0,0.0,0.21947584545125984,0.0,0.24089162847082426,0.0,0.0,0.11597692249424815,0.0,0.0,0.0,0.0,0.09710130440298971,0.3742047377402702,0.0,0.08020500086768223,0.0,0.05652413794459612,0.0,0.07368914470240548,0.08728294935572205,0.0,0.07096710946050068,0.0,0.0,0.0,0.0,0.0,0.09502388370198293,0.11106779770224351,0.0,0.09018902830359168,0.0,0.0,0.20813077845142977,0.262701024431504,0.05805058212426952,0.0,0.0,0.13526306101317292,0.0,0.2148102620973556,0.0,0.0,0.0,0.0,0.03624592201165245,0.055609760510338904,0.0,0.13063064679317005,0.0,0.0,0.0,0.0,0.0,0.0,0.0,0.07638722709976911,0.15579272758510398,0.0,0.0,0.1713593231735876,0.0,0.0,0.05687793522978973,0.16878368616861014,0.06978519520110475,0.06679015283526787,0.08577922983963952,0.08871484455150916
0.533942506191401,0.13369615998811957,0.0,0.04213357047568919,0.156204380237657,0.0933458231717479,0.0,0.0,0.0,0.29380499812773586,0.0,0.0,0.1238511117551714,0.09459180717383683,0.052659140169477536,0.38407586245701475,0.2596996141907923,0.22570541924193874,0.0,0.2461776550318738,0.0,0.1982346828105743,0.0,0.07150516542403039,0.1839756828638556,0.291038074008526,0.13487495132412605,0.21514080741726302,0.48141391610306766,0.0,0.0,0.13815554147600678,0.27133554972144824,0.1623082044912358,0.31860525592850947,0.23146134939924465,0.04038141066220761,0.002349979025843669,0.0898842139982118,0.18895166085421422,0.0,0.0,0.0,0.04902311671686282,0.17455030556372014,0.44255732840765,0.0,0.11458596013563263,0.1776269518057159,0.0,0.0,0.0,0.0,0.0,0.22402094153103305,0.15702247398177752,0.0,0.0,0.03358822484632597,0.0,0.3147720930547955,0.0,0.2510379025641101,0.0,0.07348081907761647,0.0,0.12895214247915174,0.0,0.17967219905725454,0.04015430298111704,0.0,0.0,0.0,0.2727436756196817,0.0,0.0770118620284584
0.0,0.09626335161385376,0.3284145181855398,0.0,0.0,0.24430436256771787,0.05613809424817493,0.38318841062730447,0.21997657695023357,0.14924484980958172,0.07526154921335583,0.16455500683358232,0.13349684582774654,0.0,0.3346448487362775,0.21258259097081478,0.2027673175125054,0.19322634293223023,0.25353782509209977,0.2102381464296869,0.4234920406407301,0.35365480698734725,0.4096333185724532,0.27899309330262295,0.046185434612414755,0.0581413475147044,0.37558039595631365,0.27566618524519587,0.0,0.0,0.13815554147600678,0.0,0.05467947409782617,0.0698110022527205,0.0,0.0,0.24295633731331465,0.24453607615691342,0.2948252755258045,0.17799542051874423,0.0,0.0,0.33525828866145224,0.2107375199414291,0.0,0.11537062343539137,0.3998583350988604,0.07848125667479533,0.2061096292759847,0.26546339611529507,0.4425922076315467,0.3215966952599405,0.34404053332592055,0.38072838494778594,0.0,0.0,0.17353861588246003,0.38417138736367873,0.02673547038347981,0.43567708040020964,0.04775347060325536,0.07174890420627167,0.18018033548598952,0.3588425656470194,0.31575295664480724,0.30453560873894453,0.4069520926137259,0.25765065095978135,0.16243947559161745,0.21635884262305494,0.3173924894426331,0.3381879415776556,0.1541359327053952,0.0,0.03576164507728171,0.0
0.4146318802306357,0.09998991824255667,0.0,0.0,0.14834222329554014,0.3095315685551906,0.0,0.0,0.14418920868711982,0.0,0.01081093467913342,0.0,0.3402019597258375,0.25022640885625336,0.19385040310306223,0.0,0.0,0.0,0.014773803833711402,0.28353323324552687,0.0,0.10781149565193542,0.1204830696688069,0.046432455458990815,0.10864416008142785,0.258344166364266,0.09044137425044231,0.05818561854057543,0.41475405125719866,0.0,0.27133554972144824,0.05467947409782617,0.0,0.23382137250323962,0.2715016425801323,0.28261831068139537,0.0,0.12461567890632302,0.10206141699904649,0.576972457043352,0.3285808133825145,0.2045937213202042,0.016084545298869556,0.01387440516869563,0.032075613695751834,0.2570916148984287,0.0,0.2481265622893453,0.0,0.0,0.0,0.0,0.0488641621365112,0.0,0.1540585700918322,0.26522454088346903,0.0034271909090019467,0.0,0.07388199300162432,0.0,0.0,0.0,0.0,0.061125131714531246,0.026685523401813675,0.0,0.0,0.021745214767019783,0.04262720670445459,0.0,0.11900017448232227,0.0,0.0,0.2152751779093959,0.0,0.17865882289961937
0.0,0.0,0.20049453860499256,0.04051930682229236,0.0,0.0,0.0,0.23517245221187486,0.0,0.03428620817321933,0.0,0.0,0.0,0.0,0.3337716604395096,0.13321288910898815,0.0890769021904161,0.030051792895168218,0.06782797197476768,0.0,0.2586494171827987,0.17674232997578831,0.2783881749172927,0.0,0.0,0.0,0.22364824261196106,0.3257256699730141,0.0,0.0,0.1623082044912358,0.0698110022527205,0.23382137250323962,0.0,0.045333861533747986,0.0,0.12163652639950838,0.11193844308546129,0.2884728767734915,0.3377900724430166,0.0,0.0,0.2710489224739278,0.0,0.08907521869630416,0.0,0.1834868016897781,0.0,0.09296182934995796,0.3640118062376345,0.3433975177415873,0.4275976698784518,0.18309594643259608,0.26682438861483676,0.12575171415010777,0.0,0.0,0.2999845765261935,0.0,0.25888236254458447,0.06882791224296668,0.1291171572317341,0.1699890338970436,0.19763487008958275,0.2378186581711783,0.1606394714874477,0.42091971426919766,0.0,0.0,0.05396753775961552,0.0,0.15915061099815586,0.05150683217166187,0.0,0.12786014643298388,0.0
0.3010704458248338,0.0,0.0,0.0,0.09987774492586954,0.16266005289182772,0.0,0.0,0.04753405049699798,0.0,0.0,0.0,0.1995907578527255,0.258871711819476,0.0,0.0,0.0,0.0,0.0,0.1712867788843919,0.0,0.0,0.0,0.0,0.0033543010797204404,0.1364850220733477,0.01340515303131857,0.10077360058989153,0.4859531821441185,0.09502388370198293,0.31860525592850947,0.0,0.2715016425801323,0.045333861533747986,0.0,0.38817315905600974,0.0,0.0,0.0,0.15685756845128043,0.018320302413663257,0.14692585804140187,0.0,0.0,0.0,0.1506016232932898,0.0,0.2690440141040115,0.060505246567747244,0.0,0.0,0.0,0.0,0.0,0.06638846943407178,0.2778129437302954,0.0,0.0,0.10941779343954776,0.0,0.0,0.0,0.0,0.0,0.0,0.0,0.0,0.0,0.0,0.0,0.0,0.0,0.0,0.17252625020244722,0.0,0.0
0.3300226442809853,0.0,0.0,0.0,0.34731838290780886,0.3616893542647023,0.0,0.0,0.0,0.0,0.0,0.0,0.1882586628231355,0.7241035580094073,0.0,0.0,0.0,0.0,0.0,0.03928907266859101,0.0,0.0,0.0,0.0,0.0,0.2827587474941309,0.0,0.0,0.5529736031618318,0.11106779770224351,0.23146134939924465,0.0,0.28261831068139537,0.0,0.38817315905600974,0.0,0.10233828134360148,0.0,0.0,0.10657723683478626,0.032887325157284965,0.23381244226386166,0.0,0.023382257406981032,0.0,0.03201429706945716,0.0,0.23014728375751145,0.0,0.0,0.0,0.0,0.0,0.0,0.0,0.38539457949114375,0.08972697595748448,0.0,0.2587082710062189,0.0,0.0,0.0,0.0,0.0,0.0,0.0,0.0,0.0,0.0,0.0,0.0,0.0,0.0,0.18218779282252792,0.0,0.0
