0.0,0.18111630119250696,0.0,0.0856453202168341,0.13377986787234006,0.0971473791230467,0.0033148392725842915,0.0,0.15828326850697483,0.05123773074596685,0.02914522037687053,0.0,0.13944413789089466,0.24092673920680682,0.0,0.23182890283130944,0.0,0.06838660277889753,0.0,0.3022732920240731,0.0,0.21413354637829274,0.0,0.14502701392155398,0.2949739434673444,0.41013731560531813,0.10309831997882901,0.0,0.4047171735751004,0.07557037237433953,0.3461259997062843,0.0,0.2653854698560842,0.0,0.2211855831185857,0.21210581628198688,0.0,0.026337247277147518,0.029742371529680584,0.16822159594703898,0.24633431711497034,0.1616287562287308,0.0,0.08758354827122712,0.06135179772983541,0.5305411626137406,0.0,0.27847061595322264,0.0,0.0,0.0,0.0,0.0,0.0,0.0,0.20095572118754687,0.0,0.0,0.0,0.0,0.10925005967119343,0.0,0.0,0.0,0.08540684507128472,0.0,0.0,0.0,0.13576782848960534,0.0,0.12718057417282788,0.0,0.0,0.3202574667610913,0.0,0.33132615113998204
0.18111630119250696,0.0,0.09591352192442178,0.10428186596070167,0.24499875095301876,0.2275761139404009,0.4030114651507625,0.09284825551277391,0.0667712717824557,0.3770485131728356,0.10202122062821423,0.28419032029809177,0.2892214352913816,0.0021394231521452466,0.0,0.2577173173590081,0.4414319428057127,0.4781450893104521,0.05513329805378501,0.0,0.13324162483412083,0.2876705834572283,0.05757672052267524,0.3433494049543759,0.4800756431525538,0.48677392065383307,0.0,0.015597025435983836,0.0,0.0,0.08626104028579981,0.05864663475914298,0.06786293650434255,0.0,0.0,0.0,0.04541645183572599,0.0,0.1753531441573625,0.0,0.0,0.0,0.05362514734761527,0.07430695612601207,0.07158121517849059,0.06654794654526085,0.2599139465410328,0.0,0.0,0.0,0.08734222416652818,0.009635804137183264,0.036931684800683165,0.10751594549208683,0.053277034735553945,0.0,0.14726051227112255,0.15431253230041808,0.0,0.11620149757089855,0.057203784894630634,0.2599412672572335,0.22483626198764936,0.0,0.0,0.2167638518840427,0.04541895098385812,0.06825931577119336,0.29026097475773216,0.2796345182830506,0.2766270127180464,0.0522649719380329,0.20902336424365417,0.0,0.22317148312778262,0.04014239343804018
0.0,0.09591352192442178,0.0,0.15465339653858762,0.07022522308591041,0.10344455639672144,0.19420286015331223,0.48581263809991765,0.4348840152119702,0.1331848463353591,0.4233601943082777,0.11149075420151222,0.041330569611894415,0.0,0.3580022721514515,0.18636912234921124,0.1977851873980627,0.2264775792375869,0.5059534654193364,0.11226786643637379,0.494527701185664,0.2897420468202296,0.45461447880739986,0.26913361108207995,0.11856216621111916,0.03775907135073402,0.4254367673266403,0.12648506363986084,0.0,0.05350665760685004,0.0,0.20344535241653663,0.0,0.1328570860678048,0.0,0.0,0.12669660678326353,0.19116112203213978,0.06286121441536631,0.01981902918793184,0.040353054866593366,0.0,0.28119045211741306,0.018133784284994788,0.0,0.06463728799292887,0.4000926986873768,0.06084199571293881,0.1646028732804915,0.4249595383576288,0.4749590718469734,0.42201846511676194,0.2836971707264751,0.5952680971655708,0.17614320624936272,0.06421743775037331,0.04792237619367548,0.3980989355339988,0.0,0.4514087608820206,0.09481830128892808,0.23150730083886065,0.2533683976291215,0.4991708933178889,0.3609394038058759,0.4052973754458736,0.3994254745636846,0.2643711964876998,0.12279825048750223,0.36390978377425837,0.3180558540378283,0.49355314960038144,0.32636032042501917,0.0,0.11957711926539982,0.11052708776014857
0.0856453202168341,0.10428186596070167,0.15465339653858762,0.0,0.0,0.030210598121693667,0.25843943090817406,0.10826028830978747,0.06028626788481951,0.1626801853122247,0.057571469334403484,0.12029210919123784,0.07820429357436086,0.0,0.012703809026394425,0.22137988514839257,0.15102779831396304,0.21554513072586806,0.036694016782174294,0.04529469908013395,0.15223248106269785,0.229619708074166,0.04451483185681366,0.11484665875953108,0.10129871526876948,0.11975023995109207,0.06710920600991734,0.049562258374135235,0.0,0.10708572670826974,0.037675736825819345,0.0,0.0,0.02637029776792067,0.0,0.0,0.039485226189080735,0.0,0.0898437688102826,0.0,0.010617163522901072,0.050920948510835846,0.17371663203593693,0.06338532720086126,0.0,0.07631958768492163,0.12778961952217865,0.0,-6.741405612276373e-05,0.06517030424936233,0.08377652276079221,0.09580404250751859,0.0,0.143394901080938,0.013677184476953404,0.0,0.0,0.16151056057087287,0.0,0.18999882182907385,0.055517830154559585,0.048013101901104575,0.04504608529996772,0.03557615971954681,0.11396233982073052,0.1425691298778301,0.14415175869480323,0.015717309179967314,0.029807136314278858,0.08024963285366077,0.028151157481872437,0.15903716611598115,0.212245313473546,0.0,0.12311776440908814,0.07134597158774039
0.13377986787234006,0.24499875095301876,0.07022522308591041,0.0,0.0,0.28866153930936084,0.2219679383628847,0.0,0.2627751840143667,0.13952482129515004,0.3159951158952298,0.04909308528288728,0.206247996149473,0.35253701692681466,0.0,0.07524535185885828,0.17815209383202646,0.23254441667087233,0.15407945797131237,0.06324531289072456,0.0,0.021285770014452598,0.03008917421146406,0.15307054372471024,0.29541552578300156,0.30741365362656137,0.08218322290730241,0.0,0.16836716727153853,0.08043028203981406,0.10547427795490621,0.0,0.10005830094395458,0.0,0.06678759587791844,0.22043233400877524,0.05662600318603104,0.0,0.0,0.0,0.0,0.014491591819405758,0.05312987896403127,0.049395776600357516,0.0,0.0449096206897369,0.0,0.16200607973856054,0.08262135353577345,0.0,0.0,0.0,0.0,0.042450952166158594,0.0,0.21169955679447744,0.043195032402284735,0.0,0.05479883920293299,0.0,0.0,0.0,0.0,0.02223225590511886,0.0,0.028371779181210317,0.0,0.10478291105831511,0.14566287420803845,0.01414562497234458,0.06110757062629766,0.01598729710771616,0.0,0.029112187656744764,0.0,0.0
0.0971473791230467,0.2275761139404009,0.10344455639672144,0.030210598121693667,0.28866153930936084,0.0,0.004064117633476664,0.2087778604593416,0.3312131559782361,0.11400347642383804,0.1639263608962189,0.18760739700552698,0.35867364863638035,0.29849417667850525,0.13138260904153246,0.0,0.12697625328091172,0.1213676415249826,0.06656408076450757,0.14433990619849832,0.10826305249789554,0.0,0.29694191277606713,0.3337896026999422,0.2889223444584142,0.36328591929115644,0.26861426520769355,0.01719972208248542,0.09520440172482868,0.006955369917805742,0.05716810437035404,0.15249584216222373,0.2038782954248387,0.0,0.11552992569503621,0.2191062542352398,0.09680334663609585,0.0,0.0,0.07774804058255587,0.10795475300292288,0.08068505599618542,0.023026703630768305,0.04782910378777075,0.0,0.0,0.10459449810210075,0.28063856516203967,0.12627162234413566,0.06495645761555321,0.17770858930587166,0.0,0.29507762178046903,0.05653104140445161,0.14044385475690638,0.34040492434289304,0.23871052575691687,0.0,0.15366473729854116,0.03471503628124626,0.0,0.041783076797737406,0.0,0.06018507274015096,0.0,0.08260095550284595,0.0,0.2856556850909571,0.18106566045335312,0.08547771621524239,0.26393976583222273,0.07972278286619679,0.0,0.0,0.0,0.0
0.0033148392725842915,0.4030114651507625,0.19420286015331223,0.25843943090817406,0.2219679383628847,0.004064117633476664,0.0,0.07892685660981434,0.012331520592596176,0.45640161813609514,0.13017292468783204,0.26326049954098274,0.11354832575533771,0.0,0.0,0.407359301412654,0.3739233494495532,0.5099659453503309,0.20949030295331975,0.0,0.2413436347829043,0.38326333429195786,0.0,0.14472036519051656,0.33963576090707476,0.20581659791019313,0.05078349609620945,0.0,0.0,0.0,0.0,0.036420086237879186,0.0,0.0,0.0,0.0,0.007664884104289579,0.0,0.22197540918683922,0.0,0.0,0.0,0.15937853376632813,0.14696629046714807,0.0,0.0,0.2983073863887308,0.0,0.0,0.033504316369777555,0.14166870365005216,0.14858000181788633,0.012263606216514074,0.19424184254574786,0.0,0.0,0.08642346196898705,0.293981333228867,0.0,0.2829865231369417,0.24350738058518615,0.11497341864089089,0.2704684259832256,0.16344360702687843,0.055692934761785,0.3236728156412929,0.15620175837220512,0.1244439618201792,0.12350408669533632,0.3011830473942658,0.1322897333445007,0.20398321213380707,0.3489509452898487,0.0,0.2809888787050465,0.07132755744565052
0.0,0.09284825551277391,0.48581263809991765,0.10826028830978747,0.0,0.2087778604593416,0.07892685660981434,0.0,0.2291328195305294,0.08161744040921677,0.25638864750594237,0.2815647315809378,0.02990932918146284,0.0,0.3413401717876775,0.0,0.1863000042501,0.08859423108581461,0.3091355198525282,0.0,0.4784855442898574,0.16720224721291568,0.5520110729655963,0.3234822238134255,0.044411800424873776,0.0,0.2736496474438277,0.13477050115944442,0.0,0.0,0.0,0.2343088870020739,0.0,0.15890039938768635,0.0,0.0,0.23149055584547187,0.2027952446110106,0.1313999764792531,0.04987257789961428,0.0,0.0,0.30070852362990946,0.0,0.026679274697249386,0.0,0.41137017023292494,0.0,0.12471359324744555,0.39954983655697635,0.5631082137878973,0.3866266511304118,0.47557437732111346,0.5042950788512576,0.08821565099434114,0.0,0.2522005769613523,0.3988288272007847,0.060668424731890165,0.397598746359941,0.0,0.23647453472019153,0.12332844660332179,0.3365065600285451,0.26012035499132097,0.3783691984512981,0.3396141355712038,0.35549214247208766,0.19011818594483385,0.28446567425705155,0.3085694297923656,0.360396203030075,0.1999937182739169,0.0,0.16225278614064725,0.0
0.15828326850697483,0.0667712717824557,0.4348840152119702,0.06028626788481951,0.2627751840143667,0.3312131559782361,0.012331520592596176,0.2291328195305294,0.0,0.0,0.48889445287617983,0.0,0.17754043263682004,0.10664956913118923,0.25917646422225443,0.0,0.05267773217346737,0.09069624179348854,0.4026572272223353,0.3008644593064985,0.2053435545060369,0.11327212432245379,0.3303804865532246,0.27540487407637876,0.23214733974967444,0.23767687494211379,0.4242999719718742,0.05563978627376027,0.0,0.1434130338927034,0.0,0.13252149336515087,0.0977631400303327,0.0,0.03473307583600707,0.0,0.023957743153775024,0.11086669226734135,0.0,0.04901888416718667,0.23313158220250488,0.09212464804306118,0.08338074897038397,0.04355007735376801,0.0,0.23639175786652955,0.1784977988393053,0.432338577246153,0.10436597943405253,0.22461745700369204,0.1727810866735795,0.09140063986717498,0.22177280098085606,0.3497797551649518,0.15397856356136624,0.3974200468488979,0.0,0.030556225608191958,0.050149599506268475,0.24626885434221002,0.059458468896801335,0.030935645513115683,0.03992030119113511,0.3694467476119906,0.1878472940838164,0.24646563618386036,0.12750837187388306,0.326483844536507,0.16570205075091093,0.16740411069920055,0.3325341916674624,0.33616318410655416,0.10138572868970636,0.01686993831469334,0.0,0.18364362050623712
0.05123773074596685,0.3770485131728356,0.1331848463353591,0.1626801853122247,0.13952482129515004,0.11400347642383804,0.45640161813609514,0.08161744040921677,0.0,0.0,0.0,0.3317309069090404,0.1529223337622164,0.0,0.0,0.34274208264517275,0.46673216181254334,0.49978627657151214,0.12492303113152517,0.0,0.21379630091930718,0.2818302347510907,0.00959865385551922,0.20911541964647481,0.32682198109101784,0.26262466211555485,0.07839936443873566,0.0932423252162681,0.0,0.0,0.19341848344171586,0.09318932614787079,0.0,0.027072372988178276,0.0,0.0,0.15065923407496745,0.0,0.1557895311158206,0.0,0.0,0.0,0.06989434748357058,0.11076630672809983,0.009170713910160826,0.05014632373601397,0.2785269594107688,0.01929771165669696,0.03348885400100897,0.0,0.13787406395808594,0.11895498487431136,0.02888764861883752,0.1440801447654468,0.11478446128829348,0.0,0.15171767367927338,0.24860474175766414,0.0,0.2151150508673306,0.2283513306542139,0.170642765300153,0.30966628826666764,0.11865235109846492,0.048581394412510484,0.27643192727810234,0.15754751233278327,0.037801232256966744,0.1631546160673477,0.3352263059211832,0.16608484780330418,0.14821033202822712,0.21330811532722985,0.0,0.16932050999861287,0.0
0.02914522037687053,0.10202122062821423,0.4233601943082777,0.057571469334403484,0.3159951158952298,0.1639263608962189,0.13017292468783204,0.25638864750594237,0.48889445287617983,0.0,0.0,0.03424460749009616,0.10404534551005885,0.10052779640170328,0.16746921787022415,0.016259176370504464,0.06710469717914336,0.08758484190398,0.4562010351705122,0.161210363573005,0.18648526482874753,0.12206523310207783,0.2834522275651874,0.16553481882822832,0.1351214158902497,0.12702135744176593,0.29160489119013494,0.0,0.0,0.14564504118647112,0.0,0.0443914726100518,0.012378200434300372,0.0,0.0,0.0,0.05886513413650268,0.11937532060230735,0.0,0.0,0.22477029805238904,0.020920075432529727,0.17555185454960207,0.052330860276653055,0.0,0.11269379279682301,0.10387649597760483,0.24307061216380613,0.08810125097393627,0.2361450572498303,0.17294439006784973,0.11567393992992121,0.15495147908752124,0.37491261927734315,0.0,0.2662242836044977,0.0,0.07303768580269401,0.035077419887805994,0.2032607672981738,0.0,0.0,0.0,0.3649047500882731,0.18452633603854765,0.1669653087459592,0.08709178772888079,0.27095744326721666,0.04552005497235472,0.08024738582387837,0.17150479817817652,0.3082085219422163,0.13979490625256671,0.0,0.0063052825583789695,0.12303850081584711
0.0,0.28419032029809177,0.11149075420151222,0.12029210919123784,0.04909308528288728,0.18760739700552698,0.26326049954098274,0.2815647315809378,0.0,0.3317309069090404,0.03424460749009616,0.0,0.1262437906789719,0.0,0.0,0.0,0.3530957861370849,0.21820523230303865,0.0873676056415798,0.0,0.1108385367684076,0.0723028883113124,0.0884335340196135,0.3184868574054646,0.01817251443760806,0.19761916437781837,0.0,0.0,0.0,0.0,0.0,0.10561274762329208,0.0,0.0,0.0,0.0,0.199082977877852,0.0,0.13526147923331489,0.0,0.0,0.0,0.17435570844852047,0.12293299175758243,0.0,0.0,0.14966102462780329,0.0,0.0,0.0,0.19485227240882913,0.0,0.22411802166014533,0.1303072636373467,0.0,0.0,0.4436942475405366,0.2118847660470505,0.0,0.06615039404655017,0.0,0.21760059590116498,0.05958690759242981,0.06048500262650464,0.003535666348450364,0.07295574618177732,0.0009516619969536191,0.13210888363601803,0.13968074244921047,0.09552644042501737,0.13486790391646317,0.0,0.16098670195041337,0.0,0.2111610619035914,0.0
0.13944413789089466,0.2892214352913816,0.041330569611894415,0.07820429357436086,0.206247996149473,0.35867364863638035,0.11354832575533771,0.02990932918146284,0.17754043263682004,0.1529223337622164,0.10404534551005885,0.1262437906789719,0.0,0.1428421709415723,0.14066921059500628,0.0,0.24635173388114298,0.09831528799572009,0.06737404233763856,0.24158442532688357,0.03874746013444175,0.040115163121324765,0.12926200141621486,0.18809174825842923,0.22018867351388388,0.34395110539670176,0.1569367714523239,0.31236343056342697,0.24070351823951164,0.0,0.08146059546786409,0.0762113099694408,0.223195637761606,0.0,0.14201250680225433,0.10777125355872733,0.09192808625990885,0.0,0.033226902947871305,0.08702808012112938,0.10233116666079849,0.030225373721270956,0.0,0.04261818050700032,0.0,0.06789800691145449,0.04289894674294001,0.339614391338213,0.13642442114360787,0.0460213702466845,0.0,0.0,0.09181578350799494,0.03715964331161827,0.1724366050896555,0.32234898502403037,0.1725920344043271,0.0,0.06545576147403082,0.0,0.0,0.058730457834547334,0.0018357108015181474,0.11532518655525201,0.024608171472258245,0.08395082246601882,0.0,0.03383730896976205,0.13367973106740505,0.0,0.19792235316385093,0.0,0.0,0.0269079112017892,0.0,0.0
0.24092673920680682,0.0021394231521452466,0.0,0.0,0.35253701692681466,0.29849417667850525,0.0,0.0,0.10664956913118923,0.0,0.10052779640170328,0.0,0.1428421709415723,0.0,0.0,0.0,0.0,0.0,0.0,0.05148514843746143,0.0,0.0,0.0,0.01754878927712497,0.07432774539263087,0.2375871740018904,0.0,0.0,0.29940430633894877,0.0769578772362523,0.06630419102743416,0.0,0.15854230864074806,0.0,0.18208817765382096,0.4719915841736665,0.0,0.0,0.0,0.019618918232063572,0.14699419889384135,0.207595116397177,0.0,0.006355102014554598,0.0,0.06512172470780546,0.0,0.2034302592077752,0.0,0.0,0.0,0.0,0.0,0.0,0.0,0.3042865118354806,0.05154399885253898,0.0,0.2071593740877632,0.0,0.0,0.0,0.0,0.0,0.0,0.0,0.0,0.07151028460102866,0.024196455581559834,0.0,0.0,0.0,0.0,0.08684639546016854,0.0,0.0
0.0,0.0,0.3580022721514515,0.012703809026394425,0.0,0.13138260904153246,0.0,0.3413401717876775,0.25917646422225443,0.0,0.16746921787022415,0.0,0.14066921059500628,0.0,0.0,0.0,0.0,0.0,0.22664012014304527,0.33848548383922944,0.40215362469578697,0.1682145737187736,0.4849747876243617,0.09503858928299913,0.0,0.0,0.4531626054177769,0.33125105580918474,0.0,0.0,0.03381874113091276,0.21698163604682386,0.12777046557884453,0.22446010568269562,0.0,0.0,0.13542858322312146,0.18720884870802107,0.08115134634990714,0.3202887588182514,0.12463717008325548,0.0,0.16513777529103588,0.0,0.057557802671494504,0.10042192359036989,0.20336035363162983,0.11083158524701477,0.2291854427549779,0.49958515403742504,0.3895922048742578,0.41830841850873174,0.2767733390641396,0.39033703241643586,0.23850271920363106,0.22983033941590789,0.0,0.24935598435977022,0.1462521761986867,0.339908863578941,0.08533163450646922,0.04752248760305704,0.08545626586918993,0.3561864054187379,0.3878176507977422,0.26228484590780565,0.41961871794926847,0.1843335615722447,0.04582767792468204,0.1165686668193048,0.2046445284134879,0.3625312617265977,0.04495597048639842,0.0,0.004220959963255046,0.10702345826023735
0.23182890283130944,0.2577173173590081,0.18636912234921124,0.22137988514839257,0.07524535185885828,0.0,0.407359301412654,0.0,0.0,0.34274208264517275,0.016259176370504464,0.0,0.0,0.0,0.0,0.0,0.28365681363272965,0.49453379690969257,0.14226216485451057,0.0,0.285333672454171,0.5108354152339218,0.0,0.08997902093662778,0.3144469433482901,0.13384724487162733,0.15223076452982434,0.0,0.0,0.0,0.2580218569425426,0.13300482756852555,0.0,0.0913250294435953,0.0,0.0,0.016639841157283522,0.061211981528663625,0.2611353312139095,0.0,0.0,0.0,0.14071509958646153,0.16354587108359864,0.04173345487725519,0.25361096208258316,0.24487721100096524,0.0,0.0,0.02499741610526722,0.11267033629656298,0.2084228589109937,0.0,0.2007236221539721,0.0,0.0,0.0,0.258691098840325,0.0,0.3250142132385491,0.3795974176383048,0.08578552674828575,0.34122372318523925,0.12127522898337458,0.18070187461538037,0.2869564087356696,0.3038053533962921,0.0,0.07061533422710556,0.30959928308121804,0.07114040670393379,0.2843860646045083,0.3756441282889929,0.13455068275563734,0.13132854699658295,0.2426729492999837
0.0,0.4414319428057127,0.1977851873980627,0.15102779831396304,0.17815209383202646,0.12697625328091172,0.3739233494495532,0.1863000042501,0.05267773217346737,0.46673216181254334,0.06710469717914336,0.3530957861370849,0.24635173388114298,0.0,0.0,0.28365681363272965,0.0,0.5075259727557169,0.173091136940741,0.0,0.25051353855418945,0.27242025281968646,0.09740675097240267,0.3594991992951357,0.262043891452377,0.33828573423862457,0.029630510294438053,0.13572265346999662,0.0,0.0,0.17698153342173004,0.12840212646613217,0.0,0.056989250204568034,0.0,0.0,0.2180022832125853,0.05273916356228768,0.18070811008606394,0.0,0.0,0.0,0.15560968256777427,0.09237359538374473,0.030031300564721034,0.03616367872816702,0.3198094442118312,0.0,0.10112234463060965,0.002236391377477726,0.1754764207641124,0.09018663194483838,0.1160117657093502,0.205846955331424,0.012373744253489463,0.0,0.21800923699861846,0.30428426796167446,0.0,0.24358828391242102,0.10176813652495739,0.15579572475376718,0.3082905671427081,0.1417391406873364,0.09006657026294627,0.26035475391970886,0.18194427376063488,0.04757312764991437,0.2492094231774582,0.2297630733031145,0.23479410294817538,0.11641164991150164,0.2837239781553992,0.0,0.15063523383879657,0.0
0.06838660277889753,0.4781450893104521,0.2264775792375869,0.21554513072586806,0.23254441667087233,0.1213676415249826,0.5099659453503309,0.08859423108581461,0.09069624179348854,0.49978627657151214,0.08758484190398,0.21820523230303865,0.09831528799572009,0.0,0.0,0.49453379690969257,0.5075259727557169,0.0,0.16465338058305087,0.0,0.24065959930236056,0.3873950671280028,0.0,0.27092573046102886,0.4539247134458045,0.3294569859358337,0.09288129260155342,0.0,0.0,0.0,0.15268890861204396,0.12084289621143388,0.0,0.020416323434778397,0.0,0.0,0.07885098686999652,0.0,0.2128141941514568,0.0,0.0,0.0,0.11390299173651566,0.15047156545207924,0.0,0.050330846471458655,0.33096734077523,0.0,0.06196685263471677,0.0,0.14120376249085181,0.10149244929069827,0.0,0.18200913231452906,0.04658488783153631,0.0,0.08400517311833267,0.26479007433123986,0.0,0.25163441669815195,0.23087359747429173,0.18726061430181146,0.335838840743295,0.08626366676494003,0.03556380764549426,0.2948278740831692,0.14529582309224975,0.03976922346247465,0.20866618852967442,0.36743195402146694,0.19995953726457485,0.20852160187906613,0.37487906537121307,0.0,0.14020467572002976,0.05573361832933006
0.0,0.05513329805378501,0.5059534654193364,0.036694016782174294,0.15407945797131237,0.06656408076450757,0.20949030295331975,0.3091355198525282,0.4026572272223353,0.12492303113152517,0.4562010351705122,0.0873676056415798,0.06737404233763856,0.0,0.22664012014304527,0.14226216485451057,0.173091136940741,0.16465338058305087,0.0,0.18921403068175707,0.37085179146281655,0.27677432166589666,0.3237004439081789,0.17768251850162428,0.12346700872834396,0.02846510794241857,0.3663234111316851,0.08990284196757868,0.0,0.05832119514837049,0.0,0.16177116760105845,0.012274551912714005,0.045266357575201206,0.0,0.0,0.11931045693048682,0.15684029815574904,0.0,0.03423800977138902,0.14520180596707036,0.0,0.22714137070422624,0.015840882691688703,0.0,0.10175595726363827,0.27085826365296906,0.1705254604106476,0.14399363005920288,0.27735435472183934,0.3521552678368134,0.2715281474336975,0.2467805599463875,0.45645327374691563,0.05997512845622162,0.07962381157179704,0.013101403358233822,0.28517542781134725,0.03675036568486149,0.3833969813600452,0.11616543548663401,0.07158005507671461,0.15970288909995656,0.543357827510036,0.3189761125886981,0.3319569920378256,0.30165883598365545,0.3277883779530177,0.030119371898734867,0.22691560844310307,0.23691599066455735,0.4577993320901238,0.24224598401595243,0.0,0.09249299616867313,0.15993149026765804
0.3022732920240731,0.0,0.11226786643637379,0.04529469908013395,0.06324531289072456,0.14433990619849832,0.0,0.0,0.3008644593064985,0.0,0.161210363573005,0.0,0.24158442532688357,0.05148514843746143,0.33848548383922944,0.0,0.0,0.0,0.18921403068175707,0.0,0.1518779488069689,0.3409455291126065,0.17739529087313335,0.08197167359235566,0.09430314659049847,0.13969457555989165,0.39951098326515866,0.27303952952145255,0.19189902607692885,0.24362370447060097,0.16501473170509495,0.13241131690027091,0.1941846237769861,0.0,0.1397234411830557,0.01633580079177418,0.008632210747845936,0.06816770403828865,0.0,0.27217854620578086,0.22624012331796228,0.07341106305925674,0.02325227022097915,0.0,0.0,0.3696704042395644,0.006979752636226249,0.39539224109360654,-0.007856314276587067,0.14050503907736056,0.027176230792777374,0.06253331341837615,0.09385995687006325,0.1345740289064272,0.03556427324496717,0.2756723231903221,0.0,0.0,0.0,0.22897240647326217,0.13312738867973467,0.0,0.0,0.22790514535588025,0.38367227936584763,0.14984799248285283,0.23683898657532926,0.1745019624604531,0.039517870598035715,0.0,0.2160126056021573,0.27958930249391795,0.0,0.18186840924143563,0.0,0.2203962184236283
0.0,0.13324162483412083,0.494527701185664,0.15223248106269785,0.0,0.10826305249789554,0.2413436347829043,0.4784855442898574,0.2053435545060369,0.21379630091930718,0.18648526482874753,0.1108385367684076,0.03874746013444175,0.0,0.40215362469578697,0.285333672454171,0.25051353855418945,0.24065959930236056,0.37085179146281655,0.1518779488069689,0.0,0.41010523918089836,0.4740993832346146,0.2544449322252025,0.16542062907157992,0.0,0.41676237408290095,0.22101855536353698,0.0,0.0,0.0,0.26066951865472465,0.0,0.16816263042144716,0.0,0.0,0.1444279141861911,0.18837006843395698,0.20904336558674172,0.08821990971021476,0.0,0.0,0.2758465177856705,0.015124948583577687,0.021858739921437016,0.0735031877641878,0.4926294284004664,0.0,0.18028043273505526,0.4712478229618864,0.5599153240376782,0.5150077193725832,0.3213277816261499,0.5364989768455107,0.13713396071230302,0.0,0.048964639824829355,0.5271137634048337,0.0,0.5675257633631554,0.2270181051595143,0.17822509805506886,0.326845336684844,0.42754785214994395,0.407229849181385,0.5293802848786201,0.5397690745602487,0.28395060798364136,0.12878356551279185,0.3989898505881615,0.3259634508155072,0.5088307808853153,0.35491205389241515,0.0,0.17525617165129578,0.1019043294162307
0.21413354637829274,0.2876705834572283,0.2897420468202296,0.229619708074166,0.021285770014452598,0.0,0.38326333429195786,0.16720224721291568,0.11327212432245379,0.2818302347510907,0.12206523310207783,0.0723028883113124,0.040115163121324765,0.0,0.1682145737187736,0.5108354152339218,0.27242025281968646,0.3873950671280028,0.27677432166589666,0.3409455291126065,0.41010523918089836,0.0,0.18075958523920108,0.21745885068181878,0.2958969878924688,0.18677021278396616,0.3117565590107443,0.15723518469610231,0.0,0.057560686494247275,0.13058861665204846,0.22550973884513423,0.07196807643757544,0.12079590633165861,0.0,0.0,0.019950583171947717,0.17274864870275936,0.3436195527648787,0.0889822288491369,0.08018440880200887,0.0,0.23312703521990502,0.09707273578330096,0.0,0.2840603753453368,0.386380914266547,0.03216093870269846,0.0,0.14996316697910161,0.2948359344996295,0.2788458561296203,0.09544559610663038,0.3371152880500031,0.0,0.0,0.0,0.3783643194326955,0.0,0.4971557532539865,0.34559056912827063,0.07079597853801511,0.3081113658384297,0.2992099022512638,0.4146036892962702,0.3976009650507622,0.4837543073145791,0.20281373823927853,0.15318419828277677,0.3470813790926967,0.3059634805347095,0.4159523492669568,0.4152821276863886,0.07447809170736863,0.26162146604856745,0.2892918661582712
0.0,0.05757672052267524,0.45461447880739986,0.04451483185681366,0.03008917421146406,0.29694191277606713,0.0,0.5520110729655963,0.3303804865532246,0.00959865385551922,0.2834522275651874,0.0884335340196135,0.12926200141621486,0.0,0.4849747876243617,0.0,0.09740675097240267,0.0,0.3237004439081789,0.17739529087313335,0.4740993832346146,0.18075958523920108,0.0,0.28566410434745176,0.10992842572055912,0.0676103940923609,0.4423645006262104,0.19726335066987968,0.0,0.0,0.0,0.2560090376416531,0.0736071157694514,0.18645154468339104,0.0,0.0,0.22722430338992647,0.19511094369686202,0.10883594013232527,0.20940412173501788,0.11305292549846369,0.0,0.25567639867516423,0.0,0.0246807813370432,0.0,0.3757863155545914,0.08762154170884279,0.14589234525918685,0.47641658733854775,0.5548667957594124,0.39804598089771,0.4879610156327724,0.4752779637371246,0.18691482871510964,0.17183387374195125,0.11601354439622406,0.3026593366431315,0.15192857609181334,0.3915220718584301,0.0,0.17686999412276486,0.09293433583810998,0.3871846456741384,0.3449015455461192,0.3600490390854943,0.3648137209470776,0.44157335385362634,0.13504831186101604,0.2722828686594239,0.3451104333350739,0.43109271501414675,0.07645019637139276,0.0,0.06610301300439823,0.0
0.14502701392155398,0.3433494049543759,0.26913361108207995,0.11484665875953108,0.15307054372471024,0.3337896026999422,0.14472036519051656,0.3234822238134255,0.27540487407637876,0.20911541964647481,0.16553481882822832,0.3184868574054646,0.18809174825842923,0.01754878927712497,0.09503858928299913,0.08997902093662778,0.3594991992951357,0.27092573046102886,0.17768251850162428,0.08197167359235566,0.2544449322252025,0.21745885068181878,0.28566410434745176,0.0,0.31387176051384763,0.4142011658748876,0.17916190319320666,0.09109044199454332,0.0,0.0397910928494584,0.03759433349783977,0.1905363727663886,0.027455952082762476,0.0,0.0,0.0,0.19421753495081295,0.11070129000520108,0.17343025586642108,-0.0018898457328697619,0.07325882965314699,0.0,0.1271671509240497,0.05981435905214725,0.09111055348035474,0.13023941804450098,0.284052689945871,0.09247237795410744,0.04224253004106357,0.06524884726118803,0.24816936170775628,0.03181487136314179,0.2628262194859885,0.2702018334799857,0.09516556055575051,0.0705875797721491,0.24678835613647243,0.19729894344039262,0.0,0.24673810058229484,0.0,0.21763325611218157,0.19140838177069525,0.13365340488813812,0.12128632476848897,0.27976437003972837,0.18167795727900413,0.21355608636624213,0.4534816804847436,0.24237622851373075,0.4057507397902886,0.17665547337105927,0.25386841429191914,0.0,0.22852112015094578,0.09073226581441617
0.2949739434673444,0.4800756431525538,0.11856216621111916,0.10129871526876948,0.29541552578300156,0.2889223444584142,0.33963576090707476,0.044411800424873776,0.23214733974967444,0.32682198109101784,0.1351214158902497,0.01817251443760806,0.22018867351388388,0.07432774539263087,0.0,0.3144469433482901,0.262043891452377,0.4539247134458045,0.12346700872834396,0.09430314659049847,0.16542062907157992,0.2958969878924688,0.10992842572055912,0.31387176051384763,0.0,0.4877936998117209,0.19431087804410851,0.0,0.10687715875900441,0.0,0.12628091056247184,0.025319259765374427,0.0701241482758589,0.0,0.0024598122583923193,0.0,0.017839637374279897,0.0,0.14171506254764635,0.0,0.13241264489772475,-0.001688785676309634,0.0,0.03465000258348582,0.05445387544360519,0.15531952211624878,0.27530355624264435,0.19458798575688252,0.022292755005229457,0.0,0.0928065436901493,0.02817636822256755,0.06362275501386425,0.08002675928829232,0.1430202002656987,0.08456083732692965,0.0,0.05425977611827965,0.0,0.17325874319730952,0.19030728046278403,0.1563070434543685,0.18776866356067362,0.024236217383165205,0.04660255302756136,0.30556669680222354,0.07081149542722558,0.17575923385322298,0.3071777619994466,0.3832459736386593,0.3506253812039438,0.1937843079768212,0.14959911497348535,0.12736586160443875,0.17107633050553384,0.1628426893624102
0.41013731560531813,0.48677392065383307,0.03775907135073402,0.11975023995109207,0.30741365362656137,0.36328591929115644,0.20581659791019313,0.0,0.23767687494211379,0.26262466211555485,0.12702135744176593,0.19761916437781837,0.34395110539670176,0.2375871740018904,0.0,0.13384724487162733,0.33828573423862457,0.3294569859358337,0.02846510794241857,0.13969457555989165,0.0,0.18677021278396616,0.0676103940923609,0.4142011658748876,0.4877936998117209,0.0,0.07662923089129778,0.0,0.21041038754440933,0.04571702804811783,0.18935523998580145,0.041153695235508145,0.1700947140804932,0.0,0.10974259703999742,0.17821222816321136,0.0028548830077933097,0.0,0.07535972668913088,0.0,0.16834704244395574,0.13106361099585798,0.0,0.054432578214876695,0.030262158688519055,0.2748258247313701,0.12764573652625869,0.24749357950049283,0.0,0.0,0.0,0.0,0.02714475613028005,0.0,0.04916251863308096,0.18169399145374615,0.11806039423861599,0.0,0.0,0.030799060053196114,0.009705306613315272,0.08855118704886793,0.05085318887240004,0.0,0.0,0.10857919523964106,0.0,0.09908625184969946,0.2872963411188522,0.12440012555475312,0.3546221702085777,0.0,0.07370151051416395,0.02817627506322343,0.052869912614115507,0.15061007050098485
0.10309831997882901,0.0,0.4254367673266403,0.06710920600991734,0.08218322290730241,0.26861426520769355,0.05078349609620945,0.2736496474438277,0.4242999719718742,0.07839936443873566,0.29160489119013494,0.0,0.1569367714523239,0.0,0.4531626054177769,0.15223076452982434,0.029630510294438053,0.09288129260155342,0.3663234111316851,0.39951098326515866,0.41676237408290095,0.3117565590107443,0.4423645006262104,0.17916190319320666,0.19431087804410851,0.07662923089129778,0.0,0.21430351172436685,0.0,0.05393523147571049,0.08536917437764022,0.232709518198486,0.0631051034164259,0.14936651568998566,0.009225751421966685,0.0,0.02227692081054196,0.1440538446307573,0.07612845885677237,0.1748914065275549,0.17029590118393925,0.0,0.11851009158251358,0.0,0.0,0.231005980685042,0.2482932255748743,0.26591670530075334,0.18869112010886993,0.44418394768070557,0.3557776772216798,0.3818463128612781,0.20420835094237597,0.4023891953089572,0.22197713477961106,0.24078094921622964,0.0,0.20408195034042365,0.04957598264542564,0.4167973897970245,0.18550712016221743,0.01542565880677748,0.144080587778116,0.41185921037682227,0.41153927048739364,0.342884488612775,0.4040723224220153,0.2599326572117516,0.0586334343213457,0.2599948884264022,0.279477415703122,0.5534456162943023,0.0950026384494211,0.10693349613912252,0.020635311083435425,0.17344913468959702
0.0,0.015597025435983836,0.12648506363986084,0.049562258374135235,0.0,0.01719972208248542,0.0,0.13477050115944442,0.05563978627376027,0.0932423252162681,0.0,0.0,0.31236343056342697,0.0,0.33125105580918474,0.0,0.13572265346999662,0.0,0.08990284196757868,0.27303952952145255,0.22101855536353698,0.15723518469610231,0.19726335066987968,0.09109044199454332,0.0,0.0,0.21430351172436685,0.0,0.0,0.0,0.14705606540202587,0.17390316623736538,0.0400645245258479,0.22403726104672206,0.07037770766427791,0.0,0.15635196833309514,0.05850509806354954,0.17093494906261184,0.17790550299129868,0.0,0.0,0.019906883231292097,0.0,0.0775788081066241,0.014325552054250632,0.16349363414054896,0.14227126434153214,0.15386293187039526,0.27688777985399105,0.18598444642781042,0.2744472116387913,0.1519399564091723,0.2288540941448779,0.2168027786779483,0.1187135274836771,0.11150038476957112,0.2002504004494117,0.0,0.19213135102820636,0.16306087375753525,0.07251259384919422,0.19942019090373017,0.20632196268380742,0.19156847879385497,0.19928138856693375,0.3265336631915913,0.0,0.13158287225812476,0.06614863019884996,0.1514140526414649,0.10747191574050434,0.029941365242657156,0.0,0.13331029632531322,0.0
0.4047171735751004,0.0,0.0,0.0,0.16836716727153853,0.09520440172482868,0.0,0.0,0.0,0.0,0.0,0.0,0.24070351823951164,0.29940430633894877,0.0,0.0,0.0,0.0,0.0,0.19189902607692885,0.0,0.0,0.0,0.0,0.10687715875900441,0.21041038754440933,0.0,0.0,0.0,0.0448134800058903,0.3171196939425157,0.0,0.27418743737571416,0.0,0.33905367171538114,0.34282659134241333,0.0,0.0,0.0,0.1433616762118022,0.1025800144434221,0.2311871578168051,0.0,0.027012050158514676,0.0,0.2633034156917432,0.0,0.3116358635902963,0.0,0.0,0.0,0.0,0.0,0.0,0.05641211998218578,0.2596584259031572,0.0,0.0,0.03016208997070473,0.0,0.05584258830170018,0.0,0.0,0.0,0.0,0.0,0.0,0.0,0.0,0.0,0.0,0.0,0.0,0.4421212276139497,0.0,0.12317376487645222
0.07557037237433953,0.0,0.05350665760685004,0.10708572670826974,0.08043028203981406,0.006955369917805742,0.0,0.0,0.1434130338927034,0.0,0.14564504118647112,0.0,0.0,0.0769578772362523,0.0,0.0,0.0,0.0,0.05832119514837049,0.24362370447060097,0.0,0.057560686494247275,0.0,0.0397910928494584,0.0,0.04571702804811783,0.05393523147571049,0.0,0.0448134800058903,0.0,0.0,0.0,0.0,0.0,0.07269214329568706,0.060609792066510994,0.0,0.0592195400768505,0.0,0.0,0.1585607855248686,0.18057875569535714,0.032265647566095505,0.0,0.0,0.0931562884574626,0.0,0.13381585920287065,0.0,0.0,0.0,0.0,0.013072471343731582,0.03677690333376289,0.0,0.0718341952346493,0.0,0.0,0.0,0.0,0.0,0.0,0.0,0.03754075705635037,0.10098693484450483,0.0,0.0,0.11058651796920563,0.0,0.0,0.041023966878555,0.1116815701252737,0.048803685851230835,0.04514425205919076,0.052463940774452524,0.05954591202663968
0.3461259997062843,0.08626104028579981,0.0,0.037675736825819345,0.10547427795490621,0.05716810437035404,0.0,0.0,0.0,0.19341848344171586,0.0,0.0,0.08146059546786409,0.06630419102743416,0.03381874113091276,0.2580218569425426,0.17698153342173004,0.15268890861204396,0.0,0.16501473170509495,0.0,0.13058861665204846,0.0,0.03759433349783977,0.12628091056247184,0.18935523998580145,0.08536917437764022,0.14705606540202587,0.3171196939425157,0.0,0.0,0.08130661554828011,0.17456737925739943,0.11540195872017378,0.21688014523342397,0.14133951677026507,0.02645788075718887,0.007174277821287254,0.053429533784683785,0.12757806828607968,0.0,0.0,0.0,0.02906126667788486,0.122614291281756,0.2900420619624618,0.0,0.07418315027452513,0.1198055735334821,0.0,0.0,0.0,0.0,0.0,0.1452206330925415,0.10458422522507818,0.0,0.0,0.01906712729166857,0.0,0.20065822859262805,0.0,0.15685135642247158,0.0,0.038936218986089725,0.0,0.08284780536387745,0.0,0.10869104566699386,0.020471570574113796,0.0,0.0,0.0,0.17208646106108172,0.0,0.048474184574344395
0.0,0.05864663475914298,0.20344535241653663,0.0,0.0,0.15249584216222373,0.036420086237879186,0.2343088870020739,0.13252149336515087,0.09318932614787079,0.0443914726100518,0.10561274762329208,0.0762113099694408,0.0,0.21698163604682386,0.13300482756852555,0.12840212646613217,0.12084289621143388,0.16177116760105845,0.13241131690027091,0.26066951865472465,0.22550973884513423,0.2560090376416531,0.1905363727663886,0.025319259765374427,0.041153695235508145,0.232709518198486,0.17390316623736538,0.0,0.0,0.08130661554828011,0.0,0.02924049881548453,0.039202678049508353,0.0,0.0,0.15078568903289727,0.1648316482377844,0.1759295668776325,0.11267607635728905,0.0,0.0,0.20714373312510787,0.13804847001851636,0.0,0.07077651143451445,0.25595070047298585,0.04721955122186496,0.14236412770927734,0.1670577383021587,0.2819263931414024,0.20032637329152986,0.2100469886934343,0.2300268833547556,0.0,0.0,0.11103695650876533,0.24819235634017855,0.022502295516841356,0.27622716427770383,0.03540391763012756,0.03951055162829871,0.1179535917805251,0.23227838207242316,0.21669671510965208,0.18368581476864185,0.2667763408263953,0.15973031946986962,0.10209231469745284,0.13992744947151672,0.2083454180644853,0.209931932865568,0.10200115630564695,0.0,0.028806594162635615,0.0
0.2653854698560842,0.06786293650434255,0.0,0.0,0.10005830094395458,0.2038782954248387,0.0,0.0,0.0977631400303327,0.0,0.012378200434300372,0.0,0.223195637761606,0.15854230864074806,0.12777046557884453,0.0,0.0,0.0,0.012274551912714005,0.1941846237769861,0.0,0.07196807643757544,0.0736071157694514,0.027455952082762476,0.0701241482758589,0.1700947140804932,0.0631051034164259,0.0400645245258479,0.27418743737571416,0.0,0.17456737925739943,0.02924049881548453,0.0,0.13866857221422538,0.18383307138363417,0.18377608845536217,0.0,0.07807854864547041,0.056038901676786844,0.3798128964629289,0.21393552955362852,0.14176084546595827,0.007561256200869505,0.008682186668823326,0.017701126409514083,0.16418325042161477,0.0,0.16905293253108125,0.0,0.0,0.0,0.0,0.030762115754474125,0.0,0.09621483433258188,0.18185521626499673,0.0033050436952477675,0.0,0.05311912665299028,0.0,0.0,0.0,0.0,0.04638827068613057,0.023576949283000803,0.0,0.0,0.007213645204938068,0.0190841830869713,0.0,0.07224375299529463,0.0,0.0,0.13971776653457252,0.0,0.12823795082289996
0.0,0.0,0.1328570860678048,0.02637029776792067,0.0,0.0,0.0,0.15890039938768635,0.0,0.027072372988178276,0.0,0.0,0.0,0.0,0.22446010568269562,0.0913250294435953,0.056989250204568034,0.020416323434778397,0.045266357575201206,0.0,0.16816263042144716,0.12079590633165861,0.18645154468339104,0.0,0.0,0.0,0.14936651568998566,0.22403726104672206,0.0,0.0,0.11540195872017378,0.039202678049508353,0.13866857221422538,0.0,0.02845221605616739,0.0,0.0813842615923963,0.07233610116658064,0.1786532035172608,0.21172242236814684,0.0,0.0,0.18045903923908632,0.0,0.06054659575550059,0.0,0.12565099516575837,0.0,0.057954883675964956,0.24206229062257373,0.23194478131917426,0.28877902666130206,0.12096041651818346,0.18344804302960074,0.08475139184941001,0.0,0.0,0.19520006992565594,0.0,0.18043239600337438,0.043849750578099526,0.08760194299748866,0.11276936198157003,0.13383356457300288,0.15982632287761941,0.10513509636351606,0.29119568849367133,0.0,0.0,0.03522739008377421,0.0,0.11498361472398097,0.03306085149449477,0.0,0.07503811038434859,0.0
0.2211855831185857,0.0,0.0,0.0,0.06678759587791844,0.11552992569503621,0.0,0.0,0.03473307583600707,0.0,0.0,0.0,0.14201250680225433,0.18208817765382096,0.0,0.0,0.0,0.0,0.0,0.1397234411830557,0.0,0.0,0.0,0.0,0.0024598122583923193,0.10974259703999742,0.009225751421966685,0.07037770766427791,0.33905367171538114,0.07269214329568706,0.21688014523342397,0.0,0.18383307138363417,0.02845221605616739,0.0,0.26045112391094283,0.0,0.0,0.0,0.11140052119717773,0.015837563839954542,0.09495340497612752,0.0,0.0,0.0,0.1079479761894902,0.0,0.18546201542056714,0.037811359963393784,0.0,0.0,0.0,0.0,0.0,0.04043811964784255,0.21509253982076446,0.0,0.0,0.08460266573657009,0.0,0.0,0.0,0.0,0.0,0.0,0.0,0.0,0.0,0.0,0.0,0.0,0.0,0.0,0.12215700681703194,0.0,0.0
