0.0,0.08794606854251322,0.2620227486607764,0.0,0.2915066024107135,0.11601223547488675,0.223975338611723,0.0,0.4344044089653661,0.3359758594152313,0.26762316100726846,0.07764298759262574,0.2417376490167161,0.14904013535294214,0.09578448081324689,0.29566732662101575,0.248324040431072,0.1327659347917884,0.1456927426826763,0.2802656516716912,0.44996063762338234,0.43680479216004997,0.0,0.3286159114314667,0.3848013852145805,0.21204910295736706,0.3581517939097445,0.2952162343651462,0.2056106701625805,0.4388979058729101,0.4458716235884152,0.2563016587553992,0.27414922118497903,0.1727174157637145,0.055185009349301054,0.12158379005818838,0.0,0.17778405840938688,0.3108650464887528,0.28426773921168075,0.0,0.04053485818132168,0.4203682793710618,0.25341968421485983,0.2524766030450245,0.8804635290071721,0.16475361278841832,0.35139425325273776,0.08668717989732479,0.34588729464657364,0.37865150579235984,0.4633777740854208,0.0,0.4545969212208482,0.32767771892755454,0.17050659838969226,0.1503125684658794,0.4062970916978134,0.045208088855768006,0.09282114139301466,0.2947467802048798,0.19686685927328706,0.12515449286390415,0.16200523403708697,0.3189972551871338,0.4010784805621724,0.26269362028497223,0.16804870428344829,0.20862822299032052,0.5050108456299289,0.33788437466311766,0.36381633358356846,0.42254981444292156,0.5007744863059672,0.08629639962533317,0.4617847997653283
0.08794606854251322,0.0,0.23041254640354683,0.0,0.26882823524662736,0.7331379727485161,0.4071006534518849,0.4664601663934453,0.18949484027663888,0.4267950073097858,0.2523437001720966,0.6306124657810769,0.5391700397027657,0.42392271882118326,0.3334706438102239,0.5273567096013916,0.41993612122478335,0.6628767510074933,0.1743486371329558,0.3353621948545209,0.5444656825090721,0.523884908191526,0.46001314841971164,0.5721277405216204,0.6385640695376906,0.8852267849543257,0.29999928676680376,0.35918060277146197,0.32193452376574255,0.21014831670750123,0.2664788149782894,0.10853364922153316,0.0,0.0,0.005405384542247606,0.046619307610458884,0.0,0.0,0.0,0.0,0.0,0.0,0.20629261078123232,0.1644020104492777,0.06333098710796281,0.0,0.73850629930533,0.3191060319184966,0.0328863273497967,0.2743556533568458,0.6094774850597204,0.4967176380533728,0.3901688978596153,0.27211268630564023,0.4696766184282128,0.11871817053875666,0.37154908950759746,0.6863756446375582,0.16872517601539302,0.319978324554886,0.262575767356971,0.6840870005102627,0.49034556379199606,0.25651288723669335,0.4600516437766131,0.3568085763076265,0.42708186857601577,0.4396263009608952,0.28227028257978615,0.42700771199926724,0.750433892275073,0.285725028985452,0.3710437865707894,0.33073161541755225,0.0,0.16548630360049016
0.2620227486607764,0.23041254640354683,0.0,0.22188098487940763,0.6607505326497489,0.569036054965126,0.3182733901756674,0.4967258247743914,0.7650751913499017,0.0,0.822061373555314,0.27025659714760547,0.4199990698507868,0.29991218984901863,0.4002088445635448,0.06305853182272113,0.0,0.033193423087696954,0.8403524490008756,0.6966345971655963,0.49514834651550654,0.5252748758858546,0.6169704162532887,0.14337089898654778,0.03849704037904998,0.1635850591608358,0.8964164772377792,0.3446198402416006,0.5619569603996477,0.5608568973765666,0.11959045908140849,0.0,0.13169773788012876,0.0,0.0,0.3751468324565181,0.31944036669513276,0.0,0.08137529846676662,0.13615838175368172,0.0,0.0,0.37961789922580697,0.3584948684443719,0.04951069535163611,0.17411825147148582,0.3089681325036255,0.8792037175610302,0.22037643716829425,0.503749224277166,0.5600354280056192,0.4685838425841236,0.4884638530332797,0.7276148200558716,0.05343396049838085,0.7301648827988858,0.23682573098246057,0.3752598366382014,0.07608085396166667,0.3960854796122946,0.15680084651475823,0.156036995916235,0.3407088850844961,0.8720932547292937,0.6021188846522763,0.28047756526054973,0.4836208216308366,0.4731983628027792,0.0693451761881393,0.16887917919960382,0.08190243080769535,0.7837671972221769,0.4335383563576576,0.5027423836756553,0.257344257797103,0.18516607631334772
0.0,0.0,0.22188098487940763,0.0,0.0,0.19733605415735628,0.14777530365806016,0.20456334218334393,0.044400695287591864,0.0,0.12271269896949899,0.05850819092667828,0.48514624121513644,0.18256256433378543,0.43204114327682075,0.06314150214321211,0.0,0.11615476790748197,0.31235383411131984,0.4407101110632162,0.13853612334688076,0.2858627341921885,0.2989090028836524,0.0,0.0,0.0,0.1716666292643044,0.4226350215027453,0.3355387712881204,0.25540378545619363,0.06321173318476297,0.0,0.13502174201970463,0.0,0.0,0.4151010831327459,0.4122771011825314,0.0,0.0,0.09355277321815826,0.0,0.0,0.33319578435888036,0.2501533318891279,0.0,0.0,0.0,0.18041931412700776,0.0020665700970424034,0.0,0.0,0.0,0.22031674645692365,0.0,0.0,0.0,0.21734072429948464,0.0,0.15960578498466516,0.4274534973621387,0.06169888699178246,0.07047202391870037,0.062660496158185,0.23298564463338614,0.21523105546705065,0.12188715552307294,0.2635149928543759,0.23243392384162243,0.0,0.0,0.0,0.07260616346733688,0.14108563842885605,0.08075261705497022,0.05969575612192841,0.07124232570667895
0.2915066024107135,0.26882823524662736,0.6607505326497489,0.0,0.0,0.43212631699110093,0.620161703032692,0.4921638083546269,0.7528067743869671,0.01860684652399342,0.818608860301147,0.2131721607359897,0.4472337763154179,0.3404912327551201,0.48656213967749845,0.3525491573514949,0.024006213127719892,0.1372028311561137,0.7079327945471786,0.6928483866441945,0.5938619722042311,0.660835499413775,0.4710367438967616,0.1149703855703089,0.0,0.14394523440117857,0.7626494360214573,0.38278997603178744,0.6368405286733693,0.5847037614241606,0.3314042359973394,0.09634623726630566,0.13472350117755238,0.0,0.3698309426871709,0.050552922034419405,0.10584043200813734,0.0,0.3483280405258257,0.19765791300585525,0.3625239942847886,0.33272253427935,0.08880630030395377,0.098228371650308,0.0,0.19245540595156138,0.3484658939282337,0.8244813639232177,0.32362543674901184,0.849766713653829,0.6450525586411353,0.7309739522912323,0.47916958713101654,0.852898081480039,0.24732192007063372,0.7816069382147899,0.3788199720013097,0.6235492302574583,0.21642031814701243,0.44758504325018755,0.5175635144673126,0.22770505268927402,0.3981437750993146,0.6877387292414335,0.754967310573296,0.4882247167136391,0.6579014666914569,0.4242319905682332,0.21197232703868799,0.24850117460517934,0.11369211956977171,0.8659676609418244,0.6700743650442053,0.7343458189180405,0.619646838302249,0.4415319305117279
0.11601223547488675,0.7331379727485161,0.569036054965126,0.19733605415735628,0.43212631699110093,0.0,0.4333394589123837,0.7460317887462277,0.5686717506906912,0.3555843228942924,0.5225623457900913,0.6892932983692295,0.661648412804426,0.4827713294631122,0.3921391489104474,0.3624170600526148,0.3223933070522671,0.403347110678834,0.49022597290602243,0.5094176035943307,0.5746749913434659,0.4650333639398878,0.7765377152344536,0.5035431364181222,0.41230221581093063,0.6591563917281036,0.5550261414763198,0.3586260827701791,0.42192816729517896,0.4439777253634434,0.21406377326983544,0.033360212677863266,0.08730350162687035,0.0,0.0,0.27987324191609836,0.15004084218153044,0.0,0.1361563714023632,0.18140798813993386,0.06602725921559569,0.0,0.4255681774817184,0.3382737562025706,0.12864236758071507,0.0,0.6169626237448813,0.618089805071957,0.21133349981362218,0.3015032707115486,0.7430956124845604,0.43530829696858997,0.7637274997513902,0.4398031701576371,0.3930956077660941,0.3139555311616004,0.6181148864698085,0.6343333552375222,0.33433960686595926,0.39577127159049996,0.14339253574270308,0.5740328403616035,0.345739966244128,0.49095191944186933,0.4607710836586065,0.4068652890026757,0.4254257507926327,0.6883103950027637,0.2478513789339276,0.2770256400255327,0.5740276231844024,0.4611621763494046,0.31349003597561603,0.26992922602484287,0.0888117899301126,0.13245614382905924
0.223975338611723,0.4071006534518849,0.3182733901756674,0.14777530365806016,0.620161703032692,0.4333394589123837,0.0,0.31629065468340867,0.46915063918840816,0.5932424919587591,0.37090341784126496,0.4090701671568136,0.6955059799724117,0.23488067723054923,0.4132152013261247,0.5379862820672445,0.5413684612032563,0.41040601684276734,0.21723667999615906,0.5268909477789344,0.6208161326884134,0.5678989962926311,0.29786001386095295,0.1872780603608785,0.38168004632824915,0.37767212929948835,0.42981747194295256,0.6109174952991532,0.6121156492079953,0.5052949329672671,0.6238998960438944,0.3771595923016244,0.017691974589288853,0.15402944064044038,0.22803482566712918,0.0,0.0,0.07980322338168769,0.37371248269571716,0.0,0.21688717198082128,0.32208861587648674,0.18547357699899086,0.11344705141613957,0.0,0.05425850044512071,0.42701175550512105,0.47323595551153813,0.0,0.4686640947914292,0.40666834912577066,0.7585469152016705,0.37182810833291313,0.4244861921030181,0.5033027679290435,0.32257427721602316,0.4810931432649206,0.4882752781992867,0.372447675367836,0.3706446566174831,0.5299375367986893,0.4223297736373291,0.18657205972732047,0.20189835989554517,0.5592887938394361,0.5666492793990813,0.6168464027017999,0.31526479595152135,0.09176794674578345,0.3364568686568124,0.36471044752656234,0.45542602959367634,0.4704906622287503,0.5111865276293166,0.292216888772378,0.5409565174290678
0.0,0.4664601663934453,0.4967258247743914,0.20456334218334393,0.4921638083546269,0.7460317887462277,0.31629065468340867,0.0,0.42132555509537334,0.0713647759856609,0.5695165014765828,0.5674099228956905,0.427574332609513,0.49443731365142785,0.3487194070145182,0.06848452523777045,0.09927420000702843,0.14771651662095348,0.5501314334855523,0.4588803533320337,0.5111530591985972,0.3277922292119567,0.8794676676694889,0.45324059136330236,0.03997140869100781,0.4452954218006085,0.43787892008464246,0.1617989463520126,0.29723249659378426,0.3891661703006993,0.06727369484823471,0.0,0.05864478597137079,0.0,0.09451504419059395,0.20658812550657069,0.2114026630223598,0.0,0.1775315855720773,0.24132965490388372,0.33822132040563796,0.026056478845869004,0.23767033257525494,0.1646203847886669,0.07122741433872876,0.0,0.42719131671244376,0.5454717458172123,0.25396481698439693,0.39309201354000195,0.5839984115544531,0.33927252685430725,0.9425005463697236,0.4161903041169367,0.2546211980800527,0.4442875263206132,0.6189306365035278,0.43741140343672485,0.3336753293550416,0.3565753870022363,0.06124528680958711,0.3870390355512457,0.3188652564865125,0.49964479029201275,0.43227971081888494,0.3238991605858631,0.3643755858238512,0.7139661826810522,0.39507802850651275,0.021805769530900933,0.3702385613080527,0.4551861157004126,0.2701080034859377,0.1361496736723073,0.3199662392217609,0.05547173835943261
0.4344044089653661,0.18949484027663888,0.7650751913499017,0.044400695287591864,0.7528067743869671,0.5686717506906912,0.46915063918840816,0.42132555509537334,0.0,0.1121816557945467,0.7963073807135981,0.18349168025362692,0.4274807810732258,0.33863355488881075,0.263303735026459,0.20834320968722178,0.0,0.0,0.7054228979811634,0.6206588867571139,0.5150728236622002,0.49778971728182075,0.4866207511920822,0.2378196216731367,0.12923120887738826,0.11919576193434553,0.8159630719082593,0.25546791927581247,0.5896218152991208,0.6442934194563935,0.20319588616621737,0.07417903477561597,0.3349143266126384,0.0,0.09935087171728048,0.3447690036067289,0.20263217193937896,0.029663602806830332,0.28417329077146186,0.3664288957153393,0.1600770535353161,0.011499119244684962,0.3396290473066102,0.292842160036345,0.057612382857899054,0.39565988223205617,0.2988199637734175,0.8739079811142642,0.4123594396518054,0.6560672268665735,0.6640581048586521,0.5654230971402486,0.4967479376088262,0.8904967863237908,0.27818609025813074,0.7757640083243016,0.3369239392082625,0.49942012449551026,0.19622598767801133,0.24314028308949354,0.3278341607950914,0.23314321755804412,0.280452536187285,0.7121289531897422,0.5272750401608551,0.39706133383738484,0.43792044737077124,0.41875021725339523,0.16284390451020636,0.3863229264502588,0.1509066032368282,0.7887729084503264,0.4751014492496705,0.591254894044998,0.3806274502959092,0.3038124814343695
0.3359758594152313,0.4267950073097858,0.0,0.0,0.01860684652399342,0.3555843228942924,0.5932424919587591,0.0713647759856609,0.1121816557945467,0.0,0.0,0.5261969200854846,0.47072053074175557,0.11674927376278495,0.11619100815003162,0.5528964813725091,0.9112955904195619,0.5675394701557266,0.0,0.08559487868197921,0.43873162221631623,0.24805746316202296,0.1168191871168151,0.38763606518852783,0.731166299579564,0.5231177367264402,0.049323177739114835,0.46815091091353617,0.23715338503655126,0.2821772156042826,0.7178796997386748,0.583775826526179,0.0,0.39457248885490703,0.04764667702662357,0.0,0.0,0.2731833398402807,0.39644982810416746,0.0,0.011040294437594871,0.20031485817892403,0.2212763825211242,0.0930761210446878,0.0,0.22431258207715946,0.4164777601724368,0.037051391698337086,0.0,0.012720579065935298,0.33275147237079544,0.46627700349911483,0.13656812752853978,0.049156910674432876,0.6629404710986377,0.0,0.40010704282065607,0.3036999135322311,0.3127358955000892,0.10972752798191784,0.394641342506403,0.4930346979827316,0.0,0.0,0.14407904244001296,0.45349251911048793,0.2674828739517293,0.22729301860548462,0.0,0.4427239103346253,0.5653109780886685,0.0,0.1579194124420875,0.208451862760609,0.0,0.5238920356393763
0.26762316100726846,0.2523437001720966,0.822061373555314,0.12271269896949899,0.818608860301147,0.5225623457900913,0.37090341784126496,0.5695165014765828,0.7963073807135981,0.0,0.0,0.2100354001928935,0.45100170708685783,0.4191373848562134,0.4756321885965826,0.1898037578652599,0.0,0.03511718640733688,0.8592550728279263,0.7304086487974737,0.5017696535291564,0.63398978497813,0.6002899047740191,0.11595327051525041,0.0,0.1582608302873182,0.7990455962508904,0.28711214921809425,0.616546810355502,0.5571784252610784,0.022082549006195537,0.0,0.2306726979167419,0.0,0.16813875186369195,0.35897835011570417,0.4018706375277817,0.0,0.08044051656421226,0.30748150231025123,0.28765921310426157,0.10919856621541646,0.2689545079500511,0.24086752569772818,0.0,0.21902088147702126,0.32925795399730734,0.8930253380486834,0.407482336509147,0.7136619391428705,0.6190183507838172,0.5312831154331022,0.5549246017929698,0.80326751273767,0.20531287164744716,0.9090295638181518,0.3274241985527431,0.5585384522703188,0.27177772958198504,0.45861388314576057,0.3074392584362111,0.22756138660683708,0.4791740073218579,0.8357106600991805,0.6875107474070133,0.3203249305848847,0.5607927102438867,0.4802727177979122,0.22945909423602256,0.22425761514075404,0.1130407878214579,0.8616761037084325,0.539334224314029,0.6334227198541654,0.46525152124909114,0.25027837688844357
0.07764298759262574,0.6306124657810769,0.27025659714760547,0.05850819092667828,0.2131721607359897,0.6892932983692295,0.4090701671568136,0.5674099228956905,0.18349168025362692,0.5261969200854846,0.2100354001928935,0.0,0.44174509556605235,0.38227646118310454,0.2293955751466286,0.2576187356922272,0.5750714385515745,0.4473796434687528,0.10902193373001434,0.22093647400987768,0.432242584130976,0.2743602611763283,0.5162102033462133,0.6019831200796508,0.3962866768617061,0.7097212547490438,0.19770478286108545,0.2629971883642331,0.09875858112899161,0.21791911255436033,0.2705405443741186,0.18689856092972298,0.0,0.04901070083146595,0.08508257102982249,0.0,0.0,0.0,0.1644487548624784,0.0,0.05450340557504284,0.10022732889225323,0.2080018600400531,0.10293561675687554,0.0,0.0,0.4649115548599243,0.2783270530165774,0.0,0.17693860364008862,0.47847676385742205,0.3479238769250452,0.5286846725199547,0.20616785922199313,0.5076885204748243,0.050739654677683765,0.6041895557092917,0.4733371276141243,0.3984002657886314,0.25014659104272513,0.03982767919352978,0.5016753209567417,0.11695579029867444,0.14790333748571652,0.31017557328675016,0.24728326566365566,0.27377498940601197,0.4575038531937355,0.27999798443040236,0.08784501006216855,0.5895907817422923,0.2227324916287319,0.1367363529746519,0.05387541418589117,0.07372297881674543,0.14673745325534274
0.2417376490167161,0.5391700397027657,0.4199990698507868,0.48514624121513644,0.4472337763154179,0.661648412804426,0.6955059799724117,0.427574332609513,0.4274807810732258,0.47072053074175557,0.45100170708685783,0.44174509556605235,0.0,0.43819909021942427,0.7774218707159585,0.6176346423876117,0.44419468741570584,0.6761058018227625,0.42298961423750586,0.7895358015651011,0.6930157526882526,0.8059496945882747,0.5257917801175638,0.1994085406026681,0.3859377717204506,0.5486362813016034,0.5494667500683861,0.8801957804226599,0.7034782726281196,0.6091108809664604,0.5046627549445781,0.0,0.0,0.0,0.0,0.3173361749615289,0.12126447964669404,0.0,0.06472045846995159,0.0,0.0,0.03313119636545198,0.5527480489035625,0.3660033798654649,0.0,0.0908195051495546,0.4949845010584331,0.5896308767358309,0.0514863468339303,0.24762867633014546,0.476392335010595,0.576889816110706,0.4792328770634418,0.23407752406113755,0.4476452765829813,0.23079579898668612,0.5433292814884185,0.5425364806202143,0.4766541768001298,0.7686954889143849,0.48041193111530534,0.5796242402306497,0.3721879275244949,0.43145800126419004,0.7484850339912217,0.6321746760571403,0.7981440790239165,0.5575170725572025,0.0,0.2420959137260075,0.4922162171853277,0.510867519375365,0.6199970994514321,0.5595137349323228,0.08737558436200124,0.5523514290056574
0.14904013535294214,0.42392271882118326,0.29991218984901863,0.18256256433378543,0.3404912327551201,0.4827713294631122,0.23488067723054923,0.49443731365142785,0.33863355488881075,0.11674927376278495,0.4191373848562134,0.38227646118310454,0.43819909021942427,0.0,0.1904626163168953,0.24690132427986458,0.18393252079334912,0.372841195112637,0.3174826155251645,0.3391057009647899,0.38824033364217636,0.3819504349277618,0.4591778086340797,0.4457520141473389,0.23688181510724057,0.42675250980590057,0.3308466407671875,0.3337144907264136,0.25307697818038677,0.42209702407987615,0.11949214492977253,0.0,0.010721121725107965,0.0,0.0,0.34584358806308346,0.16660989753588396,0.0,0.1011993255830929,0.1693007035682201,0.023950904403447992,0.0,0.4432733411125481,0.2976367639716933,0.22521290384785053,0.1338290192873766,0.3256773443395265,0.360396503352734,0.2678479201611311,0.3376518164935461,0.4510080798333105,0.37531442011039834,0.4646874770880774,0.36672287562598904,0.30084071572133525,0.26845098502969034,0.2789531224405599,0.5043901701283887,0.37349857623816035,0.1587576706960456,0.10614403649710163,0.40053026275327747,0.46699658206371303,0.3437751264721145,0.3374310950402886,0.2271102702991089,0.2769778134502705,0.4292523957988176,0.33877985723445664,0.17317901338481279,0.3714145320018987,0.3151415327381528,0.4119171579849437,0.2339033420799494,0.08396439717221182,0.1906033889583412
0.09578448081324689,0.3334706438102239,0.4002088445635448,0.43204114327682075,0.48656213967749845,0.3921391489104474,0.4132152013261247,0.3487194070145182,0.263303735026459,0.11619100815003162,0.4756321885965826,0.2293955751466286,0.7774218707159585,0.1904626163168953,0.0,0.4318121753760056,0.09786478849897112,0.4482239865641929,0.5400070208551657,0.8645262705380466,0.5777041383944771,0.8368523788456143,0.46153451399782486,0.0,0.0,0.27318314050334125,0.5428425706251525,0.7560522760358779,0.6440882985279652,0.5032880271230601,0.2998537022797982,0.0,0.0,0.0,0.0,0.3168648984507649,0.408498237358416,0.0,0.0,0.0,0.14462851209529137,0.08851448990406635,0.3332508680895159,0.32381855637180695,0.0,0.0,0.34881978456436563,0.5342465108478021,0.030947849383777756,0.24853215656249877,0.3259908612299852,0.4008853593473753,0.34791399425952274,0.1807903173229308,0.23300251584504628,0.31130791698714266,0.5333474691792474,0.3753304153003127,0.34871910923460275,0.9715720225660617,0.5236204563132143,0.3622574099612838,0.3773984658763568,0.4951447707940657,0.8452097788886721,0.4596613402287598,0.8705182449524701,0.45811992294449533,0.0,0.0,0.1874180450239071,0.5603282321263339,0.665631957792605,0.5638434119969676,0.30370706808324627,0.43434130540394045
0.29566732662101575,0.5273567096013916,0.06305853182272113,0.06314150214321211,0.3525491573514949,0.3624170600526148,0.5379862820672445,0.06848452523777045,0.20834320968722178,0.5528964813725091,0.1898037578652599,0.2576187356922272,0.6176346423876117,0.24690132427986458,0.4318121753760056,0.0,0.6082766530977803,0.759063934233607,0.10893556756872783,0.4051373337975276,0.48261603488816,0.631085489431035,0.1239671830980724,0.04813076865292689,0.5967606675200242,0.49598518454366686,0.21028319114435154,0.615230936882374,0.5007788183979657,0.40283065445676536,0.7159386374655156,0.37558955555458146,0.022162233202557682,0.3185786621772801,0.20339908903139042,0.0,0.0,0.0,0.36844634822287703,0.0,0.29294854326690023,0.38392919213264326,0.11082339459550943,0.07417940997439679,0.0,0.20092169818843197,0.44274367808608456,0.3016323325342858,0.0,0.2793815708883298,0.38992830187867267,0.5328296591899865,0.09092183842214038,0.1816562490366532,0.5487493188796135,0.063630501399676,0.41174763818077326,0.5271023102391007,0.4214148728016777,0.43971452419568385,0.7428250558749666,0.49831378976267215,0.35153716440717164,0.08159167473459276,0.5458246890601038,0.47381653058739825,0.6372036656872494,0.2284397198076702,0.01580377605169346,0.42306013893675637,0.45848411989985693,0.2718387437017217,0.4975953336937523,0.5518959797829442,0.19422048067657502,0.6600419187985652
0.248324040431072,0.41993612122478335,0.0,0.0,0.024006213127719892,0.3223933070522671,0.5413684612032563,0.09927420000702843,0.0,0.9112955904195619,0.0,0.5750714385515745,0.44419468741570584,0.18393252079334912,0.09786478849897112,0.6082766530977803,0.0,0.6425058189949548,0.0,0.03812740195018858,0.3804715224066956,0.22388430270505694,0.08880215698600148,0.32661675144054125,0.6896417669667547,0.5592385691133275,0.0,0.45575076558571154,0.0985421716476624,0.22201704434610003,0.6724663265594301,0.5218993526217623,0.0,0.3848687888307609,0.07948569719047396,0.0,0.0,0.1641662991139976,0.35628386092215514,0.0,0.0,0.2315908598565877,0.14036215629876864,0.007744161263292234,0.0,0.1407732996621941,0.31086727988235413,0.00463716268654844,0.0,0.045005841146849176,0.26826453957970536,0.4324870366301927,0.11610934058405499,0.0,0.5014936469551194,0.0,0.3638586225201571,0.30350820888560776,0.310482624687354,0.10906144395696536,0.3294874176681635,0.406595731390601,0.0,0.0,0.18368596462583667,0.35933044886478904,0.2564623047486478,0.20438709984435185,0.0,0.3024455021890921,0.5457793866815043,0.0,0.11945785972284584,0.13082026212554088,0.0,0.4217212814284573
0.1327659347917884,0.6628767510074933,0.033193423087696954,0.11615476790748197,0.1372028311561137,0.403347110678834,0.41040601684276734,0.14771651662095348,0.0,0.5675394701557266,0.03511718640733688,0.4473796434687528,0.6761058018227625,0.372841195112637,0.4482239865641929,0.759063934233607,0.6425058189949548,0.0,0.007829014705721015,0.33945856777046285,0.4118953348577067,0.5612216474327931,0.14983016512584701,0.28923915080291396,0.6500709698811151,0.7408743778227209,0.11388765485242754,0.6936583083858694,0.33393442456863015,0.2956593142050695,0.5233422086182992,0.16521437708636094,0.0,0.09061938709567244,0.0,0.0,0.0,0.0,0.06222892923788065,0.0,0.0,0.14928543639063263,0.2349403378985432,0.14371857090588533,0.0,0.017605717519298743,0.435746676917031,0.14427801607739152,0.0,0.13960719282845527,0.2957835537781866,0.42393348924522667,0.1003257823364382,0.0,0.43885987545444755,0.0,0.3057732001649271,0.45957444897819594,0.36305981521646485,0.42121157857142755,0.514021892711742,0.6095229526193232,0.46424337879034777,0.053198489191454666,0.5493510349989716,0.2974917067575096,0.5972639569611694,0.23680302314908455,0.023968665844326182,0.28024370428939743,0.6036672484235694,0.14358129082085583,0.5292690314033274,0.3916997486274173,0.0,0.5249208005329448
0.1456927426826763,0.1743486371329558,0.8403524490008756,0.31235383411131984,0.7079327945471786,0.49022597290602243,0.21723667999615906,0.5501314334855523,0.7054228979811634,0.0,0.8592550728279263,0.10902193373001434,0.42298961423750586,0.3174826155251645,0.5400070208551657,0.10893556756872783,0.0,0.007829014705721015,0.0,0.7697022957497157,0.4853521176935878,0.6065049373336077,0.6223232428630331,0.0,0.0,0.03700377116237938,0.8097919276913563,0.3092087270387547,0.6330876668485172,0.5472004818892131,0.024652476692688392,0.0,0.1886522112697049,0.0,0.11102367158571469,0.46138956982138185,0.5237816771094177,0.0,0.06285153820267135,0.28305273142904014,0.18869153335608604,0.05497619667796118,0.29545302215522684,0.31602876226320215,0.0,0.1259364410549391,0.28430422035041036,0.8669266255680558,0.36801380567563585,0.5576932740224145,0.554209954264351,0.3712370390910016,0.5020121328649,0.6659537140702207,0.07277663849756977,0.7887209776741332,0.3238494235867395,0.44032563034849914,0.12117398966653212,0.5433229467376259,0.24951571737783682,0.1862268169899334,0.45011578700012045,0.9312372092855744,0.6741211691526515,0.3362568679811461,0.5404800352934152,0.5002543549423186,0.13554989111020224,0.12121929357026516,0.0,0.7968718596198077,0.540156416793554,0.6013640394864315,0.48217262158902924,0.20032657781543622
0.2802656516716912,0.3353621948545209,0.6966345971655963,0.4407101110632162,0.6928483866441945,0.5094176035943307,0.5268909477789344,0.4588803533320337,0.6206588867571139,0.08559487868197921,0.7304086487974737,0.22093647400987768,0.7895358015651011,0.3391057009647899,0.8645262705380466,0.4051373337975276,0.03812740195018858,0.33945856777046285,0.7697022957497157,0.0,0.7223924837883422,0.9160903554031292,0.546565393942759,0.06428648048405108,0.05494986202179172,0.2725201348276955,0.7833401755176096,0.7262775835694834,0.8337779834956373,0.7821334522754639,0.3448816775528597,0.0,0.09341491697314074,0.0,0.0,0.4593103848768508,0.44940502649166364,0.0,0.16152021663622212,0.12900723763024466,0.18044198261101582,0.0,0.43707016876681226,0.36605391270511917,0.0,0.1541475957439043,0.37328513846985256,0.8127164509510092,0.273760084817693,0.46829420516674064,0.4714927125357977,0.5438823321363064,0.48129758155362684,0.5177411855492766,0.21171400543920826,0.598907911154948,0.44169463515915997,0.4671112916229279,0.28050101888294715,0.8506308898652981,0.5129816768339022,0.366351522988661,0.49288453330639487,0.7509622002074811,0.9217912888933897,0.5545345930410344,0.8720745301379678,0.4824029054997536,0.07615689222119279,0.16850433471999982,0.19582135048195598,0.7878312256093997,0.7395355550871668,0.7253250902449837,0.39036325748897716,0.4888879526418345
0.44996063762338234,0.5444656825090721,0.49514834651550654,0.13853612334688076,0.5938619722042311,0.5746749913434659,0.6208161326884134,0.5111530591985972,0.5150728236622002,0.43873162221631623,0.5017696535291564,0.432242584130976,0.6930157526882526,0.38824033364217636,0.5777041383944771,0.48261603488816,0.3804715224066956,0.4118953348577067,0.4853521176935878,0.7223924837883422,0.0,0.7644769633056356,0.5765774843988527,0.35758693833000044,0.3773521776626356,0.48147304976064537,0.6289788045444452,0.5969312221244206,0.6572310831214856,0.6937130182381763,0.560901100069281,0.3064937845257893,0.04945736340321607,0.03925600853410438,0.08820748690036992,0.14472835320506672,0.045219669995276116,0.0,0.418250343579686,0.14031935051213473,0.1521044876943023,0.06583728390533383,0.3407587754903321,0.3851631465898682,0.0,0.33242078002172537,0.6349275242931778,0.6311961159272438,0.048172809349420066,0.5535847711559093,0.7086598476792051,0.7325011211227939,0.5250962241807934,0.5010733744340371,0.4901288376602557,0.36231412305250976,0.599118260256914,0.6656114239243581,0.33331205049221085,0.5784697409820191,0.5513294127780984,0.544579198191238,0.4092311445282681,0.4585987589067822,0.7444563536909738,0.8010658619681915,0.7283676244108342,0.6302091398079728,0.2945970069825589,0.45473745717561925,0.5479868758736504,0.6214747642581014,0.6479352231825142,0.6980222448809684,0.3303966740271986,0.5388058054419498
0.43680479216004997,0.523884908191526,0.5252748758858546,0.2858627341921885,0.660835499413775,0.4650333639398878,0.5678989962926311,0.3277922292119567,0.49778971728182075,0.24805746316202296,0.63398978497813,0.2743602611763283,0.8059496945882747,0.3819504349277618,0.8368523788456143,0.631085489431035,0.22388430270505694,0.5612216474327931,0.6065049373336077,0.9160903554031292,0.7644769633056356,0.0,0.41768787714769057,0.1413350565556352,0.26505416324337966,0.4433407167001518,0.6847270083968302,0.8000831205054244,0.7550178242588849,0.7117904311073261,0.47493328807264384,0.0,0.0377034277426592,0.0,0.032827942731564794,0.3125213726583366,0.2669019780801841,0.0,0.19292835662312655,0.10527056312824129,0.15719780890146853,0.0943895496771398,0.40439806946032514,0.36963207746708154,0.0,0.318782261062691,0.4799141822177822,0.703445725622799,0.15984895212732125,0.5197159701355741,0.5269312770902549,0.6708881049654518,0.34067985153181624,0.4867355786552646,0.39494036405167443,0.4812036402222514,0.4620397928827988,0.6372401771855397,0.31225134229710166,0.8106537646256293,0.6659984421425907,0.4917752981675403,0.5444735172104569,0.5992736700437062,0.9320033423125444,0.5974907805509954,0.9197028703206458,0.4495292470449811,0.11043113727805826,0.3125141277051477,0.3967955143088042,0.7174163942698397,0.8243673817278928,0.796308272632346,0.35727251497373,0.6162308935311306
0.0,0.46001314841971164,0.6169704162532887,0.2989090028836524,0.4710367438967616,0.7765377152344536,0.29786001386095295,0.8794676676694889,0.4866207511920822,0.1168191871168151,0.6002899047740191,0.5162102033462133,0.5257917801175638,0.4591778086340797,0.46153451399782486,0.1239671830980724,0.08880215698600148,0.14983016512584701,0.6223232428630331,0.546565393942759,0.5765774843988527,0.41768787714769057,0.0,0.3249744964390602,0.12026679253885825,0.419186782040485,0.6198626772807647,0.2951361918186732,0.43204666397487723,0.4620388667522582,0.12787797512844273,0.0,0.0,0.0,0.0,0.3045206813804059,0.25654723281482394,0.0,0.14574592687120091,0.1337126957853279,0.18814160351156978,0.0,0.40012727030131146,0.327477440506012,0.0,0.0,0.5977156847027747,0.6598032189370984,0.1768797857499317,0.30072175540817947,0.7157369948035428,0.38942769702480307,0.8922612488181734,0.3843556317523499,0.24641383026984018,0.42409067349076457,0.5457755472045279,0.4333423763298321,0.4320090190286839,0.4665056296178505,0.1620885867047995,0.40788891375952624,0.3074831096767307,0.6072169036751519,0.5004312943408594,0.5072284695620285,0.4614233491352314,0.9216387301382213,0.29675841880865744,0.15836270839342861,0.42474557319834577,0.5946757774058993,0.31469853650162916,0.31952179058677976,0.291004044111196,0.15626238890489402
0.3286159114314667,0.5721277405216204,0.14337089898654778,0.0,0.1149703855703089,0.5035431364181222,0.1872780603608785,0.45324059136330236,0.2378196216731367,0.38763606518852783,0.11595327051525041,0.6019831200796508,0.1994085406026681,0.4457520141473389,0.0,0.04813076865292689,0.32661675144054125,0.28923915080291396,0.0,0.06428648048405108,0.35758693833000044,0.1413350565556352,0.3249744964390602,0.0,0.4795093281858891,0.743932017599934,0.12153025496094372,0.09963477130440633,0.0,0.2426790490718192,0.12995330743227665,0.10456402571442286,0.05591693778891625,0.06395486646568259,0.0,0.14560992227488775,0.0,0.11923186140329443,0.06309915817945845,0.22928473727175291,0.014230025908075756,0.0,0.30504470563907904,0.17237541149676755,0.30771708912140655,0.2359771380906496,0.4394960737213412,0.17387538133487923,0.1549106672943249,0.22386104180574887,0.46040206480414847,0.3003986972213554,0.4389885131572171,0.3487611700430495,0.4161200440151943,0.064584387990922,0.27266220915285677,0.44689079361473505,0.06197784303568005,0.0,0.0,0.5130807046825359,0.32974612540608067,0.09730265163353866,0.14688456568731026,0.19407303738726014,0.05927763857900072,0.3277052829263466,0.625804629839961,0.34479791447640606,0.7031303223676586,0.14365537909926981,0.227574449970888,0.059813019964150844,0.0,0.10943739405608159
0.3848013852145805,0.6385640695376906,0.03849704037904998,0.0,0.0,0.41230221581093063,0.38168004632824915,0.03997140869100781,0.12923120887738826,0.731166299579564,0.0,0.3962866768617061,0.3859377717204506,0.23688181510724057,0.0,0.5967606675200242,0.6896417669667547,0.6500709698811151,0.0,0.05494986202179172,0.3773521776626356,0.26505416324337966,0.12026679253885825,0.4795093281858891,0.0,0.7149117130199912,0.09113492361849203,0.3243236372135089,0.2402842364069991,0.22260555487985598,0.5289853844726251,0.39944212540359364,0.0,0.20922813422745254,0.0,0.0,0.0,0.14251582877419894,0.19079241698708302,0.0,0.0,0.0,0.22019030723083702,0.10410182541684605,0.12428199183725663,0.32182903797611895,0.5867214783804287,0.09403761607103085,0.0,0.04874515408605841,0.4549938396692475,0.4238928904442521,0.046761979074179734,0.118646416083684,0.49946427976029895,0.0,0.08514403559473828,0.4405454817279388,0.16341016055096055,0.0,0.36166655480371984,0.5968108669448711,0.29073018989010246,0.0,0.17219011785328145,0.34997404021282924,0.2149767165657498,0.20319429454437932,0.18202746976895293,0.7669714330439957,0.758393378327695,0.0,0.2103171660480872,0.32043519588335206,0.0,0.40145314277951094
0.21204910295736706,0.8852267849543257,0.1635850591608358,0.0,0.14394523440117857,0.6591563917281036,0.37767212929948835,0.4452954218006085,0.11919576193434553,0.5231177367264402,0.1582608302873182,0.7097212547490438,0.5486362813016034,0.42675250980590057,0.27318314050334125,0.49598518454366686,0.5592385691133275,0.7408743778227209,0.03700377116237938,0.2725201348276955,0.48147304976064537,0.4433407167001518,0.419186782040485,0.743932017599934,0.7149117130199912,0.0,0.17329319454016673,0.44035405600949284,0.1709993854847224,0.2348141935223377,0.31409143847600196,0.07618354089195452,0.0,0.0,0.0,0.0,0.0,0.0,0.009595945096636712,0.0,0.0,0.0,0.3301428528940477,0.1396808430181876,0.05355723680786567,0.043020750928518106,0.701121173221856,0.22179629407227347,0.0,0.18044760980580868,0.505584073860198,0.4196857433132422,0.41216918226958404,0.19322750852739012,0.5037521182302702,0.0,0.37294311455703827,0.5852004291761721,0.2600388973292417,0.2567294519121152,0.20388057194526912,0.6867153075732763,0.46015040648641387,0.12845067138244365,0.43498748785321933,0.3281476810618165,0.42345550181034836,0.4360501873928222,0.36387899723076716,0.421694933210394,0.9025605308190996,0.18474863086175292,0.3605283139531196,0.23338749871310177,0.0,0.2710273305706024
0.3581517939097445,0.29999928676680376,0.8964164772377792,0.1716666292643044,0.7626494360214573,0.5550261414763198,0.42981747194295256,0.43787892008464246,0.8159630719082593,0.049323177739114835,0.7990455962508904,0.19770478286108545,0.5494667500683861,0.3308466407671875,0.5428425706251525,0.21028319114435154,0.0,0.11388765485242754,0.8097919276913563,0.7833401755176096,0.6289788045444452,0.6847270083968302,0.6198626772807647,0.12153025496094372,0.09113492361849203,0.17329319454016673,0.0,0.4725335856159815,0.7125610150102989,0.6699973350262336,0.20760855964471042,0.0,0.06572210546235625,0.0,0.022383491852279152,0.46066745363752065,0.34261039800040655,0.0,0.15282725240756712,0.10021128838999897,0.018869353161742982,0.0,0.42182383424587244,0.4472785575383455,0.039229138238727486,0.27002281524373234,0.44982320826246136,0.9324224713800098,0.28455248378812487,0.60349314446563,0.6798631171456005,0.629950339553632,0.4962624970596611,0.7506998678096988,0.15679893074873616,0.7297416758230058,0.3185172211773789,0.4950288301301769,0.1909444049161251,0.5356473561417117,0.3924202500816123,0.24949905782020684,0.4002256500592381,0.8610221977140016,0.7376959069005325,0.48931448341139033,0.6634572483842842,0.5864187289321466,0.06269728285427659,0.3075844204371666,0.1525611635374593,0.954551650320759,0.609680925277308,0.7275104445792595,0.34473029704502417,0.3677295069330751
0.2952162343651462,0.35918060277146197,0.3446198402416006,0.4226350215027453,0.38278997603178744,0.3586260827701791,0.6109174952991532,0.1617989463520126,0.25546791927581247,0.46815091091353617,0.28711214921809425,0.2629971883642331,0.8801957804226599,0.3337144907264136,0.7560522760358779,0.615230936882374,0.45575076558571154,0.6936583083858694,0.3092087270387547,0.7262775835694834,0.5969312221244206,0.8000831205054244,0.2951361918186732,0.09963477130440633,0.3243236372135089,0.44035405600949284,0.4725335856159815,0.0,0.5794077234960772,0.5645524739710417,0.6043164497951423,0.06540824927560733,0.0,0.0,0.0,0.22650722570966994,0.03275813468237851,0.0,0.12392555089994174,0.0,0.0,0.12787023728867097,0.48756742183423407,0.3271626258445324,0.0,0.16694179118228442,0.35370460539363885,0.43424641211173104,0.0,0.219690989131838,0.30825355849591907,0.5627325770056478,0.21831325476194008,0.17725828293775972,0.3541633941705365,0.13594536672948224,0.39076724755142395,0.40454133071776854,0.3469124263321947,0.747531583856087,0.5104884628287543,0.4031635534189635,0.32520006611911273,0.34274156755502777,0.7695075150288939,0.5631224620243054,0.8193046956191744,0.37568736345304554,0.0,0.1352783089361585,0.3613103577768157,0.45312925355779404,0.6844149872183954,0.5838274889625433,0.10546964237579257,0.6255464773377308
0.2056106701625805,0.32193452376574255,0.5619569603996477,0.3355387712881204,0.6368405286733693,0.42192816729517896,0.6121156492079953,0.29723249659378426,0.5896218152991208,0.23715338503655126,0.616546810355502,0.09875858112899161,0.7034782726281196,0.25307697818038677,0.6440882985279652,0.5007788183979657,0.0985421716476624,0.33393442456863015,0.6330876668485172,0.8337779834956373,0.6572310831214856,0.7550178242588849,0.43204666397487723,0.0,0.2402842364069991,0.1709993854847224,0.7125610150102989,0.5794077234960772,0.0,0.7126332715782535,0.4385768389600359,0.09753495026291051,0.16117805656338555,0.0,0.005022389258360728,0.31656146348995357,0.33031134268536,0.0,0.22019747654357083,0.1623074735762966,0.24809268091625722,0.05599924182511639,0.27501486928477953,0.3302067209648645,0.0,0.1320331177989814,0.47740618426462694,0.6866165882348102,0.3209245035387012,0.4018918207497153,0.48193789818324984,0.5317339595529212,0.3372499361179702,0.44330063942493403,0.3094640979303935,0.49579996177480823,0.2878240406937251,0.44840762077640917,0.2478056512061085,0.587726717175624,0.6246792297083814,0.42491849773624896,0.493093345632729,0.5821013873090417,0.7035717255108905,0.6048851975052327,0.7146446488025094,0.39265454994794396,0.06853274048793252,0.4735587856306563,0.20758682661651667,0.6627745967613762,0.6281626398540308,0.8420909294362433,0.3980549436453112,0.5478278896163117
0.4388979058729101,0.21014831670750123,0.5608568973765666,0.25540378545619363,0.5847037614241606,0.4439777253634434,0.5052949329672671,0.3891661703006993,0.6442934194563935,0.2821772156042826,0.5571784252610784,0.21791911255436033,0.6091108809664604,0.42209702407987615,0.5032880271230601,0.40283065445676536,0.22201704434610003,0.2956593142050695,0.5472004818892131,0.7821334522754639,0.6937130182381763,0.7117904311073261,0.4620388667522582,0.2426790490718192,0.22260555487985598,0.2348141935223377,0.6699973350262336,0.5645524739710417,0.7126332715782535,0.0,0.5067091508514936,0.23675226154804052,0.185473564028853,0.0,0.007677762135070164,0.34890141999408436,0.1748050706187511,0.0,0.43986040807121063,0.2256549431205374,0.20868097750915268,0.043104332273518155,0.41219848530536646,0.2974222172692805,0.0,0.38510603415551126,0.3514734676357052,0.6737786967858446,0.27894522472597344,0.4430927662064916,0.5080210224398384,0.49033379265046173,0.4336799119598062,0.5419050746492518,0.30936909125999723,0.4498662295153719,0.3693274160925436,0.4175492268524277,0.2640127517157779,0.48460624710774675,0.4787404315744374,0.32803809482831314,0.373414416911429,0.5536283645352311,0.6690236685858251,0.5536905426817152,0.6317146221190021,0.4281597837293988,0.20244891591213582,0.3177328311791638,0.2810248670769738,0.6462785324768685,0.6058157187448598,0.6741535115562438,0.399057941859918,0.5701164285495514
