0.0,0.06041422796852451,0.17635141189840697,0.0,0.18732905903420155,0.06856646543794076,0.14645064521057521,0.0,0.2963214029070325,0.2204705007282239,0.1759897438328933,0.0506130720753672,0.1591425150123146,0.09921410454196211,0.0650628607667999,0.1937323335916008,0.16766924047801599,0.09342938768728587,0.0966231538570922,0.19200955144324805,0.30157201138435336,0.29139496579774277,0.0,0.21591638625533194,0.2548357958893642,0.1425381345466692,0.2355253211548022,0.2002160809323802,0.13256084409022742,0.2872173615014446,0.2881632313030693,0.16329110549150197,0.1725770847100469,0.11173935931675721,0.03975740706413647,0.07618984325897331,0.0,0.12397397365508943,0.20570621082235838,0.19186041822088526,0.0,0.029967529452479217,0.276731763810385,0.17880626684546705,0.17451297535088223,0.5813991243725293,0.10859130039057084,0.23672064210951943,0.060229060789821494,0.22336667794860585,0.25480261701809725,0.2972650991202095,0.0,0.3099949193308531,0.20730828135615428,0.11377030734909438,0.09398405511554088,0.270697074496968,0.03551037711718215,0.0626604779428098,0.19242629430821837,0.12157490594885215,0.06949308444619902,0.10790502525453988,0.2142030276570677,0.26332613080812334,0.17524399390546075,0.10505183019590342,0.13691683873836738,0.3271886048578454,0.21878212356432603,0.23733623964765652,0.2839569597915293,0.32692282905802633,0.05208475442610949,0.3057692131738331
0.06041422796852451,0.0,0.15278501927225707,0.0,0.17531038721357892,0.48136141463653476,0.274861842230717,0.30548991712794904,0.1293485033390843,0.28271339765438697,0.1685944503004102,0.40434582998011914,0.355641707705364,0.29321038485136447,0.222055085993157,0.3475385220668706,0.2804588948270953,0.44281146715611946,0.11569292166213474,0.22444558121222422,0.3604190647588803,0.34593540229479003,0.3038866413087277,0.37098898742584596,0.4219704190902454,0.580944922482721,0.20053360921541394,0.24409614128499985,0.22010804433442463,0.13391177667577578,0.17952297661184152,0.06656272342369798,0.0,0.0,0.005775322173709554,0.023258673841243523,0.0,0.0,0.0,0.0,0.0,0.0,0.13984092505807103,0.10703610898203925,0.04463732147380852,0.0,0.48759113312303587,0.207377984313137,0.019374085731016535,0.17436365237440812,0.3975551803622074,0.3139794468006182,0.2585478105578741,0.18332044210217205,0.29618670369607253,0.07735698019227952,0.23533696311306154,0.4468924463866573,0.11951876692577496,0.2030836962516329,0.17244845429833083,0.43991118143378655,0.31681948711659635,0.16233196671495018,0.30333687374718,0.23395866340335594,0.2822245015115301,0.2908282131442314,0.18876195028834186,0.27528073682451276,0.4861414043357247,0.18653433361153426,0.2377719139977327,0.22015696421941233,0.0,0.10590188527384625
0.17635141189840697,0.15278501927225707,0.0,0.14622451358134114,0.42978984049951396,0.3692409695793971,0.2050443646578045,0.33272220167946104,0.5019216337326022,0.0,0.537223243935637,0.17827635833791286,0.269561435828609,0.18841006714837202,0.2597796340386156,0.04267611058585703,0.0,0.028512553020383375,0.5496927164997071,0.45694003630476027,0.32900074389258915,0.34321056800870675,0.40606506081499916,0.09331126500850279,0.029243919443002243,0.11107730569138193,0.5815478650590388,0.22281039479364442,0.3668556612441068,0.35875134473150105,0.0771340471946668,0.0,0.09152183803852339,0.0,0.0,0.22689417084907854,0.196696452136856,0.0,0.05252782308552776,0.09842285583713131,0.0,0.0,0.2519203938354376,0.24546756587420146,0.03711172941767223,0.12024407703228726,0.20082002309062907,0.5740206873544821,0.1409598268265732,0.31674081118770553,0.372157458874043,0.2996107902118641,0.32284052345389574,0.47708544090505894,0.03203362587495887,0.47307885936795646,0.1530477093893457,0.24467133631052423,0.04830777956244709,0.25442418943049566,0.10170354441633775,0.09916731990794689,0.22723009137331165,0.5663365278613877,0.3915156588281128,0.18529583925120174,0.31680492016101797,0.3142133252972641,0.04713649283593865,0.10641163180537976,0.056291478559107905,0.5106120997491493,0.282282237688724,0.3352134487838766,0.15399429967101963,0.11614024898340063
0.0,0.0,0.14622451358134114,0.0,0.0,0.13147924004619937,0.09727994095654378,0.14003419314760943,0.034873738982562554,0.0,0.08527541375936612,0.04234600648190931,0.32712130570744274,0.12523965066267606,0.2876239241592873,0.04562164482055758,0.0,0.07451091329200303,0.21041373134483815,0.2942871196078449,0.09119061420695741,0.1912869813485661,0.20470379518873524,0.0,0.0,0.0,0.11503493557765901,0.2814718756883068,0.21288097367658826,0.1728632618573752,0.05166258321250378,0.0,0.08481942079878582,0.0,0.0,0.27678673738782306,0.27175960961634654,0.0,0.0,0.06127260344797754,0.0,0.0,0.20688488663931837,0.15358697137699412,0.0,0.0,0.0,0.12187343803517828,0.0122625974784836,0.0,0.0,0.0,0.15203250544155536,0.0,0.0,0.0,0.14148870232512956,0.0,0.10849803239826276,0.28574492727992873,0.04110025812051778,0.049520456650251045,0.04135956031979899,0.15631475962985217,0.14468670448285867,0.08169890604143878,0.1742032441141607,0.16327186057534449,0.0,0.0,0.0,0.05016527239304971,0.09086390736906291,0.04912715758258258,0.03901823296817976,0.047358488399561235
0.18732905903420155,0.17531038721357892,0.42978984049951396,0.0,0.0,0.2752026585289692,0.40611865344187026,0.31862786108573665,0.4907498823960999,0.020741836297130674,0.5314660759493168,0.14108454812307594,0.29240480703136446,0.22285057064831837,0.31877589846180526,0.23548624032268786,0.016666337863762717,0.09303323289752245,0.458182359254236,0.45240421679087606,0.3787304177887959,0.4295188323276053,0.30459722601345546,0.0723805347297501,0.0,0.10114214117266579,0.49477180173940183,0.25256501985490765,0.411029833171518,0.3778369352271014,0.21968462712903233,0.06396414073538345,0.09110341191627469,0.0,0.2561296796965677,0.02462899638091067,0.06596212600858181,0.0,0.24794746423230205,0.13476539555855135,0.2844991905845744,0.20175533142031285,0.06364741132623468,0.06786095032589257,0.0,0.12548537792845055,0.226280838133994,0.537759206168581,0.20614738217810188,0.5471502464663359,0.4295714949883815,0.48126494582038915,0.3080987110640601,0.5516876751923129,0.16137378715882475,0.5165731870922834,0.24648144191611188,0.4116291811315823,0.1475706905024966,0.29257771424003665,0.3409675794934701,0.14761301069880528,0.2618832848081321,0.43240609875070346,0.4967068291111924,0.30679429197194075,0.43099410443926656,0.27801666914849676,0.13675266478380627,0.16237215138674743,0.07568156672499418,0.5642087503841617,0.43592312543108797,0.47908128955192547,0.39671017880454146,0.3020659824946975
0.06856646543794076,0.48136141463653476,0.3692409695793971,0.13147924004619937,0.2752026585289692,0.0,0.27798633726402755,0.4887013274560334,0.36425972286303215,0.2343724848769412,0.338515727115257,0.4544660741952596,0.4333543815809793,0.31128267821417277,0.2561821729382321,0.23985114046027534,0.21547955713383024,0.27260535604255626,0.31473718754310936,0.3351964126142778,0.3741257188184687,0.3035965785420127,0.5087388816250712,0.3283278964402223,0.2752986554975726,0.4335321741352951,0.3587748149139873,0.23731795084937315,0.27000562063038225,0.28151552261322904,0.1364179225448885,0.02034702072682339,0.05939257046016946,0.0,0.0,0.16845472835278852,0.09723436259347751,0.0,0.08529118218961676,0.12170749838538608,0.046376040099852724,0.0,0.27866587136890364,0.2251309115464798,0.08512142578960472,0.0,0.410245824313315,0.39881728699869373,0.14041969257368356,0.18911312629564392,0.486694357281924,0.27325215685580234,0.4968362234895832,0.2799937033433509,0.24834128363495248,0.19823138117745187,0.4047833287976348,0.4163535653737483,0.23122791319832567,0.2578427332470965,0.08982443875397295,0.37191188614303294,0.22379767373311804,0.31517581744309364,0.3036764912550191,0.2638812008155355,0.2827145296367386,0.449419942413608,0.1601218630125407,0.17109936137300583,0.3707114274543287,0.30002781842434295,0.19946890927737781,0.17760061173180267,0.04729968803076609,0.08575351594445425
0.14645064521057521,0.274861842230717,0.2050443646578045,0.09727994095654378,0.40611865344187026,0.27798633726402755,0.0,0.20228580127755422,0.30389786540667174,0.3961787586032604,0.23716594554907663,0.2684168063633479,0.4562503672705574,0.15533167928146585,0.2755532642117676,0.3762250865946848,0.3793070535515285,0.2881675659735865,0.1390710734136945,0.3514542836999864,0.40111967403494914,0.38098339760203503,0.19109335550001574,0.12391512121952629,0.2638806187175552,0.2614956774439364,0.27958432963957464,0.4009572091564159,0.40237318390519805,0.3263148509926077,0.4118089908367838,0.24884276246706333,0.012298448319986265,0.10421651651487061,0.1725095258144899,0.0,0.0,0.057388362892300336,0.2584935921200318,0.0,0.16416583572065171,0.22966384160179476,0.13015923130824072,0.07553270080068038,0.0,0.037508355776868674,0.2865445502263252,0.3024776766471839,0.0,0.3070644669222503,0.259738795019226,0.4875410322281969,0.2372160114436173,0.2707480700840148,0.3230161774345534,0.2116470121484708,0.30979916488636705,0.3086535592509185,0.2601998713557997,0.2435433680707592,0.3595400893303827,0.27415294963063597,0.12150771049725313,0.12474690048431454,0.3649004373287882,0.3673443688386183,0.41211113491711165,0.20289751519065322,0.060986376412922226,0.221847528500392,0.24076375227195249,0.2942784347887675,0.30097725622828875,0.333608176389877,0.20019405338947988,0.38552424885286013
0.0,0.30548991712794904,0.33272220167946104,0.14003419314760943,0.31862786108573665,0.4887013274560334,0.20228580127755422,0.0,0.2833176476669153,0.0484058311229662,0.37332230726180526,0.3817418905536824,0.2817836851869285,0.32021624458627373,0.22969431896349268,0.04707707141094301,0.06623571793904542,0.1034701077086111,0.35796254969927616,0.2997271151492718,0.32393435932003956,0.21392793200695115,0.5731682896357806,0.2925722360086496,0.026885593475173126,0.2959245053217504,0.2888885844968385,0.11355556534590248,0.1873084270853607,0.251175463994407,0.04205726885389586,0.0,0.036509393953490975,0.0,0.06529840403093976,0.13406288324906382,0.15108624704143472,0.0,0.1086749197391525,0.16304593075402316,0.23003551203444147,0.01616592128278749,0.15613118344692992,0.10919236084009108,0.048493210941418514,0.0,0.2777169834768188,0.35617181527292324,0.16191401456604052,0.2581781454096702,0.3825060153851368,0.21891420021348168,0.6165206875551938,0.27843043636037124,0.16073831054191526,0.2906367897946431,0.4085250875796586,0.2816627746246277,0.21784055834788338,0.22949806233591388,0.03923060102831244,0.2548549015949001,0.21517865670622255,0.32548666852094144,0.2852680484853313,0.2036889133684901,0.24452749527233217,0.46640171499532285,0.26204476055502085,0.006109798787561983,0.23508939072533466,0.30574869669125554,0.17926250505573543,0.08948863635444082,0.19731173816463463,0.03650718243585913
0.2963214029070325,0.1293485033390843,0.5019216337326022,0.034873738982562554,0.4907498823960999,0.36425972286303215,0.30389786540667174,0.2833176476669153,0.0,0.08344538254845497,0.5221165188036865,0.12617956957201484,0.2774672145855546,0.21961542465534045,0.18108431469948288,0.1449905436307237,0.00259421410815203,0.0,0.4585422807747344,0.414288371440975,0.3517820276209035,0.3328372930890683,0.3188947004487771,0.1561802110989248,0.09187187049009507,0.08202808449094896,0.5315560236749091,0.17443545605423227,0.39354701375906137,0.4198340521634173,0.13640571310155017,0.0432824819859573,0.22468852084582608,0.0,0.07269049330901578,0.2104059372503006,0.13301411288250636,0.027110070360280434,0.18794177001302706,0.25551429491996264,0.11830214599834403,0.008227933029883998,0.2374869807184699,0.20071180402290903,0.04438577435886099,0.2733751897973675,0.19935231542647816,0.5710784588752249,0.2774282585202758,0.42194846623819426,0.432438553599002,0.3630964586889027,0.3310051498902957,0.5799960990480614,0.17897497979939142,0.5074187785637772,0.22137344623303523,0.3271396246050434,0.1363093037693566,0.15486934981631334,0.21572355888238579,0.14863532778936633,0.1814786432769962,0.4595371489202544,0.34585641351385354,0.2673770863747049,0.292307993292399,0.2747571308977402,0.10690703345468404,0.2536219113438729,0.09939777603794471,0.5147866924951654,0.3118082631355999,0.39469755070909585,0.237750298739334,0.2013599260996866
0.2204705007282239,0.28271339765438697,0.0,0.0,0.020741836297130674,0.2343724848769412,0.3961787586032604,0.0484058311229662,0.08344538254845497,0.0,0.0,0.3422362093750593,0.3174324905749524,0.07935640375308063,0.07634838135259749,0.36155615072766634,0.5897254133786093,0.37565654981902274,0.0,0.0632884941047183,0.28510922070037853,0.1646457275472877,0.07616209407097131,0.24081058491144833,0.4802362591136283,0.3441180507169747,0.040730728281056935,0.31186846294145254,0.1620188829012366,0.1801874844235975,0.4722649833311646,0.3743266123014666,0.0,0.27110881976010587,0.03168055197616304,0.0,0.0,0.18820170653111504,0.26367053273183444,0.0,0.007251544506474752,0.12157444212867782,0.15438480954813266,0.06171419581768848,0.0,0.14544011072736662,0.27072635153126307,0.029458048239307918,0.0,0.013316409223397174,0.20987116693526553,0.30373239972653093,0.09331550764198315,0.03512395104264499,0.4280015265477095,0.0,0.25327262693164043,0.19759364666090504,0.21120860472599925,0.0673668659764536,0.25295343752353044,0.31496627802276644,0.0,0.0,0.09852108678831839,0.2969681009798888,0.17650813483281402,0.14993930078843837,0.0,0.2807022897895005,0.3656177422563206,0.0,0.10132313057839265,0.13412950453976316,0.0,0.33757938027709494
0.1759897438328933,0.1685944503004102,0.537223243935637,0.08527541375936612,0.5314660759493168,0.338515727115257,0.23716594554907663,0.37332230726180526,0.5221165188036865,0.0,0.0,0.14275361288247393,0.29574184874504916,0.27417758154837846,0.3113179722572984,0.12851173949879252,0.0,0.029166049333566205,0.5630133225431833,0.47575471691427745,0.3282582598897988,0.41038415410418744,0.3890032301867807,0.07819959122437022,0.0,0.11141899128855366,0.5134132575439841,0.18894004294610175,0.4014711689989989,0.3582249754989048,0.014697619897962281,0.0,0.15630648925150015,0.0,0.11869856239834288,0.22120346394087487,0.25496027560886875,0.0,0.0563089223908347,0.2177277710825678,0.2196336362150928,0.07125820996446744,0.1831288802764758,0.1591188069780208,0.0,0.14716207567675502,0.21837201964000655,0.5808053197527141,0.27377581521025673,0.4561927247500025,0.41434233017446714,0.34289659048057447,0.360392255786494,0.5193297031828918,0.13535617934182653,0.5916643282192778,0.2209916782591104,0.36541802178123306,0.17751792068817052,0.29526635131400064,0.19934240255090588,0.15420893162914126,0.3228485140026046,0.5390061740423335,0.4472962326552622,0.20888081513643514,0.36633600707399155,0.3162754819121526,0.14805409276141143,0.14582691876413462,0.07758261192320029,0.5609959147732771,0.35212508813079973,0.4129057900666577,0.2963659549787198,0.16863762451346997
0.0506130720753672,0.40434582998011914,0.17827635833791286,0.04234600648190931,0.14108454812307594,0.4544660741952596,0.2684168063633479,0.3817418905536824,0.12617956957201484,0.3422362093750593,0.14275361288247393,0.0,0.2963555646637276,0.2567460588683784,0.14646789172594682,0.1615011170822097,0.37101256970024477,0.28868073665853367,0.06762972384631456,0.14297410789474027,0.27349551779719744,0.17481249478109648,0.346580151584656,0.3907669915682127,0.2548182763891151,0.4601430443750934,0.1302549334660539,0.17244633402213308,0.07073125720756818,0.14192673209268353,0.17903071003019155,0.12012799144789289,0.0,0.04160369587371481,0.07043946047536934,0.0,0.0,0.0,0.1152147039558081,0.0,0.035981259794506545,0.06369059413058106,0.1396542871425219,0.0633286703359673,0.0,0.0,0.2987567514921321,0.17754708814373754,0.0,0.11640586123417987,0.3128593411152187,0.22612346037089787,0.3541433712350751,0.1372558236676805,0.32944061134153807,0.028200129370361593,0.4027467747637927,0.31011396432083943,0.2628097772372167,0.15355333589690975,0.024689549560294767,0.32714702919420174,0.06969486108134056,0.08702440219655679,0.1964277982492757,0.15599260645512292,0.1733852422354913,0.30414408828285416,0.18693522683628092,0.05094758330534599,0.380595748148346,0.14075283546637826,0.08577439639288476,0.03003987039211246,0.040447580691892145,0.09161856503231403
0.1591425150123146,0.355641707705364,0.269561435828609,0.32712130570744274,0.29240480703136446,0.4333543815809793,0.4562503672705574,0.2817836851869285,0.2774672145855546,0.3174324905749524,0.29574184874504916,0.2963555646637276,0.0,0.2918514006155435,0.5122531162083329,0.402329073274514,0.30303376100472307,0.4478069979251451,0.27393891471505255,0.5167056066546202,0.45573226935559324,0.5326780299799733,0.3429770345376518,0.1348463884885921,0.2634716061207572,0.3636857737021966,0.360140774533114,0.5780550908677473,0.4612266124988524,0.38625553754726644,0.3278117547792184,0.0,0.0,0.0,0.0,0.19197039195507526,0.07973395508666174,0.0,0.04428212525053833,0.0,0.005149101657228081,0.022593809979656484,0.3597601248517437,0.24091144461922012,0.0,0.06048517577794944,0.325945945249137,0.38167978084989485,0.0272906367355243,0.16075595724258515,0.3073496951617382,0.3771311573606686,0.3168810384697616,0.14229060498024895,0.2852835453613333,0.14414084595451943,0.3577631140087993,0.34691436485033966,0.3260316769856216,0.5020987665612093,0.31099584213275133,0.37486635960355685,0.24095455066656507,0.27484858538674056,0.49011619024026565,0.4123306169186278,0.5265362513429331,0.3709064047499011,0.0,0.15261536133187664,0.3155347142720704,0.33454131874104903,0.3972007187155852,0.3560363119731442,0.0492048340432996,0.3720864850210617
0.09921410454196211,0.29321038485136447,0.18841006714837202,0.12523965066267606,0.22285057064831837,0.31128267821417277,0.15533167928146585,0.32021624458627373,0.21961542465534045,0.07935640375308063,0.27417758154837846,0.2567460588683784,0.2918514006155435,0.0,0.11972696764058013,0.16843049279808311,0.12486599289626792,0.24823332429313047,0.1997631055182804,0.22327519932616674,0.24053825314790733,0.25524559768364996,0.29670076531087036,0.29543280993326615,0.1700028158206321,0.28570692121838326,0.2140782262710095,0.22989734472115314,0.1659170378671166,0.2848999494927236,0.0832860933445358,0.0,0.005297961471181876,0.0,0.0,0.22504067677116935,0.11343155535500306,0.0,0.06802546089066878,0.11867047192382507,0.01614686386532201,0.0,0.28931096730887557,0.19224469752147985,0.15652560649771421,0.08837599028209156,0.2254335846384765,0.22894615992504386,0.17551921936148568,0.2235428981644116,0.2993832347642479,0.2468991765329342,0.3013809649622522,0.23248283826986943,0.19611895060336018,0.17661202179284086,0.18315851249100573,0.32086808168736763,0.2411509992079755,0.10134569157489413,0.07071363123176773,0.27293863898222215,0.2893068844251035,0.2141827086593241,0.2152555317545489,0.13905236761780546,0.17555221940546645,0.280045514726364,0.22586159654106575,0.11671210387173925,0.2414297082273193,0.21114663660777788,0.2657021184872723,0.15174755962914355,0.04514605341582825,0.1171600892752582
0.0650628607667999,0.222055085993157,0.2597796340386156,0.2876239241592873,0.31877589846180526,0.2561821729382321,0.2755532642117676,0.22969431896349268,0.18108431469948288,0.07634838135259749,0.3113179722572984,0.14646789172594682,0.5122531162083329,0.11972696764058013,0.0,0.2985558537000144,0.06627894229603273,0.31277255074414095,0.3501916401593869,0.5626393709088503,0.3877599413689804,0.5469602435977569,0.304657381450032,0.0,0.0,0.17914807945305725,0.35491108090154255,0.5040746973667962,0.42497607949154625,0.32635672434780794,0.20003099453805318,0.0,0.0,0.0,0.0,0.20071279257292896,0.2726410902708847,0.0,0.0,0.0,0.11043665369014945,0.064947639963511,0.22044866619799974,0.2292808099596162,0.0,0.0,0.22942242182013317,0.3482085397001879,0.017234732085620114,0.16102290934203292,0.21863718624069117,0.26651752142303164,0.22760295001827147,0.12434050801774726,0.152909252895021,0.20563690007831253,0.3460785910411564,0.252406764928768,0.22862042119322246,0.6387347798900208,0.35259205964134865,0.2405720561698815,0.248694508631404,0.31990466093122927,0.5498866230917451,0.3132526850862987,0.5712134376366119,0.30520546241156604,0.0,0.0,0.12205587342621534,0.36991302165061907,0.4343829819815088,0.37732338635119617,0.18418192363095295,0.2910234834762563
0.1937323335916008,0.3475385220668706,0.04267611058585703,0.04562164482055758,0.23548624032268786,0.23985114046027534,0.3762250865946848,0.04707707141094301,0.1449905436307237,0.36155615072766634,0.12851173949879252,0.1615011170822097,0.402329073274514,0.16843049279808311,0.2985558537000144,0.0,0.40730558280969664,0.4961914929404546,0.07325045808210927,0.28408225229408157,0.3358016892977516,0.42462075908736074,0.08269892748455661,0.0245372752536277,0.38928189060772156,0.3149077737779058,0.14306246681527066,0.4098417718257951,0.3451413895079496,0.27420774371229883,0.47564150098362246,0.24122171874401352,0.011118907306522279,0.2219939850259759,0.1518167541081423,0.0,0.0,0.0,0.24043651226441318,0.0,0.20370755905638704,0.25701166694387606,0.0796918434234357,0.04981697001572439,0.0,0.13687905408694914,0.2908312816353437,0.19616139801398663,0.0,0.1852025047619128,0.24891463611809134,0.3545812819681622,0.06382498992478433,0.12425364328839998,0.34497281507090466,0.04415039554449038,0.2468480814218823,0.33918377053046295,0.3305519291588784,0.29933586796254774,0.4912672233231277,0.31550017666412744,0.22178347695408238,0.05612686307472068,0.36505547145560824,0.33037002714342983,0.42190420020043695,0.15626918147246566,0.0065424126156384136,0.27053524924242867,0.2829485112107802,0.17854729094637903,0.325321241152385,0.3653159966218638,0.12289803103185776,0.42846458644194496
0.16766924047801599,0.2804588948270953,0.0,0.0,0.016666337863762717,0.21547955713383024,0.3793070535515285,0.06623571793904542,0.00259421410815203,0.5897254133786093,0.0,0.37101256970024477,0.30303376100472307,0.12486599289626792,0.06627894229603273,0.40730558280969664,0.0,0.4267972169411186,0.0,0.028301870079309704,0.2629253597665575,0.15065533896834896,0.060385395497095574,0.20517601965349772,0.4590318458441679,0.3673632210682314,0.0,0.304809150969592,0.07382023481942766,0.14371267647590594,0.4584038162985981,0.33764495514587833,0.0,0.27669047424922927,0.0657440082634216,0.0,0.0,0.12081164956069664,0.23767604876476467,0.0,0.0,0.16790297000716822,0.10226984579697607,0.007047646568692312,0.0,0.09855393752434385,0.20390454800077615,0.0038386896217878015,0.0,0.027884838058897705,0.17331889936562517,0.28964730165069297,0.07733927119117633,0.0,0.323991979918846,0.0,0.2320214563474305,0.2047760363657425,0.2340233502756661,0.06924936009995136,0.22265232305003227,0.24232578971571048,0.0,0.0,0.1231471318143195,0.2504191082700659,0.17300905853170176,0.13991447817791833,0.0,0.19384094911610936,0.3555386079247294,0.0,0.0841770335128537,0.08982013090366062,0.0,0.2831668049137674
0.09342938768728587,0.44281146715611946,0.028512553020383375,0.07451091329200303,0.09303323289752245,0.27260535604255626,0.2881675659735865,0.1034701077086111,0.0,0.37565654981902274,0.029166049333566205,0.28868073665853367,0.4478069979251451,0.24823332429313047,0.31277255074414095,0.4961914929404546,0.4267972169411186,0.0,0.00658311756994645,0.24289601732862542,0.2876303194401261,0.38547780697295464,0.10433572539824085,0.1871383212377379,0.4272905134889432,0.48624880847630186,0.08749138026543062,0.463532147290643,0.23700485768712592,0.20131645531975598,0.3475250878576756,0.1025238823528733,0.0,0.06237854673193431,0.0,0.0,0.0,0.0,0.04360752136298273,0.0,0.0,0.09948057575399531,0.16311614451727457,0.09739483619493554,0.0,0.016840430095842247,0.28684080663556477,0.09568077191699853,0.0,0.0897395784994155,0.1931529638342723,0.2832951761987419,0.07301169415624219,0.0,0.2805437628478957,0.0,0.1925575952385492,0.3047059608112602,0.2832845902645961,0.28663762325605113,0.34165665254597055,0.3890348405603733,0.3047624737987499,0.03754785741804669,0.37569409483518973,0.20922898745712795,0.40267673617654165,0.16395901279918995,0.018726197617759677,0.18121840282554277,0.38758290867702383,0.0947377543449549,0.34803066564197194,0.2640880350690743,0.0,0.3432025685481732
0.0966231538570922,0.11569292166213474,0.5496927164997071,0.21041373134483815,0.458182359254236,0.31473718754310936,0.1390710734136945,0.35796254969927616,0.4585422807747344,0.0,0.5630133225431833,0.06762972384631456,0.27393891471505255,0.1997631055182804,0.3501916401593869,0.07325045808210927,0.0,0.00658311756994645,0.0,0.49735214193296934,0.32021987576302846,0.39073233986574607,0.4058559050525422,0.0,0.0,0.027042046005027662,0.5205972205685043,0.20169391027585318,0.4180630915057324,0.35757274797479294,0.015196428939006012,0.0,0.12691280704878946,0.0,0.07972959297230965,0.28498468984047426,0.33396176438411657,0.0,0.040159711389308225,0.1939149626188617,0.1319371340176793,0.029238359022977518,0.19648214459422264,0.20884623071875766,0.0,0.08281583249198944,0.18099901742051566,0.5594075999402314,0.23985042321827882,0.3479090301893248,0.36785610227619703,0.237991982169022,0.32609925470068696,0.43206722271967785,0.0467217225298037,0.5117922458340438,0.20750378683212448,0.2881798234810624,0.07605620170885531,0.34960088382680327,0.16043269343764194,0.12205230520107772,0.2993301349854043,0.6049005623538638,0.43548366450905224,0.21994342683781984,0.348435019462478,0.326584870289886,0.08523044787436543,0.07525034076216991,0.0,0.516589244616266,0.354167571457519,0.4025014131705541,0.30504301697505815,0.12598619298856414
0.19200955144324805,0.22444558121222422,0.45694003630476027,0.2942871196078449,0.45240421679087606,0.3351964126142778,0.3514542836999864,0.2997271151492718,0.414288371440975,0.0632884941047183,0.47575471691427745,0.14297410789474027,0.5167056066546202,0.22327519932616674,0.5626393709088503,0.28408225229408157,0.028301870079309704,0.24289601732862542,0.49735214193296934,0.0,0.4762747403956004,0.6003534284925881,0.3603171493956705,0.04621159355636103,0.04101484603618363,0.18342826325553563,0.5136894381267543,0.4826496559802687,0.5560786978374958,0.5066716631878386,0.23131446044522597,0.0,0.06784307241826,0.0,0.0,0.29050470488236196,0.29555184733077977,0.0,0.10732786723107751,0.09981861102745906,0.13776657797623199,0.0,0.2982681053496697,0.24988989341805903,0.0,0.10703198071968248,0.2506232163257747,0.5292424989993827,0.18087832520609387,0.2979695366450501,0.3272894737887083,0.35531337567824145,0.31182770680661476,0.34665849180683705,0.1439030135308617,0.3873146993377888,0.28891251813685925,0.31699697188407366,0.1939998131183324,0.5571780794337843,0.35594760837547884,0.24912086177432574,0.3379308245607259,0.48007485335880135,0.6023205431996971,0.3700060825478814,0.5755599736210948,0.322513050905633,0.060065907878695174,0.11229164116201354,0.13372357420604863,0.5219706786089382,0.4896741066902179,0.4931200513137,0.24435194953329972,0.32459195234851534
0.30157201138435336,0.3604190647588803,0.32900074389258915,0.09119061420695741,0.3787304177887959,0.3741257188184687,0.40111967403494914,0.32393435932003956,0.3517820276209035,0.28510922070037853,0.3282582598897988,0.27349551779719744,0.45573226935559324,0.24053825314790733,0.3877599413689804,0.3358016892977516,0.2629253597665575,0.2876303194401261,0.32021987576302846,0.4762747403956004,0.0,0.5107490108026064,0.3696819046162753,0.2232392445769655,0.2573147870487517,0.32094087008468597,0.4130967996284294,0.4021202428014174,0.4293944080701688,0.44439238480698207,0.3689286086877641,0.18577402910368995,0.026286416237397456,0.022724853341419046,0.061221707096617756,0.08541032028533832,0.02675788618256689,0.0,0.26556971161459064,0.0917457602744029,0.11431670260348328,0.045233601467313464,0.2245925518534466,0.2837361894669063,0.0,0.22577964825962593,0.4165059398392678,0.41825244722432137,0.028193543668239507,0.34891383745363386,0.46300503955675937,0.485194312927307,0.3346290031771948,0.33858880145924514,0.31064490718724874,0.237708038465878,0.3665976977799762,0.43052901178783665,0.22177987193571924,0.3856215773193355,0.36269952667423383,0.34624649017347314,0.26522746784407375,0.30328744331692153,0.4939111078870668,0.5234695052763764,0.4852935754009696,0.40832268762667184,0.18455851327691067,0.2911973059921915,0.35282186885708916,0.40827113175873136,0.42305487663201075,0.45913134057692706,0.20014087715508633,0.361614414417434
0.29139496579774277,0.34593540229479003,0.34321056800870675,0.1912869813485661,0.4295188323276053,0.3035965785420127,0.38098339760203503,0.21392793200695115,0.3328372930890683,0.1646457275472877,0.41038415410418744,0.17481249478109648,0.5326780299799733,0.25524559768364996,0.5469602435977569,0.42462075908736074,0.15065533896834896,0.38547780697295464,0.39073233986574607,0.6003534284925881,0.5107490108026064,0.0,0.27432155471066966,0.09253056096285028,0.17659836352765562,0.29177028960242907,0.448999053913615,0.5318580762363816,0.5047129384454918,0.4570299580888549,0.31425875512684437,0.0,0.026113084173778684,0.0,0.027259360571247605,0.19922581895601882,0.1716797974686698,0.0,0.12764106529009192,0.0732494567896571,0.11734098508350141,0.06685495873421195,0.2797683763845157,0.25517050921234463,0.0,0.21853025905797424,0.3174104277779516,0.45574913609268863,0.10508838048006269,0.33266295801447937,0.3558029521569096,0.4320932287096438,0.222066485458004,0.3252179123328944,0.25676505058092347,0.30895223174556374,0.29562794261795683,0.4282232262708998,0.22208849384939114,0.5324572708129408,0.449111438157906,0.32482230949194857,0.36476275458251384,0.38311197759421584,0.6108783089572399,0.3992864787187279,0.6059100313548118,0.30005897992888486,0.07816111863352025,0.20296289331783976,0.25637940556878996,0.47217128896905747,0.5458455826351367,0.5321569757401448,0.2263510611540559,0.4086206678348991
0.0,0.3038866413087277,0.40606506081499916,0.20470379518873524,0.30459722601345546,0.5087388816250712,0.19109335550001574,0.5731682896357806,0.3188947004487771,0.07616209407097131,0.3890032301867807,0.346580151584656,0.3429770345376518,0.29670076531087036,0.304657381450032,0.08269892748455661,0.060385395497095574,0.10433572539824085,0.4058559050525422,0.3603171493956705,0.3696819046162753,0.27432155471066966,0.0,0.20431643275888128,0.07568529362089883,0.2757493125178441,0.4053859661245385,0.2016229977256058,0.27803949665814404,0.2968375555276133,0.08074152414367265,0.0,0.0,0.0,0.0,0.19016272531196723,0.18765158497620102,0.0,0.08956595267085529,0.0870691023609022,0.133020507612965,0.0,0.26743256276028804,0.23055119506079766,0.0,0.0,0.39395418254023246,0.4289432191484694,0.11227560000463305,0.1908000265936363,0.4679035814469592,0.24911359531822463,0.5823117202476674,0.24938980773595748,0.15257634353525162,0.272916461428445,0.3570193215940497,0.277069689936776,0.2852134080270264,0.3060085195821144,0.10386950294918432,0.2666257035571001,0.20759399858301034,0.3949692945547042,0.329090221599278,0.32957264772158007,0.30827963988006646,0.6029987514409156,0.191838684777823,0.09445950529452503,0.2704617989484134,0.3929041789010636,0.20534511456068263,0.2081743836997057,0.17391727655546643,0.10006151922181568
0.21591638625533194,0.37098898742584596,0.09331126500850279,0.0,0.0723805347297501,0.3283278964402223,0.12391512121952629,0.2925722360086496,0.1561802110989248,0.24081058491144833,0.07819959122437022,0.3907669915682127,0.1348463884885921,0.29543280993326615,0.0,0.0245372752536277,0.20517601965349772,0.1871383212377379,0.0,0.04621159355636103,0.2232392445769655,0.09253056096285028,0.20431643275888128,0.0,0.30692598521594505,0.4869197687334798,0.07590386901554091,0.06407702321210836,0.0,0.15801880635304077,0.07525537790619101,0.07066557263726378,0.03417787159641334,0.041321170146422094,0.0,0.09000867820195556,0.0,0.08402875320802829,0.04593958734298837,0.1613624243793167,0.0017280524178735139,0.0,0.20831745341322866,0.12412040056981317,0.20817443854048798,0.1539386282242843,0.27478219068515375,0.11027892549477435,0.09090769381463212,0.14110864929271089,0.29647273772001753,0.18668309839138061,0.28638563473830153,0.2289699821681048,0.25984578232018696,0.04397553222127912,0.17051979945946036,0.29462230306061193,0.045268623169973994,0.0,0.0,0.32399649623046173,0.21113088724478657,0.062350923454594094,0.10559366664860215,0.11739368719898696,0.043941919590328685,0.20349355490703822,0.4166142556147755,0.21705910398144607,0.4554113197803629,0.09009167611198309,0.15742488975698243,0.040678778556829366,0.0,0.07252127794870301
0.2548357958893642,0.4219704190902454,0.029243919443002243,0.0,0.0,0.2752986554975726,0.2638806187175552,0.026885593475173126,0.09187187049009507,0.4802362591136283,0.0,0.2548182763891151,0.2634716061207572,0.1700028158206321,0.0,0.38928189060772156,0.4590318458441679,0.4272905134889432,0.0,0.04101484603618363,0.2573147870487517,0.17659836352765562,0.07568529362089883,0.30692598521594505,0.0,0.46993191467055523,0.062496897562906537,0.22897480991326952,0.17096516323264552,0.15568701234192817,0.3477992199283267,0.25662453741549346,0.0,0.1504312122496239,0.0,0.0,0.0,0.1042770130775504,0.12571092032639564,0.0,0.0,0.0,0.1594617189807503,0.07547776195233744,0.08719172425325311,0.21882320560144983,0.38523578755811544,0.0605526599279683,0.0,0.030261949052897974,0.2939727573249629,0.2766565883588949,0.03064709251292903,0.08188595068751965,0.31856969496224585,0.0,0.050148472193501464,0.29144667217139947,0.13312642359690174,0.0,0.23757342485208247,0.38325878182214834,0.1845968902600705,0.0,0.11777286850889719,0.23443993852917486,0.14770470307644984,0.12975377371542787,0.1159255232153598,0.5009829950854494,0.49173705898404774,0.0,0.13966387319503884,0.20473183927014324,0.0,0.25908651526878507
0.1425381345466692,0.580944922482721,0.11107730569138193,0.0,0.10114214117266579,0.4335321741352951,0.2614956774439364,0.2959245053217504,0.08202808449094896,0.3441180507169747,0.11141899128855366,0.4601430443750934,0.3636857737021966,0.28570692121838326,0.17914807945305725,0.3149077737779058,0.3673632210682314,0.48624880847630186,0.027042046005027662,0.18342826325553563,0.32094087008468597,0.29177028960242907,0.2757493125178441,0.4869197687334798,0.46993191467055523,0.0,0.11279808005324529,0.2933581213544827,0.11590174101541918,0.15187565524274724,0.2045971248938346,0.0529424545590648,0.0,0.0,0.0,0.0,0.0,0.0,0.01173943916856279,0.0,0.0,0.0,0.22720437562832743,0.09518841709480334,0.04226321196746917,0.03992057973798784,0.4586832937729572,0.14798816759412944,0.0,0.12015764067408836,0.3330278867255982,0.2752888850925294,0.2765872111470746,0.13137292193126218,0.32321868000440596,0.0,0.23728180529924023,0.3883980907491476,0.18859879573257216,0.1612514491692774,0.129830602705172,0.447233451792648,0.2892856242562428,0.08325011637035346,0.28530726879316765,0.21449783324966615,0.2780762587708454,0.28716824213828773,0.23858175369059692,0.2715006384979653,0.588090070966057,0.11532319739923517,0.23464669391364157,0.15449583210736076,0.0,0.1757501706607352
0.2355253211548022,0.20053360921541394,0.5815478650590388,0.11503493557765901,0.49477180173940183,0.3587748149139873,0.27958432963957464,0.2888885844968385,0.5315560236749091,0.040730728281056935,0.5134132575439841,0.1302549334660539,0.360140774533114,0.2140782262710095,0.35491108090154255,0.14306246681527066,0.0,0.08749138026543062,0.5205972205685043,0.5136894381267543,0.4130967996284294,0.448999053913615,0.4053859661245385,0.07590386901554091,0.062496897562906537,0.11279808005324529,0.0,0.31233246357367267,0.46844103924422925,0.43211761385917324,0.13437510614447792,0.0,0.046561092819660706,0.0,0.01567073654139595,0.2807912244792437,0.22708345053552287,0.0,0.10015000342000205,0.07260943022327107,0.017931207434252826,0.0,0.28530951266304394,0.31071991479772376,0.029001553264383452,0.17904271413102615,0.30150868215796217,0.6034931831786429,0.18540938854854208,0.38648907035403574,0.4522295238557694,0.40821753128732524,0.3230083454487242,0.48982472350892103,0.09991585959509718,0.46744491331745613,0.20598451000036289,0.33034854501626715,0.1314247237489146,0.3494697757608607,0.2584197333981386,0.1644473122360093,0.26634023749875013,0.5525125195353378,0.4837514278057644,0.3238491806847906,0.43907281320657926,0.3868625062637369,0.040946099575206216,0.1956764501689649,0.09410439439060397,0.6244499917901416,0.40497213058990206,0.4868381245547842,0.2109891193323415,0.24165837312374933
0.2002160809323802,0.24409614128499985,0.22281039479364442,0.2814718756883068,0.25256501985490765,0.23731795084937315,0.4009572091564159,0.11355556534590248,0.17443545605423227,0.31186846294145254,0.18894004294610175,0.17244633402213308,0.5780550908677473,0.22989734472115314,0.5040746973667962,0.4098417718257951,0.304809150969592,0.463532147290643,0.20169391027585318,0.4826496559802687,0.4021202428014174,0.5318580762363816,0.2016229977256058,0.06407702321210836,0.22897480991326952,0.2933581213544827,0.31233246357367267,0.0,0.3895446175930984,0.36632480113302807,0.4054403729238352,0.03689189681764927,0.0,0.0,0.0,0.13604494901082945,0.019550943301385543,0.0,0.08229139387801794,0.0,0.0,0.08474646723281569,0.3212407329601621,0.21316081144985388,0.0,0.11079823035255464,0.24207610693323786,0.2853392496476264,0.0,0.14108279768904342,0.20415062572909531,0.36959782841882355,0.14808019500662972,0.11403274379445888,0.23812813685721873,0.08795610639978128,0.25256959686697733,0.26471330333910703,0.2377569821986044,0.49801212159641894,0.3435677202307305,0.26915259411025194,0.21834593591527823,0.2198784502040501,0.5067237554766986,0.380995173823956,0.5427343397393645,0.2607720046110205,0.0,0.09001338927374258,0.23937025180334645,0.30196247551320704,0.44671000971530606,0.38588084039757625,0.05351302113834798,0.41039600957803807
0.13256084409022742,0.22010804433442463,0.3668556612441068,0.21288097367658826,0.411029833171518,0.27000562063038225,0.40237318390519805,0.1873084270853607,0.39354701375906137,0.1620188829012366,0.4014711689989989,0.07073125720756818,0.4612266124988524,0.1659170378671166,0.42497607949154625,0.3451413895079496,0.07382023481942766,0.23700485768712592,0.4180630915057324,0.5560786978374958,0.4293944080701688,0.5047129384454918,0.27803949665814404,0.0,0.17096516323264552,0.11590174101541918,0.46844103924422925,0.3895446175930984,0.0,0.45922631835615596,0.28916996739245376,0.06579977038436668,0.10653250949610772,0.0,0.005671045242742255,0.19285735642001217,0.22310338593842416,0.0,0.14863437308735566,0.11297882350701734,0.18541267551987003,0.041611246349049884,0.18104343714840013,0.23525612976032742,0.0,0.08608042146879649,0.32383156263216106,0.4611703643063078,0.21875147670634848,0.2593948108854903,0.32209331626057575,0.3468455815542965,0.20989600117159832,0.29562785468302694,0.21060319127882662,0.32405810179284783,0.19428903083496454,0.302869929342916,0.18390595966071316,0.39527962590024734,0.4205132180606216,0.2859285121469068,0.3311610592891994,0.3855583268604115,0.47481947763218746,0.39712574788686505,0.4814465819333355,0.25639982721494875,0.048244698317618774,0.3154392182614716,0.1336130551841078,0.44545848117564185,0.42101271498129256,0.5544671384452866,0.2517576210245379,0.3690155331472004
