0.0,0.09084811263023694,0.26518907001500935,0.0,0.2816967463843449,0.1031070690501687,0.22022568454889332,0.0,0.44559437555128917,0.33153330854840346,0.26464521036049776,0.07610958919910135,0.2393111294185596,0.14919356659878558,0.0978385109227445,0.29132569353394705,0.2521332235100165,0.14049477781973413,0.1452974151862229,0.2887350536811552,0.4534899969365933,0.43818622802677376,0.0,0.3246850425276933,0.38321024476609655,0.21434223256392843,0.35417204892019705,0.30107565192103447,0.1993388461496611,0.43190414053850223,0.4333264956551861,0.24554958727498208,0.25951341192847144,0.1680284635223354,0.05978534388837379,0.11457075087142513,0.0,0.1864263088440599,0.3093314544922305,0.2885107940615639,0.0,0.045063780213614235,0.4161363852916912,0.2688805669722758,0.2624245144434296,0.8742810246890036,0.16329455858785863,0.3559695171056716,0.09056966681917736,0.33588844546170576,0.3831603519190775,0.44701346212652604,0.0,0.46615597506009754,0.3117405738204077,0.1710825089317057,0.14132886096022695,0.4070616995286053,0.05339885732818944,0.0942259191092977,0.28936173226346523,0.18281870215085907,0.10450047571707875,0.16226256988337737,0.3221085733722455,0.39597761644168467,0.2635237862245032,0.15797206755041557,0.2058891887712221,0.49201104152058217,0.32899440531474744,0.3568952241180779,0.4270012997388726,0.4916113802055533,0.07832263682797817,0.459801554225733
0.09084811263023694,0.0,0.22975102233021097,0.0,0.26362362540041645,0.7238489588170124,0.4133244839897679,0.45938156179204875,0.1945082771896705,0.4251312887017926,0.2535245111086143,0.6080364963488195,0.5347974972792787,0.4409161709590981,0.33391613434062994,0.5226123027265468,0.4217410719653363,0.6658793366211431,0.1739736471209845,0.3375108501254118,0.5419814651336528,0.5202016056025248,0.45697063001157745,0.557876024366317,0.6345395356224918,0.8735980169633457,0.3015531362188619,0.36706045052200786,0.33098826344239657,0.2013703158847655,0.2699583218616158,0.10009393478837354,0.0,0.0,0.008684661493753167,0.03497531445506682,0.0,0.0,0.0,0.0,0.0,0.0,0.21028629409302432,0.16095593391293164,0.06712353273598723,0.0,0.7332169204006841,0.3118453898927065,0.02913385111064001,0.26219996948041085,0.5978250325585028,0.4721477225759324,0.38879220017675864,0.2756687742529751,0.445391821128267,0.11632583723331912,0.35388880483736634,0.6720161238191971,0.1797267756985462,0.3053878387727706,0.25931998348414304,0.6615180215332528,0.4764184434173015,0.24410727888952025,0.45614391506327157,0.3518161816908653,0.42439610936831035,0.43733397168532867,0.2838514617621669,0.4139543982420394,0.7310368855217884,0.28050167517121605,0.3575503709892164,0.33106182689542185,0.0,0.15925034093169738
0.26518907001500935,0.22975102233021097,0.0,0.21988563829799,0.6462980186947678,0.5552474362417351,0.30833620094148406,0.5003322076465876,0.7547664622421165,0.0,0.8078513855721788,0.26808371514784984,0.40535397879593155,0.28332231622464027,0.3906445591670494,0.06417435480834591,0.0,0.042875854169996674,0.8266023997956907,0.6871252233018192,0.4947360521127198,0.5161041262430304,0.6106217959012019,0.14031715041660217,0.043975649058887234,0.16703289800163243,0.8745046940313935,0.3350519326663661,0.5516605202520911,0.5394736251433447,0.11599060093622253,0.0,0.13762629317355393,0.0,0.0,0.34119292559991865,0.29578299745892667,0.0,0.07898890291838871,0.14800372351260976,0.0,0.0,0.3788261984401956,0.3691227351813199,0.05580689661044935,0.1808174633803057,0.301983832114007,0.8631856734813396,0.21196884665233232,0.4763001342062182,0.5596331175097786,0.4505408035435413,0.48547259846843793,0.717418947936737,0.04817068014109742,0.7113940365378104,0.23014604353873408,0.36792540211073654,0.07264299729018014,0.38259129007293874,0.15293707076491198,0.1491232140370911,0.34169806729661034,0.8516305910020758,0.5887430803261905,0.2786392848217437,0.47639653830545015,0.47249941820657343,0.07088167066183063,0.16001687411215537,0.08464851337543791,0.7678347817759167,0.42448293035245477,0.5040784294413876,0.2315694820798838,0.1746463171894677
0.0,0.0,0.21988563829799,0.0,0.0,0.1977123801776988,0.14628506114962328,0.2105769216778933,0.05244151044313518,0.0,0.12823321019408132,0.06367795957458126,0.49190984018107514,0.18832957519712223,0.43251551059772375,0.06860371250947735,0.0,0.1120460538941326,0.31641040541184184,0.44253531472239493,0.13712821414535545,0.287648486302042,0.3078240683772718,0.0,0.0,0.0,0.17298419817954105,0.4232643455792864,0.3201205299433959,0.2599437518432052,0.07768779534688075,0.0,0.12754750913930699,0.0,0.0,0.41621905200651516,0.40865949053653106,0.0,0.0,0.0921388978452199,0.0,0.0,0.31110389249192666,0.2309569606924982,0.0,0.0,0.0,0.18326762084955414,0.018439925069388345,0.0,0.0,0.0,0.22861942695034423,0.0,0.0,0.0,0.2127641450857618,0.0,0.16315430650892093,0.4296899622812449,0.06180466099492228,0.07446656482321755,0.062194587609855446,0.23505888209015624,0.2175731523343272,0.12285502384780449,0.2619587549820418,0.2455206476630823,0.0,0.0,0.0,0.07543620881598763,0.136636927562639,0.07387513993543238,0.058673808182615625,0.0712154972891924
0.2816967463843449,0.26362362540041645,0.6462980186947678,0.0,0.0,0.4138369877242518,0.6107023860066432,0.47913779227849423,0.7379669009827335,0.031190610944517968,0.7991940235030168,0.2121563967505968,0.4397047804144417,0.33511234725235295,0.4793604040152787,0.3541132809783232,0.025062065514923716,0.13989905862957605,0.6889933709059879,0.6803044683915278,0.5695172281221413,0.6458904891813873,0.45803917431743313,0.10884248946772909,0.0,0.1520928586177558,0.7440148766629058,0.37979555713582785,0.618087590191638,0.5681736505059503,0.33035154829666796,0.0961863067231771,0.1369970833870565,0.0,0.3851559271955485,0.03703594190342704,0.09919078426491852,0.0,0.3728518912580248,0.20265394835038425,0.42781668124443134,0.303390305379268,0.09571002373482794,0.10204614816254136,0.0,0.18869908845696284,0.3402706243233247,0.808657340707936,0.3099948675054151,0.8227791513372142,0.645969680846968,0.7237038934877149,0.46330454505785124,0.8296023261059788,0.24266641293522512,0.7767987883114279,0.37064735492646605,0.6189888618425642,0.22190995668565644,0.43996479025146584,0.512731224194746,0.22197359583309018,0.3938079315789801,0.6502322264512201,0.7469246810339326,0.4613430201558094,0.6481089349261591,0.418068566315949,0.20564231159648286,0.244167706734288,0.1138064282050774,0.8484309379666383,0.6555209679733263,0.7204202125189461,0.5965543584265159,0.45423280777069036
0.1031070690501687,0.7238489588170124,0.5552474362417351,0.1977123801776988,0.4138369877242518,0.0,0.4180229546355683,0.7348863791225295,0.5477568685734188,0.3524384672203712,0.5090442423611842,0.6834049938803003,0.6516582101684183,0.4680924471132265,0.38523486409653046,0.3606770152616758,0.3240281591648697,0.40993128476727003,0.4732871779432049,0.5040528112400706,0.56259289548145,0.4565344470827135,0.7650179232834782,0.4937242553358506,0.4139813435111103,0.6519255663615275,0.5395089185146856,0.3568677222718707,0.4060219232894234,0.4233299797996453,0.2051389417505727,0.030596905610434506,0.08931179147693305,0.0,0.0,0.25331440372726927,0.1462165225222075,0.0,0.12825692202779304,0.1830180885042596,0.06973813712443444,0.0,0.4190448064902016,0.33854141808082466,0.1280016502306258,0.0,0.6169086340508719,0.5997229299531798,0.21115661782657405,0.28437954394640064,0.7318683905037225,0.41090391381686614,0.7471192582958963,0.421041538598265,0.37344409860141087,0.29809115252518237,0.608694386769433,0.6260931716413158,0.3477098062469734,0.38773193763436675,0.13507382289351225,0.559263836632146,0.3365365569230476,0.47394676923314943,0.45665461611235963,0.3968123049620332,0.4251329909243259,0.6758168550616541,0.2407838274968184,0.25729128014471714,0.5574586425607069,0.4511679112181938,0.2999520898570925,0.2670675587581103,0.07112707602309952,0.1289521580747408
0.22022568454889332,0.4133244839897679,0.30833620094148406,0.14628506114962328,0.6107023860066432,0.4180229546355683,0.0,0.3041880013353053,0.45698750828923623,0.5957552333872104,0.35663914375475503,0.40363273812007444,0.6860881310107534,0.23358057147992545,0.4143642122809617,0.5657498273267983,0.5703843462246294,0.43333301393156903,0.20912862691347633,0.5285006433681554,0.6031851527411147,0.5729051546207375,0.28735732073577186,0.18633780928237734,0.39681142963010135,0.3932250656107663,0.4204259414186089,0.6029408455956005,0.6050701227176378,0.4906971310026562,0.6192592513335738,0.37419819919912145,0.018493835901260924,0.1567159615977651,0.2594118199962542,0.0,0.0,0.08629795713719757,0.3887106690058183,0.0,0.24686496600365296,0.3453578279573986,0.1957274122896469,0.11358257053588877,0.0,0.05640332492483866,0.43089239816329894,0.4548518943334414,0.0,0.46174929670921305,0.3905831473447358,0.7331415809998465,0.356714430523768,0.4071383843260687,0.48573673877371587,0.31826495585667247,0.4658616086100321,0.46413890001474406,0.3912764925444462,0.36622921581265305,0.5406597026711917,0.4122584841923616,0.18271765674880103,0.18758860034388605,0.5487203452560828,0.5523954160553208,0.6197136015812421,0.30510786833259035,0.0917084829116372,0.33360401901425707,0.36204935855634013,0.4425222548944661,0.4525956317312029,0.5016644953044113,0.3010425279241604,0.5797334760235541
0.0,0.45938156179204875,0.5003322076465876,0.2105769216778933,0.47913779227849423,0.7348863791225295,0.3041880013353053,0.0,0.4260399318317454,0.07279044267702266,0.5613847624630786,0.5740457411252345,0.4237332302344825,0.4815263296811733,0.34540365839968523,0.07079231548024219,0.09960219911452038,0.15559354667036435,0.5382874717761764,0.4507157275866132,0.48711745808690726,0.3216948972988064,0.86190387734559,0.43995655234131126,0.04042930790137422,0.4449975393796979,0.43441724812956317,0.17075958987193415,0.28166572101705806,0.37770600751207795,0.0632437693278066,0.0,0.05490113248946059,0.0,0.09819270995349301,0.2015975429379092,0.22719648747727414,0.0,0.1634203014840845,0.24518090488155367,0.3459167287074671,0.02430956228117949,0.23478282874472514,0.16419840540096436,0.07292184039334373,0.0,0.4176179129091314,0.5355946484409033,0.2434787818421364,0.38823631488038446,0.5751947965892502,0.3291930160510225,0.9270952016645176,0.41869077024921214,0.24171081268660563,0.43704611813479555,0.6143210699977875,0.42355141054148215,0.32757852323351555,0.34510853678998765,0.05899315741697231,0.3832389750395233,0.3235756790644531,0.4894517486317431,0.4289728540784367,0.30629793618933676,0.367709100632129,0.7013532566683828,0.39405075131422596,0.009187631905015842,0.3535165169687526,0.45977070249125496,0.2695666368221508,0.1345688588272646,0.29670823603651086,0.054897806911866416
0.44559437555128917,0.1945082771896705,0.7547664622421165,0.05244151044313518,0.7379669009827335,0.5477568685734188,0.45698750828923623,0.4260399318317454,0.0,0.12548129417767004,0.7851345933129698,0.18974298163812464,0.4172423220404222,0.3302474848279181,0.27230618962736497,0.21803005154590194,0.0039010587970623907,0.0,0.6895346041871501,0.6229876288359751,0.5289934894681977,0.5005052767677923,0.4795390529305431,0.23485655425277513,0.13815265573174454,0.1233500271253789,0.799329282718937,0.2623079445222392,0.5917977376108114,0.631326966171317,0.20512058175623277,0.06508618798249098,0.3378761714733451,0.0,0.10930859079628548,0.316398685014144,0.20002045072655286,0.04076686582484448,0.28261811272280285,0.38423054012406127,0.17789727760248292,0.012372783891277855,0.3571219015455606,0.3018210973016365,0.06674526785701748,0.41108892504531996,0.29977676143438975,0.8587612868218476,0.4171837417171261,0.6345065239422508,0.6502810305460959,0.546007605887068,0.4977501848420372,0.8721712203103605,0.26913426968363524,0.7630328135563714,0.33289111609934663,0.49193738728923897,0.20497560587614225,0.2328853418836069,0.3243950776719853,0.223510908835509,0.27289916264428266,0.6910306407397238,0.5200828259390525,0.402069255447063,0.4395591964062132,0.41316702394613547,0.16076183612435968,0.3813848615142183,0.14946976327157407,0.7741123406346183,0.4688827973294611,0.593527861688147,0.3575178669666448,0.3027957132060209
0.33153330854840346,0.4251312887017926,0.0,0.0,0.031190610944517968,0.3524384672203712,0.5957552333872104,0.07279044267702266,0.12548129417767004,0.0,0.0,0.5146389309427118,0.4773402495729055,0.11933247760521701,0.11480915310000704,0.5436913622495501,0.8868017117332933,0.5648948881052512,0.0,0.09517030067187264,0.42873401622547724,0.24758660506422772,0.11452902293014751,0.3621197833064488,0.7221570021520229,0.5174687566299927,0.06124897916955719,0.46897332300406325,0.24363647797842072,0.27095757787391694,0.7101701675198029,0.5628949897791637,0.0,0.40768086294918243,0.047639743995702796,0.0,0.0,0.2830089931969235,0.3964955120733507,0.0,0.010904536136928206,0.1828180046796035,0.23215671271233793,0.09280294395967252,0.0,0.2187060896846653,0.40710572497424213,0.044297646006597795,0.0,0.020024598271582587,0.31559452222922973,0.4567386886775099,0.1403235302919599,0.05281776772854907,0.6436088351568038,0.0,0.3808596238228749,0.2971321569518611,0.317605699118088,0.10130316704474812,0.38037964160223864,0.4736316735760755,0.0,0.0,0.14815143865881455,0.4465668501046545,0.265424742691389,0.2254717629235262,0.0,0.4221070780155956,0.549798995121155,0.0,0.1523650220876742,0.20169772494344898,0.0,0.5076362074350632
0.26464521036049776,0.2535245111086143,0.8078513855721788,0.12823321019408132,0.7991940235030168,0.5090442423611842,0.35663914375475503,0.5613847624630786,0.7851345933129698,0.0,0.0,0.21466625888651528,0.44472286889542967,0.412295524527273,0.46814552065753673,0.1932499905548178,0.0,0.04385855160170778,0.846633309050564,0.7154178669487078,0.4936195391226541,0.6171166479714973,0.5849650067190579,0.117592916603873,0.0,0.16754670894749374,0.7720470328862478,0.2841192692369097,0.6037137145577053,0.5386820955163684,0.022101598791962506,0.0,0.23504644547895917,0.0,0.1784933901899736,0.33263550461604874,0.383397431592081,0.0,0.08467474460014619,0.32740891897757796,0.33027487052640647,0.10715478956469923,0.27538071246849655,0.23927547837670754,0.0,0.22129550067157483,0.3283777100633228,0.8733880888559176,0.41169136695108516,0.6860014508631168,0.6230687694755647,0.5156319814056588,0.5419411510449894,0.7809439092984432,0.20354234158965667,0.8897173618996294,0.3323170311352582,0.5494986647383059,0.2669432118037915,0.44400783792302706,0.29976185491208923,0.23189223565898506,0.4854846142848025,0.8105324731336949,0.672623318873115,0.31410527714923675,0.5508790884244759,0.47560039363421913,0.22263687457139827,0.21928775366138425,0.11666513176033559,0.8435996248595314,0.5295093679440143,0.6209085671209121,0.4456613708893521,0.2535894344868096
0.07610958919910135,0.6080364963488195,0.26808371514784984,0.06367795957458126,0.2121563967505968,0.6834049938803003,0.40363273812007444,0.5740457411252345,0.18974298163812464,0.5146389309427118,0.21466625888651528,0.0,0.44564574641580634,0.38608280959240315,0.22025161905842267,0.2428578857655475,0.5579114862962745,0.4341046961950402,0.1016984405121061,0.2149978290543773,0.41126986870790905,0.2628749178640481,0.5211711496664583,0.5876172692410035,0.3831838997545756,0.6919417582094702,0.1958713247537191,0.25931679511118355,0.10636238246095307,0.21342283392440542,0.26921807421867416,0.18064289926518862,0.0,0.06256170732726284,0.10592359207525541,0.0,0.0,0.0,0.17325452552484708,0.0,0.05410694884807912,0.09577496003220135,0.21000563665614183,0.0952307158241356,0.0,0.0,0.449256539746589,0.26698707247002185,0.0,0.1750457325670396,0.4704633596222593,0.3400339669459483,0.5325443684222533,0.20639893857807612,0.4953975043713716,0.04240604598242344,0.6056319113151337,0.46633498939201906,0.39520114790200245,0.23090638121832746,0.037126998964748276,0.49194852196682165,0.10480389805800544,0.13086325784798267,0.2953790082090738,0.23457444309480507,0.2607286817144695,0.4573577668250105,0.2811045198000253,0.07661261166448856,0.5723222253602968,0.2116575826498481,0.1289835571241795,0.045172563161813166,0.06082319496380976,0.13777174673841375
0.2393111294185596,0.5347974972792787,0.40535397879593155,0.49190984018107514,0.4397047804144417,0.6516582101684183,0.6860881310107534,0.4237332302344825,0.4172423220404222,0.4773402495729055,0.44472286889542967,0.44564574641580634,0.0,0.4388725935259328,0.7703024661794922,0.6050037911980716,0.45568810818644223,0.6733913839850306,0.41193662841812484,0.7769979147046326,0.6853090394074199,0.8010165037362676,0.5157529494458629,0.20277574176028149,0.3961963754663628,0.5468937904581975,0.5415629852055888,0.8692524222770025,0.6935711776733932,0.5808331540283653,0.49294810545644696,0.0,0.0,0.0,0.0,0.2886761674599505,0.11990022178122044,0.0,0.06658940513752984,0.0,0.007742980139448449,0.033975523031551436,0.5409905818779519,0.36227145145482403,0.0,0.09095480065387374,0.49014238766388135,0.5739523434347424,0.04103839316115232,0.24173734897621685,0.4621782097003684,0.5671123345004718,0.4765110014860368,0.21397000908800853,0.42899615756147014,0.21675231560877015,0.5379875696392101,0.5216737240669649,0.49027130707101496,0.7550328263703183,0.4676611163239799,0.5637066367262655,0.3623362723285804,0.4133045489629506,0.737013984123875,0.6200436484305446,0.7917807820175609,0.5577518403702979,0.0,0.22949589859206895,0.4744864616307499,0.5030677114716938,0.5972920095823223,0.535390884866427,0.07399194619265402,0.5595263903230502
0.14919356659878558,0.4409161709590981,0.28332231622464027,0.18832957519712223,0.33511234725235295,0.4680924471132265,0.23358057147992545,0.4815263296811733,0.3302474848279181,0.11933247760521701,0.412295524527273,0.38608280959240315,0.4388725935259328,0.0,0.18003985827237584,0.25327795942470066,0.18776768598676116,0.37328175435279376,0.3003944885126349,0.33575088415414533,0.36171026343738993,0.38382648568839617,0.446164843130706,0.44425815067053387,0.2556423458258323,0.4296328105294802,0.3219209028390239,0.3457089591130932,0.24949834253083858,0.4284193238941741,0.12524176246428012,0.0,0.007966828620161242,0.0,0.0,0.3384057272128583,0.17057310940202938,0.0,0.10229353151610239,0.17845114903787015,0.024280904621112268,0.0,0.4350524078025629,0.2890886554421657,0.23537594382616395,0.1328957132935496,0.33899656383169285,0.34427861155433387,0.26393765749404396,0.3361534372451246,0.45019861622062407,0.3712755248591911,0.45320271019212494,0.3495969043375344,0.29491457745053895,0.2655809630812324,0.2754252720176892,0.48250653206673716,0.3626316825293927,0.1523989482673199,0.10633587733643883,0.41043246018668084,0.4350462681514036,0.32207801860629687,0.32369128019490945,0.2091004980056195,0.2639872814288881,0.42111945015184726,0.3396401882698595,0.1755062460348881,0.36305079221980535,0.3175125143374004,0.39955051646112777,0.22819093865992046,0.06788854022381423,0.17617990569692657
0.0978385109227445,0.33391613434062994,0.3906445591670494,0.43251551059772375,0.4793604040152787,0.38523486409653046,0.4143642122809617,0.34540365839968523,0.27230618962736497,0.11480915310000704,0.46814552065753673,0.22025161905842267,0.7703024661794922,0.18003985827237584,0.0,0.44895443896902093,0.09966719789682707,0.47033284828954813,0.526601938601987,0.8460709779352538,0.5830954066869217,0.8224934338401086,0.4581296332715767,0.0,0.0,0.2693945689105107,0.5336988145948154,0.7580041394270545,0.6390593082629348,0.49076009821116573,0.30079732758977085,0.0,0.0,0.0,0.0,0.30182258383728494,0.40998502024166245,0.0,0.0,0.0,0.16606951525022035,0.09766524722532556,0.33150047479503547,0.3447818427476279,0.0,0.0,0.3449947920922877,0.5236198441528408,0.025916790370674243,0.24213877915604376,0.32877645529296184,0.4007766815589501,0.34225875482521895,0.1869774862104071,0.2299378390873365,0.30922722821154636,0.5204169261949531,0.3795575807213694,0.34378878076460734,0.9604997229217331,0.5302115780327961,0.3617610948532801,0.3739752619604487,0.4810577846390689,0.8268939875309901,0.4710548520337112,0.8589642616198302,0.45895381198904495,0.0,0.0,0.18354195872508422,0.5562580369613465,0.6532049717208046,0.5674013995364654,0.27696423020080796,0.43762761014953916
0.29132569353394705,0.5226123027265468,0.06417435480834591,0.06860371250947735,0.3541132809783232,0.3606770152616758,0.5657498273267983,0.07079231548024219,0.21803005154590194,0.5436913622495501,0.1932499905548178,0.2428578857655475,0.6050037911980716,0.25327795942470066,0.44895443896902093,0.0,0.6124872353131443,0.746149742413414,0.11015063983813479,0.42718970879028884,0.5049629982301508,0.6385249939269793,0.12435880969017844,0.03689801592833526,0.5853840433294474,0.47354369760741427,0.2151306990989703,0.6163010386693029,0.519007606018084,0.41234088098976784,0.715247618085724,0.36273802728610277,0.016720096859209617,0.3338242535414385,0.22829499010662183,0.0,0.0,0.0,0.36155727021785244,0.0,0.3063259747095842,0.38648221869138033,0.11983689621615984,0.07491244786316845,0.0,0.20583236996573265,0.4373385859398768,0.2949784078969607,0.0,0.2784989327477318,0.3743062794603993,0.5332028782623892,0.09597705819118418,0.1868468630611806,0.5187541116019804,0.06639131611820104,0.37119869040214704,0.5100488150498915,0.4970686525368389,0.4501273882221792,0.7387448542627347,0.4744345255785667,0.33350770127108725,0.08440097224863444,0.5489534783819786,0.49679511672676874,0.6344399587287392,0.23499034377203218,0.00983817650518787,0.40681835421997264,0.42548484155797145,0.2684911310324319,0.48920298663119965,0.5493452440378988,0.18480835625398542,0.6443051631384833
0.2521332235100165,0.4217410719653363,0.0,0.0,0.025062065514923716,0.3240281591648697,0.5703843462246294,0.09960219911452038,0.0039010587970623907,0.8868017117332933,0.0,0.5579114862962745,0.45568810818644223,0.18776768598676116,0.09966719789682707,0.6124872353131443,0.0,0.6417978502537401,0.0,0.0425590389394867,0.3953749555462731,0.22654850791230527,0.09080475569760926,0.3085341776148482,0.6902707894213783,0.552423765163417,0.0,0.4583578572325616,0.11100744365648299,0.21610845421509026,0.6893263877330745,0.5077348158798828,0.0,0.4160742959655761,0.09886278892101888,0.0,0.0,0.18167095261157795,0.3574062133002935,0.0,0.0,0.25248469513025296,0.1537886485031509,0.010597923879524487,0.0,0.14820083807128379,0.3066221975433196,0.005772443327329952,0.0,0.041931925538641064,0.2606289183852592,0.43555817177893547,0.11629920725920723,0.0,0.4872041052696357,0.0,0.34890309961197985,0.307932701307063,0.35191345480779385,0.10413397435468158,0.33481423171329233,0.3643982779813655,0.0,0.0,0.18518294245167968,0.3765686348708309,0.2601629941166848,0.21039689986158058,0.0,0.2914890245196395,0.5346424606132781,0.0,0.12658151694728564,0.13506734494810885,0.0,0.4258131014990864
0.14049477781973413,0.6658793366211431,0.042875854169996674,0.1120460538941326,0.13989905862957605,0.40993128476727003,0.43333301393156903,0.15559354667036435,0.0,0.5648948881052512,0.04385855160170778,0.4341046961950402,0.6733913839850306,0.37328175435279376,0.47033284828954813,0.746149742413414,0.6417978502537401,0.0,0.009899386726652781,0.36525575980551384,0.4325251275242903,0.579663638879585,0.1568952223849523,0.28140992373678914,0.6425396467120219,0.7311983948845363,0.13156547779886915,0.6970381339100373,0.35639690730288004,0.3027303438643268,0.5225921009861443,0.15417065688790382,0.0,0.09380196403677839,0.0,0.0,0.0,0.0,0.06557496711492734,0.0,0.0,0.149594273642433,0.24528648908061657,0.14645783527765702,0.0,0.025323857335159346,0.43133789480438905,0.1438803049538628,0.0,0.13494621398046147,0.29045446417725057,0.4260061402806451,0.10979159772572857,0.0,0.42186869255690285,0.0,0.28955917650976704,0.45820268466077374,0.4259902216440935,0.43103235706655246,0.5137674202761829,0.5850125409320569,0.45828766626900025,0.05646272565985574,0.5649513465583695,0.3146288425289269,0.6055265905376115,0.24655395529151966,0.02815958702974145,0.27250782512927046,0.5828291931395686,0.14246223888767148,0.5233523653979485,0.39712333271481803,0.0,0.5160920970254773
0.1452974151862229,0.1739736471209845,0.8266023997956907,0.31641040541184184,0.6889933709059879,0.4732871779432049,0.20912862691347633,0.5382874717761764,0.6895346041871501,0.0,0.846633309050564,0.1016984405121061,0.41193662841812484,0.3003944885126349,0.526601938601987,0.11015063983813479,0.0,0.009899386726652781,0.0,0.7478950725110044,0.4815317900762804,0.58756516161877,0.6103072771710304,0.0,0.0,0.04066457395593534,0.7828499431265822,0.30329794311234204,0.6286638777118088,0.5377013060307868,0.02285168468175209,0.0,0.19084559013143249,0.0,0.11989366223607205,0.4285467524969328,0.5021962045226788,0.0,0.06039031046452332,0.29160032259064533,0.19840093988445173,0.04396728755727306,0.2954607317207829,0.3140532707067469,0.0,0.12453460601563726,0.2721779235372859,0.8412111907158394,0.36067593670644343,0.5231694556484823,0.5531649370528916,0.35788129929342377,0.4903729273031356,0.6497226404005576,0.07025795832196496,0.7696094306963082,0.3120345658831718,0.43335144620252875,0.11436978690969868,0.5257135866417906,0.24125123986668623,0.1835365929936979,0.45011876723717703,0.9096213965930054,0.6548601270309825,0.3307407192897137,0.5239604139100795,0.4911031734922541,0.12816559258275986,0.11315797061227074,0.0,0.7768229348708791,0.5325807595938065,0.6052629479366843,0.4587095340795461,0.1894521909051448
0.2887350536811552,0.3375108501254118,0.6871252233018192,0.44253531472239493,0.6803044683915278,0.5040528112400706,0.5285006433681554,0.4507157275866132,0.6229876288359751,0.09517030067187264,0.7154178669487078,0.2149978290543773,0.7769979147046326,0.33575088415414533,0.8460709779352538,0.42718970879028884,0.0425590389394867,0.36525575980551384,0.7478950725110044,0.0,0.71619985412938,0.9027836276921241,0.5418282095396153,0.06949085004311033,0.06167622226585974,0.2758309107002007,0.7724623404310677,0.7257861563717248,0.836205342204096,0.7619093361222743,0.34783995198082823,0.0,0.10201926419462833,0.0,0.0,0.4368474949728159,0.4444371535852474,0.0,0.16139466642943817,0.15010259540088744,0.2071669872068501,0.0,0.44852173635209924,0.37577282613342944,0.0,0.16094972602356244,0.37687556309382225,0.7958503116658836,0.2719964321856941,0.4480727625885137,0.49216272353821383,0.5343037668124145,0.4689120358196926,0.5212889540573692,0.2163946742461621,0.582425872380889,0.4344532384268386,0.4766853367748452,0.29172791683444926,0.8378585412342195,0.5352574965123524,0.37461639203279845,0.5081646930407916,0.7219142876675917,0.9057416835090608,0.5563979776203641,0.865500380741892,0.4849801604460008,0.09032432504217613,0.16885895933381248,0.20108730574390976,0.7849152855954994,0.736349199395224,0.7415310510185662,0.36744512309558436,0.48810631596897686
0.4534899969365933,0.5419814651336528,0.4947360521127198,0.13712821414535545,0.5695172281221413,0.56259289548145,0.6031851527411147,0.48711745808690726,0.5289934894681977,0.42873401622547724,0.4936195391226541,0.41126986870790905,0.6853090394074199,0.36171026343738993,0.5830954066869217,0.5049629982301508,0.3953749555462731,0.4325251275242903,0.4815317900762804,0.71619985412938,0.0,0.7680406622650503,0.5559104938895759,0.33569681707069726,0.3869380366394733,0.4826159878810397,0.6211957984365275,0.6046897616229459,0.6457033857566871,0.6682566472255179,0.5547777224273147,0.2793583645325714,0.039528292974703665,0.03417257995819217,0.09206236227377786,0.1284360763677989,0.04023726760072785,0.0,0.3993514091500376,0.1379630170412527,0.17190415276099064,0.0680201909211637,0.337731857755834,0.42666931556906396,0.0,0.33951695824685935,0.6263223052919636,0.628948622054789,0.04239614270916721,0.5246804381866882,0.6962454937590935,0.7296126934094951,0.5031995672579671,0.50915412816882,0.46713339663729425,0.3574543179284163,0.5512726067649564,0.6474095501785362,0.33350228021175565,0.5798798340551271,0.5454107179421624,0.5206694051191425,0.3988367588490006,0.4560695838759588,0.742720605186362,0.7871691515882515,0.7297619597113331,0.6140167103404088,0.2775305282355883,0.43788899638315254,0.5305571544676375,0.6139391830185361,0.6361702925519412,0.6904204049836682,0.30096256397040516,0.5437789764826249
0.43818622802677376,0.5202016056025248,0.5161041262430304,0.287648486302042,0.6458904891813873,0.4565344470827135,0.5729051546207375,0.3216948972988064,0.5005052767677923,0.24758660506422772,0.6171166479714973,0.2628749178640481,0.8010165037362676,0.38382648568839617,0.8224934338401086,0.6385249939269793,0.22654850791230527,0.579663638879585,0.58756516161877,0.9027836276921241,0.7680406622650503,0.0,0.4125120246879699,0.13914316389959708,0.2655604244158285,0.43875062254818875,0.6751839424657661,0.7997834953447972,0.7589638967450291,0.6872604435081189,0.4725677334762253,0.0,0.03926764426052538,0.0,0.04099136151661436,0.29958654191190237,0.2581641130115214,0.0,0.19194071108148775,0.11014913414100798,0.17645192841929222,0.10053338468779023,0.4207027023733685,0.3837135711295619,0.0,0.3286156631573119,0.4773070725625511,0.6853344028240003,0.15802703017169908,0.5002431197722595,0.5350399692033204,0.6497617470015179,0.33393327632689995,0.48904760554719534,0.38611136844845995,0.4645880298529541,0.4445515821470704,0.6439422169130514,0.3339663715246171,0.8006845363447258,0.6753529406773882,0.4884527163520572,0.5485133043310992,0.5761060144409252,0.9186104545510327,0.6004284786899615,0.9111393892344514,0.4512147704427431,0.11753506330698842,0.30520618092652585,0.3855314533742187,0.7100292742857461,0.8208172584079007,0.8002329665487848,0.3403762224423496,0.6144647991504274
0.0,0.45697063001157745,0.6106217959012019,0.3078240683772718,0.45803917431743313,0.7650179232834782,0.28735732073577186,0.86190387734559,0.4795390529305431,0.11452902293014751,0.5849650067190579,0.5211711496664583,0.5157529494458629,0.446164843130706,0.4581296332715767,0.12435880969017844,0.09080475569760926,0.1568952223849523,0.6103072771710304,0.5418282095396153,0.5559104938895759,0.4125120246879699,0.0,0.3072415707299555,0.11381203253820044,0.4146590206264508,0.6096006048175765,0.30319130810982037,0.41810289326569644,0.44637054191119613,0.12141535737513647,0.0,0.0,0.0,0.0,0.2859578822428232,0.28218174592981965,0.0,0.13468512351619577,0.13093047588091292,0.2000300668254832,0.0,0.4021526782614438,0.3466921889133695,0.0,0.0,0.5924100191301684,0.6450249087926611,0.16883483738569818,0.2869162263376386,0.7036116937475575,0.3746054650732974,0.8756533440190402,0.3750208204900568,0.22943722544003892,0.4103991106104112,0.5368690891199541,0.41664454291984243,0.42889068829270754,0.460161412098021,0.15619413870008422,0.4009393608322092,0.3121702221280769,0.5939364974734997,0.4948706045360231,0.49559605455282213,0.46357661741575945,0.9067615415914496,0.2884781123183793,0.14204382087716771,0.40670790307613114,0.5908310723806863,0.3087884546897971,0.3130429783350737,0.26152873023697043,0.15046786947194257
0.3246850425276933,0.557876024366317,0.14031715041660217,0.0,0.10884248946772909,0.4937242553358506,0.18633780928237734,0.43995655234131126,0.23485655425277513,0.3621197833064488,0.117592916603873,0.5876172692410035,0.20277574176028149,0.44425815067053387,0.0,0.03689801592833526,0.3085341776148482,0.28140992373678914,0.0,0.06949085004311033,0.33569681707069726,0.13914316389959708,0.3072415707299555,0.0,0.461541054345209,0.7322073537848516,0.11414071607415473,0.09635605415361397,0.0,0.23762134847996233,0.11316554523571214,0.10626360905207674,0.05139509735803329,0.062136858248542495,0.0,0.1353508736261638,0.0,0.12635853990550927,0.06908181972128814,0.24264932611466558,0.0025985650395419662,0.0,0.3132581199314355,0.18664649884380385,0.3130430608020974,0.23148576594159376,0.41320470769160395,0.16583233090904384,0.1367027715876727,0.21219263897113225,0.4458219458206983,0.2807253807440479,0.43065342842653126,0.34431443433803033,0.3907440298834115,0.06612836476690229,0.25641976183241816,0.443039348045218,0.06807285493251983,0.0,0.0,0.487210896689474,0.31748883117614846,0.09376042543411134,0.1587868560652599,0.1765311794150341,0.06607781965219893,0.30600416520018336,0.6264851855290177,0.32640340841893123,0.6848264103291448,0.13547568203192845,0.23672824426219785,0.061170859584876,0.0,0.10905413258951223
0.38321024476609655,0.6345395356224918,0.043975649058887234,0.0,0.0,0.4139813435111103,0.39681142963010135,0.04042930790137422,0.13815265573174454,0.7221570021520229,0.0,0.3831838997545756,0.3961963754663628,0.2556423458258323,0.0,0.5853840433294474,0.6902707894213783,0.6425396467120219,0.0,0.06167622226585974,0.3869380366394733,0.2655604244158285,0.11381203253820044,0.461541054345209,0.0,0.7066618071288774,0.09397993452458546,0.3443216940771882,0.25708947920841163,0.23411490484780273,0.5230043280734961,0.3859000712704894,0.0,0.226211476552792,0.0,0.0,0.0,0.15680693352151356,0.18903824864919574,0.0,0.0,0.0,0.23979113353433792,0.11349995604506659,0.13111486899263208,0.329056182575853,0.5792997013139264,0.09105628018721915,0.0,0.0455065147468326,0.44206259130868447,0.4160233399360912,0.04608567561029559,0.12313629290718715,0.4790503247610593,0.0,0.07541094545548314,0.4382639816721587,0.20018933836732997,0.0,0.35725189222243803,0.5763267718267642,0.2775882377620649,0.0,0.17710137467380582,0.3525399008925624,0.2221114785758098,0.19511770397593914,0.17432342254336294,0.7533549809999818,0.7394513713279399,0.0,0.2100200517170972,0.3078662397655695,0.0,0.38960227932362407
0.21434223256392843,0.8735980169633457,0.16703289800163243,0.0,0.1520928586177558,0.6519255663615275,0.3932250656107663,0.4449975393796979,0.1233500271253789,0.5174687566299927,0.16754670894749374,0.6919417582094702,0.5468937904581975,0.4296328105294802,0.2693945689105107,0.47354369760741427,0.552423765163417,0.7311983948845363,0.04066457395593534,0.2758309107002007,0.4826159878810397,0.43875062254818875,0.4146590206264508,0.7322073537848516,0.7066618071288774,0.0,0.16962051863826844,0.4411383302571011,0.17428765997465273,0.22838356289966363,0.3076636625375997,0.07961240648823584,0.0,0.0,0.0,0.0,0.0,0.0,0.01765322387893546,0.0,0.0,0.0,0.3416593971525855,0.1431399246188839,0.06355345702566277,0.06003071538364391,0.6897466529904808,0.2225377393639514,0.0,0.18068748439573448,0.5007918826343292,0.4139666512293804,0.41591901370425216,0.19755250392991355,0.48604125274157556,0.0,0.3568133682708352,0.5840550261129045,0.28360611751202724,0.24248244674336802,0.19523323584563676,0.6725289119251231,0.43501429809600217,0.12518766195993675,0.42903183175742915,0.3225518883425926,0.41815817442491215,0.4318302771194624,0.3587681703405231,0.40827006178569225,0.8843425596977503,0.17341767293067406,0.3528508100456964,0.23232366328514845,0.0,0.2642849513410704
0.35417204892019705,0.3015531362188619,0.8745046940313935,0.17298419817954105,0.7440148766629058,0.5395089185146856,0.4204259414186089,0.43441724812956317,0.799329282718937,0.06124897916955719,0.7720470328862478,0.1958713247537191,0.5415629852055888,0.3219209028390239,0.5336988145948154,0.2151306990989703,0.0,0.13156547779886915,0.7828499431265822,0.7724623404310677,0.6211957984365275,0.6751839424657661,0.6096006048175765,0.11414071607415473,0.09397993452458546,0.16962051863826844,0.0,0.46967106562387123,0.7044198978435501,0.6497984162578413,0.202067049240019,0.0,0.07001641081751889,0.0,0.02356492644502925,0.4222408138752135,0.34147755560928783,0.0,0.15060092790326143,0.10918669188949603,0.026964117681547654,0.0,0.4290352059848273,0.467246189601364,0.04361119004594757,0.26923612542848546,0.4533947653845991,0.9075050450956308,0.2788100349860797,0.5811843298266108,0.6800417732619543,0.6138585811168471,0.4857249613968519,0.7365756899781489,0.1502488332842966,0.7029219698978925,0.3097499478822549,0.4967628129007722,0.19763040109955027,0.5255164324160065,0.3885996036870861,0.24728823732615163,0.4005100902200846,0.8308426887539395,0.7274429497176169,0.48698937040774637,0.6602573222958046,0.5817458854191508,0.061572844527869604,0.2942491658305508,0.14150982157798853,0.93901892143118,0.6089782981437143,0.7320845810574469,0.31727564716784046,0.3633946478803673
0.30107565192103447,0.36706045052200786,0.3350519326663661,0.4232643455792864,0.37979555713582785,0.3568677222718707,0.6029408455956005,0.17075958987193415,0.2623079445222392,0.46897332300406325,0.2841192692369097,0.25931679511118355,0.8692524222770025,0.3457089591130932,0.7580041394270545,0.6163010386693029,0.4583578572325616,0.6970381339100373,0.30329794311234204,0.7257861563717248,0.6046897616229459,0.7997834953447972,0.30319130810982037,0.09635605415361397,0.3443216940771882,0.4411383302571011,0.46967106562387123,0.0,0.5857791199787915,0.550862237450442,0.6096824192377316,0.05547632254738114,0.0,0.0,0.0,0.20457808145706785,0.02939980131827594,0.0,0.12374597956336261,0.0,0.0,0.12743780495205023,0.4830669077587061,0.3205413370015789,0.0,0.16661323745697873,0.36402281659906127,0.42907992308236337,0.0,0.21215376452912368,0.3069922378124724,0.5557840640052182,0.2226761259165405,0.17147714868046118,0.3580860423955764,0.1322643113951157,0.37980243983419215,0.3980635821251,0.3575279172425644,0.7488875193040011,0.5166411951816495,0.4047391815912632,0.32833848656843395,0.33064301044294797,0.7619876700890341,0.5729228631568126,0.816138715711594,0.39213683998506704,0.0,0.13535795791731023,0.3599538772139622,0.4540771587749379,0.6717417840183899,0.5802697018416549,0.08047039803427981,0.6171344756829469
0.1993388461496611,0.33098826344239657,0.5516605202520911,0.3201205299433959,0.618087590191638,0.4060219232894234,0.6050701227176378,0.28166572101705806,0.5917977376108114,0.24363647797842072,0.6037137145577053,0.10636238246095307,0.6935711776733932,0.24949834253083858,0.6390593082629348,0.519007606018084,0.11100744365648299,0.35639690730288004,0.6286638777118088,0.836205342204096,0.6457033857566871,0.7589638967450291,0.41810289326569644,0.0,0.25708947920841163,0.17428765997465273,0.7044198978435501,0.5857791199787915,0.0,0.6905632281608385,0.43484037867103753,0.098946641410978,0.1601986443744098,0.0,0.008527854683705238,0.29000994346469544,0.33549251915427886,0.0,0.2235094731989262,0.16989231225705004,0.27881497778103803,0.06257306138170858,0.27224471986287924,0.35376725139241805,0.0,0.12944374343291773,0.48696287719772885,0.6934865942515177,0.3289483199918206,0.3900658799662482,0.48434898296362294,0.5215702909381121,0.3156318668014491,0.4445514499146033,0.3166953064691039,0.48730353627552014,0.2921628290162113,0.45544174573566326,0.27654924838785994,0.5944031593506869,0.6323482643323393,0.42996602868535616,0.49798463416147715,0.5797847209499951,0.7140114975140144,0.5971792719289487,0.723977029445941,0.38556216249809083,0.07254813864135318,0.4743428591612929,0.2009211123671063,0.6698597934748609,0.6330993846235927,0.8337819539709466,0.3785814282402775,0.5549084353958775
0.43190414053850223,0.2013703158847655,0.5394736251433447,0.2599437518432052,0.5681736505059503,0.4233299797996453,0.4906971310026562,0.37770600751207795,0.631326966171317,0.27095757787391694,0.5386820955163684,0.21342283392440542,0.5808331540283653,0.4284193238941741,0.49076009821116573,0.41234088098976784,0.21610845421509026,0.3027303438643268,0.5377013060307868,0.7619093361222743,0.6682566472255179,0.6872604435081189,0.44637054191119613,0.23762134847996233,0.23411490484780273,0.22838356289966363,0.6497984162578413,0.550862237450442,0.6905632281608385,0.0,0.4992758172208797,0.22397361210010436,0.18337378473522992,0.0,0.014923547624758891,0.3322397895284388,0.17188165649294931,0.0,0.42342713586416386,0.23104801794103313,0.2390309696709418,0.04803200553661314,0.396244294499765,0.2858714537707373,0.0,0.37933795294609485,0.3443269034305766,0.6480739591544449,0.2812635633855896,0.42069876212088425,0.4901205984960138,0.46273411554702565,0.4137522729946259,0.5259088995724568,0.31301167030493593,0.4256270711868792,0.36068397589622664,0.3855479811428804,0.26412299729428457,0.47692151145236417,0.481929163026073,0.3332002386722202,0.3833098326254546,0.5333017793997605,0.643913232214158,0.538338913480092,0.6113035591818552,0.4231878864341616,0.2026199508116622,0.31274729868511203,0.2769862209390695,0.6200292292048093,0.5846641828335418,0.6397411219447359,0.37367502094592436,0.5483111450656214
