0.0,0.0,0.26474117511272727,0.27341332549539304,0.254556703788808,0.0,0.2297686000519084,0.0,0.22080416140558962,0.3589801940762114,0.10788257553002316,0.09502215198114952,0.0,0.22578201464202244,0.2080465766833618,0.40995879566427257,0.36596915914423617,0.09241132207320665,0.2576733820431954,0.1797711316032353,0.39003369373958996,0.25003024481794334,0.0,0.40316962236014947,0.4573617268832956,0.13918483582800983,0.14674541602092323,0.10140935275045986,0.23601775331149008,0.2500292009845711,0.2519716569646556,0.19729880437993894,0.08080640858055443,0.17290083237598378,0.24509542138912122,0.34704733343818417,0.24910457430031815,0.16953040075526554,0.18718736433619682,0.11615993272918153,0.3115022335673706,0.3572952273634856,0.0634279920463228,0.13023933846304836,0.2294369770259399,0.7607633630190356,0.0,0.2630514859914521,0.07936779614809435,0.04988662365594848,0.0,0.02525327517512459,0.0,0.07691021389030055,0.4580985854197405,0.036984126029319477,0.0,0.0,0.01940791303617017,0.32358633183566815,0.3468921921421193,0.12552452647473006,0.17369399999055649,0.2812312226471259,0.25390011281130354,0.5363088920523947,0.18978491088145985,0.0,0.24904989205485914,0.44645330287655577,0.31983201490172875,0.23951523583735304,0.30101689520850355,0.38981355764790465,0.4364851031646431,0.4541646264340265
0.0,0.0,0.07914538030142194,0.0,0.0,0.7895702994511219,0.024968241563111802,0.3818209355989563,0.0,0.276330901262345,0.0,0.3107501883238691,0.6484270414982046,0.02661671788745627,0.10405909904748366,0.14206918708672778,0.4163017145561613,0.5775083353461667,0.0,0.0,0.0,0.0,0.44360866212597183,0.24996373457693524,0.63216783187301,0.8533157716381397,0.03334449265370617,0.0,0.0,0.0,0.0,0.27006188470947945,0.18364467823988626,0.0,0.0,0.0,0.0,0.07566274208037199,0.2892609214936723,0.22703331090462286,0.0,0.12693919255988637,0.21464261985049912,0.22132908135966065,0.0,0.0,0.5944312458820541,0.05741205519636839,0.0,0.015421308211223934,0.5425850521778609,0.02414802738223304,0.2002017390910392,0.0,0.15396659582381453,0.0,0.5031527818261519,0.5011807263290046,0.0,0.11184824093531893,0.0,0.2636740489479591,0.22482616311651415,0.11588427631042228,0.0,0.0,0.0,0.3449065571793712,0.07510448876321246,0.3669358998314018,0.5584846924269321,0.05791156244384967,0.0,0.0,0.0,0.0
0.26474117511272727,0.07914538030142194,0.0,0.0,0.6378371605927832,0.0,0.507041349805327,0.04258691995754301,0.777521219479624,0.2803404630270993,0.7559782343320632,0.21215944883666452,0.19401416298053803,0.025489441366989576,0.551570800916116,0.4958719215674846,0.28715500366088414,0.2723078392216234,0.7683985892947092,0.673520792072777,0.3717407645562135,0.6843580831345146,0.12412309093718195,0.0,0.3154550413961386,0.19285216947159614,0.6962210007037805,0.5547252359871373,0.3897824391046838,0.3432939867203795,0.31092674978440565,0.0,0.0,0.09573169438635369,0.0,0.14502662763358462,0.19057139627538558,0.0,0.0,0.0,0.0,0.0,0.0,0.0,0.0,0.04218428190009639,0.19984934264144447,0.9277536829446772,0.0,0.4696164374581138,0.0,0.39171798201137076,0.26935720162242605,0.7607097669321157,0.12449229351047637,0.6686558232332895,0.0,0.0,0.0,0.6338412711491039,0.37610383030016104,0.18222464263672794,0.19005109599337822,0.6471999748999209,0.6348754593188939,0.45823443136309133,0.5971249268702781,0.279433446048615,0.0,0.24141686484209907,0.143568748523942,0.5741865309349675,0.4052009185061628,0.41394879337167845,0.42286331576365715,0.09323275663615775
0.27341332549539304,0.0,0.0,0.0,0.06792368151398948,0.032476685289029486,0.09139861464897732,0.1680115791934557,0.0,0.3513018565247489,0.07852568641979238,0.09864647829718867,0.0344178996698049,0.19811431795253628,0.0,0.17212283823477642,0.08067878770362256,0.0,0.0636088417045004,0.0,0.19738485318833446,0.0,0.0,0.32777634276649925,0.10723234193925507,0.015865339226269693,0.0,0.06526941523115261,0.07695388542641081,0.32385911711645315,0.22102729519221379,0.2886049194666089,0.20787698587169748,0.16745323366407838,0.17704482713076833,0.20308830036604894,0.0,0.17843048842476175,0.25151494870157254,0.33068695453372526,0.3856391270251946,0.2775153251007058,0.4079259717584194,0.44484328974714776,0.3129175803840422,0.33456547907309625,0.0,0.0,0.38803947068695416,0.0,0.0,0.0,0.032223661086824236,0.0,0.5456429794843529,0.0,0.05371898826606649,0.0893883651521468,0.2876112786042425,0.0,0.11742558792901275,0.31117566430280635,0.21839176537993943,0.08511886401921757,0.0,0.21678048149720267,0.0,0.0,0.30291156997797813,0.28104094892422815,0.10580141602834857,0.0,0.3554660849674413,0.013555352939830416,0.13016933000447273,0.4265957222002202
0.254556703788808,0.0,0.6378371605927832,0.06792368151398948,0.0,0.0,0.8079139269977411,0.0,0.9227637377468161,0.33480590339827215,0.7129434108886111,0.3232178367441199,0.3747189415116199,0.113947162199417,0.34601159059898123,0.5177569902879279,0.296974221120477,0.2249474884485364,0.5088893754380756,0.7336544877776926,0.17388208703577399,0.6997453742891218,0.0,0.0,0.12377908122568877,0.0,0.7318473091483197,0.7767020142386137,0.5034997633403171,0.5396564825212663,0.5100869913029408,0.0,0.0,0.16289363383838942,0.0,0.28674894009502866,0.3375758380029482,0.0,0.0,0.0,0.0,0.0,0.0,0.0,0.0,0.04526490143105034,0.12913694662556677,0.7071635652653617,0.0,0.6494554783853159,0.0,0.44662864551950326,0.1106512683181285,0.7414712126077558,0.3427871325549755,0.7466957895979938,0.0,0.02097520037533128,0.0,0.509700171969276,0.48077990260960274,0.30084027340489794,0.2994025140368078,0.37417048273587,0.6849712136521248,0.43412454258103844,0.6321325285271682,0.0,0.0,0.29273299781419226,0.03634589602894851,0.6051020925459576,0.5739512566291867,0.4941267384359863,0.3928869237873714,0.23473829812238256
0.0,0.7895702994511219,0.0,0.032476685289029486,0.0,0.0,0.018752217811630282,0.7062296496057986,0.0,0.2676090827795795,0.0,0.4657030388074377,0.6591920492644027,0.1537503869292209,0.0,0.05124270738252801,0.2538657937398857,0.365382098751183,0.0,0.0,0.10147532230546877,0.0,0.7599267338939393,0.324003763017791,0.40983284012261445,0.7350462204128279,0.0,0.0,0.0,0.0,0.0,0.27477497998377726,0.29412051582804266,0.0,0.0,0.0,0.0,0.11648511244549005,0.27162234598135926,0.29106670632246645,0.0,0.036321670266657315,0.2268500247674423,0.18749477725392594,0.0,0.0,0.5810331597515438,0.0,0.10181628242343257,0.04193846942822144,0.8281927509945236,0.09210139809144628,0.5655495042826482,0.0,0.06813802167315093,0.0,0.5805771921003934,0.6361046867916287,0.1997211889899188,0.0,0.0,0.20124611638042716,0.08453990782612328,0.08625990553685652,0.0,0.0,0.0,0.6839203035353522,0.13861930914821047,0.10236769656944412,0.3847576485641267,0.0,0.0,0.0,0.0,0.0
0.2297686000519084,0.024968241563111802,0.507041349805327,0.09139861464897732,0.8079139269977411,0.018752217811630282,0.0,0.0,0.7277766866419434,0.5082399085583789,0.4882789474948599,0.4513191711010879,0.5054326182981435,0.22149529033144816,0.1196749785465814,0.5074377955430783,0.29802283164299415,0.16965587431414034,0.30981435786554556,0.5253902812343698,0.2844347980609065,0.5082655082329368,0.0,0.0,0.21000541708106757,0.04044210786269803,0.6110913350670496,0.6461291918520012,0.3586903148336752,0.31990524424264916,0.44101142052546444,0.0,0.24519964267127026,0.2918406327178378,0.11166099913976696,0.3766052594049704,0.3002880658781926,0.0,0.0,0.15470958890497125,0.0,0.0,0.0,0.0,0.0,0.007851697761982324,0.30027999363022984,0.517440268854294,0.1323455559220941,0.6486610352727216,0.0,0.578805266498881,0.23983450006333235,0.5882805415533631,0.4095062147851085,0.6407115877709576,0.10957713604473275,0.10303228205970655,0.12136952075162794,0.24549862971561798,0.19972985654083844,0.40278406228278135,0.1906952109197651,0.2524825702830484,0.4254637118424583,0.4173490067918192,0.4227597686936105,0.056901335440528576,0.0,0.301979505101545,0.11559482304324221,0.32006578765285587,0.29493464754833393,0.21429167208149327,0.19722146887379,0.0
0.0,0.3818209355989563,0.04258691995754301,0.1680115791934557,0.0,0.7062296496057986,0.0,0.0,0.0,0.1974726613824306,0.0,0.41304966805426,0.36274493620942055,0.5289636171806961,0.0,0.0,0.09115650439260584,0.0,0.04375156031740457,0.0,0.2721321137319916,0.0,0.8954705244220206,0.4420298764557454,0.1976045266904966,0.4421753797420366,0.0,0.0,0.0,0.0,0.0,0.381906457794423,0.3114068346360091,0.08061544933038678,0.02775255038858493,0.21057571088208932,0.0,0.15980285350695395,0.36277173596584694,0.26081676880906585,0.1041363991291186,0.12562455476551784,0.3722525068737129,0.2109258305480849,0.0,0.0,0.22042740757817153,0.08606734454345252,0.1912215181130627,0.0,0.5188742181610496,0.0,0.7501457439550404,0.0,0.05129722603623028,0.0,0.399347568451619,0.3207484908165711,0.3564782388808838,0.0,0.0,0.06570678822368564,0.0,0.16046822198949803,0.0,0.060991234586388006,0.0,0.7235063929316099,0.27841240995729577,0.0,0.19680329972647598,0.0,0.0,0.0,0.0,0.0
0.22080416140558962,0.0,0.777521219479624,0.0,0.9227637377468161,0.0,0.7277766866419434,0.0,0.0,0.3425105353413889,0.777925170851543,0.33952508919697255,0.3259726502496213,0.0,0.44299675614607603,0.5828863514310075,0.3431331707257496,0.3658956666107157,0.602247225247626,0.819137948963725,0.22042004291212203,0.7955667832413221,0.0,0.0,0.2603985413625277,0.06294651097965635,0.8153526985984837,0.7763647097902534,0.5457701595308302,0.4382237162591943,0.5277536808556691,0.0,0.0,0.19811331857555217,0.0,0.2236404132290836,0.38730824009647985,0.0,0.0,0.0,0.0,0.0,0.0,0.0,0.0,0.031531497167614796,0.21952316576475747,0.8172017204742817,0.0,0.6330235335152252,0.0,0.45257733734497263,0.10333330588626831,0.907298870347642,0.25469363586175453,0.849246271308201,0.0,0.0,0.0,0.6161212570654288,0.4694036954008627,0.2525231768071821,0.2654570555563157,0.5089395250129773,0.7491942329739458,0.45986019397886746,0.7167580160736675,0.0,0.0,0.29401339643788976,0.13477086936460025,0.6852113375763611,0.48563618573521666,0.5308560446954045,0.35536690972197127,0.08786172562086281
0.3589801940762114,0.276330901262345,0.2803404630270993,0.3513018565247489,0.33480590339827215,0.2676090827795795,0.5082399085583789,0.1974726613824306,0.3425105353413889,0.0,0.2401853889497285,0.4598902159370138,0.45535240899959345,0.08490660191314243,0.0,0.5600114923770626,0.678819045969936,0.41265442068493896,0.24700788760219874,0.1353325448803903,0.5225250572318868,0.20643414563644916,0.14658679952634043,0.41721323431721613,0.5980953889888365,0.33573672534190807,0.30946414305024034,0.4211107529937229,0.2835948237815967,0.20568570700148434,0.5214517975460796,0.19951749078227127,0.456127695706815,0.432806889103487,0.05547914605663289,0.22662626653878365,0.2882342752960097,0.20774959580555566,0.15902598562293405,0.47322926348533584,0.21754606435307422,0.0,0.0,0.03173405844621656,0.18758122287893284,0.28816678929779144,0.3297304466995636,0.2484116649907759,0.40518160719396035,0.34557361236014766,0.0540863714500089,0.3929442805217833,0.33213463014616623,0.28480814429245016,0.7367596167150517,0.2463349845813539,0.28558797340770203,0.1578757268148765,0.25441791047458584,0.13003251750885667,0.2682519023913745,0.6035535044604655,0.34458974978077006,0.27134036134745476,0.03859794666893779,0.5791093012203306,0.14510711809987625,0.09381577682660143,0.3849668189729072,0.3833569369659856,0.376457444248882,0.17397437339298075,0.2534827346833543,0.14396769778302504,0.19597372577973002,0.19920540426673863
0.10788257553002316,0.0,0.7559782343320632,0.07852568641979238,0.7129434108886111,0.0,0.4882789474948599,0.0,0.777925170851543,0.2401853889497285,0.0,0.2697467700073196,0.22667064744637638,0.12921523062310847,0.3549068009095267,0.38234923411831995,0.1791554014481445,0.12396683844327368,0.8032942894580284,0.5842560902061472,0.22287794232178423,0.5937556532852917,0.0,0.0,0.21116583688254123,0.03743018625485033,0.599497754701511,0.6467462807311728,0.3115527804593434,0.5451904976719131,0.426289115301183,0.0,0.0,0.06307371647889543,0.0,0.16672778260925158,0.09433505431342513,0.02572977695615926,0.0,0.0,0.0,0.0,0.0,0.0,0.0,0.023329253791032123,0.15819116605995906,0.7950597484020517,0.0,0.45893564081232946,0.0,0.34053479953486426,0.2548234567920786,0.7308911101799537,0.18987613977270718,0.8209419905665392,0.0,0.02986806399133564,0.00339776455017647,0.5306624070061574,0.33692355886232184,0.1545319942899303,0.17420659084248097,0.673566058194201,0.5649097819514379,0.3731695702543423,0.5950193002339836,0.08963150554824588,0.0,0.24272823916856962,0.03127454710097875,0.5510098739570498,0.5815705241122718,0.32636780734745185,0.45741650603373235,0.24846797141570887
0.09502215198114952,0.3107501883238691,0.21215944883666452,0.09864647829718867,0.3232178367441199,0.4657030388074377,0.4513191711010879,0.41304966805426,0.33952508919697255,0.4598902159370138,0.2697467700073196,0.0,0.6653729701966448,0.23394454375759804,0.0,0.2945296515257123,0.4722011775473091,0.47629756980805077,0.19213588865545683,0.1622833146369715,0.1365286547120895,0.14187137602937733,0.33216692948020604,0.42316423578926476,0.22925291261921255,0.4764479367417567,0.06909225580583749,0.48512150266078835,0.05838910808437319,0.24152055435970268,0.2730248968602368,0.0,0.15307041662806747,0.18048635953664652,0.06665490641551672,0.5276776626545661,0.25152568146455057,0.13502938060791259,0.0,0.1846727303465279,0.0,0.011731454063512725,0.0,0.0,0.03775251475298535,0.08972482533365317,0.20452269345215612,0.3455542141712475,0.24689244092306745,0.309229479198991,0.336120653226712,0.20559570268924757,0.5254083967584156,0.2174565751377853,0.3001197532924708,0.18380611215080936,0.5386710733295945,0.35198827337633304,0.20608983592730554,0.0,0.0,0.26008302377500186,0.24433704424210279,0.15174799358042063,0.0,0.27318326631703005,0.0,0.35530716370984117,0.34469271812563956,0.09949218930936084,0.4182688453049224,0.0,0.20897573135311648,0.0,0.10455226142960926,0.0
0.0,0.6484270414982046,0.19401416298053803,0.0344178996698049,0.3747189415116199,0.6591920492644027,0.5054326182981435,0.36274493620942055,0.3259726502496213,0.45535240899959345,0.22667064744637638,0.6653729701966448,0.0,0.1274223894531378,0.0,0.39490357023098704,0.5597442356220724,0.6524575911416111,0.11736358696926082,0.11232420977670585,0.05525731721878743,0.12698266093208388,0.3298171782531404,0.18190067967037396,0.3379496779076663,0.605365530313716,0.18543719720937898,0.5022477105950809,0.16754940331974988,0.07590687389252225,0.062203929962939865,0.0,0.19156066796591142,0.07797034524238029,0.012032620383345611,0.17800689151454743,0.12168478989120211,0.0287477472457097,0.0,0.20300145069035322,0.0,0.0,0.0,0.0,0.0,0.0,0.6420828723518132,0.28219255296167567,0.15188046603080496,0.47753058404204307,0.557095382859639,0.4123713215113947,0.47192056548477984,0.32824707441556217,0.27868180074537724,0.2051250047198689,0.617508455108519,0.7141670571006706,0.14619787087584665,0.019940192231237587,0.0,0.47080979755412244,0.41877467902332227,0.13968578705806373,0.0,0.18812511181227498,0.0,0.39963404210779496,0.13543304437693832,0.21818687434547104,0.44049334247604666,0.029553499700898347,0.21581378365132944,0.0,0.03952091275857163,0.0
0.22578201464202244,0.02661671788745627,0.025489441366989576,0.19811431795253628,0.113947162199417,0.1537503869292209,0.22149529033144816,0.5289636171806961,0.0,0.08490660191314243,0.12921523062310847,0.23394454375759804,0.1274223894531378,0.0,0.0,0.0,0.0,0.0,0.10428378465413399,0.0,0.1350863433063462,0.0,0.3914510292200105,0.2960654417816065,0.030724503715896544,0.01940266307320257,0.0,0.038657022253748244,0.0,0.14760365775251677,0.01658996217610603,0.37351977163303257,0.047138885170012086,0.07303372327655837,0.05333627458876355,0.4562789911551122,0.0,0.15886581716316833,0.2577480580810689,0.08108963352463139,0.03243429992806419,0.19951620007468837,0.3433521735106366,0.14143169864865482,0.0166059567204863,0.1368670413829565,0.0,0.06720632512641841,0.1839191240845792,0.05669453855996817,0.0,0.033715636988549263,0.3312417679223545,0.0,0.14255488517861953,0.05417637893460074,0.044490710969125026,0.0,0.4453321852366046,0.0,0.0,0.10179327564215988,0.0,0.1491134098724233,0.0,0.05483593782343626,0.0,0.22607118651268937,0.10984816557505295,0.021736899293058956,0.0,0.0,0.10947665697917651,0.0,0.13728187002280465,0.0032540961020864454
0.2080465766833618,0.10405909904748366,0.551570800916116,0.0,0.34601159059898123,0.0,0.1196749785465814,0.0,0.44299675614607603,0.0,0.3549068009095267,0.0,0.0,0.0,0.0,0.25784035168926434,0.12665664959024808,0.22771219189569106,0.4065644222868486,0.6817250542219528,0.32138475150942386,0.6864628705340355,0.0,0.0,0.18499621850115594,0.18192265384437195,0.4926678210989032,0.2496157230883909,0.38487607987958555,0.23467627980459238,0.1314322191661718,0.0,0.0,0.05455255088542166,0.027391056613550617,0.0,0.17169981532573497,0.0,0.0,0.0,0.0,0.0,0.0,0.0,0.0,0.0,0.13089179817515564,0.5352552089958766,0.0,0.317542721401542,0.0857355348447725,0.2213930559028712,0.0,0.5060742998515607,0.0,0.34920439820183,0.0,0.0,0.0,0.8378092074704505,0.4099507138576738,0.033404250471410664,0.09973389534668901,0.32613036668860584,0.6548674805621425,0.39393826330608944,0.6174472354425222,0.15160972930547018,0.0,0.12224613397198177,0.18476114927735826,0.5999746630975223,0.2358971939973237,0.5188041566611337,0.2687408276615292,0.1552036370217676
0.40995879566427257,0.14206918708672778,0.4958719215674846,0.17212283823477642,0.5177569902879279,0.05124270738252801,0.5074377955430783,0.0,0.5828863514310075,0.5600114923770626,0.38234923411831995,0.2945296515257123,0.39490357023098704,0.0,0.25784035168926434,0.0,0.5487020923371903,0.5322683612850115,0.46975351243104835,0.5762394226292588,0.4956097733795282,0.6478534221073862,0.0,0.24283911576199746,0.38829046903273645,0.16699976406238765,0.58855982145438,0.7009971013264878,0.740706559811804,0.5803334929202499,0.621923023190517,0.0,0.2566035688797302,0.49589394889811084,0.22126671068809514,0.12542364637743636,0.26855881732695025,0.0,0.0,0.23843230572317758,0.036908355985548195,0.0,0.0,0.0,0.0,0.343155574905644,0.23598783112564056,0.5173976308660689,0.16595541471135253,0.5179535645835969,0.0,0.4974215060737946,0.23154818128805965,0.5586812538178301,0.42497849040985114,0.4330983886925024,0.0,0.044896261317061884,0.05172109869016389,0.3024380302385926,0.5908730482055877,0.4209553985704932,0.44966219354962467,0.44922410744027347,0.3959045005296993,0.6200124186444954,0.4959610827587858,0.06280007362131737,0.013252560679572926,0.28261439254533977,0.16925356766905572,0.3521866081002519,0.4311517242337251,0.44613675775138106,0.46748575001063547,0.21964171097614785
0.36596915914423617,0.4163017145561613,0.28715500366088414,0.08067878770362256,0.296974221120477,0.2538657937398857,0.29802283164299415,0.09115650439260584,0.3431331707257496,0.678819045969936,0.1791554014481445,0.4722011775473091,0.5597442356220724,0.0,0.12665664959024808,0.5487020923371903,0.0,0.7804962441781149,0.23322037928517392,0.1540767339014591,0.12486493282115793,0.22039537875758114,0.09595984492364547,0.46802006877364,0.5800445790505635,0.6003487004720106,0.17204052520377175,0.3963339355766022,0.22138437912179687,0.1551679795288955,0.2947226751693476,0.047941694675179725,0.16170515139200003,0.24502588815301074,0.0,0.14373368954949198,0.2528367847341968,0.20321608069865751,0.13039571812755066,0.2659137312063042,0.1084927256014092,0.0,0.04669079107965865,0.0329835482151314,0.19012228710499685,0.29310066115480665,0.40301599506841707,0.33412099077790314,0.2960359397909365,0.3961542731931768,0.19719864678421262,0.3917315203949333,0.20566479783241146,0.37841141194861894,0.5328336226624261,0.12955748567249908,0.5239677014138471,0.372455744199253,0.14620514854902028,0.23649001225726143,0.32677370410118206,0.5880641055035918,0.55395870671659,0.2392799354788066,0.07501728609135451,0.38979789654062996,0.14628504622370928,0.09749350775041284,0.39477951769035335,0.38760796675511144,0.618016694680506,0.22509636207043626,0.3871110029349657,0.14045775252115342,0.3236112152148392,0.152485542473559
0.09241132207320665,0.5775083353461667,0.2723078392216234,0.0,0.2249474884485364,0.365382098751183,0.16965587431414034,0.0,0.3658956666107157,0.41265442068493896,0.12396683844327368,0.47629756980805077,0.6524575911416111,0.0,0.22771219189569106,0.5322683612850115,0.7804962441781149,0.0,0.13061037145044535,0.2761961646496804,0.0,0.2851870279394379,0.013363249176438377,0.28029438109034693,0.4880802902079928,0.7129947001198104,0.22828763286371462,0.42923435650853864,0.40428855554310167,0.10616478440035747,0.14051556095816786,0.0,0.07033125333491855,0.10684492226066307,0.009526982992646798,0.0,0.15747662703673213,0.04674024782542654,0.0,0.18088175496329664,0.0,0.0,0.0,0.0,0.0500850304745826,0.0726743158559513,0.5341489300832375,0.3195657321726859,0.034562441745560196,0.35792801286884196,0.3514613462594529,0.29008995168024393,0.07962292736860266,0.4353384627581125,0.33934575287197694,0.11508262913129395,0.49522639731939877,0.4922181841745872,0.0,0.2322389237547631,0.4601488100572555,0.4683692418015372,0.6912391570372592,0.14322535984618318,0.1924291617936746,0.18737490057266576,0.24355825702892472,0.08575271506495961,0.2063928732275094,0.429481880486116,0.6651486634623052,0.256418932277702,0.3187262385646085,0.2367878052938649,0.1369528983104574,0.0
0.2576733820431954,0.0,0.7683985892947092,0.0636088417045004,0.5088893754380756,0.0,0.30981435786554556,0.04375156031740457,0.602247225247626,0.24700788760219874,0.8032942894580284,0.19213588865545683,0.11736358696926082,0.10428378465413399,0.4065644222868486,0.46975351243104835,0.23322037928517392,0.13061037145044535,0.0,0.5059362489433875,0.3028484357825828,0.595648436656467,0.04374123361509308,0.09429983057377894,0.2146811373547352,0.07346978029242628,0.4492442701094989,0.5318105589848039,0.3281548339166349,0.5098419096290099,0.36819612899455034,0.0,0.0,0.18100031963651655,0.0,0.11739613232054316,0.07010727094338379,0.06784912747264486,0.00653745747263295,0.0,0.07307998923423095,0.0,0.0,0.013439211616018163,0.029694854638177615,0.20134567221799185,0.08311931961376214,0.7474008040732977,0.07427249679525735,0.3859371589935219,0.0,0.30125485847784944,0.28248558716392785,0.5714998709766289,0.15813862797037032,0.6115621601887898,0.0,0.006368878130192364,0.025037568371680842,0.5139818463381854,0.35686196276347687,0.1347392926368137,0.16333704346723282,0.8547014926650057,0.4620107340590052,0.4078120976991179,0.5488741496424825,0.20136186884606883,0.03668824680205819,0.18124751841084355,0.08667043964628197,0.3975750008638036,0.535364300775275,0.3448526932081627,0.578793368404128,0.3290890382305603
0.1797711316032353,0.0,0.673520792072777,0.0,0.7336544877776926,0.0,0.5253902812343698,0.0,0.819137948963725,0.1353325448803903,0.5842560902061472,0.1622833146369715,0.11232420977670585,0.0,0.6817250542219528,0.5762394226292588,0.1540767339014591,0.2761961646496804,0.5059362489433875,0.0,0.337349664935368,0.9529381131296696,0.0,0.0,0.11108138798774868,0.0,0.8255656653419887,0.6975406038525809,0.7141454934219578,0.5328763899442619,0.5454981865397707,0.0,0.0,0.2558802837961558,0.11519219198288766,0.12908484379291862,0.3675189222366114,0.0,0.0,0.0,0.0,0.0,0.0,0.0,0.0,0.0,0.06296720577812104,0.720074773498766,0.0,0.5229858989169371,0.0,0.37617601824370506,0.0,0.7732243377670349,0.0,0.6904107788555149,0.0,0.0,0.0,0.7191716810147135,0.595597386679002,0.0522761068331687,0.1372679327805669,0.39335636674985736,0.9103817779659962,0.5342897379893546,0.8689533652639235,0.0,0.0,0.08290387657979084,0.0,0.7311149335270618,0.3748873433213784,0.6624912262567589,0.36921996256092,0.15839709242270186
0.39003369373958996,0.0,0.3717407645562135,0.19738485318833446,0.17388208703577399,0.10147532230546877,0.2844347980609065,0.2721321137319916,0.22042004291212203,0.5225250572318868,0.22287794232178423,0.1365286547120895,0.05525731721878743,0.1350863433063462,0.32138475150942386,0.4956097733795282,0.12486493282115793,0.0,0.3028484357825828,0.337349664935368,0.0,0.36305584682214376,0.30436431004287834,0.20554850275801534,0.3500807077699649,0.05678750283671563,0.40070342963398614,0.2534750557932955,0.3828057642300121,0.29091891670290015,0.47024745843801785,0.17583395140916103,0.392080307790968,0.4226803232834759,0.21764966352189816,0.13007318494402959,0.13557638698177965,0.0,0.08011260893698438,0.2822481646924819,0.16010225812079987,0.0,0.0,0.0,0.0,0.28721523201227417,0.09605554794375877,0.3411200605772332,0.233481513814637,0.24197421148163117,0.04492534856674562,0.31019165518847186,0.3900509908503412,0.23637919600857696,0.26605955086826133,0.28790858171171674,0.0,0.0,0.11334843310893825,0.28646127178581454,0.19605735948263137,0.17399300885819657,0.0,0.2926701072681541,0.247043065042516,0.7614537074534721,0.30944378234456965,0.35347565446481505,0.0,0.08508535653762467,0.04795275137702249,0.2458699320809474,0.0045808163970854675,0.2737646158223183,0.22469894819236919,0.14185277607905808
0.25003024481794334,0.0,0.6843580831345146,0.0,0.6997453742891218,0.0,0.5082655082329368,0.0,0.7955667832413221,0.20643414563644916,0.5937556532852917,0.14187137602937733,0.12698266093208388,0.0,0.6864628705340355,0.6478534221073862,0.22039537875758114,0.2851870279394379,0.595648436656467,0.9529381131296696,0.36305584682214376,0.0,0.0,0.0,0.19520994159131602,0.0,0.7989892900489787,0.6563433547621593,0.6733905368216413,0.5182804258553495,0.5007778773679573,0.0,0.0,0.2771195918819852,0.08550983585369658,0.12290937573143171,0.2836306764454684,0.0,0.0,0.0,0.0,0.0,0.0,0.0,0.0,0.03299116886603551,0.1677462814372016,0.7095472780814565,0.0,0.5275798902475591,0.0,0.38781819446493604,0.0,0.7623533504734074,0.11398118815890902,0.6857516093688326,0.0,0.0,0.0,0.748133777659906,0.605852659533804,0.13424331451726898,0.14280504457012952,0.5204664313551431,0.8631225288578327,0.533448479810343,0.9086209331135852,0.0,0.0,0.14844189869823715,0.056120286693141314,0.6904791245768326,0.4178375714116042,0.6083164549776575,0.43092480785885234,0.21637115844225227
0.0,0.44360866212597183,0.12412309093718195,0.0,0.0,0.7599267338939393,0.0,0.8954705244220206,0.0,0.14658679952634043,0.0,0.33216692948020604,0.3298171782531404,0.3914510292200105,0.0,0.0,0.09595984492364547,0.013363249176438377,0.04374123361509308,0.0,0.30436431004287834,0.0,0.0,0.428286020630202,0.2653700325963187,0.4963255819247625,0.0,0.0,0.0,0.0,0.0,0.3740145227590979,0.34045049935995947,0.05678518950917949,0.0,0.07606143950643256,0.0,0.15335241128591526,0.36805472966566644,0.23931962195314063,0.08455356945001875,0.03401241621792761,0.23927646804689115,0.1075486344731259,0.0,0.0,0.27170234394897974,0.1134818508720156,0.15901870385629882,0.0,0.6619884002173105,0.07377100153949404,0.7349984930630126,0.0,0.0,0.0,0.3516416209150949,0.28942096943130174,0.3487420057693141,0.0,0.0,0.0040465105432804845,0.0,0.18425880102875672,0.0,0.05974991057983953,0.0,0.8692310525140847,0.14701550524965695,0.0,0.21565796579737853,0.0,0.0,0.0,0.0,0.0
0.40316962236014947,0.24996373457693524,0.0,0.32777634276649925,0.0,0.324003763017791,0.0,0.4420298764557454,0.0,0.41721323431721613,0.0,0.42316423578926476,0.18190067967037396,0.2960654417816065,0.0,0.24283911576199746,0.46802006877364,0.28029438109034693,0.09429983057377894,0.0,0.20554850275801534,0.0,0.428286020630202,0.0,0.422343594210373,0.5129341208353804,0.0,0.0,0.0,0.12867858893413606,0.033196596514503754,0.36344703147171215,0.29186737572252625,0.2076969917796823,0.044364694890343566,0.1560506628180074,0.0,0.45277766902136973,0.3715313438262073,0.42832941962801957,0.3745048475540144,0.2534924218057216,0.44258202893207754,0.380309817142057,0.3976722281886055,0.49008045488400814,0.08346506445599783,0.028553602684180158,0.3101215213581335,0.0,0.18308094531324787,0.07115589614186553,0.3753522155201391,0.0,0.48888470308380716,0.0,0.4716255026256101,0.19982090220967555,0.4246176486287789,0.0,0.0,0.35898167389146635,0.32445100606473404,0.21131558214556787,0.0,0.17165884658757968,0.0,0.2611659846623068,0.7532625448328125,0.2967851093198589,0.504802483978886,0.0,0.1874882319614757,0.0,0.24162152568040293,0.18550080427222054
0.4573617268832956,0.63216783187301,0.3154550413961386,0.10723234193925507,0.12377908122568877,0.40983284012261445,0.21000541708106757,0.1976045266904966,0.2603985413625277,0.5980953889888365,0.21116583688254123,0.22925291261921255,0.3379496779076663,0.030724503715896544,0.18499621850115594,0.38829046903273645,0.5800445790505635,0.4880802902079928,0.2146811373547352,0.11108138798774868,0.3500807077699649,0.19520994159131602,0.2653700325963187,0.422343594210373,0.0,0.7050328674197966,0.31537863356329204,0.07323556477904185,0.23255954475887766,0.0,0.067925212466244,0.2571691712467317,0.3346952473193357,0.12049584204420459,0.10196268941859805,0.0,0.0,0.17509658708619008,0.20362590129886673,0.3432152703096481,0.18189872189701176,0.04723167603563258,0.12619051779662724,0.10547037215517097,0.07410432707757814,0.2935533998357924,0.4213163417398654,0.2926619473785119,0.07881338504704613,0.19064927214639765,0.2359029258984813,0.2546722911389527,0.1642024204193211,0.2868865204453106,0.5111038509026583,0.19358711806658432,0.25828717432189013,0.09621230295143023,0.06481425505212181,0.2993051518711769,0.24261312038559626,0.39278415822556656,0.2393326929700485,0.3229441169437401,0.09557634025386963,0.3718483493104054,0.18862428464073647,0.23637098977162233,0.2426162462353906,0.6600266894581005,0.6335690669538139,0.3777872203620616,0.10789019635630233,0.2503550692558508,0.1283569935710174,0.059581587342611
0.13918483582800983,0.8533157716381397,0.19285216947159614,0.015865339226269693,0.0,0.7350462204128279,0.04044210786269803,0.4421753797420366,0.06294651097965635,0.33573672534190807,0.03743018625485033,0.4764479367417567,0.605365530313716,0.01940266307320257,0.18192265384437195,0.16699976406238765,0.6003487004720106,0.7129947001198104,0.07346978029242628,0.0,0.05678750283671563,0.0,0.4963255819247625,0.5129341208353804,0.7050328674197966,0.0,0.0,0.0,0.0,0.0,0.0,0.179550850782341,0.19453606883775085,0.0,0.0,0.03938315119162285,0.0,0.19873346997487273,0.23800340803299744,0.26801246297327097,0.0,0.12453560312831595,0.2555423856582689,0.20623766217040726,0.08002060625472124,0.0,0.628901372004945,0.2055862614637442,0.03960078722499485,0.1224875752070269,0.5630727001973581,0.14377087371881206,0.309168840157218,0.13863871165370267,0.3076864778100929,0.0,0.6672223225403053,0.5503382858844096,0.02984449416861139,0.15309313426918025,0.0,0.37942217177048676,0.366117352073955,0.20124268987535074,0.0,0.0494880939180236,0.0,0.4314431529619313,0.2911738322034211,0.4890259815357889,0.8178261290212587,0.06365432944366466,0.059922096564927155,0.0,0.0,0.0
0.14674541602092323,0.03334449265370617,0.6962210007037805,0.0,0.7318473091483197,0.0,0.6110913350670496,0.0,0.8153526985984837,0.30946414305024034,0.599497754701511,0.06909225580583749,0.18543719720937898,0.0,0.4926678210989032,0.58855982145438,0.17204052520377175,0.22828763286371462,0.4492442701094989,0.8255656653419887,0.40070342963398614,0.7989892900489787,0.0,0.0,0.31537863356329204,0.0,0.0,0.5782109753342974,0.7081405955914006,0.32055944399939534,0.48738696129402853,0.0,0.07131991380454021,0.1834413688333114,0.029679908005119382,0.03811557436545437,0.23438302394252417,0.0,0.0,0.0,0.0,0.0,0.0,0.0,0.0,0.0,0.2775364064922181,0.695332382166329,0.0,0.6308297045870089,0.0,0.5265544537849252,0.0856912552610351,0.8035972136891556,0.15841616978260192,0.775236486273392,0.0,0.0,0.0,0.5821656784887578,0.4420787194814922,0.20028483845723583,0.06729131550656589,0.4190111180416756,0.7334945607136163,0.49948292148489354,0.7379220177731624,0.12656323995238686,0.0,0.21385260429593447,0.0,0.8259208199779585,0.22862261870148748,0.637227939382538,0.15555930166951548,0.0390097123322105
0.10140935275045986,0.0,0.5547252359871373,0.06526941523115261,0.7767020142386137,0.0,0.6461291918520012,0.0,0.7763647097902534,0.4211107529937229,0.6467462807311728,0.48512150266078835,0.5022477105950809,0.038657022253748244,0.2496157230883909,0.7009971013264878,0.3963339355766022,0.42923435650853864,0.5318105589848039,0.6975406038525809,0.2534750557932955,0.6563433547621593,0.0,0.0,0.07323556477904185,0.0,0.5782109753342974,0.0,0.581162187845824,0.6728983250536783,0.7592916191558416,0.0,0.014992344982430138,0.36504540782015743,0.05313233977678306,0.2706037138671214,0.4243587027073075,0.0,0.0,0.005968842414158421,0.0,0.0,0.0,0.0,0.0,0.08942875920684171,0.1377421936373479,0.6326358744872956,0.11478951549701738,0.6077943777745332,0.0,0.4654109154339789,0.2308787435863735,0.6900366246683077,0.278218503666579,0.6234749383826907,0.013051374794650458,0.14329873714376326,0.00395872751162259,0.33715148282418045,0.5253399770956345,0.3272244764454941,0.4100056302397282,0.3355960749129807,0.5238073020050458,0.5181174294148561,0.5414740597420211,0.0,0.0,0.08357833476336582,0.0,0.3948431718904379,0.590661285226987,0.3838181547988361,0.46758608331877055,0.15363821981991482
0.23601775331149008,0.0,0.3897824391046838,0.07695388542641081,0.5034997633403171,0.0,0.3586903148336752,0.0,0.5457701595308302,0.2835948237815967,0.3115527804593434,0.05838910808437319,0.16754940331974988,0.0,0.38487607987958555,0.740706559811804,0.22138437912179687,0.40428855554310167,0.3281548339166349,0.7141454934219578,0.3828057642300121,0.6733905368216413,0.0,0.0,0.23255954475887766,0.0,0.7081405955914006,0.581162187845824,0.0,0.48193519962726755,0.5428727583779165,0.0,0.0,0.2247971980116914,0.14434686250187223,0.0,0.24037231908446127,0.0,0.0,0.0,0.0,0.0,0.0,0.0,0.0,0.18495599967224352,0.1331144116197422,0.4814676999812191,0.0,0.4020478991298365,0.0,0.30931668752994024,0.0,0.5062188135186413,0.21183215989786477,0.3699719517872393,0.0,0.0,0.0,0.4362818937925298,0.7616247748606143,0.16891796917741236,0.3306999267385795,0.28515058777501173,0.6720924346042546,0.5478944405508963,0.6453224792519631,0.0,0.0,0.2931164541412166,0.06904247287722305,0.6480726110108599,0.31348109198899915,0.8645771318122095,0.29640649913203587,0.2681167030207369
0.2500292009845711,0.0,0.3432939867203795,0.32385911711645315,0.5396564825212663,0.0,0.31990524424264916,0.0,0.4382237162591943,0.20568570700148434,0.5451904976719131,0.24152055435970268,0.07590687389252225,0.14760365775251677,0.23467627980459238,0.5803334929202499,0.1551679795288955,0.10616478440035747,0.5098419096290099,0.5328763899442619,0.29091891670290015,0.5182804258553495,0.0,0.12867858893413606,0.0,0.0,0.32055944399939534,0.6728983250536783,0.48193519962726755,0.0,0.5898411712878894,0.0,0.0,0.25375577120888443,0.06172763412883086,0.19100619751045042,0.1903750704950114,0.0,0.0,0.0,0.06351355348401841,0.0,0.0,0.040079277088748165,0.06116845186667938,0.2961956522114228,0.0,0.4296658861828802,0.08831373075679337,0.25712589077035497,0.0,0.12408534261166376,0.07252194220439799,0.2976222151501423,0.26873787055567383,0.3196850072838374,0.0,0.0,0.02362749964543343,0.2781660988863503,0.5289128364005771,0.16315370940619683,0.35123432284739303,0.3206402907640855,0.4468992976104407,0.43453848324569094,0.458515203195534,0.0,0.05478028687090159,0.046409273972837395,0.0,0.24162885346109014,0.6757569761173294,0.3745846876780285,0.6534260992910617,0.5112475105756384
0.2519716569646556,0.0,0.31092674978440565,0.22102729519221379,0.5100869913029408,0.0,0.44101142052546444,0.0,0.5277536808556691,0.5214517975460796,0.426289115301183,0.2730248968602368,0.062203929962939865,0.01658996217610603,0.1314322191661718,0.621923023190517,0.2947226751693476,0.14051556095816786,0.36819612899455034,0.5454981865397707,0.47024745843801785,0.5007778773679573,0.0,0.033196596514503754,0.067925212466244,0.0,0.48738696129402853,0.7592916191558416,0.5428727583779165,0.5898411712878894,0.0,0.0,0.178562883019867,0.6118585385838171,0.22693994301045384,0.19575525336173966,0.44749331583368396,0.0,0.0,0.1367796754548596,0.0,0.0,0.0,0.0,0.0,0.3378270414566847,0.0,0.3561367476421364,0.367194477384712,0.5231821525217076,0.0,0.47887647696028446,0.16598168362409724,0.4799565834652854,0.39729906968897577,0.5282350290450069,0.0,0.0,0.22840066702913042,0.2145507199432586,0.4865696009908857,0.3153971241855439,0.1880538968970326,0.20804095605310283,0.3872744539006542,0.636672784317632,0.4904928091319352,0.0,0.11406301976472402,0.0,0.0,0.3331126911042458,0.376549711468749,0.36518728586480437,0.30128541040172696,0.24940838682821215
0.19729880437993894,0.27006188470947945,0.0,0.2886049194666089,0.0,0.27477497998377726,0.0,0.381906457794423,0.0,0.19951749078227127,0.0,0.0,0.0,0.37351977163303257,0.0,0.0,0.047941694675179725,0.0,0.0,0.0,0.17583395140916103,0.0,0.3740145227590979,0.36344703147171215,0.2571691712467317,0.179550850782341,0.0,0.0,0.0,0.0,0.0,0.0,0.4590312711231546,0.12935354273469438,0.12089219227531882,0.03886538457406475,0.0,0.1908401254349349,0.7431103399073244,0.4614003302653615,0.4753190270206305,0.35280863214427516,0.5098374845713782,0.4247517770098402,0.21585201053212694,0.19653960450342653,0.013083734052354369,0.0,0.26625623890234584,0.0,0.03395727721989667,0.0,0.09338451951122104,0.0,0.22139354646637605,0.0,0.14468274329049094,0.0,0.3455229540446883,0.0,0.0,0.156730121619671,0.0,0.0,0.0,0.041146479642336205,0.0,0.13033086751420533,0.2227067248018522,0.057583786927544525,0.11629624627039765,0.0,0.0,0.0,0.0,0.07332470484879738
0.08080640858055443,0.18364467823988626,0.0,0.20787698587169748,0.0,0.29412051582804266,0.24519964267127026,0.3114068346360091,0.0,0.456127695706815,0.0,0.15307041662806747,0.19156066796591142,0.047138885170012086,0.0,0.2566035688797302,0.16170515139200003,0.07033125333491855,0.0,0.0,0.392080307790968,0.0,0.34045049935995947,0.29186737572252625,0.3346952473193357,0.19453606883775085,0.07131991380454021,0.014992344982430138,0.0,0.0,0.178562883019867,0.4590312711231546,0.0,0.5401914637761431,0.1771186973440594,0.0,0.0,0.2601476683621376,0.2500780728703934,0.7556423978433284,0.29019094436929443,0.0,0.12509064309125317,0.048999549942606184,0.10829279126763197,0.1508313854423429,0.23735508832161004,0.0,0.3505845147825995,0.18842978599838422,0.104069623779915,0.31246912421103334,0.2813006877211481,0.05050657098803929,0.31017090082620635,0.055358550029935456,0.11948137135339668,0.058202208974628446,0.38555977265668817,0.0,0.0,0.26508524145246515,0.0,0.04557546845433972,0.0,0.24248234313311734,0.0,0.19477878120879746,0.16706439360110445,0.06974266108336422,0.13206430680423742,0.0,0.0,0.0,0.0,0.0
0.17290083237598378,0.0,0.09573169438635369,0.16745323366407838,0.16289363383838942,0.0,0.2918406327178378,0.08061544933038678,0.19811331857555217,0.432806889103487,0.06307371647889543,0.18048635953664652,0.07797034524238029,0.07303372327655837,0.05455255088542166,0.49589394889811084,0.24502588815301074,0.10684492226066307,0.18100031963651655,0.2558802837961558,0.4226803232834759,0.2771195918819852,0.05678518950917949,0.2076969917796823,0.12049584204420459,0.0,0.1834413688333114,0.36504540782015743,0.2247971980116914,0.25375577120888443,0.6118585385838171,0.12935354273469438,0.5401914637761431,0.0,0.37648285924494146,0.06419681882649521,0.21209372290972064,0.01058652182156277,0.0,0.4916101635126721,0.2844426086527177,0.0,0.0,0.0,0.0,0.2495633978335562,0.08271224633054694,0.06723707497981131,0.5136634695148894,0.3809707382015422,0.0,0.4176557332794595,0.28568026555789433,0.22053626295750567,0.3140624466441955,0.26513236610179464,0.0,0.0,0.3339179251868801,0.0589978633504901,0.1598129994523407,0.3205604760879289,0.01982856782606279,0.12480834773619584,0.03647906428272715,0.43246877769165254,0.24329425063513518,0.0818287884482703,0.09051052444006355,0.0,0.027990771235694992,0.0,0.057911231699503865,0.0,0.11104247896266937,0.0
