0.0,0.0,0.17605356063932198,0.1818205628920614,0.16928086108081322,0.0,0.15279670850228122,0.0,0.1468353338043516,0.23872275001877324,0.07174218949853141,0.06318997484531427,0.0,0.15014561897718431,0.13835150723468534,0.27262365085964174,0.24337042971909065,0.061453766258488834,0.17135346011577032,0.11954826371618758,0.25937340696218936,0.1662707542526283,0.0,0.26810883319488155,0.3041467217317732,0.09255827290215345,0.0975860781269915,0.06743747974316966,0.1569524114520083,0.16627006010075782,0.16756179831085458,0.13120421107966682,0.05373646901365042,0.11497949710441975,0.16298908401224899,0.23078736708091713,0.16565518098361426,0.11273815142985234,0.12448007750983649,0.07724665327140261,0.20714978447642643,0.23760224283205475,0.04217977743432963,0.08660949420491999,0.15257617833923848,0.5059095881342088,0.0,0.1749299130388029,0.05277978805532669,0.03317473271456117,0.0,0.016793492778341704,0.0,0.05114548954900484,0.30463673454890816,0.024594538691696324,0.0,0.0,0.012906311959751556,0.21518574082641007,0.23068419772102144,0.08347413213691167,0.11550695560296975,0.187019484554657,0.16884422639629887,0.3566467891069459,0.1262074526264016,0.0,0.16561881715009757,0.2968925917818995,0.21268911043369876,0.1592782463044441,0.20017700756780774,0.2592270158964629,0.29026371340021656,0.3020206417308979
0.0,0.0,0.05263188094668516,0.0,0.0,0.5250662747652927,0.01660394469510391,0.25391190172896494,0.0,0.18376075826207958,0.0,0.20664967246013755,0.4312056461257743,0.017700185679933297,0.06919956782857332,0.09447637388895908,0.27684170819540727,0.38404452459383387,0.0,0.0,0.0,0.0,0.29500089838487964,0.16622652477172692,0.42039323001227097,0.5674571773076748,0.02217417315949078,0.0,0.0,0.0,0.0,0.17959184617135973,0.122124182167084,0.0,0.0,0.0,0.0,0.05031591759503286,0.1923592548876776,0.15097773420199467,0.0,0.0844148887128444,0.1427378928628776,0.14718440692048282,0.0,0.0,0.39529830351566214,0.03817916399531773,0.0,0.010255209523589767,0.3608204516917719,0.016058500160572836,0.13313467010998223,0.0,0.10238818122173846,0.0,0.33459789074501034,0.33328646878012974,0.0,0.07437936716690588,0.0,0.1753439190020556,0.1495099752604991,0.07706334104573545,0.0,0.0,0.0,0.22936374537667836,0.04994467770693159,0.24401331475621393,0.3713937532476834,0.03851133759637084,0.0,0.0,0.0,0.0
0.17605356063932198,0.05263188094668516,0.0,0.0,0.4241633481554946,0.0,0.33718379842722235,0.028320411027845473,0.5170536056725197,0.1864271271221094,0.5027274652811992,0.14108657776814104,0.1290199161223689,0.016950543901812602,0.3667959976555098,0.32975609999406313,0.1909588141261741,0.18108541168389672,0.5109870331955858,0.44789305463549095,0.2472085621250193,0.45509988099444776,0.08254217390908114,0.0,0.20977841182342402,0.12824718745784633,0.46298875161213965,0.368893705070393,0.2592063219853869,0.22829138188442452,0.20676708628436008,0.0,0.0,0.06366182236509503,0.0,0.0964430794398865,0.1267304674310782,0.0,0.0,0.0,0.0,0.0,0.0,0.0,0.0,0.028052655686681808,0.13290032556693415,0.6169585792958234,0.0,0.31229613570329634,0.0,0.2604934629839389,0.17912323011061573,0.5058739465989072,0.08278769456750538,0.44465783787623003,0.0,0.0,0.0,0.42150607142405583,0.25011001203812155,0.12117985484790451,0.12638446640872106,0.43038964368989535,0.42219380921015975,0.3047270724497471,0.3970896082834277,0.18582395850447941,0.0,0.1605428344711998,0.09547358609180803,0.3818355161383489,0.26945965034323904,0.27527700957134354,0.28120518983207765,0.062000022350228876
0.1818205628920614,0.0,0.0,0.0,0.04516942246394923,0.021597079035634518,0.06078031322329121,0.11172813119473574,0.0,0.23361663584839537,0.0522197829255865,0.06560016114363298,0.022887991579005406,0.13174652969763143,0.0,0.11446212900458501,0.05365160080308135,0.0,0.042300042920984715,0.0,0.13126143375800672,0.0,0.0,0.21797210884482046,0.07130978249250648,0.010550491287749845,0.0,0.04340432857638393,0.0511745312325568,0.21536714373795846,0.14698371834490292,0.19192301185671745,0.13823872890984598,0.11135682998527306,0.11773526424770543,0.1350542407632917,0.0,0.11865673256310351,0.16725808614422638,0.2199076731371549,0.25645100882292404,0.1845484031532104,0.27127181774707126,0.29582192892037956,0.20809099374056325,0.22248690190613085,0.0,0.0,0.25804724351603836,0.0,0.0,0.0,0.02142881729203838,0.0,0.36285398119565393,0.0,0.03572326501216132,0.059443492150635165,0.19126223813407367,0.0,0.07808831722630905,0.20693261507768282,0.1452310842583298,0.05660426294389862,0.0,0.1441595763425862,0.0,0.0,0.2014369711502669,0.18689295204078574,0.07035821309073553,0.0,0.23638585844604895,0.009014344481033913,0.0865629384003616,0.2836872496878226
0.16928086108081322,0.0,0.4241633481554946,0.04516942246394923,0.0,0.0,0.537264834144085,0.0,0.6136402529376191,0.22264678469917767,0.4741091972861347,0.21494069064516205,0.24918905744083109,0.07577515519228088,0.23009859543566508,0.34430972683896055,0.1974886189278527,0.14959065691755216,0.3384127402140811,0.4878821165513188,0.11563203397057378,0.4653324690881171,0.0,0.0,0.08231340656838664,0.0,0.48668033812649725,0.5165088320855895,0.33482863434210586,0.3588729453569366,0.3392091578366813,0.0,0.0,0.10832468440360762,0.0,0.19068878081313043,0.2244887983175113,0.0,0.0,0.0,0.0,0.0,0.0,0.0,0.0,0.030101275578047572,0.08587640080482567,0.47026558511857003,0.0,0.4318895592941421,0.0,0.29700919508929835,0.07358337730565966,0.4930802586169966,0.22795432256410442,0.49655461571907566,0.0,0.013948562061144932,0.0,0.33895192198741525,0.31971986866873225,0.2000595536152895,0.19910343994696028,0.24882433094789497,0.4555076143616353,0.28869393455613807,0.420369753196716,0.0,0.0,0.19466819454838105,0.024170114104080515,0.4023944439230488,0.3816790581214121,0.32859554873437663,0.2612708122638812,0.1561015704688295
0.0,0.5250662747652927,0.0,0.021597079035634518,0.0,0.0,0.012470272953256652,0.46964452880901447,0.0,0.17796072659535117,0.0,0.3096937155608334,0.43836440390775566,0.10224440175215314,0.0,0.03407653187174822,0.16882140412576097,0.242980033051616,0.0,0.0,0.06748134966649445,0.0,0.5053532276196608,0.21546333363343495,0.2725398901013021,0.48880762232415215,0.0,0.0,0.0,0.0,0.0,0.18272606662014024,0.19559089758724743,0.0,0.0,0.0,0.0,0.07746289861699127,0.18062955692049887,0.19356010643153854,0.0,0.024154003910006057,0.15085584845055186,0.1246845078887894,0.0,0.0,0.3863885418662916,-0.026369332838494717,0.06770808901966825,0.0278891897622569,0.5507503041269523,0.06124766601551304,0.3760918712563993,0.0,0.045311959219677934,0.0,0.3860853222084987,0.42301124863309236,0.13281510305989339,0.0,0.0,0.13382918368675892,0.056219255590187825,0.05736305848045275,0.0,0.0,0.0,0.45480875643788793,0.09218219620923698,0.06807478084141033,0.2558648233848946,0.0,0.0,0.0,0.0,0.0
0.15279670850228122,0.01660394469510391,0.33718379842722235,0.06078031322329121,0.537264834144085,0.012470272953256652,0.0,-0.0027560642638715595,0.4839733637166384,0.3379808430728857,0.32470675275611105,0.3001284066345224,0.3361139878477697,0.147294936313128,0.07958416775776878,0.33744743585990233,0.19818594761552055,0.11282159166840453,0.20602734280449395,0.34938588490143346,0.1891498704235439,0.33799786692214223,0.0,0.0,0.1396541411245342,0.02689410548229156,0.40637730556488333,0.4296775702159516,0.23852997957880598,0.21273780813327958,0.29327372605735935,0.0,0.16305839143225617,0.19407476946995655,0.0742548508924979,0.2504434636792284,0.19969233419335064,0.0,0.0,0.10288227352684481,0.0,0.0,0.0,0.0,0.0,0.005221399155126472,0.19968696612774617,0.3440991062730501,0.08801013421865349,0.4313612525861355,0.0,0.38490698713764554,0.15949055783378774,0.39120806935754654,0.2723226834139084,0.4260748496032788,0.07286907658818188,0.06851673189741855,0.08071104267144634,0.16325721858379402,0.1328208670034914,0.2678524347542834,0.12681280448723511,0.1679015569783259,0.282934459895756,0.2775381602189317,0.28113633076484823,0.037839534047440684,0.0,0.20081714561624095,0.07687085388047286,0.21284456991293865,0.19613229726988335,0.1425045116961377,0.13115278276967474,0.0
0.0,0.25391190172896494,0.028320411027845473,0.11172813119473574,0.0,0.46964452880901447,-0.0027560642638715595,0.0,0.0,0.1313198264323512,0.0,0.2746790889285683,0.24122631319574458,0.35176216247307807,0.0,0.0,0.06061930928167409,0.0,0.029094899855020097,0.0,0.1809685537824706,0.0,0.5954901960563168,0.293951001863829,0.1314075172005135,0.29404776192249904,0.0,0.0,0.0,0.0,0.0,0.2539687742083562,0.20708634394232656,0.05360948062238595,0.018455517207144435,0.14003338796529352,0.0,0.10626930755385428,0.24124413510252246,0.17344382037938394,0.0692509725811727,0.08354065120690657,0.24754887207902335,0.14026621844140713,0.0,0.0,0.14658479154256251,0.057235004925826866,0.12716280012101094,0.0,0.3450526862408172,-0.0069117890225425214,0.4988488442173158,0.0,0.03411278691632698,0.0,0.26556715754028903,0.2132985692682736,0.23705894339515332,0.0,0.0,0.043695182738491996,0.0,0.10671177930173856,0.0,0.040559327472009715,0.0,0.4811336074438947,0.18514496688429996,0.0,0.1308746992139045,0.0,0.0,0.0,0.0,0.0
0.1468353338043516,0.0,0.5170536056725197,0.0,0.6136402529376191,0.0,0.4839733637166384,0.0,0.0,0.2277703847074635,0.5173222343711767,0.22578505536231108,0.2167726486937516,0.0,0.2945939793384137,0.38762091908746943,0.22818443883542472,0.24332155699575558,0.40049594984554066,0.5447288375465177,0.14657989402074564,0.5290539518696614,0.0,0.0,0.1731656980544801,0.04185959128976427,0.5422116363426314,0.5162845237620807,0.3629385562528397,0.29141989556847786,0.3509575517128623,0.0,0.0,0.1317458651093731,0.0,0.14872144854333494,0.2575609732974123,0.0,0.0,0.0,0.0,0.0,0.0,0.0,0.0,0.020968526510028354,0.14598346841682389,0.5434412406336738,0.0,0.4209622737996334,0.0,0.30096509041451164,0.06871691351435406,0.6033560764422922,0.16937192126061976,0.5647509491480259,0.0,0.0,0.0,0.4097222165979919,0.31215466168943784,0.16792856042105023,0.17652962297088842,0.33844608981004876,0.4982160869738014,0.3058082087601069,0.4766459195205074,0.0,0.0,0.19551966291798262,0.08962297388002392,0.4556672973872866,0.3229493094059842,0.3530206316253524,0.23631990665337885,0.05842827294576138
0.23872275001877324,0.18376075826207958,0.1864271271221094,0.23361663584839537,0.22264678469917767,0.17796072659535117,0.3379808430728857,0.1313198264323512,0.2277703847074635,0.0,0.15972389984344115,0.305828173439295,0.3028105201842376,0.05646310809880353,0.0,0.3724090791315017,0.45141640706968944,0.27441624841396883,0.16426087895034783,0.08999648953899406,0.3474805035890947,0.13727923645182172,0.0974805977511658,0.2774478711749985,0.3977349680819745,0.22326578367970473,0.20579444905384534,0.28003973109389885,0.18859128537286196,0.1367815228394625,0.3467667831446019,0.1326796432292232,0.3033260878335259,0.2878176916131469,0.03689377445854535,0.15070704865444562,0.19167653253238714,0.13815401418904447,0.1057526884179386,0.31469867428004783,0.14466869090583165,0.0,0.0,0.021103230279966335,0.1247419944511939,0.19163165417043773,0.2192715929735314,0.16519439451512063,0.26944680827108153,0.2298073387832144,0.035967575771998855,0.26130895463941295,0.22087038113341737,0.18939814662533438,0.48994703526082256,0.16381339671516376,0.1899167349876163,0.10498776335960928,0.1691885631707834,0.0864719577397866,0.1783882032863385,0.401364628873318,0.2291530676438442,0.1804420364155252,0.0256677335572742,0.38510917100740577,0.09649660580646748,0.062387732272603136,0.25600392224335705,0.254933346578627,0.25034516622121206,0.11569340463487549,0.16856666887043553,0.09573888837259636,0.1303230304110594,0.1324721048957409
0.07174218949853141,0.0,0.5027274652811992,0.0522197829255865,0.4741091972861347,0.0,0.32470675275611105,0.0,0.5173222343711767,0.15972389984344115,0.0,0.17938229408600156,0.1507365620718533,0.08592845986402728,0.23601393311270122,0.2542632215996834,0.1191388015834061,0.08243826559976881,0.5341927633285679,0.3885317988869808,0.14821440343387365,0.3948490327055929,0.0,0.0,0.1404258232695531,0.0248911698860349,0.3986675448786504,0.43008793590373257,0.2071833982892656,0.36255307962954636,0.2834833553133676,0.0,0.0,0.04194418327310198,0.0,0.11087440317267988,0.0627330531335392,0.01711036768518765,0.0,0.0,0.0,0.0,0.0,0.0,0.0,0.015514013621873341,0.10519753126684364,0.5287167724007567,0.0,0.3051933785324324,0.0,0.22645651532740518,0.16945825251233884,0.48604446335942025,0.12626812007312735,0.5459285298406297,0.0,0.01986233918029083,0.002259522142779347,0.35289186206522866,0.2240550310155828,0.10276417265222638,0.11584782983454338,0.44792315672236743,0.3756664542649468,0.2481587215798537,0.3956893611683396,0.05960518113781395,0.0,0.16141490176261308,0.020797654056513997,0.36642297978868144,0.3867458905447757,0.21703542917757832,0.3041831500073487,0.1652318384321543
0.06318997484531427,0.20664967246013755,0.14108657776814104,0.06560016114363298,0.21494069064516205,0.3096937155608334,0.3001284066345224,0.2746790889285683,0.22578505536231108,0.305828173439295,0.17938229408600156,0.0,0.442474732184753,0.15557372177988332,0.0,0.195862973875829,0.31401499449372156,0.3167391058563453,0.12777085887750642,0.1079188205689003,0.09079190564567517,0.09434482902833984,0.22089186027341726,0.28140530242111234,0.15245377503655042,0.31683910025302375,0.04594652736598729,0.32260704384107797,0.03882890667245488,0.16061178826642003,0.18156225685317484,0.0,0.1017922197574329,0.12002389212681217,0.044325683768442106,0.3509069994141053,0.16726522345914152,0.08979488452003319,0.0,0.12280783945545236,0.0,0.0078014470490985095,0.0,0.0,0.025105519164223426,0.05966723903452025,0.13600811584546607,0.22979443893783005,0.16418410661254884,0.20563839699073808,0.22352109670806036,0.13672166974092034,0.34939793177139894,0.14460918034808135,0.19958040589204235,0.12223153613200405,0.35821764571642295,0.23407310481569052,0.13705026961192004,0.0,0.0,0.17295587804931994,0.16248476126387698,0.10091280503809202,0.0,0.1816675729482367,0.0,0.23628017540203486,0.22922154185734608,0.06616256113638588,0.2781498551899767,0.0,0.13896939747380405,0.0,0.06952752207788725,0.0
0.0,0.4312056461257743,0.1290199161223689,0.022887991579005406,0.24918905744083109,0.43836440390775566,0.3361139878477697,0.24122631319574458,0.2167726486937516,0.3028105201842376,0.1507365620718533,0.442474732184753,0.0,0.0847362158864907,0.0,0.26261188732256063,0.37223135270379015,0.4338859719789519,0.07804708642901152,0.07469588766751882,0.0367462577122797,0.0844437952918732,0.21932926967916846,0.12096441864415718,0.22473740281322926,0.40256963071445356,0.12331621188047615,0.33399601605440205,0.11142078305301636,0.050478265876429146,0.04136577300856779,0.0,0.12738833564323898,0.05185047961788832,0.008001723424424878,0.11837503953107971,0.08092069745808123,0.019117325670294432,0.0,0.13499648550614254,0.0,0.0,0.0,0.0,0.0,0.0,0.4269867573675569,0.18765877168011055,0.10100089955745362,0.31755906348522894,0.37046985882118144,0.2742279867372754,0.31382838675223373,0.218285146599102,0.18532411244949198,0.13640865438371524,0.41064470685548193,0.47492292515639956,0.09722195920079704,0.013260278990025368,0.0,0.3130897232286888,0.2784862359104211,0.09289140675532186,0.0,0.125103681987205,0.0,0.2657576632565897,0.0900633219620284,0.1450948311947636,0.2929292028253754,0.019653153120140248,0.14351671979503225,0.0,0.02628150837473582,0.0
0.15014561897718431,0.017700185679933297,0.016950543901812602,0.13174652969763143,0.07577515519228088,0.10224440175215314,0.147294936313128,0.35176216247307807,0.0,0.05646310809880353,0.08592845986402728,0.15557372177988332,0.0847362158864907,0.0,0.0,0.0,-0.0012055552282825256,0.0,0.06934898433342321,0.0,0.08983276486062844,0.0,0.2603159386928211,0.19688427833604458,0.020431873794306596,0.012902820720909402,0.0,0.025707018972730644,0.0,0.09815681108030698,0.011032367408399892,0.2483916063951189,0.031347479572133206,0.04856761334579004,0.03546875943490889,0.30342669969478964,0.0,0.1056461759812847,0.1714031198725364,0.05392481432807077,0.021568892661853613,0.13267878490536927,0.22833007624922283,0.09405244244217391,0.011043003821446526,0.09101693364992744,0.0,0.044692378625847844,0.12230668935789134,0.03770201359133384,0.0,0.022420985094326443,0.22027662546395843,0.0,0.09479936436611797,0.036027430980165226,0.029586436934693677,0.0,0.2961470456751221,0.0,0.0,0.06769278945109838,0.0,0.09916080011329037,0.0,0.0364660393333289,0.0,0.15033791901304377,0.07304931192116684,0.01445509379556054,0.0,0.0,0.0728022577518095,0.0,0.09129279575966288,0.0021639822562203163
0.13835150723468534,0.06919956782857332,0.3667959976555098,0.0,0.23009859543566508,0.0,0.07958416775776878,0.0,0.2945939793384137,0.0,0.23601393311270122,0.0,0.0,0.0,0.0,0.1714644953587642,0.08422699691317537,0.15142919180271364,0.27036638385544276,0.45334891001259947,0.21372168426133759,0.45649957001492836,0.0,0.0,0.12302295990818382,0.12097903152624025,0.32762536496238664,0.1659950962390269,0.2559435805135084,0.15606032812839196,0.08740276293281393,0.0,0.0,0.036277586292524415,0.018215122919339972,0.0,0.11418081768481378,0.0,0.0,0.0,0.0,0.0,0.0,0.0,0.0,0.0,0.08704338158734656,0.35594608717115384,0.0,0.2111667243829278,0.05701435062495204,0.1472269501558435,0.0,0.33654070772701616,0.0,0.23222182068265768,0.0,0.0,0.0,0.5571452723543128,0.27261827643751974,0.022213912261572016,0.06632329627130219,0.2168775305302954,0.435488554626139,0.2619699557410239,0.41060399562053596,0.10082085894053514,0.0,0.08129399271191919,0.12286663827129193,0.398984690185499,0.15687223919879464,0.3450060951636314,0.17871333984532153,0.10321081679198714
0.27262365085964174,0.09447637388895908,0.32975609999406313,0.11446212900458501,0.34430972683896055,0.03407653187174822,0.33744743585990233,0.0,0.38762091908746943,0.3724090791315017,0.2542632215996834,0.195862973875829,0.26261188732256063,0.0,0.1714644953587642,0.0,0.36488829909089704,0.3539598257807173,0.31238729091196143,0.3832006943817143,0.32958177077653505,0.4308241877592684,0.0,0.16148863498169477,0.25821415805991593,0.11105527153677953,0.39139379120821105,0.4661648707792517,0.4925717625459838,0.38592326162849694,0.4135804059555161,0.0,0.17064203161747696,0.32977074822544034,0.14714293026388076,0.08340704661340505,0.17859230250588187,0.0,0.0,0.1585580950002771,0.02454415141820156,0.0,0.0,0.0,0.0,0.2281993376725321,0.1569325131216535,0.34407075190149333,0.1103607765390792,0.34444044924988876,0.0,0.3307865776661941,0.15398013458980972,0.37152446707690573,0.2826117863982442,0.2880115395876798,0.0,0.029856128956504784,0.03439466331863152,0.2011220660087167,0.39293209293231135,0.27993642000389174,0.29902651231184924,0.29873518392522763,0.26327750853907533,0.41230984903078566,0.32981539241502006,0.041762210070786086,0.008812986851153858,0.18793929608547005,0.11255405671731182,0.2342049979159212,0.28671700272845557,0.2966820884615667,0.31087922308447774,0.14606230128652437
0.24337042971909065,0.27684170819540727,0.1909588141261741,0.05365160080308135,0.1974886189278527,0.16882140412576097,0.19818594761552055,0.06061930928167409,0.22818443883542472,0.45141640706968944,0.1191388015834061,0.31401499449372156,0.37223135270379015,-0.0012055552282825256,0.08422699691317537,0.36488829909089704,0.0,0.5190320047293956,0.1550921505478886,0.10246142332592958,0.08303550066510897,0.14656349229470045,0.06381354305771071,0.31123454643266224,0.3857311331639514,0.39923342599912076,0.1144073906277941,0.2635630839469747,0.14722118007416893,0.10318710446774845,0.1959913350940456,0.031881349952664964,0.1075343405277255,0.1629428442318491,0.0,0.09558327229695239,0.16813711049707125,0.13513921501229484,0.08671348708300362,0.176833313449725,0.07214794086133362,0.0,0.031049495852469768,0.021934144181841225,0.12643180868058712,0.19491269161312422,0.26800667065175104,0.22219131604949965,0.19686465943656214,0.26344360800107575,0.13113760602155608,0.2605024660437405,0.13676761818838687,0.2516445597544108,0.35433572604686725,0.08615606034992203,0.34843986567117946,0.24768402542190968,0.09722679887212826,0.15726646486251925,0.21730535156013067,0.3910641388291853,0.36838396113896016,0.15912177096235133,0.04988668770642896,0.25921660121994694,0.09727993103077268,0.06483343277209909,0.2625293920647844,0.2577602922943464,0.410982687474734,0.14968965825804853,0.2574298100789965,0.09340476576874188,0.21520228833739674,0.10140327694419922
0.061453766258488834,0.38404452459383387,0.18108541168389672,0.0,0.14959065691755216,0.242980033051616,0.11282159166840453,0.0,0.24332155699575558,0.27441624841396883,0.08243826559976881,0.3167391058563453,0.4338859719789519,0.0,0.15142919180271364,0.3539598257807173,0.5190320047293956,0.0,0.08685623209341835,0.18367115806899292,0.0,0.18965010522260128,0.008886594985538995,0.1863964825159466,0.3245746451506923,0.47414330475646393,0.15181186152273413,0.2854419482722295,0.2688529266321504,0.07059985399033734,0.09344320852766312,0.0,0.04677046390145504,0.07105214741232366,0.006335468131436496,0.0,0.10472236098325902,0.03108238471528593,0.0,0.12028683109991531,0.0,0.0,0.0,0.0,0.03330667375796246,0.0483286064890322,0.3552104088561075,0.2125120317357411,0.022984112430203117,0.23802304681651806,0.23372269693114195,0.19291056208861176,0.05294945097149988,0.2895011945881856,0.22566579624610442,0.07653024361500177,0.3293268247130037,0.32732635525418,0.0,0.15443948010225655,0.306000139192675,0.31146674739201186,0.45967581279306075,0.09524523174014012,0.12796588626680888,0.12460478958820963,0.16196686576914712,0.05702577551545205,0.13725179019399306,0.2856065523523374,0.44232556763096165,0.17051924780344593,0.21195376633266189,0.15746449799584394,0.09107402872698016,0.0
0.17135346011577032,0.0,0.5109870331955858,0.042300042920984715,0.3384127402140811,0.0,0.20602734280449395,0.029094899855020097,0.40049594984554066,0.16426087895034783,0.5341927633285679,0.12777085887750642,0.07804708642901152,0.06934898433342321,0.27036638385544276,0.31238729091196143,0.1550921505478886,0.08685623209341835,0.0,0.3364489035189136,0.2013949867483592,0.39610773850333075,0.02908803257148996,0.06270962925630853,0.14276350710201066,0.04885759238003967,0.29874859215198957,0.3536553860765945,0.21822380643067382,0.33904617789476404,0.24485137038280602,0.0,0.0,0.12036567691178238,0.0,0.07806872917110888,0.04662151503646109,0.045119843835187835,0.004347425991046162,0.0,0.0485983803263369,0.0,0.0,0.008937110202740009,0.01974715451607485,0.13389538857414837,0.055274560784470746,0.4970234521538564,0.04939140091377902,0.25664920084645804,0.0,0.2003352537524138,0.18785364017638292,0.3800488803734695,0.10516259330248148,0.4066904054787351,0.0,0.004235320295835497,0.01665004720065917,0.34179924642730886,0.23731412076151537,0.08960197527503624,0.10861955294434898,0.5683786853455864,0.30723832343057556,0.2711960912054937,0.3650027176403267,0.13390615937337177,0.02439777824649403,0.12053006473089442,0.05763606471643953,0.2643883955468973,0.356018633484327,0.22932792569763755,0.3848990748741104,0.2188450546961208
0.11954826371618758,0.0,0.44789305463549095,0.0,0.4878821165513188,0.0,0.34938588490143346,0.0,0.5447288375465177,0.08999648953899406,0.3885317988869808,0.1079188205689003,0.07469588766751882,0.0,0.45334891001259947,0.3832006943817143,0.10246142332592958,0.18367115806899292,0.3364489035189136,0.0,0.224338392647327,0.6337062899791065,0.0,0.0,0.07386940798942238,0.0,0.5490032854282693,0.4638662910915132,0.47490858525473423,0.35436416639900686,0.3627576935160426,0.0,0.0,0.17016104518132338,0.07660310319239338,0.08584175228744564,0.24440102615141326,0.0,0.0,0.0,0.0,0.0,0.0,0.0,0.0,0.0,0.04187335338383548,0.4788515717172873,0.0,0.3477869644919353,0.0,0.2501580172057754,0.0,0.5141961683100649,0.0,0.4591249391770094,0.0,0.0,0.0,0.4782510128985227,0.3960737901373485,0.034763745157594464,0.09128352745781901,0.261582993038283,0.6054062179176491,0.3553040464749159,0.5778562171868238,0.0,0.0,0.05513129061416409,0.0,0.48619330645946257,0.24930104507635276,0.44055836507165974,0.24553222233107086,0.10533447282636849
0.25937340696218936,0.0,0.2472085621250193,0.13126143375800672,0.11563203397057378,0.06748134966649445,0.1891498704235439,0.1809685537824706,0.14657989402074564,0.3474805035890947,0.14821440343387365,0.09079190564567517,0.0367462577122797,0.08983276486062844,0.21372168426133759,0.32958177077653505,0.08303550066510897,0.0,0.2013949867483592,0.224338392647327,0.0,0.24143306955084182,0.2024030470204075,0.13669028166556024,0.2328045687936259,0.0377638350738693,0.26646880870500395,0.16856156238884634,0.2545668152951796,0.19346182595537498,0.312715766273807,0.11693002878635378,0.26073441055691216,0.28108349936329274,0.14473758461888164,0.08649900168850827,0.0901586451619911,0.0,0.05327509047074416,0.1876957536237677,0.10646841239017968,0.0,0.0,0.0,0.0,0.19099886613436334,0.06387718581161066,0.2268457154220586,0.15526580567991813,0.16091347141635276,0.029875472052167354,0.20627824649219037,0.2593849095852144,0.1571927717728467,0.1769302838990246,0.19145994546327053,0.0,0.0,0.07537699881108237,0.19049748064949448,0.13037864703804977,0.115705797267053,0.0,0.19462637217392098,0.16428427203840595,0.506368668954177,0.20578090913233926,0.23506221705538405,0.0,0.056581980382676415,0.0318887026877562,0.16350413560930852,0.0030462546560749036,0.18205417186069653,0.1494253770095748,0.09433246001365966
0.1662707542526283,0.0,0.45509988099444776,0.0,0.4653324690881171,0.0,0.33799786692214223,0.0,0.5290539518696614,0.13727923645182172,0.3948490327055929,0.09434482902833984,0.0844437952918732,0.0,0.45649957001492836,0.4308241877592684,0.14656349229470045,0.18965010522260128,0.39610773850333075,0.6337062899791065,0.24143306955084182,0.0,0.0,0.0,0.12981511196628767,0.0,0.531329927677141,0.43647001475548247,0.44780643455931785,0.34465781283416175,0.33301857318753064,0.0,0.0,0.1842852395475138,0.05686426021685931,0.0817350501834898,0.1886151274863161,0.0,0.0,0.0,0.0,0.0,0.0,0.0,0.0,0.02193921193424312,0.11155170750620952,0.4718507602566511,0.0,0.3508419805126121,0.0,0.25790009426071564,0.0,0.5069669338704541,0.07579778254263615,0.45602657951533904,0.0,0.0,0.0,0.4975108814693832,0.4028935728955345,0.08927214855311487,0.09496572100325212,0.34611151209968755,0.5739786960178535,0.3547446076276385,0.6042352515733758,0.0,0.0,0.09871424345970513,0.037320134626659764,0.4591703892570256,0.27786305694449365,0.404532003186526,0.2865661027570147,0.14388737546093225
0.0,0.29500089838487964,0.08254217390908114,0.0,0.0,0.5053532276196608,0.0,0.5954901960563168,0.0,0.0974805977511658,0.0,0.22089186027341726,0.21932926967916846,0.2603159386928211,0.0,0.0,0.06381354305771071,0.008886594985538995,0.02908803257148996,0.0,0.2024030470204075,0.0,0.0,0.28481130248019476,0.17647175247923436,0.3300577852955115,0.0,0.0,0.0,0.0,0.0,0.24872061716322866,0.2264004554948227,0.03776229670512296,0.0,0.05058105240621517,0.0,0.10197974692835457,0.24475733946634043,0.15914816256959846,0.056228340605127,0.022618344043245534,0.1591194651112319,0.07152011783897416,0.0,0.0,0.18068275577420004,0.07546572196580999,0.1057478460244449,0.0,0.44022398446543415,0.049057905282118154,0.4887758835140812,0.0,0.0,0.0,0.2338425800396357,0.19246568717680165,0.23191432852877397,0.0,0.0,0.00269093989254125,0.0,0.1225325753972053,0.0,0.039733843823057585,0.0,0.5780408799205833,0.09776568815700912,0.0,0.1434131005224066,0.0,0.0,0.0,0.0,0.0
0.26810883319488155,0.16622652477172692,0.0,0.21797210884482046,0.0,0.21546333363343495,0.0,0.293951001863829,0.0,0.2774478711749985,0.0,0.28140530242111234,0.12096441864415718,0.19688427833604458,0.0,0.16148863498169477,0.31123454643266224,0.1863964825159466,0.06270962925630853,0.0,0.13669028166556024,0.0,0.28481130248019476,0.0,0.2808595736658061,0.3411025062800201,0.0,0.0,0.0,0.08557159176411473,0.022075821847495933,0.24169320834638294,0.19409255363668318,0.13811903237688386,0.02950263591901172,0.10377409111951807,0.0,0.3010983114932635,0.24706929680229953,0.2848401629250829,0.24904668440976874,0.16857311083166196,0.29431818467712845,0.2529070040783761,0.26445305196732577,0.32590475979163375,0.05550448199156049,0.018988219038802438,0.20623160731508808,0.0,0.12174929832462145,0.04731885348368305,0.24961018628115098,0.0,0.3251095817768175,0.0,0.3136321691939067,0.13288141260684436,0.2823718256880972,0.0,0.0,0.2387237340997142,0.21576075140704712,0.14052540425363494,0.0,0.11415357336883583,0.0,0.173676049817697,0.5009215247971384,0.1973628590952783,0.33569494690886376,0.0,0.12468015525251815,0.0,0.16067893445372605,0.1233585107404487
0.3041467217317732,0.42039323001227097,0.20977841182342402,0.07130978249250648,0.08231340656838664,0.2725398901013021,0.1396541411245342,0.1314075172005135,0.1731656980544801,0.3977349680819745,0.1404258232695531,0.15245377503655042,0.22473740281322926,0.020431873794306596,0.12302295990818382,0.25821415805991593,0.3857311331639514,0.3245746451506923,0.14276350710201066,0.07386940798942238,0.2328045687936259,0.12981511196628767,0.17647175247923436,0.2808595736658061,0.0,0.4688486655849971,0.20972760041855798,0.048701838462762784,0.1546526938925409,0.0,0.04517044055112612,0.17101815864257705,0.2225731981227985,0.0801300440896007,0.06780545004705817,0.0,0.0,0.11643967961988141,0.13541174676282233,0.22823903526934244,0.12096311671984866,0.03140918573582435,0.08391701807456364,0.07013806806578453,0.04927956762008555,0.19521376399747375,0.28017644813751835,0.19462094582637482,0.052411103250796585,0.12678225508509056,0.15687605092776954,0.169357726965197,0.10919503083759877,0.19078027209902818,0.3398853720792309,0.12873593015901263,0.17176163355577684,0.0639814282938647,0.04310164588962211,0.19903869385703463,0.16133834747660036,0.26120247290163756,0.1591568548293757,0.2147586662756856,0.06355851146843451,0.2472801062625639,0.125435633198752,0.1571873146042189,0.16134042617473293,0.43891944177782116,0.4213250549358523,0.2512294707479964,0.07174725736755816,0.1664867633371688,0.08535773002259295,0.03962190843846997
0.09255827290215345,0.5674571773076748,0.12824718745784633,0.010550491287749845,0.0,0.48880762232415215,0.02689410548229156,0.29404776192249904,0.04185959128976427,0.22326578367970473,0.0248911698860349,0.31683910025302375,0.40256963071445356,0.012902820720909402,0.12097903152624025,0.11105527153677953,0.39923342599912076,0.47414330475646393,0.04885759238003967,0.0,0.0377638350738693,0.0,0.3300577852955115,0.3411025062800201,0.4688486655849971,0.0,0.0,0.0,0.0,0.0,0.0,0.11940177640516589,0.12936698485635678,0.0,0.0,0.026189896579289728,0.0,0.13215826738091002,0.15827287693597694,0.17822897545902155,0.0,0.08281649557447886,0.1699363420527562,0.13714857444282857,0.05321390845100772,0.0,0.4182210258199559,0.1367153913017393,0.026334625099823962,0.08145455175263792,0.37444479018547916,0.09560799986494566,0.20559807187239054,0.09219509892516613,0.20461229710857484,0.0,0.44370455623777183,0.36597637199742694,0.019846665187711193,0.10180732704705464,0.0,0.2523167176290415,0.24346897839754034,0.13382690505209244,0.0,0.03290970941641929,0.0,0.2869108035803685,0.19363134541720314,0.325203532309833,0.543856473919324,0.04233029238422703,0.03984834794488132,0.0,0.0,0.0
0.0975860781269915,0.02217417315949078,0.46298875161213965,0.0,0.48668033812649725,0.0,0.40637730556488333,0.0,0.5422116363426314,0.20579444905384534,0.3986675448786504,0.04594652736598729,0.12331621188047615,0.0,0.32762536496238664,0.39139379120821105,0.1144073906277941,0.15181186152273413,0.29874859215198957,0.5490032854282693,0.26646880870500395,0.531329927677141,0.0,0.0,0.20972760041855798,0.0,0.0,0.38451178198855274,0.47091531279194193,0.21317285264985508,0.32411357964418147,0.0,0.047427925650146474,0.12198898089012462,0.01973721496674577,0.0253469547379391,0.15586531222777328,0.0,0.0,0.0,0.0,0.0,0.0,0.0,0.0,0.0,0.18456242233265008,0.4623978180049974,0.0,0.4195033719341356,0.0,0.3501600626342193,0.05698490458816809,0.5343942087194149,0.10534715931964468,0.515534252228928,0.0,0.0,0.0,0.3871416697319981,0.2939834826012567,0.13318993140169313,0.04474889744668741,0.2786434684642067,0.4877757646434177,0.33215742420310407,0.4907200349465879,0.08416487926435667,0.0,0.14221253049231952,0.0,0.5492394641723328,0.15203462796425402,0.42375821448773404,0.1034473346951916,0.02594155877972894
0.06743747974316966,0.0,0.368893705070393,0.04340432857638393,0.5165088320855895,0.0,0.4296775702159516,0.0,0.5162845237620807,0.28003973109389885,0.43008793590373257,0.32260704384107797,0.33399601605440205,0.025707018972730644,0.1659950962390269,0.4661648707792517,0.2635630839469747,0.2854419482722295,0.3536553860765945,0.4638662910915132,0.16856156238884634,0.43647001475548247,0.0,0.0,0.048701838462762784,0.0,0.38451178198855274,0.0,0.3864743458800075,0.4474791124708608,0.5049308746894489,0.0,0.009969947875943417,0.24275613271870866,0.035333142261750286,0.17995216395124586,0.282199625985997,0.0,0.0,0.00396929551838753,0.0,0.0,0.0,0.0,0.0,0.059470354300637594,0.09159891214428721,0.420704479551527,0.0763353222962294,0.4041848205070673,0.0,0.30949945276804536,0.15353495680075646,0.4588761256826299,0.18501601870350973,0.414612433539726,0.008679197721541163,0.09529402783127917,0.0026325639512827506,0.22420660103495413,0.34935243252011994,0.2176051163255476,0.27265479597247305,0.22317225078363156,0.3483331996528244,0.3445494197830688,0.36008163887170463,0.0,0.0,0.05557980703655341,0.0,0.26257172227114445,0.3927912700082672,0.2552400576207197,0.3109459449917911,0.10216981033670162
0.1569524114520083,0.0,0.2592063219853869,0.0511745312325568,0.33482863434210586,0.0,0.23852997957880598,0.0,0.3629385562528397,0.18859128537286196,0.2071833982892656,0.03882890667245488,0.11142078305301636,0.0,0.2559435805135084,0.4925717625459838,0.14722118007416893,0.2688529266321504,0.21822380643067382,0.47490858525473423,0.2545668152951796,0.44780643455931785,0.0,0.0,0.1546526938925409,0.0,0.47091531279194193,0.3864743458800075,0.0,0.3204881441493759,0.3610117770529146,0.0,0.0,0.14949071339148245,0.09599103388337091,0.0,0.15984820886260478,0.0,0.0,0.0,0.0,0.0,0.0,0.0,0.0,0.12299621428377627,0.08852142523007678,0.32017725568539057,0.0,0.26736288436896,0.0,0.20569639075455093,0.0,0.33663680968637233,0.14086892978418458,0.24603229709578986,0.0,0.0,0.0,0.2901285786464307,0.5064824292187973,0.1123308828593963,0.21991629968666296,0.18962587241977122,0.44694319325449466,0.3643512085809935,0.4291411042673176,0.0,0.0,0.19492319398960348,0.04591342159074137,0.43096994894240415,0.20846573040353986,0.5749460107142752,0.19711108234905741,0.17829829535801264
0.16627006010075782,0.0,0.22829138188442452,0.21536714373795846,0.3588729453569366,0.0,0.21273780813327958,0.0,0.29141989556847786,0.1367815228394625,0.36255307962954636,0.16061178826642003,0.050478265876429146,0.09815681108030698,0.15606032812839196,0.38592326162849694,0.10318710446774845,0.07059985399033734,0.33904617789476404,0.35436416639900686,0.19346182595537498,0.34465781283416175,0.0,0.08557159176411473,0.0,0.0,0.21317285264985508,0.4474791124708608,0.3204881441493759,0.0,0.39224589213477773,0.0,0.0,0.168748238860384,0.04104903505695576,0.12701961136787213,0.12659991028345863,0.0,0.0,0.0,0.042236676009903745,0.0,0.0,0.026652822086778202,0.040677177418051644,0.19697086860592525,0.0,0.28572891661274935,0.05872885752076734,0.17098937701475114,0.0,0.08251707117576881,0.04822727761983702,0.19791953661999873,0.17871137336234133,0.21259134999065527,0.0,0.0,0.0157123478801953,0.184981169390214,0.35172839312402165,0.10849763532341938,0.23357172577969712,0.21322661595578515,0.2971891794241255,0.28896920616009025,0.30491378643863726,0.0,0.03642903130712169,0.030862286254205888,0.0,0.16068380744668234,0.44938012276201356,0.2490997782970667,0.43453003238302906,0.3399809061303194
0.16756179831085458,0.0,0.20676708628436008,0.14698371834490292,0.3392091578366813,0.0,0.29327372605735935,0.0,0.3509575517128623,0.3467667831446019,0.2834833553133676,0.18156225685317484,0.04136577300856779,0.011032367408399892,0.08740276293281393,0.4135804059555161,0.1959913350940456,0.09344320852766312,0.24485137038280602,0.3627576935160426,0.312715766273807,0.33301857318753064,0.0,0.022075821847495933,0.04517044055112612,0.0,0.32411357964418147,0.5049308746894489,0.3610117770529146,0.39224589213477773,0.0,0.0,0.11874477530850477,0.40688749787178236,0.15091564431283838,0.13017774569260823,0.2975842030665267,0.0,0.0,0.0909588350836071,0.0,0.0,0.0,0.0,0.0,0.2246558492587046,0.0,0.23683185084529582,0.24418526949254193,0.3479174736425933,0.0,0.3184540857287268,0.11037824543344692,0.3191723593255488,0.26420490060773966,0.3512776494936632,0.0,0.0,0.151887029532723,0.14267677918879487,0.3235700329456664,0.20973989672979285,0.12505632388586807,0.1383477695011435,0.25753850539051026,0.4233890349453299,0.32617897642439364,0.0,0.07585220077044083,0.0,0.0,0.2215207941797404,0.2504065241591338,0.24285048198238476,0.2003555708601728,0.16585721709409007
0.13120421107966682,0.17959184617135973,0.0,0.19192301185671745,0.0,0.18272606662014024,0.0,0.2539687742083562,0.0,0.1326796432292232,0.0,0.0,0.0,0.2483916063951189,0.0,0.0,0.031881349952664964,0.0,0.0,0.0,0.11693002878635378,0.0,0.24872061716322866,0.24169320834638294,0.17101815864257705,0.11940177640516589,0.0,0.0,0.0,0.0,0.0,0.0,0.3052569729344692,0.08602043777306947,0.080393618010122,0.02584558045029141,0.0,0.12690917301159899,0.49417028247636524,0.30683240334182105,0.31608837239227455,0.23461864550098968,0.3390432352200866,0.28246102140560725,0.14354214076883304,0.13069934121407062,0.008700716710931436,0.0,0.1770610819462909,0.0,0.022581676468096716,0.0,0.06210094505149125,0.0,0.14722727638183278,0.0,0.09621439546949928,0.0,0.22977365087347082,0.0,0.0,0.10422593296576535,0.0,0.0,0.0,0.02736251452280577,0.0,0.08667036125875575,0.14810054334386297,0.038293366037124944,0.07733730212602159,0.0,0.0,0.0,0.0,0.04876111683783767
0.05373646901365042,0.122124182167084,0.0,0.13823872890984598,0.0,0.19559089758724743,0.16305839143225617,0.20708634394232656,0.0,0.3033260878335259,0.0,0.1017922197574329,0.12738833564323898,0.031347479572133206,0.0,0.17064203161747696,0.1075343405277255,0.04677046390145504,0.0,0.0,0.26073441055691216,0.0,0.2264004554948227,0.19409255363668318,0.2225731981227985,0.12936698485635678,0.047427925650146474,0.009969947875943417,0.0,0.0,0.11874477530850477,0.3052569729344692,0.0,0.35922870926391576,0.11778438812905688,0.0,0.0,0.17299886686560986,0.1663025600302097,0.5025041331546073,0.1929777224859255,0.0,0.08318559857377847,0.03258482641941476,0.07201498401644335,0.10030325827472644,0.1578417426646502,0.0,0.23313960174953693,0.12530629110260452,0.06920656680264119,0.207792769235005,0.18706567900709334,0.033586999280866774,0.2062644447880388,0.03681357779140433,0.07945541847760469,0.03870461828498787,0.25639823796428485,0.0,0.0,0.1762823656379445,0.0,0.03030780344528987,0.0,0.16125138026819488,0.0,0.12952838920577758,0.11109825034583229,0.046379048544147164,0.08782310283373856,0.0,0.0,0.0,0.0,0.0
0.11497949710441975,0.0,0.06366182236509503,0.11135682998527306,0.10832468440360762,0.0,0.19407476946995655,0.05360948062238595,0.1317458651093731,0.2878176916131469,0.04194418327310198,0.12002389212681217,0.05185047961788832,0.04856761334579004,0.036277586292524415,0.32977074822544034,0.1629428442318491,0.07105214741232366,0.12036567691178238,0.17016104518132338,0.28108349936329274,0.1842852395475138,0.03776229670512296,0.13811903237688386,0.0801300440896007,0.0,0.12198898089012462,0.24275613271870866,0.14949071339148245,0.168748238860384,0.40688749787178236,0.08602043777306947,0.35922870926391576,0.0,0.2503620672587934,0.04269104921555741,0.14104286985810455,0.007040064170895968,0.0,0.32692201995413894,0.1891550644871363,0.0,0.0,0.0,0.0,0.16596029981032218,0.05500385600679247,0.044712827357242385,0.34158752502302625,0.2533465182785164,0.0,0.2777421341201145,0.18997810950426824,0.1466571806490865,0.20885233274070175,0.1763137036506462,0.0,0.0,0.22205627691050772,0.03923373048617477,0.10627605463356574,0.2131735389913777,0.013186048474213454,0.08299787143844102,0.02425867133448439,0.2875928466568574,0.16179130083997278,0.05441635424858108,0.060189730955981964,0.0,0.018613934681624495,0.0,0.03851111765053236,0.0,0.07384353338792414,0.0
