0.0,0.4521575041208395,0.3208070982103472,0.0,0.16064060524489576,0.18697120501641004,0.10690697682353946,0.2065734460657722,0.24498048521222546,0.4243239732233241,0.08535957280086752,0.11723186986929253,0.14056958469425002,0.02263136880290863,0.6209790934697812,0.549344671573633,0.27239495391332,0.2571083931244017,0.0,0.4977244644862627,0.6265267327397002,0.6882545673703869,0.3595635373324199,0.5305518726151587,0.6116544188890697,0.457613523840406,0.42858183859496823,0.47696190460493104,0.5595115866392923,0.5544425656983286,0.5921071164800641,0.27233729287590425,0.2310781595550371,0.24951685078161892,0.17800196406704588,0.0,0.0,0.0,0.2305364385275429,0.6019994430501907,0.5025371135365635,0.08086637208927072,0.0,0.15018013034466052,0.09324665483803225,0.9070134105096818,0.4163205414803902,0.244994206358045,0.060947557937932106,0.22449873949667815,0.10280908220761767,0.25899491959957455,0.08520200232243196,0.26733769353501025,0.3722480935613046,0.15655347228781685,0.07745267778203747,0.295759248723192,0.0,0.6615469384632852,0.5794068748439839,0.07943929358750222,0.34525288143928184,0.0,0.5367469844026126,0.5695362191523985,0.7246960251330915,0.3024967676636315,0.6537216077697265,0.4679049123846373,0.6269969030053977,0.5020770167470939,0.4704534501937266,0.5866820305750546,0.5766086744175842,0.6843061381800333
0.4521575041208395,0.0,0.5953658257138197,0.0,0.21663736479128962,0.7725945487801664,0.3667855592536442,0.5572965397960007,0.32675058285089514,0.5599184123195843,0.42418547574244864,0.40959878973107144,0.6174478766465449,0.03639484911040021,0.5700787274787521,0.6216297666890808,0.5398589197387126,0.4953891682475144,0.4315754208188794,0.7049368090384602,0.28756050625044355,0.7675121167381436,0.6512558304859808,0.6594468776899761,0.7956462033667273,0.9413342684663014,0.5886237345653734,0.5031045860001325,0.661531854735036,0.4644561205999584,0.05329780644364182,0.0,0.23395709156288788,0.0,0.0,0.0,0.0,0.0,0.0,0.3944815477275107,0.21701538248999827,0.0,0.0,0.01146088774609158,0.0,0.5464673531828101,0.8872722010384826,0.41075738231937536,0.08947031994319213,0.0782881231105143,0.37555056390485203,0.0,0.30621449466227685,0.054877483182198594,0.2601348097329743,0.28643370141304264,0.2636938457161844,0.35438111380564224,0.0,0.5615409119933805,0.2377179144623344,0.045971186130222885,0.2595581187686578,0.46732602056536926,0.6508992730627235,0.2874216140622746,0.5709499544438302,0.47523345033865716,0.5246718463668391,0.5453677670535705,0.8027277936816042,0.5355916592690153,0.5223017930342305,0.4870716937554639,0.4432896433710588,0.27610556294660804
0.3208070982103472,0.5953658257138197,0.0,0.0,0.5926142257753766,0.643178640306821,0.3313158054900712,0.7854520984677299,0.7663876759479838,0.23313467344227498,0.9192714592612877,0.3253115715893327,0.6122243768122054,0.0,0.7878758689316179,0.4625512126596904,0.2815590215512273,0.2816891843126739,0.8803960348969347,0.8066923333286775,0.40965027662551856,0.7074455329719215,0.8624569966584281,0.33329350686283915,0.3806170293056772,0.5862070547825529,0.8523315834849876,0.5138356943367969,0.5579231268719903,0.46854595240683894,0.08209372105323677,0.0,0.069027451295023,0.0,0.0,0.0,0.0,0.0,0.0,0.20644586327348174,0.0,0.0,0.0,0.0,0.0,0.48454408881546635,0.5230143385629862,0.9373879548823348,0.14561906344085146,0.5117053400319415,0.5690638641193999,0.3203784183390479,0.7020863135960802,0.6076752644340274,0.21555328400173307,0.8179012343708165,0.14547398301803224,0.5299401714337971,0.0671415953722466,0.7702083559222345,0.3220341643284006,0.18076227407165293,0.29588483283640293,0.8594829043181552,0.7088153414734999,0.4242476805461939,0.6106352190197474,0.8621186302324826,0.31759538846765867,0.2416957869760748,0.6335236254802705,0.8069066711892527,0.6728874294933003,0.41158131486917165,0.5375670802334409,0.2721233736382725
0.0,0.0,0.0,0.0,0.10651339389724225,0.0,0.2972500361764648,0.0,0.0,0.0,0.0,0.0,0.11678907793776634,0.31585902609924704,0.0,0.04648237176846549,0.0419431818715501,0.0,0.0,0.059152011384819785,0.08222380071513469,0.0745206076441723,0.0,0.0,0.0,0.0,0.0,0.2593536618688617,0.0,0.12042186346798939,0.1881274418308889,0.0683809640313566,0.25457558450795054,0.32520984948054216,0.01772376565599969,0.4510385994699596,0.27744601463572394,0.3618386467194523,0.14154437065763673,0.16457164309356548,0.2300151022532326,0.037035606784842974,0.22548265072932486,0.030411627781693665,0.2709329959413132,0.06814055394245447,0.0,0.0,0.5549894662807533,0.07225117392600601,0.0,0.28246817870771557,0.05969836545036447,0.0,0.0,0.0,0.06043650044704596,0.03555551522875012,0.24558518407844993,0.0,0.0,0.0,0.0,0.0,0.0,0.14337364878765707,0.0,0.0,0.0,0.0,0.015213881385826751,0.0,0.05411341237890918,0.0,0.0,0.0
0.16064060524489576,0.21663736479128962,0.5926142257753766,0.10651339389724225,0.0,0.5499200935489341,0.3363443251151919,0.5389937458072034,0.9143361100149575,0.29018840927794926,0.7383020905357053,0.30347792237324733,0.5439181278608196,0.10555253405643265,0.3840154728663383,0.4051105581409172,0.37360801917075476,0.38248347649971637,0.5007094495119677,0.3082269577593282,0.2723793733870698,0.23869416221257267,0.5502417299858594,0.17492369241534655,0.157644904497715,0.13487263086240925,0.6760605949789998,0.37900146777064203,0.2268287020333194,0.1379733365889578,0.05725144026719284,0.0,0.0,0.0,0.0,0.0,0.03398210058868672,0.0,0.0,0.13641160772236666,0.0,0.0,0.0,0.0,0.0,0.24618489548368302,0.2798451199661984,0.7337509697015753,0.24387436917990402,0.915371746185071,0.8460692417142011,0.8254999205076933,0.5889040927812829,0.8874028431243386,0.5174129603707394,0.844301709708571,0.33650977450152436,0.7165269611015445,0.544685415606461,0.35117549159299905,0.3725819190093358,0.4822004981440815,0.3760496254809905,0.505092826102958,0.2517522670559017,0.2887911972066495,0.21155878317218868,0.6870001724995843,0.20291530940690267,0.32758214212246844,0.2822040842913087,0.7199780198718091,0.5594462619012048,0.40075547165683795,0.3918564028922631,0.27981284148126695
0.18697120501641004,0.7725945487801664,0.643178640306821,0.0,0.5499200935489341,0.0,0.5200062395658134,0.7611421263987612,0.5830461541155969,0.4351049706303273,0.6180687012602268,0.5425942859142945,0.792653660400692,0.039363408936709546,0.4127308055928189,0.45116168823654995,0.507553177875663,0.5136442532020953,0.5706568690439521,0.51021998302182,0.19699532182894397,0.4471063437918766,0.7786906034081021,0.4318500887294258,0.40670393940855304,0.6122107986631706,0.6501092886576936,0.49408178864644303,0.534065860817571,0.32426625529580566,0.0,0.0,0.12225512882875379,0.0,0.0,0.0,0.0,0.0,0.0,0.2685014432024322,0.0,0.0,0.0,0.0,0.0,0.19167149696016794,0.5771226580527792,0.5910738654306521,0.11190033499002507,0.39823981163534966,0.7044338093957091,0.33720558475178003,0.588005907991376,0.35943092482399985,0.33668452015672773,0.5205559922393243,0.42224030971332854,0.5858554060417253,0.08605080399597811,0.40039037463231275,0.12078400646385906,0.290626379283613,0.18113497464642025,0.5806437223334739,0.41329518901554496,0.18217889010796406,0.26802867227262744,0.6079115958795893,0.2929496727108501,0.3924711181504705,0.46865340348225326,0.6032589814605402,0.48475268625622553,0.3613206284954644,0.38106886885470603,0.06801540680292058
0.10690697682353946,0.3667855592536442,0.3313158054900712,0.2972500361764648,0.3363443251151919,0.5200062395658134,0.0,0.29346760965708074,0.28183944911254416,0.16667887337650283,0.3830904684659794,0.07995754714866452,0.6426202483634135,0.3040051530524663,0.308271388184445,0.20553526337543257,0.16799783136422738,0.1537240738172843,0.311267444912324,0.4692941851334338,0.30176014150199953,0.40105470055684606,0.3153194205074702,0.12356479442134795,0.21852720213857624,0.36902813593478434,0.49991058683925294,0.3901361966686195,0.5782582037547472,0.4374436613418602,0.25762721275704153,0.0,0.5881810905075187,0.03125962925644193,0.0,0.29042245363272173,0.25339099529935327,0.30426224768456317,0.0,0.4029677374639948,0.3246564091841875,0.0,0.0,0.0,0.04336055550936188,0.14834833567423622,0.30749985176839834,0.2705150513267055,0.47795075719396846,0.10106339169876796,0.02185560120995724,0.31582564058502105,0.3442225050900231,0.08159437776241368,0.22717170384325014,0.21726177320000087,0.10183301431968848,0.10944253762720403,0.15165587947643333,0.2591158080750303,0.0,0.0,0.0,0.265611246746735,0.23030403955781997,0.3244431292555332,0.1386969355012853,0.14598873266921955,0.0,0.0,0.1897075711189556,0.3478045882809926,0.20191785696779901,0.0,0.03024277418275216,0.0
0.2065734460657722,0.5572965397960007,0.7854520984677299,0.0,0.5389937458072034,0.7611421263987612,0.29346760965708074,0.0,0.6040701721245341,0.24756842105025248,0.7224393765870957,0.55309614067436,0.6111320861616915,0.08283531550647873,0.5810843030122287,0.2577976727728619,0.35659556342472254,0.24478700533880046,0.682767811909185,0.610312779106355,0.37092266989126677,0.5173301625820989,0.9218137795222188,0.413430714012256,0.20198846699053066,0.5500700955806228,0.653886012779754,0.5058810044731628,0.3569157168757296,0.3443177451468968,0.0,0.0,0.1034641309498271,0.0,0.0,0.0,0.0,0.0,0.0,0.20768702873487796,0.0,0.0,0.0,0.0,0.0,0.2779896626739141,0.42250847235684585,0.7254528228429353,0.13572170043622991,0.44759449777030824,0.6671267805762701,0.3217167227867907,0.874716103126142,0.4443561463296785,0.2603472727608086,0.6474811355801756,0.4271800320161331,0.5311079329414465,0.16427317273090628,0.5720087508461412,0.08512270394378557,0.32081117207374776,0.15687682940421127,0.6614745650865232,0.5564433378132705,0.40159270901469957,0.45729044374029526,0.8163264680653288,0.34297262019700314,0.1796234864760406,0.5106759644806674,0.6263362839308885,0.4817232897151914,0.2368563535513634,0.41634328278262295,0.08490365801900142
0.24498048521222546,0.32675058285089514,0.7663876759479838,0.0,0.9143361100149575,0.5830461541155969,0.28183944911254416,0.6040701721245341,0.0,0.27024827086667214,0.8613399946190642,0.3003706671277032,0.5503256047371746,0.0,0.5374822121543708,0.43177956454904465,0.27491064531329423,0.32311363428582146,0.6623355386106127,0.5068705563191335,0.31491700850954785,0.4068178977372105,0.6689002259868392,0.20942483766482756,0.1926008423067458,0.2694719959657595,0.8335574709108429,0.40268678198651814,0.38236140542917674,0.26498140526385744,0.051002542719150515,0.0,0.0,0.0,0.0,0.0,0.0,0.0,0.0,0.1931912106828391,0.0,0.0,0.0,0.0,0.0,0.3492587966866398,0.3684947232612272,0.8532019333225696,0.20133732439787239,0.8494855291646628,0.8027314698778055,0.7401703614950533,0.6492336665762372,0.9585634744769972,0.46260161908106145,0.8960085878892462,0.29836122100767787,0.7027984837211936,0.4276717673544158,0.49545732577408486,0.3297432292501472,0.387482000622197,0.30219268830783524,0.6521883256572821,0.4544254843234924,0.34932075895328396,0.37544027448669626,0.7772365272369626,0.23004484298750863,0.27441125661632865,0.4176708360429386,0.846566527468713,0.6070971076449038,0.4634526114743974,0.5221505066911748,0.25671551979325385
0.4243239732233241,0.5599184123195843,0.23313467344227498,0.0,0.29018840927794926,0.4351049706303273,0.16667887337650283,0.24756842105025248,0.27024827086667214,0.0,0.16649325734894865,0.6598990278672208,0.4617604668599678,0.012142706379683817,0.32260532521844404,0.5239308088588251,0.6837723229015666,0.49191915671303765,0.0583836961447253,0.3606517856051012,0.14311497428315006,0.4730646516029772,0.35978813550306804,0.7448483112712863,0.6893200005196172,0.526532865787822,0.26620770007212813,0.5681127895506854,0.3788817542556824,0.47911810209465794,0.35613825539542054,0.076449919220077,0.0,0.0,0.0,0.0,0.0,0.0,0.01941910865725824,0.31763659047418746,0.21197821340246917,0.0,0.19669184216830057,0.27421726106273364,0.007143538967593826,0.48910643151421856,0.49758167043781026,0.14119435269223568,0.027742323167996925,0.3196995363914834,0.39365242255164656,0.24565784338916263,0.10153780953295477,0.20049619544561947,0.6865507568961579,0.20028239181020813,0.6169531210800987,0.5297511787214513,0.12329075321750475,0.3295575191458964,0.3201556593294721,0.3393836407090956,0.3718727056944366,0.14284338469780325,0.4109353506169252,0.14506744740938982,0.3370942176861347,0.30954516131370524,0.6383040809435988,0.5670922995221497,0.5375123978317646,0.33942360642148806,0.5652119243752726,0.5143984133494512,0.5286046311933852,0.5799111642309188
0.08535957280086752,0.42418547574244864,0.9192714592612877,0.0,0.7383020905357053,0.6180687012602268,0.3830904684659794,0.7224393765870957,0.8613399946190642,0.16649325734894865,0.0,0.29461471307730985,0.604500570443123,0.0,0.5867874802321219,0.3434415226660203,0.22459972980804174,0.27051567348511135,0.9237004832962631,0.6475272607448981,0.3087567705937842,0.4860918956001522,0.7401434534359589,0.15799322520767023,0.20421784706837728,0.41312675088072814,0.8014807962008792,0.3840620959100869,0.40572881788714477,0.31616267438174767,0.0,0.0,0.04305608490808509,0.0,0.0,0.0,0.0,0.0,0.0,0.1134850039303092,0.0,0.0,0.0,0.0,0.0,0.2631967102421666,0.41737807923708936,0.9458529632027043,0.24538012560104486,0.6381223160507333,0.6478557147237174,0.467960448234233,0.75948487581497,0.7105472183411149,0.28747067891262845,0.9364697174747614,0.18277629237507115,0.5080071971774048,0.2536030067205857,0.5550496707628974,0.22926447553064938,0.2951163547358586,0.22187582147155852,0.904462319215326,0.5106340664089043,0.3583765878724379,0.38658138077060356,0.8060677361065877,0.1260851881279881,0.18512310395935924,0.469490025568775,0.7598520072667525,0.5570224472651184,0.2691469968051927,0.4578763241851991,0.06621771178192673
0.11723186986929253,0.40959878973107144,0.3253115715893327,0.0,0.30347792237324733,0.5425942859142945,0.07995754714866452,0.55309614067436,0.3003706671277032,0.6598990278672208,0.29461471307730985,0.0,0.5675365201865166,0.031393215470052506,0.2727248293299591,0.26147358689436334,0.5131393585504318,0.3067276320486188,0.22595606340351262,0.30007199595411205,0.03188667723767978,0.2686297967348989,0.5073178628593052,0.6540405771831316,0.2645431166643532,0.44985900651017036,0.22355760381608775,0.4911389867104495,0.1714613672152435,0.3094222535394676,0.0,0.0,0.0,0.0,0.0,0.0,0.0,0.0,0.0,0.16979997428765603,0.0,0.0,0.18980206441965605,0.15814282022948506,0.0,0.2057827825569328,0.2643438183790205,0.27747614722076036,0.0,0.3539367353858506,0.49933013903302037,0.20912292208994632,0.3719142060266498,0.23000905728701002,0.5639305588117659,0.26179286260510753,0.9009280326513707,0.6595413719685826,0.14220825555460243,0.2763911450685463,0.0794485245801356,0.5417895474100641,0.22378684938387242,0.28733791086513033,0.3858585587559009,0.0,0.19697395671336093,0.4428740331065808,0.5077723153714029,0.2503234391712352,0.4072691139968743,0.27004000082422686,0.5609794487425839,0.21970545038936784,0.48129105371047126,0.2744743420756232
0.14056958469425002,0.6174478766465449,0.6122243768122054,0.11678907793776634,0.5439181278608196,0.792653660400692,0.6426202483634135,0.6111320861616915,0.5503256047371746,0.4617604668599678,0.604500570443123,0.5675365201865166,0.0,0.17551149359012858,0.42352733921432983,0.3946771465808914,0.6114910318645077,0.2842154239962415,0.5190972602300166,0.5983031079302932,0.15792921629965292,0.4717018744022146,0.6237397181238702,0.4369662234597198,0.33061797749333294,0.5954024696877411,0.5807149615460476,0.768476391527688,0.58831044397298,0.48278382580621676,0.17634492051239278,0.0,0.27214353013887793,0.0,0.0,0.0,0.05272945845535828,0.0,0.0,0.338301683628368,0.15154279087052727,0.0,0.0,0.0,0.0,0.24529812608073312,0.4792584602563215,0.5319007344410044,0.30267459884035647,0.40545931764743104,0.46099020687153375,0.41125458687827426,0.4945988132519172,0.33384572766879705,0.4280703064876905,0.4941931950597149,0.507770447145483,0.667073985922416,0.14773430455903558,0.3840000515200089,0.004173163097869464,0.3241827616030639,0.014435239215484053,0.4988820037666298,0.46751827248895433,0.1894633750762966,0.27326614709608715,0.5010406124461786,0.31361705829285585,0.11564282884879251,0.45433401135541035,0.5268740495789093,0.6836270349018256,0.18438889118933352,0.2741073549439423,0.07359015353101461
0.02263136880290863,0.03639484911040021,0.0,0.31585902609924704,0.10555253405643265,0.039363408936709546,0.3040051530524663,0.08283531550647873,0.0,0.012142706379683817,0.0,0.031393215470052506,0.17551149359012858,0.0,0.0,0.0,0.006096774389811245,0.0,0.0,0.05004052039785115,0.0,0.04548588582698929,0.0,0.1374589031884332,0.0,0.1017481450907717,0.0,0.19306539985509671,0.075738460405781,0.11329283543317657,0.24547489193955724,0.0,0.2369384706942053,0.13974906567726234,0.0,0.46122353098517105,0.2899183421788123,0.35363428617891285,0.0,0.23346640919562162,0.2532274733266818,0.17981435044457503,0.1805229607593128,0.10141879408288239,0.14248086116136333,0.0208558938296305,0.12359431405649118,0.0,0.31422275209040884,0.0,0.0,0.09274033575253555,0.11377688445114671,0.0,0.06301227109162817,0.0,0.06618488711256562,0.024056554706851044,0.3314584483011551,0.0,0.0,0.0,0.0,0.0,0.0,0.0,0.0,0.0,0.1584022839586402,0.0,0.06966144897509767,0.0,0.007901283734683446,0.0,0.0,0.0
0.6209790934697812,0.5700787274787521,0.7878758689316179,0.0,0.3840154728663383,0.4127308055928189,0.308271388184445,0.5810843030122287,0.5374822121543708,0.32260532521844404,0.5867874802321219,0.2727248293299591,0.42352733921432983,0.0,0.0,0.5755784362913797,0.30779469462576703,0.3403842747104695,0.49509675567808703,0.8304832248490809,0.7975693795373798,0.8604630455769455,0.717667818651433,0.4775246085950485,0.5594717767881644,0.639295020904545,0.7449682348713925,0.5473233208674447,0.65183849165177,0.6138866618339175,0.440972368266842,0.04798750459906777,0.2648411348652149,0.018624378920799146,0.0,0.0,0.0,0.0,0.08687671805266088,0.38064994271846364,0.20723838294782798,0.0,0.0,0.0,0.0,0.7593034805387897,0.5053711511454647,0.6961302341276483,0.05241489793372262,0.32263723749154277,0.34237122484643095,0.26692179773392344,0.510463395379681,0.45664120128583957,0.2527503975420208,0.5203966027294575,0.08281477625725225,0.3883458413746694,0.0,1.0,0.5009781362458768,0.1714334982427591,0.36258137036307353,0.4853552496148069,0.7873188162265438,0.7207047112445376,0.8308783754207344,0.6794596750319623,0.46939147391760166,0.2900444358996465,0.7153327284375829,0.7550238692218446,0.594914049362056,0.5109227460984732,0.6333413499373431,0.4611416648596153
0.549344671573633,0.6216297666890808,0.4625512126596904,0.04648237176846549,0.4051105581409172,0.45116168823654995,0.20553526337543257,0.2577976727728619,0.43177956454904465,0.5239308088588251,0.3434415226660203,0.26147358689436334,0.3946771465808914,0.0,0.5755784362913797,0.0,0.654780443554005,0.857254610228349,0.32411043312944127,0.42666364480051017,0.4640741149698083,0.636650712834817,0.4045753397101587,0.49974648912568576,0.7808981630698831,0.5318189271548224,0.5756162248312153,0.44815169208887273,0.5284652592473468,0.41753174485563394,0.3821249631056256,0.21797394965830502,0.16849429418343048,0.10161870125166189,0.0,0.0,0.0,0.0,0.12279303601181407,0.3844289967884361,0.23976568214159377,0.0,0.0,0.0,0.0,0.6467993364935056,0.6221867594102533,0.41866750024819704,0.15383943695210844,0.3874558361903452,0.4125993148257548,0.40855715111986657,0.17962122008567158,0.3575600475236031,0.45953341181228974,0.3288798533665854,0.1029673631827963,0.46685238217443126,0.08745503509181306,0.5866248207322691,0.7001311101633669,0.35695252163508384,0.6889852348789556,0.38502409320031317,0.4690426870995866,0.43296691792404074,0.533481757796282,0.44323818463886117,0.47599973342711194,0.6762630438456554,0.6050579991585645,0.61313804952526,0.5708827707831435,0.6825896321419627,0.6398935389579146,0.6048161164210497
0.27239495391332,0.5398589197387126,0.2815590215512273,0.0419431818715501,0.37360801917075476,0.507553177875663,0.16799783136422738,0.35659556342472254,0.27491064531329423,0.6837723229015666,0.22459972980804174,0.5131393585504318,0.6114910318645077,0.006096774389811245,0.30779469462576703,0.654780443554005,0.0,0.6408396372051882,0.19740217203305074,0.35199496674433767,0.15620892682999873,0.4182418933440608,0.34723771628355465,0.5914527917864701,0.5803180792973653,0.533372886331771,0.28696301086876486,0.589989464080165,0.3201129598001568,0.34082221825697706,0.3681335580112173,0.18501755731889172,0.10379028672773952,0.06660995328201512,0.0,0.0,0.0,0.0,0.08865634173558767,0.15918717399754803,0.18409813980798892,0.0,0.20551801182105425,0.18519431006803297,0.0,0.3385208477443207,0.4529097146089778,0.20636365540173598,0.0650352215924218,0.29761557919958675,0.44564069894318775,0.25390858651513365,0.18514528596009505,0.21617460609251946,0.47868556210231217,0.23025558327084042,0.43704531650535344,0.5677866925748135,0.1039734217250053,0.28462458592617895,0.28901819162771913,0.5013566917352014,0.4407527117762726,0.2253065200482704,0.38506389235622523,0.19766512957208796,0.3114593694385473,0.28609251965907906,0.45199167163689685,0.42964928264442187,0.48270938618893133,0.34066751577650095,0.5639300129919493,0.3904930136006751,0.34989330989977285,0.4185795375983638
0.2571083931244017,0.4953891682475144,0.2816891843126739,0.0,0.38248347649971637,0.5136442532020953,0.1537240738172843,0.24478700533880046,0.32311363428582146,0.49191915671303765,0.27051567348511135,0.3067276320486188,0.2842154239962415,0.0,0.3403842747104695,0.857254610228349,0.6408396372051882,0.0,0.282906754046639,0.15249400726835624,0.35690522906960337,0.3107100891915944,0.33928393583381766,0.34631633970163067,0.641256877513147,0.32249748919037974,0.36706327555062884,0.20126661840280075,0.26404500086064664,0.1424255755655108,0.09669618407841167,0.22474906677998918,0.057712951350237136,0.0,0.0056602397890280955,0.0,0.0,0.0,0.09781237666049428,0.15187305636892426,0.0037146900990613243,0.0,0.0,0.0,0.0,0.2763593212844987,0.42530553991156494,0.333806048070353,0.022407835299890246,0.33636858303637096,0.48629603339746097,0.3184658109733679,0.20163552154863681,0.320556586382342,0.43666458945852055,0.2953919906629893,0.1455682779829072,0.3196966889854772,0.13275858321394055,0.32015302404979173,0.5921303073832465,0.4852561418971671,0.7075068176989459,0.33887536237367816,0.24002419555813817,0.29271823627227506,0.2652434862676495,0.3069197465296915,0.2225581999722152,0.6840118942714394,0.3352425912221362,0.3916859395693385,0.3090915642192171,0.5310846028339492,0.47800503554701385,0.41843579087520816
0.0,0.4315754208188794,0.8803960348969347,0.0,0.5007094495119677,0.5706568690439521,0.311267444912324,0.682767811909185,0.6623355386106127,0.0583836961447253,0.9237004832962631,0.22595606340351262,0.5190972602300166,0.0,0.49509675567808703,0.32411043312944127,0.19740217203305074,0.282906754046639,0.0,0.5916184830609565,0.22157567951981846,0.45191488130032603,0.6783269270603626,0.1172415896383327,0.17239386071231172,0.40866826805097745,0.6592189873381857,0.2995102270376152,0.32473676541988683,0.30933692447291605,0.0,0.0,0.05774560060929784,0.0,0.0,0.0,0.0,0.0,0.0,0.0,0.0,0.0,0.0,0.0,0.0,0.143813529399816,0.3582525996429796,0.8459944611238353,0.17051989108025933,0.40310555987679697,0.48863171975396313,0.21783797594762444,0.6511005722588206,0.46062948402279985,0.12077835234431435,0.7575188255545344,0.06637606420687762,0.35359474386179585,0.08376740299084948,0.4613877875330391,0.1406819685236918,0.19676814107662097,0.1651149830716897,0.9947587273999495,0.45898202028693313,0.2516749466244516,0.3218906443787089,0.6740924978511876,0.04756768593967361,0.1512321977464807,0.3901350441333255,0.567011670134007,0.4192042715847054,0.17545173889631796,0.3862681558809677,0.0005985465280510061
0.4977244644862627,0.7049368090384602,0.8066923333286775,0.059152011384819785,0.3082269577593282,0.51021998302182,0.4692941851334338,0.610312779106355,0.5068705563191335,0.3606517856051012,0.6475272607448981,0.30007199595411205,0.5983031079302932,0.05004052039785115,0.8304832248490809,0.42666364480051017,0.35199496674433767,0.15249400726835624,0.5916184830609565,0.0,0.5417493196949552,0.9391896169774114,0.7185916437296546,0.48046049208475605,0.5827937356505687,0.7897232475541234,0.7966247516738014,0.6481853936994372,0.785426412353514,0.6746064950215626,0.3756011868500835,0.0,0.3029293532055468,0.0,0.0,0.0,0.0,0.0,0.0,0.4649051566562823,0.21218210439076196,0.0,0.0,0.0,0.0,0.7067830736881027,0.6647145919854083,0.627513217293907,0.1518143040042631,0.1882262994327504,0.277117608112047,0.17281175375871718,0.4944487506760775,0.3325539640774121,0.22673075500371387,0.4809910699493138,0.15982392565740705,0.37934352294539647,0.0,0.8313615292647218,0.28127321816361006,0.02897902480083013,0.13643984883471097,0.5733505512408095,0.9373534682172588,0.5600263743179849,0.855173971388393,0.6373709877955764,0.4726607885512235,0.2316970383027235,0.8096121769628766,0.7674587097099144,0.6362804826517554,0.47184051671823163,0.5216177887561171,0.2959432582887149
0.6265267327397002,0.28756050625044355,0.40965027662551856,0.08222380071513469,0.2723793733870698,0.19699532182894397,0.30176014150199953,0.37092266989126677,0.31491700850954785,0.14311497428315006,0.3087567705937842,0.03188667723767978,0.15792921629965292,0.0,0.7975693795373798,0.4640741149698083,0.15620892682999873,0.35690522906960337,0.22157567951981846,0.5417493196949552,0.0,0.6084860684925681,0.44703684342725497,0.29879268807952614,0.4375689566053749,0.3339987236378486,0.5571287983756135,0.32612999678887733,0.5118988681728506,0.4974223341139129,0.545968982750311,0.28221739292711256,0.4045200072505658,0.3220863117971331,0.04315683706901161,0.050150727191322436,0.26160741426060813,0.05736967342058135,0.32044650182468903,0.38908604951793424,0.3200561072404945,0.0,0.0,0.0,0.0845408770565483,0.6280284258727478,0.30520446645641247,0.4360328297098549,0.13486465783820165,0.24010936564089624,0.19937296042337943,0.3288442039913563,0.4709216847424844,0.356707817248106,0.20997650930281717,0.30474842023112936,0.0,0.09068077489962349,0.07398564020027505,0.7912358891749406,0.455730503279194,0.14090392103141797,0.2712781353335522,0.21103386965408685,0.543226156944681,0.9165364250512402,0.6570541786845885,0.42830932905073454,0.3051147623364826,0.2448438320004097,0.4343700094055533,0.5915550238359616,0.23557325117421304,0.4930332650113755,0.437834912535707,0.3620261351726528
0.6882545673703869,0.7675121167381436,0.7074455329719215,0.0745206076441723,0.23869416221257267,0.4471063437918766,0.40105470055684606,0.5173301625820989,0.4068178977372105,0.4730646516029772,0.4860918956001522,0.2686297967348989,0.4717018744022146,0.04548588582698929,0.8604630455769455,0.636650712834817,0.4182418933440608,0.3107100891915944,0.45191488130032603,0.9391896169774114,0.6084860684925681,0.0,0.6322573543043288,0.6230243573912743,0.7608179370544921,0.861891730036784,0.753123344928481,0.6302990380505534,0.7887886071235461,0.6957667479620854,0.49492354993891796,0.0,0.3382155137514824,0.0,0.0,0.0,0.0,0.0,0.049954619747336795,0.5259933799377334,0.35413855330603905,0.0,0.0,0.0,0.0,0.8531958881554854,0.7342417032764177,0.5160062079623577,0.13618690999269623,0.12515551536844355,0.18579126913801935,0.12534616913038238,0.3503181441193765,0.2392957869317741,0.3059674291512697,0.3549325422582678,0.11018736388866136,0.33825130279531695,0.0,0.8676858066334675,0.46677647739944245,0.01919544469667283,0.3009290796734222,0.4575701225708523,0.891567697395891,0.6015383891728114,0.9240656210541832,0.5321061159947598,0.610800670032301,0.4074071248439469,0.8808942029415969,0.728003823136748,0.6258106659182363,0.574928818606172,0.6208136247934477,0.4747893867277938
0.3595635373324199,0.6512558304859808,0.8624569966584281,0.0,0.5502417299858594,0.7786906034081021,0.3153194205074702,0.9218137795222188,0.6689002259868392,0.35978813550306804,0.7401434534359589,0.5073178628593052,0.6237397181238702,0.0,0.717667818651433,0.4045753397101587,0.34723771628355465,0.33928393583381766,0.6783269270603626,0.7185916437296546,0.44703684342725497,0.6322573543043288,0.0,0.4149660185488877,0.37850156145460867,0.5793393578622748,0.7978863719809042,0.6049689677263194,0.5395786660896152,0.5000792407884069,0.051110848191082185,0.0,0.026445935650790828,0.0,0.0,0.0,0.0,0.0,0.0,0.27640814893618953,0.0,0.0,0.0,0.0,0.0,0.4414495040528438,0.49858391585200845,0.819347394678016,0.06698460093650722,0.48852269421076083,0.675605269206017,0.3496738687295848,0.7959463865324994,0.524491873649576,0.3294063432136097,0.6868848128019669,0.3415341560555676,0.5692720128139871,0.07057681981799252,0.7025728642045099,0.28833122965832847,0.2597425176949445,0.28612682605912493,0.675041074495997,0.6821366512433296,0.43401722180509833,0.582546915150954,0.9244737203438803,0.35458110954256084,0.29033875926151376,0.5888974666301424,0.8119747276982876,0.6354401576296931,0.4490130123449407,0.5895267928285138,0.2872044816473569
0.5305518726151587,0.6594468776899761,0.33329350686283915,0.0,0.17492369241534655,0.4318500887294258,0.12356479442134795,0.413430714012256,0.20942483766482756,0.7448483112712863,0.15799322520767023,0.6540405771831316,0.4369662234597198,0.1374589031884332,0.4775246085950485,0.49974648912568576,0.5914527917864701,0.34631633970163067,0.1172415896383327,0.48046049208475605,0.29879268807952614,0.6230243573912743,0.4149660185488877,0.0,0.6877775415329743,0.732295378284702,0.2686987103561631,0.5152799048638261,0.42355673410039585,0.47398219486543347,0.36062293733309136,0.10770659125483213,0.2168312107862573,0.0375013881898097,0.0,0.0,0.0,0.0,0.09309098558758608,0.4377158727800042,0.27598792004948847,0.0,0.10507752503720134,0.24711656525779968,0.02568432900991444,0.6268008896627366,0.5722994491897847,0.15739330117285838,0.07248847806796417,0.17058767787470286,0.3146029102060233,0.0891734622655194,0.2179912300884069,0.09563142042600467,0.4564410937965881,0.11186564702638395,0.5410043409925759,0.4855059810397493,0.04732331064322945,0.5112014554482617,0.1899020050386491,0.16951113123499673,0.212588172743513,0.1687715529367145,0.5638676084370495,0.30673526708926224,0.5173747209698514,0.31502351736333756,0.8787010133672941,0.4497337121169859,0.7128284738459789,0.32676397509452204,0.5542155041473603,0.4094101492440141,0.5452516530791562,0.5042548429377423
0.6116544188890697,0.7956462033667273,0.3806170293056772,0.0,0.157644904497715,0.40670393940855304,0.21852720213857624,0.20198846699053066,0.1926008423067458,0.6893200005196172,0.20421784706837728,0.2645431166643532,0.33061797749333294,0.0,0.5594717767881644,0.7808981630698831,0.5803180792973653,0.641256877513147,0.17239386071231172,0.5827937356505687,0.4375689566053749,0.7608179370544921,0.37850156145460867,0.6877775415329743,0.0,0.7771014915576115,0.4681039396290377,0.4403337898441331,0.6413806422669587,0.4519928657632172,0.3589204909307324,0.09002956643117417,0.2457412184089865,0.0,0.0,0.0,0.0,0.0,0.12252136846914323,0.4188854653708491,0.3185483060125669,0.0,0.0,0.062476301483371514,0.0,0.7019116305395467,0.7808952515927982,0.24150917419543777,0.07856596848722221,0.10534307475900123,0.2371407001844567,0.08009303731767091,0.049933522736823145,0.0765857349506349,0.42560696435771667,0.17152208378122294,0.13025135983030856,0.27578476031891785,0.0,0.555511313333534,0.5299069720620202,0.1371758758593719,0.5034530477430013,0.22042713309003564,0.6071772363471628,0.4314063299036693,0.6363516574566735,0.2744841676874081,0.6110634839452078,0.7553395789040768,0.792615503705014,0.5002143346633339,0.4954945678923239,0.7112776674137533,0.5128205630785735,0.5552676015669991
0.457613523840406,0.9413342684663014,0.5862070547825529,0.0,0.13487263086240925,0.6122107986631706,0.36902813593478434,0.5500700955806228,0.2694719959657595,0.526532865787822,0.41312675088072814,0.44985900651017036,0.5954024696877411,0.1017481450907717,0.639295020904545,0.5318189271548224,0.533372886331771,0.32249748919037974,0.40866826805097745,0.7897232475541234,0.3339987236378486,0.861891730036784,0.5793393578622748,0.732295378284702,0.7771014915576115,0.0,0.5462410300371728,0.5754204757483733,0.660701799699884,0.4995228779666643,0.15480322504760946,0.0,0.327409299808166,0.0,0.0,0.0,0.0,0.0,0.0,0.39897627447831957,0.20255574612062976,0.0,0.0,0.0,0.0,0.5835037029149676,0.8550963868674781,0.38042887661561514,0.21032437600681933,0.0,0.23302146095822585,0.0,0.3201548269096442,0.0,0.2648090382792263,0.25278228448002543,0.29151062087710244,0.3635540622944192,0.0,0.6338093967929989,0.1472577397979447,0.04139934119380532,0.15987882763719863,0.42917695513841186,0.7529528164315561,0.39581144233849286,0.6696023034953524,0.3832889878591522,0.5572641103378545,0.4174213428322477,0.9132822882218764,0.4933096322415166,0.5362045637130463,0.3616496815237611,0.39357237612343315,0.18684825730739732
0.42858183859496823,0.5886237345653734,0.8523315834849876,0.0,0.6760605949789998,0.6501092886576936,0.49991058683925294,0.653886012779754,0.8335574709108429,0.26620770007212813,0.8014807962008792,0.22355760381608775,0.5807149615460476,0.0,0.7449682348713925,0.5756162248312153,0.28696301086876486,0.36706327555062884,0.6592189873381857,0.7966247516738014,0.5571287983756135,0.753123344928481,0.7978863719809042,0.2686987103561631,0.4681039396290377,0.5462410300371728,0.0,0.5330837984347644,0.7009323705026076,0.5056854569975391,0.25102978754236066,0.0,0.20600488798053068,0.0,0.0,0.0,0.0,0.0,0.0,0.3929738188896277,0.049637961984944495,0.0,0.0,0.0,0.0,0.5425362076218628,0.5614957725601564,0.8293868914464164,0.19339044853454423,0.5286603040148826,0.5785107535302407,0.5290375891646054,0.6203511185551387,0.6823153887343334,0.3606968755030354,0.7123737546258457,0.10128778653955946,0.5092065422887765,0.16083436486455815,0.7244621665838916,0.4557680921688096,0.1959896267899285,0.28819053274280926,0.6343711016559019,0.7027386238717225,0.5468039878598326,0.6791825959000418,0.7731100915202183,0.27939825708344473,0.3165455383001247,0.6036208346462599,0.9973755749030514,0.6180678551885906,0.5821126103412719,0.576142080680131,0.29688642754032346
0.47696190460493104,0.5031045860001325,0.5138356943367969,0.2593536618688617,0.37900146777064203,0.49408178864644303,0.3901361966686195,0.5058810044731628,0.40268678198651814,0.5681127895506854,0.3840620959100869,0.4911389867104495,0.768476391527688,0.19306539985509671,0.5473233208674447,0.44815169208887273,0.589989464080165,0.20126661840280075,0.2995102270376152,0.6481853936994372,0.32612999678887733,0.6302990380505534,0.6049689677263194,0.5152799048638261,0.4403337898441331,0.5754204757483733,0.5330837984347644,0.0,0.5511399382722503,0.7031140961704385,0.514059273765695,0.0,0.24282888178668924,0.0,0.0,0.07043316847182322,0.1513648252763183,0.0,0.008671879707014602,0.47311120051538913,0.41129992212882716,0.0,0.13299464417082027,0.1486154551064285,0.17485341665064646,0.574566283855173,0.4120254263349175,0.39744753674657324,0.2556547999159009,0.325157085695209,0.30209019316626967,0.38231544834147174,0.33290459269515305,0.2811055837823948,0.4661956446034476,0.3355872854745057,0.4431490496958177,0.6463530832103586,0.11436127855078922,0.5377137814955762,0.2799401052025824,0.3470729624059737,0.19594440074578032,0.3055282998290296,0.5791923145081534,0.32550425923165627,0.5239722712291285,0.48094568814727734,0.5203807654067149,0.14320226830663674,0.5660853330378757,0.5461504144532259,0.7792030712593181,0.2926227885678242,0.4557513702839219,0.41394677239155336
0.5595115866392923,0.661531854735036,0.5579231268719903,0.0,0.2268287020333194,0.534065860817571,0.5782582037547472,0.3569157168757296,0.38236140542917674,0.3788817542556824,0.40572881788714477,0.1714613672152435,0.58831044397298,0.075738460405781,0.65183849165177,0.5284652592473468,0.3201129598001568,0.26404500086064664,0.32473676541988683,0.785426412353514,0.5118988681728506,0.7887886071235461,0.5395786660896152,0.42355673410039585,0.6413806422669587,0.660701799699884,0.7009323705026076,0.5511399382722503,0.0,0.6778440453669484,0.49163572383763765,0.0,0.46088718570638515,0.0,0.0,0.0,0.0,0.01451469898797651,0.0,0.6125017786688105,0.44040717399704765,0.0,0.0,0.0,0.0,0.6015275187526182,0.6180150383690274,0.38395624117070276,0.10278970990429495,0.09663909914698433,0.1311299522388543,0.17989907241864214,0.24321022174981988,0.18959751354861046,0.3089002863197728,0.23117175749491975,0.061895556237410436,0.2645937850957655,0.0,0.6636820168697322,0.38104972439598067,0.0,0.11994173557480685,0.30141753618398853,0.6625717756910802,0.4773819120190871,0.643337572594916,0.4103267577981087,0.40525421951515156,0.33210201540315676,0.6203178638689656,0.65060146051987,0.48684204045886126,0.5914574789058956,0.4405811330040497,0.30098809152381495
0.5544425656983286,0.4644561205999584,0.46854595240683894,0.12042186346798939,0.1379733365889578,0.32426625529580566,0.4374436613418602,0.3443177451468968,0.26498140526385744,0.47911810209465794,0.31616267438174767,0.3094222535394676,0.48278382580621676,0.11329283543317657,0.6138866618339175,0.41753174485563394,0.34082221825697706,0.1424255755655108,0.30933692447291605,0.6746064950215626,0.4974223341139129,0.6957667479620854,0.5000792407884069,0.47398219486543347,0.4519928657632172,0.4995228779666643,0.5056854569975391,0.7031140961704385,0.6778440453669484,0.0,0.6292730782878783,0.04584792897973834,0.3608015203591053,0.13131157020178774,0.0,0.0,0.10146186686863058,0.0,0.0634142034155152,0.5390655335474023,0.4981411273923707,0.03390196324246579,0.0,0.07349235148525016,0.1540652998549317,0.6624443802363151,0.37744192753090755,0.3040833713044554,0.18118501202378628,0.11067877074224022,0.05817522452846369,0.17424766534648317,0.2696991219503656,0.13670504212316983,0.3670547315983743,0.19258904614566563,0.25358849513331194,0.288253788368722,0.02792818178979717,0.6099918037303484,0.2815033690362013,0.01951382775988535,0.04640809097433074,0.28581916814202457,0.5537370086617801,0.44307237279094075,0.5366397086840424,0.4175841645971603,0.48044068472213625,0.0778898919718024,0.4965760011970183,0.4629505452555209,0.5024574280041638,0.32121495257139304,0.5736046730247856,0.41287193294637775
0.5921071164800641,0.05329780644364182,0.08209372105323677,0.1881274418308889,0.05725144026719284,0.0,0.25762721275704153,0.0,0.051002542719150515,0.35613825539542054,0.0,0.0,0.17634492051239278,0.24547489193955724,0.440972368266842,0.3821249631056256,0.3681335580112173,0.09669618407841167,0.0,0.3756011868500835,0.545968982750311,0.49492354993891796,0.051110848191082185,0.36062293733309136,0.3589204909307324,0.15480322504760946,0.25102978754236066,0.514059273765695,0.49163572383763765,0.6292730782878783,0.0,0.3509760258319218,0.3884172366753206,0.5360646766985689,0.1783446177557042,0.2471046193069991,0.3060216536467639,0.3185238492128542,0.38168217960977985,0.40484835671834285,0.6039362662832654,0.21990307875102263,0.22970565900321907,0.2355512519556692,0.3223470461470696,0.5916414952293322,0.11174042689664494,0.0,0.06345372371516259,0.0,0.0,0.19746830605395227,0.0,0.08836644829481582,0.2687581615509206,0.0,0.0,0.14947358125438032,0.08751911260547023,0.4620292902415721,0.3036648522017107,0.0,0.05751260812180578,0.0,0.3732071754081135,0.4828763626464553,0.4854637982942592,0.07332716581155103,0.4128334484887362,0.03691088198061929,0.21885220926671786,0.298448055923379,0.36478145522215805,0.37351718197382083,0.3325557989976124,0.5154624887190685
0.27233729287590425,0.0,0.0,0.0683809640313566,0.0,0.0,0.0,0.0,0.0,0.076449919220077,0.0,0.0,0.0,0.0,0.04798750459906777,0.21797394965830502,0.18501755731889172,0.22474906677998918,0.0,0.0,0.28221739292711256,0.0,0.0,0.10770659125483213,0.09002956643117417,0.0,0.0,0.0,0.0,0.04584792897973834,0.3509760258319218,0.0,0.09102130292410983,0.6151317661093796,0.6189534621545186,0.04054000424936931,0.12930857499134477,0.039806854068469406,0.8815925724412278,0.03484354543736634,0.3821896807098667,0.2859125870311133,0.34954959381004413,0.33166602419064556,0.21131386813882372,0.13636907872985501,0.0,0.0,0.0,0.0,0.0,0.0,0.0,0.0,0.0,0.0,0.0,0.0,0.0,0.07162010601375825,0.29807382368013496,0.03426094998845248,0.2912856501932141,0.0,0.0,0.18484439181754547,0.10754780379095107,0.0,0.1647432334951785,0.1334123300640884,0.0,0.0,0.0,0.2632049185332953,0.11892111222923281,0.4300434852959441
