0.0,0.5322368398412207,0.14911837784427331,0.0,0.0,0.3760017890383011,0.0,0.0,0.0,0.0,0.0,0.10399507146264526,0.15991111963500165,0.33518701702932446,0.36760371920164014,0.2685145276567032,0.0,0.35963079066823084,0.10882235454406089,0.1923209862885707,0.530625022591769,0.3207982504008477,0.2019138557299704,0.42404630201256494,0.5008925758128254,0.4016093517320305,0.1530619519345935,0.0,0.42948442803803977,0.19696854387462023,0.0,0.0,0.18810009488423826,0.0,0.0,0.0,0.0,0.0,0.0,0.038190925740944216,0.10364574993409781,0.06430913742057354,0.0,0.0,0.2941329781796326,0.5695658135213204,0.48059536327888247,0.0,0.0,0.0,0.24480359973478116,0.0,0.0,0.0,0.0,0.0,0.2948324181720458,0.2557967561769979,0.0,0.42476390509444445,0.42277849684172103,0.0,0.22476346209740145,0.0,0.43644850168398414,0.48852711270054644,0.3937263786996291,0.21598624599534139,0.3828201541294761,0.355258643601803,0.4153286629798266,0.35889595128151947,0.18766082622117705,0.3570158022634243,0.244401037596033,0.25223198478781306
0.5322368398412207,0.0,0.236051677560789,0.0,0.0,0.45128019807101016,0.0,0.04149915419375563,0.06801238367606573,0.0,0.11507703266106566,0.14439799630865027,0.27706477808340874,0.3755851592505306,0.49591407154771017,0.31778810554633324,0.026419623263065045,0.399724117802106,0.2551770287365371,0.27084578811826937,0.4713141424209656,0.42574042674739876,0.19481251910463054,0.4514191158889135,0.5387394808602317,0.40250368356447164,0.24872088211386204,0.06400097414999177,0.4670408259780459,0.24088294879152994,0.0,0.0,0.13461483999332044,0.0,0.0,0.024772530641820476,0.0,0.0,0.0,0.0,0.0,0.047259285078578066,0.0,0.0,0.2498613267396142,0.4961013399622618,0.5635203383900484,0.09684699489077087,0.0,0.0,0.17992875633068658,0.0,0.06898441674645724,0.06394520045870888,0.0,0.0,0.33883410436212164,0.3802587289941491,0.0,0.4785530192423253,0.43278164516957973,0.032294110235212746,0.28689925684295026,0.049527880155116714,0.48219108394985755,0.4191440621171224,0.42016117403120684,0.26502944460704336,0.4360869841446939,0.34157978412374634,0.4082109388714971,0.3817048902865718,0.3391515631560066,0.29422445549398063,0.3115834478976369,0.2047065173409747
0.14911837784427331,0.236051677560789,0.0,0.0,0.012013480843568434,0.2640309564768467,0.0,0.30006511344352,0.24314247266681607,0.0,0.34664351759665657,0.029269401388319443,0.12672934256928656,0.1990002116195689,0.2671036547181044,0.0,0.0,0.1442794010783467,0.5699664471855268,0.12981683062698388,0.1577477624146251,0.16940964474990372,0.3944053182412796,0.15301460672471803,0.2634351824601074,0.16701628662504503,0.37051560753514323,0.0,0.23604104419124725,0.0,0.0,0.0,0.09376997708558872,0.0,0.0,0.0,0.0,0.0,0.0,0.0,0.006063515041355871,0.03226649504352976,0.0,0.0,0.09334312417324966,0.14777288659539786,0.19574490933171104,0.4868031334016235,0.0,0.0,0.2978832954428587,0.0,0.21621825196858133,0.24215831069784702,0.0,0.25019052458582236,0.16462290092651544,0.15984559855167355,0.0,0.2603941217683759,0.07857646802906569,0.06099777279960309,0.009566084873535252,0.4641766591416475,0.238015936038886,0.15184168500489434,0.18591849768953156,0.38398203465343195,0.16316869878273765,0.10674301341275322,0.12047805840001988,0.3794020237470271,0.10659100546464809,0.18418472787923296,0.09714058651994302,0.012893374323593141
0.0,0.0,0.0,0.0,0.5000979436563137,0.0,0.44855495369021103,0.0,0.32032580736028826,0.3135821037988181,0.19842199622077353,0.22797211506900272,0.22420072188398704,0.054494483654244794,0.0,0.07287983702415628,0.293310285393305,0.0,0.0,0.34733372777266996,0.0,0.2546564565697392,0.0,0.0,0.0,0.0,0.08869983243187662,0.2789831619168633,0.0,0.03888404393568363,0.235445020941418,0.22459284109707586,0.0,0.17644306958033443,0.024861335840380177,0.3181632493726112,0.0,0.0,0.0,0.13588562722597958,0.048108194056522,0.0,0.0,0.23128946359126834,0.0,0.0,0.0,0.0,0.27991764595620044,0.34823586482047586,0.0,0.3444339730115672,0.0,0.348658223570124,0.37288296309475466,0.08560753097515951,0.0,0.0,0.33869706571944486,0.0,0.0,0.0,0.02000033140578378,0.0,0.0,0.0,0.0,0.0,0.0,0.0,0.0,0.0,0.0,0.0,0.0,0.0
0.0,0.0,0.012013480843568434,0.5000979436563137,0.0,0.0,0.5777619571412537,0.0,0.5370853633680509,0.2739268124404978,0.4093920238933328,0.2608844507205373,0.2397097015702045,0.0,0.05208618212556126,0.06551525986165964,0.37776777608874296,0.0,0.0,0.3100942686969234,0.0,0.27887686314908416,0.0,0.0,0.0,0.0,0.18655078716384363,0.2200275660018293,0.0,0.0,0.1764008547977416,0.1270724578139514,0.0,0.0,0.0,0.17057914373757838,0.0,0.0,0.0,0.1026342722707954,0.0,0.0,0.0,0.15438131112203987,0.06970944696906069,0.0,0.07556108253356054,0.05961592358333696,0.16687481148835606,0.4479291021232424,0.0,0.39087543409004516,0.0,0.48485737254967315,0.3857184776873692,0.28241008007333646,0.0,0.0,0.4159090515093886,0.0,0.0,0.0,0.18149570027665626,0.0958126991657978,0.0,0.0,0.0,0.033221052691033655,0.0,0.05254251872949401,0.0,0.0,0.0,0.0,0.0,0.0
0.3760017890383011,0.45128019807101016,0.2640309564768467,0.0,0.0,0.0,0.0,0.23888130150252054,0.0,0.0,0.07547628988108483,0.09978876806733081,0.24141902831379913,0.44662033388609146,0.4181529154099618,0.23767213733656728,0.0,0.3273062247184251,0.2790837465810128,0.1382176206394188,0.463184113583845,0.18981772536722433,0.33755821100026767,0.36876937910930346,0.4711986964671016,0.32487420787687793,0.2742471409505191,0.0,0.5666077115184804,0.29979645994551135,0.0,0.0,0.2723699905910239,0.0,0.0,0.0,0.0,0.0,0.0,0.0254949676250534,0.16786918650035967,0.30507538964028036,0.0,0.0,0.14602617199425147,0.32907554683047574,0.29240715764910274,0.11805284034091384,0.0,0.0,0.33317233025253695,0.0,0.26746658562219816,0.0,0.0,0.0,0.38404466906630413,0.2781982495911371,0.0,0.3577597767742159,0.46189100579323217,0.07949348771199313,0.041330329597985695,-0.008404544392691192,0.4571349783108455,0.45566891496219275,0.38675029095605973,0.3656863070782815,0.35367214004025505,0.09710151104844718,0.1721320043447825,0.4276350988645811,0.36049397202321387,0.32171686886621453,0.417319539739842,0.35098287586184024
0.0,0.0,0.0,0.44855495369021103,0.5777619571412537,0.0,0.0,0.0,0.4096251552921421,0.2749607847909844,0.31410284925094795,0.13933745037957884,0.0918939984409998,0.0,0.0,0.04126754530361123,0.3810258571721229,0.0,0.0,0.18666711350196405,0.0,0.14323496904983415,0.0,0.0,0.0,0.0,0.03351250053883142,0.24483962395465575,0.0,0.0,0.3176783748098767,0.17203268035378916,0.0,0.09713761981053415,0.0,0.0868348924674988,0.0,0.0,0.0,0.11486225289700508,0.0,0.0,0.0,0.13599293942240706,0.03227742506600432,0.0,0.0,0.0,0.1529782185868243,0.44873322952106803,0.0,0.4832546892317715,0.0,0.35045443756056577,0.3781569066696964,0.28466858461177497,0.0,0.0,0.42632631261516957,0.0,0.0,0.0,0.17595085431170268,0.018672243237114715,0.0,0.0,0.0,0.0,0.0,0.0,0.0,0.0,0.0,0.0,0.0,0.0
0.0,0.04149915419375563,0.30006511344352,0.0,0.0,0.23888130150252054,0.0,0.0,0.0,0.0,0.0906691146348169,0.0,0.047611751960364865,0.1096018883386286,0.11141801718602516,0.04085122192824447,0.0,0.05859713627147783,0.22539960028021575,0.0,0.08165326242600485,0.0,0.3151219837967106,0.07827281268302975,0.02045802134798526,0.10327350307932631,0.12747887509376568,0.0,0.09897278551743696,0.08263500848617437,0.0,0.0,0.33674408902887654,0.0,0.03134555646739113,0.0,0.0,0.18850052271174056,0.17091925265001615,0.0,0.2046904246052261,0.14169409017433895,0.0677296610674668,0.0,0.0,0.0,0.06373300770376011,0.1873505952064512,0.07235002655278895,0.0,0.34470603766107377,0.0,0.40130224005165765,0.0,0.0,0.10660676819407999,0.1717309515198949,0.0625444042164827,0.0,0.10627695686185425,0.0,0.13462303956630597,0.0,0.13892109952654924,0.077942613896848,0.06791571822863605,0.06658715024894551,0.29946051799498463,0.07013437087755882,0.0,0.05324746473218764,0.16265854086076403,0.15520942376761898,0.0769036922286943,0.19254934985734976,0.16026898032500517
0.0,0.06801238367606573,0.24314247266681607,0.32032580736028826,0.5370853633680509,0.0,0.4096251552921421,0.0,0.0,0.08314791651533288,0.5557790117925232,0.18703912269249268,0.23061042042897875,0.05031635220447391,0.20293099301284784,0.15686085056595897,0.27908877900605816,0.156126275832978,0.26567856454797945,0.3734631648473912,0.0,0.3430789636264019,0.1479357538041762,0.0,0.14694724162214903,0.0,0.3937616872959023,0.06861350133946151,0.0,0.0,0.0,0.0,0.0,0.0,0.0,0.03597295907583902,0.0,0.0,0.0,0.14602411354145692,0.0,0.0,0.0,0.0,0.22475628594186634,0.0,0.15785598414638508,0.2999012215476834,0.16241749427192662,0.4234652955776265,0.053591806792397494,0.22131283712624036,0.0,0.6206705166038626,0.19335216579499842,0.44455905731474404,0.0,0.12215995520751614,0.2930109056452375,0.06493940376959975,0.0,0.061144617165140906,0.17769142740006097,0.25470537655308195,0.0,0.0,0.0,0.2286399546976918,0.017087204626689365,0.05839013314064991,0.0,0.10350667781149553,0.0,0.0,0.0,0.0
0.0,0.0,0.0,0.3135821037988181,0.2739268124404978,0.0,0.2749607847909844,0.0,0.08314791651533288,0.0,0.0,0.45701678150250546,0.14120761508892027,0.0,0.0,0.0,0.4582231801011654,0.0,0.0,0.04254844412887469,0.0,0.0,0.0,0.0,0.0,0.18689699232508905,0.0,0.20627688311881195,0.0,0.0,0.3385796765478155,0.3332906937086848,0.0,0.20181741591316157,0.2355845035367722,0.3714993720659977,0.18733029963448952,0.0738519445114468,0.02210899120477001,0.0,0.0,0.0,0.15232638527475678,0.4004787429030691,0.0,0.0,0.0,0.0,0.0,0.054944785571799375,0.0,0.2591926629410179,0.0,0.03339676306933656,0.5828994137097593,0.0,0.12772384792492042,0.0,0.2733149782116389,0.0,0.0,0.03096107314344651,0.13837445792762107,0.0,0.0,0.0,0.0,0.0,0.0,0.3329648735420342,0.2194775889585226,0.0,0.0,0.0,0.0,0.0
0.0,0.11507703266106566,0.34664351759665657,0.19842199622077353,0.4093920238933328,0.07547628988108483,0.31410284925094795,0.0906691146348169,0.5557790117925232,0.0,0.0,0.027090667646329964,0.19306143747134447,0.14379791612716702,0.2597504428279265,0.24216640883015159,0.19456503623224736,0.2354549858616331,0.34334568343106775,0.2901954168550841,0.0,0.28899812058307134,0.3409634449168561,0.045461919986119516,0.1947120390415463,0.0,0.38081326112677,0.0,0.0,0.0,0.0,0.0,0.0,0.0,0.0,0.0,0.0,0.0,0.0,0.18509603251248088,0.0,0.0,0.0,0.0,0.22658089490289846,0.01697782355725649,0.1920879061085755,0.29302789509753363,0.23358044353603,0.39253041395736454,0.1724864750144279,0.1243879925736461,0.13072085541454917,0.544277097904339,0.0,0.4752707808390519,0.0,0.14575131816702178,0.21711768609699952,0.15615610544171066,0.0,0.10475275008808442,0.06651922795227445,0.25497981608589215,0.0,0.06686559447640024,0.0,0.34328749538227277,0.13825987840573656,0.0,0.0,0.11047425625286483,0.09779567840295073,0.07691430629580431,0.0,0.0
0.10399507146264526,0.14439799630865027,0.029269401388319443,0.22797211506900272,0.2608844507205373,0.09978876806733081,0.13933745037957884,0.0,0.18703912269249268,0.45701678150250546,0.027090667646329964,0.0,0.3598881704587233,0.19329846996241837,0.11891793227015282,0.0,0.35941299438023044,0.06260342685501549,0.05514351888255156,0.23238059339259828,0.1101224131376195,0.18867749155827943,0.0,0.047632988399489706,0.2597394481573292,0.3547463071257496,0.07728557421478197,0.14855476894151373,0.0,0.03782319420887234,0.04839111639925625,0.10245728744999039,0.0,0.0,0.01395412774343655,0.3307802836664982,0.0,0.0,0.0,0.0,0.0,0.0,0.0724467970989805,0.3036804799948444,0.07611395776678957,0.11711760285046527,0.16894138711004975,0.016465036932585293,0.0,0.0,0.019784594193607858,0.04454570706454846,0.0,0.17014286707524148,0.3975052184614614,0.0,0.41272985709510673,0.1740851893567167,0.2149069227235932,0.0642206789373672,0.002324164859087567,0.03890548387559608,0.24573666303397596,0.02663662044388913,0.25033879155629524,0.0,0.1679192048941927,0.08084667486990965,0.0,0.4636722043769784,0.3696803161478774,0.1618968944831976,0.0,0.0,0.0,0.0
0.15991111963500165,0.27706477808340874,0.12672934256928656,0.22420072188398704,0.2397097015702045,0.24141902831379913,0.0918939984409998,0.047611751960364865,0.23061042042897875,0.14120761508892027,0.19306143747134447,0.3598881704587233,0.0,0.32896303588608944,0.20911540331852446,0.22043756285152288,0.2930819052509932,0.24639307476674263,0.08075303757393575,0.386297889543413,0.2394369006048119,0.3214824806006232,0.11520194824351669,0.06732282104120486,0.3740219561197507,0.2489084587528476,0.27665498378773373,0.09371673938004105,0.14749709068143127,0.23507599513933994,0.0,0.0,0.058813115899905496,0.0,0.0,0.20238634663351668,0.0,0.0,0.0,0.0,0.053901945208088116,0.0,0.0,0.13609102549352986,0.24554875593040168,0.2116479784068002,0.21635376785960206,0.0,0.0723476547982286,0.0,0.2811844698944154,0.0,0.0,0.24093229532080676,0.10830889503516825,0.0,0.3234453474670149,0.2638484880801274,0.09748893139008255,0.08014204615098809,0.02440016922676598,0.03516856857680494,0.05246193448924234,0.0,0.2385152952956546,0.12564240205386115,0.07197587943433262,0.20260659333400913,0.0526485423374416,0.249664925147055,0.20367892006359956,0.25272696451528753,0.10441522530907661,0.09368278797360766,0.0,0.0
0.33518701702932446,0.3755851592505306,0.1990002116195689,0.054494483654244794,0.0,0.44662033388609146,0.0,0.1096018883386286,0.05031635220447391,0.0,0.14379791612716702,0.19329846996241837,0.32896303588608944,0.0,0.3374122384168527,0.16698603884709398,0.0,0.283864967571631,0.17743613878435574,0.22845377250741436,0.3927431160891862,0.22127690908533346,0.19669380469584513,0.189664403812677,0.5221418127375697,0.2722667184954362,0.2312515678526762,0.0,0.41682417540992794,0.2964898035289947,0.0,0.0,0.16023892623452038,0.0,0.0,0.0918676334509989,0.0,0.0,0.0,0.09896365944146156,0.2381765626189219,0.12723907085095554,0.0,0.0,0.14558725574304723,0.3038024457582003,0.26739747616092185,0.005688174145742592,0.03825386853284069,0.0,0.23167867512111878,0.0,0.10370748864572092,0.0843605683615659,0.0,0.0,0.374210061470603,0.17188511939481624,0.0,0.26811442608167346,0.3813917807002052,0.0,0.01754197477777689,0.0,0.3921452185266586,0.383098018140063,0.33739631107880436,0.25473323460443076,0.21868895181396764,0.11428253825151335,0.1824923575067834,0.3233444805327319,0.26754159049074716,0.21532252956428766,0.28266579177211465,0.2163415131169062
0.36760371920164014,0.49591407154771017,0.2671036547181044,0.0,0.05208618212556126,0.4181529154099618,0.0,0.11141801718602516,0.20293099301284784,0.0,0.2597504428279265,0.11891793227015282,0.20911540331852446,0.3374122384168527,0.0,0.2749436677512994,0.0,0.3540197459504971,0.28892037749901917,0.38392418089663816,0.3752075512505147,0.45503340848061874,0.3207961918538709,0.3355840236529146,0.45671172591380543,0.28338727661309937,0.3831327870055005,0.0,0.40700456756600994,0.12266282907727362,0.0,0.0,0.07909411102479477,0.0,0.0,0.0,0.0,0.0,0.0,0.016131056437923494,0.0,0.03470451514698806,0.0,0.0,0.22229492621698402,0.3306996236945396,0.4368443106291363,0.22955559578417342,0.0,0.0,0.18429543039134327,0.0,0.17927459172014185,0.2115094985368515,0.0,0.042346912901173636,0.2499608454950141,0.2969805852134714,0.0,0.5282528068659209,0.320871442388128,0.06155823957467859,0.19430584900498632,0.0883923785373789,0.40240960384689434,0.3781821492819817,0.349286906400421,0.3865482649673896,0.36535520511437003,0.1693349540992561,0.29493345908936575,0.42442569675941566,0.318383373350859,0.2933337641908429,0.22226672612160003,0.11111445058362246
0.2685145276567032,0.31778810554633324,0.0,0.07287983702415628,0.06551525986165964,0.23767213733656728,0.04126754530361123,0.04085122192824447,0.15686085056595897,0.0,0.24216640883015159,0.0,0.22043756285152288,0.16698603884709398,0.2749436677512994,0.0,0.0,0.5020074537630164,0.0,0.29064955906031226,0.2089715702045922,0.3643538828435554,0.2695793076874957,0.2757375281679406,0.28837274315380396,0.0,0.15468579764111434,0.0,0.19845035515579185,0.15486237364164604,0.0,0.0,0.24086071976646625,0.0,0.0,0.0,0.0,0.0,0.0,0.37262917659905315,0.06679241465351049,0.0,0.0,0.0,0.32648584239517686,0.25467364812315946,0.3490054884525695,0.0,0.40959512558215266,0.15418866559515657,0.25668593802820444,0.0,0.1266927566911046,0.20273283592164026,0.0,0.0535708595696846,0.030450406712662473,0.2450058024502816,0.044783460068682494,0.2883271105057434,0.1860510519345351,0.13254347723591295,0.08267526470297429,0.0,0.0759304551269625,0.31418882327729136,0.0,0.22231860421837085,0.3395129012112764,0.0,0.024507584490773702,0.06661656312961066,0.338493164423713,0.28530326930944927,0.18178089432250394,0.13730908059879177
0.0,0.026419623263065045,0.0,0.293310285393305,0.37776777608874296,0.0,0.3810258571721229,0.0,0.27908877900605816,0.4582231801011654,0.19456503623224736,0.35941299438023044,0.2930819052509932,0.0,0.0,0.0,0.0,0.043765388917041216,0.0,0.14790042261582578,0.0,0.0863856605127747,0.0,0.0,0.1582971309891935,0.19225755343263617,0.03527982534989371,0.16392812453615754,0.0,0.0,0.12323764632579473,0.11004247014239026,0.0,0.0,0.06386864931592076,0.22321249437450122,0.022292815752447105,0.0,0.0,0.0,0.0,0.0,0.0,0.1570774892480854,0.0,0.0,0.01695066477241752,0.0,0.0,0.25465203887953514,0.0,0.26983628665020165,0.0,0.24264893692468645,0.42907820499155375,0.09961499373285732,0.10403374944535733,0.061775184274065406,0.3334423106310818,0.0,0.0,0.18827739759954373,0.1920046563585647,0.04065844629011008,0.0,0.0,0.0,0.0,0.0,0.23017012731849015,0.1960437559055273,0.0,0.0,0.0,0.0,0.0
0.35963079066823084,0.399724117802106,0.1442794010783467,0.0,0.0,0.3273062247184251,0.0,0.05859713627147783,0.156126275832978,0.0,0.2354549858616331,0.06260342685501549,0.24639307476674263,0.283864967571631,0.3540197459504971,0.5020074537630164,0.043765388917041216,0.0,0.16601059434436793,0.21660370733462267,0.33537237713655443,0.3406501788828694,0.2640591518840717,0.44234547020726667,0.46814190889855184,0.1973834997959666,0.17995548928644228,0.028744591870194333,0.284575655403125,0.06679992854036203,0.0,0.0,0.2934870511629126,0.0,0.0,0.0,0.0,0.0,0.0,0.26173754931606275,0.0,0.0,0.0,0.0,0.2952925630342952,0.33199383948994016,0.3828729874520288,0.0335736026972936,0.22084012269423658,0.066370292020503,0.287001820864874,0.0,0.1039203295829033,0.2188012839719751,0.0,0.03943962868778294,0.2578149483596054,0.40441036742566716,0.0,0.37623517656756844,0.31418419225058974,0.22781935967494465,0.2283805919535553,0.0,0.2476919176891859,0.3368401858180364,0.13845069696889195,0.2288013579359489,0.4624982188442642,0.08469323845769472,0.22581827665176346,0.196121901478137,0.408839410228265,0.32329341535280637,0.2581845911711311,0.18382521679340047
0.10882235454406089,0.2551770287365371,0.5699664471855268,0.0,0.0,0.2790837465810128,0.0,0.22539960028021575,0.26567856454797945,0.0,0.34334568343106775,0.05514351888255156,0.08075303757393575,0.17743613878435574,0.28892037749901917,0.0,0.0,0.16601059434436793,0.0,0.08659874240051492,0.11086321770281657,0.13071188781551818,0.33306684982695095,0.2140092497642502,0.24783142274853281,0.17994659439385807,0.3023622474711759,0.0,0.2311190194783951,0.0,0.0,0.0,0.04641587760772606,0.0,0.0,0.0,0.0,0.0,0.0,0.0,0.0,0.10958368015194918,0.0,0.0,0.08387970417248475,0.07948860719010432,0.21144005149154937,0.5245787016950122,0.0,0.0,0.134800296805421,0.0,0.23450199897545418,0.2448739073696315,0.0,0.3046996356206321,0.17423063807043526,0.2534337980012149,0.0,0.27090287361943466,0.1595573003443852,0.09666410224991095,0.1338667450796361,0.5098493683536012,0.2573820660684048,0.1271103080002759,0.2131854029636155,0.3302050550802084,0.23177702604983286,0.14588819014866075,0.15069352127997354,0.3205291823104071,0.17279934071917966,0.107275671149241,0.16016761572861177,0.009908155133590717
0.1923209862885707,0.27084578811826937,0.12981683062698388,0.34733372777266996,0.3100942686969234,0.1382176206394188,0.18666711350196405,0.0,0.3734631648473912,0.04254844412887469,0.2901954168550841,0.23238059339259828,0.386297889543413,0.22845377250741436,0.38392418089663816,0.29064955906031226,0.14790042261582578,0.21660370733462267,0.08659874240051492,0.0,0.22716669864528655,0.578132812098044,0.14925046981925474,0.0,0.28202478026180333,0.06976053090152218,0.4380267980440158,0.13340834376421373,0.14795165365241664,0.20608433338811227,0.0,0.0,0.0,0.0,0.0,0.150713871849797,0.0,0.0,0.0,0.14027477573633257,0.0,0.0,0.0,0.0778063175231979,0.23241859934724446,0.24249953261571883,0.3129290452227065,0.142463484578401,0.21794954889328957,0.11703022003245567,0.2318057077458253,0.0,0.032259746750295124,0.40364202014317496,0.11156229196190166,0.09157574983851902,0.11903394456406514,0.12132971689264088,0.10179096201578627,0.23573295598679955,0.009424106676060707,0.0,0.14652430261292776,0.028512577588403094,0.29448759258774515,0.18463001282353858,0.12177319601257558,0.3037745190048027,0.04892321191293859,0.16767024180675277,0.16020363532167586,0.35533293279664757,0.13577206310559706,0.26424218938884975,0.0,0.0
0.530625022591769,0.4713141424209656,0.1577477624146251,0.0,0.0,0.463184113583845,0.0,0.08165326242600485,0.0,0.0,0.0,0.1101224131376195,0.2394369006048119,0.3927431160891862,0.3752075512505147,0.2089715702045922,0.0,0.33537237713655443,0.11086321770281657,0.22716669864528655,0.0,0.27739743072377304,0.19952799303913987,0.3665671015322869,0.48707344898583416,0.40688399739365394,0.20677061575650096,0.0,0.5118477574201984,0.27223980827265304,0.0,0.0,0.2736621506721287,0.0,0.0,0.028409341592242843,0.0,0.0,0.0,0.028405213479215374,0.2288276970891444,0.18008673781763657,0.0,0.0,0.2053584675578405,0.4915284141888015,0.34071595536067084,0.0,0.0,0.0,0.30618843205415397,0.0,0.049620804560675975,0.0,0.0,0.0,0.36256900939078646,0.17837321825421812,0.0,0.35367603408759846,0.42419749528843725,0.0,0.08412581437604653,0.0,0.48898908762199,0.533896073711035,0.4063729338943931,0.24409676695790958,0.30931559935334646,0.26659322365900845,0.3299400750906486,0.41911193451584033,0.19428475682348664,0.4007340852335951,0.28192132918387286,0.3080745641122007
0.3207982504008477,0.42574042674739876,0.16940964474990372,0.2546564565697392,0.27887686314908416,0.18981772536722433,0.14323496904983415,0.0,0.3430789636264019,0.0,0.28899812058307134,0.18867749155827943,0.3214824806006232,0.22127690908533346,0.45503340848061874,0.3643538828435554,0.0863856605127747,0.3406501788828694,0.13071188781551818,0.578132812098044,0.27739743072377304,0.0,0.14044463339141158,0.1367027734278852,0.35037369878886543,0.15374392640682338,0.422975653552369,0.15565282541735062,0.22340286315037064,0.2096122111054999,0.0,0.0,0.02473573011152976,0.0,0.0,0.13305359608958764,0.0,0.0,0.0,0.12856979430223645,0.0,0.0,0.0,0.009195431172766371,0.2702987010756392,0.34957110082659615,0.47517655588288654,0.16823389698731678,0.1563280021250112,0.08580875741625588,0.17864946808206744,0.0,0.02522274793079317,0.36525685650848666,0.04638984742976591,0.08468631261124877,0.1556905932527741,0.20907585336450535,0.06358184483765009,0.3470859760440035,0.12766643225601132,0.0,0.22690825511979118,0.06445425972388485,0.3286376901526922,0.27062883955019235,0.22893140938622622,0.2722350845392858,0.18258689073788348,0.21313517205935112,0.253531244946182,0.34867537540443155,0.20845254948291636,0.257938421807719,0.015489198415417089,0.0
0.2019138557299704,0.19481251910463054,0.3944053182412796,0.0,0.0,0.33755821100026767,0.0,0.3151219837967106,0.1479357538041762,0.0,0.3409634449168561,0.0,0.11520194824351669,0.19669380469584513,0.3207961918538709,0.2695793076874957,0.0,0.2640591518840717,0.33306684982695095,0.14925046981925474,0.19952799303913987,0.14044463339141158,0.0,0.2735373130167365,0.2671861729125656,0.06622390509607665,0.3597279277691479,0.0,0.24038102360681066,0.0,0.0,0.0,0.2336304398118603,0.0,0.0,0.0,0.0,0.0,0.0,0.13009546998536134,0.0,0.0,0.0,0.0,0.2203170354986582,0.1309390112532638,0.18376213871353067,0.24238599121583834,0.10181117599269424,0.011259080856650951,0.3469453319922017,0.0,0.37520322916793347,0.13863593647696396,0.0,0.23153264296721165,0.06690842912915253,0.2250179629229269,0.0,0.2666392799738067,0.11993432530625439,0.23712735984774191,0.0,0.12018885453915996,0.07114255576012887,0.2775522176974623,0.0,0.5315577978668201,0.31487839291113817,0.0,0.06657284223266578,0.25712021232874843,0.1903041843077473,0.2313033646053995,0.11270268246791156,0.04387898222574852
0.42404630201256494,0.4514191158889135,0.15301460672471803,0.0,0.0,0.36876937910930346,0.0,0.07827281268302975,0.0,0.0,0.045461919986119516,0.047632988399489706,0.06732282104120486,0.189664403812677,0.3355840236529146,0.2757375281679406,0.0,0.44234547020726667,0.2140092497642502,0.0,0.3665671015322869,0.1367027734278852,0.2735373130167365,0.0,0.43358917399956687,0.309344451671876,0.03511232147865786,0.0,0.3645722696217938,0.01871363879036244,0.0,0.0,0.2029104806376778,0.0,0.0,0.0,0.0,0.027651529737395403,0.0,0.0698761536283989,0.0,0.1186555062677685,0.0,0.0,0.2828249841057458,0.3690449568004142,0.40434138285710053,0.047208939599375,0.0,0.0,0.16276229887714053,0.0,0.1351719356733987,0.0,0.0,0.0,0.3082668617907294,0.453272941205874,0.0,0.43411600016425284,0.43978637909694107,0.16513650925488835,0.23924431256991024,0.0,0.29125162519544645,0.4085466922748431,0.2597966887502924,0.19561665203061407,0.6088947373309787,0.16093025992197196,0.324966289180672,0.20693469002630124,0.3636617388546066,0.2611488287375207,0.36947749475672215,0.3237866972847685
0.5008925758128254,0.5387394808602317,0.2634351824601074,0.0,0.0,0.4711986964671016,0.0,0.02045802134798526,0.14694724162214903,0.0,0.1947120390415463,0.2597394481573292,0.3740219561197507,0.5221418127375697,0.45671172591380543,0.28837274315380396,0.1582971309891935,0.46814190889855184,0.24783142274853281,0.28202478026180333,0.48707344898583416,0.35037369878886543,0.2671861729125656,0.43358917399956687,0.0,0.43427128470126947,0.2771027449034927,0.0,0.47433999809510347,0.12725762679565356,0.0,0.0,0.1880476071955448,0.0,0.0,0.0,0.0,0.0,0.0,0.09964399647284253,0.04696672590914486,0.010417387321649037,0.0,0.0,0.2984546680251721,0.4746959141616728,0.428915783895967,0.025036811259056456,0.0,0.0,0.32049743920936147,0.0,0.02522738028384395,0.1749533153030796,0.0,0.0,0.42575771348204433,0.3904977938212933,0.0,0.42709633001688263,0.3946235914505862,0.16451550956222138,0.2573340790485053,0.0,0.45146483649539076,0.4329928975908471,0.3532922643577102,0.30596505523380496,0.4384704161150141,0.3540701647013564,0.4118788783066949,0.38592515446186615,0.32454603039814817,0.3591082731501826,0.23286255484876198,0.17765557401475318
0.4016093517320305,0.40250368356447164,0.16701628662504503,0.0,0.0,0.32487420787687793,0.0,0.10327350307932631,0.0,0.18689699232508905,0.0,0.3547463071257496,0.2489084587528476,0.2722667184954362,0.28338727661309937,0.0,0.19225755343263617,0.1973834997959666,0.17994659439385807,0.06976053090152218,0.40688399739365394,0.15374392640682338,0.06622390509607665,0.309344451671876,0.43427128470126947,0.0,0.054618417164829305,0.0,0.30818297066805433,0.10649462878521468,0.0,0.0,0.11787027157146458,0.0,0.0674567754394997,0.17953657782422433,0.0,0.05337028796777865,0.03846090861385033,0.0,0.0,0.19022720285559,0.04683901500707238,0.0515843460373289,0.0,0.31775768901879176,0.2946226365440885,0.005388361367288335,0.0,0.0,0.0975291609909929,0.0,0.04377675204253391,0.0,0.05382181071665871,0.0,0.4520956958990156,0.2209978441388262,0.0,0.2934004498947377,0.28532262404921976,0.09657234489910634,0.18503907024523777,0.049368747027856756,0.41856484228803365,0.21112303572456825,0.4375178330504198,0.07333572980510815,0.19447464486632782,0.44892210668988447,0.5565459521255223,0.2721841089212578,0.09876966360490295,0.056077437540424484,0.1739064359495411,0.11845988520809238
0.1530619519345935,0.24872088211386204,0.37051560753514323,0.08869983243187662,0.18655078716384363,0.2742471409505191,0.03351250053883142,0.12747887509376568,0.3937616872959023,0.0,0.38081326112677,0.07728557421478197,0.27665498378773373,0.2312515678526762,0.3831327870055005,0.15468579764111434,0.03527982534989371,0.17995548928644228,0.3023622474711759,0.4380267980440158,0.20677061575650096,0.422975653552369,0.3597279277691479,0.03511232147865786,0.2771027449034927,0.054618417164829305,0.0,0.0,0.24588602556264627,0.10509723565666552,0.0,0.0,0.056528931484978936,0.0,0.0,0.03760545520086014,0.0,0.0,0.0,0.052462868192206275,0.0,0.0,0.0,0.0,0.22176924648853677,0.1706096806744384,0.23092299379801912,0.30015216027365493,0.06932786048280669,0.06004447803283463,0.2847493852912743,0.0,0.1393760295787187,0.3464760047949287,0.0,0.18713753728558227,0.0850110280644422,0.07926266365771535,0.04153591744107789,0.24576465025274713,0.014550367588819417,0.010427873042644129,0.016576862855193122,0.17733789335691355,0.22118647444850423,0.23166979991780112,0.08313131997520276,0.41947383964847856,0.1041845310108374,0.09955683835658827,0.07350747146151358,0.5044577265759322,0.048677845145278176,0.22929035642859977,0.0,0.0
0.0,0.06400097414999177,0.0,0.2789831619168633,0.2200275660018293,0.0,0.24483962395465575,0.0,0.06861350133946151,0.20627688311881195,0.0,0.14855476894151373,0.09371673938004105,0.0,0.0,0.0,0.16392812453615754,0.028744591870194333,0.0,0.13340834376421373,0.0,0.15565282541735062,0.0,0.0,0.0,0.0,0.0,0.0,0.0,0.1049283341336403,0.3047314172060466,0.2625979874597834,0.0,0.19923920302660572,0.23643497660508794,0.24211840146428926,0.020019678885350008,0.08347787762781848,0.16355849492716784,0.0,0.0,0.0,0.0,0.25387162481558007,0.0,0.02599343102366413,0.07739367363745588,0.0,0.01852483339032707,0.13281072591739626,0.0,0.2606861108964604,0.0,0.11865075175966669,0.25263764313682474,0.0,0.0036515219500516546,0.07051401731126734,0.02165832055775082,0.0,0.0,0.0,0.21703164006282125,0.0577016858835046,0.09402534635582119,0.0,0.07739769553184639,0.0,0.0,0.14910612405126009,0.03366051187314017,0.0,0.09207314649250858,0.0,0.00139772125546048,0.0
0.42948442803803977,0.4670408259780459,0.23604104419124725,0.0,0.0,0.5666077115184804,0.0,0.09897278551743696,0.0,0.0,0.0,0.0,0.14749709068143127,0.41682417540992794,0.40700456756600994,0.19845035515579185,0.0,0.284575655403125,0.2311190194783951,0.14795165365241664,0.5118477574201984,0.22340286315037064,0.24038102360681066,0.3645722696217938,0.47433999809510347,0.30818297066805433,0.24588602556264627,0.0,0.0,0.32459346590371163,0.0,0.0,0.2585320484461017,0.0,0.0,0.0,0.0,0.0,0.03796023089542759,0.02444901112765739,0.21980220377170223,0.3388232404804082,0.0,0.0,0.16943569361399002,0.4054469822181544,0.28828973719079265,0.12151643749464015,0.0,0.0,0.2656809834351899,0.0,0.14261721542602224,0.0,0.0,0.0,0.35449080307283837,0.22456683575544972,0.0,0.40360820510481277,0.5566891057173331,0.0,0.08241880896524294,0.0,0.5410226031188342,0.5210986109803036,0.4937672198400665,0.2859283144845139,0.376006495663021,0.1553224153505709,0.18283268127037905,0.4751985707234674,0.3488796546617638,0.45683604109602666,0.46241646114879426,0.4446200880506664
0.19696854387462023,0.24088294879152994,0.0,0.03888404393568363,0.0,0.29979645994551135,0.0,0.08263500848617437,0.0,0.0,0.0,0.03782319420887234,0.23507599513933994,0.2964898035289947,0.12266282907727362,0.15486237364164604,0.0,0.06679992854036203,0.0,0.20608433338811227,0.27223980827265304,0.2096122111054999,0.0,0.01871363879036244,0.12725762679565356,0.10649462878521468,0.10509723565666552,0.1049283341336403,0.32459346590371163,0.0,0.0,0.037561431523617905,0.1792562664340197,0.15679542955286033,0.05453309799015438,0.2289950323419295,0.0,0.0,0.2710485609255555,0.0,0.29994925635719555,0.19889934516564273,0.02115299878815249,0.21386998256072037,0.02064225548880789,0.26502023222791793,0.14424423995421656,0.0,0.058962765127401694,0.0,0.20289262887774648,0.0,0.1119245394419287,0.0,0.0,0.0,0.23897417833319676,0.0,0.0,0.05359148329928856,0.21524125041197847,0.0,0.0,0.0,0.32741223724599083,0.27263767316505055,0.26351507408688796,0.09210019638720592,0.0,0.09060565618252842,0.0,0.26091158256785973,0.136340799970524,0.1491178768509694,0.24248620449363564,0.24769788918285363
0.0,0.0,0.0,0.235445020941418,0.1764008547977416,0.0,0.3176783748098767,0.0,0.0,0.3385796765478155,0.0,0.04839111639925625,0.0,0.0,0.0,0.0,0.12323764632579473,0.0,0.0,0.0,0.0,0.0,0.0,0.0,0.0,0.0,0.0,0.3047314172060466,0.0,0.0,0.0,0.45230247766728726,0.0,0.5111101213980033,0.27559397052016743,0.12901927947267677,0.3099219731844511,0.043476527203388265,0.04880075221490114,0.011056860599011932,0.0,0.0,0.15896257768173805,0.3533991503879722,0.0,0.0,0.0,0.0,0.010683103607105459,0.11674447962323825,0.0,0.39387092352181835,0.0,0.0,0.423635271579626,0.0,0.0,0.0,0.1681594955848776,0.0,0.0,0.0,0.0903220250128534,0.0,0.0,0.0,0.0,0.0,0.0,0.07509673458207536,0.0,0.0,0.0,0.0,0.0,0.0
0.0,0.0,0.0,0.22459284109707586,0.1270724578139514,0.0,0.17203268035378916,0.0,0.0,0.3332906937086848,0.0,0.10245728744999039,0.0,0.0,0.0,0.0,0.11004247014239026,0.0,0.0,0.0,0.0,0.0,0.0,0.0,0.0,0.0,0.0,0.2625979874597834,0.0,0.037561431523617905,0.45230247766728726,0.0,0.0,0.4228791146604875,0.5241562463577031,0.3483535673659342,0.2640261060655969,0.14586135769200526,0.3318125092660818,0.0,0.0,0.0,0.0850132096124832,0.49685687419381885,0.0,0.0,0.0,0.0,0.0,0.05362440231381776,0.0,0.32556495978201877,0.0,0.0,0.3724906806475415,0.0,0.0,0.0,0.17206429845660895,0.0,0.0,0.0,0.0,0.07495185733406991,0.0,0.0,0.0,0.0,0.0,0.10149735524488299,0.0,0.0,0.0,0.0,0.0,0.0
0.18810009488423826,0.13461483999332044,0.09376997708558872,0.0,0.0,0.2723699905910239,0.0,0.33674408902887654,0.0,0.0,0.0,0.0,0.058813115899905496,0.16023892623452038,0.07909411102479477,0.24086071976646625,0.0,0.2934870511629126,0.04641587760772606,0.0,0.2736621506721287,0.02473573011152976,0.2336304398118603,0.2029104806376778,0.1880476071955448,0.11787027157146458,0.056528931484978936,0.0,0.2585320484461017,0.1792562664340197,0.0,0.0,0.0,0.0,0.0,0.0,0.0,0.0567491580996973,0.13576856435591508,0.20971877636781605,0.2613346025179661,0.1785118692562979,0.13788515262694734,0.0,0.12977739233526084,0.17581780544638395,0.0914275048304729,0.0,0.1794189048673549,0.0,0.3960259736784694,0.0,0.2771730235031423,0.0,0.0,0.0,0.2102251295590686,0.14324686534026454,0.0,0.1262590776433011,0.16029614959438893,0.1163322595892512,0.0,0.0,0.1266207977430594,0.3677370483286269,0.062371283248053626,0.16042753352626424,0.2501109343145905,0.0,0.08321174543862467,0.10040852367147264,0.3031590130212998,0.23381536083448404,0.3144163245540125,0.3585901335341453
0.0,0.0,0.0,0.17644306958033443,0.0,0.0,0.09713761981053415,0.0,0.0,0.20181741591316157,0.0,0.0,0.0,0.0,0.0,0.0,0.0,0.0,0.0,0.0,0.0,0.0,0.0,0.0,0.0,0.0,0.0,0.19923920302660572,0.0,0.15679542955286033,0.5111101213980033,0.4228791146604875,0.0,0.0,0.2832652971263024,0.16942740134338433,0.25538700414048754,0.0,0.17937634899144247,0.0,0.11552566203380547,0.00489287911750276,0.18310554769676204,0.3418933839348181,0.0,0.0,0.0,0.0,0.07515838867337582,0.0,0.0,0.17018230373243864,0.0,0.0,0.22566371702602955,0.0,0.0,0.0,0.03533422307471179,0.0,0.0,0.0,0.0,0.0,0.0,0.0,0.0,0.0,0.0,0.0,0.0,0.0,0.0,0.0,0.0,0.0
0.0,0.0,0.0,0.024861335840380177,0.0,0.0,0.0,0.03134555646739113,0.0,0.2355845035367722,0.0,0.01395412774343655,0.0,0.0,0.0,0.0,0.06386864931592076,0.0,0.0,0.0,0.0,0.0,0.0,0.0,0.0,0.0674567754394997,0.0,0.23643497660508794,0.0,0.05453309799015438,0.27559397052016743,0.5241562463577031,0.0,0.2832652971263024,0.0,0.3373209574417901,0.2269436868797019,0.37982288802289954,0.4323805990471671,0.0,0.05042078860235587,0.1781644022749737,0.11354425883226703,0.3665276843910452,0.0,0.0,0.0,0.0,0.0,0.0,0.0,0.14904263843677568,0.0,0.0,0.20532140774326132,0.0,0.0,0.0,0.0,0.0,0.0,0.0,0.0,0.13734053996350237,0.0,0.0,0.05503863483504477,0.0,0.0,0.065172804269108,0.0,0.0,0.0,0.0,0.0,0.0
0.0,0.024772530641820476,0.0,0.3181632493726112,0.17057914373757838,0.0,0.0868348924674988,0.0,0.03597295907583902,0.3714993720659977,0.0,0.3307802836664982,0.20238634663351668,0.0918676334509989,0.0,0.0,0.22321249437450122,0.0,0.0,0.150713871849797,0.028409341592242843,0.13305359608958764,0.0,0.0,0.0,0.17953657782422433,0.03760545520086014,0.24211840146428926,0.0,0.2289950323419295,0.12901927947267677,0.3483535673659342,0.0,0.16942740134338433,0.3373209574417901,0.0,0.0,0.0,0.25070810365139085,0.0,0.13600239418462692,0.0,0.09348278481694192,0.4323891454365414,0.0,0.04399948428155358,0.0060342672320358405,0.0,0.0,0.0,0.0,0.05877943737257105,0.0,0.05494379751639603,0.30693696579675545,0.0,0.22890053210412592,0.0,0.044054460373217835,0.0,0.0,0.0,0.0,0.03577865174556658,0.17189264631347048,0.0,0.16129652766615293,0.0,0.0,0.27263879291580534,0.11290715559188887,0.1144417190019591,0.0,0.0,0.0,0.0
0.0,0.0,0.0,0.0,0.0,0.0,0.0,0.0,0.0,0.18733029963448952,0.0,0.0,0.0,0.0,0.0,0.0,0.022292815752447105,0.0,0.0,0.0,0.0,0.0,0.0,0.0,0.0,0.0,0.0,0.020019678885350008,0.0,0.0,0.3099219731844511,0.2640261060655969,0.0,0.25538700414048754,0.2269436868797019,0.0,0.0,0.30314087720951854,0.050521807144490796,0.0,0.0,0.019576793566547103,0.361864465502794,0.1354195705611813,0.0,0.0,0.0,0.0,0.0,0.0,0.0,0.15288643614110692,0.0,0.0,0.13493192737250628,0.0,0.0,0.0,0.0,0.0,0.0,0.11360580014706671,0.0,0.0,0.0,0.0,0.0,0.0,0.0,0.06209082017113167,0.0,0.0,0.0,0.0,0.0,0.0
0.0,0.0,0.0,0.0,0.0,0.0,0.0,0.18850052271174056,0.0,0.0738519445114468,0.0,0.0,0.0,0.0,0.0,0.0,0.0,0.0,0.0,0.0,0.0,0.0,0.0,0.027651529737395403,0.0,0.05337028796777865,0.0,0.08347787762781848,0.0,0.0,0.043476527203388265,0.14586135769200526,0.0567491580996973,0.0,0.37982288802289954,0.0,0.30314087720951854,0.0,0.30696461422304144,0.0,0.0,0.24093974378521468,0.2213297549951727,0.0,0.0,0.0,0.0,0.0,0.0,0.02191954516115928,0.0,0.13939891579793626,0.027970677685262853,0.0,0.02523947721950663,0.0,0.0,0.0,0.0,0.0,0.0,0.16595473170395705,0.0,0.03269095776134311,0.0,0.0,0.0,0.0,0.0,0.0,0.0,0.0,0.0,0.0,0.144979106852042,0.14858977393411554
0.0,0.0,0.0,0.0,0.0,0.0,0.0,0.17091925265001615,0.0,0.02210899120477001,0.0,0.0,0.0,0.0,0.0,0.0,0.0,0.0,0.0,0.0,0.0,0.0,0.0,0.0,0.0,0.03846090861385033,0.0,0.16355849492716784,0.03796023089542759,0.2710485609255555,0.04880075221490114,0.3318125092660818,0.13576856435591508,0.17937634899144247,0.4323805990471671,0.25070810365139085,0.050521807144490796,0.30696461422304144,0.0,0.0,0.26292705134108046,0.36398915446524527,0.10813509735278073,0.23189199534972715,0.0,0.0,0.0,0.0,0.028236306195572644,0.0,0.0,0.0,0.04592567727544922,0.0,0.0,0.0,0.10762457549394155,0.0,0.0,0.0,0.07232304473479621,0.0,0.0,0.0,0.15232702700835588,0.0,0.2450382256898508,0.0,0.0,0.0,0.0,0.0,0.021738145471092204,0.0,0.3154853986552273,0.34979799290660835
0.038190925740944216,0.0,0.0,0.13588562722597958,0.1026342722707954,0.0254949676250534,0.11486225289700508,0.0,0.14602411354145692,0.0,0.18509603251248088,0.0,0.0,0.09896365944146156,0.016131056437923494,0.37262917659905315,0.0,0.26173754931606275,0.0,0.14027477573633257,0.028405213479215374,0.12856979430223645,0.13009546998536134,0.0698761536283989,0.09964399647284253,0.0,0.052462868192206275,0.0,0.02444901112765739,0.0,0.011056860599011932,0.0,0.20971877636781605,0.0,0.0,0.0,0.0,0.0,0.0,0.0,0.07957264023881981,0.0,0.0,0.0,0.22442881883543145,0.03520957000302641,0.07800865455517281,0.0,0.3728402650991467,0.2663089672686284,0.13916142564691486,0.15380280212649158,0.0,0.2174010221549445,0.0,0.0796197706262309,0.0,0.07587758613863514,0.1643326992743233,0.07403360561611493,0.06463827047474201,0.19416589252748476,0.08315525077921943,0.0,0.0,0.16950793776137796,0.0,0.08320031974040493,0.22858303429161336,0.0,0.0,0.0,0.20330785801889537,0.19828308251834156,0.012838275176982297,0.06010315719278013
