0.0,0.751808943943349,0.3489920808125717,0.25151715577223316,0.5832784048667244,0.4271924251355497,0.48317275511901714,0.027668489938359856,0.423269495673765,0.3006133336190609,0.36238098869619756,0.5789897756108946,0.5882138448065481,0.4822792640761798,0.0,0.451644381764632,0.1725835801403383,0.20546901179312013,0.2479834647020327,0.4103086705791645,0.1646310517634961,0.585884491151973,0.16894168321157885,0.0450833294062936,0.4927782363553349,0.6879739680172605,0.39819089732418905,0.5635509337639022,0.4795249248488491,0.43587221906550994,0.3916538435554285,0.22012321463307288,0.0,0.1868341102290214,0.0,0.4617230125849975,0.18522811826417068,0.0,0.08154493960240924,0.0,0.06780101427768917,0.15252226237755478,0.0,0.19514721659306963,0.0,0.7950877361231533,0.1098390183852058,0.4309789270010455,0.0,0.43040304856900935,0.5942532528515002,0.041076593313817376,0.0,0.3531883613315112,0.05471940254297296,0.3218643945679576,0.4396405308299387,0.17450014628927474,0.06473667890616787,0.2623674270699969,0.025610085287148653,0.0,0.3397176453034585,0.27262888091516696,0.45690377339069127,0.13530540215563744,0.2115297894197095,0.08894375047953337,0.0,0.07712091497193362,0.6377927081719506,0.48514770088550174,0.5801544846656695,0.5316297121002488,0.17550123003229562,0.26965231832074366
0.751808943943349,0.0,0.37791779867576525,0.07858626484948379,0.5230209907015755,0.7656634151406929,0.4204927422277412,0.18721352161347848,0.42335996155648137,0.4585859536693387,0.3695639778625457,0.5245092996725327,0.7482791276049728,0.3507960262662997,0.05435449078417217,0.22555352807825632,0.4168312824631427,0.26159333514287075,0.2694127235462281,0.39833689974900804,0.0,0.49693239500472797,0.31657581483463654,0.11799112019554525,0.7494141724922921,0.8326302231519216,0.5131880967049233,0.5792695328361744,0.5541634243529032,0.4249427077642508,0.11503951524584186,0.044778256927563154,0.0,0.1193226084487374,0.0,0.2871506952687038,0.0,0.0,0.0,0.07735794581821015,0.11605968424610888,0.021799411877903328,0.0,0.1037740676212199,0.057476983535771395,0.5601926101563333,0.5104138485362748,0.43283838794476176,0.0,0.3270658782897839,0.6232908848882984,0.0,0.07335952857213089,0.3660711747139405,0.16875790347003883,0.3366542724175452,0.4508261728342476,0.34016749572381655,0.0,0.24104583499755167,0.16501908856804515,0.20468156435677318,0.3076305295886256,0.2907777489530201,0.3767674362564374,0.0,0.24510274256871173,0.23365533109885728,0.0,0.38115096587148667,0.7289821617064176,0.590258874132952,0.4845841493261462,0.315393872345306,0.09312712053360664,0.18399653168056432
0.3489920808125717,0.37791779867576525,0.0,0.0,0.815763933600594,0.5064989130150926,0.41578096181184016,0.5419997632054061,0.8522140297433427,0.2462194814452332,0.9929956105860506,0.3945787139397409,0.3999258193852349,0.32789919365977743,0.5630362103433241,0.14821347257037776,0.12378214827724214,0.15595624090864996,0.837731527543618,0.775373616007735,0.15220441173846394,0.7445980079518604,0.7560605935545032,0.0,0.17258006500113032,0.45095019869255626,0.827872313208294,0.7110598022328561,0.4418640361473356,0.6349026123848599,0.16621103468454382,0.0,0.0,0.0,0.0,0.20726736927983974,0.04501723148522866,0.0,0.0,0.0,0.0,0.0,0.0,0.0,0.0,0.30917898983334346,0.22955455081175272,0.99345363638685,0.0,0.7705876580781297,0.43762787319202384,0.22843781588816353,0.3906038102378539,0.7631970429998359,0.0,0.9705798659590749,0.1128006763643359,0.03425489879668121,0.11202703867516552,0.7684215453049426,0.275353614955131,0.10699360478057,0.2513233864587053,0.876895627341592,0.7161076660199223,0.1996139635217239,0.6098676579033061,0.740519056781553,0.0,0.06801394227505647,0.3578388896141728,0.6601654939404362,0.6101189816208139,0.22572416534496995,0.0,0.19309971062994857
0.25151715577223316,0.07858626484948379,0.0,0.0,0.06446758852283058,0.14357338477213116,0.07251022030680834,0.0835887153868318,0.0,0.15886848507226453,0.0,0.4217429310502136,0.40879045707272416,0.5433238817905826,0.0,0.0,0.0,0.0,0.0,0.0,0.0,0.0,0.0,0.0,0.0,0.11230146468814689,0.0,0.35130284050113436,0.2931365806573783,0.31094029529665584,0.20002055647927555,0.3412173566800086,0.0,0.20347297963567235,0.28158692464457874,0.3033091482139767,0.20479654731234995,0.0,0.31642613942282904,0.0,0.0,0.05481808990262203,0.15209144653489964,0.08495686346967969,0.028927372610074963,0.41596160393340875,0.0,0.0,0.3164660284588101,0.0,0.0,0.04719528442804536,0.0,0.0,0.0873445836578676,0.0,0.30051592682012773,0.0,0.266502809462123,0.0,0.0,0.0,0.04251277639233949,0.005390270413462553,0.0,0.10070740131612914,0.0,0.0,0.0,0.0,0.16397001301281586,0.0,0.02524756997240269,0.0,0.0,0.0
0.5832784048667244,0.5230209907015755,0.815763933600594,0.06446758852283058,0.0,0.5566721323985995,0.6168940843123573,0.39237748275551365,0.9409676230480977,0.300575414097534,0.8544005824911134,0.4735093870546672,0.561072577622703,0.4218121346393092,0.3067917600541628,0.2908020213216274,0.17683443626384998,0.22034491554902944,0.520920040677587,0.6408160654811327,0.08724578774684531,0.6795664271392908,0.5506615603454581,0.0,0.249720322611931,0.5052477714380752,0.8205973351033365,0.700317914784574,0.47293773812916134,0.5715267018596564,0.2803853356495278,0.0,0.0,0.0,0.0,0.31588627359142846,0.03641592633895748,0.0,0.0,0.0,0.0,0.0,0.0,0.0382569328089452,0.0,0.46652613219095196,0.29306482612509227,0.8572486279167458,0.0,0.8769909695250175,0.5775283563279419,0.3115457447506851,0.23055621758571324,0.8461266365371886,0.0,0.7948141019894504,0.18900131198986653,0.1438581006270273,0.16918232607810102,0.5609794820349946,0.2538398784476906,0.0,0.20033140005738412,0.5787678742121966,0.5941574227864573,0.1779665380214329,0.45932923480490745,0.5788888499692467,0.0,0.12668715029033725,0.437039397111017,0.7838518360950174,0.6233413805037346,0.2599879249067602,0.0,0.1860636848919169
0.4271924251355497,0.7656634151406929,0.5064989130150926,0.14357338477213116,0.5566721323985995,0.0,0.3683889948933827,0.4865843444074628,0.5126696768373371,0.5420033599455258,0.49672838322222684,0.43115148908127604,0.7653758341119563,0.33841707486137873,0.27430732355792675,0.0,0.6017014700317067,0.26512944072512995,0.378959768004677,0.44559978216677243,0.17906300216494575,0.38929697281085257,0.607152327097866,0.0,0.730101904990028,0.7173613881021991,0.6348580499659211,0.5502996814404474,0.7604255366066236,0.4045930156773337,0.060066793503314724,0.0,0.0,0.0,0.0,0.22981179365126284,0.0,0.0,0.0,0.0,0.0,0.035265379196259876,0.0,0.0,0.013320001189499546,0.3174523159618967,0.5836626660724127,0.4980131217996408,0.0,0.5138510250602012,0.5249634871890192,0.18246537905923046,0.39646437705787013,0.5030706576218021,0.18722114007825869,0.521423238004015,0.3082230610376581,0.413626463563819,0.20821237592714578,0.44243551240421175,0.39041371210898934,0.315093254935452,0.34926699966530833,0.403512524457734,0.36516176288958213,0.09778611738146034,0.42032477283773656,0.46280810482235535,0.0,0.46535853236714303,0.5833729539359636,0.6044403087495188,0.39038774186289843,0.11941132380206528,0.0,0.13603559469548368
0.48317275511901714,0.4204927422277412,0.41578096181184016,0.07251022030680834,0.6168940843123573,0.3683889948933827,0.0,0.0,0.5597288243614554,0.3277070315652201,0.43692037774416315,0.3015260003191953,0.42726767772941543,0.19678309746635744,0.12179662891375494,0.4398421470381269,0.22468073217761694,0.3236954943683047,0.21318410419949854,0.40234928579345847,0.038519041159356844,0.4562435818687513,0.13902361829739734,0.0,0.28955312565509156,0.30723365944889447,0.5916568716631506,0.4019021118577831,0.4711323213045784,0.3024070387447709,0.42524589525884393,0.02142979565223419,0.0,0.09558861190025886,0.0,0.1605175798319941,0.0,0.0,0.0,0.0,0.0,0.0,0.0,0.1266057074247863,0.0,0.413837524033956,0.16264630032173646,0.4385856273290354,0.0,0.5520389191943913,0.44346499720742244,0.3911703251415633,0.0,0.4918486904919723,0.047774869669695,0.36632529099615857,0.18907232136090793,0.33461842227841987,0.023137849781152586,0.26143023886622624,0.2911352424296928,0.09840079171011136,0.19420463028498067,0.2344607707073436,0.40740971675160415,0.07209298333785004,0.2240923259842186,0.13783470199032027,0.0,0.16380154797985944,0.25916928231910735,0.5983750109620659,0.5494758387125394,0.4973888318497937,0.14989583270340892,0.3154941198722183
0.027668489938359856,0.18721352161347848,0.5419997632054061,0.0835887153868318,0.39237748275551365,0.4865843444074628,0.0,0.0,0.3462046028062391,0.30856192220283857,0.5650723586822409,0.4844923156157004,0.25392459771271453,0.3288158781434095,0.5032945577102141,0.0,0.1588741859133119,0.0,0.5925623452380107,0.43205587623551545,0.5205014986191133,0.43083719417267924,0.8082626696637413,0.07868957997664669,0.10125323046361098,0.33577723372931334,0.35059898435431913,0.4074603961439963,0.284165256255212,0.5424421479080692,0.06241800214231074,0.03325020389542042,0.0,0.0,0.0,0.16422279067223686,0.0,0.0,0.0,0.0,0.0,0.0,0.07993182482380634,0.0,0.0,0.05510729364468329,0.3867899096057732,0.4308359803437164,0.2740846722690771,0.3541229977257923,0.08432160844220292,0.14626126270006523,0.8614531697870983,0.30873617656269536,0.17513787045526252,0.5411832356265784,0.19925725308593897,0.0,0.4012814536144123,0.5643969624791783,0.1841564967571945,0.031060010666637973,0.08592974825545738,0.5589216292737446,0.29503873298092126,0.5057372906725732,0.5095128210916825,0.7747252571938665,0.0,0.21405972766411124,0.32574126153828925,0.14185582180619205,0.1588865852466557,0.0,0.0,0.0
0.423269495673765,0.42335996155648137,0.8522140297433427,0.0,0.9409676230480977,0.5126696768373371,0.5597288243614554,0.3462046028062391,0.0,0.351538140186652,0.8507093698382789,0.3714918170340801,0.44590955683798905,0.32055226478263527,0.3895859876569229,0.25617550433553943,0.243457260010099,0.2527175903476281,0.479036747253387,0.6133604893367935,0.05118824575314509,0.6354961207834202,0.5413915883786217,0.0,0.2500630054918464,0.4804614982711517,0.8198633030370629,0.658881829988722,0.4573122782263003,0.5185976109178543,0.25812273837514316,0.0,0.0,0.0,0.0,0.1844036317085721,0.0,0.0,0.0,0.0,0.0,0.0,0.0,0.0,0.0,0.4201887098384318,0.33012024108915056,0.8840049304552368,0.0,0.8962445599772466,0.5397073412841727,0.395718108981142,0.21430267981814374,0.9712748670640465,0.06225531645734605,0.8312361464309662,0.08193118036524454,0.2360156496727983,0.08949703538981219,0.6246713085414559,0.3158491942410698,0.14554356528406195,0.28731498291226637,0.5642101618159674,0.6154499698072472,0.1810879166001751,0.5194500462253538,0.5927769356795991,0.0,0.2038590995826534,0.4282055951440512,0.7760398825744341,0.614278089671825,0.27586968046089505,0.0,0.23298717938378619
0.3006133336190609,0.4585859536693387,0.2462194814452332,0.15886848507226453,0.300575414097534,0.5420033599455258,0.3277070315652201,0.30856192220283857,0.351538140186652,0.0,0.22728042510843482,0.506225549657752,0.62196311792564,0.3110758256520804,0.22791574979863688,0.19294582143693742,0.6153146180097383,0.3855220855338554,0.1490428546261955,0.15819303094952397,0.2865476346218564,0.22256395897937525,0.27672073317905505,0.2467120474165303,0.6638439746871575,0.5333304655585014,0.30135852206363534,0.4466386047437215,0.5168529368257432,0.3684625574999871,0.3652727953900886,0.19470902083231773,0.017670234155263545,0.33551223481767495,0.0765996491860773,0.12405929231619285,0.0,0.2586367738324239,0.04061288608699703,0.10183696950171625,0.014189914858657978,0.0,0.06801622291663682,0.0,0.23922182617272567,0.33148805901216205,0.4702219236598043,0.25645654215350605,0.14517619487785635,0.2755765004412607,0.17069630002488956,0.24897843448953025,0.18874951801386672,0.38927527967243186,0.38947492882760193,0.24987851059926672,0.2930814473625499,0.3197653697324297,0.22307048768362578,0.29275063496066994,0.2816775922596217,0.22513598057480763,0.3410454533322569,0.16578375672933124,0.11966229734432367,0.22556135579190184,0.25002058811718897,0.2412384575168229,0.0,0.5371751640844519,0.48650548650806597,0.2639676149127458,0.264654337659105,0.054394876709549594,0.0,0.07261847036500338
0.36238098869619756,0.3695639778625457,0.9929956105860506,0.0,0.8544005824911134,0.49672838322222684,0.43692037774416315,0.5650723586822409,0.8507093698382789,0.22728042510843482,0.0,0.3958758720963214,0.35470410069658004,0.3353385668899816,0.5600896885989789,0.16040548532242332,0.11839066065540677,0.15574045616428547,0.8370993906648111,0.7829209204923234,0.18259275066397795,0.7501424564988546,0.753483862343338,0.0,0.13307562248115762,0.43503824944034825,0.8233215202398272,0.6599177532129755,0.4280093071171154,0.6174533631800598,0.1387093998369617,0.0,0.0,0.0,0.0,0.2106645475997683,0.0,0.0,0.0,0.0,0.0,0.0,0.0,0.0,0.0,0.30741347204627983,0.2596763728820482,0.9561827576342073,0.0,0.7860275830242489,0.44495217011591764,0.20528107287594685,0.41623472418878554,0.7455295710916803,0.0,0.9650397158751678,0.1229322433554304,0.02496405856673262,0.1804509598000427,0.7563655464707814,0.2699272504044579,0.09308203010430433,0.22129720120079627,0.8626375632718271,0.7171225151984721,0.22459110726322826,0.6199061431565347,0.7226790757310098,0.0,0.05038314733070426,0.3523057364984843,0.651651640827064,0.5784805213408578,0.20096830818684808,0.0,0.16101720392368254
0.5789897756108946,0.5245092996725327,0.3945787139397409,0.4217429310502136,0.4735093870546672,0.43115148908127604,0.3015260003191953,0.4844923156157004,0.3714918170340801,0.506225549657752,0.3958758720963214,0.0,0.5666417746061826,0.5808570242718059,0.0609078272704255,0.10185483097713079,0.0,0.0,0.36148515105562024,0.3198237731331123,0.23752967943558043,0.47371304157720334,0.3295167344962584,0.0,0.2342490357399962,0.5191085575580497,0.23699241573598492,0.6351040828287613,0.4383460962090049,0.6362156601615564,0.29218705312821,0.3420229730430447,0.0,0.24805771068493657,0.1250355416492804,0.26602540468337615,0.07232690804266492,0.0,0.10074950018705665,0.0,0.0,0.0,0.0,0.06940756957451169,0.0,0.5605357127246018,0.2544141009578398,0.38276368096575225,0.1106494926033279,0.33242918439148295,0.20273270323231476,0.14219975172120905,0.3056809374981257,0.28802917015243346,0.305326867511367,0.35627307796389496,0.6713752647864819,0.03314917766337741,0.3379101964482257,0.3283558923162333,0.0,0.0,0.2032321123208027,0.31115027798891315,0.1908363261125055,0.3236450280844908,0.2162041611031775,0.35559289026072316,0.0,0.14773788380290123,0.5156269358681426,0.19284937614924438,0.28344959373150236,0.0,0.0,0.0
0.5882138448065481,0.7482791276049728,0.3999258193852349,0.40879045707272416,0.561072577622703,0.7653758341119563,0.42726767772941543,0.25392459771271453,0.44590955683798905,0.62196311792564,0.35470410069658004,0.5666417746061826,0.0,0.48942456194824885,0.0,0.033308896540680755,0.505514488308803,0.13078776743613438,0.18692795526025469,0.31113168375135014,0.0,0.30840061479228587,0.3034087166143307,0.019523857922843325,0.5968070963543384,0.6836079197783007,0.4472343717631783,0.7326184633136985,0.7200123787549852,0.48823054440790736,0.26883990479985514,0.07855978684005024,0.0,0.18641159707953206,0.11436342101909304,0.3908163656549495,0.1348195327817387,0.045464428832007756,0.0,0.0,0.0,0.06497349137636216,0.0,0.0390432539680834,0.1559707293393686,0.5556361440119902,0.37391780897725396,0.44097705579109886,0.0,0.4058307904366497,0.4340999858985889,0.150749239330341,0.08684148755980024,0.46037751315358877,0.07801185010059077,0.3623926995809828,0.3151427074387762,0.4104705946095121,0.08631498191888633,0.2350427311528183,0.16831186499565096,0.07052897818759657,0.21333535228895348,0.22788545534897378,0.24191511400044902,0.0,0.18284246429061382,0.26547475027036743,0.0,0.3705011212188582,0.5879822314835206,0.5036960577310811,0.40437159983013304,0.20632930028197397,0.0,0.10462227955378701
0.4822792640761798,0.3507960262662997,0.32789919365977743,0.5433238817905826,0.4218121346393092,0.33841707486137873,0.19678309746635744,0.3288158781434095,0.32055226478263527,0.3110758256520804,0.3353385668899816,0.5808570242718059,0.48942456194824885,0.0,0.017040762513360258,0.05524917958777407,0.13859298937209363,0.0,0.2836362440762418,0.29200659596105677,0.12373689221473418,0.35815534320523784,0.2511736432379462,0.0,0.1470661760164011,0.32378298157387614,0.17983429547416438,0.5492386684468278,0.3998158918347011,0.5354127339453834,0.34407950068247894,0.2600646491516265,0.0,0.18888811531198754,0.08957289257942594,0.5839058228491781,0.2409559258811745,0.0,0.15526821354699968,0.0,0.0,0.20272684072089314,0.10902901444735776,0.033933444664702675,0.0,0.5234169697777914,0.05858621585985278,0.31491920150708563,0.36699512465244993,0.2814971582286681,0.19978985180263625,0.028793112925141934,0.12482056713455687,0.25636620161872287,0.0,0.31458574149850493,0.33862162656274686,0.0,0.590979641222791,0.25220976814306634,0.0,0.0,0.11816923263616978,0.2479790223445177,0.1541129032359494,0.1566392713894508,0.13078475383870838,0.2288827818016146,0.0,0.0,0.33105427198412213,0.11698731233343268,0.28236817687117804,0.0429206079567464,0.0,0.0
0.0,0.05435449078417217,0.5630362103433241,0.0,0.3067917600541628,0.27430732355792675,0.12179662891375494,0.5032945577102141,0.3895859876569229,0.22791574979863688,0.5600896885989789,0.0609078272704255,0.0,0.017040762513360258,0.0,0.1756620602963188,0.2336863692058789,0.43508930196454343,0.6104404948397335,0.7619402467561193,0.5596368465335861,0.6690206027302416,0.65535406394049,0.11786952409452756,0.182223850130477,0.21574153379614022,0.5183596473084646,0.37743802499698303,0.4044878198522853,0.46806604820977005,0.20400110614219805,0.0,0.0,0.0,0.0,0.1006759918054792,0.031684785172154804,0.0,0.0,0.0,0.0,0.0,0.0,0.0,0.0,0.0,0.37611066361952816,0.4834308720968535,0.06629523454878179,0.40670050065907637,0.07414097238744727,0.20077494027943588,0.48001991234791036,0.3366095815026821,0.27486668683768584,0.5363563388839641,0.0,0.10615363717017712,0.21819307230528065,0.8948176217737583,0.5757013058113833,0.4776805008381483,0.41945508708101725,0.615035977930619,0.6640117090426093,0.43884160864423916,0.8697675881742563,0.5777247766537834,0.07787784515858924,0.2510537478582876,0.185191133783273,0.2755949038270461,0.4829417234142067,0.09442618650937072,0.06378002105970276,0.33749937091366894
0.451644381764632,0.22555352807825632,0.14821347257037776,0.0,0.2908020213216274,0.0,0.4398421470381269,0.0,0.25617550433553943,0.19294582143693742,0.16040548532242332,0.10185483097713079,0.033308896540680755,0.05524917958777407,0.1756620602963188,0.0,0.09044035074262874,0.5994296202591297,0.12136875114628318,0.242388420848598,0.2840510551959035,0.462690058524684,0.0,0.204115662998301,0.22438658243836496,0.15074809593109456,0.3198156370336707,0.13072230558676115,0.060781105644996544,0.09934894826644901,0.6897370071700094,0.06948505584801419,0.10869206205050715,0.2903908249897439,0.038515011201113766,0.21510912523200118,0.07110999921689215,0.0,0.0,0.0,0.0,0.008403513940010881,0.0,0.2782148159498652,0.0,0.3581139473875994,0.0,0.19108534240727698,0.0,0.21715059843307774,0.4567689993892887,0.12992560755421098,0.0,0.2060326301949873,0.0,0.0628483582192421,0.0,0.14041029352093592,0.11245959795814196,0.23250335599731248,0.13275131023624884,0.0,0.26223138705267346,0.1272066744816746,0.3698076580650405,0.2426221233058559,0.11517155266231162,0.07017634916575044,0.0,0.0758710156238892,0.15954725612612175,0.39399167014609254,0.5064240414790293,0.6240216603589833,0.35346983418789646,0.3196667104444977
0.1725835801403383,0.4168312824631427,0.12378214827724214,0.0,0.17683443626384998,0.6017014700317067,0.22468073217761694,0.1588741859133119,0.243457260010099,0.6153146180097383,0.11839066065540677,0.0,0.505514488308803,0.13859298937209363,0.2336863692058789,0.09044035074262874,0.0,0.4877436840760572,0.047794223801940046,0.1822471664773635,0.07996407924243343,0.14563194991948827,0.1935298396498835,0.31436666632177623,0.6545544962693395,0.5479699467023469,0.31596376656841985,0.2756612935090073,0.44923990662527963,0.11128739975343681,0.20584983678395685,0.0,0.05764127925578656,0.11931615644840479,0.0,0.27769824930274306,0.0,0.4479400624684671,0.0,0.21030906794047338,0.19508362344862198,0.0,0.02702254665776033,0.0,0.1972587209432226,0.12060127556628979,0.4749842354929645,0.1028185952732529,0.07248539164152694,0.15228063751872425,0.24876211393175746,0.02882049595934624,0.11221791379787795,0.2613469511150096,0.0,0.1367181153854354,0.0,0.39077602339838724,0.1272309444281367,0.19971133572465147,0.2955555254566415,0.4984910494316818,0.2644665572274283,0.08538285172173585,0.2013167282268138,0.0,0.28956201974721407,0.04300610286021485,0.080839113234983,0.4831583873259762,0.4485303385921793,0.31032551975096867,0.18418100700454385,0.05955647304976951,0.060086903009848085,0.18403210304198434
0.20546901179312013,0.26159333514287075,0.15595624090864996,0.0,0.22034491554902944,0.26512944072512995,0.3236954943683047,0.0,0.2527175903476281,0.3855220855338554,0.15574045616428547,0.0,0.13078776743613438,0.0,0.43508930196454343,0.5994296202591297,0.4877436840760572,0.0,0.11600841373362447,0.36647662380380575,0.2275415254008886,0.33863708150583427,0.14170310266681804,0.3757356514531566,0.5605531006239929,0.32294835079948164,0.4640032866459808,0.14942723986429843,0.32814199045438125,0.04868434290094082,0.34358724565780746,0.0,0.25627514916618543,0.061521536260760165,0.0,0.02498468647878473,0.04011949122675633,0.12759343330750952,0.0,0.0808034842379571,0.17682712750113455,0.0,0.0,0.07338389041560964,0.10812207493499838,0.02853156072814987,0.26239348034751975,0.160664408063543,0.0,0.27006936052381647,0.28440362259441565,0.18307811986041717,0.0,0.2670069888279886,0.2538743909838785,0.12089192886243454,0.0,0.36127538147038,0.0,0.34522175328985466,0.5698235181447282,0.5890418338244854,0.6031895316055074,0.12458410541138368,0.47548071308816814,0.09201002788105538,0.424684658053681,0.0560568823965786,0.13188162889074734,0.34687821183667905,0.17532539395572944,0.4189439083135753,0.49407134510925005,0.4529646133839117,0.34266836654080646,0.5518799532429632
0.2479834647020327,0.2694127235462281,0.837731527543618,0.0,0.520920040677587,0.378959768004677,0.21318410419949854,0.5925623452380107,0.479036747253387,0.1490428546261955,0.8370993906648111,0.36148515105562024,0.18692795526025469,0.2836362440762418,0.6104404948397335,0.12136875114628318,0.047794223801940046,0.11600841373362447,0.0,0.7290399021971187,0.3029384084064214,0.6992494992205978,0.6991087891268621,0.0,0.09288723042464395,0.3300311113812827,0.6066642812301236,0.48363139191368193,0.3300831969280647,0.5871856438506304,0.12567456068757926,0.0,0.0,0.0,0.0,0.16998830585227206,0.03471656121643639,0.0,0.0,0.0,0.0,0.0,0.0,0.0,0.0,0.19797995172698107,0.13430481743626202,0.7222731231717651,0.021807862763732602,0.46227334048526364,0.23599016775363196,0.01935502185152535,0.4266195988706532,0.3097153916719562,0.0,0.7768335295674507,0.12128522200357363,0.0,0.23404006948621664,0.6903677086506369,0.15776708618536683,0.1027615831946541,0.19060895409234752,0.978317305430021,0.6340216805556883,0.24604612806217854,0.5866007884625055,0.5813722537503301,0.0,0.0,0.22534098838279548,0.36567724280429476,0.42742786324333776,0.11406274090353358,0.05022366248215249,0.14748605833882206
0.4103086705791645,0.39833689974900804,0.775373616007735,0.0,0.6408160654811327,0.44559978216677243,0.40234928579345847,0.43205587623551545,0.6133604893367935,0.15819303094952397,0.7829209204923234,0.3198237731331123,0.31113168375135014,0.29200659596105677,0.7619402467561193,0.242388420848598,0.1822471664773635,0.36647662380380575,0.7290399021971187,0.0,0.31733730068517846,0.9371998836971652,0.6302005649411244,0.0,0.22179880029679436,0.47701926236971753,0.7798038956121143,0.7253548695379237,0.5853506377269686,0.6821701324315126,0.30537961625509846,0.0,0.0,0.0,0.0,0.3347945827585937,0.16383570119867452,0.0,0.0,0.0,0.0,0.0,0.0,0.0,0.0,0.3315933946717057,0.20410925689795512,0.7165855922031036,0.0,0.5721325518208698,0.3261787022844069,0.06259226883689324,0.302917836767635,0.4538437526785087,0.06853115701285363,0.6842396727976456,0.15272035954990698,0.057033915228415784,0.20388600474271218,0.8515354111089722,0.431441882671387,0.34873450501668585,0.4498782661258152,0.7470415753485018,0.9392680234137196,0.29503645226903885,0.863131008816297,0.5007948788927882,0.0,0.058624015206416843,0.3633340836606371,0.542401489658969,0.7292314560346188,0.3483074973377896,0.09656571630833341,0.4611743862248194
0.1646310517634961,0.0,0.15220441173846394,0.0,0.08724578774684531,0.17906300216494575,0.038519041159356844,0.5205014986191133,0.05118824575314509,0.2865476346218564,0.18259275066397795,0.23752967943558043,0.0,0.12373689221473418,0.5596368465335861,0.2840510551959035,0.07996407924243343,0.2275415254008886,0.3029384084064214,0.31733730068517846,0.0,0.3898232500409818,0.47551213541215537,0.14032662321919698,0.16576822337027328,0.08330291745026633,0.11839023685638178,0.1528531983921364,0.34077447524183774,0.3706285307525571,0.413877390943286,0.23481348200469399,0.044932299262549866,0.20334428245917072,0.07751904505336142,0.05532139822481677,0.0,0.0,0.0,0.0,0.0,0.0,0.14328219419521498,0.0,0.0,0.19617908620571212,0.3018971086859159,0.09651898639637954,0.16502655413725434,0.19130348842762077,0.0,0.18147285042166963,0.44200953015047467,0.060286127966357815,0.30456842419107744,0.16296413690509357,0.09808721119086439,0.12974283634808162,0.35346624224668194,0.5186109092754327,0.41291534201454755,0.11406777660422757,0.25507322351215367,0.26361240200909475,0.2198050199725901,0.8035793787688292,0.4460684198891529,0.4547761254543142,0.0,0.3039429812869363,0.17999825267790612,0.0,0.22071338698089732,0.0,0.0,0.0
0.585884491151973,0.49693239500472797,0.7445980079518604,0.0,0.6795664271392908,0.38929697281085257,0.4562435818687513,0.43083719417267924,0.6354961207834202,0.22256395897937525,0.7501424564988546,0.47371304157720334,0.30840061479228587,0.35815534320523784,0.6690206027302416,0.462690058524684,0.14563194991948827,0.33863708150583427,0.6992494992205978,0.9371998836971652,0.3898232500409818,0.0,0.5496062316026865,0.0,0.25742242666760107,0.5350570335262843,0.7236169642540449,0.6958487190007537,0.49535053057628614,0.6799611981817958,0.4176097215309689,0.05529223450158902,0.0,0.0,0.0,0.42399511966910985,0.17570167947142803,0.0,0.0,0.0,0.0,0.0,0.0,0.0,0.0,0.5100338389611693,0.2581360501406471,0.7196358505513236,0.0,0.5748280510295123,0.46392706349894325,0.06708775840900884,0.2721103805521535,0.47535579024601166,0.10147984353936387,0.6487566083866901,0.2145861895435862,0.0882144516492779,0.2659615654775048,0.8156755951247282,0.35346456418951466,0.18679868353954648,0.39041794663896007,0.713755020530356,0.8857124628174433,0.35538743142235435,0.7936580862064476,0.4911484158460089,0.0,0.11359174449795453,0.5043104978392277,0.571036874851224,0.7526782630472807,0.420768705515529,0.11926158188465685,0.33927572234977244
0.16894168321157885,0.31657581483463654,0.7560605935545032,0.0,0.5506615603454581,0.607152327097866,0.13902361829739734,0.8082626696637413,0.5413915883786217,0.27672073317905505,0.753483862343338,0.3295167344962584,0.3034087166143307,0.2511736432379462,0.65535406394049,0.0,0.1935298396498835,0.14170310266681804,0.6991087891268621,0.6302005649411244,0.47551213541215537,0.5496062316026865,0.0,0.0,0.3268224558513571,0.4162914711638173,0.6514933203848169,0.5016708087322826,0.49673783071759137,0.5793455345706809,0.09938024595071654,0.0,0.0,0.0,0.0,0.1511202154738318,0.0,0.0,0.0,0.0,0.0,0.0,0.0,0.0,0.0,0.15339752523607883,0.3983097765862349,0.693364870030202,0.030668186399492394,0.5625697207440423,0.3051011182356366,0.1614133185303824,0.7414570133646541,0.5141930645377428,0.17158224784321352,0.7693070235726565,0.1805176700587872,0.09218449670273376,0.29570322809964006,0.7474844296030834,0.3834334764789314,0.21998770817044502,0.2408748440284278,0.6998346977289169,0.5357811913408769,0.4495637391704094,0.6404835667990533,0.9072187259546352,0.0,0.23856241883461735,0.3729169445247059,0.44812558553247234,0.39052192840962147,0.0,0.0,0.05402019092561934
0.0450833294062936,0.11799112019554525,0.0,0.0,0.0,0.0,0.0,0.07868957997664669,0.0,0.2467120474165303,0.0,0.0,0.019523857922843325,0.0,0.11786952409452756,0.204115662998301,0.31436666632177623,0.3757356514531566,0.0,0.0,0.14032662321919698,0.0,0.0,0.0,0.24912238502872258,0.37026528037581735,0.0,0.02211507372405133,0.0,0.0,0.06383549280675917,0.0,0.4878985922954856,0.1468449188108765,0.048549477773558745,0.0,0.13676904613132973,0.40773243687784316,0.02554403015396225,0.34902896438669284,0.37973588027032995,0.0,0.02435357827055919,0.12989458266662798,0.42940055222762036,0.07294844322473408,0.1302701596256406,0.0,0.0,0.0,0.12134448310010794,0.0,0.1877218956702004,0.0,0.3152698106382551,0.0,0.10763213116749414,0.24258295911865693,0.0,0.0,0.0521408015700975,0.4878287093689606,0.35894511011234587,0.0,0.1454449830502473,0.03875400832567069,0.11277701620946072,0.025415003823984362,0.7353484875236708,0.2240664120323779,0.3746130832941404,0.0,0.17996483827633644,0.1310726582042532,0.3813274147883173,0.36080694993386825
0.4927782363553349,0.7494141724922921,0.17258006500113032,0.0,0.249720322611931,0.730101904990028,0.28955312565509156,0.10125323046361098,0.2500630054918464,0.6638439746871575,0.13307562248115762,0.2342490357399962,0.5968070963543384,0.1470661760164011,0.182223850130477,0.22438658243836496,0.6545544962693395,0.5605531006239929,0.09288723042464395,0.22179880029679436,0.16576822337027328,0.25742242666760107,0.3268224558513571,0.24912238502872258,0.0,0.7058573377682984,0.40631299051540093,0.3232934755157192,0.6187095387351,0.21384184358906688,0.21589462146461777,0.06690723321425662,0.1480521637422027,0.24283447943608238,0.0,0.21662690902734227,0.0,0.23540483669332563,0.006542351205842479,0.2708219179920749,0.26611257409224254,0.08389527055415016,0.0,0.0,0.2204729791405006,0.35603399383048584,0.5884620439290787,0.2245718165320577,0.0,0.23989408447196148,0.39493876561793545,0.09715735075172528,0.07178705505407112,0.3074933870245754,0.32672040697857047,0.20146804792043932,0.2652757969509856,0.40501176662892535,0.05059843358322759,0.2474173856139334,0.4414626117365909,0.41355628573242775,0.4555641972753911,0.10174451410231805,0.26790079266781147,0.040437096767398775,0.3022676493907577,0.16233475825731045,0.11004523662518272,0.6586829298120119,0.604338593613802,0.4617625869264816,0.2969479516996114,0.31762934250538355,0.04790970241520036,0.26251928691514276
0.6879739680172605,0.8326302231519216,0.45095019869255626,0.11230146468814689,0.5052477714380752,0.7173613881021991,0.30723365944889447,0.33577723372931334,0.4804614982711517,0.5333304655585014,0.43503824944034825,0.5191085575580497,0.6836079197783007,0.32378298157387614,0.21574153379614022,0.15074809593109456,0.5479699467023469,0.32294835079948164,0.3300311113812827,0.47701926236971753,0.08330291745026633,0.5350570335262843,0.4162914711638173,0.37026528037581735,0.7058573377682984,0.0,0.4896179145699926,0.669191796317137,0.5174693608768439,0.4459085314691633,0.06374476252557966,0.0,0.0,0.08299412591742947,0.0,0.3491130889654887,0.14895149936516547,0.037529911639801024,0.0,0.09999384653673009,0.1653964600287116,0.0,0.0,0.03679050712671124,0.14464270881048097,0.5829741605294191,0.4354686745494704,0.48830892609362075,0.0,0.38080124753307343,0.567038556995804,0.0,0.202175050057626,0.42946214527886767,0.30847823797269286,0.4194032004627867,0.4155181150357177,0.3590640156163703,0.0,0.39157170835480576,0.16894534245525591,0.3853023889886562,0.5320986075198854,0.3666442066362141,0.5081836549618286,0.0,0.4315816473318648,0.31365300375689903,0.15074532462820722,0.3519583309470238,0.8943797710256586,0.48015786743825195,0.5475591205262932,0.2580829167379833,0.13884826789349786,0.28041714582439564
0.39819089732418905,0.5131880967049233,0.827872313208294,0.0,0.8205973351033365,0.6348580499659211,0.5916568716631506,0.35059898435431913,0.8198633030370629,0.30135852206363534,0.8233215202398272,0.23699241573598492,0.4472343717631783,0.17983429547416438,0.5183596473084646,0.3198156370336707,0.31596376656841985,0.4640032866459808,0.6066642812301236,0.7798038956121143,0.11839023685638178,0.7236169642540449,0.6514933203848169,0.0,0.40631299051540093,0.4896179145699926,0.0,0.5584115557588533,0.5610618236802709,0.4442931896546116,0.2221612397749779,0.0,0.0,0.0,0.0,0.2108650954769432,0.0,0.0,0.0,0.0,0.0,0.0,0.0,0.0,0.0,0.26587022092206747,0.29572122412302204,0.8164999103399704,0.0,0.7606692017587324,0.4757908918290973,0.3037547667240641,0.23401516236230582,0.7053408613614779,0.0,0.7884695942362394,0.054566118550211186,0.20595867805797635,0.10295873294785987,0.66759139113805,0.4783860152517126,0.31014235750600305,0.2914336287952049,0.6604682121472408,0.7825501240369032,0.13871325158075354,0.6658946640615793,0.5288367151644658,0.0,0.1876599724911385,0.30759900073792124,0.8956457736104191,0.6437074165737824,0.38948652010680995,0.13914099998750698,0.41463937396586087
0.5635509337639022,0.5792695328361744,0.7110598022328561,0.35130284050113436,0.700317914784574,0.5502996814404474,0.4019021118577831,0.4074603961439963,0.658881829988722,0.4466386047437215,0.6599177532129755,0.6351040828287613,0.7326184633136985,0.5492386684468278,0.37743802499698303,0.13072230558676115,0.2756612935090073,0.14942723986429843,0.48363139191368193,0.7253548695379237,0.1528531983921364,0.6958487190007537,0.5016708087322826,0.02211507372405133,0.3232934755157192,0.669191796317137,0.5584115557588533,0.0,0.6640322677125052,0.7984699736158378,0.3844648810525023,0.04230819624919545,0.0,0.0,0.0,0.45526700724610836,0.27145664036808737,0.0,0.0,0.0,0.0,0.0,0.0,0.0,0.0,0.6030513950502434,0.26818387040416564,0.6970699214876523,0.0,0.5866719964409914,0.36333330327348234,0.12759434618299378,0.20122494534649318,0.5751808726190137,0.1225618430135484,0.6051717986984575,0.3403553281165133,0.19174029775055523,0.15543858105627073,0.6277702663108968,0.22979845615364455,0.11670930549913522,0.3954751203897808,0.5172346192914823,0.6252989560637835,0.210267234253794,0.5686511762461036,0.46941798375146093,0.0,0.18300486102368452,0.6045452270637934,0.44864395641999943,0.7123576074115666,0.2381135667163872,0.0,0.2594044001370955
0.4795249248488491,0.5541634243529032,0.4418640361473356,0.2931365806573783,0.47293773812916134,0.7604255366066236,0.4711323213045784,0.284165256255212,0.4573122782263003,0.5168529368257432,0.4280093071171154,0.4383460962090049,0.7200123787549852,0.3998158918347011,0.4044878198522853,0.060781105644996544,0.44923990662527963,0.32814199045438125,0.3300831969280647,0.5853506377269686,0.34077447524183774,0.49535053057628614,0.49673783071759137,0.0,0.6187095387351,0.5174693608768439,0.5610618236802709,0.6640322677125052,0.0,0.5948884161493986,0.38314782538611314,0.10874531541616275,0.0,0.09335680940836609,0.0,0.3248366866686668,0.04231039184391685,0.0,0.0,0.0,0.0,0.0986951284354646,0.0,0.0,0.0,0.44504607363779614,0.4274943646704993,0.44949033700434005,0.0,0.5235175583363586,0.19073444774048906,0.28189685192530867,0.14062450917880706,0.4286726612152847,0.23168627183392623,0.44736760451275026,0.31349504324985283,0.3585014407016515,0.27948475085225744,0.5923840543217611,0.6007976334275794,0.26102666654615464,0.4547719164363254,0.32679245546132135,0.4463452690572456,0.3211533389454033,0.5688315282683256,0.32178936490236293,0.0,0.4205057459541972,0.4292278485484718,0.420870946122974,0.5030197941094867,0.2598131733540196,0.0,0.2821923196803735
0.43587221906550994,0.4249427077642508,0.6349026123848599,0.31094029529665584,0.5715267018596564,0.4045930156773337,0.3024070387447709,0.5424421479080692,0.5185976109178543,0.3684625574999871,0.6174533631800598,0.6362156601615564,0.48823054440790736,0.5354127339453834,0.46806604820977005,0.09934894826644901,0.11128739975343681,0.04868434290094082,0.5871856438506304,0.6821701324315126,0.3706285307525571,0.6799611981817958,0.5793455345706809,0.0,0.21384184358906688,0.4459085314691633,0.4442931896546116,0.7984699736158378,0.5948884161493986,0.0,0.41203496895568653,0.20293757481897068,0.0,0.0733048429615058,0.0,0.3422545371995229,0.22381576630578898,0.0,0.025363473870187482,0.0,0.0,0.0,0.0,0.0,0.019633364419316332,0.5465208782485921,0.3717643524882106,0.5926515102810981,0.07995333957981171,0.4814201456635699,0.11449237581435574,0.15449226208166003,0.3948439079539495,0.39815833963874936,0.22086890832211536,0.575723994707037,0.38910064902744157,0.0,0.3748576732579148,0.6227293699497689,0.3658068240563723,0.02559594568871441,0.37973872662309094,0.5559955941296242,0.4862477901955805,0.5106604890630909,0.6000935723744425,0.5568830035329814,0.0,0.24899612305671587,0.48864161083789404,0.2565144657093051,0.5124415672704133,0.04774022573841995,0.0,0.08444650930586316
0.3916538435554285,0.11503951524584186,0.16621103468454382,0.20002055647927555,0.2803853356495278,0.060066793503314724,0.42524589525884393,0.06241800214231074,0.25812273837514316,0.3652727953900886,0.1387093998369617,0.29218705312821,0.26883990479985514,0.34407950068247894,0.20400110614219805,0.6897370071700094,0.20584983678395685,0.34358724565780746,0.12567456068757926,0.30537961625509846,0.413877390943286,0.4176097215309689,0.09938024595071654,0.06383549280675917,0.21589462146461777,0.06374476252557966,0.2221612397749779,0.3844648810525023,0.38314782538611314,0.41203496895568653,0.0,0.25489283806608604,0.0,0.40268937565697926,0.21005040737504976,0.46671650147231675,0.22399728928924206,0.15262992556069224,0.02289464830228148,0.0,0.0,0.0602143757513122,0.1409959101435634,0.040226620858636396,0.020703476577234203,0.4661763550409143,0.044598969171601124,0.18885169778585115,0.16718706708268302,0.25478681227880806,0.153918380483439,0.26457002350155273,0.0,0.24164038550950642,0.0,0.09855870029008233,0.0,0.11534787539190917,0.3752137604076276,0.321788008589743,0.20154847368690743,0.0,0.24646539680991492,0.10977597342858883,0.28827558761376676,0.4615983050634928,0.20460301874613435,0.14084380426915083,0.0,0.1942961419211804,0.16551067064298464,0.1995904492001907,0.4608589101655693,0.4560644530933649,0.08456339712163287,0.2453644535473798
0.22012321463307288,0.044778256927563154,0.0,0.3412173566800086,0.0,0.0,0.02142979565223419,0.03325020389542042,0.0,0.19470902083231773,0.0,0.3420229730430447,0.07855978684005024,0.2600646491516265,0.0,0.06948505584801419,0.0,0.0,0.0,0.0,0.23481348200469399,0.05529223450158902,0.0,0.0,0.06690723321425662,0.0,0.0,0.04230819624919545,0.10874531541616275,0.20293757481897068,0.25489283806608604,0.0,0.057075078079680784,0.3772837777407577,0.3232026574547919,0.08456292225786928,0.11304068885433773,0.0,0.7382903043743027,0.13058283879415902,0.08039427597811133,0.20990289088678826,0.26473390344753883,0.0,0.0,0.34318725466156286,0.06872904280497702,0.0,0.11616055836046353,0.0,0.0,0.11076735856504323,0.04997186733487034,0.0,0.2844732727157499,0.0,0.21229218587514495,0.052532503311843746,0.2173507457532058,0.038881818319429294,0.02785888048347903,0.0,0.09290571287649417,0.0,0.0,0.28893268115250187,0.0,0.0,0.0,0.1036619728752455,0.10566175178507088,0.0,0.0,0.0,0.0,0.0
0.0,0.0,0.0,0.0,0.0,0.0,0.0,0.0,0.0,0.017670234155263545,0.0,0.0,0.0,0.0,0.0,0.10869206205050715,0.05764127925578656,0.25627514916618543,0.0,0.0,0.044932299262549866,0.0,0.0,0.4878985922954856,0.1480521637422027,0.0,0.0,0.0,0.0,0.0,0.0,0.057075078079680784,0.0,0.33400437767101765,0.18996827552734172,0.0,0.0,0.2717990640157068,0.11899538509932851,0.644419113020382,0.5939570459081931,0.021339578787728547,0.12390332257622416,0.14054404295026704,0.31182614659427565,0.0,0.022344272783833427,0.0,0.0,0.0,0.0,0.0,0.0,0.0,0.2818017322175092,0.0,0.0,0.23838098850770226,0.0,0.0,0.04808856014342068,0.26138876310962017,0.11852485495853021,0.0,0.0,0.0,0.0,0.0,0.5315116151684834,0.1662316647832702,0.0,0.0,0.0,0.07802823488282987,0.2779795837639668,0.12387999491962898
