0.0,0.5092239323305383,0.397388877588897,0.0,0.0,0.5066063673101879,0.22143772532591977,0.44309402032608747,0.4017525437360602,0.7123714590167256,0.28074148671896293,0.19672442815792726,0.15852038751781758,0.0,0.469471619772382,0.6607998270481759,0.4779612176139939,0.5043067743890786,0.4850013663750889,0.38793408865818063,0.7468066170424535,0.5076771020930739,0.5956196602391317,0.3786385777256086,0.5876829355571309,0.5863252137513856,0.6020744537811927,0.22206435473053568,0.6311162178934134,0.0,0.6140964140752344,0.0,0.3213166679231315,0.0,0.0,0.24391510115905893,0.37855810855845634,0.3730013946599896,0.0,0.37430807017516754,0.0,0.0,0.0,0.0,0.39454564934553943,0.7424370170323418,0.6038102356392476,0.45633649138578497,0.0,0.3794401971249848,0.6392760515745404,0.0,0.4238402744478119,0.47428169991867547,0.28834715404312816,0.3930705514935925,0.10789341102865141,0.15203829305178065,0.0,0.4519866880270316,0.37463790929416996,0.2626157024273702,0.19403810855314835,0.5450567032573933,0.18072501391214119,0.7171710620554903,0.2806033285338727,0.7228918569214723,0.07035439311737114,0.32063333859180804,0.6112294331534774,0.5964289155334006,0.0777635128153929,0.41954549247961775,0.0,0.13269401052420482
0.5092239323305383,0.0,0.1684395783948189,0.03921650210811639,0.0,0.8885217219400466,0.3513698148480792,0.5419958677678842,0.14253213506941267,0.7403901885156786,0.03961656715184844,0.29835817802384224,0.5892406393367674,0.0,0.29761502153962965,0.4828951815305941,0.6270646406608006,0.6081169263779795,0.4136450419712715,0.2527495741905096,0.5250776681629573,0.30009662979454105,0.6659397446758263,0.3622998488081684,0.7326975246819326,0.7521476909923474,0.5561056021577603,0.1248813889412721,0.7047400715842487,0.0,0.3313952282469485,0.0,0.4485432716895044,0.0,0.0,0.22008011802559904,0.20665259980257525,0.09356676435647775,0.0,0.4076535300227086,0.0,0.0,0.0,0.0,0.1377238578993671,0.41840255583430663,0.6846338355365449,0.15758006589389253,0.07258619694456622,0.06829740841853882,0.6840253751532905,0.0,0.4306361348531092,0.24544434121239392,0.1327621329485433,0.10348563393984989,0.21138164962632977,0.39432218541685965,0.05648088009777139,0.27648533703273354,0.1331597957998089,0.30180756235283374,0.0,0.42688207976450365,0.032465745822291794,0.35642539576070853,0.0,0.6057189833170601,0.0,0.2639603246243484,0.5226124889334426,0.44480376989884335,0.0,0.12302156957459591,0.0,0.0
0.397388877588897,0.1684395783948189,0.0,0.0,0.45803331464854624,0.46349142756782935,0.25628234842611525,0.536586816999897,0.8648123881281945,0.4153874813821003,0.8559458605749631,0.402586970193705,0.08079525236849613,0.285653735390922,0.7570976796785104,0.16081518392993127,0.22385294920581292,0.22072741110506763,0.7305770471941494,0.8007624955039093,0.43228694009783725,0.6649311717232396,0.6383521848904354,0.3761790467916092,0.3337765014834814,0.4135924726832915,0.6871533052044715,0.6217108780343499,0.22291647536610887,0.544947946466282,0.5277350042059769,0.0,0.0,0.0,0.0,0.42813378815416153,0.33536839792958273,0.4518658237558628,0.0,0.0,0.0,0.0,0.0,0.04191524874788453,0.2655657448565378,0.2618191665565513,0.2243371023115442,0.9140759622418951,0.0,0.7210828696545132,0.4588225821286019,0.23128724654291638,0.45839114506269196,0.8671238090200042,0.08138587729446356,0.8811201507603252,0.41256603274884307,0.0,0.0,0.7118604550599484,0.04530071993266532,0.0,0.04785048545829664,0.7574111997876405,0.7421042131488651,0.4334354662781959,0.6835998584473794,0.6604292872499458,0.022585234206104064,0.06627833223740663,0.3928333158698758,0.7077232326218966,0.5601592200759449,0.09832486880248216,0.31500439051853835,0.2533227136310201
0.0,0.03921650210811639,0.0,0.0,0.10356486068116516,0.06719766448374481,0.29515200749903614,0.0,0.0,0.030085375771556448,0.0,0.1323267999831175,0.49453194127645383,0.2084033454862933,0.0,0.0,0.0,0.0,0.0,0.0,0.0,0.0,0.0,0.006767029291552585,0.0,0.018728575138823374,0.0,0.1696194610647494,0.04161993901798403,0.04879319779643673,0.05317984133325558,0.22695673178831538,0.0,0.33858523608606145,0.039982915924474706,0.16028752937150095,0.0,0.0,0.11270546849726774,0.0,0.12957274754827214,0.06408790429925183,0.16063166192382913,0.2098299529961693,0.0,0.07892148299485308,0.0,0.0,0.16600761658729074,0.0,0.0,0.21573942108581104,0.0,0.0,0.0703815569807901,0.0,0.0,0.1991305549278527,0.16509607423726907,0.0,0.0,0.05091748786659142,0.09698371578315283,0.0,0.0,0.0,0.0,0.0,0.0,0.0,0.032755737022847405,0.0,0.07710704019084744,0.03996626125707015,0.0,0.029281606885720547
0.0,0.0,0.45803331464854624,0.10356486068116516,0.0,0.0,0.3473825655472311,0.09581308047005127,0.6318471818701299,0.0,0.6112408637720045,0.39555968457129587,0.08627151574328375,0.5735113632855708,0.16431282732267982,0.0,0.0,0.0,0.14307055069646313,0.362440225719195,0.0,0.2150821831025457,0.0,0.10588239845204125,0.0,0.05416311126849507,0.04598467233998923,0.36046994691229683,0.0,0.43258145134642806,0.0,0.2503401496961104,0.0,0.06931686880246359,0.08701649746531685,0.10009031387404417,0.0,0.0602370352261108,0.2756154909861066,0.0,0.12133248431187739,0.0825936060917945,0.23297894061319804,0.05312110028116028,0.026330497461316552,0.0,0.0,0.41383484357676426,0.0,0.5527612402041443,0.0,0.5666459919414951,0.06841919288814577,0.4392741141663979,0.0,0.48924296988766824,0.3138253674310504,0.0,0.17712833922491958,0.23493158473267747,0.0,0.0,0.03186804253264922,0.1244993762947382,0.5431610054699434,0.0,0.5074458945124665,0.0,0.10695772808856205,0.0,0.0,0.06991201437388839,0.48725421242324546,0.0,0.45990858437352344,0.37577952118629354
0.5066063673101879,0.8885217219400466,0.46349142756782935,0.06719766448374481,0.0,0.0,0.3196860459176362,0.7580121489961651,0.37525320326869066,0.7631726527996453,0.28018530467299985,0.4860877965977728,0.5897666801475818,0.0,0.4455132221215414,0.3142415699814057,0.4724547863903573,0.46784737319205133,0.5646441902382088,0.44131097495038685,0.5559960038382051,0.3662195664749716,0.8952801546953003,0.4909309186944259,0.7424214695577961,0.7671746037733426,0.6290837990428653,0.3529101162391947,0.6168587090944494,0.024640743927180388,0.4012599955349848,0.0,0.31107835039294973,0.0,0.0,0.3879140569695131,0.24794329313900237,0.33492857627384304,0.0,0.23388731432237395,0.0,0.0,0.06855699399099793,0.0,0.3226134661368947,0.4275856731195035,0.6568485092755811,0.4601596717408988,0.0,0.2618246661035737,0.8135846734169382,0.0639882682763255,0.6738389718528659,0.44660462859550787,0.17179281537217758,0.3670098815156849,0.44886504427629903,0.3753644116948813,0.0,0.4297948800559125,0.007900503482643118,0.13805427354264876,0.0,0.580045315173746,0.2433977332390534,0.4656138276896865,0.13227425960956848,0.7922154281540826,0.007619992586619792,0.19814557409536337,0.6240134600534377,0.5544351027430828,0.1982942676188771,0.090570295893944,0.0,0.0
0.22143772532591977,0.3513698148480792,0.25628234842611525,0.29515200749903614,0.3473825655472311,0.3196860459176362,0.0,0.04625069270689147,0.33245203794210587,0.4875903640510608,0.23541974657168985,0.2290883669222859,0.44087978069942646,0.04550643934927855,0.19024476543482122,0.30993869140833286,0.42167773804142306,0.3478052157679216,0.3586895112994902,0.29197767677735603,0.2069364822875828,0.35768789483642727,0.1040841435097406,0.19467737634582638,0.3634310208039317,0.40826939823611846,0.4165731865029149,0.20143255505076918,0.4564086993282183,0.011004038834192138,0.1482832430143592,0.03230038337265722,0.11393373977134591,0.05504259075639561,0.0,0.2478500924865806,0.1640487229121973,0.1102761719031141,0.0,0.12541234410885685,0.0,0.0,0.04478801353113297,0.020518666297308568,0.12151777531967457,0.24675018107461116,0.15197802395242227,0.21729558905216811,0.1571865540867709,0.2619658973193573,0.1444618115828764,0.39373410615945054,0.010350275217033023,0.275140735371129,0.10358740683218051,0.23774472981029576,0.0,0.26972811688722087,0.15783572893199424,0.2008279496069798,0.25094914021143444,0.02961445877956715,0.12117010399290339,0.3480686775659962,0.21623994453722634,0.11680972934181753,0.23146219418097752,0.1613754269498943,0.0,0.09595519727295906,0.13787523840800278,0.31980966494841756,0.1524476224104039,0.22799986929727564,0.07832442197685732,0.14215247005978346
0.44309402032608747,0.5419958677678842,0.536586816999897,0.0,0.09581308047005127,0.7580121489961651,0.04625069270689147,0.0,0.4758251603089472,0.5232776534099706,0.4472525725306794,0.6477556254788761,0.3249742290402061,0.13993998560688006,0.3482704847958241,0.1551379464357273,0.1334164194864213,0.1855586581134633,0.425380957239716,0.40269163651843803,0.4298120273529786,0.24939660227579186,0.8630464790871996,0.6144631669392988,0.6165815676013745,0.6892480551663664,0.3864321715683671,0.2894204112018137,0.21114094895297253,0.25143526013507916,0.40568799875659395,0.0,0.2679632503356815,0.0,0.0,0.2992182575212305,0.17210429348447617,0.3969177269506981,0.0,0.17972734351111871,0.0,0.0,0.08211301834739902,0.0,0.3681562904900153,0.36857891699335005,0.383513714169839,0.5671216360576964,0.03568369675887767,0.32106879467133803,0.6451483970944892,0.11250330168959334,0.8954781055619068,0.4453842102569656,0.1101020008762806,0.4884144008735573,0.6886474036400336,0.19349399876036338,0.016065328709574396,0.30152840304875406,0.0,0.01664118696787043,0.0,0.4693085356373552,0.31204410124466914,0.37044215825479454,0.21187949690072042,0.7305526351877443,0.3090935469320145,0.0782646733822953,0.6549035079592279,0.3626695335218943,0.22681547838173644,0.0,0.11853439677372465,0.0
0.4017525437360602,0.14253213506941267,0.8648123881281945,0.0,0.6318471818701299,0.37525320326869066,0.33245203794210587,0.4758251603089472,0.0,0.44315604044435986,0.892405703521191,0.45518654436702066,0.049462902271508805,0.2781374664878485,0.7591584964249621,0.18468075866719133,0.26732946814321923,0.2458429743291441,0.6715968209317924,0.81365287004046,0.45553788650321914,0.6954465583299618,0.5202837603556292,0.36297432912103333,0.3959175663591774,0.42782751478899855,0.699470136160165,0.5849393120717096,0.18787407817163662,0.521781850950567,0.422129655414677,0.0,0.0,0.0,0.0,0.3587833785816938,0.3241852581966366,0.3732860003277307,0.0,0.0,0.0,0.0,0.0,0.0,0.27047929221488526,0.35687915069544135,0.2535188116647691,0.8531534598447409,0.0,0.8100239449052284,0.46193973941584077,0.3606016343345764,0.4509338208538138,0.9315397660886615,0.13624661094354462,0.8924836304873002,0.4236826440388889,0.0,0.0,0.743670739644664,0.11412448081846205,0.0,0.10625549536604052,0.7245111981199946,0.7717150965463017,0.4203635413477747,0.7081831220850514,0.5805588918957477,0.14022656049922225,0.15946400786188908,0.4531103803244805,0.6916080489550712,0.5872899530141003,0.12100030433054271,0.4509222590297652,0.26532874858260924
0.7123714590167256,0.7403901885156786,0.4153874813821003,0.030085375771556448,0.0,0.7631726527996453,0.4875903640510608,0.5232776534099706,0.44315604044435986,0.0,0.3166148466282045,0.4246616124363922,0.5424608640901751,0.0,0.4561730924547045,0.568019352790151,0.6488653207249971,0.6241097008647262,0.5430500346223754,0.4627856181679739,0.6281130495574665,0.45090562437065496,0.6613991939738071,0.41080317652552817,0.7479275449737867,0.77794394853744,0.6572748927631548,0.409959214786656,0.7126386989952433,0.0536326700040475,0.5510567371511803,0.0,0.3529776948252469,0.0,0.0,0.43529701731540105,0.37598756158156565,0.3073481413421715,0.0,0.23564944693074286,0.0,0.0,0.0,0.0,0.2906221124939315,0.5627882021983228,0.5822970503251079,0.4012737399985675,0.0,0.33611677545723073,0.620264301402539,0.040835321271481484,0.43105913549569613,0.5032607799771763,0.3315939880573544,0.39440013095216103,0.22494919791575357,0.296045393199918,0.0,0.4439236072159187,0.1061835272880798,0.30458630118964636,0.02690599988739281,0.5478127369543169,0.23228581460871967,0.5379508714032536,0.18116644780593907,0.6603732923538361,0.0,0.27006833350340276,0.5852424459739102,0.5879852728187877,0.2087022563999645,0.20395524678872504,0.0,0.0
0.28074148671896293,0.03961656715184844,0.8559458605749631,0.0,0.6112408637720045,0.28018530467299985,0.23541974657168985,0.4472525725306794,0.892405703521191,0.3166148466282045,0.0,0.39327123314298074,0.0,0.3562711357678962,0.6819632886200541,0.1180574457743257,0.13137364755650177,0.21460587046777893,0.6653157897971839,0.7563169581385293,0.3495926603903365,0.5893955409298183,0.4727549371947082,0.31362581297423586,0.2483831720326715,0.28828742495316945,0.5884916396518199,0.5523547319557167,0.08720124473741228,0.6085123440782542,0.3811132241604872,0.0,0.0,0.0,0.0,0.36439239147038316,0.2578389949373343,0.2774243251271548,0.0,0.0,0.0,0.0,0.0,0.0,0.1582228370772108,0.2147686532532794,0.19404733530604043,0.8362324008091769,0.0,0.7650819650242504,0.38325564583920363,0.23516045788176465,0.4030119765751597,0.8429038461175707,0.08050382981802943,0.92507662881267,0.4107550616896101,0.0,0.0,0.6398916852144455,0.09361236887169189,0.0,0.09914124341027107,0.7077544945008566,0.7225023627575294,0.32044655573249686,0.6562075027516173,0.5168695954073621,0.11530703816992068,0.11300914239705796,0.3386178744626534,0.6096844431165108,0.5668561293342703,0.08240386260342537,0.49881044836976846,0.269540204726906
0.19672442815792726,0.29835817802384224,0.402586970193705,0.1323267999831175,0.39555968457129587,0.4860877965977728,0.2290883669222859,0.6477556254788761,0.45518654436702066,0.4246616124363922,0.39327123314298074,0.0,0.5014029468402247,0.46508820770523707,0.13801408429963485,0.01598126331749231,0.05536419152642615,0.024538305331978916,0.2582319246790569,0.30469979776511336,0.024459339906946594,0.10740870685947135,0.46779917089433476,0.6159474613637577,0.42997302163828505,0.621767034109221,0.13191217913085473,0.3337182351246034,0.0,0.22332491373792498,0.12160651861917855,0.2240594678006506,0.3131202771170622,0.0,0.0,0.2869631612278378,0.07346421882681262,0.38000706280154617,0.10478864484316994,0.21882123683671204,0.0,0.040615986146853245,0.2867794306578329,0.08360262697667312,0.2553670111876515,0.21065590456979957,0.021686325917493254,0.3696886399625174,0.1061343559555508,0.31936861002446976,0.3304606817908973,0.4050482139345405,0.5477134681578952,0.33972068098302727,0.09906003421351228,0.38236744515272514,0.7936864179140173,0.25719059433222413,0.16320937444767086,0.14689150070725254,0.0,0.1132705604357133,0.0,0.25836612883055365,0.3525681826978144,0.0,0.2729579704870535,0.2848912569492495,0.33151726984872887,0.0,0.5254175248744165,0.10609525857392894,0.36332143447882187,0.0,0.2610961432011765,0.16357836723755367
0.15852038751781758,0.5892406393367674,0.08079525236849613,0.49453194127645383,0.08627151574328375,0.5897666801475818,0.44087978069942646,0.3249742290402061,0.049462902271508805,0.5424608640901751,0.0,0.5014029468402247,0.0,0.23622256448748322,0.0,0.2802509835000131,0.4394981783895401,0.18929421798726923,0.10764557306332742,0.0577586246451847,0.07468049315744867,0.048585181665747754,0.3120563756550493,0.198936688626999,0.33417199081133403,0.5883283404200185,0.08386503516828128,0.4709199471323845,0.339134002591311,0.0,0.22990814162961204,0.13646134825915035,0.3702269157867649,0.26463530073395186,0.052540409345154034,0.3176304308185719,0.0691890938870682,0.23607420463323806,0.0,0.17089453956977643,0.03553311382636299,0.08505776942390376,0.2456080653735559,0.15280997631910773,0.16582617665060617,0.23370349895039408,0.15204978330717675,0.10755866246389838,0.20460349832379524,0.06925127003108913,0.2749551621588761,0.345387718119276,0.2354000789810198,0.07434108854823082,0.34982006349119127,0.051127706947261556,0.32406017043597296,0.45050461446462403,0.12643498386601468,0.021555479588490745,0.01177146405646849,0.3720839098207362,0.07237417947761465,0.04657526473783622,0.0406947915875352,0.0461922079602507,0.0,0.22121852661061592,0.0,0.05182798755280348,0.3826141728700605,0.027060190899985632,0.24150041594613145,0.0,0.0,0.0
0.0,0.0,0.285653735390922,0.2084033454862933,0.5735113632855708,0.0,0.04550643934927855,0.13993998560688006,0.2781374664878485,0.0,0.3562711357678962,0.46508820770523707,0.23622256448748322,0.0,0.0,0.0,0.0,0.0,0.177966158683316,0.16998298422680175,0.0,0.0407798787064529,0.0,0.11836768347268571,0.0,0.013449198635553227,0.0,0.3560628187294507,0.0,0.38836974578277295,0.058640492899432406,0.31172581950488104,0.0,0.18333514503652643,0.053546656001640505,0.2591797909190689,0.0,0.1569364578844576,0.27937853721818035,0.0,0.1748590236753976,0.1496926411419171,0.37273450667049884,0.20188314989139156,0.0,0.0,0.0,0.2385410970917241,0.14476636055468128,0.22253822640744056,0.0,0.4067417531414955,0.12362078767740316,0.19038714432199727,0.0,0.32024525392942726,0.47602024266031007,0.020720508057088964,0.337169345907937,0.04367127452562664,0.0,0.0,0.0,0.06623733139707165,0.319364753838264,0.0,0.28251105014340155,0.0,0.08499250816781229,0.0,0.05270875400259159,0.0,0.3963750936564398,0.0,0.35386831327981794,0.2401411904395221
0.469471619772382,0.29761502153962965,0.7570976796785104,0.0,0.16431282732267982,0.4455132221215414,0.19024476543482122,0.3482704847958241,0.7591584964249621,0.4561730924547045,0.6819632886200541,0.13801408429963485,0.0,0.0,0.0,0.18769584688768498,0.4576792687230879,0.33157218652064757,0.6078027645212138,0.917598525178459,0.618980306734198,0.8766415952422879,0.5914030960200526,0.23392389477742687,0.2776497993736547,0.36057552280205507,0.8698352385043078,0.5537239248741154,0.36151141776318535,0.4947715385056714,0.4092380484515214,0.0,0.0,0.0,0.0,0.3478996450093076,0.4283183034776446,0.18011522076747696,0.0,0.0,0.0,0.0,0.0,0.0,0.09272428611382498,0.33759723228352484,0.4033181052068489,0.723243640236117,0.0,0.6800864700809507,0.6168240080135176,0.0,0.33724419651831744,0.8899464151980798,0.0,0.7175883370744385,0.22769195975562412,0.0,0.0,0.9736837668414383,0.1544433517049462,0.0,0.0,0.7000420397039389,0.8002357826023335,0.5546234716476786,0.7400241449255203,0.7050338611390558,0.0,0.10603231999652987,0.37984718997411887,0.9207789967064512,0.5267169867399702,0.2947841361279227,0.3662106171248579,0.23362350643252353
0.6607998270481759,0.4828951815305941,0.16081518392993127,0.0,0.0,0.3142415699814057,0.30993869140833286,0.1551379464357273,0.18468075866719133,0.568019352790151,0.1180574457743257,0.01598126331749231,0.2802509835000131,0.0,0.18769584688768498,0.0,0.5716005647341931,0.7308313781512261,0.2869122240113907,0.1139651541675381,0.48160195877469725,0.31640322974205914,0.31587716467085547,0.0,0.4944753781401951,0.4878834674807891,0.39217602574275134,0.2105210139454429,0.633130201438301,0.0,0.5127397176019549,0.0,0.4277641687614308,0.030660124660731074,0.015934758380494272,0.07115714078220532,0.19410798672559848,0.16099484479907009,0.0,0.38453606397618095,0.0575798874897121,0.0,0.0,0.0,0.07744988529649625,0.6212175303014202,0.37177353779902106,0.19131336474765168,0.0,0.1178456241925253,0.23050843412330937,0.0,0.019299080835412936,0.21339990497663638,0.27675763050429925,0.21415385678724166,0.0,0.21890364747529276,0.0,0.19057974244830822,0.5183443208348688,0.42710251726460613,0.41403556175426803,0.32480798231113533,0.0,0.4033477246088131,0.13837869172676734,0.4022645600829864,0.0,0.271599027471156,0.3039004650895328,0.36463794380250353,0.0,0.357226533623034,0.0,0.0
0.4779612176139939,0.6270646406608006,0.22385294920581292,0.0,0.0,0.4724547863903573,0.42167773804142306,0.1334164194864213,0.26732946814321923,0.6488653207249971,0.13137364755650177,0.05536419152642615,0.4394981783895401,0.0,0.4576792687230879,0.5716005647341931,0.0,0.545570001237564,0.33132486015321244,0.47602941421997114,0.45199169399099964,0.5281489384221056,0.3505302871319894,0.05445091793970147,0.41130893815420216,0.6544250890381241,0.5906601472507443,0.43994121868027647,0.6257909858796659,0.0,0.35839335751937984,0.0,0.2839958419651645,0.0,0.0,0.28037889028773216,0.41588457615982355,0.0,0.0,0.16170244610013934,0.0,0.0,0.0,0.0,0.0,0.3708298718890262,0.35332911788983606,0.18960959469720295,0.0,0.2952036635684513,0.42397583057992266,0.020348812013933484,0.04669706696756647,0.42200309060250607,0.11854845572974866,0.19424467721058006,0.0,0.07613958588528917,0.0,0.449812100789069,0.18300442416570822,0.44661114247500217,0.05116861163842555,0.3266647166779668,0.2768137728524839,0.31211825629550316,0.22927004093028305,0.42962097920322195,0.0,0.1174128341897904,0.33727785242447444,0.6093029435210555,0.24657034426549268,0.23865847666259962,0.0,0.0
0.5043067743890786,0.6081169263779795,0.22072741110506763,0.0,0.0,0.46784737319205133,0.3478052157679216,0.1855586581134633,0.2458429743291441,0.6241097008647262,0.21460587046777893,0.024538305331978916,0.18929421798726923,0.0,0.33157218652064757,0.7308313781512261,0.545570001237564,0.0,0.4699526484660521,0.26626624184848746,0.49082018237106745,0.392111513937223,0.3085163522532675,0.12624434482590663,0.5905746330213405,0.46190441614642946,0.5411015388210577,0.08249808034818332,0.6474590268819203,0.0,0.3696440870211988,0.0,0.23682282206674682,0.0,0.0,0.1746861080010142,0.31420389398497844,0.09722695381163457,0.0,0.22050710780544508,0.0,0.0,0.0,0.0,0.0,0.41678352536689856,0.5211874174091259,0.17953108899460254,0.0,0.18737066350057135,0.33605587211564125,0.0,0.053741207056761726,0.31140236822656675,0.23042998955943592,0.2382401466931138,0.0,0.2036719535397841,0.0,0.29319569606687124,0.4400968297947944,0.19829899944005755,0.3674370584883662,0.47443828137792876,0.09455683365070967,0.4293567052347752,0.14444908528706946,0.3575457571867276,0.0,0.3548361088696364,0.20467648548121128,0.4950575047875736,0.0,0.3019575761667709,0.0,0.0
0.4850013663750889,0.4136450419712715,0.7305770471941494,0.0,0.14307055069646313,0.5646441902382088,0.3586895112994902,0.425380957239716,0.6715968209317924,0.5430500346223754,0.6653157897971839,0.2582319246790569,0.10764557306332742,0.177966158683316,0.6078027645212138,0.2869122240113907,0.33132486015321244,0.4699526484660521,0.0,0.5996002535062903,0.4743920327167884,0.610736632409519,0.5728275304166748,0.3099596694605579,0.4110692939831818,0.4339546271275315,0.6675069638682053,0.3219300185999606,0.4264331220729313,0.27642149725768966,0.5016754464407627,0.0,0.1391438552217549,0.0,0.0,0.4215036005213075,0.33245497346568714,0.3500615775340428,0.0,0.04559870729118945,0.0,0.0,0.0,0.0,0.2549249556858657,0.34136636600220077,0.49058269769209384,0.6458671545773311,0.0,0.4093245491903731,0.5235178153942027,0.031876719250551536,0.35438089869901146,0.6423821488166395,0.06502974097119511,0.670164488280623,0.22216533445460673,0.1321511390098987,0.06419915948016051,0.5579430977823894,0.10054916848049605,0.0,0.04209191379169709,0.9065772047402829,0.42732948128395126,0.3972231126926178,0.39555356240292683,0.5996609574677946,0.0,0.19888865116833337,0.3865434861149357,0.6073399199216422,0.19985870765818614,0.10166461461987233,0.1373479360039572,0.06444963021994969
0.38793408865818063,0.2527495741905096,0.8007624955039093,0.0,0.362440225719195,0.44131097495038685,0.29197767677735603,0.40269163651843803,0.81365287004046,0.4627856181679739,0.7563169581385293,0.30469979776511336,0.0577586246451847,0.16998298422680175,0.917598525178459,0.1139651541675381,0.47602941421997114,0.26626624184848746,0.5996002535062903,0.0,0.4731953324999454,0.9011972915485297,0.5601539428616255,0.29980318526901883,0.26361978635585076,0.4330570179652265,0.8278758489396332,0.6902837484503134,0.2316621563503744,0.6063710398331794,0.4305924741258103,0.0,0.0,0.0,0.0,0.4148385470372928,0.45793857681374894,0.1760364792695988,0.0,0.0,0.0,0.0,0.0,0.06741456127119126,0.056261896258336906,0.23120672458874225,0.2454074760849563,0.7430603388726468,0.0,0.7587756131327221,0.5954884233325471,0.20321182199114718,0.37284402314189774,0.9179152497398714,0.0,0.7539879550698316,0.35740203544395227,0.0,0.0,0.9061855336167589,0.09122057064160291,0.01992193392068251,0.0,0.6804542950012039,0.9421710222441282,0.3957967971348516,0.8557929335425217,0.6354155173388768,0.027996174781769575,0.0,0.3836581045975246,0.8793266889723541,0.7084620810911059,0.1708728582811763,0.5318910191628711,0.34013699805276953
0.7468066170424535,0.5250776681629573,0.43228694009783725,0.0,0.0,0.5559960038382051,0.2069364822875828,0.4298120273529786,0.45553788650321914,0.6281130495574665,0.3495926603903365,0.024459339906946594,0.07468049315744867,0.0,0.618980306734198,0.48160195877469725,0.45199169399099964,0.49082018237106745,0.4743920327167884,0.4731953324999454,0.0,0.5487728277041677,0.594867736427382,0.41677468847418775,0.5372855390314266,0.4711055416366011,0.7118084595676601,0.22967386845973892,0.7497602437739584,0.16817083216947207,0.6176245401657622,0.0,0.1514480580972831,0.0,0.0,0.2868741602074973,0.39294739974906845,0.22878245758892585,0.0,0.21545406726929084,0.0,0.0,0.0,0.0,0.3130961299627626,0.7357390939191554,0.7341313858799536,0.5211908534615797,0.0,0.4271291258874169,0.7141617499238908,0.0,0.46372567360328754,0.5603720754710121,0.2801243795650069,0.4406602834858506,0.03838040950094571,0.16781182604681322,0.0,0.5932555598057055,0.3998746009024429,0.09848373802605546,0.3295708143551725,0.5550918489173841,0.2522631368314703,0.891601385144778,0.2815019305001062,0.7531821713660681,0.24837439730145724,0.4638964788791161,0.6092181064464448,0.7295520390272359,0.1705708506549974,0.6443995671500288,0.012808231153112337,0.11165379155450683
0.5076771020930739,0.30009662979454105,0.6649311717232396,0.0,0.2150821831025457,0.3662195664749716,0.35768789483642727,0.24939660227579186,0.6954465583299618,0.45090562437065496,0.5893955409298183,0.10740870685947135,0.048585181665747754,0.0407798787064529,0.8766415952422879,0.31640322974205914,0.5281489384221056,0.392111513937223,0.610736632409519,0.9011972915485297,0.5487728277041677,0.0,0.44647082622283096,0.14586457794778512,0.22771989043707677,0.3953913292946398,0.8331073173213835,0.5831404023944665,0.4304389264452716,0.4643267052775407,0.5006154303180768,0.0,0.0,0.0,0.0,0.3875365391983197,0.4573753214401619,0.12399720259348809,0.0,0.0,0.0,0.0,0.0,0.06664620767429374,0.047035328289863065,0.3876661067845982,0.2950969253649219,0.6149490884185288,0.0,0.6127801428385949,0.49498396634105374,0.12257211407656474,0.21441316450907114,0.8070474074079484,0.0,0.6151237338846985,0.15184918341331005,0.0,0.0,0.8897512913328322,0.3466403442953508,0.019740992536768844,0.11664134695326775,0.6606105005301502,0.7957861121867791,0.4672325590296769,0.8585782113589122,0.6044678560035787,0.0,0.0,0.33079531572773097,0.8494787294133176,0.5494342247004053,0.32723657141989426,0.3897101165993511,0.32307995498126335
0.5956196602391317,0.6659397446758263,0.6383521848904354,0.0,0.0,0.8952801546953003,0.1040841435097406,0.8630464790871996,0.5202837603556292,0.6613991939738071,0.4727549371947082,0.46779917089433476,0.3120563756550493,0.0,0.5914030960200526,0.31587716467085547,0.3505302871319894,0.3085163522532675,0.5728275304166748,0.5601539428616255,0.594867736427382,0.44647082622283096,0.0,0.4749789549099875,0.6615442363597632,0.6768712276455846,0.6660528334537735,0.4298203671352315,0.5117582801014431,0.2519660063388593,0.5931959188662959,0.0,0.22825590852450497,0.0,0.0,0.3729657662716642,0.36991603234558945,0.4391633577112481,0.0,0.09802176125058255,0.0,0.0,0.0,0.0028347226697648543,0.3753230976311548,0.49740187009187653,0.5798082043745747,0.6664403563143967,0.0,0.39957991389800074,0.8156070029269716,0.0,0.7795335031982572,0.5919820745563696,0.10564194285282652,0.572202591045603,0.4886442188997286,0.11453169087830511,0.0,0.5257816820108827,0.0,0.03622590139367796,0.0,0.6413436610289446,0.399110110343732,0.5374336332460263,0.28183503717343145,0.9518836044923471,0.0605209019742382,0.1441325543849039,0.6584167200496033,0.6469156057406661,0.295305871379005,0.112040022382239,0.06792945155547327,0.0
0.3786385777256086,0.3622998488081684,0.3761790467916092,0.006767029291552585,0.10588239845204125,0.4909309186944259,0.19467737634582638,0.6144631669392988,0.36297432912103333,0.41080317652552817,0.31362581297423586,0.6159474613637577,0.198936688626999,0.11836768347268571,0.23392389477742687,0.0,0.05445091793970147,0.12624434482590663,0.3099596694605579,0.29980318526901883,0.41677468847418775,0.14586457794778512,0.4749789549099875,0.0,0.5679650682176569,0.6024545649167831,0.2834934520092689,0.09703453962808722,0.23205643646659374,0.20506131562547644,0.26544769116454175,0.06815371776961718,0.25083968427613135,0.0,0.0,0.3499241753683922,0.21642383246633468,0.263475166669878,0.11164631297328279,0.31142800682539634,0.0,0.0,0.11124942452937987,0.028341626449352574,0.29534883592428357,0.33811077697071784,0.36423139646353314,0.3900252963346434,0.0474637402317842,0.296090001905054,0.47843068112341325,0.1911889968987532,0.6142824473239671,0.3587975597380902,0.15788327326752544,0.3328719762169183,0.5494690309569559,0.24288910157903199,0.0023018574189492226,0.20871691650277976,0.0,0.06478162292285632,0.0,0.37364455484808784,0.2594733233908414,0.3552891467600403,0.22334818139265944,0.39993983005459266,0.6161316462236424,0.19536182845616262,0.6268008511078433,0.2566754016852547,0.2428179828198095,0.08774103402863659,0.2556750647280001,0.24614220992003857
0.5876829355571309,0.7326975246819326,0.3337765014834814,0.0,0.0,0.7424214695577961,0.3634310208039317,0.6165815676013745,0.3959175663591774,0.7479275449737867,0.2483831720326715,0.42997302163828505,0.33417199081133403,0.0,0.2776497993736547,0.4944753781401951,0.41130893815420216,0.5905746330213405,0.4110692939831818,0.26361978635585076,0.5372855390314266,0.22771989043707677,0.6615442363597632,0.5679650682176569,0.0,0.7833985940668488,0.5281219551025969,0.10512776705479922,0.646148714150685,0.0,0.38357936237809237,0.0,0.4162443170381273,0.0,0.0,0.22708741803569998,0.29827631273540345,0.2973417192784119,0.0,0.4499508377157717,0.0,0.0,0.0,0.0,0.29571644115362866,0.5215010864517594,0.6714255911295223,0.36717066615108385,0.007209438472952851,0.23454376224380402,0.5945248447078788,0.1134661670850436,0.5098199956722149,0.3707998621380984,0.2879568455434388,0.3550369033688267,0.2819053255475721,0.36301588495960707,0.04998787939024461,0.22690374073855682,0.1683925195855753,0.2661358425701718,0.05546808144506761,0.5132444209269036,0.10884252130424618,0.43732755980618054,0.08612653056554707,0.6018050045816692,0.16570726374480182,0.5262349661427138,0.6504265307073951,0.40604444864534406,0.05365358370843475,0.18907549812618668,0.0,0.0
0.5863252137513856,0.7521476909923474,0.4135924726832915,0.018728575138823374,0.05416311126849507,0.7671746037733426,0.40826939823611846,0.6892480551663664,0.42782751478899855,0.77794394853744,0.28828742495316945,0.621767034109221,0.5883283404200185,0.013449198635553227,0.36057552280205507,0.4878834674807891,0.6544250890381241,0.46190441614642946,0.4339546271275315,0.4330570179652265,0.4711055416366011,0.3953913292946398,0.6768712276455846,0.6024545649167831,0.7833985940668488,0.0,0.5077408040029932,0.3842224182327189,0.5051875171932445,0.0,0.3625762111708251,0.0,0.546916722483761,0.0,0.0,0.27603788173046473,0.28727942038572485,0.31243523448522964,0.0,0.37484195382355984,0.0,0.0,0.0,0.0,0.24160771341830922,0.46265423660207045,0.4054126936696364,0.39497786442672284,0.042803220067939685,0.35555708538607667,0.5390606037986581,0.2123539151655514,0.5092431163083433,0.45766690664677034,0.16687460475629828,0.3682310246108578,0.4446202251459481,0.25871820242711385,0.02028776155426912,0.3500444337429888,0.020273055232519915,0.3961310621619481,0.0,0.4480619038334063,0.30141195772500523,0.3115703061770595,0.2886526010533306,0.5783922644864857,0.09264413876820744,0.0832205963682116,0.6872833715425544,0.44181083815250055,0.24995948851602437,0.0,0.074707835757392,0.0
0.6020744537811927,0.5561056021577603,0.6871533052044715,0.0,0.04598467233998923,0.6290837990428653,0.4165731865029149,0.3864321715683671,0.699470136160165,0.6572748927631548,0.5884916396518199,0.13191217913085473,0.08386503516828128,0.0,0.8698352385043078,0.39217602574275134,0.5906601472507443,0.5411015388210577,0.6675069638682053,0.8278758489396332,0.7118084595676601,0.8331073173213835,0.6660528334537735,0.2834934520092689,0.5281219551025969,0.5077408040029932,0.0,0.44974774148861446,0.6737128552307855,0.2634592877383718,0.446715731887571,0.0,0.0,0.0,0.0,0.37008687260341855,0.499017011740646,0.19858040597936585,0.0,0.0,0.0,0.0,0.0,0.0,0.18289261013996258,0.41829109292684447,0.5634647873463201,0.6612943166423583,0.0,0.6539923089990454,0.7257321773414105,0.009649046790006815,0.34676349203965984,0.8427479339637622,0.029771658326363856,0.6475177856911698,0.1268946759598872,0.0,0.0,0.835795306285784,0.2224723878614358,0.0,0.047623959930820144,0.7662416025898262,0.6224248589893331,0.6266888263704389,0.5667766333426167,0.8100172848858719,0.0,0.21296323490181823,0.36819542338733025,0.9999006560652941,0.372063290725529,0.3922315907141088,0.1950252949968924,0.04719230483967305
0.22206435473053568,0.1248813889412721,0.6217108780343499,0.1696194610647494,0.36046994691229683,0.3529101162391947,0.20143255505076918,0.2894204112018137,0.5849393120717096,0.409959214786656,0.5523547319557167,0.3337182351246034,0.4709199471323845,0.3560628187294507,0.5537239248741154,0.2105210139454429,0.43994121868027647,0.08249808034818332,0.3219300185999606,0.6902837484503134,0.22967386845973892,0.5831404023944665,0.4298203671352315,0.09703453962808722,0.10512776705479922,0.3842224182327189,0.44974774148861446,0.0,0.1683613665307173,0.5720288067873761,0.4815456378763762,0.0,0.016390623246585884,0.03318136254843342,0.0,0.521476676116174,0.3595528185013021,0.29641438763195077,0.0,0.0,0.0,0.0,0.03151179253441979,0.17082711884953045,0.0929918648712323,0.22933798933551067,0.0,0.5919909025335633,0.0,0.5983613273539501,0.339590760278628,0.2480609163721782,0.21321761756693838,0.6895887422938264,0.24764403447079567,0.5858644086524357,0.35266123548419703,0.0,0.0,0.570673109719625,0.0,0.2074962200009751,0.09085973504901537,0.33551268528759537,0.687102569950901,0.20085364689551646,0.5931875453044085,0.4279254214819336,0.0,0.0,0.3433819647481389,0.4997074330719729,0.7958615877469409,0.06794543557235849,0.27503180215173434,0.21803695765814834
0.6311162178934134,0.7047400715842487,0.22291647536610887,0.04161993901798403,0.0,0.6168587090944494,0.4564086993282183,0.21114094895297253,0.18787407817163662,0.7126386989952433,0.08720124473741228,0.0,0.339134002591311,0.0,0.36151141776318535,0.633130201438301,0.6257909858796659,0.6474590268819203,0.4264331220729313,0.2316621563503744,0.7497602437739584,0.4304389264452716,0.5117582801014431,0.23205643646659374,0.646148714150685,0.5051875171932445,0.6737128552307855,0.1683613665307173,0.0,0.0,0.49665800899986695,0.0,0.29165490169119773,0.0,0.0,0.22794054288854781,0.36824693656615604,0.1275593386646773,0.0,0.3386953453525767,0.0,0.0,0.0,0.0,0.2368783582476291,0.6116279278199097,0.7930311837302098,0.2789854569129259,0.0,0.1621695761622643,0.6402920414559581,0.0,0.21458747881375304,0.32294590502281956,0.28724057147950055,0.2087394607482626,0.0,0.4196843620369664,0.0,0.3556674615189447,0.4374735719534617,0.18331993769114283,0.29613418897937904,0.5083038788122947,0.0,0.6681951499877022,0.07463817737563935,0.6589160959301344,0.0,0.5018596201441353,0.46851668865125107,0.6200036649140322,0.04931980727010634,0.6691114008197527,0.0,0.0
0.0,0.0,0.544947946466282,0.04879319779643673,0.43258145134642806,0.024640743927180388,0.011004038834192138,0.25143526013507916,0.521781850950567,0.0536326700040475,0.6085123440782542,0.22332491373792498,0.0,0.38836974578277295,0.4947715385056714,0.0,0.0,0.0,0.27642149725768966,0.6063710398331794,0.16817083216947207,0.4643267052775407,0.2519660063388593,0.20506131562547644,0.0,0.0,0.2634592877383718,0.5720288067873761,0.0,0.0,0.3425826770172149,0.0,0.0,0.0,0.0,0.363662737945109,0.23534628846908337,0.14452530157950672,0.0,0.0,0.0,0.0,0.08253044547486743,0.1849520592839175,0.018637915433506135,0.04735051432398964,0.0,0.4956591653686765,0.0,0.47313353898466176,0.16615972090519968,0.2159681202602228,0.21974774894924973,0.5392999756539129,0.0,0.5460421143139783,0.329718554863269,0.0,0.0,0.5033339818872814,0.0,0.0,0.022539520312604304,0.3243660250524352,0.6659144915939675,0.16692797582363722,0.5831337358326121,0.2331781512347816,0.1645366710173622,0.0,0.1640559053222105,0.33856208363047197,0.647229779268068,0.0,0.5700066316164198,0.36056842720225984
0.6140964140752344,0.3313952282469485,0.5277350042059769,0.05317984133325558,0.0,0.4012599955349848,0.1482832430143592,0.40568799875659395,0.422129655414677,0.5510567371511803,0.3811132241604872,0.12160651861917855,0.22990814162961204,0.058640492899432406,0.4092380484515214,0.5127397176019549,0.35839335751937984,0.3696440870211988,0.5016754464407627,0.4305924741258103,0.6176245401657622,0.5006154303180768,0.5931959188662959,0.26544769116454175,0.38357936237809237,0.3625762111708251,0.446715731887571,0.4815456378763762,0.49665800899986695,0.3425826770172149,0.0,0.0,0.20251323432333496,0.037312627942220296,0.0,0.4716542243116107,0.3423769100463967,0.39058595444084165,0.0,0.0,0.0,0.0,0.0,0.08273024160440186,0.22271805383310436,0.6350954152155993,0.4867056027202047,0.5625944733108008,0.0,0.3117140991554738,0.48588802477187826,0.03476147974225407,0.39816808240948637,0.47726832101434546,0.37847418636087987,0.5013810475140785,0.10712059371731462,0.19175225877480662,0.0,0.4082028259148842,0.23714435263395997,0.22668603224863104,0.3315234088526141,0.5570664005183869,0.2797749918353113,0.5668031663388794,0.3079903935615069,0.6596746836596253,0.11059853175899596,0.3503854959711138,0.5428583853524975,0.4611187072273566,0.36180955666980125,0.3528477298650915,0.0,0.2468153037509871
0.0,0.0,0.0,0.22695673178831538,0.2503401496961104,0.0,0.03230038337265722,0.0,0.0,0.0,0.0,0.2240594678006506,0.13646134825915035,0.31172581950488104,0.0,0.0,0.0,0.0,0.0,0.0,0.0,0.0,0.0,0.06815371776961718,0.0,0.0,0.0,0.0,0.0,0.0,0.0,0.0,0.1738796072951242,0.43346317260969,0.3299552297324301,0.0,0.0,0.020476984100307766,0.8166996103867695,0.2058881041913491,0.5007776309963552,0.3996755488726554,0.42464854058970486,0.11205682425805166,0.0,0.0,0.0,0.0,0.4314803583772492,0.0,0.0,0.3571974313652448,0.0,0.0,0.06110503689780959,0.0,0.20094715818248568,0.2563513594262649,0.46947499819889504,0.0,0.16079443461916418,0.0,0.14777465813571103,0.0,0.0,0.0,0.0,0.0,0.31158547486221133,0.0,0.0,0.0,0.0,0.0,0.021360445355420563,0.2469004102453969
0.3213166679231315,0.4485432716895044,0.0,0.0,0.0,0.31107835039294973,0.11393373977134591,0.2679632503356815,0.0,0.3529776948252469,0.0,0.3131202771170622,0.3702269157867649,0.0,0.0,0.4277641687614308,0.2839958419651645,0.23682282206674682,0.1391438552217549,0.0,0.1514480580972831,0.0,0.22825590852450497,0.25083968427613135,0.4162443170381273,0.546916722483761,0.0,0.016390623246585884,0.29165490169119773,0.0,0.20251323432333496,0.1738796072951242,0.0,0.22153021911976703,0.04713187511376599,0.039197947073032195,0.09683997158949471,0.2895604169423741,0.0280973903577235,0.6523691856469495,0.21610025923388557,0.18057375555346622,0.1687515362144446,0.0,0.1625543732305457,0.3078508322502608,0.2566122340866866,0.0,0.2403929040903374,0.0,0.15035306679350316,0.0833553602733818,0.15107200199488383,0.0,0.15561342812474646,0.0,0.08963680614108215,0.3880800811969272,0.12093849103034206,0.0,0.13058465682723538,0.3640488984722611,0.05555328689037319,0.1240950597034145,0.0,0.036453245740878604,0.0,0.1750173088860312,0.09964645562601294,0.1368749443942507,0.41826546260163655,0.0,0.0,0.0,0.0,0.0
0.0,0.0,0.0,0.33858523608606145,0.06931686880246359,0.0,0.05504259075639561,0.0,0.0,0.0,0.0,0.0,0.26463530073395186,0.18333514503652643,0.0,0.030660124660731074,0.0,0.0,0.0,0.0,0.0,0.0,0.0,0.0,0.0,0.0,0.0,0.03318136254843342,0.0,0.0,0.037312627942220296,0.43346317260969,0.22153021911976703,0.0,0.25541089565931757,0.0,0.0,0.07206325242556681,0.2549776638360146,0.1423763577725039,0.5502220333815868,0.35653723405174087,0.2167234184529815,0.05190872570306736,0.03772376131817884,0.0,0.0,0.0,0.44217276964620145,0.0,0.0,0.22964130054246862,0.0,0.0,0.18752585339080569,0.0,0.0,0.20525389360220814,0.3041981248848392,0.0,0.0,0.09259089950087726,0.2088314515684029,0.0,0.0,0.0,0.0,0.0,0.0,0.0,0.0,0.0,0.0,0.0,0.0,0.0
