0.0,0.42338277577712446,0.0,0.0,0.0,0.06133218144046943,0.0,0.0,0.07588930334179658,0.06627746973177162,0.0,0.1183716675023741,0.2067310134700939,0.09225683056466219,0.0,0.59913718988013,0.24945168566429507,0.41710139268958607,0.021234700274223615,0.07396680116160109,0.0,0.40620584336295507,0.0,0.6145901240849205,0.4787243825284025,0.5940045026841971,0.0,0.0,0.09516173387920962,0.26859830692486053,0.25839654838935655,0.24247356045565968,0.1338431811024978,0.0,0.0,0.0,0.0,0.2636594348154362,0.46042818651605105,0.43399645154366556,0.31525367832455564,0.2386324165300735,0.06928987827442958,0.0,0.25013412561238524,0.8781107192044773,0.0,0.05697721982760917,0.0,0.0647203021733147,0.18785827306623318,0.0,0.0,0.0,0.0661247195749617,0.0,0.0,0.13913598573682448,0.0,0.0,0.42984339965048707,0.08205212841932052,0.33927709385664423,0.0,0.2934948187339879,0.0,0.19244718325444712,0.0,0.5180307616800498,0.28289171187614875,0.3915137462714756,0.2954668300046069,0.26711431924249046,0.5223043854441988,0.3102361104293819,0.5003858768170424
0.42338277577712446,0.0,0.24249774331720378,0.0,0.0,0.6696163704581378,0.07744375523828657,0.11031344498267322,0.0,0.13707961533845056,0.03870203262403819,0.3421386935554106,0.5457172932346281,0.0,0.21577435563394456,0.46412143777121967,0.6458156160010512,0.6507237577614455,0.1011444711825671,0.32130133776484354,0.19467042593556502,0.6168200396743959,0.463420190882863,0.5312428852674281,0.8486014938701212,0.8033110167122536,0.37562542892709533,0.0,0.4584731333508786,0.0,0.0,0.0,0.0,0.0,0.0,0.0,0.0,0.0,0.12312801879158522,0.5617007458363859,0.37328864366534154,0.0,0.23447586537839063,0.0,0.1344696796038805,0.4323764353147709,0.5405088438396588,0.10789565580555893,0.0,0.0,0.6144968685684822,0.0,0.0,0.0,0.26328821878445463,0.0,0.0,0.42295458789767054,0.0,0.3205491435861592,0.6911627132628161,0.5353990964430321,0.6097937621549253,0.0,0.5348579321730649,0.09412722906249311,0.5580615238490587,0.4250209443740812,0.49567858862089104,0.7754347074372506,0.7493060279200526,0.519020946927843,0.18789667779210265,0.4684331933980627,0.308289539175894,0.3958985091462844
0.0,0.24249774331720378,0.0,0.0,0.20936704466767048,0.34295017289138235,0.10661474975968108,0.37131984219152725,0.7096220822156692,0.34447359888896706,0.72442509666005,0.4279954180169587,0.4764896821891316,0.0,0.5715467638618338,0.0,0.39237441009955765,0.16935886200691405,0.8346567850823933,0.6437115092910993,0.38816376862544566,0.6080223758609598,0.6851596857095763,0.17490820988808675,0.36345848209305787,0.2604473983290191,0.5102354849936396,0.14867274234851205,0.2193961911620645,0.0,0.0,0.0,0.0,0.0,0.0,0.21994970315175216,0.028629482547330318,0.0,0.0,0.13617089993073775,0.04747472376251015,0.0,0.114804698921856,0.0,0.22171589286817048,0.08766943688829651,0.47933855989053603,0.6741933254385315,0.0,0.0,0.3957567004818467,0.2469445200005961,0.34373436203411784,0.7618723961048125,0.2570882138696539,0.4533937100432935,0.0,0.47162285812043453,0.0,0.6231925049272513,0.3168232374560758,0.3443165913972788,0.3583402429197962,0.7422063598146728,0.6681535372008066,0.42168667929338505,0.6215486297004651,0.5594041350152221,0.12312829095186609,0.47011668142448243,0.35862794951163607,0.5005505094403374,0.49887304449242903,0.17715934888161716,0.47041523004482416,0.22672354592609886
0.0,0.0,0.0,0.0,0.544791637590616,0.0,0.3079249702927227,0.4067191066783776,0.19471726022348906,0.21043375938936312,0.0,0.0,0.0,0.45408942680927217,0.3090461253092967,0.0,0.0,0.0,0.0,0.0973160566990372,0.4256275780960349,0.0,0.04146646636467141,0.0,0.0,0.0,0.18802396043945122,0.5220830643948565,0.0,0.25655680141180937,0.3437116382422408,0.3262337267554692,0.6236937295251214,0.5062094651411957,0.4166839910704198,0.6524443977583664,0.43620541548077796,0.3444935209750078,0.0,0.0,0.0,0.0,0.36536031644019334,0.5620996246464351,0.1214382133247666,0.0,0.09570120820975657,0.0,0.5058008448359003,0.42762424366436,0.0,0.26544979800160845,0.47273428533376727,0.1699939146982381,0.0713414108050572,0.06792038591854879,0.3090005011199484,0.0,0.36009009856917457,0.17018135437253296,0.0,0.0,0.0,0.0,0.0,0.5459209112340276,0.0,0.0,0.0,0.0,0.0,0.0,0.10207357221302761,0.0,0.0,0.0
0.0,0.0,0.20936704466767048,0.544791637590616,0.0,0.1605295244991093,0.7365555329924833,0.5251912216073683,0.5591452128993734,0.4399746363123906,0.33799327901742254,0.1338106934294029,0.29853868674296535,0.1442205299282601,0.5219544686500898,0.13101962669638256,0.02575601809796551,0.07577525298797709,0.21251430423567616,0.4192592216874465,0.581042074490076,0.28022531173890974,0.3277618594250781,0.0,0.0,0.0,0.4666194318504752,0.2868691455764225,0.3756074295754589,0.10646787353958811,0.016771302572714485,0.16182593216191102,0.20885098589625445,0.023169617580951568,0.023433907401989147,0.4336118675736665,0.14040334533192364,0.27658893656524836,0.0,0.0,0.0,0.0,0.4619695530891091,0.38890296990408596,0.2691620069045258,0.0,0.285453101591351,0.25781022512739116,0.2773718655716963,0.7170531437746615,0.0,0.6453789945711428,0.5534765857460278,0.48945999622859515,0.37341675957902665,0.5265893278835148,0.1800569923471237,0.3870994078453347,0.32204892429442394,0.43771323149544544,0.0,0.1986349955881825,0.0,0.319872943705394,0.134600200927575,0.6635201450380516,0.22644973215352462,0.2512776199932577,0.0,0.0,0.0,0.1231652409595245,0.40174280141437896,0.0,0.2103984310549978,0.0
0.06133218144046943,0.6696163704581378,0.34295017289138235,0.0,0.1605295244991093,0.0,0.25103736877594834,0.5703609611600517,0.30766097323893604,0.33091640220850904,0.25419821730874453,0.6714257409287951,0.7776684674869797,0.0,0.5250814342110222,0.22522849765854977,0.4554419878669033,0.4667244054668922,0.3154537099662351,0.6863979774408333,0.42361489475292907,0.6668564347826234,0.736634609015921,0.40795349168826434,0.5948948627411174,0.5644150664684483,0.6943283082956578,0.14265546943213295,0.7332690777106322,0.0,0.0,0.0,0.0,0.0,0.0,0.22210653179195905,0.0,0.03761248783525227,0.0,0.3699445736162257,0.0,0.0,0.38879852368043,0.0,0.1579651009368051,0.101828264496716,0.6101399403996338,0.36862285276945517,0.0,0.0,0.7994621381091959,0.3377684683794306,0.4961238241032395,0.37858768932047643,0.4216239599966239,0.1070881920695573,0.2499118321950978,0.6336032919932768,0.0,0.5265265347947738,0.3249864380613126,0.5402622252301094,0.5346903780879233,0.1700687117499972,0.67092339565144,0.3589210341195615,0.5757536128769896,0.7150364967573857,0.29116524081188233,0.6848642477490152,0.700327276190485,0.583497436044354,0.3744020606728942,0.3292502899118814,0.26399591417171125,0.0
0.0,0.07744375523828657,0.10661474975968108,0.3079249702927227,0.7365555329924833,0.25103736877594834,0.0,0.39444334566504513,0.2787712159310908,0.5187442577129732,0.16588903366198793,0.06800671892431823,0.46748750927719407,0.0,0.4481382728028685,0.22309332078243882,0.23243077742988877,0.30322698120090535,0.04921833770167118,0.36666407951188895,0.5736143490314471,0.2829001049187346,0.27223515308285895,0.0,0.13684545478284185,0.0,0.5015276167547377,0.002535572949547458,0.6339026549840902,0.0,0.0,0.017463767118805776,0.06415401259654455,0.0,0.0,0.21845248032713352,0.0,0.08169455743854127,0.010517544471070008,0.09349042923073504,0.0,0.0,0.4494897175108896,0.245329982374009,0.2544194087581358,0.0,0.3618014331276079,0.24080934474578553,0.04421665254985975,0.5903748566285549,0.07776616106478305,0.7364521682235234,0.4353524071264904,0.329669337991816,0.5569268255671243,0.3868303282911325,0.016137029297946588,0.47262273160670387,0.21327455189350583,0.3446248071037048,0.05955425025213955,0.4373593686483242,0.20873510285552352,0.13741803836937214,0.16075817953892307,0.5462424395290367,0.3420527410451906,0.2048772441985828,0.0,0.16964359862613146,0.030253161353705822,0.2382339889485366,0.352126482291654,0.0,0.31322257457277947,0.05376806505306971
0.0,0.11031344498267322,0.37131984219152725,0.4067191066783776,0.5251912216073683,0.5703609611600517,0.39444334566504513,0.0,0.46188487251805294,0.5891146190220886,0.3743995420439382,0.5814655129678761,0.4136621706050846,0.0,0.7649385165408514,0.0,0.13889808561078834,0.02734210846504015,0.26733151266696026,0.6579974849537097,0.7655339766529818,0.4641934596935183,0.8181221332077439,0.0,0.12623099964172924,0.0637044223430131,0.6900461116588549,0.24440952014191925,0.4472876793474373,0.0,0.0,0.033016683481030984,0.05557393276716957,0.0,0.0,0.5675176797443777,0.1735061932289185,0.1435062346006279,0.0,0.0,0.0,0.0,0.5322229333193865,0.21724166050441715,0.34812089534467083,0.0,0.6241179604508114,0.3511931962705498,0.0,0.31877496712692077,0.283691654568476,0.5728503327509086,0.9610415862466947,0.6028339338453517,0.5248225610798761,0.39208776999572725,0.43305011951366273,0.5193694139572077,0.0,0.6909554527819038,0.0,0.3637591674155477,0.13477947650555203,0.3166473931127491,0.35017495840191404,0.7930504627117625,0.4465158938653955,0.7217797816217164,0.0,0.2775195071766136,0.30120465309535627,0.180250045201821,0.3811778362620408,0.0,0.2891907032346302,0.0
0.07588930334179658,0.0,0.7096220822156692,0.19471726022348906,0.5591452128993734,0.30766097323893604,0.2787712159310908,0.46188487251805294,0.0,0.34132286255204164,0.6995750177526993,0.4033634780241125,0.4008904092076236,0.0,0.5905777095887235,0.03376411445442664,0.07430518379336216,0.06154625506530983,0.7100355039973504,0.7141767916143921,0.44222767994282636,0.5833352114737606,0.5300258538146326,0.09311587066886677,0.06014835893767664,0.09713937015957451,0.5532266479674507,0.484515564798517,0.30485072220605325,0.1475508044672025,0.10868383629935846,0.0,0.03336204552517589,0.0,0.0,0.47284169019505146,0.2801135951608403,0.2988597557879672,0.0,0.0,0.0,0.0,0.24169458018074705,0.17610004566559048,0.18639211660978894,0.14019939780027524,0.3273853967786026,0.7055721344944986,0.0,0.19699416002078574,0.22557432268292243,0.4662174730754838,0.4859105122391625,0.8456545996736655,0.23370029780299453,0.6928949055121137,0.2058015094314078,0.4925131303550772,0.09408969237823465,0.6077476009790088,0.0,0.1984191397906504,0.18491840779781385,0.7144276918985545,0.5298598049935176,0.5082082544292045,0.4301028196539158,0.44039765301656764,0.037412598025598084,0.2201723028069272,0.20768446400686577,0.367993754528889,0.5942168276502472,0.0,0.28369665903135927,0.0
0.06627746973177162,0.13707961533845056,0.34447359888896706,0.21043375938936312,0.4399746363123906,0.33091640220850904,0.5187442577129732,0.5891146190220886,0.34132286255204164,0.0,0.2217310539243273,0.5644446351200514,0.5130501418793618,0.0,0.5926002369138792,0.24748074306402318,0.31833971993690185,0.3711346022374901,0.2780447026963998,0.5821406197992652,0.7020432710029343,0.47858898396027494,0.5084768788069796,0.0,0.38384709331513667,0.14376553287695498,0.6484970782719275,0.24478024001342197,0.5992723593501965,0.0,0.0,0.09609369243122573,0.0,0.0,0.0,0.39684194752091495,0.17842736505105472,0.23053000575528443,0.0,0.13983318574262385,0.0,0.0,0.4684790786464981,0.2890497548990487,0.43923875089116515,0.10464837464427616,0.47706603683534654,0.3834732358982777,0.0,0.36239464132704907,0.1344690835887525,0.6126890486246401,0.5742395364792365,0.4549091043295216,0.7731795194116355,0.4043437430147399,0.3327215591368805,0.606585600781294,0.0,0.47575891901150325,0.1063445300509682,0.5482617402182859,0.3684477546015373,0.3799443819184249,0.35370638542700356,0.6379049232764756,0.47084897333408704,0.3990642676597223,0.0,0.4008067305329134,0.3150660979188865,0.3421367222459815,0.5904949144344056,0.0,0.4374337439575694,0.15831440016434345
0.0,0.03870203262403819,0.72442509666005,0.0,0.33799327901742254,0.25419821730874453,0.16588903366198793,0.3743995420439382,0.6995750177526993,0.2217310539243273,0.0,0.2503852071601859,0.32812888688063097,0.0,0.622618460031786,0.0,0.1381722538166056,0.0,0.6481081098967283,0.5794192563948238,0.42588267696675086,0.4204352876067505,0.5146290770692431,0.0,0.10200335154412822,0.0,0.550178052926689,0.19478253980489132,0.27867438343532025,0.0,0.0,0.0,0.0,0.0,0.0,0.3116675785705013,0.08684885841852173,0.0,0.0,0.0,0.0,0.0,0.0958723313390116,0.05339613577636742,0.06016979333377074,0.0,0.44320006989749694,0.6484206465374631,0.0,0.03700873961684202,0.16735181665471097,0.3394298261991982,0.3690518123903608,0.7822220647195357,0.07580995117423524,0.7225801761734177,0.0,0.42505712634327114,0.0,0.6611322378060418,0.12526711085775055,0.23957745887153922,0.25473275954453,0.5948048225159893,0.52572686266875,0.46668407630261305,0.4778851820886652,0.43863829700044826,0.0,0.2788037820397494,0.1421198040229644,0.3762089372419731,0.43327590151750195,0.0,0.19448113234225872,0.0
0.1183716675023741,0.3421386935554106,0.4279954180169587,0.0,0.1338106934294029,0.6714257409287951,0.06800671892431823,0.5814655129678761,0.4033634780241125,0.5644446351200514,0.2503852071601859,0.0,0.6188165363296341,0.0,0.47088425871870454,0.1135739669181519,0.39585334690919033,0.3236055366069707,0.38620861031710985,0.6537147520421346,0.36596955484119015,0.6059960287192949,0.6709762903926735,0.5422399648063134,0.4297031354033837,0.5446468458688127,0.4746504455018641,0.25003393290446563,0.42374851182739565,0.0,0.0,0.0,0.0,0.0,0.0,0.27467524453014075,0.11102010999890476,0.3020461568279541,0.0,0.2300291218758792,0.0,0.0,0.3373394996284724,0.022520213801800804,0.31141480140864924,0.17352020474596802,0.4096832367191941,0.46336750336947485,0.0,0.0,0.5731656471709778,0.30656330641692336,0.49723100770110573,0.4578174261253597,0.4138459640438125,0.25068684972775906,0.4930159489956788,0.6068334274228777,0.0,0.46017241650289653,0.19162852476695325,0.4534884788377455,0.43337879187830636,0.3764384194860385,0.6025933812864682,0.3254740483814993,0.5117749312707827,0.6313582049614188,0.41264248839679035,0.5115046807703205,0.6112577068756618,0.40860050595415187,0.47998389508266276,0.2012238845158906,0.32129484346166687,0.10671436354454254
0.2067310134700939,0.5457172932346281,0.4764896821891316,0.0,0.29853868674296535,0.7776684674869797,0.46748750927719407,0.4136621706050846,0.4008904092076236,0.5130501418793618,0.32812888688063097,0.6188165363296341,0.0,0.0,0.5566688593541572,0.48308755348712934,0.6832227007930897,0.6755985696504923,0.39427737571634536,0.7899668556015066,0.5468811617258337,0.8217111020967165,0.6538390649473189,0.3064871737852036,0.6437567780012956,0.533744535476449,0.7024076444469824,0.15005187384765575,0.8281310166749818,0.0,0.0,0.0,0.0,0.0,0.0,0.15772542111395374,0.0,0.0839575500267202,0.009467533398602165,0.4047561904541836,0.09101243392717807,0.0,0.44545972950694485,0.0,0.29507125972898157,0.3247126524444284,0.5784963101052231,0.528971455981013,0.0,0.026325111874732444,0.656886175526578,0.5357210610099795,0.36592462198206727,0.5222243585484573,0.5600941376172435,0.27574402133688586,0.10649071517088354,0.7866466971737953,0.0,0.5411038561150273,0.5525645559263725,0.6882353145935564,0.702226018203554,0.2871534560910119,0.767992922610009,0.4429228037731223,0.7717556714597684,0.5597979649165107,0.21352996194680743,0.712984460959922,0.6678674628397724,0.680587930369461,0.6473932698525708,0.41933470143497925,0.567301533849953,0.29888038434434744
0.09225683056466219,0.0,0.0,0.45408942680927217,0.1442205299282601,0.0,0.0,0.0,0.0,0.0,0.0,0.0,0.0,0.0,0.0,0.0,0.0,0.0,0.0,0.0,0.0,0.0,0.0,0.012820845015913684,0.0,0.0,0.0,0.4919731495048581,0.0,0.5461177988290967,0.7195062744835757,0.48001869550801723,0.705080209040752,0.6282397638479873,0.6672967036954891,0.19600678441364408,0.45488071142840675,0.3402096653323971,0.0795842795518656,0.0,0.0,0.09877759906691384,0.0,0.4003574389033716,0.0,0.0,0.0,0.0,0.7360058636227996,0.3300047012717966,0.0,0.0,0.0,0.0,0.0,0.0,0.47010249442403906,0.0,0.5881125802432384,0.0,0.0,0.0,0.0,0.0,0.0,0.0,0.0,0.0,0.0072255079965547276,0.0,0.0,0.0,0.0,0.0,0.0,0.0
0.0,0.21577435563394456,0.5715467638618338,0.3090461253092967,0.5219544686500898,0.5250814342110222,0.4481382728028685,0.7649385165408514,0.5905777095887235,0.5926002369138792,0.622618460031786,0.47088425871870454,0.5566688593541572,0.0,0.0,0.0,0.36768913169390594,0.12751245779808815,0.3976136705733404,0.8327238883375282,0.9168449082790738,0.6623764371557747,0.7717417807727177,0.0,0.2878692300486435,0.13107581511246377,0.8434906201010454,0.2064929531944003,0.563908704918933,0.0,0.0,0.0,0.0,0.0,0.0,0.5839341685021517,0.0875024347205231,0.1035629750485686,0.0,0.10103907994599827,0.0,0.0,0.5640373878661298,0.15591767471508633,0.2969932415620639,0.0,0.8537784009684236,0.48042074679338326,0.0,0.14634584406137513,0.2771583075919556,0.5586110298094914,0.7698528957239545,0.7531107565824838,0.44753918988519065,0.521355854482023,0.037585934264076803,0.6959813405085418,0.0,0.9681416902708226,0.1789085146218812,0.5406802676412209,0.3865951187281206,0.3700978353493397,0.5633521825719576,0.9122394485169795,0.7190446439381497,0.7091664946114824,0.0,0.5024954940790982,0.44168861733602044,0.3964551405204519,0.6095524634718117,0.0,0.393853249876058,0.0
0.59913718988013,0.46412143777121967,0.0,0.0,0.13101962669638256,0.22522849765854977,0.22309332078243882,0.0,0.03376411445442664,0.24748074306402318,0.0,0.1135739669181519,0.48308755348712934,0.0,0.0,0.0,0.4989273664946948,0.7892151686915774,0.04206228329241566,0.11577228948659395,0.03130783130381822,0.4354066769500558,0.0,0.2849916081835026,0.5021388297927879,0.47945570196005527,0.16229041354491297,0.0,0.4404156795738044,0.0,0.07093494647313452,0.09451656689226379,0.0,0.0,0.0,0.0,0.0,0.12160041888953797,0.3436004739049883,0.3453386262330437,0.3054290531358966,0.11025101284518589,0.2262982014769881,0.0,0.13756475058576395,0.5282454121422695,0.0,0.0,0.0,0.14105060409673612,0.0769381576128886,0.09175235395096958,0.0,0.0,0.27681330354770256,0.03197699510153158,0.0,0.20269588804767744,0.0,0.0,0.45931556691334713,0.3271517733255247,0.4441827111935807,0.0,0.2581005962569926,0.0,0.2693216197948702,0.0,0.2016698552133366,0.29668197009323294,0.30845322390043867,0.3126366288426249,0.22598826394626514,0.3857709079420598,0.32078034498671165,0.3996343918961372
0.24945168566429507,0.6458156160010512,0.39237441009955765,0.0,0.02575601809796551,0.4554419878669033,0.23243077742988877,0.13889808561078834,0.07430518379336216,0.31833971993690185,0.1381722538166056,0.39585334690919033,0.6832227007930897,0.0,0.36768913169390594,0.4989273664946948,0.0,0.7364221006825671,0.21425818768007637,0.41267627684549085,0.38754874311541226,0.5797252284145316,0.46176659142603343,0.3355649674056044,0.76331222548231,0.6549975021192491,0.4030804693067054,0.0,0.4293735075854757,0.0,0.0,0.0,0.0,0.0,0.0,0.0,0.0,0.0,0.10504620064663252,0.5201912338010346,0.445689576201315,0.0,0.37673746305980077,0.0,0.34225571858308146,0.3350158196526101,0.5731796900685769,0.24500382317962388,0.0,0.0,0.4675204457650487,0.07986266117482738,0.08980503436713164,0.21734804725264464,0.3262142848401663,0.023950125849558152,0.0,0.49476209050176706,0.0,0.42833325873632944,0.7793637443735718,0.7659862860686933,0.7746118332335905,0.03347338798590114,0.5793165956478679,0.250363287185012,0.7106060139422011,0.4219277906799072,0.3004232107631609,0.7046852552408891,0.6524130054067624,0.497642787232073,0.40502058580190486,0.28439230809197347,0.5134075623994174,0.515461338518785
0.41710139268958607,0.6507237577614455,0.16935886200691405,0.0,0.07577525298797709,0.4667244054668922,0.30322698120090535,0.02734210846504015,0.06154625506530983,0.3711346022374901,0.0,0.3236055366069707,0.6755985696504923,0.0,0.12751245779808815,0.7892151686915774,0.7364221006825671,0.0,0.0599493520265982,0.2834536234658962,0.15537334506875528,0.5525684886673243,0.19116358596005373,0.3267811714522741,0.6631110183302152,0.6119172097921939,0.3307067660765861,0.0,0.5741610690207846,0.0,0.0,0.0,0.0,0.0,0.0,0.0,0.0,0.07543028303200958,0.1080986870691595,0.4816066430435175,0.24466034971609166,0.0,0.33952415547451587,0.0,0.24341692204074564,0.4306704568479806,0.2906236472703092,0.09171162294124359,0.0,0.019547150500477655,0.3304682229436791,0.15756796717101784,0.0,0.06756520525909125,0.42955167195427263,0.0,0.0,0.3747095829663871,0.0,0.140100049556689,0.572342330155615,0.5379067627761299,0.6486925439730425,0.0,0.39789829846468094,0.031364767320076446,0.4544180574483707,0.044414316808575716,0.25576103365458186,0.5585042214300255,0.5267196388099925,0.4008529308616384,0.355302518766861,0.36160851208833017,0.32037942666805785,0.37297790423805266
0.021234700274223615,0.1011444711825671,0.8346567850823933,0.0,0.21251430423567616,0.3154537099662351,0.04921833770167118,0.26733151266696026,0.7100355039973504,0.2780447026963998,0.6481081098967283,0.38620861031710985,0.39427737571634536,0.0,0.3976136705733404,0.04206228329241566,0.21425818768007637,0.0599493520265982,0.0,0.6030243444517542,0.254344612143815,0.5031911647122369,0.479049117192974,0.14413913176761114,0.2391021926455379,0.1697551358059078,0.46530974424316757,0.22072741808274768,0.26137358298138075,0.0019971052822241354,0.0,0.0,0.0,0.0,0.0,0.18159169402533726,0.14141304635680185,0.08035104764967199,0.0,0.03458244974885008,0.0,0.0,0.043486351408687646,0.0,0.10182815844713715,0.10514874235750071,0.22833241229529025,0.5888578206901558,0.0,0.0,0.2277888013714534,0.21185463724382547,0.23225137204431773,0.630257890424249,0.13252799170091265,0.4742421428888322,0.010205612257144172,0.3192455742089369,0.0,0.4338987947264465,0.14236748075861916,0.17423074238983796,0.20258400352239528,0.8318234525503916,0.5741711970113533,0.25510373338548764,0.42551415479024896,0.3617861293245389,0.023806959427511355,0.2634489497491663,0.1900985840199987,0.44445739157771025,0.3867095640085765,0.1803184698770852,0.3240785679806398,0.08758719118490407
0.07396680116160109,0.32130133776484354,0.6437115092910993,0.0973160566990372,0.4192592216874465,0.6863979774408333,0.36666407951188895,0.6579974849537097,0.7141767916143921,0.5821406197992652,0.5794192563948238,0.6537147520421346,0.7899668556015066,0.0,0.8327238883375282,0.11577228948659395,0.41267627684549085,0.2834536234658962,0.6030243444517542,0.0,0.741863656289531,0.8915460639853657,0.7447729916119219,0.217927998851896,0.44679884523292634,0.3266399483163389,0.8866305896341672,0.4089659258833699,0.6958540211492752,0.09016975754589665,0.0,0.0,0.0,0.0,0.0,0.5077086913541843,0.17885005756018513,0.22209444332876804,0.0,0.2146619665001823,0.0,0.0,0.4923421693419663,0.10133990413350058,0.2594562496250163,0.20019111261665057,0.6657226682419939,0.6446979028585546,0.0,0.04960365686136606,0.4810175858917646,0.5987535207601344,0.6569460417756009,0.7961463153494813,0.4522284768261114,0.495885475675325,0.1938309028496565,0.8128324355225193,0.0,0.7924485501494849,0.28892831080895987,0.5364829498076144,0.5477593132794277,0.5398287620688235,0.8260601569953075,0.683593414258847,0.758902680291372,0.6764913727890085,0.11326664276191406,0.6072527580303164,0.5273923714554274,0.6305898105693596,0.7677372536497351,0.14675340467287454,0.5139686942406542,0.07241559335860685
0.0,0.19467042593556502,0.38816376862544566,0.4256275780960349,0.581042074490076,0.42361489475292907,0.5736143490314471,0.7655339766529818,0.44222767994282636,0.7020432710029343,0.42588267696675086,0.36596955484119015,0.5468811617258337,0.0,0.9168449082790738,0.03130783130381822,0.38754874311541226,0.15537334506875528,0.254344612143815,0.741863656289531,0.0,0.5971794852106243,0.6721087331760923,0.0,0.33307626911910787,0.06888903705027091,0.8368722834754995,0.09139642253430169,0.610420862998526,0.0,0.0,0.0,0.0,0.0,0.0,0.5546580186806421,0.0,0.10834615334541096,0.0,0.15124218537500755,0.0,0.0,0.6445677254480873,0.22540708283455557,0.40909254176846144,0.0,0.8047363043126566,0.3514954515198294,0.0,0.3180005701635943,0.2066891226560498,0.6180614513473903,0.7867941560709061,0.662174398278726,0.5019428116105654,0.466592866168028,0.0,0.6981759937694415,0.0,0.833113316705831,0.22522693944697614,0.6202740790483734,0.4680937502861811,0.23851103276576124,0.48163834603812283,0.9546227517204074,0.7100791468235741,0.6443281168872802,0.0,0.47847527873178275,0.37179978912966666,0.3854012060770147,0.6562711260921618,0.0,0.5357842834220556,0.09188391549231978
0.40620584336295507,0.6168200396743959,0.6080223758609598,0.0,0.28022531173890974,0.6668564347826234,0.2829001049187346,0.4641934596935183,0.5833352114737606,0.47858898396027494,0.4204352876067505,0.6059960287192949,0.8217111020967165,0.0,0.6623764371557747,0.4354066769500558,0.5797252284145316,0.5525684886673243,0.5031911647122369,0.8915460639853657,0.5971794852106243,0.0,0.6573546327132387,0.4672598069260034,0.6693971058881768,0.6029390366055021,0.7440388462097387,0.2046049986406701,0.6420302969322921,0.06352164575044146,0.0,0.0,0.0,0.0,0.0,0.26878236574766773,0.0,0.19943217412107056,0.0,0.464081102165803,0.03814774953713913,0.0,0.48301059428963683,0.0,0.30731042531301017,0.49248718849948825,0.6307801201947445,0.5453338780013884,0.0,0.0,0.5388458901168821,0.40675692624722265,0.4229800415155477,0.6264527001262901,0.4421061430219278,0.3528488509164885,0.07272261034820122,0.7659731276603777,0.0,0.6796757798975833,0.5527420443088868,0.5901662959146153,0.6757562860930438,0.3926973046995384,0.8390047070267745,0.5079470021623474,0.8319537700322952,0.5744481338879637,0.34737315761581633,0.7358046830279537,0.7082746828551211,0.6689892340502546,0.7075603311109252,0.34699168533090313,0.6021961698865508,0.32043585301895705
0.0,0.463420190882863,0.6851596857095763,0.04146646636467141,0.3277618594250781,0.736634609015921,0.27223515308285895,0.8181221332077439,0.5300258538146326,0.5084768788069796,0.5146290770692431,0.6709762903926735,0.6538390649473189,0.0,0.7717417807727177,0.0,0.46176659142603343,0.19116358596005373,0.479049117192974,0.7447729916119219,0.6721087331760923,0.6573546327132387,0.0,0.23520408929649075,0.4888125354463038,0.4046810202171934,0.7025892465043377,0.09750993309714891,0.47322558580482993,0.0,0.0,0.0,0.0,0.0,0.0,0.3299014359778537,0.0,0.042774057813444344,0.0,0.21817307317571355,0.0,0.0,0.4134368104636269,0.0,0.3822601486514753,0.012243127780067734,0.7675509428725187,0.6047083084345308,0.0,0.0747830873695681,0.6300581503967735,0.434182703963582,0.7650919396574725,0.6759455267126399,0.4707191841844107,0.398065482274514,0.2122376535559935,0.6645811014463858,0.0,0.7844314520320524,0.25715003099829636,0.5441359434326711,0.40634116829808703,0.40685292152505004,0.6770063347709279,0.6833461457551231,0.7126656157022291,0.9356473735717704,0.17934428745691294,0.5939864274824868,0.6133163676616425,0.5033237101070491,0.5175832010982622,0.03907606171058391,0.5294950636240403,0.1073014780867803
0.6145901240849205,0.5312428852674281,0.17490820988808675,0.0,0.0,0.40795349168826434,0.0,0.0,0.09311587066886677,0.0,0.0,0.5422399648063134,0.3064871737852036,0.012820845015913684,0.0,0.2849916081835026,0.3355649674056044,0.3267811714522741,0.14413913176761114,0.217927998851896,0.0,0.4672598069260034,0.23520408929649075,0.0,0.5030447279544906,0.7561940404296957,0.0,0.1024114469973032,0.0,0.28479496343787086,0.2370797561385356,0.057772275808316516,0.03648254729653156,0.0,0.0,0.0,0.0,0.30730909973945125,0.28394258346779755,0.5412289269064746,0.2119620216934132,0.05229274473207839,0.04923156676173541,0.0,0.23323294872371467,0.6365665969491212,0.011816498535641652,0.10494375802217869,0.0,0.0,0.5657357949109421,0.0,0.0,0.0,0.04667751611925504,0.0,0.28812220261762644,0.23796111789539504,0.0,0.0,0.41733111853012733,0.14453671237142554,0.35881636175916376,0.0,0.42229336478746055,0.0,0.24044035381985715,0.25725455751439424,0.9055595867178996,0.45973903558050794,0.6174890416191536,0.3238016255994012,0.22578819537105824,0.5607089822754974,0.21988066013551327,0.3562254468345307
0.4787243825284025,0.8486014938701212,0.36345848209305787,0.0,0.0,0.5948948627411174,0.13684545478284185,0.12623099964172924,0.06014835893767664,0.38384709331513667,0.10200335154412822,0.4297031354033837,0.6437567780012956,0.0,0.2878692300486435,0.5021388297927879,0.76331222548231,0.6631110183302152,0.2391021926455379,0.44679884523292634,0.33307626911910787,0.6693971058881768,0.4888125354463038,0.5030447279544906,0.0,0.7710855286175723,0.4933977485472629,0.0,0.5799978564033085,0.0,0.0,0.0,0.0,0.0,0.0,0.0,0.0,0.0,0.22349545977441543,0.5788126348188791,0.5133155719820953,0.0,0.25550923201480275,0.0,0.2533815846432065,0.5525763880393979,0.5425684632156789,0.35140102059143413,0.0,0.0,0.6278016819373303,0.0782993211258839,0.03757787372187706,0.18823327547747934,0.40322602953301356,0.023329980393785348,0.0,0.5668046160644586,0.0,0.3469812155128476,0.8644423229114387,0.7423125689262048,0.8558369787396216,0.07038339138950461,0.7144127673644527,0.15334803892649718,0.7487821731971208,0.4704801744413586,0.43246686388743116,0.8964549654954893,0.7497937175390051,0.7064603236790009,0.38957237889857477,0.5668506189740619,0.590793687293874,0.6314298091251993
0.5940045026841971,0.8033110167122536,0.2604473983290191,0.0,0.0,0.5644150664684483,0.0,0.0637044223430131,0.09713937015957451,0.14376553287695498,0.0,0.5446468458688127,0.533744535476449,0.0,0.13107581511246377,0.47945570196005527,0.6549975021192491,0.6119172097921939,0.1697551358059078,0.3266399483163389,0.06888903705027091,0.6029390366055021,0.4046810202171934,0.7561940404296957,0.7710855286175723,0.0,0.19014799716000017,0.0,0.2864883152783774,0.0,0.0,0.0,0.0,0.0,0.0,0.0,0.0,0.04910102616241273,0.07413203693413926,0.5887979850174427,0.2410332570839521,0.0,0.1447405689443678,0.0,0.15271072102506877,0.5605008248260528,0.3710265815346616,0.15133517934962867,0.0,0.0,0.5367880263624091,0.0,0.0,0.0770284096150365,0.1338862660195979,0.0,0.08531034258209721,0.3429460761202865,0.0,0.22845803859137087,0.62785789422764,0.41674078472132453,0.5850657565102679,0.0,0.5193708655738052,0.0,0.5012156055386577,0.3402500632806594,0.6292464703521377,0.7034780455834676,0.875201977376775,0.34955099510249077,0.21127822523510903,0.4347069570384424,0.2730123298791706,0.3332914896354488
0.0,0.37562542892709533,0.5102354849936396,0.18802396043945122,0.4666194318504752,0.6943283082956578,0.5015276167547377,0.6900461116588549,0.5532266479674507,0.6484970782719275,0.550178052926689,0.4746504455018641,0.7024076444469824,0.0,0.8434906201010454,0.16229041354491297,0.4030804693067054,0.3307067660765861,0.46530974424316757,0.8866305896341672,0.8368722834754995,0.7440388462097387,0.7025892465043377,0.0,0.4933977485472629,0.19014799716000017,0.0,0.24384501107778675,0.8206234498859707,0.0,0.0,0.0,0.0,0.0,0.0,0.5532055864118517,0.0841034186044741,0.13277292900557267,0.0,0.19985639133225164,0.0,0.0,0.5677850337372704,0.10897513861813939,0.2466924709297172,0.039360021954261984,0.7741266155068098,0.5131946915090029,0.0,0.09036423137124738,0.4028470590441023,0.599580838323483,0.6706106015157375,0.6772700226380123,0.5499658013059394,0.4757805489424494,0.05478158173304272,0.7404933547835358,0.0,0.7791356462427672,0.29421319235703924,0.5860955389995487,0.5499386062019386,0.40644781194293783,0.6762867177485977,0.775210430665997,0.7263608312240597,0.6546047410527197,0.0,0.6319970771950931,0.42464622539440683,0.7044824109937045,0.6552261078027501,0.0,0.4647842047240254,0.04365454878252473
0.0,0.0,0.14867274234851205,0.5220830643948565,0.2868691455764225,0.14265546943213295,0.002535572949547458,0.24440952014191925,0.484515564798517,0.24478024001342197,0.19478253980489132,0.25003393290446563,0.15005187384765575,0.4919731495048581,0.2064929531944003,0.0,0.0,0.0,0.22072741808274768,0.4089659258833699,0.09139642253430169,0.2046049986406701,0.09750993309714891,0.1024114469973032,0.0,0.0,0.24384501107778675,0.0,0.10315942414394463,0.6025139036464633,0.7263825627074125,0.11629587681279184,0.5582336723687559,0.5922308491120944,0.5184792808819765,0.6564662548927589,0.8015827067017859,0.45958143366002063,0.0,0.0,0.0,0.0,0.13106961358938612,0.5632814199872552,0.013075155493683079,0.0,0.0,0.09182159923396692,0.38510881587312756,0.0413568099807653,0.0,0.2418684661407087,0.32742983591075975,0.32161706793842526,0.11663322752370896,0.1084524958924743,0.5953881961481162,0.14317630760774624,0.2442832379959254,0.09988735227320213,0.0,0.0,0.0,0.26377505143973295,0.0,0.19634027243450222,0.0,0.0,0.025417164052119932,0.0,0.0,0.0,0.3547594996428676,0.0,0.0,0.0
0.09516173387920962,0.4584731333508786,0.2193961911620645,0.0,0.3756074295754589,0.7332690777106322,0.6339026549840902,0.4472876793474373,0.30485072220605325,0.5992723593501965,0.27867438343532025,0.42374851182739565,0.8281310166749818,0.0,0.563908704918933,0.4404156795738044,0.4293735075854757,0.5741610690207846,0.26137358298138075,0.6958540211492752,0.610420862998526,0.6420302969322921,0.47322558580482993,0.0,0.5799978564033085,0.2864883152783774,0.8206234498859707,0.10315942414394463,0.0,0.0,0.0,0.0,0.0,0.0,0.0,0.1755568974069883,0.0,0.0,0.0,0.2614413273631292,0.0,0.0,0.4268173767432072,0.0,0.1536992475762306,0.1532678160975606,0.5322804673567051,0.4122592402613445,0.0,0.12657510679643985,0.44263497066664204,0.6244414370596265,0.424714696984382,0.4113533629503631,0.5836080763526887,0.35192770335961476,0.046727405569403004,0.7315316674361357,0.0,0.4919035312750046,0.3409487275412291,0.6253029066916143,0.6018160080307052,0.21805263434958136,0.6113265590579923,0.466388156686742,0.5962722463217179,0.4001372967414408,0.0,0.6208871491121611,0.4358973937088349,0.6359862849080861,0.4921370557076061,0.2932761751486605,0.3836530910548217,0.10200396026107122
0.26859830692486053,0.0,0.0,0.25655680141180937,0.10646787353958811,0.0,0.0,0.0,0.1475508044672025,0.0,0.0,0.0,0.0,0.5461177988290967,0.0,0.0,0.0,0.0,0.0019971052822241354,0.09016975754589665,0.0,0.06352164575044146,0.0,0.28479496343787086,0.0,0.0,0.0,0.6025139036464633,0.0,0.0,0.7354434070977491,0.2880598051054549,0.5334694558369718,0.5153691485253363,0.5071159245172623,0.1947835607001284,0.3890437455848766,0.3532772875791679,0.03454656663963707,0.017682734152444743,0.0,0.014838687930443602,0.0,0.2253802729420767,0.03648877484175355,0.22833350056295437,0.0,0.0,0.46705205508912856,0.15470759332198886,0.0,0.035274954989154866,0.05802898350743241,0.0,0.0,0.0,0.40128856913812777,0.0,0.30712037830546085,0.0,0.0,0.0,0.0,0.0,0.0,0.0,0.0,0.0,0.27249057101162305,0.0,0.0,0.0,0.11503654661379875,0.13685114256493236,0.0,0.0
0.25839654838935655,0.0,0.0,0.3437116382422408,0.016771302572714485,0.0,0.0,0.0,0.10868383629935846,0.0,0.0,0.0,0.0,0.7195062744835757,0.0,0.07093494647313452,0.0,0.0,0.0,0.0,0.0,0.0,0.0,0.2370797561385356,0.0,0.0,0.0,0.7263825627074125,0.0,0.7354434070977491,0.0,0.3046186018318543,0.7294823133065862,0.7381871390968862,0.7429931042295767,0.22355252464423847,0.5578583789651598,0.42852292784298246,0.0,0.0,0.0,0.0,0.0,0.39405126459404327,0.0,0.1563119845732101,0.0,0.0,0.641280064012477,0.05412668204586845,0.0,0.0,0.0,0.0,0.0,0.0,0.4377231332164192,0.0,0.43639429746171493,0.0,0.0,0.0,0.0,0.0,0.0,0.0,0.0,0.0,0.23039494147356684,0.0,0.0,0.0,0.0,0.0,0.0,0.0
0.24247356045565968,0.0,0.0,0.3262337267554692,0.16182593216191102,0.0,0.017463767118805776,0.033016683481030984,0.0,0.09609369243122573,0.0,0.0,0.0,0.48001869550801723,0.0,0.09451656689226379,0.0,0.0,0.0,0.0,0.0,0.0,0.0,0.057772275808316516,0.0,0.0,0.0,0.11629587681279184,0.0,0.2880598051054549,0.3046186018318543,0.0,0.4307739736923729,0.25762029835113676,0.3848196463562868,0.03873568301005786,0.14256429774501028,0.16486473314142505,0.5468093908083662,0.0,0.055539547012108774,0.40457359655212943,0.0668248391082993,0.2751735994654452,0.22824081641689303,0.1768145051622748,0.0,0.0,0.49206496978397063,0.43252664144743824,0.0,0.03973913138506194,0.023423963799560348,0.0,0.1527079747742014,0.0,0.33525666277771043,0.0,0.3850048275962747,0.0,0.0,0.0,0.0,0.0,0.0,0.0,0.0,0.0,0.11716102052192348,0.0,0.0,0.0,0.0,0.0,0.1229998422897537,0.1470928300321383
0.1338431811024978,0.0,0.0,0.6236937295251214,0.20885098589625445,0.0,0.06415401259654455,0.05557393276716957,0.03336204552517589,0.0,0.0,0.0,0.0,0.705080209040752,0.0,0.0,0.0,0.0,0.0,0.0,0.0,0.0,0.0,0.03648254729653156,0.0,0.0,0.0,0.5582336723687559,0.0,0.5334694558369718,0.7294823133065862,0.4307739736923729,0.0,0.793368182150295,0.6962785709067242,0.35722083446343034,0.4515315452251246,0.40187227863675906,0.0,0.16043204523354584,0.0,0.0,0.1398402586938337,0.433330575932026,0.05790805632610578,0.0,0.0,0.0,0.6000130373236415,0.27589265929070916,0.0,0.0,0.08127909527176641,0.0,0.039586118000992904,0.0,0.3914193465536611,0.0,0.40659777181186235,0.0,0.0,0.0,0.0,0.0,0.0,0.058274606211601576,0.0,0.0,0.08624676204062119,0.0,0.0,0.0,0.0,0.0,0.0,0.0
0.0,0.0,0.0,0.5062094651411957,0.023169617580951568,0.0,0.0,0.0,0.0,0.0,0.0,0.0,0.0,0.6282397638479873,0.0,0.0,0.0,0.0,0.0,0.0,0.0,0.0,0.0,0.0,0.0,0.0,0.0,0.5922308491120944,0.0,0.5153691485253363,0.7381871390968862,0.25762029835113676,0.793368182150295,0.0,0.6975672797081721,0.28631740329487537,0.5722778328606926,0.26627416759285694,0.0,0.0,0.0,0.0,0.0,0.3703243857774502,0.0,0.0,0.0,0.0,0.6063553183163016,0.11456512956364616,0.0,0.0,0.045073438862658965,0.0,0.0,0.0,0.44028872505342476,0.0,0.3473045602777868,0.0,0.0,0.0,0.0,0.0,0.0,0.0,0.0,0.0,0.019651837582647262,0.0,0.0,0.0,0.0,0.0,0.0,0.0
0.0,0.0,0.0,0.4166839910704198,0.023433907401989147,0.0,0.0,0.0,0.0,0.0,0.0,0.0,0.0,0.6672967036954891,0.0,0.0,0.0,0.0,0.0,0.0,0.0,0.0,0.0,0.0,0.0,0.0,0.0,0.5184792808819765,0.0,0.5071159245172623,0.7429931042295767,0.3848196463562868,0.6962785709067242,0.6975672797081721,0.0,0.1811624860425634,0.5179260237932028,0.19868077138901316,0.0,0.0,0.0,0.14438856271133693,0.0,0.36164449015866384,0.0,0.0,0.0,0.0,0.7067332976512886,0.11501995227986794,0.0,0.0,0.0,0.0,0.0,0.0,0.32702916611109667,0.0,0.3936150114895425,0.0,0.0,0.0,0.0,0.0,0.0,0.0,0.0,0.0,0.0,0.0,0.0,0.0,0.0,0.0,0.0,0.0
0.0,0.0,0.21994970315175216,0.6524443977583664,0.4336118675736665,0.22210653179195905,0.21845248032713352,0.5675176797443777,0.47284169019505146,0.39684194752091495,0.3116675785705013,0.27467524453014075,0.15772542111395374,0.19600678441364408,0.5839341685021517,0.0,0.0,0.0,0.18159169402533726,0.5077086913541843,0.5546580186806421,0.26878236574766773,0.3299014359778537,0.0,0.0,0.0,0.5532055864118517,0.6564662548927589,0.1755568974069883,0.1947835607001284,0.22355252464423847,0.03873568301005786,0.35722083446343034,0.28631740329487537,0.1811624860425634,0.0,0.6148623859644788,0.3291522803309276,0.0,0.0,0.0,0.0,0.5376400225985443,0.6035802442832038,0.20940695603194964,0.0,0.3831381763556308,0.07866908570543645,0.13219885427378972,0.1142203278754158,0.0,0.3201978663090065,0.6065069173618949,0.49856788982270245,0.19928847386180293,0.2378064028604898,0.3764539515507574,0.2427579079815406,0.08611405460097006,0.4410714721483087,0.0,0.0,0.0,0.23864412621634365,0.04236599400856111,0.6319839707518348,0.12060657980313025,0.2659218776761871,0.0,0.0,0.0,0.0,0.40079409725997633,0.0,0.0,0.0
0.0,0.0,0.028629482547330318,0.43620541548077796,0.14040334533192364,0.0,0.0,0.1735061932289185,0.2801135951608403,0.17842736505105472,0.08684885841852173,0.11102010999890476,0.0,0.45488071142840675,0.0875024347205231,0.0,0.0,0.0,0.14141304635680185,0.17885005756018513,0.0,0.0,0.0,0.0,0.0,0.0,0.0841034186044741,0.8015827067017859,0.0,0.3890437455848766,0.5578583789651598,0.14256429774501028,0.4515315452251246,0.5722778328606926,0.5179260237932028,0.6148623859644788,0.0,0.3108623623914152,0.0,0.0,0.0,0.0,0.006320608221793464,0.5763912307514268,0.0,0.0,0.0,0.0,0.4368569076480761,0.0,0.0,0.19851205299082675,0.23738056253746004,0.20652017188748087,0.07451400008782644,0.05922578089423269,0.5423580042448558,0.0,0.31692720367757493,0.0,0.0,0.0,0.0,0.27558611102116953,0.0,0.09535480677845451,0.0,0.0,0.0,0.0,0.0,0.0,0.10202019052244149,0.0,0.0,0.0
