0.0,0.5405294535977526,0.14212219876125085,0.31911960962794955,0.14999351202443323,0.0,0.0,0.0,0.0,0.0,0.25986971078288545,0.0,0.0,0.3626972473050526,0.0,0.8607816163424252,0.0,0.6154765708822567,0.0,0.0,0.0,0.05989352064520216,0.0,0.5789976349786756,0.8503751353077986,0.5667087258926768,0.0,0.0,0.0,0.0,0.5253756598637839,0.21707234156662691,0.7715184246991983,0.8365458925303426,0.3216916759472618,0.42888239523450516,0.0,0.0,0.3172849811367853,0.41052814215284633,0.0,0.0,0.008315711264276014,0.3691762132012799,0.0,0.4954506810768759,0.0,0.0,0.35438240693565815,0.0,0.17381533158295276,0.0,0.0,0.0,0.0,0.1619264852133833,0.0,0.0,0.0,0.2769314087116455,0.0,0.0,0.0,0.08983595403644484,0.6470775522292147,0.0,0.6123621959293505,0.0,0.3268139230228455,0.0,0.0,0.604125515362922,0.13089389480581654,0.6199004253176702,0.6672168926187582,0.0
0.5405294535977526,0.0,0.0,0.5757805806101307,0.0,0.0,0.0,0.20035092924159686,0.0,0.0,0.0,0.0,0.24305190358258952,0.20601773732362708,0.0,0.4919598467219229,0.0,0.43636046954969904,0.0,0.0,0.0,0.0,0.0,0.387172991849514,0.7514012372944161,0.6124181750895122,0.0,0.0,0.0,0.0,0.0,0.0,0.6615845622320963,0.43916490453105583,0.5458925029000723,0.36726695263641956,0.15699655382026936,0.0,0.0,0.4751157760517186,0.0,0.0,0.12022221729345671,0.2690822761559063,0.0,0.0,0.0,0.08185244430900332,0.03469192794193808,0.0,0.5192939895991475,0.0,0.0,0.0,0.0,0.2865506562034384,0.0,0.1696179878817451,0.053198404823979216,0.0,0.0,0.0,0.0,0.30402414175540254,0.4338065463945369,0.0,0.2708651223662509,0.0,0.09101671046897955,0.0,0.0,0.6717571629615848,0.0,0.4591521707923985,0.5113715973541961,0.0
0.14212219876125085,0.0,0.0,0.0,0.41545039465348027,0.4727597997138569,0.36834723724581603,0.4509313892217402,0.47067732747730295,0.4057206419884483,0.6336375007136029,0.37498263263465514,0.4027337760777357,0.3012283209394229,0.2265281629952728,0.038190590185995715,0.27919894030859743,0.17841847098919927,0.4337256277579428,0.256121529449965,0.24940420286971066,0.3601812081918879,0.5008565906639414,0.14301043808639752,0.07540001241673795,0.441500755748885,0.4035777290822523,0.33655546961746435,0.22107131916771947,0.0,0.1529021682440686,0.31450751395404036,0.0,0.05844123661632073,0.0,0.17266286865031938,0.0,0.06722948583994533,0.3669332376967806,0.0,0.19491574015288582,0.07882832790452028,0.10504860198628409,0.0,0.0,0.22857192525799372,0.38856590090285154,0.6374927710953527,0.03988556448704848,0.20642998951889782,0.17413605146024938,0.17757101949693205,0.25385349696994414,0.5627854536550265,0.34536365798312635,0.5686686054040578,0.4014569624491525,0.23243179613041792,0.1994385264529394,0.0,0.12277122775115797,0.23092354906604293,0.0,0.18500751568675136,0.0,0.18634671365005606,0.0,0.30623363808337417,0.044184340668345694,0.27831851649741574,0.5297859055861968,0.0,0.24957082262189842,0.0,0.0,0.0
0.31911960962794955,0.5757805806101307,0.0,0.0,0.14003074014144407,0.0,0.0851042918039611,0.2340507365963686,0.0,0.0,0.0,0.07450285319722745,0.1882566879073684,0.16592750305074938,0.0,0.281119514805904,0.0,0.18078058617695275,0.0,0.0,0.0,0.0,0.0,0.4138296132281133,0.4619907188286911,0.41814904350330323,0.0,0.0,0.0,0.0,0.03339886840250132,0.0,0.4002372265164962,0.3011380334652055,0.33047353128199514,0.33857199591885995,0.22367510712532937,0.0,0.0,0.24417971885320128,0.0,0.0,0.21180681599678966,0.3138561943282205,0.0,0.0,0.0,0.06664861205954042,0.169690940537977,0.0,0.3965125602379961,0.0,0.10852483187983339,0.0,0.0,0.16386707175447474,0.06837561310277682,0.14327994757966936,0.1870284239940761,0.0,0.0,0.0,0.0,0.12475487871410985,0.21274166727458763,0.0,0.11619641765070507,0.023098244917276373,0.2221082201490191,0.0,0.0,0.38468552683559665,0.0,0.25940297726237044,0.32278284158753623,0.0
0.14999351202443323,0.0,0.41545039465348027,0.14003074014144407,0.0,0.18034660080021342,0.6690351719819678,0.1398197933092161,0.5031001390723142,0.5171706118094983,0.4897334632151177,0.3005639583358719,0.3790800994357714,0.2921091706795505,0.14817917637104358,0.18894930024337234,0.56053151293418,0.32622303305,0.1611356051195811,0.20921737446891364,0.2110550974712324,0.3625247751613601,0.16689830306572417,0.028695033124798926,0.06845376911489,0.23532026057714256,0.2123025759327113,0.40942756709881617,0.19627449391242394,0.0,0.4170808725463223,0.5258602372428933,0.0,0.23831596589154994,0.0,0.18174293160412208,0.08767296258743591,0.10918332521547228,0.568132388498744,0.0,0.46713778002277895,0.014601643098208682,0.16271459390878498,0.0,0.1385013005954404,0.27036958768972347,0.1553292926869838,0.19011766938717314,0.0,0.6394441932400736,0.04444198863115941,0.37869330706186644,0.11474723902042182,0.47594297519036444,0.46259214588338216,0.3183773794676017,0.28283290444159165,0.30404968106834296,0.3210572778626852,0.09039001041504743,0.0984824627161618,0.3543914208413465,0.04536502919617587,0.0,0.0,0.2498117069536798,0.02227698315021283,0.17227361550729767,0.042058797631220814,0.1507022443198856,0.3407585302802048,0.0,0.4884614447880384,0.0,0.027344711110624347,0.09748098497985003
0.0,0.0,0.4727597997138569,0.0,0.18034660080021342,0.0,0.4809776619892021,0.6755437806955312,0.45290330326849315,0.6202707947453034,0.0,0.8067212098335157,0.8151979792614448,0.006091343384449575,0.5449999756095912,0.0,0.4284030218438441,0.0,0.3105278793021632,0.6764182233460826,0.5317919235425677,0.3891302389762447,0.820159194292445,0.0,0.0,0.30615856500232114,0.8186237136704098,0.7224111226560411,0.7561745140230687,0.3348424148426423,0.0,0.2782040593716411,0.0,0.0,0.0,0.0,0.21118394044157401,0.048448896208398116,0.10706553075911235,0.0,0.3167320466426009,0.3275661792219777,0.1953603315267959,0.0,0.08303374826876048,0.0,0.8588727073642951,0.4627462499004026,0.0,0.18738101467906457,0.18774181360219724,0.5577127970364597,0.5525386264441366,0.30921575507017396,0.48927479296537496,0.017486891093075302,0.717053470945748,0.5563087992029753,0.33783535022147143,0.0,0.3984511759072535,0.7097250725326886,0.3097898463496119,0.0,0.0,0.22543054657527592,0.0,0.372813543999628,0.0,0.5530197731864908,0.7274807267004956,0.0,0.20186429872657008,0.0,0.0,0.10527905502976626
0.0,0.0,0.36834723724581603,0.0851042918039611,0.6690351719819678,0.4809776619892021,0.0,0.2981095494112599,0.3675699653662106,0.7222397905461313,0.1442097981330932,0.5436640727630367,0.6302211029038727,0.2346341899619722,0.2912184342084378,0.0,0.6847011954780917,0.3567868232834988,0.03491549446741235,0.4082144643807011,0.3882546445890921,0.40237513048548246,0.32938592852714843,0.0,0.0,0.2345877926827731,0.48055128705353983,0.5132510190423791,0.5350499959146504,0.1716754724199102,0.2887924482933019,0.529635953169905,0.0,0.02496050790664978,0.0,0.060257945730692104,0.0850354548568346,0.1112585936226119,0.4371079568158724,0.0,0.49481532233772924,0.21377090312193217,0.1879825122180214,0.0,0.10698189016106856,0.1550322850941283,0.44626425514934515,0.2344798127329138,0.0,0.586816584710531,0.05492296007665657,0.6648556463819271,0.1778174178054164,0.3020782963359541,0.661854538454217,0.1495037133649686,0.49538954252506084,0.521104916208782,0.3235622973758399,0.0,0.33968129149187687,0.5625295576193603,0.24054620377793257,0.0,0.0,0.3170903464612558,0.0,0.20607341066799162,0.0,0.4534915550661767,0.4969994599184477,0.0,0.39523898070050667,0.0,0.0,0.1264886866623764
0.0,0.20035092924159686,0.4509313892217402,0.2340507365963686,0.1398197933092161,0.6755437806955312,0.2981095494112599,0.0,0.0,0.3486541058377311,0.0,0.6437299684456093,0.6316874764108441,0.3235353719032507,0.012960070814052448,0.0,0.12616403826355352,0.0,0.17884935064472257,0.12741658868042605,0.05701025449674019,0.0,0.7426879363947672,0.3348651773095928,0.0,0.48598875673148945,0.32750065636773823,0.29807184062347414,0.21123130774567048,0.10163373142666367,0.0,0.162599029847251,0.0,0.0,0.0,0.13588469927025193,0.1732777461210483,0.025258007386175976,0.1508879258785292,0.13135150138885412,0.0,0.01759970418032708,0.32639869023376494,0.0,0.0,0.0,0.4578190943956357,0.5271289014924658,0.0,0.010102955491805335,0.5284525828446239,0.2638290679405691,0.7711020260644026,0.09208690388498833,0.2940238235500112,0.2230438984099865,0.6959043231838091,0.5861576329639575,0.4308096329447352,0.0,0.0,0.375463445410195,0.0,0.0,0.0,0.0,0.0,0.531413906868764,0.25752332329255395,0.1819777162568722,0.5266960396550724,0.0,0.20475136654563397,0.0,0.0,0.0
0.0,0.0,0.47067732747730295,0.0,0.5031001390723142,0.45290330326849315,0.3675699653662106,0.0,0.0,0.5298593779330024,0.4721382716017822,0.3729689877929312,0.22281417957003957,0.0,0.7215581604275748,0.0,0.47767010942154925,0.0,0.5374937563418404,0.7507222305798341,0.6988367685347283,0.6322135661008875,0.3350512187526813,0.0,0.0,0.0,0.6797700393994948,0.6484897367900837,0.6443509153201498,0.34057947646120834,0.15637912128376485,0.252048641252049,0.0,0.0,0.0,0.0,0.0821848283496398,0.1117584500629622,0.09705915553273957,0.0,0.4911415901241889,0.2510526174715223,0.0,0.0,0.13944017649380183,0.13864514631136035,0.4898539539500755,0.34578461164214613,0.0,0.5061177104058614,0.0,0.41414190511549565,0.0,0.7537933473727448,0.3662021472459956,0.1823165050132358,0.2457636562366742,0.0,0.09445311754943468,0.09131766606495742,0.48941910282539103,0.4673618529637574,0.28325924596606605,0.07383683752866861,0.0,0.5495784027615379,0.0,0.08629842502175046,0.0,0.4386571001267315,0.4370813230573671,0.0,0.3284094300123241,0.0,0.0,0.5308949472548067
0.0,0.0,0.4057206419884483,0.0,0.5171706118094983,0.6202707947453034,0.7222397905461313,0.3486541058377311,0.5298593779330024,0.0,0.16042856722766943,0.7542073161719354,0.575567736189387,0.08669277858853841,0.5919243511290226,0.0,0.7025196938560639,0.04402043984939705,0.2592998038650671,0.7195476822381043,0.6812782300411088,0.6042818312309256,0.5442632947353617,0.0,0.0,0.1939354300795461,0.7227343305339026,0.6175684616159984,0.7687720392230268,0.4264736123372507,0.18544420214846855,0.4523010005021725,0.0,0.0,0.0,0.0,0.061335458018799305,0.11167855596406633,0.3005999219698031,0.0,0.4279998249415176,0.19464916773693136,0.2720219984901378,0.0,0.21335885799205392,0.2940548181966167,0.6946267188950334,0.3454480681709972,0.0,0.5023478593065804,0.0,0.6795297005236467,0.2559351521191522,0.34850536468458654,0.8054999112659034,0.15947281147174747,0.6391658036059882,0.42162812088340634,0.20306032870158428,0.0,0.6284859087326821,0.7310110571460479,0.5416227118272553,0.0,0.0,0.549173997944023,0.0,0.27327044946372564,0.043727342732164554,0.727779527385927,0.7553775917808685,0.0,0.3836950759901834,0.0,0.0,0.3673183821616819
0.25986971078288545,0.0,0.6336375007136029,0.0,0.4897334632151177,0.0,0.1442097981330932,0.0,0.4721382716017822,0.16042856722766943,0.0,0.0,0.0,0.1797328170752842,0.06889959468749017,0.1588817390940917,0.11317322047910265,0.058739737781359914,0.5015947429471341,0.05391525498225478,0.06796617573612479,0.19601691605491595,0.07568932327621673,0.02630059339228178,0.13170863363536428,0.112542766792979,0.11078430378284568,0.0,0.0,0.0,0.1523985439155671,0.11506689951427097,0.08197161205362588,0.1285961330481512,0.0,0.10602357538302837,0.0,0.0,0.16448519978792997,0.11218197950160469,0.10862149847976156,0.0,0.0,0.0,0.0817428560725503,0.2763929737021548,0.0,0.4967330028849923,0.0,0.32018312000378807,0.0,0.05411284267668791,0.0,0.5610121845716571,0.09522568876433714,0.7559020609833395,0.0,0.0,0.04817302134565148,0.2062347557757325,0.027464792161634312,0.0,0.0,0.35681675782112043,0.2096025984427629,0.1323789933225066,0.232341057906259,0.0856280328315115,0.010710723389817645,0.0,0.05680368071713448,0.14085381460124075,0.1537481795730939,0.14811327405341204,0.014566439088881831,0.04712385298017946
0.0,0.0,0.37498263263465514,0.07450285319722745,0.3005639583358719,0.8067212098335157,0.5436640727630367,0.6437299684456093,0.3729689877929312,0.7542073161719354,0.0,0.0,0.7629514578906001,0.0,0.4163319961706422,0.0,0.5292155748351516,0.0,0.281753035223498,0.5885746159024569,0.42675478047830556,0.42115723192991356,0.6661472783672957,0.07229422628500012,0.0,0.38600044109068543,0.6953340751417536,0.6769703412702175,0.624992894608048,0.2964401731141468,0.0,0.29185468655871716,0.0,0.0,0.0,0.07333519407483413,0.22854276264246637,0.0,0.11629073420730643,0.0,0.24111180459734466,0.11141218769366101,0.30653102666888915,0.0,0.16917895725985257,0.0,0.7197141162687696,0.4263845335798243,0.0,0.3090446515156448,0.07610273622976567,0.5261647083509688,0.43338393998598457,0.3198946427927397,0.5663439021535775,0.11168574474953692,0.8471683057725364,0.5110249451923581,0.27985587869235734,0.0,0.3251911902114415,0.7113432288578796,0.31295929242832143,0.0,0.0,0.1326743295532613,0.0,0.28561396978805254,0.0,0.4546813110110273,0.6621713877739536,0.0,0.32170957663894406,0.0,0.0,0.05090344185437708
0.0,0.24305190358258952,0.4027337760777357,0.1882566879073684,0.3790800994357714,0.8151979792614448,0.6302211029038727,0.6316874764108441,0.22281417957003957,0.575567736189387,0.0,0.7629514578906001,0.0,0.0599204241243875,0.20295314586004135,0.0,0.5521110820852146,0.3490494024328554,0.07190859724079147,0.331026481792583,0.22501041405699906,0.27397750286548717,0.5043055322874128,0.050798723426229375,0.0,0.5772409687499549,0.4688857646617085,0.7150677616512447,0.4887004431461671,0.06306586204308756,0.0,0.4051757068720723,0.0,0.0,0.0,0.1195702560820887,0.24151532381653593,0.0,0.22302682311999034,0.0,0.24142156001060006,0.1334933401075449,0.24718049087661767,0.0,0.03619849841351911,0.0,0.6148441148342845,0.36648208639867963,0.0,0.3333266915910433,0.3185825493658816,0.4338058913663678,0.39318649937599015,0.28059104468065094,0.45967749666172064,0.09676893211870041,0.6679968872781366,0.7155115749978154,0.35808839495798184,0.0,0.12834329999762206,0.641195018386413,0.16137428006365573,0.0,0.0,0.0,0.0,0.1758171099811788,0.0,0.25440520072114853,0.5267968957315481,0.0,0.38936763567095334,0.0,0.0,0.0
0.3626972473050526,0.20601773732362708,0.3012283209394229,0.16592750305074938,0.2921091706795505,0.006091343384449575,0.2346341899619722,0.3235353719032507,0.0,0.08669277858853841,0.1797328170752842,0.0,0.0599204241243875,0.0,0.0,0.13118147079675638,0.0,0.17569853566409044,0.0,0.0,0.0,0.0,0.19476119337322584,0.3408531164640694,0.4008843748389693,0.33354700272838494,0.0,0.0,0.0,0.0,0.22700056261081877,0.25202023274153285,0.2567824613702467,0.33116220163458887,0.01717794794044324,0.3413193054170849,0.03329525560752783,0.1735966098536333,0.38369581867043234,0.24367256744404348,0.0,0.0,0.234204504947435,0.05227124595323853,0.0,0.24505745669499035,0.03324094185798532,0.17086208426815186,0.0,0.10392212722427112,0.4839047648799515,0.0951514757618287,0.3474573347647639,0.009080676316156952,0.14488626200923316,0.25403973646222866,0.16535105511154508,0.301857614173336,0.41423704596608496,0.0,0.0,0.0,0.0,0.034905111969971966,0.08806390194704199,0.0,0.05158472076575841,0.37504104309593456,0.3918297566177901,0.0,0.22468286945907595,0.2348244947238316,0.07122543228746685,0.18178997879369432,0.28356195249255667,0.0
0.0,0.0,0.2265281629952728,0.0,0.14817917637104358,0.5449999756095912,0.2912184342084378,0.012960070814052448,0.7215581604275748,0.5919243511290226,0.06889959468749017,0.4163319961706422,0.20295314586004135,0.0,0.0,0.0,0.44065057775250427,0.0,0.35344309306865124,0.9056683216463496,0.8976902921988585,0.7172395008504455,0.45006915480432136,0.0,0.0,0.0,0.7798468559689561,0.5782811243347077,0.8540462504011842,0.5945096443520403,0.11676850617268018,0.20942729547923547,0.0,0.0,0.0,0.0,0.0,0.048598343196702545,0.02239500420696676,0.0,0.5854695905490616,0.5577330022878528,0.0,0.0,0.16274973235757592,0.2306260581708672,0.5957364234645905,0.15307238712687596,0.0,0.21991863348857119,0.0,0.4796964042194358,0.03239858447670469,0.29204346533291764,0.44409776096029174,0.0,0.25709795578268685,0.0,0.0,0.2648617956236894,0.7999676856808497,0.5443725401543453,0.5545943505517158,0.0,0.0,0.7243539306458665,0.0,0.17859860407579387,0.0,0.6763403626452646,0.5291560522781305,0.0,0.16995646681057242,0.0,0.0,0.7438741791369632
0.8607816163424252,0.4919598467219229,0.038190590185995715,0.281119514805904,0.18894930024337234,0.0,0.0,0.0,0.0,0.0,0.1588817390940917,0.0,0.0,0.13118147079675638,0.0,0.0,0.1974732416432227,0.8343747354767389,0.0,0.0,0.0,0.050219144968070346,0.0,0.3679566917555423,0.7670600480658066,0.48938608508181375,0.0,0.0,0.0,0.0,0.5773218377701966,0.31940109869579786,0.6111134023001573,0.7832959612562879,0.27520124416975034,0.3035699782570467,0.0,0.0,0.33757258893780107,0.1383937403004185,0.0,0.0,0.0,0.3542137845586188,0.0,0.28022181973874805,0.0,0.0,0.36847995839270903,0.016644111735270604,0.031967581807527214,0.0,0.0,0.0,0.0,0.0,0.0,0.0,0.0,0.23000400392241474,0.0,0.0,0.0,0.0,0.5835520522607822,0.0,0.5066863148463955,0.0,0.0756910945037193,0.0,0.0,0.4907952393087182,0.23630579376594188,0.5637813351431271,0.5983075868479173,0.0
0.0,0.0,0.27919894030859743,0.0,0.56053151293418,0.4284030218438441,0.6847011954780917,0.12616403826355352,0.47767010942154925,0.7025196938560639,0.11317322047910265,0.5292155748351516,0.5521110820852146,0.0,0.44065057775250427,0.1974732416432227,0.0,0.4297137395093165,0.00555626514413111,0.5162504496143089,0.4792864010806585,0.5323155252767175,0.09992179379009011,0.0,0.0,0.2766903246473968,0.43432410842853725,0.696104146813843,0.571723713213651,0.09579308989923944,0.42196834163651387,0.5341606269411832,0.0,0.0,0.0,0.0,0.0,0.17025803939889544,0.44946395898661967,0.0,0.494546110810113,0.2730879317092366,0.0,0.0,0.09512856113730755,0.22111266405100174,0.44063297687957603,0.0,0.0,0.3900556410863274,0.0,0.3956315313929471,0.0,0.2369118410085786,0.633766791960599,0.0,0.40897753997448444,0.2906018204922982,0.08712806121804186,0.0,0.37677752689716376,0.6355242285933633,0.3780460650404893,0.0,0.0,0.37262255765622726,0.0,0.0,0.0,0.3475540514144917,0.4924600471985791,0.0,0.5247706465104822,0.0,0.0,0.24210945060764966
0.6154765708822567,0.43636046954969904,0.17841847098919927,0.18078058617695275,0.32622303305,0.0,0.3567868232834988,0.0,0.0,0.04402043984939705,0.058739737781359914,0.0,0.3490494024328554,0.17569853566409044,0.0,0.8343747354767389,0.4297137395093165,0.0,0.0,0.0,0.0,0.1258475470230194,0.0,0.26275691142757085,0.6708086133869964,0.568226931449871,0.0,0.12448103299235978,0.0,0.0,0.5700540451032718,0.5532281364049435,0.3425172011202895,0.6380761376705212,0.06036487548368514,0.16977768264309667,0.0,0.056780604462211705,0.5385656730749119,0.0,0.1338208828203847,0.0,0.0,0.11183272123518008,0.0,0.17445143532133084,0.0,0.0,0.2811558614445683,0.131150001801792,0.14231455999418433,0.0,0.0,0.0,0.06109948944873061,0.0,0.0,0.17085682002783784,0.0,0.0,0.0,0.0,0.0,0.0,0.2785744644630557,0.0,0.2339862372154815,0.0,0.024597994130094825,0.0,0.0,0.2212003985289708,0.3442451525683562,0.35312190284690764,0.44185220140731346,0.0
0.0,0.0,0.4337256277579428,0.0,0.1611356051195811,0.3105278793021632,0.03491549446741235,0.17884935064472257,0.5374937563418404,0.2592998038650671,0.5015947429471341,0.281753035223498,0.07190859724079147,0.0,0.35344309306865124,0.0,0.00555626514413111,0.0,0.0,0.4708929006402197,0.26995659042218545,0.3676086060766481,0.4568828122212938,0.0,0.0,0.0,0.4968437939654831,0.23149123200394742,0.2744418303995274,0.2926142775303437,0.0,0.0,0.0,0.0,0.0,0.0,0.2393724534177206,0.0,0.0,0.0,0.10468000301534847,0.0,0.16312868059848146,0.0,0.1577207946618595,0.0,0.2499276048440008,0.6082549251053878,0.0,0.22170909260764307,0.0,0.26366232006335,0.14886615933754702,0.5427188169604696,0.04923805779582467,0.4706670343044597,0.22433336002297996,0.0,0.09551102144352436,0.030822401303912207,0.2394762790394033,0.19174016143918093,0.141123393212418,0.5631093058983326,0.0,0.1565739394346518,0.0,0.2431369468288358,0.0,0.2057134401883569,0.20569514714621956,0.0,0.047853596662995844,0.0,0.0,0.27184225960990954
0.0,0.0,0.256121529449965,0.0,0.20921737446891364,0.6764182233460826,0.4082144643807011,0.12741658868042605,0.7507222305798341,0.7195476822381043,0.05391525498225478,0.5885746159024569,0.331026481792583,0.0,0.9056683216463496,0.0,0.5162504496143089,0.0,0.4708929006402197,0.0,0.8817133909593212,0.7660168924430008,0.5796637767165257,0.0,0.0,0.0,0.9376154665463993,0.6727661497441475,0.945066903144432,0.6329982420387217,0.0,0.18068357657599624,0.0,0.0,0.0,0.0,0.12226571048254427,0.06279982772481658,0.0,0.0,0.5242176501530068,0.30935051243910233,0.053392128347077385,0.0,0.22229079052686587,0.08746148508452616,0.7901748785964744,0.2955121408867401,0.0,0.32287542398191726,0.0,0.6631214029614779,0.17165714360253118,0.3957227718282564,0.5339151903101773,0.0,0.43229431271859897,0.07867830140965075,0.0,0.07850499951446616,0.8395951486791572,0.690716542006842,0.6158146566011358,0.0,0.0,0.6847482949610377,0.0,0.27290993384568457,0.0,0.7632249606159255,0.6597832695848875,0.0,0.20523463318229815,0.0,0.0,0.6969675391971465
0.0,0.0,0.24940420286971066,0.0,0.2110550974712324,0.5317919235425677,0.3882546445890921,0.05701025449674019,0.6988367685347283,0.6812782300411088,0.06796617573612479,0.42675478047830556,0.22501041405699906,0.0,0.8976902921988585,0.0,0.4792864010806585,0.0,0.26995659042218545,0.8817133909593212,0.0,0.6009905931780103,0.468336455862944,0.0,0.0,0.0,0.7689105685255954,0.5759095186131928,0.8937713793526804,0.6146043338972162,0.15880975646524823,0.14668966145569076,0.0,0.0,0.0,0.0,0.0,0.12430044989591243,0.03407104097496626,0.0,0.550711282519364,0.3745126145765013,0.0,0.0,0.11171134729936864,0.3363361124669115,0.5794490806349244,0.17965056395542392,0.0,0.28193558629316046,0.0,0.571054126362257,0.11443863178394371,0.24640228748443516,0.576932725828116,0.0,0.3187455136971713,0.003365745770799626,0.0,0.2140423046744087,0.8664248676681936,0.5840026880510195,0.6773991734506276,0.0,0.0,0.8336364978971186,0.0,0.2545837245938894,0.0,0.7515984693987682,0.6093519208410336,0.0,0.15182524803636094,0.0,0.0,0.6942667670543944
0.05989352064520216,0.0,0.3601812081918879,0.0,0.3625247751613601,0.3891302389762447,0.40237513048548246,0.0,0.6322135661008875,0.6042818312309256,0.19601691605491595,0.42115723192991356,0.27397750286548717,0.0,0.7172395008504455,0.050219144968070346,0.5323155252767175,0.1258475470230194,0.3676086060766481,0.7660168924430008,0.6009905931780103,0.0,0.3253478519762266,0.0,0.0,0.11718031795905993,0.6644050331688335,0.5177516675383297,0.5187020747898856,0.3217725941913097,0.3179166283819558,0.4168584612026727,0.0,0.0,0.0,0.0,0.04121582292171436,0.0,0.24841333532051582,0.0,0.4467723475982351,0.18364910041776009,0.0,0.0,0.12900633541203593,0.33605745049523345,0.5185267646725957,0.18848287516259415,0.0,0.30395673500411613,0.0,0.32124647886327795,0.0,0.39260850537383946,0.350196529313364,0.05107432024089558,0.2364822543024181,0.0,0.0,0.28088126568780564,0.45028866008988244,0.38362747940103054,0.23666617406899337,0.0,0.0,0.5024670612292258,0.18761798318520354,0.05072832897904807,0.0,0.4296470952383894,0.4891595201518723,0.0,0.2925399130966545,0.0,0.0,0.6052185732060382
0.0,0.0,0.5008565906639414,0.0,0.16689830306572417,0.820159194292445,0.32938592852714843,0.7426879363947672,0.3350512187526813,0.5442632947353617,0.07568932327621673,0.6661472783672957,0.5043055322874128,0.19476119337322584,0.45006915480432136,0.0,0.09992179379009011,0.0,0.4568828122212938,0.5796637767165257,0.468336455862944,0.3253478519762266,0.0,0.0,0.0,0.1300866913482297,0.7844963818036658,0.4036650005771912,0.6073204220978883,0.44713998701027524,0.0,0.08696757442743072,0.0,0.0,0.0,0.0,0.2777897139085096,0.023424020057287154,0.03869182638126185,0.0,0.10521769615991468,0.1487974337341564,0.30868217266804004,0.0,0.11658719344402481,0.0,0.7044812751008064,0.7103855212209673,0.0,0.16964789816688505,0.33183406398305887,0.5751479753737195,0.754427876191371,0.2749411042320752,0.38803166529884897,0.2810086044516341,0.6325026689349427,0.4463469755160654,0.3902093654120184,0.0,0.38309674406829325,0.4894217843815561,0.24780658073409723,0.11550408422058037,0.0,0.3037788132136805,0.0,0.7966893203879851,0.0327971856649486,0.5721867473027857,0.6970516085836178,0.0,0.07960969915948463,0.0,0.0,0.11977077473361261
0.5789976349786756,0.387172991849514,0.14301043808639752,0.4138296132281133,0.028695033124798926,0.0,0.0,0.3348651773095928,0.0,0.0,0.02630059339228178,0.07229422628500012,0.050798723426229375,0.3408531164640694,0.0,0.3679566917555423,0.0,0.26275691142757085,0.0,0.0,0.0,0.0,0.0,0.0,0.4999202715666857,0.5784347724687878,0.0,0.0,0.0,0.0,0.2477522205761676,0.0662938827236397,0.5434805469783395,0.5294938608860129,0.1783747582611666,0.3565374481453757,0.00508178254962974,0.11976718559736312,0.20388533361772077,0.3516451486291807,0.0,0.0,0.2077754308573803,0.2542981343302567,0.0,0.4082897893878794,0.0,0.02263345156625811,0.23178731404135505,0.0,0.39106870569257024,0.0,0.1830171370558505,0.0,0.0,0.12761304929476064,0.17445865965621904,0.15002429631652792,0.12623497562687602,0.0,0.0,0.0,0.0,0.030913773077622577,0.30828908981378145,0.0,0.2787714297444508,0.07412172413152315,0.7246907125721891,0.0,0.07271862670578846,0.37067526709887266,0.16359607849640362,0.3819017188400745,0.47578846836943095,0.0
0.8503751353077986,0.7514012372944161,0.07540001241673795,0.4619907188286911,0.06845376911489,0.0,0.0,0.0,0.0,0.0,0.13170863363536428,0.0,0.0,0.4008843748389693,0.0,0.7670600480658066,0.0,0.6708086133869964,0.0,0.0,0.0,0.0,0.0,0.4999202715666857,0.0,0.5431924920310861,0.0,0.0,0.0,0.0,0.3467980375507742,0.13062560237369977,0.76516679999348,0.7585591173424048,0.4779307137303108,0.42812678385757924,0.0,0.0,0.2297052209643034,0.42779151879839195,0.0,0.0,0.0,0.3336860973498725,0.0,0.1839808048809114,0.0,0.0,0.2776036974252871,0.0,0.4017838599551913,0.0,0.0,0.0,0.0,0.23672270895768166,0.0,0.0,0.0,0.11802263561958241,0.0,0.0,0.0,0.14849029760328375,0.6594727451257457,0.0,0.566663188718964,0.0,0.24381866683567416,0.0,0.0,0.7530465041186284,0.0,0.7320274283657487,0.7025631288312911,0.0
0.5667087258926768,0.6124181750895122,0.441500755748885,0.41814904350330323,0.23532026057714256,0.30615856500232114,0.2345877926827731,0.48598875673148945,0.0,0.1939354300795461,0.112542766792979,0.38600044109068543,0.5772409687499549,0.33354700272838494,0.0,0.48938608508181375,0.2766903246473968,0.568226931449871,0.0,0.0,0.0,0.11718031795905993,0.1300866913482297,0.5784347724687878,0.5431924920310861,0.0,0.0,0.21535499303353894,0.0,0.0,0.06254582377701973,0.33494783703682773,0.3733513669630881,0.4449897500738134,0.0,0.4275314771094618,0.11819686511619586,0.0,0.28104194277149136,0.1752838000687535,0.0,0.0,0.15860588175582224,0.07248040300478817,0.0,0.03800564568947581,0.14011864065624088,0.187923062587149,0.09656305784411431,0.0,0.3769808976888188,0.0,0.11516049135465896,0.1880426342188927,0.0,0.23835294213139988,0.35929414198540277,0.29729107191060733,0.15439364720364293,0.0,0.0,0.0,0.0,0.07207514657004797,0.0,0.0,0.0,0.0,0.1649531749510459,0.0,0.25604833512263503,0.16208585627814878,0.15768981531920326,0.0,0.3474659575989912,0.0
0.0,0.0,0.4035777290822523,0.0,0.2123025759327113,0.8186237136704098,0.48055128705353983,0.32750065636773823,0.6797700393994948,0.7227343305339026,0.11078430378284568,0.6953340751417536,0.4688857646617085,0.0,0.7798468559689561,0.0,0.43432410842853725,0.0,0.4968437939654831,0.9376154665463993,0.7689105685255954,0.6644050331688335,0.7844963818036658,0.0,0.0,0.0,0.0,0.6093363878513455,0.9081730372727322,0.5250379537068289,0.0,0.22631178009471795,0.0,0.0,0.0,0.0,0.15206470999168126,0.03543019941618009,0.049817564117517955,0.0,0.4717367105942511,0.4085602603910078,0.10030540130848406,0.0,0.20551895386217012,0.013108128736418236,0.8409763082731803,0.47705910985113165,0.0,0.318191369212767,0.0,0.7101652238477271,0.32231429460758015,0.4124544954694528,0.5207084603580661,0.07481559426874154,0.524045955491498,0.2439177527366412,0.15089908729403909,0.0,0.7000852329137578,0.6917800662834429,0.5094818398541345,0.0,0.0,0.567314280255294,0.0,0.4437393751749878,0.0,0.788352260825274,0.7017570549651414,0.0,0.1328787891588027,0.0,0.0,0.5277116649744146
0.0,0.0,0.33655546961746435,0.0,0.40942756709881617,0.7224111226560411,0.5132510190423791,0.29807184062347414,0.6484897367900837,0.6175684616159984,0.0,0.6769703412702175,0.7150677616512447,0.0,0.5782811243347077,0.0,0.696104146813843,0.12448103299235978,0.23149123200394742,0.6727661497441475,0.5759095186131928,0.5177516675383297,0.4036650005771912,0.0,0.0,0.21535499303353894,0.6093363878513455,0.0,0.6864957746105824,0.2958863565947362,0.0869990982240517,0.35690987039567684,0.0,0.0,0.0,0.06351780217179062,0.21474171344142223,0.12028372120141399,0.21019774804127092,0.0,0.3895542819827148,0.16661090609288312,0.17702363996807854,0.0,0.06917435626521995,0.0,0.7039402207111713,0.17212284613305473,0.02180677125513318,0.40129493728087445,0.0,0.4717337750107894,0.20041495483051658,0.39387222256262705,0.5338975574951896,0.0,0.5700104125296906,0.41456957065527755,0.23105127376813753,0.0,0.45035535178119335,0.7105331402692514,0.39567143320940146,0.0,0.0,0.32465744165788957,0.0,0.08260626154315445,0.0,0.4129155002267848,0.606336707101992,0.0,0.5437476724838763,0.0,0.0,0.25536559771267875
0.0,0.0,0.22107131916771947,0.0,0.19627449391242394,0.7561745140230687,0.5350499959146504,0.21123130774567048,0.6443509153201498,0.7687720392230268,0.0,0.624992894608048,0.4887004431461671,0.0,0.8540462504011842,0.0,0.571723713213651,0.0,0.2744418303995274,0.945066903144432,0.8937713793526804,0.5187020747898856,0.6073204220978883,0.0,0.0,0.0,0.9081730372727322,0.6864957746105824,0.0,0.6017151773323021,0.0,0.1891836643795159,0.0,0.0,0.0,0.0,0.004747614581046074,0.11937151261481366,0.01392756185950718,0.0,0.5367465390813556,0.3868813676483737,0.03319248450801302,0.0,0.18592445588599735,0.013540880402632946,0.7950660246412891,0.2824007063240198,0.0,0.3178743483357975,0.0,0.7425477858361833,0.2501484027375405,0.28046585239340044,0.6513087690162038,0.0,0.4754302381173778,0.311329801286839,0.12660653251333598,0.0,0.8796026829967099,0.7920601040929756,0.7229977052269401,0.0,0.0,0.651369361948873,0.0,0.28628039808723676,0.0,0.8512291762297388,0.6924054214812891,0.0,0.1728685367871022,0.0,0.0,0.5570812209453982
0.0,0.0,0.0,0.0,0.0,0.3348424148426423,0.1716754724199102,0.10163373142666367,0.34057947646120834,0.4264736123372507,0.0,0.2964401731141468,0.06306586204308756,0.0,0.5945096443520403,0.0,0.09579308989923944,0.0,0.2926142775303437,0.6329982420387217,0.6146043338972162,0.3217725941913097,0.44713998701027524,0.0,0.0,0.0,0.5250379537068289,0.2958863565947362,0.6017151773323021,0.0,0.0,0.0,0.0,0.0,0.0,0.0,0.10701722351490682,0.09560645058809983,0.0,0.0,0.21989004574856774,0.24005648013332645,0.17460948315807295,0.0,0.1815779617412927,0.11525308077760393,0.49417370402790284,0.25645335445963824,0.0,0.18140292695114532,0.0,0.5051420257020266,0.24740095124403905,0.0785985639589692,0.3953042748891824,0.0,0.2865817936777711,0.13491763651079586,0.0678067548539248,0.2309734983561688,0.695510415057092,0.4256353958487549,0.584335355018806,0.010578448891911334,0.0,0.5434087138057806,0.0,0.3611451273775713,0.0,0.629341678494265,0.43546214500008373,0.0,0.14457497358195914,0.0,0.0,0.5314795093404878
0.5253756598637839,0.0,0.1529021682440686,0.03339886840250132,0.4170808725463223,0.0,0.2887924482933019,0.0,0.15637912128376485,0.18544420214846855,0.1523985439155671,0.0,0.0,0.22700056261081877,0.11676850617268018,0.5773218377701966,0.42196834163651387,0.5700540451032718,0.0,0.0,0.15880975646524823,0.3179166283819558,0.0,0.2477522205761676,0.3467980375507742,0.06254582377701973,0.0,0.0869990982240517,0.0,0.0,0.0,0.49232423680917625,0.21703857475991875,0.6338326222100207,0.025855146855824216,0.10867931592677604,0.0,0.2972900803962737,0.5851127407905973,0.0,0.39149405430630374,0.11150482764679,0.0,0.15272821134061024,0.0,0.6948280215060676,0.0,0.0,0.3851572515091634,0.2504993097159902,0.0,0.0,0.0,0.0,0.26268969088119076,0.0,0.0,0.0,0.0,0.4934151763770891,0.012985511396831852,0.0,0.0,0.0,0.31811562901170726,0.43989193625388967,0.3917841297749071,0.0,0.25586158350023175,0.0,0.09271389131598977,0.0,0.3863203624638635,0.3253524276278701,0.299366066175721,0.31711530393031495
0.21707234156662691,0.0,0.31450751395404036,0.0,0.5258602372428933,0.2782040593716411,0.529635953169905,0.162599029847251,0.252048641252049,0.4523010005021725,0.11506689951427097,0.29185468655871716,0.4051757068720723,0.25202023274153285,0.20942729547923547,0.31940109869579786,0.5341606269411832,0.5532281364049435,0.0,0.18068357657599624,0.14668966145569076,0.4168584612026727,0.08696757442743072,0.0662938827236397,0.13062560237369977,0.33494783703682773,0.22631178009471795,0.35690987039567684,0.1891836643795159,0.0,0.49232423680917625,0.0,0.0,0.16337500856323206,0.0,0.0,0.0,0.11887111335033983,0.7162648186428611,0.0,0.48645719728175585,0.20322407159066008,0.0,0.0,0.1630333734994302,0.2833040131611008,0.2586202925779448,0.0,0.11476109407255292,0.3808815436138923,0.042795044074637016,0.30628962399201515,0.03980106005289944,0.16275145096402183,0.4141750311011423,0.0,0.2623805368556821,0.3073286857475196,0.1795843058334949,0.0391338041343285,0.05616198541425434,0.31025781448691153,0.04872040728237685,0.0,0.0,0.23780738313135846,0.0,0.026105753103314415,0.02734979418924645,0.20171501374632708,0.40355237678336725,0.0,0.406111637649455,0.0,0.15434083985548305,0.15660375518475453
0.7715184246991983,0.6615845622320963,0.0,0.4002372265164962,0.0,0.0,0.0,0.0,0.0,0.0,0.08197161205362588,0.0,0.0,0.2567824613702467,0.0,0.6111134023001573,0.0,0.3425172011202895,0.0,0.0,0.0,0.0,0.0,0.5434805469783395,0.76516679999348,0.3733513669630881,0.0,0.0,0.0,0.0,0.21703857475991875,0.0,0.0,0.7146259535512222,0.5309098399165603,0.35069959006150575,0.0,0.0,0.06616583440914571,0.6833176095667559,0.0,0.0,0.01649146337562704,0.3860761430375724,0.0,0.16169081710672994,0.0,0.0,0.30766623569838464,0.0,0.35837777638985735,0.0,0.0,0.0,0.0,0.09679207801483487,0.0,0.0,0.0,0.14487217802951843,0.0,0.0,0.0,0.1857755243989977,0.7415308048679075,0.0,0.5542546987573804,0.0,0.3848032825096578,0.0,0.0,0.7709590754337954,0.0,0.7109656221159523,0.7437887131928431,0.0
0.8365458925303426,0.43916490453105583,0.05844123661632073,0.3011380334652055,0.23831596589154994,0.0,0.02496050790664978,0.0,0.0,0.0,0.1285961330481512,0.0,0.0,0.33116220163458887,0.0,0.7832959612562879,0.0,0.6380761376705212,0.0,0.0,0.0,0.0,0.0,0.5294938608860129,0.7585591173424048,0.4449897500738134,0.0,0.0,0.0,0.0,0.6338326222100207,0.16337500856323206,0.7146259535512222,0.0,0.3157806919158515,0.35855570219177496,0.0,0.19666301254987717,0.37660049214572117,0.31256729146737317,0.04444903019504517,0.0,0.0,0.33852090228969167,0.0,0.445241395495968,0.0,0.0,0.4738427918127537,0.053146781092560054,0.22626203416582893,0.0,0.0,0.0,0.0,0.0,0.0,0.0,0.0,0.2485669577779634,0.0,0.0,0.0,0.0,0.6397551463905317,0.0,0.4986113861711939,0.0,0.42400173496717347,0.0,0.0,0.5639298133003724,0.23462729916355032,0.5813231688932725,0.6443392966533703,0.0
0.3216916759472618,0.5458925029000723,0.0,0.33047353128199514,0.0,0.0,0.0,0.0,0.0,0.0,0.0,0.0,0.0,0.01717794794044324,0.0,0.27520124416975034,0.0,0.06036487548368514,0.0,0.0,0.0,0.0,0.0,0.1783747582611666,0.4779307137303108,0.0,0.0,0.0,0.0,0.0,0.025855146855824216,0.0,0.5309098399165603,0.3157806919158515,0.0,0.0,0.0,0.0,0.0,0.4729420916922072,0.0,0.0,0.0,0.19901828944824695,0.0,0.0,0.0,0.0,0.2183812835657892,0.0,0.2327055621999315,0.0,0.0,0.0,0.0,0.12115955956508068,0.0,0.0,0.0,0.23298564841631647,0.0,0.0,0.0,0.09886089804647297,0.4368640295177328,0.0,0.36221812843031076,0.0,0.14596127543054055,0.0,0.0,0.5342751954069139,0.0,0.46037091671772784,0.4347076049048567,0.0
0.42888239523450516,0.36726695263641956,0.17266286865031938,0.33857199591885995,0.18174293160412208,0.0,0.060257945730692104,0.13588469927025193,0.0,0.0,0.10602357538302837,0.07333519407483413,0.1195702560820887,0.3413193054170849,0.0,0.3035699782570467,0.0,0.16977768264309667,0.0,0.0,0.0,0.0,0.0,0.3565374481453757,0.42812678385757924,0.4275314771094618,0.0,0.06351780217179062,0.0,0.0,0.10867931592677604,0.0,0.35069959006150575,0.35855570219177496,0.0,0.0,0.26393839948606346,0.0,0.09658100217435125,0.12354665743096302,0.0,0.0,0.36760850560304464,0.33999771090169095,0.0,0.12131923390385563,0.0,0.04425196859595405,0.15227765027619547,0.03270104232274407,0.29545281682943714,0.0,0.10998946100524706,0.08559193023719364,0.0,0.06450312943577402,0.19635534438311356,0.1397831760197537,0.15699830930618716,0.0,0.0,0.0,0.0,0.12663146412196452,0.12635443856290218,0.0,0.0474257818703552,0.047480805838342334,0.36290607738803854,0.0,0.020769833745062697,0.22410889325832545,0.13745243590616338,0.16551053754257877,0.254803438884271,0.0
0.0,0.15699655382026936,0.0,0.22367510712532937,0.08767296258743591,0.21118394044157401,0.0850354548568346,0.1732777461210483,0.0821848283496398,0.061335458018799305,0.0,0.22854276264246637,0.24151532381653593,0.03329525560752783,0.0,0.0,0.0,0.0,0.2393724534177206,0.12226571048254427,0.0,0.04121582292171436,0.2777897139085096,0.00508178254962974,0.0,0.11819686511619586,0.15206470999168126,0.21474171344142223,0.004747614581046074,0.10701722351490682,0.0,0.0,0.0,0.0,0.0,0.26393839948606346,0.0,0.0,0.0,0.0,0.0,0.0,0.3147747289651255,0.17665660861810803,0.0,0.0,0.1666508091896206,0.18343214405920816,0.0,0.2916617439691078,0.28339297107162625,0.1940302787148321,0.2151326100127951,0.19579084606415864,0.0,0.08173404975825424,0.183448470769292,0.2234693567939689,0.30179983013202755,0.0,0.0,0.048810716249402,0.0,0.23767807974873764,0.0,0.0,0.0,0.2668162959805797,0.0,0.0,0.0717658480399161,0.10773337232291975,0.1702920461749318,0.0,0.03055994480079267,0.0
0.0,0.0,0.06722948583994533,0.0,0.10918332521547228,0.048448896208398116,0.1112585936226119,0.025258007386175976,0.1117584500629622,0.11167855596406633,0.0,0.0,0.0,0.1735966098536333,0.048598343196702545,0.0,0.17025803939889544,0.056780604462211705,0.0,0.06279982772481658,0.12430044989591243,0.0,0.023424020057287154,0.11976718559736312,0.0,0.0,0.03543019941618009,0.12028372120141399,0.11937151261481366,0.09560645058809983,0.2972900803962737,0.11887111335033983,0.0,0.19666301254987717,0.0,0.0,0.0,0.0,0.31199338046042596,0.0,0.2255381769819048,0.08034246539924894,0.06277156901702892,0.0,0.0,0.16875444482926968,0.1270483899000832,0.0,0.053107863184118996,0.06838305543749511,0.027497841197084764,0.16891295568055842,0.2340180445300799,0.0,0.2802777934751794,0.0,0.06188429763792834,0.14762792019893245,0.18972941170149094,0.0,0.17141900189341927,0.0776495738704393,0.12349090573075312,0.0,0.0,0.2571269590937604,0.0,0.10956593190841872,0.2551033739022898,0.21058353506739472,0.20940520358412493,0.0,0.20251354198523724,0.0,0.08163165094529774,0.12303486341027825
0.3172849811367853,0.0,0.3669332376967806,0.0,0.568132388498744,0.10706553075911235,0.4371079568158724,0.1508879258785292,0.09705915553273957,0.3005999219698031,0.16448519978792997,0.11629073420730643,0.22302682311999034,0.38369581867043234,0.02239500420696676,0.33757258893780107,0.44946395898661967,0.5385656730749119,0.0,0.0,0.03407104097496626,0.24841333532051582,0.03869182638126185,0.20388533361772077,0.2297052209643034,0.28104194277149136,0.049817564117517955,0.21019774804127092,0.01392756185950718,0.0,0.5851127407905973,0.7162648186428611,0.06616583440914571,0.37660049214572117,0.0,0.09658100217435125,0.0,0.31199338046042596,0.0,0.041940617037990825,0.4635739260139286,0.12237922807966595,0.13649837056672032,0.0,0.033580912019728085,0.44455301444643264,0.19287170361060074,0.0,0.137025231127319,0.29393241478947624,0.2282099825504431,0.2041297306195583,0.1713963227403493,0.0,0.4208157390554415,0.0,0.23817632390342097,0.3548062453221088,0.2726665578941891,0.0637483524229388,0.039937842621992396,0.17485081013066064,0.0,0.0,0.0,0.24598076886738068,0.037295753704111194,0.1614199855325646,0.31646395971587765,0.18621354381301028,0.42531375684645445,0.0,0.500124444055246,0.10283664910558983,0.2781117200629249,0.09981976746773087
