0.0,0.0,0.13938666448121512,0.0,0.0,0.2577149287882101,0.0,0.1251223601518997,0.14363072147208178,0.0,0.14065402280070563,0.0,0.0,0.12464175660046524,0.06588164473046443,0.3984348592292339,0.0,0.15149422517184108,0.17109107605874418,0.06520020389588067,0.0,0.046132702808562825,0.41795218059231615,0.34059319931676846,0.06999544710664368,0.09822247060854443,0.2271814573007386,0.0,0.2586644402713464,0.0,0.03756695944147895,0.2607213200865338,0.0,0.26444620682737113,0.13795576874338386,0.0,0.0,0.310667350461083,0.29535365627109994,0.07252040564966034,0.21551469453844216,0.05585300924949863,0.18531274598437122,0.30730824277279073,0.2213320057965104,0.46209921984747543,0.2628803316705532,0.2672457273172024,0.0,0.0,0.35253404464205945,0.0,0.0470444519502517,0.0,0.0,0.0,0.0,0.2300024381659466,0.036979313001243526,0.11811688006252678,0.40883920785023936,0.0,0.0,0.14686036087658352,0.21699279202319005,0.0,0.36782715226681495,0.45506199219770954,0.33755317448445243,0.24008602299150264,0.28093633373258003,0.3854018938928979,0.16824196031080682,0.4293196163740597,0.35291824359346924,0.4383581461149519
0.0,0.0,0.0,0.0,0.02136016417204254,0.35451167113714205,0.3244902429213507,0.30098480708023784,0.11042297882874268,0.4077204036491362,0.06192326595783615,0.057449029419196475,0.4350079156966119,0.0,0.44296709784944516,0.1350352119781901,0.3978973470212642,0.21637193349720626,0.0,0.34719913086196136,0.4741735006857572,0.5057809015247252,0.0633098633571602,0.0,0.5811524560079832,0.47263240481528085,0.21674407274284352,0.18937654014510066,0.28695129813211695,0.3342206063352142,0.42978838079405335,0.0,0.11144662395948285,0.0,0.0,0.12800244288606005,0.07710716282815402,0.0,0.0,0.0,0.0,0.0,0.0,0.0,0.0,0.0,0.0,0.0,0.15788405080798054,0.1426905232648019,0.0,0.1756835091803915,0.37086298052102923,0.08974313116568375,0.0,0.13241707922956203,0.05543510240198271,0.0,0.03712683747359257,0.36487885794895886,0.0,0.16705039036787164,0.21821795403015976,0.0,0.027827092945986207,0.4959589929834391,0.0,0.0,0.0,0.0,0.0,0.04759496733993113,0.0,0.0,0.0,0.0
0.13938666448121512,0.0,0.0,0.0,0.5388320969296674,0.1978189743891054,0.0,0.1414462940692539,0.5459024789969396,0.0,0.6096744508982611,0.010607135387919828,0.040833668549327226,0.06350975677562064,0.25343915899561015,0.12460942478333438,0.0,0.08479208599280512,0.6146560994136425,0.44218505879712605,0.0,0.21573042997809624,0.23821254893131055,0.011109847444175001,0.0,0.0,0.43009414183482,0.3274946547979679,0.2927432145329908,0.26900881619915945,0.0,0.0,0.0,0.0,0.0,0.0,0.0,0.020926619613854114,0.0,0.0,0.0,0.0,0.0,0.026313569914827497,0.0,0.051383778885647886,0.0,0.6105049893729082,0.0,0.28602023090927775,0.32977818252442526,0.0,0.035713139590402045,0.5624390890769215,0.0,0.469403578925642,0.0,0.08274390741929252,0.241511786162688,0.20715883492137951,0.02559352471739977,0.0,0.0,0.6125711240358062,0.534381309883819,0.0,0.34971597038663316,0.24470032466727798,0.0,0.0,0.0,0.37737301517363914,0.2481445464477019,0.2197989537080136,0.2654608109175308,0.08090156888493057
0.0,0.0,0.0,0.0,0.0,0.0,0.17956845955577241,0.0,0.0,0.05585161995092831,0.0,0.03699349984531173,0.17990703997087423,0.19935774068398487,0.0,0.038895061866038735,0.16904110393442973,0.13334994945556142,0.0,0.0,0.0,0.0,0.0,0.16919574767005816,0.0,0.0965717473396639,0.0,0.0969330772201829,0.0,0.0,0.14236220701054306,0.18664650444973938,0.29718914069450375,0.17077804659864748,0.16842373256889256,0.17408091278764576,0.1428906193813533,0.1305602409455211,0.17574396636147926,0.258828067104123,0.22502710006213306,0.19347470880015885,0.1691665311762057,0.11386909744427798,0.12010846835641442,0.12363874377696053,0.22204486970243104,0.0,0.18050204796078353,0.05629494662030551,0.05698613037582057,0.16882633819302698,0.08968844775143954,0.0,0.1899436144428166,0.0,0.11376143453202935,0.21428739231590124,0.1101976190115585,0.0,0.10592205480024267,0.2699356637771842,0.23913432432083,0.0,0.0,0.0,0.0,0.05812709582906663,0.1703837725744742,0.22791654659515212,0.26943666581978887,0.0,0.12551979509207234,0.047656894631104126,0.0,0.16206957744644312
0.0,0.02136016417204254,0.5388320969296674,0.0,0.0,0.15325440679584287,0.26588858579264685,0.08144398728007882,0.5215129936579906,0.07779289932522958,0.5043450462509874,0.0,0.22142196118070356,0.1002567574797853,0.2269669667559262,0.0379727383044417,0.02898803089923807,0.04801739162330861,0.48620648106293896,0.45739851521752495,0.02187801440620982,0.3010851942270178,0.08791976741847506,0.0,0.0,0.0,0.42080640428480665,0.4315596043410056,0.3043444417140566,0.2642093110151722,0.10474658304145039,0.0,0.0,0.0,0.0,0.14701129391652923,0.0,0.0,0.0,0.0,0.0,0.0,0.0,0.0,0.0,0.0,0.0,0.4538856022639029,0.0,0.43231490607194817,0.20830950816153418,0.12037599293248417,0.08628570409813394,0.5699162714314601,0.0,0.45607325021825224,0.0,0.0030671822186458283,0.24478632705914272,0.11584557517368282,0.0,0.0,0.0,0.4741936866402754,0.4077994017418416,0.021241208360313738,0.1797934496349261,0.09119204761687445,0.0,0.0,0.0,0.29479056601919884,0.18989423801104055,0.08444924454216338,0.11996133968785903,0.0
0.2577149287882101,0.35451167113714205,0.1978189743891054,0.0,0.15325440679584287,0.0,0.016136307119764548,0.281927057527976,0.2982426389665093,0.0,0.23866294398409973,0.04307894926108561,0.28542292418476467,0.10777458635300224,0.22342599217774153,0.2912671997870657,0.11425582382706227,0.2561416274076791,0.2441062535982526,0.26029976697688917,0.09203616332786309,0.3016707213840226,0.39250754073496724,0.17286767709636178,0.30470414276585656,0.2962611911143147,0.387613936685817,0.14618728708103118,0.4239137288739715,0.1621304098850966,0.13332164318927342,0.06605928999172042,0.0,0.08392821166489987,0.0,0.08341558865506064,0.0,0.16191154182756923,0.06972229887273744,0.0,0.0,0.0,0.0,0.0746473977176856,0.0903104441621096,0.10778234966037543,0.13112818704080514,0.1748881919509185,0.0,0.00022447884663358454,0.37579536399416175,0.0,0.22182497889385944,0.18422587235596993,0.0,0.12993426794893484,0.0,0.11738412672249261,0.06082900297193247,0.18239742774265238,0.2402723606489438,0.0,0.03972304731777534,0.20810550788022106,0.17423221411637793,0.10956937670220691,0.2294509444517575,0.3101835697884099,0.20259970901051005,0.09472100152998048,0.09149456742122289,0.3699597026980959,0.11555386651344404,0.21500505174751305,0.29573976112474337,0.10978104912791763
0.0,0.3244902429213507,0.0,0.17956845955577241,0.26588858579264685,0.016136307119764548,0.0,0.0,0.14490639092275323,0.5206819757073792,0.0,0.005088463911391943,0.48740418720405504,0.04726403923997598,0.1676890948646129,0.0,0.4668878660814401,0.061206765465005364,0.0,0.2911779696212364,0.29198226040248326,0.41473482083204877,0.0,0.0,0.25476174190683676,0.1730974880458859,0.1308805516597413,0.36899972084248317,0.18459796536996625,0.15546893107279414,0.4876218927490738,0.0,0.22110266162890693,0.0,0.0,0.3151251905926331,0.24230833106595515,0.0,0.0,0.0,0.0,0.0,0.0392853498928831,0.0,0.0,0.0,0.0,0.0,0.3018504750462354,0.3655192307036334,0.0,0.47139879466410833,0.24492496395804983,0.17703590995880358,0.24151779005428617,0.1587188483430496,0.07305763152841624,0.0,0.20514491627152492,0.0,0.0,0.2371024128233677,0.29078655270711595,0.0,0.0,0.3201245305934535,0.0,0.0,0.0,0.0,0.0,0.0,0.04626860368213765,0.0,0.0,0.0
0.1251223601518997,0.30098480708023784,0.1414462940692539,0.0,0.08144398728007882,0.281927057527976,0.0,0.0,0.1425699056143017,0.1847774984343624,0.18159594013086255,0.2266734777163802,0.19791817797762873,0.0,0.285421782631797,0.055816086399554474,0.06320876465013588,0.06193346853297612,0.11820944941272657,0.14716692672956055,0.39762632782669366,0.14809691148128257,0.3565589040016852,0.08102504288934562,0.2507226084038497,0.2907621604774244,0.09703018578662857,0.11957145509635787,0.10891825258301942,0.28773076178940854,0.11620664679157677,0.0,0.0,0.0,0.0,0.017681381044829386,0.05857257877114263,0.0,0.0,0.01775824348851875,0.0,0.0,0.0,0.0,0.0,0.0,0.0,0.16170737549659914,0.10295955260653032,0.059405118576400365,0.1570621171655547,0.015008559425931526,0.457952003117495,0.12446091701044538,0.0060987968767626305,0.11016227112363229,0.19274373875356887,0.0,0.009031477054518195,0.32651646297741177,0.0,0.05164690298508139,0.06868604234081559,0.12094268078461444,0.05203206969919774,0.3840475896580216,0.0,0.14897142662112378,0.030921922065967434,0.0,0.0,0.032420709410468575,0.002248329414372319,0.0,0.09470709325866872,0.0
0.14363072147208178,0.11042297882874268,0.5459024789969396,0.0,0.5215129936579906,0.2982426389665093,0.14490639092275323,0.1425699056143017,0.0,0.012199666334358483,0.5461029830266613,0.0,0.18506306217115698,0.0,0.34993371958430364,0.09066703594838212,0.06761427854729929,0.053860427288762586,0.5167111999126957,0.5241496717522179,0.04977492147504886,0.3746273682200079,0.1885881434786977,0.0,0.13518744755441703,0.0,0.5613879903227826,0.36303107289623426,0.4552313639949145,0.25447318651499207,0.16219488414361544,0.0,0.0,0.0,0.0,0.07540382878208275,0.0,0.0,0.0,0.0,0.0,0.0,0.0,0.0,0.0,0.02554175830361237,0.0,0.4994045768707575,0.0,0.2703667738968882,0.26199966881367104,-0.006003629240054209,0.12809560308588633,0.6161006790811503,0.0,0.49282871211137325,0.0,0.003886795224989879,0.2019542729190666,0.2572452019308847,0.0,0.0,0.0,0.493224132275766,0.4755386376335417,0.1087465586907601,0.2890691325528907,0.18970063184193617,0.0,0.0,0.0,0.46084499494763315,0.16689300606588947,0.22362621450797585,0.19939137399337428,0.016431765790337352
0.0,0.4077204036491362,0.0,0.05585161995092831,0.07779289932522958,0.0,0.5206819757073792,0.1847774984343624,0.012199666334358483,0.0,0.0,0.1960755076927439,0.40028833100169986,0.0,0.28414514175283223,0.0,0.41290372184159635,0.051102796519979184,0.0,0.22167408213323006,0.5064428185531035,0.3609317229728727,0.0,0.0,0.3851496314070394,0.3100748957968699,0.0,0.26075069200620543,0.04253752873638594,0.2150548237265993,0.45391128049603496,0.0,0.22086647664352252,0.0,0.0,0.23669084834139256,0.37930148116616674,0.0,0.0,0.006305934238152161,0.0,0.0,0.0,0.0,0.0,0.0,0.0,0.0,0.41882103530044634,0.25011159004711925,0.0,0.472622050378589,0.33065144380443007,0.10244681058195078,0.3469081617333026,0.10062801384742341,0.24424287522762225,0.0,0.08054470554637838,0.18136322632530075,0.0,0.29899574036105375,0.3256914287813134,0.0,0.0,0.5022278095525173,0.0,0.0,0.0,0.0,0.0,0.0,0.0,0.0,0.0,0.0
0.14065402280070563,0.06192326595783615,0.6096744508982611,0.0,0.5043450462509874,0.23866294398409973,0.0,0.18159594013086255,0.5461029830266613,0.0,0.0,0.0,0.08346442063198414,0.0,0.3129230129717548,0.11957963817263693,0.0,0.07351565975811411,0.5853558882500035,0.45820748143432544,0.0,0.25621173370820427,0.2277563672203507,0.0,0.06361503707922224,0.0,0.4672510494921333,0.2562137775006386,0.30640720255804627,0.2379838876747669,0.0,0.0,0.0,0.0,0.0,0.0,0.0,0.02018935853110968,0.0,0.0,0.0,0.0,0.0,0.0,0.0,0.012677839447019026,0.0,0.5726057988973706,0.0,0.2717558911036216,0.2875959214373924,0.0,0.08222064891438365,0.5412367342896393,0.0,0.5319095540370882,0.0,0.03975361224747913,0.2156058319558407,0.28148711202429516,0.004624498315754399,0.0,0.0,0.576120487649615,0.5197579076208094,0.0,0.3396900030745966,0.22930788797044013,0.0,0.0,0.0,0.41778257747604985,0.16496102174164365,0.17555054279300805,0.26330466353849447,0.0
0.0,0.057449029419196475,0.010607135387919828,0.03699349984531173,0.0,0.04307894926108561,0.005088463911391943,0.2266734777163802,0.0,0.1960755076927439,0.0,0.0,0.13773555139405025,0.0,0.09855520134467101,0.0,0.11901654588387989,0.1704163765444855,0.021412079731564098,0.0,0.11807507235999243,0.006061032246947522,0.017131810863122203,0.22398297417667462,0.04727833216920962,0.2819753972094017,0.0,0.0951578693584929,0.0,0.08945447723037223,0.0,0.0,0.037718330242079476,0.0,0.0,0.06160675962890125,0.21105899383284007,0.0,0.0,0.10278504183491671,0.0,0.0,0.0,0.0,0.0,0.0,0.0,0.0,0.09576373552833212,0.026712911531267147,0.032933154440402936,0.0,0.16419097451746134,0.0,0.1864633004858159,0.0282363913821437,0.5011587572782512,0.0,0.0,0.08777916772011382,0.0,0.2017514991163173,0.08973114282725632,0.0587860655455154,0.0,0.07144726602291689,0.0,0.0,0.0913471573825469,0.0,0.07902048105958204,0.0,0.04080184267503797,0.0,0.017980110578363205,0.0
0.0,0.4350079156966119,0.040833668549327226,0.17990703997087423,0.22142196118070356,0.28542292418476467,0.48740418720405504,0.19791817797762873,0.18506306217115698,0.40028833100169986,0.08346442063198414,0.13773555139405025,0.0,0.057322365362204794,0.25543377507866105,0.1324430405688995,0.5499648767631576,0.3190311132422313,0.06873566902697716,0.3263972042738303,0.2830150477061077,0.4547771068076158,0.01408948226085365,0.0,0.3716886607408124,0.41960858620064556,0.13428674096412088,0.4309246961533492,0.222214840550942,0.18579193276565983,0.41017675256350256,0.0,0.2054952762448025,0.0,0.0,0.28703356658680834,0.18695207466794936,0.09427384866764593,0.0,0.0,0.0,0.0,0.10751679601820592,0.0,0.0,0.0,0.027368770066467155,0.0,0.1539483927336947,0.3216022859658704,0.03740934890290986,0.2957599981306262,0.36639206566034765,0.19164540377308142,0.15167082628246387,0.19058454406269262,0.12929314552181861,0.12659889195750146,0.22268068551571035,0.10923667709981376,0.0,0.32695590549519676,0.32248746646724225,0.06550962529587909,0.08809154041595836,0.3259080286338886,0.0,0.0,0.04745873249379373,0.011785598875793666,0.04564422265243511,0.02555950486177219,0.23311809191026195,0.0,0.02056675031885914,0.0
0.12464175660046524,0.0,0.06350975677562064,0.19935774068398487,0.1002567574797853,0.10777458635300224,0.04726403923997598,0.0,0.0,0.0,0.0,0.0,0.057322365362204794,0.0,0.0,0.1683233263834137,0.10360515456936328,0.1804134402298018,0.07015258991988119,0.0,0.0,0.0,0.1391580286127208,0.19415868955199012,0.0,0.037029321280373804,0.010265980963309943,0.0,0.018319306997472574,0.0,0.04683211592992462,0.352925023863687,0.2106963864967808,0.2661543999121657,0.25942172522711915,0.11672480262681807,0.0,0.2756871989005877,0.38331352407708985,0.10012425535671339,0.32267940799544564,0.34212920755295473,0.3327012969715795,0.3354997338658939,0.25191436274669915,0.2698350448459439,0.32400678514022874,0.06870722373630106,0.0,0.13009537720063283,0.2597975263948688,0.0,0.0,0.0,0.008862783713384755,0.0,0.0,0.38589522652997593,0.2973713044183507,0.0,0.23725491848855923,0.20541748261250212,0.06697905617177569,0.05918568593041429,0.009775226655408212,0.0,0.08999277399283238,0.2703961845598845,0.2585187463759098,0.34842084475618407,0.3470538066822306,0.13258611739901136,0.2345392250291362,0.1892665433815029,0.1378346856108552,0.3330827666123067
0.06588164473046443,0.44296709784944516,0.25343915899561015,0.0,0.2269669667559262,0.22342599217774153,0.1676890948646129,0.285421782631797,0.34993371958430364,0.28414514175283223,0.3129230129717548,0.09855520134467101,0.25543377507866105,0.0,0.0,0.044815934981819586,0.22674537166946318,0.04422370592409242,0.25635527773966293,0.535126998643878,0.44214364572809345,0.5079239719652421,0.0715092683026459,0.0,0.44141951394016904,0.2699526655649797,0.3626115311479518,0.3017163171141632,0.3349540563359379,0.4424378186731197,0.2575857549612312,0.0,0.0,0.0,0.0,0.0,0.0,0.0,0.0,0.0,0.0,0.0,0.0,0.0,0.0,0.0,0.0,0.18407543305229654,0.07817571879440284,0.13032930079841218,0.0,0.0658143707856647,0.25723671886691357,0.3358628587816806,0.0,0.3467793649857405,0.0,0.0,0.04212249087267791,0.5955868213097689,0.0,0.0,0.05579340418528095,0.2286945846728976,0.34258021530966054,0.4564709419225213,0.20977194642032923,0.0,0.0,0.0,0.0,0.20703503176819202,0.05508894461010412,0.0,0.07605635034307501,0.0
0.3984348592292339,0.1350352119781901,0.12460942478333438,0.038895061866038735,0.0379727383044417,0.2912671997870657,0.0,0.055816086399554474,0.09066703594838212,0.0,0.11957963817263693,0.0,0.1324430405688995,0.1683233263834137,0.044815934981819586,0.0,0.10630196233158759,0.49394096842064256,0.15788804736312734,0.1153566560039422,0.0,0.1741811032564869,0.3317650237257504,0.21884473801666157,0.17418867680378874,0.24917154087516888,0.20303594021902707,0.08708948687722319,0.3234369373794863,0.0,0.1252726966544185,0.22582293716469914,0.04780425566645602,0.18861506073220952,0.10704622312690244,0.040542584291918156,0.0,0.24559950531782163,0.19770080313068522,0.028052729516158174,0.18506251404541157,0.09555763307700543,0.1835927705939727,0.22699071599328716,0.15802276065326806,0.34148181007199746,0.2433190274334521,0.17746115996687498,0.0,0.0,0.3097405881399243,0.0,0.041578189085519184,0.04454877380505375,0.0,0.0,0.0,0.25210991966662405,0.024512540722787652,0.04957400167262617,0.40963224828910777,0.10047524430487133,0.21078712800791893,0.15353683448360175,0.21531332607115483,0.0,0.32894212867321493,0.3550476836290182,0.22991744551772447,0.23100376830718378,0.24024521380256564,0.3021964899882852,0.24303577685074512,0.3745615764575388,0.3104754512147016,0.3020024775022126
0.0,0.3978973470212642,0.0,0.16904110393442973,0.02898803089923807,0.11425582382706227,0.4668878660814401,0.06320876465013588,0.06761427854729929,0.41290372184159635,0.0,0.11901654588387989,0.5499648767631576,0.10360515456936328,0.22674537166946318,0.10630196233158759,0.0,0.29784458984366385,0.0,0.277651423803057,0.2974303673464,0.4327848623134416,0.0,0.027854747703609697,0.4007178795227511,0.4574932883192372,0.03754501981684507,0.2974683453847506,0.1394771004408071,0.1382172862594059,0.47093922483370343,0.06533957030687745,0.3294449045437412,0.0579561436732023,0.0,0.26987334930743345,0.09109313531452437,0.1792766972115562,0.06866500112434502,0.0876890955330379,0.007847908631616454,-0.00262177855880239,0.26684117962070314,0.08208441796949112,0.11612601201090406,0.0,0.06291745467838307,0.0,0.1832228047966537,0.23088879829168749,0.0,0.3149076628302301,0.28090400981812313,0.06334238907226608,0.19858575577437412,0.06724711909610807,0.07256165677865677,0.18510333698264345,0.25807310584336135,0.0861418441845217,0.0,0.42153069638880203,0.38393518864934234,0.0,0.02696700922280309,0.35380817083053173,0.0,0.0,0.08717652671685648,0.061141066268057286,0.13379385230914664,0.0,0.30618405851751823,0.0,0.0,0.0
0.15149422517184108,0.21637193349720626,0.08479208599280512,0.13334994945556142,0.04801739162330861,0.2561416274076791,0.061206765465005364,0.06193346853297612,0.053860427288762586,0.051102796519979184,0.07351565975811411,0.1704163765444855,0.3190311132422313,0.1804134402298018,0.04422370592409242,0.49394096842064256,0.29784458984366385,0.0,0.13017733267544604,0.1458776303774433,0.0,0.22994104670610122,0.14400766657691194,0.198873860928118,0.23215094330342764,0.37407577465898256,0.081573080100054,0.18728891053503385,0.1940265912776264,0.03956654129970243,0.11672315314003542,0.17831868386580452,0.13328690462913032,0.1313047141107214,0.12780465579765987,0.12049943641184377,0.0,0.19312185068763912,0.17491452190632645,0.0548915559791512,0.15855463346408277,0.06374366809727912,0.14885966145811447,0.1370899600302919,0.1589201968866607,0.16924094608497306,0.19282076461388928,0.09008859398785418,0.0,0.10931415197716489,0.24095862929255865,0.0,0.12960544386344067,0.08126537683948429,0.06728273670149501,0.015538858379879216,0.10908154668644818,0.27204170015711693,0.10504448892912532,-0.00017338766067501865,0.2590482847443852,0.2817664848821807,0.3116396638873147,0.15472184488192825,0.17099239751329703,0.0,0.22324229637077286,0.1448014882447876,0.16419544895189064,0.17796769386102654,0.2414932920132728,0.10175215289860122,0.28201551398280744,0.13812745790767836,0.19394644042819173,0.13669670587192242
0.17109107605874418,0.0,0.6146560994136425,0.0,0.48620648106293896,0.2441062535982526,0.0,0.11820944941272657,0.5167111999126957,0.0,0.5853558882500035,0.021412079731564098,0.06873566902697716,0.07015258991988119,0.25635527773966293,0.15788804736312734,0.0,0.13017733267544604,0.0,0.4346124110751788,0.0,0.22853174531090406,0.21257020052943848,0.0763089839134016,0.0,0.0,0.4284978333070283,0.32244572690426004,0.3159866201105152,0.30485280882047944,0.0,0.01254037258222096,0.0,0.0,0.0,0.0,0.0,0.08236857256419025,0.008830212740371688,0.0,0.0,0.0,0.0415595122083594,0.07796258898243306,0.05677682584065013,0.12412335440068857,0.0,0.5697600942531948,0.0,0.2492471109755019,0.3164070152855429,0.0,0.0,0.5036100972123191,0.0,0.4439711051205152,0.0,0.1132420241095755,0.20468975255609112,0.2057851164131644,0.09799661136404608,0.0,0.0,0.6287271675745837,0.5668755570514182,0.0,0.4410947250638917,0.22495769649166372,0.015116422860342257,0.0,0.0,0.40931941466672234,0.2989277253980808,0.24008860883633462,0.37753893405847616,0.1489316614485558
0.06520020389588067,0.34719913086196136,0.44218505879712605,0.0,0.45739851521752495,0.26029976697688917,0.2911779696212364,0.14716692672956055,0.5241496717522179,0.22167408213323006,0.45820748143432544,0.0,0.3263972042738303,0.0,0.535126998643878,0.1153566560039422,0.277651423803057,0.1458776303774433,0.4346124110751788,0.0,0.27978441676312077,0.5918811420763269,0.07549978205118314,0.0,0.34246394633270205,0.19890434382352748,0.5229797733892819,0.4455969613035552,0.47399492776102314,0.43109113176631875,0.32994283139665515,0.0,0.0,0.0,0.0,0.06338575058202733,0.0,0.0,0.0,0.0,0.0,0.0,0.0,0.0,0.0,0.0,0.0,0.33736527068620203,0.0,0.300189599722493,0.050751459257545845,0.09920154296302337,0.20395748086197063,0.5174502491584865,0.0,0.4517433826627291,0.0,0.0,0.21497303100644521,0.40960978587617597,0.0,0.0,0.06855847750733202,0.39960717183470834,0.5162512725826112,0.29554736972803497,0.3365045589444793,0.0363531560783263,0.0,0.0,0.0,0.35514343343756033,0.19890341054823055,0.08186907031956146,0.1282900430072503,0.0
0.0,0.4741735006857572,0.0,0.0,0.02187801440620982,0.09203616332786309,0.29198226040248326,0.39762632782669366,0.04977492147504886,0.5064428185531035,0.0,0.11807507235999243,0.2830150477061077,0.0,0.44214364572809345,0.0,0.2974303673464,0.0,0.0,0.27978441676312077,0.0,0.3650037581107847,-0.03366379348589294,0.0,0.4389770905678053,0.3036123413060125,0.09281222890996058,0.16858757558953769,0.1587881060117473,0.366080272295832,0.38473929197456014,0.0,0.037488497066492404,0.0,0.0,0.052593302482482625,0.17298289534194913,0.0,0.0,0.0,0.0,0.0,0.0,0.0,0.0,0.0,0.0,0.0,0.35297033007448325,0.10924108851651629,0.0,0.2605166615594742,0.4054105757608174,0.08565262650424234,0.13616642206179397,0.06025842707120347,0.14898428566787217,0.0,0.0,0.4278517169528799,0.0,0.11691758421532449,0.1940043345062069,0.0,0.0,0.6182806222527442,0.0,0.0,0.0,0.0,0.0,0.0,0.0,0.0,0.0,0.0
0.046132702808562825,0.5057809015247252,0.21573042997809624,0.0,0.3010851942270178,0.3016707213840226,0.41473482083204877,0.14809691148128257,0.3746273682200079,0.3609317229728727,0.25621173370820427,0.006061032246947522,0.4547771068076158,0.0,0.5079239719652421,0.1741811032564869,0.4327848623134416,0.22994104670610122,0.22853174531090406,0.5918811420763269,0.3650037581107847,0.0,0.05296269214441253,0.0,0.47229487376158935,0.3680599098720761,0.4307084808690406,0.40659385973936923,0.46653604947270144,0.3714744780420855,0.4740456973041197,0.0,0.0,0.0,0.0,0.1379255190682341,-0.0012319956346570767,0.0,0.0,0.0,0.0,0.0,0.0,0.0,0.0,0.0,0.0,0.12092161183763481,0.0704964353198041,0.24263148156179093,0.0,0.19341288009197907,0.2951866118048418,0.34323503338312733,0.0,0.3016708520527272,0.0,0.0,0.1725973530294432,0.34672595979298126,0.01917922125629673,0.14518952188249873,0.21780005668197486,0.19132717364717142,0.35796708246169706,0.38311001812412343,0.25923007364376166,0.0,0.0,0.0,0.0,0.261454068023829,0.1625919168720736,0.039593284086151675,0.06275358947670027,0.0
0.41795218059231615,0.0633098633571602,0.23821254893131055,0.0,0.08791976741847506,0.39250754073496724,0.0,0.3565589040016852,0.1885881434786977,0.0,0.2277563672203507,0.017131810863122203,0.01408948226085365,0.1391580286127208,0.0715092683026459,0.3317650237257504,0.0,0.14400766657691194,0.21257020052943848,0.07549978205118314,-0.03366379348589294,0.05296269214441253,0.0,0.30369419426892835,0.13755657480432465,0.20764050588903213,0.23815745881392503,0.0,0.2459174794874651,0.0370598935316002,0.02737580598004895,0.22882174667602165,0.0,0.10351192994584589,0.044055221982816715,0.01397719818791869,0.0,0.24352189191557785,0.2082953058385844,0.04342292776195178,0.10388810915304111,0.03239656341993304,0.024069823901758176,0.1713690210359355,0.12814185795573377,0.305941716878753,0.19464739933628064,0.32355185214045185,0.0,0.0,0.4415209091773563,0.0,0.2325224670518903,0.08441560693206777,0.0,0.007963223820674884,0.0,0.14855712589460152,0.08768241093182395,0.10187937280893633,0.3344113820092971,0.0,0.031059001466922365,0.19928522911267432,0.16472595675423599,0.0,0.24692344817343836,0.5612010736065273,0.31365752582713524,0.21004418997704644,0.24882004506488134,0.37027097033815043,0.13507744616362363,0.3961322620929219,0.2882428947232835,0.2881594516261241
0.34059319931676846,0.0,0.011109847444175001,0.16919574767005816,0.0,0.17286767709636178,0.0,0.08102504288934562,0.0,0.0,0.0,0.22398297417667462,0.0,0.19415868955199012,0.0,0.21884473801666157,0.027854747703609697,0.198873860928118,0.0763089839134016,0.0,0.0,0.0,0.30369419426892835,0.0,0.0,0.21252227569584684,0.0,0.0,0.0,0.0,0.0,0.39405247345321937,0.09371475811996582,0.3265414962953345,0.279495279267525,0.054160266659454476,0.0,0.39817354204894,0.4505512317839292,0.2583982034058094,0.39142555489497705,0.17891576725360667,0.18008592775034357,0.3025178935415451,0.3183899349697413,0.38133741396588056,0.3486170641243066,0.10424681092899678,0.0,0.0,0.31648338257609543,0.0,0.05820750865669349,0.0,0.0327594282705776,0.0,0.10841306912319396,0.3365991712576898,0.053612940868352166,0.0,0.4186013267208528,0.17469278718814255,0.11584636407990873,0.09776795363595767,0.0219431588143545,0.0,0.21208042789328146,0.3257723507271044,0.4922902092434334,0.4209683167866933,0.5003220109053844,0.11889972371912558,0.2762477999749146,0.23597084923605582,0.30003768160644656,0.4174741649643786
0.06999544710664368,0.5811524560079832,0.0,0.0,0.0,0.30470414276585656,0.25476174190683676,0.2507226084038497,0.13518744755441703,0.3851496314070394,0.06361503707922224,0.04727833216920962,0.3716886607408124,0.0,0.44141951394016904,0.17418867680378874,0.4007178795227511,0.23215094330342764,0.0,0.34246394633270205,0.4389770905678053,0.47229487376158935,0.13755657480432465,0.0,0.0,0.49191330805485356,0.22895571112449567,0.15986686810777012,0.2802368069423473,0.25322994868984045,0.39688533819028887,0.0,0.12696437435510305,0.0,0.0,0.17131174002410685,0.056945418136625,0.027571588172458014,0.0,0.05561695070654036,0.0,0.0,0.0,0.0,0.0,0.0,0.06431568997415948,0.0,0.13293498087395203,0.03204155423774436,0.0,0.11832703464463228,0.3327187562136098,0.08329702954015827,0.05439914821477754,0.07316698801390743,0.013366829382311974,0.0,0.08764730486788228,0.38145697607279655,0.13143357390076346,0.21502999910550336,0.3164345294119975,0.0,0.07427885905105133,0.4846566584338624,0.07313248002664349,0.015483308113687793,0.11277034164249798,0.10191078971160626,0.056259027426805205,0.12372643993509409,0.06242536678722915,0.0,0.027298251799164428,0.0
0.09822247060854443,0.47263240481528085,0.0,0.0965717473396639,0.0,0.2962611911143147,0.1730974880458859,0.2907621604774244,0.0,0.3100748957968699,0.0,0.2819753972094017,0.41960858620064556,0.037029321280373804,0.2699526655649797,0.24917154087516888,0.4574932883192372,0.37407577465898256,0.0,0.19890434382352748,0.3036123413060125,0.3680599098720761,0.20764050588903213,0.21252227569584684,0.49191330805485356,0.0,0.033408281821112405,0.13554849032082808,0.1089681404376467,0.13478620777880976,0.27479806058091866,0.17893539647858409,0.2635186218249992,0.0746676405883897,0.052709478080339815,0.13441895883362626,0.0626265194164075,0.19616016193295532,0.13067928061940146,0.1903309439336495,0.07692704921389966,0.0,0.12728922803531026,0.015649171091483803,0.11878321769463325,0.0676828437561365,0.16925851474129416,0.0,0.05924080107772964,0.0756412847596951,0.049684848090819904,0.07411977929420674,0.3561844001526944,0.0,0.11227876220493596,0.02691910026196336,0.20143260655933373,0.13402754348762802,0.1423732151551497,0.2013953976084141,0.15066771666528483,0.3772480683385392,0.31934145977754047,0.0,0.049536293175903676,0.3119432963231584,0.11502039413800885,0.08230282510147088,0.29249609649846475,0.11477832094840547,0.3105973888650865,0.0,0.20248746743241325,0.0,0.12363872548500261,0.0
0.2271814573007386,0.21674407274284352,0.43009414183482,0.0,0.42080640428480665,0.387613936685817,0.1308805516597413,0.09703018578662857,0.5613879903227826,0.0,0.4672510494921333,0.0,0.13428674096412088,0.010265980963309943,0.3626115311479518,0.20303594021902707,0.03754501981684507,0.081573080100054,0.4284978333070283,0.5229797733892819,0.09281222890996058,0.4307084808690406,0.23815745881392503,0.0,0.22895571112449567,0.033408281821112405,0.0,0.27974713694463793,0.5800703766653665,0.2805193322550791,0.20552621381674901,0.0,0.0,0.0,0.0,0.0,0.0,0.0,0.0,0.0,0.0,0.0,0.0,0.0,0.0,0.026643811025787282,0.0,0.41372002318918605,0.0,0.156895856975754,0.23160831894968123,0.0,0.0986642732077231,0.48038417000536854,0.0,0.3903614570817446,0.0,0.0,0.11734459515113961,0.2861124644864048,0.10705582593098843,0.0,0.0,0.3785844505375315,0.44848897655259995,0.12407041123365971,0.347006645259288,0.2394169388372216,0.0,0.0,0.0,0.5676138247290792,0.11670854330973396,0.29407695968169917,0.20604602842261738,0.0714293748146613
0.0,0.18937654014510066,0.3274946547979679,0.0969330772201829,0.4315596043410056,0.14618728708103118,0.36899972084248317,0.11957145509635787,0.36303107289623426,0.26075069200620543,0.2562137775006386,0.0951578693584929,0.4309246961533492,0.0,0.3017163171141632,0.08708948687722319,0.2974683453847506,0.18728891053503385,0.32244572690426004,0.4455969613035552,0.16858757558953769,0.40659385973936923,0.0,0.0,0.15986686810777012,0.13554849032082808,0.27974713694463793,0.0,0.3439693277566831,0.4048159800876576,0.3440341072222335,0.0,0.0,0.0,0.0,0.23903208060889022,0.1316916738664986,0.0,0.0,0.0,0.0,0.0,0.0,0.0,0.0,0.0,0.0,0.23571521262246248,0.09467668355472486,0.3145508244037753,0.07353234557192724,0.2144808159364756,0.19831850424338593,0.4010240494546825,0.08655532289900804,0.38704604761528716,0.10603952202444233,0.032648207518378956,0.15663928995227594,0.17127796297229425,0.0,0.1301379099729189,0.1875818337199733,0.3163595416313738,0.31207700479787354,0.1786105706177619,0.13581509481880097,0.0,0.0,0.0,0.0,0.12627213987713912,0.309077669489001,0.06575189497212709,0.06911331081946603,0.0
0.2586644402713464,0.28695129813211695,0.2927432145329908,0.0,0.3043444417140566,0.4239137288739715,0.18459796536996625,0.10891825258301942,0.4552313639949145,0.04253752873638594,0.30640720255804627,0.0,0.222214840550942,0.018319306997472574,0.3349540563359379,0.3234369373794863,0.1394771004408071,0.1940265912776264,0.3159866201105152,0.47399492776102314,0.1587881060117473,0.46653604947270144,0.2459174794874651,0.0,0.2802368069423473,0.1089681404376467,0.5800703766653665,0.3439693277566831,0.0,0.32245069506321067,0.35280471418314413,0.0,0.0,0.0,0.0,0.1037416441151533,0.0,0.051530109157705145,0.0,0.0,0.0,0.0,0.0,0.02102052880973418,0.018913348028586248,0.11641483882856464,0.0,0.27965210218115777,0.0,0.09021269371486354,0.20603645014320712,0.0,0.12824112638712135,0.3642059346716944,0.0,0.27257031927290115,0.0,0.011477388540778597,0.04830946021153684,0.2616211059199245,0.21043701761079678,0.0,0.07583328176039421,0.25228357922988814,0.3600424335549757,0.1821944957248537,0.3374397284485846,0.228267791464787,0.012631181454076998,0.0,0.0,0.4924730472940444,0.18772592013661263,0.35465860625299106,0.22547143984401405,0.13306467089411925
0.0,0.3342206063352142,0.26900881619915945,0.0,0.2642093110151722,0.1621304098850966,0.15546893107279414,0.28773076178940854,0.25447318651499207,0.2150548237265993,0.2379838876747669,0.08945447723037223,0.18579193276565983,0.0,0.4424378186731197,0.0,0.1382172862594059,0.03956654129970243,0.30485280882047944,0.43109113176631875,0.366080272295832,0.3714744780420855,0.0370598935316002,0.0,0.25322994868984045,0.13478620777880976,0.2805193322550791,0.4048159800876576,0.32245069506321067,0.0,0.2535018966843783,0.0,0.0,0.0,0.0,0.020092402477029377,0.008934022763680946,0.0,0.0,0.0,0.0,0.0,0.0,0.0,0.0,0.0,0.0,0.18968021709003527,0.10598413115388754,0.18397795111316867,0.0,0.0640188038211679,0.2297603171673539,0.29749591731113606,0.0,0.2987274665911627,0.07082581340855025,0.0,0.003826723524214745,0.4083611472285937,0.0,0.0,0.03909229382313584,0.2672247165952875,0.30265972652128115,0.3525117800240288,0.16338456552076747,0.0,0.0,0.0,0.0,0.1216828186759713,0.15996594796397773,0.0,0.12221997282077116,0.0
0.03756695944147895,0.42978838079405335,0.0,0.14236220701054306,0.10474658304145039,0.13332164318927342,0.4876218927490738,0.11620664679157677,0.16219488414361544,0.45391128049603496,0.0,0.0,0.41017675256350256,0.04683211592992462,0.2575857549612312,0.1252726966544185,0.47093922483370343,0.11672315314003542,0.0,0.32994283139665515,0.38473929197456014,0.4740456973041197,0.02737580598004895,0.0,0.39688533819028887,0.27479806058091866,0.20552621381674901,0.3440341072222335,0.35280471418314413,0.2535018966843783,0.0,0.0,0.21021415774426971,0.0,0.0,0.24222401599917004,0.14754359356649493,0.028945612040575497,0.0,0.0,0.0,0.0,0.1417277591238939,0.0,0.0,0.04576579414952429,0.0,0.0,0.30234291596383356,0.1756449911022604,0.0,0.3925255260765049,0.3344851225241943,0.11313276174477743,0.19910224069997132,0.05722019932703249,0.0,0.03681481798635986,0.14792931476331336,0.14684635427988504,0.0,0.2618357109671565,0.3551888172699709,0.0,0.03400517382775079,0.42663067377026664,0.0,0.0,0.010826509793728869,0.0304638358548381,0.0,0.08807734701925345,0.16724425750583366,0.08892423236024448,0.0,0.0
0.2607213200865338,0.0,0.0,0.18664650444973938,0.0,0.06605928999172042,0.0,0.0,0.0,0.0,0.0,0.0,0.0,0.352925023863687,0.0,0.22582293716469914,0.06533957030687745,0.17831868386580452,0.01254037258222096,0.0,0.0,0.0,0.22882174667602165,0.39405247345321937,0.0,0.17893539647858409,0.0,0.0,0.0,0.0,0.0,0.0,0.2096075994684397,0.2935284991165502,0.42567295939583655,0.09796048534735256,0.0,0.3869060623706776,0.5936772419745732,0.2461711154183833,0.4289417154024838,0.3783305801382515,0.34804469175659947,0.44371837401470304,0.3810959129181588,0.37112599513804,0.43671494833956176,0.03680460196138744,0.0,0.0,0.24810531514860204,0.0,0.0,0.0,0.0,0.0,0.0,0.4601234503723134,0.2477828660460181,0.0,0.36733066320631275,0.23748433311610703,0.13138644556192305,0.008757175938020141,0.016483095383128896,0.0,0.18163488169942568,0.3463013928811001,0.44437221106418195,0.3956843228835043,0.46804439749806415,0.14498341795971503,0.29972564665332485,0.3278135641347262,0.3001351184597961,0.4536889683089572
0.0,0.11144662395948285,0.0,0.29718914069450375,0.0,0.0,0.22110266162890693,0.0,0.0,0.22086647664352252,0.0,0.037718330242079476,0.2054952762448025,0.2106963864967808,0.0,0.04780425566645602,0.3294449045437412,0.13328690462913032,0.0,0.0,0.037488497066492404,0.0,0.0,0.09371475811996582,0.12696437435510305,0.2635186218249992,0.0,0.0,0.0,0.0,0.21021415774426971,0.2096075994684397,0.0,0.319845689562969,0.23703902147042968,0.15357355481335985,0.16093438531928908,0.180890782615498,0.24689014219141764,0.43310650914222404,0.29861726111131953,0.3454822507465719,0.26674169248927493,0.17689415681190107,0.15452899227909211,0.1153154809532876,0.2657361076614605,0.0,0.21000296862343132,0.012615001475015432,0.0,0.23665617201954908,0.11058378214146987,0.0,0.2456115458509609,0.0,0.07525899727961582,0.22531105968230108,0.12245314594444741,0.0,0.04541875151778547,0.3519146130840237,0.30375746327927083,0.0,0.0,0.06351729998156244,0.0,0.0,0.20499907983627416,0.24892281759196466,0.29834973233960055,0.0,0.05640965942591877,0.0,0.0,0.04485782515614319
0.26444620682737113,0.0,0.0,0.17077804659864748,0.0,0.08392821166489987,0.0,0.0,0.0,0.0,0.0,0.0,0.0,0.2661543999121657,0.0,0.18861506073220952,0.0579561436732023,0.1313047141107214,0.0,0.0,0.0,0.0,0.10351192994584589,0.3265414962953345,0.0,0.0746676405883897,0.0,0.0,0.0,0.0,0.0,0.2935284991165502,0.319845689562969,0.0,0.3419758044213462,0.09290060307810215,0.0,0.32897513123622246,0.3630457616356811,0.3889251561790803,0.5261902249755985,0.30474828128049125,0.22366401387400642,0.31692836920979767,0.3403999744712403,0.342149461506955,0.37819223723556755,0.0,0.0,0.0,0.1611694223943786,0.0,0.0,0.0,0.0,0.0,0.0,0.3528718139412885,0.0,0.0,0.2636729749098749,0.1517370630796823,0.06800739806886963,0.0,0.0,0.0,0.0,0.19824018032528606,0.3686461252041209,0.3949619840892962,0.41503014950125544,0.07921317668982764,0.14864018740038756,0.20238715095528234,0.1335098738619598,0.3501916503347707
0.13795576874338386,0.0,0.0,0.16842373256889256,0.0,0.0,0.0,0.0,0.0,0.0,0.0,0.0,0.0,0.25942172522711915,0.0,0.10704622312690244,0.0,0.12780465579765987,0.0,0.0,0.0,0.0,0.044055221982816715,0.279495279267525,0.0,0.052709478080339815,0.0,0.0,0.0,0.0,0.0,0.42567295939583655,0.23703902147042968,0.3419758044213462,0.0,0.05726972139380657,0.0,0.28572035084045855,0.4300958499630244,0.29504328166849847,0.4429609904195624,0.2971682628433549,0.2653396341786344,0.28971752650192667,0.3347419650189774,0.28925237299644524,0.3966221806405524,0.0,0.0,0.0,0.14606188141910215,0.0,0.0,0.0,0.06456692292180664,0.0,0.0,0.32166268427874856,0.1374262744263537,0.0,0.2559511551316425,0.1865800512402333,0.05085127263323527,0.0,0.0,0.0,0.10450226143178226,0.21274777069208145,0.3570212088311537,0.3618853375642364,0.3936363389582779,0.037094751708435306,0.14124613676990438,0.19116003187080471,0.11013566817535096,0.3461986391405072
0.0,0.12800244288606005,0.0,0.17408091278764576,0.14701129391652923,0.08341558865506064,0.3151251905926331,0.017681381044829386,0.07540382878208275,0.23669084834139256,0.0,0.06160675962890125,0.28703356658680834,0.11672480262681807,0.0,0.040542584291918156,0.26987334930743345,0.12049943641184377,0.0,0.06338575058202733,0.052593302482482625,0.1379255190682341,0.01397719818791869,0.054160266659454476,0.17131174002410685,0.13441895883362626,0.0,0.23903208060889022,0.1037416441151533,0.020092402477029377,0.24222401599917004,0.09796048534735256,0.15357355481335985,0.09290060307810215,0.05726972139380657,0.0,0.29062683608259776,0.08595824912360504,0.08763061010855647,0.0451878000064623,0.07686810367096254,0.1007207226264212,0.1368788832599912,0.06443737084477269,0.0,0.031750690438229874,0.03472990897979171,0.0,0.15015019196201101,0.18855421145866463,0.042223082998002856,0.184417231614376,0.1261808565339598,0.0840273379940334,0.052479022796585714,0.005982275880217347,0.09048542483763944,0.1676169690537901,0.16242081952547377,0.0,0.01906687231876517,0.19364996143185514,0.23447667159765165,0.0,0.0,0.10471099612483376,0.0,0.024432331871650906,0.02043746647860807,0.09289253592733546,0.09248707065959261,0.0,0.20221138024420643,0.00943299080140443,0.0,0.011649831343508527
0.0,0.07710716282815402,0.0,0.1428906193813533,0.0,0.0,0.24230833106595515,0.05857257877114263,0.0,0.37930148116616674,0.0,0.21105899383284007,0.18695207466794936,0.0,0.0,0.0,0.09109313531452437,0.0,0.0,0.0,0.17298289534194913,-0.0012319956346570767,0.0,0.0,0.056945418136625,0.0626265194164075,0.0,0.1316916738664986,0.0,0.008934022763680946,0.14754359356649493,0.0,0.16093438531928908,0.0,0.0,0.29062683608259776,0.0,0.0,0.0,0.06949041731251797,0.0,0.017219430213860326,0.0,0.0,0.0,0.0,0.0,0.0,0.3486808014477498,0.15259609488481113,0.0,0.312914434619031,0.1534939978159507,0.0,0.27579453456920494,0.0,0.31825953681947433,0.0,0.0033920533595326657,0.0,0.0,0.16514459543057405,0.1609286719603601,0.0,0.0,0.12349530886072806,0.0,0.0,0.0,0.0,0.0,0.0,0.0,0.0,0.0,0.0
