0.0,0.0,0.20960319811650727,0.0,0.0,0.38753975121957707,0.0,0.1881531991696239,0.21598521408328047,0.0,0.21150899274839313,0.0,0.0,0.18743048985032318,0.0990697602534416,0.5991478528191821,0.0,0.22780998605845507,0.2572788210735922,0.09804504114715157,0.0,0.0693722177973223,0.6284970950267894,0.5121682486573075,0.1052559053748256,0.14770239350429482,0.34162493363503177,0.0,0.3889675825279339,0.0,0.05649145039630595,0.39206062294904737,0.0,0.39766193478477535,0.20745148350351336,0.0,0.0,0.46716714579105567,0.4441391230663193,0.10905282086668897,0.3240809971634515,0.08398916357384749,0.27866470838256435,0.46211587552137573,0.33282879989385256,0.6948833641128356,0.3953072443849311,0.4018717237918178,0.0,0.0,0.5301243377689229,0.0,0.07074326384888863,0.0,0.0,0.0,0.0,0.3458669937587443,0.05560777494791524,0.17761868328505756,0.6147934294846293,0.0,0.0,0.22084179595548595,0.3263036915731658,0.0,0.5531214033721441,0.6843011077201258,0.5075968003801095,0.3610302207129302,0.42245902243690625,0.5795494843123746,0.25299445301876833,0.6455909174746217,0.5307020783241491,0.6591826390859634
0.0,0.0,0.0,0.0,0.03212042371067091,0.5330982007248379,0.487953370052008,0.4526069863519834,0.16604895162818858,0.6131110236426486,0.09311733393498844,0.08638918464524778,0.6541447180429077,0.0,0.6661133668360676,0.20305968576200192,0.5983395669029044,0.3253700733313602,0.0,0.5221019419813037,0.7130401073571062,0.7605698500671121,0.0952024347621018,0.0,0.8739100962484999,0.7107226788982344,0.3259296790606496,0.2847756534700757,0.4315040467897903,0.5025854390377502,0.6462958236574305,0.0,0.16758826167580398,0.0,0.0,0.1924841339413753,0.11595017347337029,0.0,0.0,0.0,0.0,0.0,0.0,0.0,0.0,0.0,0.0,0.0,0.2374187093443342,0.21457138764699446,0.0,0.2641847089002083,0.5576865410299258,0.13495155631514202,0.0,0.19912265922328334,0.0833607346485974,0.0,0.05582961540388638,0.5486878951860389,0.0,0.2512026254307541,0.32814603334830955,0.0,0.0418450911173792,0.7458001197667011,0.0,0.0,0.0,0.0,0.0,0.07157110334643765,0.0,0.0,0.0,0.0
0.20960319811650727,0.0,0.0,0.0,0.8102707040493315,0.2974709943336932,0.0,0.21270037351843746,0.8209028165166297,0.0,0.9168001486643149,0.015950517995660937,0.061403775968266246,0.09550302520916996,0.3811100470131199,0.18738187076400836,0.0,0.12750640432648452,0.9242913205393476,0.6649373727979854,0.0,0.3244054101068766,0.35821297735563973,0.016706473058614685,0.0,0.0,0.6467556129223695,0.49247126521896684,0.4402136619123347,0.4045229750402588,0.0,0.0,0.0,0.0,0.0,0.0,0.0,0.03146847952174494,0.0,0.0,0.0,0.0,0.0,0.03956912541481653,0.0,0.07726854233745394,0.0,0.9180490738831856,0.0,0.430103951104203,0.4959051282519521,0.0,0.05370376212667272,0.8457698034100353,0.0,0.7058673203519303,0.0,0.12442644842883978,0.3631742172103675,0.31151584320652514,0.03848635485903195,0.0,0.0,0.9211560313148354,0.8035778170187285,0.0,0.5258866484701252,0.36796899345648215,0.0,0.0,0.0,0.5674760290567392,0.3731482543483781,0.33052346730106763,0.3991876493350953,0.12165602523051734
0.0,0.0,0.0,0.0,0.0,0.0,0.2700267170021635,0.0,0.0,0.08398707441112478,0.0,0.05562910846571583,0.27053585851931716,0.29978491968488125,0.0,0.05848858919469893,0.25419616811747736,0.20052546618135855,0.0,0.0,0.0,0.0,0.0,0.2544287141912144,0.0,0.1452201124507201,0.0,0.14576346355832945,0.0,0.0,0.21407768089863072,0.28067035247266886,0.44689923937063275,0.2568081018969396,0.25326779370573743,0.26177479880974375,0.21487228290204607,0.1963304319742225,0.2642756216037461,0.38921363696632155,0.3383853111878067,0.29093828932708615,0.25438477978348595,0.17123106489270662,0.1806135413461492,0.18592220570893184,0.33390077155670067,0.0,0.271430603924511,0.08465372848493916,0.08569309854362694,0.2538732133612859,0.13486932593426465,0.0,0.28562839348515046,0.0,0.1710691664011268,0.3222354370314437,0.16571006599243165,0.0,0.15928067092957,0.4059167254197774,0.35959910041344784,0.0,0.0,0.0,0.0,0.08740882944823622,0.2562152109148032,0.3427303268057755,0.4051663554463445,0.0,0.1887508433905648,0.07166422673330441,0.0,0.2437127100831339
0.0,0.03212042371067091,0.8102707040493315,0.0,0.0,0.2304568655072879,0.39983091734234644,0.12247168884341354,0.7842270402041239,0.11698135219758472,0.7584106775341583,0.0,0.33296407062642125,0.1507614597046771,0.34130239270670293,0.05710164182115733,0.043590855740717444,0.07220632538211473,0.7311347448844313,0.6878146626161333,0.032899142863115176,0.4527579438850672,0.13220966652125757,0.0,0.0,0.0,0.6327891441716095,0.6489593074376201,0.4576590490178942,0.3973057018550176,0.1575130510438692,0.0,0.0,0.0,0.0,0.22106876205724188,0.0,0.0,0.0,0.0,0.0,0.0,0.0,0.0,0.0,0.0,0.0,0.6825321071254442,0.0,0.6500950951325027,0.3132461722306192,0.18101583238975577,0.1297524379252283,0.8570136432726558,0.0,0.6858217906062225,0.0,0.0046122862945823,0.36809831986261726,0.17420320038810144,0.0,0.0,0.0,0.713070462058826,0.6132298173087269,0.031941543480874884,0.2703650466430271,0.1371303696406745,0.0,0.0,0.0,0.44329237407447,0.2855541434982499,0.12699085526180987,0.1803922960815566,0.0
0.38753975121957707,0.5330982007248379,0.2974709943336932,0.0,0.2304568655072879,0.0,0.02426502987700542,0.42394882690807284,0.4484834411868139,0.0,0.35889026053643636,0.06478012491531554,0.42920574896857977,0.16206642191597426,0.3359776394471342,0.4379940994286172,0.1718126060819539,0.38517389360911064,0.3670756569494378,0.39142671094400483,0.13839971167753376,0.45363843245367635,0.5902346263116288,0.2599503912747138,0.45819995076845804,0.4455038318513954,0.5828758516194056,0.21982965881423738,0.6374617947002602,0.24380418708158602,0.20048290053160445,0.09933689495408231,0.0,0.12620735019836102,0.0,0.1254364915033035,0.0,0.24347506345276523,0.10484515773551796,0.0,0.0,0.0,0.0,0.11225129284021568,0.13580465527426047,0.16207809601736292,0.1971844829580264,0.2629887477554665,0.0,0.00033756087312244504,0.56510363042046,0.0,0.33357010996231806,0.2770303182541449,0.0,0.19538912282885063,0.0,0.1765168028141147,0.09147183203364379,0.27428078808957235,0.36131042663560275,0.0,0.05973367529618407,0.312939406073763,0.2620023187270871,0.16476534435982568,0.3450376831021947,0.46643965886426353,0.30466004121792917,0.14243704678189031,0.1375852848846902,0.5563282337544112,0.1737645424409305,0.3233146199833005,0.4447197296288852,0.165083647531418
0.0,0.487953370052008,0.0,0.2700267170021635,0.39983091734234644,0.02426502987700542,0.0,0.0,0.21790350660857652,0.7829773939715471,0.0,0.00765179591102075,0.7329357998025332,0.07107346902571275,0.25216307961528195,0.0,0.7020843081129183,0.09203989374149256,0.0,0.4378599192457719,0.43906937440127336,0.6236589787137737,0.0,0.0,0.3830988858234832,0.2602959703167386,0.19681210036295557,0.5548846575857788,0.27758985446243806,0.23378696435485868,0.7332631752989874,0.0,0.33248392277682004,0.0,0.0,0.4738706389246541,0.36437202447399347,0.0,0.0,0.0,0.0,0.0,0.059075486219013505,0.0,0.0,0.0,0.0,0.0,0.4539087376698403,0.549650858019435,0.0,0.7088676331958559,0.3683067955980547,0.2662183864356129,0.3631832455839555,0.23867403914063504,0.1098606762143816,0.0,0.3084874057923212,0.0,0.0,0.35654360618992975,0.43727132465315505,0.0,0.0,0.4813884144345556,0.0,0.0,0.0,0.0,0.0,0.0,0.06957657922482423,0.0,0.0,0.0
0.1881531991696239,0.4526069863519834,0.21270037351843746,0.0,0.12247168884341354,0.42394882690807284,0.0,0.0,0.21439000842116793,0.27785982795384156,0.27307554821022545,0.34086105750774437,0.29762017208679115,0.0,0.42920403235419824,0.08393364070542478,0.09505040721774084,0.09313267609405597,0.17775788477841173,0.22130279545968143,0.5979320208141563,0.22270126337543236,0.536176734509218,0.1218416997088182,0.37702502428876145,0.43723464475001245,0.1459094909144419,0.17980600572459057,0.16378621412336833,0.43267616806833575,0.1747461631323593,0.0,0.0,0.0,0.0,0.026588440349774575,0.08807872602487798,0.0,0.0,0.026704022525962677,0.0,0.0,0.0,0.0,0.0,0.0,0.0,0.24316804759814012,0.15482579759903725,0.08933066075185347,0.23618272367286977,0.022569175225660543,0.6886469720367246,0.18715855166631315,0.009171087742075148,0.1656569114788089,0.2898390904900749,0.0,0.013581116108836843,0.49100030575004566,0.0,0.07766421614848928,0.10328688324800976,0.18186799128589096,0.07824341198036669,0.5775129444474648,0.0,0.22401631866278182,0.046498951539296264,0.0,0.0,0.048752758400040286,0.0033809334445718256,0.0,0.1424161321688743,0.0
0.21598521408328047,0.16604895162818858,0.8209028165166297,0.0,0.7842270402041239,0.4484834411868139,0.21790350660857652,0.21439000842116793,0.0,0.01834529213503376,0.8212043251725786,0.0,0.2782892454502787,0.0,0.5262140896094114,0.13634088145560275,0.10167521458815192,0.0809928112826581,0.7770063255865837,0.7881919543729987,0.07484921721887026,0.563347252573552,0.28359009914694516,0.0,0.20328861055737626,0.0,0.8441892098774778,0.5459092817661364,0.6845558011694383,0.38266496961500296,0.24390114047976105,0.0,0.0,0.0,0.0,0.11338877877434307,0.0,0.0,0.0,0.0,0.0,0.0,0.0,0.0,0.0,0.03840851092808457,0.0,0.7509814289317396,0.0,0.4065650088130752,0.3939829444459667,0.0,0.19262422392698075,0.9264636124108165,0.0,0.7410929486450595,0.0,0.005844782301190956,0.30368946437365296,0.3868333977681686,0.0,0.0,0.0,0.7416875631396739,0.7150929369530192,0.16352802881526468,0.4346887479183206,0.2852630075250175,0.0,0.0,0.0,0.6929973189079893,0.25096595822050427,0.3362787244964655,0.29983549589486164,0.02470932691570569
0.0,0.6131110236426486,0.0,0.08398707441112478,0.11698135219758472,0.0,0.7829773939715471,0.27785982795384156,0.01834529213503376,0.0,0.0,0.29484925001742657,0.6019350176643521,0.0,0.4272842790401116,0.0,0.6209054570200363,0.0768460140943275,0.0,0.3333431984157146,0.7615652101795893,0.5427523767670823,0.0,0.0,0.5791701436918241,0.4662762399585623,0.0,0.3921047910789105,0.06396596185369596,0.32338946477589164,0.6825707208593828,0.0,0.3321287587554416,0.0,0.0,0.35592471461967645,0.5703759667300966,0.0,0.0,0.00948257129438091,0.0,0.0,0.0,0.0,0.0,0.0,0.0,0.0,0.6298036384195916,0.3761062032368677,0.0,0.710707108376812,0.4972182980430622,0.15405475993513584,0.5216643961074064,0.15131973780299943,0.36728110221605886,0.0,0.12111939070145769,0.27272560398799184,0.0,0.44961592011792284,0.4897596576098428,0.0,0.0,0.7552268752326922,0.0,0.0,0.0,0.0,0.0,0.0,0.0,0.0,0.0,0.0
0.21150899274839313,0.09311733393498844,0.9168001486643149,0.0,0.7584106775341583,0.35889026053643636,0.0,0.27307554821022545,0.8212043251725786,0.0,0.0,0.0,0.12550992276426098,0.0,0.4705591064055665,0.17981831105498144,0.0,0.11054943781241276,0.8802310226030599,0.6890311484746672,0.0,0.3852793162107123,0.34248945649471924,0.0,0.09566134084442607,0.0,0.7026304464731946,0.38528238957093747,0.4607609330572243,0.35786912716857006,0.0,0.0,0.0,0.0,0.0,0.0,0.0,0.030359820516486245,0.0,0.0,0.0,0.0,0.0,0.0,0.0,0.019064346673285385,0.0,0.8610580298743096,0.0,0.40865389880964464,0.43247340140394264,0.0,0.12363959656981317,0.813886686129371,0.0,0.7998609052727862,0.0,0.05977963741917456,0.3242180453827048,0.4232872572743372,0.006954105977599855,0.0,0.0,0.866343255728565,0.7815878232623025,0.0,0.5108100640591565,0.3448225614038097,0.0,0.0,0.0,0.6282420537306062,0.24806072984316938,0.26398476021687267,0.3959453349577579,0.0
0.0,0.08638918464524778,0.015950517995660937,0.05562910846571583,0.0,0.06478012491531554,0.00765179591102075,0.34086105750774437,0.0,0.29484925001742657,0.0,0.0,0.20712033087228524,0.0,0.14820273854564697,0.0,0.17897155900020273,0.25626423925199093,0.032198491920052544,0.0,0.17755581480198052,0.009114299044143436,0.025762022212113923,0.3368152031316102,0.07109496206946249,0.42402151787790465,0.0,0.14309398835052048,0.0,0.13451749192156898,0.0,0.0,0.05671907478222132,0.0,0.0,0.09264138640431335,0.31738072119931837,0.0,0.0,0.15456337639847167,0.0,0.0,0.0,0.0,0.0,0.0,0.0,0.0,0.14400506178284309,0.04016963680705267,0.04952334945717564,0.0,0.2469027685597849,0.0,0.2803948588528961,0.0424605751130828,0.7536192840296606,0.0,0.0,0.13199823921908047,0.0,0.30338454253834907,0.13493352880810722,0.08839975752979745,0.0,0.10743908329266663,0.0,0.0,0.13736361650876658,0.0,0.11882733264648457,0.0,0.06135591769531947,0.0,0.02703765596041844,0.0
0.0,0.6541447180429077,0.061403775968266246,0.27053585851931716,0.33296407062642125,0.42920574896857977,0.7329357998025332,0.29762017208679115,0.2782892454502787,0.6019350176643521,0.12550992276426098,0.20712033087228524,0.0,0.08619871311390953,0.38410945812305747,0.1991616986807004,0.8270116617708715,0.4797441841594052,0.10336150955584276,0.4908209700455366,0.42558489605216576,0.6838727102899801,0.021187109632562588,0.0,0.5589281606305685,0.630987920918751,0.2019341697821891,0.6480045619665348,0.33415636583156966,0.2793852872286618,0.616804767158626,0.0,0.3090142608624552,0.0,0.0,0.4316277582744693,0.28112985478750185,0.1417646390566527,0.0,0.0,0.0,0.0,0.1616787687726987,0.0,0.0,0.0,0.04115588643861951,0.0,0.2315004493577446,0.4836105943916215,0.056254442981974746,0.44475016109927823,0.5509633867253634,0.2881874653122271,0.22807555061382506,0.2865921937065965,0.19442503267282363,0.19037353918369015,0.33485688187308144,0.16426504613593718,0.0,0.49166111901693116,0.48494168775473817,0.09851033469045244,0.13246797078412637,0.4900853704173076,0.0,0.0,0.07136623970649342,0.017722636704729976,0.06863766400538035,0.03843519737875547,0.35055216928441435,0.0,0.030927324774871395,0.0
0.18743048985032318,0.0,0.09550302520916996,0.29978491968488125,0.1507614597046771,0.16206642191597426,0.07107346902571275,0.0,0.0,0.0,0.0,0.0,0.08619871311390953,0.0,0.0,0.25311680754314164,0.15579662387301213,0.2712973597303068,0.10549220944550694,0.0,0.0,0.0,0.2092593861068081,0.2919668278430737,0.0,0.05568297507754759,0.015437505802450261,0.0,0.027547723795814362,0.0,0.07042396279450487,0.5307122741798791,0.31683544911334505,0.4002306362807618,0.390106352504289,0.17552534183351795,0.0,0.41456561705106587,0.5764090906895517,0.15056220916046997,0.4852303205182277,0.5144780265678143,0.5003007721169122,0.5045089316632981,0.3788171291688101,0.40576541933997756,0.4872263686745475,0.10331873484766495,0.0,0.19563139144563504,0.39067146486212767,0.0,0.0,0.0,0.013327442890282329,0.0,0.0,0.580291335040001,0.4471731687256484,0.0,0.3567729371325562,0.3088972784080436,0.10071999665593105,0.08900068812110695,0.014699532246597515,0.0,0.13532695761448407,0.40660923520335224,0.3887484948085799,0.5239390986445005,0.5218834102232722,0.1993768509786583,0.35268920332403353,0.2846102454411343,0.20726940430741211,0.5008744084613815
0.0990697602534416,0.6661133668360676,0.3811100470131199,0.0,0.34130239270670293,0.3359776394471342,0.25216307961528195,0.42920403235419824,0.5262140896094114,0.4272842790401116,0.4705591064055665,0.14820273854564697,0.38410945812305747,0.0,0.0,0.06739212344116889,0.3409691682983104,0.06650155686524033,0.3854951710643761,0.8046991491740652,0.664875097746456,0.7637924999511103,0.10753231944384424,0.0,0.6637861819655118,0.4059422919193339,0.5452783943529776,0.45370699719689267,0.503688367114711,0.6653174613707407,0.38734550561259234,0.0,0.0,0.0,0.0,0.0,0.0,0.0,0.0,0.0,0.0,0.0,0.0,0.0,0.0,0.0,0.0,0.2768040946100846,0.11755701835143544,0.19598315489726764,0.0,0.0989685968169506,0.38682064133020666,0.5050549820616483,0.0,0.5214707175349513,0.0,0.0,0.06334184717316732,0.8956158249944803,0.0,0.0,0.08389953224411831,0.3439003043639503,0.5151562311043295,0.6864198209370972,0.3154453190229774,0.0,0.0,0.0,0.0,0.3113296737695737,0.08284019862385826,0.0,0.11437001041894121,0.0
0.5991478528191821,0.20305968576200192,0.18738187076400836,0.05848858919469893,0.05710164182115733,0.4379940994286172,0.0,0.08393364070542478,0.13634088145560275,0.0,0.17981831105498144,0.0,0.1991616986807004,0.25311680754314164,0.06739212344116889,0.0,0.15985195824643647,0.742765508071141,0.23742471917851266,0.17346798642785982,0.0,0.2619254605876696,0.4988928478555266,0.32908856202268433,0.2619368493366684,0.37469260091299456,0.3053160254669512,0.13096112917065794,0.4863694580544699,0.0,0.18837926822607828,0.3395820540935824,0.07188582142030318,0.28363057606374054,0.16097114309465235,0.06096605696909662,0.0,0.36932113959427737,0.29729329387875725,0.04218439292143705,0.2782884212042174,0.14369513448026713,0.2760782892021426,0.3413381057078154,0.23762729477315353,0.5135045002770011,0.36589186277230246,0.2668578576649632,0.0,0.0,0.465773523616856,0.0,0.06252335140276043,0.06699037886057282,0.0,0.0,0.0,0.3791111985906062,0.03686082128860928,0.07454708334322674,0.6159859668973094,0.15109001005384287,0.31697190198713515,0.23088156715870656,0.32377818860640384,0.0,0.4946479092657347,0.5339042314376453,0.345739185758244,0.3473727475606229,0.3612696044677088,0.45442905888363544,0.3654659236896455,0.5632483179740724,0.466878576609008,0.4541373119098005
0.0,0.5983395669029044,0.0,0.25419616811747736,0.043590855740717444,0.1718126060819539,0.7020843081129183,0.09505040721774084,0.10167521458815192,0.6209054570200363,0.0,0.17897155900020273,0.8270116617708715,0.15579662387301213,0.3409691682983104,0.15985195824643647,0.0,0.4478848733864694,0.0,0.4175193273138805,0.44726198481616425,0.6508017935211791,0.0,0.04188667705863545,0.6025809527980585,0.6879571780087517,0.056458458606841365,0.44731909442794887,0.20973919151606074,0.20784474140896453,0.708176553410216,0.09825461388901799,0.49540396028962813,0.0871517595289047,0.0,0.4058230198117316,0.13698162991020738,0.2695879783275184,0.10325524244305251,0.13186279284375663,0.01180132083535608,0.0,0.40126338373796455,0.12343473879637994,0.1746249082908626,0.0,0.09461234879981488,0.0,0.27552195180358013,0.3471998609862493,0.0,0.4735435307694478,0.4224104152342658,0.09525134542319404,0.2986240446000635,0.10112309724267407,0.10911485240030626,0.27834980884292837,0.38807836125469825,0.12953610806263982,0.0,0.6338783010284221,0.5773439210263335,0.0,0.040551737124742186,0.5320403096081355,0.0,0.0,0.13109201564260695,0.09194109833774819,0.2011929866942484,0.0,0.46042537940358463,0.0,0.0,0.0
0.22780998605845507,0.3253700733313602,0.12750640432648452,0.20052546618135855,0.07220632538211473,0.38517389360911064,0.09203989374149256,0.09313267609405597,0.0809928112826581,0.0768460140943275,0.11054943781241276,0.25626423925199093,0.4797441841594052,0.2712973597303068,0.06650155686524033,0.742765508071141,0.4478848733864694,0.0,0.1957546322856963,0.21936401143231746,0.0,0.34577467613016394,0.21655204664061894,0.29905728376138013,0.3490978160878522,0.5625177917719631,0.122665812635825,0.281636372934299,0.2917681845878143,0.059498328808522176,0.17552286141183499,0.26814736231267067,0.20043066229682738,0.1974499361744176,0.19218671089571218,0.18120146096589468,0.0,0.29040767767108044,0.26302834152062554,0.08254337476001476,0.2384271004256735,0.09585477020054167,0.22384825139686396,0.20614952053670693,0.23897681773738286,0.2544966814702308,0.28995491840460974,0.13547104727668258,0.0,0.1643815492614472,0.3623424055770899,0.0,0.19489465242744,0.12220310275087053,0.10117665734489864,0.02336661418525523,0.16403176821880225,0.409083685201953,0.15796102809408993,0.0,0.38954479003503456,0.42370736521434493,0.4686292656033655,0.23266353080791935,0.25713043285590875,0.0,0.335701406216613,0.21774575882922892,0.24690949700665343,0.2676195598304016,0.3631464065666571,0.15301016594497052,0.42408184362022194,0.2077096617019229,0.2916476574596576,0.2055581631814417
0.2572788210735922,0.0,0.9242913205393476,0.0,0.7311347448844313,0.3670756569494378,0.0,0.17775788477841173,0.7770063255865837,0.0,0.8802310226030599,0.032198491920052544,0.10336150955584276,0.10549220944550694,0.3854951710643761,0.23742471917851266,0.0,0.1957546322856963,0.0,0.6535499765457151,0.0,0.3436554340875854,0.31965320370545364,0.11474990905909543,0.0,0.0,0.6443551582314483,0.4848789217367578,0.4751660166609108,0.45842350788288,0.0,0.018857630380848336,0.0,0.0,0.0,0.0,0.0,0.12386203729032204,0.013278464172449352,0.0,0.0,0.0,0.062495265981546776,0.11723652363001354,0.08537835609595236,0.1866509406776083,0.0,0.8567787912790377,0.0,0.37480623972321175,0.4757981874176077,0.0,0.0,0.7573054952734958,0.0,0.6676231463815625,0.0,0.17028810110993428,0.3078029517179189,0.30945010905824494,0.1473627568529177,0.0,0.0,0.9454507399029275,0.8524411580855846,0.0,0.6632977795244764,0.33828094531905434,0.02273137525316293,0.0,0.0,0.6155155422123196,0.44951364237268826,0.36103410918639817,0.5677255301766576,0.2239565216414891
0.09804504114715157,0.5221019419813037,0.6649373727979854,0.0,0.6878146626161333,0.39142671094400483,0.4378599192457719,0.22130279545968143,0.7881919543729987,0.3333431984157146,0.6890311484746672,0.0,0.4908209700455366,0.0,0.8046991491740652,0.17346798642785982,0.4175193273138805,0.21936401143231746,0.6535499765457151,0.0,0.42072682315039645,0.8900433965170914,0.1135330688479167,0.0,0.5149813912119845,0.2991031225250055,0.7864327155013655,0.6700680334653525,0.7127715776791733,0.6482548401182413,0.49615271958584417,0.0,0.0,0.0,0.0,0.09531655044947791,0.0,0.0,0.0,0.0,0.0,0.0,0.0,0.0,0.0,0.0,0.0,0.5073142393675613,0.0,0.4514111904272479,0.07631768942211001,0.14917467707926985,0.3067017955237513,0.7781176735484558,0.0,0.6793107366941689,0.0,0.0,0.32326646867873443,0.6159521889630613,0.0,0.0,0.10309505717078156,0.6009107221167171,0.7763147082095148,0.444430420374013,0.5060199409897861,0.05466618922266152,0.0,0.0,0.0,0.5340482155566726,0.29910171910892047,0.12311090899314785,0.19291661365817275,0.0
0.0,0.7130401073571062,0.0,0.0,0.032899142863115176,0.13839971167753376,0.43906937440127336,0.5979320208141563,0.07484921721887026,0.7615652101795893,0.0,0.17755581480198052,0.42558489605216576,0.0,0.664875097746456,0.0,0.44726198481616425,0.0,0.0,0.42072682315039645,0.0,0.5488757142536765,0.0,0.0,0.6601133790334139,0.4565581503957802,0.13956672308828247,0.25351417323741,0.23877818560907346,0.5504945263318872,0.5785530942941569,0.0,0.05637346231767443,0.0,0.0,0.07908736779710261,0.26012365112597985,0.0,0.0,0.0,0.0,0.0,0.0,0.0,0.0,0.0,0.0,0.0,0.5307804035573398,0.1642716798196724,0.0,0.3917528669527821,0.609637611646657,0.1288004452161018,0.20476074699441965,0.09061382647044212,0.22403565550058635,0.0,0.0,0.6433835584396824,0.0,0.17581523784071001,0.29173471588773,0.0,0.0,0.9297417097968108,0.0,0.0,0.0,0.0,0.0,0.0,0.0,0.0,0.0,0.0
0.0693722177973223,0.7605698500671121,0.3244054101068766,0.0,0.4527579438850672,0.45363843245367635,0.6236589787137737,0.22270126337543236,0.563347252573552,0.5427523767670823,0.3852793162107123,0.009114299044143436,0.6838727102899801,0.0,0.7637924999511103,0.2619254605876696,0.6508017935211791,0.34577467613016394,0.3436554340875854,0.8900433965170914,0.5488757142536765,0.0,0.0796428388300013,0.0,0.7102151153620762,0.5534714134583332,0.6476794274549843,0.6114169791859233,0.7015552626219699,0.5586060826268981,0.7128479225622334,0.0,0.0,0.0,0.0,0.20740599544569255,0.0,0.0,0.0,0.0,0.0,0.0,0.0,0.0,0.0,0.0,0.0,0.18183630878108095,0.10600926820252457,0.3648579631945462,0.0,0.29084531418475007,0.4438879293492898,0.5161409161378223,0.0,0.45363862894721096,0.0,0.0,0.259543890486673,0.52139040928423,0.028840822955811977,0.2183292658077749,0.3275176187077127,0.28770892561564987,0.5382942879339722,0.5761030678807252,0.38981815574640455,0.0,0.0,0.0,0.0,0.393162495295602,0.2444981798733895,0.059538543369844606,0.0943659359133271,0.0
0.6284970950267894,0.0952024347621018,0.35821297735563973,0.0,0.13220966652125757,0.5902346263116288,0.0,0.536176734509218,0.28359009914694516,0.0,0.34248945649471924,0.025762022212113923,0.021187109632562588,0.2092593861068081,0.10753231944384424,0.4988928478555266,0.0,0.21655204664061894,0.31965320370545364,0.1135330688479167,0.0,0.0796428388300013,0.0,0.45668123708320707,0.20685119418166928,0.3122401576568036,0.3581301353934506,0.0,0.36979929439569803,0.05572894821030404,0.041166466718977786,0.34409152468357634,0.0,0.15565643701004944,0.06624819853247513,0.021018262053977433,0.0,0.36619692096704487,0.31322481543639474,0.0652973838233554,0.15622211784606427,0.048716448779914316,0.03619508427644154,0.2576967818328696,0.19269377985390224,0.46006095729253804,0.29270172693919155,0.4865422615396442,0.0,0.0,0.663938655418172,0.0,0.3496564962610513,0.1269402725846271,0.0,0.01197472646571546,0.0,0.22339331245494787,0.13185274085063522,0.15320147334277345,0.5028723186439122,0.0,0.046705085181585414,0.29967588014868374,0.24770725002277735,0.0,0.37131202342590935,0.8439081331930304,0.4716636327540406,0.3158547062507077,0.37416403782387103,0.5567963035878377,0.20312319557027275,0.5956853140925312,0.4334462898098992,0.4333208119523835
0.5121682486573075,0.0,0.016706473058614685,0.2544287141912144,0.0,0.2599503912747138,0.0,0.1218416997088182,0.0,0.0,0.0,0.3368152031316102,0.0,0.2919668278430737,0.0,0.32908856202268433,0.04188667705863545,0.29905728376138013,0.11474990905909543,0.0,0.0,0.0,0.45668123708320707,0.0,0.0,0.3195811365645446,0.0,0.0,0.0,0.0,0.0,0.5925578244441454,0.14092390463441354,0.49103794969192205,0.4202920316013065,0.08144369581492074,0.0,0.5987548961693029,0.6775180355217583,0.3885672278836732,0.588607586212615,0.26904522860491153,0.2708048616611908,0.45491237063300566,0.47878001002569637,0.5734375080013409,0.5242341642251568,0.15676151693198265,0.0,0.0,0.4759130250054851,0.0,0.0875297505270418,0.0,0.04926210810437156,0.0,0.1630265426784056,0.5061622145961167,0.0806206526877057,0.0,0.6294732508526903,0.2626949071405305,0.1742043867086765,0.14701891197177522,0.03299710400120075,0.0,0.3189167063420183,0.48988134427691915,0.740283173020288,0.6330326206787544,0.7523610236615111,0.17879588724971976,0.4154086229331838,0.35484201337503946,0.45118274301376204,0.6277782773067565
0.1052559053748256,0.8739100962484999,0.0,0.0,0.0,0.45819995076845804,0.3830988858234832,0.37702502428876145,0.20328861055737626,0.5791701436918241,0.09566134084442607,0.07109496206946249,0.5589281606305685,0.0,0.6637861819655118,0.2619368493366684,0.6025809527980585,0.3490978160878522,0.0,0.5149813912119845,0.6601133790334139,0.7102151153620762,0.20685119418166928,0.0,0.0,0.7397164065021689,0.3442929742048672,0.24040037799149985,0.42140710650975016,0.3807954462632456,0.5968177549829184,0.0,0.19092313465379987,0.0,0.0,0.25761064530528055,0.08563187736748619,0.04146087489508226,0.0,0.08363418969072221,0.0,0.0,0.0,0.0,0.0,0.0,0.09671495015558242,0.0,0.19990145568403495,0.04818260244515607,0.0,0.17793470399386851,0.5003270265149198,0.12525820780778718,0.08180291481304452,0.11002512142281705,0.02010041776692254,0.0,0.1317999499806991,0.5736172999497057,0.19764370954722887,0.3233521346626193,0.47583956188423787,0.0,0.11169710149455402,0.7288041935309225,0.10997322991283646,0.023283080272643992,0.16957880690332636,0.15324871662317652,0.08459971486850425,0.18605407912218652,0.0938723698633495,0.0,0.04104984434049413,0.0
0.14770239350429482,0.7107226788982344,0.0,0.1452201124507201,0.0,0.4455038318513954,0.2602959703167386,0.43723464475001245,0.0,0.4662762399585623,0.0,0.42402151787790465,0.630987920918751,0.05568297507754759,0.4059422919193339,0.37469260091299456,0.6879571780087517,0.5625177917719631,0.0,0.2991031225250055,0.4565581503957802,0.5534714134583332,0.3122401576568036,0.3195811365645446,0.7397164065021689,0.0,0.050237823965049715,0.20383152991611295,0.16386123316422113,0.20268524480146374,0.4132285721044477,0.2690747461225817,0.396267075500742,0.1122817331298548,0.0792620672702882,0.20213299287907305,0.09417485385306434,0.2949765491356634,0.1965094383120306,0.28621084160029536,0.11567932697802909,0.0,0.19141163454397786,0.023532497322148443,0.17862069089629298,0.10177831976758422,0.25452310040037174,0.0,0.08908356772214308,0.11374585405485628,0.07471376904332323,0.11145788473795591,0.5356135729991297,0.0,0.16883959255577877,0.04047969385254093,0.30290500670866205,0.2015444006445256,0.21409423443568154,0.3028490536148683,0.22656712091859776,0.5672881398039978,0.48021086887825737,0.0,0.07449037905563496,0.4690858539709947,0.17296233143735856,0.12376316930675048,0.4398420572789811,0.17259831300770476,0.46706194078940944,0.0,0.3044912575411098,0.0,0.1859221782023343,0.0
0.34162493363503177,0.3259296790606496,0.6467556129223695,0.0,0.6327891441716095,0.5828758516194056,0.19681210036295557,0.1459094909144419,0.8441892098774778,0.0,0.7026304464731946,0.0,0.2019341697821891,0.015437505802450261,0.5452783943529776,0.3053160254669512,0.056458458606841365,0.122665812635825,0.6443551582314483,0.7864327155013655,0.13956672308828247,0.6476794274549843,0.3581301353934506,0.0,0.3442929742048672,0.050237823965049715,0.0,0.42067076348924964,0.8722829155445753,0.4218319549650729,0.30906078334755865,0.0,0.0,0.0,0.0,0.0,0.0,0.0,0.0,0.0,0.0,0.0,0.0,0.0,0.0,0.0400657266733684,0.0,0.6221329731078803,0.0,0.2359327093143844,0.3482818427639731,0.0,0.14836675575206576,0.7223794236875436,0.0,0.587007445298185,0.0,0.0,0.17645735707148932,0.43024264767759124,0.16098558334583996,0.0,0.0,0.5692977293429778,0.674416911799285,0.186571327199741,0.5218124910638727,0.360024083009095,0.0,0.0,0.0,0.85355133076157,0.17550089182696454,0.4422192859774642,0.3098424564310147,0.10741217932389387
0.0,0.2847756534700757,0.49247126521896684,0.14576346355832945,0.6489593074376201,0.21982965881423738,0.5548846575857788,0.17980600572459057,0.5459092817661364,0.3921047910789105,0.38528238957093747,0.14309398835052048,0.6480045619665348,0.0,0.45370699719689267,0.13096112917065794,0.44731909442794887,0.281636372934299,0.4848789217367578,0.6700680334653525,0.25351417323741,0.6114169791859233,0.0,0.0,0.24040037799149985,0.20383152991611295,0.42067076348924964,0.0,0.5172451139434667,0.6087434862642583,0.5173425262978133,0.0,0.0,0.0,0.0,0.35944535106382647,0.19803182829914245,0.0,0.0,0.0,0.0,0.0,0.0,0.0,0.0,0.0,0.0,0.35445759889777034,0.1423704034671787,0.4730069337020443,0.11057452916495661,0.32252629849666753,0.2982221641489805,0.6030413569345573,0.13015787816691776,0.582021886386781,0.1594573126905143,0.04909485949816862,0.2355468957299042,0.2575598529421143,0.0,0.19569535025495946,0.2820768572273574,0.47572679873937834,0.46928691857082483,0.26858628806590407,0.2042324373889716,0.0,0.0,0.0,0.0,0.18988218456744996,0.4647766573108736,0.09887464858760489,0.10392938975975415,0.0
0.3889675825279339,0.4315040467897903,0.4402136619123347,0.0,0.4576590490178942,0.6374617947002602,0.27758985446243806,0.16378621412336833,0.6845558011694383,0.06396596185369596,0.4607609330572243,0.0,0.33415636583156966,0.027547723795814362,0.503688367114711,0.4863694580544699,0.20973919151606074,0.2917681845878143,0.4751660166609108,0.7127715776791733,0.23877818560907346,0.7015552626219699,0.36979929439569803,0.0,0.42140710650975016,0.16386123316422113,0.8722829155445753,0.5172451139434667,0.0,0.4848863926236513,0.5305313580649837,0.0,0.0,0.0,0.0,0.1560018705184752,0.0,0.07748858701044052,0.0,0.0,0.0,0.0,0.0,0.031609695812860536,0.028441015133240932,0.17505923265688997,0.0,0.4205278546218065,0.0,0.13565766268758547,0.3098280530588965,0.0,0.19284305511469052,0.5476759843872072,0.0,0.4098785980988667,0.0,0.017259164304754264,0.0726455245722945,0.39341367913272574,0.31644542221804267,0.0,0.1140345702353108,0.37937233978355417,0.5414151046059604,0.27397562833781886,0.5074262054955841,0.3432585125419899,0.018994184548560288,0.0,0.0,0.7405581163966007,0.2822935276946877,0.5333191549338521,0.339053488733193,0.20009647751838341
0.0,0.5025854390377502,0.4045229750402588,0.0,0.3973057018550176,0.24380418708158602,0.23378696435485868,0.43267616806833575,0.38266496961500296,0.32338946477589164,0.35786912716857006,0.13451749192156898,0.2793852872286618,0.0,0.6653174613707407,0.0,0.20784474140896453,0.059498328808522176,0.45842350788288,0.6482548401182413,0.5504945263318872,0.5586060826268981,0.05572894821030404,0.0,0.3807954462632456,0.20268524480146374,0.4218319549650729,0.6087434862642583,0.4848863926236513,0.0,0.38120438903828546,0.0,0.0,0.0,0.0,0.030214022501391852,0.013434568868426935,0.0,0.0,0.0,0.0,0.0,0.0,0.0,0.0,0.0,0.0,0.2852323087684104,0.159374018469665,0.27665750579345816,0.0,0.09626850653505996,0.34550290343615087,0.44736055581143297,0.0,0.4492125024714125,0.10650457168831824,0.0,0.005754449265059921,0.614074544105146,0.0,0.0,0.05878517745966815,0.4018401288431583,0.45512565248648656,0.5300908572694688,0.24569012813018526,0.0,0.0,0.0,0.0,0.18298097630244908,0.24054936968168292,0.0,0.18378872377994726,0.0
0.05649145039630595,0.6462958236574305,0.0,0.21407768089863072,0.1575130510438692,0.20048290053160445,0.7332631752989874,0.1747461631323593,0.24390114047976105,0.6825707208593828,0.0,0.0,0.616804767158626,0.07042396279450487,0.38734550561259234,0.18837926822607828,0.708176553410216,0.17552286141183499,0.0,0.49615271958584417,0.5785530942941569,0.7128479225622334,0.041166466718977786,0.0,0.5968177549829184,0.4132285721044477,0.30906078334755865,0.5173425262978133,0.5305313580649837,0.38120438903828546,0.0,0.0,0.31611029589207923,0.0,0.0,0.3642452353890165,0.22186920957067063,0.04352706822941412,0.0,0.0,0.0,0.0,0.2131236276068408,0.0,0.0,0.0688204775814462,0.0,0.0,0.4546492474710911,0.2641267872016611,0.0,0.5902616718336632,0.5029832062084489,0.1701237974358297,0.29940071066483415,0.08604508057100667,0.0,0.05536041497756108,0.22244923920790582,0.22082073348531597,0.0,0.39373639224448004,0.5341164616579152,0.0,0.05113540246717713,0.641547410361481,0.0,0.0,0.016280403047531738,0.04581010275147897,0.0,0.13244662741277474,0.251494153836845,0.13372013429071306,0.0,0.0
0.39206062294904737,0.0,0.0,0.28067035247266886,0.0,0.09933689495408231,0.0,0.0,0.0,0.0,0.0,0.0,0.0,0.5307122741798791,0.0,0.3395820540935824,0.09825461388901799,0.26814736231267067,0.018857630380848336,0.0,0.0,0.0,0.34409152468357634,0.5925578244441454,0.0,0.2690747461225817,0.0,0.0,0.0,0.0,0.0,0.0,0.31519818170288333,0.4413945364296945,0.6401072439258335,0.147308432225362,0.0,0.5818113830716432,0.8927442882000249,0.3701807003391976,0.645022647529226,0.5689159708168358,0.5233734572182746,0.6672431010720711,0.5730743499320997,0.5580820502063741,0.6567116745202957,0.05534505259325963,0.0,0.0,0.37308926014123356,0.0,0.0,0.0,0.0,0.0,0.0,0.691912293657306,0.3726043761433063,0.0,0.5523748061614394,0.3571179202039834,0.19757284013816714,0.013168634818184614,0.02478651397550921,0.0,0.2731341067340332,0.520751965263233,0.6682263108872131,0.5950117238950389,0.7038234463909513,0.21801933629249015,0.4507135193305504,0.4929508262813004,0.4513292640324871,0.6822364181083613
0.0,0.16758826167580398,0.0,0.44689923937063275,0.0,0.0,0.33248392277682004,0.0,0.0,0.3321287587554416,0.0,0.05671907478222132,0.3090142608624552,0.31683544911334505,0.0,0.07188582142030318,0.49540396028962813,0.20043066229682738,0.0,0.0,0.05637346231767443,0.0,0.0,0.14092390463441354,0.19092313465379987,0.396267075500742,0.0,0.0,0.0,0.0,0.31611029589207923,0.31519818170288333,0.0,0.48096910623191513,0.35644828121491734,0.23093678548667096,0.24200566083840336,0.2720151650598975,0.3712619394356371,0.6512854710969913,0.4490467805846662,0.5195201773318112,0.4011137796062035,0.2660052246310427,0.23237352801267352,0.17340606929732275,0.3996016278040793,0.0,0.31579271949192717,0.018969853846843705,0.0,0.35587256997596634,0.16629076018814512,0.0,0.3693392455892978,0.0,0.11317098788151934,0.3388123164880963,0.18413935870344775,0.0,0.06829861097558429,0.5291928653353022,0.45677637808510135,0.0,0.0,0.09551436833223943,0.0,0.0,0.30826810372820884,0.3743185823811667,0.44864448323183703,0.0,0.08482622827902597,0.0,0.0,0.0674551159414957
0.39766193478477535,0.0,0.0,0.2568081018969396,0.0,0.12620735019836102,0.0,0.0,0.0,0.0,0.0,0.0,0.0,0.4002306362807618,0.0,0.28363057606374054,0.0871517595289047,0.1974499361744176,0.0,0.0,0.0,0.0,0.15565643701004944,0.49103794969192205,0.0,0.1122817331298548,0.0,0.0,0.0,0.0,0.0,0.4413945364296945,0.48096910623191513,0.0,0.514247346056835,0.13969961606152567,0.0,0.4946975369885743,0.5459313700109181,0.58484760264913,0.7912604436229526,0.45826632421861546,0.3363355654291062,0.4765821752566245,0.5118776861007744,0.5145084835239999,0.5687079371792766,0.0,0.0,0.0,0.24235909868554656,0.0,0.0,0.0,0.0,0.0,0.0,0.5306322595676651,0.0,0.0,0.39649918450736404,0.22817515443590985,0.10226636948284618,0.0,0.0,0.0,0.0,0.29810438427539043,0.5543529368726343,0.5939255043348453,0.6241030802624521,0.11911709939363273,0.22351821649306322,0.3043404062777649,0.20076595308276152,0.5266019539032569
0.20745148350351336,0.0,0.0,0.25326779370573743,0.0,0.0,0.0,0.0,0.0,0.0,0.0,0.0,0.0,0.390106352504289,0.0,0.16097114309465235,0.0,0.19218671089571218,0.0,0.0,0.0,0.0,0.06624819853247513,0.4202920316013065,0.0,0.0792620672702882,0.0,0.0,0.0,0.0,0.0,0.6401072439258335,0.35644828121491734,0.514247346056835,0.0,0.08611954955705939,0.0,0.42965300537198503,0.6467581815263014,0.4436723961411752,0.6661041827664117,0.4468678442268656,0.39900542937808187,0.43566377265159156,0.503369434033895,0.4349642963944699,0.5964220308708696,0.0,0.0,0.0,0.2196410795990013,0.0,0.0,0.0,0.0970927426043441,0.0,0.0,0.4837014185718774,0.20665525451957784,0.0,0.38488747023885217,0.28057042321982806,0.0764677841448525,0.0,0.0,0.0,0.157145651544455,0.3199202254762849,0.536871927059538,0.5441863781391959,0.5919320607004547,0.055781366319111965,0.21239938625953309,0.2874575855681946,0.16561690719963448,0.5205974489561899
0.0,0.1924841339413753,0.0,0.26177479880974375,0.22106876205724188,0.1254364915033035,0.4738706389246541,0.026588440349774575,0.11338877877434307,0.35592471461967645,0.0,0.09264138640431335,0.4316277582744693,0.17552534183351795,0.0,0.06096605696909662,0.4058230198117316,0.18120146096589468,0.0,0.09531655044947791,0.07908736779710261,0.20740599544569255,0.021018262053977433,0.08144369581492074,0.25761064530528055,0.20213299287907305,0.0,0.35944535106382647,0.1560018705184752,0.030214022501391852,0.3642452353890165,0.147308432225362,0.23093678548667096,0.13969961606152567,0.08611954955705939,0.0,0.43703115020450184,0.1292600263293567,0.13177484517630839,0.06795131680965136,0.11559068740579799,0.15145914896291018,0.20583211308408011,0.09689792820247849,0.0,0.04774521496033846,0.05222522555908203,0.0,0.22578889128440555,0.2835390737497599,0.06349311294347555,0.2773180754273322,0.18974491691177886,0.1263564117723736,0.0789155193083473,0.008995868874369872,0.13606778309453044,0.25205462016780555,0.2442408916229672,0.0,0.02867187783685635,0.29120182610241974,0.35259513837642087,0.0,0.0,0.15745953708999338,0.0,0.03674020694018444,0.030732913735032938,0.13968748505454104,0.13907776519962967,0.0,0.3040760904387006,0.014184893850045639,0.0,0.017518475789672094
0.0,0.11595017347337029,0.0,0.21487228290204607,0.0,0.0,0.36437202447399347,0.08807872602487798,0.0,0.5703759667300966,0.0,0.31738072119931837,0.28112985478750185,0.0,0.0,0.0,0.13698162991020738,0.0,0.0,0.0,0.26012365112597985,0.0,0.0,0.0,0.08563187736748619,0.09417485385306434,0.0,0.19803182829914245,0.0,0.013434568868426935,0.22186920957067063,0.0,0.24200566083840336,0.0,0.0,0.43703115020450184,0.0,0.0,0.0,0.10449646500521162,0.0,0.02589378012597144,0.0,0.0,0.0,0.0,0.0,0.0,0.524330009454561,0.22946692660298876,0.0,0.47054620667679997,0.23081715136563385,0.0,0.4147270234488578,0.0,0.47858392333816313,0.0,0.005100812441320077,0.0,0.0,0.2483367794382513,0.24199706935436174,0.0,0.0,0.18570651493768195,0.0,0.0,0.0,0.0,0.0,0.0,0.0,0.0,0.0,0.0
