0.0,0.6396232409488557,0.10695055758299202,0.0,0.0,0.14776091927209467,0.22491940460949356,0.059283893543567036,0.09427127971757934,0.3050098156837502,0.1017803683498399,0.28407500580403455,0.0,0.0,0.0,0.4313035616898835,0.17654697436533864,0.16863933906459128,0.26692287258922054,0.0,0.32384247859594983,0.5173273155211068,0.0,0.5336446840597626,0.6608828300941078,0.6236481439727125,0.0,0.0,0.18327497747161245,0.3775174155728958,0.5015998976232404,0.6768794669217392,0.39386936709461384,0.2741123442998556,0.3466659686822795,0.0,0.0,0.0,0.6227810030637279,0.5832446293820577,0.47426364950520555,0.2937803721013205,0.16661961763911212,0.15530829639727095,0.0,0.8007154890238471,0.0,0.12374702062485471,0.10944368893815319,0.25836130762126985,0.10065795980550056,0.4016778198881552,0.0443701658565777,0.05936828166856344,0.14161409099531116,0.15978635240654282,0.03152282632132182,0.36749813584691576,0.33893496468049106,0.0,0.5452145455918065,0.17016787538098618,0.5775671469725149,0.24562603933329996,0.249674326274141,0.28326676739457785,0.2007323929190911,0.0,0.3792588290350773,0.4701637658922423,0.5866133994214993,0.5014187886009502,0.06897141863489584,0.821277011655341,0.3181616274369648,0.6068042334140088
0.6396232409488557,0.0,0.07399047517043066,0.0,0.0,0.11989297674259353,0.3574221330782018,0.18921278776853714,0.08415007237411197,0.1890848942313406,0.0984844160491509,0.4825706422464546,0.06881833607887093,0.0,0.0,0.19416010029000844,0.0,0.0,0.32308700108478405,0.0,0.0,0.36451769801282896,0.0,0.48325208299587624,0.43307712461809256,0.9251186122204749,0.0,0.0,0.0,0.33524304289222806,0.16669855718346052,0.7653272500953654,0.12412264798585074,0.0,0.2939538060154017,0.1092429981664762,0.11487806937274281,0.0,0.5801259363848801,0.4639799109510983,0.30642235842411386,0.2448293170753621,0.34952145446071947,0.36731242837797595,0.0,0.4573206076412823,0.0,0.11734428501386505,0.08610486073330749,0.24189611552158133,0.30459709796480594,0.3899142102771673,0.1343658746808298,0.0,0.0,0.10078303729653754,0.22497704635117538,0.3673923707039301,0.47867571204013815,0.0,0.22672766839227604,0.0626312152878276,0.3248486645948753,0.17022476808419804,0.12185009087671661,0.0,0.0,0.0,0.19260909712929977,0.2956306460585351,0.6148449635184688,0.5400246284322522,0.11358841487207279,0.7288848090085804,0.2504426046767535,0.41415614751730906
0.10695055758299202,0.07399047517043066,0.0,0.2335647386239193,0.649320246305974,0.578464684605742,0.24766633147897227,0.5132482687508878,0.8774659685393992,0.08029654979950239,0.9529116706465002,0.1851394528185727,0.40767133391579796,0.23334198458476965,0.4600569975934773,0.21450595647347218,0.034575694577459376,0.0,0.8142450053074081,0.707706328421988,0.4812269494395316,0.6065436261226632,0.5628851411519541,0.0,0.0,0.18914624789331078,0.541908503325246,0.5773106725320425,0.3232901772398906,0.38474022959027204,0.2912025610358292,0.027063343337425026,0.0,0.15732354266300438,0.0,0.3813205882048869,0.19605011046855433,0.22794008542759525,0.02104691162806642,0.0,0.0,0.0,0.2882980756869134,0.1332651647004862,0.1780282368169598,0.12046454984810058,0.03958770911663362,0.944711258646799,0.4037953300605661,0.7652274059536582,0.43241844324373563,0.23390721579339835,0.5357522767025773,0.7731489251991228,0.10164965973907744,0.9029823413157491,0.11380030085740221,0.30645364419755705,0.27239945746773203,0.45986518571849716,0.2157373086940767,0.04604145705618035,0.0,0.8523788285692425,0.7935234884745278,0.3423935663351238,0.6266570397416288,0.510543483614007,0.0,0.0,0.1668747756298469,0.6275530139474274,0.6507522360697962,0.23093639694696397,0.3941499670935852,0.32433132283089866
0.0,0.0,0.2335647386239193,0.0,0.647763351974108,0.044004181931461286,0.37880454676141745,0.10106234485766306,0.25239018515783795,0.09886945309972797,0.3409816380311567,0.0,0.5163285149374054,0.6421781627760303,0.03618916573399663,0.0,0.057294613136040215,0.03683379762886269,0.190217600995445,0.134143549743874,0.0519057169720033,0.0,0.09248185576346123,0.0,0.0,0.0,0.10803647694681266,0.46152019930419613,0.0,0.0,0.0,0.0,0.0,0.0,0.0,0.501282083168083,0.3555611046319111,0.35931190348553294,0.0,0.0,0.0,0.0,0.03672935720802714,0.0,0.2467898863095099,0.0,0.0,0.22940709494432832,0.14314289235040334,0.1758693341092238,0.0,0.03399512619345171,0.14483519091752797,0.1324404094822018,0.1504745319037214,0.25875249085422375,0.009337140732579746,0.0,0.162221535637361,0.011307429090438257,0.0,0.0,0.0,0.12498711404884418,0.12065075497552914,0.0,0.0,0.0,0.0,0.0,0.0,0.025497101878546327,0.3587372116692262,0.0,0.07143936554958355,0.017618355180573326
0.0,0.0,0.649320246305974,0.647763351974108,0.0,0.37307987107620083,0.592906004829623,0.34624413063416914,0.6437970470021651,0.07923821084323816,0.7349700922359979,0.0,0.6601035917917234,0.6514448792404417,0.2570945456447502,0.0,0.0,0.0,0.5068809719578634,0.42590759006024503,0.26906952104413157,0.2732315749927827,0.43243384112425154,0.0,0.0,0.018139788955953865,0.43202811472652597,0.5915683829789712,0.21533487396550358,0.08001013735702048,0.0,0.0,0.0,0.0,0.0,0.4606531603514722,0.3462120773620578,0.28946856086051537,0.0,0.0,0.0,0.0,0.10321751010080897,0.0,0.2811653638609263,0.034070828918226076,0.02967560567435199,0.6456055223179599,0.476123643678136,0.6661349860974671,0.26075458476721347,0.3377289263806367,0.41461458899658776,0.5758030488852757,0.09413927581894746,0.7103576462761612,0.009027224290722656,0.2691013180507226,0.24896920270981115,0.20652987794062697,0.01258657647326523,0.0,0.0,0.5220529356845478,0.4909141097719917,0.12419884987604372,0.3515377951411623,0.3849676658164358,0.0,0.0,0.0,0.394420464632371,0.545202056547061,0.07780578666395792,0.17137672860101613,0.16001820721465226
0.14776091927209467,0.11989297674259353,0.578464684605742,0.044004181931461286,0.37307987107620083,0.0,0.3356253984896507,0.6865986190400483,0.4435381574928328,0.3485303773782861,0.49782440656061744,0.3082808168775204,0.5698812207342692,0.13500487628972518,0.4349317278599185,0.5822694384816988,0.37021254254847774,0.32312874847872286,0.4284928348695764,0.561211092481799,0.7019222538381154,0.4818275128286978,0.8724889616971028,0.06787013816918226,0.17385887172887585,0.22197113113209077,0.5511421173240894,0.3312635241862413,0.5974646890403666,0.24967961797059834,0.3304841167516751,0.08984076115627557,0.3311192937717764,0.3689189808830147,0.0,0.2319037251493741,0.07115463973271259,0.3371567405571423,0.1269960726976264,0.04173914388191792,0.0797396463823752,0.0,0.16801350886416552,0.08398517865752478,0.2157364872684214,0.04945408844586483,0.49097302485864325,0.48618274800076705,0.3062107987440095,0.5113535964175855,0.7778160975350695,0.3247700781854667,0.703145779606501,0.39224287229312693,0.35436592980168735,0.48738523195320843,0.3234943779475369,0.5954553465800237,0.2370911236724029,0.4266441942841473,0.411288508608077,0.40224533664720913,0.2236026994583148,0.49197360163716364,0.47274325613377394,0.6081764738520041,0.4961029633423561,0.7941543248960263,0.0,0.2511374936337082,0.29551990451662485,0.38908123611041007,0.37923882171349743,0.18962327783390812,0.1608774959084195,0.0
0.22491940460949356,0.3574221330782018,0.24766633147897227,0.37880454676141745,0.592906004829623,0.3356253984896507,0.0,0.2715943169886195,0.34385888166854933,0.33635494169224134,0.33105644526596856,0.17317203227161304,0.49327371858506114,0.2313355359186741,0.0,0.06841676673540227,0.0006532523750469204,0.16356879564190882,0.21785818087973047,0.0,0.24434459748690632,0.11108766308098658,0.19627113440110455,0.0,0.3307767963144643,0.2668834289564023,0.12290417516271024,0.07296923802619366,0.17505358134927015,0.0,0.0,0.14700289976312492,0.006140361481759449,0.0,0.0,0.13312971194647188,0.21287775489081848,0.07629913542874081,0.17853711903621752,0.04675569558972309,0.06500771765378904,0.16380826326149261,0.04007304175894723,0.02396335541495973,0.0361224782224065,0.18434259535391112,0.03815384494827715,0.3179742743979169,0.23694188715629314,0.338678558117439,0.15977504306168908,0.585064110123247,0.22026594830898086,0.3189720616426448,0.20850103975724082,0.38339387683975495,0.0,0.2864716685365797,0.15942167464154214,0.0,0.10232458866350555,0.0,0.11601306784186717,0.21874045565009928,0.08561735782435262,0.17280358412606323,0.0,0.14770571597549156,0.0,0.29094475439991374,0.13406791598168175,0.4512880137027533,0.12864324983520078,0.38065873329581357,0.0035857740174207596,0.1403170788838858
0.059283893543567036,0.18921278776853714,0.5132482687508878,0.10106234485766306,0.34624413063416914,0.6865986190400483,0.2715943169886195,0.0,0.4728207040201262,0.18673092288901072,0.4977871854992245,0.4237338420609264,0.42838417851168276,0.16473052123756843,0.16420429736111866,0.16707540827659045,0.09481331558490397,0.0,0.42824522021988704,0.3260221607318652,0.5678089202324788,0.20765718701880723,0.8158542692605248,0.1446272062675789,0.0,0.29311302854873206,0.19933770755624744,0.2623012449144284,0.14333415645033812,0.18045449612059478,0.10341872358961646,0.14436449412126337,0.13894092160984003,0.17966429739338122,0.0,0.24584757198543736,0.11250561253073034,0.25204071185556576,0.12832963515454865,0.0,0.043416654507192724,0.0,0.3114826693975794,0.09337375465210514,0.16239852706031502,0.06162610032953197,0.12812333399002257,0.4839975142041243,0.3295986995084142,0.3918323162779159,0.5616377735777757,0.2433088667037504,0.9042178644453751,0.41304144788250985,0.1287196226343843,0.4896356857451587,0.37631698543460573,0.4171106160631945,0.3533219735025926,0.11732793823354663,0.10269600424677415,0.1383177569783453,0.0,0.43116052454341824,0.3267739571325071,0.49187011508638,0.22532340071899587,0.753969299464639,0.0,0.02992753244306285,0.2481864698080781,0.21101625211282649,0.33020940352713335,0.07440431842897745,0.07875022360541177,0.0
0.09427127971757934,0.08415007237411197,0.8774659685393992,0.25239018515783795,0.6437970470021651,0.4435381574928328,0.34385888166854933,0.4728207040201262,0.0,0.10975213304552046,0.8266394578476435,0.16428447721707076,0.3250113903305659,0.151375708936745,0.22550675666100478,0.0,0.0,0.0,0.5889612437091011,0.48187890967487373,0.344755222224613,0.3442170408496202,0.4812836569341778,0.0,0.0,0.09564670575364584,0.469569811204099,0.3934881599329925,0.15395627351929234,0.11982055782684298,0.04012220448031904,0.0,0.0,0.04069444249729547,0.0,0.2811069401387215,0.17674189543173163,0.1745622401723808,0.0,0.0,0.0,0.0,0.2740796123831845,0.09894023009093561,0.19269011036834607,0.12788693828904152,0.0,0.9008483359581994,0.41730875189434824,0.7070766672537276,0.2758588199145667,0.3582040057821469,0.45851097598869217,0.9774943122139087,0.060079580202904236,0.874208303185801,0.08681619426015387,0.23590236944452755,0.18153745553619877,0.20328649401248367,0.0,0.0,0.0,0.6553719164033368,0.6028196363004109,0.2590613115869241,0.3638672634864147,0.43365388023025586,0.0,0.0,0.0,0.6416370031786301,0.5101246251086472,0.17484623902704208,0.15421448808147092,0.14803662307586118
0.3050098156837502,0.1890848942313406,0.08029654979950239,0.09886945309972797,0.07923821084323816,0.3485303773782861,0.33635494169224134,0.18673092288901072,0.10975213304552046,0.0,0.0,0.47705263316684315,0.4929630446098717,0.08019391362174769,0.09246707020610562,0.3137845752058098,0.5167218227933654,0.46051194241994603,0.0,0.10585289763710401,0.232628389498911,0.13522103900572163,0.22157770896321463,0.369525227151765,0.5642530454277563,0.37892744748248947,0.08940397452768492,0.23148710121878935,0.1907883850279119,0.09325039016137995,0.14412547070114484,0.1701347585953439,0.1885819705297416,0.05491091728010047,0.0,0.13603002470764586,0.26520486538863025,0.18235098070388225,0.12452169709535618,0.22595345025589114,0.03307467630897869,0.0,0.21731359972729855,0.1683800792757219,0.12145823843096452,0.2172961966242381,0.21804705621982798,0.0976518697407557,0.30656589817211105,0.0734669895544167,0.09174273808584842,0.3163538220492218,0.21756605134124368,0.10534078370660983,0.6943937657291319,0.06959687873413822,0.4087370727783719,0.3577175010199399,0.12634600517835343,0.08575672651346913,0.3050034256148747,0.5469149268551101,0.2723306475627503,0.0,0.11058368944315039,0.14648364316258178,0.10591654329348739,0.14006910353798463,0.2751873760982573,0.5050669979132005,0.39454382016539113,0.06498295631959611,0.28146703418023816,0.1623424444458629,0.12031529800769965,0.1878334844108079
0.1017803683498399,0.0984844160491509,0.9529116706465002,0.3409816380311567,0.7349700922359979,0.49782440656061744,0.33105644526596856,0.4977871854992245,0.8266394578476435,0.0,0.0,0.10352716027456767,0.3805094188342785,0.29584057505673766,0.36976102060023563,0.15843634538846524,0.0,0.0,0.8672282747732427,0.5909308585867062,0.4441619112248298,0.5413718027425602,0.527396409438879,0.0,0.0,0.14191004348569553,0.532740871933984,0.4980342711240398,0.2821964341719159,0.33410380581135946,0.177192485970738,0.015315085685360845,0.0,0.0425564068597206,0.0,0.3999248371494695,0.18925588993367234,0.21303615793856545,0.0,0.0,0.0,0.0,0.22490111705987756,0.10023682281238123,0.20038742938478368,0.17764786392734735,0.03428414576658809,0.9234086534249227,0.3689776251678201,0.782614502446643,0.4495635958276894,0.2930396679162157,0.5487395662393629,0.7490027912799561,0.024425141671019016,0.9627087731373817,0.044271080293204514,0.29202337427953057,0.2842029992477064,0.3563081231420472,0.2165734447014406,0.0,0.0,0.9164305456049103,0.7237247118695134,0.35741294007535096,0.5802276006721554,0.5338603571529491,0.0,0.0,0.18031734336774122,0.6784776128404654,0.5497368945878123,0.2862591788112983,0.3417049059872445,0.3295548455742318
0.28407500580403455,0.4825706422464546,0.1851394528185727,0.0,0.0,0.3082808168775204,0.17317203227161304,0.4237338420609264,0.16428447721707076,0.47705263316684315,0.10352716027456767,0.0,0.2711062793623528,0.0,0.0,0.1727371524208621,0.26860057141093086,0.009495962547412872,0.15038890412384262,0.0,0.0,0.14107392145917425,0.2951937210232501,0.6668110992787202,0.20301097536052856,0.6734054720681126,0.0,0.09991810495398397,0.0,0.1299182203811908,0.0,0.30366012097871686,0.09778378188903691,0.0,0.10621986289551856,0.0,0.20409596930361332,0.0,0.20555544282676927,0.264362313243159,0.05871720470632726,0.0,0.2947460043462445,0.36930711781395154,0.0,0.12762550339860343,0.0,0.24300251247104604,0.17839788669117346,0.11547160718743651,0.3378032667317756,0.16587319681056933,0.3870620939231185,0.18729241126881602,0.09449603927379252,0.157388777062044,0.7378254898526474,0.34350772712691996,0.2380033548337855,0.0,0.10960734538808171,0.23117201322154504,0.0,0.11273297123296702,0.24062756269718302,0.0,0.03181788002618743,0.23525424848687926,0.46994100034666747,0.0969527727984077,0.49097194417089796,0.1244688376226899,0.2648323033092729,0.152558972938937,0.18095822405081893,0.0841643118497636
0.0,0.06881833607887093,0.40767133391579796,0.5163285149374054,0.6601035917917234,0.5698812207342692,0.49327371858506114,0.42838417851168276,0.3250113903305659,0.4929630446098717,0.3805094188342785,0.2711062793623528,0.0,0.5515746027727743,0.25151097601876776,0.29722514861467897,0.4282140130883648,0.2786687047556052,0.27839927724921776,0.3641680201187349,0.36633196583517236,0.20805631866715324,0.4961316172346752,0.0,0.10851296710958784,0.2746699899850747,0.24429525505268518,0.5789956156988034,0.3162771728568621,0.10028709570790985,0.055571689741435545,0.0,0.0,0.0,0.0,0.35177206342085643,0.44437840564914544,0.3474880922505981,0.0,0.0,0.0,0.0,0.09202858808761284,0.035725163483569945,0.20839438799610424,0.0,0.16381849883272948,0.3605359745455445,0.49974869976378855,0.39809435170102947,0.38430824926997786,0.34381046059121073,0.4392846094707562,0.2714832257206801,0.3436454189590666,0.3758952561054988,0.24933671712267036,0.490207401076409,0.22310120157684668,0.19839569032726093,0.17619271736632833,0.3451128939662833,0.0,0.2574515251219898,0.3347569952626523,0.13031182282790124,0.22401459816857072,0.38083150432155277,0.0,0.07447719164419406,0.18550004567010492,0.0903604732819938,0.560141672601017,0.05792249437337482,0.17881551907573637,0.08278003068084643
0.0,0.0,0.23334198458476965,0.6421781627760303,0.6514448792404417,0.13500487628972518,0.2313355359186741,0.16473052123756843,0.151375708936745,0.08019391362174769,0.29584057505673766,0.0,0.5515746027727743,0.0,0.2686385782187731,0.0,0.1341349671141792,0.0323567242604701,0.18641234341250443,0.3083800757242831,0.09879413365573576,0.05647527255140059,0.15433975859981403,0.0,0.0,0.0,0.16508420884785685,0.5434213661090905,0.12818579485466483,0.0,0.0,0.0,0.0,0.0,0.0,0.5099984058726651,0.40887412076948293,0.35045813658553626,0.0,0.0,0.0,0.0,0.0,0.0,0.27498597782019624,0.0,0.012983993248144234,0.19368036078644607,0.1800495725684472,0.16892473042530118,0.03591810939332019,0.0,0.22910545954847003,0.04312016970708567,0.21634237508894827,0.20002355847136732,0.012831431153824287,0.028324433298218172,0.1892817442342102,0.2106714459043148,0.0,0.08722841510308797,0.0,0.12364299639245957,0.22013655465084223,0.0,0.1445606127969147,0.10931909786556711,0.0,0.0,0.0,0.0,0.38349846301569773,0.0,0.102124606773018,0.0
0.0,0.0,0.4600569975934773,0.03618916573399663,0.2570945456447502,0.4349317278599185,0.0,0.16420429736111866,0.22550675666100478,0.09246707020610562,0.36976102060023563,0.0,0.25151097601876776,0.2686385782187731,0.0,0.37669489197289496,0.29565808489157264,0.23931235255034888,0.23860813651770593,0.8630558934373586,0.4643370010640256,0.455243821629343,0.5348813025254632,0.0,0.0,0.0,0.7530764208688666,0.5220408155260673,0.6567993920633972,0.22939190481126323,0.29743172089718933,0.0,0.16262103145570048,0.26441793339192216,0.0,0.20334870392555107,0.07839382225513929,0.5169321687409473,0.0,0.0,0.0,0.0,0.018999954504744423,0.0,0.3673695204695583,0.0,0.6241967697322833,0.3023813733090952,0.2920925392443188,0.25217339256045734,0.2825977146906148,0.0,0.2495577796824287,0.25358403392478734,0.22732522098168925,0.3058554687039824,0.05390881525172638,0.12563807593719956,0.0,0.9704620407796419,0.23862084984072834,0.26876872393375684,0.0,0.37127465807480403,0.5582926582771255,0.4669628797407652,0.7581979131526871,0.46553772192309045,0.0,0.0,0.0,0.0,0.41422662106702485,0.0,0.2471426675562472,0.04188054519623812
0.4313035616898835,0.19416010029000844,0.21450595647347218,0.0,0.0,0.5822694384816988,0.06841676673540227,0.16707540827659045,0.0,0.3137845752058098,0.15843634538846524,0.1727371524208621,0.29722514861467897,0.0,0.37669489197289496,0.0,0.6381810072790026,0.6797366731780927,0.35195937694694723,0.3690214569619234,0.5931612547602937,0.6194685808140572,0.3101183722560058,0.38199024050962094,0.40182999166156425,0.29946776495633287,0.29216556026309376,0.16518155905493578,0.6394541614843956,0.4796833696019231,0.6520699871956043,0.35094401737929665,0.5656877605967706,0.4398196183729768,0.1915219708990426,0.05168412690560488,0.0,0.06855415287302787,0.4125088945337553,0.38655975534639886,0.40784226926382317,0.07798458478112891,0.16006148817385943,0.14375437875894462,0.010049116970720069,0.2541656800483483,0.4284527213428074,0.07044022353064583,0.13849476918036482,0.21079774591386866,0.4918695505666393,0.2513111851151146,0.18756602188120577,0.0,0.3091522952974735,0.11004671666620479,0.10166772637762285,0.5575471206431021,0.05016831832102344,0.438381936403391,0.7542644131390012,0.6060622889366798,0.6178571885435722,0.3918492126980536,0.39402135466712396,0.5399352675342535,0.5582649118424825,0.27942742102576634,0.23113959829308603,0.3455189733306767,0.4434218153710073,0.25486108142013675,0.20845051948239948,0.4312405871277114,0.37425383115609534,0.4034189676992242
0.17654697436533864,0.0,0.034575694577459376,0.057294613136040215,0.0,0.37021254254847774,0.0006532523750469204,0.09481331558490397,0.0,0.5167218227933654,0.0,0.26860057141093086,0.4282140130883648,0.1341349671141792,0.29565808489157264,0.6381810072790026,0.0,0.6848454379084359,0.0,0.32061407407663906,0.29487894784325247,0.27291612186010905,0.18183561190305103,0.3075948403895991,0.28206607308440573,0.30746580182092875,0.10016014514654353,0.3562056471336154,0.39808744504821747,0.3028649637521354,0.4397951260776116,0.09378140895333255,0.2759015534993539,0.23984793325856904,0.0,0.1518340245203078,0.18429094100067173,0.1731427487959199,0.09715250541323735,0.13831526126862434,0.05393580710823965,0.0,0.10207682954329532,0.139807950867294,0.04676307296126783,0.0,0.25579687652379185,0.0,0.17551591948282014,0.0,0.1640231798718526,0.01319238588648299,0.11317354150433134,0.0,0.48456532650820133,0.0,0.286916652137392,0.3011117907535936,0.0,0.3522355210713574,0.39452030484135675,0.7114116889410061,0.35516972893951065,0.0,0.2108455057141395,0.13052543715914017,0.22859841481625068,0.02777688018554984,0.15330418561582845,0.15735887820105382,0.26321680380260787,0.0,0.3240538570247264,0.019213400814668664,0.24409898392339624,0.1199735249593514
0.16863933906459128,0.0,0.0,0.03683379762886269,0.0,0.32312874847872286,0.16356879564190882,0.0,0.0,0.46051194241994603,0.0,0.009495962547412872,0.2786687047556052,0.0323567242604701,0.23931235255034888,0.6797366731780927,0.6848454379084359,0.0,0.004101816620093017,0.1672516767917901,0.3430942839147172,0.25376371128599173,0.08875217928093745,0.185089595524815,0.5367894931733505,0.06473395352125176,0.267368118720471,0.08101671347383253,0.5334994970450196,0.09768019526432067,0.301550887549767,0.02070462709953616,0.25093192180289675,0.14718823774538886,0.0,0.03565033601636819,0.0,0.10006522764714794,0.1023146485375575,0.24177263192016196,0.1881109945051013,0.044142578727981885,0.0,0.0,0.10201431437719313,0.0688019748341745,0.41628256779761463,0.0,0.0,0.0,0.1854445745245143,0.17157333656059356,0.0,0.0,0.5127309271320022,0.0,0.003630725371935265,0.2668452198665352,0.0,0.28891563447488444,0.5377129179473749,0.5874859352672624,0.5831495591102047,0.029348860197207918,0.16401030990133006,0.2596765746515186,0.3158656093930433,0.0,0.16810515296215825,0.4468750206276511,0.22401397009966512,0.06969959594890256,0.10005953166062362,0.2292418721408327,0.2081892376673208,0.32266507717928355
0.26692287258922054,0.32308700108478405,0.8142450053074081,0.190217600995445,0.5068809719578634,0.4284928348695764,0.21785818087973047,0.42824522021988704,0.5889612437091011,0.0,0.8672282747732427,0.15038890412384262,0.27839927724921776,0.18641234341250443,0.23860813651770593,0.35195937694694723,0.0,0.004101816620093017,0.0,0.4583287075858773,0.4220573529067748,0.691501037671221,0.35148298583751175,0.03528896304330433,0.0,0.3565269314520718,0.24328116146904305,0.430959964554148,0.2085522638493637,0.507394727607111,0.3341732337310679,0.24364744270076213,0.0,0.10903232481823989,0.0,0.38514476541778586,0.1610316529567728,0.10408101399966252,0.20585490907612894,0.0,0.11455490344679037,0.0,0.35251922854859213,0.21481926144109362,0.09583492412037194,0.2937043484625419,0.0,0.7187480272909831,0.3012825792347463,0.7296160221259578,0.5304371982001579,0.25912195200529015,0.4716137652492151,0.43924941304423376,0.0,0.7633797251856044,0.06010629774715715,0.361611533252454,0.41304429878885573,0.2566425151750695,0.3629979850488078,0.05873428707351999,0.1529190443266755,0.9559466898747717,0.7193011409275363,0.3112729304580125,0.6071241242213785,0.42835448229603934,0.0,0.029814697416380476,0.4095404110379037,0.6829509845800471,0.5549322010764679,0.4903333596666232,0.5257487762640801,0.5087175804660767
0.0,0.0,0.707706328421988,0.134143549743874,0.42590759006024503,0.561211092481799,0.0,0.3260221607318652,0.48187890967487373,0.10585289763710401,0.5909308585867062,0.0,0.3641680201187349,0.3083800757242831,0.8630558934373586,0.3690214569619234,0.32061407407663906,0.1672516767917901,0.4583287075858773,0.0,0.5446702977630296,0.6710532566550601,0.5621670849847972,0.0,0.0,0.0,0.7073323115189407,0.7431802834459078,0.6147069896715434,0.46704454995897116,0.46169748557700335,0.0,0.08166220938574285,0.3756375735020205,0.0,0.3819396881374741,0.2576842488863037,0.4585834084378031,0.0,0.0,0.0,0.0,0.21450414562687597,0.04645652366095015,0.33950154982132186,0.0,0.38582357847657867,0.5618696030712834,0.3901362704432444,0.4858993140494286,0.36477649582730676,0.0,0.4170808151587336,0.42315047173586723,0.2347171660043449,0.4999700113228285,0.14965769850599606,0.256842504438337,0.03574033621390007,0.8867779049449807,0.2708689640509092,0.3116859749735669,0.011778371296457292,0.5293288325137594,0.8308707833994384,0.4568432053438505,0.812499691438488,0.48297958247777484,0.0,0.0,0.023095322653046486,0.211253989227765,0.6947861935839841,0.0,0.49241931052993915,0.15185769258183182
0.32384247859594983,0.0,0.4812269494395316,0.0519057169720033,0.26906952104413157,0.7019222538381154,0.24434459748690632,0.5678089202324788,0.344755222224613,0.232628389498911,0.4441619112248298,0.0,0.36633196583517236,0.09879413365573576,0.4643370010640256,0.5931612547602937,0.29487894784325247,0.3430942839147172,0.4220573529067748,0.5446702977630296,0.0,0.5280892974843853,0.6611253754651706,0.06020259691607874,0.2869821077775266,0.06765890761261509,0.5172359325498338,0.3097371312744218,0.7089295867033715,0.4160714382165755,0.598780281948347,0.23520475826475007,0.4193273373404482,0.5334725035862135,0.0,0.19880046511201657,0.0,0.3618965405079225,0.3553868038429338,0.08225810163116891,0.26797775492453524,0.08610195800763433,0.20677848096842866,0.0,0.23936023509907375,0.31354423405425835,0.47102332321789286,0.34933110164186937,0.3078393842962762,0.4101070180389827,0.4253467258427536,0.28366388675016996,0.6096832088108995,0.2572159627821497,0.3115158311873538,0.3727899754274658,0.0,0.4329143495423031,0.20151255134204102,0.44671729860377735,0.42109851836851164,0.3006183362761031,0.3097009352600428,0.5123320552727669,0.42268862869547974,0.8392658142651765,0.5209170194849666,0.6149681097790316,0.0,0.21923015038662153,0.20303220956147178,0.31305439975983346,0.28344694504258827,0.2963433084304921,0.22235574982271283,0.18168848165719928
0.5173273155211068,0.36451769801282896,0.6065436261226632,0.0,0.2732315749927827,0.4818275128286978,0.11108766308098658,0.20765718701880723,0.3442170408496202,0.13522103900572163,0.5413718027425602,0.14107392145917425,0.20805631866715324,0.05647527255140059,0.455243821629343,0.6194685808140572,0.27291612186010905,0.25376371128599173,0.691501037671221,0.6710532566550601,0.5280892974843853,0.0,0.2504039162377484,0.14435452536691154,0.28150560298731664,0.4708676585896948,0.3164828190354514,0.5051328456887612,0.5048550473996416,0.7109729631915906,0.6758218927130574,0.40848112248300167,0.2796528924877435,0.4487242898490829,0.07069101434266427,0.39420950129668697,0.19358185539494588,0.16793569730606522,0.4000693739211915,0.21188487686472357,0.4119691849165991,0.1638481051356266,0.3167596883652974,0.2773654607342362,0.09295585202337016,0.42210101404224987,0.0,0.47471805490969066,0.3379131441072142,0.5595938441730134,0.44111465578234815,0.21763992368312232,0.2741620357573261,0.21198545482332432,0.22337750627864936,0.4593452945003118,0.12370431517186412,0.46103868398456993,0.3371027430331469,0.508774033658213,0.613752502918854,0.32079026888287,0.4386982772335973,0.638820850866325,0.827924991855918,0.43818982730872325,0.8244252110203361,0.30099668933981993,0.0,0.19785320418484934,0.5575586543605441,0.6129259195452185,0.6165102446357729,0.6048367733752561,0.7315554411095009,0.6727746780980565
0.0,0.0,0.5628851411519541,0.09248185576346123,0.43243384112425154,0.8724889616971028,0.19627113440110455,0.8158542692605248,0.4812836569341778,0.22157770896321463,0.527396409438879,0.2951937210232501,0.4961316172346752,0.15433975859981403,0.5348813025254632,0.3101183722560058,0.18183561190305103,0.08875217928093745,0.35148298583751175,0.5621670849847972,0.6611253754651706,0.2504039162377484,0.0,0.0,0.0,0.0,0.6344211205300713,0.342237829806412,0.45098732767950134,0.09288115817498262,0.10849853664678748,0.0,0.1775202612427163,0.22309803985526816,0.0,0.17646408564743635,0.0156833355505523,0.39416268514005354,0.0,0.0,0.0,0.0,0.16666630335285057,0.008175178218279237,0.29980593041370096,0.0,0.5533252665164535,0.49555058181397116,0.3243909065206471,0.4322622122878796,0.6328936422362481,0.21177323630011208,0.8206744038644859,0.4797955714975429,0.2057814924601474,0.543594158303312,0.3458547876059952,0.4390904932775046,0.1855273731798055,0.46723371705462946,0.1895495637833848,0.20660563412013006,0.0,0.45495090063188126,0.3710743269485641,0.6274012229601491,0.4390021591481411,0.9129609496378579,0.0,0.035362196648282954,0.1338242532598803,0.1626323512951387,0.31610691858244316,0.0,0.0,0.0
0.5336446840597626,0.48325208299587624,0.0,0.0,0.0,0.06787013816918226,0.0,0.1446272062675789,0.0,0.369525227151765,0.0,0.6668110992787202,0.0,0.0,0.0,0.38199024050962094,0.3075948403895991,0.185089595524815,0.03528896304330433,0.0,0.06020259691607874,0.14435452536691154,0.0,0.0,0.4613064009258789,0.6150009309548514,0.0,0.0,0.0,0.20844073161591084,0.21741448447836006,0.5360263691469239,0.3402995586937691,0.0,0.367003876605951,0.0,0.0,0.0,0.438840510930613,0.5909338478527533,0.3240582927738172,0.0,0.12751376708394463,0.32805748689541103,0.0,0.4395808460193622,0.0,0.0,0.0,0.0,0.15881212435799671,0.14526533409700387,0.09366728188231128,0.0,0.08096058835146042,0.0,0.38603621213625094,0.269468655944757,0.03476666146519301,0.0,0.3782687681954357,0.3013108198878321,0.34693117606731916,0.0,0.0285831251780564,0.11164371858104799,0.0,0.0,0.7863000815721279,0.3675179842112648,0.565864052014048,0.05160093565147779,0.0,0.39862246629002485,0.15222454887776787,0.3253018441228842
0.6608828300941078,0.43307712461809256,0.0,0.0,0.0,0.17385887172887585,0.3307767963144643,0.0,0.0,0.5642530454277563,0.0,0.20301097536052856,0.10851296710958784,0.0,0.0,0.40182999166156425,0.28206607308440573,0.5367894931733505,0.0,0.0,0.2869821077775266,0.28150560298731664,0.0,0.4613064009258789,0.0,0.4373740878547991,0.0,0.0,0.23739809684758262,0.03589159138732875,0.2736328116551552,0.43071591618944577,0.30136653082754333,0.0746612498041528,0.08401497303836111,0.0,0.0,0.0,0.3656622152759297,0.5421424966329429,0.3092961986006792,0.28378928294692557,0.0,0.012701087296423892,0.008504070360220642,0.6161739966117932,0.1174627411484326,0.0,0.0,0.08144361010364429,0.0,0.4114365670553081,0.0,0.0,0.4788725787819424,0.024163817763175076,0.027007843367482375,0.34865204296230184,0.05252173998442916,0.0,0.5183526655948062,0.34201485643182955,0.6113065591526182,0.0,0.0,0.22123453405658405,0.09116483806327709,0.0,0.348034032662781,0.7864991569400227,0.5184026153457512,0.32666023276732914,0.0,0.6261716038236255,0.14351530166880702,0.46547222571346775
0.6236481439727125,0.9251186122204749,0.18914624789331078,0.0,0.018139788955953865,0.22197113113209077,0.2668834289564023,0.29311302854873206,0.09564670575364584,0.37892744748248947,0.14191004348569553,0.6734054720681126,0.2746699899850747,0.0,0.0,0.29946776495633287,0.30746580182092875,0.06473395352125176,0.3565269314520718,0.0,0.06765890761261509,0.4708676585896948,0.0,0.6150009309548514,0.4373740878547991,0.0,0.0,0.14739043211788755,0.0,0.4228322215095948,0.24665098939071056,0.6954851385862273,0.10629945208685544,0.0,0.1900411618247523,0.18142365978276637,0.34203386323372525,0.0,0.47138046564554414,0.4125041728444758,0.26083128210863515,0.11112365698008622,0.3606080263837608,0.4046701028510196,0.0,0.40206250333205984,0.0,0.1912227549705255,0.14595317812267958,0.22461820799690588,0.3464979232697889,0.2516727392001409,0.24171244778975878,0.0,0.1324857757729141,0.11828108898299755,0.43976276135908704,0.4383781800927166,0.43246258736898585,0.0,0.31972599894923953,0.27454035756775774,0.32354997965765186,0.20779497953407394,0.3261381708242251,0.0,0.054276994985893466,0.02001020091987289,0.2277452037113724,0.2562141525475209,0.7497062307752327,0.41447736103980715,0.3496168066002099,0.6314586170372648,0.44790004526416966,0.47351467981934836
0.0,0.0,0.541908503325246,0.10803647694681266,0.43202811472652597,0.5511421173240894,0.12290417516271024,0.19933770755624744,0.469569811204099,0.08940397452768492,0.532740871933984,0.0,0.24429525505268518,0.16508420884785685,0.7530764208688666,0.29216556026309376,0.10016014514654353,0.267368118720471,0.24328116146904305,0.7073323115189407,0.5172359325498338,0.3164828190354514,0.6344211205300713,0.0,0.0,0.0,0.0,0.3307106089438648,0.7632698313124837,0.0,0.1432676621115081,0.0,0.08593898018178144,0.23620556535175743,0.0,0.11806771017372765,0.0,0.43025977926031844,0.0,0.0,0.0,0.0,0.0,0.0,0.4137155079707975,0.0,0.7523312606864864,0.49189336600473704,0.15464395689242214,0.3570853581360457,0.24358429737554413,0.11312751391067043,0.26734484203575926,0.5188073047926047,0.2413581051647509,0.530434444083542,0.0,0.10317056398972133,0.0,0.7018598561347875,0.20423006213614914,0.10051941772725585,0.0,0.44330167135867193,0.43994939674167965,0.5535025496380109,0.6403443710720595,0.5312890488603556,0.0,0.06981700532049388,0.0,0.3097803379362094,0.21320804791120018,0.0,0.0,0.0
0.0,0.0,0.5773106725320425,0.46152019930419613,0.5915683829789712,0.3312635241862413,0.07296923802619366,0.2623012449144284,0.3934881599329925,0.23148710121878935,0.4980342711240398,0.09991810495398397,0.5789956156988034,0.5434213661090905,0.5220408155260673,0.16518155905493578,0.3562056471336154,0.08101671347383253,0.430959964554148,0.7431802834459078,0.3097371312744218,0.5051328456887612,0.342237829806412,0.0,0.0,0.14739043211788755,0.3307106089438648,0.0,0.2982698445302804,0.4183352755962115,0.304668693523785,0.0,0.0,0.18475948451678237,0.0,0.5987720611925038,0.5226317172862701,0.4769891825945022,0.0,0.0,0.0,0.0,0.25480157151575844,0.10594538550611106,0.2564674528601099,0.0,0.0,0.4350431856667362,0.5230743379695303,0.42473958827917746,0.23540040469232548,0.0,0.34034031564489176,0.26090781299238336,0.25172128670108646,0.3836946552132279,0.24002623957234032,0.20136182886413853,0.2268941310306652,0.5364051498146638,0.04660205747396471,0.28586839757885923,0.0,0.37935314562016814,0.6883878707153605,0.0766942423854711,0.5211297073875365,0.24733020459939267,0.0,0.0,0.07907798189583469,0.09312736295058337,0.866664048945101,0.0,0.49998953572399135,0.20478526602956185
0.18327497747161245,0.0,0.3232901772398906,0.0,0.21533487396550358,0.5974646890403666,0.17505358134927015,0.14333415645033812,0.15395627351929234,0.1907883850279119,0.2821964341719159,0.0,0.3162771728568621,0.12818579485466483,0.6567993920633972,0.6394541614843956,0.39808744504821747,0.5334994970450196,0.2085522638493637,0.6147069896715434,0.7089295867033715,0.5048550473996416,0.45098732767950134,0.0,0.23739809684758262,0.0,0.7632698313124837,0.2982698445302804,0.0,0.29002676158156737,0.5657255395815566,0.0,0.37007187811203546,0.5269121379692007,0.0,0.10497809807289399,0.0,0.38308306960818395,0.056088012295755586,0.0,0.1535315655911162,0.07791922632976037,0.0,0.0,0.3058971886699074,0.1593011126274899,0.6879535417529423,0.18561305858225363,0.17190464678719905,0.24624542396857477,0.2303100162294533,0.14944748900092258,0.21379225692482107,0.1330460455425505,0.4093421747473375,0.22422216893971086,0.0,0.30507731299604607,0.0,0.6387485144693049,0.5431097140088726,0.3696486604249287,0.4358080427689873,0.34289107255887596,0.37165197568574293,0.6601460969757911,0.6399711693746936,0.3831782761591554,0.0,0.2969567474171312,0.023168632494543005,0.18283101998039902,0.19822335671079522,0.173213032338141,0.19040171183313728,0.19108417173359643
0.3775174155728958,0.33524304289222806,0.38474022959027204,0.0,0.08001013735702048,0.24967961797059834,0.0,0.18045449612059478,0.11982055782684298,0.09325039016137995,0.33410380581135946,0.1299182203811908,0.10028709570790985,0.0,0.22939190481126323,0.4796833696019231,0.3028649637521354,0.09768019526432067,0.507394727607111,0.46704454995897116,0.4160714382165755,0.7109729631915906,0.09288115817498262,0.20844073161591084,0.03589159138732875,0.4228322215095948,0.0,0.4183352755962115,0.29002676158156737,0.0,0.6969577616951891,0.49183260479178703,0.2700168632215205,0.4951769838051779,0.1606403922400609,0.3491051398664084,0.13858109093628745,0.12873281402251033,0.4896356535646352,0.15405562525842983,0.2904865651913968,0.08453130933534646,0.37191912090625107,0.19156664163185755,0.0,0.3131949089111878,0.0,0.21631534475335837,0.3111157476176115,0.3107082121815528,0.2812812911228131,0.09762337295560428,0.24913519965149386,0.0,0.13980922190240425,0.16945910440517836,0.11581231526500622,0.3100533476199842,0.3189540163033117,0.3361942634615704,0.4264881880552528,0.3196003996380053,0.3559768295321507,0.4342509465084584,0.5670846581618202,0.3628215776172299,0.4778760971841157,0.13556420722078785,0.03701466479442586,0.0,0.41585545901721,0.28906019985000087,0.49154058975983733,0.4800356944444921,0.6919539813364631,0.5174825785111558
0.5015998976232404,0.16669855718346052,0.2912025610358292,0.0,0.0,0.3304841167516751,0.0,0.10341872358961646,0.04012220448031904,0.14412547070114484,0.177192485970738,0.0,0.055571689741435545,0.0,0.29743172089718933,0.6520699871956043,0.4397951260776116,0.301550887549767,0.3341732337310679,0.46169748557700335,0.598780281948347,0.6758218927130574,0.10849853664678748,0.21741448447836006,0.2736328116551552,0.24665098939071056,0.1432676621115081,0.304668693523785,0.5657255395815566,0.6969577616951891,0.0,0.3735912753761952,0.49804239128686506,0.7486354041804274,0.218054022426492,0.2727902093412844,0.0,0.1970812322394617,0.4033467908422171,0.21682331665157686,0.3217809243874109,0.19523182814128232,0.24732920949882048,0.03997274621697224,0.06960568194788082,0.44529999422361743,0.09589465065134854,0.1235673339782801,0.2081247627705384,0.24963377818643617,0.13119159424563062,0.09767251023286809,0.0894118427799821,0.0,0.31648861591152383,0.08021754163977561,0.0,0.27578392250950556,0.19333662647772482,0.36439026921064743,0.5376508492642753,0.45781231308593306,0.5907801546442634,0.3299078582062194,0.4056762197613647,0.4655910191782503,0.4350935564919642,0.0680119114729243,0.0870623442243975,0.11844080682375303,0.27928924866199223,0.18666682733720377,0.29372747785267345,0.4207846514193816,0.5288577579890467,0.4642030991766087
0.6768794669217392,0.7653272500953654,0.027063343337425026,0.0,0.0,0.08984076115627557,0.14700289976312492,0.14436449412126337,0.0,0.1701347585953439,0.015315085685360845,0.30366012097871686,0.0,0.0,0.0,0.35094401737929665,0.09378140895333255,0.02070462709953616,0.24364744270076213,0.0,0.23520475826475007,0.40848112248300167,0.0,0.5360263691469239,0.43071591618944577,0.6954851385862273,0.0,0.0,0.0,0.49183260479178703,0.3735912753761952,0.0,0.3445373604945745,0.19463775218085935,0.3764592839857023,0.0,0.0,0.0,0.8554788090990129,0.5060649231844059,0.40472173390686433,0.2207976772127909,0.3324650067408453,0.2238186275960926,0.0,0.555122942997389,0.0,0.022191294530377974,0.0897040363512985,0.10941141795251763,0.15898641704859806,0.3051053112386102,0.12974352095233652,0.0,0.03642100216375204,0.0,0.08228409859240948,0.3478895755020211,0.3378632211164831,0.0,0.363903179172602,0.14015998723521,0.4920709162667457,0.1478324506005967,0.15834423844325488,0.206910510834203,0.0,0.017351858303077745,0.3585453642352275,0.2802199165844479,0.5222014779401631,0.39190908123230256,0.03297797010824138,0.7048553620533334,0.35402483905005533,0.42825807977934066
