0.0,0.2513179270763384,0.0,0.09517064496920467,0.0,0.0,0.3855966535644747,0.24956508174633724,0.0,0.3242367249070123,0.0,0.14650056943804157,0.0,0.0,0.0,0.47449962072903396,0.40282281907995043,0.4611607520326725,0.0,0.0,0.6175573856287407,0.0,0.15998077524265128,0.28431187649064144,0.3352337892935523,0.245389171240532,0.0,0.0,0.2847830690008607,0.0,0.4320243909093671,0.35674232052368016,0.24724679689892143,0.2794695473054602,0.0,0.0,0.0,0.03475888695391207,0.26697564776668903,0.21555602356493794,0.33760633923135486,0.02089157671274367,0.1845731895791726,0.20993805290267356,0.26527058210267007,0.766465125407401,0.24075661787720237,0.0,0.07865558645288535,0.0,0.06775095424714146,0.2614091781320475,0.052396483290207296,0.08325649649625534,0.3891319830987051,0.0,0.0,0.0839481253979752,0.0,0.0,0.5239962122599053,0.19954641593983533,0.2703955665705275,0.0,0.0,0.5958761218475608,0.0,0.0615616041604681,0.4189273665316216,0.0,0.1227197631894402,0.0,0.0,0.3094273151876975,0.0,0.01301697353590712
0.2513179270763384,0.0,0.0,0.0,0.0,0.0,0.2864526840043669,0.1544586187000566,0.0,0.40160324483867027,0.0,0.3692379851726059,0.3874197923267028,0.0,0.03258495632902566,0.2776365855328131,0.3092941423783249,0.35871266105262684,0.0,0.0912904963268248,0.4162145815526032,0.6429394446502221,0.08445773253154215,0.32526751032488155,0.6607862540380574,0.8222810179195934,0.0,0.0,0.41919950819688806,0.13439046139905245,0.043136921300428746,0.1678857768674174,0.2639727382224559,0.5002149814427287,0.024632654411803637,0.0,0.0,0.0,0.1903208748421526,0.3357406352573629,0.17461438414894176,0.0,0.13722253771305717,0.2646859074913777,0.08329666359576908,0.06631466375088817,0.6090986160671293,0.0,0.0,0.0,0.0,0.0,0.0,0.0,0.24429115965638742,0.0,0.25277516474618317,0.1959631282797077,0.0,0.1612323234148352,0.2411287963680546,0.30732454977299056,0.32808226777131827,0.0,0.2951565891694025,0.2591467493672945,0.5230261934390792,0.0,0.2286967735305977,0.42517081963449704,0.623514895680215,0.0,0.18214671690776357,0.36985912535086946,0.34588787153818523,0.3578407327081509
0.0,0.0,0.0,0.0,0.628118670982637,0.5816470806302398,0.047498340741501645,0.31298343087334174,0.814691654697532,0.0,0.9128307566460918,0.26701967595226495,0.15715189582598418,0.3485004273578196,0.5442716715088158,0.0,0.0,0.0,0.8977057102555936,0.8259643656016546,0.0,0.21849179176488986,0.43048724409033057,0.12469904389596795,0.0,0.0,0.7881762457454087,0.4528105271771242,0.28731286441352993,0.17982827228981083,0.0,0.0,0.0,0.0,0.0,0.0,0.0,0.0,0.0,0.0,0.0,0.012948554624873715,0.0,0.0,0.0,0.0,0.15032935792993926,0.9304315313823008,0.0,0.5534848550522791,0.5192132032178354,0.15642037971238593,0.44870139824958954,0.6910607740898237,0.1367348598440752,0.8296070669195436,0.37670674518470043,0.1884338216809231,0.15960056145782514,0.5659634040850218,0.0,0.12205284156326912,0.0,0.781454418808399,0.6651449965747235,0.0,0.3940723165013148,0.5608573539439616,0.04469332716684155,0.0,0.07813328481068343,0.7961352457737925,0.352710738792225,0.1664428563896631,0.28384852199811594,0.0
0.09517064496920467,0.0,0.0,0.0,0.0,0.0,0.0,0.0,0.0,0.0,0.0,0.0,0.0,0.12465918997663446,0.0,0.011066037711874118,0.0,0.0,0.0,0.0,0.0,0.0,0.0,0.0,0.0,0.0,0.0,0.0,0.0,0.0,0.0,0.26927446809421285,0.0,0.0,0.22385355729365913,0.32501841123490577,0.18245625861819506,0.36037806002001527,0.08821784989445405,0.0,0.0,0.16819223532722083,0.02118630195550961,0.0,0.11134182513122007,0.16122957015005784,0.0,0.0,0.8125893861901208,0.21588476319661776,0.0,0.0,0.0,0.0,0.0,0.0,0.0,0.0,0.4666103269479347,0.0,0.031113802362828104,0.0,0.0,0.0,0.0,0.0,0.0,0.0,0.0,0.0,0.0,0.0,0.0,0.0,0.0,0.0
0.0,0.0,0.628118670982637,0.0,0.0,0.2707658190836437,0.2609955367936773,0.16927129934667884,0.7884511701448601,0.24465129086092255,0.78889644540935,0.3972902227316043,0.4713348707774643,0.47672805289763703,0.33300884188098284,0.0,0.03871276082496595,0.0,0.516918556924873,0.4377151153375644,0.0,0.0,0.2991922946046649,0.2628369837875046,0.0,0.0,0.4598789558961688,0.5268577601383061,0.15062714038684472,0.16260251000277254,0.1165227737208069,0.0,0.0,0.0,0.0,0.0,0.0,0.0,0.0,0.16800317450024613,0.0,0.0,0.08459171330445896,0.12358001377579982,0.0,0.0,0.07100275150284577,0.6338102106470804,0.0,0.5759956269258911,0.25480011088826066,0.44538380674675,0.524635990475877,0.6734723590050021,0.3159397069623861,0.5802514753012834,0.5458576827546041,0.35096008797698186,0.0,0.27565730166154656,0.0,0.35086235760370327,0.0,0.5276531520534832,0.40994414301705384,0.017300397442861663,0.21613683314231216,0.4333525667498302,0.13651018927265585,0.0,0.034308065443313766,0.44936127436681933,0.42784598838543214,0.16423467173929251,0.314863651584148,0.17390667386602784
0.0,0.0,0.5816470806302398,0.0,0.2707658190836437,0.0,0.24449915630387853,0.5005148413830983,0.41489608382155035,0.0,0.5566350851999166,0.25726513724543737,0.16264999498793498,0.34971167429705025,0.10992687374821729,0.4765581807547761,0.32674968206439386,0.44707472531856207,0.5954591524138669,0.3609992718751106,0.0,0.0,0.8217779668936454,0.1781661089501008,0.3899606700585089,0.037496430240029015,0.9302537970197842,0.0,0.345994774916981,0.0,0.0,0.07448084117214417,0.0,0.26374615679835073,0.0992090521878854,0.0,0.0,0.0,0.0,0.0,0.0,0.08936648038393971,0.0,0.0,0.0,0.32064737228206136,0.3275472122165969,0.5797470640731085,0.10278902954284694,0.430355253630317,0.9412368407472224,0.3050089557786693,0.45296978943361194,0.5207663603438278,0.10306663397672755,0.6639823235728478,0.30863359453562206,0.19905616215499625,0.2986655562576022,0.04060203075592734,0.0,0.156189188468468,0.0,0.5246223586788679,0.07603955248573466,0.0,0.0,0.8099760077045004,0.1839855871611653,0.0,0.010084943037138201,0.8182436858658504,0.0,0.21144768120438823,0.0,0.0
0.3855966535644747,0.2864526840043669,0.047498340741501645,0.0,0.2609955367936773,0.24449915630387853,0.0,0.3627897610429038,0.3416901049326337,0.6072985188797642,0.041473444435526925,0.5578110315476589,0.6180105871334715,0.10709336772786028,0.026063156439395694,0.33443012331461935,0.5678050878588895,0.5452404878048225,0.029624011173835788,0.13856972116149469,0.6790568537026693,0.00929646047014269,0.281277017747558,0.34481917693950764,0.4018767616607328,0.0784903350628896,0.20348586527167947,0.0,0.5538083986441397,0.0,0.4411460791302265,0.2787637240819385,0.21857296181765581,0.3397678941610101,0.0,0.0,0.0,0.0,0.15764710535081738,0.3932540991945608,0.23663959443494834,0.0,0.2598952307300752,0.3112371906645717,0.13218497112315414,0.46871148280939706,0.4588413517733175,0.02436346711038335,0.0,0.14798489379993784,0.16499790445661192,0.7251550780943296,0.4192198708453252,0.5536686716190781,0.7033686703053424,0.05876310234038045,0.4428697616453163,0.47756575757381287,0.04999889393648407,0.0,0.16101452243182687,0.6097988029930732,0.010244766921732837,0.20136655074155577,0.09141980257046461,0.6423162146415189,0.3006138132236114,0.15953557839124932,0.3568491075168733,0.0,0.03177754100688204,0.2707754102969001,0.04488995594060866,0.47050286343397846,0.03053657172125381,0.056148183838928487
0.24956508174633724,0.1544586187000566,0.31298343087334174,0.0,0.16927129934667884,0.5005148413830983,0.3627897610429038,0.0,0.4263612625320973,0.14214556533539924,0.36426234968901366,0.4606352490874779,0.34456517088327365,0.14095503860725564,0.19952878335463345,0.14196634989884935,0.14846692373133988,0.13103632136263088,0.43376448686541524,0.3412548392365481,0.3903655658712584,0.05819301357151869,0.7489046006689176,0.41464374895365014,0.10535090784803662,0.26191005787003857,0.42170287208214674,0.21254378522967954,0.286973468821375,0.0,0.14403307660376327,0.0425483243596483,0.10968191994729835,0.04520404269007199,0.0,0.0,0.0,0.0,0.08054114941773864,0.10007977353382991,0.14207070111029682,0.0,0.13229418219709194,0.01970983682595474,0.11840457495982892,0.1898073116113212,0.25602856693908493,0.34127504653754587,0.04515273000389497,0.33023949933219493,0.46804613757199715,0.35005641135505644,0.7677439991515911,0.5008114961473495,0.29298957475547827,0.4685866803261662,0.4207479502130547,0.3169651220462803,0.12973062326927642,0.1439645825685434,0.0,0.3538896714304637,0.0,0.5181103292433189,0.1641564337728373,0.27253632424571284,0.084634721410497,0.6433913846912691,0.320250165696145,0.0,0.19369718941201244,0.5113731868949946,0.104665055982992,0.18974042237706037,0.05570683169024137,0.0
0.0,0.0,0.814691654697532,0.0,0.7884511701448601,0.41489608382155035,0.3416901049326337,0.4263612625320973,0.0,0.2708998846345384,0.8383435072144735,0.5638341611259456,0.5490021780658043,0.3951226860520191,0.5179353485591514,0.0,0.05615010173849056,0.03104422811807312,0.7051546866647378,0.7425331912873637,0.13561049233482103,0.0983185180987222,0.46257169373077495,0.38008005129760625,0.0,0.04272679381847375,0.5913361051785688,0.5220646221688299,0.4025832250848907,0.15218174320450079,0.2120723659158356,0.0,0.05508325184237171,0.0,0.0,0.0,0.0,0.0,0.0,0.23630376678376117,0.0,0.0,0.03176992651038526,0.13026425789397425,0.0,0.0,0.3132060315921869,0.7405679662698916,0.0,0.577627992670759,0.36293886643785184,0.46981781883935075,0.7022960829195725,0.9121706226214251,0.43591883503093876,0.7005112296162544,0.6341293567683111,0.43463174965233736,0.01793611013643381,0.47870834366560366,0.0,0.45410259089166427,0.07205972603639327,0.7293676077135154,0.6641247679788624,0.1791887541657066,0.492832680489922,0.5450169980296489,0.22307917234803318,0.011138606305726283,0.23944149596746736,0.7148986439264743,0.45888391036584875,0.33985439606970863,0.38355848121672864,0.19354206244604177
0.3242367249070123,0.40160324483867027,0.0,0.0,0.24465129086092255,0.0,0.6072985188797642,0.14214556533539924,0.2708998846345384,0.0,0.0,0.7364244058092824,0.7360194859456661,0.0,0.0,0.09222643970526526,0.5823852501661099,0.4695696458077375,0.0,0.036890100787402805,0.4614486052449892,0.16115662241948395,0.04843765985270408,0.616562683664377,0.400479301666087,0.4375127003559751,0.0,0.12370125600092127,0.39851910052046446,0.2793769360684925,0.5068288194618883,0.039669087436830855,0.438395911026424,0.10880627519542205,0.0,0.0,0.0,0.0,0.20367006750497874,0.6464908007503745,0.3150421669418003,0.0,0.3583810173896263,0.46857557358228646,0.026640569777190773,0.14335947601266516,0.38383485049899024,0.0,0.0,0.0,0.0,0.5264183369090492,0.30547871594102766,0.32929094111556345,0.7494559328828336,0.0,0.6035323249148936,0.5704465613498914,0.0,0.0,0.4146779081953435,0.7446496361616409,0.3988723809229592,0.09193705287130186,0.2741403512251623,0.5196209516971374,0.46178339959028725,0.0,0.5242212259414235,0.3448143718781579,0.3644927488301577,0.0,0.42341808514916734,0.5062679026746709,0.41820594490536733,0.5327024051630396
0.0,0.0,0.9128307566460918,0.0,0.78889644540935,0.5566350851999166,0.041473444435526925,0.36426234968901366,0.8383435072144735,0.0,0.0,0.3344672505790585,0.2616664163726508,0.42176824981975874,0.47009354423914373,0.0,0.0,0.0,0.8689294200722899,0.6851133822703852,0.0,0.07369814192970678,0.48188786736791467,0.17193086653830542,0.0,0.0,0.7381616076681955,0.48083650733024974,0.19853302716023186,0.1649559365309017,0.0,0.0,0.0,0.0,0.0,0.0,0.0,0.0,0.0,0.0,0.0,0.0,0.0,0.0,0.0,0.0,0.12650063136587494,0.8933288165586588,0.0,0.5618283440432212,0.495056537339961,0.21683221067701325,0.5711072026917667,0.6968340069022875,0.13676318621655079,0.8771175898121129,0.4812421363171375,0.21344799101959766,0.047866034874833346,0.46028905203591075,0.0,0.1725111474067117,0.0,0.7695375897403393,0.5693302181520703,0.0,0.2958288507579162,0.6159315387382593,0.03784837098311394,0.0,0.07238952823175886,0.7448952255427956,0.3526593195985922,0.09731593966486936,0.3049098229466732,0.0
0.14650056943804157,0.3692379851726059,0.26701967595226495,0.0,0.3972902227316043,0.25726513724543737,0.5578110315476589,0.4606352490874779,0.5638341611259456,0.7364244058092824,0.3344672505790585,0.0,0.727877993438845,0.04214411289193564,0.09329376931086379,0.097796888646407,0.631613014181215,0.47610195635098207,0.3241652314832059,0.27275348520254367,0.36654160416566434,0.1790405581060942,0.4740378836189401,0.7712865974490194,0.41561157849336666,0.5635392223798,0.22131745745936382,0.13686975319499275,0.4118533308254666,0.15677967831623252,0.1781126627119027,0.0,0.11585442854620162,0.15552744148508085,0.0,0.0,0.0,0.0,0.1616717933985296,0.41353961855176596,0.12123447860191504,0.0,0.15935701578317427,0.27393889981682584,0.0,0.09208614772892314,0.47571658692827573,0.1662857473229158,0.0,0.07587246958269585,0.11896852784187045,0.48809217333661326,0.5941313462205632,0.5588652380211121,0.6615696410343698,0.21687415699190765,0.8923683242030976,0.5609546006947768,0.0,0.14668000657821828,0.02521619522251647,0.8198901624764964,0.24193410939194132,0.40560967501519996,0.395685397074675,0.3296121598380788,0.46478382072609337,0.2648918489984528,0.5433470230066172,0.12814680986423851,0.48468517763519164,0.3352471053549305,0.3922836858418426,0.44763102073884914,0.4425983013179424,0.27572248085656376
0.0,0.3874197923267028,0.15715189582598418,0.0,0.4713348707774643,0.16264999498793498,0.6180105871334715,0.34456517088327365,0.5490021780658043,0.7360194859456661,0.2616664163726508,0.727877993438845,0.0,0.013341376211602172,0.09014385442749223,0.09268967415449342,0.4645932760037842,0.3545856744566039,0.17983994810698697,0.2807244900111727,0.32041035302160287,0.19322082679914754,0.294658475568188,0.6197952928911236,0.2885978262428901,0.4034931965405493,0.15723329932903027,0.40450970485243265,0.47360754764461704,0.1799146660116084,0.3043215374136874,0.0,0.2378553980418994,0.12042083762620419,0.0,0.0,0.0,0.0,0.17602058622174488,0.5012388356364426,0.10100772631859432,0.0,0.34655481335177163,0.40813642977947273,0.0,0.0,0.4822551829537563,0.08993438586832211,0.0,0.25734108342831735,0.037759844168904697,0.6382901220132399,0.5596278766836343,0.5624155380497302,0.5885666503189341,0.13762973968412243,0.6731541466668737,0.7229264733686345,0.0,0.11313275997197526,0.08862618346539418,0.679898027047388,0.18699264512940825,0.3397855560541261,0.4076700445921716,0.3451640831912448,0.5310722149675413,0.17639551986701277,0.4612744313685987,0.20016572008331227,0.40467105442900986,0.27693234471432154,0.5324728070960062,0.4703400817387151,0.42047692282776766,0.35423929677118166
0.0,0.0,0.3485004273578196,0.12465918997663446,0.47672805289763703,0.34971167429705025,0.10709336772786028,0.14095503860725564,0.3951226860520191,0.0,0.42176824981975874,0.04214411289193564,0.013341376211602172,0.0,0.1452796282955264,0.0,0.06448223982155879,0.0,0.2548176968814939,0.1235735248011036,0.0,0.0,0.22181302141430548,0.12829760671074222,0.09007385784539013,0.0,0.41009217423101907,0.04319361868063153,0.015404283686980403,0.0,0.0,0.1621015119504587,0.0,0.0,0.018226432729488505,0.0,0.0,0.0,0.017811020040785247,0.0,0.0,0.18043059602666134,0.011770917563767445,0.00981726008143398,0.0,0.12078151282849395,0.07572770400784891,0.3391954171497184,0.10450058617149725,0.45006630812055665,0.3996569455290294,0.1625726334798084,0.32747440529716876,0.3659844941910987,0.2079405288745741,0.3424967606761499,0.21929924910599188,0.02651488512968318,0.3060375713181708,0.13089933163836429,0.0,0.04746113140008733,0.0,0.17466847196004454,0.054634640422767604,0.0,0.0,0.3598827573137929,0.09223500984263044,0.0,0.025942271890675682,0.30258728714990035,0.0,0.15754643565961007,0.0,0.0
0.0,0.03258495632902566,0.5442716715088158,0.0,0.33300884188098284,0.10992687374821729,0.026063156439395694,0.19952878335463345,0.5179353485591514,0.0,0.47009354423914373,0.09329376931086379,0.09014385442749223,0.1452796282955264,0.0,0.0,0.0,0.0,0.42450238643661115,0.7807350035629254,0.27438918789919525,0.5115643315663789,0.18983774551520893,0.0,0.0,0.03892804706783489,0.2932982886692078,0.41848689630075014,0.46864965365506833,0.2286434936201684,0.3379937332050515,0.0,0.19636051251321573,0.0,0.0,0.0,0.0,0.08151767432232972,0.0,0.151901520679746,0.0,0.0,0.0,0.0,0.0,0.0,0.10132401837920184,0.41843489201887296,0.0,0.1706088709006383,0.07869274389933656,0.0,0.29346757367828186,0.34564267007643285,0.04509802873500185,0.3525792226891834,0.149671739701547,0.0,0.0,0.7741191428505797,0.12719212865313292,0.062078615945800775,0.17809113866970983,0.43057866570554243,0.639963931757146,0.2429880797821315,0.5253730742608984,0.26008010944446774,0.0,0.06640597405848254,0.11763423394339145,0.4422974546501225,0.31061489013775445,0.21922447070303952,0.3445649545460733,0.27383408386394387
0.47449962072903396,0.2776365855328131,0.0,0.011066037711874118,0.0,0.4765581807547761,0.33443012331461935,0.14196634989884935,0.0,0.09222643970526526,0.0,0.097796888646407,0.09268967415449342,0.0,0.0,0.0,0.6078778715312894,0.7875176943058898,0.0,0.0,0.3232662462258622,0.08082629846465324,0.45022582319994536,0.06475529506720543,0.42789793165024365,0.1496744585359297,0.23352190449421326,0.0,0.5323235002768999,0.0,0.1634379534492702,0.4576818295647642,0.0,0.34269289260438307,0.12296161545580073,0.0,0.0,0.0,0.25415588122595323,0.0,0.0,0.0,0.08888692553762569,0.026609579867534507,0.0,0.6419333393572608,0.24885579727473436,0.0,0.0,0.0,0.47768711986946033,0.23869483786781062,0.0,0.0,0.16599085461916785,0.0,0.0,0.20569631954375076,0.0,0.0,0.1983829484668049,0.2333844265904642,0.08796832535512321,0.06094660685937342,0.0,0.21808702773285485,0.0,0.3160698516274456,0.23462429110537938,0.0,0.0,0.16705161049658485,0.0,0.25809682646362453,0.0,0.0
0.40282281907995043,0.3092941423783249,0.0,0.0,0.03871276082496595,0.32674968206439386,0.5678050878588895,0.14846692373133988,0.05615010173849056,0.5823852501661099,0.0,0.631613014181215,0.4645932760037842,0.06448223982155879,0.0,0.6078778715312894,0.0,0.8865173070574577,0.0,0.0,0.25842740933729463,0.0,0.37592257173468613,0.5651890043675435,0.655231499905489,0.42573722914928164,0.1487151529107234,0.0,0.33283415780603814,0.0,0.06295605179527519,0.2757986524686727,0.0,0.33512572390518813,0.0,0.0,0.0,0.0,0.25751830130715264,0.16655757292850992,0.1744368646165363,0.0,0.2230946257351795,0.20207294596056033,0.0,0.5630293451184668,0.4232904025312134,0.0,0.0,0.0,0.2807400419247543,0.46430654178379843,0.21835671175154622,0.24293660964415686,0.6022619804304049,0.0,0.5495135369483668,0.4717001505386916,0.0,0.0,0.1128926225389818,0.6488084991566231,0.1414814076698456,0.06973675842513573,0.0,0.2293073637134714,0.0968431903158396,0.16674001194865035,0.5291381119904685,0.0,0.25437937242991243,0.10520937914939599,0.008041405001874271,0.4529276843426527,0.0,0.0
0.4611607520326725,0.35871266105262684,0.0,0.0,0.0,0.44707472531856207,0.5452404878048225,0.13103632136263088,0.03104422811807312,0.4695696458077375,0.0,0.47610195635098207,0.3545856744566039,0.0,0.0,0.7875176943058898,0.8865173070574577,0.0,0.056624203794706486,0.0,0.28377787238749086,0.04822845441968094,0.40794146940782255,0.3685533776108866,0.6869556496939434,0.3012252792703481,0.2851651625026777,0.0,0.5400586455588117,0.0,0.09877239713694724,0.31816585954683135,0.0,0.4276577585312385,0.0,0.0,0.0,0.0,0.25581036494804543,0.07439099633678706,0.11618623022048599,0.0,0.17364433861285447,0.18009498966658982,0.0,0.627696875294854,0.48558922570256363,0.0,0.0,0.0,0.38228839196450876,0.4568002396965034,0.12360337023562308,0.23720621734317976,0.545922695003759,0.0,0.3656286472490619,0.4205010142716403,0.0,0.0,0.21437073792806494,0.5556183047424474,0.23762524782750571,0.11061538982937459,0.0,0.22273603990353727,0.18489404793461217,0.2217486547038654,0.4531279231738166,0.0,0.12722453817378238,0.2412137320621606,0.0,0.4685586244996033,0.0,0.0
0.0,0.0,0.8977057102555936,0.0,0.516918556924873,0.5954591524138669,0.029624011173835788,0.43376448686541524,0.7051546866647378,0.0,0.8689294200722899,0.3241652314832059,0.17983994810698697,0.2548176968814939,0.42450238643661115,0.0,0.0,0.056624203794706486,0.0,0.7228676028704005,0.0,0.2925165445719305,0.4897127264377932,0.16392951083602553,0.0,0.0531671152040729,0.740881478456893,0.465151028422086,0.29434201417558625,0.22964705803965713,0.0,0.0,0.0,0.06772539140241707,0.0,0.0,0.0,0.0,0.0,0.0,0.0,0.0,0.0,0.0,0.0,0.0,0.18024593140758172,0.8469911273077788,0.0,0.4328382771040655,0.5058318884988919,0.09485095061494139,0.4554625971895692,0.5747356312344969,0.10833205717631762,0.8216411697644914,0.398921055646544,0.20099921585304995,0.05097988311180895,0.442244942945116,0.0,0.17225556551065815,0.0,0.8646899150775441,0.5745663110829237,0.0,0.3544748367171162,0.5358468309520172,0.0764856055082191,0.0,0.08870086693767291,0.7425054116232136,0.344524255756309,0.10234683627894797,0.2822543551564425,0.0
0.0,0.0912904963268248,0.8259643656016546,0.0,0.4377151153375644,0.3609992718751106,0.13856972116149469,0.3412548392365481,0.7425331912873637,0.036890100787402805,0.6851133822703852,0.27275348520254367,0.2807244900111727,0.1235735248011036,0.7807350035629254,0.0,0.0,0.0,0.7228676028704005,0.0,0.20837156810548496,0.614663890336957,0.3014839263042567,0.161520476152101,0.0,0.10205101476880318,0.5364834696371193,0.5936601251276542,0.5658167075942598,0.4092288299523186,0.33173079531129845,0.0,0.08452416618151887,0.0,0.0,0.0,0.0,0.0,0.0,0.06872554808275068,0.0,0.0,0.0,0.0,0.0,0.0,0.27927781015705033,0.7151467102474707,0.0,0.3486916642369917,0.2689889826431178,0.12249293819238975,0.43936958025878897,0.5879165072243178,0.1828986588475,0.6292693722479356,0.3076810800660898,0.22962674356970103,0.07410420789471782,0.7870789397508133,0.0,0.1776810681998656,0.13460050554491967,0.6602881534584456,0.8687252061483837,0.13315202777981563,0.6747776909776241,0.3640968488621165,0.08066832973706237,0.14094444381833066,0.20143428944243946,0.6828858258589031,0.5027193483274646,0.3376752287375549,0.5279083383194737,0.2546219230969164
0.6175573856287407,0.4162145815526032,0.0,0.0,0.0,0.0,0.6790568537026693,0.3903655658712584,0.13561049233482103,0.4614486052449892,0.0,0.36654160416566434,0.32041035302160287,0.0,0.27438918789919525,0.3232662462258622,0.25842740933729463,0.28377787238749086,0.0,0.20837156810548496,0.0,0.20068620886921235,0.2133088419483901,0.29002077157725586,0.24987928905746418,0.22559970046678124,0.0,0.0,0.6006560661335432,0.0,0.6334128151406018,0.33676160041407976,0.42781837068232265,0.25969684262316933,0.0,0.0,0.0,0.0,0.25844084406736645,0.47950379324412,0.26348895943799916,0.0,0.07158428838035308,0.310574044376232,0.255282329847318,0.5101005712933369,0.31844772054475845,0.0,0.0,0.0,0.0,0.3184825099658811,0.3545400407265267,0.25804745952545816,0.5389589745548977,0.0,0.19690301249597794,0.21563012395747028,0.0,0.15059156426440554,0.36915887471596825,0.43060189357607315,0.19524030817670923,0.09576923508502294,0.12231425736020582,0.9160969632887168,0.259436585146393,0.11381300005945065,0.33654850032705325,0.0,0.12912163948493097,0.15792659605152495,0.0,0.5017935509622222,0.06576764598624939,0.2157332439320481
0.0,0.6429394446502221,0.21849179176488986,0.0,0.0,0.0,0.00929646047014269,0.05819301357151869,0.0983185180987222,0.16115662241948395,0.07369814192970678,0.1790405581060942,0.19322082679914754,0.0,0.5115643315663789,0.08082629846465324,0.0,0.04822845441968094,0.2925165445719305,0.614663890336957,0.20068620886921235,0.0,0.0,0.08607627844244521,0.23897292456564548,0.47642975869380044,0.07298736944811136,0.29757911631468936,0.4864292312364796,0.5121943221608579,0.235531444370208,0.0,0.21448924765318206,0.29171247772741704,0.10583452000474328,0.0,0.10966460465853746,0.0,0.0,0.11859833725803207,0.0441884691596222,0.0,0.0,0.13341553954598007,0.0,0.0,0.31902094564452393,0.07112232769443154,0.0,0.0,0.0,0.0,0.0,0.0,0.05284952976204574,0.0649598517336076,0.1047260610511283,0.0645108832582118,0.0,0.5655836372727164,0.1632178561088565,0.11697710909057132,0.25414473771872287,0.19182541671446596,0.6631623736296893,0.038053880128668414,0.75695778393238,0.0,0.0,0.36819711798939025,0.33879663947598854,0.19789213560880275,0.4380052095462787,0.20406973927470384,0.5790071359456339,0.4474074886278533
0.15998077524265128,0.08445773253154215,0.43048724409033057,0.0,0.2991922946046649,0.8217779668936454,0.281277017747558,0.7489046006689176,0.46257169373077495,0.04843765985270408,0.48188786736791467,0.4740378836189401,0.294658475568188,0.22181302141430548,0.18983774551520893,0.45022582319994536,0.37592257173468613,0.40794146940782255,0.4897127264377932,0.3014839263042567,0.2133088419483901,0.0,0.0,0.3876399532977965,0.24830655566850182,0.2831618704987201,0.6522536674348268,0.04623008791015045,0.41429209100540065,0.0,0.0,0.1215713863641045,0.0,0.10965075778079568,0.0,0.0,0.0,0.0,0.1745277196982362,0.0,0.0,0.0,0.0,0.0,0.0,0.29984276271892024,0.29164294787081224,0.40407123748930956,0.0,0.27132928135579587,0.7516874894184803,0.35296173112612017,0.7072415560446074,0.5192968657980545,0.21196797389192815,0.4912240372779674,0.4873605495508908,0.3015514997623712,0.0,0.039839385609389544,0.0,0.3829119387597859,0.0,0.5415770604950044,0.0671310202464902,0.13837805827194208,0.0,0.9041910741196728,0.30570222930411256,0.0,0.18826445758031587,0.6677777103767765,0.0,0.25479585875350763,0.0,0.0
0.28431187649064144,0.32526751032488155,0.12469904389596795,0.0,0.2628369837875046,0.1781661089501008,0.34481917693950764,0.41464374895365014,0.38008005129760625,0.616562683664377,0.17193086653830542,0.7712865974490194,0.6197952928911236,0.12829760671074222,0.0,0.06475529506720543,0.5651890043675435,0.3685533776108866,0.16392951083602553,0.161520476152101,0.29002077157725586,0.08607627844244521,0.3876399532977965,0.0,0.43149337210465216,0.6357332564123099,0.08340891049327562,0.19097499264281703,0.34980696404603445,0.23104549360347,0.21000276855812902,0.03519837005154479,0.06803410474136956,0.05850694790549114,0.0,0.0,0.0,0.0,0.170228791812097,0.2768750436429378,0.13017446549758221,0.0,0.2585504589063785,0.31255542348449594,0.0,0.21568097593212482,0.4059102533666362,0.1265449845808697,0.0,0.10478745792992189,0.15057477007021472,0.35423768023551433,0.5357809128649776,0.39717348266852115,0.637242559795095,0.13955465178652132,0.7923699526885025,0.5391151272926508,0.0,0.11234635523269425,0.15778609994659978,0.682383261066458,0.3908480982623587,0.2619599226741589,0.2852642528018096,0.276183337088423,0.3211516849761266,0.2573743235914075,0.8156521670010946,0.27287528454156873,0.6549516291065106,0.1257649611746986,0.4551521817882376,0.4152641464404655,0.400564024825866,0.3294123972015968
0.3352337892935523,0.6607862540380574,0.0,0.0,0.0,0.3899606700585089,0.4018767616607328,0.10535090784803662,0.0,0.400479301666087,0.0,0.41561157849336666,0.2885978262428901,0.09007385784539013,0.0,0.42789793165024365,0.655231499905489,0.6869556496939434,0.0,0.0,0.24987928905746418,0.23897292456564548,0.24830655566850182,0.43149337210465216,0.0,0.6158932171689018,0.24178752656709482,0.0,0.3847256000645018,0.0,0.0,0.20487611302948727,0.0,0.5443878142496074,0.08228388788868357,0.0,0.0,0.0,0.08899212149351376,0.0,0.19079015805806449,0.07120123620165553,0.19236547129879397,0.12138622554976311,0.03224612809303438,0.4320942393103868,0.7140209592286678,0.0,0.0,0.0,0.27073933918085036,0.14807981012639515,0.04254299341650802,0.10094883714293792,0.47261615203273777,0.0,0.3780955142867316,0.26914774445919026,0.15524420470465325,0.0,0.1289271480017482,0.33941648407609615,0.1930155599316227,0.0,0.17348529248002248,0.09352912456285824,0.34604865672775165,0.013732633047029286,0.41760929417305237,0.42671684702085205,0.5471592141196484,0.2226950290888999,0.03525894216065833,0.5652534905854004,0.1524305981843657,0.11088441239340716
0.245389171240532,0.8222810179195934,0.0,0.0,0.0,0.037496430240029015,0.0784903350628896,0.26191005787003857,0.04272679381847375,0.4375127003559751,0.0,0.5635392223798,0.4034931965405493,0.0,0.03892804706783489,0.1496744585359297,0.42573722914928164,0.3012252792703481,0.0531671152040729,0.10205101476880318,0.22559970046678124,0.47642975869380044,0.2831618704987201,0.6357332564123099,0.6158932171689018,0.0,0.0,0.0,0.3060530796431011,0.20658461670218642,0.0,0.05166478893866836,0.18132544169818848,0.28836565871766395,0.0,0.0,0.0,0.0,0.23279164714216605,0.3017618957618119,0.1713432725331773,0.0,0.1040166107263186,0.22661088568554047,0.0,0.0,0.5404949948876377,0.0,0.0,0.0,0.0,0.0,0.16766075272444914,0.0,0.28861805704270926,0.0,0.5245177077397849,0.23813323121242827,0.0,0.18494767692935146,0.19979629943341143,0.4175063559556911,0.4885970554291448,0.0,0.3441467759124216,0.1198733302809565,0.45988728447130495,0.0,0.4200316343499789,0.4687686181053168,0.842783974070849,0.0,0.30881584992001493,0.3236505765383181,0.47833751323749896,0.4177311866775477
0.0,0.0,0.7881762457454087,0.0,0.4598789558961688,0.9302537970197842,0.20348586527167947,0.42170287208214674,0.5913361051785688,0.0,0.7381616076681955,0.22131745745936382,0.15723329932903027,0.41009217423101907,0.2932982886692078,0.23352190449421326,0.1487151529107234,0.2851651625026777,0.740881478456893,0.5364834696371193,0.0,0.07298736944811136,0.6522536674348268,0.08340891049327562,0.24178752656709482,0.0,0.0,0.1434229801124135,0.27472952217867075,0.0,0.0,0.0,0.0,0.18465610410394936,0.050674294285360126,0.0,0.0,0.0,0.0,0.0,0.0,0.08384411721172616,0.0,0.0,0.0,0.20930156242998987,0.26333579289889114,0.7650184320379956,0.08613882143149132,0.5590543173952014,0.8653084569074964,0.30987844466655023,0.43635313249260216,0.641269555088987,0.11244731043288998,0.8050584839187539,0.3087171000357984,0.12221285732014876,0.35358248732791064,0.2576675599357087,0.0,0.06671540359537224,0.0,0.6127016559227153,0.32269261243451963,0.0,0.14713576389212465,0.7241342041786144,0.06540688965616681,0.0,0.0,0.9166811831292077,0.014700292101373257,0.18178831275160037,0.0,0.0
0.0,0.0,0.4528105271771242,0.0,0.5268577601383061,0.0,0.0,0.21254378522967954,0.5220646221688299,0.12370125600092127,0.48083650733024974,0.13686975319499275,0.40450970485243265,0.04319361868063153,0.41848689630075014,0.0,0.0,0.0,0.465151028422086,0.5936601251276542,0.0,0.29757911631468936,0.04623008791015045,0.19097499264281703,0.0,0.0,0.1434229801124135,0.0,0.29883757053200477,0.6708445825378917,0.46954508270863476,0.0,0.15817488139674715,0.0,0.0,0.17263689125968582,0.10072987214990616,0.06386064762911867,0.0,0.11183388107987967,0.0,0.0,0.12976252275178335,0.16495527786118794,0.0,0.0,0.0,0.5075930460770537,0.0,0.43907069476493266,0.0,0.20045255787914576,0.39070744219916215,0.3546714026496519,0.046308993604361776,0.3906523066474756,0.1876671159742729,0.41074375580198874,0.0,0.4003867804780927,0.016644616092476312,0.14734795381424567,0.1031225778808437,0.4960022663766444,0.5100778068934092,0.01567306400402039,0.3192702025711972,0.18052083590082416,0.17386791123240292,0.09553054002247305,0.042756776062302805,0.20909382743910446,0.7279554990379982,0.07495478418988957,0.4496630561696829,0.2757981637109701
0.2847830690008607,0.41919950819688806,0.28731286441352993,0.0,0.15062714038684472,0.345994774916981,0.5538083986441397,0.286973468821375,0.4025832250848907,0.39851910052046446,0.19853302716023186,0.4118533308254666,0.47360754764461704,0.015404283686980403,0.46864965365506833,0.5323235002768999,0.33283415780603814,0.5400586455588117,0.29434201417558625,0.5658167075942598,0.6006560661335432,0.4864292312364796,0.41429209100540065,0.34980696404603445,0.3847256000645018,0.3060530796431011,0.27472952217867075,0.29883757053200477,0.0,0.2655202761602231,0.550952574361499,0.23859028819412045,0.22371152925249344,0.28191211096061636,0.0,0.0,0.0,0.0,0.15554869189527243,0.28367799738939037,0.07330448260771515,0.0,0.13846024553497238,0.3332118891106319,0.0,0.3408071752678495,0.5219657636246762,0.2150663099078717,0.0,0.024766849110045293,0.2320309490546244,0.3561305918591422,0.3844152925914725,0.4105720684018747,0.49909881768969144,0.14266861400740335,0.33330590474644933,0.5004179976022962,0.0,0.37848264504047047,0.312693165536555,0.48071715513773783,0.3296334445911575,0.38768352525202376,0.45788956448592316,0.5546481672214061,0.5660627764240265,0.3239793549638967,0.4222351696609643,0.1105313613594466,0.25566589418124036,0.4129355834364023,0.3480802193306476,0.6898954107962594,0.34869297451258696,0.2723745719300278
0.0,0.13439046139905245,0.17982827228981083,0.0,0.16260251000277254,0.0,0.0,0.0,0.15218174320450079,0.2793769360684925,0.1649559365309017,0.15677967831623252,0.1799146660116084,0.0,0.2286434936201684,0.0,0.0,0.0,0.22964705803965713,0.4092288299523186,0.0,0.5121943221608579,0.0,0.23104549360347,0.0,0.20658461670218642,0.0,0.6708445825378917,0.2655202761602231,0.0,0.4289344436017744,0.0,0.24537685905002493,0.0,0.0,0.14304154295711421,0.23480655268765638,0.0,0.0,0.23706288889080518,0.0,0.0,0.06033611569935083,0.12990902642655391,0.0,0.0,0.0,0.18890754964398615,0.0,0.0,0.0,0.0,0.05173803891232195,0.0,0.06511723342057284,0.06750237502575002,0.16373626949066192,0.21909002661347193,0.0,0.36144240934564714,0.14799253894268327,0.21813624244473317,0.324987096019415,0.16965570209102446,0.4990466509186746,0.03497794560126069,0.38734333301676444,0.0,0.1980516232285397,0.35084023397762054,0.2041914934502479,0.0,0.6629752248400255,0.03471279873428525,0.6580276996123896,0.5191200564273227
0.4320243909093671,0.043136921300428746,0.0,0.0,0.1165227737208069,0.0,0.4411460791302265,0.14403307660376327,0.2120723659158356,0.5068288194618883,0.0,0.1781126627119027,0.3043215374136874,0.0,0.3379937332050515,0.1634379534492702,0.06295605179527519,0.09877239713694724,0.0,0.33173079531129845,0.6334128151406018,0.235531444370208,0.0,0.21000276855812902,0.0,0.0,0.0,0.46954508270863476,0.550952574361499,0.4289344436017744,0.0,0.11955318331431636,0.5647978409739827,0.0,0.0,0.0,0.0,0.11170790794742437,0.10089904813260636,0.482583924639124,0.20053627299542257,0.0,0.21666196080638264,0.38113168489263666,0.20356602719506534,0.26177329200022215,0.0,0.0,0.0,0.020099027990894382,0.0,0.3545402325057738,0.23317455372420762,0.23717361698725384,0.4600610683920117,0.0,0.05138812006314018,0.3686718343842901,0.0,0.24654104143699612,0.5461031650773196,0.3482307363499528,0.3128554874569072,0.10994067283555083,0.2495550366554984,0.6981998058875394,0.3136066720426036,0.0,0.3213419787827333,0.0926718499406346,0.0,0.0,0.36823866555884366,0.3851279922440163,0.2593197566337433,0.4130618401725652
0.35674232052368016,0.1678857768674174,0.0,0.26927446809421285,0.0,0.07448084117214417,0.2787637240819385,0.0425483243596483,0.0,0.039669087436830855,0.0,0.0,0.0,0.1621015119504587,0.0,0.4576818295647642,0.2757986524686727,0.31816585954683135,0.0,0.0,0.33676160041407976,0.0,0.1215713863641045,0.03519837005154479,0.20487611302948727,0.05166478893866836,0.0,0.0,0.23859028819412045,0.0,0.11955318331431636,0.0,0.011017666833728769,0.12074785697749452,0.14594718906161297,0.0,0.0,0.0,0.4150453671775042,0.0,0.03327594929705851,0.0,0.059932845075259186,0.14541545126917604,0.0,0.48610971435431155,0.057155172939675335,0.0,0.18649322063169307,0.0,0.09972592575055292,0.1468608586317044,0.015930390781610404,0.0,0.1772533689175668,0.0,0.0,0.03952494947757436,0.05385808813821524,0.0,0.2080909208566739,0.05498080590646705,0.0,0.0,0.0,0.32517767735165803,0.0,0.07543628132950973,0.13233274449550847,0.0,0.0,0.0,0.0,0.17355050294178664,0.0,0.0
0.24724679689892143,0.2639727382224559,0.0,0.0,0.0,0.0,0.21857296181765581,0.10968191994729835,0.05508325184237171,0.438395911026424,0.0,0.11585442854620162,0.2378553980418994,0.0,0.19636051251321573,0.0,0.0,0.0,0.0,0.08452416618151887,0.42781837068232265,0.21448924765318206,0.0,0.06803410474136956,0.0,0.18132544169818848,0.0,0.15817488139674715,0.22371152925249344,0.24537685905002493,0.5647978409739827,0.011017666833728769,0.0,0.0,0.0,0.0,0.10428172120004886,0.17615352708314044,0.18981061679435748,0.6455401917826671,0.32634493537292697,0.0,0.32610266912813735,0.5026270960053518,0.34090745488020835,0.0,0.08898241288497544,0.0,0.0,0.0,0.0,0.1864269428131223,0.11279355506773606,0.02609724056488757,0.2654304286484029,0.0,0.0,0.2182896805959726,0.0,0.1449002606668672,0.5519202692084747,0.2003501447666639,0.3855345702782226,0.0,0.19335964720504895,0.5653384336008067,0.32692511482719167,0.0,0.05080816755355958,0.26964531734941377,0.20739053663130316,0.0,0.19228584852296396,0.2526497887786452,0.25570366567451525,0.5829048153543969
0.2794695473054602,0.5002149814427287,0.0,0.0,0.0,0.26374615679835073,0.3397678941610101,0.04520404269007199,0.0,0.10880627519542205,0.0,0.15552744148508085,0.12042083762620419,0.0,0.0,0.34269289260438307,0.33512572390518813,0.4276577585312385,0.06772539140241707,0.0,0.25969684262316933,0.29171247772741704,0.10965075778079568,0.05850694790549114,0.5443878142496074,0.28836565871766395,0.18465610410394936,0.0,0.28191211096061636,0.0,0.0,0.12074785697749452,0.0,0.0,0.21992112454149204,0.0,0.0,0.0,0.0458083236134009,0.0,0.16216766732991872,0.0,0.16853920580163,0.17239586853387856,0.15414990747938637,0.35883873461139504,0.47438968617300487,0.0,0.0,0.0,0.18865904053847135,0.06486498382231767,0.0,0.02831694827406588,0.2576913026625202,0.0,0.0519601199143221,0.1424446678820847,0.14190203285946426,0.0,0.09252051215139932,0.18061234737988158,0.054195457885324504,0.08159030082958364,0.041584044659932734,0.1653796034232224,0.2580887593076319,0.0,0.10347424765570543,0.13315120582127604,0.1925040139115572,0.2579880104112326,0.0,0.3797070748533054,0.0,0.0
0.0,0.024632654411803637,0.0,0.22385355729365913,0.0,0.0992090521878854,0.0,0.0,0.0,0.0,0.0,0.0,0.0,0.018226432729488505,0.0,0.12296161545580073,0.0,0.0,0.0,0.0,0.0,0.10583452000474328,0.0,0.0,0.08228388788868357,0.0,0.050674294285360126,0.0,0.0,0.0,0.0,0.14594718906161297,0.0,0.21992112454149204,0.0,0.3368457468282496,0.2143972576484879,0.1248142552236497,0.0,0.0,0.0,0.08008943288273239,0.03941440574362884,0.0,0.0,0.0,0.0,0.0,0.17500707951272415,0.0,0.06789613491390104,0.0,0.0,0.0,0.0,0.0,0.0,0.0,0.13810663611027743,0.0,0.0,0.0,0.0,0.0,0.0,0.0,0.0,0.0,0.0,0.002066801977136664,0.0,0.0,0.0,0.0,0.0,0.0
0.0,0.0,0.0,0.32501841123490577,0.0,0.0,0.0,0.0,0.0,0.0,0.0,0.0,0.0,0.0,0.0,0.0,0.0,0.0,0.0,0.0,0.0,0.0,0.0,0.0,0.0,0.0,0.0,0.17263689125968582,0.0,0.14304154295711421,0.0,0.0,0.0,0.0,0.3368457468282496,0.0,0.6386693220872539,0.3927891747643896,0.0,0.0,0.0,0.07909206692334363,0.05464640866162829,0.0,0.0,0.0,0.0,0.0,0.30267493186271793,0.023160022021486495,0.0,0.0,0.0,0.0,0.0,0.0,0.0,0.0,0.05885641484179658,0.0,0.0,0.0,0.0,0.0,0.0,0.0,0.0,0.0,0.0,0.10959432156619721,0.0,0.0,0.06318741497234186,0.0,0.0,0.0
0.0,0.0,0.0,0.18245625861819506,0.0,0.0,0.0,0.0,0.0,0.0,0.0,0.0,0.0,0.0,0.0,0.0,0.0,0.0,0.0,0.0,0.0,0.10966460465853746,0.0,0.0,0.0,0.0,0.0,0.10072987214990616,0.0,0.23480655268765638,0.0,0.0,0.10428172120004886,0.0,0.2143972576484879,0.6386693220872539,0.0,0.22447156847852542,0.0,0.0,0.0,0.040733072624399964,0.0,0.0,0.0,0.0,0.0,0.0,0.0,0.0,0.0,0.0,0.0,0.0,0.0,0.0,0.0,0.0,0.0,0.0,0.01049573750446386,0.0,0.04053194261655265,0.0,0.0,0.0,0.0,0.0,0.0,0.06388766977834068,0.0,0.0,0.0209866075216236,0.0,0.05638926816351716,0.1800235610877287
0.03475888695391207,0.0,0.0,0.36037806002001527,0.0,0.0,0.0,0.0,0.0,0.0,0.0,0.0,0.0,0.0,0.08151767432232972,0.0,0.0,0.0,0.0,0.0,0.0,0.0,0.0,0.0,0.0,0.0,0.0,0.06386064762911867,0.0,0.0,0.11170790794742437,0.0,0.17615352708314044,0.0,0.1248142552236497,0.3927891747643896,0.22447156847852542,0.0,0.0,0.0,0.0,0.0,0.030622381562030995,0.0,0.1895413432527667,0.0,0.0,0.0,0.3292910178813948,0.0,0.0,0.0,0.0,0.0,0.0,0.0,0.0,0.0,0.16631525979568754,0.028499952490630368,0.11334716378065664,0.0,0.0,0.0,0.0,0.0,0.0,0.0,0.0,0.0,0.0,0.0,0.0,0.0,0.0,0.0
