0.0,0.5698229347554673,0.16501007880369686,0.3111711494150454,0.07831769119600133,0.3040823364870175,0.02659429621457113,0.31002326000793407,0.3222765457908797,0.3575167312098609,0.06405885901725883,0.17807648448176927,0.0263931748603856,0.0,0.4068728010151167,0.555190531585921,0.17218977869498464,0.49696375958762656,0.22936799617974724,0.4176240798404915,0.8342286269183189,0.4629519477876615,0.5099796607897339,0.30217655196326815,0.6163775912920861,0.5868161143572493,0.4261564726503102,0.06931320833969791,0.6368986104458952,0.2900967960345155,0.4962942927610659,0.0,0.10953606323718178,0.13540306561009946,0.0,0.0,0.040992064379349394,0.2468965213115036,0.0,0.36970343653629845,0.0,0.0,0.16126962973477657,0.19672772246298645,0.24472909342176652,0.8668255939507726,0.39103710596935576,0.2876921459095917,0.23846918219564306,0.1950580329605647,0.3897763907332788,0.24129342612873536,0.4169611000293927,0.5383695716496737,0.33630668809062314,0.23844125909463101,0.16991761016824383,0.2421118863754575,0.0,0.4529149667991737,0.3932646260484442,0.1043931457734877,0.3745367784921695,0.3576064761033694,0.3860821155866444,0.8087171362355963,0.40841244192040177,0.5277236662771568,0.4256260591076963,0.3782152352840121,0.5810721268914932,0.5192226608256533,0.07964717903853097,0.3962725297295948,0.0,0.0
0.5698229347554673,0.0,0.34296422561864787,0.23696876473187398,0.18454249864576042,0.7749283921314246,0.25143798114519333,0.5772731388179274,0.5112533355739286,0.5368806833548079,0.43888453382801196,0.5286336739908996,0.5682141666209362,0.15247026452496795,0.6470031540727317,0.3811806033318119,0.5482927446255376,0.6056739853372238,0.39499897633923714,0.6249245692811862,0.6687701074100791,0.70912429531822,0.6319472671287193,0.24258772844164714,0.8194223120441605,0.9498652868633898,0.7307997371279075,0.2607454591709334,0.6175267281408552,0.15360061843150238,0.24698204622973546,0.0,0.08734512672621941,0.06920449403859268,0.0,0.0,0.07709850073658119,0.3598609377968525,0.0,0.4013392974193359,0.0,0.0,0.11510821875116278,0.07823528049558318,0.44551374440297065,0.5531590234022343,0.827196622186353,0.43280834773661075,0.08734069334778796,0.26792259681390607,0.6235083380678523,0.3017966557848648,0.6346973133432753,0.6774245920996045,0.28388006488107376,0.5121145988782366,0.48789983441116996,0.5563019163054587,0.0,0.6860379397495298,0.44613274848994267,0.09639443711141178,0.40885980220464185,0.4427029716071893,0.549455073677002,0.639402279872793,0.6286194027532976,0.6133532826202522,0.23342633151654463,0.6517544779018378,0.8071317437417124,0.7337318679289344,0.2731922769620449,0.3591666789759672,0.0,0.0
0.16501007880369686,0.34296422561864787,0.0,0.0890173592944895,0.3045523553475807,0.5939100607909696,0.10051576109451528,0.21276381078650772,0.7525728700276537,0.2096632856063326,0.6475606106911067,0.22918511349963178,0.269827428483943,0.0,0.7469805823565463,0.0,0.2985365077168701,0.30856909568328733,0.7584967054409493,0.7407357708983016,0.21239171338809393,0.5936658851712046,0.5207218742564498,0.1385903462001959,0.4682657207486075,0.4329591762475124,0.7248192344207022,0.3542828165210847,0.6140342790023212,0.022710543707293383,0.03287285733328636,0.0,0.0,0.04106318681425012,0.0,0.11933479166704146,0.23060533664517968,0.22417507810519144,0.0,0.0314546584720326,0.05453089517051137,0.0,0.1161027477893344,0.10604013029715097,0.25494960029047975,0.1803205220922347,0.4961949021175242,0.7112788314268126,0.21696046353264697,0.1984200739862776,0.650889826966734,0.331970590125881,0.46866613155499476,0.7950164310786346,0.1653674136134376,0.5807999170600522,0.23699830065194602,0.5401093780654469,0.0,0.7432211874852142,0.42132299083651353,0.20461059528844994,0.480601036767734,0.8070994070346702,0.7551720829491427,0.30734102542685227,0.6279161328357723,0.6109612107891794,0.36537863107044716,0.5959116221643,0.5196177088893661,0.6865720766511326,0.4738918847476739,0.5551471007641489,0.23140097271547147,0.06910795444049038
0.3111711494150454,0.23696876473187398,0.0890173592944895,0.0,0.12409044746212836,0.05111301191116779,0.3281583301465389,0.08375348451139113,0.13433713248788487,0.5230208543365334,0.10712777740777228,0.1388994539991122,0.23223913208555064,0.0318533878580418,0.029200038687043312,0.373882382965669,0.0,0.2018839609796649,0.020598798413512705,0.12252539212216419,0.2835537168323883,0.16398221977789904,0.0,0.1567322519556965,0.19144223627913806,0.09279931402818228,0.01602105025947804,0.5714937745424866,0.34611383222306685,0.5143087938106295,0.5491513875748041,0.0,0.2817145956750713,0.41343790341284004,0.06686647441719229,0.5095269752395705,0.49623983925720944,0.3223611748714615,0.0,0.0,0.0,0.0,0.23981250319166486,0.23147253795382805,0.05855063467741392,0.21901213016179247,0.0707795730650138,0.09273224655800659,0.2360133723646851,0.0,0.0,0.018271498960859715,0.1416160581658148,0.08704668102254691,0.024614834317062403,0.0,0.1806831513738406,0.08001848310016954,0.0,0.03947214048280951,0.0,0.0,0.0698979372701915,0.09222273949475235,0.0,0.31604652210958134,0.0,0.0,0.07520102064871445,0.0,0.05179724264421792,0.05141995569457747,0.10757642608465476,0.0,0.0,0.0
0.07831769119600133,0.18454249864576042,0.3045523553475807,0.12409044746212836,0.0,0.40522544644037717,0.6754719230317667,0.47395674170099444,0.7291901123854294,0.4439853066669932,0.6206047775655338,0.33216668907101005,0.551724692138788,0.18310226506178323,0.3602511927481225,0.27135233939850334,0.21060900875313376,0.30321419122779086,0.5070558311400868,0.35013063571111197,0.019482441426222765,0.4438710955770332,0.2165728038865408,0.28042056941454635,0.1920214760167648,0.20268360699020632,0.3360179070951648,0.4682197984545558,0.4232449977316803,0.45507537094894096,0.3243463603716567,0.1833896908639352,0.3915212721134916,0.3217710202706997,0.3051164946006111,0.0,0.02439581449685816,0.21910796455114712,0.23196297968524016,0.2275494136621264,0.21188556116408344,0.028465237934398934,0.0,0.06184265616532794,0.07978245454128513,0.10772661288876417,0.1515410432497117,0.45414454032613516,0.029538794117235076,0.24093263779847635,0.09134308667440193,0.20458106925489986,0.3227872752229374,0.38539509326841637,0.12839816126670767,0.5957258352071978,0.347941252332212,0.08736068581968486,0.0,0.0683006347253729,0.239214484610479,0.0,0.21945841047887113,0.42961562827579186,0.23220461244229698,0.09480616892096641,0.2115843948388004,0.1480268698010448,0.12667034750711229,0.09735080937441065,0.17455748936032353,0.18718996777698482,0.2222202384015441,0.02427657016446775,0.1417687724052188,0.2827408335821217
0.3040823364870175,0.7749283921314246,0.5939100607909696,0.05111301191116779,0.40522544644037717,0.0,0.33636218175017796,0.7482796796780408,0.6898642089192003,0.44767280843128643,0.5955464599323754,0.6191046582785938,0.714649998460946,0.16791805142811997,0.6842805473334467,0.22704418861210088,0.6381182229692434,0.63759861322837,0.6372202024160049,0.6356375076533329,0.40054062195132556,0.6935423910873116,0.7402644721831412,0.43153095152028287,0.7207214710399608,0.8254790335221937,0.747639056683871,0.3080731796927322,0.6269294886829619,0.08832180510733575,0.07455807147151108,0.09118264238592697,0.15750986679196796,0.18209855787500667,0.0,0.049620983126992986,0.1918012992489104,0.3035432755545737,0.04945474690146876,0.456619148738173,0.14898596589852303,0.0,0.21615137001049448,0.2280000503537983,0.473194183691554,0.3886634028666426,0.8198543839854311,0.5717087209400316,0.15729582720736138,0.3184669786948745,0.8315743247287997,0.5444796394770464,0.7829477988091907,0.7220908871293125,0.3902764743626051,0.6980715699578934,0.6348519040077133,0.7388541926678865,0.0,0.6272516042261845,0.5982446448163673,0.31128361575378727,0.6480400635230938,0.6440316887997949,0.6569298623237569,0.4940314545051903,0.6911592173324711,0.6923299891640508,0.5153222570346742,0.710960104658246,0.8450863142942698,0.6809917672655524,0.5593169133503418,0.5540421469929098,0.22122087412683644,0.11825420786161456
0.02659429621457113,0.25143798114519333,0.10051576109451528,0.3281583301465389,0.6754719230317667,0.33636218175017796,0.0,0.45254377748311314,0.391267535845793,0.509134507185436,0.3680741467931267,0.1319679197957227,0.5510187447960809,0.3292610358564703,0.07595046279844696,0.3209310483023901,0.29942673263513075,0.35533833679714,0.0,0.041974123809397516,0.0,0.2487496572339786,0.07816699000582157,0.37124387610792126,0.23736050244457008,0.1661319359429004,0.19122092716786032,0.43959148659905306,0.32566232765449815,0.22102880837323996,0.3046323904387682,0.32345086230982273,0.5474084546683634,0.2990937090831855,0.29628219392103616,0.031559588976533055,0.0,0.1718627010711754,0.2876287819864451,0.150828394535818,0.27936421814827256,0.06807697248226185,0.0,0.03537759514096915,0.0,0.0,0.16227535070006638,0.05230908012883539,0.0,0.0,0.0,0.0,0.13498115111689105,0.10212227596967599,0.0,0.33435772245772516,0.20225912823876213,0.09822105990827677,0.027938701081064075,0.0,0.10555832861834731,0.0,0.026458198284261717,0.030859153202980005,0.0,0.0,0.0,0.032298760851901774,0.031150007370530305,0.08480088822180128,0.04477665903147941,0.011346458494342786,0.03711964020892947,0.0,0.0,0.2356533007574533
0.31002326000793407,0.5772731388179274,0.21276381078650772,0.08375348451139113,0.47395674170099444,0.7482796796780408,0.45254377748311314,0.0,0.4718410635444241,0.4326435522943571,0.40550633785553175,0.4849404942919941,0.5923516039906884,0.27131624138638777,0.363368370849695,0.4108584095598288,0.5640849904991547,0.5629592961695025,0.3999949789647164,0.2933500207048213,0.33204898408264905,0.49123258140015574,0.6610037372709068,0.5054608725419157,0.5631576496254959,0.6320819812682538,0.42261646410130144,0.16585483370319826,0.4021918448995843,0.19640545785140445,0.13543657028293904,0.36137230387027025,0.40553105506859555,0.22305267624951017,0.01008558205937331,0.04844589232196894,0.0521322454795601,0.09693348599738429,0.38162643886281794,0.6240341036285197,0.3216615481367562,0.0,0.2402376426053029,0.32535225766433507,0.26727973761414947,0.36507809216516207,0.5716763964652758,0.3765105613979307,0.1334822555802141,0.2322313077540059,0.5605559673866994,0.41196134158772635,0.7499763425326104,0.4280381418494757,0.3907863983050735,0.559060485656078,0.5288458520625512,0.4653236319613743,0.0,0.20597828389890693,0.43275758417492266,0.11798122160849324,0.43551955532417397,0.3678025131831155,0.3101293476363713,0.459041116858927,0.40277097390017236,0.49332009667500193,0.44764658423963777,0.40269533883366293,0.6196564577323268,0.3234136380272337,0.40711376184650383,0.27457575052976824,0.22450135533506,0.26583669637580715
0.3222765457908797,0.5112533355739286,0.7525728700276537,0.13433713248788487,0.7291901123854294,0.6898642089192003,0.391267535845793,0.4718410635444241,0.0,0.4938435635498832,0.7655177657454492,0.39376209939784496,0.5090823514507395,0.0,0.7484078584563897,0.15757778062963104,0.3682068665744656,0.41625121136713933,0.762182920259603,0.7402643997491182,0.3715279408973737,0.726213813096026,0.5469345605959965,0.2782009280523601,0.6353932609099656,0.5840291067708157,0.776688542639692,0.45761687764350323,0.7046539295378262,0.3227434533818948,0.2490478375221045,0.0,0.1538177011837284,0.1982669900638963,0.0,0.0,0.150032957479733,0.39153519249523105,0.0,0.30396339626342844,0.0,0.0,0.08889573744143481,0.04399860924620939,0.4001983002160888,0.3765020606786875,0.568091665197525,0.789982183184392,0.12741485485430432,0.3273893740924034,0.5875760301961845,0.37348133158748326,0.5296929507794323,0.8759802292850164,0.3925987147350764,0.793915769579944,0.39513286767283556,0.5075546331333471,0.0,0.580199812679087,0.41047444195174876,0.17471284905549928,0.48630608942285863,0.7590542754565126,0.7293319614712769,0.43542878794498996,0.6653049667506973,0.5304296405449139,0.34905923183238113,0.5772703721683221,0.6285860011740588,0.7100871338973942,0.4760215214840369,0.5179386779251425,0.1687543191522399,0.110197293344739
0.3575167312098609,0.5368806833548079,0.2096632856063326,0.5230208543365334,0.4439853066669932,0.44767280843128643,0.509134507185436,0.4326435522943571,0.4938435635498832,0.0,0.4215289499622373,0.4459375458921265,0.5915103329465676,0.18992088382434294,0.29549723097090297,0.5031859452009975,0.39320896234217584,0.5189197471602276,0.2908515919922552,0.3856044291005936,0.40994214545110347,0.4978583751754063,0.2315507837054396,0.3828364070583246,0.5340887198806769,0.48986897957051123,0.3553198107346738,0.7562162317851187,0.663954329967472,0.548797770809207,0.6995948772848302,0.014982202777124854,0.3882195674871383,0.3923443539273722,0.06514713702043486,0.15624083457729954,0.2391761889372628,0.4816679935263382,0.0,0.21922776650179357,0.0,0.0,0.05987958349129158,0.06378506957275104,0.3625135850118199,0.35234953405480524,0.44676784149516147,0.33936899685608524,0.072776105104848,0.0,0.1063785092220073,0.06589488531081376,0.3515284714807756,0.41004613469767087,0.36993760301186124,0.42668771521880966,0.44724997505328323,0.18308455194128534,0.0,0.21033062200699984,0.35824388291598785,0.0,0.29732998162083435,0.3609724194672904,0.24665978821035964,0.44339949611957297,0.2629004658860875,0.1771241282737289,0.1587604347294852,0.3195980976365611,0.384072525646935,0.2730360996320362,0.2134302055033536,0.06633477229589395,0.0,0.0
0.06405885901725883,0.43888453382801196,0.6475606106911067,0.10712777740777228,0.6206047775655338,0.5955464599323754,0.3680741467931267,0.40550633785553175,0.7655177657454492,0.4215289499622373,0.0,0.31737007190607136,0.6309596362208247,0.21876823789646885,0.625035278009439,0.20423229942409066,0.3258025399896649,0.39118363536662754,0.7807508831524795,0.6419822860145854,0.13813019306929628,0.6806287003050977,0.34349308872682416,0.19899721443203203,0.49156258392232177,0.48898182928099543,0.6849487772986145,0.4976293513927691,0.5712070860499006,0.23164888608855608,0.25982161897308376,0.0,0.15851486286861713,0.11275275482015057,0.0,0.0,0.0,0.3088107741306471,0.0,0.13562148535956653,0.07267024286462367,0.0,0.11105119867406833,0.0,0.2680464900106922,0.21443727738481674,0.5706076900979548,0.6983313263117068,0.0,0.514173736814436,0.5063885823302626,0.29962945869041685,0.5544395865717221,0.6752478128163808,0.26762620427688144,0.9025767075860585,0.34345809820260415,0.5504567185789755,0.02661829819364139,0.4903635022841452,0.3867950191030005,0.07782377713147347,0.31276379704233814,0.7001414284041296,0.6527272257750978,0.19697667263942803,0.5951024432163888,0.3720826107070237,0.17670703153527245,0.5354708151123262,0.5016950413318823,0.5699082217226137,0.5104013459317721,0.44853305039191566,0.08434140510306291,0.15891297414613886
0.17807648448176927,0.5286336739908996,0.22918511349963178,0.1388994539991122,0.33216668907101005,0.6191046582785938,0.1319679197957227,0.4849404942919941,0.39376209939784496,0.4459375458921265,0.31737007190607136,0.0,0.5477706824313532,0.1671695258241334,0.47882526234948863,0.24795990634412668,0.46501949350857286,0.4310644154519896,0.4394186312445585,0.4419853425836979,0.2459375790817554,0.47310283351977944,0.33866263512076844,0.4482133179226796,0.3395103802560664,0.5918253386385224,0.3915042354301965,0.3515945868712891,0.3873571655347202,0.2782616580845492,0.1745467175388583,0.04638382375285611,0.06597920120330361,0.2655404516005365,0.0,0.1467160255054848,0.24564373034031808,0.3377314607344845,0.0,0.27075573422931265,0.0,0.0,0.2782634663013793,0.23544569934037018,0.43297345271584375,0.2537143700539553,0.4723990098835461,0.33538630853804774,0.185294245604035,0.17820192145500408,0.39304327440434694,0.3297631905218754,0.4490642309571937,0.39393116683558904,0.3626233839834329,0.3849659130390024,0.771828370062713,0.3130294868388301,0.0,0.4076813513042121,0.38352148425505084,0.2660766787582891,0.5178162849025237,0.4532867774801346,0.40355072201160436,0.2366052605549489,0.48568094069651835,0.2221484480195962,0.3304848156765382,0.32161451450630973,0.5237901438866268,0.3645019875735223,0.3775738745298181,0.21334831698105514,0.170885942831556,0.0
0.0263931748603856,0.5682141666209362,0.269827428483943,0.23223913208555064,0.551724692138788,0.714649998460946,0.5510187447960809,0.5923516039906884,0.5090823514507395,0.5915103329465676,0.6309596362208247,0.5477706824313532,0.0,0.22180146042820115,0.3760073624399557,0.36674322056265396,0.4640248432521988,0.48405484960438894,0.45121304421293634,0.3838536326511262,0.17685503397827482,0.5010492555483754,0.20360967127851595,0.2639726362906867,0.3558964821591514,0.5307461029011885,0.3492995424621024,0.6267423125911451,0.4815658557534167,0.34026659276677135,0.31107198899793564,0.1601099541873241,0.2914341597414139,0.31879542466471217,0.01130352646683363,0.08157818502572199,0.21436069070665348,0.2762892510502863,0.09378661241269394,0.19435685798365027,0.13051008229408542,0.0,0.11378479161315364,0.0744024504209743,0.2443115188120476,0.13286691336067605,0.4723854057018483,0.420446151036217,0.04091510890385923,0.20478993613666638,0.3633265248268741,0.18372828615844827,0.4864820007051901,0.3827608516651859,0.14662534599862903,0.5910889847678744,0.6356123880961029,0.46604888647704523,0.0,0.23340499863999192,0.3563660163388467,0.025317183838170918,0.3776139755113851,0.4054619511257689,0.2937325441203697,0.22167395614239432,0.30935571926005806,0.17101431066054956,0.15367718772059036,0.3127187611133103,0.44325793785220363,0.28184568611665956,0.367902053579471,0.1625959656342005,0.06257867360009663,0.08488426749969047
0.0,0.15247026452496795,0.0,0.0318533878580418,0.18310226506178323,0.16791805142811997,0.3292610358564703,0.27131624138638777,0.0,0.18992088382434294,0.21876823789646885,0.1671695258241334,0.22180146042820115,0.0,0.0,0.15222426024904348,0.22812590990413245,0.08416351084918298,0.0,0.0,0.0,0.07384718090439901,0.04422571924484781,0.43719911652127996,0.08886431970832542,0.1860479147241824,0.04016925710103719,0.0897828374482593,0.0,0.0,0.06502097601216826,0.4413505186406329,0.2860689971749146,0.08912881321698803,0.11993523843679302,0.0,0.0,0.10009681423620385,0.38595377064017183,0.07642031270321555,0.3128779661828296,0.10029551947690636,0.0,0.0,0.0,0.0,0.2282728197372835,0.0,0.0,0.2589959460377751,0.07220282022131581,0.08292837659816982,0.1275330923388136,0.0,0.11984774456598635,0.18363758841510563,0.2036614761398498,0.1859685797415447,0.43434328578591747,0.0,0.0814216351470082,0.0,0.0,0.0,0.0,0.0,0.0,0.0,0.019430219381829036,0.12505171136599189,0.11551287009057734,0.0,0.14001776316680808,0.0,0.0,0.3193245573705418
0.4068728010151167,0.6470031540727317,0.7469805823565463,0.029200038687043312,0.3602511927481225,0.6842805473334467,0.07595046279844696,0.363368370849695,0.7484078584563897,0.29549723097090297,0.625035278009439,0.47882526234948863,0.3760073624399557,0.0,0.0,0.10483317076941578,0.3999650867615588,0.43026113401506333,0.687462428074136,0.8934324923038639,0.43902491283018164,0.8407254325657958,0.6604484359577883,0.16184724506742845,0.6776581149792273,0.7515145685133352,0.8815826766735375,0.22590602293993522,0.6912362505435822,0.050549122386565615,0.122744436414123,0.0,0.0,0.0,0.0,0.0,0.13072144741165817,0.3082445248851438,0.0,0.24933207288511147,0.0,0.0,0.09091578929152813,0.1378616868610884,0.4108485111639713,0.4729362011669519,0.6675463034194816,0.6772613927427694,0.2104617890861664,0.40828335844323627,0.7009676870662521,0.4939196829619298,0.5625025328242369,0.8678154795371048,0.3848109167243468,0.7370106295341262,0.467626476892721,0.5880935626468055,0.0,0.9121858976460308,0.5351350113358461,0.2961632403318137,0.48380860376229806,0.7256358568884599,0.8559444685096459,0.4688123440634072,0.8377274572783887,0.6604140051158284,0.3644684798355818,0.6759156999591115,0.7772090747873674,0.8626829109683966,0.4329163473961505,0.6035531857021288,0.07707093590896591,0.0
0.555190531585921,0.3811806033318119,0.0,0.373882382965669,0.27135233939850334,0.22704418861210088,0.3209310483023901,0.4108584095598288,0.15757778062963104,0.5031859452009975,0.20423229942409066,0.24795990634412668,0.36674322056265396,0.15222426024904348,0.10483317076941578,0.0,0.3914636014508441,0.6843618225186109,0.1367175721393919,0.11434129049322644,0.28399306917236394,0.38067879337128224,0.09374912011083036,0.47631665678269364,0.3639238154312286,0.37516351995737585,0.07632455620865136,0.38498026102412874,0.41547433610455126,0.3480444616750843,0.6913795734386476,0.3622871678091104,0.5424752880503314,0.4073611952966092,0.18001395111641064,0.045322570287756006,0.022875527925824504,0.12098601037759324,0.26987122794225277,0.35242360294119396,0.037808851737860506,0.03379347383766828,0.10283414156620854,0.10327751636029647,0.04929713595350329,0.46041312967797,0.21995208300794608,0.0,0.11824490634537418,0.1715204519791537,0.06436976568998531,0.1899200337246272,0.22964838520951972,0.14942504569962226,0.3135284843640108,0.25057919880703944,0.35953223593181033,0.13508795596815185,0.03416439463696974,0.05018494668478805,0.382931173370168,0.0,0.3210958794317505,0.16810067075074336,0.09960888808004958,0.3158801818379641,0.18372465730313378,0.0,0.13085961302741206,0.13696964959953875,0.2961241282077347,0.06611515234980386,0.2195084991948348,0.14659404857269784,0.031327833998285606,0.224452986950399
0.17218977869498464,0.5482927446255376,0.2985365077168701,0.0,0.21060900875313376,0.6381182229692434,0.29942673263513075,0.5640849904991547,0.3682068665744656,0.39320896234217584,0.3258025399896649,0.46501949350857286,0.4640248432521988,0.22812590990413245,0.3999650867615588,0.3914636014508441,0.0,0.7262882688321315,0.25570281675988166,0.328995986379187,0.17676392821019474,0.5375190345813418,0.4296281166473805,0.3618732621276844,0.6355996210201285,0.6500994962492734,0.48396054152351253,0.16855179838327877,0.3946371340095078,0.0,0.0,0.31727001467120497,0.21670134400510505,0.0,0.0,0.0,0.0,0.005975309309421263,0.23260033957175302,0.37847989423262246,0.18080952943478623,0.0,0.13937785743418607,0.09966990296355442,0.2773455278207338,0.24262657776461166,0.6278287708697953,0.23647638762250758,0.02170638961280151,0.26973440769994445,0.5019668821121125,0.345838602583355,0.42374243525310895,0.373196927556852,0.3492967449032814,0.4470583786050917,0.45187369421933593,0.48172760815298915,0.0,0.36669487157899994,0.43019529334305456,0.28136480426776356,0.4915501556776034,0.30061830163892955,0.42297691320171116,0.28556896495126766,0.5337863651236244,0.284927973606006,0.23867572363039533,0.49611011150818146,0.5660001469028079,0.37368152065618276,0.4340895942700265,0.3467232436987913,0.07368257796818363,0.25409486134677495
0.49696375958762656,0.6056739853372238,0.30856909568328733,0.2018839609796649,0.30321419122779086,0.63759861322837,0.35533833679714,0.5629592961695025,0.41625121136713933,0.5189197471602276,0.39118363536662754,0.4310644154519896,0.48405484960438894,0.08416351084918298,0.43026113401506333,0.6843618225186109,0.7262882688321315,0.0,0.37462511982165514,0.37619220402775955,0.4443620587130368,0.641159336678985,0.46360142989316344,0.48948263192409414,0.7477109434840252,0.6570744340698462,0.520479567893473,0.31281367697294876,0.6509106616951608,0.20293944951496617,0.38044238039037015,0.31895399636309524,0.3646906461036253,0.2119864062145761,0.0,0.10914036617141581,0.09871045175077592,0.12703559926361374,0.2355292443785454,0.4957294471227031,0.17511201401190282,0.0,0.27806278926764183,0.1766539282906382,0.24039270170975519,0.550473666035287,0.6434972767298682,0.3060520736859811,0.1741370988264545,0.32339448699742074,0.5327168382501143,0.5090567043876552,0.4487904413229853,0.440240409456584,0.47032918155009507,0.48070395877703925,0.4896912163876831,0.48505675675257687,0.0,0.3613751662779781,0.6893265334079488,0.3629100976654426,0.6999650182221154,0.4267352353681052,0.4583821334292419,0.5245003890543141,0.581245762522821,0.31289969380321747,0.40936775162018585,0.6193316511592435,0.656018964806209,0.4195381409485653,0.5281107718783141,0.5393323735573843,0.21483174167866517,0.32292932408959707
0.22936799617974724,0.39499897633923714,0.7584967054409493,0.020598798413512705,0.5070558311400868,0.6372202024160049,0.0,0.3999949789647164,0.762182920259603,0.2908515919922552,0.7807508831524795,0.4394186312445585,0.45121304421293634,0.0,0.687462428074136,0.1367175721393919,0.25570281675988166,0.37462511982165514,0.0,0.7399371612366422,0.3479428887130883,0.6586008234569259,0.496627758392492,0.1225458329713923,0.42157768093673975,0.46589446314504146,0.6596555843717451,0.3827991367546121,0.6112424321042612,0.3289025714908762,0.174964941726794,0.0,0.0,0.0900392412329117,0.0,0.0,0.20634001506366448,0.32201918193010715,0.0,0.18952571919226546,0.0,0.0,0.2166425441770212,0.17160307106002606,0.37969592361761556,0.4097805872034939,0.5215661036014924,0.8640705347923969,0.11299036220435388,0.33077190204957047,0.5799879307527763,0.3591579282074475,0.6210750895385441,0.7611155580978765,0.32239013814502804,0.7337149619251394,0.4194462362564964,0.46344120908812764,0.0,0.5818101677912421,0.4886940899320437,0.25377587038475624,0.48781358436252775,0.9560929478393433,0.7469983239315994,0.37925106161339917,0.6827377213479711,0.505376806887345,0.3535997060234925,0.4659951792075764,0.5576487472113946,0.6222368934323367,0.4989579009235368,0.5188106327783725,0.32229019673920617,0.04964208933434847
0.4176240798404915,0.6249245692811862,0.7407357708983016,0.12252539212216419,0.35013063571111197,0.6356375076533329,0.041974123809397516,0.2933500207048213,0.7402643997491182,0.3856044291005936,0.6419822860145854,0.4419853425836979,0.3838536326511262,0.0,0.8934324923038639,0.11434129049322644,0.328995986379187,0.37619220402775955,0.7399371612366422,0.0,0.5204047591677989,0.8763933153150977,0.5825362509415115,0.12587820152716517,0.5751514389813913,0.6771349497189223,0.8563756730796392,0.3403576638906969,0.7754187621538081,0.19747616719169844,0.25240112420036115,0.0,0.0,0.04896585995246893,0.0,0.0,0.1426646364786496,0.39554912565921285,0.0,0.17352570040228651,0.0,0.0,0.0,0.026783584955128757,0.4650334582021981,0.4393015117373577,0.6031270823228525,0.7063993485777765,0.21899801389677098,0.29548085844016075,0.5854741558465199,0.36031396418665224,0.5574710512268307,0.8804261389332029,0.2685751802118277,0.6932161101632179,0.39214894291923935,0.48044475252857743,0.0,0.8664377088471825,0.4818283191058721,0.12718813685535063,0.4245464441430777,0.7864429883265943,0.8931227112893326,0.534807157749646,0.7877575114870141,0.6511277166493467,0.30617086555409295,0.597250802193936,0.6971798989374937,0.8554043666090599,0.31879211665561247,0.49321129741614733,0.0,0.0
0.8342286269183189,0.6687701074100791,0.21239171338809393,0.2835537168323883,0.019482441426222765,0.40054062195132556,0.0,0.33204898408264905,0.3715279408973737,0.40994214545110347,0.13813019306929628,0.2459375790817554,0.17685503397827482,0.0,0.43902491283018164,0.28399306917236394,0.17676392821019474,0.4443620587130368,0.3479428887130883,0.5204047591677989,0.0,0.4752358832317916,0.5553339989286765,0.02527512233053596,0.6531634612898866,0.6171634943118404,0.48095335653933025,0.10582445062863838,0.6581892355299424,0.4193779207254902,0.3414632196779921,0.0,0.0,0.0,0.0,0.0,0.18081543520968263,0.2783893731664402,0.0,0.3859434934090027,0.0,0.0,0.22687291903191578,0.19075262576108654,0.4013595295109409,0.8570301313820435,0.5026344178882519,0.5566028099532198,0.18463359760721212,0.13091883023445747,0.449667688028619,0.22747097464912172,0.49741279731272026,0.5763068322161247,0.35853157596119967,0.25836114532399096,0.24052691022269268,0.30848680457611866,0.0,0.49523491165422856,0.38257529899012527,0.2200668578650361,0.4145040322856596,0.46454196773324474,0.4895865610652092,0.9294853684940837,0.4884762431181638,0.5708306971103064,0.41900893028939273,0.4527865981263179,0.6342996291957769,0.6230993990567109,0.13044240721909436,0.46341965376043953,0.0,0.0
0.4629519477876615,0.70912429531822,0.5936658851712046,0.16398221977789904,0.4438710955770332,0.6935423910873116,0.2487496572339786,0.49123258140015574,0.726213813096026,0.4978583751754063,0.6806287003050977,0.47310283351977944,0.5010492555483754,0.07384718090439901,0.8407254325657958,0.38067879337128224,0.5375190345813418,0.641159336678985,0.6586008234569259,0.8763933153150977,0.4752358832317916,0.0,0.5866384668231023,0.27382885993892647,0.7364419016036392,0.7814706713796971,0.8504031227785592,0.3592601625285136,0.7963553736809602,0.17421142063578204,0.34715142788146996,0.029114595995839446,0.2498144657473,0.16506785118225029,0.0,0.0,0.10291741599861844,0.4105174413736534,0.0,0.44052235556630587,0.0,0.0,0.06663629954633478,0.03625947920919366,0.42804979164698187,0.5190108828311998,0.7295739991394348,0.5653158830624857,0.11861094223010799,0.42384545335529206,0.6125503438944687,0.4586444365485106,0.6019220300313811,0.7787708110609627,0.4170558999469273,0.7701613348945178,0.5123958477044075,0.540860842371305,0.0,0.7616977793391215,0.6180802045869997,0.20307682475483613,0.5216864332161498,0.6686778826147232,0.808110267842158,0.5060340076363646,0.8422982697588896,0.5753450075648999,0.3347966027147136,0.6913627465463505,0.799171090722449,0.7488647222035755,0.40595503630233015,0.5523701034263753,0.027778742033178948,0.042591782224127135
0.5099796607897339,0.6319472671287193,0.5207218742564498,0.0,0.2165728038865408,0.7402644721831412,0.07816699000582157,0.6610037372709068,0.5469345605959965,0.2315507837054396,0.34349308872682416,0.33866263512076844,0.20360967127851595,0.04422571924484781,0.6604484359577883,0.09374912011083036,0.4296281166473805,0.46360142989316344,0.496627758392492,0.5825362509415115,0.5553339989286765,0.5866384668231023,0.0,0.2747923259374998,0.736231149297042,0.6930638432217637,0.7707340835135935,0.0,0.5766513640611247,0.0,0.0,0.0,0.0,0.0,0.0,0.0,0.0134814059496312,0.1824159958773599,0.0,0.45350914222994093,0.0,0.0,0.12124193834447304,0.22791897992726895,0.42228321167616983,0.5571906369846763,0.709601443185588,0.5360434009701834,0.17149971413862777,0.3074323537520155,0.8092532819748826,0.5153046068870413,0.7798808217683763,0.7013844674705252,0.4441972897783918,0.5673544223224127,0.3492197811282286,0.5558067972674784,0.0,0.6290217749414866,0.5427510678826482,0.26923395115237936,0.5192063950674703,0.548935477343341,0.6507077179063984,0.6868558294088967,0.6602546124536475,0.9561209264706568,0.4920470536020051,0.6850218358605005,0.7956901281847109,0.7650296876121508,0.33697040790251925,0.6203760505634021,0.15874017229827578,0.04118781691983569
0.30217655196326815,0.24258772844164714,0.1385903462001959,0.1567322519556965,0.28042056941454635,0.43153095152028287,0.37124387610792126,0.5054608725419157,0.2782009280523601,0.3828364070583246,0.19899721443203203,0.4482133179226796,0.2639726362906867,0.43719911652127996,0.16184724506742845,0.47631665678269364,0.3618732621276844,0.48948263192409414,0.1225458329713923,0.12587820152716517,0.02527512233053596,0.27382885993892647,0.2747923259374998,0.0,0.35654419480832117,0.4382149894783708,0.212297428334874,0.20210886252927093,0.2454299391474752,0.0421869424343183,0.3289981008094162,0.4807940109961719,0.4224722691567169,0.3617143904500515,0.1745822259820328,0.16754923500839103,0.0,0.1410125701077462,0.43586271098789825,0.36293919291111837,0.3512558956103997,0.06518059049389989,0.21928514718631956,0.20545127769861812,0.15593466462882116,0.19866720169318697,0.35308611339083384,0.0,0.25527554153188314,0.21525664692239851,0.33061755504255763,0.38942654326612736,0.31516720629675604,0.2547622594129587,0.3770739900244562,0.28734054455770264,0.3923245954727416,0.35094216932037803,0.17982353248506047,0.11823915807085535,0.4334199759642329,0.13841216368397216,0.380388496176868,0.16871826354026387,0.17654700691898767,0.1671210099050043,0.26629373852556665,0.157392760372018,0.552414650971016,0.3316234739256217,0.40625284099541564,0.06174380713116092,0.4200809120268691,0.20758263082638448,0.24637548779231136,0.48494856889486754
0.6163775912920861,0.8194223120441605,0.4682657207486075,0.19144223627913806,0.1920214760167648,0.7207214710399608,0.23736050244457008,0.5631576496254959,0.6353932609099656,0.5340887198806769,0.49156258392232177,0.3395103802560664,0.3558964821591514,0.08886431970832542,0.6776581149792273,0.3639238154312286,0.6355996210201285,0.7477109434840252,0.42157768093673975,0.5751514389813913,0.6531634612898866,0.7364419016036392,0.736231149297042,0.35654419480832117,0.0,0.8825966245513686,0.8399237655291594,0.1710978129156318,0.6893744865477194,0.04464326093492014,0.2562717572535697,0.022018453578894485,0.1263296891162107,0.0,0.0,0.0,0.05150513513961691,0.2591653917600395,0.0,0.48034008834021075,0.0,0.0,0.24067095849185105,0.1509479732559723,0.4437603696891027,0.6613699320383154,0.8914655443147108,0.5098330996016486,0.12652950969967672,0.48430417466107456,0.7650140045323637,0.5616264604894822,0.618778122943644,0.7661147136248683,0.5819464893045264,0.6536194637823637,0.3641313390253759,0.7049935889385112,0.0,0.6588794227892505,0.6224562643680139,0.3484924932758755,0.5789461906525181,0.4837097582662522,0.6780639324153941,0.7228050160435089,0.7763568767649188,0.6783232044145949,0.43611779266325496,0.8699993786143061,0.8888656921696221,0.7786609868595711,0.49642627163036396,0.692250936457741,0.024196399004546117,0.0867151676868813
0.5868161143572493,0.9498652868633898,0.4329591762475124,0.09279931402818228,0.20268360699020632,0.8254790335221937,0.1661319359429004,0.6320819812682538,0.5840291067708157,0.48986897957051123,0.48898182928099543,0.5918253386385224,0.5307461029011885,0.1860479147241824,0.7515145685133352,0.37516351995737585,0.6500994962492734,0.6570744340698462,0.46589446314504146,0.6771349497189223,0.6171634943118404,0.7814706713796971,0.6930638432217637,0.4382149894783708,0.8825966245513686,0.0,0.7958455576032086,0.1850908111606283,0.6319686398981088,0.0,0.20005577735724825,0.052685841737615396,0.12114263924884955,0.0958032584092791,0.0,0.0,0.06519796756178596,0.29161750674836007,0.0,0.5158450340281053,0.0,0.0,0.18722397248139494,0.12115404575148116,0.5053030409402184,0.6064319924149622,0.8837299595512549,0.44425152631676984,0.18765710808384287,0.4541064495802372,0.737195494126223,0.4957328448922569,0.6679943206961244,0.7620053360623614,0.4529004833695106,0.6516920943270286,0.5298181342662566,0.6608978710248674,0.0,0.7611066544078727,0.5842401768025,0.28028391006997,0.5444571049165106,0.49811814177505104,0.6898971103419318,0.6317239560618467,0.7924529892454315,0.6429749439852073,0.38966038757514254,0.763360847499512,0.9250119917033129,0.7614288712307817,0.43264554907403463,0.5478448170168944,0.0,0.0
0.4261564726503102,0.7307997371279075,0.7248192344207022,0.01602105025947804,0.3360179070951648,0.747639056683871,0.19122092716786032,0.42261646410130144,0.776688542639692,0.3553198107346738,0.6849487772986145,0.3915042354301965,0.3492995424621024,0.04016925710103719,0.8815826766735375,0.07632455620865136,0.48396054152351253,0.520479567893473,0.6596555843717451,0.8563756730796392,0.48095335653933025,0.8504031227785592,0.7707340835135935,0.212297428334874,0.8399237655291594,0.7958455576032086,0.0,0.16693563422913432,0.7414270687258202,0.0,0.09728948044022906,0.0,0.0,0.0,0.0,0.0,0.0,0.3562660055343559,0.0,0.3050749502420451,0.0,0.0,0.06343390002973276,0.035844049917307434,0.4662901383793938,0.4822735944235978,0.8114376572940831,0.665535184436896,0.07618801027010581,0.4760483763821159,0.7749549880520239,0.48524044576819264,0.6227519814861514,0.8806157732394726,0.41659302959986366,0.7886033151937846,0.37677197962324727,0.6309102253337067,0.0,0.8421319672386579,0.5545710347096638,0.2682998933407766,0.4968129490949495,0.680733810935275,0.8712337761221628,0.5512697280128219,0.8469601465465992,0.7606926277035885,0.38976018501416376,0.8259729353777578,0.823776788245024,0.950541062880951,0.4159212022463034,0.6704911350356969,0.0,0.0
0.06931320833969791,0.2607454591709334,0.3542828165210847,0.5714937745424866,0.4682197984545558,0.3080731796927322,0.43959148659905306,0.16585483370319826,0.45761687764350323,0.7562162317851187,0.4976293513927691,0.3515945868712891,0.6267423125911451,0.0897828374482593,0.22590602293993522,0.38498026102412874,0.16855179838327877,0.31281367697294876,0.3827991367546121,0.3403576638906969,0.10582445062863838,0.3592601625285136,0.0,0.20210886252927093,0.1710978129156318,0.1850908111606283,0.16693563422913432,0.0,0.5519332073997288,0.6389564655266655,0.7107829916666736,0.0,0.3221919157207072,0.47943141276992407,0.15825150658802636,0.31590223129529615,0.4276119600849896,0.49998523866967776,0.0,0.0,0.0,0.0,0.0608938236992281,0.043054059131060335,0.21602210990457865,0.06967806569465546,0.20188358276323332,0.339796145495724,0.045438617464458715,0.0,0.0,0.0,0.1746687323016386,0.27260037597219866,0.05969171041011955,0.30503985236998776,0.4155051690347749,0.1429865101337218,0.0,0.12620616831290346,0.21635885411232064,0.0,0.23002011385997057,0.4470094151300312,0.16577286367096875,0.14174702502569062,0.09987246254041202,0.0,0.0,0.12140194535718371,0.12202684397919497,0.10602551008930951,0.2857063148787039,0.0,0.014985703989663715,0.01809939270717625
0.6368986104458952,0.6175267281408552,0.6140342790023212,0.34611383222306685,0.4232449977316803,0.6269294886829619,0.32566232765449815,0.4021918448995843,0.7046539295378262,0.663954329967472,0.5712070860499006,0.3873571655347202,0.4815658557534167,0.0,0.6912362505435822,0.41547433610455126,0.3946371340095078,0.6509106616951608,0.6112424321042612,0.7754187621538081,0.6581892355299424,0.7963553736809602,0.5766513640611247,0.2454299391474752,0.6893744865477194,0.6319686398981088,0.7414270687258202,0.5519332073997288,0.0,0.42153397522310254,0.5744082959711596,0.0,0.16347885486532265,0.2172758078255854,0.0,0.0,0.18433441110161705,0.4722019708068971,0.0,0.2643975767070225,0.0,0.0,0.0377675576741719,0.03565605551095069,0.3846070159416266,0.6304262404657803,0.582825200204809,0.6208915713495903,0.13957367361729042,0.15656797966080263,0.47595648526908374,0.2831881824207414,0.5370144930297792,0.7423358007749649,0.3400058060163908,0.603219280310954,0.413185729252143,0.4290250375094296,0.0,0.6499117661061865,0.6312648693748686,0.12692360648584056,0.571130630892877,0.7097135846435056,0.6728249905600475,0.725953389357971,0.6227241096704834,0.5961616411588948,0.3976331612107342,0.6223470712958712,0.6601092407465372,0.6750740847785296,0.3122999513824284,0.5196200667667561,0.05516364413771177,0.0
0.2900967960345155,0.15360061843150238,0.022710543707293383,0.5143087938106295,0.45507537094894096,0.08832180510733575,0.22102880837323996,0.19640545785140445,0.3227434533818948,0.548797770809207,0.23164888608855608,0.2782616580845492,0.34026659276677135,0.0,0.050549122386565615,0.3480444616750843,0.0,0.20293944951496617,0.3289025714908762,0.19747616719169844,0.4193779207254902,0.17421142063578204,0.0,0.0421869424343183,0.04464326093492014,0.0,0.0,0.6389564655266655,0.42153397522310254,0.0,0.5947392689148521,0.0,0.19728317812470378,0.3646038236269713,0.19791900925777292,0.21732281464229866,0.3639163229899132,0.3792973749113632,0.0,0.06356452743575458,0.0,0.0,0.22776002855210675,0.19002482348655575,0.16811106747884436,0.3342795114020387,0.0,0.440622434786444,0.0,0.0,0.0,0.0,0.22755195423845226,0.16193684172850176,0.0719163893101339,0.10280527308069673,0.24127379644141897,0.0,0.0,0.0,0.0852769891672775,0.0,0.1997247466437953,0.3724807519138589,0.0,0.3719338871831958,0.0,0.0,0.10938179868603337,0.0,0.0,0.0,0.11575646298451046,0.0,0.13981312546682714,0.0
