0.0,0.3457260119656733,0.07050008036607858,0.3349386466283312,0.0,0.0,0.12609255334611003,0.17399081493329918,0.0,0.27045508137160196,0.03500838173965627,0.0,0.0,0.1288304904721663,0.42515640880628913,0.1865027866236693,0.22480928792825017,0.22846544929570886,0.023859071298649025,0.05583914211728202,0.5610223060276406,0.13876399324363412,0.10184771665720671,0.05009789195342304,0.47050467189641865,0.3223232587146656,0.0,0.09428325467984253,0.10414987082979958,0.0,0.12315686831647155,0.1120319022125303,0.059350612836388025,0.0,0.0,0.2527042034290581,0.020794138932615704,0.17240147103942613,0.06506056297081045,0.19547581384191745,0.04593136760125695,0.0,0.3771251029478881,0.13655217653756002,0.10793575731199276,0.5548414060445892,0.0,0.08426504195307451,0.44437851744736545,0.17506510116340984,0.0,0.1827212507721217,0.18922968019229822,0.0,0.21852889617398816,0.06447346985345843,0.0,0.0,0.31278376106594646,0.3879204948626049,0.23314983292679936,0.0,0.17464160094716036,0.0411424984729082,0.04693046834976718,0.49654881153211095,0.0,0.1306418226867116,0.03508418746584399,0.23003490006128705,0.27659943941428394,0.1470483420715135,0.1314894270225371,0.283179327985046,0.3519387358918645,0.38530281554319107
0.3457260119656733,0.0,0.15039778644283666,0.11205659017712932,0.23633565238605697,0.26698060120285944,0.3037546637694952,0.23337884184218355,0.22976359106354458,0.3680087498694849,0.17805461103461975,0.20279390716379114,0.30984602414261275,0.06487998915120585,0.2308128794142843,0.27992787419415727,0.37481054651943113,0.4105973380617686,0.16295415313548958,0.17102421083061567,0.27575801927795174,0.26525307655795777,0.2546863164853536,0.2170386060619803,0.5129145054946874,0.4293414899951927,0.12550632358986588,0.22156843049809888,0.29855960578328417,0.0,0.11137868412615382,0.27595665210953485,0.15828905661173498,0.0,0.02514360587810021,0.14262218224403822,0.0,0.15438419320710448,0.22669542622322658,0.21195361045077535,0.0609479892114487,0.04016602239644193,0.24082835161948668,0.09366379280259418,0.15085201517175229,0.2536673186045896,0.2823010885986072,0.14202104528918072,0.11114439591946043,0.18831076547271078,0.3032376436947309,0.2000843687613543,0.2601574002922068,0.14744267552034288,0.2938434158676192,0.18253149687537273,0.20500188869486624,0.28597253882041634,0.12546074647817107,0.1955727593182679,0.24939842887953376,0.17342631516948723,0.26499692015235804,0.142669058184991,0.08694846148592507,0.2769817881084796,0.1117511312891679,0.26730492265232614,0.17843845225154903,0.3637791876079259,0.37402188082768095,0.22603087753339685,0.14813058731759438,0.18823492185802052,0.30752029815877263,0.15228641718770913
0.07050008036607858,0.15039778644283666,0.0,0.05701759449659465,0.3002798184681506,0.2625917461704473,0.22736670300907863,0.40422584742304524,0.48985838922320357,0.2032656386764347,0.5783940954744775,0.18813057762603325,0.32463245050842526,0.25140575825284184,0.24916399807275785,0.13685001730950147,0.21958302102207047,0.1677511367673981,0.6394364314068978,0.5083269022334344,0.023901837956026035,0.46425859089936033,0.37676253600726095,0.12237540686467427,0.0946549612213673,0.20203921693397767,0.3937808672392055,0.3604166189048854,0.11131936233516877,0.2594952084882695,0.1468723104407491,0.19915508081628985,0.0,0.0,0.0,0.170827710957759,0.0,0.09219196043787967,0.19966483816553177,0.0,0.11668988429377858,0.0,0.18541161855463273,0.022975583103020548,0.16978500857559584,0.07495191809494732,0.05989762375153584,0.6255257271747909,0.11606013875877225,0.4022172121343179,0.1875093782794233,0.23910712212104165,0.3418871653516555,0.4656678373886704,0.3345563934511099,0.5810298285567772,0.30175615694438657,0.2425975780452615,0.33089597943534005,0.25721580544211015,0.18269325777256976,0.1798902008965477,0.1375310407882785,0.6070546445788042,0.4428819571939341,0.0,0.40089149231333754,0.34650581656806184,0.11465188365420659,0.13723758175950393,0.18583620630452968,0.3751427314119495,0.2696836561454275,0.0324151132210011,0.19722093983730765,0.06263733844662603
0.3349386466283312,0.11205659017712932,0.05701759449659465,0.0,0.19320111548760321,0.0,0.266360739405772,0.08911541874146639,0.0,0.0,0.06476456244689574,0.0,0.13634081168577417,0.3470927032527095,0.3331525066320489,0.06271662602315312,0.008617636794706781,0.13455136552712635,0.017886170749215922,0.10949190089710013,0.2657536427454881,0.13689029147140858,0.0,0.0,0.1366503467335821,0.07577946191274725,0.0,0.2671253365003961,0.10647847957978034,0.0,0.052192786803862204,0.0,0.0,0.0,0.0,0.44431933349885727,0.33660868523700826,0.04470472584171605,0.0,0.0,0.0,0.0,0.3520038592304435,0.1321114001922634,0.037766005481449406,0.15067341311553742,0.0,0.012406215413571573,0.4036449197724592,0.2995499529816924,0.0,0.33710493123344837,0.026011021439660633,0.06187182160837987,0.0379132792339805,0.05020393189332866,0.0,0.007920915878604832,0.3518298239061727,0.2681207325422764,0.047509500739111525,0.0,0.08174467437698549,0.012231552249831261,0.1358353346422391,0.1535997385987681,0.10034676599290968,0.0,0.0,0.014008361961617229,0.0,0.15528635805352764,0.2519765785345455,0.2742684036374487,0.09404314426854252,0.07896003310902329
0.0,0.23633565238605697,0.3002798184681506,0.19320111548760321,0.0,0.3712308337102215,0.4688061466663388,0.20832560592753183,0.5411372260191443,0.09490562047524596,0.44264719512664363,0.14891691378144595,0.5506878024187234,0.2178126477993442,0.1547194694205857,0.21487725009751033,0.23861186482177538,0.2504184327377165,0.38707983270632285,0.4808860204720966,0.0,0.4664249577165403,0.2290197326654052,0.0,0.07179057289850382,0.08522926760825165,0.43903004598475304,0.5040099008025238,0.30608885926649587,0.2033815306740886,0.21142181111564143,0.06877099318677075,0.0,0.0,0.0,0.2468046237116633,0.058469059701459755,0.10115140027454218,0.04982735681649122,0.0,0.09554020949133396,0.0,0.15869434020120657,0.05001073874774048,0.21920370309102427,0.0,0.16132551595967695,0.30967891256779995,0.0,0.5087738552736685,0.20631074718075515,0.43933412665395694,0.17054805988842056,0.5338319635716672,0.2071740962647355,0.40284562501725174,0.24232035803089536,0.3451906173027975,0.23779763038058976,0.2190461867627738,0.20133987991281324,0.20448510044070237,0.19109079407675245,0.32572457455702286,0.37852024259283745,0.0,0.40301597411960627,0.2386661502165719,0.0,0.0746616815692342,0.06299971249025513,0.4155052541583397,0.3211530935531188,0.10459382570345058,0.10626376363873737,0.021615861189431672
0.0,0.26698060120285944,0.2625917461704473,0.0,0.3712308337102215,0.0,0.26277093855128725,0.30408080718038566,0.4204999830297331,0.24878401341314435,0.34211650653532605,0.3573912016518994,0.4332068130325873,0.08821368077108473,0.0,0.21331226234062572,0.1449249981568104,0.164885810693884,0.32494392357303165,0.34251899666021296,0.0,0.3153742085134532,0.34789462331961124,0.24399351837095773,0.08741047786333382,0.20514586009411884,0.4438590870644601,0.23952394345875333,0.29475744687875677,0.19011985257092734,0.22131473818795552,0.15487043936040393,0.11728346840201387,0.1409044278679709,0.0,0.0,0.0,0.030935708522207332,0.16353834031608683,0.12130280359080045,0.26564981843592866,0.20055231712971897,0.0,0.0,0.2106372361042677,0.0,0.4591382391522391,0.28016773434383646,0.0,0.13538293905987836,0.41895844718612935,0.15868785931551943,0.25907969254880586,0.35853441805225433,0.29386106159185243,0.3240768327124355,0.3214886868054721,0.3364475787152691,0.0,0.0,0.13170158813736862,0.41912881110462663,0.11702359387518453,0.2841056228232997,0.2237581783498307,0.0,0.28581801335220625,0.34662594926827967,0.2402097050331902,0.22331513008297613,0.20393111635588768,0.25268768799123487,0.06968293255366749,0.0,0.0,0.0
0.12609255334611003,0.3037546637694952,0.22736670300907863,0.266360739405772,0.4688061466663388,0.26277093855128725,0.0,0.1523528883453213,0.3800714170700927,0.3093864080279151,0.3397673805872934,0.042145599381820775,0.49603355044873837,0.23703975556199716,0.12851779094459037,0.2821772643819577,0.2937533949771804,0.32492426209632935,0.2560796194996425,0.3591008261752073,0.0286325166212617,0.3807654649660161,0.16544617748023116,0.0,0.3094266762483814,0.0992866281532231,0.3661973870038934,0.36454164624477225,0.4144197877437935,0.09145118399235165,0.25574073902855465,0.093546172077687,0.0,0.03969714823519557,0.0,0.2067423297661699,0.0,0.1250167612174964,0.0,0.03576093803954041,0.18612691817754476,0.0645860548343218,0.12703653701664788,0.0,0.2647888484705482,0.15508418224964982,0.042978203404260944,0.2350171756517573,0.1437359167598833,0.37475911721889754,0.0524486737875558,0.40077798785100716,0.12914329381598186,0.3328509715345495,0.1881456621169346,0.3098490983403286,0.08568455034151443,0.1449436081851261,0.2307014676763797,0.2081890229988039,0.18804228950123755,0.03055537750198785,0.14942879333853906,0.21552649826948947,0.17776588141561428,0.08104414430587766,0.22920794686722043,0.15219514397793674,0.0,0.11956141635892516,-0.00011127623762334781,0.3381776030834468,0.12520549042262724,0.14779009743842655,0.12056098735158637,0.11093207121559912
0.17399081493329918,0.23337884184218355,0.40422584742304524,0.08911541874146639,0.20832560592753183,0.30408080718038566,0.1523528883453213,0.0,0.31442143520807314,0.298541155102686,0.43548913115570925,0.28654903880648835,0.23400933428483559,0.1877540410384962,0.21480112213255045,0.0956343583285322,0.1987341113004036,0.12450072535738492,0.41098732006757804,0.36990035092978135,0.20367992211806235,0.3006786211107168,0.537976437352934,0.2983030879046271,0.13163748068310643,0.34550842341980553,0.1766789566428347,0.28215539115733373,0.015120156815764533,0.26697326439825103,0.21559478979154206,0.2170412403253052,0.1304832513836118,0.06646778499782174,0.0,0.2251223813934704,0.0,0.17317326443668205,0.17143549676940753,0.2062819468062844,0.23137480050519776,0.0,0.17845847901298306,0.0,0.24835811494808802,0.2131274766639569,0.1007907731637402,0.42144232491587585,0.15947809509440186,0.2605606961454625,0.2557529189144178,0.15220215816626667,0.5608036582967142,0.2629765837655713,0.4520296002240866,0.43404441873431443,0.3888226310262924,0.28721135875765247,0.2851667796525281,0.15222493966810108,0.07455317201881352,0.24926767518302007,0.05883075186252603,0.40783877428170207,0.23548649268405103,0.23236232827305756,0.19093932077871845,0.47912834294604195,0.27528002270082214,0.1333644056210149,0.3531147195651129,0.17497682734643483,0.18736296816200623,0.0,0.22474863118807126,0.15825163381906432
0.0,0.22976359106354458,0.48985838922320357,0.0,0.5411372260191443,0.4204999830297331,0.3800714170700927,0.31442143520807314,0.0,0.21808673742742787,0.570985790226596,0.30031180195388396,0.5206098943878761,0.18420736725346365,0.08154642785192728,0.1474440029076427,0.2883339799332893,0.2005383798057312,0.5377910902425307,0.49738073996371024,0.0,0.4551035319480348,0.347675098967763,0.1311492656412576,0.07408439850752312,0.1088770386369585,0.5088620832735599,0.4238010585055989,0.2218114044303793,0.20295207094963585,0.14349443725193067,0.15247221445792153,0.0,0.021297700439238884,0.0,0.11702399024978763,0.0,0.10251583027278788,0.19066111300249686,0.0,0.11111384717453957,0.11884573990365076,0.10425798757804709,0.0,0.22698210129890434,0.0,0.1511159386569569,0.47622830176072334,0.0,0.4889794857326634,0.2287653438323147,0.3337062926185151,0.266662964116514,0.6397867779582425,0.277804820867479,0.532057710375635,0.37605371952892935,0.34391571443728486,0.2598356534885868,0.12981296182327295,0.14426600507285478,0.2147815068953487,0.1349356772202107,0.44708117535532305,0.3554840860691092,0.0,0.35827218037595293,0.3599419533809763,0.12428766032887542,0.07754180878966328,0.10985144295956421,0.4494532185234359,0.2275515440819677,0.0,0.10501629325826643,0.0
0.27045508137160196,0.3680087498694849,0.2032656386764347,0.0,0.09490562047524596,0.24878401341314435,0.3093864080279151,0.298541155102686,0.21808673742742787,0.0,0.22458892073019607,0.3831803838566771,0.2660035465141551,0.0,0.056128565470653764,0.31338588451186633,0.4359299270032386,0.3365459256172492,0.19980895012637817,0.19395745373422973,0.1991224814175677,0.22211101300270283,0.26996038708510056,0.430947650883033,0.4500066268317274,0.33946086075005394,0.11837621751948099,0.11956240557142825,0.2616647067095108,0.215536429519051,0.34347190657280546,0.31955097879576505,0.351921332964503,0.2919388936395451,0.10762443015418449,0.0,0.0,0.1469060108624429,0.28959433553757924,0.37456193804143545,0.3269775553319636,0.2506786941993136,0.0,0.0,0.26946435845244177,0.38672701231602435,0.044073921132460406,0.24413675402622445,0.11934113683578737,0.07971654452450778,0.07734507135728771,0.07563803135907667,0.2943229054011339,0.09687530336819834,0.42668374193899516,0.22478218031046437,0.33751419689696266,0.14790050878144828,0.03751861735329128,0.09147540830954566,0.26899918031500714,0.21211034326615344,0.24695759712409748,0.19160500781044654,0.01613247290723149,0.26406355487366195,0.03319260853618524,0.2512697635499684,0.35320846455582033,0.2904097976789564,0.3002838903447109,0.0856566210872657,0.0,0.0,0.2361207337787491,0.2770071872566015
0.03500838173965627,0.17805461103461975,0.5783940954744775,0.06476456244689574,0.44264719512664363,0.34211650653532605,0.3397673805872934,0.43548913115570925,0.570985790226596,0.22458892073019607,0.0,0.2126352114510215,0.43712038412919835,0.225213165095092,0.1878129563174997,0.11381944334184435,0.2176518100475921,0.13966902615587767,0.6018281147572272,0.4818476111895664,0.0,0.4394701906543147,0.4277161837614567,0.11096854565246353,0.08760051072079586,0.14482602806179862,0.48827675806076154,0.40366149953993014,0.16561984611107122,0.2502147673515073,0.1680880479098392,0.16197906858708802,0.0,0.02965360574674208,0.0,0.18791194463250668,0.0,0.09168696254219244,0.1536322729830953,0.014581241533438573,0.17211993463766934,0.02412633224528242,0.12649429824843475,0.0,0.21890340251517854,0.08737685489889056,0.11458567465664247,0.5668897738134234,0.0711891046514307,0.47979476593434817,0.19937405669983319,0.35079388683485657,0.384050842519497,0.5447843259539563,0.3398991868375498,0.6393227357000816,0.32312699493708963,0.32090396581855374,0.353044709793653,0.2018568769747141,0.11019691073863921,0.18397154498614585,0.0815852978761272,0.5619549682465211,0.34163378915725545,0.0,0.33793174948935806,0.4105566354949447,0.0999669666613456,0.123258157192013,0.1395213337964797,0.44340594809726963,0.1994134635018295,0.0,0.1124494341819331,0.01556435603038119
0.0,0.20279390716379114,0.18813057762603325,0.0,0.14891691378144595,0.3573912016518994,0.042145599381820775,0.28654903880648835,0.30031180195388396,0.3831803838566771,0.2126352114510215,0.0,0.2447697692663251,0.0,0.0,0.12729864671967922,0.3592336833154496,0.14572472171445375,0.22765430481265914,0.19785917879076895,0.0,0.15743985777784514,0.26647085099195306,0.5276905013664903,0.03763685615766772,0.2627703212233951,0.11046804373339801,0.11267905540588347,0.0,0.21275105201343741,0.11189112326883453,0.27075682955870756,0.2568236027173371,0.21434251996410092,0.24706753719163102,0.0,0.0,0.06597717549095986,0.389238723600015,0.2302146073822916,0.18829809010160528,0.2976368862334141,0.0,0.0,0.16046894829889546,0.016002598104834745,0.1583936880218762,0.23186326226742515,0.0,0.03065101121722276,0.13468121875249267,0.0,0.25498429650933996,0.2006372094726825,0.3368638053762022,0.1928133368251273,0.5874635803863396,0.3256350342680193,0.0,0.0,0.15429832770013274,0.3773514587574675,0.15102341861614368,0.20432886602385347,0.06522783672316422,0.0,0.079519032018483,0.26427091010582054,0.5053087680053961,0.06736549725263027,0.32872252262946466,0.0,0.027779837443853407,0.0,0.18753210241252,0.052461890462553895
0.0,0.30984602414261275,0.32463245050842526,0.13634081168577417,0.5506878024187234,0.4332068130325873,0.49603355044873837,0.23400933428483559,0.5206098943878761,0.2660035465141551,0.43712038412919835,0.2447697692663251,0.0,0.14823124509551272,0.0790134030028387,0.31765745229637304,0.3885162196779438,0.3596252563807912,0.36004454491221954,0.44829678549377955,0.0,0.468387358061055,0.25532964453263074,0.09862680326591858,0.14661858709879466,0.20214641921050633,0.3907632596457964,0.5367367750962456,0.4214223465242834,0.26738934620777616,0.2874925964440542,0.13702752784511774,0.0,0.04203715865960629,0.0,0.20234876816071304,0.052742366175187454,0.06665587329279124,0.06811316972306543,0.0,0.13616274446482038,0.016543179031910972,0.1092893142255154,0.0,0.2145145586750822,0.0,0.15470275214865462,0.301985474697802,0.04495692049083783,0.4755606262109568,0.20502761227507738,0.4290987142825403,0.15834555861980726,0.4892324372613661,0.3103368535526984,0.3783038020391992,0.3041688822800828,0.4655800437520589,0.17906783431526022,0.11846416375916527,0.25500751211268463,0.3374273366434041,0.2906074061778421,0.30920595995880473,0.30994186313954714,0.0,0.36873531370112445,0.22157147488012469,0.06943759798357088,0.07994678350529671,0.11676945268959789,0.2936287623180692,0.28292168471062323,0.08635935848586658,0.12203096510704632,0.013999648422022372
0.1288304904721663,0.06487998915120585,0.25140575825284184,0.3470927032527095,0.2178126477993442,0.08821368077108473,0.23703975556199716,0.1877540410384962,0.18420736725346365,0.0,0.225213165095092,0.0,0.14823124509551272,0.0,0.2105820247275776,0.010702146696239503,0.005749105652971944,0.05452905870080191,0.21529435093603616,0.22771437933024224,0.09646734913580883,0.218468012879702,0.222139395930645,0.0,0.07597049369823258,0.1340565205020688,0.21311079197100538,0.24722290027794602,0.12588302697022752,0.0,0.059757629764456546,0.044467713685951565,0.0,0.0,0.0,0.3168104003263602,0.17003458390761758,0.157114206785389,0.0,0.0,0.0,0.0,0.24997356229197293,0.08986827144375804,0.08457157009077444,0.04385425895195046,0.0,0.2067557323109531,0.13407830902385837,0.27156707052807544,0.11792641227516293,0.27759135291439546,0.16225330063948498,0.23058854071335008,0.06622149242525474,0.2296065294835307,0.0,0.05880357403156521,0.40599101923431435,0.2165845926290533,0.07233126351643189,0.0,0.08370536986419874,0.17169051916591208,0.20231279473914054,0.07393715219796394,0.18668267485742374,0.1965914957435679,0.0,0.03242654743680648,0.053361567999331255,0.25414443503339496,0.1471009306355451,0.1733127695250013,0.004199092087932433,0.0
0.42515640880628913,0.2308128794142843,0.24916399807275785,0.3331525066320489,0.1547194694205857,0.0,0.12851779094459037,0.21480112213255045,0.08154642785192728,0.056128565470653764,0.1878129563174997,0.0,0.0790134030028387,0.2105820247275776,0.0,0.12682223775139534,0.009138267953058677,0.12875224148909686,0.20772721985617107,0.33087012863769255,0.4054434178066935,0.342459238832061,0.17973907743251624,0.0,0.2736921820868796,0.22426591234090934,0.08855074053196428,0.24006887202586522,0.11267093640016532,0.13454221689413737,0.13274743234250594,0.1033813657921631,0.0,0.0,0.0,0.27585925248935644,0.12137994371899333,0.18928560105497164,0.06659611003658505,0.0460885666064773,0.029630253879733708,0.0,0.3224584215734855,0.15418626926751344,0.1266346469815916,0.3255705072394812,0.0,0.2414662859855629,0.3320208981509192,0.2528010068050772,0.18384341841764654,0.3353207326575397,0.16851183930588023,0.11436168354290493,0.24418680315156108,0.21602265944417526,0.0,0.15759450604353184,0.2754527912387622,0.6027599028268784,0.2307688835086883,0.0,0.15333998333378682,0.24735935096026967,0.37804635568361405,0.2921341168711646,0.2866393175512255,0.19704763002585984,0.0,0.251909058458241,0.2249343888792649,0.31217036871313303,0.3530156919989381,0.36707042383332295,0.33280809285311985,0.3644066776991365
0.1865027866236693,0.27992787419415727,0.13685001730950147,0.06271662602315312,0.21487725009751033,0.21331226234062572,0.2821772643819577,0.0956343583285322,0.1474440029076427,0.31338588451186633,0.11381944334184435,0.12729864671967922,0.31765745229637304,0.010702146696239503,0.12682223775139534,0.0,0.39039949278812425,0.53263401967526,0.15196439737728581,0.22708674131455822,0.13276312522018965,0.36178340977477785,0.00255668769796836,0.11643355907641882,0.3266651798832335,0.23813685894519004,0.1242270447350976,0.2816102457926633,0.47456046082422065,0.33793031334275864,0.4405572028206515,0.04681162152692798,0.08753475110032378,0.18256586531069827,0.027653857508468743,0.07364965304756556,0.0,0.0,0.0,0.163040844109432,0.29090909481636057,0.024904617865137056,0.04704660172150916,0.06314771480961742,0.13932744507268838,0.2912099005375828,0.015245119101574146,0.16627742087946493,0.13803750276809876,0.08709959566478907,0.057548408739491165,0.2177428110580689,0.051994284258442915,0.06529809056851918,0.25651789378242834,0.13639180153446606,0.06049090276146492,0.20177296553356988,0.0,0.20886918697972784,0.538279253452912,0.3076918874973787,0.47300339639533684,0.18515785260707418,0.22086126617031632,0.12483521220877178,0.3034378022681949,0.0,0.08499844779935352,0.21636318593210604,0.16390993616726895,0.06801712392880084,0.22425207503371142,0.25387020065205573,0.25771545339154656,0.3291309718044882
0.22480928792825017,0.37481054651943113,0.21958302102207047,0.008617636794706781,0.23861186482177538,0.1449249981568104,0.2937533949771804,0.1987341113004036,0.2883339799332893,0.4359299270032386,0.2176518100475921,0.3592336833154496,0.3885162196779438,0.005749105652971944,0.009138267953058677,0.39039949278812425,0.0,0.5320241119032135,0.21375218837142038,0.24785705678934175,0.10776401041501521,0.29902834998500155,0.10585954928374665,0.3255530465237306,0.26285145802255044,0.34831226215254635,0.01936597724494977,0.35100801497969475,0.25729407467829263,0.2225427593493961,0.27737566209629805,0.2520068200075219,0.12706455418311188,0.09015798377320415,0.10547036263661354,0.151584751363574,0.0,0.14062918432614205,0.22097782144639613,0.13253052581041394,0.0978517133510882,0.1022498115724598,0.21429937940375193,0.08519664273624622,0.13764069158050254,0.2515117599529973,0.0,0.2136934568848262,0.18153511338392858,0.2576655791588084,0.0,0.13287078175369837,0.1833848813393941,0.21760026193199258,0.27762765716551674,0.19983870354608665,0.3559120028289712,0.2983382147554353,0.10218964307073526,0.0511717618111274,0.34364846275534117,0.22671814698616136,0.42358625651554976,0.19085932227288252,0.12632810808588354,0.08834849389861668,0.14903169958137347,0.09436863908003704,0.24420403928889725,0.04200770369706353,0.2570357712235635,0.0308115428533003,0.21818802409173568,0.011238695983314168,0.34850042757808225,0.14313366874230396
0.22846544929570886,0.4105973380617686,0.1677511367673981,0.13455136552712635,0.2504184327377165,0.164885810693884,0.32492426209632935,0.12450072535738492,0.2005383798057312,0.3365459256172492,0.13966902615587767,0.14572472171445375,0.3596252563807912,0.05452905870080191,0.12875224148909686,0.53263401967526,0.5320241119032135,0.0,0.16548528710381535,0.2235315131192579,0.19702581581028103,0.31276328535939585,0.025817295349989517,0.1605419962891003,0.35530026879022714,0.3213883838271375,0.05120982822816622,0.35031881603676174,0.41209580516412175,0.23067250906327688,0.3331827967142654,0.11616656497751551,0.04610776873856845,0.04074739545000073,0.04475337561370443,0.26292958036246156,0.04085847873165964,0.13545884875368458,0.04685574090379845,0.05088593371315574,0.09593202029745043,0.0,0.2491160471645677,0.1272088768140453,0.07033521492556945,0.2581326660472453,0.002240431688114889,0.13425345736120656,0.2354470872922929,0.20040906890869878,0.13824758723658653,0.2294522849674025,0.11146708016826042,0.170277878147937,0.2404473208950381,0.1357686086816803,0.16002376451495834,0.26728590848975226,0.06134189742730696,0.18085788210104645,0.4328285237652902,0.27167742844952725,0.5176523811620924,0.16212498184964863,0.2254633776507191,0.14743429214200013,0.26847060050237487,0.024698455817059532,0.09624919061425426,0.1413114203076093,0.20531791951221248,0.1091663988241915,0.32412026963763657,0.27230470417040253,0.33187851142036373,0.24510536229263544
0.023859071298649025,0.16295415313548958,0.6394364314068978,0.017886170749215922,0.38707983270632285,0.32494392357303165,0.2560796194996425,0.41098732006757804,0.5377910902425307,0.19980895012637817,0.6018281147572272,0.22765430481265914,0.36004454491221954,0.21529435093603616,0.20772721985617107,0.15196439737728581,0.21375218837142038,0.16548528710381535,0.0,0.5175838601774525,0.0,0.48158889710113667,0.39326168764360797,0.1518178063296088,0.06891455115464822,0.1700316699481029,0.4307270039852613,0.38383787103067724,0.12411514441219751,0.29926161026189363,0.17600831951283014,0.20784818094452717,0.0,0.029790828240900145,0.0,0.16762533557564696,0.0,0.09256839374765682,0.21702939618589356,0.0,0.14663472169608113,0.039224259574456743,0.144027589606968,0.027777179184884492,0.18722521527170283,0.05940164074799746,0.12906962012075188,0.6046767944890487,0.0742653316455124,0.4177864014742262,0.2260742683116876,0.27026092511907895,0.35078420549217415,0.5061806909063403,0.3470105919939372,0.5952584760901374,0.3418984073470263,0.2845915684136897,0.2877935167429664,0.23807545248044526,0.1747473413691249,0.21290183515846908,0.12430959168996493,0.6300526865729656,0.4470607382706641,0.0,0.42087138683023245,0.36063641154981907,0.15164557641772286,0.14722988677912527,0.1921833616026126,0.39160192656422027,0.27031671307781285,0.006558793402908645,0.2156917000032296,0.0813838838836826
0.05583914211728202,0.17102421083061567,0.5083269022334344,0.10949190089710013,0.4808860204720966,0.34251899666021296,0.3591008261752073,0.36990035092978135,0.49738073996371024,0.19395745373422973,0.4818476111895664,0.19785917879076895,0.44829678549377955,0.22771437933024224,0.33087012863769255,0.22708674131455822,0.24785705678934175,0.2235315131192579,0.5175838601774525,0.0,0.0,0.6111244437914273,0.3072058633189209,0.08136284469642335,0.07597398541119978,0.18020515689641756,0.40454811899060017,0.47462505349208156,0.2832831334323239,0.35896151396066234,0.3088130396064738,0.21799172917448573,0.0,0.05102105116540602,0.0,0.20996136359292392,0.0,0.13359474642244848,0.2067518873653864,0.0,0.24845694645027525,0.0,0.17179957194826712,0.08387099720349037,0.25493385759274156,0.08376767452991707,0.09535893873698419,0.4943735919138663,0.09958796833886026,0.45086304597299903,0.19491824056740512,0.3821747658298792,0.2598837967932527,0.46054974972863316,0.35543919057636253,0.4832066414508195,0.29456981166498825,0.3425397054797799,0.2279402270092823,0.35228014710332384,0.3109822473223451,0.2668512507965194,0.22295553795522743,0.4950604031585676,0.5852693347036505,0.0,0.5523453909534715,0.29221488157652287,0.12241443822396687,0.15108562044287113,0.1988169941428124,0.3741537374465815,0.3684880715987624,0.1262240797118418,0.24990423076114185,0.15932598580415971
0.5610223060276406,0.27575801927795174,0.023901837956026035,0.2657536427454881,0.0,0.0,0.0286325166212617,0.20367992211806235,0.0,0.1991224814175677,0.0,0.0,0.0,0.09646734913580883,0.4054434178066935,0.13276312522018965,0.10776401041501521,0.19702581581028103,0.0,0.0,0.0,0.05123721074015889,0.13302550151607515,0.06759670348732925,0.4009491832875101,0.28544577700585116,0.0,0.01515710632994275,0.08612914890222291,0.021886852994064263,0.14779555260729518,0.09451813982969468,0.08419505435253609,0.0,0.0,0.23977584385585593,0.01866489292522569,0.20882553225628364,0.029038612921850344,0.1725227000850099,0.0422177982228594,0.0,0.292210592313904,0.14804438883070095,0.06074055113640499,0.5064541299261879,0.0,0.041540039040118756,0.37908122281590795,0.028674985391693115,0.07170481267919475,0.07238460991898428,0.2692875151200118,0.0,0.17009895032603628,0.011847064843699222,0.0,0.0,0.2547074544812724,0.34544708432395344,0.15994577038282348,0.0,0.14782321214679903,0.032831361045316185,0.052492045222124716,0.5834071697667726,0.0,0.1663254622261336,0.027339252898372645,0.2036581207972246,0.2537179403567886,0.095933103353279,0.14408966787076782,0.3224813143683815,0.2972585637532161,0.39798575812194475
0.13876399324363412,0.26525307655795777,0.46425859089936033,0.13689029147140858,0.4664249577165403,0.3153742085134532,0.3807654649660161,0.3006786211107168,0.4551035319480348,0.22211101300270283,0.4394701906543147,0.15743985777784514,0.468387358061055,0.218468012879702,0.342459238832061,0.36178340977477785,0.29902834998500155,0.31276328535939585,0.48158889710113667,0.6111244437914273,0.05123721074015889,0.0,0.24041328637782408,0.06831100396468125,0.20009444497644474,0.22479083184847629,0.43007326058826306,0.4803124686048216,0.41002461992220895,0.35604694709544266,0.3422285346634378,0.2051821022115569,0.0,0.07235030981465014,0.0,0.20067782981588633,0.005868068151945674,0.09720454641037446,0.17062745455760026,0.03463510431040875,0.23979558437678797,0.0,0.18058025867918445,0.10229465718376805,0.26859143608849767,0.1651290598841236,0.122507426554669,0.44298454026665013,0.09959332572779628,0.4348729664018002,0.17947477388585964,0.39682678671536165,0.19377046962436803,0.4073511692431238,0.34994562891081404,0.4409151435712447,0.25177622023947244,0.33658411660895493,0.21044450906961007,0.39233957556036586,0.4485964104354775,0.25342723351277896,0.3123093760382,0.4711659911873372,0.5450293308155303,0.04957030562371618,0.5844401643336141,0.2319788555134275,0.10165058219533113,0.23717483295348735,0.21872962812961583,0.393937533375645,0.3810329939622641,0.22921905550562818,0.30608580086854836,0.2232453923527607
0.10184771665720671,0.2546863164853536,0.37676253600726095,0.0,0.2290197326654052,0.34789462331961124,0.16544617748023116,0.537976437352934,0.347675098967763,0.26996038708510056,0.4277161837614567,0.26647085099195306,0.25532964453263074,0.222139395930645,0.17973907743251624,0.00255668769796836,0.10585954928374665,0.025817295349989517,0.39326168764360797,0.3072058633189209,0.13302550151607515,0.24041328637782408,0.0,0.3072470824681556,0.17731676970287216,0.3358783112610654,0.27696112753188085,0.24795934469863648,0.0408298232450902,0.18992332215296054,0.11755525587213445,0.2433985876328706,0.15057251464408342,0.09676826476091897,0.0,0.14767170661299164,0.0,0.23337342234522393,0.22363877867545187,0.20792691593710827,0.21690851679694328,0.06065977047519064,0.109599581858348,0.0,0.264901976219319,0.17353114289586188,0.22665012219871836,0.392585938502414,0.024504444302403224,0.22880585113790974,0.3952251603853623,0.126615079999906,0.569404029202951,0.3088930549092128,0.38268425312410753,0.4064209572281331,0.35777120783451505,0.32754807751034654,0.31512770972427956,0.15717979003209154,0.03330149824095317,0.17466872783013315,0.017228397172492457,0.3655498747867445,0.178683330170394,0.2023294888386992,0.1578221089640015,0.6289631760277674,0.28753536290323817,0.20487072187520872,0.37229935069213654,0.29770605710306586,0.13658303700223726,0.0,0.10043905005988002,0.07083076025939801
0.05009789195342304,0.2170386060619803,0.12237540686467427,0.0,0.0,0.24399351837095773,0.0,0.2983030879046271,0.1311492656412576,0.430947650883033,0.11096854565246353,0.5276905013664903,0.09862680326591858,0.0,0.0,0.11643355907641882,0.3255530465237306,0.1605419962891003,0.1518178063296088,0.08136284469642335,0.06759670348732925,0.06831100396468125,0.3072470824681556,0.0,0.1608477822589248,0.3530406270295163,0.0,0.04853928959246196,0.0,0.20613866089586697,0.16342813329442327,0.3378718996567067,0.37019114398062103,0.2127895908815326,0.17877946187876054,0.0,0.0,0.2354238055561316,0.3965396091268165,0.3205902214363573,0.18775575312893825,0.24632812680064595,0.0,0.0,0.20675658044738782,0.21462369213653648,0.13066267532306394,0.16362194842967379,0.0,0.0,0.15777581907656454,0.0,0.3108457098443186,0.06606913677813195,0.3778277995405793,0.09157188258269712,0.48673257802987446,0.210527227813056,0.0,0.0,0.15202616140648995,0.28791182630178463,0.15503179665217187,0.15606662009321604,0.0,0.13346325124463476,0.0,0.2936088361790245,0.6031276758059921,0.16293742273224207,0.4075031798621835,0.0,0.01769472961419455,0.0,0.23317533616700734,0.1738696884965572
0.47050467189641865,0.5129145054946874,0.0946549612213673,0.1366503467335821,0.07179057289850382,0.08741047786333382,0.3094266762483814,0.13163748068310643,0.07408439850752312,0.4500066268317274,0.08760051072079586,0.03763685615766772,0.14661858709879466,0.07597049369823258,0.2736921820868796,0.3266651798832335,0.26285145802255044,0.35530026879022714,0.06891455115464822,0.07597398541119978,0.4009491832875101,0.20009444497644474,0.17731676970287216,0.1608477822589248,0.0,0.36189125941720474,0.11722936220165538,0.07841630696134146,0.36739071633284714,0.0,0.22415237922470865,0.25539257217591804,0.19972858876335664,0.12115716891292404,0.0,0.07161949948492288,0.0,0.17009258895207502,0.1793078786711489,0.2883123071600747,0.1760626925027631,0.05642756138364469,0.15906278455780212,0.004390800136215346,0.18168026393325676,0.4509983640714696,0.12197811291794786,0.08919766151451117,0.18260954944772312,0.09439511094141351,0.16315360725139197,0.18548191303633066,0.16612284138847383,0.0,0.2731326109235714,0.11183938458408856,0.012780130181529103,0.06356468500701666,0.133024401765282,0.2719366312119286,0.3137475514995554,0.0006307967745058489,0.2612579922366757,0.06437049963326089,0.0,0.4068383944421625,0.04800686179420233,0.18676123472409178,0.11137223941393591,0.4776934666198527,0.2992670099761316,0.22472620598236356,0.0,0.3110095143480062,0.2561732495992108,0.2904108905335135
0.3223232587146656,0.4293414899951927,0.20203921693397767,0.07577946191274725,0.08522926760825165,0.20514586009411884,0.0992866281532231,0.34550842341980553,0.1088770386369585,0.33946086075005394,0.14482602806179862,0.2627703212233951,0.20214641921050633,0.1340565205020688,0.22426591234090934,0.23813685894519004,0.34831226215254635,0.3213883838271375,0.1700316699481029,0.18020515689641756,0.28544577700585116,0.22479083184847629,0.3358783112610654,0.3530406270295163,0.36189125941720474,0.0,0.0,0.1831238464015386,0.15248135167412416,0.042584821951719413,0.08585344001307185,0.24421021365100684,0.19888559041658296,0.0,0.0,0.153729767995137,0.0,0.1650759383546084,0.20504181512385533,0.1794593835012784,0.08589260131861906,0.0,0.25458649686530954,0.08528225059285395,0.13069392062821422,0.3061665371216855,0.19278973147860126,0.20654222376667883,0.1606269516775869,0.08647363069179942,0.265035321155754,0.0,0.3361961648901263,0.06281914246406262,0.36876365558342955,0.16171230025848343,0.28609000103747645,0.27063060079264684,0.1477352674951786,0.17343234893409332,0.24582112802380213,0.2505159230825047,0.24148533407262238,0.17896382137942546,0.10833578728307039,0.26313957374662206,0.1298266720271149,0.30802004864170357,0.2983782955852427,0.29474356724444534,0.5653128679354449,0.09557303670953406,0.20917150092311732,0.08719230519990472,0.26195324093168876,0.10599631088947678
0.0,0.12550632358986588,0.3937808672392055,0.0,0.43903004598475304,0.4438590870644601,0.3661973870038934,0.1766789566428347,0.5088620832735599,0.11837621751948099,0.48827675806076154,0.11046804373339801,0.3907632596457964,0.21311079197100538,0.08855074053196428,0.1242270447350976,0.01936597724494977,0.05120982822816622,0.4307270039852613,0.40454811899060017,0.0,0.43007326058826306,0.27696112753188085,0.0,0.11722936220165538,0.0,0.0,0.23931816841707276,0.324127490034563,0.10071199239307516,0.12202650701769453,0.07439655376463242,0.0,0.08240938515105803,0.0,0.0,0.0,0.04713464407951373,0.13195570380425006,0.0,0.2518821081255321,0.15862525483815543,0.0,0.0,0.24179273462409456,0.0,0.27287399351944136,0.3915002819664755,0.0,0.3288654900539478,0.26350283737067026,0.3186447698514165,0.13907871942450037,0.4717109724721827,0.18146312372554402,0.4701444171204999,0.1456712971465039,0.1718702306236358,0.18622892204082442,0.16418521261789581,0.14631662341311732,0.11779233288693776,0.03558425583835753,0.38605636132745974,0.3243733713820993,0.0,0.3745956101455072,0.3159486794112218,0.011878679786331798,0.23348923132290753,0.038558497863375056,0.5623584228476493,0.09386443471989832,0.13884590788226242,0.0,0.0
0.09428325467984253,0.22156843049809888,0.3604166189048854,0.2671253365003961,0.5040099008025238,0.23952394345875333,0.36454164624477225,0.28215539115733373,0.4238010585055989,0.11956240557142825,0.40366149953993014,0.11267905540588347,0.5367367750962456,0.24722290027794602,0.24006887202586522,0.2816102457926633,0.35100801497969475,0.35031881603676174,0.38383787103067724,0.47462505349208156,0.01515710632994275,0.4803124686048216,0.24795934469863648,0.04853928959246196,0.07841630696134146,0.1831238464015386,0.23931816841707276,0.0,0.27616901028660357,0.3689998069718906,0.3272017476120319,0.07511841699849288,0.0,0.0,0.0,0.4077776378530986,0.2416468109273624,0.17740755756432375,0.0,0.0,0.024507429410686773,0.0,0.27486902852892436,0.08919912145572548,0.19496794821882735,0.07124610052315852,0.034200436697358554,0.2883917536295913,0.2054130447912804,0.4905107681401483,0.18634052295388334,0.4363303448414917,0.17848106434252944,0.4391540601210252,0.2854257417185967,0.33200120459101246,0.2559834775292557,0.46182166807568553,0.23577748234914456,0.2673107073921931,0.27975978212328007,0.2634878015043828,0.32102551036246074,0.3538016178754969,0.4336171697028817,0.0,0.444321563916769,0.2145299352544408,0.044454948889321694,0.039000463726570685,0.13323365716104232,0.24915277044989548,0.498071083066021,0.16219210850954294,0.2927162723159193,0.10350641822131182
0.10414987082979958,0.29855960578328417,0.11131936233516877,0.10647847957978034,0.30608885926649587,0.29475744687875677,0.4144197877437935,0.015120156815764533,0.2218114044303793,0.2616647067095108,0.16561984611107122,0.0,0.4214223465242834,0.12588302697022752,0.11267093640016532,0.47456046082422065,0.25729407467829263,0.41209580516412175,0.12411514441219751,0.2832831334323239,0.08612914890222291,0.41002461992220895,0.0408298232450902,0.0,0.36739071633284714,0.15248135167412416,0.324127490034563,0.27616901028660357,0.0,0.1775380679602904,0.3817888350724743,0.10221044317595647,0.0,0.1651306471236829,0.0,0.05470212867016566,0.0,0.0601594040338125,0.015716744658586648,0.12645384972947699,0.3157032707237265,0.07921201051703648,0.0,0.0,0.1707669873412005,0.17261462048809645,0.12231908002504834,0.10407150605930975,0.039068323407974434,0.20338543504081624,0.12800152231574843,0.34877076385063027,0.0,0.18468811943727312,0.17046933982163928,0.14975244557727937,0.0,0.18250182068474013,0.030601839886982472,0.23130768681343936,0.4473591006230687,0.17926982559287358,0.40922837612613433,0.10829264725951938,0.26169994285579673,0.12125798830687956,0.32326916806046896,0.041855417955115444,0.0,0.260272008626182,0.0434382992515686,0.2730303817455526,0.15675719334160676,0.4250122947913723,0.06439137144822234,0.23642149867566076
0.0,0.0,0.2594952084882695,0.0,0.2033815306740886,0.19011985257092734,0.09145118399235165,0.26697326439825103,0.20295207094963585,0.215536429519051,0.2502147673515073,0.21275105201343741,0.26738934620777616,0.0,0.13454221689413737,0.33793031334275864,0.2225427593493961,0.23067250906327688,0.29926161026189363,0.35896151396066234,0.021886852994064263,0.35604694709544266,0.18992332215296054,0.20613866089586697,0.0,0.042584821951719413,0.10071199239307516,0.3689998069718906,0.1775380679602904,0.0,0.446920592894096,0.12156707625914716,0.06281725232640036,0.26498642434963343,0.0059731403453655504,0.11290846408005153,0.03080181587905948,0.07691072907419241,0.08286024419376634,0.13069667920516964,0.29803557937496794,0.0,0.0,0.0,0.20437989684356778,0.15500685535148573,0.0,0.2389982851842573,0.11174100085164158,0.17022498907817826,0.06364934179771202,0.1493414073962805,0.15216729641811783,0.18630053329365595,0.3330788410582423,0.20822777659717176,0.26921160331448934,0.29146110564297256,0.0,0.17058553306099383,0.29756612237481916,0.3240257280917275,0.25615300542298786,0.3155492891465794,0.30180743491647655,0.0,0.3131399103728119,0.13515260480121732,0.24689409303668272,0.028755737593557273,0.09841874297580144,0.0,0.27698220709756066,0.0,0.25968801758266125,0.27538278451444026
