0.0,0.5772939672071229,0.0,0.04307931352219275,0.2705006499345927,0.22772933913682916,0.5466979022838757,0.0,0.09061884276941534,0.5566859431436165,0.0,0.0,0.17944620780262127,0.24859837321747347,0.2597667036617997,0.773981431459259,0.7256872985385114,0.6056642802507464,0.0,0.28127783082206376,0.7131416002691284,0.4386548047805875,0.2068271229787208,0.5843355853286615,0.6355525871564864,0.6983421065724403,0.15821603411207097,0.13462107951625102,0.6194416415514373,0.0946417233666558,0.6641135381521831,0.6312406420027922,0.44659298123120655,0.2676061477010881,0.40939676964872584,0.0,0.0,0.45218802635143385,0.49892329178250244,0.506547731981062,0.41028287095612015,0.337096180447467,0.41125301485502275,0.24493561998713498,0.38063864269570913,0.8963433718015337,0.3843069960240955,0.043494483155556075,0.44251393737437306,0.0,0.0,0.0,0.0,0.14575380638021673,0.4014525093054312,0.04651152590824913,0.0,0.087029716372837,0.4026966095634997,0.3225874404256958,0.5173801978831657,0.0,0.2680910390184734,0.16385966067233065,0.23808667249716356,0.6158825353932228,0.24763053720870265,0.17673814072290614,0.5364540485012221,0.6316428906703291,0.748267941894882,0.10642343769062652,0.20771478074824656,0.6451180599750217,0.2704477755265139,0.5105803824840628
0.5772939672071229,0.0,0.34330100300081356,0.17756135926357908,0.3589618443025397,0.663128251808308,0.5565343262563194,0.3724652624314789,0.3273724093957822,0.8411822122469457,0.378156700481805,0.4460191224783067,0.6945208910078727,0.0,0.48548449844103575,0.8010575960509013,0.8423148780374978,0.8841740502928495,0.3868031526165931,0.4985111395326965,0.6503737631981588,0.6233231778824362,0.5002006475801004,0.2587427553466467,0.9347514518641223,0.7834500517317504,0.41314712037613,0.5183355400679172,0.8560776452213994,0.26651527054305735,0.5813783695324132,0.30940677555699775,0.32171637681940446,0.3223154752537799,0.0,0.0,0.0,0.09258609438596829,0.10940430565495558,0.08562647083140561,0.35782328130504887,0.0,0.14334891035589256,0.0,0.0,0.4112322878403112,0.7953825938961077,0.27330992654260117,0.21076819974495606,0.07990906957735884,0.4819229033888003,0.24309722621461313,0.3612896933477205,0.34133069602635835,0.49706135823866227,0.33133034925917176,0.2885497294033097,0.3256427070763017,0.12358612924607741,0.5042184346220732,0.3396880946210193,0.48288127743634707,0.5689526543989106,0.39437127112775094,0.49026366250667675,0.5703870285540072,0.4257926473904525,0.46621804489124036,0.13285642458827476,0.5736723302374122,0.5426020973011845,0.4314557674545759,0.26170551349450727,0.6987819094333052,0.23001151425459057,0.22809153248144762
0.0,0.34330100300081356,0.0,0.25510193789258656,0.7780980308112998,0.8509368671758273,0.40906141816319375,0.5448624054084118,0.95582456038019,0.26988620137820574,0.9602495770925638,0.6771924510281131,0.8308148171692975,0.0,0.7850741873355463,0.22115897534348386,0.209379196688045,0.31490237254618975,0.9248174296461756,0.859590834879789,0.15584721732120055,0.7571220992792899,0.8108663865672533,0.16721002939940896,0.15388438891125444,0.35951207196436685,0.9551640890104646,0.8462208759521171,0.5197405057696458,0.6335622457148742,0.2659533416868566,0.0,0.0,0.0,0.0,0.2880186271009875,0.3549717639422814,0.14447015367726168,0.0,0.0,0.0,0.0,0.2759589623212911,0.07498364181455926,0.08550500230366767,0.0,0.5626298770558866,0.9832412409794452,0.0,0.8913600253824885,0.8016476103223577,0.4201173500739396,0.6399532650455979,0.9553753124770191,0.1077224453109712,0.958614922338865,0.69773483708143,0.6493207210324968,0.20348323026108123,0.6830878028557357,0.062139852360796215,0.2817565581683577,0.4590620652750656,0.8796496153089318,0.8003879190246354,0.10946073377015192,0.8074645767603116,0.8479653986990322,0.11806325482748774,0.0,0.3677992702510868,0.858903207116723,0.7295340510802866,0.248726454873068,0.13840197212504954,0.13020443452526365
0.04307931352219275,0.17756135926357908,0.25510193789258656,0.0,0.09548764884069369,0.24226857137659782,0.08910207921118013,0.3644293826066678,0.1664209350319516,0.23775541967153196,0.2753981697188095,0.3127393177377197,0.3908815792979382,0.0,0.3360347656417828,0.14112276933584247,0.08282982300173551,0.11934062144889286,0.24313098578759992,0.28731231622108316,0.3351291791384244,0.30333619795616623,0.3109247195620351,0.0,0.11265478700069376,0.0,0.22009510076334238,0.47614359650120197,0.2605121074614495,0.3748925151655215,0.2823871620507131,0.0,0.10183985946607574,0.3061038506246305,0.0,0.42303612638705057,0.45600322747754024,0.0,0.0,0.0,0.04103446277596925,0.0,0.04889190460479072,0.0,0.0,0.0,0.19463576464245727,0.15027558141542185,0.054543118567822305,0.21480603092859693,0.2927033215493887,0.2145181335994015,0.3618481868005005,0.26473819104089963,0.20211569667841586,0.2230360818682568,0.2794039570976064,0.0,0.0,0.28707961666025067,0.0,0.2602510947606326,0.09172313756564586,0.19363915346126415,0.21578518614355574,0.3773667109048241,0.2071351734778246,0.2808101780093057,0.0,0.0,0.0,0.33025838623917636,0.0,0.12485245565905462,0.0,0.0
0.2705006499345927,0.3589618443025397,0.7780980308112998,0.09548764884069369,0.0,0.8299043170997914,0.7695280523539976,0.17615801025810912,0.8448366304074001,0.2606565522756429,0.672585689903736,0.4763834132003918,0.7116689082734231,0.3626207523077891,0.5425971181402809,0.32713913970120617,0.32949859558994077,0.41481527995798095,0.6691206829704519,0.8291682084476557,0.07660204887155227,0.7762953527002907,0.6214321413417498,0.5952424886182519,0.2254556246215184,0.5842439528172467,0.8229692141910351,0.54970370507547,0.5846146415812598,0.36947646678302926,0.17822923959019765,0.19220222540465748,0.0,0.0,0.2826944906999954,0.13689782454457902,0.06761602590806763,0.4667646011117163,0.2377078170612201,0.0,0.0,0.2776471762352194,0.5323141332646371,0.3946934781460621,0.4344841984592338,0.24730438188712525,0.45551834033808364,0.831215928341745,0.0,0.7743593788546899,0.7121552599597846,0.21009674780011095,0.28866630175124686,0.7966230465182307,0.11130434042157022,0.7749875368087122,0.6567433079231464,0.8159026325700465,0.6258791631568346,0.48777525788635173,0.5038331558474641,0.059696407486182886,0.5803671033423746,0.7398037823235257,0.7306506266852242,0.0,0.7937426247460351,0.6140669410236997,0.5268212965853271,0.3448444269590221,0.7534974822488606,0.6566098141677201,0.873224232763032,0.38061733502388845,0.3161930143153268,0.5507122760310054
0.22772933913682916,0.663128251808308,0.8509368671758273,0.24226857137659782,0.8299043170997914,0.0,0.6478699323412941,0.624186606408051,0.841003289466057,0.5820296269967011,0.8410974280646164,0.7702559701973908,0.9490358307919384,0.0,0.699853420854131,0.399728494940432,0.5054889692622268,0.6185791583817479,0.7726479533159021,0.8127204863328973,0.39182415146922,0.7733275495827228,0.9209719236896298,0.3523696729874206,0.4884998496091568,0.6487101117118392,0.8264282675178004,0.8029369635243588,0.7667860271770056,0.5252795707677662,0.4603007288444428,0.062079174302063354,0.0,0.0406939416310882,0.0,0.18394898315177227,0.2755712689535677,0.27846794580671963,0.0,0.0,0.0,0.0,0.35786119617102463,0.13318764863585783,0.09385600583049926,0.11955189290238785,0.7602295619648547,0.8191961413480678,0.0,0.7732071665573886,0.8718812711289342,0.5018738158676619,0.7036718344933366,0.8060182612295717,0.3228465698126589,0.8390104125306819,0.7679660448820027,0.7785442848819784,0.3348041428957857,0.6309461278149023,0.1735280039040993,0.40497612113081577,0.6182572504234319,0.7444628454071399,0.7436066008956062,0.3288614952725756,0.7408201744547227,0.8836232384090565,0.20278973562545627,0.27181122678364344,0.5978928655956898,0.7646182181764076,0.693717765430485,0.43422261778671645,0.17661557292527613,0.24817431773834517
0.5466979022838757,0.5565343262563194,0.40906141816319375,0.08910207921118013,0.7695280523539976,0.6478699323412941,0.0,0.0,0.5157172452163056,0.5557035151497913,0.3263810168622216,0.2752671446314204,0.5513947215423801,0.2651935384588458,0.31820816419296655,0.5128100822057557,0.6638757314901155,0.635044694462729,0.3705640293783001,0.6034210428416635,0.29073082037892606,0.6556146713534929,0.3913403382771475,0.6444516365338497,0.5470381256769675,0.7236889674778139,0.5264166847091296,0.31041183894709923,0.6947138312265354,0.042740323759793857,0.33263698067055836,0.49761334986117406,0.0,0.0,0.39053339718136865,0.0,0.0,0.5662071713846737,0.4627243382008709,0.19393301858162615,0.04264219767774111,0.36507061497578497,0.4750704791503441,0.46184462877052507,0.4850034139203603,0.5036911742746452,0.45774020955851097,0.47186927755241076,0.21110425452694023,0.3698795635863546,0.43274596900198115,0.17843002460260413,0.08512327992652091,0.48935282844232536,0.2837983077833442,0.48598215486870555,0.3813282288373762,0.6122636521994429,0.5930149890314232,0.3029328085508571,0.6362911026725306,0.0,0.4803660520084061,0.4770989380028351,0.5173839162489221,0.18092043738928026,0.5877003112789692,0.37419998957545453,0.5502840699009769,0.5922261486644843,0.7583383825983889,0.38694982988198345,0.6430855153917163,0.5510199766213123,0.40295086527794605,0.6749214068255579
0.0,0.3724652624314789,0.5448624054084118,0.3644293826066678,0.17615801025810912,0.624186606408051,0.0,0.0,0.4433376587709888,0.4660267430681801,0.7010898754031113,0.8217500189344847,0.6426797381313875,0.0,0.5543949532674747,0.0,0.07997681984808964,0.18226025079479655,0.5910174869761396,0.3331547986424421,0.4807160728527998,0.2735934236038444,0.808025270029629,0.0,0.18481188629573314,0.21865051118984938,0.4197713433860012,0.6634921456900809,0.3506020145482999,0.6347413934869316,0.3569164596123737,0.0,0.1893532463052188,0.36101909669652876,0.0,0.41681172696160895,0.3799166310364117,0.0,0.0,0.0,0.049449936964845016,0.0,0.0,0.0,0.0,0.0,0.555423397465294,0.4393550796709942,0.0,0.4324303453031277,0.5174462930306185,0.5445422599548314,0.9703324803076577,0.4565287322967877,0.3873195599529018,0.5193380415565486,0.6557965911056811,0.21583951033687945,0.0,0.4865159440931164,0.0,0.5741711978099002,0.15647702603737218,0.4994883481483292,0.32671793726477955,0.534710709159336,0.26979874041516466,0.7804004339711909,0.0,0.0,0.09047947507535879,0.5205425224891927,0.0,0.0,0.0,0.0
0.09061884276941534,0.3273724093957822,0.95582456038019,0.1664209350319516,0.8448366304074001,0.841003289466057,0.5157172452163056,0.4433376587709888,0.0,0.28175669456206703,0.8834939163641843,0.6110669838037656,0.768546061990732,0.0,0.7810602576947641,0.23756167680547122,0.2596272111924336,0.29973766689137543,0.8983687833601915,0.8382218174397238,0.2088252098926009,0.7626271925668501,0.7817482692330687,0.2240313728692749,0.14288621637648777,0.36408874809688435,0.9880029900582006,0.7688039096102692,0.5500698882089236,0.5836909740462772,0.31611620569614174,0.0,0.0,0.0,0.0,0.23027653797165615,0.23868425994506962,0.2925244844482921,0.0,0.0,0.0,0.0,0.30727772806161113,0.11342307019573984,0.21271625498106247,0.026979521477453333,0.5773724504704638,0.9554010649433664,0.0,0.9219036266643266,0.7288534333466848,0.4239783354683033,0.543089875669203,1.0,0.11825848026806102,0.973513493132477,0.6222432347301319,0.6551140231920008,0.26197807102427717,0.7056350402790479,0.15932997648691768,0.192208500892253,0.42716478050477463,0.9055175816010443,0.7944795082873327,0.1422216743459472,0.8311304876341937,0.812495492814015,0.15981588616540154,0.0,0.4318690007894675,0.8560000503026493,0.7648315812995943,0.27343096325888444,0.24435719943824288,0.26266001975050585
0.5566859431436165,0.8411822122469457,0.26988620137820574,0.23775541967153196,0.2606565522756429,0.5820296269967011,0.5557035151497913,0.4660267430681801,0.28175669456206703,0.0,0.320637109210944,0.569320795078129,0.6266341761803444,0.0,0.4801512280308816,0.5858009465436863,0.7639728544740524,0.7322127706875591,0.355343748356154,0.37918964217268186,0.7444419023179063,0.5027170628679302,0.512887343546855,0.2576042253128916,0.820640352926006,0.7244789276755581,0.33678157231750344,0.47682315990210605,0.7993143688784942,0.22015103363527277,0.6173102949665693,0.21504965234824813,0.33696431287222667,0.3690286464006087,0.0,0.0,0.08955511563648173,0.07090625205104811,0.0,0.09131127911111536,0.36254090565668806,0.0,0.12203619917976741,0.0,0.0,0.39711152018199053,0.6924541744090901,0.23729792195767943,0.3288272163671676,0.07823793030066911,0.36157619358616955,0.3446281845876155,0.44520001593245107,0.3225314870010027,0.6872109941891749,0.32443728338609534,0.2982497890993239,0.21457362363075264,0.042423124638984545,0.5137184502263101,0.1334253959589276,0.4604644735321531,0.40560289603797456,0.3847058337039321,0.38439796986453656,0.7046144729612693,0.31929325135713066,0.4842518205159809,0.12500526575526574,0.47566888329764895,0.500869482861443,0.42292089337668926,0.12483062581138163,0.6150890250569969,0.07269999008543807,0.07120672954947739
0.0,0.378156700481805,0.9602495770925638,0.2753981697188095,0.672585689903736,0.8410974280646164,0.3263810168622216,0.7010898754031113,0.8834939163641843,0.320637109210944,0.0,0.7522391159345988,0.7968340027098667,0.0,0.7664440906134427,0.13306971506598472,0.13480996400596482,0.254938987844432,0.9133244319196115,0.7456941678309533,0.21112417677989814,0.6321507991494302,0.8559635560208033,0.013230789539286686,0.15249669984808717,0.28294595868435657,0.8819428867093179,0.8215493150423162,0.4981162644809205,0.6789792402509925,0.2396624738610521,0.0,0.0,0.05783065119929614,0.0,0.3633219682823992,0.3492717577595586,0.0,0.0,0.0,0.0,0.0,0.16443144343013938,0.0,0.0,0.0,0.623331271918592,0.8840477982601431,0.0,0.8367673854084614,0.7730154619532463,0.5461305389460358,0.7785690099577068,0.8873462413659673,0.20695741048748095,0.9306328612384023,0.6864885349643598,0.5677533687719042,0.06964397605021568,0.6610334939488274,0.0,0.4065061578366254,0.3860851450537332,0.8500848070863027,0.7188274992668244,0.21058092157191174,0.6999685142538822,0.86553570002767,0.0,0.0,0.27898651507688715,0.8692217822508109,0.5393440952465678,0.17394238126604078,0.0,0.0
0.0,0.4460191224783067,0.6771924510281131,0.3127393177377197,0.4763834132003918,0.7702559701973908,0.2752671446314204,0.8217500189344847,0.6110669838037656,0.569320795078129,0.7522391159345988,0.0,0.7966058861592367,0.0,0.6681050703100238,0.06418289633202766,0.12897864047471633,0.33856502140665284,0.6659315782435973,0.5578804367563227,0.386594625311623,0.5047174239323803,0.7900359901919298,0.11111015928929371,0.25212026908540996,0.38246457161079933,0.6375656141154226,0.7277714930854715,0.47441369284708795,0.562580793777435,0.2963738200367497,0.0,0.0,0.135229911847377,0.0,0.4003616164665006,0.41863905055258194,0.0,0.0,0.0,0.0,0.0,0.181028118347095,0.0,0.0,0.0,0.5867395374462401,0.6221480836090381,0.0,0.5928700461845929,0.6625890706719257,0.5258325636657877,0.8146767798220279,0.6180805774422682,0.37486850020050216,0.6589644579659264,0.8087905885261605,0.48470436807551065,0.0,0.5855763522448596,0.0,0.5845700402769869,0.36841998269161297,0.5975155264161276,0.5679129292714907,0.37870671363032865,0.5384090265651704,0.7613101635573082,0.0,0.0,0.22729893247217023,0.6981319438474957,0.30883173076659054,0.06481088162084375,0.0,0.0
0.17944620780262127,0.6945208910078727,0.8308148171692975,0.3908815792979382,0.7116689082734231,0.9490358307919384,0.5513947215423801,0.6426797381313875,0.768546061990732,0.6266341761803444,0.7968340027098667,0.7966058861592367,0.0,0.0,0.7798100433981152,0.47104956822055705,0.4472925235689039,0.6273847700567389,0.7759213127736015,0.8696390703232714,0.43344564509600714,0.8295316281265004,0.8352818294854402,0.2117118252811862,0.5020177248446369,0.6148159395689641,0.806738392746421,0.8987549140447885,0.7963956737827425,0.5928635763278712,0.44995751445632437,0.0,0.0,0.07447256514559684,0.0,0.27390858539400453,0.30029402054178017,0.09979101580746357,0.0,0.0,0.0,0.0,0.2891772913584771,0.033477979469475866,0.0,0.007695432218154389,0.7899917008872962,0.768567834217984,0.0,0.7079381016962465,0.8639436667116233,0.4530858478383485,0.6672953381373999,0.7695787189407708,0.29272186120520693,0.7768190456824667,0.7804548164648472,0.7317363971232724,0.17153876788823177,0.7011392699385561,0.12382264526649273,0.48084464956427225,0.6523632820926489,0.727029270964908,0.808899401518264,0.3712665929160666,0.8058067763618189,0.8055165967268455,0.09472595863654457,0.1847691901376865,0.4941517916607795,0.7602619175197279,0.6491539620634907,0.43683940783464403,0.12975254950072812,0.11768803049741593
0.24859837321747347,0.0,0.0,0.0,0.3626207523077891,0.0,0.2651935384588458,0.0,0.0,0.0,0.0,0.0,0.0,0.0,0.0,0.0,0.0,0.0,0.0,0.0,0.0,0.0,0.0,0.5175120670843594,0.0,0.11939311054086425,0.0,0.0,0.0,0.0,0.0,0.37605910857914426,0.0,0.0,0.499819205545744,0.15613170383230027,0.0,0.35745048821456454,0.5368317934620782,0.40239921571234394,0.0,0.5594589504051136,0.47660808905808805,0.47307303888895,0.4664833523165639,0.3846463398800557,0.0,0.0,0.2369034382386664,0.0,0.0,0.0,0.0,0.0,0.005259568420684814,0.0,0.060900614104875045,0.23080254716186138,0.5941011387484767,0.0,0.3467440812756857,0.0,0.014371816947845527,0.0,0.0,0.0,0.0,0.0,0.5166961488353705,0.3112829708339057,0.39882577256283297,0.0,0.25764104329972193,0.0,0.06931737221742278,0.3924935328678085
0.2597667036617997,0.48548449844103575,0.7850741873355463,0.3360347656417828,0.5425971181402809,0.699853420854131,0.31820816419296655,0.5543949532674747,0.7810602576947641,0.4801512280308816,0.7664440906134427,0.6681050703100238,0.7798100433981152,0.0,0.0,0.3985959981552563,0.32059352712958195,0.31302726295562894,0.7432215688106119,0.8186499627894918,0.5498662596944094,0.8127382373859386,0.7585311178893804,0.0,0.2866671012468091,0.3435781655588302,0.7952882122217961,0.8824419726622135,0.6769154557854267,0.7413108402993399,0.5500151250974377,0.0,0.0,0.22575252245777316,0.0,0.3368427148217416,0.2622013502003474,0.01922028367098023,0.0,0.0,0.0807545532502383,0.0,0.1452592953580439,0.0,0.0,0.1530238788498349,0.6946893725060772,0.7372175274594147,0.0,0.6940047969388226,0.5976150843166117,0.5324384079097845,0.5862887621468038,0.8037652784802433,0.3328961295437849,0.7466962483102716,0.5642785753569352,0.42788175539080797,0.014723004265220893,0.9636088829435654,0.0,0.44427048484670284,0.3604983881162837,0.7237296136263293,0.8214353893926044,0.48538737885230604,0.8047520324994392,0.7711482399361989,0.0,0.0,0.36242939933012663,0.8230751130269041,0.5418180239083232,0.40617199838234674,0.04911510434636697,0.03094220409603096
0.773981431459259,0.8010575960509013,0.22115897534348386,0.14112276933584247,0.32713913970120617,0.399728494940432,0.5128100822057557,0.0,0.23756167680547122,0.5858009465436863,0.13306971506598472,0.06418289633202766,0.47104956822055705,0.0,0.3985959981552563,0.0,0.8566135858850187,0.8176039006550139,0.21301373538055865,0.4734423103036547,0.581522778624733,0.6407186933717045,0.26522227953944477,0.3670424853122141,0.8080969605363247,0.7498793222285561,0.3490119794849682,0.4267297649826654,0.7961990863589373,0.2070970305918934,0.6440906448121628,0.46946101474751967,0.34103556101587357,0.23135345161168624,0.2819909940126438,0.0,0.0,0.2664465236212664,0.29969570661092493,0.31108997971019864,0.3641069157781368,0.1753905832314315,0.22459054929146402,0.15274282833951539,0.21387207520081233,0.6649731419669423,0.5762343901162473,0.1912870068849728,0.21280201853885358,0.06000949430109152,0.29436361493371405,0.07846398049090143,0.03388004704302811,0.2797648199707806,0.3454545937704302,0.2114506894480647,0.06682188712951004,0.27840581297765143,0.253511702925621,0.45936261629502295,0.5551480896940675,0.1791107246424889,0.49933570039719843,0.28431241439055327,0.44821844863218596,0.488924148664158,0.43528086388112047,0.25189059515898826,0.33783137033522587,0.5910191424453057,0.659799736866328,0.3352574487305732,0.38189515527377044,0.7926735470326546,0.2860950275018994,0.49177484655666304
0.7256872985385114,0.8423148780374978,0.209379196688045,0.08282982300173551,0.32949859558994077,0.5054889692622268,0.6638757314901155,0.07997681984808964,0.2596272111924336,0.7639728544740524,0.13480996400596482,0.12897864047471633,0.4472925235689039,0.0,0.32059352712958195,0.8566135858850187,0.0,0.909003527767776,0.25128958043772437,0.4064420236130283,0.6153379222813355,0.5593390343078715,0.34102975773638594,0.4522287230887069,0.8743778910269304,0.7945970639806601,0.3313263909935047,0.32925886162695295,0.8117279071782436,0.04131543995725032,0.649853305625182,0.5491587183630277,0.35259048708223767,0.2584263759885081,0.2457569848578183,0.0,0.0,0.40543203544133644,0.37416459640625427,0.28301267910598044,0.2843370998703975,0.22324354604271798,0.2641533728824325,0.18953823961487287,0.2582655262954385,0.6213826789616727,0.5694617688002189,0.2168950141335057,0.3462626786802273,0.04425203294384056,0.2865789266728872,0.12713141972819605,0.12479589123527522,0.28652638865337926,0.40582680524338716,0.2570085429543916,0.09581602611190745,0.26832874524530215,0.2730424682264642,0.38075488278513575,0.4961647667465154,0.17401227903429145,0.44047049735899757,0.32609728926525006,0.3687427282674919,0.5167934243585931,0.3512952756322772,0.31738816224414407,0.3293765222798276,0.5826523915771435,0.6220739991304007,0.30073479174201384,0.3219294035889961,0.7176544611489171,0.3422817743488678,0.4929614320656315
0.6056642802507464,0.8841740502928495,0.31490237254618975,0.11934062144889286,0.41481527995798095,0.6185791583817479,0.635044694462729,0.18226025079479655,0.29973766689137543,0.7322127706875591,0.254938987844432,0.33856502140665284,0.6273847700567389,0.0,0.31302726295562894,0.8176039006550139,0.909003527767776,0.0,0.30260902607917767,0.4785197634444185,0.48171771179326034,0.5972781258740426,0.3663880873684599,0.47139705667475684,0.8990318787865509,0.8853694427394061,0.3652535161012685,0.39236519883896714,0.7649556854669107,0.08259364327486514,0.45300124198701613,0.4487069765955778,0.21998434890604102,0.12257559333019162,0.1533542747375411,0.0,0.0,0.2989920994639739,0.29301537949656553,0.1157292074516731,0.2594185283616173,0.15190156722352016,0.2557608157068907,0.166497086960056,0.21656864297457337,0.4326355068989761,0.5746919904992301,0.30303318754672215,0.17139463454655912,0.0892334871219296,0.44325117954178456,0.07489390606299524,0.20568813277552803,0.339499476849857,0.33203921362568795,0.33312279683322593,0.33357748912376184,0.4099137634576553,0.2560208026383873,0.3361973775920172,0.5003700993511258,0.3145291096442952,0.6279877136587647,0.33767140863609885,0.48848727386859636,0.3736177474996162,0.45421704816150266,0.32378397338524356,0.34576680860997616,0.5546129291813973,0.5914567276657722,0.32181541821535115,0.3997028757945396,0.633445848120395,0.35514377424408766,0.4624279135893973
0.0,0.3868031526165931,0.9248174296461756,0.24313098578759992,0.6691206829704519,0.7726479533159021,0.3705640293783001,0.5910174869761396,0.8983687833601915,0.355343748356154,0.9133244319196115,0.6659315782435973,0.7759213127736015,0.0,0.7432215688106119,0.21301373538055865,0.25128958043772437,0.30260902607917767,0.0,0.7017449359141326,0.24638065383716856,0.6481223182417444,0.7990435191377361,0.049088478899590796,0.17045004674364586,0.2998344148817003,0.8885775584961654,0.7890349125419228,0.5215360822884239,0.6134310337566606,0.34690234355928595,0.0,0.0,0.13720489415261444,0.0,0.25186063707341344,0.2502545161918138,0.10653025611715489,0.0,0.0,0.0,0.0,0.16886710657796533,0.0,0.0,0.0,0.6419818108115698,0.8707816996206164,0.0,0.794368420750293,0.6574577727642369,0.43439226649719365,0.6520767963271906,0.857594659221374,0.2034411186755921,0.9172798130572163,0.5907272748185266,0.5229190918281901,0.10728641663023984,0.6380125595530048,0.0,0.3113928986844236,0.4139131306890178,0.9626625935097883,0.6452329667648032,0.20849036437002932,0.6800775518160976,0.790370879391666,0.0,0.0,0.3305027726835453,0.8073847175407601,0.5658990668275455,0.1995400944587452,0.0,0.0
0.28127783082206376,0.4985111395326965,0.859590834879789,0.28731231622108316,0.8291682084476557,0.8127204863328973,0.6034210428416635,0.3331547986424421,0.8382218174397238,0.37918964217268186,0.7456941678309533,0.5578804367563227,0.8696390703232714,0.0,0.8186499627894918,0.4734423103036547,0.4064420236130283,0.4785197634444185,0.7017449359141326,0.0,0.27518718261718617,0.9828162011115131,0.6617652564553346,0.3675467244865471,0.3319974098055382,0.5268583034155455,0.9015222980276333,0.8139626992888322,0.7040274720058745,0.6065964274967701,0.3912391640652901,0.03242420635559827,0.0,0.0,0.0,0.22548713716975227,0.2703840160277202,0.26814772924555413,0.0,0.0,0.0,0.00456954480288191,0.4455005633063139,0.24138834154636302,0.22700775597844314,0.14529596126417837,0.6372609838393226,0.8437957444788955,0.0,0.7936423728933358,0.8106840158108121,0.3583208100047485,0.45373216348957457,0.8471810328889349,0.12267354292874469,0.777641827660059,0.6782251545211718,0.7497897554305838,0.39537953983792956,0.7461839744151693,0.36048530543218144,0.2855144868407312,0.5750006846730256,0.7040156721525442,0.9663340365123981,0.17763674537974364,0.9745110378671321,0.6994836159661397,0.3592358711773591,0.2045719751389101,0.5615231377129652,0.8002151381765796,0.8539866537150214,0.4804352540101931,0.33783434174383764,0.39905190555102815
0.7131416002691284,0.6503737631981588,0.15584721732120055,0.3351291791384244,0.07660204887155227,0.39182415146922,0.29073082037892606,0.4807160728527998,0.2088252098926009,0.7444419023179063,0.21112417677989814,0.386594625311623,0.43344564509600714,0.0,0.5498662596944094,0.581522778624733,0.6153379222813355,0.48171771179326034,0.24638065383716856,0.27518718261718617,0.0,0.39537870001697056,0.4992832183558573,0.13471607965139984,0.5804606982792591,0.5118070189725343,0.24707333906396847,0.45725324655064653,0.654872788974261,0.42981061062848636,0.8054308356011516,0.2827109183223497,0.5671464221069826,0.5788383893358444,0.0,0.1601745258335907,0.03149049956697623,0.03514178527853037,0.0,0.31783680369934636,0.43971751166694123,0.0,0.07180210799549966,0.0,0.0,0.6028801955774971,0.5951416574832326,0.11728301049444281,0.40573272111748043,0.06451971180665006,0.11502824877099303,0.376448386701635,0.44980739673539855,0.2801930162855462,0.6133470384053841,0.21314234646337188,0.14730820224057659,0.0,0.0,0.6090682669818874,0.0,0.32163128353486203,0.12154136408585922,0.32988527743864715,0.2720116671805652,0.9531664777867678,0.24773016208466417,0.4570681701365953,0.035499551500460434,0.27235218388399063,0.47605148250859675,0.33835737606597416,0.0,0.5011158783194605,0.0,0.0
0.4386548047805875,0.6233231778824362,0.7571220992792899,0.30333619795616623,0.7762953527002907,0.7733275495827228,0.6556146713534929,0.2735934236038444,0.7626271925668501,0.5027170628679302,0.6321507991494302,0.5047174239323803,0.8295316281265004,0.0,0.8127382373859386,0.6407186933717045,0.5593390343078715,0.5972781258740426,0.6481223182417444,0.9828162011115131,0.39537870001697056,0.0,0.6124820361134765,0.4128284221333056,0.4824817429569829,0.6185620902092503,0.8393868685546001,0.7799757575999267,0.7985870521183183,0.5542731567477357,0.4959789038326131,0.16218060730666783,0.0,0.0,0.031677969877218055,0.11067680406681542,0.1903139715085527,0.31539294398783063,0.07882263349728443,0.0,0.0991502414468238,0.06292362038118424,0.42471478893033826,0.25976038862461975,0.26815503718173517,0.3039255540057561,0.6936448606972748,0.743391973385719,0.0,0.666413036163118,0.7368195185252515,0.3118958198591823,0.39068634382377204,0.7741951906107422,0.21670046730640033,0.6918211493204991,0.5931174405856728,0.6664154873323215,0.3701712900990389,0.7581296190761969,0.474688833211516,0.2813908357577394,0.6046654120577879,0.6665921551172601,0.9233833971614331,0.2906518671994352,0.9562077887119461,0.6464722590250858,0.39429558959822303,0.3253988279737557,0.6420332803160638,0.7482094945405755,0.8089318702785206,0.6041280824735487,0.38938190114882015,0.4789491726409895
0.2068271229787208,0.5002006475801004,0.8108663865672533,0.3109247195620351,0.6214321413417498,0.9209719236896298,0.3913403382771475,0.808025270029629,0.7817482692330687,0.512887343546855,0.8559635560208033,0.7900359901919298,0.8352818294854402,0.0,0.7585311178893804,0.26522227953944477,0.34102975773638594,0.3663880873684599,0.7990435191377361,0.6617652564553346,0.4992832183558573,0.6124820361134765,0.0,0.2364781356973429,0.28932371051758754,0.4591754835916773,0.7786830048881856,0.848786170837405,0.648999180998475,0.6568729757850853,0.5581507417307293,0.0,0.05890566561488292,0.18945719698583435,0.0,0.33833042970145427,0.31839894891898907,0.1545809671842537,0.0,0.0,0.028147764844419478,0.0,0.2516674477732516,0.0,0.0,0.11611147989348566,0.7239409016589332,0.7556156819254886,0.04864693720597804,0.7242700759713697,0.7473710095221748,0.5953086637056144,0.8606896590834446,0.7574547735464102,0.3876143639030518,0.8172039466136769,0.7231317478325339,0.5718454606087734,0.18752960616020722,0.6898882768921506,0.0,0.4575866838577881,0.46695301294354774,0.7584366348319898,0.6184484086575855,0.4955769003626078,0.5988883873311429,0.9847465230215321,0.09416814081634033,0.08244336075553756,0.49915029365469604,0.7987972469704808,0.5039564951971631,0.3256713748843687,0.0,0.0
0.5843355853286615,0.2587427553466467,0.16721002939940896,0.0,0.5952424886182519,0.3523696729874206,0.6444516365338497,0.0,0.2240313728692749,0.2576042253128916,0.013230789539286686,0.11111015928929371,0.2117118252811862,0.5175120670843594,0.0,0.3670424853122141,0.4522287230887069,0.47139705667475684,0.049088478899590796,0.3675467244865471,0.13471607965139984,0.4128284221333056,0.2364781356973429,0.0,0.2949274127601356,0.7381405532626906,0.2464067989613573,0.0,0.3307732381165918,0.0,0.10069925042345593,0.5657240481350804,0.0,0.0,0.4985784270069892,0.0,0.0,0.6816020148929955,0.6607328828380628,0.25358142657801314,0.0,0.5125849043311523,0.5717624910733895,0.5163190309428112,0.6315365485995688,0.6043842192029655,0.08191023869996357,0.2954861107238379,0.16342715794650664,0.13164352519908465,0.23975527079172448,0.0,0.0,0.1971547648399882,0.08872361012272302,0.21368955840134451,0.29148057528822935,0.49515007151704027,0.7123035688483298,0.03869822843279235,0.6995386185800477,0.0,0.45206913401183285,0.20656915864377814,0.27907691969852927,0.0,0.34988072189215824,0.190663473657821,0.9351632952671768,0.5161756725587731,0.7834338943229406,0.040014671257008715,0.5612948518821348,0.32367505025158844,0.4945466905339716,0.766285406314076
0.6355525871564864,0.9347514518641223,0.15388438891125444,0.11265478700069376,0.2254556246215184,0.4884998496091568,0.5470381256769675,0.18481188629573314,0.14288621637648777,0.820640352926006,0.15249669984808717,0.25212026908540996,0.5020177248446369,0.0,0.2866671012468091,0.8080969605363247,0.8743778910269304,0.8990318787865509,0.17045004674364586,0.3319974098055382,0.5804606982792591,0.4824817429569829,0.28932371051758754,0.2949274127601356,0.0,0.8105044317881118,0.21225568440142226,0.3249733911536258,0.7763173304835239,0.05445560396088603,0.518770198202893,0.3850173119490376,0.34175492613208813,0.26412103990449504,0.020657687608342537,0.0,0.0,0.08964942819498738,0.23538995599572957,0.17676741273228444,0.4330311839570188,0.07488044133219779,0.10855868293783391,0.0,0.0,0.4677601582284425,0.6366301739085415,0.09116887891943044,0.28983151283394887,0.0,0.3662132726665392,0.15554794178589454,0.16405434248008538,0.21189257048818705,0.5120425802575406,0.13741948374107027,0.11395803283637902,0.21538678799341934,0.1258462774040534,0.31864700254723544,0.4269795217168845,0.3572118714585875,0.49505951777493784,0.19466462187266362,0.36617923863172985,0.5248800725536832,0.28162174529827394,0.2607677593189688,0.18999200265256533,0.6955567167088204,0.5420282096906044,0.285536079463206,0.14945161749412236,0.7603008813253084,0.24077569901712917,0.3019261312436908
0.6983421065724403,0.7834500517317504,0.35951207196436685,0.0,0.5842439528172467,0.6487101117118392,0.7236889674778139,0.21865051118984938,0.36408874809688435,0.7244789276755581,0.28294595868435657,0.38246457161079933,0.6148159395689641,0.11939311054086425,0.3435781655588302,0.7498793222285561,0.7945970639806601,0.8853694427394061,0.2998344148817003,0.5268583034155455,0.5118070189725343,0.6185620902092503,0.4591754835916773,0.7381405532626906,0.8105044317881118,0.0,0.3873580801529497,0.3425927658404939,0.7240359083494136,0.07649235552560478,0.43973853104152016,0.479754979020015,0.17402951608300402,0.0,0.2533505183453917,0.0,0.0,0.43570069612408296,0.42595675526827476,0.2121127725077567,0.1694211202202131,0.27472714554140754,0.3994896040254341,0.2827258233528122,0.32613028696987795,0.5974502661352344,0.5512143572860079,0.3845441968988991,0.23886080721282418,0.15797952219856434,0.4582130751950942,0.021056211406341716,0.22275218064707406,0.37828208728855084,0.4198469177707282,0.3592868428440361,0.41706017887708285,0.5113422325809496,0.4593173010885463,0.347411425870945,0.581062787862947,0.24892330875943577,0.641402085692179,0.4075672121216504,0.49117718146583295,0.3672448381821661,0.4747807059967985,0.39775256745151766,0.6073609814739205,0.6576701151384099,0.8235973821843939,0.289054702546686,0.5011150787205387,0.6032184737866965,0.4075272192868312,0.559713888841655
0.15821603411207097,0.41314712037613,0.9551640890104646,0.22009510076334238,0.8229692141910351,0.8264282675178004,0.5264166847091296,0.4197713433860012,0.9880029900582006,0.33678157231750344,0.8819428867093179,0.6375656141154226,0.806738392746421,0.0,0.7952882122217961,0.3490119794849682,0.3313263909935047,0.3652535161012685,0.8885775584961654,0.9015222980276333,0.24707333906396847,0.8393868685546001,0.7786830048881856,0.2464067989613573,0.21225568440142226,0.3873580801529497,0.0,0.8308080834885847,0.6368479071281085,0.6222307163601661,0.4253201932650385,0.0,0.0,0.0,0.0,0.2520986596786427,0.2928890297189295,0.31645759904353576,0.0,0.0,0.0,0.0,0.325796073958549,0.15247916913953347,0.17916293308137562,0.08066070125210047,0.6208960963652679,0.9364765644129021,0.0,0.8837869212594727,0.7150521157569069,0.48796759272722834,0.5341014944663428,0.9404887455723628,0.1540027153070362,0.9387084635848191,0.6599145845579046,0.6601231742695008,0.30624915277425807,0.7306914532003426,0.19499741890764527,0.23473373593930527,0.4671792724299201,0.8512980579710734,0.8370407152853271,0.18185728381579327,0.8711822283504471,0.792809690012556,0.18478900855471397,0.06623077732768766,0.45790179669115955,0.932815677000611,0.7791293124463817,0.35997630586183105,0.19701761847755478,0.2864070100751501
0.13462107951625102,0.5183355400679172,0.8462208759521171,0.47614359650120197,0.54970370507547,0.8029369635243588,0.31041183894709923,0.6634921456900809,0.7688039096102692,0.47682315990210605,0.8215493150423162,0.7277714930854715,0.8987549140447885,0.0,0.8824419726622135,0.4267297649826654,0.32925886162695295,0.39236519883896714,0.7890349125419228,0.8139626992888322,0.45725324655064653,0.7799757575999267,0.848786170837405,0.0,0.3249733911536258,0.3425927658404939,0.8308080834885847,0.0,0.7054116212635227,0.7973767611560598,0.5625815790398767,0.0,0.0,0.21704730601579358,0.0,0.3898591066007633,0.42893666076399284,0.0,0.0,0.0,0.06501994515139604,0.0,0.2021539444009028,0.0,0.0,0.0,0.7355248013856511,0.7241449283674577,0.0,0.7574940205369662,0.7594956454300869,0.5784306193876625,0.7042555965730309,0.795213743622383,0.25640733461797866,0.7576861400454294,0.652378646058094,0.5353441367185445,0.0,0.7958582926756005,0.0,0.4271462587982107,0.4203068128607306,0.7284747201966039,0.7617556798462813,0.4506986497248213,0.7508207572737701,0.8038344048220708,0.0,0.0,0.30644756813857654,0.8120033768928793,0.55187923649851,0.3801795203146911,0.0,0.0
0.6194416415514373,0.8560776452213994,0.5197405057696458,0.2605121074614495,0.5846146415812598,0.7667860271770056,0.6947138312265354,0.3506020145482999,0.5500698882089236,0.7993143688784942,0.4981162644809205,0.47441369284708795,0.7963956737827425,0.0,0.6769154557854267,0.7961990863589373,0.8117279071782436,0.7649556854669107,0.5215360822884239,0.7040274720058745,0.654872788974261,0.7985870521183183,0.648999180998475,0.3307732381165918,0.7763173304835239,0.7240359083494136,0.6368479071281085,0.7054116212635227,0.0,0.4472382775230893,0.7296886698904052,0.27663154678966295,0.23639750014376784,0.27268411463165715,0.03420362600221933,0.0,0.07582376949996192,0.2562890117076735,0.08577970124568014,0.18004279865492975,0.3448794120683687,0.030574420506625954,0.2869285057104414,0.06920784652651803,0.0642186933009608,0.49315916008232585,0.807793762057894,0.46801079632972276,0.2045745314202303,0.4102474379386818,0.560048786719425,0.421896045220903,0.39564665979248875,0.5666813106306059,0.4923105369478671,0.512590275067879,0.3725638541949291,0.510106613482048,0.26500685259205653,0.6943926722344194,0.3971936322979821,0.3393894772064994,0.6050316243297026,0.5560855064607261,0.6625578662059725,0.5899535085485381,0.6319741286045069,0.6188718367154694,0.2055448894328677,0.5594528078043258,0.6773706761042768,0.6453092373274305,0.5268624193027676,0.8400020825921493,0.17836382199246542,0.34553715656061496
0.0946417233666558,0.26651527054305735,0.6335622457148742,0.3748925151655215,0.36947646678302926,0.5252795707677662,0.042740323759793857,0.6347413934869316,0.5836909740462772,0.22015103363527277,0.6789792402509925,0.562580793777435,0.5928635763278712,0.0,0.7413108402993399,0.2070970305918934,0.04131543995725032,0.08259364327486514,0.6134310337566606,0.6065964274967701,0.42981061062848636,0.5542731567477357,0.6568729757850853,0.0,0.05445560396088603,0.07649235552560478,0.6222307163601661,0.7973767611560598,0.4472382775230893,0.0,0.47954513322946096,0.0,0.11295111189411808,0.31290661370682177,0.0,0.5526837498281272,0.40307881902129256,0.0,0.0,0.0,0.09934385777731092,0.0,0.16362508737673856,0.0,0.0,0.04238732070317833,0.5269947321319242,0.5205558192587989,0.0,0.6185010842902957,0.4801913040435691,0.46923491632987635,0.6231773156272002,0.6104440255336567,0.2302031317170406,0.5690669225588617,0.5182650119632927,0.2629673578721271,0.0,0.6327328068475172,0.0,0.34804730233523434,0.1417197425165711,0.5896068965975311,0.5171675339871433,0.41283792558796933,0.5357432527374804,0.6061158742730325,0.0,0.0,0.17220570210493416,0.626531115518659,0.2857375101216914,0.1054338615840672,0.0,0.0
0.6641135381521831,0.5813783695324132,0.2659533416868566,0.2823871620507131,0.17822923959019765,0.4603007288444428,0.33263698067055836,0.3569164596123737,0.31611620569614174,0.6173102949665693,0.2396624738610521,0.2963738200367497,0.44995751445632437,0.0,0.5500151250974377,0.6440906448121628,0.649853305625182,0.45300124198701613,0.34690234355928595,0.3912391640652901,0.8054308356011516,0.4959789038326131,0.5581507417307293,0.10069925042345593,0.518770198202893,0.43973853104152016,0.4253201932650385,0.5625815790398767,0.7296886698904052,0.47954513322946096,0.0,0.29422938007548705,0.5127612586214297,0.5570466635511444,0.06801476981194786,0.2036619586157489,0.15034239064137464,0.19453478639995794,0.019799391687320842,0.38454504973624365,0.3970982845228505,0.0,0.202836724758155,0.02104114133243253,0.0,0.5993691976390494,0.5918133847115167,0.17913741317220952,0.4348465126353972,0.25514748092135137,0.20960380853963095,0.48735124868397317,0.3912567498730351,0.34989745244860543,0.5386595685903788,0.27771125963599314,0.13767076006996265,0.13812969231610223,0.06742528793399472,0.5751592566753908,0.027758418856211504,0.1622881682133948,0.1446574163210609,0.38587378348299733,0.2783745771662917,0.7741891602406227,0.3071672215934106,0.4795206578687113,0.0,0.23654666127412916,0.501123827932074,0.42623112035599664,0.14712857640100568,0.5306980561005098,0.0,0.07411068636219108
