0.0,0.47270023231839653,0.349288800741189,0.10351233732957749,0.0,0.4565426119383087,0.526155663757929,0.45532454833680275,0.5657581048890022,0.24556085438382827,0.48805875079307953,0.0,0.6728144308932955,0.0,0.34149679672814287,0.7548630167135925,0.45966778084918153,0.6000606958640267,0.09849289177858588,0.32920044436217694,0.6026778017499198,0.7097498792933177,0.49877912839088206,0.0,0.6824770267189193,0.393879371016005,0.4440876592510355,0.311021904803306,0.8020831683872753,0.6165211013205022,0.7327273269271566,0.24717163723316193,0.5759328236640386,0.5117823722808541,0.0,0.0,0.0,0.0,0.0,0.49975743179440424,0.21893581704547113,0.0,0.21172236406097755,0.0,0.0,0.8459361012966409,0.5284437237286803,0.29241422959998914,0.0,0.0,0.5743649719250205,0.6679760412304008,0.42358000348946656,0.6019947420386577,0.6139832466816173,0.5082705115400831,0.0,0.5837781465359648,0.15697694607202378,0.3047709276399842,0.7288222157120864,0.6965458930063341,0.5925020765277477,0.034889180484678116,0.4186805073728875,0.5603585547342077,0.3534172651426957,0.457367116989495,0.0,0.7595413016881414,0.5671570788995366,0.4857320576661948,0.03557662258505261,0.76793672399801,0.0468832875315988,0.1459788053001619
0.47270023231839653,0.0,0.0,0.039421747387627215,0.0,0.42995250471301555,0.24540934896225783,0.546592178704576,0.09361414310380992,0.459397940458053,0.041621394420382596,0.18187146749806896,0.5414768956300934,0.09130959009163694,0.16999662243494382,0.37818321369154345,0.47027150348933183,0.4489238856957356,0.0,0.1839765899024317,0.5379489826202889,0.3816757526812072,0.5113083246163179,0.0,0.7130318697910024,0.5255806806779973,0.0,0.08080801506898898,0.3972006494088805,0.40842594928437315,0.5340474185332857,0.44363577646591906,0.2834063749457551,0.2457339672658393,0.0,0.2833513366054505,0.24826737733580492,0.0,0.09432029687645453,0.26140744083041634,0.0,0.0,0.28572745596389804,0.014407331300878711,0.0,0.39708261122675215,0.6361098594476307,0.0,0.0,0.0,0.38266085827247204,0.18801584934536575,0.37225060801433757,0.09980309282845637,0.640940740444128,0.012698016714019579,0.2616915821634455,0.3850891594092201,0.11702608684409178,0.13697480784856206,0.12925503830312837,0.525892958932997,0.1465127125032013,0.0,0.0,0.4658879303731745,0.0,0.30058562058361027,0.0595611664858219,0.5997318588614527,0.4304307491534934,0.0,0.0,0.07849151061989314,0.0,0.0
0.349288800741189,0.0,0.0,0.0,0.40029272817741846,0.5513968376249454,0.4673782928602189,0.2830502529262264,0.7823661381803014,0.039639460937690996,0.8814534176478048,0.4971062435991438,0.27505359394629464,0.30962827377997637,0.5546900090328325,0.31349942728210206,0.13355230349951114,0.0,0.8441962890994767,0.6762856514800408,0.04844751588733055,0.6029805232601865,0.4843758254556075,0.12629852572942754,0.0,0.26951393431134874,0.9154631955058748,0.5183458594830103,0.43351026647579394,0.542446546758074,0.2806494770034939,0.0,0.08153892871039634,0.1732749852101651,0.0,0.0,0.0,0.0,0.0,0.030824008833787424,0.29550183692553733,0.0,0.0,0.0,0.0,0.2552844450922067,0.1198534979217505,0.8144062895033295,0.0,0.41227850138939304,0.47655720016101827,0.5772288599053951,0.45658956689590735,0.777351883936907,0.05251225922792311,0.7636872544721212,0.09105236292879229,0.28706426278667907,0.3913602579669147,0.5560165224089308,0.31755124623721764,0.10269903895742812,0.020815425882264406,0.7998058018140634,0.7654719808783157,0.0,0.5879282840641373,0.5142539033843689,0.031217209086145396,0.048919155646514126,0.21983065244979152,0.8159508418949619,0.38375589489762024,0.38305661319036544,0.3569463337559339,0.31984511814561833
0.10351233732957749,0.039421747387627215,0.0,0.0,0.0,0.0,0.20410846978171407,0.16693301378008513,0.0,0.0,0.0,0.0,0.33598957403970836,0.0,0.0,0.3112479140181881,0.12740585311431973,0.2259648055166264,0.0,0.0,0.11699455471647127,0.05396174928799521,0.0,0.0,0.0761975752019466,0.0,0.0,0.11397151010308323,0.042731177961593585,0.019172140172659217,0.28557674046490944,0.4375267102546143,0.10188132065070023,0.3502623118508311,0.0,0.09228888521726883,0.3907192198850628,0.12578307319874266,0.31600055671842264,0.17582343516764917,0.0,0.0,0.5489319550813795,0.3717262835238474,0.0,0.08749821060919664,0.0,0.0,0.15674042516444678,0.0,0.0,0.12102274604050786,0.0,0.0,0.07039784477372102,0.008171856525333936,0.0,0.17632438161327252,0.17914299792980753,0.0,0.0,0.08224754674774819,0.0,0.0,0.0,0.26689824003615203,0.0,0.0,0.0,0.11847314439756443,0.0,0.0,0.034759220902593396,0.05645860918384697,0.0,0.0
0.0,0.0,0.40029272817741846,0.0,0.0,0.23288805836577692,0.0,0.0,0.3213820589491711,0.0,0.2762364760324249,0.05355197512252449,0.0,0.1498050938847109,0.10772699579871653,0.0,0.0,0.0,0.5953724541214271,0.3394371154906131,0.0,0.0,0.0,0.1800050750006421,0.0,0.0,0.49891254173945015,0.20313322246118545,0.0,0.0,0.0,0.0,0.0,0.0,0.3422845857830845,0.0,0.0,0.2751772826455092,0.0,0.0,0.3103744207251062,0.5376345781558715,0.0,0.0,0.34284997013904606,0.0,0.0,0.5655477764865724,0.7305247491273932,0.8821889688462573,0.07925903394615227,0.24712104192260934,0.0,0.2990730356763809,0.0,0.2554150664776739,0.0,0.053360086076594926,0.021697602948740943,0.2335431782375571,0.0,0.0,0.0,0.49856669084075367,0.46169066822238586,0.0,0.3684372902392611,0.14581752769003786,0.11156488556386351,0.0,0.0,0.49520295043708873,0.6485125137263612,0.0639856067242545,0.2738884249763817,0.4068816510142759
0.4565426119383087,0.42995250471301555,0.5513968376249454,0.0,0.23288805836577692,0.0,0.47704470200728544,0.5772428984688907,0.646639958662076,0.1013528850389486,0.5522170279555082,0.3522512568384507,0.4962091556805525,0.2027219934136844,0.36006683312562865,0.42869021062572016,0.23037677441729668,0.2626508227150346,0.37491639896111867,0.4965959172528694,0.4871107428569812,0.5683013535750137,0.7799669128737529,0.05132034243112843,0.4343817832582372,0.21195477669483306,0.6409392817962314,0.3408839323873939,0.6900370483288193,0.6269612542920039,0.4292480031721881,0.1125810305983744,0.4352512126619748,0.31087271943688416,0.0,0.04934251182998967,0.0,0.05226251725160329,0.0,0.39702733527548006,0.34720865005374385,0.0,0.07903376211341553,0.033085169736972966,0.04249125787231784,0.5043838573344843,0.355222252097715,0.5956600139449562,0.0,0.24903830961057813,0.7994773864956005,0.5373923035236838,0.6469338289513905,0.5975594417321448,0.2892703420741852,0.5519874550352518,0.15169046347958112,0.6454383732295789,0.12067943757315931,0.4609544877468765,0.3426858369756637,0.374705207526964,0.19328223932445324,0.38165981171897584,0.5623222410574842,0.3224443141501864,0.3444649291342789,0.7573053762100976,0.08909486400413041,0.4556532989788432,0.2096733601015725,0.564923346348363,0.2893467259532095,0.5185104471791144,0.27957668242841693,0.23461026048219882
0.526155663757929,0.24540934896225783,0.4673782928602189,0.20410846978171407,0.0,0.47704470200728544,0.0,0.6137691492461167,0.6583385683514711,0.48875613719406974,0.7650359845734122,0.2940618828093125,0.783135895489418,0.0,0.052027194229954575,0.6216610262462031,0.571606581249503,0.4269125151473476,0.15750549661679722,0.24361251623871774,0.5120115709517038,0.5699790739695892,0.5082283828876717,0.0,0.24602933222782214,0.33818564330448614,0.4266351979423688,0.6673596347775977,0.6778407371634659,0.6316555157836535,0.7451796364194276,0.1727959755925678,0.3649216274670435,0.5108118866647563,0.0,0.008973393061643542,0.15320774610314764,0.0,0.0,0.4146454471154599,0.16322345600838228,0.0,0.22173929684244947,0.0,0.0,0.49717271135113783,0.5215546241964991,0.2838965069875351,0.0,0.20077446874903018,0.39497099906106314,0.7697276952544817,0.5415259256872819,0.7477512676342832,0.6258208639754813,0.8383151621268735,0.15375441180215094,0.5931173245930241,0.4947975445843389,0.09646689889389261,0.4875517490647266,0.5279787683968464,0.23462672498327394,0.1626411425544125,0.40755246120511085,0.2792357852820163,0.2845714894191785,0.4266713056939868,0.0,0.5248128089186722,0.29422831582920117,0.3198197992898754,0.0,0.3766572573931858,0.049854788399713634,0.001667844945102256
0.45532454833680275,0.546592178704576,0.2830502529262264,0.16693301378008513,0.0,0.5772428984688907,0.6137691492461167,0.0,0.37183324630251197,0.3854641924035248,0.494204886452327,0.4959409750002346,0.7085414394980731,0.1144511704716052,0.009363631351903162,0.5408324750393315,0.43885226155419327,0.43167161095505235,0.0,0.029374773015930677,0.555178114138903,0.38587545123955086,0.8333199118476776,0.0,0.45830721439724037,0.3739327314875414,0.11423527436977114,0.23607430477782387,0.49527171699902894,0.5820512950987006,0.674606942459355,0.3599894886404462,0.49430927178596035,0.47897627194135306,0.0,0.10230042095011621,0.09495863689440365,0.0,0.0,0.4707155525585115,0.04722605360377023,0.0,0.3436222290451846,0.011515150833602637,0.0,0.480440876948137,0.5593397244376378,0.1438093229042958,0.0,0.0,0.6315215796480635,0.5368767376777257,0.827412662887985,0.5292961313732288,0.6528913038734185,0.5446406461660352,0.49095309723996156,0.5293284746510243,0.3411340025650054,0.0,0.15687734358359265,0.5672875285697874,0.05985065981242758,0.043166812348317055,0.1313476187307898,0.37162462692876935,0.0,0.5940940685726549,0.0,0.5934388650661295,0.4780777729555636,0.10059192942686954,0.0,0.21732890106390906,0.0488590990653016,0.0
0.5657581048890022,0.09361414310380992,0.7823661381803014,0.0,0.3213820589491711,0.646639958662076,0.6583385683514711,0.37183324630251197,0.0,0.16242330269632002,0.8768307685208682,0.3630025902153507,0.4707698178500324,0.3222369569216998,0.45010253084947466,0.367161956339992,0.25549580349244155,0.08008124151670352,0.6618396526063385,0.5816305900842509,0.2788865437202806,0.6041363369340491,0.5769657851015352,0.0,0.19971296845359854,0.3610547532893505,0.8492502098802361,0.4739964794254032,0.6671921610498328,0.5805510663730442,0.4112681455143382,0.0,0.34095001651157264,0.2669125158071029,0.0,0.0,0.0,0.05074968438853808,0.0,0.3392535032832859,0.333317519464075,0.0,0.0,0.0,0.0,0.5794259417660969,0.3901192892556346,0.7624756134263704,0.0,0.4552168000823787,0.6511080911440584,0.7815741655472936,0.562589166986502,0.9579773770966311,0.3719737657249063,0.8490633580882009,0.09995703552555964,0.6065200273282604,0.37433895620977486,0.5226069320124039,0.5359636618021172,0.45593124455187883,0.31441613988033984,0.5780643433134907,0.7987189123479866,0.22311251243583952,0.6208260855211781,0.7069508713162433,0.016820837895849313,0.3949773184898849,0.4240518346834186,0.8415100630324412,0.3005359479830363,0.6299481196783776,0.2081362985280547,0.2956737493930354
0.24556085438382827,0.459397940458053,0.039639460937690996,0.0,0.0,0.1013528850389486,0.48875613719406974,0.3854641924035248,0.16242330269632002,0.0,0.282514368926042,0.5159431346439615,0.40483775955941087,0.2376439617696005,0.0,0.24434778954561684,0.6626265754979154,0.4573376568819762,0.0,0.0,0.38806343559450623,0.08479879120168933,0.28055629823745365,0.24331599723650718,0.4501255415459128,0.6014540175038068,0.0,0.3267851226733927,0.18124093755721965,0.22766212569728056,0.4443974679906435,0.20174381199344546,0.06624550559457983,0.24367745971801724,0.0,0.3224427264271616,0.41970961142486424,0.0,0.0,0.13702977654826054,0.0,0.0,0.03633754124535134,0.0,0.0,0.23395144229661216,0.4834372079180144,0.0,0.0,0.0,0.10584983567700257,0.1682050385213904,0.2537617073103502,0.1972063468382248,0.70755235571542,0.1883048267268057,0.48897581560828624,0.1322599709737632,0.4125086715039806,0.0,0.12495760998081847,0.49656513682302267,0.27160022541580375,0.0,0.0,0.14909798724140427,0.0,0.12956588084863702,0.22533721625466774,0.4573971706136592,0.4235476567610667,0.0,0.0,0.0,0.0,0.0
0.48805875079307953,0.041621394420382596,0.8814534176478048,0.0,0.2762364760324249,0.5522170279555082,0.7650359845734122,0.494204886452327,0.8768307685208682,0.282514368926042,0.0,0.467000283797803,0.500254814243819,0.2651967056018325,0.36823855049089105,0.44728513265897424,0.32171877069356547,0.15336177145158528,0.7201819641806654,0.5064659059404815,0.2756894220771547,0.6053746205145195,0.560578377855553,0.0,0.11673646152266098,0.30697932154806684,0.7807114252103455,0.5935177996199114,0.5633503587629115,0.5854940279506394,0.48238806815655544,0.0,0.2207853867226067,0.37626962197304753,0.0,0.0,0.0,0.0,0.0,0.17006912484828154,0.3048648327887208,0.0,0.0,0.0,0.0,0.4230609584446165,0.31432220771484415,0.7481529296033559,0.0,0.3754654183702667,0.5656622336684939,0.7702891832031489,0.6157828786365478,0.9055622850517682,0.3335617658837315,0.9410413659843709,0.17066910926283757,0.5088072820889411,0.5279425153920144,0.3798387247930338,0.3960391760802585,0.32821282092042303,0.12734270458599667,0.6846556895708079,0.6804500904682104,0.05514219375169086,0.4674599718654748,0.6010989457890951,0.0,0.2989528868673969,0.32764123997771044,0.7341249003877758,0.20297196996988606,0.4552268710430517,0.3121730019501472,0.25836643596508785
0.0,0.18187146749806896,0.4971062435991438,0.0,0.05355197512252449,0.3522512568384507,0.2940618828093125,0.4959409750002346,0.3630025902153507,0.5159431346439615,0.467000283797803,0.0,0.2988383690516927,0.3687372583967008,0.28948833607553487,0.0,0.2867333494250569,0.0,0.2853764333685766,0.34228000581025086,0.12063937472239156,0.15601101787353852,0.4946391259748044,0.5443951152300246,0.0,0.5414265532830673,0.3632580194012461,0.4115121847202223,0.07445185958017762,0.4164197249921883,0.245903755048104,0.0,0.0,0.13199346967250128,0.0,0.29377922620717706,0.14010718688190882,0.0,0.0,0.06733605157583325,0.17590561231614602,0.0,0.0,0.0,0.0,0.0,0.32904096385002196,0.24974989249485757,0.0,0.0370370364237436,0.27978381702074867,0.17700742916430875,0.46581385956647364,0.41002127604198946,0.26958722426829473,0.39857748140364835,0.5851932545167987,0.16486300024149012,0.42964634518589867,0.3284616449214028,0.0,0.1460367893827471,0.0,0.36264949298671056,0.3684732424040759,0.0,0.19772967085633672,0.3422849237019784,0.49621804105251915,0.041437587855540935,0.3628686707447717,0.30579263151302627,0.0,0.0,0.14079390872994083,0.03310249901656278
0.6728144308932955,0.5414768956300934,0.27505359394629464,0.33598957403970836,0.0,0.4962091556805525,0.783135895489418,0.7085414394980731,0.4707698178500324,0.40483775955941087,0.500254814243819,0.2988383690516927,0.0,0.0,0.24617275622344514,0.6789619446980225,0.5960051938171523,0.5769273873483505,0.0,0.31940367159030997,0.6349315615591886,0.6560808726638038,0.5998113310089737,0.0,0.4404503584882978,0.41599180775793076,0.27283444663608886,0.6136844320458478,0.7091873527121263,0.742171269309733,0.9201803392130532,0.4983613313804921,0.4402162974252482,0.5639131187715379,0.0,0.28810330731235007,0.3779201540615691,0.0,0.0,0.5545913407072314,0.17579853708111232,0.0,0.45104293662948425,0.1379757170562419,0.0,0.6388837601970816,0.6291365086693523,0.02362009258116163,0.0,0.0,0.49026173857339406,0.6332435558863427,0.551303500460227,0.5840612224404854,0.6961387164353923,0.5564607779966416,0.18120925693204082,0.7035650786751098,0.3278546442808959,0.21537635783530598,0.47276126876667246,0.686054995632598,0.2840660757481933,0.0,0.3423010338651103,0.5000808489843253,0.25037409498069524,0.43314873021146827,0.0,0.621535576841866,0.40332284137410146,0.20616091754881177,0.0,0.4032505452563251,0.0,0.0
0.0,0.09130959009163694,0.30962827377997637,0.0,0.1498050938847109,0.2027219934136844,0.0,0.1144511704716052,0.3222369569216998,0.2376439617696005,0.2651967056018325,0.3687372583967008,0.0,0.0,0.3109811606781326,0.0,0.0,0.0,0.31158052562371363,0.1887792387573288,0.0,0.0,0.3016338947034586,0.22404446597303665,0.09597607933328796,0.15514830175551053,0.27920959714189436,0.0,0.03852209241276684,0.04414745265199195,0.0,0.0,0.0,0.0,0.0,0.11720455731086127,0.0,0.0,0.0,0.0,0.0,0.07477464601425156,0.0,0.0,0.0,0.0,0.1221367385133083,0.1779812742341817,0.0,0.07118692349937995,0.17699805760274023,0.0,0.2020286307153225,0.23622690724849058,0.10856982941116974,0.09653012103312884,0.260212289391308,0.0,0.2663804369887404,0.22747391321011023,0.0,0.022186967220706587,0.0,0.28458301475001296,0.1065185355278864,0.0,0.04205079201673847,0.2796974470739945,0.11215045836745642,0.0220214138579472,0.03270987171151489,0.3112438032319406,0.0,0.0,0.0,0.0
0.34149679672814287,0.16999662243494382,0.5546900090328325,0.0,0.10772699579871653,0.36006683312562865,0.052027194229954575,0.009363631351903162,0.45010253084947466,0.0,0.36823855049089105,0.28948833607553487,0.24617275622344514,0.3109811606781326,0.0,0.05818208796065809,0.0,0.0,0.4866229953489881,0.8236192347426947,0.033379570547719485,0.6470132684001934,0.21910447966407975,0.10663732103252282,0.1689182451456785,0.2388788841316031,0.677880518427399,0.26847315259428073,0.38944586396672376,0.5585518832762982,0.2540389083688135,0.0,0.0,0.0,0.0,0.25137492307953224,0.0,0.0,0.0,0.0,0.22513939189681736,0.0,0.0,0.0,0.0,0.24247092973058895,0.17738655440583753,0.3706072580111349,0.0,0.0,0.31443694969971825,0.17672220101956326,0.032068464101916036,0.35057541240219137,0.0,0.21052464829118406,0.0,0.1563999058987226,0.1479146667883953,0.8753251161729478,0.2520063842269608,0.1077922612731118,0.1108650882770247,0.46368428403219086,0.6814715866165881,0.0,0.6702398558560669,0.2386840815583373,0.04465424694806431,0.09743951404725472,0.14587624121060846,0.6781854293461255,0.30685420413987446,0.4190370057773141,0.10253809859972465,0.31954877424456013
0.7548630167135925,0.37818321369154345,0.31349942728210206,0.3112479140181881,0.0,0.42869021062572016,0.6216610262462031,0.5408324750393315,0.367161956339992,0.24434778954561684,0.44728513265897424,0.0,0.6789619446980225,0.0,0.05818208796065809,0.0,0.6172584312995424,0.7832549610298117,0.03824027549800636,0.13744894395209825,0.7151054511185968,0.6982924301122178,0.41912974353470467,0.0,0.5601442215712689,0.2723984842118358,0.3063497698821532,0.48357005653135904,0.7172575727789098,0.6139105880771856,0.7906069607684051,0.40211103608501253,0.5908600220970702,0.6665077554748547,0.0,0.0,0.12349628199593535,0.0,0.11099940308277627,0.5406510140485404,0.24413542350940784,0.0,0.39131526049450094,0.1503703535283343,0.0,0.7090203513038823,0.3274013525470506,0.2401697553945026,0.0,0.0,0.421037906653168,0.6454076434210393,0.4859902759113095,0.489758966472883,0.5223442463662424,0.5051742439640149,0.0,0.4974497266583098,0.08301791745995704,0.02808144233439553,0.6286077899974458,0.5745582917184172,0.47774120977903334,0.03539250078954795,0.25720952249990314,0.4649649673893581,0.17397853971329105,0.31132289633826105,0.0,0.5767496677275117,0.40699944071676886,0.22546615510924486,0.0,0.5668269183747002,0.20932604160077525,0.15993543966777307
0.45966778084918153,0.47027150348933183,0.13355230349951114,0.12740585311431973,0.0,0.23037677441729668,0.571606581249503,0.43885226155419327,0.25549580349244155,0.6626265754979154,0.32171877069356547,0.2867333494250569,0.5960051938171523,0.0,0.0,0.6172584312995424,0.0,0.6209102109255603,0.0,0.054019373916031774,0.5332373685603391,0.325257135516369,0.28484647198270335,0.04527161174339887,0.4001575163863067,0.6019498062463885,0.13501407413876668,0.5040140813542084,0.3339693456657113,0.3421689568758132,0.601320620921908,0.35094819599153104,0.3533456038228906,0.4541666125327364,0.0,0.05519020710375673,0.36031684644317513,0.0,0.07087872679945112,0.3550083514047879,0.07237118559824221,0.0,0.21756765301148395,0.0,0.0,0.41407060366053966,0.3081483655715032,0.010756154710471609,0.0,0.0,0.12764709634118385,0.4192320553532843,0.3203891593464449,0.31487134041879206,0.6417262678743175,0.3593147325536529,0.31968825064743833,0.31708959176406704,0.26626644896778384,0.0,0.2995089672578318,0.5966516100204986,0.3931508520670064,0.0,0.08076526023459676,0.24068223211866033,0.06636138012109113,0.13344310744352217,0.06707604922573142,0.4090008843703337,0.3919216968323086,0.0,0.0,0.0612779528666631,0.0,0.0
0.6000606958640267,0.4489238856957356,0.0,0.2259648055166264,0.0,0.2626508227150346,0.4269125151473476,0.43167161095505235,0.08008124151670352,0.4573376568819762,0.15336177145158528,0.0,0.5769273873483505,0.0,0.0,0.7832549610298117,0.6209102109255603,0.0,0.0,0.0,0.7024424960294324,0.435500988844394,0.2927095878949788,0.0,0.6628680651906828,0.2893122344127554,0.03360198503813969,0.3225503059505825,0.545992398297181,0.47407855467210896,0.7374986080404669,0.5975257723107119,0.4422981562972182,0.6106641604102704,0.0,0.06593769444487153,0.3348199911499016,0.0,0.23359827634503216,0.45010277352658007,0.15647310678365145,0.0,0.4226660237933432,0.2180686401827667,0.0,0.582814241402669,0.3523733220328859,0.0,0.0,0.0,0.28509547469843544,0.33533336856008505,0.21227652198468297,0.20405241474897304,0.6040803034261503,0.1791507503936902,0.03465179745708203,0.31305605569504225,0.06582719240388307,0.0,0.5742696404621389,0.5885862284886738,0.6055740643851081,0.0,0.0,0.5147504604391958,0.05274659879363411,0.11500952720269196,0.0,0.6372068536068839,0.3849105295873144,0.0,0.0,0.4188003497547863,0.0451045733317751,0.052256145426529094
0.09849289177858588,0.0,0.8441962890994767,0.0,0.5953724541214271,0.37491639896111867,0.15750549661679722,0.0,0.6618396526063385,0.0,0.7201819641806654,0.2853764333685766,0.0,0.31158052562371363,0.4866229953489881,0.03824027549800636,0.0,0.0,0.0,0.6259775502025625,0.0,0.39383831348789533,0.21150496254600099,0.2721264076905035,0.0,0.07553655496450701,0.8232022055825264,0.3397487066066822,0.1309367285994855,0.2294656555093267,0.0,0.0,0.0,0.07377102377526722,0.10605370384627964,0.0,0.0,0.08217308001551268,0.0,0.0,0.3651272083180518,0.4452011783077862,0.0,0.0,0.18074071854609128,0.0022632095495419857,0.0,0.8477782801865702,0.19204816168838834,0.5438492837052618,0.32329796158449275,0.34787372856439636,0.1927585532012514,0.5796621964740076,0.0,0.5439152052734919,0.0,0.13994274856785352,0.2518673799395372,0.5257887820184343,0.1507083899160088,0.0,0.0,0.9156601881954806,0.6865469937722225,0.0,0.580108548506857,0.38000725807430547,0.10295173235304282,0.0,0.07380526288913908,0.7958443902489081,0.5962872398431646,0.2893707638118,0.41328784264983087,0.5339385312000182
0.32920044436217694,0.1839765899024317,0.6762856514800408,0.0,0.3394371154906131,0.4965959172528694,0.24361251623871774,0.029374773015930677,0.5816305900842509,0.0,0.5064659059404815,0.34228000581025086,0.31940367159030997,0.1887792387573288,0.8236192347426947,0.13744894395209825,0.054019373916031774,0.0,0.6259775502025625,0.0,0.08036621275387588,0.7823758897993054,0.21110344568204523,0.14441771308216445,0.05980465568691636,0.30423201478639983,0.8335121272214207,0.5547685611952488,0.4663682388733481,0.6551179375798138,0.3785838573213082,0.0,0.0,0.09924814236907704,0.0,0.24759315858180242,0.03378114637431621,0.0,0.0,0.0,0.26047391646045265,0.0,0.0,0.0,0.0,0.1565065112394813,0.1654840087699874,0.4746410316085208,0.04026191719126825,0.18298240416714162,0.2698738892317315,0.3130828113344272,0.10897872796238335,0.47267109698463694,0.0,0.3811395805971996,0.0,0.23605697115346294,0.22241042845440157,0.7961789971827182,0.26775475561411327,0.048323767554428576,0.0,0.5682832187365797,0.839300210823226,0.0,0.7723205108343435,0.2675095249077533,0.05007387621306503,0.04057338397387619,0.07546384981274692,0.7352522983255776,0.4424276498992607,0.32301775727926896,0.16322200944500911,0.3676748943049544
0.6026778017499198,0.5379489826202889,0.04844751588733055,0.11699455471647127,0.0,0.4871107428569812,0.5120115709517038,0.555178114138903,0.2788865437202806,0.38806343559450623,0.2756894220771547,0.12063937472239156,0.6349315615591886,0.0,0.033379570547719485,0.7151054511185968,0.5332373685603391,0.7024424960294324,0.0,0.08036621275387588,0.0,0.5350158043385431,0.501334226246576,0.0,0.6112180936725947,0.4253096729833104,0.147654187444383,0.3213603806575383,0.5940465358493979,0.4863784513693263,0.6715303789393989,0.5621718655322672,0.5646750199086832,0.5559246793650282,0.0,0.02246770440009397,0.25839288799859816,0.02013395948889763,0.2952083599107479,0.6886878595860781,0.26620339812742727,0.0,0.33695904405522553,0.17684402780774033,0.0,0.6363850054347819,0.5520503536569532,0.0707720003723938,0.0,0.0,0.4442012404660026,0.438404083775813,0.4084342316984437,0.35519273993578515,0.6249451834740802,0.3992462691964726,0.0798259839591445,0.432770590766337,0.024248196423297643,0.08506672090663571,0.5562270693874091,0.6751461104334202,0.5194241964378009,0.0,0.2420256381556603,0.6392537043696929,0.21908516426753066,0.35751096589150977,0.05038581305706261,0.7168062826195863,0.533913626062899,0.12360567894033632,0.0,0.4541048502055463,0.07878251010262412,0.17275376990050056
0.7097498792933177,0.3816757526812072,0.6029805232601865,0.05396174928799521,0.0,0.5683013535750137,0.5699790739695892,0.38587545123955086,0.6041363369340491,0.08479879120168933,0.6053746205145195,0.15601101787353852,0.6560808726638038,0.0,0.6470132684001934,0.6982924301122178,0.325257135516369,0.435500988844394,0.39383831348789533,0.7823758897993054,0.5350158043385431,0.0,0.42354334176844105,0.0,0.40256908971183847,0.3267454894672379,0.6962269747090414,0.6029353204465173,0.827496057846492,0.8378006869792703,0.802386477979893,0.1574514495932898,0.28900753476423446,0.5462382779497191,0.0,0.1301917267168423,0.08383998623138011,0.0,0.0,0.3674449221861547,0.29227375925943533,0.0,0.2048738375316681,0.09875031979907649,0.0,0.6178535762916185,0.42480081154955096,0.44132230992411303,0.0,0.0,0.4545843844049493,0.603804494718002,0.353218865392577,0.613597656201253,0.36210463881959526,0.5848279153097333,0.0,0.4873117418746625,0.21269487029376305,0.603741435644978,0.6330212792301538,0.4365976854115827,0.31453878558508547,0.3676004375215545,0.7209142185159348,0.3325240251587803,0.6646289517063255,0.39102867447284084,0.0,0.46475430581179195,0.3721203641483794,0.6072551700644311,0.2617116959457661,0.6301631522521682,0.21366760416029257,0.322899732624486
0.49877912839088206,0.5113083246163179,0.4843758254556075,0.0,0.0,0.7799669128737529,0.5082283828876717,0.8333199118476776,0.5769657851015352,0.28055629823745365,0.560578377855553,0.4946391259748044,0.5998113310089737,0.3016338947034586,0.21910447966407975,0.41912974353470467,0.28484647198270335,0.2927095878949788,0.21150496254600099,0.21110344568204523,0.501334226246576,0.42354334176844105,0.0,0.044125880941462435,0.47908154295343697,0.4111267231322317,0.368475445509643,0.21040078682676125,0.5493780481785789,0.5974176035397424,0.5200848931898726,0.2125758768749329,0.4955138668132693,0.3543763185140655,0.0,0.03605128758054871,0.0,0.0,0.0,0.4576070650650966,0.1863330399442141,0.0,0.14888200169481336,0.0,0.0,0.5433134254505559,0.5951057308581492,0.40398338010126567,0.0,0.0241217656819629,0.8376322898500854,0.5896059940818046,0.8767919590363654,0.6467919600226251,0.5580140585620926,0.5676987465407927,0.3917180149986629,0.5959923366184126,0.3448092510153585,0.25237342952823477,0.2677107067046223,0.5123151995702455,0.13712233802151888,0.23976233144776496,0.3764027813204172,0.43399622750442096,0.15922775707503362,0.8725106589664983,0.0905950778296907,0.5893872525857932,0.5501839354516679,0.42886694825613425,0.0,0.39523174839124936,0.13431878138187892,0.0
0.0,0.0,0.12629852572942754,0.0,0.1800050750006421,0.05132034243112843,0.0,0.0,0.0,0.24331599723650718,0.0,0.5443951152300246,0.0,0.22404446597303665,0.10663732103252282,0.0,0.04527161174339887,0.0,0.2721264076905035,0.14441771308216445,0.0,0.0,0.044125880941462435,0.0,0.0,0.30461366302862514,0.0928127648996274,0.08736878560653606,0.0,0.0,0.0,0.0,0.0,0.0,0.25823149836504755,0.21779174501824267,0.06751703632419967,0.12379848739165877,0.164101825862471,0.0,0.2706379488152234,0.4419076625488904,0.0,0.0,0.32170637351171366,0.0,0.0,0.17255108974898872,0.17755602163598302,0.13960432983826557,0.0,0.0,0.0,0.0,0.0,0.0,0.3500859451408794,0.0,0.0,0.21119405502364094,0.0,0.0,0.0,0.3527045449494891,0.14492033400680418,0.0,0.1565820092200847,0.02722908757993132,0.8205084540433327,0.0,0.0736108976074354,0.0,0.24797493762989412,0.0,0.17808960197304774,0.3634173002253774
0.6824770267189193,0.7130318697910024,0.0,0.0761975752019466,0.0,0.4343817832582372,0.24602933222782214,0.45830721439724037,0.19971296845359854,0.4501255415459128,0.11673646152266098,0.0,0.4404503584882978,0.09597607933328796,0.1689182451456785,0.5601442215712689,0.4001575163863067,0.6628680651906828,0.0,0.05980465568691636,0.6112180936725947,0.40256908971183847,0.47908154295343697,0.0,0.0,0.3861606092374198,0.14621249400027234,0.0,0.5723836611482981,0.37144529708585083,0.5017951065446205,0.3795582204054072,0.4108766080275424,0.3510193995497937,0.0,0.10409432423633966,0.11963204161879491,0.0,0.11087557198358848,0.4005502638318133,0.0,0.0,0.2389279798746205,0.03361971380451189,0.0,0.6586891399501538,0.45990480093120567,0.0,0.0,0.0,0.47764499627552726,0.2760713454489496,0.3092632231106443,0.20042971931644285,0.6384008256368372,0.09388318347898143,0.0,0.29281889553458,0.0,0.09215903020768272,0.42684698593169634,0.5993075745321051,0.5133898041261178,0.0,0.0,0.5501158880268232,0.0,0.30471872084053037,0.0,0.7922338175929861,0.42529740990632336,0.15416294833443858,0.0,0.4788988076723275,0.0,0.0
0.393879371016005,0.5255806806779973,0.26951393431134874,0.0,0.0,0.21195477669483306,0.33818564330448614,0.3739327314875414,0.3610547532893505,0.6014540175038068,0.30697932154806684,0.5414265532830673,0.41599180775793076,0.15514830175551053,0.2388788841316031,0.2723984842118358,0.6019498062463885,0.2893122344127554,0.07553655496450701,0.30423201478639983,0.4253096729833104,0.3267454894672379,0.4111267231322317,0.30461366302862514,0.3861606092374198,0.0,0.30571513458514465,0.3393293974121245,0.25134557639997,0.36781568236447876,0.37339153333075215,0.07177293761600342,0.20954900095723816,0.19137215091884033,0.0,0.05444379750941611,0.17282668141033866,0.0,0.0,0.22917334877927645,0.0,0.0,0.0,0.0,0.0,0.24176460251119222,0.5659715821691441,0.0077359197801163855,0.0,0.0,0.16094135904200782,0.27478888944324253,0.25555652400859885,0.3503387561640948,0.5616116286881204,0.2346355293630232,0.3766643817663453,0.16657004045056714,0.24124372783972797,0.27221960504519493,0.2552534836310676,0.4389730952208185,0.24708870775116634,0.052929845434281905,0.2967877293596411,0.07601336747272973,0.3473851263818618,0.1906141972083916,0.32141115399755543,0.39286094314309783,0.6433808335612233,0.20781713471336122,0.0,0.0,0.0,0.0
0.4440876592510355,0.0,0.9154631955058748,0.0,0.49891254173945015,0.6409392817962314,0.4266351979423688,0.11423527436977114,0.8492502098802361,0.0,0.7807114252103455,0.3632580194012461,0.27283444663608886,0.27920959714189436,0.677880518427399,0.3063497698821532,0.13501407413876668,0.03360198503813969,0.8232022055825264,0.8335121272214207,0.147654187444383,0.6962269747090414,0.368475445509643,0.0928127648996274,0.14621249400027234,0.30571513458514465,0.0,0.5342199185476414,0.571885950085019,0.5985337230400566,0.2935860893852543,0.0,0.13451119681796983,0.14019369098725323,0.0,0.0,0.0,0.0,0.0,0.1374546850806174,0.40025020331188993,0.054923373856836405,0.0,0.0,0.05115221742168002,0.36736022424852816,0.11657883319168386,0.8141154188768437,0.03345160840127545,0.4535349390099741,0.4688676562405953,0.5813541852386003,0.2961123159875637,0.749667076938928,0.07679270507224832,0.6742878690730874,0.0,0.32312328307614935,0.24306169786685627,0.7061379546792879,0.4633857500771661,0.1794555265549054,0.2205459409156198,0.6978594951099927,0.8712302102615752,0.0,0.75213880823963,0.48165457631170566,0.03630277542451883,0.15284964358499634,0.1845391750332102,0.939607481227884,0.5010507804591188,0.5403064937929313,0.32846851074933286,0.471097768966678
0.311021904803306,0.08080801506898898,0.5183458594830103,0.11397151010308323,0.20313322246118545,0.3408839323873939,0.6673596347775977,0.23607430477782387,0.4739964794254032,0.3267851226733927,0.5935177996199114,0.4115121847202223,0.6136844320458478,0.0,0.26847315259428073,0.48357005653135904,0.5040140813542084,0.3225503059505825,0.3397487066066822,0.5547685611952488,0.3213603806575383,0.6029353204465173,0.21040078682676125,0.08736878560653606,0.0,0.3393293974121245,0.5342199185476414,0.0,0.4019763540966122,0.5780106880208131,0.6252977329119935,0.11927509212878579,0.10201171797876281,0.4888114223909677,0.0,0.26243552008228616,0.40291344994045325,0.0,0.0,0.33591849717974964,0.3801718303049058,0.0,0.24816866047353853,0.16498437640909716,0.0,0.19902247226260172,0.24409996006870252,0.31942468806346264,0.0,0.20155778124348456,0.16995323360809567,0.5031268605297485,0.22261987978571413,0.5030643661933288,0.23793476076433,0.5724257594358636,0.06419386741672996,0.3367789007285828,0.3732010104958362,0.3105325392219234,0.36452249616818777,0.2286118466014538,0.1898130353120214,0.40857376397829764,0.5745371427861373,0.0,0.5195072263734242,0.19888754391644012,0.02980736857227922,0.1304682868525089,0.1257049102712337,0.35024067148317173,0.3221794020816477,0.21175770153038762,0.2242537586619933,0.3957159720019211
0.8020831683872753,0.3972006494088805,0.43351026647579394,0.042731177961593585,0.0,0.6900370483288193,0.6778407371634659,0.49527171699902894,0.6671921610498328,0.18124093755721965,0.5633503587629115,0.07445185958017762,0.7091873527121263,0.03852209241276684,0.38944586396672376,0.7172575727789098,0.3339693456657113,0.545992398297181,0.1309367285994855,0.4663682388733481,0.5940465358493979,0.827496057846492,0.5493780481785789,0.0,0.5723836611482981,0.25134557639997,0.571885950085019,0.4019763540966122,0.0,0.7760314299948802,0.7830762187216578,0.20452533340285323,0.5016491126565407,0.4221988439582821,0.0,0.025558909947275756,0.0,0.0,0.0,0.563481270662473,0.17867296555592127,0.0,0.14113574617017632,0.0,0.0,0.8148127459924152,0.5070319571057218,0.3682992823885268,0.0,0.0,0.5976316013933408,0.6679514766106529,0.459184457914261,0.6612322721254124,0.5389906417804606,0.5514272733884114,0.0,0.6540435907815139,0.16135796887973214,0.39942344315487094,0.7046401490847762,0.5860405402662073,0.4781181394680374,0.07439162845404292,0.5202342734038778,0.553107396001733,0.4238094903930666,0.5221136655184379,0.0,0.7152830315411299,0.38046681545802513,0.574681984729938,0.011230050562531037,0.8203907753202762,0.05111539317375375,0.11081697666340486
0.6165211013205022,0.40842594928437315,0.542446546758074,0.019172140172659217,0.0,0.6269612542920039,0.6316555157836535,0.5820512950987006,0.5805510663730442,0.22766212569728056,0.5854940279506394,0.4164197249921883,0.742171269309733,0.04414745265199195,0.5585518832762982,0.6139105880771856,0.3421689568758132,0.47407855467210896,0.2294656555093267,0.6551179375798138,0.4863784513693263,0.8378006869792703,0.5974176035397424,0.0,0.37144529708585083,0.36781568236447876,0.5985337230400566,0.5780106880208131,0.7760314299948802,0.0,0.7809278947837429,0.24276787569896088,0.31351145070289343,0.43585650178789265,0.0,0.2478963886422414,0.14391495807914373,0.0,0.0,0.41724472582714695,0.3083622022210324,0.0,0.19230606749642667,0.013997774702960979,0.0,0.5521682081007111,0.5704216034324259,0.3321908181459979,0.0,0.0,0.5659559427474051,0.5365153952135759,0.5166917231413048,0.6023319309981066,0.46970461174526407,0.5598961194224523,0.133088240834179,0.5006950048294362,0.31770831853141884,0.5115161608414237,0.5093271564824429,0.46919956612582453,0.2348515217122858,0.25893376202362123,0.6123558132689078,0.2839237746420174,0.49909074276232557,0.507321409308166,0.0,0.4937284005166001,0.38168272022907834,0.5350084871550864,0.029236228787547735,0.5236288463084685,0.10328259470722725,0.1404773501195983
0.7327273269271566,0.5340474185332857,0.2806494770034939,0.28557674046490944,0.0,0.4292480031721881,0.7451796364194276,0.674606942459355,0.4112681455143382,0.4443974679906435,0.48238806815655544,0.245903755048104,0.9201803392130532,0.0,0.2540389083688135,0.7906069607684051,0.601320620921908,0.7374986080404669,0.0,0.3785838573213082,0.6715303789393989,0.802386477979893,0.5200848931898726,0.0,0.5017951065446205,0.37339153333075215,0.2935860893852543,0.6252977329119935,0.7830762187216578,0.7809278947837429,0.0,0.4936124821743618,0.3939117190157059,0.6164954903421506,0.0,0.28806436851783396,0.44599194740425757,0.0,0.0,0.5428231446582092,0.1494770883608675,0.0,0.5378985862023979,0.17948880231849632,0.0,0.6935693470078381,0.6821662865361168,0.052938609207097566,0.0,0.0,0.46029715509257196,0.6089073878632312,0.5111865210204325,0.5299804331175727,0.7121381078982164,0.5419852452233301,0.11678075474616197,0.6199263307118614,0.3711442621187696,0.18604242377693922,0.5797858389670152,0.7053194732398081,0.38900142489071693,0.0,0.3711844300280444,0.5029816364683593,0.2943761996480222,0.37072441962633773,0.0,0.7161971915014478,0.505141505923126,0.2603686725943908,0.0,0.5177878058879024,0.0,0.04291013307922687
0.24717163723316193,0.44363577646591906,0.0,0.4375267102546143,0.0,0.1125810305983744,0.1727959755925678,0.3599894886404462,0.0,0.20174381199344546,0.0,0.0,0.4983613313804921,0.0,0.0,0.40211103608501253,0.35094819599153104,0.5975257723107119,0.0,0.0,0.5621718655322672,0.1574514495932898,0.2125758768749329,0.0,0.3795582204054072,0.07177293761600342,0.0,0.11927509212878579,0.20452533340285323,0.24276787569896088,0.4936124821743618,0.0,0.4219057129805179,0.3938901116760136,0.0,0.29089002920592316,0.5630557620390145,0.05482567604563525,0.7093151349593521,0.558800545253193,0.13006456286960089,0.0,0.7419192107424238,0.5724623564482801,0.0,0.30503998448080005,0.4015263850153985,0.0,0.0,0.0,0.1495263290676146,0.06497976815499096,0.17463175573592404,0.0,0.43292544541526706,0.0,0.09810773531101405,0.3333105619681618,0.0,0.0,0.2682152728060371,0.4826436790276559,0.3839542704714668,0.0,0.0,0.5422699550045994,0.0,0.09391447716223152,0.06985071812150315,0.46021781248963706,0.2217094973044157,0.0,0.0,0.11858059184848026,0.0,0.0
0.5759328236640386,0.2834063749457551,0.08153892871039634,0.10188132065070023,0.0,0.4352512126619748,0.3649216274670435,0.49430927178596035,0.34095001651157264,0.06624550559457983,0.2207853867226067,0.0,0.4402162974252482,0.0,0.0,0.5908600220970702,0.3533456038228906,0.4422981562972182,0.0,0.0,0.5646750199086832,0.28900753476423446,0.4955138668132693,0.0,0.4108766080275424,0.20954900095723816,0.13451119681796983,0.10201171797876281,0.5016491126565407,0.31351145070289343,0.3939117190157059,0.4219057129805179,0.0,0.46102137277151245,0.0,0.0,0.0,0.1755141589342088,0.28532432822592263,0.7267463522615901,0.3034044175888771,0.0,0.21464418539993824,0.04988883987699667,0.006922988349949823,0.6743075395088294,0.37986468020632536,0.24707022443012067,0.0,0.10044572448911959,0.5041400545090773,0.5346243917029233,0.552969563219367,0.4403970781555344,0.4617352799682265,0.36189101328787093,0.0,0.5487491342457553,0.0,0.0,0.6112995914317368,0.5575043651507003,0.5250335416367273,0.0,0.18004985380973085,0.5586160268485217,0.08161890205241729,0.532081874937406,0.04613999717751189,0.6049977707522913,0.5167745268228592,0.17584793425665313,0.03638335933020972,0.5585965949208843,0.1895865677241217,0.14487148729301302
0.5117823722808541,0.2457339672658393,0.1732749852101651,0.3502623118508311,0.0,0.31087271943688416,0.5108118866647563,0.47897627194135306,0.2669125158071029,0.24367745971801724,0.37626962197304753,0.13199346967250128,0.5639131187715379,0.0,0.0,0.6665077554748547,0.4541666125327364,0.6106641604102704,0.07377102377526722,0.09924814236907704,0.5559246793650282,0.5462382779497191,0.3543763185140655,0.0,0.3510193995497937,0.19137215091884033,0.14019369098725323,0.4888114223909677,0.4221988439582821,0.43585650178789265,0.6164954903421506,0.3938901116760136,0.46102137277151245,0.0,0.0,0.04693616067338042,0.2580862717546462,0.07031665126570195,0.22891287603298519,0.5174360688545973,0.471029319271155,0.0,0.4382338055423582,0.28385031255063126,0.0,0.4388255858024109,0.32348201979472696,0.27049643281040403,0.0,0.030671534652204728,0.46659770577989407,0.4946657763414832,0.4237811547313982,0.4180129341132019,0.3944848907071884,0.49864996209005236,0.012688773289346011,0.506647531866636,0.1265762560451412,0.07090727272942494,0.5001715953993223,0.497669374013562,0.4340513346061167,0.14289905538753145,0.2983193758579824,0.4489904468760853,0.20777442018668021,0.34101787683746987,0.0,0.4425736185503516,0.47166701654588394,0.20237750998775844,0.2218157931545326,0.4797489395967294,0.33776974796966686,0.37170930907717886
