0.0,0.35210925477111144,0.29764561234318165,0.07122368788569333,0.3208254556197953,0.19864418093686453,0.3654736712718552,0.26089038915049106,0.1665890731736593,0.3783948499309342,0.2382516806971903,0.2147198945329349,0.37949868654404173,0.19388600014481475,0.4674374163727148,0.421024827758421,0.3669925518834499,0.24307174548525975,0.31714312023782143,0.41113243091872637,0.5361593862212529,0.4641287979545979,0.3003321258474727,0.25748587584507293,0.33805321686662426,0.37969936269998966,0.3086743957151788,0.31400639758641097,0.49900731711233093,0.29750818306118765,0.41610521121147087,0.37559223023653265,0.3370845434441725,0.3325493759429749,0.11153331705203942,0.07955810440410946,0.10169488406260888,0.1769232966228304,0.3420606229794134,0.22408762060369758,0.27769188878410495,0.17151111046485604,0.18916680110783382,0.16539487193935487,0.19632072099604236,0.6153816814746098,0.271756242568773,0.2748663313604859,0.05521570953789137,0.2826641114995953,0.24500997214481574,0.4267804391441234,0.20884112093593368,0.21589795492330685,0.4036897355861417,0.18092883374987637,-0.001009088277869362,0.35382085622901976,0.01504848382567113,0.34794482569373486,0.440962546043425,0.31184853614840763,0.29990544959803433,0.28759978829577426,0.44999805837014656,0.5082177053623084,0.45706909434356946,0.24527036128089497,0.22630551165575924,0.293903749125912,0.3726640994265995,0.27347795036991734,0.3442298609777813,0.5047404297363456,0.19161822241029308,0.43942121433215114
0.35210925477111144,0.0,0.2732879808037448,0.0,0.3797616728927729,0.4144601895265531,0.4613022426009632,0.443519366046641,0.273320857742897,0.49965143994394373,0.3115622560662613,0.45203771044977537,0.5278690068018747,0.36302353755089456,0.2806199762274715,0.4329437634704862,0.47083409510694124,0.41617988431630965,0.2983155879564236,0.30792896716487367,0.36838360864570036,0.4194343624479314,0.4218326433822719,0.35288527425577765,0.4604271170832978,0.5496978426812295,0.25350532929125097,0.3919610118331145,0.40955831549840493,0.29443985746031187,0.31035953934473154,0.42799651582942627,0.3092004953981628,0.172961907414002,0.06927394326652482,0.15186105806833788,0.1315513421143087,0.09146439594009059,0.3333691988772181,0.30888381928004033,0.20977548445515828,0.19291022357313675,0.1672329793708094,0.12011752542577103,0.12957908693226025,0.29558996912667357,0.47049737652609996,0.30558489779866455,0.0,0.23333086257877514,0.4274531853784718,0.44271504398571465,0.3824051795487068,0.3041881607155569,0.4479810440011027,0.29034373357692395,0.17657586373758735,0.4374326547412695,0.0,0.14528302826527267,0.3908691117508311,0.3984770601104102,0.23573468438655415,0.21938612198849708,0.2630747998757774,0.39434049982494396,0.2622330401589463,0.3500186545504093,0.27567877691544546,0.3070509838658055,0.4837381189905607,0.2010269482887111,0.25886410348381034,0.34921564548856876,0.09871033738870326,0.3387747873276781
0.29764561234318165,0.2732879808037448,0.0,0.014872277293690617,0.49567162860711916,0.4480838694137149,0.40027328423362996,0.3971882558901237,0.47473845114399116,0.3842468820168082,0.5453298438914181,0.2868312465851762,0.33667444239108674,0.24202101261826672,0.5167515358287085,0.24289920652467015,0.3100046050482691,0.18657275203944776,0.5806938813282883,0.5267062568268243,0.45611953931709287,0.5197614605668426,0.4712535297073831,0.12055821655128578,0.13011438284958343,0.20084548550159417,0.5587301076352398,0.41068801782700437,0.4056088648813796,0.48493642019724514,0.3902290842261872,0.30874678732259475,0.19489797010784862,0.20016164708109732,0.0,0.19577178473695758,0.10449425911732561,0.17978325077858429,0.18833239759757522,0.0264608903569277,0.02321491403336977,0.063694444909696,0.17960598626268562,0.10595899688784662,0.15003305796725622,0.3385965309429379,0.3042309020143527,0.6037120812814207,0.0,0.5199538981438284,0.38625364297184844,0.4698983860549642,0.3760594640401244,0.4150920904538876,0.4522754146142354,0.5016902881523669,0.08672392192638782,0.3321473578705927,-0.005661896587559093,0.3816260421166465,0.1802305369811305,0.3169537456410033,0.1594605353284585,0.5034632903155022,0.4544724399778745,0.42576143719056264,0.428249176178617,0.41002681668008906,0.06880426670108707,0.14948892852547518,0.2499283963242876,0.5055338336171785,0.2927583900538524,0.3388559849668596,0.2219873444300329,0.21900271333056764
0.07122368788569333,0.0,0.014872277293690617,0.0,0.020477132589533525,0.016535733211269506,0.03067407916761557,0.048018982018557775,0.0,0.0,0.0,0.0,0.0,0.004906929535976908,0.08607363209276782,0.007324069387503268,0.0,0.0,0.07386193212435954,0.0697581947836389,0.11480376133611643,0.04176517378099635,0.05639343287801335,0.0,0.0,0.0,0.0,0.022292814332344008,0.030201262956447955,0.05302012470058085,0.04376814949483686,0.08657871851780909,0.16811214329306368,0.2247380517243218,0.0,0.11253160277997803,0.06737123971015054,0.07219261592761077,0.16450339638363837,0.15698670086639474,0.1308330987378432,0.05343991661072869,0.08445180233804328,0.18730177072583518,0.13871754636153116,0.1043756705781118,0.0,0.0010685093005725892,0.13364001120457278,0.03420185462822091,0.033752037308978376,0.0,0.05469634712115754,0.0,0.0,0.004840125788765787,0.0,0.0,0.17345823324330056,0.041647459275887116,0.020577391796704158,0.0,0.0,0.08185251830081149,0.007708025125106202,0.08837615549249378,0.03689726380542821,0.07281228776499034,0.09761877420654293,0.0,0.008272428114039531,0.0,0.0,0.017985267516396158,0.012469777337406035,0.0
0.3208254556197953,0.3797616728927729,0.49567162860711916,0.020477132589533525,0.0,0.4470173635044136,0.5668100201626848,0.48036330799805455,0.5411188558181761,0.47400621505021234,0.5873460001332117,0.3262742503869203,0.4383952915651015,0.4055638375320855,0.4226113246352901,0.3237400904502794,0.3066305555211652,0.20276542546040532,0.4747757035429738,0.4748929178583405,0.4567918082260502,0.49618555305312506,0.4525232229626139,0.11508077636619664,0.20135681942505465,0.23068079296330002,0.49712953953166994,0.3745409074374883,0.4995623225469751,0.4599706828753834,0.38779971767136706,0.3441328497535445,0.22508309162620463,0.2086072483181584,0.0,0.21426542230171053,0.05934062435358536,0.08462005471634505,0.2676380641713263,0.23009367156598268,0.13683167222528264,0.1176497683324815,0.1621672280015124,0.0583546667672035,0.2314186303984943,0.34221101602646603,0.3216952518740431,0.5307621407540102,0.0,0.4817400270468323,0.3833602732550335,0.5321183839492231,0.4107963586856336,0.5206474831334028,0.5102740526433406,0.5420674083521778,0.0,0.36067875197404803,0.0,0.2268793687483148,0.22960931432597428,0.3147709262920134,0.18663260935233283,0.4056974597540995,0.3335037070797746,0.4484588299452765,0.29825700733297517,0.3876648624485315,0.12054987617245419,0.22662168156791776,0.3236725858022099,0.35413611345116036,0.19524261938679793,0.3614634685071071,0.0709856019116774,0.25355608473801106
0.19864418093686453,0.4144601895265531,0.4480838694137149,0.016535733211269506,0.4470173635044136,0.0,0.43411571129437215,0.5705499466622764,0.4782543272066029,0.4171539754197598,0.4723538905740341,0.38151766333074305,0.43297961874753715,0.3293529122573207,0.39176397537311475,0.1908513742525821,0.2788446875737315,0.18435806980678324,0.45048522211898206,0.4102498360670169,0.41281425735594346,0.3868634929680863,0.5875184213080252,0.17531894183785354,0.18345339884373302,0.3068484766163785,0.47430880003447096,0.354531895877142,0.4340478587490047,0.4342510944230319,0.3235710803600517,0.389839362917255,0.2343087425662619,0.13259329583443988,0.0,0.245821838829784,0.07090037243108775,0.16415524796297887,0.3032169076582588,0.22022573264021353,0.03054774990068734,0.07253231488395977,0.19174629598373247,0.07158607862693765,0.2067526176507331,0.22512663644291217,0.42109388176735485,0.47987958951079884,0.0,0.32602013184048534,0.5220302679429664,0.42450359337686877,0.5198403551883656,0.43215930254923907,0.43431912772301245,0.42649223223722427,0.1427146092490333,0.35740904741999974,0.0,0.213785713161378,0.14720192855530068,0.29273509330306885,0.11526712715728678,0.3776164137015988,0.2593984103040071,0.4241269346597698,0.231918702431982,0.5136993465981383,0.14394540881188905,0.21871886202717528,0.3688561607118709,0.3413045546299653,0.16900654277270766,0.23232225062141246,0.12414484342711625,0.1316068833550361
0.3654736712718552,0.4613022426009632,0.40027328423362996,0.03067407916761557,0.5668100201626848,0.43411571129437215,0.0,0.4549979326434625,0.4477451412619699,0.5597648088280336,0.472484615956198,0.3665376210541435,0.532063869793995,0.3661262535144739,0.35823737611690415,0.40666416373306,0.3836011333680301,0.30070595180159054,0.3674054526922764,0.3932869587540574,0.45688452147635467,0.5004176575955285,0.40323095194519903,0.1589086716675623,0.3101569049069042,0.2737092738661754,0.4313630025555298,0.44892107469588755,0.5301741468194026,0.37514826553510255,0.4681782071427549,0.4851883184837007,0.2926936312036731,0.24595260091294097,0.05999424537540272,0.10392334455946572,0.09544986021637877,0.14113045446377157,0.35215780735473723,0.2805245142518276,0.18587828955810853,0.22328807276166007,0.13739346753953985,0.14745893492761833,0.19982075292242354,0.3396287096828272,0.33055079191081643,0.3956536507386262,0.0,0.3373764681880246,0.39465959532331446,0.606443351112633,0.3422634157685703,0.43019776532365045,0.570216947380643,0.39560451455580453,0.0,0.4271228736393867,0.0,0.1388928874584701,0.29388093360581113,0.3884268652547317,0.17383480946742336,0.2505732617563694,0.3018310584513606,0.4406976100295007,0.29384407004045293,0.32153967877528905,0.1326732022344178,0.23172229150917162,0.30499822929764836,0.29291616873410065,0.23832080240731193,0.4211801145910618,0.0,0.28111612067251
0.26089038915049106,0.443519366046641,0.3971882558901237,0.048018982018557775,0.48036330799805455,0.5705499466622764,0.4549979326434625,0.0,0.42121321229126213,0.4896526597390842,0.4607128002925884,0.4065455015325983,0.47064667859665055,0.40848614544266265,0.3610132350285089,0.23253501014612246,0.3116199975297035,0.21710484600238464,0.39310751184082016,0.4085635267538467,0.44820956977249377,0.39769070645135096,0.5993388750518276,0.22951538497623694,0.23068005181566648,0.30580554477860145,0.37780841562166906,0.4160561213852325,0.3971353293950784,0.4407107194698331,0.3616804182912503,0.47629458650836376,0.21958869789559668,0.12471490086735557,-0.0007163362049106244,0.2956687926463286,0.06009924331072683,0.11796224286627129,0.3801918273093457,0.229645097845859,0.07283608697449175,0.1631674779457569,0.18902717572878697,0.07003026742320927,0.22967817851407182,0.2624231569228454,0.45342462361503233,0.44431818605215245,0.0,0.3342104730845337,0.5191210100517929,0.46073439658225196,0.5919803369156863,0.44667124626449123,0.4727333276697624,0.46028981354332726,0.12227203369365623,0.40511903929947884,0.0,0.17239121451286468,0.18614013909544092,0.30136282417384813,0.08115397430416257,0.30579930326241433,0.26117561977701415,0.4733482436987902,0.2265515736307797,0.5470274232325668,0.22278716256738035,0.20852921321284443,0.3986653002584249,0.2637541655413698,0.17262655738782065,0.2687779059807808,0.04857739999170149,0.16512048934917728
0.1665890731736593,0.273320857742897,0.47473845114399116,0.0,0.5411188558181761,0.4782543272066029,0.4477451412619699,0.42121321229126213,0.0,0.3834604307996809,0.5999331003923895,0.31047729523782247,0.3370396663022629,0.26254547186125743,0.37447214234771226,0.15138459454258762,0.24554843786253286,0.16632617997187227,0.4589251738867655,0.41765067589400484,0.32883590860875656,0.361381893455544,0.4168074206872577,0.065188319679983,0.15706099691307887,0.19942670724892234,0.547155977449936,0.250021696395166,0.4081083721741013,0.3765258784910308,0.24057728237801101,0.2642702224385785,0.13034349615415092,0.033881327783638365,0.0,0.15908328075809605,0.0,0.07962530806548863,0.17063323240373146,0.14899922238357424,0.014817895290596237,0.014170294751911481,0.12798118187350174,0.0,0.15234663601647638,0.2033868237675378,0.28219707360894675,0.5438093279117588,0.0,0.434403015548326,0.37564437271119694,0.4571701074274553,0.3656854017385619,0.5891193023613231,0.4588489983970253,0.5345404761188195,0.08832417929294802,0.2693138784776459,0.0,0.257307591161005,0.12504274864367088,0.2830846639820226,0.16513649302287298,0.38560505588987254,0.2950748661561788,0.355177031426359,0.22195991838493745,0.33955720724008726,0.008730920052334458,0.23452838670928516,0.258027845941101,0.44178198618816666,0.12430610677206934,0.25077081291269915,0.08747372483100481,0.156193917934761
0.3783948499309342,0.49965143994394373,0.3842468820168082,0.0,0.47400621505021234,0.4171539754197598,0.5597648088280336,0.4896526597390842,0.3834604307996809,0.0,0.38827687255523513,0.5098823942974269,0.5144510361241226,0.3071739544222283,0.3698432255477602,0.4315848174138472,0.49664006872860755,0.3608129644542794,0.3421169172485371,0.38542417533425,0.45199310172331286,0.4756710938090127,0.4493385863178291,0.31334537264082896,0.38608220267020676,0.41532904985728303,0.3531120232103751,0.48515150869577034,0.4745757310200523,0.36594351308464146,0.5138952365538499,0.5302807018747575,0.28803257159766943,0.22978408063365063,0.16962315479578194,0.10887238231645115,0.11595835098813669,0.23345774100837208,0.3836888490597032,0.2153293642968215,0.20430686024867276,0.2785032284446945,0.13777992651547166,0.12813933069751057,0.2080419041151881,0.3478823831912505,0.3978205703403632,0.3624742368759205,0.0,0.302241236533092,0.3977398513265289,0.5642054425186676,0.3908207096771542,0.392801096063754,0.587777106680191,0.35242816700494767,0.13074336957943467,0.5246587470328968,0.0,0.1801918125711574,0.33617919813602604,0.4811582556446519,0.26711392247750804,0.22557864724554694,0.3464816217855799,0.4369756775406758,0.34695943414660735,0.37074731281590223,0.23503953361998603,0.2733326103481782,0.37633940807842275,0.2691546593288643,0.3652145758027639,0.4253421123889804,0.06121051605927019,0.3953103005170864
0.2382516806971903,0.3115622560662613,0.5453298438914181,0.0,0.5873460001332117,0.4723538905740341,0.472484615956198,0.4607128002925884,0.5999331003923895,0.38827687255523513,0.0,0.2711756548608699,0.32852555491095187,0.3617296108257383,0.42168338577012526,0.20802982798966205,0.2614504730993363,0.14517439156448164,0.5426750653631078,0.4646693246262697,0.39923198052920217,0.45789355513357555,0.44250309965853085,0.0391733356142379,0.13729414981453184,0.1806106776595075,0.555888501881482,0.32783692065496756,0.4306988714161694,0.47008329997502496,0.28162913491033864,0.264543618530416,0.15935695140940032,0.09366716810012056,0.0,0.2154182664110166,0.0,0.0862788580986153,0.19073268178383437,0.17975944826816936,0.039714916521644286,0.0260249476591951,0.13125151570908042,0.0,0.19061339482984874,0.2597849603559204,0.30243001927727375,0.5842366385574832,0.0,0.47859682367951156,0.3792288654275612,0.47551546474315104,0.39186279543503305,0.5432498844833199,0.4849959217255563,0.6374684382169982,0.0014920763049439416,0.26214034542589404,0.0,0.2669798370089642,0.14579828056609997,0.285416438900159,0.12165077302813833,0.4515723039150684,0.31269534111740965,0.38893300310689505,0.2640701423684611,0.3659495195037038,0.03460606526431315,0.2231235915933462,0.29145793110604745,0.4091074722910425,0.12014635858783311,0.282242436006878,0.06371835141734429,0.16448120327266488
0.2147198945329349,0.45203771044977537,0.2868312465851762,0.0,0.3262742503869203,0.38151766333074305,0.3665376210541435,0.4065455015325983,0.31047729523782247,0.5098823942974269,0.2711756548608699,0.0,0.38057414234087017,0.2656757000124886,0.245252679740227,0.272891151024003,0.4193330801531351,0.31856508618597407,0.2380165655514474,0.2537263073793299,0.27144860534549237,0.3319958325997502,0.40295497211364956,0.46589975050518334,0.3395257872729437,0.4677460140835761,0.2142372000037808,0.37366100281232567,0.2565956323704377,0.27247217794212386,0.298958161312866,0.36980897986487926,0.11259396646836112,0.06368305405067723,0.10837628235789723,0.1448199636364805,0.09338398902168348,0.12844226610523649,0.2846624939856362,0.13732091333473853,0.16810469642450632,0.2708707634120754,0.20587049947628497,0.08572921877798778,0.08454705497456809,0.20556870514223577,0.4806201891752936,0.29499545831754675,0.0,0.18389047179345316,0.4100326322072724,0.39900247175599174,0.3944839432795139,0.2941519321666783,0.46995210259253506,0.2452032867125606,0.4157043079005995,0.48000631743673056,0.017839950477676007,0.1527459632466917,0.2700165284221973,0.5192643691036339,0.29219921712211805,0.17197761977099524,0.255666226854602,0.2925182500922733,0.26860798896268134,0.3816766449058623,0.40029034438709965,0.307658664974568,0.44232819619797464,0.21313253709557178,0.35717838597425006,0.2686521854154641,0.08878324743806117,0.30853920456219935
0.37949868654404173,0.5278690068018747,0.33667444239108674,0.0,0.4383952915651015,0.43297961874753715,0.532063869793995,0.47064667859665055,0.3370396663022629,0.5144510361241226,0.32852555491095187,0.38057414234087017,0.0,0.32979936628486395,0.35491358205705115,0.4771909950449414,0.473594558639563,0.4336511280641558,0.3273544160159113,0.4046546081469229,0.45433174431353196,0.4741417981763289,0.41343543291737334,0.23553273577629777,0.36784401869735195,0.4075685711520371,0.3385987569750335,0.48667512286990305,0.495413934613187,0.43152027962931055,0.4753031036957799,0.4552671112466464,0.33749347665138535,0.30855426928456653,0.06713067528449763,0.165232754573981,0.09251504609633131,0.15253841319200676,0.3418729741365864,0.28774081963558046,0.1727378537317285,0.17786745190796202,0.19437383195141322,0.17387179329930638,0.19539436187676806,0.3476403937510328,0.3460492532677247,0.32494892212082765,0.08648372426062541,0.3287720079329717,0.38238987691399173,0.5274888103326785,0.35018950520822334,0.3603861278564215,0.4915079270867782,0.2963909221627697,0.09101155824966128,0.5175096879485769,0.0,0.17189452367872365,0.32867377781728224,0.3675350474557523,0.19670159641757456,0.23919803203194823,0.3283980764326418,0.4413461613987122,0.30576324315951237,0.31659059577782506,0.15100019447357255,0.20662505611216161,0.35604094378023166,0.2372754756446818,0.34232622730099177,0.4116541704385968,0.14894793412195212,0.28670188561559107
0.19388600014481475,0.36302353755089456,0.24202101261826672,0.004906929535976908,0.4055638375320855,0.3293529122573207,0.3661262535144739,0.40848614544266265,0.26254547186125743,0.3071739544222283,0.3617296108257383,0.2656757000124886,0.32979936628486395,0.0,0.17959503494477852,0.3044274258697872,0.25880098177966754,0.2348255800316186,0.2814420565909858,0.23039595836179644,0.27298951816782857,0.3219359352625356,0.35651803195404563,0.14139348233032667,0.19750095736069748,0.2236175976683779,0.22726083803037742,0.2611997730149417,0.289442695541262,0.28122866409258546,0.22729249845839936,0.24801252875654672,0.21582461567720504,0.12812382590095864,0.01667174772913432,0.2903943491047513,0.06465799066413086,0.0,0.2290065731320037,0.23990856426003127,0.12079910558218505,0.09150363706877698,0.1081373402137838,0.0,0.11632121088052745,0.19207066274880946,0.3019722083822437,0.3082192493669111,0.0,0.21334289726288444,0.318156834240455,0.3124130440350557,0.3987544552803003,0.28776956163154854,0.2857908750395424,0.3690473286701738,0.0,0.18783974561108402,0.0,0.04077735920314573,0.16666348660310767,0.16572975512466745,0.011475675200464,0.19275401878729806,0.09861315458149442,0.2765640515905245,0.06963720556717601,0.3662581937153354,0.18468161369405606,0.16725898163767483,0.3313784519336873,0.10320028116675377,0.0,0.19797034859784723,0.0,0.13206232760442224
0.4674374163727148,0.2806199762274715,0.5167515358287085,0.08607363209276782,0.4226113246352901,0.39176397537311475,0.35823737611690415,0.3610132350285089,0.37447214234771226,0.3698432255477602,0.42168338577012526,0.245252679740227,0.35491358205705115,0.17959503494477852,0.0,0.26680263842836666,0.26564172584741197,0.16165748392168547,0.5118590383682542,0.599873074871186,0.5716265698795148,0.5284757942073893,0.4494050489473037,0.15994261242595867,0.1973227070993497,0.27082917251811495,0.5311493849829222,0.3456057765820463,0.49065431815176547,0.4213475689286276,0.42491843426239706,0.3497464126671792,0.26726855349429307,0.3065645827795376,0.04269874207040819,0.17926580030146932,0.13115950655713743,0.20750041898209823,0.2781595262280937,0.09653797268203934,0.1308204539170565,0.08300693542209679,0.2644226268939503,0.13693752625878947,0.19762824466926257,0.48914816915802894,0.32401081950477495,0.4914014892051449,0.060318913721779985,0.5183979395671507,0.383062612746533,0.4898002023797592,0.35024303567707304,0.3812928103780565,0.46208262199571865,0.3720727491321164,0.040848216002554213,0.4016424479947522,0.06258555103756398,0.5754259144179757,0.3152848582246384,0.3409030999939494,0.31025716525540004,0.5175595919006802,0.580331209839895,0.5441702278965341,0.5545192815951665,0.3845490101469801,0.11106059883898674,0.27027365135953685,0.3259110785584829,0.5066312352681439,0.4015906298545471,0.5063009495517631,0.31312016291279166,0.31687917413450817
0.421024827758421,0.4329437634704862,0.24289920652467015,0.007324069387503268,0.3237400904502794,0.1908513742525821,0.40666416373306,0.23253501014612246,0.15138459454258762,0.4315848174138472,0.20802982798966205,0.272891151024003,0.4771909950449414,0.3044274258697872,0.26680263842836666,0.0,0.49193081222135016,0.5222830384933131,0.2423064977987798,0.3217572510615343,0.37565633583482827,0.4633426355400112,0.23761358472032476,0.2451228264266923,0.4376388146641342,0.3827670421390129,0.2415529331166858,0.3811341566358559,0.42087569457315405,0.23357080391305188,0.41560189692835686,0.36553702117368286,0.33980820444546794,0.34794357887141886,0.1680209225928623,0.0666335517300123,0.1184145984833286,0.07274252245104286,0.2801097364787655,0.19452667224172354,0.19687180881125863,0.18958137906845152,0.08954820580958785,0.08011101998290833,0.11010633605832493,0.39824889611291314,0.27231945887532855,0.2252812507718395,0.024540019894702475,0.23313633025444394,0.22317094594093867,0.395040182101749,0.15425191627063392,0.20704242933457906,0.3807081446125151,0.1738642864822723,0.0,0.3406446265770099,0.0,0.1459451362047972,0.44934563958520424,0.3451843868570101,0.2552007013352603,0.16047564886709498,0.2853340181854339,0.34442857101242597,0.31023528717655713,0.18884768610557365,0.20108326513661584,0.2571984352896872,0.32119717723435715,0.17907129335645247,0.2750760251811164,0.41783377611143624,0.1208630727918755,0.39425093925754306
0.3669925518834499,0.47083409510694124,0.3100046050482691,0.0,0.3066305555211652,0.2788446875737315,0.3836011333680301,0.3116199975297035,0.24554843786253286,0.49664006872860755,0.2614504730993363,0.4193330801531351,0.473594558639563,0.25880098177966754,0.26564172584741197,0.49193081222135016,0.0,0.5102586390495323,0.2881627914664607,0.2803019403999265,0.35879576127314305,0.4091442098851428,0.3023231662493325,0.3510691509738526,0.42591892055916714,0.47368461575190174,0.23565809664240525,0.44704307301229185,0.34640218001567696,0.29356371787435087,0.38567979850614925,0.3946211245439492,0.3039154288519285,0.2147472729528702,0.1505339022070565,0.06304834980450817,0.11307023801852344,0.12330631930971926,0.3018000609363014,0.16177367591934658,0.21213009381777453,0.17131185881806263,0.12663488669520823,0.09201427977958382,0.13169793390157444,0.2902831683575408,0.35827051393088205,0.2401784436493542,0.0,0.23241050017572432,0.27961574957563196,0.4242329093952249,0.23202017153601004,0.2356112235852759,0.4239042239095836,0.21607780929186776,0.18405810242887807,0.4209546783209725,0.0,0.15965200766002013,0.4060302044878073,0.4475177291567157,0.2743003949483834,0.16480642469355175,0.27066935883115245,0.34525206050666507,0.30382015443115656,0.248922453200607,0.2723960768103071,0.22500120098930088,0.3548746566438747,0.18844427448172982,0.3554309641013713,0.34278069298745234,0.1626789748663428,0.39649822966859183
0.24307174548525975,0.41617988431630965,0.18657275203944776,0.0,0.20276542546040532,0.18435806980678324,0.30070595180159054,0.21710484600238464,0.16632617997187227,0.3608129644542794,0.14517439156448164,0.31856508618597407,0.4336511280641558,0.2348255800316186,0.16165748392168547,0.5222830384933131,0.5102586390495323,0.0,0.17288487180397424,0.21762614118875448,0.2514944956999631,0.3511235317421877,0.190202972226166,0.3039315402703011,0.4766020795389323,0.4138911064142061,0.17529986678520307,0.35555029394124205,0.2866293477477162,0.19718989311541266,0.31232442963435675,0.26957147763581557,0.18417505475764626,0.1615611679161983,0.12359029731173193,0.025715197238052528,0.08401367233123785,0.03944153487396429,0.1372467977702497,0.05465317396242446,0.09345728990228613,0.11282472331818637,0.04457864980338369,0.03485656675594462,0.027018898071464324,0.1919647908922708,0.2848393634427633,0.1676775766173911,0.02028045644643169,0.1415301662049402,0.20189468919688786,0.31273278919961517,0.14288823319968907,0.15861175126666635,0.2934648814399429,0.11329879385060998,0.18298695424116718,0.3357811320082469,0.0,0.09862216952523303,0.35936217031944645,0.34258654448430614,0.20234845359069892,0.08181905543430067,0.21037707662208308,0.2368111485242412,0.2360790334517758,0.14858668172015693,0.17483526856752532,0.22278084618709124,0.2827625409680214,0.16496704026840694,0.286963609743461,0.3073348046459942,0.1713031830135187,0.31538382373320994
0.31714312023782143,0.2983155879564236,0.5806938813282883,0.07386193212435954,0.4747757035429738,0.45048522211898206,0.3674054526922764,0.39310751184082016,0.4589251738867655,0.3421169172485371,0.5426750653631078,0.2380165655514474,0.3273544160159113,0.2814420565909858,0.5118590383682542,0.2423064977987798,0.2881627914664607,0.17288487180397424,0.0,0.5437756933836225,0.455415678718203,0.5061761552207211,0.4459013827270619,0.10654573284934896,0.09416196875878946,0.18522194334769324,0.5346473925477334,0.32440187839195733,0.42335318253014487,0.49381029869482246,0.3291281341400421,0.26613055361071036,0.22709856959239205,0.2227865816955375,0.0,0.27786545190552925,0.05989500782339004,0.13975801548793235,0.2248862934297518,0.1578381238899102,0.04908289828086538,0.03265050165093821,0.2627117887210357,0.08905294408724751,0.18024400587635667,0.3302873474839754,0.2985579864246934,0.6066134886484514,0.0,0.4522140045927913,0.3537459482729889,0.40646643144296174,0.39790379544695464,0.40199037246391334,0.4014771385314794,0.5081855026470828,0.06429078929450684,0.2910655795314093,0.0,0.40629036419217784,0.19529645731636672,0.26252204709214505,0.14432418845508005,0.6080959460839812,0.40289410223298916,0.452632977243511,0.39661011281528363,0.39591945434058223,0.08304556403897742,0.1841314021875485,0.3287125761061251,0.4456076300240153,0.21587509468384644,0.30827544766985904,0.23840703841719438,0.20382317938008065
0.41113243091872637,0.30792896716487367,0.5267062568268243,0.0697581947836389,0.4748929178583405,0.4102498360670169,0.3932869587540574,0.4085635267538467,0.41765067589400484,0.38542417533425,0.4646693246262697,0.2537263073793299,0.4046546081469229,0.23039595836179644,0.599873074871186,0.3217572510615343,0.2803019403999265,0.21762614118875448,0.5437756933836225,0.0,0.5405598302323574,0.6022573485609181,0.46737594365883167,0.1352361422584399,0.18286414933988268,0.23140588285127142,0.5524223890683225,0.3987158361512343,0.5191456417553482,0.47007969788256015,0.4336409120931048,0.3590367122589425,0.24161266312581828,0.31040836425693263,0.022186221308992875,0.251525012935645,0.12747693020616993,0.1418554609491342,0.2647225436575072,0.10274209096151678,0.11580117878210452,0.10434262568581248,0.24363288792902488,0.1214908089343714,0.20727241256738582,0.4346235472540903,0.2871831973774543,0.5476210162041414,0.04078063273745262,0.5238982226859792,0.36707573801489607,0.45960255446953013,0.36618911507925145,0.43724450086630434,0.4459229290706666,0.42807241235640536,0.04491428557091133,0.3503920188255518,0.04951174079401798,0.4648599969995175,0.28709592640584897,0.26754210423058594,0.209673299374997,0.5357586521942069,0.5751316450900542,0.5130766150106509,0.5279374351115707,0.4112836454137965,0.10336576819945179,0.19921744418774806,0.31760014091903244,0.48450078462652707,0.32811918142383223,0.45408286208740456,0.3007518700398751,0.32587345678544466
0.5361593862212529,0.36838360864570036,0.45611953931709287,0.11480376133611643,0.4567918082260502,0.41281425735594346,0.45688452147635467,0.44820956977249377,0.32883590860875656,0.45199310172331286,0.39923198052920217,0.27144860534549237,0.45433174431353196,0.27298951816782857,0.5716265698795148,0.37565633583482827,0.35879576127314305,0.2514944956999631,0.455415678718203,0.5405598302323574,0.0,0.5412275809262143,0.48398450090554024,0.1909704600828301,0.29121961995018786,0.3047010011470629,0.4716090571906078,0.4046017156044642,0.5569585607040798,0.44491093042718216,0.4995415169448641,0.46065360503612884,0.35189814396614566,0.3441919413312262,0.05694674157338579,0.19163965126020757,0.12330661933991706,0.23063345988874998,0.36592942939627887,0.1864434468200819,0.16090180571257115,0.14381995765919695,0.23296183937572204,0.13207621294825087,0.2555989989934152,0.5251946286727599,0.3588290141105619,0.4176065879138184,0.05697922606093869,0.4449907996982464,0.4097408656636417,0.5191251912759728,0.39708478451409207,0.37460772859789926,0.5012760317985924,0.36123226182589796,-0.0065768263859321665,0.4419173745573978,0.03322852921476617,0.4001951857134518,0.387658035809867,0.3320091179039689,0.24153341472145892,0.41521073405438064,0.4989116045686141,0.6209818908902093,0.5016741332019179,0.4179508123538373,0.1636280540427466,0.2578738184812499,0.3621657166351704,0.39101376292185874,0.35334790941828825,0.5155390973492767,0.227125952041362,0.37024884776052774
0.4641287979545979,0.4194343624479314,0.5197614605668426,0.04176517378099635,0.49618555305312506,0.3868634929680863,0.5004176575955285,0.39769070645135096,0.361381893455544,0.4756710938090127,0.45789355513357555,0.3319958325997502,0.4741417981763289,0.3219359352625356,0.5284757942073893,0.4633426355400112,0.4091442098851428,0.3511235317421877,0.5061761552207211,0.6022573485609181,0.5412275809262143,0.0,0.44066345818857966,0.20809415802148493,0.2913339155097703,0.31056493082898784,0.502386360874507,0.4777841052629691,0.5334096481109301,0.45619408799847094,0.4962590324886088,0.42774091512858187,0.31699991435804514,0.33159606984763185,0.10450764544242873,0.19198547728050086,0.18242855962662635,0.13341320156598785,0.30226515438386226,0.14798932272745896,0.18887964626204626,0.20347842024523882,0.23036178857306527,0.13235262549082422,0.15655119233564493,0.450548759168272,0.3536515561150576,0.48625782178340804,0.025896236375938183,0.44741511193427985,0.3696749022158663,0.5260820810129105,0.3473275236806784,0.3612187613737464,0.5024717012016638,0.40223772581536027,0.04814842582463334,0.4061703348720161,0.02778864066777024,0.35180681244316053,0.3699241566125842,0.35826820257767567,0.22553008910426098,0.4406619427855421,0.5027500784265112,0.5111360735709868,0.5134332658209131,0.38551214620890095,0.17198905090151118,0.2105969985474373,0.36042613914502913,0.41614071842831135,0.34321462558630556,0.4943026718209302,0.18892489259505366,0.39477567440285094
0.3003321258474727,0.4218326433822719,0.4712535297073831,0.05639343287801335,0.4525232229626139,0.5875184213080252,0.40323095194519903,0.5993388750518276,0.4168074206872577,0.4493385863178291,0.44250309965853085,0.40295497211364956,0.41343543291737334,0.35651803195404563,0.4494050489473037,0.23761358472032476,0.3023231662493325,0.190202972226166,0.4459013827270619,0.46737594365883167,0.48398450090554024,0.44066345818857966,0.0,0.2527882779989593,0.23742281037207466,0.33666355096224126,0.45085036890943403,0.3844573551026749,0.42915160896511123,0.4087839716768614,0.3618477080477712,0.43545986809618126,0.26357363379652765,0.15000526611330997,0.016832600827795238,0.27452089389146733,0.10588466514974483,0.1508354261345121,0.34991787398938423,0.20427826364585921,0.07864129106965971,0.1281489733918516,0.19610658109067813,0.07560770103961101,0.2228644444202718,0.33812014230803394,0.47054690944210287,0.4939002118730313,0.0,0.36330279116451947,0.5662622143486099,0.45181396337983726,0.5926249200456515,0.4333852836914655,0.4487660404869477,0.4167999352579314,0.15577406690765036,0.4042362778326958,0.02760622054204149,0.29584765673070623,0.23526106251382362,0.31774857356491804,0.1510353375451909,0.3884809440946139,0.34920601490857966,0.5098778441510587,0.32262001375618,0.62764686244661,0.23591535164706126,0.24163589698346563,0.42505095623478734,0.3636046509612055,0.22716314320110031,0.31924886295640753,0.16184338643729124,0.2010254913926723
0.25748587584507293,0.35288527425577765,0.12055821655128578,0.0,0.11508077636619664,0.17531894183785354,0.1589086716675623,0.22951538497623694,0.065188319679983,0.31334537264082896,0.0391733356142379,0.46589975050518334,0.23553273577629777,0.14139348233032667,0.15994261242595867,0.2451228264266923,0.3510691509738526,0.3039315402703011,0.10654573284934896,0.1352361422584399,0.1909704600828301,0.20809415802148493,0.2527882779989593,0.0,0.32491016450290117,0.4596362752959506,0.023629615038756983,0.2561914981240425,0.12996787602668086,0.11986347739489814,0.20382059012708817,0.30021785352727215,0.07608793328217117,0.09459061639266096,0.2136939041491233,0.08630871668771599,0.16296291150812003,0.08313010306707101,0.24526517821952049,0.09059766691558442,0.23842754326336654,0.293868725839792,0.20520445038040172,0.16956893116355415,0.04971894036157275,0.2067922312602005,0.38220164281581204,0.10317648383021163,0.026350831080057247,0.03823680698004228,0.27605196356557,0.21529820815615852,0.23130370515717716,0.07301005506798139,0.2665701420995711,0.020248970946674577,0.3780744709190322,0.37943018793382416,0.06737165302991648,0.16119487562472756,0.3468349974288798,0.41561730022889887,0.35523611308136704,0.08981694504279897,0.23016470379684792,0.20089130457680188,0.2747346044124444,0.2572430889885542,0.5135066237749314,0.2686231478792355,0.4141802754694435,0.10582469668881886,0.3693691438145423,0.25813831819289784,0.14565565562101107,0.3873881267213333
0.33805321686662426,0.4604271170832978,0.13011438284958343,0.0,0.20135681942505465,0.18345339884373302,0.3101569049069042,0.23068005181566648,0.15706099691307887,0.38608220267020676,0.13729414981453184,0.3395257872729437,0.36784401869735195,0.19750095736069748,0.1973227070993497,0.4376388146641342,0.42591892055916714,0.4766020795389323,0.09416196875878946,0.18286414933988268,0.29121961995018786,0.2913339155097703,0.23742281037207466,0.32491016450290117,0.0,0.5049366476675471,0.1545622087491497,0.23911613095676468,0.3251836495364155,0.0784625638481549,0.23763823583833363,0.3020489747911361,0.15508306059756802,0.054433094014562505,0.1623444525148385,0.0,0.03580182990962564,0.08737588443805247,0.22249865855457635,0.13137168382408948,0.15474284918601836,0.1527112924448595,0.004820759123177819,0.0,0.05940415167762599,0.3001872539036789,0.362908532255472,0.15508896813220938,0.0,0.1331664007724015,0.3158068366541189,0.3590521537219194,0.1684593953579257,0.23312077486963628,0.36843757513752196,0.11489630463003911,0.13593319202815685,0.3776983546459438,0.0,0.18194807471035443,0.48829702310768214,0.3886853834755366,0.3527079587091027,0.07971886033906751,0.2832838804947277,0.2856322858841842,0.3031803029402341,0.20698673251110097,0.22674539023718368,0.4368551966895922,0.3802104984443492,0.2092072497412153,0.32422576410836873,0.427378651242438,0.10842377656235425,0.3825355128809716
0.37969936269998966,0.5496978426812295,0.20084548550159417,0.0,0.23068079296330002,0.3068484766163785,0.2737092738661754,0.30580554477860145,0.19942670724892234,0.41532904985728303,0.1806106776595075,0.4677460140835761,0.4075685711520371,0.2236175976683779,0.27082917251811495,0.3827670421390129,0.47368461575190174,0.4138911064142061,0.18522194334769324,0.23140588285127142,0.3047010011470629,0.31056493082898784,0.33666355096224126,0.4596362752959506,0.5049366476675471,0.0,0.17804071613562159,0.2934972752632377,0.2942456178836639,0.18532830460702296,0.24039010633525384,0.3237040323849,0.22307947105314238,0.08919809304014091,0.09989187930892156,0.10485634338574193,0.08944173838175848,0.10290854183057357,0.2491560640853192,0.21830878829186812,0.18696879740482353,0.14853510586343055,0.13578423148182842,0.09645514196259666,0.09095265223964395,0.33124070943798734,0.45772850573164997,0.23643551163639148,0.0,0.1748127224796797,0.36508608971683676,0.3652252754584645,0.282784028909499,0.24249132090041983,0.3903386670007214,0.15812260438710013,0.2858842922567829,0.43214608902965784,0.0,0.2545563189518725,0.4023024198291802,0.4513338628505743,0.38439615749419215,0.154340824070346,0.2976545596661093,0.31364581300677774,0.30521476959346916,0.29820777907110785,0.3421696916693271,0.3901986679381619,0.523811803590289,0.22110449515962677,0.3671402916448357,0.3392960823400693,0.12193029647356335,0.35433015467095674
0.3086743957151788,0.25350532929125097,0.5587301076352398,0.0,0.49712953953166994,0.47430880003447096,0.4313630025555298,0.37780841562166906,0.547155977449936,0.3531120232103751,0.555888501881482,0.2142372000037808,0.3385987569750335,0.22726083803037742,0.5311493849829222,0.2415529331166858,0.23565809664240525,0.17529986678520307,0.5346473925477334,0.5524223890683225,0.4716090571906078,0.502386360874507,0.45085036890943403,0.023629615038756983,0.1545622087491497,0.17804071613562159,0.0,0.2939489510149005,0.5198857062969064,0.4023301654988936,0.3425507003295199,0.29317768681855655,0.19727617467626038,0.20577517985335883,0.0,0.15997979110050944,0.0,0.11606242122618723,0.17291607303390102,0.11433054439294156,0.03576225866224853,0.008813849059427836,0.16776542260537491,0.03389982811016778,0.18836630254684167,0.3699153965306446,0.27568319951847386,0.574950483211443,0.0,0.4852587220947308,0.37373870335076764,0.47847372398220633,0.33302126659507664,0.5005035503343448,0.43939580543592655,0.48849002649413253,0.0,0.2784204461519612,0.0,0.3894299102743184,0.21027461015771373,0.24676649554643404,0.17353870438975802,0.4960230230638348,0.43041633559491865,0.4562012602133478,0.37061771991619563,0.36927544622370134,0.0023019702782951755,0.2410040642123852,0.2710093841431909,0.565770608019765,0.20738219417327677,0.37394270267556884,0.2057641766743487,0.20927609445920253
0.31400639758641097,0.3919610118331145,0.41068801782700437,0.022292814332344008,0.3745409074374883,0.354531895877142,0.44892107469588755,0.4160561213852325,0.250021696395166,0.48515150869577034,0.32783692065496756,0.37366100281232567,0.48667512286990305,0.2611997730149417,0.3456057765820463,0.3811341566358559,0.44704307301229185,0.35555029394124205,0.32440187839195733,0.3987158361512343,0.4046017156044642,0.4777841052629691,0.3844573551026749,0.2561914981240425,0.23911613095676468,0.2934972752632377,0.2939489510149005,0.0,0.375330850401097,0.4696834684053657,0.5207133326021636,0.4530895389532117,0.24315346110153496,0.263999705704284,0.14008285815289845,0.19344252354513924,0.2690658278544057,0.19111075711097636,0.2693558442686439,0.061997350933125486,0.14452097620500184,0.2124152228766091,0.0731571759174039,0.23211288235943917,0.1433665381646334,0.2813949480167702,0.2784865970105828,0.31258777209653815,0.08429836933521773,0.30841279708632807,0.3002638605450097,0.44992016029793386,0.33503461561372394,0.25075210442633983,0.42427823158854316,0.2956707467739824,0.10757183683072402,0.4094800685560352,0.008853363724011633,0.1262575905082232,0.24209248227822958,0.31249077675084935,0.0959324865150607,0.17364845872184564,0.31078980330481165,0.38548651427465985,0.32441170232846084,0.33254461695527787,0.185791247292121,0.046236864451615754,0.23573947447787091,0.22728103027615842,0.36490538870909006,0.3247985240408483,0.16025854775979914,0.3126748251454897
