0.0,0.5540972724092847,0.0,0.05611166986862058,0.0,0.30652597607716314,0.09015282155458089,0.0,0.0,0.4638987254548901,0.0,0.05131511276258459,0.0,0.0,0.14478048578624705,0.5847364343608143,0.42412291412325864,0.6270090134911922,0.0,0.020094379728218422,0.49877437010211445,0.2995347307622009,0.0673065445524457,0.4336008861383038,0.7062352907370383,0.488331338730446,0.19423947038264996,0.1125625845978762,0.33510045891488144,0.0,0.22516175555185372,0.0,0.0,0.03168039341278792,0.0,0.0,0.0,0.20965816276993812,0.05236166260945404,0.22494241907089538,0.040067379297117754,0.0,0.0,0.02684267443127401,0.3371656997125087,0.89948489320032,0.5812534704039675,0.15026851179917283,0.0,0.10370949739311368,0.428422447692141,0.21485520031405747,0.2930992417274403,0.0,0.6218316470404908,0.13660964672261397,0.0,0.2702255130343082,0.0,0.2037610209098942,0.6930226043626518,0.6778431008331465,0.7060971958647435,0.12236339406370056,0.04083535668904473,0.45772720550790935,0.4309300003233276,0.4268926140219319,0.47172905285390415,0.6882125539860244,0.6595218129634015,0.18563878578958665,0.338031260375463,0.4219692316449896,0.43189041196611844,0.5916343823842177
0.5540972724092847,0.0,0.0,0.2310076945927953,0.05037977169491421,0.3634320372728339,0.4828934310059026,0.0,0.0,0.6042772513647098,0.0,0.07397711927813985,0.41080028019568166,0.0,0.0,0.5775196142948663,0.6422389960638648,0.7948192803221261,0.0,0.0,0.36018514073905217,0.23147877831750827,0.008405362518231057,0.3986505666232488,0.827192842357477,0.6307738180969165,0.0,0.2693514981617787,0.35666886271312015,0.0,0.007446167743299189,0.0,0.0,0.0,0.0,0.0,0.0,0.2930918427586962,0.0,0.1277350768562857,0.0,0.0,0.08464170309809152,0.0,0.25354741685683496,0.5380208999376279,0.7184058449092324,0.0,0.0,0.0,0.5212922425916874,0.15030950839600435,0.14969972242230156,0.0,0.5021927019680966,0.0,0.0,0.3639907975716107,0.0014368873252064,0.0,0.501769838574201,0.5715845048349271,0.6188562866489006,0.0,0.0,0.24341780121137635,0.10496202311271483,0.3049919962911185,0.4029694709006684,0.5728077701465047,0.6443591767835829,0.0,0.16672265400210864,0.28925874226777026,0.3142201687479568,0.2872202188071971
0.0,0.0,0.0,0.0,0.10840459286937365,0.24954580029633053,0.0,0.08385977229352032,0.8092343583647014,0.1289785118229775,0.8008965078737614,0.2605018038484351,0.0,0.0,0.5849201324772214,0.007299921635060428,0.058616952703856126,0.0181718228379825,0.7537077441953834,0.7009422664201632,0.0,0.6023087361808184,0.3267276952237722,0.11442285196393852,0.0,0.0,0.7052759153869488,0.33283050878416787,0.0,0.5030491129751067,0.4073810454775483,0.0,0.0,0.17507773819415312,0.0,0.0,0.1719910483240031,0.0,0.0,0.0,0.04075775497865697,0.0,0.0,0.2136369587168657,0.0,0.0,0.0,0.7668422341487726,0.13696399962255665,0.37185406294743295,0.14373222533345298,0.1035905581758015,0.07412201673694237,0.8181553936774972,0.019340614771183574,0.8041918741602019,0.16760443945911885,0.0,0.0,0.5750731505131457,0.0,0.0,0.0,0.7528260252053489,0.8413302772243201,0.0,0.6778074169557109,0.27847920466062004,0.04724840035363721,0.0,0.0,0.6795615871707501,0.3927556655356174,0.0,0.3028639607524945,0.18815249403142076
0.05611166986862058,0.2310076945927953,0.0,0.0,0.18707092677794554,0.0,0.3366601852107694,0.0,0.0,0.018261835568056124,0.0,0.0,0.12334824292260085,0.1212672209461419,0.0,0.1754462266606144,0.06841454656849083,0.1501929859838666,0.0,0.0,0.1114813702713508,0.0,0.0,0.0,0.13975662841682085,0.043733395469372514,0.0,0.0,0.11556898905839748,0.0,0.0,0.13991400989383643,0.06507941340558565,0.0,0.0,0.1690416468880664,0.0,0.06314283631429092,0.241828534496538,0.10502552932251327,0.0,0.11087072638252578,0.24466334080766555,0.1368938993777981,0.0,0.040048063156568565,0.17403074608634686,0.0,0.0,0.0,0.03841127629092505,0.0,0.0,0.0,0.009731671587643749,0.0,0.0,0.08868553381349387,0.16627969467996503,0.0,0.050800431214040924,0.09943098756078633,0.10033287122159541,0.0,0.0,0.0777867672376023,0.0,0.0,0.0,0.03821852708449704,0.06769869497232572,0.0,0.0,0.04331343948600464,0.055592406168166304,0.0
0.0,0.05037977169491421,0.10840459286937365,0.18707092677794554,0.0,0.0,0.6392092827213893,0.43407963446514536,0.31250846608235533,0.23853326294819702,0.4495941282883589,0.02730537654081214,0.24734555915680065,0.31565698710415774,0.0,0.12111184355091799,0.0905175333020285,0.137693879523531,0.0,0.0,0.1518380745605542,0.0,0.26950491564138507,0.06589900623720688,0.0,0.09060126291389588,0.0,0.0,0.17875779974891381,0.05727158741951381,0.0967308416710841,0.25580288304291376,0.25373265183409144,0.030220504174248437,0.15667149274540237,0.08656463652679654,0.0,0.004690589983026746,0.1976002294462565,0.1323315697546712,0.24363861330397862,0.2470791999632447,0.2681619213661622,0.0,0.06389961526858792,0.0,0.0,0.0,0.31666226655716934,0.0,0.02763560836911478,0.0,0.10539180297944334,0.2298132237678315,0.0018270007408970545,0.0,0.1380641797580459,0.13310127441700925,0.31087834160316224,0.0,0.0,0.0,0.0,0.0,0.0,0.21175201907917302,0.0,0.028601741434033722,0.0,0.0,0.0,0.0,0.2977598163429543,0.13975646217196763,0.2781355821779956,0.010127488990876126
0.30652597607716314,0.3634320372728339,0.24954580029633053,0.0,0.0,0.0,0.0,0.4573357718340634,0.4102011787054914,0.2483688291144435,0.18750882955850462,0.5554590874954892,0.36661645388548053,0.0,0.09492127987678657,0.06416712470962477,0.3316558431398599,0.2951651349283295,0.25988581280001666,0.23724247370635096,0.3356801817109884,0.24229991460965308,0.6880337307316092,0.6388692680714592,0.23152710250427308,0.5351722017592664,0.43281648493506514,0.25304157680703593,0.4587495758295622,0.08359831005262681,0.09233280061441913,0.0,0.04261770812094483,0.13941947740639066,0.0,0.08332584727941202,0.15048040377504104,0.0,0.0,0.18512416873827756,0.0,0.0,0.08177246681008639,0.1460956267410894,0.1523416753245753,0.2013259284136033,0.5314572075644756,0.4155836466855139,0.0,0.4224599941027192,0.6379514456080456,0.357860896984669,0.7207823139518017,0.45306168979079653,0.4729502609018407,0.3879079411922548,0.4160849259542793,0.5804949755085352,0.0,0.16413118664529552,0.12381944107469742,0.44831049589140887,0.27394381893658415,0.2555729778134527,0.23064690402814253,0.12924584336490025,0.35625176782603785,0.689481986255693,0.4494795345069148,0.4640949117170835,0.5688813650933644,0.3780632752841986,0.3367860880659611,0.023864128129964985,0.1694807404476012,0.01320034485384089
0.09015282155458089,0.4828934310059026,0.0,0.3366601852107694,0.6392092827213893,0.0,0.0,0.15068650312710866,0.0,0.5566849106595924,0.0,0.0,0.5351311119388693,0.08321726070381087,0.0,0.414435169584011,0.45959738866859295,0.4764216681940015,0.0,0.0,0.2610091138301414,0.0200153920812073,0.04600410630033994,0.12073354513157254,0.44705079472316334,0.25003940703050526,0.0,0.18432713330141337,0.33144499785586407,0.0,0.08025288109195122,0.17320528610003494,0.09100066069224785,0.0,0.03533830847021522,0.03102833255727935,0.0,0.26856292296862394,0.1475075399856469,0.11771488474199447,0.08662733125794969,0.057744194953345346,0.18123460976590508,0.0,0.044102784556639296,0.07701975293440863,0.16103169426697828,0.0,0.17523132270369002,0.0,0.31499993292414646,0.0268669094594877,0.038604683873283044,0.0,0.2119890807120502,0.0,0.0,0.3108918496660898,0.18108465840158866,0.0,0.13600783340406417,0.035640221123664995,0.16872548758164763,0.0,0.0,0.26730104103231384,0.0,0.062133630582427,0.2020686404806088,0.03241783386041358,0.1830277282242279,0.0,0.1475422550450785,0.3085671205075663,0.2738581582518412,0.10545747199561063
0.0,0.0,0.08385977229352032,0.0,0.43407963446514536,0.4573357718340634,0.15068650312710866,0.0,0.2756750182006958,0.07001343996845297,0.4077867124112379,0.5323610551186867,0.31874148040878963,0.22691758060679607,0.0,0.0,0.0,0.0,0.19943974958263477,0.0,0.3134343595653464,0.0,0.765214679967703,0.4148396838872297,0.0,0.30421098179761014,0.036128406732406505,0.0,0.2889960464089095,0.18604333581318167,0.05467781353497323,0.1497924813719455,0.4121351057193106,0.2820614674875337,0.20153050315141877,0.32021439597374884,0.14149182631913484,0.0,0.17464293853436358,0.19872212334721479,0.11245189577285344,0.14341191507385925,0.4467834480335669,0.02255608671616245,0.0,0.0,0.06658622731670188,0.0,0.38835958365044376,0.3663499203853085,0.2301202569328878,0.26669523186480637,0.6893953143969335,0.32557195956362545,0.19374822113833748,0.11919577132543568,0.6287232140471876,0.5115103063769144,0.31718560355720093,0.0,0.0,0.0,0.0,0.082255174255756,0.0,0.2682832934798653,0.0,0.45182670074554204,0.12719889634671827,0.0,0.2378451262331282,0.05813274026742097,0.41106402173284456,0.0,0.07153870642512102,0.0
0.0,0.0,0.8092343583647014,0.0,0.31250846608235533,0.4102011787054914,0.0,0.2756750182006958,0.0,0.12111609282618205,0.8177975366038683,0.39218313952214007,0.0,0.0,0.5495013734226349,0.0,0.069447148678347,0.09593817915771607,0.6668241584208024,0.6531426244191106,0.09820957937086824,0.5522301972758847,0.48659550942660657,0.21973747726954948,0.0,0.11459046288469502,0.6927995409286607,0.3239743061063298,0.10572622043109689,0.5313698509987497,0.36911892535584134,0.0,0.04530700191336016,0.16606695037663743,0.0,0.0,0.14133442279753897,0.0,0.0,0.06377828073316774,0.026905251473119157,0.0,0.0,0.1318275562708925,0.09600156431866867,0.0032445242636218764,0.013534979588931748,0.6487680003216898,0.05055862656635164,0.5950410377828123,0.15200300125257654,0.2479041175549195,0.3032839953451212,0.9088441293944886,0.14802324484609247,0.7815762914940775,0.22924168807884762,0.04746985085219938,0.0,0.5168312391401476,0.0,0.061598423352101896,0.0,0.5891013730725554,0.6580018802700345,0.06492583033100567,0.6067554160681257,0.40884453399137277,0.10298757285590343,0.07107226184536798,0.08147023886845689,0.6406440331963199,0.45215478279079013,0.0,0.2492899543741696,0.0743756130339024
0.4638987254548901,0.6042772513647098,0.1289785118229775,0.018261835568056124,0.23853326294819702,0.2483688291144435,0.5566849106595924,0.07001343996845297,0.12111609282618205,0.0,0.05724477480457354,0.3011504033319587,0.18423012134546624,0.0,0.20128521533431176,0.6130393455246463,0.6980888141496422,0.6304098944679628,0.0,0.0,0.40812001961327654,0.38214156098224533,0.12087164228411984,0.37629720767143393,0.7775860991743532,0.34339843273672416,0.110343239890653,0.19941055125108972,0.3151631117345092,0.0,0.3294096961738841,0.0,0.0,0.0,0.0,0.0,0.0,0.289057659220881,0.0,0.10565059423321661,0.053326052988308566,0.0,0.0,0.010255035900091304,0.20540627095901123,0.47755203576849237,0.46549871949685045,0.16950114444321324,0.0,0.0,0.5184787919504379,0.1497838956847504,0.1554048459242565,0.1299711633842998,0.7113831479195623,0.11743175786697892,0.0,0.26175450844567444,0.0,0.15371919041185997,0.4888706520141707,0.450666501602959,0.4832113723944236,0.06609224941399874,0.110764113650908,0.41114713456232554,0.3165044929950909,0.38228920969548336,0.42712731013721916,0.45136447482125464,0.41889363882478153,0.06363263556192769,0.2949396395842152,0.34279107890489774,0.458904391935379,0.5239017725449037
0.0,0.0,0.8008965078737614,0.0,0.4495941282883589,0.18750882955850462,0.0,0.4077867124112379,0.8177975366038683,0.05724477480457354,0.0,0.33766728819581204,0.0,0.13747625487512755,0.3879715189652034,0.0,0.0,0.0,0.6503671886865072,0.4723930463507126,0.009123332692415621,0.29797164050293384,0.49047876346777985,0.12198190521249357,0.0,0.0,0.5059335609997206,0.1502628330729153,0.06485619320196909,0.5211325148700128,0.3917108336405999,0.0926710748934705,0.16981668697238314,0.2620060517148343,0.0,0.06186530800827292,0.15784322403885895,0.0,0.0,0.0,0.15730072001972786,0.030390312821009204,0.001232631047468233,0.09672709550040932,0.0,0.0,0.0,0.4029499139424035,0.3017927657808657,0.4450461284363057,0.028728974545595035,0.09333751188651751,0.22905063192599093,0.8019635756210123,0.0,0.6964129487656702,0.3667637231851949,0.021966571613074366,0.0,0.3527290794756694,0.0,0.0,0.0,0.5913954233097855,0.5605680266371018,0.08700573220560409,0.44254733370701094,0.22800383511766636,0.0,0.0,0.0,0.49985391958256575,0.472753825286957,0.0,0.2581263521873772,0.07853649976484359
0.05131511276258459,0.07397711927813985,0.2605018038484351,0.0,0.02730537654081214,0.5554590874954892,0.0,0.5323610551186867,0.39218313952214007,0.3011504033319587,0.33766728819581204,0.0,0.3388108239002285,0.0,0.3470804801666255,0.06777343083346085,0.0,0.11869794434162798,0.30328044633237655,0.4267496091162382,0.18013941690293245,0.2956761919119809,0.5580902316194986,0.34689026543546897,0.03985436418978505,0.31126716141347144,0.3401270066263787,0.3808183794614776,0.33255934396870274,0.37919666117941,0.3519857460256685,0.0,0.24979269535986548,0.34594316200346326,0.0,0.31866163905366673,0.3246872042992917,0.0,0.0,0.26111958550116693,0.0,0.0,0.16859622214658077,0.2584952387365749,0.0,0.013069095075332675,0.15422708196661394,0.24885850373759666,0.19508068443801987,0.56189783578948,0.17019125447517092,0.549044423475399,0.5097291259587722,0.44683595805796095,0.3658681482669187,0.37322363178662854,0.7385000305146988,0.3425666808127733,0.052963080202806136,0.24313996705514437,0.0,0.08593454578159095,0.0,0.16586413628691457,0.3169710789546274,0.11319346047986688,0.25161079584986484,0.3405861401807825,0.06652611254501394,0.043932215068063794,0.2669811910727212,0.3300459285297922,0.2671470271520934,0.0,0.0,0.0
0.0,0.41080028019568166,0.0,0.12334824292260085,0.24734555915680065,0.36661645388548053,0.5351311119388693,0.31874148040878963,0.0,0.18423012134546624,0.0,0.3388108239002285,0.0,0.16510777498136417,0.0,0.07903551884334566,0.27345586640281755,0.293770412551809,0.0,0.0,0.20983916877318112,0.02662873809478625,0.33044525572659267,0.25974748963947303,0.20214499954705833,0.48837323513778147,0.0,0.46109181399219784,0.5122499686063219,0.0,0.0,0.16110328304899316,0.24870095125205746,0.06787285065642215,0.11736820476514921,0.4613385877404073,0.288408258358551,0.0,0.0,0.21308485482269365,0.0,0.0002681358580929553,0.38975300695577075,0.07267274839027676,0.0,0.0,0.1502263399484928,0.0,0.1897440525813037,0.004275440340170462,0.31172075570535385,0.3976546123747722,0.2756557133313952,0.11299486504528236,0.17941049018489277,0.0,0.4839249395772209,0.5958807507030619,0.19206454196918074,0.0,0.0,0.0,0.0,0.0,0.0,0.04902630245605642,0.0,0.17010371707950084,0.24866617319274753,0.0,0.3606854279131794,0.0,0.08775970731349785,0.12725306413962903,0.0,0.0
0.0,0.0,0.0,0.1212672209461419,0.31565698710415774,0.0,0.08321726070381087,0.22691758060679607,0.0,0.0,0.13747625487512755,0.0,0.16510777498136417,0.0,0.0,0.0,0.0,0.0,0.0,0.0,0.0,0.0,0.0,0.0,0.0,0.0,0.0,0.0,0.0,0.056575900607257125,0.0,0.3971866240068536,0.4450549250791291,0.15798671696872613,0.32459150691586075,0.42749151456656354,0.19251998644962035,0.0,0.29338015389770006,0.06403567414667409,0.1691236254626854,0.419404698937425,0.3590434425232021,0.0,0.0,0.0,0.0,0.0,0.4565347150492768,0.0,0.0,0.0017900845307576836,0.0,0.0,0.0,0.0,0.333900110798518,0.0,0.4231367071086133,0.0,0.0,0.0,0.0,0.0,0.0,0.0,0.0,0.0,0.0,0.0,0.0,0.0,0.0,0.0,0.0,0.0
0.14478048578624705,0.0,0.5849201324772214,0.0,0.0,0.09492127987678657,0.0,0.0,0.5495013734226349,0.20128521533431176,0.3879715189652034,0.3470804801666255,0.0,0.0,0.0,0.270383711356161,0.019063017998283464,0.23847619175480433,0.5808350336511616,0.8083497766884875,0.1794624407971819,0.7797602286250129,0.06739483645427637,0.0,0.16679041276550613,0.01682213302029901,0.6491351232822576,0.4012709939652636,0.1159714509305827,0.5106547191394297,0.5535806264309384,0.0,0.0,0.20943328024636088,0.0,0.0,0.0836319829556182,0.0,0.02082042613591657,0.03588783203752764,0.0,0.0,0.0,0.20931368981485027,0.0,0.31251571725183536,0.010769137526149124,0.5366322898118716,0.023489782194189214,0.40411024084684394,0.0,0.25390919114412314,0.013271899436383714,0.482397796974158,0.15002930068659603,0.6209024851287029,0.0,0.0,0.0,0.8361649349903927,0.05463010159077978,0.0,0.04381542396485838,0.4600688375042962,0.7366932191757841,0.2251165475000988,0.6753042059061293,0.07603438704965063,0.0,0.05226498221557479,0.0,0.5740419282146644,0.2425963766950756,0.0,0.1437640186726427,0.14409466349743316
0.5847364343608143,0.5775196142948663,0.007299921635060428,0.1754462266606144,0.12111184355091799,0.06416712470962477,0.414435169584011,0.0,0.0,0.6130393455246463,0.0,0.06777343083346085,0.07903551884334566,0.0,0.270383711356161,0.0,0.3890935686386975,0.7712529750772678,0.0,0.08065202726776396,0.4164803510638834,0.4824090042284822,0.0,0.14104457843968465,0.7262142957710264,0.3098941868162958,0.17493150697061266,0.3102983192155641,0.39605023479972684,0.0,0.4444393118030954,0.020394428966525276,0.0,0.05622285960303472,0.0,0.0,0.0,0.17219569756076042,0.14410399488504866,0.10504128725401234,0.0,0.0,0.03617047775944953,0.25266590695090374,0.09765062592386123,0.6159271608391528,0.4547925021167561,0.0,0.0,0.0,0.33748106216767604,0.19916614255272552,0.03081953674424395,0.013374947566073186,0.5133635734555426,0.0,0.0,0.1674948520009119,0.0,0.15458437663273714,0.5289258670815733,0.35371078886720575,0.47849741831636156,0.0,0.014912047843783374,0.43731221030129863,0.29446110380189383,0.19753402909306028,0.15084733959767774,0.4021801092132568,0.387216728533806,0.0756096874556177,0.2947204242185264,0.4467973832561769,0.3906576071332543,0.4563094143080862
0.42412291412325864,0.6422389960638648,0.058616952703856126,0.06841454656849083,0.0905175333020285,0.3316558431398599,0.45959738866859295,0.0,0.069447148678347,0.6980888141496422,0.0,0.0,0.27345586640281755,0.0,0.019063017998283464,0.3890935686386975,0.0,0.7163245360545852,0.0,0.0,0.2337522900154556,0.2599229330835555,0.10829457991095003,0.488924683609062,0.6564424404080923,0.5527778806623519,0.0,0.09850392868870447,0.20104572910057783,0.0,0.0,0.0,0.0,0.0,0.0,0.0,0.0,0.40826564636816637,0.0,0.005809825089794354,0.15796296199836815,0.0,0.0,0.0,0.32522848802296656,0.37978559476681495,0.46090579577801055,0.18961591850508286,0.0,0.0,0.5759973986773742,0.0,0.11601409917492296,0.0382717066069229,0.47997421899463844,0.06560797877272122,0.0,0.32808784611256575,0.0,0.045802512993242755,0.5774642392211007,0.6480281357933301,0.5226507949158299,0.10831658480258519,0.008897017632612518,0.09360639273459018,0.26606041795850804,0.38652681082585183,0.6106712294318811,0.4826336807860454,0.5157416941958777,0.0,0.2994330886584236,0.15953435842531605,0.49215950537041575,0.45992771181627545
0.6270090134911922,0.7948192803221261,0.0181718228379825,0.1501929859838666,0.137693879523531,0.2951651349283295,0.4764216681940015,0.0,0.09593817915771607,0.6304098944679628,0.0,0.11869794434162798,0.293770412551809,0.0,0.23847619175480433,0.7712529750772678,0.7163245360545852,0.0,0.0,0.033961374678095256,0.4074135256875026,0.46032390239301774,0.06204719350317051,0.35902142612876825,0.7913854829304009,0.5631526402804822,0.11850070865323896,0.3649330295185914,0.3750812297129711,0.0,0.18658746810594792,0.0,0.0,0.0,0.0,0.0,0.0,0.2285222475301749,0.0,0.07895957401100903,0.03155970169271949,0.0,0.008011263168391757,0.051113509699783864,0.3062686261597992,0.624587505789177,0.5913222610856511,0.10277936930992206,0.0,0.0,0.46971875891457576,0.12177845935508552,0.15228489002869572,0.08247227193748358,0.5064962728010197,0.054310969046299916,0.0,0.30533909723087577,0.0,0.20599568177871452,0.6091964068993769,0.6076972333671642,0.6588482931333774,0.0797169032881852,0.023102859181202837,0.30743189607051513,0.3363165743333681,0.3396118385708431,0.4199206559685894,0.5182917331760241,0.5475622255694805,0.08022747454401007,0.3961382061769972,0.2921661911796938,0.4841739016165164,0.4494392133251232
0.0,0.0,0.7537077441953834,0.0,0.0,0.25988581280001666,0.0,0.19943974958263477,0.6668241584208024,0.0,0.6503671886865072,0.30328044633237655,0.0,0.0,0.5808350336511616,0.0,0.0,0.0,0.0,0.6829233398553636,0.0,0.460261927065166,0.35758115848183597,0.05549138886006948,0.0,0.0,0.6195908585206478,0.1785455494039726,0.0,0.5471805919815843,0.29985361262851934,0.0,0.042491809360088326,0.20748900840883214,0.0,0.0,0.1573513344748561,0.0,0.0,0.0,0.0,0.0,0.0,0.21744090415501385,0.0,0.0030753719886937067,0.0,0.6427456653699869,0.06856756712499583,0.5617188034954159,0.0,0.16936805967645427,0.1722784535386231,0.6116604023052516,0.0,0.7859550521358313,0.18299256971216787,0.0,0.0,0.6834426297893249,0.0,0.0,0.0,0.8116879173554814,0.7122094655345321,0.0,0.6404282930086678,0.20085849766107142,0.0,0.0,0.0,0.6398512552200291,0.37588043999391674,0.0,0.11974914772859303,0.06629276190516258
0.020094379728218422,0.0,0.7009422664201632,0.0,0.0,0.23724247370635096,0.0,0.0,0.6531426244191106,0.0,0.4723930463507126,0.4267496091162382,0.0,0.0,0.8083497766884875,0.08065202726776396,0.0,0.033961374678095256,0.6829233398553636,0.0,0.0,0.7650149485760104,0.20057814325839113,0.0,0.0,0.0,0.8115904385499692,0.49779528717304217,0.1474519923256606,0.614647045059935,0.5577986614528622,0.0,0.0,0.2862595696267478,0.0,0.049523909849212636,0.2967362684791542,0.0,0.0,0.007083504504469745,0.0,0.0,0.0,0.33160856162144325,0.0,0.1383398861495344,0.0,0.6761410833732483,0.05037811841411327,0.5549755814085839,0.0,0.3470186908556456,0.032651620576108306,0.6458814414608758,0.044716231154235925,0.748726913408583,0.17606988686443006,0.0,0.0,0.7319092687950932,0.0,0.0,0.0,0.5264265864911669,0.8741146100737545,0.014718442314183839,0.7135177093087588,0.15230378872555633,0.0,0.0024596935916681877,0.0,0.7667577584500646,0.23191642061242182,0.0,0.026519933386755776,0.04388925384656011
0.49877437010211445,0.36018514073905217,0.0,0.1114813702713508,0.1518380745605542,0.3356801817109884,0.2610091138301414,0.3134343595653464,0.09820957937086824,0.40812001961327654,0.009123332692415621,0.18013941690293245,0.20983916877318112,0.0,0.1794624407971819,0.4164803510638834,0.2337522900154556,0.4074135256875026,0.0,0.0,0.0,0.17666436723138307,0.3237410740763138,0.27208601391626064,0.4860266343777212,0.36494383417552945,0.18123184720386326,0.18417911013032354,0.5998487063292149,0.07258962645431506,0.27149316873774826,0.02149241449623228,0.09898129368165422,0.20266777864631155,0.0,0.0,0.0,0.04598774710708411,0.2989797636969648,0.23979521767556433,0.11377073398237675,0.07214585915583727,0.20528642225417165,0.0782950591678243,0.07777456266363847,0.4820042200812174,0.5056250129867363,0.0,0.08060047052163104,0.2156459698987613,0.4490565644027257,0.34260191250863886,0.4638367076990606,0.11378057540674333,0.6151673389259148,0.06859758674336941,0.002067178921417527,0.46960752274419737,0.08945706046517388,0.14152664558058203,0.3574742446882246,0.4031365346603002,0.46092433239293107,0.0,0.0,0.787405075075012,0.19478325138665273,0.4733104237295222,0.27654517957337055,0.5308347447270879,0.48559839022749673,0.08336130665518854,0.44475082536874916,0.5166771173969819,0.416489533780699,0.31711923472652176
0.2995347307622009,0.23147877831750827,0.6023087361808184,0.0,0.0,0.24229991460965308,0.0200153920812073,0.0,0.5522301972758847,0.38214156098224533,0.29797164050293384,0.2956761919119809,0.02662873809478625,0.0,0.7797602286250129,0.4824090042284822,0.2599229330835555,0.46032390239301774,0.460261927065166,0.7650149485760104,0.17666436723138307,0.0,0.06405682305214214,0.15018758918489897,0.42221937997740766,0.2265984031832114,0.7034804506485182,0.5845797385183412,0.2069411111600881,0.3701718271043892,0.5931136769203854,0.0,0.0,0.1700490425374967,0.0,0.0,0.09898180015650998,0.0,0.0,0.06308773369992506,0.0,0.0,0.0,0.3046763785261676,0.0,0.4331624467567684,0.22112579104425062,0.5846105668528317,0.0,0.33096142362980396,0.19820305144682332,0.3418140840211806,0.028803831993541383,0.5283445703007384,0.3400586954927601,0.6047302376433402,0.0,0.0,0.0,0.7005982505287067,0.22265710933771052,0.20232728917431853,0.2421683235157715,0.42080515806553986,0.7206701387433857,0.18815654119842717,0.7396274898148616,0.2694858551708707,0.13747512604904225,0.26430766987898263,0.2167192026155022,0.6338874133062251,0.3210319303569438,0.13775511224512407,0.249079723467119,0.3055341709347382
0.0673065445524457,0.008405362518231057,0.3267276952237722,0.0,0.26950491564138507,0.6880337307316092,0.04600410630033994,0.765214679967703,0.48659550942660657,0.12087164228411984,0.49047876346777985,0.5580902316194986,0.33044525572659267,0.0,0.06739483645427637,0.0,0.10829457991095003,0.06204719350317051,0.35758115848183597,0.20057814325839113,0.3237410740763138,0.06405682305214214,0.0,0.5590914569964077,0.0,0.428474436875462,0.37534073296296167,0.14978773752376612,0.3837639596079518,0.2785161803875937,0.11883957349723746,0.0,0.24306844567435518,0.29826032698636845,0.12709844561209963,0.19863877094892687,0.16523556112091453,0.0,0.0,0.17719533720692784,0.15587764997646442,0.0,0.21277507425536235,0.03837979403150372,0.050592900151004885,0.0,0.12471478746497144,0.23436425075829573,0.25925181862990765,0.41503735400209363,0.3947099868993495,0.2672101966395057,0.7296442291943536,0.5603215333143143,0.23815808549969514,0.37800794101340346,0.6092046815367221,0.5056141098298018,0.06196451840828624,0.07325400811191918,0.0,0.09089549947378524,0.0,0.26722919491792124,0.18593497281616284,0.18401397566864114,0.21682379222588585,0.6849803631649162,0.35301564330304874,0.029785493811829166,0.36848897502899086,0.33526323780176587,0.43211063247222964,0.0,0.15085787410210977,0.0
0.4336008861383038,0.3986505666232488,0.11442285196393852,0.0,0.06589900623720688,0.6388692680714592,0.12073354513157254,0.4148396838872297,0.21973747726954948,0.37629720767143393,0.12198190521249357,0.34689026543546897,0.25974748963947303,0.0,0.0,0.14104457843968465,0.488924683609062,0.35902142612876825,0.05549138886006948,0.0,0.27208601391626064,0.15018758918489897,0.5590914569964077,0.0,0.32099502869575486,0.6715868773456798,0.16732417158471755,0.05377002329236053,0.18004690955428704,0.0,0.007834111097820147,0.0,0.02466187402725915,0.1413912953069495,0.0,0.0,0.0,0.12628960826413152,0.0,0.20188610204126392,0.1879935393562625,0.0,0.1428762996942682,0.010660634265394918,0.22707423717768555,0.2986069587147362,0.36516618865213446,0.23679509409730304,0.0,0.09287010735414888,0.6170682446216377,0.12023615013100925,0.5939084848141639,0.3016618712151101,0.4014230928115252,0.218443578921115,0.2622881147799026,0.46857772747018445,0.0,0.049173865698958,0.2583523267062709,0.4292385133380751,0.2914337191111563,0.18086176245009583,0.0844231168148479,0.1272398866293743,0.2294831584748543,0.6202561711608217,0.675257267794143,0.3436028923212544,0.6038013835513404,0.1774995781901979,0.3246392278214388,0.10180528558472389,0.3043015951069095,0.2205147520591916
0.7062352907370383,0.827192842357477,0.0,0.13975662841682085,0.0,0.23152710250427308,0.44705079472316334,0.0,0.0,0.7775860991743532,0.0,0.03985436418978505,0.20214499954705833,0.0,0.16679041276550613,0.7262142957710264,0.6564424404080923,0.7913854829304009,0.0,0.0,0.4860266343777212,0.42221937997740766,0.0,0.32099502869575486,0.0,0.5114044548697881,0.062369584142117844,0.24488474264191842,0.3915672396488108,0.0,0.22018291280751243,0.0,0.0,0.0,0.0,0.0,0.0,0.2965327977068807,0.018560380899677976,0.1304134487479711,0.0,0.0,0.0,0.062043744966373146,0.2790153110424772,0.7355149003047333,0.7016773525078408,0.07076878477182348,0.0,0.0,0.5024334548761967,0.17115119488971298,0.06751642675825024,0.0,0.6718799980016863,0.0,0.0,0.2369424690702119,0.0,0.17253291680824845,0.6620704250450715,0.6085693134124839,0.6865936289879898,0.0,0.0,0.4238760918265571,0.287181562802198,0.3135948096396413,0.42394042248134056,0.6915442735085229,0.6203496907346788,0.008720876295298764,0.20835231695094894,0.4553536924404409,0.4202039162136815,0.5292350137391706
0.488331338730446,0.6307738180969165,0.0,0.043733395469372514,0.09060126291389588,0.5351722017592664,0.25003940703050526,0.30421098179761014,0.11459046288469502,0.34339843273672416,0.0,0.31126716141347144,0.48837323513778147,0.0,0.01682213302029901,0.3098941868162958,0.5527778806623519,0.5631526402804822,0.0,0.0,0.36494383417552945,0.2265984031832114,0.428474436875462,0.6715868773456798,0.5114044548697881,0.0,0.06223197770675205,0.09299058718627087,0.40430468321435664,0.0,0.0,0.0,0.15193721741938493,0.032737200607750115,0.0,0.0,0.0,0.05407644757456296,0.0,0.3357866148038103,0.1393896871536581,0.0,0.1821234008803876,0.0,0.1784511628248374,0.34447791119870874,0.506413760695305,0.0013876503059346008,0.0,0.09820951768760562,0.49379814487493523,0.21666460786509398,0.42989505145808954,0.14193919508111583,0.4681998751497149,0.024307132498894168,0.16720880191298185,0.5362064717325937,0.059231575445377604,0.0,0.2366909378553483,0.5282887862927989,0.3389015095515301,0.0,0.0,0.15795325011766007,0.14509401097930802,0.49802826378943016,0.5830787144598543,0.44021622012285755,0.8540188925342712,0.1031409449640192,0.31427909196057185,0.1530855690768339,0.23441695604948645,0.09029208494935675
0.19423947038264996,0.0,0.7052759153869488,0.0,0.0,0.43281648493506514,0.0,0.036128406732406505,0.6927995409286607,0.110343239890653,0.5059335609997206,0.3401270066263787,0.0,0.0,0.6491351232822576,0.17493150697061266,0.0,0.11850070865323896,0.6195908585206478,0.8115904385499692,0.18123184720386326,0.7034804506485182,0.37534073296296167,0.16732417158471755,0.062369584142117844,0.06223197770675205,0.0,0.46408317575648983,0.3256827392192108,0.5486327397972673,0.6079660967179388,0.0,0.0,0.30262491110254625,0.0,0.0,0.22047714761235226,0.0,0.0,0.0,0.0,0.0,0.0,0.2445610873664994,0.0,0.22649996007958156,0.15038763924855994,0.7289938891674157,0.0,0.5141346446578344,0.17754446438008747,0.31034051559956943,0.2625641885415234,0.7301498889871554,0.22434695135076588,0.7638067031032192,0.10934080526601424,0.0,0.0,0.6172756168812088,0.09094264229039893,0.09242669059519283,0.11812156088502354,0.5467570580002871,0.7899652508683285,0.15976282827298033,0.7195965651649271,0.4304215923575102,0.06490601906016628,0.2249604811053118,0.15830716001194367,0.8719774677695749,0.3264853270556545,0.16978270689477423,0.16767194841004454,0.18124243680181545
0.1125625845978762,0.2693514981617787,0.33283050878416787,0.0,0.0,0.25304157680703593,0.18432713330141337,0.0,0.3239743061063298,0.19941055125108972,0.1502628330729153,0.3808183794614776,0.46109181399219784,0.0,0.4012709939652636,0.3102983192155641,0.09850392868870447,0.3649330295185914,0.1785455494039726,0.49779528717304217,0.18417911013032354,0.5845797385183412,0.14978773752376612,0.05377002329236053,0.24488474264191842,0.09299058718627087,0.46408317575648983,0.0,0.36100083948526945,0.3891527084121298,0.4916136855466687,0.0,0.02333062900686366,0.2165584414257661,0.0,0.3064796080581915,0.4403572721527326,0.0,0.0,0.15121793425607302,0.0,0.0,0.11891415709885812,0.3965756414707346,0.0,0.18300181433373836,0.12276256054952,0.2667355756017927,0.1365528718390344,0.3138384149620156,0.19660137093214,0.48805015583786754,0.1491368601025757,0.42495790769558894,0.16591490519333696,0.2742150420771617,0.17220770627191528,0.14837749601809666,0.0,0.2632150082220079,0.0,0.01712596792926713,0.07718472957975588,0.048981166738225806,0.3624155207682796,0.1672421722373472,0.3137077594791236,0.2016820605047693,0.040152706218223505,0.09118212140224584,0.12684957267640826,0.37501133564388245,0.32474899602197776,0.17457549581622828,0.11486551095448772,0.01899227713948677
0.33510045891488144,0.35666886271312015,0.0,0.11556898905839748,0.17875779974891381,0.4587495758295622,0.33144499785586407,0.2889960464089095,0.10572622043109689,0.3151631117345092,0.06485619320196909,0.33255934396870274,0.5122499686063219,0.0,0.1159714509305827,0.39605023479972684,0.20104572910057783,0.3750812297129711,0.0,0.1474519923256606,0.5998487063292149,0.2069411111600881,0.3837639596079518,0.18004690955428704,0.3915672396488108,0.40430468321435664,0.3256827392192108,0.36100083948526945,0.0,0.03542135541878873,0.3218070983307003,0.05273793045906817,0.11182616730674112,0.21892284207239174,0.0,0.22650105165564466,0.14059123263667114,0.0,0.04272878697136105,0.12366214108481195,0.0,0.0,0.16477686749813772,0.11499098156806464,0.0,0.2821410872401303,0.388443368561897,0.0,0.15410630518067772,0.2312174106581003,0.4185235313556773,0.4553674910762164,0.4183891421268489,0.19961301208074422,0.5053468530282961,0.012256051131566258,0.2299074564494405,0.5093650222539956,0.09727487617854827,0.0,0.1467197922195643,0.22732033147777672,0.2981037215489819,0.0,0.0,0.4773793589358623,0.10522306145165476,0.4179636786535457,0.15127157630127258,0.38705295959692027,0.48195926009950657,0.17650575910095206,0.2968444679422623,0.5388466103338982,0.14026836356840747,0.08120145846756771
0.0,0.0,0.5030491129751067,0.0,0.05727158741951381,0.08359831005262681,0.0,0.18604333581318167,0.5313698509987497,0.0,0.5211325148700128,0.37919666117941,0.0,0.056575900607257125,0.5106547191394297,0.0,0.0,0.0,0.5471805919815843,0.614647045059935,0.07258962645431506,0.3701718271043892,0.2785161803875937,0.0,0.0,0.0,0.5486327397972673,0.3891527084121298,0.03542135541878873,0.0,0.5351499896638301,0.09340463331039464,0.20524143640425926,0.39641517017606925,0.0,0.20705124733776473,0.2327278389392226,0.0,0.03340956165485522,0.12636414745709876,0.00926099818993304,0.0,0.12542594674912302,0.21459647324517445,0.0,0.0,0.0,0.3299172020293911,0.2508654099366303,0.5663346360926345,0.0,0.3683582517451443,0.15144347889659016,0.5190563869385781,0.006748994965574108,0.5187253556187633,0.33731620214695973,0.0,0.043210561241139755,0.4122048143400791,0.0,0.0,0.0,0.3382073620582093,0.5214212704521921,0.09548315184401705,0.39193271359156673,0.07559572991034051,0.0,0.0,0.0,0.5046504234483361,0.3007120244453141,0.0,0.0,0.0
0.22516175555185372,0.007446167743299189,0.4073810454775483,0.0,0.0967308416710841,0.09233280061441913,0.08025288109195122,0.05467781353497323,0.36911892535584134,0.3294096961738841,0.3917108336405999,0.3519857460256685,0.0,0.0,0.5535806264309384,0.4444393118030954,0.0,0.18658746810594792,0.29985361262851934,0.5577986614528622,0.27149316873774826,0.5931136769203854,0.11883957349723746,0.007834111097820147,0.22018291280751243,0.0,0.6079660967179388,0.4916136855466687,0.3218070983307003,0.5351499896638301,0.0,0.109053634135154,0.12798250901764127,0.47605967248147396,0.0,0.06885075157254074,0.17342383266408343,0.0,0.09518344395824752,0.17706537641685996,0.0,0.0,0.0,0.34115779224793885,0.0,0.29571125611999116,0.09825566326313168,0.2828820600522937,0.25251499937854816,0.36143931650579086,0.09190795708592688,0.4863197968535928,0.1158441212071675,0.4399004837066837,0.3250545503351791,0.43737122530379474,0.1356874597944562,0.0,0.0,0.4300741761223889,0.11108440358239624,0.0,0.1470823082265411,0.2207915926283483,0.5142135628589202,0.4335574750940682,0.5077904913785348,0.19094937149199803,0.0,0.12771655893511244,0.06974462988258652,0.5310968707046374,0.32474529059251156,0.37770579603113896,0.143606650808188,0.2908294906027153
0.0,0.0,0.0,0.13991400989383643,0.25580288304291376,0.0,0.17320528610003494,0.1497924813719455,0.0,0.0,0.0926710748934705,0.0,0.16110328304899316,0.3971866240068536,0.0,0.020394428966525276,0.0,0.0,0.0,0.0,0.02149241449623228,0.0,0.0,0.0,0.0,0.0,0.0,0.0,0.05273793045906817,0.09340463331039464,0.109053634135154,0.0,0.3514694346115341,0.17012069296751495,0.13226411580941913,0.2122395068881066,0.041708263328611175,0.0,0.632671677428961,0.2759001419547672,0.06720511855649648,0.2945380136208734,0.27472452944653997,0.1451424921347166,0.0,0.0,0.0,0.0,0.28811405852641075,0.11530830958723827,0.0,0.11823733718657928,0.0,0.0,0.0,0.0,0.1147336165207832,0.0,0.3575544492610428,0.0,0.0,0.0,0.0,0.0,0.0,0.0974775351423471,0.0,0.0,0.0,0.0,0.0,0.0,0.0,0.0,0.0,0.0
0.0,0.0,0.0,0.06507941340558565,0.25373265183409144,0.04261770812094483,0.09100066069224785,0.4121351057193106,0.04530700191336016,0.0,0.16981668697238314,0.24979269535986548,0.24870095125205746,0.4450549250791291,0.0,0.0,0.0,0.0,0.042491809360088326,0.0,0.09898129368165422,0.0,0.24306844567435518,0.02466187402725915,0.0,0.15193721741938493,0.0,0.02333062900686366,0.11182616730674112,0.20524143640425926,0.12798250901764127,0.3514694346115341,0.0,0.4253553201796093,0.23107739005035322,0.3822218413961648,0.18136248761046764,0.0,0.2877214802811567,0.5230108352494226,0.1345827900867864,0.27695577820284634,0.441161370354548,0.1634411201282343,0.0,0.0,0.0,0.0,0.39005737259498124,0.23708124361609578,0.0,0.2756798934863775,0.15470980243917212,0.049275173817269105,0.0,0.0,0.4466317551733904,0.11972284201978478,0.4453681218541693,0.0,0.0,0.0,0.0,0.0,0.0,0.06754467150092978,0.0,0.0,0.0,0.0,0.011569007117047163,0.0,0.05858928462384266,0.0,0.0,0.0
0.03168039341278792,0.0,0.17507773819415312,0.0,0.030220504174248437,0.13941947740639066,0.0,0.2820614674875337,0.16606695037663743,0.0,0.2620060517148343,0.34594316200346326,0.06787285065642215,0.15798671696872613,0.20943328024636088,0.05622285960303472,0.0,0.0,0.20748900840883214,0.2862595696267478,0.20266777864631155,0.1700490425374967,0.29826032698636845,0.1413912953069495,0.0,0.032737200607750115,0.30262491110254625,0.2165584414257661,0.21892284207239174,0.39641517017606925,0.47605967248147396,0.17012069296751495,0.4253553201796093,0.0,0.19374991408989642,0.2532895033672618,0.2934728171552407,0.0,0.1946505397061392,0.3531783952888565,0.3052313999170432,0.10850640024641531,0.19831010968734067,0.2260765563792064,0.0,0.0,0.0,0.023666364266991532,0.39889135292068256,0.3168178472033565,0.02310796069081453,0.42809492884142525,0.2752501119828086,0.3206056727780575,0.0801117613333432,0.19243175568220933,0.39952790532026095,0.1399111261760778,0.15844561523684628,0.10512329202254098,0.0,0.0,0.0,0.09175897119334178,0.1949990727360617,0.22471845733006368,0.14311801231619553,0.1363268849493552,0.0,0.0,0.04034341265600604,0.25109925438276026,0.26108455472387154,0.14492794771821857,0.0,0.022023749918039043
0.0,0.0,0.0,0.0,0.15667149274540237,0.0,0.03533830847021522,0.20153050315141877,0.0,0.0,0.0,0.0,0.11736820476514921,0.32459150691586075,0.0,0.0,0.0,0.0,0.0,0.0,0.0,0.0,0.12709844561209963,0.0,0.0,0.0,0.0,0.0,0.0,0.0,0.0,0.13226411580941913,0.23107739005035322,0.19374991408989642,0.0,0.18784361357927062,0.030579156996612324,0.0,0.0,0.019358324240713053,0.26424069753441404,0.3117926205143827,0.05174373307918609,0.0,0.0,0.0,0.0,0.0,0.30862204463762716,0.0,0.0,0.0,0.0,0.0,0.0,0.0,0.29686105152429915,0.024712121529306165,0.2906918786087133,0.0,0.0,0.0,0.0,0.0,0.0,0.0,0.0,0.0,0.0,0.0,0.0,0.0,0.0,0.0,0.0,0.0
0.0,0.0,0.0,0.1690416468880664,0.08656463652679654,0.08332584727941202,0.03102833255727935,0.32021439597374884,0.0,0.0,0.06186530800827292,0.31866163905366673,0.4613385877404073,0.42749151456656354,0.0,0.0,0.0,0.0,0.0,0.049523909849212636,0.0,0.0,0.19863877094892687,0.0,0.0,0.0,0.0,0.3064796080581915,0.22650105165564466,0.20705124733776473,0.06885075157254074,0.2122395068881066,0.3822218413961648,0.2532895033672618,0.18784361357927062,0.0,0.5539832353297589,0.0,0.04654662178096073,0.1675917534460229,0.0,0.09220743375851705,0.44227423242570657,0.20834341640182835,0.0,0.0,0.0,0.0,0.3415910610555803,0.2177107944246843,0.0,0.43737647610850383,0.21473647423049988,0.05597745198659306,0.0,0.0,0.5441504368234761,0.20828759268250932,0.3279997080439672,0.0,0.0,0.0,0.0,0.0,0.0,0.0,0.0,0.0,0.0,0.0,0.0,0.0,0.0,0.0,0.0,0.0
0.0,0.0,0.1719910483240031,0.0,0.0,0.15048040377504104,0.0,0.14149182631913484,0.14133442279753897,0.0,0.15784322403885895,0.3246872042992917,0.288408258358551,0.19251998644962035,0.0836319829556182,0.0,0.0,0.0,0.1573513344748561,0.2967362684791542,0.0,0.09898180015650998,0.16523556112091453,0.0,0.0,0.0,0.22047714761235226,0.4403572721527326,0.14059123263667114,0.2327278389392226,0.17342383266408343,0.041708263328611175,0.18136248761046764,0.2934728171552407,0.030579156996612324,0.5539832353297589,0.0,0.0,0.0,0.10320067413819295,0.0,0.0,0.1813649538312224,0.2792431175765865,0.0,0.0,0.0,0.06524295519248295,0.26192297883503046,0.27539056891701374,0.0,0.37485680029622614,0.12340802757125115,0.2547457762805626,0.0,0.09181372765453079,0.4240263963451706,0.10872783082167589,0.0,0.0,0.0,0.0,0.0,0.0,0.14417207214388464,0.0,0.0,0.0,0.0,0.0,0.0,0.21243365652494364,0.0,0.0,0.0,0.0
