0.0,0.5858677529354495,0.2913090914336574,0.017433401302654482,0.0,0.21589839279703538,0.0,0.17002101848739304,0.0,0.21783670133357366,0.0,0.37438384459381413,0.0,0.0,0.7113897798129963,0.7932637828889019,0.43299237953056735,0.6166756363506565,0.08521029840312941,0.6378024196882498,0.42592277868836154,0.7632088304687398,0.44238198756388714,0.466167106278942,0.7321073293119265,0.776591543949093,0.4686036770973863,0.28139285000903624,0.5452177642889233,0.40413481619973296,0.7898547354715852,0.10632612478947531,0.5348994200812135,0.5939755788896249,0.34999939737897107,0.0,0.36857685774654697,0.17466193211116426,0.030392233616978626,0.2910542451363543,0.26634539227639636,0.17569142467230497,0.0,0.0,0.02996060864163107,0.8392556301816071,0.6428155536355696,0.20919259430657833,0.0,0.22768229741754784,0.30611178960684166,0.16290383412517456,0.32326608337060736,0.08843266513401106,0.5079609372047543,0.14307495513368715,0.25112988873334285,0.05885428647150474,0.0,0.6816055204907123,0.4420789981809415,0.6391992143482678,0.6248508980794386,0.13059381802322126,0.6785777241054319,0.5065458575197718,0.6880773105581752,0.45205624760735996,0.36243382842010186,0.7125241527886553,0.7389761470442172,0.43118359490408287,0.03481013556821805,0.5176779189878509,0.34614669195782916,0.12255630641362524
0.5858677529354495,0.0,0.3640399783183891,0.03616649318217673,0.20217327937882143,0.25474942848804655,0.27726781453974664,0.4685632758427781,0.1402259223335453,0.0,0.14953859818246895,0.23211955406734405,0.3960532845554927,0.0,0.6801978668371351,0.47772468944542085,0.0,0.0860306833960988,0.0,0.7385270627743934,0.7695726788944726,0.8091911835304473,0.4331712507618924,0.03605936132842752,0.45707481902228997,0.5447036663788959,0.47277310614453727,0.2202567646645658,0.5124849315159414,0.5778705218721408,0.6135194066286946,0.0,0.6846073678755938,0.42951328809900413,0.0,0.0,0.23150582925939872,0.27221562388316906,0.0,0.2553601645975694,0.0,0.14968622635502613,0.0,0.0,0.060218858580780174,0.5938424846089517,0.5370950387073773,0.19290236902284713,0.04465647668667121,0.30234128885043904,0.18957083524729182,0.1932438464387702,0.5905568904122592,0.19471619485819677,0.3994834624055819,0.18628144929607074,0.0,0.5197599187089939,0.0,0.6238342699413034,0.0,0.38939064272723517,0.22297907773058595,0.11486217409436304,0.5168558923076467,0.7839170286830303,0.43762300037816276,0.5228292234755825,0.0,0.47104749504864746,0.43147758774048606,0.40741338352202056,0.266399428691108,0.5571237938490791,0.23031540202845696,0.0
0.2913090914336574,0.3640399783183891,0.0,0.0,0.31874399591180685,0.7150603925195557,0.1562405093270003,0.5267966151837391,0.6930254854695392,0.11283211673215124,0.7556581366044428,0.2912303368240713,0.4084152258362522,0.0,0.5134927052944379,0.1558593042367631,0.029352612578333322,0.02397615260299739,0.8174598275365417,0.5240742995150884,0.35556948022773566,0.45487304219085456,0.7778809625820085,0.24815343348172442,0.3525847153492412,0.43891242777412515,0.7091442206733117,0.21767421152120525,0.4616632857658887,0.32675678384889245,0.1614207190632452,0.0,0.0,0.0,0.0,0.0,0.12622471712175995,0.0,0.0,0.0,0.0,0.0,0.0,0.0,0.06294637256927706,0.4006838693167251,0.29804256258389855,0.9287828196373363,0.0,0.3909066972217333,0.6328044665945424,0.18548714286071388,0.6653200912797339,0.670140172867259,0.13204154161546275,0.7881181954628509,0.09498411683390694,0.3975504076185956,0.0,0.5123778776042798,0.0,0.12214009141838292,0.14580886632526388,0.8417171304788523,0.6050362804395636,0.44068809506520285,0.4650948154928238,0.85320364720294,0.22325911193313613,0.26505592540083206,0.3920221399733517,0.693686126171545,0.2305572265138882,0.5668946865909332,0.24793805220991483,0.0
0.017433401302654482,0.03616649318217673,0.0,0.0,0.31706310130062154,0.0,0.47945839786568867,0.22988542572595752,0.0,0.0,0.0,0.0,0.10223615455403534,0.4379731427058762,0.0,0.0,0.0,0.0,0.0,0.17691192817044954,0.3868157340042312,0.07137921764674143,0.0,0.0,0.0,0.0,0.0,0.0,0.22172468800800568,0.19032947536013764,0.0,0.10409425498825153,0.2205172859181546,0.20507355276923583,0.0,0.34107167477199346,0.01926331841504788,0.19389638979419976,0.20389362757778798,0.0,0.0,0.0,0.2720810757148829,0.2836173311191084,0.035532854860476984,0.0,0.0,0.0,0.7916696153334523,0.04508571608271014,0.0,0.38683126774777193,0.09906879597590444,0.0,0.0,0.0,0.0,0.19012130375831904,0.3297722741152462,0.0,0.0,0.0,0.0,0.0,0.0,0.17105930463573465,0.0,0.0,0.0,0.0,0.0,0.0,0.0,0.0,0.0,0.0
0.0,0.20217327937882143,0.31874399591180685,0.31706310130062154,0.0,0.5350514516984554,0.8154560842563369,0.7187706648074398,0.5430255062728493,0.0,0.7468731745887034,0.0,0.6343522001794394,0.6201672096421526,0.11433051896880951,0.0,0.08011400421394475,0.0,0.3721126306035062,0.4860688530827833,0.5242326085569105,0.24553958664099804,0.4503983085672125,0.0,0.0,0.0,0.41784453521867193,0.18400522375374911,0.5080819917623666,0.4735421203402662,0.0,0.0,0.0,0.059042630605996335,0.0,0.3106402208715261,0.0,0.21600829341115058,0.0,0.0,0.0,0.0,0.2976729957349445,0.017373797334729952,0.15088007372002674,0.0,0.0,0.3394222958936465,0.5051757262910181,0.6982314576870304,0.02362751364076177,0.4785392519128156,0.667783138954041,0.553638015898045,0.0,0.5315794374267248,0.0,0.3637955485281256,0.6723041812283256,0.04822619016531795,0.0,0.0,0.0,0.34376812948859425,0.061746020102693554,0.4425743377608746,0.0,0.21088226158822604,0.0,0.0,0.0,0.08068835160199982,0.12407617499620101,0.0,0.011075536862510846,0.0
0.21589839279703538,0.25474942848804655,0.7150603925195557,0.0,0.5350514516984554,0.0,0.3234961575051547,0.6029766763382078,0.841543474310735,0.13443814435158338,0.5953316130327344,0.28622129587786127,0.6797946835044669,0.0,0.27967652239639046,0.13122268982213464,0.1370346720550196,0.09214914178531444,0.6487484323231469,0.47394115264954867,0.292328320582559,0.36784166370653276,0.805038458907332,0.4279803486316769,0.3968560035387041,0.3961646463672946,0.659303629846924,0.4650541130651781,0.7341088507221747,0.39746537391054554,0.21249021119959327,0.0,0.035211988757078296,0.048218695382057974,0.0,0.0,0.07042164337305053,0.0,0.0,0.16407492272314683,0.015132681910534336,0.0,0.0,0.07203784013600617,0.24641681093696405,0.4049170200382256,0.18365236437706228,0.6776572652957835,0.0,0.4214497357656684,0.7227296341953001,0.4464385687782937,0.6126299651718439,0.7217823263304677,0.006863433594685744,0.6880419885810517,0.1457429235127239,0.543355879813853,0.12294793275009529,0.21414590483455612,0.0,0.07335545629797832,0.2711879109313742,0.6175889114224844,0.50522994316338,0.3061394458622717,0.4038091602572757,0.6885751632758489,0.3643292038401249,0.10310497042050541,0.3018016408372243,0.4801109809719088,0.35818925445779076,0.5874749408601492,0.34779884995174454,0.1097226596083765
0.0,0.27726781453974664,0.1562405093270003,0.47945839786568867,0.8154560842563369,0.3234961575051547,0.0,0.590439180129922,0.2361083169481829,0.0,0.43292182030980914,0.0,0.5334911323257245,0.5811608946383453,0.0,0.0,0.0,0.0,0.04757683863415995,0.3834224835757412,0.5822732995322634,0.14405640243590645,0.24237860039985498,0.0,0.0,0.0,0.2451835569790126,0.0,0.4510252941351796,0.36867405456512353,0.0,0.0,0.1214506430844752,0.15061279991367776,0.0,0.3872926548650524,0.0,0.2699151587013289,0.03250608548092681,0.0,0.0,0.0,0.4175126015521432,0.044063019193556256,0.1566816302572003,0.0,0.0,0.047901226951360724,0.5464422345934629,0.4923686106891497,0.0,0.42025903783857516,0.5569762439301602,0.25869390834393197,0.0,0.16997786925902234,0.0,0.44553107588462,0.7247673309249013,0.0,0.0,0.0,0.0,0.14104009684248842,0.0,0.3762264056933706,0.0,0.08191781110041685,0.0,0.0,0.0,0.0,0.05093058163440496,0.0,0.0,0.0
0.17002101848739304,0.4685632758427781,0.5267966151837391,0.22988542572595752,0.7187706648074398,0.6029766763382078,0.590439180129922,0.0,0.5260349080350772,0.0,0.6921692848496724,0.07057334320191444,0.504753384584978,0.31317433813439194,0.43488463457710685,0.0,0.030894511658508064,0.0,0.42542041409828085,0.7001483622170185,0.6533694886769025,0.5825375778291609,0.7538952873387936,0.04139707141929638,0.10439867615496932,0.1480582915981258,0.5590811752183141,0.2242382320761058,0.5921000474530626,0.558045231511815,0.16831417407532073,0.013317631895442224,0.24676674296640574,0.2033528571751667,0.0,0.0,0.020917638846305535,0.3046849049041651,0.06738589796174937,0.0,0.0,0.0,0.0,0.0,0.1014692100703823,0.21142859637760567,0.0,0.43922201380729603,0.3117837587328119,0.5261741541541644,0.11818794548820222,0.5222621858341503,0.7973610809439071,0.5411404387994055,0.10443161800117369,0.6019210722044467,0.047819419011916095,0.3898944508664089,0.3937673353387773,0.28416102086570877,0.0,0.036463343961088225,0.05183836939991228,0.38720490993071016,0.3540243408372933,0.5705186453771824,0.12368146522375849,0.4174383679698643,0.020410643660113324,0.0,0.0,0.17984306069315228,0.08904835787319057,0.12943540106132068,0.13888445156392856,0.0
0.0,0.1402259223335453,0.6930254854695392,0.0,0.5430255062728493,0.841543474310735,0.2361083169481829,0.5260349080350772,0.0,0.2443227151877261,0.7831640274463287,0.3056552793040434,0.6679161475412184,0.045656042611696146,0.18989592303678396,0.0,0.05683220832168291,0.0,0.8258489920925866,0.37310145490519314,0.08443571173141495,0.2672887095253343,0.6232215363163307,0.37601051524064977,0.19344992109471262,0.3196887049550227,0.607080650671018,0.5019139486377542,0.40892082926291506,0.2928690726834809,0.0,0.0,0.0,0.0,0.0,0.0,0.07774756398766841,0.0,0.0,0.0780778005776669,0.09275587970813781,0.0,0.0,0.0,0.24488900723972581,0.28383694212398836,0.18113139024022165,0.8081228530364352,0.0,0.5084510465985858,0.5783090497352271,0.3328095226555353,0.5580127324348997,0.9619543390566582,0.0,0.892054846777277,0.19892513420544658,0.35228991890698463,0.20929769828815284,0.18239934297805868,0.0348943376272407,0.0,0.10815712943617235,0.7225176032134568,0.46104267526590076,0.20507635833517246,0.4271651302767757,0.6251831112058716,0.32532488955923067,0.0,0.25704741684484,0.5206424898281791,0.3742245493036411,0.3352393855565084,0.23641210673864996,0.2169853198161868
0.21783670133357366,0.0,0.11283211673215124,0.0,0.0,0.13443814435158338,0.0,0.0,0.2443227151877261,0.0,0.0,0.7036545047865039,0.0,0.0,0.08962635132766734,0.4517628147074406,0.07693468703586838,0.38908527230021095,0.2855294961534591,0.0,0.0,0.06979612699148939,0.10353409815606207,0.436132615904981,0.2953875372389024,0.41008640918251615,0.0586158777458415,0.4029292907200153,0.0,0.0,0.14319465284682734,0.15303730473392727,0.0,0.0,0.10416015478420594,0.0,0.6585372547318543,0.0,0.0,0.4032835180343602,0.6537386822887984,0.39143694546754554,0.0,0.0,0.10961657615563684,0.2896052533796501,0.2663470644775232,0.20634261046985747,0.0,0.0,0.17149281705157216,0.15040789311848993,0.0,0.2647937634506327,0.5908888214465393,0.3175582861031502,0.8040120190738959,0.0,0.0,0.06537850434769348,0.6178007598998524,0.3473113501562673,0.3487334258420658,0.17127416766584797,0.26471683935494933,0.0,0.4328252567645463,0.04119461161648585,0.33886477733367204,0.10871895167637176,0.35583579818272604,0.1465188583702417,0.18938219148417948,0.12754541536332073,0.10949403534467976,0.678587462757482
0.0,0.14953859818246895,0.7556581366044428,0.0,0.7468731745887034,0.5953316130327344,0.43292182030980914,0.6921692848496724,0.7831640274463287,0.0,0.0,0.03338698199838384,0.4243000537892279,0.26488172746894245,0.3045788932897847,0.0,0.1415781419139132,0.0,0.8215524573681886,0.47888077921299405,0.32626618352732534,0.30543890876976615,0.6156143808507939,0.15420381303985026,0.06577820589802293,0.09254174035939368,0.6674563030321203,0.22342327708895818,0.3481052369055945,0.32215562933541053,0.0,0.0,0.0,0.0,0.0,0.07160453303616653,0.0,0.03855808029836364,0.0,0.0,0.0,0.0,0.0,0.0,0.07412767325244465,0.1394335782016816,0.0,0.8050227144623772,0.1362348038184443,0.6687537854550564,0.24796607105809743,0.2922512558403416,0.7143395184860474,0.7929727614917483,0.0,0.907264749217521,0.0,0.15892507866756186,0.36818013185573295,0.27879431976462765,0.0,0.0,0.008842620470766735,0.7560822550475561,0.352441544101168,0.37002477170409964,0.2149174899469954,0.5147213066501191,0.18127043777704688,0.0,0.018885508663482042,0.4630139905119217,0.10430780275216413,0.03140034794620918,0.10846035597437004,0.0
0.37438384459381413,0.23211955406734405,0.2912303368240713,0.0,0.0,0.28622129587786127,0.0,0.07057334320191444,0.3056552793040434,0.7036545047865039,0.03338698199838384,0.0,0.19780909358847962,0.0,0.3142860025347401,0.49752697309052335,0.1053929453309165,0.3262875416254851,0.2959652786502975,0.16564755888041455,0.02911033801674892,0.312742309726054,0.2921109455431086,0.5111984251892359,0.30512791958682767,0.6353117996025611,0.2134089158812239,0.4945570880143939,0.06587138267746652,0.19890699131763157,0.2915685802584366,0.0,0.1702589641900448,0.0,0.0,0.0,0.5628639077764057,0.0,0.0,0.37138108833344946,0.529991197894423,0.2791123339481568,0.0,0.0,0.07561385290558413,0.46748943753626365,0.4754438246618499,0.3152606361255539,0.0,0.0,0.34082668232845553,0.10515434836587215,0.07121952605759033,0.30339549319570663,0.5538624723966158,0.3572029258459445,0.6383447864050842,0.1330434637899444,0.0,0.3266591218229425,0.4804430609501176,0.44503156105111635,0.33752144382970495,0.29239030814084416,0.48263673757369474,0.21577341483063914,0.5739260900044523,0.33687151030988643,0.33347094696778073,0.2442625910800005,0.5409945276348421,0.33784319498589793,0.4215590607735265,0.4089009131221676,0.35586081654052704,0.5527006727583453
0.0,0.3960532845554927,0.4084152258362522,0.10223615455403534,0.6343522001794394,0.6797946835044669,0.5334911323257245,0.504753384584978,0.6679161475412184,0.0,0.4243000537892279,0.19780909358847962,0.0,0.3356234114511893,0.11849046475913041,0.0,0.0,0.0,0.3038464478157675,0.40990151598145375,0.5319930609187755,0.2930647272878542,0.48199986638687864,0.034171255742145544,0.0,0.21021055492669302,0.21996961528502917,0.6162845192768446,0.5162286045755299,0.6131795573862052,0.0,0.0,0.17838195854614927,0.0,0.0,0.24879552541830538,0.06758179748339233,0.25015065261947644,0.0,0.05628859627628116,0.0,0.0,0.33862909137019703,0.27112575215082346,0.2805377110648364,0.0502488228550605,0.0,0.35753652000208763,0.14801333673422853,0.3346795877939629,0.42577079437927967,0.38769901905319526,0.6004837499138647,0.5296903077556203,0.0,0.4176325484182594,0.0,0.8400826576893574,0.4911090224944675,0.13193728361683923,0.0,0.0,0.0,0.4278865489374154,0.2249003074380443,0.5193786080898926,0.06720626418227281,0.440975000570284,0.0,0.0,0.021212317916422196,0.09742432349575612,0.729040672995065,0.36379894530753826,0.4607884004903617,0.0
0.0,0.0,0.0,0.4379731427058762,0.6201672096421526,0.0,0.5811608946383453,0.31317433813439194,0.045656042611696146,0.0,0.26488172746894245,0.0,0.3356234114511893,0.0,0.0,0.0,0.0,0.0,0.0,0.0,0.296210763225427,0.0,0.0,0.0,0.0,0.0,0.0,0.0,0.0,0.2057638847613519,0.0,0.0,0.0,0.0,0.0,0.45308613762887795,0.0,0.16324499368995468,0.10652802630758164,0.0,0.0,0.0,0.5761831429541473,0.3278522970815809,0.17295968038217904,0.0,0.0,0.0,0.6010318695115751,0.057331592510492635,0.0,0.17295958855503238,0.19003076075602718,0.0,0.0,0.018712746910596132,0.0,0.15083078720354312,0.8345954889497322,0.0,0.0,0.0,0.0,0.0,0.0,0.14861121100148883,0.0,0.0,0.0,0.0,0.0,0.0,0.12612036755262707,0.0,0.0,0.0
0.7113897798129963,0.6801978668371351,0.5134927052944379,0.0,0.11433051896880951,0.27967652239639046,0.0,0.43488463457710685,0.18989592303678396,0.08962635132766734,0.3045788932897847,0.3142860025347401,0.11849046475913041,0.0,0.0,0.5734133789694468,0.24762827732136114,0.33720145513088323,0.22345983550681442,0.824396389858931,0.5728705352011136,0.8788416177726026,0.5944976381241519,0.3078644289811547,0.501326757514197,0.6334112988714407,0.663436481051754,0.20912850680915573,0.5521667054458719,0.472673582855065,0.6850913533475378,0.0,0.4322868024039712,0.42472271339131984,0.1450805297398184,0.0,0.24481635991406073,0.1670992205260627,0.0,0.10123953856980399,0.044770454964911534,0.10290923527350393,0.0,0.0,0.0,0.6550352763368006,0.41627468157154257,0.43161287141625687,0.0,0.3918453649843854,0.2840351890333781,0.21637886277158344,0.5124143169632271,0.30441749470457674,0.41458074476419843,0.3933256760380359,0.11792115883670357,0.18960250852845262,0.0,0.9422440976430978,0.137635226171796,0.4962132789633198,0.37692720998907797,0.2376681505038908,0.7931339818538512,0.6496497588713066,0.6542282656023737,0.5804177994847295,0.25787986480351877,0.48832577681842687,0.5508219138990939,0.5951064848118676,0.03381654759814773,0.5064612490530854,0.2728941108099052,0.0
0.7932637828889019,0.47772468944542085,0.1558593042367631,0.0,0.0,0.13122268982213464,0.0,0.0,0.0,0.4517628147074406,0.0,0.49752697309052335,0.0,0.0,0.5734133789694468,0.0,0.4154918836619262,0.7919561809919647,0.051339768387651204,0.4008156031343882,0.0,0.6127711499215797,0.28973820966972985,0.5767280987239572,0.7166138900450996,0.8266927948543958,0.32267558435363164,0.418589662232125,0.24854099067519145,0.15284754283838167,0.7648256225334816,0.253475871704082,0.4023489559827568,0.3873487042920526,0.5223657428927403,0.0,0.5797580058530474,0.07215994424118623,0.07420825655354595,0.4008908186272274,0.6142469087732826,0.4638305822638222,0.0,0.0,0.0,0.814562031237559,0.6716863589607635,0.09906015069968067,0.0,0.06181643913522239,0.33570572027358536,0.06898236505583814,0.015764071425325845,0.11769680383690276,0.7015686311878021,0.06812461332693182,0.4970544440128062,0.0,0.0,0.5436102378627646,0.710963021976902,0.70215129928191,0.6619296831929223,0.0,0.6210269851358732,0.12632678446052845,0.7627120213285955,0.3868745076583089,0.47207045874054,0.7125942675431552,0.8065193929806361,0.38807522248461107,0.0240325207287255,0.4502581966976222,0.1667009007418622,0.43827708760380785
0.43299237953056735,0.0,0.029352612578333322,0.0,0.08011400421394475,0.1370346720550196,0.0,0.030894511658508064,0.05683220832168291,0.07693468703586838,0.1415781419139132,0.1053929453309165,0.0,0.0,0.24762827732136114,0.4154918836619262,0.0,0.7612682195535262,0.15894756257733542,0.22874485149870066,0.0,0.19825453046346872,0.09834553910047981,0.674325250601937,0.44438880232505373,0.38800130094821583,0.12212368835796159,0.41533952572129895,0.18783901443857995,0.10121769107669014,0.5129612974107798,0.2533939594616513,0.047121488918350087,0.42220156094533634,0.17247198806439207,0.20291472173700054,0.0,0.0,0.1637922319019328,0.0,0.15193950114611568,0.0,0.0,0.0,0.0,0.3817073134205287,0.2231488306850649,0.0,0.02475586112284317,0.43797588018190853,0.16953314469641417,0.08491457942554015,0.11333762057720237,0.1539880912290851,0.013637536659068875,0.10825580846626864,0.18902062694892843,0.0,0.0,0.21555781969400364,0.4535297136547861,0.39596385909498394,0.6070021989428092,0.07326719911621173,0.32834485144286923,0.0,0.3545863198975272,0.0,0.5629030332314829,0.329455245134412,0.4314027693386488,0.0,0.07910593577952718,0.0,0.25434050343101905,0.0558583851510718
0.6166756363506565,0.0860306833960988,0.02397615260299739,0.0,0.0,0.09214914178531444,0.0,0.0,0.0,0.38908527230021095,0.0,0.3262875416254851,0.0,0.0,0.33720145513088323,0.7919561809919647,0.7612682195535262,0.0,0.12396527592143125,0.17151439011243824,0.0,0.25626425975501593,0.09738840837784646,0.7633345857519017,0.6876846644233722,0.6180698385451382,0.14881087334458365,0.4346417072485536,0.10865081625835041,0.0,0.6515138275659204,0.4163802159155629,0.20544667925718416,0.3774650685527791,0.5536000135342205,0.0,0.29478493209359186,0.0,0.24151190712756418,0.235540866907275,0.552969117728838,0.17815688838666874,0.0,0.0,0.0,0.6083297836991692,0.4990059569491566,0.0,0.0,0.18739289226040415,0.28617727523619485,0.014218283114977871,0.0,0.08166512413458415,0.4332649175085314,0.015706083199125042,0.49750212372413954,0.0,0.0,0.32252291025932867,0.7642757041650524,0.6715955731393071,0.7803579439733198,0.02257649024386159,0.4618433208322364,0.0,0.6101395564094367,0.10725036648556714,0.6449431197012019,0.6174389752358871,0.6721674134532324,0.1720077650388949,0.01776105339507688,0.16019448382377288,0.17123527089046942,0.38163413999274853
0.08521029840312941,0.0,0.8174598275365417,0.0,0.3721126306035062,0.6487484323231469,0.04757683863415995,0.42542041409828085,0.8258489920925866,0.2855294961534591,0.8215524573681886,0.2959652786502975,0.3038464478157675,0.0,0.22345983550681442,0.051339768387651204,0.15894756257733542,0.12396527592143125,0.0,0.27677471078346777,0.0,0.18632013653818222,0.5769183526913421,0.40411889498480724,0.2362504311896417,0.3028802846980191,0.5954773148670385,0.30892216202324513,0.2207201209798153,0.10590284274389755,0.0,0.0,0.0,0.0,0.0,0.0,0.054771694420785964,0.0,0.0,0.0,0.005165226688855109,0.0,0.0,0.0,0.11462712185273745,0.2566387427825633,0.20190781412622785,0.876281569271034,0.0,0.4909263694457162,0.5404960889581358,0.22683011534901407,0.48538909384295176,0.8115546959987255,0.009677741942665774,0.8642054705896609,0.2839827940047583,0.11881544967163023,0.01797446080117668,0.23784977905858243,0.08937291009326125,0.03686090130959017,0.19901178722250673,0.8819654389061078,0.4302709637268644,0.0907638442591565,0.393761368526783,0.5914216317972052,0.3087531738878416,0.08533777863720023,0.29766056926547724,0.5626737731950535,0.13217392616697562,0.24479837169425175,0.17652443491239397,0.12985177697435932
0.6378024196882498,0.7385270627743934,0.5240742995150884,0.17691192817044954,0.4860688530827833,0.47394115264954867,0.3834224835757412,0.7001483622170185,0.37310145490519314,0.0,0.47888077921299405,0.16564755888041455,0.40990151598145375,0.0,0.824396389858931,0.4008156031343882,0.22874485149870066,0.17151439011243824,0.27677471078346777,0.0,0.7846949707590506,0.9557979927154736,0.6649618480283696,0.1902673097040122,0.37960378187780336,0.47341291677065955,0.745137956618245,0.32005211921644316,0.7882084153011909,0.6780816683878433,0.6322824868113687,0.0,0.44692028634095265,0.5073097100346325,0.0,0.0,0.17181982638141152,0.3568950845243843,0.011010792815894802,0.0,0.0,0.0,0.0,0.0,0.042439432042969454,0.5828862972657143,0.20839317933324641,0.4037495560856015,0.20719206874171345,0.5700999437500969,0.2006299862215703,0.4752747037224446,0.731565389625099,0.45006620368615285,0.2819917997124574,0.4567946660398034,0.0,0.4239417035750161,0.03147699433643608,0.6804925758614306,0.0,0.3085860521980145,0.29773387829388864,0.27406418071143007,0.7193240884134786,0.7806189089743297,0.48136035498070356,0.5272748653815922,0.16170162312148093,0.2666774505630052,0.3139747065744125,0.4961892576936171,0.11710358186665687,0.44943804450522606,0.27665896057021816,0.0
0.42592277868836154,0.7695726788944726,0.35556948022773566,0.3868157340042312,0.5242326085569105,0.292328320582559,0.5822732995322634,0.6533694886769025,0.08443571173141495,0.0,0.32626618352732534,0.02911033801674892,0.5319930609187755,0.296210763225427,0.5728705352011136,0.0,0.0,0.0,0.0,0.7846949707590506,0.0,0.7285826699962684,0.4700284083346865,0.0,0.1199730112204625,0.19800162094740661,0.40086972468352866,0.09176097741080874,0.6444440695861228,0.70197648291919,0.2972664058835368,0.0,0.588024815371395,0.37749589775645204,0.0,0.11894313629089298,0.0,0.38049887762886536,0.0,0.0,0.0,0.0,0.19022931103786533,0.05677581646890665,0.11147801998583028,0.2621645593276525,0.0,0.1599222103708017,0.47429385509796157,0.32633756809075604,0.0,0.3570836365696804,0.7047074080431425,0.12459142619451584,0.11046767266035178,0.19691429814403602,0.0,0.5612177398704905,0.42830261577195283,0.47663477570426505,0.0,0.0699219027958739,0.0,0.1929047685701336,0.3540375165795615,0.9231157241137581,0.07971239999535792,0.31446301354407896,0.0,0.0,0.0,0.1999168897321958,0.23203404246738837,0.34855003134477597,0.2821390786873669,0.0
0.7632088304687398,0.8091911835304473,0.45487304219085456,0.07137921764674143,0.24553958664099804,0.36784166370653276,0.14405640243590645,0.5825375778291609,0.2672887095253343,0.06979612699148939,0.30543890876976615,0.312742309726054,0.2930647272878542,0.0,0.8788416177726026,0.6127711499215797,0.19825453046346872,0.25626425975501593,0.18632013653818222,0.9557979927154736,0.7285826699962684,0.0,0.5975193923245651,0.2777241704916187,0.503506119974244,0.63908666343962,0.7101061663399046,0.31762365172880624,0.7139864156518978,0.6342901718197504,0.7486663199186688,0.048364968935103544,0.5420729575295014,0.549062885661082,0.0878557977708304,0.0,0.32007053888506354,0.39581654316268017,0.044552993130267435,0.2028157811125403,0.0,0.164216225598438,0.0,0.0,0.042513332762578286,0.7118893386776064,0.3817510177941104,0.34982446685842156,0.04115228540515846,0.4434369627146838,0.1765639349748379,0.3836131960451756,0.6263901127626335,0.3362025048126287,0.44946446610632146,0.37529346767864846,0.10966425949227501,0.33773815947915947,0.0,0.7449518847389239,0.06975197521342624,0.4296427531781039,0.3741555253009428,0.1852002055564885,0.766152288648106,0.7628840756498714,0.6527831733622049,0.5124592312082127,0.20478217055761708,0.408749315916068,0.48165317731766993,0.5266987435350143,0.1280030318145112,0.5291008839192133,0.3049480093812413,0.0
0.44238198756388714,0.4331712507618924,0.7778809625820085,0.0,0.4503983085672125,0.805038458907332,0.24237860039985498,0.7538952873387936,0.6232215363163307,0.10353409815606207,0.6156143808507939,0.2921109455431086,0.48199986638687864,0.0,0.5944976381241519,0.28973820966972985,0.09834553910047981,0.09738840837784646,0.5769183526913421,0.6649618480283696,0.4700284083346865,0.5975193923245651,0.0,0.31464071678461436,0.38510628109277306,0.4471932017034574,0.7066495496825742,0.3183831075225148,0.6840838760625275,0.49567030021166314,0.3540160313544849,0.0,0.170371278863274,0.16091003050762936,0.0,0.0,0.17920193123245898,0.09572673712899192,0.0,0.0679786382853497,0.0,0.0,0.0,0.0,0.18355888515576474,0.5111515356719853,0.19419430576651006,0.6922595599073513,0.0,0.46157363596848183,0.6362385115718882,0.36525327439399385,0.7701350387256906,0.6112276385623702,0.2400749522800106,0.6851813243973017,0.16900011629643985,0.43598334557638574,0.030438518832238033,0.48636272288750476,0.0,0.2092368883970725,0.2400257718159771,0.5943377278563701,0.6267422955384494,0.4992353258242869,0.42173205917301704,0.8567923440244867,0.29292357692626025,0.18154945583299475,0.35915675868427616,0.5265931013250393,0.16654198491425432,0.5657160933747557,0.26349865172534953,0.0
0.466167106278942,0.03605936132842752,0.24815343348172442,0.0,0.0,0.4279803486316769,0.0,0.04139707141929638,0.37601051524064977,0.436132615904981,0.15420381303985026,0.5111984251892359,0.034171255742145544,0.0,0.3078644289811547,0.5767280987239572,0.674325250601937,0.7633345857519017,0.40411889498480724,0.1902673097040122,0.0,0.2777241704916187,0.31464071678461436,0.0,0.6552673262192104,0.6824980873710056,0.3472993334976107,0.47609498428332797,0.22968642429413105,0.0,0.4963317353189382,0.28903670388253666,0.06443460951171114,0.16826345303592768,0.16190604232335648,0.0,0.0730555959011657,0.0,0.15379236556454495,0.31972368974439574,0.5479389481991326,0.047126181498928506,0.0,0.0,0.0,0.5926319181992351,0.5143204306873655,0.27777318718250144,0.0,0.25592410896753265,0.4512851520962637,0.0006827512490535057,0.09485810769551403,0.3624533033510592,0.20603620072654838,0.32023716662294077,0.5013875691189091,0.0,0.0,0.29032454307568006,0.7063195639703342,0.44360283669041994,0.6465105244075887,0.27602986556352366,0.48480338245432764,0.0,0.6843163102420387,0.3277487946535667,0.8234070872149123,0.5040388420546632,0.722611815618279,0.3168097521395148,0.16360883193985207,0.23614986883241768,0.254536169000995,0.512509643478819
0.7321073293119265,0.45707481902228997,0.3525847153492412,0.0,0.0,0.3968560035387041,0.0,0.10439867615496932,0.19344992109471262,0.2953875372389024,0.06577820589802293,0.30512791958682767,0.0,0.0,0.501326757514197,0.7166138900450996,0.44438880232505373,0.6876846644233722,0.2362504311896417,0.37960378187780336,0.1199730112204625,0.503506119974244,0.38510628109277306,0.6552673262192104,0.0,0.7676708167509636,0.4801278394031177,0.2280749846062408,0.4243701129742923,0.02267142970263853,0.6799910496477027,0.22315250479619003,0.4007792887506745,0.39645592461453144,0.31674954343578776,0.0,0.26478067571925346,0.0,0.2059823834224362,0.4223888680183302,0.4648319357366323,0.22576715790081536,0.0,0.0,0.027278713976369447,0.8002571432352737,0.7584243577216302,0.2531239461210721,0.0,0.26191427772422504,0.5065778098035101,0.09829626255967873,0.2444788902623002,0.22021546990741572,0.396068495105972,0.21880794736016132,0.37344110025585625,0.028652965033861208,0.0,0.4716603406509915,0.6150368224444193,0.5839036502118212,0.7387979575061546,0.16601284152554704,0.6129098357017896,0.21029637418478478,0.7275023071276683,0.4923381959011821,0.6125200939699939,0.8617084805113072,0.8150077618785313,0.5246864017773915,0.0,0.5782324871564439,0.1399799043123294,0.2958667173308016
0.776591543949093,0.5447036663788959,0.43891242777412515,0.0,0.0,0.3961646463672946,0.0,0.1480582915981258,0.3196887049550227,0.41008640918251615,0.09254174035939368,0.6353117996025611,0.21021055492669302,0.0,0.6334112988714407,0.8266927948543958,0.38800130094821583,0.6180698385451382,0.3028802846980191,0.47341291677065955,0.19800162094740661,0.63908666343962,0.4471932017034574,0.6824980873710056,0.7676708167509636,0.0,0.46148796646385026,0.48495061915758036,0.37367666510815484,0.25695796027322915,0.7244782998703136,0.037673081679654,0.45241922453166006,0.31133444804285726,0.15308832607254583,0.0,0.38761336039162037,0.0,0.0,0.4300447333374419,0.4772586030172691,0.22803843537517257,0.0,0.0,0.0,0.8639172366783774,0.8682122951293411,0.39279793705711863,0.0,0.16440280565064888,0.5025212751170832,0.016627364582922983,0.24812643694012423,0.3195673880267743,0.49764065984091754,0.3438492107861295,0.4453375313785434,0.2499251454083335,0.0,0.6480390296038658,0.613418860739781,0.6358899923512018,0.6625056826973261,0.29187940736434853,0.7421508343455917,0.3720509457571355,0.8678591960975781,0.591571277511406,0.5289656498756715,0.7859680069362662,0.9400226115430872,0.5335684397789766,0.3566742732328861,0.6142426920095426,0.38404041927579347,0.371226056232179
0.4686036770973863,0.47277310614453727,0.7091442206733117,0.0,0.41784453521867193,0.659303629846924,0.2451835569790126,0.5590811752183141,0.607080650671018,0.0586158777458415,0.6674563030321203,0.2134089158812239,0.21996961528502917,0.0,0.663436481051754,0.32267558435363164,0.12212368835796159,0.14881087334458365,0.5954773148670385,0.745137956618245,0.40086972468352866,0.7101061663399046,0.7066495496825742,0.3472993334976107,0.4801278394031177,0.46148796646385026,0.0,0.09730243640940801,0.672780281527018,0.31344720093713174,0.3991229309523131,0.0,0.123936210150409,0.12310986320414503,0.0,0.0,0.09890634871414708,0.11242755070096014,0.0,0.09580156678873236,0.018567648582568555,0.04573662201262271,0.0,0.0,0.05970132830448197,0.5660015730694744,0.31490204281830747,0.7247485015447303,0.0,0.552051976427693,0.4077569728351272,0.30238621853547937,0.5728932923107304,0.6324532875102542,0.1493427710672323,0.7174863242212467,0.07430169444048002,0.16007918589949835,0.0,0.5740801441167309,0.07481711622584672,0.14053051799805472,0.2227773628762037,0.5058271853436399,0.7478990204103397,0.47088369964853827,0.6277280063043029,0.6806422064247659,0.3248518196713354,0.3633738600609192,0.4104964854773926,0.8890631915668368,0.0,0.5578718465437033,0.07282525813857477,0.03571259598096798
0.28139285000903624,0.2202567646645658,0.21767421152120525,0.0,0.18400522375374911,0.4650541130651781,0.0,0.2242382320761058,0.5019139486377542,0.4029292907200153,0.22342327708895818,0.4945570880143939,0.6162845192768446,0.0,0.20912850680915573,0.418589662232125,0.41533952572129895,0.4346417072485536,0.30892216202324513,0.32005211921644316,0.09176097741080874,0.31762365172880624,0.3183831075225148,0.47609498428332797,0.2280749846062408,0.48495061915758036,0.09730243640940801,0.0,0.3012406355568646,0.5405642852697845,0.3935168033517719,0.07980921253956205,0.11739246585604941,0.1622189340601253,0.0,0.166377197798752,0.3922181573187127,0.09985322682015027,0.0,0.28399689928949345,0.24036370580384225,0.04750759439228701,0.0,0.12468695876963468,0.12225241526919649,0.41925305509178945,0.2513605815022727,0.23025287077817808,0.0,0.2648358869024664,0.43002212544211577,0.36617225316143887,0.3062053800577289,0.47801602871795434,0.2849486804817464,0.32444375655062696,0.3213712124748257,0.4132666833582008,0.0,0.24184805197478765,0.35390610996088895,0.4313695047066417,0.453490354542306,0.3040027548912353,0.37109494890517364,0.17927231568929264,0.40686949300489095,0.28421301700255724,0.3576121278440033,0.08230385468219731,0.3810559266272659,0.052427792839783285,0.7046334743271793,0.2268468729301509,0.6516230956058461,0.2561935874106613
0.5452177642889233,0.5124849315159414,0.4616632857658887,0.22172468800800568,0.5080819917623666,0.7341088507221747,0.4510252941351796,0.5921000474530626,0.40892082926291506,0.0,0.3481052369055945,0.06587138267746652,0.5162286045755299,0.0,0.5521667054458719,0.24854099067519145,0.18783901443857995,0.10865081625835041,0.2207201209798153,0.7882084153011909,0.6444440695861228,0.7139864156518978,0.6840838760625275,0.22968642429413105,0.4243701129742923,0.37367666510815484,0.672780281527018,0.3012406355568646,0.0,0.6365080033238132,0.5528347093286485,0.0,0.3787156358535186,0.4715303579857415,0.0,0.0034916150421290767,0.0360521753924504,0.2600610380987118,0.0,0.08277045351742018,0.0,0.0,0.07411448954941673,0.039186266145363594,0.1711040780683084,0.4406845889205214,0.09878848976980324,0.3293239078065415,0.21133616100253141,0.48723100648818746,0.4436736941008354,0.5474352274726831,0.6658873261570865,0.37649317348355565,0.104156602251987,0.32094020577577337,0.0,0.5430253489963398,0.10569767068958401,0.4503665487537652,0.0,0.2101363783908051,0.2904515025313981,0.2669923131607007,0.5707148916388602,0.6014159938050109,0.32900239486615984,0.5074783087619792,0.16768568530862682,0.2171638253047796,0.24110566143699405,0.429565506454843,0.15725235457026845,0.63656301177382,0.32889127535218055,0.0
0.40413481619973296,0.5778705218721408,0.32675678384889245,0.19032947536013764,0.4735421203402662,0.39746537391054554,0.36867405456512353,0.558045231511815,0.2928690726834809,0.0,0.32215562933541053,0.19890699131763157,0.6131795573862052,0.2057638847613519,0.472673582855065,0.15284754283838167,0.10121769107669014,0.0,0.10590284274389755,0.6780816683878433,0.70197648291919,0.6342901718197504,0.49567030021166314,0.0,0.02267142970263853,0.25695796027322915,0.31344720093713174,0.5405642852697845,0.6365080033238132,0.0,0.40938305729674485,0.0,0.3350567332838263,0.39706014607358114,0.0,0.15429744016260483,0.12519461319854824,0.4131217060483177,0.0,0.03231310418195364,0.0,0.0,0.16978540562525904,0.10253916862608499,0.15213106797766784,0.31196877149522045,0.0,0.2336781265639681,0.24153295635539881,0.3926467673980465,0.1473026645580218,0.4951430595185513,0.6719519369980549,0.30408761328310696,0.14188166762217205,0.3077035234366544,0.0,0.537358882754119,0.2822700127944834,0.4038824702430081,0.0,0.20656654486742287,0.11989549537245067,0.2468232726230166,0.3477096303092192,0.6924757929988342,0.16149694629712968,0.31037210986866115,0.0,0.0,0.059974642654688055,0.11007989477479256,0.49796399918356865,0.28048865839094517,0.6127481210164729,0.0
0.7898547354715852,0.6135194066286946,0.1614207190632452,0.0,0.0,0.21249021119959327,0.0,0.16831417407532073,0.0,0.14319465284682734,0.0,0.2915685802584366,0.0,0.0,0.6850913533475378,0.7648256225334816,0.5129612974107798,0.6515138275659204,0.0,0.6322824868113687,0.2972664058835368,0.7486663199186688,0.3540160313544849,0.4963317353189382,0.6799910496477027,0.7244782998703136,0.3991229309523131,0.3935168033517719,0.5528347093286485,0.40938305729674485,0.0,0.16229279708004848,0.46659292916230644,0.6992974784703063,0.38796864641649265,0.0,0.35101916296111235,0.21908791497840593,0.08471500188432048,0.2744722360705692,0.263541833782939,0.13460372440668844,0.0,0.0,0.0,0.7324416275111094,0.5150982822155981,0.03745454561009827,0.0,0.2853440600289543,0.28476672555979066,0.2512467610490405,0.27915100450575003,0.06887434113567142,0.49389848540593934,0.041045723947475264,0.17136446104297737,0.12306115412984325,0.0,0.6252390186533205,0.402496299852504,0.6639096376059991,0.6119717202983231,0.0,0.6415961768608557,0.33821410522018136,0.6148223622298948,0.34213430552699725,0.38088562945810056,0.6363578547200777,0.6870833700033243,0.3289442779047696,0.083062126617048,0.494409158335584,0.31642252823034667,0.1270407864226489
0.10632612478947531,0.0,0.0,0.10409425498825153,0.0,0.0,0.0,0.013317631895442224,0.0,0.15303730473392727,0.0,0.0,0.0,0.0,0.0,0.253475871704082,0.2533939594616513,0.4163802159155629,0.0,0.0,0.0,0.048364968935103544,0.0,0.28903670388253666,0.22315250479619003,0.037673081679654,0.0,0.07980921253956205,0.0,0.0,0.16229279708004848,0.0,0.05282113718883227,0.09834930066533597,0.30731615289112263,0.08544501280706769,0.08342481721112338,0.03484165623928992,0.8572394518469727,0.3081590159210947,0.4134999858988847,0.31225609127455617,0.0,0.0,0.0,0.18280605174607276,0.01566125864085903,0.0,0.005157810266241704,0.0,0.0,0.0997823623283844,0.0,0.0,0.034538473570480045,0.0,0.3312968991667326,0.0,0.0,0.0,0.37306842055216094,0.07124375948482094,0.2698276376422223,0.0,0.01498397700865066,0.0,0.22064347225825565,0.0,0.34082191212306584,0.0,0.0,0.0,0.0,0.0,0.0,0.44670462457361126
0.5348994200812135,0.6846073678755938,0.0,0.2205172859181546,0.0,0.035211988757078296,0.1214506430844752,0.24676674296640574,0.0,0.0,0.0,0.1702589641900448,0.17838195854614927,0.0,0.4322868024039712,0.4023489559827568,0.047121488918350087,0.20544667925718416,0.0,0.44692028634095265,0.588024815371395,0.5420729575295014,0.170371278863274,0.06443460951171114,0.4007792887506745,0.45241922453166006,0.123936210150409,0.11739246585604941,0.3787156358535186,0.3350567332838263,0.46659292916230644,0.05282113718883227,0.0,0.5212627321609196,0.13338251855143282,0.0,0.23325167636824154,0.27020278205155995,0.024193268029489286,0.4398991490398141,0.03413319510167356,0.17283730950881548,0.02006402993752826,0.05278059882958264,0.0,0.36811633998802873,0.3071440968211202,0.0,0.19513474684873797,0.0,0.0,0.15977034672223367,0.24374383349033332,0.0,0.3627469846098392,0.0,0.05923690962403035,0.28635707583466996,0.0,0.3962291269956247,0.0,0.32589217888697836,0.20587853515210378,0.0,0.2666704504132735,0.552380965265512,0.24523202721124263,0.12169953106051472,0.0,0.3116656685116325,0.266905370379322,0.06744676258087007,0.13800279693198222,0.33799417069527776,0.143048013248364,0.0
0.5939755788896249,0.42951328809900413,0.0,0.20507355276923583,0.059042630605996335,0.048218695382057974,0.15061279991367776,0.2033528571751667,0.0,0.0,0.0,0.0,0.0,0.0,0.42472271339131984,0.3873487042920526,0.42220156094533634,0.3774650685527791,0.0,0.5073097100346325,0.37749589775645204,0.549062885661082,0.16091003050762936,0.16826345303592768,0.39645592461453144,0.31133444804285726,0.12310986320414503,0.1622189340601253,0.4715303579857415,0.39706014607358114,0.6992974784703063,0.09834930066533597,0.5212627321609196,0.0,0.28945112985727944,0.13913792474711087,0.06841356491274735,0.190134428713633,0.1685874475190048,0.19511885468846954,0.0,0.0,0.00856527354686966,0.0,0.0,0.3428958616328871,0.10746719197683777,0.0,0.22638142009073078,0.18954070693029604,0.0,0.26047412027392164,0.24997066854957645,0.0,0.24200904117724473,0.0,0.0,0.11749182188309933,0.0,0.3216893064051985,0.08737063318429912,0.3975462943247755,0.3915778977019098,0.0,0.3063848488393344,0.2959211422891031,0.18452715802211464,0.0,0.11230810197761676,0.27412721481664537,0.21485724755356447,0.0,0.0,0.23346132326952018,0.20316246035635893,0.0
