0.0,-0.024012678270272217,0.26674354863211885,0.11731857216933804,0.17301943657984878,0.05386849876224873,0.14037581032494245,0.014151385013621275,0.20756326312142218,0.31865667968579625,0.3366847378411553,0.007721981671455727,0.1542883397163568,0.13017777441388817,0.31594065785295894,0.355726893888314,0.1308266631613191,0.2931462435727303,0.2153537322582085,0.37690307858233507,0.28062713882836704,0.3639848418069409,0.2312768711631101,0.22675320742072763,0.37036065045162764,0.14220668838346673,0.3890474228991038,0.18707788692010954,0.34949099604252387,0.22628461020880114,0.33011162871106625,0.09999657387662612,0.11727085005244306,0.11391660399569556,0.04290115397233659,0.0361151678639203,0.0,0.20456879658985513,0.11654586705693645,0.1838586069713422,0.0,0.13089489819367423,0.01653574716319415,0.0,0.06552347395023658,0.5008216208232131,0.13610859628399158,0.25601208190197944,0.15236088708130682,0.13429692376409935,0.19236562551864692,0.23280274949208324,0.07969699379905933,0.2678633392231117,0.33106545205292576,0.1902195331038481,-0.0018312526727676547,0.26111780363453846,0.17346127948231943,0.23418516042918644,0.28657018023347275,0.240080916358797,0.2587681019363865,0.24517677172435753,0.2716592868279571,0.2506629666893839,0.25422060954619796,0.2563430593985974,0.18960712173334765,0.3921591336003009,0.22571389837985095,0.31330197207127686,0.3473347661820055,0.4048515969978472,0.228820870032579,0.2801096360405632
-0.024012678270272217,0.0,0.07575360025269208,0.12346573017478218,0.3584333630857587,0.39652009724122134,0.23934824233582266,0.2817346944140412,0.23125486287118294,0.25340021925667916,0.22662464729665696,0.26888729604345246,0.3961620046704281,0.12737971420516028,0.2216195717744073,0.17704557001770477,0.33283437872019644,0.18962923567396997,0.06967449508605396,0.17510515045023428,0.31961806023819506,0.26076874747955214,0.23497061922728857,0.20675453337740382,0.36103200248738343,0.5352314736024325,0.1736621180060773,0.1989693674705333,0.19257687706660795,0.06017855540800084,0.06941096013953624,0.28076783928795485,0.04903998306657088,0.041994112996044365,0.0,0.025034074090104066,0.0,-0.004923157979430348,0.20432695355126254,0.1869560669659178,0.21660439806571202,0.11891484327699942,0.04483145812788639,0.0,0.032951613721889476,0.0,0.14172720028365934,0.2653318895754634,0.19125484463114067,0.24151338688710353,0.18301371549349882,0.07854832954488121,0.20927031260285928,0.22448893749746332,0.07100840601610289,0.25163090895359047,0.17347875447009575,0.20521114654926054,0.09554327600515448,0.20263173466019385,0.155958214996098,0.20881488195919795,0.1549934983782849,0.09085804124138565,0.23344774135618737,0.28797904403537694,0.3526132623617308,0.17946386359678276,0.12934161587684392,-0.002718468925238835,0.19673344126224873,0.23130714222644258,0.036769812431919235,0.03845818736490987,0.12898200705195836,0.18492658978687018
0.26674354863211885,0.07575360025269208,0.0,0.04840794560781982,0.19357271739148707,0.27314779532507905,0.03748126057969934,0.3436529446396639,0.3634730384246918,0.19579582089363753,0.41118738869738547,0.22769209863010711,0.2463674729917065,0.23754262018022562,0.35660860705375497,0.10978630499875909,0.11978947573039714,0.16944634721380541,0.4617881955016703,0.3144499283609839,0.22283717423304697,0.13973788974796558,0.47945750720788205,0.22146372700852027,0.2481489462835025,0.191519942036844,0.41490319605788345,0.15137959658312794,0.22175958100423945,0.002217660019901011,0.0,0.0,0.0,0.0,0.0,0.08577996863215682,0.0,0.07486626743705352,0.08455881683839364,0.09638992147335598,0.0,0.10114275000170701,0.1446364840159477,-0.006156976456971601,0.11624626847862161,0.2317619480557654,0.2693555194961941,0.45314656224313293,0.14610109049257056,0.21665296913319373,0.38447738863588116,0.24133581629430634,0.3261009877233321,0.42821108887029874,0.19294350923168485,0.25679735903082174,0.23563674787460534,0.294565128821418,0.26479451439421897,0.3969490971041843,0.06690627796342812,0.16261631044051544,0.029529348420456326,0.4493557828535654,0.3064295706395435,0.19000189443472162,0.24415268575814342,0.38487381813280214,0.24605960290248063,0.2666542257417808,0.2825461711625414,0.3797419175704455,0.2513633407422255,0.22374011322719073,0.16371990787085242,0.111792486490817
0.11731857216933804,0.12346573017478218,0.04840794560781982,0.0,0.31892664555043165,0.09974349600680107,0.40043105552248015,0.11423770575205963,0.3071799728160181,0.3411560071405598,0.20639246133610628,0.26115696730867866,0.2687781755259367,0.27162620325772985,0.28178731401574786,0.05907006703096229,0.22441483195958717,0.21201565093500432,0.0,0.05352218859534395,0.1706934827540008,0.06630798096448695,0.12958272977668323,0.3391062701164434,0.3168623793701926,0.2097950161757782,0.1672086590742329,0.16960912487539204,0.0,0.0,0.015950969512201214,0.2953662292284729,0.0,0.0,0.0,0.17735713634030129,0.049383781703793955,0.18799061656860672,0.30187004060445466,0.051331893177884926,0.0512516984614807,0.3504388767180192,0.09163870565322114,0.0,0.026329808413255593,0.0,0.005596309280081166,0.26437496379014364,0.13294254932032637,0.37225047150057655,0.2163637629980752,0.33812732773430815,0.147313518190913,0.28748561075848067,0.22497285326177305,0.3331220566991423,0.18669807742417063,0.24582203907847802,0.36014295864263773,0.22420231344242939,0.10926368539077429,0.2994987220388775,0.23301409117536398,0.136504948581019,0.21450286954270867,0.22967966726981165,0.19125008541190003,0.16859589651884094,0.272350139397535,0.1776525025744545,0.12968811467686117,0.22298318249848983,0.3325944920916805,0.054032082766018966,0.029550939940965658,0.27573725305456614
0.17301943657984878,0.3584333630857587,0.19357271739148707,0.31892664555043165,0.0,0.3300638787943096,0.5053509776866864,0.17218924191425683,0.545417826165063,0.32168584642065157,0.5041843432163127,0.2273908131932974,0.4180815931461965,0.31529090726281267,0.4476055679555924,0.19255739202418323,0.1556974338498922,0.2607573367952209,0.11709106801853729,0.3350830979625021,0.3704111933817816,0.26715216891330124,0.2683720589952658,0.3112656693289705,0.3940626017836066,0.33378711625178664,0.4341736915083072,0.3116884258306058,0.236550953986459,0.01856655947466551,0.08295042284333232,0.3469335285273737,0.0,0.0,0.0,0.0,0.0,0.1477887601563609,0.3049239128922424,0.178968788632729,0.14709484972897363,0.32124252178641344,0.15167824538988328,0.041098188897561075,0.10752606513355516,0.0,0.06475629316960323,0.4902436470207452,0.22456509462223742,0.49933813526078663,0.28979263176241626,0.26409740870559706,0.21479163827860712,0.4931939328388287,0.19174255046949215,0.5482534244632215,0.1272404685753472,0.3042477392134657,0.3555116144012051,0.37216221309426983,0.2143592525029571,0.2594095365204819,0.22670802918105698,0.27304645492177454,0.42398372965536785,0.3811543680031156,0.4152710572797009,0.30316830258114663,0.20714331073391204,0.2512397640749948,0.18792819834616745,0.47253640940312874,0.3143861314766692,0.20878977690150977,0.15097643686860454,0.3365158815111508
0.05386849876224873,0.39652009724122134,0.27314779532507905,0.09974349600680107,0.3300638787943096,0.0,0.21535291178747457,0.4406925152432723,0.35564224564360486,0.15888043888195805,0.365530209943932,0.40006371187908246,0.47324299504572404,0.22216660235651936,0.3174195018441946,0.10163657257881471,0.14210525200199192,0.17684351624828426,0.28238988987057734,0.28360080095309653,0.18662604783053494,0.1015681705322069,0.4382805776277865,0.2627039695758041,0.26743148283158436,0.3878307888188199,0.36580413376894244,0.2766160718839454,0.2892474224563587,0.01216758272152617,0.0,0.17037018240757706,0.0,0.0,0.0,0.1610314718159922,0.014833305861893503,0.036548115001811085,0.15310810040243997,0.04932066964716413,0.0953252075324947,0.15063174593901268,0.24785523257343928,0.04102166741206806,0.15585155542258808,0.007987920065374295,0.21456937184127783,0.42016339469104247,0.2633251013787063,0.20543453015977756,0.4106138054778752,0.11984388320194422,0.36823130245803143,0.34036417369452315,0.06145893796165792,0.3119450518323589,0.2868822097450515,0.2451545726226044,0.20528927325363322,0.3114661793431656,0.07195912962331312,0.16228963790168938,0.03493016310447097,0.3596077309122448,0.2900170787320889,0.1770957556156316,0.27395871874051003,0.33162813905491584,0.18030875648382483,0.14674179120737316,0.28786855284552626,0.34984320279867137,0.12057779284806922,0.12020000862244774,0.15796897367161417,0.15290842716061132
0.14037581032494245,0.23934824233582266,0.03748126057969934,0.40043105552248015,0.5053509776866864,0.21535291178747457,0.0,0.0,0.42204594150153857,0.3956468800421779,0.3354743429030092,0.13252495788931645,0.3147920500019823,0.2138891110186362,0.30157324907219757,0.23156121228388404,0.14509973986840471,0.32193585574294376,0.0,0.21513488296344274,0.2165615392087593,0.23605714912119835,0.08523129288163418,0.29427659206329126,0.4082053969060217,0.1742773591751873,0.33638376818315335,0.306274784987819,0.19516194324751668,0.00043785278346297524,0.13403842768981195,0.42184980922619747,0.0,0.0,0.0,0.03360491080993713,0.0,0.12877659253121979,0.3813359688869561,0.1508656764181889,0.11369707841327883,0.35652351972264895,0.061473107210989024,0.006263934126150331,0.027281724265920175,0.0,0.01800441871183163,0.2916989063218889,0.19110585849203093,0.44446797602603344,0.21888204747148235,0.42023943883207165,0.05817860616955179,0.3616828460911223,0.280424784801364,0.43536779209781634,0.10410335412669651,0.3223982587280852,0.32000502194469227,0.26234012975771687,0.24429328741232975,0.33673751792099843,0.3155387157180725,0.11823425754223124,0.2881159566203064,0.32226788067915685,0.2929131813673219,0.1804643977363256,0.21257908586846286,0.30468519726744364,0.11738723043533879,0.3763733424472883,0.38834044326280087,0.2339908141988117,0.07931089607312101,0.31136815793147427
0.014151385013621275,0.2817346944140412,0.3436529446396639,0.11423770575205963,0.17218924191425683,0.4406925152432723,0.0,0.0,0.2376457955586743,0.11983342654938034,0.2353387001202778,0.4731363226898186,0.3791809625274156,0.24240695909298374,0.22677159963543086,0.0,0.2092287072733242,0.03186667849959522,0.24804032237497112,0.0951155861522427,0.2093921977694162,0.005011911900396506,0.4966344091688693,0.344387985288285,0.15549838769549967,0.40204658726822,0.13591009787671207,0.1365263523697784,0.0,0.0,0.0,0.0,0.007479173903580123,0.0,0.0,0.19588555467056806,0.0,0.07343870156535309,0.04283428449665442,0.04206860463074433,0.0,0.043264209457523004,0.11188853571080849,0.0,0.11537407185273632,0.0,0.2809863298781731,0.3587742707106662,0.16681747669984798,0.18700638134519043,0.42593803663627683,0.133375085635479,0.5299131122631452,0.2735021692509473,0.06696683151112542,0.21314757068348905,0.4428479943940951,0.19895386893684266,0.22761212307274137,0.245771493313948,0.0,0.15290298874853273,0.0,0.28893405220002777,0.15930994884586458,0.11271554380719294,0.16230350416825495,0.35100294943633553,0.30654568383353076,0.038296599811337574,0.3244881645242326,0.17186238388575784,0.030026505342168733,0.0,0.04957997250876112,0.0
0.20756326312142218,0.23125486287118294,0.3634730384246918,0.3071799728160181,0.545417826165063,0.35564224564360486,0.42204594150153857,0.2376457955586743,0.0,0.3297887226113538,0.5628562977820788,0.29300203076552545,0.42236968231552535,0.3318096643200579,0.513264190757203,0.10806079830200205,0.12107587613210248,0.23757157305178517,0.28198607533112435,0.3571908563101779,0.3114734565150336,0.18824823219288517,0.3536898121213013,0.37108945314778613,0.38764375695742875,0.3242780481474577,0.5091968969976796,0.2806355840420017,0.19972797135156917,0.0,0.009966493253228115,0.22656318473794726,0.0,0.0,0.0,0.09520236495144714,0.0,0.18836529104854316,0.2540286376690115,0.11674996254797809,0.03337157090105785,0.27907393677643255,0.16934202414866367,0.0,0.14540388234971796,0.039549033153645836,0.10030824213927457,0.5873146741131099,0.20633948659871,0.4443157272387317,0.3737460086722321,0.32633834134791556,0.27887804590253895,0.6091433303033454,0.22647682828129387,0.5496842057830007,0.17425366352120095,0.3328038569363599,0.384002028061305,0.4685042166571801,0.1554036301657161,0.22661434992425064,0.15864031229012154,0.3997098836205712,0.46271360193091227,0.34120621571876436,0.3678797241284849,0.3525894822762425,0.251490278306942,0.3061878080714131,0.20716476447380996,0.5305195871777377,0.36766108887334475,0.20997027455801648,0.12997943456210984,0.28986987595118263
0.31865667968579625,0.25340021925667916,0.19579582089363753,0.3411560071405598,0.32168584642065157,0.15888043888195805,0.3956468800421779,0.11983342654938034,0.3297887226113538,0.0,0.28684124396220967,0.25986722029276493,0.31204340651979806,0.1897732030880705,0.3653935760302034,0.383926218582893,0.4438166178857195,0.4734182094193509,0.0840414652095331,0.3085305538230432,0.32792266067226566,0.3802763141083629,0.19302896371621336,0.43957900371791336,0.5626148092020327,0.3054950596471284,0.3492888041691034,0.27040416812846757,0.24764955240935135,0.14707739237745135,0.25822828773687584,0.3356549212460437,0.03553964518322584,0.09651674714287746,0.05153334260474517,0.10354030298246229,0.0,0.19502672548571967,0.28690528935350645,0.22632715297066108,0.04620042453357634,0.2823557502215316,0.0,0.0,0.014915555932699753,0.14823941854536501,0.0809527724151012,0.2749966643650788,0.21634302866589766,0.3212422040961683,0.2302748977002448,0.41489032270317666,0.08497925704606535,0.3778150500441905,0.4956770422227119,0.31476591106645435,0.22673908107365817,0.38132236381161577,0.31686090978167586,0.3267479648495653,0.3357118524679942,0.46893229009705845,0.38553617242461563,0.18372659901053764,0.31601340567570085,0.3334443754071107,0.35629704901631026,0.19801579870486682,0.3258787650250505,0.33876647390635334,0.17464171345026624,0.3295783455393094,0.4311905929428942,0.2595201304549362,0.25473538197011525,0.3655052146560548
0.3366847378411553,0.22662464729665696,0.41118738869738547,0.20639246133610628,0.5041843432163127,0.365530209943932,0.3354743429030092,0.2353387001202778,0.5628562977820788,0.28684124396220967,0.0,0.24507072577430095,0.43083289740534964,0.30882950762207145,0.527280831289163,0.23814029779575982,0.11459919926473155,0.286741320395076,0.3233935573250677,0.4596971788774015,0.3412511586192271,0.28534097211650866,0.4221628427081167,0.31976706785464004,0.39410246273980015,0.29165019248686896,0.5575062314283941,0.35245180642171403,0.33344936363530436,0.09961244931532885,0.06607368199969371,0.19886397449744725,0.0,0.0,0.0,0.029654657661803176,0.0,0.18136251848825807,0.24899905477603435,0.20805214006446343,0.06913834081155863,0.23524626102150942,0.18429752518586132,0.07369682261601483,0.14577880752783687,0.20626568517832072,0.18521665770215812,0.5644752888269544,0.18194750771250454,0.4147028962136063,0.4122833222590802,0.30611990716789994,0.31058936989369895,0.5759316739972453,0.25723977679385124,0.5373014166123964,0.1466257163925213,0.39435824197368685,0.38358571948437953,0.4892458383641473,0.21440231708822002,0.2706367272279478,0.21409606079124538,0.43681272166554386,0.46443942466833377,0.35926578540437226,0.39219457339420355,0.4265089718698674,0.26393662157997894,0.37346424410301227,0.30218318720908366,0.544446148463347,0.39007802155054805,0.34482535111281676,0.18741769015718746,0.29901356387202765
0.007721981671455727,0.26888729604345246,0.22769209863010711,0.26115696730867866,0.2273908131932974,0.40006371187908246,0.13252495788931645,0.4731363226898186,0.29300203076552545,0.25986722029276493,0.24507072577430095,0.0,0.4700950111533215,0.25018810159957533,0.280921010796408,0.0,0.37433542621587035,0.2184096073178528,0.18974512483996606,0.12386672153450964,0.082161681115024,0.017114116942801693,0.2957317968239238,0.47955708894143884,0.23220229402390985,0.4075985925256756,0.1294617414946854,0.20974419348022472,0.0,0.0,0.0,0.13673395376464534,0.0016638520393944707,0.0,0.0,0.25545752052502785,0.045820566606940165,0.13404820816068252,0.1630233459413811,0.040178556846939016,0.0,0.19229760320047984,0.18493957606011294,0.0,0.045765048081494814,0.0,0.16358029113102365,0.3106667107386128,0.21547477371374008,0.25454797781373856,0.36978057396673114,0.24308974208690629,0.3470346260236568,0.31328288149503264,0.15935607798145884,0.2733353515331036,0.5454783779585111,0.3036239539947421,0.312858859688022,0.28065201124093575,0.0,0.2865675429617694,0.09492135459071772,0.268469234266438,0.24419537033929953,0.05625494075075995,0.2093628658452133,0.1862407338778562,0.3400936392830145,0.06658470418099867,0.2875628980646008,0.17961963734901096,0.23417439901855738,0.0,0.09622980231868437,0.10591786585013599
0.1542883397163568,0.3961620046704281,0.2463674729917065,0.2687781755259367,0.4180815931461965,0.47324299504572404,0.3147920500019823,0.3791809625274156,0.42236968231552535,0.31204340651979806,0.43083289740534964,0.4700950111533215,0.0,0.22206362902185928,0.3636874924190795,0.18113292945730114,0.3628872496089658,0.31321362117004786,0.2793187545978348,0.3411790733062068,0.2701334177537901,0.22230050049876793,0.3296616380317412,0.3826669667832147,0.36208546953155446,0.4758499825926314,0.32781583573205236,0.46432508148847623,0.21452555809880475,0.11618281858977161,0.06783390761305899,0.23685143722504665,0.010050788785047738,0.0,0.0,0.19927168509352736,-0.009456257050353304,0.15784294305277138,0.22439727482305552,0.1481022892412503,0.05930906362469262,0.21965857654848114,0.1324595037153905,0.0,0.09921489337159214,0.057077921844644344,0.17181396049449282,0.42337111688399093,0.2691555289268727,0.35915919662033313,0.3907383513176027,0.26942099120604385,0.35879093887828084,0.4288321833680704,0.21617075993675586,0.3763086877264149,0.364656530522466,0.4240595554449772,0.31768962928737843,0.35428832626061507,0.11241538196472327,0.35910088336085155,0.23646993704546074,0.30489844142001016,0.3411577356365442,0.24220266790739942,0.309927148066004,0.266445770391999,0.2872341989750991,0.2097112965990279,0.3148012556059234,0.3467396162924567,0.3132006385162021,0.13430984856106576,0.1484157118372664,0.17655192544906395
0.13017777441388817,0.12737971420516028,0.23754262018022562,0.27162620325772985,0.31529090726281267,0.22216660235651936,0.2138891110186362,0.24240695909298374,0.3318096643200579,0.1897732030880705,0.30882950762207145,0.25018810159957533,0.22206362902185928,0.0,0.3619107894670771,0.06776667158411641,0.05762947647176068,0.11771899454545054,0.12127213306942089,0.2201018984408513,0.23201035259803446,0.12143917409784646,0.3022961024876309,0.3030120898043461,0.18353940459021584,0.19666911189660072,0.26506400142825043,0.13390974146519052,0.05606506009733884,0.008140020320392013,0.0,0.16875089595714363,0.02028211466985169,0.012215064036376991,0.0,0.1562912008735346,0.0,0.2015197253221295,0.14302060391541307,0.13203563781177374,0.007555587082240876,0.18256685464015976,0.16565061523400937,0.12258550391049196,0.08908590287661383,0.044503166125762446,0.0769726164405047,0.30910544293984626,0.06938634816743222,0.29988756716090037,0.26643020916519305,0.1775046630241794,0.22768686657471124,0.30519038244882535,0.18947430421873881,0.32881096124551873,0.217815775817246,0.11614289583647952,0.36973111336343645,0.3198925096326216,0.014869882336325295,0.1371552842912811,0.036514342072502926,0.21113495184384945,0.27493280930542424,0.17672921792786633,0.19571411690934506,0.23958015581715125,0.23215476567201074,0.15088385396328163,0.15889804281677683,0.30606593872752175,0.20228615194254107,0.04030145567709787,0.036872335326678815,0.1502100519171474
0.31594065785295894,0.2216195717744073,0.35660860705375497,0.28178731401574786,0.4476055679555924,0.3174195018441946,0.30157324907219757,0.22677159963543086,0.513264190757203,0.3653935760302034,0.527280831289163,0.280921010796408,0.3636874924190795,0.3619107894670771,0.0,0.2244215118394355,0.1853723826641859,0.3317952823906838,0.2906199341837223,0.42854766728269317,0.3842821637472638,0.324562279224115,0.3612537934357113,0.37058888132083917,0.42755255768986455,0.3034638030488478,0.5379470328419519,0.28037646414921225,0.27218139809374625,0.06261238926723678,0.1282963846812056,0.2357197463518006,0.0,-0.002112383098926674,0.0,0.1095820433011383,0.0,0.24161731672126077,0.2676095797652237,0.1437836267866838,0.06344420432148315,0.25268648683934286,0.20842216600205582,0.0036878604304569278,0.1643710144571015,0.168238571175285,0.10701339996929972,0.4811814063944383,0.2096650923509916,0.375909435477974,0.3697453638304242,0.28652959541224127,0.24907220002424596,0.518870662965719,0.26617073082475257,0.4799719909523236,0.16999533574703374,0.3269491252522511,0.4057087383956633,0.5813110727959068,0.2291251388832655,0.2575705407729086,0.2183482279649747,0.3934771666920895,0.5638851717089742,0.3817052115096472,0.4806504904061437,0.3609485527637467,0.23153584851779016,0.3173578581516628,0.21508394394931868,0.5655442208079353,0.4189566832567047,0.2786895868936578,0.32275372545794506,0.3610233173377116
0.355726893888314,0.17704557001770477,0.10978630499875909,0.05907006703096229,0.19255739202418323,0.10163657257881471,0.23156121228388404,0.0,0.10806079830200205,0.383926218582893,0.23814029779575982,0.0,0.18113292945730114,0.06776667158411641,0.2244215118394355,0.0,0.2597850037869926,0.5010195200653541,0.1308688915154433,0.4128657683614322,0.262780248621743,0.4863683510476772,0.03996236461878273,0.12309365862631703,0.3385267365587195,0.10791492225177435,0.3072688164094058,0.31306136686401276,0.43684606405713755,0.3320493729838967,0.4744038716814366,0.2492944165611988,0.20944353674067034,0.2128665791195077,0.057563622268696144,0.009701793967666163,0.0,0.12385943997197522,0.11769521969027365,0.23149632843604792,0.01144288306675618,0.07331384459601008,0.0,0.01727162019903343,0.0,0.29145634813624083,0.026429779229792918,0.1016073566087518,0.13133569865788272,0.15469130641364046,0.05335393835864025,0.2048612916517683,0.0,0.21548133430765026,0.3204672321612023,0.09833675150059265,0.0,0.2468100956549807,0.0976474887339555,0.17273853765736846,0.35479559081459316,0.2903404026623082,0.34765755329329173,0.0909265130965155,0.17398032161181445,0.21624584958343374,0.24283081763579106,0.057984815253469546,0.0585864273260249,0.25591966322673854,0.04038282008791603,0.2148784764088892,0.31639597712277495,0.33161147563558624,0.2687591452467743,0.24537141034520624
0.1308266631613191,0.33283437872019644,0.11978947573039714,0.22441483195958717,0.1556974338498922,0.14210525200199192,0.14509973986840471,0.2092287072733242,0.12107587613210248,0.4438166178857195,0.11459919926473155,0.37433542621587035,0.3628872496089658,0.05762947647176068,0.1853723826641859,0.2597850037869926,0.0,0.44113475391581175,0.09358936634932345,0.1483612202625828,0.18441369221692067,0.26717970700441235,0.11077146310844013,0.3376485745886977,0.3517985062919924,0.3757509782361412,0.09295653323751948,0.18600315497003178,0.051271339092596104,0.09558161127351207,0.14912146946362792,0.18546627106780395,0.11928587973239825,0.13608846190355503,0.03751423796261641,0.10212606367220096,0.0,0.09051321445895373,0.127781364596759,0.15399150430093572,0.06521975468860006,0.08120729265932422,0.0,0.0,0.0,0.05106344357815558,0.09875553080225269,0.1059228422003447,0.14580059840774487,0.1968021845630231,0.14539468168172126,0.25237223076309084,0.11713235882200801,0.2218700994064743,0.2792280368451046,0.10603059634980229,0.33491709490328575,0.3271593175644762,0.1509452508275756,0.17756521429110436,0.16301997605952542,0.4077612217283368,0.3291670635556604,0.06073468087227086,0.14456154173250002,0.12661144678052552,0.23661442946245315,0.06772431962759637,0.267016531081229,0.07755697520425016,0.1737252657324252,0.10160537846487853,0.24582836767681907,0.022313799345060677,0.1555011134373545,0.1541584743303247
0.2931462435727303,0.18962923567396997,0.16944634721380541,0.21201565093500432,0.2607573367952209,0.17684351624828426,0.32193585574294376,0.03186667849959522,0.23757157305178517,0.4734182094193509,0.286741320395076,0.2184096073178528,0.31321362117004786,0.11771899454545054,0.3317952823906838,0.5010195200653541,0.44113475391581175,0.0,0.12984843469233662,0.33246341981245525,0.17510698625247223,0.3618074309092602,0.10365382262321317,0.30626677825167103,0.4315407363100472,0.22332996407480585,0.33381475051523235,0.2859369583857904,0.28213309284207255,0.18477760497629403,0.2757787954546246,0.2295373404757484,0.07748758886198609,0.1448156185649261,0.0,0.046793318749515506,0.0,0.17405566042799747,0.17773121727451863,0.17137343306293845,0.040581476909697066,0.16187855150942426,0.01408212850026947,0.0,0.003623468445108993,0.20062680445960246,0.05987092116804771,0.20456776565993093,0.14932916118383588,0.25034782019205126,0.20350013133715886,0.3520387365647322,0.027895111057798298,0.34005142459692617,0.3422384316485491,0.24267519861247264,0.1987955064552975,0.36800577629294995,0.25081806015755714,0.29948312740281485,0.2592166132921817,0.36241787992278196,0.3973399296745676,0.1965740508954217,0.2585111781959398,0.1736861698194203,0.28258565364020066,0.1425354891474225,0.20021857089375536,0.25313090384239034,0.12912706466745166,0.284735766888285,0.4304789740274675,0.2531251112942107,0.24916411623803728,0.2533428221312629
0.2153537322582085,0.06967449508605396,0.4617881955016703,0.0,0.11709106801853729,0.28238988987057734,0.0,0.24804032237497112,0.28198607533112435,0.0840414652095331,0.3233935573250677,0.18974512483996606,0.2793187545978348,0.12127213306942089,0.2906199341837223,0.1308688915154433,0.09358936634932345,0.12984843469233662,0.0,0.32397020120457126,0.14354000208249987,0.13086064843875633,0.3472396674312383,0.13760918469571284,0.12813695065778283,0.15324862718327173,0.33883194536401406,0.2539926091427212,0.2321938728385924,0.0923323061716349,0.0,0.0,0.050821381442599595,0.0,0.0,0.0950907450604079,0.04306820281185125,0.117504718064272,0.0,0.018226105824946905,0.0,0.04105474572415873,0.11579524773120817,0.031185005587770456,0.15089642375716236,0.21838766231640683,0.17732458036474885,0.3489747659831375,0.1523440344083628,0.11361887709084516,0.2863307634812209,0.11198924128817231,0.26812302357432855,0.30212677932767523,0.11617654890159224,0.13151850326851566,0.17277221508287022,0.21313246048927345,0.12131363799932954,0.3185815564038503,0.05905861992013434,0.11105714893848698,0.01350444956968333,0.3941283394483488,0.251564221996593,0.1095110521650911,0.17174545832835783,0.2506185380654752,0.11999006247454486,0.18698819731403904,0.17280292634688987,0.2844882980828448,0.1750874057997212,0.1944913556891964,0.1412118915890684,0.04677077755684726
0.37690307858233507,0.17510515045023428,0.3144499283609839,0.05352218859534395,0.3350830979625021,0.28360080095309653,0.21513488296344274,0.0951155861522427,0.3571908563101779,0.3085305538230432,0.4596971788774015,0.12386672153450964,0.3411790733062068,0.2201018984408513,0.42854766728269317,0.4128657683614322,0.1483612202625828,0.33246341981245525,0.32397020120457126,0.0,0.309295863154445,0.46164471459871365,0.25401742399883226,0.20918145403325455,0.3123699124662178,0.1752586278832712,0.5280672118124563,0.39095418062320175,0.49352667984318704,0.3636703374735129,0.34242578605664814,0.18855056657626712,0.08581730452211041,0.10158867868642515,0.0,0.054104275706300754,0.0,0.1757429482064729,0.11133242464828218,0.1717263247891514,0.0,0.10677250322725795,0.027290667410927515,0.007800461155500859,0.11971539521466917,0.2896245965194557,0.057053636428297506,0.3510211633592035,0.16477275625638071,0.21151565087015492,0.2088427401696059,0.17808108811962656,0.13675607551050686,0.39907463021201406,0.2771645982929102,0.2436871326612287,0.06042300029143205,0.2714753235778107,0.20380453450031435,0.388623526597284,0.20922128519686395,0.2198912193244424,0.1778740997797001,0.3279206838529317,0.40547624519725367,0.2718948630911687,0.32228112113442237,0.24926610559755616,0.11947365852964599,0.31763275664897567,0.15275755800335686,0.43852565449988035,0.3498913212742745,0.338238489266514,0.2870166297409931,0.199941784293933
0.28062713882836704,0.31961806023819506,0.22283717423304697,0.1706934827540008,0.3704111933817816,0.18662604783053494,0.2165615392087593,0.2093921977694162,0.3114734565150336,0.32792266067226566,0.3412511586192271,0.082161681115024,0.2701334177537901,0.23201035259803446,0.3842821637472638,0.262780248621743,0.18441369221692067,0.17510698625247223,0.14354000208249987,0.309295863154445,0.0,0.40840532472910146,0.3195586141584162,0.21918509436236888,0.39884036500912806,0.33173068834123787,0.36017636476754006,0.21952120701831648,0.31030864609172615,0.21554974361249107,0.2625694201926382,0.2614623956747794,0.15208455482645972,0.13987799998504047,0.0,0.0,0.0,0.13233546763348397,0.2652426506012687,0.2936198280759879,0.15364216186451402,0.17380181893087449,0.0627844882329711,0.0,0.17925167862106853,0.15588828775964783,0.16319471339172245,0.3279401620889616,0.18507800409769365,0.3157759965759158,0.19381373182036515,0.18712401799166448,0.1864651621312883,0.32385120673936874,0.2949998529104744,0.3088779035122961,0.06830675935498799,0.27166647334559063,0.1760587959819295,0.33424560015444865,0.27341673626639995,0.29454149215719505,0.21929767069114056,0.16872297668321617,0.29449917487483046,0.5375929945911218,0.3932279006892508,0.2912756588716962,0.2149435033387004,0.273050990577705,0.22275120573801918,0.3503734315943955,0.20079097880472518,0.264637691208538,0.21997825862761206,0.2881707290262246
0.3639848418069409,0.26076874747955214,0.13973788974796558,0.06630798096448695,0.26715216891330124,0.1015681705322069,0.23605714912119835,0.005011911900396506,0.18824823219288517,0.3802763141083629,0.28534097211650866,0.017114116942801693,0.22230050049876793,0.12143917409784646,0.324562279224115,0.4863683510476772,0.26717970700441235,0.3618074309092602,0.13086064843875633,0.46164471459871365,0.40840532472910146,0.0,0.1075967775483778,0.17263663252260317,0.35482351073324675,0.21578841936120347,0.32595663980313366,0.2654622039181908,0.39139286421243963,0.3904814176851338,0.45617781472449653,0.24988271010233026,0.2208316840119192,0.2332422888045264,0.008068120477994977,0.0,0.0,0.1418934142503314,0.17636930920925709,0.3068713005515614,0.09217766824211468,0.09575550868619048,0.0,0.0,0.0187799741722243,0.28658241512284505,0.007810623043463398,0.163280737364273,0.1639000114158217,0.23339650096484446,0.06655345865762444,0.2062452435615019,0.006821338364356411,0.26012679326466304,0.2877322534423868,0.15784562542994385,0.01805745241694983,0.26061802778242216,0.1281556060230621,0.26697481100189574,0.30652335851030116,0.2609124722468572,0.26990256469638296,0.09751698998740396,0.28360637278866785,0.3301869244484611,0.39567678800864226,0.14551537936450054,0.10809497389426068,0.20460169354654884,0.11169576222470502,0.30049438764039826,0.2875582056564957,0.263620864717166,0.2870293318283371,0.24356434081594744
0.2312768711631101,0.23497061922728857,0.47945750720788205,0.12958272977668323,0.2683720589952658,0.4382805776277865,0.08523129288163418,0.4966344091688693,0.3536898121213013,0.19302896371621336,0.4221628427081167,0.2957317968239238,0.3296616380317412,0.3022961024876309,0.3612537934357113,0.03996236461878273,0.11077146310844013,0.10365382262321317,0.3472396674312383,0.25401742399883226,0.3195586141584162,0.1075967775483778,0.0,0.27787516411876056,0.3232530547793104,0.3661350906846446,0.40523945149542795,0.1567075151539917,0.19641859491845773,0.0,0.0,0.10372899381117255,0.0,0.0,0.0,0.13341433412486176,0.0,0.12190238055901148,0.1636409812023322,0.07651659047962243,0.06028909322608613,0.16671277831177306,0.20698321184021293,0.016658583077288586,0.14199376390016305,0.19485172208881424,0.34511603532843604,0.4847699940687576,0.1732312659929043,0.24920211660473746,0.5148281861126016,0.18682197085742488,0.5050532546030907,0.36780623933912454,0.18533955968867916,0.32671930181428777,0.25732313270646323,0.2576070232484911,0.3104772043710572,0.35378697523777497,0.08911334945974488,0.21559713279398537,0.03624512311084111,0.43326298820242654,0.2918561659390996,0.2745310890924098,0.26075514857987353,0.5532330543916856,0.3153933191919766,0.29153387608106823,0.396772364331116,0.37918724417039673,0.13904230477343163,0.17669862905845157,0.12399498505120045,0.1941759575066076
0.22675320742072763,0.20675453337740382,0.22146372700852027,0.3391062701164434,0.3112656693289705,0.2627039695758041,0.29427659206329126,0.344387985288285,0.37108945314778613,0.43957900371791336,0.31976706785464004,0.47955708894143884,0.3826669667832147,0.3030120898043461,0.37058888132083917,0.12309365862631703,0.3376485745886977,0.30626677825167103,0.13760918469571284,0.20918145403325455,0.21918509436236888,0.17263663252260317,0.27787516411876056,0.0,0.4129694218026642,0.403736439632877,0.2322975884900922,0.1823480100131955,0.010814441450643055,0.022462554949655232,0.0823942298291815,0.2283354827302975,0.031046604885691026,0.031357421785906975,0.0,0.2105339301184186,0.0,0.22917024653075158,0.2603191086963989,0.17593846434616842,0.0,0.2539394291791524,0.09897294445544887,0.0,0.10277584075465086,0.07467977792564484,0.13623872832321077,0.3338394370818451,0.25292814595902785,0.34481471403356445,0.37138608893260106,0.40056536755010697,0.2864248238312087,0.3752963113961622,0.34657477759468525,0.3605624982431819,0.4360302877275957,0.3496293204801272,0.3722542919791564,0.33561870665275284,0.09617589716310904,0.36108264501576454,0.18982814988893404,0.19978467775567238,0.3222419955182998,0.22558507529987398,0.2920488569553195,0.24932434430864467,0.4793488897162992,0.2474213569772919,0.29097698985906495,0.30476946228237434,0.35620673756960297,0.05815040481054629,0.10527949528311031,0.21539228330172178
0.37036065045162764,0.36103200248738343,0.2481489462835025,0.3168623793701926,0.3940626017836066,0.26743148283158436,0.4082053969060217,0.15549838769549967,0.38764375695742875,0.5626148092020327,0.39410246273980015,0.23220229402390985,0.36208546953155446,0.18353940459021584,0.42755255768986455,0.3385267365587195,0.3517985062919924,0.4315407363100472,0.12813695065778283,0.3123699124662178,0.39884036500912806,0.35482351073324675,0.3232530547793104,0.4129694218026642,0.0,0.4254519427482731,0.44127999174157717,0.23910216739666765,0.2979721457415289,0.05090833552970222,0.16633732298249487,0.34444630248154096,0.0,0.001522016445580531,0.0,0.04463753125495389,0.0,0.1774163886643025,0.36659347239757123,0.21050315083745189,0.16112118070620798,0.30411022930395565,0.05302794729112582,0.0,0.027134756359436914,0.17528367041262183,0.1785394733371013,0.3702389344340818,0.21661797769528138,0.3338376972106282,0.3435205936972826,0.3834759262631892,0.1619915678030577,0.39855073766841115,0.4395140856443908,0.39627583381109494,0.17846733695064668,0.40595551907931277,0.28617895153422745,0.3875553586657414,0.38667448907410557,0.4416031938452735,0.38917138831217024,0.2686740450584567,0.3736264233598279,0.4365763877005018,0.424788266607477,0.3344027190631637,0.3461552278161898,0.42787063881330456,0.31341057531103683,0.43619245147168434,0.3911173810452213,0.3514403196573703,0.24348967855559386,0.44188560859830395
0.14220668838346673,0.5352314736024325,0.191519942036844,0.2097950161757782,0.33378711625178664,0.3878307888188199,0.1742773591751873,0.40204658726822,0.3242780481474577,0.3054950596471284,0.29165019248686896,0.4075985925256756,0.4758499825926314,0.19666911189660072,0.3034638030488478,0.10791492225177435,0.3757509782361412,0.22332996407480585,0.15324862718327173,0.1752586278832712,0.33173068834123787,0.21578841936120347,0.3661350906846446,0.403736439632877,0.4254519427482731,0.0,0.20860692992810392,0.15357569026260037,0.0959629959296923,0.005447724746045403,0.025369145062145305,0.2096278625463097,0.07191286342342666,0.018377290756178815,0.0,0.12433578090600582,0.0,0.08830635503166916,0.21198699913861466,0.21751833340510213,0.17027389008661464,0.18326939423332045,0.06712988614332081,0.0,0.1030934372119381,-0.019896740917377705,0.20697743486221473,0.3777395881600767,0.206273034176018,0.27527001974014287,0.324614697803818,0.14739604581549384,0.32474418357871215,0.30919481727738723,0.11080518462455327,0.3083309862176608,0.28367999026878854,0.2805878344027818,0.20812579763728845,0.287937985461099,0.12387629402508213,0.26799492008372866,0.1659908897260074,0.19378969895721918,0.3069399187394999,0.27539411337449304,0.3704839012186168,0.2845627049278751,0.2992655058337084,0.11442443358213253,0.3334944649338765,0.29085026909593986,0.11796579880225098,0.029396650924824585,0.1060566688608567,0.19240296931005635
0.3890474228991038,0.1736621180060773,0.41490319605788345,0.1672086590742329,0.4341736915083072,0.36580413376894244,0.33638376818315335,0.13591009787671207,0.5091968969976796,0.3492888041691034,0.5575062314283941,0.1294617414946854,0.32781583573205236,0.26506400142825043,0.5379470328419519,0.3072688164094058,0.09295653323751948,0.33381475051523235,0.33883194536401406,0.5280672118124563,0.36017636476754006,0.32595663980313366,0.40523945149542795,0.2322975884900922,0.44127999174157717,0.20860692992810392,0.0,0.32199098994276065,0.47257366383677596,0.09594938709923305,0.1432631086451383,0.21854727244277541,0.0,0.0,0.0,0.034071303426007817,0.0,0.1893402685060593,0.19477618413683356,0.0979608633622879,0.02892957685709906,0.23161996849784702,0.14616728977444937,0.017255011370808846,0.1590428603081758,0.26842064324605064,0.1439509305718862,0.5058843935341573,0.19155498307614305,0.30522141534303066,0.3653499477571199,0.2786163131839988,0.19025970699894207,0.5240471082524165,0.30211269898322035,0.4250399467050866,0.04683942650165674,0.30397609284114363,0.31018920435092034,0.47833119748635095,0.2992944464243187,0.24916191704637577,0.23234494254528165,0.444107086717123,0.46072646976276244,0.38688398498020066,0.37252928627654797,0.4132155328409583,0.17016412583917798,0.4340577460120797,0.21925186338161096,0.591390875397454,0.36425056763755514,0.43680772782938426,0.22783773042798805,0.3458642110367162
0.18707788692010954,0.1989693674705333,0.15137959658312794,0.16960912487539204,0.3116884258306058,0.2766160718839454,0.306274784987819,0.1365263523697784,0.2806355840420017,0.27040416812846757,0.35245180642171403,0.20974419348022472,0.46432508148847623,0.13390974146519052,0.28037646414921225,0.31306136686401276,0.18600315497003178,0.2859369583857904,0.2539926091427212,0.39095418062320175,0.21952120701831648,0.2654622039181908,0.1567075151539917,0.1823480100131955,0.23910216739666765,0.15357569026260037,0.32199098994276065,0.0,0.317905584455794,0.284175424338434,0.2133271896677751,0.1955546013604358,0.021994737176349456,0.0,0.0,0.13058615967547357,0.006651690603538072,0.13204739264810633,0.12328824120556683,0.09917064764317367,0.0,0.1447605502933114,0.08658225224126795,0.07288398047662449,0.06484159411171964,0.13096682715303748,0.05459716911836584,0.26149425389489167,0.23737673615083907,0.3090243426655275,0.19737237623925225,0.23505143914300025,0.14000553707656144,0.3089717608853025,0.2535668226343914,0.26531211319301523,0.159370106917364,0.3085156026643161,0.24631592464003793,0.2635486368543361,0.18644075685825337,0.30556867564104717,0.24422230665320963,0.1948392119416642,0.25548515092077195,0.22562111742753307,0.22150076082154097,0.13011591863577865,0.15682915389407487,0.23832267046101802,0.11155755824681747,0.27839047303957304,0.3304841609777757,0.24238914882429466,0.21391479989110612,0.21603077624109923
