0.0,0.0,0.40111657078768204,0.17641822491899511,0.2601786001439179,0.08100494878994766,0.211090629737176,0.021280196119714007,0.3121240035671518,0.4791811283520004,0.5062908856538038,0.011611957716028867,0.23201164585578288,0.1957552965514677,0.47509690075077476,0.5349255963083224,0.19673106533960502,0.4408197182806224,0.32383894955553527,0.5667693602171059,0.42199406948745743,0.5473435151965171,0.34778342696263004,0.3409809513374612,0.5569311603810772,0.2138438192037318,0.5850314616691842,0.28131904541426067,0.5255483424908912,0.3402762965943849,0.4964065491545889,0.15037020767549186,0.1763464626140479,0.17130250304029176,0.0645127646102925,0.054308313589155284,0.0,0.3076210637485877,0.17525626682663992,0.2764780416108809,0.0,0.19683367401496465,0.02486568927918176,0.0,0.09853115965425903,0.7531123138726471,0.20467379127303795,0.38497908908891254,0.22911323202237768,0.2019494822042864,0.28927050135290894,0.3500779719887257,0.11984464111203084,0.4028004599170075,0.49784086443601155,0.2860433071642135,0.0,0.3926568365105933,0.2608430229979091,0.3521567774082149,0.43093093937874355,0.3610225415956295,0.38912346412963067,0.3686854524324449,0.40850862978260843,0.37693533784608996,0.3822851560896068,0.38547679769004695,0.2851223913628521,0.5897107078295812,0.3394180866286317,0.47112896751466765,0.5223059040817286,0.6087970453210774,0.344090206427846,0.4212158728087321
0.0,0.0,0.11391474888147272,0.18566203588229016,0.5389954590997135,0.5962685225919104,0.3599207803980007,0.4236595601835232,0.34775033191447613,0.38105149124062804,0.34078762858843237,0.4043402386689811,0.5957300396004465,0.19154770344738747,0.3332612282675497,0.26623291278393485,0.5005008942751177,0.28515564528061144,0.1047732726193325,0.26331499987925755,0.4806268078159563,0.39213194206190494,0.3533379139013199,0.3109078733054148,0.5429031724477541,0.8048562537688095,0.26114503465046807,0.299200902068094,0.28958817162807116,0.09049371916958616,0.10437698099551633,0.4222056483096915,0.0737440509433949,0.06314879847937765,0.0,0.03764507896577554,0.0,0.0,0.3072573914093443,0.28113585821993303,0.3257196427624742,0.17881862333926077,0.06741546642790683,0.0,0.0495511076681129,0.0,0.21312278724882783,0.39899378340320446,0.28760016059761107,0.36317662430546543,0.27520753301182316,0.11811733310782581,0.3146909853654756,0.3375760472953017,0.10677914597874917,0.3783908845077805,0.2608693010736389,0.30858699981071025,0.14367354498182588,0.3047081999038441,0.23452272681458308,0.31400612989679094,0.23307203073025992,0.13662810635204264,0.35104788082454247,0.43304952338883373,0.5302434616998413,0.26986943045257933,0.19449792014355088,0.0,0.2958386199892936,0.34782894718300755,0.05529273771317662,0.05783163759209778,0.19395715707954136,0.27808402461148785
0.40111657078768204,0.11391474888147272,0.0,0.07279362234122753,0.2910856700988533,0.4107469797896309,0.05636258042462821,0.516769351693153,0.5465738890193966,0.29442866998717865,0.6183245148804212,0.3423928123709529,0.3704759737464215,0.3572055695863225,0.5362514756525602,0.16509155106610232,0.1801338550372928,0.25480555415658307,0.6944156601340117,0.4728552109147526,0.33509220234469894,0.21013135437481378,0.720985951172424,0.333026876140241,0.3731548706172904,0.28799880177504805,0.6239121735653035,0.22763761290583473,0.3334717676505522,0.003334814232311393,0.0,0.0,0.0,0.0,0.0,0.12899193639902937,0.0,0.11258041896803518,0.1271556249964205,0.14494669115019407,0.0,0.15209377414661662,0.21749763312655632,0.0,0.17480574438678045,0.3485128630848831,0.40504433137033863,0.6814207730357303,0.21970004038427265,0.3257926816799201,0.5781592562064976,0.3629096018877883,0.4903755333421723,0.6439239652532367,0.2901394960651579,0.3861599523962147,0.3543396072509261,0.44295337207736246,0.39818570354135774,0.5969136326790428,0.10061055616332999,0.24453486178968267,0.044404863910481325,0.6757203748924447,0.4607945691402384,0.285716032232623,0.36714547947689974,0.5787553884885319,0.37001301299227524,0.40098225117002306,0.42487982126313134,0.5710382745573724,0.3779885278474419,0.3364500001052023,0.24619440039542184,0.16810835370143729
0.17641822491899511,0.18566203588229016,0.07279362234122753,0.0,0.4795870904920693,0.14998964091836858,0.6021496401758853,0.1717853609614942,0.46192298911246515,0.5130145729468707,0.31036340617086505,0.39271572902646157,0.4041761482982375,0.4084588802448707,0.4237386870988733,0.08882682578515073,0.33746461082614737,0.3188192977579928,0.0,0.08048418363071476,0.2566809387113584,0.09971086489897323,0.19486049603777117,0.5099322735235244,0.47648294279793924,0.31548001025072053,0.25144062256727034,0.25505033165073915,0.0,0.0,0.02398632778293406,0.4441580296961964,0.0,0.0,0.0,0.26670143176230837,0.07426103938083443,0.282691565906467,0.45393815944839383,0.07719051901776168,0.07706992592449172,0.5269737214663918,0.13780203326955284,0.0,0.03959354411524104,0.0,0.008415470211012795,0.3975548028112685,0.19991283676249566,0.5597729855815142,0.3253577869139009,0.5084601853949289,0.2215232328970102,0.4323075213237187,0.33830373736662833,0.5009334910707951,0.2807479055184886,0.36965577553736473,0.5415662695681418,0.337145035341498,0.16430565995062352,0.4503722806252802,0.3503957778051992,0.2052698074654547,0.3225594616863719,0.34538162586260723,0.28759300390455805,0.2535266858647819,0.40954750181925187,0.26714558979941017,0.19501896896050525,0.33531176279908076,0.5001401638945646,0.08125093882406291,0.044437332237116434,0.4146408861651662
0.2601786001439179,0.5389954590997135,0.2910856700988533,0.4795870904920693,0.0,0.49633474504549974,0.7599233505491355,0.25893019192915073,0.8201740180772981,0.48373624872608306,0.7581690197676838,0.3419397533115638,0.6286916996202109,0.47411983596355395,0.6730884829437301,0.2895588709254332,0.234130576227892,0.3921147832042952,0.17607611473384865,0.5038824139248465,0.5570071644941096,0.4017310350054023,0.4035654491043553,0.4680668699409191,0.5925730549573989,0.5019335767654418,0.6528902504188663,0.4687025915509965,0.355714347980216,0.027919530597811926,0.12473699674061864,0.5217025415152405,0.0,0.0,0.0,0.0,0.0,0.22223787971209685,0.45853043088656975,0.2691249596944957,0.22119440941077287,0.48306959771261637,0.2280867071232951,0.061801549393457715,0.16169270723824808,0.0,0.09737750879567246,0.7372056477160097,0.33769056884563375,0.7508815171217414,0.4357767124572221,0.3971374283544581,0.3229936987117405,0.7416421506277457,0.28833355000641164,0.824438059218392,0.19133831233066048,0.45751363228477165,0.534601869005177,0.5596402666855466,0.322343497046225,0.39008802369283796,0.3409130143970409,0.41059458879361915,0.6375670586270923,0.5731622519763786,0.6244653462008849,0.4558904255659633,0.3114924986537772,0.3778026989895627,0.28259770427994263,0.7105783254518951,0.47275927612047375,0.3139683780759842,0.22703136003487068,0.506036967340148
0.08100494878994766,0.5962685225919104,0.4107469797896309,0.14998964091836858,0.49633474504549974,0.0,0.3238377157697177,0.6626929550598875,0.5347983062058435,0.23891703149479343,0.5496673680915286,0.6015972458507143,0.7116408561536836,0.33408382747318377,0.4773207177223054,0.15283636162332503,0.21369128388020125,0.2659290737013392,0.424644812708164,0.4264657246044018,0.2806395907579534,0.15273350179968212,0.6590659951943584,0.39504203925054093,0.40215105431477094,0.583201943794471,0.5500792820287492,0.41596241314113963,0.43495685200200657,0.018297046286825727,0.0,0.25619477465244495,0.0,0.0,0.0,0.24215165500706104,0.022305637048314772,0.054959359405159634,0.23023685674191366,0.07416613439865011,0.14334562373162596,0.2265130298095718,0.3727131975692334,0.06168647993438386,0.2343623370972408,0.01201186353251974,0.32265946475706786,0.631822216181947,0.3959760684334957,0.3089229137185826,0.6174619870507843,0.18021567046834674,0.5537291456759984,0.5118238505540033,0.09241909904045087,0.4690884938242698,0.43140015487921535,0.3686520704533288,0.3087044831234487,0.4683683875960413,0.1082088000230425,0.24404362678431377,0.052526358419424275,0.5407614189432377,0.4361142253952498,0.2663083795573453,0.41196640879264573,0.49868700703935653,0.27113994117072465,0.22066349638889105,0.43288337186463594,0.5260779746674092,0.18131928973873312,0.18075119535048625,0.23754641240600852,0.22993659738624755
0.211090629737176,0.3599207803980007,0.05636258042462821,0.6021496401758853,0.7599233505491355,0.3238377157697177,0.0,0.0,0.6346531027201437,0.5949554190877046,0.5044707499115237,0.19928488214595108,0.47336967756308673,0.3216365200979806,0.4534918581141413,0.3482110059458281,0.2181942557811164,0.48411220114381553,0.0,0.32350985414128475,0.32565519360215933,0.35497178713776123,0.12816686326547994,0.44251948388940254,0.613840333997312,0.26207020577166795,0.5058383014479327,0.4605618096596615,0.2934754741966344,0.0006584226981801587,0.20156076780271245,0.6343581681055709,0.0,0.0,0.0,0.050533505514310344,0.0,0.19364826425506185,0.57343533495871,0.22686480360912975,0.17097239065605335,0.5361235252723326,0.09244040610010225,0.009419413474875004,0.04102499100292511,0.0,0.027074209403563,0.43864327968329586,0.2873761221549906,0.6683703177930838,0.32914466624958094,0.6319365678325662,0.0874862883080342,0.5438818808580965,0.42168977889144205,0.6546858834757693,0.1565457932494796,0.4848075412960819,0.4812087028740833,0.3944949138152846,0.3673569097201559,0.5063702538887288,0.47449247881956963,0.1777951900923944,0.43325540618092456,0.48461148483600885,0.44046925015086624,0.2713739872640467,0.3196665650659739,0.4581714614070687,0.17652147003347185,0.565972767598458,0.5839683384979406,0.351864528565185,0.11926404526777713,0.46822098754560704
0.021280196119714007,0.4236595601835232,0.516769351693153,0.1717853609614942,0.25893019192915073,0.6626929550598875,0.0,0.0,0.357360719932808,0.18019994623943902,0.3538914168682162,0.7114804472147681,0.570194736393544,0.3645203367244233,0.3410086086964818,0.0,0.31462842120152423,0.04791963242484983,0.37299152702409355,0.14303040482702026,0.3148742706231319,0.007536680549112824,0.7468157792851546,0.5178746717126115,0.23383125985721373,0.604579001849946,0.2043752985790512,0.20530199348979555,0.0,0.0,0.0,0.0,0.011246834661655785,0.0,0.0,0.29456360747702903,0.0,0.11043371165321372,0.064412209395692,0.06326081554301966,0.0,0.06505871060212781,0.16825278806150856,0.0,0.17349417557313243,0.0,0.42253420432068844,0.5395081001669839,0.2508523806646245,0.28121151864875554,0.6405058547796837,0.2005632648023297,0.7968587487736022,0.41127987085541207,0.10070161377850355,0.32052142615152796,0.665934264586645,0.2991775960923053,0.3422725488388754,0.36957976716212904,0.0,0.2299284193545213,0.0,0.4344856203517908,0.23956290864805474,0.16949640446136716,0.24406447823254163,0.527821947845647,0.4609691747733802,0.05758864972714934,0.4879502446548653,0.25843867799301895,0.04515246541988341,0.0,0.07455606200954303,0.0
0.3121240035671518,0.34775033191447613,0.5465738890193966,0.46192298911246515,0.8201740180772981,0.5347983062058435,0.6346531027201437,0.357360719932808,0.0,0.49592097794558576,0.8463971825012023,0.4406028577530246,0.6351399291337395,0.49895997630979805,0.7718228731694013,0.16249681416384673,0.18206828426880753,0.35724910757107964,0.4240375751418565,0.5371270350663779,0.4683793306694153,0.2830789563281728,0.5318623272733692,0.5580271000570807,0.5829206939601115,0.48763428139745757,0.7657066655476148,0.4220067690078397,0.300341655383058,0.0,0.014987150081095009,0.340695204044679,0.0,0.0,0.0,0.14316089875848534,0.0,0.2832549840034536,0.3819964776887248,0.1755631761554678,0.050182619786960835,0.4196584363146695,0.2546486779721044,0.0,0.2186516111314551,0.05947200087090912,0.15083887994658515,0.883176553890867,0.3102837452189442,0.6681413731315082,0.5620219049831502,0.4907324547089501,0.4193638647083917,0.916001474159159,0.34056534521234433,0.8265896017748287,0.26203457334674773,0.5004549970328803,0.5774444310325076,0.7045149011055373,0.2336887678809391,0.34077214387763455,0.2385559402685339,0.6010651753341841,0.6958072433808641,0.5130900742769566,0.5532004584982423,0.5302077023107463,0.3781794106670051,0.460431017808742,0.31152475979232225,0.7977707376080375,0.5528716849468487,0.31574355567345225,0.19545704228588626,0.435892868683943
0.4791811283520004,0.38105149124062804,0.29442866998717865,0.5130145729468707,0.48373624872608306,0.23891703149479343,0.5949554190877046,0.18019994623943902,0.49592097794558576,0.0,0.4313385524359045,0.3907762673117925,0.4692363950393088,0.2853721367974459,0.5494619043522586,0.577330432256643,0.6673908356465157,0.7119043353983077,0.12637765562349984,0.46395393016010045,0.49311488059206837,0.5718418752736013,0.29026799855366514,0.661018508098096,0.8460340431802731,0.45938929487376345,0.525244295733909,0.40662124052332754,0.3724039052826118,0.22116815785562347,0.3883117165852923,0.5047422952444398,0.05344286928778597,0.14513740570695535,0.07749344931805835,0.1556991030659251,0.0,0.2932721400009257,0.4314348609234516,0.34034027042556697,0.06947405458492055,0.4245934750881041,0.0,0.0,0.022429320888160315,0.22291555888567396,0.12173302272320119,0.41352722325929775,0.3253266075873032,0.4830691199847675,0.34627670576353903,0.6238928152118549,0.12778786347111787,0.5681407405834225,0.745376135296022,0.47333037104475945,0.3409597087922401,0.5734148762777267,0.47648073289892073,0.491348427523057,0.5048279057742412,0.7051586180806236,0.5797514061374729,0.2762795341649609,0.4752062955509119,0.5014181789873502,0.5357829691330135,0.29776696960653753,0.49004136516024993,0.5094213037502837,0.26261810482347614,0.49560462266672894,0.6484044052202992,0.39025432971960305,0.3830592469738161,0.54962978133747
0.5062908856538038,0.34078762858843237,0.6183245148804212,0.31036340617086505,0.7581690197676838,0.5496673680915286,0.5044707499115237,0.3538914168682162,0.8463971825012023,0.4313385524359045,0.0,0.3685259854535779,0.6478665192690112,0.4644034830107883,0.7929004467901133,0.35810432945065296,0.1723289581315421,0.43118829201238135,0.48630422514159083,0.6912712863634449,0.5131576573251964,0.4290825132511411,0.6348288933300537,0.4808508785551968,0.5926329960136631,0.43857002607865087,0.8383520009765452,0.5300006717492505,0.5014256800534401,0.149792578984665,0.0993585369878432,0.2990424170056954,0.0,0.0,0.0,0.0445932981329201,0.0,0.27272453957549264,0.37443322432095255,0.31285915402884235,0.10396702870040149,0.35375241124092055,0.2771380664548443,0.11082186211166153,0.21921540621673535,0.31017276606755473,0.27852021528253684,0.8488317461087821,0.27360421922578143,0.6236109719539514,0.619972528916121,0.46032891158083045,0.46704988223233956,0.866059326519612,0.38682523969883914,0.8079689380160592,0.2204889484685123,0.5930176249567114,0.5768184055124072,0.7357051893593249,0.3224082555712265,0.4069709521057345,0.3219477215629831,0.6568587015109523,0.6984024555304057,0.5402472171557252,0.5897640005471466,0.6413644006909686,0.39689564413592504,0.56159820049862,0.45440905478155835,0.8187128542380157,0.5865812280985716,0.5185323621445471,0.2818300257543596,0.44964272228666463
0.011611957716028867,0.4043402386689811,0.3423928123709529,0.39271572902646157,0.3419397533115638,0.6015972458507143,0.19928488214595108,0.7114804472147681,0.4406028577530246,0.3907762673117925,0.3685259854535779,0.0,0.7069070640515291,0.37622125775910154,0.42243598051651776,0.0,0.5629082437346539,0.3284342326690948,0.2853299140308555,0.18626502808192982,0.12355092352940665,0.025735414915783236,0.4447077532828785,0.7211356975624763,0.34917503491849655,0.6129278497275646,0.19467855947349688,0.3154035854394621,0.0,0.0,0.0,0.2056141748341122,0.0025020234894619644,0.0,0.0,0.3841451654234488,0.06890284186131328,0.2015754752209665,0.24514694288830094,0.060418649389226656,0.0,0.2891682125472747,0.27810355276659093,0.0,0.06881935567896312,0.0,0.24598445122067383,0.4671661838060899,0.3240209660797022,0.3827774372995328,0.5560588682802581,0.36554707410764703,0.5218545672389451,0.4711002599919676,0.2396322755016407,0.41102901811212655,0.8202650730545132,0.45657561301823063,0.47046263567438057,0.42203147146732894,0.0,0.4309269735719329,0.14273832841768566,0.40371157676794023,0.3672096665693586,0.08459356951470057,0.31483016263659874,0.28006017351555823,0.5114170334595284,0.10012698843123381,0.43242374238831527,0.27010367579284317,0.35214059489827043,0.0,0.14470591139537467,0.15927437178077852
0.23201164585578288,0.5957300396004465,0.3704759737464215,0.4041761482982375,0.6286916996202109,0.7116408561536836,0.47336967756308673,0.570194736393544,0.6351399291337395,0.4692363950393088,0.6478665192690112,0.7069070640515291,0.0,0.3339289809507721,0.5468963749848927,0.2723792942443116,0.5456930069805441,0.4709961095291279,0.4200265819942638,0.5130492587764361,0.40621409867346076,0.33428517728624957,0.49572987405184366,0.5754368278330857,0.5444873273049669,0.715561123055223,0.492954242203951,0.6982305115623786,0.3225935796842168,0.17471033138817982,0.10200548258583958,0.35616620073114297,0.01511390979029736,0.0,0.0,0.29965551328117085,0.0,0.23735689340956528,0.33743820921893125,0.22270935020132876,0.08918621777269328,0.3303123746424548,0.1991864551964576,0.0,0.14919475280417932,0.08583113029506373,0.25836586114421517,0.6366458399684385,0.40474359483231387,0.5400869338883043,0.5875742013611238,0.4051427846895406,0.5395331649839933,0.6448579383384672,0.32506755786616964,0.5658755428293681,0.5483535695186922,0.6376810819309785,0.47772692283669776,0.5327623450633425,0.16904503501100868,0.5399992451145939,0.355592518463755,0.45849212806857426,0.5130171721789251,0.3642131331192229,0.46605406377679337,0.40066878568793135,0.43192945995007803,0.31535411663602547,0.47338352052312765,0.5214109452944414,0.47097658681670607,0.2019689179142178,0.22318066055753435,0.2654905929880988
0.1957552965514677,0.19154770344738747,0.3572055695863225,0.4084588802448707,0.47411983596355395,0.33408382747318377,0.3216365200979806,0.3645203367244233,0.49895997630979805,0.2853721367974459,0.4644034830107883,0.37622125775910154,0.3339289809507721,0.0,0.5442246515296484,0.10190437616545518,0.08666053254964685,0.17702036150747702,0.18236340634427717,0.3309790215328276,0.3488864023088831,0.18261459489165352,0.4545788515378535,0.4556555200409195,0.27599803988202465,0.2957418844742943,0.39859094563818354,0.20136725542952683,0.08430803579907829,0.012240584838138944,0.0,0.25375976682769485,0.030499302893782696,0.018368446484832834,0.0,0.23502345552559795,0.0,0.3030360118616005,0.21506774761271988,0.19854906531915992,0.011361741253941023,0.27453556439616295,0.24909770853792584,0.18433839247100642,0.13396324691126602,0.0669217961487782,0.11574784885895122,0.46481842173748905,0.10433997065393054,0.45095700787627896,0.40064538543714495,0.2669232755438743,0.34238494464883057,0.45893113544082786,0.2849226665474868,0.4944506657744999,0.3275412564139217,0.17465029740430635,0.5559844917201335,0.4810395120800769,0.02236063905331478,0.20624775212915442,0.05490857324122423,0.3174949433316105,0.4134312009836422,0.2657571971908559,0.2943058073268926,0.3602695211297897,0.34910356398835884,0.22689213815795137,0.2389435034751022,0.46024775634447596,0.3041885286490407,0.06060345894717074,0.05544690688496756,0.22587890590727064
0.47509690075077476,0.3332612282675497,0.5362514756525602,0.4237386870988733,0.6730884829437301,0.4773207177223054,0.4534918581141413,0.3410086086964818,0.7718228731694013,0.5494619043522586,0.7929004467901133,0.42243598051651776,0.5468963749848927,0.5442246515296484,0.0,0.3374746557194982,0.2787543872543612,0.49893834943176696,0.43702077144924023,0.6444300962516175,0.5778656860779746,0.48806169490141943,0.5432366913841304,0.5572743633716479,0.6429336966217849,0.45633478545724565,0.8089397857436694,0.4216171165369494,0.409293756476682,0.0941536055904198,0.19292614997319535,0.3544644165095713,0.0,0.0,0.0,0.16478439180353316,0.0,0.36333290916743666,0.40241886821938283,0.21621514600014552,0.09540445047045487,0.37997821355061434,0.31341558186355734,0.0055456333883021165,0.24717350426666,0.25298935659403593,0.16092178515333552,0.7235782707754326,0.3152846368318346,0.5652751658245816,0.5560059209111283,0.4308699098078247,0.3745432167510695,0.7802536259206063,0.4002551939493099,0.7217596079538333,0.25563109763825137,0.4916509232022117,0.6100859747813596,0.8741486168139178,0.3445477518065843,0.3873226272221736,0.32834193324641003,0.5916927048325981,0.8479443553698452,0.5739905848808243,0.7227799039482192,0.5427776846256493,0.34817286509132567,0.47722802079791543,0.3234332544155574,0.8504391564203533,0.6300076195217692,0.4190804687958603,0.4853420756697966,0.5428901121226928
0.5349255963083224,0.26623291278393485,0.16509155106610232,0.08882682578515073,0.2895588709254332,0.15283636162332503,0.3482110059458281,0.0,0.16249681416384673,0.577330432256643,0.35810432945065296,0.0,0.2723792942443116,0.10190437616545518,0.3374746557194982,0.0,0.39065263394548744,0.7534099055699014,0.19679456637902346,0.6208483843377128,0.39515674414026314,0.7313781574562616,0.06009354954844813,0.18510253195286677,0.5090607978513941,0.16227745252857026,0.4620565879856108,0.47076715656873713,0.6569088402522508,0.4993204390753277,0.7133865285705516,0.3748773756678715,0.31495147178583227,0.32009888407640574,0.08656150405489726,0.014589107578252727,0.0,0.18625407840607539,0.17698460998348167,0.34811343662624383,0.01720727657406967,0.11024595753642762,0.0,0.025972261003913748,0.0,0.43827853193909533,0.0397438755902249,0.152792428003247,0.19749652929866932,0.23261760847637836,0.0802311767320404,0.30806090425010535,0.0,0.32403083159639445,0.4819037531498268,0.14787424380680453,0.0,0.371141569168526,0.1468377624420521,0.25975619737878614,0.5335251459611233,0.4366004249183807,0.5227912963614578,0.1367310711505017,0.26162353446723996,0.32518047419247464,0.3651577155328773,0.08719487452086921,0.08809955083909833,0.3848401141735699,0.060725810972623286,0.323124281862527,0.47578158874063886,0.49866194936259783,0.40414753144749116,0.3689781409587018
0.19673106533960502,0.5005008942751177,0.1801338550372928,0.33746461082614737,0.234130576227892,0.21369128388020125,0.2181942557811164,0.31462842120152423,0.18206828426880753,0.6673908356465157,0.1723289581315421,0.5629082437346539,0.5456930069805441,0.08666053254964685,0.2787543872543612,0.39065263394548744,0.0,0.6633579730545434,0.14073534630824974,0.22309871865608635,0.2773127530456768,0.40177244550897084,0.16657298611735422,0.5077402586300422,0.5290182693291248,0.5650368851771718,0.13978372123994193,0.2797029133782964,0.07709946059418295,0.14373119177951854,0.22424194612693277,0.278895572279038,0.1793765707437622,0.2046435141260289,0.05641217028281627,0.15357243561580608,0.0,0.13610957183754685,0.1921516866685742,0.2315652785320646,0.09807444072203163,0.12211575845601393,0.0,0.0,0.0,0.07678683696649953,0.1485039846881122,0.15928185498530587,0.21924817433078336,0.29594199297511703,0.2186377755938583,0.3795056498455058,0.17613820592809937,0.3336379600954706,0.41989016484726516,0.15944389067516684,0.5036327862274024,0.4919670006478257,0.22698446391349072,0.2670143297293282,0.24514187541633828,0.6131724039760776,0.4949861559043497,0.0913299948369814,0.21738493839823883,0.19039241854397487,0.35580979945557667,0.10184068925848935,0.40152706912750613,0.1166265804519937,0.26123999327111924,0.15278945336228178,0.36966529218988536,0.03355445603252139,0.23383535870133298,0.23181636031438424
0.4408197182806224,0.28515564528061144,0.25480555415658307,0.3188192977579928,0.3921147832042952,0.2659290737013392,0.48411220114381553,0.04791963242484983,0.35724910757107964,0.7119043353983077,0.43118829201238135,0.3284342326690948,0.4709961095291279,0.17702036150747702,0.49893834943176696,0.7534099055699014,0.6633579730545434,0.0,0.19526005076048092,0.49994306348318535,0.2633177604734766,0.5440692257265289,0.15586980863405803,0.46054976950137705,0.6489309345681942,0.3358332368419116,0.5019751318885046,0.4299787297474603,0.4242586532527975,0.2778599881666545,0.4147033556986907,0.3451676014340555,0.11652224049021698,0.2177670073489669,0.0,0.07036562139490313,0.0,0.26173682548308463,0.26726395731278474,0.2577034164343463,0.061024541882986505,0.24342545414318167,0.021176051388631118,0.0,0.005448803708703769,0.3016932789025531,0.09003111307463217,0.30761951348400574,0.22455426329830586,0.3764614351670783,0.30601405453063407,0.5293795164659157,0.04194737359769195,0.5113535529734681,0.5146422726944662,0.3649237028667682,0.29893945794101895,0.5533900098939925,0.3771685602067589,0.4503488301352038,0.3897979146942965,0.5449871906265246,0.5975013485626629,0.2955989361518171,0.3887371141307256,0.26118120265130196,0.42493919318093815,0.21433825453529518,0.30107939620940927,0.38064650721760757,0.1941752879906419,0.4281724337121504,0.6473343057163847,0.38063779665244546,0.3746814360881999,0.38096518010681396
0.32383894955553527,0.1047732726193325,0.6944156601340117,0.0,0.17607611473384865,0.424644812708164,0.0,0.37299152702409355,0.4240375751418565,0.12637765562349984,0.48630422514159083,0.2853299140308555,0.4200265819942638,0.18236340634427717,0.43702077144924023,0.19679456637902346,0.14073534630824974,0.19526005076048092,0.0,0.48717135544970247,0.2158487944748601,0.1967821708228034,0.5221628989931724,0.20693030649509303,0.19268640048695596,0.23044817439409357,0.5095197566902555,0.3819422996627137,0.34916237153078267,0.13884503754414315,0.0,0.0,0.07642283515940926,0.0,0.0,0.14299304994581508,0.06476396490362217,0.17669814247810764,0.0,0.02740757219736484,0.0,0.061736221565179786,0.17412752031544187,0.04689456433157382,0.2269110400307157,0.32840123279422967,0.2666524755969607,0.5247720596821019,0.22908788975481553,0.17085479513613724,0.43057091557631294,0.16840422443572836,0.40319096119428866,0.4543242312269795,0.17470090332202667,0.19777142238949488,0.2598068399285291,0.3204987041426217,0.18242581953192918,0.47906816144653996,0.08880961215106557,0.16700258721195863,0.02030736461873071,0.592671908207227,0.3782906037563088,0.16467763862733228,0.25826285076547306,0.3768685281430681,0.18043548807535723,0.2811841743464999,0.2598530221022735,0.42780030160577287,0.2632883162972173,0.2924670757435671,0.21234788994566395,0.07033172499534288
0.5667693602171059,0.26331499987925755,0.4728552109147526,0.08048418363071476,0.5038824139248465,0.4264657246044018,0.32350985414128475,0.14303040482702026,0.5371270350663779,0.46395393016010045,0.6912712863634449,0.18626502808192982,0.5130492587764361,0.3309790215328276,0.6444300962516175,0.6208483843377128,0.22309871865608635,0.49994306348318535,0.48717135544970247,0.0,0.46510476682017315,0.6941999002100598,0.3819796150918549,0.31455736397178974,0.4697273795307474,0.2635457921212771,0.7940829693307903,0.5878987554558014,0.7421425201325099,0.5468705781737871,0.5149240075595979,0.2835335927447432,0.12904808037785206,0.15276434101035993,0.0,0.0813594992177047,0.0,0.2642740905494928,0.16741653405078724,0.2582340786370641,0.0,0.16055953581093443,0.04103843928940025,0.011729971522468793,0.18002245619528381,0.43552402885616237,0.08579461101287247,0.527849337097679,0.24777762494247507,0.3180674208618711,0.3140480217809037,0.26779007685467415,0.20564744048902797,0.6001099107359273,0.4167872617017843,0.36644540233272277,0.09086130404236503,0.4082319943834466,0.3064718018822308,0.5843940260804793,0.3146172602273483,0.330662212053671,0.26747881739392954,0.49311190794288384,0.6097363622979246,0.4088628784358299,0.4846313952182431,0.3748348029544535,0.17965894378560296,0.47764140040211683,0.2297097273483184,0.6594345304223622,0.5261503329981896,0.5086273449488545,0.4316022894316493,0.3006631773642673
0.42199406948745743,0.4806268078159563,0.33509220234469894,0.2566809387113584,0.5570071644941096,0.2806395907579534,0.32565519360215933,0.3148742706231319,0.4683793306694153,0.49311488059206837,0.5131576573251964,0.12355092352940665,0.40621409867346076,0.3488864023088831,0.5778656860779746,0.39515674414026314,0.2773127530456768,0.2633177604734766,0.2158487944748601,0.46510476682017315,0.0,0.6141409761804503,0.48053741555964885,0.32960037410187437,0.5997576335943868,0.4988412158975544,0.5416165041486325,0.3301058047173228,0.4666277428053009,0.32413370233463135,0.39483971013160307,0.393175018030675,0.22869769640012663,0.21034204564782083,0.0,0.0,0.0,0.19899993549210704,0.3988595899747481,0.4415318726809782,0.2310399535866379,0.26135511041866516,0.09441240002921863,0.0,0.2695503565320755,0.2344175734812283,0.24540463730819614,0.4931411984103811,0.27831171442605745,0.47484929076310023,0.29144809641325786,0.28138841517905444,0.2803976583089719,0.4869924170946063,0.4436070899900742,0.46447625850480373,0.10271653509371158,0.4085194365343513,0.26474904777800595,0.5026230235833321,0.41115140069757883,0.44291782835851123,0.3297696611612253,0.253717783119095,0.4428541935929314,0.8084073994504343,0.5913178701841675,0.4380068198075594,0.32322206634214606,0.4106014093025403,0.3349629269110543,0.5268753081263228,0.3019401566646007,0.39794988011176424,0.3307930977189109,0.43333777038335175
0.5473435151965171,0.39213194206190494,0.21013135437481378,0.09971086489897323,0.4017310350054023,0.15273350179968212,0.35497178713776123,0.007536680549112824,0.2830789563281728,0.5718418752736013,0.4290825132511411,0.025735414915783236,0.33428517728624957,0.18261459489165352,0.48806169490141943,0.7313781574562616,0.40177244550897084,0.5440692257265289,0.1967821708228034,0.6941999002100598,0.6141409761804503,0.0,0.16179904128640493,0.25960295716580883,0.5335671306392324,0.324492611850324,0.4901584696379243,0.3991897440648487,0.5885584274811542,0.5871878364870549,0.6859790298586278,0.37576202419656246,0.3320764392105117,0.35073893081092666,0.012132465191495686,0.0,0.0,0.21337273209911717,0.2652159831605806,0.46145882208442995,0.13861250020136226,0.14399269063937895,0.0,0.0,0.028240453716963095,0.43094933763764864,0.01174525249804689,0.24553399616636523,0.24646523174903937,0.35097082790173817,0.10008000286306314,0.31014202691273063,0.010257612103176604,0.39116660110202234,0.4326784111468676,0.23736092704388745,0.02715395902840779,0.39190529677517555,0.19271445355960187,0.4014643324081329,0.4609356029882648,0.39234806869774785,0.40586695255795824,0.14664152448249404,0.42647410327218527,0.4965197753905509,0.5950003932998605,0.2188192751685124,0.16254820583364235,0.3076705326655531,0.16796290423833407,0.45186951635518363,0.4324166861627477,0.3964208236176268,0.43162139024118484,0.3662607536536732
0.34778342696263004,0.3533379139013199,0.720985951172424,0.19486049603777117,0.4035654491043553,0.6590659951943584,0.12816686326547994,0.7468157792851546,0.5318623272733692,0.29026799855366514,0.6348288933300537,0.4447077532828785,0.49572987405184366,0.4545788515378535,0.5432366913841304,0.06009354954844813,0.16657298611735422,0.15586980863405803,0.5221628989931724,0.3819796150918549,0.48053741555964885,0.16179904128640493,0.0,0.4178557776184602,0.4860929439329913,0.5505769596812573,0.6093802829170079,0.23564948962240456,0.29536516866725,0.0,0.0,0.15598284757835837,0.0,0.0,0.0,0.200622284859424,0.0,0.1833111432738806,0.24607571413371887,0.1150620981798541,0.09065994081115948,0.25069494008693494,0.31125174936646804,0.025050404226867655,0.21352363324603016,0.2930089780133055,0.5189694795794363,0.728974622399588,0.2604971393857947,0.3747385792763206,0.7741747368110994,0.28093421071441516,0.7594756483912065,0.5530899554819015,0.2787050295868719,0.49130532538065147,0.38695058645227803,0.3873774878760659,0.4668812129241842,0.5320084366592825,0.1340045198093804,0.3242049639867722,0.054503734259188565,0.6515207770466587,0.4388797593983721,0.4128271127682504,0.3921114926675951,0.8319261956360865,0.4742738382704313,0.4383951148650137,0.5966478701357968,0.5702041824367732,0.2090853659671942,0.26571119906843893,0.1864579048065442,0.2919927945919462
0.3409809513374612,0.3109078733054148,0.333026876140241,0.5099322735235244,0.4680668699409191,0.39504203925054093,0.44251948388940254,0.5178746717126115,0.5580271000570807,0.661018508098096,0.4808508785551968,0.7211356975624763,0.5754368278330857,0.4556555200409195,0.5572743633716479,0.18510253195286677,0.5077402586300422,0.46054976950137705,0.20693030649509303,0.31455736397178974,0.32960037410187437,0.25960295716580883,0.4178557776184602,0.0,0.6210042535728285,0.60712012342205,0.3493183343148123,0.2742064760011357,0.016262255233204098,0.03377814780803536,0.12390061949484717,0.3433603035260009,0.0466864437779657,0.04715383580973861,0.0,0.31659115474999344,0.0,0.3446155825937531,0.3914557961242938,0.26456809864787223,0.0,0.3818623301011977,0.1488309212511882,0.0,0.1545495402409237,0.11229998469441274,0.20486947779512585,0.5020122544018513,0.3803416093211389,0.5185163665983576,0.5584731671855568,0.6023516123705774,0.4307123591659618,0.564353178281022,0.5211630685097084,0.5421971537516315,0.6556821136621849,0.5257563483615191,0.5597787306399218,0.5046878374195072,0.14462485132377018,0.542979326331979,0.2854547632468995,0.300426927842213,0.48457255993225573,0.33922436845871284,0.43916951920716263,0.3749223796257496,0.7208226172287366,0.3720607555807859,0.43755769520544047,0.45829817522638955,0.5356471629701582,0.08744388041298351,0.1583144197442617,0.3238969208258945
0.5569311603810772,0.5429031724477541,0.3731548706172904,0.47648294279793924,0.5925730549573989,0.40215105431477094,0.613840333997312,0.23383125985721373,0.5829206939601115,0.8460340431802731,0.5926329960136631,0.34917503491849655,0.5444873273049669,0.27599803988202465,0.6429336966217849,0.5090607978513941,0.5290182693291248,0.6489309345681942,0.19268640048695596,0.4697273795307474,0.5997576335943868,0.5335671306392324,0.4860929439329913,0.6210042535728285,0.0,0.6397748893470171,0.6635763749574889,0.3595507443230635,0.4480766860267291,0.0765535926806818,0.2501303477849418,0.5179623664017492,0.0,0.0022887377050520635,0.0,0.06712384819513921,0.0,0.26679053265766817,0.5512662528309653,0.31654487029552025,0.2422865550734246,0.457306851263694,0.07974096649160778,0.0,0.040803987484876715,0.2635834499148713,0.2684793752743589,0.5567481294818547,0.3257400631792879,0.5020096380642501,0.5165703284874532,0.5766533035610931,0.24359540280127612,0.5993221054389338,0.6609208873115126,0.5959012105801913,0.2683708999237382,0.6104570721221191,0.43034262781492233,0.5827877647109995,0.5814631538939056,0.6640623912835476,0.5852178751050123,0.40401956173318554,0.561842078139449,0.6565033134608778,0.6387768839629135,0.5028592917075018,0.5205321690210879,0.6434120122553619,0.4712922800271252,0.6559259679756949,0.5881441686774792,0.5284796448888399,0.3661484800110908,0.6644870734843218
0.2138438192037318,0.8048562537688095,0.28799880177504805,0.31548001025072053,0.5019335767654418,0.583201943794471,0.26207020577166795,0.604579001849946,0.48763428139745757,0.45938929487376345,0.43857002607865087,0.6129278497275646,0.715561123055223,0.2957418844742943,0.45633478545724565,0.16227745252857026,0.5650368851771718,0.3358332368419116,0.23044817439409357,0.2635457921212771,0.4988412158975544,0.324492611850324,0.5505769596812573,0.60712012342205,0.6397748893470171,0.0,0.31369342128198646,0.23093999667614806,0.14430470032816967,0.008192035683466981,0.03814894314530267,0.3152286523791208,0.10813922705853408,0.027634917081548534,0.0,0.1869703777991215,0.0,0.13279099903523442,0.31877621251610533,0.32709397631669795,0.2560499747284142,0.27559201083655965,0.10094680776820887,0.0,0.15502712705603006,0.0,0.3112430622150223,0.5680272645037341,0.3101838171492779,0.41393828238786656,0.4881405195292084,0.22164733410934273,0.48833523422899283,0.46495281871906435,0.16662369496851265,0.4636538296556204,0.42658480582273406,0.4219349653160974,0.3129699168689396,0.432987781410067,0.18627942274906245,0.4029983251094841,0.24960939752930614,0.29141195690885086,0.46156200693137633,0.41412488863691127,0.5571164991652958,0.4279121911666441,0.45002158091782984,0.1720661536076652,0.5014935012934069,0.43736713840205016,0.17739149429644704,0.04420531957408455,0.15948309730745316,0.28932665721357426
0.5850314616691842,0.26114503465046807,0.6239121735653035,0.25144062256727034,0.6528902504188663,0.5500792820287492,0.5058383014479327,0.2043752985790512,0.7657066655476148,0.525244295733909,0.8383520009765452,0.19467855947349688,0.492954242203951,0.39859094563818354,0.8089397857436694,0.4620565879856108,0.13978372123994193,0.5019751318885046,0.5095197566902555,0.7940829693307903,0.5416165041486325,0.4901584696379243,0.6093802829170079,0.3493183343148123,0.6635763749574889,0.31369342128198646,0.0,0.48419510939511945,0.7106343469405041,0.14428423600041276,0.21543241497238427,0.3286412470959073,0.0,0.0,0.0,0.05123484508843807,0.0,0.28472110986239063,0.2928953875462888,0.1473090006666808,0.043502955264579535,0.34829936081393326,0.21979958779253053,0.025947285418725614,0.23916127329873213,0.4036385078462407,0.21646672966897024,0.7607254765485779,0.28805149486394394,0.45897780126712084,0.5493962981796693,0.41897028319137986,0.28610371880347496,0.7880377241412301,0.45430305785835556,0.6391553488150398,0.07043495609304469,0.4571051430752237,0.46644813185790734,0.7192922588771008,0.4500651004350654,0.37467812904582803,0.34938954314564585,0.6678276291966156,0.6928190862348802,0.5817781841162966,0.5601922543038361,0.621374343931976,0.2558849163464864,0.6527158969618341,0.32970077825474176,0.8893061562351451,0.5477431013701745,0.6568511920118635,0.3426118067108843,0.5200945514921065
0.28131904541426067,0.299200902068094,0.22763761290583473,0.25505033165073915,0.4687025915509965,0.41596241314113963,0.4605618096596615,0.20530199348979555,0.4220067690078397,0.40662124052332754,0.5300006717492505,0.3154035854394621,0.6982305115623786,0.20136725542952683,0.4216171165369494,0.47076715656873713,0.2797029133782964,0.4299787297474603,0.3819422996627137,0.5878987554558014,0.3301058047173228,0.3991897440648487,0.23564948962240456,0.2742064760011357,0.3595507443230635,0.23093999667614806,0.48419510939511945,0.0,0.4780516661980384,0.4273298165871431,0.320791528845275,0.2940659352464096,0.033074665148588776,0.0,0.0,0.19636940735762362,0.010002503672587676,0.19856674169657965,0.18539513620636774,0.14912821813090896,0.0,0.2176841982374342,0.13019837326221156,0.10959954782059073,0.09750578039422528,0.19694183744635058,0.08210068945913788,0.39322292494376954,0.35695612088041306,0.46469646690824756,0.2967994207593449,0.3534594471402975,0.210533830007973,0.46461739686708664,0.3813020216691699,0.39896404459695833,0.23965337156447314,0.46393144730138214,0.3703984577271697,0.39631221070907774,0.2803609587918548,0.4594999951894309,0.3672501721482964,0.29299016583452697,0.38418671473044125,0.3392785669378312,0.33308256586978924,0.19566228070262737,0.2358324043153645,0.35837857300206744,0.16775507950943716,0.4186306752618055,0.49696674589072953,0.3644935544688148,0.32167514983236545,0.3248570568802755
0.5255483424908912,0.28958817162807116,0.3334717676505522,0.0,0.355714347980216,0.43495685200200657,0.2934754741966344,0.0,0.300341655383058,0.3724039052826118,0.5014256800534401,0.0,0.3225935796842168,0.08430803579907829,0.409293756476682,0.6569088402522508,0.07709946059418295,0.4242586532527975,0.34916237153078267,0.7421425201325099,0.4666277428053009,0.5885584274811542,0.29536516866725,0.016262255233204098,0.4480766860267291,0.14430470032816967,0.7106343469405041,0.4780516661980384,0.0,0.5434390860796698,0.5207576340818159,0.19462154519719918,0.13612175714920605,0.14720593242412489,0.010713507915495532,0.0,0.0,0.060225735831957936,0.10813312268296134,0.2784343049730518,0.019974295631315447,0.015340305069412948,0.0,0.015182121802163426,0.15622336969046308,0.4477174504327175,0.17649880488630512,0.34747401961460633,0.17995107196809684,0.12468703369507368,0.21473989985590136,0.1820348302085799,0.05273680316113593,0.3573225791837055,0.39560409068612434,0.19190460842220514,0.0,0.33397015568979244,0.05021119543532572,0.3690359653370858,0.4820624505939382,0.24869299542411516,0.3309140126147156,0.32295761987246796,0.32356112417109334,0.4419373184779081,0.3293520857226167,0.30780713310985397,0.04159246285675935,0.5216682139230715,0.1958986193063649,0.4835880809723607,0.3084125839795421,0.70717866208271,0.3425691855323118,0.23252499864965326
