0.0,0.3614303423225191,0.3276715009871381,0.33421637141025407,0.1450393208042162,0.4290549510519244,0.0,0.20257932358621353,0.23458273356267956,0.09705869338368144,0.07668985209938484,0.23579822334120593,0.29965946037026464,0.0,0.33939273871344927,0.5273489348763012,0.2696068148434399,0.4949398782055385,0.20773768527020017,0.33270787452141504,0.5528463840541279,0.3723924500656061,0.36430391015573876,0.3862418631994234,0.4989985962285563,0.4838798931205506,0.3023394583846914,0.4150013085430513,0.46686468832558514,0.3542595396167467,0.3981373287511644,0.1659969816690852,0.24000623887339528,0.015668499599867936,0.0,0.35405594704056914,0.0,0.15653750336005579,0.17063267510077662,0.32967409864873115,0.31008131172961484,0.25675662559569096,0.33506045704347964,0.23353564974095264,0.32119470431684793,0.6171597126424685,0.45455703848949186,0.2001564528570391,0.0,0.16528367193493523,0.4514291064871234,0.004417871893132368,0.13352723839770725,0.316573378200201,0.10169475256007415,0.07975380935545624,0.04330552619919586,0.476296353123281,0.24222817611061642,0.32776754687083515,0.4703774781750143,0.46890231329713483,0.47530509993931364,0.26311432703974813,0.3215989404238155,0.5193314422275107,0.42257432173284365,0.33033662600721886,0.46839118877213665,0.5287049838709927,0.5100611385660694,0.31411646537497084,0.5160417397098214,0.5115048595119136,0.4403843348076541,0.4849524362757381
0.3614303423225191,0.0,0.41455214043215916,0.2702532067629131,0.3711223695354532,0.5200116735267774,0.333702508566295,0.41059372216033,0.3612636348538973,0.4773935071368605,0.2822127286706245,0.46539679457325117,0.5105828090921845,0.0,0.4242573043982364,0.49612027734597547,0.565030096074639,0.5570903404771264,0.40354018912620826,0.4929103477768171,0.44296704743367027,0.5809837857404428,0.5120636695867775,0.5072440753355751,0.5927016831806585,0.6168919175766147,0.5019642207655192,0.4758568271145303,0.5393562458360548,0.3059073356123778,0.4326578444735358,0.0558830573433084,0.14569692947945628,0.1680412974879158,0.0,0.3315667434725386,0.04324362179668048,0.3587875188038393,0.11823722213934608,0.1758385819498694,0.06538056153885528,0.26568997419995666,0.20438831493167237,0.3591505186530021,0.28079278729461615,0.3453156610871235,0.49817843044354654,0.4060167458885622,0.0,0.42599867482291515,0.35926500894121555,0.32534152608572586,0.3748926478864479,0.39321961791407983,0.42590238304609535,0.3288685399395081,0.42937006107257975,0.4448298635699639,0.17288189839097423,0.47346443716446124,0.24074918987045935,0.4180883994913339,0.09366857234456454,0.40841199120630495,0.4786882694533586,0.42230562782557746,0.5162748986686778,0.5038536985995289,0.4511360290742587,0.31093383439097755,0.5527982875032204,0.548791127234338,0.39119824925628716,0.3937641001445182,0.303321805322018,0.27672692607557026
0.3276715009871381,0.41455214043215916,0.0,0.2498524814057752,0.4013439144253246,0.5243070803444132,0.13621426683703083,0.49132056731043977,0.5751399124749326,0.2686007685618095,0.5417820077083195,0.46806772186264556,0.5044931575197794,0.20465579178241075,0.5813397312359609,0.44250257107766267,0.434184411954483,0.42782480367725606,0.5858986707808234,0.5804770437580815,0.4157529226240088,0.5574789489133534,0.5337198917707593,0.4149161891370826,0.40325762435636664,0.4743994041069579,0.5450226662354343,0.5008863836030338,0.4418384617181484,0.5710774442520586,0.43977734373234084,0.0,0.0,0.16175847570636734,0.0,0.4964576514031111,0.12295961293921544,0.2822588405578581,0.0,0.0,0.0,0.04315263670907355,0.16232469443946548,0.13801232872561606,0.15936769234361708,0.24470699829797157,0.4122157408529952,0.6282564202696046,0.0,0.4189164657227886,0.34258273661594435,0.1713494760474578,0.37274203181234594,0.5914680644574827,0.22788905977861973,0.5439724758970488,0.35227386103085134,0.3656460765362424,0.2507874847385363,0.5848050066882907,0.14371596780403742,0.22390866266025203,0.13182711742934175,0.5594559046662758,0.5986683394663044,0.3304236705150258,0.5603790747897174,0.45373464299754374,0.3704033217124438,0.19098380546796373,0.3751915378186193,0.4871040592698401,0.4350471747572577,0.29642337293373394,0.4897712928027769,0.12642782752543474
0.33421637141025407,0.2702532067629131,0.2498524814057752,0.0,0.2754617367475163,0.29427198058002846,0.18688219181443058,0.17408613193568884,0.17044503427255447,0.2576379713054509,0.05759580609141142,0.3944054223388898,0.32009032798897685,0.0,0.3350017714684797,0.3240140124662818,0.32675857219774884,0.3996863272525436,0.1918041271191872,0.2894879169448566,0.3396032200684722,0.3005956699337873,0.24518994908762246,0.36341472063453517,0.3723353359139062,0.29185143212424114,0.25488947324195205,0.46368442181118125,0.34802032773366715,0.26249423599373195,0.33284912369673797,0.0,0.02011746733990277,0.014594180520064653,0.0,0.33514909116861563,0.11663685567164346,0.17296092627218393,0.010957362065062887,0.09465323227839456,0.08516985498066573,0.1813663654971906,0.26844984501433355,0.24066337821503334,0.13856883300871436,0.30734032861796223,0.36481907341652875,0.19992874657948276,0.0,0.15593858462946789,0.37418180386665384,0.09387579372536174,0.11389982146653,0.30261691818909164,0.16661096295023972,0.10081302682212363,0.1959712095020547,0.4134554391185195,0.025370453523109338,0.2953570858175265,0.2198388580697428,0.255600112039455,0.2652722118387462,0.2353794532496036,0.25946594566402925,0.3220281200769673,0.28917501349239977,0.26990797511444814,0.3431034655597909,0.28405016793807525,0.29806065104274676,0.28223282338724626,0.3669109900916888,0.3657967476192138,0.1801968246292349,0.21155117366902504
0.1450393208042162,0.3711223695354532,0.4013439144253246,0.2754617367475163,0.0,0.372442328649292,0.5287837471971535,0.4375533839259731,0.5080949273602572,0.5049662832077153,0.46415846581107406,0.4671422424817142,0.49700377794544554,0.22534746573918882,0.4186228856779087,0.3106330401243564,0.4767861236306607,0.33625098478762644,0.4516215383432733,0.4917840518982515,0.3062151670995506,0.48546604334506566,0.4089476236061279,0.44254335652041205,0.3295271573198117,0.34200780046842744,0.5015888910262758,0.44931011373051694,0.4159567332167782,0.27568733088412983,0.4522562716108258,0.0,0.13107439925184497,0.3704118832609276,0.0,0.3727293423969997,0.1950517856298524,0.3781662392385069,0.02050829714711495,0.07774113004210872,0.0,0.10108436992580962,0.12940526815449363,0.31626683889657325,0.19874399037026355,0.1374178439339877,0.37703060368879737,0.4414504034561279,0.10979572616600727,0.5346558099838251,0.13528603379238585,0.4592769396328366,0.4644372444844804,0.5133240825097944,0.48282577404517774,0.4798195745184489,0.5171511396050922,0.2800017001686303,0.09095762887178041,0.4145535925171005,0.03654421098497759,0.19586634888882448,0.0,0.4034411810176034,0.45448090697658244,0.3450862301313361,0.3967173002683595,0.43721065451774555,0.35934803969397555,0.09062634040820006,0.32537328459495396,0.4280421545183375,0.2713674034403897,0.20512908034699734,0.21616328308778782,0.034945830704795754
0.4290549510519244,0.5200116735267774,0.5243070803444132,0.29427198058002846,0.372442328649292,0.0,0.21363504855898233,0.4948197877130916,0.5055287830586038,0.2959433755534316,0.3662776791465411,0.4734518360515639,0.586052605970616,0.09731635595205447,0.5169182247690507,0.5335099713081638,0.4704624620157026,0.5507628608649939,0.4432741710182898,0.5484151483397347,0.5504672958333898,0.5471345159487968,0.5718893337545544,0.4723346925202383,0.5266192722361778,0.5684594676177399,0.5308488318802744,0.5158186007038618,0.57082708055852,0.456208503852245,0.4642337000018729,0.022654853097217993,0.12375760293409414,0.16003954752720487,0.0,0.4883651249899856,0.06310269253407982,0.27803520593293857,0.033771406407472906,0.16404698500397494,0.025507723470907774,0.1444814085129455,0.2886890559615145,0.21765212536423614,0.22957212446259812,0.37498391683181237,0.51891973376907,0.4599683720551907,0.0,0.3461951179516218,0.5002912569380566,0.16735314731915066,0.3720537315436929,0.5203066974407614,0.2713355107373362,0.36689734453006734,0.3179201501149724,0.5176974032249929,0.281896976133198,0.5150747652162209,0.29821204743401963,0.35620161933152567,0.26091634533635966,0.43669666872514495,0.5165764315315209,0.44779541475472673,0.5294336347139399,0.5021832532009557,0.4613039729903467,0.379620479155316,0.5189311670321046,0.47415893388759,0.4760400483573126,0.39096581352426024,0.39644734971842793,0.22252008097806403
0.0,0.333702508566295,0.13621426683703083,0.18688219181443058,0.5287837471971535,0.21363504855898233,0.0,0.3116872722937303,0.28328062788529934,0.5730951852906019,0.28022423215805325,0.372540519284377,0.3800970188343941,0.06113389224002358,0.22329597121393419,0.16144990190486358,0.4829196746760529,0.24252918956347833,0.29024933456841845,0.3005737082896132,0.1525978449146308,0.3503102282378257,0.24871906863775411,0.38228748896238374,0.29227967268010063,0.23944537498604151,0.3650101422810657,0.29394818596467825,0.32530429501004626,0.05161156842981277,0.332101644041963,0.008574974844446486,0.14830467277907342,0.3401567565076121,0.04142230839534216,0.16414183594620577,0.13299650109104122,0.3806128860659533,0.08907400078283097,0.04615505910178514,0.0,0.15169802250641487,0.02217510969851846,0.34887275789966077,0.11506991911742923,0.0,0.268894926429368,0.25633769053889494,0.2183873663214052,0.35899706149422933,0.009021189150998258,0.5040329567782813,0.391289217076884,0.26615670327840535,0.5332873792385163,0.2869873837217468,0.5016391174384296,0.15430331722598306,0.0,0.23105444663552988,0.0,0.13845757562587566,0.0,0.23362184551210355,0.22525582037047073,0.24612739163115285,0.17916559215783878,0.32906776706093305,0.23240522467164798,0.0,0.2287393023546671,0.30651485640889414,0.04308474008847685,0.07139527056513018,0.0,0.0
0.20257932358621353,0.41059372216033,0.49132056731043977,0.17408613193568884,0.4375533839259731,0.4948197877130916,0.3116872722937303,0.0,0.45866477539816847,0.40756994302336635,0.5017066569243396,0.5015809755149305,0.5297389726341359,0.25087785615178393,0.49888771992561387,0.3110532202976074,0.4822684306601846,0.3722871560250628,0.5363089151646574,0.5145019702048255,0.4142975616933594,0.47274790476451517,0.5626347632882039,0.4616503693936727,0.3592594986403174,0.4311612513888913,0.46884010080966654,0.39528803376516597,0.40103947942639595,0.3677808498696506,0.4219893447333928,0.0,0.02918264415536401,0.24106439367677573,0.0014984600402294676,0.4264559633689794,0.11655099261110168,0.30757808879382637,0.0,-0.008990985948924925,0.0,0.0,0.16180157578483048,0.16096552191825436,0.07632477879398356,0.1577864111150585,0.4170315549310941,0.5205538661473548,0.041688198613666835,0.4351736590969096,0.25919694466669213,0.3012325679043789,0.5588114628311021,0.47784294857008985,0.42764871974713725,0.5125782091754799,0.48392837286580587,0.30964468637074843,0.17482987559936022,0.5103678131182237,0.013977388716289708,0.2149093734132919,0.0,0.47203965100641004,0.4768552905426478,0.36549068436168053,0.4374780656800596,0.5269355883168829,0.3700624087428094,0.13870137725549542,0.3937069777032655,0.4069604402428502,0.278695382777471,0.18530465776761632,0.3049536738888204,0.0
0.23458273356267956,0.3612636348538973,0.5751399124749326,0.17044503427255447,0.5080949273602572,0.5055287830586038,0.28328062788529934,0.45866477539816847,0.0,0.32232243505520697,0.554945119239694,0.4493894290932828,0.5007956333184913,0.21262140926667758,0.5267856632524865,0.3735576851876228,0.3988949592381004,0.3604070296550782,0.5252188183206772,0.5656648128051945,0.34368911021643167,0.5153145300667193,0.48249514602998506,0.37897918439276945,0.3257333415608083,0.38924011897461397,0.5619427627091993,0.4617280406311565,0.42785159254826444,0.4682835473173529,0.43887246541474384,0.0,0.06391417301767405,0.2725505863630456,0.0,0.45216859693071426,0.1386637936628306,0.3187328309201016,0.0,0.04328945614371674,0.0,0.026883712619352438,0.11699721980863448,0.17124888735812366,0.1847260134275621,0.18112935996055887,0.37806403431526897,0.5651885772213392,0.0,0.4888107517197446,0.22233809199472207,0.2927797100758663,0.4004984131711872,0.6314269994395396,0.31263866157743303,0.5254684637858651,0.3933696485808174,0.30674184495316564,0.2298587522522631,0.5243448396600981,0.10630149988921342,0.18866616652066592,0.03311747021996892,0.46810210308048866,0.5639185688237737,0.3092389120966582,0.5008023512546823,0.42658258205936733,0.35801699120173297,0.14310414647219763,0.33553442339310435,0.45693506573092807,0.37060649200853885,0.23133955289314476,0.3948215469667873,0.07799032018358278
0.09705869338368144,0.4773935071368605,0.2686007685618095,0.2576379713054509,0.5049662832077153,0.2959433755534316,0.5730951852906019,0.40756994302336635,0.32232243505520697,0.0,0.31177648204534864,0.5124869063144718,0.45035804663446233,0.02954773511615674,0.3373666136847232,0.28701151862891455,0.609836263564245,0.37626442307428015,0.39081380362957435,0.4230058997800139,0.256465508983064,0.4732932680681994,0.39131136886345436,0.4799868456502642,0.4203167214662096,0.38823818147444944,0.4464578805034138,0.3969063222077617,0.4122837857609194,0.17556708087028644,0.44154328635431256,0.0,0.112546616114935,0.31320994218652115,0.0,0.22720779364778124,0.12460301308942939,0.45037456673165716,0.0513792892148838,0.047571521011284854,0.0,0.2120120633069992,0.05717349720752455,0.40780953217913857,0.15406077373855506,0.1045575469823759,0.38356344933946296,0.37037011336482034,0.15398760730087585,0.44927999508103167,0.08858930353352175,0.49815898468086683,0.464967595877959,0.3372615966134507,0.6073551306480012,0.3572683974755694,0.6133824557417891,0.2636910678422074,0.0,0.3667190769762021,0.02827141162304437,0.2595999432214464,0.0,0.37128302291833426,0.35690664804985167,0.32393886272915834,0.34249578383773477,0.45350614770822173,0.34991939541892053,0.06578600020493444,0.3531710414096908,0.4150529989500666,0.1617333569331782,0.20007707003503583,0.11663244854998027,0.02414935054618594
0.07668985209938484,0.2822127286706245,0.5417820077083195,0.05759580609141142,0.46415846581107406,0.3662776791465411,0.28022423215805325,0.5017066569243396,0.554945119239694,0.31177648204534864,0.0,0.42881843717593116,0.44083471567636223,0.3062487211857402,0.4843809673819053,0.2640014596848994,0.3700898928590226,0.23102699501622798,0.578216989009542,0.5047737376189328,0.23075239336560918,0.4701369516457842,0.4184248653729983,0.3317077226572599,0.21216793405189352,0.2894671147468812,0.4820333786183558,0.365465432379441,0.3113651478844664,0.4135400085870118,0.3762154545731495,0.0,0.0,0.2762066442958877,0.01703208563397768,0.36597976514793473,0.11892684725161111,0.28392622783315163,0.0,0.0,0.0,0.0,0.015297060407996997,0.0682343137113492,0.029734007625956644,0.02072145364078225,0.26054873750008206,0.572089532772279,0.0013211358391108526,0.4367455642055268,0.05531732725499568,0.2596465242574337,0.42231087684570034,0.5087007622478859,0.3067161171555737,0.6200053418317754,0.4380770301998439,0.1253255879108745,0.16652870805313078,0.48408517731269934,0.0,0.0550819973160475,0.0,0.4857136980838477,0.49899176675607415,0.19771378716731908,0.3973651198154283,0.3646214062829732,0.22888098020914696,0.0,0.21948484089765502,0.36886444883419617,0.2057842508113555,0.07390681439643247,0.2939620711039314,0.0
0.23579822334120593,0.46539679457325117,0.46806772186264556,0.3944054223388898,0.4671422424817142,0.4734518360515639,0.372540519284377,0.5015809755149305,0.4493894290932828,0.5124869063144718,0.42881843717593116,0.0,0.5837191408964918,0.10187267554491757,0.5043289190504439,0.3944082898972242,0.5673191442673081,0.44708168893396955,0.4702994778650497,0.5489157217815022,0.3817991715337519,0.5158862150705723,0.4920050316397805,0.5398978334526916,0.4489911920799278,0.4748686084569876,0.45515560667552357,0.5394269833733468,0.4414643400196903,0.3925339399884913,0.4615894934809724,0.0,0.0,0.21080645788873087,0.0,0.47408585076857307,0.12327973494921719,0.35419362147411315,0.0,0.0,0.0,0.06436320801860008,0.15632645720761207,0.22761696836079953,0.10744388831209166,0.18782514321876673,0.4171994197758025,0.48336972234391534,0.0,0.393533774811175,0.29838149795270685,0.26650393728911126,0.4083746494058624,0.5061567392947385,0.42818651949207404,0.427056948146072,0.5650478842814329,0.40764843513682536,0.043500600011188544,0.5084555491407456,0.010309980190320476,0.23531115562401328,0.019422431621341614,0.4475938109099835,0.5088653997602556,0.3208806916503271,0.4469802279799884,0.46943871072226784,0.4306799627941686,0.14959016737644998,0.38624243464677965,0.4162520543227744,0.32684657274216056,0.2559135585286466,0.2143445813399895,0.0
0.29965946037026464,0.5105828090921845,0.5044931575197794,0.32009032798897685,0.49700377794544554,0.586052605970616,0.3800970188343941,0.5297389726341359,0.5007956333184913,0.45035804663446233,0.44083471567636223,0.5837191408964918,0.0,0.14382208468174362,0.5108194226813144,0.4710971764326574,0.5566944182011861,0.5151010921239321,0.4874868784064992,0.562563708049714,0.4456719105344163,0.5564742932459604,0.535982259884209,0.5220337126128441,0.48836118747671864,0.5325540018763919,0.5231202237036092,0.5755441000296398,0.5190070008824491,0.43969262127169917,0.5062468893964486,0.0,0.0682588192008859,0.24242685322376176,0.0,0.5000410405311426,0.11808238830341912,0.340295734161496,0.0,0.05236354689723696,0.0,0.09749718472650633,0.1895659968360069,0.2615641441737021,0.17098312910643532,0.25923009405068104,0.48021510594246747,0.4870884431018967,0.0,0.43265429555679713,0.36373535686302666,0.30925017810235894,0.425300650155192,0.5338961006272721,0.4305007922208459,0.44614480084353353,0.4973566922990373,0.472725289659158,0.16965884615428697,0.5268412667983038,0.10945339555810833,0.3109820181464464,0.09588965378314997,0.45765777604011604,0.5346366810957046,0.3900299646843981,0.489423244974624,0.4931082924303499,0.4466538851114911,0.23420346771035852,0.4633759878004736,0.4806709536907999,0.4198291198049892,0.329741467229057,0.32416161472549965,0.07867558833528195
0.0,0.0,0.20465579178241075,0.0,0.22534746573918882,0.09731635595205447,0.06113389224002358,0.25087785615178393,0.21262140926667758,0.02954773511615674,0.3062487211857402,0.10187267554491757,0.14382208468174362,0.0,0.12994714488151593,0.0,0.02269284568996665,0.0,0.25965587488623887,0.12879912437236704,0.06524620677841009,0.07959112912541041,0.13858066640201028,0.10997513708863305,0.0,0.024144069523669796,0.11597486084681945,0.039563283243429205,0.0,0.13544092320257947,0.08878849597057074,0.0,0.010592161547363971,0.1605414936136835,0.10006407146766427,0.2168694762988799,0.06232468751158232,0.08242783768440988,0.0,0.0,0.0,0.0,0.00894516275738197,0.0,-0.002116718012573949,0.0,0.05656651553253769,0.23402269453786362,0.10617634148352512,0.19839029210351222,0.0,0.13680243646619153,0.22977122726683466,0.19250997161617833,0.14048592837787374,0.3205440571427122,0.15988112414850722,0.0,0.10178374233748747,0.1313384524904362,0.0,0.004546018110152489,0.0,0.20722433675435628,0.17776555269969901,0.04444919394552651,0.10449131724650594,0.11799409897156195,0.06677695015965031,0.0,0.04980065413474584,0.07198842165846568,0.03501290553873735,0.0,0.11966914344737416,0.0
0.33939273871344927,0.4242573043982364,0.5813397312359609,0.3350017714684797,0.4186228856779087,0.5169182247690507,0.22329597121393419,0.49888771992561387,0.5267856632524865,0.3373666136847232,0.4843809673819053,0.5043289190504439,0.5108194226813144,0.12994714488151593,0.0,0.44590168012307757,0.4579502565838156,0.44332430621360747,0.5240471667244635,0.6436403076421964,0.44028309921854586,0.5948318547315173,0.5444620455372574,0.4626972918857688,0.42935838436222,0.47106280701087494,0.5780370284758515,0.5444783919774933,0.49884710707057783,0.5243662726058967,0.49619980829617666,0.0,0.0,0.19611474375447488,0.0,0.46080013426458777,0.12638927288561494,0.28309706249280686,0.0,0.0,0.0,0.08631316334366233,0.16965589689875676,0.16206283375882663,0.12369089842668915,0.2389925431473986,0.4158262174558404,0.5432556879923571,0.0,0.4246247987886774,0.33359209799252126,0.16637505309491393,0.3975018807105134,0.5652055856627443,0.258129668949861,0.47477333034605806,0.39629847121424466,0.365407101812905,0.19137402835835926,0.6468097018851605,0.10384994247490612,0.16035805991708776,0.09351069006465945,0.4887031154589102,0.6187294463682668,0.39254911254452685,0.5576039451485748,0.4822666441143722,0.3869586014774177,0.15691261723428315,0.3669843392414903,0.5156168887900091,0.39188358318455235,0.3394279895764845,0.4083640241726012,0.09247890656371967
0.5273489348763012,0.49612027734597547,0.44250257107766267,0.3240140124662818,0.3106330401243564,0.5335099713081638,0.16144990190486358,0.3110532202976074,0.3735576851876228,0.28701151862891455,0.2640014596848994,0.3944082898972242,0.4710971764326574,0.0,0.44590168012307757,0.0,0.43552661033047113,0.622566498808226,0.36603527967207433,0.48513151031837787,0.5136069851062994,0.5251843236918938,0.4536271472128003,0.48665671261298565,0.5788451207664742,0.5630456044293733,0.449311960620246,0.539958582314962,0.5641299153359007,0.40584841773005154,0.5273678092184986,0.08489538731927966,0.20604817081221574,0.11195294025701437,0.0,0.39061468573686786,0.03420411088654443,0.2645288591887416,0.09506800224663721,0.23918676403164016,0.16093600424099638,0.25655645609513045,0.31930130318883415,0.3179046521392048,0.32590362192518835,0.4891238125659366,0.5228127263033071,0.37789072787530564,0.0,0.3104886485806321,0.4382024762463797,0.11827674066601716,0.23194329702864946,0.42724798040668993,0.24574294040814879,0.2713732619169047,0.2311192811090702,0.5089226942688582,0.23705637954829187,0.4530072918449118,0.4240893521755867,0.473843396071702,0.37940734850227653,0.41217841353813095,0.45504241226320147,0.4608451343072856,0.5196206583388732,0.4107414843879451,0.4908197061052424,0.4667373475168484,0.5356600956822599,0.43203481986506787,0.5378734610306389,0.49721081983166593,0.42930384938038413,0.4133377986283843
0.2696068148434399,0.565030096074639,0.434184411954483,0.32675857219774884,0.4767861236306607,0.4704624620157026,0.4829196746760529,0.4822684306601846,0.3988949592381004,0.609836263564245,0.3700898928590226,0.5673191442673081,0.5566944182011861,0.02269284568996665,0.4579502565838156,0.43552661033047113,0.0,0.5289632245488887,0.4599519684064216,0.5083985029744261,0.39640623247137313,0.5630903741805496,0.49504445267351294,0.5571039853023131,0.5471587819161409,0.5431974938164517,0.5111210698700653,0.5167433704966767,0.514790969341846,0.30839981677170364,0.5096883418022038,0.0,0.12729493386649016,0.2676511444639364,0.0,0.35365010381816625,0.09575795824860582,0.4062463143784619,0.024523379476890615,0.07672552031962179,0.0,0.19198320146089004,0.1579653953180589,0.3746096388420819,0.19332858427463556,0.23463036503173484,0.48862904402042256,0.4297178855170791,0.0043547555122270465,0.4490920373469548,0.2777588655144901,0.39488517091288194,0.43932269713894523,0.44751955635515794,0.5402967392590206,0.3771435447660237,0.5709236789974385,0.4245508345309265,0.06956891619129901,0.49510755079295155,0.13084763816265538,0.36120340025918235,0.0,0.4521260592945764,0.4572026689230844,0.399605076728892,0.4582640910511054,0.4899630972506884,0.46441625675540726,0.22613417585750722,0.4823929150745891,0.47587208760807115,0.3254097158122585,0.31694226345067184,0.23636886556615036,0.1315204851651892
0.4949398782055385,0.5570903404771264,0.42782480367725606,0.3996863272525436,0.33625098478762644,0.5507628608649939,0.24252918956347833,0.3722871560250628,0.3604070296550782,0.37626442307428015,0.23102699501622798,0.44708168893396955,0.5151010921239321,0.0,0.44332430621360747,0.622566498808226,0.5289632245488887,0.0,0.365232557337468,0.4795346155851629,0.5321528548748139,0.526670825380722,0.47771946599555204,0.5105504842281245,0.6300814311991312,0.5926731013516658,0.46070870188062085,0.5375475902348434,0.5679826077460902,0.3616181140354667,0.505966239788761,0.07356650590595795,0.1903408245953869,0.10764845483534094,0.0,0.38162623193841216,0.0266026530661356,0.2978290720368208,0.1027798201628363,0.22433812396183156,0.14204173694654926,0.23161365662401295,0.31037537587014985,0.34351318989518986,0.29376930595835654,0.45335780516269775,0.56062819204311,0.37796101281400457,0.0,0.304951070080158,0.4747326737410963,0.16098856547581042,0.2755659279918182,0.421716004630963,0.30742481010855854,0.2508418373666205,0.30015616893776365,0.5596913391772554,0.1888340920565248,0.4520208264003277,0.38562247654185344,0.4794499053497544,0.3288259583869076,0.4342094461252682,0.41993459467508315,0.4724618447555987,0.4869375063169135,0.4459521004909118,0.5127055357866755,0.46176519706087105,0.564997661402517,0.4367716347733818,0.5129097397950654,0.4719366877007786,0.36706281386083395,0.3748678789018425
0.20773768527020017,0.40354018912620826,0.5858986707808234,0.1918041271191872,0.4516215383432733,0.4432741710182898,0.29024933456841845,0.5363089151646574,0.5252188183206772,0.39081380362957435,0.578216989009542,0.4702994778650497,0.4874868784064992,0.25965587488623887,0.5240471667244635,0.36603527967207433,0.4599519684064216,0.365232557337468,0.0,0.538959610800439,0.3431528077680137,0.5296449912766586,0.4926938414767817,0.42055869512735883,0.35342077199696587,0.40444012146761393,0.5065600044612427,0.44553059999289574,0.42306246995810115,0.4624617947410943,0.44798218856059463,0.0,0.02205678282167323,0.24322021388774678,0.0063488661612316885,0.4292823594425253,0.1471749071894292,0.3661193176724348,0.0,0.009419480161250006,0.0,0.03781328320652961,0.11057435920027796,0.18027766277857674,0.098001470863552,0.13666562921455458,0.40679212381890223,0.6095170533892096,0.0212701564838536,0.44154029532905026,0.1881117168381828,0.29125813273352424,0.48780800811490965,0.5197272995397884,0.3813287073680862,0.5812034816274223,0.4716783512822228,0.25303924925531457,0.1703813164615774,0.5281645481058674,0.09810132715133703,0.20784248172964362,0.0,0.6197944951565962,0.517935033338138,0.327377025750538,0.5012399699060626,0.47134846310894063,0.3222738023168425,0.10777228189346708,0.35193724365032564,0.4226271135076921,0.330903515518376,0.20879847515648448,0.39033772231432134,0.07019929881742398
0.33270787452141504,0.4929103477768171,0.5804770437580815,0.2894879169448566,0.4917840518982515,0.5484151483397347,0.3005737082896132,0.5145019702048255,0.5656648128051945,0.4230058997800139,0.5047737376189328,0.5489157217815022,0.562563708049714,0.12879912437236704,0.6436403076421964,0.48513151031837787,0.5083985029744261,0.4795346155851629,0.538959610800439,0.0,0.43374541337425326,0.6740149422526008,0.5641448087034198,0.49920303110632136,0.46766160999630874,0.5125575114494535,0.6095866907737736,0.5776858395979895,0.5428059053781388,0.5073712516458313,0.5394413802639078,0.0,0.033278638921950585,0.23935759946411642,0.0,0.48771988635893704,0.14621206998684635,0.33850380195124724,0.0,0.017647548253195203,0.0,0.13743994582553606,0.17274165261945298,0.246278235138602,0.20087291559991194,0.2660016450466179,0.4525431752573292,0.5655700548865876,0.0,0.48662790126541433,0.3024237055494367,0.2591264087833962,0.43605752567427425,0.5811246271937108,0.36287734653229897,0.5080772198936592,0.4678851204214853,0.3775804398383247,0.18960666032882872,0.6302363250016227,0.13595635845478574,0.23986191357270623,0.06022336505926775,0.5049347287034989,0.640249008210545,0.4001257404247692,0.585118325665131,0.5222986972803285,0.40070174988819873,0.19112362226227697,0.4239344765391837,0.5501449006069675,0.4241385455743464,0.3463634001474039,0.3948910398316481,0.13497194881799948
0.5528463840541279,0.44296704743367027,0.4157529226240088,0.3396032200684722,0.3062151670995506,0.5504672958333898,0.1525978449146308,0.4142975616933594,0.34368911021643167,0.256465508983064,0.23075239336560918,0.3817991715337519,0.4456719105344163,0.06524620677841009,0.44028309921854586,0.5136069851062994,0.39640623247137313,0.5321528548748139,0.3431528077680137,0.43374541337425326,0.0,0.45998677690386974,0.5122932467884963,0.4684659335517429,0.5499655636714759,0.5346346954784618,0.4401473580574855,0.45263483702577445,0.545930433862794,0.3593104951778645,0.47994976818920565,0.11887456300278638,0.22244583444002775,0.1352706706622209,0.0,0.43656306746996415,0.006642235866422969,0.26677157313570143,0.1195213722103936,0.24137343333149203,0.14671755211597148,0.21194790126795612,0.3973777007024327,0.2466945385298824,0.302020812633088,0.5300517881098855,0.572284671572432,0.3194595887841237,0.0,0.294827675059238,0.4899317304774136,0.14079710641788235,0.34994828813655443,0.42601280871173575,0.28713334645750727,0.24083557355828628,0.22388300378582007,0.5366496594254843,0.2585851058191063,0.4345159798742429,0.40191614801832115,0.4798425216054206,0.3847520181844604,0.37998439421131824,0.40107326058922205,0.5849249769536137,0.4848883057116777,0.4775990516529993,0.5128610290984378,0.5218019569686339,0.5632612477450782,0.4067517728208321,0.48854117398240365,0.48729628719035106,0.40574112312238764,0.3550241973407791
0.3723924500656061,0.5809837857404428,0.5574789489133534,0.3005956699337873,0.48546604334506566,0.5471345159487968,0.3503102282378257,0.47274790476451517,0.5153145300667193,0.4732932680681994,0.4701369516457842,0.5158862150705723,0.5564742932459604,0.07959112912541041,0.5948318547315173,0.5251843236918938,0.5630903741805496,0.526670825380722,0.5296449912766586,0.6740149422526008,0.45998677690386974,0.0,0.5597858970327124,0.5000537534830088,0.5474185475804524,0.5632542540291874,0.6343024612674851,0.5751688388703876,0.5817967033165155,0.46273787837502767,0.5542035164957458,0.0,0.09706661559776215,0.23920005453745433,0.0,0.4349100970005816,0.12503071422536152,0.3869008528610921,0.045468820826841394,0.0940914634657981,0.0,0.22019511423637086,0.20920940849650912,0.30657111116876895,0.24628032677425868,0.3208280845718387,0.5016021583835659,0.5533814628089857,0.0,0.5081257906982342,0.3346838413052484,0.3263062151549043,0.42916587646145254,0.539545802822516,0.4209613409490732,0.4923299246898901,0.4580259856686266,0.4157689601125681,0.19372982204906902,0.5965359448251965,0.2052725812005446,0.3243598699078073,0.08417651503154677,0.5253468707348501,0.6180118810742727,0.44199265505877094,0.5993448202119434,0.5357401511935722,0.42182350304524124,0.2537282297096121,0.48978976915120853,0.6043670914357544,0.43751793635741876,0.41021763537968664,0.3730963494287845,0.21570910723091336
0.36430391015573876,0.5120636695867775,0.5337198917707593,0.24518994908762246,0.4089476236061279,0.5718893337545544,0.24871906863775411,0.5626347632882039,0.48249514602998506,0.39131136886345436,0.4184248653729983,0.4920050316397805,0.535982259884209,0.13858066640201028,0.5444620455372574,0.4536271472128003,0.49504445267351294,0.47771946599555204,0.4926938414767817,0.5641448087034198,0.5122932467884963,0.5597858970327124,0.0,0.498506397827596,0.48951171267182814,0.5465225666829262,0.54774508248304,0.4674298814371679,0.5231037715363501,0.4122601788985044,0.44813616892602476,0.0,0.0996742509605945,0.1971321484630596,0.0,0.4521018469442318,0.06668520379803151,0.3176845810674785,0.006287084736693504,0.11850775603278732,0.0,0.10417436303479437,0.22703250320767132,0.2236091595119285,0.21730894188151978,0.32941047258576867,0.506571480929159,0.49959056264327106,0.0,0.4421171333634855,0.4147879030922023,0.25199564684713827,0.49703021571551265,0.5127097896051261,0.368341421660674,0.4339259796907228,0.4236957325389417,0.45250412728762796,0.24737684479124225,0.5685457932263431,0.18907551817156193,0.3145424665004435,0.11921545051549137,0.46531569229319836,0.5351847658635439,0.46644089767159,0.5413218070760969,0.6159410432512935,0.4908158652303462,0.26582957789070344,0.49418257030767093,0.501910853262908,0.39163238183086474,0.3571177392437022,0.39075323927758676,0.1478545724269406
0.3862418631994234,0.5072440753355751,0.4149161891370826,0.36341472063453517,0.44254335652041205,0.4723346925202383,0.38228748896238374,0.4616503693936727,0.37897918439276945,0.4799868456502642,0.3317077226572599,0.5398978334526916,0.5220337126128441,0.10997513708863305,0.4626972918857688,0.48665671261298565,0.5571039853023131,0.5105504842281245,0.42055869512735883,0.49920303110632136,0.4684659335517429,0.5000537534830088,0.498506397827596,0.0,0.520400388507343,0.535835944768638,0.4289045151636386,0.5229740091452202,0.4784686467446593,0.36688120762660875,0.51910154905689,0.0,0.17063984918971387,0.23197688963506632,0.0,0.45022828335364545,0.07427794133066162,0.38286577217350065,0.0085868523376744,0.1538952231235054,0.0,0.20088394865221743,0.25030095274155556,0.32777080238290046,0.28656478312185996,0.35885263455000294,0.48747721602606947,0.3843413249125662,0.0,0.37127479676578484,0.3615504927069253,0.26652672820581974,0.40557381009066173,0.4402745362035285,0.4308878201540462,0.3292066561320323,0.46797600279014673,0.45197041664724286,0.10360496633407193,0.4697141903998893,0.1819197605732434,0.3738014990093175,0.1273016483758755,0.4060431610936861,0.4405411385427701,0.4357139791340344,0.434476154498844,0.479452136552476,0.5332013381779231,0.3001597784825495,0.5053610719573546,0.41785319643030405,0.3865134923666654,0.33776264738806105,0.28474325624960056,0.19996226581654206
0.4989985962285563,0.5927016831806585,0.40325762435636664,0.3723353359139062,0.3295271573198117,0.5266192722361778,0.29227967268010063,0.3592594986403174,0.3257333415608083,0.4203167214662096,0.21216793405189352,0.4489911920799278,0.48836118747671864,0.0,0.42935838436222,0.5788451207664742,0.5471587819161409,0.6300814311991312,0.35342077199696587,0.46766160999630874,0.5499655636714759,0.5474185475804524,0.48951171267182814,0.520400388507343,0.0,0.613648229328746,0.47139104677790034,0.4995313235426998,0.5793499726746018,0.29746918864873023,0.4782787707304862,0.10070779137061268,0.19492110725400047,0.10798175386865014,0.0,0.327673934744089,0.014155522096901272,0.3156308323177958,0.14596745650210233,0.24006654103243208,0.15802853640019499,0.30585537543068064,0.26126134938305706,0.35345927208827393,0.3000256283081285,0.4509129803197884,0.5904667793148731,0.34181420959544706,0.0,0.3079253338751654,0.4680299073404219,0.2151383709777356,0.29599936074213173,0.39017578484253496,0.35462767720512095,0.23553778700832595,0.3301823583310358,0.539094530902791,0.14138439946339773,0.46237342119194647,0.36182401965268124,0.4787733169809529,0.27855199556550153,0.39891299244903694,0.42503720940116313,0.5146504644480345,0.4945267070943195,0.47473745661767597,0.5007365666721176,0.45453549511652797,0.5929205471812807,0.4759964820021373,0.46907542212183434,0.48986897479589014,0.3402191902418785,0.37454952200576996
0.4838798931205506,0.6168919175766147,0.4743994041069579,0.29185143212424114,0.34200780046842744,0.5684594676177399,0.23944537498604151,0.4311612513888913,0.38924011897461397,0.38823818147444944,0.2894671147468812,0.4748686084569876,0.5325540018763919,0.024144069523669796,0.47106280701087494,0.5630456044293733,0.5431974938164517,0.5926731013516658,0.40444012146761393,0.5125575114494535,0.5346346954784618,0.5632542540291874,0.5465225666829262,0.535835944768638,0.613648229328746,0.0,0.48881526561083205,0.5044313826657489,0.542289552876262,0.37606655578420645,0.46794166929046827,0.06800469454442085,0.17975648760928428,0.13352593613484304,0.0,0.4055371598565698,0.022300341483891588,0.32259183621637044,0.09589106549556085,0.21856270884207127,0.1085712600797437,0.2567086370920375,0.26148473380977705,0.3250473657072397,0.2957618052672642,0.44071169564693674,0.5478163811111723,0.4071984111884159,0.0,0.37531647723865286,0.4445185286367574,0.22206766440509315,0.3455666888079148,0.4513772609236498,0.3519720532663394,0.30822408622316105,0.3531210595578129,0.5230848587924934,0.24193741724601991,0.5132814192597415,0.3130440122334525,0.47044707438292505,0.2605852786419003,0.429303401824373,0.487248126373674,0.4651357451848613,0.5334545766755394,0.5001964870752705,0.5036154891303517,0.4211751231353005,0.6180567132001047,0.5002907964313122,0.4726710005365515,0.4170317972700389,0.3793735482796359,0.3272862932961129
0.3023394583846914,0.5019642207655192,0.5450226662354343,0.25488947324195205,0.5015888910262758,0.5308488318802744,0.3650101422810657,0.46884010080966654,0.5619427627091993,0.4464578805034138,0.4820333786183558,0.45515560667552357,0.5231202237036092,0.11597486084681945,0.5780370284758515,0.449311960620246,0.5111210698700653,0.46070870188062085,0.5065600044612427,0.6095866907737736,0.4401473580574855,0.6343024612674851,0.54774508248304,0.4289045151636386,0.47139104677790034,0.48881526561083205,0.0,0.49986489917764804,0.5555778414422817,0.4225430262691618,0.49659362900572224,0.0,0.08243609626756367,0.294274946743654,0.0,0.39632209934938184,0.12474602027278722,0.3608300843483315,0.043162441550426235,0.09084876478757875,0.0,0.1423194411022586,0.1491918209907777,0.26519664817788957,0.2156593838032511,0.2665181111501781,0.48220677571835324,0.5451598327623112,0.0,0.5214546855110688,0.2768778996937774,0.37276666822641036,0.45945111030216934,0.5614161873287277,0.41521946376512286,0.4967597704398227,0.4351958357753292,0.3662770395733502,0.18565551952841916,0.5735711527073232,0.18359869671834836,0.26920521469540465,0.021698766877278043,0.4926363851103322,0.6038272491710526,0.4220320052465981,0.5786134591822422,0.5266072567066008,0.39509781807732286,0.20336798424356664,0.435258331979805,0.6158443140380315,0.38395723113155705,0.38035367054092956,0.36810936447471854,0.14806109178418023
0.4150013085430513,0.4758568271145303,0.5008863836030338,0.46368442181118125,0.44931011373051694,0.5158186007038618,0.29394818596467825,0.39528803376516597,0.4617280406311565,0.3969063222077617,0.365465432379441,0.5394269833733468,0.5755441000296398,0.039563283243429205,0.5444783919774933,0.539958582314962,0.5167433704966767,0.5375475902348434,0.44553059999289574,0.5776858395979895,0.45263483702577445,0.5751688388703876,0.4674298814371679,0.5229740091452202,0.4995313235426998,0.5044313826657489,0.49986489917764804,0.0,0.5341105058891975,0.49599983725179125,0.5454385339891145,0.0,0.058675574931166034,0.1711318285688856,0.0,0.5153803601456111,0.1476169036056643,0.30814397129896726,0.0,0.06931329903658888,0.0,0.1652172197322754,0.26781835574396823,0.29871969447699254,0.21951213279494883,0.35406018371422926,0.4759416370941664,0.4719507817490734,0.0,0.4005137800732402,0.39256040298681766,0.22006888399244826,0.31914764495985326,0.5392246650580843,0.31299770876630545,0.38599803987125886,0.4110641743552815,0.5144717731396663,0.18636122349423606,0.5452298665701703,0.2223976875495919,0.32431291080877983,0.1975038832053685,0.4493780378891525,0.5364991185230756,0.4264216357991221,0.5298036441881003,0.46614660299519783,0.46579048705838083,0.2800138559030089,0.4602262512281212,0.4843953272742616,0.5397971232157514,0.42093733558932156,0.3889414120562574,0.23521563580524452
0.46686468832558514,0.5393562458360548,0.4418384617181484,0.34802032773366715,0.4159567332167782,0.57082708055852,0.32530429501004626,0.40103947942639595,0.42785159254826444,0.4122837857609194,0.3113651478844664,0.4414643400196903,0.5190070008824491,0.0,0.49884710707057783,0.5641299153359007,0.514790969341846,0.5679826077460902,0.42306246995810115,0.5428059053781388,0.545930433862794,0.5817967033165155,0.5231037715363501,0.4784686467446593,0.5793499726746018,0.542289552876262,0.5555778414422817,0.5341105058891975,0.0,0.4123308530155157,0.5702699709464536,0.05940710131142811,0.18529679899902843,0.23511772426760583,0.0,0.4634255877373102,0.03205300247226654,0.3629060675764752,0.10431504220009828,0.19155374252712512,0.07593001181389451,0.25043616408165315,0.2903326035223279,0.30679045452308806,0.2914269790769624,0.4354303249639912,0.5547727792389414,0.40161262060661373,0.0,0.3708180646968712,0.41460101351052575,0.23728142168158747,0.35804108230028314,0.456008330561151,0.38201874959189597,0.3248092979603706,0.35265547810228953,0.46253736618087227,0.19021572572951406,0.481603280194561,0.35616963079571284,0.39688594599704285,0.2407554120374138,0.4273224757263156,0.4720252067439538,0.527259759434313,0.51801399477555,0.5013340220889972,0.46078964696294666,0.40009211628617,0.5296238254825533,0.5024617287022141,0.4525660312825354,0.4879933446459663,0.3709066760946176,0.30247497334409584
