0.0,0.5435021774077508,0.49273719831208407,0.5025790707541075,0.21810340039600293,0.6451929260444045,0.0,0.3046293865628127,0.35275462943785857,0.1459523593160579,0.11532264096382996,0.35458242656468764,0.4506139914693128,0.0,0.5103630517067593,0.7930028578042551,0.4054222176527213,0.7442676222534649,0.31238629150080954,0.5003106631311381,0.8313447387250503,0.559986486359404,0.5478233153737772,0.5808125911786068,0.7503709340806325,0.7276361298968431,0.45464404812401843,0.6240597105678056,0.7020494544791762,0.5327190570440739,0.598700440292506,0.24961855831062335,0.3609102450583262,0.023561562636159755,0.0,0.5324129039752818,0.0,0.23539383377570558,0.2565894989840847,0.4957486117494657,0.46628588794050696,0.3860986993466101,0.5038483675614224,0.351180073374358,0.4829976920207478,0.9280561379382133,0.6835417817649696,0.30098598598824566,0.0,0.2485459162319716,0.6788381427645848,0.006643390751303674,0.2007920650658556,0.47604835624896685,0.15292384997942945,0.11993007770934011,0.0651208408010433,0.7162323543463751,0.3642514911715688,0.49288162765519056,0.7073318248514925,0.7051135403599057,0.71474175380524,0.39565911576308815,0.48360556352072187,0.7809465243930446,0.6354476563936625,0.49674488964804064,0.7043449350168183,0.7950420213580133,0.767006271914938,0.4723537647499996,0.7759996223983237,0.7691772724806163,0.6622295276212374,0.7292489705246176
0.5435021774077508,0.0,0.6233842724053003,0.40639423182683554,0.5580765981934421,0.7819694246562506,0.5018063476540324,0.6174317866897818,0.5432514904521292,0.7178822036409871,0.4243784059164492,0.6998421039687843,0.767790735845141,0.0,0.6379784476307863,0.7460426517070388,0.8496660395032453,0.8377266034625299,0.606825011016693,0.7412157085706311,0.6661132910231647,0.8736564577269441,0.7700175851408493,0.7627701029485188,0.8912772881543874,0.9276534401446209,0.7548305026460599,0.7155714155296498,0.8110588948527845,0.46000925633954987,0.650610789987511,0.08403434850300319,0.21909228180695067,0.2526927055770199,0.0,0.4985946832115041,0.06502775183307775,0.5395280220347491,0.1777996481159701,0.26441790013513977,0.09831625460155867,0.3995322544453913,0.30734966380586526,0.5400738843637137,0.42224316396445155,0.519269667532158,0.7491376068311169,0.6105491421567734,0.0,0.6405970396709693,0.5402460495464602,0.4892334901726801,0.5637461678262273,0.5913054149312094,0.6404522405651949,0.494537249942709,0.6456667738714813,0.6689145074890541,0.25997177659764426,0.7119738505363081,0.3620274602927109,0.6287019346861952,0.14085445260851398,0.6141510009195257,0.7198292071319509,0.635043606964063,0.7763502360214255,0.7576718117357975,0.678397426550729,0.4675678719592328,0.8312724133636098,0.8252466316946873,0.5882657745407693,0.5921241820438471,0.45612125586473,0.41612911053056123
0.49273719831208407,0.6233842724053003,0.0,0.37571656768537887,0.6035223550347812,0.7884286581097439,0.2048326937472897,0.7388250704755447,0.8648687122823031,0.4039093719377614,0.8147066429941735,0.7038585204880932,0.7586334003873912,0.3077518830823331,0.8741917120462395,0.6654148330320001,0.6529063713283667,0.6433430875046504,0.8810472337862819,0.8728944426481118,0.6251899529457581,0.8383109747964119,0.8025832071519562,0.6239317119548881,0.6064001032275992,0.7133798104393585,0.8195797949116465,0.7532097011357677,0.6644161761936908,0.8587597610786116,0.6613167626082617,0.0,0.0,0.24324488972239713,0.0,0.7465499791590612,0.18490096026869748,0.42444774683275077,0.0,0.0,0.0,0.06489093268029651,0.24409634317910026,0.20753653578025308,0.23964974064051545,0.36797902895264406,0.6198709031336164,0.944742851949689,0.0,0.629947142260472,0.5151600225277235,0.2576673909861389,0.5605121711685823,0.8894222295618281,0.3426889934065391,0.8180005674125458,0.529733085727634,0.5498416028965117,0.3771225823104201,0.8794026324729984,0.21611340356160758,0.3367034569214757,0.19823550204398657,0.8412838291213909,0.9002496690072335,0.49687578313977254,0.8426720495153514,0.6823051015856246,0.5569953274430268,0.2871925844809994,0.5641956246368995,0.7324844813418347,0.6542037539965768,0.44574771334574886,0.7364953433615834,0.19011630042861538
0.5025790707541075,0.40639423182683554,0.37571656768537887,0.0,0.41422657752735037,0.4425125493548576,0.28102476819513983,0.26178264712238786,0.25630733341366246,0.38742402612804583,0.08660990059407728,0.593088572600603,0.4813369821450399,0.0,0.503760118916912,0.48723723679209796,0.49136437836104485,0.6010297523610254,0.2884261461148946,0.435318496454194,0.5106795638015204,0.4520218199682009,0.36870526793985625,0.5464861934326672,0.5599006007483337,0.4388726409072502,0.3832909622781391,0.6972671172680599,0.5233368197311475,0.39472665162204457,0.5005230670866327,0.0,0.03025171387910125,0.021946051455355952,0.0,0.5039816514459311,0.1753930912833106,0.26009061505829306,0.01647717262125316,0.14233513852603788,0.12807447580089368,0.2727303245290134,0.403682420110341,0.3618984207071816,0.20837338109782402,0.46216412472647184,0.5485979939803397,0.3006435718542634,0.0,0.23449320758014855,0.5626772335744079,0.14116606250530628,0.1712772662516888,0.455061279302966,0.2505418348707781,0.15159795172923513,0.29469241123799533,0.6217351038598515,0.03815091074818414,0.444144280259095,0.33058347362856216,0.3843595879262,0.3989040427919428,0.3539526995330374,0.3901728491453627,0.4842509439679975,0.4348479667619832,0.4058750884935862,0.5159430705502032,0.4271414618245303,0.4482097761918075,0.42440862341885405,0.5517437212056719,0.5500681750795253,0.27097162324174284,0.31812083839845495
0.21810340039600293,0.5580765981934421,0.6035223550347812,0.41422657752735037,0.0,0.5600614914590452,0.7951604619930557,0.6579724750493893,0.7640495747413264,0.7593448648425565,0.6979799626381338,0.7024668275398754,0.7473712189116276,0.33886706222710145,0.6295056702119152,0.46711555149878153,0.7169688485086539,0.5056386279392596,0.6791275128604877,0.7395220370917172,0.4604721590457199,0.7300213090026706,0.6149564600675409,0.6654761642882482,0.49552764819752454,0.5142954602277298,0.7542660992005334,0.6756516997843792,0.6254964338577841,0.4145658155217921,0.6800819952948376,0.0,0.19710359937689162,0.5570082019023571,0.0,0.5604930894146088,0.2933098242828118,0.5686688425976764,0.030839425607592834,0.11690350395186686,0.0,0.1520059848974806,0.19459363748503716,0.4755873966684509,0.298861990442835,0.20664257713635623,0.566961126554683,0.663832632186251,0.16510571818024167,0.8039905975315468,0.2034368599673571,0.6906393500877424,0.6983991770710937,0.7719129356078038,0.7260509945453651,0.7215304111931206,0.7776678864815798,0.42105356385304515,0.13677786160948624,0.6233864559832543,0.05495348872580271,0.2945347267136449,0.0,0.6066761272172255,0.6834272987285711,0.5189246599070817,0.5965650673533497,0.657457094468898,0.5403709073396019,0.13627968539066362,0.4892812471451739,0.643669929613783,0.40806970908858853,0.30846359246384775,0.3250563145276382,0.052549918629772305
0.6451929260444045,0.7819694246562506,0.7884286581097439,0.4425125493548576,0.5600614914590452,0.0,0.32125447276036045,0.7440870357434574,0.7601907260167594,0.4450259155584686,0.5507913775937546,0.7119549015674599,0.8812787143816697,0.1463398203301148,0.7773176399590392,0.8022675385012006,0.7074596196076322,0.8282116332345231,0.6665751292183238,0.8246812520794532,0.8277671762550393,0.8227554965148788,0.8599806428385253,0.710274992963631,0.791905624984421,0.8548229692973471,0.7982658405138388,0.7756640763154343,0.8583832757738425,0.6860251787448747,0.6980930963231806,0.03406731683916937,0.18610094059403268,0.2406600452896387,0.0,0.7343808134548196,0.09489090089165804,0.4180964410722341,0.050783873868024125,0.24668624381091944,0.038357330925974646,0.21726443778107785,0.434117206376824,0.32729516645652335,0.345219907979406,0.5638834138311326,0.7803274163176631,0.6916790940800838,0.0,0.5205921539557369,0.7523147772725136,0.2516578972853198,0.5594771371636359,0.7824130679281665,0.4080217503216472,0.5517232016432977,0.4780735693604236,0.7784893323650296,0.4239035919024664,0.7745455310251631,0.44843743905978845,0.5356394664012382,0.3923538928700195,0.6566841864843609,0.7768036671486023,0.6733739657508468,0.7961377326842041,0.7551598734587529,0.6936875087907596,0.5708556611037822,0.7803446091280793,0.7130182024819625,0.7158469351325686,0.587916248472614,0.5961591282428218,0.3346153722218678
0.0,0.5018063476540324,0.2048326937472897,0.28102476819513983,0.7951604619930557,0.32125447276036045,0.0,0.46870085691577035,0.42598426320197247,0.8617939464235559,0.42138819713263387,0.5602091459797665,0.5715722593604083,0.09193031036728602,0.33578211995509644,0.2427808707583816,0.7261921979568239,0.364704141234118,0.4364634809446031,0.45198879506677353,0.2294695582166253,0.5267802658515254,0.3740121941583452,0.5748661866949503,0.4395166091835945,0.3600668439701737,0.5488853144727017,0.442025642037268,0.48917750380869895,0.07761108168389834,0.49939904186692485,0.012894649268307926,0.22301368517434605,0.5115119462130628,0.0622889452541714,0.24682887625649766,0.19999396693178384,0.5723479965655474,0.13394534909492573,0.06940583615367563,0.0,0.22811644703342188,0.03334590097763797,0.5246186646596295,0.17303680480331363,0.0,0.4043517128892497,0.38546872424795636,0.3284007876906812,0.5398431226091918,0.013565645636911004,0.7579413718669255,0.5884025677282221,0.40023409997603027,0.8019328148757581,0.4315583106250036,0.7543416273484845,0.23203416833976057,0.0,0.34744895527917385,0.0,0.20820607740816435,0.0,0.3513096905752904,0.3387292501742241,0.37011495053686627,0.26942090370332283,0.49483683844321324,0.34948019261001656,0.0,0.34396754873877006,0.4609228179226902,0.06478883289283592,0.10736089493598135,0.0,0.0
0.3046293865628127,0.6174317866897818,0.7388250704755447,0.26178264712238786,0.6579724750493893,0.7440870357434574,0.46870085691577035,0.0,0.6897188059177778,0.6128847679354089,0.7544431900933752,0.7542541962218741,0.796596885680063,0.3772584786481761,0.7502042034412376,0.4677473989457834,0.7252128874253014,0.5598281500671722,0.8064764603937872,0.7736841884663144,0.6230014487110574,0.7108963623623729,0.8460640492091323,0.694208403628321,0.540237763411663,0.6483602827529196,0.7050199881080841,0.594415802707803,0.6030645598100263,0.5530517759758489,0.6345679951264541,0.0,0.04388350612468126,0.3625014491503129,0.0022533146757681027,0.6412846889670756,0.17526397439715358,0.46252165744620044,0.0,0.0,0.0,0.0,0.24330970162042603,0.2420524826111022,0.11477366066758803,0.23727188330487237,0.6271127008770444,0.7827847487598237,0.06268877862643966,0.6543939552773189,0.38976833792796434,0.4529795575825328,0.8403147473935567,0.7185580528129402,0.6430783006613237,0.7707913258982667,0.7277090314881625,0.4656293109864792,0.2629010543320347,0.7674674348759122,0.021018548561700722,0.32317074334404056,0.0,0.7098313232258859,0.7170728585013624,0.5496079313550363,0.6578592149661614,0.7923812864286361,0.5564826783386041,0.20857269498571032,0.592038283967332,0.6119682259366993,0.41908918437699344,0.2786525456975242,0.4585751840922304,0.0
0.35275462943785857,0.5432514904521292,0.8648687122823031,0.25630733341366246,0.7640495747413264,0.7601907260167594,0.42598426320197247,0.6897188059177778,0.0,0.4846935211752378,0.8345007193099332,0.6757709705464523,0.7530732350689392,0.3197302090282854,0.7921558360737384,0.5617387128657301,0.5998397298625908,0.5419633673030176,0.7897996873712624,0.8506204970700263,0.5168237358093126,0.7749060782815844,0.7255538114781813,0.5698913117977319,0.4898226841027773,0.5853212290859006,0.8450234508491837,0.6943252020310869,0.6433833713657945,0.7041830687919785,0.6599560485831393,0.0,0.09611116758792729,0.4098489246646879,0.0,0.6799501541792358,0.20851617852304458,0.4792956410445189,0.0,0.06509667539730923,0.0,0.04042647955766803,0.17593499015061573,0.2575161303827142,0.27778240718966335,0.27237392660074516,0.568515151576705,0.8499043560976852,0.0,0.7350509262527071,0.33434170563351506,0.44026854221621575,0.602250929482428,0.9495106217817127,0.47013151197348385,0.7901750926375655,0.5915310240860076,0.4612641527626635,0.3456509255491746,0.7884854388165333,0.1598512628470528,0.28370742657697,0.049800514973720254,0.7039102213681011,0.8479945764013612,0.4650191264621614,0.7530833371896523,0.6414750922782203,0.5383693383813334,0.21519337503300467,0.5045610961646263,0.6871177487835389,0.5573008455066256,0.34787768483964887,0.5937143215066908,0.11727822452349733
0.1459523593160579,0.7178822036409871,0.4039093719377614,0.38742402612804583,0.7593448648425565,0.4450259155584686,0.8617939464235559,0.6128847679354089,0.4846935211752378,0.0,0.46883500640067255,0.7706540288925903,0.6772275326583201,0.0444325129702816,0.5073162589064185,0.4315946035784754,0.9170434750428621,0.5658089796994914,0.587687663046669,0.6360966434345711,0.3856609316931652,0.7117164543920734,0.5884358785569618,0.721781945759297,0.6320527818716529,0.5838145619658501,0.6713626438090456,0.5968493097746771,0.619973225908679,0.26400962941007095,0.6639723051785152,0.0,0.16924237883646615,0.4709905772444155,0.0,0.3416645370116344,0.18737222915623455,0.6772523748139031,0.07726179097889216,0.07153584584539449,0.0,0.31881390284947464,0.08597485209079933,0.6132450509902535,0.23166944269806125,0.15722878739003385,0.5767849167018785,0.5569453902708307,0.2315594184042062,0.6756064087568727,0.13321648386271998,0.7491083651955368,0.6991966948868216,0.5071583391077241,0.9133124624949084,0.5372436378727672,0.9223760742862362,0.39652639181944316,0.0,0.5514551311679073,0.04251323692631228,0.3903743484543459,0.0,0.5583181812958532,0.5366996558725562,0.48712423010456934,0.5150292669747035,0.6819615009723615,0.5261925495941896,0.09892593445412257,0.5310822239496586,0.6241374402032961,0.2432071172768565,0.30086661378410173,0.17538646405825625,0.0363146727540737
0.11532264096382996,0.4243784059164492,0.8147066429941735,0.08660990059407728,0.6979799626381338,0.5507913775937546,0.42138819713263387,0.7544431900933752,0.8345007193099332,0.46883500640067255,0.0,0.6448372674525898,0.6629067894726711,0.4605226161235285,0.7283896221198237,0.3969931446694353,0.5565240076772259,0.34740767480789947,0.8694958771901075,0.7590553237207983,0.3469947415879821,0.7069701322179386,0.6292078964660859,0.4988066811676602,0.31904829404280904,0.4352872150741587,0.7248594270718702,0.549569958595907,0.46821646117659116,0.6218622755023108,0.5657353431397661,0.0,0.0,0.4153467349328016,0.02561206004005541,0.5503433883466915,0.17883667435926387,0.4269550864459129,0.0,0.0,0.0,0.0,0.02300300961523965,0.10260759469648767,0.04471262092695424,0.031159960451713365,0.391801101263855,0.8602816928315863,0.00198666277046388,0.6567577132388723,0.0831836298476539,0.39044439485477345,0.6350515001969547,0.7649606011329124,0.4612254644944863,0.9323352630679546,0.6587599100173872,0.18845880364323483,0.2504181437733625,0.7279448267392369,0.0,0.08282975160542976,0.0,0.7303937207069797,0.7503606642368205,0.29731281867055165,0.5975392283275964,0.5483007513172057,0.3441805973220889,0.0,0.3300511190325617,0.5546812418167156,0.30944880740641106,0.11113763800684874,0.44204652186536775,0.0
0.35458242656468764,0.6998421039687843,0.7038585204880932,0.593088572600603,0.7024668275398754,0.7119549015674599,0.5602091459797665,0.7542541962218741,0.6757709705464523,0.7706540288925903,0.6448372674525898,0.0,0.8777697578824952,0.15319140230791378,0.758386426198328,0.5930928847017636,0.8531082039571547,0.6723006979804627,0.7072145316047999,0.8254339911931781,0.5741318776050657,0.7757657516625984,0.7398543361729516,0.8118733091795055,0.6751721202050783,0.7140853781685415,0.6844418808278893,0.8111652666789451,0.6638535893438406,0.5902743242840792,0.6941168612556146,0.0,0.0,0.3170009693649397,0.0,0.7129083034788455,0.1853823448927832,0.5326199323999674,0.0,0.0,0.0,0.09678640558584228,0.23507647236479137,0.3422798349582224,0.16156913354736518,0.28244273476140297,0.6273651282411195,0.7268689587562872,0.0,0.5917778294953041,0.44869225088681314,0.40075625436870244,0.6140948480527839,0.7611350174657362,0.6438870189623501,0.642188421987496,0.8496927885831993,0.6130028007333754,0.06541418374754845,0.7645918610409677,0.015503669798341741,0.3538499967328751,0.02920655141712659,0.6730708032441032,0.7652081753843738,0.48252549434389813,0.6721481257059373,0.7059201499174828,0.64763654329731,0.224946752299343,0.5808134504946244,0.6259405240332575,0.4914967094962603,0.3848309342118542,0.32232143523213724,0.0
0.4506139914693128,0.767790735845141,0.7586334003873912,0.4813369821450399,0.7473712189116276,0.8812787143816697,0.5715722593604083,0.796596885680063,0.7530732350689392,0.6772275326583201,0.6629067894726711,0.8777697578824952,0.0,0.21627297719818284,0.7681465443809437,0.7084140736953279,0.83713123391587,0.7745851202073372,0.7330601469956661,0.8459571996386526,0.6701807386408678,0.836800220222614,0.8059852513407657,0.7850100732056194,0.7343748924050806,0.8008299960293522,0.7866439181667643,0.865476510771641,0.7804586445533251,0.6611893609033075,0.7612705810054715,0.0,0.10264444491452986,0.36455025259514406,0.0,0.7519385134505361,0.17756681617822537,0.5117209343600224,0.0,0.07874187200931074,0.0,0.14661174225017556,0.2850605496505412,0.3933280227019406,0.25711649545575005,0.38981818643338295,0.7221251929947974,0.7324609984731153,0.0,0.6506054532911991,0.5469683513146567,0.46503606775876,0.6395473825659403,0.8028481818537972,0.6473671149031621,0.6708918491442878,0.7479019151403477,0.7108623548163407,0.2551251002027352,0.7922394501057787,0.1645909372971791,0.46764032845484604,0.14419441181147963,0.6882045270107199,0.803961832397225,0.586508962413228,0.7359719651879979,0.7415133685554294,0.6716573864435113,0.3521843070481325,0.696803308514957,0.7228106756861316,0.6313195491195881,0.49584991749446955,0.4874591942203529,0.1183086989716673
0.0,0.0,0.3077518830823331,0.0,0.33886706222710145,0.1463398203301148,0.09193031036728602,0.3772584786481761,0.3197302090282854,0.0444325129702816,0.4605226161235285,0.15319140230791378,0.21627297719818284,0.0,0.19540848656254045,0.0,0.03412444833718244,0.0,0.3904584558964755,0.19368214659223879,0.09811421814723713,0.11968544672821402,0.20839117560555995,0.16537550800051865,0.0,0.03630673139746811,0.17439761418414815,0.05949342949468141,0.0,0.20366977547510526,0.1335160202064691,0.0,0.015928001029061042,0.2414148485227856,0.15047170742081836,0.32611825510914205,0.09372097304043124,0.12395115742804132,0.0,0.0,0.0,0.0,0.013451320674027729,0.0,0.0,0.0,0.08506210121359828,0.35191246873971455,0.15966305544427814,0.2983301154018813,0.0,0.20571715594290882,0.34551930953749094,0.2894875623163148,0.211256220155389,0.4820192789921278,0.2404218155640402,0.0,0.15305766867732948,0.1975006703842777,0.0,0.006836091086116328,0.0,0.3116143418234877,0.26731558933191146,0.06684063528859922,0.15712919418647722,0.17743405077785002,0.10041607901318007,0.0,0.07488791279845534,0.10825284802627272,0.05265078265259414,0.0,0.1799529049338367,0.0
0.5103630517067593,0.6379784476307863,0.8741917120462395,0.503760118916912,0.6295056702119152,0.7773176399590392,0.33578211995509644,0.7502042034412376,0.7921558360737384,0.5073162589064185,0.7283896221198237,0.758386426198328,0.7681465443809437,0.19540848656254045,0.0,0.6705262554863463,0.6886443456804215,0.6666505201986296,0.7880378120687811,0.9678764279252727,0.6620772942399503,0.8944805412866625,0.8187367595200934,0.6957827170918089,0.6456492149762743,0.7083623905536885,0.8692252608902148,0.8187613405383996,0.7501431317143843,0.7885176686858767,0.7461622466594932,0.0,0.0,0.2949082513863948,0.0,0.6929298594944866,0.1900583237502973,0.425708226082689,0.0,0.0,0.0,0.12979372986446827,0.2551206652491226,0.24370256923862216,0.1860006334510724,0.3593858964638839,0.6253001703127816,0.8169226950224302,0.0,0.6385310686423659,0.5016403173565502,0.25018708457721506,0.5977448830155381,0.849929932602631,0.38816341822956635,0.7139421033664959,0.5959352516566091,0.5494822437966512,0.2877793835561447,0.9726424159191016,0.15616472456652528,0.24113900944168057,0.14061703656217125,0.7348890678382873,0.9304166306750418,0.5902971400697965,0.8384989383347635,0.7252102009006095,0.5818903889423978,0.23595791261343774,0.5518540202535381,0.7753607512993788,0.5892963479006871,0.5104160603188532,0.6140788703200463,0.13906548841109279
0.7930028578042551,0.7460426517070388,0.6654148330320001,0.48723723679209796,0.46711555149878153,0.8022675385012006,0.2427808707583816,0.4677473989457834,0.5617387128657301,0.4315946035784754,0.3969931446694353,0.5930928847017636,0.7084140736953279,0.0,0.6705262554863463,0.0,0.6549247069644262,0.9361866120843076,0.5504268685120638,0.7295182537604037,0.772338351404958,0.789747815949145,0.6821434544126319,0.7318117821973907,0.8704404325791152,0.846681853053047,0.675654477051453,0.8119646604996709,0.8483123894792297,0.6102960180829016,0.7930312401642293,0.127661744067767,0.30984567805707985,0.16834963662954222,0.0,0.587388238799243,0.05143455478495612,0.39778622357050397,0.14295885035779676,0.35967795681721515,0.24200809529774434,0.3857976937400908,0.4801504832635387,0.47805026422361374,0.4900787438132477,0.7355216926263134,0.7861815178449276,0.5682545413941906,0.0,0.46689842219549965,0.6589485499611211,0.17785907424260813,0.3487855672552076,0.6424756874365831,0.36953683062732273,0.4080785187937222,0.3475464503519833,0.7652943322077852,0.3564743834869432,0.6812113446734207,0.6377258888718176,0.7125437113562656,0.5705351651175986,0.6198147720496151,0.6842716643231761,0.6929975284705681,0.7813814341608765,0.6176539846710896,0.738071898636527,0.7018579652799669,0.8055007957631931,0.649673914491378,0.8088291518677543,0.7476825588928043,0.6455672078011649,0.6215582015496334
0.4054222176527213,0.8496660395032453,0.6529063713283667,0.49136437836104485,0.7169688485086539,0.7074596196076322,0.7261921979568239,0.7252128874253014,0.5998397298625908,0.9170434750428621,0.5565240076772259,0.8531082039571547,0.83713123391587,0.03412444833718244,0.6886443456804215,0.6549247069644262,0.0,0.7954303517063449,0.69165442703424,0.7645060776631577,0.5960972980346558,0.8467491757274244,0.7444248764858575,0.8377471219174877,0.8227919865505621,0.8168351853210757,0.7686001474261157,0.7770547022179697,0.7741187719581991,0.46375733384886014,0.7664456774402474,0.0,0.1914202147081397,0.40248137128458894,0.0,0.5318026157696909,0.14399637417767258,0.6108943565992658,0.03687712010408086,0.1153762771783173,0.0,0.288695429800398,0.23754103144397767,0.5633205919577196,0.2907185540461902,0.3528262554307908,0.734777682646211,0.6461898161310943,0.006548479266474521,0.6753237666381315,0.41768089317393814,0.5938099962444993,0.6606330861579844,0.6729591426901752,0.8124731652207201,0.5671309621058346,0.8585285360238507,0.638419844623708,0.10461450797655546,0.7445197605099405,0.1967626065733159,0.5431609124636502,0.0,0.6798861880558768,0.6875201580463685,0.6009075715938093,0.6891162753895366,0.7367837699900908,0.6983676166980026,0.34005008039748297,0.7254000813112585,0.7155943635517069,0.48933603071924625,0.4766030687713195,0.3554405318631668,0.197774402673747
0.7442676222534649,0.8377266034625299,0.6433430875046504,0.6010297523610254,0.5056386279392596,0.8282116332345231,0.364704141234118,0.5598281500671722,0.5419633673030176,0.5658089796994914,0.34740767480789947,0.6723006979804627,0.7745851202073372,0.0,0.6666505201986296,0.9361866120843076,0.7954303517063449,0.0,0.54921977191384,0.7211019031721351,0.8002267697827199,0.7919831482109768,0.7183723654472863,0.7677421272145317,0.9474872186999093,0.891234308126225,0.6927923677181951,0.8083391224863519,0.8541058895499897,0.5437845397965497,0.7608485531483563,0.11062589789013713,0.28622569968092576,0.1618767511925697,0.0,0.5738718190664738,0.04000383524348843,0.4478615384286084,0.1545555242902973,0.3373492608985877,0.21359577288710244,0.3482898693109502,0.46672808794964643,0.5165591949934233,0.44175665058429314,0.6817384303359108,0.8430466604812672,0.5683602326235888,0.0,0.45857126860558783,0.7138809658505343,0.2420871344436696,0.41438325548576704,0.634156958964164,0.4622911640718536,0.37720431527041953,0.4513609187644537,0.8416378646141833,0.28395994520558093,0.6797279437126056,0.5798811862642231,0.7209745198509191,0.4944732177798113,0.6529440165527381,0.6314781573349069,0.7104661985949473,0.7322340267397457,0.6706020752958496,0.7709827937478725,0.6943810761459296,0.8496172657483673,0.6567969169490655,0.771289866260053,0.7096764917846622,0.5519720267446657,0.5637089213765277
0.31238629150080954,0.606825011016693,0.8810472337862819,0.2884261461148946,0.6791275128604877,0.6665751292183238,0.4364634809446031,0.8064764603937872,0.7897996873712624,0.587687663046669,0.8694958771901075,0.7072145316047999,0.7330601469956661,0.3904584558964755,0.7880378120687811,0.5504268685120638,0.69165442703424,0.54921977191384,0.0,0.8104624534911983,0.5160172690733126,0.7964555608756861,0.7408901364431346,0.6324166506350358,0.5314577572186064,0.6081782875123258,0.7617414289104959,0.6699682424057328,0.6361817110433644,0.6954285874133723,0.6736548275332851,0.0,0.03316796651093552,0.3657432715474952,0.009547130328146823,0.6455348922298059,0.22131479610491628,0.550553240957408,0.0,0.014164577176312837,0.0,0.056861860644078804,0.1662765904064315,0.2710931838996073,0.14737006434278033,0.20551143154613558,0.6117151195087183,0.9165634615938871,0.031985074325780384,0.6639678074135178,0.282873670872465,0.4379804648142382,0.7335430469498588,0.7815417962503634,0.5734244154235882,0.8739868262072813,0.7092880174659689,0.38050868130259174,0.2562115175261994,0.7942293391321462,0.14752022359474093,0.3125438795536723,0.0,0.9320182016216947,0.7788466695024765,0.4922943801157579,0.7537414078108708,0.7087919469387194,0.48462038951998,0.16206295657665862,0.5292268961307857,0.6355270422149939,0.49759735178966286,0.31398145810819184,0.5869717540562935,0.10556244811820856
0.5003106631311381,0.7412157085706311,0.8728944426481118,0.435318496454194,0.7395220370917172,0.8246812520794532,0.45198879506677353,0.7736841884663144,0.8506204970700263,0.6360966434345711,0.7590553237207983,0.8254339911931781,0.8459571996386526,0.19368214659223879,0.9678764279252727,0.7295182537604037,0.7645060776631577,0.7211019031721351,0.8104624534911983,0.0,0.6522462256341769,1.0,0.848334785434211,0.7506783537634666,0.7032478283082202,0.7707602016183004,0.9166681790614254,0.8686971593518303,0.8162463327983376,0.7629613447825461,0.8111869160549146,0.0,0.050042872989082596,0.35993485121333196,0.0,0.7334105335423227,0.21986692619800624,0.5090263098529071,0.0,0.026537564167651066,0.0,0.2066758129352772,0.25976088151422594,0.37034178200380846,0.30206336941510653,0.4000009306022031,0.6805134276853192,0.8504780045090572,0.0,0.73176845702984,0.4547707351010588,0.38966226933972586,0.6557230728224833,0.8738682485689319,0.5456781151933829,0.7640229470747323,0.7035839329140929,0.5677879446424098,0.28512169752414707,0.9477201408125911,0.20444486308973842,0.36069321536824683,0.09056110184386844,0.759297414643333,0.9627767492057161,0.6016905214994205,0.8798737870114957,0.7854085448525541,0.6025566978020787,0.28740283448839804,0.6374929940764568,0.8272823732735841,0.6377998636221615,0.5208452089129905,0.5938188216522056,0.2029645535572945
0.8313447387250503,0.6661132910231647,0.6251899529457581,0.5106795638015204,0.4604721590457199,0.8277671762550393,0.2294695582166253,0.6230014487110574,0.5168237358093126,0.3856609316931652,0.3469947415879821,0.5741318776050657,0.6701807386408678,0.09811421814723713,0.6620772942399503,0.772338351404958,0.5960972980346558,0.8002267697827199,0.5160172690733126,0.6522462256341769,0.0,0.691706770437491,0.7703628126837709,0.7044573327480237,0.8270126947117261,0.8039588465181533,0.6618731729807166,0.6806512643993453,0.820944853746718,0.5403144496384445,0.7217261903938548,0.1787580517320164,0.33450372372321546,0.20341375760510716,0.0,0.6564832831162912,0.00998828607764018,0.40115871273575426,0.17973069340466324,0.3629661686427726,0.2206270467680027,0.3187174189524594,0.5975581468816853,0.37096779972597643,0.4541648834288096,0.7970672830769839,0.8605751335042713,0.48038850579684167,0.0,0.4433481769269179,0.736736602091946,0.21172415525242422,0.5262359971222647,0.6406182935571259,0.43177780261396176,0.3621573600740207,0.3366648722967483,0.8069888558017336,0.38884828305999536,0.6534049677804247,0.6043828533586934,0.7215649179576996,0.5785722313780733,0.5714028996783238,0.6031153583551438,0.8795830381910359,0.7291525339582208,0.7181912919465172,0.7712166173747768,0.7846615698219649,0.8470061274647521,0.6116544415502193,0.7346455477604533,0.732773544768787,0.610134673430666,0.5338689138472208
0.559986486359404,0.8736564577269441,0.8383109747964119,0.4520218199682009,0.7300213090026706,0.8227554965148788,0.5267802658515254,0.7108963623623729,0.7749060782815844,0.7117164543920734,0.7069701322179386,0.7757657516625984,0.836800220222614,0.11968544672821402,0.8944805412866625,0.789747815949145,0.8467491757274244,0.7919831482109768,0.7964555608756861,1.0,0.691706770437491,0.0,0.8417800563294712,0.751957630597636,0.8231826101027018,0.8469956106393234,0.9538346078491213,0.8649122104535228,0.8748788854561972,0.69584374917103,0.8333855315160216,0.0,0.14596427237397963,0.3596979424631419,0.0,0.6539976228268779,0.1880153862779226,0.5818035492528644,0.06837390287918686,0.14149037665329645,0.0,0.3311191951206568,0.3145994005964668,0.461007411220212,0.3703449273084512,0.4824463862603826,0.7542860500367838,0.8321493653274575,0.0,0.7640959855968311,0.503282030290292,0.4906841448306449,0.6453597305280042,0.8113439418530515,0.6330221307378397,0.7403428952657619,0.6887582235641194,0.6252140693768692,0.29132191679283037,0.8970430728949996,0.3086793823885719,0.48775732116391324,0.12658073727915525,0.7899922466497061,0.9293375892829663,0.6646480449843174,0.9012669293619304,0.8056211795263053,0.6343186100913292,0.3815447381391479,0.7365231272370008,0.9088191877808924,0.6579191706406634,0.6168662448405268,0.5610449775588562,0.324373345949098
0.5478233153737772,0.7700175851408493,0.8025832071519562,0.36870526793985625,0.6149564600675409,0.8599806428385253,0.3740121941583452,0.8460640492091323,0.7255538114781813,0.5884358785569618,0.6292078964660859,0.7398543361729516,0.8059852513407657,0.20839117560555995,0.8187367595200934,0.6821434544126319,0.7444248764858575,0.7183723654472863,0.7408901364431346,0.848334785434211,0.7703628126837709,0.8417800563294712,0.0,0.7496307889646482,0.7361049988059053,0.8218352756050168,0.823673638137082,0.7028993656538363,0.7866191781610665,0.6199377270044037,0.6738863760617,0.0,0.14988551343104659,0.2964381773767458,0.0,0.6798497786469492,0.10027811509186503,0.4777193315578637,0.00945422628875687,0.17820646443139918,0.0,0.1566525731504656,0.3414009433817629,0.3362530779848089,0.32677910305988606,0.495352183108968,0.7617586866904082,0.7512611057061864,0.0,0.6648352296828064,0.6237388013534276,0.37893936042724125,0.7474109748034682,0.7709891904426693,0.5538947378230938,0.6525177528821027,0.6371339819272809,0.6804547091604173,0.3719938202208941,0.8549527817418155,0.2843229905945281,0.47299436547484397,0.17927066255548993,0.699720146123413,0.8047860168384384,0.7014121777587677,0.8140146146380312,0.9262235594574261,0.7380661229070854,0.3997421839975353,0.7431288177778522,0.7547502510720343,0.5889186029614557,0.5370170850146478,0.587596589184505,0.22233684515072155
0.5808125911786068,0.7627701029485188,0.6239317119548881,0.5464861934326672,0.6654761642882482,0.710274992963631,0.5748661866949503,0.694208403628321,0.5698913117977319,0.721781945759297,0.4988066811676602,0.8118733091795055,0.7850100732056194,0.16537550800051865,0.6957827170918089,0.7318117821973907,0.8377471219174877,0.7677421272145317,0.6324166506350358,0.7506783537634666,0.7044573327480237,0.751957630597636,0.7496307889646482,0.0,0.7825539562065649,0.8057652294594,0.6449667075362454,0.7864240474986225,0.7194989486937157,0.551698935716674,0.78060082171075,0.0,0.25660028704613075,0.34883608225794654,0.0,0.6770324006580062,0.11169572146921676,0.5757357821538726,0.012912510091475218,0.23142049536516027,0.0,0.30207996040719903,0.3763909580698034,0.49288652314316955,0.43092282345274135,0.5396259400722776,0.7330456171563373,0.5779546498931131,0.0,0.5583058111893658,0.5436828539805075,0.40079052629168643,0.6098830758573482,0.6620644175753151,0.6479491095499322,0.49504569338349175,0.7037205976028905,0.6796521398650698,0.15579634081351562,0.7063344034736639,0.2735624943653053,0.5621053487771526,0.1914303116757814,0.6105888641164995,0.6624653218019738,0.6552064634767891,0.6533450802289084,0.7209778750300379,0.8018034303213835,0.45136634663040964,0.759938529844964,0.628348247237097,0.5812210545159537,0.5079117960124285,0.4281836958661695,0.30069397652756696
0.7503709340806325,0.8912772881543874,0.6064001032275992,0.5599006007483337,0.49552764819752454,0.791905624984421,0.4395166091835945,0.540237763411663,0.4898226841027773,0.6320527818716529,0.31904829404280904,0.6751721202050783,0.7343748924050806,0.0,0.6456492149762743,0.8704404325791152,0.8227919865505621,0.9474872186999093,0.5314577572186064,0.7032478283082202,0.8270126947117261,0.8231826101027018,0.7361049988059053,0.7825539562065649,0.0,0.9227757322736657,0.7088559822840999,0.751172024695607,0.8711996054520195,0.44732036248919166,0.7192134219543792,0.15143970354047168,0.29311331620504716,0.1623779508128545,0.0,0.4927408580828537,0.021286417273578252,0.4746309994877661,0.21949908779039673,0.36100092464689726,0.23763598007337147,0.4599311210294111,0.3928726939462921,0.5315156518694039,0.451164617823058,0.6780620161838413,0.8879165434267977,0.5140043472560988,0.0,0.46304382848637693,0.7038016567642726,0.32351509925532473,0.44511010348736685,0.5867282400005719,0.5332726452668592,0.3541907944922756,0.49651290907504736,0.8106653400804459,0.21260729928223346,0.6952956953709433,0.5440941711091215,0.7199570976575045,0.4188735653412006,0.5998668473684058,0.6391512325844182,0.7739074872187047,0.7436463147087068,0.713888158118396,0.7529844133869796,0.6835093858403791,0.8916064056826225,0.7157814220692564,0.7053738533777562,0.7366422330101099,0.5116058311655531,0.5632301910488626
0.7276361298968431,0.9276534401446209,0.7133798104393585,0.4388726409072502,0.5142954602277298,0.8548229692973471,0.3600668439701737,0.6483602827529196,0.5853212290859006,0.5838145619658501,0.4352872150741587,0.7140853781685415,0.8008299960293522,0.03630673139746811,0.7083623905536885,0.846681853053047,0.8168351853210757,0.891234308126225,0.6081782875123258,0.7707602016183004,0.8039588465181533,0.8469956106393234,0.8218352756050168,0.8057652294594,0.9227757322736657,0.0,0.7350577140326673,0.7585405062284258,0.8154698658662127,0.5655114360502731,0.7036689684792442,0.10226230404823117,0.27030946486400803,0.20079010678338904,0.0,0.6098279629359941,0.03353421872537764,0.4850986341404294,0.14419653467909574,0.3286644596368764,0.16326442289836313,0.38602653646161655,0.39320860908153266,0.48879114544537533,0.4447528785874983,0.6627217976608938,0.8237808537056119,0.6123260756021247,0.0,0.564383502739208,0.6684463364633082,0.3339350491728261,0.5196471513702969,0.6787601798120121,0.5292792412160837,0.46349307840434983,0.5310070635601022,0.786590738054459,0.36381426148301155,0.7718487805920682,0.470741059480604,0.7074364803994904,0.3918560501373103,0.6455665347872032,0.7327011227674644,0.699449550011944,0.8021842386231256,0.752172266750442,0.7573136033896332,0.633343606469398,0.9294050057534565,0.7523140847838402,0.7107807173529319,0.6271130652951045,0.5704843379112162,0.49215794086103254
0.45464404812401843,0.7548305026460599,0.8195797949116465,0.3832909622781391,0.7542660992005334,0.7982658405138388,0.5488853144727017,0.7050199881080841,0.8450234508491837,0.6713626438090456,0.7248594270718702,0.6844418808278893,0.7866439181667643,0.17439761418414815,0.8692252608902148,0.675654477051453,0.7686001474261157,0.6927923677181951,0.7617414289104959,0.9166681790614254,0.6618731729807166,0.9538346078491213,0.823673638137082,0.6449667075362454,0.7088559822840999,0.7350577140326673,0.0,0.7516736402566014,0.8354521775981082,0.6354005957275747,0.7467544559681275,0.0,0.12396357630216666,0.4425170097340794,0.0,0.5959707825498171,0.18758727672263553,0.5425995373198133,0.06490567674575068,0.1366141568512612,0.0,0.21401337151021013,0.2243477374889534,0.3987904136651114,0.32429857416588537,0.40077756836326794,0.7251201735847369,0.8197860595698541,0.0,0.7841393591184435,0.4163561376520238,0.560549218264854,0.6909012598582797,0.844231611226598,0.6243877622677456,0.7470042917473014,0.6544273035372665,0.5507904158332682,0.2791801553324543,0.8625096841386045,0.27608720063299,0.40481830998547386,0.03262959874669329,0.7408037362254037,0.908007398033422,0.6346321460266454,0.8700920706384911,0.7918875565885972,0.5941297651829635,0.30581533786328413,0.6545212824295589,0.9260781025550282,0.5773770674882552,0.5719582002873407,0.5535457809949552,0.22264739937706382
0.6240597105678056,0.7155714155296498,0.7532097011357677,0.6972671172680599,0.6756516997843792,0.7756640763154343,0.442025642037268,0.594415802707803,0.6943252020310869,0.5968493097746771,0.549569958595907,0.8111652666789451,0.865476510771641,0.05949342949468141,0.8187613405383996,0.8119646604996709,0.7770547022179697,0.8083391224863519,0.6699682424057328,0.8686971593518303,0.6806512643993453,0.8649122104535228,0.7028993656538363,0.7864240474986225,0.751172024695607,0.7585405062284258,0.7516736402566014,0.0,0.803170594537678,0.7458615394821612,0.8202051575422059,0.0,0.08823360687101182,0.2573401028073126,0.0,0.7750050704995223,0.221979449805783,0.46337260529890334,0.0,0.10423012276065191,0.0,0.24844598849317945,0.4027328158484307,0.4492008151267711,0.3300921593212918,0.5324192748885386,0.7156989488416067,0.7096976857604846,0.0,0.6022740375166681,0.5903141181130054,0.3309293759372817,0.47991941914896796,0.8108610297845877,0.47067143047531834,0.5804459409717961,0.6181392308702547,0.773638779520956,0.2802413602096157,0.8198913731603483,0.3344313226635282,0.48768670624982907,0.29699717483270016,0.6757538409822649,0.8067624793782097,0.6412330687604193,0.796694135761974,0.7009696310805037,0.7004341204594919,0.4210718430823437,0.6920668808140231,0.7284112158596101,0.811721865798431,0.6329860325917609,0.5848720474829108,0.3537063584617969
0.7020494544791762,0.8110588948527845,0.6644161761936908,0.5233368197311475,0.6254964338577841,0.8583832757738425,0.48917750380869895,0.6030645598100263,0.6433833713657945,0.619973225908679,0.46821646117659116,0.6638535893438406,0.7804586445533251,0.0,0.7501431317143843,0.8483123894792297,0.7741187719581991,0.8541058895499897,0.6361817110433644,0.8162463327983376,0.820944853746718,0.8748788854561972,0.7866191781610665,0.7194989486937157,0.8711996054520195,0.8154698658662127,0.8354521775981082,0.803170594537678,0.0,0.620044003462089,0.8575455201906581,0.08933364229678376,0.2786407280459905,0.3535591236348645,0.0,0.6968778945983962,0.048199817769000494,0.5457213045668786,0.15686411995134364,0.2880496293838957,0.11418002840122005,0.3765942826088585,0.4365886969335802,0.46133724957829314,0.4382343681105588,0.6547799174982235,0.8342415624138586,0.603926422921487,0.0,0.5576189986977764,0.6234577654727007,0.3568127914044099,0.5384055654574388,0.685724167438327,0.5744620688998677,0.4884331502146416,0.5303069437715653,0.6955422282377847,0.2860375818113628,0.7242126650199351,0.5355913635254401,0.5968186689745112,0.3620368168986511,0.6425877100414454,0.7098096026142583,0.7928687599125828,0.7789654080480256,0.753882839119284,0.6929140891769188,0.6016399590800487,0.7964237327366623,0.7555786319955046,0.680547797515441,0.7338217474251293,0.5577522484058913,0.4548478292316985
