0.0,0.005872123030639124,0.3061217976223002,0.0,0.039201783286960765,0.0,0.20580498803381844,0.1678372624466499,0.2229044277088636,0.36218998334904806,0.2820880368422704,0.12331333675754219,0.06931539606173773,0.02352525519045639,0.5028625740919453,0.2682042006005273,0.3203722180432251,0.3185708258460964,0.2181209684251739,0.4276590974165496,0.6349402880090441,0.32353508676936144,0.16562347851843637,0.5602681589311038,0.4055544409852563,0.2959549273773479,0.23093853729713298,0.08011733375320979,0.3039691855962534,0.3629238775706241,0.41032753218067053,0.466331055621991,0.4293029482203003,0.16242740754700702,0.19456816407007127,0.004422669802870425,0.0779653968265316,0.3141821786535436,0.4877886674177731,0.4971451989196802,0.3737569941661372,0.29463682700619515,0.06129824822276768,0.2322057858694154,0.2974662977329309,0.7856214793753645,0.1263909259461341,0.19351365860088104,0.3536958721890791,0.2626209136091951,0.10481010025421696,0.2910368139243823,0.1143240803086086,0.20321175659648427,0.33337213205509675,0.2698219272392012,0.09001585450954407,0.3627831143479426,0.24056426141209236,0.0,0.5207437185294467,0.3230859458974383,0.5114309015755135,0.19262414389101304,0.4382224210367822,0.6332107001076556,0.6145671213625679,0.185499893294764,0.4135685242765707,0.271266372414799,0.35488210883920507,0.22616072510204718,0.3790361322240388,0.4878104384777023,0.41614540904845526,0.6205364026433372
0.005872123030639124,0.0,0.2471198459269964,0.0,0.23680657959663517,0.6256882095698402,0.40934845398737874,0.28966995220899133,0.2399791376377731,0.3890513111306441,0.21838905453194668,0.19525660954670568,0.5365498364175241,0.1968128099969202,0.08889598667211589,0.49933912685988896,0.4301560028480676,0.5347509751354687,0.27265413464956345,0.12465446688803457,0.05845452952184019,0.08192114684363763,0.32979500757045077,0.05375077060891045,0.5902452104405803,0.6732740395745678,0.5796251709123539,0.06045386207147092,0.30741512754498596,0.15674716476065126,0.011418071329424954,0.11682085350743647,0.3097002296966967,0.1299103571797417,0.0,0.1913880934831928,0.03085836512758083,0.014816676244865738,0.14384096376782046,0.053947551502341595,0.06610507588659496,0.1457710508427634,0.0,0.0,0.008451127735173099,0.008455548673197682,0.5300699790763252,0.11689636310387155,0.24999643782939976,0.2261738699935288,0.1611027899327418,0.2050414502486763,0.05595330944771874,0.22912917402252211,0.09979449685730624,0.21922735048040978,0.0856357446060224,0.12393635712621007,0.14407629955439982,0.0,0.1888728810781186,0.39584200098120137,0.2739670733721967,0.2112090711420097,0.15796211556331383,0.0,0.13964555704226222,0.0,0.0,0.35096131122136787,0.07677209516655849,0.3674167077149695,0.10598156588171852,0.0942172332981615,0.22059863767714827,0.020873674592514813
0.3061217976223002,0.2471198459269964,0.0,0.0,0.5295869226592638,0.38746320917603677,0.2732435294702411,0.5934981469924892,0.8258157768808908,0.3415919842664137,0.963294743756444,0.5543932133942704,0.4411886687841796,0.41673511698969434,0.6566663539693885,0.2907058152669716,0.4241630077095437,0.28505475988020634,0.909859969965002,0.6727996022339008,0.391305068383172,0.4592303015980096,0.6290486080075971,0.2789846035258505,0.18036957565885653,0.5485529076384291,0.5482329220526213,0.46633538735754176,0.0,0.558056373860304,0.38071903055949335,0.35975665076825725,0.0848624624379412,0.22148093839548882,0.07245086607337162,0.16346020568411815,0.15416663704026815,0.013579199073377655,0.4242290368419188,0.011930382731163038,0.06330613484014828,0.13676146389543836,0.1762101036709648,0.18659314559902937,0.0,0.3169919928238257,0.2407690155543575,0.801456801795749,0.5587363956014723,0.6315249859888165,0.31164150626920056,0.3690561746997828,0.4631374874515309,0.8021540363758526,0.5717725273292228,0.893231958143963,0.5641291857459733,0.6574017011062104,0.4635471029664734,0.2153347246065506,0.31779154105949436,0.43139524838346277,0.36648162952980856,0.8980514523478492,0.7148082622803941,0.42754260388233,0.6364636476546588,0.38543535218879393,0.07557814841677069,0.16644209141698937,0.38388523084858583,0.5066007556868284,0.5872858907063081,0.07618995819339319,0.3879855740256558,0.22135754356375045
0.0,0.0,0.0,0.0,0.0,0.20468025619236543,0.4147406620064537,0.17975351502386516,0.03826061083409975,0.19082377829821592,0.0,0.11721177146963001,0.28028681893098395,0.3403516989467234,0.0,0.08850630753594693,0.14717175633409801,0.07041525138869041,0.05965073921501501,0.1673352178236443,0.126229069020958,0.0,0.02641018576679649,0.10142934861009334,0.0,0.0,0.0,0.39668264904028183,0.2629832391119438,0.12142927723070143,0.28174461081092433,0.20157963234436851,0.03960387074597237,0.0799650462889959,0.08941968450155292,0.18698003121093804,0.43409926509904506,0.0,0.12193563720460013,0.0,0.0,0.0,0.0,0.0,0.0,0.0,0.0,0.1543568165630207,0.06427228937998118,0.055769744298987,0.1464808541910886,0.1734430920617724,0.17461557751029114,0.09036325697500945,0.0,0.04447100886885775,0.0,0.01869302940264445,0.18350961983423175,0.1608420250065025,0.0,0.0,0.0,0.042816340890285916,0.0,0.10338502560114642,0.0,0.2078734224362379,0.08630459066724061,0.0,0.0,0.0,0.0,0.07616193751030878,0.0,0.0
0.039201783286960765,0.23680657959663517,0.5295869226592638,0.0,0.0,0.44269676079377546,0.3305033015121828,0.5411800574209358,0.5929668977136439,0.1505353874403187,0.5791993099571808,0.14435063556346442,0.51163575140415,0.5009928814877602,0.3799223397840399,0.15549006244019617,0.09020464610183117,0.13882325209675325,0.4280599912804992,0.44332241289173596,0.2636662937605753,0.2805317658911665,0.4447709046191838,0.0,0.0,0.3860900257066,0.4557375291946443,0.38053293131614885,0.0,0.40882548471366653,0.4258101110063236,0.06255544868532065,0.0798364399329969,0.4876311813012767,0.3616481596594708,0.3508608231337839,0.0,0.0,0.17109885184133283,0.04552711278212673,0.0,0.16892830805519735,0.5463296857809737,0.26402444602831593,0.0,0.05547795797003637,0.2594901188172023,0.3892094558632656,0.5891553337334632,0.5061371888927657,0.27855599408252757,0.2665301374680661,0.5004368252408998,0.5074581683173557,0.5325875093411636,0.5484213974975682,0.4767374751022495,0.5994887632567163,0.4549229412580858,0.0,0.0,0.319030681708498,0.10081005425096402,0.45008671557035007,0.5125711696603175,0.2879994888289638,0.31384546997311413,0.31911154023286553,0.0,0.03946302835863329,0.10504778141313151,0.4892679897775517,0.620556288043005,0.0,0.0845636469492644,0.06162561909640934
0.0,0.6256882095698402,0.38746320917603677,0.20468025619236543,0.44269676079377546,0.0,0.69799341803651,0.7360946041257842,0.4573282978921671,0.5417531516905397,0.3548625857253272,0.44752065027663107,0.8262564706404911,0.5457733038733885,0.2940290756937541,0.3690309874666668,0.46962912850392224,0.5051956355991312,0.29620316490958065,0.3524556197620037,0.4425363139036109,0.02728749756996861,0.6961789493628627,0.272012934141683,0.4985397232047054,0.6179091570734293,0.5671337077439803,0.4342062062663136,0.4040850596693053,0.4400546678951654,0.3059557695941034,0.16396046145424104,0.2140453869914418,0.36498406310804316,0.15473410711076177,0.30932004870615976,0.1384185790397654,0.0,0.16362357607226127,0.0,0.0,0.0,0.053344383471615846,0.0,0.00472526352864283,0.03471988179941269,0.6060310134299739,0.31260833945970823,0.4309382263071347,0.4987023743589375,0.6270233643288056,0.4763372310327722,0.5457149716272596,0.47163005108841727,0.32964865537014193,0.4262163679510656,0.4439558479619208,0.496123815644217,0.49194347099651786,0.004986250001435356,0.0,0.3337493117455282,0.21436959583198886,0.26890814727862256,0.19599440883594546,0.21168396511981552,0.10071849136095831,0.4737320780298618,0.0,0.35696454811148254,0.38106097626591684,0.42841436995053134,0.264362936210671,0.12049967368541444,0.0,0.0
0.20580498803381844,0.40934845398737874,0.2732435294702411,0.4147406620064537,0.3305033015121828,0.69799341803651,0.0,0.5237432114353345,0.44622491072413406,0.6984862558322833,0.2587782213289034,0.24743995560083878,0.7725640078132401,0.40564874716254706,0.23579997744405634,0.6421387315307133,0.6185107048078066,0.6473826692575293,0.23825523490804082,0.4748819970499464,0.5389160514098779,0.17344647075254546,0.3395534483740001,0.2543446184496906,0.4743341438750366,0.459878245805793,0.6093333352859893,0.5351433307559534,0.6958548390872692,0.40507997706017074,0.5546266819467033,0.18421603016248372,0.33015660794642343,0.4494529736234679,0.28999733526059074,0.3332477048139241,0.2573834893886016,0.0,0.13214610296081036,0.09773545265745985,0.0,0.0,0.0,0.0,0.03750419164967681,0.16136558336173837,0.47201316387663717,0.3438501234914999,0.3747355204181588,0.45383529967438585,0.38978630266739933,0.6268431445154812,0.40580390713483483,0.4426178315114834,0.33959690296484996,0.3744201172582491,0.1747663805633132,0.3557124755779951,0.4193578251705027,0.0,0.09544570237056271,0.23104185465132762,0.3790120857768574,0.26590713200700183,0.1703816988041987,0.36469206796622305,0.09665488650415532,0.3414766351680658,0.07295539954483515,0.31035533821089384,0.28916880656928523,0.4411610644183263,0.19057703183310473,0.28348790145875724,0.0,0.0
0.1678372624466499,0.28966995220899133,0.5934981469924892,0.17975351502386516,0.5411800574209358,0.7360946041257842,0.5237432114353345,0.0,0.4929402671708289,0.4968990598732485,0.5596592948364366,0.5677336058702257,0.6603765766714822,0.5899731939645908,0.4661170650578645,0.24899044225819564,0.2604226865315298,0.2632204248222506,0.49348970757246685,0.5419763186747677,0.5838474618769254,0.20961628616397865,0.8206549770353672,0.42191609869738383,0.20117737543197806,0.5511356502556042,0.46429369513075164,0.5847850395148895,0.13460827653556895,0.6296884161652259,0.5304640344249384,0.22798319313534093,0.08707563825681208,0.468566188567998,0.26126344581664473,0.4040228022700666,0.1949758695307458,0.0,0.18187012944780231,0.0,0.0,0.0,0.26182250842238997,0.05837940234611402,0.0210813070919499,0.19180629142141345,0.3628276259795539,0.4761753978220142,0.4533008452337598,0.558208094581219,0.4978465678098101,0.4089527089765429,0.8050763435560141,0.520903884484431,0.5002452667030778,0.5601305772003767,0.6002903098758036,0.5859440758435126,0.539853059102443,0.14648468891274383,0.0,0.26250433292483916,0.06365324224194406,0.4608146015105365,0.4362162397963937,0.43533574813045295,0.291107276853725,0.6382210985869686,0.07484632845714988,0.15903209198563587,0.3654637454540764,0.36360272309465785,0.5014369460483517,0.0,0.07559317227710566,0.0
0.2229044277088636,0.2399791376377731,0.8258157768808908,0.03826061083409975,0.5929668977136439,0.4573282978921671,0.44622491072413406,0.4929402671708289,0.0,0.4055558679144222,0.7648883488571533,0.4703885115654416,0.520605589954111,0.36600178063615824,0.5349577845153426,0.32752492286039014,0.46941723178501066,0.35849490018952707,0.7358824098869903,0.6035119815248379,0.3809415137784065,0.30287005706822356,0.4776182330954689,0.2733850953550948,0.298674567995094,0.4424454761638118,0.6535218716953662,0.4662881322353447,0.075605139448834,0.4436936346098978,0.4006908043821564,0.3339143528566427,0.07997407931330276,0.2176493070956916,0.18335169131991078,0.20854073650953173,0.17563794007025624,0.0,0.4085064496418674,0.05252193594791108,0.0,0.03634036551664751,0.06334200544444936,0.0,0.0,0.30017511565422755,0.33112759684362936,0.6862761186271564,0.4869161915695332,0.7664277749175545,0.39819534657490463,0.5125938570993845,0.42281073374614825,0.9602264323533232,0.42144796698178727,0.8093979671782066,0.3859769791761277,0.5285893384149887,0.4524907413771237,0.16581678060596308,0.2264481263791539,0.3287714537078421,0.3818569225455008,0.7146225829395565,0.5301185095447308,0.38021712716034717,0.4494351812607737,0.39400613395837736,0.16859529223691677,0.25858299191197925,0.4078863620804902,0.6730240504184042,0.3980687651756199,0.11541614150414661,0.21679412742738416,0.10786856635716961
0.36218998334904806,0.3890513111306441,0.3415919842664137,0.19082377829821592,0.1505353874403187,0.5417531516905397,0.6984862558322833,0.4968990598732485,0.4055558679144222,0.0,0.2504625563623043,0.47835823907203706,0.6033127044871651,0.2490526099279084,0.2190804753672855,0.6785898418552648,0.7681970854720924,0.7442533819548927,0.26240281587348974,0.3799275700584705,0.5547327780265339,0.11787266724404123,0.3801784303088694,0.4562299914624944,0.6643825567834553,0.522625873615479,0.5173338476231615,0.501928744729912,0.5492557794726722,0.5022003990032387,0.5228636788897447,0.1942226521029499,0.3866142080952862,0.41386238507208234,0.19302553721353963,0.3220184202650558,0.31541373236778486,0.0,0.14157818898673352,0.2644660714270958,0.0,0.0,0.0,0.0,0.1174360198818518,0.36523986836006905,0.4404202421419952,0.31777253461466487,0.2729214904511735,0.4709225654702847,0.28310390809761055,0.5951469693206104,0.3409659276900387,0.43017495818073664,0.4821349559090089,0.3651558107570829,0.28109195337047893,0.2478938942178871,0.29635804866984466,0.0,0.23136570460241662,0.3602556298578478,0.4924947523462749,0.22392284619121186,0.1478284075367455,0.290658831549478,0.17639791591901346,0.2719962036319422,0.2533684249394004,0.4033045063573005,0.41776441301592704,0.37825364638446995,0.20526957031528056,0.28681375639663415,0.0317322042492275,0.0
0.2820880368422704,0.21838905453194668,0.963294743756444,0.0,0.5791993099571808,0.3548625857253272,0.2587782213289034,0.5596592948364366,0.7648883488571533,0.2504625563623043,0.0,0.572043980790268,0.4608809092680738,0.47565103107228474,0.6088253076095319,0.28785059591179973,0.35318225303964035,0.21592730784554406,0.9315429938017931,0.7213492173486116,0.35998566105447427,0.5421447532192245,0.5725917734139311,0.3080314441810221,0.11058851841061096,0.5336454589381784,0.4925275702568628,0.49857372576951636,0.0,0.5397105028546841,0.38176316332142846,0.4370521997389278,0.01657797969770919,0.11053624530757226,0.0297507273768939,0.1492630946730256,0.14623842038002755,0.0,0.4714725774327667,0.0,0.01749071911514106,0.13501218634942508,0.25863058209588774,0.22863474214915253,0.0,0.25933452814295205,0.14949465677911133,0.7706202975506401,0.46233939365539806,0.5768848253308612,0.2399514046907686,0.2465359753570681,0.4397294464832472,0.7047255638227323,0.47912815036287304,0.9355930551315986,0.5118585121093032,0.6258727954403716,0.48856813779560737,0.22725241276613167,0.27152391051457336,0.39826930674837213,0.29169915716199324,0.899177988907336,0.7231781786695299,0.4094499255974694,0.6245145179200345,0.32952301046093563,0.07822480112632878,0.09891321378513343,0.31258126653570356,0.4173476841251715,0.5979347365794336,0.0034384195828651033,0.42947179770527794,0.27293045410791456
0.12331333675754219,0.19525660954670568,0.5543932133942704,0.11721177146963001,0.14435063556346442,0.44752065027663107,0.24743995560083878,0.5677336058702257,0.4703885115654416,0.47835823907203706,0.572043980790268,0.0,0.4831861728776812,0.2895830406247132,0.33270910454622865,0.23604706055143237,0.4897019710277356,0.30479445151772866,0.5270050483549091,0.4109113293534223,0.23732597698167063,0.23602167841276067,0.45295932236333725,0.6101151682690231,0.2373130173997156,0.5987203443900873,0.2056384418326045,0.4269305274388236,0.0,0.40538812648783673,0.14419767893639426,0.40660338355132974,0.0006465464017478333,0.013075986909313789,0.0,0.10934841436068042,0.2993026585147593,0.0,0.37743082234797004,0.0,0.0,0.0,0.0054913640353332575,0.004354748468714926,0.0,0.14717385915461884,0.05585623653507285,0.5841874478444186,0.10387600776274115,0.44438265261351095,0.2834981597800992,0.2163745299887349,0.379879846672565,0.49039497907503027,0.25869100231184805,0.6042628994432248,0.5884425798360143,0.31341651021204386,0.2853366370245885,0.27592189936611505,0.10111962245464978,0.2900273448691352,0.18489686549256126,0.5262602534420288,0.310564077857482,0.18754182544599796,0.2698110026228681,0.31196247341380223,0.38599433059832206,0.026458647900771726,0.46137464772213016,0.1268941300504115,0.1813525940679606,0.0,0.2360994967883009,0.0599363641255472
0.06931539606173773,0.5365498364175241,0.4411886687841796,0.28028681893098395,0.51163575140415,0.8262564706404911,0.7725640078132401,0.6603765766714822,0.520605589954111,0.6033127044871651,0.4608809092680738,0.4831861728776812,0.0,0.4884763856743914,0.31341353993930643,0.5497700932711804,0.6137621745837208,0.5731717796233408,0.4381487846925055,0.520733105400143,0.3787336451708511,0.28854264836059446,0.4703824244531359,0.22979605197447533,0.36387025757793473,0.6729049735078857,0.5193213669863791,0.7089123745084824,0.39728841933498155,0.5877459365344938,0.4690856981997732,0.16295686150614289,0.20480277142574424,0.45975860264771795,0.2147681401890515,0.466755229315717,0.26184388399117486,0.0,0.19125446427046836,0.038231502323848844,0.0,0.0,0.10573002109423468,0.0,0.0016274014051657093,0.0644340849059775,0.40717209743008687,0.4837849688476159,0.4137481863294067,0.5889133047419562,0.42706330161180867,0.5584353492727261,0.47696403011696464,0.5264298350323556,0.44142686163969264,0.5590357986694025,0.4290751629219519,0.5071705844343372,0.39149156583407496,0.0,0.04603945364912456,0.42820459026461466,0.33388234185013965,0.4275162467659135,0.30426115476948346,0.20734050972870877,0.1624265975877882,0.2965782493503431,0.0,0.20073437729702567,0.3323088679585903,0.44107939473227475,0.4098706239584625,0.09633308569510046,0.07371255550092243,0.0
0.02352525519045639,0.1968128099969202,0.41673511698969434,0.3403516989467234,0.5009928814877602,0.5457733038733885,0.40564874716254706,0.5899731939645908,0.36600178063615824,0.2490526099279084,0.47565103107228474,0.2895830406247132,0.4884763856743914,0.0,0.29607088389461644,0.1111653453712042,0.10194531346166683,0.11139371628810234,0.41708159055909744,0.4331603624080836,0.33624319607090253,0.13341061747962077,0.5322273914451622,0.2716152037067239,0.0686226237646078,0.31307894403334713,0.3484612837470434,0.4443737757244682,0.17649998466707062,0.42634666721064307,0.38097401844877316,0.2949777151827051,0.1301038566200384,0.24931309698939952,0.151912040501113,0.37345255963344764,0.25381067095242704,0.0,0.2604371305178841,0.00636234243037684,0.0,0.0,0.2969529697121281,0.20946765783089538,0.12626674467054735,0.02554777256291063,0.24455768720762391,0.3450864202483325,0.373333964344648,0.34839053086970007,0.36396033265764804,0.22895105518787887,0.5256577956047346,0.36519027117802283,0.3100658862196763,0.4105822095707585,0.3792089529752501,0.410531796904895,0.4639747597867226,0.12414972456199949,0.0,0.17412185408527925,0.026799704751178616,0.3832226818965918,0.4668066126401376,0.2828412681835379,0.25360534598279183,0.4203274421777005,0.0,0.0935893024750803,0.1381218606396881,0.3286550818830769,0.40121357703512384,0.07277544148258105,0.17315574902218195,0.08036633580568955
0.5028625740919453,0.08889598667211589,0.6566663539693885,0.0,0.3799223397840399,0.2940290756937541,0.23579997744405634,0.4661170650578645,0.5349577845153426,0.2190804753672855,0.6088253076095319,0.33270910454622865,0.31341353993930643,0.29607088389461644,0.0,0.09853821076802295,0.3048525474451007,0.17358594393372415,0.4891129772226214,0.6374320618477708,0.4987249731337665,0.490190842329988,0.6053978759562869,0.2676460655848858,0.18975012828208845,0.47215398573204287,0.4256801510659147,0.3407683141065241,0.10750139318978125,0.5013629055081262,0.4017694279639416,0.349288027392451,0.08153153577067143,0.2504774325220505,0.18944074561306234,0.15111735566397536,0.13489894204657818,0.19113050003442889,0.43925396060090605,0.08455319928643923,0.12528339671759223,0.21107676861315483,0.13440469464484214,0.1006223519914755,0.08072397685506925,0.483134649120786,0.2523238866586129,0.4198218086602767,0.5426057097667188,0.5741868313933052,0.41092076674926825,0.38918345854291675,0.47558051573456245,0.5660534503796215,0.48748842292239775,0.5771791648248967,0.4544092870930018,0.6851934154541564,0.46632262671125907,0.5393607448018872,0.38066515597856027,0.3988150725955193,0.42393520602029955,0.4795076818177786,0.6818807261919873,0.5993748171181673,0.6921061064944303,0.501243021068786,0.10862121800553656,0.1818911388332581,0.48029315365074743,0.5084149330179586,0.5325785748580081,0.2943329406271415,0.3582590964709084,0.32541120561221143
0.2682042006005273,0.49933912685988896,0.2907058152669716,0.08850630753594693,0.15549006244019617,0.3690309874666668,0.6421387315307133,0.24899044225819564,0.32752492286039014,0.6785898418552648,0.28785059591179973,0.23604706055143237,0.5497700932711804,0.1111653453712042,0.09853821076802295,0.0,0.7880275204859399,0.7902118050802434,0.3442912172893378,0.41018226544031744,0.2986702279564149,0.36525340001469786,0.05422198568730633,0.17646623246486,0.4612510109486943,0.4631067659472552,0.5338719554118443,0.3298332593999088,0.609632946167075,0.34911724204375455,0.49946072366813216,0.14471429331642466,0.42285102855990253,0.40321481549160504,0.12231133492754077,0.22564578169048105,0.15090371633399532,0.0,0.06706524330568484,0.1093083519914056,0.0,0.0,0.0,0.0,0.011156425134960913,0.12604613497793193,0.1710623856695175,0.3710890650600373,0.17323035436882078,0.2946275146898867,0.0,0.3430815660958554,0.0,0.3109327381481097,0.13132110277319198,0.3718424178622322,0.0,0.0619180359051762,0.04207235689852082,0.0,0.22719205400318115,0.2339006132899161,0.37458963189039746,0.31253931102006505,0.10263074223637789,0.08260900678295448,0.12792318749192752,0.0,0.0,0.07000222197127506,0.05327999264690122,0.2459599310903381,0.09625253694042589,0.10731900487535942,0.03274086278894626,0.0
0.3203722180432251,0.4301560028480676,0.4241630077095437,0.14717175633409801,0.09020464610183117,0.46962912850392224,0.6185107048078066,0.2604226865315298,0.46941723178501066,0.7681970854720924,0.35318225303964035,0.4897019710277356,0.6137621745837208,0.10194531346166683,0.3048525474451007,0.7880275204859399,0.0,0.7280458378276295,0.3479355545444623,0.4488878917089389,0.3486947064476975,0.2652239134626697,0.15356410103571064,0.31288493039008414,0.5541980809208978,0.5596014008054268,0.4607184493029494,0.4668534575678122,0.5101827923412966,0.40243651708541006,0.388377389888687,0.21332913634441156,0.34653493006011726,0.23680040161945118,0.047852846505642324,0.1321538556631241,0.23526759876805325,0.04217829951405004,0.1755470609927938,0.12115433035476808,0.0,0.0,0.0,0.0,0.0,0.27774308193992503,0.26374418800018246,0.3712096347222878,0.16025842309398597,0.4022872299038604,0.11638487396034469,0.4062640867506828,0.015415700899971118,0.4827138585672187,0.29902021407365875,0.470561482401603,0.10123216550345013,0.24718850656826047,0.15512855359463282,0.0,0.36503242225393984,0.4282103019300744,0.48160052560624045,0.3958548807419931,0.1691144209829166,0.19321004989087068,0.22036607702961125,0.04186298456052662,0.17996382821860493,0.19118643367505883,0.31125783502763904,0.3050661524705783,0.15435458329965132,0.18117304725165603,0.10924063164356662,0.0
0.3185708258460964,0.5347509751354687,0.28505475988020634,0.07041525138869041,0.13882325209675325,0.5051956355991312,0.6473826692575293,0.2632204248222506,0.35849490018952707,0.7442533819548927,0.21592730784554406,0.30479445151772866,0.5731717796233408,0.11139371628810234,0.17358594393372415,0.7902118050802434,0.7280458378276295,0.0,0.24152547952646364,0.29792852639932305,0.3902234797260144,0.2092976892079088,0.1465851784852782,0.2484157096834379,0.6404236462428643,0.4150549663252854,0.5854406553800269,0.2858992244427169,0.6415253606626559,0.33016800889380704,0.34591562361769357,0.13186044507590888,0.4652284382763262,0.321359384990692,0.09829593478002871,0.08503692074573745,0.10964838644513485,0.007759647777660877,0.09577843276605956,0.261816578862219,0.0,0.0,0.0,0.0,0.16151538260565043,0.26236757177050285,0.34681357408819685,0.2627946467167718,0.18718191333464554,0.3373479132925826,0.1345410886911838,0.47642911165441676,0.05793579880821871,0.32427110939263953,0.18226001614036197,0.29694587793636906,0.010729258616433474,0.16737679156535037,0.1944044083008314,0.0,0.3595433105032709,0.22487049528914127,0.6571853032870766,0.23317675481741929,0.09661607353644551,0.10523509875962009,0.2195044982793839,0.0,0.10233985243611908,0.28294436966849473,0.15867018484199488,0.39414688482131144,0.1851626331745604,0.3761079139771118,0.031566523450027084,0.03511551572951977
0.2181209684251739,0.27265413464956345,0.909859969965002,0.05965073921501501,0.4280599912804992,0.29620316490958065,0.23825523490804082,0.49348970757246685,0.7358824098869903,0.26240281587348974,0.9315429938017931,0.5270050483549091,0.4381487846925055,0.41708159055909744,0.4891129772226214,0.3442912172893378,0.3479355545444623,0.24152547952646364,0.0,0.63237777737289,0.26812345488074585,0.47709907749254826,0.4906528609065794,0.2895667711752583,0.16203629314571302,0.4839058320630552,0.47053308357919793,0.4788418035120055,0.0,0.4917858989713648,0.3022909396259244,0.45708515973883973,0.010039749883792226,0.060988601839046724,0.0,0.18726536870421798,0.27035699251350265,0.0,0.4599792976182633,0.0,0.0488503475060342,0.06769980672983031,0.1844345934186487,0.22263199381237428,0.0,0.17262240117306615,0.05406162466940428,0.8575715412490248,0.3473203773810102,0.5440456020557615,0.14550191541823948,0.2523071833575187,0.3291814936530453,0.7088627514295707,0.30067312723880324,0.8742172645483107,0.36437965900403557,0.4596836628838061,0.3574660652544114,0.23905985798966758,0.19481781970671014,0.295172989477035,0.2433255532030358,0.9456458775914289,0.6249372454931089,0.26641671013714807,0.5115517657582176,0.23099371729948423,0.05758175266599947,0.016856858545105782,0.205800083772749,0.37936012347728865,0.4725913194855937,0.0,0.47428850493353475,0.2462671194469589
0.4276590974165496,0.12465446688803457,0.6727996022339008,0.1673352178236443,0.44332241289173596,0.3524556197620037,0.4748819970499464,0.5419763186747677,0.6035119815248379,0.3799275700584705,0.7213492173486116,0.4109113293534223,0.520733105400143,0.4331603624080836,0.6374320618477708,0.41018226544031744,0.4488878917089389,0.29792852639932305,0.63237777737289,0.0,0.5043116278096124,0.7509847970687783,0.49007855319657534,0.2908404019850797,0.1493840272469876,0.5446474332555428,0.5281209055594441,0.5965834933416506,0.3396744592744741,0.5971362914211243,0.6229309805484101,0.417103726277218,0.09426751114670828,0.2860437635477955,0.1570639068708025,0.31059578591951664,0.25864159551263616,0.0,0.42406518867105614,5.28381829208057e-05,0.0,0.0,0.26735491947253226,0.12668170615729404,0.032385822208452875,0.3860102850577628,0.18509333568316252,0.6254994097174718,0.3767221750749367,0.5454437151283728,0.25486233021937943,0.30172813512440994,0.46465964803679216,0.6209141982125369,0.4659846875513402,0.7424411700951423,0.40175350366230417,0.5518441447475884,0.4793030383380159,0.3533100178054272,0.21172497302707863,0.34995654750209726,0.31676679156640664,0.6501579314089425,0.7620935748801576,0.5654188689889876,0.6425901024025092,0.47157848904509225,0.13983388503460686,0.06490993037865508,0.3971785849385792,0.4444786977262127,0.5068481609373563,0.11314023030110482,0.3586641193685223,0.2800852947560375
0.6349402880090441,0.05845452952184019,0.391305068383172,0.126229069020958,0.2636662937605753,0.4425363139036109,0.5389160514098779,0.5838474618769254,0.3809415137784065,0.5547327780265339,0.35998566105447427,0.23732597698167063,0.3787336451708511,0.33624319607090253,0.4987249731337665,0.2986702279564149,0.3486947064476975,0.3902234797260144,0.26812345488074585,0.5043116278096124,0.0,0.15525558893084979,0.5464973001133375,0.494433231344786,0.4333726139303965,0.32284808614826105,0.4677689968354211,0.35407578147736685,0.5247948464870249,0.48886104981019274,0.5471612226599712,0.3263039004279089,0.30939362632033973,0.33872359567551236,0.2601017875692617,0.12440151233885946,0.15641800754295673,0.11185613932189756,0.293852896815316,0.2455864470519376,0.08530508846482138,0.0,0.03271310437039824,0.03098667880712337,0.2422881029713227,0.6520548924925679,0.39704868212654654,0.1990605393802977,0.47357444849958374,0.37890784580546727,0.39580720710818507,0.47825193500073654,0.5619869822377568,0.3502085979128344,0.5357643908654243,0.3437285240130862,0.314703240833253,0.48489808609378166,0.4386867309623937,0.0,0.3102402359018516,0.2679618720738021,0.43916327247309156,0.23643829230648775,0.34310374844178304,0.8363082426095353,0.4630457430373652,0.5496059918604838,0.3606096031273366,0.4359602047027465,0.465944934829565,0.32912295122770824,0.37313789100454864,0.48344676890307386,0.19315448920394718,0.2389846025364394
0.32353508676936144,0.08192114684363763,0.4592303015980096,0.0,0.2805317658911665,0.02728749756996861,0.17344647075254546,0.20961628616397865,0.30287005706822356,0.11787266724404123,0.5421447532192245,0.23602167841276067,0.28854264836059446,0.13341061747962077,0.490190842329988,0.36525340001469786,0.2652239134626697,0.2092976892079088,0.47709907749254826,0.7509847970687783,0.15525558893084979,0.0,0.1726995976457003,0.059908752258018,0.0,0.45640270244204256,0.30608585831601137,0.3504059734488572,0.14354941668016657,0.4017361972625993,0.375320782663552,0.24747352269418274,0.0,0.13940635623356795,0.10527503448221882,0.18277641844762332,0.12557864773822094,0.014588708279681818,0.286426979159195,0.0,0.031031603711831838,0.2072640732128991,0.3758735073802314,0.27022819007186155,0.015412222701746631,0.25746907370045374,0.0,0.44891270466195493,0.16539943856091255,0.23487339045469122,0.0,0.004350066419459078,0.13794641492636317,0.306437935699352,0.2824040692169887,0.49005124640644343,0.20392783812125742,0.30847542498252295,0.14122685167459292,0.3773292318043225,0.24020531136420617,0.3229665041040963,0.22525331452295447,0.47603474781103333,0.6240027329515621,0.3338833476869808,0.6004343465009012,0.11029262335959811,0.02921745219021667,0.0,0.15102004402305846,0.2549564153400301,0.4346171133360738,0.0,0.40381191732184474,0.40826239742945664
0.16562347851843637,0.32979500757045077,0.6290486080075971,0.02641018576679649,0.4447709046191838,0.6961789493628627,0.3395534483740001,0.8206549770353672,0.4776182330954689,0.3801784303088694,0.5725917734139311,0.45295932236333725,0.4703824244531359,0.5322273914451622,0.6053978759562869,0.05422198568730633,0.15356410103571064,0.1465851784852782,0.4906528609065794,0.49007855319657534,0.5464973001133375,0.1726995976457003,0.0,0.3443145253872967,0.33816357803333025,0.48300997139545,0.5470976017259818,0.4292762214676619,0.09203605548745057,0.5434165249334646,0.34540985321534295,0.26527035814464445,0.0,0.26417113231865363,0.11702026827039415,0.28578453898876943,0.19866355896786955,0.0,0.29544905398979515,0.0,0.0,0.049907044876375053,0.1481928472250029,0.04417308321691822,0.03642082392287829,0.2955542012862444,0.5258542836117723,0.3800637246286996,0.4511452097533598,0.5344341157610241,0.6358514111821116,0.41804755043050296,0.7919973207714827,0.49394809656741884,0.482576425864011,0.5253816608888072,0.6520667062271042,0.6002515526518103,0.5424271947271396,0.17682009844569238,0.08078731214948719,0.28723243888032335,0.13751927900496025,0.40871807788414183,0.44251407719806085,0.4503160841686791,0.3605578202795858,0.7800127459184244,0.14904116938193984,0.4036948817728377,0.5072405306208291,0.4567423516621963,0.4533785547837784,0.14973720878624885,0.22409237584547198,0.053794176298627434
0.5602681589311038,0.05375077060891045,0.2789846035258505,0.10142934861009334,0.0,0.272012934141683,0.2543446184496906,0.42191609869738383,0.2733850953550948,0.4562299914624944,0.3080314441810221,0.6101151682690231,0.22979605197447533,0.2716152037067239,0.2676460655848858,0.17646623246486,0.31288493039008414,0.2484157096834379,0.2895667711752583,0.2908404019850797,0.494433231344786,0.059908752258018,0.3443145253872967,0.0,0.4621437752049223,0.45373901765808006,0.1111015779717764,0.1744198113547964,0.11110480047986594,0.34808535127109935,0.1599047188195084,0.4917995193284474,0.2684316320116855,0.0,0.0,0.057782461126620444,0.2804454734819668,0.0976482895393697,0.4443636828960528,0.2770957888601376,0.08847521153533726,0.0,0.0,0.0,0.23207070020717716,0.4816846418956944,0.11019543422743612,0.31796102501692475,0.13931114337308634,0.36145083864425825,0.29524581666173805,0.26675370826104317,0.28948702790722386,0.2867206180743664,0.15169536424728944,0.324509173846531,0.2870053012863568,0.21446920558939003,0.36150261476161594,0.10958123303612931,0.21149786902612755,0.21972311925217186,0.25592077430524635,0.16910687130378144,0.241478643347275,0.40135122669271545,0.2854977138601211,0.35670758355752186,0.7522284936630484,0.2670348586119732,0.5636319953178324,0.05813549413263598,0.1088058148323801,0.19939245327662433,0.31525236047167343,0.27874210975611846
0.4055544409852563,0.5902452104405803,0.18036957565885653,0.0,0.0,0.4985397232047054,0.4743341438750366,0.20117737543197806,0.298674567995094,0.6643825567834553,0.11058851841061096,0.2373130173997156,0.36387025757793473,0.0686226237646078,0.18975012828208845,0.4612510109486943,0.5541980809208978,0.6404236462428643,0.16203629314571302,0.1493840272469876,0.4333726139303965,0.0,0.33816357803333025,0.4621437752049223,0.0,0.4776731854219612,0.4959970122626708,0.06535391530823906,0.4852623517963213,0.23783485002351762,0.12473837931767147,0.257067610510623,0.3998150396792378,0.11601837649612178,0.0,0.05036177886097857,0.16182941664801906,0.03856898755674124,0.2659066513143695,0.32948961618863665,0.12340497613920408,0.0,0.0,0.0,0.15986435975948116,0.33988533941618515,0.520361628966752,0.10832753058294105,0.1745589090545345,0.3621032465273188,0.3417595273161644,0.48919351577924963,0.09984735038143876,0.28447068647313206,0.1161133868404672,0.1938228843054294,0.03607506575721315,0.11733162664078892,0.21506245384673248,0.0,0.2940654698732211,0.2652785370837221,0.49075585557010437,0.04268318832418899,0.0,0.15371318024857036,0.16048929541282922,0.1622402454283604,0.3454041241190169,0.63689474618385,0.449790326095386,0.34765325429412275,0.04116633903678532,0.4782077246651397,0.11930870924553874,0.11058468398743018
0.2959549273773479,0.6732740395745678,0.5485529076384291,0.0,0.3860900257066,0.6179091570734293,0.459878245805793,0.5511356502556042,0.4424454761638118,0.522625873615479,0.5336454589381784,0.5987203443900873,0.6729049735078857,0.31307894403334713,0.47215398573204287,0.4631067659472552,0.5596014008054268,0.4150549663252854,0.4839058320630552,0.5446474332555428,0.32284808614826105,0.45640270244204256,0.48300997139545,0.45373901765808006,0.4776731854219612,0.0,0.4026326453732325,0.3605651034793445,0.10120796025982608,0.4430465642854112,0.260374109818186,0.2757690059434664,0.2403952231296432,0.2575463276066148,0.018130218324154835,0.33781627711402656,0.2047148744439048,0.0,0.3177297455046191,0.010432630481872601,0.0,0.12830665585677156,0.17365934281764847,0.0557277529835378,0.026113079790212622,0.19503847549343528,0.30854926942620425,0.46857815147316906,0.3706440379064807,0.5204341588197073,0.25931869406024044,0.2639114091389998,0.26309836085076266,0.5120575885018067,0.41455861507054503,0.5673512919434788,0.45793687174217435,0.4486964974886242,0.3320448801370172,0.1350795053853205,0.153403722359226,0.5435133425213721,0.2493745045069184,0.43976612626613804,0.4602068714945716,0.2520846545584039,0.3479080424022943,0.22509309686335888,0.0891811475157698,0.19352988224991796,0.4858199281178174,0.3556097355545968,0.30567805043925106,0.0,0.2477991203441667,0.08722280961004567
0.23093853729713298,0.5796251709123539,0.5482329220526213,0.0,0.4557375291946443,0.5671337077439803,0.6093333352859893,0.46429369513075164,0.6535218716953662,0.5173338476231615,0.4925275702568628,0.2056384418326045,0.5193213669863791,0.3484612837470434,0.4256801510659147,0.5338719554118443,0.4607184493029494,0.5854406553800269,0.47053308357919793,0.5281209055594441,0.4677689968354211,0.30608585831601137,0.5470976017259818,0.1111015779717764,0.4959970122626708,0.4026326453732325,0.0,0.2792173843714055,0.5355962468048481,0.3546006357717573,0.35247202723763404,0.2594442161383859,0.19617262911327962,0.2426740813639268,0.040395003980531696,0.20485721401835744,0.10976769702830907,0.0,0.23838105121819317,0.04011598079945477,0.0,0.004845722716914211,0.0,0.0,0.02337699358865507,0.3036322157799548,0.6039113163048531,0.3905377335030963,0.42202639367257916,0.5129530689946423,0.3100480252845319,0.54207342842063,0.3445743253346989,0.6000163510246658,0.3649872771193769,0.5138909022906691,0.13105812108168852,0.34032145911935746,0.324803690734282,0.0,0.33489495406105385,0.3269307346364594,0.4677984427429835,0.43335216909557694,0.3228062513762741,0.3368454258415348,0.3639256957873539,0.24620480398607167,0.0,0.44220843071921656,0.222274178253523,0.7507416468802737,0.2749438918097871,0.2996276833539056,0.2142794761992868,0.04790227861170554
0.08011733375320979,0.06045386207147092,0.46633538735754176,0.39668264904028183,0.38053293131614885,0.4342062062663136,0.5351433307559534,0.5847850395148895,0.4662881322353447,0.501928744729912,0.49857372576951636,0.4269305274388236,0.7089123745084824,0.4443737757244682,0.3407683141065241,0.3298332593999088,0.4668534575678122,0.2858992244427169,0.4788418035120055,0.5965834933416506,0.35407578147736685,0.3504059734488572,0.4292762214676619,0.1744198113547964,0.06535391530823906,0.3605651034793445,0.2792173843714055,0.0,0.21766307348322897,0.7634991235433302,0.658798819162714,0.1019603274967062,0.0,0.39860982103730136,0.288025716231597,0.5024457552284657,0.41235087012752797,0.0,0.12213142886708922,0.0,0.0,0.0,0.18235748102175475,0.03284220613878215,0.0,0.11817345138123458,0.16699192427871112,0.4871872952764477,0.2506708512836838,0.5047121987886036,0.2782397541331882,0.39128366361520234,0.5383018379148218,0.5059123456002735,0.4532435811961044,0.5863426385936348,0.4767972988611677,0.4215865697282325,0.447703571793106,0.1943669955240082,0.0,0.22207598709939982,0.16419961523534132,0.4673969457143895,0.3039207222409472,0.3001122317675703,0.1776983789797647,0.45757583245291955,0.11527611688204832,0.03304938281844948,0.30160146347266165,0.32421047661537206,0.48053268691998563,0.0,0.14605102546540388,0.0
0.3039691855962534,0.30741512754498596,0.0,0.2629832391119438,0.0,0.4040850596693053,0.6958548390872692,0.13460827653556895,0.075605139448834,0.5492557794726722,0.0,0.0,0.39728841933498155,0.17649998466707062,0.10750139318978125,0.609632946167075,0.5101827923412966,0.6415253606626559,0.0,0.3396744592744741,0.5247948464870249,0.14354941668016657,0.09203605548745057,0.11110480047986594,0.4852623517963213,0.10120796025982608,0.5355962468048481,0.21766307348322897,0.0,0.19421376323592932,0.42153144545036714,0.10784330578826368,0.40505073453905094,0.20986039072103135,0.07192565348737773,0.0,0.07143065603783173,0.029252791530897604,0.0,0.1861412532433281,0.0,0.0,0.0,0.0,0.1760452359250064,0.2401083310788882,0.37145545653085715,0.0,0.09069424947256827,0.011967782262325862,0.08819920591721102,0.3630242160750999,0.06452009449324471,0.039336118095683964,0.12330129494037785,0.0077325781869225845,0.0,0.10063313460204995,0.1620016558010491,0.0,0.36925229170773194,0.044188036946045006,0.48932671569601544,0.0,0.0,0.33311304549326887,0.10380157718696136,0.07398088029980848,0.08076112845400164,0.33572564481050704,0.0724475475373983,0.23710535966114754,0.0,0.5265537522416381,0.00661767336058193,0.0
