0.0,0.26713930779388945,0.20496512114020152,0.0,0.0,0.0,0.0,0.13365223034498608,0.1221785804465451,-0.0015099493132679064,0.021704702248341624,0.04379558905478341,0.0,0.0,0.19354021281986614,0.3432531301500313,0.13072773496675638,0.43483333485189746,0.14840024007249195,0.0,0.42799446580343364,0.267866113117834,0.20057233743646732,0.4626700794572521,0.5078014213443943,0.4953806114197767,0.0733538636384551,0.2548770539494478,0.17221385859335273,0.2907565507101811,0.44918896338987196,0.18772120660496505,0.11646001277455222,0.12031659784677515,0.0,0.41834702956701997,0.07840785043957528,0.1245308653135566,0.30351030253610184,0.3289165779403163,0.0,0.016311313250605166,0.005127203255148374,0.0,0.2006386436527945,0.5921694607153164,0.4808802785956739,0.041449426432139454,0.0,0.1412933345235705,0.29516753641551186,0.0,0.08729595714157527,0.2543479521432886,0.1324178253061481,0.19854577967090475,0.04682786651907616,0.0019039408317055935,0.0,0.04346794040724954,0.5007265107221038,0.2626894155853897,0.5160122476074239,0.17873116657508922,0.4013120667783537,0.20211572410977333,0.45433664151440545,0.05371555387641981,0.39454978181983075,0.5131159738051754,0.5270474127499312,0.23736298337764788,0.0,0.39095510743662487,0.07858730654038594,0.036871750430728066
0.26713930779388945,0.0,0.19161627804367243,0.2109331723378882,0.030066916735710388,0.09680106229351478,0.24632694026233212,0.05001090471400037,0.0,0.3910555893429268,0.08895573085026054,0.3710739998083992,0.3785529054257308,0.0,0.12845111979126178,0.3917435375683194,0.4560070522480462,0.4010329860242216,0.16738509446692995,0.2489074145508893,0.16620894415956433,0.5044120060742275,0.22618875607537867,0.4885763751158322,0.44379076386406335,0.554981743959713,0.1512770845450486,0.4348491785037437,0.08357022769737685,0.16555789997942708,0.21108439810394664,0.2625415748043568,0.022811208300369073,-0.0036765820420791686,0.0,0.22464009911816304,0.05812495118824157,0.28486167886142694,0.18845492317704118,0.1597392467694606,0.2022710804481913,0.13046359016091638,0.39135612926704133,0.2657343233480214,0.3210497112939402,0.35051654157350765,0.34315129015080664,0.0,0.12901568088698095,0.14286686886465255,-0.02280469442265715,0.11205866624135168,0.0,0.02318795718525545,0.4587595275835024,0.0,0.36406414946358107,0.2834179477891702,0.12376506031795276,0.19341492263881324,0.15701299077948047,0.5267700304002934,0.32695983307160414,0.20590972676421776,0.23492762108854573,0.22773045106889714,0.2474481289580922,0.14428082238334092,0.4240174118185787,0.4255815494503321,0.4844936227693642,0.05684458436901572,0.34358581579680797,0.06366631986501364,0.2676141541723763,0.23050913599833425
0.20496512114020152,0.19161627804367243,0.0,0.0,0.14316952859217297,0.2344735028954148,0.18481160082566378,0.1760389735362583,0.3173715561656242,0.20901381373652947,0.4064354127365957,0.30293826118281914,0.18262005430820816,0.17339039071719042,0.022698785653524452,0.24279875703432416,0.2617839234846688,0.3184666521444457,0.4047753757147809,0.1078634760375956,0.0,0.11832449836239049,0.2574904331431029,0.28794713108675196,0.24400692610183736,0.2730812511501521,0.3069408216731992,0.21323051702444054,0.07421529313138053,0.1578149166259438,0.179000165066584,0.08278429241529682,0.03470792604562469,0.14029194157554217,0.0,0.20752425973640287,0.041385186949513666,0.11670343046793298,0.10889183879014915,0.03892330518209867,0.14040089272412606,0.0,0.058156167084779296,0.0,0.09298253031245286,0.2752217498848399,0.2018466198513077,0.22967676161346595,0.11803073663937215,0.3043759031267245,0.23370667176754464,0.1482830764004497,0.16712619569813764,0.30260285094381933,0.20874499449023404,0.3073827654092041,0.27705981588587414,0.23181639512156565,0.1909913186726456,0.07733550307623017,0.17143957276327346,0.22116358964214786,0.18998675863378653,0.4378072420052089,0.1735807312116382,0.0631882630607565,0.18870756810497244,0.14985443990543368,0.2919427361166474,0.19484210770421828,0.23836389643470016,0.22047864705161074,0.11998698768660626,0.051785849313766896,0.14442491033435853,0.11000633335637734
0.0,0.2109331723378882,0.0,0.0,0.3632246636133773,0.2488123431606249,0.4370349832937574,0.011934603525343222,0.03517499865444869,0.17340337380134954,0.14973269653062546,0.060739672014227857,0.4121068874239196,0.3145481599286746,0.17417676498618448,0.08632701518801134,0.10972399497557847,0.0,0.07112360528210665,0.372439816577229,0.0,0.25199485280857226,0.12679416583677838,0.005296686664995682,0.0,0.017440912316295444,0.18268075640752585,0.320452527476942,0.1832569199432881,0.05597098855675617,0.032255055550967415,0.22627171383961603,0.08997700193804707,0.025271744448786024,0.10803300956251738,0.0,0.061305378942590374,0.12417377702939297,0.14887054294924473,0.024651263702196537,0.30209172265568934,0.0853681672321009,0.3559805141568851,0.3301321778306436,0.06769564854017611,0.0,0.0,0.0,0.2136339071091569,0.1234130351069701,0.0,0.2571783223069599,0.02405237168864626,0.0,0.08839451490105947,0.0,0.04257347062044557,0.26156648600978294,0.3255839612374491,0.28992165871357845,0.0,0.08574029539434723,0.0,0.07875031910113887,0.037703169786545504,0.19986958415667225,0.0,0.2199267789826126,0.064323689711848,0.0,0.0,0.02090840265494684,0.31510390766597235,0.0,0.28912579955057205,0.26725033532618137
0.0,0.030066916735710388,0.14316952859217297,0.3632246636133773,0.0,0.4236111677596771,0.5737571949249908,0.05316618246651551,0.32490669024691265,0.165941976260557,0.4789042293468772,0.10812208785964036,0.4421415694756907,0.4600106932622354,0.18965088850362227,0.07019822570466874,0.07117007291404219,0.0,0.22711784449621977,0.4612165596871903,0.0,0.15923409166840238,0.1932492659156088,0.0,0.0,0.0,0.3846748669286739,0.15387618943871373,0.3005166198851507,0.10946771592053539,0.0,0.14352962101123531,0.09576545035454469,0.10903831012543051,0.205144904970126,0.0,0.0,0.03278676087523905,0.013024531601739293,0.0,0.31726988879275947,-0.0060254499678570024,0.10324599350431728,0.01519058440449369,0.0,0.0,0.0,0.15419962936782475,0.10991918765944811,0.14974072101381386,0.0,0.4152628026883591,0.09804499109736432,0.09752642783057923,0.0,0.16062586504236967,0.0365277961818894,0.2857199980152269,0.43570023424403054,0.3444998076054465,0.0,0.0,0.0,0.21860048512344152,0.0,0.1530772442233556,0.0,0.25399785532907476,0.0,0.0,0.0,0.12142256847400122,0.19557120246104695,0.0,0.2623612237058435,0.31829287439921555
0.0,0.09680106229351478,0.2344735028954148,0.2488123431606249,0.4236111677596771,0.0,0.36289051719604765,0.29922446449877116,0.4294648737737212,0.0,0.44863228301312985,0.003380781559558661,0.42021996023596575,0.41224640675004764,0.23959787319704548,0.04676607747008313,0.0,0.0,0.37663177136407433,0.41828524459078614,0.023013878320425313,0.13923276050623157,0.4852278948186007,0.0,0.0,0.02245904576986753,0.5114881354007276,0.18702070153579944,0.3828553786331801,0.16921221263613875,0.04002030145351906,0.15336603029499477,0.10685357656243683,0.15038313817459134,0.19444785639375714,0.0,0.0,0.0,0.12024995589670881,0.05134251976784816,0.17536169736891266,0.0,0.043598353314579376,0.0,0.0,0.0,0.0,0.4238795268573373,0.12777354642127758,0.3594530570583772,0.2871598938845256,0.4135400665953509,0.3927978866182942,0.34597790612738716,0.0,0.39133843016463343,0.0,0.38240573930134086,0.3975845047163041,0.30533706241216224,0.0,0.0,0.0,0.29208522882530474,0.19789855589245028,0.20983683051172847,0.05606248169644548,0.46452720853446516,0.03738611026660713,0.0,0.0,0.32031850537690437,0.20097312197198067,0.09880926155898,0.19065969971160907,0.16907516751106547
0.0,0.24632694026233212,0.18481160082566378,0.4370349832937574,0.5737571949249908,0.36289051719604765,0.0,0.0,0.19678506519223649,0.38508549678649245,0.3971245788905546,0.28247066704901247,0.5408223422913329,0.42731205467118344,0.10289361647252679,0.21600089420834387,0.3103178335738185,0.04080251576507068,0.2281899664243206,0.39881098477995475,0.0,0.263605657263859,0.16885685840762604,0.07778313850802057,0.0,0.048718093599319785,0.2987510729522329,0.3065897133420186,0.1844586316457453,0.10985155565231472,0.005900416879853253,0.24473691401736705,0.026546894974502386,0.037931835099490156,0.13948576929715625,0.0,0.0448978401413263,0.14959540934369223,0.0405630789562662,0.0,0.40324718600397463,0.07566769304695044,0.3183142735938795,0.19907366659163203,0.04129150965855373,0.0,0.0,0.03366216082890814,0.20039668290113158,0.16557898874869742,0.0,0.41416576004656813,0.01868974572737241,0.03388068353318644,0.2333791433901134,0.02278458289813265,0.21718723700432777,0.3919889113898798,0.40773520189335466,0.32146795769662395,0.0,0.17988308944599324,0.0,0.23988348567528908,0.0,0.13957189320822366,0.0,0.22510579997972938,0.11553600368849978,0.0,0.0,0.04152136240336367,0.3554620003390449,0.0,0.28816591381827383,0.3840909629894431
0.13365223034498608,0.05001090471400037,0.1760389735362583,0.011934603525343222,0.05316618246651551,0.29922446449877116,0.0,0.0,0.15121932730628562,0.0,0.1702205228121376,0.09839836313205097,0.07312222276573001,0.09979115290839062,0.14833162609731415,0.0,0.0,0.029217884563823772,0.26479882293571394,0.057735894496105784,0.2122055421712953,0.048694541785407386,0.44611541551778544,0.12066215388801593,0.0255584896043215,0.10733134490092355,0.1423897932362796,0.0,0.1055904341722775,0.10438231903053503,0.054513889270476894,0.045169646547429644,0.10894758550812385,0.1558965804290246,0.012620547739351933,0.13090988560560446,0.0,0.0,0.10300410933109502,0.10844632425648079,0.0,0.0,0.0,0.0,0.0,0.10708008252310826,0.18097495583780457,0.15588321352747062,0.0,0.0628513647675004,0.2773818139144941,0.028986822386042853,0.4659969967314323,0.14719423460044231,0.0,0.22737462041948542,0.11204747453112875,0.04071181423692776,0.015533190543268023,0.07228055782781877,0.019165799721476792,0.0,0.01162818171267571,0.15825561610686653,0.13818565884026046,0.12640216264594814,0.08051653756692627,0.2926910721261507,0.12443258454515922,0.03318643353835557,0.12420346702185728,0.06850171292382945,0.0,0.07330056755873465,0.0,0.0
0.1221785804465451,0.0,0.3173715561656242,0.03517499865444869,0.32490669024691265,0.4294648737737212,0.19678506519223649,0.15121932730628562,0.0,0.0,0.47018838018898734,0.0,0.19763432530303426,0.3043965066195915,0.24405654723722836,0.13126466017274602,0.0,0.017028952253336466,0.34779507331709064,0.23672261263009647,0.09036738812432091,0.05284978766237369,0.3076110824473754,0.04231974362605089,0.0,0.032127843353883065,0.4484796637492431,0.1910660954884325,0.3841593699209835,0.2758176131646963,0.1844414048265887,0.1294588115876367,0.11503550153958453,0.1898052324840792,0.12640563573153032,0.0,0.06971018305202652,0.0,0.15237429923149526,0.12357907283312584,0.05678610490422497,0.0,0.0,0.0,0.0,0.10764912260343755,0.061253169618420526,0.4299395968622055,0.047012687846239055,0.4610992875612824,0.38231488777352235,0.3147358806828046,0.29206235350982834,0.585836428177891,0.0,0.5513361740495778,0.0,0.22198937177681616,0.2603833758432489,0.24927527762121734,0.18900588343204044,0.0,0.014166232262255163,0.32169064532447156,0.2863992551555823,0.174300183723576,0.19738365040920233,0.2681417779116392,0.08752361325895998,0.0,0.024878972163381682,0.43709472748763073,-0.011939070711423642,0.2561831167447488,0.1316386055237741,0.14883771038288102
-0.0015099493132679064,0.3910555893429268,0.20901381373652947,0.17340337380134954,0.165941976260557,0.0,0.38508549678649245,0.0,0.0,0.0,0.12735518948393532,0.5688153893879717,0.2950978724240031,0.049069069647720176,0.0,0.3094782960635514,0.6254681661291187,0.3678804820757044,0.08151883130890865,0.08524770424553674,0.0,0.2714195631047743,0.0,0.3506078308323609,0.3502024678992977,0.3065074951496219,0.0,0.20359028244049704,0.0,0.027146216654215422,0.0014980819292728263,0.19204141066881525,0.0,0.0,0.0,0.0,0.0,0.2668975289537955,0.0044225446195732465,0.0,0.32650114384197165,0.1343938497021077,0.3212817419597641,0.17491195977942328,0.17204883414396305,0.20165557239777374,0.02624632723861208,0.0,0.05032703349455182,0.0,0.0,0.041971641120225264,0.0,0.0,0.6288042653648417,0.0,0.5721144673625161,0.14321600311251598,0.07317666853949524,0.08262658629198263,0.0,0.5170954937733621,0.12383546096357384,0.15628572158578138,0.0,-0.011875015648576497,0.033044686763683884,0.0,0.32315532038414346,0.2575785415018011,0.2498586103113137,0.0,0.18169758168484734,0.0,0.19928857936894595,0.32770356479454354
0.021704702248341624,0.08895573085026054,0.4064354127365957,0.14973269653062546,0.4789042293468772,0.44863228301312985,0.3971245788905546,0.1702205228121376,0.47018838018898734,0.12735518948393532,0.0,0.15155870609571132,0.3402504209457376,0.3632874791959366,0.238149439720738,0.18325846194386097,0.11039235405533468,0.05180922052065295,0.4094186439170153,0.3578100803157227,0.0,0.16989359475774155,0.3637607602040507,0.1337203541927467,0.037015114898276524,0.10796419151497375,0.447223981908186,0.21467018282675612,0.3050008361910262,0.22701368200121508,0.08888563824501222,0.18334459376289236,0.10175937956655923,0.14333224302866568,0.09701095211742279,0.0,0.0,0.10441543814914493,0.10865434751805979,0.0038649786977788033,0.2519428184203141,0.0,0.05849828831343287,0.0,0.0,0.12369143634476025,0.00037827651520718213,0.251770964951199,0.03155430260713003,0.29819709298937314,0.20261307569612014,0.30668190567487813,0.24000551147172972,0.2934800529447872,0.005654951646105619,0.39687850755941917,0.0757924647845127,0.30032406619930074,0.3375438722094994,0.3665434095533457,0.05916878505676232,0.0,0.0,0.4131242070126796,0.1859877057689466,0.1849572757564126,0.15895316155836928,0.32876623763843044,0.1973225950689291,0.0,0.05779337324826983,0.28776239764375505,0.14104053830745622,0.08180432746626967,0.25647496170716155,0.30688327234290635
0.04379558905478341,0.3710739998083992,0.30293826118281914,0.060739672014227857,0.10812208785964036,0.003380781559558661,0.28247066704901247,0.09839836313205097,0.0,0.5688153893879717,0.15155870609571132,0.0,0.26739260426934486,-0.0006425618713650642,0.0,0.20016552462047893,0.5194267790565864,0.37528610895141523,0.1429485282267443,0.00842353869340185,0.0,0.18123372909625854,0.09808477887707812,0.35676985584376814,0.3125153341925351,0.3207000997149784,-0.0016922012918717518,0.10538206236475692,0.0,0.0,-0.00786738403479094,0.01862313592354732,0.0,0.0,0.0,0.01915683087392246,0.0,0.182001013630815,0.0,0.0,0.23425751402566872,0.14358028242943333,0.22288536700338318,0.053710649152545746,0.20159353541919792,0.18701825091659613,0.08249931061998067,0.0,0.05810773039052659,0.0,0.0,0.07475684716857477,0.0,0.0,0.5613526966936166,0.0,0.6279325255028397,0.16425620500086427,0.04769922356926448,0.0,0.0,0.4781753751022554,0.17421498318599726,0.2031938662516061,0.0,0.0,0.0,0.0,0.3119460396338775,0.26454125024615116,0.26773215661748934,0.0,0.15238754105825028,0.0,0.053279729277481876,0.14856550682909928
0.0,0.3785529054257308,0.18262005430820816,0.4121068874239196,0.4421415694756907,0.42021996023596575,0.5408223422913329,0.07312222276573001,0.19763432530303426,0.2950978724240031,0.3402504209457376,0.26739260426934486,0.0,0.3391645035199178,0.27221978806983305,0.2711963750993867,0.26337554427983223,0.0995832928445172,0.254736993617553,0.5092698137485903,0.03344695703089863,0.4256949361903684,0.2866587157567687,0.16347683670852795,0.03981364548318816,0.1763301598490301,0.36238735396271765,0.4505482984398971,0.3141400738813687,0.1961951929547546,0.12825975938120307,0.2753184365197735,0.11807766014344945,0.06807103467708635,0.07687636261292254,0.0,0.009086643306510817,0.16975175021324346,0.17626258831367364,0.06380797314674978,0.3640975578559582,0.14630406629706255,0.34719310507676604,0.22159390822507227,0.11395827530367014,0.09923176110323824,0.0,0.1072953027858646,0.18599249488351194,0.23365159126456983,0.0,0.3821991916645837,0.10573466546222,0.1152402267734867,0.23750100380472017,0.09500740783448794,0.20946954220393052,0.4672429418233811,0.4039265044329829,0.39591648301591814,0.0,0.26474433199725467,0.0,0.2248056372327116,0.16076169939853158,0.3087089783060117,0.1301164306965789,0.27893611828597054,0.17009093184465607,0.0,0.12201618406108919,0.14384690605704356,0.4126841908849891,0.021914361972101244,0.3466361603123212,0.3475488319426477
0.0,0.0,0.17339039071719042,0.3145481599286746,0.4600106932622354,0.41224640675004764,0.42731205467118344,0.09979115290839062,0.3043965066195915,0.049069069647720176,0.3632874791959366,-0.0006425618713650642,0.3391645035199178,0.0,0.13840824848716946,0.032574909152782744,0.0,0.0,0.24436055983926405,0.36145393493766226,0.0,0.06772531276136844,0.22869520142543817,0.0,0.0,0.0,0.27725221564639735,0.166605371018488,0.2283615800546994,0.07842525678494826,0.0,0.16748663877878797,0.01161092779488412,0.11190874098699993,0.22303056780508063,0.0,0.04738855726909822,0.02409262379081591,0.07067234934984043,0.0,0.27805899148345337,0.035237715274297865,0.15116976690652822,0.03568913360616061,0.0,0.0,0.0,0.22237811594537346,0.15171662774175254,0.2302325086578633,0.07151518672088354,0.3046647723755593,0.19669969312512842,0.16928343489376899,0.0,0.20988555013573362,0.0,0.2576803116646154,0.4675539403191296,0.2564597485451624,0.0,0.0,0.0,0.2440524870550464,0.041423079570656135,0.13401791452965323,0.0,0.292881632329448,0.0,0.0,0.0,0.16690363004857045,0.17720657673695542,0.0,0.2280662489960506,0.26837662090595144
0.19354021281986614,0.12845111979126178,0.022698785653524452,0.17417676498618448,0.18965088850362227,0.23959787319704548,0.10289361647252679,0.14833162609731415,0.24405654723722836,0.0,0.238149439720738,0.0,0.27221978806983305,0.13840824848716946,0.0,0.2077383199566243,0.0,0.0,0.18159233319823584,0.4428895989929973,0.3832558749418525,0.4364149175604622,0.2970691894112236,0.09115541718796556,0.06926289461648227,0.14416405825916997,0.35167816858161466,0.304449756660999,0.517537287932937,0.2636742533639881,0.2955128662303776,0.32406526803443697,0.20803198414704893,0.11767833266105406,0.05109920457812636,0.0,0.026947673102917156,0.050410360452997835,0.3113594432713759,0.18282775789447847,0.08294406036286986,0.042431358642608136,0.0,0.0,0.0,0.2522294858152681,0.1906799923180387,0.11521036850600662,0.0,0.1370353246646502,0.19316671170481498,0.06286085568949279,0.14092327234623733,0.2303287910133853,0.0,0.18110368898700255,0.0,0.13029611223611484,0.10939519079646726,0.5723700032526507,0.277181688025298,0.0,0.06955082687889828,0.1080388650621658,0.44478597476510673,0.5156305766947108,0.4599227483808928,0.2676009431771599,0.09155244947783556,0.05557994006574694,0.18378816181467247,0.295830668457426,0.06503256835446097,0.4370608936660379,0.2815941556727254,0.22581918308808313
0.3432531301500313,0.3917435375683194,0.24279875703432416,0.08632701518801134,0.07019822570466874,0.04676607747008313,0.21600089420834387,0.0,0.13126466017274602,0.3094782960635514,0.18325846194386097,0.20016552462047893,0.2711963750993867,0.032574909152782744,0.2077383199566243,0.0,0.36289291805426155,0.4823003506971747,0.19113535554645644,0.20858780528762513,0.20012082029666067,0.45922399495992966,0.13356149861907426,0.39011151468968286,0.4484977746089224,0.40814329518780895,0.21957023848000518,0.4383019471173004,0.27763365475925583,0.32893773815460986,0.44189932816851996,0.3254939138777554,0.16939058500074258,0.1100584702493775,0.0,0.15618124547374762,0.11062780856439731,0.21851675083465583,0.3260726082796321,0.21712721557408893,0.14012989060090392,0.10408652530810886,0.2202493617911221,0.10666951147700672,0.15324246771842157,0.44887306776633557,0.2672903058969062,0.0,0.0,0.17693252932437945,0.06741011423771431,0.08899223422844148,0.0,0.1586970116099863,0.31112222006416806,0.0755678793435293,0.18220226175674842,0.15656222086333824,0.02778287199637033,0.22265350919534616,0.37236536832235545,0.3805197078306336,0.35062036871645635,0.2231232505928634,0.25929232831093557,0.2229448181484093,0.40468931954089965,0.06522725539304135,0.34759491871912374,0.37175040646854446,0.39218560187052026,0.17949827216498046,0.16614557247294479,0.21166788677347062,0.23372272499178698,0.3228461109404824
0.13072773496675638,0.4560070522480462,0.2617839234846688,0.10972399497557847,0.07117007291404219,0.0,0.3103178335738185,0.0,0.0,0.6254681661291187,0.11039235405533468,0.5194267790565864,0.26337554427983223,0.0,0.0,0.36289291805426155,0.0,0.49178071371960097,0.09487896963623318,0.0519476652237074,0.0,0.29716033990291585,0.0,0.44837316287497847,0.46836909540016775,0.4190015858594766,0.0,0.28133520710032645,0.0,0.09552310355424522,0.09584091395139577,0.20065069086048595,0.0,0.0,0.0,0.09399696502071371,0.04161353894455953,0.2909878838353941,0.04017695559861272,0.0,0.2655510800102923,0.09928922747525562,0.3612932018857368,0.2295231894172553,0.22406826925459666,0.28954394939737615,0.14348744359928095,0.0,0.05109590824001919,0.0,0.0,0.0,0.0,0.0,0.6178463111168297,0.0,0.533139307887022,0.1438235444931456,0.026825237096426556,0.05928785380519129,0.08830018227534894,0.5634565087771422,0.2622268819674339,0.19406987295660647,0.0,0.01113467351116059,0.10719971132174015,0.0,0.4207492808517956,0.38208998570725416,0.36359776320557885,0.0,0.21483193036767903,0.0,0.18242286339299632,0.3023003963981356
0.43483333485189746,0.4010329860242216,0.3184666521444457,0.0,0.0,0.0,0.04080251576507068,0.029217884563823772,0.017028952253336466,0.3678804820757044,0.05180922052065295,0.37528610895141523,0.0995832928445172,0.0,0.0,0.4823003506971747,0.49178071371960097,0.0,0.1612903292048886,0.0,0.1670636132185338,0.29463609093801774,0.05732355202242009,0.5115407214922236,0.5904454304713082,0.5242897404797721,-0.006442142203825636,0.2895175211881851,0.01005086167094963,0.20879933863326208,0.33684158633255773,0.15494869129416886,0.03472395336089512,0.027561129022147565,0.0,0.30646376107330636,0.07706524944239482,0.21221664510417065,0.15035006454736816,0.15021036257898132,0.0059689709745891955,0.04098810139613844,0.17436821188733137,0.05536697161423096,0.20467435276089802,0.47566688485056197,0.36972597371499333,0.0,0.0,0.07344091553271528,0.06231259673492267,0.0,0.0,0.06659311580321702,0.4354924803295262,0.0319587566949361,0.3855192769949345,0.04225295752226914,0.0,0.0,0.3455732180008318,0.48724854201195283,0.509446618142858,0.23224631939178886,0.1649267358637394,0.06778721046741018,0.2905698517561805,0.0,0.47064898632127905,0.5363754535187527,0.5230179053247248,0.020331923629337546,0.041517156918073214,0.10511007895276753,0.06306960191023485,0.12294644686348094
0.14840024007249195,0.16738509446692995,0.4047753757147809,0.07112360528210665,0.22711784449621977,0.37663177136407433,0.2281899664243206,0.26479882293571394,0.34779507331709064,0.08151883130890865,0.4094186439170153,0.1429485282267443,0.254736993617553,0.24436055983926405,0.18159233319823584,0.19113535554645644,0.09487896963623318,0.1612903292048886,0.0,0.24092143801563476,0.0685057850801423,0.17707049522091212,0.3771637004414718,0.20190859373290995,0.10183283227967276,0.18202130585823123,0.39241708425840827,0.23414318032455897,0.23773008350971148,0.25446412895850723,0.1703939930883477,0.12990661913750245,0.06719324445654747,0.1672923462055655,0.032977126043705986,0.0739860775780378,0.027239715814456684,0.07528398241416748,0.14282783221507642,0.0351049821929659,0.15584905406061694,0.0,0.04626263008485494,0.0,0.017998568511190954,0.18500951679774838,0.16804725551585137,0.335910207097589,0.0,0.3073356552940589,0.291672875342761,0.20879986128035363,0.25771635145744737,0.3188396308891728,0.04607948839947681,0.38966439716556106,0.09862640526365667,0.25441934458429577,0.22278144010679993,0.2142975002730444,0.16529875753482243,0.07359408983953601,0.0968813132504568,0.4703862301672133,0.25752476474358105,0.13560651768241727,0.22424493372497264,0.31051927277810254,0.16106300862469722,0.0837820945213301,0.14544478275678296,0.3094876512463678,0.15378036845055382,0.1379149672303974,0.22238443846800607,0.15976070047935692
0.0,0.2489074145508893,0.1078634760375956,0.372439816577229,0.4612165596871903,0.41828524459078614,0.39881098477995475,0.057735894496105784,0.23672261263009647,0.08524770424553674,0.3578100803157227,0.00842353869340185,0.5092698137485903,0.36145393493766226,0.4428895989929973,0.20858780528762513,0.0519476652237074,0.0,0.24092143801563476,0.0,0.1321678665773797,0.4111210739085462,0.33804483953530745,0.02745711874118024,0.0,0.07846636182947797,0.49696052452673717,0.3792931945370876,0.4608001841546081,0.1863811067240973,0.15069289920887385,0.3200519520050675,0.14085016691998714,0.11012512268584423,0.07838661305886788,0.0,0.0,0.13004801119031487,0.21566757379404636,0.07891491013695977,0.2772482838457586,0.07465714777677723,0.19792220001171415,0.10389832564974111,0.034337694087028,0.09555335515080601,0.01179310972427818,0.19578358691253656,0.14908408680846869,0.262757237177842,0.045359585396825455,0.3341903815021039,0.14775367804868164,0.1543408092288538,0.017359182775734398,0.15622871938591046,0.0,0.35804496767783023,0.4015325599629659,0.528155050960585,0.03071050235125639,0.04803591363246279,0.0,0.2001477876958801,0.28725873776761596,0.4341403268851975,0.2374370731772205,0.38466742240208396,0.06602922387676488,0.0,0.0531466238651807,0.27491781928601483,0.35417854727317155,0.17153861582399862,0.3972888011948265,0.33519196562580056
0.42799446580343364,0.16620894415956433,0.0,0.0,0.0,0.023013878320425313,0.0,0.2122055421712953,0.09036738812432091,0.0,0.0,0.0,0.03344695703089863,0.0,0.3832558749418525,0.20012082029666067,0.0,0.1670636132185338,0.0685057850801423,0.1321678665773797,0.0,0.3295215269387399,0.28776498377168047,0.15821499418756646,0.18846780176171643,0.21985823333089755,0.18981166824430373,0.2116230534067857,0.3350189037798828,0.16993876380427397,0.4269735908001554,0.13570215071042538,0.24131440289117195,0.22754581290744136,0.0,0.28095084652350577,0.0,0.0076564410930527295,0.31210414703364103,0.3869249785021622,0.0,0.05253586061279767,0.0,0.0,0.1392988046833816,0.35552643395623984,0.3841813812463949,0.09505386081462922,0.0,0.11987332374256482,0.2401049918252397,0.0,0.22801370260402662,0.23528564634933494,0.0,0.1479929880509078,0.0,0.05632890962316496,0.0,0.18062874449370078,0.35893387496922285,0.10117549194285427,0.3368501565914318,0.0,0.38659375441594945,0.4495703260679425,0.38433346391193396,0.1959609435183438,0.13188777138173804,0.3148852861818643,0.3318786258335299,0.26462724874546245,0.013701180136220183,0.43418232482795455,0.02740886353709322,0.0
0.267866113117834,0.5044120060742275,0.11832449836239049,0.25199485280857226,0.15923409166840238,0.13923276050623157,0.263605657263859,0.048694541785407386,0.05284978766237369,0.2714195631047743,0.16989359475774155,0.18123372909625854,0.4256949361903684,0.06772531276136844,0.4364149175604622,0.45922399495992966,0.29716033990291585,0.29463609093801774,0.17707049522091212,0.4111210739085462,0.3295215269387399,0.0,0.25045639314358503,0.33127735896287297,0.32889789812561937,0.39984786288790264,0.30020946066885995,0.49181893237386753,0.3754585115291552,0.2503608597637876,0.364980829170913,0.3648827011388397,0.1795853105129512,0.10864446769887837,0.0,0.10515629956314157,0.023120725258215447,0.24413655699523557,0.3129458255984116,0.21507110395285176,0.22081177482069414,0.14608649986649908,0.2805243614571414,0.15218155470114603,0.1883685565031904,0.3885077770496364,0.27127148506615106,0.0,0.07271142197366084,0.1267990909021159,0.005210873089317111,0.14756002706058233,0.0,0.07839309258614421,0.3013181471768169,-0.02369847754495853,0.16099055160958284,0.2444128084253316,0.13270738266913934,0.4368076747722279,0.2481170270350137,0.3686112452122127,0.2458431705280158,0.16040524617038115,0.3465657948378574,0.43826953683310554,0.4236033930614173,0.20540356031434578,0.30670898556281795,0.3179377725912237,0.39567117518891065,0.14835033681893728,0.29772080310121063,0.23410739471042064,0.35784462420153323,0.31015716668355564
0.20057233743646732,0.22618875607537867,0.2574904331431029,0.12679416583677838,0.1932492659156088,0.4852278948186007,0.16885685840762604,0.44611541551778544,0.3076110824473754,0.0,0.3637607602040507,0.09808477887707812,0.2866587157567687,0.22869520142543817,0.2970691894112236,0.13356149861907426,0.0,0.05732355202242009,0.3771637004414718,0.33804483953530745,0.28776498377168047,0.25045639314358503,0.0,0.19847483019423856,0.0909364795809694,0.23330938583702543,0.4206434906536924,0.20120858577219183,0.33119417017899133,0.18219374583684292,0.16484860589250433,0.1883941188732977,0.1322677968239256,0.16677315583389718,0.007543231987428458,0.09898683021812112,0.0,0.06297468138955395,0.22458590935229863,0.17530029248521076,0.10181186184627135,0.0,0.033217199859118786,0.0,0.09540022744644049,0.22755370355299187,0.24780576106336077,0.3335830724790658,0.024135945633236185,0.2816836308033844,0.3596527790472281,0.24130145164890093,0.46150754811618794,0.31251979024431176,0.0,0.3536721278145492,0.0661233361630477,0.292259495367114,0.23714050162084804,0.31722504479940794,0.13624984959917727,0.030379915737264798,0.09242535564773605,0.3265356755689863,0.30176442397262976,0.34060457259829124,0.2271375971076634,0.5474873941480897,0.21593364687574795,0.1008251485476624,0.21848949897331402,0.318877614475923,0.1271260567459967,0.19537145192477,0.1651640616580294,0.09202872691039088
0.4626700794572521,0.4885763751158322,0.28794713108675196,0.005296686664995682,0.0,0.0,0.07778313850802057,0.12066215388801593,0.04231974362605089,0.3506078308323609,0.1337203541927467,0.35676985584376814,0.16347683670852795,0.0,0.09115541718796556,0.39011151468968286,0.44837316287497847,0.5115407214922236,0.20190859373290995,0.02745711874118024,0.15821499418756646,0.33127735896287297,0.19847483019423856,0.0,0.5578311759018355,0.5978243654728765,0.03898853338432709,0.3661351095190159,0.017882252104946757,0.24748738757669791,0.2931348470253141,0.2954341527565622,0.0,0.0,0.0,0.34626398560363103,0.09262041535108095,0.3198333959017428,0.22042787775707617,0.14418156047076217,0.16105791984799026,0.07695776494410474,0.26989357419396504,0.16875985532180257,0.2935377022574953,0.5007463072338296,0.4319954658729308,0.0,0.025356308805784922,0.1263361274671429,0.16021826822182628,0.0,0.005981991214392178,0.09884348865475051,0.4169550292978935,0.08014125860595253,0.3736178698859592,0.15400566813155916,0.0,0.09020441683807628,0.3245919764358755,0.4871244870960204,0.48082176532547016,0.2928183116174622,0.2827905138878053,0.13434563565319055,0.3300736466978178,0.05321727716472796,0.5755288431507308,0.5218775246009314,0.5848846937919262,0.05953959224019248,0.18309412449969778,0.14780939107960683,0.22100306236578704,0.21227734859537536
0.5078014213443943,0.44379076386406335,0.24400692610183736,0.0,0.0,0.0,0.0,0.0255584896043215,0.0,0.3502024678992977,0.037015114898276524,0.3125153341925351,0.03981364548318816,0.0,0.06926289461648227,0.4484977746089224,0.46836909540016775,0.5904454304713082,0.10183283227967276,0.0,0.18846780176171643,0.32889789812561937,0.0909364795809694,0.5578311759018355,0.0,0.5991874841788455,0.0,0.27719288618085575,0.01883591799729839,0.20071150634220686,0.31808826852983574,0.2571174030714214,0.0,0.0,0.0,0.30298054388021506,0.06409897499506041,0.24393093213854566,0.24115947763619655,0.1473582626737823,0.030533833737649972,0.046983410461184254,0.1693667082192045,0.06935934493606881,0.24466655688048836,0.5433043349523565,0.4783019100094024,0.0,0.0,0.02124806999493612,0.09485677954095066,0.0,0.0,0.03962855577928644,0.44458743211346774,0.013444731908307899,0.3459907668941142,-0.004906325551869065,0.0,0.05999046719407172,0.41143714313932,0.4846864553175566,0.5052581043027325,0.21027464113055844,0.24008514948637774,0.09781323379860704,0.39241579519702624,0.0,0.5043049965703006,0.6262594806494453,0.6118925449088876,0.035862001364837685,0.02568288849203152,0.1853274969189322,0.12392132925588831,0.17163054360649269
0.4953806114197767,0.554981743959713,0.2730812511501521,0.017440912316295444,0.0,0.02245904576986753,0.048718093599319785,0.10733134490092355,0.032127843353883065,0.3065074951496219,0.10796419151497375,0.3207000997149784,0.1763301598490301,0.0,0.14416405825916997,0.40814329518780895,0.4190015858594766,0.5242897404797721,0.18202130585823123,0.07846636182947797,0.21985823333089755,0.39984786288790264,0.23330938583702543,0.5978243654728765,0.5991874841788455,0.0,0.06494780457660702,0.37429183875163224,0.06472897370994199,0.23579545680332123,0.28211867082730846,0.2917321829722536,0.0,-0.01459642212568364,0.0,0.34637102744262427,0.08719230975275853,0.2704874955508943,0.2549244890696558,0.16131320539417168,0.10001223102302122,0.05119314941045724,0.23520733993188186,0.15420932919751099,0.26962205582086535,0.5222820359799544,0.49585172472022243,0.0,0.0,0.12292237608473872,0.18616168969322805,0.0,-0.011184388500288384,0.10947828092252182,0.3879068442955424,0.07419983169282585,0.3289781772880755,0.123868690447276,0.0,0.15298900544982438,0.3796648565998022,0.48686082004390885,0.4961869527865948,0.2567247469891778,0.3478725210545384,0.1763563608494786,0.4055932802173352,0.07323783212886632,0.5331197156921406,0.5500270510229365,0.6455177993676686,0.1112876610156662,0.16108182640254784,0.19527356841343624,0.2024881342081927,0.2029781667846622
0.0733538636384551,0.1512770845450486,0.3069408216731992,0.18268075640752585,0.3846748669286739,0.5114881354007276,0.2987510729522329,0.1423897932362796,0.4484796637492431,0.0,0.447223981908186,-0.0016922012918717518,0.36238735396271765,0.27725221564639735,0.35167816858161466,0.21957023848000518,0.0,-0.006442142203825636,0.39241708425840827,0.49696052452673717,0.18981166824430373,0.30020946066885995,0.4206434906536924,0.03898853338432709,0.0,0.06494780457660702,0.0,0.26492373107829975,0.4886063608432129,0.22588886079021994,0.23180275959250293,0.17448050134883783,0.18730973365209108,0.2167180556081246,0.15711185228002242,0.0,0.0,0.03116634764683943,0.16843553285557564,0.15620773803806923,0.11468751490142316,0.0,-0.012374902074375405,0.0,0.04405274072285839,0.15258341956325888,0.08210093111238746,0.4350044627215921,0.12373847374289414,0.4014007344817862,0.2468460949049847,0.4285038084423008,0.2659528687841883,0.4260646384461495,0.0,0.4225302450909369,0.0,0.3473483574330435,0.33503724094439175,0.38407466446210753,0.1379396759363701,0.0,0.021636470965751164,0.3443976286387367,0.30494760059359177,0.3323318605371018,0.230431187744249,0.42786428423199835,0.03645273985779228,0.0,0.05117895436124393,0.4909188107596441,0.2296679888844895,0.23574111849732188,0.23986121224063123,0.1769577533338901
0.2548770539494478,0.4348491785037437,0.21323051702444054,0.320452527476942,0.15387618943871373,0.18702070153579944,0.3065897133420186,0.0,0.1910660954884325,0.20359028244049704,0.21467018282675612,0.10538206236475692,0.4505482984398971,0.166605371018488,0.304449756660999,0.4383019471173004,0.28133520710032645,0.2895175211881851,0.23414318032455897,0.3792931945370876,0.2116230534067857,0.49181893237386753,0.20120858577219183,0.3661351095190159,0.27719288618085575,0.37429183875163224,0.26492373107829975,0.0,0.2744826758485285,0.3533570424881766,0.38654905789711697,0.40850750108739886,0.1026911563595355,0.09206835846162886,0.0,0.21993387338394924,0.2662748684500538,0.27105705131871877,0.3626957726669504,0.173908210944956,0.27943012891919095,0.11464910190843297,0.42044210489403766,0.2896501897343338,0.18947883936403323,0.3402062846793648,0.2511276860630809,0.07780006752385313,0.17594323437784712,0.37015310750662456,0.14936840900695128,0.19959948828847693,0.051680570840635986,0.2480186476748171,0.23226073263444855,0.1561248714265717,0.09806702332740523,0.3756892029779094,0.2580675795090311,0.3486878662594489,0.2920019585314262,0.3593749667280675,0.2764976220192346,0.27411701374319286,0.3933133942685471,0.33338514897164157,0.39496518511943124,0.19146737244302164,0.3716658309391785,0.2608345007172192,0.3695706990604685,0.23688978540641564,0.44421329316047137,0.2516118816212086,0.41176957841554884,0.4032708137657534
0.17221385859335273,0.08357022769737685,0.07421529313138053,0.1832569199432881,0.3005166198851507,0.3828553786331801,0.1844586316457453,0.1055904341722775,0.3841593699209835,0.0,0.3050008361910262,0.0,0.3141400738813687,0.2283615800546994,0.517537287932937,0.27763365475925583,0.0,0.01005086167094963,0.23773008350971148,0.4608001841546081,0.3350189037798828,0.3754585115291552,0.33119417017899133,0.017882252104946757,0.01883591799729839,0.06472897370994199,0.4886063608432129,0.2744826758485285,0.0,0.31768578043255474,0.3291428077861683,0.2730421714813973,0.24088526417364975,0.19685080007476313,0.15267317988429113,0.0,0.0,0.0019573703986003874,0.2702030373663549,0.21460147524327655,0.042402886624306954,0.0013834316594950877,0.0,0.0,0.0,0.22543795345359657,0.09534503146231274,0.24722619861937095,0.0,0.22080430532406076,0.22630394203592583,0.24300994335853465,0.17373571271384283,0.3298164348323137,0.0,0.2951787135775626,0.0,0.17725603385670946,0.16392378141307634,0.46543837165860946,0.2608219305809649,0.0,0.041477848068492855,0.15971218611946383,0.35978226447447337,0.46512707238413087,0.3597134624510931,0.3120521367877421,0.028494450911564065,-0.015518449083678694,0.10454933851548019,0.4055890570368246,0.06531617227510764,0.40972238210418105,0.23281411918255498,0.23068237166513722
0.2907565507101811,0.16555789997942708,0.1578149166259438,0.05597098855675617,0.10946771592053539,0.16921221263613875,0.10985155565231472,0.10438231903053503,0.2758176131646963,0.027146216654215422,0.22701368200121508,0.0,0.1961951929547546,0.07842525678494826,0.2636742533639881,0.32893773815460986,0.09552310355424522,0.20879933863326208,0.25446412895850723,0.1863811067240973,0.16993876380427397,0.2503608597637876,0.18219374583684292,0.24748738757669791,0.20071150634220686,0.23579545680332123,0.22588886079021994,0.3533570424881766,0.31768578043255474,0.0,0.31819946299424884,0.21154114575100394,0.12010399111693118,0.13281601020550193,0.0,0.12094478677814183,0.10095564924057666,0.11913010960597813,0.23294616127536455,0.1595414100122866,0.08012617000976062,0.0,0.07181474195236742,0.016797325790791812,0.06938337452399922,0.3235654763340621,0.1697372673142461,0.08183964825804022,0.0,0.19588611147951282,0.162495897317155,0.057876486762830505,0.07627320582493129,0.2529848529385578,0.01191848230544116,0.217534478898584,0.0,0.060784383079715676,0.06236785981600889,0.201674904009903,0.2824892477369493,0.07683658484831415,0.18267344414634423,0.21759532381363145,0.2907404608789324,0.1952163850108687,0.3211296826840808,0.07673382421456436,0.21957365260050782,0.17712375590945906,0.22767336234850646,0.18468169205690285,0.07910102023328297,0.24510849328508122,0.2336242447905625,0.20868496912729917
0.44918896338987196,0.21108439810394664,0.179000165066584,0.032255055550967415,0.0,0.04002030145351906,0.005900416879853253,0.054513889270476894,0.1844414048265887,0.0014980819292728263,0.08888563824501222,-0.00786738403479094,0.12825975938120307,0.0,0.2955128662303776,0.44189932816851996,0.09584091395139577,0.33684158633255773,0.1703939930883477,0.15069289920887385,0.4269735908001554,0.364980829170913,0.16484860589250433,0.2931348470253141,0.31808826852983574,0.28211867082730846,0.23180275959250293,0.38654905789711697,0.3291428077861683,0.31819946299424884,0.0,0.3107182797287382,0.26388022139565587,0.2748368285225616,0.0,0.29655847014895914,0.15941628075438044,0.15247090394475118,0.40680062839114756,0.36687624980975214,0.0,0.13271213391673756,0.0865948093676209,0.044763511867100064,0.15097903446891128,0.46869129657195807,0.3003357327079708,0.09428935163746116,0.0,0.22654073844105904,0.18679334036339296,0.04014787981488769,0.04935433712333203,0.28529308714276036,0.08008068347498479,0.178731602123772,0.0,0.09358851763241181,0.0,0.18601967373817677,0.43728985591700964,0.21024539754851065,0.37489139522970827,0.17003473985123493,0.3675555154445754,0.34988757463487763,0.44230093225646505,0.08853662552442172,0.2607874361502752,0.3500217752470527,0.3476923375436858,0.27434146693171046,0.10118450849704623,0.35814698212100227,0.14913327107017124,0.15282155568511907
