0.0,0.062333476043496476,0.2649291885745597,0.1525242894160621,0.21893210647986858,0.11634340005153558,0.19333236166397777,0.0,0.20213472777126007,0.19520246913910422,0.1913369043560752,0.0,0.1285874311981106,0.06577205278860276,0.2568595416441746,0.3226341899114045,0.07090577047494417,0.281813322928898,0.014342536246854446,0.24470445126539217,0.19088863984341323,0.24206353051017573,0.03132762112120706,0.0,0.19861858197947777,0.12910046603741537,0.26461775594126846,0.23160069760792512,0.313392787312932,0.09934543584075471,0.35520905778441136,0.0,0.1520705991344732,0.08241372710412909,0.0,0.08992262046112812,0.08096810057961866,0.03192655692851051,0.0,0.09810313330407806,0.14393276014778852,0.0,0.0,0.04738712481804233,0.08782422122720399,0.3454172899219785,0.004535469766443588,0.1807661355262214,0.14428647913782006,0.15558351232981468,0.10069584466720946,0.2540814126699221,0.0,0.2402828495999716,0.10652203707673301,0.14251381695268758,0.0,0.09435414430812679,0.0,0.18009105504158152,0.32062634687994046,0.0,0.3017622604784711,0.15503529328782656,0.210680076142628,0.15462676936215874,0.25843427523756246,0.0,0.015066133601889936,0.1931931853754932,0.11068759744913959,0.2899219404423444,0.27426163920346314,0.2888974455885204,0.0871312462578367,0.34272014987008503
0.062333476043496476,0.0,0.26956603951495944,0.37224922623046414,0.3781548968770953,0.5703439142453937,0.4756423152539784,0.37288980315608045,0.3301105181217456,0.5103076233818052,0.17290503926844245,0.4132702360499326,0.5269197836117183,0.128169405180545,0.1998740823905703,0.1696055763568689,0.5168754530482681,0.37407993220248625,0.33392156726158,0.2983771220979341,0.2957377019974713,0.3826384918949782,0.420647860349488,0.19850547767516744,0.38744188682414993,0.5906036806304038,0.4267121791879252,0.3754739935907787,0.4184726302088323,0.1449609894358321,0.20343888588773834,0.0699669712963325,0.13698490710994918,0.0,0.0,0.28976449862020703,0.20558170070646403,0.18877987175878133,0.06971386589711585,0.10556507148551283,0.1253578875765272,0.0,0.14361741414389217,0.08608340062832652,0.09121082408201367,0.05365270533260604,0.4458430553406578,0.24536430572610007,0.015937378714327502,0.15646579355879192,0.49259779339236043,0.3329178261174793,0.26566119484895306,0.2885044927321333,0.4729614212645935,0.09308953470297741,0.4370176436923988,0.41234207534052936,0.014369004929006944,0.02513429902046158,0.04131125170993954,0.41702552963168166,0.1973072314740183,0.34740826510484746,0.17245509226948882,0.26832343697854544,0.283460863694456,0.3283757892249558,0.0437961992470039,0.31490043612565616,0.5043778695211056,0.34592131594609093,0.189131979104096,0.048282038102176836,0.0,0.11500462365867034
0.2649291885745597,0.26956603951495944,0.0,0.40092239982285216,0.4576711420591392,0.40052585573794697,0.4224390088692353,0.1589479265658833,0.46362186391934784,0.3824279646568645,0.4727552031860446,0.1837922234264026,0.35305605097300646,0.24904174102872492,0.3356894536516196,0.25104382773206485,0.3490478694687108,0.31873184758684486,0.37067323618140446,0.4961275784706035,0.19709669555508164,0.46714257132916065,0.28440595610515035,0.030032296143182906,0.16019530862307726,0.2981919809128168,0.5051076659874456,0.45789003905389636,0.3821524861538445,0.11147729103182961,0.3710896363968659,0.0,0.024448014387111743,0.0,0.0,0.31977797810524494,0.2526838647365622,0.024528803453015214,0.0,0.0,0.10421024012853299,0.0,0.16538647920743524,0.12224467219043794,0.163409684486467,0.13349508317144337,0.08723789135772057,0.5125566294746305,0.08876681822438459,0.2837325000585053,0.2742770381617466,0.30810420075865363,0.07663459642035347,0.47671168607511416,0.22587607130396056,0.30991781010567826,0.25483824467679095,0.22433733948891488,0.0,0.19240075332549625,0.11477713038982648,0.17653532475454936,0.26575384055313456,0.4651210719564701,0.3699588526715975,0.14734042335160796,0.3746629084054753,0.09893801794027511,0.0,0.15648256773526367,0.18906106843801043,0.38751381020560544,0.335819899254559,0.07971229973491566,0.0,0.2795796786910672
0.1525242894160621,0.37224922623046414,0.40092239982285216,0.0,0.4999236954773039,0.44702604371568333,0.544913296850079,0.3010810414718013,0.42574553160040046,0.49321063838899803,0.286162403896973,0.31002083311667156,0.4256530758466006,0.2728414176586293,0.20601839042732686,0.18157124788405687,0.3635767117574303,0.2870122202554249,0.35508259532974423,0.3814360966194489,0.2773509684796713,0.4021187146130886,0.38016021855532794,0.1014156798413958,0.19846342323973248,0.35775737054518186,0.47678341904559896,0.49865360163930256,0.39345752233650205,0.18229085799432984,0.3747992887322838,0.0,0.05800078907166127,0.0,0.0,0.3434529664193344,0.2743338526968568,0.1191599458224453,0.0,0.0037208807935141214,0.09974729177753303,0.0,0.2588720377743127,0.16674965006954665,0.16901819645698124,0.07206638392941121,0.1273298278479525,0.40367278662633166,0.03717370052150067,0.263153884711894,0.3010963400921363,0.3670240268691112,0.23088618080333387,0.38093632245065423,0.3505260002890559,0.21771788031047098,0.3670915791983362,0.21905993759626252,0.04709437421345318,0.05797732807944615,0.053908489464258164,0.15973749724470618,0.18769245940065257,0.38687904507034726,0.2142507572719034,0.26786707326658793,0.293288716206538,0.267137418094519,0.0,0.15025448718760642,0.2723678895728764,0.3486747504676799,0.21800072677833798,0.01751845909065953,0.0,0.24361471160876533
0.21893210647986858,0.3781548968770953,0.4576711420591392,0.4999236954773039,0.0,0.45545245922759936,0.6037940736624128,0.24601666290851248,0.5951837083702789,0.4868642431783082,0.4164571640188933,0.25483551557935513,0.49478315062905676,0.24625184709051576,0.2862459781243818,0.29116564402933603,0.37816435221477307,0.31163048667863147,0.3269930476005551,0.5003491338807295,0.31165654953347294,0.5356436443621239,0.3693293817739909,0.08839247375834333,0.23539431578402797,0.3805165755701904,0.5739995573649478,0.5477230643020403,0.4580131164814712,0.25828925714391926,0.41678317229547024,0.0,0.15975163913783097,0.0,0.0,0.29619311168083645,0.2577737132592547,0.09335706922934378,0.0,0.08690778173662175,0.12626924324570285,0.0,0.1986815532351685,0.06720926982096673,0.16739574553766712,0.13525926530833265,0.12195829429429625,0.48968498585349923,0.0016251472950403437,0.39455622237756394,0.30989489939805287,0.44428371963436336,0.203613189027082,0.5545469414034878,0.3452265540282584,0.40925887447914566,0.3306906600723821,0.2648828219359104,0.05939334194996024,0.12844656515055966,0.12926750419093366,0.133788854861757,0.22761405984806987,0.4569388086595029,0.312888722368617,0.2714509943655758,0.4129152717900183,0.23622854832429768,0.0,0.17637587059322182,0.31210336188978205,0.4590469190435931,0.2904390537068302,0.05257895692565127,0.0,0.2656346158883146
0.11634340005153558,0.5703439142453937,0.40052585573794697,0.44702604371568333,0.45545245922759936,0.0,0.5277701049216749,0.48897212807127666,0.4339223409748762,0.5336721342453313,0.2552832915120685,0.451113077956347,0.5783145949197603,0.24290570541926282,0.23756410592747282,0.14288215700778525,0.498262561493816,0.32487946659016015,0.3996261814304567,0.3878262618275142,0.37609037646567783,0.42869537816023895,0.5635230049851127,0.2344848622347959,0.29059049403895953,0.5425124983338748,0.5357663974647554,0.4713511995330974,0.4610059046711522,0.2033098894523194,0.2862541025973577,0.03687913184410213,0.09230840932557757,0.0,0.0,0.36583947456413657,0.23112851591910738,0.1609963615875973,0.03481411141987213,0.05910710434909539,0.1255903161347105,0.0,0.19602718891108065,0.09329855823053443,0.15015175657111282,0.0500208681249712,0.38448092023873387,0.38526593163672235,0.031013095473832887,0.22317517757676408,0.5735629842718802,0.37857408047170044,0.39466717879473323,0.3857991925819483,0.4552563359789417,0.1944127925955353,0.5148830090206493,0.42358292832701966,0.10971028234124368,0.03919239892448292,0.0208738734523111,0.3622738346022751,0.21448151769756219,0.43202227518840125,0.22966595223180725,0.34293390019333114,0.31326103322260024,0.4440989582503277,0.04880774096274199,0.27576455165208047,0.47256713095937136,0.3988091576076652,0.21312590793583985,0.009331618505622752,0.0,0.12474888076226917
0.19333236166397777,0.4756423152539784,0.4224390088692353,0.544913296850079,0.6037940736624128,0.5277701049216749,0.0,0.2653383928909227,0.5502465851790986,0.5644512748279802,0.33873355882393624,0.28185122577026145,0.5608490561986441,0.23460913388811283,0.2477226690618005,0.3156445437896961,0.4521617638822815,0.3904140406497401,0.3777582291389049,0.4526747586259073,0.316936200414458,0.5374977271306441,0.3859916666368339,0.04316536134251847,0.3478600771293505,0.4494425270152603,0.6101184163171318,0.5604457928087069,0.5225375842345938,0.2808261741086118,0.4249580285223838,0.0,0.16460462036812862,0.0,0.0,0.31953144140740014,0.2931228851561301,0.11011136934161621,0.0,0.09017870804688588,0.12720333809233866,0.0,0.19357194803872607,0.053266315298389356,0.14442900276267623,0.08895912839343074,0.21621593565803024,0.48325841398134384,0.05072927440299486,0.34009862812266833,0.3967330445127358,0.5058206114413741,0.21047569829034454,0.4938987494177857,0.46150775459074894,0.29099736778503255,0.36307106156501007,0.3386542552403388,0.027995241075980316,0.10982495000868438,0.16555221224434735,0.2454857536150915,0.25855791350320795,0.4605659838426918,0.2830880339787362,0.29812609492554,0.4039874353012338,0.2599842366552584,0.0,0.25827358439695663,0.37330570840045113,0.5062603479735727,0.27804753705644963,0.10559954232117882,0.0,0.27055702822783484
0.0,0.37288980315608045,0.1589479265658833,0.3010810414718013,0.24601666290851248,0.48897212807127666,0.2653383928909227,0.0,0.200827961590279,0.30534985278965293,0.0880452536287138,0.5545956212751493,0.3805635166268556,0.20747368881387346,0.1325780270012997,0.0,0.31926588758728325,0.0,0.30591380535215895,0.185637370342358,0.34407806206556535,0.19235681498943455,0.5916228433899305,0.43779772987677135,-0.009796789170886595,0.40345174192446515,0.24418572883815376,0.2785898335248997,0.10937134392524835,0.1355291015564678,0.06384348737854402,0.1498324495768465,0.04393608535769256,0.0,0.0,0.28848017229179285,0.13226592876584875,0.1377404313673529,0.16265812722642395,0.027500632413609765,0.004776581655797725,0.0,0.21401628860689986,0.09717589378638296,0.15691241103750658,0.0,0.3244865550176769,0.1704635081165223,0.0,0.13305474216752153,0.4750149982452802,0.1920632885119466,0.5510323347518923,0.15721482394351452,0.295128030186062,0.10669916476423436,0.5293757125724846,0.3336309067422223,0.26332614940197896,0.0,0.0,0.25490902433396107,0.0,0.24946850216402827,0.10806738615839466,0.356379959697444,0.13869645919770643,0.5572045061951838,0.2047794237864791,0.07026709808224617,0.42478486689462286,0.1715216853340041,0.08313048015863034,0.0,0.05488711060312794,0.0
0.20213472777126007,0.3301105181217456,0.46362186391934784,0.42574553160040046,0.5951837083702789,0.4339223409748762,0.5502465851790986,0.200827961590279,0.0,0.4315370403973037,0.5060676057190331,0.21239926464634676,0.4815122628584519,0.170298011291116,0.3426217808183094,0.2623842021732532,0.3118272874645956,0.23885856950288156,0.33482945298009414,0.5572260764656737,0.28310940978067894,0.531962935387931,0.33111087021961283,0.054649801506261655,0.17495428310031405,0.3392168106186667,0.5631226951903228,0.529855242690976,0.4448828810680478,0.3270769827147686,0.38031894344516604,0.0,0.10940719979469574,0.0,0.0,0.26268265529802026,0.24187907556401775,0.061307807674276356,0.0,0.09198441976745067,0.10273854889407899,0.0,0.17228865030389098,0.019551197350555747,0.1445839457932147,0.12949280827614432,0.08100317933287696,0.575599980356986,0.045554872000027724,0.4711219607180309,0.27973197734928684,0.44307580739397584,0.19405300213340246,0.6286671869949066,0.30112210238386744,0.5029185444217595,0.3003553893178868,0.23100373495139992,0.034184435099749555,0.19865291966782755,0.09836702789301523,0.07612492473621002,0.14659922086149182,0.4204772866046427,0.38211360446500375,0.23521310467617784,0.42785919660414307,0.22674981248962112,0.0,0.13223211005355792,0.2882280986302865,0.4891183404744962,0.26872841002869846,0.04339065895578997,0.0,0.22975417063143566
0.19520246913910422,0.5103076233818052,0.3824279646568645,0.49321063838899803,0.4868642431783082,0.5336721342453313,0.5644512748279802,0.30534985278965293,0.4315370403973037,0.0,0.23978176532846066,0.3466176361617763,0.5299142109073455,0.156106685051343,0.20938113120144186,0.32910918858350624,0.5208699811084151,0.4438019056200163,0.3479755196594604,0.38286940904869593,0.35069093710620775,0.4733813622146211,0.4040651974793975,0.09599092138062187,0.42290350761088014,0.5258896466102844,0.5272230755924207,0.5175479808468821,0.46209840934623553,0.20759074952261472,0.41499962763614995,0.07288590643775335,0.1831873688220313,0.018872516415527507,0.0,0.3269763451242469,0.2673828756403704,0.16443422908707173,0.0,0.11688924596438213,0.1720221616718923,0.0,0.18178772311802333,0.017721864250996543,0.15316011601876406,0.14531136386231105,0.31709228273137763,0.3784501290970514,0.0644443688898542,0.3465220220841751,0.41803738689891295,0.49179895368186494,0.2474403190360597,0.4032970487951865,0.5704712945071755,0.21232238878340068,0.4247293863267561,0.39935476915138857,0.046476701009290355,0.02714781233794883,0.19566866406602285,0.3556747943823088,0.30350108180224555,0.44906341752672935,0.23849213936555252,0.3422607571117617,0.4041096687914035,0.2591527596721797,0.0,0.32068338964325044,0.4349447173298802,0.38451186872890486,0.30887498448526785,0.11187920032849309,0.0,0.32458400396233533
0.1913369043560752,0.17290503926844245,0.4727552031860446,0.286162403896973,0.4164571640188933,0.2552832915120685,0.33873355882393624,0.0880452536287138,0.5060676057190331,0.23978176532846066,0.0,0.10357969045692528,0.299012388340116,0.1160047634705814,0.3347988714346425,0.1987272771284071,0.16977449813918807,0.14125337285712403,0.2943123183755668,0.5131762856336382,0.13313165247206796,0.4361911462661197,0.15782831871561165,0.01958604181597804,0.04541271963978383,0.18570565136404737,0.3918391912417994,0.4077058414670703,0.27502871833050013,0.23699006386746663,0.32343370376542685,0.0,0.0,0.0,0.0,0.23275501461459666,0.21446238431685596,0.0,0.0,0.0,0.04207249212772592,0.0,0.18182134531936717,0.056977891120538963,0.06261740153405665,0.06726586377537377,0.0,0.480526928538804,0.05090930114533529,0.33467554874964756,0.1265470864109624,0.23859544070608676,0.04990668147901209,0.5298509681122598,0.13187918714142347,0.52955985401525,0.1585073214325268,0.14782458680344726,0.025204868582179404,0.24340725035686317,0.0011538775459097109,0.04379965162897134,0.0939439928631315,0.33045207926305153,0.4252926526745404,0.09301527173877192,0.3450499441558116,0.05446750495649151,0.0,0.04738910315988675,0.12785829828173928,0.35134000905443513,0.32100023959261426,0.00936534852755069,0.010847491409775875,0.14458012972438747
0.0,0.4132702360499326,0.1837922234264026,0.31002083311667156,0.25483551557935513,0.451113077956347,0.28185122577026145,0.5545956212751493,0.21239926464634676,0.3466176361617763,0.10357969045692528,0.0,0.3960048374602998,0.19016331802632824,0.08706849388208357,0.0,0.3790097271196456,0.05592367810700999,0.31674986219361095,0.19429697467382476,0.1981303993790336,0.2220848857446587,0.49458092419492156,0.4692807495302806,0.0029154544097545645,0.4724122237692504,0.2125253712816965,0.28569718590389265,0.05803169383151082,0.08839502176355761,0.06101348518123629,0.16942420800842883,0.04849163594276168,0.0,0.011454441381261225,0.25045477802885807,0.11130367845249504,0.1632578561317614,0.16461294732318968,0.11171274922399393,0.06469761084318475,0.0,0.2649764268782418,0.09735306215789302,0.17233506332638773,0.0,0.3371115632378835,0.20376887426284315,0.00800035219102419,0.17258694472648303,0.4270875562383334,0.25143026132947766,0.4272487824582225,0.17512985555991367,0.338686229634377,0.08542228573241593,0.5875955156832708,0.3494763686730072,0.21613662964028074,0.0,0.0,0.33170469700781313,0.0,0.2750055242794034,0.14106259512715397,0.22320749641826604,0.2117700885242942,0.44052130359278097,0.23127141346164434,0.03973876464514171,0.45551330283394786,0.12608809523887746,0.13954123133011295,0.0,0.011802971949641762,0.006303933438419032
0.1285874311981106,0.5269197836117183,0.35305605097300646,0.4256530758466006,0.49478315062905676,0.5783145949197603,0.5608490561986441,0.3805635166268556,0.4815122628584519,0.5299142109073455,0.299012388340116,0.3960048374602998,0.0,0.1543428428445021,0.26420945891099273,0.2522243733605633,0.448846275618475,0.3416028740414036,0.3806634648732012,0.4427608671691484,0.3734064208881897,0.49797811292389915,0.45615792926442716,0.1591443228282562,0.307731690339247,0.5422588638776771,0.4953695292071772,0.5630534165436406,0.45608025588343454,0.3425211432324194,0.35861215235143107,0.03481265489443021,0.14962751148564676,0.0,0.0,0.3311175800165184,0.2746066630951649,0.14830976781269034,0.0,0.1256422197481749,0.11700738779887973,0.0,0.20530862694412694,0.03318984211234332,0.15052913160118064,0.07573870971655038,0.3296780256629353,0.4358210602363616,0.06467711836495624,0.3764760799441747,0.48136282284138243,0.4873953766639022,0.35650260190107347,0.4579376753884531,0.5053535969941167,0.29874989515633293,0.4723459005117006,0.4568898933183403,0.1055033644832756,0.10153625942323076,0.07218598376120808,0.3435291285701267,0.17640564203134568,0.4224619625640433,0.326307345941819,0.34266930000340495,0.41703000324475503,0.3580028261655216,0.0,0.22118383602889496,0.4789217261244847,0.4293942192629963,0.29031870397698045,0.06190203197162358,0.004732947431446662,0.1665055901441613
0.06577205278860276,0.128169405180545,0.24904174102872492,0.2728414176586293,0.24625184709051576,0.24290570541926282,0.23460913388811283,0.20747368881387346,0.170298011291116,0.156106685051343,0.1160047634705814,0.19016331802632824,0.1543428428445021,0.0,0.0,0.0,0.11082270627205376,0.03190989019349673,0.13802340351109546,0.1407808392123254,0.13746452206606388,0.14165776680117428,0.269220574901419,0.14899750875658804,0.0,0.1456343699677337,0.24323569530679856,0.16993103819254413,0.10086925919013019,0.0051954063662331025,0.11682700841366302,0.0,0.06686657397091948,0.007792312013397127,0.0,0.1896336211060357,0.08542116205971677,0.045824212033661924,0.07677445299447486,0.0,0.022923167712496362,0.0,0.11878076679506672,0.1711375369888418,0.10749726920406996,0.0,-0.0026202488455179234,0.14559223879167715,0.0,0.1141761952204216,0.14507128609384673,0.08365373720053085,0.15432720656610033,0.14011991040408783,0.0801013928594496,0.0769463962323595,0.22246003361503885,0.0683920682225683,0.18892937817534067,0.0,0.0,0.0,0.013030722367938936,0.16009218682513787,0.0,0.0901655889208008,0.04572257359657377,0.1833008432416457,0.008454103371217143,0.0,0.08229412268682601,0.1253165346172332,0.0,0.0,0.0,0.08850388084896686
0.2568595416441746,0.1998740823905703,0.3356894536516196,0.20601839042732686,0.2862459781243818,0.23756410592747282,0.2477226690618005,0.1325780270012997,0.3426217808183094,0.20938113120144186,0.3347988714346425,0.08706849388208357,0.26420945891099273,0.0,0.0,0.23376023581899755,0.19682991687785026,0.17440206114039025,0.23169840172535155,0.43569866893678977,0.3673708702268478,0.40428124216158856,0.1916744209368617,0.012986763037131803,0.14946951778721732,0.23423574511111558,0.34701352202595587,0.3181041032992575,0.326342087630914,0.2861150193319377,0.2924463083974473,0.0,-0.014035359818050952,0.0,0.0,0.19757865064652466,0.08159989253186285,0.02512109939831397,0.0,-0.01252495505693025,0.0,0.0,0.05677525972711109,0.0016553104556131892,0.052455900249965215,0.1786382941770559,0.15686994839216886,0.33180599757057405,0.05852701255731846,0.2782581730366626,0.18199761577821938,0.27848494682249464,0.13545431226810026,0.33984329029395693,0.21897225630603623,0.31208721878240453,0.1450358391575425,0.23856579760340937,0.017851225707345472,0.48008606004588766,0.11226258623932876,0.14694952435074995,0.19531042940008725,0.2524625420249092,0.4507594764858287,0.27830077122290364,0.4294621152730131,0.14393965117189542,0.0,0.1779133774793357,0.24307185209857396,0.4238285588042709,0.36902010038333755,0.21064128570048868,0.243461618171984,0.20409635771294804
0.3226341899114045,0.1696055763568689,0.25104382773206485,0.18157124788405687,0.29116564402933603,0.14288215700778525,0.3156445437896961,0.0,0.2623842021732532,0.32910918858350624,0.1987272771284071,0.0,0.2522243733605633,0.0,0.23376023581899755,0.0,0.2171723308518104,0.4661612881507005,0.15166238748697183,0.30385835412663503,0.18751272842404443,0.3972850191847955,0.0,0.0,0.39974024358284704,0.2027879305402796,0.30837893482810264,0.32493934953711506,0.4275581478374493,0.1847652432291587,0.4360674300066512,0.007126750588589087,0.1846618030515153,0.09888410637629318,0.0,0.09346253654257089,0.14258613396084466,0.04912833894291614,0.0,0.12880602356690274,0.0945823753235887,0.029995431083371816,0.009902741852523643,0.0,0.09666531863146095,0.2882823992678261,0.11425208670292097,0.2712002635666765,0.04791075436956203,0.24872328725253484,0.10434443558309607,0.32667067121452725,0.0,0.2671961707051203,0.27535399150244405,0.1905042168983163,0.0,0.22513737567087777,0.0,0.1755630640948141,0.4814517431927159,0.12303151406951604,0.39280460303223097,0.2939103733882619,0.23135483767383735,0.16520487404805242,0.37187847694876053,0.0,0.0,0.2717586586539882,0.18126330686518877,0.2989315958550212,0.3114198889473302,0.3418268013949385,0.005476080134871895,0.3935095205066545
0.07090577047494417,0.5168754530482681,0.3490478694687108,0.3635767117574303,0.37816435221477307,0.498262561493816,0.4521617638822815,0.31926588758728325,0.3118272874645956,0.5208699811084151,0.16977449813918807,0.3790097271196456,0.448846275618475,0.11082270627205376,0.19682991687785026,0.2171723308518104,0.0,0.4508458345930064,0.3479440764002561,0.2892894043400198,0.26969461538664924,0.3996215564318694,0.36891726893434307,0.17386059485981628,0.4126331923197604,0.5252098122370561,0.4141681796665032,0.3793137271733951,0.37996810526281394,0.08568857561545204,0.25210739028326057,0.06495772666573836,0.19337609586052856,0.0062785161204432435,0.0,0.28327702940547433,0.15250027980994643,0.13414749224154468,0.09584798191510815,0.14201236028451208,0.1307864436397942,0.0,0.12602075360494006,0.08325775167523959,0.12271741850698743,0.06898321439395404,0.4224433638616268,0.26470446014391225,-0.003938142532103336,0.17686522302210922,0.42214898999585637,0.3411880536629668,0.21026997493551786,0.27599585959993783,0.4750782115212946,0.08698373549643326,0.3638959126266866,0.4312775803450171,0.026881837064336896,0.05593166542400158,0.18467286748639927,0.47937418971921225,0.36059597056105325,0.42305371339481695,0.1736735807677942,0.2253666130324411,0.32260311882890236,0.23067533000974885,0.03928435377348372,0.3503740245777475,0.43573065111630177,0.2818560880938917,0.2615131517555725,0.11109277512064071,0.0,0.23184222351345313
0.281813322928898,0.37407993220248625,0.31873184758684486,0.2870122202554249,0.31163048667863147,0.32487946659016015,0.3904140406497401,0.0,0.23885856950288156,0.4438019056200163,0.14125337285712403,0.05592367810700999,0.3416028740414036,0.03190989019349673,0.17440206114039025,0.4661612881507005,0.4508458345930064,0.0,0.21663513859581152,0.26690157522346797,0.2123929046851948,0.37661802091907026,0.09972452915760287,0.0,0.5308637921606923,0.37198867105547306,0.37857400105516037,0.3180802399495045,0.48492419121238406,0.024936093982266865,0.3393133032982139,0.03462291894137603,0.17834416235733136,0.06850123228944965,0.0,0.14265622343243875,0.16301397351406194,0.1083745781072294,0.0008370032215290489,0.08821592241261896,0.14997204833751615,0.004786010909024591,0.009454927483897464,0.045290014365507246,0.0273181064674734,0.1752205821105526,0.28215001573315834,0.21708112041075872,0.06011111101036474,0.1021761794305869,0.24316147183175973,0.2937544258438174,0.0,0.23913109744309527,0.38114256489213794,0.022752068180774677,0.08158537096042134,0.2921937844710061,0.0,0.11834686108649897,0.4319666543570476,0.35666076287512766,0.5304940494579021,0.3453311752110429,0.1585891813877176,0.1745657970802022,0.2985116199245034,0.0,0.0,0.4575204631134849,0.2685231714782931,0.28906042503609386,0.28777241658220715,0.32906364675665506,0.0,0.3539295503429566
0.014342536246854446,0.33392156726158,0.37067323618140446,0.35508259532974423,0.3269930476005551,0.3996261814304567,0.3777582291389049,0.30591380535215895,0.33482945298009414,0.3479755196594604,0.2943123183755668,0.31674986219361095,0.3806634648732012,0.13802340351109546,0.23169840172535155,0.15166238748697183,0.3479440764002561,0.21663513859581152,0.0,0.32706672306126183,0.19901337114885076,0.3894960870882223,0.36668219769964105,0.1019078576242886,0.10010187897033963,0.2978362508358966,0.3463139318362266,0.3976505909940376,0.29531985981365527,0.244557348943314,0.2531639067556475,0.06519247150470936,0.047062906361036744,0.0,0.0,0.3203599643230806,0.20623028623350378,0.030561540931288184,0.0,0.021478438106249408,0.05236660066629881,0.0,0.17329115646040227,0.06553584672279175,0.11910246107340187,0.0038003282192390912,0.16720915545766715,0.37129005366974266,0.07976774144847075,0.1770027845173928,0.2712784809260587,0.21884054584708418,0.22856540743836062,0.26942836321056046,0.2826607530417146,0.21648997292649538,0.31457318082165736,0.24600403424161746,0.07713955726381616,0.10721455555260906,0.007739896198020821,0.21099933098683507,0.13854629450246117,0.5399235518179383,0.17058491066263845,0.21999053097851337,0.257928386435115,0.2479394516341031,0.0,0.061049448221665865,0.2400947430885826,0.24849296784727157,0.1461618614901133,0.0,0.0,0.07942883066377365
0.24470445126539217,0.2983771220979341,0.4961275784706035,0.3814360966194489,0.5003491338807295,0.3878262618275142,0.4526747586259073,0.185637370342358,0.5572260764656737,0.38286940904869593,0.5131762856336382,0.19429697467382476,0.4427608671691484,0.1407808392123254,0.43569866893678977,0.30385835412663503,0.2892894043400198,0.26690157522346797,0.32706672306126183,0.0,0.25945117569569043,0.6074015985293046,0.2843357652925063,0.025341507269811256,0.15388686833281473,0.32305718290131485,0.5440228823289787,0.5283815212645575,0.4454707407966345,0.3236155366120255,0.4011913341128153,0.0,0.041358066964055015,0.0,0.0,0.30324737349800046,0.24424433928438333,0.03927907694971066,0.0,0.009807666421145443,0.06489345792248603,0.0,0.20235978223813475,0.04377696761819349,0.10814524193243273,0.12187811996700268,0.07319938669995538,0.5456529869346806,0.08517268429019145,0.39479263918936364,0.2503690031656748,0.36763330079980416,0.11527079093714454,0.5619530527528248,0.27052540610840214,0.4515515083268041,0.2815287267120748,0.23012500142244594,0.001241307814434858,0.2996619158728603,0.10290530058752788,0.12076100702202282,0.18008570548537223,0.42588577435796005,0.5425877015496504,0.21391902886783698,0.5112691114699869,0.16202845488922082,0.0,0.09958704332625042,0.2442220045216172,0.4854766110226798,0.38123291541339727,0.09970173942367898,0.08658394117832405,0.27034662554851435
0.19088863984341323,0.2957377019974713,0.19709669555508164,0.2773509684796713,0.31165654953347294,0.37609037646567783,0.316936200414458,0.34407806206556535,0.28310940978067894,0.35069093710620775,0.13313165247206796,0.1981303993790336,0.3734064208881897,0.13746452206606388,0.3673708702268478,0.18751272842404443,0.26969461538664924,0.2123929046851948,0.19901337114885076,0.25945117569569043,0.0,0.3093611163350896,0.4007842264358181,0.16696173737624193,0.2578631202307577,0.35415624651961924,0.3415301207507675,0.3169419215981545,0.34636969380213795,0.2839902289293128,0.2829582734690958,0.04839000996237859,0.10328396114672257,0.0,0.0,0.19976712729038001,0.07676915809968607,0.12875610853770733,0.06345382678695954,0.042170926575193654,0.005076150169771706,0.0,0.04431603385274418,0.0,0.17342411537174715,0.20218180983048764,0.3004217390570963,0.23885757309762887,0.010329964232402991,0.2335381845083045,0.3877584949512461,0.3610071915098852,0.41887562674760465,0.251073272426668,0.39374866565873573,0.19546684806795203,0.2791786417568817,0.36591073316433614,0.14433671600698536,0.22641687800318688,0.10967190518878067,0.24899881069661065,0.18422885863427368,0.23779403237165367,0.2277268109177457,0.5315999887360905,0.2995447383612722,0.3769538884448336,0.014503227227590877,0.2682044531066871,0.3803136676395141,0.34446467728086305,0.252704388377045,0.15441933005134809,0.23253864627231083,0.19326547424019144
0.24206353051017573,0.3826384918949782,0.46714257132916065,0.4021187146130886,0.5356436443621239,0.42869537816023895,0.5374977271306441,0.19235681498943455,0.531962935387931,0.4733813622146211,0.4361911462661197,0.2220848857446587,0.49797811292389915,0.14165776680117428,0.40428124216158856,0.3972850191847955,0.3996215564318694,0.37661802091907026,0.3894960870882223,0.6074015985293046,0.3093611163350896,0.0,0.3057906392794131,0.003433393819920867,0.29857112093438837,0.4039468649845613,0.5768908103672298,0.5551979572040074,0.4901984899276909,0.3241305201812615,0.4634081029725506,0.0,0.11749740151194998,0.0,0.0,0.28167467334313906,0.26734191232960175,0.0899108384167217,0.0,0.04521250306334428,0.10124474378042352,0.0,0.17121119864940404,0.026141182837736403,0.12289128209026463,0.15292043594599722,0.15284223300947303,0.5387649818333107,0.09405542741239886,0.40173178916098995,0.30811050886794994,0.4543366932272456,0.14454604424053163,0.5080247646024977,0.3807611171852494,0.4041165086356717,0.29613987912659384,0.29258375989826685,0.0015980414114166272,0.29711634398335907,0.22246174569929025,0.18226063606858717,0.2641978344261642,0.48529853095897796,0.4561861009961563,0.29064844395611744,0.5654960212799927,0.17134815204814335,0.0,0.18508736973416323,0.3307790375940941,0.5402136743918697,0.35127736118506714,0.19054768120361204,0.03443583045500826,0.32604344313926803
0.03132762112120706,0.420647860349488,0.28440595610515035,0.38016021855532794,0.3693293817739909,0.5635230049851127,0.3859916666368339,0.5916228433899305,0.33111087021961283,0.4040651974793975,0.15782831871561165,0.49458092419492156,0.45615792926442716,0.269220574901419,0.1916744209368617,0.0,0.36891726893434307,0.09972452915760287,0.36668219769964105,0.2843357652925063,0.4007842264358181,0.3057906392794131,0.0,0.3460253457489354,0.09391647934975982,0.4589966002292644,0.3968399368156228,0.37778625395199017,0.26497617362131715,0.18234703473212208,0.17483084185786618,0.05165197907682968,0.06917313563442382,0.0,0.0,0.3366820925478349,0.1720630278192908,0.15340333622935926,0.05114457690293142,0.05243108312760475,0.035473503261452766,0.0,0.20992651110366561,0.07129624332869633,0.20651490120266988,0.025514149960327085,0.33168802322683444,0.2999954023447479,0.03003145243532376,0.2160714019044582,0.5433795303928916,0.29849190134010306,0.5357193465909075,0.27395015191281696,0.36179215622461497,0.1728764572496098,0.5232586458732349,0.387260031171789,0.26267211197036516,0.0,0.0,0.28089399392012604,0.06444011957087727,0.3474906651829156,0.16044892977891384,0.38780300923563854,0.21861969013808727,0.603021172061737,0.12298211191521596,0.14239775401995758,0.43865906871090626,0.2900087481663569,0.15234362148131986,0.0,0.0339648137052789,0.016428190843840756
0.0,0.19850547767516744,0.030032296143182906,0.1014156798413958,0.08839247375834333,0.2344848622347959,0.04316536134251847,0.43779772987677135,0.054649801506261655,0.09599092138062187,0.01958604181597804,0.4692807495302806,0.1591443228282562,0.14899750875658804,0.012986763037131803,0.0,0.17386059485981628,0.0,0.1019078576242886,0.025341507269811256,0.16696173737624193,0.003433393819920867,0.3460253457489354,0.0,0.0,0.3156785094343131,0.03152827499088963,0.050237276226966145,0.0,0.0,0.0,0.11891154774964886,0.055094092518407675,0.0,0.10711362989909831,0.08022782827571483,0.0,0.16292291864570857,0.22473424986799534,0.1113348065948993,0.04001558178198105,0.0,0.1433836206800021,0.13408097137118893,0.14477792251220298,0.06767530870246519,0.23389335243873963,-0.003147244271166311,0.0,0.02226623945246978,0.29391759855372634,0.08181130422601622,0.36981112545698014,0.02809749679768469,0.1417797852560842,0.04814954774909102,0.36755429084395286,0.24281545411369618,0.1669986100696148,0.0,0.0,0.2401999986908219,0.0,0.06080898784335296,0.031297647986515485,0.17038943915497673,0.020903399098557072,0.375206092623455,0.4695491824449304,0.032650289905164206,0.3360436505977138,0.029123433998303114,0.11145700977227323,0.0,0.1337189235017594,0.0006354963174035428
0.19861858197947777,0.38744188682414993,0.16019530862307726,0.19846342323973248,0.23539431578402797,0.29059049403895953,0.3478600771293505,-0.009796789170886595,0.17495428310031405,0.42290350761088014,0.04541271963978383,0.0029154544097545645,0.307731690339247,0.0,0.14946951778721732,0.39974024358284704,0.4126331923197604,0.5308637921606923,0.10010187897033963,0.15388686833281473,0.2578631202307577,0.29857112093438837,0.09391647934975982,0.0,0.0,0.39436985585322526,0.31033006136060776,0.19601432941661853,0.43410008807168843,0.026973816044898107,0.22549784567666653,0.11805606906624484,0.15472577054643058,0.07820253487211808,0.0,0.06550330134660218,0.08309961385558112,0.17058558401368504,0.09754246512675369,0.09968304193616347,0.11917034463049044,0.0,0.002080901198574052,0.007898681921000728,0.0499022700018723,0.20807424848288256,0.38877826138349453,0.10814263652683444,0.0,0.09772981526391016,0.2758016588497069,0.3286959225640488,-0.009591407464723327,0.15167488849905217,0.48536640080239624,-5.213291043974289e-05,0.0431477612418146,0.3465118758272985,0.0,0.0883342381010955,0.38388137360907315,0.36742989993812564,0.41208240146278774,0.17164398070387404,0.09425971393155262,0.25760622775927244,0.27120441903631515,0.02368871744338776,0.0,0.5827791716823669,0.36080064774109827,0.3302796637753327,0.22292124660194682,0.3978127373613011,-0.0003448451901074476,0.3024849307265335
0.12910046603741537,0.5906036806304038,0.2981919809128168,0.35775737054518186,0.3805165755701904,0.5425124983338748,0.4494425270152603,0.40345174192446515,0.3392168106186667,0.5258896466102844,0.18570565136404737,0.4724122237692504,0.5422588638776771,0.1456343699677337,0.23423574511111558,0.2027879305402796,0.5252098122370561,0.37198867105547306,0.2978362508358966,0.32305718290131485,0.35415624651961924,0.4039468649845613,0.4589966002292644,0.3156785094343131,0.39436985585322526,0.0,0.4227101020518091,0.401747887492257,0.3630610602176094,0.12702974171486625,0.23467533966370968,0.12000587414653967,0.1320790724638948,-0.009992148045970555,0.0,0.26052087535416646,0.1817819952588288,0.1943875902426311,0.12107149282627569,0.1448218408621767,0.12561743639018572,0.0,0.17488302744013337,0.08070211580551462,0.12469098719034467,0.1325415486671294,0.45011632219889164,0.26418903020444734,0.006353224489862958,0.2637401796584941,0.5330171426007411,0.4346385827153657,0.30905633131901167,0.3299237236099636,0.5237480414848082,0.14872914179706417,0.48577900142418023,0.4770248004321634,0.09546519932048043,0.08315098271990946,0.07985806065511049,0.46699740168143705,0.2273013423406528,0.3334352732760179,0.2699061660686312,0.33168344150271234,0.3797307463204457,0.3534045681855556,0.1467769011464747,0.3272473777677709,0.6097434141850819,0.3763452866376607,0.29445275200185816,0.10856375385383424,0.004255910170719246,0.20358138260379602
0.26461775594126846,0.4267121791879252,0.5051076659874456,0.47678341904559896,0.5739995573649478,0.5357663974647554,0.6101184163171318,0.24418572883815376,0.5631226951903228,0.5272230755924207,0.3918391912417994,0.2125253712816965,0.4953695292071772,0.24323569530679856,0.34701352202595587,0.30837893482810264,0.4141681796665032,0.37857400105516037,0.3463139318362266,0.5440228823289787,0.3415301207507675,0.5768908103672298,0.3968399368156228,0.03152827499088963,0.31033006136060776,0.4227101020518091,0.0,0.528939100556555,0.5616501759659053,0.23871942582289374,0.43692465483462223,0.0,0.09278947336296056,0.0,0.0,0.3328241161628422,0.26150086860345606,0.10584083288993433,0.0,0.01573985011659905,0.11713228094764061,0.0,0.17035173671767262,0.038039247068234916,0.14463897003138632,0.13688422323516017,0.19131443936569745,0.48714268814358697,0.06236659121702932,0.345521615400795,0.37576909077299137,0.44900307538827994,0.18495141535838347,0.534253487416456,0.3996044958470561,0.32843901312347035,0.319548113781344,0.2869015321262067,0.008793548074367696,0.1477788680013274,0.18438510025245894,0.19668081437102436,0.2879598508381262,0.46001519930321305,0.3297215398439316,0.30348564774917725,0.4351392263042572,0.22896479997631372,0.0,0.2548485610815374,0.33695461463086923,0.5385710523986416,0.286420300835708,0.10974950480561113,0.0,0.27710418823871125
0.23160069760792512,0.3754739935907787,0.45789003905389636,0.49865360163930256,0.5477230643020403,0.4713511995330974,0.5604457928087069,0.2785898335248997,0.529855242690976,0.5175479808468821,0.4077058414670703,0.28569718590389265,0.5630534165436406,0.16993103819254413,0.3181041032992575,0.32493934953711506,0.3793137271733951,0.3180802399495045,0.3976505909940376,0.5283815212645575,0.3169419215981545,0.5551979572040074,0.37778625395199017,0.050237276226966145,0.19601432941661853,0.401747887492257,0.528939100556555,0.0,0.44803036342460245,0.37826819625750746,0.4818908973514222,0.0,0.14046320945894095,0.0,0.0,0.3832235378484565,0.334918346594402,0.07880650971587379,0.0,0.073774170609941,0.15025333157237783,0.0,0.23415856984719838,0.026489963180466196,0.16026171492767452,0.10981072608547758,0.13491854015392238,0.5208541433712034,0.10251283025268082,0.4577073768889616,0.34713393447084323,0.4694456721219547,0.2330376659178675,0.5351914631382731,0.3811380443996396,0.39709748734098893,0.39290636309635685,0.30937173700313125,0.10510301738273584,0.13895051240154577,0.12683202581310782,0.1753531497304539,0.2151182490748767,0.49438011374023794,0.39852649523885714,0.28400760100688754,0.46362799228097684,0.2416741367061083,0.0,0.11238972190544917,0.3161622834392601,0.4274376273742312,0.38596364121513166,0.05295123563862463,0.0,0.2967234774452195
0.313392787312932,0.4184726302088323,0.3821524861538445,0.39345752233650205,0.4580131164814712,0.4610059046711522,0.5225375842345938,0.10937134392524835,0.4448828810680478,0.46209840934623553,0.27502871833050013,0.05803169383151082,0.45608025588343454,0.10086925919013019,0.326342087630914,0.4275581478374493,0.37996810526281394,0.48492419121238406,0.29531985981365527,0.4454707407966345,0.34636969380213795,0.4901984899276909,0.26497617362131715,0.0,0.43410008807168843,0.3630610602176094,0.5616501759659053,0.44803036342460245,0.0,0.24627309791770244,0.42440637514500135,0.0,0.14298737232276232,0.0,0.0,0.26325016211636,0.1909553275442889,0.11245928212889984,0.0,0.043210857440687436,0.1168712923764126,0.0,0.06164055244299694,0.0051253864755845735,0.10702188626791,0.1933528514592595,0.20880534772433795,0.3783099917541,0.07778162951785704,0.2101729452464738,0.32530939461393105,0.37640073775191135,0.07823874765940135,0.4082961513458807,0.3900249430876974,0.21703325373332985,0.17232348127901823,0.2836093728878002,0.0,0.1798058699773583,0.3491707982520742,0.241084513677662,0.3987259438467364,0.39504756985660916,0.2662093813710455,0.294364627431902,0.3662580186311318,0.12839315678953114,0.0,0.372489234153701,0.28498490403207555,0.47762958780748554,0.2659435982149465,0.2678617216735195,0.0,0.28766714829951173
