0.0,0.38945331838499314,0.30339272867045886,0.09812241064124241,0.1041361650247576,0.2886369817721981,0.17547448645949337,0.05915587401057347,0.1799667356399391,0.10352172275315483,0.0,0.0,0.2217020755517047,0.0,0.6037971323901351,0.37500294176749804,0.291570572281428,0.41051427961241854,0.21164999669477236,0.583817300097054,0.7426039766189874,0.6874976208196666,0.11138025914647214,0.15755719036276103,0.5696582550763827,0.4420267337586112,0.3107982818459144,0.24115549380671167,0.3184092472415825,0.2831754365677569,0.07970673330561909,0.0,0.08856027280969157,0.08861067912480375,0.0,0.28870595084045886,0.2698235340606076,0.0,0.0,0.22650972071402709,0.1092352320507199,0.0,0.15164236898092137,0.11009549111891646,0.014177754829610948,0.8606927819257181,0.4443017252119612,0.23147771109094903,0.0,0.0270002544523945,0.3932130461900388,0.10464042777481457,0.04859057498193668,0.17967544805013286,0.027068697599869202,0.001760643402061253,0.0,0.17776369119571267,0.0,0.6134571320242753,0.4981387963287448,0.25518353036330177,0.48835778097756705,0.24015401910370462,0.5711804360908986,0.6671699704135189,0.6069904488364709,0.2053946276054284,0.13705894486488612,0.4982045826784714,0.5007115669806417,0.19472662707442304,0.2027740698360237,0.453812158287164,0.31702957657436937,0.07738212823737727
0.38945331838499314,0.0,0.24006953283072774,0.03817069684532962,0.022117396675150038,0.509947791781739,0.21154046471898022,0.25620844165692414,0.15330667835391998,0.1256273802662471,0.060134416697955474,0.14375281877854398,0.4484842406624532,0.07558838715650944,0.31730837317129823,0.3460837580500027,0.21170581192927415,0.41871645114451794,0.2577764356488745,0.29114453911203353,0.27573929392327473,0.5047781747132305,0.3623312447849814,0.2719178225998034,0.5826925086813458,0.8004738860726549,0.3161743452633364,0.10839837134576119,0.1063923021764618,0.0,0.0,0.03366906206018556,0.16099743735459057,0.0,0.0,0.16744723407388987,0.0,0.0,0.03681892365795098,0.07997612730951399,0.0,0.0,0.08807127519620696,0.11085835486831969,0.13076364161460347,0.3218002916736374,0.6550612545946396,0.2855535006287282,0.0,0.0,0.37040431868843887,0.0,0.22471352770122988,0.17588966849550935,0.00936665381020844,0.12381943092040677,0.15492156078482838,0.06486056232669714,0.0,0.34855807055473526,0.04415417237575365,0.1549909598491195,0.13285904512648075,0.2925850219647895,0.3881538466112405,0.20131370626038184,0.40764675253673865,0.3337946609015834,0.21253362011775584,0.23293677499168478,0.49974463718166545,0.23839649879852087,0.07712210068743067,0.09088963184632376,0.10486390762857908,0.0
0.30339272867045886,0.24006953283072774,0.0,0.0,0.4830647500232725,0.5820490772811266,0.0855178825579517,0.43357159902395986,0.6472678829763914,0.06804591844099478,0.5353147512675432,0.0,0.0768540338564424,0.0,0.47303473510208727,0.09140168348992143,0.0,0.0,0.7985095913348839,0.3306163488478771,0.49133199002721334,0.39317756011755345,0.579569037486565,0.0,0.0,0.15795380853357308,0.6370155227827603,0.0,0.20911257302825056,0.039526200899219856,0.0,0.13610700237989637,0.15296134397006633,0.0,0.0,0.0,0.0,0.0,0.11312979275294115,0.02009516525666475,0.0,0.0,0.0,0.0,0.004107495659656226,0.238366421734854,0.26906498896860165,0.8238804334704813,0.0,0.18744772368332174,0.6737788910229566,0.12914704030637258,0.4958743999872255,0.7568264902079956,0.0,0.6418964251894094,0.03925859012558459,0.15215537937307363,0.0,0.32663699737471713,0.10633876337944873,0.0,0.0,0.721043662820561,0.47063765884675,0.34718344432398723,0.5027157549069766,0.6125002129631127,0.13587893503524684,0.0,0.12050483842579075,0.6307707647322613,0.0,0.3766373175953664,0.2835352271288568,0.043421642374593596
0.09812241064124241,0.03817069684532962,0.0,0.0,0.0,0.0,0.3008349168226048,0.0,0.0,0.0,0.0,0.0,0.1665519682247562,0.247059399865707,0.0351401644881807,0.04484560876435625,0.047917801155005865,0.2020221539878114,0.0,0.059130451325392214,0.07485227695542188,0.03851306872499346,0.0,0.0,0.112682375000185,0.0,0.0,0.3341612926994571,0.0,0.10707387072709784,0.16057186570117288,0.0,0.0,0.0,0.0,0.3972327907257958,0.29395168323304094,0.0,0.0,0.0,0.0,0.08004086897575222,0.29467394130798197,0.16467013296383426,0.0,0.20813355788207874,0.041237499713271245,0.0,0.5967137626394196,0.12892224102771008,0.0,0.0883307041755296,0.0,0.0,0.0,0.0,0.0,0.0,0.0798595201179293,0.1903831094350605,0.0,0.19348973251150667,0.2779702668932389,0.0,0.0,0.15606396056169217,0.0,0.0,0.0,0.25096469985295633,0.009614728186257233,0.0,0.09336873619152865,0.0,0.0,0.0
0.1041361650247576,0.022117396675150038,0.4830647500232725,0.0,0.0,0.42353316115717715,0.4175054716367517,0.1115973851747922,0.8013885442597055,0.48612834143834166,0.6576717727546144,0.24287188522003836,0.21886808864283788,0.05619582946448483,0.315985368728422,0.14150233406973828,0.33840884010164224,0.0,0.41578898925744406,0.28260396631386325,0.17778070971352783,0.19941982108333312,0.029388807962294202,0.03552474398797943,0.19459562274750083,0.27331434010607875,0.5241280635042898,0.14047219429567961,0.5900156941555276,0.18896247933014534,0.11353335993922796,0.3279487904991552,0.3619409379836526,0.0,0.0,0.0,0.0,0.07552602670214381,0.3301067654705151,0.25341583300952425,0.060320102581918285,0.08187996506607495,0.07100731671993711,0.25530290941735223,0.1311919862790682,0.0,0.17056039357123262,0.6231399076465621,0.0,0.4533991349037574,0.25306273690635156,0.5646268724591686,0.0630849094074072,0.7162519701647565,0.3809800621221849,0.767577602440187,0.31732465733109905,0.3999191319725995,0.1761448991900809,0.16857880267238717,0.22991500088170938,0.03774526419207479,0.09164695068233608,0.24422261358851796,0.24191197456309338,0.08409670271581299,0.3412457364569965,0.07171522439620842,0.1196556760113867,0.13951895339443682,0.31840466425212227,0.47019324940198515,0.1482629024349189,0.4048215430452995,0.18530892475411115,0.37945802665563944
0.2886369817721981,0.509947791781739,0.5820490772811266,0.0,0.42353316115717715,0.0,0.2633685246781973,0.6143083060264029,0.6082850972796402,0.3233839574766611,0.35475517412470353,0.37044285635908764,0.5005832279410509,0.0,0.3269862624808791,0.2086230714565289,0.24585838867393117,0.21482400449858519,0.5493990252140223,0.3579116985582704,0.3717786815087939,0.35604141308541093,0.6867382543396502,0.40626857181336534,0.3259519155266856,0.5500628837634773,0.6309740430634112,0.08565947713288499,0.4280507334127219,0.1889687205797119,0.0,0.3358853548837953,0.42686320711597125,0.0,0.0,0.0,0.0036077356981057277,0.16212224999792368,0.3358327208642305,0.32570199881040024,0.11731144599453916,0.0,0.036770310706222185,0.19810048517876733,0.1659238733920143,0.1671015670036368,0.3505050695421667,0.6570383126801248,0.0,0.14835014027922178,0.7405860929524931,0.18258717237348185,0.4633670857341119,0.5754573885271111,0.17741221100349794,0.4935814880966238,0.439285199925921,0.36444534947941265,0.0241558596300466,0.18196472291694224,0.22752182350668437,0.021693552411008354,0.009551432139992579,0.553742953501527,0.4256525685771743,0.15932615321931393,0.4677526739876662,0.6080776976944277,0.4511409043886841,0.01751781561796226,0.353686644247149,0.4586766818993102,0.13959362523383634,0.3108904559252004,0.3463779313690128,0.21592553857875854
0.17547448645949337,0.21154046471898022,0.0855178825579517,0.3008349168226048,0.4175054716367517,0.2633685246781973,0.0,0.0,0.3472944612578246,0.395579874649944,0.10309820130847062,0.15979194322365145,0.4726250357198169,0.2104279335586139,0.09704719267284026,0.4577238426156431,0.4099562931027892,0.43561814493649953,0.03558352632402649,0.3209873364973919,0.2021697828843008,0.2903171982530688,0.0,0.06167680122751977,0.4892407240917698,0.20287533214120906,0.40764970851442683,0.32666178430522735,0.4964302932711866,0.33917284746349524,0.3055397837706656,0.0,0.1257271580633616,0.12938120612222628,0.0,0.132542761532122,0.11447676748870722,0.0,0.04148300973794564,0.1400604708460143,0.11366960273557057,0.11968093841391769,0.3826463029177015,0.4097605273476484,0.044171099869121294,0.2342406719765908,0.3349521661194969,0.11494171921184822,0.06517533800264581,0.18562626570902158,0.11975027664471698,0.5514643470947634,0.0,0.2773582385589886,0.4182485161808525,0.09933522232556818,0.16086304406080806,0.25511106001601325,0.24217640777981655,0.18149875705992558,0.3524800962208707,0.2948243155261674,0.4498973960457196,0.0,0.2068365891456581,0.18287406528204295,0.20957831855557452,0.0,0.11691767952616695,0.4440128974693742,0.23866151362058416,0.31624625880133606,0.28464242814782975,0.30791415217229084,0.05611569052667388,0.2536779744382816
0.05915587401057347,0.25620844165692414,0.43357159902395986,0.0,0.1115973851747922,0.6143083060264029,0.0,0.0,0.23662889014052638,0.0,0.27364768399245837,0.2575288587973274,0.11791362407783268,0.07406374165926122,0.11850987864351091,0.0,0.0,0.0,0.41447118176305003,0.0,0.24358087944190981,0.0,0.8748671981459165,0.2909209000896405,0.0,0.2808563625223886,0.2075898866519045,0.0,0.0,0.0,0.0,0.1636839378185904,0.21327975515679157,0.0,0.0,0.057422965531922866,0.0,0.14103552254656718,0.1407645602941878,0.1198102310499978,0.0,0.0,0.03743543139019534,0.0,0.07143399020447466,0.0,0.09331604700337502,0.4218404707931222,0.0,0.11509477342734264,0.5628396475215285,0.0,0.7902815934548901,0.38462798080020943,0.0,0.36286812683611935,0.3226270753802515,0.14295898665346726,0.0,0.0,0.0,0.0,0.0,0.41534833696544354,0.12389442619013127,0.10461946345584257,0.1351708805618708,0.658316482365729,0.3348552476935575,0.0,0.08245981046202833,0.20702515200821467,0.0,0.0,0.1405100924432251,0.0
0.1799667356399391,0.15330667835391998,0.6472678829763914,0.0,0.8013885442597055,0.6082850972796402,0.3472944612578246,0.23662889014052638,0.0,0.39676743905411366,0.6658264723863994,0.25088825883070515,0.34349116763934456,0.05011828659673094,0.34719408536938845,0.05969419040065872,0.27766917596122764,0.03389915079060514,0.5226472537356661,0.3690080111621332,0.2252610090098815,0.2980088941734595,0.23630568700967747,0.12572590649178964,0.23839130035134928,0.35861394388013285,0.5986989744407728,0.14956783290263972,0.5461262250954013,0.26203718792627145,0.04421447045051418,0.2755845735421862,0.3884974067841058,0.0,0.0,0.0,0.0,0.11591096656269737,0.2754549139410912,0.29881745948373445,0.0,0.038023939695550346,0.035226713077536206,0.13719761203785996,0.1605202920456442,0.04987640322783984,0.2013764466334329,0.7125986026946256,0.0,0.34841127147946716,0.3529893330335919,0.3654824398459093,0.1763122549041158,0.8690724164291924,0.25074600633452593,0.763878084925732,0.29680933040471447,0.3086914652418073,0.0707397578479174,0.22186410152672192,0.17670649077444042,0.0,0.0,0.3532811049941849,0.3142641948881191,0.14254689089153832,0.362971062303461,0.2482062331981758,0.14890742600764992,0.08892696359269832,0.31600718802046185,0.5010399317586114,0.08911358083828752,0.3039977986069009,0.2555459139946158,0.28114310921107816
0.10352172275315483,0.1256273802662471,0.06804591844099478,0.0,0.48612834143834166,0.3233839574766611,0.395579874649944,0.0,0.39676743905411366,0.0,0.3119656074893706,0.7842572490121656,0.6575360667225233,0.2360105544583109,0.015591042472827322,0.4076026605024329,0.833999462535431,0.46677211952938474,0.22630571359146714,0.19721862185456782,0.0,0.21390324367889152,0.0,0.5109164600646184,0.5690870350068551,0.5142570456541281,0.12344598890359532,0.5361381702322009,0.5488785828686025,0.4213864842279786,0.5841588135545008,0.43762799092780486,0.5762621823302428,0.43430844961518633,0.21125488065290274,0.0,0.16429170775390647,0.37307491819136607,0.4675710559587716,0.6402002725785346,0.4504846175470835,0.21703715246855276,0.17893611989052144,0.5659768766229469,0.4294281756973674,0.0,0.1291859293566696,0.33688874556756,0.0,0.49159976332202876,0.0704110125667959,0.6773840547769202,0.0,0.4114426575618852,0.910796823742905,0.4610078021950004,0.7446802808822246,0.7774023418766399,0.4606412025529864,0.0,0.4058748480717479,0.7181794879910086,0.4227849941457255,0.04766528316876261,0.15432466114820403,0.0,0.29823936662397055,0.0,0.32604630584072675,0.3957213346618999,0.4406010017442209,0.09842120611497505,0.5909802829211888,0.22668670463426527,0.3518795599483477,0.7278242188569116
0.0,0.060134416697955474,0.5353147512675432,0.0,0.6576717727546144,0.35475517412470353,0.10309820130847062,0.27364768399245837,0.6658264723863994,0.3119656074893706,0.0,0.1845690080627421,0.1971698413925498,0.04974201082754131,0.3049980783708969,0.0,0.20184003474412077,0.0,0.6556963992223428,0.05872541521524162,0.15099934136429718,0.10329524654058135,0.1851691657086265,0.12832695304593347,0.0,0.20488231520452868,0.4156941584798088,0.236730505976709,0.3057431471140923,0.18206407924978274,0.09910411975965754,0.11618433497485438,0.21550004948875448,0.0,0.0,0.0,0.0,0.023409720542499138,0.20902118304737563,0.11889678353547113,0.0,0.0,0.03399820298965498,0.07451026414642611,0.05958061675712592,0.0,0.11111203699678424,0.6005003126554244,0.0,0.28210810017284516,0.282394378861178,0.35212762702825096,0.2705634533664949,0.6678537232740689,0.18113296895458345,0.8125255827601358,0.19960237988968177,0.3176496029799132,0.062290110918488246,0.17847496075421665,0.038498322701685336,0.03283302835544435,0.0,0.38523891588916226,0.14809785895303978,0.10371035756824845,0.20763661363941466,0.21271572388792967,0.0035612957425395077,0.0,0.1729303815261789,0.4344102709164295,0.29124095054951843,0.2500823725112441,0.34354756658398833,0.2800455775483032
0.0,0.14375281877854398,0.0,0.0,0.24287188522003836,0.37044285635908764,0.15979194322365145,0.2575288587973274,0.25088825883070515,0.7842572490121656,0.1845690080627421,0.0,0.652494739672556,0.2897602867006784,0.0,0.029619642729112258,0.588738872326422,0.23324460966510896,0.12027980975900066,0.02805353783117737,0.0,0.0,0.042796261780280224,0.7479009672746865,0.24811967081984895,0.46900074468870784,0.0,0.42384569518369597,0.20175596871078727,0.22721673899397873,0.3888312604003584,0.3914571192529219,0.5804663217386111,0.3616104466942399,0.18849805518381904,0.0,0.1790799476156325,0.5831005719546912,0.4725840176314313,0.6416353257363732,0.5083946959895993,0.15396538449859326,0.2380103696363073,0.5852959418276594,0.527454768275162,0.0,0.0,0.21371282471113656,0.0,0.23535834868829228,0.031087212519499766,0.3599399745603065,0.0,0.23111990945252187,0.7130526527576988,0.28572351031709237,0.9449459661353183,0.6710126414901431,0.3895238353096857,0.0,0.09863239859388367,0.5673202884925455,0.10443627203634195,0.03297185509323225,0.02741977027729062,0.0,0.12459146938848344,0.0,0.5918984425924945,0.05028361256450529,0.3205242027016456,0.0,0.5195059016921237,0.0,0.2898972364017949,0.5061969141148012
0.2217020755517047,0.4484842406624532,0.0768540338564424,0.1665519682247562,0.21886808864283788,0.5005832279410509,0.4726250357198169,0.11791362407783268,0.34349116763934456,0.6575360667225233,0.1971698413925498,0.652494739672556,0.0,0.30993298018900456,0.110415369224804,0.38454606033503197,0.7146925154625267,0.6234582564599559,0.20409270488155035,0.36805458747231207,0.11111058428387553,0.36340137102135783,0.0625686409106902,0.5383051981561681,0.5792123993151608,0.5647498871963901,0.09471591560853737,0.7384912929031009,0.3585324648847608,0.46270853657077327,0.48079578852941346,0.0680437598845573,0.30073297820768596,0.2616148967091859,0.0670940749149439,0.1504856067979093,0.3219315712234636,0.16418504806949102,0.12647316150318513,0.3645333866614678,0.28388582360320225,0.02069306525576535,0.34250022290099663,0.5490092587577328,0.20822999562161632,0.1525931570938095,0.18822040522114855,0.1987801834057987,0.0,0.205585924994264,0.1532735995072154,0.3459504927895601,0.0,0.27540991350285077,0.5814714309122664,0.19049103537602977,0.5496243521884797,0.5994064335496281,0.2726166090115238,0.11531268144902915,0.31400072807860213,0.7192575779631976,0.40458597848561884,0.13420401779053576,0.2766014396644949,0.07767319240527612,0.2522931404381076,0.004076950158863419,0.3311004771181783,0.3088230008901112,0.35720234796163414,0.0,0.6244273880197068,0.05581801453931637,0.36334788021413666,0.37544777407325985
0.0,0.07558838715650944,0.0,0.247059399865707,0.05619582946448483,0.0,0.2104279335586139,0.07406374165926122,0.05011828659673094,0.2360105544583109,0.04974201082754131,0.2897602867006784,0.30993298018900456,0.0,0.0,0.0,0.1394439645112558,0.029920964542275937,0.0,0.0,0.0,0.0,0.0,0.15172700115321863,0.14813516863998052,0.20414791432296686,0.0,0.28898447201259553,0.1142366390848259,0.18913763149975163,0.27632406500509454,0.0,0.0,0.17999683770329614,0.2409421783721143,0.3749214168318247,0.13231908639039572,0.21760951789254324,0.0,0.09236128376156466,0.12701895155402515,0.3548465477114989,0.48143630485123057,0.3082329478866218,0.0304036966347364,0.0,0.07572245964485123,0.0,0.30463145585557677,0.2713625564675273,0.0,0.1629788394459103,0.0,0.015452995207443438,0.17186544053000677,0.0,0.2592082049085074,0.13223085361022416,0.5908344178878443,0.030566434376214768,0.0,0.1773639918430686,0.046793890746976416,0.0,0.0,0.0,0.0,0.0,0.0,0.11213301930079178,0.13947960682599106,0.0,0.2035262420578027,0.0,0.0,0.08396967157252061
0.6037971323901351,0.31730837317129823,0.47303473510208727,0.0351401644881807,0.315985368728422,0.3269862624808791,0.09704719267284026,0.11850987864351091,0.34719408536938845,0.015591042472827322,0.3049980783708969,0.0,0.110415369224804,0.0,0.0,0.22007066864227787,0.19146307329589415,0.16373011589196537,0.39021043162583924,0.6546919183223897,0.766208361105639,0.690994722586683,0.19398307173323956,0.0,0.28468220611993406,0.33320866902406937,0.5358615204255263,0.24828403992180803,0.4299632657279547,0.12006582730187126,0.025935359641209917,0.0,0.0,0.0,0.0,0.24660487682496052,0.09835245703478558,0.0,0.0,0.0,0.0,0.0,0.12397554303735792,0.0,0.0,0.599044545993662,0.4048999251333109,0.41217287351020226,0.0,0.07166286124976431,0.40655868975348186,0.1147898119719773,0.20249268175968582,0.39515244466618044,0.0,0.32439712962322326,0.0,0.13412453175057382,0.0,0.9305680085691836,0.3745557949044956,0.008409893598528008,0.3653582440204632,0.3614427902645461,0.7297057808591251,0.7209985689457072,0.7075136116644133,0.3099895672344151,0.0,0.2893387988308678,0.3718369769259693,0.40639800519394115,0.17398559370662747,0.5703422529621747,0.26360917257775207,0.09545621425423811
0.37500294176749804,0.3460837580500027,0.09140168348992143,0.04484560876435625,0.14150233406973828,0.2086230714565289,0.4577238426156431,0.0,0.05969419040065872,0.4076026605024329,0.0,0.029619642729112258,0.38454606033503197,0.0,0.22007066864227787,0.0,0.5391858131330293,0.8526925868230039,0.18974294842661107,0.4342892612693587,0.2685941109031977,0.590451533120151,0.0,0.22031848661587228,0.698303717002195,0.3011217554146008,0.3090118634621593,0.32828084590326306,0.49948136968912377,0.4249150743679555,0.42864064997012724,0.18883120501613485,0.29641075506323306,0.3394585603650847,0.008592700921220279,0.0,0.08052822154122383,0.0,0.21472505901695518,0.29728003236620276,0.2785461393474016,0.0,0.0417585216894079,0.28565733505165236,0.16744976691310187,0.37613100720493187,0.3430426787874942,0.16068628492200415,0.0,0.043575889375280036,0.16043654362847923,0.3168589657507167,0.0,0.0717052050961854,0.3712696688097702,0.01741334780882841,0.042354664680916164,0.3025058732542789,0.0,0.2237654600652466,0.7347940459983109,0.4784946166856595,0.7645035078445263,0.2630458420609636,0.42783844588937225,0.207961325730798,0.5014501673863935,0.0,0.17540234517737002,0.5594781778523474,0.31787628386208183,0.24167508377606964,0.4028209270949541,0.4900597931936968,0.4249639086117427,0.46487958655377315
0.291570572281428,0.21170581192927415,0.0,0.047917801155005865,0.33840884010164224,0.24585838867393117,0.4099562931027892,0.0,0.27766917596122764,0.833999462535431,0.20184003474412077,0.588738872326422,0.7146925154625267,0.1394439645112558,0.19146307329589415,0.5391858131330293,0.0,0.710329597234163,0.13260988267055826,0.39738244047461163,0.14685637034643667,0.4020743018518669,0.0,0.5207357412243901,0.6366384623059587,0.4382357698808058,0.06033473060119961,0.6486487403842386,0.4743037705942345,0.4211596437319245,0.6567734646378359,0.26112994543676354,0.4185531763124515,0.41735762430072365,0.1563670887109085,0.0,0.32271649996951135,0.25704486537100646,0.3473030902894169,0.45501035367240866,0.4544421939638876,0.05627859171410349,0.19961577256937044,0.48096153628398464,0.39909856620840856,0.16065792194529,0.046375902409149086,0.19898735662252115,0.0,0.29015525163826483,0.006249850531069289,0.4893235957382761,0.0,0.25986954104559423,0.6958377425537462,0.25689106750805163,0.5062320132430984,0.74441463009949,0.22727566988324052,0.1777345325725484,0.5437408677887351,0.8112143879452295,0.620431171514899,0.09176343862054752,0.3212599290068335,0.1159407274514986,0.37256360870784794,0.0,0.2964001907461246,0.4069499193572076,0.3366294437380384,0.0,0.6789440931895547,0.25083591151169554,0.46142022853683073,0.6750874837522368
0.41051427961241854,0.41871645114451794,0.0,0.2020221539878114,0.0,0.21482400449858519,0.43561814493649953,0.0,0.03389915079060514,0.46677211952938474,0.0,0.23324460966510896,0.6234582564599559,0.029920964542275937,0.16373011589196537,0.8526925868230039,0.710329597234163,0.0,0.03038888548867939,0.45394273826193754,0.22059688926231624,0.5420547585950719,0.0,0.37135840648991786,0.7647498296152482,0.44521626895234967,0.10738290937150716,0.5172892852393021,0.3631430663557075,0.4792004008543366,0.47177115139767745,0.0,0.1831974689228654,0.3145361959998501,0.07440151785312465,0.1350148991228193,0.3034320025451764,0.008814136988195304,0.040230898044869665,0.29018638189682616,0.25558641636681323,0.026057263688917642,0.12532242060291454,0.3397097206553479,0.13366542385152408,0.37691031087073046,0.2751598775133389,0.03562170374578317,0.026477333205980898,0.03578427950065275,0.07031436178587872,0.21445884345802685,0.0,0.011304572547420394,0.37455466788011427,0.0,0.16876493217966196,0.326044103478074,0.03458522724459393,0.21471517514305866,0.6149285269000073,0.6338969835639473,0.7653874737788385,0.08593303421297545,0.3557888693837649,0.19071031282509418,0.3790761284490634,0.0,0.2070005368913448,0.5446846699974908,0.31209315000585064,0.0,0.46103013254536784,0.22161836421506872,0.4114777615661972,0.31291680022224116
0.21164999669477236,0.2577764356488745,0.7985095913348839,0.0,0.41578898925744406,0.5493990252140223,0.03558352632402649,0.41447118176305003,0.5226472537356661,0.22630571359146714,0.6556963992223428,0.12027980975900066,0.20409270488155035,0.0,0.39021043162583924,0.18974294842661107,0.13260988267055826,0.03038888548867939,0.0,0.248453261229205,0.35470075305971194,0.3952178541247241,0.47167932179883737,0.2394379443693355,0.0,0.1797335410818854,0.5839268158773299,0.16179921820304663,0.2646623745912908,0.18998051127922191,0.0,0.1920875071954319,0.2877749581060347,0.0,0.0,0.0,0.0,0.0,0.23121881956695428,0.1666331164596231,0.0,0.0,0.0,0.0,0.14923796740788142,0.11847855266149414,0.2591677146513902,0.7885901652308315,0.0,0.13109920133290354,0.593927840180955,0.19995817712789485,0.507966294202857,0.6172703918452038,0.12633807158758456,0.6348433782439136,0.1873712951259386,0.3049582593250912,0.0,0.24241036587799566,0.19195471841322695,0.030726756855467996,0.0,0.9186613724894094,0.463054009785556,0.25164038109151216,0.5024089114839202,0.5905402104996464,0.277002340913046,0.0,0.1366688083419276,0.6281477199236128,0.24100543595219964,0.41428954820734976,0.5222552377876031,0.29879144082222014
0.583817300097054,0.29114453911203353,0.3306163488478771,0.059130451325392214,0.28260396631386325,0.3579116985582704,0.3209873364973919,0.0,0.3690080111621332,0.19721862185456782,0.05872541521524162,0.02805353783117737,0.36805458747231207,0.0,0.6546919183223897,0.4342892612693587,0.39738244047461163,0.45394273826193754,0.248453261229205,0.0,0.5770709534512953,0.8566666460360691,0.029265728818882127,0.054138067754234395,0.5372059003835972,0.2789806860575651,0.5054632010763711,0.44939629078869975,0.6097844175669356,0.42105403914949247,0.26814694999899924,0.0,0.02236016657555126,0.0,0.0,0.26157669672634143,0.2397372779362996,0.007760492281519132,0.0,0.1449180927196983,0.03633789217130411,0.0,0.20368091339637653,0.17771684196624626,0.0,0.6335854737660158,0.3727425831990673,0.31539497463801286,0.0,0.024839212706309087,0.2726408378189811,0.18511468716341642,0.0,0.26575523407499596,0.14968628618062912,0.12103038532692671,0.0,0.2274730516290739,0.0,0.6874169564527681,0.5317614236772427,0.28777763299865555,0.5302424887604167,0.25440916335153135,0.8169956630995587,0.628129447157261,0.735587651811017,0.2077239144031875,0.07875946252743093,0.461024571482151,0.4003363949191206,0.27263373490162646,0.30085181795130034,0.5255662530084583,0.3361189463859184,0.252158211101796
0.7426039766189874,0.27573929392327473,0.49133199002721334,0.07485227695542188,0.17778070971352783,0.3717786815087939,0.2021697828843008,0.24358087944190981,0.2252610090098815,0.0,0.15099934136429718,0.0,0.11111058428387553,0.0,0.766208361105639,0.2685941109031977,0.14685637034643667,0.22059688926231624,0.35470075305971194,0.5770709534512953,0.0,0.6218843176111197,0.4189181830015961,0.0008303280323537595,0.3045911470399582,0.21307377968222474,0.4938535123695388,0.17947416571349634,0.2814209119680481,0.14827073081169886,0.0,0.0,0.0,0.0,0.0,0.3227736897112148,0.10571125481191145,0.0,0.0,0.0,0.0,0.0,0.16996537319397723,0.0,0.0,0.757308017156588,0.44157436584018617,0.38945347351626625,0.0,0.0,0.5601806839916201,0.08532389671613698,0.3924379767555464,0.309159407557809,0.0,0.17473093265304693,0.0,0.17199968029949417,0.0,0.7767997923897049,0.4558662155659869,0.006104693934402664,0.3625541622759821,0.42385147156764486,0.6371024726914511,0.915674684002371,0.6492253652874307,0.5207770659466398,0.07528182791952409,0.3233021478985957,0.3240075850602676,0.3947562404009355,0.20254307698891338,0.5829493359216223,0.31682302965524745,0.07165208578677909
0.6874976208196666,0.5047781747132305,0.39317756011755345,0.03851306872499346,0.19941982108333312,0.35604141308541093,0.2903171982530688,0.0,0.2980088941734595,0.21390324367889152,0.10329524654058135,0.0,0.36340137102135783,0.0,0.690994722586683,0.590451533120151,0.4020743018518669,0.5420547585950719,0.3952178541247241,0.8566666460360691,0.6218843176111197,0.0,0.09587944184422231,0.09982888653616477,0.6129530861464619,0.4045888969847807,0.5246254558441361,0.44315911221834514,0.5297002822146835,0.34779421527072035,0.27452018329494143,0.0024379576437831693,0.09185583649741681,0.0386102307222236,0.0,0.2654806623492953,0.10229814245429707,0.0,0.03213011726177061,0.18042700470013176,0.060172265180060136,0.0,0.13900761235842748,0.11662993230082182,0.03280764575700407,0.6906675091072164,0.509214240507184,0.3770748892050768,0.0,0.0,0.36750317036819763,0.17758137179050837,0.09934016733270962,0.2733840066267446,0.08637459626679486,0.15496347261135063,0.0,0.2332783348836482,0.0,0.7320248486666382,0.5367183713700684,0.30532931755506143,0.5814526074648891,0.42638785137902124,0.8422751464134012,0.6292322554874323,0.8541723516402464,0.276455111500227,0.07915831985998227,0.49354565214818186,0.4496815753603859,0.3772316014495361,0.38657713129249743,0.5889166736055937,0.40131168651291294,0.26758552647367156
0.11138025914647214,0.3623312447849814,0.579569037486565,0.0,0.029388807962294202,0.6867382543396502,0.0,0.8748671981459165,0.23630568700967747,0.0,0.1851691657086265,0.042796261780280224,0.0625686409106902,0.0,0.19398307173323956,0.0,0.0,0.0,0.47167932179883737,0.029265728818882127,0.4189181830015961,0.09587944184422231,0.0,0.17617973885296687,0.0,0.18617062598364353,0.40886839596497776,0.0,0.0,0.0,0.0,0.03712999639604446,0.08545396181228043,0.0,0.0,0.08965293264438005,0.0,0.0,0.013364509001759818,0.0,0.0,0.0,0.0,0.0,0.0,0.1279441447948657,0.22351261785735613,0.5219581552908582,0.0,0.0,0.68317834644924,0.0,0.8445720791887514,0.3486446109034697,0.0,0.3335135021323966,0.12990514907872713,0.0,0.0,0.14217769068173505,0.0,0.0,0.0,0.5201817617281046,0.21431391360514837,0.26767987047275854,0.2019475179269589,0.8914246773130089,0.3438860858042332,0.0,0.044986741172393305,0.3359988758504684,0.0,0.0,0.10108214436624008,0.0
0.15755719036276103,0.2719178225998034,0.0,0.0,0.03552474398797943,0.40626857181336534,0.06167680122751977,0.2909209000896405,0.12572590649178964,0.5109164600646184,0.12832695304593347,0.7479009672746865,0.5383051981561681,0.15172700115321863,0.0,0.22031848661587228,0.5207357412243901,0.37135840648991786,0.2394379443693355,0.054138067754234395,0.0008303280323537595,0.09982888653616477,0.17617973885296687,0.0,0.287482557065774,0.45567880388409615,0.0,0.30730077840404074,0.03276957260928008,0.1905703922396472,0.37807990121852864,0.37592575832639924,0.6008686546866816,0.4316000332513338,0.11144981596779281,0.0,0.17294158949178468,0.5205551339917635,0.4564175314934892,0.5795783440656942,0.5742610518522523,0.0,0.17180024551630488,0.40604225585087445,0.649518085597239,0.021378685362139275,0.08776149928092339,0.2204618940211996,0.0,0.0,0.18819131769150438,0.10911754861906418,0.18118088065312313,0.0790114540540978,0.4475315480717955,0.13305031927585323,0.720024054742301,0.5756066740598511,0.11190508012828218,0.0,0.24305513027174788,0.5304985593290009,0.18816790696508492,0.2770729148798138,0.11392497539449442,0.0,0.18942941159777077,0.17382173032139264,0.8198038849004763,0.023793102525577616,0.32513968547015626,0.0,0.5208058943875236,0.0,0.5165266058674076,0.4973757452196998
0.5696582550763827,0.5826925086813458,0.0,0.112682375000185,0.19459562274750083,0.3259519155266856,0.4892407240917698,0.0,0.23839130035134928,0.5690870350068551,0.0,0.24811967081984895,0.5792123993151608,0.14813516863998052,0.28468220611993406,0.698303717002195,0.6366384623059587,0.7647498296152482,0.0,0.5372059003835972,0.3045911470399582,0.6129530861464619,0.0,0.287482557065774,0.0,0.6554379517274413,0.2653400241132023,0.4270692094001305,0.6139752367524942,0.42992496854521545,0.40315850995210145,0.09629627712885061,0.29018666018381234,0.28210488548046353,0.12199906375227018,0.04443227172530093,0.19124132546225642,0.1058064234181856,0.11919941905567852,0.42429366696612425,0.2756332547288956,0.1566891297840605,0.15512359422197086,0.4027062488685888,0.16359246507353373,0.5087169246292375,0.5394582057571604,0.16998399982929985,0.0,0.1636343587165664,0.13668548133596922,0.33628397223140544,0.0,0.17697960040915264,0.48559584574035936,0.10612798434160728,0.22848223769693937,0.3514717725470021,0.17749528177419588,0.35433671231804004,0.613928869577717,0.5944331934399081,0.6876354433674816,0.0,0.4064130345077576,0.2920033185710454,0.5233978526765479,0.0,0.2040053312677068,0.7882353536198451,0.6453712807959611,0.11278665864812916,0.40066476722780886,0.3797506518580679,0.26777606137911036,0.3556494292618958
0.4420267337586112,0.8004738860726549,0.15795380853357308,0.0,0.27331434010607875,0.5500628837634773,0.20287533214120906,0.2808563625223886,0.35861394388013285,0.5142570456541281,0.20488231520452868,0.46900074468870784,0.5647498871963901,0.20414791432296686,0.33320866902406937,0.3011217554146008,0.4382357698808058,0.44521626895234967,0.1797335410818854,0.2789806860575651,0.21307377968222474,0.4045888969847807,0.18617062598364353,0.45567880388409615,0.6554379517274413,0.0,0.1949806287051406,0.219651918578225,0.30566826619106063,0.1054927722451612,0.09466646499499906,0.2348527801064742,0.4409781844825848,0.10373879691886796,0.0067931693693375735,0.0,0.08003284913248826,0.12101801980102066,0.2586606463223141,0.4080053459262177,0.18316517938217738,0.0,0.052874224201712415,0.32571842288263986,0.2565430504962313,0.22700416563010256,0.5203457755701028,0.38204712129466134,0.0,0.18106932191355793,0.3238605373379554,0.206589621957912,0.06262978965277491,0.3291027815652876,0.3012293073297469,0.33572374232350466,0.49903784567791,0.35226198051928204,0.050113418075913935,0.281147885590526,0.20387332406642128,0.3310285657277469,0.22701371570402,0.13728373055568482,0.31969169708795925,0.12128570288468384,0.42116125721846626,0.14675168740417532,0.3630411313567146,0.3375473473723933,0.7666192071445928,0.16251769708879713,0.22687621554114576,0.13590446150503468,0.19393631802915257,0.21752301507197477
0.3107982818459144,0.3161743452633364,0.6370155227827603,0.0,0.5241280635042898,0.6309740430634112,0.40764970851442683,0.2075898866519045,0.5986989744407728,0.12344598890359532,0.4156941584798088,0.0,0.09471591560853737,0.0,0.5358615204255263,0.3090118634621593,0.06033473060119961,0.10738290937150716,0.5839268158773299,0.5054632010763711,0.4938535123695388,0.5246254558441361,0.40886839596497776,0.0,0.2653400241132023,0.1949806287051406,0.0,0.03621846565921512,0.6217327694668712,0.172298719467695,0.0,0.14508965499926496,0.1035413660056329,0.0,0.0,0.029293571324942376,0.0,0.0,0.12384931129471875,0.06508798062010271,0.0,0.0,0.13423052372824704,0.0017771609523896377,0.0,0.3042116997546232,0.5167249865073319,0.618615973502522,0.0,0.15606148299848718,0.6020816277399977,0.3078308941767293,0.3096889291150893,0.564147178290359,0.0862929001692739,0.5097371264820779,0.0,0.06364790333553107,0.0,0.4587517995261012,0.28687801918102485,0.0,0.17893425402192384,0.5209787733425473,0.5193344151596389,0.3652101121604944,0.5782629447141001,0.52786958129271,0.047827075804166556,0.21311469279118325,0.2563381372878593,0.8906060981365044,0.044063957241139276,0.5734013647796992,0.19094515985159202,0.1818572945086042
0.24115549380671167,0.10839837134576119,0.0,0.3341612926994571,0.14047219429567961,0.08565947713288499,0.32666178430522735,0.0,0.14956783290263972,0.5361381702322009,0.236730505976709,0.42384569518369597,0.7384912929031009,0.28898447201259553,0.24828403992180803,0.32828084590326306,0.6486487403842386,0.5172892852393021,0.16179921820304663,0.44939629078869975,0.17947416571349634,0.44315911221834514,0.0,0.30730077840404074,0.4270692094001305,0.219651918578225,0.03621846565921512,0.0,0.3913791639060595,0.7309078181009084,0.7494996074066012,0.0,0.024972972751553465,0.28620825600944394,0.12209990357601226,0.3248509221667078,0.4456317325123389,0.04290014999478778,0.0,0.25638620383154664,0.29013305640513704,0.1482125230818855,0.41237596873979077,0.4588237958787354,0.027282395525033393,0.2681352546837669,0.1226843569343251,0.023082747841618467,0.15919990977710627,0.24383112170350776,0.0,0.4022222817780818,0.0,0.138898104429429,0.5004358275927037,0.07198497880880429,0.27683595871068933,0.5337947842934174,0.358579867658137,0.28228951095511184,0.4315392346966456,0.7575111126109803,0.5757774439350235,0.029062220696062874,0.33609990579493765,0.2523545516105946,0.31995880182204556,0.0,0.0453621426588672,0.4085621157018131,0.27532745922488594,0.0,0.8320627847428629,0.18913012872013196,0.47367865736349885,0.47955279482032837
0.3184092472415825,0.1063923021764618,0.20911257302825056,0.0,0.5900156941555276,0.4280507334127219,0.4964302932711866,0.0,0.5461262250954013,0.5488785828686025,0.3057431471140923,0.20175596871078727,0.3585324648847608,0.1142366390848259,0.4299632657279547,0.49948136968912377,0.4743037705942345,0.3631430663557075,0.2646623745912908,0.6097844175669356,0.2814209119680481,0.5297002822146835,0.0,0.03276957260928008,0.6139752367524942,0.30566826619106063,0.6217327694668712,0.3913791639060595,0.0,0.5601203015552286,0.42479406584523083,0.25105593529230374,0.3106255894436826,0.24385146522718665,0.10747369205912231,0.0,0.007864080503315942,0.1334583510677776,0.2894427178994982,0.3626008311692243,0.22610123421833814,0.22031889547258632,0.09968552338117066,0.324353185867967,0.06653742131886056,0.30971209768265745,0.3663691586862302,0.37566933383278517,0.0,0.23824770069907633,0.21875037523503046,0.5834231740710599,0.0,0.43404269280961283,0.5308906798341115,0.43202759007686303,0.23289475579244331,0.38248882555711866,0.2911155036098103,0.34650905860609893,0.6313662907735633,0.331366213875998,0.5572627417348786,0.1478085136527631,0.4348356064676334,0.24976782636862124,0.5733164435445396,0.025280290277154425,0.06808802438767662,0.5663710792465475,0.4820400636367502,0.47948646690396224,0.3959123584170937,0.6608228897371414,0.33196962447757855,0.5700382968162939
0.2831754365677569,0.0,0.039526200899219856,0.10707387072709784,0.18896247933014534,0.1889687205797119,0.33917284746349524,0.0,0.26203718792627145,0.4213864842279786,0.18206407924978274,0.22721673899397873,0.46270853657077327,0.18913763149975163,0.12006582730187126,0.4249150743679555,0.4211596437319245,0.4792004008543366,0.18998051127922191,0.42105403914949247,0.14827073081169886,0.34779421527072035,0.0,0.1905703922396472,0.42992496854521545,0.1054927722451612,0.172298719467695,0.7309078181009084,0.5601203015552286,0.0,0.6231862540260966,0.0,0.11610722146368672,0.409339269216812,0.1611539450082327,0.24006443291031435,0.3095034984991305,0.08947232471074082,0.002138645304824701,0.3526408528333668,0.3539012853895203,0.4085125609939993,0.26897747315351733,0.33968584560101733,0.0,0.29748536030305434,0.14826736964625098,0.06864949403588431,0.0,0.15655998964569667,0.0645540034314629,0.39283744324170033,0.0,0.16171056180171314,0.36912541176265906,0.03442755740574684,0.16259517265255688,0.334835681657116,0.36721555560564234,0.1176352403261608,0.5782137903537999,0.5257173424995567,0.5808515872884094,0.0664500385556157,0.2683603164529759,0.1870518621974388,0.32707340211767383,0.0,0.08997778287394098,0.46196559446088586,0.24365217942495124,0.028854269782038915,0.6092253608454538,0.3197239828747114,0.5386209950998873,0.4202691569851125
0.07970673330561909,0.0,0.0,0.16057186570117288,0.11353335993922796,0.0,0.3055397837706656,0.0,0.04421447045051418,0.5841588135545008,0.09910411975965754,0.3888312604003584,0.48079578852941346,0.27632406500509454,0.025935359641209917,0.42864064997012724,0.6567734646378359,0.47177115139767745,0.0,0.26814694999899924,0.0,0.27452018329494143,0.0,0.37807990121852864,0.40315850995210145,0.09466646499499906,0.0,0.7494996074066012,0.42479406584523083,0.6231862540260966,0.0,0.06983405900502102,0.23046951104878252,0.5485615651403966,0.3243753032936488,0.11755051967124355,0.26198082822787666,0.2717252172252838,0.19840660184961034,0.40971454563901977,0.4934518171475437,0.29559438931660814,0.32285786142254264,0.5107679536279841,0.29012197925285416,0.12270613555155137,0.02816792548775712,0.0,0.0848205832148227,0.17663257944109703,0.0,0.46104647089462397,0.0,0.002677771429739865,0.6067807261826792,0.008147338004541775,0.3171086892769482,0.5324794846349943,0.3949733740311209,0.07670283391489084,0.5107787343445642,0.7445044927050424,0.6132422161359026,0.0,0.15891122333482458,0.09096972902462148,0.19860134331976992,0.0,0.16503937584493533,0.4182087949513609,0.24412178067825557,0.0,0.7228743844700852,0.1937140860725838,0.417335153269948,0.7344822143803427
0.0,0.03366906206018556,0.13610700237989637,0.0,0.3279487904991552,0.3358853548837953,0.0,0.1636839378185904,0.2755845735421862,0.43762799092780486,0.11618433497485438,0.3914571192529219,0.0680437598845573,0.0,0.0,0.18883120501613485,0.26112994543676354,0.0,0.1920875071954319,0.0,0.0,0.0024379576437831693,0.03712999639604446,0.37592575832639924,0.09629627712885061,0.2348527801064742,0.14508965499926496,0.0,0.25105593529230374,0.0,0.06983405900502102,0.0,0.677647433949195,0.37437624730777974,0.13302631719149086,0.0,0.0,0.41418069593085544,0.9023762372429548,0.5077610481786581,0.4068264600854236,0.0,0.0,0.14916016204888904,0.5340915426074926,0.0,0.02518571655460156,0.3600822787426567,0.0,0.07149873592919626,0.2019289496975925,0.20950399086315663,0.12796420790438154,0.21342704468192603,0.3987909664410665,0.3598226393956122,0.5250178603617911,0.37115138060796293,0.07189312691523174,0.0,0.1500969060978522,0.06277837924434951,0.0,0.28091498060964937,0.043756920536262255,0.0,0.2245128908621599,0.054715288286660384,0.4709234121183591,0.0,0.19908496268305362,0.20815634499387153,0.10409370767150072,0.22072122066471564,0.27397365419992925,0.47346363892735677
