0.0,0.6896936227285707,0.5440512789894186,0.5754400547676679,0.6485188354506041,0.5570890633442531,0.7445981755125775,0.5760532141414915,0.7121111753432933,0.6605513046949514,0.5402337047052552,0.5869897203705585,0.6411910062432692,0.6410624969250139,0.3221117611836973,0.7021562166427374,0.6829830154857314,0.6919646838187676,0.3192260779987141,0.6234276562829612,0.7076067569058372,0.6382908325844658,0.6042021533967199,0.5592744683151362,0.8115740336950614,0.7930819176757836,0.6206008199337657,0.6810712864775451,0.5797584454782644,0.6403767979364577,0.6364520788155373,0.18866285850015904,0.046748109284487124,0.36451555966622196,0.0,0.406340378196915,0.41274225618986776,0.4637740874524932,0.0,0.0,0.45288501008889587,0.0,0.5211636411267339,0.45047398216104584,0.32580496008888954,0.726987575183976,0.6398646076833461,0.516312996916976,0.587729114543291,0.4398675024491462,0.537247329297636,0.573526935606877,0.4481506934515142,0.6270743103421097,0.49787246059928897,0.622064702530502,0.5579863216981594,0.6236084911549714,0.546388379124511,0.2385871504377299,0.6266477999411675,0.3608479206245177,0.6354228755923131,0.417679357774528,0.5569921396986544,0.6915941761510467,0.6022207256870633,0.608489110108435,0.4350568889465179,0.6852936511808914,0.7652327705463013,0.502475120216485,0.6414320121246576,0.6092618092817886,0.5749022534954367,0.5621982566358741
0.6896936227285707,0.0,0.5578415735042438,0.7551459965126996,0.8127897938848012,0.6308492247910087,0.9316545500314861,0.700653968292724,0.7683488638535251,0.8755605115815247,0.6198420981929392,0.6824537904829238,0.8698199279220373,0.8827146537026997,0.4777825087567107,0.755999872849429,0.8954936312858807,0.6774632592464203,0.17297635943795753,0.7895157826697986,0.8422425744776537,0.8579829406176155,0.6379870915838137,0.5094550634089419,0.8338993461296393,0.8934531492138771,0.6340124170498778,0.8647828835531195,0.6661638596284654,0.7376383185979154,0.7263950010230574,0.1623652530674229,0.0,0.451366758704678,0.0,0.6476607910985029,0.5409352426118954,0.6474895210351765,0.0,0.0,0.5710966984898483,0.0,0.7594010638099928,0.6071361479774162,0.3293164926224922,0.37172578606312645,0.8489790442668241,0.5128035230755988,0.6993309487119251,0.6049083453847218,0.6229915854391973,0.6976999104053265,0.6085797490518879,0.7590341533741999,0.6326569033873812,0.7232477911628621,0.6551895698782386,0.8437928197764992,0.8038522265371635,0.37222196527666557,0.6765680974207355,0.30192812796847085,0.5859989515371256,0.4595055392805953,0.7279618041689264,0.8560820137059423,0.7455532555308299,0.6566247244729767,0.4374671291115875,0.6570745661898281,0.8218855907998408,0.5416957747048464,0.7749035411193417,0.6481452298587581,0.6854856606463448,0.596172960155442
0.5440512789894186,0.5578415735042438,0.0,0.3488259253370125,0.6646302429335446,0.8315492937596916,0.599479047461644,0.49135795841237395,0.7546077764314382,0.5805367936634753,0.7226025628118491,0.5796065468523401,0.6860191228095965,0.5176966102306403,0.5958534060598439,0.4813890870464885,0.541524770517955,0.5290369467133924,0.6573731286387454,0.7206148500415527,0.5277147015392046,0.6253698308838948,0.7995057681911864,0.5304127448553279,0.6198024738531513,0.6507950402527514,0.8520225132420032,0.5702836150828461,0.7534531754354128,0.5019296439471714,0.4714218516202733,0.0,0.18619015949560436,0.4003323766985824,0.0,0.34967388527687987,0.28953561066011857,0.5965826875261109,0.0,0.1407743312857512,0.4679998074211586,0.0,0.4775823821454797,0.4322678531353529,0.3878623190506167,0.42741676845353554,0.41699792267998975,0.8734318659134568,0.38751416445067777,0.49988394690565185,0.7934708257652334,0.43686098944034846,0.471755496253395,0.8630528537119213,0.4632285059701157,0.75636495453466,0.5148429957889161,0.6890737860896381,0.48034323967229386,0.5765857885675019,0.6752475750526006,0.4049186260179351,0.6611206764610199,0.7940067808113049,0.7511099194360772,0.5305779802294528,0.7159351399002788,0.7494926784369539,0.5814925507976865,0.6698550225637618,0.6782340105945037,0.8203667890947441,0.63462779850678,0.685271590036254,0.5653182748632017,0.6270788238594001
0.5754400547676679,0.7551459965126996,0.3488259253370125,0.0,0.8361225871699421,0.3991267947874299,0.9056515862703551,0.6818547429659864,0.7684640737902515,0.7446405021741204,0.5094855169989783,0.6371195239262517,0.7273655653662671,0.8864761346280557,0.20015401794180301,0.7000854228527063,0.7756698206624446,0.5694992251191068,0.05210898232273589,0.5495589305963562,0.6943141424620543,0.6080174263808681,0.3852718696715444,0.3844788255404193,0.6404944098805821,0.6790591821910971,0.4807077509194378,0.8779048927932931,0.40612408924771626,0.8202155914333632,0.8106921044780405,0.31590424250799176,0.0,0.2803786676160109,0.0,0.6886357705152301,0.6395868303471236,0.4745209348232311,0.0,0.0,0.38712428323834125,0.0,0.6840453347237422,0.55071476192195,0.21268334676859457,0.23424847496249973,0.6914090647888222,0.35773494776717313,0.8074448046748831,0.5575243780633925,0.36135876997163663,0.6921789314078753,0.48457882984018447,0.6311157391856947,0.5608795026914262,0.5927973326884095,0.5506304448676179,0.6562580805624382,0.7681932936135957,0.07602712177175247,0.5065707915534574,0.2636958972261641,0.5253421917279913,0.32416738370673737,0.44885050239118784,0.7602555781388257,0.48690713501602295,0.44232843911463643,0.26199290438286016,0.5265245997832432,0.6083027551985281,0.30503930407629426,0.6779027402214326,0.3564614506827441,0.5610742082308223,0.45770082693584185
0.6485188354506041,0.8127897938848012,0.6646302429335446,0.8361225871699421,0.0,0.6425820252844558,0.9933684075899286,0.7017891473578479,0.8984012857495897,0.8693270030571993,0.747349722270521,0.7389820329175858,0.8838575537033445,0.9065745806842185,0.4740214055946955,0.8184899573361746,0.8631498910186415,0.6315306735127312,0.21976371946031859,0.8073818850774255,0.798012086804802,0.8326656299105398,0.6163073934089803,0.48875584061068267,0.7132261680916445,0.7783774475588939,0.7318802076446325,0.876835302317937,0.7050023929843122,0.9035931306254167,0.8543867654980488,0.24076013610985839,0.0,0.421612721878752,0.0,0.6464673878691537,0.5543099876066261,0.6174437482293876,0.0,0.0,0.5146066682767527,0.0,0.6901656892608751,0.6030237551468612,0.3375237077163994,0.3111215577460285,0.7363208261485633,0.5565308188036198,0.7280936404933227,0.7557056183637034,0.5730157138702531,0.7935448503169855,0.5655315412787661,0.8977124164224051,0.6968310963403727,0.8095749287879815,0.7028706929255444,0.860563397382624,0.8024127087295932,0.3728397837442642,0.6541283778964743,0.394658720821563,0.6423064129571753,0.5389204404304508,0.6716929926385234,0.7966047207980701,0.7314635959695456,0.6177588411416282,0.43736590209705184,0.6131522664902462,0.6977335138294584,0.5531573832953838,0.8208171668953128,0.6217391342067294,0.6353353243571837,0.5777490617148874
0.5570890633442531,0.6308492247910087,0.8315492937596916,0.3991267947874299,0.6425820252844558,0.0,0.6950887323124899,0.6083806993429994,0.7331693658897124,0.6699417192223326,0.6187502933681909,0.7619571894402211,0.7595305774432127,0.6173284203332455,0.6001184709689803,0.527148412547416,0.6091232723370752,0.5618530935108313,0.597257623017079,0.7860768157212974,0.5978211254623628,0.6275685364982,0.8700950843367672,0.6613033677628508,0.6281721157232235,0.7472253453958112,0.8931208667173735,0.5889781027814962,0.8505334130840604,0.506119119989113,0.514802961956757,0.0,0.20572268390293091,0.4580986578418883,0.0,0.4298852549919422,0.3462263970699874,0.6203675919449005,0.0,0.05890600533618086,0.4943908704327546,0.0,0.5877968895378264,0.41417768320136605,0.4108239881832882,0.39054580769477815,0.5255013956960806,0.8357815156375644,0.3856483715790081,0.39078948595490764,0.9166223930889243,0.4019517157825866,0.5999428169088465,0.8151404377017487,0.5075278515482947,0.7048121483420708,0.6646157124861467,0.7185751128627538,0.5051310409551344,0.5738735488534741,0.7492924584183449,0.38105494832183945,0.6852852974717584,0.7377885671234111,0.7974187718613033,0.59752061289601,0.7082918691369877,0.8335857910113075,0.6700329668850198,0.7157509577040484,0.7470721082300733,0.8411011398579333,0.661601069029104,0.7179801829852003,0.60432496009225,0.6031947429482261
0.7445981755125775,0.9316545500314861,0.599479047461644,0.9056515862703551,0.9933684075899286,0.6950887323124899,0.0,0.6841719761649621,0.9483249124673889,0.8968071766479244,0.6992912450805059,0.7790317347865433,0.9188581395652298,0.9078621203527706,0.420150714816058,0.8917176547360831,0.955665729492216,0.7837055062581566,0.26284135308920553,0.7783908644647142,0.8009616886528459,0.8234137733764214,0.5964720284959522,0.6151734915752348,0.8820983507528987,0.9124447652750656,0.7487471260576319,0.9166643382479888,0.7059272087799564,0.8266419522123638,0.8375673994758353,0.22354493523949875,0.0,0.4499628091241267,0.0,0.6294797932045789,0.6095565959088045,0.6659157462004789,0.0,0.0,0.5115593901272504,0.0,0.7003855807122331,0.5824083770380705,0.39040015568547215,0.39502936027558183,0.8222383996371136,0.5954173367426328,0.7544542015307987,0.6402670679917748,0.6275920015256022,0.7574893771567002,0.573443636599572,0.8549153430462901,0.7254816719084246,0.7665970358913455,0.6950538972197565,0.8618507687492073,0.7434791431455694,0.3206775944734702,0.6880564096232327,0.4506404836392335,0.713026860955838,0.547542625456061,0.6430400482097846,0.815209954202228,0.6762836913815459,0.649536584831291,0.48803455499441256,0.7266755532527311,0.8474021139647948,0.582517291188535,0.8329092479403999,0.6516599518375976,0.6931083937290953,0.5902008165570016
0.5760532141414915,0.700653968292724,0.49135795841237395,0.6818547429659864,0.7017891473578479,0.6083806993429994,0.6841719761649621,0.0,0.724404807555127,0.6847261764327869,0.7005173969297808,0.6848073743620353,0.7027260973050397,0.7611004285761496,0.2879374652000483,0.5008879349215964,0.6948049292507021,0.4260594428023185,0.126432220262399,0.6015852854271924,0.7013088042869404,0.59263637659564,0.7188723873382519,0.38293580365861135,0.5722503673649584,0.729700479915886,0.558545615262637,0.71207270423831,0.48121082131956316,0.7117774780362828,0.6036433051681965,0.16146738219505294,0.0,0.3560275847701953,0.0,0.6204712305073408,0.47224110950063775,0.6265957124688499,0.0,0.0,0.3986825930950313,0.0,0.673836125587341,0.40057709952865483,0.39442090943402475,0.21902242942917302,0.7226089227405743,0.4694029125515826,0.6481850093092989,0.5185005593886522,0.5150262901763806,0.5653102802801052,0.8686394985047929,0.6583814214205712,0.5231786101525832,0.727414861235239,0.6826010444804188,0.7457224728169954,0.7256847601761568,0.24332646347810705,0.5904803073762978,0.3050725683844536,0.5058381255192852,0.43284644973827946,0.5426992736759612,0.7227027433616167,0.6123741602454694,0.6826010093060985,0.3392817521803453,0.5204559650088347,0.6894063377156708,0.39890949369562667,0.6717119756141096,0.3689800990282342,0.5283863196227976,0.44244557372501203
0.7121111753432933,0.7683488638535251,0.7546077764314382,0.7684640737902515,0.8984012857495897,0.7331693658897124,0.9483249124673889,0.724404807555127,0.0,0.7829087330288115,0.8519660983299695,0.7424728724443034,0.844795672361516,0.7944789725061396,0.36294169500660234,0.6912281362342487,0.7683874780906593,0.655465480977725,0.4006086836536789,0.7267879845070412,0.7147337823321755,0.7223354451797146,0.6717472733280886,0.516868663278143,0.7628263023028706,0.8119343554536305,0.8121006148980089,0.8467929343681282,0.6959066463469408,0.7489829856320417,0.678492439275214,0.055664437905803006,0.0,0.3730532614507731,0.0,0.5004547495881358,0.4436292747172416,0.652968898045002,0.0,0.0,0.5003383930785001,0.0,0.6603748142459573,0.4953562341878471,0.3927924437001216,0.3731535696025056,0.6793056888648858,0.6866634614297903,0.6714389077020789,0.5830483356114446,0.6077430565427712,0.6527325483929242,0.5870782432862406,0.949580883726869,0.5897615970281844,0.9041414328913185,0.665340481129732,0.81038519442557,0.7398769049959735,0.28362162905665256,0.7559576224333384,0.42977198659110594,0.7559822518110716,0.6676341326803095,0.6499625213136808,0.739007271634421,0.6911965232659703,0.6707863973087006,0.4414103187209027,0.7249483002556972,0.7651165875293966,0.6464597146145592,0.7598610628039467,0.553810170657247,0.5933749376613391,0.5821594630461686
0.6605513046949514,0.8755605115815247,0.5805367936634753,0.7446405021741204,0.8693270030571993,0.6699417192223326,0.8968071766479244,0.6847261764327869,0.7829087330288115,0.0,0.5531288422429176,0.8880713972754369,0.8032950735708048,0.7978102592967118,0.4447832760115782,0.843563785169345,0.9460272320160992,0.7740679733948168,0.21993499721121287,0.7526609108555837,0.729414449293503,0.7451646292972667,0.6121841093294746,0.6852529751927687,0.8899627742081355,0.9221123658998496,0.6254271068413949,0.8256857786686205,0.6195312467138969,0.7602054837930882,0.8362227672613278,0.21222220791888233,0.0,0.4307911806310411,0.0,0.6383169950556727,0.5326242366285845,0.6368738910502895,0.0,0.0,0.5254425593094949,0.0,0.6644532121445811,0.6413321013852376,0.3815200205320446,0.3331601317135054,0.7822927016999248,0.5541907061312422,0.6907435064960588,0.6660004308425083,0.6050338182807635,0.6833111196685115,0.5859033046600239,0.7790247452669451,0.9264640933914635,0.665272097795859,0.8895652713284329,0.8500361656902944,0.7219945808685462,0.31220618839675307,0.6228627303305916,0.5946912234372798,0.6663475727867988,0.48527299080501146,0.6357197361973803,0.7492322796002203,0.631616765023245,0.6421299954291679,0.6219154456750275,0.7780455301934908,0.8665714335638487,0.5054875602232458,0.8502659965756566,0.5894303329403694,0.667195620784297,0.631118679988493
0.5402337047052552,0.6198420981929392,0.7226025628118491,0.5094855169989783,0.747349722270521,0.6187502933681909,0.6992912450805059,0.7005173969297808,0.8519660983299695,0.5531288422429176,0.0,0.540773399319562,0.7411761291901455,0.6361001692246793,0.4073647067716075,0.49321856317762697,0.5583561170861001,0.44410932860294455,0.40625254076749784,0.6537357895452355,0.5993038632030385,0.6941671811579654,0.6886093070099522,0.29227571889550885,0.5669027254946035,0.5939000015219088,0.7448719575556474,0.6442959902243127,0.6752903193105153,0.6179798492897709,0.4840682916414946,0.07143065081025414,0.0,0.351465510995328,0.0,0.4551610501278736,0.3536155105860701,0.5009344434175869,0.00894812373356612,0.01375330082967274,0.4057259855807693,0.0,0.5444585648334255,0.4201703764921343,0.33809396009708875,0.33332280355449345,0.565511361952424,0.6796361630738514,0.5476293790604645,0.5902016610195916,0.515152501536369,0.5774394372734978,0.5713293542972739,0.8248532553268427,0.4444203840447668,0.9587576776156739,0.5504180793997163,0.7234913162581081,0.6192708506373013,0.38568072397982506,0.6588429294157897,0.3883363453150566,0.5787763778243169,0.6953036768529158,0.6412691967324459,0.5955852632059958,0.7479920793830209,0.6437899782474568,0.28278589527709097,0.5476799098321871,0.6156556121874026,0.591737124509044,0.654005390454863,0.5093273126663522,0.5770239912205998,0.5727593335677796
0.5869897203705585,0.6824537904829238,0.5796065468523401,0.6371195239262517,0.7389820329175858,0.7619571894402211,0.7790317347865433,0.6848073743620353,0.7424728724443034,0.8880713972754369,0.540773399319562,0.0,0.7743023265927773,0.7299203266111706,0.28008735838466675,0.6450773447540366,0.8050475967681503,0.7024079556492827,0.28856125761608,0.6111080472610118,0.5572399284893649,0.5353194652531762,0.6007760912630146,0.7955317979235041,0.7486753212638768,0.8713473060005736,0.563445632679043,0.7424302506763953,0.5293065036781249,0.64844251616304,0.6521422245946507,0.0970968195948875,0.01456670799568076,0.38170472836544694,0.0,0.49358902254730647,0.35921609663443693,0.6272648951899664,0.0,0.0,0.42802033671886525,0.0,0.4888238766790044,0.37385296011227087,0.5818275691109931,0.3011052131478547,0.6200093306042984,0.5729554967447764,0.49783816426759386,0.4837968698406721,0.6227387103261701,0.47584765749921054,0.6122535933276633,0.706108462155989,0.8241250255674659,0.6177611101707086,0.9289774804020751,0.7230710859067603,0.516133045323269,0.21402419726031177,0.5230439014965093,0.6974687890621143,0.6736956363301392,0.4911359903354069,0.503242937763032,0.5102526609208872,0.46933508003040064,0.6017871275854202,0.7167366576301327,0.723673472412856,0.8109959995481889,0.43443709198240865,0.7036548596845205,0.40869755293931304,0.5228755347159881,0.44132492119666067
0.6411910062432692,0.8698199279220373,0.6860191228095965,0.7273655653662671,0.8838575537033445,0.7595305774432127,0.9188581395652298,0.7027260973050397,0.844795672361516,0.8032950735708048,0.7411761291901455,0.7743023265927773,0.0,0.8601810943559643,0.5149641304812066,0.7164025245959953,0.8029349524423388,0.656074608402823,0.36722383152232974,0.7985758010111397,0.7724443690418732,0.7958072796481303,0.693432079316069,0.5132014487816104,0.7612530717224576,0.8123217382616178,0.7136029420169318,0.9188853873842155,0.7708788564729784,0.8214808805394893,0.7575169531754501,0.16116924563605148,0.0,0.39671793324618293,0.0,0.6784989891751805,0.5590147791764789,0.6098636320899423,0.0,0.0,0.5710715938508805,0.0,0.708936095750843,0.5953266577900099,0.36182237004359974,0.3675215955920896,0.741406755037736,0.6344687557806699,0.6651648444444884,0.6681820533667024,0.6394712304943571,0.6944869858971241,0.6110995744035114,0.8207944232192776,0.6464267734021966,0.7634394149095286,0.7075262617015564,0.8729620409952147,0.7771100844755223,0.41814659213653527,0.6737017344629287,0.4516974402823861,0.645424604145447,0.5880529156397163,0.7059314894984019,0.7443612800398675,0.7251579048431751,0.6649245298409852,0.46341429842472875,0.6686827571200509,0.765130407704537,0.5713187801728268,0.8119801611626339,0.6505526142665564,0.7127080458407608,0.6525737761976153
0.6410624969250139,0.8827146537026997,0.5176966102306403,0.8864761346280557,0.9065745806842185,0.6173284203332455,0.9078621203527706,0.7611004285761496,0.7944789725061396,0.7978102592967118,0.6361001692246793,0.7299203266111706,0.8601810943559643,0.0,0.41705400098652323,0.7854611333313178,0.7791575559087933,0.5488939197217387,0.04208967396303217,0.7916522922115193,0.805024762355535,0.8551101559282195,0.6168386604120111,0.501138059607574,0.6958168254236866,0.8422394588520717,0.6454264052318727,0.8773020687225351,0.6583112558027987,0.9344849890366056,0.891413153694715,0.27580904531163747,0.0,0.4234211792837711,0.0,0.7569761175497856,0.5562261065203095,0.6220865590512902,0.0,0.0,0.5345852098477899,0.0,0.7941623291758215,0.595900501928013,0.37024872265952447,0.27348095048605325,0.8533469111514161,0.45228250703469786,0.8205660841388225,0.656578996571657,0.5890494445684734,0.7275440571956635,0.6109359943992695,0.728639521017121,0.6236716865376338,0.7040884920151135,0.6989308394489074,0.7880612086327453,0.8828462502394031,0.3231575871398377,0.61630601407183,0.303586857698009,0.5042398546297862,0.429278430427831,0.7494093613598695,0.7769602621691016,0.6996391198479609,0.6257695339732203,0.42570585849577536,0.6458536467991778,0.7905566937906281,0.5556159547925454,0.8141104217117089,0.5904720307058449,0.5830004659216448,0.5732258968086886
0.3221117611836973,0.4777825087567107,0.5958534060598439,0.20015401794180301,0.4740214055946955,0.6001184709689803,0.420150714816058,0.2879374652000483,0.36294169500660234,0.4447832760115782,0.4073647067716075,0.28008735838466675,0.5149641304812066,0.41705400098652323,0.0,0.3901909975497639,0.4347168918397562,0.26923578720870384,0.42978729510711766,0.7919785290903143,0.621649825685996,0.689049205314291,0.7084376306612643,0.27737345204677893,0.3466943441674642,0.3931734239774378,0.6848014991966745,0.38404271845845345,0.7474143820159019,0.42585007173688516,0.4541565120826213,0.006541743414426992,0.1734470273079557,0.47055791119437707,0.0,0.4589878172197721,0.33146235938270013,0.4181213863105746,0.13878137310194172,0.08277700942851703,0.5975889172244115,0.0,0.5565539185863686,0.4596276383044514,0.15775800847538812,0.32965315494467307,0.38511709252009446,0.5610660917379653,0.3167680906500771,0.5165969318068714,0.6054193555918916,0.393897700837545,0.37369994973788156,0.5673899800900233,0.3802922497963267,0.4589009416029217,0.3044571525003464,0.5383035594699891,0.4522321887508639,0.9384649078807515,0.5177587984851302,0.07605445929709274,0.31729660812480925,0.5166633763085301,0.8039854359278061,0.5909638789657357,0.7174247734864073,0.7055326392277043,0.38894461904232214,0.3788462207049803,0.46030287166340494,0.6927540363753898,0.5732065440784868,0.8201770474687148,0.521159966952823,0.6376888243076247
0.7021562166427374,0.755999872849429,0.4813890870464885,0.7000854228527063,0.8184899573361746,0.527148412547416,0.8917176547360831,0.5008879349215964,0.6912281362342487,0.843563785169345,0.49321856317762697,0.6450773447540366,0.7164025245959953,0.7854611333313178,0.3901909975497639,0.0,0.8478284049410638,0.842409936654013,0.14402689597485932,0.7341194903976889,0.7155547238266078,0.8058607582119603,0.4557913240876475,0.50959444202219,0.8011305226944284,0.7575569027191582,0.5529453553932675,0.7945005658351268,0.6272303931684874,0.8251955659330809,0.86924057805587,0.37237853284738526,0.0,0.3804610859697235,0.0,0.5191177224352536,0.4560685120997205,0.4593540898676382,0.015023187711786783,0.0,0.46029553590662975,0.0,0.5822315168791191,0.46883862787203223,0.21152605259759996,0.4576129940552007,0.712892203832437,0.3657625959492615,0.7475240452123006,0.6297859422996558,0.476342634573503,0.7290170565830405,0.34154888582486914,0.677381393888921,0.7287778940495244,0.6089437549336352,0.6193149947447656,0.7022232335229528,0.6798245929987374,0.28050089030230424,0.6369409813470501,0.4767747645399938,0.6989249603151582,0.36134633100534624,0.5353022035713819,0.7093511332277814,0.6196937276708622,0.4624920092170083,0.43877096298688817,0.6826070567001558,0.6907831780523972,0.40705008593469305,0.687850795807013,0.5827491935179512,0.5681701852017566,0.537754154871634
0.6829830154857314,0.8954936312858807,0.541524770517955,0.7756698206624446,0.8631498910186415,0.6091232723370752,0.955665729492216,0.6948049292507021,0.7683874780906593,0.9460272320160992,0.5583561170861001,0.8050475967681503,0.8029349524423388,0.7791575559087933,0.4347168918397562,0.8478284049410638,0.0,0.7502906980482521,0.1343390569696042,0.7699749776654051,0.7771524145402926,0.8014024783890297,0.5502528116564505,0.6383674572937438,0.8111861962972683,0.9059915119290627,0.6100267821495283,0.8332983240675024,0.5988518720247964,0.7447768715973632,0.8582840282473659,0.23161419236904238,0.0,0.5095015380801352,0.0,0.6679992829926658,0.5700762455646148,0.7010474925216043,0.0,0.0,0.6014514109458403,0.0,0.7290803345737974,0.6314697936261371,0.42836245142104196,0.30080853829366994,0.8607076206621391,0.4798025191487862,0.7755937457864648,0.6784585778107509,0.5951010133392345,0.7227874472749503,0.5745291977075859,0.7946254852738357,0.837007280189483,0.6820516056063386,0.7996214269606738,0.8709786386193208,0.8223777384854523,0.30164862645665325,0.6331671996931152,0.4777837408013936,0.6060014166139238,0.44640022108904703,0.6524741511883225,0.7943661090795154,0.6713031651284425,0.5616380065158822,0.5558616437239388,0.7136410212399558,0.8376614411532248,0.48298000959095017,0.8217011142088676,0.6130682477782622,0.6938700346878107,0.623380530676679
0.6919646838187676,0.6774632592464203,0.5290369467133924,0.5694992251191068,0.6315306735127312,0.5618530935108313,0.7837055062581566,0.4260594428023185,0.655465480977725,0.7740679733948168,0.44410932860294455,0.7024079556492827,0.656074608402823,0.5488939197217387,0.26923578720870384,0.842409936654013,0.7502906980482521,0.0,0.33203767928641315,0.5825436937653126,0.5259737727401692,0.6086564638469255,0.4073968903115799,0.6981377065609811,0.9229689972616898,0.826570640426646,0.5196323926409223,0.661423235874205,0.5423097131892218,0.5262863048773828,0.6423817757874051,0.210560764183706,0.11723162686936013,0.40858075920449205,0.0,0.3895154375983416,0.3353231402425679,0.4589949310426442,0.06806640825578109,0.015345838809371227,0.34419120742228215,0.0,0.4516292587098616,0.431098003468291,0.32339384671706356,0.5535208059685368,0.6152313756644291,0.46117384413425544,0.46655021760559034,0.457291158934172,0.5393789325907936,0.49156953381098245,0.3701515663569241,0.5961931612402764,0.7134375333363098,0.5308859100049962,0.6771154553873838,0.6045611980085683,0.44306592655052157,0.18300890147389273,0.6151161738838252,0.6400293880498463,0.8015010853637228,0.44929348512743356,0.44214810765850104,0.508990976521127,0.5014314211602101,0.44559402302203466,0.6293319371534781,0.8182491835824925,0.7937898256851137,0.4213339410572661,0.6046782067315888,0.4772494147901763,0.4911397318720303,0.46955038632114415
0.3192260779987141,0.17297635943795753,0.6573731286387454,0.05210898232273589,0.21976371946031859,0.597257623017079,0.26284135308920553,0.126432220262399,0.4006086836536789,0.21993499721121287,0.40625254076749784,0.28856125761608,0.36722383152232974,0.04208967396303217,0.42978729510711766,0.14402689597485932,0.1343390569696042,0.33203767928641315,0.0,0.3898629189090093,0.1702480853289634,0.27507898895555466,0.4800344170619599,0.434684102053131,0.3187401526407659,0.25204391582198715,0.5952838398500521,0.223694634876819,0.5739415564155637,0.05797409499497228,0.1086690043338945,0.0,0.5701192748276468,0.3118219112009789,0.0,0.1206576108245991,0.21478593736056067,0.2651697953603601,0.1728095250614372,0.49504268280503616,0.22120257811560978,0.18741363506797992,0.12424305513531364,0.16690325257468502,0.2150246006612708,0.41329223671129756,0.03901787028901505,0.7294361401684833,0.0,0.10598875974259953,0.5286593830179035,0.030014091257565583,0.21136941300428608,0.46375740964950685,0.0946254052919669,0.43855840676955976,0.2139440498836298,0.24268788067990507,0.041050602574658146,0.46540509816802417,0.48117703859265887,0.2280356122558232,0.523041624324411,0.8197369213853951,0.47736717676807794,0.16794476643911108,0.4519552723519006,0.4610527783878413,0.457464292092109,0.4197297789990384,0.3413171535746004,0.6012153606685944,0.3002086629949169,0.5101385899400722,0.40645918299290273,0.45297513950888013
0.6234276562829612,0.7895157826697986,0.7206148500415527,0.5495589305963562,0.8073818850774255,0.7860768157212974,0.7783908644647142,0.6015852854271924,0.7267879845070412,0.7526609108555837,0.6537357895452355,0.6111080472610118,0.7985758010111397,0.7916522922115193,0.7919785290903143,0.7341194903976889,0.7699749776654051,0.5825436937653126,0.3898629189090093,0.0,0.7868736923829956,1.0,0.7983684793203657,0.47016869870382483,0.6887321259866669,0.7445288151518836,0.8344534604173489,0.746113158633999,0.8910099709517668,0.7680453256359953,0.751646666373423,0.12105588500500666,0.0036928708202917182,0.49672738709405506,0.0,0.6284199458761216,0.49069501301680923,0.6472962082819761,0.057203074917642094,0.0,0.6491067130991806,0.0,0.7261276192269874,0.5650656880901773,0.3791422185857743,0.42778034180767605,0.6848977103614753,0.652560787659151,0.6085455266677687,0.6691567473858898,0.7091152508896862,0.6344554770092052,0.5050354592779305,0.8374372930945737,0.6326104686751013,0.7166401815111355,0.6121265746420691,0.8018509503691981,0.6907958459287274,0.7277610428329667,0.7290055444778915,0.3109255611137085,0.6193871893881372,0.5867946764744163,0.9217825547912825,0.7741133431136094,0.8896491264784789,0.7716677951594137,0.476522477595203,0.6787715423017009,0.7318365724698437,0.7660940365647407,0.7954074427580645,0.8575093817577694,0.6819418512457402,0.6952049175553633
0.7076067569058372,0.8422425744776537,0.5277147015392046,0.6943141424620543,0.798012086804802,0.5978211254623628,0.8009616886528459,0.7013088042869404,0.7147337823321755,0.729414449293503,0.5993038632030385,0.5572399284893649,0.7724443690418732,0.805024762355535,0.621649825685996,0.7155547238266078,0.7771524145402926,0.5259737727401692,0.1702480853289634,0.7868736923829956,0.0,0.83287778178172,0.7007538822675282,0.3478155267450385,0.6665135565509089,0.7369720862307996,0.6920778111471787,0.7641755728934502,0.7093633807847902,0.8347351543705925,0.7939742064068476,0.21687052023482897,0.0,0.4836855468240958,0.0,0.6869988288225375,0.5984170141419696,0.6261654829002397,0.0,0.0,0.6315873802388033,0.0,0.863123374729375,0.5381190307085693,0.2953279925028967,0.36809878816414093,0.8169497081667231,0.4555743286210516,0.7378350786928798,0.6157549546705694,0.5602920654478529,0.711359458322613,0.6173786844209616,0.735765730307647,0.5661045875702784,0.6692233731891721,0.530709499448727,0.7858163120859395,0.7356773952615355,0.5066930566095417,0.6652224935747334,0.1966651851164636,0.4805578352811111,0.4393253644794723,0.7233455400540145,0.9632239149648651,0.7834454963759531,0.6696299820484299,0.30528889371101614,0.5612032468537562,0.6902772520433025,0.5375515298592962,0.7404186650740412,0.7064459677767592,0.6563434981083817,0.6360771197628086
0.6382908325844658,0.8579829406176155,0.6253698308838948,0.6080174263808681,0.8326656299105398,0.6275685364982,0.8234137733764214,0.59263637659564,0.7223354451797146,0.7451646292972667,0.6941671811579654,0.5353194652531762,0.7958072796481303,0.8551101559282195,0.689049205314291,0.8058607582119603,0.8014024783890297,0.6086564638469255,0.27507898895555466,1.0,0.83287778178172,0.0,0.6798986348562346,0.36429020874234874,0.7213158709948536,0.7312102359821551,0.7410885212053134,0.7834966185405985,0.8188520810028227,0.8072497653780807,0.7764627342187451,0.2425860616859704,0.0,0.45809800524660965,0.0,0.6335454355052821,0.4712673186583004,0.582427150650263,0.10511621108951333,0.0,0.6459909834745401,0.0,0.7451615556531196,0.5164690799512041,0.2514711949880871,0.4225120085678293,0.753304313155402,0.5114664146578388,0.7231051367238853,0.7192229794407299,0.5928924143512083,0.742925200819121,0.44581500900176974,0.8033714862041068,0.6389461005681304,0.7402048346196601,0.5382137081326719,0.821192102686759,0.769928037956633,0.6357509452864606,0.713399882701307,0.31257102307500306,0.6101654608501343,0.5060567175285393,0.8507099469992188,0.8212531013246112,0.8961013928719487,0.6619776324917469,0.36006026537487174,0.6480306604914806,0.7087427645886445,0.6404922918070441,0.7791691385670078,0.8046076886325088,0.6546947554150766,0.6725689216024442
0.6042021533967199,0.6379870915838137,0.7995057681911864,0.3852718696715444,0.6163073934089803,0.8700950843367672,0.5964720284959522,0.7188723873382519,0.6717472733280886,0.6121841093294746,0.6886093070099522,0.6007760912630146,0.693432079316069,0.6168386604120111,0.7084376306612643,0.4557913240876475,0.5502528116564505,0.4073968903115799,0.4800344170619599,0.7983684793203657,0.7007538822675282,0.6798986348562346,0.0,0.40863619187135725,0.5500765877063655,0.6877078514306662,0.8577622567700919,0.5549277427543646,0.8225042018668757,0.5551439545369882,0.4965556923141467,0.0,0.06401852189731425,0.4677233565406985,0.0,0.4802794680679852,0.4000858754741843,0.6333633486252968,0.0,0.019839554195943212,0.5842870035123164,0.0,0.690684744661454,0.4478594485837642,0.4224010934614833,0.43683598667252993,0.6203723259558233,0.7670014907490805,0.5185919875369571,0.5068342975680308,0.8142233419221425,0.4725733251550416,0.7245246483630099,0.7668396600801054,0.4569814750605065,0.7261869179950033,0.567008612178999,0.7557990510008654,0.6021870314198805,0.6989115868361918,0.7399318762286715,0.24242658609836817,0.5389453415003311,0.6639820138525153,0.8338362012790886,0.6862035292028655,0.8032250673455926,0.9829811261399454,0.4812348881187173,0.6474265805853893,0.7430793368825717,0.8023472531123292,0.7087787909770336,0.7114599687243449,0.6593286578455074,0.6626265100883553
0.5592744683151362,0.5094550634089419,0.5304127448553279,0.3844788255404193,0.48875584061068267,0.6613033677628508,0.6151734915752348,0.38293580365861135,0.516868663278143,0.6852529751927687,0.29227571889550885,0.7955317979235041,0.5132014487816104,0.501138059607574,0.27737345204677893,0.50959444202219,0.6383674572937438,0.6981377065609811,0.434684102053131,0.47016869870382483,0.3478155267450385,0.36429020874234874,0.40863619187135725,0.0,0.7067149601599444,0.7543257396103271,0.4587792530989358,0.46348325538721774,0.4192042369912016,0.2960915343317136,0.45539102995888847,0.0,0.35164998019373467,0.4165861257339576,0.0,0.36848900097258347,0.2732072773819132,0.5413513803266112,0.02898269111228873,0.06703317197744255,0.3222633603762432,0.0,0.32611297685101576,0.384142587998045,0.4480880530594704,0.391881651240179,0.3288489010130841,0.5893439432139586,0.22591061741276278,0.24568007943811285,0.6879949943714094,0.2337029772346704,0.3933703052714136,0.5283731758812569,0.5963050620701846,0.41294624866429436,0.7153628197467118,0.49098166973435836,0.2787583792919621,0.21260622577906635,0.4821008325636305,0.5279083682224583,0.6517176409964395,0.4766660231612657,0.47447838541023507,0.34709513629480887,0.3430368446083745,0.4837771933466269,0.9633869625337449,0.6750140853265525,0.708098992741603,0.4520091789611011,0.5237667160006334,0.48326758388964064,0.45401457632794,0.40892761514439335
0.8115740336950614,0.8338993461296393,0.6198024738531513,0.6404944098805821,0.7132261680916445,0.6281721157232235,0.8820983507528987,0.5722503673649584,0.7628263023028706,0.8899627742081355,0.5669027254946035,0.7486753212638768,0.7612530717224576,0.6958168254236866,0.3466943441674642,0.8011305226944284,0.8111861962972683,0.9229689972616898,0.3187401526407659,0.6887321259866669,0.6665135565509089,0.7213158709948536,0.5500765877063655,0.7067149601599444,0.0,0.9464589311667118,0.6323980855569338,0.7432342148931699,0.6286660156789174,0.6123725235243873,0.68424177815263,0.22776482707931212,0.08894061768653497,0.4286042906263695,0.0,0.4082836475906665,0.36014152586714376,0.5375571969759229,0.01771783973636981,0.0,0.43173270544275566,0.0,0.5218826554703575,0.5274500050179354,0.3823187556459238,0.5776601371655662,0.7268054653064111,0.528112168080583,0.5498082710063233,0.5013648488526187,0.6225138730471849,0.5713778685570142,0.4873849390731573,0.700812119931213,0.7525213821433521,0.6393539274358233,0.7122067987105456,0.7220431857894731,0.5292612171544581,0.23443558649919494,0.6886539457567975,0.6099203558407139,0.785864074083504,0.4969653739045861,0.5762819341933618,0.6579969869187663,0.6042207184970779,0.60175689716277,0.6296087922127721,0.9284954033926842,0.9361707566448472,0.535313091865437,0.7078487311305816,0.5898561327825923,0.5632756244749625,0.5743624178443183
0.7930819176757836,0.8934531492138771,0.6507950402527514,0.6790591821910971,0.7783774475588939,0.7472253453958112,0.9124447652750656,0.729700479915886,0.8119343554536305,0.9221123658998496,0.5939000015219088,0.8713473060005736,0.8123217382616178,0.8422394588520717,0.3931734239774378,0.7575569027191582,0.9059915119290627,0.826570640426646,0.25204391582198715,0.7445288151518836,0.7369720862307996,0.7312102359821551,0.6877078514306662,0.7543257396103271,0.9464589311667118,0.0,0.6996737446006943,0.7749320227569402,0.6316778957694956,0.6690032746485317,0.6777918283183108,0.16053082908086497,0.0,0.4349119543098239,0.0,0.5279355181068298,0.42654144103220043,0.6859613024871242,0.0,0.0,0.5236212653257578,0.0,0.6329436568791665,0.5426512234420391,0.4620524771695923,0.47707267438573076,0.7873189568681678,0.5852216750417126,0.609415818173475,0.5507970981904031,0.7556959595965642,0.6384865543736169,0.6252993132265205,0.7981756948008311,0.7774499808945855,0.7074130573215428,0.834198368546187,0.8503267798822255,0.7262028644071876,0.3117949609419374,0.6893984856119207,0.5910759469922708,0.7692600209848198,0.5057578023000701,0.6768416748993262,0.7111094884632884,0.6597167746206875,0.7074118995696418,0.6550937952222461,0.873579724091483,1.0,0.623349593306078,0.7576374425644075,0.6238340796407357,0.6010578500283018,0.5899384214612706
0.6206008199337657,0.6340124170498778,0.8520225132420032,0.4807077509194378,0.7318802076446325,0.8931208667173735,0.7487471260576319,0.558545615262637,0.8121006148980089,0.6254271068413949,0.7448719575556474,0.563445632679043,0.7136029420169318,0.6454264052318727,0.6848014991966745,0.5529453553932675,0.6100267821495283,0.5196323926409223,0.5952838398500521,0.8344534604173489,0.6920778111471787,0.7410885212053134,0.8577622567700919,0.4587792530989358,0.6323980855569338,0.6996737446006943,0.0,0.5993563171233048,0.866888156466894,0.5595942702588712,0.5477532717907191,0.0,0.11325080978262934,0.4759589461171191,0.0,0.44316635672629856,0.36812276404244554,0.6323291014169232,0.033405196874701414,0.015155715183402413,0.47475715141853364,0.0,0.6654110617782433,0.3969825730825741,0.4311988074778826,0.42730481589104374,0.6141687953510623,0.8277964419799649,0.49675319872907114,0.49676400057088244,0.8305573085464949,0.499043929466923,0.5260394978468016,0.8897599270273403,0.5261616434525871,0.8112309922731162,0.517139764426434,0.7448754226037995,0.5960701107898125,0.6502721888828147,0.7837249340411371,0.342575428533014,0.7035461837847706,0.7784888044443579,0.8669091683177247,0.7125896312686848,0.8071364265123314,0.8634840816486538,0.46659664441085646,0.730415306869471,0.7563618065639743,0.9720351925583776,0.6944219744971464,0.8141049857195529,0.6198146029091288,0.6881826403582697
0.6810712864775451,0.8647828835531195,0.5702836150828461,0.8779048927932931,0.876835302317937,0.5889781027814962,0.9166643382479888,0.71207270423831,0.8467929343681282,0.8256857786686205,0.6442959902243127,0.7424302506763953,0.9188853873842155,0.8773020687225351,0.38404271845845345,0.7945005658351268,0.8332983240675024,0.661423235874205,0.223694634876819,0.746113158633999,0.7641755728934502,0.7834966185405985,0.5549277427543646,0.46348325538721774,0.7432342148931699,0.7749320227569402,0.5993563171233048,0.0,0.6541922905190422,0.9087774580212086,0.8643644223945688,0.2394641019497339,0.0,0.3302471504158778,0.0,0.7241303175233701,0.5984657205813924,0.5685983366543975,0.0,0.0,0.524416516094223,0.0,0.7047342665807486,0.5456386495007768,0.31374227031981555,0.3029919203483861,0.7241625459669783,0.5153761424639809,0.7602938006856896,0.6721280876514523,0.4852362758654817,0.6952756633067398,0.5580073213050645,0.7658553374421041,0.652572056660733,0.7034756426170663,0.6840939779483347,0.7964313295648643,0.8216428551619879,0.23272179212787775,0.6244612553416258,0.40276535293624305,0.6125028491851187,0.4641204253615506,0.586489532064082,0.7624246737658429,0.6311020587311009,0.5764764255195013,0.389555149160218,0.6259335880459729,0.7085023867291924,0.4267095863993394,0.8458677754306413,0.5289163818709752,0.6631422884057104,0.6066636597868749
0.5797584454782644,0.6661638596284654,0.7534531754354128,0.40612408924771626,0.7050023929843122,0.8505334130840604,0.7059272087799564,0.48121082131956316,0.6959066463469408,0.6195312467138969,0.6752903193105153,0.5293065036781249,0.7708788564729784,0.6583112558027987,0.7474143820159019,0.6272303931684874,0.5988518720247964,0.5423097131892218,0.5739415564155637,0.8910099709517668,0.7093633807847902,0.8188520810028227,0.8225042018668757,0.4192042369912016,0.6286660156789174,0.6316778957694956,0.866888156466894,0.6541922905190422,0.0,0.6323357636312379,0.6281563369364495,0.00028813206221510896,0.14789292084717562,0.4645084049589446,0.0,0.5507272375744193,0.4126640517953368,0.5447049405452662,0.08265146724911494,0.09550422962938024,0.5736224412925546,0.0,0.6453313903130449,0.49635395593920506,0.31123264414619906,0.489556137353378,0.5787096565870097,0.6972045351137095,0.5059337690821476,0.5880550676665994,0.7514365264522921,0.5628067415562069,0.4216145834427749,0.7958818268465523,0.5323755901109166,0.7183951319608646,0.4903709481736156,0.7361357624229742,0.6189870027924606,0.7004850297469367,0.8013064422415715,0.35229942578778944,0.694861427878172,0.654556964553624,0.8710406475490786,0.7138261944145606,0.8656300667075296,0.7678189859619753,0.460681789106313,0.6943385064807605,0.6862876135058599,0.8154542150914539,0.7525898954828961,0.8614926596194431,0.7077133281754777,0.7593595882228003
0.6403767979364577,0.7376383185979154,0.5019296439471714,0.8202155914333632,0.9035931306254167,0.506119119989113,0.8266419522123638,0.7117774780362828,0.7489829856320417,0.7602054837930882,0.6179798492897709,0.64844251616304,0.8214808805394893,0.9344849890366056,0.42585007173688516,0.8251955659330809,0.7447768715973632,0.5262863048773828,0.05797409499497228,0.7680453256359953,0.8347351543705925,0.8072497653780807,0.5551439545369882,0.2960915343317136,0.6123725235243873,0.6690032746485317,0.5595942702588712,0.9087774580212086,0.6323357636312379,0.0,0.9341840344040048,0.3739658620259442,0.0,0.3407691581955042,0.0,0.7094191832034495,0.5679680427950214,0.5181707357470667,0.0,0.0,0.5627842337988354,0.0,0.7418391143727802,0.5214582818466837,0.22195847270522165,0.2993003288423474,0.7306595782515253,0.3482756090002486,0.8296400768313686,0.7235420588990231,0.38128518425791424,0.7670649206653564,0.5372311187150322,0.7179057460499276,0.6213603688874648,0.6527604267141421,0.6483876999058805,0.7285032166950802,0.8044969318472287,0.3327533255206311,0.5830450832466911,0.3309551585256175,0.525399156296463,0.35382018490722167,0.5857912477501689,0.8382479404077195,0.6457297760403814,0.5255931187148604,0.24522064129653254,0.5414669780246694,0.6249526572963957,0.3650809441867552,0.7859150890945018,0.49388831973004194,0.606260143449173,0.5536991992853358
0.6364520788155373,0.7263950010230574,0.4714218516202733,0.8106921044780405,0.8543867654980488,0.514802961956757,0.8375673994758353,0.6036433051681965,0.678492439275214,0.8362227672613278,0.4840682916414946,0.6521422245946507,0.7575169531754501,0.891413153694715,0.4541565120826213,0.86924057805587,0.8582840282473659,0.6423817757874051,0.1086690043338945,0.751646666373423,0.7939742064068476,0.7764627342187451,0.4965556923141467,0.45539102995888847,0.68424177815263,0.6777918283183108,0.5477532717907191,0.8643644223945688,0.6281563369364495,0.9341840344040048,0.0,0.3740060701861373,0.0,0.43341912369973656,0.0,0.6569265011954972,0.5212909099856377,0.5547610495827828,0.0,0.0,0.6111533531771547,0.0,0.6938397715752554,0.5510947444904437,0.23146597857639722,0.31004695050237696,0.7076129866298806,0.36131390103805705,0.7682641148599224,0.7368121196058082,0.4727994641951724,0.7519530279112702,0.45536742693150395,0.6763116472543406,0.7060983612679114,0.5732564486324115,0.6540422644822551,0.7286579486521777,0.7947932189038065,0.32190423321653155,0.6233094794541626,0.3983103689519405,0.5853340312084302,0.33443898533893945,0.5819572229488361,0.8059657677599718,0.6581683496823688,0.5189263574876071,0.4228745220523691,0.6077237950536949,0.6413415126546611,0.4113723610215791,0.7735354676741394,0.5798688746955106,0.5566447374905549,0.6484817672934988
0.18866285850015904,0.1623652530674229,0.0,0.31590424250799176,0.24076013610985839,0.0,0.22354493523949875,0.16146738219505294,0.055664437905803006,0.21222220791888233,0.07143065081025414,0.0970968195948875,0.16116924563605148,0.27580904531163747,0.006541743414426992,0.37237853284738526,0.23161419236904238,0.210560764183706,0.0,0.12105588500500666,0.21687052023482897,0.2425860616859704,0.0,0.0,0.22776482707931212,0.16053082908086497,0.0,0.2394641019497339,0.00028813206221510896,0.3739658620259442,0.3740060701861373,0.0,0.0,0.14611937826334925,0.5345228945398187,0.2876942881412697,0.19465576929515555,0.0,0.428715877533624,0.0,0.08620804386195863,0.0,0.06532490271190933,0.05795929605491658,0.0,0.14606672371324317,0.36920638839812486,0.0,0.36481658804043765,0.3478787134125072,0.0,0.36470543071474687,0.11241986547356558,0.0,0.36079220863744876,0.021035400401685382,0.2465243563701025,0.10593703921627544,0.23456281766616066,0.002834221525103127,0.0,0.21171358291804432,0.013398094748958667,0.0,0.0,0.2286174853759644,0.09170571666407262,0.0,0.0,0.15301209244541614,0.19007474170931674,0.0,0.10816158856110446,0.0,0.085739754783807,0.12659769863570056
0.046748109284487124,0.0,0.18619015949560436,0.0,0.0,0.20572268390293091,0.0,0.0,0.0,0.0,0.0,0.01456670799568076,0.0,0.0,0.1734470273079557,0.0,0.0,0.11723162686936013,0.5701192748276468,0.0036928708202917182,0.0,0.0,0.06401852189731425,0.35164998019373467,0.08894061768653497,0.0,0.11325080978262934,0.0,0.14789292084717562,0.0,0.0,0.0,0.0,0.28364263522983374,0.0,0.0,0.030964224495433092,0.06152066742924399,0.3303661869863304,0.7448687273677458,0.02788055740085433,0.50107862656598,0.0,0.0,0.19190689584037746,0.27858515536235545,0.0,0.35309993265187134,0.0,0.0,0.22856694239849218,0.0,0.0,0.0,0.0,0.0,0.0,0.0,0.0,0.21406697228927662,0.12880880483989865,0.0,0.14958324741265294,0.2942546306550881,0.14545034923019917,0.0,0.04374644471882514,0.101832852572712,0.4042944589466308,0.10945983428116025,0.020317037213202865,0.2275689700308763,0.0,0.24533197781343535,0.12693288331513752,0.17803624206269633
0.36451555966622196,0.451366758704678,0.4003323766985824,0.2803786676160109,0.421612721878752,0.4580986578418883,0.4499628091241267,0.3560275847701953,0.3730532614507731,0.4307911806310411,0.351465510995328,0.38170472836544694,0.39671793324618293,0.4234211792837711,0.47055791119437707,0.3804610859697235,0.5095015380801352,0.40858075920449205,0.3118219112009789,0.49672738709405506,0.4836855468240958,0.45809800524660965,0.4677233565406985,0.4165861257339576,0.4286042906263695,0.4349119543098239,0.4759589461171191,0.3302471504158778,0.4645084049589446,0.3407691581955042,0.43341912369973656,0.14611937826334925,0.28364263522983374,0.0,0.0,0.4483289289595729,0.40857047621625325,0.6598643778776423,0.3875374466122955,0.1626267480703995,0.6909129477909204,0.0,0.5600876966952958,0.5664901906355488,0.48803504740551584,0.35991039203602576,0.4744334986441871,0.4282629579815835,0.36806835992939885,0.3056257500150314,0.5076718299119809,0.3283908345449489,0.45069147545828764,0.46777606715986,0.395139138047931,0.5075881184248369,0.3349367152875294,0.4655205575499395,0.4639845283289183,0.4453818879221337,0.6031921389258014,0.19233615202139118,0.4785081856244484,0.5097467780596208,0.5384736406546136,0.5057167528912059,0.5600165086241748,0.4515292157437881,0.43241562198452677,0.44749077525158676,0.4634579526159335,0.440771172139506,0.5250898417043177,0.4738334070624152,0.4836578728051487,0.5780539407993761
0.0,0.0,0.0,0.0,0.0,0.0,0.0,0.0,0.0,0.0,0.0,0.0,0.0,0.0,0.0,0.0,0.0,0.0,0.0,0.0,0.0,0.0,0.0,0.0,0.0,0.0,0.0,0.0,0.0,0.0,0.0,0.5345228945398187,0.0,0.0,0.0,0.0,0.0,0.0,0.34693032812348623,0.0,0.0,0.0,0.0,0.0,0.0,0.0,0.0,0.0,0.01360305724412409,0.012588188577500714,0.0,0.03010829665429558,0.0,0.0,0.04786651523577517,0.0,0.0,0.0,0.0,0.0,0.0,0.0,0.0,0.0,0.0,0.0,0.0,0.0,0.0,0.0,0.0,0.0,0.0,0.0,0.0,0.0
0.406340378196915,0.6476607910985029,0.34967388527687987,0.6886357705152301,0.6464673878691537,0.4298852549919422,0.6294797932045789,0.6204712305073408,0.5004547495881358,0.6383169950556727,0.4551610501278736,0.49358902254730647,0.6784989891751805,0.7569761175497856,0.4589878172197721,0.5191177224352536,0.6679992829926658,0.3895154375983416,0.1206576108245991,0.6284199458761216,0.6869988288225375,0.6335454355052821,0.4802794680679852,0.36848900097258347,0.4082836475906665,0.5279355181068298,0.44316635672629856,0.7241303175233701,0.5507272375744193,0.7094191832034495,0.6569265011954972,0.2876942881412697,0.0,0.4483289289595729,0.0,0.0,0.7156426903960612,0.541615238680274,0.0668503980879323,0.0,0.5438910318470995,0.0,0.7301705288584901,0.7035224054929472,0.23466313921025808,0.19188706904633762,0.5990026643125526,0.4007484395735893,0.6316401020802367,0.5567414182744306,0.3893745739546501,0.563469784812866,0.5539917718241875,0.5048364038552784,0.5182551306075266,0.5067369279358528,0.49581953195560563,0.6127020874607911,0.7127384181080005,0.3618236497331881,0.4123830091168755,0.13624893507951696,0.2891040947023911,0.39727554115545727,0.5621315474872666,0.7230934532224361,0.5659924622572018,0.4579880331839149,0.34054421708335164,0.34916616619825924,0.4920589369976686,0.34086882805190777,0.675231961120763,0.439178641648605,0.5701359443914281,0.5641589198220245
0.41274225618986776,0.5409352426118954,0.28953561066011857,0.6395868303471236,0.5543099876066261,0.3462263970699874,0.6095565959088045,0.47224110950063775,0.4436292747172416,0.5326242366285845,0.3536155105860701,0.35921609663443693,0.5590147791764789,0.5562261065203095,0.33146235938270013,0.4560685120997205,0.5700762455646148,0.3353231402425679,0.21478593736056067,0.49069501301680923,0.5984170141419696,0.4712673186583004,0.4000858754741843,0.2732072773819132,0.36014152586714376,0.42654144103220043,0.36812276404244554,0.5984657205813924,0.4126640517953368,0.5679680427950214,0.5212909099856377,0.19465576929515555,0.030964224495433092,0.40857047621625325,0.0,0.7156426903960612,0.0,0.4592786869797449,0.0,0.0,0.46529703968793423,0.0,0.703529420552319,0.6507273840547245,0.23256407775554155,0.24209949581088866,0.5099765819139532,0.3826686791671189,0.542243000929494,0.38863038092077823,0.3401388292231686,0.4832911197803242,0.49073676646367825,0.4173988387719318,0.34877996998742533,0.4561301008462786,0.3864569292457577,0.49996233497292253,0.6197143790115108,0.24843401014137975,0.38366692892084214,0.045716195942365784,0.2847557498035177,0.4014948601656875,0.4170205267705689,0.6198030394761432,0.42782874990747805,0.4073480236875581,0.2140095743669033,0.2983424536867815,0.3943180580527524,0.2848354696293158,0.6172955765085645,0.41355873907872753,0.5548304654157454,0.5287828501593668
0.4637740874524932,0.6474895210351765,0.5965826875261109,0.4745209348232311,0.6174437482293876,0.6203675919449005,0.6659157462004789,0.6265957124688499,0.652968898045002,0.6368738910502895,0.5009344434175869,0.6272648951899664,0.6098636320899423,0.6220865590512902,0.4181213863105746,0.4593540898676382,0.7010474925216043,0.4589949310426442,0.2651697953603601,0.6472962082819761,0.6261654829002397,0.582427150650263,0.6333633486252968,0.5413513803266112,0.5375571969759229,0.6859613024871242,0.6323291014169232,0.5685983366543975,0.5447049405452662,0.5181707357470667,0.5547610495827828,0.0,0.06152066742924399,0.6598643778776423,0.0,0.541615238680274,0.4592786869797449,0.0,0.08254296001574478,0.0,0.6984247476991541,0.0,0.6567931178347809,0.5216118917871647,0.6197602493656178,0.20626792392348345,0.6231619467257287,0.5896745055912233,0.5428782559131083,0.40970262782732264,0.6218068219708436,0.4401873431444026,0.6010358265331669,0.6972073783571785,0.5257248191499923,0.6541964776048766,0.5261936324763723,0.6922412473111446,0.727075364150995,0.3863207729795315,0.6920821601506988,0.2670202457370007,0.5350582804774693,0.5597232537528366,0.6535460428481614,0.624429414816219,0.6377811219879009,0.6213252131894951,0.4983338834821071,0.599978056244195,0.6824731986949908,0.5766817105369074,0.7260100870873579,0.5283706019623069,0.5984460639769349,0.6879537984047879
0.0,0.0,0.0,0.0,0.0,0.0,0.0,0.0,0.0,0.0,0.00894812373356612,0.0,0.0,0.0,0.13878137310194172,0.015023187711786783,0.0,0.06806640825578109,0.1728095250614372,0.057203074917642094,0.0,0.10511621108951333,0.0,0.02898269111228873,0.01771783973636981,0.0,0.033405196874701414,0.0,0.08265146724911494,0.0,0.0,0.428715877533624,0.3303661869863304,0.3875374466122955,0.34693032812348623,0.0668503980879323,0.0,0.08254296001574478,0.0,0.4760191804471812,0.13886974247482428,0.3716945843739955,0.0,0.0,0.043122160055490175,0.21657154106474225,0.05020181039308719,0.0,0.0,0.06143776978501656,0.07794499849640464,0.01947090222588079,0.0,0.0,0.09388093807728497,0.012803984522407597,0.0,0.0,0.0,0.2697459212333956,0.15839134427755241,0.1421343184533902,0.1284722057275206,0.1405538222082103,0.14565101676791672,0.048160427882911444,0.23112787046905825,0.0,0.11550975328860925,0.11553879288108072,0.0586377720718525,0.07205383929033175,0.0,0.1203929267294455,0.13624968235254548,0.23483235280138345
0.0,0.0,0.1407743312857512,0.0,0.0,0.05890600533618086,0.0,0.0,0.0,0.0,0.01375330082967274,0.0,0.0,0.0,0.08277700942851703,0.0,0.0,0.015345838809371227,0.49504268280503616,0.0,0.0,0.0,0.019839554195943212,0.06703317197744255,0.0,0.0,0.015155715183402413,0.0,0.09550422962938024,0.0,0.0,0.0,0.7448687273677458,0.1626267480703995,0.0,0.0,0.0,0.0,0.4760191804471812,0.0,0.04329186562960131,0.5910109532966006,0.0,0.0,0.0,0.37659475011008176,0.0,0.16741143860264376,0.0,0.0,0.0,0.0,0.0,0.0,0.0,0.0,0.0,0.0,0.0,0.24276379577515722,0.1306257667763961,0.03419837575115478,0.10765932369800255,0.24711446114998725,0.08385568532201557,0.0,0.09219934368756785,0.0,0.1294362920349934,0.03715979236840678,0.0,0.09894011181859008,0.0,0.09522300628521434,0.04160456295296624,0.11529796475595283
0.45288501008889587,0.5710966984898483,0.4679998074211586,0.38712428323834125,0.5146066682767527,0.4943908704327546,0.5115593901272504,0.3986825930950313,0.5003383930785001,0.5254425593094949,0.4057259855807693,0.42802033671886525,0.5710715938508805,0.5345852098477899,0.5975889172244115,0.46029553590662975,0.6014514109458403,0.34419120742228215,0.22120257811560978,0.6491067130991806,0.6315873802388033,0.6459909834745401,0.5842870035123164,0.3222633603762432,0.43173270544275566,0.5236212653257578,0.47475715141853364,0.524416516094223,0.5736224412925546,0.5627842337988354,0.6111533531771547,0.08620804386195863,0.02788055740085433,0.6909129477909204,0.0,0.5438910318470995,0.46529703968793423,0.6984247476991541,0.13886974247482428,0.04329186562960131,0.0,0.0,0.634448943766275,0.544314540434855,0.2988258459161374,0.41185909633920004,0.5100091902044211,0.36822044652563185,0.6043644423401731,0.5262972728425754,0.5296369315821616,0.5347811212761935,0.4120653529552331,0.5810024061338833,0.5028698991770821,0.5236148213114278,0.44836468524276724,0.6512291175472877,0.563608530445831,0.5395477907056413,0.6518080012040438,0.2143057964818905,0.44979595642118403,0.3861947926303911,0.7344817426412804,0.6366189753373931,0.7243397455445245,0.5328136141860572,0.3075857824706041,0.47873973079604276,0.5503929826901901,0.49716062744132367,0.7254036593898872,0.6239089314719323,0.5808773770648101,0.6446015501141215
0.0,0.0,0.0,0.0,0.0,0.0,0.0,0.0,0.0,0.0,0.0,0.0,0.0,0.0,0.0,0.0,0.0,0.0,0.18741363506797992,0.0,0.0,0.0,0.0,0.0,0.0,0.0,0.0,0.0,0.0,0.0,0.0,0.0,0.50107862656598,0.0,0.0,0.0,0.0,0.0,0.3716945843739955,0.5910109532966006,0.0,0.0,0.0,0.0,0.0,0.0,0.0,0.009842189075635572,0.0,0.0,0.0,0.0,0.0,0.0,0.0,0.0,0.0,0.0,0.0,0.08886612014468401,0.0,0.0,0.0,0.01964786119329755,0.0,0.0,0.0,0.0,0.02605520854013083,0.0,0.0,0.029617263591489067,0.0,0.0,0.0,0.0
0.5211636411267339,0.7594010638099928,0.4775823821454797,0.6840453347237422,0.6901656892608751,0.5877968895378264,0.7003855807122331,0.673836125587341,0.6603748142459573,0.6644532121445811,0.5444585648334255,0.4888238766790044,0.708936095750843,0.7941623291758215,0.5565539185863686,0.5822315168791191,0.7290803345737974,0.4516292587098616,0.12424305513531364,0.7261276192269874,0.863123374729375,0.7451615556531196,0.690684744661454,0.32611297685101576,0.5218826554703575,0.6329436568791665,0.6654110617782433,0.7047342665807486,0.6453313903130449,0.7418391143727802,0.6938397715752554,0.06532490271190933,0.0,0.5600876966952958,0.0,0.7301705288584901,0.703529420552319,0.6567931178347809,0.0,0.0,0.634448943766275,0.0,0.0,0.6813786057935952,0.3208856136035658,0.31677746670346574,0.7521515167248444,0.5238954927678691,0.8145081782307633,0.6349678567658267,0.6393404223311825,0.7155563676778747,0.6232095782542887,0.7079725293750081,0.466091446725294,0.6854189157203276,0.45923157756380567,0.7980108904596047,0.9195367667825541,0.4342955874002018,0.6870056284366985,0.10722467204448523,0.4824991852638723,0.415263224921741,0.7734384822512088,0.8523442517373561,0.7495944705250804,0.7083042338856096,0.2928757684420176,0.5176647490271267,0.6507815960202592,0.6153486594006266,0.8756719826937495,0.7134620011965329,0.6868287053289338,0.71767024995215
0.45047398216104584,0.6071361479774162,0.4322678531353529,0.55071476192195,0.6030237551468612,0.41417768320136605,0.5824083770380705,0.40057709952865483,0.4953562341878471,0.6413321013852376,0.4201703764921343,0.37385296011227087,0.5953266577900099,0.595900501928013,0.4596276383044514,0.46883862787203223,0.6314697936261371,0.431098003468291,0.16690325257468502,0.5650656880901773,0.5381190307085693,0.5164690799512041,0.4478594485837642,0.384142587998045,0.5274500050179354,0.5426512234420391,0.3969825730825741,0.5456386495007768,0.49635395593920506,0.5214582818466837,0.5510947444904437,0.05795929605491658,0.0,0.5664901906355488,0.0,0.7035224054929472,0.6507273840547245,0.5216118917871647,0.0,0.0,0.544314540434855,0.0,0.6813786057935952,0.0,0.21501653729322476,0.3401399810058751,0.5096871626117863,0.4868274925080813,0.5710223463429897,0.588136207008624,0.49635238908641344,0.521918045552441,0.4016431543200091,0.5799841166791718,0.4931469727741879,0.45785612352040245,0.38389383945089706,0.6554227217992356,0.5676789664115317,0.3279316038849973,0.4712938293509571,0.11474209464440259,0.39564589672893063,0.35495586162551884,0.5784957365336949,0.5266569368583286,0.5248715564637634,0.4584541165076788,0.3460185643600653,0.44521623540953315,0.5623270122000965,0.3890524303783025,0.7580150635567331,0.566750838515795,0.6143407846510378,0.5946578347451011
0.32580496008888954,0.3293164926224922,0.3878623190506167,0.21268334676859457,0.3375237077163994,0.4108239881832882,0.39040015568547215,0.39442090943402475,0.3927924437001216,0.3815200205320446,0.33809396009708875,0.5818275691109931,0.36182237004359974,0.37024872265952447,0.15775800847538812,0.21152605259759996,0.42836245142104196,0.32339384671706356,0.2150246006612708,0.3791422185857743,0.2953279925028967,0.2514711949880871,0.4224010934614833,0.4480880530594704,0.3823187556459238,0.4620524771695923,0.4311988074778826,0.31374227031981555,0.31123264414619906,0.22195847270522165,0.23146597857639722,0.0,0.19190689584037746,0.48803504740551584,0.0,0.23466313921025808,0.23256407775554155,0.6197602493656178,0.043122160055490175,0.0,0.2988258459161374,0.0,0.3208856136035658,0.21501653729322476,0.0,0.09793775761479959,0.3396326540743268,0.4312493618101668,0.23951043975898756,0.1643035357127723,0.41453944483424104,0.11730981236230141,0.4006910315877273,0.420730969085165,0.35313385385574364,0.37467143192061136,0.4172919632398624,0.34721325471123243,0.2852636894288475,0.14130291573457668,0.3354486567956365,0.2309912184655939,0.3249122510160243,0.3620816053433241,0.36630151994698856,0.2718571433727104,0.25882290394100316,0.39054699305268237,0.38789149673500595,0.3658910582489667,0.4652859009695084,0.3479819490825034,0.401188142807166,0.29437220300208183,0.35959571032472326,0.27683780242474465
0.726987575183976,0.37172578606312645,0.42741676845353554,0.23424847496249973,0.3111215577460285,0.39054580769477815,0.39502936027558183,0.21902242942917302,0.3731535696025056,0.3331601317135054,0.33332280355449345,0.3011052131478547,0.3675215955920896,0.27348095048605325,0.32965315494467307,0.4576129940552007,0.30080853829366994,0.5535208059685368,0.41329223671129756,0.42778034180767605,0.36809878816414093,0.4225120085678293,0.43683598667252993,0.391881651240179,0.5776601371655662,0.47707267438573076,0.42730481589104374,0.3029919203483861,0.489556137353378,0.2993003288423474,0.31004695050237696,0.14606672371324317,0.27858515536235545,0.35991039203602576,0.0,0.19188706904633762,0.24209949581088866,0.20626792392348345,0.21657154106474225,0.37659475011008176,0.41185909633920004,0.0,0.31677746670346574,0.3401399810058751,0.09793775761479959,0.0,0.380833778336582,0.36647795913222825,0.2902968077865314,0.28962648793591095,0.4061708631245344,0.3864334299493774,0.22341421509463985,0.3609005612134179,0.277640850618372,0.3930774071444301,0.27702512659127393,0.389440848578406,0.2574206886981532,0.34464911125719044,0.5505209957201348,0.31798509372740286,0.5435676577417643,0.36445474112882686,0.443116142053341,0.3375021116918398,0.5129688188914663,0.4165449602959082,0.32685576009483885,0.5603587538000553,0.5675085436911148,0.41274031271748773,0.433183116904569,0.49896154365940654,0.419403629833173,0.492704879193469
0.6398646076833461,0.8489790442668241,0.41699792267998975,0.6914090647888222,0.7363208261485633,0.5255013956960806,0.8222383996371136,0.7226089227405743,0.6793056888648858,0.7822927016999248,0.565511361952424,0.6200093306042984,0.741406755037736,0.8533469111514161,0.38511709252009446,0.712892203832437,0.8607076206621391,0.6152313756644291,0.03901787028901505,0.6848977103614753,0.8169497081667231,0.753304313155402,0.6203723259558233,0.3288489010130841,0.7268054653064111,0.7873189568681678,0.6141687953510623,0.7241625459669783,0.5787096565870097,0.7306595782515253,0.7076129866298806,0.36920638839812486,0.0,0.4744334986441871,0.0,0.5990026643125526,0.5099765819139532,0.6231619467257287,0.05020181039308719,0.0,0.5100091902044211,0.0,0.7521515167248444,0.5096871626117863,0.3396326540743268,0.380833778336582,0.0,0.36674218942613696,0.7252554786870866,0.6546426104081765,0.5571346432786288,0.773687083014061,0.6477075502678483,0.6572095617015227,0.7438822474608082,0.6448567051449144,0.66436371720973,0.8080462319077708,0.7434563377805292,0.30459967091934176,0.6229650769916814,0.4172956000155371,0.544322413208341,0.3322059656199271,0.5781622015321469,0.8379615250880634,0.6782577707066415,0.6389187848141422,0.26840824881730224,0.6685771013232874,0.8117226266954699,0.4439283495676589,0.6983357459935807,0.5028495634069934,0.6191564385908388,0.5735043677722356
0.516312996916976,0.5128035230755988,0.8734318659134568,0.35773494776717313,0.5565308188036198,0.8357815156375644,0.5954173367426328,0.4694029125515826,0.6866634614297903,0.5541907061312422,0.6796361630738514,0.5729554967447764,0.6344687557806699,0.45228250703469786,0.5610660917379653,0.3657625959492615,0.4798025191487862,0.46117384413425544,0.7294361401684833,0.652560787659151,0.4555743286210516,0.5114664146578388,0.7670014907490805,0.5893439432139586,0.528112168080583,0.5852216750417126,0.8277964419799649,0.5153761424639809,0.6972045351137095,0.3482756090002486,0.36131390103805705,0.0,0.35309993265187134,0.4282629579815835,0.0,0.4007484395735893,0.3826686791671189,0.5896745055912233,0.0,0.16741143860264376,0.36822044652563185,0.009842189075635572,0.5238954927678691,0.4868274925080813,0.4312493618101668,0.36647795913222825,0.36674218942613696,0.0,0.2667668651148541,0.32275244494557204,0.7853284273531859,0.2953658014436056,0.5408720778638839,0.7792289552091776,0.3778425819115449,0.7724648784260548,0.493157227650354,0.5980309385209993,0.42653632954229587,0.525918524286138,0.6376412293972263,0.2557826267014718,0.5872084856485483,0.8507350211685838,0.7169804091175314,0.4786582108283376,0.6119916604021666,0.7756973050196404,0.5970577971428537,0.5829075222171988,0.6019140986697707,0.7984216194189219,0.6374851773832992,0.6678628771904019,0.5943482235368375,0.5999885153915057
0.587729114543291,0.6993309487119251,0.38751416445067777,0.8074448046748831,0.7280936404933227,0.3856483715790081,0.7544542015307987,0.6481850093092989,0.6714389077020789,0.6907435064960588,0.5476293790604645,0.49783816426759386,0.6651648444444884,0.8205660841388225,0.3167680906500771,0.7475240452123006,0.7755937457864648,0.46655021760559034,0.0,0.6085455266677687,0.7378350786928798,0.7231051367238853,0.5185919875369571,0.22591061741276278,0.5498082710063233,0.609415818173475,0.49675319872907114,0.7602938006856896,0.5059337690821476,0.8296400768313686,0.7682641148599224,0.36481658804043765,0.0,0.36806835992939885,0.01360305724412409,0.6316401020802367,0.542243000929494,0.5428782559131083,0.0,0.0,0.6043644423401731,0.0,0.8145081782307633,0.5710223463429897,0.23951043975898756,0.2902968077865314,0.7252554786870866,0.2667668651148541,0.0,0.7215858934163251,0.41155043402971864,0.7980922887293145,0.47813086461636445,0.6706222812848663,0.6519589054551691,0.5721822974666946,0.5175818506239211,0.7701876851357246,0.8733546103612609,0.21996577966394507,0.49575377659997144,0.29652208953060605,0.4259732368505284,0.2260324435992259,0.49802088152982943,0.7647732797002605,0.5667329773619878,0.47066154066521076,0.15857916013352946,0.4703351388491744,0.5974807877962836,0.34274375771720034,0.7397756947586542,0.4295431614607503,0.6269631257122869,0.5518377981274328
0.4398675024491462,0.6049083453847218,0.49988394690565185,0.5575243780633925,0.7557056183637034,0.39078948595490764,0.6402670679917748,0.5185005593886522,0.5830483356114446,0.6660004308425083,0.5902016610195916,0.4837968698406721,0.6681820533667024,0.656578996571657,0.5165969318068714,0.6297859422996558,0.6784585778107509,0.457291158934172,0.10598875974259953,0.6691567473858898,0.6157549546705694,0.7192229794407299,0.5068342975680308,0.24568007943811285,0.5013648488526187,0.5507970981904031,0.49676400057088244,0.6721280876514523,0.5880550676665994,0.7235420588990231,0.7368121196058082,0.3478787134125072,0.0,0.3056257500150314,0.012588188577500714,0.5567414182744306,0.38863038092077823,0.40970262782732264,0.06143776978501656,0.0,0.5262972728425754,0.0,0.6349678567658267,0.588136207008624,0.1643035357127723,0.28962648793591095,0.6546426104081765,0.32275244494557204,0.7215858934163251,0.0,0.3975495515092892,0.8253718296466047,0.36321633643853063,0.67319313569216,0.6421613855200196,0.542162049161775,0.5538764436139396,0.807398225564224,0.7418170116822861,0.43057972905484115,0.5524325301638403,0.360518788991693,0.47993819618027916,0.2772470941196314,0.5779512827488537,0.6232237616966088,0.6839289119295587,0.4555941534680368,0.24631694601761592,0.5009413933200839,0.5494233110194858,0.39776472477633246,0.815761519613714,0.5235829443737005,0.5989240746468251,0.6141155052321084
0.537247329297636,0.6229915854391973,0.7934708257652334,0.36135876997163663,0.5730157138702531,0.9166223930889243,0.6275920015256022,0.5150262901763806,0.6077430565427712,0.6050338182807635,0.515152501536369,0.6227387103261701,0.6394712304943571,0.5890494445684734,0.6054193555918916,0.476342634573503,0.5951010133392345,0.5393789325907936,0.5286593830179035,0.7091152508896862,0.5602920654478529,0.5928924143512083,0.8142233419221425,0.6879949943714094,0.6225138730471849,0.7556959595965642,0.8305573085464949,0.4852362758654817,0.7514365264522921,0.38128518425791424,0.4727994641951724,0.0,0.22856694239849218,0.5076718299119809,0.0,0.3893745739546501,0.3401388292231686,0.6218068219708436,0.07794499849640464,0.0,0.5296369315821616,0.0,0.6393404223311825,0.49635238908641344,0.41453944483424104,0.4061708631245344,0.5571346432786288,0.7853284273531859,0.41155043402971864,0.3975495515092892,0.0,0.44071396934179125,0.5837549240469238,0.7487292865391107,0.5041026135204986,0.6405786802281029,0.5542027190703828,0.7590832438994418,0.5144570315745286,0.5674948581992291,0.7509209343948975,0.35199109656255745,0.7153165659209438,0.6655351373801215,0.8238341377563497,0.6030571794106507,0.7068170531749687,0.8451297377533565,0.7127531213076381,0.7578521252545282,0.7884488432698825,0.8895468848160704,0.7019188206341482,0.829926551361014,0.6420087066389286,0.6712965058678766
0.573526935606877,0.6976999104053265,0.43686098944034846,0.6921789314078753,0.7935448503169855,0.4019517157825866,0.7574893771567002,0.5653102802801052,0.6527325483929242,0.6833111196685115,0.5774394372734978,0.47584765749921054,0.6944869858971241,0.7275440571956635,0.393897700837545,0.7290170565830405,0.7227874472749503,0.49156953381098245,0.030014091257565583,0.6344554770092052,0.711359458322613,0.742925200819121,0.4725733251550416,0.2337029772346704,0.5713778685570142,0.6384865543736169,0.499043929466923,0.6952756633067398,0.5628067415562069,0.7670649206653564,0.7519530279112702,0.36470543071474687,0.0,0.3283908345449489,0.03010829665429558,0.563469784812866,0.4832911197803242,0.4401873431444026,0.01947090222588079,0.0,0.5347811212761935,0.0,0.7155563676778747,0.521918045552441,0.11730981236230141,0.3864334299493774,0.773687083014061,0.2953658014436056,0.7980922887293145,0.8253718296466047,0.44071396934179125,0.0,0.37105172624590305,0.6839976643077412,0.6416774136884048,0.6070624766596416,0.5243496748286267,0.811485234745987,0.8295572473267224,0.2842757679671973,0.5837874911247176,0.38300248667924736,0.5168343959909113,0.29647426644511743,0.5384952600022733,0.737186577136747,0.6950730188860228,0.4362293188894328,0.2028005786955098,0.5433031747714718,0.6041359681914936,0.37188143595600365,0.7277440045807201,0.531445459912841,0.5647918331499784,0.6025304657824729
0.4481506934515142,0.6085797490518879,0.471755496253395,0.48457882984018447,0.5655315412787661,0.5999428169088465,0.573443636599572,0.8686394985047929,0.5870782432862406,0.5859033046600239,0.5713293542972739,0.6122535933276633,0.6110995744035114,0.6109359943992695,0.37369994973788156,0.34154888582486914,0.5745291977075859,0.3701515663569241,0.21136941300428608,0.5050354592779305,0.6173786844209616,0.44581500900176974,0.7245246483630099,0.3933703052714136,0.4873849390731573,0.6252993132265205,0.5260394978468016,0.5580073213050645,0.4216145834427749,0.5372311187150322,0.45536742693150395,0.11241986547356558,0.0,0.45069147545828764,0.0,0.5539917718241875,0.49073676646367825,0.6010358265331669,0.0,0.0,0.4120653529552331,0.0,0.6232095782542887,0.4016431543200091,0.4006910315877273,0.22341421509463985,0.6477075502678483,0.5408720778638839,0.47813086461636445,0.36321633643853063,0.5837549240469238,0.37105172624590305,0.0,0.5609360056040503,0.4180855800821157,0.6441975490171883,0.5873901588635271,0.6116182452683394,0.5642750996899436,0.3132031630931343,0.5382395062705143,0.1930701796915209,0.4215790106016567,0.48290014550263505,0.5237115414370684,0.6344847210360238,0.5143497014741324,0.7435637735092538,0.4251824092602578,0.4525634155666161,0.6384428727845819,0.41316622821513,0.5670807918025955,0.35942145033015616,0.49960738217387074,0.4351070651122134
0.6270743103421097,0.7590341533741999,0.8630528537119213,0.6311157391856947,0.8977124164224051,0.8151404377017487,0.8549153430462901,0.6583814214205712,0.949580883726869,0.7790247452669451,0.8248532553268427,0.706108462155989,0.8207944232192776,0.728639521017121,0.5673899800900233,0.677381393888921,0.7946254852738357,0.5961931612402764,0.46375740964950685,0.8374372930945737,0.735765730307647,0.8033714862041068,0.7668396600801054,0.5283731758812569,0.700812119931213,0.7981756948008311,0.8897599270273403,0.7658553374421041,0.7958818268465523,0.7179057460499276,0.6763116472543406,0.0,0.0,0.46777606715986,0.0,0.5048364038552784,0.4173988387719318,0.6972073783571785,0.0,0.0,0.5810024061338833,0.0,0.7079725293750081,0.5799841166791718,0.420730969085165,0.3609005612134179,0.6572095617015227,0.7792289552091776,0.6706222812848663,0.67319313569216,0.7487292865391107,0.6839976643077412,0.5609360056040503,0.0,0.6421980273128314,0.8916962306676463,0.6578723589147398,0.8969629226119392,0.7006288767502102,0.5178126885920674,0.8209565369756276,0.4326900881168929,0.7539750324441261,0.7442526882836661,0.8150016217739215,0.7714448608158812,0.8077918038534482,0.7451903094470277,0.5177380096031542,0.7483866323924252,0.7594049934347654,0.7763780866498062,0.8378715973483446,0.7151544505157494,0.6303354351785446,0.6956958098851032
0.49787246059928897,0.6326569033873812,0.4632285059701157,0.5608795026914262,0.6968310963403727,0.5075278515482947,0.7254816719084246,0.5231786101525832,0.5897615970281844,0.9264640933914635,0.4444203840447668,0.8241250255674659,0.6464267734021966,0.6236716865376338,0.3802922497963267,0.7287778940495244,0.837007280189483,0.7134375333363098,0.0946254052919669,0.6326104686751013,0.5661045875702784,0.6389461005681304,0.4569814750605065,0.5963050620701846,0.7525213821433521,0.7774499808945855,0.5261616434525871,0.652572056660733,0.5323755901109166,0.6213603688874648,0.7060983612679114,0.36079220863744876,0.0,0.395139138047931,0.04786651523577517,0.5182551306075266,0.34877996998742533,0.5257248191499923,0.09388093807728497,0.0,0.5028698991770821,0.0,0.466091446725294,0.4931469727741879,0.35313385385574364,0.277640850618372,0.7438822474608082,0.3778425819115449,0.6519589054551691,0.6421613855200196,0.5041026135204986,0.6416774136884048,0.4180855800821157,0.6421980273128314,0.0,0.5054939595753658,0.8749018456936071,0.7422156493288671,0.5904889758517572,0.27994932065409484,0.5500941902357683,0.7946763049496081,0.6585928949870609,0.359438841493281,0.504366425425063,0.5823458143660594,0.5583924886916244,0.4886265651286205,0.5616576232495151,0.7640218480561816,0.7853672705089941,0.39642355446245553,0.7209114576907666,0.456102160913878,0.510134619762017,0.5928382814885473
0.622064702530502,0.7232477911628621,0.75636495453466,0.5927973326884095,0.8095749287879815,0.7048121483420708,0.7665970358913455,0.727414861235239,0.9041414328913185,0.665272097795859,0.9587576776156739,0.6177611101707086,0.7634394149095286,0.7040884920151135,0.4589009416029217,0.6089437549336352,0.6820516056063386,0.5308859100049962,0.43855840676955976,0.7166401815111355,0.6692233731891721,0.7402048346196601,0.7261869179950033,0.41294624866429436,0.6393539274358233,0.7074130573215428,0.8112309922731162,0.7034756426170663,0.7183951319608646,0.6527604267141421,0.5732564486324115,0.021035400401685382,0.0,0.5075881184248369,0.0,0.5067369279358528,0.4561301008462786,0.6541964776048766,0.012803984522407597,0.0,0.5236148213114278,0.0,0.6854189157203276,0.45785612352040245,0.37467143192061136,0.3930774071444301,0.6448567051449144,0.7724648784260548,0.5721822974666946,0.542162049161775,0.6405786802281029,0.6070624766596416,0.6441975490171883,0.8916962306676463,0.5054939595753658,0.0,0.5614106048485568,0.8058746393747066,0.719678039389533,0.41985857319033143,0.7676119821640559,0.36564550093283604,0.7190214278931385,0.7671548567048138,0.7262234256197309,0.7132926975898197,0.7968910169387615,0.7346709257044768,0.39107084951505344,0.6515660597684818,0.6985026368541877,0.68647516689643,0.767104909346217,0.6073896026970684,0.6122574609044512,0.6408036591134482
0.5579863216981594,0.6551895698782386,0.5148429957889161,0.5506304448676179,0.7028706929255444,0.6646157124861467,0.6950538972197565,0.6826010444804188,0.665340481129732,0.8895652713284329,0.5504180793997163,0.9289774804020751,0.7075262617015564,0.6989308394489074,0.3044571525003464,0.6193149947447656,0.7996214269606738,0.6771154553873838,0.2139440498836298,0.6121265746420691,0.530709499448727,0.5382137081326719,0.567008612178999,0.7153628197467118,0.7122067987105456,0.834198368546187,0.517139764426434,0.6840939779483347,0.4903709481736156,0.6483876999058805,0.6540422644822551,0.2465243563701025,0.0,0.3349367152875294,0.0,0.49581953195560563,0.3864569292457577,0.5261936324763723,0.0,0.0,0.44836468524276724,0.0,0.45923157756380567,0.38389383945089706,0.4172919632398624,0.27702512659127393,0.66436371720973,0.493157227650354,0.5175818506239211,0.5538764436139396,0.5542027190703828,0.5243496748286267,0.5873901588635271,0.6578723589147398,0.8749018456936071,0.5614106048485568,0.0,0.7056783561039162,0.5144035354844168,0.2511781296996324,0.489958021985281,0.7232115115220473,0.5854050972988204,0.44218241551554727,0.48892909857799327,0.48732036291617153,0.48791623760273095,0.5675178079346105,0.6742497829574757,0.6760823601950087,0.8019856046826478,0.38685848034203874,0.6899176720485227,0.3962883600063047,0.491034963904597,0.467434014402622
0.6236084911549714,0.8437928197764992,0.6890737860896381,0.6562580805624382,0.860563397382624,0.7185751128627538,0.8618507687492073,0.7457224728169954,0.81038519442557,0.8500361656902944,0.7234913162581081,0.7230710859067603,0.8729620409952147,0.7880612086327453,0.5383035594699891,0.7022232335229528,0.8709786386193208,0.6045611980085683,0.24268788067990507,0.8018509503691981,0.7858163120859395,0.821192102686759,0.7557990510008654,0.49098166973435836,0.7220431857894731,0.8503267798822255,0.7448754226037995,0.7964313295648643,0.7361357624229742,0.7285032166950802,0.7286579486521777,0.10593703921627544,0.0,0.4655205575499395,0.0,0.6127020874607911,0.49996233497292253,0.6922412473111446,0.0,0.0,0.6512291175472877,0.0,0.7980108904596047,0.6554227217992356,0.34721325471123243,0.389440848578406,0.8080462319077708,0.5980309385209993,0.7701876851357246,0.807398225564224,0.7590832438994418,0.811485234745987,0.6116182452683394,0.8969629226119392,0.7422156493288671,0.8058746393747066,0.7056783561039162,0.0,0.8291106369297754,0.45153717408313593,0.7740839420193245,0.4698537319538418,0.700026908221646,0.5347969663352282,0.7818387342376002,0.8124636757902429,0.8130616006089795,0.7205178511305721,0.4548653756756722,0.7598525035452985,0.8406662160113874,0.6619891478962194,0.9126485578513954,0.7154083455192757,0.6913005078298301,0.690593707987983
0.546388379124511,0.8038522265371635,0.48034323967229386,0.7681932936135957,0.8024127087295932,0.5051310409551344,0.7434791431455694,0.7256847601761568,0.7398769049959735,0.7219945808685462,0.6192708506373013,0.516133045323269,0.7771100844755223,0.8828462502394031,0.4522321887508639,0.6798245929987374,0.8223777384854523,0.44306592655052157,0.041050602574658146,0.6907958459287274,0.7356773952615355,0.769928037956633,0.6021870314198805,0.2787583792919621,0.5292612171544581,0.7262028644071876,0.5960701107898125,0.8216428551619879,0.6189870027924606,0.8044969318472287,0.7947932189038065,0.23456281766616066,0.0,0.4639845283289183,0.0,0.7127384181080005,0.6197143790115108,0.727075364150995,0.0,0.0,0.563608530445831,0.0,0.9195367667825541,0.5676789664115317,0.2852636894288475,0.2574206886981532,0.7434563377805292,0.42653632954229587,0.8733546103612609,0.7418170116822861,0.5144570315745286,0.8295572473267224,0.5642750996899436,0.7006288767502102,0.5904889758517572,0.719678039389533,0.5144035354844168,0.8291106369297754,0.0,0.3334056820552965,0.6384982908254069,0.17228627542224043,0.4631938283938462,0.36200727503605157,0.6208269530216638,0.7687513517610531,0.6761749605620078,0.5986310438467193,0.2315668527167282,0.49766300862126583,0.6396268628569438,0.4952070689298708,0.8315411180264521,0.5801643258475281,0.6112932260258398,0.6538104870506868
0.2385871504377299,0.37222196527666557,0.5765857885675019,0.07602712177175247,0.3728397837442642,0.5738735488534741,0.3206775944734702,0.24332646347810705,0.28362162905665256,0.31220618839675307,0.38568072397982506,0.21402419726031177,0.41814659213653527,0.3231575871398377,0.9384649078807515,0.28050089030230424,0.30164862645665325,0.18300890147389273,0.46540509816802417,0.7277610428329667,0.5066930566095417,0.6357509452864606,0.6989115868361918,0.21260622577906635,0.23443558649919494,0.3117949609419374,0.6502721888828147,0.23272179212787775,0.7004850297469367,0.3327533255206311,0.32190423321653155,0.002834221525103127,0.21406697228927662,0.4453818879221337,0.0,0.3618236497331881,0.24843401014137975,0.3863207729795315,0.2697459212333956,0.24276379577515722,0.5395477907056413,0.08886612014468401,0.4342955874002018,0.3279316038849973,0.14130291573457668,0.34464911125719044,0.30459967091934176,0.525918524286138,0.21996577966394507,0.43057972905484115,0.5674948581992291,0.2842757679671973,0.3132031630931343,0.5178126885920674,0.27994932065409484,0.41985857319033143,0.2511781296996324,0.45153717408313593,0.3334056820552965,0.0,0.508498628598257,0.06642064512578189,0.2991118485284581,0.4987786110684047,0.798101642574926,0.5090716904838493,0.7459579899320974,0.6544288433672861,0.3552113846317642,0.3273289611620555,0.4140693110758682,0.6965418914636047,0.46537766052932006,0.7386552780402103,0.4690207242793006,0.5774819719266865
0.6266477999411675,0.6765680974207355,0.6752475750526006,0.5065707915534574,0.6541283778964743,0.7492924584183449,0.6880564096232327,0.5904803073762978,0.7559576224333384,0.6228627303305916,0.6588429294157897,0.5230439014965093,0.6737017344629287,0.61630601407183,0.5177587984851302,0.6369409813470501,0.6331671996931152,0.6151161738838252,0.48117703859265887,0.7290055444778915,0.6652224935747334,0.713399882701307,0.7399318762286715,0.4821008325636305,0.6886539457567975,0.6893984856119207,0.7837249340411371,0.6244612553416258,0.8013064422415715,0.5830450832466911,0.6233094794541626,0.0,0.12880880483989865,0.6031921389258014,0.0,0.4123830091168755,0.38366692892084214,0.6920821601506988,0.15839134427755241,0.1306257667763961,0.6518080012040438,0.0,0.6870056284366985,0.4712938293509571,0.3354486567956365,0.5505209957201348,0.6229650769916814,0.6376412293972263,0.49575377659997144,0.5524325301638403,0.7509209343948975,0.5837874911247176,0.5382395062705143,0.8209565369756276,0.5500941902357683,0.7676119821640559,0.489958021985281,0.7740839420193245,0.6384982908254069,0.508498628598257,0.0,0.4502960976693714,0.888096322713429,0.6574603735443967,0.8258297703617499,0.7295789428652893,0.8901330955593845,0.7256578002961873,0.45633990996525003,0.8111389508173775,0.7685620513522325,0.7461945664287636,0.7492714395210969,0.7776494772602593,0.7348821487145504,0.8098230960261307
0.3608479206245177,0.30192812796847085,0.4049186260179351,0.2636958972261641,0.394658720821563,0.38105494832183945,0.4506404836392335,0.3050725683844536,0.42977198659110594,0.5946912234372798,0.3883363453150566,0.6974687890621143,0.4516974402823861,0.303586857698009,0.07605445929709274,0.4767747645399938,0.4777837408013936,0.6400293880498463,0.2280356122558232,0.3109255611137085,0.1966651851164636,0.31257102307500306,0.24242658609836817,0.5279083682224583,0.6099203558407139,0.5910759469922708,0.342575428533014,0.40276535293624305,0.35229942578778944,0.3309551585256175,0.3983103689519405,0.21171358291804432,0.0,0.19233615202139118,0.0,0.13624893507951696,0.045716195942365784,0.2670202457370007,0.1421343184533902,0.03419837575115478,0.2143057964818905,0.0,0.10722467204448523,0.11474209464440259,0.2309912184655939,0.31798509372740286,0.4172956000155371,0.2557826267014718,0.29652208953060605,0.360518788991693,0.35199109656255745,0.38300248667924736,0.1930701796915209,0.4326900881168929,0.7946763049496081,0.36564550093283604,0.7232115115220473,0.4698537319538418,0.17228627542224043,0.06642064512578189,0.4502960976693714,0.0,0.690821534957385,0.30459589356749955,0.24620328014572723,0.2150991518684115,0.3396694838229229,0.24078012091894635,0.496256020578208,0.7341229055614444,0.6487358309485608,0.27240193797731727,0.40506130371723753,0.22400976399327488,0.20504993220989357,0.3665737081916344
0.6354228755923131,0.5859989515371256,0.6611206764610199,0.5253421917279913,0.6423064129571753,0.6852852974717584,0.713026860955838,0.5058381255192852,0.7559822518110716,0.6663475727867988,0.5787763778243169,0.6736956363301392,0.645424604145447,0.5042398546297862,0.31729660812480925,0.6989249603151582,0.6060014166139238,0.8015010853637228,0.523041624324411,0.6193871893881372,0.4805578352811111,0.6101654608501343,0.5389453415003311,0.6517176409964395,0.785864074083504,0.7692600209848198,0.7035461837847706,0.6125028491851187,0.694861427878172,0.525399156296463,0.5853340312084302,0.013398094748958667,0.14958324741265294,0.4785081856244484,0.0,0.2891040947023911,0.2847557498035177,0.5350582804774693,0.1284722057275206,0.10765932369800255,0.44979595642118403,0.0,0.4824991852638723,0.39564589672893063,0.3249122510160243,0.5435676577417643,0.544322413208341,0.5872084856485483,0.4259732368505284,0.47993819618027916,0.7153165659209438,0.5168343959909113,0.4215790106016567,0.7539750324441261,0.6585928949870609,0.7190214278931385,0.5854050972988204,0.700026908221646,0.4631938283938462,0.2991118485284581,0.888096322713429,0.690821534957385,0.0,0.6282219514327245,0.6411982298728394,0.5519923623682862,0.6956912754346111,0.5697151354052892,0.5939464619323032,0.9124878429683249,0.8260787845592351,0.6768425313975968,0.6831219859726848,0.6213163916397675,0.5458722043302549,0.6644351534533951
0.417679357774528,0.4595055392805953,0.7940067808113049,0.32416738370673737,0.5389204404304508,0.7377885671234111,0.547542625456061,0.43284644973827946,0.6676341326803095,0.48527299080501146,0.6953036768529158,0.4911359903354069,0.5880529156397163,0.429278430427831,0.5166633763085301,0.36134633100534624,0.44640022108904703,0.44929348512743356,0.8197369213853951,0.5867946764744163,0.4393253644794723,0.5060567175285393,0.6639820138525153,0.4766660231612657,0.4969653739045861,0.5057578023000701,0.7784888044443579,0.4641204253615506,0.654556964553624,0.35382018490722167,0.33443898533893945,0.0,0.2942546306550881,0.5097467780596208,0.0,0.39727554115545727,0.4014948601656875,0.5597232537528366,0.1405538222082103,0.24711446114998725,0.3861947926303911,0.01964786119329755,0.415263224921741,0.35495586162551884,0.3620816053433241,0.36445474112882686,0.3322059656199271,0.8507350211685838,0.2260324435992259,0.2772470941196314,0.6655351373801215,0.29647426644511743,0.48290014550263505,0.7442526882836661,0.359438841493281,0.7671548567048138,0.44218241551554727,0.5347969663352282,0.36200727503605157,0.4987786110684047,0.6574603735443967,0.30459589356749955,0.6282219514327245,0.0,0.6793400044060139,0.4727193646550882,0.6361481838752515,0.6485999769956744,0.5101677044633942,0.5615345396336597,0.5417701600338926,0.7169431562947306,0.5192510373767361,0.5829201356397467,0.5334526261744209,0.5852239577475806
0.5569921396986544,0.7279618041689264,0.7511099194360772,0.44885050239118784,0.6716929926385234,0.7974187718613033,0.6430400482097846,0.5426992736759612,0.6499625213136808,0.6357197361973803,0.6412691967324459,0.503242937763032,0.7059314894984019,0.7494093613598695,0.8039854359278061,0.5353022035713819,0.6524741511883225,0.44214810765850104,0.47736717676807794,0.9217825547912825,0.7233455400540145,0.8507099469992188,0.8338362012790886,0.47447838541023507,0.5762819341933618,0.6768416748993262,0.8669091683177247,0.586489532064082,0.8710406475490786,0.5857912477501689,0.5819572229488361,0.0,0.14545034923019917,0.5384736406546136,0.0,0.5621315474872666,0.4170205267705689,0.6535460428481614,0.14565101676791672,0.08385568532201557,0.7344817426412804,0.0,0.7734384822512088,0.5784957365336949,0.36630151994698856,0.443116142053341,0.5781622015321469,0.7169804091175314,0.49802088152982943,0.5779512827488537,0.8238341377563497,0.5384952600022733,0.5237115414370684,0.8150016217739215,0.504366425425063,0.7262234256197309,0.48892909857799327,0.7818387342376002,0.6208269530216638,0.798101642574926,0.8258297703617499,0.24620328014572723,0.6411982298728394,0.6793400044060139,0.0,0.7534979098535498,0.9555709920061011,0.8190788131102519,0.5104716385661398,0.6512832728952698,0.7094559773791017,0.8745930271027439,0.8013755810201815,0.9088954855675603,0.7325815783597502,0.8114852731885726
0.6915941761510467,0.8560820137059423,0.5305779802294528,0.7602555781388257,0.7966047207980701,0.59752061289601,0.815209954202228,0.7227027433616167,0.739007271634421,0.7492322796002203,0.5955852632059958,0.5102526609208872,0.7443612800398675,0.7769602621691016,0.5909638789657357,0.7093511332277814,0.7943661090795154,0.508990976521127,0.16794476643911108,0.7741133431136094,0.9632239149648651,0.8212531013246112,0.6862035292028655,0.34709513629480887,0.6579969869187663,0.7111094884632884,0.7125896312686848,0.7624246737658429,0.7138261944145606,0.8382479404077195,0.8059657677599718,0.2286174853759644,0.0,0.5057167528912059,0.0,0.7230934532224361,0.6198030394761432,0.624429414816219,0.048160427882911444,0.0,0.6366189753373931,0.0,0.8523442517373561,0.5266569368583286,0.2718571433727104,0.3375021116918398,0.8379615250880634,0.4786582108283376,0.7647732797002605,0.6232237616966088,0.6030571794106507,0.737186577136747,0.6344847210360238,0.7714448608158812,0.5823458143660594,0.7132926975898197,0.48732036291617153,0.8124636757902429,0.7687513517610531,0.5090716904838493,0.7295789428652893,0.2150991518684115,0.5519923623682862,0.4727193646550882,0.7534979098535498,0.0,0.8055877629052676,0.6735397558422328,0.30152357616273645,0.6001089681091744,0.7017969343912758,0.5819564409609458,0.7602318509846796,0.7146999450310694,0.6511340202228098,0.689500576463936
0.6022207256870633,0.7455532555308299,0.7159351399002788,0.48690713501602295,0.7314635959695456,0.7082918691369877,0.6762836913815459,0.6123741602454694,0.6911965232659703,0.631616765023245,0.7479920793830209,0.46933508003040064,0.7251579048431751,0.6996391198479609,0.7174247734864073,0.6196937276708622,0.6713031651284425,0.5014314211602101,0.4519552723519006,0.8896491264784789,0.7834454963759531,0.8961013928719487,0.8032250673455926,0.3430368446083745,0.6042207184970779,0.6597167746206875,0.8071364265123314,0.6311020587311009,0.8656300667075296,0.6457297760403814,0.6581683496823688,0.09170571666407262,0.04374644471882514,0.5600165086241748,0.0,0.5659924622572018,0.42782874990747805,0.6377811219879009,0.23112787046905825,0.09219934368756785,0.7243397455445245,0.0,0.7495944705250804,0.5248715564637634,0.25882290394100316,0.5129688188914663,0.6782577707066415,0.6119916604021666,0.5667329773619878,0.6839289119295587,0.7068170531749687,0.6950730188860228,0.5143497014741324,0.8077918038534482,0.5583924886916244,0.7968910169387615,0.48791623760273095,0.8130616006089795,0.6761749605620078,0.7459579899320974,0.8901330955593845,0.3396694838229229,0.6956912754346111,0.6361481838752515,0.9555709920061011,0.8055877629052676,0.0,0.744603409357662,0.3697653344030403,0.6713306781890149,0.7285408660005185,0.7627061681607861,0.8009792706190468,0.8470311923513333,0.7423631064841746,0.8312574216148129
0.608489110108435,0.6566247244729767,0.7494926784369539,0.44232843911463643,0.6177588411416282,0.8335857910113075,0.649536584831291,0.6826010093060985,0.6707863973087006,0.6421299954291679,0.6437899782474568,0.6017871275854202,0.6649245298409852,0.6257695339732203,0.7055326392277043,0.4624920092170083,0.5616380065158822,0.44559402302203466,0.4610527783878413,0.7716677951594137,0.6696299820484299,0.6619776324917469,0.9829811261399454,0.4837771933466269,0.60175689716277,0.7074118995696418,0.8634840816486538,0.5764764255195013,0.7678189859619753,0.5255931187148604,0.5189263574876071,0.0,0.101832852572712,0.4515292157437881,0.0,0.4579880331839149,0.4073480236875581,0.6213252131894951,0.0,0.0,0.5328136141860572,0.0,0.7083042338856096,0.4584541165076788,0.39054699305268237,0.4165449602959082,0.6389187848141422,0.7756973050196404,0.47066154066521076,0.4555941534680368,0.8451297377533565,0.4362293188894328,0.7435637735092538,0.7451903094470277,0.4886265651286205,0.7346709257044768,0.5675178079346105,0.7205178511305721,0.5986310438467193,0.6544288433672861,0.7256578002961873,0.24078012091894635,0.5697151354052892,0.6485999769956744,0.8190788131102519,0.6735397558422328,0.744603409357662,0.0,0.5155759166950068,0.6679261308481916,0.7648801237316942,0.830553246505922,0.7000630389790881,0.7434924566190566,0.6246848187283908,0.6550892735787442
0.4350568889465179,0.4374671291115875,0.5814925507976865,0.26199290438286016,0.43736590209705184,0.6700329668850198,0.48803455499441256,0.3392817521803453,0.4414103187209027,0.6219154456750275,0.28278589527709097,0.7167366576301327,0.46341429842472875,0.42570585849577536,0.38894461904232214,0.43877096298688817,0.5558616437239388,0.6293319371534781,0.457464292092109,0.476522477595203,0.30528889371101614,0.36006026537487174,0.4812348881187173,0.9633869625337449,0.6296087922127721,0.6550937952222461,0.46659664441085646,0.389555149160218,0.460681789106313,0.24522064129653254,0.4228745220523691,0.0,0.4042944589466308,0.43241562198452677,0.0,0.34054421708335164,0.2140095743669033,0.4983338834821071,0.11550975328860925,0.1294362920349934,0.3075857824706041,0.02605520854013083,0.2928757684420176,0.3460185643600653,0.38789149673500595,0.32685576009483885,0.26840824881730224,0.5970577971428537,0.15857916013352946,0.24631694601761592,0.7127531213076381,0.2028005786955098,0.4251824092602578,0.5177380096031542,0.5616576232495151,0.39107084951505344,0.6742497829574757,0.4548653756756722,0.2315668527167282,0.3552113846317642,0.45633990996525003,0.496256020578208,0.5939464619323032,0.5101677044633942,0.5104716385661398,0.30152357616273645,0.3697653344030403,0.5155759166950068,0.0,0.627480665716468,0.6379049237171014,0.4642192031284011,0.48366272255995196,0.49250619280908403,0.43843827466374974,0.4472546776748291
0.6852936511808914,0.6570745661898281,0.6698550225637618,0.5265245997832432,0.6131522664902462,0.7157509577040484,0.7266755532527311,0.5204559650088347,0.7249483002556972,0.7780455301934908,0.5476799098321871,0.723673472412856,0.6686827571200509,0.6458536467991778,0.3788462207049803,0.6826070567001558,0.7136410212399558,0.8182491835824925,0.4197297789990384,0.6787715423017009,0.5612032468537562,0.6480306604914806,0.6474265805853893,0.6750140853265525,0.9284954033926842,0.873579724091483,0.730415306869471,0.6259335880459729,0.6943385064807605,0.5414669780246694,0.6077237950536949,0.15301209244541614,0.10945983428116025,0.44749077525158676,0.0,0.34916616619825924,0.2983424536867815,0.599978056244195,0.11553879288108072,0.03715979236840678,0.47873973079604276,0.0,0.5176647490271267,0.44521623540953315,0.3658910582489667,0.5603587538000553,0.6685771013232874,0.5829075222171988,0.4703351388491744,0.5009413933200839,0.7578521252545282,0.5433031747714718,0.4525634155666161,0.7483866323924252,0.7640218480561816,0.6515660597684818,0.6760823601950087,0.7598525035452985,0.49766300862126583,0.3273289611620555,0.8111389508173775,0.7341229055614444,0.9124878429683249,0.5615345396336597,0.6512832728952698,0.6001089681091744,0.6713306781890149,0.6679261308481916,0.627480665716468,0.0,0.9391567575102071,0.6787707259023059,0.7207720314813594,0.6436557702707806,0.5557593854793167,0.698333651715841
0.7652327705463013,0.8218855907998408,0.6782340105945037,0.6083027551985281,0.6977335138294584,0.7470721082300733,0.8474021139647948,0.6894063377156708,0.7651165875293966,0.8665714335638487,0.6156556121874026,0.8109959995481889,0.765130407704537,0.7905566937906281,0.46030287166340494,0.6907831780523972,0.8376614411532248,0.7937898256851137,0.3413171535746004,0.7318365724698437,0.6902772520433025,0.7087427645886445,0.7430793368825717,0.708098992741603,0.9361707566448472,1.0,0.7563618065639743,0.7085023867291924,0.6862876135058599,0.6249526572963957,0.6413415126546611,0.19007474170931674,0.020317037213202865,0.4634579526159335,0.0,0.4920589369976686,0.3943180580527524,0.6824731986949908,0.0586377720718525,0.0,0.5503929826901901,0.0,0.6507815960202592,0.5623270122000965,0.4652859009695084,0.5675085436911148,0.8117226266954699,0.6019140986697707,0.5974807877962836,0.5494233110194858,0.7884488432698825,0.6041359681914936,0.6384428727845819,0.7594049934347654,0.7853672705089941,0.6985026368541877,0.8019856046826478,0.8406662160113874,0.6396268628569438,0.4140693110758682,0.7685620513522325,0.6487358309485608,0.8260787845592351,0.5417701600338926,0.7094559773791017,0.7017969343912758,0.7285408660005185,0.7648801237316942,0.6379049237171014,0.9391567575102071,0.0,0.6654986990496293,0.7798162833231843,0.6559416577347875,0.6322058132403484,0.6657707269769924
0.502475120216485,0.5416957747048464,0.8203667890947441,0.30503930407629426,0.5531573832953838,0.8411011398579333,0.582517291188535,0.39890949369562667,0.6464597146145592,0.5054875602232458,0.591737124509044,0.43443709198240865,0.5713187801728268,0.5556159547925454,0.6927540363753898,0.40705008593469305,0.48298000959095017,0.4213339410572661,0.6012153606685944,0.7660940365647407,0.5375515298592962,0.6404922918070441,0.8023472531123292,0.4520091789611011,0.535313091865437,0.623349593306078,0.9720351925583776,0.4267095863993394,0.8154542150914539,0.3650809441867552,0.4113723610215791,0.0,0.2275689700308763,0.440771172139506,0.0,0.34086882805190777,0.2848354696293158,0.5766817105369074,0.07205383929033175,0.09894011181859008,0.49716062744132367,0.029617263591489067,0.6153486594006266,0.3890524303783025,0.3479819490825034,0.41274031271748773,0.4439283495676589,0.7984216194189219,0.34274375771720034,0.39776472477633246,0.8895468848160704,0.37188143595600365,0.41316622821513,0.7763780866498062,0.39642355446245553,0.68647516689643,0.38685848034203874,0.6619891478962194,0.4952070689298708,0.6965418914636047,0.7461945664287636,0.27240193797731727,0.6768425313975968,0.7169431562947306,0.8745930271027439,0.5819564409609458,0.7627061681607861,0.830553246505922,0.4642192031284011,0.6787707259023059,0.6654986990496293,0.0,0.6537911919546378,0.8764117286373192,0.6064022005254228,0.6872577819429626
0.6414320121246576,0.7749035411193417,0.63462779850678,0.6779027402214326,0.8208171668953128,0.661601069029104,0.8329092479403999,0.6717119756141096,0.7598610628039467,0.8502659965756566,0.654005390454863,0.7036548596845205,0.8119801611626339,0.8141104217117089,0.5732065440784868,0.687850795807013,0.8217011142088676,0.6046782067315888,0.3002086629949169,0.7954074427580645,0.7404186650740412,0.7791691385670078,0.7087787909770336,0.5237667160006334,0.7078487311305816,0.7576374425644075,0.6944219744971464,0.8458677754306413,0.7525898954828961,0.7859150890945018,0.7735354676741394,0.10816158856110446,0.0,0.5250898417043177,0.0,0.675231961120763,0.6172955765085645,0.7260100870873579,0.0,0.0,0.7254036593898872,0.0,0.8756719826937495,0.7580150635567331,0.401188142807166,0.433183116904569,0.6983357459935807,0.6374851773832992,0.7397756947586542,0.815761519613714,0.7019188206341482,0.7277440045807201,0.5670807918025955,0.8378715973483446,0.7209114576907666,0.767104909346217,0.6899176720485227,0.9126485578513954,0.8315411180264521,0.46537766052932006,0.7492714395210969,0.40506130371723753,0.6831219859726848,0.5192510373767361,0.8013755810201815,0.7602318509846796,0.8009792706190468,0.7000630389790881,0.48366272255995196,0.7207720314813594,0.7798162833231843,0.6537911919546378,0.0,0.7440124688358709,0.7886647478352765,0.847789100902502
0.6092618092817886,0.6481452298587581,0.685271590036254,0.3564614506827441,0.6217391342067294,0.7179801829852003,0.6516599518375976,0.3689800990282342,0.553810170657247,0.5894303329403694,0.5093273126663522,0.40869755293931304,0.6505526142665564,0.5904720307058449,0.8201770474687148,0.5827491935179512,0.6130682477782622,0.4772494147901763,0.5101385899400722,0.8575093817577694,0.7064459677767592,0.8046076886325088,0.7114599687243449,0.48326758388964064,0.5898561327825923,0.6238340796407357,0.8141049857195529,0.5289163818709752,0.8614926596194431,0.49388831973004194,0.5798688746955106,0.0,0.24533197781343535,0.4738334070624152,0.0,0.439178641648605,0.41355873907872753,0.5283706019623069,0.1203929267294455,0.09522300628521434,0.6239089314719323,0.0,0.7134620011965329,0.566750838515795,0.29437220300208183,0.49896154365940654,0.5028495634069934,0.6678628771904019,0.4295431614607503,0.5235829443737005,0.829926551361014,0.531445459912841,0.35942145033015616,0.7151544505157494,0.456102160913878,0.6073896026970684,0.3962883600063047,0.7154083455192757,0.5801643258475281,0.7386552780402103,0.7776494772602593,0.22400976399327488,0.6213163916397675,0.5829201356397467,0.9088954855675603,0.7146999450310694,0.8470311923513333,0.7434924566190566,0.49250619280908403,0.6436557702707806,0.6559416577347875,0.8764117286373192,0.7440124688358709,0.0,0.703099662666132,0.7951482604223825
0.5749022534954367,0.6854856606463448,0.5653182748632017,0.5610742082308223,0.6353353243571837,0.60432496009225,0.6931083937290953,0.5283863196227976,0.5933749376613391,0.667195620784297,0.5770239912205998,0.5228755347159881,0.7127080458407608,0.5830004659216448,0.521159966952823,0.5681701852017566,0.6938700346878107,0.4911397318720303,0.40645918299290273,0.6819418512457402,0.6563434981083817,0.6546947554150766,0.6593286578455074,0.45401457632794,0.5632756244749625,0.6010578500283018,0.6198146029091288,0.6631422884057104,0.7077133281754777,0.606260143449173,0.5566447374905549,0.085739754783807,0.12693288331513752,0.4836578728051487,0.0,0.5701359443914281,0.5548304654157454,0.5984460639769349,0.13624968235254548,0.04160456295296624,0.5808773770648101,0.0,0.6868287053289338,0.6143407846510378,0.35959571032472326,0.419403629833173,0.6191564385908388,0.5943482235368375,0.6269631257122869,0.5989240746468251,0.6420087066389286,0.5647918331499784,0.49960738217387074,0.6303354351785446,0.510134619762017,0.6122574609044512,0.491034963904597,0.6913005078298301,0.6112932260258398,0.4690207242793006,0.7348821487145504,0.20504993220989357,0.5458722043302549,0.5334526261744209,0.7325815783597502,0.6511340202228098,0.7423631064841746,0.6246848187283908,0.43843827466374974,0.5557593854793167,0.6322058132403484,0.6064022005254228,0.7886647478352765,0.703099662666132,0.0,0.7869037185067792
0.5621982566358741,0.596172960155442,0.6270788238594001,0.45770082693584185,0.5777490617148874,0.6031947429482261,0.5902008165570016,0.44244557372501203,0.5821594630461686,0.631118679988493,0.5727593335677796,0.44132492119666067,0.6525737761976153,0.5732258968086886,0.6376888243076247,0.537754154871634,0.623380530676679,0.46955038632114415,0.45297513950888013,0.6952049175553633,0.6360771197628086,0.6725689216024442,0.6626265100883553,0.40892761514439335,0.5743624178443183,0.5899384214612706,0.6881826403582697,0.6066636597868749,0.7593595882228003,0.5536991992853358,0.6484817672934988,0.12659769863570056,0.17803624206269633,0.5780539407993761,0.0,0.5641589198220245,0.5287828501593668,0.6879537984047879,0.23483235280138345,0.11529796475595283,0.6446015501141215,0.0,0.71767024995215,0.5946578347451011,0.27683780242474465,0.492704879193469,0.5735043677722356,0.5999885153915057,0.5518377981274328,0.6141155052321084,0.6712965058678766,0.6025304657824729,0.4351070651122134,0.6956958098851032,0.5928382814885473,0.6408036591134482,0.467434014402622,0.690593707987983,0.6538104870506868,0.5774819719266865,0.8098230960261307,0.3665737081916344,0.6644351534533951,0.5852239577475806,0.8114852731885726,0.689500576463936,0.8312574216148129,0.6550892735787442,0.4472546776748291,0.698333651715841,0.6657707269769924,0.6872577819429626,0.847789100902502,0.7951482604223825,0.7869037185067792,0.0
