0.0,0.0,0.06405453073318536,0.15884555142148526,0.06255365448832961,0.2023257292180851,0.0,0.0,0.06472917935616014,0.0,0.0,0.0,0.23398607927868767,0.16493857480032872,0.23641467902082455,0.4812916522004078,0.2737631427938978,0.4540975831275155,0.2257562389731378,0.13923427877787162,0.09804240660242987,0.0,0.1444829005669592,0.11003616016617844,0.2605393112808039,0.2569913533424235,0.17944168246650438,0.13506870078838085,0.23012376376607874,0.0,0.41420564860579745,0.0,0.304378121486179,0.3610221948814654,0.2723565482782583,0.0,0.0,0.0,0.0,0.10560348509283067,0.0,0.16539015374603303,0.0,0.0,0.08580919538632678,0.5803422059529026,0.11970641164688205,0.040192833033718,0.15938639882216643,0.0,0.22263023450012775,0.17460123905969738,0.0,0.0,0.20262038847409086,0.0,0.04616763032241948,0.1384863615764142,0.0,0.42571108096446486,0.34846463161202956,0.1930705495041931,0.2798129129806523,0.0,0.1868182251271808,0.06013735423928703,0.2248873518488628,0.08283499950012985,0.022979286070814144,0.3020364099441781,0.10940313822278547,0.3719993073524351,-0.003454218107944317,0.0,0.0,0.0
0.0,0.0,0.0,0.0,0.013181922715102145,0.0665236669456764,0.16760921233566758,0.15916813713086977,0.0,0.03673123232484916,-0.013443968483281115,0.1498528698414069,0.2312330657973503,0.0,0.0,0.007299750326884171,0.0,0.0006110251709269389,0.0007744764541050506,0.07462294880750096,-0.010469462411423911,0.19476022302446228,0.0392038370368178,0.09927215726093357,0.10182606865529908,0.24441188829711652,0.0,0.05804187765158357,0.0013591959504958445,0.18680961418452036,0.0,0.08367341529673962,0.015630614605381395,0.0,0.0,0.013163374845709518,0.018936053411218814,0.08862662484342271,0.10709928455290026,0.10364338869242343,-0.0022659379230188887,0.0,0.05946881336169394,0.026196523301495193,0.0,0.0,0.13095595935124993,0.02324675176528622,0.0,0.0,-0.01524907764800285,0.0,0.1045675340272629,0.0,0.0,0.061420815184792525,0.03755196043381342,0.0,0.09224866408531027,0.0,0.0,0.0,0.0,0.0,0.0,-0.0007910637264711969,-0.011120539439039637,0.07739582908139626,0.010577266409025786,0.0,0.034949873787699606,0.0,0.0,-0.0034899386989334018,0.015233145473799246,0.0
0.06405453073318536,0.0,0.0,0.0,0.16617519922690238,0.48640020665890227,-0.000576204313246454,0.44549161113611074,0.4962588083722121,0.2384399018492481,0.4085450005731755,0.17159879070682585,0.16933998551043802,0.0,0.2357703171191735,0.0,0.3187449359850129,0.15786557093941417,0.4787541054894012,0.45986944205242397,0.273325995205623,0.3071506950965899,0.5385606587809566,0.3178848961698396,0.31626502191699957,0.3884874540653428,0.5264590662595877,0.16409847997319302,0.30876265184495716,0.252757061814972,0.0,0.0,0.0,0.0,0.0,0.0,0.0,0.282362143983543,0.0,0.10020783920805132,0.02969222378278985,0.01814519530966507,0.0,0.0,0.06089417124938854,0.1566922911451527,0.31010581932271636,0.4090554300801487,0.0,0.0,0.46921550446955534,0.03196359360032088,0.3993004515180075,0.2699432775798536,0.20538451137460192,0.056842183813599005,0.19146770290977572,0.17984022310129968,0.0,0.09267320441461784,0.14677438039982338,0.038369573811418374,0.2250143143709303,0.48049091997137233,0.14310118698493418,0.29524520675547317,0.04417586422492743,0.4355625355574202,0.37682161864886354,0.31146140763907,0.41388571075224284,0.34920013434603997,0.0716795025180699,0.18959096284678237,0.09586308762925377,0.0
0.15884555142148526,0.0,0.0,0.0,0.09889632292068082,0.0,0.09520499802646042,0.0,0.0,0.0,0.0,0.0,0.15622170666086133,0.321337620894055,0.0,0.18792630122383402,0.030769661376898644,0.15272629414876285,0.0,0.0,0.0,0.0,0.0,0.0,0.0,0.0,0.0,0.17248996476235154,0.0,0.0,0.31383233880962497,0.22680277265313598,0.29367346321729765,0.32509167769762803,0.3939281567683549,0.3279165390537181,0.2867305970464267,0.0,0.15177676241419044,0.05790027079471672,0.0,0.06917816159088064,0.15525543734767966,0.10285626595795297,0.0,0.1101472137055693,0.0,0.0,0.40133980142074754,0.06170638408788702,0.0,0.13468414960647093,0.0,0.0,0.05326208483681307,0.16370218185020569,0.0,0.044582347225249556,0.22327307403510793,0.15138684716052417,0.0,0.07167393421716828,0.0,0.0,0.0,0.0,0.0,0.0,0.0,0.0,0.0,0.0,0.023075493111943682,0.0,0.0,0.0
0.06255365448832961,0.013181922715102145,0.16617519922690238,0.09889632292068082,0.0,0.13249582911436988,0.5183050767373388,0.2412942677861668,0.40725372825356837,0.3165338707293288,0.5163395258450856,0.1302284126468172,0.2797406654898192,0.3638865675993543,0.055339620050146636,0.11981098616413746,0.3575878696536558,0.18665965648890329,0.04832845484285408,0.224437558643851,0.16118070146021746,0.31399048928716755,0.08485023782536551,0.0,0.21329734328538305,0.04753317644082897,0.16311211397831615,0.5018872268311587,0.2571591444015581,0.3834441723021539,0.26683557015958265,0.18430736826994137,0.0,0.09477991921632442,0.04158989840615938,0.0,0.0,0.0,0.2596132100231679,0.26918079249919463,0.0,0.00448008948227847,0.2988290672583046,0.13757295437065892,0.0,0.16151253924794265,0.02605091398854487,0.26701349830584503,0.19283989644082747,0.41159801993471745,0.17803978671909038,0.3578879219182906,0.3567502394665115,0.33094276079128543,0.3340989706310342,0.4187294477382902,0.07671419669739216,0.3770024774250635,0.34435910589312646,0.0,0.1788483177276269,0.22150408515708875,0.2902807724637258,0.24311473051706523,0.08149125586217502,0.23362942654242772,0.05404384220473716,0.1415332631074505,0.14543971511427786,0.06617064520090174,0.06933719987236067,0.0,0.35661569755044553,0.09385098246750702,0.11362418428713567,0.05406752587385293
0.2023257292180851,0.0665236669456764,0.48640020665890227,0.0,0.13249582911436988,0.0,0.035377285817776424,0.38627411526877775,0.4425279809714008,0.1645733856385591,0.2558970625682599,0.15164297631428383,0.3001693607453287,0.0,0.26418821235476025,0.04482916640970951,0.3546505775190596,0.26103071837447245,0.39477176531882713,0.4578888303272889,0.323294287209326,0.2224646431015032,0.56608775256718,0.3307348869341062,0.3973909076563827,0.4868782764513376,0.5548889723606224,0.17586301008827712,0.4091971665397657,0.22964090518829522,0.018163657490054698,0.0,0.0,0.0,0.0,0.0,0.0,0.17296362707740962,0.0,0.07674300909499362,0.0,0.04135229556171663,0.0,0.0,0.02078580195982759,0.24986877671920485,0.3723723288601558,0.30782909444983997,0.0,0.0,0.4683600428841975,0.08872682519420651,0.33184861371598967,0.14540462411967608,0.1866546820433843,0.0,0.17438131873479068,0.18141575494038142,0.0,0.16133056603327106,0.19711069430499406,0.048613151542551705,0.2020803718153298,0.3196710116398492,0.11802522575290778,0.28524277445404556,0.06727709544783163,0.43548655029423206,0.31090619186789836,0.3899213421498614,0.4514674021276995,0.41928912105669514,0.0,0.053887186346445765,0.0,0.0
0.0,0.16760921233566758,-0.000576204313246454,0.09520499802646042,0.5183050767373388,0.035377285817776424,0.0,0.23406060239333215,0.21584739941841646,0.38695283854476653,0.3956922330399285,0.24899802495109688,0.2837686657122147,0.256954400580212,0.0,0.0,0.16961204542085098,0.0,0.0,0.12293460176855624,0.1585423742232837,0.40216215515011844,0.01215361632218567,0.0,0.12548109302988342,0.0,0.037102522567385735,0.3836705501253448,0.12999195511979356,0.36781497478186825,0.07577872727255569,0.24834968131517213,0.0,0.0,0.0,0.0,0.12300405840661244,0.0055691720754314335,0.3879922188743819,0.21014845283562072,0.045790281700563325,0.0,0.32111615043507324,0.232099109831738,0.0,0.0,0.06999475787414715,0.13038250105564095,0.1784715704695563,0.44095484854191097,0.029786622379123856,0.3027577518060117,0.3624455280459811,0.3091216140167109,0.23058003668142824,0.3648877399939078,0.11889312942395115,0.30930493641625456,0.36687401115820356,0.0,0.0,0.1495434663102226,0.08908621522621048,0.12622431217543603,0.05330790203293703,0.22485822806453226,0.04406817660198083,0.11043659220152553,0.10708645742081874,0.0,0.06542370759237474,0.0,0.30796017856974733,0.1495074721923202,0.18764976000744174,0.05834091022357885
0.0,0.15916813713086977,0.44549161113611074,0.0,0.2412942677861668,0.38627411526877775,0.23406060239333215,0.0,0.3176143176020322,0.20024892542682582,0.4173625175010224,0.23909580176115758,0.28923834314524516,0.0,0.24747814214551836,0.0,0.2335165051985034,0.05085439516127539,0.22750227678247387,0.4026406069973685,0.3115701327687527,0.3609568740644695,0.4585966663847546,0.27229795435798065,0.11922683387289627,0.20786077628766633,0.28145571395665997,0.17945646146173957,0.2803329998918583,0.3229854792194723,0.003954833125396143,0.0,0.0016952822397287583,0.0,0.0,0.0,0.0,0.23632097919062686,0.11041791502693145,0.24605671107497865,0.0,0.0,0.15715070939019282,0.0,0.0,0.0,0.15173441847318603,0.23566219345819386,0.0,0.16772886960343758,0.307910262977301,0.13752753533266182,0.5619991277154983,0.352303465734636,0.12484776982262256,0.2253000484235475,0.1660751136984006,0.2974313954358501,0.09570135303522899,0.0,0.0,0.0,0.01334024618250243,0.3271370167407005,0.09401254331762872,0.2813224959721368,0.0,0.32161758480162383,0.253072984872123,0.023585765370836113,0.22352102780533495,0.07306442983928521,0.05441142012295432,0.034085078919186454,0.0,0.0
0.06472917935616014,0.0,0.4962588083722121,0.0,0.40725372825356837,0.4425279809714008,0.21584739941841646,0.3176143176020322,0.0,0.37090718906187714,0.530399520442705,0.22474841261293513,0.2459239052568268,0.12061203112529978,0.08538698855695134,0.003400339794250737,0.42373015607744374,0.24207795941559018,0.36026579208403453,0.3709858000122767,0.1246571262523667,0.31169665481588976,0.3486345155632797,0.2897756937492471,0.40549512617324673,0.37220062904961876,0.4591126658747904,0.34058525871176737,0.2551088818649593,0.28269826751152005,0.04248087031647159,0.0,0.0,0.0,0.0,0.0,0.0,0.14560205397642395,0.0,0.095980848679302,0.05207632690865302,0.03334102503346876,0.006305541318497486,0.0,0.02226384602642892,0.12543179054137923,0.1997686409912499,0.46550491730687016,0.0,0.21808482585970485,0.4570111266426021,0.22289061652160785,0.4059968070473071,0.40787736390477897,0.36668372092182455,0.21066688969899727,0.22504424641832285,0.3107581622506578,0.004904029216788876,0.0,0.2365815730112,0.2209590541559035,0.3629754487322433,0.5052085183048546,0.023126565775907548,0.19366830480177924,0.0,0.36716965933248863,0.4390791678181013,0.34902371401422305,0.3865164526518438,0.2586739699740825,0.23135019479818522,0.09320639155734702,0.14611648033407365,0.061353142576500506
0.0,0.03673123232484916,0.2384399018492481,0.0,0.3165338707293288,0.1645733856385591,0.38695283854476653,0.20024892542682582,0.37090718906187714,0.0,0.3543167703474538,0.5287925312996913,0.27495954595520117,0.18618910849218312,0.0,0.0,0.3313948189925625,0.013348096889721146,0.1653628209508317,0.10590218772587788,0.0,0.3253375973590506,0.15232098990494575,0.26910553553888644,0.37571556194538913,0.310472822848907,0.18094400108727476,0.3320864490575317,0.0,0.22929474046307,0.0,0.0,0.0,0.0,0.0,0.0,0.01550170395456296,0.23978076728379416,0.1256538105006816,0.017125876907878163,0.2757806266588446,0.0,0.08977381557567003,0.20737796820941226,0.04252168505947156,0.0,0.19868519188839265,0.39367282167599577,0.0,0.2492915975059639,0.24270218724747636,0.1168998584071408,0.40529946131220584,0.23406140407665307,0.46072014099802877,0.20473770896860732,0.4719222858365919,0.20610298185814485,0.179918330978759,0.0,0.073425815496281,0.3901550667834331,0.32654837969768075,0.4215821264997635,-0.008362293769143938,0.08077914410428973,0.0,0.34161729095474724,0.4821806786714599,0.22018881676327173,0.3227798426151383,0.022453680960275675,0.36121923311870935,0.19580282601420387,0.4289041705144534,0.3335159274847476
0.0,-0.013443968483281115,0.4085450005731755,0.0,0.5163395258450856,0.2558970625682599,0.3956922330399285,0.4173625175010224,0.530399520442705,0.3543167703474538,0.0,0.17002067626276332,0.1879692061365293,0.16280447544250462,0.028783757022199746,0.0,0.36775896036991773,0.0737548229518645,0.15971901922746495,0.3568959647779309,0.17285108307634933,0.4387455693086607,0.22941367339679622,0.10622291516875187,0.22384531849864867,0.13471298330051382,0.2824355915830134,0.4055679232187033,0.26000495789113537,0.42638047640785876,0.07753431615150926,0.052231832645533945,0.0,0.0,0.0,0.0,0.0,0.0961870707120206,0.20957366045428416,0.18674145081085292,0.020124026212470555,0.0,0.2996320003857832,0.083380120831032,0.0,-0.0071203361039451265,0.07322913482960164,0.32665427354094895,0.009431715826746444,0.3888666988496635,0.28113066265402975,0.23922147760982804,0.4890667511731881,0.47284276695352884,0.28639924714796255,0.44362823145400726,0.0999699051881894,0.3643489242373559,0.20846463908767612,0.0,0.10688796251919987,0.13656385550336675,0.20728810507608844,0.4576035216031844,0.04430184567876397,0.24938782386250735,0.0,0.22802337239332368,0.3131708313850506,0.09424634695139425,0.1890193519723493,0.01262511047076355,0.3156438029147568,0.09397512787421947,0.14686104265341482,0.0
0.0,0.1498528698414069,0.17159879070682585,0.0,0.1302284126468172,0.15164297631428383,0.24899802495109688,0.23909580176115758,0.22474841261293513,0.5287925312996913,0.17002067626276332,0.0,0.3672077570336397,0.14448889647433502,0.0,0.0,0.17950470983599603,0.021872761484153735,0.18352963053440674,0.006202945830239336,0.0,0.20508050993861304,0.13974446508662547,0.4158066982584381,0.2369279934295933,0.31114720144466373,0.04007270549539444,0.2083789160692123,0.0,0.11521929672449731,0.0,0.0,0.0,0.0,0.0,0.07065014905013157,0.13567537818151565,0.3121533265260172,0.07169589392950877,0.02880599348918339,0.3457249400886299,0.0,0.024845364546852506,0.2695806851803296,0.08031042986864237,0.0,0.12420845748473575,0.33695363569325165,0.0,0.1607938998679148,0.14883104697432642,0.014879526872569606,0.357004105985356,0.16798527066217248,0.3509322356953984,0.12259565397182863,0.5985003944774354,0.12265354379865971,0.14534814971204996,0.0,0.0,0.34784790364623197,0.22951934454519882,0.33111587190081565,0.0,0.0,0.0,0.2283975824950132,0.4769250398878481,0.11478832351580913,0.28470786632134054,0.0,0.28322570108881784,0.0337349688512937,0.3540952730028939,0.3294579716727366
0.23398607927868767,0.2312330657973503,0.16933998551043802,0.15622170666086133,0.2797406654898192,0.3001693607453287,0.2837686657122147,0.28923834314524516,0.2459239052568268,0.27495954595520117,0.1879692061365293,0.3672077570336397,0.0,0.2670527670524847,0.08000768291629819,0.24081707712927722,0.358315572873874,0.34230755745316155,0.2640703813966465,0.1821549532472423,0.11884107257342215,0.13096353529774196,0.21674126188936213,0.31911312406002,0.2816239568288754,0.32459342274946723,0.1507780309992508,0.4070301117701253,0.10133496600476533,0.22859839943246688,0.22161845978870862,0.08071874863307246,0.1475151997588841,0.1227350522969522,0.06347864502366239,0.08392470485146143,0.04928500424339964,0.11104403391039412,0.0795473498722222,0.2260847343978514,0.08668039054109535,0.07436685037003017,0.053796343927228665,0.07781225649385559,0.06900735880337121,0.20790176810395822,0.1313350281359423,0.30144496721862296,0.12685996838338165,0.10119979323535894,0.24795813438367958,0.1925357688669716,0.2932996403235554,0.09516754409358566,0.36862351604390636,0.1973048195017079,0.36147225421840323,0.3141683314423251,0.19945835805970918,0.07768848430633532,0.10290402343452372,0.3228211785540404,0.2744581632186251,0.14375634588803474,0.07757715830732927,0.10946466771878605,0.03683309788168239,0.22726426380793854,0.28461205699441866,0.13217233553114077,0.17293093440422838,0.15716555418702344,0.21986193913898008,0.0,0.07938004200190932,0.1273903614535803
0.16493857480032872,0.0,0.0,0.321337620894055,0.3638865675993543,0.0,0.256954400580212,0.0,0.12061203112529978,0.18618910849218312,0.16280447544250462,0.14448889647433502,0.2670527670524847,0.0,0.0,0.2934538933820587,0.25785243810590197,0.20399409443852265,0.0,0.0,0.0,0.0,0.0,0.01405607517449622,0.1423906066242831,0.024592123250067356,0.0,0.30903794224886083,0.0,0.0,0.3229145895065306,0.33228130839631875,0.16678882893313518,0.23499312787629498,0.29599755841997166,0.14870260699547802,0.2040176629181855,0.0,0.27188112820338123,0.10531396021928202,0.028616856952011896,0.11406194658189878,0.11566154174932217,0.2826119967504083,0.0,0.14570445149383737,0.0,0.14484253835689795,0.3350281913935531,0.26702920893156423,0.07791097048436692,0.31404527704982044,0.08524167902441282,0.0735686294256413,0.35535817712346307,0.25068441279034703,0.1542252977978836,0.2616722390820476,0.4024456289895592,0.07043956177156838,0.18077930637926035,0.36708391264432344,0.24170118606086957,0.006983577011169201,0.025641077516481103,0.0,0.009564400970376613,0.0,0.11110650531049113,0.028364665812922508,0.0,0.0,0.27927796230906576,0.0,0.04083982177771302,0.20033383240827823
0.23641467902082455,0.0,0.2357703171191735,0.0,0.055339620050146636,0.26418821235476025,0.0,0.24747814214551836,0.08538698855695134,0.0,0.028783757022199746,0.0,0.08000768291629819,0.0,0.0,0.20370379954716514,0.13573849144857839,0.18480870696774418,0.06408371477696828,0.3526092361283048,0.4119062878745493,0.15671940840151316,0.35753441084950405,0.05006285587295401,0.07643701599459464,0.12484578851367102,0.32128834376275106,0.0,0.4111233154084846,0.09787454663186884,0.1638142222290613,0.0,0.15831274516947175,0.18545057052107533,0.09218168203980054,0.0,0.0,0.0,0.0,0.1862545654318047,0.0,0.0326635659475885,0.0,0.0,0.0,0.3264577025134373,0.20935885302058455,0.0,0.11734444645295275,0.0,0.17266745966266572,0.258957616528704,0.06414237458518313,0.07160523770267505,0.02363434022314665,0.0,0.0,0.22149497821962133,0.0,0.4400676787955175,0.27764892488896825,0.0,0.06702136217419023,0.0,0.3735918209934252,0.30636271307171753,0.37357814716064164,0.11878327839349519,0.0,0.19765154278417862,0.17383511979381763,0.2813776295118839,0.0,0.12248966267575535,0.0,0.0
0.4812916522004078,0.007299750326884171,0.0,0.18792630122383402,0.11981098616413746,0.04482916640970951,0.0,0.0,0.003400339794250737,0.0,0.0,0.0,0.24081707712927722,0.2934538933820587,0.20370379954716514,0.0,0.2716738593526006,0.5248261335614418,0.08692722701733031,0.06297710510973684,0.024981744815294277,0.0,0.0,0.07623384869072257,0.15506811758642833,0.13584560053764008,0.0018343495475736723,0.12320652833324172,0.12987387666754566,0.0,0.46874996543390907,0.1634239649157241,0.38845706039373357,0.4514554716750066,0.3350846071951313,0.057442194922608776,-0.0035118132075612845,0.0,0.0,0.16978901378395891,0.0,0.2198431040257365,0.0,0.0,0.08460360143195984,0.3842494947037875,0.0,0.05112848111486897,0.21388508432156464,0.0,0.12390420453888669,0.20773709003947358,0.0,0.0,0.17284102339417956,0.0,0.0,0.1770338250119931,0.0832713019692373,0.30672905487783825,0.3032188685471082,0.24423700521486894,0.2691963590478639,0.0,0.13292445408431813,0.0,0.1474633106938754,0.0,0.0,0.11020225649984582,0.0,0.16742210403283023,0.01859543493368834,0.0,0.0,0.04806673734802985
0.2737631427938978,0.0,0.3187449359850129,0.030769661376898644,0.3575878696536558,0.3546505775190596,0.16961204542085098,0.2335165051985034,0.42373015607744374,0.3313948189925625,0.36775896036991773,0.17950470983599603,0.358315572873874,0.25785243810590197,0.13573849144857839,0.2716738593526006,0.0,0.46821525999817465,0.28885452453833,0.31413382561629233,0.18789987701911545,0.12335152461221881,0.2585309678544102,0.23649614559386606,0.4518189653718287,0.3916466787494594,0.33315567117228323,0.4378882158393157,0.2517741727559312,0.17331161468631512,0.34458005301121175,0.0,0.05155049506555048,0.16843293070901477,0.07516839815149703,0.0,0.0,0.0,0.0,0.1610550258053814,0.0,0.10286316909007678,0.06798268795633636,0.0,0.026781192195681976,0.3115792816154195,0.1263029138425116,0.24475494087577176,0.11552955234933823,0.1302403731752203,0.3553440238151871,0.311680500802283,0.23763576096846548,0.13674083012581473,0.4931891237843804,0.1617328893412224,0.22456759275485225,0.3895011223077741,0.08029408979415384,0.15319637357024604,0.3368739265225756,0.40944999573947605,0.4429271321095379,0.2501493989638975,0.09130849814745623,0.16708063947302762,0.012232084580655462,0.19540406572175825,0.3495044633816939,0.3340039203554309,0.2399427177630348,0.27216162923952175,0.25743208656368705,0.0,0.0,0.0
0.4540975831275155,0.0006110251709269389,0.15786557093941417,0.15272629414876285,0.18665965648890329,0.26103071837447245,0.0,0.05085439516127539,0.24207795941559018,0.013348096889721146,0.0737548229518645,0.021872761484153735,0.34230755745316155,0.20399409443852265,0.18480870696774418,0.5248261335614418,0.46821525999817465,0.0,0.3159970062175286,0.19222281233327917,0.05394108144442742,0.0,0.13453194048585748,0.26038815641231505,0.3638059303308536,0.3412534394700154,0.17731854747997317,0.26494236031718577,0.1907718099476453,0.010249269732947555,0.423650954534121,-0.004890033064793225,0.29814889487247087,0.3701466733106315,0.2171223859353544,0.0,0.0,0.0,0.0,0.16170278681491165,0.0,0.17676469803573214,0.0,0.0,0.0806853904328638,0.4008669467144159,0.02523995283074256,0.20103018272966297,0.15166354718172498,0.0,0.2581099768240648,0.20157329358641485,0.0,-0.002655876480840387,0.29529549642486663,0.03330150968633271,0.13280739949562723,0.243399538829257,-0.001556193862585187,0.26281333501409554,0.33172754757893375,0.31243769200278315,0.41598909481889507,0.06082606914616042,0.02995618881569059,-0.00039491055260382175,0.0213734710715993,0.07172503112138977,0.20108206505315923,0.2863324568640016,0.15075975642009495,0.24022550276641802,0.09573329766209096,0.0,0.0,0.0062061209961108334
0.2257562389731378,0.0007744764541050506,0.4787541054894012,0.0,0.04832845484285408,0.39477176531882713,0.0,0.22750227678247387,0.36026579208403453,0.1653628209508317,0.15971901922746495,0.18352963053440674,0.2640703813966465,0.0,0.06408371477696828,0.08692722701733031,0.28885452453833,0.3159970062175286,0.0,0.214519454050326,0.05908948476315264,0.0,0.3764196034493688,0.31087074406168597,0.33045320584373755,0.3681705406874418,0.35311554349470475,0.1614922989868988,0.08736473194476024,0.025635604709045634,0.023147463797228526,0.0,0.0,0.0,0.0,0.0,0.0,0.22945494219669912,0.0,0.0,0.14241770979864452,0.14617135349878085,0.0,0.0,0.18271142532274043,0.21296957675563397,0.18196480153284644,0.4569007824418624,0.0,0.0,0.39454237450287954,0.0,0.21605415107539475,0.0,0.19628085018924338,0.04029927261501129,0.24225804105753462,0.0,0.0,0.11254075761783099,0.0637143315593462,0.12550676361337068,0.2567574606866489,0.4208519994379929,0.0,0.08056341416801509,0.0,0.41851333048617234,0.30493575614618684,0.2643711046604558,0.24369905201967795,0.3625159251565383,0.014246453270860035,0.035713286662387274,0.03135135518797744,0.10868779570956458
0.13923427877787162,0.07462294880750096,0.45986944205242397,0.0,0.224437558643851,0.4578888303272889,0.12293460176855624,0.4026406069973685,0.3709858000122767,0.10590218772587788,0.3568959647779309,0.006202945830239336,0.1821549532472423,0.0,0.3526092361283048,0.06297710510973684,0.31413382561629233,0.19222281233327917,0.214519454050326,0.0,0.4792196301963316,0.34843637731884547,0.4515292557726645,0.18413758000920338,0.24508381584356084,0.3297621257892501,0.5358351422544986,0.1902782670784124,0.5070200288371465,0.38429513222351125,0.0846760232320084,0.0,0.0,0.013175756032437867,0.0,0.0,0.0,0.09381339709092198,0.0,0.14242330723759739,0.0,0.0,0.0,0.0,0.0,0.24940100507814505,0.3285175803941786,0.14421607816281418,0.0,0.03740104564134018,0.2864368059642191,0.1607063642554805,0.3026619040394771,0.20727181110852042,0.12076570884238086,0.007542802473455969,0.0,0.24257214766248464,0.0,0.22224461313334548,0.21275964220414886,0.0,0.1378976852968404,0.19946400377426013,0.30205718562951356,0.4351145465865526,0.21859092949441256,0.2625152857373713,0.16747733867185544,0.26171784311422686,0.34400905967302847,0.336746009334193,0.023486549012411078,0.14083240104292763,0.0,0.0
0.09804240660242987,-0.010469462411423911,0.273325995205623,0.0,0.16118070146021746,0.323294287209326,0.1585423742232837,0.3115701327687527,0.1246571262523667,0.0,0.17285108307634933,0.0,0.11884107257342215,0.0,0.4119062878745493,0.024981744815294277,0.18789987701911545,0.05394108144442742,0.05908948476315264,0.4792196301963316,0.0,0.23942222854746145,0.402495658316074,0.0,0.08641675529799792,0.148312163672886,0.45721947348076053,0.12454495717025257,0.5109407510974198,0.25793133451123207,0.1240462128205537,0.0,0.0,0.05763892589120051,0.0,0.0,0.0,0.037879243790371095,0.0,0.17967672074148003,0.0,0.0,0.0346075851798541,0.0,0.0,0.33305232922348404,0.397954269525068,0.0,0.0267911787788294,0.0,0.14088973775009186,0.19420405030149626,0.1805792094801544,0.03901107094579943,0.05330608088797653,0.0,0.0,0.2186194948482624,0.0,0.37991209271095927,0.192673298598001,0.0,0.01622203921456755,0.0,0.39714822732078103,0.6220928458193453,0.38202245918043504,0.20087802225504808,0.0,0.1906740339396534,0.23264162993210533,0.35735561145859884,0.0,0.2389906562376793,0.0,0.0
0.0,0.19476022302446228,0.3071506950965899,0.0,0.31399048928716755,0.2224646431015032,0.40216215515011844,0.3609568740644695,0.31169665481588976,0.3253375973590506,0.4387455693086607,0.20508050993861304,0.13096353529774196,0.0,0.15671940840151316,0.0,0.12335152461221881,0.0,0.0,0.34843637731884547,0.23942222854746145,0.0,0.2194181194210851,0.13047985001780157,0.1917842767575718,0.1716893275640043,0.27040263348950133,0.19573393387740273,0.29011148795581687,0.48225251890651205,0.0,0.0,0.0,0.0,0.0,0.0,0.0,0.1551957148202211,0.1768330250407685,0.20326433274990105,0.014280822246055223,0.0,0.11792673877195782,0.00669125432301603,0.0,0.0,0.23543394119554933,0.1721259944692744,0.0,0.33394924054401487,0.1493488344949715,0.18374669405540897,0.40841704808020335,0.4024356104834678,0.09211465935825157,0.19304177552415533,0.08440803383567659,0.23165205250401716,0.12940088726667118,0.0,0.05495310932426319,0.0,0.0953512558277379,0.2510900983177935,0.11172332966050333,0.2905198391720892,0.1081287362902391,0.21472916280675458,0.22096195177434738,0.07613980472337548,0.29735783861264037,-0.0769921095423942,0.17727454638744639,0.28325889568401263,0.22971188903842263,0.0
0.1444829005669592,0.0392038370368178,0.5385606587809566,0.0,0.08485023782536551,0.56608775256718,0.01215361632218567,0.4585966663847546,0.3486345155632797,0.15232098990494575,0.22941367339679622,0.13974446508662547,0.21674126188936213,0.0,0.35753441084950405,0.0,0.2585309678544102,0.13453194048585748,0.3764196034493688,0.4515292557726645,0.402495658316074,0.2194181194210851,0.0,0.2574271653459049,0.3092798912253951,0.4067962660273557,0.5435177931949395,0.0977585435376308,0.35005776980360376,0.19092240628949667,0.0,0.0,0.0,0.0,0.0,0.0,0.0,0.2114647090973304,0.0,0.09116528375384605,0.0,0.05674616720861006,0.0,0.0,0.0033769125035979916,0.2583982926901417,0.3987098888343137,0.2717337528140232,0.0,0.0,0.44055908391005466,0.0318874719331364,0.3778150974668949,0.08613666890419129,0.128111105420462,0.0,0.15640069415214575,0.1417458507276682,0.0,0.19936399301329533,0.12849313692097936,0.0,0.12467123675552798,0.31277565488522957,0.1812398294014886,0.3717012250128867,0.12609382013592538,0.5049198269870337,0.24421381366744171,0.3175842781857231,0.4092236049419457,0.41559544713557267,0.0,0.16310058633855593,0.0,0.0
0.11003616016617844,0.09927215726093357,0.3178848961698396,0.0,0.0,0.3307348869341062,0.0,0.27229795435798065,0.2897756937492471,0.26910553553888644,0.10622291516875187,0.4158066982584381,0.31911312406002,0.01405607517449622,0.05006285587295401,0.07623384869072257,0.23649614559386606,0.26038815641231505,0.31087074406168597,0.18413758000920338,0.0,0.13047985001780157,0.2574271653459049,0.0,0.3237859895634552,0.4683172424891032,0.18026235472298982,0.08641178194318767,0.0,0.07132689004393511,0.0,0.0,0.07264815427229886,0.0,0.0,0.0,0.0,0.3020105849728486,0.0,0.09298243367330374,0.14735195161994688,0.07487437833240547,0.0,0.010613705241521774,0.20792307938054386,0.008191542097444895,0.13087973262834876,0.30835227530632797,0.0,0.0,0.30830515317840745,0.019231386100390744,0.251868683354757,0.168013623470734,0.261980899326334,0.0,0.4532270046660176,0.14323534876538319,0.0,0.0,0.08764653263987458,0.26856471252073166,0.2641656017289056,0.2832141318019858,0.0,0.0,0.0,0.19825432481364264,0.5539893869171955,0.2721886798319883,0.3728906559187308,0.12111165429855954,0.10415116771606567,0.0,0.15677625050724617,0.1704769041337578
0.2605393112808039,0.10182606865529908,0.31626502191699957,0.0,0.21329734328538305,0.3973909076563827,0.12548109302988342,0.11922683387289627,0.40549512617324673,0.37571556194538913,0.22384531849864867,0.2369279934295933,0.2816239568288754,0.1423906066242831,0.07643701599459464,0.15506811758642833,0.4518189653718287,0.3638059303308536,0.33045320584373755,0.24508381584356084,0.08641675529799792,0.1917842767575718,0.3092798912253951,0.3237859895634552,0.0,0.5324365604304468,0.4111574859907741,0.2765910340356981,0.12739510191001827,0.09208697286558563,0.0673810117609714,0.0,0.0,0.0,0.0,0.0,0.0,0.07197152416017909,0.0,0.0030944916140300824,0.008841292137652052,0.08616657020782076,0.0,0.0,0.0337334698635119,0.30715111055067573,0.36234236148956056,0.3241030372020395,0.0,-0.0005889607152793534,0.4064291538207883,0.15022661846534432,0.2127094526545709,0.05719033852613133,0.42642925630215994,0.05337043727041383,0.2832541169090299,0.15341177765068145,0.0,0.030834093457859996,0.2599873505959434,0.3259644645820587,0.4029543217133966,0.25680447941123435,0.003701363793352471,0.1373235946251138,-0.010703245771089956,0.3601441442249908,0.4389345206595905,0.5128858808194443,0.47113830980052623,0.36081959592234575,0.10961123974424994,0.09542750613181318,0.052650176257639535,0.08710982518151895
0.2569913533424235,0.24441188829711652,0.3884874540653428,0.0,0.04753317644082897,0.4868782764513376,0.0,0.20786077628766633,0.37220062904961876,0.310472822848907,0.13471298330051382,0.31114720144466373,0.32459342274946723,0.024592123250067356,0.12484578851367102,0.13584560053764008,0.3916466787494594,0.3412534394700154,0.3681705406874418,0.3297621257892501,0.148312163672886,0.1716893275640043,0.4067962660273557,0.4683172424891032,0.5324365604304468,0.0,0.42557759445417975,0.15796211503823637,0.13261232081276772,0.08176434356317457,-0.014443598817782705,0.0,0.0,0.0,0.0,0.0,0.0,0.19768565239808833,0.0,0.022132972202855167,0.0,0.03965539553355525,0.0,0.0,0.07738794392746606,0.24700012723543274,0.3781573735322949,0.29278889536250924,0.0,0.0,0.43103242957463056,0.04009534734426887,0.218744656414919,0.02941164114924713,0.3069289606326777,0.0,0.3621160379515927,0.10808655586745725,0.0,0.07442098214162778,0.21293168386832664,0.2278482640707591,0.32466147980943033,0.26616819084011345,0.05733721459815037,0.14784864435613673,-0.00017424714666677057,0.36751708875465555,0.4622756379215112,0.46486278217483323,0.536020700752704,0.4083206118835639,0.03123661712051303,0.03330605783528324,0.04974387203899833,0.027700359499938938
0.17944168246650438,0.0,0.5264590662595877,0.0,0.16311211397831615,0.5548889723606224,0.037102522567385735,0.28145571395665997,0.4591126658747904,0.18094400108727476,0.2824355915830134,0.04007270549539444,0.1507780309992508,0.0,0.32128834376275106,0.0018343495475736723,0.33315567117228323,0.17731854747997317,0.35311554349470475,0.5358351422544986,0.45721947348076053,0.27040263348950133,0.5435177931949395,0.18026235472298982,0.4111574859907741,0.42557759445417975,0.0,0.16119036790062743,0.4408493460872706,0.21399892931294967,-0.008014711709893763,0.0,0.0,0.0,0.0,0.0,0.0,0.1343773412551457,0.0,0.03157059138283314,0.0,0.019236199352190075,0.0,0.0,0.0,0.33273012815437364,0.49474129269881517,0.2591654162505858,0.0,0.0,0.42628960423932527,0.10095466470073423,0.26651638590952054,0.1295900112533481,0.20403550239948845,0.0,0.06395272346371716,0.15252805875039355,0.0,0.23813965217489738,0.2591421855061361,0.0,0.21471014725664636,0.2956061025688073,0.23280331912914273,0.46595393384592937,0.20111550447273924,0.44998887923460523,0.25155758088000835,0.46318424318429063,0.4959916479176549,0.5354859731912539,0.0,0.2542979984809006,0.0,0.0
0.13506870078838085,0.05804187765158357,0.16409847997319302,0.17248996476235154,0.5018872268311587,0.17586301008827712,0.3836705501253448,0.17945646146173957,0.34058525871176737,0.3320864490575317,0.4055679232187033,0.2083789160692123,0.4070301117701253,0.30903794224886083,0.0,0.12320652833324172,0.4378882158393157,0.26494236031718577,0.1614922989868988,0.1902782670784124,0.12454495717025257,0.19573393387740273,0.0977585435376308,0.08641178194318767,0.2765910340356981,0.15796211503823637,0.16119036790062743,0.0,0.16751796999913268,0.38112082895162097,0.2927261621274791,0.08958182378700193,0.009485628313759282,0.08632674309447505,0.03640183275287923,0.0,0.02067205294727047,0.007831677153932995,0.19078220970328702,0.18371166168394484,0.041148078349234715,0.058769235528413795,0.3199561023493371,0.09200886542689632,0.0036783960158486557,0.20643628072336775,0.039379436709480735,0.25178032867338723,0.18823743829143405,0.296867185023597,0.1894619087050284,0.2550407477541297,0.29817028416370617,0.16050060651170367,0.3882253876144726,0.35358768135386587,0.18606253249921006,0.3280895514341336,0.26979303809855976,0.0,0.11909716523956945,0.2908812993165307,0.32136770825061395,0.2156153477880661,0.009538051392293124,0.1893301494229968,0.0,0.14280760851827626,0.22747712892993335,0.09807272563964432,0.09844855547213466,0.052201905527943446,0.41742240117171475,0.0,0.1450274280776557,0.07669014152382943
0.23012376376607874,0.0013591959504958445,0.30876265184495716,0.0,0.2571591444015581,0.4091971665397657,0.12999195511979356,0.2803329998918583,0.2551088818649593,0.0,0.26000495789113537,0.0,0.10133496600476533,0.0,0.4111233154084846,0.12987387666754566,0.2517741727559312,0.1907718099476453,0.08736473194476024,0.5070200288371465,0.5109407510974198,0.29011148795581687,0.35005776980360376,0.0,0.12739510191001827,0.13261232081276772,0.4408493460872706,0.16751796999913268,0.0,0.35336770429066033,0.25261406669572484,0.0,0.0800853818399984,0.20062626203674616,0.05333971585823505,0.0,0.0,0.0,0.0,0.23328930561465727,0.0,0.0,0.033623182204818566,0.0,0.0,0.335503529646145,0.23466330245429332,0.0,0.0866775515642254,0.06889112598591367,0.24133947066635228,0.2974441220299974,0.1594101234572429,0.1885274874515413,0.06546284861273481,0.0,0.0,0.2805990432070781,0.0,0.3287038415397927,0.31063748068785185,0.0,0.11155396313492928,0.05071005713731155,0.32289359184317723,0.46018417141054074,0.29710764028777864,0.1325822066277593,0.0,0.2029248801616142,0.1954509365078339,0.2889831066529551,0.0002888790692909008,0.14414843856286247,0.0,0.0
0.0,0.18680961418452036,0.252757061814972,0.0,0.3834441723021539,0.22964090518829522,0.36781497478186825,0.3229854792194723,0.28269826751152005,0.22929474046307,0.42638047640785876,0.11521929672449731,0.22859839943246688,0.0,0.09787454663186884,0.0,0.17331161468631512,0.010249269732947555,0.025635604709045634,0.38429513222351125,0.25793133451123207,0.48225251890651205,0.19092240628949667,0.07132689004393511,0.09208697286558563,0.08176434356317457,0.21399892931294967,0.38112082895162097,0.35336770429066033,0.0,0.05315087832871533,0.06548310690878761,0.0,0.0,0.0,0.0,0.0,0.10099523652009601,0.22732088720072585,0.2619025997399075,0.0,0.0,0.3036094604007053,0.020414963644734947,0.0,0.0171878994374519,0.12913596749811493,0.15963352194678387,0.031153219588961983,0.3278368518644437,0.14400430191244926,0.22291912398132388,0.36561480282169606,0.34589435240107014,0.131063064591375,0.23031059106580498,0.022669945608420908,0.3283994547524351,0.16751209870249803,0.0,0.08976780907137705,0.025165626326921445,0.1450810880478099,0.2050182094700377,0.19723925057076205,0.3043669406869477,0.12552136047791487,0.13067565146620946,0.11774499160252658,0.009313652303192378,0.14865745630062832,-0.02620027997661713,0.3276648848241795,0.17386186459011338,0.2423004808923183,0.0
0.41420564860579745,0.0,0.0,0.31383233880962497,0.26683557015958265,0.018163657490054698,0.07577872727255569,0.003954833125396143,0.04248087031647159,0.0,0.07753431615150926,0.0,0.22161845978870862,0.3229145895065306,0.1638142222290613,0.46874996543390907,0.34458005301121175,0.423650954534121,0.023147463797228526,0.0846760232320084,0.1240462128205537,0.0,0.0,0.0,0.0673810117609714,-0.014443598817782705,-0.008014711709893763,0.2927261621274791,0.25261406669572484,0.05315087832871533,0.0,0.29258030165833937,0.45170331676431497,0.5643882396418671,0.46135411111652175,0.038378819266728474,0.0,0.0,0.1440040884602154,0.2426028393735265,0.0,0.15751885139717656,0.11852292888268566,0.0,-0.005609886823732331,0.3720825675751717,0.0,0.0,0.40352685212365347,0.13084570070269755,0.06321977488413986,0.3790806779234086,0.0,-0.012191771800709296,0.24835426208447317,0.12091162604309712,0.0,0.318385654650236,0.19185416077091103,0.3051877485147004,0.3361156714135558,0.24891774391837618,0.2583422806161784,0.0,0.12214479909777329,0.051438160187423365,0.10534298722102108,0.0,0.0,0.058387061636318044,0.0,0.06844258955059818,0.16160288202110662,0.0,0.0,0.0
0.0,0.08367341529673962,0.0,0.22680277265313598,0.18430736826994137,0.0,0.24834968131517213,0.0,0.0,0.0,0.052231832645533945,0.0,0.08071874863307246,0.33228130839631875,0.0,0.1634239649157241,0.0,-0.004890033064793225,0.0,0.0,0.0,0.0,0.0,0.0,0.0,0.0,0.0,0.08958182378700193,0.0,0.06548310690878761,0.29258030165833937,0.0,0.30045197041266075,0.28909073359689663,0.2933320708571283,0.2831524377410862,0.34494292929645337,0.0,0.5673268483845565,0.2424437621100457,0.02420314026754055,0.0,0.30092923755003603,0.3946422131124176,0.0,0.0,0.0,0.0,0.2911206437005192,0.3394173771987601,0.0,0.21149052432347357,0.0,0.15168728453585362,0.021377396972844694,0.28055516021776306,0.0,0.17583683182013726,0.45398028857853145,0.0,0.0,0.12998823772787002,0.0,0.0,0.0,0.0,0.0,0.0,0.0,0.0,0.0,0.0,0.17440121646025328,0.0,0.03874095445767327,0.12469311960442077
0.304378121486179,0.015630614605381395,0.0,0.29367346321729765,0.0,0.0,0.0,0.0016952822397287583,0.0,0.0,0.0,0.0,0.1475151997588841,0.16678882893313518,0.15831274516947175,0.38845706039373357,0.05155049506555048,0.29814889487247087,0.0,0.0,0.0,0.0,0.0,0.07264815427229886,0.0,0.0,0.0,0.009485628313759282,0.0800853818399984,0.0,0.45170331676431497,0.30045197041266075,0.0,0.521654038993762,0.453226879920775,0.24016312578836227,0.126463461587378,0.0,0.15648324630971616,0.33803342210061804,0.0,0.09515512716176294,0.0,0.0,0.10480730902388251,0.15911873184312397,0.0,0.0,0.3687330528055796,0.026427015619858427,0.0,0.21712673393754492,0.0,-0.00909307324594766,0.03182049944672213,0.008585046255846064,0.0,0.19002788887462557,0.13598312303896568,0.18083526456944315,0.14116773128827176,0.11101910385682756,0.04977996709208523,0.0,0.010563115938430897,0.0,0.012734545355871183,0.0,0.0,0.0,0.0,0.0,0.009451844034647777,0.0,0.0,0.0
0.3610221948814654,0.0,0.0,0.32509167769762803,0.09477991921632442,0.0,0.0,0.0,0.0,0.0,0.0,0.0,0.1227350522969522,0.23499312787629498,0.18545057052107533,0.4514554716750066,0.16843293070901477,0.3701466733106315,0.0,0.013175756032437867,0.05763892589120051,0.0,0.0,0.0,0.0,0.0,0.0,0.08632674309447505,0.20062626203674616,0.0,0.5643882396418671,0.28909073359689663,0.521654038993762,0.0,0.5169769371706795,0.12409851829506047,0.027966616794627096,0.0,0.11562966093721776,0.23853869161250202,0.0,0.13011679228611175,0.013146738216586846,0.0,0.004613969231590033,0.28393176894584116,0.0,0.0,0.3834895457374886,0.06354748908327688,0.0030196745447306954,0.3050089828888866,0.0,0.0,0.10314844078311432,0.025212932427888468,0.0,0.24547052685220716,0.09447007529117663,0.3292961483664083,0.2654944923728596,0.14186900460648424,0.11962330859623947,0.0,0.10176759692692215,0.0,0.09581236743674852,0.0,0.0,0.0029599507226789144,0.0,0.025462261050596107,0.03727462812008759,0.0,0.0,0.0
