0.0,0.31163807657349796,0.0,0.006827678619231183,0.13832071167816762,0.10455661563275677,0.32852828379185056,0.0,0.003316566693075392,0.2982983174614662,0.0,0.0,0.0709134861543749,0.13934160970189247,0.10641582219979742,0.4378141903096872,0.43876666684687116,0.3374468017132561,0.0,0.1400346224656381,0.4349968243647828,0.23001533727229648,0.10913384641545289,0.3655847561750627,0.37940580175458927,0.40786792890511736,0.04305587506076755,0.04338136071065625,0.3649750309910839,0.04122366351889563,0.3776124609833146,0.39394258884715316,0.28296921008398196,0.1326114590523367,0.2471297116938681,0.0,0.0,0.2510050445276025,0.32181201510190893,0.33317659417190465,0.2530062793291143,0.24367878350878946,0.225294063360916,0.1757045314896197,0.2483045322396141,0.6068515654613943,0.19378686346641785,-0.025090934515282038,0.2597043729572872,0.0,0.0,0.0,0.0,0.011344817260188827,0.21310122672619208,-0.009550676682854812,0.0,0.03479750744046416,0.18545047433565134,0.14131855284928682,0.2933552953853603,0.0,0.14852283486499482,0.057733717744595396,0.08712939482171611,0.36340651136964025,0.12232882109743143,0.0794486934153706,0.3289761805708799,0.343473624720789,0.42652070211006027,0.022553867350649723,0.10073836751955913,0.3709784761063388,0.1768892477060433,0.3175003249866859
0.31163807657349796,0.0,0.1978020948791171,0.10100458848866102,0.19205145127105946,0.41122377042810165,0.355709809914855,0.2369415994541047,0.16720655465884462,0.5462240928889286,0.21911410158347724,0.3096799094593532,0.4364897388777259,0.0,0.26124875259468594,0.44955461207981745,0.5368202010884533,0.5499790452148813,0.24271477709091227,0.2820503412289883,0.3589152667783094,0.3603095778206986,0.30377340167644745,0.15258029800298134,0.6058883146812988,0.5320181267882768,0.20708304931081453,0.3063768615914017,0.5054455065312451,0.12020372752753344,0.25695630861945984,0.15691026415212664,0.16747600960941675,0.14986964835166655,0.0,0.0,0.0,0.04061868479894756,0.04352754667899736,0.03391805330385074,0.18596160078696475,0.0,0.077767593626824,0.0,0.0,0.21137079918897606,0.49732071717883686,0.15587912266262374,0.11476533228424114,0.03593894578385427,0.27893948071863095,0.12643566264429476,0.21686912029527056,0.18602581495853693,0.2942052897514988,0.20033666753398302,0.18430673417576218,0.1833024252840119,0.06609925120025568,0.28704287739011564,0.1688196403386819,0.30319197336138626,0.33327416788846487,0.2246929758335923,0.29943438391416,0.3177889685560452,0.25043643608704086,0.2728501662737036,0.07110276098980264,0.3324484656995426,0.3356261482320516,0.24893515659577742,0.1335088442856194,0.3954189808138684,0.13355121428040848,0.12024818749996088
0.0,0.1978020948791171,0.0,0.1511326391483472,0.4947163797484794,0.5051886322905501,0.2422284583490662,0.3372112629138218,0.6028685267915115,0.16397981838762254,0.6275233936693534,0.4298021830616716,0.48693922014044033,0.0,0.4875822965572472,0.12569762899194226,0.13771093898776865,0.18878519826464052,0.609493436968572,0.535389732719289,0.10318474385515897,0.48450761495846667,0.5081059563316913,0.10638006971480157,0.06462759631113338,0.19854544963435303,0.5919540645187326,0.5170788857111527,0.3119640142985646,0.4167136513364756,0.12829464301764887,0.0,0.0,0.0,0.0,0.18013365713974974,0.20293300004050474,0.08249426160734913,0.0,0.0,0.0,0.0,0.15050495747368411,0.029088709543494313,0.059142688754619484,0.0,0.350250314257781,0.644347725162881,0.0,0.5753573212823767,0.48860264959413235,0.2610714497760122,0.3859043880831123,0.6058780604563415,0.0566954059500109,0.6265309731973662,0.4475024330443849,0.41467433384712044,0.11528628718740289,0.4270981521850697,0.03913685967259677,0.2017080774625462,0.2811945987625943,0.5737307452611123,0.5146992815484182,0.07518097888008118,0.5360116913095291,0.514556774709648,0.08331120242268648,0.0,0.22500049598525262,0.5441851166796846,0.4608158656270793,0.12545768503402258,0.10402941335292903,0.06773055600892054
0.006827678619231183,0.10100458848866102,0.1511326391483472,0.0,0.03845799966823499,0.1307756224505413,0.030335992065545738,0.22092187959931872,0.09130201958236375,0.14540000355450924,0.14156355670145976,0.21935222368815283,0.20755874957148765,0.0,0.21934815269049165,0.07442780948199167,0.0414498529231556,0.07203192994192284,0.15423459310756776,0.15638767615099383,0.19088531217425603,0.1588022620059849,0.16365019956146384,0.0,0.06476954318770477,0.0,0.12237181202932003,0.30157726783594,0.142869042205719,0.22744897919024332,0.18171051013045053,0.0,0.054090719292932375,0.17481762815431282,0.0,0.2975188741457065,0.33214657443303575,0.0,0.0,0.0,0.028772067588292864,0.0,0.04495938179575102,0.0,0.0,0.0,0.1001009732992297,0.0958525848780527,0.05321143500144351,0.11813898955305918,0.14538181663463065,0.1373624267525283,0.226649094411665,0.14659395636361242,0.12115777029201516,0.1104200396622925,0.15207842369553995,0.0,0.0,0.19493892635285942,0.0,0.1494794114697933,0.053668474060084466,0.1063776157240911,0.13268312857707054,0.21984225324483134,0.1160803900462901,0.15754226911937927,0.0,0.0,0.0,0.1823171521379272,0.014496695457576824,0.060815541789986924,0.0,0.0
0.13832071167816762,0.19205145127105946,0.4947163797484794,0.03845799966823499,0.0,0.4664897618757462,0.4958831850102096,0.09661205421069886,0.5372664129098876,0.16518391931698295,0.4215064802444061,0.29632400884715937,0.4186210835508782,0.20649678566308596,0.3247663793585631,0.2015107970253951,0.21388646124094227,0.26236055674241265,0.4076789043744683,0.5022548578512789,0.03636626878025123,0.4746726907227491,0.35217013768481215,0.36553676606934754,0.12097361751649297,0.3184328850557936,0.498899271855983,0.32222479581439056,0.35718620302806936,0.21466721909651865,0.08786244033980703,0.09533119351311137,0.0,0.0,0.14932405272895033,0.08186127962289041,0.03238608195603452,0.27650058335720556,0.1133613164965423,0.0,0.0,0.13233721117581065,0.3057602097406558,0.28101035589807377,0.3042786685623758,0.13752963327985454,0.25674651414671573,0.5239146269026141,0.0,0.48468773165970513,0.38484818189688846,0.11816375138983773,0.15472430881219976,0.5067339134275094,0.07144384959460102,0.49428395396269365,0.3898139865793209,0.4939268998089263,0.37077344516378874,0.28533945137206507,0.2959742937378023,0.03905233723238007,0.3865899597142617,0.4532502868846598,0.45149316300808867,0.0,0.510702877887303,0.335868934921514,0.3272975041157482,0.19002083243800066,0.417942401497465,0.38482059661647383,0.594681283471474,0.2194525219470606,0.19330619979044403,0.2955800450883252
0.10455661563275677,0.41122377042810165,0.5051886322905501,0.1307756224505413,0.4664897618757462,0.0,0.4091449506143909,0.41659276074745705,0.4997567585335121,0.3540143913763724,0.5064084492718366,0.5184965355851365,0.6025315948276714,0.0,0.4132648498512446,0.22352235159017522,0.3152212331371293,0.3758882589876066,0.47640583067413667,0.4903943267441107,0.22146242384465706,0.46657719328047437,0.5580579787286369,0.2297301619300334,0.28944455201864505,0.4049729054578573,0.5001043559825841,0.47592459746052074,0.48129180180498127,0.3132900021849229,0.2224342683190276,0.027950359506022145,0.0,0.00020910720186308497,0.0,0.10603711498585676,0.11440447979951063,0.1411119555317713,0.0,0.0,0.0,0.0,0.21943467744343306,0.07446044226006991,0.05367261035009221,0.0633158900983495,0.47456077928398677,0.4893620917716941,0.0,0.41873444392656783,0.5448836490941791,0.29231190658757483,0.44142682472134154,0.4825015669973643,0.20604277197143214,0.49383553612456416,0.5158989246326432,0.48017280903650944,0.17504714983798167,0.367978946076758,0.11406110385762765,0.263840173926042,0.3727794130319193,0.45178325894988147,0.44466564656645874,0.17179986643795558,0.45889075565005744,0.5297199634354056,0.1352388643637336,0.16508843065581516,0.38919204859853346,0.4442486564779086,0.39610373594815884,0.2236833587373172,0.09868202470659061,0.117325880780001
0.32852828379185056,0.355709809914855,0.2422284583490662,0.030335992065545738,0.4958831850102096,0.4091449506143909,0.0,0.0,0.35253537302753113,0.3574663217659824,0.1771279264499593,0.185443353585369,0.35784177312938464,0.15344055722871125,0.19032314552061136,0.32738439898242194,0.44574661924779785,0.4213170152490107,0.22640664486771991,0.3460814429855796,0.18193964441539934,0.40726737773080784,0.2319307827079473,0.4300470727465497,0.35951505195938444,0.45637629273842106,0.3334432701084315,0.1949452018611821,0.431319940354315,0.010044009633141561,0.20531385022711238,0.3256924941770333,0.0,0.0,0.24173710991927577,0.0,0.0,0.3403228421066259,0.29971462860239195,0.14316329742037148,0.020996172126268656,0.24898847778231992,0.2842936552992281,0.3317418230804154,0.31060549196321674,0.33275617943306857,0.28999907998931274,0.30571066268240293,0.12680986276866385,0.19890220623743107,0.2754850105313291,0.09094904970035429,0.05688658213550331,0.320421841842161,0.18423364827959687,0.27805976794550896,0.22303776814665327,0.4110645084766978,0.32908284217036476,0.2014655992821612,0.364664892329021,0.0,0.3363546603498559,0.2893690450173062,0.3175504021900721,0.1153869045045763,0.3638508176274452,0.2172573979782115,0.35235284628626157,0.3821667684281712,0.5138354212483404,0.24893344671856762,0.4606471122553647,0.3589239724109932,0.24304140687346623,0.3899332679247616
0.0,0.2369415994541047,0.3372112629138218,0.22092187959931872,0.09661205421069886,0.41659276074745705,0.0,0.0,0.255300570952798,0.30726687737282116,0.4152283675699608,0.5421746478265076,0.4163251176971591,0.0,0.36634918389062243,0.0,0.0361982636312028,0.1171484766380511,0.36893152253533373,0.20573835941249216,0.3169745451992895,0.16307543457558607,0.5328418026110749,0.0,0.10165310863061514,0.10103718106881705,0.2496745513782313,0.42264545066861575,0.20853388349051583,0.39327260935515285,0.19616552680623223,0.0,0.07393748842335993,0.18885158704194394,0.0,0.27998080362967365,0.22216378971051043,0.0,0.0,0.0,0.019861071474080717,0.0,0.0,0.0,0.0,0.0,0.37547319484895686,0.28686629751373616,0.0,0.2670439727272106,0.32813847909478605,0.336555919929652,0.620400242964993,0.2814489712336485,0.2531456160339891,0.3278878017152915,0.4155639221240982,0.15035751300127692,0.0,0.32690614414797825,0.0,0.4033139205541768,0.10862494568802515,0.3168524723446428,0.20182522936934488,0.3359899770332807,0.1838734773895337,0.49640190269291123,0.0,0.0,0.05728564723290101,0.3152017344698641,0.0,0.0,0.0,0.0
0.003316566693075392,0.16720655465884462,0.6028685267915115,0.09130201958236375,0.5372664129098876,0.4997567585335121,0.35253537302753113,0.255300570952798,0.0,0.17215067593207592,0.5706324054252345,0.3738064930451934,0.45475207085745706,0.0,0.46825723564603816,0.10766347577784917,0.16271913833747187,0.17040123834241813,0.5516470034177319,0.5130077621686814,0.12067238027769832,0.4583790229987785,0.4576927986032969,0.13078163599183557,0.059708896087942845,0.1853387743586749,0.6043753461382395,0.4663417254931282,0.33014729374894236,0.35837112038129365,0.15126721702114776,0.0,0.0,0.0,0.0,0.11994993797361993,0.10988694951145866,0.16373953047838155,0.0,0.0,0.0,0.0,0.17120725585698654,0.06814078064012942,0.1310437712361777,-0.00434982289077579,0.3365774555829866,0.6404880038554698,0.0,0.5797499074588933,0.39576291899952476,0.28893024684480867,0.31197011147006914,0.6470612432040468,0.06091243927044299,0.6123966964971244,0.3793075543874345,0.39990733185915406,0.1525391882986472,0.42170369366453025,0.10295562371812875,0.11813018906329914,0.2763299478906559,0.5410750018711559,0.47603860380383545,0.06859410607930246,0.5236551893373625,0.47164187174181343,0.10321854252629238,0.0,0.25059496744298143,0.5120458330760774,0.480635811249415,0.1291213950294771,0.14374056868059285,0.14393759424919939
0.2982983174614662,0.5462240928889286,0.16397981838762254,0.14540000355450924,0.16518391931698295,0.3540143913763724,0.3574663217659824,0.30726687737282116,0.17215067593207592,0.0,0.18700106977676992,0.3912609031622093,0.3706890736765079,0.0,0.27395347223758426,0.3400766510151667,0.5101777124649145,0.44429194178196674,0.23142120829663584,0.21801331927010106,0.4333070829721621,0.29195566546060114,0.32674607395643496,0.14674076802737987,0.5271444934999663,0.44995677768259396,0.18053917710055842,0.27352703721177163,0.4641409992679862,0.13381400070525995,0.34400115973422996,0.14059640431878442,0.20777859366326437,0.20781959098160868,0.0,0.0,0.01922909070421925,0.017779725933954767,0.0,0.06606348132946298,0.2116446568412617,0.0,0.07198430225088542,0.0,0.0,0.2187877200746014,0.42754378568226314,0.15557660947510676,0.20681810514468094,0.06684932183044243,0.1867443225690838,0.22559818967897513,0.2882664833248916,0.18180033144145216,0.4663396002878517,0.19342214692507967,0.22106469894462327,0.13462639405408536,0.035476852969964036,0.31263270892943085,0.08422711853529172,0.331822816438713,0.2628210686448386,0.23818059046609893,0.23289876136334015,0.4072318780326903,0.19807977189844392,0.30175967448862795,0.05138724479513567,0.28683215450572574,0.30535517569695186,0.22666129810109822,0.062047855372029066,0.34490305839958524,0.05477360846463476,0.03073199590929769
0.0,0.21911410158347724,0.6275233936693534,0.14156355670145976,0.4215064802444061,0.5064084492718366,0.1771279264499593,0.4152283675699608,0.5706324054252345,0.18700106977676992,0.0,0.49304607971250836,0.4874957410755867,0.0,0.49097159912423505,0.07064992962499449,0.08741875898296644,0.16095399612451283,0.6002587703332747,0.47420292532159386,0.11776745588731384,0.42212368394167415,0.5229382739190854,0.0026153914289852526,0.0820976733754149,0.1497143119194212,0.5638736573392013,0.5381814728552582,0.29517866006301785,0.4516636053098674,0.12663533037371938,0.0,0.0,0.0169351301823407,0.0,0.22307577085102773,0.1928548480174588,0.0,0.0,0.0,0.0,0.0,0.08893580382106969,0.0,0.0,0.0,0.37006457638212203,0.571025855797032,0.0,0.5420357543850254,0.4465832160032358,0.3334602796608387,0.44402980477737597,0.5645869444017327,0.11926007261619617,0.6123525215143105,0.45501848976342474,0.3670535624670901,0.03291656043172137,0.41283615915803895,0.0,0.28926038184770186,0.24477653844932717,0.5421310197205336,0.4607538460021252,0.11397364360056914,0.47023951379518275,0.5192768181462709,0.0,0.0,0.1728436981454992,0.5311934778193527,0.36572188679933126,0.07559044224913639,0.0,0.0
0.0,0.3096799094593532,0.4298021830616716,0.21935222368815283,0.29632400884715937,0.5184965355851365,0.185443353585369,0.5421746478265076,0.3738064930451934,0.3912609031622093,0.49304607971250836,0.0,0.5234948297141563,0.0,0.38229213535037454,0.031915039984569196,0.13491047612843787,0.2232212735930797,0.42747843192299534,0.34748169344480756,0.21079700398479947,0.29410332816246276,0.5120067301081609,0.036769330349044026,0.14394285163895698,0.2420623800915007,0.35295538386062814,0.4624578957762265,0.2683807317002373,0.3697985663668301,0.13976007525234158,0.0,0.0,0.07144963351663856,0.0,0.24778087160484305,0.21639119371109272,0.0,0.0,0.0,0.0,0.0,0.10316265361403025,0.0,0.0,0.0,0.37164825810761914,0.4207691083475462,0.0,0.3618626498403831,0.4022405506516793,0.33527027152263095,0.5336650087864108,0.3774919830826265,0.2618690618750205,0.4332336603784983,0.5521406289270153,0.32017195273150106,0.0,0.33786303813236995,0.0,0.4180749314764563,0.24585184514989183,0.3917192789260105,0.35903446316988363,0.18537369049981214,0.34186678593135156,0.4709897657222192,0.0,0.0,0.1625648586318768,0.36518647281583017,0.19637644379044258,0.011785821182983951,0.0,0.0
0.0709134861543749,0.4364897388777259,0.48693922014044033,0.20755874957148765,0.4186210835508782,0.6025315948276714,0.35784177312938464,0.4163251176971591,0.45475207085745706,0.3706890736765079,0.4874957410755867,0.5234948297141563,0.0,0.0,0.43971676005009597,0.2538536748795915,0.3028861859038545,0.3958766805470874,0.46705190917850375,0.5032656046278099,0.2195787895367872,0.49094058399578583,0.4848563076338975,0.13650013912239886,0.3013699483564136,0.3814364891213657,0.45997082695685687,0.5609572369137793,0.4553810826788145,0.3671397988328719,0.21383845229762063,0.0,0.0,0.002920563723475436,0.0,0.1536598450916752,0.14716610122170617,0.02637800041999123,0.0,0.0,0.0,0.0,0.16693974714325244,0.02076138558172574,0.0,-0.00273739192627067,0.4641095665991899,0.45346860159647656,0.0,0.4050398316281186,0.5013182614384426,0.27682097825589114,0.41967015093085963,0.44793888270381427,0.19656189354610537,0.45695827850414694,0.49377382755159527,0.4644016018714375,0.10508423344209142,0.40365265268927736,0.0664582372217388,0.33108097275902804,0.4212946059890304,0.4279640087753104,0.48678450407874846,0.16764739334861303,0.4715650246758479,0.4528236454016487,0.06141052823117382,0.09424782827723918,0.30567457526114017,0.4283195272185825,0.40376619240205175,0.22661335477883107,0.08219481063329512,0.04940173636890024
0.13934160970189247,0.0,0.0,0.0,0.20649678566308596,0.0,0.15344055722871125,0.0,0.0,0.0,0.0,0.0,0.0,0.0,0.0,0.0,0.0,0.0,0.0,0.0,0.0,0.0,0.0,0.3600484414832885,0.0,0.0739284032503474,0.0,0.0,0.0,0.0,0.0,0.2339276048202244,0.0,0.0,0.39045122471243093,0.12421239844321681,0.0,0.2084106862334711,0.32471988491049836,0.2681833990679965,0.0,0.3755487524327142,0.3185118017329061,0.3587859265958251,0.3316450798488553,0.24361930357198988,0.0,0.0,0.136936990236398,0.0,0.0,0.0,0.0,0.0,-0.0017329401910166652,0.0,0.028097530209841015,0.12252875586623418,0.37468470377145435,0.0,0.1966702376225655,0.0,0.010431313574831014,0.0,0.0,0.0,0.0,0.0,0.37489683922158973,0.18933479467668016,0.2677852410126263,0.0,0.16964379798365256,0.0,0.03315321948943961,0.247635111300624
0.10641582219979742,0.26124875259468594,0.4875822965572472,0.21934815269049165,0.3247663793585631,0.4132648498512446,0.19032314552061136,0.36634918389062243,0.46825723564603816,0.27395347223758426,0.49097159912423505,0.38229213535037454,0.43971676005009597,0.0,0.0,0.22215888061264494,0.20257374478412418,0.18676433790907263,0.4887239087702004,0.5266676956817599,0.36892867878763524,0.510224907853525,0.48296774502649914,0.0,0.14977079327559875,0.17215594461779085,0.5358438224058247,0.5386256938872129,0.4261628505184274,0.4888480511208759,0.3193082130597256,0.0,0.0,0.12165931258849891,0.0,0.20916015721480488,0.12987006337674234,-0.001119633787438775,0.0,0.0,0.040709991934120705,0.0,0.09233768970108461,0.0,0.0,0.06907057776618931,0.430143849611658,0.4461199390942648,0.0,0.4673626837984606,0.34497082536851226,0.3217722519884998,0.39775644235225116,0.49679071186485485,0.19045761189094615,0.4739526707055641,0.3148349023528131,0.23728828996595203,0.007412185848183363,0.6366691452072963,0.0,0.2799493987552933,0.24264972016792344,0.4621866083989021,0.5339005474576819,0.3396228565354397,0.5236962949772436,0.48536199758172144,0.0,0.0,0.19895236258673532,0.5502580515331293,0.3169555727256762,0.22474904105142046,0.028582682695417628,-0.01577207541564273
0.4378141903096872,0.44955461207981745,0.12569762899194226,0.07442780948199167,0.2015107970253951,0.22352235159017522,0.32738439898242194,0.0,0.10766347577784917,0.3400766510151667,0.07064992962499449,0.031915039984569196,0.2538536748795915,0.0,0.22215888061264494,0.0,0.5328748523440621,0.5203902330955701,0.12898101902406686,0.2912834337732557,0.3217104648067645,0.39889024707811477,0.14960815200108463,0.1989333032155232,0.4735579533542669,0.41460498828986664,0.19784768476920933,0.22977401791332389,0.4708131554154998,0.09955586631549654,0.3749756693678689,0.2791952592398149,0.223878014898325,0.12437812332314556,0.1709557287551414,0.0,0.0,0.14941243385438546,0.17538511564202988,0.1716167228087528,0.19226174201202711,0.11022064826840489,0.12674458461758376,0.09320401682495066,0.14438771200424574,0.3777509655735214,0.31434708957975194,0.09917117810483952,0.12658293219617497,0.02590439045938481,0.13718254530050422,0.014503609964768216,0.010740653247043158,0.1380803349184779,0.17420583012507312,0.11949955759677983,0.025623780160500372,0.13494638236187145,0.133311077752872,0.246348631386791,0.3253817060068574,0.07492217567551797,0.29261380203336834,0.1618073493472302,0.24513053475320634,0.2582129770425041,0.24216116027391102,0.13156186201436723,0.18491035206171932,0.3255639349354713,0.34976549068684937,0.1627765550486598,0.2035353139373601,0.4521848440904025,0.17715874700823606,0.29149613928192636
0.43876666684687116,0.5368202010884533,0.13771093898776865,0.0414498529231556,0.21388646124094227,0.3152212331371293,0.44574661924779785,0.0361982636312028,0.16271913833747187,0.5101777124649145,0.08741875898296644,0.13491047612843787,0.3028861859038545,0.0,0.20257374478412418,0.5328748523440621,0.0,0.575286469881653,0.17536181355738262,0.25604032986166797,0.3583569774910842,0.3612645464760882,0.20518990093519537,0.27276578610032837,0.5567897159723838,0.5099392950227667,0.20682919057355995,0.19892900754786555,0.48770189868441044,0.02683996052700182,0.35451855776057656,0.35675494966369725,0.22479861582099522,0.1308590886700654,0.15385371872217354,0.0,0.0,0.24026074299829572,0.24456212107951764,0.19061016610094647,0.17690670562653935,0.11839510326590702,0.15501315634621773,0.11392948095045162,0.1927803631850695,0.35941283272536984,0.3804470594792848,0.13461380865270545,0.19674922928938018,0.03785934423221802,0.15332606691088196,0.07921305042477224,0.06003788387164178,0.17335611715440463,0.3009272263685364,0.16202884176255639,0.08574275890785235,0.17265221327218025,0.17176388208461094,0.2500536032381987,0.32943551338045396,0.17803990271295378,0.29585101754935383,0.21431663294291572,0.22964395812385163,0.2932897579535562,0.2389134528951916,0.1869011801135156,0.2191721984026801,0.38325228189130983,0.4033521926901742,0.17200373153324336,0.2040525527520955,0.43397355602310694,0.23462056834022924,0.3396946520918085
0.3374468017132561,0.5499790452148813,0.18878519826464052,0.07203192994192284,0.26236055674241265,0.3758882589876066,0.4213170152490107,0.1171484766380511,0.17040123834241813,0.44429194178196674,0.16095399612451283,0.2232212735930797,0.3958766805470874,0.0,0.18676433790907263,0.5203902330955701,0.575286469881653,0.0,0.19395701372562454,0.29852880857672737,0.28154851600948955,0.37655586728566415,0.2171722366646707,0.285973755606403,0.5563785442812483,0.5348096706841128,0.21544156887312294,0.23274987526759167,0.4568683202190936,0.04174620216604321,0.24192219891049202,0.23884356646266827,0.14882979096446391,0.05022118499230153,0.07513268776955942,0.0,0.0,0.17908894797942637,0.15187860275964593,0.06376798839917924,0.13601961891598824,0.0649680550948972,0.16163081249766742,0.10533486762083576,0.14528574613612144,0.23672457128962215,0.3579207544317664,0.1854640167216897,0.08668589083184083,0.05678685296899151,0.23603161297005415,0.03645382745069392,0.12666992309339217,0.18562206887055616,0.19102830172775884,0.20383957886388504,0.20892533973426974,0.2518260444544312,0.1307170032812636,0.20105611554345387,0.27484831132478926,0.2190083050743935,0.3817109836567556,0.21288307419878705,0.27690683583629305,0.20546809818887685,0.2614738904618336,0.18655661814896402,0.21263789138459946,0.31914117558842403,0.3553929842839256,0.16181315474805313,0.23341409266179367,0.3578412121602662,0.23545329712200064,0.2776061640077825
0.0,0.24271477709091227,0.609493436968572,0.15423459310756776,0.4076789043744683,0.47640583067413667,0.22640664486771991,0.36893152253533373,0.5516470034177319,0.23142120829663584,0.6002587703332747,0.42747843192299534,0.46705190917850375,0.0,0.4887239087702004,0.12898101902406686,0.17536181355738262,0.19395701372562454,0.0,0.45281094310537473,0.1654117822463423,0.41720775747213606,0.5106524373800825,0.012789552402399661,0.08425543283853715,0.1598007647353686,0.5401730390558618,0.5175317870916778,0.32599589179301947,0.39648087626264544,0.18584899956455012,0.0,0.0,0.07536390369621697,0.0,0.16098922503678093,0.15910517718114897,0.057399969282262236,0.0,0.0,0.0,0.0,0.09282208982465599,0.0,0.0,0.0,0.388032018640878,0.56533701509949,0.0,0.4746966711001078,0.38492145875625156,0.2672727557591719,0.4156842021763496,0.5203114530826377,0.1310414184722011,0.5944160017387884,0.38374806768060066,0.3493954949053372,0.051202501577323256,0.42397036391215803,0.0,0.23039951530867941,0.2912702707738934,0.6385204228550723,0.4157057033231383,0.1323777377193707,0.46434122844340114,0.5154604151038932,0.0,0.0,0.19053817486841504,0.49062902709345024,0.37518079416677214,0.10760195880282379,0.0,0.0
0.1400346224656381,0.2820503412289883,0.535389732719289,0.15638767615099383,0.5022548578512789,0.4903943267441107,0.3460814429855796,0.20573835941249216,0.5130077621686814,0.21801331927010106,0.47420292532159386,0.34748169344480756,0.5032656046278099,0.0,0.5266676956817599,0.2912834337732557,0.25604032986166797,0.29852880857672737,0.45281094310537473,0.0,0.14039102587168656,0.6783147409913107,0.41358793161316937,0.20328185659601056,0.1890611591991356,0.3007759123932362,0.5706708517170155,0.49828914570570115,0.4389890375925664,0.37235974489863854,0.19334860813076823,0.004967350226398529,0.0,0.0,0.0,0.13706066973149808,0.1422280869861494,0.1543811040758276,0.0,0.0,0.0,-0.002575871126818467,0.28126805408069455,0.12837907722174335,0.1609512375877034,0.08981290964269678,0.37609623237184053,0.5249073435401782,0.0,0.491083114348376,0.4577707645770728,0.1749189431324358,0.26381683109743037,0.5209574651382399,0.06284748529891267,0.5014845834441536,0.4209956222009789,0.419562543771162,0.2181322153369958,0.4713518078013971,0.21430103587380198,0.18058386453103192,0.36717854419254375,0.4383834475572837,0.6337412205755099,0.0846963680090294,0.6385834027741121,0.42232436458242556,0.1863660512905438,0.09221958278605512,0.3302666017473346,0.501552163014221,0.5290834722660492,0.2672073534407133,0.214249705793263,0.22500031607255885
0.4349968243647828,0.3589152667783094,0.10318474385515897,0.19088531217425603,0.03636626878025123,0.22146242384465706,0.18193964441539934,0.3169745451992895,0.12067238027769832,0.4333070829721621,0.11776745588731384,0.21079700398479947,0.2195787895367872,0.0,0.36892867878763524,0.3217104648067645,0.3583569774910842,0.28154851600948955,0.1654117822463423,0.14039102587168656,0.0,0.2155289004048634,0.3327831108027124,0.052717608300043954,0.3499740565937653,0.26973097526769957,0.15616725838560505,0.2582853251310786,0.4059563246423026,0.25453908254636093,0.4851069572698058,0.16931801761171847,0.33666900971328173,0.37299245866922054,0.0,0.10639593389648125,0.0157108720633884,0.02333190661476759,0.0,0.15432958535392813,0.2227851340541285,0.0,0.06295061857115684,0.0,0.0,0.37273097491756063,0.36300606050905043,0.06703182632129212,0.25275289125350114,0.0356868989924411,0.041378312007531316,0.2262181290776682,0.294118982686435,0.14646910572624655,0.38246412933031865,0.12415339636166721,0.06741179643637712,0.0,0.0,0.38509027129838536,0.0,0.19434033899942402,0.08204951141564751,0.19546185751537667,0.11210645012779065,0.6286978737330852,0.11394609287037444,0.2870311826179424,-0.0010234050281377927,0.13562118154583053,0.25806927318266487,0.1769514904362427,0.0,0.27604159350092206,0.0,0.0
0.23001533727229648,0.3603095778206986,0.48450761495846667,0.1588022620059849,0.4746726907227491,0.46657719328047437,0.40726737773080784,0.16307543457558607,0.4583790229987785,0.29195566546060114,0.42212368394167415,0.29410332816246276,0.49094058399578583,0.0,0.510224907853525,0.39889024707811477,0.3612645464760882,0.37655586728566415,0.41720775747213606,0.6783147409913107,0.2155289004048634,0.0,0.3752852073093466,0.208046298308257,0.28811811674392684,0.36042277247869625,0.5494225225391882,0.48549764773868453,0.49171551554002046,0.3185799537879859,0.2688364581649005,0.07701750124950722,0.0,0.0,0.01636683558624963,0.060675040275851036,0.10438580778164883,0.17917639851875528,0.026881809289669736,0.0,0.04681531051306772,0.036636785144034595,0.26592196685890485,0.13676154914572994,0.17308528743922436,0.17412873822554187,0.41095061569883923,0.4665734927436404,0.0,0.4228445946504125,0.42603031879237807,0.16997855665238398,0.21351466091658497,0.47136688365232543,0.07716628761936345,0.4674021643030698,0.3352602417430168,0.38093436845731066,0.21484096799436447,0.47693946615878413,0.2660492556245722,0.16890766983812625,0.38091833094311645,0.4174514053865739,0.6247649397707746,0.15259210328212194,0.6195271416033891,0.3818100411328987,0.1956582056670692,0.15535829789237357,0.36502997895040246,0.491352605931166,0.4987183944021743,0.3606192846733094,0.22526130910524148,0.270168421176748
0.10913384641545289,0.30377340167644745,0.5081059563316913,0.16365019956146384,0.35217013768481215,0.5580579787286369,0.2319307827079473,0.5328418026110749,0.4576927986032969,0.32674607395643496,0.5229382739190854,0.5120067301081609,0.4848563076338975,0.0,0.48296774502649914,0.14960815200108463,0.20518990093519537,0.2171722366646707,0.5106524373800825,0.41358793161316937,0.3327831108027124,0.3752852073093466,0.0,0.1393991025950339,0.1582291956787715,0.26878009047557627,0.47804189782824025,0.47804906230078226,0.39980962462988606,0.37366843101477965,0.2865985906568162,0.0,0.02373815296874112,0.08773517869057179,0.0,0.19993330236901588,0.14354207264277072,0.07498709720908915,0.0,0.0,0.012610796109004981,0.0,0.14365478620551267,0.0,0.0,0.06974921950592214,0.46857344833388737,0.4667488194945414,0.039109206347923864,0.41830783035061336,0.4534113000709827,0.34476945911998125,0.5536905981641159,0.4534568534166982,0.24673717442768128,0.4830019961836841,0.45915330244952157,0.36071442011351784,0.08792311338790731,0.44340543054244497,0.0,0.310999425064296,0.28909566058737224,0.47437224189686555,0.3680367155910704,0.3132781552238194,0.38755399022909076,0.6457487443870795,0.060355405718431426,0.04129339440015567,0.3194721454245824,0.46021355930755575,0.28694719155341786,0.1545897648601283,0.0,0.0
0.3655847561750627,0.15258029800298134,0.10638006971480157,0.0,0.36553676606934754,0.2297301619300334,0.4300470727465497,0.0,0.13078163599183557,0.14674076802737987,0.0026153914289852526,0.036769330349044026,0.13650013912239886,0.3600484414832885,0.0,0.1989333032155232,0.27276578610032837,0.285973755606403,0.012789552402399661,0.20328185659601056,0.052717608300043954,0.208046298308257,0.1393991025950339,0.0,0.18048381050220136,0.45475036800678936,0.12584546449022652,0.0,0.17250803811299087,0.0,0.03443665949140382,0.3300318153027671,0.0,0.0,0.32856146234902617,0.0,0.0,0.4439538055056831,0.41088980491815597,0.18458835940110635,0.0,0.3642572739301333,0.3362215353432148,0.36160299115650435,0.48026061859891706,0.3790408527642009,0.06297998227074243,0.18175511497097965,0.10013275671820435,0.07438050847377667,0.12988665458635446,0.0,0.0,0.09938171631571761,0.02525741695954803,0.1358095138758961,0.19377326220071925,0.30334169000605504,0.41442601270095614,-0.020525679502390846,0.4156081968776429,0.0,0.2811429913041273,0.09700930251359932,0.15575975950308632,0.0,0.19339634054222302,0.11314181774782417,0.6262084031764635,0.3104747216910391,0.49939606956059296,0.021549403945556364,0.34414602898440144,0.1825836590456044,0.32508720274960673,0.47796440348761776
0.37940580175458927,0.6058883146812988,0.06462759631113338,0.06476954318770477,0.12097361751649297,0.28944455201864505,0.35951505195938444,0.10165310863061514,0.059708896087942845,0.5271444934999663,0.0820976733754149,0.14394285163895698,0.3013699483564136,0.0,0.14977079327559875,0.4735579533542669,0.5567897159723838,0.5563785442812483,0.08425543283853715,0.1890611591991356,0.3499740565937653,0.28811811674392684,0.1582291956787715,0.18048381050220136,0.0,0.5143221628225536,0.09178016333462144,0.16229409141792092,0.4755581520218198,0.017330369801266243,0.2566253742475696,0.2289773501005811,0.23137915048338825,0.1327888369707739,0.015306306083696581,0.0,0.0,0.04187710958235545,0.1391834459610691,0.10881127883640913,0.2596529723201935,0.054980818686720695,0.061413429990644225,0.0,0.0,0.2694522845666916,0.3983821161936268,0.03961919985114071,0.16033558328228867,0.0,0.17718095722187008,0.08466737151975987,0.07698019609389974,0.09489879323109889,0.3124217069270104,0.06871770434899624,0.056053605911870544,0.11237413367597708,0.05464837334754948,0.17672240999845856,0.222042798931201,0.22394343672869338,0.29273473599699706,0.09180878019339338,0.19038707690269102,0.31358205620592694,0.1343480636388772,0.14839634833106136,0.12410753697516407,0.40186854649474285,0.31769140375644134,0.1414348809268287,0.06854919655252197,0.45685585592445827,0.14862240651803618,0.16899542612409177
0.40786792890511736,0.5320181267882768,0.19854544963435303,0.0,0.3184328850557936,0.4049729054578573,0.45637629273842106,0.10103718106881705,0.1853387743586749,0.44995677768259396,0.1497143119194212,0.2420623800915007,0.3814364891213657,0.0739284032503474,0.17215594461779085,0.41460498828986664,0.5099392950227667,0.5348096706841128,0.1598007647353686,0.3007759123932362,0.26973097526769957,0.36042277247869625,0.26878009047557627,0.45475036800678936,0.5143221628225536,0.0,0.19558903141524275,0.1672794437904697,0.4030088680070347,0.023874106083472454,0.18298306861100372,0.27598213363096147,0.08582216251366526,0.0,0.1383873868361277,0.0,0.0,0.24180901625234155,0.2410544158291069,0.13473250145488067,0.09485394329157214,0.16576844157668424,0.215721024951634,0.19453670658717995,0.21863225004234127,0.3368063196989119,0.3355362784518003,0.22062517620126904,0.11659980192253437,0.08188048705716716,0.2639301259494005,-0.0008865174547728483,0.10987062484952058,0.19563284192177116,0.23253255632757963,0.20265659261864707,0.25519333895851076,0.29937243575811995,0.28506123013891965,0.19117369661829475,0.3348145519895487,0.16342712572507165,0.3926867028732386,0.2160448083750899,0.28673124538050493,0.18146232557180123,0.27067302748437666,0.23554841625764075,0.3778288298448562,0.39473371946108815,0.5328119187504614,0.1668018365184569,0.2756254364757731,0.3359627146924259,0.23611229259750513,0.33390563690628033
0.04305587506076755,0.20708304931081453,0.5919540645187326,0.12237181202932003,0.498899271855983,0.5001043559825841,0.3334432701084315,0.2496745513782313,0.6043753461382395,0.18053917710055842,0.5638736573392013,0.35295538386062814,0.45997082695685687,0.0,0.5358438224058247,0.19784768476920933,0.20682919057355995,0.21544156887312294,0.5401730390558618,0.5706708517170155,0.15616725838560505,0.5494225225391882,0.47804189782824025,0.12584546449022652,0.09178016333462144,0.19558903141524275,0.0,0.4870058401067448,0.41652020758819136,0.37749308988569635,0.22909530257446714,0.0,0.0,0.0,0.0,0.14464079506284708,0.1304135669278833,0.16472535864530308,0.0,0.0,0.0,0.0,0.1974169495112893,0.06762028321889792,0.10897064096889625,0.03830890019414331,0.3952745119125708,0.5732005193726922,0.0,0.5497947952103913,0.4156864131304361,0.2969622187925828,0.31972968541612024,0.588191222967364,0.08637181537622132,0.5831032686183368,0.36851646449042796,0.39948225427193623,0.15960108960243694,0.47009231808913154,0.12135643636826397,0.15187477496213575,0.29825611522746875,0.5266100351421463,0.5365239719728851,0.09909640046812061,0.5718750673760054,0.48223435278672366,0.10115635240911981,0.008445186430171042,0.2835634458559703,0.5880194610579109,0.47217533830418734,0.19208161153965855,0.10489855574139152,0.13511259024663672
0.04338136071065625,0.3063768615914017,0.5170788857111527,0.30157726783594,0.32222479581439056,0.47592459746052074,0.1949452018611821,0.42264545066861575,0.4663417254931282,0.27352703721177163,0.5381814728552582,0.4624578957762265,0.5609572369137793,0.0,0.5386256938872129,0.22977401791332389,0.19892900754786555,0.23274987526759167,0.5175317870916778,0.49828914570570115,0.2582853251310786,0.48549764773868453,0.47804906230078226,0.0,0.16229409141792092,0.1672794437904697,0.4870058401067448,0.0,0.4095580241671818,0.5349945270744674,0.31274156910023243,0.0,0.0,0.11497003294628007,0.0,0.24607467758548862,0.25074323024149486,0.0,0.0,0.0,0.05804791296374016,0.0,0.12439678788987513,0.0,0.0,0.0,0.4050990756515255,0.46017513109766706,0.0,0.47167791476034415,0.40778983020158915,0.3346521638829109,0.43348913373989184,0.4828946676002955,0.15275019601678358,0.4990551673298298,0.4067636741573258,0.3150747145780033,0.0,0.48944122157830194,0.0,0.2732275743447932,0.26099264428455676,0.4604263818610078,0.46731724075807546,0.24864596103936917,0.4678181093713811,0.4781991865904174,0.0,0.0,0.1647411738408269,0.47616118468209484,0.3648268772972228,0.17896683040967204,0.0,0.0
0.3649750309910839,0.5054455065312451,0.3119640142985646,0.142869042205719,0.35718620302806936,0.48129180180498127,0.431319940354315,0.20853388349051583,0.33014729374894236,0.4641409992679862,0.29517866006301785,0.2683807317002373,0.4553810826788145,0.0,0.4261628505184274,0.4708131554154998,0.48770189868441044,0.4568683202190936,0.32599589179301947,0.4389890375925664,0.4059563246423026,0.49171551554002046,0.39980962462988606,0.17250803811299087,0.4755581520218198,0.4030088680070347,0.41652020758819136,0.4095580241671818,0.0,0.2690363870331481,0.4286580882829582,0.15691575566420018,0.129375335875795,0.15169077864292718,0.02061461713496007,0.0,0.03525554991559921,0.148650300196666,0.03879394118956404,0.078597639201582,0.16753246360124188,0.01484411183521384,0.18296665571821832,0.030206306515918623,0.03045050986975022,0.3096289338504262,0.49495580975131515,0.2755855169866602,0.12985889602366932,0.23390289297132688,0.32738546972791,0.24182141502561255,0.22162028870940764,0.32897523358188874,0.3244355154589008,0.3240084284593957,0.21045148986196824,0.27792876176082354,0.144028062195096,0.41155428068762245,0.2746810977473239,0.21880206665210478,0.39520122624836723,0.3266374100766403,0.3936451437806082,0.36223221741022504,0.39474811720573044,0.36588184825619335,0.10934551685831446,0.33722376628864625,0.4001661079658723,0.3875318194566638,0.3107630914688093,0.5053129212058157,0.11551320975218807,0.19405007409750508
0.04122366351889563,0.12020372752753344,0.4167136513364756,0.22744897919024332,0.21466721909651865,0.3132900021849229,0.010044009633141561,0.39327260935515285,0.35837112038129365,0.13381400070525995,0.4516636053098674,0.3697985663668301,0.3671397988328719,0.0,0.4888480511208759,0.09955586631549654,0.02683996052700182,0.04174620216604321,0.39648087626264544,0.37235974489863854,0.25453908254636093,0.3185799537879859,0.37366843101477965,0.0,0.017330369801266243,0.023874106083472454,0.37749308988569635,0.5349945270744674,0.2690363870331481,0.0,0.2930387643924482,0.0,0.06320597740878629,0.18992264403801318,0.0,0.37947397537759664,0.24816812545330302,0.0,0.0,0.0,0.06756179076183934,0.0,0.10853638866498073,0.0,0.0,0.013596966380671087,0.2643379605101451,0.32607137835072597,0.0,0.4007609918486491,0.22904031156928187,0.28461989138215427,0.37137717719532315,0.3820642176520405,0.13396006348198253,0.37097744514663994,0.33593367623066445,0.14564125319653717,0.0,0.4028068075525581,0.0,0.248192109393364,0.10363457545443626,0.36740835981834147,0.3375769158528173,0.23789742913678338,0.34436334721212625,0.33685372201567537,0.0,0.0,0.07718311193151114,0.36322053010599553,0.221228253865618,0.020396288906610494,0.0,0.0
