0.0,0.5341623529332697,0.33533490713908376,0.2508091536552001,0.45106759216950365,0.4629759597574487,0.42041409372501043,0.5109891619025848,0.3397781082280341,0.4448129216410298,0.37324998506699436,0.35881079580763237,0.3265602306477011,0.29327986396619354,0.5215125785829381,0.6272720450055946,0.363893866807725,0.5474736690608688,0.4240494838779766,0.5412283643913776,0.777986000164489,0.6652114857203141,0.5739008392407295,0.5738685845740829,0.6244300404265893,0.6588720605101317,0.39137208060418793,0.5157851649224319,0.7180962811584966,0.6673954899400963,0.7151777079865512,0.42064816136758354,0.6183402281069517,0.5661772284480995,0.4149112391602007,0.28708939037396,0.07736562478442512,0.4122421252085545,0.37798306791735237,0.5664696399554414,0.4602901062165632,0.175894058037761,0.031118440064612986,0.0,0.41710691473406947,0.8247687413354418,0.4972203160136775,0.27070687602388155,0.34891195666256963,0.2972079612517297,0.4262396458244634,0.1766109238507493,0.5392987590133747,0.30679627845538243,0.40486827918153073,0.2651112916049021,0.37804874723215126,0.26768733534553474,0.2883214791910922,0.540629158626377,0.6358915452617215,0.24885553799880103,0.5195981343974624,0.36685616652984643,0.5157740049002812,0.7483635201393181,0.6307691818884347,0.5057587038296684,0.6054573789620822,0.4902538370685652,0.6435868323748319,0.23406160408386542,0.4840683600005498,0.6170429551443902,0.5113124847988577,0.6149379865357941
0.5341623529332697,0.0,0.5389830905803273,0.3313693475696259,0.6728449930154777,0.8466975081691556,0.6361502679940781,0.7163977659138066,0.5987335529933113,0.7281725536954589,0.5868867575340928,0.7121373266035862,0.7775323120393643,0.3143686958738382,0.521826448842216,0.6907216830989913,0.7150928235828694,0.7758855670916772,0.6266597381594148,0.7181956100529632,0.6561776052934971,0.7983024086459869,0.7021622641368551,0.5462707319708248,0.8311669005134418,0.9054225601371855,0.626415444276296,0.6631124534375626,0.7224373818033113,0.6171894022087452,0.45867236799964234,0.4746123490413674,0.6061308124382317,0.41436361343431927,0.283127789908659,0.2719427114170108,0.03434124016189011,0.254577488619652,0.36524264678103946,0.4900807061889074,0.3673378723394214,0.12458239278612239,0.16256272952464496,0.11339069639561096,0.5151485791807893,0.480831582210297,0.8855481941611139,0.4645690603276707,0.47836596927124525,0.6065526362128668,0.7792379015731492,0.5115718492042544,0.72101534400438,0.5534664572429199,0.6768026965688296,0.5422313951307142,0.7428201890738166,0.6517803075753248,0.35280271495856147,0.546393699536084,0.6782676974157609,0.5988028061077962,0.6688685244731122,0.5262611575429731,0.7336136950607838,0.6629906357570983,0.78492880997856,0.6516659090280474,0.48003052417870995,0.8374514599816342,0.8697058761124904,0.5526926047220934,0.6570079527510286,0.674057609891202,0.5450072698449484,0.5337227243871026
0.33533490713908376,0.5389830905803273,0.0,0.0,0.7279070533012552,0.6645812614374769,0.356192906228758,0.6956466095117831,0.7083239784915982,0.5244721108731746,0.9499139805346444,0.5643015417355582,0.461286535589556,0.1529807255496514,0.6094897357158028,0.33310331008706623,0.45155543671779685,0.4890336640969766,0.941729945322331,0.699380876708896,0.4654240277970921,0.5711170514699492,0.7892790770714027,0.3507630679247784,0.519262602629564,0.6105011951914515,0.6995352009182525,0.4355815648754556,0.43163356957239574,0.5000484215039306,0.23670538347696451,0.010268032726794385,0.3393744827212846,0.15075165628460663,0.2907711682130233,0.07232636516705163,0.0,0.07665782011139846,0.0,0.24031940584038886,0.019914705558811214,0.10309146530974884,0.09757927182801003,0.13883040202258692,0.26790882670643074,0.2911465864428598,0.5746017252991316,0.8861405377047301,0.3502740261261177,0.719558888034103,0.6870765897391435,0.5283268234546439,0.6491099228161682,0.7624188608620451,0.4549795744598241,0.8800870128025139,0.5209667777872485,0.48876164027884506,0.14519081096672962,0.6469437078715108,0.4360791195387034,0.4027662707733996,0.43040025854376684,0.8826060998030459,0.7651695854509767,0.4766520884763078,0.6912822040095584,0.802077813627865,0.3421859717565263,0.5718870944364804,0.600152429179765,0.6975545205119783,0.6331853540571745,0.39803346955498137,0.3184209678955275,0.2716423690010456
0.2508091536552001,0.3313693475696259,0.0,0.0,0.22530293818103722,0.3194781927898232,0.4760289408676954,0.11020080284374756,0.23112146928191576,0.4014854148593844,0.0,0.18309358852141297,0.31617395271686205,0.35493877724498374,0.0,0.33755913065845145,0.38299647166350204,0.2710203802864373,0.0,0.17371984755718375,0.3159478523171787,0.2542888416251783,0.11597083360271505,0.2106209108594334,0.3190436462689221,0.2507944729259727,0.23984506073339965,0.3693887668610628,0.40477149144536223,0.35707949175732323,0.35324464894190527,0.4545186328504535,0.359924174014668,0.33920084357737146,0.0655569735148586,0.4061371476098166,0.09036387048269029,0.22329371612046114,0.45617676443225136,0.3445296323468046,0.3581408383860893,0.0,0.20341445165929306,0.1601096149201503,0.18137552766291162,0.35652097369762153,0.29508273633195975,0.0,0.36142415135604355,0.20168374130569147,0.18036514396531608,0.19040718168659784,0.16975268662504267,0.12484501014316204,0.3890891312399613,0.0,0.2525658406372017,0.18722771439504546,0.3303198831360259,0.0,0.24769280085060916,0.2077352377380493,0.2953241699188967,0.0,0.0899201104827157,0.22863566226800236,0.18054803280674572,0.031646232699853144,0.25207587984041635,0.23923633841420833,0.23793169413806758,0.12040236093418205,0.18529252144688613,0.28283672095936857,0.2539877826556986,0.4127488748298071
0.45106759216950365,0.6728449930154777,0.7279070533012552,0.22530293818103722,0.0,0.7769788513281215,0.6559226715858668,0.5976304733163208,0.877010274797052,0.7887702907666434,0.7811942408980836,0.7693058084958935,0.7161567555184633,0.3822645514337986,0.5248922470553893,0.6088540889183612,0.693941895678506,0.7184620229213183,0.7085149783326652,0.7905213244086854,0.5479213498284685,0.7587999078626808,0.6449349429036229,0.3791888879060467,0.5997111279849779,0.6609394751874089,0.7585020293442881,0.7369165848746183,0.7137353419929875,0.6715693636502891,0.4873622277195954,0.35911754552607783,0.5616263330734177,0.41962511546523923,0.431402309385492,0.35888455894749,0.10666728031994914,0.28254427110968283,0.21393753151770667,0.40661624242359645,0.19766304389632158,0.05981073704324967,0.35011150929493595,0.3422782151022374,0.47791088102683504,0.4832011161926796,0.7514335967267107,0.5756772022616081,0.5003572192207614,0.9376008390494939,0.7316274122455081,0.6566033230712067,0.6634486384909658,0.8203454527757973,0.7604277843299487,0.6566884633503535,0.6979176145773179,0.6814443948275378,0.4640346727370274,0.5160969767757078,0.632928664149697,0.617806230257909,0.7151104860251595,0.6222305145840604,0.7765286880275553,0.5147123443583086,0.7890674924325811,0.6640242554067812,0.41096012431650675,0.6910040186528855,0.6706110175177089,0.6603864175127868,0.842084572872727,0.6325432849983156,0.3989313218376911,0.4580809569691622
0.4629759597574487,0.8466975081691556,0.6645812614374769,0.3194781927898232,0.7769788513281215,0.0,0.6551758043056449,0.734782569234142,0.8209097828621175,0.7599808276011327,0.6778727466395909,0.7299351456602142,0.8323733344874558,0.3776739812916262,0.5067440026108467,0.5785600519712594,0.7302024572896156,0.6996089248916977,0.6958211364267624,0.7725787574877107,0.6302510171268677,0.7344908141792201,0.7823632985778042,0.46608465339215205,0.7460440913512876,0.7945706642103813,0.7826223210754731,0.6676347418879816,0.7545341163743873,0.6641835280327386,0.3927974340803512,0.4225540623294175,0.5302947436080927,0.38238309817308946,0.27236420258023636,0.25932780989355614,0.0,0.2801744095486631,0.3093537591515901,0.4862305139589671,0.2681238765540185,0.010501688532084623,0.2161638922476563,0.17123606113714807,0.5113757859818548,0.4714397090765264,0.8592145339533014,0.6131594477839764,0.5691689629216078,0.7466655176248255,0.9110493953944342,0.6458514713028328,0.7786790850208033,0.7714498632987098,0.7290598983915363,0.6392589194663365,0.7736945846205292,0.7174246998317048,0.40452665138331084,0.48412403574190066,0.6037349141541122,0.6008300831403128,0.6222901602314131,0.5937768948676868,0.7117386216009232,0.5630031493853082,0.7475983799041671,0.7310244021453232,0.44774043096591143,0.7869144455352486,0.814631770061637,0.6434099253790148,0.7022847246583496,0.6197953007989455,0.4687895703922538,0.4508903097059054
0.42041409372501043,0.6361502679940781,0.356192906228758,0.4760289408676954,0.6559226715858668,0.6551758043056449,0.0,0.40297778661411454,0.6484588616420577,0.6205238969338767,0.4057465838477056,0.4008671179474059,0.7769907061118707,0.19387313876620396,0.33081901649967477,0.47893155589387354,0.5238273302854102,0.503618030640979,0.38531133976429943,0.49101071553447756,0.5068437162585172,0.5314263140208754,0.46673255322379437,0.28949005851660303,0.6268518570990889,0.544541740894993,0.5743762362452237,0.5248249412578834,0.5791945719858141,0.4788777260480286,0.3712214306771516,0.363423686925593,0.4854964316784303,0.33993114068464947,0.15462154297828629,0.2139205200074518,0.0,0.3338023542001362,0.3029415860774438,0.4400258022951417,0.31190111404184295,0.05140693692146103,0.063765517826323,0.06860592071631273,0.4371617607701204,0.42703059896005907,0.5824316812127126,0.3861780322759274,0.4871055192250626,0.5410758156285657,0.5538213364130065,0.6434219108127057,0.5061938113220298,0.5824729655223029,0.5854579660738432,0.40886069932123553,0.4923030985472623,0.6322196087481572,0.29102415087230304,0.3333380186261515,0.4051713921851831,0.34708289625108457,0.4911897849953113,0.3293029566733213,0.43092357760553857,0.5049172536044508,0.4847890910761835,0.4422688773734696,0.3208701215186824,0.632965761778831,0.5932034037202326,0.4951953138735838,0.5339628045863796,0.4668338560671947,0.28073959042912383,0.32442258330744805
0.5109891619025848,0.7163977659138066,0.6956466095117831,0.11020080284374756,0.5976304733163208,0.734782569234142,0.40297778661411454,0.0,0.5226493948938732,0.5276030475267466,0.7401907965514047,0.604003026815995,0.5854176466943659,0.21694872554906014,0.7027626448612511,0.47803349655391875,0.48717081584307814,0.6121288689160472,0.7700246106836633,0.6779118502266105,0.7370975809703112,0.6065533237767731,0.8675342391330885,0.5546692183980507,0.6632089219540573,0.7777227815386045,0.5646279824645204,0.5001443396600271,0.538775014134246,0.5597830090690536,0.4012001484536161,0.2626764992026304,0.40760794898414043,0.29058471205403635,0.34375598634249327,0.06053094342805266,0.0,0.21746016127745613,0.16180524258638726,0.35831496298410037,0.12491768871050295,0.1726534302577765,0.0,0.0,0.3048565342511763,0.3876196165323802,0.6781194532374363,0.6959575907811201,0.29988078846064636,0.5534452901487029,0.7390066585945615,0.3930485020271378,0.8631241571299824,0.583300233886214,0.4210267679736796,0.7112683788201583,0.5831940192896864,0.546082235678742,0.18489945420872786,0.6869573716302123,0.530792828718484,0.41568701544687287,0.4820961048558197,0.7738732649111326,0.6837526328362132,0.6933982819605559,0.6892639969908522,0.8221127432153879,0.43906506574850757,0.7081359566916203,0.7706144187834029,0.49109611731470426,0.6046082022876492,0.47328085332192205,0.47146956175628607,0.3435916026528293
0.3397781082280341,0.5987335529933113,0.7083239784915982,0.23112146928191576,0.877010274797052,0.8209097828621175,0.6484588616420577,0.5226493948938732,0.0,0.7424216490764377,0.7253621489575337,0.6757681010920825,0.6630505646954366,0.22338446980127796,0.442695185066718,0.38208387567175156,0.6313281798937,0.5194416944320345,0.6726459905613106,0.7766070058880706,0.4632910057624083,0.6648855951659858,0.6458622396784688,0.2584981544450223,0.5620405401014542,0.5703883374840102,0.854008314952583,0.5819481634614089,0.5851054352327402,0.5908414978138637,0.3168041712305247,0.3150475565192603,0.474613253834372,0.3052356794045474,0.31374860086007655,0.22797065459316168,0.0,0.2611087762186757,0.1875418744474491,0.36566064708668894,0.15588083481472417,0.0,0.27485592076980414,0.292238028212538,0.5014855644695965,0.3681622370875512,0.7253999709294389,0.619625442720396,0.5202625574709974,0.8960518336799671,0.7298369455617472,0.7948461449865578,0.6195809409720815,0.961498068716437,0.7405340889391977,0.6862328985035889,0.6423741611878327,0.6272139691502232,0.3873000687496517,0.40208899265781783,0.44170839536668627,0.5166067354038383,0.5117359539078148,0.551993724849128,0.7111475344110739,0.4208011039983918,0.6946835160021312,0.6430529861041178,0.3553309446154409,0.7011505598870011,0.6377600753705301,0.7793513816864006,0.6878615654561765,0.46241553233947125,0.31799361531516424,0.36375938706656935
0.4448129216410298,0.7281725536954589,0.5244721108731746,0.4014854148593844,0.7887702907666434,0.7599808276011327,0.6205238969338767,0.5276030475267466,0.7424216490764377,0.0,0.548799868957721,0.838767633330464,0.6559727055834601,0.31449055162647205,0.3503210488799233,0.6219291256468129,0.8733618873001325,0.7177107376670019,0.4905924665075828,0.6319164857923055,0.5443906710907415,0.6310264742097516,0.5805725256263554,0.4315453342660474,0.7359149373542628,0.7091597830001913,0.71070432153948,0.6364815795218879,0.6428099453674403,0.6543624440862306,0.4859350214383757,0.4889280870127981,0.6938906765862908,0.4752246169968921,0.5196510946191288,0.42398122875217953,0.013160742793173417,0.37032653198057736,0.353914418441858,0.5780816484229528,0.27011940503457943,0.0,0.35025037356888883,0.33352120579807715,0.5659005949191549,0.4655870646203267,0.7860953182873162,0.42259952833647574,0.6041096554880101,0.7584819567969815,0.6467729712901187,0.6779427168464308,0.6015331622372679,0.6713927080583296,0.9341360171443469,0.48048595003625355,0.7436299740913543,0.6695316088160372,0.4892397625333794,0.35390662860688543,0.5901654710659309,0.749096098067158,0.6775708948466688,0.40610044707848053,0.6235526901259519,0.5269276427213366,0.6711857222792919,0.5902439601215256,0.48760741579208466,0.7706173112745192,0.7112879076936753,0.5953137914796062,0.6732408667507622,0.6061097805726191,0.3669087235724807,0.5189037968839803
0.37324998506699436,0.5868867575340928,0.9499139805346444,0.0,0.7811942408980836,0.6778727466395909,0.4057465838477056,0.7401907965514047,0.7253621489575337,0.548799868957721,0.0,0.6261201255622082,0.513050841432076,0.1675354114330082,0.6983067508650344,0.38236391053278834,0.4569097386762925,0.5523538916465759,0.956033386760685,0.7353608896604309,0.5179635350183629,0.6442584839458677,0.8057235019735522,0.34834731714877065,0.5478732487374595,0.6208279202477719,0.6660812726754941,0.4990262831192347,0.45584777321683534,0.5392588634517733,0.2955864795831219,0.07470393667872986,0.35489018268838185,0.2031175901886165,0.33901076698388205,0.07604840270683601,0.0,0.11855820761848282,0.0,0.2447018127805909,0.006246108538427742,0.12125402735028946,0.05615555811198837,0.07673975797051064,0.2975246521187642,0.2950780851627694,0.6043997491184412,0.8654179312574178,0.3005559994232595,0.7485724098536294,0.7091657010128742,0.5455907633922773,0.6992089150985907,0.7855798834854868,0.455159916689959,0.947600272405262,0.5588646098787443,0.5281859241273469,0.19123026930731019,0.6919782617723741,0.47492619317139234,0.39391141349183645,0.47574465932498716,0.9228628886262206,0.7908860871273662,0.5431345818234853,0.7396393423744734,0.8479940618513492,0.373140760502607,0.6492258541781591,0.657585172321049,0.6487629311317089,0.6939773777778568,0.443389711250743,0.3088409077144812,0.2554472719658723
0.35881079580763237,0.7121373266035862,0.5643015417355582,0.18309358852141297,0.7693058084958935,0.7299351456602142,0.4008671179474059,0.604003026815995,0.6757681010920825,0.838767633330464,0.6261201255622082,0.0,0.6614423359436248,0.3391851491387433,0.4737295462329322,0.5719904578482847,0.7937711248181141,0.7183334005636475,0.5791388715117698,0.68806053486358,0.4452644915085038,0.6720374524443692,0.5659136343697994,0.5086411470579087,0.5370888423644288,0.7567956368459806,0.568727150800852,0.7212261847948334,0.5880445601646785,0.6365316810328722,0.4049296384061243,0.37953468478775143,0.5357854123886603,0.4402831972217737,0.48850278706532724,0.3367866522542874,0.040775942668142294,0.19502623818516135,0.188227913856062,0.40781041920222283,0.14556499282502375,0.022421226320515783,0.4476868791754147,0.38257764016633294,0.5015813369767801,0.36853834155642706,0.7593232104822886,0.4930489374733207,0.45027926868293866,0.7722100767845012,0.6960654533978146,0.5722175000602064,0.6002957505491731,0.6281097460756271,0.7966314565201655,0.5287956597271763,0.8082572666747624,0.7433246014663607,0.46691431060497085,0.4665480961643719,0.5923901038258648,0.8057599673552605,0.6768784131651914,0.5238296562340335,0.7033503280767377,0.4146529971851028,0.7271650901313601,0.6051251476802674,0.49056735705390936,0.6987559099609922,0.7390773052021029,0.4795230988198373,0.8016559709972588,0.5350092979863573,0.3706065340048099,0.43118594184194636
0.3265602306477011,0.7775323120393643,0.461286535589556,0.31617395271686205,0.7161567555184633,0.8323733344874558,0.7769907061118707,0.5854176466943659,0.6630505646954366,0.6559727055834601,0.513050841432076,0.6614423359436248,0.0,0.27627960699126847,0.43944276734059495,0.5276817149218024,0.7065118595920437,0.711145303120376,0.5069534589977908,0.6534558394469159,0.45197822062218673,0.6411531325927712,0.5609471778125054,0.41447597320715723,0.6458970192284289,0.7282260978331047,0.6179550939482772,0.7372081464129009,0.6643197362834743,0.5821873771986575,0.331510187227289,0.4177456967002933,0.4905777598364443,0.35054651694365035,0.2337664463473974,0.2581564887773622,0.0,0.23330100060350412,0.29942291539002847,0.4602212250285939,0.28857293263893913,0.06941862606215256,0.2571687447913831,0.2000914822492684,0.5327645336284064,0.3468970976178996,0.7303328379680987,0.4497708485344781,0.5662141287349267,0.6631837860212363,0.7072675119904092,0.672613078259311,0.6260566711424342,0.6230182789326539,0.680179940258673,0.5017017161534613,0.6724008480846655,0.8626969231778506,0.40294352284254836,0.40997566550962006,0.5188894441303012,0.6334807558906024,0.6470745000303973,0.42833140121842084,0.6027210071305875,0.46032465394070743,0.6265014666486765,0.5127540495789198,0.3491263129736897,0.747871093165064,0.7314356010574741,0.540000533558589,0.733035299548124,0.5771952495762989,0.46228793809807117,0.38865116942446565
0.29327986396619354,0.3143686958738382,0.1529807255496514,0.35493877724498374,0.3822645514337986,0.3776739812916262,0.19387313876620396,0.21694872554906014,0.22338446980127796,0.31449055162647205,0.1675354114330082,0.3391851491387433,0.27627960699126847,0.0,0.0,0.5394928106757511,0.35585497361697466,0.3472342364632982,0.15030053837003793,0.3188962053818127,0.26143312221129555,0.42286165478655735,0.1373408515791031,0.42001701644669714,0.13722210625994438,0.3683720126074012,0.26011825042471837,0.4905396733806982,0.5224531559987327,0.4002128374574129,0.5403949330663799,0.47672678099369237,0.35652421535317746,0.3679000754185074,0.20885320716370942,0.6155179035810046,0.194934120852889,0.17596150805597074,0.42091866718169135,0.27302020868332477,0.38009177184038767,0.025919170882691453,0.4487568136356044,0.37688129134656434,0.18142168633589287,0.48185073010204893,0.34069323045015226,0.0,0.2790107943516301,0.30610894610776296,0.3097999904386358,0.018490056725396647,0.19893916023712357,0.1072529993642139,0.3991428580836607,0.0,0.41291598607384106,0.22258024064183612,0.6613266536930281,0.0605078433097997,0.43064448879220013,0.3181866628842684,0.4023330007756174,0.09625021580648639,0.3158148973323129,0.19714497375062262,0.3570282264630154,0.09224384039572177,0.4049469687582615,0.12697834470191782,0.27921058904824114,0.1391125380774484,0.4028466938765685,0.4281987379405645,0.4030611515386674,0.6312934175859999
0.5215125785829381,0.521826448842216,0.6094897357158028,0.0,0.5248922470553893,0.5067440026108467,0.33081901649967477,0.7027626448612511,0.442695185066718,0.3503210488799233,0.6983067508650344,0.4737295462329322,0.43944276734059495,0.0,0.0,0.31914891356582537,0.28006703655029314,0.5098705377116177,0.7166228401520506,0.7012335226168119,0.6270375095104833,0.6421881239283449,0.7081262006430492,0.36681173288181906,0.5401131398381025,0.6118951965938061,0.4740527162115441,0.4669414889173237,0.47536382628977075,0.4375017631332902,0.3237070664013929,0.0,0.2383133472667915,0.22269432943219006,0.34398905913533995,0.0,0.014059999608528382,0.12629917649163283,0.0,0.17614251438612175,0.0,0.13151344468631543,0.0,0.0,0.2932380272677666,0.3621205132339577,0.5198824886231156,0.6587175810533186,0.2252718900869681,0.5184568936408297,0.5699433943006148,0.3611214830929889,0.6957224771981827,0.5300655334650843,0.256396714321389,0.6797640362569837,0.36804079929358324,0.4540384462231979,0.03404948105482338,0.9186116141982444,0.4849287605758008,0.3272361794145776,0.4680904929420354,0.7408742631971035,0.7483085120299998,0.6978219797025241,0.7526385083107822,0.7397743149628244,0.35204530824647934,0.638650150257067,0.6504646571810386,0.3869158757839172,0.5874285344947353,0.4436258728661903,0.34469624370916574,0.19826295390193235
0.6272720450055946,0.6907216830989913,0.33310331008706623,0.33755913065845145,0.6088540889183612,0.5785600519712594,0.47893155589387354,0.47803349655391875,0.38208387567175156,0.6219291256468129,0.38236391053278834,0.5719904578482847,0.5276817149218024,0.5394928106757511,0.31914891356582537,0.0,0.6811470813634659,0.8137056143648997,0.403608883454309,0.5612993096309041,0.5656493819197319,0.7346603884280746,0.4293920591559509,0.6123112346653682,0.5901129412304619,0.7446127200041829,0.4808975183340349,0.6499152191862468,0.7659781404627917,0.6749148618424443,0.7507374378048731,0.5349940257268238,0.7130522597050283,0.5705656928505166,0.3657694222184914,0.43410799604438044,0.18310933961055748,0.31749112432060467,0.4681811770366913,0.527347003267034,0.5163575612106169,0.22309108551524437,0.3228684650063543,0.2467683595651094,0.3594465082180768,0.6729261583212156,0.6275494708564291,0.11744611051157913,0.4587586509822045,0.4346956318167245,0.47075058799276565,0.1751571989913337,0.40277201937246276,0.28475546448000655,0.6396073983744158,0.18681229958270196,0.6273233326730259,0.4248475935418715,0.47354740366271125,0.4045185736658415,0.8257782520143476,0.5604847085343745,0.7201514857374771,0.31746085663820156,0.5519939038920421,0.5287304942915926,0.6831723497131109,0.37845178646035754,0.5377277680140073,0.48812548607750905,0.6213018974581551,0.31005562175575785,0.5657470048355995,0.6839568731126602,0.5405794079189719,0.720419612995771
0.363893866807725,0.7150928235828694,0.45155543671779685,0.38299647166350204,0.693941895678506,0.7302024572896156,0.5238273302854102,0.48717081584307814,0.6313281798937,0.8733618873001325,0.4569097386762925,0.7937711248181141,0.7065118595920437,0.35585497361697466,0.28006703655029314,0.6811470813634659,0.0,0.8136247524981004,0.4213447260773465,0.5602483888173592,0.41932417209183065,0.6097298883433503,0.4575623899860567,0.48839514246123983,0.6548989113979309,0.7174583939815536,0.6060288159519482,0.6744760149429526,0.6281092990933204,0.5693368522223076,0.4109699061973358,0.4621488904264806,0.6223180431605608,0.3789016446634644,0.33142230194016625,0.4109568965545307,0.06962694753076198,0.2914639171387084,0.34613632984213877,0.527834802976055,0.306819692764859,0.018048114437669155,0.46505919866806766,0.4106424036673541,0.47161793054094364,0.42337206667371424,0.7533027220582913,0.276563213193673,0.5791675568176131,0.6898412451231769,0.6236024593419679,0.5406949145957975,0.49230465431981063,0.5536415262419313,0.8748711388200237,0.3458182327112506,0.7636500188311113,0.6985442143371706,0.5002584179242404,0.34931588265943647,0.5989633709582554,0.8320108612332404,0.6749609894451986,0.3126658865856559,0.5604080921170691,0.3888848800999423,0.6220365115151507,0.44710911819316645,0.4504418127936249,0.6522748788265996,0.6698128337594773,0.4776777029906738,0.6645581997690674,0.5662113832669596,0.3582029713681793,0.5235320396169106
0.5474736690608688,0.7758855670916772,0.4890336640969766,0.2710203802864373,0.7184620229213183,0.6996089248916977,0.503618030640979,0.6121288689160472,0.5194416944320345,0.7177107376670019,0.5523538916465759,0.7183334005636475,0.711145303120376,0.3472342364632982,0.5098705377116177,0.8137056143648997,0.8136247524981004,0.0,0.5555554269772037,0.6400987587492791,0.5701109995635408,0.7205019450474238,0.5610388290358356,0.5562052439264599,0.728089823280134,0.8147768346768229,0.540081566922534,0.7140670320567225,0.7418736329056229,0.6238956991611108,0.5545401859844695,0.37882757876692463,0.6608518062870554,0.47347034833596574,0.3848016632217053,0.3338854478192621,0.13835146987720603,0.28697025654132335,0.25579819522586716,0.5089672014721246,0.34492450146173687,0.20797463972061117,0.35883082861853655,0.23283219084395013,0.4081975484047382,0.546734349110519,0.728409883917564,0.3440123766546799,0.48709620072118154,0.5951788482241669,0.6386930295227665,0.4228650821203433,0.5697027835664007,0.45579879963863523,0.7060526502316876,0.3988716881748433,0.6670947003573119,0.6712616291095742,0.36398873489644057,0.5573698970804062,0.7993516997127685,0.7161545204341159,0.8399012451226281,0.4847544338260569,0.665629403920038,0.5664333721546577,0.7223955875363816,0.5480923098974808,0.476358948118778,0.6898282880356651,0.7349306247414018,0.4145590713386576,0.7377034411725955,0.6928943478139185,0.4489613990041947,0.5750888732957663
0.4240494838779766,0.6266597381594148,0.941729945322331,0.0,0.7085149783326652,0.6958211364267624,0.38531133976429943,0.7700246106836633,0.6726459905613106,0.4905924665075828,0.956033386760685,0.5791388715117698,0.5069534589977908,0.15030053837003793,0.7166228401520506,0.403608883454309,0.4213447260773465,0.5555554269772037,0.0,0.7487998141843618,0.5135240254447199,0.6536568002507314,0.8437858219984593,0.4410188824995481,0.5599232219713202,0.6731193360384259,0.6400495163443648,0.5127553790789862,0.49509867136943786,0.5552413593573147,0.32853303709790943,0.05775616843831561,0.3191222770123325,0.2258079265188714,0.3440283991133004,0.04680360208198774,0.0,0.15207203378736894,0.0,0.25218809697891975,0.05523134915295737,0.14699829522370186,0.052379056980716626,0.09658196847553573,0.2898320252615422,0.31209065735496305,0.6188822107360922,0.8502814510885754,0.32877229603559266,0.6522823700546512,0.7224999779096714,0.46718288205384567,0.718443780525381,0.7088176562789076,0.43627493341949175,0.8560312880750596,0.5455093559547308,0.5766824086091918,0.14368620875719232,0.7249526528267025,0.5232819242734572,0.41983593211161446,0.510746844745082,0.9671208034788235,0.7844625885083051,0.5374965159596431,0.7644147043309346,0.8744229041197465,0.42405583527759466,0.6480558948842507,0.7056106792492068,0.6153132851713731,0.706501525082527,0.46939397662373245,0.39865267378398306,0.3262101862901826
0.5412283643913776,0.7181956100529632,0.699380876708896,0.17371984755718375,0.7905213244086854,0.7725787574877107,0.49101071553447756,0.6779118502266105,0.7766070058880706,0.6319164857923055,0.7353608896604309,0.68806053486358,0.6534558394469159,0.3188962053818127,0.7012335226168119,0.5612993096309041,0.5602483888173592,0.6400987587492791,0.7487998141843618,0.0,0.6093287341069676,0.9678052750397292,0.7164666932812901,0.4602394358537049,0.5911336948932672,0.7569773220002031,0.8048433490722754,0.7559778499976375,0.7397928342365999,0.7302309276089032,0.5289518837735978,0.3744627117395044,0.44615453402551736,0.387508577973108,0.36407671026552096,0.27934242150537264,0.09235720198504434,0.2511309158409569,0.24088002083966562,0.3152551233172807,0.2285422902001864,0.0978339155415536,0.2844969198833797,0.1964490706156741,0.5289621815596699,0.5033790371537151,0.7624210126149665,0.6149327412130413,0.4456484390348948,0.771346260060138,0.6956475218139047,0.538891019308357,0.7133749768550418,0.7335227861319318,0.6342205603896153,0.6594102117214896,0.6520356745058744,0.5906624259544689,0.3904315506146192,0.6713494395124961,0.6291539916603971,0.5248557195086773,0.6318772267489327,0.6602435843582118,0.9608242750890396,0.5915874911967373,0.9396111492844446,0.6755903057217278,0.4327862484299396,0.7219841470722655,0.7530705498275748,0.690209582127068,0.8058382344457377,0.6536127488097048,0.5778006454267074,0.5514356763000349
0.777986000164489,0.6561776052934971,0.4654240277970921,0.3159478523171787,0.5479213498284685,0.6302510171268677,0.5068437162585172,0.7370975809703112,0.4632910057624083,0.5443906710907415,0.5179635350183629,0.4452644915085038,0.45197822062218673,0.26143312221129555,0.6270375095104833,0.5656493819197319,0.41932417209183065,0.5701109995635408,0.5135240254447199,0.6093287341069676,0.0,0.6625936303804738,0.7471687334612651,0.5501060674749277,0.7382645302413114,0.7027723241198751,0.5403045695560548,0.49959744884972823,0.7196940903039564,0.6840999271415718,0.6146173154863471,0.45457469791534116,0.5968437574441744,0.5230204354178133,0.36820341364104475,0.20632564593186004,0.0,0.3500722902732626,0.3683189719120352,0.5264453543764536,0.30659844478554305,0.16334844211740165,0.0,0.0,0.37580976981810593,0.6403480805657502,0.6612419717984088,0.42487721544247675,0.3873080421741111,0.44961884648451805,0.5821995914081035,0.3077178351717851,0.759756673112488,0.45277186927312685,0.502934611881064,0.46931948872479334,0.48160787243259695,0.37408077495834363,0.2549320372666818,0.5984723594240677,0.6428547093252495,0.31531378603358295,0.5695586891950386,0.49898364615991536,0.572661505272061,0.8779584905113085,0.6884443701018482,0.6660851505067066,0.5255818960217642,0.6892342342469768,0.7381292697765163,0.36177156861706206,0.5013352519757319,0.6485957808570618,0.5125251347648576,0.5232728433583945
0.6652114857203141,0.7983024086459869,0.5711170514699492,0.2542888416251783,0.7587999078626808,0.7344908141792201,0.5314263140208754,0.6065533237767731,0.6648855951659858,0.6310264742097516,0.6442584839458677,0.6720374524443692,0.6411531325927712,0.42286165478655735,0.6421881239283449,0.7346603884280746,0.6097298883433503,0.7205019450474238,0.6536568002507314,0.9678052750397292,0.6625936303804738,0.0,0.6470560015381656,0.5419910887676432,0.6296069583252347,0.8240733100791542,0.7195714244878072,0.8076528371560012,0.8311220370017717,0.8001345116855911,0.6730225967751173,0.48328080110623295,0.5684875776153209,0.5053441531691014,0.40615734489700284,0.37101349718206167,0.15171115011630676,0.27983341893537667,0.34357313157656527,0.423858075874271,0.3705302522660586,0.1519949708045701,0.3264104916843818,0.19336120175957022,0.5206753896525071,0.639361850948243,0.8055300679482669,0.43408203497166137,0.4786001343140191,0.6960019791692195,0.6630785420694197,0.45227706526752215,0.6289474985387538,0.588238465519313,0.6675488626238895,0.5102546494946928,0.6611044120399198,0.5569374992476415,0.48066716334251164,0.6479000463284219,0.7556276306250381,0.5646051602307932,0.7225640007262195,0.5661898203038179,0.920777588189816,0.6398000458744303,0.9640647163566896,0.5866139414842203,0.5224180732912324,0.7309860512887011,0.7892158560280463,0.5677591392266325,0.7991033259692668,0.7726641119169914,0.630962100010446,0.6936315771388154
0.5739008392407295,0.7021622641368551,0.7892790770714027,0.11597083360271505,0.6449349429036229,0.7823632985778042,0.46673255322379437,0.8675342391330885,0.6458622396784688,0.5805725256263554,0.8057235019735522,0.5659136343697994,0.5609471778125054,0.1373408515791031,0.7081262006430492,0.4293920591559509,0.4575623899860567,0.5610388290358356,0.8437858219984593,0.7164666932812901,0.7471687334612651,0.6470560015381656,0.0,0.4897335944079006,0.7388113496536692,0.7611431107317225,0.6424909096492003,0.484747472372028,0.6025905890956127,0.6253907127971323,0.4007320892211691,0.2047881305955678,0.44918084495128113,0.28814974681874816,0.35962743411646175,0.03538210117709631,0.0,0.22536224111314157,0.12676796454447198,0.4067446591873743,0.13616451348859032,0.1355413901836354,0.0,0.0,0.3840258738713681,0.4694723173894571,0.7234331789140946,0.792969995791963,0.3465513425122967,0.5792787288478559,0.7824178415162698,0.4449881221894543,0.8685173299084902,0.6907291880350898,0.45152977674302647,0.7804652530136394,0.5221385835723242,0.5151079896975859,0.17614902127090795,0.6944457234763146,0.5711393307037119,0.35781719554242736,0.5067464228220884,0.8070697392801894,0.7000351870476739,0.7472735711848819,0.7406870985966584,0.9617864237564416,0.5502392838017834,0.7742981991369946,0.8014357078166863,0.5336060403336061,0.5912430821511004,0.5283455596534096,0.4743934498673669,0.37990994707013304
0.5738685845740829,0.5462707319708248,0.3507630679247784,0.2106209108594334,0.3791888879060467,0.46608465339215205,0.28949005851660303,0.5546692183980507,0.2584981544450223,0.4315453342660474,0.34834731714877065,0.5086411470579087,0.41447597320715723,0.42001701644669714,0.36681173288181906,0.6123112346653682,0.48839514246123983,0.5562052439264599,0.4410188824995481,0.4602394358537049,0.5501060674749277,0.5419910887676432,0.4897335944079006,0.0,0.4458782890639881,0.7246797411003484,0.3436239499712079,0.5626175592993082,0.5394407232378319,0.6264151084011503,0.5927744920915475,0.4358345343206314,0.5159762602480341,0.4535322973417455,0.3234471496694924,0.34353017439766587,0.10904654379717495,0.327816520647909,0.3883736643826375,0.5653294729283924,0.4295136133171634,0.20291530061416707,0.1959231361509296,0.14837166802861806,0.27687862721097084,0.5520428993146463,0.5549815922559199,0.21223041751554572,0.35420898089286873,0.2884243153594028,0.3964383668515341,0.08860843253494646,0.4509838369198431,0.1925574098533013,0.47025157309158533,0.19579274799478696,0.5865152945477382,0.41291785224381566,0.2743503434534124,0.4366942916813669,0.6090128906122937,0.5420980184196776,0.5364560515266912,0.3226395011538977,0.4625552612926815,0.4880026633627348,0.5394676545923324,0.3963874856301575,0.7804410165753554,0.4308442430992736,0.6914370202754104,0.25185297295423403,0.5160974639697189,0.5469525930475152,0.5414916753781097,0.63450913772082
0.6244300404265893,0.8311669005134418,0.519262602629564,0.3190436462689221,0.5997111279849779,0.7460440913512876,0.6268518570990889,0.6632089219540573,0.5620405401014542,0.7359149373542628,0.5478732487374595,0.5370888423644288,0.6458970192284289,0.13722210625994438,0.5401131398381025,0.5901129412304619,0.6548989113979309,0.728089823280134,0.5599232219713202,0.5911336948932672,0.7382645302413114,0.6296069583252347,0.7388113496536692,0.4458782890639881,0.0,0.8102794645670176,0.5885351997334866,0.47364681916832746,0.6737900280474138,0.5472984550583597,0.41395396451920136,0.34340670803441276,0.67445411131781,0.3787595818970089,0.27224989010391776,0.13944085124502137,0.0,0.36586143384389314,0.2815832583041031,0.5928760578966272,0.3035875780530743,0.13567920778755868,0.0,0.0,0.5214340774557494,0.5028352889746035,0.7860921477539627,0.48118416570919054,0.4137771362107322,0.49702595825340556,0.6946234146225325,0.5061271702530348,0.68241822061144,0.5560834848616921,0.6017746679530047,0.5229094900111891,0.5680473761350081,0.5298243403103245,0.1952790318837871,0.5602660465870417,0.5799325202771477,0.45096693149991635,0.6009764367504201,0.5046549738793134,0.6160901577287614,0.7646299403707596,0.6774424510809899,0.6829764188743077,0.48207729076271133,0.8495871800033397,0.8153995608781065,0.47630656349349515,0.5126759110692471,0.6557088236091315,0.3875458821636911,0.4243503972247591
0.6588720605101317,0.9054225601371855,0.6105011951914515,0.2507944729259727,0.6609394751874089,0.7945706642103813,0.544541740894993,0.7777227815386045,0.5703883374840102,0.7091597830001913,0.6208279202477719,0.7567956368459806,0.7282260978331047,0.3683720126074012,0.6118951965938061,0.7446127200041829,0.7174583939815536,0.8147768346768229,0.6731193360384259,0.7569773220002031,0.7027723241198751,0.8240733100791542,0.7611431107317225,0.7246797411003484,0.8102794645670176,0.0,0.6374122060234757,0.7135014448799123,0.7444877222451491,0.688673591292416,0.562106040849582,0.47156982509856266,0.6691905069672619,0.43346275742921647,0.3788309949752681,0.28911097753577075,0.09197068243729194,0.33142304276226336,0.34903391609655154,0.5915392399058864,0.3929692766492734,0.21377012469260356,0.1707372055811072,0.13594064220952842,0.48849726253280845,0.5974115557076718,0.8516004438794527,0.49088569341863325,0.43248329547840897,0.5790420692615148,0.7655254606888175,0.43958113674747146,0.7154216831945475,0.5397250141042705,0.6736553582929268,0.5181359662141934,0.7860453446323418,0.662729393375681,0.37723871046077734,0.6536599720945735,0.750944344386809,0.6535861780852732,0.7111346034614607,0.5813068234255532,0.7758517938533932,0.6914625831884448,0.8463492037296615,0.6866031256310294,0.6381425278783858,0.7697657147168886,0.9635748064475406,0.5323645863366036,0.7137893763379569,0.7127442615462106,0.5938652417058287,0.6174954698836568
0.39137208060418793,0.626415444276296,0.6995352009182525,0.23984506073339965,0.7585020293442881,0.7826223210754731,0.5743762362452237,0.5646279824645204,0.854008314952583,0.71070432153948,0.6660812726754941,0.568727150800852,0.6179550939482772,0.26011825042471837,0.4740527162115441,0.4808975183340349,0.6060288159519482,0.540081566922534,0.6400495163443648,0.8048433490722754,0.5403045695560548,0.7195714244878072,0.6424909096492003,0.3436239499712079,0.5885351997334866,0.6374122060234757,0.0,0.5378741500499726,0.646308075826962,0.5314594427482137,0.3797660465472966,0.33129362052585654,0.45378624390981925,0.3125325023350364,0.26033690412289645,0.3485066873276772,0.039077948344164004,0.2439950463859352,0.2265769885506989,0.36547453827959697,0.1986713643048776,0.0,0.29886511932049403,0.23357148526605376,0.5080720733170959,0.4517538740909618,0.7349578068835907,0.5655178823469161,0.547952657188867,0.7778900467185513,0.6557243079068088,0.7089118935983321,0.5755241619751844,0.8252578306618042,0.7111262592386249,0.6188576625062728,0.5809712885217396,0.5765761258016285,0.3392037368553216,0.44017147343950036,0.5162149050223892,0.5158210954478869,0.4901353124587419,0.546872961506952,0.7933342349183752,0.5208078409123422,0.7295307416879201,0.5952935847751794,0.3609504811048962,0.6691182579852938,0.6371950829835737,0.9314106006058449,0.6036310688701648,0.5373378985003302,0.3444995311462196,0.4049677125266304
0.5157851649224319,0.6631124534375626,0.4355815648754556,0.3693887668610628,0.7369165848746183,0.6676347418879816,0.5248249412578834,0.5001443396600271,0.5819481634614089,0.6364815795218879,0.4990262831192347,0.7212261847948334,0.7372081464129009,0.4905396733806982,0.4669414889173237,0.6499152191862468,0.6744760149429526,0.7140670320567225,0.5127553790789862,0.7559778499976375,0.49959744884972823,0.8076528371560012,0.484747472372028,0.5626175592993082,0.47364681916832746,0.7135014448799123,0.5378741500499726,0.0,0.77309229423388,0.7957582527071642,0.667773431271144,0.5125387067528332,0.5085684283687644,0.5176440931515217,0.4587167660194342,0.5138189085791397,0.262034396473612,0.2810924340831547,0.3531482243487205,0.40231837230919504,0.3743090378036228,0.10664624640805703,0.43287904955806467,0.32284831964207433,0.5139019704049443,0.575717134059767,0.6681884383651907,0.30563647580653946,0.5198261132842807,0.6807652704152298,0.5896864910956217,0.39908962078316584,0.5357185704529593,0.49103815348294766,0.6708953170030404,0.36697707945551916,0.6601534277077828,0.7040095305424945,0.5696942089573408,0.47662801612644073,0.7197717816414149,0.6440130118684662,0.7391673768899222,0.4308996408445066,0.7030160459907163,0.47067320878776947,0.7718238764913549,0.45782227914196194,0.5439543133275243,0.592646859043514,0.694145723449047,0.4042020880639438,0.9165909885859317,0.6545318352546526,0.6661050076219079,0.747919665274363
