0.0,0.3456072749429954,0.0,0.3205591116749002,0.40425943289543703,0.010340102832755762,0.3857589321394969,0.30741327649748584,0.307880460575931,0.28478006995434313,0.3359147891201427,0.1368139730188763,0.34150822988763363,0.3791027105314332,0.23709907840674035,0.44837178395370975,0.3703950641446729,0.08682221074738138,0.330058875386387,0.0,0.22587174923912695,0.22878811237151045,0.05920924701041934,0.40345147964215733,0.06819606956449356,0.43828833563418934,0.0,0.20381894186493915,0.05205249703362306,0.05197227053043133,0.42420950341484603,0.22308204649566998,0.09122715813551678,0.23982981686157093,0.0,0.36303888347410673,0.03167958064118729,0.011238641741106423,0.0,0.2655919978845531,0.012991989695064954,0.0,0.07494980310468087,0.09250844203621776,0.0,0.8048213359347787,0.40788673378853807,0.24443369565006187,0.12018307657073837,0.2751517734415331,0.1527356566902969,0.3393913191858135,0.13492152023490045,0.28047110998287234,0.15005824646411106,0.2896224855687155,0.20146604356215533,0.4343504992529304,0.14600512256327428,0.31312856239183234,0.07555283239324297,0.02597870831339667,0.1486464158821034,0.42500876632237267,0.22149052563913155,0.22325993664024107,0.3822987608059611,0.3211780471109992,0.27771063050543415,0.3027593875038514,0.44472790412680885,0.06351023900244117,0.26936450854761484,0.17260537907347961,0.20230442696656883,0.0
0.3456072749429954,0.0,0.38520705692109847,0.0,0.14917038434286536,0.4503066228324603,0.0,0.4379805388674586,0.19023054085849844,0.40152847119927404,0.32020576815683943,0.6457421830740686,0.571399452422854,0.0,0.5286555533667516,0.20760008390764498,0.2543302344035686,0.39170370872548993,0.43304328211308807,0.5667306923775385,0.6710529643161575,0.7832705639793881,0.5425090645109057,0.004816084865487244,0.462068713066637,0.5443179444695495,0.5242570332337781,0.0,0.4176844429721456,0.5279555583690019,0.0,0.12553222787321922,0.0,0.0,0.0,0.0,0.0757568332961928,0.0,0.2733099052571054,0.0,0.03579391809497813,0.0,0.21417176175935537,0.4407786310621627,0.0,0.061514591741433644,0.03559708791080631,0.38432950639856883,0.0,0.0012302471231347932,0.26119001111773854,0.0,0.19750260894281585,0.11435225492350518,0.04471698890543297,0.2326211403823808,0.28660793908737103,0.09237495017915111,0.0,0.6268192654698743,0.1467749808103025,0.0,0.08176388383648854,0.31687308738855746,0.5540673094757664,0.6133830590121073,0.5230487611703687,0.5211230358841493,0.0,0.18875788596301413,0.2897188997147394,0.43247572211336494,0.12514146640150436,0.4598918237883962,0.2618322987706662,0.0
0.0,0.38520705692109847,0.0,0.0,0.1955403312070422,0.5317583035275769,0.0,0.505847307818989,0.3282860275927501,0.0,0.44208652041903823,0.25929073556260707,0.397196531024994,0.0,0.6619219071731867,0.0,0.0,0.053572737748035185,0.5398513992127496,0.5493152113081012,0.5779339440669142,0.6024997038114606,0.8067553944177368,0.0,0.05691569516782453,0.0,0.7357168172593519,0.0,0.4126377512759636,0.4796959501148846,0.0,0.008153164033584964,0.0,0.0,0.06033303059696097,0.0,0.29503338330581197,0.0,0.30776850370349174,0.0,0.3058808528927209,0.38795367775428,0.2709506874837243,0.503473572633429,0.0,0.0,0.0,0.6000151631674637,0.0,0.0452760999898234,0.5007699540512458,0.0,0.1797427171206542,0.3293826455029334,0.0,0.39230825664233687,0.0,0.0,0.0,0.32651793318279354,0.30095443283484713,0.0,0.035955440374991064,0.17910376295740507,0.5204205557810548,0.5092760727813755,0.41746330080320304,0.5585231731849056,0.0,0.0,0.0,0.748187389969864,0.053966293031225035,0.5049581310330976,0.21638867742605292,0.3776773396973251
0.3205591116749002,0.0,0.0,0.0,0.3007021827250803,0.0,0.548671505775933,0.0,0.14694559328520063,0.13742660311920166,0.0,0.0,0.0,0.7781928466079802,0.0,0.42874784152351364,0.4051038472780997,0.058865423773354165,0.03676905949842137,0.0,0.0,0.0,0.0,0.3045262701367775,0.0,0.18918549407297006,0.0,0.39097807371264265,0.0,0.0,0.3357495741991568,0.330134942737419,0.2364638642516978,0.31834276391380867,0.341026347827956,0.5615247937228178,0.0,0.37043126699155965,0.0,0.282004624889269,0.0,0.0,0.0,0.0,0.35287022734159884,0.48101640364382403,0.5096072600461247,0.07816451331730194,0.675194127831073,0.22604516920260587,0.0,0.6712147483739952,0.0,0.14814305176315443,0.275124216884289,0.054427315700344044,0.0,0.49498404128772494,0.4209973401093794,0.0,0.0,0.4545779618949919,0.2595046010349038,0.2094373865431058,0.0,0.0,0.0,0.0,0.2628109273104188,0.11079521900653388,0.20713777418423782,0.0,0.4264404764643364,0.0,0.12365222972814041,0.0
0.40425943289543703,0.14917038434286536,0.1955403312070422,0.3007021827250803,0.0,0.1859858299513395,0.5567624284524388,0.4947289629626409,0.6592826196084793,0.04224306161404945,0.7199200865227016,0.0,0.6262609761806142,0.4716636371333366,0.43505851566579196,0.5158159118565482,0.19954620498019346,0.0,0.4328284102116244,0.23812733535205985,0.2879981004030192,0.42761700667150826,0.3207574273467893,0.018081088775260754,0.0,0.0,0.2620405994559655,0.21629873418501305,0.33385567319484005,0.1883206648831405,0.39395095877845343,0.33285877580105566,0.1991835345877233,0.4967246592790524,0.28730802229206076,0.5680911005662632,0.20952526648594763,0.0,0.040959960524597876,0.3292935823520452,0.300735191325065,0.0,0.28650525447036207,0.42485582778055514,0.0,0.2321031041432154,0.2664378109204954,0.6605078927648049,0.29281195703611734,0.6919510651876469,0.21443052471012206,0.5918581807462321,0.3183713335929801,0.5471907513569855,0.0,0.6698375045130049,0.0,0.6926735114590336,0.343585373342893,0.5279942510855986,0.07138957507670506,0.0,0.0,0.5370617459505839,0.281324560483507,0.3444588621434695,0.41367761744134995,0.5398531523112837,0.0,0.0,0.0,0.2924614988597229,0.4372357076091406,0.18786669745122814,0.10971976117133925,0.0
0.010340102832755762,0.4503066228324603,0.5317583035275769,0.0,0.1859858299513395,0.0,0.07198425483353565,0.41306883270474776,0.4468790526464204,0.10919034744847982,0.2342509749951537,0.21050473289335844,0.7396262042232749,0.0,0.3930170042891626,0.0,0.05003746906774775,0.18021204968430285,0.35481906020091514,0.581049569405878,0.3484713779938681,0.5242487239238465,0.6261388836118846,0.0,0.18056561444423377,0.03217228585734468,0.5960328498474784,0.23897853236500344,0.6349214080559138,0.4381677203463529,0.0,0.0,0.040488041208336156,0.0,0.0,0.04635070660634289,0.20121351960799666,0.0,0.10837523130743991,0.016685867425054884,0.09018899023819268,0.17310638023277583,0.09805026867178121,0.19936063096757461,0.04806797263916895,0.0,0.0,0.5321147250033862,0.0,0.07478608430893373,0.5027041049958768,0.0,0.37432070701492176,0.4665646961912932,0.14153636905064446,0.4054550562737101,0.061886510952986404,0.1937577222448778,0.0,0.2370747758713816,0.10980024816040028,0.0,0.049698792226798426,0.09256663554294463,0.20522035963655183,0.3555075389274015,0.1711511026947233,0.5948358015266053,0.1049957061896434,0.05517576557029874,0.13864621437758506,0.3790808931495725,0.03432162147186864,0.1855594795407241,0.12069098529179692,0.10729708833088152
0.3857589321394969,0.0,0.0,0.548671505775933,0.5567624284524388,0.07198425483353565,0.0,0.39013856641554434,0.2878883439246837,0.08475709203224488,0.25979146346242826,0.0,0.30770079790048493,0.8445977067306774,0.09197253180590009,0.3119800699689427,0.0414176114591943,0.0,0.09199142273118759,0.0,0.0,0.0,0.0,0.1704028691612866,0.0,0.0,0.0,0.009745898106871556,0.17661596770455593,0.0,0.5932705452556831,0.020369647838295486,0.5833797576802257,0.6667202758716382,0.345489017025527,0.6795233137839518,0.24049879831717533,0.0,0.0,0.6091417483942193,0.3435800333804689,0.0,0.25302665719899836,0.0837658262690975,0.14539181128589612,0.38593706571742664,0.22619121827296246,0.18616145169207632,0.4000170833683194,0.5773896355318632,0.0,0.634059402750001,0.4007737566688696,0.39372381670440376,0.17870226550794582,0.3626435818922667,0.018549549635780305,0.6091681851637621,0.7188571638559166,0.15112156440518115,0.0,0.1120863014746173,0.0,0.11666289498442431,0.0,0.1304793791778548,0.0,0.122351247769636,0.1392131738119711,0.0,0.0,0.0,0.07827031290241311,0.0,0.0,0.0
0.30741327649748584,0.4379805388674586,0.505847307818989,0.0,0.4947289629626409,0.41306883270474776,0.39013856641554434,0.0,0.37032014725917567,0.18307664300489923,0.5692939487257165,0.40116731070253336,0.5061742013819541,0.045675766565665736,0.6208451565083709,0.038790037595322985,0.0,0.0,0.5312740671657907,0.5949984266962188,0.7453843481010342,0.6112344136676637,0.7475820207789815,0.0,0.0,0.0,0.5477863719331572,0.0,0.653023345651563,0.6384982096827577,0.34735102557226366,0.0,0.2790342575905152,0.43847835746425745,0.08805797779810506,0.1618957804535001,0.4238309086767168,0.0,0.0,0.3252815390692287,0.5092746597318955,0.12900169911825565,0.293844045296034,0.43873830142120934,0.0,0.07139541939174208,0.0,0.4047122130819225,0.0,0.3651352693713575,0.35287123326754,0.0,0.7698264652391474,0.4740026230463879,0.074519178622542,0.4511522756482271,0.335046679843383,0.27488260968077777,0.22852663347432553,0.6167362072347726,0.0,0.0,0.0,0.2656101963430134,0.3299833835985978,0.8172898737749644,0.2656733072941303,0.725997232820788,0.0,0.019539547294674796,0.0,0.5548423475595688,0.0,0.23770656128841913,0.0,0.0
0.307880460575931,0.19023054085849844,0.3282860275927501,0.14694559328520063,0.6592826196084793,0.4468790526464204,0.2878883439246837,0.37032014725917567,0.0,0.0,0.7501391232059028,0.0,0.5974084420368508,0.14517201324372592,0.5167041563277401,0.19666162064581655,0.06510014582301617,0.017195819744747844,0.663646632252726,0.11462877468417011,0.39381059828245596,0.37900662986125366,0.4270667014661968,0.0,0.0,0.12170378753915828,0.2855134277022152,0.50515929493875,0.24054590001036763,0.18456810261975334,0.0,0.21941984090569927,0.0,0.0,0.015044762341956347,0.23468572936616316,0.2524628167276682,0.0,0.1538583109615583,0.11153534840097905,0.008264469058313748,0.0,0.06407157234082415,0.05587136358423339,0.0,0.2908863942936018,0.40906847049819256,0.5824946822660282,0.1841195760081341,0.5036295996486179,0.6432321490925729,0.5464753086735418,0.02496096947921192,0.9273573646194115,0.0,0.6654562519150659,0.0,0.5496837307177856,0.07975098988462641,0.1653020080650526,0.36469094296611265,0.0,0.2201279818921817,0.5666767928609496,0.5155006989493391,0.3238757929196003,0.6248566534461352,0.5258888515296382,0.0,0.0,0.12391154296121326,0.4903760491986101,0.4223731010447522,0.4702360168932416,0.42611338922659797,0.022108916953506825
0.28478006995434313,0.40152847119927404,0.0,0.13742660311920166,0.04224306161404945,0.10919034744847982,0.08475709203224488,0.18307664300489923,0.0,0.0,0.0,0.6914093738251953,0.13829916823720617,0.08356619599516382,0.0,0.2810911055349537,0.6564821988783464,0.391367830904361,0.1651589490273272,0.37522882793560436,0.060968818481080836,0.23187775251982196,0.03557419127313398,0.6553900803607575,0.39891319502014166,0.43423804621171885,0.40644632200226455,0.0,0.19276303353978902,0.13138248385608908,0.395786385897006,0.11316365119127017,0.2806016488479679,0.30401070459103996,0.0,0.06283620257572786,0.0,0.19562461081214214,0.0,0.12415881575982556,0.04128150796346416,0.0,0.0009102368843688808,0.112701059111743,0.5078121285639705,0.2178857638554295,0.0,0.1481829626904948,0.0,0.0,0.0,0.0,0.5032897308476462,0.0,0.681204241865213,0.0,0.7221431051461306,0.043523954682768845,0.0,0.4703799985803593,0.0,0.24418933731750742,0.0,0.13947702878922835,0.0,0.0795401947676095,0.0,0.15091341951806572,0.6892112514602796,0.48871343044183185,0.4070644294314213,0.10185551364537665,0.0,0.0,0.0,0.0
0.3359147891201427,0.32020576815683943,0.44208652041903823,0.0,0.7199200865227016,0.2342509749951537,0.25979146346242826,0.5692939487257165,0.7501391232059028,0.0,0.0,0.05873442814416784,0.5432972871621823,0.09135985885183491,0.6274380951354599,0.26972091674565296,0.0,0.0,0.7018469396755005,0.1917594899654218,0.5047751640374095,0.535938223124615,0.4291196291302319,0.0,0.0,0.006907539754352791,0.2655457442939079,0.17013430837395094,0.3902379052176192,0.34435256641727463,0.07435163100522513,0.08545881271680092,0.0,0.10744397906249786,0.0,0.19133435910523414,0.2788343369301035,0.0,0.021326435471284863,0.07235928330522595,0.1262447642678121,0.0,0.07917698190842029,0.29928042977527547,0.0,0.20630712117470504,0.2777217884459503,0.658471545128785,0.005606589977243377,0.6360983048482377,0.4092407586375188,0.4579513481697528,0.15934740360417302,0.6251365176373759,0.0,0.8480814492971415,0.0,0.4441910492186074,0.11241704707811306,0.41909607344296723,0.24485810626284135,0.0,0.027326325253800236,0.6688872233159898,0.4962168770489803,0.4425578773849346,0.6136036286113601,0.5521452313596255,0.0,0.021632592216853694,0.004919925678416911,0.42572744417305597,0.285600578111596,0.45430494304254815,0.22390351908663383,0.0
0.1368139730188763,0.6457421830740686,0.25929073556260707,0.0,0.0,0.21050473289335844,0.0,0.40116731070253336,0.0,0.6914093738251953,0.05873442814416784,0.0,0.19956851689658117,0.0,0.1837684353239811,0.0,0.22531385237819504,0.23757181994114435,0.3376716583221437,0.5324829541361514,0.44872316054901784,0.45820092498996556,0.38012707195217244,0.4511928639825258,0.2886262582064919,0.39663831940444083,0.5389606929375556,0.0,0.3706147823996055,0.46097930337681325,0.1329082345246856,0.0,0.0630452005685135,0.09497351689756527,0.0,0.0,0.0,0.0,0.0,0.02031152292552617,0.08528793566751439,0.0,0.0,0.2015144370803234,0.006589085266815267,0.02898878631512191,0.0,0.07269856633605945,0.0,0.0,0.09792109541535102,0.0,0.43099491837872483,0.0,0.38131637026369797,0.0,0.8349473212276809,0.0,0.0,0.5036368524690077,0.0,0.0,0.0,0.17306270193214945,0.2505265275734689,0.3982528134104746,0.09331947764633974,0.3247876890414851,0.3792077732450315,0.4412374563595025,0.38908833816217475,0.3338973031358896,0.0,0.13198375883030083,0.0,0.0
0.34150822988763363,0.571399452422854,0.397196531024994,0.0,0.6262609761806142,0.7396262042232749,0.30770079790048493,0.5061742013819541,0.5974084420368508,0.13829916823720617,0.5432972871621823,0.19956851689658117,0.0,0.13873006615198855,0.5232142809743167,0.32355738092103,0.23552815871273935,0.22310352885943557,0.4392031702826624,0.4842227331616443,0.42780875197582713,0.6415172359729183,0.5335908266797602,0.0,0.10516764225797617,0.11381877017202643,0.41962226236186,0.4051118924203356,0.5232896584000473,0.470675339105423,0.07938843456494922,0.21617864311752139,0.00150255723089303,0.10920414229245476,0.03578298677980943,0.3837933215502771,0.21669368861498897,0.0,0.18970126359331335,0.10588626265210903,0.1574958475309221,0.0,0.2709432264601438,0.39865601987427923,0.0,0.13516231530052547,0.1936404553104049,0.6840996199989947,0.0,0.37675180994176827,0.44927504179316563,0.2314330107585726,0.3358729097138075,0.5336616561857079,0.0,0.5950540269670359,0.06133364335917838,0.5748537065521597,0.012360621285308196,0.5367794678226663,0.1576501416514699,0.0,0.09407451526026843,0.40250410303207945,0.40404608082661836,0.4384709153502346,0.44855247306333756,0.6849000523814498,0.0,0.0,0.13577021221584565,0.3356878700259239,0.37279612704723913,0.3218425619337605,0.29269304492271864,0.02489988603767304
0.3791027105314332,0.0,0.0,0.7781928466079802,0.4716636371333366,0.0,0.8445977067306774,0.045675766565665736,0.14517201324372592,0.08356619599516382,0.09135985885183491,0.0,0.13873006615198855,0.0,0.0,0.442204094995181,0.18459167738613577,0.0,0.0,0.0,0.0,0.0,0.0,0.28294047682528556,0.0,0.0,0.0,0.18961211929592772,0.0,0.0,0.5716257002221923,0.2642386722791584,0.5663955218355647,0.5847042109241575,0.4778504640538961,0.8268475788610716,0.0,0.2031901438430757,0.0,0.492085640751765,0.1715536738242635,0.0,0.20442249076070693,0.0,0.3163920981926245,0.46071105689347036,0.33291280011929786,0.118524998512571,0.6051690330392853,0.3684562186999574,0.0,0.6002379644620129,0.1918094927643104,0.19976761643871863,0.18519107635490592,0.18122604442493379,0.0,0.5713934908794022,0.7000527201269556,0.0,0.0,0.2534156871983724,0.03417774092221212,0.15891264690029955,0.0,0.0,0.0,0.0,0.25436202557878057,0.014355404019363268,0.02961864475013571,0.0,0.27400033780572863,0.0,0.0,0.0
0.23709907840674035,0.5286555533667516,0.6619219071731867,0.0,0.43505851566579196,0.3930170042891626,0.09197253180590009,0.6208451565083709,0.5167041563277401,0.0,0.6274380951354599,0.1837684353239811,0.5232142809743167,0.0,0.0,0.11935522662136956,0.0,0.0,0.6068819284992596,0.4559980837030481,0.820707917547298,0.7825747050674569,0.7669723812526432,0.0,0.0,0.0,0.5472069880496162,0.04804270289789216,0.4491184788820961,0.45595744717496456,0.0,0.12902719012165229,0.0,0.0,0.006910897624824988,0.1292320052878219,0.39526179642460535,0.0,0.25503487973091404,0.0,0.32596091913005937,0.1880465745743156,0.4429018970333792,0.526462869299873,0.0,0.0,0.17648613151973924,0.5639505944070897,0.0,0.4279283426163968,0.5714178613821373,0.11565577149651911,0.1328977151119476,0.5461274747114767,0.0,0.5776573156488343,0.0,0.33514728486145173,0.042369073242636376,0.620204423714274,0.48756513576232785,0.0,0.1957307502716922,0.36040341212108823,0.7488504307698436,0.7559894716686395,0.7653082801576719,0.6749255040033045,0.0,0.0,0.0,0.6936972949509885,0.26576755580565575,0.7046902966013554,0.3306428295843878,0.2905977530462373
0.44837178395370975,0.20760008390764498,0.0,0.42874784152351364,0.5158159118565482,0.0,0.3119800699689427,0.038790037595322985,0.19666162064581655,0.2810911055349537,0.26972091674565296,0.0,0.32355738092103,0.442204094995181,0.11935522662136956,0.0,0.6596867483516592,0.5646751823875004,0.2975278236483073,0.04771960413978479,0.0,0.30355890167897004,0.04047629443168681,0.25491823879904757,0.34938437487431045,0.45727911319352127,0.0441009178821806,0.37095686424984997,0.0,0.0,0.4221830143271194,0.705566195162301,0.0,0.23301674214444576,0.2117851978098656,0.47361048768580827,0.0,0.2882828014203517,0.36748776716231446,0.06385818797160392,0.0,0.0,0.2079488665581449,0.20905221529568108,0.23777849096661102,0.4059979407332147,0.5729038262461951,0.45000037115134245,0.48078886042351715,0.23841747072411923,0.07929053473690456,0.484876241675944,0.06175829594273134,0.06280814837448273,0.08111554867301105,0.18821691431251408,0.0,0.6324804719923732,0.017471427832876273,0.3453345492924528,0.16267910323978188,0.12748493640579614,0.31372369235829173,0.5236917452560259,0.2622280438225432,0.0,0.4028143738543602,0.2620426667895094,0.024013208078705862,0.2525476014175443,0.3653709530128159,0.06822312036688996,0.6426423659093781,0.1664947030418738,0.39025838900164495,0.021269883191606834
0.3703950641446729,0.2543302344035686,0.0,0.4051038472780997,0.19954620498019346,0.05003746906774775,0.0414176114591943,0.0,0.06510014582301617,0.6564821988783464,0.0,0.22531385237819504,0.23552815871273935,0.18459167738613577,0.0,0.6596867483516592,0.0,0.7659602209059818,0.19611408919928192,0.06396126325669653,0.0,0.11610255129035184,0.0,0.5488233348881237,0.6746756199771448,0.6749096676921372,0.08067536339817123,0.42263012316233756,0.0,0.0,0.23874393136122707,0.565272782866082,0.0,0.010380558186144776,0.03509340252808994,0.21084197193687054,0.0,0.2618441270596424,0.3530446510101304,0.0,0.0,0.0,0.0,0.0,0.36490280353113813,0.39342065466056114,0.44633626364798945,0.30343230979298047,0.19669957320466333,0.0,0.0,0.15178853113495103,0.0,0.0,0.23774571962657978,0.0,0.18532295183123298,0.3105508354178164,0.0,0.2152457048969368,0.0,0.29307338288713874,0.2817830019132788,0.48255711208530977,0.15361380660131413,0.0,0.2160608597511652,0.08372277671446601,0.4519084707376496,0.36006910550671256,0.46686855639210717,0.01636216325548967,0.49046511086715233,0.027152767907084464,0.35922101628938075,0.0
0.08682221074738138,0.39170370872548993,0.053572737748035185,0.058865423773354165,0.0,0.18021204968430285,0.0,0.0,0.017195819744747844,0.391367830904361,0.0,0.23757181994114435,0.22310352885943557,0.0,0.0,0.5646751823875004,0.7659602209059818,0.0,0.23946858962034628,0.1351741440312371,0.0,0.2832771135387206,0.04691696902810699,0.24039713736648907,0.8760852928037149,0.7390088190809252,0.2150479805856527,0.39070811345636447,0.0,0.0,0.0,0.565715123021611,0.0,0.0,0.0,0.03421925973875246,0.0,0.319771179933089,0.6374675170150124,0.0,0.0,0.0,0.035326059580437226,0.08176670698331936,0.22842541633455374,0.117378005480124,0.3435994306874203,0.3303447229765416,0.13153655730505254,0.0,0.10842592222844132,0.0,0.0,0.0,0.031205948743940382,0.0,0.0,0.18129373140293162,0.0,0.15759403307552763,0.18697438947835684,0.15667499612975547,0.43227663695202,0.3573721595076389,0.33468809125723864,0.0,0.35671559228259225,0.10599172051301618,0.12041014875453733,0.24865208315001147,0.4753576222038896,0.12190577350600619,0.5842779665953718,0.29783225833806787,0.6269124402333539,0.16612906477296868
0.330058875386387,0.43304328211308807,0.5398513992127496,0.03676905949842137,0.4328284102116244,0.35481906020091514,0.09199142273118759,0.5312740671657907,0.663646632252726,0.1651589490273272,0.7018469396755005,0.3376716583221437,0.4392031702826624,0.0,0.6068819284992596,0.2975278236483073,0.19611408919928192,0.23946858962034628,0.0,0.33827264342286456,0.5323583115779018,0.5479333633339186,0.56056347096447,0.013339333675352647,0.12614988248267972,0.4000568077460905,0.5392370936491419,0.19940329619982136,0.2695100009263436,0.2058377161464263,0.048621523791430726,0.2616762386155695,0.0,0.0026764767401253877,0.0,0.11726406288386479,0.0,0.07743223865175296,0.22511322409994547,0.0,0.06884134230503285,0.0,0.043880229653275905,0.18850894595155232,0.0,0.2636507555151193,0.39197847673000874,0.6468091446333009,0.018871237416168665,0.17385183188406012,0.5857144963150412,0.21702505769512598,0.24039420021711275,0.5860465310415544,0.06674929199817971,0.40751849499233506,0.14108260802059922,0.41667160279093624,0.0,0.40911597415496903,0.24693064951485025,0.0,0.19522279362014128,0.7931877841398582,0.6936342337621623,0.43986990117715535,0.6750605927161109,0.5683927636751424,0.0,0.23609954653728427,0.29964220133437725,0.7092052588950739,0.3883301125986193,0.5640856387301475,0.3643669636800806,0.02651737536580535
0.0,0.5667306923775385,0.5493152113081012,0.0,0.23812733535205985,0.581049569405878,0.0,0.5949984266962188,0.11462877468417011,0.37522882793560436,0.1917594899654218,0.5324829541361514,0.4842227331616443,0.0,0.4559980837030481,0.04771960413978479,0.06396126325669653,0.1351741440312371,0.33827264342286456,0.0,0.5542770100591489,0.8276617323313207,0.6445650502473521,0.0,0.11868908983254382,0.0,0.8681245991125418,0.0,0.7767203337539323,0.717957068240945,0.10427992887805293,0.021253232392935244,0.11420954059128223,0.1606781780183366,0.049064010417990675,0.0,0.08404920518355215,0.0,0.0714970137096652,0.0,0.3302256719250098,0.15681171309503475,0.20825975694654772,0.44352481031665286,0.0,0.0,0.0,0.4426527767929759,0.0,0.0,0.17178123309603385,0.0,0.5856859747762254,0.06004184997996394,0.06784126501011079,0.1455789488190272,0.2743056385160331,0.0,0.0,0.7140475038932557,0.0,0.0,0.0,0.10223994078457731,0.35352412949136247,0.6149682670016058,0.18412595838968282,0.5946171439530236,0.02891541466503347,0.0,0.0,0.5688117005401907,0.0,0.2031638417719606,0.0,0.012564176922623136
0.22587174923912695,0.6710529643161575,0.5779339440669142,0.0,0.2879981004030192,0.3484713779938681,0.0,0.7453843481010342,0.39381059828245596,0.060968818481080836,0.5047751640374095,0.44872316054901784,0.42780875197582713,0.0,0.820707917547298,0.0,0.0,0.0,0.5323583115779018,0.5542770100591489,0.0,0.7750339649036934,0.7852374190683659,0.0,0.0,0.04617599678695473,0.6233593733211268,0.0,0.48589231331822996,0.6894921970780776,0.015247064663987042,0.0603574767069478,0.0,0.0,0.0,0.0288049722691375,0.3911491484262848,0.0,0.18790947099765834,0.0,0.3389065140233995,0.1703492795582247,0.41324008100691273,0.4938281314119756,0.0,0.0,0.0,0.32751198731975306,0.0,0.16299334786133418,0.5132029988467808,0.0,0.29880125731513535,0.43166037115541767,0.0,0.3083546332010018,0.17530758985746736,0.150779259023599,0.0,0.5778037991687404,0.24086075641541208,0.0,0.0,0.25806924144376825,0.6680934552691188,0.9602846736854866,0.6306303330087253,0.6592086645460039,0.0,0.0,0.0,0.7086079589302485,0.08182386871556448,0.6648003400154071,0.19059119910120922,0.10816764163657328
0.22878811237151045,0.7832705639793881,0.6024997038114606,0.0,0.42761700667150826,0.5242487239238465,0.0,0.6112344136676637,0.37900662986125366,0.23187775251982196,0.535938223124615,0.45820092498996556,0.6415172359729183,0.0,0.7825747050674569,0.30355890167897004,0.11610255129035184,0.2832771135387206,0.5479333633339186,0.8276617323313207,0.7750339649036934,0.0,0.7252132751376942,0.0,0.1954761793356176,0.1409263336842401,0.795748393463169,0.0,0.6802269434099679,0.688034405624028,0.06914062329937476,0.1911313083317771,0.0,0.03774675509008899,0.0,0.08887929202989328,0.1960951614176522,0.0,0.2561985903898653,0.0,0.2605230179390049,0.029414464502874094,0.32028467939780797,0.5359546951522185,0.0,0.0,0.010466328426027788,0.6048866136900967,0.0,0.2000217466508706,0.41283469225082503,0.0,0.3381979675438172,0.31178694213557157,0.0,0.4247925133425466,0.1525273805001799,0.20499423380910248,0.0,0.7864918778653692,0.16308984937934848,0.0,0.0,0.37719822773571077,0.6582189744473486,0.7374595218223395,0.594059234571301,0.7140717671023795,0.0,0.0,0.029112792245491563,0.6964952861110798,0.16769985938994247,0.5659315553085071,0.20025953070416952,0.08819793010568353
0.05920924701041934,0.5425090645109057,0.8067553944177368,0.0,0.3207574273467893,0.6261388836118846,0.0,0.7475820207789815,0.4270667014661968,0.03557419127313398,0.4291196291302319,0.38012707195217244,0.5335908266797602,0.0,0.7669723812526432,0.04047629443168681,0.0,0.04691696902810699,0.56056347096447,0.6445650502473521,0.7852374190683659,0.7252132751376942,0.0,0.0,0.013624365039760465,0.0,0.7332164734966398,0.0,0.48274268375129475,0.5534956587664003,0.0,0.17426002307881255,0.0,0.0,0.09306199246316404,0.014238344558271282,0.28368216379214317,0.0,0.318715655431911,0.0,0.3863463551355868,0.30676344575918163,0.38253632263544923,0.5254001915711606,0.0,0.0,0.045723010696527164,0.5344043788142444,0.0,0.09292215343972664,0.6337179274757769,0.0,0.392010367754878,0.4747717037657875,0.0,0.33127993804968286,0.0972653382219064,0.24817148390911412,0.0,0.51464223019202,0.31706259649132074,0.0,0.021825624368394313,0.24186954604954672,0.6457600011870833,0.7770098077649144,0.5464625127401612,0.8394280804651134,0.0,0.0,0.014566719254562996,0.770093710882928,0.16185099756525836,0.5710300437866666,0.224021398570841,0.32789890023291407
0.40345147964215733,0.004816084865487244,0.0,0.3045262701367775,0.018081088775260754,0.0,0.1704028691612866,0.0,0.0,0.6553900803607575,0.0,0.4511928639825258,0.0,0.28294047682528556,0.0,0.25491823879904757,0.5488233348881237,0.24039713736648907,0.013339333675352647,0.0,0.0,0.0,0.0,0.0,0.2290717663026408,0.4492723676552627,0.0,0.059054012148828876,0.0,0.0,0.5258786385837715,0.0,0.5175370524230223,0.4043918909066875,0.0,0.06843577173518035,0.0,0.23657080739512487,0.0,0.42809064805228303,0.0,0.0,0.0,0.0,0.43527066803595993,0.5655531256081172,0.20581199152418736,0.0,0.0,0.0,0.0,0.025167706518965147,0.37159549131218755,0.0,0.36737058698062564,0.0,0.6410344877402865,0.061160498753458525,0.0,0.1257172897298658,0.0,0.30248843479588555,0.0,0.1337700775914046,0.0,0.0,0.0,0.0,0.8486683531460781,0.5589873553089354,0.5556955257770219,0.0,0.0,0.0,0.0,0.0
0.06819606956449356,0.462068713066637,0.05691569516782453,0.0,0.0,0.18056561444423377,0.0,0.0,0.0,0.39891319502014166,0.0,0.2886262582064919,0.10516764225797617,0.0,0.0,0.34938437487431045,0.6746756199771448,0.8760852928037149,0.12614988248267972,0.11868908983254382,0.0,0.1954761793356176,0.013624365039760465,0.2290717663026408,0.0,0.7551522633995009,0.18673865563191838,0.2896013054539352,0.0,0.0,0.0,0.4036688040980371,0.0,0.0,0.0,0.0,0.0,0.2440394919473148,0.6048504137157059,0.0,0.0,0.0,0.0,0.0,0.16946308114614902,0.07383495125214132,0.20604131099104106,0.21285545954365473,0.0,0.0,0.0381520301668869,0.0,0.0,0.0,0.12846475231080895,0.0,0.0320510747043718,0.0,0.0,0.0542003127398359,0.16678353013730932,0.22533060501982985,0.4504452660950914,0.2004879855390018,0.19812282648811919,0.0,0.21118071149077067,0.08061086062027685,0.21952941557193265,0.29255266165061805,0.555287421045615,0.058005277796197616,0.3531648960937077,0.24384571684534384,0.5181151681552795,0.15487055290761678
0.43828833563418934,0.5443179444695495,0.0,0.18918549407297006,0.0,0.03217228585734468,0.0,0.0,0.12170378753915828,0.43423804621171885,0.006907539754352791,0.39663831940444083,0.11381877017202643,0.0,0.0,0.45727911319352127,0.6749096676921372,0.7390088190809252,0.4000568077460905,0.0,0.04617599678695473,0.1409263336842401,0.0,0.4492723676552627,0.7551522633995009,0.0,0.04366565410253533,0.3602701808749908,0.0,0.0,0.0,0.45045510394167376,0.0,0.0,0.0,0.0,0.0,0.3223173279151158,0.4493154556545547,0.0,0.0,0.0,0.0,0.0,0.1669293074070495,0.4920090260774954,0.5617891174623121,0.17221333716577356,0.10571987677580998,0.0,0.2352297636846733,0.05468863117386985,0.0,0.0,0.21671704094321073,0.0,0.22022412633604335,0.2131225976976842,0.0,0.08203814220027772,0.20977938247008046,0.32871666066314237,0.49018206568660233,0.45795349695108334,0.3980299475282137,0.0,0.44022199339959744,0.10472446807020337,0.3290003646848654,0.5521440738709731,0.8495891321316043,0.15265223850750803,0.4814749477946872,0.3307091860098976,0.5316480177141776,0.0
0.0,0.5242570332337781,0.7357168172593519,0.0,0.2620405994559655,0.5960328498474784,0.0,0.5477863719331572,0.2855134277022152,0.40644632200226455,0.2655457442939079,0.5389606929375556,0.41962226236186,0.0,0.5472069880496162,0.0441009178821806,0.08067536339817123,0.2150479805856527,0.5392370936491419,0.8681245991125418,0.6233593733211268,0.795748393463169,0.7332164734966398,0.0,0.18673865563191838,0.04366565410253533,0.0,0.0,0.6691320117375086,0.5722192811719605,0.004272839587562147,0.1142650397816284,0.0,0.07978198483260923,0.09312659021374467,0.0,0.05217407197502996,0.01655819319708728,0.19991040784266945,0.0,0.3038167814348414,0.1923622655213347,0.24633740858452743,0.4787174787972083,0.08371519560463146,0.0,0.0,0.5474148206604502,0.0,0.0,0.3713133096072891,0.0,0.5206677426583384,0.2213588844769096,0.1921335561574801,0.16578745313404578,0.29243431280043425,0.025383007568480036,0.0,0.612341987386952,0.0,0.0,0.0,0.239931462187233,0.4154382930725794,0.6128206363941459,0.2639645118803581,0.6127620011742576,0.037300613934749725,0.024405435737626244,0.02965355408019825,0.773178209512742,0.0,0.36617024524669445,0.0,0.1369084815111927
0.20381894186493915,0.0,0.0,0.39097807371264265,0.21629873418501305,0.23897853236500344,0.009745898106871556,0.0,0.50515929493875,0.0,0.17013430837395094,0.0,0.4051118924203356,0.18961211929592772,0.04804270289789216,0.37095686424984997,0.42263012316233756,0.39070811345636447,0.19940329619982136,0.0,0.0,0.0,0.0,0.059054012148828876,0.2896013054539352,0.3602701808749908,0.0,0.0,0.0,0.0,0.0,0.3928294599969831,0.0,0.0,0.011489212669272683,0.20463499464794227,0.0,0.24274738485029984,0.32852194793618483,0.0,0.0,0.0,0.0,0.0,0.08787848305775116,0.3746370012114649,0.5597176994768893,0.34603451849865235,0.3695714786481656,0.09990847537283065,0.3111247888904459,0.4691904193374474,0.0,0.40680729849939773,0.0,0.2743451863189995,0.0,0.447001453059322,0.0,0.0,0.3371920675529209,0.29569184668345005,0.493612187575957,0.35314450070159475,0.24565480118491553,0.0,0.387309753262571,0.10652153609213641,0.0,0.127799920090712,0.3994207399180804,0.0,0.6267975679015502,0.19667400650874597,0.6313381333019387,0.06161847965886438
0.05205249703362306,0.4176844429721456,0.4126377512759636,0.0,0.33385567319484005,0.6349214080559138,0.17661596770455593,0.653023345651563,0.24054590001036763,0.19276303353978902,0.3902379052176192,0.3706147823996055,0.5232896584000473,0.0,0.4491184788820961,0.0,0.0,0.0,0.2695100009263436,0.7767203337539323,0.48589231331822996,0.6802269434099679,0.48274268375129475,0.0,0.0,0.0,0.6691320117375086,0.0,0.0,0.7219692994432554,0.1732479335042993,0.0,0.3448869672577812,0.3274546597610768,0.0,0.0,0.27805761609074914,0.0,0.0,0.2115366905661666,0.30152753036216995,0.08794471137867775,0.0,0.2382832196102624,0.0,0.0,0.0,0.4136425788802756,0.0,0.28141820737829176,0.1804103527635252,0.0,0.6138377289592946,0.25096687395001344,0.06884391661187261,0.45367768901828126,0.2995284176830713,0.0,0.027250278212085245,0.549740894383382,0.0,0.0,0.0,0.11160265743867358,0.10109429043897387,0.588207736730425,0.016154676972272415,0.564848526642374,0.02719861342240286,0.017308679952797595,0.0,0.3466715071671819,0.0,0.06729213806360745,0.0,0.0
0.05197227053043133,0.5279555583690019,0.4796959501148846,0.0,0.1883206648831405,0.4381677203463529,0.0,0.6384982096827577,0.18456810261975334,0.13138248385608908,0.34435256641727463,0.46097930337681325,0.470675339105423,0.0,0.45595744717496456,0.0,0.0,0.0,0.2058377161464263,0.717957068240945,0.6894921970780776,0.688034405624028,0.5534956587664003,0.0,0.0,0.0,0.5722192811719605,0.0,0.7219692994432554,0.0,0.0,0.0,0.0017204935070653515,0.08041069022672882,0.0,0.0,0.4265501536384677,0.0,0.0,0.0,0.37413189375999745,0.24380389725846588,0.22836847517986092,0.48533417387444194,0.0,0.0,0.0,0.27268507495171757,0.0,0.15312940275885253,0.17425038001766283,0.0,0.4706650112499157,0.16948672978326593,0.0,0.28054801544237606,0.25673258759583245,0.0,0.0,0.5521571752932767,0.0,0.0,0.0,0.03210826805325471,0.2700289679910696,0.7622760376134333,0.17705312819722824,0.5199573230821443,0.0,0.0,0.0,0.36781718926955936,0.0,0.23923839894314322,0.0,0.03874070833314495
0.42420950341484603,0.0,0.0,0.3357495741991568,0.39395095877845343,0.0,0.5932705452556831,0.34735102557226366,0.0,0.395786385897006,0.07435163100522513,0.1329082345246856,0.07938843456494922,0.5716257002221923,0.0,0.4221830143271194,0.23874393136122707,0.0,0.048621523791430726,0.10427992887805293,0.015247064663987042,0.06914062329937476,0.0,0.5258786385837715,0.0,0.0,0.004272839587562147,0.0,0.1732479335042993,0.0,0.0,0.22629335436179965,0.680847360744285,0.8304895068454541,0.2852150081545996,0.5176748647933779,0.0,0.03821570073623969,0.0,0.5199829954571736,0.26353397757136443,0.0,0.09156987118568617,0.03678869036745844,0.22534566541717654,0.457793236196042,0.10929886570436435,0.01015445175244135,0.14623286357259532,0.14531517708378439,0.0,0.25380877521915396,0.5193821907943971,0.0,0.17215798933874774,0.0,0.330614551219137,0.33320729807493465,0.3305948378961926,0.36540535276278135,0.0,0.0,0.0,0.16293249553473452,0.0,0.18093435697166327,0.0,0.1067190911392705,0.3787336645580751,0.18541198487477836,0.11160152217625581,0.0,0.0,0.0,0.0,0.0
0.22308204649566998,0.12553222787321922,0.008153164033584964,0.330134942737419,0.33285877580105566,0.0,0.020369647838295486,0.0,0.21941984090569927,0.11316365119127017,0.08545881271680092,0.0,0.21617864311752139,0.2642386722791584,0.12902719012165229,0.705566195162301,0.565272782866082,0.565715123021611,0.2616762386155695,0.021253232392935244,0.0603574767069478,0.1911313083317771,0.17426002307881255,0.0,0.4036688040980371,0.45045510394167376,0.1142650397816284,0.3928294599969831,0.0,0.0,0.22629335436179965,0.0,0.0,0.0,0.4119892625765891,0.5226115659514856,0.0,0.36716131719247813,0.7729981329297944,0.0,0.0,0.0,0.4522213196555866,0.341617012570289,0.2790208835210378,0.19050345854674633,0.44838078380515184,0.34911437965081893,0.5420014671303637,0.0,0.20842701593313054,0.29292833293771975,0.0,0.0960373545780614,0.0,0.0,0.0,0.5701529822215197,0.0,0.19920406750908265,0.3221358633747868,0.013783941974217107,0.38838635363443963,0.4158096539378324,0.4090519604759969,0.0,0.5055828143385293,0.21923337889763891,0.0,0.0,0.2453624238760247,0.24845757959463197,0.8182748629692492,0.37006499569841866,0.6052394794332046,0.37369206163581015
0.09122715813551678,0.0,0.0,0.2364638642516978,0.1991835345877233,0.040488041208336156,0.5833797576802257,0.2790342575905152,0.0,0.2806016488479679,0.0,0.0630452005685135,0.00150255723089303,0.5663955218355647,0.0,0.0,0.0,0.0,0.0,0.11420954059128223,0.0,0.0,0.0,0.5175370524230223,0.0,0.0,0.0,0.0,0.3448869672577812,0.0017204935070653515,0.680847360744285,0.0,0.0,0.8279983111756922,0.26671782364290125,0.2790894897276469,0.07123446704703619,0.06520797740679561,0.0,0.7939304006753524,0.32159582643396806,0.0,0.0,0.0,0.39208795695403575,0.2235651701388751,0.0,0.0,0.0,0.1264487393754035,0.0,0.08721489413787455,0.617520657066322,0.0,0.3261599622151302,0.0,0.40853124392078555,0.06516272605280363,0.5272980724625494,0.09789108381055256,0.0,0.11807148253842704,0.0,0.0,0.0,0.0,0.0,0.0,0.49856787376849027,0.12510301428452458,0.0,0.0,0.0,0.0,0.0,0.0
0.23982981686157093,0.0,0.0,0.31834276391380867,0.4967246592790524,0.0,0.6667202758716382,0.43847835746425745,0.0,0.30401070459103996,0.10744397906249786,0.09497351689756527,0.10920414229245476,0.5847042109241575,0.0,0.23301674214444576,0.010380558186144776,0.0,0.0026764767401253877,0.1606781780183366,0.0,0.03774675509008899,0.0,0.4043918909066875,0.0,0.0,0.07978198483260923,0.0,0.3274546597610768,0.08041069022672882,0.8304895068454541,0.0,0.8279983111756922,0.0,0.452302777872869,0.45995289563439473,0.08511911547618278,0.020035942749083945,0.0,0.6900898045387878,0.5304621227443064,0.0,0.10682238620684022,0.1396349594071349,0.2921838167654073,0.21319288819599277,0.0,0.05197247692702617,0.11065466525731425,0.36436250876053955,0.0,0.27966549053705414,0.6165076355103348,0.054658252721609304,0.24916979465719571,0.07582882269412433,0.37381311136164996,0.32442825914099405,0.5252660128905121,0.3475668482260299,0.0,0.0,0.0,0.03174920423251564,0.0,0.1615851288235741,0.0,0.1321953412596979,0.30605788103632625,0.05440378423944951,0.0,0.0,0.0,0.0,0.0,0.0
0.0,0.0,0.06033303059696097,0.341026347827956,0.28730802229206076,0.0,0.345489017025527,0.08805797779810506,0.015044762341956347,0.0,0.0,0.0,0.03578298677980943,0.4778504640538961,0.006910897624824988,0.2117851978098656,0.03509340252808994,0.0,0.0,0.049064010417990675,0.0,0.0,0.09306199246316404,0.0,0.0,0.0,0.09312659021374467,0.011489212669272683,0.0,0.0,0.2852150081545996,0.4119892625765891,0.26671782364290125,0.452302777872869,0.0,0.5433570170695012,0.05714843146621093,0.19465943190597948,0.14221236389456263,0.2505764245401968,0.43374241694663684,0.2947553730902507,0.4453323616501324,0.34399660975740476,0.31352955397473903,0.0,0.09240273755817782,0.08825872903863373,0.43702480419789885,0.11069319147026903,0.026412349868533407,0.18760438903695936,0.13148368254404857,0.11023201876688675,0.0,0.0,0.0,0.337068499275608,0.37497978727340975,0.021844639977370676,0.0,0.0,0.0,0.0,0.0,0.0,0.0,0.03811748206499643,0.0,0.0,0.0,0.13286292517868747,0.2245918681289904,0.0,0.0,0.2603926176925791
0.36303888347410673,0.0,0.0,0.5615247937228178,0.5680911005662632,0.04635070660634289,0.6795233137839518,0.1618957804535001,0.23468572936616316,0.06283620257572786,0.19133435910523414,0.0,0.3837933215502771,0.8268475788610716,0.1292320052878219,0.47361048768580827,0.21084197193687054,0.03421925973875246,0.11726406288386479,0.0,0.0288049722691375,0.08887929202989328,0.014238344558271282,0.06843577173518035,0.0,0.0,0.0,0.20463499464794227,0.0,0.0,0.5176748647933779,0.5226115659514856,0.2790894897276469,0.45995289563439473,0.5433570170695012,0.0,0.11395083241130666,0.14063733271151665,0.11784864713487019,0.31310553273019953,0.27382349889908314,0.0,0.636871064269914,0.33994134549312494,0.2282460570065,0.30157767530648244,0.24075548214785183,0.30485967702586025,0.6306051467769845,0.3146410555470381,0.0,0.5189984939834771,0.18066463616910503,0.2413382823846262,0.0,0.23635974571260512,0.0,0.7062454968926992,0.5096538481466324,0.23100832253592607,0.0,0.0,0.03719643530107407,0.2121327483336843,0.07226197263795887,0.10441573342196356,0.1760853989270277,0.1387930679602453,0.0,0.0,0.0,0.05834086501094565,0.49682205015242165,0.0,0.16319292516994924,0.0623130524013344
