0.0,0.0,0.40850088212811847,0.17966597680411622,0.2649683294333582,0.0824962004747296,0.21497667944079987,0.021671951546883065,0.3178700160408756,0.4880025605687356,0.5156113919623599,0.011825726772936087,0.236282838701897,0.19935903212747969,0.4838431448292253,0.5447732501695239,0.20035276422367415,0.44893494034286574,0.3298006270374255,0.5772032383434683,0.4297627228412541,0.5574197753680754,0.35418590766466856,0.34725820261354173,0.5671839232509045,0.21778055344566918,0.5958015339412733,0.2864979574029973,0.5352233668305295,0.34654057560656676,0.5055450908587895,0.1531384314554804,0.17959289339891826,0.1744560776068113,0.06570040524647765,0.055308096507943376,0.0,0.31328417984756884,0.17848262777221036,0.2815678336731728,0.0,0.20045726186214394,0.02532345144784874,0.0,0.10034505818802572,0.7669766520849315,0.2084417108955549,0.39206631923701557,0.2333310668381884,0.20566724895899305,0.29459579479416315,0.35652269386475527,0.1220509078357323,0.4102157706289466,0.507005811009444,0.2913091899294177,0.0,0.39988540930441047,0.2656449839067162,0.35863976882370413,0.43886411505470874,0.36766874632066165,0.3962869896936824,0.3754727266707159,0.4160290244191257,0.38387448744143643,0.38932279257480507,0.3925731903498367,0.29037132063001897,0.6005669221685987,0.34566656651895195,0.47980216436314227,0.5319212371085188,0.6200046274884274,0.35042469719313324,0.4289702000364639
0.0,0.0,0.11601184990713362,0.18907996068744562,0.5489180366518149,0.6072454622996726,0.36654670237158704,0.43145887420489143,0.35415220335687,0.3880664167086357,0.3470613209106526,0.4117838957682999,0.6066970661648731,0.19507397980147453,0.3393963641518422,0.27113409827524293,0.5097148103749605,0.29040518673211546,0.10670208464437123,0.2681624683742568,0.4894748541095903,0.3993508518691684,0.3598426493190166,0.31663149756300096,0.5528976886184334,0.8196731663447602,0.2659525554095365,0.30470900812781526,0.29491931318527526,0.09215965332780361,0.10629849753354459,0.4299781967005178,0.07510163392881404,0.06431132933127066,0.0,0.038338101901658546,0.0,0.0,0.3129138125224424,0.28631139784418763,0.3317159426588626,0.18211056509477672,0.06865654403356852,0.0,0.050463313328343556,0.0,0.2170462477323888,0.4063390155230399,0.2928947040846624,0.3698624843789447,0.28027393578596443,0.12029180114502866,0.3204842544079491,0.3437906163653536,0.10874488490851868,0.385356829829116,0.2656717457457875,0.31426789820326173,0.1463184872873672,0.3103176919566292,0.23884014712909726,0.3197867911679274,0.23736274461495507,0.13914334643094675,0.3575104581304822,0.44102170090384196,0.5400049203195475,0.27483756201546844,0.19807850818703898,0.0,0.30128482848732735,0.3542322658845306,0.05631064327947472,0.05889628275614257,0.1975277900049494,0.2832033818409845
0.40850088212811847,0.11601184990713362,0.0,0.07413370851595277,0.29644437968925624,0.41830858108412355,0.05740018114251564,0.5262827601684105,0.5566359808425957,0.2998489221659069,0.6297074919494942,0.3486960551472606,0.37729621038965655,0.36378150618546023,0.5461235381435485,0.16813078579618018,0.18345000940592518,0.2594963689475796,0.7071994287627539,0.48156018685101354,0.3412610453446445,0.21399974440428612,0.7342588626482154,0.33915769774485177,0.3800244241174795,0.2933006840029585,0.6353980160216434,0.23182828247400922,0.33961077943643225,0.003396206127703669,0.0,0.0,0.0,0.0,0.0,0.13136659924805036,0.0,0.11465295579408614,0.129496482472883,0.1476150712999278,0.0,0.15489372773376256,0.2215016318535614,0.0,0.17802381148910418,0.3549287722608914,0.412500950386711,0.6939653137213859,0.22374458408516765,0.3317903261782164,0.5888028153688633,0.3695905462414728,0.49940304772488747,0.6557782125850308,0.2954807871688767,0.39326892151734116,0.3608627832320396,0.4511078734042268,0.4055160594039593,0.607902448469917,0.10246273511815494,0.2490365994005215,0.04522233036294127,0.6881599747261883,0.46927751601982487,0.2909758900660123,0.3739044037526218,0.5894099220824999,0.37682472681048634,0.408364089768249,0.43270159954647397,0.5815507407922048,0.3849470660281449,0.34264383933350423,0.25072668909948076,0.17120312592743117
0.17966597680411622,0.18907996068744562,0.07413370851595277,0.0,0.4884159962241191,0.15275085869654847,0.6132348476702028,0.17494782464774358,0.4704267095152729,0.5224588582362609,0.3160770071206924,0.39994538599556456,0.41161678459394513,0.4159783590227512,0.4315394577984765,0.09046207345315958,0.34367712841879133,0.32468856651286176,0.0,0.08196584834664254,0.26140627818780554,0.10154648108653769,0.1984477588822584,0.519319815561092,0.4852547030648312,0.3212878047599344,0.25606949102070725,0.2597456526460603,0.0,0.0,0.024427901442967914,0.45233470803484216,0.0,0.0,0.0,0.2716112424021572,0.07562813980796376,0.2878957451600681,0.4622948840087609,0.07861154937768353,0.07848873623914226,0.536674986163322,0.14033888462677632,0.0,0.04032243710573532,0.0,0.008570393883181851,0.4048735441763519,0.20359311011720957,0.5700780647194377,0.3313474252648912,0.5178206271881939,0.22560134045970523,0.4402660390334157,0.34453170276691775,0.5101553710137119,0.28591630317020594,0.37646091283198735,0.5515361741724736,0.34335166974444775,0.16733042690475042,0.4586633595321145,0.3568463502924116,0.20904869938243484,0.3284975845772273,0.3517398908717724,0.2928874156412567,0.2581939574707847,0.41708702145613097,0.272063577117734,0.1986091491948131,0.34148464777303417,0.5093474391681889,0.08274671903529038,0.04525539641166027,0.42227417190029665
0.2649683294333582,0.5489180366518149,0.29644437968925624,0.4884159962241191,0.0,0.5054719648798609,0.7739130757911094,0.2636969387850314,0.83527292134855,0.4926415379297519,0.772126448850317,0.34823465554700683,0.6402655302351548,0.48284809287539493,0.685479631252458,0.29488947307457863,0.23844077728936267,0.399333377127459,0.1793175685791882,0.5131585817383204,0.5672613265532865,0.40912665825719235,0.4109948428005011,0.4766836954412967,0.6034819633606748,0.5111738676758285,0.6649095615900827,0.47733112029835145,0.3622628320994039,0.028433512121956467,0.12703332874653642,0.531306767005303,0.0,0.0,0.0,0.0,0.0,0.22632914348663993,0.4669716963622939,0.2740793860049422,0.22526646353370683,0.4919626142778619,0.23228564424201328,0.06293927821165758,0.16466937132714524,0.0,0.09917016932099378,0.750777153909267,0.3439072461875558,0.7647047877268871,0.44379909585907684,0.4044484861104386,0.3289398156412978,0.7552953301328251,0.2936415947450261,0.8396154608854904,0.19486073392204156,0.4659361791186021,0.5444435632442391,0.5699429025495693,0.32827764415981886,0.3972693062099549,0.3471890149954977,0.41815338466285146,0.6493042791863516,0.5837138193396216,0.6359613722279461,0.46428309015444535,0.31722688550733724,0.3847578161743693,0.2878001555982659,0.7236596388880338,0.48146248595570335,0.3197483443591327,0.23121086885757547,0.5153527991674696
0.0824962004747296,0.6072454622996726,0.41830858108412355,0.15275085869654847,0.5054719648798609,0.0,0.32979937053836383,0.674892728042755,0.5446436167339203,0.24331534827743329,0.5597864089770636,0.6126722841025302,0.7247417301317748,0.34023410690697076,0.4861079009144148,0.15564998579285244,0.2176252100398967,0.27082466570051394,0.43246226462739223,0.43431669840067166,0.2858059944010139,0.1555452323826127,0.6711989980589691,0.40231452217154945,0.4095544098657858,0.5939383357587052,0.560205905998553,0.4236200273816126,0.442964142273091,0.0186338837456397,0.0,0.26091116414518417,0.0,0.0,0.0,0.24660951923506516,0.022716270217341128,0.055971127680206685,0.23447537680326927,0.0755314876829605,0.14598452920702124,0.23068299648907056,0.3795746201380797,0.06282209039404793,0.23867680473491512,0.012232994611519492,0.32859942864344127,0.6434536776968133,0.40326574626189593,0.3146099960812314,0.6288290855087558,0.1835333310091479,0.5639229614087067,0.5212462153706199,0.09412047826738526,0.4777241267970305,0.4393419685262681,0.37543873014973117,0.3143875443121092,0.4769907638524889,0.11020085801151219,0.24853632105841428,0.05349333663073754,0.5507165067386175,0.44414282220437146,0.2712109543459084,0.4195504590310904,0.5078675305818711,0.27613146206077543,0.22472577672701086,0.44085249063145543,0.53576274921228,0.184657267236966,0.18407871457763514,0.24191949692746093,0.23416958985605849
0.21497667944079987,0.36654670237158704,0.05740018114251564,0.6132348476702028,0.7739130757911094,0.32979937053836383,0.0,0.0,0.646336679129008,0.6059081853611002,0.513757748631559,0.20295359523929973,0.482084124516459,0.32755765219729543,0.46184036653924043,0.35462135811607437,0.22221107890617106,0.4930244114021201,0.0,0.3294654731773851,0.3316503070288278,0.3615066011648881,0.13052633702150288,0.4506659975994488,0.6251407600321989,0.26689475836661564,0.5151504759573878,0.4690404715792209,0.29887817862241906,0.0006705438583392239,0.20527137856244712,0.6460363149481254,0.0,0.0,0.0,0.051463796519512536,0.0,0.1972132106520318,0.5839919296130454,0.23104124622965544,0.17411988805498602,0.5459932322748856,0.09414217757700505,0.009592819130009598,0.04178023605727255,0.0,0.027572629080265674,0.44671843483884316,0.2926665412310028,0.6806746075600179,0.33520401873870426,0.6435701344915526,0.08909685749897311,0.5538944144534841,0.42945283044101873,0.6667382511560183,0.15942770579205973,0.4937325523423513,0.4900674615007138,0.40175732449084023,0.37411972629765927,0.515692221318066,0.4832275958590344,0.18106829106624886,0.4412313738725227,0.4935328866024656,0.4485780203086671,0.2763698167998802,0.3255514314950512,0.4666061184736884,0.17977112259815892,0.5763919809407253,0.5947188393210758,0.35834213985777985,0.12145962357621688,0.4768406502570573
0.021671951546883065,0.43145887420489143,0.5262827601684105,0.17494782464774358,0.2636969387850314,0.674892728042755,0.0,0.0,0.3639395127551648,0.18351731730677961,0.3604063419378322,0.724578368162162,0.5806916736054367,0.3712309337237147,0.3472863691276677,0.0,0.3204205384759108,0.04880180362124168,0.3798580734683904,0.1456635073147019,0.3206709138353735,0.007675426239770213,0.7605642021373018,0.5274084284550533,0.238135950686918,0.6157089324104896,0.20813772313318712,0.2090814779318466,0.0,0.0,0.0,0.0,0.01145388202589953,0.0,0.0,0.2999863437726179,0.0,0.11246672890733998,0.06559799887172674,0.06442540856071087,0.0,0.0662564017709321,0.1713502192359496,0.0,0.1766880974938064,0.0,0.4303128012272198,0.5494401151283631,0.2554704199435297,0.2863884511353431,0.6522971767831046,0.20425551214042018,0.8115284321619994,0.41885128234930025,0.1025554690484681,0.32642203005162557,0.6781937081003244,0.3046852731032316,0.3485735776369323,0.37638350518893754,0.0,0.23416126127175768,0.0,0.4424842355357009,0.24397311563502594,0.17261672985497892,0.2485575563690822,0.5375388278727026,0.46945533603614303,0.058648821632851296,0.4969331109525553,0.2631963763772161,0.04598369476000757,0.0,0.07592859362326876,0.0
0.3178700160408756,0.35415220335687,0.5566359808425957,0.4704267095152729,0.83527292134855,0.5446436167339203,0.646336679129008,0.3639395127551648,0.0,0.5050505805800836,0.861978838230318,0.44871408754526504,0.6468324677198575,0.5081455250500384,0.7860316613627214,0.1654882813706454,0.18542005029936529,0.36382584567795356,0.43184384818797455,0.5470152160719817,0.47700190838116713,0.2882902672030843,0.5416535882205878,0.5683000385076926,0.5936519082864904,0.49661133100435306,0.7798028580902159,0.4297756561520584,0.30587076201531554,0.0,0.01526305437018316,0.3469671948874385,0.0,0.0,0.0,0.1457964035598288,0.0,0.28846953544046966,0.3890287997806902,0.17879518711453155,0.051106451200003636,0.4273840920867631,0.2593366047682574,0.0,0.22267685388946953,0.06056684412210443,0.1536157316971399,0.8994352954075717,0.31599587965924913,0.6804414481669055,0.5723683853551553,0.49976653979626406,0.42708409759693666,0.9328645024309835,0.3468349454332295,0.8418066120276999,0.26685846997049256,0.5096680681924961,0.5880748306995467,0.7174845905988536,0.23799083552029682,0.3470455511357765,0.24294760958200598,0.6121304184924155,0.7086166302081532,0.522535749499769,0.5633845414225688,0.5399685026219166,0.38514146288395557,0.4689072719301242,0.3172597405537599,0.8124572101544574,0.5630497153506842,0.32155620189310524,0.19905528718283869,0.4439173904510628
0.4880025605687356,0.3880664167086357,0.2998489221659069,0.5224588582362609,0.4926415379297519,0.24331534827743329,0.6059081853611002,0.18351731730677961,0.5050505805800836,0.0,0.4392792320195606,0.3979702199740257,0.4778747507832014,0.2906256637256899,0.5595771627757103,0.587958733275771,0.6796770937447296,0.7250100598685395,0.1287041911584587,0.4724950389484849,0.5021928246863336,0.5823691353073296,0.295611655309796,0.6731874555340045,0.8616090137360476,0.46784637151148484,0.5349137227582551,0.4141068894751084,0.3792596339691656,0.22523972870344364,0.3954602983723132,0.5140342929483798,0.054426719905007546,0.14780929679532098,0.07892005643998594,0.15856542855880548,0.0,0.2986711011682249,0.43937731348760406,0.3466057271569494,0.07075302954257463,0.4324099819130689,0.0,0.0,0.022842231001216698,0.22701929832033949,0.12397405340023188,0.4211400071397951,0.3313156719459139,0.49196212775533477,0.35265144864757747,0.6353783012927188,0.13014036007216057,0.5785998649856271,0.7590980551806794,0.4820440943891109,0.3472365690060235,0.5839710943002273,0.4852524524829201,0.5003938522940636,0.5141214795158026,0.7181401580107091,0.5904242758086712,0.281365671826286,0.4839545535208894,0.5106489817390948,0.5456464067048206,0.3032486778445071,0.4990627277106174,0.5187994391460768,0.2674527439056855,0.5047284013935565,0.6603411347182975,0.3974386738292067,0.3901111339999072,0.5597481302737951
0.5156113919623599,0.3470613209106526,0.6297074919494942,0.3160770071206924,0.772126448850317,0.5597864089770636,0.513757748631559,0.3604063419378322,0.861978838230318,0.4392792320195606,0.0,0.3753103240020614,0.6597933466148193,0.4729528677928744,0.807497260254019,0.36469681167054496,0.17550142911003455,0.4391262053933167,0.4952567892243048,0.7039971689895048,0.5226045767106935,0.43698166052985205,0.6465157059367937,0.489703049854431,0.603543007895214,0.4466438326800299,0.8537855498222884,0.5397576607540964,0.5106566208952349,0.1525501689728761,0.10118766703352476,0.30454760545211224,0.0,0.0,0.0,0.04541423354444835,0.0,0.2777452319553859,0.3813263115328816,0.3186187001740386,0.10588099826679526,0.36026477730174766,0.2822400091718216,0.11286202497891089,0.22325102809828923,0.3158828574493928,0.2836476025161604,0.8644582206685463,0.2786411059713296,0.6350912694723944,0.631385844918111,0.46880328598885346,0.475647985609483,0.8820029503239116,0.3939464563533043,0.8228431532099023,0.22454801548591247,0.6039347176224353,0.5874372804315695,0.7492490730296898,0.32834359484975534,0.4144630390343827,0.3278745826913996,0.6689510694455573,0.7112596186299865,0.5501928388099198,0.6006211959725798,0.6531715280008034,0.4042022507919589,0.5719368807295739,0.462774448237708,0.8337848583744664,0.5973798306250879,0.5280782265665732,0.28701834457940006,0.45792037046960055
0.011825726772936087,0.4117838957682999,0.3486960551472606,0.39994538599556456,0.34823465554700683,0.6126722841025302,0.20295359523929973,0.724578368162162,0.44871408754526504,0.3979702199740257,0.3753103240020614,0.0,0.7199207918051835,0.38314726157571855,0.4302127691827423,0.0,0.5732710410623045,0.3344805065094485,0.2905826636637273,0.18969405360558528,0.12582542065114863,0.026209188202786247,0.4528945516973598,0.7344113657779459,0.35560313427395984,0.624211477483767,0.1982624729768383,0.3212099730145288,0.0,0.0,0.0,0.2093994063442452,0.0025480842153776033,0.0,0.0,0.39121704354566106,0.07017130114123195,0.205286356735298,0.24965994853872467,0.06153091986207849,0.0,0.29449162291402525,0.2832232694975086,0.0,0.07008627802920102,0.0,0.2505128748885191,0.4757664282242486,0.3299859943747511,0.389824136381457,0.566295572784709,0.37227657271573433,0.5314615914298275,0.47977292835246427,0.2440437594900646,0.4185958115600602,0.8353656525923416,0.4649808914896649,0.4791235657602154,0.4298008133687555,0.0,0.43886007623981427,0.14536605395687208,0.41114366058521773,0.37396977249029123,0.08615088551754915,0.3206259938477193,0.2852159104406981,0.5208319090216416,0.10197026519914343,0.4403843996569031,0.27507611966952955,0.35862328840362484,0.0,0.14736985893672583,0.1622065157893696
0.236282838701897,0.6066970661648731,0.37729621038965655,0.41161678459394513,0.6402655302351548,0.7247417301317748,0.482084124516459,0.5806916736054367,0.6468324677198575,0.4778747507832014,0.6597933466148193,0.7199207918051835,0.0,0.3400764097545559,0.5569644035779626,0.2773936308682976,0.5557388823028484,0.4796668605431476,0.427759015103707,0.5224941826107863,0.41369225239218943,0.3404391634472483,0.5048559585802532,0.5860302687500948,0.5545110068000486,0.7287341667551528,0.5020292290434991,0.711084509278414,0.3285323306665966,0.1779266419954123,0.10388334128503557,0.36272300318379275,0.01539214764829376,0.0,0.0,0.30517198845595916,0.0,0.2417264890019218,0.3436502407740944,0.22680929345992676,0.09082808162792186,0.33639322393065296,0.20285335630971799,0.0,0.15194133717715122,0.08741122903682277,0.26312221901465255,0.6483661014542424,0.41219467747250543,0.5500296048253371,0.5983910839195745,0.4126012161714515,0.5494656413733612,0.6567293795449282,0.3310518532774647,0.5762929663229548,0.5584484241740713,0.6494204015896948,0.48652158401713075,0.542570174788959,0.17215705096842723,0.549940301754803,0.3621387597758751,0.46693268841278823,0.5224615053185916,0.37091807468757243,0.4746338347437353,0.4080448535778824,0.4398810177805477,0.3211595935206026,0.4820982223169485,0.5310098026759866,0.47964697842950116,0.20568704246848626,0.22728928035223597,0.27037811282486696
0.19935903212747969,0.19507397980147453,0.36378150618546023,0.4159783590227512,0.48284809287539493,0.34023410690697076,0.32755765219729543,0.3712309337237147,0.5081455250500384,0.2906256637256899,0.4729528677928744,0.38314726157571855,0.3400764097545559,0.0,0.5542434953239693,0.10378037355713855,0.08825590008088093,0.18027919835981873,0.18572060539218552,0.3370721433835454,0.3553091881141029,0.18597641816746482,0.4629473708486908,0.4640438601620052,0.2810789954053452,0.3011863121305168,0.4059287617605428,0.2050743037445362,0.08586009530043105,0.012465926536828546,0.0,0.2584313293120184,0.031060776451934887,0.018706598377729693,0.0,0.23935009395017917,0.0,0.30861471995275713,0.21902701362992802,0.20220423247366123,0.01157090397844235,0.2795895966380689,0.2536834453735326,0.1877319498085366,0.13642942855373963,0.06815378558579743,0.11787869613679329,0.4733754452883728,0.1062608058541508,0.4592588512550526,0.40802102254275585,0.27183717019239123,0.3486880425851742,0.4673797776429195,0.2901679190026582,0.5035532008589895,0.333571091106237,0.17786550282252345,0.566219826997491,0.48989515600741573,0.022772284775695564,0.21004464741073328,0.055919406573978696,0.3233398315295,0.4210422171526295,0.2706496250483373,0.2997237976790055,0.36690186320747586,0.3555303476076039,0.2310690839908436,0.24334230759074857,0.46872063673411185,0.30978845387108483,0.061719131651229,0.05646765061165721,0.23003719875261736
0.4838431448292253,0.3393963641518422,0.5461235381435485,0.4315394577984765,0.685479631252458,0.4861079009144148,0.46184036653924043,0.3472863691276677,0.7860316613627214,0.5595771627757103,0.807497260254019,0.4302127691827423,0.5569644035779626,0.5542434953239693,0.0,0.34368735823250024,0.28388608545111393,0.5081235000343778,0.4450660572181173,0.6562936611462931,0.5885038407933861,0.4970466129301509,0.5532373474349429,0.567533444399138,0.654769713712253,0.464735630440215,0.8238318736518477,0.4293788304169124,0.4168286048166185,0.09588691602468838,0.19647780268680984,0.36098989015298827,0.0,0.0,0.0,0.16781797191899,0.0,0.3700216463498729,0.409827154060984,0.2201955349216197,0.09716078819580402,0.38697338063117304,0.319185371505705,0.005647725115499341,0.2517238176756212,0.2576467362959977,0.16388425703700157,0.7368989052734988,0.3210888346356073,0.57568153674381,0.5662416506868176,0.43880196196662435,0.3814383288565288,0.7946176191283363,0.407623647867692,0.7350467619789498,0.2603371101810678,0.500701916734114,0.6213172853536766,0.8902411595171275,0.3508906657031382,0.39445300047747905,0.33438650791070545,0.6025854065271924,0.8635544936075171,0.5845574013474588,0.7360858410000931,0.5527698906420858,0.35458251511171096,0.48601349749620276,0.32938746329744195,0.8660952224232462,0.6416056754192365,0.42679548453856003,0.49427692716775795,0.5528843878607559
0.5447732501695239,0.27113409827524293,0.16813078579618018,0.09046207345315958,0.29488947307457863,0.15564998579285244,0.35462135811607437,0.0,0.1654882813706454,0.587958733275771,0.36469681167054496,0.0,0.2773936308682976,0.10378037355713855,0.34368735823250024,0.0,0.3978443105928777,0.7672797222637667,0.20041743427848527,0.6322778243036405,0.4024313387083081,0.7448423831092837,0.06119983513157995,0.18851015663204404,0.5184322965535393,0.16526488142149962,0.4705627678621622,0.47943369269844394,0.6690021312104927,0.5085126237151573,0.7265195393127741,0.3817786394351133,0.3207495362243775,0.3259917092347002,0.08815504853196189,0.01485768414771578,0.0,0.1896829023528789,0.18024278867207918,0.3545219926048452,0.017524052037358087,0.1122755183518157,0.0,0.026450394482895576,0.0,0.44634697231121045,0.040475536091453955,0.15560524338163337,0.2011323199072028,0.23689995672462996,0.08170818374532723,0.31373211754436553,0.0,0.32999604150958656,0.4907753072279722,0.15059651841479882,0.0,0.37797405901739134,0.1495409560604955,0.2645381504910352,0.5433470183858706,0.4446379723640849,0.532415565163972,0.13924820674852492,0.26643986411599463,0.3311668483244449,0.3718800462871571,0.08880007896178274,0.08972140981907266,0.3919247858782723,0.06184373610282115,0.32907280274821943,0.4845404375072435,0.5078420116085713,0.41158764092443617,0.37577080341416713
0.20035276422367415,0.5097148103749605,0.18345000940592518,0.34367712841879133,0.23844077728936267,0.2176252100398967,0.22221107890617106,0.3204205384759108,0.18542005029936529,0.6796770937447296,0.17550142911003455,0.5732710410623045,0.5557388823028484,0.08825590008088093,0.28388608545111393,0.3978443105928777,0.0,0.6755699886129543,0.1433261981688535,0.2272058299503764,0.2824179116362122,0.4091688311028664,0.16963949316287794,0.5170874470108048,0.538757172904796,0.5754388694950602,0.14235705426364012,0.2848520733622795,0.07851881462408293,0.14637719532743415,0.22837010354145937,0.2840298696059558,0.1826787839705822,0.20841087636474198,0.05745068391973736,0.1563996104584443,0.0,0.13861526601240542,0.19568908198526333,0.23582825402808505,0.09987993133890768,0.12436383506437237,0.0,0.0,0.0,0.07820043578615063,0.1512378524415162,0.16221413675512664,0.22328439945332448,0.3013901045067502,0.2226627636480669,0.38649211731657224,0.17938080283444224,0.33978003138286483,0.42762008660026246,0.16237915542317735,0.5129043585472682,0.5010238129726577,0.231163109407213,0.27192990062984573,0.24965478777769495,0.6244605338267885,0.5040985490354184,0.09301132432001016,0.22138686248405248,0.1938974268078483,0.3623600407781895,0.1037155142130719,0.40891893749192704,0.11877360464233519,0.26604926216045804,0.15560221397934287,0.3764706046802746,0.034172173095958984,0.23814012498825674,0.23608395807282814
0.44893494034286574,0.29040518673211546,0.2594963689475796,0.32468856651286176,0.399333377127459,0.27082466570051394,0.4930244114021201,0.04880180362124168,0.36382584567795356,0.7250100598685395,0.4391262053933167,0.3344805065094485,0.4796668605431476,0.18027919835981873,0.5081235000343778,0.7672797222637667,0.6755699886129543,0.0,0.1988546691636384,0.5091467102584902,0.26816527978933113,0.5540852082266422,0.15873927671229748,0.46902820976896836,0.660877357150243,0.34201572183483364,0.5112161878033534,0.4378943758250722,0.43206899621205463,0.28297522102189004,0.42233779145981964,0.35152192638407076,0.11866734384552169,0.22177596509105693,0.0,0.07166100955356954,0.0,0.2665552407503203,0.2721841237048119,0.26244757910184335,0.062147966466983555,0.24790676823611615,0.02156588957484134,0.0,0.005549112860576955,0.3072472680991569,0.09168853093688505,0.31328260104356176,0.22868817028140762,0.38339186050324,0.3116475865703752,0.5391250703809725,0.04271959915284838,0.5207672598985633,0.5241165229431234,0.37164172559063985,0.3044427509738721,0.5635775823438662,0.38411200328347256,0.4586394773328234,0.3969738564817505,0.5550200723003815,0.6085009838443795,0.3010407322166379,0.395893527227016,0.2659893892411991,0.4327620644650638,0.21828409103002355,0.30662208420017223,0.3876539771768387,0.19774993657303808,0.4360548269818029,0.659251335335401,0.3876451062554865,0.38157909272732593,0.38797851663950794
0.3298006270374255,0.10670208464437123,0.7071994287627539,0.0,0.1793175685791882,0.43246226462739223,0.0,0.3798580734683904,0.43184384818797455,0.1287041911584587,0.4952567892243048,0.2905826636637273,0.427759015103707,0.18572060539218552,0.4450660572181173,0.20041743427848527,0.1433261981688535,0.1988546691636384,0.0,0.49613988287233846,0.21982243908827082,0.20040481052763792,0.531775599383532,0.21073976718611126,0.19623363955880385,0.23469058468449747,0.5188997045446059,0.38897362437027516,0.3555902377610043,0.14140108997370793,0.0,0.0,0.07782973292787528,0.0,0.0,0.1456254647529246,0.06595622998394612,0.17995104747470975,0.0,0.02791212887971133,0.0,0.06287274773791862,0.17733310172640782,0.04775786464977922,0.2310883338355532,0.33444689912702086,0.2715613849836745,0.5344327931288532,0.23330525803494218,0.17400012767329523,0.4384974634337317,0.171504443461425,0.4106134607964913,0.4626880631332416,0.17791704036431352,0.2014122736121137,0.2645897253392211,0.32639888974439846,0.1857841675685429,0.4878875140114686,0.09044454292657322,0.17007700295152736,0.020681210811507037,0.6035826364385204,0.3852547029701926,0.16770925348194712,0.26301731227768615,0.3838064478125437,0.18375719532418916,0.2863606034411662,0.26463675769860756,0.4356758441503908,0.26813529356375126,0.2978512161690711,0.21625708504265112,0.07162648914197414
0.5772032383434683,0.2681624683742568,0.48156018685101354,0.08196584834664254,0.5131585817383204,0.43431669840067166,0.3294654731773851,0.1456635073147019,0.5470152160719817,0.4724950389484849,0.7039971689895048,0.18969405360558528,0.5224941826107863,0.3370721433835454,0.6562936611462931,0.6322778243036405,0.2272058299503764,0.5091467102584902,0.49613988287233846,0.0,0.4736670618093253,0.7069796968302409,0.3890116267537001,0.32034817312593006,0.47837477399956974,0.26839750936064183,0.8087015523131936,0.5987216128571193,0.7558049111348885,0.5569381318633035,0.5244034443752312,0.28875327319870264,0.13142377680326883,0.1555766393243436,0.0,0.08285727795954465,0.0,0.2691392153185742,0.1704985702991031,0.26298801047194753,0.0,0.1635153389052211,0.04179393191849668,0.011945913141550423,0.18333655977920107,0.443541760507088,0.08737403745692739,0.537566721344154,0.2523390598444941,0.3239228480218148,0.3198294542560678,0.27271992878647333,0.20943328439957204,0.6111575680557274,0.42446006090100513,0.373191438615349,0.09253400521382081,0.41574729633104507,0.31211376077143566,0.5951523635522902,0.3204091720350098,0.3367495016351682,0.27240293922896086,0.5021897973124914,0.6209612367177259,0.41638979457392006,0.49355316352268913,0.38173528298401554,0.18296635532784283,0.48643448716670784,0.23393854327914815,0.671574317795671,0.5358364396157831,0.5179908640475206,0.4395478242524868,0.3061982030200331
0.4297627228412541,0.4894748541095903,0.3412610453446445,0.26140627818780554,0.5672613265532865,0.2858059944010139,0.3316503070288278,0.3206709138353735,0.47700190838116713,0.5021928246863336,0.5226045767106935,0.12582542065114863,0.41369225239218943,0.3553091881141029,0.5885038407933861,0.4024313387083081,0.2824179116362122,0.26816527978933113,0.21982243908827082,0.4736670618093253,0.0,0.6254469368545019,0.48938381619638394,0.3356681158945236,0.6107988057069411,0.5080245783310631,0.5515873335409421,0.336182851179231,0.4752180748531467,0.3301008060353513,0.4021084682969762,0.40041313023012587,0.23290788145865676,0.21421431437508304,0.0,0.0,0.0,0.20266340289140902,0.4062023516754393,0.4496602050712351,0.2352932581709224,0.26616649854445545,0.09615047471121078,0.0,0.27451261413876027,0.23873305798703118,0.2499223869556666,0.5022196269996246,0.283435263286123,0.48359097649274857,0.2968134780509868,0.28656860422283736,0.28555960812325354,0.49595765037129813,0.45177362586486763,0.4730269830393331,0.10460748383575275,0.41604003011657475,0.26962291621988516,0.5118760067889933,0.418720447134243,0.45107167534719733,0.3358405194253524,0.25838857270895815,0.45100686910440774,0.8232896864517717,0.602203671401577,0.4460702581251089,0.32917238738044835,0.41816033073318054,0.34112939002913956,0.5365747610937059,0.3074986907301797,0.40527589460890673,0.3368827968256497,0.44131525434966484
0.5574197753680754,0.3993508518691684,0.21399974440428612,0.10154648108653769,0.40912665825719235,0.1555452323826127,0.3615066011648881,0.007675426239770213,0.2882902672030843,0.5823691353073296,0.43698166052985205,0.026209188202786247,0.3404391634472483,0.18597641816746482,0.4970466129301509,0.7448423831092837,0.4091688311028664,0.5540852082266422,0.20040481052763792,0.7069796968302409,0.6254469368545019,0.0,0.1647776629202525,0.2643820892192313,0.5433897759762881,0.3304663228562513,0.49918198801027835,0.4065385837009062,0.5993934290419822,0.5979976063039014,0.698607485271326,0.38267957380347895,0.33818976385112326,0.3571958205356112,0.012355816473456146,0.0,0.0,0.2173007939148765,0.270098447597968,0.4699539974554474,0.14116427176032126,0.14664350822175984,0.0,0.0,0.028760343239930777,0.4388828520143352,0.011961475430565739,0.2500541272314906,0.25100250629307974,0.35743198671038034,0.1019224146553294,0.31585155240548285,0.01044644848365957,0.39836773957118465,0.44064375671192285,0.24173059689299087,0.027653846847047307,0.39912003418099035,0.19626220907140154,0.40885504582782684,0.46942114621494635,0.39957095726451486,0.41333871552850004,0.14934110547982996,0.4343252313146171,0.5056604015206744,0.6059539875210626,0.2228476045191545,0.16554061912972706,0.31333455945711375,0.17105499882845332,0.46018815845831756,0.440377213530528,0.4037186891176145,0.4395672766962722,0.37300339066677535
0.35418590766466856,0.3598426493190166,0.7342588626482154,0.1984477588822584,0.4109948428005011,0.6711989980589691,0.13052633702150288,0.7605642021373018,0.5416535882205878,0.295611655309796,0.6465157059367937,0.4528945516973598,0.5048559585802532,0.4629473708486908,0.5532373474349429,0.06119983513157995,0.16963949316287794,0.15873927671229748,0.531775599383532,0.3890116267537001,0.48938381619638394,0.1647776629202525,0.0,0.42554824754378806,0.4950416184575611,0.5607127455930025,0.6205986021326563,0.23998765295275437,0.30080266121530524,0.0,0.0,0.1588543966345955,0.0,0.0,0.0,0.2043156187207565,0.0,0.18668578958043316,0.25060581789611225,0.11718032120608167,0.09232893500838377,0.2553100809808619,0.3169817041725338,0.025511566885023925,0.21745447305983692,0.298403094528972,0.5285233910667463,0.7423946004386528,0.265292732788332,0.3816372878866759,0.7884268213791528,0.2861060381311217,0.7734571317096033,0.5632720041131168,0.28383581913908007,0.5003499566675137,0.3940741106639979,0.3945088710825382,0.47547621120227246,0.541802387391152,0.13647146126072704,0.3301733795710301,0.05550711475328263,0.6635148770486308,0.4469592680011938,0.42042700804175637,0.3993300260139859,0.8472414493260004,0.48300493027078256,0.44646570145766584,0.6076317934003959,0.5807012935445586,0.21293449998825686,0.27060278012855077,0.18989048107302256,0.2973682037908156
0.34725820261354173,0.31663149756300096,0.33915769774485177,0.519319815561092,0.4766836954412967,0.40231452217154945,0.4506659975994488,0.5274084284550533,0.5683000385076926,0.6731874555340045,0.489703049854431,0.7344113657779459,0.5860302687500948,0.4640438601620052,0.567533444399138,0.18851015663204404,0.5170874470108048,0.46902820976896836,0.21073976718611126,0.32034817312593006,0.3356681158945236,0.2643820892192313,0.42554824754378806,0.0,0.6324365629962764,0.6182968344803563,0.35574907172473247,0.2792544499264714,0.01656163343018012,0.03439998290058217,0.12618155430595768,0.34968135722419086,0.04754591272375693,0.048021909157671266,0.0,0.32241940475151154,0.0,0.3509597452137141,0.3986622584973735,0.26943863592666567,0.0,0.38889218261792236,0.15157080770724907,0.0,0.15739470298356287,0.11436735889658384,0.2086409998871229,0.5112539937195216,0.38734346629611927,0.5280619365521376,0.5687543174598512,0.6134405380497726,0.43864151091356895,0.5747425759720931,0.5307573626308804,0.5521786725488685,0.6677528213323496,0.5354352019623279,0.5700839155408653,0.5139788325881158,0.14728730659865916,0.552975244449204,0.29070981127766615,0.3059576042884174,0.4934932451149831,0.3454692821157155,0.447254362111277,0.3818244718883983,0.7340925218262774,0.3789101670906903,0.44561286541308326,0.46673516501711276,0.5455081004333647,0.0890536689004483,0.16122889162154289,0.3298596655235029
0.5671839232509045,0.5528976886184334,0.3800244241174795,0.4852547030648312,0.6034819633606748,0.4095544098657858,0.6251407600321989,0.238135950686918,0.5936519082864904,0.8616090137360476,0.603543007895214,0.35560313427395984,0.5545110068000486,0.2810789954053452,0.654769713712253,0.5184322965535393,0.538757172904796,0.660877357150243,0.19623363955880385,0.47837477399956974,0.6107988057069411,0.5433897759762881,0.4950416184575611,0.6324365629962764,0.0,0.6515527547227966,0.6757924111616824,0.3661698541582753,0.45632550443758385,0.07796289761533716,0.25473509487905605,0.5274977375499141,0.0,0.0023308719698058532,0.0,0.0683595572870567,0.0,0.2717019835906387,0.5614147282090477,0.3223722682284704,0.24674690272934574,0.4657255913850869,0.0812089490334535,0.0,0.041555163999294736,0.26843586041124046,0.2734219167695123,0.5669975228644974,0.33173673900309103,0.5112513292167417,0.5260800730669211,0.5872691390540633,0.24807984554531767,0.6103552597438691,0.6730880376083,0.6068713882979209,0.2733114444538692,0.6216952143700668,0.438264973033936,0.5935165318910045,0.5921675357969346,0.6762873747517774,0.5959913791347211,0.4114573153657666,0.5721852480089769,0.668589138918309,0.6505363766684711,0.512116624465178,0.5301148486675964,0.655256834844816,0.4799684833593145,0.6680011648549918,0.5989715439864777,0.538208632717189,0.37288905013493295,0.6767198750927623
0.21778055344566918,0.8196731663447602,0.2933006840029585,0.3212878047599344,0.5111738676758285,0.5939383357587052,0.26689475836661564,0.6157089324104896,0.49661133100435306,0.46784637151148484,0.4466438326800299,0.624211477483767,0.7287341667551528,0.3011863121305168,0.464735630440215,0.16526488142149962,0.5754388694950602,0.34201572183483364,0.23469058468449747,0.26839750936064183,0.5080245783310631,0.3304663228562513,0.5607127455930025,0.6182968344803563,0.6515527547227966,0.0,0.3194683257783131,0.23519146111469577,0.146961261818559,0.00834284606230497,0.03885124191331501,0.3210318195432761,0.11013000425117478,0.02814365904450602,0.0,0.19041238838072508,0.0,0.13523560030951784,0.32464468809795816,0.3331155768553163,0.26076369854289677,0.2806654916128781,0.10280517690992705,0.0,0.1578810818805518,0.0,0.3169728570959301,0.5784842998805454,0.315894111974788,0.42155863361612694,0.4971268886712452,0.2257277262996406,0.4973251879498541,0.4735123164363811,0.1696911355330479,0.47218941377681356,0.43443797183158006,0.4297025305981598,0.3187315020904438,0.4409588222929159,0.18970871326975738,0.4104172783988959,0.2542045542470544,0.296776673240353,0.4700590818724713,0.42174867517236503,0.5673726740090624,0.435789793529812,0.45830620365701763,0.17523378651521443,0.5107256906828506,0.44541880057520433,0.1806571634769995,0.045019112537056684,0.16241908382564346,0.2946529844499617
0.5958015339412733,0.2659525554095365,0.6353980160216434,0.25606949102070725,0.6649095615900827,0.560205905998553,0.5151504759573878,0.20813772313318712,0.7798028580902159,0.5349137227582551,0.8537855498222884,0.1982624729768383,0.5020292290434991,0.4059287617605428,0.8238318736518477,0.4705627678621622,0.14235705426364012,0.5112161878033534,0.5188997045446059,0.8087015523131936,0.5515873335409421,0.49918198801027835,0.6205986021326563,0.35574907172473247,0.6757924111616824,0.3194683257783131,0.0,0.4931088459437469,0.7237166916980684,0.1469404207550137,0.21939839429319433,0.3346913319455557,0.0,0.0,0.0,0.05217804732730124,0.0,0.28996265178196234,0.29828741293076094,0.15002086949332946,0.044303818129137605,0.3547113395433946,0.22384596410047608,0.026424959112422142,0.2435640864239666,0.41106924650925025,0.22045175009229215,0.7747299684408113,0.29335434713947206,0.46742730255860293,0.5595103488335111,0.42668327048432714,0.2913707137100998,0.8025450178479964,0.4626664999758195,0.6509218088276174,0.07173162066120166,0.4655201698719323,0.4750351573777953,0.7325339905110846,0.45835052434201357,0.3815757248043216,0.355821591466696,0.680121928397592,0.7055734629122352,0.5924883655335147,0.5705050519231348,0.6328134664931376,0.2605956015368625,0.6647319983922824,0.33577036842658703,0.9056777399912376,0.5578267176793958,0.6689434217011719,0.3489190810393781,0.529669174866904
0.2864979574029973,0.30470900812781526,0.23182828247400922,0.2597456526460603,0.47733112029835145,0.4236200273816126,0.4690404715792209,0.2090814779318466,0.4297756561520584,0.4141068894751084,0.5397576607540964,0.3212099730145288,0.711084509278414,0.2050743037445362,0.4293788304169124,0.47943369269844394,0.2848520733622795,0.4378943758250722,0.38897362437027516,0.5987216128571193,0.336182851179231,0.4065385837009062,0.23998765295275437,0.2792544499264714,0.3661698541582753,0.23519146111469577,0.4931088459437469,0.0,0.4868523057056225,0.43519669778961867,0.3266971051711705,0.2994795096998707,0.033683549554581416,0.0,0.0,0.19998444833889792,0.010186643662509315,0.2022222342624046,0.18880814755132933,0.1518735776411398,0.0,0.22169163151430413,0.13259524587781693,0.11161720862749537,0.09930080232141537,0.2005674165163094,0.08361211306111035,0.4004619190802617,0.3635274652810677,0.4732512453451316,0.302263317013355,0.3599664199107743,0.21440962936829483,0.47317071967275476,0.3883215592495142,0.4063087292435149,0.2440652439185427,0.4724721421940547,0.3772172673477841,0.4036080767116855,0.2855222329904173,0.46795910975242366,0.37401102375222417,0.2983839360294598,0.39125935775004533,0.34552447835576705,0.33921441268834374,0.1992643039136127,0.24017393499361245,0.36497610387842055,0.17084334817309466,0.42633741057996966,0.5061156004750573,0.37120365842312075,0.3275969930815217,0.33083747709685035
0.5352233668305295,0.29491931318527526,0.33961077943643225,0.0,0.3622628320994039,0.442964142273091,0.29887817862241906,0.0,0.30587076201531554,0.3792596339691656,0.5106566208952349,0.0,0.3285323306665966,0.08586009530043105,0.4168286048166185,0.6690021312104927,0.07851881462408293,0.43206899621205463,0.3555902377610043,0.7558049111348885,0.4752180748531467,0.5993934290419822,0.30080266121530524,0.01656163343018012,0.45632550443758385,0.146961261818559,0.7237166916980684,0.4868523057056225,0.0,0.553443468093343,0.5303444644025324,0.19820440910249928,0.13862767564821782,0.14991590382731174,0.010910737059733815,0.0,0.0,0.061334454883920156,0.11012378749777212,0.2835601106502931,0.020342010227244283,0.015622710726370413,0.0,0.01546161540168102,0.1590993466120376,0.45595965553546197,0.17974804019946125,0.3538708043161422,0.18326386141194426,0.12698244591180624,0.21869313039593175,0.18538598037029974,0.05370765553174833,0.3639006698581416,0.4028869206311452,0.19543745517912506,0.0,0.3401183424954002,0.051135552908620444,0.37582969230407764,0.4909369261952058,0.2532712817382187,0.3370059376909139,0.32890307261260654,0.32951768705716183,0.4500731148779174,0.33541525667768857,0.31347367463225206,0.04235815472171204,0.531271807463106,0.19950499336685099,0.49249064249808305,0.3140902714830557,0.720197389790412,0.3488756752309119,0.23680564200749765
