0.0,0.14702582878432044,0.11806393121519171,0.048640837709571144,0.08212298218945362,0.08071404797022197,0.13551647232315922,0.20510460016522003,0.2931433844477093,0.21912661128095928,0.08848851580588336,0.23989660125681583,0.2889951786971144,0.0,0.03383958832306015,0.12623576545643933,0.2001046889079095,0.06477906995360312,0.12710990871792205,0.17528005552585094,0.32204158922056425,0.20124707116209298,0.0,0.2848229222413428,0.128904934942374,0.33152589253130177,0.0,0.3255480186118424,0.05548836187057538,0.22244049625261889,0.32942848815716114,0.1958844703415598,0.301935560916693,0.2453017933783466,0.03468401073864118,0.10900468100851755,0.18482783229895727,0.14066667461976537,0.11184775422448125,0.3153908350080805,0.08860044034531339,0.0,0.0,0.034022157209574515,0.0019176884083605956,0.36117625808740805,0.0,0.22549426238247164,0.04769697577493403,0.04545080317011629,0.0,0.0,0.1244413933355074,0.25115569777693797,0.1594992734279511,0.2625851135253223,0.1550903054257653,0.28630920688550193,0.0,0.19292829851090054,0.12338360870194347,0.09303917667366199,0.11420846990537259,0.33560828217709227,0.2983023863466798,0.31806784166367086,0.2105130778341807,0.0,0.2495320880439563,0.03298276405140187,0.3278320338851448,0.0,0.2659349783947791,0.13376003407834616,0.27134742247513705,0.18934852315141207
0.14702582878432044,0.0,0.2328881146243917,0.08613177365503608,0.1646320958454857,0.4496782282598326,0.27729098559032256,0.2157539590339822,0.17016873138283398,0.21630265059755252,0.19748399641960332,0.16394136096655382,0.342536785513125,0.0,0.1106621337566913,0.37123950029541736,0.17905684384857007,0.45183746871037106,0.23699515411713423,0.0,-0.04023177649514639,0.29556926880237855,0.22004567853057422,0.015413930748487613,0.41600895375717784,0.37415456202019154,0.05514843777858113,0.07216182545284724,0.04485205309915851,0.0,0.00847295933369132,0.27407789501081664,0.23422602552832203,0.11553938095151511,0.048088818072866815,0.02821853110450876,0.16389027074237708,0.0,0.11448152371434663,0.21305879907214217,0.10351841584157707,0.0,0.0,0.0,0.09065352812644521,-0.012186398528168404,0.06075635374883617,0.15057623962952954,0.0,0.21484884622093414,0.37618443627737697,0.2788197095453838,0.11145614390621184,0.23780943114956338,0.3028087079665254,0.2836737422988294,0.20403747647121337,0.3053853652043224,0.02397987127407561,-0.005372839703447556,0.2699169998130846,0.0693963273841282,0.11609671573637058,0.13480020410841434,0.09789791834969126,0.0,0.12282347895776544,0.2662922679148331,0.0,0.371230603499633,0.21115003702362886,0.2900459846034979,0.12579668097505928,0.26482961602161315,0.1788692203949108,0.05123554808198654
0.11806393121519171,0.2328881146243917,0.0,0.14895909113856587,0.2077197061525699,0.22593010936245786,0.048757944560493684,0.20516652407832794,0.13913157137770238,0.11626633837922355,0.39033619016485804,0.050751454117662124,0.11183567342193332,0.13564541405372701,0.36217078803678204,0.268102492136039,0.08953403238726468,0.29444430288198586,0.40737923908547374,0.1088601104198228,0.1133709877106252,0.2807372543087629,0.4415922263594922,0.015556981486530482,0.3232354222023194,0.2239216057659136,0.17551463341810739,0.13792486110571095,0.09061626398551383,0.07617449089442133,0.18333732596666721,0.30258735898256867,0.24327177341045916,0.12810198463636277,0.19504846067593956,0.0,0.00828222463126025,0.08096164240608675,0.2788061322742661,0.22597869325388267,0.19636531962449777,0.18213219274978762,0.0,0.0,0.0031249411627047555,0.05685689984485481,0.16663349722387613,0.22552818610477127,0.0,0.03625180684646076,0.2821679666382796,0.22475912473606183,0.17492555779546012,0.2801905502279589,0.14272418330487172,0.3063069285839269,0.0,0.23900249759768755,0.07411468252654843,0.27340573663835355,0.29461413655843366,0.02498661621895641,0.059226744578025646,0.3263297728797123,0.22957951081690509,0.087584953503031,0.3612481410659312,0.30664700753744545,0.10273748634758674,0.260379792487565,0.19259684947124317,0.2609734311946101,0.13292015036388058,0.25177316989765086,0.2452853459003435,0.3268927377862613
0.048640837709571144,0.08613177365503608,0.14895909113856587,0.0,0.4017014264411298,0.15233148325316392,0.2522956727892306,0.13191207825175094,0.014760147299710839,0.0,0.08135862723599463,0.08205737029351336,0.13612554367358845,0.1811058829147239,0.08109865006991591,0.15079680981938534,0.1957254100568615,0.1341922783364226,0.10835988241767419,0.12809362029087717,0.04010419778682446,0.16084010157457146,0.05816502683560514,0.05106317652274293,0.015528593331813478,0.08508688740558505,0.021721986817972244,0.06376281019213179,0.012939553114470074,0.01879887890463933,0.03128850418849,0.250704828675657,0.11367631719044165,0.10886633545183094,0.05101854598648509,0.1187589622819857,0.2285122459573234,0.0,0.28321460280931193,0.18108718401225268,0.17529086976735211,0.16469902876157377,0.0869414910355776,0.21849484041496933,0.14631452692254812,0.03650836877651617,0.034227329621445333,0.08678192653284152,0.0,0.006716119933436015,0.16738224942613156,0.10357848423011051,0.1295343756641122,0.10272517671106113,0.1167262246731959,0.10156707264103515,0.10382252899876332,0.10124856774158633,0.0,0.06930082935696713,0.10264135703216722,0.2684594613988786,0.21515089031926013,0.012358510906748407,0.12330121675057001,0.03354520145289459,0.1291555639069286,0.05902005101946942,0.15438329087956185,0.03885129148512028,0.10360049228731118,0.048124387799638145,0.0,0.034486325619886515,0.03326220553503181,0.20364986758909134
0.08212298218945362,0.1646320958454857,0.2077197061525699,0.4017014264411298,0.0,0.13735495532094075,0.3924825901943349,0.05992666441064567,0.06426726710184293,0.08922613219789188,0.30109495416585536,0.02286786621991918,0.09982309899046568,0.22996343248995635,0.20682710116444336,0.20089156337659214,0.09081057494537402,0.19530063844862916,0.07512359039212944,0.02018775103848111,0.01978220788835626,0.22439506036042917,0.17377789675701102,0.0,0.1948819850640283,0.057391102620624725,0.19912620317814214,0.0001757289235375657,0.10637990321250837,0.01012981418287809,0.14395101598827117,0.29960816322079814,0.20306260536148646,0.10147238694284344,0.1240703565421352,0.0,0.04418800865485692,0.0,0.24592704185763503,0.1763172258566948,0.18438797761578715,0.16851311541240946,0.0,0.052576220471227404,0.09472393248555903,-0.0012381421005387872,0.1392999634724009,0.044154434315221786,0.0,0.11565330346898975,0.18477728358865578,0.3788733402005849,0.03551202770717415,0.1469840363859092,0.22433229247695913,0.23392607376445992,0.017795224120377977,0.18397002880569882,-0.0028304519382981366,0.13650807145034666,0.26038215239250095,0.08921560688779553,0.07073311446437963,0.014747191375062196,0.09048177514942995,0.03786172747234587,0.1625382880352061,0.1560515019893575,0.0,0.23851517848035,0.07562767675024545,0.2698772028360754,0.0,0.22493381624205327,0.09864789734241637,0.22111544431044333
0.08071404797022197,0.4496782282598326,0.22593010936245786,0.15233148325316392,0.13735495532094075,0.0,0.1727614238086749,0.3865124371148001,0.18451492426117364,0.18949542750426135,0.08373685242477578,0.15098137359110614,0.3822832876215809,0.07496038060192863,0.2050794828833735,0.29165144419180844,0.2344866824513223,0.4080452837151046,0.14454115183536864,0.11924403803369008,0.11590123831718525,0.24110169170726473,0.4007720920905906,0.12260815161420889,0.23248685842746872,0.2528082840734607,0.14872472189201708,0.12858155868471402,0.20272567057410265,0.06665954008195482,0.0290097691199864,0.2386025420368178,0.1258645358290609,0.1114569086600172,0.0,0.09950584346215018,0.15290498066333374,0.001116643507196857,0.15404383131692304,0.159576359867275,0.003815470499236137,0.0,0.06169770200063245,0.06630318071010113,0.1080841926849975,0.04178600919789602,0.23278277585776663,0.30256116682485096,0.0,0.20591835463558994,0.4518351830357848,0.1432502666538927,0.34073053992394126,0.27522471480595795,0.26995211608738934,0.23731195893812662,0.27229610826457606,0.22392369553066865,0.016205282412239,0.08001298796205071,0.2247641530377554,0.23611802688588662,0.23031681843943325,0.1588181423143591,0.10137190836353228,0.0,0.16048253554951167,0.4122545189175664,0.10166424073257169,0.264361113574489,0.25303503777520975,0.1808202001670543,0.12833867678809513,0.13101443731580764,0.1652663024819785,0.030981296057072855
0.13551647232315922,0.27729098559032256,0.048757944560493684,0.2522956727892306,0.3924825901943349,0.1727614238086749,0.0,0.04506041125984745,0.08874956886355304,0.26003594847446493,0.15051301605753395,0.09300245911191334,0.26487200181078985,0.23664747296921054,0.0629377030639028,0.14965811722954028,0.1320799114698756,0.16366029005746793,0.015425585528815556,0.0,0.01917589790811815,0.17016734433124475,0.03474858532696482,0.0,0.17987400158332006,0.04136856348028259,0.15030575294902784,0.10048626764041696,0.11891403742774626,0.06281853507854511,0.11605514405571958,0.26584701112800857,0.19069997111174528,0.19129079999303977,0.14313213628703045,0.04607967593290626,0.1590299111338546,0.0,0.18078517749005948,0.11138513859576575,0.06151322623374114,-0.003440225670699868,0.04347879933642405,0.10925684908894534,0.07070097735419453,0.0,0.04453473888234146,0.03602897088888978,0.0,0.11010637818511491,0.10630347785473511,0.39750510898137714,0.031631382729334315,0.12031229797450425,0.3509624207031464,0.17563563420840717,0.08425241058640777,0.15727866700980697,0.08535768116560888,0.022123142770683578,0.21385715555020396,0.05598375148323558,0.09951162926140768,0.06423397603207688,-0.0041769795325911465,0.0,0.014149816450766942,0.07266463739166841,0.0,0.2525599011691183,0.0,0.25884280502122453,0.0,0.1967113596219548,0.048803137003119244,0.07131789171088669
0.20510460016522003,0.2157539590339822,0.20516652407832794,0.13191207825175094,0.05992666441064567,0.3865124371148001,0.04506041125984745,0.0,0.31171874051628334,0.2662934496158072,0.14712574107270926,0.44526514599278655,0.37031018090925416,-0.003098364755967436,0.1737321767899462,0.020914740247665375,0.25267027236192274,0.09968967310727879,0.09289220507136466,0.16422697554293936,0.23177639210010598,0.0,0.2763253420227539,0.48993661890967943,0.0,0.43343682662817296,0.0,0.2418478143322526,0.0,0.13719518872648515,0.10605503797287824,0.18024815730541893,0.2192051146481038,0.13932290505480802,0.0,0.13303350509682366,0.20508933779872945,0.13830424733532506,0.07924888924440791,0.21042653358644692,0.0,0.0,0.0,0.0,0.055053565499372174,0.08299149668938093,0.0,0.32781918595897985,0.0,0.0,0.1933902989317161,0.0,0.46118530097949534,0.3379062079618147,0.22731657833817126,0.3294028957995713,0.4105410958102034,0.25865470290365017,0.0,0.13860638009009307,0.0,0.22311494489031444,0.06626367768562662,0.24182707813147852,0.11534728255159732,0.15732862335733377,0.018096438983278177,0.24462707041827353,0.4032432000980691,0.0,0.41655868454916184,0.0,0.15734267439618155,0.0,0.20887667430120882,0.011087148759485677
0.2931433844477093,0.17016873138283398,0.13913157137770238,0.014760147299710839,0.06426726710184293,0.18451492426117364,0.08874956886355304,0.31171874051628334,0.0,0.3275726019377955,0.20788858704913268,0.4473001850800715,0.4448168456896107,0.0,0.14348726388629168,0.09824940958368474,0.27631773216647587,0.12260145342013065,0.2394274411578807,0.27431280435916816,0.27972564262665117,0.1547662162912262,0.01579214790342459,0.40493605041670644,0.019658381822732274,0.3729657628738653,0.0,0.47143983147058677,0.01495823312394781,0.26695942251251964,0.2593783383919911,0.17215193240138202,0.2675231961476894,0.23591694203061808,0.05474266878629018,0.19301458643527697,0.23600424106767878,0.10954639395694299,0.08863904079570928,0.32761512681121635,0.0,0.0,0.0,0.0,0.0,0.233379508994816,0.0,0.3656047396492011,0.11967346270044184,0.06353405596158938,0.04104701450646936,0.0,0.26860730222877455,0.5103104084409779,0.25315213897153216,0.4397874951544704,0.395500410926101,0.3905639641896478,0.029395424788579056,0.24829047445584748,0.029760418658194225,0.21892686604732567,0.20265320957235658,0.40691121757037346,0.3034480569559556,0.2194327060470794,0.2181506662170761,0.0176881533757675,0.34814333183979623,0.029404403242582585,0.4130287264658507,0.0,0.3773688916393904,0.047394145870691844,0.3365807134369878,0.06118621669098515
0.21912661128095928,0.21630265059755252,0.11626633837922355,0.0,0.08922613219789188,0.18949542750426135,0.26003594847446493,0.2662934496158072,0.3275726019377955,0.0,0.1514110178284016,0.4440553193413099,0.4023336828635203,0.05298167184889099,0.14348304709389098,0.06364661162484449,0.34046482610825296,0.19349335233307705,0.07073696080724881,0.11955632112105327,0.19596218158117587,0.10947453000698373,0.08380056875644888,0.2482284116500124,0.09852198839549026,0.2871736068879804,0.0,0.3874942321154598,0.05639008133545956,0.21338579017328735,0.2897612384405008,0.26593295792592686,0.21198536266632426,0.1863902380661975,0.09825802422133496,0.13252030228420802,0.19457896820044493,0.11683649316653949,0.15147690102577882,0.14602973991799945,0.0,0.0,0.0,0.0,0.0,0.03737733827418561,0.0,0.2657206549354417,0.14837018770135516,0.0,0.02620289102007739,0.06439818516994075,0.22829235567462103,0.26926837800733877,0.4300725130693318,0.2628874491242252,0.3976868469772891,0.1966594882476897,0.18090295068557538,0.19726257981279643,0.13332765554426654,0.18624817152898196,0.21903276451325782,0.30876933628918946,0.1954228429134504,0.12642007341533093,0.14822784966594696,0.09674121074500493,0.17747431873399033,0.1348026397420849,0.21978170569527306,0.0035335211031883723,0.22130837968502576,0.0811758400578024,0.2195191965999568,0.07157142597085178
0.08848851580588336,0.19748399641960332,0.39033619016485804,0.08135862723599463,0.30109495416585536,0.08373685242477578,0.15051301605753395,0.14712574107270926,0.20788858704913268,0.1514110178284016,0.0,0.13032323997011117,0.14791685851836592,0.09466876634964597,0.34973477024713717,0.22032576645179633,0.08559100525134705,0.22960606396906397,0.2683184674753451,-0.007337967150619546,-0.000919665587050829,0.18524324789655885,0.24174271131686587,0.05821519806262354,0.2272040959595415,0.2509694910375557,0.07303387254084967,0.10084658465049134,0.0,0.02689097237064634,0.1525222911987758,0.30244799533536915,0.26931569899723046,0.10990499195610194,0.20776078343854645,0.0,0.0003365250807524219,0.058009390039124364,0.23550998571442014,0.22590815934132433,0.15243250765827218,0.06923456420388029,0.0,0.0,0.0,0.0,0.05960908405525205,0.061963075661906335,0.0,0.026554302377257137,0.16945559693118606,0.3300497834804034,0.05842253140954257,0.31788448074239245,0.22497790164931009,0.44881663502096847,0.0553880078235176,0.3285867854255108,0.13184155495527833,0.23820233070733196,0.24043307020728225,0.03559014691761426,0.010427305058104283,0.25361415767895895,0.1320293566651931,0.026763000519083258,0.23109419959292749,0.14864147377698225,0.05462924756193631,0.23670991740428335,0.21082088409982963,0.22045983125476656,0.08827817010949682,0.2392884636469631,0.1675697998428163,0.20130088991713252
0.23989660125681583,0.16394136096655382,0.050751454117662124,0.08205737029351336,0.02286786621991918,0.15098137359110614,0.09300245911191334,0.44526514599278655,0.4473001850800715,0.4440553193413099,0.13032323997011117,0.0,0.46573248063395956,0.0,0.05083189237181275,0.0,0.33967938373655177,0.06409465230280595,0.08043543103280243,0.21153768741004608,0.18012735928808682,0.0,0.0,0.5148862918128501,0.0,0.44820748931951665,0.0,0.403299421212368,0.0,0.2246464928545956,0.21160589511217948,0.13096746896707825,0.2355740731847851,0.19871970196775932,0.04574744439757909,0.17924555757457333,0.29336386320701907,0.16966709340501113,0.027070872051039398,0.24606893049537362,0.0,0.0,0.0,0.0,0.0,0.10970555326505305,0.0,0.31069759718764844,0.06437684907581656,0.0,0.0,0.0,0.2908345659049889,0.36290954086690985,0.27049085206427703,0.31747121587607213,0.5693321815740054,0.2815459044347311,0.0,0.14358879665357205,0.0,0.25671266399663045,0.13706068401114424,0.3135610982481614,0.24846278328143476,0.11460841856993481,0.08232472132034128,0.0,0.4260849361651479,0.0,0.3962870864277507,0.0,0.2745444092574347,0.0,0.25755308953408707,0.0
0.2889951786971144,0.342536785513125,0.11183567342193332,0.13612554367358845,0.09982309899046568,0.3822832876215809,0.26487200181078985,0.37031018090925416,0.4448168456896107,0.4023336828635203,0.14791685851836592,0.46573248063395956,0.0,0.0,0.09642230201950784,0.2264313674112139,0.4256444872341484,0.27662484295181944,0.11828442229164127,0.24602282780073556,0.23274554809676684,0.2169116268169525,0.05660363885484606,0.3518665068198447,0.03683469383696395,0.4147524838145822,0.0,0.4741791362069525,0.10841375891932134,0.27972538354626375,0.25053524480384237,0.26438344956790194,0.2756141356896516,0.2684993716445151,0.02399544468545013,0.28019178989465016,0.30362921827406386,0.0930151711761842,0.16968862716229585,0.2692891110216769,0.0,0.0,0.0,0.010388620068506119,0.025589309905180074,0.16200168758979303,0.0,0.314262274379128,0.0,0.017135878625697796,0.13902883740819227,0.031900729428726245,0.2931799815740183,0.3867908645453067,0.3278550373325828,0.3473385185568345,0.4541241453293729,0.40113492566498743,0.010593718549192792,0.15072298787786412,0.09931350960713516,0.3398639160037912,0.29163103324781325,0.32214718134561854,0.24557391182649335,0.13382435430915537,0.19849067970763515,0.06784675540311796,0.2738788675555239,0.04778953047695892,0.3757080855534915,0.0,0.35986582050485716,0.06085909176392652,0.29758104291778625,0.0796586381745281
0.0,0.0,0.13564541405372701,0.1811058829147239,0.22996343248995635,0.07496038060192863,0.23664747296921054,-0.003098364755967436,0.0,0.05298167184889099,0.09466876634964597,0.0,0.0,0.0,0.055692169587649956,0.0,0.0,-0.0013853161517210762,0.018545471939340204,0.0,0.0,0.054372981034702374,0.17733389548733972,0.0,0.0990273345197838,0.0,0.20226155339158386,0.0,0.12888853127176195,0.025291519067820158,0.08362676516260535,0.16054535799810912,0.0,0.016378795726477092,0.10970024447453253,0.07722561267623124,0.0,0.0,0.2578042845494384,0.0,0.11477653977511437,0.1988721311328669,0.197422071059101,0.09492181244459542,0.0,0.0,0.15784779217224054,0.06545836151216641,0.0,0.015081905444755126,0.14462918086452264,0.1950789334765539,0.07569885498815855,0.0,0.14522367204891148,0.007577414374089894,0.0,0.0,0.22063434967710152,0.07854425003798236,0.19138196588842438,2.0056064922884535e-05,0.053503073379631956,0.0,0.0,0.021336554523983073,0.04479395970287245,0.21365711186241704,0.0,0.18696357149570864,0.0,0.2201935143382868,0.0,0.13639025810322766,0.0,0.2069790282877227
0.03383958832306015,0.1106621337566913,0.36217078803678204,0.08109865006991591,0.20682710116444336,0.2050794828833735,0.0629377030639028,0.1737321767899462,0.14348726388629168,0.14348304709389098,0.34973477024713717,0.05083189237181275,0.09642230201950784,0.055692169587649956,0.0,0.20181816561364121,0.14912771405733857,0.2217071844595166,0.22235251130774342,0.28001800876167354,0.21565231305359647,0.30468600784268673,0.43240782003227596,0.030697809919454103,0.24674680163368778,0.1574457086296542,0.2655067422171471,0.16123918282323332,0.2357976253503124,0.036486217297211465,0.24247575101172064,0.24348684931432282,0.1412691058301096,-0.00866074836034136,0.13112006070911267,0.0,0.0,0.09151048913053662,0.24428075247614703,0.08337101594360596,0.05220470132939945,0.08186058362236004,0.0,0.0,0.011779731766881959,0.06628064878544057,0.29222312112928295,0.2867984954817613,0.0,0.08115170749777603,0.27572951375541904,0.24142583388055217,0.17882867093655658,0.36108887267227924,0.24323872430961851,0.36775531754907576,0.03369347777855894,0.2045344948645148,0.07503874818114804,0.5089077971273421,0.31095073845175686,0.17083840295858946,0.20157922442173687,0.2981937038115023,0.29536147898433696,0.1903344128275467,0.39996054639110507,0.3769533340664486,0.12369301928954336,0.26934568681865395,0.24158254530865977,0.2638019640534103,0.15037201605074904,0.24953203401597324,0.16694696410004148,0.2973165729282816
0.12623576545643933,0.37123950029541736,0.268102492136039,0.15079680981938534,0.20089156337659214,0.29165144419180844,0.14965811722954028,0.020914740247665375,0.09824940958368474,0.06364661162484449,0.22032576645179633,0.0,0.2264313674112139,0.0,0.20181816561364121,0.0,0.2600126406897856,0.4853796221954524,0.2380825803691779,0.12277079918257393,0.06352484453747118,0.46170860421281273,0.2310890312844283,0.0,0.3393153470290708,0.2530878217962215,0.2308210976046997,0.09951770157870918,0.2760788463730249,-0.011439531452406317,0.151730977701024,0.3666530295971526,0.2704579978481586,0.13666551851807746,0.07173475844911126,0.030075249906410337,0.09550593613488102,0.0,0.2430101953655696,0.23906236658072086,0.17204364040906453,0.06891603488141286,0.0,0.0,0.11637918619147655,0.05840966863621346,0.2247170120223699,0.10190722353380027,0.0,0.12567577185493692,0.32011142053994607,0.2509811054972749,0.049518592434670314,0.22684383830708996,0.13898550352730518,0.19140425039697506,0.017102400968536262,0.27268766064391764,0.06875368014711558,0.12593264443914723,0.4038566792455238,0.19935884531582052,0.2640255423612579,0.16171633770517058,0.19927090706697473,0.0,0.36910479805371454,0.21715610426433946,0.0,0.2920239291060293,0.18905574205313513,0.3141094266170126,0.204714060358577,0.37470728905934997,0.14001046141105541,0.2851795706496332
0.2001046889079095,0.17905684384857007,0.08953403238726468,0.1957254100568615,0.09081057494537402,0.2344866824513223,0.1320799114698756,0.25267027236192274,0.27631773216647587,0.34046482610825296,0.08559100525134705,0.33967938373655177,0.4256444872341484,0.0,0.14912771405733857,0.2600126406897856,0.0,0.3129033670566713,0.08051519574438513,0.27493430544410746,0.20996847002748206,0.20314699188014818,0.011328609477088556,0.2631367342144162,0.0,0.3699258398562223,0.0,0.3357309091901273,0.10379437379945165,0.08439949334570253,0.19975490845181149,0.23881843657991142,0.2275002727423333,0.11816160780867821,0.0,0.23812979883435512,0.21567420783288668,0.09361476487069087,0.16720341704958877,0.18111888905778334,0.03328441281474875,0.0,0.0730493373109003,0.08101056348115956,0.0,0.10831989590789794,0.0,0.24110571312058643,0.0,0.0,0.08107079004639671,0.0,0.16983674831905082,0.31728762824635587,0.23386462929242902,0.17762106568129196,0.3765859196403409,0.2669900262238537,0.0,0.18074793316039828,0.1009632038108543,0.4360202408631958,0.3976902602139687,0.24778566255159878,0.2615215200406882,0.1288230942695158,0.25194059662636675,0.019061236940916274,0.2953458570666513,0.0,0.32176942932917446,0.0,0.33166815675762357,0.05102198957316328,0.1574846977203343,0.20058808770185438
0.06477906995360312,0.45183746871037106,0.29444430288198586,0.1341922783364226,0.19530063844862916,0.4080452837151046,0.16366029005746793,0.09968967310727879,0.12260145342013065,0.19349335233307705,0.22960606396906397,0.06409465230280595,0.27662484295181944,-0.0013853161517210762,0.2217071844595166,0.4853796221954524,0.3129033670566713,0.0,0.3072139647797813,0.10665344221441497,0.021537163121982415,0.3757237775816831,0.26824152802569573,0.0,0.4031625144493376,0.24828955874610203,0.21137360288773338,0.12426020667911171,0.22255978151774553,0.0,0.06359143802888026,0.2634230052051931,0.17278073296781554,0.030255051717185854,0.0,0.03073743488502937,0.1414105115542072,-0.012093092795473909,0.19609873849092016,0.1897540531031819,0.14578714363044826,0.06518920743697097,0.0,0.0,0.0031426694642342798,0.012353995038355138,0.2559828368197812,0.22167893599309338,0.0,0.20341538850414104,0.39424557418983186,0.230248743131736,0.10707255458019099,0.2608211795086956,0.26010236381398166,0.21570210201705192,0.1740873000408479,0.2686926830390299,0.017701950331871438,0.09534989804377494,0.4079858715333231,0.24497387086583428,0.3437653497903308,0.1746539880519751,0.21104883297118315,0.0,0.2976917224210584,0.26834393626241665,0.0,0.37517657286102846,0.19292665523350722,0.2993644480081893,0.21181542962796018,0.3424725796891676,0.20509060953535985,0.21806856215899895
0.12710990871792205,0.23699515411713423,0.40737923908547374,0.10835988241767419,0.07512359039212944,0.14454115183536864,0.015425585528815556,0.09289220507136466,0.2394274411578807,0.07073696080724881,0.2683184674753451,0.08043543103280243,0.11828442229164127,0.018545471939340204,0.22235251130774342,0.2380825803691779,0.08051519574438513,0.3072139647797813,0.0,0.12583223961262752,0.09631877196533616,0.2684512319388906,0.2349590311186535,0.09072181837049113,0.33762071214948053,0.18079637713112062,0.07603194480817314,0.17409618093455992,0.07694497307245055,0.08130467396176685,0.13361986519882307,0.19702898996472842,0.19808456357517096,0.07333956712452584,0.09672736421496603,0.06308069183828335,0.1118312345310705,0.024386364344624743,0.22753901096132248,0.23542347875545652,0.19665287940173237,0.12488946203440203,0.0,0.0,0.0,0.1796177682403179,0.09332133700284241,0.26188595197997794,0.0,0.15256277487394213,0.2607683024497675,0.14508337114964734,0.15312663380807875,0.2921733796384686,0.20361003640872913,0.31151517411571844,0.08907075148890368,0.3285723129389841,0.0,0.18819840618287156,0.29914279268317223,0.10544739328837695,0.18658869468413897,0.354846779729307,0.2985640823599532,0.056710351820608414,0.3304411614549376,0.1969948287754938,0.1466041520718919,0.2851766876928147,0.24233523478494343,0.2046571611214844,0.2687895391021148,0.28227326167819994,0.3358496459956806,0.2734296879882503
0.17528005552585094,0.0,0.1088601104198228,0.12809362029087717,0.02018775103848111,0.11924403803369008,0.0,0.16422697554293936,0.27431280435916816,0.11955632112105327,-0.007337967150619546,0.21153768741004608,0.24602282780073556,0.0,0.28001800876167354,0.12277079918257393,0.27493430544410746,0.10665344221441497,0.12583223961262752,0.0,0.3562363315698701,0.18112105629021988,0.06653099734121783,0.26460178723180666,0.0,0.11512105999895363,0.05333216695579694,0.42220609093928496,0.3224266024113106,0.29109322061369286,0.3602347295668555,0.15582859532165874,0.0688439719638923,0.07818039471185503,0.016694427432474103,0.3059857831959916,0.17874195340555604,0.054739739056647946,0.19904980056093477,0.12065148204378727,0.0,0.0,0.075196339952516,-0.0008126203876224795,0.0,0.27595845350906684,0.08956790748123516,0.38459866976972135,0.06206045185068906,0.0,0.06413233437909148,0.0,0.29618469084565774,0.34504675267688983,0.10098294350067251,0.20726936796214898,0.2279480447070761,0.12836536189812905,0.0,0.4056481810263624,0.10890875636057487,0.35198998890929817,0.3528992385496107,0.37501384885417405,0.44878711437373875,0.3034140280367909,0.42613997584724905,0.06926064946488564,0.31942619794085914,0.0,0.29579155513528066,0.0,0.35607994289886746,0.020152985467914903,0.3217553232986628,0.28712436754567566
0.32204158922056425,-0.04023177649514639,0.1133709877106252,0.04010419778682446,0.01978220788835626,0.11590123831718525,0.01917589790811815,0.23177639210010598,0.27972564262665117,0.19596218158117587,-0.000919665587050829,0.18012735928808682,0.23274554809676684,0.0,0.21565231305359647,0.06352484453747118,0.20996847002748206,0.021537163121982415,0.09631877196533616,0.3562363315698701,0.0,0.14276754125865462,0.11970468690470355,0.3311355114890469,0.02171341292713813,0.2002505081865621,0.0,0.3409621339069106,0.2373165521876337,0.26564432098158725,0.3643680466526585,0.1243503084856324,0.21903830337372482,0.1693643401544452,0.05733527386443657,0.18227786449864425,0.14877819404515635,0.11589606264971887,0.15237945663279845,0.21507630361415817,0.0,0.0,0.08171252642487523,0.032146055007587326,0.0,0.39004024068513377,0.0,0.26841405704936633,0.10016221399953008,0.07634484917934704,0.0,0.0,0.24761351160039843,0.27583842977400175,0.17541226545483393,0.21054919862309263,0.1305864814739662,0.23772300972362448,0.0,0.27708760375361846,0.04107097422168575,0.2225851898557154,0.1986874535416215,0.3052320467485102,0.28988531085134606,0.48025698822795837,0.2327380606758086,0.06104796579833754,0.3208968450780036,0.0,0.31881971335535486,0.0,0.3166144024023833,0.04461767997490472,0.28456763450109096,0.22058816754327826
0.20124707116209298,0.29556926880237855,0.2807372543087629,0.16084010157457146,0.22439506036042917,0.24110169170726473,0.17016734433124475,0.0,0.1547662162912262,0.10947453000698373,0.18524324789655885,0.0,0.2169116268169525,0.054372981034702374,0.30468600784268673,0.46170860421281273,0.20314699188014818,0.3757237775816831,0.2684512319388906,0.18112105629021988,0.14276754125865462,0.0,0.18543961633344788,0.0,0.3319884282103028,0.12592049000897954,0.2916701170910485,0.22471862637955772,0.3855189419378879,0.07743908089664212,0.26062072883946785,0.3479372118272561,0.17008571858388244,0.16703288979289702,0.10411664905712234,0.08316601239874911,0.15419294955448026,0.0,0.2633294182543398,0.1901908962836191,0.1678187335791072,0.0534144453996618,0.0,0.0,0.044176996685035774,0.1939549532895795,0.23220935292953235,0.24564005348383341,0.0,0.19073617737205978,0.29081403030754727,0.2589789536933783,0.13293046259671681,0.29027688700155424,0.2047331651683241,0.23305654545785753,0.03741198707622268,0.22128085592083793,0.02742220026937409,0.33790021634758427,0.44444496080102175,0.1906462286486237,0.33164951844260454,0.3211655021031735,0.38764188682031275,0.057190238764198126,0.5360874075461001,0.2626782634803895,0.008051089663563807,0.36185064083451934,0.17464166008740684,0.4141295719818804,0.24816181001670753,0.4309755952643048,0.25752239401373844,0.3363452837330444
0.0,0.22004567853057422,0.4415922263594922,0.05816502683560514,0.17377789675701102,0.4007720920905906,0.03474858532696482,0.2763253420227539,0.01579214790342459,0.08380056875644888,0.24174271131686587,0.0,0.05660363885484606,0.17733389548733972,0.43240782003227596,0.2310890312844283,0.011328609477088556,0.26824152802569573,0.2349590311186535,0.06653099734121783,0.11970468690470355,0.18543961633344788,0.0,0.0,0.34279232759646183,0.13085447973503192,0.30769622030626625,0.0,0.1772519496436074,0.0,0.06487082595175744,0.26226100344357955,0.11979318174955952,0.0,0.08300148055759575,0.0,0.0,0.02910233916697778,0.24042749639006522,0.11146372713511307,0.08917100960439904,0.14831415454224567,0.0,0.0,0.05792058820899683,0.0,0.4016995913630565,0.20388780847801452,0.0,0.13303408191622967,0.4291425314178766,0.2592760993134431,0.264791212274217,0.1838123977153782,0.20883057935501076,0.23706181212595717,0.0,0.14879728355475896,0.12268192326309624,0.24982288321390755,0.31815432740188654,0.05891080375762867,0.07235608263081894,0.13891088036574065,0.10126296318174278,0.0740000918365447,0.246281384860508,0.5462569450776987,0.05467020834884758,0.35452933902125555,0.16555265280997628,0.31207753685296274,0.03499189242092646,0.23487776914771466,0.12486133440225737,0.21812026287246666
0.2848229222413428,0.015413930748487613,0.015556981486530482,0.05106317652274293,0.0,0.12260815161420889,0.0,0.48993661890967943,0.40493605041670644,0.2482284116500124,0.05821519806262354,0.5148862918128501,0.3518665068198447,0.0,0.030697809919454103,0.0,0.2631367342144162,0.0,0.09072181837049113,0.26460178723180666,0.3311355114890469,0.0,0.0,0.0,0.0,0.4444590820934264,0.0,0.3369570259609006,0.0,0.19705287179617112,0.20478704668881573,0.009757134307646602,0.2137732683434145,0.13389082180020936,0.0,0.2255193025268004,0.22111180501615335,0.16734215296625454,0.0050132909390705775,0.27926377745399633,0.0,0.0,0.0,0.0,0.01535042523380875,0.2611628564512372,0.0,0.3239440055643549,0.09784096996952553,0.0,0.0,0.0,0.3119788428119022,0.3369045569203861,0.14638012588609717,0.29523785595185376,0.4680021549118882,0.26135932325255645,0.0,0.12784456461557658,0.0,0.2790843217069239,0.12227800728211029,0.2643007467287867,0.22068740442764787,0.2628968362201885,0.0128898763944824,0.0,0.5543768436276542,0.0,0.48863411504051923,0.0,0.2663340734320726,0.0,0.2714454119700702,0.020925292269958585
0.128904934942374,0.41600895375717784,0.3232354222023194,0.015528593331813478,0.1948819850640283,0.23248685842746872,0.17987400158332006,0.0,0.019658381822732274,0.09852198839549026,0.2272040959595415,0.0,0.03683469383696395,0.0990273345197838,0.24674680163368778,0.3393153470290708,0.0,0.4031625144493376,0.33762071214948053,0.0,0.02171341292713813,0.3319884282103028,0.34279232759646183,0.0,0.0,0.15604205723947795,0.24775288764535935,-0.022709737811952044,0.19586313141025113,0.0,0.05918258225439213,0.25627831597174117,0.20763884538851055,0.0013979017479988,0.0826167091836116,0.0,-0.002075707320191627,0.0,0.24185723215446636,0.1959576107079526,0.23488397830077537,0.1408720458292217,0.0,0.0,0.07178961206189732,0.06378256429254399,0.2697404990743057,0.13658210436595195,0.0,0.24881473974735402,0.36772837525070895,0.35859637279628864,0.0,0.15301248111069485,0.2991101655260332,0.22347269649502818,0.0,0.22018924860264838,0.07515320469064804,0.11427837737944493,0.47788188360246364,0.0,0.1295061527400358,0.10838811137192601,0.15003778485398486,0.0,0.23361097359523253,0.33553732096083744,0.0,0.5661920021601542,0.1288067598117004,0.4448918154285628,0.07828056202916513,0.476320685133999,0.17915583755799472,0.2589833810440471
0.33152589253130177,0.37415456202019154,0.2239216057659136,0.08508688740558505,0.057391102620624725,0.2528082840734607,0.04136856348028259,0.43343682662817296,0.3729657628738653,0.2871736068879804,0.2509694910375557,0.44820748931951665,0.4147524838145822,0.0,0.1574457086296542,0.2530878217962215,0.3699258398562223,0.24828955874610203,0.18079637713112062,0.11512105999895363,0.2002505081865621,0.12592049000897954,0.13085447973503192,0.4444590820934264,0.15604205723947795,0.0,0.0,0.23897406602319018,0.0,0.08664264301640295,0.1839567680357839,0.22979430582099222,0.3561187570749867,0.13216313695906934,0.029277280820422903,0.0885656890773078,0.16600110309278668,0.1458336238240349,0.12321764296077332,0.39633006802627174,0.07623521050915286,0.0,0.0,0.0,0.04407699415915519,0.156444095164972,0.0,0.22298442534971546,0.006247343203943613,0.0,0.11877029489060034,0.0,0.18361940360806484,0.3857799700054738,0.20657883843017452,0.3511242960629536,0.36195693276255037,0.3828715021239683,0.0,0.15276573876026042,0.01834218837926877,0.2716637005627475,0.12716682326641893,0.25162165413901766,0.22592203268016048,0.13920637918859013,0.153319598022475,0.08404575377013965,0.3937396613040459,0.032924503372929584,0.560361918184288,0.0,0.23624020187643033,0.024559775824464756,0.2347419533417355,0.11878456762802597
0.0,0.05514843777858113,0.17551463341810739,0.021721986817972244,0.19912620317814214,0.14872472189201708,0.15030575294902784,0.0,0.0,0.0,0.07303387254084967,0.0,0.0,0.20226155339158386,0.2655067422171471,0.2308210976046997,0.0,0.21137360288773338,0.07603194480817314,0.05333216695579694,0.0,0.2916701170910485,0.30769622030626625,0.0,0.24775288764535935,0.0,0.0,0.0,0.4281293631348834,0.0,-0.007310105559429689,0.16069936836932647,0.0,0.0,0.07210723384483311,0.0,0.0,0.0,0.1195410088081564,0.0,0.0015121890183469127,0.094385164555671,0.10744355960026505,0.021519349623853056,0.05882054361877652,0.0,0.5419544241136688,0.0,0.0,0.16647439525968205,0.23726073182086524,0.3726781707134969,-0.0069228503769781695,0.0,0.06760063445503665,0.0,0.0,0.0,0.1529636440449343,0.1100833090004867,0.36689850818202047,0.0,0.12958537800519498,0.0,0.0,0.0,0.22167441251288425,0.30925891981017994,0.0,0.34621201677726904,0.0,0.5035415644180403,0.0,0.30042123682136374,0.0,0.1176764613211393
0.3255480186118424,0.07216182545284724,0.13792486110571095,0.06376281019213179,0.0001757289235375657,0.12858155868471402,0.10048626764041696,0.2418478143322526,0.47143983147058677,0.3874942321154598,0.10084658465049134,0.403299421212368,0.4741791362069525,0.0,0.16123918282323332,0.09951770157870918,0.3357309091901273,0.12426020667911171,0.17409618093455992,0.42220609093928496,0.3409621339069106,0.22471862637955772,0.0,0.3369570259609006,-0.022709737811952044,0.23897406602319018,0.0,0.0,0.1580589564772704,0.4239930866189688,0.4234691656326337,0.21623314756812725,0.22702859112175353,0.27694900992445076,0.09458553960977079,0.29484551330353037,0.3059201498111655,0.11268688502369589,0.1787419040857321,0.19795873519011006,0.0,0.0,0.01862893242673985,0.0,0.0,0.2497255832510591,0.0,0.37473260426156635,0.17495061136267911,0.0,-0.018264194959057185,0.0,0.27298588295607656,0.38558824740116127,0.22521282861662226,0.32884981269800917,0.36420707466811963,0.29631366449696955,0.041470004082318816,0.3441048025569857,0.10111557294778815,0.2499231283016744,0.2926221959581311,0.4705264602891555,0.407500611282923,0.28600046492246556,0.34972026083245256,-0.005256195647182248,0.2952028457315294,0.0,0.30450097358575945,0.0,0.49297949983113787,0.06541189707609275,0.3782154715398157,0.21806948778665308
0.05548836187057538,0.04485205309915851,0.09061626398551383,0.012939553114470074,0.10637990321250837,0.20272567057410265,0.11891403742774626,0.0,0.01495823312394781,0.05639008133545956,0.0,0.0,0.10841375891932134,0.12888853127176195,0.2357976253503124,0.2760788463730249,0.10379437379945165,0.22255978151774553,0.07694497307245055,0.3224266024113106,0.2373165521876337,0.3855189419378879,0.1772519496436074,0.0,0.19586313141025113,0.0,0.4281293631348834,0.1580589564772704,0.0,0.16416589423179367,0.23130752860004564,0.16747233917489543,0.03328312354396539,0.05186873626167846,0.019305418515052082,0.0924641588528895,0.028068988675254633,0.0,0.17461490636096438,-0.012039283674575066,0.0,0.0,0.1574698521772876,0.0462353231908226,0.02222971239952224,0.16653703877185486,0.3348365804083378,0.14792080580993566,0.015373083290298947,0.12309800861797048,0.14406743552108356,0.17072533412771188,0.07670905489076643,0.1120350704034114,0.12213390957979217,0.0211811777961902,0.0,0.031837484756904934,0.06591230238115968,0.19386498695564217,0.363104433965394,0.16879849152554352,0.3082547752884868,0.15320275206270698,0.18364094207708972,0.1600550388374775,0.34501318892215566,0.18142581041566902,0.0,0.20331767567930206,0.0,0.29853149822643116,0.13721500290947744,0.3313930449858366,0.11362787383417149,0.22125944496762642
0.22244049625261889,0.0,0.07617449089442133,0.01879887890463933,0.01012981418287809,0.06665954008195482,0.06281853507854511,0.13719518872648515,0.26695942251251964,0.21338579017328735,0.02689097237064634,0.2246464928545956,0.27972538354626375,0.025291519067820158,0.036486217297211465,-0.011439531452406317,0.08439949334570253,0.0,0.08130467396176685,0.29109322061369286,0.26564432098158725,0.07743908089664212,0.0,0.19705287179617112,0.0,0.08664264301640295,0.0,0.4239930866189688,0.16416589423179367,0.0,0.3609610202365818,0.10695659060248,0.09666363873801667,0.21940148851682845,0.07145031875192677,0.1268776526158973,0.15830744698022794,0.008447255920724085,0.1517263618469844,0.10255145763931114,0.0,0.0,0.02714912947987439,0.0,0.0,0.2155390413595669,0.0,0.19817969915227035,0.09679268187898,0.0,0.0,0.0,0.20375251236140093,0.16881152686195414,0.09182774333716769,0.19978298790447258,0.15199424448345392,0.13560537099986522,0.011356682127455558,0.2125546090962614,0.021660523222592036,0.10922136706038951,0.09415502657244462,0.3175215680222608,0.20978560527384857,0.3083119909740761,0.22290143487488515,0.0,0.16941567706337587,0.0,0.16068210535234392,0.0,0.2595160659501231,-0.011128098596349728,0.2945281932354857,0.14889957822728345
