0.0,0.4017116950508227,0.30821703821683305,0.0,0.0,0.0,0.0,0.20098002215619826,0.18372647984830784,0.0,0.03263852408228093,0.0658577745829913,0.0,0.0,0.29103679123235265,0.516168129216152,0.196582301711166,0.6538821914696646,0.22315739483559963,0.0,0.6435982175372,0.4028046311711745,0.3016113739205844,0.6957417963045381,0.7636082140141703,0.7449303764097849,0.11030613631546116,0.38327228672236113,0.2589672093488925,0.43722620904234083,0.6754695195238314,0.2822864397045171,0.17512716314066887,0.18092651681596433,0.0,0.6290908505928543,0.11790608714788939,0.18726373667873525,0.45640470922847226,0.49460948725922704,0.0,0.024528195975790527,0.007710050338547976,0.0,0.3017110821319036,0.8904769567076142,0.7231254487648212,0.062329724099554555,0.0,0.21247036005138867,0.44385924466396676,0.0,0.13127160957339395,0.3824766479780597,0.19912378113863344,0.29856393039066903,0.07041757272765548,0.002863057874549235,0.0,0.06536507175064178,0.752969291715973,0.3950201536351016,0.7759552735432542,0.2687676346705438,0.6034744640210862,0.30393224718245176,0.6832103590208696,0.08077495736770779,0.5933056536893591,0.7715999913946225,0.7925494428220884,0.3569354400982552,0.0,0.5879001491548204,0.11817594490502442,0.055446027345577624
0.4017116950508227,0.0,0.288143667391857,0.31719151667367834,0.04521323419828988,0.14556494563746705,0.3704150225088201,0.07520407786332449,0.0,0.5880512491828762,0.13376750025838136,0.5580038620423887,0.5692502932676331,0.0,0.19315883345155674,0.5890857538015035,0.6857222451703974,0.6030547953331484,0.25170593792371343,0.37429542000274174,0.24993729766815462,0.758511368609224,0.34013215559644355,0.7346984815914723,0.667351957568448,0.8345557938644086,0.22748346005981576,0.6539060164181214,0.12566903051945533,0.24895828764033162,0.3174189229633793,0.3947978375288093,0.03430243653835006,0.0,0.0,0.33780335712618875,0.08740560443688081,0.42836177429469424,0.283389768639108,0.24020846694493636,0.3041658648351969,0.19618509300920017,0.5885031871748683,0.3995989446363267,0.4827796582409803,0.5270905102722091,0.5160149869509781,0.0,0.19400779423008838,0.21483656797712175,0.0,0.16850862245880785,0.0,0.0348689740292422,0.6898612898573171,0.0,0.547462774370476,0.4261907585013866,0.1861121546618358,0.29084838567189947,0.23610884969309281,0.7921323281160183,0.49166702512408206,0.3096374923218908,0.3532732552955122,0.34245048498874514,0.3721010140432187,0.21696280566713486,0.6376177083011824,0.6399697858914607,0.72855902806396,0.08548024822672366,0.5166684064542321,0.09573845751803474,0.40242574700059364,0.34662894244689496
0.30821703821683305,0.288143667391857,0.0,0.0,0.2152916936311107,0.3525903734290337,0.2779111095474344,0.2647192397040224,0.4772486192356845,0.3143052742725522,0.6111787139355358,0.45554449998572144,0.27461556358836103,0.2607364237623447,0.034133380578749775,0.36510950428809275,0.3936585166313987,0.4788953737531258,0.6086824272924826,0.1622000900989362,0.0,0.1779308900503239,0.38720216508568944,0.4330015341775414,0.36692629286940165,0.41064691374721113,0.4615633647211747,0.320646157010109,0.11160151401418919,0.23731474856940638,0.2691721421197727,0.12448717751185448,0.05219216864275118,0.21096451180357195,0.0,0.3120653520866257,0.062233123746473225,0.17549320337271437,0.16374649428732374,0.05853106018282115,0.21112834748517495,0.0,0.0874525454535895,0.0,0.1398228144348899,0.413865696419318,0.30352758068575997,0.34537725647142514,0.17748914480261294,0.4577063592303669,0.35143724836204765,0.22298120954230394,0.25131661796882915,0.455040125632285,0.3139010363639366,0.46222793920395583,0.4166296947802797,0.3485947380559377,0.2872038824895663,0.11629354094280225,0.25780287424664333,0.3325755434959018,0.2856932717175201,0.6583542150492205,0.261022648965565,0.09501957787896313,0.2837696843583011,0.22534415306544558,0.43900993961427065,0.29299452034788437,0.3584405667082904,0.3315455586115004,0.18043086435193392,0.07787315719006901,0.21717947844179197,0.1654224195003586
0.0,0.31719151667367834,0.0,0.0,0.5462003945034264,0.37415245605764,0.6571929282338999,0.0179467029824909,0.052894530758427774,0.26075594712185185,0.22516108102764146,0.0913375002846534,0.6197072143980754,0.4730029269880269,0.26191893689809664,0.12981455962523605,0.1649978521446023,0.0,0.10695237728939809,0.560057713921644,0.0,0.3789381663888913,0.19066718298209365,0.00796491162577301,0.0,0.026226834634225527,0.2747068445885681,0.4818816409279745,0.27557325257805093,0.08416657538153217,0.04850365581292396,0.3402569036328319,0.13530324033036528,0.03800247662259335,0.16245502674688478,0.0,0.09218818411314425,0.18672676388690324,0.2238646144782941,0.03706942646791085,0.4542715146303746,0.12837268856235984,0.5353069786995109,0.4964374499670728,0.10179757500764526,0.0,0.0,0.0,0.3212527563010794,0.1855827954845126,0.0,0.3867328272931118,0.036168840448195246,0.0,0.1329235697559595,0.0,0.06402000959114108,0.3933315442463712,0.4895980529041737,0.4359707371991691,0.0,0.1289322776249603,0.0,0.1184210756296468,0.056696277192676794,0.30055460614814256,0.0,0.33071568501756,0.09672697978990824,0.0,0.0,0.03144108570425793,0.47383863464712883,0.0,0.4347739611199269,0.4018786531018958
0.0,0.04521323419828988,0.2152916936311107,0.5462003945034264,0.0,0.6370068173362646,0.8627894457926549,0.07994883813386076,0.48857960421586966,0.2495358437296832,0.7201539575986823,0.16258897855661664,0.6648719755744368,0.6917427347474154,0.2851882058010908,0.10556083442104265,0.10702225315807493,0.0,0.34152927565140806,0.6935560607216942,0.0,0.2394488381445719,0.29059927877847896,0.0,0.0,0.0,0.5784562148996553,0.23139187339318668,0.4519029481732042,0.1646124715936921,0.0,0.21583318390160314,0.14400764045892883,0.163966751084641,0.3084873887978019,0.0,0.0,0.04930320960695229,0.01958568624806992,0.0,0.47709573655802046,0.0,0.155256534129472,0.022842895941955176,0.0,0.0,0.0,0.2318782473500682,0.16529137384512005,0.22517314787310175,0.0,0.6244529333294612,0.14743550805092695,0.14665571667311875,0.0,0.24154172236217408,0.054928804906611374,0.4296524748097738,0.6551857945490025,0.5180428249242912,0.0,0.0,0.0,0.3287212658558761,0.0,0.23019045665161944,0.0,0.38195018863431446,0.0,0.0,0.0,0.18258962412506236,0.29409089921117126,0.0,0.39452663391565945,0.47863405484362115
0.0,0.14556494563746705,0.3525903734290337,0.37415245605764,0.6370068173362646,0.0,0.5456979206263727,0.4499598648627837,0.6458093488118839,0.0,0.6746324094048101,0.005083862431562155,0.6319072768236035,0.6199170170866206,0.36029616370353873,0.07032465722296412,0.0,0.0,0.5663613810116976,0.6289979412125892,0.03460720231005593,0.2093717644605011,0.729663192299329,0.0,0.0,0.03377287086630635,0.7691521235382602,0.2812330526868966,0.5757201528302278,0.25445347344318603,0.06018067227209376,0.2306247197456705,0.16068145013034735,0.2261391849895293,0.2924016635215743,0.0,0.0,0.0,0.1808263037438271,0.07720649879064495,0.2637007832310729,0.0,0.06556118062916141,0.0,0.0,0.0,0.0,0.6374103632947148,0.1921399300590704,0.5405288275790903,0.43181772340283725,0.6218623627325595,0.5906712349781164,0.5202655208936879,0.0,0.5884765720859549,0.0,0.5750440060675283,0.5978691291614616,0.4591517059633341,0.0,0.0,0.0,0.43922421353749,0.29759066530561934,0.3155428887088206,0.08430415851945987,0.6985344608348777,0.0562194977990403,0.0,0.0,0.48168010471293754,0.30221405510756805,0.14858478250682167,0.28670520928400506,0.2542473913433772
0.0,0.3704150225088201,0.2779111095474344,0.6571929282338999,0.8627894457926549,0.5456979206263727,0.0,0.0,0.29591624965971475,0.5790737010254711,0.5971775140465417,0.42476628168080816,0.8132635426712633,0.6425720393423037,0.15472664590034343,0.3248121216660277,0.4666415585145465,0.0613569298568774,0.3431414828574357,0.5997134529690806,0.0,0.396397955355012,0.2539191082437768,0.116966674333595,0.0,0.07326000849911256,0.4492480006217888,0.46103538430515206,0.27738033087342834,0.1651896719711068,0.008872773108108481,0.3680240148232981,0.03991998881262151,0.057040133479574096,0.20975222733997942,0.0,0.06751528861940703,0.22495463492644,0.06099687589433357,0.0,0.6063844065176408,0.1137855656118126,0.47866623395957447,0.2993577422466319,0.06209225618321548,0.0,0.0,0.050619595436278246,0.3013472327812073,0.2489899999529826,0.0,0.622803251510577,0.02810477236844655,0.05094819973890845,0.35094472638629753,0.034262398493959914,0.3265960889130108,0.5894547355683357,0.6131332765556244,0.48340859777353534,0.0,0.27049984283137235,0.0,0.3607256544951052,0.0,0.20988173648105268,0.0,0.33850365647199215,0.17373768115366428,0.0,0.0,0.06243789807505165,0.5345272616807316,0.0,0.4333305294970745,0.5775781672506127
0.20098002215619826,0.07520407786332449,0.2647192397040224,0.0179467029824909,0.07994883813386076,0.4499598648627837,0.0,0.0,0.22739660740426113,0.0,0.25596972349744607,0.14796689251923986,0.1099578055198403,0.15006130515556568,0.22305421632360722,0.0,0.0,0.043936499015669726,0.3981921825261295,0.08682055903656362,0.3191048473876437,0.073224592374221,0.670847660854989,0.18144614795601724,0.0384336706817119,0.16139989598797905,0.21411916378481546,0.0,0.15878199521735883,0.15696528772712168,0.08197545708829992,0.06792401848032922,0.16383032361501076,0.2344300436126341,0.018978194061790785,0.19685621138956758,0.0,0.0,0.15489279993388125,0.16307655020471135,0.0,0.0,0.0,0.0,0.0,0.16102205928349617,0.2721417408457296,0.23440994308633872,0.0,0.0945129658585859,0.417113900474111,0.04358903843465286,0.7007446601232014,0.22134385976875195,0.0,0.3419154033696953,0.16849179288430122,0.06122053710766019,0.023358091155562758,0.1086921488418121,0.02882064027454644,0.0,0.01748592007942901,0.2379774519991318,0.20779718156365412,0.1900777067737655,0.12107703300103048,0.4401352525804818,0.18711594661972128,0.04990421881181961,0.18677141031987252,0.10300969722414555,0.0,0.11022599214386444,0.0,0.0
0.18372647984830784,0.0,0.4772486192356845,0.052894530758427774,0.48857960421586966,0.6458093488118839,0.29591624965971475,0.22739660740426113,0.0,0.0,0.7070474680747796,0.0,0.29719332760629247,0.45773734180688064,0.36700091083024344,0.19738970492110475,0.0,0.025607348207644764,0.5229980925919336,0.3559724802830777,0.13589028496227504,0.07947305830899445,0.46257127177140983,0.0636384667106112,0.0,0.04831236001394958,0.674402907637737,0.28731632839529364,0.5776810344199905,0.41476172796984645,0.2773544259821531,0.1946741536152329,0.17298504924682243,0.28542030111691036,0.1900829294387031,0.0,0.10482693852654078,0.0,0.22913340059146983,0.18583247531249159,0.08539230952118175,0.0,0.0,0.0,0.0,0.1618777553512471,0.09210967415411603,0.64652321536387,0.07069549846321752,0.6933797123405079,0.5749073877557592,0.47328521274732055,0.43918981469955515,0.880953636248223,0.0,0.829073754998168,0.0,0.33381731635141976,0.39155243807755186,0.3748485954180277,0.284218277104482,0.0,0.021302522723255862,0.483743465094965,0.43067391017801265,0.2621045282684121,0.29681637433296293,0.40321916309648276,0.1316139482788377,0.0,0.03741184388553281,0.6572827687803492,0.0,0.38523628334897503,0.1979520265878726,0.22381524238851905
0.0,0.5880512491828762,0.3143052742725522,0.26075594712185185,0.2495358437296832,0.0,0.5790737010254711,0.0,0.0,0.0,0.19151082430962488,0.8553581879396581,0.44375448718613963,0.07378778999442863,0.0,0.465379100963491,0.9405500047560021,0.5532015982641001,0.12258423582099597,0.1281915419129835,0.0,0.4081481443715361,0.0,0.5272277868235962,0.5266182208548275,0.4609117484025795,0.0,0.30614961957657116,0.0,0.040821220944374965,0.0022527460900569093,0.28878296210620613,0.0,0.0,0.0,0.0,0.0,0.40134811925030256,0.006650417380497916,0.0,0.49097726954502147,0.2020952349322292,0.4831285751893756,0.2630244887130784,0.25871905323949546,0.3032402923902708,0.03946800899857168,0.0,0.07567945765425985,0.0,0.0,0.06311500631527867,0.0,0.0,0.9455666759823648,0.0,0.8603191883113502,0.21536157985825502,0.11003967854799257,0.124250026361619,0.0,0.7775842088619459,0.1862180198859343,0.23501521602692896,0.0,0.0,0.049691066589514374,0.0,0.4859459754846881,0.3873346583470261,0.3757257840491293,0.0,0.2732283920626559,0.0,0.2996809181086038,0.4927854143778102
0.03263852408228093,0.13376750025838136,0.6111787139355358,0.22516108102764146,0.7201539575986823,0.6746324094048101,0.5971775140465417,0.25596972349744607,0.7070474680747796,0.19151082430962488,0.0,0.22790694947967627,0.5116527944488246,0.5462948536616608,0.35811807665322426,0.2755755713669592,0.1660028995150126,0.07790830172649502,0.615664758554396,0.5380581953921938,0.0,0.25547810425961964,0.5470065516801027,0.2010824636373239,0.05566161217936549,0.16235154136033816,0.6725146715522983,0.322811059639119,0.45864610457382504,0.34137264092485053,0.13366209825110148,0.2757050923996618,0.15302103307290818,0.21553637605030435,0.14588056821518616,0.0,0.0,0.15701509072086767,0.16338936593261377,0.005811975619918705,0.3788599194903695,0.0,0.08796701148185868,0.0,0.0,0.1860014423473068,0.0005688346704822574,0.37860149421799505,0.04744989605287412,0.44841495125985703,0.3046801414194981,0.46117401885732456,0.36090915122545497,0.44132168532463484,0.008503653879870876,0.5968074833971769,0.11397319156100179,0.45161339487545155,0.5075828120506866,0.5511909706488747,0.08897527337155685,0.0,0.0,0.6212370123891838,0.27967968158659057,0.27813016874857105,0.23902638848104546,0.4943834124894608,0.2967245621453983,0.0,0.08690699291689336,0.4327237405981101,0.21209021683204615,0.12301355169461678,0.38567514626103033,0.4614768247087299
0.0658577745829913,0.5580038620423887,0.45554449998572144,0.0913375002846534,0.16258897855661664,0.005083862431562155,0.42476628168080816,0.14796689251923986,0.0,0.8553581879396581,0.22790694947967627,0.0,0.402092590536949,0.0,0.0,0.30099962768515137,0.7810898874927136,0.5643378363180335,0.21495936353661296,0.012666926611427159,0.0,0.27253087206399107,0.14749533906779652,0.5364939541005879,0.4699460579748093,0.48225392857149074,0.0,0.15846865536224294,0.0,0.0,0.0,0.028004607636335225,0.0,0.0,0.0,0.028807153337773797,0.0,0.27368467894291276,0.0,0.0,0.3522655793891961,0.2159093661914581,0.3351646723964514,0.08076758187153886,0.3031470040605775,0.2812293675594542,0.12405863511200893,0.0,0.0873797086003701,0.0,0.0,0.11241587784570276,0.0,0.0,0.8441361369556608,0.0,0.9442557940290495,0.2470008591338497,0.07172787902632907,0.0,0.0,0.7190579404064915,0.26197640765354396,0.3055535073065348,0.0,0.0,0.0,0.0,0.4690899792343568,0.39780485666765686,0.4026031936019118,0.0,0.2291533130360863,0.0,0.08011958455930297,0.22340591531534684
0.0,0.5692502932676331,0.27461556358836103,0.6197072143980754,0.6648719755744368,0.6319072768236035,0.8132635426712633,0.1099578055198403,0.29719332760629247,0.44375448718613963,0.5116527944488246,0.402092590536949,0.0,0.5100198422134767,0.4093514855413192,0.40781252460558076,0.39605192212751744,0.14974873483680007,0.38306167049444806,0.7658163143740935,0.05029598195088854,0.6401402916096659,0.4310640749903807,0.2458288812606988,0.05986991261332408,0.26515711216931087,0.5449412871042697,0.6775136244951181,0.4723892661264201,0.295029227160708,0.19287107454656768,0.41401108929440145,0.1775597061906628,0.10236206326136621,0.11560310681947947,0.0,0.013664072558715252,0.2552648050155863,0.2650555012299497,0.09595146915000186,0.5475130123606899,0.22000526598042378,0.5220928806851403,0.33322263661292006,0.1713651664195589,0.1492201177163189,0.0,0.16134569752780817,0.27968688323484564,0.3513544208575632,0.0,0.5747334093157598,0.15899888353843988,0.17329290555374216,0.3571429888119534,0.14286773129255656,0.31499057759475685,0.7026182545371435,0.607405934048912,0.5953608355292845,0.0,0.39811024158140607,0.0,0.33805228566141626,0.24174598376387704,0.4642222366181944,0.19566305071589776,0.4194511912638754,0.25577485061393,0.0,0.18348227569950487,0.21631030243057775,0.6205753365543395,0.032953800646074165,0.52125537299216,0.5226278062393335
0.0,0.0,0.2607364237623447,0.4730029269880269,0.6917427347474154,0.6199170170866206,0.6425720393423037,0.15006130515556568,0.45773734180688064,0.07378778999442863,0.5462948536616608,0.0,0.5100198422134767,0.0,0.2081319015458949,0.04898463681723383,0.0,0.0,0.3674580708741513,0.5435376548876399,0.0,0.10184218268697161,0.3439012318078018,0.0,0.0,0.0,0.4169190166122685,0.2505334259832911,0.34339954747144774,0.11793226200235826,0.0,0.25185863554794596,0.017459974438483968,0.16828317181826402,0.3353830186243215,0.0,0.07126071345992263,0.03622936969162806,0.10627379955799114,0.0,0.41813220867938233,0.052988841101130724,0.22732208077484684,0.05366766304151515,0.0,0.0,0.0,0.33440189179328156,0.22814442472298782,0.3462129630885756,0.10754121928655888,0.45814074740242505,0.29578787110669985,0.2545605741692988,0.0,0.315616151018673,0.0,0.38748769559544655,0.7030859196438518,0.38565226941394914,0.0,0.0,0.0,0.366994805316682,0.06229010491182386,0.20152992106433368,0.0,0.44042180817167487,0.0,0.0,0.0,0.2509819340726775,0.26647502721718275,0.0,0.34295544232963726,0.40357230909395897
0.29103679123235265,0.19315883345155674,0.034133380578749775,0.26191893689809664,0.2851882058010908,0.36029616370353873,0.15472664590034343,0.22305421632360722,0.36700091083024344,0.0,0.35811807665322426,0.0,0.4093514855413192,0.2081319015458949,0.0,0.3123872459128029,0.0,0.0,0.27307012427231314,0.6659968276519046,0.5763224005950626,0.6562605021569515,0.4467188621969104,0.13707528650143544,0.1041543269326014,0.2167872211953879,0.5288373110642645,0.4578174167481987,0.7782485584186324,0.39650110698733565,0.44437853561529445,0.4873143125370883,0.3128288444955253,0.17695921605254655,0.07684061269884535,0.0,0.04052266036490767,0.07580476086776747,0.4682078828441356,0.2749278986033681,0.12472742913773606,0.06380630819326163,0.0,0.0,0.0,0.379290996616734,0.28673572436392036,0.1732480060766126,0.0,0.20606736240908846,0.2904751375870331,0.09452723786667278,0.21191387772103312,0.3463577480270395,0.0,0.272335323781916,0.0,0.19593324747732688,0.16450341167748667,0.8607034513253561,0.4168129604483379,0.0,0.10458730610796182,0.16246383197554454,0.668848509540873,0.7753813345353121,0.6916104873157405,0.4024058809190143,0.13767232523553533,0.08357853480649412,0.27637210945313284,0.4448564318574193,0.09779295859872171,0.6572318910494217,0.42344822454572245,0.33957640888736684
0.516168129216152,0.5890857538015035,0.36510950428809275,0.12981455962523605,0.10556083442104265,0.07032465722296412,0.3248121216660277,0.0,0.19738970492110475,0.465379100963491,0.2755755713669592,0.30099962768515137,0.40781252460558076,0.04898463681723383,0.3123872459128029,0.0,0.5457015309255482,0.7252608872957483,0.28742047845669,0.3136646625350712,0.30093240339739885,0.6905597343454054,0.20084358399697744,0.5866315935270274,0.6744301419081283,0.6137469483151567,0.33017953595421357,0.6590981296410855,0.41749260705034547,0.4946413070075886,0.6645077043373863,0.4894626438631151,0.2547217015281016,0.16550082054075485,0.0,0.2348581096976358,0.16635696507999448,0.3285953501179049,0.49033285765162166,0.3265058314713795,0.21072082706752857,0.15652048685299164,0.3312007700762537,0.16040466159601136,0.23043891207666822,0.6749944903435962,0.4019387589914058,0.0,0.0,0.26606292743471593,0.10136820177319193,0.1338223923446312,0.0,0.2386412020747398,0.46785115759295554,0.11363547039624239,0.27398730653621656,0.23543100281018056,0.04177859370532235,0.3348160153835749,0.559945762090572,0.5722078794590039,0.5272466407119061,0.3355223906998492,0.38991177142611033,0.33525407226964266,0.6085530200114466,0.0980857199333168,0.522697109395243,0.5590210109907578,0.5897505095861355,0.2699211724607814,0.24984200226643932,0.31829634614910635,0.3514613884557488,0.4854810006714919
0.196582301711166,0.6857222451703974,0.3936585166313987,0.1649978521446023,0.10702225315807493,0.0,0.4666415585145465,0.0,0.0,0.9405500047560021,0.1660028995150126,0.7810898874927136,0.39605192212751744,0.0,0.0,0.5457015309255482,0.0,0.7395170172935633,0.14267459188991202,0.0781164884467276,0.0,0.44685593007667995,0.0,0.6742427565649558,0.7043117120292456,0.6300751419722114,0.0,0.4230588296984855,0.0,0.14364321058620655,0.14412111911415193,0.301729198163806,0.0,0.0,0.0,0.1413482742765702,0.06257650888045316,0.43757407706153334,0.060416241506295966,0.0,0.39932339180805215,0.14930653297995855,0.5432959519826167,0.34514632172894216,0.33694346591185964,0.43540275545623075,0.21576975946665583,0.0,0.07683565581855908,0.0,0.0,0.0,0.0,0.0,0.9290886128638718,0.0,0.801710152048305,0.21627517239482977,0.0403385467797196,0.08915432343032201,0.1327817167307132,0.8472997519441129,0.39432461704327065,0.29183326956827377,0.0,0.0167438053461488,0.16120195151976857,0.0,0.6327032446037341,0.5745691904645888,0.5467614443573166,0.0,0.3230542880856214,0.0,0.2743190370402744,0.4545853085212211
0.6538821914696646,0.6030547953331484,0.4788953737531258,0.0,0.0,0.0,0.0613569298568774,0.043936499015669726,0.025607348207644764,0.5532015982641001,0.07790830172649502,0.5643378363180335,0.14974873483680007,0.0,0.0,0.7252608872957483,0.7395170172935633,0.0,0.24254091273677794,0.0,0.2512225093400027,0.44306008161546484,0.08620049755847695,0.7692312000625106,0.8878844400264906,0.7884025832259147,0.0,0.43536301394159194,0.015114019392734518,0.31398275656450225,0.5065267471369669,0.23300465191634,0.052216269775742674,0.04144514691017918,0.0,0.46084598312799946,0.1158871460687637,0.3191215434628946,0.2260894504036197,0.22587937306612088,0.00897586157467102,0.061636004917185745,0.2622068258643707,0.08325828273143507,0.307779794220501,0.7152857891669454,0.5559767629552989,0.0,0.0,0.11043704091459873,0.09370279149153624,0.0,0.0,0.100139637438403,0.6548733838527325,0.048058095342318134,0.5797259995743135,0.06353803686680586,0.0,0.0,0.5196569696676328,0.7327017477850213,0.7660821846179758,0.349241238223813,0.24800917233093744,0.10193526158509082,0.4369454598186674,0.0,0.7077401062031095,0.8065765176831103,0.7864900565364563,0.030574203295782764,0.062431574061418124,0.15805965932808289,0.0948411407470173,0.18488116173495062
0.22315739483559963,0.25170593792371343,0.6086824272924826,0.10695237728939809,0.34152927565140806,0.5663613810116976,0.3431414828574357,0.3981921825261295,0.5229980925919336,0.12258423582099597,0.615664758554396,0.21495936353661296,0.38306167049444806,0.3674580708741513,0.27307012427231314,0.28742047845669,0.14267459188991202,0.24254091273677794,0.0,0.36228647906063083,0.10301582074384938,0.26627039414791903,0.5671612712752938,0.30362077413315236,0.1531314878544774,0.27371519345288525,0.5900986020596125,0.35209364967487017,0.3574874682423815,0.3826513492818569,0.25623058004930577,0.19534754582920064,0.1010420830596365,0.2515664673920518,0.04958947191381762,0.11125683030131393,0.040961820642923724,0.11320855936747812,0.21477786647489866,0.05278924325260923,0.23435857566517884,0.0,0.06956759640642207,0.0,0.027065412143305198,0.2782087264024017,0.2527016649829603,0.5051261822620174,0.0,0.46215709719884124,0.43860413550479344,0.31398354249694627,0.38754189056356025,0.47945624188219144,0.06929219643823589,0.5859592389417544,0.148309811694957,0.3825840046180377,0.33500839195186766,0.32225063690835815,0.248568601257068,0.1106673773294803,0.14568562330264806,0.7073449856912445,0.38725379135340643,0.20391878876983918,0.3372091257446864,0.46694447344260753,0.24219907859659567,0.12598762601810415,0.21871311526570636,0.46539316885330373,0.23124778223755316,0.20739012808158844,0.33441139930943375,0.24024072803836644
0.0,0.37429542000274174,0.1622000900989362,0.560057713921644,0.6935560607216942,0.6289979412125892,0.5997134529690806,0.08682055903656362,0.3559724802830777,0.1281915419129835,0.5380581953921938,0.012666926611427159,0.7658163143740935,0.5435376548876399,0.6659968276519046,0.3136646625350712,0.0781164884467276,0.0,0.36228647906063083,0.0,0.1987479048010943,0.618224793778156,0.5083361434689542,0.04128874107602791,0.0,0.11799407386093323,0.7473061764276533,0.5703635056818102,0.6929299345167842,0.2802712596880437,0.22660498925910663,0.48127927412118976,0.21180394517333395,0.16560104938185444,0.11787415136025535,0.0,0.0,0.195560164637234,0.3243108898940048,0.11866857999183074,0.4169131041529145,0.11226595452664771,0.29762622023501517,0.15623748093972775,0.051635431003209886,0.14368870153335614,0.01773393117015665,0.29441027309408985,0.22418573182476387,0.3951221405987201,0.0682096397083578,0.5025399883362356,0.2221851248664765,0.232090547073944,0.026103933543608664,0.23492949876382424,0.0,0.5384114081079018,0.6038060314406067,0.7942150577657645,0.046181028382778766,0.07223417792000784,0.0,0.3009729557209824,0.4319663602475964,0.6528400782468455,0.3570468529008789,0.5784450201660161,0.09929168292556383,0.0,0.07991942681674717,0.41340865968803303,0.5325972645160764,0.25795181060548733,0.5974244639273325,0.5040461240651513
0.6435982175372,0.24993729766815462,0.0,0.0,0.0,0.03460720231005593,0.0,0.3191048473876437,0.13589028496227504,0.0,0.0,0.0,0.05029598195088854,0.0,0.5763224005950626,0.30093240339739885,0.0,0.2512225093400027,0.10301582074384938,0.1987479048010943,0.0,0.49551918149173413,0.4327276294972808,0.23791636664185883,0.28340913485714037,0.33061260924722047,0.2854299789144988,0.3182289278126789,0.5037858816918129,0.2555460273758253,0.6420630730787202,0.20406259727971834,0.36287740140579644,0.34217283468927406,0.0,0.4224808460984663,0.0,0.01151340083549224,0.46932773380549647,0.5818398282724084,0.0,0.07900098937893349,0.0,0.0,0.20947107862946512,0.5346241539643696,0.5777141340297572,0.14293758512854507,0.0,0.18025994178720872,0.36105874516489717,0.0,0.3428764255036109,0.3538116370693154,0.0,0.22254498814317206,0.0,0.08470480047266106,0.0,0.27162112429163915,0.5397481056449183,0.1521430099583964,0.5065396346945777,0.0,0.581341748861284,0.676042995022821,0.5779428288851347,0.29467697372806123,0.1983267106430874,0.4735098818039743,0.4990636774337506,0.3979341772203507,0.02060319891584135,0.6529032328043418,0.041216177139298024,0.0
0.4028046311711745,0.758511368609224,0.1779308900503239,0.3789381663888913,0.2394488381445719,0.2093717644605011,0.396397955355012,0.073224592374221,0.07947305830899445,0.4081481443715361,0.25547810425961964,0.27253087206399107,0.6401402916096659,0.10184218268697161,0.6562605021569515,0.6905597343454054,0.44685593007667995,0.44306008161546484,0.26627039414791903,0.618224793778156,0.49551918149173413,0.0,0.37662470213350674,0.49815952021411797,0.4945813974206813,0.601272662153774,0.4514410563967912,0.7395744887323971,0.564597087314478,0.37648104346998285,0.5488412347778643,0.548693674396647,0.2700520566896375,0.16337450911897994,0.0,0.15812916373719804,0.03476787377710854,0.36712122579165857,0.47059341097496343,0.3234139462246821,0.33204650069258956,0.21967809967783214,0.4218395176457652,0.22884356031061492,0.28325989444262595,0.584219967281829,0.40792547148828884,0.0,0.10934006235103025,0.19067458906681148,0.007835869152657044,0.2218939214965192,0.0,0.11788389497270536,0.45310824772130787,0.0,0.24209012109947445,0.36753663987339946,0.19955920406482971,0.6568511122269738,0.3731068719325552,0.5543004859593317,0.36968755203062137,0.24120996593980928,0.5211495606568156,0.6590493925596409,0.6369951261057892,0.3088763427021096,0.46121474033622606,0.4781000692224783,0.5949919530019986,0.22308235263855436,0.4476987286272187,0.3520398369288813,0.538110140884743,0.46639995510036153
0.3016113739205844,0.34013215559644355,0.38720216508568944,0.19066718298209365,0.29059927877847896,0.729663192299329,0.2539191082437768,0.670847660854989,0.46257127177140983,0.0,0.5470065516801027,0.14749533906779652,0.4310640749903807,0.3439012318078018,0.4467188621969104,0.20084358399697744,0.0,0.08620049755847695,0.5671612712752938,0.5083361434689542,0.4327276294972808,0.37662470213350674,0.0,0.2984572398599122,0.13674605828735076,0.35083982821490906,0.6325441622127871,0.30256813464414795,0.49803442478110854,0.27397450069102514,0.2478916841056429,0.28329833394862797,0.1988981752688076,0.2507857330030196,0.011343162235672997,0.14885180201675657,0.0,0.09469840367259451,0.3377218690708383,0.26360844541631995,0.15309995348981498,0.0,0.04995048377734017,0.0,0.14345843519708423,0.3421847002759049,0.37263880460799353,0.5016267452082249,0.03629451506800524,0.42358277309531156,0.5408291602382663,0.36285792592864313,0.6939936356185454,0.4699527587786978,0.0,0.5318357344334766,0.09943320461460314,0.4394862674766088,0.35660088235615417,0.4770283022417049,0.20488620145386605,0.04568390757279996,0.1389849610285486,0.4910291967537376,0.4537793380583621,0.5121853512703094,0.34155897871192065,0.8232861383764418,0.3247109982477339,0.1516161798176184,0.3285543700333815,0.47951335983740195,0.19116626513071147,0.2937905236237005,0.24836605184781135,0.13838852913800959
0.6957417963045381,0.7346984815914723,0.4330015341775414,0.00796491162577301,0.0,0.0,0.116966674333595,0.18144614795601724,0.0636384667106112,0.5272277868235962,0.2010824636373239,0.5364939541005879,0.2458288812606988,0.0,0.13707528650143544,0.5866315935270274,0.6742427565649558,0.7692312000625106,0.30362077413315236,0.04128874107602791,0.23791636664185883,0.49815952021411797,0.2984572398599122,0.0,0.8388406373973758,0.8989805400786661,0.058629147326561576,0.550576988003511,0.02689050092900113,0.37216004933216845,0.4408025806814496,0.44426016994589573,0.0,0.0,0.0,0.5206957139351771,0.1392782827591239,0.48095061959462343,0.33146921410221636,0.21681354020902877,0.2421914263303172,0.11572551586781585,0.40585343305760657,0.2537732395045294,0.44140837568599633,0.752999060791693,0.6496147357841374,0.0,0.038129640578626056,0.18997840613609482,0.24092879717707122,0.0,0.00899544080711127,0.14863625162520858,0.6269976251808403,0.1205127059135096,0.5618292158223503,0.23158657744331482,0.0,0.135645216304343,0.48810635219043136,0.7325151997589365,0.723037459224268,0.4403265894232484,0.4252472525151986,0.2020227328827341,0.4963494335655374,0.08002567197009601,0.8654535681850993,0.7847752049208648,0.8795224622417414,0.08953287600751067,0.27532844834414283,0.22226890353714168,0.3323341500266242,0.3192128265561568
0.7636082140141703,0.667351957568448,0.36692629286940165,0.0,0.0,0.0,0.0,0.0384336706817119,0.0,0.5266182208548275,0.05566161217936549,0.4699460579748093,0.05986991261332408,0.0,0.1041543269326014,0.6744301419081283,0.7043117120292456,0.8878844400264906,0.1531314878544774,0.0,0.28340913485714037,0.4945813974206813,0.13674605828735076,0.8388406373973758,0.0,0.901030334736189,0.0,0.4168297997150399,0.02832457944515986,0.30182064966320976,0.4783263780315314,0.38664121977353155,0.0,0.0,0.0,0.4556080827440303,0.09638906422619326,0.36681201667373564,0.3626444319963288,0.22159051757408013,0.045915362319554294,0.0706514724901245,0.2546857967319739,0.10429936444763155,0.3679182150256275,0.8169958480635225,0.7192482177282863,0.0,0.0,0.03195186168862102,0.14264122345430852,0.0,0.0,0.05959158330527563,0.6685499503142716,0.020217563970620533,0.5202848603179164,0.0,0.0,0.09021088084129775,0.618700084020899,0.7288490007019632,0.7597836918639299,0.31620124800178223,0.3610289071764565,0.1470870021792414,0.5900966636289222,0.0,0.7583504526827584,0.9417399468124663,0.9201356155117408,0.053927613555467144,0.03862073595659457,0.2786868901534726,0.18634714463938834,0.2580900473390962
0.7449303764097849,0.8345557938644086,0.41064691374721113,0.026226834634225527,0.0,0.03377287086630635,0.07326000849911256,0.16139989598797905,0.04831236001394958,0.4609117484025795,0.16235154136033816,0.48225392857149074,0.26515711216931087,0.0,0.2167872211953879,0.6137469483151567,0.6300751419722114,0.7884025832259147,0.27371519345288525,0.11799407386093323,0.33061260924722047,0.601272662153774,0.35083982821490906,0.8989805400786661,0.901030334736189,0.0,0.09766549476286088,0.5628426989285127,0.09733642705993309,0.35457826637339174,0.424236966096217,0.43869331956598495,0.0,0.0,0.0,0.520856678485615,0.1311157494396195,0.40674654443454783,0.38334361745500783,0.24257531288870282,0.1503937521657055,0.07698188257840205,0.35369388351238584,0.2318928335038512,0.4054451363273498,0.7853834903621822,0.7456388147300228,0.0,0.0,0.1848449652148294,0.27994131053858523,0.0,0.0,0.1646283587534337,0.5833163124911799,0.11157826382034455,0.4947021175000056,0.18626798884158483,0.0,0.23005776727850863,0.5709223938455632,0.7321187094808584,0.7461429151407154,0.38605076177739195,0.5231145549057163,0.2651965120179857,0.6099123541303716,0.11013165351552752,0.8016806902147747,0.8271051565376678,0.9706997128611807,0.16734922057721685,0.24222737589773002,0.2936433309414249,0.30449226020758663,0.30522914845720195
0.11030613631546116,0.22748346005981576,0.4615633647211747,0.2747068445885681,0.5784562148996553,0.7691521235382602,0.4492480006217888,0.21411916378481546,0.674402907637737,0.0,0.6725146715522983,0.0,0.5449412871042697,0.4169190166122685,0.5288373110642645,0.33017953595421357,0.0,0.0,0.5900986020596125,0.7473061764276533,0.2854299789144988,0.4514410563967912,0.6325441622127871,0.058629147326561576,0.0,0.09766549476286088,0.0,0.3983800135948635,0.734743572736886,0.33968118698260025,0.3485742335800598,0.26237568154603963,0.2816676857714789,0.325890555700727,0.23625751303015816,0.0,0.0,0.04686650738578228,0.25328553842928514,0.23489794798653368,0.17246176308790684,0.0,0.0,0.0,0.0662444673288872,0.22944786604260878,0.12345957049441152,0.6541395256193006,0.18607217500395395,0.6036077983990791,0.37119570317021633,0.6443641433626082,0.3999275831221162,0.6406962327066928,0.0,0.6353813759848425,0.0,0.5223263419743676,0.5038134562689058,0.5775536582815027,0.20742728388707726,0.0,0.03253592104564337,0.5178891729355423,0.4585660513526834,0.49974523074962646,0.34651172747941816,0.6434024565308639,0.054815938689257084,0.0,0.07696053672208499,0.7382209276170837,0.34536406444866946,0.354496554950279,0.36069216073761623,0.26610085812975365
0.38327228672236113,0.6539060164181214,0.320646157010109,0.4818816409279745,0.23139187339318668,0.2812330526868966,0.46103538430515206,0.0,0.28731632839529364,0.30614961957657116,0.322811059639119,0.15846865536224294,0.6775136244951181,0.2505334259832911,0.4578174167481987,0.6590981296410855,0.4230588296984855,0.43536301394159194,0.35209364967487017,0.5703635056818102,0.3182289278126789,0.7395744887323971,0.30256813464414795,0.550576988003511,0.4168297997150399,0.5628426989285127,0.3983800135948635,0.0,0.4127543111786114,0.5313619237405164,0.5812745363103069,0.6142946242467896,0.15442219577714156,0.13844812522574665,0.0,0.33072635324909,0.40041179127796145,0.40760301596922466,0.545405072840206,0.2615150977925545,0.42019406153063976,0.1724039994115183,0.6322413276522798,0.4355625147450995,0.2849294862885372,0.5115864243794991,0.3776341612759792,0.11699213140205039,0.2645752716001679,0.5566190669309535,0.22461328235349826,0.3001484485147527,0.07771484430738981,0.3729589336157685,0.34926291218930994,0.23477333702140585,0.1474686390961055,0.5649439904103873,0.38807005100956976,0.5243406331905671,0.4390989955335296,0.5404113989639799,0.415784293730992,0.4122044454723502,0.5914464314615727,0.5013291170219637,0.5939303178954255,0.28791975005923387,0.558893830234238,0.3922308187295748,0.5557432681350019,0.35622386694682295,0.6679873375178476,0.37836227208826606,0.6191999847633671,0.6064199368494096
0.2589672093488925,0.12566903051945533,0.11160151401418919,0.27557325257805093,0.4519029481732042,0.5757201528302278,0.27738033087342834,0.15878199521735883,0.5776810344199905,0.0,0.45864610457382504,0.0,0.4723892661264201,0.34339954747144774,0.7782485584186324,0.41749260705034547,0.0,0.015114019392734518,0.3574874682423815,0.6929299345167842,0.5037858816918129,0.564597087314478,0.49803442478110854,0.02689050092900113,0.02832457944515986,0.09733642705993309,0.734743572736886,0.4127543111786114,0.0,0.47772113510741143,0.49494968120372285,0.41058814755474343,0.36223208251562106,0.29601509872577625,0.22958284344824764,0.0,0.0,0.0029434027779645685,0.4063187894162914,0.32270774036330613,0.06376349329332145,0.002080340334457722,0.0,0.0,0.0,0.33900313345314526,0.14337543403740066,0.37176728549803695,0.0,0.3320352684101578,0.3403053668989643,0.36542707648280554,0.26125570295700595,0.49596265029754094,0.0,0.4438760523616071,0.0,0.26654939853892046,0.24650097596791667,0.6999046256604533,0.39221191634196506,0.0,0.062372463237459534,0.2401677743951609,0.5410238744152726,0.6994365082566477,0.5409204131251193,0.4692495232111342,0.04284863305874258,0.0,0.15721644387841185,0.609906003507487,0.09821942901457655,0.6161215059459559,0.3500950692016717,0.34688944620401474
0.43722620904234083,0.24895828764033162,0.23731474856940638,0.08416657538153217,0.1646124715936921,0.25445347344318603,0.1651896719711068,0.15696528772712168,0.41476172796984645,0.040821220944374965,0.34137264092485053,0.0,0.295029227160708,0.11793226200235826,0.39650110698733565,0.4946413070075886,0.14364321058620655,0.31398275656450225,0.3826513492818569,0.2802712596880437,0.2555460273758253,0.37648104346998285,0.27397450069102514,0.37216004933216845,0.30182064966320976,0.35457826637339174,0.33968118698260025,0.5313619237405164,0.47772113510741143,0.0,0.47849358710738216,0.3181057588806582,0.18060680868117074,0.19972255311339082,0.0,0.18187115818123348,0.15181242070402642,0.17914233085582035,0.35029362797371705,0.23991096920967592,0.12049001638270919,0.0,0.10799167654346536,0.025259039081384584,0.10433549902692134,0.4865627489697946,0.255243026304121,0.12306666546229797,0.0,0.29456444478048266,0.24435379012227829,0.0870319751633906,0.11469610762985696,0.3804268826455939,0.017922460640071785,0.3271182551606,0.0,0.09140473471021572,0.09378589354851247,0.30326936237155006,0.42479422245713183,0.11554329086286069,0.27469584874951253,0.32720975092047444,0.43720201390072216,0.2935573411941134,0.4828999155065779,0.11538876419020802,0.33018466995020074,0.26635048509991127,0.3423646376200976,0.27771575876910126,0.11894844371865354,0.36858277848377136,0.35131329849890375,0.3138107730084996
0.6754695195238314,0.3174189229633793,0.2691721421197727,0.04850365581292396,0.0,0.06018067227209376,0.008872773108108481,0.08197545708829992,0.2773544259821531,0.0022527460900569093,0.13366209825110148,0.0,0.19287107454656768,0.0,0.44437853561529445,0.6645077043373863,0.14412111911415193,0.5065267471369669,0.25623058004930577,0.22660498925910663,0.6420630730787202,0.5488412347778643,0.2478916841056429,0.4408025806814496,0.4783263780315314,0.424236966096217,0.3485742335800598,0.5812745363103069,0.49494968120372285,0.47849358710738216,0.0,0.46724373086049537,0.39681083215586593,0.4132868695361496,0.0,0.4459508662691166,0.23972280563798348,0.22927867027653573,0.6117279082898249,0.5516914803817417,0.0,0.19956634877049675,0.1302172560861354,0.06731329199383253,0.22703526618567607,0.7047962232003501,0.451630938429831,0.14178795170327976,0.0,0.34066145034498935,0.2808911575060248,0.0603725186919278,0.07421676198704652,0.4290105060496148,0.1204216158424155,0.2687682896284423,0.0,0.14073407004714086,0.0,0.27972775353531587,0.6575761938579453,0.3161572728600826,0.5637442841391491,0.2556903517016887,0.5527129285235671,0.5261446989757191,0.6651116179292873,0.13313726911704202,0.3921600452177318,0.5263465036290249,0.522843603303114,0.4125419677619884,0.15215656863419696,0.538564812693789,0.2242596928352251,0.2298059640924813
