0.0,0.5403895888445365,0.3117712330823115,0.0,0.0,0.2886648110891645,0.0654875985697467,0.47201028233365794,0.6580273060733592,0.42344175811693774,0.491176859583684,0.21214677649578045,0.3755849129496855,0.0,0.39621703856632057,0.8226772016739052,0.5919809461602511,0.7345548276422011,0.48773976472254427,0.3353782090897762,0.6625509794128719,0.5591250231042517,0.4015678132104241,0.37351748217217323,0.8302772169413537,0.6515387071960013,0.39533593574531595,0.29831806345462714,0.6978716423527441,0.6321569318304195,0.8167299349850179,0.3914649898913819,0.46698522171873846,0.5834918783943577,0.4628896920461954,0.4747953270154933,0.5006733404986833,0.0464138940784745,0.1779456696193607,0.5995528914476382,0.5802368181223172,0.320369438349631,0.13102308896617168,0.0,0.16306088484517267,0.9319383753909077,0.5413394270723061,0.5681356384089069,0.0,0.0,0.61471788051575,0.45776631601515166,0.43940415775251185,0.6030156599918018,0.5546677804614958,0.22777724479636602,0.3403628379770939,0.569893099486171,0.07458312613190023,0.43807020009335546,0.6825865874430272,0.39687060536931185,0.7125138648453595,0.5670738030989126,0.37236278954635105,0.5974006051768455,0.506790946768981,0.6047412165242105,0.35348966818489,0.7629881657745724,0.7665340220070589,0.5981498641156983,0.5375017952283251,0.7642183535416427,0.6133864929942691,0.799002913257149
0.5403895888445365,0.0,0.4640297309834138,0.0,0.0,0.5883279309942077,0.0,0.6789920440463891,0.6532774449619602,0.25731736873606514,0.5557180947144363,0.37054582604675196,0.44046741964454145,0.0,0.5140262067435853,0.6287279105749197,0.49181476282518394,0.6718888415659059,0.34515280512297475,0.47391144161066234,0.5924647449846836,0.6333489081758229,0.674917637697928,0.5639721739385565,0.7498381142962005,0.9064949980725543,0.47647921099081925,0.252386007187047,0.5276076257655175,0.510112009756832,0.5274781304294315,0.4265344943773484,0.36797379807494274,0.4661566885226573,0.31666329975223295,0.25982219405114454,0.27549539240695414,0.0869902343376658,0.28317769252749364,0.41572664555387007,0.41284420873225275,0.2111951984503096,0.07026529813373934,0.0,0.0996024775043866,0.43647700138504303,0.557153574338099,0.4635588302068332,0.0,0.0,0.7569034338493459,0.3698544964789682,0.6490298452905047,0.6104838021131204,0.2745776156675168,0.38323378639562516,0.5253827465067805,0.5834993154843482,0.14206384514305873,0.5523095917465635,0.32284486329541184,0.3508609464789951,0.46420671187541285,0.49808448064092276,0.3757322668713157,0.4032187655336754,0.3173209269601991,0.6295713050003413,0.37133760187970727,0.5461060940510348,0.7276341443362522,0.5861971790237407,0.4693357122597738,0.5044914541301145,0.4517714723118424,0.4428823175702733
0.3117712330823115,0.4640297309834138,0.0,0.0,0.0,0.6847263758715704,0.0,0.5201449060392737,0.4456552783432326,0.3329215647662035,0.5556769418515847,0.19298471033757492,0.0,0.050903986183379456,0.30092541881236623,0.2964914511959416,0.22310770437845676,0.18465213048560664,0.6850087723059854,0.23780449822193087,0.34060167800986296,0.2498811815513913,0.6785156457759659,0.30535305286237985,0.3552904947546403,0.4892939659508207,0.6582030609765692,0.05348039066123843,0.49958747496902217,0.3741137809284188,0.22411044168073194,0.4613972244435444,0.4654244391930791,0.20835848613180652,0.16259500526434298,0.5004838677514214,0.30715688429727117,0.11202811051687929,0.45094493817487624,0.3898325005533918,0.32897126312820274,0.2868361359416688,0.0,0.0,0.17162305573211695,0.3195210634776465,0.19523350231207548,0.34262718597927555,0.0,0.0,0.4658594359090343,0.08849243849949022,0.2867939309086774,0.5289134185701426,0.26995096419212944,0.13393988113306893,0.09615561527726087,0.14741515336619385,0.2535642470590767,0.29265214467849077,0.3560708053646553,0.19622971366920025,0.24598221356356398,0.6739113277086166,0.0778565398093406,0.27545886848549195,0.0598635239458646,0.5048978874968326,0.0701855005821769,0.37645523265367486,0.4545116954351585,0.44233655769892355,0.1742610546015271,0.32027402820672346,0.17514123895641695,0.2478281664603513
0.0,0.0,0.0,0.0,0.6465481113350641,0.0,0.5654210936706245,0.0,0.0,0.0,0.0,0.0,0.34800577126196663,0.41891611687531455,0.0,0.0,0.0,0.0,0.0,0.0,0.0,0.0,0.0,0.0,0.0,0.0,0.0,0.282584124667756,0.0,0.0,0.0,0.0,0.0,0.0,0.0,0.0,0.0,0.0,0.0,0.0,0.0,0.0,0.0,0.20831252693523342,0.0,0.0,0.0,0.030136033209073924,0.6552334042634924,0.28322598993297604,0.0,0.23833358783599418,0.0,0.0,0.0,0.0370668431170324,0.0,0.04972193790371075,0.0,0.0,0.0,0.0,0.0,0.0,0.0044663988996705714,0.0,0.0,0.0,0.0,0.0,0.0,0.0,0.0,0.0,0.0,0.0
0.0,0.0,0.0,0.6465481113350641,0.0,0.0,0.6465841748156216,0.0,0.0,0.0,0.0,0.0,0.29321183838099013,0.5296677327010364,0.11226682350508824,0.0,0.0,0.0,0.0,0.1348057802173213,0.0,0.0,0.0,0.0,0.0,0.0,0.0,0.13915626387504348,0.0,0.0,0.0,0.0,0.0,0.0,0.0,0.0,0.0,0.0,0.0,0.0,0.0,0.0,0.08691389810682726,0.44765904889971986,0.0,0.0,0.0,0.0,0.5983757496928032,0.7354005036706085,0.0,0.2022918240490544,0.0,0.0,0.0,0.30481287302741095,0.0,0.053096221239321104,0.2242775232316574,0.0,0.0,0.0,0.0,0.0,0.02255607840076273,0.0,0.0,0.0,0.0,0.0,0.0,0.0,0.0,0.0,0.0,0.0
0.2886648110891645,0.5883279309942077,0.6847263758715704,0.0,0.0,0.0,0.0,0.724390823355125,0.4946325089690342,0.4975374412625245,0.4576771483431037,0.5887137329009962,0.3544694171365109,0.06452397909224485,0.321757273479016,0.3002285394145136,0.4787875991568156,0.3521061111701431,0.5296233015279894,0.2985821628622477,0.4471957434293465,0.24671353406380475,0.8431700291321318,0.5894597388074545,0.4634867951610269,0.7208219731995497,0.7958907855490063,0.23094166461570287,0.5050916701142587,0.31716088842377466,0.23297299151134956,0.5194318883448669,0.41145301648176247,0.2406818977114986,0.21891070307060526,0.4727837598896475,0.35010108872723134,0.12900674624619154,0.45363283448430464,0.3146318955966307,0.35524843034364356,0.2669535980192261,0.0,0.0,0.18429022613099688,0.2925312422125423,0.3379772064631133,0.48019070014416776,0.0,0.0,0.6563510212278144,0.2087413955818496,0.5505469337545491,0.5265786528784031,0.33905627900069424,0.19057494642959646,0.4844672122242813,0.3739504308369869,0.16187797044328228,0.3714954874316005,0.33012458405336564,0.4397246119575847,0.26196893387071285,0.4993873609253755,0.28920964503904567,0.4097262402144455,0.2247767291364175,0.7424362239484421,0.3495103653353141,0.37907068577049,0.5650330578089382,0.5805690099535287,0.1727532390538348,0.2923714269700304,0.3374727691006636,0.2954514703588831
0.0654875985697467,0.0,0.0,0.5654210936706245,0.6465841748156216,0.0,0.0,0.0,0.27786044295251805,0.0,0.21401740100115796,0.0,0.4365298156677342,0.30601214974981106,0.08869744115494091,0.19788318631358334,0.054439085682357446,0.25612770472484153,0.0,0.09921739174216047,0.10814910910772982,0.01869694423816136,0.0,0.07634322758600608,0.1315934897361392,0.04265583104988478,0.0,0.30028890861500523,0.28968732745217335,0.1967483740068233,0.1346559738239913,0.0,0.0,0.02894295583557127,0.0,0.0,0.0,0.0,0.0,0.0,0.0,0.0,0.271546337644804,0.38619768873894333,0.0,0.11468522739546501,0.27328217703592567,0.1986506454938303,0.4076097401480768,0.38077121364745364,0.1940987478849469,0.40343381301017867,0.0,0.16743228108867864,0.0,0.44483472024223847,0.0,0.31348800833057056,0.17129662646848515,0.08393543908922314,0.0,0.152336594227434,0.1748791484716051,0.10848285317906817,0.12188850824802501,0.16066233201452032,0.09725429903934514,0.0,0.0931008682280854,0.08566081473836147,0.044055989250294206,0.14747381187964312,0.16380288640085794,0.18059120845936336,0.28417752022244475,0.01360209424300942
0.47201028233365794,0.6789920440463891,0.5201449060392737,0.0,0.0,0.724390823355125,0.0,0.0,0.5328808052046689,0.33423428721756687,0.5004401596807799,0.4230753789315735,0.2557275336492198,0.0,0.27254036077152494,0.38013353651896065,0.463574258812227,0.45588629962440375,0.5173229810167606,0.1895232774504356,0.5940235709647858,0.26608066006445175,0.8365786817255285,0.6984772574141517,0.4892057940009785,0.7522263112340475,0.41403220944028357,0.12606249344454157,0.3421957680600806,0.5186708158239764,0.38666421587743016,0.4985623239794015,0.3866072223126925,0.3257204640261465,0.3295639434153324,0.5185089045877422,0.3548576212438531,0.18949723092222023,0.3106469347799121,0.32365844329189725,0.33034498004626295,0.2501666928268378,0.1451314982334911,0.0,0.19353917052879083,0.43923228786528656,0.40391690550242815,0.41386209697688514,0.0,0.0,0.6447887126614321,0.2310400433590268,0.8530261135730405,0.564931145524526,0.3693000563967228,0.2383742098681273,0.5851100743265104,0.4573882266600798,0.15886081765742716,0.3557521195661111,0.21004439007307915,0.38008452498580414,0.3072188765094689,0.5374241465339888,0.1482823557394391,0.5515760590120625,0.13116752333576237,0.7343774009203112,0.559671016067608,0.4170635704238767,0.636129269577161,0.3919395591902834,0.3605706111661347,0.2958348193767613,0.42934346323497047,0.34287987131362074
0.6580273060733592,0.6532774449619602,0.4456552783432326,0.0,0.0,0.4946325089690342,0.27786044295251805,0.5328808052046689,0.0,0.2558417311644458,0.6788391352004827,0.19895007937675213,0.5237692340334171,0.0,0.49319327018510023,0.7444584132959238,0.4692202141567115,0.7038235110347848,0.4124465026030917,0.4811390566950796,0.5442895481878137,0.6045205354146427,0.5380682953944644,0.3952443994982072,0.7008823508855653,0.6806673982076156,0.5664546083577373,0.3568302571882016,0.6950964920630112,0.731496252937497,0.7081331347756789,0.3959367017189513,0.3282362850086935,0.6073290831528823,0.46449412533974027,0.44603140030875327,0.37840489970810526,0.057540854657219795,0.12522507894306914,0.4605931091038624,0.4947002618380915,0.19307870708864394,0.0998857124990954,0.0,0.0020987977734694676,0.6165148037143,0.5708660716464588,0.5304934859971004,0.0,0.0,0.7855148174532721,0.6877767523452057,0.4983806630536231,0.9059759405227454,0.4008602525516475,0.4975204637341125,0.34888454465603647,0.7202176905432014,0.22070157746941302,0.47990816054620766,0.49909424444923134,0.332120846381802,0.6037903930199928,0.6525355011469713,0.3989669769815556,0.4402111960337054,0.426417031439887,0.625303737163154,0.3312072590015332,0.6493865493056641,0.6990149910298921,0.7138138154553605,0.6487000904107337,0.6639679623457219,0.6290124243632873,0.5608718841854827
0.42344175811693774,0.25731736873606514,0.3329215647662035,0.0,0.0,0.4975374412625245,0.0,0.33423428721756687,0.2558417311644458,0.0,0.19083286761729618,0.8039389980581345,0.3724090222847985,0.0,0.18011711703363475,0.34037790700078263,0.8387018739573298,0.4841405869863306,0.5553048354163738,0.16153306862909816,0.3828428174619502,0.17108948855966008,0.3839776851250448,0.42500657363686994,0.5690603564951757,0.4848589902958967,0.48200820606424216,0.3290667557204894,0.34411604038148,0.050407334979770624,0.24669678174907173,0.3019073957447089,0.36858258807103167,0.002282460159620516,0.13112821245605868,0.4970859395225925,0.6860711232522805,0.007547502975657361,0.37602380644856453,0.3678944297190887,0.33267330109476934,0.36582682725577137,0.08766800088705853,0.0,0.2958836915594305,0.42937132260229505,0.30935210197464613,0.6706344012526944,0.0,0.0,0.38540885020024745,0.0,0.29052367171064036,0.3425825666087371,0.7037835847400778,0.0,0.5424530496734028,0.23613125397744122,0.0,0.3654502797344172,0.6300514549985027,0.698065024171452,0.5329235306687198,0.3410323078631645,0.3992308056393235,0.40345664314013635,0.4989666546247828,0.591506183000334,0.32881981583136494,0.5046351893232086,0.5204785500251816,0.49505160447086977,0.16913061590571926,0.36943360745798837,0.3172751799637681,0.6744248020027944
0.491176859583684,0.5557180947144363,0.5556769418515847,0.0,0.0,0.4576771483431037,0.21401740100115796,0.5004401596807799,0.6788391352004827,0.19083286761729618,0.0,0.13931377024758562,0.2788764794730071,0.0,0.36152630117619006,0.6005446319570386,0.3093527047920097,0.531561080331082,0.45060429696468407,0.4162836138544849,0.4289757260669851,0.4437168798337488,0.39569546154572444,0.4445952215280862,0.5962617928745365,0.5768244368145607,0.48458785283572586,0.15605990421939273,0.6439403256050911,0.5840069120817679,0.5122321819934162,0.10265647232889608,0.03653237697933803,0.2502771375131691,2.5424617485476324e-05,0.37013040524804114,0.38776005795681834,0.0,0.0,0.2066784540087931,0.19867593071819817,0.0,0.34680629946075453,0.17952943694698656,0.0,0.50278929438111,0.46164842727616073,0.4093489219033366,0.0,0.09623245803203295,0.6371282587935528,0.2690901875366452,0.45943683194019946,0.7648838472468225,0.20442909785370617,0.7272620325728278,0.14918083678307012,0.4312821165107012,0.32988920977684694,0.3787137643794043,0.2657679242549672,0.30766039051174077,0.34184091362149044,0.7145691754483525,0.2850201276028975,0.35275931966079255,0.30211563150116305,0.46898889730552207,0.231300509424383,0.4679277292888949,0.5275052215371886,0.5511829732090923,0.44638407150332476,0.44217137965371167,0.44255246386741065,0.3792173154309699
0.21214677649578045,0.37054582604675196,0.19298471033757492,0.0,0.0,0.5887137329009962,0.0,0.4230753789315735,0.19895007937675213,0.8039389980581345,0.13931377024758562,0.0,0.5559758700107323,0.0,0.267029848517229,0.21602199719794649,0.782267897925943,0.45378547116141543,0.341776623569376,0.2358069272267445,0.32245289928578413,0.1413460830466614,0.4531873417865835,0.6227467673980323,0.4242942898490359,0.5614912527222679,0.3696959573181224,0.3780455934382101,0.21287633704092868,0.0,0.12050199348354997,0.10650491471074414,0.20997345579763108,0.0,0.01829918914203881,0.23526448271788186,0.49694567104746734,0.05438979555831706,0.25095359211352786,0.20716772757987414,0.11269783774126774,0.18835730497475522,0.15219764481724868,0.02343129068465724,0.2497893047285694,0.24724414793794228,0.2869903102321731,0.6775278506860382,0.0,0.0,0.3975130009426847,0.021356204380167627,0.4320391377398284,0.21132754469743126,0.49168217638931927,0.1230891340660889,0.7835288894678322,0.3013160014536063,0.0,0.42888943352879316,0.38605815472816907,0.6755155165036506,0.37266487620910393,0.1876784123561921,0.4861299728419972,0.3487976074696878,0.4842644067538392,0.6020580334170531,0.48186560430123754,0.28171038407354065,0.4126016173210357,0.3943883955567528,0.17647837279974984,0.17805242815474503,0.28229996790476614,0.41844826017856007
0.3755849129496855,0.44046741964454145,0.0,0.34800577126196663,0.29321183838099013,0.3544694171365109,0.4365298156677342,0.2557275336492198,0.5237692340334171,0.3724090222847985,0.2788764794730071,0.5559758700107323,0.0,0.0,0.48344834635446504,0.5182621304537514,0.6449824348750113,0.7218095226011698,0.10598501743102637,0.5381640763518537,0.3512505385515284,0.46513509884968635,0.24886171366836174,0.42705066350149373,0.5506573436533448,0.5641082522488283,0.3349731868523722,0.7875172537348881,0.4928005947906551,0.3031817946605538,0.4265756190546977,0.0,0.0,0.1782590569894452,0.1342553341334713,0.02264098616676906,0.34490023405730064,0.0,0.0,0.20650403973843204,0.19697153743037732,0.0,0.1920925564897273,0.25401732766523627,0.0,0.33926305827104214,0.42451493432282117,0.687629130049553,0.2708832733697983,0.11622052775037509,0.5695338660343905,0.5332104873661082,0.3837798518055192,0.4333974827580194,0.35684229861210354,0.4562909747712752,0.5705086909744508,0.6673835378202533,0.016701216483053588,0.4989055987306762,0.3564906878554425,0.624473932828781,0.5845365154095375,0.2379464690010546,0.6130563153858581,0.2886746172701085,0.547593940800056,0.44901251152104965,0.37263294505462785,0.37283283028471076,0.4337004120903263,0.5475922810312182,0.43471857079065207,0.44896051380999996,0.5162728008621855,0.44907365362084006
0.0,0.0,0.050903986183379456,0.41891611687531455,0.5296677327010364,0.06452397909224485,0.30601214974981106,0.0,0.0,0.0,0.0,0.0,0.0,0.0,0.0,0.0,0.0,0.0,0.0,0.0,0.0,0.0,0.0,0.0,0.0,0.0,0.0,0.0,0.0,0.0,0.0,0.0,0.0,0.0,0.0,0.0,0.0,0.0,0.0,0.0,0.0,0.0,0.0,0.0,0.0,0.0,0.0,0.0,0.3585852332890228,0.4120274381624898,0.0,0.06217280421851478,0.0,0.0,0.0,0.01128557617067612,0.0,0.0,0.48943562054166084,0.0,0.0,0.0,0.0,0.0,0.0,0.0,0.0,0.0,0.0,0.0,0.0,0.0,0.0,0.0,0.0,0.0
0.39621703856632057,0.5140262067435853,0.30092541881236623,0.0,0.11226682350508824,0.321757273479016,0.08869744115494091,0.27254036077152494,0.49319327018510023,0.18011711703363475,0.36152630117619006,0.267029848517229,0.48344834635446504,0.0,0.0,0.5257699882892941,0.378920836602235,0.5538365885726436,0.21116193529152982,0.8592904501523634,0.519886704458523,0.8117183145407496,0.35041190405993017,0.40507413819620136,0.47015411406239277,0.5385489222792473,0.5101237181208527,0.525672916538349,0.6100345309483157,0.4163795203296503,0.4401462689175009,0.20891357279336611,0.21407861011223853,0.30629848330431386,0.16870979673311662,0.051601116902258104,0.14650220548263107,0.06761760059376576,0.1745225545079841,0.33161854687246306,0.2439303622529556,0.01775929965369066,0.12168580824242356,0.20744009341791286,0.10584238080193287,0.2947864976148276,0.3523011508449254,0.544523616428081,0.0507437900247992,0.15238361791106225,0.4828743243080329,0.3929468935282364,0.3578530621076122,0.4047825110478536,0.3156077546104328,0.39166457070790306,0.3171358445210192,0.4468578975981916,0.07759180388459376,0.8692237293066738,0.40653540812278643,0.359639584710085,0.5280974967607039,0.3891361393227054,0.7312418191559842,0.34866157933695413,0.6315088631076802,0.35223123108208115,0.28470109858665454,0.3845062140570211,0.4442975505334135,0.6088841890039709,0.5228580009422911,0.5302908320978199,0.4834050633904801,0.4018545928824655
0.8226772016739052,0.6287279105749197,0.2964914511959416,0.0,0.0,0.3002285394145136,0.19788318631358334,0.38013353651896065,0.7444584132959238,0.34037790700078263,0.6005446319570386,0.21602199719794649,0.5182621304537514,0.0,0.5257699882892941,0.0,0.5778252616410735,0.8843043576716165,0.41516664593295693,0.5019905877000904,0.6241006103399123,0.7220712931257902,0.3439669080240805,0.3541921026713567,0.853225813333377,0.6807950167222875,0.44149497644830454,0.3865826107933627,0.7557472968618155,0.6492233625391306,0.8500643402073004,0.30893333297845965,0.3377728086293738,0.611948227350292,0.3926377259916427,0.3186707158235315,0.47790462529049027,0.037412892061053804,0.08270536199361093,0.5092399342141591,0.510645514104415,0.15570498538323735,0.14307227340676934,0.07215499626219131,0.06929546648744354,0.738386349710115,0.653581083842678,0.6406139010175026,0.0,0.0,0.7037712893115545,0.5639158631983543,0.40462501164116926,0.6391424184148785,0.52445007082454,0.47102940412968963,0.3239567811607887,0.701796924996193,0.11297421559420966,0.5523755774774479,0.6934915980063254,0.41772881353083885,0.7924649754168068,0.6129902604946262,0.5323846388684566,0.5018360956278201,0.6266818750681945,0.5362031395905849,0.29910927207826005,0.783199812975535,0.7534681639603776,0.6853718366017026,0.6739658273350454,0.803635747940271,0.7154486159423761,0.7820217159559895
0.5919809461602511,0.49181476282518394,0.22310770437845676,0.0,0.0,0.4787875991568156,0.054439085682357446,0.463574258812227,0.4692202141567115,0.8387018739573298,0.3093527047920097,0.782267897925943,0.6449824348750113,0.0,0.378920836602235,0.5778252616410735,0.0,0.7787333720927718,0.508403759178005,0.3527528088630533,0.5255980932508877,0.395559578833266,0.39461302226025047,0.5999837101709876,0.7490683350819856,0.6993092793413799,0.4121554386742942,0.5064806616226571,0.48233320297968435,0.2865937452509029,0.43368071988157925,0.17153507041488872,0.30641967631198447,0.17103118753497634,0.17856165670864677,0.38882407310821515,0.6167330851314382,0.009557398842348106,0.12529797563307166,0.4048876538246343,0.3353851549997131,0.1476524988281333,0.22570026872042956,0.02227930532439251,0.2303849103697084,0.5593396725360162,0.5162341873026449,0.7644680014485439,0.0,0.0,0.5657539850899681,0.2510714611550845,0.45000701726623216,0.46935817621651066,0.7238717304776007,0.21068403137550754,0.7008623908214034,0.5200399773296472,0.0,0.5345370994781884,0.6451132758128844,0.782973940526346,0.7198655045823892,0.45762074434405087,0.5646851432401326,0.4904319626924518,0.6481622881311965,0.6035814379809165,0.5244181950302098,0.61452013347971,0.6740075833119765,0.5623602765775922,0.45442672441983756,0.509517386211117,0.5194754474003729,0.7346609910954164
0.7345548276422011,0.6718888415659059,0.18465213048560664,0.0,0.0,0.3521061111701431,0.25612770472484153,0.45588629962440375,0.7038235110347848,0.4841405869863306,0.531561080331082,0.45378547116141543,0.7218095226011698,0.0,0.5538365885726436,0.8843043576716165,0.7787333720927718,0.0,0.38078100047436925,0.5195012731641572,0.6352280507446636,0.6570319431725427,0.33421843470917323,0.5077385274530832,0.8678171858441522,0.7554576724750147,0.37384480125696307,0.5082487821855534,0.6976272000478017,0.539935243478377,0.7045424746831331,0.15022926731691177,0.2437457674756624,0.45130136852376534,0.27808689610457893,0.2651242352499118,0.5103399369222451,0.0,0.0,0.4380653697037359,0.38032215329493446,0.04473648250367388,0.24113520965884414,0.19538787214245318,0.07579831157765718,0.6523215033453835,0.7212597707719409,0.7869763007279771,0.0,0.0,0.7235059634527018,0.5188627264156068,0.5024701885484563,0.6035663942163464,0.600445622146166,0.5227639339926392,0.5665453274284902,0.751509248665724,0.013519470814987028,0.6348330616408835,0.6336152392024643,0.6208837605365529,0.8314395608900047,0.5781279098985777,0.6079584791028797,0.5263907572566228,0.6884718996719199,0.5881377764520788,0.44402439102662156,0.7180067766677194,0.7444524307999228,0.6647509142513078,0.686377249644652,0.7222055392706692,0.7125727265315746,0.7455864836805473
0.48773976472254427,0.34515280512297475,0.6850087723059854,0.0,0.0,0.5296233015279894,0.0,0.5173229810167606,0.4124465026030917,0.5553048354163738,0.45060429696468407,0.341776623569376,0.10598501743102637,0.0,0.21116193529152982,0.41516664593295693,0.508403759178005,0.38078100047436925,0.0,0.11019670161292822,0.538459578213041,0.16128885607537896,0.49550731904137746,0.413272407459187,0.5043177338786767,0.46666830445518603,0.4733740611949293,0.20786421896910864,0.45938887640325926,0.4341493973715836,0.2715602468011253,0.32630621315431285,0.37109165421909557,0.15150046548504129,0.157891175991351,0.7130892709079085,0.5634661393678714,0.05486294552978693,0.26711908517407323,0.36949418189545086,0.3350615154724297,0.30041244359377983,0.20233926545772238,0.0,0.10632828119037925,0.5240398996532993,0.3608305178754146,0.5365478412434372,0.0,0.0,0.4336710872083966,0.10381199349414004,0.37897850903029345,0.5098965901489426,0.5683887358911287,0.08545458991038396,0.2762050090304752,0.2483302498871899,0.0,0.3178679215020564,0.5594659674421548,0.49376861997500104,0.46594413348913516,0.749528045855198,0.2015538067723707,0.5341938369519544,0.29984496665374133,0.5588514391506395,0.28471996688831425,0.4807352913822056,0.5657093225408756,0.42406485016206874,0.30262371755293105,0.4259667566624827,0.445607368504075,0.518185316326962
0.3353782090897762,0.47391144161066234,0.23780449822193087,0.0,0.1348057802173213,0.2985821628622477,0.09921739174216047,0.1895232774504356,0.4811390566950796,0.16153306862909816,0.4162836138544849,0.2358069272267445,0.5381640763518537,0.0,0.8592904501523634,0.5019905877000904,0.3527528088630533,0.5195012731641572,0.11019670161292822,0.0,0.3994983112238277,0.8754380565430311,0.2599294170770248,0.3636902262447506,0.45964746244258287,0.4879384541688809,0.5612783689060317,0.5722087744455782,0.6289425346016294,0.4023896155305798,0.41714959306832794,0.11245060829650916,0.06366442309345928,0.25187345732309896,0.03761617913794281,0.02167917969599886,0.15830904196476792,0.0,0.06091163645706745,0.22338015550834395,0.18251356665352197,0.0,0.1889066363522666,0.25525159032078004,0.04838455424610469,0.2976600255608882,0.31442760268184056,0.5043429343456517,0.08590531340502686,0.23860295204371182,0.4550172367342984,0.3148490627947418,0.28534151221671306,0.4343564094974025,0.1987355832096177,0.45384473376843104,0.2516998219810029,0.3876636068508752,0.02459961011956018,0.7144451603906098,0.30548653029593437,0.3437936007587154,0.43115951368245325,0.3386743069681883,0.7865436691614653,0.20559636836745113,0.6251666071329118,0.27790122326769945,0.1640228911500623,0.32492905127426214,0.36911228668116397,0.6057712821116636,0.4763919979397511,0.4509586853356259,0.4148061933892479,0.3704503443727694
0.6625509794128719,0.5924647449846836,0.34060167800986296,0.0,0.0,0.4471957434293465,0.10814910910772982,0.5940235709647858,0.5442895481878137,0.3828428174619502,0.4289757260669851,0.32245289928578413,0.3512505385515284,0.0,0.519886704458523,0.6241006103399123,0.5255980932508877,0.6352280507446636,0.538459578213041,0.3994983112238277,0.0,0.5310538301839143,0.5136646331157502,0.5464123795111432,0.7111614061889622,0.6692126163216137,0.4236542886105545,0.3273794445068586,0.6574510742964647,0.5543750224876138,0.5654597488888488,0.357107961095381,0.3979567829791739,0.4739602779430669,0.3067841349831514,0.4143702818306942,0.3512207605070043,0.11625394074127908,0.20822959908848182,0.43423049469644154,0.396492349999792,0.20252848115533872,0.22298474224420406,0.03368471330062412,0.1223021314444033,0.6674232664556948,0.67493551262583,0.5711510415341703,0.0,0.0,0.6560876980440217,0.36444844191242143,0.6436779665706778,0.4760871581597764,0.5794493491723732,0.2981301232650704,0.49803721954484464,0.5715511669617669,0.0,0.5798636010497893,0.5992897544566741,0.5581068156720802,0.6499601972753412,0.5317587687298031,0.4354858012650686,0.8032705041623818,0.5225830975576803,0.6230387955527935,0.4661825847916697,0.6642379953457653,0.7646972850997005,0.5915175701775732,0.517006740717906,0.6941602856177891,0.6387038107779212,0.6250579760934719
0.5591250231042517,0.6333489081758229,0.2498811815513913,0.0,0.0,0.24671353406380475,0.01869694423816136,0.26608066006445175,0.6045205354146427,0.17108948855966008,0.4437168798337488,0.1413460830466614,0.46513509884968635,0.0,0.8117183145407496,0.7220712931257902,0.395559578833266,0.6570319431725427,0.16128885607537896,0.8754380565430311,0.5310538301839143,0.0,0.31685247869836514,0.2794727512774062,0.6151707841331128,0.5765157605780264,0.4519444190227427,0.4521837893428607,0.6815524297804241,0.5584776770493329,0.6304329645995527,0.29040222218179035,0.24209164922020024,0.4659976909367612,0.262203952330958,0.11365020362960207,0.2326165101987494,0.04649722240396888,0.1612556403155341,0.3805640414318393,0.3868047040278875,0.08458087810612394,0.03812197728769186,0.1339027409158692,0.1197534048234922,0.46361616644973197,0.503809995464672,0.5016600882505716,0.04200937446293114,0.07283581616292463,0.5676867263947913,0.4311908294770709,0.3406273260042213,0.5080361723371914,0.3270075880926655,0.41395712268997215,0.2448237678334912,0.5210074054044205,0.0,0.7381398233154196,0.48929463369035325,0.28649724003190696,0.6107416563012916,0.4327896470562793,0.6831649352854285,0.2889592745837285,0.6577170312369648,0.36540862318786477,0.15839275037012426,0.5842219506439693,0.5696996007734657,0.6738762687863121,0.6194921920540047,0.6596440699529945,0.4757653418865503,0.5356254039412124
0.4015678132104241,0.674917637697928,0.6785156457759659,0.0,0.0,0.8431700291321318,0.0,0.8365786817255285,0.5380682953944644,0.3839776851250448,0.39569546154572444,0.4531873417865835,0.24886171366836174,0.0,0.35041190405993017,0.3439669080240805,0.39461302226025047,0.33421843470917323,0.49550731904137746,0.2599294170770248,0.5136646331157502,0.31685247869836514,0.0,0.5827294726754083,0.4464571717369125,0.7411503282117629,0.6660793599334418,0.15391364072136002,0.3946665482655088,0.3914392342117495,0.33904349885640817,0.6475943083791282,0.5515179051424557,0.3861763643958955,0.4438063047473329,0.5008151074276981,0.3004422289982336,0.25644324316237027,0.52320307418835,0.4285825822932149,0.4447122542914692,0.39946582908700484,0.0,0.0,0.290177776664506,0.34897670162549516,0.31508458933560324,0.42071042096020356,0.0,0.0,0.6817155393416741,0.2973875338680531,0.7164937247485512,0.5140769985408786,0.29767365911729626,0.12555295806014383,0.5255246939151612,0.4497422423982237,0.21148357957266273,0.4019879309068995,0.32227204305193224,0.29247499237322105,0.2555487176237682,0.46229520896158394,0.22082971649384986,0.4611745277094395,0.16084584534247637,0.8405797205305445,0.4457498684174756,0.40120248713397744,0.6086041397088298,0.5070355667817088,0.3093602073606261,0.3240412425610299,0.37483102233496873,0.32358094125976744
0.37351748217217323,0.5639721739385565,0.30535305286237985,0.0,0.0,0.5894597388074545,0.07634322758600608,0.6984772574141517,0.3952443994982072,0.42500657363686994,0.4445952215280862,0.6227467673980323,0.42705066350149373,0.0,0.40507413819620136,0.3541921026713567,0.5999837101709876,0.5077385274530832,0.413272407459187,0.3636902262447506,0.5464123795111432,0.2794727512774062,0.5827294726754083,0.0,0.5100179896700069,0.7218662193808398,0.35617656847650236,0.33394218234258743,0.33769818441875216,0.35092497217689333,0.2814777597087017,0.15006059955846265,0.2626309928465338,0.13161326027252396,0.09183567166942985,0.3440967672646016,0.30316671469748874,0.1687210457698749,0.10826612424527828,0.253861184214422,0.2057539024258067,0.07348831240236903,0.33166914648698753,0.06679025886249063,0.10318760418533707,0.36964379245627804,0.43791913662024085,0.5350247353811026,0.0,0.0,0.5569401364787055,0.1365393173944064,0.6818189033585954,0.39575431316048104,0.3792912041699716,0.32190137592794527,0.6827786873266765,0.3414549955318915,0.14016658696485232,0.48397803157459,0.1990654006121301,0.5573479325966572,0.3444869626097607,0.45981111977681816,0.4055300785438562,0.5220127552714743,0.3592334277265288,0.5919488756099729,0.7030235152565903,0.32650712422306805,0.5614650328560408,0.4056633092384951,0.2933784930987792,0.24744051333971934,0.4952347037461274,0.36696527329755746
0.8302772169413537,0.7498381142962005,0.3552904947546403,0.0,0.0,0.4634867951610269,0.1315934897361392,0.4892057940009785,0.7008823508855653,0.5690603564951757,0.5962617928745365,0.4242942898490359,0.5506573436533448,0.0,0.47015411406239277,0.853225813333377,0.7490683350819856,0.8678171858441522,0.5043177338786767,0.45964746244258287,0.7111614061889622,0.6151707841331128,0.4464571717369125,0.5100179896700069,0.0,0.8446693148131196,0.5601151526086429,0.3806868043914329,0.7374995317885733,0.509859374047978,0.7016637903678241,0.33167040042677853,0.3935590342877038,0.47946407160303794,0.3419586107994762,0.3529420801040792,0.49090868459198084,0.015788622972891866,0.16293183026893707,0.5387881200985573,0.5335443718675406,0.2331379111569031,0.19111576000505592,0.027612208485024714,0.1309333116648044,0.7823478044566337,0.7522011676962543,0.6739314278087437,0.0,0.0,0.811456685259337,0.45190393793281086,0.5099248705227617,0.6493382866275159,0.6054667730809293,0.4002264445586673,0.4590278201860562,0.6692017083965056,0.045998640696263665,0.5799857363390902,0.7007843743860956,0.6025479978765594,0.7578290123027164,0.5955642754205723,0.5261271763103662,0.6142087534381484,0.6155699701267009,0.674836773382881,0.4109706127639464,0.8648098468643702,0.8961646938433313,0.7770766017309577,0.550088465651762,0.7793590503481347,0.6553666659861139,0.8362511899972298
0.6515387071960013,0.9064949980725543,0.4892939659508207,0.0,0.0,0.7208219731995497,0.04265583104988478,0.7522263112340475,0.6806673982076156,0.4848589902958967,0.5768244368145607,0.5614912527222679,0.5641082522488283,0.0,0.5385489222792473,0.6807950167222875,0.6993092793413799,0.7554576724750147,0.46666830445518603,0.4879384541688809,0.6692126163216137,0.5765157605780264,0.7411503282117629,0.7218662193808398,0.8446693148131196,0.0,0.6051024773502361,0.38366714522427653,0.5946379109091979,0.5282297764921208,0.5404832191156113,0.4328748501530296,0.42924286654525484,0.387785960470746,0.30024773138498895,0.37749446550789395,0.43900682570345706,0.09416192597984578,0.2900867326186278,0.48990231706372006,0.48104319626478226,0.23898030775659276,0.11499076457137891,0.0,0.18924936169077144,0.5797917495698318,0.6066353304174125,0.6030740613035385,0.0,0.0,0.838554494434023,0.3893448418048388,0.680614122192166,0.6534269323273726,0.45292700355493853,0.33791771833167017,0.6294601735869737,0.612452380791557,0.11998054417536287,0.6097296164901047,0.47339227424776276,0.584461638958206,0.6107148595200503,0.5584079133116384,0.4775139925724131,0.5387664804600666,0.4520346553980697,0.7470200195501471,0.5217178925680249,0.6446682908042606,0.8495867472793908,0.6952648937990497,0.4589468174136298,0.550412366311454,0.5688770331552155,0.6034442242748239
0.39533593574531595,0.47647921099081925,0.6582030609765692,0.0,0.0,0.7958907855490063,0.0,0.41403220944028357,0.5664546083577373,0.48200820606424216,0.48458785283572586,0.3696959573181224,0.3349731868523722,0.0,0.5101237181208527,0.44149497644830454,0.4121554386742942,0.37384480125696307,0.4733740611949293,0.5612783689060317,0.4236542886105545,0.4519444190227427,0.6660793599334418,0.35617656847650236,0.5601151526086429,0.6051024773502361,0.0,0.3742406461597869,0.6350077147731408,0.33855769125290924,0.3677244682818734,0.5461226692248384,0.37611033737335736,0.3266354575350335,0.2277253168929853,0.41701752044551865,0.3808082760977258,0.11272841654290433,0.3938860202546704,0.33708564052442047,0.41136201777844245,0.2678615731660023,0.0,0.0,0.1608501951580978,0.383603079026142,0.3490628322649011,0.5114302147156247,0.0,0.0,0.6305605162113878,0.3280403318029702,0.36126261191280407,0.6009631742705358,0.3317449765951741,0.219099071381861,0.20291404985167338,0.3842019111144256,0.10775526266092912,0.5004296696560377,0.46633278587743965,0.37775412392795665,0.3570944813473836,0.46754117380168586,0.4640055917469209,0.36355525307036296,0.398104912495394,0.6367502871928105,0.17691726459015444,0.4781026687792051,0.5679357986921751,0.8023604589502095,0.2229030477538322,0.48876609610513233,0.3761883337854863,0.44540339073277607
0.29831806345462714,0.252386007187047,0.05348039066123843,0.282584124667756,0.13915626387504348,0.23094166461570287,0.30028890861500523,0.12606249344454157,0.3568302571882016,0.3290667557204894,0.15605990421939273,0.3780455934382101,0.7875172537348881,0.0,0.525672916538349,0.3865826107933627,0.5064806616226571,0.5082487821855534,0.20786421896910864,0.5722087744455782,0.3273794445068586,0.4521837893428607,0.15391364072136002,0.33394218234258743,0.3806868043914329,0.38366714522427653,0.3742406461597869,0.0,0.4133095067417973,0.3913936178653875,0.28151266662292573,0.04775668051042448,0.06212521310376779,0.1086726858919525,0.08019431053770226,0.10833175631325546,0.30647531409815404,0.0,0.0,0.1415609441248999,0.2737847238123486,0.0,0.16464740313460985,0.15476683531973498,0.05357042442296548,0.30038419438464187,0.2527406953572584,0.5711516694686037,0.2728977534827784,0.03041971873677028,0.35107605664835684,0.4024954646117852,0.24277086580884377,0.3194146153107815,0.30436814777136895,0.22432608042444593,0.32476092194303624,0.39269167274931477,0.0,0.48808459094809414,0.3681609998482118,0.5683261561481026,0.516490866046517,0.1934624478702324,0.5633834655001833,0.24645174432922715,0.5318095972576685,0.2824143500821267,0.24535669721516723,0.28023235584029127,0.33379399332612925,0.48985728770980874,0.2619476817768218,0.3521342158368953,0.5162716333907029,0.4727399869052616
0.6978716423527441,0.5276076257655175,0.49958747496902217,0.0,0.0,0.5050916701142587,0.28968732745217335,0.3421957680600806,0.6950964920630112,0.34411604038148,0.6439403256050911,0.21287633704092868,0.4928005947906551,0.0,0.6100345309483157,0.7557472968618155,0.48233320297968435,0.6976272000478017,0.45938887640325926,0.6289425346016294,0.6574510742964647,0.6815524297804241,0.3946665482655088,0.33769818441875216,0.7374995317885733,0.5946379109091979,0.6350077147731408,0.4133095067417973,0.0,0.6332848015307873,0.6923356468883394,0.252136038921704,0.27046693281718165,0.49635729488185354,0.26057357359956296,0.34696886789397735,0.36488257982951866,0.0,0.1035451382354663,0.4314160195035389,0.4002931045687506,0.12278511564168876,0.10726341317225296,0.09482685215953277,0.010905488787241815,0.6924178451773196,0.6073715895010674,0.6221486200956728,0.0,0.0,0.7232859702417614,0.4757748880287891,0.3328501550073142,0.6412853300658177,0.5164321944233887,0.5195482734023917,0.23521819583829576,0.5632158144171661,0.170618432161361,0.5730218223006712,0.6680982326400711,0.44909391375229807,0.7339136881007695,0.6476806803365287,0.5207090912601334,0.5407466923763903,0.5639798935340585,0.5621415900594685,0.22139678184415948,0.7473707593438688,0.6892335240573036,0.7523592439197571,0.5334286731185975,0.7957795970546784,0.5824653887757921,0.6148739195602638
0.6321569318304195,0.510112009756832,0.3741137809284188,0.0,0.0,0.31716088842377466,0.1967483740068233,0.5186708158239764,0.731496252937497,0.050407334979770624,0.5840069120817679,0.0,0.3031817946605538,0.0,0.4163795203296503,0.6492233625391306,0.2865937452509029,0.539935243478377,0.4341493973715836,0.4023896155305798,0.5543750224876138,0.5584776770493329,0.3914392342117495,0.35092497217689333,0.509859374047978,0.5282297764921208,0.33855769125290924,0.3913936178653875,0.6332848015307873,0.0,0.7160475649999041,0.42159113296695744,0.34661561433290866,0.6037824571849928,0.3518091822723609,0.423278472014445,0.19622412592565078,0.11678663193586275,0.08395499258557175,0.3115402856258597,0.46023886372367095,0.16554694043874915,0.1101971676833699,0.0,0.008068181978188637,0.5879837733834204,0.43644071070475404,0.34313987035606347,0.0,0.0,0.5254391514288208,0.488899998466375,0.455081543488279,0.6843992994256791,0.31538153167257,0.3060824598862999,0.16152464296816763,0.48862624227740287,0.0793488561215687,0.376255624278253,0.35467238417713326,0.23956868068064685,0.5327591520938887,0.6027854667205969,0.18658946864893297,0.44387598960386254,0.26120605726086354,0.3814075365119856,0.27395891932031335,0.5688131612198339,0.574954078264236,0.44825958956290435,0.5355355842222418,0.5321225257026679,0.6114665585822927,0.5278375179468735
0.8167299349850179,0.5274781304294315,0.22411044168073194,0.0,0.0,0.23297299151134956,0.1346559738239913,0.38666421587743016,0.7081331347756789,0.24669678174907173,0.5122321819934162,0.12050199348354997,0.4265756190546977,0.0,0.4401462689175009,0.8500643402073004,0.43368071988157925,0.7045424746831331,0.2715602468011253,0.41714959306832794,0.5654597488888488,0.6304329645995527,0.33904349885640817,0.2814777597087017,0.7016637903678241,0.5404832191156113,0.3677244682818734,0.28151266662292573,0.6923356468883394,0.7160475649999041,0.0,0.42144809741049066,0.3240594193982536,0.7257209112387236,0.5001360742622534,0.3665122393628346,0.40800464243608325,0.013635391711123308,0.14653990389156277,0.46925904497411136,0.5539765625411952,0.24997322382564588,0.09172139178157612,0.0,0.03182305506693498,0.7143948998294665,0.4740739287083297,0.4552667539462899,0.0,0.0,0.6240478070033936,0.5662447595027371,0.41706599226472957,0.6392695691480775,0.36439414583310836,0.34898040136420067,0.28033307151895426,0.6329385898187643,0.24267871307674227,0.44006433144516993,0.5617103591632355,0.25471061358616737,0.6363755302507311,0.48812012428390356,0.3594462018351266,0.4428578443890427,0.4302670265941596,0.5000858662983366,0.27109046738501014,0.6941641492525448,0.6204011585957873,0.5615901220668463,0.5875963182510787,0.6834882318499638,0.5655254203233129,0.7078429342009136
