0.0,0.7234235608087429,0.5233299306905558,0.19384471874102902,0.02916677666181371,0.5254732789067699,0.06093738127457988,0.553078565231088,0.6052842892466153,0.24191030122905247,0.2737065559859029,0.24016641774047473,0.1282971110857124,0.3676686429038476,0.7833897560827031,0.7791884961285085,0.4553309145398066,0.4869620880949582,0.33704507385734345,0.8041246702554387,0.5017639876730386,0.8583245827740011,0.6540227901369178,0.5017768833991487,0.7140587382846768,0.6510628032430562,0.7409344506380906,0.6002033545947223,0.7462285340713066,0.5401180196576568,0.8193690845283833,0.0,0.49687110089557834,0.6318595249123201,0.15798313360256305,0.0,0.4424038555379728,0.4373373550966877,0.0,0.7668106863909812,0.12328862272334615,0.0,0.0,0.3887165718832438,0.5475928885515022,0.9422044624017049,0.6409242544759309,0.5823233168161124,0.0,0.0,0.5616538615217259,0.10784647867406426,0.5011335670128579,0.6932706847803833,0.29128522465488466,0.28358234583706543,0.0,0.5733898618849225,0.048506809286541094,0.7745952183646835,0.8091130518915763,0.5020084232781139,0.7305744042707174,0.3628736611245488,0.7840687076695403,0.7262742764920075,0.8163560656902954,0.702921963376248,0.5102379133534468,0.6393680636771499,0.6943806371301564,0.7328299518160958,0.6831398443684222,0.6989358317491708,0.0,0.5205406874296753
0.7234235608087429,0.0,0.6259475513382282,0.07922092173326585,0.0,0.7959615604555678,0.0,0.684966787950514,0.5929061190856268,0.2233249910243911,0.28539127970269973,0.4052287812583946,0.3939737857624341,0.3389958821001377,0.7370663983677501,0.8072809622999364,0.6233922455743814,0.7313482343563047,0.3593239908898219,0.8403313742958511,0.4863959784663556,0.8954303418516056,0.7853501514925624,0.5474307779250209,0.9036378909344667,0.915174222788349,0.7688931866943438,0.6059633278739932,0.7472041459296551,0.4253753209065647,0.6748842408069372,0.0,0.5638325042186233,0.529283764465943,0.00931919356516409,0.0,0.355588610617388,0.48710714240779535,0.0,0.6661891485929978,0.0,0.0,0.0,0.4339573236619376,0.468282378014767,0.7229786776603014,0.8791661901639585,0.6617710016003623,0.0,0.0,0.8509187402229765,0.048610376732187516,0.6639731688253325,0.7364984183301195,0.3290835953310088,0.3146957001243739,0.0,0.8480745107563818,0.0881759842719978,0.8172510220706345,0.8126096633924567,0.6833724042764566,0.7705594280085171,0.5170362290980018,0.9036612437043402,0.6730604194972868,0.8739744720477478,0.8152839422767543,0.5388302133378172,0.7939463405577318,0.9118379926908065,0.8495311346271476,0.6457008820554455,0.7520475137862093,0.0,0.26517672121435953
0.5233299306905558,0.6259475513382282,0.0,0.0,0.0,0.8601585893244161,0.0,0.7475323013302845,0.8205885217038256,0.0010706327028492636,0.7689810726478452,0.15892967600243835,0.5643243073529771,0.16935377863852055,0.7902750849913158,0.5351961048788921,0.6274130761851824,0.5936205605509546,0.746306090650638,0.7794118634895647,0.698010296735531,0.7032824176051602,0.7491541310275615,0.5553455431064895,0.7752720978937511,0.6975778476689398,0.871079567597624,0.712965572921244,0.7337000224167658,0.30391044920502885,0.4957792420087408,0.0,0.47732752238977216,0.2393737993845652,0.0,0.0,0.1963205249525482,0.38662961817042035,0.0,0.6218912433474747,0.0,0.0,0.05575808781878956,0.5579118344294453,0.28739320892529896,0.6221981760496998,0.564643869032132,0.8452466331162408,0.0,0.0,0.8413285369878714,0.3132559588438088,0.6788426914094853,0.8429365903227353,0.3083400731076836,0.5076800965544007,0.0,0.7012908302939728,0.40596849911830896,0.7998769433658192,0.5744684406280187,0.5389706034899646,0.5871374199913362,0.8288839504034379,0.8057642552454519,0.7027964220337447,0.7706851650880742,0.7478262407940027,0.514034967361544,0.697162649597789,0.7469346473594481,0.8438777745838177,0.6967320249046016,0.7410280365139396,0.0,0.3633485474360743
0.19384471874102902,0.07922092173326585,0.0,0.0,0.12590837126230975,0.0,0.21713648157366752,0.03253757928248788,0.0,0.08592924225274495,0.0,0.30873167167348176,0.0,0.32366644702825303,0.0,0.14946729903226097,0.0,0.0,0.0,0.02905444909059267,0.0,0.08031895807281093,0.08656607411841699,0.08055863312278273,0.0,0.013586071533711549,0.0,0.007868348431439272,0.0,0.37437895726027176,0.19154333531987575,0.3983134722642638,0.14744077976774042,0.4031258621947454,0.49649977184144073,0.465016764579268,0.3291230157817931,0.010378624327191544,0.0,0.1844732115971094,0.27603593736037396,0.0,0.0,0.0,0.1503146240950017,0.06814731471696485,0.051626314397758714,0.0,0.05522086351604629,0.0,0.0,0.0,0.0,0.0,0.03985699193335071,0.0,0.2206398120754591,0.0,0.016933960360549564,0.0,0.13921120452003286,0.0,0.10035370131777897,0.0,0.0,0.0,0.0,0.0034413092688374545,0.17567335307302478,0.0,0.0,0.0,0.0,0.0,0.0,0.0
0.02916677666181371,0.0,0.0,0.12590837126230975,0.0,0.0,0.7830281646002021,0.0,0.26441852381023373,0.30191573432550317,0.2120269205461053,0.0,0.16257391514206254,0.26930240731795524,0.0,0.0,0.05398333995260006,0.0,0.16891585124458428,0.0,0.0,0.0,0.0,0.0,0.0,0.0,0.0,0.03656266961133836,0.05578042467448084,0.0,0.0,0.1983301981883342,0.0,0.0,0.0,0.14732074036648612,0.3182173955873126,0.0,0.1814766243852648,0.061275311828180155,0.0,0.0607064389900358,0.0,0.0,0.00862890033141997,0.02175934810635574,0.028505377890485746,0.09813543295394432,0.2045338062505119,0.5832632202137755,0.0,0.46934789242491676,0.0,0.060005606583832964,0.0,0.3555630008912262,0.0,0.0,0.0,0.0,0.014229336670789348,0.0,0.05709406289730347,0.0352582282941907,0.0,0.0,0.0,0.0,0.0,0.0,0.0,0.0,0.0,0.0,0.19235899886970248,0.09213702761590754
0.5254732789067699,0.7959615604555678,0.8601585893244161,0.0,0.0,0.0,0.0,0.8154378145639583,0.8046119587387419,0.16697057750795916,0.681906300957184,0.26125639933047806,0.6411728097168433,0.2800824045760341,0.754210281248982,0.6352563835380471,0.6414965176261558,0.7281811563470468,0.657529986383732,0.7966052721288962,0.6862596885933852,0.7380158688392681,0.8272836570995118,0.5624632633786543,0.8438288694770724,0.8225273471815899,0.8985450593789994,0.6750890859956467,0.8226413045663352,0.3114346240158497,0.5387668413504668,0.0,0.4594092166566027,0.32400263577525756,0.0,0.0,0.24668460587497215,0.40316223278261026,0.0,0.6218748962223594,0.0,0.0,0.0,0.5216384637815212,0.3114049432906403,0.6354982779337948,0.7428370208525169,0.8369606374726958,0.0,0.0,0.942744696962971,0.2653129335092305,0.7698387403858468,0.8452033398979899,0.3545682252668956,0.5300997505006836,0.0,0.8078684094190942,0.28959755939821025,0.7760862937785643,0.7063634518902379,0.6585451621970815,0.700307182244917,0.7799408392809882,0.8248566126283113,0.7273131046924989,0.789255038359244,0.8276993588563002,0.4976720723367192,0.8218266559026461,0.8599295560622751,0.8503951160021903,0.6374568426222114,0.7641412676416663,0.0,0.27060853691442194
0.06093738127457988,0.0,0.0,0.21713648157366752,0.7830281646002021,0.0,0.0,0.0,0.24133493118140967,0.40040655874602227,0.1134482907250562,0.0,0.21903525201795368,0.13355297475379213,0.0,0.07007559557558844,0.12688277919287153,0.05587774118696391,0.07425139500500197,0.0,0.0,0.0,0.0,0.0,0.0,0.0,0.0,0.06683037048672137,0.054666982879272845,0.0,0.0,0.2815294667117276,0.0,0.0,0.0,0.170200344231361,0.43623885611658764,0.0,0.09517452326259998,0.02345280312426164,0.0,0.117746097172464,0.0,0.0,0.029868223535124968,0.015115091934814046,0.0,0.02372804042873622,0.22313520906945522,0.5321877789210439,0.0,0.4276787658117574,0.0,0.05610970477268616,0.0,0.34151823407865334,0.0,0.0,0.0,0.0,0.024327560300329048,0.0,0.0,0.0,0.0,0.0,0.0,0.0,0.0,0.0,0.0,0.0,0.0,0.0,0.13601957700927395,0.09704726512184837
0.553078565231088,0.684966787950514,0.7475323013302845,0.03253757928248788,0.0,0.8154378145639583,0.0,0.0,0.58917893451523,0.035156342153384125,0.4558904086221616,0.5469919349580767,0.47964858913554537,0.4125455905345985,0.7056787021820752,0.507331229810773,0.27289221607692904,0.5172903947409595,0.49138121119413575,0.7270517736455374,0.5240848085191329,0.6304078757204166,0.9013812275487826,0.7789809054158265,0.6509630989073484,0.7568676008940616,0.71514282995798,0.5814661630447545,0.6149022853643032,0.5334906450399991,0.5136984795992032,0.0,0.44559278349376275,0.473743971600801,0.07292518511311555,0.0,0.254467705536783,0.34360121737365007,0.0,0.5329478231444892,0.06511250210120209,0.0,0.0,0.46109194851245744,0.4564444155909831,0.5608045832557282,0.5952996034421254,0.6386679095770126,0.0,0.0,0.7436490433445957,0.0,0.8718021923056932,0.6630397035809191,0.45063904287918033,0.3562248511713907,0.13150782513182613,0.6790650251385975,0.2622102467930425,0.7147541333717885,0.6005677510642872,0.5664029271517174,0.5820446429747931,0.5027931323844023,0.6740494439160544,0.5211737026758299,0.6521462307188614,0.7785354502638185,0.7680849006212291,0.639773124545364,0.7938986550406518,0.6895395412500342,0.6278408309755895,0.532696441219392,0.0,0.21553523837316
0.6052842892466153,0.5929061190856268,0.8205885217038256,0.0,0.26441852381023373,0.8046119587387419,0.24133493118140967,0.58917893451523,0.0,0.1744347551932693,0.7664172473313179,0.15796147321074697,0.5932283391649193,0.25326781414853106,0.7170387770492637,0.6204029079860216,0.5986889200396056,0.5980024915428089,0.6882364316302932,0.8043426995408078,0.5775927136320405,0.7634115938467759,0.6984660661501388,0.4005193759340114,0.6739865062591635,0.5902394292495006,0.8850934545628754,0.7475133185525661,0.8229309493434495,0.3124104048330227,0.6090771110920973,0.0,0.47144946979088276,0.3482714043631301,0.0,0.0,0.44191321851958504,0.3739386660491518,0.0,0.6873366996446125,0.0,0.0,0.0,0.45707305819130695,0.3509508228008629,0.685460006012264,0.6167915926910328,0.8844356256646217,0.0,0.0,0.7515482234875367,0.44380944898258806,0.5991968654979734,0.9595483754078356,0.15424875418304818,0.6596593291261066,0.0,0.7108178287346715,0.29645849117837764,0.7766953295556653,0.7136370335835266,0.49005929692575867,0.6932808306457136,0.74962813586812,0.7768413942326795,0.7223166235173374,0.8081904714156332,0.7622920508731328,0.3844240086158643,0.6635695513573193,0.6696825816300471,0.844854777024516,0.6707671445027966,0.7363262121668219,0.0,0.4026390279427761
0.24191030122905247,0.2233249910243911,0.0010706327028492636,0.08592924225274495,0.30191573432550317,0.16697057750795916,0.40040655874602227,0.035156342153384125,0.1744347551932693,0.0,0.10717982628538415,0.25719772529941387,0.23091093567358786,0.10725070861536001,0.13259039378650567,0.21351989885021164,0.5075325680115785,0.2791576082553486,0.2160918173503514,0.15685270656093703,0.17499088318352415,0.18116707514929048,0.1389878035385896,0.1930237863283819,0.24102173003487515,0.3535321923191488,0.12553782204638883,0.24300266388411013,0.18239542223117597,0.0,0.06126587604994876,0.0,0.08834554871765925,0.0,0.0,0.0,0.3973454806542214,0.11102541357861506,0.040320071579943835,0.2083149643299748,0.0,0.0,0.0,0.0,0.15446835865678196,0.2329292307273702,0.4010430417800581,0.3603231162247897,0.0,0.1317620400739734,0.15335287547122578,0.29169976773148387,0.14987958077318453,0.13901692847137181,0.2679122217478009,0.3802252123011287,0.0,0.28195814529897445,0.0,0.057913513459762304,0.29398243348949904,0.48323131454923124,0.33369049524055006,0.22846659689527826,0.2023953748216422,0.20004742329663952,0.25733253722879745,0.19107521111609163,0.0,0.38555425843162744,0.2815344176261231,0.09914979630876439,0.18688299951971804,0.17423414847515875,0.09464822479510733,0.24437726795421663
0.2737065559859029,0.28539127970269973,0.7689810726478452,0.0,0.2120269205461053,0.681906300957184,0.1134482907250562,0.4558904086221616,0.7664172473313179,0.10717982628538415,0.0,0.04307596066656666,0.6386591304785625,0.03718959892055322,0.517941328759939,0.3039574636566679,0.517162525442519,0.45120459967365056,0.8239663865743098,0.49187396261680266,0.5529657292153758,0.41438711218066787,0.4720572370307351,0.3665683488447593,0.4639938568838919,0.3986791533689332,0.6188540554064744,0.6197350743174386,0.5565587668183535,0.0,0.205928541021223,0.0,0.27414104906271003,0.0,0.0,0.0,0.22394877704312705,0.23571777623261952,0.004664172980693831,0.41596925286202535,0.0,0.0,0.0184950969669511,0.4309398584253731,0.11488359048101356,0.4148488274764625,0.31157542235813124,0.7209373743789538,0.0,0.17860852928144194,0.5310165846763658,0.4175452361074737,0.44423903762781003,0.6105091126796331,0.10967949008802107,0.7545109771418754,0.0,0.4579344904326751,0.2831077815429173,0.48252644763847685,0.3589813365736858,0.3505571863679691,0.37161117860941223,0.8091585291129982,0.496123659243285,0.5142051032135871,0.5134706901842704,0.4570348846707653,0.2173354825821634,0.45867672682874155,0.4363465615385617,0.5351090611742811,0.5347261276504589,0.5096527070225656,0.14390699254887446,0.3774881141976215
0.24016641774047473,0.4052287812583946,0.15892967600243835,0.30873167167348176,0.0,0.26125639933047806,0.0,0.5469919349580767,0.15796147321074697,0.25719772529941387,0.04307596066656666,0.0,0.34093860237153617,0.46263352453864554,0.2618779290430109,0.2579409659922399,0.0,0.17373531116801016,0.07930245314498545,0.2989314329075189,0.0,0.27331883767074633,0.553536752176332,0.6850281179873058,0.21546619207154324,0.48619772444799236,0.2251999148129069,0.3846284694714468,0.19359758408292285,0.5447173230904656,0.24627696001802002,0.07418835432220962,0.17171989768575904,0.43562405386653186,0.25216417535283586,0.11765551581369349,0.24344062151404844,0.22732315840606762,0.0,0.20396502851918016,0.23996956665482397,0.0,0.0,0.0,0.5147756479763503,0.1783792908159616,0.3288701258843044,0.17617561666665563,0.0,0.0,0.2391078517767782,0.0,0.4977137712575476,0.19547692446994655,0.62927975187821,0.05219585724962373,0.7829754219870037,0.3000228629734794,0.0,0.2683154666212575,0.31403619541789735,0.5641473643541107,0.3434498691247529,0.0,0.2103852989165594,0.0,0.23840865506335743,0.4039989344684681,0.7409424571851806,0.215675768272981,0.43279843985535765,0.2013563563651521,0.31983351604836663,0.020157527751215022,0.0,0.0
0.1282971110857124,0.3939737857624341,0.5643243073529771,0.0,0.16257391514206254,0.6411728097168433,0.21903525201795368,0.47964858913554537,0.5932283391649193,0.23091093567358786,0.6386591304785625,0.34093860237153617,0.0,0.11355468364708952,0.37058219094717876,0.30271462137136107,0.5038164948186074,0.5191779041185711,0.6368294009606393,0.3657697983674548,0.3708281033387694,0.3584064086906233,0.459505680140968,0.3820204154414915,0.4167001440627115,0.531778579991021,0.4367612457645338,0.6662220848932117,0.45546534638479075,0.0,0.2010599221860502,0.0,0.2601056375709337,0.0,0.0,0.0,0.2183823274909093,0.15361236176856466,0.0,0.26283132681013255,0.0,0.0,0.0,0.2616695921669888,0.1543505703623635,0.25229478402588473,0.39241478644081174,0.5654179185638329,0.0,0.2332915353920433,0.5146434225522876,0.413911342678806,0.4674968439071917,0.4977365711950822,0.2248337552423892,0.5909713695617528,0.0,0.5941884861006602,0.1720858982264634,0.3807026594635498,0.29097008876684066,0.40744984376986154,0.27450043845049593,0.6332998208041671,0.3877637493856455,0.3566431011949258,0.4099510663602497,0.3875418002504266,0.21798736081292427,0.3257838158821193,0.4452164188293695,0.3837809416836678,0.4558288081484368,0.360808596742281,0.0664933426077251,0.22753755931307104
0.3676686429038476,0.3389958821001377,0.16935377863852055,0.32366644702825303,0.26930240731795524,0.2800824045760341,0.13355297475379213,0.4125455905345985,0.25326781414853106,0.10725070861536001,0.03718959892055322,0.46263352453864554,0.11355468364708952,0.0,0.26174623495521404,0.3167667612660757,0.0,0.12964102803912902,0.053384677150404895,0.3116697552876767,0.06006955133937973,0.3285554875204315,0.5224734339465703,0.42470849560729856,0.15778665903689806,0.32629449187847853,0.28903537014014313,0.19559073616711586,0.2838336672400524,0.4183366465904608,0.3770117808244828,0.10959637660375657,0.2357584362109762,0.4763834698784989,0.3139740677370578,0.2195607851805188,0.29926394801000783,0.13397385452442884,0.0,0.32936875512954944,0.13868721319155725,0.0,0.0,0.06637990689357916,0.38761875770966026,0.3224046036152716,0.3330312498137224,0.24749086219693733,0.0,0.0,0.287827309618855,0.0,0.4732952376623736,0.301748600264957,0.21992995601640256,0.11885267129351287,0.26721152624397304,0.2870704838169527,0.08452892034128526,0.3295639397133073,0.33522036768957597,0.21169656508015544,0.31834688323644855,0.011863278087645894,0.30583682306724713,0.16516391104797173,0.3185554661864253,0.4740684893570005,0.489794098481982,0.16746395339769343,0.34083575097728225,0.32139115147917413,0.2511533926720463,0.17846593331374444,0.0,0.04797587449989609
0.7833897560827031,0.7370663983677501,0.7902750849913158,0.0,0.0,0.754210281248982,0.0,0.7056787021820752,0.7170387770492637,0.13259039378650567,0.517941328759939,0.2618779290430109,0.37058219094717876,0.26174623495521404,0.0,0.6994110271022019,0.5826894981068946,0.5824611927882791,0.5646711108802962,0.9597666409933469,0.6869043846462469,0.8856748217452037,0.7617754508812973,0.5498504418849023,0.7889815318148123,0.7357205835272354,0.9114882830793238,0.7664534218435586,0.791262838768848,0.462429413508559,0.719190945539577,0.0,0.432344555333302,0.4921863678251084,0.0,0.0,0.3061099154746026,0.48901205460455816,0.0,0.6401015650773628,0.0,0.0,0.0,0.4702056161878888,0.45157898273214875,0.8119057409032304,0.6781834920584288,0.7590096327949624,0.0,0.0,0.8017395474112163,0.10868206808335071,0.7029784492484402,0.8068447012282549,0.3338618921136436,0.41982226277687734,0.0,0.7160880410551231,0.1737470389636932,0.9424190768927256,0.7705117456458785,0.6055618804139753,0.7704439709228491,0.686937514741946,0.9201938372014117,0.8057208972376858,0.9000000723774506,0.8086317294725883,0.5311427728509164,0.7852396135070302,0.8208258378417417,0.9198268059424755,0.7974675377220929,0.854698365221767,0.0,0.4691405029855545
0.7791884961285085,0.8072809622999364,0.5351961048788921,0.14946729903226097,0.0,0.6352563835380471,0.07007559557558844,0.507331229810773,0.6204029079860216,0.21351989885021164,0.3039574636566679,0.2579409659922399,0.30271462137136107,0.3167667612660757,0.6994110271022019,0.0,0.6037735593699997,0.8194193828510524,0.34982329872036466,0.8065170607847492,0.42703921788357546,0.8788076414972946,0.6041491083636025,0.36354088594266987,0.7972066851271644,0.6766718010361639,0.7408647881943374,0.6669550253187649,0.821534904521384,0.49254844952563365,0.852892213076793,0.0,0.5797251088540636,0.6621728065669513,0.08325979174217132,0.0,0.41275470905300526,0.43065806227635706,0.0,0.6818206525134518,0.06690995004767429,0.0,0.0,0.3741975550954342,0.5074814793982655,0.7366288861770162,0.7075775927646133,0.5905359397456463,0.0,0.0,0.6406587750084458,0.09002853178698215,0.42705799214392126,0.705920215508914,0.2904663365513301,0.29366351606998864,0.0,0.6496638161988434,0.049771307091072026,0.7599808558915196,0.89406491527974,0.5790429250803301,0.8321332705819541,0.46671903294162015,0.8096415780982511,0.6035852871650472,0.8371375919261858,0.6450363637767605,0.3951193407576849,0.6560013823512674,0.664269003585893,0.7420516878169645,0.6531310859611564,0.7379264378107867,0.0,0.4268053188489541
0.4553309145398066,0.6233922455743814,0.6274130761851824,0.0,0.05398333995260006,0.6414965176261558,0.12688277919287153,0.27289221607692904,0.5986889200396056,0.5075325680115785,0.517162525442519,0.0,0.5038164948186074,0.0,0.5826894981068946,0.6037735593699997,0.0,0.7310497606600973,0.5439073207908883,0.6046817428757123,0.5914206561183443,0.6403946481860838,0.33584791108201356,0.2678248350876336,0.7271872841394195,0.6106865844592138,0.6176886615886147,0.5797059934992895,0.6291350332743485,0.0,0.45578377785308555,0.0,0.3431317687900566,0.010723821934463095,0.0,0.0,0.233190715560537,0.33508970634321694,0.0,0.43379730209846695,0.0,0.0,0.004863455286647409,0.5026204540094227,0.17076134419984795,0.565327756671172,0.6055474327859466,0.7191529029362456,0.0,0.0,0.6293848026235344,0.3952324683718104,0.3323866134468479,0.6287663089139898,0.09423661984163892,0.48203236222616724,0.0,0.7264994318323359,0.16430729995927093,0.6346538749200861,0.61154308328225,0.549045681894415,0.5827113910207526,0.7806617692338592,0.7221216452224926,0.6585730634429976,0.7309794730181391,0.4782255732349752,0.08674572241692119,0.6343918384263472,0.611643428697199,0.6091772776182585,0.5919571665851946,0.7062410902550614,0.0,0.5834109912573084
0.4869620880949582,0.7313482343563047,0.5936205605509546,0.0,0.0,0.7281811563470468,0.05587774118696391,0.5172903947409595,0.5980024915428089,0.2791576082553486,0.45120459967365056,0.17373531116801016,0.5191779041185711,0.12964102803912902,0.5824611927882791,0.8194193828510524,0.7310497606600973,0.0,0.40718908411297383,0.6540176353057559,0.49921097182151675,0.7009670665420582,0.49268994767303703,0.2795239680743449,0.791223831337215,0.6672510674089087,0.6994442500373756,0.593268410351239,0.7356397104514116,0.25206350213466205,0.5642564712421377,0.0,0.5172848568922653,0.2956150930152941,0.0,0.0,0.23177950716160192,0.33589857427900544,0.0,0.5380338921207919,0.0,0.0,0.0,0.4672846691312023,0.2220910504618243,0.5143158869789651,0.672540622995991,0.5894573242487678,0.0,0.0,0.676907180183415,0.22143899020782717,0.42379142467797276,0.6390864361098614,0.2443179030405714,0.3402186292864844,0.0,0.6703350931296918,0.17058011426021508,0.6313181473094099,0.6737887020100222,0.5609682414609481,0.6842110586326287,0.6006670097255977,0.7092630695265169,0.5825541781499715,0.6877781925166032,0.5232970682724225,0.2218486282657169,0.6408078355275271,0.6155091314116082,0.6670397738944911,0.5183007777343651,0.6934390129113333,0.0,0.3192530972488129
0.33704507385734345,0.3593239908898219,0.746306090650638,0.0,0.16891585124458428,0.657529986383732,0.07425139500500197,0.49138121119413575,0.6882364316302932,0.2160918173503514,0.8239663865743098,0.07930245314498545,0.6368294009606393,0.053384677150404895,0.5646711108802962,0.34982329872036466,0.5439073207908883,0.40718908411297383,0.0,0.5206972706697558,0.64339448379531,0.4564550616849263,0.5006466618541364,0.43772299529207886,0.4624378686715873,0.4828076999874783,0.5915671614083196,0.6486212126939795,0.5104971058865954,0.0,0.26726786939647373,0.0,0.3635565628883978,0.018840990233907066,0.0,0.0,0.29578170621291905,0.3117102535172721,0.03906147666908381,0.49158367401722913,0.0,0.0,0.09096754049331839,0.40863934275258335,0.18566803661167822,0.4617703129489821,0.39919498740297077,0.7348980906046626,0.0,0.22969630058591642,0.5313265079035607,0.4855775246345308,0.4970748670394271,0.5844595293030144,0.1827304299184131,0.7656817982780801,0.0,0.5073065404797368,0.2609437551102843,0.5294260231026392,0.4098299555845199,0.4095391212475545,0.41656113757463226,0.8662474781259233,0.5300431196241865,0.567359384440957,0.560551266485638,0.4870193594363128,0.23882121918858884,0.48704675886694254,0.49944427357030147,0.5164628683632065,0.5610162228269049,0.49228171226144446,0.1976307563223747,0.4463047190882832
0.8041246702554387,0.8403313742958511,0.7794118634895647,0.02905444909059267,0.0,0.7966052721288962,0.0,0.7270517736455374,0.8043426995408078,0.15685270656093703,0.49187396261680266,0.2989314329075189,0.3657697983674548,0.3116697552876767,0.9597666409933469,0.8065170607847492,0.6046817428757123,0.6540176353057559,0.5206972706697558,0.0,0.6162200636715627,1.0,0.8098817809014851,0.5335315032715018,0.830230540386177,0.7718301986202867,0.9415775460006353,0.7491157734854692,0.8714849937115151,0.5297088447254356,0.8092544851855024,0.0,0.46216106040892724,0.5491485469977291,0.0,0.0,0.39828564524361876,0.5106624811683238,0.0,0.6464545661959644,0.002637120869746688,0.0,0.0,0.502315830160457,0.5518466011845629,0.8108858952196656,0.7570387698508017,0.7916642830336602,0.0,0.0,0.7987376898421874,0.1296784424723461,0.6889882307532768,0.896692225000548,0.3603268489329324,0.4064657351834181,0.0,0.7552615130447687,0.15441756298388926,0.964880452962948,0.8494590512355882,0.6405658785975482,0.8363898806503621,0.6474857872905864,0.9786070362185254,0.78649114936389,0.9674559677374391,0.8694088699356944,0.5446399492294948,0.802882196502946,0.8409607899703295,0.9651130859261137,0.799374536870285,0.8696880870467257,0.0,0.44953371161537253
0.5017639876730386,0.4863959784663556,0.698010296735531,0.0,0.0,0.6862596885933852,0.0,0.5240848085191329,0.5775927136320405,0.17499088318352415,0.5529657292153758,0.0,0.3708281033387694,0.06006955133937973,0.6869043846462469,0.42703921788357546,0.5914206561183443,0.49921097182151675,0.64339448379531,0.6162200636715627,0.0,0.5685006193236958,0.4844686135806668,0.4205499287609677,0.6099746600743682,0.5513863525647024,0.6712752083701617,0.5449149303052652,0.6029173947496345,0.0686896051473322,0.46598129054157605,0.0,0.3456553924102407,0.10409424593517469,0.0,0.0,0.1828548454631121,0.35215132863635856,0.0,0.5097087105022199,0.0,0.0,0.25644323032953603,0.574691990907776,0.219422647945061,0.6943935080327202,0.5564160318917057,0.6734991481401689,0.0,0.0,0.6578518789934124,0.4112306614099158,0.5598386895639301,0.6227914794083848,0.22318010889510903,0.4873216044425508,0.0,0.6304191388925778,0.24746422177706465,0.6246407720398339,0.5659158775852644,0.49337812979390155,0.5659518264625731,0.7192078578915581,0.679231131031127,0.8484920992216921,0.7051916390860083,0.54635928425898,0.2915032066484317,0.6819472990588771,0.6642814307467511,0.6319573362833911,0.6568694229913449,0.7079625435792806,0.06657548172408216,0.6092159254206829
0.8583245827740011,0.8954303418516056,0.7032824176051602,0.08031895807281093,0.0,0.7380158688392681,0.0,0.6304078757204166,0.7634115938467759,0.18116707514929048,0.41438711218066787,0.27331883767074633,0.3584064086906233,0.3285554875204315,0.8856748217452037,0.8788076414972946,0.6403946481860838,0.7009670665420582,0.4564550616849263,1.0,0.5685006193236958,0.0,0.7556103945966286,0.46266156940356085,0.8586632514557403,0.7771907141589536,0.9239115057750671,0.7450126994545806,0.8588694809918627,0.49166085040601565,0.8451995593377035,0.0,0.5719565995658038,0.5913364916149985,0.02028872237813232,0.0,0.4279879876837375,0.49927463508637143,0.0,0.6919911746120839,0.04137953635332082,0.0,0.0,0.4430958640570263,0.5392328971802876,0.8395648266274489,0.7766848577247625,0.7474018662903258,0.0,0.0,0.7721909814607791,0.12430897949698191,0.5954212081849287,0.8589021173107715,0.2553038923038818,0.39384002959931125,0.0,0.7647361887583556,0.13297505774190743,0.920695660862967,0.8596384369651099,0.5940421921635556,0.8079192760515699,0.5866469048029577,0.9851513382922813,0.7608475573348408,0.968510029911869,0.8160317656786158,0.48124948704644144,0.7617178425360631,0.8099056975525213,0.9706274840115358,0.7721657313652002,0.8641385534240429,0.0,0.4667497299216074
0.6540227901369178,0.7853501514925624,0.7491541310275615,0.08656607411841699,0.0,0.8272836570995118,0.0,0.9013812275487826,0.6984660661501388,0.1389878035385896,0.4720572370307351,0.553536752176332,0.459505680140968,0.5224734339465703,0.7617754508812973,0.6041491083636025,0.33584791108201356,0.49268994767303703,0.5006466618541364,0.8098817809014851,0.4844686135806668,0.7556103945966286,0.0,0.7500641098503752,0.7423374421956226,0.8303032949600598,0.8233183848610217,0.617187848422737,0.7026068710546657,0.5348229128229124,0.598802127798045,0.0,0.5246901313926946,0.5750835108635913,0.056328026422775235,0.0,0.3485202925630662,0.4180637124327722,0.0,0.6653493385306958,0.004848339850672874,0.0,0.0,0.3018842310746801,0.5010832243291881,0.666276761259703,0.7246165864650915,0.7354983046082931,0.0,0.0,0.7949041604774371,0.015149837419644638,0.8598536820674207,0.7642079015922635,0.4177704593713216,0.4214479600904538,0.08865785591916814,0.7272200500703891,0.21198310063749218,0.7980964030679025,0.7221333556848948,0.6170039293745951,0.6528507602271729,0.5352715427990742,0.7411438713121624,0.5877031266407979,0.7486473973091728,0.9483812358865494,0.7861019163714306,0.7102361579247835,0.8408798709347627,0.7666444191162228,0.609923217080341,0.5924197609963138,0.0,0.16424805518123006
0.5017768833991487,0.5474307779250209,0.5553455431064895,0.08055863312278273,0.0,0.5624632633786543,0.0,0.7789809054158265,0.4005193759340114,0.1930237863283819,0.3665683488447593,0.6850281179873058,0.3820204154414915,0.42470849560729856,0.5498504418849023,0.36354088594266987,0.2678248350876336,0.2795239680743449,0.43772299529207886,0.5335315032715018,0.4205499287609677,0.46266156940356085,0.7500641098503752,0.0,0.48746580924746385,0.7020301925024212,0.48133064278669985,0.5353633481552561,0.3634198964585871,0.4302397689922517,0.41480189431254066,0.0,0.36378760313653197,0.3826572952299634,0.02620032221899581,0.0,0.251562329588835,0.4101684135170741,0.0,0.48110849228103825,0.10617862147080857,0.0,0.0,0.35322682945505374,0.5451585664695614,0.5162120144337424,0.4587823495517147,0.5529950389183498,0.0,0.0,0.5440650528457234,0.0,0.7332705940513746,0.44571646886811006,0.42009923086219664,0.3308665993646497,0.38529348365657073,0.5496236227844395,0.13765953593401556,0.5368221721445215,0.4701601601247549,0.523449610248666,0.47980933220337435,0.39199881305350626,0.5286252631768086,0.38996544714347825,0.5113840127149649,0.6407282542019754,0.8705747532799482,0.45975337418726886,0.7080163681670908,0.4829569477788273,0.5906918750162788,0.3547825587791624,0.0,0.3052871177965646
0.7140587382846768,0.9036378909344667,0.7752720978937511,0.0,0.0,0.8438288694770724,0.0,0.6509630989073484,0.6739865062591635,0.24102173003487515,0.4639938568838919,0.21546619207154324,0.4167001440627115,0.15778665903689806,0.7889815318148123,0.7972066851271644,0.7271872841394195,0.791223831337215,0.4624378686715873,0.830230540386177,0.6099746600743682,0.8586632514557403,0.7423374421956226,0.48746580924746385,0.0,0.8615929841538431,0.8619907410279218,0.6493161323036856,0.8311699892914055,0.3450423993463338,0.6568178771520068,0.0,0.5772527696961968,0.4062274663974724,0.0,0.0,0.23249007695039445,0.45186587926284416,0.0,0.6883850179208766,0.0,0.0,0.0,0.4606651356843903,0.3971858698985678,0.7322174292425053,0.827294583204402,0.7181722322702669,0.0,0.0,0.8680670405246959,0.15169379750480527,0.6006513399865199,0.748828563053585,0.3302828292361128,0.3677650354301158,0.0,0.7688088473468225,0.14492332385399043,0.8455121556908115,0.7933094618818866,0.6443698473804037,0.7548538576326992,0.6594132136829367,0.9142759197198684,0.7469288622499823,0.8833911108179081,0.7830607998731212,0.46245649028311403,0.9104613173970223,0.8756019503000949,0.874305870181885,0.6706110284974726,0.8508763183344885,0.0,0.35593497574318594
0.6510628032430562,0.915174222788349,0.6975778476689398,0.013586071533711549,0.0,0.8225273471815899,0.0,0.7568676008940616,0.5902394292495006,0.3535321923191488,0.3986791533689332,0.48619772444799236,0.531778579991021,0.32629449187847853,0.7357205835272354,0.6766718010361639,0.6106865844592138,0.6672510674089087,0.4828076999874783,0.7718301986202867,0.5513863525647024,0.7771907141589536,0.8303032949600598,0.7020301925024212,0.8615929841538431,0.0,0.7444729811042874,0.6385369859829855,0.6358547612744934,0.3035419242558395,0.5445866677550162,0.0,0.5319173800375545,0.37944385981744355,0.0,0.0,0.3305278511923203,0.4861841045125094,0.0,0.661003823050693,0.0,0.0,0.0,0.4539823453411779,0.42660480329993117,0.6779062659742474,0.8135199119427653,0.7299294598652822,0.0,0.0,0.8368448656853866,0.05891189149075259,0.703675847799447,0.70916921056266,0.3661030449924596,0.4162647739201082,0.0,0.8421636169577964,0.09924584646205686,0.7519453509225147,0.7154787620621064,0.7250352730163937,0.6950567965212264,0.6099121385217263,0.8336642049072229,0.6171882618370857,0.8194993869266634,0.7792376328596603,0.5976150435358122,0.7684093901263703,0.9570550704841542,0.7673257146499614,0.656073334604135,0.6607231306850202,0.0,0.3218603091000258
0.7409344506380906,0.7688931866943438,0.871079567597624,0.0,0.0,0.8985450593789994,0.0,0.71514282995798,0.8850934545628754,0.12553782204638883,0.6188540554064744,0.2251999148129069,0.4367612457645338,0.28903537014014313,0.9114882830793238,0.7408647881943374,0.6176886615886147,0.6994442500373756,0.5915671614083196,0.9415775460006353,0.6712752083701617,0.9239115057750671,0.8233183848610217,0.48133064278669985,0.8619907410279218,0.7444729811042874,0.0,0.7141188869765256,0.9170340267458569,0.4455615584413512,0.7245462642862729,0.0,0.4620667823114798,0.5012137732013062,0.0,0.0,0.34317605683054503,0.4462820537095076,0.0,0.6837930446642532,0.0,0.0,0.0,0.48319866199246797,0.43089987747974456,0.7951206876390138,0.767057385186004,0.8474109503159958,0.0,0.0,0.8913915049470718,0.2409616356030281,0.7092796885994626,0.9534433619942202,0.33753552320493807,0.4838705649447035,0.0,0.7755394877493691,0.25223372716616643,0.9322476059853851,0.8184289757619398,0.6306762079581893,0.8164483993928747,0.727943819995846,0.9584549224523718,0.8351245937667625,0.9194068440488897,0.8896786284685576,0.5072680252840658,0.839009598881186,0.851945496381543,1.0,0.717480890788975,0.8987396866596675,0.0,0.33952083287061163
0.6002033545947223,0.6059633278739932,0.712965572921244,0.007868348431439272,0.03656266961133836,0.6750890859956467,0.06683037048672137,0.5814661630447545,0.7475133185525661,0.24300266388411013,0.6197350743174386,0.3846284694714468,0.6662220848932117,0.19559073616711586,0.7664534218435586,0.6669550253187649,0.5797059934992895,0.593268410351239,0.6486212126939795,0.7491157734854692,0.5449149303052652,0.7450126994545806,0.617187848422737,0.5353633481552561,0.6493161323036856,0.6385369859829855,0.7141188869765256,0.0,0.7191037119266985,0.431271576573167,0.6229017856338959,0.0,0.43715251252487863,0.3663543734938485,0.0,0.0,0.4119359312640645,0.40545276457373747,0.0,0.5459456002136429,0.04181495334966369,0.0,0.0,0.38953170521149316,0.389960192968701,0.6588358483618884,0.5440132725546111,0.7256690134914434,0.0,0.0,0.6381725457942256,0.24222365058288292,0.5492664483080264,0.7315552099854986,0.3725007676368862,0.5196115057924167,0.0,0.6830595556349018,0.18977030863841882,0.7507648101895742,0.6713381664310312,0.5905123595899567,0.6454973784231536,0.675247741269389,0.7141542445440523,0.6166816465964353,0.7561689249676626,0.6496526723440399,0.46398470754745125,0.5832076879826643,0.6616209535271265,0.682695325640129,0.8815498861158688,0.6211725284579934,0.0,0.5712155965660612
0.7462285340713066,0.7472041459296551,0.7337000224167658,0.0,0.05578042467448084,0.8226413045663352,0.054666982879272845,0.6149022853643032,0.8229309493434495,0.18239542223117597,0.5565587668183535,0.19359758408292285,0.45546534638479075,0.2838336672400524,0.791262838768848,0.821534904521384,0.6291350332743485,0.7356397104514116,0.5104971058865954,0.8714849937115151,0.6029173947496345,0.8588694809918627,0.7026068710546657,0.3634198964585871,0.8311699892914055,0.6358547612744934,0.9170340267458569,0.7191037119266985,0.0,0.5060478264560898,0.7825392919403134,0.0,0.44994688588375326,0.5248157485639808,0.0,0.0,0.3661641392465545,0.39457687351364606,0.0,0.5912280537221147,0.0,0.0,0.0,0.39878401316662826,0.4755839451153709,0.793424355919381,0.7333306564039318,0.7083591065098643,0.0,0.0,0.804359063341253,0.27008906364171503,0.5669626355654297,0.8548970683196474,0.3928848522789516,0.4343014478821207,0.0,0.6678182091082046,0.13441710325772707,0.8424358453133461,0.8447823715072272,0.6189240006525154,0.8479805954334177,0.6277432841926689,0.8344692877499715,0.7782554516514308,0.8560715159801696,0.7887256254381434,0.4004579267815098,0.7883063883268859,0.7256488436883848,0.878232483038668,0.7023544010280466,0.8897979648671417,0.0,0.411272309890947
0.5401180196576568,0.4253753209065647,0.30391044920502885,0.37437895726027176,0.0,0.3114346240158497,0.0,0.5334906450399991,0.3124104048330227,0.0,0.0,0.5447173230904656,0.0,0.4183366465904608,0.462429413508559,0.49254844952563365,0.0,0.25206350213466205,0.0,0.5297088447254356,0.0686896051473322,0.49166085040601565,0.5348229128229124,0.4302397689922517,0.3450423993463338,0.3035419242558395,0.4455615584413512,0.431271576573167,0.5060478264560898,0.0,0.6462437839258649,0.16017388138410965,0.2792177835277962,0.7348164774810007,0.4872662081006056,0.1012138196813081,0.217981444220361,0.23453998687487304,0.0,0.37336891563770014,0.38333537057820394,0.0,0.0,0.1775022897511635,0.45293727811372125,0.4530624462245759,0.34950033020404747,0.1763746838551945,0.0,0.0,0.34460490877261013,0.0,0.4037901154126914,0.428132691040484,0.48686500728351934,0.0,0.29257149754102374,0.31521652666896527,0.07358855295878183,0.5385800655137729,0.5446719741904892,0.4031451953931153,0.576496683333391,0.0,0.41796103390816675,0.2017642376248836,0.43030531016778567,0.5029390168094086,0.610482804696448,0.35812289283483767,0.4138418941737254,0.45218194785547167,0.4694907898724954,0.3213853536852601,0.0,0.05651884632818212
0.8193690845283833,0.6748842408069372,0.4957792420087408,0.19154333531987575,0.0,0.5387668413504668,0.0,0.5136984795992032,0.6090771110920973,0.06126587604994876,0.205928541021223,0.24627696001802002,0.2010599221860502,0.3770117808244828,0.719190945539577,0.852892213076793,0.45578377785308555,0.5642564712421377,0.26726786939647373,0.8092544851855024,0.46598129054157605,0.8451995593377035,0.598802127798045,0.41480189431254066,0.6568178771520068,0.5445866677550162,0.7245462642862729,0.6229017856338959,0.7825392919403134,0.6462437839258649,0.0,0.0,0.5185586687934767,0.7689190677951041,0.2297070850222662,0.0,0.43018285125114203,0.4562686491905251,0.0,0.6430602816494383,0.14358270013668512,0.0,0.0,0.42320845396444395,0.5518903272157394,0.8158165313082794,0.6310202607044161,0.5287174341703729,0.0,0.0,0.6105885453599886,0.06674388170802938,0.49106027075831504,0.7208289319263617,0.26046934201844313,0.2145874841090054,0.0,0.6405322911910036,0.1178268004838212,0.8156722555536875,0.8659933113581801,0.5115507578144843,0.7687025510489433,0.357026262539026,0.7741714297397129,0.6740437298443255,0.8424786432461304,0.6909762942986687,0.5315743776913491,0.5908939418670162,0.6354283534423608,0.7351059466107557,0.6753187835673538,0.7092643808114905,0.0,0.45512942783144456
0.0,0.0,0.0,0.3983134722642638,0.1983301981883342,0.0,0.2815294667117276,0.0,0.0,0.0,0.0,0.07418835432220962,0.0,0.10959637660375657,0.0,0.0,0.0,0.0,0.0,0.0,0.0,0.0,0.0,0.0,0.0,0.0,0.0,0.0,0.0,0.16017388138410965,0.0,0.0,0.0,0.15501947488482243,0.4419231404473926,0.5982099684585246,0.044961085205676016,0.0,0.3157195729820299,0.0,0.5040844101560631,0.4135962238838341,0.020814414796666552,0.0,0.0,0.0,0.0,0.0,0.4310200623353143,0.1503762534463719,0.0,0.0,0.0,0.0,0.030822293298117164,0.0,0.3682698458366447,0.0,0.09447745107281291,0.0,0.0,0.0,0.0,0.0,0.0,0.0,0.0,0.0,0.0,0.0,0.0,0.0,0.0,0.0,0.06679617667329953,0.0
0.49687110089557834,0.5638325042186233,0.47732752238977216,0.14744077976774042,0.0,0.4594092166566027,0.0,0.44559278349376275,0.47144946979088276,0.08834554871765925,0.27414104906271003,0.17171989768575904,0.2601056375709337,0.2357584362109762,0.432344555333302,0.5797251088540636,0.3431317687900566,0.5172848568922653,0.3635565628883978,0.46216106040892724,0.3456553924102407,0.5719565995658038,0.5246901313926946,0.36378760313653197,0.5772527696961968,0.5319173800375545,0.4620667823114798,0.43715251252487863,0.44994688588375326,0.2792177835277962,0.5185586687934767,0.0,0.0,0.4035094750475214,0.0,0.0,0.2954359812813359,0.39527996276295513,0.0,0.6611193825639903,0.11184937860354854,0.0,0.0273251610423705,0.32583399879893676,0.3647785665391113,0.5122778775741925,0.5094831904211792,0.3943529800063379,0.0,0.0,0.501929274023882,0.10208707512716679,0.35414521855739156,0.4770372064048072,0.13827201333710762,0.30177468624110365,0.0,0.45048039043366855,0.2765434188709184,0.4253548018170942,0.47631073439450017,0.3326456577288996,0.4301447809816868,0.3554863111579931,0.47584902297367726,0.3648043148921347,0.5005199094289505,0.4735426992982435,0.3147031844407594,0.4357340447194101,0.4945050656984811,0.48892339656519546,0.39985156914343195,0.454273957061508,0.0,0.20774820369094912
