0.0,0.3807826094669511,0.18721185299084547,0.21333561472163817,0.23437290330026092,0.28171893283016813,0.1725867045880438,0.13277172760600522,0.25771830288908343,0.28914247599451015,0.2595455121199045,0.07215641831950191,0.32192424441860046,0.13263641374155472,0.44094018691678605,0.45012504560120914,0.4222221021127154,0.4398414871664075,0.035334805937102066,0.3330928957788194,0.46293432881345176,0.4558859601629915,0.333006755837436,0.3829376657887165,0.4688461078818541,0.4635688405959875,0.4680068417813985,0.3481976323545125,0.3799177941925687,0.1697134339265597,0.4548659770422839,0.20357568677541063,0.3971747474539498,0.31114696279996357,0.016862878786823434,0.1708945964020735,0.1424641933469851,0.18580066080771246,0.21670184506363552,0.4313730747166633,0.22354351879888962,0.022566011934384532,0.19735555491382686,0.05669334603210141,0.11593255855678183,0.5382153161244341,0.33081682116603156,0.19778952455432008,0.25510927284894425,0.2756714366979675,0.16891222819109858,0.23995194299825226,0.16448220138640413,0.20365516884315707,0.27735937425849133,0.2600912809439735,0.2553865108735914,0.27464814623393025,0.03350243821707523,0.3997245194855661,0.3923073318222656,0.3688879167908771,0.4615129133570488,0.08951219443982847,0.3342008762983989,0.4728515059654537,0.4442318903895017,0.21862599375434916,0.3628741877568176,0.42288859863818007,0.46885382465562403,0.26414747622496776,0.3694998959775284,0.3759549760455322,0.16964653080849296,0.28738443140842285
0.3807826094669511,0.0,0.19042539272905543,0.31055148329860865,0.22956264797684503,0.525356084262467,0.16142566475217676,0.2957693947990126,0.16158065698129198,0.29775792561687314,0.19406003636519725,0.17966659808433239,0.4892492599529164,0.24929439169996997,0.4087783610076273,0.5037924170593724,0.5411781350204268,0.5415082517951331,0.1644607689252062,0.3984128486829187,0.37082075835545947,0.5079649149298997,0.396217950486367,0.40892077488171186,0.5774107396210808,0.6117187111290646,0.4429272818931536,0.4003634003712967,0.32438140656409237,0.07902659228208449,0.30112523978271893,0.2933307796733641,0.338722296500681,0.25965232594141235,0.0,0.27010707258042493,0.27804553395699777,0.1622096667674127,0.35154804823710606,0.3832442781621529,0.2772998658236799,0.012145977831205242,0.23689810146999096,0.09034721033252002,0.10511061326709387,0.41406370501915735,0.5769735547377346,0.1437359170513556,0.3029603432669837,0.19286648302589895,0.27893734123915737,0.17471144074325257,0.2461308446627641,0.13876335076908194,0.3305459263892801,0.18619784891413796,0.4194515083995563,0.38223672963229466,0.16948323515058333,0.37872894921026357,0.47308527636974507,0.5666528081377037,0.5003559855546246,0.15349538551343261,0.3870929621185686,0.41612381755356975,0.5047635878190438,0.2500699613016081,0.40045209525616465,0.5777929191818476,0.5867957901432659,0.26864367637501985,0.4482924927851272,0.2405435932629683,0.261640523115454,0.2991586980363129
0.18721185299084547,0.19042539272905543,0.0,0.15187165747092288,0.26146627602381833,0.20620623450610076,0.18792873935306784,0.11115069205439246,0.44032638182341255,0.22767845018656485,0.44932906718826005,0.11281506137020056,0.2343951096225338,0.06945539103259149,0.37647843615417714,0.22700140051925172,0.260024565811512,0.19197225048854555,0.37525475885708237,0.347222101260733,0.22908537447502778,0.33066424351346746,0.21824821311428755,0.16988420773900473,0.2378426563852899,0.2412476689617824,0.40472948456289704,0.3002403927754195,0.21782646095111266,0.16339983048201498,0.2750688996490634,0.08111315824450384,0.18906156010793942,0.08922252810651429,0.0,0.11570911493761576,0.12945991937850526,0.1425216709276054,0.14438527667003492,0.20822236767277394,0.05056732341692322,0.0,0.0994003837014241,0.01875968261968732,0.041661810595892274,0.21882309842159675,0.2038750437466531,0.5543326537436738,0.13843733590781548,0.3650564294963196,0.16532379017778898,0.2085649991179844,0.10490606232772563,0.42207314748342956,0.21252847906990743,0.4921121947345482,0.2063096100540313,0.21007967113778403,0.016768970625759532,0.3758497302359308,0.20944486589298653,0.20420012091533812,0.25274140474257023,0.41839792892421085,0.42899133858658534,0.237265702481552,0.37309739554654653,0.19890051203521422,0.18287972367761055,0.2430770857087411,0.260332305589014,0.3360104047715543,0.28249635029697967,0.25336787673890404,0.13646524768602922,0.14126958912936655
0.21333561472163817,0.31055148329860865,0.15187165747092288,0.0,0.32198048091482245,0.3841465451523285,0.30185155355657056,0.36677000416044947,0.21155175270800164,0.24325914661118742,0.20515716592195063,0.19337830322553512,0.34149736885305804,0.2212357410040876,0.26951352619325664,0.23478962072533874,0.313113358729253,0.27973613919559753,0.2515260862883506,0.20496920585551204,0.2847697214444782,0.229711764843974,0.3796323556534359,0.19661656737411576,0.2606202797321678,0.2868951480464439,0.31500655268366273,0.3875219448907484,0.2585185238866005,0.19831210971487676,0.30828228782284406,0.12370824920085607,0.27817294872318804,0.23680618248696853,0.04221366212950945,0.26417903996182057,0.2674296658101987,0.11756062959022041,0.20302305010184926,0.25685430232374534,0.04792164162023029,0.0,0.1163614444206041,0.039844559615469406,0.09089153903620922,0.26442180924496234,0.27853877751367095,0.17236425786472617,0.19991995870955684,0.14681134474268337,0.2070968630042472,0.09794623348262838,0.3029110761813476,0.16701527527619509,0.2961615688118597,0.16275478182393655,0.3468116129810155,0.19921837394234684,0.09741210275752808,0.19630178679520324,0.22690076822873845,0.34324030562656394,0.329205861221944,0.1814966940075154,0.17926956815165343,0.31047158607456793,0.27928218946200745,0.28680419390458023,0.15916279130433755,0.326537617659241,0.28940942164976513,0.2276143252323831,0.2553507219886461,0.1518425418375708,0.034758530478760326,0.03486881390632785
0.23437290330026092,0.22956264797684503,0.26146627602381833,0.32198048091482245,0.0,0.35132776304641394,0.5533591858316298,0.39348834474023425,0.5084307069534426,0.27004963944135874,0.5184170184043733,0.17992947649063482,0.4040687814231359,0.30398831193692233,0.22280352452832253,0.12316826866956476,0.204158763367618,0.17850536362525893,0.2743618442837833,0.25129245297394925,0.39772154637353285,0.22054346198067848,0.38796167962823186,0.0,0.10428625678020925,0.15069319148132473,0.385338918866681,0.40985400630704566,0.45418744938458916,0.46384303428991,0.33034571024153575,0.0,0.2911265058566661,0.27881194044351654,0.08275199393638523,0.23294202714152565,0.11094239727570275,0.07376362122905476,0.0,0.23365589931407918,0.0,0.0,0.0,0.0,0.0,0.3149418773497464,0.1232216162658209,0.3622935508438734,0.10000359861425884,0.2137740770367778,0.11095713126715832,0.0,0.29219601115719424,0.3350634539049084,0.31168350822717567,0.4278299486157791,0.2376932545622616,0.03917796224032607,0.0,0.21409107404358074,0.15909818163758918,0.19003668054694278,0.2518120888502244,0.2416952148984976,0.17849761254942492,0.3142166654654421,0.27768111572880244,0.28812245021987903,0.0,0.30149934319266414,0.20469619918835305,0.22874778393266765,0.1585910555553155,0.12824324830808811,0.0,0.0
0.28171893283016813,0.525356084262467,0.20620623450610076,0.3841465451523285,0.35132776304641394,0.0,0.25279799072852105,0.49490526363983334,0.23454738964939864,0.16939240437542805,0.24479361992608847,0.11195826367915257,0.5352255349301867,0.4001112663777172,0.3066840682493347,0.33486236385156526,0.3470254590423155,0.3923157280757337,0.2458561444482044,0.3417050172962233,0.3628609024410033,0.3599836801752898,0.5184544315477322,0.28579928296529666,0.3842233691709195,0.4505582883293876,0.434356046281947,0.41410809009443766,0.39315607262119867,0.21580572415515883,0.23198105195132238,0.17532458497031858,0.3512120034225438,0.2606088184246826,0.0,0.3610961461151126,0.20668720925782655,0.06058440955096765,0.24701334064626013,0.35628218543890766,0.1059308214216587,0.0,0.08022645602529524,0.07807449685429799,0.04355605774056381,0.35718804468132004,0.462383603117504,0.17868890301306845,0.29135753043195994,0.0713423792385703,0.2548138143244998,0.0,0.37359295043721596,0.09691443335004728,0.24674724529836747,0.19168588343512144,0.37329915032731753,0.21849183310117842,0.06911492989071275,0.22044013555623537,0.39088882086226207,0.42950196311615024,0.38040125595219787,0.2072878297691253,0.23192894621701915,0.36666193141325054,0.36073256991898145,0.3315739524290811,0.2278728589780385,0.481071202268578,0.43031624260895707,0.17600558726477328,0.2961148321681641,0.08237724192222526,0.0745660515478618,0.0487608744377703
0.1725867045880438,0.16142566475217676,0.18792873935306784,0.30185155355657056,0.5533591858316298,0.25279799072852105,0.0,0.31059499530043705,0.46415129629498175,0.3705324102418496,0.4324878654099388,0.2800648876359678,0.27892609016596237,0.15130858388215038,0.10333221579935248,0.059660229901721595,0.1783141103346562,0.0998686427829578,0.22319518325197427,0.07192373350369768,0.2568713119491183,0.09537659170492474,0.3301649708436149,0.0,0.0477576364944908,0.08249566188244867,0.2650410675433095,0.3043118050808196,0.3294642449772404,0.36859798387753395,0.3092914694422518,0.0,0.1978023087447141,0.30703484708947937,0.1846870903208767,0.024095534603745354,0.061807827170256346,0.15642101086260893,0.0,0.17887018985916744,0.0,0.0,0.0,0.0,0.0,0.2020752507627057,0.04595901793304675,0.3617975312323962,0.0,0.28671737541319897,0.21355844538284405,0.059219291651525154,0.23561070456180142,0.3922718702259007,0.42796416814686883,0.3578124410697409,0.2169154721673321,0.07728251111068442,0.0,0.13998322845414904,0.0779744918527703,0.11509902253233578,0.19565114593083616,0.24041709265533348,0.09755717391658461,0.1548467539742568,0.19861257625673986,0.3382935419061289,0.0,0.23601668098676892,0.15271140041317996,0.3271683593848222,0.0574494100580616,0.21764210225009453,0.0,0.0
0.13277172760600522,0.2957693947990126,0.11115069205439246,0.36677000416044947,0.39348834474023425,0.49490526363983334,0.31059499530043705,0.0,0.2264709010719268,0.21580886429033677,0.2585189058276491,0.2746088071992374,0.3375968188149236,0.34790485064700205,0.11381269911297143,0.10619764613842654,0.17004849590696838,0.11605198030418037,0.2689747275390595,0.09445847632943034,0.23565094008876777,0.10475594510367026,0.5214994921046713,0.10034847615173972,0.08247923019672174,0.19197711491255454,0.2368962319490075,0.27112375303544095,0.19109200674620577,0.25240331423559964,0.1709592456526497,0.08314413197885429,0.2786920052947719,0.23101741258194913,0.11985712168707131,0.21421520406686867,0.1544009664501897,0.05531107048492916,0.09799299470208511,0.2100505231688351,0.0,0.0,0.09244788484108989,0.04453927187000174,0.06025745417440883,0.1652093978556127,0.23297062915244193,0.13380854313836585,0.06152697147657389,0.11746629310644058,0.26609201402791677,0.02404600406345303,0.5284495340959772,0.15335004432783697,0.27577744081648214,0.22414218012607734,0.4066738173880473,0.1650274393910136,0.08724327795896276,0.059245985238928676,0.09478233364876776,0.2801143497120652,0.13200427509019996,0.20551035251858663,0.03798708553421071,0.20330839132442144,0.15450418445919928,0.41594131241205756,0.04497623663341959,0.2517356897414531,0.22098974013532072,0.1781075371293246,0.0949804889899045,0.0032239239833185313,0.0,0.0
0.25771830288908343,0.16158065698129198,0.44032638182341255,0.21155175270800164,0.5084307069534426,0.23454738964939864,0.46415129629498175,0.2264709010719268,0.0,0.2957043055640674,0.6152700393246585,0.17560727074662597,0.29391608080594994,0.10904620862378236,0.3077369216427089,0.1514625122090157,0.19878672580370843,0.15689288333746912,0.28725869937686555,0.2916836108963908,0.3671551601729521,0.26083798956037596,0.32328676165987624,0.08717977930974602,0.13831266606923864,0.14891289105796854,0.4526933667661111,0.3937768517949727,0.3755119108456085,0.3886893688617965,0.3984293227446764,0.0,0.24268167986043093,0.21951370895448583,0.03070537209732305,0.11667611640140914,0.09203348135595465,0.13728633781663005,0.013507317427708736,0.2367922210848645,0.0,0.0,-0.004279738361742629,0.0,0.0,0.28368650841282034,0.13092078219521763,0.5323314173546596,0.061827491088346426,0.4472495613030077,0.18421710088858972,0.1897138193045153,0.2174531590763418,0.5461677348685949,0.3241497670164394,0.5766760164581407,0.229705406209317,0.14583619566317818,0.0,0.3463405109522187,0.1687157044383716,0.14419535578823398,0.27053442307604847,0.2733484386652783,0.32048796762678416,0.30821095357630945,0.32514600884200345,0.31850223238910436,0.036794445393442086,0.29300228306987997,0.24175905224654137,0.3660823142340623,0.18880809824112219,0.3031518161949357,0.0,0.0
0.28914247599451015,0.29775792561687314,0.22767845018656485,0.24325914661118742,0.27004963944135874,0.16939240437542805,0.3705324102418496,0.21580886429033677,0.2957043055640674,0.0,0.27397744149549164,0.5468781398192311,0.1373966312989147,0.04637241408683868,0.22154169253983855,0.2624546542633076,0.4606551229585301,0.22285167393240926,0.1628905365187827,0.07783240596447648,0.1536965440370398,0.2249581572067065,0.329956432013079,0.2596392101820452,0.2366629356438078,0.303567080514024,0.2771540802336889,0.15119212236143892,0.11843213122184554,0.1491570298243467,0.42593602242992784,0.30258512846094493,0.22652994043486752,0.35192953551210987,0.23429013787397548,0.0,0.10938223361823608,0.3804113431470647,0.1937333696301425,0.2671639145742756,0.059249839789261745,0.0,0.31768631169963624,0.015751654030114814,0.13334861393518568,0.20477699153050982,0.24663433964611145,0.35789972196153824,0.0,0.468985782912465,0.38187178879324446,0.47063098780122725,0.26930932367883414,0.4554815881249699,0.6262538938392285,0.37540690087287937,0.4925789102909852,0.46380301725001427,0.20821259016408072,0.3183695774575063,0.18402186486941882,0.3445980167006488,0.31147325450813595,0.2559845210728513,0.2798121252092589,0.15946110405109817,0.4001047579412545,0.4062960449778183,0.22774930774209395,0.30710865465698034,0.4078746037743013,0.5146201952130306,0.21760855746959507,0.43780998495588613,0.13341024456158282,0.2232660224915658
0.2595455121199045,0.19406003636519725,0.44932906718826005,0.20515716592195063,0.5184170184043733,0.24479361992608847,0.4324878654099388,0.2585189058276491,0.6152700393246585,0.27397744149549164,0.0,0.16590511562444427,0.296468659106329,0.15170303661805065,0.323393903446766,0.19112908614882249,0.20894386438902232,0.16607289747739823,0.3197336284961711,0.31008315563981537,0.3888622072093245,0.288277864255292,0.3374757646511246,0.07645521341192538,0.15138666227480754,0.1637018510709715,0.4374540695929505,0.39329032022260707,0.3712090602710276,0.40040883584101045,0.37895342858700587,0.0,0.27353040651741634,0.1969820088419085,0.002129834179436877,0.1814378986091649,0.10457686441019054,0.12699610859152657,0.008038866716876812,0.22260702662077614,0.0,0.0,0.0291840714501322,0.0,0.016751275314104756,0.2918729221928918,0.13642482364905403,0.5154412725301165,0.09630369908551267,0.42139358360592244,0.15470154334256495,0.12632967602779663,0.24403257501286316,0.4781121228518751,0.30313675272938506,0.5951261152928287,0.24052211700280268,0.15103678574100396,0.0,0.3490274686541678,0.17284803450236594,0.17706722743154635,0.2504087200950967,0.3311450473697707,0.34576892684480415,0.32313568992311315,0.3514236206084669,0.30946371125605193,0.016098696300428705,0.2899107891436297,0.24039968483256827,0.33220866078661954,0.2288597933241983,0.26545417071823313,0.0,0.0
0.07215641831950191,0.17966659808433239,0.11281506137020056,0.19337830322553512,0.17992947649063482,0.11195826367915257,0.2800648876359678,0.2746088071992374,0.17560727074662597,0.5468781398192311,0.16590511562444427,0.0,0.0,0.003075600621515696,0.02004314872277331,0.09260779519349283,0.2702142090800816,0.0436834097068133,0.16298887332827566,0.0,0.0,0.0029658628356396526,0.2538932067806472,0.1785580424870107,0.032490669575841874,0.15418914331285405,0.07101563608546715,0.0,0.0,0.05354481962529398,0.20394765419516853,0.28463737876147877,0.1585678245417418,0.24156553657651406,0.21371569224156728,0.0,0.04307417434821054,0.3505323077278464,0.12777491454805912,0.1323792646854433,0.009866928016851363,0.0,0.2995029669272548,0.11643487912479064,0.08992615977966449,0.0,0.16131446153787443,0.2479686510182661,0.0,0.37287301257353994,0.4124148371353368,0.39748272265831563,0.324502261590265,0.38051826207654943,0.5293684320916022,0.26392590893638707,0.52183809586635,0.41472277584553136,0.2912645444025633,0.10313949125051093,0.012981555477129002,0.23731188114071608,0.08372235247276401,0.2620264747619499,0.08977878189769568,0.0,0.19730775191836986,0.39498470750659204,0.10994875410088856,0.09883349461316124,0.24955963137762796,0.409903202218349,0.017136444779553173,0.27201812723093116,0.08806738873752616,0.11381614144518888
0.32192424441860046,0.4892492599529164,0.2343951096225338,0.34149736885305804,0.4040687814231359,0.5352255349301867,0.27892609016596237,0.3375968188149236,0.29391608080594994,0.1373966312989147,0.296468659106329,0.0,0.0,0.3931658421088905,0.42135736464455686,0.3850208596521136,0.41169989471797186,0.502227352499727,0.24139976136528588,0.5016963226985149,0.48373474045606657,0.47126041392264906,0.3687205427649298,0.22533049760575846,0.4193372513308491,0.4521696867897514,0.4902810851500128,0.5804488659184669,0.5149577657573785,0.2944198238278626,0.290151624347547,0.021072244611513823,0.34609029651714385,0.23269715160525425,0.0,0.4721609061021126,0.1942207558154333,0.002505693300197248,0.15568829515996338,0.3563484118288723,0.07923912027929997,-0.00190608203268124,0.00954735023353424,0.025511833677857546,0.0,0.45204525209355556,0.36969569014737313,0.2112709142139489,0.39597781365197615,0.07198218000097781,0.033558961008252626,0.0,0.1572423503493829,0.08876892748983975,0.15657690109597872,0.2071398788687839,0.23165712951467324,0.10000286609163672,0.0,0.3366022048311271,0.40434482950686146,0.4317534031098642,0.49199687534391073,0.1610876125942658,0.31248443445191243,0.441995519337141,0.3844960994874088,0.11537956618008756,0.18814833637282302,0.48477558219835143,0.41101053746477384,0.07771805793649646,0.44079941831668124,0.03181182520310029,0.02894036710525583,0.05773105651295094
0.13263641374155472,0.24929439169996997,0.06945539103259149,0.2212357410040876,0.30398831193692233,0.4001112663777172,0.15130858388215038,0.34790485064700205,0.10904620862378236,0.04637241408683868,0.15170303661805065,0.003075600621515696,0.3931658421088905,0.0,0.18186470835239715,0.1581692648533972,0.1597278460718531,0.1882575103840614,0.12370754800714134,0.2526361251041251,0.23488064450758642,0.21512978783562622,0.2908508917707775,0.045627668262267926,0.13284229731786945,0.18943560667622358,0.21191468747032569,0.27133976588202796,0.32295436248183496,0.23595844159372378,0.09930069512057021,0.0,0.25514050637510166,0.14842006363350405,0.005712996058626299,0.3340778662207079,0.10302578761727749,0.0,-0.004345891553851988,0.18822405964334424,0.0,0.0,0.0,0.04939841790220573,0.007282270915034863,0.22254802734866672,0.15521152904110339,0.04506546069200908,0.17186142865621185,0.0,0.011460785910044746,0.0,0.20435543728731537,0.0,0.0393342413113395,0.06503769535424855,0.1479523381295647,0.0,0.010143501556260655,0.08967969017597473,0.14890865660307323,0.14594146899549398,0.16911138380480328,0.07570353073212736,0.08631099145387364,0.21033433778194,0.15393394934644078,0.1335420063138935,0.045888258126309464,0.22287062609724145,0.16158110108662455,0.0,0.13913728455714044,0.0,0.0,0.0
0.44094018691678605,0.4087783610076273,0.37647843615417714,0.26951352619325664,0.22280352452832253,0.3066840682493347,0.10333221579935248,0.11381269911297143,0.3077369216427089,0.22154169253983855,0.323393903446766,0.02004314872277331,0.42135736464455686,0.18186470835239715,0.0,0.48639012681199956,0.47650199080131395,0.49721929556190037,0.26603462955195917,0.580844204495097,0.4974831532454093,0.6081402361064997,0.3048151469316453,0.3648188589325538,0.516467805955139,0.499643189510487,0.5729731181890172,0.46947333007030023,0.3946363157535949,0.11719188127639235,0.4310700753010459,0.16371970249798162,0.2872671897787824,0.1848268928001242,0.0,0.3179682323708699,0.22439404180395153,0.13126413666882875,0.2797264480730875,0.36262329292112894,0.26791031435161616,0.0315057324644383,0.2332293403250277,0.10118893984923358,0.12559028014604268,0.4686682221653436,0.40810566608086635,0.2950290011027326,0.41839014459795354,0.3182155459339637,0.09436451366948238,0.18485313386054708,0.0959274653434121,0.2547841739105607,0.19318823355589282,0.33988999248316515,0.25743211485323664,0.2911494820883432,0.07589754729678072,0.5903986505169283,0.45058333265480244,0.4382407351280262,0.549643189780582,0.2289950694778495,0.5486508665734624,0.5287802628158551,0.5629129096828417,0.14926031641697102,0.39304758557658676,0.47962527598618787,0.4967064645829008,0.2432687306446114,0.5222670994982679,0.3154089526546647,0.27662421049404506,0.33145080130647014
0.45012504560120914,0.5037924170593724,0.22700140051925172,0.23478962072533874,0.12316826866956476,0.33486236385156526,0.059660229901721595,0.10619764613842654,0.1514625122090157,0.2624546542633076,0.19112908614882249,0.09260779519349283,0.3850208596521136,0.1581692648533972,0.48639012681199956,0.0,0.5404471238554639,0.5965622839437202,0.13408957872432795,0.431296360161463,0.3788800615151156,0.555892076028124,0.2681050715162449,0.42320984713026294,0.5714587046414046,0.5547618945471191,0.4634076797585983,0.38045465809673584,0.29450990117115206,0.0023811879438121863,0.39425368170016295,0.30357351411884637,0.3488337506859937,0.25685282335759657,0.0,0.2185743151573992,0.2630209282022126,0.1829823224225338,0.3697869787925327,0.3863425793501191,0.35941069239494366,0.08147711459396428,0.28885899412388005,0.11803932464620359,0.18609076175918415,0.4304705254906449,0.4600866456408446,0.15691535679276106,0.33777134718007634,0.2745807135498623,0.19577769557572472,0.24187049226971863,0.10885869139045265,0.17171072782298963,0.2432106009466056,0.21293175925983576,0.3290807104813947,0.368942993774332,0.16138925860666642,0.4342701963507006,0.5085628070161701,0.5201440445513867,0.5681050962404136,0.14645119399684345,0.4375756741769486,0.40555649373832253,0.526793936512215,0.15822338591830992,0.4542294562312826,0.46636201758186907,0.5084735310487531,0.25830229829799706,0.4710043020766833,0.32365241540287104,0.31921719856191916,0.4080310112044434
0.4222221021127154,0.5411781350204268,0.260024565811512,0.313113358729253,0.204158763367618,0.3470254590423155,0.1783141103346562,0.17004849590696838,0.19878672580370843,0.4606551229585301,0.20894386438902232,0.2702142090800816,0.41169989471797186,0.1597278460718531,0.47650199080131395,0.5404471238554639,0.0,0.5592427494535244,0.17917211242875045,0.40009947776937527,0.3500205289225331,0.518943084753654,0.28776172792354354,0.4325815619705053,0.5554379696004974,0.6005354932262975,0.44403045665377794,0.39754751713939374,0.27301194278378277,0.07861214618663522,0.4097801181975923,0.3196527281914176,0.3138442137860704,0.28131749949970436,0.0,0.2061845597993461,0.2577801001891655,0.22663001261119223,0.3512122745204397,0.36976495201484966,0.31631780886683003,0.0,0.3378349725585275,0.09186765267284995,0.148145206274207,0.40748403863939525,0.48896122224717503,0.23545478574399828,0.2867913051635008,0.3501644058066208,0.23635169837023037,0.296072529761811,0.16547201619978694,0.26327584158824635,0.4197750926397505,0.23803016834205992,0.4388582337709542,0.44786302421130325,0.20628430793663943,0.49302263454508777,0.4553479362492565,0.5815114093109026,0.557458039961122,0.20018611157802502,0.4575319004867891,0.3790065391950103,0.5418719033311528,0.1957043257947186,0.45569631048958265,0.5064340211546915,0.5909797985288374,0.3167178351947601,0.5219354479546693,0.32968415397819056,0.3119976708741439,0.41725148924923644
0.4398414871664075,0.5415082517951331,0.19197225048854555,0.27973613919559753,0.17850536362525893,0.3923157280757337,0.0998686427829578,0.11605198030418037,0.15689288333746912,0.22285167393240926,0.16607289747739823,0.0436834097068133,0.502227352499727,0.1882575103840614,0.49721929556190037,0.5965622839437202,0.5592427494535244,0.0,0.12687528440779558,0.48826996282510854,0.4320211687919586,0.55425557440706,0.2542275006355213,0.41537067751103535,0.5952971661860114,0.5766542339658793,0.4918419013962536,0.4657069210298739,0.371788578016082,0.057664742977350456,0.36163436738254706,0.23481798960500136,0.3445084668233268,0.24297930768812936,0.0,0.3133359005532588,0.2746539370464711,0.14176120532324804,0.32502578630915824,0.3983899098518212,0.33443464743268186,0.08672914207104235,0.2646832137818564,0.12683399516870875,0.1172549706809237,0.46499954576716795,0.4878219383973187,0.14217720799370182,0.3975371868999972,0.1931272316823396,0.11119261273784178,0.12623246359229626,0.06770577365536729,0.09906380341971234,0.20512521691859295,0.14031607438630392,0.28887604311490694,0.31937693362876096,0.0762651287371184,0.44424458156829744,0.5502502832790059,0.537883502447579,0.6200502315136733,0.10660997919251579,0.42694325651725756,0.44940789972747985,0.5004985758631372,0.08601445808922129,0.44423132104403085,0.5158797212169604,0.5356152969053845,0.16316754295695945,0.5479582305327396,0.24007269387024588,0.3167071161192129,0.3895107840312013
0.035334805937102066,0.1644607689252062,0.37525475885708237,0.2515260862883506,0.2743618442837833,0.2458561444482044,0.22319518325197427,0.2689747275390595,0.28725869937686555,0.1628905365187827,0.3197336284961711,0.16298887332827566,0.24139976136528588,0.12370754800714134,0.26603462955195917,0.13408957872432795,0.17917211242875045,0.12687528440779558,0.0,0.21214744709016436,0.19156802702822956,0.19740328244697217,0.25653082804640936,0.07143592060406204,0.0973372213464345,0.16391741167778015,0.2573877030241082,0.22932081549738612,0.15362017381277993,0.20677014708310631,0.15187306664755137,0.07342913644708517,0.15915316675781974,0.09519208479775375,0.0,0.1402717247741067,0.0609649835117918,0.10274180208298131,0.10797170766244238,0.14678844141707773,0.0,0.010768591150823126,0.09567298399726355,0.0005471266018670111,0.09862471692966172,0.13769694282672432,0.12390372871860687,0.30615908799551417,0.1057740909250235,0.19287590164046214,0.10646087146105379,0.06194914937509306,0.21790386313538743,0.24085595451307198,0.1443303733304676,0.3004673037356161,0.23754099700321973,0.12584241924472558,0.04975874160448039,0.22868106665435603,0.09671060139080669,0.20812120914971793,0.13999714947025346,0.45916328660463146,0.21401171336237787,0.1639495259608779,0.2310769016573702,0.19656217136690546,0.07087859357243051,0.14200501713896058,0.14224071323157342,0.21582082198721775,0.20253076507693707,0.06890710149633336,0.022530001616023372,0.0032749204528667334
0.3330928957788194,0.3984128486829187,0.347222101260733,0.20496920585551204,0.25129245297394925,0.3417050172962233,0.07192373350369768,0.09445847632943034,0.2916836108963908,0.07783240596447648,0.31008315563981537,0.0,0.5016963226985149,0.2526361251041251,0.580844204495097,0.431296360161463,0.40009947776937527,0.48826996282510854,0.21214744709016436,0.0,0.49255617427933485,0.6223511120019883,0.21451534963080132,0.25411812550902557,0.4589854006816096,0.43730388506331097,0.5493068460199984,0.5291401950617758,0.47131881747086035,0.13678355548053944,0.3192716063455248,0.01453865192130323,0.1897699687358903,0.07549482803560918,0.0,0.44994833420506053,0.23590991457345634,0.004749042730145685,0.1969495008458516,0.23262578357358252,0.1704235512841191,0.03874842742877464,0.0893196421040726,0.05140111192902705,0.028263416244210054,0.4332512291495151,0.3507447373081281,0.27118105507176965,0.42755779232081936,0.15662839590929284,0.0,0.0,-0.020246470097885282,0.10989107550660407,0.04960332882568134,0.26263334236345365,0.14340044131748325,0.1100872995143269,0.0,0.5073641635064344,0.4236905708004193,0.37833926913773475,0.48000461481198886,0.10661620997719293,0.5451371009063843,0.4902712803401557,0.48816909201380254,0.008618329334465871,0.2513084755264456,0.45480985879313857,0.38681700173399447,0.048338185653570113,0.5113531135622188,0.10367292896818403,0.1733007217782357,0.21666264639640223
0.46293432881345176,0.37082075835545947,0.22908537447502778,0.2847697214444782,0.39772154637353285,0.3628609024410033,0.2568713119491183,0.23565094008876777,0.3671551601729521,0.1536965440370398,0.3888622072093245,0.0,0.48373474045606657,0.23488064450758642,0.4974831532454093,0.3788800615151156,0.3500205289225331,0.4320211687919586,0.19156802702822956,0.49255617427933485,0.0,0.47021129235012027,0.3772017764574604,0.21795564495063824,0.40645273774132423,0.3700095686072457,0.5464136225550426,0.5095342194086354,0.5529865054200263,0.3323616640195948,0.42722872009525914,0.0,0.34884320670756463,0.24954181517426152,0.0,0.39633705600613395,0.1657240890653088,0.06399541514560117,0.11259753451105937,0.3217798957758262,0.04479707577543671,0.0,0.04070472686378559,0.0,0.025544135556578515,0.5444488807284839,0.3082675478319404,0.22578108416275533,0.3907472635398065,0.19396442503567574,0.01594623348464887,0.03772996592841719,0.14274870665177983,0.17952409024342594,0.17640547927750763,0.3082383119838408,0.16027487602784388,0.11838854193532747,0.0,0.42272304343450146,0.3782746603107019,0.36243905412729316,0.45423756031873447,0.0811056012030463,0.34647729786229886,0.5881459827052016,0.41625200207974017,0.17244479251939193,0.1686110686172501,0.4916912495126882,0.3846261058372566,0.12349060102106378,0.386004684685374,0.1794040974683247,0.014420370377671216,0.06899199456996
0.4558859601629915,0.5079649149298997,0.33066424351346746,0.229711764843974,0.22054346198067848,0.3599836801752898,0.09537659170492474,0.10475594510367026,0.26083798956037596,0.2249581572067065,0.288277864255292,0.0029658628356396526,0.47126041392264906,0.21512978783562622,0.6081402361064997,0.555892076028124,0.518943084753654,0.55425557440706,0.19740328244697217,0.6223511120019883,0.47021129235012027,0.0,0.27450453779451944,0.33877541873109174,0.5770183771904313,0.5492055421935979,0.5949543342578709,0.48367305762809587,0.427011909973061,0.07153942477261326,0.39323558904925376,0.18722391649768438,0.29647342816736244,0.19342404822874568,0.0,0.3328543035034296,0.26314698995879915,0.10937434066757593,0.30041339454552773,0.34222342101077824,0.28827845688712533,0.04879661496342792,0.2119849419024338,0.08535465219161584,0.11504419496761889,0.4895963679432311,0.448669336950493,0.25888979250848254,0.4116772937156395,0.2652919146434748,0.09896985648566432,0.15356962744503624,0.06871982124039008,0.19271653874252703,0.17903399008568913,0.29624467868675797,0.246848184156631,0.286322413381228,0.07998967280294283,0.5562385443423497,0.4791828156424674,0.46919534508596733,0.5516846093003874,0.1691017706043606,0.5720065738298259,0.4958687984656747,0.5876254180779056,0.12787662124037055,0.3721840157706283,0.5298564361491602,0.507585043521969,0.22380563238773468,0.5475004814803828,0.2814910003992193,0.25388974602834,0.3421188745758369
0.333006755837436,0.396217950486367,0.21824821311428755,0.3796323556534359,0.38796167962823186,0.5184544315477322,0.3301649708436149,0.5214994921046713,0.32328676165987624,0.329956432013079,0.3374757646511246,0.2538932067806472,0.3687205427649298,0.2908508917707775,0.3048151469316453,0.2681050715162449,0.28776172792354354,0.2542275006355213,0.25653082804640936,0.21451534963080132,0.3772017764574604,0.27450453779451944,0.0,0.2665450627127654,0.3017552973730159,0.3482416347670827,0.41670812015105835,0.3223485816977292,0.33130369089924006,0.26401064876144487,0.32086652146043554,0.17495837427559072,0.35918760362532015,0.3020193880870126,0.10863131270015904,0.17073159641333158,0.1460080144726635,0.1574477028819232,0.21676751995504878,0.373647556368675,0.01718830418892536,0.0,0.13235215804013548,0.0,0.11853079349564542,0.3218753343133254,0.3839175433797987,0.23227578220608958,0.181028079523095,0.24298049126552215,0.4024338394235168,0.18913217478978236,0.49728949999960265,0.26238156882141267,0.38815659446595774,0.32611913759603745,0.4311718050256963,0.29909521351002366,0.11482692315589561,0.24757231849018646,0.2923370436316685,0.3492782099964864,0.3247411301451236,0.2610110653310127,0.18189769918646764,0.38016199161570474,0.3580635668657101,0.5498070457361595,0.20844826631798727,0.4304247721695417,0.41122249099143315,0.35133392894155113,0.21445138960975174,0.24281809874321303,0.00929873227917091,0.021528613991964575
0.3829376657887165,0.40892077488171186,0.16988420773900473,0.19661656737411576,0.0,0.28579928296529666,0.0,0.10034847615173972,0.08717977930974602,0.2596392101820452,0.07645521341192538,0.1785580424870107,0.22533049760575846,0.045627668262267926,0.3648188589325538,0.42320984713026294,0.4325815619705053,0.41537067751103535,0.07143592060406204,0.25411812550902557,0.21795564495063824,0.33877541873109174,0.2665450627127654,0.0,0.466510828587378,0.5128880449967923,0.2923059800815223,0.2062795715949098,0.0667735752274107,0.0,0.29192569507997673,0.392779281564403,0.29479926598658945,0.16874433833661162,0.0,0.11057919548159639,0.194020099244431,0.24518597132489398,0.3790948145242198,0.36434174167050004,0.4438535908431076,0.14951060051383905,0.36364617876124805,0.23422866440986376,0.16869763335578164,0.3070840969017942,0.4636300348290896,0.11214057895546506,0.2384079763184666,0.21517891656591412,0.28105210015126925,0.2933559704272042,0.17048439635100382,0.1377450243004484,0.2271565687539358,0.11990566615877837,0.3780851713291493,0.4296431775168653,0.24523253176040377,0.3553633674044902,0.38160055813006316,0.43609311682066604,0.4063259446847252,0.11838741903444076,0.3446604598612963,0.30404107453768914,0.37026655762401295,0.17653340089450056,0.5682037624450023,0.3262025641941368,0.5334293308692766,0.2301227536617868,0.4017597858992488,0.3042045443840686,0.43585957995706737,0.4700988607607854
0.4688461078818541,0.5774107396210808,0.2378426563852899,0.2606202797321678,0.10428625678020925,0.3842233691709195,0.0477576364944908,0.08247923019672174,0.13831266606923864,0.2366629356438078,0.15138666227480754,0.032490669575841874,0.4193372513308491,0.13284229731786945,0.516467805955139,0.5714587046414046,0.5554379696004974,0.5952971661860114,0.0973372213464345,0.4589854006816096,0.40645273774132423,0.5770183771904313,0.3017552973730159,0.466510828587378,0.0,0.6140355028158466,0.49313319099042263,0.37818280199673726,0.32589877965446373,0.008307837551980285,0.3672457475978436,0.32501206056620074,0.32781160759353106,0.20896722857259367,0.0,0.23188090632740022,0.25948574019552967,0.15948414650541076,0.42625070145143457,0.42316316659037584,0.43989359684218576,0.09623861838543636,0.2668174127569979,0.12221613841991776,0.14521352038471852,0.4648721952467748,0.5848152478566363,0.14470809987686725,0.387383403871882,0.2060531399794536,0.2036642383283941,0.23414142676296057,0.10150360877251645,0.12996095341004546,0.25850806069175497,0.16251739431189294,0.3165317594731408,0.3907120505913984,0.14669009822520315,0.482815558335067,0.5444471999955971,0.5472998799712888,0.5734606516121037,0.116096426693346,0.48044140868825325,0.4741340141973023,0.5656650978327333,0.16192601036932822,0.4997651748709131,0.5785484044346266,0.6004364652152598,0.2571006277304778,0.5371281530575994,0.3338366592603977,0.3852486839981498,0.47106531826841586
0.4635688405959875,0.6117187111290646,0.2412476689617824,0.2868951480464439,0.15069319148132473,0.4505582883293876,0.08249566188244867,0.19197711491255454,0.14891289105796854,0.303567080514024,0.1637018510709715,0.15418914331285405,0.4521696867897514,0.18943560667622358,0.499643189510487,0.5547618945471191,0.6005354932262975,0.5766542339658793,0.16391741167778015,0.43730388506331097,0.3700095686072457,0.5492055421935979,0.3482416347670827,0.5128880449967923,0.6140355028158466,0.0,0.47072947887208494,0.38013487070663876,0.2708494143681901,0.023702469343840783,0.3426524956475373,0.3550969308359095,0.35686589532852664,0.2191975113882634,0.0,0.2544281889738743,0.28399783228487113,0.1827973545464647,0.4008952565832292,0.43861428831834764,0.3945298785249843,0.10016013397020067,0.3108448002268224,0.16355751477596112,0.14583981092902354,0.4573146178699964,0.573973552383499,0.17509811611652276,0.3151020999276214,0.24011481195806236,0.24929769809493216,0.235629771151023,0.1809097737479876,0.1503644124549918,0.2974156965249559,0.18420191025567634,0.4212518924660384,0.4209033319670389,0.22009118235071634,0.4718015018535687,0.5050506167027945,0.5939477262529719,0.55526244586249,0.16945384337943298,0.45978733736698346,0.42026430317191166,0.5473620324749876,0.20677695493994858,0.4970038220055331,0.5212556187790233,0.6437179225444996,0.28442916469892227,0.5107157231065887,0.2899270751193062,0.359403828027751,0.427679942860899
0.4680068417813985,0.4429272818931536,0.40472948456289704,0.31500655268366273,0.385338918866681,0.434356046281947,0.2650410675433095,0.2368962319490075,0.4526933667661111,0.2771540802336889,0.4374540695929505,0.07101563608546715,0.4902810851500128,0.21191468747032569,0.5729731181890172,0.4634076797585983,0.44403045665377794,0.4918419013962536,0.2573877030241082,0.5493068460199984,0.5464136225550426,0.5949543342578709,0.41670812015105835,0.2923059800815223,0.49313319099042263,0.47072947887208494,0.0,0.5286910251999898,0.5256592925703789,0.2334341688046635,0.4514493179504853,0.13695134865797431,0.3316714096500762,0.2720876067427658,0.0,0.3448052165986172,0.23088989026151974,0.1284698090961548,0.21790690075403107,0.3826123638331757,0.13307353031840768,0.0,0.12457055762335532,0.04217196026029934,0.0785662311296109,0.5074186976266295,0.4395072436894871,0.38336827173739235,0.3477356702425641,0.33100811373943706,0.18884648973734558,0.1780203111408903,0.1805818780370374,0.33162249829628465,0.3017572090617782,0.4242601403097036,0.2920682980093887,0.2796626815900073,0.0,0.5126729911347093,0.463045136249861,0.43282838800296713,0.5398053816641492,0.22519381915310666,0.5041132280789156,0.5630063549239759,0.5642431666363346,0.27039515493179656,0.3017209129787177,0.5351744358001148,0.510830463218339,0.3184679033206904,0.46952160515637587,0.3334349827879783,0.13068474108349887,0.1879641913299046
0.3481976323545125,0.4003634003712967,0.3002403927754195,0.3875219448907484,0.40985400630704566,0.41410809009443766,0.3043118050808196,0.27112375303544095,0.3937768517949727,0.15119212236143892,0.39329032022260707,0.0,0.5804488659184669,0.27133976588202796,0.46947333007030023,0.38045465809673584,0.39754751713939374,0.4657069210298739,0.22932081549738612,0.5291401950617758,0.5095342194086354,0.48367305762809587,0.3223485816977292,0.2062795715949098,0.37818280199673726,0.38013487070663876,0.5286910251999898,0.0,0.5128903500973323,0.36861188946909124,0.40240907305606843,0.005874210975555629,0.3069719948645508,0.22537912751723904,0.0,0.4857704035719218,0.28079281881289103,0.029672458364127925,0.15824421373792047,0.2991468748427502,0.05988444700859569,0.0,0.02178127846996467,0.0,0.0,0.46379852486199724,0.31355444016988043,0.30293540858755447,0.39502857128206825,0.21782936633618286,0.04410712569102455,0.0,0.16622694177220762,0.20474516754173727,0.19119847323935565,0.3230578589553459,0.2253920611673338,0.10374261290613941,0.0,0.40522718074153985,0.40987892215891153,0.3668882290375414,0.5016135594507226,0.1647710472969548,0.3970916960791666,0.4831514417813273,0.4288346649802407,0.14902069315265654,0.17558396657350092,0.4592949728737752,0.3812537776982845,0.14009507607942487,0.47697863809479546,0.14402513535429418,0.05327811099188154,0.10047273371267261
