0.0,0.7830684398884971,0.30092626010995555,0.0,0.4924076565894648,0.439167419223674,0.5559828132367352,0.1670047001204018,0.4839142368210312,0.5730901791460473,0.2492505606268284,0.7570435576694072,0.5733834036973787,0.0,0.2238227341406308,0.8489890040605154,0.7381154771805457,0.8027452745542328,0.15646630823829494,0.5654968843449159,0.6345307335360031,0.7372315933763398,0.22930978289379453,0.8348649454703869,0.8696506735712711,0.8577256909785107,0.331196701488076,0.5369145607144358,0.5982944871026373,0.41265693457948704,0.686483326245668,0.458707642313998,0.47846189150372487,0.31390053778521193,0.0,0.0,0.0,0.224771466740052,0.5071562898986985,0.6655870147869711,0.3523434640462707,0.0,0.04185171697971002,0.11175793708663258,0.0,0.9352827565153915,0.7535248469115147,0.1943942704461245,0.0,0.25478115486557623,0.4580077295798803,0.6454844103596143,0.2994834898197806,0.3328419642391891,0.5314541373268785,0.1882488353695145,0.5475520749050896,0.6699880886290791,0.0,0.48274097007916994,0.8268443679276787,0.821302106275507,0.846000574697816,0.183528424935857,0.7308599787144819,0.7606900001900092,0.7961845770760149,0.3964724150522436,0.8250562998968395,0.8161190362378202,0.8629789198197658,0.5142576456030727,0.7270459077799766,0.7214705142246769,0.7212928574737896,0.7216905912145462
0.7830684398884971,0.0,0.4358320205683719,0.0,0.49628158265383165,0.6996836314303697,0.6728681990912226,0.4103454796373951,0.5522119385473917,0.7223114631661828,0.37851295092974657,0.8692559455712827,0.7627120158103912,0.0,0.3524855813496934,0.7841108812894937,0.8148698506211607,0.864830471843045,0.3120967050480029,0.7000255851759303,0.5339751965039665,0.8335197702921983,0.428767604397065,0.7922904637208588,0.9327421639549978,0.9423762318225994,0.4855890079552048,0.6028374704182723,0.6007520982179113,0.3995609839046586,0.6410982846651471,0.37633641008054863,0.3514353009500239,0.16765375524819473,0.0,0.0,0.0,0.24156974665971637,0.34100534492383844,0.4865750163591631,0.14905419847849238,0.0,0.0,0.11457610444340584,0.0,0.6444483568792725,0.9253401057036028,0.2853454503384436,0.0,0.38689983924785204,0.6453216878924147,0.718315693502738,0.49058808313145336,0.42985190968192794,0.6480472189836171,0.32733294144896546,0.6697648924127035,0.7935802280099138,0.019579896213183436,0.5908854958797419,0.7696399174407859,0.877672151902236,0.7616724256975791,0.3483863880696008,0.847157203483749,0.6263769715160057,0.8295719243895792,0.5206936673772633,0.7806047853778313,0.9173428206881458,0.9409302304848559,0.6697806507221745,0.7755498606381382,0.6525938309867705,0.6277773836615086,0.651136681220386
0.30092626010995555,0.4358320205683719,0.0,0.0,0.6040709499722311,0.6188093077455474,0.24468877561975472,0.4990922455250931,0.7319676181362589,0.2942457138410669,0.8828501839733072,0.4348095732543657,0.5234774752439965,0.018835985254229533,0.5222520187450661,0.29762036837372163,0.30870056374599514,0.3520735502546142,0.8178755010814651,0.7232528544282059,0.4204953357249241,0.6407769658744951,0.6891894054153874,0.3531442940592612,0.37060249380277555,0.524992718834761,0.6955095808915277,0.3971140514752081,0.47588943801828304,0.5838786951647538,0.4109495974168504,0.09358416159060244,0.0,0.0,0.0,0.004125745419203099,0.13735878596331,0.1448744192290553,0.16287079634769303,0.0,0.0,0.0,0.1072647996099472,0.16714344661967526,0.02331018645321583,0.23116776482915224,0.45272934412854376,0.8825026719315582,0.0,0.606236394581029,0.4796831072642021,0.42049597575250675,0.57067735364859,0.675708224739308,0.2404668370381277,0.8427259902088201,0.3994796050675629,0.4552652118949176,0.16061704528578372,0.6003880925867323,0.3328571545531831,0.3120806674403697,0.2464873478395936,0.7530256572827084,0.6854377241482054,0.32395060484363625,0.5803148032426321,0.6778370237595819,0.3932778669177412,0.362678022056669,0.45694499099303304,0.693365494603971,0.45199110554248173,0.44589778739848757,0.40397384494804306,0.3731347389154261
0.0,0.0,0.0,0.0,0.0,0.0,0.0,0.0,0.0,0.0,0.0,0.0,0.0,0.16710095501692665,0.025348057462437814,0.0,0.0,0.0,0.029806087935401737,0.0,0.0,0.0,0.0,0.0,0.0,0.0,0.0,0.0,0.0,0.07653593665485552,0.0,0.0,0.0,0.0,0.249640513350542,0.24585224390292076,0.3416366823429293,0.09014517766209793,0.0,0.0,0.0,0.14357615228253376,0.10787774601938316,0.3013654856138638,0.02775835759075421,0.0,0.0,0.0,0.5999165980484943,0.0,0.0,0.0,0.0,0.0,0.0,0.0,0.0,0.0,0.22761153583551672,0.0,0.0,0.0,0.0,0.060808170387700956,0.0,0.0,0.0,0.0,0.0,0.0,0.0,0.0,0.0,0.0,0.0,0.0
0.4924076565894648,0.49628158265383165,0.6040709499722311,0.0,0.0,0.5753185323133208,0.6569127314948155,0.4009122838087228,0.8492924754232749,0.5161527710814434,0.5819670771430359,0.5794707156092288,0.6584291844961233,0.0,0.25865791697858886,0.45184863520974133,0.5302837213181147,0.5894134488201325,0.34001263622138267,0.5712055079061699,0.5523182159323037,0.5618796091474683,0.4904585803947001,0.43951804279036916,0.5299241416176639,0.5361228263199606,0.6195925829426429,0.5716375363419458,0.5950488453162753,0.3344901954427113,0.5339002753174932,0.18946675124074366,0.17563288144742126,0.06830776826667838,0.0,0.0,0.0,0.18051564200389567,0.254819896484948,0.30594526433680364,0.010786634369868348,0.0,0.00602632659839517,0.13215284818881243,0.0,0.4955293407908153,0.5948189953069212,0.5575094561683086,0.0,0.7037959939289129,0.45937320007470234,0.7271070771917773,0.4666480837419333,0.8161331601762329,0.4381896167293469,0.661697117315908,0.4036082616164178,0.6642110716935338,0.11621314069129271,0.44262254304309134,0.4731732004700198,0.5986786718071506,0.5288364426511317,0.3370738246910045,0.6469210402247461,0.45813774165472276,0.5847733653779708,0.5372071852726387,0.5242360661976138,0.5128282358233746,0.5345663900478613,0.6683668192821184,0.6525876109495959,0.6107245773312245,0.3598094272652455,0.39906944907762715
0.439167419223674,0.6996836314303697,0.6188093077455474,0.0,0.5753185323133208,0.0,0.5436042905497628,0.7553752934285761,0.6487966346029386,0.47960386656551124,0.6126658517278436,0.6449029073843179,0.7962199925201128,0.16410691331222493,0.4615064206384856,0.4201498061049846,0.5018224624838291,0.5465049314204207,0.5215631143291533,0.6543056219965931,0.557559152774996,0.6391536555724386,0.816208153023371,0.5286490198244316,0.5621077399603692,0.7057061630246861,0.721775699966432,0.4869421844385504,0.6686372210012116,0.4977871261816307,0.45943800072173413,0.09423721830884901,0.11360673832639248,0.0,0.0,0.0,0.04785674546832954,0.21598328446806975,0.06970174929280286,0.15201835820079476,0.0,0.0,0.10447663263498497,0.03680743512200413,0.019732319558464932,0.3965875243106026,0.6964777614806635,0.5989841276922857,0.0,0.5570735236198463,0.7874014431305691,0.5614178048553083,0.7599032019036494,0.6114480147760627,0.4144759265263726,0.5485788297922534,0.6216540058824095,0.6977800679063788,0.20213413100887306,0.5550681664046877,0.4083895896529507,0.5555165639725159,0.3702290858836337,0.5679314186031783,0.6589979306831845,0.4719835611718663,0.5915094560266716,0.7626977293589798,0.5312269321227131,0.5691411957770204,0.6578958387210176,0.7309544958855888,0.5545593573226084,0.4549584245874791,0.35850443995818143,0.2976016934305403
0.5559828132367352,0.6728681990912226,0.24468877561975472,0.0,0.6569127314948155,0.5436042905497628,0.0,0.35180485261183847,0.6211022860060857,0.8082355223312414,0.13344237680248264,0.5917025871125224,0.694474777418901,0.0,0.1546521133006891,0.5900429495352939,0.7799984652123217,0.7611181053567124,0.024220543270387036,0.35631904872047954,0.4412158033992822,0.45962048949534495,0.34416704863508535,0.45826969296512354,0.6968918194357737,0.5630989195359605,0.4172001302293139,0.6114839075842644,0.4726441071206988,0.06765242015240207,0.6849038437402759,0.21041017962553213,0.4699928370370625,0.254084729960748,0.0,0.0,0.0,0.21389819250467607,0.18838476572926355,0.5050337365384788,0.058886725516014794,0.0,0.0,0.0,0.0,0.5417995542106986,0.6737271147484961,0.08941503588877185,0.0,0.5877664382635519,0.47235768216527535,0.8621782300892935,0.34444878268939033,0.5016461304774853,0.7720709520767557,0.20779175536690273,0.4780911020541531,0.7282991903573415,0.06481703670357532,0.34316854672353503,0.46412237549237345,0.8395215394067482,0.6322053932804728,0.03910986632820147,0.5192720798612566,0.43047425319222704,0.44280099938675277,0.37825904656033144,0.5284531062517577,0.6818382452877897,0.598179384008974,0.5121378928538435,0.6894450474181968,0.5339904469984252,0.34450983488536324,0.35322369061116393
0.1670047001204018,0.4103454796373951,0.4990922455250931,0.0,0.4009122838087228,0.7553752934285761,0.35180485261183847,0.0,0.4440407869110043,0.3816138798297991,0.5895991889471791,0.28855137974946365,0.5535837811023965,0.28655973842736815,0.39704806636358503,0.08783962636975966,0.2899747163397636,0.25538160214180217,0.5113085197604115,0.5850759973268793,0.5188260118075327,0.4488437466633113,0.7729540526609754,0.2757010467140025,0.2283129089656027,0.3937242647012731,0.5317536029618124,0.4327021422693744,0.3937028328119031,0.39441551983491036,0.36612615310160934,0.0,0.0,0.0,0.0,0.1925680020156846,0.16058807476641504,0.26054166295307374,0.0,0.0,0.0,0.0,0.2927888270389155,0.12478989861290486,0.14986318902385137,0.12007116730393529,0.47573813665072795,0.49829480573835583,0.0,0.600977523912656,0.47996633297013197,0.3862162189081518,0.8551301217807238,0.4748234252829859,0.2970814196902284,0.5830098072377179,0.4182163885801452,0.473872451724352,0.43670986767173264,0.35391175470899067,0.06050311708360479,0.340814499831221,0.08542927662884481,0.608402264628018,0.4798196332482247,0.3605876665582,0.3544643375365224,0.5941352054614325,0.29897962772022046,0.2820845886407741,0.35718343277183584,0.5068400598037527,0.3697664965782577,0.23028525391877191,0.1849046378791853,0.020731766373529817
0.4839142368210312,0.5522119385473917,0.7319676181362589,0.0,0.8492924754232749,0.6487966346029386,0.6211022860060857,0.4440407869110043,0.0,0.5829440823323945,0.6698189595512716,0.5978790577896912,0.6907581812467901,0.0,0.38710432175919607,0.4475246219322063,0.5732640997125694,0.5829979794225981,0.5161372663472006,0.6790348304965885,0.546629393248515,0.6447095221737007,0.6001726605166022,0.48541429754247106,0.5602031915885012,0.6142681140000225,0.7466038522607044,0.5718990736719916,0.5863139148826548,0.4402192212766244,0.5718261502329357,0.1541326611422917,0.15095003975378227,0.0,0.0,0.0,0.0,0.29634120648820983,0.183406155856585,0.24690736893288023,0.0,0.0,0.08870704430844982,0.10655265519255366,0.023689963789900646,0.45856830027224005,0.6370198223328477,0.6742960235594212,0.0,0.7437740551611368,0.4848279269998466,0.729001980830907,0.5337094526388584,0.9285897574195846,0.5567023250260141,0.7211295964698724,0.47262812688240924,0.6579913828137376,0.128679045366878,0.5252674066485307,0.5133817832893557,0.6250737824217,0.5224062785967313,0.4816753875409067,0.7161407969435878,0.4628092135091874,0.6312636454817062,0.6158246472098395,0.5339559797631473,0.6189139571183997,0.6036975837273576,0.7544273926289555,0.6378289473329473,0.5645379015030074,0.4497658346351704,0.43080834526759193
0.5730901791460473,0.7223114631661828,0.2942457138410669,0.0,0.5161527710814434,0.47960386656551124,0.8082355223312414,0.3816138798297991,0.5829440823323945,0.0,0.1661657485720306,0.6691814908084568,0.609988003436308,0.0,0.16414648883922162,0.630957127653523,0.9159056959264826,0.7954885779064731,0.15955939522776594,0.41885460174957134,0.4644948935735337,0.48003538544174434,0.34142415691547945,0.5503155757318088,0.771950449609704,0.6182722536139489,0.29096467541986576,0.6434871024279255,0.3836925174336697,0.1507962432774454,0.7827086593030048,0.15567715866999252,0.604843304727294,0.40120337675596746,0.0,0.0,0.0,0.37888222444462316,0.1090120400295429,0.5472518791472897,0.08694506694723185,0.0,0.0,0.046794139327797364,0.08387826959975692,0.5058242764986163,0.6764599897024951,0.1057531906059857,0.0,0.5220832232823871,0.3390054187493446,0.7386961088302522,0.3367185436102377,0.41640246740765857,0.9621156193643305,0.1940818432970443,0.6419154818662431,0.6304113609369991,0.06033460386461803,0.2859707068707067,0.47624317958766915,0.8444064030614538,0.635547835258518,0.10929046439586748,0.5305941402396487,0.46450150112398203,0.4279588598662883,0.3147838363558014,0.5595257040527171,0.7578365725677636,0.6362569840716006,0.36429058891618993,0.6581152316678225,0.4222512352814714,0.43529438387870123,0.35831099349293327
0.2492505606268284,0.37851295092974657,0.8828501839733072,0.0,0.5819670771430359,0.6126658517278436,0.13344237680248264,0.5895991889471791,0.6698189595512716,0.1661657485720306,0.0,0.3642158086701417,0.5173983052406044,0.1775663969007874,0.514149719996425,0.20918773400087587,0.19180243412861245,0.2519022498477566,0.8884788416704458,0.7788064853241176,0.43564589709373486,0.6719816741257304,0.6507815678449325,0.3193743333125268,0.259221966336549,0.4603600210317932,0.673105159228036,0.4262758711709196,0.4854781632916292,0.6673471463847506,0.38119863479681637,0.1070325830858865,0.0,0.0,0.0,0.19036941797974521,0.2508630904224361,0.19923315086926302,0.12564139451778097,0.0,0.0,0.0,0.3349755488108959,0.2752783328076145,0.016807884988242622,0.15574857913093573,0.4310414414807555,0.8792155700386385,0.0,0.5650829728163513,0.42704504060340603,0.3256542259032481,0.6645236184977026,0.6767401822514607,0.11318592785446654,0.9378217514327043,0.3603841346215348,0.42810825869098584,0.26370473510072107,0.5398187408483826,0.29716566928805666,0.26583988009275233,0.20025194744541813,0.8847041383481762,0.690313726651732,0.3264693883290201,0.605330246680567,0.6139621167744373,0.37902159108388134,0.28918246381928153,0.40836914332627583,0.6428736170046824,0.4462302364773064,0.4307819960501485,0.40619430491836467,0.3052221543390525
0.7570435576694072,0.8692559455712827,0.4348095732543657,0.0,0.5794707156092288,0.6449029073843179,0.5917025871125224,0.28855137974946365,0.5978790577896912,0.6691814908084568,0.3642158086701417,0.0,0.7510645521627326,0.0,0.16849550330677837,0.7710966907206435,0.842277580817612,0.8555475285907655,0.2996368784508894,0.6152678081380767,0.4830491768007846,0.7047128020078083,0.3149210157105618,0.880934913400508,0.8808577046851613,0.8891213155525348,0.39864582348614896,0.5322097008065804,0.4965131897529623,0.47262619762576463,0.5483850963343364,0.5688848773317982,0.3510255613060781,0.2098493589561912,0.0,0.0,0.0,0.2184805145601,0.5892002710164361,0.6698765072363737,0.3531292958702156,0.0,0.010487889590817182,0.15511507835420302,0.0,0.7222798132559367,0.7709054223993692,0.34867811439715163,0.0,0.36137486114014666,0.6398912024752464,0.7046281601354025,0.40631031855542765,0.4296837260142719,0.6688649208496217,0.3155061511148617,0.8578444775754349,0.854360911082006,0.049191210976873394,0.48955056433609917,0.7609730799077233,0.8702556729062162,0.8442285369977623,0.32845613357741654,0.7677252816510524,0.5425145888839403,0.7780108781439158,0.4355640965406978,0.8828662993328982,0.7720497296555203,0.8847532633667716,0.5239867337364907,0.8250566857473043,0.5703551072685488,0.6888320049620885,0.7743361865672203
0.5733834036973787,0.7627120158103912,0.5234774752439965,0.0,0.6584291844961233,0.7962199925201128,0.694474777418901,0.5535837811023965,0.6907581812467901,0.609988003436308,0.5173983052406044,0.7510645521627326,0.0,0.0,0.23156452653630555,0.5437420317161655,0.7194905525234497,0.730017038395939,0.4011691743785392,0.5968259292033948,0.4457351750420866,0.6171270558015882,0.5378588499549228,0.5745164143735471,0.6639419692195206,0.7449840353637952,0.49902021964086934,0.8012679677569299,0.4993856599044419,0.3843063724117767,0.5875542156620683,0.20330141580980654,0.2940063834866244,0.04571582188000914,0.0,0.0,0.07122871932204677,0.23804690563696676,0.19430381636212504,0.38022495411342966,0.014506507731345894,0.0,0.14373847911292706,0.12421346424637124,0.0,0.5140324434283445,0.7365309278520122,0.466774104221705,0.0,0.6059829278513865,0.63711335980202,0.7394640378682669,0.5769231562361158,0.6234498224499799,0.5519801977955026,0.5000871058910591,0.657805548601923,0.8981717095834564,0.10044816796057647,0.39906103480079536,0.5271138282274481,0.8067656732157349,0.6545642975194226,0.42079661972352717,0.706281611685971,0.42612931647482094,0.6403186398226117,0.4940564075447234,0.6001079100624946,0.6581007202240873,0.7057502942389545,0.603154030427456,0.8342311603771361,0.5789072026104443,0.6070794244905534,0.42062113187175043
0.0,0.0,0.018835985254229533,0.16710095501692665,0.0,0.16410691331222493,0.0,0.28655973842736815,0.0,0.0,0.1775663969007874,0.0,0.0,0.0,0.08867160548838432,0.0,0.0,0.0,0.17196274556196978,0.07206740900718644,0.0,0.0,0.15262352009921978,0.0,0.0,0.0,0.014210327943080185,0.0,0.0,0.13995401240019836,0.0,0.0,0.0,0.0,0.14116547671385896,0.4835869342796591,0.2707933962509846,0.03771886668332338,0.0,0.0,0.0,0.12678775388584376,0.2829960566460414,0.18149585359536788,0.0646863340162625,0.0,0.0,0.09240259365628066,0.22258546018151507,0.0,0.06874549817312384,0.0,0.26497141564207816,0.0,0.0,0.07725212643942127,0.0,0.0,0.40412470161298797,0.028210529692870027,0.0,0.0,0.0,0.24623858612335717,0.0,0.0,0.0,0.07716959988978377,0.0,0.0,0.0,0.0012238004173105673,0.0,0.0,0.0,0.0
0.2238227341406308,0.3524855813496934,0.5222520187450661,0.025348057462437814,0.25865791697858886,0.4615064206384856,0.1546521133006891,0.39704806636358503,0.38710432175919607,0.16414648883922162,0.514149719996425,0.16849550330677837,0.23156452653630555,0.08867160548838432,0.0,0.24439692412338493,0.10100168599817258,0.1648881089143245,0.41946785991146074,0.5332458798505909,0.5070450098805442,0.5362672675379051,0.687500086657241,0.18549939265515053,0.2689563341276587,0.44134022043849,0.5205208904374069,0.17544420470210517,0.47274423648379504,0.390742893449745,0.3668704378720793,0.0,0.0,0.0,0.0,0.0,0.11718755139827308,0.06526014328970468,0.0,0.0,0.0,0.0,0.0,0.0,0.13582113805178694,0.2044379582784781,0.3917022317941904,0.45297602010345644,0.0,0.41488216383350174,0.2846871853722157,0.2644203364393166,0.46810472611886417,0.4908047709100202,0.09858624902287791,0.4675571565502145,0.1039155667689047,0.21368778887013437,0.173354460270706,0.8645705175148012,0.27569435527938096,0.13680779862083556,0.13782938343134446,0.4179467606118548,0.5254504471342515,0.4171188986935027,0.49134777209378605,0.703452667718651,0.2291828354866517,0.36271328457340934,0.40354305358651515,0.545352507140751,0.2271352265106843,0.41217113677589573,0.0354432972699457,0.1443092114082477
0.8489890040605154,0.7841108812894937,0.29762036837372163,0.0,0.45184863520974133,0.4201498061049846,0.5900429495352939,0.08783962636975966,0.4475246219322063,0.630957127653523,0.20918773400087587,0.7710966907206435,0.5437420317161655,0.0,0.24439692412338493,0.0,0.7628170983924124,0.8960741767588115,0.17191222539812834,0.5637392361780836,0.4852525181879831,0.7352371812548316,0.18087732993115763,0.7828773998278064,0.8678866398737406,0.7878248295387974,0.34220577300743943,0.4980993104362793,0.5991999551313004,0.36538518881870047,0.7456981934174384,0.4811854415489141,0.45057831131337794,0.297635369911615,0.0,0.0,0.0,0.18708253074402703,0.5042832935965949,0.5962833774985858,0.2869263960767099,0.0,0.0,0.13782667546825766,0.0,0.7486941092234048,0.7228561274714984,0.12438899376113233,0.0,0.24257861913834522,0.4605785096877796,0.5982754467852086,0.20313850125951224,0.2885426094522514,0.5623954480413348,0.11976060203757227,0.5308004766549844,0.6332277681985499,0.0,0.5129846165592469,0.867527837958547,0.79102147767389,0.8835885946881207,0.1855524832487488,0.6952006854894839,0.5712988262023059,0.7500340230423761,0.3539183885862749,0.782668127704707,0.8200505959456368,0.8111067115730536,0.4721496855622453,0.6964172209947473,0.6765383425015001,0.6344791132010109,0.7540903638196401
0.7381154771805457,0.8148698506211607,0.30870056374599514,0.0,0.5302837213181147,0.5018224624838291,0.7799984652123217,0.2899747163397636,0.5732640997125694,0.9159056959264826,0.19180243412861245,0.842277580817612,0.7194905525234497,0.0,0.10100168599817258,0.7628170983924124,0.0,0.9218978953008948,0.15386815350034927,0.46664563275942117,0.42843423032661826,0.5829472913039379,0.2339767088765671,0.7059156120135055,0.8674773297359437,0.7592343640630572,0.2791465997110623,0.6731619859514439,0.41061681093094504,0.21429918565582243,0.7255147103359849,0.36296377968734905,0.6192128094093823,0.4039194617785053,0.0,0.0,0.0,0.2779554688075984,0.3445249542260342,0.6876579285976439,0.2995669480652131,0.0,0.0,0.10762863473470637,0.0,0.6198553331848567,0.7657554481550938,0.10261282624542413,0.0,0.4678092212342469,0.4537172207669514,0.7737447201762946,0.2935036691917704,0.39085187360890344,0.8889276845913583,0.16557040489005545,0.732877815029476,0.7841965279546699,0.030183835643562525,0.342182359591928,0.6687768330000508,0.9357036976126134,0.8190337670740383,0.13419101246285275,0.6286331905496368,0.4896478832101861,0.5906678663025449,0.2755185918457169,0.7182080450751687,0.813085209872602,0.7751231978954972,0.4004484426253945,0.7868968780141627,0.5377591758684179,0.5973749159656088,0.5848097808378603
0.8027452745542328,0.864830471843045,0.3520735502546142,0.0,0.5894134488201325,0.5465049314204207,0.7611181053567124,0.25538160214180217,0.5829979794225981,0.7954885779064731,0.2519022498477566,0.8555475285907655,0.730017038395939,0.0,0.1648881089143245,0.8960741767588115,0.9218978953008948,0.0,0.21530947718098595,0.5635158089591191,0.5101444464784209,0.6905993269167059,0.25546283318557217,0.7552068173613921,0.9249674961196459,0.8098449614827969,0.38618596087330864,0.6525647445493614,0.5555652985682876,0.34391838160921495,0.7488854254014256,0.4198356495284937,0.5521770837316162,0.36969963427604396,0.0,0.0,0.0,0.27546375485017505,0.41900902827097125,0.67094984681131,0.2943363377562475,0.0,0.0,0.16924260045740047,0.0,0.7140803070637846,0.8035493602396137,0.19136510002579754,0.0,0.40037558943198653,0.5452242949623678,0.733582341282719,0.33792223428226387,0.39401192693181775,0.7488690840453658,0.2117812853826839,0.698441236502564,0.7913668057905261,0.0,0.44308736067472443,0.8021836330981067,0.9080962562237959,0.9068759401959201,0.21579701974981647,0.702162167713628,0.5812903026807149,0.6962421683522011,0.3719373805132169,0.7810308575031067,0.8544837547929774,0.8289314538617742,0.5142952143921573,0.8086908617500125,0.656244941709475,0.684174294397514,0.7055490125355556
0.15646630823829494,0.3120967050480029,0.8178755010814651,0.029806087935401737,0.34001263622138267,0.5215631143291533,0.024220543270387036,0.5113085197604115,0.5161372663472006,0.15955939522776594,0.8884788416704458,0.2996368784508894,0.4011691743785392,0.17196274556196978,0.41946785991146074,0.17191222539812834,0.15386815350034927,0.21530947718098595,0.0,0.6762248943663384,0.3530373017588311,0.5464554097173583,0.5447684967032432,0.26386708216613286,0.18009455191973014,0.3333862996685845,0.5609978486972577,0.3489967926366945,0.4026743703300249,0.6105233926452575,0.3047226580654833,0.08106882773309387,0.0,0.0,0.0,0.2743277134709962,0.23308427794198588,0.1384848422698087,0.10403853407349924,0.0,0.0,0.0,0.3903937921298152,0.289151579242743,0.005296980604520034,0.07609498625970763,0.32186790181621583,0.7930845339218737,0.0,0.3505405862705623,0.3700504457423466,0.1491412573701936,0.6261359738293941,0.4854465913166222,0.12666775927594048,0.7371381686995272,0.3702808654917781,0.2656874000292055,0.1529068576844735,0.45299250162223514,0.21105042410159705,0.18143567081639264,0.14769513844263338,0.9537282609474811,0.5636601652757887,0.2946544535736362,0.47885414475071875,0.4963887808742305,0.24788459204223637,0.2103429910801387,0.2944430678215659,0.5000708856066914,0.3179832958038012,0.2892452749405199,0.44048677921210455,0.25561196446825657
0.5654968843449159,0.7000255851759303,0.7232528544282059,0.0,0.5712055079061699,0.6543056219965931,0.35631904872047954,0.5850759973268793,0.6790348304965885,0.41885460174957134,0.7788064853241176,0.6152678081380767,0.5968259292033948,0.07206740900718644,0.5332458798505909,0.5637392361780836,0.46664563275942117,0.5635158089591191,0.6762248943663384,0.0,0.6121901129208611,0.9917853363197713,0.5610217999065639,0.601076981118201,0.584592666737233,0.7515685974030252,0.7102084393419577,0.5550970260572659,0.6862459471684776,0.761863112880061,0.6345419976743405,0.33104550937547345,0.0,0.0,0.0,0.06169400466710379,0.15671854767462529,0.25433737753988145,0.3033475797471915,0.12401425587292102,0.0,0.0,0.30281557270213094,0.2706454320016207,0.0430144528505433,0.44548697744326077,0.7161736243795686,0.6324387224203648,0.0,0.4765865769420324,0.4921530778707486,0.49658992730146956,0.6825577158173343,0.5868736674978633,0.3661660089409366,0.6842084217618172,0.4838356422063265,0.56066950572254,0.19771710124093161,0.6995289655025729,0.5910351506590291,0.5489810503635869,0.5004950970771482,0.710056440419517,0.9476361648289818,0.5765147489385414,0.8661109448825757,0.6165702469424298,0.587089019411226,0.6097019954172677,0.7134692345149724,0.7439506883395832,0.6529587916209619,0.6559638317004298,0.5894891854063765,0.5682680723964495
0.6345307335360031,0.5339751965039665,0.4204953357249241,0.0,0.5523182159323037,0.557559152774996,0.4412158033992822,0.5188260118075327,0.546629393248515,0.4644948935735337,0.43564589709373486,0.4830491768007846,0.4457351750420866,0.0,0.5070450098805442,0.4852525181879831,0.42843423032661826,0.5101444464784209,0.3530373017588311,0.6121901129208611,0.0,0.6475704701856957,0.5754987727624828,0.5238819802567958,0.5692555893017263,0.5936185476025325,0.5984466876567193,0.42314519149199553,0.7391608864017906,0.4888988366279414,0.5708005694991701,0.21573067577370458,0.3057966070381654,0.13961373356627332,0.0,0.0,0.022044610267177994,0.2690144133998192,0.1911302616436619,0.29253838495179724,0.0,0.0,0.20506323354483455,0.08760667303690511,0.1411843244672341,0.6726474377604306,0.67000777082299,0.3925071875331327,0.0,0.4356260101701499,0.43826795030683896,0.5167944071721908,0.6029491621128543,0.5304616581921295,0.40636857048647773,0.42328847680261666,0.34830689020878824,0.5299145230078515,0.08819404109948271,0.5418042863102219,0.5271529739563054,0.5611418005248623,0.5129155959432798,0.35772819876239753,0.623046064384257,0.8482684591963614,0.6341748272614417,0.6058651279410823,0.5469853016626373,0.6675009848365113,0.6376301297295922,0.6110880452811629,0.48405493661902094,0.6138279197138595,0.423007034997087,0.3283804400796928
0.7372315933763398,0.8335197702921983,0.6407769658744951,0.0,0.5618796091474683,0.6391536555724386,0.45962048949534495,0.4488437466633113,0.6447095221737007,0.48003538544174434,0.6719816741257304,0.7047128020078083,0.6171270558015882,0.0,0.5362672675379051,0.7352371812548316,0.5829472913039379,0.6905993269167059,0.5464554097173583,0.9917853363197713,0.6475704701856957,0.0,0.4873333263129846,0.674240885033791,0.7496672396338021,0.8535633270028723,0.6721366646042717,0.5323843804037954,0.7166967920723877,0.6965867196053321,0.6941704304684589,0.42657102622536486,0.10601556531719353,0.04282321550595141,0.0,0.0,0.07330507878342746,0.2267256271389912,0.3904750366458061,0.2770349368623654,0.032435299830358935,0.0,0.1883078578304468,0.17867012212490505,0.0,0.6044696938097338,0.8130278578506919,0.5152826604546292,0.0,0.428856259881065,0.5478557697554995,0.5926865845528483,0.568681109126569,0.5275287214545276,0.4083286931733485,0.559143439991976,0.5069088476572104,0.6371904605901051,0.12754370096147266,0.7438972068349599,0.7228485557763322,0.657727897027647,0.6485685199904463,0.5828607379160319,0.9800010082553835,0.6448263695013877,0.9317293945571314,0.6027090559557621,0.6886467486163504,0.7662807179310024,0.8348014655429441,0.7695676149629701,0.7012094392510141,0.7334553712608027,0.613129353268926,0.6672688461860722
0.22930978289379453,0.428767604397065,0.6891894054153874,0.0,0.4904585803947001,0.816208153023371,0.34416704863508535,0.7729540526609754,0.6001726605166022,0.34142415691547945,0.6507815678449325,0.3149210157105618,0.5378588499549228,0.15262352009921978,0.687500086657241,0.18087732993115763,0.2339767088765671,0.25546283318557217,0.5447684967032432,0.5610217999065639,0.5754987727624828,0.4873333263129846,0.0,0.2617576003569246,0.2999004460524903,0.48661953719864814,0.7180321820277676,0.32341752917530525,0.5253086874187285,0.3244244272227994,0.3417855977353743,0.0,0.0,0.0,0.0,0.0,0.09412127290235985,0.16921274870242686,0.0,0.0,0.0,0.0,0.07058640444312742,0.0,0.13248389667348548,0.25742596891725206,0.5024380668521421,0.6808715881017635,0.0,0.6594659088163931,0.6019126144293226,0.4229537959559408,0.743195771585571,0.6598079269743056,0.2545481801287438,0.6200588882183063,0.34976673818670884,0.4694136568363403,0.26622518165006087,0.6203404850566373,0.1752961328433076,0.30112934560484234,0.13053741718500433,0.58278142922053,0.5270519464523628,0.4133660170303671,0.4271082840671056,0.9029586558377978,0.30910344653077587,0.38297457925903094,0.4412174694117789,0.6998062184933443,0.35361555049142873,0.3531608735773048,0.0812008176499761,0.06588989023021895
0.8348649454703869,0.7922904637208588,0.3531442940592612,0.0,0.43951804279036916,0.5286490198244316,0.45826969296512354,0.2757010467140025,0.48541429754247106,0.5503155757318088,0.3193743333125268,0.880934913400508,0.5745164143735471,0.0,0.18549939265515053,0.7828773998278064,0.7059156120135055,0.7552068173613921,0.26386708216613286,0.601076981118201,0.5238819802567958,0.674240885033791,0.2617576003569246,0.0,0.8156452190897269,0.8493414439946818,0.36492739347261044,0.4304867998084251,0.49639653057283245,0.5186940443396255,0.563976802485914,0.47857312076234804,0.3663914703106277,0.22091587275913047,0.0,0.0,0.0,0.2919517071125367,0.49268486986576004,0.6171840084895633,0.32743073717167925,0.0,0.11184982517375248,0.16230715267377044,0.07446053144533916,0.7716577619918978,0.7613009718771125,0.27201720570581117,0.0,0.2374789643743799,0.5641253596380548,0.5582040323555669,0.38447621607632115,0.32312730240390514,0.5374908910391123,0.2517414029623005,0.7132054520914051,0.6857312006897841,0.05387059554881953,0.5186670738579381,0.7837303736794518,0.7487192409218213,0.7995484892633913,0.30086622785466394,0.7244200601036602,0.5850477597173342,0.740619045360349,0.4286094870618066,0.938656466892746,0.7599059734047431,0.8848993750693028,0.5081203769528267,0.6870281157063032,0.5717228743166096,0.6676042588327976,0.7523172862144195
0.8696506735712711,0.9327421639549978,0.37060249380277555,0.0,0.5299241416176639,0.5621077399603692,0.6968918194357737,0.2283129089656027,0.5602031915885012,0.771950449609704,0.259221966336549,0.8808577046851613,0.6639419692195206,0.0,0.2689563341276587,0.8678866398737406,0.8674773297359437,0.9249674961196459,0.18009455191973014,0.584592666737233,0.5692555893017263,0.7496672396338021,0.2999004460524903,0.8156452190897269,0.0,0.901216427812024,0.43023382196551124,0.5093811834092663,0.6130705459566782,0.3499816223733472,0.7111621960250911,0.44121702259586654,0.5108490797447763,0.3022591953361273,0.0,0.0,0.0,0.2501993423866888,0.47586289782951724,0.6908375610643297,0.2979657732179404,0.0,0.0,0.10292993166882904,0.0,0.7543321876102675,0.9073394033587218,0.19874022486605905,0.0,0.33346102290370083,0.5966246454417194,0.7214943860033137,0.34929411574912805,0.38974704193272236,0.7323149656953543,0.2346230332663776,0.6517757313800857,0.7586030999310712,0.0,0.5638600841569822,0.8546117732902455,0.8875869361874925,0.8320240273399215,0.19159740588148363,0.7656519170142533,0.658534104519124,0.7728016383860241,0.4655045434003889,0.8335741680912458,0.9831707444662611,0.9392547343799634,0.591004922948377,0.7467927061950165,0.6993034090284791,0.6293189519565568,0.755849356400185
0.8577256909785107,0.9423762318225994,0.524992718834761,0.0,0.5361228263199606,0.7057061630246861,0.5630989195359605,0.3937242647012731,0.6142681140000225,0.6182722536139489,0.4603600210317932,0.8891213155525348,0.7449840353637952,0.0,0.44134022043849,0.7878248295387974,0.7592343640630572,0.8098449614827969,0.3333862996685845,0.7515685974030252,0.5936185476025325,0.8535633270028723,0.48661953719864814,0.8493414439946818,0.901216427812024,0.0,0.5164271807612778,0.5432823151531625,0.6087012940437699,0.48272064908561174,0.6187192577189247,0.37406299119657854,0.28338861900185175,0.1074810938715542,0.0,0.0,0.0,0.2336142726010471,0.38451089575538794,0.5043056444283119,0.14506934824598952,0.0,0.03760547962925969,0.12885752530441075,0.0,0.7319332475209341,0.9105132837735116,0.41401052635230856,0.0,0.409581299554297,0.6521069595344149,0.6957491915254589,0.4887322213184619,0.5213342790837304,0.5443432830981663,0.40271788755166094,0.6611188752927815,0.7944029610718343,0.06656108913151382,0.7005454919129359,0.7993900484430628,0.830855588633876,0.7918327017875545,0.38040607648699865,0.8732378156463282,0.6277641751202898,0.8943035252959232,0.6029112737820868,0.8423874227468903,0.8540235195943843,1.0,0.70477379287972,0.7695836768057143,0.684900716894695,0.6234903370154221,0.7182095052939926
0.331196701488076,0.4855890079552048,0.6955095808915277,0.0,0.6195925829426429,0.721775699966432,0.4172001302293139,0.5317536029618124,0.7466038522607044,0.29096467541986576,0.673105159228036,0.39864582348614896,0.49902021964086934,0.014210327943080185,0.5205208904374069,0.34220577300743943,0.2791465997110623,0.38618596087330864,0.5609978486972577,0.7102084393419577,0.5984466876567193,0.6721366646042717,0.7180321820277676,0.36492739347261044,0.43023382196551124,0.5164271807612778,0.0,0.26180402413304044,0.7477837818456864,0.5383932260174626,0.40480601387866716,0.1161696334888973,0.0,0.0,0.0,0.0,0.07928737806481403,0.19244832195469674,0.10945398505902022,0.012887601850660544,0.0,0.0,0.184439264505328,0.018385687058575833,0.0,0.3300706605736233,0.6178001978706328,0.6857462634693645,0.0,0.5998525159348183,0.5992169459142185,0.48605733482973523,0.6434034913709197,0.707857534700318,0.2675918073775379,0.676925608133167,0.31219744043395553,0.4851654938020129,0.14023101471488228,0.5917712027500797,0.39198303270754403,0.38011380491078006,0.28513005726228946,0.5738211467692542,0.6507922798944841,0.4762391432085089,0.5872603585675762,0.7524770600045303,0.3990949582840954,0.5071701455221518,0.5298298194142992,0.8988856652818181,0.38545281604390313,0.49818081997581026,0.2721057656285388,0.30214924011481664
0.5369145607144358,0.6028374704182723,0.3971140514752081,0.0,0.5716375363419458,0.4869421844385504,0.6114839075842644,0.4327021422693744,0.5718990736719916,0.6434871024279255,0.4262758711709196,0.5322097008065804,0.8012679677569299,0.0,0.17544420470210517,0.4980993104362793,0.6731619859514439,0.6525647445493614,0.3489967926366945,0.5550970260572659,0.42314519149199553,0.5323843804037954,0.32341752917530525,0.4304867998084251,0.5093811834092663,0.5432823151531625,0.26180402413304044,0.0,0.36078048407484126,0.37382575147955105,0.7016744421294152,0.0810095604153856,0.35749193492024695,0.20873644214288747,0.0,0.19363994931975761,0.17727485350539887,0.3350404139989235,0.0629098953469616,0.2651621673269531,0.022426143702473342,0.0,0.23432423859853543,0.30368910342525035,0.0,0.4898781935712849,0.5946826559176603,0.32063011307888395,0.0,0.49601538123948524,0.3327456459789863,0.6457947413844491,0.42594245233978234,0.5027062206704425,0.5139299552765291,0.39113618171907655,0.43340276097678365,0.693986685788373,0.0657916465009211,0.2847141499081909,0.4463275996115614,0.7135133490020947,0.5938877245836197,0.35131405335124843,0.6279217586524215,0.4694548911706571,0.5592609053087342,0.281393341716183,0.4659987556576902,0.548714526213789,0.5570022613708738,0.40948808198085845,0.8363552138087912,0.5078025367963446,0.5921724240851697,0.35371837702345166
0.5982944871026373,0.6007520982179113,0.47588943801828304,0.0,0.5950488453162753,0.6686372210012116,0.4726441071206988,0.3937028328119031,0.5863139148826548,0.3836925174336697,0.4854781632916292,0.4965131897529623,0.4993856599044419,0.0,0.47274423648379504,0.5991999551313004,0.41061681093094504,0.5555652985682876,0.4026743703300249,0.6862459471684776,0.7391608864017906,0.7166967920723877,0.5253086874187285,0.49639653057283245,0.6130705459566782,0.6087012940437699,0.7477837818456864,0.36078048407484126,0.0,0.5924766822299414,0.565312008572722,0.25822186927620994,0.17290972226887863,0.0059115174498596745,0.0,0.0,0.0,0.20523958087830366,0.2764296200333927,0.23053168634222374,0.0,0.0,0.06376451690450306,0.051939614455100085,0.09028921687065061,0.5701426604237869,0.6590437901130881,0.4284049202219627,0.0,0.3952203848870382,0.5403617808659136,0.46865983143300716,0.47515825661666783,0.5357118374511936,0.35506103303791225,0.46705882350075406,0.34099283242511286,0.48630716688559444,0.02629975800922477,0.5713481728757691,0.6016230956616165,0.4771010467975162,0.4885151108607858,0.4251027445064089,0.6418909855504145,0.6843406799266135,0.6318505198637119,0.6234388027957338,0.5201039214846692,0.6471061076180198,0.6416695702077326,0.6811799905359791,0.4610902018633044,0.6748142911858067,0.37396780817718484,0.4550562287757302
0.41265693457948704,0.3995609839046586,0.5838786951647538,0.07653593665485552,0.3344901954427113,0.4977871261816307,0.06765242015240207,0.39441551983491036,0.4402192212766244,0.1507962432774454,0.6673471463847506,0.47262619762576463,0.3843063724117767,0.13995401240019836,0.390742893449745,0.36538518881870047,0.21429918565582243,0.34391838160921495,0.6105233926452575,0.761863112880061,0.4888988366279414,0.6965867196053321,0.3244244272227994,0.5186940443396255,0.3499816223733472,0.48272064908561174,0.5383932260174626,0.37382575147955105,0.5924766822299414,0.0,0.4188469787663205,0.3654334836568736,0.0,0.0,0.0,0.14540532836052364,0.19194756407892466,0.22819205566013573,0.36586697157891984,0.06780523246207101,0.0,0.0,0.45896002120433055,0.3777075656238544,0.04555398071704904,0.3304355164442536,0.42479693289968384,0.5525466614973696,0.0,0.19752652864332665,0.3989029497778636,0.2762680872281028,0.5422341469933301,0.3876295054528336,0.15935851961590858,0.5320481296326727,0.393252445855207,0.3698925863148132,0.17666621998591955,0.5427780317498045,0.4657774929689475,0.30391692691481675,0.3238930438817194,0.6496004188697161,0.6819008179608738,0.4858040526223498,0.6435329821305679,0.4184818778955643,0.440925175144504,0.3978040388997865,0.47004168572505256,0.520809579733771,0.5019796988715826,0.4650054709660671,0.6049457304397197,0.5952609769195201
0.686483326245668,0.6410982846651471,0.4109495974168504,0.0,0.5339002753174932,0.45943800072173413,0.6849038437402759,0.36612615310160934,0.5718261502329357,0.7827086593030048,0.38119863479681637,0.5483850963343364,0.5875542156620683,0.0,0.3668704378720793,0.7456981934174384,0.7255147103359849,0.7488854254014256,0.3047226580654833,0.6345419976743405,0.5708005694991701,0.6941704304684589,0.3417855977353743,0.563976802485914,0.7111621960250911,0.6187192577189247,0.40480601387866716,0.7016744421294152,0.565312008572722,0.4188469787663205,0.0,0.2734425632319138,0.4345070960139952,0.3030851200315512,0.0,0.0,0.012433668289722068,0.34358792846924013,0.22079341836177083,0.3564878459698689,0.031391578513906046,0.0,0.0031973142312667754,0.1741781074654873,0.06048754747060197,0.5803205121466304,0.6670144579028132,0.2043007112358491,0.0,0.5164751896846798,0.3388300437046464,0.7017036778678465,0.38814666222220434,0.43200303148840175,0.6879099044909804,0.31885052888216414,0.43323349344441303,0.5697121458439964,0.15250186459520806,0.49381675323430724,0.6264597982268766,0.7121521272312583,0.6224685732101165,0.2947769317024708,0.6810047449633896,0.5702229175833923,0.6346818230151804,0.3894756169856011,0.6115627707403274,0.7537757639608561,0.6505233683799234,0.4639031273678278,0.6793930448676148,0.5797616937021914,0.4752926513792832,0.5216871175337295
