0.0,0.47821377140841576,0.3683050359286006,0.0,0.4876562604674081,0.18719457432089018,0.14131007333113388,0.5444695849632216,0.5324457102794279,0.10055618828326764,0.1668956822346416,0.0,0.42875815929728917,0.04040590892794353,0.5222447160208211,0.6340357691523288,0.4607496256709386,0.2699588141347873,0.43628455481800416,0.5945047026043375,0.816121652238841,0.5868727216080155,0.48187323086646566,0.5022972380141734,0.41926341992446536,0.38288038659448725,0.3736154689834242,0.537348241480473,0.42387007464943255,0.4764208493681071,0.774507982613148,0.43440475566038383,0.2845853503610551,0.3299715257985914,0.0,0.5616853304985544,0.43245568246362615,0.5682432550440287,0.4199037406001406,0.30378842460629873,0.33211567948131515,0.0,0.5547209958465551,0.5135957605771717,0.42255766099748665,0.9439297399630018,0.5272768894822855,0.3989553463439131,0.08217928204363768,0.4328125616264821,0.4251550365864233,0.4725168347323989,0.4181838023337341,0.5046918806426856,0.40659484636828513,0.4796028324948068,0.025477038683484905,0.5849696029529178,0.23891263061943083,0.6654968845894804,0.48357353763157745,0.6671714899714747,0.5635005610374267,0.4088334306322459,0.49541720887233937,0.9183434779613768,0.4510290950437412,0.5732766745526244,0.479975564928342,0.6036155197702283,0.6465085047316053,0.3869907801067949,0.6906856372086948,0.5485272061556146,0.5847373501726981,0.6488637678830783
0.47821377140841576,0.0,0.4013226343180185,0.0,0.45030614587373236,0.6000504709612012,0.5917404800544017,0.6762119576439567,0.4425305434419983,0.37674714465274245,0.24526804402417166,0.47005998897346035,0.7109224091676238,0.16716668324636302,0.25948576343318397,0.6442794314840733,0.7207277932651693,0.7079647487039674,0.5613980492217172,0.48637380625128424,0.5165052649726143,0.5419798978564381,0.5654657390287857,0.5650608913574116,0.7103212088158057,0.8257775560117491,0.4579808096918736,0.45367121211650663,0.3410614693194789,0.3379991054250982,0.3523265534707686,0.4224673198127109,0.3647639146178146,0.33173605980389265,0.0,0.3808560654500589,0.3545897668212697,0.4124655487611428,0.38540634568786075,0.39887139495439633,0.25640996050197734,0.0,0.47400436750573943,0.3310602942444714,0.26531246610414316,0.3849765569410263,0.6850749664326096,0.37551314193462043,0.20018156271452323,0.40679061926591376,0.5665015519842564,0.48840602092609037,0.552704285550148,0.4419011708441299,0.4701669549477799,0.463405151438378,0.43992176745881834,0.49200093327934574,0.3032735165035866,0.3076545524292211,0.22270093578116837,0.5724626263423567,0.41385844015558426,0.5008619348080271,0.42603737238238354,0.4139533553933826,0.3333972761375318,0.5520979570853252,0.3031418722937439,0.5718597132215609,0.6411166092120638,0.4756670665764053,0.4035298521083086,0.28697129942057537,0.34434063997258035,0.28829991955025963
0.3683050359286006,0.4013226343180185,0.0,0.01039780881328732,0.7233478661479986,0.732008063564213,0.47968151920639784,0.6347144652485767,0.8993470673034853,0.2533902689850133,0.6886058433008775,0.170208780903077,0.6152667928267127,0.0,0.46067131249504273,0.46816340514835764,0.43702422640830424,0.3845392422063192,0.7500905781327919,0.5040587195909112,0.6049742941382231,0.4676547502848783,0.7410554070141154,0.3001821524596238,0.39551861271744054,0.4145187690545049,0.8021692136111811,0.5296446645754397,0.5453090275943248,0.4252473589006041,0.2946130222907914,0.30257821479915753,0.28145937504238744,0.06362695998610773,0.0,0.4172879442787575,0.1901889925720884,0.1508936729191557,0.12748578349559195,0.26237646058966796,0.2281037551519535,0.07828194691167441,0.16105009902272227,0.09331666142458395,0.0,0.31050623096866076,0.29818716548070334,0.8640068312221724,0.23560070711960351,0.6721315577526569,0.7038586647341627,0.4251725396943452,0.5358949681206876,0.9175325853652051,0.312675349964174,0.7523284900153491,0.2571769889121257,0.5890573154498434,0.21483157610247847,0.4953405173880081,0.22640166135047238,0.2679714020663255,0.3047489572184967,0.6922529915500412,0.5814848828781007,0.45561186379914764,0.33157806558333225,0.6312974466301781,0.2300990926131686,0.29123017874153495,0.36564414655300986,0.792195566167246,0.44313592843937444,0.5598307757109947,0.3619206884542754,0.3423315197494593
0.0,0.0,0.01039780881328732,0.0,0.07791224852997063,0.10121026139569844,0.2721511501879579,0.0,0.0,0.3854257408840567,0.0,0.4039523830235828,0.11163606327538042,0.14312142286896315,0.0,0.07711532711371849,0.08455892920890025,0.1494707754106847,0.0,0.0,0.0,0.0,0.0,0.0,0.07504157895504433,0.010025158468591765,0.024909458697741863,0.22153013971762703,0.0,0.2383862889788112,0.0,0.1657474556360164,0.07536187878014886,0.0,0.04694784883160797,0.0,0.0,0.0,0.0,0.0,0.0,0.3928594477295636,0.0,0.0,0.0,0.0,0.0,0.0,0.4849374032406696,0.16832150218686975,0.0,0.0,0.15970721574506536,0.011716596526203101,0.17195730405612558,0.0,0.3498097320170631,0.0,0.17942063149983561,0.0,0.0,0.0,0.0,0.0,0.0,0.0,0.0,0.0,0.0,0.0,0.0,0.0,0.0,0.0,0.0,0.0
0.4876562604674081,0.45030614587373236,0.7233478661479986,0.07791224852997063,0.0,0.532403155455964,0.6934239903754696,0.6271336178921826,0.8797054908186661,0.4733124266164442,0.6181391481915992,0.2723910089579234,0.6746717874833159,0.1398847500853649,0.523296722094999,0.5995270225230918,0.5937381839856714,0.4222855519440461,0.6342449386920239,0.5526667363099305,0.6219923850247413,0.4162783236345952,0.6519799612191854,0.31261170987916886,0.4642035785313923,0.36157601163828246,0.6601286375595666,0.5644122517253608,0.42705802409644517,0.6149365677475598,0.4309618388210902,0.4310901994013581,0.10525120574549453,0.12492296084574954,0.0,0.3518188632738879,0.31230307131426743,0.20756820506555887,0.08123442273328911,0.08768529999584469,0.10585073573736324,0.028227127294377263,0.2293701038535863,0.25756797937180775,0.0,0.4137107891252942,0.2874428966398411,0.6954456113980543,0.3628601311113174,0.756050149506821,0.5446610196049189,0.6621102783237224,0.6447543813892119,0.8167773822853026,0.5687023832472747,0.8197906689900466,0.42174879365004725,0.5793298505356894,0.3374516980872648,0.5070293495602699,0.12545235191396698,0.47469880044734053,0.2625250188261037,0.6754059711923431,0.4095406071117592,0.5622955853088085,0.21848046685352865,0.5843471381952179,0.17020853248810075,0.29947562443277453,0.3614727670434629,0.6383963576114355,0.5432228543326043,0.4269763256692111,0.31943669329563223,0.3418134198973032
0.18719457432089018,0.6000504709612012,0.732008063564213,0.10121026139569844,0.532403155455964,0.0,0.5946522525377892,0.8296414259057849,0.6504619212116938,0.18863842813407045,0.34872861451814124,0.41446372124929315,0.7533285843478856,0.1374599784142132,0.39166507160221026,0.46190788532766763,0.4190584090455168,0.47860855569036487,0.5782521770840818,0.48018731677667514,0.5663581473377811,0.47560737538532044,0.8516040159604535,0.4084998749650222,0.37848861432693043,0.6069942282886853,0.7869671477690489,0.46883745100988394,0.44933433296272174,0.4259804253756758,0.2153856436863004,0.374879452387613,0.44099853987875487,0.23349154179644852,0.0,0.3330880183915654,0.15707555558607983,0.12809771324618377,0.19968213775141572,0.3327237212057391,0.296774345055858,0.17396676549160364,0.20606570711192795,0.09483793752737131,0.0,0.12116959799633721,0.41353111705469303,0.6356163150195533,0.24964721353189176,0.5567385445580476,0.8449088804143436,0.32968855754521276,0.67303141612771,0.7237717212124073,0.1833765024344687,0.5529945763709861,0.40911685991806346,0.449840563434746,0.33144648429340945,0.4008014146223159,0.011766659185593505,0.16189672194222163,0.11689784943838323,0.5195969018983714,0.5502564436062739,0.32177497370229097,0.24241567623525964,0.7424149536414258,0.21245232983315468,0.17288148448921953,0.39804172016076406,0.6646128513481538,0.27568166430701474,0.33243803022087487,0.2800212871708233,0.18620097581394815
0.14131007333113388,0.5917404800544017,0.47968151920639784,0.2721511501879579,0.6934239903754696,0.5946522525377892,0.0,0.48930439231690226,0.6480390871607622,0.5752053252567703,0.43348780107216517,0.5353878676754019,0.7070390506570413,0.24208042417019943,0.3389147684272337,0.45753351234085043,0.618238581401714,0.5916016255280271,0.520332120232117,0.37001740094503055,0.3971509022389345,0.3535416769257766,0.44579562833273956,0.24185975507319202,0.5377067686364987,0.3955119435410029,0.575504057483006,0.3843332502495371,0.371968170771617,0.4691464797502316,0.18086408166275708,0.3786940175649021,0.2191043266530742,0.09582800489992611,0.0,0.1294233491551416,0.16694409181139994,0.0,0.15943596111012695,0.18445100315957072,0.048926664715186745,0.08660638199596503,0.10044844779136836,0.11265364980521271,0.0,0.13852320397778187,0.3015885895089345,0.47997371424964635,0.3366786036888633,0.5493630161534988,0.4491147368763447,0.5854664182343744,0.47581537324005074,0.5823512949866663,0.5111832307638899,0.5391922032601698,0.4826176134090637,0.397191685276783,0.32495697966362747,0.22604642646500706,0.0,0.358561404648801,0.13147431962921086,0.5667890329612685,0.29513615294231965,0.2434825552679774,0.09732988732272413,0.3511569098780054,0.07622136746797087,0.2457781394582836,0.23854348115673787,0.5642040501833692,0.28711595698579406,0.28285412718074693,0.22708282514220823,0.17564715339538875
0.5444695849632216,0.6762119576439567,0.6347144652485767,0.0,0.6271336178921826,0.8296414259057849,0.48930439231690226,0.0,0.6602120597290158,0.19939524448343554,0.38983766470607273,0.29253914010921145,0.7483404143707691,0.22098158481899624,0.4630922423406525,0.5452305281695561,0.47284484515084146,0.4151866815744303,0.590595902865559,0.5419825289797505,0.749882205115253,0.45588919850320503,0.8948125630649837,0.5662755613310116,0.3966807007932177,0.5896264730741416,0.5925983241331044,0.5352680151004146,0.28572678239378263,0.447280524677873,0.4100809053590592,0.44743848855637564,0.3162851660048848,0.2761441987799703,0.0,0.45215276188566383,0.37802768940803116,0.4325783711859663,0.28034616249762523,0.2847022846773164,0.2288448770031932,0.013752532515410207,0.4947732366639378,0.2704892750554869,0.1816723348023507,0.47961347405698923,0.568288937175115,0.56072661227794,0.25101881102309265,0.6597060196688411,0.8654552055053305,0.5363626583315313,0.8618902995933566,0.6954643232162606,0.30281933541103356,0.7051568953024503,0.3607092039872926,0.6849369806992901,0.4305100768399753,0.5238830683606132,0.12645015883801888,0.4598355027205453,0.33044461066298053,0.5812759595196546,0.4735791550169036,0.6250881956305627,0.25874481003338967,0.838953629096184,0.3406843258391293,0.3587020540360087,0.5305869117487096,0.5622281376851951,0.5590331785451295,0.32505589894610404,0.3702735374899749,0.31663367846490564
0.5324457102794279,0.4425305434419983,0.8993470673034853,0.0,0.8797054908186661,0.6504619212116938,0.6480390871607622,0.6602120597290158,0.0,0.3749091405964293,0.6664081912750519,0.19201634050477648,0.6934468344590263,0.009464416414422661,0.5991738384435218,0.5841230525809763,0.522190179172174,0.39847960271085386,0.7404818377135665,0.6373440064464209,0.7241485689254828,0.541131295955536,0.7297143840629805,0.30604873371746744,0.44096859967181057,0.3857728989682429,0.7990926114444086,0.6370523255184176,0.571834294221487,0.5933498493566997,0.46299541067647365,0.38956247213050227,0.2269039056611564,0.13980371092106264,0.0,0.42780979817599174,0.3070781761585555,0.23652923797371367,0.1536305867010164,0.23801195421099292,0.2534349892063577,0.05325754110772475,0.23723593871780482,0.22267438283821014,0.0,0.48170989599233044,0.3686067055290088,0.8659899989842564,0.26988591155961544,0.8072826444496602,0.64863618191753,0.6311071950436367,0.6142249919931124,0.9852051927885567,0.4733212670824211,0.8771845700554199,0.31291442098956823,0.6872826382048249,0.3111736578283628,0.6033045858926073,0.2803704191236594,0.42957003963282925,0.3523157300326369,0.742749375497908,0.5944719184083316,0.6347976895643893,0.3617437706652952,0.670767048913748,0.2419789933890788,0.3874205602162156,0.451697814019587,0.7670950783408108,0.593803911342894,0.5950715294513412,0.4456994521834237,0.4501116711187021
0.10055618828326764,0.37674714465274245,0.2533902689850133,0.3854257408840567,0.4733124266164442,0.18863842813407045,0.5752053252567703,0.19939524448343554,0.3749091405964293,0.0,0.2870197159593851,0.7701851685020631,0.5007303736235823,0.27945860867402705,0.0,0.47386024226700857,0.7493574119793392,0.5948110519874072,0.3516580018403541,0.0737477210143764,0.10745799426492747,0.0,0.16071438666966617,0.3002999214704072,0.7220390867065555,0.4084703565247588,0.12509267618801298,0.49312015856681507,0.029303483356887126,0.35460341818351293,0.1633783372616873,0.34459595371021484,0.0026770339357135653,0.0,0.0,0.12155044725709006,0.2538909426290487,0.0,0.0,0.0,0.0,0.12594363781138046,0.07164506817843459,0.2335487326797897,0.0,0.0,0.0,0.2131258631936471,0.5730925918639056,0.373644864425701,0.09304202784698118,0.44486241621983913,0.38910736095810594,0.24604849060827652,0.8579402934935629,0.2772314784411478,0.8092927629334875,0.3156845105320314,0.23673412564218232,0.0,0.0,0.5013385643103446,0.1552473438689671,0.39542304112306836,0.0,0.084141532440858,0.0,0.17506755342411026,0.06162644945734719,0.19462264852978264,0.16992171749320562,0.1408951890755418,0.33042153023527104,0.044795228322730696,0.0,0.1764855626149033
0.1668956822346416,0.24526804402417166,0.6886058433008775,0.0,0.6181391481915992,0.34872861451814124,0.43348780107216517,0.38983766470607273,0.6664081912750519,0.2870197159593851,0.0,0.12600538323223684,0.2912572393685029,0.06896218198296508,0.31068954558434386,0.15194957862063516,0.27865142217255195,0.11816301813529427,0.7495924941507154,0.21119131622355916,0.22946353400958608,0.1388681976138715,0.4875837807815814,0.06371941996185783,0.20978174507059522,0.1656330136471734,0.4502527055132151,0.12420077111092888,0.3569488831274684,0.16553850535520645,0.0,0.0,0.0,0.0,0.0,0.0,0.0,0.0,0.0,0.0,0.0,0.0,0.0,0.0,0.0,0.1741344956383164,0.14013870138225948,0.5113709621352729,0.0,0.34861024859369794,0.3127443182656034,0.33799905341032416,0.24592721514023744,0.5731343478248966,0.3069931509378196,0.7555049871379143,0.2189956628080954,0.3110395872764577,0.016006339508826347,0.29147696263822975,0.1449768393903689,0.12498506752378924,0.13300860495399994,0.6378949132525387,0.24810249523239425,0.17897433937327342,0.1433564189510025,0.3360677726291948,0.0,0.1862657204796737,0.16928229243358373,0.5337272419435858,0.09145978793803923,0.286698621435196,0.04613218159167942,0.10757647987568641
0.0,0.47005998897346035,0.170208780903077,0.4039523830235828,0.2723910089579234,0.41446372124929315,0.5353878676754019,0.29253914010921145,0.19201634050477648,0.7701851685020631,0.12600538323223684,0.0,0.5839059527733987,0.5109548051204664,0.0,0.35484135788359095,0.6572355139512809,0.6180503319532479,0.2202185852743874,0.07546905658021454,0.06811140455727918,0.054095806409913634,0.17966688941490663,0.5962692039734405,0.5467253854278998,0.5499652491677467,0.07239052623821773,0.43414244707680094,0.0,0.35190657724130403,0.07649284762310093,0.32157457815149926,0.24002236020610762,0.03992773649549169,0.0,0.189844286922492,0.27364181161741064,0.0,0.18510105604494373,0.17889913276814282,0.009706650993789352,0.14749790032966625,0.1772313636293819,0.2391128747889943,0.003778912935070314,0.0,0.09906055014730002,0.16834780135247543,0.41384993109846174,0.2314508565480703,0.2140606765718294,0.1991468993265396,0.4065497491662203,0.14511370648265456,0.6130316566877115,0.17087109011261473,0.8904153742915745,0.22137284154527007,0.32100498454976834,0.0,0.0,0.40001204183430583,0.2065345023561647,0.24719814376518512,0.026829306039801003,0.0,0.0,0.15933800150194607,0.31025002213984665,0.16763007920901113,0.25853765165294307,0.06002609854616585,0.18273262451885536,0.0,0.0,0.19477255588909026
0.42875815929728917,0.7109224091676238,0.6152667928267127,0.11163606327538042,0.6746717874833159,0.7533285843478856,0.7070390506570413,0.7483404143707691,0.6934468344590263,0.5007303736235823,0.2912572393685029,0.5839059527733987,0.0,0.22191106997048493,0.3635270705827698,0.6776143420899677,0.6419531672779926,0.6474707070634411,0.5492468627828466,0.5569204275523999,0.6664671052635018,0.5240005643706332,0.6438974624463272,0.5426319712365736,0.5633414518871316,0.6051544816514042,0.5948038757741548,0.7693535823877642,0.44892937692905777,0.5826702974700319,0.4888004703473796,0.5280794303536285,0.37314331791804567,0.27548950996149996,0.0,0.5593614778267905,0.4691343332937416,0.26060552959165717,0.37986558464462317,0.30236525099889644,0.26346194971525283,0.08499919769531233,0.4808902595352041,0.4000333050059743,0.10208140124043308,0.35025882715740414,0.43210393793508733,0.5521128665004017,0.411998811093814,0.6335970177247924,0.652193677135316,0.5714478750878831,0.6742628464710932,0.6814399214208019,0.5387050003180636,0.5516058186894384,0.5297760078920903,0.6979506065758585,0.36361880322972584,0.40321170803237577,0.19926813438123486,0.5357480435277369,0.4524337504093304,0.5396961871731352,0.5042615683662169,0.513466309760574,0.2896456123325526,0.5890263717080017,0.3382409706986468,0.34679300140341024,0.4731376322405471,0.5251801617093991,0.6237486418482192,0.44291718067408176,0.39828163647636394,0.4194838462343772
0.04040590892794353,0.16716668324636302,0.0,0.14312142286896315,0.1398847500853649,0.1374599784142132,0.24208042417019943,0.22098158481899624,0.009464416414422661,0.27945860867402705,0.06896218198296508,0.5109548051204664,0.22191106997048493,0.0,0.0,0.07027293288260905,0.16357340755207747,0.036977393622845314,0.06317588962190719,0.08125826999197966,0.02689768081532526,0.01398399392726049,0.14588305057152195,0.4052482398572799,0.14565717440921247,0.23698203345473062,0.0,0.1901417777574781,0.0,0.2163570315882109,0.07635913607812321,0.0,0.0,0.06024279849805716,0.0,0.0,0.16702506535168568,0.09999805232482728,0.05143522905105322,0.01787975315452176,0.0,0.0,0.22614108078763712,0.19199719413004798,0.2741583193117767,0.10742798944035073,0.1448996316720659,0.0,0.09829358668063033,0.006993226105256084,0.13518871088000717,0.09895089461991462,0.1847207798056455,0.0,0.29240142716055917,0.06842876244672601,0.4857277935741592,0.09977654171680614,0.3315486002391461,0.0,0.0,0.2148410794002583,0.1288313426675686,0.0,0.046754766147474876,0.05192396472314714,0.0,0.21614728921913925,0.3233944878595786,0.1592903691097234,0.23900455714604518,0.0,0.11645620182453684,0.0,0.0,0.13178785672687376
0.5222447160208211,0.25948576343318397,0.46067131249504273,0.0,0.523296722094999,0.39166507160221026,0.3389147684272337,0.4630922423406525,0.5991738384435218,0.0,0.31068954558434386,0.0,0.3635270705827698,0.0,0.0,0.421467556627156,0.224034692163954,0.1791184150289983,0.5354178772959224,0.7254834069143901,0.6825528806535344,0.7092679696689352,0.6049562785821376,0.07120598622090415,0.04609927215261703,0.1346776058463799,0.6440503293834386,0.2972355049109688,0.6639880527350871,0.6789556789362527,0.4518793388785382,0.18753363044493113,0.2126722163677446,0.3171491282999305,0.0,0.23598709403023382,0.13867768785479365,0.17162690140029926,0.10582848285760703,0.2945934108382146,0.30534223167910024,0.0,0.01963248450254214,0.12453939504325517,0.03365850671679873,0.6355459877212831,0.45393727756860475,0.5002052412031163,0.0,0.4386791992348199,0.3797794131588449,0.2753262772507639,0.28462136732248405,0.5849559999115926,0.21615124353785262,0.5417581620382378,0.0,0.2947432108743806,0.021548501998588106,0.8330794903227376,0.4854824921833107,0.18510417056276227,0.31819075411643183,0.43941203058569817,0.6636389920373138,0.6776864603486974,0.6285363661689404,0.5772238785696588,0.16050125576930796,0.2977722724926958,0.43839596923371804,0.6348963309644349,0.2733254466192715,0.6347088858206017,0.5077626529138622,0.4631261673642408
0.6340357691523288,0.6442794314840733,0.46816340514835764,0.07711532711371849,0.5995270225230918,0.46190788532766763,0.45753351234085043,0.5452305281695561,0.5841230525809763,0.47386024226700857,0.15194957862063516,0.35484135788359095,0.6776143420899677,0.07027293288260905,0.421467556627156,0.0,0.8057207659558789,0.8016518117176019,0.47425402056020227,0.60665019727946,0.6712471894983825,0.6353530230899819,0.5081234240999103,0.4929613964411841,0.6577764715713194,0.5645891074219918,0.5337905775905982,0.6977835478864018,0.4575823060358738,0.6633804186837804,0.7342039008417349,0.632560152872461,0.4423998607269041,0.4225398677624347,0.040338258513842776,0.47713024089584216,0.43134597738213715,0.3259417317661543,0.3887539338571178,0.3632882165404815,0.3323055749736988,0.09145641722256416,0.38855042107645804,0.4090561592486341,0.14696730514054546,0.5344091149511698,0.3923439133466445,0.5425836751091399,0.355856247764266,0.5513898022709751,0.4625634316598671,0.4243617532748292,0.5565454715401607,0.5646130334571341,0.5789962823111771,0.5186558141721602,0.36345218112957917,0.5341486643709464,0.26363941272557184,0.4119021722488799,0.3134353653029786,0.6414359121481654,0.47854550899664844,0.49282385013384233,0.4749390380523269,0.6086969003308801,0.32898803773359087,0.5454613471722294,0.3512148649486031,0.45256638738008476,0.5183785805901757,0.4581043713667029,0.6115897555082981,0.458657162261657,0.5109393050765771,0.5595996801778413
0.4607496256709386,0.7207277932651693,0.43702422640830424,0.08455892920890025,0.5937381839856714,0.4190584090455168,0.618238581401714,0.47284484515084146,0.522190179172174,0.7493574119793392,0.27865142217255195,0.6572355139512809,0.6419531672779926,0.16357340755207747,0.224034692163954,0.8057207659558789,0.0,0.8695572741166417,0.4540484157920619,0.42103295070791724,0.46539711538929723,0.4012333555918802,0.37624164174215957,0.6199831943856784,0.8797398897914908,0.6132015363494525,0.38859624815778454,0.6253145763799227,0.20612495460217303,0.4781495575492777,0.5287956460070151,0.5358398915443439,0.3010951899001203,0.19993851036142263,0.031664140144554195,0.36958364797375504,0.39254540388678716,0.32379191485152886,0.2856102250801727,0.2559804023307334,0.17878964662024327,0.039171351417750085,0.37142963449133,0.339777051719603,0.20574247706291016,0.35046941308719237,0.31568132105339813,0.44052193304947185,0.3991774073680033,0.5510442891374487,0.3710470195353767,0.524712762042062,0.5669698385646599,0.47637093241623757,0.7935674040045266,0.5058818115435298,0.641166033625943,0.51330252295832,0.36060866285370435,0.1987687143314328,0.14445316181613171,0.7887525894389376,0.4731047273193711,0.5624405000663006,0.24966855160456658,0.3797067913147119,0.1292517063009325,0.41648634799636586,0.3804209165666627,0.5055300634543984,0.4717867771090835,0.3473985778641286,0.5506159614706018,0.220119585387481,0.2906946529433498,0.46517783558312426
0.2699588141347873,0.7079647487039674,0.3845392422063192,0.1494707754106847,0.4222855519440461,0.47860855569036487,0.5916016255280271,0.4151866815744303,0.39847960271085386,0.5948110519874072,0.11816301813529427,0.6180503319532479,0.6474707070634411,0.036977393622845314,0.1791184150289983,0.8016518117176019,0.8695572741166417,0.0,0.35358508579322784,0.39228761089323405,0.41190624850237284,0.4319193429300296,0.3224831555031149,0.5178465655266692,0.7960669995203168,0.6045052875241056,0.4281826190074589,0.533062246439312,0.27881840227282095,0.436146203158651,0.41799663509464635,0.5377643615456965,0.4064997389944518,0.24905874795846536,0.07049136310193986,0.3819075816984826,0.36951202721287724,0.16938025081799435,0.33793646694427437,0.3493756118491266,0.22523806430508203,0.08425249418740761,0.3125869927807246,0.37133004695369265,0.028061482201252402,0.18443094128744186,0.33104019048605804,0.4454465481547279,0.35507939609295325,0.44472474187644645,0.38145134716180595,0.39334016296339336,0.5320229457793655,0.3794802009376397,0.5871680032280874,0.34376823746937146,0.5321371222311602,0.42444761742111625,0.2525909354012252,0.1355056782692942,0.12136132968529563,0.5749248702172807,0.4185536992073809,0.44006168279540336,0.272050629751598,0.24751325167438998,0.1633691484380165,0.3447488824844483,0.2803679132870348,0.38698456437564516,0.374061956731917,0.37799453140465916,0.4302033145571411,0.23140779002927975,0.3226165322634726,0.37639976378604245
0.43628455481800416,0.5613980492217172,0.7500905781327919,0.0,0.6342449386920239,0.5782521770840818,0.520332120232117,0.590595902865559,0.7404818377135665,0.3516580018403541,0.7495924941507154,0.2202185852743874,0.5492468627828466,0.06317588962190719,0.5354178772959224,0.47425402056020227,0.4540484157920619,0.35358508579322784,0.0,0.4632059546299634,0.4774730450609438,0.5134895629503807,0.7231117855677918,0.2309038545398514,0.3879586935684275,0.47042528698769615,0.6707786156793911,0.3452403994121355,0.6056792350776422,0.4031149652862638,0.22784532866717777,0.1930362637693985,0.13035028760184952,0.012767579079446718,0.0,0.24894606067538985,0.15726781419121574,0.11634835948287471,0.1454571287176761,0.199689091698626,0.061581705640708764,0.0,0.20060178787170674,0.1211713516071941,0.039976223126508496,0.39333223036727133,0.41574197373777344,0.6028505370810211,0.060765653468257734,0.4296361453368842,0.5472388657761653,0.4705599813587189,0.3899238880280757,0.7017746153003463,0.39443913324332497,0.7104793665994464,0.2718589323721028,0.5134994521037337,0.11216126077935519,0.5151247341062508,0.3826833997758657,0.3272537847045035,0.36058480923417585,0.8371515978017139,0.5549203460850511,0.4222178390333243,0.42200960516527547,0.6553543881097936,0.16246268682981035,0.3880065241630516,0.4378679449092727,0.7295004120836983,0.3181474004103864,0.5588078100891758,0.3379636905735779,0.33406955373269553
0.5945047026043375,0.48637380625128424,0.5040587195909112,0.0,0.5526667363099305,0.48018731677667514,0.37001740094503055,0.5419825289797505,0.6373440064464209,0.0737477210143764,0.21119131622355916,0.07546905658021454,0.5569204275523999,0.08125826999197966,0.7254834069143901,0.60665019727946,0.42103295070791724,0.39228761089323405,0.4632059546299634,0.0,0.7530831999939493,0.9519344523864695,0.622097616277871,0.34606645581347667,0.22005064658609846,0.3573642900602011,0.7117554760180652,0.5720922517039132,0.6665046381370668,0.7687400194942037,0.6379869414120903,0.38379668280742896,0.36031616133604316,0.5886448457030352,0.0,0.4150140567734811,0.3477496715952431,0.39990093596863746,0.36896902550668725,0.42527635197294167,0.5412623576254689,0.0,0.2938110358326147,0.2002568958721114,0.26942741560132805,0.642406478215628,0.5665510735970997,0.6793236100009902,0.0,0.4727638036296777,0.45445651995289943,0.2815409840536627,0.3596724095191818,0.6374927179209907,0.375568028760313,0.5252125038697548,0.18396609412424592,0.45250341281543427,0.07255483799512208,0.6680641761472685,0.5525909940509572,0.37091937595594854,0.4896246042431079,0.4382842737278101,0.9022871430205716,0.694593913845856,0.8467208088588176,0.6020105317757936,0.3814864470769059,0.4499315703862387,0.5848231942700574,0.6413260147501638,0.5142073897784387,0.6242433692694969,0.6084945355073432,0.5610819390669938
0.816121652238841,0.5165052649726143,0.6049742941382231,0.0,0.6219923850247413,0.5663581473377811,0.3971509022389345,0.749882205115253,0.7241485689254828,0.10745799426492747,0.22946353400958608,0.06811140455727918,0.6664671052635018,0.02689768081532526,0.6825528806535344,0.6712471894983825,0.46539711538929723,0.41190624850237284,0.4774730450609438,0.7530831999939493,0.0,0.7040321434150344,0.6866530622884193,0.4650824806981499,0.3735493078475831,0.4063709674380708,0.6784745075433218,0.6615246804579471,0.5351077363199273,0.6341117940152956,0.7561705912280038,0.5717897995643526,0.4098782262550536,0.49079153514464896,0.0,0.6189838515039465,0.4386579181863891,0.5188370340906372,0.40774539980219726,0.34595696604509457,0.4500248625594734,0.0,0.5642925389936965,0.4000668946750391,0.24809996645203683,0.764467960956651,0.602887801443459,0.6281459777443165,0.21576556194049046,0.712939660265308,0.6856784394499706,0.5724009451258766,0.6680525553875888,0.7804065564879015,0.36920799506179436,0.6414702602610951,0.11868034992733431,0.7158986086983259,0.34511905306760676,0.7128201818134607,0.4050619361318226,0.5605787102603591,0.49224261009890935,0.5521593685474172,0.6570701179360929,0.9294355030234873,0.5050718122873707,0.7029367581976886,0.3928507950481282,0.5182197413368411,0.5992476270500708,0.6088741615876391,0.714118862421292,0.6282076601435145,0.5835193920316843,0.6105733575872835
0.5868727216080155,0.5419798978564381,0.4676547502848783,0.0,0.4162783236345952,0.47560737538532044,0.3535416769257766,0.45588919850320503,0.541131295955536,0.0,0.1388681976138715,0.054095806409913634,0.5240005643706332,0.01398399392726049,0.7092679696689352,0.6353530230899819,0.4012333555918802,0.4319193429300296,0.5134895629503807,0.9519344523864695,0.7040321434150344,0.0,0.5681154650374433,0.3210903651922743,0.20904593441367364,0.4238343620135402,0.7182790454470293,0.4973601652561687,0.7755900552927547,0.6618817870935425,0.6109697344257072,0.35770253467539925,0.49635346195879804,0.5886460523861685,0.0020054471294711196,0.39879975139215756,0.3064419859895587,0.3517011143932819,0.4649171475661671,0.5132576769441151,0.57031402013285,0.0,0.299479223638452,0.2135289913555858,0.24219547502525726,0.6252983434041263,0.6136948385849363,0.6094724492740506,0.0,0.3593573595199304,0.42064386182848346,0.186648723650945,0.23640971026810456,0.5684942711531897,0.22285887535918464,0.4262189797429665,0.04576473903663064,0.3598065542961544,0.029833329241999995,0.6691047235146558,0.6391047340219222,0.32211300349164196,0.520511741502767,0.4388132732998258,0.9314713471264808,0.6337714121611044,0.887133797045124,0.5574279135787217,0.3959052318481313,0.4766250355257382,0.6078235087328732,0.6826881045788841,0.4145678033099162,0.6963044115442815,0.6380328518344692,0.5912020878401367
0.48187323086646566,0.5654657390287857,0.7410554070141154,0.0,0.6519799612191854,0.8516040159604535,0.44579562833273956,0.8948125630649837,0.7297143840629805,0.16071438666966617,0.4875837807815814,0.17966688941490663,0.6438974624463272,0.14588305057152195,0.6049562785821376,0.5081234240999103,0.37624164174215957,0.3224831555031149,0.7231117855677918,0.622097616277871,0.6866530622884193,0.5681154650374433,0.0,0.36523460250258255,0.2965855671733514,0.5632752584656541,0.7832437987199367,0.4718641440149,0.530700632412792,0.47542614080135936,0.3297257808749935,0.3018841278801448,0.2795394825590685,0.2056752756736962,0.0,0.3232085361330483,0.19281693394360228,0.22007266561803496,0.13242759039396676,0.2587684331254523,0.21608560158833853,0.002128387563439974,0.23284251280163748,0.13292974977654234,0.02088047921621803,0.4047243187064783,0.4748045189214068,0.6431893968602611,0.1665884217213051,0.5862523618295888,0.8128782232216721,0.39667942716029464,0.6995666648959744,0.7641638473609376,0.24632865492634218,0.6808167590985956,0.2764004938219569,0.5175261043178307,0.23123450912712662,0.6193730298102421,0.19779484022112143,0.2327823351851861,0.24726236610074517,0.5908541374685482,0.6233786177289474,0.5841053741378585,0.39777619911934936,0.9421398099903635,0.23058273515267752,0.25505700427951083,0.5068803270929105,0.7040925506246501,0.3527912379303822,0.44349744396084334,0.36626018904729457,0.29018728566973356
0.5022972380141734,0.5650608913574116,0.3001821524596238,0.0,0.31261170987916886,0.4084998749650222,0.24185975507319202,0.5662755613310116,0.30604873371746744,0.3002999214704072,0.06371941996185783,0.5962692039734405,0.5426319712365736,0.4052482398572799,0.07120598622090415,0.4929613964411841,0.6199831943856784,0.5178465655266692,0.2309038545398514,0.34606645581347667,0.4650824806981499,0.3210903651922743,0.36523460250258255,0.0,0.5194865633365389,0.6897008317744053,0.11254152082319546,0.5422847097106319,0.0011129859957741482,0.3907444819536637,0.45371407160482474,0.4985652493113835,0.5170669170899581,0.2854140192182243,0.0,0.570134216181157,0.5026397716260154,0.5760582170469127,0.530576986946662,0.49457962092067637,0.4070080654861326,0.0,0.6258907268501869,0.5534064186411274,0.4550853054805248,0.4525464053857169,0.45167305917790623,0.33843594239283703,0.18330665910342273,0.37677003129180286,0.5005884866536761,0.27298038650232787,0.5691381859790928,0.3121286717512956,0.4523970625171862,0.3704275611135375,0.5446597744794506,0.5445431693053557,0.4693748168875399,0.1291321942245443,0.21394118941688453,0.6548639712028375,0.5905887887204858,0.2721834721529417,0.31050945543038777,0.369534674207211,0.22419105937404984,0.42926709238612776,0.8515241633520653,0.5191231596818886,0.665770998052815,0.14791733123418005,0.6149142428004998,0.1235133817053757,0.38487127446115627,0.5651460798275444
0.41926341992446536,0.7103212088158057,0.39551861271744054,0.07504157895504433,0.4642035785313923,0.37848861432693043,0.5377067686364987,0.3966807007932177,0.44096859967181057,0.7220390867065555,0.20978174507059522,0.5467253854278998,0.5633414518871316,0.14565717440921247,0.04609927215261703,0.6577764715713194,0.8797398897914908,0.7960669995203168,0.3879586935684275,0.22005064658609846,0.3735493078475831,0.20904593441367364,0.2965855671733514,0.5194865633365389,0.0,0.6739487527503691,0.3241881797150158,0.566133175514734,0.13752262467276727,0.2738685205640534,0.3841087360047658,0.49331596222407836,0.2628523138258188,0.015077506981430105,0.0,0.3949020733535418,0.3594897048780373,0.2225964857058352,0.24894750397415552,0.1233998503296982,0.041618507082754205,0.02491332534621429,0.3715352532385391,0.39051761966176796,0.07631612192273156,0.2311431911942903,0.31293350077305815,0.3681283726618911,0.43304194089668463,0.4350820313235744,0.40568356706060915,0.5046886420386755,0.5340429285035367,0.3704411714730076,0.6914326761632247,0.36581531687939267,0.5649679417834229,0.4320622159317782,0.34505434385584066,0.06938530101022725,0.0,0.6929923564178723,0.36611659477665404,0.4375926993797609,0.10332999354966925,0.3085682958982775,0.0,0.39869275617555044,0.2697163987557968,0.5308332522325646,0.45521853770424153,0.34908304594229983,0.4896490341375644,0.2227083169397255,0.2107503752379214,0.2957229162565588
0.38288038659448725,0.8257775560117491,0.4145187690545049,0.010025158468591765,0.36157601163828246,0.6069942282886853,0.3955119435410029,0.5896264730741416,0.3857728989682429,0.4084703565247588,0.1656330136471734,0.5499652491677467,0.6051544816514042,0.23698203345473062,0.1346776058463799,0.5645891074219918,0.6132015363494525,0.6045052875241056,0.47042528698769615,0.3573642900602011,0.4063709674380708,0.4238343620135402,0.5632752584656541,0.6897008317744053,0.6739487527503691,0.0,0.3873984551959098,0.4981065471639439,0.242484765895516,0.3325681613393011,0.2650458262149052,0.4745750837443684,0.501586224925946,0.19170420274904182,0.0,0.3765693810593596,0.2865991938980395,0.2655759782247261,0.3979852296008449,0.4611571264292745,0.24958935147566566,0.0,0.3459468171217496,0.3146256568942187,0.22539146953216724,0.2769919013339411,0.5148980116732769,0.3928833095384912,0.21485117313434487,0.33978522506931996,0.5417572680875917,0.2665852444146271,0.5212877344421333,0.3834426368264528,0.39836948332856426,0.3434443987950075,0.5204330104181123,0.36977743490128806,0.3503134532242767,0.15118162440883853,0.16591967900989946,0.42631120594759214,0.34636688072236343,0.33924316481457173,0.41835325470651835,0.30539163727690294,0.2774293904716446,0.5496447794225168,0.4910265773657389,0.4539921915317154,0.7552888365381532,0.3850760985987352,0.3448795348369284,0.24475388348772376,0.2838241922263115,0.30673499697014883
0.3736154689834242,0.4579808096918736,0.8021692136111811,0.024909458697741863,0.6601286375595666,0.7869671477690489,0.575504057483006,0.5925983241331044,0.7990926114444086,0.12509267618801298,0.4502527055132151,0.07239052623821773,0.5948038757741548,0.0,0.6440503293834386,0.5337905775905982,0.38859624815778454,0.4281826190074589,0.6707786156793911,0.7117554760180652,0.6784745075433218,0.7182790454470293,0.7832437987199367,0.11254152082319546,0.3241881797150158,0.3873984551959098,0.0,0.46336237426050886,0.7798106316120458,0.5198865008460036,0.38762829317482245,0.32097567667715093,0.31923539662701766,0.3026453396325931,0.0,0.30837708938397107,0.1006751540005284,0.11385081614665157,0.13350289809325028,0.2719450052939898,0.27569241868521593,0.04551735566601878,0.1131618124729722,0.0229717142939658,0.0,0.33887607643955786,0.4479600354120494,0.7876881771706665,0.10899121289819622,0.5962353370043024,0.6656988755389202,0.41960403380198374,0.466748238289367,0.843227575248887,0.23225965064605686,0.6084543115249429,0.1358937541627559,0.41740758522207533,0.13221643173028358,0.6359335272708422,0.28139800552274036,0.19293502701867135,0.22855455224254814,0.6146367129014998,0.7544739709676229,0.5261335145006749,0.5077604130287521,0.7143359043006067,0.0876046306656905,0.2728234235290336,0.406965840959555,0.9358672824556347,0.3161938285069078,0.6645364226147221,0.4328003488543978,0.28850237720460503
0.537348241480473,0.45367121211650663,0.5296446645754397,0.22153013971762703,0.5644122517253608,0.46883745100988394,0.3843332502495371,0.5352680151004146,0.6370523255184176,0.49312015856681507,0.12420077111092888,0.43414244707680094,0.7693535823877642,0.1901417777574781,0.2972355049109688,0.6977835478864018,0.6253145763799227,0.533062246439312,0.3452403994121355,0.5720922517039132,0.6615246804579471,0.4973601652561687,0.4718641440149,0.5422847097106319,0.566133175514734,0.4981065471639439,0.46336237426050886,0.0,0.31606135305283395,0.6574888585292294,0.7222680912449992,0.532956987579763,0.36602412859177913,0.32617422015388886,0.015522726921062657,0.6778789135971351,0.5210369096436525,0.312791054071127,0.3763742907487094,0.2937867603872941,0.37292728982262463,0.07137374703079273,0.4447659951918431,0.4318156072517865,0.11983263122536154,0.4115167080610432,0.30994122080486847,0.5783723783051865,0.4779129601016358,0.6198341196980539,0.4836121410210591,0.4326953362194367,0.6059569374381057,0.6251466860360702,0.5842307983484627,0.45268513958851553,0.46168495102543927,0.6461452141569841,0.3610935512411882,0.3333662445709839,0.2094205313858945,0.5870471231252724,0.506441515085122,0.416618183639959,0.5024584627704469,0.6000045708109826,0.3365382229631871,0.5552594231396464,0.42666376099392406,0.38440672458825115,0.5086226618604974,0.4049318415953365,0.8135173782358971,0.4282499723140786,0.46482132301502227,0.5705010474176725
0.42387007464943255,0.3410614693194789,0.5453090275943248,0.0,0.42705802409644517,0.44933433296272174,0.371968170771617,0.28572678239378263,0.571834294221487,0.029303483356887126,0.3569488831274684,0.0,0.44892937692905777,0.0,0.6639880527350871,0.4575823060358738,0.20612495460217303,0.27881840227282095,0.6056792350776422,0.6665046381370668,0.5351077363199273,0.7755900552927547,0.530700632412792,0.0011129859957741482,0.13752262467276727,0.242484765895516,0.7798106316120458,0.31606135305283395,0.0,0.48645751171422946,0.4067731332053982,0.1559742753604487,0.268608563619646,0.3068097515341394,0.0,0.23913240986820264,0.0702659283584054,0.043459253370538534,0.25328191970821373,0.2858622015024089,0.2603499058333082,0.0,0.10170444276879823,0.07855056457024696,0.00847093986765978,0.46980362348611504,0.3981407975620514,0.5681032263145921,0.0,0.28336492944856795,0.31298739774976914,0.1926250687313742,0.0286101098203981,0.5874339812422499,0.2348357858637995,0.40867554009482315,0.0,0.2911396815740007,0.0,0.6368871430268565,0.6927437868221947,0.12915138946749113,0.42989563132756237,0.4531145713787209,0.7549205927198538,0.5131873161611658,0.7067530104545453,0.4530882496068574,0.14051255784063615,0.3333818324126681,0.41123611961848694,0.7362668575097652,0.2257564319306913,0.8356573829294579,0.5062234106255061,0.46225866722591863
