0.0,0.39586642254946297,0.33571463424216647,0.0,0.0,0.22490799674097553,0.12450588350666558,0.0,0.20496118667745403,0.3956372338086935,0.0,0.325476672076675,0.2534390771256411,0.0,0.37279141094365664,0.6396805778399574,0.5965390094478341,0.6323762373703866,0.1998515332343797,0.22264091702276909,0.433916484874296,0.43418396471557474,0.19980063878334517,0.6580154882814311,0.6407025654892002,0.5849417443029636,0.2625433901613259,0.3058351685572438,0.26262629033058016,0.2476539417554795,0.5549135551160221,0.21863886847062414,0.46121165822190735,0.2905158317301413,0.0,0.1296337268215307,0.1366527779923415,0.1656914832442673,0.28157418680909146,0.46576859706580637,0.38349514548252006,0.07524409333466214,0.0,0.0,0.2456361719061953,0.8643093307972245,0.2558004005737271,0.23085569233516376,0.3404583324411554,0.19173545928654132,0.32421328689554285,0.3115568889679423,0.02880301877364621,0.28822163571041287,0.664234398640881,0.047355894166951434,0.24635006663487197,0.2764425855405581,0.09258474471144071,0.07424479100876137,0.5433198460809684,0.559707961513739,0.5158900589105504,0.21324799769268105,0.06518595218083745,0.3902705783351008,0.16329733811392363,0.2008084154839056,0.6787129559138847,0.5223487481902317,0.6600153037557281,0.33776293516768263,0.21114541718205365,0.3196100179378561,0.23264790926901985,0.4791542904936596
0.39586642254946297,0.0,0.45426144567082233,0.21741550252941533,0.24465745499396932,0.7006302267195461,0.5016946928631472,0.43112578198481544,0.4196352716595393,0.6601231695074248,0.3267320729077981,0.6955837390541606,0.5702901283764692,0.23593119492286652,0.49799457886719334,0.5537880522439167,0.7642431645326928,0.7332639107560076,0.34208355726461254,0.28210554759894546,0.43181474398120107,0.5389715725507045,0.6265604321915182,0.6516416637087402,0.819789281604797,0.8183263933449874,0.6904601000489643,0.29917827938171726,0.47038052544725867,0.062176950247943674,0.2452464806862866,0.32542142687072684,0.5795988538084786,0.23094787986336557,0.0,0.16838090833613897,0.19998577660712807,0.31900251924550654,0.3741105545794911,0.5300332156350012,0.272009180498496,0.0,0.0,0.0,0.08080327968259404,0.4965354760379592,0.7088192382689756,0.3953819963639579,0.07401878406979144,0.27195850195347365,0.7178810587575428,0.4532424105056812,0.3892508626449898,0.4513727441478631,0.7354265985909326,0.3763745294167026,0.6700954471570978,0.5751845941941032,0.17740373243168314,0.5081381431769127,0.5511557485499953,0.6883377266837446,0.6107825334228364,0.37982823879344824,0.3053055002812062,0.41386377063540486,0.35484287061717845,0.5249565637853131,0.5127614429704795,0.68122754072617,0.7858734357740267,0.6927098026785313,0.36102270087511623,0.505020104701549,0.0006125610630441509,0.2540695101657882
0.33571463424216647,0.45426144567082233,0.0,0.06719610878366941,0.6955806424771419,0.5920248439130206,0.24030852195132943,0.24399273956329692,0.8584097655175195,0.404929460593247,0.6620623051654718,0.5878328372588182,0.32767292042855456,0.13988818194176522,0.7131011407231728,0.3210707409375506,0.4941197601546795,0.5253819975252738,0.8735692577938394,0.6657524134472871,0.15850999440069985,0.6588538094766879,0.5229855027148264,0.49597186656372794,0.4644707623645323,0.5123203759726411,0.7124486772971108,0.6659233641088896,0.15275289461302574,0.42242996946460154,0.29847630555718885,0.0,0.11379762701288744,0.01942600774667105,0.0,0.29905889775180294,0.2294093221868651,0.29686777757334587,0.0,0.044386655560557195,0.0,0.0,0.0,0.027631986316143126,0.2819788181617422,0.32972672075722553,0.2607573202585134,0.9459274819561465,0.25750681790956986,0.7325073300881588,0.44135647787647553,0.4959680207744201,0.0,0.9291863751589896,0.4688954435152895,0.8416478171892812,0.5129783925518151,0.29518969853313104,0.25469123019147244,0.4771200703873482,0.10121905371293181,0.40600910518064953,0.30942332081371704,0.9127923269423799,0.6212011321640389,0.11362567612578768,0.546500722885193,0.30139320857762947,0.3432912237343074,0.32496266863556256,0.44789484014241054,0.7377532221363466,0.4373254614448827,0.2731096670778231,0.47974818434941874,0.287989590614639
0.0,0.21741550252941533,0.06719610878366941,0.0,0.2751579294328329,0.3908229321766103,0.3652236378805461,0.4487507645960455,0.10640934129458687,0.3967668878469616,0.05989244878186539,0.22649485645453055,0.26732494230619397,0.4268728909655401,0.2045196211185698,0.3038322764110379,0.23924169926452932,0.12068273329542772,0.0809815450982456,0.30603236215479207,0.30962224294416263,0.28567812383747326,0.4760884305300322,0.0,0.022183629692160846,0.0,0.3157440025551364,0.2757358386754963,0.38573528241352867,0.20901605118719085,0.20951513912608216,0.26635202164342814,0.2624656610173083,0.2936483148715147,0.0,0.38262663539488323,0.19154326123993354,0.2147633360133081,0.26763710706629645,0.17009704443141224,0.04532927517407964,0.0,0.13757545682481592,0.0,0.0,0.10559986925157885,0.3851175269655678,0.1342881010653916,0.0,0.0,0.43049583483560466,0.29304548601090646,0.577720368180172,0.06708101268526606,0.0015139818511636617,0.15604120368890362,0.2859394955653722,0.45977708414768215,0.21859662352720116,0.6299274659731834,0.20940852758560405,0.1669711972507593,0.27199865304726284,0.13776786102759828,0.4147625531036292,0.5239858308937956,0.41336221363638215,0.5823852506797595,0.0,0.0,0.0,0.28569831514654415,0.5197435897116713,0.4183519312989119,0.055400418565903005,0.08027274697422501
0.0,0.24465745499396932,0.6955806424771419,0.2751579294328329,0.0,0.5227747833948373,0.4493954695849435,0.4212134388251286,0.8059168646951322,0.3749905595852093,0.7971883951003075,0.465129455150348,0.42488094533205745,0.4024587939499359,0.6124825381566776,0.10156975443782329,0.25033849568900735,0.2982677834911203,0.7123566591300446,0.641762636527052,0.18553021693140523,0.5360424376980862,0.5057101654657905,0.09456350169686686,0.07584405676527617,0.121916355888221,0.5228382988493611,0.6772869293997344,0.18323860119719246,0.5126443070679012,0.14923213585579004,0.0,0.0,0.06061738084714821,0.0,0.4680866410302786,0.30365942231797927,0.24122882300167445,0.0,0.0,0.0,0.0,0.17050406431358914,0.1598694375645548,0.0639517277402948,0.0244312231932708,0.1383713918225294,0.7240494038187885,0.029150955756973896,0.787355767889582,0.3164740329933119,0.55722103619651,0.15127231826470272,0.7568070355411016,0.07011039528990459,0.8410903747858197,0.38030233474757685,0.35218838212644865,0.3720312922443783,0.5812462607823258,0.0,0.12788065135161217,0.11609413849631635,0.7170170861878038,0.6526198510060397,0.12843247978343078,0.6270105360427912,0.3541902435570353,0.0,0.0,0.0652305954661612,0.5262551847430254,0.5906823309348914,0.2796044819235617,0.4287924158139316,0.22047983591184356
0.22490799674097553,0.7006302267195461,0.5920248439130206,0.3908229321766103,0.5227747833948373,0.0,0.6157301093412024,0.6957947177001053,0.6387469321132133,0.5961124247318724,0.4377587696837647,0.726938765992551,0.6019660727988748,0.36870408682825434,0.5585345356148831,0.5721790545457661,0.66248720143796,0.6355900434861608,0.5804082153473878,0.5262558093501376,0.4155377651814348,0.6046583702146698,0.8910729795247696,0.48495847787243934,0.5269184625813387,0.4749286298607833,0.8428834471531836,0.39570878676270005,0.6395478628656512,0.292251578313521,0.2601459622310498,0.20614078631471128,0.437098885462451,0.24197551370908257,0.0,0.27669890715770684,0.10377504852305997,0.2816976857515458,0.23663082502122182,0.36814720178085825,0.08986514636029515,0.0,0.19970353011917436,0.009353985754056557,0.0,0.4106880082838053,0.6584081325610425,0.660876802572152,0.020438906426634755,0.38161782950082485,0.8817622017997987,0.6795033740484046,0.5761728741024642,0.6080111734736144,0.5379225885252852,0.5604094395686761,0.7229913810414214,0.7145095497624203,0.44704046926457186,0.698427370078864,0.4744137920184502,0.6638616358328522,0.5633355486177841,0.5886029438140044,0.5927324965806963,0.4730333078664294,0.578632248879735,0.8017025060154381,0.36331248524147153,0.3913545536095861,0.5004804804674745,0.7907064597979556,0.5786288281451627,0.6210562075194512,0.29541623087235613,0.3147808720883134
0.12450588350666558,0.5016946928631472,0.24030852195132943,0.3652236378805461,0.4493954695849435,0.6157301093412024,0.0,0.5178238965905057,0.3694373535883638,0.5409885823023656,0.33806386764645596,0.3928646086796511,0.6989766026995075,0.3820485534768928,0.400414861329386,0.43121612283842115,0.4778355271853352,0.4265358220702262,0.257932599387197,0.3653267619492902,0.547893157356928,0.4045108976901172,0.5431442887291241,0.18880941372982907,0.3429326352333635,0.24424914906285045,0.5178820730901921,0.3038905877237977,0.6922196883510818,0.3748209756730616,0.18250568448663215,0.3291224165273549,0.30387378388565445,0.2237263253068812,0.0,0.2740230006780515,0.11714255686919206,0.11681901647474406,0.384012336511528,0.34864430755727793,0.21280846905823034,0.0,0.24663038035392165,0.029315655197859232,0.0,0.20185065399644703,0.4090591477418941,0.28204396501329493,0.0,0.30827208304987763,0.5833469748222906,0.747735920675093,0.5596283212446649,0.3234359404221202,0.27095328195481,0.34098772625419516,0.3793416755721237,0.6963298006634435,0.37997496267469877,0.5711488492848832,0.4386957672794866,0.36285265573512093,0.33535861459064875,0.28041841065628254,0.3924665758565967,0.4865319787208955,0.4150191861729864,0.55174296590362,0.13560943170092393,0.20631999743496493,0.2377339221107129,0.4956324422950928,0.5179865775127503,0.6057619938325592,0.1841756569801092,0.2737787407447239
0.0,0.43112578198481544,0.24399273956329692,0.4487507645960455,0.4212134388251286,0.6957947177001053,0.5178238965905057,0.0,0.2704944096511063,0.40698043426195385,0.32069404110355754,0.4865642321005413,0.5926712803692209,0.5768114846557876,0.36109518323771356,0.28551038295681713,0.34573007393885963,0.2734602513651817,0.26183125377900807,0.3222420769890723,0.6569411201516542,0.28708447727032077,0.8284899775005533,0.18827338695524254,0.15215933637353948,0.10581730051388286,0.44921543519608687,0.30749215692969556,0.49910661914843285,0.23474249420441864,0.11679015277089173,0.3618490664159229,0.2538547593571961,0.20153828012184746,0.0,0.3556597542165494,0.2105657430140463,0.12650821877028579,0.3813521377047062,0.2715072481415704,0.11000760091632023,0.0,0.3179796798774834,0.0,0.0,0.1845802678987966,0.5344640028027958,0.3964781548931173,0.1279740100879894,0.36026486037260963,0.6774619635249933,0.6139674244931208,0.8053673045650346,0.2825358920180035,0.1539860469835406,0.4274630426921585,0.6253404335184652,0.7162249943188858,0.5439198023618975,0.5635388113935851,0.1813011722607311,0.32076428825869807,0.16005736666260836,0.34236917339114104,0.43606176761439597,0.521372918520997,0.44995543989942877,0.7482635985332172,0.1585927394581367,0.006792633411087946,0.1534726262591687,0.4091868916522878,0.4870048033680493,0.4711475208224448,0.14885328318413615,0.11073886854454797
0.20496118667745403,0.4196352716595393,0.8584097655175195,0.10640934129458687,0.8059168646951322,0.6387469321132133,0.3694373535883638,0.2704944096511063,0.0,0.41879945635995797,0.8066126884590384,0.570037889822104,0.33235266949764336,0.19024205148454573,0.7242716938233031,0.22765384412980794,0.4355624707469643,0.4894921176359976,0.8107543018330522,0.6460493750881839,0.15598339386294982,0.6173608463098882,0.532441034318614,0.3923755731921134,0.40492123805955543,0.4345792144648745,0.7549131244105529,0.5758696468575559,0.1684485295092469,0.36374441841016514,0.22557429973514528,0.0,0.14838269041578356,0.06400267680613843,0.0,0.2761706672334395,0.24301300690120378,0.30068293177159144,0.025027014734635044,0.08277581169936728,0.0,0.0,0.0820000310113037,0.09398327911877803,0.1951988893591658,0.26717048867210696,0.25829272754846744,0.8629316440288065,0.09304132528127526,0.7371942158686935,0.4423201823841964,0.5709975941868813,0.06767531032903473,0.9566426191419863,0.4139222228006502,0.8405260089006936,0.500136997499659,0.3509291824114497,0.3010924582679568,0.5675640604785599,0.14966619375742626,0.36171721460101736,0.33973384451309435,0.7882828233037618,0.6181223861479488,0.1188817734137033,0.5806003929020599,0.3678703740537958,0.24176750565177824,0.32423536862491986,0.39231452510114695,0.7608560464448996,0.4919195593849203,0.33476871983857637,0.45066598165873906,0.3622705263175424
0.3956372338086935,0.6601231695074248,0.404929460593247,0.3967668878469616,0.3749905595852093,0.5961124247318724,0.5409885823023656,0.40698043426195385,0.41879945635995797,0.0,0.23744209153224174,0.6743759769843126,0.48123648086401444,0.36456006792122386,0.3882859579638436,0.6548790722448495,0.7625051313623101,0.6547708513247676,0.3411144718673586,0.3457819994934856,0.4753063163688149,0.4827818735516154,0.5729847512837042,0.545383041047877,0.6250766495448585,0.45211417516840313,0.6092388076733594,0.425177261136963,0.5140565829253398,0.31075394925237365,0.49597487858376765,0.20678565110642694,0.493298445471219,0.4677952373849109,0.0,0.3981112672716489,0.07289669983615873,0.555752770133955,0.22530185529046473,0.4779552680822033,0.35835324150836284,0.0,0.024767117003314215,0.0011053037683258233,0.2086230337577672,0.4940524819233521,0.46740873557805673,0.34531861341087006,0.0214397466044382,0.30663977517380303,0.5805471249906593,0.4475662678394063,0.4434545937253319,0.3929321880597128,0.6119572459064877,0.2916638523236323,0.5877337484942448,0.5658249982914209,0.1890542414250389,0.5713202860243786,0.4685512470465476,0.6270573034021275,0.6109560380553399,0.3286715468974736,0.2902255924541601,0.5157179545959115,0.3159121008337675,0.5780967721181726,0.45512969226824135,0.45697515594677224,0.5045668208501757,0.5301064960939325,0.5646576146495337,0.5159764939155606,0.07741463539511378,0.4293429762196109
0.0,0.3267320729077981,0.6620623051654718,0.05989244878186539,0.7971883951003075,0.4377587696837647,0.33806386764645596,0.32069404110355754,0.8066126884590384,0.23744209153224174,0.0,0.3657393929606956,0.21944875886273607,0.28365649998989084,0.62678982075085,0.0,0.1505487936757062,0.2027616593697987,0.6540570785298223,0.4706130580845896,0.08944002975471084,0.43916106919504977,0.40422772890129516,0.14473742569688433,0.1844497307454572,0.2527752368079969,0.5407235262700295,0.4113018712730723,0.059434710949024847,0.27245754697030716,0.0,0.031115101175819115,0.0,0.0,0.0,0.20362223358226814,0.19339943887377609,0.2023428031264254,0.09678449173937731,0.0,0.0,0.0,0.10018949461559976,0.17960409188167648,0.0748593154771255,0.0,0.15424002530782419,0.689024289153387,0.0,0.7030298553374081,0.24859861023006125,0.42482792437397826,0.11116026970074722,0.7050135289519502,0.12172556158163535,0.8995909469578096,0.40295140961908626,0.22743212862690426,0.250332781980482,0.5000633752307453,0.0,0.04063507184550683,0.024558201392500038,0.6703299447157439,0.5057829530216905,0.0,0.5303878761917485,0.23708210720567413,0.0,0.11963937318319882,0.15723456743907643,0.5359131812647254,0.3487715793926865,0.19812617391880538,0.28842834520356625,0.15092223318968193
0.325476672076675,0.6955837390541606,0.5878328372588182,0.22649485645453055,0.465129455150348,0.726938765992551,0.3928646086796511,0.4865642321005413,0.570037889822104,0.6743759769843126,0.3657393929606956,0.0,0.5903064472242465,0.3435529987494123,0.4813394494830742,0.4521499985740519,0.7544824894115337,0.6731978514345548,0.45619684158464013,0.3920109518003632,0.3325141005979942,0.4354086929330504,0.5849366309514865,0.6956896562056238,0.6064845976576774,0.6807212055266956,0.5758538505168018,0.5335950975094047,0.23997573296213642,0.2087328722450101,0.26238267189253855,0.0,0.3426874572391122,0.1797259146277062,0.0,0.41066039985214725,0.23200443138791813,0.3066382492081169,0.05225101598373955,0.38810427518308216,0.19136402074607575,0.0,0.003140066166943874,0.0,0.22334150195628494,0.4290470551527283,0.42487290504924413,0.6564969098980051,0.2834015535268101,0.5148647249297151,0.599174269236567,0.48366543999851647,0.23538014199616764,0.6381207130889014,0.685789175355986,0.5017191566495339,0.8459759458148055,0.5166964939252164,0.18423000880089796,0.42316155053211707,0.27046293017285034,0.7400309702817491,0.5177985982902876,0.564349005155409,0.32992478125038954,0.2644157158280756,0.2598496776327994,0.46271318418657864,0.596512332424498,0.442457985094098,0.6356946351243865,0.5424528746236442,0.43899715866449207,0.2579547319665202,0.0950489856391665,0.23927079733451362
0.2534390771256411,0.5702901283764692,0.32767292042855456,0.26732494230619397,0.42488094533205745,0.6019660727988748,0.6989766026995075,0.5926712803692209,0.33235266949764336,0.48123648086401444,0.21944875886273607,0.5903064472242465,0.0,0.4928647549395581,0.36351862406407365,0.4475643356337106,0.5857567305965609,0.5817810424616067,0.3095138760351613,0.35434813867504117,0.5256718425835619,0.3586346003344825,0.5304241036433232,0.2547046808098148,0.33168293152644696,0.3685680768720966,0.37519557844810963,0.5370032468240028,0.575605517797359,0.32693969708428433,0.1497770579615178,0.2280610134586081,0.19301604382251616,0.20396763088156508,0.0,0.41423906996239146,0.241846259999736,0.0,0.2799887644611491,0.27782419175888967,0.30986353749313134,0.0,0.23705433137500742,0.06307766580386506,0.0,0.2168620083746629,0.32807518781332756,0.3733776845603923,0.2697125350495199,0.457018944089452,0.5651371044267586,0.6696717891151779,0.4230311458301023,0.3776390775520166,0.3386436240704591,0.3802442534906041,0.5209055591582445,0.747574998714263,0.4296065980715427,0.3860264502573456,0.31746232715417233,0.4612884564575883,0.26322200424894837,0.38159227235770765,0.32624977452997556,0.40199541735332317,0.2939419477645279,0.4303496895978461,0.275744195813729,0.14066523570709308,0.3189774501576872,0.36659387568746743,0.5115899862998616,0.44447593226376764,0.1662619970749765,0.211991225197242
0.0,0.23593119492286652,0.13988818194176522,0.4268728909655401,0.4024587939499359,0.36870408682825434,0.3820485534768928,0.5768114846557876,0.19024205148454573,0.36456006792122386,0.28365649998989084,0.3435529987494123,0.4928647549395581,0.0,0.09903522891142871,0.10609939901078706,0.18378033406589214,0.08115240263853644,0.1281782663207621,0.16053902269234951,0.4339139168794599,0.11435620706718032,0.431257242134853,0.0644973787067743,0.017120991283426965,0.0,0.2017514413540085,0.2929630448387247,0.25971621754881835,0.16458429770624197,0.040761221273767675,0.12310718700354024,0.042542190033525974,0.2594439628346898,0.0029197175030458533,0.5433856230763864,0.19710163832149566,0.1778334018665013,0.12343671421734749,0.07847943777873939,0.18965877787178104,0.0,0.27047283853545073,0.23271344148409837,0.03743253368725661,0.021549336606368822,0.21883967550145972,0.2410132193642433,0.1607643116329749,0.327261393965411,0.3364570397507743,0.3346546748334915,0.4571153563339166,0.17247539760590208,0.01910590602125175,0.3309082135147252,0.36208281590094493,0.3965958786037762,0.4079331603541334,0.3163988436007713,0.004046529468902794,0.09648377133510072,0.0,0.23649525673087224,0.18576222072485538,0.305556658156716,0.20725390821282924,0.3981946026736524,0.1089517184259192,0.0,0.007709654326159432,0.17703886226714488,0.34754817454494524,0.2185055989749664,0.0,0.02591861980326834
0.37279141094365664,0.49799457886719334,0.7131011407231728,0.2045196211185698,0.6124825381566776,0.5585345356148831,0.400414861329386,0.36109518323771356,0.7242716938233031,0.3882859579638436,0.62678982075085,0.4813394494830742,0.36351862406407365,0.09903522891142871,0.0,0.4062279033975923,0.4841191034640895,0.534433556233169,0.7351629682981403,0.7412395084765595,0.4319397892678464,0.8264915527102417,0.5959743850451618,0.36870309084467395,0.46366342845967556,0.49253781552918285,0.7165476630425763,0.5329340889639208,0.4184404500806531,0.4179947379001052,0.37533402742714556,0.2305892912185394,0.24038980179136077,0.07760517961422976,0.0,0.16184690858649414,0.21429500905112006,0.20346419115306022,0.26372047068960824,0.1483310111588051,0.060832291646850396,0.0,0.0,0.0,0.0,0.3966585937701703,0.3304092327350894,0.6639829423240862,0.14701158700331382,0.6399437417961105,0.5028063659880131,0.6308919433500989,0.18351697436377762,0.7388778282111442,0.43178591434281105,0.7076847258688923,0.4541221649618349,0.4448162410781843,0.3411734748013604,0.7345425802280644,0.3232179755677077,0.3606072022301463,0.41607589038060705,0.7275536191022943,0.7283534609530132,0.39187320921348845,0.7272830567483058,0.46541028914362587,0.1847717693209204,0.32980344819534585,0.4603811409441149,0.7286688784755591,0.4526303495257296,0.5345281804844834,0.4912165103693324,0.39419036139758695
0.6396805778399574,0.5537880522439167,0.3210707409375506,0.3038322764110379,0.10156975443782329,0.5721790545457661,0.43121612283842115,0.28551038295681713,0.22765384412980794,0.6548790722448495,0.0,0.4521499985740519,0.4475643356337106,0.10609939901078706,0.4062279033975923,0.0,0.8070133597985697,0.8263257673672323,0.2995495302474678,0.4398311764377218,0.5027781985594848,0.6162609088798459,0.5420687870108332,0.5089274011097664,0.625321161210991,0.4087664601410224,0.5321610183877719,0.31665398375857184,0.6584232490275612,0.34086605099523276,0.6254644120791042,0.36851556675530395,0.59055802365633,0.39986591616993883,0.0,0.1221634927973937,0.0066308468834282335,0.24170363088522587,0.38286451679208006,0.47293465180023275,0.2867950427529641,0.0,0.07496106751200171,0.0,0.0,0.6827296464301362,0.4918239730150501,0.28171866683304864,0.058096887960887356,0.07223002485889053,0.671864162328289,0.4640952675405782,0.3741495521387912,0.2714816274269199,0.5722295624173426,0.10897133522032061,0.41063957024688125,0.611617632473948,0.2636237852872287,0.5217048407300489,0.7149435368682319,0.6992433563003794,0.7585287317121736,0.30044194106963446,0.38524660948274164,0.6213435942873096,0.4043557368391759,0.5683103174360145,0.5399141355162201,0.41699626509592164,0.5028061442793229,0.5184817853846929,0.5337693624151975,0.6827160277028453,0.27587725715797545,0.5407221469971207
0.5965390094478341,0.7642431645326928,0.4941197601546795,0.23924169926452932,0.25033849568900735,0.66248720143796,0.4778355271853352,0.34573007393885963,0.4355624707469643,0.7625051313623101,0.1505487936757062,0.7544824894115337,0.5857567305965609,0.18378033406589214,0.4841191034640895,0.8070133597985697,0.0,0.8888608571880358,0.3917386267152905,0.40115177768720717,0.47363125138763296,0.5827246822927961,0.5757335434908155,0.6734922444905678,0.7810217578134879,0.6640969732436433,0.6406080103617383,0.41623555360356423,0.5076374276527998,0.29592654663624873,0.4651986698244593,0.2997180522253981,0.5650273681949415,0.31515948003237704,0.0,0.18079801337283238,0.0780602547234312,0.2605900487058001,0.36862763796857567,0.5448993446642989,0.3682009457344561,0.0,0.050093047944039196,0.006128520680965281,0.057945294693530554,0.6312064240675904,0.5553930057318253,0.4382695060491137,0.15275873380777738,0.29742094270630814,0.724395178912539,0.5084504695981517,0.3373119543020835,0.5004050248576638,0.7995100414818239,0.30530911476131495,0.6239819744472449,0.6764018858575608,0.23029920088811673,0.5400062870353884,0.6589205546200944,0.8569669427462513,0.7275283245520651,0.45260430708323146,0.3338563520365785,0.5253712148369231,0.3612551223654526,0.5389835162850577,0.6788384555827569,0.5711216661187626,0.7059705773187859,0.6216012543431292,0.5399529977438047,0.5463024331454988,0.13322365066918784,0.52456538566329
0.6323762373703866,0.7332639107560076,0.5253819975252738,0.12068273329542772,0.2982677834911203,0.6355900434861608,0.4265358220702262,0.2734602513651817,0.4894921176359976,0.6547708513247676,0.2027616593697987,0.6731978514345548,0.5817810424616067,0.08115240263853644,0.534433556233169,0.8263257673672323,0.8888608571880358,0.0,0.44826634098485124,0.41318063432647506,0.4117570131463838,0.6066768892468561,0.5110440444578096,0.6806742670156994,0.788733012077145,0.7153481667436085,0.6127918212576119,0.4317389109757249,0.514282436873286,0.2755932146560607,0.43600584359651046,0.25392734700987823,0.6164297673527186,0.29134703881502233,0.0,0.12601908124468802,0.10052995409313059,0.24065075163809685,0.2868783153486376,0.5416597747496461,0.35030938566887954,0.0,0.007405360461485188,0.0010985697885368781,0.049430952001572485,0.6313670128183563,0.4538766145784004,0.49218374354077493,0.158835250959775,0.36293421938789516,0.6418591880360293,0.4946965455321056,0.22860966203102448,0.5255456034498427,0.7262801248271957,0.34300838515927573,0.5651349754824251,0.5671147528325347,0.18243572388250645,0.46533879580890913,0.6233163334149167,0.7582665547527385,0.72322569795569,0.47770372502097286,0.31702508560720805,0.40898598667069447,0.33286297966747774,0.44804083092655056,0.6386125139529978,0.5682237874958234,0.688762454138864,0.5929760434548242,0.45731512368642574,0.5112471545675742,0.24044297213554108,0.49977330533544645
0.1998515332343797,0.34208355726461254,0.8735692577938394,0.0809815450982456,0.7123566591300446,0.5804082153473878,0.257932599387197,0.26183125377900807,0.8107543018330522,0.3411144718673586,0.6540570785298223,0.45619684158464013,0.3095138760351613,0.1281782663207621,0.7351629682981403,0.2995495302474678,0.3917386267152905,0.44826634098485124,0.0,0.7337278549474151,0.14226511023120528,0.7161795041689993,0.5168633579434438,0.28044964174221587,0.32470205318630535,0.3254273596191003,0.6462064746638951,0.5750395223189951,0.23816133666858985,0.4954725705485086,0.22082277741528827,0.0,0.0,0.0,0.0,0.14934008302159332,0.10386851895130898,0.2287042686028739,0.0,0.0,0.0,0.0,0.16590050914120263,0.10903202459062335,0.05508908888474922,0.19076366405221307,0.1504080251340842,0.87206771382585,0.09098101623869152,0.6408441871423975,0.40830890348833737,0.5248713786030232,0.0,0.8258026427153241,0.28634919555019916,0.8428051907982037,0.42372788694279145,0.31503750856437973,0.3915016980831687,0.5600502799465673,0.07444795999381884,0.2831362164160531,0.21098079766406252,0.9519673249007683,0.6964065834483667,0.11815305193054695,0.6590881258489161,0.33771639510857066,0.10226681181648355,0.1909296076345707,0.24740448794089326,0.6739137462612461,0.48042775034893487,0.3465819278752283,0.5607820822450911,0.37192017903382957
0.22264091702276909,0.28210554759894546,0.6657524134472871,0.30603236215479207,0.641762636527052,0.5262558093501376,0.3653267619492902,0.3222420769890723,0.6460493750881839,0.3457819994934856,0.4706130580845896,0.3920109518003632,0.35434813867504117,0.16053902269234951,0.7412395084765595,0.4398311764377218,0.40115177768720717,0.41318063432647506,0.7337278549474151,0.0,0.2861787702661483,0.8191961364013715,0.5758304342837324,0.07789751761969335,0.1933602310666637,0.12705736693545278,0.6284091486441505,0.6656919987734367,0.43629734710602563,0.597074747260589,0.435884119123239,0.07500210061312627,0.04445095235557334,0.0957579527461418,0.0,0.256982269328313,0.18299459231111392,0.1920316183823118,0.09290087531468565,0.0,0.011523494601284483,0.0,0.2594950281066476,0.04369427450097171,0.0,0.20858961911156015,0.2591028461958149,0.6373283718949367,0.0,0.44963333434060776,0.46254338691859365,0.5145437721791444,0.15779578367074137,0.6460834329380267,0.10763318330692856,0.6423971720210327,0.3579386040641764,0.4717390448079274,0.4222710963442445,0.7572534240465267,0.15033714206939155,0.21694569265410554,0.2820339987008128,0.7227834360654596,0.9245929173405261,0.3771172848859368,0.813680196000262,0.49927058680859454,0.03169232828518643,0.022559130048718744,0.14605116450637545,0.6376902108658966,0.7265693731827039,0.5639348038843474,0.6086218612889335,0.49412839095571814
0.433916484874296,0.43181474398120107,0.15850999440069985,0.30962224294416263,0.18553021693140523,0.4155377651814348,0.547893157356928,0.6569411201516542,0.15598339386294982,0.4753063163688149,0.08944002975471084,0.3325141005979942,0.5256718425835619,0.4339139168794599,0.4319397892678464,0.5027781985594848,0.47363125138763296,0.4117570131463838,0.14226511023120528,0.2861787702661483,0.0,0.3826597381007667,0.5804593886235252,0.30009656322593237,0.37729218322916375,0.26023330175227444,0.3695265648133656,0.2667353681560825,0.6000972847311027,0.2981241016164096,0.3925700883514179,0.5336047171679656,0.4094785713901392,0.4049183578989141,0.06407049229435809,0.26483941251167925,0.18769967824956432,0.13667283004290956,0.5891072687192418,0.4323751822358192,0.3756999363534942,0.08754563439859334,0.18521481706029383,0.0,0.028487766962769657,0.5097198599197733,0.4474801088473039,0.16752782694699953,0.23794418324396893,0.2444686937298441,0.5512653432893287,0.5628683657608612,0.6735625562042519,0.16079437914445383,0.3617373761753868,0.17846505754271189,0.3878278660654199,0.6348315670681135,0.36870745527648185,0.42237751505810583,0.4931260919659772,0.36822130480104315,0.3078128981798353,0.19102375885760578,0.24675953154111874,0.7517968755027451,0.33933632523755386,0.5892971584603406,0.3448487870997281,0.23094423579016563,0.35361123538239464,0.3448920941280285,0.3906924000954554,0.5646226965279473,0.153316915109926,0.2901488343230612
0.43418396471557474,0.5389715725507045,0.6588538094766879,0.28567812383747326,0.5360424376980862,0.6046583702146698,0.4045108976901172,0.28708447727032077,0.6173608463098882,0.4827818735516154,0.43916106919504977,0.4354086929330504,0.3586346003344825,0.11435620706718032,0.8264915527102417,0.6162609088798459,0.5827246822927961,0.6066768892468561,0.7161795041689993,0.8191961364013715,0.3826597381007667,0.0,0.622806749423924,0.29563625943835176,0.478216398415624,0.40591802165798135,0.7120281028203508,0.5646436660019029,0.4905882802544592,0.499382492810481,0.5070014897127301,0.2572115383971405,0.3108123050723286,0.2061203846520602,0.0,0.1534230496502748,0.13338300973212408,0.311326890701135,0.26323922971071123,0.14820142413497675,0.09349883236883473,0.0,0.05447413845946881,0.0,0.0,0.4515063140265051,0.38963759196207703,0.5804615675469706,0.0,0.42788547949957273,0.5647944963984749,0.5599858565078791,0.22356462053733178,0.6247740087847723,0.3814714977953278,0.6254026865396484,0.40498545545510123,0.4897899038038272,0.3576204283963114,0.7670594665852462,0.39292756198226475,0.38672891317602576,0.4960512585987053,0.686718220039439,0.7818022529769507,0.4593179646812324,0.8353169947362533,0.5382364509131392,0.17448637743528245,0.2838468018074811,0.3969617686535118,0.7541459335126265,0.6132725068414886,0.6301814004253194,0.47484613967587513,0.5095929352179936
0.19980063878334517,0.6265604321915182,0.5229855027148264,0.4760884305300322,0.5057101654657905,0.8910729795247696,0.5431442887291241,0.8284899775005533,0.532441034318614,0.5729847512837042,0.40422772890129516,0.5849366309514865,0.5304241036433232,0.431257242134853,0.5959743850451618,0.5420687870108332,0.5757335434908155,0.5110440444578096,0.5168633579434438,0.5758304342837324,0.5804593886235252,0.622806749423924,0.0,0.3703740838096191,0.40551794244934647,0.29702395760265715,0.7836565457202935,0.4017658179630014,0.6392310570202584,0.30723470294246513,0.3304549104514465,0.3252448410985421,0.4427599417923269,0.2762397687969702,0.0,0.31484690995018383,0.13205296635893063,0.29953993158815057,0.3247911369032336,0.3285472898220912,0.06392350228589215,0.0,0.21483187796068254,0.0,0.0,0.4128397139967686,0.7137729821425106,0.602215830575543,0.0,0.35427736138564786,0.8704052460257958,0.6632233007551297,0.7256179551271414,0.5136392383397366,0.40237600966632037,0.5461519334905365,0.6600331684172728,0.7636481186085761,0.5269202918954847,0.8100008473326921,0.4059687652753499,0.565153486585873,0.4858120355292594,0.5453854012910591,0.6838781360857503,0.6293107549152248,0.7001700712003381,0.9355639337273678,0.2880468450508301,0.24546922920133102,0.3765265421092316,0.7160009148285793,0.6350726131093224,0.672978269520764,0.3296834204279016,0.30352895507980504
0.6580154882814311,0.6516416637087402,0.49597186656372794,0.0,0.09456350169686686,0.48495847787243934,0.18880941372982907,0.18827338695524254,0.3923755731921134,0.545383041047877,0.14473742569688433,0.6956896562056238,0.2547046808098148,0.0644973787067743,0.36870309084467395,0.5089274011097664,0.6734922444905678,0.6806742670156994,0.28044964174221587,0.07789751761969335,0.30009656322593237,0.29563625943835176,0.3703740838096191,0.0,0.8137824309301716,0.8280645882829272,0.4885537579533111,0.20892270898186346,0.16464067117655506,0.02329928346930147,0.33246690869563433,0.10075507180661167,0.5800476663695961,0.1917975354429937,0.0,0.13830980224107597,0.1501650281852167,0.309248388717406,0.154705955163585,0.6123505599512635,0.2996676391786545,0.0,0.0,0.0,0.3807679433322924,0.7443832457992949,0.49104259808569833,0.4540859344918708,0.3452119310948093,0.28545565225368486,0.5113385370520884,0.2791501095438418,0.13193881235522142,0.46647758788300653,0.8809899327982971,0.2567681880505921,0.5953997467897889,0.2473564083918566,0.0,0.16004612308418803,0.49449766561286973,0.7477728248728504,0.6577484852873623,0.33108353549918507,0.004864758354257263,0.23990040621723813,0.04815556383965251,0.30905633520547,0.8771406513830118,0.7740315116876838,0.8904717318614566,0.5112023960879791,0.12385728952265286,0.22453963994956175,0.022346275321966747,0.3193472967522624
0.6407025654892002,0.819789281604797,0.4644707623645323,0.022183629692160846,0.07584405676527617,0.5269184625813387,0.3429326352333635,0.15215933637353948,0.40492123805955543,0.6250766495448585,0.1844497307454572,0.6064845976576774,0.33168293152644696,0.017120991283426965,0.46366342845967556,0.625321161210991,0.7810217578134879,0.788733012077145,0.32470205318630535,0.1933602310666637,0.37729218322916375,0.478216398415624,0.40551794244934647,0.8137824309301716,0.0,0.8892628066614566,0.6288158630808927,0.1539573132708996,0.3819406448957516,0.051270467335711854,0.28822866757093846,0.26014710595752394,0.6897230623694607,0.18977476876483984,0.0,0.0,0.06101346160931213,0.29062694599221084,0.3446887010512604,0.6852448188678604,0.36066763860813356,0.016072474197963017,0.0,0.0,0.225896401897053,0.6981943257220048,0.5331176483918071,0.3644437405939763,0.16293543000706479,0.2203735638526978,0.5937207379831424,0.35443065990994205,0.16579037401073543,0.4436244295719049,0.8932288943857274,0.24373669260353412,0.5521764643354639,0.39159255604019233,0.045745703437345804,0.30345548940244393,0.6530421562956334,0.7294062295785,0.6443678647284515,0.35528005168119786,0.08812374224136665,0.33848887785515314,0.14026863543977752,0.3574279302379644,0.7066392679706853,0.923438765626226,0.9267288180104544,0.6373429300508953,0.19389635444039613,0.44608062843315077,0.03650617480833546,0.3891928352531695
0.5849417443029636,0.8183263933449874,0.5123203759726411,0.0,0.121916355888221,0.4749286298607833,0.24424914906285045,0.10581730051388286,0.4345792144648745,0.45211417516840313,0.2527752368079969,0.6807212055266956,0.3685680768720966,0.0,0.49253781552918285,0.4087664601410224,0.6640969732436433,0.7153481667436085,0.3254273596191003,0.12705736693545278,0.26023330175227444,0.40591802165798135,0.29702395760265715,0.8280645882829272,0.8892628066614566,0.0,0.5238699540316738,0.21073579935342657,0.17219168629332135,0.002457041907009438,0.16320760788598793,0.1444287941355742,0.5026608956004154,0.07832432836747177,0.0,0.03729477515688589,0.18667303673617405,0.20400793352882002,0.22156489299299803,0.5555506084814701,0.3243282296902743,0.07760008620316669,0.0,0.0,0.28431573210197914,0.5818865829635486,0.41479867681259475,0.430013731736942,0.2780328804577348,0.3620943936982414,0.4447908670171722,0.33644264083596614,0.0,0.5310977209985719,0.862814655112759,0.32282764290319466,0.5859704798759209,0.26081631062736454,0.0,0.16359027788612196,0.47552629612740227,0.6723724347328084,0.5326213853539886,0.37869298858682565,0.06853015462718486,0.12688472440568302,0.08448425078567202,0.19469500413684734,0.665339483758582,0.8269151518576686,0.9617028180179741,0.5790665136718027,0.07266878244826736,0.22011318909005656,0.005865788223417373,0.2744084401920056
0.2625433901613259,0.6904601000489643,0.7124486772971108,0.3157440025551364,0.5228382988493611,0.8428834471531836,0.5178820730901921,0.44921543519608687,0.7549131244105529,0.6092388076733594,0.5407235262700295,0.5758538505168018,0.37519557844810963,0.2017514413540085,0.7165476630425763,0.5321610183877719,0.6406080103617383,0.6127918212576119,0.6462064746638951,0.6284091486441505,0.3695265648133656,0.7120281028203508,0.7836565457202935,0.4885537579533111,0.6288158630808927,0.5238699540316738,0.0,0.3715792702313518,0.5398307817627441,0.22633498914555128,0.3272097198931119,0.1643154612987829,0.4379120837125021,0.2081979062801534,0.0,0.17394520471010935,0.12323788842590011,0.38703223010305665,0.18942523353366375,0.3307749635086233,0.0677887671117886,0.0,0.02789842535004785,0.0,0.048970456190166316,0.4588427560502678,0.6772011690830083,0.6816261144547897,0.0,0.3775426534027116,0.7371543508406375,0.574910351653895,0.3810931080579886,0.7141776483972275,0.6052111784826202,0.63152592862303,0.5774349740719459,0.5512037541301663,0.3302809897751608,0.7516731480265365,0.4643168363429498,0.6177485552498734,0.6081458926876195,0.6409913914883819,0.6429707588319515,0.44268598861469804,0.6337417226736026,0.6711134639305767,0.33809826618208233,0.5240292438223607,0.5764484789856574,0.9568926665809832,0.5442012722891191,0.6448243972525398,0.2895227721641227,0.3604552770073648
0.3058351685572438,0.29917827938171726,0.6659233641088896,0.2757358386754963,0.6772869293997344,0.39570878676270005,0.3038905877237977,0.30749215692969556,0.5758696468575559,0.425177261136963,0.4113018712730723,0.5335950975094047,0.5370032468240028,0.2929630448387247,0.5329340889639208,0.31665398375857184,0.41623555360356423,0.4317389109757249,0.5750395223189951,0.6656919987734367,0.2667353681560825,0.5646436660019029,0.4017658179630014,0.20892270898186346,0.1539573132708996,0.21073579935342657,0.3715792702313518,0.0,0.11298225361796606,0.587964039222477,0.4637402913860575,0.0,0.0,0.23887152982888352,0.0,0.6261251961597154,0.4411204339162806,0.27190206531383826,0.0,0.0,0.09759615215248867,0.0,0.0657158368623773,0.04890150634959589,0.1682407951725642,0.23427965725544986,0.1246129278594453,0.637841605833549,0.2419139789310203,0.6777175264807543,0.30495728974857744,0.4440346769536963,0.07013536395039781,0.6656733986618629,0.18884622218488212,0.6275519113457938,0.4300703854479332,0.3875532470581801,0.29977212700872474,0.4481430565994934,0.0,0.2573434418388197,0.2040542909517364,0.6492190194042704,0.586275991632095,0.2287603158151946,0.5142537451704036,0.27363027218042474,0.19280875764146,0.0,0.1835143576084819,0.3980262603673202,0.6727621554138901,0.18672206342136632,0.4131355087317167,0.3129704602284065
0.26262629033058016,0.47038052544725867,0.15275289461302574,0.38573528241352867,0.18323860119719246,0.6395478628656512,0.6922196883510818,0.49910661914843285,0.1684485295092469,0.5140565829253398,0.059434710949024847,0.23997573296213642,0.575605517797359,0.25971621754881835,0.4184404500806531,0.6584232490275612,0.5076374276527998,0.514282436873286,0.23816133666858985,0.43629734710602563,0.6000972847311027,0.4905882802544592,0.6392310570202584,0.16464067117655506,0.3819406448957516,0.17219168629332135,0.5398307817627441,0.11298225361796606,0.0,0.3202885495915382,0.30537647673788787,0.5255271579035332,0.447718861685423,0.2953679094051526,0.0,0.015120851745721508,0.0,0.05847908404463579,0.4710547608062592,0.34439457602062035,0.22426191573442877,0.0,0.31245504080911424,0.0,0.0,0.3653968426849119,0.4727828303047016,0.16757349815254757,0.0,0.0,0.6790053543146658,0.6232282215839943,0.6444371497781104,0.09717843114577679,0.2846516115664566,0.1359502623847744,0.29106818493363956,0.6891188978025563,0.38622277689276074,0.6213285361237486,0.6638426828067329,0.4173827745931621,0.49985638952222716,0.1776662276163234,0.4324453628235811,0.6847332035133973,0.46766348306111877,0.6837066341105986,0.16696281178658565,0.2546463852387506,0.2518464183677346,0.4673270278076465,0.5144935590816706,0.851331669392851,0.27368890392306583,0.4134742651670044
