0.0,0.2543058404950671,0.19810986123980576,0.06407212605865112,0.06799899685634427,0.18847463041764806,0.11458160621039722,0.03862769567059584,0.11751496214708279,0.06759777737524288,-0.004835276538602457,0.0,0.1447673700572829,0.0,0.3942684013522616,0.24487001083922724,0.1903902109632491,0.268058260088729,0.13820354779217683,0.38122193903089124,0.48490671285636594,0.44892327795772397,0.07272925683175645,0.1028819420191315,0.37197634353944437,0.28863531196991943,0.2029455510021239,0.15747009371196025,0.20791537115913403,0.18490834203839682,0.05204702810200187,0.0,0.05782822625503368,0.057861140649970715,0.0,0.1885196659483374,0.17618979573516,0.0,0.0,0.14790667375836944,0.07132859366439137,0.0,0.09901967264850572,0.0718903269840314,0.009257812651921006,0.5620165267131829,0.29012083946795797,0.15115067992992712,0.0,0.017630668626911466,0.25676087347170135,0.06832827114014128,0.031728750090414266,0.11732475671846138,0.017675360741018647,0.0011496676983778248,0.0,0.11607641472024291,0.0,0.400576203109682,0.32527545485786225,0.16663014309043958,0.3188886320671586,0.1568161491849528,0.3729702996928734,0.43564969681772436,0.39635357814885364,0.13411890704378315,0.0894969654277697,0.3253184121319964,0.3269554266854097,0.12715289927502335,0.1324077311090706,0.2963309770184376,0.20701447163647244,0.050529103827663194
0.2543058404950671,0.0,0.15676098120551749,0.024924761673074496,0.014442252474214802,0.332986511285702,0.13813202543031736,0.16729939127925553,0.10010643600104142,0.0820323643929501,0.039266666013965675,0.09386794174616372,0.2928519449864107,0.0493578239549117,0.207196520676915,0.22598631676208802,0.13823999411180576,0.2734141269587431,0.16832326246275886,0.19011201915409742,0.18005267791647284,0.3296108465998895,0.23659562620950864,0.17755732756004713,0.3804874709628325,0.5226946973676193,0.20645602134961433,0.07078213904478677,0.06947221284283409,-0.00761037666250054,0.0,0.02198527710946831,0.10512835991177091,0.0,0.0,0.10933995831983043,0.0,0.0,0.024042078690681225,0.05222293742245373,-0.0012299419132755641,0.0,0.05750891982412954,0.07238846295519144,0.08538624840814514,0.21012966068689037,0.4277429285138735,0.1864611740499053,0.0,0.0,0.24186719470688636,0.0,0.14673379281924953,0.11485271242940527,0.00611625233984183,0.08085180678498559,0.10116092447117667,0.04235275202140627,0.0,0.22760199723381386,0.02883186093764397,0.1012062407813504,0.0867545082896478,0.19105262791333957,0.25345730937201966,0.13145414060412372,0.266185817747893,0.21796176277391296,0.1387805376049605,0.15210342177110928,0.32632403934417953,0.15566852081128704,0.05035931062904504,0.059349254783130447,0.06847419936661263,0.0
0.19810986123980576,0.15676098120551749,0.0,0.0,0.315432380388061,0.38006732211492383,0.05584160148241364,0.283114264789962,0.4226540004546965,0.04443273086786147,0.34955066839596355,0.0,0.05018426792804557,0.0,0.30888296546642824,0.05968361507088453,-0.0032810245175403764,0.0,0.5214120490996822,0.21588638356922385,0.32083073577117854,0.2567377017202661,0.3784479018284756,-0.002452722031647687,-0.00421512158255717,0.10314092637623554,0.41595939816728666,0.0,0.13654665689474452,0.025809880842551598,0.0,0.08887536452640322,0.09988093901182094,0.0,0.0,0.0,0.0,0.0,0.07387167003833142,0.01312177262136359,0.0,0.0,0.0,0.0,0.0026821189774177746,0.15564888104293909,0.17569447976770103,0.5379787415087136,0.0,0.12239990948812793,0.4399652001938872,0.0843306375427919,0.32379684577261425,0.494193752153409,0.0,0.4191465374990159,0.02563513593859991,0.09935465898139921,0.0,0.21328794038429036,0.06943725299493765,0.0,0.0,0.4708282252353512,0.3073177188423343,0.22670439163521072,0.3282641244703721,0.39995135259577747,0.08872644075291712,0.0,0.07868743896360603,0.41188168623173044,0.0,0.2459372281383748,0.18514327864497687,0.02835353234513033
0.06407212605865112,0.024924761673074496,0.0,0.0,0.0,0.0,0.1964396572356541,0.0,0.0,0.0,0.0,0.0,0.10875536621730429,0.161325235577904,0.022945879887118322,0.02928335615838474,0.03128944117855235,0.13191674391565258,0.0,0.038611095125633293,0.04887715755781731,0.025148324201648763,0.0,0.0,0.07357951449029579,0.0,0.0,0.21820116658204364,0.0,0.06991726454721618,0.10485046946404779,0.0,0.0,0.0,0.0,0.2593856925821926,0.19194503253820186,0.0,0.0,0.0,0.0,0.05226521253752024,0.19241665375217404,0.10752656246827852,0.0,0.13590737804449088,0.026927327434225882,0.0,0.3896430914294628,0.08418384775617506,0.0,0.05767832216716004,0.0,0.0,0.0,0.0,0.0,0.0,0.05214679507505588,0.12431666229400654,0.0,0.1263452299175491,0.18150946215598385,0.0,-0.0011944320863425378,0.10190689047460284,0.0,0.0,0.0,0.1638753245070759,0.006278240336164444,0.0,0.06096806423838606,0.0,0.0,0.0
0.06799899685634427,0.014442252474214802,0.315432380388061,0.0,0.0,0.2765593498400627,0.27262337965474825,0.07287103612729375,0.5232919523094649,0.31743284912966374,0.429447548768627,0.15859086567712058,0.14291682882733517,0.03669484112639145,0.20633262315456352,0.09239841670072971,0.22097473676661586,0.0,0.2715025482904786,0.18453518249301917,0.116087527498778,0.13021746848190954,0.01919035005528235,0.02319700321388584,0.12706735586354442,0.17846922775818166,0.34224596742233415,0.09172575441053345,0.38526937613399875,0.12338901701328021,0.07413519197449181,0.21414451712229135,0.2363407630603783,-0.002473144610738438,0.0,0.0,0.0,0.04931710372731968,0.21555363501383923,0.16547586929157335,0.03938791547458152,0.053466108395694385,0.04636646937467423,0.16670809541295079,0.08566594958098403,0.0,0.11137279410577261,0.4068988771676717,0.0,0.2960612803598062,0.1652453040426618,0.36869094340309727,0.04119328338485673,0.46769933822706594,0.24877296029114643,0.5012140303315538,0.20720715393319866,0.26113982391546225,0.11501937336985459,0.11007885176336815,0.15013025895917023,0.02464696198989638,0.05984377002802169,0.15947286641202552,0.15796406170629587,0.05491359723341028,0.22282717781150788,0.0468287200427482,0.07813295155441577,0.09110330566727949,0.20791237855146674,0.30702752766398317,0.0968129432669973,0.2643410080097851,0.12100331319874885,0.24777909917786015
0.18847463041764806,0.332986511285702,0.38006732211492383,0.0,0.2765593498400627,0.0,0.17197479355414216,0.4011320040485884,0.3971989597259091,0.211163765274242,0.23164859167170707,0.24189235909569087,0.32687162365744526,0.0,0.2135160040627472,0.13622702138839796,0.1605409974005659,0.1402761164009994,0.35874743975376067,0.233709743961923,0.24276462830335668,0.2324884820116755,0.4484274256390297,0.2652858911311038,0.2128405945614481,0.35918092715371164,0.4120144232361855,0.05593406013069856,0.2795092412781626,0.12339309243424039,0.0,0.2193269474193261,0.27873380848879137,-0.009815973847382007,0.0,0.0,0.002355784931543127,0.1058628418410776,0.21929257837443114,0.2126774035508996,0.07660221255026418,0.0,0.024010335328987446,0.1293559664474751,0.10834523186535318,0.10911424409252148,0.22887335169548606,0.42903391101267935,0.0,0.09686990797180563,0.48358907200544937,0.1192260590476078,0.3025701685737742,0.3757630708228224,0.11584690463141072,0.32229961655926814,0.28684514089509316,0.23797609761861452,0.015773331221245974,0.1188196110222901,0.14856755823207596,0.014165489979858515,0.006236909184302399,0.36158394488044737,0.27794328383125044,0.10403704216799077,0.305433876890628,0.39706353161849295,0.29458669744561056,0.01143881079980847,0.2309508613513379,0.2995074212991666,0.0911520650024382,0.20300573897741678,0.22617840651870458,0.1409953978575141
0.11458160621039722,0.13813202543031736,0.05584160148241364,0.1964396572356541,0.27262337965474825,0.17197479355414216,0.0,0.0,0.2267768836473106,0.25830636884275077,0.06732122567604376,0.10434119445776574,0.30861543931928787,0.13740556308307852,0.0633700285381991,0.298885234804789,0.2676939051798926,0.28445062155939044,0.0232353869961494,0.20959881593703117,0.13201314286471988,0.18957178081850581,0.0,0.04027381469043347,0.3194651776508445,0.1324738535284081,0.26618774794685396,0.21330412579316768,0.3241598338436609,0.22147361949563238,0.1995118486567098,-0.0021853491566532347,0.0820975174558722,0.08448354350559852,0.0,0.08654798093065201,0.07475121972024219,0.0,0.027087640956354013,0.09145690658468142,0.0742241560099736,0.0781494474377612,0.24986098482699629,0.2675660737491381,0.028842914278892122,0.15295484247549707,0.21871759235199845,0.07505482462784274,0.042558294737466536,0.12121053099470104,0.07819472402478574,0.3600960568844421,0.0,0.18110981893149228,0.27310857405005196,0.06486406974017807,0.10504060356738029,0.1665828212890627,0.15813673172413645,0.11851534390395609,0.23016300772309625,0.19251484534572116,0.2937747094116362,0.0,0.13506048135869803,0.11941339483035643,0.13685078014184918,0.0,0.07634509030230537,0.2899322402742434,0.1558415706066975,0.20650297956478586,0.18586626050810368,0.20106226747076478,0.03664251187671165,0.16564704281410275
0.03862769567059584,0.16729939127925553,0.283114264789962,0.0,0.07287103612729375,0.4011320040485884,0.0,0.0,0.15451430492913276,0.0,0.1786868951734991,0.16816159934076805,0.07699542374239038,0.04836225853967124,0.07738476698666576,0.0,0.0,0.0,0.2706420442797225,0.0,0.15905382583944977,0.0,0.5712721593146777,0.18996598699344466,0.0,0.18339402942007504,0.1355523707493527,0.0,0.0,0.0,0.0,0.10688259521093581,0.13926775003650851,0.0,0.0,0.03749613836613701,0.0,0.09209359737797984,0.09191666402016554,0.07823387314666137,0.0,0.0,0.02444464687952157,0.0,0.04664507929781531,0.0,0.060933659169419195,0.27545405422334035,0.0,0.07515476621024864,0.36752391845180127,0.0,0.516039318100392,0.2511549839681295,0.0,0.23694620029583952,0.2106695352122636,0.09334958399633951,-0.002234812171184031,0.0,0.0,0.0,0.0,0.27121481046365004,0.08090077731418671,0.0683145818261596,0.08826409422903879,0.42986853226469696,0.21865430640576444,0.0,0.053844736754509265,0.13518360943332186,0.0,0.0,0.09175050120253596,0.0
0.11751496214708279,0.10010643600104142,0.4226540004546965,0.0,0.5232919523094649,0.3971989597259091,0.2267768836473106,0.15451430492913276,0.0,0.25908182651556444,0.4347724173624949,0.16382540992811556,0.22429340299728578,0.032726317623913294,0.22671134004177645,0.03897920635382892,0.18131285532554758,0.022135520810614415,0.34127902593012976,0.24095543162180272,0.14709128802542557,0.194594316520548,0.15430325924031435,0.08209670020269826,0.15566512632107518,0.23416829721690754,0.39093939815448286,0.0976650388166193,0.3566103615838027,0.17110545518751974,0.02887123446935709,0.17995164835863625,0.2536816478341579,0.0,0.0,0.0,0.0,0.07568772528774069,0.17986698302834336,0.19512229476882004,0.0,0.024828931958545304,0.023002394521146823,0.089587512536518,0.10481679281732922,0.032568372241183696,0.13149510891161661,0.4653137565892417,0.0,0.22750614014271306,0.2304955299781566,0.23865329851759506,0.1151286535672754,0.5674882736334157,0.1637325216693805,0.4987983135651872,0.19381102348377752,0.20156983858170285,0.04619175836152112,0.14487317003333564,0.11538608232605951,0.0,0.0,0.2306860516919763,0.20520872835271295,0.09308049305743989,0.23701341525923392,0.1620740966114437,0.09723380528343085,0.058067668579369305,0.20634687075020405,0.3271698428346849,0.058189526201965096,0.19850496075875007,0.16686677292408725,0.18358126972394195
0.06759777737524288,0.0820323643929501,0.04443273086786147,0.0,0.31743284912966374,0.211163765274242,0.25830636884275077,0.0,0.25908182651556444,0.0,0.2037077931371289,0.512105532189177,0.42935893523031055,0.1541105431226447,0.010180663440456697,0.2661570264619701,0.5445862810259714,0.3047935928979315,0.14777346086655296,0.1287801259467642,0.0,0.1396748765524904,0.0,0.3336190338248861,0.3716033473598477,0.33580037465825957,0.08060795602937967,0.3500883458068409,0.3584076004923312,0.27515760936185846,0.3814449410255758,0.28576301395651793,0.376288586346427,0.283595414648174,0.13794554429759262,0.0,0.10727945777939235,0.24361104697147595,0.30531528366441385,0.4180389810989187,0.29415815423136554,0.1417212612439718,0.11684198905374785,0.3695724712456771,0.2804086857080697,0.0,0.0843560313760319,0.2199821430464627,0.0,0.32100558679846614,0.04597709375069927,0.44231930569329847,0.0,0.2686644737826198,0.5947335427585408,0.30102959989697375,0.4862625012804463,0.5076294041442434,0.30079021708602693,0.0,0.2650287967829285,0.46895797184946514,0.27607081056796995,0.031124551586654635,0.10077116000746011,0.0,0.19474481078384306,0.0,0.2129022296971978,0.25839873962389104,0.28770433523631816,0.0642672339971296,0.3858992348236121,0.14802224099702316,0.22977086860314974,0.4752558033825824
-0.004835276538602457,0.039266666013965675,0.34955066839596355,0.0,0.429447548768627,0.23164859167170707,0.06732122567604376,0.1786868951734991,0.4347724173624949,0.2037077931371289,0.0,0.12052016123364241,0.12874827320393828,0.03248061648022166,0.1991581250126023,0.0,0.1317978234054124,0.0,0.4281576662520286,0.038346614009257554,0.09859978746384414,0.06744989258168284,0.12091205311737081,0.0837951356733763,-0.00764840873382439,0.13378437648631578,0.2714406255401183,0.15458065819769698,0.1996446411726151,0.11888448887680754,0.06471316402313812,0.07586622982355175,0.14071756132217872,0.0,0.0,0.0,0.0,0.015286116146094384,0.13648698092126557,0.07763740875166499,0.0,0.0,0.02220020007137078,0.04865382949577275,0.03890504485741012,0.0,0.07255411271050814,0.39211563881560363,0.0,0.18421139104020126,0.184398325748459,0.2299328518352238,0.17667294940749867,0.43609617483623025,0.11827649101150192,0.5305642332293519,0.13033667601846563,0.20741933745413915,0.04067429461725059,0.1165408606354658,0.02513869532015179,0.021439362505766703,0.0,0.25155391332358695,0.096705172914567,0.06772095243354753,0.13558288261116413,0.13889944801127935,0.0023254604963019654,0.0,0.11292035256886421,0.28366190208163666,0.1901749740462129,0.1632991810114796,0.22433023046888145,0.18286460177223632
0.0,0.09386794174616372,0.0,0.0,0.15859086567712058,0.24189235909569087,0.10434119445776574,0.16816159934076805,0.16382540992811556,0.512105532189177,0.12052016123364241,0.0,0.4260670415626205,0.18920812783693833,0.0,0.019341080904449533,0.3844356350074379,0.15230443214042208,0.07854049939076878,0.01831844326452817,0.0,0.0,0.027945170340858104,0.48836555014751576,0.162017572973471,0.30624884406035674,0.0,0.2767634288003519,0.1317429298347205,0.14836834366703547,0.2538996480936897,0.25561428553802246,0.3790338119109108,0.2361249583383158,0.12308575660361808,0.0,0.11693590590794888,0.38075392876099323,0.3085886552634075,0.418976044367432,0.3319723683521476,0.1005365589756127,0.15541638558351809,0.38218746483421995,0.3444182443369176,0.0,0.0,0.13955053647537424,0.0,0.1536846647729413,0.020299376934837257,0.23503417081645012,0.0,0.15091704205320275,0.46561024291370157,0.18657218724365862,0.6170323034785702,0.4381588902223136,0.25435188674748427,0.0,0.06440513879423804,0.370449694441633,0.06819496120487237,0.02153001380739829,0.01790460473020004,0.0,0.08135593367837791,0.0,0.3864987761701549,0.032834272434427846,0.20929639810252063,0.0,0.33922778093102,0.0,0.18929755346821142,0.3305372572861716
0.1447673700572829,0.2928519449864107,0.05018426792804557,0.10875536621730429,0.14291682882733517,0.32687162365744526,0.30861543931928787,0.07699542374239038,0.22429340299728578,0.42935893523031055,0.12874827320393828,0.4260670415626205,0.0,0.20238052496497325,0.07209920149281986,0.25110149141390736,0.4666810430423976,0.40710675307664185,0.13326877549546717,0.24033286352097533,0.07255316411574772,0.2372943989227726,0.04085616956971918,0.3515033751096237,0.3782150236742782,0.3687712697597248,0.061847747573376646,0.4822212061738295,0.23411509293433344,0.3021401481051218,0.3139507903424567,0.04443132137028325,0.19637309319852292,0.1708297068042733,0.04381119458485855,0.09826432825851907,0.21021538381385416,0.10720981097087448,0.0825846439555596,0.23803358427624577,0.18537221168232457,0.013512190303343562,0.2236463343431663,0.35849292943998406,0.13597035011136205,0.09964051976616134,0.12290445629421733,0.12979979686500756,0.0,0.13424382071367838,0.10008483612368334,0.22589929700268221,0.0,0.17983759857139014,0.3796901296802795,0.1243871359447209,0.3588945741160078,0.3914013559162999,0.1780136222104458,0.07529705613304452,0.2050366893809702,0.46966194473546785,0.264187188693034,0.08763275065562319,0.1806156431988318,0.050719163365896075,0.1647427717301618,0.002662173328258409,0.21620251040875604,0.20165572893625344,0.23324655109343928,0.0,0.4077395781270863,0.03644813494220748,0.23725947041132595,0.2451604781380173
0.0,0.0493578239549117,0.0,0.161325235577904,0.03669484112639145,0.0,0.13740556308307852,0.04836225853967124,0.032726317623913294,0.1541105431226447,0.03248061648022166,0.18920812783693833,0.20238052496497325,0.0,0.0,0.0,0.09105433930837359,0.01953783849602393,0.0,0.0,0.0,0.0,0.0,0.09907493589750879,0.09672953545263811,0.13330482624337428,0.0,0.1887015351414659,0.07459442029732544,0.12350338815252476,0.1804345226573935,0.0,0.0,0.11753461823976778,0.15733080266390648,0.24481677655848294,0.08640192518474019,0.14209500531892746,0.0,0.060310216365826605,0.0829410348015493,0.23170825694015415,0.3143690356978846,0.2012704351978119,0.019853053657153317,0.0,0.04944537081926097,0.0,0.1989187272658081,0.17719474900749432,0.0,0.10642217896634021,0.0,0.010090521119941685,0.11222496572190584,0.0,0.169258181406256,0.08634431080514318,0.38580398764467594,0.019959318403589534,0.0,0.11581541840817913,0.03055554839227356,0.0,0.0,0.0,0.0,0.0,0.0,0.07322079534150465,0.09107761308311897,0.0,0.13289888570970354,0.0,0.0,0.054830648237628246
0.3942684013522616,0.207196520676915,0.30888296546642824,0.022945879887118322,0.20633262315456352,0.2135160040627472,0.0633700285381991,0.07738476698666576,0.22671134004177645,0.010180663440456697,0.1991581250126023,0.0,0.07209920149281986,0.0,0.0,0.14370209140716977,0.1250218587947643,0.10691274864193177,0.2548002214901033,0.42750175873381024,0.5003199409709423,0.4512068209709042,0.12666737133863706,0.0,0.18589223479090383,0.21757912087589945,0.3499076985808757,0.16212490296824023,0.28075808963800236,0.07840077278929278,0.016935311937898937,0.0,0.0,0.0,0.0,0.161028440407739,0.06422234211459706,0.0,0.0,0.0,0.0,0.0,0.08095374512069513,0.0,0.0,0.3911650500107133,0.26439219006891906,0.2691412913412678,0.0,0.046794527873009716,0.2654753328000308,0.0749556319993838,0.13222398988032685,0.258027264939555,0.0,0.21182534801634356,0.0,0.0875808477362079,0.0,0.6076437621288114,0.2445780321772091,0.00549150555172201,0.23857220093212056,0.23601548177911097,0.4764844286987069,0.4707987797660113,0.4619933511470426,0.20241747526290355,0.0,0.1889329040246593,0.24280269413656944,0.26537040874356616,0.11360938667842681,0.37242298155491826,0.17213193219816095,0.062331148947623455
0.24487001083922724,0.22598631676208802,0.05968361507088453,0.02928335615838474,0.09239841670072971,0.13622702138839796,0.298885234804789,0.0,0.03897920635382892,0.2661570264619701,0.0,0.019341080904449533,0.25110149141390736,0.0,0.14370209140716977,0.0,0.3520784004625258,0.5567925467297615,0.12389864895166042,0.2835828850119299,0.17538700506780677,0.38555397094674465,0.0,0.14386391197741435,0.45597945964225595,0.19662695755068657,0.2017790527156525,0.21436134318242803,0.32615213052274883,0.2774617137023493,0.27989444591982554,0.12330329730520764,0.1935507611302909,0.22166018475557236,0.005610875364871103,0.0,0.052583444782385004,0.0,0.14021150682475172,0.19411838319105987,0.18188549625701833,0.0,0.027267545183832655,0.18652897601473015,0.10934161221716354,0.24560661678314286,0.2240005480412786,0.10492518310686114,0.0,0.028454252794287302,0.10476210664414269,0.20690306591245278,0.0,0.046822177624457624,0.24243225239041113,0.011370595245460052,0.027656815572231003,0.19753076099502032,-0.0029665343947084814,0.14611472212288287,0.479806972073734,0.31244816753190735,0.4992067032065656,0.17176408775112303,0.2793706214372125,0.13579491362340607,0.32743771914026315,0.0,0.11453449928250954,0.3653289406992309,0.20756735589317343,0.15780937638752796,0.2630346426593236,0.3200000146815132,0.2774936015636795,0.3035578037383389
0.1903902109632491,0.13823999411180576,-0.0032810245175403764,0.03128944117855235,0.22097473676661586,0.1605409974005659,0.2676939051798926,0.0,0.18131285532554758,0.5445862810259714,0.1317978234054124,0.3844356350074379,0.4666810430423976,0.09105433930837359,0.1250218587947643,0.3520784004625258,0.0,0.4638321378342555,0.08659180979721759,0.25948341111059103,0.0958945037312192,0.26254711013356286,0.0,0.340030843483482,0.41571318462398404,0.2861598824133565,0.03939746730162344,0.42355567489712426,0.30971162225843313,0.27500948669789815,0.42886097012138835,0.17051304255952138,0.2733075115020498,0.2725268380686873,0.10210482757033448,0.0,0.21072792782123392,0.16784556055187022,0.22678251824593423,0.29711337652599745,0.29674237870574505,0.03674888335034223,0.130345421191517,0.3140590205719774,0.26060400959191404,0.10490666260570801,0.030282609709894083,0.1299350771579709,0.0,0.18946603266320997,0.004081037231530136,0.3195192913089471,0.0,0.16969002171741077,0.45436922376763905,0.16774513338137578,0.33056017637018226,0.4860890362144362,0.14840682445181086,0.11605737467661915,0.35505276721724716,0.5297080471764501,0.4051301223872567,0.05991983450516427,0.2097768138226665,0.07570715859972751,0.24327717130057813,0.0,0.19354386282588654,0.265730798522122,0.21981282372990932,0.0,0.44333798203010505,0.1637912280934002,0.30129890669845744,0.4408196871328234
0.268058260088729,0.2734141269587431,0.0,0.13191674391565258,0.0,0.1402761164009994,0.28445062155939044,0.0,0.022135520810614415,0.3047935928979315,0.0,0.15230443214042208,0.40710675307664185,0.01953783849602393,0.10691274864193177,0.5567925467297615,0.4638321378342555,0.0,0.01984338225170133,0.2964162433357829,0.14404570377544956,0.3539517689835202,0.0,0.2424901964603888,0.49936754678390477,0.2907180196782421,0.07011906108739684,0.33778037123265714,0.2371257307358525,0.3129090315886519,0.3080578685913564,-0.004086672423896613,0.11962457144849278,0.2053863400665409,0.048582820170102015,0.08816224122358973,0.19813550635630123,0.005755469036229522,0.02627003509328979,0.18948636014841694,0.16689322022679973,0.01701491303474058,0.08183323135224967,0.2218241877970132,0.0872810587380555,0.24611548771677266,0.17967432967762256,0.023260316149065666,0.017289210688811472,0.02336647512123126,0.04591398257173288,0.1400376729702942,0.0,0.007381677565441385,0.24457729625105568,0.0,0.11020039090183213,0.21290079159496825,0.022583516092819254,0.14020505283722626,0.4015369968503153,0.41392304952235587,0.4997839166729356,0.0561126878631936,0.2323235756280936,0.12453032007836028,0.24752972668615916,0.0,0.13516753621558567,0.35566905266823273,0.20379107605017946,-0.015331389386704811,0.30104418120428494,0.14471270809699854,0.26868739605057823,0.20432890446417717
0.13820354779217683,0.16832326246275886,0.5214120490996822,0.0,0.2715025482904786,0.35874743975376067,0.0232353869961494,0.2706420442797225,0.34127902593012976,0.14777346086655296,0.4281576662520286,0.07854049939076878,0.13326877549546717,0.0,0.2548002214901033,0.12389864895166042,0.08659180979721759,0.01984338225170133,0.0,0.1622354013637494,0.23161305571907811,0.2580699761106917,0.307997905555447,0.15634856557843435,-0.004023438709685645,0.11736269039772235,0.381293450817377,0.10565190803149165,0.17281965370577257,0.12405377311687264,-0.009850048608319945,0.1254296026247927,0.1879117448480517,0.0,0.0,0.0,0.0,0.0,0.15098162853532213,0.10880835451936341,0.0,0.0,0.0,0.0,0.09744964272693465,0.07736431169764897,0.16923174201446767,0.51493484663783,0.0,0.08560536272087578,0.38782393539994975,0.13056900505878505,0.33169262987951403,0.40306619150625966,0.08249643272995837,0.41454102780927077,0.12235000304849673,0.19913212390943205,0.0,0.15828950205112913,0.12534289399689608,0.02006400602829849,0.0,0.5998689481708966,0.30236573574838077,0.1643165319051544,0.3280637613692837,0.38561187564150756,0.18087742432677567,0.0,0.08924221346727747,0.41016888630622006,0.15737210869806226,0.27052344091479025,0.3410230467396762,0.19510530506229398
0.38122193903089124,0.19011201915409742,0.21588638356922385,0.038611095125633293,0.18453518249301917,0.233709743961923,0.20959881593703117,0.0,0.24095543162180272,0.1287801259467642,0.038346614009257554,0.01831844326452817,0.24033286352097533,0.0,0.42750175873381024,0.2835828850119299,0.25948341111059103,0.2964162433357829,0.1622354013637494,0.0,0.37681669898534426,0.559387534166373,0.01910998164259911,0.03535116064773009,0.35078555392076527,0.18216924725141417,0.33005815619212037,0.2934474969126097,0.398177988245715,0.2749405288515332,0.17509501723714638,0.0,0.0146007767456845,-0.0003515045209868638,0.0,0.17080476291938243,0.1565440248818776,0.005067458458156638,0.0,0.09462884415737212,0.02372797399381125,0.0,0.13299988324368175,0.11604582303668658,0.0,0.4137196393644609,0.24339403834540255,0.2059471066926486,0.0,0.016219548187978893,0.17802944317525402,0.12087647963121835,-0.0014144959566789793,0.1735332708106393,0.09774238662442179,0.07903061140585708,0.0,0.14853571109470995,0.0,0.44887060561253206,0.3472304109562454,0.18791349150364317,0.34623857444479256,0.16612449570092305,0.5334831133213522,0.4101569545265024,0.4803251820457505,0.13563988840122693,0.05142847773909184,0.30104054993247736,0.26141228893068547,0.17802480510110608,0.19645069336125714,0.343185078667208,0.21947947836584944,0.16465466535987727
0.48490671285636594,0.18005267791647284,0.32083073577117854,0.04887715755781731,0.116087527498778,0.24276462830335668,0.13201314286471988,0.15905382583944977,0.14709128802542557,0.0,0.09859978746384414,0.0,0.07255316411574772,0.0,0.5003199409709423,0.17538700506780677,0.0958945037312192,0.14404570377544956,0.23161305571907811,0.37681669898534426,0.0,0.4060790000111372,0.2735458541441261,0.0005421889047703505,0.19889240635197494,0.13913325184710215,0.32247724339692246,0.1171933230616436,0.1837626698052047,0.09681805505278204,0.0,0.0,0.0,0.0,0.0,0.21076527166873765,0.06902750146336212,0.0,0.0,0.0,0.0,0.0,0.1109842567637951,0.0,0.0,0.4945081803777996,0.28833992405491815,0.2543059417929298,0.0,0.0,0.3657876642631782,0.05571493230226284,0.25625476741309083,0.20187539629133414,0.0,0.11409607927616593,0.0,0.11231262181776074,0.0,0.5072359504323831,0.29767223857163794,0.003986252648690305,0.23674118722345774,0.2767672006726297,0.41601617485544606,0.5979186956242168,0.4239322003335096,0.3400578277656252,0.049157646422091146,0.21111034512726073,0.21157098259482518,0.2577685508551593,0.13225689703638552,0.3806551744182078,0.20687960030430153,0.04678749169423855
0.44892327795772397,0.3296108465998895,0.2567377017202661,0.025148324201648763,0.13021746848190954,0.2324884820116755,0.18957178081850581,0.0,0.194594316520548,0.1396748765524904,0.06744989258168284,0.0,0.2372943989227726,0.0,0.4512068209709042,0.38555397094674465,0.26254711013356286,0.3539517689835202,0.2580699761106917,0.559387534166373,0.4060790000111372,0.0,0.06260750876511828,0.0651864233730055,0.4002470704394637,0.26418909441920785,0.34257075545486393,0.2893747342379215,0.3458845235616047,0.22710321380882328,0.17925662114057886,0.0015919414174326426,0.05998016861615514,0.02521176919544739,0.0,0.17335398053325754,0.06679880198685852,0.0,0.020980374514057522,0.11781550936206496,0.03929138037535051,0.0,0.09076940939318631,0.07615719666643915,0.02142278813670735,0.45099315659833666,0.3325075158204803,0.2462229543364353,0.0,0.0,0.2399727983128865,0.11595736350822267,0.06486729873872037,0.17851471871243973,0.05640101974772582,0.1011882921215914,0.0,0.15232645408667758,0.0,0.47799873724382413,0.35046720645857055,0.19937441809615639,0.37967783831599966,0.2784234099518871,0.5499901501032358,0.4108770680447853,0.5577588058879692,0.1805200936039367,0.05168892422755087,0.32227621634528036,0.29363378248101557,0.24632528454434918,0.25242774332282747,0.38455173596641384,0.2620491363698488,0.17472841802039243
0.07272925683175645,0.23659562620950864,0.3784479018284756,0.0,0.01919035005528235,0.4484274256390297,0.0,0.5712721593146777,0.15430325924031435,0.0,0.12091205311737081,0.027945170340858104,0.04085616956971918,0.0,0.12666737133863706,0.0,0.0,0.0,0.307997905555447,0.01910998164259911,0.2735458541441261,0.06260750876511828,0.0,0.11504212302773277,0.0,0.12156598822316664,0.2669835283954539,0.0,0.0,0.0,0.0,0.024245203456555633,0.05579986241335034,0.0,0.0,0.05854171299277145,0.0,0.0,0.008726778111919105,0.0,0.0,0.0,-0.003614336477467766,0.0,-0.00040039709408943116,0.08354516893939151,0.14594962082022392,0.34082905734360597,0.0,0.0,0.4461028713845945,0.0,0.5514900048802304,0.22765850648686867,0.0,0.21777817127851348,0.08482566860155853,0.0,0.0,0.09283941212364703,0.0,0.0,0.0,0.33966910508052234,0.13994303644696987,0.1747900229133305,0.13186800794322576,0.5820838881080747,0.22455127728184762,0.0,0.029375513020202717,0.21940107451872617,0.0,-0.0022584276478450306,0.06600477764241056,0.0
0.1028819420191315,0.17755732756004713,-0.002452722031647687,0.0,0.02319700321388584,0.2652858911311038,0.04027381469043347,0.18996598699344466,0.08209670020269826,0.3336190338248861,0.0837951356733763,0.48836555014751576,0.3515033751096237,0.09907493589750879,0.0,0.14386391197741435,0.340030843483482,0.2424901964603888,0.15634856557843435,0.03535116064773009,0.0005421889047703505,0.0651864233730055,0.11504212302773277,0.0,0.18772081235680094,0.2975498621967762,0.0,0.20066174570266349,0.021397927072812982,0.12443895451436351,0.24687920866198157,0.2454725930475579,0.3923561593746195,0.2818268686702469,0.0727746761543635,0.0,0.1129276711638769,0.339912910288605,0.29803223771326337,0.3784539788531558,0.37498188501889423,0.0,0.11218239457929934,0.2651381109778948,0.42412334130189183,0.013959887598964956,0.057306641859653604,0.14395755437054178,0.0,0.0,0.12288546267335215,0.07125174855205889,0.11830777646778512,0.05159302356258718,0.29222985427986514,0.08687940678460186,0.4701624399484452,0.3758605515248347,0.07307195526206411,0.0,0.15871052131925195,0.3464057838074958,0.12287017590038694,0.18092350782661687,0.07439090965052902,0.0,0.12369391517993383,0.11350238690735973,0.5353168304105796,0.015536457516510078,0.2123102233014018,0.0,0.34007665220630406,0.0,0.3372823556566129,0.3247771965443086
0.37197634353944437,0.3804874709628325,-0.00421512158255717,0.07357951449029579,0.12706735586354442,0.2128405945614481,0.3194651776508445,0.0,0.15566512632107518,0.3716033473598477,-0.00764840873382439,0.162017572973471,0.3782150236742782,0.09672953545263811,0.18589223479090383,0.45597945964225595,0.41571318462398404,0.49936754678390477,-0.004023438709685645,0.35078555392076527,0.19889240635197494,0.4002470704394637,0.0,0.18772081235680094,0.0,0.42798890480023943,0.17326214635661297,0.2788683241843676,0.40091451595015426,0.28073308228337135,0.26325507804444137,0.06287969452500597,0.18948654186469097,0.18420929190531282,0.07966314056788336,0.029013454688394454,0.12487706154552002,0.06908964480959846,0.07783502416973141,0.27705594611955436,0.17998343627651497,0.1023151144568899,0.10129284858278438,0.26295975989066916,0.10682286519397129,0.3321827777161622,0.35225626782673675,0.11099641961342996,0.0,0.10685022097090241,0.08925310062515535,0.21958723720204068,0.0,0.11556441788496759,0.31708513925111664,0.06929961816722763,0.1491946910008735,0.2295045909443214,0.11590114831394119,0.23137534382290212,0.4008842390394272,0.3881539217659612,0.44901327354180737,-0.011036842773647,0.26538022260854494,0.19067278631620443,0.34176915320732754,0.0,0.1332117221356506,0.5147031611939276,0.42141555417934,0.07364760979078085,0.26162670999738113,0.24797017804287586,0.17485283380267977,0.23223252379795975
0.28863531196991943,0.5226946973676193,0.10314092637623554,0.0,0.17846922775818166,0.35918092715371164,0.1324738535284081,0.18339402942007504,0.23416829721690754,0.33580037465825957,0.13378437648631578,0.30624884406035674,0.3687712697597248,0.13330482624337428,0.21757912087589945,0.19662695755068657,0.2861598824133565,0.2907180196782421,0.11736269039772235,0.18216924725141417,0.13913325184710215,0.26418909441920785,0.12156598822316664,0.2975498621967762,0.42798890480023943,0.0,0.12731875765942385,0.14342865533160126,0.19959574530969737,0.06888483637322666,0.06181545723395674,0.15335453780506667,0.287950628614168,0.06773952280545352,0.0044358144212472165,0.0,0.05225997572764959,0.07902253694529852,0.16890063573926925,0.2664199726234648,0.11960348697341906,0.0,0.03452589409662921,0.21268812816742763,0.16751788468552548,0.14822953717748863,0.3397762030970834,0.2494697302682001,0.0,0.11823493066652876,0.21147496314178632,0.13489921633593505,0.040896098571519844,0.2148980520240186,0.19669718696943053,0.21922141739547185,0.32586251751619083,0.23002058218915117,0.03272313856953145,0.18358438861170762,0.13312552386569226,0.21615555359590707,0.14823577319977863,0.08964374634176188,0.20875278727726612,0.07919732906636599,0.2750105402748784,0.09582614769890277,0.23705916905985433,0.22041219788904115,0.5005882158637677,0.10612106150456109,0.14814598812712101,0.08874310906731533,0.12663684203139325,0.1420385205710735
0.2029455510021239,0.20645602134961433,0.41595939816728666,0.0,0.34224596742233415,0.4120144232361855,0.26618774794685396,0.1355523707493527,0.39093939815448286,0.08060795602937967,0.2714406255401183,0.0,0.061847747573376646,0.0,0.3499076985808757,0.2017790527156525,0.03939746730162344,0.07011906108739684,0.381293450817377,0.33005815619212037,0.32247724339692246,0.34257075545486393,0.2669835283954539,0.0,0.17326214635661297,0.12731875765942385,0.0,0.02364999068207538,0.4059800418655026,0.11250788888423642,0.0,0.09474087116457126,0.06761060405714717,0.0,0.0,0.019128162286005883,0.0,0.0,0.08087131811880918,0.04250125197639006,0.0,0.0,0.08765005854452687,0.0011604533543753096,0.0,0.19864463426668152,0.3374118945589468,0.403944831533614,0.0,0.10190527267148376,0.3931482084271236,0.20100790153384837,0.2022211641108069,0.3683777119501324,0.05634767370144899,0.3328489507269279,0.0,0.04156090804569894,-0.0028531279598144185,0.2995564717252775,0.18732606025780796,0.0,0.11684077067593575,0.34018953897831444,0.3391158033852694,0.23847547355716928,0.3775950473152735,0.3446891095936659,0.031230199196239615,0.13915996735335104,0.16738408013637013,0.581549370989679,0.028772952117124426,0.3744205252018693,0.12468367085916492,0.11874946225121598
0.15747009371196025,0.07078213904478677,0.0,0.21820116658204364,0.09172575441053345,0.05593406013069856,0.21330412579316768,0.0,0.0976650388166193,0.3500883458068409,0.15458065819769698,0.2767634288003519,0.4822212061738295,0.1887015351414659,0.16212490296824023,0.21436134318242803,0.42355567489712426,0.33778037123265714,0.10565190803149165,0.2934474969126097,0.1171933230616436,0.2893747342379215,0.0,0.20066174570266349,0.2788683241843676,0.14342865533160126,0.02364999068207538,0.0,0.2555633821329953,0.477269336867793,0.48940943269570303,0.0,0.016306891032742906,0.18688871724841255,0.07972898711462341,0.2121216661852573,0.2909893097272171,0.02801300743059567,0.0,0.1674154667036814,0.18945153958496647,0.09678004647780089,0.2692739087837772,0.2996034840168793,0.017814901548364414,0.17508738041180785,0.08011062438794864,0.015072608997506676,0.10395460752650218,0.15921722942508862,-0.011903722214161814,0.26264373829857257,0.0,0.09069790273343999,0.3267753739461034,0.04700486470344058,0.18076877981454198,0.34855815797011147,0.2341460460718628,0.1843298489381863,0.2817871683343634,0.49464079796710175,0.37597206110656595,0.0189770945884183,0.2194670452107977,0.1647828720941794,0.20892720174671706,0.0,0.02962064327339128,0.26678353302739766,0.17978375744725436,0.0,0.5433216661143575,0.12349848897568595,0.3093034348376505,0.3131391383549225
0.20791537115913403,0.06947221284283409,0.13654665689474452,0.0,0.38526937613399875,0.2795092412781626,0.3241598338436609,0.0,0.3566103615838027,0.3584076004923312,0.1996446411726151,0.1317429298347205,0.23411509293433344,0.07459442029732544,0.28075808963800236,0.32615213052274883,0.30971162225843313,0.2371257307358525,0.17281965370577257,0.398177988245715,0.1837626698052047,0.3458845235616047,0.0,0.021397927072812982,0.40091451595015426,0.19959574530969737,0.4059800418655026,0.2555633821329953,0.0,0.36574823564487463,0.27738269736681986,0.16393489956778506,0.20283278604564906,0.1592305133711832,0.07017834050956767,0.0,0.005135099658182017,0.0871458440259748,0.1890007612615705,0.23677166115078277,0.147639939603817,0.1438641789533147,0.06509280987453028,0.21179665355390762,0.04344771004400625,0.20223629275850447,0.2392323095808612,0.2453051525783318,0.0,0.15557135839423478,0.142839964141128,0.3809645819984309,0.0,0.2834218803512038,0.34666183127177486,0.2821060553987784,0.15207598400828742,0.24975815501235243,0.19009305950617944,0.22626403018825572,0.41227055376301247,0.21637603161491245,0.36388230173810354,0.09651623576521803,0.28393963835896485,0.1630937881764515,0.3743650732001437,0.016507563714056556,0.0444602252751634,0.36982987829496305,0.3147632790594371,0.3130958274477521,0.2585234746160604,0.43150517009295647,0.2167700476187686,0.37222450379262206
0.18490834203839682,-0.00761037666250054,0.025809880842551598,0.06991726454721618,0.12338901701328021,0.12339309243424039,0.22147361949563238,0.0,0.17110545518751974,0.27515760936185846,0.11888448887680754,0.14836834366703547,0.3021401481051218,0.12350338815252476,0.07840077278929278,0.2774617137023493,0.27500948669789815,0.3129090315886519,0.12405377311687264,0.2749405288515332,0.09681805505278204,0.22710321380882328,0.0,0.12443895451436351,0.28073308228337135,0.06888483637322666,0.11250788888423642,0.477269336867793,0.36574823564487463,0.0,0.4069291404994885,0.0,0.07581587612172085,0.26729099995217587,0.10523055652565118,0.15675765105146314,0.2021000813354939,0.0584237793401461,0.001396495975485907,0.23026797882881309,0.2310910180621394,0.26675117471633397,0.17563733355309455,0.2218085978264782,0.0,0.1942524585502703,0.09681586027368039,0.044826854609308076,0.0,0.10223078832618841,0.0421525747117429,0.25651561166762754,0.0,0.10559401703508192,0.2410320920506191,0.022480560593415615,0.10617165162006313,0.21864153014450918,0.2397849911727812,0.07681364428229318,0.37756295042375904,0.34328373732078704,0.3792853832156862,0.04339065070979922,0.1752343415999147,0.12214141923233925,0.21357290463986237,0.0,0.05875383420669789,0.3016550205974719,0.15910038341453947,0.018841306473447606,0.3978129345082596,0.20877386930108888,0.3517095846947193,0.27442801526112415
0.05204702810200187,0.0,0.0,0.10485046946404779,0.07413519197449181,0.0,0.1995118486567098,0.0,0.02887123446935709,0.3814449410255758,0.06471316402313812,0.2538996480936897,0.3139507903424567,0.1804345226573935,0.016935311937898937,0.27989444591982554,0.42886097012138835,0.3080578685913564,-0.009850048608319945,0.17509501723714638,0.0,0.17925662114057886,0.0,0.24687920866198157,0.26325507804444137,0.06181545723395674,0.0,0.48940943269570303,0.27738269736681986,0.4069291404994885,0.0,0.04560035370631546,0.15049234388037558,0.358200593757461,0.2118110958253226,0.07675832325576973,0.17106865334300148,0.17743155979960235,0.12955585499275982,0.2675360485407032,0.3222149438189501,0.1930176893408201,0.21082023424521257,0.3335220618582745,0.18944430640864313,0.08012484542368538,0.018393136296466897,0.0,0.05538627786040311,0.11533781958734171,0.0,0.30105484984528436,0.0,0.0017485354006420348,0.39621663312046224,0.005320061586929943,0.20706613077345598,0.3476992915300327,0.2579103351145746,0.05008553715235587,0.33352910146754633,0.48614771483997427,0.4004358669948043,0.0,0.10376610059928323,0.059401556764617613,0.12968301758429593,0.0,0.10776767126564252,0.27308263681913236,0.1594070243796603,0.0,0.47202365273799884,0.12649172865879588,0.2725121648996619,0.4796033517732851
