0.0,0.23715817583748622,0.19025105974702802,0.07120150561037693,0.12630578423449865,0.11076821287790138,0.20777741110556922,0.31431636159771803,0.4747960091602791,0.33813962460204433,0.14083150600694622,0.3694390548165532,0.44278043491973007,0.0,0.05581055232523809,0.1905060034771524,0.3238274303297696,0.11156078021462812,0.19712532210319172,0.28616743211689316,0.5136272471363746,0.3180090674972952,0.0,0.441570870890877,0.20134117115312514,0.5109976404755958,0.0,0.5194625648898822,0.08236219448145089,0.3432015079435373,0.4997289713408563,0.2943695582650078,0.4529499238984569,0.3738658263822243,0.06046592142575215,0.16142939814714513,0.29543628944207334,0.23068733673274905,0.1727556168833997,0.5112284315607716,0.1532314665034418,0.0,0.0,0.06358684412669419,0.012801847084852151,0.5630707367984237,0.0,0.36120537301954864,0.07960520656310739,0.06795641678374327,0.0,0.0,0.18902464875349287,0.4096928940459847,0.233958130245429,0.4030889438820974,0.22933896000451393,0.44746749847928885,0.0,0.31463969248183793,0.18595483403722818,0.1296110479388184,0.159397170873858,0.5069214428266164,0.4841383258687693,0.49392908088523946,0.33441620539282296,0.0,0.38756017132094833,0.04750044893950202,0.5018102538531989,0.0,0.4212138331854433,0.1976552309491862,0.4112537316104194,0.2924896559803911
0.23715817583748622,0.0,0.3667580553512483,0.13731844233961926,0.25121844256048065,0.6961477658336219,0.44420393909309835,0.33143024209351346,0.2746362881100545,0.341331566431518,0.31106068908615503,0.24620095173020773,0.5321442142786802,0.0,0.16488742815880095,0.5772358548379855,0.28514094983609617,0.7128837141725431,0.3581343460898563,0.0,0.0,0.45746509329275253,0.3425340775770356,0.04270993624369395,0.6486303939401205,0.5824570522328412,0.0865194895556844,0.12244917073202209,0.06960821924074556,0.0,0.005865334316903164,0.4077641983755749,0.3619686689210314,0.20266155486114393,0.09275993751227606,0.030693268187218174,0.24229653240134524,0.0,0.1798464708129898,0.3475112033167654,0.17365297481442896,0.0,0.0,0.0,0.1514479805162171,0.0,0.08801384945498023,0.2261114091578897,0.0,0.3214114172244297,0.5766033880259555,0.40989038835234914,0.17621366989136486,0.38126234707127704,0.44172014608228943,0.4403656591523421,0.30034829134424995,0.454950386268735,0.04269212163597317,0.0,0.4174390858340077,0.06642486514095931,0.16815136242094095,0.1981300572676213,0.1450040964273136,0.0,0.1890179180512651,0.4143605234345383,0.0,0.5613614372291625,0.3169456265150253,0.4487033521157246,0.18170894802658166,0.41821656186367917,0.26611193586573506,0.07463637494154432
0.19025105974702802,0.3667580553512483,0.0,0.23099757535660537,0.30837061201297017,0.32724210859141317,0.06328990568490207,0.336104000589697,0.20737606993673122,0.18936381359333784,0.599708123383833,0.07716484155521784,0.15784569466598225,0.19606980262597445,0.5552069341558483,0.4166252252154283,0.15275067378873694,0.4685291050134721,0.6256624298432705,0.1660318843646461,0.18415470066611211,0.4325254149566859,0.6839335704970745,0.021862193955396018,0.5240972183366553,0.35593494541590204,0.25016784750697674,0.20203352029446928,0.13067340189820748,0.11663702266647387,0.27732944773080415,0.4405762221649461,0.3891864633833942,0.20010462285527816,0.3125585826284091,0.0,0.0,0.1401818571237094,0.4253693205353924,0.3931530299817737,0.32308106669719366,0.2785450927962259,0.0,0.0,0.00871517459546879,0.09567303344362171,0.25076781395029285,0.3440029067919168,0.0,0.017912753902735744,0.43731017827486895,0.3317909939276355,0.2785222276860849,0.4328283041922072,0.2143678785290685,0.46430549867217813,0.0,0.36518401619998486,0.1122454720055913,0.41217772575965106,0.4592247449456975,0.0241616604442866,0.09285027625031139,0.49227667137264103,0.3465107895109327,0.13499062404839215,0.5569619830607514,0.4809267001424759,0.16125918049946125,0.4093583288628095,0.3026041672312768,0.3847513994717953,0.18890182292692176,0.39049937537344726,0.33713854912307767,0.4971085984967185
0.07120150561037693,0.13731844233961926,0.23099757535660537,0.0,0.6467223008741173,0.23775019337985098,0.39597360894046935,0.21508351293520056,0.03274068666454732,0.0,0.13419071055091436,0.13415755968954793,0.21734855556771043,0.28971822198921043,0.13065408304204643,0.24188562630632537,0.29497074485070635,0.20095172832651778,0.1768099123647976,0.20597146533776764,0.06258494373735773,0.25398510114671985,0.10376003260166436,0.07620895424679452,0.024369144798010493,0.13162223836527523,0.03900226605908607,0.10642755099079879,0.01996330337806847,0.03406046568245202,0.06858688086758959,0.3935602585390676,0.16646310886444046,0.17217039254242508,0.07685845601933224,0.1957353921577774,0.35711801682986183,0.0,0.42618466794795085,0.276403505551246,0.28299472113025714,0.23787966107083483,0.12372489229600847,0.3022873544911618,0.22071713122441675,0.05127200353993631,0.06740089428174892,0.14107191959582469,0.0,0.019014430521203617,0.2707402190418019,0.1676407755073622,0.21481647511136684,0.17116295526379918,0.16693239397736548,0.17367749368042107,0.16033246844864793,0.15534843671731255,0.0,0.11621381047587308,0.1597067118828866,0.41148368428706394,0.31680802369043076,0.024017214689436097,0.19695085663527054,0.05599589444484411,0.2016500580773762,0.1104585096975189,0.2366918231979153,0.06339780646015096,0.16040925574388804,0.07870067198083433,0.0,0.0477787406716277,0.05161257930039587,0.31714145274610717
0.12630578423449865,0.25121844256048065,0.30837061201297017,0.6467223008741173,0.0,0.195152495401081,0.6045519892102187,0.09001566879809138,0.09348738705870528,0.1539222294867122,0.46745813511077233,0.03925610600248361,0.1594930636892766,0.3537841943112111,0.319530736542074,0.31778260470883324,0.15058379789371493,0.3098862543294604,0.10034520027284026,0.012553959877057097,0.03277961200153163,0.3409651382658713,0.2604312202955233,0.0,0.3103914171762584,0.09889186778624212,0.29529249383408107,0.014940820843205353,0.1627448348207697,0.0,0.22735496009697698,0.4615551914048892,0.32012240898877053,0.16568812068208022,0.19888521075400598,0.0,0.0602682075927208,0.0,0.405293499115412,0.28387263371640586,0.32743386723104745,0.24275079024786983,0.0,0.08775433141318369,0.1640205501759791,0.0,0.2104124116091078,0.049845549161768726,0.0,0.17562005268673958,0.28435218723449435,0.5861938959080303,0.0551958254562852,0.21373900390062284,0.3403894734338285,0.365888163607353,0.028911791229456297,0.28267316423305794,0.0,0.20420392711977844,0.4027914460313392,0.13193236081518603,0.10176891619467152,0.0,0.11875306553881268,0.05145146489946225,0.24338270616509186,0.23825854358889623,0.0,0.3676359924514155,0.11799862980194077,0.40514747395470085,0.0,0.34061068647230813,0.14126639384817802,0.3534016814297834
0.11076821287790138,0.6961477658336219,0.32724210859141317,0.23775019337985098,0.195152495401081,0.0,0.25063210964923166,0.5926095489189928,0.2658552159859112,0.2975859872891017,0.11525229820499935,0.25096026067910476,0.5887312332411815,0.11059889892163927,0.31078688025166434,0.45474400536484555,0.36748302656584614,0.6368110149712791,0.2018463476620287,0.17071979161370116,0.16544174556537716,0.3659441866719249,0.6130709985928273,0.1798138464855394,0.3675349238607851,0.39550334449909447,0.21081205239524076,0.1990257516775801,0.29762350945151866,0.09020050326143514,0.0378576173924379,0.3484727143611716,0.19654789334726416,0.16867026712675767,0.0,0.1346945981795924,0.23311840963034014,0.01658858088327535,0.2302174687786369,0.2547028294440751,0.009038181065845937,0.0,0.10043436846336759,0.10223574952956627,0.168769385089018,0.04916451697280641,0.36046486058379285,0.4420782461560264,0.0,0.3028791990100958,0.695888938849571,0.20417593179642748,0.5111372392372545,0.4086576981849174,0.39784553438338244,0.3535553661217291,0.42083090863030154,0.32995673017142146,0.0361673849858243,0.11029510437142341,0.34291700449518886,0.35186441809404,0.34968674288853896,0.20801006159019036,0.1314531838677803,0.0,0.24156940650669953,0.630050801972048,0.15112720124545725,0.39155950484394164,0.37999520829262634,0.26883853404584557,0.180020639294678,0.1996139224640064,0.2304080671422867,0.04516045253041214
0.20777741110556922,0.44420393909309835,0.06328990568490207,0.39597360894046935,0.6045519892102187,0.25063210964923166,0.0,0.05560393541048325,0.11206417312734707,0.4193375962660609,0.21626989185292306,0.14511240382424714,0.40763177065642986,0.3669138533026345,0.09527667301586093,0.2484369896564714,0.21467904329054616,0.2731702511846279,0.013986858972875034,0.0,0.024695335005801324,0.26659575209609676,0.03417044976655693,0.0,0.29785928716479515,0.06826492414713368,0.2242265933059069,0.1636952222210643,0.17505480909868418,0.07702718727409061,0.18801373188442552,0.41397021148938856,0.2951511728359245,0.30877183398378194,0.26678081686620925,0.06532948300879043,0.2568825860172281,0.0,0.30137293573606994,0.17691958927959264,0.1112671166879792,0.0010119903150605262,0.07791821485905595,0.17391525392700316,0.1221820374698939,0.0,0.05944762530057128,0.03740196631722178,0.0,0.17209781456933057,0.15057242611892466,0.5966626271179623,0.02250764694932905,0.16582261021218994,0.5236193484240209,0.2706198302926675,0.1357528768926962,0.22159446189619827,0.13611358054060227,0.019623488027703497,0.3425152058194843,0.0671591787255471,0.15143224172296413,0.08129907027803182,0.0,0.0,0.021851906893686313,0.09887736362675024,0.0,0.39203680659305284,0.0,0.39095933194979976,0.0,0.29939701506113403,0.07255900505061642,0.11729713172650812
0.31431636159771803,0.33143024209351346,0.336104000589697,0.21508351293520056,0.09001566879809138,0.5926095489189928,0.05560393541048325,0.0,0.49389147067226913,0.41467166580140474,0.24809721612673824,0.7097020860638573,0.5733296819454724,0.0,0.26845133122837783,0.034158397861759004,0.39208645681548543,0.16847357189606085,0.1720284992598824,0.25646132860912074,0.33537537746606316,0.0,0.4264493096256572,0.7560764664499878,0.0,0.6859628524716361,0.0,0.4022183080612327,0.0,0.2007857669271371,0.16699247171950943,0.24799603190644925,0.3371427668885368,0.22307179890367484,0.0,0.20194717029546724,0.3455186545199859,0.24020277827932235,0.10838843614928967,0.3387048828457948,0.0,0.0,0.0,0.0,0.0897235050190122,0.1220257120951485,0.0,0.5046044902234479,0.0,0.0,0.3056870079044016,0.0,0.711188952438869,0.530080189568569,0.3348225737467329,0.5047440176797993,0.6384576765997186,0.3867326743506745,0.0,0.20142322694942208,0.0,0.345400633544095,0.10116205428908501,0.3744773842831032,0.17956197399319004,0.2228776070808371,0.03660192367458806,0.37813056965092134,0.6369045708568699,0.0,0.6312490663873127,0.0,0.24644977519885425,0.0,0.29579441006473006,0.01694383478301084
0.4747960091602791,0.2746362881100545,0.20737606993673122,0.03274068666454732,0.09348738705870528,0.2658552159859112,0.11206417312734707,0.49389147067226913,0.0,0.5205698319407916,0.3302691493675874,0.6841442084489262,0.68815165429093,0.0,0.23649524675373257,0.1651961085586408,0.4505482671783668,0.20799467414802675,0.36421200087897765,0.43470601900523076,0.44983763639338353,0.2476585511675062,0.0033118868403392687,0.6238642050349408,0.03982949450783892,0.5995153825686296,0.0,0.7403578294238508,0.011336613344281017,0.40878761840029254,0.41436841522844575,0.24228963298450112,0.42569042719501743,0.39107277141659025,0.09625964759264785,0.26943529454872645,0.368245205027497,0.19871404891058272,0.13685073014096094,0.550728175228826,0.0,0.0,0.0,0.0,0.0,0.38107471143666793,0.0,0.5401506685609593,0.18622484454488003,0.056007177317716164,0.051491770676926375,0.0,0.419697760411831,0.7792618914106447,0.38065680132871016,0.6780098411769934,0.6098239168302528,0.6060976426310656,0.04402413653299571,0.3833162022365494,0.04337011126677493,0.3315116250246628,0.3083634080301334,0.6108020420760474,0.4664145996220087,0.346943108290423,0.344588410249316,0.0,0.5287943979172061,0.034129982693600444,0.6398451858508996,0.0,0.586940701499643,0.05980714668754526,0.4934962283049415,0.09227880821635523
0.33813962460204433,0.341331566431518,0.18936381359333784,0.0,0.1539222294867122,0.2975859872891017,0.4193375962660609,0.41467166580140474,0.5205698319407916,0.0,0.25108085430668037,0.6746940432888955,0.6335845825770844,0.08605961624037402,0.22653811545270583,0.08855393232712672,0.5357241383395108,0.2911117680657646,0.11365901692542195,0.19890561085515981,0.2936695516631085,0.17120211554714967,0.12863673966067202,0.35592803611279134,0.1513320657391531,0.4435909502866664,0.0,0.6085199978062091,0.09534003265328568,0.31972004670248305,0.44901488657139976,0.3949385267865735,0.33198807800758645,0.3073832110385269,0.15031504335233692,0.19705919874496283,0.31618197185281677,0.20274188353702544,0.2385749473839483,0.23118198227226158,0.0,0.0,0.0,0.0,0.0,0.04932282913311107,0.0,0.4086287845336675,0.21497043968047957,0.0,0.030435530042515927,0.10401653228397705,0.3610433933754302,0.4232042089419245,0.6494650900003899,0.42145116691068,0.6016465604520816,0.3002205719645652,0.28745564016890124,0.29745208016937463,0.1948783767693635,0.2671883441485165,0.3201013521708982,0.47406231433132195,0.3070606918616279,0.18941125397913283,0.2313292276219614,0.1504030258946857,0.2526562227479715,0.18756422981791795,0.3245231912045407,0.01593894982025418,0.3345002050630497,0.1223060776989327,0.3251590937149851,0.09984273774355919
0.14083150600694622,0.31106068908615503,0.599708123383833,0.13419071055091436,0.46745813511077233,0.11525229820499935,0.21626989185292306,0.24809721612673824,0.3302691493675874,0.25108085430668037,0.0,0.21147196177133631,0.2241322887550377,0.13501844561625068,0.5377859383779909,0.3502088726693961,0.1488007004345663,0.3764893606480025,0.42022114641794006,0.0,0.011907329732348771,0.28071304799079455,0.36993315206161725,0.09467347428449277,0.37130757353017363,0.40558637773706496,0.10692973275820415,0.15543355630248454,0.0,0.003392099022048727,0.23976907212537893,0.4449459336364093,0.42628164123408907,0.17727911096005675,0.342287745447734,0.0,0.0,0.09976412390244628,0.37749172164663003,0.3901679819782668,0.26189723895898687,0.1060974608733904,0.0,0.0,0.0,0.0,0.08779109304801282,0.1158433378560964,0.0,0.012320663367038387,0.26308614623077176,0.4977927122718256,0.10655761627114106,0.4936500378684382,0.3428221586450132,0.6942274384412292,0.09092251947553887,0.5049029080431623,0.19594167662091572,0.35439397972990755,0.365999053922282,0.057895696366798276,0.01047616768524517,0.37997312649795745,0.18376789998848428,0.04444523973507902,0.3542187431173251,0.23519066622593146,0.08560979805236216,0.36543814634863175,0.32680534285883145,0.32547944069444473,0.1314082488065306,0.3636679846279304,0.24364361133719378,0.32027926937089596
0.3694390548165532,0.24620095173020773,0.07716484155521784,0.13415755968954793,0.03925610600248361,0.25096026067910476,0.14511240382424714,0.7097020860638573,0.6841442084489262,0.6746940432888955,0.21147196177133631,0.0,0.7321562795269851,0.0,0.0689953881775745,0.0,0.5149739731741475,0.10574829127359762,0.11652421390736584,0.32313871672029776,0.2654274542724422,0.0,0.0,0.8116202634903851,0.0,0.6808216856000693,0.0,0.6243596072085177,0.0,0.34783422933276553,0.3297527537870942,0.1967991439424652,0.39060792297065267,0.34292858595033054,0.09107141181851186,0.28213866735604304,0.4530254687655661,0.2770068280076064,0.05282934609954475,0.40828374252116095,0.0,0.0,0.0,0.0,0.0,0.16722282192801474,0.0,0.46710283163137756,0.09261283436230973,0.0,0.0,0.0,0.46104595305148827,0.5515151531390343,0.4117270352356122,0.48928496683967054,0.878412232620748,0.4349695776563355,0.0,0.20241586825003052,0.0,0.3949170100746018,0.1979220406735293,0.4726112165787062,0.36922233804410476,0.16984988290259387,0.11829371251549363,0.0,0.6617798213041975,0.0,0.5988031494098872,0.0,0.41815267861480826,0.0,0.41327525056465847,0.0
0.44278043491973007,0.5321442142786802,0.15784569466598225,0.21734855556771043,0.1594930636892766,0.5887312332411815,0.40763177065642986,0.5733296819454724,0.68815165429093,0.6335845825770844,0.2241322887550377,0.7321562795269851,0.0,0.0,0.15330693545294538,0.35624437687164157,0.6712198426321139,0.4445113736647793,0.17484768283018112,0.3815542264567782,0.3548543600860356,0.3367943119418687,0.061409099999789434,0.5350432340915403,0.07446861237683867,0.6424466569353361,0.0,0.7338838487471006,0.167375726882821,0.4016018488901037,0.3824633824420033,0.3787448165240333,0.4251618044397237,0.40438303727998454,0.04131360881005653,0.3995761946559,0.4706912580490264,0.14963932830122886,0.26542574894730747,0.4171931685190699,0.0,0.0,0.0,0.002442313326704584,0.03980538696819611,0.2536474972112752,0.0,0.47273176940960937,0.0,0.028452267062281683,0.20518829084663562,0.04183215060400133,0.45578415300702274,0.5848789487852352,0.48836695714318684,0.5309424754298575,0.7046000260720798,0.6018242651112802,0.008642040276488823,0.2211085976403248,0.1508322780047037,0.5149767987127862,0.44247184801376366,0.4828043422714802,0.37372051130012296,0.1978163433530158,0.30738213739966225,0.09589313563937216,0.41030686940373245,0.06677237300526462,0.5620546963682128,0.0,0.5406969718445946,0.08307148847432753,0.4252397372343922,0.1259474303995371
0.0,0.0,0.19606980262597445,0.28971822198921043,0.3537841943112111,0.11059889892163927,0.3669138533026345,0.0,0.0,0.08605961624037402,0.13501844561625068,0.0,0.0,0.0,0.07872405195856673,0.0,0.0,0.0055698592538519255,0.012530638688542598,0.0,0.0,0.08407835915339808,0.2689321486622082,0.0,0.16869039372989367,0.0,0.30659957231449836,0.0,0.19868779838231615,0.037046393354098706,0.13905813834563155,0.2538731329865717,0.0,0.03331348833241571,0.19443787187748737,0.11684904462492678,0.0,0.0,0.4123139489891265,0.0,0.18169589351740126,0.3233134119517591,0.3019415964051283,0.14187015877690326,0.0,0.0,0.25893332588034973,0.09362330945870335,0.0,0.02598911575738733,0.22419142159315467,0.301691715980497,0.11043236671846735,0.0,0.22558169604874814,0.011179070242607822,0.0,0.0,0.3315018897046247,0.11532478332721333,0.3042344574831601,0.004252017259815713,0.07916291717180605,0.0,0.0,0.026019866507337324,0.06156614739898596,0.3279324932117784,0.0,0.29564330983642517,0.0,0.35331553134625165,0.0,0.20728057086874918,0.0,0.2970212806156797
0.05581055232523809,0.16488742815880095,0.5552069341558483,0.13065408304204643,0.319530736542074,0.31078688025166434,0.09527667301586093,0.26845133122837783,0.23649524675373257,0.22653811545270583,0.5377859383779909,0.0689953881775745,0.15330693545294538,0.07872405195856673,0.0,0.33110138817818496,0.24911541010445407,0.36680584664801935,0.33861275465395857,0.39103354394175704,0.35235797642090133,0.4599202607237448,0.6776853756421242,0.03516376825793828,0.40762461719745097,0.24212930007567302,0.4012532975635985,0.25484825242265496,0.3605467780074372,0.04630098302190264,0.38254155124830885,0.37096013310737286,0.2188594854108656,0.0,0.22498680983091324,0.0,0.0,0.15592110555923025,0.3776417411090057,0.14857187676991043,0.09717855751526885,0.13655326405030754,0.0,0.0,0.024818732886088546,0.10996635083435315,0.4634035515566449,0.43545571128310634,0.0,0.12368261375577157,0.44390166290312144,0.3795746816188135,0.2726649426341607,0.5773669361000054,0.37717996995843883,0.5667065509682121,0.03899562347542941,0.32405548163791886,0.11674308485480972,0.7793101061942503,0.4967882723274537,0.26418055133869356,0.3124588107743514,0.4516381287226875,0.4357548432977253,0.3184942634180826,0.6138269328037842,0.5961679618931438,0.19000836363874996,0.4177132468935657,0.3720101836192091,0.40962904933309935,0.2272822330905666,0.4018348890111496,0.22703261834496682,0.4720717358860533
0.1905060034771524,0.5772358548379855,0.4166252252154283,0.24188562630632537,0.31778260470883324,0.45474400536484555,0.2484369896564714,0.034158397861759004,0.1651961085586408,0.08855393232712672,0.3502088726693961,0.0,0.35624437687164157,0.0,0.33110138817818496,0.0,0.40922860400093963,0.7453840294636914,0.3689520592819586,0.20821590614398838,0.11353478589875537,0.7340141135691387,0.3745678567277804,0.0,0.5185887449126729,0.372193880581331,0.37115892390816085,0.17205110106691016,0.4559343085562095,0.0,0.2468494011375271,0.5583906798346767,0.40611988284155903,0.22771242787162452,0.12985753770494896,0.03716026445587832,0.13693891769174146,0.0,0.37242428483245255,0.3764251145969754,0.2825455880962621,0.108243647707534,0.0,0.0,0.20714281326017636,0.09752159039685271,0.341454968946129,0.1529073645903337,0.0,0.1948254138401889,0.48153280506560214,0.3908993635692605,0.08299581942051132,0.37146229339826553,0.19382795776055145,0.3101715968184606,0.014734852052063518,0.4105652626890054,0.1272117613678888,0.19297564468628547,0.6303894345367191,0.2779072817577038,0.3879650327268943,0.2491545118693763,0.30744646542025544,0.0,0.5768382386537647,0.3543963466052304,0.0,0.4362913357105875,0.2622540302470577,0.4945573550879939,0.31708555160252955,0.5845055592032584,0.2076513000941559,0.42990673806384244
0.3238274303297696,0.28514094983609617,0.15275067378873694,0.29497074485070635,0.15058379789371493,0.36748302656584614,0.21467904329054616,0.39208645681548543,0.4505482671783668,0.5357241383395108,0.1488007004345663,0.5149739731741475,0.6712198426321139,0.0,0.24911541010445407,0.40922860400093963,0.0,0.4892037645346838,0.132861291743907,0.4674207726501174,0.3447978583466454,0.3301244165816937,0.021452354171096002,0.3884636464324327,0.0,0.57252512000088,0.0,0.5288058576091208,0.18404151154805545,0.1255651282366517,0.323704405527702,0.3587811345281895,0.3521792826174534,0.1961834193208713,0.0,0.3541853805205386,0.3277159680700157,0.16879317838844393,0.26643906552415364,0.29606525493477415,0.0450302030028538,0.0,0.13072797328907795,0.12949229374446317,0.0,0.18223195517567609,0.0,0.37923194366533625,0.0,0.0,0.1190861195505566,0.0,0.27217825681514735,0.523737848249723,0.3548709273206439,0.2985780259914786,0.5611173630361582,0.42070363457143006,0.0,0.28592127440847165,0.1662985198007084,0.6573632436491312,0.601394244681982,0.38750535491911164,0.42552494830986626,0.21152341650323106,0.40758656110202335,0.03746534656448653,0.4340090216093731,0.0,0.4900905836394915,0.0,0.5100665093595491,0.08215059311101328,0.23805797031022852,0.3194046873156655
0.11156078021462812,0.7128837141725431,0.4685291050134721,0.20095172832651778,0.3098862543294604,0.6368110149712791,0.2731702511846279,0.16847357189606085,0.20799467414802675,0.2911117680657646,0.3764893606480025,0.10574829127359762,0.4445113736647793,0.0055698592538519255,0.36680584664801935,0.7453840294636914,0.4892037645346838,0.0,0.47491637542010395,0.18875401601287642,0.052201761512332474,0.6092198846725431,0.4297067676514697,0.0,0.6225660284687979,0.3822450736841062,0.35175571845000214,0.20569485497875856,0.37628947168373883,0.0,0.10707366660245109,0.3948665075284905,0.27110458160897044,0.04908625453251036,0.0,0.03880086199674574,0.2140195777416324,0.0,0.30750744798566926,0.30439695678733575,0.23050392475285958,0.10126573470244199,0.0,0.0,0.017169810179435963,0.030357202370790603,0.39416546871770375,0.3432613416259855,0.0,0.31852278016074537,0.6151102787067163,0.3625569066832285,0.1860497153710323,0.43195608691010823,0.3869466749399225,0.353004579149374,0.2544222269254112,0.42145786365511073,0.04082658405202416,0.14677935474338072,0.634996705672715,0.35128888878928943,0.5285131464411683,0.27038408244063084,0.3474155948170995,0.0,0.479218208282904,0.43726535331616906,0.0,0.5782149146737399,0.28232087225236346,0.4840572240654747,0.34010558158787413,0.5531357233413657,0.32059541279750237,0.3288424476345123
0.19712532210319172,0.3581343460898563,0.6256624298432705,0.1768099123647976,0.10034520027284026,0.2018463476620287,0.013986858972875034,0.1720284992598824,0.36421200087897765,0.11365901692542195,0.42022114641794006,0.11652421390736584,0.17484768283018112,0.012530638688542598,0.33861275465395857,0.3689520592819586,0.132861291743907,0.47491637542010395,0.0,0.1903561755361527,0.15562150093434485,0.4062252678017597,0.36093814131412666,0.1253684479765009,0.5208446047890996,0.2848870169645538,0.09872754932614848,0.26401993286788417,0.11431658939529189,0.11544667458600856,0.204086375051609,0.2952980073492413,0.312836826112651,0.11828374088998161,0.16683540722721432,0.07802809490448936,0.15713457778631015,0.04006543229630933,0.3464102946415792,0.38200780445293187,0.3223276466873502,0.1692935531957989,0.0,0.0,0.0,0.2810049812794951,0.1320941809051787,0.3981801969655649,0.0,0.20555437819227507,0.40301650039298537,0.2113949415073543,0.23744775596509501,0.44569930073941616,0.30055559183866637,0.4795643745064656,0.12906897191698286,0.5063017881923274,0.0,0.2820665278399875,0.45401120114317794,0.16254287783969495,0.291609119240776,0.5281274634297722,0.44974541024782255,0.08605268395539192,0.496938943141482,0.30085618602848585,0.2160299817251187,0.4399495658372559,0.3678541734030562,0.2976207523978909,0.410794573051913,0.44335729367998294,0.49536799069467014,0.4156428204836797
0.28616743211689316,0.0,0.1660318843646461,0.20597146533776764,0.012553959877057097,0.17071979161370116,0.0,0.25646132860912074,0.43470601900523076,0.19890561085515981,0.0,0.32313871672029776,0.3815542264567782,0.0,0.39103354394175704,0.20821590614398838,0.4674207726501174,0.18875401601287642,0.1903561755361527,0.0,0.5584066822820468,0.28921111257181437,0.10066418468974672,0.40640743212664243,0.0,0.1837306583518917,0.05578057507216918,0.6635654152627724,0.5009609141211051,0.4436550812805233,0.572115987563735,0.23013373017712918,0.11733034996048602,0.13211332597524686,0.03588548607453902,0.450888618826453,0.27445394992585836,0.10276383451807682,0.31018009392119356,0.21544661536719723,0.0,0.0,0.12503487771387742,0.0,0.0,0.46440649128567146,0.13012610385780965,0.5843919171021774,0.09047137377844204,0.0,0.09559541748927673,0.0,0.4494650836932585,0.5481486855331045,0.16613598200799656,0.3106623695654927,0.349743618675705,0.19499249637748287,0.0,0.6110851591433061,0.18425801113849133,0.5735859748835659,0.5781460539931783,0.5588916025986786,0.6796687341081988,0.48026231330248986,0.6644649998677472,0.11056323918211045,0.49167786048797757,0.0,0.4704054832896984,0.0,0.5530629574365689,0.029332667934240168,0.47447165101021677,0.4497065343029607
0.5136272471363746,0.0,0.18415470066611211,0.06258494373735773,0.03277961200153163,0.16544174556537716,0.024695335005801324,0.33537537746606316,0.44983763639338353,0.2936695516631085,0.011907329732348771,0.2654274542724422,0.3548543600860356,0.0,0.35235797642090133,0.11353478589875537,0.3447978583466454,0.052201761512332474,0.15562150093434485,0.5584066822820468,0.0,0.22596482918164912,0.1596780482601265,0.48410061750050604,0.05826669403094072,0.31652454576332356,0.0,0.5405359600979064,0.34928246086420855,0.3914455996615312,0.5635018130930082,0.16570436963798785,0.32029407460053877,0.25813412133334357,0.09580326273692477,0.2702540994332845,0.2362212268295397,0.18887813369368675,0.21768305205781247,0.33378299349423785,0.0,0.0,0.12304743842392761,0.046254489243447286,0.0,0.6224671714944919,0.0,0.41554752448327303,0.14413366423002255,0.11358214256088585,0.0,0.0,0.36757100417096794,0.4422412801812152,0.2519629008654391,0.32631989197527556,0.18227862080499677,0.3445910504548426,0.0,0.4370199544478811,0.05342884760761105,0.32451296468567326,0.29915797154893053,0.4754272034413661,0.4574587505620353,0.7355789796659116,0.37565191766463507,0.07718139380861806,0.467044134366256,0.0,0.47890793981813,0.0,0.4818213709509674,0.06996445095972832,0.4030244936997987,0.3458231413907321
0.3180090674972952,0.45746509329275253,0.4325254149566859,0.25398510114671985,0.3409651382658713,0.3659441866719249,0.26659575209609676,0.0,0.2476585511675062,0.17120211554714967,0.28071304799079455,0.0,0.3367943119418687,0.08407835915339808,0.4599202607237448,0.7340141135691387,0.3301244165816937,0.6092198846725431,0.4062252678017597,0.28921111257181437,0.22596482918164912,0.0,0.2794256888067575,0.0,0.5378624386122534,0.19125919171486974,0.4477686674674936,0.3593771759381892,0.6050359901349025,0.13040591288542974,0.40591701532725294,0.5262534231237558,0.26430119545090147,0.2731677400997135,0.20275376957260677,0.1140274032314013,0.23064999857008311,0.0,0.40786334635817384,0.31614779499278306,0.29289227926632794,0.09223612701183873,0.0,0.0,0.08276181494969745,0.3161013651805663,0.35216393426008474,0.3666245800009946,0.0,0.27920788910441324,0.46392835493534584,0.3862548312316005,0.20213665968826364,0.459565716481941,0.3096555921685607,0.34763456946213894,0.05382976042720151,0.3437040889140775,0.04536964425083932,0.5065157719209455,0.7079549431742456,0.2859252007023933,0.5255904391428726,0.4801331565746646,0.5864564934541575,0.09619488118338237,0.8335241147356397,0.4135357052509376,0.024947412153990132,0.5612242361235248,0.2614822572447387,0.6441446258311996,0.38838903526938656,0.6849677399764157,0.3838781342151264,0.525595186329747
0.0,0.3425340775770356,0.6839335704970745,0.10376003260166436,0.2604312202955233,0.6130709985928273,0.03417044976655693,0.4264493096256572,0.0033118868403392687,0.12863673966067202,0.36993315206161725,0.0,0.061409099999789434,0.2689321486622082,0.6776853756421242,0.3745678567277804,0.021452354171096002,0.4297067676514697,0.36093814131412666,0.10066418468974672,0.1596780482601265,0.2794256888067575,0.0,0.0,0.5388435513029761,0.1958470083150285,0.4699607442022125,0.0,0.25574042944153785,0.0,0.09363932408286907,0.38096265724506206,0.1754125923052474,0.0,0.1425990485628932,0.0,0.0,0.05288046446082931,0.35703317957015995,0.17398121336172867,0.14925025851415444,0.232979424292662,0.0,0.0,0.09315878424042397,0.0,0.6230745690877766,0.30695373092638467,0.0,0.19102383257228317,0.6579307035637684,0.3880609123384881,0.3980823095043017,0.2739519186799047,0.3045116495258663,0.355722310390934,0.0,0.1952440525260368,0.19151807501256293,0.38254143528495793,0.5048541128331083,0.08167041425451481,0.11112765914922192,0.18914116905726275,0.14347593320548777,0.09272096159919942,0.3885432001034219,0.8412308506417387,0.06835692910020033,0.5413363348858667,0.22858773128308546,0.48143935090810613,0.036980540527377134,0.360794029261814,0.16137259500868828,0.3328885786288671
0.441570870890877,0.04270993624369395,0.021862193955396018,0.07620895424679452,0.0,0.1798138464855394,0.0,0.7560764664499878,0.6238642050349408,0.35592803611279134,0.09467347428449277,0.8116202634903851,0.5350432340915403,0.0,0.03516376825793828,0.0,0.3884636464324327,0.0,0.1253684479765009,0.40640743212664243,0.48410061750050604,0.0,0.0,0.0,0.0,0.68092395265097,0.0,0.5011776921489652,0.0,0.2991916056081117,0.2952078921638433,0.014410242629001514,0.3534304602419187,0.21198081917530356,0.0,0.3465111628459025,0.3360439833247466,0.2778340675302745,0.013518508204273916,0.4611775947416551,0.0,0.0,0.0,0.0,0.02052383059895085,0.4013003369939391,0.0,0.49141496853407646,0.13328439036519066,0.0,0.0,0.0,0.48269297400952244,0.518200470412697,0.20470897075319247,0.4392307155999913,0.7144274992116865,0.40953574261977205,0.0,0.18193466112338355,0.0,0.402745049304217,0.18215544674477152,0.39891687514780066,0.35035358680931744,0.38588987759779353,0.030648902022452473,0.0,0.8627535218265925,0.0,0.7408783188101716,0.0,0.42745533202100067,0.0,0.4460083612908895,0.03210267365091462
0.20134117115312514,0.6486303939401205,0.5240972183366553,0.024369144798010493,0.3103914171762584,0.3675349238607851,0.29785928716479515,0.0,0.03982949450783892,0.1513320657391531,0.37130757353017363,0.0,0.07446861237683867,0.16869039372989367,0.40762461719745097,0.5185887449126729,0.0,0.6225660284687979,0.5208446047890996,0.0,0.05826669403094072,0.5378624386122534,0.5388435513029761,0.0,0.0,0.23787509316313762,0.4000123094691532,0.0,0.33080993154134086,0.0,0.10379720834687466,0.384898033898696,0.32255039310409245,0.007971755757579973,0.16569265716075843,0.0,0.0,0.0,0.37142475936511354,0.3119776291575598,0.37078204270974424,0.22082011471809085,0.0,0.0,0.1237711340819351,0.11139303120899557,0.4131203033650698,0.21246142833213638,0.0,0.39045468333541467,0.5606585007323003,0.5495145253820679,0.0,0.253712522613023,0.44369246112839494,0.35769023370735364,0.0,0.34082507150868097,0.1414000841430476,0.17683203381564108,0.7320627882960906,0.0,0.18727556671804532,0.1677761903515398,0.24501023896569882,0.0,0.3777552398738304,0.5224464443407952,0.0,0.86568710659568,0.18121236479172692,0.7078954352875289,0.12185443288748543,0.7545906615111917,0.2777534673891313,0.3908623353848332
0.5109976404755958,0.5824570522328412,0.35593494541590204,0.13162223836527523,0.09889186778624212,0.39550334449909447,0.06826492414713368,0.6859628524716361,0.5995153825686296,0.4435909502866664,0.40558637773706496,0.6808216856000693,0.6424466569353361,0.0,0.24212930007567302,0.372193880581331,0.57252512000088,0.3822450736841062,0.2848870169645538,0.1837306583518917,0.31652454576332356,0.19125919171486974,0.1958470083150285,0.68092395265097,0.23787509316313762,0.0,0.0,0.3776934564972699,0.0,0.1294118649595844,0.28079614968790845,0.35870967104228785,0.5561293819065378,0.22420522596738562,0.058414761823044094,0.12203189465231995,0.2393635601453384,0.25488205923027435,0.20300370780427454,0.6314034824646202,0.1182522250793292,0.0,0.0,0.0,0.08397784638567521,0.25158686206498565,0.0,0.35235188252112126,0.007557309602786433,0.0,0.18444985084609491,0.0,0.28801494253203247,0.62399605423388,0.3058814944215494,0.5607786477185605,0.5462724648481925,0.6021962141952529,0.0,0.2200918981817018,0.01883291328632502,0.3878521492635295,0.1659713532132795,0.3845009587043972,0.3453533378197787,0.2104400779506238,0.2370596620323764,0.11778706480797585,0.605791936502656,0.030306988899870546,0.8564276890725037,0.0,0.3608542472501264,0.02681282591564103,0.3512745336620928,0.17893384244726204
0.0,0.0865194895556844,0.25016784750697674,0.03900226605908607,0.29529249383408107,0.21081205239524076,0.2242265933059069,0.0,0.0,0.0,0.10692973275820415,0.0,0.0,0.30659957231449836,0.4012532975635985,0.37115892390816085,0.0,0.35175571845000214,0.09872754932614848,0.05578057507216918,0.0,0.4477686674674936,0.4699607442022125,0.0,0.4000123094691532,0.0,0.0,0.0,0.6613132119512647,0.0,0.0,0.22978035292086194,0.0,0.0,0.1250064789026478,0.0,0.0,0.0,0.18392086394726195,0.0,0.010891869135117888,0.15043058783466143,0.17791707473506368,0.02857708408009834,0.1021260971150183,0.0,0.8667943806663431,0.0,0.0,0.229276885190153,0.3649774469087809,0.5626097497960247,0.0,0.0,0.09816798569604337,0.0,0.0,0.0,0.2487949748353474,0.1380517475890464,0.5728305761421921,0.0,0.1976309717898635,0.0,0.0,0.0,0.3334567692951021,0.4789727653580672,0.0,0.5371081122183908,0.0,0.7726745304421484,0.0,0.4690410669324912,0.0,0.1815402144810503
0.5194625648898822,0.12244917073202209,0.20203352029446928,0.10642755099079879,0.014940820843205353,0.1990257516775801,0.1636952222210643,0.4022183080612327,0.7403578294238508,0.6085199978062091,0.15543355630248454,0.6243596072085177,0.7338838487471006,0.0,0.25484825242265496,0.17205110106691016,0.5288058576091208,0.20569485497875856,0.26401993286788417,0.6635654152627724,0.5405359600979064,0.3593771759381892,0.0,0.5011776921489652,0.0,0.3776934564972699,0.0,0.0,0.2522248626710926,0.6468256496014233,0.6726409728003978,0.3206051450806129,0.3547995774544598,0.44866017971579814,0.15593867068021816,0.4381995531837633,0.47401193873111896,0.18696084034777408,0.2776628883226892,0.3353007270082856,0.0,0.0,0.040453657109706144,0.0,0.0,0.4010634025898805,0.0,0.5797535423371268,0.2660505992299609,0.0,0.0,0.0,0.44950834079417945,0.5979022551936025,0.3590571107060134,0.50672285741064,0.554899127159078,0.45520915418415403,0.06186178980295051,0.5369457946054982,0.15847126533057673,0.39475776643958493,0.46482601905246845,0.7244359707284621,0.6284277888262546,0.4580323371395173,0.5424521381337071,0.0,0.44083221442034254,0.0,0.4739669879793577,0.0,0.7599183500469722,0.09479994921662004,0.5568203899345746,0.3285947404190545
0.08236219448145089,0.06960821924074556,0.13067340189820748,0.01996330337806847,0.1627448348207697,0.29762350945151866,0.17505480909868418,0.0,0.011336613344281017,0.09534003265328568,0.0,0.0,0.167375726882821,0.19868779838231615,0.3605467780074372,0.4559343085562095,0.18404151154805545,0.37628947168373883,0.11431658939529189,0.5009609141211051,0.34928246086420855,0.6050359901349025,0.25574042944153785,0.0,0.33080993154134086,0.0,0.6613132119512647,0.2522248626710926,0.0,0.2457995112509328,0.36053941695546976,0.2575669369810802,0.05194544788330698,0.08993748314991531,0.03695994499991593,0.1197464707112313,0.044299687987924566,0.0,0.27622134245887,0.0,0.0,0.0,0.24442074836785202,0.07869626745010758,0.037282169890501385,0.2564260090457464,0.5407430818192513,0.2101919115766403,0.024740014867273775,0.18787208050185086,0.2179584960610746,0.2575533440719473,0.09624161841122204,0.16177854863892335,0.2032634916366702,0.029766953625477665,0.0,0.035643345680315915,0.12403960565542473,0.30769308296495684,0.5774376761812208,0.2662759747086236,0.48935162278033245,0.2325659819209411,0.28586647207743243,0.23900127411416872,0.5527024758347128,0.27216642909169364,0.0,0.32389784941706035,0.0,0.47990446406465287,0.21641462851010362,0.5271711682694963,0.16010824602485288,0.3585350440732782
0.3432015079435373,0.0,0.11663702266647387,0.03406046568245202,0.0,0.09020050326143514,0.07702718727409061,0.2007857669271371,0.40878761840029254,0.31972004670248305,0.003392099022048727,0.34783422933276553,0.4016018488901037,0.037046393354098706,0.04630098302190264,0.0,0.1255651282366517,0.0,0.11544667458600856,0.4436550812805233,0.3914455996615312,0.13040591288542974,0.0,0.2991916056081117,0.0,0.1294118649595844,0.0,0.6468256496014233,0.2457995112509328,0.0,0.5579769364753661,0.1550588742867883,0.15021067504273633,0.36617934753888315,0.13016515711705637,0.17255132628335465,0.2446020040166548,0.010260778336346187,0.22924983013920563,0.16733774470204094,0.0,0.0,0.028116771972121694,0.0,0.0,0.33394074728450646,0.0,0.2902032404264302,0.14696053001279324,0.0,0.0,0.0,0.29486592419080326,0.2558887789929427,0.15269448439089045,0.27904402771128045,0.23376902664456703,0.1940015072947541,0.006384747156574063,0.3292553026325609,0.04623248492057187,0.17607172398201149,0.15119298405250653,0.4712924785487346,0.31473453826063047,0.4671201873235906,0.3437242222718583,0.0,0.26464099970009375,0.0,0.24858292111968663,0.0,0.3918351777094959,0.0,0.4243888135479663,0.2261520412968107
0.4997289713408563,0.005865334316903164,0.27732944773080415,0.06858688086758959,0.22735496009697698,0.0378576173924379,0.18801373188442552,0.16699247171950943,0.41436841522844575,0.44901488657139976,0.23976907212537893,0.3297527537870942,0.3824633824420033,0.13905813834563155,0.38254155124830885,0.2468494011375271,0.323704405527702,0.10707366660245109,0.204086375051609,0.572115987563735,0.5635018130930082,0.40591701532725294,0.09363932408286907,0.2952078921638433,0.10379720834687466,0.28079614968790845,0.0,0.6726409728003978,0.36053941695546976,0.5579769364753661,0.0,0.43332248544876745,0.46489029226147505,0.3737491329770787,0.31420276697466215,0.2230683082946511,0.17270881640887625,0.17765357962066478,0.4845144417374783,0.2781611582566538,0.1330039983663432,0.11683779555921293,0.011903547439799688,0.0,0.0,0.47119867912515506,0.0,0.33078954149600787,0.22101399919790626,0.0,0.0,0.05102915177892954,0.2579987188574767,0.4604494194705488,0.29029462993974803,0.4229319383026487,0.19762878956424082,0.32709698508583623,0.15815616325956453,0.5657357021016756,0.3274334575700477,0.2527263042826295,0.32963864460141606,0.556969580182602,0.5610009912488236,0.5716864652077606,0.5951846523048643,0.0295218448146864,0.3305603856362374,0.062149254850805656,0.37495462860804185,0.020157686229054332,0.5095204600588772,0.2529509916172127,0.4371767189495212,0.6104744409646046
