0.0,0.3559045095584067,0.3856491288618243,0.0,0.3129721472334284,0.2507250485580067,0.2550255546928862,0.11877899110736201,0.39831182897959166,0.32361388783882467,0.25920404119719603,0.0,0.17849676892297411,0.0,0.44237079840607396,0.369353472530536,0.42326860496844715,0.4196897900330297,0.31839316726087424,0.42954742012849084,0.4495557679596821,0.47078125147500405,0.3244938879986341,0.3345784851223192,0.433846460911562,0.45918318795353635,0.30101415265645604,0.28992834072997276,0.3909856512278151,0.11662603116327071,0.30029448854676,0.2528548479064589,0.09923174432311141,0.061047827295853264,0.17070986008910807,0.0,0.0,0.30689775210325065,0.2718684019248012,0.3932339982186667,0.4389261282432438,0.12446187017333227,0.27550457069780143,0.31385596245693687,0.26384972713887805,0.5270166591406279,0.0103556791148223,0.38859295752038825,0.009843955309965782,0.2594962224950411,0.3491135604892513,0.23853307115016373,0.19932119696737957,0.41768841782079474,0.2245306169163135,0.2803773571484326,0.0,0.3687885987705418,0.07467311592021231,0.4317763399820077,0.39739557993894253,0.10571452441287904,0.34980357072372414,0.21978318479111542,0.457101403974167,0.44834616478068057,0.46340258427754377,0.3683701621300572,0.2719849014809965,0.3012408315748033,0.31630403673198265,0.4191537110843078,0.3298852989904482,0.47624049584910627,0.38547617795023725,0.3861253313819686
0.3559045095584067,0.0,0.36827793030854006,0.05104291168022815,0.3665144175825906,0.46666865868391066,0.39271526545901536,0.2776584383937305,0.39781794275768095,0.3691177122867728,0.3176480940849937,0.0,0.464943414627127,0.0,0.38904102777468963,0.3573655112331421,0.507318247191289,0.4584711306742287,0.2740390755369656,0.41611931059356405,0.4312332184725355,0.5005974100001772,0.3347436875166403,0.2862255666370092,0.5885554689325301,0.6058802474517999,0.31595035762043755,0.30190886760461827,0.3665283896971964,0.0,0.1987333817944639,0.23924361434495775,0.10358396815466873,0.04407252564053109,0.21629229896810495,0.0,0.04118992475679041,0.2790373307819215,0.19792997063252546,0.2905392613052896,0.36634350095462154,0.11595744807253694,0.28656548167383183,0.28383286768578114,0.21838758353770008,0.1513146030881719,0.0,0.3651449023685126,0.0,0.23228301204985105,0.39441674142355704,0.2077509288146764,0.26949303441682027,0.40268038420176105,0.15825134871775628,0.3380238505006987,0.05598617615758882,0.4323545138901419,0.043470902534911475,0.38932182391741327,0.2081619126525453,0.07832760982087171,0.2115020761446392,0.22753910566002952,0.49368944943429044,0.23243821759115524,0.43134393052504655,0.37907856843279175,0.07288821660008003,0.249750666734648,0.15012178353186326,0.5273860986270525,0.29517814853917534,0.3885943567632167,0.2909032919561147,0.28227445537452656
0.3856491288618243,0.36827793030854006,0.0,0.0,0.4165393897777192,0.438909557042802,0.18407006596367656,0.39618068317391536,0.5780094942017097,0.28001815678886494,0.49517749704820646,0.16678994722103313,0.30187732041147475,0.06295614606103654,0.3401373906449603,0.19268512991265838,0.3118759930134419,0.23619287466527614,0.5735679321857192,0.4811530082171274,0.35556612944634025,0.3955879060378847,0.48963828138749804,0.3840958858422009,0.3517213534116412,0.455507688277399,0.38734360696614517,0.4001276705697392,0.2985770523135609,0.2036089519572383,0.2110675500039339,0.045813686550109506,0.14117285169471375,0.009930554123226855,0.020181992103934496,0.025577139343841725,0.005958119758071499,0.2830211007205424,0.09721677409360603,0.3426350297671871,0.22150646906446209,0.0,0.3572027304619124,0.29206076107999185,0.20406021850585251,0.21976995354655582,0.09416877155156501,0.6067229385043956,0.04887856261964833,0.4313712651416171,0.5174003165668014,0.35954274017901433,0.4393858340802092,0.5656744369269671,0.19854021505575375,0.5198239433228661,0.16967233399303783,0.4704970169118496,0.23935379482653407,0.36772715365829434,0.20521194064339532,0.06034100404041845,0.18459391569967973,0.5046794434218638,0.5035226579063802,0.32427817906965284,0.4747488787222965,0.46999595995461296,0.33365281590266593,0.26658205078514297,0.35927885339751275,0.4599664270324867,0.4330398209072214,0.3533894192336244,0.36986664333675034,0.28087751131248784
0.0,0.05104291168022815,0.0,0.0,0.10678097303766161,0.06536031186109077,0.09451184865304263,0.051430986658962875,0.0,0.1326888436063298,0.0,0.1378905935476461,0.05197748173915736,0.13874722864990355,0.0,0.04811750982912269,0.07401422686329862,0.0,0.03468878215398676,0.0,0.0,0.0,0.0,0.0,0.02148399516952881,0.011334291827102612,0.016629400777469716,0.053301433216468276,0.0,-0.0075899730860469325,0.12160733897656963,0.0,0.14228782296287265,0.16363956088738926,0.0504708727108136,0.28316495497133454,0.19489486781798654,0.08056979318216564,0.0,0.08570437601032593,0.0,0.0,0.03436168730765894,0.0,0.0,0.0,0.05449657547146393,0.010141881805260855,0.2835149027745998,0.1153777968128834,0.0,0.10238061906535356,0.0,0.0,0.10710368913957603,0.03492303449392036,0.0994977497952058,0.0,0.12137575681198139,0.0,0.0,0.11145896411961015,0.01192529475104516,0.0848335209283285,0.0,0.0,0.0,0.0,0.0,0.05946691094097111,0.0,0.0,0.03184494453798219,0.0,0.0,0.0
0.3129721472334284,0.3665144175825906,0.4165393897777192,0.10678097303766161,0.0,0.4146859524370448,0.5041558698474167,0.2224459170728689,0.502992943998639,0.3980471334022247,0.4054334101737844,0.09330024196186641,0.36164563541079026,0.12696711160313517,0.41147627165189665,0.34157083295065144,0.3856400301858505,0.3706296694551006,0.38306104876918917,0.504224401634328,0.38078542854598146,0.4635174077624221,0.32880015385700645,0.1625385596697799,0.4162894471227949,0.36309849837406877,0.5031149728818458,0.33164859788260653,0.45146164638548447,0.05287802578598914,0.34658839714237427,0.16687021827103285,0.1802675095332604,0.11910533597545177,0.17209210961995758,0.14148004653731297,0.09801889307755537,0.21504429308110792,0.123051055382132,0.263273711167326,0.23804596339712156,0.0031903484335479323,0.30843741948636355,0.3357538670686978,0.08004361415542904,0.23094839319114088,0.04065108375838679,0.47116687253673967,0.06885324590097155,0.44243417760057163,0.3493093280538025,0.43230541469480294,0.254329672376773,0.489508638050484,0.21195197885277584,0.4538553101777095,0.028011578750446776,0.3889048059794349,0.09409984109335721,0.37225703531667814,0.23812722957769114,0.07603164462659384,0.23863894611925215,0.3670387288413397,0.451059338505032,0.29736927805052293,0.4197125692909926,0.333608224703028,0.06704576230556195,0.3025395612164623,0.14785202324107743,0.4663125624571712,0.31637603023592453,0.37009422495026545,0.23431854502586724,0.240976345850332
0.2507250485580067,0.46666865868391066,0.438909557042802,0.06536031186109077,0.4146859524370448,0.0,0.3562404999321471,0.4540429158793419,0.47034394513070155,0.25951166478456356,0.3229393032987186,0.20390870575152592,0.48706246375371465,0.09489138370718911,0.2980511763925152,0.25253012004194686,0.3254996477874315,0.28466209847752033,0.33117834092103643,0.43828095095600306,0.3582894170721219,0.37203365005363515,0.5105507818215194,0.22590639948051333,0.4434670012964228,0.45586851883256096,0.38755556158912124,0.3076828217042789,0.3583009907235749,0.02814193725843454,0.18623129456110865,0.14777335580581386,0.18611773872968582,0.14446045668617366,0.17566699470266955,0.0967680565255817,0.1376300120277642,0.20391158973323428,0.13739388602249414,0.20249131422221134,0.2033250501553541,0.0,0.2685108681444849,0.2242630978973519,0.08266412867987141,0.08538412908259481,0.1662869039293418,0.43885879637859276,0.0,0.3625262454956277,0.5101855789091755,0.40383264025873306,0.42051436054342534,0.4714784230659325,0.1129236764466005,0.41879834839227786,0.21776553874446253,0.4782557523039944,0.10085899889459617,0.3380022002235143,0.11256668022906237,0.03996860446594029,0.15013795645446498,0.3241495698634549,0.4037921226828993,0.25790709027533937,0.36070903666545906,0.4431157760154804,0.054810511465576674,0.2785097208733197,0.24309487164240795,0.40086911183739826,0.2362485259973571,0.2903868021304194,0.1314090904463869,0.09734807144610472
0.2550255546928862,0.39271526545901536,0.18407006596367656,0.09451184865304263,0.5041558698474167,0.3562404999321471,0.0,0.06760862161397337,0.32543882619771797,0.41341126009908247,0.1850836441396251,0.0,0.38712180950945685,0.10122968107611935,0.35772409830997115,0.41247871874761605,0.44961552990191445,0.45904062992601363,0.15987066563153435,0.34765130258240806,0.3477130747598963,0.43846063672668173,0.19013096004063249,0.0,0.47863885638363335,0.3096317496353645,0.48747389156704535,0.23796975393806896,0.4934132149549719,0.0,0.37952205508440345,0.25839429065430136,0.15811835534359878,0.1731419037493629,0.2698803931495302,0.07929330635767577,0.07125179922105032,0.1625188086342899,0.18382781644265725,0.16949471519446682,0.2096887386579938,0.06464877636086812,0.22116217438934438,0.250199266753167,0.056973955904651374,0.21193212811747897,0.0,0.2510612236694932,0.0,0.25935645426922777,0.2254865805663544,0.39748430325392614,0.06985528234480234,0.32716975529700426,0.23469645391420452,0.24240652172776567,0.0,0.31388460939682467,0.031437893849384384,0.36229247268176523,0.26980746051754917,0.16442322164627088,0.3273926060644908,0.13549379984519436,0.33552504750699796,0.2577335048423797,0.30121032302870165,0.21537887119647914,0.0,0.3324608466834217,0.0,0.4427585936675523,0.22264457777392382,0.3857083531000419,0.14972743189264684,0.21912097729151672
0.11877899110736201,0.2776584383937305,0.39618068317391536,0.051430986658962875,0.2224459170728689,0.4540429158793419,0.06760862161397337,0.0,0.327720088976227,0.23407848375447368,0.3279769147015583,0.4467033695596902,0.3612772707335366,0.1190868221709058,0.0923837546937233,0.0,0.07070870929466408,0.0,0.28963426685618904,0.2496527274105699,0.2556800383454862,0.11087878821560117,0.4640311439168431,0.27332747613590314,0.13317533401237566,0.28726222782391286,0.14736195122976858,0.3050809397840815,0.02346499496466366,0.050767845223397265,0.05639649519418176,0.0,0.22881819678205342,0.14347355309729637,0.003653449632268505,0.23523241593769695,0.14045508987136476,0.14517289758138016,0.0,0.21363781059582676,0.008784611899910496,0.0,0.24478132034693867,0.1248134227429277,0.0,0.0,0.10112639008729549,0.3778262581173014,0.0,0.2594582953908362,0.3446734515990368,0.2136759289324994,0.5755888304489224,0.33472189098652944,0.08958499703729295,0.40261271647549113,0.45100640279017945,0.3213566489570115,0.14552388034703703,0.12932783130460745,0.0,0.0,0.0,0.30961133188927664,0.21428246277036073,0.17847066469846506,0.1524577058004887,0.3812364437178941,0.1325364696221883,0.06193771838337078,0.21530235880821855,0.1786762030943842,0.14405932407038366,0.020178350775302785,0.0,0.0
0.39831182897959166,0.39781794275768095,0.5780094942017097,0.0,0.502992943998639,0.47034394513070155,0.32543882619771797,0.327720088976227,0.0,0.34144750554717157,0.514114628554142,0.09545077407923165,0.36256443434365754,0.0,0.4314684182908018,0.2468286693495348,0.36286946983570295,0.33989601265285857,0.4816518727590635,0.5553754234933759,0.39395961460597184,0.47278371440879474,0.43168722051626196,0.32805763414261013,0.4197767065664873,0.46843325631301835,0.4890497650643982,0.4021949089906346,0.40225209133642004,0.11677914027039864,0.23633701885222724,0.14546319274896374,0.11802738411265185,0.007969870770192032,0.09006217803503051,0.0,0.020701330019337452,0.2741561031116505,0.1709864730892398,0.33848980887198754,0.2910043089599223,0.0,0.37519817748506323,0.39856534327024634,0.21336457164484285,0.23447246785650402,0.05276227962592486,0.6119154755482302,0.0,0.48920554445503966,0.5016994801273168,0.431888515800502,0.390572594808535,0.6510986989160639,0.1910640533419592,0.526540033057825,0.08212982547294174,0.5137551036585055,0.15300361366826826,0.4606066570850391,0.26640079362169433,0.021232181974794616,0.2338561337341164,0.42180992267935985,0.5745020172907436,0.34691514659917555,0.5269982460836405,0.45500867595203254,0.2525222188048461,0.2839842908812783,0.3307266049184093,0.5383754520223368,0.4228745972634158,0.43115558476354277,0.3353247822577984,0.32102579855813934
0.32361388783882467,0.3691177122867728,0.28001815678886494,0.1326888436063298,0.3980471334022247,0.25951166478456356,0.41341126009908247,0.23407848375447368,0.34144750554717157,0.0,0.3162869027179905,0.13167804044158565,0.302254981402199,0.076662603450789,0.30770670653437904,0.34286835427852025,0.4569600396099377,0.3618777181021751,0.2865286222976638,0.3347400087443907,0.35541966916952933,0.36607067541760946,0.249911382686619,0.16948728944715277,0.4042787544419082,0.35254542677301787,0.3468970414558047,0.38987796916382844,0.3364453018581136,0.11422329976620609,0.3861252185136217,0.06268687401397366,0.18095616816736768,0.18050119234508344,0.16006882509730563,0.14813940617391452,0.061036247448495284,0.18890042999687148,0.0,0.32876273981954507,0.23385236293715414,0.0,0.2370127196047161,0.1882631351773616,0.05768827632795351,0.255685218043038,0.0,0.3054519954988824,0.027353111898413694,0.3200264775140218,0.22162549603175755,0.32975140483942433,0.2351990449099532,0.3447042372560456,0.46248444898257696,0.33558842629702573,0.07101327726780908,0.3013958551085518,0.16478468821572026,0.28502120002352316,0.19535333116935844,0.26931849082959275,0.2867128540067245,0.24632460089196784,0.33910140178794873,0.3123134537594252,0.28061809932019605,0.30423873361931986,0.07193109366429419,0.3287094255251125,0.09709443721548922,0.37044259271650587,0.2910734856924715,0.2972319901961634,0.1756373494821708,0.21649845989797248
0.25920404119719603,0.3176480940849937,0.49517749704820646,0.0,0.4054334101737844,0.3229393032987186,0.1850836441396251,0.3279769147015583,0.514114628554142,0.3162869027179905,0.0,0.16962357949097998,0.2711608405219612,0.10032865079861195,0.3600204409224761,0.13793753218905,0.2308985604347937,0.16334972075596835,0.485963020993619,0.42944507670347504,0.2940143643761333,0.36590906368388687,0.3309851561190081,0.2649882344106915,0.2845462848179467,0.3329202188223222,0.3647285250915515,0.3615110472065365,0.22126632622211584,0.12719022614047384,0.21518621275102462,0.010850875059838625,0.07585213199967544,0.016738249114380346,0.0,0.09179179199590695,0.0,0.23381450217379193,0.06344604324797307,0.2868379772442319,0.16408072632329504,0.0,0.3666236853246585,0.31494200678741247,0.1611096653889039,0.11922942759857218,0.08197834203162646,0.4787137838028522,-0.00221842636282257,0.44112619274981807,0.36991382487427515,0.2875991612937841,0.3461760240402668,0.4806023322428681,0.17786645447964372,0.5406149025664114,0.11602006742700309,0.3694934957376778,0.19963342017898106,0.3241063511974243,0.1241428933474586,0.031964948987640636,0.08352822895454794,0.43567547072332286,0.4502175359357634,0.2319738861066201,0.4149300765531707,0.3591572668436226,0.2387620468435553,0.21510914723935623,0.27137984234402,0.40827178538148934,0.4139934829799301,0.2857115512023346,0.2845615284218532,0.26050320741854127
0.0,0.0,0.16678994722103313,0.1378905935476461,0.09330024196186641,0.20390870575152592,0.0,0.4467033695596902,0.09545077407923165,0.13167804044158565,0.16962357949097998,0.0,0.29158186240681555,0.16245680534660525,0.0,0.0,0.0,0.0,0.20735259823038887,0.025333753374024305,-0.009684615900862364,0.0,0.16973346736779366,0.14850099731048905,0.0,0.03376932121114879,0.0,0.261916100287378,0.0,0.1862936108619847,0.00977860827683705,0.0,0.1381142694175627,0.1173776159236511,0.0,0.33638762224715957,0.12644321207724496,0.0,0.0,0.01117336489604635,0.0,0.0,0.04763747135783724,0.0,0.0,0.0,0.051258516303020994,0.14578527303226207,0.1132465307307844,0.08618588239455788,0.03059059851038391,0.05062090271462633,0.32175908802537184,0.04897552170725405,0.15255355857095795,0.21386352717410487,0.5449372612967136,0.061393535612365005,0.06434832471853234,0.0,0.0,0.15799481517737854,0.0,0.22109561769213343,0.0,0.0,0.0,0.05634744964977701,0.06541002182818038,0.0,0.06921055972260459,0.0,0.04062573492797519,0.0,0.0,0.0
0.17849676892297411,0.464943414627127,0.30187732041147475,0.05197748173915736,0.36164563541079026,0.48706246375371465,0.38712180950945685,0.3612772707335366,0.36256443434365754,0.302254981402199,0.2711608405219612,0.29158186240681555,0.0,0.06645896657042542,0.27339139020046094,0.3284092505167042,0.4245444439931555,0.3624449768571986,0.27242637064245867,0.30619720529832456,0.3422056434917311,0.3045115779003761,0.28090022477639465,0.22623895784942588,0.3693448451303261,0.4514776151508944,0.2215729033799068,0.43061709938746423,0.2690302134038748,0.06850277327167509,0.22656374427010714,0.09836332455928053,0.13011898519882373,0.13055727430110015,0.13846484813521717,0.05521030800205639,0.12415529298264229,0.1540184768992859,0.066411897512825,0.15692723869608233,0.20536875208493144,0.0,0.2250619132696877,0.25979929001049434,0.08255620322478403,0.06924855023701053,0.0,0.31567338859804933,0.0,0.24884710201966936,0.2870189219510963,0.23271212679530967,0.27307625713628875,0.3286702502251584,0.19779542512311027,0.33040190839199085,0.26041073902577244,0.4465742798127353,0.09900959128479497,0.24225860040651756,0.1178192066368594,0.24633960783343747,0.24852371547181906,0.24863917398610988,0.30175985058714316,0.14843497243200066,0.2410335830255073,0.23314819573708895,0.033657079042668285,0.1276362332158343,0.09517731589119476,0.2872210663658994,0.3090918981320458,0.20728886117008452,0.17211776494869638,0.1459334981664428
0.0,0.0,0.06295614606103654,0.13874722864990355,0.12696711160313517,0.09489138370718911,0.10122968107611935,0.1190868221709058,0.0,0.076662603450789,0.10032865079861195,0.16245680534660525,0.06645896657042542,0.0,0.0,0.0,0.0,0.0,0.09246272772689856,0.0,0.0,0.0,0.08668383000658234,0.0,0.0,0.0,0.04322772974331783,0.04558515446403292,0.0,0.0,0.13628952376691517,0.0,0.04920456073402299,0.09735789177840205,0.0,0.3421581637898652,0.14183660313423957,0.0,0.0,0.0,0.0,0.0,0.1013436389273901,0.0,0.0,0.0,0.19215675388744677,0.02586015858363854,0.16540669901280924,0.13347807339301912,0.02932181050002615,0.1161504946938654,0.0870152532111739,0.0,0.045108999502185824,0.1361525411124806,0.058672077232936846,0.014242997985838916,0.15535075105629823,0.0,0.0,0.04602047665038785,0.006195779296816637,0.03587028919547947,0.0,0.04533393758874279,0.0,0.05869951598811066,0.0,0.077209292350416,0.0,0.0,0.041988132226920924,0.0,0.0,0.0
0.44237079840607396,0.38904102777468963,0.3401373906449603,0.0,0.41147627165189665,0.2980511763925152,0.35772409830997115,0.0923837546937233,0.4314684182908018,0.30770670653437904,0.3600204409224761,0.0,0.27339139020046094,0.0,0.0,0.39429557430543966,0.440800160393746,0.4394062268001495,0.3183577974687776,0.5220508226034812,0.521850275371974,0.5623927948763578,0.26873045571180065,0.19158395377382165,0.43840277458714605,0.4132948135815194,0.4400346166403826,0.26943907740257184,0.45445766668239873,0.06213040620338937,0.3633702986995114,0.3258293658861663,0.009884807640228732,0.08162239960039304,0.20484131255547208,0.0,0.0,0.24112742008321122,0.31479393783925325,0.23788517161690606,0.4115278880596669,0.05253698734770751,0.3511898132009757,0.30413142489725375,0.20670429678274854,0.3416678686564846,0.0,0.3972523675603616,0.0,0.3530417631683225,0.34329172614232767,0.2735543841191724,0.15993350677078466,0.44948890639518807,0.1801014901672113,0.3952481884787702,0.0,0.38841826382648464,0.08355765874753172,0.6064461253121844,0.4331617210866728,0.0848891686035607,0.34061349790427786,0.2715601115675781,0.5354856189205566,0.37669234942891383,0.5595221920425022,0.34773649279926855,0.1008923576236901,0.2645301265867192,0.21925739899345836,0.5250684626463029,0.3443802020408893,0.532243880386133,0.38829759490931454,0.42165215301382447
0.369353472530536,0.3573655112331421,0.19268512991265838,0.04811750982912269,0.34157083295065144,0.25253012004194686,0.41247871874761605,0.0,0.2468286693495348,0.34286835427852025,0.13793753218905,0.0,0.3284092505167042,0.0,0.39429557430543966,0.0,0.5378154882472769,0.5716623037272444,0.20687681168544791,0.34752208129712464,0.38241549972475103,0.47736382512643155,0.14744296856890537,0.06343144721509535,0.44359158356331446,0.34569949896180596,0.2821910572210623,0.3691244920011847,0.4501469346884906,0.14200531495314728,0.46353469663814634,0.27879000433529355,0.10428816845430969,0.21492112902483623,0.27706049674500544,0.0,0.0728176948953253,0.12795306948506818,0.19870104612584263,0.17961019538588294,0.34607574035280114,0.12097470860922305,0.13718343099854782,0.2103251840701668,0.04764114432657243,0.3861809881961813,0.0,0.216926173152591,0.04578904066692297,0.24340050747551722,0.18205807841526203,0.2271759500474111,0.0,0.24898461542806,0.3031665774585674,0.22921901633904265,0.0,0.31856761051632393,0.07369625607061393,0.359802008097485,0.49476339195007946,0.3468458164246557,0.5379444522366158,0.14344489549345152,0.3172106085616435,0.27923177063951726,0.34778668048301664,0.1630681508006269,0.0,0.26489326028772003,0.0685770392361694,0.32654693945110197,0.30267558198776046,0.40782189636378063,0.3447508200375763,0.3675522771785209
0.42326860496844715,0.507318247191289,0.3118759930134419,0.07401422686329862,0.3856400301858505,0.3254996477874315,0.44961552990191445,0.07070870929466408,0.36286946983570295,0.4569600396099377,0.2308985604347937,0.0,0.4245444439931555,0.0,0.440800160393746,0.5378154882472769,0.0,0.6072139991931181,0.2842042336738429,0.37001228323986246,0.4030891333338689,0.4983307727660288,0.19669289083094899,0.23400597014855692,0.5363756839050065,0.5159880243114241,0.3259998813144144,0.374613867598061,0.41169572336581123,0.059876092030663124,0.3705487382480707,0.3149517359080132,0.11835799172087183,0.08858389318947052,0.21803448904344713,0.0,0.026821224832544253,0.2461866571522171,0.2593325344338423,0.2904926593356448,0.40047414496113426,0.09328574639733642,0.2650249685035912,0.2886519666798727,0.20571101088119675,0.32982134310844835,0.0,0.30620802166238303,-0.00038476976657449445,0.2797554716922171,0.2779584239536063,0.2654873070033518,0.06843024027391516,0.3805638608256723,0.2987676063997126,0.27851510721518447,0.0,0.4371598234343029,0.0997604341190982,0.419133545700781,0.4343735029255592,0.3322933828431994,0.4589768584130375,0.23067674119455372,0.42784554719278595,0.25497554945425954,0.42471074206020965,0.24239775589047685,0.10266657307247508,0.2625252665275319,0.10748326013428912,0.43604309084354187,0.38652616958570685,0.4267779259480839,0.38628237046657293,0.4402749421329158
0.4196897900330297,0.4584711306742287,0.23619287466527614,0.0,0.3706296694551006,0.28466209847752033,0.45904062992601363,0.0,0.33989601265285857,0.3618777181021751,0.16334972075596835,0.0,0.3624449768571986,0.0,0.4394062268001495,0.5716623037272444,0.6072139991931181,0.0,0.21594190911664315,0.3741791280975032,0.41073990842099084,0.515061323863721,0.16418458841336112,0.18718334193420005,0.55445341629107,0.4669315733693131,0.363452147982873,0.31667843568343895,0.4936171882302802,0.0639809781085421,0.34958537281245056,0.34892896885234426,0.06071255127642726,0.039107356693970356,0.22741019872260262,0.0,0.03292057888224175,0.20767666231397972,0.30365076259204454,0.22466977790666912,0.3875281381207404,0.12371598752259254,0.23464774113287523,0.31797973411010044,0.18649823384305078,0.3564135396086441,0.0,0.28102515049666354,0.0,0.23830631765257684,0.2468814281383342,0.23734378721925212,0.0,0.3375770498984239,0.23842087230791462,0.20830640226347372,0.0,0.3787710997369685,0.00720323437738514,0.4390015870962568,0.49432851621345614,0.2627477815904336,0.49448271671400357,0.1764828264391741,0.4191737506668278,0.2745186621569873,0.424674600128345,0.21197881868957008,0.07257207707605055,0.26532604603157967,0.1120100938911556,0.43806800410729635,0.3283900051548296,0.47430075478473455,0.41079928207307825,0.43724327961865533
0.31839316726087424,0.2740390755369656,0.5735679321857192,0.03468878215398676,0.38306104876918917,0.33117834092103643,0.15987066563153435,0.28963426685618904,0.4816518727590635,0.2865286222976638,0.485963020993619,0.20735259823038887,0.27242637064245867,0.09246272772689856,0.3183577974687776,0.20687681168544791,0.2842042336738429,0.21594190911664315,0.0,0.40035970246397834,0.2996371998174748,0.31756614045753484,0.35918756493009574,0.3208558801015007,0.2592698621614323,0.3325417939712868,0.3097528937447462,0.4494612466700067,0.27331322474539665,0.30485075028655506,0.279439173496882,0.0,0.05719026098958948,0.022720544730920653,0.0,0.07738655351978352,0.0,0.18219460027080875,0.0016822853786522378,0.24740979750177758,0.1659612497880152,0.0,0.28643727462089363,0.2565654052761337,0.1428836569496791,0.22326743632029872,0.0345261449324187,0.5034791248848663,0.14005214678308386,0.38337530789700586,0.3979956176245178,0.28274626730213526,0.3266686383292185,0.4552776090320903,0.25076644635545386,0.4611966117849722,0.12914956463232805,0.41236948011850694,0.2685679157530925,0.29725034186170773,0.23285119398242543,0.16914516805767266,0.24095881895446208,0.550574892749122,0.4037045297678031,0.25785209082009547,0.38613801261751163,0.34928754138397655,0.3147887247523815,0.2310310525176367,0.2769561184954941,0.36021195022025376,0.490522909974688,0.29695426312305534,0.3847525251180771,0.32604516619833857
0.42954742012849084,0.41611931059356405,0.4811530082171274,0.0,0.504224401634328,0.43828095095600306,0.34765130258240806,0.2496527274105699,0.5553754234933759,0.3347400087443907,0.42944507670347504,0.025333753374024305,0.30619720529832456,0.0,0.5220508226034812,0.34752208129712464,0.37001228323986246,0.3741791280975032,0.40035970246397834,0.0,0.4397346457870709,0.5914141026632894,0.3864510494016223,0.21875392154415174,0.4577474112517057,0.442947453749914,0.5277385955266426,0.35571411843878475,0.49491340294020025,0.11590826958181914,0.32069853662390196,0.2403667151598122,0.11826623069215446,0.08475177599263332,0.18370747901015116,0.012629380808587855,0.037274498265842775,0.266719070730815,0.20571870402182604,0.28380314163106873,0.3513155362645993,0.06977544912037613,0.35609502535839804,0.3384410736630274,0.17228848330563834,0.2889033207662911,0.07272453315982845,0.5327100480613208,0.0,0.4524941002481251,0.4447417723585779,0.39958883066266604,0.3220577791617995,0.551555031619291,0.20889382292747344,0.48690235420799505,0.003399001416743384,0.4367945924383759,0.06793477923599259,0.536988092813639,0.31072708371123753,0.018411974736167624,0.24380005082751027,0.350530872483709,0.6220132648154243,0.37286742329287875,0.5929682593143552,0.4382803530899078,0.11348831095517027,0.3353436198744256,0.28387585945280325,0.5615110371166351,0.35346904968932646,0.4921893601049872,0.3306308402395789,0.313012686582729
0.4495557679596821,0.4312332184725355,0.35556612944634025,0.0,0.38078542854598146,0.3582894170721219,0.3477130747598963,0.2556800383454862,0.39395961460597184,0.35541966916952933,0.2940143643761333,-0.009684615900862364,0.3422056434917311,0.0,0.521850275371974,0.38241549972475103,0.4030891333338689,0.41073990842099084,0.2996371998174748,0.4397346457870709,0.0,0.4797055956907643,0.3713920472007004,0.23078266367339326,0.4512126874962701,0.42706444600290483,0.35865658634896674,0.3397156373947309,0.44071203686462906,0.11220957038402263,0.3769311927598898,0.26150636959320195,0.07898029061184446,0.13837501340227637,0.25241654904389066,0.0,0.0320332600588295,0.21097336077947754,0.2322388067076633,0.26021315995493377,0.36842243638032374,0.03010587432002699,0.3389241306958393,0.277792358390667,0.11970099903708567,0.3494449663970539,0.0,0.3600905404707334,0.014752264624160412,0.29356050227961705,0.3697098586905858,0.24768796087607456,0.30118040086184983,0.4260669329418844,0.2730334850105974,0.35615361235556436,0.005727412416984967,0.43307272981710565,0.07815922055934653,0.49461128764323614,0.3603993614606897,0.1622123421893155,0.34098471801317176,0.2185578685387041,0.4393200277222447,0.4714372192754586,0.46009872641981236,0.4118538911192214,0.13423926426385596,0.28661961184546253,0.22798410088146753,0.4487656612099544,0.32247215180318917,0.4598974578390026,0.27446370519180996,0.31421055941239584
0.47078125147500405,0.5005974100001772,0.3955879060378847,0.0,0.4635174077624221,0.37203365005363515,0.43846063672668173,0.11087878821560117,0.47278371440879474,0.36607067541760946,0.36590906368388687,0.0,0.3045115779003761,0.0,0.5623927948763578,0.47736382512643155,0.4983307727660288,0.515061323863721,0.31756614045753484,0.5914141026632894,0.4797055956907643,0.0,0.2965446933975526,0.1809117994103743,0.5728756934492464,0.48836455284114355,0.519035334871797,0.3221524535555256,0.5481208038864223,0.05176151221884178,0.37203205221919167,0.3573490589723709,0.075292618910533,0.07079846922332528,0.24566471998057854,0.0,0.0263718677184544,0.2843457839343285,0.31576240499878616,0.2819276858482088,0.4193395956958243,0.14354135950410324,0.3515303652737862,0.3312736023898704,0.20276880421581978,0.34856199604969323,-0.019637046895349158,0.43398146057007186,0.0,0.3797495989895649,0.38527179705505643,0.3433230591419564,0.1544374330514339,0.4815733433343886,0.20620510335118553,0.3894425622187194,0.0,0.4077225148407875,0.0648679669803096,0.5551474521546564,0.4389890712362081,0.08103942962972817,0.3571828060576535,0.24726777336128303,0.60863651491912,0.36149053515879315,0.6040222368438916,0.36894249486904945,0.07120417708190173,0.35371511795023225,0.20816429195542263,0.6263223430589928,0.36434681994824947,0.5782217452912773,0.39418290150876306,0.4228537965080999
0.3244938879986341,0.3347436875166403,0.48963828138749804,0.0,0.32880015385700645,0.5105507818215194,0.19013096004063249,0.4640311439168431,0.43168722051626196,0.249911382686619,0.3309851561190081,0.16973346736779366,0.28090022477639465,0.08668383000658234,0.26873045571180065,0.14744296856890537,0.19669289083094899,0.16418458841336112,0.35918756493009574,0.3864510494016223,0.3713920472007004,0.2965446933975526,0.0,0.351269305358526,0.312204001020739,0.4079262281005716,0.32159128737923875,0.261436236245483,0.25724244566020943,0.08244464720097475,0.10913008934680633,0.11340921403627902,0.11677163216140704,0.04288967650941359,0.03424288427866159,0.09157263415316352,0.07413091946835573,0.2217655972509578,0.14941365532889264,0.2524547749992073,0.17549444939948464,0.0,0.2845182572400314,0.25792703039907094,0.10834716645004117,0.1570358027654372,0.243270041220258,0.47971835730432855,0.025268993486838368,0.3099018469420373,0.531347867866814,0.3073798209424123,0.5046750582863033,0.43248630398923765,0.1961258630662874,0.41546707307741826,0.22328973556706036,0.4472641796318156,0.15471840655953883,0.3296200918755199,0.13334936037825332,0.06345520734569422,0.16423163212002345,0.3393443588227487,0.35863811327910516,0.34775237885960014,0.3408236922541806,0.6027498182743504,0.2637882637781613,0.3246996633851445,0.40700841293513623,0.3412907439166195,0.23853002113189012,0.27788298211727414,0.1472424074615882,0.1204458083084656
0.3345784851223192,0.2862255666370092,0.3840958858422009,0.0,0.1625385596697799,0.22590639948051333,0.0,0.27332747613590314,0.32805763414261013,0.16948728944715277,0.2649882344106915,0.14850099731048905,0.22623895784942588,0.0,0.19158395377382165,0.06343144721509535,0.23400597014855692,0.18718334193420005,0.3208558801015007,0.21875392154415174,0.23078266367339326,0.1809117994103743,0.351269305358526,0.0,0.19555938003086507,0.4520589966990559,0.06230583522098999,0.236906690071278,0.07352998796572348,0.09278221759366041,0.012867822733993617,0.10331614949088368,0.0,0.0,0.0,0.0,0.0,0.31315482959118535,0.19888687519875226,0.33006089081846957,0.2835295860509827,0.04518596601307795,0.32307521928885297,0.3936894826918521,0.38378127784729743,0.17457676790687496,0.018830287812808766,0.3479285752540582,0.041809756777579636,0.1267211448427625,0.38765731481916765,0.028849528774262344,0.3439290322597495,0.30796985815381944,0.11911439676568954,0.21714433067655478,0.27998117619970575,0.402332368963025,0.08769329304122207,0.18348995054954886,0.13848549446342928,0.11121244203485015,0.14696240284881754,0.24275187427945305,0.33185678910155225,0.14150999583638027,0.30178373252723545,0.356097039155054,0.5682334433086063,0.11213059601772825,0.4772167257583614,0.24449963339577963,0.32841054561299804,0.23842597129359397,0.3076630068645015,0.27227827850675573
0.433846460911562,0.5885554689325301,0.3517213534116412,0.02148399516952881,0.4162894471227949,0.4434670012964228,0.47863885638363335,0.13317533401237566,0.4197767065664873,0.4042787544419082,0.2845462848179467,0.0,0.3693448451303261,0.0,0.43840277458714605,0.44359158356331446,0.5363756839050065,0.55445341629107,0.2592698621614323,0.4577474112517057,0.4512126874962701,0.5728756934492464,0.312204001020739,0.19555938003086507,0.0,0.5469043727549606,0.4557621827864754,0.257849457758967,0.5021701717068183,0.0,0.2687443252902109,0.3319011674218754,0.11452629415127251,0.03846394341046685,0.2585509417852828,0.0,0.036356720799874565,0.2554236728912502,0.29680904935619123,0.2815456793813126,0.41427080448587106,0.1536915923162835,0.2481415307940275,0.29658836402388566,0.2107122947311867,0.278383114917486,0.0,0.35996629757818116,0.0,0.287771600799186,0.38423126320952483,0.31568941724623767,0.14215078458634434,0.41815512108092245,0.194133278293851,0.30794537183986664,0.0,0.4011757004141831,0.02800058327625731,0.4785573592791513,0.34425937420130176,0.09056796886722716,0.3106812306850332,0.2310661219716491,0.5253665763716581,0.313029709167841,0.4940984809609213,0.35235061677816465,0.043972443680059016,0.34974053280959155,0.13521934200550956,0.5603869271178331,0.2790521820107464,0.4962933984580505,0.3443511871846004,0.3588394715669937
0.45918318795353635,0.6058802474517999,0.455507688277399,0.011334291827102612,0.36309849837406877,0.45586851883256096,0.3096317496353645,0.28726222782391286,0.46843325631301835,0.35254542677301787,0.3329202188223222,0.03376932121114879,0.4514776151508944,0.0,0.4132948135815194,0.34569949896180596,0.5159880243114241,0.4669315733693131,0.3325417939712868,0.442947453749914,0.42706444600290483,0.48836455284114355,0.4079262281005716,0.4520589966990559,0.5469043727549606,0.0,0.3102417659091144,0.317970328496481,0.3368963581652378,0.012602523318394265,0.1574706527034314,0.2753122290046378,0.08732964402667176,0.0,0.15806432956214217,0.0,0.036261714337630674,0.30276958036134427,0.266442907626892,0.35656147614997574,0.4205019902965666,0.11013394759283562,0.3222935648843652,0.38878742819961054,0.29555947030269186,0.2385491506782381,0.0,0.4409676608038877,0.0,0.2626818781831456,0.45879350934922924,0.21931849074173287,0.30003713903118,0.4712871466547453,0.1420026985855947,0.3427122605150496,0.07652450850497718,0.4980825529493466,0.047820120349478905,0.42085665423758367,0.2619450036701519,0.10874486916456891,0.259624125514498,0.2830947467491335,0.5220001303192078,0.24677394974704622,0.4833782109938042,0.4151022580544344,0.2625474729300701,0.24096826736163288,0.2969443046496071,0.5038941421170783,0.3392826457250882,0.403832078799706,0.3413246509890674,0.3398290982568932
0.30101415265645604,0.31595035762043755,0.38734360696614517,0.016629400777469716,0.5031149728818458,0.38755556158912124,0.48747389156704535,0.14736195122976858,0.4890497650643982,0.3468970414558047,0.3647285250915515,0.0,0.2215729033799068,0.04322772974331783,0.4400346166403826,0.2821910572210623,0.3259998813144144,0.363452147982873,0.3097528937447462,0.5277385955266426,0.35865658634896674,0.519035334871797,0.32159128737923875,0.06230583522098999,0.4557621827864754,0.3102417659091144,0.0,0.2270500548709456,0.5449553963997824,0.030149652107284416,0.28896238381230877,0.23358112118907312,0.1320947804893259,0.047078377719442274,0.19039233776368275,0.028267145107821683,0.017985563291049757,0.20886891393135448,0.18510249345569524,0.20003322230985343,0.1904680607927169,0.025009250929721727,0.32604152262052216,0.2778964337210558,0.10723235254194033,0.2009116890876521,0.15494972504138327,0.4421741372779151,0.0,0.41786334797797875,0.35649944022918484,0.5025652085174797,0.18188372504364167,0.49012610237408744,0.20270204193068544,0.4074315067879537,0.0,0.33213109628061876,0.0397861163739948,0.47531902053995395,0.2915498219797603,0.0,0.22502652425692815,0.3049405597477717,0.5073089440909406,0.32824520749413627,0.47227096007849423,0.3438146469182691,0.0,0.3522969688924011,0.15811973888359154,0.5475216518792055,0.25154120147523634,0.4537877099477186,0.22272694115760175,0.2465662719285164
0.28992834072997276,0.30190886760461827,0.4001276705697392,0.053301433216468276,0.33164859788260653,0.3076828217042789,0.23796975393806896,0.3050809397840815,0.4021949089906346,0.38987796916382844,0.3615110472065365,0.261916100287378,0.43061709938746423,0.04558515446403292,0.26943907740257184,0.3691244920011847,0.374613867598061,0.31667843568343895,0.4494612466700067,0.35571411843878475,0.3397156373947309,0.3221524535555256,0.261436236245483,0.236906690071278,0.257849457758967,0.317970328496481,0.2270500548709456,0.0,0.31162221168567816,0.3969891363188334,0.4104706641611677,0.0,0.09367641629374754,0.17357632379165785,0.03554626093745081,0.07807408809849929,0.1205554707902825,0.13227417959626625,0.0,0.25197803257727547,0.19180674072243586,0.0,0.2631586648295389,0.24361113519920868,0.05839305597193143,0.2465232705133056,0.0,0.3564143642241078,0.11351194800393527,0.37532202466000086,0.27630417780388555,0.2677584267240022,0.3009637243747785,0.37485307201681345,0.3800559762490359,0.3831956415378196,0.1848094598408135,0.41136125229303366,0.27563385263533563,0.2587101037535743,0.2549494579324446,0.31269493157901534,0.3571270238363384,0.3660493461122128,0.3386892485546009,0.3062343332173278,0.29341763652340164,0.2659496939154809,0.20593594742660284,0.18619595299537783,0.1626415077940913,0.2938866055139008,0.5237021994980415,0.27731100257854435,0.3450452941465702,0.29370812559021253
0.3909856512278151,0.3665283896971964,0.2985770523135609,0.0,0.45146164638548447,0.3583009907235749,0.4934132149549719,0.02346499496466366,0.40225209133642004,0.3364453018581136,0.22126632622211584,0.0,0.2690302134038748,0.0,0.45445766668239873,0.4501469346884906,0.41169572336581123,0.4936171882302802,0.27331322474539665,0.49491340294020025,0.44071203686462906,0.5481208038864223,0.25724244566020943,0.07352998796572348,0.5021701717068183,0.3368963581652378,0.5449553963997824,0.31162221168567816,0.0,0.15732116517912367,0.40295450947111255,0.27547084942896694,0.050062952750937376,0.08908244221396641,0.26665143969950167,0.0,0.03652654119233338,0.1789092856328702,0.24975387607072894,0.16707610666779563,0.2994645138308756,0.07636783598162444,0.2760778199925504,0.3042148200895211,0.10453869390195626,0.35815800579757145,-0.005380405290245798,0.32788619805794467,0.0,0.3233419900475787,0.3253442675953094,0.38318300421690293,0.08824168050428174,0.39560469046307306,0.28301589189598986,0.2787340578811898,0.0,0.3480557752036656,0.025146871259457356,0.48539016868906976,0.45339740955649704,0.13350822458428296,0.4253211550273081,0.2120697847071496,0.4740456798110111,0.3951778941315222,0.4696121602301939,0.30465214057452994,0.014510987638998406,0.37556576845139145,0.13772206989729846,0.5087801639103376,0.32428688009695417,0.545021396059746,0.3479570360583427,0.3621130442867048
