0.0,0.1342705869142766,0.21412859600689155,0.19168621813765452,0.2423116930383133,0.17992158592613539,0.21772869737428538,0.1831031929839376,0.22550135966839818,0.5333244293313545,0.27569728201189575,0.17938015141673858,0.1933368583078525,0.08883341283788877,0.3685653023053911,0.4184798307440189,0.1934701282704826,0.2044750001874729,0.21964225833147022,0.31878373674534577,0.7013503398760677,0.325703176650331,0.4283467661896115,0.43381587635629076,0.37952569081730675,0.34443573445624914,0.23555824690825405,0.18548401135324494,0.4732480184655685,0.281296032768932,0.6581141574032503,0.017808030168169172,0.3130532302433909,0.1290187674424036,0.0,0.15639318799297577,0.0,0.2745801640094254,0.02811269588305824,0.22873120085934032,0.028988438890465158,0.0,0.0,0.0,0.12027624039567984,0.8175396859084627,0.3066876117288103,0.2997883573874146,0.10516015259003612,0.22467766922817742,0.2652011267871919,0.4373694498394012,0.32447397247860976,0.24520944830790062,0.45181616146632275,0.27535335669912353,0.17834963350205274,0.3344944379689288,0.05825391292100352,0.24508903440557503,0.25476700618263165,0.049004726857732724,0.13039536000606944,0.23488146434039867,0.23350753378076577,0.6484866195307559,0.3724688245437896,0.43727283901440567,0.5121418285166793,0.38508574888308633,0.5942528418466518,0.22171316911261948,0.28443096204933427,0.46072226085262113,0.3816744797581992,0.5389053764663339
0.1342705869142766,0.0,0.5410044724758841,0.29041531362121414,0.4219114032389094,0.8310661496594743,0.5813748360824568,0.6780581035769019,0.5195198144902707,0.5324794398936477,0.4089880508177224,0.6753176252086798,0.7990663587526347,0.22851118582397312,0.6222904102706598,0.3013972021457562,0.45750212532552614,0.4116375831669994,0.4800470811559742,0.6547389956703086,0.2553272381724594,0.7165599594196507,0.6674389738005589,0.3327510802646364,0.6158089865224781,0.881542237810696,0.6097634597692879,0.6408144191073252,0.294561269666509,0.36545095226422564,0.16739021045288846,0.0,0.06916128629638972,0.0,0.0,0.3713936310397822,0.0,0.14591184565226223,0.0,0.0,0.0,0.0,0.25580137104582634,0.0,0.3097680097495586,0.0,0.8040457540400769,0.4912469512530591,0.0,0.39458943536431673,0.715076663339822,0.19367126905050677,0.6834397389700162,0.5235277974699482,0.49761798745223673,0.4585447087245259,0.6863481828849441,0.5084689754791925,0.15303039887164668,0.5520328464116724,0.07752859472831705,0.529979206648558,0.0,0.4692923078468957,0.6820337570007194,0.008085812613138727,0.6235160732675358,0.6234461854518633,0.1951766626382114,0.2657130745163431,0.6041682879307161,0.6145257568810918,0.5399668203763719,0.30380016491203904,0.4592053603300767,0.21261723050317127
0.21412859600689155,0.5410044724758841,0.0,0.367064860757726,0.7930087672787463,0.592984097065345,0.6150696608253114,0.5675458226425831,0.792555312887602,0.398194142396615,0.8720563730872236,0.6331237724463674,0.5670154897420121,0.3891544543366917,0.6912955247257752,0.15096296873065584,0.3226862587247825,0.029159081315160932,0.9727015773868891,0.7213466007403889,0.2787699897383829,0.6515185744707709,0.7014767591442821,0.1985725245399911,0.25742883194470223,0.6527848876072185,0.7490550160086468,0.5745959224449957,0.4398002060480026,0.6317466228218742,0.353890402031621,0.0,0.0,0.0,0.0,0.30962924481478643,0.0,0.0993911504571102,0.0,0.0,0.0,0.0,0.0,0.06049835837561536,0.18188108164600292,0.11091018338289181,0.46785176270979434,0.975459380215262,0.0,0.7345963818293013,0.49601036781865054,0.3131198842785295,0.5795164110040315,0.7873110023335333,0.3893079437641565,0.88824784279288,0.4779544858238768,0.3348853965612695,0.44548753934109014,0.6593875226473862,0.0,0.1861057157325037,0.0,0.9426459826803775,0.7631958245618385,0.0,0.6096916240935468,0.6921278961348458,0.1085819279926717,0.0,0.5421915831313436,0.6166282208361782,0.44677659400263176,0.47400130602296525,0.5868617334913546,0.13564643698429485
0.19168621813765452,0.29041531362121414,0.367064860757726,0.0,0.6342914849750253,0.3783943738599191,0.49847535172741775,0.33518474759412387,0.5417611673193394,0.43055247259705354,0.4674303182489684,0.5169714045036002,0.48908572349218177,0.2753270783830234,0.42526137927372004,0.09825021906192814,0.3664450343861292,0.08292439936463317,0.47604820815896765,0.4553249207767539,0.15480826356037244,0.3886940536487334,0.37342890016601676,0.11900504213339046,0.19943633351514192,0.3913653235557364,0.4706693299761006,0.5141323719508496,0.2852584508347877,0.2961321651989885,0.34564613921345355,0.0,0.005505914190009043,0.0,0.0,0.5035021214108115,0.23067099086308607,0.13452553752834126,0.0,0.0,0.0,0.0,0.09253557380272365,0.12193717879389458,0.03409826590540604,0.17904482330290358,0.27103810476972146,0.39630105321969833,0.18144603713548005,0.5685111773682793,0.34894361916734734,0.35513699602837034,0.38568207215312916,0.4878987665377513,0.4922434601741286,0.4224785748995077,0.40763725899194636,0.30925691849822007,0.30859073626282635,0.36966538182004666,0.0,0.3963473057132701,0.0,0.4246088680917883,0.48171231122467845,0.051260688345493195,0.3840887402666604,0.44129036136143784,0.15367611851582635,0.05964566214994473,0.31343421248119985,0.46793020147107917,0.3782911378909153,0.2947225300282417,0.2903331613977693,0.22368236908278624
0.2423116930383133,0.4219114032389094,0.7930087672787463,0.6342914849750253,0.0,0.5494051864614633,0.8169421222314321,0.5090380329335025,0.9315473009802565,0.4966118865177787,0.8999145100221435,0.6967499130560233,0.636805045480176,0.4263186239641411,0.6209129703795147,0.0782852334493971,0.4428233677129481,0.0,0.8364586141685909,0.6858751399601095,0.2531866753938326,0.6253862043221858,0.590763736317808,0.1608581507664456,0.1455281360489759,0.5775107134400647,0.7664630079771269,0.6140523786973598,0.4769352636681703,0.5484850326882935,0.4526815935092949,0.0,0.0,0.0,0.0,0.4210968573000518,0.08196228220916453,0.13861896532906845,0.0,0.0,0.0,0.0,0.0,0.0,0.14199074428400651,0.17320511889940376,0.39569841073920015,0.790814447254747,0.10710322665218565,0.9601901886590307,0.4455600874906187,0.5323763507988384,0.5347432955473397,0.9373928035184603,0.4791234174676244,0.8741107035295917,0.48250801235420976,0.44971274944665696,0.534836691601478,0.5284106531856628,0.0,0.2530236060917166,0.0,0.7860843538212332,0.7145000087715553,0.0,0.5367719039747184,0.5619708351256891,0.141042798825363,0.0,0.5167823105920043,0.5924051639990495,0.4291910555484693,0.5046615762865301,0.4444482728354127,0.14021342580489335
0.17992158592613539,0.8310661496594743,0.592984097065345,0.3783943738599191,0.5494051864614633,0.0,0.5811483647553429,0.7054754311018582,0.7320812984865633,0.5447587680357839,0.4400956272733047,0.679741374847134,0.878870184726628,0.25884277439947023,0.7538770687378251,0.25602911938296363,0.4543602698003325,0.3933912899737189,0.5929906430451384,0.8034326770333846,0.2944145065855791,0.7207830197576545,0.7695276821085947,0.39785914586612425,0.6301850203829239,0.8377969746116675,0.8042380755652204,0.7014016101828426,0.5099110935635685,0.39430794567620825,0.18899322967472756,0.0,0.0,0.0,0.0,0.5304307873247603,0.07262276838890976,0.13362849506187546,0.0,0.0,0.0,0.0,0.29058659840358975,0.031951641514199255,0.22590421069549982,0.021135435512636153,0.7602047013587503,0.5989662299582359,0.0,0.47243763578183173,0.9079973861333344,0.2632845107559016,0.6504575019875656,0.688123117150142,0.48996837354814743,0.48822502852613064,0.7480130378949592,0.586648311904156,0.1528248199639485,0.6531053209775297,0.16230274633040404,0.6170497785913803,0.0,0.5584809601233727,0.7615674460938299,0.040406901449799366,0.6656958802880683,0.7046076557410422,0.2367675260463828,0.3308153280322452,0.6175550562539657,0.7653082183944434,0.5908965507153383,0.42604398882401273,0.40572463445690354,0.19421141625407626
0.21772869737428538,0.5813748360824568,0.6150696608253114,0.49847535172741775,0.8169421222314321,0.5811483647553429,0.0,0.6019920033689431,0.7648480755720517,0.4844744823933683,0.7138594667327072,0.7608087442634636,0.7587867373635402,0.39192335181512483,0.5288734500205389,0.026724176789472132,0.35306505127320886,0.0,0.6298145713921313,0.5550207841384389,0.2893839460246076,0.5837613345305115,0.6137532175799792,0.272503778215233,0.2838304721515178,0.5971360870918065,0.7097180896932328,0.6245863665610322,0.4271380938139351,0.4689611812241133,0.3964509317615815,0.0,0.0805475329834476,0.0,0.0,0.38968514394472825,0.019330063320599177,0.1795436431110213,0.0,0.0,0.0,0.0,0.023951006578414872,0.0,0.2521433266738693,0.17836326456559704,0.5014914878280478,0.7143902128616839,0.0,0.7689224956364935,0.4710105843281994,0.5262439212296562,0.581472674202235,0.8033426718362716,0.5009247058645904,0.6834440903478685,0.5317674331672426,0.4668375674439606,0.4848102795648995,0.42378294220714907,0.0,0.30306488581102414,0.0,0.6256074282192131,0.5559680260305441,0.0,0.4640001108509127,0.5730374868767343,0.16197535230639182,0.03831680200798109,0.5832331641120492,0.5411319138909056,0.4703463836058597,0.43038822345140293,0.4708920695075836,0.16672492545545933
0.1831031929839376,0.6780581035769019,0.5675458226425831,0.33518474759412387,0.5090380329335025,0.7054754311018582,0.6019920033689431,0.0,0.5432669904745637,0.49507576224342686,0.5575057488750426,0.8463790791174642,0.6450712402437451,0.3691464918673119,0.500299886202125,0.02011382363963494,0.32194365496249683,0.0,0.5282629106696979,0.49902563420456897,0.35777343007989687,0.47312897076643745,0.8326688439571922,0.5912839403304513,0.40008035955999677,0.7723158158640606,0.5854887510198375,0.5546393782224742,0.15169111005437785,0.39981695737698897,0.19573023411845789,0.0,0.09840458563685708,0.0,0.0,0.49708515137894893,0.0,0.11429915081344329,0.0,0.0,0.0,0.0,0.24431419702066132,0.0,0.2945085534974329,0.03701951018548143,0.6167820539002511,0.5848024720133518,0.0,0.4990220790390042,0.5909896341130557,0.20730043674145887,0.90313039576765,0.5516820375040807,0.48124410348802016,0.6027919674949634,0.784046127966883,0.305179123654667,0.35747616282348466,0.44874911777248677,0.0,0.45031024076469706,0.0,0.5176922159699328,0.4863048425694999,0.08448501097539532,0.45345062743003356,0.7564839042547166,0.3675075908291733,0.19823940313696886,0.6218330227229178,0.5072090480147322,0.4209635163946297,0.14229441779591495,0.43942250450135856,0.1345372639301736
0.22550135966839818,0.5195198144902707,0.792555312887602,0.5417611673193394,0.9315473009802565,0.7320812984865633,0.7648480755720517,0.5432669904745637,0.0,0.5033908949928009,0.8263476991007294,0.6584026529548227,0.7160637693151691,0.35084159534506326,0.7391289882247558,0.0995518613652439,0.440293688572115,0.09061712290014462,0.8422543762665132,0.8154969599752723,0.2753714433847988,0.7011035657595648,0.6738569478074461,0.21544480953994516,0.2866204732260894,0.6650066476125011,0.8933778458118813,0.6679134925076496,0.5087929412731834,0.4908268152357156,0.35529846655299385,0.0,0.0,0.0,0.0,0.4975537138849592,0.017475479587226218,0.18124796970822654,0.0,0.0,0.0,0.0,0.0067245908943770905,0.0,0.20995206357925586,0.12226548863315848,0.5207384164357686,0.7791907919161821,0.0,0.8336717423896901,0.5873694519688918,0.4606376883486632,0.5396006539611317,1.0,0.45921402631486075,0.7859887537340604,0.5529718121724273,0.4385801289049894,0.38606941939168526,0.6312636462822815,0.0,0.3613103376139672,0.0,0.80475916613518,0.7813125162136784,0.0,0.6155745970655233,0.6173199908961499,0.16016905479243493,0.014878507713782779,0.5412369052061782,0.7701164027532944,0.4630303633758629,0.5114035286124907,0.4131176128362095,0.18672145393252734
0.5333244293313545,0.5324794398936477,0.398194142396615,0.43055247259705354,0.4966118865177787,0.5447587680357839,0.4844744823933683,0.49507576224342686,0.5033908949928009,0.0,0.42806654348541423,0.618418706957351,0.584089126539378,0.18753870107411905,0.5408716160585062,0.355812309865327,0.6294798052211066,0.35252557157000614,0.4015601839713593,0.5476316290783966,0.6600303745012386,0.5538704490409024,0.5968295883246986,0.4793248771422848,0.5009691215175244,0.668111524958909,0.46915008949043596,0.5155175353687586,0.433956100780733,0.4726404972181248,0.5856862639754905,0.0,0.20442146592344376,0.0,0.0,0.26902729284677823,0.06317263599794977,0.1841625432192259,0.0,0.04757975089987293,0.0,0.0,0.09635842409936636,0.0,0.18350390995312213,0.5355636771087505,0.6246453974879783,0.46737750838687064,0.0,0.4802124303503258,0.5015834265242044,0.41186451678299285,0.5998681712227956,0.46881993054495547,0.9036154899621354,0.49101588178146166,0.6103114012160868,0.5957268625155084,0.1540910038186339,0.42006320089690097,0.24195961644851086,0.5608129237118159,0.1502165070720612,0.41137250822356747,0.5419505387937775,0.44960234459399967,0.6416599454977508,0.5629974819702613,0.49959283385946646,0.41626622145826664,0.7329596104629433,0.4419556455784549,0.5149190291094238,0.4533568762631617,0.5683683299747584,0.47546817778217443
0.27569728201189575,0.4089880508177224,0.8720563730872236,0.4674303182489684,0.8999145100221435,0.4400956272733047,0.7138594667327072,0.5575057488750426,0.8263476991007294,0.42806654348541423,0.0,0.673784657580672,0.534639406784002,0.4010253387321268,0.5465207741740381,0.008752584321272225,0.3309706712598116,0.0,0.9155439712032153,0.5541575518294952,0.32678673438980993,0.503048463995667,0.666220118004815,0.16532665901420537,0.12040910276681814,0.5470749904704995,0.6669249182899158,0.5408181289448369,0.32834456764977454,0.5457855726022042,0.4103876369240077,0.0,0.016240364790429642,0.0,0.0,0.2799861254000287,0.0,0.1730990596333712,0.0,0.0,0.0,0.0,0.0,0.0,0.17232024228812165,0.16315798032949239,0.39344926412491665,0.8681837350983649,0.058255441075757655,0.853763896914458,0.3967760387086307,0.4880459839865049,0.5752394148040825,0.8447389874313771,0.45891503476905976,0.996221296343276,0.44129806789076015,0.35433045624981524,0.5472675124975568,0.483265644092504,0.0,0.1743373554163665,0.0,0.8745287314239315,0.6053338200942964,0.012370166507707881,0.4566046184258094,0.6385292537712501,0.1264056834144688,0.0,0.5358977351286686,0.49797493762195294,0.36892045671536555,0.3964464395134709,0.49854912308034366,0.14176702722578466
0.17938015141673858,0.6753176252086798,0.6331237724463674,0.5169714045036002,0.6967499130560233,0.679741374847134,0.7608087442634636,0.8463790791174642,0.6584026529548227,0.618418706957351,0.673784657580672,0.0,0.7304576699810909,0.4493098839346615,0.553440107752533,0.002250157751446995,0.4934869932592784,0.0,0.5912980149565293,0.578678462500259,0.23213979172808358,0.5366940284225429,0.7308338016126509,0.48050624545354237,0.27449479999102644,0.7813830397757121,0.6035955020512221,0.6456846773106294,0.25377022788341463,0.488847452944552,0.2683600765948118,0.0,0.07732992550452658,0.0,0.0,0.47924398199463936,0.10414294459234821,0.020943124174136036,0.0,0.0,0.0,0.0,0.1466896408883771,0.0,0.24794097788541808,0.10300152898252568,0.5442197807205807,0.6629960610420317,0.0,0.6934916489437131,0.5046146369263503,0.25223311747485655,0.7798614928263146,0.6569756818377948,0.6200924641421345,0.6907011743175863,0.8649094699179233,0.40109813931888416,0.4933813525890841,0.47152813422162293,0.0,0.499610576306341,0.0,0.5893859883321657,0.5910519150287491,0.0,0.5305398475907086,0.6626321597162136,0.3843009272028094,0.03431718349271883,0.7003785612661451,0.4797961198921237,0.4788891572062958,0.23853399330363936,0.5001677850604793,0.09581683819972785
0.1933368583078525,0.7990663587526347,0.5670154897420121,0.48908572349218177,0.636805045480176,0.878870184726628,0.7587867373635402,0.6450712402437451,0.7160637693151691,0.584089126539378,0.534639406784002,0.7304576699810909,0.0,0.22065472248650292,0.6955266998702196,0.29610621900969025,0.5438274301095194,0.4495689730931761,0.5784471114324343,0.7382373179378237,0.26481909525284664,0.7086834865948011,0.6588827640079349,0.3317451563537228,0.4731368386905075,0.7868438095381796,0.6948600658641265,0.8876481008357618,0.5145617464968749,0.49834227359187894,0.27037396842654376,0.0,0.0,0.0,0.0,0.5557726980297122,0.03368124524490264,0.15286204009082915,0.0,0.0,0.0,0.0,0.29502742261840964,0.03978553421910074,0.25360620019573116,0.07879140793271588,0.6744729383439524,0.612101022252176,0.0,0.5592410758688973,0.7455822726817499,0.3914617724452682,0.6585777283043162,0.6979784212358476,0.5876567849371881,0.5456654137162138,0.7165064262824846,0.7329474231416852,0.2315905518542302,0.6039027787753631,0.1647948670953383,0.6591673629493425,0.09867664188599995,0.5401555462574581,0.7189703239885034,0.0,0.6490831970517525,0.6407784596397549,0.19528609277008277,0.20256477730992217,0.6074347878028982,0.6397932824992625,0.756384239351463,0.45475864851925996,0.5325746126105179,0.28458267438843377
0.08883341283788877,0.22851118582397312,0.3891544543366917,0.2753270783830234,0.4263186239641411,0.25884277439947023,0.39192335181512483,0.3691464918673119,0.35084159534506326,0.18753870107411905,0.4010253387321268,0.4493098839346615,0.22065472248650292,0.0,0.31142942025019876,0.0,0.009558274070076426,0.0,0.3854999083893125,0.31698374740056606,0.04044369590701365,0.303408929117327,0.41121886787455914,0.14159596091053292,0.11097844769791655,0.335917113386672,0.3788175442515881,0.17276954771451403,0.1852856996416906,0.2674185306817571,0.21219699524875707,0.0,0.00878679201054003,0.0,0.0,0.25994889597925674,0.046126787051109175,0.0,0.0,0.0,0.0,0.0,0.0,0.09821537883660371,0.0,0.052377068871744877,0.21600883919680364,0.35364052237950167,0.037531273901099116,0.39974348451527847,0.20092501304089044,0.16229603460768013,0.3389621371775206,0.3679373330274193,0.12638304386882326,0.4142036532337854,0.26951378643010654,0.03059167935714297,0.5971783558598561,0.31720850517215154,0.0,0.0,0.0,0.3846712182082258,0.3742141470310717,0.0,0.233083465276013,0.40159068133889525,0.09200012594725843,0.0,0.32590182288557845,0.3116228495471962,0.13061358131856285,0.21908783432269954,0.10460681185480383,0.0
0.3685653023053911,0.6222904102706598,0.6912955247257752,0.42526137927372004,0.6209129703795147,0.7538770687378251,0.5288734500205389,0.500299886202125,0.7391289882247558,0.5408716160585062,0.5465207741740381,0.553440107752533,0.6955266998702196,0.31142942025019876,0.0,0.3941517211937737,0.4695203923390264,0.3431787128890861,0.6950466752598894,0.9537962842398454,0.4341315872613335,0.8593160509121957,0.6636227263889339,0.2245741727326164,0.46815211314562655,0.7156979977630404,0.8052390361349783,0.7212081011379253,0.6107887529293763,0.5629651989425236,0.48191186894253263,0.0,0.0,0.0,0.0,0.5437042854395693,0.08872398266966934,0.10598087733171346,0.0,0.0,0.0,0.0,0.19265563773027786,0.08090752076770243,0.1592575573683528,0.1854847550139022,0.6102706724641489,0.6826489394548487,0.0,0.5842550223316375,0.6876773304371954,0.28138694191069225,0.579486862756846,0.7200785020414451,0.47316041095104094,0.5837571485251464,0.5427913893203251,0.5280968574755687,0.22253199729874015,0.9096606393882402,0.09137487252665295,0.4289407917785117,0.012308250057666654,0.6556529112553675,0.9256595958415832,0.192402199036608,0.8267618685829249,0.6939742869048792,0.17118407578449657,0.13553121060754397,0.6037446510304991,0.7518382504487657,0.6667549343410012,0.626354454198248,0.5461393232187478,0.27636687200221616
0.4184798307440189,0.3013972021457562,0.15096296873065584,0.09825021906192814,0.0782852334493971,0.25602911938296363,0.026724176789472132,0.02011382363963494,0.0995518613652439,0.355812309865327,0.008752584321272225,0.002250157751446995,0.29610621900969025,0.0,0.3941517211937737,0.0,0.4122295654062725,0.7720288059547123,0.16602980153579322,0.40769917332781247,0.3592985491396453,0.5733316119755137,0.14588868069926628,0.14158129031868336,0.41923427391792256,0.2786271734456139,0.15306027146018236,0.33848844439578935,0.510456135003588,0.38713529722843687,0.4656187195139566,0.1536309685698032,0.15042485273076645,0.13962953467203643,0.0,0.15132471070662204,0.07926480964861811,0.27799138549585134,0.09762780589752242,0.05772768724411395,0.039087937320305105,0.016751110150437384,0.1756768777532302,0.05428899850540234,0.0,0.42587273237348977,0.2884326690463926,0.14656515285438515,0.32091108565306264,0.04167984991697524,0.24884628097155692,0.28567262276706323,0.14672095172766858,0.07310330171215756,0.25773773447215403,0.0,0.10524546076859734,0.4400628441335451,0.0,0.36033533573548376,0.567068176242541,0.11806701771717273,0.40594031122053437,0.13782792709574698,0.36467428890335846,0.4132355594451702,0.5357154331678756,0.19094186261463353,0.17149635526133045,0.3482130298633187,0.26925277239741474,0.1713768446148911,0.45692938939251965,0.4499069211869807,0.4471961712729092,0.44121498217106725
0.1934701282704826,0.45750212532552614,0.3226862587247825,0.3664450343861292,0.4428233677129481,0.4543602698003325,0.35306505127320886,0.32194365496249683,0.440293688572115,0.6294798052211066,0.3309706712598116,0.4934869932592784,0.5438274301095194,0.009558274070076426,0.4695203923390264,0.4122295654062725,0.0,0.5292816825896318,0.36552078713127945,0.5121346463637616,0.24392381948449157,0.5141014943562687,0.22954272352753952,0.3065892852778282,0.26742978489599445,0.44411202566252006,0.3337461926039783,0.6351096554834821,0.31930716939416504,0.4206298649912272,0.348904907810289,0.0,0.008956404974810586,0.0,0.0,0.28529983591236696,0.32795959287904675,0.060617872516329996,0.0,0.0,0.0,0.0,0.3388306939232983,0.07758345685974796,0.0679196642250224,0.2842341816212139,0.30142642073593,0.31023472651596806,0.26109912879606256,0.48303799735202885,0.2917005320960509,0.2748727035202947,0.3310342933922258,0.39345186109398494,0.5895625756162269,0.30560568547481337,0.5445362082902732,0.5987775262331718,0.07062099075209852,0.41471363314624377,0.28929461210823765,0.489180367984665,0.17683730943816686,0.3133885736627774,0.5054067753075056,0.17937649043404497,0.5589809113704974,0.23199340825031942,0.2579109769016741,0.09388628896016192,0.32780939869261455,0.32002310409088036,0.5677031520771364,0.32645825400863293,0.5256376776910258,0.24008872279169033
0.2044750001874729,0.4116375831669994,0.029159081315160932,0.08292439936463317,0.0,0.3933912899737189,0.0,0.0,0.09061712290014462,0.35252557157000614,0.0,0.0,0.4495689730931761,0.0,0.3431787128890861,0.7720288059547123,0.5292816825896318,0.0,0.055216724327536604,0.38068574531168275,0.20764396979818694,0.4560386907252515,0.06095932152591323,0.14679752631153792,0.4358863708561968,0.39296368729706094,0.1378419383136833,0.3998837130852062,0.37745551554978857,0.20096896662574773,0.1754344919521339,0.03961243428464852,0.042015863062100846,0.07783609709632586,0.0,0.18585132952560537,0.06838572769919576,0.21207841401167657,0.0031923445281219834,0.0,0.07578592974703578,0.0,0.32134169768093873,0.1004502420934476,0.057439154708356664,0.20849877055809607,0.30957648241165775,0.044759844945695765,0.18356072124598666,0.0,0.36010510697035303,0.17997688529823555,0.09422232205497925,0.01743471112777225,0.2726710802304869,0.0,0.18091033384034955,0.504014313209172,0.0,0.32160201154357754,0.6051748068332546,0.4055770430053835,0.5878932376878284,0.02056469598109907,0.3196139118300917,0.3406206729049356,0.41830185397925024,0.1070584431830285,0.053499465138832414,0.35219686301152375,0.19128147278912114,0.19300178779767835,0.4733205931493026,0.26211907393644046,0.3069378686218219,0.23857167373176524
0.21964225833147022,0.4800470811559742,0.9727015773868891,0.47604820815896765,0.8364586141685909,0.5929906430451384,0.6298145713921313,0.5282629106696979,0.8422543762665132,0.4015601839713593,0.9155439712032153,0.5912980149565293,0.5784471114324343,0.3854999083893125,0.6950466752598894,0.16602980153579322,0.36552078713127945,0.055216724327536604,0.0,0.7329699028368811,0.2567617443160188,0.6671393019689483,0.7048014859632558,0.11850590879777091,0.23868905664969417,0.6151231732659291,0.7578851256793084,0.5858183480262857,0.44457928533072283,0.5942669218017945,0.40474505081378104,0.0,0.0,0.0,0.0,0.358412170596542,0.0,0.12859182453375353,0.0,0.0,0.0,0.0,0.0,0.04752776009677768,0.14237044373764557,0.11385937060967587,0.44949571861074783,0.9031163534044959,0.01761475722891106,0.7321385199604216,0.5177931631946185,0.37106929108537867,0.5646314146862451,0.8287993517580606,0.38237154678353014,0.878484895986146,0.44342904697436253,0.36122382921467155,0.47193772588474014,0.6377777798657612,0.0,0.23422021966950168,0.0,0.9953557540711656,0.7501549388773512,0.0,0.58380610883931,0.7110241982724802,0.10158985488940446,0.0,0.505896721358486,0.6337399452926837,0.4223916637069442,0.49346182372796427,0.556109037929347,0.16720932228245458
0.31878373674534577,0.6547389956703086,0.7213466007403889,0.4553249207767539,0.6858751399601095,0.8034326770333846,0.5550207841384389,0.49902563420456897,0.8154969599752723,0.5476316290783966,0.5541575518294952,0.578678462500259,0.7382373179378237,0.31698374740056606,0.9537962842398454,0.40769917332781247,0.5121346463637616,0.38068574531168275,0.7329699028368811,0.0,0.3310368382421687,0.9361227977968931,0.6416707826654754,0.25137271346095075,0.5015458230448562,0.748683148464193,0.8573521350204235,0.7694101195136414,0.6227600749720359,0.5539260595796509,0.4275324720461937,0.0,0.0,0.0,0.0,0.5865433227438611,0.12185100060474258,0.11117036713946686,0.0,0.0,0.0,0.0,0.2518262742709297,0.11024090906830154,0.23148212445377747,0.1817281590763927,0.5990694659941347,0.7002066662534946,0.0,0.6142332793144045,0.6797076008072807,0.2699929445124469,0.5469304441878644,0.7673015673248319,0.5027208087982775,0.5826974254808351,0.5946966461759129,0.5202205958810422,0.20777338849704488,0.8118700782491486,0.10654387404113683,0.4826835365076916,0.0,0.6573825956933114,0.9966991040642024,0.07506815173395497,0.8606011147563305,0.6555801627299946,0.15595794577741184,0.12169454999985702,0.5601294488172698,0.8195581956413561,0.7140212499536706,0.6599350268810202,0.5227498336078444,0.291917391138977
0.7013503398760677,0.2553272381724594,0.2787699897383829,0.15480826356037244,0.2531866753938326,0.2944145065855791,0.2893839460246076,0.35777343007989687,0.2753714433847988,0.6600303745012386,0.32678673438980993,0.23213979172808358,0.26481909525284664,0.04044369590701365,0.4341315872613335,0.3592985491396453,0.24392381948449157,0.20764396979818694,0.2567617443160188,0.3310368382421687,0.0,0.3523549221810951,0.5422540563632872,0.35932394461625633,0.4546448807485042,0.36731641366579326,0.3185076228902367,0.21196209651708087,0.4472896732239206,0.357031950099173,0.6077970086062017,0.06106551982344182,0.3030978498401337,0.049231428992344894,0.0,0.09877967868546376,0.0,0.2089510977546947,0.06503247470365796,0.09109786692250867,0.0,0.0,0.0,0.0,0.1136057938853291,0.6599623015967652,0.512830947764638,0.349394295482747,0.027028824411033662,0.2223197520998704,0.38011280195673036,0.4709225475902768,0.47924259433853156,0.3018409692353684,0.5764143631495976,0.34671179773886307,0.198067477277908,0.4505834779699108,0.055514411247749855,0.30128538784321285,0.23961424522856287,0.14351269586922671,0.19232388245561635,0.28242104128974305,0.3058856182088024,0.7377084673741845,0.4346298507906651,0.4809578588074351,0.40300724480059974,0.42649476536756437,0.5754996507093826,0.2396450792363691,0.2863129464069556,0.41660374721190446,0.39167216425566503,0.43138124602074207
0.325703176650331,0.7165599594196507,0.6515185744707709,0.3886940536487334,0.6253862043221858,0.7207830197576545,0.5837613345305115,0.47312897076643745,0.7011035657595648,0.5538704490409024,0.503048463995667,0.5366940284225429,0.7086834865948011,0.303408929117327,0.8593160509121957,0.5733316119755137,0.5141014943562687,0.4560386907252515,0.6671393019689483,0.9361227977968931,0.3523549221810951,0.0,0.5868763919256367,0.16578409110011164,0.5583222011600218,0.7032237621246673,0.7929908408716446,0.6948812133288916,0.6679809727113633,0.5573181767562773,0.527628851620567,0.0,0.0,0.0,0.0,0.49353885978780376,0.10569151937829889,0.14464748793622825,0.0,0.0,0.0,0.0,0.2007520005697526,0.05425639346848244,0.19077069275079284,0.23326352967865008,0.6464531845840666,0.6189945984317579,0.0688424891001034,0.5746938305210523,0.6193692986945568,0.39350549693544395,0.5421461877894954,0.671565882949207,0.49519404280539897,0.5222962360231793,0.5384608766795899,0.5344583914223097,0.2779988711665245,0.7371176291294567,0.11014304763817946,0.4060533770357404,0.0,0.6197115741678227,0.9394544345003458,0.08227137037932608,0.9003536008284341,0.6128809403134077,0.15919855638766145,0.20695944829091228,0.5440835844219236,0.7395794961577782,0.6423213553153382,0.6894004400199674,0.543531547904854,0.39264625654390656
0.4283467661896115,0.6674389738005589,0.7014767591442821,0.37342890016601676,0.590763736317808,0.7695276821085947,0.6137532175799792,0.8326688439571922,0.6738569478074461,0.5968295883246986,0.666220118004815,0.7308338016126509,0.6588827640079349,0.41121886787455914,0.6636227263889339,0.14588868069926628,0.22954272352753952,0.06095932152591323,0.7048014859632558,0.6416707826654754,0.5422540563632872,0.5868763919256367,0.0,0.5201791595953662,0.5451053304375663,0.7844876104472505,0.764185608614366,0.4990849438404298,0.4306262163595638,0.4175310625360273,0.32681236870512326,0.0,0.05997451215765118,0.0,0.0,0.40935934197383866,0.0,0.18431350297297092,0.0,0.0,0.0,0.0,0.08220047866366297,0.0,0.3231760939045247,0.2168142328484466,0.7408174116884617,0.7453055104345797,0.0,0.5274454190570425,0.7682409375386431,0.35596983370404406,0.8378204056018732,0.7031212046421668,0.5262535101643324,0.7179773064114275,0.6510345885578454,0.3949970018109776,0.38129734706462826,0.5663709914263869,0.0,0.3870320034344892,0.0,0.7076313739138645,0.5903152147049866,0.23953454356165058,0.538669983531554,0.9714718215160201,0.4205852432074173,0.3626701936565391,0.744873661933503,0.6773033071820307,0.4057929053209058,0.3963289407025082,0.46903694042531646,0.26893453904905906
0.43381587635629076,0.3327510802646364,0.1985725245399911,0.11900504213339046,0.1608581507664456,0.39785914586612425,0.272503778215233,0.5912839403304513,0.21544480953994516,0.4793248771422848,0.16532665901420537,0.48050624545354237,0.3317451563537228,0.14159596091053292,0.2245741727326164,0.14158129031868336,0.3065892852778282,0.14679752631153792,0.11850590879777091,0.25137271346095075,0.35932394461625633,0.16578409110011164,0.5201791595953662,0.0,0.4145487604794653,0.46847184370883305,0.25910112136883195,0.2989662977978924,0.13716218854264672,0.21732726396142044,0.14278840761040934,0.0,0.19749737606300655,0.0,0.0,0.33417991842302797,0.029821557992757024,0.12772838916939266,0.0,0.10861591468094815,0.08951606281509611,0.0,0.36283067153929255,0.0,0.3274342505488381,0.3672213610296515,0.29872208715692183,0.26381865017907485,0.0,0.12638021622040835,0.3709455245964511,0.10800872165962175,0.557520607035169,0.17222387810408016,0.39472026179068526,0.21201311291625133,0.6090317126822323,0.16595020503318914,0.0808563288669107,0.171657403255108,0.16245966582437676,0.28660053160023763,0.04259992594177177,0.08808913086946925,0.21702228142084917,0.33419864113096537,0.2594022037674768,0.4760591563220468,0.7707392619715593,0.3467084777221942,0.502370297916468,0.3137801089588797,0.329637994977439,0.1116911238157619,0.35360774640890225,0.29241354744150067
0.37952569081730675,0.6158089865224781,0.25742883194470223,0.19943633351514192,0.1455281360489759,0.6301850203829239,0.2838304721515178,0.40008035955999677,0.2866204732260894,0.5009691215175244,0.12040910276681814,0.27449479999102644,0.4731368386905075,0.11097844769791655,0.46815211314562655,0.41923427391792256,0.26742978489599445,0.4358863708561968,0.23868905664969417,0.5015458230448562,0.4546448807485042,0.5583222011600218,0.5451053304375663,0.4145487604794653,0.0,0.5222593520920282,0.5000118414627792,0.3061890491172386,0.4517308159163551,0.18740816653114672,0.18309986320068378,0.0,0.1530879086730007,0.0,0.0,0.2895461364001348,0.013840422734116833,0.21895220740083118,0.0,0.0,0.05108695070156099,0.0,0.26201022320485423,0.0,0.3390452834215612,0.18989436987343308,0.642296895168687,0.260252351404325,0.0,0.06727266476522326,0.7038203878629482,0.24253569552152698,0.47337240196769936,0.21990777779410003,0.4654102203341369,0.135305781530197,0.47477838725476684,0.3484584654342272,0.0,0.398283789475661,0.4298240598762238,0.44400467501485125,0.3061700141088029,0.18943778107491913,0.43503418139494127,0.42618954179206386,0.5157451600610272,0.550546430168717,0.3705865550290725,0.8341140196932944,0.40645101924903704,0.5999481299411262,0.38373434136294604,0.4088643089804903,0.3457893560115926,0.4381061849614685
0.34443573445624914,0.881542237810696,0.6527848876072185,0.3913653235557364,0.5775107134400647,0.8377969746116675,0.5971360870918065,0.7723158158640606,0.6650066476125011,0.668111524958909,0.5470749904704995,0.7813830397757121,0.7868438095381796,0.335917113386672,0.7156979977630404,0.2786271734456139,0.44411202566252006,0.39296368729706094,0.6151231732659291,0.748683148464193,0.36731641366579326,0.7032237621246673,0.7844876104472505,0.46847184370883305,0.5222593520920282,0.0,0.7022045242582707,0.6349303952176042,0.3671497191993781,0.4575486897739528,0.3017293215700332,0.0,0.04413720358747215,0.0,0.0,0.4362424134779175,0.0,0.11942747856185383,0.0,0.0,0.0,0.0,0.19214862639281985,0.0,0.2341863282154077,0.1824966413896706,0.7650823415368155,0.620342091234159,0.0,0.5500417958157033,0.746571275048535,0.22202988903060267,0.7480797230130831,0.6529389509435259,0.6003265562908084,0.5801521718741088,0.7628165242400423,0.5387595335606269,0.2713264046650506,0.6469788368236644,0.0,0.60153682418092,0.0,0.5855094859619351,0.7515361772400225,0.1239575862141415,0.6594418344668965,0.7179534637570012,0.3746789588026335,0.2279496826734233,0.8304349067624534,0.6632322506085614,0.5498275212001152,0.3705790541747641,0.4926442536851829,0.20590991127920474
0.23555824690825405,0.6097634597692879,0.7490550160086468,0.4706693299761006,0.7664630079771269,0.8042380755652204,0.7097180896932328,0.5854887510198375,0.8933778458118813,0.46915008949043596,0.6669249182899158,0.6035955020512221,0.6948600658641265,0.3788175442515881,0.8052390361349783,0.15306027146018236,0.3337461926039783,0.1378419383136833,0.7578851256793084,0.8573521350204235,0.3185076228902367,0.7929908408716446,0.764185608614366,0.25910112136883195,0.5000118414627792,0.7022045242582707,0.0,0.5699611603660723,0.5901051575820856,0.3618294369378476,0.3080341903205144,0.0,0.0,0.0,0.0,0.5396363326866441,0.025682539040722888,0.1528853013575431,0.0,0.0,0.0,0.0,0.12276817093414977,0.0,0.26259890498501526,0.07103781484030924,0.6380191694899796,0.7222537015934692,0.0,0.6588499265395888,0.7142962803262545,0.40930859113607926,0.5742185353983881,0.8734913640690285,0.4260881084801372,0.6892429948745379,0.5508793446084438,0.3668976269899451,0.3086417109768943,0.5983079582982553,0.0,0.39299908151444524,0.0,0.7273329330106924,0.799918568540968,0.0,0.6221654401766237,0.7131422912274193,0.14948886829493235,0.15098524434425697,0.5605677477459681,0.9547469949694608,0.4511283294549506,0.5776328597605273,0.32426903600716955,0.20051793408729726
0.18548401135324494,0.6408144191073252,0.5745959224449957,0.5141323719508496,0.6140523786973598,0.7014016101828426,0.6245863665610322,0.5546393782224742,0.6679134925076496,0.5155175353687586,0.5408181289448369,0.6456846773106294,0.8876481008357618,0.17276954771451403,0.7212081011379253,0.33848844439578935,0.6351096554834821,0.3998837130852062,0.5858183480262857,0.7694101195136414,0.21196209651708087,0.6948812133288916,0.4990849438404298,0.2989662977978924,0.3061890491172386,0.6349303952176042,0.5699611603660723,0.0,0.4989895767992014,0.6926681752247945,0.3084718702899617,0.0,0.0,0.0,0.0,0.6475271884392593,0.14903785054145063,0.07320470968072822,0.0,0.0,0.0,0.0,0.3608454897500644,0.1362938002602917,0.19682414568693804,0.1236342568186558,0.46946244957992656,0.6266015596323675,0.0693994094741842,0.6110616884771162,0.5381341364174235,0.30937076886215126,0.5701227327443655,0.6379423501429001,0.5584207661816809,0.5462031324618909,0.6606487552749831,0.6679093506120136,0.20395853589604795,0.693892757312761,0.21358523649044825,0.5931047644123858,0.13265780467556096,0.5140263540889625,0.7590293702785061,0.037308086153775954,0.7334328358835359,0.5603563467286129,0.15536750240006159,0.08056473273277132,0.4855648199715068,0.5396871020277354,0.9730955656441681,0.45586501338046986,0.6945675972110287,0.29061264161026806
0.4732480184655685,0.294561269666509,0.4398002060480026,0.2852584508347877,0.4769352636681703,0.5099110935635685,0.4271380938139351,0.15169111005437785,0.5087929412731834,0.433956100780733,0.32834456764977454,0.25377022788341463,0.5145617464968749,0.1852856996416906,0.6107887529293763,0.510456135003588,0.31930716939416504,0.37745551554978857,0.44457928533072283,0.6227600749720359,0.4472896732239206,0.6679809727113633,0.4306262163595638,0.13716218854264672,0.4517308159163551,0.3671497191993781,0.5901051575820856,0.4989895767992014,0.0,0.5427177297568974,0.5188288856415596,0.0,0.11693792339207153,0.0,0.0,0.3373150786408874,0.15898569899951778,0.17456515167701978,0.0,0.0,0.0,0.0,0.0,0.1171254190941234,0.016528900580988583,0.4743179902648823,0.42046417992945956,0.5401612635410081,0.2252035729553451,0.42897029387373947,0.508786302139371,0.6153838914052645,0.2416924077934642,0.516186918144381,0.43709627219654057,0.3797404081992141,0.2451998438639817,0.5847303830131084,0.17558343896877518,0.5166011022236503,0.3418413775969094,0.2043962268747314,0.26959992523856585,0.42407058326383895,0.5775295508205425,0.27552056473294284,0.6599723719358059,0.4474534111730736,0.13390689811159776,0.29958471751362425,0.5209176573178766,0.4772790553195561,0.5219781792587393,0.8728222408191233,0.47151665149595506,0.4167556897209781
0.281296032768932,0.36545095226422564,0.6317466228218742,0.2961321651989885,0.5484850326882935,0.39430794567620825,0.4689611812241133,0.39981695737698897,0.4908268152357156,0.4726404972181248,0.5457855726022042,0.488847452944552,0.49834227359187894,0.2674185306817571,0.5629651989425236,0.38713529722843687,0.4206298649912272,0.20096896662574773,0.5942669218017945,0.5539260595796509,0.357031950099173,0.5573181767562773,0.4175310625360273,0.21732726396142044,0.18740816653114672,0.4575486897739528,0.3618294369378476,0.6926681752247945,0.5427177297568974,0.0,0.561984752455759,0.0,0.10470219348821867,0.0,0.0,0.241293992491309,0.13741669721318572,0.01562136164634186,0.0,0.0,0.0,0.0,0.0,0.007764125015852583,0.09248626134153444,0.37136318975492766,0.37613066488397195,0.6418110908675058,0.24547356114094732,0.5888119617270015,0.28481140976525665,0.3325418418606412,0.44105852272795004,0.49814958760115574,0.5005574618285753,0.5621312731316804,0.41516819645300984,0.5017025076504575,0.3053054554988926,0.6101451633702294,0.08293096273412444,0.24887071201737954,0.015506402471965304,0.5683727697914605,0.6512072992333213,0.15213924018454306,0.6894605495203765,0.4354827404794888,0.13415435254156644,0.07123278062326306,0.5175011309644504,0.25062784774323643,0.6726811499079598,0.5426955172132026,0.8345166079949671,0.32449933876704035
