0.0,0.36391501903664053,0.20822132980515348,0.0028204688193058836,0.26892186854388106,0.2082407467117202,0.2017362885020043,0.14023808230467744,0.15810283015791693,0.37835506587482404,0.11228156236776476,0.29731891079778994,0.27600165388374576,0.0719265575469106,0.3757612717844711,0.33126944385936063,0.3192795388009238,0.33665203102220215,0.1661062820196664,0.2278927290735851,0.3019509630208668,0.4024236550973859,0.28434800059401016,0.36862393867245574,0.4476841710618761,0.42565638913945875,0.26804125852969946,0.3369761816113352,0.1779424581839374,0.29475313417889615,0.4057254295184166,0.1864722920398225,0.0,0.18655608545624233,0.07557633076630775,0.15873641941767544,0.22148575916809188,0.10191474752880529,0.13623488449967108,0.0,0.008021853113199055,0.0,0.0,0.15051301246814072,0.12742046415843808,0.5428826312137336,0.3120025988300693,0.06717636053009644,0.02011108255970161,0.0,0.2205184587222439,0.09461932910028359,0.17063769765776665,0.15468002382779822,0.35915724412534283,0.043470142138246695,0.15546222623854528,0.14324697637776956,0.0,0.27626253572342874,0.3283667755477579,0.3518955004781279,0.3226445355184811,0.11097871977584464,0.26445788458493047,0.31441388509580565,0.32351548163731536,0.2658627209213781,0.23024008514101135,0.4021220708787262,0.42566396212153323,0.3356461627145877,0.23284924964721201,0.36570745866928994,0.04698811176753749,0.1956889491050623
0.36391501903664053,0.0,0.28208153879731773,0.027816126941392884,0.2357222843971637,0.3861786369412956,0.19191059812136993,0.19270691045436364,0.17334520187539815,0.3749707128197529,0.1886081265485363,0.4346477644710904,0.3119113014143479,0.011380114938548862,0.3723301374201119,0.48195219946042944,0.47562468406189723,0.48303935079627314,0.17521920197201402,0.1978305711056999,0.2364611388402864,0.4309666445433505,0.33886767663831163,0.34236318357591733,0.5564396490756756,0.5804175796962932,0.29951600371268716,0.24159470981916156,0.10482898604852477,0.2490241804265212,0.3260349657395612,0.27464278133965997,0.0,0.08352534236875796,0.053733627144655766,0.14547906500555838,0.1835537223467938,0.08020873592402951,0.1371686002965131,0.0,0.0,0.0,0.0,0.055192125216021695,0.0,0.25706815505756386,0.5390720959160638,0.07969069848188083,0.0,0.0,0.31285446696746805,0.14467763855500895,0.22221964917930023,0.17120755240229701,0.40016070025076234,0.13673533626966636,0.29640946713137584,0.13481973963471192,0.0,0.2678957126772354,0.251060616619989,0.4732856191879484,0.30910774578143846,0.15887707467129852,0.2300845660671144,0.17826906301693676,0.28545759306347107,0.3181698668641234,0.11626455952941687,0.5045909736823719,0.5502038275954215,0.3692486246714702,0.1143477171938778,0.2432714189555179,0.07423866623057934,0.052018220905088036
0.20822132980515348,0.28208153879731773,0.0,0.0,0.2931590316426317,0.2952606354933826,0.1552305275701864,0.2931744693466352,0.3968446127288164,0.13558216101919185,0.46406472504283974,0.3330721601451151,0.23140371064425555,0.0,0.3164043613513674,0.25097108579932337,0.2806047029452413,0.2890257218145288,0.4760502447115128,0.2844713153231738,0.09523883469772426,0.32578184982116115,0.3004253702652811,0.15515574813129948,0.24832523840972723,0.24508421337357178,0.3977646735516152,0.1264542457129586,0.13870239237663626,0.18081336241195656,0.18654032200438062,0.14274254786566182,0.0,0.0,0.056918022750174435,0.12649370333347684,0.01475245225816149,0.10135697617450211,0.051910019064728176,0.0,0.0,0.023129311387232294,0.004487669834280076,0.05905001709656698,0.0,0.11040439013370745,0.25773876774777454,0.34797436351076055,0.0,0.22651138543306318,0.0929165799000459,0.19330064129347596,0.16501777862035016,0.34466800703077843,0.31052773282859225,0.37064694616228616,0.29753988048368785,0.1777968297104634,0.0,0.24766425990495383,0.14139749893860837,0.28591712574510747,0.1946709213266889,0.4216779070711236,0.2592166180740744,0.1137576095199613,0.23964856559388123,0.2538965801124272,0.01013392313582499,0.245099106675841,0.2344912787458492,0.27284122323447435,0.22896360735365906,0.03666609452915335,0.13595706123306806,0.14654697465159894
0.0028204688193058836,0.027816126941392884,0.0,0.0,0.13361332077692512,0.0,0.16876454710891492,0.0,0.0,0.08516473761009981,0.0,-0.0013797235747211097,0.08493918502076855,0.21273320073310845,0.0,0.03930950366751316,0.08269214009105395,0.05647327282041267,0.0,0.0,-0.000915817068704458,0.0,0.0,0.14823014073526497,0.05194644527033599,0.0,0.0,0.20917855055487275,0.0,0.12865189449599185,0.074602323121092,0.15417120832369394,0.0,-0.005609666009549082,0.017215729998278372,0.12022423098628146,0.15075723384639114,0.10334797968758765,0.21803557807935547,0.0,0.0,0.0,0.03686416692550613,0.04108581242848304,0.03230882734397335,0.03097220432160867,0.048094084289499774,0.0,0.0338151544181768,0.0,0.10057239065957406,0.0,0.0,0.0,0.0,0.0,0.0016147509469521366,0.03471195232161386,0.0,0.0,0.0,0.08101348646824104,0.0758298620180707,0.0,0.0,0.0,0.0,0.0,0.17707957356901105,0.02208774852448079,0.0375873759039929,0.0,0.03959844297751,0.06079220262718434,0.13135359057339172,0.027399119028467138
0.26892186854388106,0.2357222843971637,0.2931590316426317,0.13361332077692512,0.0,0.2768333572582304,0.53284904991582,0.15302939015143324,0.44026544455605177,0.3548132819803656,0.30145606481422405,0.356302112388197,0.4522770000522644,0.09152002965500838,0.3517880193613876,0.2614499359340267,0.26706329709345805,0.20576276028766638,0.2369916387789761,0.3183638378210759,0.166050561002151,0.32014526617307126,0.20249118023060994,0.24878853738878628,0.22492934873424555,0.22038886650415676,0.36824407399601683,0.40816375539124133,0.17888812922513786,0.3080031189901377,0.372909984498575,0.1652440863057436,0.0,0.11618583245850024,0.09145028042974804,0.172859890493827,0.22783076427226623,0.15920978280595008,0.08082817342461156,0.0,0.0,0.02225845586374206,0.0,0.15426897501475534,0.08856953127723988,0.2907177417405772,0.2344568644932011,0.22116249196221163,0.0020309637475743373,0.13418641437612536,0.2626030435672275,0.1760354905944412,0.13071839398067972,0.3972121965914831,0.34782543963597967,0.25103827729243283,0.2537744099081435,0.2574958669523214,0.0,0.3647624552225067,0.3535319070915263,0.34512681115447785,0.17341998403834946,0.25758803759041055,0.19774051918063493,0.22929488641162837,0.2093592019433579,0.25424874941788417,0.02815251499822656,0.2771341409354542,0.25156409071519936,0.35534365650260386,0.20985257426225357,0.1296677183765668,0.0,0.04350697861295069
0.2082407467117202,0.3861786369412956,0.2952606354933826,0.0,0.2768333572582304,0.0,0.2467926597800998,0.31529674415117936,0.3760861570712457,0.208572415084028,0.28859827100357127,0.3237220730333862,0.38701311365500146,0.04012539732573781,0.338002321039584,0.24313501954777134,0.22726695140146563,0.2049432900877588,0.2812248496178935,0.2794308709358949,0.2594765030166434,0.30987932117035766,0.4508467241559897,0.22233598338743296,0.2262891520441191,0.3086276326540958,0.4247787306697664,0.18378204046030544,0.2952028222819749,0.2608171866533729,0.2223474435064777,0.08014180140712085,0.0,0.06597899999052513,0.0,0.1788822515599366,0.11575121484094679,0.034945569110749225,0.0,0.0,0.0,0.0,0.0,0.1593776391619789,0.0,0.1595366528561802,0.2770627428596004,0.2764125205120618,0.0,0.08605361682484045,0.35045390006452254,0.09038139920285243,0.2914934467348595,0.3115028821254075,0.22527576634631927,0.2768145685465517,0.2602559944131678,0.2654183404676941,0.0,0.23292792318542538,0.2696349623560064,0.23363731270017968,0.1481681822005899,0.32965283300715675,0.09511808171664494,0.21111132002042135,0.12998647064356628,0.39620921307462087,0.0158673636960943,0.23305845473379694,0.30559077579405103,0.3488265122225049,0.09530947638991949,0.07395898025390309,0.0,0.0
0.2017362885020043,0.19191059812136993,0.1552305275701864,0.16876454710891492,0.53284904991582,0.2467926597800998,0.0,0.10134186948342444,0.3309348210949251,0.2203987221912944,0.21471549947989382,0.1861477207388683,0.4155131795667168,0.060028050880449865,0.270288304759361,0.14597631219680762,0.1396331701966139,0.07350122869170156,0.1491859906404425,0.3135779888450203,0.14824458647779373,0.284964120369255,0.08175604288000664,0.1762799877365788,0.1362969537380734,0.14724665576637314,0.3490299477811595,0.30252101228562756,0.27751402863715713,0.22355750471012292,0.2774668420955659,0.04692855478790687,0.0,0.08500054839970975,0.02639167419811854,0.0177936867602088,0.10888841110703319,0.053008374948182974,0.015271830433523764,0.0,0.058619849739165536,0.04291496656030101,0.0,0.11229394960447388,0.12168939236213189,0.21847062555113583,0.14333897199377876,0.1857415882425932,0.009966430549263128,0.177074674991599,0.15391182059710773,0.24061354502392704,0.04137411392613337,0.30274784274554656,0.1943228795274519,0.1957479219000297,0.10404368145781494,0.20925672423339575,0.0,0.3072665529166335,0.3099101374596446,0.2432168388349893,0.1292641129778293,0.17802937409905012,0.13416195096976458,0.2516108429811821,0.1733304004384403,0.10999883078609297,0.0023531583163284254,0.24199178954328843,0.18020608129829924,0.2784343352751214,0.1451794092792462,0.08418789353637098,0.0,0.05686311155109352
0.14023808230467744,0.19270691045436364,0.2931744693466352,0.0,0.15302939015143324,0.31529674415117936,0.10134186948342444,0.0,0.28688597724933934,0.0,0.34377587674553856,0.12263189522958598,0.07733927480087743,0.0913037277504455,0.17215721568817843,0.17489268963640578,0.04266640170575875,0.13607707778730863,0.3679985880906773,0.1518367435461574,0.31086940465666824,0.193423462668986,0.45702694538853855,0.07536043261754338,0.08731419932948652,0.12389691649356346,0.21905016186740656,0.06549277875137502,0.027762419337206034,0.09132179263456461,0.033258231507357926,0.04568848469820782,0.0,-0.009862604316960294,0.0,0.12866318011323283,0.0,0.0,0.0,0.0,0.0,0.0,0.10681670922535391,0.0,0.0,0.07088686117561055,0.1292984986699278,0.3560015127035661,0.0,0.30656611504134,0.1539147975538061,0.17271928130576422,0.4571171857507768,0.3009170621650215,0.04340638348555959,0.3690590735063402,0.0845592363449307,0.11236432715904775,0.016393486719673864,0.19059128378000614,0.0,0.1378071321216446,0.2100004660969375,0.3817883056035354,0.22781381562100148,0.27991352030235417,0.2257676845467442,0.40142956684397546,0.0,0.10687120720922767,0.12107122316917696,0.23037977039434718,0.08078749893367053,0.03416823671798815,0.16963401335883965,0.0
0.15810283015791693,0.17334520187539815,0.3968446127288164,0.0,0.44026544455605177,0.3760861570712457,0.3309348210949251,0.28688597724933934,0.0,0.11250836593901521,0.5771750414312067,0.24721725039976203,0.2873171845878321,0.0,0.34774522440164485,0.1619230165016181,0.08914590114661554,0.08284985846186954,0.5075550037756472,0.44060173310607154,0.17733273635656324,0.36346352565929546,0.27424557033706143,0.00977298121003512,0.06982543681706135,0.12576343391209716,0.48408627266866555,0.16472544927101399,0.2189698037382354,0.22197658636923664,0.13429560447457742,0.0,0.0,0.0,0.0,0.14665622974728768,0.0413810418794841,0.0,0.0,0.0,0.0,0.0,0.034920253690474294,0.024392249676799295,0.0,0.11932094515879049,0.08015922877135735,0.4736437159300146,0.0,0.2990693049449831,0.22735903189760037,0.16741667722352851,0.22465502483251523,0.593278290876979,0.12187796720321188,0.5124339789476744,0.13383048328983513,0.198463961088662,0.0,0.3956427352475545,0.18381213956622847,0.1482338042044318,0.16592309836104607,0.5124334922843168,0.2549397187086894,0.1988974348221604,0.21875685600757125,0.3085898940143583,0.0,0.13345269974261112,0.11725001317723222,0.4381608241405755,0.17743253630441608,0.042556392864850225,0.03623523032338977,0.0
0.37835506587482404,0.3749707128197529,0.13558216101919185,0.08516473761009981,0.3548132819803656,0.208572415084028,0.2203987221912944,0.0,0.11250836593901521,0.0,0.0,0.5210732497052751,0.4236656057452399,0.13358471286510984,0.35949277157168047,0.39343227828163935,0.5406793817962077,0.42794512984845223,0.0,0.1602923166749831,0.13806338787079597,0.27651702703664277,0.25383749759784896,0.40496235750586984,0.5296354942310153,0.45824315700756496,0.18101294543806484,0.5080047175133716,-0.0036547554956884915,0.4233984093145042,0.5459661651429494,0.40605309867032874,0.0,0.2606537601153977,0.1744332265991085,0.3144872900055462,0.4065215670004149,0.24594091077696995,0.21711616177755194,0.0,0.0,0.0,0.0,0.2430534906049787,0.05289436238801589,0.4043486697874456,0.47236110356820904,0.0,0.17430270911639104,0.0,0.406858432723746,0.0,0.16851664073054878,0.10106135269674145,0.5443594402253875,0.0,0.3255827952366365,0.20784870992086885,0.0,0.28678665124730796,0.39611307880694213,0.5491218082094367,0.27362618187402926,0.0,0.21637784662193074,0.1361231808865557,0.23867520773263998,0.2894672929164422,0.2868549353165114,0.4841257280421839,0.5158234994513494,0.3241446283466673,0.21168787665704367,0.3027812069538645,0.0,0.07480691843370184
0.11228156236776476,0.1886081265485363,0.46406472504283974,0.0,0.30145606481422405,0.28859827100357127,0.21471549947989382,0.34377587674553856,0.5771750414312067,0.0,0.0,0.196082619913542,0.14057757050338404,0.0,0.2674408781734402,0.21529291666075845,0.07966318594662773,0.11954788569472027,0.5823648461052705,0.37638021778227787,0.14998890281444519,0.3667306470455969,0.23892699599533035,0.0,0.053502686245829593,0.1310333944100792,0.4050860733660373,0.009810339519125315,0.1385699821831852,0.10778487990060942,0.02749960950980516,0.0,0.0,0.0,0.0,0.06878170999732518,0.0,0.0,0.0,0.0,0.0,0.0,0.13651669909127453,0.0,0.0,0.016210519447709078,0.06082170638933001,0.4814887424088056,0.0,0.37227277612468473,0.08098670150670656,0.17339261242846365,0.2129366205519955,0.49145999769177434,0.06146565603990348,0.5851331526840866,0.1196604899647898,0.11369064507254774,0.0,0.33810206706937845,0.037192228734764674,0.14320309976186668,0.16798979630720628,0.579952261778348,0.24687798181016632,0.16478599563075333,0.19312107729589437,0.24485686089886094,0.0,0.10132609688213057,0.09785817177916734,0.3213193051952127,0.14713316467257456,0.0,0.13002581761533075,0.0
0.29731891079778994,0.4346477644710904,0.3330721601451151,-0.0013797235747211097,0.356302112388197,0.3237220730333862,0.1861477207388683,0.12263189522958598,0.24721725039976203,0.5210732497052751,0.196082619913542,0.0,0.38235457092675046,0.0776189004958696,0.35859844132109364,0.404698370213941,0.5576649311149187,0.45996216998392186,0.18324188670639915,0.247131694143977,0.13402963705542975,0.34821711277573053,0.3580249372017249,0.42334995684204846,0.4748381580912107,0.4961567161942346,0.2707634530977446,0.34329748418014927,0.016826687952550812,0.39736766949997077,0.4142850168009082,0.3226147211595465,0.0,0.12798030951098024,0.10592488665966106,0.29342398915082807,0.30072508991422936,0.21423661281350095,0.16711058081994842,0.0,0.0,0.0,0.0,0.22864828347306956,0.0,0.2985503983225079,0.4454734334373281,0.06331641376037098,0.0,0.0,0.36747655312309596,0.045607490934770414,0.28173065169245975,0.18138744898701464,0.5603116698075974,0.08058806204694412,0.5326579109970994,0.24088241862030793,0.0,0.28033840096961693,0.30756500302538553,0.5302025493299708,0.25391867806165597,0.11944816168721901,0.2022470028756441,0.0976731158486071,0.21242206869413774,0.35667887728307746,0.17036389248284148,0.42499584536510443,0.5096856887228797,0.3201660812679631,0.25223674747989205,0.11032600306708397,0.0,0.06707400082949477
0.27600165388374576,0.3119113014143479,0.23140371064425555,0.08493918502076855,0.4522770000522644,0.38701311365500146,0.4155131795667168,0.07733927480087743,0.2873171845878321,0.4236656057452399,0.14057757050338404,0.38235457092675046,0.0,0.12063483727979978,0.3384733530687453,0.21340167697561588,0.35413582738836313,0.235947545427897,0.13843166478093025,0.2484554801714012,0.17484469158279714,0.2650672519079695,0.2063496088369626,0.3261094323592354,0.28035355645541166,0.2575361823534167,0.28011112344952166,0.5069143810968788,0.20238225520161543,0.3743552976500587,0.40540722753617386,0.2035806059292329,0.0,0.16855282016098438,0.13863334449609369,0.23671666095001184,0.31666731942980936,0.2593884297512792,0.0988065928608166,0.0,0.021245474323522598,0.06722638934878633,0.0,0.286163843184612,0.0791489858364397,0.301842666614179,0.30166611090447715,0.12324208778563657,0.10592891568624241,0.0,0.34749047191786575,0.08334475317500994,0.12189535513542049,0.2790432977817077,0.39690751467612306,0.10206407520961899,0.30835258015358724,0.43779796529020526,0.0,0.22831172709323788,0.39791194932914714,0.38072763159455986,0.20525126570863678,0.09823918863810324,0.12922591891869672,0.20358054157789446,0.1542602218716244,0.19136532866943667,0.21534634449693987,0.2985098264953059,0.33938663640018185,0.2729559332925551,0.341225419211693,0.1693851021462274,0.0,0.11929199076978858
0.0719265575469106,0.011380114938548862,0.0,0.21273320073310845,0.09152002965500838,0.04012539732573781,0.060028050880449865,0.0913037277504455,0.0,0.13358471286510984,0.0,0.0776189004958696,0.12063483727979978,0.0,0.0,0.04584945680492865,0.060368277342592216,0.026055821906389037,-0.006053727833387425,0.0,0.08178703257634892,0.0,0.1221132746268518,0.11116313296807527,0.04076568151728666,0.025666673266953675,0.0,0.23490946715279115,0.0,0.15526244207707104,0.08595200776848855,0.03756024788545962,0.0,0.12481724484554785,0.0,0.25030391508723804,0.19278957984766049,0.0,0.05609960965949353,0.0,0.0,0.0,0.08070102854781458,0.14008978553418952,0.03306332385198316,0.1176804592205633,0.07610204527938699,0.0,0.16432044500939155,0.0,0.14399196356738142,0.0,0.21759541158064474,0.003140276647960318,-0.0042317447602961775,0.0,0.0,0.0534097789916312,0.23175235655256146,0.04700929985591115,0.007930562222802123,0.06366632008553473,0.04674013255190237,0.0,0.0,0.0449056019205577,0.0,0.1410778775525328,0.21292377578167732,0.02906061075227387,0.06715811999859295,0.0,0.0562549535127524,0.012078726473602454,0.0,0.0
0.3757612717844711,0.3723301374201119,0.3164043613513674,0.0,0.3517880193613876,0.338002321039584,0.270288304759361,0.17215721568817843,0.34774522440164485,0.35949277157168047,0.2674408781734402,0.35859844132109364,0.3384733530687453,0.0,0.0,0.26296428153448764,0.2800743457430454,0.25771052756748514,0.27399369397008655,0.5154717537643232,0.3264498376332378,0.5331807224079494,0.2524646769604216,0.28000847199693957,0.3222655919021426,0.3400665568291027,0.4687274776344113,0.3225468607477084,0.32479926355185545,0.34390564960464653,0.39656187057014886,0.18475908801329838,0.0,0.14315255517725384,0.11244282781355225,0.18062306886840343,0.19291481489429718,0.11173117258959314,0.05396622462327395,0.0,0.000941184645611408,0.041765518755744385,0.0,0.1430434289824279,0.0424048724290401,0.34721732690113327,0.3160523184760895,0.1724320153644249,0.06029766188479972,0.0,0.2725297141885145,0.04534554649412192,0.17152209920310899,0.2965965484053783,0.3315297921512512,0.20629817382409563,0.2358614009356717,0.1860071442903202,0.0,0.5206942856623615,0.37598701162376125,0.29867088952169474,0.18077963918757153,0.2736503422449624,0.31135104206136643,0.3220444555879381,0.3439143127605077,0.2885348273058648,0.06881353443518233,0.3481204735019445,0.36773716713884863,0.44499752539923115,0.20823578466967585,0.2138588362126091,0.0,0.11393130287406661
0.33126944385936063,0.48195219946042944,0.25097108579932337,0.03930950366751316,0.2614499359340267,0.24313501954777134,0.14597631219680762,0.17489268963640578,0.1619230165016181,0.39343227828163935,0.21529291666075845,0.404698370213941,0.21340167697561588,0.04584945680492865,0.26296428153448764,0.0,0.5035125872746954,0.5736086507685083,0.19501244791608963,0.1519755091835943,0.2098151152809175,0.3941304527940814,0.31838179742219513,0.2759162572685539,0.5352821900554778,0.5254402057485973,0.23630653881974054,0.2563330884293442,0.0,0.3025995153482206,0.4003400050333305,0.3373786178361077,0.0,0.103573352402368,0.0,0.20066914632925828,0.18818432170362004,0.06625366706019081,0.18258454239637026,0.0,0.0,0.0,0.0,0.0,0.0,0.25963308976098176,0.4498756532928903,0.11527560532520764,0.0,0.0,0.3263801395553044,0.15318415659854354,0.2243534378337441,0.1811427525092422,0.3788731223279149,0.12970671875138223,0.2342119369089279,0.06727315600269013,0.0,0.227439413473431,0.16895369485186287,0.5046694951059564,0.3933723250138921,0.1689356839183347,0.27099956602625314,0.1531107331707132,0.2680520549493592,0.34721522885568623,0.038714872323179446,0.4461276804750728,0.48479179259012906,0.3580793911851449,0.09235235978394547,0.29059915535508546,0.1766920230611978,0.0
0.3192795388009238,0.47562468406189723,0.2806047029452413,0.08269214009105395,0.26706329709345805,0.22726695140146563,0.1396331701966139,0.04266640170575875,0.08914590114661554,0.5406793817962077,0.07966318594662773,0.5576649311149187,0.35413582738836313,0.060368277342592216,0.2800743457430454,0.5035125872746954,0.0,0.5794064621385737,0.0861082098315369,0.10422049943729352,0.11273352400924729,0.2908070464184195,0.28138155005214693,0.42749133183191224,0.5639142171547937,0.5605650384194115,0.17909409924712535,0.3631248234366527,0.0,0.354799878677948,0.44012402574033505,0.4203069060866344,0.0,0.09024883847655549,0.10690233428674438,0.2542214575645403,0.2964621304639043,0.22994863317147787,0.24507186109906154,0.0,0.0,0.0,0.0,0.09825026705859696,0.0,0.25373873189338836,0.5371614216445081,0.0,0.0,0.0,0.37401632906193455,0.05477350678037695,0.19410336030219927,0.07244952574258537,0.5382952379684544,0.0,0.42277794790380124,0.1624097066522622,0.0,0.204148316971085,0.27121809182532164,0.5813364857588934,0.33464567019453156,0.0,0.1974690681812213,0.05857927743061544,0.19944454959971847,0.2895168095601602,0.2501040755369651,0.48343997747339545,0.5794840082915884,0.2882048939157244,0.1843581388323381,0.217033942320265,0.07378878517598397,0.07758447862293873
0.33665203102220215,0.48303935079627314,0.2890257218145288,0.05647327282041267,0.20576276028766638,0.2049432900877588,0.07350122869170156,0.13607707778730863,0.08284985846186954,0.42794512984845223,0.11954788569472027,0.45996216998392186,0.235947545427897,0.026055821906389037,0.25771052756748514,0.5736086507685083,0.5794064621385737,0.0,0.14510002847516523,0.06891176897843046,0.13597760311007068,0.3071699778353941,0.31759876608074034,0.37490977649329205,0.5883429796321884,0.5468417949899808,0.16807953039310244,0.2765542687352838,0.0,0.2864717327607789,0.3769056528565977,0.37576397248711824,0.0,0.024248930275397214,0.07773839339097985,0.23690721398709816,0.2249316399914067,0.16940611811500458,0.20756543432290778,0.0,0.0,0.0,0.0,0.023723267131187543,0.0,0.22610073525053198,0.5114668627412763,0.020768608513191414,0.0,0.0,0.32636712313481964,0.0877920010302975,0.20749552622346126,0.09965111836760418,0.4320344740552671,0.006685209955801014,0.31417074870962003,0.1044497008963666,0.0,0.18417150322864606,0.16805721003037585,0.5356143623497152,0.43871625923059654,0.08089608245377236,0.26235962740839514,0.0679886230448779,0.25094053743657135,0.30683563909053574,0.19951679532463368,0.47806964720187384,0.537153427595269,0.28534092674915595,0.14819091481989058,0.26539141493162244,0.20692239376084878,0.08588067964254135
0.1661062820196664,0.17521920197201402,0.4760502447115128,0.0,0.2369916387789761,0.2812248496178935,0.1491859906404425,0.3679985880906773,0.5075550037756472,0.0,0.5823648461052705,0.18324188670639915,0.13843166478093025,-0.006053727833387425,0.27399369397008655,0.19501244791608963,0.0861082098315369,0.14510002847516523,0.0,0.3581209843043716,0.17779514785518566,0.32837023777248653,0.24958894349706132,0.0343843784803489,0.05772073975511916,0.10421026174157488,0.35198677049362426,0.06163672610564861,0.14341611265960577,0.17511030180903345,0.04614082763071269,0.005206442482274875,0.0,0.0,0.0,0.10621952676223957,0.0,0.0,0.0,0.0,0.0,0.0,0.11187854701291385,0.0,0.0,0.0736322186995927,0.05734643429873404,0.4719450869153993,0.0,0.2798361719055076,0.1115263176849601,0.1382150321600846,0.21110745138348747,0.4239050700491524,0.047815387704382595,0.4765219491457815,0.12401547669130886,0.12703831956285944,0.0,0.3366044636419278,0.033105196880698046,0.137930698316135,0.22101179910675547,0.5728642319704118,0.29136460219101123,0.1636081368463529,0.2116143904628305,0.26689925135112275,0.0,0.0616593539396149,0.07050849417864152,0.3121381169440865,0.2159812078587526,0.020210920047793686,0.24608160637725088,0.03927647845963309
0.2278927290735851,0.1978305711056999,0.2844713153231738,0.0,0.3183638378210759,0.2794308709358949,0.3135779888450203,0.1518367435461574,0.44060173310607154,0.1602923166749831,0.37638021778227787,0.247131694143977,0.2484554801714012,0.0,0.5154717537643232,0.1519755091835943,0.10422049943729352,0.06891176897843046,0.3581209843043716,0.0,0.25442108200433083,0.5177204875630634,0.14284496481601638,0.11264396088524822,0.09710267265711933,0.16398672507495596,0.48493004056023264,0.19751048993655376,0.40461232977222755,0.2683859652521466,0.23476481809202038,-0.003337377292584339,0.0,0.0022166741470296364,0.0,0.09333708868930889,0.06919973670529905,-0.00785667667465131,0.0,0.0,0.046196844174233434,0.02516694290957169,0.0,0.10976723168749056,0.043539681962207324,0.22792283271493152,0.1061460836854735,0.31577913516735506,0.028054330039684765,0.1405827532739318,0.15369124603518008,0.08396642923877062,0.14791147226376883,0.3603131577377291,0.1462365550184373,0.3348338607128453,0.1604163494759092,0.11544855379097999,0.0,0.5362065472619482,0.26909057790000235,0.12279138554408683,0.07532227098460817,0.3944310410098658,0.26391696568702977,0.3042065543470928,0.2816835445232564,0.2223427811211199,0.0,0.1687319137745524,0.18646963704567582,0.4090403254728491,0.19930118284077275,0.07047584317196472,0.0,0.046476113328747945
0.3019509630208668,0.2364611388402864,0.09523883469772426,-0.000915817068704458,0.166050561002151,0.2594765030166434,0.14824458647779373,0.31086940465666824,0.17733273635656324,0.13806338787079597,0.14998890281444519,0.13402963705542975,0.17484469158279714,0.08178703257634892,0.3264498376332378,0.2098151152809175,0.11273352400924729,0.13597760311007068,0.17779514785518566,0.25442108200433083,0.0,0.29370845041995747,0.3220208902107502,0.17801971650249593,0.17295516796401766,0.16390095181444028,0.19362971737074464,0.1706977134575289,0.19923281959573166,0.249080380956896,0.23729054473534877,0.13657479972089054,0.0,0.19130623130246216,0.0,0.19858965908189305,0.11206904486632012,0.038358085005454616,0.10304474023103745,0.0,-0.0011236922977174082,0.0,0.027052710525565328,0.09791897764929261,0.011659334267209387,0.36156443244302916,0.1773801208791226,0.2037385019220382,0.07640349805631869,0.041172567642416176,0.20981344058282692,0.10551759316014607,0.3523646355064882,0.19574391364599844,0.09474412950864831,0.15213389347420392,0.06335347010541484,0.07454007631720104,0.0,0.2861937016173456,0.09294987539068453,0.1315435551073564,0.12279034206291817,0.21641682370561055,0.05241016967550033,0.531050577195725,0.07621658366583198,0.3505453207528256,0.08716184888363929,0.1295879806518548,0.18935775387354653,0.23386105497963453,0.12712648563040574,0.13261964617729058,0.039107071345302176,0.0
0.4024236550973859,0.4309666445433505,0.32578184982116115,0.0,0.32014526617307126,0.30987932117035766,0.284964120369255,0.193423462668986,0.36346352565929546,0.27651702703664277,0.3667306470455969,0.34821711277573053,0.2650672519079695,0.0,0.5331807224079494,0.3941304527940814,0.2908070464184195,0.3071699778353941,0.32837023777248653,0.5177204875630634,0.29370845041995747,0.0,0.25299330584578394,0.21648989639975216,0.3575661958243988,0.40534872981757614,0.5061736227993083,0.22634139640619275,0.33844214538031026,0.2958673665495136,0.3314470844019864,0.10004404404209821,0.0,0.07027976014482183,0.002402758566364718,0.09812306858255454,0.11526687168232348,0.030876667811287523,0.023026335095932056,0.0,0.0,0.0,0.0,0.04228153260956866,0.0,0.31539313575816397,0.29593775792016236,0.25027682079861957,0.0,0.05869684818611005,0.21701981058192515,0.1784850553214468,0.1810172239127105,0.32429335339516013,0.28535322900463794,0.3100855885255904,0.19297827559592515,0.1104637006107178,0.0,0.4907921367117862,0.28876074463159457,0.3001737090238769,0.2516678740951898,0.35648298471143713,0.30650514186365635,0.302565360148502,0.36975829096316765,0.30257855035075515,0.0,0.3791928229047461,0.3810765285909855,0.49470820217053807,0.17506964657822183,0.22724842686639374,0.0391911065998322,0.09019800948445335
0.28434800059401016,0.33886767663831163,0.3004253702652811,0.0,0.20249118023060994,0.4508467241559897,0.08175604288000664,0.45702694538853855,0.27424557033706143,0.25383749759784896,0.23892699599533035,0.3580249372017249,0.2063496088369626,0.1221132746268518,0.2524646769604216,0.31838179742219513,0.28138155005214693,0.31759876608074034,0.24958894349706132,0.14284496481601638,0.3220208902107502,0.25299330584578394,0.0,0.24947456911865842,0.3208434495578385,0.34859254968875286,0.2787498969732825,0.17657890152882036,0.038340402545737035,0.24623564950004892,0.25079906291150345,0.18390662412559677,0.0,0.0999383885994402,0.0,0.2557326697374904,0.13075180949301965,0.0062747015923075135,0.03818449614832885,0.0,0.0,0.0,0.0,0.07482365163070559,0.0,0.22487122762518996,0.33588963993183224,0.21446072353960777,0.0,0.06756051323555305,0.3636796232685127,0.0842940907426821,0.5187066381068591,0.24423232207308065,0.25733209127877993,0.21345350635138427,0.2395405924253696,0.15876652616916923,0.0,0.20877709078460596,0.1634983899193932,0.29536012965346486,0.25040213910187986,0.2579420048188751,0.17121555429162083,0.26826231095192765,0.18792413316611212,0.5942135806333433,0.054031861078449116,0.28732505185507534,0.3517937781538068,0.3208101126901581,0.08134402715742908,0.12221561593568878,0.031922845853740604,0.0
0.36862393867245574,0.34236318357591733,0.15515574813129948,0.14823014073526497,0.24878853738878628,0.22233598338743296,0.1762799877365788,0.07536043261754338,0.00977298121003512,0.40496235750586984,0.0,0.42334995684204846,0.3261094323592354,0.11116313296807527,0.28000847199693957,0.2759162572685539,0.42749133183191224,0.37490977649329205,0.0343843784803489,0.11264396088524822,0.17801971650249593,0.21648989639975216,0.24947456911865842,0.0,0.39527189037213356,0.39990509270295777,0.10023516136249289,0.3373520710381376,0.023170109483732035,0.2819656603769494,0.3894291497766358,0.3600138013051581,0.08300288508057387,0.15378217930685292,0.23976579061524322,0.2357696887574398,0.2802383139896563,0.3061360363698953,0.2950426852889403,0.0,0.019169522366206972,0.05964022463789404,0.0,0.21703124543029886,0.13100910061644008,0.33228102448096986,0.3690076716624406,0.0,0.014628340252970428,0.0,0.3139138562121374,0.003930660770854133,0.15643190829628859,0.0,0.37062637519527053,0.0,0.401569217676355,0.25983370555533564,0.0,0.1698661212961137,0.3313255517513604,0.3757472072321756,0.24088074909211032,0.0,0.1227646863515581,0.13511548183531744,0.1669576594922453,0.20549552500043414,0.41580244890388207,0.32898740295944523,0.4540916109550951,0.16631197963455416,0.25252531689981705,0.1859330504713214,0.03285033371243818,0.2651970290059085
0.4476841710618761,0.5564396490756756,0.24832523840972723,0.05194644527033599,0.22492934873424555,0.2262891520441191,0.1362969537380734,0.08731419932948652,0.06982543681706135,0.5296354942310153,0.053502686245829593,0.4748381580912107,0.28035355645541166,0.04076568151728666,0.3222655919021426,0.5352821900554778,0.5639142171547937,0.5883429796321884,0.05772073975511916,0.09710267265711933,0.17295516796401766,0.3575661958243988,0.3208434495578385,0.39527189037213356,0.0,0.594051722297046,0.2218057888397697,0.3224602504680819,0.0,0.29814771486285985,0.44844570401736344,0.39079657487380726,0.0,0.1524864558023897,0.1143581173783506,0.20243857664522172,0.24937398532102867,0.17250410213059278,0.2622404649878955,0.0,0.0,0.0,0.0,0.08528625955415221,0.0,0.3539737681946712,0.5991724756774772,0.0,0.0,0.0,0.3394924596022564,0.12501703224663888,0.18186554832316615,0.09744192499808857,0.5095110886310843,0.0,0.29427931891539955,0.10413437059262692,0.0,0.22295791070292958,0.2604084941538137,0.565665595185053,0.3913732530511233,0.015625794225044745,0.2786300535436017,0.1417895602989465,0.31727926871884915,0.31714841043320474,0.2502331265922265,0.5985546008864983,0.6103045122636939,0.35608870912534824,0.14845169255495014,0.36389957457243854,0.11332289207006702,0.0934478120559679
0.42565638913945875,0.5804175796962932,0.24508421337357178,0.0,0.22038886650415676,0.3086276326540958,0.14724665576637314,0.12389691649356346,0.12576343391209716,0.45824315700756496,0.1310333944100792,0.4961567161942346,0.2575361823534167,0.025666673266953675,0.3400665568291027,0.5254402057485973,0.5605650384194115,0.5468417949899808,0.10421026174157488,0.16398672507495596,0.16390095181444028,0.40534872981757614,0.34859254968875286,0.39990509270295777,0.594051722297046,0.0,0.25968541199786843,0.2561328581777928,0.025233653328597498,0.2774056851155392,0.36522921702092226,0.30433483273994344,0.0,0.10250502375781999,0.05596628145435144,0.154778362137113,0.20535221109563975,0.0849769754284966,0.1572199752517298,0.0,0.0,0.0,0.0,0.04645380086996223,0.0,0.2988938742917886,0.5369626117259908,0.0172180880863306,0.0,0.0,0.3265672814481829,0.12676353284446984,0.22005525048685426,0.0944845327193656,0.466574873249773,0.03578347849364641,0.32359486094038065,0.06300281179085633,0.0,0.27951878869790453,0.2789448141063304,0.5332447127443652,0.37435557044552287,0.06566835612855758,0.2949451072472094,0.1407446417564395,0.33808975387563683,0.3247420113135017,0.1557965207686773,0.5340080550480379,0.6301644521037809,0.3696733977358678,0.09895214251514335,0.26546470625224383,0.05595723829546582,0.03032182655441177
0.26804125852969946,0.29951600371268716,0.3977646735516152,0.0,0.36824407399601683,0.4247787306697664,0.3490299477811595,0.21905016186740656,0.48408627266866555,0.18101294543806484,0.4050860733660373,0.2707634530977446,0.28011112344952166,0.0,0.4687274776344113,0.23630653881974054,0.17909409924712535,0.16807953039310244,0.35198677049362426,0.48493004056023264,0.19362971737074464,0.5061736227993083,0.2787498969732825,0.10023516136249289,0.2218057888397697,0.25968541199786843,0.0,0.15073572930094808,0.4267590974520966,0.2063883957140472,0.2549500869669501,0.024210002247851987,0.0,0.010938123900849101,0.0,0.05853545189512932,0.033673508087829915,0.017461043157723323,0.0,0.0,0.0,0.011567971122337989,0.0,0.0410214787285583,0.00342063893320777,0.19688503365370041,0.2451643952111812,0.3763684544499078,0.0,0.19594793061605992,0.23411223552336094,0.2520928662005888,0.14861246672793824,0.4661064239796475,0.2653060444053465,0.44035789737997755,0.19613281319020334,0.16750470843666374,0.0,0.4053803595155718,0.31372312952118625,0.23295875294551496,0.18251444049759943,0.4204988607142607,0.24201813191913948,0.2366529132146937,0.3135637771828566,0.30897013307683086,0.0,0.3129549702556012,0.2756507990675813,0.5430152607930112,0.1424105628052165,0.17208867857268265,0.0,0.033194054734745196
0.3369761816113352,0.24159470981916156,0.1264542457129586,0.20917855055487275,0.40816375539124133,0.18378204046030544,0.30252101228562756,0.06549277875137502,0.16472544927101399,0.5080047175133716,0.009810339519125315,0.34329748418014927,0.5069143810968788,0.23490946715279115,0.3225468607477084,0.2563330884293442,0.3631248234366527,0.2765542687352838,0.06163672610564861,0.19751048993655376,0.1706977134575289,0.22634139640619275,0.17657890152882036,0.3373520710381376,0.3224602504680819,0.2561328581777928,0.15073572930094808,0.0,0.023224041846065364,0.44607274705308314,0.46641293227170927,0.2978630575852045,0.0,0.19909812645589622,0.1159820421291152,0.3850754349115395,0.45833111972989904,0.2553915894745819,0.1905412633164649,0.0,0.02346510410818313,0.0,0.0,0.27337879431102036,0.0858641253184413,0.36163343461582387,0.30451885115501737,0.0016788685199276932,0.2125253185661004,0.0,0.3750631891591113,0.0,0.15401193945863553,0.18119050005522935,0.3637585845938061,0.0,0.17879544815901124,0.32285620524928615,0.0,0.27834476581161316,0.3758814199088743,0.3857474821263258,0.290920431773741,0.0042541391112749195,0.24536957498923215,0.2039246575534127,0.2673575545532213,0.21451356145011224,0.30216613609572646,0.334716901861754,0.367724831890796,0.29359954252043047,0.35481673549784926,0.2890393292226404,0.030859826855054708,0.13685843537946987
0.1779424581839374,0.10482898604852477,0.13870239237663626,0.0,0.17888812922513786,0.2952028222819749,0.27751402863715713,0.027762419337206034,0.2189698037382354,-0.0036547554956884915,0.1385699821831852,0.016826687952550812,0.20238225520161543,0.0,0.32479926355185545,0.0,0.0,0.0,0.14341611265960577,0.40461232977222755,0.19923281959573166,0.33844214538031026,0.038340402545737035,0.023170109483732035,0.0,0.025233653328597498,0.4267590974520966,0.023224041846065364,0.0,0.08319086144537492,0.12095101829330371,0.0,0.0781237208509178,0.13167836507585629,0.04080592820208988,0.0,0.0,0.0,0.0,0.09447112894705463,0.20723972224903142,0.25273075184104954,0.0,0.10955261347389432,0.11045498614225875,0.20495882365314855,0.0,0.15058814591132585,0.03412922963156631,0.13741505459636938,0.0,0.1419511613972664,0.0,0.15002139472580947,0.09077573000811304,0.20984503659906195,0.06558542361724466,0.14545715137085655,0.0,0.21960189348465053,0.3341185932262003,0.0,0.0,0.19293845354634928,0.0,0.24206472204047663,0.10426349866329476,0.04581208371530566,0.0,0.08568991444566461,0.05674451317982639,0.2172627396691764,0.09744968870727203,0.09839126476466242,0.0,0.11526839111265078
0.29475313417889615,0.2490241804265212,0.18081336241195656,0.12865189449599185,0.3080031189901377,0.2608171866533729,0.22355750471012292,0.09132179263456461,0.22197658636923664,0.4233984093145042,0.10778487990060942,0.39736766949997077,0.3743552976500587,0.15526244207707104,0.34390564960464653,0.3025995153482206,0.354799878677948,0.2864717327607789,0.17511030180903345,0.2683859652521466,0.249080380956896,0.2958673665495136,0.24623564950004892,0.2819656603769494,0.29814771486285985,0.2774056851155392,0.2063883957140472,0.44607274705308314,0.08319086144537492,0.0,0.474946057931495,0.22648410602025593,0.0,0.17371210112087368,0.009908305832205457,0.3118728427889262,0.31503682930953353,0.1786108804139841,0.114912785360157,0.0,0.0,0.0,0.0,0.1783304758892804,0.0,0.3498536685049498,0.28054449521110464,0.12511709340957855,0.12440530359785962,0.0,0.344789119269633,0.03497241613755592,0.24283871391604697,0.2107739733222239,0.303155234204612,0.03925973186132192,0.26331025086333276,0.15594267175387125,0.0,0.30522312031110654,0.25365702773474913,0.3638500095444725,0.24548109330116175,0.12368795038383702,0.1763217868648443,0.21983829076005781,0.14433338739119622,0.31767454484609287,0.17277162483451391,0.303162143308425,0.3303850211577492,0.33179916182871744,0.2397369935036965,0.1877854848572169,0.04215274796711764,0.016272905314910293
0.4057254295184166,0.3260349657395612,0.18654032200438062,0.074602323121092,0.372909984498575,0.2223474435064777,0.2774668420955659,0.033258231507357926,0.13429560447457742,0.5459661651429494,0.02749960950980516,0.4142850168009082,0.40540722753617386,0.08595200776848855,0.39656187057014886,0.4003400050333305,0.44012402574033505,0.3769056528565977,0.04614082763071269,0.23476481809202038,0.23729054473534877,0.3314470844019864,0.25079906291150345,0.3894291497766358,0.44844570401736344,0.36522921702092226,0.2549500869669501,0.46641293227170927,0.12095101829330371,0.474946057931495,0.0,0.4519914870139038,0.0,0.3233410130660463,0.18401150737658886,0.2929291043277023,0.36653388396943126,0.2582545152590178,0.3032616050057539,0.0,0.0,0.0,0.0,0.22958240498114563,0.06567450670884668,0.4567395911084003,0.40649973117855,0.0,0.13987281880980862,0.0,0.361339481747698,0.08606257137945676,0.18700406482469384,0.14060320191439904,0.49421849313348465,0.0,0.318505146249214,0.2071483108943124,0.0,0.2908707990074179,0.4309536313837375,0.4560239964851076,0.24821474151982667,0.01904279761634048,0.20131550970691,0.24677426906130268,0.2502175734666626,0.2980665475302646,0.2408512551109584,0.4550180128367974,0.44309306402748044,0.3378272784592443,0.23387724511768068,0.318437713394133,0.0,0.15391000512350791
