0.0,0.4686268786745037,0.0,0.01026714628425176,0.20800026775447022,0.1572273868696938,0.4940255885366967,0.0,0.004987299095093682,0.44856716792389245,0.0,0.0,0.10663640989522918,0.2095354468300294,0.16002317543283467,0.6583646635870744,0.6597969536061213,0.5074368419427778,0.0,0.21057756726642324,0.6541280394127719,0.3458863908363187,0.16411041412442612,0.5497493921828056,0.5705328391901999,0.6133328652770094,0.06474542700358456,0.06523487722044441,0.548832515744089,0.0619902323066479,0.5678360965543752,0.5923925850724955,0.42551596756300675,0.1994149585810055,0.3716221929367285,0.0,0.0,0.3774497386258364,0.4839259753343789,0.5010155019916442,0.38045910265746835,0.3664328472647086,0.3387867582086742,0.26421632127333183,0.3733888335584683,0.9125552245341193,0.29140769302935854,0.0,0.3905313850452721,0.0,0.0,0.0,0.0,0.01705980976468087,0.3204517362590338,0.0,0.0,0.05232687698748397,0.27887181788623944,0.21250828219940018,0.44113408069586774,0.0,0.22334174719582484,0.08681728573864965,0.13102114088574637,0.5464738487210511,0.18395240476752509,0.11947125851687071,0.49469911492934016,0.5164996987200938,0.6413820400818546,0.03391545915950056,0.15148568253443867,0.5578602179317966,0.26599784254544995,0.4774422558135643
0.4686268786745037,0.0,0.2974456117098292,0.15188601327437798,0.288798060697949,0.6183792240388583,0.5348999062217787,0.35630178250742134,0.25143745804506024,0.8213864445636205,0.3294936184552402,0.4656822778326734,0.6563730149819347,0.0,0.39285375148046575,0.6760193650566515,0.8072453084408971,0.827032967631118,0.36498321914609383,0.42413421521694733,0.5397201235108946,0.5418168237565147,0.45680034550718945,0.22944317198511255,0.9111067327085368,0.8000241719379447,0.31140188032202143,0.46071530771948976,0.7600654986391806,0.18075678766738654,0.38639897341190405,0.2359543741576804,0.2518426518962687,0.22536702282117624,0.0,0.0,0.0,0.06108049338029147,0.06545470489619874,0.05100439466597174,0.2796404261260303,0.0,0.1169432986625775,0.0,0.0,0.3178495996252367,0.7478478174239362,0.23440379143360957,0.1725787812572447,0.054043319002348454,0.41945624753408384,0.1901280825167857,0.32611771976743387,0.2797369884175237,0.4424122627815554,0.30125698445696986,0.27715191450653437,0.2756416813978565,0.099396986765166,0.43164175942843547,0.2538631414387209,0.4559260205868974,0.5011622288189147,0.33788287067722406,0.4502755319387986,0.4778763046192995,0.3765946916379388,0.4102994190329914,0.10692103260986467,0.4999205761820999,0.5046990277211466,0.37433713720253614,0.20076440485363606,0.5946127148033331,0.20082811888571384,0.1808236445108561
0.0,0.2974456117098292,0.0,0.22726624977492588,0.7439315356446917,0.7596792230757053,0.3642519155886529,0.5070826496258464,0.9065657158064628,0.2465852417699672,0.9436405605627118,0.6463165788670111,0.7322366039080391,0.0,0.7332036323830924,0.1890182617571998,0.20708331987780335,0.2838864209901538,0.9165279483164003,0.8050942364850736,0.15516442974922245,0.7285800688686557,0.7640661595967939,0.15996941250491303,0.097183980431799,0.2985634340970172,0.8901530539021763,0.7775592344286559,0.4691170087010386,0.6266346522030714,0.19292353094035677,0.0,0.0,0.0,0.0,0.27087663490220293,0.305161228803201,0.1240510426411019,0.0,0.0,0.0,0.0,0.22632237119874943,0.04374225161417983,0.08893603096333572,0.0,0.52669016998851,0.9689402095667304,0.0,0.865195641558562,0.7347379919327309,0.39258713172909,0.5803051117584858,0.9110913128808709,0.0852559206425193,0.9421482047080177,0.6729333934500041,0.6235680211926035,0.17336216906685753,0.6422503827093583,0.05885219351610768,0.30331924707029406,0.42284738940482325,0.8627496720154527,0.7739808961090118,0.11305366743257067,0.8060295089524617,0.7737666009375843,0.1252795203308718,0.0,0.33834530521149736,0.8183203267543475,0.6929535155874222,0.18865744516734964,0.1564346045449464,0.10185006723933915
0.01026714628425176,0.15188601327437798,0.22726624977492588,0.0,0.05783135534254774,0.19665431268716882,0.04561785719344982,0.3322120711495161,0.1372957403793711,0.21864577837920712,0.21287670762343514,0.329851695426721,0.31211721630020156,0.0,0.32984557364934375,0.11192108624088629,0.06233036543695427,0.10831827376402978,0.23193082419947864,0.23516853057111897,0.28704447483628553,0.23879947273633031,0.24608957627442343,0.0,0.09739743355805573,0.0,0.1840170525359999,0.4534979013445753,0.21483983614656837,0.34202722063870644,0.273247833259238,0.0,0.08133911371233675,0.262882637192488,0.0,0.4473950772339988,0.49946660610412447,0.0,0.0,0.0,0.043266100135018554,0.0,0.06760783210362636,0.0,0.0,0.0,0.15052719868277847,0.14413866931209504,0.08001688679604153,0.1776519305109781,0.21861842973301757,0.2065592433503895,0.34082439102556705,0.22044118921079311,0.18219143290636658,0.16604453184606632,0.22868847668995107,0.0,0.0,0.29314011173905535,0.0,0.22478020270629592,0.08070416092453761,0.15996572230755463,0.19952273188663422,0.33058857913531475,0.17455630409746264,0.2369047539006401,0.0,0.0,0.0,0.2741600733601988,0.02179945794196579,0.09145158973287049,0.0,0.0
0.20800026775447022,0.288798060697949,0.7439315356446917,0.05783135534254774,0.0,0.7014856574815423,0.7456861232542603,0.14528072405303116,0.8079163010724959,0.2483959128738949,0.6338418859141762,0.445598294243129,0.6295029602569104,0.31052028425283706,0.4883686112127865,0.30302258590326925,0.32163253548524157,0.39452563096700105,0.6130486189590851,0.7552675492092533,0.054685907495350246,0.7137907661709233,0.5295771113729131,0.549677226888706,0.18191451250773916,0.478844596372098,0.7502215746980849,0.48454669581563137,0.5371200376766685,0.32280660291911323,0.13212346072049308,0.14335462517151112,0.0,0.0,0.22454658144089554,0.12309919370500398,0.0487006872408729,0.41578874685361833,0.1704674874659552,0.0,0.0,0.19900255735015268,0.45978801528070545,0.4225703335345406,0.4575601424044545,0.20681068076733308,0.3860834942188406,0.7878385048349017,0.0,0.7288509200060603,0.5787168379065579,0.1776891662121073,0.23266723595192842,0.7620029451441062,0.10743394582629703,0.7432812738137908,0.5861841845608,0.7427443523456648,0.5575519019143981,0.42908022642621363,0.4450724088894353,0.058725092592586986,0.5813360425649706,0.6815767493385455,0.678934467988411,0.0,0.767971289727713,0.50506411907878,0.49217479917138685,0.2857445103231777,0.6284823896777295,0.5786753564419044,0.894254119212736,0.3300025192943473,0.29068489329756547,0.4444795560645895
0.1572273868696938,0.6183792240388583,0.7596792230757053,0.19665431268716882,0.7014856574815423,0.0,0.6152531912660426,0.626452862544966,0.7515110233739776,0.5323504144957617,0.7615135272492508,0.7796910305262413,0.9060590531538237,0.0,0.6214485045635976,0.33612254026020627,0.4740150632464253,0.5652433216010153,0.7163969816072879,0.737432232892047,0.33302491650289395,0.7016171327709113,0.8391816929640354,0.3454575573895555,0.43525328629041077,0.6089794633541894,0.7520337242884,0.7156733254312169,0.723744278271152,0.4711109677550047,0.33448633112715576,0.042030453650448746,0.0,0.00031444570700379666,0.0,0.15945369309758264,0.17203614803526962,0.21219761074001262,0.0,0.0,0.0,0.0,0.32997568555782697,0.11197015789830833,0.08071038088551585,0.09521149749584464,0.7136224789423157,0.7358800058391112,0.0,0.6296734263296346,0.8193707473854103,0.4395650810379109,0.6637971755789983,0.7255634670309754,0.30983755953083075,0.7426069638766511,0.7757848637122814,0.7220615888703122,0.2632277812499424,0.5533496638598799,0.17151979522746824,0.396750610629375,0.5605683833119838,0.6793707008044174,0.6686675655793105,0.258344667155998,0.6900586245344539,0.7965683005290922,0.20336592876934306,0.24825232145617124,0.5852489430849503,0.6680405152336529,0.5956424177997293,0.3363646553368973,0.14839344963234363,0.17642921526857014
0.4940255885366967,0.5348999062217787,0.3642519155886529,0.04561785719344982,0.7456861232542603,0.6152531912660426,0.0,0.0,0.5301263353333544,0.5375412672364507,0.26635675656519087,0.2788611100323875,0.5381058535747436,0.2307367898903356,0.28619911470863674,0.4923054676397264,0.6702930821373582,0.6335569772458054,0.3404598066517181,0.5204212148166384,0.27359239476447356,0.6124297842883337,0.34876674880043507,0.6466848326115657,0.5406220526344885,0.6862774918860336,0.5014165168904854,0.2931495485572699,0.6485989118555128,0.015103715616232425,0.3087414408357265,0.48976125970248896,0.0,0.0,0.3635130486198728,0.0,0.0,0.5117616980300244,0.45069695089682593,0.21528232348409937,0.03157306936248319,0.3744173191286069,0.4275076068197386,0.4988579598016466,0.4670741258523713,0.5003833018157999,0.43608715972105494,0.45971350871362654,0.19069078729988156,0.29909990812222365,0.4142615755634796,0.13676496064959315,0.08554340251915409,0.4818354972942899,0.2770420113272706,0.4181333762869915,0.33539384616386253,0.6181397333065363,0.4948595076932495,0.30295461963429554,0.5483661436153784,0.0,0.5057945304389048,0.43513974236553304,0.47751755958829445,0.1735134727194985,0.5471419758544875,0.32670159372987206,0.5298518600895836,0.5746846527573712,0.7726818630752843,0.37433456596853115,0.6926997520976653,0.5397332146373588,0.3654743898565647,0.5863635543130863
0.0,0.35630178250742134,0.5070826496258464,0.3322120711495161,0.14528072405303116,0.626452862544966,0.0,0.0,0.3839091519396279,0.4620536721523715,0.6244011513962995,0.8152970769843071,0.6260503933453127,0.0,0.5508989031098843,0.0,0.05443326914811914,0.1761624431519533,0.5547821041360793,0.30937979805028937,0.47665161256692756,0.2452252713593603,0.8012627774194112,0.0,0.15286122777070357,0.1519350244840299,0.3754490047664083,0.6355546167866954,0.31358357743870013,0.5913851010013442,0.2949846165831521,0.0,0.11118376418518176,0.28398625335283806,0.0,0.4210221406074198,0.3340795979466301,0.0,0.0,0.0,0.029866157673561978,0.0,0.0,0.0,0.0,0.0,0.5646191674094486,0.4313762268041353,0.0,0.40156833460136426,0.49343941832127725,0.5060971752559957,0.9329290970675722,0.42322990292320184,0.380668630728647,0.49306246131012355,0.6249057427641432,0.22610065104297866,0.0,0.4915862902120494,0.0,0.6064847588375655,0.1633451528249347,0.47646804507263113,0.3034954146715624,0.5052461365897628,0.2765004030557283,0.7464661468355585,0.0,0.0,0.08614349809488621,0.4739857420553844,0.0,0.0,0.0,0.0
0.004987299095093682,0.25143745804506024,0.9065657158064628,0.1372957403793711,0.8079163010724959,0.7515110233739776,0.5301263353333544,0.3839091519396279,0.0,0.25887219819471635,0.8580905323418774,0.5621128585765656,0.6838350623898694,0.0,0.7041435025215904,0.1618993389888999,0.24468948960962425,0.25624147512617684,0.8295411657786478,0.771437267756985,0.18146152592628859,0.6892891047192842,0.6882571923160866,0.196663355571522,0.08978746727758649,0.278703848644053,0.9088316008194482,0.7012630472386628,0.4964601805835897,0.5389018614089742,0.22746862173525434,0.0,0.0,0.0,0.0,0.1803751507127552,0.16524289561411357,0.24622390796208038,0.0,0.0,0.0,0.0,0.2574535268631221,0.10246694400418298,0.19705754238815662,0.0,0.5061295595721659,0.9631361397664889,0.0,0.8718010088225467,0.5951299130872312,0.43447989803519144,0.4691261773446214,0.9730206720822234,0.09159729966766673,0.9208937352760903,0.5703850993584247,0.6013620888332155,0.2293813531193399,0.6341384463041058,0.15481988951897036,0.17763869674284424,0.41553215315698294,0.8136434804232914,0.7158447628800809,0.10314863376404551,0.7874483746629037,0.7092331612258538,0.15521525462252017,0.0,0.37683308373470475,0.7699907634237224,0.7227578301134844,0.19416676225214274,0.21615039721822227,0.2164466751257564
0.44856716792389245,0.8213864445636205,0.2465852417699672,0.21864577837920712,0.2483959128738949,0.5323504144957617,0.5375412672364507,0.4620536721523715,0.25887219819471635,0.0,0.2812035313586364,0.5883599905771789,0.5574250279868976,0.0,0.4119585193449983,0.511391487290642,0.7671815703346669,0.6681056056653366,0.3480004744463801,0.3278383130917574,0.6515870847152665,0.4390293821617506,0.49134558408571033,0.22066195777829553,0.7926954283491733,0.6766241230285001,0.27148643700200875,0.4113172661409569,0.6979536972611347,0.20122328491738176,0.517292981394209,0.21142234874893842,0.31244780764403585,0.312509457508972,0.0,0.0,0.02891581431751626,0.026736326830563924,0.0,0.09934319769328978,0.3182614140549843,0.0,0.10824665345230554,0.0,0.0,0.3290028210872059,0.6429205056837995,0.23394888613967796,0.3110034695791386,0.1005249081734697,0.28081744682150517,0.33924408925346133,0.4334817612544204,0.2733829023787627,0.7012598514535835,0.2908592492183598,0.3324268362537688,0.20244492433802613,0.053348445271216856,0.4701225606576377,0.12665683247994305,0.4989797538555366,0.3952181273968314,0.3581649196986165,0.350222350185503,0.6123764014895896,0.297863169526504,0.4537721960047095,0.0772737542113138,0.43132488413302006,0.45917894388049374,0.3408427423674515,0.09330468571475513,0.5186492147565545,0.08236601076077887,0.046213349398000175
0.0,0.3294936184552402,0.9436405605627118,0.21287670762343514,0.6338418859141762,0.7615135272492508,0.26635675656519087,0.6244011513962995,0.8580905323418774,0.2812035313586364,0.0,0.741419815957183,0.7330734742661873,0.0,0.738300308310228,0.10624008581610563,0.13145627328412973,0.24203515065730272,0.9026412851445514,0.713084354759092,0.1770932354246295,0.6347700081941534,0.7863703105237754,0.003932904269444586,0.12345467166072027,0.22513343510240977,0.8479270405948794,0.8092923257570084,0.443875971888918,0.6791907712128271,0.19042833358315442,0.0,0.0,0.025466262930887343,0.0,0.33545099286726926,0.2900061714453326,0.0,0.0,0.0,0.0,0.0,0.13373753491655394,0.0,0.0,0.0,0.5564859379340179,0.8586821847537909,0.0,0.8150882154720497,0.6715511175177609,0.5014420950661046,0.6677114162017218,0.8489996485810034,0.17933776319993974,0.9208273069867774,0.6842356907780826,0.5519581149280441,0.04949839615692863,0.6208038593915999,0.0,0.4349763397333565,0.3680836002053955,0.8152314710630094,0.6928602533533,0.17138827655130376,0.7071243604190341,0.780864383234386,0.0,0.0,0.25991433284109694,0.7987841030844909,0.5499556028523369,0.11366939944671252,0.0,0.0
0.0,0.4656822778326734,0.6463165788670111,0.329851695426721,0.445598294243129,0.7796910305262413,0.2788611100323875,0.8152970769843071,0.5621128585765656,0.5883599905771789,0.741419815957183,0.0,0.7872072333026602,0.0,0.5748731737176055,0.04799235618184578,0.20287211377923614,0.33566979313903356,0.6428222297332096,0.5225268464816952,0.3169867530228952,0.44225893767526536,0.7699319621950563,0.055292012779318875,0.21645458094451628,0.36400217481142066,0.5307579281344905,0.695422724330927,0.4035784907156537,0.5560859244166293,0.21016471590682506,0.0,0.0,0.10744264341986695,0.0,0.37260137699521495,0.32539903594727493,0.0,0.0,0.0,0.0,0.0,0.15513121146966194,0.0,0.0,0.0,0.5588674050255675,0.6327330602717928,0.0,0.544152261392839,0.6048706749855496,0.5041638768391926,0.8025006766668166,0.5676549274778313,0.39378654379215067,0.6514766752259282,0.8302834569139066,0.48145972564523193,0.0,0.5080627589553095,0.0,0.6286816821103757,0.3697005965244719,0.5890492747808681,0.5398993655134986,0.27875635391688874,0.5140834091103432,0.7082525544531277,0.0,0.0,0.2444574909473594,0.5491504721486514,0.2953017837568708,0.01772297099996705,0.0,0.0
0.10663640989522918,0.6563730149819347,0.7322366039080391,0.31211721630020156,0.6295029602569104,0.9060590531538237,0.5381058535747436,0.6260503933453127,0.6838350623898694,0.5574250279868976,0.7330734742661873,0.7872072333026602,0.0,0.0,0.6612256596781538,0.3817333767647568,0.4554661915976528,0.5953009824236025,0.702330988510225,0.7567874633103284,0.3301923946366095,0.7382536691992546,0.729104416733655,0.20526257522475408,0.4531861439314661,0.5735864926227957,0.6916827856472951,0.8435414628891791,0.6847809411789222,0.5520877931732987,0.32156034186402344,0.0,0.0,0.00439180820505254,0.0,0.2310665448030918,0.22130155409927588,0.039666013018726444,0.0,0.0,0.0,0.0,0.2510362452837262,0.031220008251550652,0.0,0.0,0.6979064302723624,0.6819050408717635,0.0,0.6090801038234672,0.7538591389843181,0.41627054183504403,0.6310804991032716,0.6735897061953714,0.29558065449405013,0.687152655074768,0.7425141693880706,0.6983455793635164,0.15802079404843203,0.606994128504213,0.09993681328631876,0.49786420375364404,0.6335232792404991,0.6435524176715994,0.7320039490737241,0.2521003708105881,0.7091176021739732,0.6809351856737493,0.09234630273409551,0.1417255108009778,0.4596592421240887,0.6440870298095438,0.6071648642557235,0.3407706474241301,0.12360074216168061,0.07428803877307467
0.2095354468300294,0.0,0.0,0.0,0.31052028425283706,0.0,0.2307367898903356,0.0,0.0,0.0,0.0,0.0,0.0,0.0,0.0,0.0,0.0,0.0,0.0,0.0,0.0,0.0,0.0,0.5414241390497725,0.0,0.11117010232358292,0.0,0.0,0.0,0.0,0.0,0.351769477234757,0.0,0.0,0.5871424336957425,0.1867848409768701,0.0,0.3133983191202529,0.48829869501925893,0.4032817510600751,0.0,0.5647327873978201,0.47896326760918567,0.5395256277462201,0.4987124818191825,0.36634340409578453,0.0,0.0,0.20591949165887474,0.0,0.0,0.0,0.0,0.0,0.0,0.0,0.04225176212572006,0.18425305739531925,0.5634334711152875,0.0,0.29574357728876327,0.0,0.01568612531176093,0.0,0.0,0.0,0.0,0.0,0.563752470561524,0.28471287857177124,0.40268301945205465,0.0,0.2551024714620123,0.0,0.049854273066284385,0.37238218941341533
0.16002317543283467,0.39285375148046575,0.7332036323830924,0.32984557364934375,0.4883686112127865,0.6214485045635976,0.28619911470863674,0.5508989031098843,0.7041435025215904,0.4119585193449983,0.738300308310228,0.5748731737176055,0.6612256596781538,0.0,0.0,0.33407221587305586,0.3046209974191027,0.2808475449610127,0.7349203358549378,0.7919784419149043,0.5547778278402481,0.7672525405700618,0.7262644839192265,0.0,0.22521836914493698,0.2588801209998128,0.8057770754846569,0.8099603247317659,0.64084391946367,0.735107015361332,0.48016087400674795,0.0,0.0,0.1829456289388562,0.0,0.3145253388044369,0.19529257497245892,0.0,0.0,0.0,0.06121779681325888,0.0,0.13885313304591881,0.0,0.0,0.10386512977716958,0.6468303611705989,0.6708544631993921,0.0,0.7027983169629062,0.5187511195798503,0.4838661814095536,0.5981276810000125,0.7470508200264963,0.2864013189967312,0.7127080334800193,0.4734341169397974,0.3568231196117298,0.011146101132382914,0.9573935173370677,0.0,0.42097491541460047,0.36488538956412603,0.6950147749613982,0.8028548687910222,0.5107090922093592,0.7875101874167403,0.7298648498117674,0.0,0.0,0.29917533091291276,0.8274525243858274,0.4766230826414836,0.33796717895021144,0.04298131192110049,0.0
0.6583646635870744,0.6760193650566515,0.1890182617571998,0.11192108624088629,0.30302258590326925,0.33612254026020627,0.4923054676397264,0.0,0.1618993389888999,0.511391487290642,0.10624008581610563,0.04799235618184578,0.3817333767647568,0.0,0.33407221587305586,0.0,0.8013124760742774,0.7825386849695802,0.19395567132904537,0.4380185113437475,0.4837732687127579,0.5998326439350617,0.2249737967433318,0.29914667031489195,0.7121144758431256,0.6234637425614327,0.2975141676710517,0.3455235059821877,0.7079869760690943,0.1497074920951263,0.5638710116775597,0.4198408754054029,0.3366573702392316,0.18703405036120987,0.25707529207892704,0.0,0.0,0.22467948487619396,0.2637359985435133,0.25806926426477855,0.28911428615613877,0.16574469632025543,0.19059262504537575,0.14015587557479162,0.21712354131907474,0.5680443733301285,0.4727005667275425,0.14912901581454716,0.1903495396351849,0.03895382033679082,0.20628874596983726,0.021809855657027772,0.01615129595660921,0.20763880033740154,0.2619626437052538,0.1796978896009698,0.038531851590429614,0.2029261079069241,0.2004670127186097,0.37044764061525265,0.48929391087361723,0.11266449118273968,0.44001905740050373,0.24331838363565336,0.3686159234207523,0.38828869307355507,0.3641507158660531,0.1978366232595396,0.2780596070738818,0.4895679382805358,0.5259611147997102,0.24477583019561297,0.3060669604922458,0.6799745859040613,0.26640310309056753,0.438338368017557
0.6597969536061213,0.8072453084408971,0.20708331987780335,0.06233036543695427,0.32163253548524157,0.4740150632464253,0.6702930821373582,0.05443326914811914,0.24468948960962425,0.7671815703346669,0.13145627328412973,0.20287211377923614,0.4554661915976528,0.0,0.3046209974191027,0.8013124760742774,0.0,0.8650890985098564,0.2637009579499025,0.385021567059908,0.5388805939869468,0.5432528613072781,0.30855505164213487,0.41017253204374526,0.8372745382821143,0.7668230492484,0.31102013933269207,0.2991402106891994,0.7333834845120479,0.0403606871914104,0.5331085565096002,0.5364715388786857,0.33804172718829023,0.19677982531502358,0.2313580829723575,0.0,0.0,0.3612929565516496,0.3677611693142404,0.2866307229387885,0.2660240949561957,0.17803706242796744,0.23310159147025275,0.17132186680732728,0.2898941646106897,0.5404683400936352,0.5720986342393319,0.20242599899542882,0.29586236129188537,0.056931125077148856,0.23056462466305427,0.11911690952210147,0.09028218384076139,0.26068488476901647,0.45252039914963255,0.24365145365195445,0.12893598214225538,0.25962638677403255,0.2582905555552128,0.37601900536436283,0.495389838294053,0.26772814415123747,0.4448870318776057,0.32227940772950137,0.3453279281059166,0.4410355285470405,0.35926696421262355,0.2810533219181938,0.3295809817561029,0.5763169975323841,0.6065423106997443,0.25865123002638224,0.30684476022052,0.6525892959630674,0.3528115236206985,0.5108170550355123
0.5074368419427778,0.827032967631118,0.2838864209901538,0.10831827376402978,0.39452563096700105,0.5652433216010153,0.6335569772458054,0.1761624431519533,0.25624147512617684,0.6681056056653366,0.24203515065730272,0.33566979313903356,0.5953009824236025,0.0,0.2808475449610127,0.7825386849695802,0.8650890985098564,0.0,0.2916635570937065,0.448913769767591,0.42337959373795614,0.5662472399807457,0.3265735320982921,0.43003406370032377,0.8366562373724992,0.8042219661130734,0.32397103418117945,0.34999846218344693,0.6870173799800203,0.06277600167697649,0.36379137685621793,0.3591618722383205,0.22380333353458656,0.07552028758824184,0.11298104950141039,0.0,0.0,0.2693056497443301,0.22838799523880288,0.09589134194200918,0.20453999123583275,0.09769594655258505,0.24305291571308346,0.15839768609630217,0.2184739633752987,0.35597542562438517,0.5382246219923124,0.27889218229795937,0.13035422016559514,0.08539343442626539,0.3549333870586193,0.054817574160995225,0.19048035250979964,0.2791298537853638,0.28725949589172856,0.306524499970012,0.31417223117339477,0.37868432021911286,0.1965661639005021,0.30233885698921603,0.4133041368413055,0.3293345265741335,0.5739992647678023,0.3201236886112083,0.41639965048042105,0.3089733917630919,0.3931923033580569,0.28053518562453816,0.3197549940724001,0.4799096908084096,0.5344234785395807,0.24332711352802408,0.35099728147930653,0.5381050100154139,0.35406374252178624,0.41745126773392743
0.0,0.36498321914609383,0.9165279483164003,0.23193082419947864,0.6130486189590851,0.7163969816072879,0.3404598066517181,0.5547821041360793,0.8295411657786478,0.3480004744463801,0.9026412851445514,0.6428222297332096,0.702330988510225,0.0,0.7349203358549378,0.19395567132904537,0.2637009579499025,0.2916635570937065,0.0,0.6809160845500345,0.24873856257358942,0.6273776660819735,0.7678954396335353,0.0192323354317938,0.12669941021530082,0.24030097480746346,0.8122871505952446,0.7782402865088013,0.49021749495891265,0.5962095439042908,0.2794711016327742,0.0,0.0,0.11332874128285354,0.0,0.2420881262608516,0.23925498252063226,0.08631541028785339,0.0,0.0,0.0,0.0,0.1395815514742275,0.0,0.0,0.0,0.5835045438632565,0.8501275700909164,0.0,0.7138268267496389,0.5788270282474173,0.4019123679086563,0.6250866143253887,0.7824202192417451,0.19705400441086343,0.8938552008529363,0.577062537196475,0.5254047323123093,0.07699594593296852,0.6375469598426612,0.0,0.34646409994049804,0.4379987174361063,0.9601773827593424,0.6251189467522162,0.19906349928581352,0.698254792603931,0.7751254534310135,0.0,0.0,0.2865224658639019,0.7377851643866323,0.5641794688317872,0.16180683261641612,0.0,0.0
0.21057756726642324,0.42413421521694733,0.8050942364850736,0.23516853057111897,0.7552675492092533,0.737432232892047,0.5204212148166384,0.30937979805028937,0.771437267756985,0.3278383130917574,0.713084354759092,0.5225268464816952,0.7567874633103284,0.0,0.7919784419149043,0.4380185113437475,0.385021567059908,0.448913769767591,0.6809160845500345,0.0,0.21111351017032592,1.0,0.6219343399252844,0.3056858231034526,0.28430139823808975,0.45229286021496695,0.8581483460914424,0.7493040953048478,0.6601313444148743,0.5599373058469291,0.2907486649918797,0.007469670771540738,0.0,0.0,0.0,0.20610547514453242,0.2138759974294911,0.23215114059502984,0.0,0.0,0.0,0.0,0.42295784810365067,0.1930504991784913,0.24203100249765253,0.13505648595095812,0.5655560623256808,0.7893313060496474,0.0,0.7384679997296735,0.688374433929612,0.26303498995529156,0.3967155087668813,0.7833916621941969,0.09450713209374183,0.754109246298701,0.6330736812937098,0.6309186844497907,0.32801710348004437,0.7087969765320324,0.3222559535807157,0.2715536358863333,0.5521460566472804,0.6592206862208845,0.9529906401396637,0.12736246806406423,0.9602720890391504,0.6350717824295734,0.28024862002568,0.13867552934758803,0.4966395904153477,0.7542108693202878,0.7956111746435812,0.40181401893700835,0.3221787657874602,0.3383450346671369
0.6541280394127719,0.5397201235108946,0.15516442974922245,0.28704447483628553,0.054685907495350246,0.33302491650289395,0.27359239476447356,0.47665161256692756,0.18146152592628859,0.6515870847152665,0.1770932354246295,0.3169867530228952,0.3301923946366095,0.0,0.5547778278402481,0.4837732687127579,0.5388805939869468,0.42337959373795614,0.24873856257358942,0.21111351017032592,0.0,0.32410235928618386,0.5004237999597797,0.0792742931174144,0.5262747465324901,0.40560892433733264,0.23483707656352695,0.3883974867720001,0.6104582834903628,0.38276406100921556,0.7294813320252911,0.25461257805581655,0.5062672344249365,0.5608887514554451,0.0,0.1599932683251806,0.023625280380601233,0.03508543850168718,0.0,0.2320736691316499,0.3350139467384509,0.0,0.09466221912287089,0.0,0.0,0.560495544323275,0.5458716692989339,0.10079934995809162,0.3800780694272754,0.05366430273309607,0.06222278552773667,0.34017632535429726,0.4422824782220012,0.22025344461574042,0.5751318102836446,0.1866961163844971,0.10137073138548237,0.0,0.0,0.5790808807149048,0.0,0.2922399838530834,0.12338224794047145,0.29392647135578304,0.16858047764992906,0.945406689183398,0.17134684704166775,0.43162417337271153,0.0,0.20394083960719586,0.38807259787738907,0.2660914402748874,0.0,0.41509853920614986,0.0,0.0
0.3458863908363187,0.5418168237565147,0.7285800688686557,0.23879947273633031,0.7137907661709233,0.7016171327709113,0.6124297842883337,0.2452252713593603,0.6892891047192842,0.4390293821617506,0.6347700081941534,0.44225893767526536,0.7382536691992546,0.0,0.7672525405700618,0.5998326439350617,0.5432528613072781,0.5662472399807457,0.6273776660819735,1.0,0.32410235928618386,0.0,0.5643364804705293,0.3128503694669329,0.4332586544745892,0.5419870406306635,0.8261960946556165,0.7300688342232625,0.7394189752964877,0.479065751507169,0.4042637910262341,0.11581534455194878,0.0,0.0,0.0246116878877413,0.09124031007557543,0.1569705339491588,0.2694371538074237,0.040423617418810995,0.0,0.07039869158845372,0.055092697450493215,0.3998811142408106,0.2056556714876845,0.2602776236105832,0.2618467164840181,0.6179684666321354,0.7016115680753356,0.0,0.6358540802656848,0.640644624403879,0.2556058660143139,0.321073439410046,0.7088196468970968,0.11603908259083566,0.7028576859137319,0.5041487945220187,0.5728314268679902,0.3230678784492599,0.7171994378869246,0.4000725251800671,0.2539955161151708,0.5728073103983303,0.6277440525097617,0.9394925255899904,0.22946092421608627,0.9316161677543329,0.5741482228038828,0.29422173059519585,0.23362059931183066,0.5489151439355735,0.7388732486667112,0.7499495795762662,0.5422825465502084,0.33873750387887974,0.4062667351966483
0.16411041412442612,0.45680034550718945,0.7640661595967939,0.24608957627442343,0.5295771113729131,0.8391816929640354,0.34876674880043507,0.8012627774194112,0.6882571923160866,0.49134558408571033,0.7863703105237754,0.7699319621950563,0.729104416733655,0.0,0.7262644839192265,0.2249737967433318,0.30855505164213487,0.3265735320982921,0.7678954396335353,0.6219343399252844,0.5004237999597797,0.5643364804705293,0.0,0.20962190197490474,0.23793772218534417,0.4041790279106465,0.7188572234755457,0.7188679970769029,0.6012151612357305,0.561905247301693,0.43097366165504447,0.0,0.03569633291782767,0.1319320905576689,0.0,0.300650422639162,0.21585190808731564,0.11276211717238363,0.0,0.0,0.018963530012577907,0.0,0.21602140151274304,0.0,0.0,0.10488563973450858,0.7046190084884265,0.7018752163076898,0.05881060972965602,0.6290319046301751,0.6818188734966766,0.5184483143592655,0.8326142287297589,0.6818873745041611,0.3710319136106617,0.7263159892200519,0.6904534302285836,0.5424256068106438,0.13221469803482747,0.6667725111999401,0.0,0.46766650417017874,0.4347286395455991,0.7133389651682239,0.5534365349748361,0.4710931528446293,0.5827857069194636,0.9710469972648771,0.09075965846006358,0.06209509037017921,0.48040738789010023,0.6920477952928173,0.4314978715072993,0.2324649150000183,0.0,0.0
0.5497493921828056,0.22944317198511255,0.15996941250491303,0.0,0.549677226888706,0.3454575573895555,0.6466848326115657,0.0,0.196663355571522,0.22066195777829553,0.003932904269444586,0.055292012779318875,0.20526257522475408,0.5414241390497725,0.0,0.29914667031489195,0.41017253204374526,0.43003406370032377,0.0192323354317938,0.3056858231034526,0.0792742931174144,0.3128503694669329,0.20962190197490474,0.0,0.2714031792805641,0.6838325017220522,0.18924056991953983,0.0,0.25940958285977345,0.0,0.051784250586039214,0.49628652945475366,0.0,0.0,0.4940754809113997,0.0,0.0,0.6675971320235284,0.617877022201934,0.27757540945221026,0.0,0.5477531859817628,0.5055943432312898,0.54376179871291,0.722193632815652,0.5699840458331059,0.09470637489175006,0.2733149079486366,0.15057499311339317,0.1118499571796314,0.19531752406359518,0.0,0.0,0.1494456134065049,0.03798093160911275,0.2042240450260026,0.2913872400771377,0.45615115752988,0.623194607375796,0.0,0.6249723210840517,0.0,0.42276978450351077,0.14587808761750268,0.234224298653081,0.0,0.2908204427773082,0.17013741543298755,0.9416631388787339,0.46687747958517634,0.750968636033477,0.03240499370082723,0.5175108290502792,0.2745608340812993,0.488851050541137,0.7187406910820714
0.5705328391901999,0.9111067327085368,0.097183980431799,0.09739743355805573,0.18191451250773916,0.43525328629041077,0.5406220526344885,0.15286122777070357,0.08978746727758649,0.7926954283491733,0.12345467166072027,0.21645458094451628,0.4531861439314661,0.0,0.22521836914493698,0.7121144758431256,0.8372745382821143,0.8366562373724992,0.12669941021530082,0.28430139823808975,0.5262747465324901,0.4332586544745892,0.23793772218534417,0.2714031792805641,0.0,0.7734138024684184,0.1380147507668113,0.24405032377536717,0.7151222817845897,0.026060605929605903,0.38590132965973417,0.34432551389299554,0.3479372298584183,0.1996816912639208,0.023016912833331522,0.0,0.0,0.06297285417515729,0.20929760753581833,0.16362535196709627,0.3904540911523436,0.08267760387761895,0.09235066626533736,0.0,0.0,0.40518984219318344,0.5990685402896603,0.05957751429467127,0.24110521012124825,0.0,0.2664365017792144,0.12731886448901877,0.11575924679000961,0.1427044016920009,0.4698052656374797,0.10333449510670628,0.08429081152647726,0.1689830077484279,0.08217768800296507,0.26574695974251944,0.3338976576270145,0.3367557485519839,0.4402009122833351,0.13805778347113043,0.2862952517544135,0.4715501450396687,0.20202638397494435,0.22315154261542397,0.18662715516707723,0.6043112723963799,0.4777295912009342,0.21268321096446013,0.10308110090160041,0.6869986367521257,0.22349147842726577,0.2541274799458691
0.6133328652770094,0.8000241719379447,0.2985634340970172,0.0,0.478844596372098,0.6089794633541894,0.6862774918860336,0.1519350244840299,0.278703848644053,0.6766241230285001,0.22513343510240977,0.36400217481142066,0.5735864926227957,0.11117010232358292,0.2588801209998128,0.6234637425614327,0.7668230492484,0.8042219661130734,0.24030097480746346,0.45229286021496695,0.40560892433733264,0.5419870406306635,0.4041790279106465,0.6838325017220522,0.7734138024684184,0.0,0.2941177095651777,0.25154706533893884,0.606026034972463,0.0359007729031566,0.27516144765202794,0.41500912621280717,0.12905538560012786,0.0,0.20810053076309715,0.0,0.0,0.3636211780268826,0.36248644492598847,0.20260448372366252,0.14263695843410298,0.24927489032456907,0.3243912672645022,0.2925352723195465,0.3287690324669366,0.5064737148097604,0.5045638857158133,0.33176590234739495,0.17533737157479773,0.1231280769533908,0.3968858763080766,0.0,0.16521834734500096,0.2941835897719653,0.3496716680456623,0.3047455801482874,0.38374790144248255,0.45018237717631293,0.4286618502460514,0.28747813398138766,0.503478586952002,0.24575412819050563,0.5905040420215378,0.3248781577522405,0.43117314167297816,0.2728746248363976,0.407025538746919,0.3542067782641684,0.5681614620082422,0.5935822505790619,0.801217839456515,0.2508288616855967,0.4144727415825786,0.5052051407466341,0.35505470933862016,0.5021118026259803
0.06474542700358456,0.31140188032202143,0.8901530539021763,0.1840170525359999,0.7502215746980849,0.7520337242884,0.5014165168904854,0.3754490047664083,0.9088316008194482,0.27148643700200875,0.8479270405948794,0.5307579281344905,0.6916827856472951,0.0,0.8057770754846569,0.2975141676710517,0.31102013933269207,0.32397103418117945,0.8122871505952446,0.8581483460914424,0.23483707656352695,0.8261960946556165,0.7188572234755457,0.18924056991953983,0.1380147507668113,0.2941177095651777,0.0,0.7323367839220154,0.6263437604707315,0.567656591836929,0.3445028853499013,0.0,0.0,0.0,0.0,0.21750411587883897,0.1961098703925827,0.247706350614318,0.0,0.0,0.0,0.0,0.29686644797750994,0.10168424413466841,0.16386499334708257,0.0576071464720405,0.5943954691733221,0.8619523429284079,0.0,0.8267559010240804,0.6250899390555494,0.4465580047443337,0.48079466457880027,0.8844946673835805,0.12988192806941246,0.8768436377287988,0.5541579591080019,0.600722876882344,0.2400007126080444,0.706903014346566,0.182490177733169,0.2283822391745276,0.44850370616270857,0.7918917346710433,0.8067998528427638,0.14901656867434035,0.859959189720463,0.7251616427004994,0.1521142288156943,0.012699479473465253,0.42640955174272416,0.8842363797943771,0.710035363488014,0.28884341431034766,0.15774158053808315,0.20317604361152428
0.06523487722044441,0.46071530771948976,0.7775592344286559,0.4534979013445753,0.48454669581563137,0.7156733254312169,0.2931495485572699,0.6355546167866954,0.7012630472386628,0.4113172661409569,0.8092923257570084,0.695422724330927,0.8435414628891791,0.0,0.8099603247317659,0.3455235059821877,0.2991402106891994,0.34999846218344693,0.7782402865088013,0.7493040953048478,0.3883974867720001,0.7300688342232625,0.7188679970769029,0.0,0.24405032377536717,0.25154706533893884,0.7323367839220154,0.0,0.6158743521069636,0.804499944575036,0.4702862595310733,0.0,0.0,0.1728866006141367,0.0,0.37003568160107525,0.3770560344513015,0.0,0.0,0.0,0.08728975792966426,0.0,0.1870621172705698,0.0,0.0,0.0,0.6091691922367785,0.691990008733963,0.0,0.7092873610446236,0.6132154240706416,0.5032343952525016,0.6518608442121147,0.726154593476698,0.22969865673452622,0.7504560030776706,0.6116723382277833,0.47379473543608175,0.0,0.7359989975704442,0.0,0.41086694777750776,0.3924686276878341,0.692367827973138,0.7027299818274589,0.3739022583442906,0.7034831648064461,0.7190937470174701,0.0,0.0,0.24773013277147746,0.7160290943167125,0.5486097290940056,0.26912201500952965,0.0,0.0
0.548832515744089,0.7600654986391806,0.4691170087010386,0.21483983614656837,0.5371200376766685,0.723744278271152,0.6485989118555128,0.31358357743870013,0.4964601805835897,0.6979536972611347,0.443875971888918,0.4035784907156537,0.6847809411789222,0.0,0.64084391946367,0.7079869760690943,0.7333834845120479,0.6870173799800203,0.49021749495891265,0.6601313444148743,0.6104582834903628,0.7394189752964877,0.6012151612357305,0.25940958285977345,0.7151222817845897,0.606026034972463,0.6263437604707315,0.6158743521069636,0.0,0.40456443478104726,0.6445961422279735,0.23596263203871506,0.19454862671327142,0.22810555404764457,0.030999304671770082,0.0,0.05301566000714255,0.22353342364684473,0.05833652861369796,0.11819148268146673,0.2519275447895525,0.022321886569566567,0.27513676670546133,0.045422842081692096,0.045790063753466725,0.4656056230773795,0.7442915793727356,0.41441271250722633,0.19527578202510407,0.35173231670308375,0.49230707777710575,0.3636398227267898,0.33326230636113546,0.49469769089123816,0.4878710734334829,0.4872288398216562,0.31646718491780146,0.41793637526551425,0.2165827166248305,0.618876230030527,0.4130526888226899,0.3290243948047342,0.5942852655921522,0.4911821803855825,0.5919453009837067,0.5447079999554004,0.5936039012393595,0.550196145468508,0.1644287143143019,0.5071014516207158,0.6017512243345646,0.5827523675406737,0.4673111166758245,0.7598661229791291,0.173703404689941,0.29180349696267943
0.0619902323066479,0.18075678766738654,0.6266346522030714,0.34202722063870644,0.32280660291911323,0.4711109677550047,0.015103715616232425,0.5913851010013442,0.5389018614089742,0.20122328491738176,0.6791907712128271,0.5560859244166293,0.5520877931732987,0.0,0.735107015361332,0.1497074920951263,0.0403606871914104,0.06277600167697649,0.5962095439042908,0.5599373058469291,0.38276406100921556,0.479065751507169,0.561905247301693,0.0,0.026060605929605903,0.0359007729031566,0.567656591836929,0.804499944575036,0.40456443478104726,0.0,0.4406580960766482,0.0,0.09504621589353514,0.2855968591634924,0.0,0.570635355521032,0.37318371136286943,0.0,0.0,0.0,0.10159628589195702,0.0,0.16321198488297356,0.0,0.0,0.0204464871060558,0.3974991589958621,0.49033100814160474,0.0,0.6026457831132116,0.34442019242803984,0.427998185502978,0.5584597661285678,0.5745304416588682,0.20144292734329658,0.557858667622441,0.505161474055303,0.21900855839623187,0.0,0.6057221858371902,0.0,0.37321977729901135,0.15584086563477367,0.5524916427212684,0.5076325015481906,0.35773911483106796,0.5178376221169594,0.5065449962141096,0.0,0.0,0.11606438221074832,0.5461941787268321,0.33267278255455573,0.03067099281301727,0.0,0.0
0.5678360965543752,0.38639897341190405,0.19292353094035677,0.273247833259238,0.13212346072049308,0.33448633112715576,0.3087414408357265,0.2949846165831521,0.22746862173525434,0.517292981394209,0.19042833358315442,0.21016471590682506,0.32156034186402344,0.0,0.48016087400674795,0.5638710116775597,0.5331085565096002,0.36379137685621793,0.2794711016327742,0.2907486649918797,0.7294813320252911,0.4042637910262341,0.43097366165504447,0.051784250586039214,0.38590132965973417,0.27516144765202794,0.3445028853499013,0.4702862595310733,0.6445961422279735,0.4406580960766482,0.0,0.31724693820398603,0.5157106439380547,0.5411313502757952,0.11218538305069001,0.18113531048296225,0.12050995236246619,0.18386533878782915,0.002001655150990323,0.32028307714419463,0.38608669110703975,0.0,0.17628416366495644,0.03415049798188993,0.0,0.5264156034473125,0.4302690313880882,0.10871017085342642,0.4049027269343532,0.20429004747021262,0.09174131285029487,0.40629776018574465,0.31116627390315255,0.24475811930570193,0.44911793683943774,0.2019977830031446,0.09353494395824813,0.06500532804239673,0.05184586010634269,0.48326337027594685,0.014913057030397421,0.09900003885401508,0.1315319329412454,0.2901318310586746,0.18345576858056514,0.6935872432918936,0.2366097474144666,0.36429607488884747,0.0,0.147530272425154,0.34047179069751043,0.3048504855175273,0.08195199952057129,0.4018320247743151,0.0,0.04904807279679154
