0.0,0.35407258540962605,0.049880914054817316,0.0,0.09898606613013287,0.05529655707307678,0.0394224701772244,0.0,0.23758603524944794,0.1907706447789092,0.07352115040375704,0.12248151799702837,0.018368148107731068,0.057208343237740995,0.0,0.46001000087180943,0.18987697383044763,0.24572039270918625,0.01626188970504663,0.0,0.08278585613392976,0.20059250358148775,0.0,0.4015639240153964,0.48939428874602736,0.46428615724537403,0.06415982763834796,0.10766018937075628,0.0,0.0,0.09771261333574845,0.13080501096065628,0.23903509205575066,0.08523351060500367,0.0,0.07003733674708097,0.1956528179577167,0.04514945747446267,0.16079052678328629,0.28632482040426593,0.31065309090343163,0.029650379698900484,0.042655846551651395,0.08257896407276102,0.18863075957648998,0.5371217403081615,0.0,0.11243590490291006,0.18652672077456786,0.13366921762630402,0.19013609511630813,0.2323795767361426,0.0,0.18036822933488753,0.3335879759908638,0.049016065951853385,0.23097936455545404,0.28365446961038054,0.0,0.18447993179168418,0.38219156672467886,0.2916273135067702,0.359263856451634,0.025931577999697027,0.325957074657367,0.18445871064116312,0.3355981827407148,0.04962572891313064,0.41909766973294654,0.2828430287429856,0.387273141103402,0.3444193772617641,0.4092113791687098,0.5064670076478315,0.2059956623239376,0.4226980859297122
0.35407258540962605,0.0,0.28271315572990874,0.0,0.22459002314361834,0.32448474731588944,0.05384352042477505,0.2004527077055557,0.3890846356067462,0.26805011791951405,0.2933567217798078,0.28868315524008475,0.27635652593836546,0.2541152311929985,0.10918451971887595,0.32300350357887947,0.3221918528648366,0.3054812168133536,0.28181923084068905,0.16490535686490093,0.08895314831720853,0.32212787925706604,0.19589694211225803,0.2546278108840695,0.4197976369279904,0.4790888160305365,0.2659901482499904,0.23293179198832809,0.03537895063161007,0.08106941299439051,0.07887993071332496,0.06349147148373127,0.16736159689555127,0.09560478185072495,0.0,0.2741579825941423,0.2868121407951137,0.07330708714990275,0.1327483715563015,0.20792585660353324,0.16469277061000775,0.0,0.20267503967347333,0.23012227805004273,0.10923279436025736,0.3331608581621806,0.056611562764864294,0.4060873006983607,0.2875470016831472,0.34361658578933374,0.3751887076516709,0.4536081594938776,0.08782247733979998,0.40035985845036426,0.4268633016691699,0.34706105066598314,0.39637650830205695,0.4516584030056971,0.09759925811461334,0.3794796271107208,0.32557380613062087,0.4039837546352616,0.38905928306785714,0.26754798715693273,0.46187496587939486,0.24390428433113479,0.47549195737010647,0.22242223632908867,0.16878564757096473,0.2957366335550943,0.4020699558932019,0.4917245394890203,0.4391891546508706,0.3998216797775212,0.3399164553435348,0.33788293910386313
0.049880914054817316,0.28271315572990874,0.0,0.0,0.39025681856995076,0.49667007952596137,0.3156066944202663,0.38454559011673767,0.5367937463338722,0.2066600254378405,0.5154327084749712,0.12759280859713917,0.4955207465415558,0.2078875724403225,0.39235012023217897,0.0,0.2811223752125543,0.014625673357953171,0.5031587582358409,0.40943926945846165,0.3189144856145208,0.2495533262786741,0.41850467503124866,0.04905944155934965,0.0,0.15194069847225716,0.5331564249818306,0.4322397754146415,0.358795699471306,0.18515491467183479,0.20208898537962033,0.03151601857702708,0.10049243309006149,0.26023655413334,0.0,0.40847284763327996,0.240080489535493,0.14948918920030815,0.06530489322965449,0.04253454154441893,0.0,0.0,0.36116611405377796,0.27311344514385416,0.11625129911898233,0.013114724731163341,0.1828692479831643,0.5723197305481788,0.23949242690080652,0.34751294467986293,0.43548636189437345,0.40183062188048335,0.33504627601182635,0.5564711741814052,0.23733503326287986,0.4921939550105599,0.22966595469989712,0.42299648541703705,0.1422867263258347,0.4379942312526053,0.23598626598769804,0.24717016725672775,0.26201600668194297,0.5099689403869233,0.391375488654231,0.348133427450497,0.4108310861802831,0.414781413777391,0.02995184004685972,0.23039471902592154,0.1449242956997393,0.4184603795977649,0.4133367179601013,0.16650799641967878,0.343221233661263,0.1475773870186735
0.0,0.0,0.0,0.0,0.09649014269193498,0.0,0.16355945943216982,0.07253661750518832,0.0,0.11789529933929581,0.055682684267081325,0.04934783842301386,0.10822685121538832,0.13348503725761487,0.0939966875177153,0.0,0.08588555265069986,0.07179840620624195,0.06025513175744902,0.08000102526736207,0.0,0.005808371740486891,0.05754338565476981,0.0,0.0,0.0,0.0,0.0579019392250878,0.10264276268462258,0.23295767295459993,0.03606053070977928,0.0,0.0,0.052722936706364895,0.13159211643933869,0.08066540635469206,0.07350994298597906,0.11365463623120672,0.0,0.0,0.0,0.011332131981196246,0.07453248095280424,0.005477121353256611,0.0,0.0,0.1774328520563827,0.0,0.0,0.11219361825623851,0.0,0.048810050456413505,0.0,0.0,0.0,0.007084727455961994,0.0,0.0,0.08941418415865351,0.0,0.0,0.0,0.0,0.08110357575906695,0.0,0.0,0.0,0.0,0.0,0.0,0.0,0.0,0.0,0.0,0.0,0.0
0.09898606613013287,0.22459002314361834,0.39025681856995076,0.09649014269193498,0.0,0.20679763077626828,0.37341427728291304,0.05147234751702131,0.46741418336620205,0.12624590923045123,0.5492039073889353,0.07518006031957511,0.31314497094162325,0.08076731218470382,0.24663316719742492,0.0,0.18648830927910898,0.18253590284870475,0.3420827289195305,0.3612364357271191,0.0076344161637360375,0.2591727364727986,0.028442142483052008,0.0,0.1285485223897227,0.052609988474099444,0.40208977418831005,0.3405798143663233,0.18540421367352916,0.27706165487393675,0.07522774874843877,0.07337215741311759,0.0,0.034171671376940306,0.0,0.24081902704264124,0.15417973345170513,0.0969372403253225,0.0,0.0,0.0,0.0,0.18579603708725495,0.08535330282318584,0.0,0.0,0.12672875927185834,0.35378869042239947,0.11650495018027798,0.5093345617274949,0.14112587787790506,0.27915700058468873,0.0,0.4821561534606338,0.022803839173427744,0.4675249048883294,0.09644509814902466,0.17435952401083904,0.17792871592672405,0.20415637139253848,0.1065310221201133,0.028632741728490015,0.07387851616022582,0.4509637969373448,0.26414513648416693,0.039016186864936714,0.2966069415782948,0.05185795684165121,0.0,0.08294722890047419,0.0,0.38324743509971165,0.22301438723765024,0.23560201022404137,0.21294519251226543,0.10137442506658599
0.05529655707307678,0.32448474731588944,0.49667007952596137,0.0,0.20679763077626828,0.0,0.30349741643347494,0.513628603885652,0.49735054987081706,0.3986654811844405,0.24603898172604827,0.32362043899210247,0.48671534713844916,0.3521786736775487,0.4318880303903592,0.07364255553087583,0.42552834890710495,0.03507935305107224,0.37811989040132665,0.4058521963235958,0.5075346565629396,0.3196215292538712,0.5619657878902085,0.2490285583128131,0.03332095050076963,0.3246240372515102,0.5505508211017228,0.28029895784830716,0.45770946338725893,0.13594031916951993,0.31821861959677844,0.07436654627994775,0.2575477849379214,0.21121593129369945,0.0,0.43246508399013367,0.3867142215440449,0.03724802325508846,0.24079971148623738,0.2326959552270037,0.1325760262615264,0.0,0.3522590312730714,0.38155860967873745,0.23256803401874768,0.17911541639953796,0.38254681551505215,0.5306687493283181,0.2706885833208763,0.12518742984189574,0.5407891052159355,0.4187610949802988,0.48655059210421087,0.42382943529973366,0.4394858425348704,0.3107363667156485,0.36934481767024435,0.49558832540867165,0.12803704353144743,0.4494964934085942,0.36263996070250976,0.3865701078538059,0.40047728141509625,0.2643407260541864,0.35176858796426147,0.5093517358843803,0.4247025936366662,0.5309878342172912,0.2018105895575637,0.39493960264712824,0.337625753832039,0.29800561233900064,0.3891350204256196,0.07240361316459117,0.41874139330607435,0.27974541318448026
0.0394224701772244,0.05384352042477505,0.3156066944202663,0.16355945943216982,0.37341427728291304,0.30349741643347494,0.0,0.14816585186772407,0.31528993464524313,0.22400741660987603,0.2616985351715423,0.006666824395665596,0.43818242787521433,0.12880086726892595,0.2679208934616751,0.0,0.2792056018362268,0.05715585122756572,0.17700978257288624,0.342009544488321,0.2277627849525999,0.09250456899779305,0.18462680720437422,0.0,0.0,0.0,0.3590338752221301,0.30571076873524594,0.4303556150873394,0.24978177829375336,0.25119383212755475,0.0,0.12831572938112698,0.18390911785185227,0.0,0.31024293945623393,0.2521102851099946,0.032993451409319134,0.0,0.08736751179547628,0.06121589625001992,0.0,0.2631438906914949,0.21943377113396711,0.026999054081385903,0.0,0.28843601823967496,0.17544949150995137,0.23057694925274938,0.22563658332018635,0.21224722936612164,0.32909132710777983,0.1266733084733644,0.2806212474342095,0.11346210018114415,0.1658985871719312,0.02652978067699314,0.21922547004994994,0.1955677560674361,0.12863346836159867,0.1580077570878342,0.10181929197661066,0.14430577703258965,0.2313816211966874,0.12533408528654447,0.17065402106286015,0.17148858215381568,0.1556255494740441,0.0,0.1479748400421688,0.0,0.12843528206534344,0.18671288294569502,0.1054151668758541,0.21876591518158842,0.1032005721647979
0.0,0.2004527077055557,0.38454559011673767,0.07253661750518832,0.05147234751702131,0.513628603885652,0.14816585186772407,0.0,0.29619216525995673,0.27071983418954454,0.20820607480393885,0.2854174333960317,0.3938909739694145,0.3817979728116917,0.29068608436411203,0.0,0.25221927245308734,0.0,0.3618789659654247,0.2548631288342702,0.4425863083949583,0.17756199142847484,0.6202540182792028,0.19673792881855107,0.0,0.18516026997982096,0.3441975933894774,0.18917928938890619,0.3064860016136174,0.14877576827726502,0.28674504276154655,0.07506545652697721,0.13306730499712782,0.24465537735818227,0.0,0.33841078252723034,0.22908952844586364,0.13758575914517004,0.19936171203367778,0.12625884460930606,0.0,0.0,0.2996888232598156,0.2085486255400324,0.17743858539959162,0.0682414296659141,0.32909446497546624,0.3846586948719842,0.22297010580769788,0.0634993447316978,0.45219986313021054,0.28274524402600015,0.5732411368411955,0.25743088345230475,0.28980178873306023,0.2881594965098107,0.3195862966858316,0.3373112147379515,0.12078845816478499,0.29821328494825844,0.12136084295090036,0.21267658659198332,0.1759480617915122,0.2451834192361182,0.19047023177675354,0.4417851967824289,0.21482266710966347,0.5634893141019536,0.1267010143221532,0.23667862397697084,0.27589364980045294,0.13448457684950496,0.16869097263356586,0.0,0.2647215645607384,0.052663692300328656
0.23758603524944794,0.3890846356067462,0.5367937463338722,0.0,0.46741418336620205,0.49735054987081706,0.31528993464524313,0.29619216525995673,0.0,0.22230570651930295,0.4773756600096834,0.1554065364117589,0.4303627840490978,0.2510338136559118,0.33925707341397654,0.0532447079695678,0.3084829396056157,0.023959651330651283,0.3775225938913979,0.42360778932801046,0.32553339195793823,0.32272909115767157,0.2914940796264198,0.1426140026889674,0.1352888399622029,0.28892342696773765,0.5493139574539382,0.3677572769857838,0.3065327458029711,0.18083408315425667,0.22874075402779884,0.07925898612907639,0.12119550062862659,0.1689392024452507,0.0,0.3658302936234401,0.27747945920323097,0.034359803381009184,0.1391788966474184,0.09561806431620154,0.09055456105987862,0.0,0.3555962476978752,0.2998246656678314,0.1557333204965968,0.2311835857165205,0.20795892402012978,0.5127205412523702,0.2682183500905602,0.3681367917944287,0.4528439212409664,0.4335363962107106,0.27278758579510237,0.6252127221585689,0.31458423551764514,0.49145378863028916,0.3163636347197429,0.4592786188985755,0.14343608917920858,0.45161142846373276,0.360224070401512,0.31378660554807897,0.3753179485072925,0.4053695233536319,0.4968902175570181,0.42138530086180037,0.5386555318887463,0.32180658739264695,0.13450720727941273,0.29583298059571217,0.2533394296139174,0.5188752054710891,0.47136108162148294,0.34797962688687495,0.4292871845917709,0.27304810278709435
0.1907706447789092,0.26805011791951405,0.2066600254378405,0.11789529933929581,0.12624590923045123,0.3986654811844405,0.22400741660987603,0.27071983418954454,0.22230570651930295,0.0,0.08478835977966119,0.3848772816801294,0.24255230775653833,0.27174580954151684,0.2988714926788965,0.334857626362972,0.4560006364293553,0.3483328103057989,0.2596475407522414,0.2844047059679498,0.33672162939114336,0.3893725450397044,0.35044351533968116,0.393759845276951,0.24726507321438937,0.35482292893339024,0.35048404763816887,0.2280269663393088,0.32834105515772544,0.1648363330139677,0.32910761686279516,0.04171541065698306,0.193314525949463,0.13161602180334658,0.0,0.3452116975836764,0.2083356205659473,0.16901359926974394,0.07829012145885625,0.21562794262611112,0.06555101355738219,0.0,0.1909246509227166,0.19099091002728072,0.21288793613636015,0.2875380372834276,0.37567900101677204,0.3343288116908375,0.1706746104028806,0.07476133347661257,0.25323369379759536,0.27461943409877804,0.29215659087365387,0.1741028283612172,0.4443542187453398,0.15586954634879427,0.3101437477708896,0.23402409470351582,0.14231236811820555,0.18272530851384672,0.2905327432065681,0.26544279919533137,0.21566109369837005,0.16172704723754752,0.09799516037975337,0.2142074482385532,0.1741466722408102,0.3578778511360866,0.24136951619886562,0.4474580979546388,0.39354396476143466,0.10517837922702562,0.16764082170436215,0.0,0.13291011441407558,0.22303369382707067
0.07352115040375704,0.2933567217798078,0.5154327084749712,0.055682684267081325,0.5492039073889353,0.24603898172604827,0.2616985351715423,0.20820607480393885,0.4773756600096834,0.08478835977966119,0.0,0.07020883646975086,0.3608187264464257,0.116662310056994,0.2630323753219294,0.0,0.17064384442447866,0.12014840067406747,0.4764357103698833,0.32588891830575273,0.06153265417645453,0.25333734332446023,0.18211813444271865,0.0,0.08596334653962485,0.05891786085723351,0.4017610790877095,0.3841107743682335,0.1640678212625054,0.2359546267018458,0.033357938929932544,0.07370606768160268,0.0,0.14325818685658032,0.0,0.2974441391175835,0.19461575014945443,0.18393155698399924,0.0,0.0,0.0,0.0,0.25043267729243696,0.07845339055665294,0.031364143471073885,0.0,0.12634899149720674,0.44247261288107304,0.15082128627655084,0.49195898507974056,0.22383691823702048,0.30024735494335536,0.06930888317330786,0.5150044995571327,0.049792125407208045,0.591129548733661,0.11874763431197864,0.23968042573753692,0.11737913525629162,0.2843684941256717,0.06681194160868012,0.0608310877990741,0.05731814592134989,0.5639942238601037,0.3010441638925091,0.12552819346691163,0.32278612646590726,0.18618846276702955,0.0,0.06137700328021913,0.02539345536125563,0.40678657098791354,0.27504198404099484,0.23042063978753666,0.24837994232694538,0.031398972534619284
0.12248151799702837,0.28868315524008475,0.12759280859713917,0.04934783842301386,0.07518006031957511,0.32362043899210247,0.006666824395665596,0.2854174333960317,0.1554065364117589,0.3848772816801294,0.07020883646975086,0.0,0.08355116996394746,0.3497363215891101,0.015607895702126949,0.3015857669230324,0.3643543577804153,0.3346503627565044,0.27026776312987566,0.036739796563597556,0.03303040891319874,0.21766185080675685,0.23843089178166957,0.3766500049927549,0.27676166569550864,0.4296307641214705,0.11071456268536545,0.0,0.0,0.004409687093647814,0.04287728168994824,0.10175466707312217,0.11562490372020245,0.0,0.0,0.23437916824706959,0.32726675527438753,0.050975515240137007,0.11868592477491141,0.14579581852513268,0.19595240344087303,0.012972902575006887,0.1072943101697052,0.2746500585024928,0.18221318394104521,0.1704229337534676,0.210228945048165,0.3214982348103082,0.10671159836766532,0.051287311897140815,0.27193074460110417,0.15667550330509622,0.22153609855776224,0.07220023121384166,0.42197467189492927,0.14779984936839818,0.48863986136708176,0.24524446162036298,0.208499491705111,0.03183282693838563,0.11597189068718865,0.23953478248062904,0.24235422989096264,0.16325076296977692,0.08515899875977673,0.05353951999767579,0.13268388594831326,0.21660472326392416,0.30435748378857136,0.23406843956504852,0.3629176076374659,0.1312367322857207,0.11469406675142962,0.0,0.0661550796526629,0.24321550492249627
0.018368148107731068,0.27635652593836546,0.4955207465415558,0.10822685121538832,0.31314497094162325,0.48671534713844916,0.43818242787521433,0.3938909739694145,0.4303627840490978,0.24255230775653833,0.3608187264464257,0.08355116996394746,0.0,0.21982462316588616,0.4424195782213579,0.0,0.36464889764953184,0.032546369158006946,0.30379519791632803,0.47523439370798043,0.42202559747326573,0.24103563807763606,0.4383033511610622,0.0,0.0,0.12583239968734078,0.47028694793590603,0.4737415189688988,0.4995545000676434,0.2900667215075766,0.3119429191578048,0.06552273618521055,0.15129415284222744,0.3260524595949054,0.0,0.4699085734281246,0.30010176149913104,0.16743248582796866,0.06937036708844523,0.12497781454597867,0.0,0.0,0.39425987615778,0.25650534419680443,0.07261340387618354,0.04365330874363805,0.33485678163559224,0.3918389064554537,0.3659914692983735,0.253701053144946,0.4100431658886678,0.4219406251121322,0.3235651976686085,0.44776395152886395,0.23231630315963112,0.3412093186354847,0.17550647147621481,0.4436400631333223,0.10541455482269592,0.4056411767596914,0.21308796311312214,0.3136468424294687,0.25875109535670693,0.3294256749966604,0.34347980273257006,0.44275335190798115,0.35790052103276904,0.3821136317755441,0.0,0.23256557586783225,0.10279399423181626,0.27451872049827153,0.39462354875323846,0.12815624163104367,0.37914438451897914,0.09059378557880984
0.057208343237740995,0.2541152311929985,0.2078875724403225,0.13348503725761487,0.08076731218470382,0.3521786736775487,0.12880086726892595,0.3817979728116917,0.2510338136559118,0.27174580954151684,0.116662310056994,0.3497363215891101,0.21982462316588616,0.0,0.11766118610355134,0.04715356920190209,0.28562094534600213,0.0,0.22459924148836272,0.12119655521516573,0.2323042717184696,0.1718988212369855,0.349519165082423,0.24760458827588355,0.08215699793130685,0.2479713664986534,0.19000410375896548,0.07723948645723899,0.08758735057134497,0.04055582663397477,0.2029840785361886,0.14358044939556514,0.07157789699487714,0.08085672937439171,0.0,0.2838857555548978,0.34933060217563494,-0.002909210225225102,0.21658252876713782,0.16108201408379805,0.09476626837214137,0.02522320791940384,0.31426118040726697,0.3107550658132886,0.18833949715623868,0.15616685288384607,0.272720664914918,0.2875467007779909,0.2351808218655899,0.10415466625700014,0.40765362915814096,0.29381138312836746,0.35236171896206725,0.18258223740553572,0.4336990104304809,0.2231325067335579,0.3926812287022785,0.38433539681938916,0.3003169096160153,0.18052113347778065,0.20273603977871638,0.28271687585072025,0.31111505631085506,0.12692728951919907,0.19838273672240533,0.3332886617369926,0.24631377237487173,0.37290240842079114,0.2243651072621885,0.23985068029548912,0.32299097476579364,0.18019751373252516,0.1705632840744248,0.09418087215077342,0.2647477625707161,0.2022773590226929
0.0,0.10918451971887595,0.39235012023217897,0.0939966875177153,0.24663316719742492,0.4318880303903592,0.2679208934616751,0.29068608436411203,0.33925707341397654,0.2988714926788965,0.2630323753219294,0.015607895702126949,0.4424195782213579,0.11766118610355134,0.0,0.0,0.2564893243425213,0.0,0.20642776510980138,0.5509934307392113,0.44551767643951573,0.4304806401934068,0.3732600051107757,0.058734155627136644,0.0,0.0,0.4882346854571592,0.44514960204319853,0.5236478235923553,0.2154789203924938,0.255537210810536,0.12589124799862111,0.05564569940678766,0.23655066158031718,0.0,0.3488131788736961,0.1675871650794663,0.13724758135425172,0.23051373622783344,0.05400025747894198,0.0,0.0,0.3210215577041171,0.13817089631007654,0.13707465266125782,0.04594363941190347,0.30652984628402086,0.391817480651008,0.06309986874484955,0.13959340314241078,0.2958394001756235,0.2043308456286345,0.32863637825744424,0.35340540485340516,0.14210524751103826,0.29189068279559083,0.03711394618798649,0.2299231609078898,0.0,0.48129532775228084,0.26009811847948183,0.13823165092793366,0.09743823814156212,0.20084974202445705,0.24729628484134464,0.35554395111947845,0.3032575527609234,0.4084508500580942,0.041204810764469156,0.2492155586729487,0.14003497944578835,0.19310051673079798,0.26776649699661054,0.0,0.33044064675667256,0.1543200321590039
0.46001000087180943,0.32300350357887947,0.0,0.0,0.0,0.07364255553087583,0.0,0.0,0.0532447079695678,0.334857626362972,0.0,0.3015857669230324,0.0,0.04715356920190209,0.0,0.0,0.27794047525250504,0.3862285468234347,0.0,0.0,0.0,0.2350559837738235,0.0,0.42295069407454944,0.5059078216435401,0.5047175662793262,0.0,0.0,0.0,0.0,0.1221008476377697,0.126106842277076,0.2014962546945291,0.0,0.0,0.0,0.022031104849662784,0.0,0.17709440432486875,0.2740567008112686,0.3204355876020887,0.11558734031701205,0.0,0.07882922411838629,0.13809617238948435,0.4341368842803784,0.03474917519967238,0.058056143394902476,0.07455302423490294,0.0,0.04714942074039137,0.08661945086888537,0.0,0.0,0.36146380677666323,0.0,0.23992309594452382,0.09941440971497492,0.06170061405867493,0.0,0.3451139361881864,0.23727669400388676,0.2936050827043619,0.0,0.11451535674319605,0.0,0.1597883653497641,0.0,0.3010234535940059,0.32342515986607395,0.39016776732322084,0.14159230277121285,0.11806482119903121,0.23539129765178216,0.0466591058579331,0.36262734326764545
0.18987697383044763,0.3221918528648366,0.2811223752125543,0.08588555265069986,0.18648830927910898,0.42552834890710495,0.2792056018362268,0.25221927245308734,0.3084829396056157,0.4560006364293553,0.17064384442447866,0.3643543577804153,0.36464889764953184,0.28562094534600213,0.2564893243425213,0.27794047525250504,0.0,0.29622622441079566,0.264945300298195,0.29133492306852504,0.26466216699580747,0.29614362607969374,0.30904008347973944,0.25185018564074396,0.14909524374400596,0.37481575977516185,0.33190039850939074,0.2615948244828096,0.3142289551907828,0.1828286204428207,0.2902907726993289,0.008458342476839699,0.24043719038034997,0.17282212080535084,0.0,0.3639841367733085,0.29450199894006407,0.08875837213961374,0.06262750884594133,0.2282206733621396,0.15177263298900995,0.0,0.29519011729432504,0.31859006310688387,0.18559652170166083,0.1978164625200063,0.2631155669922368,0.3916598831354195,0.2445147529455524,0.15932565452197237,0.3144619056455846,0.31777782253953213,0.2167153391535975,0.2728316822577953,0.41733032065270154,0.229591263446457,0.32006431975618727,0.3592173025226143,0.20533000257350667,0.21352405317056436,0.2683996984235734,0.3982011107893067,0.3002722274808077,0.2352312208100932,0.2209616897599422,0.23290402639757302,0.2544090731939203,0.2770670514746677,0.17329532070182216,0.2699208656690008,0.3052324047666509,0.20169763158932602,0.28201080532789496,0.04490544135525207,0.20340995777126317,0.2290199643224924
0.24572039270918625,0.3054812168133536,0.014625673357953171,0.07179840620624195,0.18253590284870475,0.03507935305107224,0.05715585122756572,0.0,0.023959651330651283,0.3483328103057989,0.12014840067406747,0.3346503627565044,0.032546369158006946,0.0,0.0,0.3862285468234347,0.29622622441079566,0.0,0.15597798851234396,0.023599972845556903,0.0,0.26510727638740256,0.0,0.16042905853155567,0.42725532390770365,0.2736873622995087,0.04404338585738986,0.09770508551163976,0.0,0.06732018867482144,0.0,0.051205752293890655,0.07459895934700836,0.0,0.0,0.12832819061499726,0.07371846205031138,0.2032804471632901,0.0,0.0882658326719723,0.12210075150684073,0.0800899764953729,0.0,0.03527169108743695,0.03283412918337959,0.13390693550194505,0.05661825117678936,0.16213816590211355,0.03988488416327053,0.17074817001386597,0.0,0.09397084413252799,0.0,0.03355086263148898,0.19159396738517215,0.08875335934774213,0.18282696535139586,0.026660032827809585,0.031811083502070146,0.0,0.08993847364033217,0.10359404385645125,0.11092573361593441,0.1618114325704034,0.0,0.0,0.034288119415864356,0.0,0.05228858870882606,0.18735757268961808,0.15675287162435061,0.1214855781354753,0.05688136213636379,0.1120045455326192,0.0,0.16849290510353926
0.01626188970504663,0.28181923084068905,0.5031587582358409,0.06025513175744902,0.3420827289195305,0.37811989040132665,0.17700978257288624,0.3618789659654247,0.3775225938913979,0.2596475407522414,0.4764357103698833,0.27026776312987566,0.30379519791632803,0.22459924148836272,0.20642776510980138,0.0,0.264945300298195,0.15597798851234396,0.0,0.23649489850737168,0.14625060167150722,0.21745778943740826,0.34274895421713697,0.09045671958657335,0.11095905145694557,0.17328927380205322,0.35043282572498674,0.22844669204055307,0.15796341731546854,0.16930606728734643,0.05474698066092287,0.02880633026129309,0.09593939593643869,0.09651905680249868,0.0,0.294191985427654,0.22703144010528442,0.1581597237045825,0.0322044848786709,0.07830842015467851,0.025521251467255306,0.0,0.2325764228869721,0.17130656812370582,0.08432290807132342,0.011347708136086323,0.2085166871296172,0.4997107745374102,0.13055087685314828,0.2949308505964942,0.33891564072910846,0.2802483235722628,0.2797632311335048,0.3676808978217424,0.2350528014163822,0.4754122239729059,0.22833018733102675,0.2800051973725341,0.15263822089741225,0.2106950572430059,0.11421452061561789,0.1654322228803789,0.14242307656919242,0.579422268319185,0.21192880634751946,0.1624605373597559,0.25560528501166907,0.3340246487063368,0.024784693900124572,0.17670335489880878,0.18189777671053922,0.29527336642956686,0.2035005027747066,0.07487635936779138,0.22513447803007758,0.09825390408880365
0.0,0.16490535686490093,0.40943926945846165,0.08000102526736207,0.3612364357271191,0.4058521963235958,0.342009544488321,0.2548631288342702,0.42360778932801046,0.2844047059679498,0.32588891830575273,0.036739796563597556,0.47523439370798043,0.12119655521516573,0.5509934307392113,0.0,0.29133492306852504,0.023599972845556903,0.23649489850737168,0.0,0.3614980216860317,0.5026493475551552,0.302926999241452,0.0,0.0,0.03730017538990752,0.5318017396329532,0.5408739803954439,0.5038028210537521,0.4059762299771073,0.3925775964464481,0.14109924177971098,0.0,0.2560191250065057,0.0,0.36812016303661355,0.12305329298832586,0.12927068254168117,0.13660109386485272,0.0,0.0,0.0,0.3880487682834895,0.200227136086178,0.11436878075654312,0.0,0.28656282257541266,0.4204487618634711,0.18684806474240695,0.2883931955808084,0.2700357656527909,0.3058115409862691,0.2658639927792922,0.4698036416050894,0.14827781691193107,0.37150583936304343,0.10422422789255285,0.2896920998635835,0.20273802939775099,0.4541901429451369,0.26408979723193937,0.17728403919691396,0.15850921556035122,0.31103166273629573,0.3758624923236039,0.33945790680132937,0.3873111709983956,0.33213911611632363,0.0,0.24645074230858566,0.08942650779359307,0.29111176790314597,0.30213092713220824,0.09102141446047,0.35699393222101033,0.1445658635481109
0.08278585613392976,0.08895314831720853,0.3189144856145208,0.0,0.0076344161637360375,0.5075346565629396,0.2277627849525999,0.4425863083949583,0.32553339195793823,0.33672162939114336,0.06153265417645453,0.03303040891319874,0.42202559747326573,0.2323042717184696,0.44551767643951573,0.0,0.26466216699580747,0.0,0.14625060167150722,0.3614980216860317,0.0,0.2467339050759127,0.52880793214387,0.24948187011823614,0.0,0.13584562854296756,0.4520099168561955,0.2695350359040316,0.5388508437604584,0.10425172058343529,0.39924483230598157,0.05626452443702497,0.22256689693976148,0.30464414379755894,0.0,0.3059397916482959,0.15066438503013824,0.0862073665201047,0.24685293300595165,0.25752089839956577,0.006518080314562702,0.0,0.2864122337776688,0.20197306589060757,0.23360492509021774,0.24728885753733187,0.37698051461855764,0.2756146307160552,0.20431678625351102,0.0,0.39085237859252797,0.2527814945245505,0.5216845910580296,0.24886207942627064,0.280499389876278,0.11373630759896954,0.12973696364227147,0.3065103673470142,0.0,0.38547853892589234,0.34993684127303226,0.2719645632188185,0.26137897430669643,0.03623279668764617,0.20708565516939015,0.5708526401205922,0.26917895039115414,0.5089881514884489,0.2243291202364948,0.3583152285278604,0.2846014798050772,0.10274399668577064,0.2783866578790046,0.0,0.3520041224868724,0.14055026792779643
0.20059250358148775,0.32212787925706604,0.2495533262786741,0.005808371740486891,0.2591727364727986,0.3196215292538712,0.09250456899779305,0.17756199142847484,0.32272909115767157,0.3893725450397044,0.25333734332446023,0.21766185080675685,0.24103563807763606,0.1718988212369855,0.4304806401934068,0.2350559837738235,0.29614362607969374,0.26510727638740256,0.21745778943740826,0.5026493475551552,0.2467339050759127,0.0,0.2108745749819195,0.2246277675438324,0.20855681930133757,0.23732736621665113,0.43086952475915263,0.37369748931187863,0.27758610726652083,0.2977413503429438,0.3053165685166358,0.2760675429623174,0.02604898929494248,0.18647697767247226,0.0,0.24007765985151305,0.10945078070167476,0.19666307120739773,0.30258501855387826,0.09212609338897738,0.06770077150672736,0.01513769602355374,0.253363041282422,0.15624729899552373,0.20985511519062441,0.20233876474063123,0.2880204259136625,0.39591635807816244,0.10041159211188579,0.22199855237129634,0.21837934337320733,0.2184839007365509,0.1818647088760397,0.32860143777623985,0.289280807729712,0.3509034548605234,0.21746378694923119,0.21058608988402544,0.14936548986594994,0.40909207494560856,0.347107284639842,0.17231596289939483,0.20122312196415817,0.22450617340664236,0.3248139037157751,0.26176251965890257,0.3990870611552318,0.3028489173803211,0.12187752658943812,0.3543168211930145,0.3357604831428454,0.3166920585381407,0.2372418465821012,0.19309005111243757,0.29033075408312864,0.2714626050212959
0.0,0.19589694211225803,0.41850467503124866,0.05754338565476981,0.028442142483052008,0.5619657878902085,0.18462680720437422,0.6202540182792028,0.2914940796264198,0.35044351533968116,0.18211813444271865,0.23843089178166957,0.4383033511610622,0.349519165082423,0.3732600051107757,0.0,0.30904008347973944,0.0,0.34274895421713697,0.302926999241452,0.52880793214387,0.2108745749819195,0.0,0.23665056775470164,0.0,0.20933742883234788,0.39809235178444563,0.27842873567138293,0.40204513861646185,0.12074856021002482,0.34040769596540604,0.02027637987590742,0.18782017423525327,0.32318216229026336,0.0,0.37496462305733186,0.2688750038522749,0.18510290169507937,0.1640294114370688,0.1893954554034567,0.0,0.0,0.3123647345698279,0.27204335950165026,0.23579534103089286,0.10597695537333379,0.328802180316526,0.4263640776563845,0.21822361880883298,0.044844351724271425,0.4799165206564927,0.3009765543122355,0.5849687474043804,0.2659934875799877,0.33518678016584075,0.2499888583567479,0.2777478394449569,0.3631412775509215,0.09265706100595761,0.34986737646845967,0.19094594538811166,0.2544080222228149,0.2051869188481144,0.22400574706702248,0.20365667796270456,0.4625361531413763,0.22959834513645713,0.6182990505912337,0.15835076409655108,0.2879656744749127,0.31549494021753305,0.14175163323788484,0.22854348657049722,0.0,0.2789913752194215,0.09401519193905486
0.4015639240153964,0.2546278108840695,0.04905944155934965,0.0,0.0,0.2490285583128131,0.0,0.19673792881855107,0.1426140026889674,0.393759845276951,0.0,0.3766500049927549,0.0,0.24760458827588355,0.058734155627136644,0.42295069407454944,0.25185018564074396,0.16042905853155567,0.09045671958657335,0.0,0.24948187011823614,0.2246277675438324,0.23665056775470164,0.0,0.3779198091255461,0.5021694621495038,0.10428329624894679,0.0,0.0,0.0,0.13199738759833834,0.17168621283500862,0.2784182496461564,0.03739494638907107,0.0,0.13711553658124456,0.1803653085316578,0.04028833373042608,0.30522887127559656,0.34087413812249706,0.2571199208915385,0.0,0.06524213183215258,0.15009987929182522,0.2712700402045122,0.4928158414784949,0.12554943776675787,0.2109792374097008,0.13703002269345524,0.0,0.3082906196074275,0.14518777367080887,0.3123749210633656,0.04280456402035062,0.48214861793139735,0.0,0.4149531062964898,0.27025795277538545,0.01137827794382616,0.17860093630577342,0.36444526815626344,0.2941887567486962,0.3430589689568549,0.0,0.18291370022996026,0.2755202145308171,0.2516116431824015,0.32015303540264023,0.5532191850238034,0.4350359669545095,0.5505521640847657,0.1667885057962516,0.2558647484838938,0.21317419360330236,0.19119055144950434,0.3944328536105989
0.48939428874602736,0.4197976369279904,0.0,0.0,0.1285485223897227,0.03332095050076963,0.0,0.0,0.1352888399622029,0.24726507321438937,0.08596334653962485,0.27676166569550864,0.0,0.08215699793130685,0.0,0.5059078216435401,0.14909524374400596,0.42725532390770365,0.11095905145694557,0.0,0.0,0.20855681930133757,0.0,0.3779198091255461,0.0,0.44828153144154503,0.0,0.0,0.0,0.0,0.0,0.1287248335870075,0.17985904494843447,0.0,0.0,0.012944044981819105,0.1481662519311782,0.0,0.14027340924238377,0.217577522702209,0.2871903048128814,0.0989678043472983,0.0,0.03290846132482053,0.09726934976898742,0.36909429149926243,0.0,0.14632873603463437,0.05462683788068836,0.132177240384796,0.17028656107458923,0.1602204249842518,0.0,0.08876385835047425,0.31817571706858955,0.0908090307630127,0.2569125708311119,0.14153177224414495,0.0,0.07638169747350293,0.28790457811943776,0.13304314403439216,0.24243324804009567,0.0745316597746916,0.2049979429931627,0.0,0.2530323986697902,0.010339032056864232,0.2829733844803328,0.34464785427314587,0.35529654864877924,0.3312595940790668,0.1952127328988098,0.4357393629815697,0.07873595464087627,0.39480346530451654
0.46428615724537403,0.4790888160305365,0.15194069847225716,0.0,0.052609988474099444,0.3246240372515102,0.0,0.18516026997982096,0.28892342696773765,0.35482292893339024,0.05891786085723351,0.4296307641214705,0.12583239968734078,0.2479713664986534,0.0,0.5047175662793262,0.37481575977516185,0.2736873622995087,0.17328927380205322,0.03730017538990752,0.13584562854296756,0.23732736621665113,0.20933742883234788,0.5021694621495038,0.44828153144154503,0.0,0.1694152242312302,0.036118003241317385,0.0,0.0,0.07795700827672432,0.08813366674370766,0.3021733278977891,0.03176264137261698,0.0,0.16823584714946935,0.27290627666657663,0.0,0.18995382976958236,0.31798911935203616,0.3025963009098035,0.0,0.10121886121015307,0.22352629653453895,0.19635357031742856,0.49303504600490783,0.09023319260344687,0.3209311669420557,0.2686730692603365,0.0980393357248401,0.32764953156814197,0.3084449860349056,0.16636385006738122,0.20299786211381873,0.4983382561788466,0.12361988827137928,0.46004748169584936,0.390247603322381,0.07164541287951247,0.21229981032961961,0.35415543921436843,0.40684863893926715,0.40592601042959153,0.09823861199929676,0.32455664969064013,0.21523170775578207,0.36134665082391326,0.21178889175135576,0.4035573332568772,0.3555210757763337,0.5456584822912369,0.3135520689252757,0.36837943048500915,0.2886538184111639,0.2519706683673163,0.37374417531412196
0.06415982763834796,0.2659901482499904,0.5331564249818306,0.0,0.40208977418831005,0.5505508211017228,0.3590338752221301,0.3441975933894774,0.5493139574539382,0.35048404763816887,0.4017610790877095,0.11071456268536545,0.47028694793590603,0.19000410375896548,0.4882346854571592,0.0,0.33190039850939074,0.04404338585738986,0.35043282572498674,0.5318017396329532,0.4520099168561955,0.43086952475915263,0.39809235178444563,0.10428329624894679,0.0,0.1694152242312302,0.0,0.4338650376648734,0.5315131558222154,0.2565878262517002,0.33840311146800245,0.08671571387329619,0.12566909696024406,0.250169234158314,0.0,0.37000807910141215,0.20043306711080308,0.11154088953467961,0.19831668241982048,0.09048856174531289,0.01718065894194896,0.0,0.33803698207485977,0.24214553227845637,0.16435132803739125,0.10089113828809429,0.3497750156370985,0.5009307667356178,0.21906544793783692,0.27311203219071983,0.3921044068213242,0.3944864776115724,0.32816936699535565,0.5231707735212604,0.2676049248855051,0.4070132999382886,0.20831534850362698,0.35742873712805234,0.1299469760456572,0.4644934175573152,0.36763634355577257,0.2460785133208927,0.2814521056022736,0.33411418655184244,0.36514725320058217,0.4091983279535764,0.44163399243005874,0.4059451384207791,0.041040505888300674,0.37644107435973334,0.20576373063481446,0.4059257605291307,0.36478846942664706,0.14746037965259925,0.40254592871641026,0.20067645979570567
0.10766018937075628,0.23293179198832809,0.4322397754146415,0.0579019392250878,0.3405798143663233,0.28029895784830716,0.30571076873524594,0.18917928938890619,0.3677572769857838,0.2280269663393088,0.3841107743682335,0.0,0.4737415189688988,0.07723948645723899,0.44514960204319853,0.0,0.2615948244828096,0.09770508551163976,0.22844669204055307,0.5408739803954439,0.2695350359040316,0.37369748931187863,0.27842873567138293,0.0,0.0,0.036118003241317385,0.4338650376648734,0.0,0.4006748920360374,0.38095710660587506,0.35137954501143404,0.0688243420108352,0.0,0.3313540373569975,0.0,0.40425478368181295,0.12676208256271357,0.24659103802693844,0.0,0.0,0.0,0.0,0.3968540542735679,0.16828310547611405,0.08446422144390053,0.04616142206339751,0.16129844734214532,0.3674342460575784,0.26585919948961934,0.37595489943206994,0.24115965698612535,0.36838059449829363,0.16322705552319403,0.4668372054000174,0.1346051152834315,0.3604507994059109,0.11836324863243579,0.31578542030882667,0.15010013573184958,0.4349600767085935,0.15617166868454485,0.20683853476734182,0.1489319564099264,0.34581672591536694,0.39769690072931463,0.3095886424178565,0.34699207025598594,0.3034886987023303,0.0,0.22947950775063722,0.07084764725682349,0.3403770739048163,0.3881999695628535,0.20913317376316443,0.2946102276573873,0.06944262649736302
0.0,0.03537895063161007,0.358795699471306,0.10264276268462258,0.18540421367352916,0.45770946338725893,0.4303556150873394,0.3064860016136174,0.3065327458029711,0.32834105515772544,0.1640678212625054,0.0,0.4995545000676434,0.08758735057134497,0.5236478235923553,0.0,0.3142289551907828,0.0,0.15796341731546854,0.5038028210537521,0.5388508437604584,0.27758610726652083,0.40204513861646185,0.0,0.0,0.0,0.5315131558222154,0.4006748920360374,0.0,0.2576203643171899,0.4140994681952556,0.0,0.15365096344473983,0.3046827958065426,0.0,0.31403509159660614,0.12162671697094164,0.10131198278212326,0.09855710133006626,0.13720586705532348,0.0,0.0,0.30004380970364675,0.19760057536548775,0.1352001038461996,0.0,0.394157655240699,0.2630643608578382,0.17013334238798983,0.06546286215235733,0.27543029112743617,0.2815905381027068,0.33495480410960576,0.30010897688280896,0.1496479328330305,0.14861737703214953,0.0,0.25228996422104166,0.044130371969874425,0.35038406032556224,0.2923878990837104,0.19802067859199807,0.16438610734822104,0.13596385346210563,0.1569238914714042,0.39949637162310025,0.22090715980675776,0.36723582491025686,0.0,0.29222315515768627,0.03346386629523748,0.08016737057007461,0.22210192786992283,0.0,0.29623374445670597,0.09602066553384403
0.0,0.08106941299439051,0.18515491467183479,0.23295767295459993,0.27706165487393675,0.13594031916951993,0.24978177829375336,0.14877576827726502,0.18083408315425667,0.1648363330139677,0.2359546267018458,0.004409687093647814,0.2900667215075766,0.04055582663397477,0.2154789203924938,0.0,0.1828286204428207,0.06732018867482144,0.16930606728734643,0.4059762299771073,0.10425172058343529,0.2977413503429438,0.12074856021002482,0.0,0.0,0.0,0.2565878262517002,0.38095710660587506,0.2576203643171899,0.0,0.3142510799443047,0.1250098138477879,0.0,0.22691047290413222,0.17783620986834012,0.14382772698541166,0.0,0.1857145602482689,0.0,0.0,0.0,0.0,0.19664230235409907,0.07270363748339377,0.013205009465824608,0.0,0.2884130279465811,0.17502961003750858,0.1590198736299275,0.23631045391344993,0.0,0.17860090015711538,0.07971887240930309,0.23389551467416947,0.011258562235310198,0.28208594139595566,0.04840414751436916,0.10949668445655557,0.24741164185950598,0.11290458653079105,0.0,0.03358483796785642,0.0,0.2750779127003934,0.1394576095318194,0.1273712503975536,0.12541882400042453,0.10362300682252178,0.0,0.08911939741506432,0.0,0.10463796200472278,0.05771096779491754,0.0,0.1309205020192772,0.0
