0.0,0.30385424199067707,0.3251458191809479,0.29545650782060845,0.41896699887375605,0.2212228454270875,0.334255608317141,0.0643033370955276,0.25676699647144274,0.531712579513115,0.3110610574048435,0.09108015804273976,0.24096791141069893,0.0,0.1953703168488837,0.49330929269263324,0.289519492078214,0.5756792930180474,0.40631753709959534,0.5681775895643671,0.6303345761668229,0.59340533314485,0.07265468682076383,0.278966598559266,0.6847414630771925,0.568281068819464,0.37294011026703644,0.41677286184297413,0.4889036987555774,0.24232364089210565,0.3528532928924289,0.2940793157049293,0.36448655071013736,0.3227140535319891,0.21037569930231462,0.2526178427996194,0.10396966713140261,0.2093692924577245,0.32999436442862423,0.3336806629762289,0.45782359383058335,0.03703947353183547,0.0,0.0,0.19076699265188274,0.5165025708223686,0.06663330898134343,0.25608633256415597,0.0,0.19624412839492034,0.03075030042634833,0.1079023475853373,0.0,0.2640499763802949,0.07113373713957662,0.06750119600995363,0.0,0.0,0.07193525254774913,0.38606856304056136,0.3643665629803945,0.0,0.359576006150666,0.28934483698226804,0.407627804374349,0.43160163493401343,0.5038788679871063,0.1574466072105419,0.21286397292187895,0.378071239428134,0.25676480173672395,0.302523013724759,0.1904233897870539,0.38700389432531096,0.17321090147893428,0.47376402143417334
0.30385424199067707,0.0,0.4329040115752172,0.0,0.4409032911483128,0.7454320781339029,0.46601936306383196,0.503755871951027,0.35924150094551416,0.5280735431224858,0.42346453677149015,0.49109629238113905,0.7019241606028772,0.017019426824558034,0.21676771158709424,0.23962461748822125,0.7081015659673859,0.4517727400881815,0.37151062533926427,0.45851943451852206,0.2695500515261286,0.3929328736125818,0.42643989335147625,0.35919076724831855,0.7084445092620442,0.8215619914863074,0.22403423397190214,0.38137291021884384,0.18251402351646567,0.2586638194688004,0.16980427981097898,0.326235835199012,0.40757502601675993,0.14914157916758858,0.09160412357982424,0.2579557893643285,0.0,0.0,0.270608573664376,0.2622049669163518,0.1975707202078372,0.0,0.1899033437556525,0.0,0.0605097704033843,0.11199560026237035,0.6426912625225565,0.28196320181929807,0.18769528376905095,0.36978059658036727,0.5884840842885787,0.41247876464905253,0.33636936462967315,0.3728288141937207,0.4693332492040729,0.2491851400458971,0.49473025482174254,0.5752238389874733,0.2322627041080369,0.3489093891772458,0.21105587126707287,0.45249495325680966,0.26922671775547213,0.3647907637300123,0.43672813240405317,0.2387196699156904,0.3379752438594671,0.4007680818276729,0.39076788082206837,0.5112875475980537,0.5994977911727021,0.3160154219370857,0.5167951260317448,0.20682251969267196,0.08499853644704693,0.2603316146986107
0.3251458191809479,0.4329040115752172,0.0,0.13917370062322923,0.5821618033669258,0.6401787917569353,0.17146748730525044,0.5175070125479155,0.7861826439204128,0.42421558668812326,0.8359623842814917,0.2009110191785077,0.39142753165776745,0.05966000186281312,0.7503905316948632,0.30766507052664593,0.25515525322654087,0.32136314065707755,0.8643806392377827,0.6536770893698252,0.4938454378205407,0.5930888302610763,0.7043235710631565,0.22356270159757913,0.580153517592138,0.4898724940713968,0.663792817742779,0.4305259896876835,0.48046266759218975,0.2509352970669772,0.15812463021722264,0.18551684917732503,0.5035824044746924,0.22275859185631813,0.021433485412226894,0.3593325984453148,0.08912320839469424,0.0,0.2916952881471436,0.5007324521946642,0.27995606905314074,0.0,0.0,0.0,0.16833137743769983,0.12623604773642075,0.36013809632112637,0.8136152437665121,0.0,0.529753362124829,0.5309424659991823,0.3365668160838975,0.4071491449217333,0.7360627341510739,0.20188786375134452,0.5732651943701986,0.15618680535521703,0.27422304054174224,0.1543312276585929,0.5900879062146269,0.29180463345029956,0.15845575771779327,0.09297963434369444,0.7419255037637699,0.6041629920083625,0.4494988160544043,0.6526031335307672,0.5927899167246927,0.2714480566042198,0.46849521846527,0.3756560275670865,0.5315586160336789,0.450418391131095,0.5042068237061769,0.3506107705583185,0.4060487681898249
0.29545650782060845,0.0,0.13917370062322923,0.0,0.25040091336171416,0.0,0.0249950657465102,0.0,0.1407105120628938,0.28658143661013974,0.15428487747634548,0.023735550968510155,0.0,0.10340592364478475,0.1746257640098783,0.09770801216888557,0.0,0.1341942474505241,0.22058306677558803,0.20253694481743367,0.2148690559937292,0.16687064425781473,0.007898098465594972,0.09049833267837284,0.1758095145797418,0.06327013796895106,0.1877452168084829,0.40885656643768487,0.2663977310919161,0.0,0.05832908072466563,0.054817600736222216,0.0,0.10931443403325618,0.1713337864179968,0.333169194023832,0.31769531779927984,0.18910689619941323,0.09566892103229313,0.0,0.2737562454821636,0.12298273054071264,0.0,0.0,0.22781187676770498,0.17833984421256974,0.0,0.20244730995148305,0.0,0.0,0.0,0.0,0.020706942341883593,0.1320992366593322,0.0,0.0,0.0,0.0,0.0,0.14767413129299442,0.10066699818121673,0.0,0.05285244924408999,0.12447245435158824,0.1728777665197389,0.16100741621965345,0.21330508831441639,0.12846625353092644,0.05390737351786039,0.09461913318479344,0.0418872490280981,0.15479201453966868,0.019955576985995187,0.21778645850959075,0.23060116925831808,0.21037948123219816
0.41896699887375605,0.4409032911483128,0.5821618033669258,0.25040091336171416,0.0,0.46825758439189946,0.48067596057912215,0.31022514399910217,0.6515118828827429,0.6116398643192628,0.6364646687330057,0.22437253890571585,0.4316295368035471,0.1001587472803723,0.5241264352991785,0.5142679392216636,0.5060473593903217,0.6324573772022589,0.5467537770037063,0.687937300248809,0.5469304733697636,0.6391052047251999,0.25862705996206053,0.17881712710150913,0.6270766385176954,0.48101912281755377,0.6094777341052887,0.6589241572989561,0.6143039518646087,0.25087443580738505,0.42685351219063045,0.417526689198845,0.3247062767207703,0.32621848592346464,0.0,0.5184864963968542,0.28547446465628107,0.1476661100877499,0.47525214844337826,0.3141115364105057,0.4257342099952332,0.059394770528732745,0.1186034559616944,0.0,0.2272887758753969,0.16395254373422266,0.30665464961742017,0.4415942473578225,0.13550825992190033,0.6387797874495562,0.3821317318455902,0.4970572216102872,0.23481001266462231,0.614824365026815,0.2811371089300774,0.41525818968736,0.22437788049541602,0.3149356028260958,0.27345236871025913,0.5776272765626274,0.4055923674381763,0.3630622638452079,0.4146628319458479,0.4358027438425965,0.6002749783985759,0.4118775362608845,0.5654204203629286,0.3824969572409625,0.24301925380305966,0.5189834530615258,0.36343192699683685,0.5631947781871857,0.591118146682229,0.5513199390487677,0.4451116531848524,0.529806080583015
0.2212228454270875,0.7454320781339029,0.6401787917569353,0.0,0.46825758439189946,0.0,0.27221318546203016,0.7877901365662616,0.5376808151588757,0.4867062029057505,0.5902163545517158,0.5975308086101546,0.7324697667426575,0.28102691275911595,0.49685018390205626,0.1489231078199972,0.5692737702373051,0.4149449626750685,0.5924255837187793,0.5340485084706939,0.4372996935873979,0.4360837614877671,0.7358710051841332,0.45346729295864335,0.5777205320325345,0.7090180820121268,0.46191001779981733,0.4120254739552392,0.30116412300493917,0.3384275600348779,0.16146571631444645,0.36103338291357995,0.39735428309273885,0.1465463741629547,0.06602144733118505,0.3708954744725677,0.0847035081040447,0.0,0.3388720748724492,0.34147677696228484,0.23178103765327446,0.0,0.12340457318329785,0.00914468422974759,0.10133044836039402,0.020347267238010405,0.5485164807233994,0.4638804623092854,0.09199287204842842,0.436456664685166,0.7560461177831308,0.42077970994685066,0.5727656769437598,0.5684629334415752,0.454678668984406,0.2917726062203555,0.5723057454411242,0.5638951767681176,0.31427379375014747,0.5413396815655689,0.20130196177936852,0.3980494083472336,0.06541125345749825,0.5572757624711734,0.5252769626717364,0.3761803640887928,0.44390641589000984,0.6115394084829415,0.3832258508111607,0.40803761357529544,0.5562860163813848,0.43151123414877574,0.538897511668862,0.29759426372949466,0.2413940538963029,0.2681860944922911
0.334255608317141,0.46601936306383196,0.17146748730525044,0.0249950657465102,0.48067596057912215,0.27221318546203016,0.0,0.08660383209359847,0.1528318088966331,0.551068496492135,0.1641287340313641,0.10664635893791076,0.3036118392588554,0.0,0.14412524065529883,0.6020652528019795,0.34531630375625805,0.36217406107008204,0.125848160377249,0.32816301767990885,0.38928937535551805,0.3871367776116716,0.10129257494858047,0.006367993378636101,0.48242737685636716,0.31023176959396653,0.39636014714170653,0.26708798921368004,0.4631217602945577,0.13171792437284258,0.3778115044091524,0.32303658033950555,0.3941356661048452,0.21616631176130655,0.03608250976937683,0.12344157811967031,0.057639095153690444,0.08768801574482599,0.2489003078289472,0.29947150100573416,0.25538992911764546,0.0,0.01879804780840733,0.0,0.09541863165777759,0.2356348953777112,0.2746409704240467,0.0,0.16252984387675584,0.2816094813741767,0.11331461217443163,0.4160534567064324,0.0,0.04724518370165979,0.31531963988245576,0.11700148254409008,0.14063159653454244,0.14675073576348463,0.12762912878395766,0.07592540856082212,0.3331041061514531,0.2597603734202003,0.3686688670004751,0.1037489960395777,0.15661598428468135,0.2981655277964201,0.22092288118342532,0.1029243690319072,0.12965696388348794,0.39860078528284865,0.12523478233211566,0.2916657585103614,0.12807114086377308,0.25814237715954974,0.0,0.331697009228405
0.0643033370955276,0.503755871951027,0.5175070125479155,0.0,0.31022514399910217,0.7877901365662616,0.08660383209359847,0.0,0.3910396870836931,0.3052173525196526,0.4294582024713617,0.6669996131089034,0.5520990959829677,0.2166360825069296,0.36114851069279835,0.015386384736924831,0.37792915461493537,0.21710198575928702,0.3929387690366599,0.31974897874138075,0.3483125143600624,0.20479657260376763,0.7599723820403101,0.5162488053741675,0.3032229917820551,0.5430412523096325,0.19296474912390343,0.3892352968578014,0.03832672658527777,0.2596071500376363,0.1181503998992305,0.24448039124949625,0.32072234301316294,0.14772303806612527,0.0,0.363969606994102,0.07125879353196347,0.0,0.20780806883543823,0.254692218883026,0.14754073368709053,0.0,0.17887248111902904,0.005565607074627714,0.12524349590138492,0.05007066490156578,0.40970401328252876,0.3710153038293601,0.12967758914450805,0.29372253107875956,0.6037791659774894,0.3008076583613475,0.7644998074414661,0.38199494110427723,0.3844239321706298,0.22696387995222736,0.5332883996974149,0.5408447807996409,0.1467955655566806,0.3675197193828445,0.03784568568419319,0.34112211332666764,0.04121199753570191,0.38909643962716667,0.30993175177369614,0.39403863895599556,0.21116822657577636,0.5734608143408336,0.42999737467998034,0.25903233403233134,0.4854299506143683,0.19799485179190274,0.554874712115523,0.09432465181291992,0.12988017472372201,0.14991812419968753
0.25676699647144274,0.35924150094551416,0.7861826439204128,0.1407105120628938,0.6515118828827429,0.5376808151588757,0.1528318088966331,0.3910396870836931,0.0,0.3923039268289373,0.7781591325640458,0.18382483219674525,0.3389362569123365,0.12388076357087717,0.6032542002215958,0.2261963809152099,0.2761320196781053,0.3238751747681723,0.7880703262893047,0.5385037190207896,0.38055840364611127,0.4849592227065468,0.4765473031373121,0.19448152958966694,0.5569952168395903,0.40000205883928786,0.6251227012848818,0.36543780763694145,0.4180898401397214,0.266619795903854,0.08946535455321954,0.14906389868302747,0.28209395740783166,0.08538646766825525,0.0,0.3405517200135751,0.04078537900077208,0.0,0.23417263158338877,0.3338846839150102,0.19838431796454728,0.0,0.03583533993046363,0.0,0.13973038480447678,0.1133096108466762,0.373062569447,0.7459839958647189,0.044607048102781946,0.5821400313738678,0.44377276450859887,0.41223518511373897,0.3214966614736375,0.9562310768129618,0.27661767883759186,0.5604934732096684,0.22238739288799825,0.31720383882763004,0.124631308718644,0.5461258726807507,0.2495869269060477,0.24260665536328158,0.09660432230068905,0.6977946782354978,0.5664490878836002,0.24844393104976972,0.5484265863321932,0.4606698755519969,0.24429745776148576,0.47960016762628715,0.34102689796737845,0.5213953290984977,0.49052334567521333,0.42556443432356844,0.37438359495852636,0.3373992438049002
0.531712579513115,0.5280735431224858,0.42421558668812326,0.28658143661013974,0.6116398643192628,0.4867062029057505,0.551068496492135,0.3052173525196526,0.3923039268289373,0.0,0.4831766074044394,0.5174486964967099,0.4979028233398539,0.0,0.3619142924838587,0.40928557151912937,0.5706360682991646,0.5821979722477673,0.44002875700006544,0.605657204135267,0.5657876575843175,0.5824265984101373,0.23051408950417437,0.3667257542149007,0.7119007340240104,0.5839781730775447,0.40878705668190335,0.6600785277547055,0.47590285391039366,0.27874943660283646,0.5090674009220789,0.4867422611447363,0.38390231830090726,0.39123418448500097,0.14583770186270154,0.4446667023133573,0.28256414263081164,0.019784299705125484,0.487735288768999,0.40522603682946157,0.46855420765354666,0.0,0.0,0.0,0.06310441090797102,0.36910388756117307,0.29137052780707823,0.33815204133068627,0.014369451652570921,0.4510825356335208,0.3525663470867689,0.3727889220305693,0.23747551617556198,0.36119766959619953,0.5331788063281272,0.18165783130205207,0.4350157885478673,0.25549604077440863,0.19756613752214044,0.4866086510962322,0.37732758769807706,0.43811155313081634,0.45437570232047414,0.4111642053003299,0.5251678804931157,0.47463986095095223,0.5232979361831125,0.34926884955962423,0.4234871514378398,0.4973813609501163,0.42545129904379364,0.4105875254427107,0.35556429727179056,0.4419962190278857,0.15386492485568581,0.5612508229145231
0.3110610574048435,0.42346453677149015,0.8359623842814917,0.15428487747634548,0.6364646687330057,0.5902163545517158,0.1641287340313641,0.4294582024713617,0.7781591325640458,0.4831766074044394,0.0,0.2681853377207018,0.3531364433880702,0.1344217593675818,0.677367375116788,0.22682312558635395,0.37434191879649,0.44976140608486426,0.7692950375793034,0.5601877152321878,0.38323470952903005,0.5090517269602194,0.5289803070280171,0.3028653373679529,0.5902484507081173,0.4571936781279349,0.5435053512554271,0.45882270861746854,0.39523588098360385,0.18429048447591642,0.0965404732228551,0.15729086680487936,0.39907772911689493,0.09137643716475985,0.03932817537998225,0.38236202077424647,0.14880714084804705,0.0,0.2408394020346857,0.4127237712258568,0.2600925530864932,0.0001619806565681207,0.007764763500738116,0.0,0.14144738726162487,0.055741301172729976,0.25375506969008854,0.7874068886109596,0.0,0.5176654197276668,0.45472173751717476,0.2525708161016741,0.3612152668604506,0.7249264669954558,0.2388835136378668,0.7763921715068672,0.2327530762004649,0.23870158061074073,0.17308153725591918,0.5772673531635768,0.2458039311684675,0.2341393240062362,0.11380587452668871,0.6714797364192713,0.5477207676447308,0.288045899231325,0.5573772258267684,0.5059430448303887,0.27121678337176375,0.38290884825956617,0.2956134519594532,0.48851143982804,0.43490032401784934,0.40098305668243495,0.3498851587618972,0.362760105172699
0.09108015804273976,0.49109629238113905,0.2009110191785077,0.023735550968510155,0.22437253890571585,0.5975308086101546,0.10664635893791076,0.6669996131089034,0.18382483219674525,0.5174486964967099,0.2681853377207018,0.0,0.5705013694554462,0.19237944391684975,0.08582489879572651,0.0,0.5368104255102701,0.27648004731263076,0.19285448902288074,0.17076748518366341,0.16652491458449398,0.12279194244407655,0.3755330019341946,0.6065389172117128,0.21178855022555854,0.5446218589034079,0.0,0.3813251372822218,0.0,0.2806885737660937,0.12304206580747035,0.1806822074953606,0.2120846998835276,0.19264048297718903,0.00032354369352616074,0.2906145753759786,0.13883419576515502,0.0,0.16546736561216221,0.19137114005874398,0.17406552539476292,0.0,0.20562532401242434,0.0487411201737167,0.10256352825738756,0.10577311182628694,0.2117583200190329,0.17620820689405425,0.01833927754811206,0.18148576650157575,0.37352620708125006,0.11189209209073701,0.5239623226952353,0.18608399346549281,0.4328289282325855,0.07112954373466711,0.7201435663039504,0.382007019937567,0.12209926727469586,0.21507088129878238,0.0,0.4096356923047603,0.20360851535659544,0.2311406052309582,0.16308426707386797,0.21538163107042363,0.12304101138219038,0.26852606505692866,0.37904976341090746,0.06940369948669958,0.42924017105002316,0.0,0.371017004367509,0.0,0.0,0.05540674793459131
0.24096791141069893,0.7019241606028772,0.39142753165776745,0.0,0.4316295368035471,0.7324697667426575,0.3036118392588554,0.5520990959829677,0.3389362569123365,0.4979028233398539,0.3531364433880702,0.5705013694554462,0.0,0.03448725296912505,0.3060684958306902,0.27053718116848635,0.5811694932592217,0.49944553527412494,0.3874427991679902,0.47071022078499314,0.28079933183108097,0.41658472345696324,0.29083119958133713,0.3678077496338794,0.4394936530088464,0.6827127017430543,0.133799725430947,0.5620203897575734,0.2541580131052014,0.24847571963995682,0.2214603602024508,0.31194718394254684,0.4426958281686754,0.2947679389627367,0.0,0.21270294700718978,0.0,0.0,0.2835828067969498,0.2861878138036592,0.29542051569961597,0.0,0.0,0.0,0.08890013304636395,0.1500181432911697,0.39098854513664905,0.2591394105620832,0.06714700496510262,0.32265362209440523,0.5141066511588838,0.33409019656761535,0.40478508471109453,0.3391643681611642,0.40994307732005364,0.15125751730063494,0.5053668181091092,0.6599389015839038,0.20146602059724256,0.38975740556702737,0.18190129640605093,0.47731791107088634,0.37555588857607886,0.38926702696426974,0.39213617239865667,0.29735272947757485,0.3443538092899694,0.23945633767319346,0.3354975304241363,0.36126871469542304,0.5967564940443496,0.12522962382009176,0.580973590869455,0.19944811939259321,0.22581601609403465,0.2644325975892753
0.0,0.017019426824558034,0.05966000186281312,0.10340592364478475,0.1001587472803723,0.28102691275911595,0.0,0.2166360825069296,0.12388076357087717,0.0,0.1344217593675818,0.19237944391684975,0.03448725296912505,0.0,0.07071071013425492,0.0,0.13920334743347826,0.0923378657629999,0.032354200302876654,0.03662750687394711,0.1077414094884395,0.0,0.17371771835857228,0.26090487709953697,0.0,0.11770524866011499,0.07238866103363953,0.09415804854744078,0.0,0.19453059133815495,0.0437664463253508,0.14748542341431187,0.0,0.0,0.0,0.21348001233769495,0.14055490062697198,0.0,0.03480131535899057,0.0,0.0,0.026833453385524512,0.20734151780424212,0.15721980946711717,0.0,0.0,0.06756193267877585,0.056646671520871675,0.12353551560519695,0.11115990584399328,0.2041314870269218,0.0631123285102112,0.22120257645279548,0.14864924387369072,0.1039552938891567,0.07190398867671753,0.26935260975989217,0.05587283747870779,0.35214414106522846,0.16933136323579262,0.018989335723721135,0.1095127020340909,0.0,0.0312418920216705,0.12224971600344833,0.07837507471271268,0.005904974660971673,0.20868781031251712,0.1748087925504281,0.0,0.1086862091297447,0.14394292097648842,0.11336742482370224,0.010158880067372828,0.19152359345950168,0.0
0.1953703168488837,0.21676771158709424,0.7503905316948632,0.1746257640098783,0.5241264352991785,0.49685018390205626,0.14412524065529883,0.36114851069279835,0.6032542002215958,0.3619142924838587,0.677367375116788,0.08582489879572651,0.3060684958306902,0.07071071013425492,0.0,0.38479547216806487,0.0912691458401531,0.3253363793231047,0.6854393648864704,0.6687992922973441,0.6097455976812893,0.5969368856623465,0.6137660521843478,0.05573523720873539,0.4229756258604564,0.2603764980479003,0.7746873204960802,0.5076206013662493,0.6781325431403815,0.20495625590958844,0.2246867574640915,0.28114433832180513,0.34806549955304616,0.3547642572017091,0.037601911709864946,0.34427041956280274,0.23078727196702542,0.08058388212303355,0.38264164464360423,0.4629166818873803,0.41328775497414383,0.0,0.0,0.0,0.16823464040506966,0.15360175261097883,0.311797018012545,0.5749725752672593,0.0,0.5759427719117762,0.5277394106449407,0.36165600413246013,0.45231816741079195,0.61387517589376,0.18273205275262594,0.4572905916367567,0.10973775102399279,0.2445164580736499,0.16297572284522063,0.7188085201471075,0.41015571590107425,0.13337200409974714,0.18442643606293996,0.5159750683809993,0.6554269265951533,0.6424678967292143,0.667797651542399,0.6189868373734059,0.1642525861031065,0.4236509436429965,0.33557327961003813,0.629542307683861,0.4229827589180412,0.7512319138809729,0.36526724931210264,0.47993613428522214
0.49330929269263324,0.23962461748822125,0.30766507052664593,0.09770801216888557,0.5142679392216636,0.1489231078199972,0.6020652528019795,0.015386384736924831,0.2261963809152099,0.40928557151912937,0.22682312558635395,0.0,0.27053718116848635,0.0,0.38479547216806487,0.0,0.10227858145657656,0.5897423862267971,0.3259893743410758,0.5909517130561356,0.570158286375179,0.6199550801164084,0.04986933116152637,0.0,0.47639512376151255,0.22527841749262076,0.5332974611127276,0.41622182162354526,0.7618664176165507,0.16567183145701334,0.46747414489243566,0.343877100936906,0.41735634885113165,0.48438284154799177,0.0,0.08918410588010321,0.11474215702392467,0.24256830852917435,0.4208320916388815,0.3654135380092154,0.452950535920444,0.07064024825475547,0.0,0.0,0.04312146565915857,0.34299643672570845,0.1744254403306808,0.10194464914048827,0.01661236284979182,0.3597389592385161,0.04742268794491733,0.3794486904983435,0.0,0.21398016076494042,0.10370237579980392,0.08687455531123435,0.0,0.10573590402561392,0.06831051942653804,0.3097155439927225,0.5013991311578809,0.15758846821491704,0.512034628674318,0.2127734095037157,0.38686649579104454,0.4346892870719225,0.4256664526296838,0.0829091763352137,0.0,0.4235421570782595,0.07566899242032378,0.34235298667793496,0.2615118377960522,0.5195107704851392,0.18727370704343255,0.4827243356710398
0.289519492078214,0.7081015659673859,0.25515525322654087,0.0,0.5060473593903217,0.5692737702373051,0.34531630375625805,0.37792915461493537,0.2761320196781053,0.5706360682991646,0.37434191879649,0.5368104255102701,0.5811694932592217,0.13920334743347826,0.0912691458401531,0.10227858145657656,0.0,0.6569332614682509,0.236340844142045,0.41289408508576586,0.26005439166777705,0.41683276693965676,0.10630755750948177,0.30665815878424146,0.5120509446521159,0.6415142671680586,0.11077429967106422,0.3570633998694118,0.09053645749858216,0.2870124175373759,0.2791320393806991,0.3788253754111977,0.2553026736986565,0.09741189310778557,0.08357888737289088,0.22383168242709828,0.028169874238308162,0.0,0.3013530288526373,0.17932680389643324,0.22961752990492276,0.0,0.3884917365230907,0.20553256790207083,0.0,0.077014701802223,0.3445441322296459,0.1430375178802126,0.2961756099009961,0.4490243193270083,0.3769510176164919,0.37954520015452414,0.16216227389336177,0.33022703986779794,0.5040363007469646,0.19668168415510764,0.49497978133795706,0.5031584341343758,0.29398440720937574,0.4292777031234439,0.23937543811741283,0.6146269483745184,0.45089848131750976,0.23408132040487675,0.4098822738449921,0.1983312617771501,0.27440469146268864,0.1673421105404382,0.2824663218240918,0.28491501626213195,0.41521540937106155,0.19378123739608977,0.46223111343592593,0.11662650361809236,0.06467480214938773,0.31670922310478783
0.5756792930180474,0.4517727400881815,0.32136314065707755,0.1341942474505241,0.6324573772022589,0.4149449626750685,0.36217406107008204,0.21710198575928702,0.3238751747681723,0.5821979722477673,0.44976140608486426,0.27648004731263076,0.49944553527412494,0.0923378657629999,0.3253363793231047,0.5897423862267971,0.6569332614682509,0.0,0.44375178914526076,0.680342341184913,0.5241330273600351,0.6858881923060827,0.03201607634743935,0.2871017304827689,0.584321618220806,0.5844570474583286,0.4042342721772296,0.6286866852148721,0.5503341994998932,0.2690610426835053,0.4081964483241249,0.4499105122927972,0.3627407049147866,0.31771602536269233,0.06769759517849423,0.2847418228573492,0.2554828535797342,0.15184959587623578,0.40883179151704296,0.2601811417192784,0.537026489712197,0.057523565321206005,0.05616357622422831,0.0,0.07572885281505926,0.2573255592955594,0.13261068169367982,0.19214320646839841,0.03207682389773514,0.37828845182918064,0.21473192968132976,0.3136238237512427,0.058262555673686704,0.3814843964171143,0.20435721858082487,0.12983712320118185,0.18110215613056468,0.19316709506486393,0.18350739822222104,0.5825381996447159,0.5170989636671719,0.35485591050930393,0.6130099732178783,0.3709237024309837,0.631863763778834,0.38669701522387456,0.5393322035570718,0.20137526658420843,0.24557614802857336,0.32897499015661846,0.2771448699439343,0.42397762802689926,0.40655236381422893,0.44203798909487074,0.30353033233916626,0.5465508872997791
0.40631753709959534,0.37151062533926427,0.8643806392377827,0.22058306677558803,0.5467537770037063,0.5924255837187793,0.125848160377249,0.3929387690366599,0.7880703262893047,0.44002875700006544,0.7692950375793034,0.19285448902288074,0.3874427991679902,0.032354200302876654,0.6854393648864704,0.3259893743410758,0.236340844142045,0.44375178914526076,0.0,0.672691752652458,0.4839762641476594,0.6106822219253097,0.5540698532763269,0.28234174990555627,0.6202579619864178,0.5023557982952171,0.654483621583647,0.5186717255067267,0.5410544180825795,0.2589929092862928,0.16140870300156676,0.22282504450782392,0.37087788707137276,0.2088280386634967,0.060548750008677384,0.3802910966773528,0.16267269754380098,0.14251187657564038,0.3355731779793568,0.41693866117559875,0.3868136660251123,0.07426576406690603,0.0,0.0,0.11840772537149741,0.14580406117536684,0.3274730833853053,0.7604421809448451,0.0,0.4584219199440208,0.5125588506132905,0.30954628912917126,0.3413032691583726,0.7838036132221607,0.2099398399223256,0.4214794531468555,0.1333285480474962,0.2481998923888917,0.06823129602740681,0.6646175445677454,0.4135420787330179,0.18686755441382308,0.22244660864024166,0.8989202889564597,0.7217442079872189,0.39414287162579126,0.7717036311730493,0.5744455467983699,0.3423305844295542,0.4793061672965467,0.39052447674236096,0.5781294386896726,0.49695592853500486,0.5894691170779772,0.4780562778396496,0.5377383411915521
0.5681775895643671,0.45851943451852206,0.6536770893698252,0.20253694481743367,0.687937300248809,0.5340485084706939,0.32816301767990885,0.31974897874138075,0.5385037190207896,0.605657204135267,0.5601877152321878,0.17076748518366341,0.47071022078499314,0.03662750687394711,0.6687992922973441,0.5909517130561356,0.41289408508576586,0.680342341184913,0.672691752652458,0.0,0.7355992577955545,0.9542903397359225,0.3390906690509904,0.16208000732577338,0.7031682638345835,0.5184810152508857,0.706053277356178,0.6888525184669411,0.7433647198965465,0.25620318498158356,0.5232174969634503,0.4801721186448981,0.4465248370570776,0.45738368895368486,0.10783326582108148,0.42387545408551175,0.26405912146139454,0.17159768376282009,0.5104572845151247,0.4267675388706595,0.5836068315233718,0.09990622899261294,0.0,0.0,0.1971258506921101,0.29233619567632607,0.3081066979583367,0.4721797062466165,0.013625874428594134,0.5203043711390062,0.4586407846737942,0.4117144363393805,0.26899417645468116,0.5469489881576387,0.2613822278273797,0.16594013206011712,0.15907821449917778,0.29432502068126687,0.2810430691940062,0.7309975914997169,0.5412044349525359,0.2795052554789888,0.41543583218239744,0.5156482182770494,0.86181138701045,0.6178121042043931,0.8696817094295887,0.4755344324600768,0.2504570745406081,0.597211223707564,0.44184835214776186,0.6331952623704624,0.5585134825893171,0.7495356292215348,0.39138818486625676,0.680365194847243
0.6303345761668229,0.2695500515261286,0.4938454378205407,0.2148690559937292,0.5469304733697636,0.4372996935873979,0.38928937535551805,0.3483125143600624,0.38055840364611127,0.5657876575843175,0.38323470952903005,0.16652491458449398,0.28079933183108097,0.1077414094884395,0.6097455976812893,0.570158286375179,0.26005439166777705,0.5241330273600351,0.4839762641476594,0.7355992577955545,0.0,0.7256376345234443,0.41821657084419706,0.18662783882064715,0.5768354353887619,0.37970781389914143,0.6697939947039812,0.5303393657532682,0.7071878683054572,0.3877712903680955,0.573738314992586,0.44559852080204376,0.41002513240104976,0.5027489738161719,0.007035485066331153,0.38802795008648977,0.27473104541301635,0.20680032176477933,0.4556986410357552,0.4255721317996926,0.482458216831389,0.0,0.0,0.0,0.11649483510948985,0.42610982197643416,0.21605355863632958,0.2952102850317329,0.015280659172210564,0.3986744370285568,0.30648600553927813,0.39315501863557917,0.3048196397467453,0.3611008736584569,0.29060665879841924,0.13930619241299327,0.10566900743529768,0.15497681350928313,0.26247477130699143,0.5649295656167684,0.47875930436939923,0.12396366104876023,0.31975705550926337,0.3116729750797214,0.5595367233266991,0.7891810781392449,0.6381306301742162,0.47762602287724903,0.2681428011095633,0.4327407547999557,0.29691486551118434,0.5276315572212199,0.34336605491298916,0.6103124056832757,0.19728046795435583,0.5293700982314082
0.59340533314485,0.3929328736125818,0.5930888302610763,0.16687064425781473,0.6391052047251999,0.4360837614877671,0.3871367776116716,0.20479657260376763,0.4849592227065468,0.5824265984101373,0.5090517269602194,0.12279194244407655,0.41658472345696324,0.0,0.5969368856623465,0.6199550801164084,0.41683276693965676,0.6858881923060827,0.6106822219253097,0.9542903397359225,0.7256376345234443,0.0,0.21408217634510732,0.06701604382943549,0.6196836820479948,0.43253372459878503,0.6426512523381859,0.6286182038727277,0.7078593943314335,0.24329051927784165,0.5308692766191372,0.4983579176042113,0.53338948584472,0.4869668097791422,0.04631836131952167,0.3524380638687151,0.21041653979476727,0.23776787757566262,0.4871490867214721,0.5322661930055578,0.5612774237461277,0.11923276195922342,0.0,0.0,0.12312604340985013,0.31014237325426597,0.22491634238488106,0.3863424945936365,0.10821184023597875,0.5004170313332617,0.3724515517927767,0.4186173085256685,0.15715365956582195,0.4891573964298756,0.2292928655270087,0.12546936411106854,0.09716562967206635,0.22139132334947637,0.27974597565952436,0.6778358406088245,0.536708735825165,0.2813750415365341,0.4242177098272351,0.48404572483770447,0.7551456492249897,0.5950029165150273,0.8479648384815405,0.3801649332130477,0.19844577502440924,0.5022881102753239,0.32652448909621146,0.5889566769921849,0.4415546060340393,0.7034871903190818,0.33408759540661365,0.6336409790364107
0.07265468682076383,0.42643989335147625,0.7043235710631565,0.007898098465594972,0.25862705996206053,0.7358710051841332,0.10129257494858047,0.7599723820403101,0.4765473031373121,0.23051408950417437,0.5289803070280171,0.3755330019341946,0.29083119958133713,0.17371771835857228,0.6137660521843478,0.04986933116152637,0.10630755750948177,0.03201607634743935,0.5540698532763269,0.3390906690509904,0.41821657084419706,0.21408217634510732,0.0,0.34759722972039375,0.3509689049268258,0.4213979451651336,0.4934791845026172,0.2501754322206807,0.23371294440425416,0.18133460531269863,0.0,0.11214703063275928,0.28783496942990905,0.08819102960343565,0.0447142748409609,0.32612342273402917,0.11109295944781422,0.0,0.1635938705680284,0.28829920597246783,0.13370869918085088,0.0,0.0,0.0,0.13855543794438208,0.0654091196543324,0.46272087359061237,0.5213889713051667,0.0,0.28840950094995393,0.5995221498223625,0.209918084886869,0.6836448304387216,0.46465322781391916,0.23131187246014148,0.33933545780267127,0.2817319998972159,0.24781124268773846,0.16381890461345472,0.3659563640237657,0.1038282668811841,0.04474124528443961,0.0,0.45533751091479907,0.3347623432509298,0.4345485469873271,0.3368273310130445,0.7973850683375621,0.3528893993680418,0.29104872151926736,0.3968755405156592,0.3890621594985331,0.3573268916480849,0.26446989889686034,0.1447352253045689,0.1701469093904049
0.278966598559266,0.35919076724831855,0.22356270159757913,0.09049833267837284,0.17881712710150913,0.45346729295864335,0.006367993378636101,0.5162488053741675,0.19448152958966694,0.3667257542149007,0.3028653373679529,0.6065389172117128,0.3678077496338794,0.26090487709953697,0.05573523720873539,0.0,0.30665815878424146,0.2871017304827689,0.28234174990555627,0.16208000732577338,0.18662783882064715,0.06701604382943549,0.34759722972039375,0.0,0.3620124167454658,0.5883485426874447,0.0,0.3384471604521701,0.0,0.329894423423451,0.1185808961011751,0.09485180119943647,0.07034028111155423,0.04186453061691396,0.0496682129825372,0.28826213239290877,0.12380083953305579,0.0,0.07335537558294913,0.09996702980024483,0.18473012387117402,0.0,0.17754691735455289,0.0,0.19925790283117378,0.23888724606581496,0.15918674739065064,0.13828128949280863,0.0,0.0821198311403004,0.30792801390747754,0.01699380404137705,0.42476796408331796,0.19413576660388182,0.28910039463982407,0.0,0.41095940400076536,0.21064656171407398,0.0441357621825057,0.22436119977796726,0.0941680384228667,0.19141636572180556,0.15737323896062078,0.23279778663414288,0.20461520129867555,0.22865367312850166,0.19382728444717912,0.27411274511297956,0.6535616853965067,0.1779469680566087,0.5005139780448908,0.030162961532478032,0.2742813652831866,0.01917616714396274,0.11021730199075697,0.169284650825986
0.6847414630771925,0.7084445092620442,0.580153517592138,0.1758095145797418,0.6270766385176954,0.5777205320325345,0.48242737685636716,0.3032229917820551,0.5569952168395903,0.7119007340240104,0.5902484507081173,0.21178855022555854,0.4394936530088464,0.0,0.4229756258604564,0.47639512376151255,0.5120509446521159,0.584321618220806,0.6202579619864178,0.7031682638345835,0.5768354353887619,0.6196836820479948,0.3509689049268258,0.3620124167454658,0.0,0.7341518949996542,0.5741826754572003,0.5231884977312582,0.564860336385909,0.2617466630346441,0.33851341097916987,0.39662339655734347,0.326892644594266,0.2261133102305151,0.13892535173065093,0.4130403551942577,0.155185488007537,0.005212104436311196,0.4648413019497117,0.2722265669538813,0.4259564543295216,0.0,0.09724197628758718,0.0,0.15145124557037662,0.3257146577393433,0.45689621853583035,0.4705604040918752,0.03880262897369992,0.48953735465518033,0.4397082042812167,0.4420787335552185,0.14131873041315796,0.5725670979586488,0.3366352781827884,0.28288522440338476,0.1774729192931351,0.2677519471110161,0.17212223063832804,0.5956719094869829,0.4215041070070122,0.3005404171771298,0.29772665197272424,0.509421660534343,0.6761484694622216,0.392877662399926,0.6193469127956571,0.43589902749500586,0.38017369790899486,0.6842279167407415,0.4288133655621264,0.6011946952044008,0.4839463527854152,0.5544995231276323,0.30632657179788886,0.5706202917380799
0.568281068819464,0.8215619914863074,0.4898724940713968,0.06327013796895106,0.48101912281755377,0.7090180820121268,0.31023176959396653,0.5430412523096325,0.40000205883928786,0.5839781730775447,0.4571936781279349,0.5446218589034079,0.6827127017430543,0.11770524866011499,0.2603764980479003,0.22527841749262076,0.6415142671680586,0.5844570474583286,0.5023557982952171,0.5184810152508857,0.37970781389914143,0.43253372459878503,0.4213979451651336,0.5883485426874447,0.7341518949996542,0.0,0.24840337018203262,0.48788326108338453,0.24078748109249715,0.2798978882208187,0.20201651954934635,0.2999841639107935,0.39940193597627094,0.20250167395343086,0.14459028798368487,0.2971278526483172,0.007811439154546313,0.0,0.3153033153512016,0.30716732766573895,0.31328101005047126,0.0,0.13435344225917717,0.0,0.14750555918809022,0.24009951047962738,0.4266007715837185,0.32037222200981935,0.06824043295712398,0.33307718197309377,0.44937234998973563,0.2883672813706938,0.2704551530628755,0.4520787169257314,0.31263186829691586,0.13364475227932482,0.3415734487621903,0.38172714187658363,0.17065627399727218,0.47109395335329735,0.2708745469062905,0.30789060439597254,0.3733206993250938,0.42378463921537685,0.5296797350345197,0.3617482735685153,0.4596499622685317,0.38448799947248974,0.47310550269118706,0.46150449374527774,0.6454372829974052,0.3140589262201047,0.4875360522514206,0.2735682054373612,0.2437074739474355,0.37750543910635576
0.37294011026703644,0.22403423397190214,0.663792817742779,0.1877452168084829,0.6094777341052887,0.46191001779981733,0.39636014714170653,0.19296474912390343,0.6251227012848818,0.40878705668190335,0.5435053512554271,0.0,0.133799725430947,0.07238866103363953,0.7746873204960802,0.5332974611127276,0.11077429967106422,0.4042342721772296,0.654483621583647,0.706053277356178,0.6697939947039812,0.6426512523381859,0.4934791845026172,0.0,0.5741826754572003,0.24840337018203262,0.0,0.38695175908512736,0.8588013164504251,0.16907857820793268,0.3191247552311816,0.3844663672469514,0.2942809444975933,0.26725013422375504,0.0964648320910804,0.3791265719041763,0.26147321165091386,0.13017184567689746,0.4010876712701164,0.3562541171918169,0.360362822324771,0.013618208699912428,0.0,0.0,0.13451981583680503,0.13370618212993984,0.3771210180495857,0.4696183432398607,0.0,0.5583553292514858,0.40371377366006916,0.5396410147994228,0.1888828179818248,0.6314879873780395,0.1600307195250928,0.28900525960125883,0.016721157894120244,0.085818536288139,0.2805079938161951,0.6165257516133757,0.4973683702306019,0.08382447013804332,0.13352724527754894,0.49540354756571386,0.662547054070096,0.493957517974778,0.6732866729176983,0.5745602943506722,0.08646354631486626,0.5188879740149565,0.16799710531271086,0.8960216281229333,0.32333822506400894,0.7920524039367854,0.3687841802732796,0.5042665901297462
0.41677286184297413,0.38137291021884384,0.4305259896876835,0.40885656643768487,0.6589241572989561,0.4120254739552392,0.26708798921368004,0.3892352968578014,0.36543780763694145,0.6600785277547055,0.45882270861746854,0.3813251372822218,0.5620203897575734,0.09415804854744078,0.5076206013662493,0.41622182162354526,0.3570633998694118,0.6286866852148721,0.5186717255067267,0.6888525184669411,0.5303393657532682,0.6286182038727277,0.2501754322206807,0.3384471604521701,0.5231884977312582,0.48788326108338453,0.38695175908512736,0.0,0.5297271453261897,0.31837040017784785,0.4285112846302129,0.4154018402252782,0.28138490523582255,0.40897645026419416,0.0,0.5838135424109115,0.40977307068963936,0.19324862284759156,0.5281299222633516,0.25319586371874964,0.6105311184081534,0.10077736291513441,0.0,0.0,0.10392010201252128,0.28649092699933315,0.28764651622887216,0.33058945922901867,0.0,0.4140516242081793,0.43706004452867286,0.29144123391912363,0.45170696900361923,0.3885428159566993,0.28361410099088047,0.09285994565510222,0.36614722094190255,0.29425334694014355,0.1487750876944835,0.6203926538258083,0.48036679362233886,0.3266763915347306,0.5153520019923662,0.4302488041729445,0.6632318042901846,0.5317716052645189,0.6148680209899988,0.48490319385526115,0.42127378155351086,0.49057287852497167,0.5459543914914089,0.44982205172822043,0.5822254013353191,0.5412482886039819,0.49118015856850206,0.6615130328702701
0.4889036987555774,0.18251402351646567,0.48046266759218975,0.2663977310919161,0.6143039518646087,0.30116412300493917,0.4631217602945577,0.03832672658527777,0.4180898401397214,0.47590285391039366,0.39523588098360385,0.0,0.2541580131052014,0.0,0.6781325431403815,0.7618664176165507,0.09053645749858216,0.5503341994998932,0.5410544180825795,0.7433647198965465,0.7071878683054572,0.7078593943314335,0.23371294440425416,0.0,0.564860336385909,0.24078748109249715,0.8588013164504251,0.5297271453261897,0.0,0.15457457687427933,0.424155190680691,0.4493889355817723,0.3598692066317052,0.4684009908575989,0.0811708257680259,0.29415382122226874,0.3102799323580708,0.24357985404257468,0.4745456438474327,0.371050253074309,0.5441636218800167,0.18634438533854106,0.0,0.0,0.18337173141621252,0.33479766546529266,0.2451168466906886,0.29019767104490074,0.0,0.4250894852296352,0.28038738669219765,0.4422134976831768,0.07326432101057513,0.4029959935813279,0.1628460397867117,0.13457422956387352,0.0,0.1062758724204408,0.10485718079339913,0.5466018803211485,0.6576624582564569,0.12262189869955105,0.42624887571931175,0.36201975138520487,0.6080321367907437,0.5669534605372829,0.6933992534978458,0.3706129020840329,0.10059527352539997,0.5835227796482889,0.22518085475825161,0.697870576677001,0.307116910567992,0.828138859373016,0.4070362414699318,0.6082567736550112
