0.0,0.4927758984631259,0.1912280914810312,0.0,0.09329136837281193,0.0,0.10511127955741834,0.0,0.3126174553877941,0.4784883772463188,0.09172725909613774,0.0,0.2798254021032874,0.0,0.4272357787477012,0.6780107510813861,0.3460402861908546,0.421434778129035,0.266210238481347,0.5772368475792806,0.3650874277274693,0.7807726718043698,0.0,0.47749124903711343,0.7333701433502169,0.6798901452167563,0.24245255216312592,0.3146147762824946,0.4691438788292604,0.3914231712517824,0.6366611756946876,0.0,0.1583633659225244,0.29423257998934726,0.0,0.03132253793354531,0.4113387869870744,0.01612699503973924,0.0,0.2014774639311689,0.11751235957622855,0.0,0.0,0.0,0.0,0.9100388113390178,0.317074289422013,0.305504642872065,0.024690786612815502,0.0,0.0,0.05912605012197163,0.0,0.34033547680279747,0.13593643264670033,0.07649448450022249,0.0,0.0,0.0,0.48597624608810763,0.6493306829982749,0.09054287282433342,0.37773661011013887,0.1846991966120422,0.5807990290467204,0.5310365240081826,0.7460584738410686,0.0,0.5080743366833461,0.383581905782174,0.6067559685192057,0.3100953180576793,0.07697560449146823,0.6220144529506871,0.3921053527482829,0.35749452644808766
0.4927758984631259,0.0,0.10032018953782192,0.0,0.0,0.3969023058473625,0.0,0.1870188507236814,0.16713585088953753,0.579714933845283,0.053120847382404,0.47684543276473074,0.6336693502228503,0.2501238402668273,0.2704708375754139,0.48969399680890463,0.7231444496035634,0.5733667351718404,0.34488745792547165,0.43445922642931606,0.34673122739171275,0.6362700649187719,0.32598597458203843,0.6159941689244814,0.6858105583988352,0.9132832376703266,0.07938982432898062,0.2898365165377918,0.28940474771209757,0.20672486204383664,0.3463562637350711,0.33249037738068915,0.34111271016244077,0.05499905088489564,0.0,0.08029456640261265,0.26986453794122084,0.0010743512374464018,0.274487174477019,0.2537220951915004,0.05637269398395363,0.0,0.04580835636740493,0.0,0.0,0.45101160192631523,0.6078945380928275,0.24781257639770474,0.0,0.0,0.32455377827354503,0.07358184128026753,0.13251288132462546,0.21408538379277,0.2703312627573261,0.0,0.1707309267350604,0.3500995280319222,0.1817550203090767,0.2610623336918201,0.4038776284626398,0.431556750108285,0.5646584848517279,0.29250592841886974,0.41970712875035665,0.33062998027557516,0.4472108557921691,0.16960170733993782,0.5042741400766566,0.3928327652745697,0.7923094603963828,0.06215354105285792,0.2180877808963452,0.3381063718349148,0.29744475152182553,0.16692633405777113
0.1912280914810312,0.10032018953782192,0.0,0.0,0.09186878065417813,0.2676052922958395,0.0,0.20867570383215933,0.3499914871992585,0.20904184410214766,0.6114271716597763,0.20895458645670573,0.12002853494640559,0.04527349314764584,0.3870654475951768,0.05928447645727468,0.10738263176736544,0.1594360089952338,0.7858242653070706,0.41176686784165506,0.009273197667406865,0.2570380603107525,0.2472306391154263,0.0,0.09250596110092729,0.06645313842296348,0.5194361627970396,0.020854586401453934,0.2672768579252465,0.2248082557687339,0.034714659543184305,0.041679509763117205,0.0,0.05015788747728254,0.0,0.38456307007793233,0.11228276499307202,0.09705789348451181,0.2687693318807517,0.0,0.0,0.0,0.11965840584477637,0.0,0.0,0.16161536295892942,0.0,0.6795965652554807,0.2817316249375584,0.15425586797307497,0.23120984719492094,0.19654652878653803,0.1915125193790924,0.40002374359022963,0.10658804647454774,0.44709692701391374,0.134546333345532,0.0,0.16233260409890032,0.4440698586394816,0.10619845019667319,0.0,0.23163649183160398,0.7283358845619285,0.5146988307430378,0.09242909850132033,0.412703128051235,0.11677357899655533,0.0,0.1334021931869237,0.0030344569895928747,0.5393364942879815,0.10830568227847025,0.4410032322783071,0.553109131632848,0.010053666315911956
0.0,0.0,0.0,0.0,0.3542354654865968,0.3072409147619739,0.04739752927188113,0.30276913795154886,0.08020636054932341,0.0,0.0,0.0897460069628337,0.2011914554521795,0.24678196476505512,0.0,0.0,0.0,0.0,0.0,0.0,0.13858743200613136,0.0,0.36170762472843815,0.13592603532232764,0.0,0.0,0.0,0.24043982529788258,0.0,0.0,0.0,0.16013095550940445,0.23703472925945887,0.0,0.1604872194811303,0.0,0.0,0.1920195628462088,0.0,0.2453752415106202,0.013140331160441191,0.5354379629289093,0.17409025529569036,0.31222892074152014,0.5165436365797986,0.0,0.028301888421823098,0.0,0.0,0.0752908958349537,0.1132696116363381,0.0,0.3070684374620335,0.0,0.008691930195902975,0.0,0.20527793516556783,0.36110059336731315,0.0,0.0,0.0,0.13397018668811164,0.0,0.0,0.0,0.02670232237537432,0.0,0.3299773345477355,0.04643590706573245,0.0,0.0,0.0,0.2903330426981593,0.0,0.0,0.16549240923440314
0.09329136837281193,0.0,0.09186878065417813,0.3542354654865968,0.0,0.0019611324479612722,0.7301597522366013,0.0,0.7252370425051562,0.0,0.5610675457316499,0.0,0.3628062785152213,0.33039088435672853,0.17625657771719994,0.0990957675127573,0.0,0.0,0.2702927391286882,0.2607286820996214,0.22840299381956,0.0,0.10703464202848761,0.0,0.0,0.0,0.17009216293216645,0.45892951108949476,0.48409228292369477,0.3732353443548817,0.05306109546170131,0.10432521134021049,0.0,0.048789549956522696,0.05366492333420345,0.0,0.0,0.0,0.0,0.0,0.0,0.21669889908822346,0.0,0.0,0.11577594921735404,0.14854610801267387,0.0,0.4983473352886192,0.025897635308466546,0.6248981229560963,0.02475811775019134,0.44572485611936674,0.22779459477017228,0.5890743035886947,0.27715637587976993,0.6038995190077345,0.0,0.3162546469158834,0.0,0.300427900585638,0.0,0.16683814058993893,0.0,0.33895791915347445,0.0,0.28090557482883666,0.07634838120029151,0.33448249412359604,0.0,0.0,0.0,0.0007264520764219979,0.3617641133469181,0.01658470820550495,0.0,0.07144743859371985
0.0,0.3969023058473625,0.2676052922958395,0.3072409147619739,0.0019611324479612722,0.0,0.0,0.6282387174470984,0.20051262950276152,0.03379011355669352,0.10027751811091641,0.4699520353204684,0.5087000902199428,0.39579190818995713,0.1345820048292434,0.0,0.27376313035645145,0.11775420353784034,0.28466242219968774,0.06521019624358605,0.1841038630961559,0.0,0.8197170572713438,0.26916533617417493,0.0,0.24716753378954506,0.2954024796547819,0.07131417149427395,0.22702410216282848,0.0,0.0,0.43630574918535653,0.21059184235942607,0.0,0.0,0.01525898203324536,0.0,0.027032469278784655,0.3687110370971042,0.12376434313923837,0.0,0.0,0.28171534792336966,0.0,0.11973945282367883,0.0,0.3235145663952075,0.267133991273408,0.0,0.07852995356567066,0.6796133198707113,0.17437241897111103,0.5565856100235124,0.1598649925367108,0.13866252789178807,0.0,0.3966607532551281,0.47355477828684595,0.24106534623709838,0.08273613232264264,0.0,0.27610383998468285,0.1153025424023034,0.270361317628241,0.0,0.08341744519186808,0.0,0.5969176954591887,0.09084408961589074,0.023240872646122342,0.22580628367587566,0.058337909427403876,0.1416759905799168,0.0,0.03701454313488781,0.0
0.10511127955741834,0.0,0.0,0.04739752927188113,0.7301597522366013,0.0,0.0,0.0,0.5094708611581854,0.11486830407756887,0.33979405320589784,0.0,0.24849813058032766,0.1924155655515126,0.054321463366137766,0.15195016360611904,0.0,0.10239740673405066,0.014026407932647054,0.12905424391818554,0.15263039725984712,0.0,0.0,0.0,0.012870034568438446,0.0,0.18693237307988528,0.2614121228048016,0.5223584140512482,0.286302730106604,0.159152944845897,0.1789255359402497,0.0,0.18209267883746863,0.028824156800402956,0.0,0.0,0.0,0.0,0.0,0.0,0.21044533928313053,0.0,0.0,0.0,0.157270712446305,0.0,0.3096849155541726,0.3385525328125677,0.6072402562283067,0.0,0.5864488658110582,0.0,0.4402756784871356,0.4040447571325711,0.4551013910292172,0.0,0.10954701659708885,0.0,0.2533348394396581,0.0,0.19441989547977598,0.0,0.020147954152993884,0.0,0.1516785723388751,0.03934621760545476,0.055003627146064486,0.0,0.0,0.0,0.07265184796186774,0.1594822015688651,0.05388084888866213,0.0,0.030655022411740764
0.0,0.1870188507236814,0.20867570383215933,0.30276913795154886,0.0,0.6282387174470984,0.0,0.0,0.0,0.0,0.09357889800400682,0.5229863289872342,0.24318122057264707,0.41516076909210375,0.15399672904375436,0.0,0.15180080431837176,0.0,0.28790444123660136,0.0,0.1831746441943767,0.0,0.8869225630294856,0.29755065728172053,0.0,0.0746707488676782,0.0,0.0,0.0,0.00862452624042194,0.0,0.34785390748482065,0.162332053811022,0.0,0.0,0.09529816970735445,0.0,0.051531871270066115,0.3416263529180947,0.04906711279306294,0.0,0.0,0.5118856726172115,0.21564952560545841,0.2487889897303862,0.0,0.09853159566081328,0.1649501462028826,0.0,0.0716992766159419,0.41754821869486836,0.0,0.8377723593530728,0.0,0.018147327089040273,0.13203530450360568,0.5279940112458479,0.40877699430672276,0.3483068828982981,0.0,0.0,0.1226738012807265,0.0,0.33222069525149134,0.0,0.1070753917688691,0.0,0.6160899303773841,0.13907846670573465,0.0,0.1189907154728978,0.0,0.3137133606400232,0.0,0.03606662735873825,0.0
0.3126174553877941,0.16713585088953753,0.3499914871992585,0.08020636054932341,0.7252370425051562,0.20051262950276152,0.5094708611581854,0.0,0.0,0.279307468639702,0.6587968301063116,0.0,0.43397505664198677,0.1744449738805487,0.4803218764079025,0.34478776411054946,0.14796858474506225,0.19214027899487826,0.41643770517231926,0.6708832320972642,0.3347155423427093,0.4026234962831426,0.13377360716595463,0.14000669769822835,0.23545032654713463,0.191360890396987,0.6276316327085514,0.5827364486404457,0.6367685849974987,0.42487152847939536,0.28223349861462727,0.14527858530877868,0.05724581226114944,0.03134456311895881,0.0,0.0,0.0,0.012034323069306,0.08152203071540953,0.10233436298998948,0.0,0.10591116706581204,0.0,0.0,0.0,0.3742499148263999,0.27237082840789517,0.6433163892471467,0.0894357847234175,0.5198695452531225,0.18694837461390384,0.4649878754394047,0.1870988492604129,0.9116390818664535,0.4067330115114209,0.6186809748382661,0.0,0.34771825477672474,0.0,0.6206875562449623,0.1512931343451558,0.33450097068474144,0.05552779177418411,0.43215356871518956,0.15774703139222754,0.40457164675781987,0.3569753474082474,0.33729739094942834,0.1456616488473502,0.19265747723267776,0.2516699980065647,0.435143589357871,0.44389371288992807,0.2036472040595982,0.0010803750142017485,0.18209459827040939
0.4784883772463188,0.579714933845283,0.20904184410214766,0.0,0.0,0.03379011355669352,0.11486830407756887,0.0,0.279307468639702,0.0,0.1688382097502856,0.44591890504098924,0.34811204292326353,0.27010827414053645,0.24352144531355713,0.5809865664164557,0.8656497636964574,0.7781282494072883,0.34195321936772266,0.5188231431946138,0.28248001084721946,0.590069277552852,0.0,0.5198592458578507,0.8590826371834893,0.6058141313147772,0.32457878149702724,0.2806310306242767,0.4231195315072116,0.488564018496046,0.6771317408354877,0.40187361200248983,0.07268297852058447,0.0769915685970362,0.0,0.3427927287764741,0.3510489883367038,0.0,0.4812117183699895,0.1476250242860806,0.0,0.0,0.0,0.0,0.0,0.6068730366396956,0.482646747419426,0.3723839735300146,0.4821983128421213,0.252773343076649,0.2699924272554615,0.502527275217294,0.06777172015986009,0.44376820721033183,0.7636201339926878,0.22434665580954577,0.18822137495842522,0.2535849674315796,0.4369310655318014,0.42692089749288903,0.4904611803179705,0.7392894381548067,0.8287944984341007,0.24530457795832628,0.32255510034513685,0.27086368351547524,0.5058747637996279,0.0832792278731201,0.5233745694878887,0.8081336819658581,0.6567906761584811,0.2869622413699931,0.2644504302589687,0.4046272029159703,0.47275116783875454,0.11295544040739727
0.09172725909613774,0.053120847382404,0.6114271716597763,0.0,0.5610675457316499,0.10027751811091641,0.33979405320589784,0.09357889800400682,0.6587968301063116,0.1688382097502856,0.0,0.0,0.3089564173289094,0.26420474304706176,0.39044155970982775,0.13883498702011865,0.016627620320974396,0.08901207498270261,0.5916587772846239,0.4423383615824538,0.015414905625436515,0.1961508189100139,0.15959187297598137,0.0,0.0790209170545623,0.0,0.4904256211072678,0.2699222668399644,0.43461648550335746,0.4200008083493056,0.09537046992057135,0.11457851750572834,0.0,0.0538705039802198,0.0,0.14968030847911976,0.0,0.013491965202474797,0.16775576327703076,0.0,0.0,0.0,0.0,0.0,0.0,0.1773737119804926,0.027339984885840978,0.7463975902682009,0.23153626509954628,0.5023362998784514,0.26863883102623565,0.42200772444019197,0.2915259554750384,0.6498064228771303,0.2750428314282119,0.876116326554489,0.0,0.25229228399025583,0.17305578935783703,0.5071433010842863,0.0,0.15626158693174827,0.0,0.6352056668300573,0.28513231664914984,0.07104385820925253,0.32890265866443813,0.3129232156932492,0.0,0.08741055347555085,0.0,0.503665195329345,0.34499844528104345,0.3254848452150486,0.07217448460165948,0.050878264801959006
0.0,0.47684543276473074,0.20895458645670573,0.0897460069628337,0.0,0.4699520353204684,0.0,0.5229863289872342,0.0,0.44591890504098924,0.0,0.0,0.25905879252668246,0.29843882842921765,0.023284042748526607,0.0,0.5891572525516854,0.33420678085917266,0.28074741430587924,0.03038149855446388,0.03701539778949673,0.022829727269009868,0.4524790398524232,0.5173842114081694,0.10209612844337877,0.483325297256133,0.0,0.03703591409434409,0.0,0.04751173965840562,0.009379634732025554,0.4031344677499772,0.22959328321683187,0.0,0.0,0.27840638364683723,0.0,0.0,0.4408839118944716,0.2321225154177454,0.08706918428431748,0.0,0.2611072399900438,0.03322672301945631,0.0,0.0,0.17483867827853353,0.09866469741452522,0.06339504569707527,0.03381489871296448,0.31016039894701136,0.09261898392636346,0.433485198930416,0.0,0.38655072028866533,0.0,0.8931164057776511,0.29413402693584345,0.37859967800803823,0.0,0.0,0.4716209951022139,0.4911628400679884,0.19992182951294984,0.0,0.004360753216028357,0.0,0.1891895922638676,0.35057735695519077,0.18131992483335077,0.4195277838584624,0.0,0.29343028486920625,0.0,0.23121606225998348,0.0
0.2798254021032874,0.6336693502228503,0.12002853494640559,0.2011914554521795,0.3628062785152213,0.5087000902199428,0.24849813058032766,0.24318122057264707,0.43397505664198677,0.34811204292326353,0.3089564173289094,0.25905879252668246,0.0,0.4057640538083141,0.2716896393011824,0.3710402378061688,0.4542105952472229,0.46450490591845844,0.3146603491687981,0.38332108288203287,0.487842052869285,0.38261452885569447,0.41134950511249735,0.40011934012425476,0.32893243869898564,0.5233596878696222,0.1605616964674153,0.6742842640128065,0.5010349593599852,0.5134717484048138,0.2575979164966431,0.3609364547341712,0.30014783123277217,0.10996084176044821,0.0,0.05814967061665842,0.02466920959704308,0.08208943898394458,0.23681624578654203,0.2574923089261092,0.0,0.0,0.0,0.0,0.05469073291146344,0.31003855565204036,0.4417936401164988,0.4103832456913131,0.0,0.12502633460814788,0.3782611122085391,0.2930722511857142,0.3239348349332779,0.3902299219110767,0.28145309536650887,0.24111791349249528,0.14966061955093454,0.6710233064168697,0.0501343409011524,0.2853451450785471,0.11399684327234778,0.42698206892994733,0.1990593047890903,0.32494302329764885,0.15827733986303746,0.38343778815175467,0.266675140659277,0.34491035850005614,0.2788884637539234,0.070196441695409,0.45522038473532084,0.03310918129387909,0.49593128349200977,0.194212066373723,0.08331962200126868,0.16756391716678956
0.0,0.2501238402668273,0.04527349314764584,0.24678196476505512,0.33039088435672853,0.39579190818995713,0.1924155655515126,0.41516076909210375,0.1744449738805487,0.27010827414053645,0.26420474304706176,0.29843882842921765,0.4057640538083141,0.0,0.02341890334709744,0.05100327456068858,0.3092596735645454,0.3230931701121668,0.2878441750418638,0.09767824978506187,0.21538050840150597,0.0,0.5179854136474388,0.21190164391839394,0.08844638153884417,0.1999982380361706,0.04617968657324658,0.28314469017162747,0.2464567753233171,0.25640192415892143,0.08287612343024035,0.5121376950169407,0.11317787767102477,0.0,0.0,0.23026958539737877,0.0,0.0,0.4149897998114268,0.05594047225896619,0.0,0.0,0.018347932624204574,0.0,0.0,0.0,0.1959495345021193,0.3170534671156974,0.16874792669820413,0.47241235251347263,0.44163259693114,0.4315520882479143,0.5922100860497411,0.21662591318233004,0.3936451740107847,0.2990213286065409,0.28307909459238056,0.48357501026198463,0.6003812070514748,0.03954086990458526,0.0,0.41281671735076547,0.1517549089153674,0.2877312854577593,0.0,0.12644448336095332,0.0,0.5706134240291907,0.09845563698051328,0.1716661533581403,0.19448529430471287,0.0,0.4050371465772365,0.0,0.0,0.0
0.4272357787477012,0.2704708375754139,0.3870654475951768,0.0,0.17625657771719994,0.1345820048292434,0.054321463366137766,0.15399672904375436,0.4803218764079025,0.24352144531355713,0.39044155970982775,0.023284042748526607,0.2716896393011824,0.02341890334709744,0.0,0.32259937325544014,0.23000504533774474,0.2257231118930136,0.4142629170238395,0.7890708296464692,0.6162819291205166,0.6033743032261288,0.22109563745064906,0.28004293045225076,0.28999717221126814,0.30916035339618225,0.5374486380673706,0.2842405818813746,0.46431454668769595,0.3082667108709145,0.32026699204353737,0.1152121705050699,0.24623658079522323,0.09221329104242725,0.0,0.013166737836380935,0.06983258958810809,0.14359754080183165,0.11459068919354681,0.2096849686159533,0.0,0.0,0.15608364093962704,0.01804804259976552,0.0,0.4980551212153358,0.4177538153880066,0.5818320172962302,0.03874857958346244,0.14351221561745003,0.14791792110549076,0.18120772361811727,0.26844784254531956,0.5769405761273647,0.18041192005315665,0.4390515223147867,0.0,0.28094141423151825,0.04124421325275903,0.8085776636744738,0.4183054489622512,0.17794815169590153,0.259864241701983,0.38337133740082746,0.4088453180960395,0.6485786846763676,0.5943689402654767,0.30246417815161636,0.32405789786833283,0.27229512436100684,0.46348202704241326,0.42237343838901775,0.3593024899736406,0.2845940106892985,0.23687914565027393,0.25705253943487216
0.6780107510813861,0.48969399680890463,0.05928447645727468,0.0,0.0990957675127573,0.0,0.15195016360611904,0.0,0.34478776411054946,0.5809865664164557,0.13883498702011865,0.0,0.3710402378061688,0.05100327456068858,0.32259937325544014,0.0,0.4916129462659095,0.7316785411897876,0.191601405736616,0.5641432904426339,0.3608721375161122,0.756198762789262,0.0,0.37469375191646487,0.7307852341886439,0.5515730981229264,0.2864524660435546,0.4448683976515486,0.5840102084084471,0.4028485850771055,0.7548215126937718,0.12325521170936339,0.27803848155866945,0.347445566826463,0.0,0.051271966152091855,0.3368774416022343,0.0,0.14154064247477938,0.28275143338413383,0.04539504665778637,0.0,0.0,0.0,0.0,0.681477877466505,0.4472131673297662,0.310371438425791,0.08686322887111039,0.014726577779142904,0.0,0.19540974443418926,0.0,0.39623395691795543,0.31655084310364484,0.14304099525859168,0.0,0.13232593383098398,0.0,0.4136308009056117,0.6671578865103902,0.3403640829216207,0.5306252163102049,0.09922475902412053,0.36557708776336467,0.4134622748419894,0.6281558806480088,0.0,0.42195149179475366,0.4925262433652162,0.5554912254007769,0.2667337306150967,0.14006329396378747,0.4713619391408776,0.2524272695655353,0.28988146451437935
0.3460402861908546,0.7231444496035634,0.10738263176736544,0.0,0.0,0.27376313035645145,0.0,0.15180080431837176,0.14796858474506225,0.8656497636964574,0.016627620320974396,0.5891572525516854,0.4542105952472229,0.3092596735645454,0.23000504533774474,0.4916129462659095,0.0,0.8277769282371477,0.29780042033844745,0.4395075337450703,0.3491314043778627,0.5201179092691066,0.1948125275960329,0.6401425299221852,0.7027916477826381,0.6830392578684324,0.13275938845654922,0.32690432193626173,0.25268248757947015,0.38209865909973023,0.5464572418011759,0.46020445089217665,0.315720163743121,0.0033574368190767458,0.0,0.29959837510942744,0.3034706958154836,0.0,0.5183724870112134,0.3166197794407912,0.0,0.0,0.006378157375116452,0.0,0.0,0.4185917420773314,0.5750419796947217,0.20586333215033004,0.2224170267694936,0.12339718510086513,0.2737474236067764,0.2928479220413153,0.15836395629613012,0.26202578072384686,0.5848977365663587,0.035835867182144016,0.3359069077009045,0.41858153074583476,0.43343023583382567,0.24725448382555046,0.4181832452893947,0.7458845038174596,0.8681078880909173,0.21752093078191878,0.19047611807184434,0.28999517287054805,0.33988365009485677,0.10900096283363125,0.6293471410697722,0.6605973072924908,0.7437893392405631,0.013261635834617794,0.3781971304068469,0.16756905484076665,0.42648015385257554,0.06262803578372379
0.421434778129035,0.5733667351718404,0.1594360089952338,0.0,0.0,0.11775420353784034,0.10239740673405066,0.0,0.19214027899487826,0.7781282494072883,0.08901207498270261,0.33420678085917266,0.46450490591845844,0.3230931701121668,0.2257231118930136,0.7316785411897876,0.8277769282371477,0.0,0.34926664197907775,0.45763355750675244,0.37289145118946404,0.5597859519106401,0.0,0.4649012307250914,0.7258381425286068,0.6005906921248683,0.2133975348310456,0.39885788438037273,0.45614160039716245,0.4819535944826836,0.6668797110400095,0.39218587422031237,0.257803121087637,0.2021908607062348,0.0,0.3233169497649527,0.2979881903690196,0.0,0.4597634370953909,0.21113115203598945,0.0,0.0,0.0,0.0,0.0,0.4903606208743779,0.5199919928370001,0.29450788249814164,0.31241058591298976,0.19358308436927815,0.20613790523117775,0.3918212091739867,0.037330587342515806,0.317370495970542,0.5671801583378031,0.09969986313765594,0.1490998995917542,0.3301850958566748,0.3107795313257924,0.2997311919385315,0.43538629631402714,0.6101106639262158,0.8330756644430041,0.23782947838396643,0.1616403483015283,0.3677717416516749,0.38698336261817673,0.04330288384190828,0.4176927982874024,0.6966151560840116,0.6338765666263667,0.11058470894523041,0.25809709763731187,0.27326880736581616,0.39610017688963517,0.022087916360917056
0.266210238481347,0.34488745792547165,0.7858242653070706,0.0,0.2702927391286882,0.28466242219968774,0.014026407932647054,0.28790444123660136,0.41643770517231926,0.34195321936772266,0.5916587772846239,0.28074741430587924,0.3146603491687981,0.2878441750418638,0.4142629170238395,0.191601405736616,0.29780042033844745,0.34926664197907775,0.0,0.4413264865147497,0.18597220356727692,0.3371769637299959,0.37176388935323057,0.10862282182495972,0.25037637778845057,0.2622593110549859,0.44283908850031733,0.16724645296238283,0.3398912127816661,0.29472415536823277,0.14850922031752525,0.15811636730258694,0.0,0.01937268460357734,0.0,0.35312942211441145,0.08950227861423952,0.0,0.3227389703151775,0.0,0.0,0.0,0.012953477288804442,0.0,0.0,0.22595533982634322,0.13198493195441918,0.7604794881295996,0.1603686572846294,0.27694322369933977,0.32225540373573386,0.30944883180020905,0.37164137513426476,0.4953815545304089,0.26463343091934116,0.5683674470269213,0.1415443859625447,0.1771239460559091,0.3019513459859798,0.4434479160614988,0.09561603626612497,0.17677885860126194,0.28957130225393374,0.9462969335065172,0.3924876673890432,0.2148029334602247,0.4242973453880607,0.3325756178481026,0.0427927068734071,0.2142649804264944,0.19432155313293653,0.39637066548751004,0.24922269951483694,0.338933674340109,0.3342562456286299,0.0
0.5772368475792806,0.43445922642931606,0.41176686784165506,0.0,0.2607286820996214,0.06521019624358605,0.12905424391818554,0.0,0.6708832320972642,0.5188231431946138,0.4423383615824538,0.03038149855446388,0.38332108288203287,0.09767824978506187,0.7890708296464692,0.5641432904426339,0.4395075337450703,0.45763355750675244,0.4413264865147497,0.0,0.46685152663380713,0.7922984915365225,0.060904739991120484,0.3080395312086068,0.5612675261473572,0.46737529009085843,0.6190003386363637,0.4982033419639864,0.6492449123776067,0.5282483821557673,0.5178953999006657,0.188073416141019,0.1180079612964666,0.09962856223841927,0.0,0.16693569260573418,0.21383579386132676,0.01421750883546064,0.18554646849581644,0.1101098152845168,0.0,0.0,0.0,0.0,0.0,0.6102761309203439,0.46659035105434643,0.5724089831000572,0.17466670247214905,0.23241552841176308,0.19204284244123548,0.3264461411956131,0.09035157312951002,0.7295656006801774,0.3828931206023722,0.3898365586630057,0.0,0.28887374074853156,0.08235067767378693,0.8177935129466501,0.4647153109309633,0.3329168253620196,0.43491854429955223,0.4254735335152668,0.5957933030159634,0.5576084212833166,0.7546784025594312,0.20170242377943753,0.3406864798307895,0.5045410869930947,0.5499281977571556,0.4779300501396411,0.4225828208096594,0.4668618012309234,0.39604822377285226,0.21022778359617586
0.3650874277274693,0.34673122739171275,0.009273197667406865,0.13858743200613136,0.22840299381956,0.1841038630961559,0.15263039725984712,0.1831746441943767,0.3347155423427093,0.28248001084721946,0.015414905625436515,0.03701539778949673,0.487842052869285,0.21538050840150597,0.6162819291205166,0.3608721375161122,0.3491314043778627,0.37289145118946404,0.18597220356727692,0.46685152663380713,0.0,0.41328627105933285,0.3260027734511839,0.48821532714184096,0.26299987984951423,0.38198803122628705,0.18288541379535478,0.46602238460240025,0.4541177320081389,0.36556256639210744,0.34405400841807604,0.2668959794085492,0.5321668041256887,0.0,0.0,0.0,0.0,0.20335352661979328,0.16183768958782993,0.454549797914846,0.0,0.0,0.10810086992333344,0.0,0.23453749275100863,0.4936664833445774,0.5949218326054331,0.3462818729052015,0.0,0.11560048109776573,0.10198110086663684,0.15202176598419695,0.2793152160508048,0.3791130527307877,0.2772099035229343,0.1833799359465594,0.008767170326647866,0.5341471428488772,0.0,0.40563311674068053,0.3264040322390092,0.41857564136604325,0.23369683969925842,0.14550674930341206,0.0,0.8573005258312539,0.22196770275831848,0.3218841129794747,0.48699533012289226,0.19783717983923,0.5864182541865454,0.0,0.44429498090052727,0.0,0.0,0.21037583972800733
0.7807726718043698,0.6362700649187719,0.2570380603107525,0.0,0.0,0.0,0.0,0.0,0.4026234962831426,0.590069277552852,0.1961508189100139,0.022829727269009868,0.38261452885569447,0.0,0.6033743032261288,0.756198762789262,0.5201179092691066,0.5597859519106401,0.3371769637299959,0.7922984915365225,0.41328627105933285,0.0,0.0,0.42035149278878714,0.8006591683474654,0.6606730926664304,0.462061352139889,0.40386651279794883,0.5672256585221329,0.4033845235918293,0.6804854233973503,0.059483587449047304,0.252071206457346,0.2601859056680123,0.0,0.1619648402806775,0.46292771955443757,0.10356190130444852,0.13730824225453767,0.2153571990802189,0.11483281277324488,0.0,0.0,0.0,0.0,0.7633886361622125,0.5452417096759883,0.3592871659560924,0.08054343726846391,0.0,0.09583220260220514,0.09632392925581161,0.0,0.4807235059569748,0.18926671825736,0.12159023078362063,0.0,0.09452089229176887,0.040736457800873656,0.6536389409787839,0.7490173452669641,0.2170372439441728,0.5775086039147471,0.252148263734561,0.7192586458108431,0.4965453961031432,0.8704136706807121,0.0,0.48018581778220054,0.5750160138705352,0.6893677598692136,0.5111192785194961,0.18937503708052575,0.6812939955814625,0.46617446162284626,0.34475026516552476
0.0,0.32598597458203843,0.2472306391154263,0.36170762472843815,0.10703464202848761,0.8197170572713438,0.0,0.8869225630294856,0.13377360716595463,0.0,0.15959187297598137,0.4524790398524232,0.41134950511249735,0.5179854136474388,0.22109563745064906,0.0,0.1948125275960329,0.0,0.37176388935323057,0.060904739991120484,0.3260027734511839,0.0,0.0,0.2642935206567033,0.0,0.16669507462954453,0.13170776549987848,0.04268293249908199,0.08933385030372308,0.0,0.0,0.478215477918391,0.19564163311194618,0.0,0.0,0.0,0.0,0.02032418923837024,0.36446907690866354,0.06572701685837438,0.0,0.0,0.32894645519051763,0.03674382997611774,0.19477942570274476,0.0,0.2647682993400696,0.3462566727086164,0.0,0.17471969165215712,0.6233177294198027,0.15029683659170198,0.8218594429677561,0.10790095107070746,0.1528351114570021,0.15026105227444383,0.43101321803091186,0.5353255356277034,0.29513204902754736,0.061751257803335215,0.0,0.27021463706042564,0.003997862160395529,0.4120203907563846,0.0,0.21127069666774181,0.0,0.7835779555336496,0.09672710405187517,0.0,0.18983302535140478,0.0,0.2872131216670955,0.0,0.0,0.0
0.47749124903711343,0.6159941689244814,0.0,0.13592603532232764,0.0,0.26916533617417493,0.0,0.29755065728172053,0.14000669769822835,0.5198592458578507,0.0,0.5173842114081694,0.40011934012425476,0.21190164391839394,0.28004293045225076,0.37469375191646487,0.6401425299221852,0.4649012307250914,0.10862282182495972,0.3080395312086068,0.48821532714184096,0.42035149278878714,0.2642935206567033,0.0,0.5067906991612823,0.7379463610948315,0.0,0.42449398321780135,0.063709010839645,0.3113022776616627,0.4609792465817366,0.19404573253203938,0.5737814954782767,0.04827567423495011,0.0,0.0,0.18883294301487236,0.10760132843778425,0.1736859592129876,0.63921025116635,0.16472892365026434,0.04852663395274407,0.249495839508864,0.13346744334411073,0.15179271531547278,0.5291199799664381,0.6312704804702751,0.13482085690695061,0.0,0.0,0.13451715634500072,0.0,0.25683700349824645,0.1471512157522155,0.3151767065400661,0.0,0.35941667975853314,0.36005001695172506,0.17928801909153283,0.15904600936982508,0.4586263455571169,0.4888735747638055,0.5018733165502702,0.02029528899523702,0.03466371613279995,0.4950314012568346,0.19528840987574286,0.22968247454710092,0.9423472803260226,0.3320180218577947,0.8728809856740062,0.0,0.38526520536398534,0.0,0.16235953295752822,0.4271096333644774
0.7333701433502169,0.6858105583988352,0.09250596110092729,0.0,0.0,0.0,0.012870034568438446,0.0,0.23545032654713463,0.8590826371834893,0.0790209170545623,0.10209612844337877,0.32893243869898564,0.08844638153884417,0.28999717221126814,0.7307852341886439,0.7027916477826381,0.7258381425286068,0.25037637778845057,0.5612675261473572,0.26299987984951423,0.8006591683474654,0.0,0.5067906991612823,0.0,0.7167967364996535,0.35853852550636134,0.22869514084521442,0.4765584094791624,0.3918567239869767,0.6984209791016694,0.1606596395367949,0.11111854571590586,0.14656833231509317,0.0,0.19654205275870384,0.4211532531328009,0.0,0.28083003236237025,0.156415846007329,0.0,0.0,0.0,0.0,0.0,0.7516814848535439,0.6002542670647869,0.2620070758289288,0.24150304456522292,0.0,0.20522469441417227,0.2834799009006305,0.0,0.35490015915941836,0.43623569750976193,0.06633166728270477,0.0,0.05347298388198541,0.19547340750807485,0.4481393277904425,0.7256509801794981,0.433191153853993,0.739539922861038,0.1694605231012881,0.5234709214986621,0.3446551029347569,0.6693074556717066,0.008181602333602803,0.5548692775812932,0.836904252974677,0.742149866514313,0.401455433176068,0.02989137971960782,0.5948033885418087,0.49381256636555587,0.16740447101572573
0.6798901452167563,0.9132832376703266,0.06645313842296348,0.0,0.0,0.24716753378954506,0.0,0.0746707488676782,0.191360890396987,0.6058141313147772,0.0,0.483325297256133,0.5233596878696222,0.1999982380361706,0.30916035339618225,0.5515730981229264,0.6830392578684324,0.6005906921248683,0.2622593110549859,0.46737529009085843,0.38198803122628705,0.6606730926664304,0.16669507462954453,0.7379463610948315,0.7167967364996535,0.0,0.04074109850469417,0.2980561202976411,0.2620094511361365,0.2394738750395797,0.4375747243004939,0.28688639749831996,0.33693618697185634,0.15805930025089668,0.0,0.06125098444686667,0.2976948802041106,0.0,0.22584059825181949,0.3649405783012812,0.14339630861747535,0.0,0.0,0.0,0.0,0.6273949444656953,0.4937388950355905,0.2241509839871603,0.0,0.0,0.13150002494635912,0.08471571072591558,0.04779507476456752,0.23832912560532246,0.3097345048270935,0.0,0.24490495498618328,0.1876820733443056,0.1394700284417886,0.31826332845608346,0.4727861862443799,0.4107831032707602,0.5918922501867236,0.16785547807821832,0.42582112856418874,0.4418874798211758,0.5116439284907504,0.09309413083059215,0.6321623362990137,0.39907578496221585,0.8793964724813556,0.04473176300451735,0.2124978155219085,0.3855503927690171,0.2997816488367358,0.2669732967716782
0.24245255216312592,0.07938982432898062,0.5194361627970396,0.0,0.17009216293216645,0.2954024796547819,0.18693237307988528,0.0,0.6276316327085514,0.32457878149702724,0.4904256211072678,0.0,0.1605616964674153,0.04617968657324658,0.5374486380673706,0.2864524660435546,0.13275938845654922,0.2133975348310456,0.44283908850031733,0.6190003386363637,0.18288541379535478,0.462061352139889,0.13170776549987848,0.0,0.35853852550636134,0.04074109850469417,0.0,0.15273975548048066,0.7035127576028669,0.16976926760298738,0.25290108804712264,0.15349157952129786,0.0,0.0,0.0,0.17053538207588062,0.016789342717075027,0.0,0.25410033598672166,0.0,0.0,0.0,0.0,0.0,0.0,0.3312114211185806,0.32281963190079344,0.5478070495945568,0.2879231351685164,0.3123553381489292,0.4620634932339672,0.49792262390977565,0.11581422355185704,0.6978897018649639,0.317083450522507,0.4268199108954857,0.0,0.10473869778471537,0.18169134158037414,0.664408128695002,0.34248766456894125,0.2048064368922278,0.2795023678074012,0.38817619807207476,0.28805208279019734,0.2027714385591392,0.3906183269315448,0.32241254597104513,9.753102852270813e-06,0.48134770382034126,0.1670381730233298,0.871732072678985,0.024255556738048308,0.4060399888182192,0.22343811906637404,0.0
0.3146147762824946,0.2898365165377918,0.020854586401453934,0.24043982529788258,0.45892951108949476,0.07131417149427395,0.2614121228048016,0.0,0.5827364486404457,0.2806310306242767,0.2699222668399644,0.03703591409434409,0.6742842640128065,0.28314469017162747,0.2842405818813746,0.4448683976515486,0.32690432193626173,0.39885788438037273,0.16724645296238283,0.4982033419639864,0.46602238460240025,0.40386651279794883,0.04268293249908199,0.42449398321780135,0.22869514084521442,0.2980561202976411,0.15273975548048066,0.0,0.4420783006228401,0.6911696716549552,0.468876215442043,0.14829061285693285,0.37672049713040007,0.2138009550788596,0.0,0.026452465943092876,0.05447594802223239,0.1819260975114071,0.053766370827924084,0.3910509914200264,0.0,0.17572363224203316,0.0,0.005412576791350238,0.14161445345434281,0.39402535746043443,0.4061567519351745,0.3366638420312917,0.0,0.25947348973875717,0.0752571217167509,0.19816457888359046,0.1784509215665907,0.5070650846029657,0.33659918644890446,0.27002691646088245,0.05742682497186314,0.6018518434412438,0.0,0.26575136230163116,0.22310345102085344,0.43069853044512213,0.14377133897141575,0.19472519630807733,0.05652634818387443,0.4784611427456998,0.30229272203227686,0.19337692040646562,0.42339486880685206,0.08654145545836603,0.4318446043848645,0.0,0.7513331626680247,0.03801736865133342,0.06774555300751163,0.3973729344176517
0.4691438788292604,0.28940474771209757,0.2672768579252465,0.0,0.48409228292369477,0.22702410216282848,0.5223584140512482,0.0,0.6367685849974987,0.4231195315072116,0.43461648550335746,0.0,0.5010349593599852,0.2464567753233171,0.46431454668769595,0.5840102084084471,0.25268248757947015,0.45614160039716245,0.3398912127816661,0.6492449123776067,0.4541177320081389,0.5672256585221329,0.08933385030372308,0.063709010839645,0.4765584094791624,0.2620094511361365,0.7035127576028669,0.4420783006228401,0.0,0.4724161159728241,0.4599292021897421,0.3565178022101508,0.07751986693219523,0.09665825191891707,0.0,0.07260192602067572,0.0,0.0,0.2684123184124264,0.0,0.0,0.0,0.0,0.0,0.0,0.5437295040490773,0.3814631327038923,0.5240808607115104,0.19261357587841157,0.4398211229741443,0.3333534767015658,0.6061281935045479,0.06690448338108566,0.644431649405566,0.48978369227874535,0.4009941406659678,0.0,0.33087959623738955,0.0,0.6011076959444175,0.34636601864756694,0.36924934699831186,0.2532166282063969,0.29380432010443003,0.23612212089341839,0.48368463737356787,0.4738668742479495,0.31801653142525915,0.051616882985028825,0.4375184925479175,0.28712371194735403,0.5228969418589948,0.21962462323205617,0.4567593277724025,0.07457632800095948,0.12769802188564267
0.3914231712517824,0.20672486204383664,0.2248082557687339,0.0,0.3732353443548817,0.0,0.286302730106604,0.00862452624042194,0.42487152847939536,0.488564018496046,0.4200008083493056,0.04751173965840562,0.5134717484048138,0.25640192415892143,0.3082667108709145,0.4028485850771055,0.38209865909973023,0.4819535944826836,0.29472415536823277,0.5282483821557673,0.36556256639210744,0.4033845235918293,0.0,0.3113022776616627,0.3918567239869767,0.2394738750395797,0.16976926760298738,0.6911696716549552,0.4724161159728241,0.0,0.5577649990704678,0.19019955728550042,0.07360340493538428,0.18550694496289893,0.0,0.2902307335372151,0.1964297485930326,0.0,0.19492019539365127,0.07856814669038574,0.0,0.0,0.0,0.0,0.0,0.4954607461901524,0.3008588977046003,0.4072098470151962,0.2801816245201667,0.34730194547055304,0.12448479112230784,0.37631259162169234,0.17899404754574288,0.48144794371588334,0.4130659326790037,0.4013023664076243,0.0,0.42821855368260353,0.1585643750512728,0.3557565646888663,0.2693578917553585,0.41436505390336875,0.31752717103004485,0.33476286343143685,0.262907420263604,0.3624414390712368,0.43601213491666413,0.1310598450719994,0.28791283251838024,0.3292945773634801,0.3311094339682745,0.14386952991257412,0.6487687502052474,0.3009667025359455,0.32643827483063453,0.3196524833058442
0.6366611756946876,0.3463562637350711,0.034714659543184305,0.0,0.05306109546170131,0.0,0.159152944845897,0.0,0.28223349861462727,0.6771317408354877,0.09537046992057135,0.009379634732025554,0.2575979164966431,0.08287612343024035,0.32026699204353737,0.7548215126937718,0.5464572418011759,0.6668797110400095,0.14850922031752525,0.5178953999006657,0.34405400841807604,0.6804854233973503,0.0,0.4609792465817366,0.6984209791016694,0.4375747243004939,0.25290108804712264,0.468876215442043,0.4599292021897421,0.5577649990704678,0.0,0.1870873187091223,0.2560377208697694,0.4217134558356791,0.0,0.23165291753831646,0.4411287894561807,0.0,0.24089364104666708,0.28076226871107435,0.0537629804190924,0.0,0.0,0.0,0.0,0.7608064821501017,0.4242013088807634,0.2362562729398105,0.30448673338633825,0.08373853698592768,0.0,0.2576143148535336,0.0,0.3771476407318952,0.41668834401919336,0.14302912307976717,0.0,0.11284176573243093,0.163784255380828,0.38212481389699915,0.6857134248191931,0.3767555620403523,0.5943851567695912,0.07974720508688272,0.31993623271883,0.4401181200048171,0.6211518075586538,0.0,0.53419679566947,0.5967674457349196,0.5531645841605192,0.24268744338975143,0.24455700029415484,0.4309117796606316,0.3497035961874339,0.39303734479981706
0.0,0.33249037738068915,0.041679509763117205,0.16013095550940445,0.10432521134021049,0.43630574918535653,0.1789255359402497,0.34785390748482065,0.14527858530877868,0.40187361200248983,0.11457851750572834,0.4031344677499772,0.3609364547341712,0.5121376950169407,0.1152121705050699,0.12325521170936339,0.46020445089217665,0.39218587422031237,0.15811636730258694,0.188073416141019,0.2668959794085492,0.059483587449047304,0.478215477918391,0.19404573253203938,0.1606596395367949,0.28688639749831996,0.15349157952129786,0.14829061285693285,0.3565178022101508,0.19019955728550042,0.1870873187091223,0.0,0.17243121581323742,0.0,0.0,0.1420864600133808,0.0,0.0,0.7071277178288191,0.0813476833358411,0.0,0.0,0.0,0.0,0.0,0.06360879250141967,0.27387185921631985,0.18906085510705703,0.16143977493849931,0.44048168713960173,0.4356940377710353,0.5195226527546585,0.48959600329241915,0.2215942798851805,0.5762603550280351,0.11054381232859503,0.4065360028706214,0.4620677340055399,0.38120533265107565,0.13184028316914972,0.0,0.5605071506554228,0.27402375970410764,0.19725273373351607,0.0,0.19708316741726112,0.0,0.4827957115462181,0.09043129209490297,0.30590012845073145,0.22721517588150336,0.0,0.3409113229196487,0.0,0.0,0.0
0.1583633659225244,0.34111271016244077,0.0,0.23703472925945887,0.0,0.21059184235942607,0.0,0.162332053811022,0.05724581226114944,0.07268297852058447,0.0,0.22959328321683187,0.30014783123277217,0.11317787767102477,0.24623658079522323,0.27803848155866945,0.315720163743121,0.257803121087637,0.0,0.1180079612964666,0.5321668041256887,0.252071206457346,0.19564163311194618,0.5737814954782767,0.11111854571590586,0.33693618697185634,0.0,0.37672049713040007,0.07751986693219523,0.07360340493538428,0.2560377208697694,0.17243121581323742,0.0,0.1846276081630965,0.21630863546826654,0.0,0.0,0.5135181927078436,0.08359103386450857,0.8153781261549464,0.29089641479684164,0.25568801790293766,0.451407659858596,0.26994872842731776,0.558857825423973,0.21129907833434625,0.5237599755528307,0.07954070591532227,0.0,0.0,0.007239409281624693,0.0,0.11671577304286927,0.0,0.08848671643322349,0.0,0.2201388685892449,0.41523890976300354,0.0,0.0,0.31622010815612306,0.29863982132660616,0.18294643917126327,0.0,0.0,0.45155238073067433,0.0,0.12043611635766727,0.5435921638581258,0.051249340875312153,0.5020679648838352,0.0,0.3563065159730165,0.0,0.0,0.4056729126249801
