0.0,0.2707120842863192,0.07363132580785374,0.1393794152758993,0.14686938893764354,0.09207346294600684,0.04873631959147679,0.14175580991964531,0.2003933863016349,0.2585289125950294,0.17295629326846199,0.0,0.20299257324003075,0.003179845820345966,0.18813801094690766,0.38305564626437605,0.10131105273485874,0.20120653439538655,0.10871276518357781,0.20437919211795774,0.41654404297327563,0.3311361439682387,0.040447064292831174,0.2758463712115359,0.2519654798485895,0.114659319205172,0.13665605861373042,0.25262614638173053,0.1710849467139388,0.14054829055279358,0.29197029513874706,0.2059234506947889,0.3512902259334412,0.17793135630353224,0.09072588457151942,0.15229087844400588,0.06369549062465132,0.12114174317009095,0.057482834646132415,0.2605474165486418,0.07615771919941983,0.05447743107290419,0.0,0.0,0.22391934173557299,0.6392988612838496,0.0,0.1250574347853234,0.10970374596101719,0.16668095724980847,0.27175845994321246,0.1411282072598155,0.18629691825787134,0.19005454696147286,0.07349011724159021,0.176508717568874,0.0,0.08443473249013302,-0.0015796128981260043,0.24272644919260897,0.0,0.19052268212059245,0.186687975970203,0.0508256913188242,0.16393329342477453,0.33770592196795646,0.0,0.226537339086313,0.2304729117266682,0.07164884085312315,0.25180056111035976,0.3504818429921114,0.04439758631075508,0.37076466429679167,0.0605729925408533,0.0
0.2707120842863192,0.0,0.13404933533219401,0.2953157363378699,0.3002139648506714,0.2533537094922129,0.3074490909580956,0.14276134388968767,0.2489130537031337,0.3112239508469044,0.2839390474553158,0.3112273866999805,0.43354357345126293,0.18142952510204668,0.27706459259691235,0.1783849983512697,0.0,0.009943435733043557,0.239801860753024,0.22279029414103732,0.3440253517060843,0.31439339967907826,0.0,0.26519559048657165,0.062372642804228086,0.3061931049865529,0.21084136922893604,0.2313097765488234,0.05389992867547309,0.3010390900801247,-0.004716333903193719,0.2177748976627432,0.2982354134343831,0.0018371133282699726,0.13419426980170787,0.2386462314536167,0.21786788859802678,0.06308730710288675,0.0,0.0,0.0,0.0,0.0,0.06324728673785313,0.14180295066880277,0.1762195316981003,-0.008391541519338448,0.153989556751418,0.22623909140066625,0.3626480234132895,0.11437203295674446,0.29766336055611725,0.07227309957908741,0.2646531925838939,0.2588931676600567,0.3221959593040714,0.2641236912655648,0.09839227211403263,0.21919129339239737,0.2901582867379043,0.0,0.2388549715163474,0.0,0.1873072310254515,0.0,0.29937982056261647,0.0,0.31194450794729117,0.1608625343318753,0.0,0.18035574568815738,0.3596506043145416,0.0,0.0022926576582553222,0.0,0.0
0.07363132580785374,0.13404933533219401,0.0,0.0,0.4713999804272471,0.38308720626482623,0.2861447003324773,0.11661629519338333,0.5081298033180313,0.03490906573725633,0.5582416804384974,0.23816411731003923,0.33072608693447636,0.0,0.42570962084162045,0.2153948120918595,0.0,0.16545119611335715,0.6021928055302369,0.5256929066808268,0.13493024585703792,0.3583283931945306,0.36519665895508446,0.32064401456451835,0.0,0.0,0.49402189590764845,0.3446511501717248,0.1588600790525898,0.23964689662268943,0.059727915125713855,0.0,0.0,0.0,0.20829393114753555,0.0,0.08147418815983337,0.03158290675016233,0.0,0.0,0.0,0.0,0.0,0.04862715559681247,0.0,0.09563415192980575,0.0,0.6465358527995323,0.0,0.42445511332165153,0.24472122632072116,0.32185456517917743,0.1426009112717349,0.499467873999116,0.0,0.5264969472883257,0.05155405502332698,0.0,0.0,0.4664084071443118,0.0,0.0,0.058029053792768334,0.6148590535025387,0.36488424509386924,0.12471475719483313,0.0,0.41542164727153696,0.2591289533773535,0.0,0.013758713538284076,0.43330057076191975,0.0,0.04636889329557914,0.0,0.0
0.1393794152758993,0.2953157363378699,0.0,0.0,0.017052954002303937,0.0,0.015808335167343094,0.0,0.0,0.22070166714680967,0.0,-0.0025972062292954545,0.1263727793482158,0.4466052939020724,0.0652433740653788,0.0,0.0,0.0,0.048153884590787954,0.0,0.10111590453744441,0.06246663910748862,0.0,0.0,0.0,0.1807357829282286,0.05127489867231785,0.11116114119801178,0.0,0.10174496564925199,0.0,0.08849817191863626,0.10311754602101973,0.0,0.0,0.31043585698525344,0.2127293147518643,0.0,0.0,0.0,0.0,0.0,0.1269221853018226,0.1029597011438524,0.051618046612144766,0.05919076443293406,0.03404308185614068,0.0,0.4343997187633992,0.12731924582863446,0.0,0.07060384256151467,0.0,0.0,0.3506952189973051,0.010824179739101936,0.09815121628622306,0.06696818703066011,0.2925590692333864,0.0886250629886809,0.0,0.21960593126679373,0.0,-0.003937406310340445,0.0,0.05950287962193555,0.0,0.0,0.0,0.002622457675025289,0.08001401146967768,0.11689557598306637,0.04167083037867401,0.0,0.0,0.0
0.14686938893764354,0.3002139648506714,0.4713999804272471,0.017052954002303937,0.0,0.4186015026735306,0.5557050369679537,0.1001367675857936,0.6070230467502181,0.19901730463491188,0.5930450288146124,0.40531310199487675,0.49330163301992624,0.0,0.47986552196229976,0.11221544765579801,0.0,0.0,0.4758179360180007,0.5143692398488495,0.38964004195899576,0.3317390239556997,0.14694068864499044,0.38091092582515507,0.0,0.0,0.523448426373369,0.26270588600470196,0.15190079173389873,0.3408598620690684,0.030931884800099695,0.10819571374744068,0.12992469091317344,0.0,0.34207286366902695,0.0,0.15892211798753242,0.07076007862879474,0.0,0.0,0.0,0.0,0.0,0.18465317638419107,0.05982249693815688,0.13347789292527096,0.0,0.4555936920316382,0.0,0.5678074558257781,0.1541232653723266,0.5038020920356637,0.16342477145941198,0.5956029946779783,0.08168503914035637,0.5503711254814824,0.2605309975290309,0.0,0.0,0.4632769762451836,0.0,0.03324384602687462,0.0,0.4708714095282256,0.13580938953768162,0.3547238554848505,0.0,0.46043945793139923,0.3358324618274828,0.0,0.0,0.5192957630611695,0.0,0.0,0.0,0.0
0.09207346294600684,0.2533537094922129,0.38308720626482623,0.0,0.4186015026735306,0.0,0.3964778998869954,0.2841943305844627,0.46601823659841984,0.14880610706710282,0.40157760114242025,0.3495520884649262,0.41141457241143514,0.0,0.33481536062976747,0.1589808562115622,0.016116939097220485,0.17784172069001644,0.32636568022623985,0.3787960497091395,0.2702540630408454,0.23220660663901482,0.42301220119618577,0.4513452041882762,0.04571952331477845,0.0,0.40399495939328955,0.18493397740352477,0.3022589689313147,0.1915858310292009,0.0,0.12126482132239978,0.043154564733753155,0.0,0.31423088432496826,0.0,0.07630922312072572,0.08381755827682742,0.0,0.08669488434959927,0.0,0.0,0.0,0.026866817466237893,0.0,0.13033490652374696,0.0,0.40913435505968515,0.0,0.30716412852755665,0.2649260644379608,0.29275769835093335,0.2802867752419703,0.4310534007292871,0.0,0.40233320158323543,0.1420604320141857,0.0,0.0,0.28961641868448135,0.0,0.0,0.0028902379999104976,0.3177629783399772,0.12137512520180622,0.21413168818306336,0.0,0.46103891758246873,0.3696773780731547,0.0,0.09034543691342796,0.33419019251097676,0.0,0.0,0.0,0.0
0.04873631959147679,0.3074490909580956,0.2861447003324773,0.015808335167343094,0.5557050369679537,0.3964778998869954,0.0,0.16103005056298852,0.49677220947875467,0.275192807544695,0.4339938467741686,0.5065861397019906,0.49663294142811387,0.0,0.3527934673221382,0.0,0.0,0.0,0.2960150620079999,0.37596818766014833,0.39399616281342253,0.19146362148677193,0.09905824636169425,0.4071370309184052,0.0,0.0,0.3897777583549103,0.1361041395872786,0.1444932422262163,0.3379097399723586,0.03437700747242359,0.1782153146577671,0.17256130856944032,0.004705602496636087,0.4045847548045467,0.0,0.1833632563551452,0.13323504641382145,0.0,0.0,0.0,0.0,0.0,0.21833091391600376,0.1050893726983769,0.028154298015190257,0.0,0.2670211333306285,0.0,0.49286473289016075,0.0742818242294645,0.5727989404616877,0.16602453673154444,0.47982019944735316,0.18225405460965236,0.4022510063110683,0.37966659715907025,0.00846724841517374,0.04537935099148131,0.3006240905756042,0.0,0.1398465290072802,0.0,0.2779916235587885,0.0,0.41975568300878296,0.0,0.3787768520860931,0.3936811865570534,0.0,0.0,0.37475961968411653,0.0,0.0,0.0,0.0
0.14175580991964531,0.14276134388968767,0.11661629519338333,0.0,0.1001367675857936,0.2841943305844627,0.16103005056298852,0.0,0.12075185418627334,0.2320582332436627,0.08376795795610327,0.15726238780256974,0.2524465380226013,0.0,0.1381702024001318,0.15002752811460565,0.18138116765924672,0.21435982513494203,0.005432621161311279,0.15954885261303497,0.2959468156506797,0.08020026521053038,0.47273447762908405,0.2735641079916069,0.14361679043364287,0.15221192321532576,0.06894774695417719,0.15793925896081162,0.31546831424507954,0.20355161406691788,0.18911224404239482,0.0687145326599831,0.15583154583435463,0.21052271746894363,0.18642712463356487,0.01586980025635781,0.0,0.177610942190444,0.02606313354151748,0.21393460865185146,0.03100666499940105,0.09889169155462013,0.0,0.0,0.12526684084517636,0.1641430974544498,0.050975794558967946,0.12015249434075102,0.0,0.0951296240975171,0.3740878161912061,0.19360933511559833,0.5251094717097956,0.15419216928627524,0.07268611435665427,0.12821056590260493,0.15223474964991346,0.31453191318902957,0.07691905575993124,0.16382738497465346,0.03342104588089434,0.08083795512073248,0.10801273332159947,0.009940502838325488,0.1484086295079576,0.2653553965919704,0.009513893883211832,0.37057917826268194,0.24153304832463263,0.09538791546562513,0.241332658743543,0.09360907726020218,0.07926854405353789,0.2160013662490649,0.13022179752360016,0.0
0.2003933863016349,0.2489130537031337,0.5081298033180313,0.0,0.6070230467502181,0.46601823659841984,0.49677220947875467,0.12075185418627334,0.0,0.1817030080092106,0.6305038894534067,0.33908132187310447,0.4589556535289259,0.0,0.43987086425736777,0.17089082173581882,0.0,0.07068965977182604,0.49428434462729015,0.5158544024952546,0.3542223059017004,0.3156475689250973,0.22949999029646392,0.43296542704095586,0.0,0.0,0.5117795579895469,0.2749089375159435,0.13931506915044625,0.2776557929508048,0.06409642290521524,0.09526786911639565,0.14240364755186236,0.0,0.3640119422214041,0.0,0.13261949003147389,0.06526948084944,0.0,0.010538269400412663,0.0,0.0,0.0,0.06534207880697898,0.06090624065283643,0.20779601799065128,0.0,0.5242873420934413,0.0,0.5511401467867887,0.2289377320327566,0.4820937507200652,0.19491751824865905,0.6491649957474074,0.0,0.5831822083706606,0.1723070387209689,0.0,0.0,0.44582546809666207,0.0,0.051293188335910456,0.0,0.47542454175561333,0.16287284364843366,0.318688927688906,0.0,0.4779539489361828,0.38793493003424734,0.0,0.0,0.5394573123234302,0.0,0.0148780630714842,0.0,0.0
0.2585289125950294,0.3112239508469044,0.03490906573725633,0.22070166714680967,0.19901730463491188,0.14880610706710282,0.275192807544695,0.2320582332436627,0.1817030080092106,0.0,0.14220254399687643,0.28114868853847774,0.3565372352157197,0.08161954220604421,0.19681846879783205,0.20790631059594658,0.2983942513470439,0.21511835081431593,0.05730722959602678,0.14230546048247908,0.3540324118343592,0.16689458510863414,0.08405431477527352,0.3376327132526385,0.2788546927202648,0.3002522565463368,0.17865022676620324,0.26533784484741196,0.26106699114170745,0.18536506535985062,0.15920306368211734,0.24041224986895368,0.17593183619946717,0.13138819474008911,0.11058590094985402,0.1292251546136182,0.15019333073694166,0.3137227421638834,0.1334254788203615,0.15680488945487694,0.04827036926529858,0.0,0.06146217861413233,0.02601873435582524,0.2555406841024578,0.24253980498377173,0.06259774833637627,0.05148825664512163,0.09560983771598992,0.22342872830952432,0.1751297234533957,0.28796138907017865,0.17221940724013549,0.19694005223320477,0.42140014461179354,0.17850933472381122,0.31020780096121486,0.16991198492779658,0.06632750715742791,0.1620777746643305,0.0,0.4760561340609531,0.2419258986793996,0.007897788777362769,0.06122968965940253,0.3088316277507435,0.0,0.2113448703218494,0.2878969993831087,0.34683207548633,0.3586219499055882,0.20526557913324106,0.049005740745670386,0.1731698267925371,0.03536635260576119,0.0
0.17295629326846199,0.2839390474553158,0.5582416804384974,0.0,0.5930450288146124,0.40157760114242025,0.4339938467741686,0.08376795795610327,0.6305038894534067,0.14220254399687643,0.0,0.3076922705735206,0.4449395045467948,0.0,0.4753956746479391,0.19902155116915682,0.0,0.09338928796732567,0.5690581571635253,0.5341952517506467,0.29948463242425033,0.385143661799811,0.22322078136936233,0.39179632617569105,0.0,0.0,0.5217241538689098,0.3330362623454617,0.10764116094028596,0.3059412314931693,0.038917951835077645,0.003951795935193193,0.06943382310058133,0.0,0.28329557096016633,0.06223775200062477,0.14983503517476932,0.033249389011886864,0.0,0.0,0.0,0.0,0.0,0.13645320995287033,0.04647169744916505,0.15933654834141464,0.0,0.5542486594208996,0.0,0.5542066322309329,0.22017355576076134,0.43624527258654444,0.12768219552749263,0.6283226967184469,0.011861119552298785,0.650697209732165,0.1736378851514806,0.0,0.0,0.503718787490739,0.0,0.04250899108558449,0.0,0.5576145057704057,0.24772965101919703,0.25838869149485816,0.0,0.4573708675908487,0.3301906461994536,0.0,0.0,0.5333659995163741,0.0,0.023446785660954754,0.0,0.0
0.0,0.3112273866999805,0.23816411731003923,-0.0025972062292954545,0.40531310199487675,0.3495520884649262,0.5065861397019906,0.15726238780256974,0.33908132187310447,0.28114868853847774,0.3076922705735206,0.0,0.37533343789121376,0.0,0.3196812528826864,0.0,0.0,0.0,0.25478457026306545,0.32356472795309354,0.2630967677052653,0.15128950014938744,0.11625654698436771,0.38665490887595666,0.0,0.0,0.24264180731819612,0.06700671230849077,0.02475277561072274,0.3203058806201309,0.0,0.16526394570607894,0.10105486989145619,0.0,0.3089339459284626,0.0,0.17790611688472185,0.12197799198079216,0.0,0.0,0.0,0.0,0.059960359120603886,0.2952422865072564,0.06551888228977147,0.0,0.0976905502774524,0.20024655088744778,0.0,0.3630041928536629,0.0,0.39140308835414384,0.18059535011487293,0.322955418189714,0.26778372357635216,0.32762649442391134,0.5567900859685385,0.0,0.09085839199851091,0.24559784460955467,0.0,0.16384306564044462,0.0,0.25909956160733044,0.0,0.2716609324780108,0.0,0.29807658049449776,0.3588197757364771,0.0,0.0,0.16736918305085116,0.0,0.0,0.0,0.0
0.20299257324003075,0.43354357345126293,0.33072608693447636,0.1263727793482158,0.49330163301992624,0.41141457241143514,0.49663294142811387,0.2524465380226013,0.4589556535289259,0.3565372352157197,0.4449395045467948,0.37533343789121376,0.0,0.045455309281845595,0.4172904041664739,0.228590635229199,0.09650708682041728,0.16678003683209894,0.3499033681028768,0.4106536635061591,0.36617905539427387,0.3118797000605875,0.20388861818074255,0.377694785076203,0.02206354104701042,0.055246432668596704,0.419038250954445,0.41606811045326303,0.22787756506803653,0.3627126072838436,0.08940671528532733,0.1264616647086252,0.16501939964137438,0.036677357139178905,0.2552787071102881,0.11163108525448608,0.2090014539365015,0.16762279234453412,0.0,0.0,0.0,0.0,0.0,0.08384083179893019,0.1336776638781453,0.15001285081599877,0.0,0.35172078809870283,0.024492440674489607,0.4874827882994807,0.30333159776431384,0.5096389547850954,0.24123675302656702,0.46589883650705655,0.191367889432753,0.4490892560010601,0.27879680395272005,0.1524126190922203,0.08379214150901194,0.39870446807426896,0.0,0.2527004277168917,0.0,0.31699337038813147,0.12156389846931452,0.3344273641806699,0.0,0.4475608060603804,0.2962171955906619,0.0,0.10990178282401986,0.44989132251950553,0.0,0.069111019853559,0.0,0.0
0.003179845820345966,0.18142952510204668,0.0,0.4466052939020724,0.0,0.0,0.0,0.0,0.0,0.08161954220604421,0.0,0.0,0.045455309281845595,0.0,0.0007701287989246461,0.0,0.00209130430535808,0.0,0.07808022750524567,0.0,0.0,0.025546417020924108,0.0,0.0,0.0,0.20350304758909227,0.0023638073304684706,0.07539989580723154,0.0,0.05986053098480693,0.0,0.0,0.0,0.0,0.0,0.3084050780050348,0.10981268285239726,0.0,0.0,0.0,0.0,0.0,0.18665950613485524,0.12893405474329506,0.04452695846079316,0.0,0.07541437882910612,0.0,0.30673314364909116,0.058569600607549996,0.0,0.0012192947088757332,0.0,0.0,0.2567186843470913,0.0,0.058977330840598315,0.042587270362695495,0.32172927056397793,0.05546723277533483,0.0,0.11558494309416849,0.0,0.04113520335255216,0.0,0.0,0.0650203020438406,0.0,0.0,0.0,0.04013998822398748,0.032488607932279284,0.08749213150374636,0.0,0.010053830735864395,0.0
0.18813801094690766,0.27706459259691235,0.42570962084162045,0.0652433740653788,0.47986552196229976,0.33481536062976747,0.3527934673221382,0.1381702024001318,0.43987086425736777,0.19681846879783205,0.4753956746479391,0.3196812528826864,0.4172904041664739,0.0007701287989246461,0.0,0.18481228750895784,0.0,0.07213401839850636,0.4644593597278505,0.5829894690602554,0.3588455258710013,0.484979168036943,0.1935183702789091,0.32517031712638245,0.0,0.00960670943211447,0.5325545553202726,0.3541510317082791,0.2546863864611262,0.3413301527404778,0.08551709551750038,0.11671676722204662,0.05824712953241936,0.0,0.23355755980994772,0.050511352440728775,0.2117567794156809,0.07029211073660155,0.0,0.0,0.0,0.0,0.0,0.11394087419373407,0.03145897427249955,0.17074612503780623,0.0,0.417430660830883,0.0,0.44182371373799567,0.15142084319178908,0.3694891878250295,0.1825743725723845,0.432787600149354,0.1373603626702032,0.4664323951727442,0.2385555011295697,0.0,0.036886114027523,0.6144428295641047,0.0,0.09951525218008349,0.005621284627656811,0.4363223581746808,0.3295644872649653,0.32900272351223014,0.0,0.4248387357313504,0.2675718104799069,0.0,0.09222763712848735,0.48629855283780865,0.0,0.029769187942839552,0.0,0.0
0.38305564626437605,0.1783849983512697,0.2153948120918595,0.0,0.11221544765579801,0.1589808562115622,0.0,0.15002752811460565,0.17089082173581882,0.20790631059594658,0.19902155116915682,0.0,0.228590635229199,0.0,0.18481228750895784,0.0,0.3582770731567215,0.49326969966348905,0.1763736730097468,0.2560944594571999,0.19402773221661673,0.42131384558538454,0.26308923977254456,0.24736108097208748,0.39876377670563773,0.24597514316340685,0.16554852153883431,0.3878428253595103,0.24651484345260868,0.10194511168784925,0.3533055400287218,0.0,0.09798515404322067,0.23477898699364538,0.03654623836977974,0.13650167625632895,0.06519364891816166,0.15982198721837523,0.0,0.21349792041882537,0.08185652327831922,0.0,0.0,0.0,0.1453940787553163,0.3919968103125426,0.0,0.2767594630615182,0.0,0.10282691396727822,0.406631901910757,0.07646134947699744,0.15777207031635315,0.2045834605953088,0.0,0.20643951818562387,0.0,0.150345825554663,0.0,0.2205098629313063,0.0997297376869656,0.15172875510091258,0.3765212687443227,0.14690618137308642,0.30258727787885614,0.1263267168977608,0.11236370128912157,0.22648142664098292,0.14374602469135483,0.19291274918293924,0.34544340682953173,0.2487961414958674,0.22215533979514232,0.3855994123818243,0.18871549227926207,0.14601340758830927
0.10131105273485874,0.0,0.0,0.0,0.0,0.016116939097220485,0.0,0.18138116765924672,0.0,0.2983942513470439,0.0,0.0,0.09650708682041728,0.00209130430535808,0.0,0.3582770731567215,0.0,0.5501296674156769,0.0,0.0,0.0,0.08067822314191558,0.25968741614046714,0.057243539562878566,0.5198836101088888,0.39954059373772005,0.0,0.284859428762529,0.2594004725466204,0.0,0.17998473613368282,0.0,0.0,0.16507607193466672,0.0,0.09572999371490064,0.0,0.17949551050964885,0.10899802477628578,0.20311559368857351,0.3615706706431912,0.0,0.09006852135235163,0.0,0.07094765877070407,0.11212275162660455,0.11182643489456327,0.023751823438222637,0.0,0.0,0.3100097829237175,0.0,0.07311602676487003,0.0,0.0,0.0,0.0,0.28674210755652735,0.0,0.0,0.45290668909509235,0.2943020247564855,0.5398456151913474,0.0,0.24392844859269977,0.0,0.3596343923845687,0.0,0.0,0.46267668242530213,0.44439067662829934,0.0,0.4585228181171135,0.2981614191612008,0.3717248946375922,0.4626199482931708
0.20120653439538655,0.009943435733043557,0.16545119611335715,0.0,0.0,0.17784172069001644,0.0,0.21435982513494203,0.07068965977182604,0.21511835081431593,0.09338928796732567,0.0,0.16678003683209894,0.0,0.07213401839850636,0.49326969966348905,0.5501296674156769,0.0,0.08037806309028618,0.1170876312543766,0.003745856328524544,0.21309271092706775,0.3632578601335663,0.22554220853910864,0.5077464017181144,0.36278704714677734,0.10780187699693812,0.33750179267289543,0.27976973708009356,0.0,0.16461059981931983,0.0,0.0,0.13338209848815638,0.0,0.12013194273703995,0.025298472993316515,0.14445479257605412,0.017516613320044075,0.2344056820496364,0.23229061068980733,0.0,0.02366261734838132,0.0,0.04758731327562754,0.2075941809192339,0.0,0.2379386496340108,0.0,0.0,0.39641206688656483,0.0,0.15505508219763664,0.09880673254939971,0.0,0.12042936048038183,0.0,0.17426092024312456,0.0,0.11558972238011804,0.3283197202401646,0.1894768046788335,0.5589721772193913,0.08467280877521155,0.33351055819786984,0.0,0.2505315862231899,0.11988794702092533,0.08902730457270809,0.3696510146073254,0.4150601163897548,0.09684403471741068,0.32561980236774213,0.32393550034841195,0.22777257232115902,0.32650839470623616
0.10871276518357781,0.239801860753024,0.6021928055302369,0.048153884590787954,0.4758179360180007,0.32636568022623985,0.2960150620079999,0.005432621161311279,0.49428434462729015,0.05730722959602678,0.5690581571635253,0.25478457026306545,0.3499033681028768,0.07808022750524567,0.4644593597278505,0.1763736730097468,0.0,0.08037806309028618,0.0,0.5121865279109414,0.14317298321177893,0.39026775288798543,0.18749397016022287,0.2781513104489544,0.0,0.0,0.4758510068773398,0.3502672933409245,0.05224336568501262,0.27944736529959313,0.007795917328128899,0.0,0.0,0.0,0.16208830670593338,0.08137102082231364,0.13479060078608435,0.0,0.0,0.0,0.0,0.0,0.0,0.09062772804746753,0.0,0.09775792672284792,0.0,0.5870397553289699,0.0,0.4381818840529398,0.14411321713900324,0.3062118979189355,0.03598178877918469,0.4654154566402416,0.0,0.5300782471560516,0.11785926847223384,0.0,0.05120898660717425,0.5158530379149381,0.0,0.0,0.0,0.6506381228568415,0.3319740635595583,0.12155768131680188,0.0,0.3704981471522831,0.19963055056794052,0.0,0.0,0.45627475395504996,0.0,0.0,0.0,0.0
0.20437919211795774,0.22279029414103732,0.5256929066808268,0.0,0.5143692398488495,0.3787960497091395,0.37596818766014833,0.15954885261303497,0.5158544024952546,0.14230546048247908,0.5341952517506467,0.32356472795309354,0.4106536635061591,0.0,0.5829894690602554,0.2560944594571999,0.0,0.1170876312543766,0.5121865279109414,0.0,0.3048964878447204,0.509687524727396,0.2853373000720392,0.3712225837015572,0.0,0.0,0.5313670406396463,0.36174835943186,0.28441502700602467,0.3640620614928077,0.14739697157770618,0.01574151506766294,0.025079487000830274,0.009257605229565372,0.2749495134742143,0.0,0.1510087988015498,0.10899186850917258,0.0,0.0,0.0,0.0,0.0,0.07504436661771104,0.07360403297368899,0.20404874362370054,0.0,0.5256255132068965,0.0,0.4561570518335093,0.23238327967593458,0.3668981287235359,0.19215854623512701,0.5155545612298227,0.008264257596907973,0.5056539993796235,0.1647818170884522,0.0028542186619083462,0.0,0.5556914667070173,0.0,0.02583207840236142,0.025257830475875424,0.5065831284855151,0.4035383560164688,0.2878065036411964,0.0,0.44923492327248504,0.3129032536066055,0.0,0.07254610731738714,0.48619577599223274,0.0,0.09547977766736329,0.0,0.0
0.41654404297327563,0.3440253517060843,0.13493024585703792,0.10111590453744441,0.38964004195899576,0.2702540630408454,0.39399616281342253,0.2959468156506797,0.3542223059017004,0.3540324118343592,0.29948463242425033,0.2630967677052653,0.36617905539427387,0.0,0.3588455258710013,0.19402773221661673,0.0,0.003745856328524544,0.14317298321177893,0.3048964878447204,0.0,0.2506064133911757,0.12587920249631993,0.3980261617334948,-0.0022443655916961373,-0.027011690932504922,0.2524624037202408,0.14690315906508705,0.26238549450670423,0.3425357011665297,0.247608734175769,0.3657719845575636,0.43670803959190996,0.22253936173135955,0.3884007686199112,0.04791710686915647,0.16968009879930182,0.1922777048135515,0.05988641902013764,0.1826026763312617,0.0,0.13979109288737604,0.0,0.0,0.24010003087899628,0.41339319327514185,0.0,0.14276392857224088,0.1176770060560135,0.3598372205021351,0.20791837370699878,0.3818950897286556,0.33997428800403673,0.35354322320769244,0.2171436816072453,0.2904805795140183,0.2537346202617824,0.11619707855562074,0.03646883750427941,0.329275353154374,0.0,0.20548717354313364,0.0,0.10779771032269686,-0.02598097575272508,0.6274745083204741,0.0,0.4123630207792347,0.38977585894171457,0.0,0.09739504653874353,0.38253869709547733,0.0,0.1490776169105108,0.0,0.0
0.3311361439682387,0.31439339967907826,0.3583283931945306,0.06246663910748862,0.3317390239556997,0.23220660663901482,0.19146362148677193,0.08020026521053038,0.3156475689250973,0.16689458510863414,0.385143661799811,0.15128950014938744,0.3118797000605875,0.025546417020924108,0.484979168036943,0.42131384558538454,0.08067822314191558,0.21309271092706775,0.39026775288798543,0.509687524727396,0.2506064133911757,0.0,0.17249528417786,0.24016058420511033,0.14333082550787635,0.1608034593283386,0.37686026412929075,0.4085658312418214,0.24932722713668523,0.33902791011433203,0.2428287128836988,0.046786932537783356,0.07876332120748285,0.09265141230679876,0.12555209577344614,0.12762101123484842,0.13559125961033952,0.10834779121256183,0.0,0.052440504610654304,0.0,0.0,0.016062429052945432,0.043265479312135556,0.08455691615983658,0.3066161090542946,0.004573470300890517,0.376137045569742,0.0,0.277720705687903,0.23481378513383946,0.18953686235185704,0.09081738485601579,0.3377041069299574,0.022446088546046523,0.3788778296908254,0.02312454087760359,0.0632603899636598,0.018103053651965954,0.4788573650502118,0.0,0.06752588867564524,0.1337115060724124,0.355810458148678,0.406260406885728,0.21075411298931035,0.11200087812090373,0.2841519670356258,0.1729217418725547,-0.03492689025597947,0.24097824390627856,0.3987317142826655,0.06219231042865865,0.18818425032007957,0.10880196784963991,0.0
0.040447064292831174,0.0,0.36519665895508446,0.0,0.14694068864499044,0.42301220119618577,0.09905824636169425,0.47273447762908405,0.22949999029646392,0.08405431477527352,0.22322078136936233,0.11625654698436771,0.20388861818074255,0.0,0.1935183702789091,0.26308923977254456,0.25968741614046714,0.3632578601335663,0.18749397016022287,0.2853373000720392,0.12587920249631993,0.17249528417786,0.0,0.3000879778872632,0.21994559731288066,0.09419652208214158,0.23572093443791967,0.2133952087103153,0.35368104011988605,0.05542435919652307,0.13855555876073947,0.0,0.0,0.10387794071893007,0.1612560631002357,0.0,0.0,0.13457528544504727,0.0,0.17968707365747538,0.046942981929210495,0.0,0.0,0.0,0.0,0.10959179825484228,0.0,0.37263902293703965,0.0,0.08368214567756843,0.43527362689789517,0.12245358394154764,0.41465832923270235,0.251865833822729,0.0,0.2398727942266765,0.0,0.15990699281574053,0.0,0.22703116584671945,0.1589872216307474,0.0,0.24316790934633997,0.22605135327825587,0.32466303709867317,0.07625013143208222,0.13737038418771613,0.3637560616867892,0.21834328419624766,0.1247847092590361,0.23276059396957813,0.1314430487745967,0.11891546294289836,0.20030624657552773,0.15188478910179085,0.13107237045443967
0.2758463712115359,0.26519559048657165,0.32064401456451835,0.0,0.38091092582515507,0.4513452041882762,0.4071370309184052,0.2735641079916069,0.43296542704095586,0.3376327132526385,0.39179632617569105,0.38665490887595666,0.377694785076203,0.0,0.32517031712638245,0.24736108097208748,0.057243539562878566,0.22554220853910864,0.2781513104489544,0.3712225837015572,0.3980261617334948,0.24016058420511033,0.3000879778872632,0.0,0.1429791885391387,0.061312068480060475,0.2790109977825181,0.22768430839358017,0.19685954974908887,0.2341387610301924,0.17213398122360574,0.18240928282015595,0.22042153552968383,0.08153815589110001,0.3233182862228047,0.04018643968283652,0.1834504554511118,0.18373719667400087,0.012487489430563145,0.24808848245503598,0.0,0.0,0.0,0.0,0.15194093698174269,0.29457496892474916,0.0,0.3345927805277499,0.0,0.3658076766433936,0.28800676730654307,0.3620822830931963,0.33305234331120165,0.4105926712150301,-0.0008024096403773808,0.37997888759263165,0.23143960416833234,-0.004557835815731502,0.0,0.32144673639377475,0.0,0.19070941450043938,0.1285374272357569,0.2588943028027065,0.10901478966288915,0.35572944418583263,0.0,0.4230018910498284,0.5932185966924621,0.08671236677106198,0.18348012788030416,0.3447896814782466,0.0,0.07279430840306497,0.0,0.0
0.2519654798485895,0.062372642804228086,0.0,0.0,0.0,0.04571952331477845,0.0,0.14361679043364287,0.0,0.2788546927202648,0.0,0.0,0.02206354104701042,0.0,0.0,0.39876377670563773,0.5198836101088888,0.5077464017181144,0.0,0.0,-0.0022443655916961373,0.14333082550787635,0.21994559731288066,0.1429791885391387,0.0,0.4415313781530949,-0.016399218051299583,0.20162537223642021,0.31250295981894516,0.0,0.16889250962005853,0.0,0.0,0.1478740699334217,0.0,0.08843104085570028,0.0,0.15304652899140223,0.1616771916379125,0.3382579522095441,0.34085132942714463,0.0,-7.948681169416193e-05,0.0,0.10515758512290634,0.2609954657443935,0.03561798274442111,0.015397380085782274,0.0,0.0,0.3135118070560996,0.0,0.07714211824039663,0.0,0.0,0.0,0.0,0.13388239038666055,0.0,0.0,0.3920316087187099,0.20970411137300643,0.5010410678422721,0.0,0.2174901301437806,0.0,0.26988297547920576,0.0,0.04633633022866752,0.5205954562681047,0.48634803437153057,0.0017869045543763013,0.32767788774771434,0.38067837353520606,0.27605918764275483,0.3827268244139237
0.114659319205172,0.3061931049865529,0.0,0.1807357829282286,0.0,0.0,0.0,0.15221192321532576,0.0,0.3002522565463368,0.0,0.0,0.055246432668596704,0.20350304758909227,0.00960670943211447,0.24597514316340685,0.39954059373772005,0.36278704714677734,0.0,0.0,-0.027011690932504922,0.1608034593283386,0.09419652208214158,0.061312068480060475,0.4415313781530949,0.0,0.0,0.15207121503805235,0.17935180171535567,-0.004229563407608037,0.0134650634488112,-0.00867482455164576,0.0,0.06423059927673525,0.0,0.21140816204420457,0.07290219036817545,0.08911772601175161,0.11120166162534718,0.1298448177958307,0.19754538792035625,0.0,0.15204636456787538,0.0,0.07337634303522093,0.06228156360115522,0.21259561657127876,0.0,0.08246962639902954,0.0,0.09137898988431344,0.0,-0.009633756565748445,0.0,0.18609043696734084,0.0,0.009531794747360177,0.21398577560383988,0.10063393648186042,0.018616800247852255,0.2554900545671423,0.28076818570634676,0.3457018048796137,0.0,0.14772872919065674,0.0,0.3183065294846253,0.0,0.0,0.3745088970312027,0.5012520498028895,0.0,0.322262664555577,0.16130312936120839,0.23524378168378682,0.22509435858987828
0.13665605861373042,0.21084136922893604,0.49402189590764845,0.05127489867231785,0.523448426373369,0.40399495939328955,0.3897777583549103,0.06894774695417719,0.5117795579895469,0.17865022676620324,0.5217241538689098,0.24264180731819612,0.419038250954445,0.0023638073304684706,0.5325545553202726,0.16554852153883431,0.0,0.10780187699693812,0.4758510068773398,0.5313670406396463,0.2524624037202408,0.37686026412929075,0.23572093443791967,0.2790109977825181,-0.016399218051299583,0.0,0.0,0.35547329071869194,0.29978405533175106,0.22760298088031355,0.009090794928131935,0.006028852248407334,0.0,0.0,0.20021913683056122,0.0,0.13766813801298938,0.04811975921382606,0.0,0.0,0.0,0.0,0.015416031519960923,0.1172604038829425,-0.006038945617910263,0.1247626807385119,0.0,0.4840049348398481,0.0,0.46387478821378736,0.19660395368786357,0.40700551593001505,0.061880434525271394,0.5124342525488089,0.03676668506209041,0.48789423247126473,0.11794497440652896,0.0,0.0,0.5005843194204651,0.0,0.06305744203075565,0.04138347597529122,0.4622121242066863,0.31864612017625044,0.1873673179288191,0.0,0.3893569274919324,0.19863978241375685,0.0,0.02065217668889097,0.5381603043425528,0.0,0.07141990865492853,0.0,0.0
0.25262614638173053,0.2313097765488234,0.3446511501717248,0.11116114119801178,0.26270588600470196,0.18493397740352477,0.1361041395872786,0.15793925896081162,0.2749089375159435,0.26533784484741196,0.3330362623454617,0.06700671230849077,0.41606811045326303,0.07539989580723154,0.3541510317082791,0.3878428253595103,0.284859428762529,0.33750179267289543,0.3502672933409245,0.36174835943186,0.14690315906508705,0.4085658312418214,0.2133952087103153,0.22768430839358017,0.20162537223642021,0.15207121503805235,0.35547329071869194,0.0,0.22518428169904514,0.3230141590169591,0.26266667210812555,0.0,0.0,0.07783858094072033,0.0,0.2425166786706693,0.15441435058583403,0.18657295579854308,0.0,0.01777348542505651,0.0,0.0,0.05728164177022088,0.0,0.12128099111316253,0.21990647678614794,0.0,0.3801159392456892,0.0,0.28798180613555974,0.3700095136295668,0.26642484730988797,0.1385166229209369,0.31934465495786113,0.038673234938902984,0.33524484190098813,0.0,0.2103465521238372,0.0123248620552268,0.4004847675603407,0.02770587622033588,0.1636407424521346,0.2866781203637703,0.326328118861458,0.39402782021246385,0.08629673707116148,0.1279958059822083,0.2913189319987429,0.15881323711784912,0.10923292862375025,0.2605605645636926,0.37583169629205043,0.29626799848003404,0.26078214943917777,0.25209152443676286,0.11944877758620082
0.1710849467139388,0.05389992867547309,0.1588600790525898,0.0,0.15190079173389873,0.3022589689313147,0.1444932422262163,0.31546831424507954,0.13931506915044625,0.26106699114170745,0.10764116094028596,0.02475277561072274,0.22787756506803653,0.0,0.2546863864611262,0.24651484345260868,0.2594004725466204,0.27976973708009356,0.05224336568501262,0.28441502700602467,0.26238549450670423,0.24932722713668523,0.35368104011988605,0.19685954974908887,0.31250295981894516,0.17935180171535567,0.29978405533175106,0.22518428169904514,0.0,0.1355887484757634,0.2356390076997566,0.0870420939925039,0.0,0.2430913349193541,0.17058644640821435,0.0,0.009644025900766412,0.26495064769066373,0.13116150069074456,0.1980908706315273,0.1462928696199687,0.08103740013957245,0.0,0.0,0.12390490021028401,0.2253240078363164,0.10969040509256107,0.16608274102975484,0.0,0.039516795501141906,0.3307781391580132,0.14829360837947544,0.23993072853057337,0.17136917152179548,0.009384067944576526,0.10854937933148162,0.0,0.24895897050003207,0.0,0.16789028893959965,0.20214532055370416,0.09352166197674934,0.2749201475329754,0.05404379211354517,0.2913051673604886,0.21397900205860587,0.1630448553592635,0.2206730314919473,0.17855706694063497,0.2621624393079217,0.2695520207317713,0.16960366801017726,0.17432068850499832,0.34292235619646794,0.23263190521703295,0.1486660282865503
0.14054829055279358,0.3010390900801247,0.23964689662268943,0.10174496564925199,0.3408598620690684,0.1915858310292009,0.3379097399723586,0.20355161406691788,0.2776557929508048,0.18536506535985062,0.3059412314931693,0.3203058806201309,0.3627126072838436,0.05986053098480693,0.3413301527404778,0.10194511168784925,0.0,0.0,0.27944736529959313,0.3640620614928077,0.3425357011665297,0.33902791011433203,0.05542435919652307,0.2341387610301924,0.0,-0.004229563407608037,0.22760298088031355,0.3230141590169591,0.1355887484757634,0.0,0.23858985374204433,0.14501165888453874,0.18749875960791357,0.1846461967407836,0.22760988139792232,0.11767187544148984,0.2008404651033239,0.1931437738418935,0.0,0.00865383242038059,0.0,0.0,0.0,0.09032641270604339,0.17618755743791303,0.09762969697238569,-0.0011891667542634897,0.2058513651790813,0.08130353012565307,0.34716289383671817,0.1005888096516811,0.33139945486321654,0.12911993064405888,0.2873988602822426,0.1720389607274862,0.26648610999005606,0.2589758345640489,0.2310138705269749,0.1797013950846556,0.3251686620853412,0.0,0.05929661823622471,0.0,0.25708457879544483,0.09271485090823589,0.36329440066583124,0.0,0.276380467194792,0.23876957851040484,0.0,0.021231169088077696,0.25484785962527207,0.0,0.0,0.0671512266520293,0.0
0.29197029513874706,-0.004716333903193719,0.059727915125713855,0.0,0.030931884800099695,0.0,0.03437700747242359,0.18911224404239482,0.06409642290521524,0.15920306368211734,0.038917951835077645,0.0,0.08940671528532733,0.0,0.08551709551750038,0.3533055400287218,0.17998473613368282,0.16461059981931983,0.007795917328128899,0.14739697157770618,0.247608734175769,0.2428287128836988,0.13855555876073947,0.17213398122360574,0.16889250962005853,0.0134650634488112,0.009090794928131935,0.26266667210812555,0.2356390076997566,0.23858985374204433,0.0,0.06402582363967231,0.1386262959348796,0.4028920813000598,0.16757359238027553,0.0,0.018072048830200946,0.2413397108073065,0.041245637242518236,0.21681708525391222,0.09040845195243578,0.0,0.0,0.0,0.24545890480465812,0.3340354959401444,0.0,0.05826763341332901,0.0,0.0,0.2771350017242769,0.1043030847450798,0.2293854180769082,0.10355501208858493,0.0,-0.009560155317445869,0.0,0.2232067467969227,0.0,0.09510294462682965,0.1018252904662682,0.035426032173327134,0.18786211833250632,0.003240678076712335,0.19554465782095262,0.25001966920491697,0.04787284954226629,0.09818631371060182,0.22924922962458927,0.08718816747223902,0.1797887345049685,0.09428643511994732,0.18037045041767788,0.33149160387689225,0.2783957420743596,0.15587528338004328
0.2059234506947889,0.2177748976627432,0.0,0.08849817191863626,0.10819571374744068,0.12126482132239978,0.1782153146577671,0.0687145326599831,0.09526786911639565,0.24041224986895368,0.003951795935193193,0.16526394570607894,0.1264616647086252,0.0,0.11671676722204662,0.0,0.0,0.0,0.0,0.01574151506766294,0.3657719845575636,0.046786932537783356,0.0,0.18240928282015595,0.0,-0.00867482455164576,0.006028852248407334,0.0,0.0870420939925039,0.14501165888453874,0.06402582363967231,0.0,0.3407331739865863,0.1033732258121877,0.19504944362441756,0.032068546551578626,0.14011674848174283,0.1394162652784337,0.4481795353668841,0.1484537182123492,0.016467935341775528,0.17067750729813222,0.0,0.0,0.1025827619160844,0.2066662445114165,0.0513067405415377,0.0,0.19431687447452844,0.08516089716190792,0.0,0.09325460567033635,0.09948639485250821,0.0682732538177271,0.19937684270175474,0.031269117617249896,0.24110077030203816,-0.006608845812874079,0.047605835407786394,0.039575340516620566,0.0,0.14480179453635578,0.0,0.0,0.0,0.33686382205063997,0.0,0.06637612823884403,0.2177056106142787,-0.00495797542355626,0.0323662059016952,0.07971652926501314,0.0,0.0,0.0,0.0
0.3512902259334412,0.2982354134343831,0.0,0.10311754602101973,0.12992469091317344,0.043154564733753155,0.17256130856944032,0.15583154583435463,0.14240364755186236,0.17593183619946717,0.06943382310058133,0.10105486989145619,0.16501939964137438,0.0,0.05824712953241936,0.09798515404322067,0.0,0.0,0.0,0.025079487000830274,0.43670803959190996,0.07876332120748285,0.0,0.22042153552968383,0.0,0.0,0.0,0.0,0.0,0.18749875960791357,0.1386262959348796,0.3407331739865863,0.0,0.2829768645086383,0.2720960678886677,0.11315876189333791,0.11757760006748234,0.1372876208252855,0.09504456403670729,0.3122734851993792,0.0,0.15389061404157725,0.0,0.0,0.25833549199717204,0.338939202605227,0.0,0.0,0.2040456242624791,0.18030040735414646,0.08557072838658984,0.19889398624255106,0.22555966666063978,0.1119375230020073,0.17648427038859454,0.0858123599691292,0.16641935239740815,0.05396408955313079,0.12332743738352182,0.052311886867588656,0.0,0.18358837548502493,0.0,0.0,0.0,0.41160880044990195,0.0,0.18876687968540393,0.2466539979148696,0.0,0.05212476946094638,0.15376829883716056,0.0,0.04937362170668434,0.0,0.0
0.17793135630353224,0.0018371133282699726,0.0,0.0,0.0,0.0,0.004705602496636087,0.21052271746894363,0.0,0.13138819474008911,0.0,0.0,0.036677357139178905,0.0,0.0,0.23477898699364538,0.16507607193466672,0.13338209848815638,0.0,0.009257605229565372,0.22253936173135955,0.09265141230679876,0.10387794071893007,0.08153815589110001,0.1478740699334217,0.06423059927673525,0.0,0.07783858094072033,0.2430913349193541,0.1846461967407836,0.4028920813000598,0.1033732258121877,0.2829768645086383,0.0,0.19214406522446642,0.0,0.01242739335598574,0.286889917125326,0.0915480237813804,0.3385766251512832,0.2028356456369031,0.08215661011330319,0.0,0.0,0.2675592242236745,0.2245471678979924,0.0,0.0,0.0,0.0,0.2184131117990137,0.06768726002401873,0.20363710237628718,0.0007113168513595872,0.00846952301867096,0.0,0.0,0.28611040704256796,0.0,0.0,0.07956389270312622,0.08516141593221303,0.10739948709603071,0.0,0.0,0.24168030356463335,0.0,0.03778897875275058,0.15351760459677605,0.09796126644781213,0.13805110388999922,0.0,0.09376185909322607,0.21544110420725948,0.17768143872867662,0.04270031283494785
