0.0,0.31716203651464936,0.24004383136494162,0.045155515920971105,0.04594526443637826,0.06286514822320613,0.02130660700508094,0.24224706947460636,0.12414013556021877,0.2694118734564661,0.1717625895022627,0.18828040320856573,0.14894310272626327,0.0,0.4478787053792979,0.27702827069645614,0.3280153306253547,0.14687102652916706,0.055445606933175705,0.4557069148240851,0.5343398030904465,0.413262467733859,0.19149323703320845,0.3848110296924451,0.4454992409682448,0.49994211255187504,0.31691610878548826,0.3400835738898606,0.384491381974593,0.27060625102070246,0.33959853439153986,0.0,0.12287057349492418,0.010562999130346017,0.0,0.23064706432617535,0.0,0.44632663028236774,0.062235586297955364,0.397104950874752,0.12885562396686315,0.08023892641131662,0.23603921373015954,0.04512481193638328,0.2549860662743951,0.6341258731357625,0.03192962645682054,0.07336891535675011,0.1943847414730785,0.0,0.08047796243949706,0.0,0.015225659851183888,0.1697102294667351,0.14781245290946632,0.0,0.05017481927639528,0.0015584863839749239,0.0,0.4057649051035387,0.2479667080648402,0.18099437415792294,0.3320893859320361,0.0,0.4623940632516714,0.3202686364806444,0.36400313623019737,0.05473449956616177,0.36679857712902186,0.23589230292569843,0.29030179379314563,0.1710151317752585,0.11724750520598082,0.28363208709869614,0.0,0.20989147388236115
0.31716203651464936,0.0,0.17750719026853887,0.06939693204403583,0.28759753322870113,0.6997157159774338,0.5426127860304799,0.45675191629068707,0.3712994480524255,0.5078967697740244,0.2294523112733114,0.19066712330793778,0.5688072972498154,0.08613488974582512,0.3348427763860381,0.6750668220909007,0.4201200123738906,0.4720605052120399,0.29617137395118603,0.2728487020052929,0.36802229934894337,0.5026808211805581,0.4841427562693042,0.17761304070496126,0.7409861354397884,0.6990335181765742,0.4303195226879392,0.4040871378716953,0.551222320113731,0.3495516808960348,0.25976291335022306,0.0787470245168778,0.12747312587644338,0.18930885110553414,0.16730140488038386,0.22637120322595528,0.0,0.3999101793529332,0.0,0.30425422706867383,0.0,0.0,0.09398842210721117,0.11796888860855868,0.022337553164818204,0.07546843211625359,0.13603360650589685,0.0,0.1481479081978034,0.07519231451495847,0.4967494581677998,0.22151175679001942,0.35460022344054387,0.14772085751224895,0.4199279548578894,0.0,0.18367817355168015,0.22691015832275943,0.0,0.3422953675182598,0.0,0.4648866104016716,0.2215340588562418,0.1608333632428774,0.37135814996043087,0.09839608268170637,0.21131636039564225,0.34839614933146446,0.12602228642359914,0.0956149586351995,0.14016673253625186,0.39079214238353643,0.16764769057821138,0.0690532050251152,0.0,0.0
0.24004383136494162,0.17750719026853887,0.0,0.0,0.28458804533803106,0.10295217706506511,0.0,0.30848637586138383,0.6007046979839816,0.013015558745999665,0.6172979650788534,0.20323154019506162,0.24421805171884334,0.04412451272567454,0.41522663088757833,0.21258698081746558,0.09783942965522727,0.09712317280024707,0.5487152862931151,0.5001051649559082,0.3779108835896512,0.4000900806975679,0.354324389586253,0.28452637097173317,0.0,0.3329000763270555,0.5162137752013237,0.3598361280883781,0.0754878859849637,0.1817649797851375,0.2262129221477155,0.0,0.0,0.17892022054277507,0.0,0.38506204595788296,0.03297945198901585,0.3595648566426751,0.0,0.04080637024799094,0.0,0.0,0.2087910812484536,0.0,0.024119819381468285,0.0,0.0,0.6885336642868223,0.09361779483944095,0.2981319020420038,0.028860446249982054,0.12772732720455077,0.16164274695538453,0.705002697557515,0.10491133529178295,0.46350479972233566,0.20063324060902077,0.0,0.14663569000829896,0.612238009702812,0.0,0.2548283657714837,0.0,0.5753103490654067,0.553701927058695,0.02885469001198601,0.29085735922611267,0.18472952241043517,0.06539571458816805,0.0,0.0,0.23364864404721325,0.362859621336504,0.0,0.010749487888515768,0.0
0.045155515920971105,0.06939693204403583,0.0,0.0,0.24268909532155836,0.07907173611823083,0.4945380171937982,0.26756832424535965,0.0,0.09037604962784022,0.15072960418777914,0.0,0.07209999220564563,0.16810871062057242,0.16707456572710253,0.0,0.13622702572862538,0.0,0.0,0.1607803828501734,0.25325602932252067,0.07693703134866857,0.13284185142446742,0.0,0.03796065743117689,0.021705417688961663,0.17747793549548338,0.07567596833279105,0.19300026925936675,0.18378039305946378,0.0,0.37369193377816395,0.05269687688307171,0.03010660268203729,0.0,0.0609904294747377,0.12790074367926535,0.0,0.3013526157959207,0.0067630402706273475,0.3377754679286542,0.24040247043105586,0.10029949697065466,0.05967465571347294,0.1581379357877741,0.10610115386544196,0.20988827535685198,0.11530224214347301,0.0,0.0,0.0,0.0,0.0,0.0,0.0,0.0,0.0,0.0,0.0,0.0,0.225452418973582,0.0,0.09373761969779701,0.0,0.04003175045765487,0.3648136069993281,0.22620867245485307,0.13651464294903692,0.0,0.1444105767952897,0.1969616863321752,0.09386012512169634,0.0,0.0,0.0,0.2653153284052633
0.04594526443637826,0.28759753322870113,0.28458804533803106,0.24268909532155836,0.0,0.23194628425995897,0.4267177723954996,0.14014068855736278,0.6627614106105799,0.14480489955184223,0.47182987863872256,0.0,0.13027299295561157,0.09434830232993602,0.3975769150027587,0.25017328865583366,0.14743222525220112,0.0,0.23937565847428732,0.25118677067625594,0.27784774929594463,0.3513722546565716,0.2828548432148659,0.0,0.08745546559493073,0.09077123140191613,0.4540016781847149,0.20603462700616007,0.23301085587820952,0.18379013734268398,0.044307801563694675,0.07586399722494028,0.07912226426083885,0.23535161402285337,0.02913761389764122,0.2032305767113154,0.13652172786075709,0.09517502976614757,0.0,0.024559113879787358,0.0,0.0,0.10354381416101974,0.1514020738365552,0.0,0.00329651473218741,0.0,0.327593823731682,0.0,0.33459118075957717,0.05950876873970438,0.265313844628839,0.13839392626753552,0.44772969986713035,0.08791572244231603,0.291163940813426,0.006295522635242616,0.0,0.30551316832483255,0.3010672726838219,0.0,0.19841421869021195,0.051455063101062425,0.21074611822022626,0.42639835803105297,0.11376123744897128,0.3746384630838146,0.3021827439315626,0.0,0.0,0.0,0.461871225742576,0.10644496352820557,0.0,0.0,0.0
0.06286514822320613,0.6997157159774338,0.10295217706506511,0.07907173611823083,0.23194628425995897,0.0,0.40654485884864444,0.5706635229937509,0.2620096903765797,0.1998907662559048,0.061379172943932074,0.14926776495375516,0.5707529192940692,0.37329992946996093,0.13111619431221788,0.3038760646984418,0.11878690994130452,0.33458105576724523,0.3552184247957894,0.056466422355058506,0.28032432651538175,0.09170028098776598,0.7076617614996347,0.21609883236943025,0.3969014861752762,0.4400842349029853,0.42939374848349404,0.18449380581095406,0.3753203402763231,0.14258160175461604,0.08900144399298736,0.26884556644267066,0.21064085456863954,0.06853962619497941,0.06454093763779994,0.30413479828615153,0.0,0.0548293476862138,0.09144150055355457,0.28181548023343195,0.008158993440674165,0.0,0.061202725028100965,0.06576569506881065,0.20166037467951053,0.006001026980684457,0.3584820419002901,0.0,0.06394262280440434,0.0,0.7341948083167319,0.17285236395514,0.48768661352222137,0.1277990331155032,0.22299944865655105,0.0,0.156107832670297,0.42133886629577466,0.0,0.0798127514897179,0.07791594583513389,0.345654395243506,0.17330987042397034,0.190396965049268,0.049872900779889005,0.07504431304511629,0.02988776484434928,0.6281334175561903,0.16879033626045173,0.15056041329337255,0.3402217236737778,0.26780727759370626,0.038193967652038495,0.0,0.10820261376718511,0.0
0.02130660700508094,0.5426127860304799,0.0,0.4945380171937982,0.4267177723954996,0.40654485884864444,0.0,0.21766283869711167,0.1671023091676792,0.294061567657597,0.058389957393410796,0.0,0.24155062888720893,0.09797637258340854,0.173478008941705,0.3458379585273421,0.2942099985554429,0.03752065973951562,0.0,0.0555344043126866,0.2338913552957073,0.3274082090461517,0.17362434582562847,0.0,0.40429232193660186,0.11924768052044657,0.32745480220711665,0.13228704071773145,0.49551958849550815,0.20160392950500355,0.0,0.2968308401568712,0.08139731024850735,0.18862485641215188,0.28987397815828514,0.0,0.0,0.047959881827959086,0.27942127767555086,0.018694018198048477,0.08397247295722172,0.06898977709806545,0.0,0.21701359418992802,0.0,0.10071045902334977,0.3246332824321655,0.0,0.0,0.022960324382611686,0.1801154063918515,0.15059216039406811,0.19756813887752123,0.0,0.1150210146582859,0.0,0.0,0.0,0.0,0.0,0.19607814846180413,0.0,0.07939559945259621,0.0,0.10401234178614335,0.3004028031986611,0.3249314532598375,0.26156633883575126,0.0,0.2759931880896701,0.0705420424598591,0.4627599485246618,0.0,0.13347206144167628,0.0,0.0
0.24224706947460636,0.45675191629068707,0.30848637586138383,0.26756832424535965,0.14014068855736278,0.5706635229937509,0.21766283869711167,0.0,0.2254352450707411,0.3040581126197801,0.13792098954015197,0.33920330775687146,0.4788734385135353,0.39452848752428893,0.1925183478994603,0.1556883655420146,0.2790174239355192,0.1715085666767373,0.3144384235894791,0.19826877255405406,0.5359739270399925,0.10042066201265645,0.8306648125650268,0.4653194048308259,0.09896491165891427,0.5641538974953128,0.1297030037603215,0.3036132772395812,0.0,0.32449619740036545,0.30056099630755473,0.15483419555328742,0.20446992305884215,0.19084320449338105,0.06300210689293527,0.4381784222050387,0.0,0.3138152301781044,0.042178345744062075,0.08954749700174984,0.0,0.0,0.2556630404737988,0.06197746893841332,0.07000995238362909,0.09815541137053643,0.09143216495559188,0.20275548341433852,0.1811130874644421,0.030412311014136523,0.30333169977989105,0.0,0.7501236281511507,0.20699444546881746,0.24168207556183613,0.11894789920851949,0.19418790120605758,0.27284511533935335,0.13392251213268966,0.23698422533903635,0.0,0.29066018795922954,0.044457994926504804,0.2880033165920112,0.1535503248886278,0.38877987206075476,0.0,0.6657394962282758,0.2511340825000484,0.0,0.423562137005852,0.04842565305116747,0.11198641195503937,0.0,0.10896370850930508,0.0
0.12414013556021877,0.3712994480524255,0.6007046979839816,0.0,0.6627614106105799,0.2620096903765797,0.1671023091676792,0.2254352450707411,0.0,0.10895185340368908,0.6595850527436685,0.03088692061956354,0.29247605015056094,0.021031793581985606,0.44982403121337006,0.32396871261313276,0.13305841063228577,0.1929344657813402,0.5690744549853447,0.4253025505240604,0.24084275797283272,0.47469160704597374,0.3069708365799194,0.14540714386250386,0.12189447821185892,0.24806455122459695,0.5293204628703837,0.297437449349663,0.16872941101839306,0.1885662651190726,0.19770190097283946,0.04253702708567843,0.04847681641568782,0.2136503511175853,0.013090748146085782,0.31851373125427124,0.01043994945819904,0.21385476443711865,0.0,0.044876600862549076,0.0,0.0,0.2024206237943819,0.12844521515586096,0.06579099396520569,0.0,0.0,0.4469064096969138,0.06877846053362513,0.2932012365861956,0.16065886378994215,0.22917569802134144,0.1211924660370682,0.8065536709286473,0.11297362933838397,0.43309332842032755,0.08610739173323011,0.0,0.12329589050497375,0.4579400504506452,0.0,0.29153700521115167,0.011811942001828418,0.5353948893372329,0.5256779149321982,0.0,0.30623977576797834,0.2310669253429317,0.019306183518562822,0.0,0.0,0.40195984491149794,0.27803975247889484,0.0,0.01562528044874063,0.0
0.2694118734564661,0.5078967697740244,0.013015558745999665,0.09037604962784022,0.14480489955184223,0.1998907662559048,0.294061567657597,0.3040581126197801,0.10895185340368908,0.0,0.0,0.5834520903244909,0.5253556877210033,0.0,0.37441343244957515,0.6222922013205151,0.8629332021386065,0.5405510706853481,0.0,0.47299877139079727,0.46313470861947803,0.4945990990904778,0.19126714440928905,0.36233457947347925,0.593742765026483,0.676698869592349,0.13213573939427797,0.7068569129717938,0.48302884501727705,0.43339568739576306,0.6566807576083732,0.0,0.03110271106396989,0.13147213363961507,0.1443337315359969,0.3215602948208288,0.0,0.646420427994718,0.0,0.15061327820172482,0.0,0.0,0.2641203699951717,0.22979965141944936,0.012895418749374651,0.1431433285284924,0.10547602201661135,0.0,0.24578179936352784,0.36816644334427256,0.0,0.38516706078144985,0.07811611199039055,0.0,0.7837931838213825,0.0,0.6080247433502469,0.14434041429492658,0.2094946153150993,0.3814030840595863,0.0927305326613098,0.4190492641053114,0.4180482194938933,0.0,0.42942203716437094,0.328796025688577,0.2300675866959629,0.0,0.27893486388552335,0.11174886757486316,0.14586360450920371,0.1099109893094663,0.33938347131388474,0.1287743550536653,0.0,0.2135847423436041
0.1717625895022627,0.2294523112733114,0.6172979650788534,0.15072960418777914,0.47182987863872256,0.061379172943932074,0.058389957393410796,0.13792098954015197,0.6595850527436685,0.0,0.0,0.0,0.11727268750170454,0.10010918891271041,0.4207496330304138,0.13054244010209204,0.02522211841481173,0.0,0.4758872783576231,0.41117173876892704,0.1736740189717932,0.38973757710087903,0.14549156975911073,0.02114381762344761,0.06557631964143007,0.16424346498084932,0.4961673878353316,0.18150187181388955,0.13241344631490987,0.21716614250649532,0.03965842308467672,0.015818850180272844,0.0,0.027899250042616622,0.0,0.1683595797945201,0.011296120431769141,0.10374556180563588,0.0,0.0,0.0,0.0,0.12999174419792434,0.0,0.09017705987520315,0.0,0.0,0.652006918423465,0.0,0.0896908239068502,0.034453713915603826,0.030535258119308233,0.011994462503871001,0.5317090424800492,0.042772705775989565,0.5072497434311815,0.0,0.0,0.0,0.3820411241257679,0.02341118111472528,0.055034839863923664,0.0,0.49096929251237303,0.39752056410204095,0.0,0.308522702063713,0.09432767244560014,0.02208380612510026,0.0,0.0,0.3140811195939896,0.11679828062357638,0.0,0.0,0.0
0.18828040320856573,0.19066712330793778,0.20323154019506162,0.0,0.0,0.14926776495375516,0.0,0.33920330775687146,0.03088692061956354,0.5834520903244909,0.0,0.0,0.4862525833125592,0.001264286832464544,0.19040410971112462,0.2941382045212651,0.6058413913906134,0.4676168193768544,0.0,0.3157109992603776,0.2180523116043652,0.19337499329498412,0.2314518272005874,0.6053744705980784,0.1608035672738006,0.6958278816680235,0.0,0.5224162817254002,0.0,0.3010364214068466,0.45147190288769595,0.0,0.041170098694359496,0.011155165632830972,0.0,0.3833671964398091,0.0,0.5793739999012304,0.0,0.18448008497138388,0.0,0.0,0.21528539146484457,0.13313987907820723,0.07727768289209139,0.07555506682058832,0.0,0.0,0.3735807262822241,0.2837295123353569,0.026883665954352577,0.23777222142990917,0.11095927803409487,0.17231531799923322,0.4966001272500589,0.0,0.8135548031984873,0.3407085954853062,0.25419813542819786,0.3111548055805564,0.0,0.40993970547781544,0.31376888481788556,0.0,0.324441617429037,0.006940067164890346,0.0,0.040405923240521405,0.4343561297106772,0.0,0.1911255035126641,0.0,0.43929349114004296,0.0,0.10616039730256081,0.12426476045612006
0.14894310272626327,0.5688072972498154,0.24421805171884334,0.07209999220564563,0.13027299295561157,0.5707529192940692,0.24155062888720893,0.4788734385135353,0.29247605015056094,0.5253556877210033,0.11727268750170454,0.4862525833125592,0.0,0.05868789589465688,0.4008207766911714,0.49455031230955326,0.6266320195966796,0.7249492067032643,0.17581639725722983,0.43792366569754076,0.43973592170964254,0.32776801166552716,0.48119792230839453,0.33113174497240133,0.3048123916001149,0.729328841939885,0.19551522847844185,0.7334248524282122,0.3037706063755467,0.31776020788013953,0.3488993274411448,0.23359942099001588,0.15012228311070505,0.18195828031514716,0.052165969016144655,0.38733696249340743,0.06994776300235035,0.4096262401136528,0.0,0.24366285998006773,0.0,0.03593636244507587,0.21860619841331894,0.2537573881810532,0.14621016036844353,0.0,0.11584856764598035,0.06660146775886928,0.17257336902356935,0.2601326344290482,0.29016655721892287,0.25658709608243485,0.20361699129255287,0.2822854408212606,0.3333720622176744,0.0,0.4218411883979691,0.40393404784534126,0.102160997556662,0.400611627771259,0.0,0.20053136050338555,0.34232388098816513,0.1807210740459176,0.2847162718795337,0.22230167207060575,0.06242147239329975,0.344161626083808,0.1294833611414952,0.0,0.2683999140373687,0.008828101125151158,0.2712020960404414,0.0,0.0,0.05074743428015933
0.0,0.08613488974582512,0.04412451272567454,0.16810871062057242,0.09434830232993602,0.37329992946996093,0.09797637258340854,0.39452848752428893,0.021031793581985606,0.0,0.10010918891271041,0.001264286832464544,0.05868789589465688,0.0,0.0,0.0,0.0,0.0,0.2394295207216885,0.0,0.1395519722739087,0.0,0.41754682315711217,0.06109220396164757,0.011369160113206753,0.04303021740265939,0.0631729245519374,0.0,0.0,0.09523776521591222,0.0,0.1485451648680225,0.23481492123455658,0.12422829928048386,0.0,0.1552385771429234,0.0,0.0,0.20859578285554894,0.028132039783348408,0.18998486509483176,0.09458450513617529,0.0,0.0,0.13771096715748854,0.1379612886083924,0.2501758513561837,0.12341921934835366,0.0,0.0,0.2640909599590913,0.0,0.38067970910935445,0.04553553733118918,0.0,0.24061051660752086,0.0,0.1488970685849335,0.04793899318963224,0.0,0.060689306592681645,0.047771191669532836,0.0,0.22401251597437855,0.0,0.16499723138884095,0.03358782171960659,0.4508499139548468,0.1891954080714519,0.16328981932992312,0.3375606885627234,0.1271399748673961,0.04018571381911892,0.0,0.16694383864267026,0.04270023026656463
0.4478787053792979,0.3348427763860381,0.41522663088757833,0.16707456572710253,0.3975769150027587,0.13111619431221788,0.173478008941705,0.1925183478994603,0.44982403121337006,0.37441343244957515,0.4207496330304138,0.19040410971112462,0.4008207766911714,0.0,0.0,0.40598444269162576,0.5283172166431307,0.32319520942839647,0.18540862617678763,0.7359499631097053,0.5718635338265227,0.6467897467058625,0.19728766512690712,0.1946061591985084,0.27588189753561493,0.47382323857696507,0.49796295332723317,0.6604481018436332,0.44578946109775125,0.38846669995260585,0.41294367234118606,0.07861563583321045,0.0,0.1958427468854421,0.0,0.4119573181980751,0.1943395628983233,0.4593092311717337,0.0,0.0870379381679731,0.0,0.0,0.3636313484121089,0.12157767011935029,0.16975329659101845,0.2298085110536439,0.0,0.3163839158767536,0.07820518237814941,0.27613730230873484,0.0,0.17847394717205411,0.019280671725749363,0.42626024899654136,0.2303839660088265,0.0,0.21598497184022275,0.0,0.20562345370423152,0.7620193906639882,0.06481090110098248,0.043214474636209345,0.2672094092835501,0.14680894379491605,0.6582412071915904,0.3802787744429889,0.49878986279801263,0.11672008899578448,0.12903136122194528,0.0,0.019869401956554032,0.25270971719324326,0.26401304590053487,0.07734753831250603,0.0,0.09861447184019141
0.27702827069645614,0.6750668220909007,0.21258698081746558,0.0,0.25017328865583366,0.3038760646984418,0.3458379585273421,0.1556883655420146,0.32396871261313276,0.6222922013205151,0.13054244010209204,0.2941382045212651,0.49455031230955326,0.0,0.40598444269162576,0.0,0.5992687758653547,0.6670326104738428,0.08874487040466318,0.48765142904074205,0.3450515350040023,0.7099429418628679,0.1848274995445093,0.16522377601672036,0.6243813258716394,0.5906749253518193,0.37000002921613473,0.5901095769459923,0.5769953546917084,0.40511234715777994,0.5206451799917772,0.011594802873381415,0.11318235255784909,0.25592856351973264,0.2468410784735074,0.26953712164228777,0.0,0.538067831821361,0.0,0.2020678452136295,0.0,0.0,0.20297659069295892,0.2289183409124308,0.0,0.04085556262231313,0.0,0.0,0.310593239087832,0.35409648337556404,0.15499342543575365,0.35804476048284056,0.045135843875418635,0.23830652903613897,0.5070167091345454,0.0,0.3349116882036053,0.10626140561475711,0.037236037138847954,0.442557197607729,0.0258403689005896,0.44050359226653507,0.33259862576567883,0.09998185325931443,0.500755074362891,0.08924766463763,0.32439415783250114,0.05601222530947561,0.04374095768846559,0.0,0.0,0.2614740091665343,0.34648097221042934,0.13428442219130032,0.0,0.0
0.3280153306253547,0.4201200123738906,0.09783942965522727,0.13622702572862538,0.14743222525220112,0.11878690994130452,0.2942099985554429,0.2790174239355192,0.13305841063228577,0.8629332021386065,0.02522211841481173,0.6058413913906134,0.6266320195966796,0.0,0.5283172166431307,0.5992687758653547,0.0,0.6159140660784141,0.0,0.6121456086710706,0.5097142354969977,0.610270444712707,0.16467867774083328,0.3799114442170365,0.4606008165389416,0.7313413785130581,0.12445236205164353,0.8051130081860338,0.46897704184642874,0.45021663376367815,0.6717940990240624,0.03476253492813725,0.11337995229360714,0.20647259053943204,0.1762535997782275,0.32836522402335444,0.06739650690519344,0.6069158565578785,0.0,0.19540388614057538,0.0,0.08819780979218063,0.24429869500506032,0.28315362395204174,0.10176081068426802,0.1364813656234475,0.0,0.0,0.27387099103668155,0.4417638559979633,0.0,0.33034394181291704,0.005124876576495044,0.057146275191519796,0.574497747589672,0.0,0.5604565097024906,0.053709765287290163,0.2908023940117041,0.5055143906269086,0.14743837036328145,0.24892187021616277,0.46533560302176713,0.0,0.4986824615627625,0.3766688953332275,0.30887134745675526,0.0,0.23231379671158867,0.0,0.07770360895840348,0.019909274310578595,0.2977889858856577,0.08109697682002492,0.0,0.2688033014471344
0.14687102652916706,0.4720605052120399,0.09712317280024707,0.0,0.0,0.33458105576724523,0.03752065973951562,0.1715085666767373,0.1929344657813402,0.5405510706853481,0.0,0.4676168193768544,0.7249492067032643,0.0,0.32319520942839647,0.6670326104738428,0.6159140660784141,0.0,0.04238906213991592,0.3716234736987467,0.27775530554025585,0.3691602495991728,0.1472962857707006,0.4122644151848281,0.4292363639392799,0.6577802341706873,0.04357004791077531,0.6380697898662385,0.3618750685300651,0.25914957658762344,0.4719233086584838,0.03251909669122997,0.16877463660184408,0.14910438883323926,0.0,0.3642724110217897,0.03983470599383667,0.45616108161333985,0.0,0.2666990756412302,0.0,0.0,0.31776044889548044,0.23846049700756008,0.10408305657240233,0.0,0.0,0.0,0.3087148669654212,0.25296431518576873,0.18345530558304637,0.2820474187680499,0.0,0.2620149407121738,0.37346255743627493,0.0,0.4863383946667115,0.46771965894464146,0.03327969511058399,0.34185597613672036,0.0,0.3649784815741538,0.4683904142246016,0.05007555058683881,0.33171235393311577,0.06346320721279207,0.0,0.002365544218144485,0.21867061748450045,0.0,0.07603770477818267,0.0,0.5067027946099054,0.04604328300268327,0.0,0.07515399510652424
0.055445606933175705,0.29617137395118603,0.5487152862931151,0.0,0.23937565847428732,0.3552184247957894,0.0,0.3144384235894791,0.5690744549853447,0.0,0.4758872783576231,0.0,0.17581639725722983,0.2394295207216885,0.18540862617678763,0.08874487040466318,0.0,0.04238906213991592,0.0,0.2592884131636043,0.14013915777115407,0.2066850160929064,0.38579352039900916,0.10277165440759228,0.05631268338724303,0.1395944075519302,0.4214359580118673,0.07319488958746544,0.11339040752040869,0.17415003351775435,0.04858875260482493,0.14435416537612297,0.12493984076993492,0.1376351432528306,0.0,0.23939528667777832,0.0,0.0,0.0,0.1324489013229717,0.0,0.0,0.030825497259357997,0.0,0.0,0.0,0.0,0.3885217295759526,0.0,0.0,0.27202216386750566,0.0,0.27206174244699083,0.4290292202579761,0.05243261036970128,0.5079742819395734,0.02552675704570317,0.09330607110102436,0.0,0.2364128659165325,0.0,0.2140447357156889,0.0,0.9002856710686686,0.23962380120689275,0.0,0.1922232393343203,0.2779248460789376,0.08425825543530246,0.0,0.016382954088549406,0.3022468751051869,0.11451218707280413,0.0,0.003640508467781011,0.0
0.4557069148240851,0.2728487020052929,0.5001051649559082,0.1607803828501734,0.25118677067625594,0.056466422355058506,0.0555344043126866,0.19826877255405406,0.4253025505240604,0.47299877139079727,0.41117173876892704,0.3157109992603776,0.43792366569754076,0.0,0.7359499631097053,0.48765142904074205,0.6121456086710706,0.3716234736987467,0.2592884131636043,0.0,0.48800296402608706,0.785879996531571,0.09590336015967371,0.2519409318034328,0.3605994204672291,0.5348152130015168,0.5901270035663878,0.749320109556296,0.4816112415446521,0.41766701700601844,0.469792989449695,0.13083007352977133,0.0,0.09265925108728222,0.0,0.40950579990143327,0.17977363787496367,0.48452873373092714,0.0,0.049646610719984274,0.05348046119593137,0.12136991749174272,0.3596256633066817,0.1881767774931195,0.2821759425897373,0.2455197246980759,0.0,0.4379255106521444,0.04942768249011127,0.23713141784187394,0.0,0.08445124699182734,0.0,0.43193750749972365,0.3052147166553908,0.0,0.2854951554275436,0.0,0.10893554989182443,0.685677464681741,0.2390270534043032,0.00017672206669432184,0.2787653644168525,0.2690725525645464,0.776541232440789,0.2895478705359552,0.6065125409467305,0.0,0.15882926380215132,0.0,0.07285578994569109,0.2799016753444882,0.3618023973908448,0.17490071177652014,0.0,0.2726824556227811
0.5343398030904465,0.36802229934894337,0.3779108835896512,0.25325602932252067,0.27784774929594463,0.28032432651538175,0.2338913552957073,0.5359739270399925,0.24084275797283272,0.46313470861947803,0.1736740189717932,0.2180523116043652,0.43973592170964254,0.1395519722739087,0.5718635338265227,0.3450515350040023,0.5097142354969977,0.27775530554025585,0.14013915777115407,0.48800296402608706,0.0,0.38834968452747626,0.5377189211239362,0.3686015818408307,0.3474809722500476,0.5440943739481016,0.4012057671777155,0.5785361855790528,0.424344214818324,0.364513644611907,0.5153913905412059,0.1397912153072622,0.15638130707635137,0.3177842991166431,0.016365191287845443,0.4127857471803525,0.08305634146237459,0.48861290211969954,0.0,0.21808718196471688,0.027712923638148357,0.014028743259079138,0.3107307329587651,0.1766255171591041,0.09572138322497216,0.34366255666445855,0.12134724707794738,0.20978934538200383,0.13151078781861114,0.2900795010750578,0.06867770306592653,0.22799329576225516,0.3590907339516388,0.24768022537955234,0.3638524103075239,0.0,0.1594102955398279,0.08993923694025313,0.15763277459370548,0.5860512550053565,0.045624478823157,0.24125067880467513,0.35703508342509604,0.1215374964625719,0.44069799405060345,0.706147266620033,0.33870590369309755,0.4089059584465423,0.2388791975923382,0.15224702365988696,0.2985230855531947,0.276041196367565,0.25892202583221136,0.046397139685455065,0.0,0.1112342473024296
0.413262467733859,0.5026808211805581,0.4000900806975679,0.07693703134866857,0.3513722546565716,0.09170028098776598,0.3274082090461517,0.10042066201265645,0.47469160704597374,0.4945990990904778,0.38973757710087903,0.19337499329498412,0.32776801166552716,0.0,0.6467897467058625,0.7099429418628679,0.610270444712707,0.3691602495991728,0.2066850160929064,0.785879996531571,0.38834968452747626,0.0,0.029665283125240437,0.044831501232465015,0.552707292679092,0.49340307720821197,0.6821457910900616,0.6235873815016539,0.6178794712640652,0.40722362703628423,0.4279906217333564,0.05401423574281795,0.0,0.23152800587351496,0.21759226990745495,0.2184985676081712,0.04551885759896613,0.536955131033864,0.0,0.07754697860814602,0.0,0.0,0.25600796408577103,0.23650188314752535,0.0335397541566398,0.22492943137088098,0.0,0.30406319402707954,0.11704904115613687,0.3659131022841395,0.0,0.2884446459905209,0.0,0.3398969906084853,0.37485060075638615,0.0,0.1778246731142264,0.0,0.07650549034150632,0.608663485582289,0.18682563259723745,0.17583188835349414,0.25214214789362976,0.20821778108294095,0.7378100490145885,0.14981655205302188,0.6922472261126832,0.0,0.0,0.0,0.0,0.5297709756607609,0.28230742928734415,0.22118720900090622,0.0,0.05395542909568442
0.19149323703320845,0.4841427562693042,0.354324389586253,0.13284185142446742,0.2828548432148659,0.7076617614996347,0.17362434582562847,0.8306648125650268,0.3069708365799194,0.19126714440928905,0.14549156975911073,0.2314518272005874,0.48119792230839453,0.41754682315711217,0.19728766512690712,0.1848274995445093,0.16467867774083328,0.1472962857707006,0.38579352039900916,0.09590336015967371,0.5377189211239362,0.029665283125240437,0.0,0.36804223331705144,0.0068879646202674154,0.5026126359712257,0.25023132777161755,0.24975160175995884,0.002417216664860963,0.25428049168067735,0.2223070807102561,0.12551814146092866,0.24564447723146923,0.25562042591396594,0.16116445098449805,0.4139242023596409,0.0,0.22559558032030266,0.0,0.11588154558055067,0.0,0.0,0.13303593979809297,0.022142791076394348,0.006104816215265162,0.0,0.04702525352521836,0.1703440141816913,0.17081195429697033,0.14553495625940058,0.43104580095897,0.04769591737707413,0.7212340207782126,0.2766793679477644,0.14672996029717947,0.1471519011535738,0.19970570427901913,0.3584766155945609,0.2548548344518551,0.2867476705441148,0.0,0.3182644289690329,0.04733086164032074,0.2990061974343657,0.13497160393836433,0.34127284768739546,0.0,0.8688867821749817,0.12953869188318948,0.0,0.2658689257480418,0.10926109973855716,0.03777499677986807,0.0,0.09849656348045865,0.0
0.3848110296924451,0.17761304070496126,0.28452637097173317,0.0,0.0,0.21609883236943025,0.0,0.4653194048308259,0.14540714386250386,0.36233457947347925,0.02114381762344761,0.6053744705980784,0.33113174497240133,0.06109220396164757,0.1946061591985084,0.16522377601672036,0.3799114442170365,0.4122644151848281,0.10277165440759228,0.2519409318034328,0.3686015818408307,0.044831501232465015,0.36804223331705144,0.0,0.1754261836205977,0.6227019767475184,0.0,0.3925427972734066,0.015339033411478308,0.23646506570743991,0.5282379849072372,0.0,0.2055864569632235,0.05253683290763972,0.0,0.49887889507177446,0.013686794799581395,0.42868166758734494,0.0,0.13551092335527515,0.0,0.0,0.3823145254390839,0.0,0.1781387899208617,0.08289410564065698,0.0,0.12116830073240378,0.30074751236016495,0.11908486987302498,0.1642155224323038,0.11069618488448744,0.2801540609499796,0.32889793305103443,0.3273149162747942,0.14170196729890316,0.6009333621563513,0.4130707049611014,0.21206604858261885,0.29139142273032576,0.0,0.3157693216755539,0.27539333534847193,0.05743042253231911,0.30321640929138205,0.21602571885277488,0.0,0.20720859767599925,0.7503803226056668,0.0,0.33727691243640656,0.0,0.49956983510182723,0.0,0.18942898042505135,0.08973380762512582
0.4454992409682448,0.7409861354397884,0.0,0.03796065743117689,0.08745546559493073,0.3969014861752762,0.40429232193660186,0.09896491165891427,0.12189447821185892,0.593742765026483,0.06557631964143007,0.1608035672738006,0.3048123916001149,0.011369160113206753,0.27588189753561493,0.6243813258716394,0.4606008165389416,0.4292363639392799,0.05631268338724303,0.3605994204672291,0.3474809722500476,0.552707292679092,0.0068879646202674154,0.1754261836205977,0.0,0.508345208128397,0.47736753836433776,0.39482025504860885,0.7923608369088866,0.32023143828475475,0.32747319794593294,0.03194732405801929,0.09221340521953382,0.08506239474921261,0.03695818407360065,0.12093785880851113,0.0,0.35219152927015107,0.005903988461948692,0.4246992597311581,0.08908853015347076,0.0,0.11750939413443276,0.20867502972689478,0.17553837649559506,0.36213047742076265,0.3388345157429175,0.0,0.15525139904530316,0.010394251481408271,0.29180653888228064,0.2988861650789032,0.03822480051514524,0.0,0.5652306112368558,0.0,0.19806627164015753,0.12808125174085438,0.0,0.24826550068560652,0.3958199718293444,0.356668339700762,0.4660114338227326,0.0,0.409972231226315,0.22900592155866448,0.41969853857982,0.0,0.3241332012356021,0.5742270193958373,0.1985020896467127,0.470119552870505,0.28805306181724294,0.5360947134920611,0.0,0.24428764410877124
0.49994211255187504,0.6990335181765742,0.3329000763270555,0.021705417688961663,0.09077123140191613,0.4400842349029853,0.11924768052044657,0.5641538974953128,0.24806455122459695,0.676698869592349,0.16424346498084932,0.6958278816680235,0.729328841939885,0.04303021740265939,0.47382323857696507,0.5906749253518193,0.7313413785130581,0.6577802341706873,0.1395944075519302,0.5348152130015168,0.5440943739481016,0.49340307720821197,0.5026126359712257,0.6227019767475184,0.508345208128397,0.0,0.19344613567764887,0.7063284262456061,0.30038656374831174,0.45996235401279484,0.5518445111654395,0.07545315478967958,0.22249239364072754,0.18527417385306832,0.11415214935560188,0.4241874850600375,0.0,0.643011276529297,0.0,0.32662013135044143,0.0,0.0,0.31519151577729393,0.1917034552597025,0.11510781889455382,0.14805202099920983,0.0,0.09112544479394044,0.33856944195426797,0.23251692130328064,0.17393430258228973,0.18894619036361196,0.21109909870325416,0.3083516185485517,0.4744644899711518,0.0,0.584075755440139,0.28176213109444764,0.149485982450148,0.5094408458314365,0.0,0.37917621783638084,0.36184277456317004,0.11468918160633987,0.5020863492712775,0.21118737555152028,0.17378847501340222,0.23557821209062746,0.36549670476574525,0.0,0.2611781677787054,0.029004426140837966,0.3926495785712178,0.0,0.0,0.07591195711873808
0.31691610878548826,0.4303195226879392,0.5162137752013237,0.17747793549548338,0.4540016781847149,0.42939374848349404,0.32745480220711665,0.1297030037603215,0.5293204628703837,0.13213573939427797,0.4961673878353316,0.0,0.19551522847844185,0.0631729245519374,0.49796295332723317,0.37000002921613473,0.12445236205164353,0.04357004791077531,0.4214359580118673,0.5901270035663878,0.4012057671777155,0.6821457910900616,0.25023132777161755,0.0,0.47736753836433776,0.19344613567764887,0.0,0.3151651180228588,0.6583548962706741,0.18989170561156338,0.14830199124566035,0.2513279656663656,0.0,0.12457639212691199,0.08714894705215377,0.1853902043447644,0.0,0.20253431853254883,0.03715442650014122,0.16053402102396935,0.09875326106816205,0.06456570261110899,0.12925589115088604,0.13040782448653138,0.18978765126864908,0.23883945289896613,0.26798881778520833,0.3242311086983914,0.0,0.20251022099752533,0.2599242497340358,0.28084795521378936,0.07899821268676478,0.35800795241120364,0.22058551920672914,0.11210117793949846,0.0,0.0,0.0,0.4206131370966192,0.35665428201217053,0.1288683913553751,0.20889709645642965,0.33293167324590534,0.5013750592566272,0.1603439082778628,0.7061416827254986,0.21580920023083913,0.0,0.2979909431195948,0.010709755995275799,0.7451138612744165,0.08370956175829485,0.290763902369141,0.0,0.14659870787394808
0.3400835738898606,0.4040871378716953,0.3598361280883781,0.07567596833279105,0.20603462700616007,0.18449380581095406,0.13228704071773145,0.3036132772395812,0.297437449349663,0.7068569129717938,0.18150187181388955,0.5224162817254002,0.7334248524282122,0.0,0.6604481018436332,0.5901095769459923,0.8051130081860338,0.6380697898662385,0.07319488958746544,0.749320109556296,0.5785361855790528,0.6235873815016539,0.24975160175995884,0.3925427972734066,0.39482025504860885,0.7063284262456061,0.3151651180228588,0.0,0.4579570008712311,0.5259217933401529,0.6811197555064217,0.06390062708382788,0.026393355351034965,0.21836368907807963,0.02574780292181813,0.5022449118716223,0.14181134628477599,0.6311359155930405,0.0,0.1236350591338454,0.0,0.0,0.38241169763475996,0.285734818024961,0.08106488008497165,0.08312762955864715,0.0,0.15517034275297767,0.24035914735092007,0.4598109948784946,0.0,0.3678530110279654,0.029228151174455142,0.34001572176033906,0.5162743345058693,0.0,0.5338018951965474,0.13076072975009914,0.28237439470187226,0.6550467445475111,0.11054308075258701,0.16999932296739817,0.44107920068931294,0.10836657491389023,0.6288385701665196,0.35195357647590514,0.32947358693503614,0.057898841580691626,0.26944699233256836,0.0,0.09477073679081874,0.13484476889894073,0.5050497363286391,0.07860612586468686,0.0,0.2346391999553401
0.384491381974593,0.551222320113731,0.0754878859849637,0.19300026925936675,0.23301085587820952,0.3753203402763231,0.49551958849550815,0.0,0.16872941101839306,0.48302884501727705,0.13241344631490987,0.0,0.3037706063755467,0.0,0.44578946109775125,0.5769953546917084,0.46897704184642874,0.3618750685300651,0.11339040752040869,0.4816112415446521,0.424344214818324,0.6178794712640652,0.002417216664860963,0.015339033411478308,0.7923608369088866,0.30038656374831174,0.6583548962706741,0.4579570008712311,0.0,0.29940900741991733,0.3321134523089628,0.13725290175123153,0.0,0.05822274093180653,0.10048967812929127,0.11022780137603054,0.014725500092455468,0.2423751682300575,0.041649628597931344,0.2774902745952822,0.14118337317717305,0.21141072905222802,0.14505959974992078,0.16116163022690683,0.19409397372112136,0.32664428015699987,0.4007782757414822,0.0,0.0,0.06634848750477834,0.26653559724621007,0.3461070887715432,0.0,0.0,0.41041559040758796,0.0,0.0380948905648612,0.0,0.0,0.301380097527613,0.5721914170712855,0.10564913488935723,0.5022257732820601,0.0,0.3897884467213954,0.3274149856051842,0.5278443263187386,0.0,0.13916071069020539,0.5067654705978009,0.14288603801988206,0.5307649729397839,0.10043486819779222,0.6329759996487591,0.0,0.32327720223051815
0.27060625102070246,0.3495516808960348,0.1817649797851375,0.18378039305946378,0.18379013734268398,0.14258160175461604,0.20160392950500355,0.32449619740036545,0.1885662651190726,0.43339568739576306,0.21716614250649532,0.3010364214068466,0.31776020788013953,0.09523776521591222,0.38846669995260585,0.40511234715777994,0.45021663376367815,0.25914957658762344,0.17415003351775435,0.41766701700601844,0.364513644611907,0.40722362703628423,0.25428049168067735,0.23646506570743991,0.32023143828475475,0.45996235401279484,0.18989170561156338,0.5259217933401529,0.29940900741991733,0.0,0.43288743743320846,0.04282027932542563,0.1105394303548123,0.28985297801189197,0.21052546588119045,0.24885425922263157,0.0,0.360715786689653,0.13942736637389594,0.0968774389329003,0.0,0.007992673487843903,0.23243680376895237,0.09232983190061385,0.03888146852443463,0.21941114321588373,0.0,0.17647941749323157,0.1390649759670215,0.15658580857460438,0.011371315096731725,0.018326387397859377,0.14516361916826734,0.12898893215364152,0.4313003851702479,0.0,0.27751985057661954,0.050126068647788985,0.03705671876312071,0.42004779660943453,0.06317151128857652,0.13807948193033787,0.256513595235076,0.07067195922589299,0.42924595858826525,0.2518149867104705,0.3260248384392246,0.10417044557629215,0.22509196237408322,0.02451080225863341,0.21843308345943255,0.14102329223069257,0.27844471908889734,0.07668717946772459,0.0,0.16087051196729907
0.33959853439153986,0.25976291335022306,0.2262129221477155,0.0,0.044307801563694675,0.08900144399298736,0.0,0.30056099630755473,0.19770190097283946,0.6566807576083732,0.03965842308467672,0.45147190288769595,0.3488993274411448,0.0,0.41294367234118606,0.5206451799917772,0.6717940990240624,0.4719233086584838,0.04858875260482493,0.469792989449695,0.5153913905412059,0.4279906217333564,0.2223070807102561,0.5282379849072372,0.32747319794593294,0.5518445111654395,0.14830199124566035,0.6811197555064217,0.3321134523089628,0.43288743743320846,0.0,0.0017808068839662212,0.10571281732120077,0.2718794931057792,0.18694146596580008,0.48271442257829345,0.07693331329442638,0.6146125641211243,0.0,0.06713110019402585,0.0,0.0,0.38444173859399106,0.1680219650780119,0.050677582156266596,0.056856355490137914,0.0,0.0,0.4225213433877955,0.3747809187230176,0.0,0.28643685530565044,0.1072145292917761,0.21111365461476364,0.5452836470112613,0.0,0.4793997150640057,0.09531421501478482,0.2264135417363276,0.4219688517620888,0.025878083562262358,0.3266619789974328,0.33883657662117356,0.04016605177814357,0.38671164110701656,0.3087506543098006,0.15166866396468742,0.009694320227874184,0.3450849144870252,0.0,0.067246116695917,0.01296072307336256,0.38552587021573026,0.008546098899186208,0.0,0.17074269237602324
