0.0,0.4442417902140568,0.24977878499284392,0.05532443075017288,0.07489111641726069,0.4790498790071625,0.4783182822197708,0.3504866253956616,0.3660915145989317,0.2791619378221202,0.1313745756572335,0.2573352206288549,0.4558289268791398,0.0,0.48518047893361355,0.5247367454611129,0.4689653481271221,0.3674099497897817,0.10189178863941747,0.4002441452657082,0.5724667733785984,0.4645093314447306,0.4474018169072864,0.41253823646246746,0.4985545762459278,0.24971051675193043,0.44661647118584435,0.2214797549488277,0.5147851520888646,0.3403776952467116,0.365193326410238,0.02152612832904835,0.3698832981314352,0.0,0.42806544346413,0.0,0.19629277900367292,0.2658799546691689,0.23401407015447695,0.35574204898010753,0.4337299144169292,0.4132781591498216,0.0995183996967163,0.0,0.2841340846660581,0.6390893138231316,0.44998263803969557,0.0,0.0,0.2124126596137876,0.1949457076196006,0.3917744242432738,0.3395317247725627,0.3918698541734202,0.0,0.15714344715263343,0.07967496183734779,0.22874117897952315,0.1671213346315097,0.3780089021023032,0.2038399573542868,0.0,0.03974949238953285,0.08291647341202207,0.2934233640071497,0.5879253834221143,0.38230803875180336,0.3667319998812989,0.34099742383165693,0.19479510032737482,0.17288933798496908,0.2276201078034133,0.05924512373921392,0.2660998741655016,0.43810161009503,0.4277188191672122
0.4442417902140568,0.0,0.358092633295949,0.044449319802218105,0.18211572703378778,0.5230400729991653,0.505432325407838,0.25567923660304215,0.31465124487631846,0.18209731690150685,0.21241100093656382,0.3526734993952599,0.5097451471380511,0.0938479057269714,0.46269648219528303,0.525542343892943,0.5510358600917098,0.575557784007562,0.30994090803282603,0.5109163900450485,0.3627426748424933,0.5761689854503781,0.3543199713635545,0.4290812914778594,0.6124860160992792,0.5451876149522813,0.420792168134739,0.27116917888354675,0.5280931199212823,0.31179565887255695,0.2545757182100643,0.06531064407771836,0.34829663075603573,0.025248770279886992,0.3083738376616601,0.0,0.07057923721013568,0.09857765596196018,0.20532467833189916,0.32559117461237563,0.3421404658585177,0.2902433966333585,0.21011349324613093,0.0,0.1740395423618204,0.4085915739099525,0.5101034649229892,0.037470226673792434,0.0,0.10908269966478966,0.3874745330082131,0.29533126779048297,0.2183102428964058,0.3676813888028125,0.0,0.2093026265086287,0.14264771969212947,0.3661560682130893,0.24274993874915693,0.44982776716768025,0.27138468968126195,0.0,0.10519707256831257,0.25139215114385555,0.4648321524727105,0.3563981333872599,0.5132276099333123,0.2940240291370152,0.37960803788677955,0.4293193010607641,0.336422415398876,0.36356621681498513,0.1451018662486151,0.35864756243648493,0.40765541006355055,0.3455122398651002
0.24977878499284392,0.358092633295949,0.0,0.0508172159801621,0.4932625878675062,0.45631844772842595,0.3840296727762259,0.36885000389564226,0.5426040142175415,0.2628264807918446,0.5982201054265958,0.14722063885953243,0.3927467222633826,0.20329274917911902,0.4807536262985787,0.31210217036421867,0.38380222687084237,0.3482793895441011,0.5958567711113761,0.5010504282776993,0.2402611430170708,0.4515843020007696,0.419253881321143,0.0835791910013476,0.372844183116181,0.2568308460810441,0.5478885411477312,0.4616653857734282,0.350410782640234,0.25629277899530845,0.30809462462814335,0.0,0.0,0.0,0.04100556206888496,0.0,0.1398173765585496,0.1494434431199717,0.0,0.0,0.0,0.018475923178680593,0.2002745977341136,0.025105821943899296,0.0,0.15156621692057473,0.4711188208218704,0.5015655514666,0.0,0.3713878448305926,0.4258547071704023,0.3552575688035499,0.3579798544133753,0.5313093127715803,0.0,0.5811761356576006,0.050113533873934434,0.4400436220382403,0.06724816031455316,0.47606407922160376,0.16961991435161292,0.0,0.2972639087926148,0.5449592970218667,0.5158375201615212,0.26220951417510735,0.49374149004083084,0.43524921089687396,0.0,0.327593716792476,0.2810414088141409,0.552861102272695,0.2974375341891625,0.20525056473275566,0.1038073091770866,0.1485457933860829
0.05532443075017288,0.044449319802218105,0.0508172159801621,0.0,0.12358396323607078,0.13882321171171574,0.11951959114953783,0.08384568777214876,0.10989637842675198,0.0,-0.0020575285994581596,0.0,0.11701399008522789,0.15216220215229725,0.1511428835805891,0.1103611948914631,0.06699921177968657,0.035081722733205555,0.001737292254211652,0.08834195717782899,0.11627097158210334,0.09376122907049542,0.08486281852733962,0.0,0.05370067163211573,0.0,0.10253577802025565,0.12307972439779444,0.13379081208139465,0.08091001085316384,0.20208231764668794,0.0,0.027520875190739973,0.06873210763800827,0.05786640987359577,0.09122060313347947,0.27489540606032425,0.016570513070281078,0.0,0.01377182043969822,0.041240077509136164,0.03481132491567571,0.14048930875328378,0.07932743711011837,0.026479130684117058,0.04172495546844273,0.08663768931468736,0.00977644795525809,0.12460698125098378,0.11451333263980024,0.05586956413801761,0.15722753631607114,0.0816856439593422,0.1192382848193886,0.0,0.06797607530789983,0.0,0.09688607211731703,0.11787168008199393,0.1420315927492165,0.0,0.0,0.0,0.0,0.04501613408590521,0.1366757760932381,0.04563954295336962,0.07665100680649824,0.0,0.0,0.0,0.01885958888237299,0.05387075508204348,0.0,0.0685334578181065,0.0
0.07489111641726069,0.18211572703378778,0.4932625878675062,0.12358396323607078,0.0,0.33094007927632935,0.18702075827835424,0.25083387690518316,0.4627099280788347,0.02860970155087876,0.5677063676920209,0.0,0.2672739217561872,0.3411160018907139,0.3740990781361767,0.16163271698094567,0.13985544686494739,0.2220154623910021,0.4260982755454285,0.3969694762902181,0.12529286161333272,0.32061127699808767,0.2671127639530779,0.0,0.23233159183879745,0.1142661642300132,0.4359890580059609,0.45835401949943,0.28367946210287454,0.20261972893306957,0.2886260485003226,0.0,0.0,0.0765047054210494,0.0,0.15289836990282474,0.08027823996341511,0.11396803137819321,0.0,0.0,0.0,0.0,0.2975934247500768,0.204005008243985,0.0,0.03218248453798711,0.33396764302606896,0.44547071838266916,0.0,0.3420214158880891,0.35435208904527454,0.27394967532990955,0.2809165912792312,0.4406240127403095,0.003242131202367922,0.5379926191249162,0.0,0.39370633623828494,0.16377143232070557,0.3800484756114595,0.07654965277755012,0.0,0.33976445944707473,0.38444195168461176,0.39130429598190286,0.14593761471674685,0.3461735559201515,0.3316798302848018,0.0,0.2968717471224327,0.16762369457175735,0.4542345054003713,0.37190407410926135,0.1340094404937295,0.0,0.0
0.4790498790071625,0.5230400729991653,0.45631844772842595,0.13882321171171574,0.33094007927632935,0.0,0.5413494860530765,0.48418861984143857,0.5404996580729029,0.2990587982038315,0.3716753002038865,0.3051286187789029,0.5987023797109963,0.1607615088599579,0.5340195089003875,0.5271546252456439,0.512056685158437,0.44879301995655163,0.3296747310012406,0.5152399895961183,0.49791341695709573,0.5264771935254632,0.5606587206349996,0.3112262479555343,0.5214674613966643,0.32088175014123177,0.6033702694112264,0.3881034797033817,0.5628814488469813,0.35627907836082917,0.39101551563255094,0.0,0.18785599773866143,0.0,0.34066284020434295,0.0,0.2288824694548847,0.2559280825040757,0.023560812801903086,0.1704781333191296,0.2588847129630946,0.2619985584045292,0.23131762795639227,0.0,0.18855058880956602,0.40124196097891784,0.5867646892809706,0.19641247810927442,0.0,0.3514072493090481,0.4467633096735792,0.4720288303646796,0.453166249131799,0.5505537617916733,0.0,0.41484193975128336,0.08732392784831827,0.46363671873376494,0.21237326818836966,0.5010661400855466,0.13951116253963888,0.0,0.10956515057847517,0.3036729221329995,0.44797667913875583,0.491290945646578,0.48802371084714574,0.5227307499471122,0.21318745550641474,0.29861028864897815,0.23744959740279276,0.4183022093216267,0.2108803328707359,0.22541344024854404,0.34372139385885236,0.24041361336907768
0.4783182822197708,0.505432325407838,0.3840296727762259,0.11951959114953783,0.18702075827835424,0.5413494860530765,0.0,0.3218888927791952,0.46363565419270003,0.3476082659278569,0.2591466574997685,0.34171810125614616,0.5389194272242266,0.02366421498447498,0.46976481948030263,0.535359627931183,0.5650669923477507,0.4989751079292264,0.29115662634581146,0.454321922200959,0.41177534538161126,0.489930032128562,0.4237905958403433,0.3489502363334833,0.508922621499465,0.3425091340886255,0.5120403128953153,0.28802191692082346,0.5120737976428505,0.30528788493728426,0.3199862644165601,0.020469080079462278,0.31014651323309633,0.0,0.33959166529574214,0.0,0.21170783895619588,0.11865323624979837,0.20868215677562527,0.2963275658744078,0.24587898252078036,0.3409523595893123,0.1028966989790406,0.0,0.18944471657604864,0.42682326804281534,0.5414714126328706,0.0829646589156315,0.0,0.2042473714664276,0.4094767118916556,0.414474747232968,0.27099125712752165,0.4774394692956892,0.0,0.2585016805062277,0.12817355356130955,0.4375523854864402,0.16158475351391394,0.47711939162660194,0.2335038406061456,0.0,0.09721962037606051,0.27243349175243164,0.4279172625433796,0.4322462305764096,0.46898614102654096,0.39187180819437456,0.26120420577901404,0.3055151328240851,0.2634767275869837,0.3842650225448971,0.13236177735726057,0.3721706006097963,0.4005337067060447,0.29423326292103696
0.3504866253956616,0.25567923660304215,0.36885000389564226,0.08384568777214876,0.25083387690518316,0.48418861984143857,0.3218888927791952,0.0,0.4366277586298944,0.3644403638515715,0.30676618072820094,0.15790098340695097,0.42975155203088933,0.04100649105444017,0.35365226192847143,0.26521841492278003,0.2502764025637927,0.15759465308551773,0.2509258448803448,0.2591340941257232,0.47153631150331743,0.24779034534793862,0.6161144508654561,0.061250866446605066,0.23321638559781957,0.014342171486380534,0.4658130251041472,0.3419205261182431,0.25253924420435336,0.21099963565979804,0.3162870823910891,0.0,0.0,0.0,0.14156953601228697,0.0,0.29630914101041694,0.35987425638219644,0.0,0.0,0.035192866237281024,0.06757830851839321,0.05744751887258311,0.0,0.2078196576898084,0.2969313852996757,0.47336838873037057,0.21981148645719323,0.15973362854989528,0.4839989537781004,0.2813446612715931,0.5002728776364448,0.609400098051491,0.4384341795385766,0.06528657497882082,0.4303141474553558,0.07295938570965736,0.35198815395888894,0.03537721318711029,0.3014099421502956,0.0,0.054186171969465444,0.16815547836249145,0.2571119936702477,0.2516409482608491,0.44331320791741635,0.26419618189866984,0.5658146587244923,0.0,0.09237155220261205,0.09111556423800442,0.2589195179664441,0.21002928146614133,0.0,0.13332900238169423,0.10142797069642688
0.3660915145989317,0.31465124487631846,0.5426040142175415,0.10989637842675198,0.4627099280788347,0.5404996580729029,0.46363565419270003,0.4366277586298944,0.0,0.3262707383938567,0.5265260018694611,0.1782036174528364,0.4898486269143747,0.09658935315204151,0.5072388374745367,0.38262142894755613,0.37422682424126064,0.29626174421697743,0.3994066923155244,0.474535905282339,0.3954006146191357,0.4321890083123994,0.5043050376166874,0.09057326300015761,0.3511968104004182,0.09335071882103803,0.6016118955664508,0.4763456432037236,0.41204026810393884,0.2977121516404268,0.40136232589057486,0.0,0.0,0.0,0.15894997066211397,0.0,0.26851715207064575,0.26795116103194894,0.0,0.0,0.06532605148717337,0.12881335687487588,0.1559434475226552,0.0,0.1362264077163588,0.2793594486926511,0.5249101708323042,0.27204270932961017,-0.0014813564235162937,0.5223422163552566,0.3524500729731931,0.5474816420950972,0.43915811792790077,0.6608258691213797,0.0,0.5661215456814902,0.00928225937442587,0.44015912273667707,0.09955518329196245,0.46174231363467927,0.10596683737266664,0.0,0.2634353450921561,0.3735523118259631,0.4390782188847113,0.4332993091683412,0.44357649395604143,0.49654320619189757,0.0,0.22950080182586557,0.12947972679655156,0.461538351966864,0.28159412956369023,0.14346007449478632,0.18699204040922573,0.1872683072270693
0.2791619378221202,0.18209731690150685,0.2628264807918446,0.0,0.02860970155087876,0.2990587982038315,0.3476082659278569,0.3644403638515715,0.3262707383938567,0.0,0.12456645803515733,0.4395418773567193,0.30717863355562913,0.0,0.21695733699020572,0.25363618066124116,0.39946572931263746,0.21882978212256862,0.15714554143871157,0.18551588008848283,0.2375607876163959,0.16073901657481485,0.3870352519930622,0.17495398333417025,0.1414644809389793,0.04600429817435986,0.2690237627811831,0.2218916577310538,0.1432007625107712,0.08731990069865729,0.11548307724101803,0.0,0.029826946630646643,0.0,0.2174078155337409,0.0,0.23273028002517113,0.16604778664869965,0.0,0.05854146942612318,0.0386974281776843,0.21691303314783658,0.0,0.0,0.12443941197207758,0.1959510722472137,0.30885589655374174,0.08910618629651974,0.029431604579418135,0.25493464883475253,0.22167449216275434,0.3255040001964335,0.3047100500724069,0.3068552583623836,0.18946368515179313,0.20509064739269414,0.41964029390830654,0.28714311504851137,0.0,0.19782670682322856,0.08251850996174838,0.1653310998155806,0.17048081438269502,0.14728133640071994,0.22158480875421996,0.2884678365505937,0.23636123847746518,0.3472943134640475,0.03503466321844933,0.048739235188936775,0.16507744035045926,0.20199737952932703,0.19057342593287432,0.08657814830716656,0.287997021818088,0.2634169558116247
0.1313745756572335,0.21241100093656382,0.5982201054265958,-0.0020575285994581596,0.5677063676920209,0.3716753002038865,0.2591466574997685,0.30676618072820094,0.5265260018694611,0.12456645803515733,0.0,0.012706064569546883,0.3026007415490355,0.24878034562551452,0.39507605039877897,0.19772549494548108,0.20713145997013904,0.21329847417101663,0.543849090237061,0.4198588319252658,0.16259625503782119,0.3578188087524326,0.3300096972448809,0.0,0.24659190456090324,0.09961336416346336,0.4986646866455659,0.46744815148543445,0.2532959352203841,0.18844193984052685,0.2744569569299204,0.0,0.0,0.0,0.0,0.06021406281245568,0.11339153723609036,0.144613998375419,0.0,0.0,0.0,0.0,0.20978395443518222,0.11506965268416414,0.0,0.044435033956553585,0.39251081451519093,0.5101557452251364,0.0,0.41922447750116687,0.3366925907325146,0.33151400500229106,0.31584594856118453,0.5019731663558702,0.02225045445643358,0.6280923071916172,0.0,0.3873929367303161,0.08399083315033565,0.38831557813841416,0.07742618829272682,0.0,0.3020446511148596,0.5024443810452626,0.4234946913597037,0.18279652740759714,0.3949860700843833,0.3615348025207795,0.0,0.26815142525624974,0.16891628690585198,0.47065028157373995,0.32350997522450126,0.09832964091397975,0.0,0.019821604505660163
0.2573352206288549,0.3526734993952599,0.14722063885953243,0.0,0.0,0.3051286187789029,0.34171810125614616,0.15790098340695097,0.1782036174528364,0.4395418773567193,0.012706064569546883,0.0,0.25727282078457536,0.0,0.21762861302868625,0.34184638440011245,0.4851201825109111,0.3445851531423534,0.13324208945899144,0.26426704657662914,0.17503360013003216,0.2797710899685623,0.2713810639053653,0.4963907641941955,0.2790316287329667,0.3254494035372268,0.18519803262760592,0.015104850409662305,0.2045025670088104,0.08224089282707436,0.0,0.0,0.24991436733834993,0.0,0.2971030503140871,0.0,0.06640409602724219,-0.005431388696288167,0.234656136737336,0.3267068617123984,0.20989905750360552,0.40494052126312163,0.0,0.0,0.1645756692023121,0.21610160987394214,0.2402926238961864,0.015564130946667393,0.0,0.0,0.29863341559611706,0.11360794027849844,0.09915230565747922,0.20046843023321914,0.0,0.0780434836051275,0.5446693073074967,0.29020313695895666,0.013308633565097913,0.2782802915824169,0.19004775240254687,0.0,0.0,0.15873835710924855,0.3497447421918955,0.1964711797113475,0.3625977340824271,0.19939812048959255,0.40122105448813566,0.0897863641024912,0.22407056688886665,0.16188400557179583,0.1238533108304418,0.2022754962827917,0.5016206969191093,0.3409672491468078
0.4558289268791398,0.5097451471380511,0.3927467222633826,0.11701399008522789,0.2672739217561872,0.5987023797109963,0.5389194272242266,0.42975155203088933,0.4898486269143747,0.30717863355562913,0.3026007415490355,0.25727282078457536,0.0,0.08771928508605431,0.48428059460431333,0.5316226144182171,0.4980823725648909,0.46223602110484696,0.2805926129534327,0.4711861312788007,0.45567663144303316,0.4927700282060103,0.46671678781661036,0.23511251101180544,0.4826932117415281,0.2844261350914389,0.5128558285015794,0.4482290291945554,0.5283423062930153,0.4054920663731219,0.43875679726594347,0.0,0.20100918814426968,0.0,0.2920918236311854,0.0,0.2902701054210704,0.23872031760046206,0.02549372449102865,0.18314378197373463,0.2528282934227319,0.24178211217294657,0.19634512273406887,0.0,0.22604858764382454,0.38933670175139745,0.5468778707201439,0.09453446824268051,0.0,0.378855352156522,0.3683920637123175,0.49953690748718804,0.4047665491831156,0.508290642808492,0.0,0.34467021832470074,0.10958879500440724,0.45361033675689305,0.22410990508293122,0.4102598939676608,0.12973877392501929,0.0,0.21722615371766318,0.22935428906131164,0.3801071021559399,0.4479560398461102,0.42232909150693826,0.42098109586452104,0.15755082384640307,0.28778008216029466,0.20330263474066892,0.31903388382033293,0.2629277195610386,0.22610235341710558,0.31452602918501343,0.2320344082896715
0.0,0.0938479057269714,0.20329274917911902,0.15216220215229725,0.3411160018907139,0.1607615088599579,0.02366421498447498,0.04100649105444017,0.09658935315204151,0.0,0.24878034562551452,0.0,0.08771928508605431,0.0,0.18949697278410782,0.05297696474937912,0.022262048630317513,0.10707959601060259,0.20067856683006952,0.20409372481137963,0.0,0.16940100919695317,0.07544707866506246,0.0,0.08889350220774202,0.13366171618866524,0.15806425453881787,0.1635078307817338,0.15726630955651824,0.09067104550298788,0.09128137602651684,0.0,0.0,0.16160134854232483,0.0,0.22958465601680017,0.0,0.03964812626518845,0.0,0.0,0.0,0.0,0.2817691613314957,0.21866225089115435,0.0,0.0,0.07542066376373532,0.19971602186574608,0.0,0.06312803694907511,0.20278246384845633,0.0021331297669282016,0.07565426418728227,0.10074964793490494,0.0,0.20174180356738947,0.0,0.15343479442719188,0.23849910334775173,0.1961127117099087,0.0,0.0,0.037460075073374025,0.18122030961312613,0.20127800424454254,0.0,0.14425718949471691,0.1201936529874887,0.0,0.11754178959365155,0.01979859665045782,0.17671168136729012,0.1518078785149657,0.019431113531660472,0.0,0.0
0.48518047893361355,0.46269648219528303,0.4807536262985787,0.1511428835805891,0.3740990781361767,0.5340195089003875,0.46976481948030263,0.35365226192847143,0.5072388374745367,0.21695733699020572,0.39507605039877897,0.21762861302868625,0.48428059460431333,0.18949697278410782,0.0,0.5111845781831827,0.4770941848734623,0.4564101490162364,0.39260041261044576,0.6337758364565688,0.4670013301632247,0.6069606823964595,0.4559016624272305,0.25370029865734706,0.48803943793547505,0.29980591593825934,0.5855806049428613,0.4335049010280893,0.5529383951584712,0.4446723146366553,0.45584249289579887,0.0,0.10944858646571391,0.021992094268435194,0.26573942282858826,0.0,0.20398429930759618,0.21500253172699643,0.04933882091294853,0.12397673853523612,0.21416244024173345,0.20117707278776392,0.2833284955089654,0.0,0.14642898627423903,0.418997420176608,0.5561836992954045,0.19298555976711299,0.0,0.35072187071033584,0.4017025740325879,0.4348270940534455,0.38391525581688957,0.5413019058974408,0.0,0.41671642744882165,0.00726955801740207,0.4466316672930466,0.25345986071650844,0.6204838217224274,0.28379135605386147,0.0,0.23614971351527272,0.33939054724674156,0.5683256485746099,0.4952963513404628,0.5858152070556265,0.443406665296183,0.19508921413758423,0.34830677036588226,0.24746596780778207,0.47101553739836405,0.2939227253025412,0.3393304913819601,0.3712361289753821,0.3281284202146264
0.5247367454611129,0.525542343892943,0.31210217036421867,0.1103611948914631,0.16163271698094567,0.5271546252456439,0.535359627931183,0.26521841492278003,0.38262142894755613,0.25363618066124116,0.19772549494548108,0.34184638440011245,0.5316226144182171,0.05297696474937912,0.5111845781831827,0.0,0.5807869783150948,0.5585712388872679,0.2283660332201571,0.506146262927537,0.45511947135601816,0.5622714462514214,0.38990962793873557,0.40726891558679634,0.5402175217149959,0.3582833624582999,0.4569319673954314,0.27065624001545885,0.5716329979785663,0.37363820221810734,0.3867376905579946,0.0,0.3585157139834432,0.0,0.42757987923258367,0.0,0.2142165353863769,0.16943442513530171,0.22910816036921047,0.3350548583078534,0.3601252232131126,0.38612614025772835,0.1801062743242437,0.0,0.2604193507535669,0.4838709137562526,0.5089312883866014,0.0,0.0,0.20230172031850652,0.33697326264735433,0.3583118476044413,0.24399894061453453,0.4187671060579387,0.0,0.22727233802756033,0.11197953671062108,0.38180047489782926,0.2148289771016774,0.47086849944966436,0.30892704871202004,0.0,0.08015813490188482,0.20570744329397486,0.4429742181991026,0.45807117706848693,0.5163206451522048,0.3384482993564221,0.34541756386794625,0.2846015500975472,0.23729984277571442,0.29391964616241895,0.17136403019400648,0.3660783346956777,0.4890123308481108,0.4254795377177984
0.4689653481271221,0.5510358600917098,0.38380222687084237,0.06699921177968657,0.13985544686494739,0.512056685158437,0.5650669923477507,0.2502764025637927,0.37422682424126064,0.39946572931263746,0.20713145997013904,0.4851201825109111,0.4980823725648909,0.022262048630317513,0.4770941848734623,0.5807869783150948,0.0,0.5683734660352602,0.2940754926532886,0.4863253336799931,0.3621654345373168,0.5318831124189497,0.37385614552003177,0.4691172996360222,0.5380514834485729,0.4535644531327974,0.4239192977762769,0.25937493854217686,0.4888835872522947,0.2888679132627881,0.24552656521305177,0.01679033060894751,0.36633506334607935,0.0,0.36482184432163894,0.0,0.16755848410386748,0.06615838983281364,0.26885746897464907,0.35403832780921024,0.3226346072228352,0.35232596135434613,0.13734660939055085,0.0,0.17692987557822967,0.3941305133561265,0.5035506120530919,0.0320081260335342,0.0,0.1398127778435261,0.41303595127324166,0.31269583400091316,0.1925848258896707,0.41930183501555796,0.0,0.2078808679968243,0.27628116377602563,0.436331961360686,0.20420474825845836,0.49991468604934564,0.31900046734043247,0.0,0.0991488827986762,0.2754179945211804,0.4803695736945139,0.37716583071537907,0.5332619454965098,0.31437546784020026,0.41236604297880775,0.3208998924728068,0.3251301244717025,0.3299063050342409,0.18519783741102455,0.38611140822517015,0.5189351056032282,0.4301723546052696
0.3674099497897817,0.575557784007562,0.3482793895441011,0.035081722733205555,0.2220154623910021,0.44879301995655163,0.4989751079292264,0.15759465308551773,0.29626174421697743,0.21882978212256862,0.21329847417101663,0.3445851531423534,0.46223602110484696,0.10707959601060259,0.4564101490162364,0.5585712388872679,0.5683734660352602,0.0,0.31902337203582115,0.5167759732805935,0.2705345510445937,0.5333890264308602,0.272107607713145,0.3819032634889696,0.5576614825001418,0.5264967264657849,0.3878234590250792,0.28582579354423954,0.5161261219605371,0.32037276145618626,0.25663646644377164,0.08813961995991869,0.34236174385160634,0.021438999789058576,0.2578753811069125,0.0,0.050882346323049873,0.013812983775620836,0.2254548615583055,0.31274074037425204,0.28262768203306937,0.21818927693250953,0.23618455394345483,0.0,0.12785455667775564,0.33893231628834786,0.46599749615592206,0.06765694595154129,0.0,0.06394229384758092,0.43103493348322797,0.2053880030753755,0.11893931745400259,0.3312310473437878,0.0,0.18963121868247038,0.17066826475222657,0.42806408648272704,0.2316812731065305,0.4624731744754925,0.3589946440340832,0.0,0.17453760463528695,0.28725240968535737,0.47254996283364603,0.26857380916794077,0.5165444837871855,0.25661735398618907,0.35791276996187144,0.4496743544869931,0.39064465532465625,0.35909513636476403,0.22467103983362066,0.442331426611218,0.4162581350984045,0.36410123955415197
0.10189178863941747,0.30994090803282603,0.5958567711113761,0.001737292254211652,0.4260982755454285,0.3296747310012406,0.29115662634581146,0.2509258448803448,0.3994066923155244,0.15714554143871157,0.543849090237061,0.13324208945899144,0.2805926129534327,0.20067856683006952,0.39260041261044576,0.2283660332201571,0.2940754926532886,0.31902337203582115,0.0,0.44782426966254824,0.10757274762715222,0.39876436889634564,0.26916884648156714,0.03943874282289762,0.2890414171956628,0.2810485180570224,0.40500784148520386,0.415434616985294,0.2597255799529261,0.22344138280739312,0.20302612635830103,0.0,0.0,0.0,0.0,0.0,0.01536180759115726,0.046675187125344825,0.0,0.0,0.0,0.0,0.2072710201263891,0.057922364643370375,0.0,0.03378628784115732,0.37056852683244923,0.5352277365936362,0.0,0.23436977887971305,0.38782009770320797,0.22780477023203055,0.2416944175266396,0.4030057847639008,0.028903733665561693,0.5038749109346164,0.051126162312010726,0.401827646824908,0.05079194409882738,0.4146837021001177,0.21122977737566168,0.02823518628035442,0.3448704848178444,0.6263660192644416,0.49824842500415634,0.11801952373214646,0.4782985022874177,0.30090768473445606,0.0,0.3385356202274105,0.3050435117606286,0.45856243305240296,0.31439650338681874,0.21332330619575365,0.04983454599433835,0.08835578731340427
0.4002441452657082,0.5109163900450485,0.5010504282776993,0.08834195717782899,0.3969694762902181,0.5152399895961183,0.454321922200959,0.2591340941257232,0.474535905282339,0.18551588008848283,0.4198588319252658,0.26426704657662914,0.4711861312788007,0.20409372481137963,0.6337758364565688,0.506146262927537,0.4863253336799931,0.5167759732805935,0.44782426966254824,0.0,0.35295388967526015,0.681509069849608,0.3827361670521261,0.2924394807165443,0.5137365812350471,0.3960385926569377,0.5393011596917268,0.4379977221295665,0.5536389538846614,0.3984316561327616,0.37714595835454673,0.0,0.12271469439351093,0.02197871652700087,0.21266264354154643,0.0,0.11820267638905071,0.12115587683152661,0.06456963048174263,0.1199413089163345,0.19647264747992668,0.22154056253995538,0.33782655701110975,0.020779625511198448,0.11245073856655587,0.3462125705694501,0.5144629722657879,0.22984451768515454,0.0,0.24992123809102876,0.4314181192723418,0.3259465363070912,0.26286578076066364,0.5114231801728648,0.0,0.4096229794272799,0.06628975831051526,0.4557136948212611,0.26048812837417773,0.5985241523613819,0.3167807837979767,0.0,0.23362721745816267,0.38751858806603545,0.6147195492776079,0.3728133538859706,0.6344981501816244,0.3634513678916294,0.2358317030118805,0.4049858639564823,0.3001855387956957,0.49289627379112844,0.3459814950984562,0.3821391881708449,0.34705209767353495,0.33783488428234937
0.5724667733785984,0.3627426748424933,0.2402611430170708,0.11627097158210334,0.12529286161333272,0.49791341695709573,0.41177534538161126,0.47153631150331743,0.3954006146191357,0.2375607876163959,0.16259625503782119,0.17503360013003216,0.45567663144303316,0.0,0.4670013301632247,0.45511947135601816,0.3621654345373168,0.2705345510445937,0.10757274762715222,0.35295388967526015,0.0,0.40291733737984353,0.5163557051260919,0.2634364315580895,0.3932081584214963,0.08227211117374515,0.4935164332915893,0.24102657094576171,0.4745417216523116,0.332439359786593,0.4468002426562458,0.0,0.2405630569529887,0.0,0.4138158596896947,0.0,0.29865581479657693,0.37691124687995387,0.12662623648847338,0.23699078733444173,0.31305293167978965,0.31587835003500175,0.15710466434458448,0.0,0.34652298152524336,0.563102037017474,0.4954352251122894,0.0,0.12077377999982053,0.38777887450692533,0.17566700535291857,0.5151372309668134,0.4895982318206796,0.4302936351157971,0.0,0.25341522041254017,0.0,0.27915660968763467,0.18450036305862338,0.36081387846892976,0.05804359908178327,0.0,0.06697853801180917,0.08595540769672157,0.25154363657612694,0.6450877039951951,0.32870046511101436,0.4526425835538583,0.1957401720347084,0.09046986837434393,0.009335569425036308,0.19196585813818545,0.1282879170708357,0.12533883245607552,0.35698232905060134,0.31705838620833904
0.4645093314447306,0.5761689854503781,0.4515843020007696,0.09376122907049542,0.32061127699808767,0.5264771935254632,0.489930032128562,0.24779034534793862,0.4321890083123994,0.16073901657481485,0.3578188087524326,0.2797710899685623,0.4927700282060103,0.16940100919695317,0.6069606823964595,0.5622714462514214,0.5318831124189497,0.5333890264308602,0.39876436889634564,0.681509069849608,0.40291733737984353,0.0,0.37253234880220126,0.34148640433052074,0.5682745517541525,0.4313440512344049,0.5302724622479938,0.3861758314728756,0.5839008634445855,0.4155909716573918,0.38132525424304176,0.0,0.2328096783824964,0.04073301522197419,0.29154349525579154,0.0,0.13235789278662702,0.13696074396619629,0.13081665431400097,0.2140628529415158,0.28274988274942725,0.27560777611917947,0.31320079809076035,0.0,0.15257688136664438,0.41568756472062085,0.5335873977661967,0.11721026974804048,0.0,0.21957864874045535,0.4033042784992835,0.3472094439517557,0.24943958004058178,0.4811374078392225,0.0,0.3476372876363914,0.06026277215052729,0.4267009975951673,0.2855990613668347,0.5710316794547918,0.3227700974993068,0.0,0.18353431578822102,0.3436173435857428,0.5873602838939224,0.41070344185829993,0.6230754974448905,0.3337906394650274,0.2952738939293388,0.39944595910967173,0.2938359630329706,0.4391938696575377,0.2738804759767131,0.40091257630245863,0.3787176312129714,0.36495858544725807
0.4474018169072864,0.3543199713635545,0.419253881321143,0.08486281852733962,0.2671127639530779,0.5606587206349996,0.4237905958403433,0.6161144508654561,0.5043050376166874,0.3870352519930622,0.3300096972448809,0.2713810639053653,0.46671678781661036,0.07544707866506246,0.4559016624272305,0.38990962793873557,0.37385614552003177,0.272107607713145,0.26916884648156714,0.3827361670521261,0.5163557051260919,0.37253234880220126,0.0,0.2064666905042834,0.3690807208844211,0.12617980673285664,0.5588110558520001,0.32479078269918815,0.3813274374966512,0.25073075644147325,0.3366663662790926,0.0,0.09492075166406724,0.0,0.2658071287072646,0.0,0.24113947252963308,0.331793499771441,0.0,0.08000073811092537,0.13231742631731644,0.18262763972379034,0.10290737798943451,0.0,0.22930904030253949,0.38292672566866415,0.5373311926990803,0.21395152844214452,0.05110091475172748,0.4343960410168546,0.3616229426193147,0.4936171086282753,0.5870012617289427,0.5110567554209258,0.0,0.4330796921800965,0.1074606189728933,0.40246599723676774,0.09404033173375852,0.4209574997291621,0.0,0.0,0.12487387746051985,0.28374899364769607,0.35755041071879584,0.5140232904578954,0.3861434627463396,0.633151824306058,0.07397762790948882,0.1608400890807417,0.14292856524406516,0.33687776310573453,0.196929571915009,0.0913507795008342,0.27551012833815774,0.21425382790324418
0.41253823646246746,0.4290812914778594,0.0835791910013476,0.0,0.0,0.3112262479555343,0.3489502363334833,0.061250866446605066,0.09057326300015761,0.17495398333417025,0.0,0.4963907641941955,0.23511251101180544,0.0,0.25370029865734706,0.40726891558679634,0.4691172996360222,0.3819032634889696,0.03943874282289762,0.2924394807165443,0.2634364315580895,0.34148640433052074,0.2064666905042834,0.0,0.44135410864574925,0.44532021448024156,0.17291354953209231,0.0,0.31958603900093685,0.16012400190793594,0.025724397652811905,0.12322720938169296,0.45482199285122965,0.0,0.4349567980856291,0.0,0.0016094715031209105,0.0,0.3947458467702484,0.4849755482813497,0.45975607315896394,0.4619317842923126,0.08609934785473529,0.0,0.17603182479865737,0.4172214113301095,0.2319336552114741,0.0,0.0,0.0,0.24088202049882854,0.04016417878568497,0.02345267763880479,0.12113965747175985,0.0,0.0,0.29314329951077467,0.1454806813777959,0.1922440797283891,0.3032611146750598,0.26111412242434257,0.0,0.0,0.04548014192348257,0.29711667588703755,0.2455558563749805,0.3418009544849016,0.1331556251557153,0.6259853232876008,0.20702002493529642,0.27286100832345245,0.1541398531107188,0.0,0.3407190863839915,0.5206315195225139,0.4266811213368726
0.4985545762459278,0.6124860160992792,0.372844183116181,0.05370067163211573,0.23233159183879745,0.5214674613966643,0.508922621499465,0.23321638559781957,0.3511968104004182,0.1414644809389793,0.24659190456090324,0.2790316287329667,0.4826932117415281,0.08889350220774202,0.48803943793547505,0.5402175217149959,0.5380514834485729,0.5576614825001418,0.2890414171956628,0.5137365812350471,0.3932081584214963,0.5682745517541525,0.3690807208844211,0.44135410864574925,0.0,0.5234318661248506,0.4604178591217049,0.2772836682422996,0.560761056040157,0.326964591077,0.32047124500807056,0.08446522184964501,0.39614242367330105,0.0783865030740629,0.3442798550431797,0.0,0.047861585135583494,0.10268732173421327,0.21623296834191197,0.344791998642321,0.39445625023688824,0.30788591545414373,0.23011485107455767,0.0,0.1425621337151976,0.4660624873843353,0.5279590740329128,0.034241220829821784,0.0,0.09442650407068556,0.40058568127364885,0.27476455042476916,0.20681702524725804,0.3835935011546128,0.0,0.21805766578333166,0.03508928565070764,0.35954064255197543,0.23066715553960582,0.5043602797638989,0.29932024857665734,0.0,0.13151358236159041,0.2525843056179408,0.4650674904195348,0.39050958220870663,0.5243764967227276,0.3261389347271135,0.4079223956544256,0.4910649137022105,0.3782011825537662,0.4056274164294151,0.12571790056674637,0.43276994802883845,0.3902005613894732,0.39855178089017024
0.24971051675193043,0.5451876149522813,0.2568308460810441,0.0,0.1142661642300132,0.32088175014123177,0.3425091340886255,0.014342171486380534,0.09335071882103803,0.04600429817435986,0.09961336416346336,0.3254494035372268,0.2844261350914389,0.13366171618866524,0.29980591593825934,0.3582833624582999,0.4535644531327974,0.5264967264657849,0.2810485180570224,0.3960385926569377,0.08227211117374515,0.4313440512344049,0.12617980673285664,0.44532021448024156,0.5234318661248506,0.0,0.20672983370355896,0.12771849565099513,0.369942208162392,0.2235114026292608,0.07034550800493633,0.23780967255781202,0.3832889845555457,0.11128456375891575,0.18048487331489063,0.0,0.0,0.0,0.2788934587890742,0.3359552583901323,0.2965754707919639,0.17891754431569834,0.19063802745981928,0.0,0.002098668405330529,0.23318264958460247,0.28666178773833434,0.03542046011912934,0.0,0.0,0.390909798202769,0.0,-0.015804367264200644,0.13473004666988422,0.0,0.04745921208440477,0.14499731244350747,0.25491227884911105,0.2376684538985522,0.36826760115104373,0.29955871240996995,0.0,0.07344119124015124,0.2516397391076846,0.39103970405887645,0.07772125217847274,0.41646451847562227,0.12371558359834357,0.4295885161037921,0.4601634352904498,0.4836059647686713,0.3013541196067699,0.06869587573612371,0.4033595328581172,0.29357745603267044,0.27674321583998446
0.44661647118584435,0.420792168134739,0.5478885411477312,0.10253577802025565,0.4359890580059609,0.6033702694112264,0.5120403128953153,0.4658130251041472,0.6016118955664508,0.2690237627811831,0.4986646866455659,0.18519803262760592,0.5128558285015794,0.15806425453881787,0.5855806049428613,0.4569319673954314,0.4239192977762769,0.3878234590250792,0.40500784148520386,0.5393011596917268,0.4935164332915893,0.5302724622479938,0.5588110558520001,0.17291354953209231,0.4604178591217049,0.20672983370355896,0.0,0.4273472882162787,0.517079306204882,0.32631021197066606,0.4227667251891605,0.0,0.06103825557653138,0.0,0.2395352620248686,0.0,0.21977052752172593,0.26879335414803285,0.0,0.04763602353767849,0.13883299206237393,0.15811259171503483,0.23607087227446238,0.0,0.16207094826281546,0.3679205912311442,0.596280692658699,0.3067045905250714,0.0,0.4470865616296142,0.41222457112105315,0.5151202901133018,0.47386026664422815,0.6056563578489331,0.0,0.5304157150524061,0.0,0.46137568058556416,0.15935736206832093,0.5335079293642189,0.13723591592339246,0.0,0.21746866920315325,0.3743778870615333,0.4928456813746652,0.5060950530306395,0.5104461343605629,0.5515689677170029,0.08668405475419133,0.2969662483836443,0.18846558611247158,0.5076100619458277,0.2589860063163895,0.2222905913827339,0.24498801250635788,0.22325076728338783
0.2214797549488277,0.27116917888354675,0.4616653857734282,0.12307972439779444,0.45835401949943,0.3881034797033817,0.28802191692082346,0.3419205261182431,0.4763456432037236,0.2218916577310538,0.46744815148543445,0.015104850409662305,0.4482290291945554,0.1635078307817338,0.4335049010280893,0.27065624001545885,0.25937493854217686,0.28582579354423954,0.415434616985294,0.4379977221295665,0.24102657094576171,0.3861758314728756,0.32479078269918815,0.0,0.2772836682422996,0.12771849565099513,0.4273472882162787,0.0,0.34542881260023023,0.3934099191016218,0.45549046449467984,0.0,0.0,0.11995369349974899,0.0,0.006587174693978173,0.2081580865108909,0.22024435999688255,0.0,0.0,0.0,0.0,0.26676826252723923,0.10196214989631824,0.00718925863606996,0.1674728286020411,0.4126810529036286,0.3070025265341381,0.0,0.419524269703746,0.3093001578972539,0.3941331012195361,0.3564560665654388,0.4796830460793209,0.08908923689924456,0.4829671368323668,0.0,0.43427658983917383,0.1419595538557933,0.3698508507379903,0.10273733787982842,0.08710582815659235,0.41779258201974356,0.3398773511140634,0.3672179548153178,0.26456883488818794,0.3775121366829747,0.3480448199191951,0.0,0.2874015349915644,0.21622725649041744,0.36924557993441,0.4527584785994969,0.12194995173532691,0.0,0.10096172983935771
0.5147851520888646,0.5280931199212823,0.350410782640234,0.13379081208139465,0.28367946210287454,0.5628814488469813,0.5120737976428505,0.25253924420435336,0.41204026810393884,0.1432007625107712,0.2532959352203841,0.2045025670088104,0.5283423062930153,0.15726630955651824,0.5529383951584712,0.5716329979785663,0.4888835872522947,0.5161261219605371,0.2597255799529261,0.5536389538846614,0.4745417216523116,0.5839008634445855,0.3813274374966512,0.31958603900093685,0.560761056040157,0.369942208162392,0.517079306204882,0.34542881260023023,0.0,0.4427764918158247,0.4395324514912695,0.0013638409659639825,0.29390102921968897,0.09479917227788724,0.4076057349128882,0.0,0.15086748076152387,0.1851117958879919,0.1573348871524715,0.2496848472707276,0.33220755776088984,0.30546535970260236,0.29556297981825924,0.0,0.19480151298841514,0.48699091823620605,0.5360774726383953,0.03962721550795189,0.0,0.2169576504387784,0.37481614113747497,0.366661036254012,0.2715463545829226,0.4382154168784749,0.0,0.2669786364590828,0.0,0.39039309216380536,0.2791599442363251,0.49627581370795937,0.3129010566561899,0.0,0.16586779975254728,0.20746737906768975,0.44051989441352357,0.4726940420457756,0.5103795412137797,0.3532090669396032,0.29725949429690673,0.384366021662889,0.2680044135588478,0.36634429588932893,0.21657718804250292,0.3996309700412666,0.3796781710296385,0.3426698186414678
0.3403776952467116,0.31179565887255695,0.25629277899530845,0.08091001085316384,0.20261972893306957,0.35627907836082917,0.30528788493728426,0.21099963565979804,0.2977121516404268,0.08731990069865729,0.18844193984052685,0.08224089282707436,0.4054920663731219,0.09067104550298788,0.4446723146366553,0.37363820221810734,0.2888679132627881,0.32037276145618626,0.22344138280739312,0.3984316561327616,0.332439359786593,0.4155909716573918,0.25073075644147325,0.16012400190793594,0.326964591077,0.2235114026292608,0.32631021197066606,0.3934099191016218,0.4427764918158247,0.0,0.4301510107020884,0.02565446123207124,0.1355412002888986,0.13456436533549587,0.18457670834290957,0.0,0.1469506641019246,0.2407760078627014,0.0716964629217587,0.11846926046483762,0.20849423716585816,0.10659767954763472,0.1779316444818201,0.0,0.22234688933381444,0.31429582428245795,0.34034786940232276,0.04866335028412406,0.0,0.22568280877122182,0.22722917542190396,0.30791131644678066,0.24944190675019287,0.3156356693217294,0.0,0.2039698986796065,0.0,0.33280550599077374,0.18333274282721734,0.384563175594648,0.2316304666906951,0.0,0.2479012994951528,0.17891643074669858,0.34307565384519717,0.3389336854476096,0.38199214056917075,0.2427501980998266,0.1360855298671714,0.2888835629992011,0.22314711825993636,0.230426923564702,0.29417450189994354,0.2641135159425425,0.26163205054627586,0.270101393599593
