0.0,0.6093169993578464,0.6137509550316197,0.0,0.514369915056916,0.5422987918189073,0.46001799707338054,0.0821146676268366,0.5396036265216614,0.684151924951399,0.4888027858802423,0.23478694939087968,0.6090387906910255,0.0,0.7026173298961876,0.7588008664608314,0.4965718416891061,0.639392624662577,0.48180435551415396,0.7245497101319951,0.7507245557551039,0.7981046433257427,0.29121257437706183,0.2397196161122012,0.669425574419611,0.6021051663417404,0.5940722739056049,0.6122533782021192,0.8109001907404102,0.47863802842908326,0.5969181843338855,0.0,0.567613556330577,0.0,0.0,0.0,0.0,0.04109590413596227,0.0,0.01305791764063327,0.0,0.0,0.34275110186921365,0.4052547965363504,0.0,0.896474735555506,0.4374585805234231,0.4353134227828187,0.0,0.3057604759709784,0.3009651506427294,0.4416507732665376,0.04478070425684262,0.5372741510461074,0.07521381617092304,0.01775384728499114,0.0,0.2772368036194204,0.05915729012157712,0.6634255749387509,0.1248603385350486,0.3377618574084647,0.2266100478978359,0.3979038817179898,0.521757880435959,0.7089227971289407,0.43832238716398464,0.22010400659684493,0.1308623928183945,0.4986529927260607,0.5265926164716666,0.5434827086955267,0.4868961200217141,0.45546875610257326,0.0,0.22433085370640782
0.6093169993578464,0.0,0.5506431663679278,0.0,0.47407091114939637,0.8474253068772667,0.5205532609872368,0.3688052239046332,0.5536422551518145,0.5906923373057784,0.5381293385540362,0.5196325430470456,0.7825659489684003,0.07820110114741051,0.5718588865816756,0.6156480149462079,0.41847007797545266,0.6370828382009334,0.39090388584445446,0.6617252354362534,0.5086034071155111,0.7284229274503238,0.4544124839466496,0.284303322550056,0.7439887159605814,0.7966840731677057,0.552740117440105,0.5804344468096818,0.616468613331484,0.3220821280495968,0.2038073571310656,0.0,0.5703258773747454,0.0,0.0,0.0,0.0,0.0015553016927686322,0.0,0.0,0.0,0.0,0.38782839745206715,0.3175516847597405,0.0,0.482676535562881,0.6868691308101187,0.3679337945722994,0.0,0.3536517621462677,0.4694128129168264,0.34165893817411414,0.30858494301715905,0.5808396562189618,0.0,0.269598079584716,0.0,0.3654101245868847,0.04386445091613376,0.6519243967584682,0.0,0.2518069615209389,0.02053452268205019,0.3207045990444175,0.4448116391225217,0.46518008171776637,0.28528946381817827,0.36653529454306505,0.0,0.5092440451705165,0.6107183562853913,0.43819835528909584,0.5207683894777894,0.1515575300475732,0.0,0.0
0.6137509550316197,0.5506431663679278,0.0,0.0,0.5284740226297859,0.6439918562377751,0.2181903692863531,0.29091122881455816,0.7802806574323196,0.5834181076174206,0.7152198792000807,0.29297665299873876,0.5785355103588398,0.0,0.746855274192489,0.6541838888545762,0.31696773284334395,0.6623094049219979,0.6819105356164087,0.7471431236165961,0.6383037606209795,0.7851167313524964,0.481432456888648,0.2543168122591939,0.5696120052856578,0.46060801667543694,0.7431181766447019,0.6098584122227658,0.6717730903380384,0.5934803123212352,0.436565193484613,0.0,0.6347400316264895,0.0,0.0,0.0,0.0,0.0,0.0,0.16126809552590438,0.0,0.0,0.31184671966019384,0.2840064147525407,0.0,0.5461525664754964,0.6219204773832981,0.7920334553466171,0.0,0.45704943296879796,0.5036948688526686,0.5581691687319554,0.3106679231414233,0.7230185615812751,0.24225385066635782,0.2100110246263681,0.07627043260933276,0.5253892140115526,0.08123394639031738,0.7509027878033832,0.1841186775363757,0.32595964049060555,0.22050066752986563,0.6609158221997472,0.7427423526884429,0.6435618424216619,0.686406106062793,0.44982259452906553,0.20717168033256753,0.5608296300457705,0.5196460162949389,0.6909854592511875,0.5562385934886237,0.45555152374378594,0.06828611617344997,0.16165611647955458
0.0,0.0,0.0,0.0,0.0,0.0,0.0,0.025019813120592004,0.0,0.0,0.0,0.09882565121328717,0.0,0.04816289229753341,0.0,0.0,0.2704562582036716,0.0,0.0,0.0,0.0,0.0,0.0,0.20390276120032,0.0,0.0,0.0,0.0,0.0,0.0,0.04786564986293753,0.13073239356560765,0.0,0.3016401417473662,0.2381247864278232,0.5845356005353294,0.4838305930383007,0.14426532633724484,0.08587827472037775,0.002853022649641753,0.08346055377629175,0.10240225216991763,0.220541366231761,0.2759894227625101,0.12507522858622033,0.0,0.0,0.0,0.5248001535932549,0.0,0.0,0.0,0.0,0.0,0.0,0.0,0.11313542592564209,0.0,0.0,0.0,0.0,0.0018254978395339022,0.0,0.0,0.0,0.0,0.0,0.0,0.07967475171504056,0.0,0.0,0.0,0.0,0.0,0.23929572868079885,0.0
0.514369915056916,0.47407091114939637,0.5284740226297859,0.0,0.0,0.5312780552845228,0.6502190726840138,0.056551866885522994,0.7301615565880545,0.49107711850511476,0.5796796450336676,0.3766576207823884,0.4805886899263873,0.26114208044339027,0.4401041251689174,0.4891740027794583,0.10176002432250798,0.4705362297222863,0.45099259171821193,0.5221767188276275,0.5414786585571656,0.6045441190868093,0.23401399370472353,0.0,0.4606937250317072,0.33874174722690675,0.694467393042225,0.30708946904470147,0.599993521526663,0.26732323349840026,0.1796016909644872,0.0,0.4235747720447692,0.0,0.0,0.0,0.0,0.06230064477742048,0.0,0.0,0.0,0.0,0.16051447009269942,0.35433446511366873,0.0,0.48801506747097395,0.48457711772639844,0.31871356124470307,0.0,0.28803759384425026,0.3159330550914885,0.5055051935772613,0.19284919167670758,0.5559769191709661,0.05243983597654519,0.0,0.000972980200480361,0.2097555384516358,0.28682606150028633,0.5580611770971051,0.05997374968909802,0.19729305215913173,0.379014583583321,0.1817520551498039,0.42142129587590066,0.5663005543809952,0.3737484364735681,0.34400749202156905,0.0,0.6188679980850259,0.40562585121873157,0.6280216218075608,0.29426912920082543,0.2670152479241553,0.0,0.06506586414092236
0.5422987918189073,0.8474253068772667,0.6439918562377751,0.0,0.5312780552845228,0.0,0.5211258710143819,0.5300187221993071,0.650988465638855,0.5984402757285158,0.48159844583365546,0.591596269802156,0.787187119728971,0.20357554275842787,0.6703416000220639,0.6186005169358384,0.3084794209235087,0.5983797653929912,0.4468127239561937,0.7081684236890116,0.6619221692042064,0.707216751111451,0.6957610358322387,0.2903253398932178,0.5905405553699918,0.6090497946321044,0.7636188319035253,0.5925637241754724,0.7280863356506653,0.47074699676793635,0.2603237444432859,0.0,0.589579810351333,0.0,0.0,0.0,0.0,0.03921749985695089,0.0,0.0,0.0,0.0,0.43179906823697745,0.4387167839548395,0.0,0.4634192011713698,0.7423268365485899,0.4683716792329093,0.0,0.3477862022707398,0.6210968255292333,0.4576211166971781,0.5398893220769919,0.5984074428482509,0.018521540484747644,0.12326843306272926,0.05144055971721735,0.454232252076834,0.19065848640319816,0.7035474406690724,0.0,0.20089217036311682,0.0868277243330415,0.3985434808851564,0.415739369929554,0.58564902191799,0.31895763284524153,0.6625652891080933,0.12275681732557975,0.54152997077689,0.624065691657879,0.5249700897750967,0.40349639650917873,0.1548077572674003,0.0,0.0
0.46001799707338054,0.5205532609872368,0.2181903692863531,0.0,0.6502190726840138,0.5211258710143819,0.0,0.0,0.37887186174469106,0.38537135323579236,0.1480219789165522,0.38353304681469996,0.6195041127763451,0.24090500090944267,0.3070941975597834,0.3798870843965195,0.306640683453577,0.29056345278184476,0.20002171542482777,0.4217764926070268,0.4279741518457103,0.4487122985235498,0.07398822612600053,0.0,0.3824116312379612,0.22612410516400128,0.4880061951646505,0.39039987288860456,0.5451512581505175,0.10958780025504782,0.09635142435757697,0.0,0.13196719860300202,0.0,0.0,0.0,0.0,0.22139499966632634,0.0,0.0,0.0,0.0,0.103595252521799,0.4488400769125323,0.0,0.4256764818418969,0.2981094115204234,0.0,0.0,0.07751021762635468,0.14918036501687523,0.3342470646698604,0.021431011922465142,0.33004202448877473,0.0,0.0,0.0,0.0,0.07668639671377442,0.44798479981228917,0.0,0.12912544804315673,0.18053639337203756,0.0,0.018727030294353648,0.3860857405516814,0.0,0.13296619387292088,0.0,0.38484950068966434,0.21048525304279414,0.28811910787632306,0.2701207604410658,0.0,0.0,0.0
0.0821146676268366,0.3688052239046332,0.29091122881455816,0.025019813120592004,0.056551866885522994,0.5300187221993071,0.0,0.0,0.246722076646212,0.24895758181438205,0.2494604048297597,0.4454122264232375,0.280062953452327,0.26560516910335014,0.37807508627475767,0.07663130354129004,0.08115721011288143,0.12729696033985502,0.3355438827153985,0.2568082763249015,0.2939507629874168,0.1675895028777516,0.8521973475374057,0.5863417234715561,0.3083314294192064,0.5202592559305356,0.3226222824254712,0.17818857374409408,0.11006392448324787,0.32331246930903906,0.0,0.32229344176608027,0.34654723257209463,0.20719080542836676,0.03358081506351672,0.14468257664384265,0.14504943792807956,0.15780754623325807,0.11615765407856266,0.31144279624161886,0.024241381533407626,0.0,0.14935328141241874,0.0,0.2432772818812366,0.0,0.3636125584472753,0.4203147364429898,0.0,0.0925830800976396,0.5474622485066533,0.13859477511958887,0.8561963780286509,0.3123208604386455,0.16724113089458115,0.277381540511036,0.47569510611770416,0.4347278613158864,0.13208545174067934,0.24613311868143734,0.0,0.0,0.0,0.336171533035781,0.22940093621846466,0.18693466282866628,0.11714031756174018,0.7310540349094904,0.5047356334833785,0.07872605632221719,0.4534629331698144,0.22332061379094417,0.04079037882411721,0.027724681601814283,0.1872076931120798,0.0
0.5396036265216614,0.5536422551518145,0.7802806574323196,0.0,0.7301615565880545,0.650988465638855,0.37887186174469106,0.246722076646212,0.0,0.5523631228090919,0.7402048845199809,0.3356756632884106,0.5239436235247074,0.0,0.6744907918643203,0.5446665588594372,0.15948210530765194,0.5420658727426623,0.6091760519220719,0.713526838101403,0.5317265645289139,0.7042122451027065,0.4025834289762855,0.15507963775324346,0.5563939011679094,0.4419971877310807,0.7880871562859381,0.44921950123179105,0.633484767176304,0.5287347244388145,0.24565650836129377,0.0,0.6546319754556217,0.0,0.0,0.0,0.0,0.0,0.0,0.08418485824766725,0.0,0.0,0.15195827163256773,0.19611172696020387,0.0,0.4922297348549161,0.6426661811589335,0.6120619152861969,0.0,0.49591088736679245,0.4493916437352086,0.5838699126571082,0.32000243369464343,0.8626847516329835,0.2383860582157059,0.24335359255340602,0.06299337126006585,0.4413687240103608,0.15445250434489846,0.753413918170347,0.0857243349921959,0.13887652208310314,0.19466999477283714,0.3988467309816897,0.6558099217185498,0.5942508678138078,0.6013535963570936,0.43687159229687433,0.15230854960170176,0.6328870745950556,0.5503442773807122,0.7439429819539293,0.3709623914554856,0.3579516746142855,0.0,0.07144678118408274
0.684151924951399,0.5906923373057784,0.5834181076174206,0.0,0.49107711850511476,0.5984402757285158,0.38537135323579236,0.24895758181438205,0.5523631228090919,0.0,0.4780299859156296,0.501540667726718,0.6525908632146794,0.04463895627790045,0.6215721353129418,0.6312113729124903,0.6817267647212988,0.5521624212510698,0.47251549112333574,0.6726758494064493,0.6408161317488161,0.6439791016891767,0.44768105769743777,0.39065422869123495,0.6467422751460925,0.5960691808794641,0.571772190250391,0.6055206074292544,0.6516584437905474,0.5571106966780941,0.5662248002517297,0.04673631946133361,0.5911490913908068,0.05228487221442975,0.04794737214409384,0.10605879533324022,0.009700785784923487,0.06496118451355348,0.0,0.01299917005791758,0.0,0.0,0.3110695000001611,0.45133922330564846,0.0,0.6231742942927359,0.4758141362141766,0.49933960330087857,0.014434397926245054,0.24275357628059765,0.3822039535791666,0.4445451515820325,0.2657913755197896,0.5578685119705851,0.25082074706918417,0.06899507391887834,0.0,0.4150554118440224,0.1947113128079134,0.5881566059544326,0.0,0.3221464701526368,0.1985353863298115,0.4406191870347971,0.43684648678153926,0.5876909533154718,0.3417514441848025,0.4015651320502354,0.2703349024245527,0.4741180699623796,0.5985453663564398,0.4853881261966797,0.4524829236653715,0.28759068747325867,0.0,0.09928330824475062
0.4888027858802423,0.5381293385540362,0.7152198792000807,0.0,0.5796796450336676,0.48159844583365546,0.1480219789165522,0.2494604048297597,0.7402048845199809,0.4780299859156296,0.0,0.2850463596937334,0.49994671122175527,0.0035759526475758596,0.5827274317009027,0.48922531873036174,0.18259461782642064,0.5682783307601816,0.638957122378406,0.5840851704896862,0.5278728872584084,0.6651877147347637,0.37649149026115253,0.2890772992255643,0.515223365074859,0.46576721066220506,0.5962490723177556,0.48378706638792496,0.5228676357259259,0.5067585700985893,0.23816762941392827,0.0,0.5474828666835275,0.0,0.0,0.0,0.0,0.0,0.0,0.23227817853331673,0.02452655137705698,0.0,0.18497294414627038,0.09357772539129586,0.0,0.47747220867581797,0.6262777793702256,0.6222575800414577,0.0,0.5850920471884253,0.42868739618564994,0.4707454814596248,0.32505367799449736,0.7065551317631011,0.32598541145522053,0.4968728764572984,0.18791413041253371,0.5248278907102305,0.0,0.6242328486965018,0.181441402382988,0.33055361378963005,0.22771589777644113,0.6061075559093536,0.6911664510433486,0.5209062269750456,0.6707438839070998,0.37797254792805574,0.17678812086860984,0.5797462401027222,0.5734473049079665,0.621720532049653,0.5276976816889053,0.43016632627748874,0.015491186757728571,0.16303330675498068
0.23478694939087968,0.5196325430470456,0.29297665299873876,0.09882565121328717,0.3766576207823884,0.591596269802156,0.38353304681469996,0.4454122264232375,0.3356756632884106,0.501540667726718,0.2850463596937334,0.0,0.40874402688829137,0.3270332377868582,0.22303591778092138,0.14565094011508498,0.2802703775826143,0.24046324842062922,0.2012434756473372,0.2748856670348355,0.2808696884957327,0.24360857392432592,0.40619621733250866,0.41880569914856874,0.3307347763032485,0.4343789106962596,0.3539474658481726,0.255729991629049,0.20637313421511164,0.2048413582392582,0.0,0.0,0.3604355930177566,0.0,0.0,0.0,0.0,0.1318198600199054,0.0,0.0,0.0,0.0,0.28403759813751966,0.37186910610440904,0.0,0.07549813351065944,0.23024828654088353,0.23037376659193262,0.0,0.0,0.16534794702696723,0.0,0.42765724231673174,0.22259910784453205,0.0430372856523633,0.0,0.4740402225261807,0.047101584645212566,0.027367556774524817,0.22520683766998525,0.0,0.19798705505778766,0.0,0.04346945950252503,0.0,0.23320127926222672,0.0,0.3994218549340321,0.24632366139227257,0.21687243096531747,0.35414318402427514,0.1097593154609397,0.11295005516004103,0.0,0.0,0.0
0.6090387906910255,0.7825659489684003,0.5785355103588398,0.0,0.4805886899263873,0.787187119728971,0.6195041127763451,0.280062953452327,0.5239436235247074,0.6525908632146794,0.49994671122175527,0.40874402688829137,0.0,0.08917725988575124,0.6727626409347724,0.6498730128593226,0.58127595905202,0.619991996510623,0.4495843970045237,0.7239119586641458,0.6240761521743792,0.6869135301475899,0.42253628218847167,0.19804519902769935,0.5665213514850609,0.5401545075195494,0.5797177098956954,0.811718774649063,0.7524305589690325,0.4672478892284896,0.40627850168957863,0.035500040263089346,0.4706364241943416,0.0,0.10544236776832767,0.16326937614570788,0.0,0.17539607928971113,0.0,0.0,0.0,0.0,0.3386648226283367,0.46662751047921236,0.0,0.55555492240731,0.6269408381013608,0.3376162636754714,0.0,0.46548524700417826,0.44288424500658724,0.49314605867147115,0.2814525133070047,0.630107797335171,0.0,0.3160315676935765,0.0,0.4459716272155535,0.07773320777690615,0.6901011347935317,0.0,0.3233923584227606,0.0791946910825919,0.47418870465570434,0.4081425584907039,0.5188315195022648,0.2853272651364612,0.3469642778997213,0.0,0.4117835412422967,0.5196309202784614,0.403099195977096,0.5950499186609856,0.2135916463285952,0.0,0.0
0.0,0.07820110114741051,0.0,0.04816289229753341,0.26114208044339027,0.20357554275842787,0.24090500090944267,0.26560516910335014,0.0,0.04463895627790045,0.0035759526475758596,0.3270332377868582,0.08917725988575124,0.0,0.0,0.0,0.0,0.0,0.02476751513821825,0.0,0.05224314925565651,0.0,0.25962634990433037,0.08702089565683585,0.013487828386899926,0.07161553432519627,0.11033858529220283,0.0,0.0,0.0,0.0,0.07937000374041628,0.0,0.02030279336644957,0.10183936940097636,0.07653547405316125,0.0688514838698285,0.14857201753896962,0.037071714737861125,0.0,0.0,0.05345285326239553,0.028287900080747986,0.1776375222413242,0.11462646761921205,0.0,0.0,0.0,0.0,0.0,0.16017076832546392,0.061476933206271255,0.3115511996865378,0.0,0.0,0.0,0.1914704840731205,0.0,0.3062334684205277,0.0,0.0,0.0,0.004534565483218356,0.0,0.0,0.0,0.0,0.3254436065262976,0.0,0.03166094864185185,0.019401497583045362,0.0,0.0,0.0,0.0,0.0
0.7026173298961876,0.5718588865816756,0.746855274192489,0.0,0.4401041251689174,0.6703416000220639,0.3070941975597834,0.37807508627475767,0.6744907918643203,0.6215721353129418,0.5827274317009027,0.22303591778092138,0.6727626409347724,0.0,0.0,0.686942764292305,0.4500806978050043,0.5806439901954076,0.5909656407584651,0.9441647144456933,0.7842155567445283,0.8294968576739157,0.5623771104264742,0.1774103694190371,0.5767479500529717,0.5099314487524318,0.7771907154462159,0.743175549089771,0.8130635477777547,0.6784975571395099,0.5402811698645781,0.15269316827067092,0.596085939808791,0.08790401591590306,0.07974880151783852,0.10782967303208547,0.0,0.09843967883686548,0.0,0.12311331207297442,0.0,0.0,0.3343255298120326,0.3525467591362848,0.0,0.6772885093742571,0.6643017311685001,0.5566941898151445,0.0,0.5553895909305897,0.5492648829238709,0.610143175157515,0.3488110849281264,0.7880506141930044,0.13861504056568702,0.3196021734675067,0.0,0.5293666892929263,0.17894533606528196,0.9052346180565344,0.0,0.2299400018544085,0.1004691480712826,0.5610515419529195,0.7540981969982755,0.725752018647416,0.6311622657965806,0.49185769159887366,0.18712424573722392,0.49008177997666275,0.5869130926471265,0.6973881621598671,0.5524157685525649,0.5141479439271925,0.0,0.04514550562131888
0.7588008664608314,0.6156480149462079,0.6541838888545762,0.0,0.4891740027794583,0.6186005169358384,0.3798870843965195,0.07663130354129004,0.5446665588594372,0.6312113729124903,0.48922531873036174,0.14565094011508498,0.6498730128593226,0.0,0.686942764292305,0.0,0.47333251417822875,0.8856186867074394,0.4857595634657836,0.7367044613818428,0.6656980616511258,0.8713359683734492,0.2925478573916048,0.13957094113723909,0.5638413947063211,0.5003215356452082,0.6056023293134885,0.7027545357826703,0.8217054434636252,0.5521809427015838,0.6492381078909435,0.013328924589893572,0.6555217187272631,0.0,0.0,0.0,0.0,0.0,0.0,0.07881074586898176,0.0,0.0,0.4082946642944061,0.4500141021854427,0.0,0.7378952995392046,0.6062495455724528,0.49716699979328804,0.0,0.43836368747162074,0.4304754569598319,0.544053716690761,0.0415797306013979,0.5381418583079973,0.1786656621024421,0.01957652572849693,0.0,0.4486868666835401,0.19335828611075562,0.7211515039162661,0.23168622679504786,0.42756255721178094,0.3833623388080658,0.4787832053365839,0.636292102591261,0.6354558922950403,0.6097152166346298,0.2568828957757413,0.09938435069331632,0.5885562508597962,0.5450577966792259,0.5877210378334946,0.645931831422588,0.5456696379037349,0.014057541872832336,0.27109158572503494
0.4965718416891061,0.41847007797545266,0.31696773284334395,0.2704562582036716,0.10176002432250798,0.3084794209235087,0.306640683453577,0.08115721011288143,0.15948210530765194,0.6817267647212988,0.18259461782642064,0.2802703775826143,0.58127595905202,0.0,0.4500806978050043,0.47333251417822875,0.0,0.5006501287258034,0.2144058897304801,0.45939468109745435,0.4245050134231823,0.45208040934084215,0.19818170215291164,0.36744104433388597,0.5288672737721392,0.44286131724921235,0.18352015956881626,0.6366359460704553,0.4511306658905234,0.38641463301733264,0.5425099498490362,0.19481180839648482,0.32028822525342504,0.15617136875581017,0.05752854270353893,0.30031429498508244,0.18740964753246908,0.04215849520456893,0.0,0.07260986379260664,0.0,0.0,0.3190628647411081,0.38324053077030545,0.0,0.4470071359912769,0.23195808861727912,0.16165546965081093,0.2307589560499194,0.1227996910021851,0.2304721414192584,0.25275980401939957,0.0,0.3577563601056505,0.18316340558349042,0.1323686000461678,0.0,0.35032601498479554,0.0,0.33280384210120123,0.0,0.5029955980553772,0.17050980024561202,0.3175788155583449,0.20446487753852874,0.34422750816716297,0.13602805627733988,0.06258353128221085,0.2962889828997505,0.18582349836036224,0.4079472033199702,0.14470912928137208,0.5203468251782142,0.20911435493679345,0.10785378003941788,0.1098638067629603
0.639392624662577,0.6370828382009334,0.6623094049219979,0.0,0.4705362297222863,0.5983797653929912,0.29056345278184476,0.12729696033985502,0.5420658727426623,0.5521624212510698,0.5682783307601816,0.24046324842062922,0.619991996510623,0.0,0.5806439901954076,0.8856186867074394,0.5006501287258034,0.0,0.4779468128248187,0.6149068144246559,0.6146510231591527,0.7995858566861884,0.281951560588793,0.3223822009987336,0.6071106138158828,0.5849974219794786,0.5724752322524642,0.6309027068339083,0.693474621134235,0.4692664806860759,0.5919978833232337,0.0,0.6856030462473766,0.0,0.0,0.0,0.0,0.0,0.0,0.2675281494684631,0.06882792932752752,0.0,0.4649026217349696,0.3437148646778021,0.0,0.6216280229970802,0.660420577047448,0.5375126659514505,0.0,0.4248698579428323,0.4731957854146665,0.49454887171349404,0.06945003996907972,0.4964833840442974,0.3615392257082057,0.08825996664541158,0.1257042811711195,0.5967099560529157,0.10375376999864078,0.643227413351263,0.33763321191269413,0.5984023601945678,0.5311439090976852,0.5508551201645067,0.6174359889989747,0.6180863350293884,0.6285661846882848,0.24587266064774282,0.21660162554357942,0.6676713737573048,0.6386929963756626,0.5457832520284095,0.6400876918343592,0.5093687459647972,0.1652282145366512,0.32956742629764213
0.48180435551415396,0.39090388584445446,0.6819105356164087,0.0,0.45099259171821193,0.4468127239561937,0.20002171542482777,0.3355438827153985,0.6091760519220719,0.47251549112333574,0.638957122378406,0.2012434756473372,0.4495843970045237,0.02476751513821825,0.5909656407584651,0.4857595634657836,0.2144058897304801,0.4779468128248187,0.0,0.5887915945860414,0.5167057231194105,0.5790590694735344,0.44124379286465515,0.19100413896842994,0.4609573125097045,0.37809452131842786,0.6395795548072502,0.3997495107414238,0.5348265168698906,0.5671600197281086,0.22789539434199266,0.20335497554822637,0.47287065896341895,0.16353387358939267,0.05103279467999637,0.0,0.0,0.035420119233282484,0.0,0.2051727603589078,0.0,0.0,0.036548727302307564,0.1236114985091564,0.12370797944223616,0.40958581411113254,0.5442094495085453,0.5668004250129236,0.0,0.39037150111564395,0.4318995483176085,0.5036953791648892,0.39149735355624754,0.6070874372863571,0.3204340205109171,0.3173886948514266,0.09163324114874095,0.4836231455935527,0.060419445760218425,0.5571361290909046,0.147480150771364,0.13337299121861568,0.17974672714692383,0.6541053036325487,0.5804677371555833,0.49729412484936364,0.5769540923997438,0.4579753850721153,0.31449314439015286,0.45932530552237266,0.5291069547114372,0.6149708595290176,0.354854486397266,0.403048754674499,0.03361723660701218,0.13238847981552665
0.7245497101319951,0.6617252354362534,0.7471431236165961,0.0,0.5221767188276275,0.7081684236890116,0.4217764926070268,0.2568082763249015,0.713526838101403,0.6726758494064493,0.5840851704896862,0.2748856670348355,0.7239119586641458,0.0,0.9441647144456933,0.7367044613818428,0.45939468109745435,0.6149068144246559,0.5887915945860414,0.0,0.7523154395089915,0.9323186800712566,0.47366767003707816,0.11734133415875483,0.6199063340648129,0.5190633226440114,0.7968589889495774,0.7698374688277142,0.8613944261789407,0.6696381947770714,0.5032200196473867,0.0737183034317832,0.5792313503830613,0.0,0.02463514057384258,0.018857488775176408,0.0,0.08453809812158504,0.0,0.010493702792136886,0.0,0.0,0.25990404741390544,0.37151454033275755,0.0,0.67762163659039,0.6538048435539444,0.5282888448298045,0.0,0.5033079565185873,0.4423469630672598,0.5344232422420232,0.2532333201664083,0.7590438291214922,0.0999882383585483,0.23927548263636006,0.0,0.42203137625653975,0.1134998298034342,0.8950495643240389,0.0,0.23918934064979566,0.09573298105571493,0.49433536318114885,0.7127609267649296,0.6838698427609592,0.5936835988675282,0.4427663084937442,0.14219325799891175,0.5245784447098567,0.5928316697694123,0.6548390838027129,0.5977928735430468,0.4317700296341779,0.0,0.03518700410779719
0.7507245557551039,0.5086034071155111,0.6383037606209795,0.0,0.5414786585571656,0.6619221692042064,0.4279741518457103,0.2939507629874168,0.5317265645289139,0.6408161317488161,0.5278728872584084,0.2808696884957327,0.6240761521743792,0.05224314925565651,0.7842155567445283,0.6656980616511258,0.4245050134231823,0.6146510231591527,0.5167057231194105,0.7523154395089915,0.0,0.7558135470692733,0.5368815719425062,0.24048111646433637,0.5682440006521099,0.45520867385775104,0.731389738401496,0.6740702580700321,0.8428417427406989,0.6121955290882176,0.6282568929155984,0.10503217607482085,0.5326463560912897,0.0659997776196421,0.08762229408887193,0.06345111018260355,0.0,0.08417764030473834,0.0,0.07300100525608297,0.0,0.0,0.4677203541299847,0.4328903319447733,0.0,0.8004665468283554,0.6328336972777239,0.41243886517976286,0.025825464458428014,0.48803520855945676,0.5377234645790828,0.6567017439625605,0.3252638374697259,0.570030454754477,0.2746307756836009,0.12002843914445706,0.0,0.5051002545782295,0.180001952796346,0.7403319365001221,0.13069631507226925,0.4207585556576611,0.33962285829950983,0.5380035705713925,0.5718050784251839,0.9110142850711438,0.5526361044315123,0.5023576077933746,0.22128128374681283,0.6293088685543037,0.6116845781250396,0.6486636147080548,0.5018250989896911,0.5121670609596342,0.0,0.1075030044217792
0.7981046433257427,0.7284229274503238,0.7851167313524964,0.0,0.6045441190868093,0.707216751111451,0.4487122985235498,0.1675895028777516,0.7042122451027065,0.6439791016891767,0.6651877147347637,0.24360857392432592,0.6869135301475899,0.0,0.8294968576739157,0.8713359683734492,0.45208040934084215,0.7995858566861884,0.5790590694735344,0.9323186800712566,0.7558135470692733,0.0,0.4034438269372235,0.12085971909212095,0.6822581719633077,0.5741402150312273,0.7892732786026582,0.7342398036093347,0.8797645774870978,0.5941999845519115,0.5648182380065694,0.0,0.667415376685731,0.0,0.0,0.0,0.0,0.0,0.0,0.06997762736572036,0.0,0.0,0.3974437820227066,0.3598010466844114,0.0,0.7653645751004072,0.6940641539396555,0.5571854393772773,0.0,0.52988122571561,0.4926328638081853,0.5895500449030708,0.14809463681959148,0.6857665763921421,0.14211385841745758,0.1245081542103015,0.0,0.4629617154490859,0.17251355659215878,0.8714430849666758,0.17784853490047473,0.39749309313205655,0.3369342131796317,0.5288744921174604,0.7667984485335645,0.7412664343196979,0.6903417528523325,0.3787995483396737,0.10069621310736548,0.6875216481649553,0.6300201058184013,0.750675882884551,0.6862131604335541,0.5693870744400495,0.0,0.2153289838274235
0.29121257437706183,0.4544124839466496,0.481432456888648,0.0,0.23401399370472353,0.6957610358322387,0.07398822612600053,0.8521973475374057,0.4025834289762855,0.44768105769743777,0.37649149026115253,0.40619621733250866,0.42253628218847167,0.25962634990433037,0.5623771104264742,0.2925478573916048,0.19818170215291164,0.281951560588793,0.44124379286465515,0.47366767003707816,0.5368815719425062,0.4034438269372235,0.0,0.5500037847645332,0.476908245510963,0.5923489070862795,0.5366463205085091,0.3060885391815282,0.38693778365507625,0.4367549990705372,0.1859320683872925,0.3085481331747541,0.4502496918902792,0.18942233838561953,0.023038351745071742,0.08077447976429555,0.08117450888700241,0.10679824149401014,0.0998458021985371,0.3353120042388295,0.0,0.0,0.21002743639033808,0.11346466108863199,0.12670076106733832,0.23702384788768815,0.5507676581230779,0.5017131038726632,0.0,0.18205355437988982,0.7313896000402612,0.35224441028467773,0.8457647331755611,0.4186933783138819,0.2596255345884787,0.2108303026340749,0.3579538827886407,0.5560670130375835,0.26609628665648954,0.43265220031467044,0.0,0.05967117147688997,0.0,0.4452106880556031,0.43056423129861426,0.4349466691737937,0.34880377396655043,0.9146731530149205,0.5050916562733195,0.31909522800309714,0.5981713095060059,0.43326881797418987,0.2266579615503071,0.26904828204475284,0.1658177457838322,0.03150889690395244
0.2397196161122012,0.284303322550056,0.2543168122591939,0.20390276120032,0.0,0.2903253398932178,0.0,0.5863417234715561,0.15507963775324346,0.39065422869123495,0.2890772992255643,0.41880569914856874,0.19804519902769935,0.08702089565683585,0.1774103694190371,0.13957094113723909,0.36744104433388597,0.3223822009987336,0.19100413896842994,0.11734133415875483,0.24048111646433637,0.12085971909212095,0.5500037847645332,0.0,0.4866559993377377,0.6480636809350172,0.0725641634499098,0.16446097988721753,0.039390935671420046,0.229147196174334,0.26534840666476134,0.14895530206898297,0.3931239099878978,0.26921604744097966,0.0,0.11128228470936029,0.06100922489806257,0.0,0.20656682768041523,0.5132226499325705,0.3858700986805645,0.0472027136313457,0.30122790146391665,0.03568128819376245,0.1522197947327862,0.11539869077992625,0.2087865898000781,0.3741466330791322,0.0,0.0,0.4051135944687206,0.023012991319834766,0.4327550037051045,0.1696794984873222,0.43096601711804766,0.1069265138315951,0.5493890013560662,0.4832010070868467,0.02716824074876822,0.006932205620072792,0.12691488251326305,0.34873656365338396,0.11472693919093795,0.2846614901437215,0.21959866509526524,0.20964763387346227,0.11636920106282364,0.35276609672855014,0.7163121140186266,0.17003618872255846,0.5468933177313248,0.08478844326375456,0.17481389159629254,0.1338781134107683,0.3988250031060028,0.24575624272768926
0.669425574419611,0.7439887159605814,0.5696120052856578,0.0,0.4606937250317072,0.5905405553699918,0.3824116312379612,0.3083314294192064,0.5563939011679094,0.6467422751460925,0.515223365074859,0.3307347763032485,0.5665213514850609,0.013487828386899926,0.5767479500529717,0.5638413947063211,0.5288672737721392,0.6071106138158828,0.4609573125097045,0.6199063340648129,0.5682440006521099,0.6822581719633077,0.476908245510963,0.4866559993377377,0.0,0.8388853548834638,0.5413323566309908,0.45793338632126906,0.5567232778991416,0.3439979114077791,0.3860430130167457,0.016993619787211436,0.6242847538118107,0.025572907391368506,0.0,0.0,0.0,0.02377718382041592,0.0,0.26658575597446404,0.0836352513660297,0.0,0.2838508079742431,0.1649036199742926,0.0,0.573900568626919,0.5642800752241719,0.40751575770394954,0.0,0.1981278331216688,0.569216890375263,0.3847043649738946,0.25314478890706343,0.5906771335876564,0.21129696087119754,0.20845103204546686,0.08037262032957104,0.4980859970499787,0.06044278512953947,0.5292911545447552,0.04922833154706006,0.3526067586150575,0.24332411883408628,0.333657334443083,0.5438896289124386,0.5474628759657342,0.4191596805298594,0.3575877492143774,0.3415490206913598,0.6230201193471095,0.7482834073344339,0.5526923708644171,0.42321434655428836,0.4212921939041773,0.051575783620448255,0.2477382346561221
0.6021051663417404,0.7966840731677057,0.46060801667543694,0.0,0.33874174722690675,0.6090497946321044,0.22612410516400128,0.5202592559305356,0.4419971877310807,0.5960691808794641,0.46576721066220506,0.4343789106962596,0.5401545075195494,0.07161553432519627,0.5099314487524318,0.5003215356452082,0.44286131724921235,0.5849974219794786,0.37809452131842786,0.5190633226440114,0.45520867385775104,0.5741402150312273,0.5923489070862795,0.6480636809350172,0.8388853548834638,0.0,0.40188562531325034,0.34364961503012526,0.4200359657167249,0.3101210994526947,0.2807158993662911,0.06238803180881109,0.5969217965643739,0.0,0.0,0.0,0.0,0.0,0.0855296936041958,0.3373276407748462,0.1522528230617921,0.0,0.3095044725013339,0.13147325611822244,0.0,0.4454122578979031,0.5249326289240795,0.43254960067229925,0.0,0.14400377076200252,0.5605600995775,0.24379570986137922,0.3865583471017989,0.479981018432622,0.13459519530362915,0.21134020919476076,0.20879323088548563,0.5082642733518343,0.06294207668044753,0.4603137902212233,0.035669051014583314,0.3656622193166378,0.14328422216325537,0.3115712175372354,0.5176081625686665,0.41075572831838353,0.3311013762099288,0.40353205903096817,0.42289503797698874,0.47546250559335107,0.7687171356911348,0.4428757657628116,0.38114241868860854,0.3197147528907467,0.17597543911405467,0.2410218561900893
0.5940722739056049,0.552740117440105,0.7431181766447019,0.0,0.694467393042225,0.7636188319035253,0.4880061951646505,0.3226222824254712,0.7880871562859381,0.571772190250391,0.5962490723177556,0.3539474658481726,0.5797177098956954,0.11033858529220283,0.7771907154462159,0.6056023293134885,0.18352015956881626,0.5724752322524642,0.6395795548072502,0.7968589889495774,0.731389738401496,0.7892732786026582,0.5366463205085091,0.0725641634499098,0.5413323566309908,0.40188562531325034,0.0,0.5493896667768796,0.8060329802410587,0.591602013620286,0.3314960120258721,0.009114567088469585,0.5643298569071806,0.0,0.041130861255966156,0.0,0.0,0.09611903813732274,0.0,0.012420078721145877,0.0,0.0,0.18180765682315467,0.309512765928866,0.0,0.5706533448903113,0.7314572638977876,0.56310057560725,0.0,0.48295086408557925,0.512525568335354,0.6565281015450778,0.38469398448936293,0.7318332692642897,0.16160761799138693,0.15116932971654468,0.01471275063340161,0.3921312075261581,0.27456570772893363,0.8035550676875921,0.0,0.12703998683362552,0.22251480587749922,0.4821791726351453,0.574340824412817,0.7261011196061153,0.5596610054008658,0.5788111288562728,0.1430634451787199,0.6623088723790461,0.5880026324497479,0.83684869320669,0.2780204444582324,0.3529301258668428,0.0,0.0
0.6122533782021192,0.5804344468096818,0.6098584122227658,0.0,0.30708946904470147,0.5925637241754724,0.39039987288860456,0.17818857374409408,0.44921950123179105,0.6055206074292544,0.48378706638792496,0.255729991629049,0.811718774649063,0.0,0.743175549089771,0.7027545357826703,0.6366359460704553,0.6309027068339083,0.3997495107414238,0.7698374688277142,0.6740702580700321,0.7342398036093347,0.3060885391815282,0.16446097988721753,0.45793338632126906,0.34364961503012526,0.5493896667768796,0.0,0.760604388377147,0.6654627520566756,0.6209230337643465,0.11348041781832621,0.5096617585909314,0.10790190718175643,0.15030240940587036,0.30745135048961086,0.024698734899374925,0.06628436773716005,0.0,0.04717329397009841,0.0,0.0,0.42655652432740876,0.5279975032800991,0.0,0.6281150659917936,0.549678052718576,0.3822315549950735,0.13254518617816596,0.6067331667986,0.37462366568047584,0.5666732919737429,0.16482406772429975,0.6464791272423726,0.10933840172247965,0.29930494036788197,0.0,0.45106662328502195,0.07303546862122284,0.7064564535796977,0.0,0.37653072960466044,0.1208428174660357,0.5461582939643147,0.4872899211014067,0.5986619697924312,0.4407364933987199,0.2529101099952443,0.0731613948735929,0.3731621909911909,0.4683639259822734,0.42943519408236097,0.7100668381726044,0.32953819959921904,0.0,0.0
0.8109001907404102,0.616468613331484,0.6717730903380384,0.0,0.599993521526663,0.7280863356506653,0.5451512581505175,0.11006392448324787,0.633484767176304,0.6516584437905474,0.5228676357259259,0.20637313421511164,0.7524305589690325,0.0,0.8130635477777547,0.8217054434636252,0.4511306658905234,0.693474621134235,0.5348265168698906,0.8613944261789407,0.8428417427406989,0.8797645774870978,0.38693778365507625,0.039390935671420046,0.5567232778991416,0.4200359657167249,0.8060329802410587,0.760604388377147,0.0,0.6442700575481792,0.6000996968224109,0.028328382319625558,0.5752762547865634,0.0,0.07884603514592373,0.0,0.0,0.049015482763063646,0.0,0.0,0.0,0.0,0.3593908522138251,0.45679659038410103,0.0,0.8335715711003069,0.6904763252927295,0.4438819505115748,0.0,0.550069177406383,0.4490102912420446,0.6439517642786646,0.1472871415758855,0.6452624438393058,0.10980001413020968,0.1406052696339026,0.0,0.4032459348184442,0.15941866839171084,0.8285849710219262,0.12246681366615214,0.3353528628371247,0.3121601982470475,0.5053061534611955,0.6030426926712795,0.813006401994312,0.5812359563840584,0.3794475444507042,0.04480357857577064,0.6131299472174734,0.5583146206929549,0.6821235814314732,0.5820057242198727,0.519653913577253,0.0,0.04287991823436514
0.47863802842908326,0.3220821280495968,0.5934803123212352,0.0,0.26732323349840026,0.47074699676793635,0.10958780025504782,0.32331246930903906,0.5287347244388145,0.5571106966780941,0.5067585700985893,0.2048413582392582,0.4672478892284896,0.0,0.6784975571395099,0.5521809427015838,0.38641463301733264,0.4692664806860759,0.5671600197281086,0.6696381947770714,0.6121955290882176,0.5941999845519115,0.4367549990705372,0.229147196174334,0.3439979114077791,0.3101210994526947,0.591602013620286,0.6654627520566756,0.6442700575481792,0.0,0.5065266272587969,0.2618291399675985,0.5902761100990249,0.12641852800458656,0.06577347058513494,0.08196608963384748,0.057485940369819584,0.0,0.0,0.23182581021998,0.0,0.0,0.2588319543933908,0.3314234142120062,0.025006357901814373,0.5179908403995026,0.5272357917014338,0.5538620144107587,0.0,0.4990141515049759,0.39050671185207225,0.506308287315007,0.34124783383277874,0.5892954167463714,0.3560035821045583,0.29827151524613,0.07288617801189869,0.5090644781881464,0.13132349671066404,0.6108790503243768,0.1644876293240845,0.21326612990071567,0.1755523427937404,0.563800764033514,0.567232758102854,0.6068320834849078,0.5786009644994276,0.43364474633932787,0.3568933232925206,0.3942252750414095,0.5258269557433911,0.5236822821902405,0.5416407661672223,0.4250036108176777,0.07419932195428751,0.1451770444060923
0.5969181843338855,0.2038073571310656,0.436565193484613,0.04786564986293753,0.1796016909644872,0.2603237444432859,0.09635142435757697,0.0,0.24565650836129377,0.5662248002517297,0.23816762941392827,0.0,0.40627850168957863,0.0,0.5402811698645781,0.6492381078909435,0.5425099498490362,0.5919978833232337,0.22789539434199266,0.5032200196473867,0.6282568929155984,0.5648182380065694,0.1859320683872925,0.26534840666476134,0.3860430130167457,0.2807158993662911,0.3314960120258721,0.6209230337643465,0.6000996968224109,0.5065266272587969,0.0,0.1827545566022322,0.44303680312207355,0.30387835127019514,0.13866858385585007,0.16480647836659756,0.03721656175451503,0.0,0.0,0.22832001979457206,0.0017898555768351737,0.0,0.3778176415241372,0.3617229114140382,0.0,0.6434107768385019,0.31708203544674557,0.3534376798294961,0.25858406247115523,0.26923843091156274,0.3075651666803319,0.44420212913677765,0.0,0.3135207296073235,0.31442824147864085,0.0,0.0,0.4383443986330318,0.1648369484659433,0.4322661360598096,0.3679174139795362,0.48570376455420494,0.40945929656428953,0.4400478889407375,0.4667102514668902,0.5815518736967804,0.4972536583352031,0.12372542343827919,0.23240932642695106,0.3851512786067658,0.38575966809156415,0.3560998397186375,0.49688272929531835,0.539869506367924,0.2254977650578479,0.36783678267934
0.0,0.0,0.0,0.13073239356560765,0.0,0.0,0.0,0.32229344176608027,0.0,0.04673631946133361,0.0,0.0,0.035500040263089346,0.07937000374041628,0.15269316827067092,0.013328924589893572,0.19481180839648482,0.0,0.20335497554822637,0.0737183034317832,0.10503217607482085,0.0,0.3085481331747541,0.14895530206898297,0.016993619787211436,0.06238803180881109,0.009114567088469585,0.11348041781832621,0.028328382319625558,0.2618291399675985,0.1827545566022322,0.0,0.09518078064103314,0.6924496166377375,0.5026222622320399,0.2979931291712011,0.4848497747785375,0.2538332148137987,0.5735156438223664,0.396296387999544,0.09049843397890178,0.22059650714929027,0.0,0.0,0.41275415501642243,0.016299598694669595,0.059913169139545586,0.0,0.25455548947642276,0.15447812086926752,0.23412644783516395,0.19065848948453926,0.2667616104408198,0.08402207227624205,0.24253992277940858,0.2548838763806875,0.09462507103538104,0.23647081895254315,0.1668760225607563,0.0,0.03979321559740457,0.0,0.0,0.21820012747417103,0.10399650965361934,0.0,0.12888507404874175,0.2288166326513109,0.32982748701936704,0.0,0.16422081813519063,0.06982594123480584,0.0,0.22938167288699743,0.20432287509318972,0.05755569810406901
