0.0,0.3371133766803214,0.32232402927041864,0.07782683663708756,0.1910093916917257,0.2996153243949488,0.3173893173597911,0.23975769910917513,0.23484135148702293,0.28648352390594645,0.30490477348312,0.2778764891407078,0.3096636799266473,0.23164332281109076,0.34230460948467395,-0.03410790271323522,0.11926619413149754,-0.0030104933025592155,0.3100075496886965,0.3976822523210653,0.4225907219490774,0.4299158746104541,0.32046261303500356,0.08610200080752671,0.2709059081129421,0.39054732605297277,0.3507838175768772,0.2892076292349349,0.4106040869792427,0.29848455502663285,0.1271275676299261,0.2624389430891263,0.10335015090711888,0.0,0.05488421460002854,0.22567004043183045,0.17365949109523096,0.07254107156490369,0.08391982889791604,0.0,0.0,0.0,0.24140210664555142,0.11499096093238216,0.0,0.519042526332574,0.3429421670784577,0.2630994506174425,0.07816954600792268,0.3317652214013836,0.09043035245881086,0.23521123049346387,0.3367963991782928,0.27656282997519693,0.19875641070293043,0.27808924111243055,0.22632899702149842,0.0877727108155317,0.22361157929913494,0.10841846960145496,0.0,0.0,0.14709684523802768,0.24300699506922727,0.22013149696552273,0.2083606370991229,0.0932365915675324,0.22693067831438526,0.0,0.30523897306361814,0.38761323800573205,0.24164516086032153,0.07319901599341003,0.2761531641120797,0.0,0.0
0.3371133766803214,0.0,0.1771519396769674,0.0031834469292534857,0.10630983877111141,0.40435118123183317,0.16868358775900372,0.3133612555495605,0.19932435935089612,0.10853354550196524,0.11181235662432572,0.251761136100102,0.34921261143214644,0.020503897945744528,0.21055737838900773,0.024042174471780316,0.04087188207170429,0.14513439125253252,0.2196373783684126,0.12712625609460648,0.24715855997811115,0.26872689315131887,0.3097422190630669,0.19762453305805283,0.5138802812613169,0.5458061116927383,0.1405006688803804,0.1876009634892191,0.1437205247365067,0.07527692075251201,0.0,0.061245993638321554,-0.002851550505020895,0.0,0.0,0.02349417100127602,0.0,0.0,0.09120042032300531,0.12195009663497632,0.07366151393767176,0.009278447160817103,0.0,0.0,0.0,0.22294176650264955,0.3684288131442241,0.34209928201128614,0.00517202125660498,0.1866551004380211,0.368417024274194,0.135244703762382,0.33233514752645005,0.22757225751071014,0.014070049711638173,0.14892444610502253,0.21927028016549432,0.24667058035438197,0.022892275507269997,0.19743005179999562,0.08113022308988328,0.17758087020699515,0.21138357238539182,0.2579055467919207,0.2437149501181684,0.25442007409824186,0.24093948849080626,0.2832423708753161,0.15436217850762166,0.309506653146625,0.4145606824971672,0.24297418194942572,0.1795054698173222,0.2171979821199729,0.08983604779096227,0.06047300181754613
0.32232402927041864,0.1771519396769674,0.0,0.0,0.12049690450761884,0.3293650737786806,0.2164136830482628,0.3686491677181897,0.30085782834278463,0.3034959455476794,0.3960970157023222,0.3438432388906339,0.30783981599985216,0.2763773700596311,0.17480498500713773,0.0,0.16868094585454277,0.0,0.4546303249405624,0.3531640388901776,0.2520500146056642,0.2846728717205049,0.35958014642902947,0.08836141892613851,0.07042889710580431,0.2378552404796079,0.3662043325368052,0.2245604461638787,0.37504965525412504,0.3108618134670997,0.14854454481617413,0.10720479079312605,0.1905714938526452,0.03727301600451083,0.08931358530086625,0.2685046370366948,0.21382522954752137,0.18587525540795982,0.0,0.0,0.0,0.0,0.28296545080606367,0.14801742991100075,0.017073141009508915,0.19318276733998826,0.2407744346453363,0.23903981421368198,0.04900139510278498,0.330658320796977,0.1008794214279764,0.2609599147418348,0.3446905003430698,0.31249237179707035,0.2737558827509642,0.2880884697495707,0.2333313942528539,0.05711291109711145,0.2305115969303195,0.0,0.0,0.0,0.0,0.37963404878484447,0.13878933141524463,0.12245651443720869,0.0,0.15855072529776773,0.0,0.21277740675004508,0.23775761033282014,0.19343162202340028,0.0,0.13373434930308808,0.0,0.0
0.07782683663708756,0.0031834469292534857,0.0,0.0,0.4151156419726609,0.0,0.3392457068183052,0.010983910163009418,0.0,0.0,0.1000067670680401,0.04386446326668035,0.20838435886733742,0.1577483500268839,0.0,0.0,0.0,0.0,0.0,0.0,0.027119009396878037,0.0,0.0,0.0,0.0,0.08911104030062429,0.0,0.34591423281394845,0.0,0.24276528283297918,0.021030996715803912,0.3358392965952179,0.0,0.0,0.13286021624394062,0.25498481783439997,0.1578590750360867,0.0,0.14012392527505857,0.0,0.0,0.0,0.09570834704380694,0.0,0.0,0.15755066714874663,0.0,0.0,0.4170101691237786,0.15968169569665217,0.0,0.06700954368194444,0.043691576630137084,0.0,0.006182662644076693,0.028699004249968223,0.1046909964582466,0.0,0.0,0.0,0.0,0.0,0.0,0.0,0.0,0.0,0.0,0.0,0.0,0.0,0.0,0.0,0.0,0.0,0.0,0.0
0.1910093916917257,0.10630983877111141,0.12049690450761884,0.4151156419726609,0.0,0.25118721282012907,0.33795110137195244,0.03227459841742535,0.0,0.16837768511935441,0.3016394145335644,0.1557890985465601,0.3338696931497762,0.2351420082114439,0.0,0.0,0.10064554056799856,0.0,0.08415865880633457,0.07759499950834078,0.1702414851766134,0.0,0.2919129239799943,0.05842162416807957,0.10083025272423812,0.26604844648414455,0.19713985221488595,0.48954987373556363,0.20454213683111722,0.36787995440017734,0.22693780207026862,0.28640340470581027,0.0,0.02554863154457887,0.18710011757726053,0.24212447686260638,0.098351753861573,0.1538926339194687,0.15268019483366393,0.0,0.0,0.0,-0.004001346474703285,0.0,0.0,0.2479613756651048,0.17626242427607686,0.13390513170697002,0.3705227872528307,0.36644385179724775,0.0,0.2705575602479407,0.27005270042768525,0.0868640819008741,0.0,0.19706750808828205,0.1523603669266567,0.07517937705198477,0.0,0.0,0.0,0.0,0.09532790567860369,0.0011280116211955502,0.11134583369736038,0.028694732673699583,0.0,0.23291128930200508,0.0,0.22208274805263228,0.22622063943311044,0.11110649992078701,0.0,0.13360746831509185,0.0,0.0
0.2996153243949488,0.40435118123183317,0.3293650737786806,0.0,0.25118721282012907,0.0,0.1350207059565578,0.2689632406971349,0.22097351658717085,0.35947361343705897,0.26761761283222624,0.29010286567069454,0.40251191077780607,0.11055901594388748,0.16521401743184555,0.04238767698534956,0.2854046994962712,0.1001251115223215,0.38192980577504715,0.32556635171537346,0.31132409866997685,0.2682226495557154,0.5582426216135324,0.36615862917188274,0.38613948141124743,0.4984717415463385,0.42430568533566315,0.33784138711237954,0.4286703247816922,0.3004275372942337,0.2482049591410096,0.08067089815419051,0.0,0.148536432846312,0.08094969336264322,0.11626817198914674,-0.0013915747548319474,0.16456805348810916,0.08719044231572515,0.0,0.0,0.0,-0.005581530445456317,0.0,0.0,0.2548765941057968,0.4234490884940977,0.5116408719127472,0.08765879346997534,0.2753626096630163,0.39095904301852175,0.2902742410039392,0.440853737259111,0.319984175459756,0.0057704297609985624,0.24717290003665865,0.20687519342186803,0.2709147795241777,0.04989312602865505,0.23169169990166735,0.024791693063149465,0.0,0.24777004699755859,0.34391618407662655,0.4169056587477282,0.33018186660616594,0.2825952143566653,0.49404047463048845,0.11814102913695948,0.4171056007643564,0.4934531815334325,0.42513535257935064,0.09182387771764768,0.3210017641836011,0.033789732634649704,0.0
0.3173893173597911,0.16868358775900372,0.2164136830482628,0.3392457068183052,0.33795110137195244,0.1350207059565578,0.0,0.15488829888945035,0.12239851515571104,0.22390007638525897,0.29065075066226886,0.3088649004369815,0.41307932012632104,0.23430959528981365,0.15325296117539774,0.0,0.04563679681532907,0.0,0.09440363065479801,0.24002572593404317,0.27207284039272445,0.2263352673361073,0.17511144333163847,0.0,0.07042166346819155,0.20953233461933393,0.208380316452265,0.3424695149808328,0.29503415579256276,0.3047474133703183,0.1613745136093385,0.340490510727552,0.0,0.0,0.18181724840823782,0.253973353364247,0.2921252397102945,0.1330335406885463,0.04870090457280607,0.0,0.0,0.0,0.16099411660484492,0.013975321667859055,0.0,0.338897550282539,0.18154284652005295,0.0,0.3026796127921727,0.37127369490836376,0.0,0.32589759413822716,0.2506341735424503,0.11969419301222578,0.3276377839477988,0.19358440714230488,0.31136520623237823,0.0,0.05483518013036049,0.0,0.0,0.0,0.0,0.012195505392213446,0.03279769753432781,0.0350375789518226,0.0,0.05450470822122517,0.0,0.1907016361356131,0.20235712149094578,0.06059985072545103,0.0,0.13277171175244462,0.0,0.0
0.23975769910917513,0.3133612555495605,0.3686491677181897,0.010983910163009418,0.03227459841742535,0.2689632406971349,0.15488829888945035,0.0,0.32639259693067774,0.05819444599421817,0.27782060252225793,0.22088021592320686,0.34627081353571937,0.07253885376252693,0.27443351364456076,0.043884454414388104,0.0,0.04414063696536515,0.31169316646665274,0.22782442321857085,0.25915891030113153,0.24998029047082104,0.3203374983134699,0.0,0.12501127096325945,0.1920170706301566,0.12464058950177746,0.09014328801691823,0.18354421041227903,0.07962710856549547,0.0,0.1327316629381367,0.16450102512910564,0.0,0.0,0.09803334425880893,0.07674172196202295,0.0,0.01539840609109895,0.10942724951488539,0.0,0.0,0.23408498020430424,0.04539879371122704,-0.0006776345280527484,0.15912061318033646,0.16318142193049265,0.14445506235661504,0.061318051868718144,0.24774222447239003,0.14936047219252246,0.22786291754515312,0.45381623392454506,0.22141036393773073,0.12314497017179055,0.25421704017745844,0.21748633292048183,0.1346815213223707,0.19979279459336716,0.15117821895136302,0.0,0.04298327435825848,0.0,0.28632353589629045,0.04197845386391696,0.1626883148220843,0.012837730538653827,0.15451049501271122,0.0,0.15790061995056434,0.18786164093782387,0.011846966504689114,0.10081418907194874,0.03428924900101494,0.0,0.0
0.23484135148702293,0.19932435935089612,0.30085782834278463,0.0,0.0,0.22097351658717085,0.12239851515571104,0.32639259693067774,0.0,0.12794269185455118,0.23945311851072604,0.11848882629059912,0.07637385269627135,0.09197628848847997,0.29159007646613555,0.10981366751925416,0.003647074184586111,0.16493023123933015,0.41485372534595516,0.29433183691495873,0.16685886387065482,0.3134647490049374,0.11793592625083311,0.0,0.16947912821472896,0.0751922470918159,0.30074789071936064,0.0,0.31525496614145837,0.0,0.0,0.0,0.3697397990320197,0.0,0.0,0.0,0.0,0.0,0.0,0.27435562792894824,0.006433211322683593,0.0,0.16551366745076523,0.03539371610564397,0.0,0.16395170324781913,0.19536268287531086,0.22073601963270045,0.0,0.27419628271037016,0.1568912230111275,0.17494888173073342,0.1772889627968985,0.44806847528360655,0.21449661855088326,0.2561644848140779,0.007543987768562101,0.08619417389075815,0.3748810442231593,0.13277999145863978,0.12315916574310204,0.22616836000754692,0.10393121888881761,0.3426374059397168,0.09565442243453846,0.0996529333245294,0.12201174417207343,0.0435372169877916,0.034470026731491965,0.21780001576980815,0.1945283584705103,0.19825485995355377,0.09931973608593596,0.16490408788368902,0.04539040737064061,0.04176098517385572
0.28648352390594645,0.10853354550196524,0.3034959455476794,0.0,0.16837768511935441,0.35947361343705897,0.22390007638525897,0.05819444599421817,0.12794269185455118,0.0,0.36042942381090065,0.4402747255590642,0.2276763803095506,0.21801822689803663,0.10704116977901929,0.015559343092377269,0.5767665319216961,0.0,0.34048122561988015,0.39616635043059684,0.2976401851712679,0.2802139770725082,0.3953488739262308,0.3488155671814114,0.1479142254484629,0.2687206550706964,0.47853039771758443,0.2599246696126106,0.3486886894642416,0.2759022704146362,0.40369854889381124,0.21872301869689123,0.0,0.24170151483718996,0.18455695893514687,0.24886831654299504,0.19317386187445262,0.40559674971734494,0.08475848964908006,0.0,0.0,0.0,0.19968727520441526,0.11838064512846573,0.0,0.26974541725425616,0.3817270868492774,0.33005106865085926,0.056614126517183214,0.296153831012666,0.10242539030166646,0.2720733679698091,0.30969077553697477,0.30075306235956883,0.26422433881630897,0.297843764575056,0.33827618864314274,0.03469588047976929,0.14790716551249938,0.085320793161524,0.0,0.0,0.10662151966366029,0.2218696066325764,0.2971107184590375,0.1647930830133184,0.14763759636443627,0.356243510825988,0.0,0.32610118989605974,0.358344479484193,0.3703529678998985,0.0,0.2170775665551453,0.0,0.0
0.30490477348312,0.11181235662432572,0.3960970157023222,0.1000067670680401,0.3016394145335644,0.26761761283222624,0.29065075066226886,0.27782060252225793,0.23945311851072604,0.36042942381090065,0.0,0.34841928328803157,0.34706867147433373,0.2994522132640086,0.13666869924084252,0.0,0.28174072544547185,0.0,0.4417650855702504,0.29927176420613266,0.30151032640260644,0.10663182437123149,0.33479614709592215,0.08428531035419855,0.01489157652502991,0.19336521638980006,0.35747811738520213,0.3009514719259522,0.2761517176721255,0.33388349895488023,0.2704860045617596,0.26696841086567524,0.0,0.07854624448600574,0.2521993028364929,0.38260913722063156,0.2995658671811349,0.3051848182303532,0.049255956848372695,0.0,0.0,0.0,0.3475900603207403,0.141922288975141,0.04287807021042635,0.2972311001025392,0.24849440338691464,0.1665451449287037,0.16499643305005143,0.4473967545031246,0.0,0.27761701199731126,0.40209448562496597,0.3146235039702434,0.20770692598990606,0.5807982708642275,0.27011496176778516,0.0,0.14201427028245378,0.0,0.0,0.0,0.0,0.21814717760764926,0.05055371789919882,0.04314981474864235,0.0,0.17984795029889972,0.0,0.21027214104708478,0.2408834611582053,0.17965385728740998,0.0,0.05182535245718711,0.0,0.0
0.2778764891407078,0.251761136100102,0.3438432388906339,0.04386446326668035,0.1557890985465601,0.29010286567069454,0.3088649004369815,0.22088021592320686,0.11848882629059912,0.4402747255590642,0.34841928328803157,0.0,0.3500516534518432,0.2260819333122234,0.11435906373975856,0.0,0.29109259532504805,0.0,0.244543488000372,0.2783516590461585,0.20017702754602834,0.22121964960473042,0.3051744802620252,0.13706012754846783,0.04060850307154263,0.3307097803132994,0.24753831866705217,0.2825069787229435,0.2249908803575573,0.3389870858224606,0.23094715923428857,0.23215259807739022,0.0002843217702952956,0.12978542685766656,0.21721019323722163,0.327599805736398,0.29574319860407444,0.3691689697718021,0.0,0.0,0.0,0.0,0.26000800986292577,0.1242411954454318,0.07257940166466781,0.1837973592728389,0.2067878754794818,0.15916895435559175,0.16221202728796824,0.25209978826796425,0.0,0.1698531295543105,0.33177943371140844,0.17175838297680418,0.4591679049264871,0.24976223952587648,0.5643754122140049,0.0,0.1484812371984161,0.0,0.0,0.0,0.0,0.18080719464178477,0.05819187090401165,0.0034397587806410494,0.0,0.1643675295570749,0.0,0.12535122646517496,0.2633183263805853,0.11054369611182914,0.0,0.0,0.0,0.0
0.3096636799266473,0.34921261143214644,0.30783981599985216,0.20838435886733742,0.3338696931497762,0.40251191077780607,0.41307932012632104,0.34627081353571937,0.07637385269627135,0.2276763803095506,0.34706867147433373,0.3500516534518432,0.0,0.17180962275267775,0.15225697732428245,0.0,0.12741655255385237,0.0,0.21017404894229322,0.2500299350926938,0.3453689301719214,0.1918613085955218,0.4077895909055601,0.08926590428496824,0.14569234161545142,0.40591302173483274,0.2023048480687372,0.5045539528662437,0.2906315128046607,0.45327306980857895,0.2407391800237574,0.2827146542149916,0.0,0.1665810219382382,0.2715686321029875,0.3022115230787112,0.19668113053214117,0.21518514574759504,0.10160852604149424,0.0,0.0,0.0,0.13497502993659374,0.0,0.05980069925971935,0.30937609047624626,0.2543927596934459,0.16629895016045793,0.3182959327522678,0.34208484370000547,0.07024334465442741,0.3427751707685604,0.45824413612652976,0.1281577467013328,0.12107797914251105,0.27168980977221613,0.3334114825788953,0.13720067603959965,0.0,0.11632980016284677,0.0,0.0,0.04325602426743743,0.1472847360542171,0.1584642807973722,0.18609913361028574,0.0,0.23263668577211177,0.0,0.2116102713207234,0.29708970617641633,0.13129750053335998,0.0,0.13335327608524017,0.0,0.0
0.23164332281109076,0.020503897945744528,0.2763773700596311,0.1577483500268839,0.2351420082114439,0.11055901594388748,0.23430959528981365,0.07253885376252693,0.09197628848847997,0.21801822689803663,0.2994522132640086,0.2260819333122234,0.17180962275267775,0.0,0.08875965774603604,0.0,0.08319428420519008,0.0,0.15486495715252355,0.31440190029922566,0.1486623954321622,0.17254177839961865,0.1397663440180552,0.0,0.0,0.11387237874822093,0.2369870160663355,0.22806384971172391,0.2673798232545282,0.2900526103774095,0.18469084723978887,0.2810626775457002,0.0,0.0,0.17956264890466458,0.4018429627792805,0.38289903867847397,0.17020776566498136,0.0,0.0,0.0,0.0,0.30665313956872814,0.2446930270726035,0.0,0.2891504651491685,0.0594944239834201,0.0,0.14799608554295504,0.18010394698321805,0.0,0.06322734010413125,0.1627802189447224,0.01671189405753836,0.24177636739589492,0.16011746238945565,0.21375691890334983,0.0,0.1959812693902047,0.0,0.0,0.0,0.0,0.0,0.0,0.0,0.0,0.025672769294622796,0.0,-0.0033878048592188297,0.0994482611139673,0.007326584187038719,0.0,0.0,0.0,0.0
0.34230460948467395,0.21055737838900773,0.17480498500713773,0.0,0.0,0.16521401743184555,0.15325296117539774,0.27443351364456076,0.29159007646613555,0.10704116977901929,0.13666869924084252,0.11435906373975856,0.15225697732428245,0.08875965774603604,0.0,0.0805655375621194,0.0,0.032495414565662864,0.1632572070363657,0.436581764822397,0.3453083918546381,0.4664641316255549,0.08079638629955886,0.0,0.11855934133071307,0.1128078965194238,0.30315731619888137,0.027223491899774483,0.297280707455039,0.0790791986993715,0.0006745738454350277,0.16067506961665542,0.1755295510716273,0.0,0.0,0.04589438782623501,0.13420754860888967,0.0,0.06388483201757032,0.09313157344572895,0.0,0.0,0.2442090347135719,0.09089764444641386,0.0,0.24419478025529606,0.176432419504846,0.1653452022166068,0.0,0.18438005295199691,0.015366773039924671,0.18528819253343462,0.21873769286681904,0.22959565055130338,0.18745129784382017,0.22753898031154385,0.12490070486596569,0.024082233761627388,0.3167385237889913,0.39128145477130805,0.0,0.007268156836121805,0.0,0.13250848877562454,0.13601709164595036,0.2047196385157748,0.09782322730249572,0.014299314951028347,0.0,0.10653767914699953,0.14907653711123825,0.10508319892586748,0.09842375004484706,0.08798157710438381,0.0,0.0
-0.03410790271323522,0.024042174471780316,0.0,0.0,0.0,0.04238767698534956,0.0,0.043884454414388104,0.10981366751925416,0.015559343092377269,0.0,0.0,0.0,0.0,0.0805655375621194,0.0,0.060642224305465973,0.5593056979972553,0.028439702962228013,0.08076269720624317,0.010315561033476422,0.2669713249763517,0.04756105652657997,0.147414692913433,0.1895357855628673,0.0,0.07789773819024036,0.0,0.08085700344447258,0.0,-0.006085181655436648,0.0,0.30201881981322115,0.13627379276315152,0.0,0.0,0.0,0.0,0.05698849391926949,0.2964475970336752,0.28727882784660547,0.15805360344814615,0.0,0.0,0.0,0.0,0.16672552264483081,0.1563954196853568,0.0,0.0,0.24759688718289374,0.0479929258103905,0.0,0.13184054871951123,0.0,0.0,0.0,0.17826275980737005,0.0821642982131393,0.26312944097160157,0.38424720087533604,0.3105540484004594,0.23676121244079673,0.1450808080032999,0.19651726268862144,0.14391076163945704,0.3809330298132705,0.11366552285113765,0.25508547289241384,0.14875645134153803,0.07093497991235878,0.16200336196654433,0.2013651119198977,0.22507424009045782,0.4002835091363676,0.30357487459416566
0.11926619413149754,0.04087188207170429,0.16868094585454277,0.0,0.10064554056799856,0.2854046994962712,0.04563679681532907,0.0,0.003647074184586111,0.5767665319216961,0.28174072544547185,0.29109259532504805,0.12741655255385237,0.08319428420519008,0.0,0.060642224305465973,0.0,0.10910341029864937,0.3142220435378504,0.22643086626293915,0.16405006862067315,0.11984371145494,0.3097479292811145,0.46253642039617643,0.15643131248842065,0.14997580973762042,0.3529748829304015,0.1818060310565131,0.21176548601794845,0.13696626511277846,0.3607627977598368,0.0227507842549817,0.0,0.3029517522487905,0.09178394695513908,0.15221475930664635,0.10541353555987007,0.3810257411245415,0.05916652225622699,0.0,0.0,0.0,0.11383008196276473,0.12877006016117826,0.03342878712934608,0.12125902175538254,0.33790523776166687,0.2799218796109645,0.012373680779178282,0.18548266965671317,0.12057394270667454,0.16392313502004324,0.1814791107186894,0.23070276865771913,0.11132034071119931,0.2545556027634046,0.2068529118252249,0.11334955713536207,0.011399927568316207,0.09188264996014443,0.0,0.0,0.1705418388150953,0.17165182920912114,0.2924595966074643,0.1365830159968802,0.22244668526343303,0.317376719987296,0.0,0.27664182096103845,0.282888964811722,0.3255292615955137,0.0,0.18830059443264097,0.0,0.0
-0.0030104933025592155,0.14513439125253252,0.0,0.0,0.0,0.1001251115223215,0.0,0.04414063696536515,0.16493023123933015,0.0,0.0,0.0,0.0,0.0,0.032495414565662864,0.5593056979972553,0.10910341029864937,0.0,0.0734524747644339,0.0,0.0,0.17827193148714074,0.021357728939771583,0.2294916584416228,0.33251991802694736,0.04183631448140813,0.0,0.0,0.05412275738927807,0.0,0.0,0.0,0.24927090959768328,-0.016618663633375375,0.0,0.0,0.0,0.0,0.06507373271029684,0.41517822546547245,0.4170365482012896,0.21855882113842356,0.0,0.0,0.0,0.0,0.19923847446080145,0.2246958526407734,0.0,0.0,0.36207807618592164,0.0,0.0,0.1447344259458883,0.0,0.0,0.0,0.3455048245471861,0.014458552902858857,0.2631245409307462,0.5370439207039478,0.49522659272814035,0.4324352776413389,0.19807925231925078,0.2636912814181912,0.16551828444450903,0.4775832831172986,0.11291249153215994,0.43693726439062613,0.2144342326328568,0.12541949738146893,0.14860009236939176,0.38268311055566717,0.26437850614434444,0.5419191973159533,0.452265663510728
0.3100075496886965,0.2196373783684126,0.4546303249405624,0.0,0.08415865880633457,0.38192980577504715,0.09440363065479801,0.31169316646665274,0.41485372534595516,0.34048122561988015,0.4417650855702504,0.244543488000372,0.21017404894229322,0.15486495715252355,0.1632572070363657,0.028439702962228013,0.3142220435378504,0.0734524747644339,0.0,0.30493366294112506,0.2319543222461564,0.2559016242156715,0.36513311621883143,0.23644544601689393,0.20999679512073044,0.24595215821028893,0.36873980085510305,0.13355481254808912,0.3368327764720139,0.13303174489022745,0.12848716380048394,0.0,0.15591623851812964,0.017313993074870665,0.019035661486619858,0.12238221552041535,0.10267753194438388,0.15670154810718692,0.0,0.009508496157549161,0.0,0.0,0.2245602939482585,0.0883236260212604,0.03907700745953987,0.23801331094840752,0.32576732222092525,0.4162879796234843,0.0,0.3543018972493678,0.21445000056343275,0.2446068508086968,0.3530902914304627,0.43564318772382093,0.16132426510632555,0.40753235804269833,0.1495952625135096,0.16714373374120942,0.24968553841901836,0.08367978508390347,0.0,0.019271911777371142,0.160938292304536,0.5314597447829057,0.2258999354159948,0.1770792488000108,0.1578308842839188,0.26356540026677544,0.0,0.3237780875767255,0.33717320098482395,0.3043146169066019,0.06613630132727201,0.22783749385240376,0.0,0.0
0.3976822523210653,0.12712625609460648,0.3531640388901776,0.0,0.07759499950834078,0.32556635171537346,0.24002572593404317,0.22782442321857085,0.29433183691495873,0.39616635043059684,0.29927176420613266,0.2783516590461585,0.2500299350926938,0.31440190029922566,0.436581764822397,0.08076269720624317,0.22643086626293915,0.0,0.30493366294112506,0.0,0.34438485514161626,0.528019929818075,0.3262981320597564,0.0281346483429352,0.0576196721313605,0.1923493461453422,0.5426928148940802,0.18755699381846833,0.5313120873568076,0.29008331390762265,0.30338435281402315,0.223668058420566,0.0984909120137894,0.07628899596371014,0.10776811463134461,0.23884672109189684,0.29408519354903484,0.16853504614660053,0.001241723789843163,0.0,0.0,0.0,0.3487702261996991,0.15554379801432602,0.0,0.3641188955893695,0.27047460486301467,0.2457024883157765,0.026697549739554922,0.2887475582404091,-0.014692945371240905,0.25023469201770954,0.28405017147706735,0.2553831104111209,0.2647764247016614,0.2626083845770507,0.1965167678104894,0.0,0.32658799981403364,0.20033885664598597,0.0,0.0,0.0,0.15399873450079513,0.21886846471982685,0.14924095590779532,0.05651315636194947,0.1889551514601716,0.0,0.19065201593492376,0.2697271776629953,0.263814973753685,0.0,0.17698608487079132,0.0,0.0
0.4225907219490774,0.24715855997811115,0.2520500146056642,0.027119009396878037,0.1702414851766134,0.31132409866997685,0.27207284039272445,0.25915891030113153,0.16685886387065482,0.2976401851712679,0.30151032640260644,0.20017702754602834,0.3453689301719214,0.1486623954321622,0.3453083918546381,0.010315561033476422,0.16405006862067315,0.0,0.2319543222461564,0.34438485514161626,0.0,0.28152735421182784,0.3829628747837702,0.1086118377954581,0.22670166180355408,0.26789518493885056,0.3439991020751755,0.2939771657583505,0.33281621099078273,0.28118248757650866,0.20459307087975845,0.27305072427259675,-0.0032690420350720076,0.1251060205459676,0.14854581259265628,0.2062339085450156,0.09766759170034303,0.16097949477078552,0.21496617548233682,0.0,0.0,0.0,0.15576949365202913,0.0,0.027541455686405893,0.4283308051308746,0.373455762063579,0.2557494702997734,0.09698663460912986,0.3323894723624872,0.16065714026657263,0.3268515039443342,0.4520795888001223,0.2896991283510642,0.15932202111260912,0.32715029891571756,0.23969267137721179,0.2043026383799196,0.12492164080299586,0.2872654359732947,0.0,0.0,0.15566839460613524,0.20503999182060798,0.23709693087693806,0.4265583730147945,0.07603787326834881,0.33868716816931665,0.0,0.330782658240533,0.35712192008936616,0.3121200689129262,0.09339621191438217,0.30553392010989044,0.0,0.0
0.4299158746104541,0.26872689315131887,0.2846728717205049,0.0,0.0,0.2682226495557154,0.2263352673361073,0.24998029047082104,0.3134647490049374,0.2802139770725082,0.10663182437123149,0.22121964960473042,0.1918613085955218,0.17254177839961865,0.4664641316255549,0.2669713249763517,0.11984371145494,0.17827193148714074,0.2559016242156715,0.528019929818075,0.28152735421182784,0.0,0.23802500405865504,0.03795238787050621,0.22292136835369283,0.22838997253556628,0.42042089833764634,0.04529786916006932,0.43201984618641975,0.07867269805762644,0.11339273910555969,0.16274285422900267,0.2270426844464999,0.004707454868873876,0.0,0.05240291228539874,0.16728024710737663,0.0,0.027283651616911663,0.05937568945158831,0.0,0.0,0.19912791224838527,0.09840407716343572,0.0,0.317431498413425,0.3059719918585157,0.2546990989480284,0.0,0.20950895869618047,0.12084834038289666,0.21943771071944798,0.21354854175646007,0.2543136656810622,0.1803862462972106,0.10575431923499684,0.1272175700508433,0.024307586687322448,0.3132713064690886,0.26489908408672397,0.0,0.014519031500205571,0.07956670229794949,0.21828391084314858,0.18876964811400015,0.17088526801394094,0.18773181800077365,0.15219754416830472,0.0,0.23797975328487586,0.2833941194827679,0.23744045307549194,0.049312232101913385,0.22983958583576547,0.0,0.0
0.32046261303500356,0.3097422190630669,0.35958014642902947,0.0,0.2919129239799943,0.5582426216135324,0.17511144333163847,0.3203374983134699,0.11793592625083311,0.3953488739262308,0.33479614709592215,0.3051744802620252,0.4077895909055601,0.1397663440180552,0.08079638629955886,0.04756105652657997,0.3097479292811145,0.021357728939771583,0.36513311621883143,0.3262981320597564,0.3829628747837702,0.23802500405865504,0.0,0.36505277460332386,0.29859198986428037,0.45820979339191314,0.4512850798642096,0.3784100209904092,0.38339138198762424,0.3534348411738951,0.33587023969310575,0.201043047909729,0.0,0.2535601457704521,0.2160548596301236,0.21065017646463993,0.07340862500926704,0.26333546989718654,0.17326640354369324,0.0,0.0,0.0,0.059131463214031836,0.0,0.0,0.2988793104918866,0.47231835646024145,0.46621157559516757,0.20070395591311727,0.326891398335408,0.31244119372254153,0.34569217036635613,0.551660645649037,0.295513816976655,0.0,0.29016556880286404,0.23723567545700247,0.2498169595450589,0.0055331604655680195,0.16842484485585868,0.0,0.0,0.18994378069818202,0.31735672499735645,0.3759143650101088,0.3556899782305706,0.21020342970418737,0.5916457450394043,0.012121025682332502,0.437313520282331,0.5023698222066074,0.41696766929541657,-0.0007411585722921445,0.32490969098984746,0.0,0.0
0.08610200080752671,0.19762453305805283,0.08836141892613851,0.0,0.05842162416807957,0.36615862917188274,0.0,0.0,0.0,0.3488155671814114,0.08428531035419855,0.13706012754846783,0.08926590428496824,0.0,0.0,0.147414692913433,0.46253642039617643,0.2294916584416228,0.23644544601689393,0.0281346483429352,0.1086118377954581,0.03795238787050621,0.36505277460332386,0.0,0.3285436144641252,0.3294187595474148,0.18437916613690122,0.17802519580207532,0.04690839525233179,0.0571623003289085,0.22050900344875204,0.0,0.0,0.3017341007552179,0.018657218181888573,0.02495158781691758,0.0,0.2352234593757614,0.09560556666632919,0.0,0.12066650817678315,0.0,0.0,0.0,0.12624030616086798,0.0848217312569762,0.3604589185646016,0.38772621661159135,0.0,0.030196760073389308,0.3702269919645476,0.08262347396662088,0.21674479158590143,0.11127956000142046,0.0,0.09759351181484231,0.12921527238643685,0.2967394323164153,0.0,0.2163655761983995,0.1586099482691149,0.0969476211505859,0.35622218677849055,0.18163759145516487,0.45493673416953206,0.31917012729153005,0.4224028417676684,0.4323338826192207,0.3520521940058848,0.31333795914918006,0.3674079545733141,0.3386863578764781,0.18521587802774647,0.26405248034302614,0.2260522639179255,0.08847225735932453
0.2709059081129421,0.5138802812613169,0.07042889710580431,0.0,0.10083025272423812,0.38613948141124743,0.07042166346819155,0.12501127096325945,0.16947912821472896,0.1479142254484629,0.01489157652502991,0.04060850307154263,0.14569234161545142,0.0,0.11855934133071307,0.1895357855628673,0.15643131248842065,0.33251991802694736,0.20999679512073044,0.0576196721313605,0.22670166180355408,0.22292136835369283,0.29859198986428037,0.3285436144641252,0.0,0.44643131149073123,0.17712786352384507,0.08647135462504535,0.13885747527416814,0.0,0.0,0.0,0.0,0.0,0.0,0.0,0.0,0.0,0.2162907762333441,0.22642596365737447,0.2372931823678652,0.07385922596776827,0.0,0.0,0.0,0.18862377063702937,0.46057170647807255,0.4430218200338775,0.0,0.1528970448340045,0.5249144458844803,0.16585199999002295,0.2290595151912988,0.2933980437816507,0.0,0.0843751472802725,0.03572072105793768,0.41264022957729274,0.0,0.29115570938704705,0.32487238992376705,0.3187933730144295,0.4554025494566437,0.307999231925303,0.40604806222593504,0.3600722579991402,0.47396593251424407,0.3910750843948718,0.34189185222009755,0.5005437838869613,0.47859589036451516,0.39279366212551975,0.31347283881409166,0.4292475222360094,0.3122919298734667,0.24746723080479446
0.39054732605297277,0.5458061116927383,0.2378552404796079,0.08911104030062429,0.26604844648414455,0.4984717415463385,0.20953233461933393,0.1920170706301566,0.0751922470918159,0.2687206550706964,0.19336521638980006,0.3307097803132994,0.40591302173483274,0.11387237874822093,0.1128078965194238,0.0,0.14997580973762042,0.04183631448140813,0.24595215821028893,0.1923493461453422,0.26789518493885056,0.22838997253556628,0.45820979339191314,0.3294187595474148,0.44643131149073123,0.0,0.25139816627170736,0.4124134664954355,0.23298189641393033,0.30747974181540133,0.1186958974355891,0.11790262148169048,0.0,0.05930986893572423,0.10696676351961659,0.17751212919720066,0.07555261408673322,0.12930066086594585,0.10365039579398914,0.0,0.0,0.0,0.00780225931473299,0.0,0.002671262638749165,0.32748238250674194,0.42159996749146506,0.3816861858895482,0.14867137302086314,0.23384180820250092,0.2792433931552184,0.1918418385768817,0.393322401595008,0.1775123635498464,-0.011408994377060023,0.16925737497249582,0.27374698637941686,0.2102449617652175,0.0,0.16078188252318237,0.0,0.0,0.25978909512069853,0.22926425680203544,0.365006039179074,0.28659156042679956,0.20958091570701942,0.40729898311741347,0.11532960406032697,0.3863952937549299,0.5513893999474573,0.318114945480801,0.07745539037799781,0.2715716724671273,0.0,0.0
0.3507838175768772,0.1405006688803804,0.3662043325368052,0.0,0.19713985221488595,0.42430568533566315,0.208380316452265,0.12464058950177746,0.30074789071936064,0.47853039771758443,0.35747811738520213,0.24753831866705217,0.2023048480687372,0.2369870160663355,0.30315731619888137,0.07789773819024036,0.3529748829304015,0.0,0.36873980085510305,0.5426928148940802,0.3439991020751755,0.42042089833764634,0.4512850798642096,0.18437916613690122,0.17712786352384507,0.25139816627170736,0.0,0.20473302682659475,0.5153754716336199,0.26218018991970876,0.3448400288808693,0.1964336597922403,-0.008048035585007218,0.13962124420841085,0.13119025247104443,0.1903159505950882,0.16824512423650043,0.23649150474391778,0.07739609088554754,0.0,0.0,0.0,0.19344484808987197,0.0729357718584631,0.0,0.3000471143476477,0.4218684619224223,0.42552538407038853,0.0,0.3481662030925109,0.14755118542818374,0.34863779202674045,0.3300456621009864,0.41984138556475764,0.1472697075708674,0.3468030667292214,0.1419523059032525,0.05544322863468336,0.1897142096786957,0.18015248777101467,0.0,0.0,0.0695189494009877,0.24546350616240983,0.32435503783430647,0.2187455316790981,0.1661602678647853,0.39616457890751994,0.0,0.35298971484375713,0.39012124388433844,0.48366549450807145,0.0,0.30339550604120097,0.0,0.0
0.2892076292349349,0.1876009634892191,0.2245604461638787,0.34591423281394845,0.48954987373556363,0.33784138711237954,0.3424695149808328,0.09014328801691823,0.0,0.2599246696126106,0.3009514719259522,0.2825069787229435,0.5045539528662437,0.22806384971172391,0.027223491899774483,0.0,0.1818060310565131,0.0,0.13355481254808912,0.18755699381846833,0.2939771657583505,0.04529786916006932,0.3784100209904092,0.17802519580207532,0.08647135462504535,0.4124134664954355,0.20473302682659475,0.0,0.2357623146887767,0.5839343520792825,0.3511358502709268,0.3175506785105199,0.0,0.21491916176673123,0.3362780104713847,0.4052795317493411,0.2326105129956,0.3281875555346702,0.14986072293412916,0.0,0.0,0.0,0.09369035997164232,0.0,0.020678261216550666,0.3414694134481806,0.22251165971626652,0.1609769802871336,0.39926989251752626,0.33606999047891734,-0.014931571104814733,0.26236699013102494,0.36756417461519686,0.015665315692148275,0.03651909786845193,0.20696403564086863,0.2868063240317536,0.09671591357936192,0.0,0.025946939102401957,0.0,0.0,0.08844760018758506,0.056703302128209974,0.22989257312727396,0.1911549111697041,0.0,0.28929163186006807,0.0,0.2015612327186939,0.31617481817246695,0.14671446016815626,0.0,0.14196639050232804,0.0,0.0
0.4106040869792427,0.1437205247365067,0.37504965525412504,0.0,0.20454213683111722,0.4286703247816922,0.29503415579256276,0.18354421041227903,0.31525496614145837,0.3486886894642416,0.2761517176721255,0.2249908803575573,0.2906315128046607,0.2673798232545282,0.297280707455039,0.08085700344447258,0.21176548601794845,0.05412275738927807,0.3368327764720139,0.5313120873568076,0.33281621099078273,0.43201984618641975,0.38339138198762424,0.04690839525233179,0.13885747527416814,0.23298189641393033,0.5153754716336199,0.2357623146887767,0.0,0.302499228524245,0.31557981386295475,0.14740673566302598,0.10642354608470678,0.07636692758717442,0.09180204415143,0.18242766358501564,0.16660949423044655,0.14764736971765993,0.0,0.0,0.0,0.0,0.21442171829562523,0.08083385096633434,0.0,0.38326974729312574,0.3106454820821968,0.28981172106102443,0.06344582527244358,0.3284576281341661,0.1064895140728497,0.3109267623769599,0.27606724962667184,0.2998097952171085,0.2189838158175684,0.22441088455084265,0.1131229919398768,0.06638258767909713,0.2612362356636885,0.12982570696327292,0.0,0.0,0.1274942956567408,0.25335504567302225,0.2719135963873251,0.1834316981854548,0.10074668226814795,0.26145220875675884,0.0,0.30954894847304293,0.32429665286889864,0.33417854575391126,0.0,0.3377972795083361,0.0,0.0
0.29848455502663285,0.07527692075251201,0.3108618134670997,0.24276528283297918,0.36787995440017734,0.3004275372942337,0.3047474133703183,0.07962710856549547,0.0,0.2759022704146362,0.33388349895488023,0.3389870858224606,0.45327306980857895,0.2900526103774095,0.0790791986993715,0.0,0.13696626511277846,0.0,0.13303174489022745,0.29008331390762265,0.28118248757650866,0.07867269805762644,0.3534348411738951,0.0571623003289085,0.0,0.30747974181540133,0.26218018991970876,0.5839343520792825,0.302499228524245,0.0,0.4235532321351096,0.3690124307642,0.0,0.23456196027614326,0.39723917264118574,0.4807477121970439,0.32379484127429525,0.3998983718765593,0.07006173027346266,0.0,0.0,0.0,0.23323219986308205,0.026588354598106285,0.0921680317618478,0.32968814235767296,0.11427454064905035,0.10357600377869931,0.3010541248905484,0.29335604846879776,0.0,0.2426376967765518,0.335092853392102,0.007674554962963737,0.14344220197450602,0.24677353446849193,0.3081876734751262,0.0,0.0,0.0,0.0,0.0,0.0,0.03369251527207739,0.1398453359181188,0.08240619238083478,0.0,0.19453112019327715,0.0,0.09256279239124214,0.21133240834782568,0.09818423725956656,0.0,0.05714551434255318,0.0,0.0
0.1271275676299261,0.0,0.14854454481617413,0.021030996715803912,0.22693780207026862,0.2482049591410096,0.1613745136093385,0.0,0.0,0.40369854889381124,0.2704860045617596,0.23094715923428857,0.2407391800237574,0.18469084723978887,0.0006745738454350277,-0.006085181655436648,0.3607627977598368,0.0,0.12848716380048394,0.30338435281402315,0.20459307087975845,0.11339273910555969,0.33587023969310575,0.22050900344875204,0.0,0.1186958974355891,0.3448400288808693,0.3511358502709268,0.31557981386295475,0.4235532321351096,0.0,0.23460844850350873,0.0,0.507971765806734,0.43030319300086417,0.32530302581307935,0.27877675381091777,0.47827536123481146,0.08519933734192021,0.0,0.0,0.0,0.1850951954205575,0.10093832596357165,0.030580953907293904,0.22511395715516946,0.17295271905897805,0.10601436810765281,0.23645733166505786,0.17819799676061165,0.0,0.23888556135217068,0.2142832896640559,0.0262586924772528,0.049210783593931405,0.15424999051794427,0.17522967291805688,0.0,0.0,0.06307894746417574,0.0,0.0,0.0,0.0,0.22801456255670005,0.13544525680899874,-0.010228228669228862,0.26199631756733277,0.0,0.13669948760979833,0.1677760618291703,0.21332383878415023,0.0,0.12478536516296555,0.0,0.0
0.2624389430891263,0.061245993638321554,0.10720479079312605,0.3358392965952179,0.28640340470581027,0.08067089815419051,0.340490510727552,0.1327316629381367,0.0,0.21872301869689123,0.26696841086567524,0.23215259807739022,0.2827146542149916,0.2810626775457002,0.16067506961665542,0.0,0.0227507842549817,0.0,0.0,0.223668058420566,0.27305072427259675,0.16274285422900267,0.201043047909729,0.0,0.0,0.11790262148169048,0.1964336597922403,0.3175506785105199,0.14740673566302598,0.3690124307642,0.23460844850350873,0.0,0.0,0.05371159025425649,0.29866807685974095,0.3451383172633259,0.2619513495596849,0.19360844461500837,0.37809338338664583,0.0,0.0,0.0,0.18415658817689315,0.027744972150201667,0.0,0.2503408754335566,0.07867238882513976,0.014186285671756343,0.1999862260193283,0.24419503379958696,0.0,0.18356535256938195,0.3047233553982931,0.05114186387549434,0.09760153273867267,0.19639402354358573,0.2532549981248312,0.0,0.0011186364082272026,0.0,0.0,0.0,0.0,0.0,0.0,0.0,0.0,0.11604300902566249,0.0,0.029348573378166935,0.05910223285645974,-0.006695941009244735,0.0,0.0,0.0,0.0
0.10335015090711888,-0.002851550505020895,0.1905714938526452,0.0,0.0,0.0,0.0,0.16450102512910564,0.3697397990320197,0.0,0.0,0.0002843217702952956,0.0,0.0,0.1755295510716273,0.30201881981322115,0.0,0.24927090959768328,0.15591623851812964,0.0984909120137894,-0.0032690420350720076,0.2270426844464999,0.0,0.0,0.0,0.0,-0.008048035585007218,0.0,0.10642354608470678,0.0,0.0,0.0,0.0,0.0,0.0,0.0,0.0,0.0,0.0,0.3928414461587436,0.1774921701796863,0.15059080843048317,0.11833461272773312,0.05103861085088543,0.134003530697236,0.0,0.0,-0.006428964608474959,0.0,0.0,0.04301751582962238,0.0,0.0,0.18551448144024207,0.19856683975730613,0.0029886554555679707,0.0,0.0,0.3680797846289119,0.04674137203399816,0.1965010109982287,0.26404128999873705,0.0,0.25145041551364267,0.0,0.0,0.03382509047749346,0.0,0.07059981108350408,0.0,0.0,0.0,0.10732459338418818,0.001614923464632195,0.13621224388811093,0.1902305993846157
