0.0,0.10541795763709376,0.06694550271797063,0.14406216881766978,0.11692263806194429,0.2619051309838067,0.1181577346808268,0.14704963087120423,0.13479957723642047,0.22391825655432926,0.13747338950863192,0.1332814211938301,0.22003587143246942,0.0,0.07694638629152396,0.3832130643359191,0.12242112607053626,0.21974661944420842,0.08007417639716555,0.02574971074514781,0.3325483445982269,0.150387810756881,0.21016201970552423,0.22126368329449103,0.24076339930382976,0.18550684828052874,0.17092573999262353,0.21710951558334454,0.38867540754856866,0.3066923496490094,0.33006346839381157,0.2435054660631197,0.33166021990175615,0.2413518595076691,0.08998290901869377,0.0,0.0,0.029915964519282502,0.1824070380713572,0.33616070257878156,0.13579985866017227,0.07815087688224459,0.03997228438556495,0.06284312204559736,0.20741529352110952,0.4410013962315253,0.1815070630717814,0.07629923160178524,0.19187327668362206,0.17729003924378076,0.1568428945547949,0.23465086524967682,0.1308916689882862,0.11632936385870653,0.1036804753713962,0.11855976644517018,0.07989876955381274,0.2452833743202951,0.10233879649312627,0.09604244452226099,0.286055762548057,0.11990345673641338,0.26222733126072995,0.11091717772934931,0.03615995483752837,0.32296248995548354,0.15769087109961186,0.17795026717597792,0.24314288319916671,0.20502640681001386,0.21172296037365154,0.19775192322775714,0.30557859903190937,0.3307584373535802,0.24347707031832996,0.24704804077636278
0.10541795763709376,0.0,0.061150153708465015,0.0,0.17401632084903834,0.256266551509686,0.08009021115381741,0.11548347569858314,0.13419900992569778,0.05359257539841882,0.018327886342670338,0.08283176098366678,0.2342333592267913,0.3448697541443825,0.0,0.24085148625061764,0.05920850730695268,0.3048201526082435,0.051037762459715814,0.06605566331373783,0.14610977873129188,0.2617816418603373,0.0,0.20444498798953742,0.3410103180434058,0.4801816248854961,0.0,0.011739111595710585,0.0,0.13690295529826615,0.07171236169270694,0.3351789423250598,0.06540395826191352,0.15350571295572693,0.11752443472389103,0.25717488766456215,0.2769083920496412,0.12075874218445702,0.2669970422615337,0.01759407395253176,0.2267107722725048,0.23562988187724743,0.3227257928185365,0.29475129431605246,0.13567395129411963,0.013341371331724135,0.032035755584711334,0.0849580512792875,0.10640377661792169,0.0,0.0,0.03556123971353317,0.13991339262225858,0.0,0.09771780509099505,0.011372799811691854,0.1438126329421262,0.20552444167222164,0.1655123215675667,0.0,0.17426003752530073,0.028400462454915433,0.023388802819659903,0.059600286273530624,0.01590225910944827,0.10182199600510902,0.018138879003187405,0.0,0.0790681502903251,0.10230179158663065,0.25676253138069527,0.0,0.16258199403472604,0.0,0.32458175375437487,0.3196509988727251
0.06694550271797063,0.061150153708465015,0.0,0.0,0.4562409867789341,0.37684964869696863,0.31329353522256637,0.359228981331626,0.5119054231020019,0.21663151013593548,0.5947950585458676,0.3311730367962485,0.27967472759878365,0.17071650791622184,0.4076724419770881,0.0,0.13722416228270412,0.10444374161826286,0.5736164838426038,0.4853680200183466,0.2671974318780356,0.43135440705364025,0.3486989783910019,0.2111687462538519,0.020159900956593174,0.24025370556364503,0.46585928264340243,0.38279636104705084,0.20094676407289702,0.3067803783454229,0.2046646797388927,0.013179336741315193,0.14886491001687527,0.27691105778577635,0.12468068261339298,0.2389646231903158,0.19198518421601463,0.16099210814075754,0.0,0.12340483903681262,0.0,0.0,0.0983950613893939,0.0,0.16769006836327272,0.13163252447927037,0.31514641013783523,0.6298850661673271,0.007071591647545799,0.2999330582416556,0.37713478488594576,0.28715609720513635,0.3975153813722265,0.5030419206353379,0.348906117952562,0.572483258809798,0.39726773864719567,0.16965617708179917,0.0,0.4139129611758448,0.22350708658839605,0.2968298565455267,0.22530050105350305,0.5847985299329838,0.5035288931333194,0.3371687418513062,0.46605000530435653,0.41502615621064753,0.1951400179218241,0.2713986583927926,0.348226595690199,0.4044272796081293,0.24947495713148515,0.2094025285768945,0.12521007720533925,0.0
0.14406216881766978,0.0,0.0,0.0,0.0,0.10389780660909921,0.1504635847380311,0.11814997594930303,0.0,0.3044367667861593,0.0,0.23479409460833303,0.13304148781778746,0.0,0.06942042519379787,0.12291352534168601,0.271113464307947,0.03392218574581548,0.0,0.0,0.1577796317836357,0.0,0.19611823566678824,0.17140849539088313,0.028897616849563795,0.021076494712957226,0.1344646997757355,0.20482469981699306,0.2524306862304133,-0.00472157648082764,0.17174136850363522,0.08901800050555993,0.20371687728751295,0.050140054606947,0.00873021076087361,0.0,0.0,0.01736655782402959,0.08031787251026778,0.23629539736725755,0.0,0.0,0.0,0.0,0.015611818414650846,0.22113333000429605,0.1727362409956493,0.0,0.030847503046256494,0.1273507896298504,0.16305754332092331,0.12684018024017316,0.03823494204498889,0.04363060064655639,0.1802983762329142,0.0,0.04632078792784502,0.08178254871598932,0.0,0.12904601645517538,0.10605440181656002,0.18254223926472596,0.23873852512169302,0.0,0.0,0.15294263417941564,0.015032897866590894,0.14688596705084841,0.20048937605016873,0.09678628550377401,0.07897581716948626,0.15533185178566736,0.05899949395649059,0.21239679600613545,0.0,0.009864466281987519
0.11692263806194429,0.17401632084903834,0.4562409867789341,0.0,0.0,0.30078756783930233,0.49223882452819984,0.29251900655444907,0.587846937018145,0.19795421832691482,0.5113173848527622,0.2961616747207911,0.2748534478281933,0.2501873736871262,0.32811000549524943,0.019448658322589477,0.16217213492674104,0.15789008938718477,0.33949860796320946,0.4367526514751449,0.28085870947674635,0.42434268113252455,0.2411126808459969,0.28779788291207187,0.10973855376748105,0.29709091729418063,0.3786939548484008,0.3879657329317597,0.15352945549726535,0.22849229660472892,0.2539982467703873,0.04420842298935521,0.1215120664288467,0.3314462788607777,0.1538336265271881,0.36756798727987344,0.14434633150204104,0.23011474101038598,0.0,0.0801738147175996,0.0,0.0,0.1982677834692606,0.0,0.182169832152674,0.17125292146281426,0.3126408878603926,0.48197024498473007,0.1305695964848236,0.3780175833368844,0.2847554621924807,0.35562945080701747,0.34926269337747,0.5416158607568291,0.36659797256942256,0.523713586009678,0.3983948761778917,0.1817545325206906,0.0,0.29436539282011187,0.24683914651226446,0.2958982924562416,0.2482070848901123,0.3896615880342424,0.4372615085812354,0.3100950574444589,0.42942255058086115,0.30589572275991217,0.27882083961933224,0.2962815205834449,0.3823289866177097,0.3528503229585363,0.3242185823575944,0.16852855054384044,0.11101449054858573,0.05247699711365165
0.2619051309838067,0.256266551509686,0.37684964869696863,0.10389780660909921,0.30078756783930233,0.0,0.3835900733528359,0.528646129649139,0.34866614211074204,0.445508121135854,0.3469421244594282,0.5018702072561466,0.5495155242805614,0.08954440318975354,0.37458325579879453,0.2387837387541648,0.33368446358500276,0.3180544722605437,0.2823158466156151,0.3559380676257492,0.5221444384729796,0.3769993192126124,0.5317994632587281,0.392615349774879,0.21935311649111794,0.43640421687541886,0.4318004315387933,0.4293056749799491,0.4246610239796561,0.34121086344726387,0.30380321225785756,0.19797114254612508,0.35174290260809266,0.35403966926635366,0.10807020931436453,0.1711431719544741,0.11837160796626159,0.20640158188605706,0.0558570203763437,0.3232497326588962,0.0,0.0,0.1766055045013331,0.0,0.2625180506035555,0.28561393244512573,0.4256389836165721,0.36662002192157506,0.10500909736459582,0.26003684579446007,0.4842934013916929,0.3375315035432698,0.48526263247904305,0.3590822374078136,0.40496555091931113,0.3474636942335907,0.4412276133018125,0.3840453108910628,0.0,0.3708894422300405,0.36795138365584024,0.3534809399686196,0.36258000843695404,0.30934071751570014,0.33977759844375116,0.48433373277764,0.3836799553263028,0.4903902338490933,0.3338576678819138,0.364193188083107,0.4656924130550518,0.41189608923793675,0.32541028127567034,0.29314587451118734,0.2024211948469359,0.08379041317827841
0.1181577346808268,0.08009021115381741,0.31329353522256637,0.1504635847380311,0.49223882452819984,0.3835900733528359,0.0,0.3354619786351361,0.4116804288164899,0.4100134288492175,0.41949917725433933,0.41141912464911456,0.4230984882396756,0.01572608336809197,0.36560259848626686,0.09412462477520554,0.4215086599391472,0.25738629083914644,0.1683063897417532,0.3714225401086389,0.32070571721369356,0.3112869281251269,0.3909623861930532,0.3268627251363281,0.20799456384955653,0.3207536289868439,0.45895897271381214,0.4640428653150979,0.32204325291847,0.19491964285629632,0.3666070655021934,0.05885618553972631,0.21905038769604407,0.2696473021616035,0.07836661525312058,0.20546296943292236,0.0,0.25844222104407816,0.0,0.1969641061081738,0.0,0.0,0.10271160685613122,0.0,0.1842667677055381,0.2738944436546257,0.48144189444980023,0.3531396821034751,0.1535651249651924,0.4213868055351815,0.4453410999260886,0.46905392511261224,0.34490597203628637,0.47377636417253927,0.5497203972153506,0.4222872952607986,0.404932859563248,0.2758466483339648,0.0,0.4009241352118735,0.3268709615185332,0.49469015260152643,0.41196271887710895,0.2536313485995359,0.41781356055677776,0.39984562763087217,0.44752542632401193,0.40826663596493434,0.3622033675098981,0.44559754907308263,0.46854212316227817,0.4896227753284168,0.3232313445732254,0.3312481238217332,0.030773645882632004,0.0
0.14704963087120423,0.11548347569858314,0.359228981331626,0.11814997594930303,0.29251900655444907,0.528646129649139,0.3354619786351361,0.0,0.3195961777245271,0.4129872794083453,0.3384572306057416,0.5726015138229971,0.44345646096227753,0.06410894205565894,0.4189459200455955,0.0025396951027476028,0.3445938905779712,0.1443685642933619,0.2630489037018692,0.39897699133022285,0.4738875223059512,0.30479803694813506,0.5735327382809358,0.4638353581721248,0.007300216376964888,0.40831130125097,0.3886625789884873,0.40591440466037376,0.2400632257346011,0.204111564241665,0.19388304550590899,0.09482194448092332,0.274988435350819,0.27143047966323,0.10311776231569866,0.22824336089860825,0.10054404489753709,0.22811156609735256,0.0,0.24117597779478986,0.0,0.0,0.20388961244411394,0.0,0.21684956305061023,0.28067294001732546,0.43846246130471345,0.33928334134695926,0.12310151356096898,0.3235584280207806,0.486307443241074,0.32767323513403035,0.6052221579024575,0.3759378473418639,0.4112766730047503,0.3816381200668423,0.5317989907207401,0.31790764381278924,0.0,0.44442222595151065,0.22098437431823695,0.3871294529940489,0.3003021921780474,0.3056404385856374,0.3843985344003856,0.4730359743052057,0.4055123655640357,0.5543610897264967,0.4077187421286786,0.2781861522492289,0.48100453150733297,0.3868921340722177,0.2864212582810792,0.1995899515605402,0.05000804615261353,0.0
0.13479957723642047,0.13419900992569778,0.5119054231020019,0.0,0.587846937018145,0.34866614211074204,0.4116804288164899,0.3195961777245271,0.0,0.19370288458962967,0.5449907260707761,0.3335102334878833,0.2957112320157995,0.2310547349994318,0.38608775015687957,0.0,0.11919201153267668,0.09038578472338936,0.4390178164527135,0.4820726338095646,0.3055266169148207,0.44673989261251595,0.2771986483284005,0.24422690538080077,0.01241368529287059,0.27480973555641897,0.4205253646218261,0.3643792414434925,0.1775815266167263,0.2648624237066961,0.19249547377257756,0.02301116875183739,0.14804498660183385,0.283156274341522,0.11650796056903524,0.33490889111470745,0.1348694312197446,0.175619473121453,0.0,0.10267432544156901,0.0,0.0,0.1954828701315451,0.0,0.19482118761061615,0.17835437928179193,0.2966868914645477,0.5644849323646256,0.18401733222063896,0.42085782419873413,0.32489759121183887,0.3678720847574,0.35668774941114745,0.5996159389470433,0.31635256668302625,0.5500169579772718,0.41654575065622973,0.24337585113562396,0.0,0.36184565554651105,0.22494078115229274,0.3000618190689646,0.23547001201593593,0.43887043992045105,0.4741627784637,0.3318990812579475,0.45006298621815144,0.3397459615845765,0.2423586401904553,0.25291927501328526,0.3776210539251588,0.37245861585494816,0.34425646787014763,0.17297905162746027,0.10003635081470662,0.01327524064617363
0.22391825655432926,0.05359257539841882,0.21663151013593548,0.3044367667861593,0.19795421832691482,0.445508121135854,0.4100134288492175,0.4129872794083453,0.19370288458962967,0.0,0.28067727994804165,0.5090750929948166,0.444975181130408,0.0,0.29451900181399643,0.24636895766514066,0.5503223864467774,0.2995982033545758,0.09354717458906313,0.25288628072961494,0.37316225812722575,0.2091243286010588,0.4827650599730824,0.41729110915791234,0.23763896982476104,0.36924337351626074,0.3904641509694488,0.42726653862117997,0.40801518423757427,0.31959319322402885,0.43605697286490813,0.20579075805255112,0.31709440780715753,0.24472479875866918,0.13696591949904705,-0.006665884582378702,0.0,0.24953193490106726,0.024641086798153675,0.3710918139471725,0.0,0.0,0.10953544307643542,0.0,0.22554755096599627,0.4102086081525571,0.5147179614257327,0.2405744540446448,0.2159559237141646,0.35604447479979634,0.4431825624112442,0.46953003100774204,0.3732629220134639,0.2936637254536786,0.5385397507809299,0.2779983323420758,0.3712130474134677,0.4125942394790897,0.0,0.3526270402089244,0.42205252313646985,0.5376757293471721,0.49600211417814444,0.20407543425497313,0.2843087872007207,0.4230632914381794,0.35544030473318766,0.45957584672525187,0.41158029213514447,0.44381232224524464,0.46859456018064816,0.4182561463692114,0.4008701681116251,0.4046438841489168,0.2090211007552985,0.05519696414254063
0.13747338950863192,0.018327886342670338,0.5947950585458676,0.0,0.5113173848527622,0.3469421244594282,0.41949917725433933,0.3384572306057416,0.5449907260707761,0.28067727994804165,0.0,0.3707463741123658,0.31356298888514067,0.09633449362277838,0.4383637363981885,0.0008462627696602946,0.24260484482369327,0.11979277846654819,0.5092094044028218,0.48502622235271764,0.2860806303276915,0.43787876117474644,0.37189037288272336,0.23093290012684867,0.06051234611784556,0.24240009215154418,0.5241858131485494,0.44870683986914206,0.28071504492945004,0.2935184353894461,0.28044168668383024,0.0,0.16339948752008,0.2809726782328897,0.1480576708530067,0.20298849729346366,0.07287191002370419,0.18536096578641245,0.0,0.1501849369199689,0.0,0.0,0.09884429202020936,0.0,0.1513644123812867,0.25246425128176714,0.393935288705374,0.5843688103391756,0.07693316915253218,0.43881752058966095,0.40500323357685597,0.3797869694874376,0.378478804639003,0.5642229435787225,0.4027269887400963,0.6288770569783101,0.4137525285152332,0.21918763651767098,0.0,0.44593298683880095,0.2714894248325944,0.37926142575658217,0.3116992197083429,0.5426946320667764,0.5150158680991104,0.36486257092391017,0.5251637560796033,0.4474870239817089,0.28703158191669176,0.3406628643948242,0.3904798105560461,0.4723525266787101,0.33505918548020486,0.30572793300594897,0.09296143701216733,0.0
0.1332814211938301,0.08283176098366678,0.3311730367962485,0.23479409460833303,0.2961616747207911,0.5018702072561466,0.41141912464911456,0.5726015138229971,0.3335102334878833,0.5090750929948166,0.3707463741123658,0.0,0.4566445505751608,0.0,0.429976895444549,0.013002598284895603,0.4246357588815587,0.17223426357404353,0.24858883577984692,0.41815683571429,0.41478525774768543,0.3214562697426324,0.5406708485247099,0.46843683081341375,0.02038099795443073,0.4348786493633636,0.40313891466246915,0.44204226126400353,0.25223229397455726,0.22699211673175293,0.2738631207754124,0.08477383284462893,0.27580178939084155,0.2797041322086839,0.06792042698222775,0.15912748535040375,0.04020335034915482,0.2847039525817976,0.0,0.31000942728823977,0.0,0.0,0.16494336874862903,0.0,0.25145363754999467,0.33759718099092795,0.4821518623640308,0.36043134606238386,0.1604053642183429,0.39311704438424366,0.5225110520541341,0.43711776158308613,0.5387982047673223,0.4181274043164422,0.49193517174037027,0.41413338179406156,0.5711840927247626,0.3745681336547064,0.0,0.4617849057015607,0.27171587570549577,0.500071454088428,0.3970046969661515,0.2997071719079438,0.44435140339010837,0.4257176672081687,0.45606400674187725,0.5362611518554664,0.44451763682544454,0.32370021390239023,0.5257331928598356,0.40659633247106103,0.33007368685916694,0.2707463610273967,0.05695118146110903,0.0
0.22003587143246942,0.2342333592267913,0.27967472759878365,0.13304148781778746,0.2748534478281933,0.5495155242805614,0.4230984882396756,0.44345646096227753,0.2957112320157995,0.444975181130408,0.31356298888514067,0.4566445505751608,0.0,0.03802994690257885,0.34713447684773363,0.24621078269323673,0.4510076203012162,0.4454830875003959,0.20536380324707898,0.3258752476271223,0.42685348295201925,0.32842473854244914,0.4398795461315845,0.37043865175538937,0.24509927585612082,0.45354842357066266,0.3527264597693558,0.47966357099731216,0.3795711946199843,0.32983600114444567,0.3277866933236614,0.20188352009076999,0.32988057806592996,0.3031389349954219,0.07646616171115922,0.15453987074326395,0.1188804284697649,0.24936060679617608,0.0640564050051984,0.29819563350290884,0.023711122710055568,0.0,0.2217404651703959,0.0,0.2868303228471375,0.2881790558844426,0.4036452744576141,0.2662834680475606,0.18153490191972227,0.27647429775094207,0.4219309823348483,0.3214235114194552,0.3915137435153497,0.3137615392320855,0.42703008715495666,0.29990049791523166,0.4015979785426585,0.4249977015919248,0.028128190854334146,0.33199953512587405,0.3671677291352477,0.40603937583774685,0.42287823150785697,0.22389228124073374,0.3002547528613327,0.4275549724670446,0.3641850557201616,0.39178121720211606,0.3192219147996681,0.36162361693346495,0.45477332221059763,0.3330224866321881,0.37570036559736114,0.24731316079862323,0.19755807616350862,0.07988474531320602
0.0,0.3448697541443825,0.17071650791622184,0.0,0.2501873736871262,0.08954440318975354,0.01572608336809197,0.06410894205565894,0.2310547349994318,0.0,0.09633449362277838,0.0,0.03802994690257885,0.0,0.0,0.01893727096731541,0.0,0.07793579566838794,0.16783019477937103,0.1651071324940083,0.04371714418876456,0.26609623326581505,0.0,0.07463814034273814,0.03841137464016792,0.2277250691362328,0.0,-3.0366239669252513e-05,0.0,0.09285986834629031,0.0,0.10413276957617451,0.0,0.16231897554815894,0.16474606210925227,0.38600033923433696,0.31880742300077164,0.11787851655591931,0.10720012450742067,0.0,0.13194135697189344,0.1573626226049604,0.32342479440065663,0.2592472507472227,0.04043923972558938,0.0,0.0,0.17777659803665488,0.08755244601286652,0.0,0.0,0.0011228107038369084,0.11465797564420946,0.055968818722941134,0.0,0.08478354878021516,0.14068036307412815,0.03530826461309041,0.17915138696618843,0.0,0.0,0.0,0.0,0.15626098032264124,0.12702388110641272,0.000462019828452875,0.04122415848580175,0.0,0.0,0.0,0.1258667230651768,0.0,0.0595385001674679,0.0,0.214895782534448,0.1555092782495681
0.07694638629152396,0.0,0.4076724419770881,0.06942042519379787,0.32811000549524943,0.37458325579879453,0.36560259848626686,0.4189459200455955,0.38608775015687957,0.29451900181399643,0.4383637363981885,0.429976895444549,0.34713447684773363,0.0,0.0,0.0,0.2366950794268232,0.11730944606156804,0.3621294103381774,0.5868309945506367,0.38529604626361097,0.4694444623360752,0.4429727490860701,0.2726731859526206,0.035754747353311966,0.23822989868599267,0.5490911723637447,0.43739574754373295,0.33843542508423646,0.29604729843523603,0.2557012124520959,0.0,0.2795563612152481,0.29519754579938523,0.0,0.15431032325292718,0.04984587005696786,0.23154610703527612,0.0,0.225482418776225,0.0,0.0,0.07097174678690348,0.0,0.22788439971787658,0.21896520968729513,0.44632387457074724,0.4033133708695883,0.1075794699614215,0.3779919979305465,0.4729111575968791,0.34212648621313513,0.4045532049323524,0.46236006250040745,0.38220221549018685,0.4659562040767071,0.435369261218354,0.24460234483637194,0.0,0.6213424802848657,0.25281031489555633,0.3613821833327346,0.32586254139888465,0.3415288139055396,0.5728349028548456,0.44113512903844637,0.5799173884570434,0.4827595667241468,0.2568638316212316,0.35615579329865127,0.42594898979281914,0.5004388442887112,0.2836584880561618,0.2997563089066187,0.09254805519223835,0.0
0.3832130643359191,0.24085148625061764,0.0,0.12291352534168601,0.019448658322589477,0.2387837387541648,0.09412462477520554,0.0025396951027476028,0.0,0.24636895766514066,0.0008462627696602946,0.013002598284895603,0.24621078269323673,0.01893727096731541,0.0,0.0,0.1743561351820727,0.4415252161771293,0.0,0.0,0.2395166745461862,0.14000369526808965,0.07678014767655403,0.15386880679710918,0.4236962730317114,0.2020542810824382,0.06452719958370504,0.13988428172286016,0.35029763499965255,0.31001713882233195,0.3447725393531494,0.3692666283208674,0.34022757692063593,0.18281300240092832,0.10319055648023856,0.0,0.06486495780841058,0.0731899431771399,0.31869147851043667,0.2674860909087795,0.22347242516744756,0.2220203378306296,0.003284204784573079,0.14448185220872495,0.2068598970191791,0.257254060592054,0.12036770013221988,-0.001538559226747171,0.08103137535024864,0.0,0.037662783902049746,0.10465815428921066,0.0,0.0,0.11988702694976788,0.0,0.0,0.18712188261668472,0.06490162513761769,0.0,0.37824381124711837,0.06725818439984944,0.24280151128173424,0.013038215530689436,0.0,0.20506473840959658,0.016256606014030863,0.02675977233962474,0.14750561061262324,0.22094415371210305,0.1453025545796601,0.06248166319174756,0.18265113165259933,0.22728548404462387,0.3492135676706077,0.3750341614833654
0.12242112607053626,0.05920850730695268,0.13722416228270412,0.271113464307947,0.16217213492674104,0.33368446358500276,0.4215086599391472,0.3445938905779712,0.11919201153267668,0.5503223864467774,0.24260484482369327,0.4246357588815587,0.4510076203012162,0.0,0.2366950794268232,0.1743561351820727,0.0,0.3811522786510785,0.050774879796490584,0.19264348110165969,0.2831323779474256,0.12270247388283158,0.41146089762233024,0.3674094774010674,0.2269114748679539,0.35434201933153986,0.2948373722010562,0.3788286850913889,0.32854766041430383,0.20070130832451114,0.38189223823603713,0.15627405752820914,0.23874616358590495,0.1504690817754321,0.041436095449388304,0.0,0.0,0.20769861760878172,0.0,0.28735961952014594,0.0,0.0,0.09320000620607245,0.0,0.1424511860215119,0.3092771025178219,0.458862681860242,0.12390971774400479,0.21136954728743915,0.3445980918037939,0.3923399042788643,0.380565755179151,0.2788192632596198,0.24741605648716986,0.5020145076058177,0.22615038335623716,0.30444375737253754,0.34556257708230964,0.0,0.2874314470749768,0.3940488573157494,0.5488893966490147,0.503879404964808,0.14507525484301698,0.2177224536655361,0.3162942210232444,0.29969867248123977,0.3541601826446788,0.40387550509887415,0.38491267174526556,0.40420236649320584,0.325882596010762,0.30379090396056463,0.30820349006179654,0.0709402486897414,0.014891238028305914
0.21974661944420842,0.3048201526082435,0.10444374161826286,0.03392218574581548,0.15789008938718477,0.3180544722605437,0.25738629083914644,0.1443685642933619,0.09038578472338936,0.2995982033545758,0.11979277846654819,0.17223426357404353,0.4454830875003959,0.07793579566838794,0.11730944606156804,0.4415252161771293,0.3811522786510785,0.0,0.0803008866874815,0.1309497855566241,0.276365155368217,0.22720080967167858,0.1519215912425117,0.2618814816587813,0.3635023315131695,0.3853409544353447,0.10756028117339446,0.27200189900356586,0.2503753333485684,0.2550488251904438,0.32490476712936595,0.2926806084141884,0.2447912664986366,0.15304701519061073,0.043060880753064516,0.056512802855460106,0.11213680970179164,0.1812002591156976,0.16494726384288677,0.18085154788831334,0.11972957263990464,0.05043396251743065,0.1923010431050378,0.0749385516722132,0.23363233626371702,0.2083616420328803,0.2313126626671022,0.09062646266217322,0.1496990047683365,0.09907819473411737,0.154451299895468,0.19467408569904474,0.10306706186374191,0.07881919743549819,0.27940992362109307,0.10246180786097116,0.15247600828863705,0.3134390691809761,0.0941861648364419,0.08409869084853579,0.3890324988536599,0.2668714902718527,0.37248251666265936,0.09571699151673253,0.08030619349837104,0.25321530117384144,0.14868175615620036,0.12129732347773427,0.2134084202788695,0.2832492899890907,0.2808007701601482,0.11812099857212782,0.27442826037536017,0.13684698026559589,0.2886903714407561,0.24734327768573336
0.08007417639716555,0.051037762459715814,0.5736164838426038,0.0,0.33949860796320946,0.2823158466156151,0.1683063897417532,0.2630489037018692,0.4390178164527135,0.09354717458906313,0.5092094044028218,0.24858883577984692,0.20536380324707898,0.16783019477937103,0.3621294103381774,0.0,0.050774879796490584,0.0803008866874815,0.0,0.4102126918469006,0.21080307039758264,0.38686721112213496,0.22403546761187135,0.1260273721976157,0.0,0.16501517991353762,0.3300369239590155,0.2597193556433334,0.12363337889304088,0.2471228576823957,0.10568651127441328,0.03395181022885258,0.10359313888967892,0.20985598797102778,0.052840192829398155,0.20244217558984248,0.16981940984448538,0.0868520535403106,0.0,0.06570465244078375,0.0,0.0,0.1320869236696478,-0.008464395941163796,0.14221754892306143,0.0942487537348904,0.19760615001716259,0.5194827849042396,0.020078269053348037,0.20283020864791818,0.24340832925038514,0.18733615225256434,0.3021774759971094,0.3799700022030842,0.20292019804583833,0.470857276753436,0.3261193372839772,0.1508395717902201,0.0,0.3424275310999597,0.13769418510355794,0.16671259374978029,0.13024475794434712,0.6038140364614193,0.4154346768373465,0.2688502051868393,0.39555737090412435,0.29810343253726845,0.12032379650688974,0.16575018636642777,0.247743470420239,0.26007293100399054,0.21897941397409362,0.11386647964083317,0.1280968446232165,0.025183611565599156
0.02574971074514781,0.06605566331373783,0.4853680200183466,0.0,0.4367526514751449,0.3559380676257492,0.3714225401086389,0.39897699133022285,0.4820726338095646,0.25288628072961494,0.48502622235271764,0.41815683571429,0.3258752476271223,0.1651071324940083,0.5868309945506367,0.0,0.19264348110165969,0.1309497855566241,0.4102126918469006,0.0,0.2871337055217772,0.5742060947061924,0.359119549920139,0.2538864761090086,0.021958139045932915,0.31036677063890344,0.4734905445905722,0.41358840966660354,0.22888026615867008,0.2721488984707313,0.23904112733783425,0.0,0.17432882972423056,0.2983011275612151,0.07833777629850379,0.2620958719469583,0.14660003397385218,0.24049899897335247,0.0,0.10467557387724816,0.0,0.0,0.1741376582403038,0.0,0.20371457964648057,0.16006346182586978,0.38921061237321275,0.5132684620352986,0.1175652972991794,0.370612182826033,0.39400774878433187,0.3372468419679434,0.41646805007239995,0.4970490107157312,0.387436804885743,0.5251952876723714,0.46574368828830714,0.23292952616038895,0.0,0.5283019784430422,0.2497788585112471,0.3587035591848227,0.27020275873970456,0.4200847042432785,0.6499005074567059,0.3522228076994517,0.6072251557826389,0.42948709477128566,0.2166916922534553,0.30872037848135064,0.43386142615335044,0.4147037441740203,0.31457429512298,0.20120862375033866,0.13375013180113438,0.0
0.3325483445982269,0.14610977873129188,0.2671974318780356,0.1577796317836357,0.28085870947674635,0.5221444384729796,0.32070571721369356,0.4738875223059512,0.3055266169148207,0.37316225812722575,0.2860806303276915,0.41478525774768543,0.42685348295201925,0.04371714418876456,0.38529604626361097,0.2395166745461862,0.2831323779474256,0.276365155368217,0.21080307039758264,0.2871337055217772,0.0,0.3231941980160543,0.47303681600505026,0.3961638603509173,0.1851984265845383,0.36824859716673414,0.3915618682788448,0.4048589182667506,0.41865844555066906,0.317049193759756,0.3185034144043646,0.20723788885537228,0.40313586273051083,0.33783639777210345,0.047091789805233715,0.16472803790590942,0.08371984938027008,0.21410760913727672,0.08394579648596973,0.3259565924033213,0.008449852703812771,0.0,0.15815932744361572,0.0,0.253725280514902,0.3491700584743584,0.3783862727609567,0.25259770986805197,0.15979738624258857,0.26945718701270244,0.38148542179306333,0.3115136800434995,0.42163689653931835,0.3168860050212299,0.33968493871407746,0.29828760323123554,0.3678737260328482,0.318096584872115,0.00385271799416682,0.37433964309492096,0.33861632020289484,0.3105489707460408,0.3370958198699182,0.20882513204137648,0.26870797698918636,0.5430223361048642,0.3530296044675267,0.42808583096102854,0.37584273233866167,0.3120900397994628,0.40465880393284903,0.36579342298316425,0.3044329421839625,0.29630484801228807,0.18259710860629308,0.11298964647052867
0.150387810756881,0.2617816418603373,0.43135440705364025,0.0,0.42434268113252455,0.3769993192126124,0.3112869281251269,0.30479803694813506,0.44673989261251595,0.2091243286010588,0.43787876117474644,0.3214562697426324,0.32842473854244914,0.26609623326581505,0.4694444623360752,0.14000369526808965,0.12270247388283158,0.22720080967167858,0.38686721112213496,0.5742060947061924,0.3231941980160543,0.0,0.25049294848113024,0.26025322128462125,0.18526673077121494,0.38469708727951063,0.35608707894561603,0.3641580975051813,0.22031092358527815,0.35617884419765433,0.2750876186521682,0.17121274055749028,0.2545318485617158,0.33858187379497645,0.12134709461204451,0.27499550289085545,0.2480716064060534,0.24005401866510997,0.03461174828356732,0.1367524771220539,0.04707513867468769,0.0,0.24903190879278408,0.0,0.2730450077088625,0.20233962507032668,0.32133821608869967,0.4655651813008562,0.13407068318717036,0.24358728126902054,0.277176988426699,0.29680095616290325,0.344089067117887,0.3706592681038071,0.2915218853053778,0.43705845342049826,0.3786596514036862,0.2519068078179746,0.0,0.3911319272639139,0.29989023872926573,0.24119312896128814,0.22370282154105894,0.3802038932245023,0.5443897373446853,0.3664867045536773,0.5399986153202938,0.31387696600463544,0.1972669176393508,0.3158512802262264,0.44304390039414304,0.303423505921273,0.33969614298521755,0.15832168431185872,0.27815939613633944,0.17275227368639615
0.21016201970552423,0.0,0.3486989783910019,0.19611823566678824,0.2411126808459969,0.5317994632587281,0.3909623861930532,0.5735327382809358,0.2771986483284005,0.4827650599730824,0.37189037288272336,0.5406708485247099,0.4398795461315845,0.0,0.4429727490860701,0.07678014767655403,0.41146089762233024,0.1519215912425117,0.22403546761187135,0.359119549920139,0.47303681600505026,0.25049294848113024,0.0,0.40066548576784994,0.08543307391257925,0.329891791241984,0.5243487267312072,0.4268939198549673,0.435123177095139,0.24442025018248936,0.3064908863755396,0.04890139977027404,0.3397896155799842,0.30169482752504895,0.050875301452449194,0.06081719574406118,0.0,0.20630462697070417,0.0,0.34679303912202486,0.0,0.0,0.04492026813451639,0.0,0.19830152469899562,0.3658478384619403,0.528065424241442,0.3256830466023827,0.10306403660704198,0.3850088280633394,0.5744764535983629,0.38272513475977904,0.5355662023063732,0.40883039571399066,0.45828761652923505,0.39329120940200524,0.4528395887358404,0.32480944021609504,0.0,0.5128623798934618,0.3278515962079888,0.4514786357645237,0.3956028047612539,0.28795021803210386,0.37768477959930535,0.49243187849656944,0.4418166358580671,0.6399447586742406,0.41801511029387833,0.3965905611894715,0.46982918564678533,0.5099761227321827,0.2793092266568943,0.3778784226014574,0.02163450350948641,0.0
0.22126368329449103,0.20444498798953742,0.2111687462538519,0.17140849539088313,0.28779788291207187,0.392615349774879,0.3268627251363281,0.4638353581721248,0.24422690538080077,0.41729110915791234,0.23093290012684867,0.46843683081341375,0.37043865175538937,0.07463814034273814,0.2726731859526206,0.15386880679710918,0.3674094774010674,0.2618814816587813,0.1260273721976157,0.2538864761090086,0.3961638603509173,0.26025322128462125,0.40066548576784994,0.0,0.21611187340724453,0.4766113537374021,0.25868740571645626,0.36319485497425236,0.17688977260053793,0.23125824072305268,0.296415219200183,0.2552797267930217,0.295971550123881,0.21921140139749928,0.042085479455085006,0.17850209273558693,0.13200633808033307,0.27731953839489565,0.1305933041913866,0.3535643114199515,0.048132193465521875,0.0,0.2175546360465668,0.0,0.28693262204306696,0.3003720832904389,0.3668149092065994,0.20718202460113255,0.16336198179615388,0.23259591803096757,0.35382834307722233,0.3291788141877869,0.41789871325621974,0.26909938133365463,0.39954114870049817,0.2555722754456771,0.4289069688149597,0.29508006419890653,0.0,0.2756072675980564,0.3208866803429231,0.3550934986390556,0.33607413360316857,0.15929350528219421,0.2589013325131315,0.37640917316298744,0.2901134140221627,0.36830106676673235,0.5559508350560849,0.30553539339636976,0.47173402441294465,0.2804773742336016,0.30804927721640274,0.20398935070245416,0.20133043860731967,0.21482952954727513
0.24076339930382976,0.3410103180434058,0.020159900956593174,0.028897616849563795,0.10973855376748105,0.21935311649111794,0.20799456384955653,0.007300216376964888,0.01241368529287059,0.23763896982476104,0.06051234611784556,0.02038099795443073,0.24509927585612082,0.03841137464016792,0.035754747353311966,0.4236962730317114,0.2269114748679539,0.3635023315131695,0.0,0.021958139045932915,0.1851984265845383,0.18526673077121494,0.08543307391257925,0.21611187340724453,0.0,0.3370128203254078,0.10663720512888608,0.15514348095376287,0.28158027223963633,0.22413502172867544,0.30904568581590736,0.3363678202387742,0.266217999192925,0.14806874051086236,0.058946729463334985,-0.0020589148606623806,0.06465162562962885,0.1723707225643434,0.26040574272210515,0.24945187496427454,0.20183404394462415,0.13099529532377205,0.07612438883643903,0.06479703392251342,0.2060030602307063,0.2163885860061421,0.2443909956001133,0.02843280392026493,0.05860373622509033,0.0,0.05760256438858314,0.17623079562898206,-0.0149025036546512,-0.00013970863670886865,0.2870859336005356,0.03320457730509813,0.033554727967372626,0.19429809889851762,0.0,0.0025285375357498646,0.4226703184264419,0.14115281396208482,0.2461323981198642,0.01332247448357553,-0.017787215768422134,0.21580481802989196,0.09930609649276494,0.07148895953545126,0.20865909352622994,0.45098761972059936,0.273879985257167,0.14750846993239386,0.2054847495181272,0.2452385286593646,0.298384941894266,0.37683632657377325
0.18550684828052874,0.4801816248854961,0.24025370556364503,0.021076494712957226,0.29709091729418063,0.43640421687541886,0.3207536289868439,0.40831130125097,0.27480973555641897,0.36924337351626074,0.24240009215154418,0.4348786493633636,0.45354842357066266,0.2277250691362328,0.23822989868599267,0.2020542810824382,0.35434201933153986,0.3853409544353447,0.16501517991353762,0.31036677063890344,0.36824859716673414,0.38469708727951063,0.329891791241984,0.4766113537374021,0.3370128203254078,0.0,0.18417018631773183,0.315354942140682,0.13953319152599628,0.2554195628302001,0.28299009192533264,0.2859084374437786,0.2423018558216359,0.2685246647459911,0.1287282459526806,0.2680373229202433,0.21087101317394447,0.27639310605633194,0.11973596451021369,0.22987264878894056,0.06658677351797265,0.0,0.27625371241974944,0.002266086624080685,0.2441133904621428,0.26684999943142995,0.373286967467583,0.2552130313491011,0.1593196652675204,0.20078745232593057,0.3114092062006421,0.32596200139544257,0.3994564479393111,0.25124105404640906,0.44023523196840825,0.2702321754169208,0.4507730278654807,0.3388180107334576,0.03394247771088083,0.22590438738422872,0.38247984085138215,0.3898286701156368,0.3261919981169929,0.20997927165341923,0.3116388587038578,0.3623594389999673,0.3325766318327314,0.333160488185155,0.38823367650060564,0.3581194039151802,0.5682896370071263,0.2414790715878007,0.3074646869477655,0.15859163800751971,0.2592199122625621,0.20881897324597368
0.17092573999262353,0.0,0.46585928264340243,0.1344646997757355,0.3786939548484008,0.4318004315387933,0.45895897271381214,0.3886625789884873,0.4205253646218261,0.3904641509694488,0.5241858131485494,0.40313891466246915,0.3527264597693558,0.0,0.5490911723637447,0.06452719958370504,0.2948373722010562,0.10756028117339446,0.3300369239590155,0.4734905445905722,0.3915618682788448,0.35608707894561603,0.5243487267312072,0.25868740571645626,0.10663720512888608,0.18417018631773183,0.0,0.48614187735566017,0.47988588470835586,0.2870401306664755,0.3312694706215217,0.0,0.3082181092851543,0.30533139386676467,0.05942395566927879,0.052681235243994116,0.0,0.22395511466691573,0.0,0.2817824359571962,0.0,0.0,0.0,0.0,0.1852703914889792,0.3228126081014014,0.5202531280310171,0.4609522352164481,0.053652069117058575,0.4437801577582294,0.5306723956603171,0.42907343548016635,0.3863656706585214,0.5364372403730441,0.45221348634082953,0.5304457420132139,0.3784114119903546,0.24056557897910258,0.0,0.5762810404336846,0.34046657686914067,0.40953916973965815,0.39239425437607656,0.36603155920986385,0.503482309981091,0.4563789488130489,0.5517077606934868,0.5507594054660467,0.2856686999828331,0.4466932527051794,0.4125412297508909,0.6374287916035106,0.3118865078855284,0.4633270570286004,0.033698594266230376,0.0
0.21710951558334454,0.011739111595710585,0.38279636104705084,0.20482469981699306,0.3879657329317597,0.4293056749799491,0.4640428653150979,0.40591440466037376,0.3643792414434925,0.42726653862117997,0.44870683986914206,0.44204226126400353,0.47966357099731216,-3.0366239669252513e-05,0.43739574754373295,0.13988428172286016,0.3788286850913889,0.27200189900356586,0.2597193556433334,0.41358840966660354,0.4048589182667506,0.3641580975051813,0.4268939198549673,0.36319485497425236,0.15514348095376287,0.315354942140682,0.48614187735566017,0.0,0.39663093885574563,0.3847300221606379,0.39674811488425854,0.08564014029700172,0.3400571987638717,0.32226843789506576,0.1636471411277506,0.18687209933979967,0.08814169515880277,0.27159009712808413,0.0,0.28686886266031625,0.0,0.0,0.09829282144547859,0.0,0.20710681472845913,0.33780829500288595,0.42498546632707657,0.39364010038322994,0.08485284979566382,0.3740118471923644,0.4366271634462938,0.36148762777809385,0.3684444895204231,0.4545343689187658,0.46427778389338115,0.4600071777664098,0.4090770420810044,0.2408386000314467,0.0,0.4633600292596308,0.35812406232291133,0.41701471951426267,0.43401923256139324,0.3217687466640356,0.4286330523716598,0.441653432964424,0.4622197664958109,0.4525554120922591,0.350139069953549,0.37971598230973097,0.4126508088698989,0.46746319931207453,0.38437849454525846,0.36175798403009296,0.16646048183655138,0.027421152428201073
0.38867540754856866,0.0,0.20094676407289702,0.2524306862304133,0.15352945549726535,0.4246610239796561,0.32204325291847,0.2400632257346011,0.1775815266167263,0.40801518423757427,0.28071504492945004,0.25223229397455726,0.3795711946199843,0.0,0.33843542508423646,0.35029763499965255,0.32854766041430383,0.2503753333485684,0.12363337889304088,0.22888026615867008,0.41865844555066906,0.22031092358527815,0.435123177095139,0.17688977260053793,0.28158027223963633,0.13953319152599628,0.47988588470835586,0.39663093885574563,0.0,0.3397191809222786,0.4139566110470723,0.115906220410311,0.3901069958490347,0.2707393474049535,0.059466017725950435,0.0,0.0,0.13731008797721403,0.0025309082934240855,0.3530714307965396,0.0,0.0,0.0,0.0,0.22131925648104506,0.43178076522008896,0.4161985105424514,0.20520085370754335,0.11034349464509877,0.31044277189198977,0.4015749336590488,0.32196206181116277,0.20243853916959761,0.27540395403987483,0.32113546275186955,0.25865520292984745,0.12784856357264476,0.2867031242144647,0.0,0.36643873673828303,0.41911300052338085,0.3221022983626118,0.436156631320502,0.16806197159415176,0.21779993987819438,0.439712991452263,0.3425382830007964,0.3817165209024027,0.2465517357159275,0.4181159474234613,0.28843128833380344,0.45768347968477524,0.3148974582978709,0.5282705513087581,0.1380706555530458,0.07501387169699995
