0.0,0.6101274644547611,0.29791862506157796,0.31235887800843604,0.3515887651686423,0.43813310051782434,0.26616349923340604,0.20059381665102913,0.41798914353378336,0.450423945424905,0.3980263924677968,0.1107853984601668,0.4926335731233761,0.20787898365070542,0.6960792046491903,0.7066011239747366,0.6952912616994938,0.7008705110845149,0.059055690239768074,0.5437535860498974,0.7248248367148894,0.7208486244465839,0.5250519859074875,0.5948840187390404,0.7327135545832913,0.7094987338792073,0.73706380600359,0.5551695458349735,0.5771630146953659,0.2629670205841967,0.6942345303885626,0.3067838680018542,0.6013066408793016,0.47459455526591077,0.029220500063664594,0.2561996513433374,0.2280574863969257,0.30006783560842565,0.33871503327880903,0.7021175875429051,0.3686294505780405,0.040451683642770235,0.30735285199955026,0.10117177304518213,0.1954470547708063,0.840720450412523,0.5246589975326732,0.3163531279526408,0.40997927957691815,0.41801308318970537,0.25753210931621673,0.3595265313566788,0.2502998574440524,0.3327065765018588,0.4096103366836005,0.39933494926485874,0.3823541679521082,0.4290809873472936,0.061423271704120694,0.6571524612354297,0.6139780513164468,0.5509817393698887,0.7241891927731815,0.14190058174752435,0.5444756741306119,0.7398696192061485,0.7165974160935467,0.33568545588850457,0.5646908220529844,0.6434374320444424,0.7211894732130913,0.40700418907672203,0.5837396833663457,0.5781687171842278,0.25335443512999506,0.4481622328236181
0.6101274644547611,0.0,0.2992187160353937,0.4862306197678474,0.35463212155948987,0.8091842149347269,0.25241576484158496,0.45513976586780897,0.26088863713365784,0.46595039864910304,0.3057584586798948,0.2697479486367473,0.7581413510432495,0.40598696358202346,0.6591131448918609,0.7890095891399379,0.8460681444002235,0.8495181427589426,0.25249369837359137,0.638286223762108,0.5792549374672418,0.8065054596157606,0.6164038226646916,0.6199715090106124,0.9098355201472792,0.9419904798891696,0.7006541356282809,0.640153282542917,0.5304647931281344,0.11314073923424182,0.480902857987344,0.4368810441426552,0.5209920047476313,0.4543570593568357,0.0,0.4062336068237164,0.41816605618154495,0.2742236177327122,0.5408898105066003,0.6292626218700964,0.46380441300542624,0.018784798133466677,0.3750626505751919,0.1371267338263417,0.17529347129171557,0.6736042163195043,0.9000289461882672,0.21528529696554216,0.4560636066093652,0.28734279422372017,0.4308733483389105,0.25351426789750076,0.38499808840265143,0.21931294514857144,0.4835529521612411,0.2882648229751911,0.616760918251447,0.5786946067369887,0.2839324938341844,0.577753212566732,0.7320094937276423,0.8635671711007775,0.7635115439955236,0.22605039892906037,0.6053516131327358,0.6442871130780176,0.790649742315551,0.3884427719130932,0.6120519839122889,0.879285432817147,0.8910860861327017,0.4150499923597573,0.6830518608255154,0.3788441053214311,0.3981239315196568,0.4542262073532161
0.29791862506157796,0.2992187160353937,0.0,0.23548404616777832,0.3924561761542369,0.2950174792991507,0.2817701054439764,0.19590231115072992,0.6785940910058893,0.35994040636662605,0.6902051884054469,0.17451952465015239,0.34986161027323287,0.09757947353465808,0.5775110295111429,0.3531354193958364,0.41822863932432297,0.3100673455454713,0.5760375560347573,0.5348066886646845,0.36184125959637453,0.5079044773851334,0.3410776176170294,0.26113918357824994,0.3873559203143089,0.38293474301144037,0.6081628944867041,0.4611907076284994,0.32919850528842887,0.2455970606792422,0.41633874711179314,0.1137563076064013,0.30487063368658435,0.14036750073734755,0.0,0.14955973918637377,0.1802627126559016,0.24618164608093163,0.21989039887093223,0.36269096156198555,0.08663917150780209,0.0,0.1592404612405474,0.020486169711767036,0.07563816124000147,0.3548331982609162,0.3112057784059922,0.8499448290225027,0.20541065968140607,0.5363973467580182,0.2451137385049478,0.3068054978126329,0.1724891125933083,0.6512916196155153,0.3225137565246328,0.7465788032750577,0.3167497763179976,0.31751966027508693,0.020656222103829492,0.5734136230265657,0.3248399201750953,0.3169689124868401,0.3979810120921203,0.633929826338289,0.6549465947209908,0.36948282070200517,0.5753576557429135,0.31538898589797115,0.2836152654176942,0.38088111716870465,0.4072486614453626,0.5039191010546423,0.43164973333790535,0.39309188589311395,0.18220054424652957,0.2086032291090836
0.31235887800843604,0.4862306197678474,0.23548404616777832,0.0,0.518552940922382,0.5873061225893128,0.4743926393055111,0.5869189294676812,0.3458771425213261,0.35861460670432366,0.33927969766914545,0.3026161248134993,0.5443540576211292,0.35133971351439364,0.4247462495142547,0.37308936983994867,0.46911224108131466,0.41809698480113433,0.401858007594641,0.3244752143531569,0.43902371040242005,0.35955348407930715,0.6032606635828807,0.29881459510428954,0.3920525472073389,0.4441843487892376,0.4866796200453964,0.6062132306322329,0.38507741531782647,0.3181856855401017,0.5023973859441332,0.18766012405104718,0.4073999979099348,0.3763387567581201,0.0632140535418091,0.41840686877132494,0.4157174188439858,0.1718184979427428,0.3019736147414342,0.39155283265045804,0.08041330697672835,0.0,0.1659450588357023,0.04900776687950027,0.13760288427202685,0.37924817485627965,0.44295405709762214,0.27371662256623175,0.3216434357346621,0.23990715647992994,0.3340946903647441,0.15919331288532018,0.4926586295751257,0.27160551612820016,0.42514673106679973,0.2760055145432892,0.5220575247614728,0.3052136598264201,0.1566593502505034,0.3138976842193701,0.35190023107295104,0.5237806483512961,0.48252463795053846,0.2863762200977549,0.2829814929180546,0.4777007706354471,0.43308905459829405,0.4682559887404975,0.24397582785805527,0.5080305038723258,0.44707414911846904,0.3561009781769629,0.38643259874098845,0.2223605782495256,0.053794147129537055,0.054754314255451304
0.3515887651686423,0.35463212155948987,0.3924561761542369,0.518552940922382,0.0,0.5274156108469424,0.853963912223052,0.5976269211632681,0.7783548539733568,0.4330887197426643,0.7894126565671634,0.2792526143758786,0.6170449877040443,0.4682055640606643,0.34398958343317837,0.19692309188309748,0.3359484444042464,0.2835202680847674,0.4092197164034927,0.3767898447843784,0.5927953791910444,0.33507281351007534,0.5893354062413904,0.0,0.16536494003763638,0.24816067034347886,0.5832838828074328,0.6277970583384578,0.6865929959179766,0.7046297525308287,0.5126388305662725,0.0,0.4566337144482923,0.44561246515272557,0.13125843436106038,0.3454388239254181,0.16541380800327235,0.12346200707852022,0.0,0.3736783453162611,0.0,0.0,0.0,0.0,0.0,0.4836649945966045,0.18559128131655453,0.5485050436355693,0.14249603246966913,0.3221533700500862,0.16730991536483888,0.0,0.439097584186626,0.5027924754238734,0.46963962819752275,0.6665671900812027,0.3631312861875068,0.05584748750636778,0.0,0.3260267019919807,0.2458930025898242,0.2911958004613565,0.3895440566940728,0.34123433891018984,0.2602175655318739,0.46086344512804106,0.42389864152338685,0.4441701161363545,0.0,0.4657853328811775,0.3121635240230744,0.34121518115989513,0.22852722568998682,0.1910717910445878,0.0,0.0
0.43813310051782434,0.8091842149347269,0.2950174792991507,0.5873061225893128,0.5274156108469424,0.0,0.3766938377793062,0.7625316300720891,0.34374044187918873,0.2679319769206532,0.3671161331809994,0.19245394222743864,0.8229620203365517,0.6041298341921233,0.47460017878493344,0.5221056139910965,0.5345562681749236,0.6133106102062797,0.36281337587502716,0.5298298280882656,0.5538304881313757,0.5551783951467166,0.796946016156416,0.43560724332573275,0.6055721790775045,0.6967061017869142,0.662431497736282,0.64863914813549,0.5977879699733982,0.3164413984314276,0.3506837271849479,0.2555563523132446,0.5407068127872754,0.38962740851124195,0.0,0.5150354917872072,0.31522267004845206,0.1080827688868639,0.3734521658898817,0.5745741408256703,0.17265278919059052,0.0,0.12848646757292842,0.12077556549329159,0.06720982044707656,0.5685668242333936,0.72453138612531,0.2373691953004112,0.4574574789852517,0.0946079960955168,0.39123874652487767,0.0,0.5631174391089888,0.12370932814768548,0.36425516550592996,0.28202776398191787,0.5751521620700665,0.32116204748702354,0.12014345701625383,0.33447137720521475,0.6054829245125832,0.654569903181292,0.5940375787479351,0.2897791901739412,0.35101419918993704,0.5668821160847922,0.5726794283074407,0.5024693231265155,0.3482700925332087,0.7374014815975142,0.6528619905967047,0.2611992080964649,0.45284143064210447,0.12135613410748915,0.09384866128037332,0.07278736935453421
0.26616349923340604,0.25241576484158496,0.2817701054439764,0.4743926393055111,0.853963912223052,0.3766938377793062,0.0,0.47242819647307005,0.7209723114586533,0.5857337537471273,0.6588431441373801,0.4319349260848467,0.4293685648380589,0.23593890137719065,0.15941282533942064,0.09703961908390031,0.2935906958800777,0.16457519299361364,0.33930972246210056,0.10446579268508882,0.38739164095574313,0.1470635837442592,0.5107797302249817,0.0,0.08161169411414612,0.13616286769271105,0.40379066534202784,0.4725055216358709,0.5076150391158167,0.5597123101426047,0.4830691689508866,0.0,0.3060897983833814,0.49657096558495867,0.34243257041609265,0.032571727962842384,0.10107358763151424,0.2699512883899873,0.0,0.28146726223777185,0.0,0.0,0.0,0.0,0.0,0.326696696641719,0.06177821390768163,0.5416055123835195,0.0,0.44220378637699853,0.31585357195099206,0.09800721048438046,0.3500156440557257,0.5946363714044761,0.6351448504951593,0.5537527739131909,0.331449019358049,0.09967101520348537,0.0,0.2100037127145343,0.12751775104005506,0.16209367246607773,0.30119343999009773,0.35916585034657694,0.14442692688218253,0.2275300515690794,0.31325849684368284,0.5192605330231609,0.0,0.3663764089293394,0.2353304399544833,0.4948647790147807,0.08396346711281434,0.3318201579473317,0.0,0.0
0.20059381665102913,0.45513976586780897,0.19590231115072992,0.5869189294676812,0.5976269211632681,0.7625316300720891,0.47242819647307005,0.0,0.36039616119515155,0.33664164554625825,0.40923038981342436,0.4419332987236096,0.5230127359414679,0.5281165575330683,0.17417100068911812,0.175931297325467,0.26468247931260924,0.19483695612367052,0.4210541968031143,0.15175082126470318,0.34136109239954177,0.15567424949743452,0.7988183993413807,0.13469144060157467,0.1317884365224947,0.2997058363909042,0.3668421562483536,0.4504969153701588,0.27975931540183474,0.3812093173019076,0.2737165929192111,0.10772312215486424,0.42988298926701013,0.3692603212521398,0.19724594456135075,0.331882989362892,0.2612250898807387,0.0927125518518672,0.13609875175019973,0.3380872429372866,0.0,0.0,0.14032720131957768,0.06789827601898361,0.09883336740746901,0.2566256516189982,0.3540429197541102,0.22010856813480967,0.08868358228152307,0.18407141609623034,0.41458607966564215,0.014421912267354703,0.8134455169560141,0.2466314974227463,0.4070324740796294,0.34733860280978524,0.6322796921949381,0.23767958643936415,0.12493779499785078,0.0758440472651174,0.15224409089495902,0.436397869030037,0.20938096636044443,0.32103405320229306,0.05939620270210319,0.29708572319819143,0.24873205312383284,0.6388758372393453,0.06390517341433793,0.366757074641766,0.3240622678811526,0.2822009600967309,0.14801771824721133,0.0,0.0,0.0
0.41798914353378336,0.26088863713365784,0.6785940910058893,0.3458771425213261,0.7783548539733568,0.34374044187918873,0.7209723114586533,0.36039616119515155,0.0,0.4717519478650466,0.947000560278471,0.27822172559814234,0.44920767374957415,0.16101292898588304,0.49369763040752584,0.25137366259071425,0.3270779032811732,0.2628074006397239,0.43728709971867313,0.46184986911352366,0.5910251234450605,0.41365330090632735,0.4982501470579218,0.13487576929596232,0.23100852770669597,0.24149945676617435,0.6905834343419247,0.6208427696538651,0.5916890263854041,0.5946746887063186,0.6378355709077272,0.0,0.3864991060364264,0.3636877740683219,0.0541674726819089,0.15411443258157848,0.13963679993929956,0.24582746824114338,0.020127041998480096,0.3978370064144829,0.0,0.0,0.002610454033579561,0.0,0.0,0.4647401048461655,0.19969594326339934,0.8177974690022833,0.09202007339945956,0.674823667094212,0.2743083301759385,0.27299827382767045,0.3376885037137211,0.8344658518859496,0.48738846270488484,0.8844260450757371,0.3549670431625039,0.21071907681569754,0.0,0.5429555309192038,0.2606831451935858,0.21341696552031678,0.4153843229974205,0.40133952848257787,0.49358267296971176,0.4917272275744748,0.5136628903736407,0.4965169415913463,0.05916123982630578,0.4538867007762607,0.3746528464824806,0.5552892855803031,0.28588165817433314,0.47168497142512045,0.0,0.0
0.450423945424905,0.46595039864910304,0.35994040636662605,0.35861460670432366,0.4330887197426643,0.2679319769206532,0.5857337537471273,0.33664164554625825,0.4717519478650466,0.0,0.43698267014083425,0.8286591868441776,0.2294367818126415,0.07576130183867927,0.3528079914586777,0.40056697368246935,0.7108752431345334,0.3386262133789973,0.25180133997265813,0.13440482496976622,0.22691906086768737,0.3530354263656261,0.5150179640645307,0.37345360379303916,0.36581276665806,0.4694751971984816,0.43145129754284567,0.23839254288361375,0.1936434787901907,0.22016233953757675,0.6598230985303797,0.4503600092853244,0.3540197176954471,0.5733980863610171,0.35515941850857996,0.0,0.17716502739527368,0.5999639853785983,0.30498007782017184,0.4253291914201781,0.08971722851837526,0.0,0.514689248078275,0.02294035281209017,0.21135080316977267,0.3154895557217675,0.37435601673547425,0.5466381263855173,0.0,0.7237740898654758,0.568726403577785,0.7159950191298615,0.42456581549449135,0.7121741284410675,0.9566634773245041,0.5962722696092368,0.7517078068163279,0.7028580453796193,0.33202799763068086,0.4878990293431875,0.2730487791675897,0.5146566835396625,0.4624260077375703,0.39515014598060016,0.434726412033587,0.24125707459372228,0.6160149561962616,0.6309101201218357,0.3295680451148852,0.45423517548353615,0.6194226612886236,0.7816568484260675,0.32886300556882375,0.6585518647799256,0.1951938716294762,0.33248621226418457
0.3980263924677968,0.3057584586798948,0.6902051884054469,0.33927969766914545,0.7894126565671634,0.3671161331809994,0.6588431441373801,0.40923038981342436,0.947000560278471,0.43698267014083425,0.0,0.2681320740801858,0.45715599561326936,0.22592025949571992,0.4974766203893049,0.30478220902634073,0.3474427845948422,0.2755865041540961,0.4983965819330402,0.46957932685114184,0.5955292963658967,0.4360375133088011,0.5130537604992015,0.12276196541711103,0.2507763515088454,0.2692936749515707,0.6544485504878955,0.6118192247155729,0.5666617794931971,0.6053498373189352,0.5954083449419828,0.0,0.4327720774017344,0.31834231494743753,0.00454580275109426,0.254493985306059,0.15200762888396255,0.21250780425701582,0.016937663113123,0.38465748105404934,0.0,0.0,0.04808347806071866,0.0,0.03481872312123994,0.46113175741258794,0.21044342940308614,0.7871686179348801,0.14445253141684955,0.6249553140283498,0.2394521105313039,0.185601726240405,0.3791902470642713,0.7248820512447565,0.45851203733520135,0.9079479984933144,0.38686108588725415,0.22935535682224115,0.0,0.5291907101134251,0.2623234379555381,0.28640545575707615,0.3966536124602357,0.49725804898130155,0.5224401501455462,0.4928174167100648,0.5393345365272162,0.4805438714152298,0.029074829679969674,0.4491534843098009,0.3713949284376815,0.49993073216662154,0.3492594359169819,0.4040821887135398,0.0,0.0
0.1107853984601668,0.2697479486367473,0.17451952465015239,0.3026161248134993,0.2792526143758786,0.19245394222743864,0.4319349260848467,0.4419332987236096,0.27822172559814234,0.8286591868441776,0.2681320740801858,0.0,0.0,0.0,0.020900059829432726,0.13425154982001383,0.4116972717952672,0.07557117440544436,0.2439405055352022,0.0,0.0,0.0,0.3993510030313819,0.22234424736182837,0.055578868282976444,0.23446372801508414,0.1100574665539861,0.0,0.0,0.07697385609433251,0.3176042945406581,0.43082212490894534,0.26466371767153396,0.41387575905072105,0.3924621072420678,0.0,0.07134455565248118,0.5593032230652846,0.21562409168446708,0.21989363275791177,0.01547523391281186,0.0,0.47727212991137036,0.17044845880207204,0.1491874131990563,0.0,0.2338334045410146,0.3712254769267396,0.0,0.5727463166352758,0.6318706853752348,0.6007399501198506,0.5156950559092001,0.5777733608308329,0.8041626015716585,0.4047080419875736,0.8069844740974529,0.6341916604974742,0.4546504621144357,0.14097204456262521,0.017636185566561907,0.36570539037311356,0.11560960824777515,0.39068052528425484,0.12376194569584377,0.0,0.2919230990475267,0.6234392057640791,0.17830633411229777,0.1383889113744166,0.3782848798066788,0.6167928091713711,0.016364093894372447,0.40011255058753215,0.1259113167947623,0.16654856480495106
0.4926335731233761,0.7581413510432495,0.34986161027323287,0.5443540576211292,0.6170449877040443,0.8229620203365517,0.4293685648380589,0.5230127359414679,0.44920767374957415,0.2294367818126415,0.45715599561326936,0.0,0.0,0.6186029543813557,0.6539573952059442,0.5895660068693768,0.6500928312699388,0.778991968168405,0.36554841828299595,0.7717910950919147,0.7478403494600753,0.7332300583953615,0.5661578930334076,0.34804708160512765,0.6679926670105188,0.697086765080517,0.7579453512752591,0.8967623349955612,0.793220787519483,0.4246383211066468,0.44259658220691256,0.015082728288917964,0.5340734985633516,0.35077901010452955,0.0,0.6936200101827238,0.3009901104674748,0.002220436383186485,0.2437810891727833,0.5503303896330368,0.1390122352430487,0.0,0.018002135690030712,0.026796497510431994,0.0,0.7062356737831212,0.5746430614498086,0.3109556709565593,0.6011016319554159,0.11099814007534715,0.04262601328874117,0.0,0.23729510527192033,0.11645129802098513,0.2337772944706039,0.30943359120139097,0.3564459351575398,0.13336342150010713,0.0,0.5113988585959618,0.6145285889405763,0.6543301677204346,0.7468836695862027,0.22993955418746648,0.4778775837995067,0.6769134123258158,0.5962833184884307,0.17200988974227135,0.2847864713384822,0.7211429678462326,0.6139596095203367,0.11375576411556965,0.6612831155869342,0.03919726702400631,0.03088875803223046,0.09129316755346852
0.20787898365070542,0.40598696358202346,0.09757947353465808,0.35133971351439364,0.4682055640606643,0.6041298341921233,0.23593890137719065,0.5281165575330683,0.16101292898588304,0.07576130183867927,0.22592025949571992,0.0,0.6186029543813557,0.0,0.2664049947456493,0.2548092271561369,0.2523576261829742,0.2963672993959432,0.17325898479079432,0.39271979519025074,0.33818740931929747,0.339712829148169,0.4401900928920722,0.06158117013049024,0.22389877703425887,0.2996822926495475,0.32134095728800643,0.44097198674601396,0.4983435402869898,0.3778985086973814,0.16439341627033208,0.0,0.3754081843182713,0.2501587220002335,0.013988262958220385,0.5107182416312851,0.1669333404264671,0.0,0.0,0.3145515421538155,0.0,0.0,0.0,0.07255360029510352,0.00971476645098979,0.3497812443904384,0.2545577056662349,0.06313967075974602,0.26504068604764563,0.0,0.013493499217484549,0.0,0.308602782050307,0.0,0.06774558726842819,0.10028465829804391,0.22787154262664114,0.0,0.0,0.1325194063424097,0.2361244750322582,0.23443418364688975,0.24869715274755858,0.09354925420014387,0.11958312195395526,0.30515330305898586,0.2258219223525097,0.20586072433878483,0.06594233056019379,0.35155972945202146,0.24713405011808517,0.0,0.2093565348409604,0.0,0.0,0.0
0.6960792046491903,0.6591131448918609,0.5775110295111429,0.4247462495142547,0.34398958343317837,0.47460017878493344,0.15941282533942064,0.17417100068911812,0.49369763040752584,0.3528079914586777,0.4974766203893049,0.020900059829432726,0.6539573952059442,0.2664049947456493,0.0,0.8093856613231508,0.8113040003773162,0.8308594489261035,0.4048914220735642,0.8904951626549652,0.7820425482862271,0.9365092425985782,0.4748376769371825,0.5582828419388814,0.8688709360770116,0.7818991158140817,0.8957179772173081,0.7384918389151649,0.6107887529293763,0.17141324876620057,0.6817520738526537,0.24591455534585185,0.4438289770233633,0.295472990913938,0.0,0.4763985444561525,0.3488225668290371,0.2245090472524121,0.4332337345486657,0.6164148708619063,0.4740349945690776,0.053849428928185054,0.3662217911459898,0.16162300776490054,0.23178215220438217,0.75978449568876,0.6624480225563837,0.44848529782252894,0.6324884085529627,0.48190840567688803,0.14385603131477812,0.288365917071318,0.1409293804705779,0.4096877149820732,0.29903913371574525,0.5242976319888863,0.3879156030676644,0.46528126310912976,0.11806082242522872,0.9096199263903318,0.7277005600135573,0.7047477776457688,0.8603596858928227,0.34842773256779996,0.8377636469862119,0.8287349895860637,0.8687359101856782,0.2332155380113934,0.5999436519966493,0.7661663732444047,0.7681080117016832,0.3768905670565677,0.8013837547067958,0.5048528966800442,0.39317724851473196,0.5277005766566598
0.7066011239747366,0.7890095891399379,0.3531354193958364,0.37308936983994867,0.19692309188309748,0.5221056139910965,0.09703961908390031,0.175931297325467,0.25137366259071425,0.40056697368246935,0.30478220902634073,0.13425154982001383,0.5895660068693768,0.2548092271561369,0.8093856613231508,0.0,0.868671325102624,0.9157878170098049,0.2098742322203194,0.7150011923597552,0.6181382725664455,0.8875668208479043,0.4353126139673951,0.6171771267034262,0.8794745256135353,0.8334686915224868,0.7428550499222315,0.6005436601065629,0.4848447465973571,0.01622404674143842,0.6210483583694405,0.4593960452588383,0.5257811956447394,0.43666435652158764,0.0,0.3363256525674422,0.39468755460330435,0.31161403491914313,0.5671393561013572,0.6154212591693407,0.5898228457005427,0.1282512646713557,0.4737753812104787,0.18617637541580084,0.3316537805060991,0.684768619304473,0.7220161676234309,0.2383083465255268,0.5514902299010102,0.4303596739849111,0.2906856444064732,0.3764881589014129,0.18105472845858597,0.2806003461433182,0.3506411672593442,0.34481621552594044,0.46273871456900445,0.5572037116855705,0.2964425709541096,0.7124555174066151,0.7954663940245488,0.7862378457009774,0.8896329141522081,0.2263806098756689,0.701138383613626,0.6645187738783974,0.8247161520745019,0.2558161819544704,0.6686398622937203,0.7027791727095389,0.750985383369471,0.4046136528046205,0.7205174717090912,0.5017138997353856,0.5027464002410494,0.62034667100542
0.6952912616994938,0.8460681444002235,0.41822863932432297,0.46911224108131466,0.3359484444042464,0.5345562681749236,0.2935906958800777,0.26468247931260924,0.3270779032811732,0.7108752431345334,0.3474427845948422,0.4116972717952672,0.6500928312699388,0.2523576261829742,0.8113040003773162,0.868671325102624,0.0,0.8765644036111514,0.2850967588490021,0.6779843291426514,0.5716962191505122,0.8652139540043545,0.44952084400453857,0.6516259749304749,0.8733414916980853,0.9324228796526733,0.71548672639332,0.6236317298166774,0.46662967758731405,0.11653617859096128,0.6634820482426756,0.4835137579877718,0.4857881920181875,0.49495544140642356,0.0,0.30432403580785405,0.39299071832494226,0.38743011575575836,0.5504460529376353,0.593233891942185,0.5403943409741835,0.0,0.5516776799887867,0.14632248833016262,0.24995083538224838,0.6864708087023944,0.7861967306014822,0.3703837507091854,0.4543570683805197,0.5623099719251559,0.36000140341159875,0.4691832794237468,0.26507920841749794,0.4351335538855052,0.6348726698309505,0.39926966540494724,0.6540694928987053,0.6914013502109471,0.3774085636083104,0.8064011754372986,0.7185906267701356,0.90738211859362,0.8494460290177062,0.31486679642243587,0.7512497338569544,0.6277290422571785,0.885693190417822,0.3129677845427213,0.6717954079415162,0.7896461391824517,0.9165995354934863,0.5105425248906897,0.7941359596229742,0.5531136523689131,0.4936304019165047,0.6664339755299428
0.7008705110845149,0.8495181427589426,0.3100673455454713,0.41809698480113433,0.2835202680847674,0.6133106102062797,0.16457519299361364,0.19483695612367052,0.2628074006397239,0.3386262133789973,0.2755865041540961,0.07557117440544436,0.778991968168405,0.2963672993959432,0.8308594489261035,0.9157878170098049,0.8765644036111514,0.0,0.19784805636490516,0.8227023419208612,0.7043753012259496,0.9095142255286303,0.4077274081184296,0.6252293947060926,0.9325176506185651,0.8892335764521945,0.786331457817381,0.7337999579126663,0.6161847656936968,0.09692853325247767,0.5654036674031399,0.3509352730405345,0.5328487006754045,0.40388639516869607,0.0,0.48946510181860503,0.4274580363288861,0.23804026060930497,0.5066600774399761,0.6319273933883058,0.5363551941440217,0.13491153302940692,0.431221127864172,0.20625945437008794,0.20541111457398104,0.755741162323088,0.7721396891480177,0.22105846663205847,0.6242989233594257,0.30193820010368,0.1664688748172059,0.19989268281629974,0.11986828434984084,0.16601674152608709,0.3020905316917755,0.23256434854377214,0.42738969710667574,0.49805931592632485,0.14650074150555617,0.7218662907460001,0.8449086081148407,0.8145843791858524,0.9308985824897265,0.16762819618337801,0.6949040609599239,0.739624020072483,0.7964118551549098,0.1436687469319857,0.6670480010046821,0.7988616420510806,0.8099918866745223,0.2602537798453946,0.830226880776295,0.3821719270463025,0.49796957227126043,0.6004753143360185
0.059055690239768074,0.25249369837359137,0.5760375560347573,0.401858007594641,0.4092197164034927,0.36281337587502716,0.33930972246210056,0.4210541968031143,0.43728709971867313,0.25180133997265813,0.4983965819330402,0.2439405055352022,0.36554841828299595,0.17325898479079432,0.4048914220735642,0.2098742322203194,0.2850967588490021,0.19784805636490516,0.0,0.32089983246934417,0.30096079200872017,0.30021058245360865,0.39381207645755617,0.09535206286476972,0.15389997729597416,0.258867265093538,0.37807108878492834,0.3536523669511167,0.2344151176709883,0.3122620945130407,0.23220345664654451,0.106206538970151,0.2523611337280235,0.15472131297655303,0.0,0.1908257837842236,0.07968174502374342,0.17185718081297915,0.16367907513581323,0.2410237014634186,0.0,0.01218358023582352,0.15348067442786517,0.0,0.1585480585872465,0.21492118426796997,0.179878717798364,0.4644524477438225,0.15867027794622002,0.26696801665206904,0.15434117096345965,0.08172801884943477,0.3344699732259542,0.36802013565737485,0.21345674099101475,0.4631249175472068,0.3562623217659257,0.1912147147416477,0.067525330395959,0.3433350409462667,0.14327931362117594,0.32073690121297516,0.2169643634413741,0.6920530449112032,0.3210050053951501,0.25155383954272603,0.3427666301853221,0.3001885177766955,0.10257434568517342,0.2130699512431699,0.21977290473663308,0.3150505205678055,0.3056314273644691,0.10357306614683515,0.007692438494634565,0.0
0.5437535860498974,0.638286223762108,0.5348066886646845,0.3244752143531569,0.3767898447843784,0.5298298280882656,0.10446579268508882,0.15175082126470318,0.46184986911352366,0.13440482496976622,0.46957932685114184,0.0,0.7717910950919147,0.39271979519025074,0.8904951626549652,0.7150011923597552,0.6779843291426514,0.8227023419208612,0.32089983246934417,0.0,0.7640343285595931,0.9624331094645736,0.33205954669415144,0.3906872133254633,0.7855050099965057,0.6984729470447517,0.8485940773938122,0.8288687808510139,0.7365571992918705,0.21181473175181512,0.5070341853823439,0.012438417111925176,0.3057129119681807,0.12757339577034182,0.0,0.6715825224904279,0.3633882476090458,0.01784993475412514,0.3069153973862754,0.40484661490991547,0.3039610439422288,0.0688180549227956,0.1480022068065525,0.07686319096794586,0.055634161917062656,0.7299992237583476,0.5653542087392183,0.4084617475724524,0.6743578511725302,0.22207293770852876,0.0,0.0,0.0,0.18098495364475492,0.08644927458840518,0.3952428948691913,0.21901255133113784,0.16457618723984047,0.0,0.777923224676052,0.697214326160953,0.6172680085826393,0.7851795885102814,0.16109685385750466,0.8343052908580318,0.7673615539285442,0.7602318984603389,0.014735254187174225,0.391177002044513,0.7469189063386821,0.6129184562372572,0.04884970683891604,0.7991406553835874,0.16577821299060216,0.24718567230970284,0.3412190783423758
0.7248248367148894,0.5792549374672418,0.36184125959637453,0.43902371040242005,0.5927953791910444,0.5538304881313757,0.38739164095574313,0.34136109239954177,0.5910251234450605,0.22691906086768737,0.5955292963658967,0.0,0.7478403494600753,0.33818740931929747,0.7820425482862271,0.6181382725664455,0.5716962191505122,0.7043753012259496,0.30096079200872017,0.7640343285595931,0.0,0.7435104598420953,0.5663680707987898,0.3166738403409558,0.646155429625768,0.5828774721476954,0.8409187223669221,0.806714741471619,0.8587390582823409,0.49326140660306916,0.6675130790791617,0.0,0.5169544663816785,0.38411875734335305,0.0,0.6163442110905781,0.26377779397677187,0.10180679775877238,0.1563490496030287,0.500411240288532,0.08509970811688514,0.0,0.05811973490310039,0.0,0.027730793625720042,0.863588659204836,0.4719879585660533,0.3484856299400366,0.5765376491511816,0.28661369650208024,0.00486573313512848,0.040714081773547954,0.2106001106017455,0.28804535559825756,0.253476421238178,0.4718106086209437,0.225128432499306,0.15487309889610096,0.0,0.6652813226537423,0.5862614424458062,0.5370605474432109,0.6977358006308456,0.12959420263397187,0.5456201840030629,0.9059359199549906,0.6601748689730252,0.2513057578917871,0.24675887935237442,0.731453543118929,0.5796913729784522,0.20030658415885846,0.5898524932314937,0.2786872217715538,0.0047002309551658844,0.09800281776368618
0.7208486244465839,0.8065054596157606,0.5079044773851334,0.35955348407930715,0.33507281351007534,0.5551783951467166,0.1470635837442592,0.15567424949743452,0.41365330090632735,0.3530354263656261,0.4360375133088011,0.0,0.7332300583953615,0.339712829148169,0.9365092425985782,0.8875668208479043,0.8652139540043545,0.9095142255286303,0.30021058245360865,0.9624331094645736,0.7435104598420953,0.0,0.42466833468931275,0.5154572506856092,0.9477722852900182,0.8573536651378528,0.9215922438311575,0.7610267886029067,0.6714418654295695,0.12182123193259896,0.6128974611927939,0.2758163837508113,0.45854921689028305,0.3172936295576221,0.0,0.5055004313125899,0.40215680215648875,0.1866710967479216,0.46506741246202477,0.5686885818531466,0.4966610315523657,0.08429574251665196,0.35509102611145743,0.13395667429139368,0.20551166723156936,0.7936214830565488,0.7190280821152285,0.38709096805833054,0.6450516497490454,0.39333033138574824,0.15304437746901767,0.2247549640562235,0.1029767393340801,0.30496051155687154,0.2692816102677397,0.4419324060848866,0.36905326790288706,0.4497951104199893,0.1345617714085968,0.8618217838077123,0.762918938892829,0.743045967312351,0.8787655080407275,0.2596198556639376,0.8854384814405519,0.7811635247943807,0.9133545660339035,0.1965497724314256,0.5695903446449461,0.8287495519507019,0.7752500768736365,0.343636153781831,0.8554116447315738,0.44114032320189045,0.3779955551166894,0.5346218908666819
0.5250519859074875,0.6164038226646916,0.3410776176170294,0.6032606635828807,0.5893354062413904,0.796946016156416,0.5107797302249817,0.7988183993413807,0.4982501470579218,0.5150179640645307,0.5130537604992015,0.3993510030313819,0.5661578930334076,0.4401900928920722,0.4748376769371825,0.4353126139673951,0.44952084400453857,0.4077274081184296,0.39381207645755617,0.33205954669415144,0.5663680707987898,0.42466833468931275,0.0,0.39467218416032396,0.47281607531815073,0.5435266355434403,0.6405880629148418,0.5223049859829358,0.5042841414149263,0.3955271590331521,0.5121148015068027,0.25247825993115336,0.5480159171755412,0.47856104002014277,0.1862873168184169,0.24606249173555036,0.24564800796489555,0.2688661995329792,0.32102123941379845,0.6077473727650704,0.034549542497492036,0.0,0.2061406747565589,0.0,0.1943594066347412,0.5051781986028544,0.5950655193721665,0.3507612187990197,0.26926441193868644,0.3645107308109863,0.6160375168561305,0.27251166973359725,0.7601181152486645,0.4004002310699573,0.5791087957263681,0.49346356830332516,0.6709894931440342,0.44915800271251566,0.17937216465417047,0.3789446107628182,0.4626495878685605,0.5401319404428758,0.524796125974111,0.38636890180311745,0.27322710478807305,0.5829766613556916,0.5695361987728021,0.8466457267018941,0.31652351587580485,0.6629070228404141,0.6289867365496089,0.5448607431502245,0.3292274249057011,0.3735193892469584,0.0,0.02810460128538807
0.5948840187390404,0.6199715090106124,0.26113918357824994,0.29881459510428954,0.0,0.43560724332573275,0.0,0.13469144060157467,0.13487576929596232,0.37345360379303916,0.12276196541711103,0.22234424736182837,0.34804708160512765,0.06158117013049024,0.5582828419388814,0.6171771267034262,0.6516259749304749,0.6252293947060926,0.09535206286476972,0.3906872133254633,0.3166738403409558,0.5154572506856092,0.39467218416032396,0.0,0.6998805403263315,0.7906154081215674,0.44475349373712886,0.307205502078192,0.10813667433287463,0.0,0.42717961453426695,0.6385414612895458,0.49119966332998155,0.26815415996534925,0.0,0.1610512923205166,0.2946057748489133,0.40460961851955424,0.6263698670282848,0.5987348953805968,0.7168352546651104,0.2683613776182828,0.5830928045129875,0.3967083031723391,0.27359249229798,0.4721781568951,0.6916626652529595,0.16529880829905874,0.32636003385294077,0.31879621707718075,0.4222811680001627,0.42757942185247166,0.24471556735629868,0.2143163401290748,0.32544508540691586,0.1821340348330163,0.5727173769230322,0.650841687606577,0.42171406411900475,0.5271625315027423,0.5790385892720584,0.653335023952329,0.6086701345508285,0.17803146627927202,0.5317534395078706,0.4486727633395239,0.5589618661515341,0.24654255397110159,0.8835635685833262,0.483067577362123,0.8076397700001663,0.3425145515167615,0.6373119924941385,0.47499910923619276,0.7195079245832432,0.740689361145118
0.7327135545832913,0.9098355201472792,0.3873559203143089,0.3920525472073389,0.16536494003763638,0.6055721790775045,0.08161169411414612,0.1317884365224947,0.23100852770669597,0.36581276665806,0.2507763515088454,0.055578868282976444,0.6679926670105188,0.22389877703425887,0.8688709360770116,0.8794745256135353,0.8733414916980853,0.9325176506185651,0.15389997729597416,0.7855050099965057,0.646155429625768,0.9477722852900182,0.47281607531815073,0.6998805403263315,0.0,0.9510819365781461,0.7950094957098176,0.6232459098353313,0.5387081195001802,0.017159988068777325,0.5673653146179334,0.4906573714886954,0.5123196916277261,0.35890700846405965,0.0,0.3550627524705423,0.40083338845158634,0.2731985316870091,0.6515401194932828,0.6735369106854311,0.6892474223138053,0.15020802557841495,0.4466361156596078,0.21600552847014481,0.23875151553701482,0.7362778947580939,0.9131927460388135,0.22531283292189552,0.5875860103839263,0.32276763375817497,0.30101249365007143,0.35895304382506377,0.1617825687295922,0.21549266385001184,0.3829701247061789,0.2617373817914565,0.4622650475039272,0.6135986781740388,0.2647464244611327,0.789391290028233,0.8330215475113588,0.8423281131071634,0.8800684144352132,0.17953466234370363,0.7905098375773343,0.7495794105976807,0.8980740797369997,0.2449871279007369,0.7517215930267555,0.8841133048136917,0.9158175540237514,0.39809547139987517,0.8480309082090095,0.5185069162113526,0.5914919733853264,0.6977748236040613
0.7094987338792073,0.9419904798891696,0.38293474301144037,0.4441843487892376,0.24816067034347886,0.6967061017869142,0.13616286769271105,0.2997058363909042,0.24149945676617435,0.4694751971984816,0.2692936749515707,0.23446372801508414,0.697086765080517,0.2996822926495475,0.7818991158140817,0.8334686915224868,0.9324228796526733,0.8892335764521945,0.258867265093538,0.6984729470447517,0.5828774721476954,0.8573536651378528,0.5435266355434403,0.7906154081215674,0.9510819365781461,0.0,0.7426760184846882,0.5953544569587826,0.43283513106829946,0.03204277768224107,0.5264413202483839,0.5510169608513252,0.5573036890594977,0.369211829733293,0.0,0.38052114536415094,0.4174428959596583,0.3161463785664693,0.6371699170990826,0.6979584523161528,0.628257115994548,0.15935449884702738,0.501113364227022,0.2691433734800203,0.24942962058288387,0.6902875291114459,0.8855360215622876,0.27637787688176013,0.49381848407430506,0.38088344642389593,0.38752215588380956,0.36244872449268617,0.28355242852195683,0.2434373512403152,0.44353952390413964,0.29590312599006086,0.6403461273186629,0.6630032976607602,0.38503348796183623,0.7233076396073153,0.7784309019779826,0.9318171341283381,0.8383259549017403,0.25851731822516105,0.719666508344454,0.6539242674957729,0.8461613425800849,0.3155804740153744,0.7642982968694046,0.8040456366979791,0.9847524167864379,0.4387880379066479,0.7922511567825966,0.46490882235698205,0.5460246226862918,0.656901075509891
0.73706380600359,0.7006541356282809,0.6081628944867041,0.4866796200453964,0.5832838828074328,0.662431497736282,0.40379066534202784,0.3668421562483536,0.6905834343419247,0.43145129754284567,0.6544485504878955,0.1100574665539861,0.7579453512752591,0.32134095728800643,0.8957179772173081,0.7428550499222315,0.71548672639332,0.786331457817381,0.37807108878492834,0.8485940773938122,0.8409187223669221,0.9215922438311575,0.6405880629148418,0.44475349373712886,0.7950094957098176,0.7426760184846882,0.0,0.8246120409964699,0.8135211354069541,0.34928925131103467,0.7073124285452277,0.19502077767444528,0.5259847095060142,0.4290321902835366,0.0,0.4897118149716382,0.3570372700613586,0.21692390635208822,0.3356190955170818,0.6434870823371714,0.22116769364525005,0.0,0.20513781988432314,0.06291238703215679,0.1355026597653256,0.8126235442378323,0.701125012144467,0.570471509956776,0.5387110395860056,0.48939416980720696,0.28696270892621717,0.2508654991775487,0.270296290426398,0.5012213933549511,0.4592237227194102,0.6354764573858022,0.44656637464733123,0.4373517413148697,0.0,0.8060976436707188,0.7253110989293351,0.6949435471502059,0.8611364566681943,0.32997842841306807,0.78241760760081,0.8687668021126793,0.8913546502422358,0.41739829118113675,0.45725081350209873,0.8497364319337443,0.7933187848100075,0.482801538888672,0.7394029325078851,0.5230048596634267,0.17976017374641623,0.29029861064676443
0.5551695458349735,0.640153282542917,0.4611907076284994,0.6062132306322329,0.6277970583384578,0.64863914813549,0.4725055216358709,0.4504969153701588,0.6208427696538651,0.23839254288361375,0.6118192247155729,0.0,0.8967623349955612,0.44097198674601396,0.7384918389151649,0.6005436601065629,0.6236317298166774,0.7337999579126663,0.3536523669511167,0.8288687808510139,0.806714741471619,0.7610267886029067,0.5223049859829358,0.307205502078192,0.6232459098353313,0.5953544569587826,0.8246120409964699,0.0,0.8138126301963474,0.5610040440649458,0.6396131499113166,0.0,0.47850779011899164,0.3666041715991965,0.0,0.7485484042881411,0.43472964544568615,0.05400558831019406,0.2459799440307333,0.5036657186370784,0.10334480722778037,0.0,0.045224832078220846,0.0,0.0,0.7507374096099636,0.5088966606383644,0.46847684069257406,0.609788923925621,0.32774411369566564,0.06003912509568223,0.0,0.2695784584307245,0.3136899441150481,0.3079292671226441,0.49773631470601826,0.34020550724135157,0.16215083380611117,0.0,0.6354300974972137,0.6512319782640421,0.579363818547204,0.7959762010313396,0.24225656869319115,0.6118595870656495,0.765258850059015,0.6671645615968832,0.2442226782133426,0.26398616975720196,0.733948601806972,0.5919373867753541,0.2164789336893815,0.734091185159063,0.21878836868749454,0.05210862350702466,0.14201623355657306
0.5771630146953659,0.5304647931281344,0.32919850528842887,0.38507741531782647,0.6865929959179766,0.5977879699733982,0.5076150391158167,0.27975931540183474,0.5916890263854041,0.1936434787901907,0.5666617794931971,0.0,0.793220787519483,0.4983435402869898,0.6107887529293763,0.4848447465973571,0.46662967758731405,0.6161847656936968,0.2344151176709883,0.7365571992918705,0.8587390582823409,0.6714418654295695,0.5042841414149263,0.10813667433287463,0.5387081195001802,0.43283513106829946,0.8135211354069541,0.8138126301963474,0.0,0.5619352858561331,0.5382391178748059,0.0,0.4560254458643695,0.3893689589475276,0.0,0.6266185126677506,0.23582879489487749,0.0,0.015576336293611841,0.43429732970893964,0.0,0.0,0.0,0.0,0.0,0.766412823789359,0.34728478928364953,0.35160877639076454,0.516374078208398,0.14389197264013004,0.0,0.0,0.08906040789146803,0.18905602411600497,0.24412505919460367,0.43567149714587244,0.08953844218508185,0.0,0.0,0.5002208935256639,0.5480015815204557,0.37042643773547357,0.6867891840006428,0.08714676236255137,0.4280792708061568,0.7675708714995192,0.5648094702762944,0.19101811578751118,0.07031934494735184,0.7022784128245863,0.4576300135142102,0.18266848618583156,0.4608694737803927,0.21106673975414955,0.0,0.0
