0.0,0.35936046294268414,0.20732866984397622,0.0,0.0,0.19196283993936794,0.04354942105629497,0.31388804868690484,0.4375898466975812,0.281589855480994,0.32663387172972735,0.14107815062894247,0.24976493066878097,0.0,0.26348534713523997,0.5470824496786851,0.39366884791445744,0.4884808448710249,0.32434819482925614,0.22302736945226923,0.44059810107377056,0.37181957479085936,0.26704362600089776,0.24839008389777387,0.5521364793292591,0.43327491179773897,0.26289941149881635,0.1983822775276691,0.46408643254339593,0.42038598145598444,0.5431275020729551,0.26032522257509894,0.3105463704862687,0.3880235960715673,0.30782283274701006,0.3157401105453141,0.33294905590127566,0.03086535863630737,0.11833432681371671,0.39870421095627745,0.3858589726398539,0.21304649840530523,0.08713069030019673,0.0,0.10843590675219834,0.61974141050833,0.35999210780094615,0.37781165708504816,0.0,0.0,0.4087889675921149,0.3044157745424246,0.2922048921899383,0.401006960921825,0.3688554969984401,0.15147245214855468,0.22634216045032318,0.37898037321016775,0.04959797021956125,0.2913178069243517,0.45392183181486406,0.26391997073594464,0.47382354806537874,0.37710553387978,0.2476222103392562,0.39727293506454336,0.3370172797656471,0.40215446044276515,0.23507153621518592,0.5073890876743377,0.50974709116578,0.39777119418109264,0.3574400727793141,0.5082071656954669,0.40790359147467614,0.5313389871455244
0.35936046294268414,0.0,0.3085809615650124,0.0,0.0,0.3912395834572851,0.0,0.4515314512343546,0.43443117687280625,0.17111671035318213,0.36955395867121044,0.24641392495063127,0.2929119640759198,0.0,0.34182874621070575,0.41810567352397654,0.32705807902185563,0.446807803361678,0.22952750089092,0.3151523244835073,0.3939905753738834,0.4211786487836744,0.448821960559802,0.37504294253096193,0.49864426970496817,0.602821499317037,0.31685989770888395,0.1678373422717539,0.3508604247032094,0.33922579517270346,0.350774309972494,0.2836465330285338,0.24470351975088045,0.30999539378528573,0.21058190672999474,0.17278242561380022,0.1832051427297597,0.05784872900663807,0.18831389201873971,0.276459285833553,0.2745424579523308,0.14044534878744572,0.04672660352346383,0.0,0.06623590306902066,0.2902583256959975,0.3705085563036467,0.3082678113404977,0.0,0.0,0.5033427253337771,0.2459541890144598,0.4316065121941376,0.40597329459190407,0.18259481884349196,0.25485145113339647,0.3493808742882563,0.3880285417554907,0.09447282148271448,0.3672872954531137,0.2146926623449136,0.2333234295368212,0.3086986543122335,0.3312274574541853,0.24986292140469926,0.26814151353135235,0.2110192305104246,0.4186665329805971,0.2469404579108351,0.36316195357061054,0.4838785727176637,0.38982262793051353,0.31210945272620405,0.3354881112614885,0.3004291881000458,0.29451787739191443
0.20732866984397622,0.3085809615650124,0.0,0.0,0.0,0.45534479660943905,0.0,0.34589769693976613,0.2963619034199201,0.22139369467461065,0.369526591911837,0.12833532747375373,0.0,0.033851281405330474,0.2001161755296951,0.19716757568949794,0.14836719579101185,0.12279414049509109,0.45553259096280874,0.15814060140131767,0.22650098968485502,0.1661716267979517,0.4512146451623309,0.20306056353198032,0.23626909050406233,0.325381742633339,0.4377067241591124,0.03556459699283222,0.33222695253827994,0.24878662410047234,0.14903401866953175,0.30683033796234477,0.30950844610254197,0.13855892781809992,0.10812609563573979,0.3328230560382571,0.20426011606388447,0.07449898090009613,0.29987954077850293,0.2592396129772096,0.21876673395090285,0.19074676627484574,0.0,0.0,0.11412977235813225,0.21248232693894306,0.12983077990603736,0.22784795768092353,0.0,0.0,0.30979772003462946,0.058847698628132675,0.19071869981963008,0.35172878026827625,0.1795180837427571,0.08907036457416823,0.06394373084511074,0.09803145517979718,0.16862087480940965,0.1946144270057121,0.23678799906159703,0.13049326301429004,0.16357880308330494,0.44815276183523733,0.05177479871295087,0.1831808542282858,0.03980939700293757,0.33575839049305445,0.04667353794695543,0.2503436955047255,0.3022514435070508,0.29415494567732847,0.11588404837403497,0.21298305041549853,0.11646937322813596,0.16480636649543187
0.0,0.0,0.0,0.0,0.4299561527469198,0.0,0.37600647786996816,0.0,0.0,0.0,0.0,0.0,0.2314247306925898,0.2785802924448526,0.0,0.0,0.0,0.0,0.0,0.0,0.0,0.0,0.0,0.0,0.0,0.0,0.0,0.18791916786922508,0.0,0.0,0.0,0.0,0.0,0.0,0.0,0.0,0.0,0.0,0.0,0.0,0.0,0.0,0.0,0.1385283648344712,0.0,0.0,0.0,0.020040539397557643,0.4357318948263083,0.18834600991729172,0.0,0.15849244735204093,0.0,0.0,0.0,0.024649545767234816,0.0,0.03306521626682435,0.0,0.0,0.0,-0.006028891242880669,0.0,0.0,0.002970166726757691,0.0,0.0,0.0,0.0,0.0,0.0,0.0,0.0,0.0,0.0,0.0
0.0,0.0,0.0,0.4299561527469198,0.0,0.0,0.4299801350540108,0.0,0.0,0.0,0.0,0.0,0.19498662475375966,0.35223040110050174,0.07465772564966952,0.0,0.0,0.0,0.0,0.08964618968664666,0.0,0.0,0.0,0.0,0.0,0.0,0.0,0.09253927248012991,0.0,0.0,0.0,0.0,0.0,0.0,0.0,0.0,0.0,0.0,0.0,0.0,0.0,0.0,0.05779796521729103,0.2976944159806262,0.0,0.0,0.0,0.0,0.3979214086693733,0.4890432215994845,0.0,0.13452458196914274,0.0,0.0,0.0,0.20270134255590305,0.0,0.03530912334167654,0.14914512832954233,0.0,0.0,0.0,0.0,0.0,0.01499985000377478,0.0,0.0,0.0,0.0,0.0,0.0,0.0,0.0,0.0,0.0,0.0
0.19196283993936794,0.3912395834572851,0.45534479660943905,0.0,0.0,0.0,0.0,0.48172175594452465,0.3289318874363999,0.3308636748641295,0.3043564778117544,0.39149614271506816,0.23572307178154447,0.042908611631605476,0.21396941232681568,0.1996527489422899,0.31839498176140535,0.2341514672508853,0.35220085425643805,0.19855790431127968,0.29738631665422494,0.1640651330921564,0.5607102325124352,0.39199223855672954,0.30821990785023173,0.4793484614352377,0.5292694142354943,0.1535767994466834,0.3358872564307891,0.21091280447312596,0.15492763704362594,0.3454235383437499,0.27361731153667274,0.16005407944380376,0.14557617915394916,0.3144024132459825,0.23281812218249512,0.08578981721851411,0.3016669987200289,0.20923101775498354,0.23624111756283392,0.1775248275480802,0.0,0.0,0.12255347317081562,0.19453402655568294,0.22475570937322564,0.3193280475176283,0.0,0.0,0.43647511297481134,0.1388135635847268,0.3661151233663526,0.3501761550934645,0.22547329537906072,0.1267328282927363,0.32217193902222885,0.248677995870598,0.10764926564019277,0.247045452207897,0.21953369532496303,0.292417995058432,0.1742100131012407,0.33209387618586544,0.19232515591380195,0.2724690008888893,0.14947710153691274,0.4937219936342745,0.2324252896113785,0.2520829785373118,0.37574843302644684,0.38607988105984253,0.1148813471665423,0.19442774900940904,0.22442025723307038,0.1964759857647994
0.04354942105629497,0.0,0.0,0.37600647786996816,0.4299801350540108,0.0,0.0,0.0,0.18477790741006,0.0,0.14232212072407652,0.0,0.2902934473294813,0.20349886465302489,0.0589840259199385,0.1315928265647631,0.036202131641393506,0.17032558073365398,0.0,0.06597982004920877,0.07191943501149407,0.012433515885096325,0.0,0.05076844220205449,0.08751000827557939,0.02836623708104308,-0.0029553950194865174,0.19969289461549306,0.19264281594401864,0.1308381734694244,0.08954656805075625,0.0,0.0,0.01924713988335697,0.0,0.0,0.0,0.0,0.0,0.0,0.0,0.0,0.18057901118169142,0.2568224537955483,0.0,0.07626597044114757,0.18173334883005623,0.1321031888885319,0.2710615229149062,0.2532138339381704,0.12907616530080207,0.26828452065492797,0.0,0.11134289646887874,-0.010153574143006685,0.2958162301776299,0.0,0.20847032978842858,0.1139126960603679,0.05581728232939411,0.0,0.1013042259784017,0.11629508238334703,0.07214137567514929,0.08105617068800472,0.10684086296636462,0.06467435836555284,0.0,0.06191231622050311,0.05696466156249544,0.02929734587639939,0.09807046324172845,0.10892933969032247,0.12009361692940713,0.18897878000092452,0.009045427567562036
0.31388804868690484,0.4515314512343546,0.34589769693976613,0.0,0.0,0.48172175594452465,0.0,0.0,0.3543671025585048,0.2222666584725363,0.33279399005914817,0.28134621238278673,0.17005946594173285,0.0,0.1812400391111117,0.2527897770117718,0.30827807140266644,0.30316555881942453,0.3440211095601903,0.12603346572355395,0.3950271986497951,0.17694432156864653,0.5563269695770451,0.46448916811292795,0.3253231080604902,0.5002324267955185,0.27533248147096856,0.08383188155198219,0.2275610636578629,0.34491742316483803,0.2571326955395101,0.3315452245001733,0.2570947946727435,0.21660494420816104,0.2191608678623561,0.34480975177736156,0.23598122850885864,0.12601614471546876,0.20658100858851083,0.21523369512980323,0.21968025922566226,0.16636149252859833,0.09651281865786822,0.0,0.12870404492337129,0.29209059827400397,0.2686057784016401,0.2752193562463877,0.0,0.0,0.4287861481152447,0.15364222156338295,0.5672645539512706,0.37568066109585824,0.24558548493735927,0.15851946110762463,0.38909970051790527,0.3041643441513195,0.10564285129714068,0.23657607218798168,0.1396800582642065,0.2527571842164844,0.20430134104403602,0.35738843619837396,0.09860814698279945,0.3667994943028038,0.08722673952651863,0.48836285564578263,0.3721826615122278,0.27734834430196736,0.4230275962485381,0.2606408123763686,0.23978038146376246,0.19673091384516436,0.2855145045252183,0.22801599407652334
0.4375898466975812,0.43443117687280625,0.2963619034199201,0.0,0.0,0.3289318874363999,0.18477790741006,0.3543671025585048,0.0,0.1701354075823301,0.4514297664595416,0.13230231318886787,0.34830788435402854,0.0,0.32797478995273915,0.4950667547382451,0.31203264619135906,0.46804444048637933,0.27427798235612977,0.3199587070569786,0.3619539459112484,0.40200770693874865,0.3578167968431441,0.2628385396596542,0.4660885614416478,0.45264556604966516,0.376693767788364,0.23729303647261712,0.4622409504811187,0.48644688484567095,0.47091035133034637,0.2632989224125396,0.21827797161585433,0.4038753983899634,0.30888978500336595,0.29661202549192633,0.2516402290977622,0.038264815967216925,0.08327499876012918,0.30629559919851085,0.3289769432681419,0.12839783555436182,0.06642425506713699,0.0,0.0013957059037901706,0.40998392612912915,0.37962740219290403,0.3527795291608416,0.0,0.0,0.5223693688324467,0.4573733047900999,0.3314244195184824,0.6024763247147801,0.2665730963475755,0.33085238476417994,0.23200911725412568,0.4789466119184883,0.14676711522361668,0.31914015796013384,0.3318989529772438,0.2208612148947531,0.4015221603731375,0.43393778233239333,0.2653140632362954,0.29274157471737616,0.2835684198737727,0.4158285894204888,0.22025367694308018,0.4318437212793372,0.46484676234694244,0.4746880185560324,0.4313872243531089,0.44154039835936343,0.4182948759231567,0.37298124189142284
0.281589855480994,0.17111671035318213,0.22139369467461065,0.0,0.0,0.3308636748641295,0.0,0.2222666584725363,0.1701354075823301,0.0,0.1269043465442494,0.5346214962016284,0.2476529552289331,0.0,0.11977834491502347,0.22635218138973556,0.5577388978582095,0.32195473240103967,0.36927914017778857,0.1074199050489201,0.2545914557894779,0.11377494881959016,0.2553461456969211,0.2826304618162588,0.37842659698476677,0.3224324724449536,0.32053669361726084,0.2188302367697582,0.22883804967802224,0.03352100708077968,0.16405399275988114,0.2007691927089495,0.24510836666012084,0.0015178418617636071,0.08720059769066425,0.330563425048754,0.45623905706753975,0.005019108841813389,0.2500567959715099,0.24465073959061923,0.22122859869619033,0.2432757786481113,0.05829944550078377,0.0,0.19676341397202018,0.2855330310759619,0.20571994145113556,0.4459735973351453,0.0,0.0,0.25629787414356253,0.0,0.19319898702152738,0.22781828568504514,0.46801788939796884,-0.007456875204579544,0.3607326696876568,0.15702788968605003,0.0,0.24302537358038398,0.4189858339611917,0.46421503194895464,0.35439551510171013,0.22678735964207472,0.26548950997055937,0.26829970274992015,0.33181410541665585,0.39335312919511506,0.21866602110997002,0.3355836955336465,0.3461195710463534,0.32921058702030354,0.11247229347926224,0.245674296735724,0.21098880864043473,0.44849422355817586
0.32663387172972735,0.36955395867121044,0.369526591911837,0.0,0.0,0.3043564778117544,0.14232212072407652,0.33279399005914817,0.4514297664595416,0.1269043465442494,0.0,0.0926440146219506,0.18545357430281106,0.0,0.24041591777225713,0.3993637209393235,0.20572034232622885,0.3534894821318359,0.29965301349981543,0.2768296711823554,0.28526995836508406,0.2950728634381822,0.26313849707844583,0.29565696291828847,0.39651562196190276,0.3835897303157848,0.3222521653383411,0.103780236675148,0.4282219685462541,0.38836609479500594,0.34063571514930074,0.06826681746229558,0.02429412441450352,0.16643493852835278,1.6907435854301634e-05,0.24613766905373297,0.25786143333366907,0.0,0.0,0.13744170214619977,0.13212000362760537,0.0,0.2306270788675575,0.11938753614971831,0.0,0.3343561706615361,0.3069973884904916,0.27221808324399765,0.0,0.06399483147417306,0.4236919266403299,0.178945665058551,0.30552667191826394,0.5086497207167251,0.1359458745323788,0.4836311174403396,0.09920563918185318,0.28680371392716403,0.21937717082722907,0.25184562489656354,0.17673635145302044,0.2045949489882441,0.22732508454582692,0.4751903348892364,0.18953911607062174,0.23458585257296333,0.2009076700212171,0.3118788198918783,0.15381543216506643,0.3111731404384112,0.3507923256286543,0.3665380912353731,0.29684655274108884,0.29404510185350086,0.29429852383327626,0.25218048763770706
0.14107815062894247,0.24641392495063127,0.12833532747375373,0.0,0.0,0.39149614271506816,0.0,0.28134621238278673,0.13230231318886787,0.5346214962016284,0.0926440146219506,0.0,0.3697253799045658,0.0,0.17757553432487155,0.1436551823377012,0.5202101590168513,0.3017685025018946,0.2272823314962357,0.1568122115647815,0.21443200527293363,0.0939955078472028,0.30137074493313976,0.4141281979668167,0.2821567912699962,0.37339312355736526,0.24584876006576759,0.25140128950648727,0.14156331026314226,0.0,0.0801341348125468,0.0708260415193435,0.13963288678905275,0.0,0.012169007725740333,0.15645148457475488,0.3304701461529392,0.0361693535824536,0.16688478257302508,0.1377670703261924,0.0749443512224892,0.1252580910359423,0.10121182426415591,0.015581868417908104,0.16611052847506658,0.16441799267973947,0.1908492925735628,0.450557758893356,0.0,0.0,0.2643471654402934,0.01420193070182094,0.2873071349866597,0.14053335938131384,0.3269699087018572,0.08185458993720403,0.5210487216272618,0.20037591398815346,0.0,0.28521257360580426,0.2567296633204111,0.4492195514994563,0.24782309874498548,0.12480662570290939,0.3232776790987964,0.23195130380216783,0.32203707286409056,0.400370136792841,0.3204418630790202,0.18733812813250397,0.27438113404150694,0.26226929484252226,0.11735857066434838,0.11840532151363467,0.18773020289283707,0.2782691665412318
0.24976493066878097,0.2929119640759198,0.0,0.2314247306925898,0.19498662475375966,0.23572307178154447,0.2902934473294813,0.17005946594173285,0.34830788435402854,0.2476529552289331,0.18545357430281106,0.3697253799045658,0.0,0.0,0.3214943906049165,0.34464564634516237,0.42891497388426614,0.4800051843208577,0.07048030849454281,0.35788049142553247,0.23358250926454827,0.3093160340318877,0.1654936780403081,0.2839897868203143,0.3661885462323066,0.3751334349563995,0.22275802862531732,0.5237009940969404,0.3277136598080305,0.2016166712574369,0.28367388104447583,0.0,0.0,0.11854273021881331,0.08928014162872555,0.01505631388599854,0.2293595404842796,0.0,0.0,0.1373257162089526,0.13098657771861008,0.0,0.12774204287612828,0.168922174574877,0.0,0.22561080412433107,0.2823035204111234,0.45727513558476807,0.18013807173773155,0.07728694911595191,0.3787414820431259,0.3545863420416564,0.2552145860318983,0.28821043790856976,0.23730104405040398,0.3034346688302818,0.3793897431291642,0.4438117648125325,0.01110635180794121,0.331773503090437,0.23706722199517252,0.4152767674092807,0.3887182823666619,0.15823501233365878,0.40768402251801733,0.19196936107485332,0.3641513754757572,0.2985944720960978,0.24780186444534,0.2479347886361476,0.2884118866917143,0.364150271725222,0.28908896483950125,0.2985598934848504,0.3433227370631771,0.2986351317493175
0.0,0.0,0.033851281405330474,0.2785802924448526,0.35223040110050174,0.042908611631605476,0.20349886465302489,0.0,0.0,0.0,0.0,0.0,0.0,0.0,0.0,0.0,0.0,0.0,0.0,0.0,0.0,0.0,0.0,0.0,0.0,0.0,0.0,0.0,0.0,0.0,0.0,0.0,0.0,0.0,0.0,0.0,0.0,0.0,0.0,0.0,0.0,0.0,0.0,0.0,0.0,0.0,0.0,0.0,0.23846010008202706,0.27399930342802625,0.0,0.04134507430867249,0.0,0.0,0.0,0.0075049371064693825,0.0,0.0,0.32547594329966034,0.0,0.0,0.0,0.0,0.0,0.0,0.0,0.0,0.0,0.0,0.0,0.0,0.0,0.0,0.0,0.0,0.0
0.26348534713523997,0.34182874621070575,0.2001161755296951,0.0,0.07465772564966952,0.21396941232681568,0.0589840259199385,0.1812400391111117,0.32797478995273915,0.11977834491502347,0.24041591777225713,0.17757553432487155,0.3214943906049165,0.0,0.0,0.3496383910670906,0.25198332845598653,0.3683027522599436,0.14042322870152105,0.5714303538475782,0.3457259922261549,0.5397947616202826,0.23302481517613172,0.26937534111186173,0.31265369202454274,0.35813641495456544,0.3392335812648148,0.3495738381036761,0.4056745281147108,0.27689344923438697,0.29269839801853065,0.13892806187210321,0.14236282493997612,0.20368927720135352,0.11219244764987647,0.03431487512186277,0.09742434249507437,0.04496587786675463,0.11605794648270282,0.22052718443240116,0.1622143166977578,0.011809979830910745,0.08092137466425606,0.13794819430723845,0.07038545477026359,0.19603377718402532,0.23428116913498676,0.3621096018915246,0.03374475054889386,0.101335496848653,0.3211126644713945,0.2613106922954079,0.23797320436801525,0.2691814083100456,0.209879966502713,0.260457944330107,0.2108961502135438,0.29716164830976877,0.051598748643818325,0.5780360099688674,0.27034708936190605,0.23916124648195555,0.3511861901717649,0.25877653097229925,0.486277685728219,0.23186084474492186,0.4199550140927526,0.23423467231331724,0.1893269609563562,0.2556976187926181,0.2954590109431608,0.4049095477705371,0.34770191201067546,0.3526447637979146,0.3214656073228248,0.26723433521853407
0.5470824496786851,0.41810567352397654,0.19716757568949794,0.0,0.0,0.1996527489422899,0.1315928265647631,0.2527897770117718,0.4950667547382451,0.22635218138973556,0.3993637209393235,0.1436551823377012,0.34464564634516237,0.0,0.3496383910670906,0.0,0.38425528139301635,0.5880646665206714,0.2760868846489755,0.3338250286695886,0.4150285069964299,0.48017926239129843,0.2287388762777548,0.23553865695077097,0.5673973548042209,0.45273043268932534,0.2935952919866032,0.2570784279492487,0.5025738912710179,0.43173520166093926,0.56529496706467,0.20544145899432623,0.22461978428940943,0.4069471411315833,0.2611050950904086,0.21191684356740292,0.3178078018750433,0.024879669202792228,0.054999277905068374,0.3386458626995298,0.3395805769325433,0.10354421473856594,0.09514342886518903,0.04798325762687549,0.046081662990589155,0.4910288168758977,0.4346330975074644,0.42600988766161735,0.0,0.0,0.46800971290645715,0.3750054957442632,0.2690766708005382,0.4250313479558066,0.3487606425668014,0.31323576216483817,0.21543209057799717,0.4666967555715408,0.07512814320373866,0.3673311761334373,0.4611736918160919,0.277790732674768,0.5269912417087192,0.40764009584588534,0.3540371506720166,0.3337222910451818,0.416745054662932,0.356576463448536,0.19890843329221836,0.5208298849156436,0.5010582620444818,0.4557740296508965,0.44818900422663044,0.5344198340952657,0.4757751650739529,0.5200464473752563
0.39366884791445744,0.32705807902185563,0.14836719579101185,0.0,0.0,0.31839498176140535,0.036202131641393506,0.30827807140266644,0.31203264619135906,0.5577388978582095,0.20572034232622885,0.5202101590168513,0.42891497388426614,0.0,0.25198332845598653,0.38425528139301635,0.0,0.5178596902700217,0.33808980415529316,0.2345815228757634,0.34952408042555627,0.263048134726056,0.2624186721766245,0.3989907065125635,0.4981323645526587,0.46504246482907396,0.2740844240967595,0.33681093934731016,0.32075281739980444,0.1905855758436369,0.28839879132237745,0.11407126189645052,0.20376987086237322,0.11373617848860511,0.11874395980839722,0.2585690061390622,0.4101290838315236,0.006355694749519253,0.08332347524599618,0.2692513285263469,0.22303198850019687,0.09818929052089301,0.15009125772960716,0.01481579519793157,0.15320655644475273,0.3719623172136625,0.34329705894702006,0.5083731821940239,0.0,0.0,0.37622785151785937,0.16696316578805145,0.2992558209680331,0.31212439131506503,0.4813765578492463,0.14010542137131116,0.4660752879477729,0.3458279190786716,0.0,0.3554685424995924,0.4290019834436221,0.5206796791574606,0.4787124073510206,0.30431896900768074,0.3755170689456217,0.3261385133860366,0.43102958445749323,0.40138320473608086,0.348739445081795,0.4086574653058314,0.4482167720584139,0.3739710266506232,0.3021949375638705,0.33883036898930546,0.34545250522741144,0.4885514438397737
0.4884808448710249,0.446807803361678,0.12279414049509109,0.0,0.0,0.2341514672508853,0.17032558073365398,0.30316555881942453,0.46804444048637933,0.32195473240103967,0.3534894821318359,0.3017685025018946,0.4800051843208577,0.0,0.3683027522599436,0.5880646665206714,0.5178596902700217,0.0,0.2532203422031772,0.34546967942658363,0.4224282834128644,0.4369279278149502,0.22225611651378513,0.3376474233515786,0.5771006549578253,0.5023812903107685,0.24860775192889112,0.3379867440577219,0.46392387778349625,0.3590583221085721,0.46852255315702096,0.09990284817659009,0.16209156069728278,0.3001165678749307,0.18492849933714253,0.1763082966132845,0.3393773673224467,0.0,0.0,0.2913145947028624,0.2529152076516878,0.02974987563569171,0.16035553305175326,0.12993343623927192,0.05040607165852894,0.43379547324532947,0.47963959794404065,0.523341258959538,0.0,0.0,0.481133321839319,0.3450450442006159,0.33414396446416034,0.4013732005940472,0.39929787916108517,0.34763935724782963,0.37675409620315303,0.49975557834797046,0.008990482775958028,0.4221656146455123,0.42135575959965904,0.4128892936244179,0.5529094410370873,0.38445654326069595,0.4042939483114172,0.35005120402293727,0.4578355795457545,0.3911131301989308,0.29527735917035774,0.4774763485192277,0.4950627763630565,0.44206106338522905,0.4564426319038293,0.48026853642204936,0.4738626912377204,0.4958169244380667
0.32434819482925614,0.22952750089092,0.45553259096280874,0.0,0.0,0.35220085425643805,0.0,0.3440211095601903,0.27427798235612977,0.36927914017778857,0.29965301349981543,0.2272823314962357,0.07048030849454281,0.0,0.14042322870152105,0.2760868846489755,0.33808980415529316,0.2532203422031772,0.0,0.07328108928051766,0.3580770009213275,0.10725750307417334,0.32951363837881975,0.2748272112042792,0.3353725868486057,0.31033561969296003,0.3147949651284037,0.13823023888687114,0.30549478136316954,0.28871046305561515,0.18058826080632878,0.2169944688811219,0.24677690208555342,0.10074819821963528,0.10499803710159944,0.4742061945731691,0.3747064282432325,0.036483999527339946,0.17763487693060825,0.24571457889203935,0.2228167673842612,0.19977504569330523,0.13455613062761715,0.0,0.0707085797751503,0.34848787768563866,0.2399532200922202,0.35680569093200953,0.0,0.0,0.2883923855699985,0.06903524200165437,0.2520216807686031,0.33908254058080134,0.3779799675600433,0.05682752152282381,0.18367703960491158,0.16514025326236675,0.0,0.21138298328406566,0.3720463036502523,0.32835739903907407,0.3098540441426869,0.4984380733962258,0.13403379858677628,0.35524027203901215,0.1993976720723264,0.37163764075983186,0.18933950842536623,0.31969020208806376,0.3761981508081318,0.28200421328953906,0.20124554854912965,0.28326898599162587,0.2963300432539683,0.344594564753782
0.22302736945226923,0.3151523244835073,0.15814060140131767,0.0,0.08964618968664666,0.19855790431127968,0.06597982004920877,0.12603346572355395,0.3199587070569786,0.1074199050489201,0.2768296711823554,0.1568122115647815,0.35788049142553247,0.0,0.5714303538475782,0.3338250286695886,0.2345815228757634,0.34546967942658363,0.07328108928051766,0.0,0.26566740187053606,0.5821685535238047,0.1728537292010896,0.24185493349436593,0.3056667417427182,0.32448032382080466,0.37325155527341813,0.3805203029990016,0.418248399052353,0.26759012665212234,0.27740554958121716,0.07477994300746145,0.04233700468723556,0.16749649529728972,0.02501485563045324,0.014416710115436847,0.10527591904595034,0.0,0.04050639451180379,0.14854837649135597,0.12137199006030261,0.0,0.12562339781128845,0.1697429624072952,0.03217585270347939,0.19794468064014673,0.2090951624425378,0.33538934522379543,0.057127253803085434,0.15867157524122283,0.3025876297679371,0.20937543449886648,0.1897528376633163,0.28884812665037113,0.1321596726874369,0.30180791228759724,0.1673810273493371,0.25779729310077304,0.01635880383942386,0.4751078645576788,0.20314932636772837,0.22862362650166992,0.2867221827318435,0.225219282997501,0.5230535578578982,0.13672211241863352,0.4157373975985728,0.1848050264242769,0.10907564341296214,0.21607865269780083,0.24546061759479235,0.40283945670103866,0.31680190080617987,0.2998886826756696,0.2758471827826736,0.2463504293924761
0.44059810107377056,0.3939905753738834,0.22650098968485502,0.0,0.0,0.29738631665422494,0.07191943501149407,0.3950271986497951,0.3619539459112484,0.2545914557894779,0.28526995836508406,0.21443200527293363,0.23358250926454827,0.0,0.3457259922261549,0.4150285069964299,0.34952408042555627,0.4224282834128644,0.3580770009213275,0.26566740187053606,0.0,0.353152159482627,0.34158829882058384,0.3633656341873532,0.47292415958916284,0.44502810670840953,0.2817311888044929,0.21770817048392313,0.43720665108763274,0.36866081219474256,0.37603218368925667,0.2374777102833365,0.2646422816330746,0.3151848007698451,0.20401223681371228,0.27555730047791105,0.23356270678854463,0.07730916884062357,0.1384732176036313,0.28876439298469964,0.26366842994480566,0.13468195955196194,0.14828542565627637,0.022400420762521987,0.08133123117474014,0.44383818445702433,0.44883384743271465,0.37981690789931805,0.0,0.0,0.4363000023820376,0.24235914885855747,0.4280474991152913,0.31659918157043504,0.38533530376790187,0.19825729681945622,0.33119602870404574,0.38008299233518533,0.0,0.3856107823291403,0.3985292241822125,0.37114246423627,0.4322251986508574,0.353620945424152,0.28959917507330607,0.5341769460459421,0.3475191005546489,0.4143223974389266,0.31001261487061543,0.4417199709971578,0.5085256564102668,0.3933607016971928,0.34381080895014243,0.46161837079322293,0.42473967275198893,0.41566515767865403
0.37181957479085936,0.4211786487836744,0.1661716267979517,0.0,0.0,0.1640651330921564,0.012433515885096325,0.17694432156864653,0.40200770693874865,0.11377494881959016,0.2950728634381822,0.0939955078472028,0.3093160340318877,0.0,0.5397947616202826,0.48017926239129843,0.263048134726056,0.4369279278149502,0.10725750307417334,0.5821685535238047,0.353152159482627,0.0,0.2107077112145083,0.1858500965824625,0.4090901496595783,0.3833844598265855,0.30054419810648664,0.30070337998346597,0.4532341143161176,0.37138908800358217,0.41923953882464693,0.19311822277326524,0.16099156781378585,0.309889659982759,0.17436630098023992,0.07557767698151137,0.15469057605619957,0.030920772186538648,0.10723541450866199,0.25307606388328974,0.25722612051998445,0.056246500931496884,0.025351212697653624,0.08904566623444776,0.07963632143311584,0.3083059400891206,0.33503493950069757,0.33360524568776745,0.027936341792244614,0.04843600460749599,0.3775131294439845,0.2867430078156044,0.2265180456669028,0.33784535796311393,0.2174608850144929,0.2752825485893776,0.16280843370083206,0.3464712612303175,0.0,0.4908648761909657,0.3253821866818412,0.19052139962542194,0.40614476828855883,0.28780622560751956,0.45430643461380327,0.19215865891869452,0.43738351313537366,0.2429976718700574,0.10533158535026492,0.388509095990548,0.37885169606980085,0.4481294475619617,0.41196389701347613,0.43866499882532123,0.316385172923125,0.3561922677595315
0.26704362600089776,0.448821960559802,0.4512146451623309,0.0,0.0,0.5607102325124352,0.0,0.5563269695770451,0.3578167968431441,0.2553461456969211,0.26313849707844583,0.30137074493313976,0.1654936780403081,0.0,0.23302481517613172,0.2287388762777548,0.2624186721766245,0.22225611651378513,0.32951363837881975,0.1728537292010896,0.34158829882058384,0.2107077112145083,0.0,0.387516594312526,0.2968951645839622,0.4928668696704373,0.44294448317195484,0.1023529659427507,0.26245426710744146,0.2603080949820676,0.22546479655032325,0.4306518764652247,0.36676082183032244,0.2568082730527142,0.2951323312351338,0.33304333127277136,0.19979485306368097,0.1705354146041195,0.34793138660458467,0.2850085167469226,0.29573479000618386,0.26564580116621644,0.0,0.0,0.19296896592845966,0.23207040187524297,0.209532060252779,0.27977350926456296,0.0,0.0,0.4533425825928038,0.19776347296533822,0.47647016511126977,0.34186252288621133,0.19795374699013477,0.08349303921415262,0.3494752696789933,0.29907974500153167,0.1406371229736478,0.2673230053468593,0.21431173541343826,0.19449662026822626,0.16994055282605777,0.3074274999706063,0.14685232800360584,0.30668224406284,0.10696289980025599,0.5589876706469834,0.29642480606196103,0.26680068322282235,0.40472331427080616,0.33717995270168,0.20572533155360648,0.215488257625842,0.24926359147589972,0.21518215607960667
0.24839008389777387,0.37504294253096193,0.20306056353198032,0.0,0.0,0.39199223855672954,0.05076844220205449,0.46448916811292795,0.2628385396596542,0.2826304618162588,0.29565696291828847,0.4141281979668167,0.2839897868203143,0.0,0.26937534111186173,0.23553865695077097,0.3989907065125635,0.3376474233515786,0.2748272112042792,0.24185493349436593,0.3633656341873532,0.1858500965824625,0.387516594312526,0.0,0.3391632715737577,0.48004288782479293,0.23685833180230895,0.22207240798128444,0.22457015899789876,0.2333660067901805,0.18718343233309193,0.0997906836845069,0.17465028401866362,0.08752315573299628,0.06107095726315512,0.22882523300585317,0.20160664304331125,0.11219992828817996,0.0719972503781643,0.16881833877950192,0.13682687297159116,0.048869916280695445,0.22056083330587245,0.044415693492924346,0.06862002150943936,0.24581407029881297,0.2912173493271795,0.3557928216260527,0.0,0.0,0.37036661957957856,0.09079899635677084,0.4534113199292353,0.26317763355324186,0.25222962383870356,0.21406524082504622,0.45404957873032,0.22706844802617682,0.09321113992682095,0.3218466326351988,0.13237900210624906,0.370637805044211,0.22908471391142407,0.30577557428984503,0.2696785426127601,0.3471398214711177,0.23889115104590128,0.39364752091624594,0.46751244124150326,0.2171280752572783,0.3733756872790576,0.2697671413664962,0.19509745056863947,0.1645485761756936,0.3293323485080882,0.24403284818656462
0.5521364793292591,0.49864426970496817,0.23626909050406233,0.0,0.0,0.30821990785023173,0.08751000827557939,0.3253231080604902,0.4660885614416478,0.37842659698476677,0.39651562196190276,0.2821567912699962,0.3661885462323066,0.0,0.31265369202454274,0.5673973548042209,0.4981323645526587,0.5771006549578253,0.3353725868486057,0.3056667417427182,0.47292415958916284,0.4090901496595783,0.2968951645839622,0.3391632715737577,0.0,0.5617072613366861,0.37247801345144127,0.25315770156636597,0.490439080682955,0.33905779177818257,0.4666082207021207,0.22056166717905043,0.26171776747089126,0.3188448376736227,0.22740335347113771,0.234707388736618,0.32645553467224603,0.010499474782439238,0.10835008512791415,0.35829548211806483,0.35480837609168436,0.15503730903101784,0.12709247070786567,0.018362189481231923,0.0870709881644652,0.5202632970647596,0.5002157062783806,0.4481661284533883,0.0,0.0,0.5396207774769374,0.3005172780778284,0.3391013471019439,0.4318116264745515,0.4026369574143872,0.26615161240621915,0.3052546780524454,0.4450208529102286,0.03058921407181108,0.38569200260986164,0.4660234068181433,0.400695964415409,0.5039582373798255,0.3960517710655464,0.34987592201746387,0.4084503967793523,0.40935560936941984,0.4487681855828396,0.2732965118267258,0.5751007668209889,0.5959518205023693,0.5167579337289967,0.36581024090180636,0.5182757679150057,0.43582051421373247,0.5561091867375515
0.43327491179773897,0.602821499317037,0.325381742633339,0.0,0.0,0.4793484614352377,0.02836623708104308,0.5002324267955185,0.45264556604966516,0.3224324724449536,0.3835897303157848,0.37339312355736526,0.3751334349563995,0.0,0.35813641495456544,0.45273043268932534,0.46504246482907396,0.5023812903107685,0.31033561969296003,0.32448032382080466,0.44502810670840953,0.3833844598265855,0.4928668696704373,0.48004288782479293,0.5617072613366861,0.0,0.40239469981888126,0.2551396358662249,0.39543573628890866,0.3512741565325186,0.3594227273131559,0.28786288588544573,0.2854476074684782,0.2578786585718834,0.1996655116518927,0.2510347880189169,0.2919406653579677,0.06261792234755088,0.19290842140437853,0.32578629768413236,0.31989495962490244,0.15892251775838886,0.07646915344698117,0.0,0.1258513110406507,0.3855630009106347,0.40341405104106415,0.40104579794395756,0.0,0.0,0.5576408900971106,0.25891531865834094,0.4526101373627125,0.434530586354313,0.3011976193412022,0.22471614961320008,0.41859263030560173,0.4072824044634223,0.07978736968483231,0.4054717592177472,0.31480707685526327,0.38866848933443204,0.4061269483602867,0.37134269493903754,0.31754803011535987,0.35828109170295236,0.3006042055275791,0.4967702294690645,0.34694373701685816,0.4287060672712852,0.5649773665423529,0.46235293806761635,0.3052008110009705,0.3660256356714636,0.3783046864933801,0.40129195726950967
0.26289941149881635,0.31685989770888395,0.4377067241591124,0.0,0.0,0.5292694142354943,-0.0029553950194865174,0.27533248147096856,0.376693767788364,0.32053669361726084,0.3222521653383411,0.24584876006576759,0.22275802862531732,0.0,0.3392335812648148,0.2935952919866032,0.2740844240967595,0.24860775192889112,0.3147949651284037,0.37325155527341813,0.2817311888044929,0.30054419810648664,0.44294448317195484,0.23685833180230895,0.37247801345144127,0.40239469981888126,0.0,0.2488709898048029,0.4222817594265333,0.22514173324766462,0.24453771479883762,0.3631729761037133,0.2501143392584909,0.21721341723897244,0.15143791995958628,0.27731772094821877,0.2532384805626845,0.07496468620402698,0.26193521397780145,0.22416281573669639,0.2735567971655091,0.17812863335008244,0.0,0.0,0.10696579243880361,0.2550970316801046,0.23212767897141473,0.34010240485213483,0.0,0.0,0.4193243609737489,0.21814766223133342,0.24024056373561475,0.39964205265156294,0.22061126052235747,0.1457014445641902,0.13493836372419496,0.25549525655510763,0.0716575261139647,0.33278701416578266,0.310112498977991,0.2512074615344082,0.23746874621633612,0.31091608004771515,0.3085649089108158,0.24176517598712657,0.2647407881413849,0.423440574556156,0.11765043483093747,0.31793950130311616,0.3776787631607359,0.5335717636451407,0.14823109861059316,0.3250307078317144,0.25016620707265524,0.29619439751275267
0.1983822775276691,0.1678373422717539,0.03556459699283222,0.18791916786922508,0.09253927248012991,0.1535767994466834,0.19969289461549306,0.08383188155198219,0.23729303647261712,0.2188302367697582,0.103780236675148,0.25140128950648727,0.5237009940969404,0.0,0.3495738381036761,0.2570784279492487,0.33681093934731016,0.3379867440577219,0.13823023888687114,0.3805203029990016,0.21770817048392313,0.30070337998346597,0.1023529659427507,0.22207240798128444,0.25315770156636597,0.2551396358662249,0.2488709898048029,0.0,0.27485188232239266,0.26027775999470887,0.18720664552060404,0.031758315058451766,0.04131342609527148,0.07226761491623024,0.05332942224482574,0.07204089587174718,0.20380687013291388,0.0,0.0,0.09413839101545414,0.1820675437256534,0.0,0.109490945484862,0.10292034253952749,0.03562446967536092,0.1997562598967556,0.1680732108148914,0.3798173254773272,0.18147770618098064,0.020229191001266515,0.23346647835130854,0.26766051656267814,0.16144324858775339,0.21241153863488674,0.2024055991196994,0.14917741898731943,0.21596684626120244,0.26114096982266005,0.0,0.32457750515389316,0.24482800941036761,0.37793835187038355,0.34346775097020027,0.12865302415859914,0.3746514499091214,0.1638910422470448,0.35365474652558226,0.18780626733422753,0.16316283310686866,0.18635523556553477,0.22197386190516313,0.32575635304825923,0.17419588040428124,0.23417015692637755,0.34332196069164606,0.314373304099067
0.46408643254339593,0.3508604247032094,0.33222695253827994,0.0,0.0,0.3358872564307891,0.19264281594401864,0.2275610636578629,0.4622409504811187,0.22883804967802224,0.4282219685462541,0.14156331026314226,0.3277136598080305,0.0,0.4056745281147108,0.5025738912710179,0.32075281739980444,0.46392387778349625,0.30549478136316954,0.418248399052353,0.43720665108763274,0.4532341143161176,0.26245426710744146,0.22457015899789876,0.490439080682955,0.39543573628890866,0.4222817594265333,0.27485188232239266,0.0,0.42113601770026116,0.46040498135705665,0.16767111273401106,0.17986120420212628,0.3300788744933361,0.17328209494115102,0.23073518729271747,0.2426478516872012,0.0,0.06885778257002333,0.28689275976092715,0.26619594148393977,0.08165241690502341,0.07133044494216285,0.06306009996290048,0.007252178021377312,0.4604596434301069,0.4039036652205559,0.41373042847621017,0.0,0.0,0.48098702578965447,0.3163915211322043,0.22134620700174862,0.42645638970128763,0.3434287341902989,0.34550093470558796,0.15642070368108188,0.3745399615088087,0.11346169510623341,0.3810609819085001,0.44428703870124975,0.29864860478871413,0.4880544854311394,0.4307093140384819,0.34627288155904634,0.3595979377075105,0.37504807608177526,0.373825599555034,0.14722942791635907,0.49700347233170694,0.45834206171597014,0.500320827372552,0.3547314361268139,0.529195473601514,0.38734097784177807,0.4088927339570323
0.42038598145598444,0.33922579517270346,0.24878662410047234,0.0,0.0,0.21091280447312596,0.1308381734694244,0.34491742316483803,0.48644688484567095,0.03352100708077968,0.38836609479500594,0.0,0.2016166712574369,0.0,0.27689344923438697,0.43173520166093926,0.1905855758436369,0.3590583221085721,0.28871046305561515,0.26759012665212234,0.36866081219474256,0.37138908800358217,0.2603080949820676,0.2333660067901805,0.33905779177818257,0.3512741565325186,0.22514173324766462,0.26027775999470887,0.42113601770026116,0.0,0.47617346773380353,0.2803591850085072,0.2305002727683403,0.40151688302250327,0.23395400877209363,0.28148126980392846,0.13048954715049438,0.07766340985163267,0.055830285454630126,0.20717508919294367,0.3060600251118725,0.11008914009986358,0.07328139921855709,0.0,0.005365361714290554,0.3910107177631806,0.2902341923005022,0.22818889410677126,0.0,0.0,0.34941838370611905,0.3251197532454652,0.30263039392431224,0.45512728993381185,0.20972952766866285,0.20354562107416949,0.1074143019627854,0.32493770467748145,0.05276719288909679,0.2502109554229778,0.23585804538426713,0.15931378726234638,0.3542862029277368,0.4008538818059164,0.12408247534391396,0.29517867184350144,0.17370269819854287,0.2536369902755605,0.18218338418534583,0.3782622114924889,0.38234593708144315,0.2980937770623216,0.35613253741598494,0.3538628447443199,0.40662683016515005,0.351013303593596
0.5431275020729551,0.350774309972494,0.14903401866953175,0.0,0.0,0.15492763704362594,0.08954656805075625,0.2571326955395101,0.47091035133034637,0.16405399275988114,0.34063571514930074,0.0801341348125468,0.28367388104447583,0.0,0.29269839801853065,0.56529496706467,0.28839879132237745,0.46852255315702096,0.18058826080632878,0.27740554958121716,0.37603218368925667,0.41923953882464693,0.22546479655032325,0.18718343233309193,0.4666082207021207,0.3594227273131559,0.24453771479883762,0.18720664552060404,0.46040498135705665,0.47617346773380353,0.0,0.2802640659965013,0.21550034526922818,0.48260626779943755,0.3325917724757016,0.24373157945772245,0.2713241339495462,0.009067570469281905,0.09744941203372862,0.31205846878454985,0.3683958353081314,0.166232835146464,0.06099496084454912,0.0,0.021162413261063523,0.4750744411555758,0.3152603788203142,0.302753559354044,0.0,0.0,0.4149933926421789,0.3765542177614249,0.2773499548323477,0.4251159035195872,0.24232304182651854,0.23207286221097373,0.18642221175023013,0.42090578602356515,0.1613819667844895,0.29264390938922125,0.3735388299027229,0.1693832114909104,0.4231913602282401,0.3246011349133666,0.2390326463739875,0.29450160266361053,0.28612867652846646,0.3325583840508893,0.18027585628940046,0.46162094012024757,0.412568362095701,0.37345887192515775,0.39075305910616326,0.4545214276586315,0.3760758553616543,0.4707173672036224
