0.0,0.2772381246821587,0.29017430905463076,0.2237605480285744,0.42124394085048233,0.027108158082347143,0.15866422649295625,0.2689555353755286,0.31772286710337916,0.24841891687144818,0.38162939519452205,0.0630522972439371,0.12397811666314275,0.2750781025571603,0.218239835975593,0.35801930048008596,0.3516066932838794,0.4172244917877535,0.269660587225429,0.31952877470727864,0.2934888064526439,0.35425982713592974,0.20157001493536128,0.29569191043089915,0.45079565165933505,0.4645903241174125,0.33203501362864407,0.3566560065274831,0.24400778133241094,0.17150626560729462,0.3587055228459451,0.3366894227266484,0.22924221603816108,0.20116641034287977,0.0,0.11031684287440961,0.1236005899171263,0.3078633335075551,0.4865828762658607,0.32564871788492283,0.3698593435451299,0.17110575612888182,0.19150590442741075,0.14317637684142764,0.300355753070435,0.8386286360074046,0.3194085136844414,0.3759129282158465,0.1932407451620336,0.33790038421629515,0.07521335478539695,0.2665200529286377,0.21719742184284896,0.3073694343820111,0.3623567209707917,0.3799976316662808,0.04987384069159673,0.28681100670667453,0.21070216775543435,0.3078422300409743,0.5176474519031524,0.3523478640386649,0.4419637963988793,0.22918876808031008,0.6269179824359599,0.2609657318444534,0.6414112110671695,0.22386306559410324,0.2824183357122225,0.32487052427018587,0.4970871951181527,0.27875277765193907,0.4561053130677803,0.4561629224055184,0.23948292947506875,0.5706155983473584
0.2772381246821587,0.0,0.521057399823831,0.18206042700629732,0.4920466987328202,0.7973289641519644,0.6644333918288665,0.4921422904474102,0.4590586785252273,0.8128226430107672,0.2847168954451855,0.5824425303548834,0.5515526844350441,0.3709269411761806,0.5789471001225401,0.5345832060724666,0.8142420391907974,0.7734371956561819,0.28250278515719895,0.6305226241806051,0.41566810595832276,0.6601130337465716,0.6291125547389733,0.34952921159327394,0.9585509430111584,0.9170334527108633,0.6727523292373674,0.5848802785289672,0.5039804339586418,0.1667530531889445,0.23920642773684236,0.09871596213641814,0.22817165414632118,0.23665008515483138,0.0,0.15795218311585837,0.0947512089086487,0.42842990070986253,0.190629560888633,0.3317167036808561,0.15621336434689237,0.0,0.08259265757989082,0.0,0.48218282471687557,0.2323722132418015,0.8334257967495456,0.4633951720155424,0.0,0.28219912015493887,0.7332945164939814,0.4391171808550839,0.4284789211485498,0.5276521911163221,0.6871285285873838,0.34624273503965475,0.6628193366397207,0.1493007212611548,0.2456330029906617,0.5597045481741427,0.3072276356760565,0.7137158721230139,0.4765276237635948,0.24459001863003407,0.4798455008003077,0.3827649663444116,0.571412717051758,0.5752542701567714,0.28354693397929137,0.8408268364882553,0.7857404438146767,0.6664191321744256,0.10691634186967984,0.33851040371469965,0.08426269471397903,0.30232144221559537
0.29017430905463076,0.521057399823831,0.0,0.22417918154388985,0.7073160754244422,0.5398539206708803,0.4514950161950135,0.5763359694492077,0.8396829244921421,0.6928123025657804,0.7500098718339194,0.43296751677544953,0.4964831598684893,0.1835358783739259,0.7485721510884344,0.5363620326259532,0.5718449224115634,0.4430065738269521,0.7973686839752697,0.697909171688641,0.6298523335346122,0.6978069420903408,0.6612484111937714,0.2834137105901461,0.6130955059770096,0.5879137693426717,0.7534487753474317,0.6203661396317107,0.3923013437342214,0.656841856044308,0.4474571735676553,0.307637253418046,0.3474756099742871,0.4782051423020472,0.09549232158699474,0.0,0.0,0.5030388675275861,0.2580377212156161,0.3564665304288775,0.3262586404873051,0.0,0.0,0.0,0.62430261133703,0.3614644399785092,0.4493401130961293,0.9035574727241318,0.0,0.35798460224854606,0.35312233390766445,0.3388116015924148,0.4720250170533227,0.8265067040560531,0.623726830113916,0.7629972021306626,0.5861057957545933,0.1343411987062141,0.0,0.7120764039166642,0.281828630950902,0.47847411870325957,0.11749754160538003,0.694016526785604,0.5643947445563238,0.5664775466421377,0.6168526182882574,0.6017733179936422,0.35495933135715013,0.4635052439256303,0.6016164290522981,0.5186266107212101,0.22577282615685937,0.15457194600528662,0.4111765016090772,0.32525244671647097
0.2237605480285744,0.18206042700629732,0.22417918154388985,0.0,0.4295595045349266,0.23385280560870658,0.39226676061602117,0.2882269380788254,0.33292336376319925,0.2505867368235781,0.20719969565752266,0.10501765183239706,0.35040020621996315,0.0638638262692048,0.3184795050390333,0.312286820852638,0.2648487028924454,0.31906124970014194,0.26565677107118707,0.32270079056967094,0.3691279068530448,0.27663210923186937,0.28997087137811145,0.1405594146315348,0.20776484366753944,0.2435315841742247,0.2726604891876066,0.42206253110517905,0.3057770906896782,0.26709469545585995,0.35526134717921903,0.2602478323915075,0.22169782784771286,0.2414028431328634,0.1387573980826666,0.0,0.0,0.3169680461727289,0.15477575138022204,0.04235546739843306,0.17632344842196532,0.05974828150128855,0.0,0.11612043875328536,0.11095632932945226,0.27136367163274916,0.16751944246127923,0.2677565799849171,0.0,0.15313539793734113,0.19775410372330587,0.1880654425347954,0.20617787677745905,0.30497731424903374,0.14265659118910437,0.23051443003740918,0.051077941739754766,0.3316135848262447,0.0,0.28388965839706465,0.22988996997246153,0.20998536796426825,0.2145428756617295,0.2520957119266165,0.22885274548091078,0.24741475772420887,0.22570010487437098,0.27812137811114945,0.10009796700332445,0.1940919069697643,0.2759246775637269,0.1629634059861414,0.15293268523503592,0.20369532341658955,0.19324271175048155,0.27286152704831323
0.42124394085048233,0.4920466987328202,0.7073160754244422,0.4295595045349266,0.0,0.5140864678925738,0.6774870802712202,0.5675889079812545,0.8413028833779482,0.6527124714359114,0.6764756618640594,0.41127840679669514,0.5840537533798938,0.18931755788000687,0.5945252448151265,0.5167441399883946,0.569265167992798,0.5503140291435075,0.5487025285669569,0.6517195098740491,0.5687935305436413,0.606516158210556,0.5446240044050201,0.3361140148237436,0.5842153435402401,0.532840494004919,0.7319649482183485,0.5931999156877482,0.5034312826453973,0.6237755022380482,0.4753199192980624,0.4087926201070378,0.473511110313927,0.4396072625915275,0.0,0.0,0.0,0.5404661219417599,0.3504815323693776,0.4481031114628731,0.3061900716895819,0.0,0.0,0.0,0.5005327876514214,0.4880910861814285,0.4715148718418247,0.6908380289169256,0.0,0.5164642811718144,0.29163711414391424,0.4265848717927823,0.4190916585730023,0.8021619611002038,0.5411846506099793,0.6557931443270252,0.45870939027046914,0.332107816578639,0.06181285566423889,0.6238667450353923,0.3928383083395925,0.47368466586889457,0.26614400622700735,0.45410285470685735,0.6623810192395168,0.5381668819641243,0.6248563486904865,0.4412108931494514,0.33422407503806195,0.4738271534993351,0.5516252222058079,0.5198577696764891,0.3307149627640622,0.37111401818875034,0.43064669326754307,0.4056714905449149
0.027108158082347143,0.7973289641519644,0.5398539206708803,0.23385280560870658,0.5140864678925738,0.0,0.6602164171751611,0.69578788811731,0.5070227732970879,0.6909944005535089,0.23420357464886407,0.6464394007173908,0.6996222307974893,0.30294850811992685,0.5754559225361819,0.43840788777966216,0.6033652780554845,0.5281188698677797,0.2671113992261889,0.5238074195196254,0.4510378201410988,0.4969339784630921,0.8534368695437677,0.40281080923907875,0.6878424062717462,0.7250384657094129,0.6420229027899907,0.4766162497892137,0.5260879709727613,0.2376383998166605,0.2127979464731655,0.13656425442017114,0.24141946957741658,0.22359877634848138,0.0,0.1465430106521442,0.0,0.3613405707835184,0.10701642458959829,0.2449371796075755,0.03763017365911684,0.0,0.0,0.0,0.359280148563734,0.052559665210086225,0.5993380463790757,0.42894763312589124,0.0,0.21635050122538393,0.7161540711415412,0.3450202956196928,0.6082407061156864,0.4857550004448574,0.4883629437656405,0.2870319406485173,0.6591289358145838,0.19513613128137447,0.127572760187367,0.4836614608202506,0.10736782810577764,0.5152432314089919,0.1629050396066335,0.19062527517007158,0.23825031947996098,0.3950135364705239,0.26815340843266167,0.6837218955981335,0.3203420168224791,0.5714426552729563,0.5790383861705579,0.49920593264243085,0.0,0.11808705242979715,0.019897731251976292,0.08174419841306688
0.15866422649295625,0.6644333918288665,0.4514950161950135,0.39226676061602117,0.6774870802712202,0.6602164171751611,0.0,0.33362857378751565,0.6479367353495366,0.7714693681192117,0.2127751209640929,0.27833431696082367,0.6693286456982535,0.07909501325974784,0.6175096931566925,0.6525568229481484,0.7813358205852802,0.6723086486715406,0.3425142440710306,0.7034957226261973,0.6113330887072242,0.7018773651011952,0.5121082030848014,0.0738715354969646,0.7198281025653306,0.5735274919430562,0.764871700451767,0.7365327835545232,0.769132724248815,0.4454395555897143,0.5335023391385655,0.14559812000443986,0.15592207507128492,0.40663952852877994,0.0,0.0,0.0,0.43226923695435504,0.17875736032323755,0.22007645382922023,0.20611074394282977,0.0,0.0,0.0,0.39858052042316966,0.3196363727351969,0.6811969557828285,0.4516039827679865,0.0,0.18855069635929195,0.5599780923515364,0.5371288634638213,0.2882787139263288,0.656666198678906,0.6509713755494327,0.24555893833803605,0.4205538242885215,0.31518703376710766,0.0,0.6867878910551305,0.4764349637444956,0.7212977163372668,0.47239119658032963,0.3307285208998153,0.3982779889020168,0.5967215534036054,0.494084408198149,0.5590161844176914,0.10782479389206119,0.7412981928394653,0.6750015209758516,0.7662211220428219,0.13202724562864945,0.5184457560640818,0.06529956942332109,0.3589324513818894
0.2689555353755286,0.4921422904474102,0.5763359694492077,0.2882269380788254,0.5675889079812545,0.69578788811731,0.33362857378751565,0.0,0.5017408089653401,0.4690184491190963,0.5024163081005186,0.6945680197750047,0.5265036687282878,0.3145298930096056,0.4302448477926096,0.23454805114287786,0.3697643497245067,0.33376048180908763,0.3352855142410636,0.32698275714985336,0.43235238202841136,0.27159635842156216,0.8403347757517662,0.6594632762949566,0.43010042003808024,0.6062007060449707,0.40008765688086295,0.3744496371231142,0.13363876578350703,0.25333117948017553,0.1356528508972379,0.33659111316634704,0.3346538699802075,0.13233090860596378,0.0,0.2644347370008947,0.0,0.38598760417179134,0.2751715259222549,0.35407415185321967,0.038736033132664445,0.0,0.19168527010936817,0.0,0.43020861494742835,0.1826670608174066,0.30484113666164736,0.5537966319013946,0.06974007849678904,0.4000343693819937,0.4379285166201148,0.2995907966371656,0.785572485593896,0.4891429570394783,0.32473193829342156,0.5350153139351912,0.5826322133122686,0.2829628299156247,0.2315407466515959,0.3729488358274936,0.0,0.2831642903524837,0.0,0.23897153447256353,0.38275326085868594,0.3383748740278805,0.2728155047050195,0.567053235305561,0.5580469393405151,0.26051782147939606,0.48229216377089434,0.194754822230214,0.10945346103253323,0.0,0.2732427513508002,0.1006509168607044
0.31772286710337916,0.4590586785252273,0.8396829244921421,0.33292336376319925,0.8413028833779482,0.5070227732970879,0.6479367353495366,0.5017408089653401,0.0,0.6778964592390033,0.6831352717594109,0.4082721094398772,0.5908224775870176,0.09619450261079436,0.7536845722080839,0.5621224912908006,0.5894625985298492,0.49134937105055176,0.6384127124325363,0.7246964937073042,0.6708795956989454,0.6833313616699829,0.5839976282781505,0.2891463043177609,0.580389771968187,0.5513449262059816,0.7740312767352373,0.6925652678173914,0.4878433206281675,0.642407700004806,0.4884871374675622,0.3338449857559879,0.35400513361154445,0.4461393393023,0.03183208922108402,0.0,0.0,0.5135707112769419,0.2761286213973622,0.38531516489387413,0.32891766857672977,0.0,0.0,0.0,0.5422897873195538,0.439240243959297,0.48047394308538344,0.8552521958928043,0.0,0.5078714042007737,0.3246597402809914,0.5044998487107285,0.451248850887864,0.9615785189987622,0.6624803495504228,0.7357993548994193,0.5254409561389828,0.32760512006504294,0.0,0.7630569939424012,0.4267278047143275,0.5707489775225923,0.2828118894461362,0.5238205931669849,0.6396198486919455,0.636141124890259,0.6587618547029508,0.5492402810281364,0.40655248211604145,0.5509754671723627,0.6606639883664768,0.5899934070704338,0.27424326516807546,0.32213310264686296,0.3565795290202752,0.42379232892627466
0.24841891687144818,0.8128226430107672,0.6928123025657804,0.2505867368235781,0.6527124714359114,0.6909944005535089,0.7714693681192117,0.4690184491190963,0.6778964592390033,0.0,0.40943349447347455,0.5451782037094959,0.665198742385745,0.1572391909689241,0.7491211649632015,0.7492796640071998,0.9198302686980876,0.7585872746057759,0.5250959708187238,0.7836931169892981,0.6639831378917246,0.8049157135525579,0.64673872893306,0.24697398900837678,0.9043327010510206,0.7840319538521789,0.7918340886079128,0.7082187142018294,0.6709702872118114,0.4674641104204772,0.5389427332009556,0.23273660248501324,0.2993824012032903,0.4906769293882423,0.0,0.0,0.0,0.5659264778060311,0.18834075077440277,0.408695031360894,0.27325563288173044,0.0,0.0,0.0,0.5832330264462405,0.3755623673135667,0.7310474997545897,0.6415974799774601,0.0,0.3125674133159817,0.5792401277421305,0.546408556858528,0.44464941292697063,0.733608200119483,0.927260438547631,0.4210534539824179,0.7364424333666123,0.34672661869039934,0.0,0.7921735060499151,0.5052595611140555,0.8599223907749357,0.4858961546685878,0.4750478375480366,0.5351562673460661,0.6509520570690963,0.6527582901296537,0.6926791072454529,0.2707848685573732,0.8248232945708602,0.8412350003265474,0.7202568849541985,0.20016320229112963,0.43330298297755143,0.10810500958512638,0.4535822074289567
0.38162939519452205,0.2847168954451855,0.7500098718339194,0.20719969565752266,0.6764756618640594,0.23420357464886407,0.2127751209640929,0.5024163081005186,0.6831352717594109,0.40943349447347455,0.0,0.2775192027124543,0.26410480211021353,0.16464149240267106,0.4024648745345947,0.2847800864188801,0.322973658680499,0.3123891147927594,0.6922346655292495,0.4057246931844904,0.35993823439002043,0.40771173864270155,0.3644881042197888,0.24890931716606857,0.3911767633095077,0.347247786485391,0.509946031523756,0.3479038651328898,0.10867284417054279,0.4946206586744545,0.2940848833405981,0.3967872767986048,0.3256899817710626,0.24096381247427268,0.07888624215964635,0.0,0.0,0.34678657216855924,0.2908008496336796,0.4045387995139028,0.16992450773392268,0.0,0.0,0.04406452044791681,0.3993582922064776,0.35743786027226643,0.28019556711830834,0.8820046079003788,0.024702614989873587,0.46902783813141724,0.110621542855355,0.2086738423430575,0.34908146326782413,0.6123510607302705,0.3756935456195535,0.9445639384988463,0.33463176372369374,0.17110490920190805,0.016384131343921762,0.4202451749877779,0.14488176662508515,0.2461764781414929,0.042156963235151244,0.6534087692446714,0.6145752224250894,0.287851211305668,0.553104433193066,0.2786574258724828,0.26593352940604276,0.2732759359414721,0.37409599285070677,0.28849022262508967,0.3366562358672446,0.13377175556353824,0.501577444517289,0.2544150353283711
0.0630522972439371,0.5824425303548834,0.43296751677544953,0.10501765183239706,0.41127840679669514,0.6464394007173908,0.27833431696082367,0.6945680197750047,0.4082721094398772,0.5451782037094959,0.2775192027124543,0.0,0.602770237324166,0.22640509521966085,0.37108649295798957,0.16807342004560055,0.4599237534524316,0.4526332596624856,0.08564469321421447,0.2491372091210548,0.2588677711930759,0.21448588275740937,0.6254456147015149,0.787373449199085,0.46864154633455757,0.7208700255861715,0.27422981326878454,0.37485548652931966,0.09853568809210507,0.0,0.0,0.07071218235230418,0.4986817971418993,0.05783477164569207,0.0,0.37663486003776436,0.10344135870350894,0.31163204969960295,0.23893104090102027,0.5072271003952338,0.01893549209865306,0.0,0.2990214997130974,0.10014457522846758,0.43626630388299076,0.0,0.24517059796513882,0.37704700798562785,0.02302670600550435,0.3525208354691334,0.43386191942640956,0.2586114479624861,0.5752330742153011,0.45238792591026017,0.3913930293269786,0.3078545251919705,0.8431852636864081,0.22217623929235436,0.17613375723197824,0.3325496604892538,0.0,0.3645461487754448,0.16226621850725087,0.0,0.2794516400864166,0.19824664155659372,0.19991364061595154,0.38717124993544355,0.6600360215395549,0.2614338469097301,0.493643950279012,0.1660207864090367,0.11545184605648988,0.0,0.17831619735132154,0.06305463800831813
0.12397811666314275,0.5515526844350441,0.4964831598684893,0.35040020621996315,0.5840537533798938,0.6996222307974893,0.6693286456982535,0.5265036687282878,0.5908224775870176,0.665198742385745,0.26410480211021353,0.602770237324166,0.0,0.10120283880763531,0.6030180913823636,0.5689022524560735,0.6778357061886002,0.7129595720588476,0.2707274832139524,0.5636639463936396,0.6362624177154039,0.5156003411730151,0.6263356224972373,0.4274236460873437,0.5505128285779717,0.6533747171197012,0.5280324924955813,0.7075317253163455,0.6656751657217812,0.3241489354444668,0.3788551685863151,0.2986848647357499,0.3857623047408611,0.3393905736385996,0.0,0.0816343079775736,0.019223650973373235,0.4479039589003707,0.28310260025379086,0.3678028791981532,0.2258222736043584,0.0,0.014505491907782,0.13595978975363823,0.4238335419354552,0.26284336744005565,0.40283232297430654,0.4052158900885338,0.07686647022845529,0.329992469391994,0.5007309483584379,0.4818426419122088,0.5753841704119242,0.5840812098831555,0.5973441011614938,0.2625272375163846,0.6447327315751622,0.6141276593165425,0.0,0.6143924257093327,0.4131679572556038,0.6194576287189772,0.44818897009165254,0.1873353596742531,0.33504676232806085,0.5577856283717509,0.3346692445840855,0.5802962398235837,0.44833325736180146,0.49508155317956437,0.6543512263990235,0.4112158481701459,0.32430772096172256,0.3371411862654583,0.10190862187057764,0.36994991199913413
0.2750781025571603,0.3709269411761806,0.1835358783739259,0.0638638262692048,0.18931755788000687,0.30294850811992685,0.07909501325974784,0.3145298930096056,0.09619450261079436,0.1572391909689241,0.16464149240267106,0.22640509521966085,0.10120283880763531,0.0,0.10033176673319258,0.09183768660868814,0.2088166211358979,0.22111966791036394,0.0254736506568937,0.12393258865797159,0.04059202717463767,0.12958458194101602,0.32815337385421933,0.3698996772198806,0.2738091801737294,0.39263933246972055,0.14709596603477554,0.11785912386600768,0.0,0.0,0.0,0.10383639807212046,0.08012360740362683,0.0,0.0,0.43493017931160816,0.15074095446475083,0.1166658035468329,0.1406878585563422,0.22551253726780124,0.01641841364050428,0.03540251990826647,0.3578357074016292,0.06628035536325677,0.17270079199893165,0.13809914612496205,0.24993259077059196,0.20609268139365428,0.14017292445879484,0.13147238086435664,0.3450061340010691,0.06684572056856582,0.38126173887289105,0.07244061083238838,0.12782227699295787,0.19033347084544022,0.23023248097223023,0.04324374913669034,0.6155882741466728,0.07331684148482731,0.006183865968248691,0.18518209964791468,0.19856208446506188,0.006360566277674544,0.21939282381865072,0.07082771813265848,0.21676518445560222,0.2929614436010693,0.32381547241993947,0.18825258827909574,0.3208188378121383,0.1301561956566427,0.013431549054402183,0.0,0.08422596817867022,0.08264628859797728
0.218239835975593,0.5789471001225401,0.7485721510884344,0.3184795050390333,0.5945252448151265,0.5754559225361819,0.6175096931566925,0.4302448477926096,0.7536845722080839,0.7491211649632015,0.4024648745345947,0.37108649295798957,0.6030180913823636,0.10033176673319258,0.0,0.7586480229739767,0.7059594884921865,0.5991785646641441,0.6230993014767807,0.9021657586652705,0.8698848206171683,0.880906215958339,0.6457501666529433,0.1643696046701684,0.6446275898143164,0.6086586493631477,0.812457741475818,0.7691810161618167,0.7073459537224237,0.6578239712800824,0.6402457073142384,0.2433259867224934,0.2106631295064871,0.6068732430640931,0.0,0.0,0.0,0.49533805266220393,0.12388537328884235,0.18415054839273015,0.34784222880664134,0.0,0.0,0.0,0.5307326331321767,0.42715385771462544,0.5746128658844474,0.6293747468816098,0.0,0.28668457464937613,0.4396859774303498,0.48563393251217885,0.43437443746854415,0.7805304993321366,0.7340905888459162,0.4486882959718435,0.5589658837637437,0.2733279809053864,0.0,0.9468041144463476,0.5409671270930411,0.7113608051989831,0.4239459473983196,0.4968390340634716,0.5251647004517224,0.8039656491624342,0.6802378114714859,0.6989564950651702,0.28437300146902744,0.6307399619297648,0.7299029730445762,0.633039164068667,0.21954203804321737,0.3425178172287902,0.1459786155257951,0.4426099894122998
0.35801930048008596,0.5345832060724666,0.5363620326259532,0.312286820852638,0.5167441399883946,0.43840788777966216,0.6525568229481484,0.23454805114287786,0.5621224912908006,0.7492796640071998,0.2847800864188801,0.16807342004560055,0.5689022524560735,0.09183768660868814,0.7586480229739767,0.0,0.7778353406378699,0.7743854681201938,0.5465433544433173,0.8287364998577796,0.7506676947985182,0.8740631002257853,0.4853099551757998,0.0,0.6575153563187822,0.5650340798519689,0.6852707854595277,0.7737314658506758,0.7889228975359971,0.5669051215095373,0.8329981477601013,0.2622926033915574,0.06554916872346786,0.6566658047007402,0.005483506196299525,0.0,0.0,0.46932737581067807,0.03751437578733585,0.07458635326151443,0.3841307827699448,0.0,0.0,0.0,0.5087757339495818,0.5116771186610669,0.5645411138404897,0.506975259041452,0.0,0.1447823114398245,0.3806696292288582,0.4150643925542064,0.22032572413094625,0.5886349590702589,0.7405402428362359,0.2804124056270853,0.3927338018831547,0.3418848502078861,0.0,0.7520430501596901,0.7615364546195518,0.8073196395070379,0.5915486989301832,0.4892633462771938,0.4622315708399962,0.7054260445578685,0.7011243370072889,0.5923346050562187,0.06501944722895571,0.6713508121992368,0.7090546951768033,0.5811033752955567,0.21842851856679874,0.5023099093816259,0.0,0.5199208592601468
0.3516066932838794,0.8142420391907974,0.5718449224115634,0.2648487028924454,0.569265167992798,0.6033652780554845,0.7813358205852802,0.3697643497245067,0.5894625985298492,0.9198302686980876,0.322973658680499,0.4599237534524316,0.6778357061886002,0.2088166211358979,0.7059594884921865,0.7778353406378699,0.0,0.8828041072309509,0.40704378835166494,0.7548859155790755,0.6560756499601199,0.7999135729837771,0.5476793202119266,0.22800250097083716,0.8776700196016178,0.825698974500016,0.7273626246776779,0.7751503627746457,0.7088100558423776,0.35819401897031655,0.5553880612150154,0.21439579359728786,0.19559664070538432,0.45379564088989227,0.0,0.0,0.0796137717525816,0.5096838442750093,0.2322914924917943,0.3490636048733339,0.29993990987927005,0.0,0.0,0.0,0.5465910852567804,0.43717001228105534,0.7686334138096891,0.5212454882765154,0.0,0.3087412266697773,0.5649586711302076,0.5843266951990513,0.38363048454407694,0.6707452116074355,0.8634510167389737,0.3288518900658095,0.6305166412287302,0.42007108618777944,0.0635716432731283,0.7706821821716163,0.6552982217170568,0.9335041894273436,0.6742914959178878,0.3800038033541525,0.5537984687819693,0.6066818853930354,0.7090917382349005,0.59201350521606,0.28629992288908684,0.8378019146671974,0.8916045465270338,0.6847093071335011,0.274081411250047,0.5367089051160989,0.05054595209136423,0.5418277915471378
0.4172244917877535,0.7734371956561819,0.4430065738269521,0.31906124970014194,0.5503140291435075,0.5281188698677797,0.6723086486715406,0.33376048180908763,0.49134937105055176,0.7585872746057759,0.3123891147927594,0.4526332596624856,0.7129595720588476,0.22111966791036394,0.5991785646641441,0.7743854681201938,0.8828041072309509,0.0,0.292365606660918,0.6821515831522812,0.6017428535848344,0.7066299763256627,0.45183554888261307,0.3326272752013045,0.813242530655697,0.7976960321523301,0.6469588089260794,0.7197222755802645,0.6995082868811693,0.2456772855796338,0.49804037296877357,0.24989986470218073,0.3621193163178213,0.4124597324074901,0.0,0.05799736571933254,0.11836161956710005,0.5521956363343906,0.27862171245795814,0.39501035631301623,0.3006236107855349,0.0,0.02140964687103064,0.08014898541272546,0.5003197178747283,0.431763522087046,0.664444372729557,0.44093164705167415,0.030717104215115334,0.30059770495982185,0.49299404010948966,0.46414723929610535,0.33459198759616465,0.5429342431064446,0.7086628665854118,0.2917615820118366,0.5516999927151837,0.4684573098627926,0.09998705329932188,0.630536806901772,0.6685667781198467,0.8031796135890722,0.7735366188224189,0.29035322041399736,0.5129665603069432,0.510389110147504,0.6430437808722844,0.4997807804596911,0.30948338617381144,0.7436897071931121,0.7864182702293946,0.5603990685294921,0.36950278993153496,0.5406758281421579,0.14978942076805307,0.5358184645387583
0.269660587225429,0.28250278515719895,0.7973686839752697,0.26565677107118707,0.5487025285669569,0.2671113992261889,0.3425142440710306,0.3352855142410636,0.6384127124325363,0.5250959708187238,0.6922346655292495,0.08564469321421447,0.2707274832139524,0.0254736506568937,0.6230993014767807,0.5465433544433173,0.40704378835166494,0.292365606660918,0.0,0.6259561264948876,0.5577952894999837,0.6600153979997653,0.36606962338676696,0.0,0.38812421897763144,0.23957235366466773,0.5815606135418377,0.4620442286662555,0.3564768063471335,0.713288225799587,0.5743032960845347,0.3918504884003943,0.2079311423821187,0.5481411650972414,0.2507302847254609,0.0,0.0,0.32458444065749736,0.1416057709211716,0.14576393234514592,0.3123760246649796,0.0,0.0,0.0,0.4685996013751726,0.36071610956075345,0.35480517026164043,0.7608843106280279,0.0,0.21006802151831308,0.15065415704218704,0.271168424634016,0.19491950935388022,0.6222642659238926,0.5333022717436903,0.7132862255776591,0.27632334775336276,0.0771076919960816,0.0,0.5822145898387528,0.3174098282370772,0.3750364112011675,0.033376527789217736,0.9426779909923723,0.4923170781619974,0.5198362725153444,0.6123631662636259,0.4326229907800656,0.0,0.3446253437005936,0.38314657430945087,0.38563054172269384,0.16011350441743194,0.16692738812746288,0.3735913462563291,0.30649858375563677
0.31952877470727864,0.6305226241806051,0.697909171688641,0.32270079056967094,0.6517195098740491,0.5238074195196254,0.7034957226261973,0.32698275714985336,0.7246964937073042,0.7836931169892981,0.4057246931844904,0.2491372091210548,0.5636639463936396,0.12393258865797159,0.9021657586652705,0.8287364998577796,0.7548859155790755,0.6821515831522812,0.6259561264948876,0.0,0.7951656879854647,1.0,0.5400254956273686,0.0,0.6984610478726392,0.598503349651948,0.8469481390965946,0.8291394470074926,0.7810455733657359,0.6743454398222478,0.7255959176904416,0.24564224240984336,0.09607116413111412,0.6066411980709793,0.0,0.0,0.0,0.49755250876384616,0.12336935067752111,0.11418894877778607,0.42584467142501226,0.0,0.0,0.0,0.5733539301358291,0.4639939441965321,0.6531372368878653,0.6261631543983586,0.0,0.19185260524138956,0.41665552224854474,0.40023564369367587,0.2779618032002491,0.7506781317771042,0.7459248753361915,0.4007404858203618,0.47365670440168983,0.22338860886053524,0.0,0.8804890152407936,0.6316069190574133,0.6928579979705587,0.46651496299082484,0.5478233661810663,0.5938059988181658,0.7516103001581019,0.8055201755187165,0.6329512410428773,0.10179476347863274,0.7291769782659018,0.7323741061607597,0.6914973182393154,0.23517770361216,0.4505920467460304,0.17425466577115878,0.4937440701677914
0.2934888064526439,0.41566810595832276,0.6298523335346122,0.3691279068530448,0.5687935305436413,0.4510378201410988,0.6113330887072242,0.43235238202841136,0.6708795956989454,0.6639831378917246,0.35993823439002043,0.2588677711930759,0.6362624177154039,0.04059202717463767,0.8698848206171683,0.7506676947985182,0.6560756499601199,0.6017428535848344,0.5577952894999837,0.7951656879854647,0.0,0.7702317804772929,0.6121900841747102,0.13084997972371246,0.5573679914328374,0.5103152106137301,0.7009170661606906,0.7356865034293524,0.7869943386834996,0.6053327156421626,0.723810593495756,0.36785762713153297,0.1135353725131265,0.6308860196149165,0.03580353355764764,0.0,0.0,0.472001407757134,0.15470385391634325,0.11539712117973769,0.33973023025487964,0.0,0.0,0.0,0.4571129629349348,0.5104216145922101,0.4700307392196018,0.5317587368390699,0.0785397512927133,0.24811872940007762,0.3434367412732158,0.5024907286130034,0.45943657269097565,0.6994245003335554,0.6922176862947946,0.37151350544331924,0.41553317669967177,0.4530089558600205,0.0,0.8437429925653899,0.6603905006845178,0.7049776128927988,0.4426979225137136,0.438611329678524,0.4712382334647108,0.906431422525817,0.6228292546836345,0.6665817963095992,0.24294988552502544,0.565719049470794,0.6981040770670911,0.533724334705608,0.30060905844081937,0.4487880041424277,0.10415978344712029,0.5275573440869951
0.35425982713592974,0.6601130337465716,0.6978069420903408,0.27663210923186937,0.606516158210556,0.4969339784630921,0.7018773651011952,0.27159635842156216,0.6833313616699829,0.8049157135525579,0.40771173864270155,0.21448588275740937,0.5156003411730151,0.12958458194101602,0.880906215958339,0.8740631002257853,0.7999135729837771,0.7066299763256627,0.6600153979997653,1.0,0.7702317804772929,0.0,0.4963333421602821,0.0,0.7592281279511927,0.6194088895723228,0.8673823490979191,0.8131654062713455,0.7849562478628903,0.6435778212040674,0.7527024940239546,0.2235391315378787,0.08696001313111888,0.616855085979657,0.0,0.0,0.0,0.4769203249842193,0.09729255802552621,0.10372093127609008,0.41758925254728485,0.0,0.0,0.0,0.5448825507960418,0.5007071613694393,0.6764866729891835,0.6312703093165503,0.0,0.16528962208749373,0.41296624724506364,0.42249424384119477,0.20831848349083712,0.7271345711508295,0.7848524552955554,0.40980318304342067,0.4335287477288944,0.20703032535749408,0.0,0.8723843524707572,0.657727145117405,0.7365779953344759,0.5094084262589298,0.6104300965467281,0.5773712786577695,0.7391721235868397,0.8388587079538051,0.6128234543009022,0.045966153145884335,0.7728742816962059,0.7463362394761179,0.7506095717797118,0.22949735515404043,0.48442463377568545,0.13342221753757696,0.5130812933020455
0.20157001493536128,0.6291125547389733,0.6612484111937714,0.28997087137811145,0.5446240044050201,0.8534368695437677,0.5121082030848014,0.8403347757517662,0.5839976282781505,0.64673872893306,0.3644881042197888,0.6254456147015149,0.6263356224972373,0.32815337385421933,0.6457501666529433,0.4853099551757998,0.5476793202119266,0.45183554888261307,0.36606962338676696,0.5400254956273686,0.6121900841747102,0.4963333421602821,0.0,0.4703658895772138,0.6054462288563335,0.7216391895867122,0.611704132805532,0.5127906417065736,0.42107225667347986,0.32450687900618624,0.3238802291848696,0.26157256395105155,0.2391875945056459,0.2824923502190105,0.0,0.12489016662183176,0.0,0.4478145547150326,0.10688559445847781,0.2603880047679029,0.10763895087051162,0.0,0.0,0.0,0.45791127753126076,0.20228406911200492,0.4815714649393394,0.5625010625434956,0.0,0.25177009583837257,0.6056033250547199,0.329876420400116,0.7729911358905431,0.5607208793810939,0.5052231141543436,0.41407784183988666,0.6418388501346408,0.27400482604376797,0.08785431874593025,0.5615803925265996,0.14879001831403088,0.5217309139513776,0.1371523368471172,0.29120847498704683,0.31195553354579164,0.5263107712295994,0.327891156088964,0.8228957059837351,0.45586137812850847,0.4653201937318016,0.6426287614548288,0.3964840331466638,0.0,0.06920005091320312,0.024146697219111238,0.13277193345820815
0.29569191043089915,0.34952921159327394,0.2834137105901461,0.1405594146315348,0.3361140148237436,0.40281080923907875,0.0738715354969646,0.6594632762949566,0.2891463043177609,0.24697398900837678,0.24890931716606857,0.787373449199085,0.4274236460873437,0.3698996772198806,0.1643696046701684,0.0,0.22800250097083716,0.3326272752013045,0.0,0.0,0.13084997972371246,0.0,0.4703658895772138,0.0,0.30861819691480513,0.5926513059508883,0.08543998029543004,0.19763308178845243,0.0,0.0,0.0,0.14998813391428825,0.5518866652757913,0.0,0.0,0.5539309593198875,0.2206257382731066,0.25513648705211917,0.4192962466145161,0.57137200748392,0.0,0.054462746956438705,0.5033592510588831,0.19777266028368265,0.30107295997987493,0.1714456151920895,0.12498316976845232,0.2339462455784875,0.2408409724840421,0.427830177312523,0.3077800523805387,0.2087956219361648,0.5923113989871287,0.2737863539180654,0.1639994180142679,0.2892042928574379,0.6114428034705729,0.3014725117674437,0.32942993902260376,0.11103741815604787,0.0,0.1823070150450134,0.18077196870384396,0.0,0.2905890008176948,0.07225311078499295,0.11812475229956367,0.22946706045459567,0.86708808888848,0.09892407133102521,0.38790686625499043,0.007619333018744231,0.2559905056706196,0.0,0.2541724187240083,0.15609831833230872
0.45079565165933505,0.9585509430111584,0.6130955059770096,0.20776484366753944,0.5842153435402401,0.6878424062717462,0.7198281025653306,0.43010042003808024,0.580389771968187,0.9043327010510206,0.3911767633095077,0.46864154633455757,0.5505128285779717,0.2738091801737294,0.6446275898143164,0.6575153563187822,0.8776700196016178,0.813242530655697,0.38812421897763144,0.6984610478726392,0.5573679914328374,0.7592281279511927,0.6054462288563335,0.30861819691480513,0.0,0.9078135307025319,0.7998629977667114,0.6281685894068453,0.6097905336533861,0.27051531478342006,0.38209023685082705,0.17436837902824723,0.2866645477864674,0.3377818120713135,0.0,0.04571589118122656,0.04462574834902101,0.4905430074340361,0.2844681580920827,0.4359170162614242,0.26468566780608943,0.0,0.013396715352266426,0.0,0.5431824640070679,0.4307651351733665,0.8739388059914379,0.5594592581987609,0.0,0.3257774174027694,0.6246562241478693,0.4894667260662524,0.394671820097281,0.6201581769255798,0.8234848681194987,0.4134907294843362,0.6090714719865103,0.22105779220643812,0.13413873976805932,0.6757229660063704,0.46273202371790934,0.7797764006586755,0.5268817279813172,0.34580114130518685,0.6028974191615344,0.5183097075559933,0.70697082719356,0.6045201700866357,0.29562260857368394,0.9113725371150996,0.8621749032126665,0.759603118501791,0.22012447713579575,0.4960641261905865,0.10063900783450587,0.4514076404261447
0.4645903241174125,0.9170334527108633,0.5879137693426717,0.2435315841742247,0.532840494004919,0.7250384657094129,0.5735274919430562,0.6062007060449707,0.5513449262059816,0.7840319538521789,0.347247786485391,0.7208700255861715,0.6533747171197012,0.39263933246972055,0.6086586493631477,0.5650340798519689,0.825698974500016,0.7976960321523301,0.23957235366466773,0.598503349651948,0.5103152106137301,0.6194088895723228,0.7216391895867122,0.5926513059508883,0.9078135307025319,0.0,0.6306132210771576,0.6209804742074713,0.4668981105199658,0.13608958717947559,0.2520831142368951,0.17438010543490304,0.36485547726042367,0.21340029850627842,0.0,0.23631367228035904,0.13520951727555822,0.47141167346375856,0.291380318836731,0.4704468429239024,0.2164003479914156,0.0,0.13453021859870373,0.024347159444491076,0.5275954278034569,0.36983855945064364,0.6612217626143583,0.518833822257154,0.03238895860866041,0.35176217819691413,0.6090235485776725,0.42615696948345894,0.5298794937796157,0.6064295435710123,0.678840166576341,0.37850181748630846,0.7094041145178622,0.27217726388408386,0.21970572849579767,0.6145424597041925,0.3640713351623318,0.7048722106577554,0.4994691094575186,0.18751513406626708,0.5548167986924438,0.4178711663478466,0.5966809650605452,0.5880267868842376,0.5217655978614856,0.6820595124572302,0.8695906299245547,0.5611119253721302,0.21456061296053436,0.31645471096501077,0.09643643299306767,0.3755791439218925
0.33203501362864407,0.6727523292373674,0.7534487753474317,0.2726604891876066,0.7319649482183485,0.6420229027899907,0.764871700451767,0.40008765688086295,0.7740312767352373,0.7918340886079128,0.509946031523756,0.27422981326878454,0.5280324924955813,0.14709596603477554,0.812457741475818,0.6852707854595277,0.7273626246776779,0.6469588089260794,0.5815606135418377,0.8469481390965946,0.7009170661606906,0.8673823490979191,0.611704132805532,0.08543998029543004,0.7998629977667114,0.6306132210771576,0.0,0.6837317304875263,0.7449858091132485,0.5714023137791111,0.5795211556956271,0.28008587514171,0.2049890414551188,0.512393344652955,0.0,0.0,0.0,0.4703723009195439,0.2349264609133617,0.2625175016794398,0.29669543222304723,0.0,0.0,0.0,0.5116899128911414,0.473467282531331,0.7695798996713737,0.6990736242531143,0.0,0.4064221449558886,0.5158470432141424,0.5382585524506285,0.32856737194801505,0.8092405374806783,0.7504967582623859,0.5358788067518964,0.4456114291335892,0.2365830938496937,0.0,0.799825812399481,0.5492751699156107,0.6820022165564564,0.40532506026104875,0.5142417524375799,0.6403830033793912,0.6719092217746265,0.7120361922411692,0.642017866113773,0.14641819314160556,0.7731197844843882,0.7144702684318484,0.8710773378533231,0.2572168560794416,0.5525042866504615,0.1380429168623749,0.4300780938338795
0.3566560065274831,0.5848802785289672,0.6203661396317107,0.42206253110517905,0.5931999156877482,0.4766162497892137,0.7365327835545232,0.3744496371231142,0.6925652678173914,0.7082187142018294,0.3479038651328898,0.37485548652931966,0.7075317253163455,0.11785912386600768,0.7691810161618167,0.7737314658506758,0.7751503627746457,0.7197222755802645,0.4620442286662555,0.8291394470074926,0.7356865034293524,0.8131654062713455,0.5127906417065736,0.19763308178845243,0.6281685894068453,0.6209804742074713,0.6837317304875263,0.0,0.675797381878658,0.6025940079063463,0.6237754793276863,0.18711570843688247,0.1524235823827582,0.5098825011008383,0.0,0.0,0.038494831549219656,0.5086077542205142,0.24309226139307238,0.19975469731281884,0.4053005291029858,0.0,0.0,0.0,0.5610031776819087,0.4966678420093367,0.5497750833974312,0.6066776589366211,0.0,0.31217045354608647,0.46757070140812884,0.5225073363806468,0.3886831429342711,0.7674868975953143,0.6959955106322907,0.3923933023487115,0.5459893620927249,0.4416473557368962,0.0,0.8139392141574123,0.6204561372676974,0.7279908263507467,0.5831840596618483,0.430263973396973,0.5308056925592178,0.6983917091953138,0.6930946354210423,0.6210446581278639,0.2839644802250864,0.6399493374351908,0.7769544302594409,0.6289730153219815,0.4190863411258825,0.4538127599184202,0.21359078997429046,0.5643286836687611
0.24400778133241094,0.5039804339586418,0.3923013437342214,0.3057770906896782,0.5034312826453973,0.5260879709727613,0.769132724248815,0.13363876578350703,0.4878433206281675,0.6709702872118114,0.10867284417054279,0.09853568809210507,0.6656751657217812,0.0,0.7073459537224237,0.7889228975359971,0.7088100558423776,0.6995082868811693,0.3564768063471335,0.7810455733657359,0.7869943386834996,0.7849562478628903,0.42107225667347986,0.0,0.6097905336533861,0.4668981105199658,0.7449858091132485,0.675797381878658,0.0,0.4722885085252757,0.7125593001541514,0.22988162226376613,0.08417518987334931,0.5678632704341963,0.0,0.0,0.0,0.37874548693763993,0.13613974984868663,0.04726709743033311,0.2969165507625799,0.0,0.0,0.0,0.3509377039354464,0.4675686552579844,0.5621351585752706,0.3048636212801509,0.0,0.1021654836470348,0.39008581381803775,0.4425299249739934,0.16545216100661422,0.5057347274279568,0.6481134996511067,0.08859822281918425,0.2813472048150083,0.3711159540706027,0.0,0.7188094685851398,0.738696156457586,0.6969816888703622,0.5775153384289786,0.30943917412274313,0.3818708196103301,0.7548546522273938,0.5543826746346195,0.5340688880705231,0.012493194665538474,0.66416894646074,0.5961742075987834,0.6557503400689022,0.24572560507083804,0.6279340843912818,0.0,0.5339189831493312
