0.0,0.0,0.10615510278012578,0.2325707953158927,0.09734920778952486,0.3088300380676133,0.0,0.0,0.10851611692220538,0.0,0.0,0.0,0.35949910957148173,0.2587117185918539,0.3744111163221953,0.7562629515632404,0.44701206091985496,0.7232701322903078,0.34553226571123297,0.22733259343610937,0.17785346934480645,0.0,0.21790048144572835,0.16845076959852948,0.4071028671885377,0.39894934299227436,0.2755490195790264,0.2191730566788457,0.3487059089768758,0.0,0.6311859156251963,0.0,0.45675476810482823,0.5508927677920251,0.4771722564497993,0.0,0.0,0.0,0.0,0.16595030741288017,0.0,0.3002650094315871,0.0,0.0,0.14719117450444283,0.9067878991778727,0.18724222798364984,0.061213899649482005,0.25750830163133326,0.0,0.3478051633334673,0.2600893556757351,0.0,0.0,0.2982234664241165,0.0,0.0631629246627107,0.21438866696901657,0.0,0.7001935239810271,0.5441973217457895,0.282413227555406,0.4287057559021191,0.0,0.2967583366205529,0.08409537386789824,0.3579212770890726,0.11619248419341917,0.033504217352105736,0.45872542636681624,0.16201340150686674,0.5820052461796519,0.0,0.0,0.0,0.0
0.0,0.0,0.0,0.0,0.010006577354646471,0.12384784409249701,0.26265119415603627,0.24394455869902934,0.0,0.06660435644429648,0.0,0.22510482106731391,0.3606910228369791,0.0,0.0,0.0,0.0,0.02533460224154714,0.014097441023836511,0.1124444455149821,0.0,0.29180055680846384,0.06140522295509298,0.16572719108368897,0.1401714588923677,0.38610239025235843,0.0,0.10017641034966947,0.0,0.28325364697534683,0.0,0.11980849893794122,0.0293082675699876,0.0,0.0,0.007319616648549567,0.018977620473180426,0.1506074573743093,0.16860360011822986,0.16636797505240933,0.0,0.0,0.09924172205243992,0.035765234508334035,0.0,0.0,0.1984385687876252,0.02458826382978675,0.0,0.0,0.0,0.0,0.16553434853517834,0.0,0.0,0.09356344084947883,0.055804707066892945,0.0,0.15587980711988136,0.0,0.0,0.0,0.0,0.0,0.0,0.0,0.0,0.11256799283475039,0.03272458412922807,0.0,0.04763965975019649,0.0,0.0,0.0,0.005128671119448219,0.0
0.10615510278012578,0.0,0.0,0.0,0.24337496093823524,0.7527950178562044,0.0,0.6944902691012584,0.7661001383807395,0.3764166379731972,0.627641053300678,0.2667293009433516,0.24793866081643548,0.0,0.358162099591259,0.0,0.5096645923714406,0.25732511656955775,0.735920049988795,0.7090857375550824,0.42977545414526347,0.47240405442225375,0.8327900534359974,0.49060717862862,0.5129353643595601,0.6123835422490299,0.7982840280026201,0.24382299896156476,0.4711141467208171,0.3777090364410757,0.0,0.0,0.0,0.0,0.0,0.0,0.0,0.48697199312286,0.0,0.17738539586971228,0.052785838484385325,0.027450559909991776,0.0,0.0,0.10903700847610677,0.2554184413827055,0.48360387778247155,0.6264021310644952,0.0,0.0,0.7449837990569611,0.03433177273914331,0.6183014387627419,0.41705009601125026,0.311445803609796,0.08532141847312004,0.29297527580350746,0.26768553302678283,0.0,0.12772403574746533,0.22595493330736033,0.046027350998631825,0.3542613916734038,0.7294641398400497,0.21275236734182593,0.4603144166878743,0.06471516441936664,0.6789877297804017,0.5797134498567713,0.4934296817985539,0.6444732900094418,0.5248659714168781,0.08951409076475571,0.28940993263375003,0.12439120777188599,0.0
0.2325707953158927,0.0,0.0,0.0,0.15989495516071567,0.0,0.14738760454428834,0.0,0.0,0.0,0.0,0.0,0.24934688767221294,0.505051374531442,0.0,0.29988497428883065,0.05026384595823992,0.22860369243766163,0.0,0.0,0.0,0.0,0.0,0.0,0.0,0.0,0.0,0.2742692240695869,0.0,0.0,0.5110895319922705,0.3548077459129003,0.43010347643114644,0.517226099981084,0.6082449931866463,0.5160035917609422,0.44477954662723673,0.0,0.22259673336554958,0.08918653755054162,0.0,0.1013732871392396,0.22176128795354205,0.13834196174171196,0.0,0.1572411222121301,0.0,0.0,0.6252796248073862,0.10571937972133748,0.0,0.21429422851955574,0.0,0.0,0.075605064484582,0.27758991067362565,0.0,0.06866565035935826,0.36451346478699775,0.24398514627447504,0.0,0.11597462040163314,0.0,0.0,0.0,0.0,0.0,0.0,0.0,0.0,0.0,0.0,0.03417290934967908,0.0,0.0,0.0
0.09734920778952486,0.010006577354646471,0.24337496093823524,0.15989495516071567,0.0,0.18760710480261178,0.7996184511939033,0.3660193038587831,0.6223473691263103,0.5048539448438237,0.7863349289323817,0.203307373750879,0.43006922456561686,0.5607911989134519,0.0876134280116379,0.19170252667734042,0.5868596627220233,0.29632124786861025,0.058805313399818614,0.3344648028510159,0.24229838338550866,0.4780317043561195,0.12387242542835761,0.0,0.3398708924084902,0.08312072209675321,0.23959410861415895,0.7654737094296715,0.38984004623241975,0.5796257969917514,0.4154342473070073,0.28459789547361874,0.0,0.15512429211560266,0.06388742411922999,0.0,0.0,0.0,0.42739369425143214,0.4293185985629512,0.0,0.007662856083356328,0.5027625035344867,0.22736024964310772,0.0,0.24754365381466878,0.03558291099997631,0.3991606205087406,0.28596731135765646,0.6175831506429366,0.273669847581573,0.5533262770420324,0.5356461940700016,0.49645950892872576,0.502806905377535,0.6524554053303001,0.11846179410381677,0.5850703661441787,0.5661785096046065,0.0,0.27648783005549926,0.34090373267295637,0.4506794307442572,0.34338786562515605,0.10430294663726188,0.3414757428194646,0.07328981577348141,0.2156231840427894,0.21991474034570888,0.09906845098577753,0.108535518622523,0.0,0.5408722011577478,0.13788168620861863,0.16398106002486543,0.08227020416536202
0.3088300380676133,0.12384784409249701,0.7527950178562044,0.0,0.18760710480261178,0.0,0.03424499411818234,0.5922359435305309,0.6675025273738583,0.26082343256525725,0.38447992166800327,0.25195218417515775,0.4629738963236269,0.0,0.4060856889810426,0.06997215123367896,0.5458763953360078,0.4171670611899222,0.5994072335841067,0.7173808020777381,0.4916048287632971,0.33627806830811524,0.8713716077911984,0.5060414065249502,0.6262288074900269,0.7520268619970335,0.8530093810873114,0.2734789867239246,0.6230726212186161,0.3374280818067084,0.02114122845190837,0.0,0.0,0.0,0.0,0.0,0.0,0.2809839208906644,0.0,0.12000416223041663,0.0,0.06881290756761888,0.0,0.0,0.03137216194557825,0.3918340542384158,0.5818050193715614,0.45078392756446617,0.0,0.0,0.7214409983235605,0.12215819180802102,0.4970882302837322,0.20119897546236726,0.2772677659690411,0.0,0.2712281566543663,0.2611324817830288,0.0,0.24010954467151202,0.2992097337513831,0.05836147594973564,0.3037152920929687,0.4793713937055664,0.15945948161020218,0.4354181402319701,0.08745579848067216,0.6667879872525185,0.47797146750055003,0.5919377978611863,0.6854173246226208,0.6472161632442289,0.0,0.07551531780480893,0.0,0.0
0.0,0.26265119415603627,0.0,0.14738760454428834,0.7996184511939033,0.03424499411818234,0.0,0.35228794474412295,0.3182190672953447,0.610461207731588,0.6010906079616929,0.38430015525296607,0.43685834754738245,0.39808017027790066,0.0,0.0,0.2787381767459601,0.0,0.0,0.1863001913305008,0.23735280817039342,0.6373747830560743,0.0,0.0,0.20882916931530499,0.0,0.047060277190851936,0.592739708804634,0.1925521789595623,0.5584762988834014,0.1265150683507645,0.38661115893973114,0.0,0.0,0.0,0.0,0.19914722589550404,0.010805523135176024,0.638013008841393,0.32992346916275017,0.08353981930767325,0.0,0.5295899766127975,0.37337780138107846,0.0,0.0,0.10110858364277805,0.1834362688410307,0.27468780006833693,0.6780920562042021,0.03265906658001741,0.45699882672533665,0.5536608892181952,0.46352874458336557,0.3492634894436122,0.5647489607819143,0.1868526703691109,0.4533001800714927,0.6063169808190102,0.0,0.0,0.21740875051946046,0.13519206752164506,0.17906698033467694,0.07580946425762373,0.3364157306075352,0.06911568695277004,0.158655097929763,0.16478702051475966,0.0,0.09670155037613684,0.0,0.457873966589674,0.22627498522654038,0.3033965427662673,0.09528971810328382
0.0,0.24394455869902934,0.6944902691012584,0.0,0.3660193038587831,0.5922359435305309,0.35228794474412295,0.0,0.5031237502554011,0.31259188190333415,0.6390018962168381,0.38621152203375536,0.44863179025662,0.0,0.3844869553561878,0.0,0.36255107007499277,0.0897888741416756,0.3624015501136573,0.6142791488122027,0.45864719820905664,0.5593991280278449,0.7032819492464335,0.4089473001444886,0.19060638132025082,0.32511452922664,0.4367525440627539,0.2993294594662569,0.42241600398236817,0.4917456596237054,0.0,0.0,0.0,0.0,0.0,0.0,0.0,0.4143919167560554,0.15446711103493885,0.3972315048046268,0.0,0.0,0.2431617278403267,0.0,0.0,0.0,0.2280490806391262,0.3694660865912885,0.0,0.2607880371468964,0.4772251589121564,0.19832761585303374,0.8644483460306821,0.5521920703415456,0.18213725054494204,0.3490700630089869,0.24792281975223407,0.4484645411603006,0.13847102963618643,0.0,0.0,0.0,0.014042125257944465,0.5000186388051733,0.1464221230855217,0.42299500879165225,0.0,0.49531237567604713,0.39672768709914424,0.01885954078089201,0.32803824759398664,0.11526327213718315,0.08398377089319803,0.04710251909521953,0.0,0.0
0.10851611692220538,0.0,0.7661001383807395,0.0,0.6223473691263103,0.6675025273738583,0.3182190672953447,0.5031237502554011,0.0,0.5869525097559036,0.818515783756527,0.3516409914830578,0.3732144110952196,0.17907555471906553,0.14551466566899565,0.011589939525003918,0.6853068041447493,0.398970467840477,0.548825050302161,0.5857685098518517,0.19942181846184145,0.4932434798101702,0.5390494737977083,0.44664635668283537,0.6615002266347986,0.5982927689407378,0.7005268332254833,0.5389865692717388,0.3978865699857695,0.4328215383567702,0.06579511680477258,0.0,0.0,0.0,0.0,0.0,0.0,0.25995085019360803,0.0,0.16079531371303765,0.09101184311366561,0.05279986602675566,0.019863795945991174,0.0,0.04591962151359031,0.2015472413718921,0.3148419707769682,0.7065125554041203,0.0,0.30525059748003275,0.6988594903125908,0.3250858417804204,0.6399577525441277,0.6215616302560302,0.5513303110487188,0.33251552826682496,0.3478019985097544,0.47716456852848227,0.002377793852646237,0.0,0.3668189982979477,0.3347229954612998,0.5611260184622835,0.7649587604378886,0.01947594011630423,0.3049252013481451,0.0,0.5768810766348025,0.6659604058691434,0.5430959615294146,0.5987938324997533,0.38683239386076684,0.35380501943995235,0.13358420321078127,0.2058314924197016,0.09254317787557768
0.0,0.06660435644429648,0.3764166379731972,0.0,0.5048539448438237,0.26082343256525725,0.610461207731588,0.31259188190333415,0.5869525097559036,0.0,0.5588368180357215,0.801578104074293,0.43928190953924706,0.2936187874188451,0.0,0.0,0.5225065841072348,0.0,0.2555074046808343,0.17779775625264205,0.0,0.5110866270734064,0.23619056295686028,0.38799270245987105,0.5817089607109875,0.48037892289951406,0.2879723212425737,0.5217330378950937,0.0,0.34437969458680284,0.0,0.0,0.0,0.0,0.0,0.0,0.023978588479515724,0.38802580944213644,0.19799451671330756,0.024581942912487522,0.4172478967787249,0.0,0.1522988514158974,0.32990796736720573,0.06787257028188162,0.0,0.2981168185085081,0.6001971621500599,0.0,0.38881412384567315,0.3580986909645665,0.18310885160547014,0.6351718974917993,0.368569221358971,0.697455892379582,0.3311041065788537,0.7190416522080423,0.31445376122325697,0.2858486317142246,0.0,0.10250982021665415,0.5858530116404186,0.4856362049178894,0.6427150197869622,0.0,0.11779449783648793,0.0,0.53051239824202,0.7188029468338195,0.31971291066494606,0.4860077358498905,0.044285423678700676,0.5476740675593843,0.29466264866742015,0.6411862197220328,0.5015688398031313
0.0,0.0,0.627641053300678,0.0,0.7863349289323817,0.38447992166800327,0.6010906079616929,0.6390018962168381,0.818515783756527,0.5588368180357215,0.0,0.27468563888509917,0.2869598443512581,0.24361384829883406,0.04663594893676711,0.0,0.6031917139856807,0.12896769164983274,0.2550984667468844,0.5424447946355337,0.2720949709654706,0.6628672590873527,0.35150127981777063,0.16860237787416793,0.3659679368241554,0.22401949152413006,0.4215428704711473,0.6309795669226712,0.3945994195889992,0.6472054794299318,0.1219907964720863,0.07129030770480371,0.0,0.0,0.0,0.0,0.0,0.1621571803745309,0.3363812396777603,0.3247879437228285,0.03697330075990435,0.0,0.48194674950885924,0.1290889786936959,0.0,0.0,0.10953834247348723,0.5076899443252019,0.0016864711944056673,0.5744864330757201,0.4419747800682998,0.35860282707163715,0.7391077966963836,0.7172775969974774,0.4337373641723719,0.6866485138626799,0.16218709007521442,0.5604037235516764,0.3236587825713099,0.0,0.1611405204540523,0.22098556060386904,0.32726403526068537,0.6885582185908036,0.04476287849674312,0.3812467746264563,0.0,0.3562970726833474,0.4649617612564332,0.14126163273714704,0.2939398696663242,0.0010282978465112288,0.4837435817048991,0.13922448717975214,0.21209427523968938,0.0
0.0,0.22510482106731391,0.2667293009433516,0.0,0.203307373750879,0.25195218417515775,0.38430015525296607,0.38621152203375536,0.3516409914830578,0.801578104074293,0.27468563888509917,0.0,0.5791487457878847,0.22739374199859363,0.0,0.0,0.276835768718536,0.04332509838679949,0.27564393349239696,0.00447671197209377,0.0,0.30669487675900403,0.20975982474435123,0.6380242950089623,0.3569782870943193,0.4727464039288939,0.06212504376629371,0.32172637629007605,0.0,0.17460686909232923,0.0,0.0,0.0,0.0,0.0,0.11104752938867818,0.21255737267110336,0.499400891487449,0.12496864560822153,0.048266952441838006,0.5366226619302815,0.0,0.03988077468167603,0.4085716833551759,0.13403675624605996,0.0,0.1757645472011043,0.507233579406781,0.0,0.2481135179833646,0.23162856266894247,0.02942761610995293,0.5684517593681023,0.260843166782282,0.5336690741669178,0.18147132832133825,0.9222791696673208,0.19727915365005108,0.21895187278059144,0.0,0.0,0.5321386872522611,0.3406054922904755,0.5005201182759196,0.0,0.0,0.0,0.3550672974393875,0.7395306250101004,0.1623975039024231,0.43110953996824714,0.0,0.43170332366012226,0.043242504543981264,0.5769630512814392,0.4979697820475865
0.35949910957148173,0.3606910228369791,0.24793866081643548,0.24934688767221294,0.43006922456561686,0.4629738963236269,0.43685834754738245,0.44863179025662,0.3732144110952196,0.43928190953924706,0.2869598443512581,0.5791487457878847,0.0,0.4191482945945909,0.12801576947565227,0.37740906560772897,0.5692119326094807,0.5418932398463497,0.40066430185754964,0.284072086659293,0.1765085811825637,0.2028330054799977,0.3203802448924422,0.4866399645792266,0.4543048070775033,0.5107879423559744,0.22700511109466806,0.6309652520496042,0.15647843776693593,0.32145008220267124,0.3385709614307478,0.10423263904741442,0.2272016436726862,0.18614085769028083,0.10875282090466333,0.09894907458280446,0.07618333762146282,0.17900415317030313,0.12606639102210762,0.3511219895603026,0.15107950538768508,0.1224493356288971,0.08515022836799475,0.11102027183839779,0.11397650213752551,0.32527064727133265,0.18932515692178087,0.4525986830829962,0.1850619495255173,0.15497181434898022,0.3730826244094045,0.29168076593729386,0.45597647742818564,0.1265085742518822,0.5489656620967038,0.29389454580430907,0.559602643861853,0.4665333095309917,0.3208067672094243,0.10704955732343303,0.15629043232364917,0.489130938043284,0.4163814496079081,0.2027293293192725,0.11220633760408286,0.1599456540382575,0.056297699232390606,0.35117665640322043,0.42602162343935973,0.19313253054379245,0.263913070225982,0.23770421310737092,0.3320996943316871,0.0,0.10493165986000431,0.20138245602785393
0.2587117185918539,0.0,0.0,0.505051374531442,0.5607911989134519,0.0,0.39808017027790066,0.0,0.17907555471906553,0.2936187874188451,0.24361384829883406,0.22739374199859363,0.4191482945945909,0.0,0.0,0.46867639760930063,0.4057951139983023,0.32049770518671916,0.0,0.0,0.0,0.0,0.0,0.01076357943920793,0.23948793273568014,0.03924462895505069,0.0,0.5005007375348574,0.0,0.0,0.5258420240723607,0.5241833278504956,0.24431550217523118,0.39233363930173526,0.517720562363816,0.22645519356250982,0.31773714287161875,0.0,0.4348596491977778,0.17809382637165222,0.04572271600882222,0.18266288339602293,0.17599132153144062,0.42765810951460914,0.0,0.2283070330072567,0.0,0.2122880637616792,0.5080544364776034,0.4152021364447783,0.11863042630949876,0.48502121460681574,0.12513122913893723,0.10485196356353169,0.5388028775247696,0.38817325970284783,0.2376815172394569,0.39218486982137823,0.6221801230612302,0.10281005039616285,0.2872320866942393,0.5832729574561765,0.3551467374773925,0.0,0.026579688390500487,0.0,0.008545632280971285,0.0,0.17210582710448466,0.048664462388590964,0.0,0.0,0.4213330498172278,0.0,0.04683533807019549,0.2873486433037885
0.3744111163221953,0.0,0.358162099591259,0.0,0.0876134280116379,0.4060856889810426,0.0,0.3844869553561878,0.14551466566899565,0.0,0.04663594893676711,0.0,0.12801576947565227,0.0,0.0,0.33427060081429677,0.22612255844202733,0.30465659545858353,0.0984722726947647,0.5115567312144665,0.6515704582430354,0.22753183304349797,0.5586511209483596,0.06548279464345225,0.11638010736469842,0.19070737601943213,0.49096077094709917,0.0,0.636763150878024,0.14146695520568145,0.25774268879787415,0.0,0.24512215115071925,0.29644085506176115,0.15817232496687975,0.0,0.0,0.0,0.0,0.3209369810273958,0.0,0.055751078268563764,0.0,0.0,0.0,0.5301278607117759,0.32107258689438634,0.0,0.1730622906970715,0.0,0.27339842855029883,0.4078401212228577,0.09042074468540597,0.1207512737303288,0.03432478599001347,0.0,0.0,0.3517095585214565,0.0,0.6692297343614602,0.44171661804953083,0.0,0.10064610444178539,0.0,0.5599183011613067,0.4934184475221791,0.5725565254720524,0.1846338338487044,0.0,0.2989092834239748,0.2668275406865301,0.43765194278854097,0.0,0.20316664138436458,0.0,0.0
0.7562629515632404,0.0,0.0,0.29988497428883065,0.19170252667734042,0.06997215123367896,0.0,0.0,0.011589939525003918,0.0,0.0,0.0,0.37740906560772897,0.46867639760930063,0.33427060081429677,0.0,0.42833346576161047,0.8058416119369779,0.13773010415401002,0.1099985517424378,0.051861531550248065,0.0,0.0,0.10142521354902853,0.23216140138119346,0.19292463496064532,0.005215685165886195,0.2081819331315243,0.22660127448549322,0.0,0.7359919542932248,0.23945057953783036,0.5862766561099855,0.7749912600211571,0.602494504661503,0.08059412825938009,0.0,0.0,0.0,0.2640131080638929,0.0,0.3486442388999051,0.0,0.0,0.15038884147008888,0.6118150621038848,0.0,0.07407257767626296,0.3477105391124921,0.0,0.18036278795713018,0.32249580588809496,0.0,0.0,0.244765715182034,0.0,0.0,0.2648431541941594,0.153733200917133,0.4975771948403992,0.4717264779999619,0.34902321972673456,0.3964958024525011,0.0,0.1978386608562185,0.0,0.22843104998309802,0.0,0.0,0.1583643223083033,0.0,0.25814309639621835,0.03511429370625751,0.0,0.0,0.06234285871805203
0.44701206091985496,0.0,0.5096645923714406,0.05026384595823992,0.5868596627220233,0.5458763953360078,0.2787381767459601,0.36255107007499277,0.6853068041447493,0.5225065841072348,0.6031917139856807,0.276835768718536,0.5692119326094807,0.4057951139983023,0.22612255844202733,0.42833346576161047,0.0,0.7334266472935439,0.45434544208259775,0.5333655576643256,0.3090445276326833,0.19491780499792008,0.4042557636487587,0.34708853084593483,0.7089283785480822,0.6064234462035939,0.539486764602103,0.6855138366903163,0.4311632510279666,0.26427860859494606,0.5580017371852264,0.0,0.07991399543547836,0.28824055952082506,0.1615963921458628,0.0,0.0,0.0,0.0,0.26445923675258537,0.0,0.17086100896388395,0.1226731384497205,0.0,0.055130384301759636,0.5248240809629319,0.18627394198920855,0.3849458856729073,0.18266288059603783,0.20576226447004675,0.5446156626357458,0.4936751734476501,0.3824504244899448,0.2275576506115546,0.7454423294137954,0.27209515416410307,0.33420388696862124,0.6040558995275945,0.149707137106393,0.24000006162663046,0.5339543982203119,0.6117036832530693,0.6716279727166388,0.3911124983089896,0.14266952031001878,0.27516873702385736,0.012299035877384942,0.3124994821445643,0.5143217304887948,0.5139816845020454,0.3604528394192846,0.43862103045171597,0.39923190653825213,0.0,0.0,0.0
0.7232701322903078,0.02533460224154714,0.25732511656955775,0.22860369243766163,0.29632124786861025,0.4171670611899222,0.0,0.0897888741416756,0.398970467840477,0.0,0.12896769164983274,0.04332509838679949,0.5418932398463497,0.32049770518671916,0.30465659545858353,0.8058416119369779,0.7334266472935439,0.0,0.4884104440377141,0.3309034147051684,0.10368483471623832,0.0,0.2199989502104166,0.39331608008687863,0.5590759865657035,0.5257794495062996,0.2989886108598556,0.42328360339962345,0.3251881764597008,0.02174920676787166,0.6607726885722613,0.0,0.4621883300518489,0.615987262562774,0.3610866949358113,0.0,0.0,0.0,0.0,0.26036021431273654,0.0,0.2755488288108162,0.0,0.0,0.14508540548163848,0.6529659144762588,0.01797844460421284,0.3115219432842194,0.2386255533492942,0.0,0.3993341737396101,0.31771325562227776,0.0,0.0,0.44126658186166173,0.0615928932794866,0.19222030907677343,0.3832311648989807,0.006076281604547909,0.422811175827179,0.5224771397328548,0.45799648979539004,0.6337008894515864,0.09848814503129825,0.055941622892525966,0.009369374348445281,0.047051383763524204,0.12065915294332304,0.3051179584861107,0.4388920660343663,0.21739239909563052,0.3868780728382669,0.17084916681851467,0.0,0.0,0.0
0.34553226571123297,0.014097441023836511,0.735920049988795,0.0,0.058805313399818614,0.5994072335841067,0.0,0.3624015501136573,0.548825050302161,0.2555074046808343,0.2550984667468844,0.27564393349239696,0.40066430185754964,0.0,0.0984722726947647,0.13773010415401002,0.45434544208259775,0.4884104440377141,0.0,0.32448727055701904,0.09881393634397787,0.0,0.5765143260764094,0.46800611076570514,0.5098988759642619,0.5737334664849366,0.5255213492280636,0.24356318151389622,0.13063735143398594,0.028119611854374477,0.03391559526144237,0.0,0.0,0.0,0.0,0.0,0.0,0.3849852900756475,0.0,0.0,0.23359084737288574,0.19859229028585032,0.0,0.0,0.2960613665253329,0.333580619334053,0.2705982894308143,0.6900969869872634,0.0,0.0,0.6186011370095453,0.0,0.3316995063934219,0.0,0.2897869122575616,0.07598956904734215,0.36348047538567907,0.0,0.0,0.16756240240182355,0.09263028818476707,0.1934492240334586,0.40402716373700676,0.6318497250895455,0.0,0.12286487888733824,0.0,0.6426991034050216,0.4532499270306618,0.4069796169533302,0.36987182415171327,0.5440848553308058,0.006794468721095875,0.05071213111094632,0.021422693049442134,0.15695600645513752
0.22733259343610937,0.1124444455149821,0.7090857375550824,0.0,0.3344648028510159,0.7173808020777381,0.1863001913305008,0.6142791488122027,0.5857685098518517,0.17779775625264205,0.5424447946355337,0.00447671197209377,0.284072086659293,0.0,0.5115567312144665,0.1099985517424378,0.5333655576643256,0.3309034147051684,0.32448727055701904,0.0,0.7439172119699751,0.544498242438657,0.7026657477096008,0.28575159863536714,0.4217827106867237,0.5266565527731794,0.8270596138507994,0.305041348760628,0.793048217110561,0.5836849604570388,0.13431105950332028,0.0,0.0,0.022223474715933784,0.0,0.0,0.0,0.1691341179016734,0.0,0.25227277659718744,0.0,0.0,0.0,0.0,0.0,0.4195635843717897,0.5283146161116036,0.21151729611826767,0.0,0.03721191008873935,0.4731538545145349,0.23824379992906655,0.45920085894232276,0.333031779508716,0.19681786710400276,0.005536554289139976,0.0,0.3850426684626559,0.0,0.31026029629474233,0.35348941292367375,0.0,0.22794425446659575,0.29870747129518394,0.44417507427808073,0.6826152773946055,0.3440295382098454,0.4159473726567776,0.2674925786734354,0.42539848436290123,0.5458966802742122,0.5198645500213853,0.025967282309207078,0.22648520354584262,0.0,0.0
0.17785346934480645,0.0,0.42977545414526347,0.0,0.24229838338550866,0.4916048287632971,0.23735280817039342,0.45864719820905664,0.19942181846184145,0.0,0.2720949709654706,0.0,0.1765085811825637,0.0,0.6515704582430354,0.051861531550248065,0.3090445276326833,0.10368483471623832,0.09881393634397787,0.7439172119699751,0.0,0.3787336968800914,0.6063171412952244,0.0,0.15713458634617256,0.23503298932742453,0.7054301115250858,0.19880879809092247,0.7908818336281328,0.3796749879187794,0.16585767706866644,0.0,0.0,0.08257751212928045,0.0,0.0,0.0,0.05799289487394594,0.0,0.2785030323249205,0.0,0.0,0.048466122375341036,0.0,0.0,0.533475972625824,0.6136892604296724,0.0,0.034954172520404087,0.0,0.20192238377773097,0.28998678028088015,0.2672281454896432,0.06308887422548871,0.06588997904297138,0.0,0.0,0.31422028015773756,0.0,0.5981816784478947,0.29298334601131354,0.0,0.01456928699619643,0.0,0.624557539109262,0.9595380854080899,0.6071048379272052,0.2957497352678145,0.0,0.28513741857082525,0.34692497003353956,0.5541411413622124,0.0,0.37095966198303526,0.0,0.0
0.0,0.29180055680846384,0.47240405442225375,0.0,0.4780317043561195,0.33627806830811524,0.6373747830560743,0.5593991280278449,0.4932434798101702,0.5110866270734064,0.6628672590873527,0.30669487675900403,0.2028330054799977,0.0,0.22753183304349797,0.0,0.19491780499792008,0.0,0.0,0.544498242438657,0.3787336968800914,0.0,0.3348361423345704,0.19972482629763572,0.3033153456353214,0.2632824526192009,0.4145422924372436,0.3144206542035868,0.45234468384067783,0.7194562130510603,0.0,0.0,0.0,0.0,0.0,0.0,0.0,0.2635619117581655,0.2744379187211284,0.33786404247396445,0.03316871555747968,0.0,0.19842634725936864,0.003454854454169391,0.0,0.0,0.3576290821568039,0.2530700974060667,0.0,0.4984240773405522,0.2346836410036166,0.27098988863809226,0.62756813487936,0.6373051642954737,0.1327293873136159,0.2879191443516012,0.1245637543762932,0.3606208246551946,0.2183986216709674,0.0,0.09168118203658997,0.0,0.14631159387273873,0.37851419425499516,0.1390026991289961,0.46052419788044235,0.1706321344121664,0.33635355698749003,0.34340363510236305,0.10627039644952131,0.4508466555508891,0.0,0.2777920493340464,0.44402397379349856,0.3388428057323335,0.0
0.21790048144572835,0.06140522295509298,0.8327900534359974,0.0,0.12387242542835761,0.8713716077911984,0.0,0.7032819492464335,0.5390494737977083,0.23619056295686028,0.35150127981777063,0.20975982474435123,0.3203802448924422,0.0,0.5586511209483596,0.0,0.4042557636487587,0.2199989502104166,0.5765143260764094,0.7026657477096008,0.6063171412952244,0.3348361423345704,0.0,0.3800327735535629,0.4849229440944316,0.637176383920097,0.8390727653107182,0.15721205287257686,0.5345415623797278,0.28333568419458643,0.0,0.0,0.0,0.0,0.0,0.0,0.0,0.35976860890823137,0.0,0.1403987538595646,0.0,0.08865086774476126,0.0,0.0,0.0020874225290639903,0.40305418635768886,0.6183653968461268,0.41165160095321823,0.0,0.0,0.6758378240327664,0.013479879851528704,0.5740779856205078,0.11675373400038706,0.18090807102935305,0.0,0.21750981277963016,0.18333133247637184,0.0,0.301898665174603,0.19480753629545192,0.0,0.19687413982078214,0.46998394822750855,0.27216851168565603,0.5694284731117172,0.1939405599325576,0.7781804211809553,0.37424185311515645,0.482157063143352,0.625728900781977,0.6486796305879675,0.0,0.24576221868257866,0.0,0.0
0.16845076959852948,0.16572719108368897,0.49060717862862,0.0,0.0,0.5060414065249502,0.0,0.4089473001444886,0.44664635668283537,0.38799270245987105,0.16860237787416793,0.6380242950089623,0.4866399645792266,0.01076357943920793,0.06548279464345225,0.10142521354902853,0.34708853084593483,0.39331608008687863,0.46800611076570514,0.28575159863536714,0.0,0.19972482629763572,0.3800327735535629,0.0,0.4852923874738545,0.7191685237742893,0.27168597415691215,0.12927872970192777,0.0,0.11330613200716132,0.0,0.0,0.11347421080563304,0.0,0.0,0.0,0.0,0.49715353346193913,0.0,0.1599908062959569,0.22646428646233424,0.1314042240209711,0.0,0.030607775875260992,0.3383261855396485,0.0108480085505639,0.17526620395802026,0.46740820299407804,0.0,0.0,0.46331477494051726,0.021300161447350082,0.38159459015827857,0.26050115896633796,0.3774968249915304,0.0,0.6911417053077025,0.24015515994987582,0.0,0.0,0.13468892603226565,0.385955489220234,0.3952080166821098,0.42754819252638027,0.0,0.0,0.0,0.2814413623856076,0.8621703845154266,0.4015246943518282,0.5683777257499686,0.17835443773231213,0.17613553196722398,0.0,0.2552585860910839,0.2680254631775481
0.4071028671885377,0.1401714588923677,0.5129353643595601,0.0,0.3398708924084902,0.6262288074900269,0.20882916931530499,0.19060638132025082,0.6615002266347986,0.5817089607109875,0.3659679368241554,0.3569782870943193,0.4543048070775033,0.23948793273568014,0.11638010736469842,0.23216140138119346,0.7089283785480822,0.5590759865657035,0.5098988759642619,0.4217827106867237,0.15713458634617256,0.3033153456353214,0.4849229440944316,0.4852923874738545,0.0,0.8240125981699179,0.6630503597337661,0.46086596646562217,0.22134472366635896,0.15319895087921362,0.11613406282450958,0.0,0.0,0.0,0.0,0.0,0.0,0.13003258416337857,0.0,0.0050685375114548495,0.01964354312212619,0.13427359247594603,0.0,0.0,0.06417597159834001,0.49055347088141615,0.5600938063611035,0.5090290764053443,0.0,0.0,0.6219059056508571,0.23046534041564298,0.34183644784155903,0.09483764006682344,0.6341040837433798,0.08992358658449236,0.412787215075684,0.23400574070293384,0.0,0.038136208440145286,0.40158495262853855,0.4801493589794872,0.613992575257001,0.39417451916917945,0.003407383571838313,0.21926739603024178,0.0,0.5617721791640149,0.6598739427966975,0.7861955898710655,0.7144241836792818,0.5692011180182072,0.17143865553008636,0.1234835061184237,0.08517183313061688,0.14213704845458017
0.39894934299227436,0.38610239025235843,0.6123835422490299,0.0,0.08312072209675321,0.7520268619970335,0.0,0.32511452922664,0.5982927689407378,0.48037892289951406,0.22401949152413006,0.4727464039288939,0.5107879423559744,0.03924462895505069,0.19070737601943213,0.19292463496064532,0.6064234462035939,0.5257794495062996,0.5737334664849366,0.5266565527731794,0.23503298932742453,0.2632824526192009,0.637176383920097,0.7191685237742893,0.8240125981699179,0.0,0.6707076671026103,0.25277817041437867,0.21292730755092898,0.12186508620905999,0.0,0.0,0.0,0.0,0.0,0.0,0.0,0.3408224979983419,0.0,0.0424207305294821,0.0,0.06413854340464584,0.0,0.0,0.13813668272984592,0.3836270211248361,0.5794999405806496,0.46310013778086434,0.0,0.0,0.6702619478432015,0.05624170996692282,0.34586304018828196,0.04791233900011528,0.45795632803501335,0.0,0.5465248911577155,0.16285708086851514,0.0,0.0965185582952764,0.3225255982540905,0.31389855135508554,0.4761507480184123,0.40680440859587536,0.07552486607144966,0.22407679706298408,0.0,0.5746290188077912,0.7109919219963508,0.7146937282017523,0.8189549224360946,0.6387102622453665,0.038647325079380616,0.04125209986864298,0.06226562140436873,0.03799529035057998
0.2755490195790264,0.0,0.7982840280026201,0.0,0.23959410861415895,0.8530093810873114,0.047060277190851936,0.4367525440627539,0.7005268332254833,0.2879723212425737,0.4215428704711473,0.06212504376629371,0.22700511109466806,0.0,0.49096077094709917,0.005215685165886195,0.539486764602103,0.2989886108598556,0.5255213492280636,0.8270596138507994,0.7054301115250858,0.4145422924372436,0.8390727653107182,0.27168597415691215,0.6630503597337661,0.6707076671026103,0.0,0.24985745200166426,0.6811643715161356,0.31974018832595563,0.0,0.0,0.0,0.0,0.0,0.0,0.0,0.2265505252644197,0.0,0.05720570337857239,0.0,0.031906464099716286,0.0,0.0,0.0,0.5294626647049521,0.7904450889137231,0.37618225606904687,0.0,0.0,0.6695786823763415,0.12744498972232304,0.4048489868085304,0.18308379251155904,0.3085425689598332,0.0,0.0897696683786816,0.22817014649410966,0.0,0.3505448101816687,0.4019380472472061,0.0,0.3353150213085623,0.43727512003791497,0.34247939810205597,0.7214179336195155,0.29997510731594046,0.7019406965303642,0.3813430605913981,0.7306324689878172,0.7698039283377426,0.8227076971261307,0.0,0.39364868715222306,0.0,0.0
0.2191730566788457,0.10017641034966947,0.24382299896156476,0.2742692240695869,0.7654737094296715,0.2734789867239246,0.592739708804634,0.2993294594662569,0.5389865692717388,0.5217330378950937,0.6309795669226712,0.32172637629007605,0.6309652520496042,0.5005007375348574,0.0,0.2081819331315243,0.6855138366903163,0.42328360339962345,0.24356318151389622,0.305041348760628,0.19880879809092247,0.3144206542035868,0.15721205287257686,0.12927872970192777,0.46086596646562217,0.25277817041437867,0.24985745200166426,0.0,0.2671955399624649,0.5803885522590182,0.4676011920845323,0.12680326239392975,0.018163284192447886,0.14534937999952624,0.06024903395207036,0.0,0.028075225401377763,0.01902556511004064,0.2962733915387182,0.3115952965118399,0.07310559869646363,0.091418289938477,0.49652181420748404,0.13694714911695421,0.0,0.33035318689399346,0.058162627501447586,0.38919284482374256,0.286803207217986,0.4472251180588028,0.2947611908545205,0.3967875941856385,0.49195374439628564,0.244155356710449,0.6040854384848536,0.545105055020346,0.27937780088256003,0.5035663084781139,0.44381124544159356,0.0,0.18716839619152764,0.4594020595238617,0.5103737463252703,0.32243854868754385,0.0,0.3073879710454497,0.0,0.23363553175401156,0.3407056689900395,0.1546231408080441,0.15726082696266921,0.07577790759807226,0.6379608156538897,0.0,0.1946190440286789,0.10428287454632237
0.3487059089768758,0.0,0.4711141467208171,0.0,0.38984004623241975,0.6230726212186161,0.1925521789595623,0.42241600398236817,0.3978865699857695,0.0,0.3945994195889992,0.0,0.15647843776693593,0.0,0.636763150878024,0.22660127448549322,0.4311632510279666,0.3251881764597008,0.13063735143398594,0.793048217110561,0.7908818336281328,0.45234468384067783,0.5345415623797278,0.0,0.22134472366635896,0.21292730755092898,0.6811643715161356,0.2671955399624649,0.0,0.5309801647217771,0.3931842295870985,0.0,0.12473011132166327,0.3105891752903839,0.09491886437918305,0.0,0.0,0.0,0.0,0.3793744941202701,0.0,0.0,0.052414536688547245,0.0,0.0,0.5178095283847003,0.3756956927762513,0.0,0.13988698593125487,0.1066858727272819,0.3762538256502409,0.4543552365331839,0.22435700035110342,0.2886499656526636,0.11539421230235372,0.0,0.0,0.4424547664107238,0.0,0.5219085866515167,0.49590426590159553,0.0,0.17091794901727117,0.07048226463671062,0.5129394411349456,0.7136499063011976,0.47686250130595986,0.19333434064572075,0.0,0.32329255641482424,0.3015768432419508,0.465145776084608,0.0,0.24830584129518898,0.0,0.0
0.0,0.28325364697534683,0.3777090364410757,0.0,0.5796257969917514,0.3374280818067084,0.5584762988834014,0.4917456596237054,0.4328215383567702,0.34437969458680284,0.6472054794299318,0.17460686909232923,0.32145008220267124,0.0,0.14146695520568145,0.0,0.26427860859494606,0.02174920676787166,0.028119611854374477,0.5836849604570388,0.3796749879187794,0.7194562130510603,0.28333568419458643,0.11330613200716132,0.15319895087921362,0.12186508620905999,0.31974018832595563,0.5803885522590182,0.5309801647217771,0.0,0.07438505040939812,0.0932058887607727,0.0,0.0,0.0,0.0,0.0,0.15802029015674263,0.3418398545141182,0.4146637360741189,0.0,0.0,0.4522369953413607,0.022669966173062033,0.0,0.039422506831641085,0.19378791445495538,0.23171998544757955,0.038261227531643,0.4819118547964224,0.21778821077144989,0.3231911707654217,0.546266623502189,0.5216647421031048,0.21291581593529843,0.32692261893848323,0.040096437085927104,0.46865544792584096,0.26193869406554526,0.0,0.15132182282995568,0.04016754862692298,0.23546417745500653,0.29455423461590957,0.29617918495993883,0.4612388774617509,0.201209087543267,0.19861235058662294,0.18494348854220483,0.01619068943741241,0.23057501349442275,0.0,0.4918904997842875,0.2592235600151384,0.3487192862783879,0.0
0.6311859156251963,0.0,0.0,0.5110895319922705,0.4154342473070073,0.02114122845190837,0.1265150683507645,0.0,0.06579511680477258,0.0,0.1219907964720863,0.0,0.3385709614307478,0.5258420240723607,0.25774268879787415,0.7359919542932248,0.5580017371852264,0.6607726885722613,0.03391559526144237,0.13431105950332028,0.16585767706866644,0.0,0.0,0.0,0.11613406282450958,0.0,0.0,0.4676011920845323,0.3931842295870985,0.07438505040939812,0.0,0.42881451342577487,0.6976830554413156,0.8868265081779318,0.7421587052599935,0.02990532748776481,0.0,0.0,0.20632056274658858,0.3975422962779033,0.0,0.24585682501667555,0.19486527193908024,0.0,0.0,0.576557718063399,0.0,0.0,0.6260737398859365,0.19738555774813268,0.08201132565157884,0.5869312323608028,0.0,0.0,0.37281889058010603,0.19132625096769457,0.0,0.4843930614895374,0.31892803787779034,0.4818116672692061,0.5169445284488815,0.3793441036606309,0.39080784184578754,0.0,0.1733849547216199,0.06909478136833719,0.15888558001367853,0.0,0.0,0.07638205966704391,0.0,0.10429301038886704,0.25333631587258815,0.0,0.0,0.0
0.0,0.11980849893794122,0.0,0.3548077459129003,0.28459789547361874,0.0,0.38661115893973114,0.0,0.0,0.0,0.07129030770480371,0.0,0.10423263904741442,0.5241833278504956,0.0,0.23945057953783036,0.0,0.0,0.0,0.0,0.0,0.0,0.0,0.0,0.0,0.0,0.0,0.12680326239392975,0.0,0.0932058887607727,0.42881451342577487,0.0,0.4800836837429833,0.43111228242460037,0.4852840460100292,0.4265474357812858,0.5114190745979323,0.0,0.8812073125420677,0.3796765474890432,0.04549421008224029,0.0,0.43337194083253144,0.5943444289982706,0.0,0.0,0.0,0.0,0.4789833533054322,0.501113030851712,0.0,0.3073760299850607,0.0,0.21197445924093128,0.020926400547228694,0.4243398179503981,0.0,0.26425926035352704,0.718368101729771,0.0,0.0,0.1830011677882821,0.0,0.0,0.0,0.0,0.0,0.0,0.0,0.0,0.0,0.0,0.2716621239317653,0.0,0.0711146121073737,0.19974839197175906
0.45675476810482823,0.0293082675699876,0.0,0.43010347643114644,0.0,0.0,0.0,0.0,0.0,0.0,0.0,0.0,0.2272016436726862,0.24431550217523118,0.24512215115071925,0.5862766561099855,0.07991399543547836,0.4621883300518489,0.0,0.0,0.0,0.0,0.0,0.11347421080563304,0.0,0.0,0.0,0.018163284192447886,0.12473011132166327,0.0,0.6976830554413156,0.4800836837429833,0.0,0.8011573004871992,0.7312566335633697,0.3675634846783297,0.19159321002234095,0.0,0.2437809920907008,0.5229528014021658,0.0,0.15761815264793574,0.0,0.0,0.1582834422503718,0.2355532685572303,0.0,0.0,0.5609154832550532,0.0427532244916141,0.0,0.3126537010611945,0.0,0.0,0.03779822619781708,0.020984040451913794,0.0,0.2874086658540174,0.2219158310422566,0.28691586434624583,0.2068770908837206,0.14459185556657952,0.06179410439242536,0.0,0.02775936385963749,0.0,0.024851956360411733,0.0,0.0,0.0,0.0,0.0,0.01624685343063491,0.0,0.0,0.0
0.5508927677920251,0.0,0.0,0.517226099981084,0.15512429211560266,0.0,0.0,0.0,0.0,0.0,0.0,0.0,0.18614085769028083,0.39233363930173526,0.29644085506176115,0.7749912600211571,0.28824055952082506,0.615987262562774,0.0,0.022223474715933784,0.08257751212928045,0.0,0.0,0.0,0.0,0.0,0.0,0.14534937999952624,0.3105891752903839,0.0,0.8868265081779318,0.43111228242460037,0.8011573004871992,0.0,0.8221624548418778,0.1834995764871255,0.04514665319720601,0.0,0.15515274169849852,0.3498971283210928,0.0,0.20878627596288435,0.02274850827336236,0.0,0.0004355392420554479,0.44719715605160637,0.0,0.0,0.6208442960894832,0.09266863734961539,0.0,0.4908648078923475,0.0,0.0,0.16403273870278648,0.03722996227857347,0.0,0.37596767280702603,0.1595950401991286,0.5423451534621636,0.430126271463688,0.23691929619275828,0.18720574496659034,0.0,0.15835713355393946,0.0,0.1545250885085356,0.0,0.0,0.0035037603358750295,0.0,0.04343046716079959,0.056756402261834635,0.0,0.0,0.0
0.4771722564497993,0.0,0.0,0.6082449931866463,0.06388742411922999,0.0,0.0,0.0,0.0,0.0,0.0,0.0,0.10875282090466333,0.517720562363816,0.15817232496687975,0.602494504661503,0.1615963921458628,0.3610866949358113,0.0,0.0,0.0,0.0,0.0,0.0,0.0,0.0,0.0,0.06024903395207036,0.09491886437918305,0.0,0.7421587052599935,0.4852840460100292,0.7312566335633697,0.8221624548418778,0.0,0.31174914323417796,0.2527190413507823,0.0,0.16042515635564225,0.2571775015680857,0.0,0.32140919029290393,0.00847023677473736,0.0,0.0,0.3634154681863046,0.0,0.0,0.6319784177269259,0.04545392467056657,0.0,0.3772298671388701,0.0,0.0,0.058457714526856684,0.0,0.0,0.19265598351289728,0.29995475958362233,0.4137946280351267,0.27224439506296005,0.22672669351839403,0.07157823938480076,0.0,0.04949454022069939,0.0,0.06743231656524463,0.0,0.0,0.0,0.0,0.0,0.0,0.0,0.0,0.0
0.0,0.007319616648549567,0.0,0.5160035917609422,0.0,0.0,0.0,0.0,0.0,0.0,0.0,0.11104752938867818,0.09894907458280446,0.22645519356250982,0.0,0.08059412825938009,0.0,0.0,0.0,0.0,0.0,0.0,0.0,0.0,0.0,0.0,0.0,0.0,0.0,0.0,0.02990532748776481,0.4265474357812858,0.3675634846783297,0.1834995764871255,0.31174914323417796,0.0,0.6938547524460617,0.0,0.3358233201698094,0.009487792188860521,0.48908971793746414,0.1413498267758102,0.23565105479034001,0.6183066289027233,0.16604394641201103,0.0,0.0,0.0,0.16919676815376122,0.0,0.0,0.0,0.0,0.0,0.0,0.11697853841189929,0.08070737898396456,0.0,0.300794891448885,0.0,0.0,0.029687829638886172,0.0,0.0,0.0,0.0,0.0,0.0,0.0,0.0,0.0,0.0,0.059035527509781034,0.0,0.1613859549747192,0.43699941918200036
