0.0,0.35803765648917857,0.24354441148011338,0.44941001908962763,0.5020403944591133,0.6513175649365374,0.5092404361161624,0.5626229114853805,0.5489803593581699,0.0,0.31665638800140206,0.0,0.3471953593285942,0.3501217127117067,0.0,0.6622514072854602,0.6154639787503401,0.5819908219502585,0.166964266960754,0.0,0.9257861451474141,0.0,0.7631465058547923,0.0,0.5479396400637346,0.05238370353840584,0.5183348886220701,0.29309438975522784,0.5244486506709967,0.0,0.6842982724918519,0.0,0.35769726762751214,0.5765670378867592,0.2542116963458066,0.509849842606402,0.2526167183379402,0.30667069303880606,0.0,0.5976872952127124,0.2991631553124644,0.0,0.6074550431572875,0.0,0.4196445331955427,0.9591029356521824,0.3483257898859931,0.21840971840291498,0.4256194224710696,0.6435832726041619,0.4623970281568511,0.6448675923076823,0.6978809734752119,0.663611641292765,0.15896425002574782,0.49804489756941484,0.0,0.26031596324742445,0.5364023471814667,0.0,0.0,0.2843302291610061,0.3228710963406664,0.0,0.0,0.873607075257776,0.0,0.6314697947328614,0.0,0.2533508566644844,0.5431204403372827,0.5218399827162827,0.0,0.2683392267044981,0.0,0.0
0.35803765648917857,0.0,0.20055978918759856,0.0,0.09927421609518569,0.629087536897209,0.0456922744606653,0.5910738992404839,0.3505383568708519,0.45116060899165134,0.10168648146447656,0.48989955109167993,0.5574692161897027,0.040477650232321596,0.1948709438259319,0.5463839924479383,0.6024142057979089,0.6065304265871889,0.1947782089696027,0.18000204579142284,0.28967498206328546,0.21716172607840142,0.6058257330862564,0.30391472015387916,0.7419169080875722,0.7474782457408288,0.41384973854488205,0.36627390119159076,0.3084431906127976,0.043575179731723,0.32796167093302775,0.0,0.31228120131100473,0.09733540381014653,0.0,0.14756418221677162,0.22592610247789785,0.12212792448137026,0.048225643298812654,0.45903179320895526,0.2721245818779905,0.0,0.18517730813367522,0.006319783744988281,0.32156987787874103,0.3084446863891354,0.7456124634117038,0.33940479198105905,0.23591898894142233,0.2174198123365347,0.7827513557333964,0.5923600068835395,0.5367039924476678,0.2762002663605651,0.657860972741898,0.28353369777080584,0.3442843238838932,0.6573932418647217,0.12577847308323206,0.3594970356906738,0.23827257490722595,0.611303292442849,0.3009450581109221,0.3358674462645278,0.23406272304538672,0.3493734330018051,0.2088743732944176,0.6591648196951151,0.2520313251979598,0.6139952345782729,0.7328829081636051,0.5456171411099373,0.31667989856922724,0.5042900476533541,0.17296895374180554,0.011861118918384646
0.24354441148011338,0.20055978918759856,0.0,0.014411084678585921,0.7502968669600732,0.5660528740731997,0.3425900254449843,0.6154906537679069,0.7784750471922122,0.20247963778522132,0.9234752356501394,0.31309905403077987,0.6397058070268539,0.47795229544578965,0.45176014829640476,0.4093002020345727,0.33537453884862434,0.46294689277037876,0.8753065417447506,0.6472951116201026,0.25230777026257156,0.5574655435253285,0.5722462400455763,0.26888750691445146,0.40800300467790573,0.47150872497832214,0.6918221814334703,0.6069855646193969,0.5185964403198237,0.48263606392598934,0.36651723717968776,0.0,0.0,0.0,0.023334873753221682,0.06390952146111495,0.1616582947223558,0.056277096498715574,0.0,0.0,0.0,0.0,0.10013077030116099,0.0,0.0,0.3288823960235548,0.4216768661859923,0.950102058143992,0.0,0.5560589720615804,0.47831689606117045,0.262990788281952,0.5036785216626481,0.6409090938179459,0.2807727747289964,0.8454157996167841,0.15615920112319973,0.43878817137720444,0.1715771238719891,0.4112256493977949,0.19965949462580773,0.3898644241644294,0.4052242273436868,0.7354817357869953,0.5849994049137184,0.1822452115867086,0.5106142353438659,0.5910319701051859,0.2723481948999225,0.47614251267236596,0.4983210108186892,0.6042173344796766,0.5670273284053374,0.37197405477338763,0.2148738384480125,0.2989568998754322
0.44941001908962763,0.0,0.014411084678585921,0.0,0.31391236502719766,0.22425131614314364,0.45079363959459956,0.0765502956177329,0.220756332350699,0.0,0.10440702727563725,0.0,0.13312207646220786,0.23028587706429865,0.0,0.336360586733318,0.2735106481987077,0.2895823374435714,0.0,0.0,0.492826563474696,0.0,0.24249624376323448,0.0,0.12900382881876785,0.0,0.23794589059129537,0.15476817659480005,0.21359210460394426,0.0,0.4429979129098288,0.0,0.12656177701945082,0.49482299685574066,0.3496165636170358,0.36675683053408153,0.017312400363597977,0.2757661347770121,0.0,0.2781009338887323,0.04064375441033346,0.0,0.5690855404948255,0.0,0.3344650130099158,0.41836948362625176,0.016528415874330397,0.026538250795868214,0.5021304831032248,0.5185527907842914,0.13483277208265323,0.46432574222105055,0.23336458673801108,0.36288142873351537,0.0,0.24498921081395567,0.0,0.052600341899658655,0.5103124192643547,0.0,0.0,0.0,0.13491148183864127,0.0,0.0,0.4691178661439606,0.0,0.19856760823114916,0.0,0.0,0.07364898476900383,0.25530787040727915,0.0,0.16423353944077615,0.0,0.0
0.5020403944591133,0.09927421609518569,0.7502968669600732,0.31391236502719766,0.0,0.657831503236091,0.6655239929137146,0.5377321719458132,0.8101834647602779,0.0,0.8686366872906067,0.0,0.6486367421689766,0.6504127240223752,0.44651128025180964,0.5514033593010504,0.34790107802220194,0.5520508383922779,0.4884423541246346,0.5411481068135889,0.5557917353998278,0.3276028922388715,0.6119078243921386,0.0,0.31076318722515855,0.13210152271507564,0.7865108260818863,0.6889851736566447,0.7249517328919944,0.08687029463335799,0.45004192145071514,0.0,0.0,0.07936645605788901,0.1893640694933105,0.14554481032766114,0.29663256974993457,0.05411412246613772,0.0,0.045662901962033466,0.0,0.0,0.369984790911399,0.0,0.03212306386889371,0.5095682103315656,0.27283585133374605,0.707559856071419,0.0,0.8698424837960861,0.4660500823633661,0.46334603323703083,0.6012759201716272,0.8628082695264777,0.0,0.8724115989695815,0.0,0.3689632083560436,0.5207926537755043,0.33837814690733614,0.0,0.2593155825292051,0.43425767904981083,0.36076565661674914,0.4568849771460818,0.4056191978264165,0.26240583287345226,0.5851510170824683,0.0,0.26348683602971307,0.3698587627076826,0.7056110836486122,0.48062019544427115,0.358821949192942,0.0,0.0
0.6513175649365374,0.629087536897209,0.5660528740731997,0.22425131614314364,0.657831503236091,0.0,0.48243587765443474,0.836935768198972,0.7744207740161795,0.07498806848384255,0.5526932492305825,0.09773727112422752,0.7568222872682265,0.4894760393207254,0.35810817494189,0.6703090568741574,0.5787328051081839,0.7165058957882245,0.4418987441436787,0.37106872595993795,0.7255609037831416,0.24149834520727054,0.9028908531388087,0.07835901287192845,0.6830728112251632,0.5016343758809481,0.8375020533933747,0.5755214207350715,0.786728004015145,0.0,0.5115616125511766,0.0,0.10330163789626338,0.22356032816784766,0.01263377852822569,0.28851921608872955,0.2459251928368849,0.22417916308739672,0.0,0.4077668276333374,0.11602185388178236,0.0,0.46876123823329907,0.0,0.25353040540121535,0.6376992294117971,0.6432618518414751,0.6210471408705651,0.17747417580044178,0.6482979004773415,0.8247138100286074,0.7105371670509866,0.8252928629868422,0.7293809576543527,0.3429196405211203,0.6931142231368386,0.0,0.6232185790003218,0.4064265602597133,0.3685387853031072,0.0,0.5018764577560938,0.45202673181179076,0.38158347885651406,0.34144391349563835,0.6550465518357136,0.20155280111223461,0.8703683056966739,0.06371452854179475,0.5315775666273606,0.7297677654218995,0.7901193791226578,0.3762214592564646,0.5026054642264937,0.0,0.0
0.5092404361161624,0.0456922744606653,0.3425900254449843,0.45079363959459956,0.6655239929137146,0.48243587765443474,0.0,0.2645899402634914,0.4562477820790486,0.0,0.41686981198258216,0.0,0.47372782998491914,0.5125279636395048,0.11257866734421063,0.5076836692469953,0.4190211333156775,0.5145133910706925,0.254325823753417,0.15304273007775004,0.5546917326135961,0.028211862204627954,0.42772238696514925,0.0,0.28431511185321895,0.0,0.47313469162867755,0.41162012755719457,0.6445859596760769,0.0,0.4263833103025216,0.0,0.0,0.2107596861548223,0.2677236070771372,0.28087643716937066,0.29339316537141463,0.14859094075022639,0.0,0.05237744093247963,0.0,0.0,0.3319270424279203,0.0,0.1953096816105428,0.43129690598073006,0.20064573623039614,0.2608967908453323,0.05117482914560386,0.5252030701593563,0.2593323084868956,0.43452616121577037,0.3897056385658073,0.5472654525038471,0.0,0.3952800250600612,0.0,0.22241016538617994,0.415540070847715,0.030321827542391155,0.0,0.1887315889732998,0.32321856709626157,0.007113769055404852,0.08740019145943943,0.4295149361713193,0.0,0.3851581787583701,0.0,0.13288050880567734,0.1604896232254243,0.4239417773736426,0.11337882703111529,0.16762246233875655,0.0,0.0
0.5626229114853805,0.5910738992404839,0.6154906537679069,0.0765502956177329,0.5377321719458132,0.836935768198972,0.2645899402634914,0.0,0.6248896559935683,0.24559022430567795,0.535033261790963,0.30288856084898724,0.6523479076111306,0.4607659760950694,0.36062194312654633,0.4990107283517681,0.44738571515343095,0.5716292507788427,0.5211381238049227,0.3961896002518045,0.6099265200876547,0.32333570108396803,0.8911348384273577,0.32446491368050556,0.6317002633640116,0.6103479125229619,0.6302906384859175,0.5632097356642561,0.5118705405648083,0.2241836515348691,0.47992035083717016,0.0,0.0038550172565755486,0.1542115968310237,0.027640368524447845,0.22578856012530701,0.22216429413884195,0.23440665796159377,0.0,0.26504049330758545,0.08821567913150166,0.0,0.2831831293707011,0.0,0.2420626635097439,0.6071881348307974,0.6493359921131683,0.6883875765882912,0.12109599931328001,0.5212230739442086,0.7141988685087604,0.5205870764659326,0.8482993477178568,0.564992867519657,0.4327028295935788,0.6626992393900555,0.1550916941867858,0.5971720038338731,0.32517516975439836,0.4250780153854469,0.06915364500146881,0.4558108524377223,0.33261040342733605,0.52780466434137,0.3256059828148249,0.5394420351178941,0.2952325422767001,0.8384546280995907,0.28258904272020857,0.5403979409054969,0.7541144985617129,0.6054430784421686,0.446285543441926,0.3604873421651467,0.11841283078471498,0.04015844253873744
0.5489803593581699,0.3505383568708519,0.7784750471922122,0.220756332350699,0.8101834647602779,0.7744207740161795,0.4562477820790486,0.6248896559935683,0.0,0.06032078129200674,0.7806200194367107,0.08363511862645874,0.6786273555104139,0.35038352036299447,0.3362710470210618,0.5639242548143246,0.5119500519838587,0.6173537383465592,0.5649868743278605,0.4248012734688917,0.5511082731408288,0.28382297918539895,0.71750775479183,0.07595114287316768,0.5061934124201906,0.36741622056409773,0.8103752610500837,0.5740735967009127,0.5814208712386636,0.12154849872163016,0.5312351353433864,0.0,0.0,0.10149763094988727,0.07250003568178644,0.2929221816451341,0.21717449091491647,0.2039317328308465,0.0,0.2680555163529674,0.0,0.0,0.3977384704610018,0.0,0.22772418844974268,0.5712270642933174,0.4438444520956387,0.7827396128637807,0.07945754513149182,0.7916569403848498,0.6607762653442389,0.5928198907281892,0.7136956303719735,0.9231153609402343,0.26899779503532245,0.8842393324629317,0.0,0.5029122258636342,0.34121347766534593,0.3531792070373897,0.05787014072547187,0.45750631154172466,0.5075732220881832,0.3837946045121928,0.38421022469990046,0.511247068443899,0.20960616517549985,0.7125384941080299,0.19551211935236076,0.4535496106511231,0.6266863688525068,0.7629105391820956,0.42747574959989676,0.47157650880750224,0.0,0.0
0.0,0.45116060899165134,0.20247963778522132,0.0,0.0,0.07498806848384255,0.0,0.24559022430567795,0.06032078129200674,0.0,0.0,0.8198746173520824,0.2501313457178129,0.0,0.07637153761628512,0.11884505797910136,0.38263125647307755,0.27616506929738455,0.3453221829731425,0.20953754138649136,0.0,0.32132900572491774,0.1189827545574923,0.6544350986567784,0.42712512863483865,0.6033903401232442,0.014574244038193025,0.09799375504303229,0.04173647255794795,0.5064750895572353,0.12627867947055707,0.2501957497139819,0.10709758319070259,0.0,0.0,0.0,0.0,0.18294603546320481,0.4196689747113557,0.025747751789418426,0.22149593045367585,0.27204778269264984,0.0,0.19232372841424158,0.14759706602976225,0.0,0.4222927741109751,0.3025409268626189,0.0,0.0,0.24836317297168717,0.08007558100746646,0.10654547091692125,0.0,0.8359516848852847,0.0,0.6486417808914365,0.4352951000038452,0.0,0.10127895813950775,0.6673509821618308,0.5656718399398329,0.388539867539029,0.5080981381810774,0.2712001146623026,0.0,0.36435528042222315,0.22623538909638358,0.6179678162488608,0.5485564784809404,0.38961668528109805,0.07260598298416768,0.34866737721624175,0.3727031759999356,0.6904878083781202,0.6377474592449525
0.31665638800140206,0.10168648146447656,0.9234752356501394,0.10440702727563725,0.8686366872906067,0.5526932492305825,0.41686981198258216,0.535033261790963,0.7806200194367107,0.0,0.0,0.07666975337263596,0.6035240729448581,0.4879537728588162,0.3931348614453324,0.45098414327146513,0.3205016219102763,0.49916064722748654,0.7647559220741472,0.5823666118541527,0.3053292334341182,0.43699106994330317,0.5361251921003294,0.01997997203638331,0.3340597457462181,0.2577952434712014,0.703156478151583,0.6274445805270495,0.5376702014888164,0.3093448228621947,0.3664660516189876,0.0,0.0,0.0,0.1039953306315127,0.019621024213825517,0.11815164856569071,0.0,0.0,0.0,0.0,0.0,0.2547941042792187,0.0,0.0,0.3755090541302219,0.30210413318149953,0.8876664865141606,0.0,0.698908256116726,0.42175367894629545,0.283240024530408,0.4904234053701542,0.7545662760448418,0.09350586825242813,0.9225288529515723,0.0,0.3479238366816924,0.3465503934492717,0.29631106274741337,0.0004949825683257341,0.3371414168427376,0.40313473128744937,0.617630067536772,0.5057814501894813,0.19196115184399845,0.357515253555721,0.525869560551721,0.0562501117364389,0.3926481502522647,0.40527112240940066,0.615845628111548,0.490188068960989,0.30051583472386056,0.03184855801175291,0.08404949739939013
0.0,0.48989955109167993,0.31309905403077987,0.0,0.0,0.09773727112422752,0.0,0.30288856084898724,0.08363511862645874,0.8198746173520824,0.07666975337263596,0.0,0.3794084507783575,0.0,0.377337241402915,0.0,0.15736408146164999,0.14058587622668764,0.33148151242562235,0.4677013397135834,0.0,0.5473188278327875,0.06988616677793935,0.7952657185529454,0.25786910555321685,0.7613547958068363,0.07172799797582682,0.23299575830875902,0.0,0.5843546472409943,0.0,0.11001061002388957,0.0,0.0,0.0,0.0,0.0,0.05913969384218544,0.374673728352077,0.0,0.0038992872306778258,0.16056531537347557,0.0,0.3067766630404662,0.0,0.0,0.41650739712676293,0.417125063060299,0.0,0.0,0.305985171885356,0.0,0.05840537249918291,0.0,0.6569929047596117,0.029449543670342745,0.894165747137371,0.5000368282369142,0.0,0.37320239249470155,0.6079114947153849,0.5325197049492192,0.244332122538529,0.6397295159063247,0.46987264524814004,0.0,0.6337104908639519,0.21643686638857232,0.6629297049955569,0.4989752644434148,0.3879980830528537,0.10541185127022495,0.5188823953482369,0.2736035841000561,0.700025759306815,0.6378308224529845
0.3471953593285942,0.5574692161897027,0.6397058070268539,0.13312207646220786,0.6486367421689766,0.7568222872682265,0.47372782998491914,0.6523479076111306,0.6786273555104139,0.2501313457178129,0.6035240729448581,0.3794084507783575,0.0,0.3926581830342913,0.5430107073836637,0.6414662956244084,0.5687291908269742,0.6919246705103832,0.41346552174442863,0.6058149916364403,0.4064903278282365,0.5752967757734609,0.6640645598294853,0.18956577450756085,0.42445558005477263,0.559426034905321,0.6152269798501167,0.8748985842778053,0.6233705541026532,0.3522456672408223,0.4945963221600325,0.0,0.0,0.0,0.0,0.12113285761650791,0.31921027986349054,0.11658009200518885,0.0,0.1254847158365097,0.0,0.0,0.23352978437181185,0.02070700069853848,0.19751624646357666,0.35914579137753594,0.5174420304611614,0.6957938028204853,0.0,0.611843339349662,0.6994568781690221,0.5385601253582232,0.6374933184917817,0.6353227203461533,0.4099333642043059,0.6994636666474687,0.328796384950364,0.8448432718952652,0.260813344650649,0.5450585087339883,0.1352205926883556,0.7073183529671457,0.5195632473783729,0.4636066876646997,0.5737321329283517,0.3931105084548373,0.506440744843451,0.707428126951916,0.1896579948229423,0.4890292240168592,0.6294750400009391,0.6400519824814834,0.722169464360082,0.5649211885226374,0.09353915261743866,0.10693644360996311
0.3501217127117067,0.040477650232321596,0.47795229544578965,0.23028587706429865,0.6504127240223752,0.4894760393207254,0.5125279636395048,0.4607659760950694,0.35038352036299447,0.0,0.4879537728588162,0.0,0.3926581830342913,0.0,0.3377479909418587,0.35154423112565314,0.10895411546931359,0.25446546732504566,0.29958076890445695,0.3766067070522709,0.41278503352101803,0.28411794082408254,0.45886005309728733,0.0,0.18495184855867383,0.08279569539786802,0.4899114686463656,0.4656579468699252,0.5637252120880469,0.06996520065314057,0.29142824227407704,0.0,0.0,0.07595704154823454,0.2135407939852219,0.27110557664645596,0.3747432830529405,0.0847723543735114,0.0,0.0,0.0,0.0,0.2115773512562826,0.0,0.04879774341729394,0.36811227992906914,0.2428207202488165,0.34227805444018305,0.0,0.4622044094429886,0.2754289091720514,0.2414730404373431,0.4100370254244862,0.4227129346560062,0.0,0.4528151078809508,0.0,0.17985651255438082,0.4098701831527121,0.22871764866665065,0.0,0.0005241294580076173,0.17419802908406412,0.20455544243879914,0.31297811427885586,0.2372621815493583,0.24195080033276717,0.4338528724672815,0.0,0.16558728143999837,0.23792999893664785,0.4174451714050513,0.28266159708477157,0.16261397101087713,0.0,0.0
0.0,0.1948709438259319,0.45176014829640476,0.0,0.44651128025180964,0.35810817494189,0.11257866734421063,0.36062194312654633,0.3362710470210618,0.07637153761628512,0.3931348614453324,0.377337241402915,0.5430107073836637,0.3377479909418587,0.0,0.1925466892569564,0.0,0.2096870044134877,0.1921572660225272,0.8787052852629516,0.09622749348157954,0.8205980817534096,0.2500429412472778,0.23870806238319733,0.0686608345442301,0.41976073958028154,0.509105660637354,0.6887314519698507,0.46896883523538957,0.5100881182118164,0.09642295272196523,0.0,0.0,0.0,0.0,0.0,0.23615623992246262,0.0,0.0,0.0,0.0,0.0,0.0,0.07714099350090085,0.0,0.0,0.28166644474242003,0.4779520357812906,0.0,0.2828906202996571,0.35157984204518233,0.13905651971520078,0.3226805170124238,0.24113481878465687,0.05632110477724095,0.42778519746486077,0.33661784340053014,0.4614497744664496,0.06917038692718584,0.820163361367133,0.18210647498896268,0.3042500275375494,0.21720582498699953,0.38323041681046655,0.7859775537302591,0.09976299181483297,0.8072795236863076,0.3684844465285596,0.14798802488509397,0.26946260812253964,0.2615848169374329,0.4146294154511336,0.7405281683933568,0.32991225600133917,0.3774881604668837,0.2830546426233594
0.6622514072854602,0.5463839924479383,0.4093002020345727,0.336360586733318,0.5514033593010504,0.6703090568741574,0.5076836692469953,0.4990107283517681,0.5639242548143246,0.11884505797910136,0.45098414327146513,0.0,0.6414662956244084,0.35154423112565314,0.1925466892569564,0.0,0.7320304853974194,0.8958632634154184,0.37437901115007627,0.2999590126881159,0.6160535877079211,0.29930154015135874,0.6756875169092279,0.0,0.6998568455808817,0.31190338885637375,0.6325006701852538,0.5828186343893657,0.6390278604857116,0.05081503028892476,0.7561595869497172,0.0,0.2553827577664477,0.40103576097117877,0.10928662496367142,0.3199492257873963,0.31326005936211004,0.2144788231943539,0.0,0.43179975116314057,0.13639650450257665,0.0,0.3799416504257926,0.0,0.3426582274997286,0.6362343671895263,0.5031641061680617,0.4807401922438587,0.23082845045506598,0.6236346784807417,0.6095758476173032,0.6710595653382917,0.584281342056682,0.5834183215942608,0.4523002732940193,0.5754110101555051,0.0,0.5118953652033859,0.378545031121388,0.3109962863466158,0.0,0.5348613436348038,0.5859572935321641,0.27333847107383913,0.26030950183502605,0.5874933372357497,0.09748481521930681,0.6693874180176297,0.0,0.5279209335067886,0.6276638402805422,0.6685252442256051,0.33226084821026264,0.5812249290482194,0.0,0.0
0.6154639787503401,0.6024142057979089,0.33537453884862434,0.2735106481987077,0.34790107802220194,0.5787328051081839,0.4190211333156775,0.44738571515343095,0.5119500519838587,0.38263125647307755,0.3205016219102763,0.15736408146164999,0.5687291908269742,0.10895411546931359,0.0,0.7320304853974194,0.0,0.8678521593267631,0.3028971370579913,0.05276437342785868,0.52509933396115,0.0,0.5820389158896455,0.0,0.6622084048504241,0.297919854560713,0.46274144142107293,0.42557728907914344,0.4603526832563788,0.0,0.6241036368307483,0.0,0.4073756542577429,0.35516944289216457,0.0,0.337857541709734,0.23000784671263277,0.319976852980183,0.0,0.5686282434544935,0.3726610869333759,0.0,0.41536145179941475,0.0,0.4830203431089409,0.5476243586828284,0.4994539066531041,0.35498860362053714,0.33493014993534515,0.49543744549730384,0.6125382694067282,0.7181285128862586,0.5648015725216166,0.5485728213783828,0.5607477140126724,0.3980158783662306,0.0,0.6415867077443962,0.3321303206350019,0.14673031411536783,0.14799996637271765,0.7668603272126492,0.6419656680286023,0.2339961991768771,0.12427698258386771,0.5234968297730301,0.0,0.560752200328859,0.07292509575079993,0.4860512035040518,0.6279589045865464,0.5790378805658662,0.27453018668946505,0.5359759680262108,0.0,0.0
0.5819908219502585,0.6065304265871889,0.46294689277037876,0.2895823374435714,0.5520508383922779,0.7165058957882245,0.5145133910706925,0.5716292507788427,0.6173537383465592,0.27616506929738455,0.49916064722748654,0.14058587622668764,0.6919246705103832,0.25446546732504566,0.2096870044134877,0.8958632634154184,0.8678521593267631,0.0,0.4301837405768319,0.29653170510339016,0.561125002344585,0.25442093747991895,0.6567617808986393,0.0,0.7180099056152666,0.40442347870183687,0.6663653107832935,0.5729677853348861,0.6447671062666396,0.09583654574104232,0.6559489615537919,0.0,0.28434525193029664,0.29298371554466757,0.0,0.2606293868248455,0.26338177443801514,0.245368704885853,0.0,0.4721541187048914,0.19863729626101664,0.0,0.4212160635894314,0.0,0.31249041248526965,0.5369200110351412,0.5435623229970281,0.5430505205656571,0.2091158701375883,0.6035531738553445,0.6679889294671351,0.710300215361925,0.6255391814160057,0.6114525321916509,0.4924574432607666,0.5736861710458995,0.0,0.6096140006995091,0.3421703333565509,0.31849652546188206,0.03698927970277105,0.6797555035523147,0.6727756071668837,0.37789422689041663,0.31514863265361415,0.5181461831443389,0.1403456241063929,0.6621285472292695,0.0,0.5605860873504,0.6241166981641472,0.7106812373773412,0.3833936669552369,0.5862256649789074,0.0,0.0
0.166964266960754,0.1947782089696027,0.8753065417447506,0.0,0.4884423541246346,0.4418987441436787,0.254325823753417,0.5211381238049227,0.5649868743278605,0.3453221829731425,0.7647559220741472,0.33148151242562235,0.41346552174442863,0.29958076890445695,0.1921572660225272,0.37437901115007627,0.3028971370579913,0.4301837405768319,0.0,0.4301362642872081,0.1352658742837233,0.36963775798234344,0.4664399946602975,0.31640364978261026,0.5137100521791564,0.40874979355112856,0.5276248388757754,0.3227362293813854,0.40227248686152695,0.45223514704152434,0.32510052568730496,0.0,0.0,0.0,0.09444837843586429,0.018715305093807574,0.00919394319507777,0.10979940799262138,0.0,0.0,0.0,0.0,0.06822534565707891,0.0,0.01215865604079225,0.2537907768869434,0.45590656597915813,0.8274049303809505,0.0,0.28117279756327107,0.34814890611369453,0.18900901257253228,0.36111794287872584,0.38812254720878564,0.4200875698185148,0.580966102977333,0.1378717709129141,0.2846901908294503,0.02469324405077227,0.1647498581890154,0.2640434891366525,0.3018935248340973,0.40240708195404523,0.8684564718487151,0.36310825976994326,0.08447554253914932,0.31258118196281764,0.4716615640937448,0.2950882442162578,0.5528954122136368,0.45614476040443086,0.43619447131177824,0.28601906874428573,0.3292888666163779,0.22840679272030429,0.33571551362193125
0.0,0.18000204579142284,0.6472951116201026,0.0,0.5411481068135889,0.37106872595993795,0.15304273007775004,0.3961896002518045,0.4248012734688917,0.20953754138649136,0.5823666118541527,0.4677013397135834,0.6058149916364403,0.3766067070522709,0.8787052852629516,0.2999590126881159,0.05276437342785868,0.29653170510339016,0.4301362642872081,0.0,0.0,0.9460916546271878,0.305143528984808,0.2500223131303968,0.2084571134312435,0.4480957111031181,0.6243724225345568,0.7168777919643917,0.5264085289709657,0.6834031674832891,0.17879720746526098,0.0,0.0,0.0,0.0,0.0,0.15218723480718,0.0,0.0,0.0,0.0,0.0,0.0,0.12337537723800807,0.0,0.0,0.3177658471359218,0.6881113717771435,0.0,0.3189891440239035,0.3814707778215708,0.145840767649737,0.2550273157936813,0.27425544769776217,0.19843114722358418,0.5249556517408496,0.37404695179762765,0.4316027211299097,0.026471093279434584,0.713297470056131,0.3015122635659382,0.3240269447252124,0.37888512454607215,0.6176331910543313,0.9246932942857209,0.0,0.8860179438868574,0.422745946504039,0.15481307132599642,0.39342741316976987,0.3053492084852906,0.52573992517797,0.7922648007193883,0.4456418765722783,0.45987795601069015,0.4489353013598962
0.9257861451474141,0.28967498206328546,0.25230777026257156,0.492826563474696,0.5557917353998278,0.7255609037831416,0.5546917326135961,0.6099265200876547,0.5511082731408288,0.0,0.3053292334341182,0.0,0.4064903278282365,0.41278503352101803,0.09622749348157954,0.6160535877079211,0.52509933396115,0.561125002344585,0.1352658742837233,0.0,0.0,0.0,0.7949474973043115,0.0,0.440127013681974,0.0,0.5802907246662095,0.40492608514295897,0.6259395865359271,0.0,0.6922363518871182,0.0,0.2720195577934552,0.5667400894971305,0.2502898737828767,0.494061118190243,0.28045213451847506,0.3470739442271101,0.0,0.4679290421548673,0.1884290056493088,0.0,0.6058843340156572,0.0,0.40431699829813855,0.8378463754622544,0.3579037308266417,0.25434190092102205,0.4403981621631523,0.7122098400158652,0.48203411732242063,0.6665010575694047,0.7873826571206164,0.6877583794290455,0.13392372812386635,0.5140756520430461,0.0,0.34329067187117823,0.5712882382682254,0.19799703995229043,0.0,0.2938449860550228,0.357140177163318,0.0,0.0,0.9378712571089539,0.0,0.6805883067291866,0.0,0.19701824094670928,0.4753829666309757,0.5498454118526006,0.10717321602944169,0.24836630064679577,0.0,0.0
0.0,0.21716172607840142,0.5574655435253285,0.0,0.3276028922388715,0.24149834520727054,0.028211862204627954,0.32333570108396803,0.28382297918539895,0.32132900572491774,0.43699106994330317,0.5473188278327875,0.5752967757734609,0.28411794082408254,0.8205980817534096,0.29930154015135874,0.0,0.25442093747991895,0.36963775798234344,0.9460916546271878,0.0,0.0,0.2086108977462974,0.3908110483358611,0.15764637103920773,0.5165451809749659,0.38634360390385647,0.6790933322585639,0.3569475962408618,0.7592503944007138,0.16600484850447073,0.0,0.0,0.0,0.0,0.0,0.18430812405348868,0.0,0.0,0.0,0.0,0.0,0.0,0.2594272480571004,0.0,0.0,0.3462935797795803,0.577841606862271,0.0,0.1582390354182247,0.3269030343871266,0.054361460442114484,0.1755645911598612,0.12412313450826559,0.2895224851552169,0.3874932066858535,0.4842437994633222,0.44396400972969974,0.0,0.7306960418454692,0.3982244592406657,0.36914303182215596,0.3333733717622972,0.5630353866510257,0.8415139915412698,0.0,0.9415839749057899,0.36370501859197313,0.2891210520243056,0.43628198831743925,0.2967597029348725,0.3211834506863497,0.7762560293091867,0.3717168269295803,0.4739072176656333,0.6076261447275291
0.7631465058547923,0.6058257330862564,0.5722462400455763,0.24249624376323448,0.6119078243921386,0.9028908531388087,0.42772238696514925,0.8911348384273577,0.71750775479183,0.1189827545574923,0.5361251921003294,0.06988616677793935,0.6640645598294853,0.45886005309728733,0.2500429412472778,0.6756875169092279,0.5820389158896455,0.6567617808986393,0.4664399946602975,0.305143528984808,0.7949474973043115,0.2086108977462974,0.0,0.05500194399935149,0.7007071580683187,0.4678782518697981,0.7544174657415297,0.5517082334855498,0.692594363945139,0.02285806056665428,0.626552381642482,0.0,0.12808630766193396,0.30674499565087804,0.07530473394769549,0.32575402991765806,0.23478720624984578,0.28650658385421945,0.0,0.3975051592863394,0.12126123552707069,0.0,0.4089719426237591,0.0,0.35608080957970145,0.7608068098159609,0.6478392732509525,0.6305601353479335,0.2539864887554071,0.6499807135462652,0.7557713103463428,0.6595330611092408,0.8861655170628014,0.7070469370369643,0.39548499562385003,0.6714358926748204,0.0,0.5776174722139519,0.4281654348280329,0.35372229265174593,0.0,0.4761680431363883,0.42870031570250217,0.37900251884973285,0.2348692507569573,0.743090070611914,0.12160980553017085,0.9719983036564462,0.10736398425106289,0.5290514717937383,0.7664393270372657,0.7095837510021691,0.33470334905711446,0.43759363659752865,0.0,0.0
0.0,0.30391472015387916,0.26888750691445146,0.0,0.0,0.07835901287192845,0.0,0.32446491368050556,0.07595114287316768,0.6544350986567784,0.01997997203638331,0.7952657185529454,0.18956577450756085,0.0,0.23870806238319733,0.0,0.0,0.0,0.31640364978261026,0.2500223131303968,0.0,0.3908110483358611,0.05500194399935149,0.0,0.20657330949311484,0.7105154056814585,0.0,0.05263250526863118,0.0,0.5348131180704624,0.0,0.11782411969604069,0.07364008083222752,0.0,0.0,0.0,0.0,0.19058369736551456,0.37060820754159446,0.0,0.13545373162452856,0.13044677682969144,0.0,0.20235560446222545,0.04684199351742997,0.0,0.3053391660745187,0.2852809196831756,0.0,0.0,0.11886028652676678,0.0,0.08594690893720258,0.0,0.5197064450604544,0.0,0.6581908835776041,0.24449129861415025,0.0,0.18317022430833418,0.6310800957588779,0.3609109884857455,0.2028126026343219,0.4382166394586764,0.20200460443388701,0.0,0.4344583847748185,0.14569414143775572,0.911426648201792,0.42726954584602883,0.4277709081277333,0.0,0.27600399604877685,0.1384947390995409,0.5500047396007697,0.6737366754601444
0.5479396400637346,0.7419169080875722,0.40800300467790573,0.12900382881876785,0.31076318722515855,0.6830728112251632,0.28431511185321895,0.6317002633640116,0.5061934124201906,0.42712512863483865,0.3340597457462181,0.25786910555321685,0.42445558005477263,0.18495184855867383,0.0686608345442301,0.6998568455808817,0.6622084048504241,0.7180099056152666,0.5137100521791564,0.2084571134312435,0.440127013681974,0.15764637103920773,0.7007071580683187,0.20657330949311484,0.0,0.5967722533849763,0.6400556062358304,0.2552751711805651,0.5144470785790868,0.08780298547064745,0.5021276709735353,0.06874972013447564,0.3014726918361057,0.28731788678882075,0.0,0.18571076106194467,0.1349586901209502,0.263646689150758,0.0,0.5009011198930209,0.34305792267385116,0.0,0.28169618396075735,0.0,0.3404222049036343,0.5600003563467609,0.7127925640273255,0.45570270839543386,0.21082707474257523,0.3300950891379975,0.7108072099656872,0.6092325446357144,0.6185995818134098,0.37273877313103343,0.6778627883082352,0.3927844244209391,0.0068734628519583445,0.46096895421015827,0.18518937994762608,0.16596348986245074,0.19829030361657382,0.47119276947770244,0.46396885824251266,0.46018119891711956,0.20276293556040537,0.4507672976191908,0.05276514220267912,0.6893359211853989,0.16005027689404713,0.7142119116397796,0.7914066594360774,0.6734678672359031,0.21734444943149323,0.6019275774013738,0.1354471041551006,0.0
0.05238370353840584,0.7474782457408288,0.47150872497832214,0.0,0.13210152271507564,0.5016343758809481,0.0,0.6103479125229619,0.36741622056409773,0.6033903401232442,0.2577952434712014,0.7613547958068363,0.559426034905321,0.08279569539786802,0.41976073958028154,0.31190338885637375,0.297919854560713,0.40442347870183687,0.40874979355112856,0.4480957111031181,0.0,0.5165451809749659,0.4678782518697981,0.7105154056814585,0.5967722533849763,0.0,0.33002362031500954,0.33401803256046664,0.2622710182624131,0.381137431628495,0.15667452507089868,0.023398879505891357,0.08067701904196532,0.0,0.0,0.0,0.10062267506872509,0.1378971400899243,0.12781310129108733,0.1549926490260578,0.1013024562723772,0.0,0.0,0.0,0.1287054585001456,0.1391209692132963,0.5770226946142376,0.5048172601427905,0.0,0.012164851408605105,0.5439372957347702,0.15998220726534648,0.3900169031501234,0.10581139356518553,0.5711060191512438,0.2857593189186862,0.5343640432743706,0.5425150331586241,0.0,0.3913333935959887,0.44774017867206856,0.5419255231017488,0.2879718028977137,0.5350766232156047,0.38569229399633354,0.044626311646976405,0.47961817909079885,0.5200734460771984,0.5885915082637004,0.603652060524466,0.718054816767502,0.368204928521415,0.4458069302646805,0.3500300107914609,0.410443956910272,0.3883477362850432
0.5183348886220701,0.41384973854488205,0.6918221814334703,0.23794589059129537,0.7865108260818863,0.8375020533933747,0.47313469162867755,0.6302906384859175,0.8103752610500837,0.014574244038193025,0.703156478151583,0.07172799797582682,0.6152269798501167,0.4899114686463656,0.509105660637354,0.6325006701852538,0.46274144142107293,0.6663653107832935,0.5276248388757754,0.6243724225345568,0.5802907246662095,0.38634360390385647,0.7544174657415297,0.0,0.6400556062358304,0.33002362031500954,0.0,0.6152926325631002,0.7911821920943074,0.10834738641829805,0.47532564876544753,0.0,0.0,0.0816116998972985,0.0,0.17281505334156466,0.22643751050973562,0.10645138318202153,0.0,0.22892894799526053,0.0,0.0,0.3802286907288424,0.0,0.11996961772678363,0.5411113959209047,0.6005365789850524,0.7057304395132074,0.03339882160880295,0.7335935345335278,0.7678187194534273,0.7081692138479556,0.6893338252244291,0.7562671391990902,0.27922336184385727,0.7704587726387244,0.0,0.511115719302891,0.4027914464701745,0.4948244974186741,0.06862485067139562,0.3992255473851924,0.503396826267995,0.4955965619759668,0.6045382061597385,0.5118998754420752,0.37092308238315697,0.7983851199484168,0.0,0.5255225749327693,0.5999731067225511,0.9776916543447669,0.5103431890887771,0.6461291491457545,0.07582163179464167,0.0
0.29309438975522784,0.36627390119159076,0.6069855646193969,0.15476817659480005,0.6889851736566447,0.5755214207350715,0.41162012755719457,0.5632097356642561,0.5740735967009127,0.09799375504303229,0.6274445805270495,0.23299575830875902,0.8748985842778053,0.4656579468699252,0.6887314519698507,0.5828186343893657,0.42557728907914344,0.5729677853348861,0.3227362293813854,0.7168777919643917,0.40492608514295897,0.6790933322585639,0.5517082334855498,0.05263250526863118,0.2552751711805651,0.33401803256046664,0.6152926325631002,0.0,0.587283965841622,0.4861626766738255,0.5225098293283911,0.0,0.0,0.0,0.0,0.14028413462093045,0.44505211591467775,0.012201474286483606,0.0,0.02782527432514816,0.0,0.0,0.23253303527685526,0.14205143410633317,0.06065670731742679,0.3454097123747154,0.4118369261062841,0.6641143970738863,0.0,0.679874622482093,0.5740607500114949,0.48661576948163826,0.5767041384830389,0.6143914772631773,0.24673196293368438,0.7416377586651407,0.2478165764505542,0.7312460701496009,0.3705467253350665,0.6740132025607976,0.11667484288469435,0.5998375008190286,0.4702590744986755,0.42757428773683825,0.6959723163637932,0.3673731943006581,0.6412727467145097,0.6461755706814051,0.07526736662100512,0.3714236284144398,0.46794639732138443,0.6420006684564269,0.8897997198192014,0.5031758462209881,0.15087028729458923,0.16782224832330095
0.5244486506709967,0.3084431906127976,0.5185964403198237,0.21359210460394426,0.7249517328919944,0.786728004015145,0.6445859596760769,0.5118705405648083,0.5814208712386636,0.04173647255794795,0.5376702014888164,0.0,0.6233705541026532,0.5637252120880469,0.46896883523538957,0.6390278604857116,0.4603526832563788,0.6447671062666396,0.40227248686152695,0.5264085289709657,0.6259395865359271,0.3569475962408618,0.692594363945139,0.0,0.5144470785790868,0.2622710182624131,0.7911821920943074,0.587283965841622,0.0,0.12106686173175746,0.49800368563218045,0.0,0.008824849232782749,0.1213976443926803,0.07675555756547102,0.1924028504262289,0.2558076603501657,0.18301505511522767,0.0,0.15902559338817088,0.0,0.0,0.35385244114377534,0.0,0.1114393615263343,0.5460640910994558,0.46193913613553167,0.5085215381327398,0.0,0.5866443752475773,0.5187682024138102,0.5353081987157254,0.558272444224658,0.5703496435576937,0.16295810836574787,0.571404420986533,0.0,0.4278922091499894,0.4002678593579859,0.3094022304633627,0.1182078014365081,0.40263651690758573,0.6082125521220332,0.3077411459684069,0.41366738775667566,0.5522975293148902,0.26982963186438363,0.654981929180169,0.0,0.45595746736408965,0.4748367185476647,0.686161568943925,0.40582921215725104,0.5150227126591509,0.0,0.0
0.0,0.043575179731723,0.48263606392598934,0.0,0.08687029463335799,0.0,0.0,0.2241836515348691,0.12154849872163016,0.5064750895572353,0.3093448228621947,0.5843546472409943,0.3522456672408223,0.06996520065314057,0.5100881182118164,0.05081503028892476,0.0,0.09583654574104232,0.45223514704152434,0.6834031674832891,0.0,0.7592503944007138,0.02285806056665428,0.5348131180704624,0.08780298547064745,0.381137431628495,0.10834738641829805,0.4861626766738255,0.12106686173175746,0.0,0.12764515862025289,0.08624671659999834,0.0,0.0,0.0,0.0,0.0,0.0,0.2543445500358453,0.0,0.0,0.0,0.0,0.36751453364654946,0.0,0.0,0.1833788332330876,0.5106495967363079,0.0,0.0,0.07500236156913381,0.0,0.015154495816722572,0.0,0.37011287774249857,0.16851870134981609,0.5056427979256272,0.29208566443339556,0.0,0.471053028352932,0.5541669028692943,0.323768228969857,0.37448612116833474,0.6208248736794314,0.6327718179362942,0.0,0.7490335784467937,0.12982441416237506,0.4543444233178305,0.36842324782231184,0.18739421401863546,0.06851630392018354,0.667215511090068,0.2739123058210106,0.653800723424996,0.8404401885881189
0.6842982724918519,0.32796167093302775,0.36651723717968776,0.4429979129098288,0.45004192145071514,0.5115616125511766,0.4263833103025216,0.47992035083717016,0.5312351353433864,0.12627867947055707,0.3664660516189876,0.0,0.4945963221600325,0.29142824227407704,0.09642295272196523,0.7561595869497172,0.6241036368307483,0.6559489615537919,0.32510052568730496,0.17879720746526098,0.6922363518871182,0.16600484850447073,0.626552381642482,0.0,0.5021276709735353,0.15667452507089868,0.47532564876544753,0.5225098293283911,0.49800368563218045,0.12764515862025289,0.0,0.0,0.2521068118008537,0.4360958136113763,0.15040711277002927,0.4346034514130164,0.1980347493779091,0.4359946648830774,0.0,0.3843899644136694,0.17348100416371276,0.0,0.3971369085527388,0.0,0.47804323700014273,0.6954892725289534,0.37473482624466453,0.4161600465922649,0.36327591357525785,0.5745580428356862,0.44081319723774204,0.5964079531593246,0.6236193626865857,0.52566452783388,0.45904202161957813,0.47013697167523216,0.0,0.3872558647624094,0.3739163510913076,0.2669212451196769,0.07444243131932705,0.4925118501890296,0.6179011210058821,0.23153655371390258,0.16932868280848987,0.6756680164401085,0.05166600780123045,0.6221155028996894,0.10737967235235855,0.447238770730163,0.5374735899263459,0.5009780409122837,0.25965067618359833,0.4501055554725671,0.0,0.0
0.0,0.0,0.0,0.0,0.0,0.0,0.0,0.0,0.0,0.2501957497139819,0.0,0.11001061002388957,0.0,0.0,0.0,0.0,0.0,0.0,0.0,0.0,0.0,0.0,0.0,0.11782411969604069,0.06874972013447564,0.023398879505891357,0.0,0.0,0.0,0.08624671659999834,0.0,0.0,0.21676919209411585,0.0,0.0,0.0,0.0,0.07749078123992252,0.64882085267585,0.036252004008828886,0.2141497742911201,0.3365720516217458,0.0,0.017103972347075617,0.0,0.0,0.0,0.0,0.09838395662566154,0.0,0.0,0.0,0.0,0.0,0.09140680500423495,0.0,0.02783849633489362,0.0,0.0,0.0,0.14478918635393864,0.0,0.0,0.06822051282453746,0.0,0.0,0.0,0.0,0.06138522188735007,0.0,0.0,0.0,0.0,0.0,0.275970245097425,0.14738688648261208
