0.0,0.12523824283478574,0.10293877807313814,0.0,0.0,0.0,0.0,0.0398462913853451,0.00015148830834810838,0.010538593716586964,0.08618218723349626,0.0,0.0,0.0,0.041919119041786024,0.18461814041641947,0.0,0.042532034484674665,0.04000384920621452,0.0,0.4877473040483202,0.18306961373289854,0.0,0.6289945727937812,0.387867452704801,0.3419710969651549,0.0,0.0,0.0,0.0,0.0,0.0,0.48952103013036724,0.0373286759483021,0.0,0.0,0.0,0.0,0.0,0.4633709366440383,0.42373264157836327,0.3902747012588548,0.005058346128038906,0.0,0.09737797545177648,0.925153487648037,0.0,0.23393738878042544,0.0,0.03285962527005335,0.02006318917780579,0.1615116832297678,0.253265315087346,0.0,0.16947305584017738,0.17931581537303276,0.26473725001723347,0.09889108181410847,0.0,0.0,0.08432452603782657,0.0877055977181212,0.0419200116075701,0.022728436750567987,0.042435777868667354,0.1508980791420717,0.055641084853733806,0.0,0.6075514704839724,0.19081535851944562,0.4546665092110823,0.05676948449992942,0.1777194757353896,0.23213010226026898,0.4051960962331448,0.5760267733260445
0.12523824283478574,0.0,0.0,0.0,0.0,0.4914089615320138,0.027263078228811858,0.3332236362903648,0.0,0.2774391257500344,0.0,0.29699401874443404,0.4397432519043176,0.0,0.0,0.15868940309747578,0.4717281199156427,0.6079448386187043,0.04288065062961509,0.0,0.17835154474460657,0.0,0.3939970580362763,0.3784271745715427,0.4424776108003352,0.7994585760763314,0.0,0.0,0.0,0.0,0.0,0.01798815521519434,0.3273319283503755,0.0,0.0,0.0,0.01619855831861117,0.0,0.15593446387032378,0.2585572146739336,0.12255640620512363,0.17635724178561613,0.07976792539425069,0.0,0.0,0.05394641147365089,0.7337925732360688,0.0,0.0,0.0,0.46859519324066135,0.0,0.39359938236728254,0.0,0.2148662540470402,0.0,0.4084147976423853,0.45473077948850427,0.0,0.0,0.11436466723074944,0.49804292728187827,0.22939986096274112,0.0,0.02063491112820858,0.08981077294048746,0.051189848302611966,0.21432503746421352,0.31744704955891073,0.16923039191530376,0.6793909803050858,0.0,0.0,0.048139366045718834,0.0,0.0
0.10293877807313814,0.0,0.0,0.0,0.5134163693633415,0.19411358653619687,0.0,0.2116848491388729,0.8414625330498448,0.29623160702996726,0.928348847271997,0.4258495795298171,0.13768397613666084,0.0,0.7287402158475274,0.0,0.14933168573670508,0.09641126660060423,0.9215687574742862,0.6728065539732103,0.0,0.5221477707258186,0.3533928477353002,0.21389670148321882,0.06643635640211835,0.3229055981408244,0.6059260913595276,0.2641225946244693,0.0,0.2658160427226996,0.0,0.0,0.0,0.0,0.0,0.10161779389023833,0.0,0.0,0.0,0.0,0.0,0.0,0.0,0.0,0.2645849392378329,0.05558204659079028,0.04406024447520494,0.9128852842789039,0.0,0.23502097238645062,0.3086325266937945,0.027703752182495555,0.15090413603423902,0.7952957815289909,0.18705014079931434,0.7847570036720836,0.5327213605695726,0.2552275706552253,0.0,0.7331742646333865,0.0,0.24367337220026267,0.026288867879673296,0.9203902505410064,0.7118082111055255,0.0,0.6242098061382769,0.40531312967165867,0.130296188747296,0.0,0.25616969115401234,0.5784340731099558,0.5388769186823965,0.09371322344827589,0.29096416624574634,0.14383501670873422
0.0,0.0,0.0,0.0,0.0,0.2565578901620207,0.5648604144467435,0.01568955686386538,0.0,0.034110601255955685,0.0,0.0,0.04090557262610707,0.2640739206474675,0.0,0.0,0.058346749487913255,0.0,0.0,0.0,0.0,0.0,0.11980328902386712,0.0,0.0,0.0,0.0,0.366215254571986,0.39253151905032996,0.22395939321926173,0.4833352196735846,0.727294783864478,0.0,0.2787225711021671,0.6386797282451117,0.489311841514457,0.5094407664304651,0.2741219185377591,0.5268937566370194,0.0,0.0,0.0,0.26589347229255356,0.23594643026891318,0.0,0.0,0.16474657768647985,0.0,0.5282739079416654,0.0,0.0,0.0,0.0,0.0,0.07633058214810329,0.0,0.0,0.0,0.3017000387418038,0.0,0.22999205309087994,0.0,0.14395601671059735,0.0,0.0,0.2237555306134189,0.0,0.10545845631233183,0.0,0.14413125634115065,0.0,0.0,0.0,0.0,0.0,0.0
0.0,0.0,0.5134163693633415,0.0,0.0,0.16452391815477072,0.08352269810139083,0.0,0.7162875920502516,0.1820383074174039,0.6188639696934216,0.21558331067782616,0.3758644960346082,0.32904965667769154,0.6091475454822711,0.0,0.2513424234520743,0.09044972115639258,0.31857142796312754,0.4591440493994431,0.0,0.3515773174907823,0.14304353711942822,0.0,0.042828719796930044,0.09321556287157179,0.5962248546911159,0.44495135787808626,0.11262939368629021,0.2630964394924132,0.08859633284395131,0.0,0.0,0.0,0.0,0.0,0.0,0.19156269493075212,0.0,0.0,0.0,0.0,0.008067291398813728,0.0,0.30085480528752334,0.0,0.06419396919955543,0.5934066500507679,0.0,0.7451056753091291,0.20080019699598614,0.5442996573464387,0.10386843415469396,0.6563009651727043,0.22188640406352758,0.6877715251710241,0.34029407153164,0.5027592940109847,0.21455976524022277,0.5774610967285504,0.0,0.31416168545661843,0.0,0.3141124156917894,0.2753825099419757,0.027866454039154307,0.33600364001955885,0.28318698570878437,0.0,0.0,0.1405616574178787,0.4337738379335473,0.5185966955915604,0.0846880997703207,0.0,0.012342991709526348
0.0,0.4914089615320138,0.19411358653619687,0.2565578901620207,0.16452391815477072,0.0,0.2560186668052035,0.3514528037233642,0.14632752077263977,0.42513526820488245,0.0,0.44947564169882254,0.566311223021642,0.08869024576156527,0.17091597298798325,0.08916452154170576,0.5125476564597553,0.4960244427796665,0.15175819208189237,0.2038474987725346,0.0,0.011035994928943615,0.7836255826623616,0.0,0.13520978265874273,0.44844985191757136,0.34361294119473984,0.3909196602518759,0.49796741046181425,0.2565301839099173,0.19395180518490024,0.16245068428386789,0.0,0.0,0.11995364381327868,0.275653032767158,0.24083454199681903,0.16916922782791483,0.01612671080103239,0.0,0.0,0.0,0.087415402416933,0.0,0.029010199290540193,0.0,0.6596765558948393,0.12407079746148914,0.18639152766346334,0.02173514335846765,0.6840469798996962,0.045560328484543854,0.24563824850382912,0.15149643376786337,0.4173228791113336,0.0,0.26561062732928464,0.4523066970546446,0.20584301778405062,0.20405195538847418,0.44087293852827775,0.6183078681342576,0.4920837822171651,0.027868039421424098,0.0693958761565295,0.1288671480519798,0.17394650007294243,0.690112331206786,0.0,0.2036708346438189,0.41485108484919775,0.09969381408649741,0.034498319306304,0.0,0.0,0.0
0.0,0.027263078228811858,0.0,0.5648604144467435,0.08352269810139083,0.2560186668052035,0.0,0.0,0.0,0.1512319106059719,0.0,0.0,0.30481615103248594,0.3916256890039573,0.0,0.011440593302345758,0.29120171187358074,0.17603429509091595,0.0,0.020287060861310036,0.10295672942297768,0.061269778830225316,0.0,0.0,0.17482147527822917,0.0,0.13417403189905033,0.38511697061296174,0.5631066992163152,0.25352299712587567,0.4190659572232261,0.6148779624472076,0.0,0.16148513299043354,0.4138093610462518,0.21258054761700543,0.3170240084829231,0.31236161480790575,0.542449709807892,0.0,0.0,0.0,0.16795139834471096,0.09060773747038822,0.0,0.0,0.2796565242093431,0.0,0.36216351467159075,0.27575237367337047,0.0,0.25200462916870475,0.0,0.0,0.20421685948567525,0.0,0.0,0.029080004194362498,0.38296510911492626,0.0,0.23913043245480717,0.09471812621989688,0.1887417964466443,0.0,0.0,0.3127947951301289,0.0,0.11308915668370191,0.0,0.4181089033988571,0.0,0.0,0.0,0.0,0.0,0.0
0.0398462913853451,0.3332236362903648,0.2116848491388729,0.01568955686386538,0.0,0.3514528037233642,0.0,0.0,0.07709996493186155,0.2884275027025774,0.19548637997364685,0.661379249339349,0.3509624778921162,0.17415708268874464,0.0,0.0,0.2309296425885203,0.23407873966152573,0.136701039971339,0.0,0.20422778630234023,0.0,0.6946017594703714,0.38218207353413025,0.0,0.5572838465177832,0.0,0.12029244745679521,0.0,0.0,0.0,0.050589731745093895,0.08535579499233088,0.0,0.0,0.2614189525442594,0.05165625046260695,0.10729741964745672,0.06523036694026774,0.04217711015929035,0.0,0.0,0.33143118470631305,0.03945457588692722,0.07451458204914997,0.0,0.36673329035966173,0.14896481296038125,0.20691302341537532,0.0,0.3214142165908131,0.0,0.8017958314689998,0.14303726850534318,0.2559471823216705,0.17761846808056903,0.6050903566584078,0.3335775547725145,0.0,0.0,0.0,0.3273993143026498,0.0,0.1764013508985874,0.0,0.09248747016047913,0.0,0.3501214021775079,0.26226147454266757,0.0,0.3793609581132054,0.0,0.09068520259789824,0.0,0.15603556885690578,0.0
0.00015148830834810838,0.0,0.8414625330498448,0.0,0.7162875920502516,0.14632752077263977,0.0,0.07709996493186155,0.0,0.25328651662657126,0.8857761469413425,0.32762447795398647,0.14531787717239428,0.0,0.7509094173705677,0.0,0.134872744068739,0.04131071312397916,0.7033974814648487,0.673248558590205,0.0,0.5624369929416085,0.2322386135379656,0.11896011390177025,0.15249052499258856,0.26273857129662664,0.7507794502707881,0.23488167608647154,0.014411843412230544,0.2537325387701569,0.014478515929101436,0.0,0.0,0.0,0.0,0.026233333466266436,0.0,0.07922132936910749,0.0,0.0,0.0,0.0,0.0,0.0,0.23618499299220705,0.018588921200851767,0.10909078762522821,0.8102064395488378,0.0,0.4975088576285724,0.23441192778810407,0.09732853332166509,0.0739428776690301,0.9971619643903122,0.22465564999466212,0.7580025937919332,0.4492498219434986,0.2343051352339037,0.023593274527914328,0.7681558106856622,0.0,0.1913087078711779,0.03412678454937625,0.695495107606316,0.6983210399831237,0.0,0.6983335240981939,0.3960641381605581,0.03778316082014265,0.0,0.256197052067861,0.72616881243735,0.5585186639848005,0.1450060224135242,0.12563829683677752,0.12182677155082981
0.010538593716586964,0.2774391257500344,0.29623160702996726,0.034110601255955685,0.1820383074174039,0.42513526820488245,0.1512319106059719,0.2884275027025774,0.25328651662657126,0.0,0.1902002945969117,0.7028015703178363,0.21491468193401098,0.07498661947124388,0.16023304508333164,0.0,0.6155299673075418,0.26535318456683576,0.2896777034674131,0.21308396289202333,0.0,0.11152468643522005,0.45910908894877483,0.17216389090179463,0.1494244405875962,0.49948663774250424,0.26143438756121606,0.21415769909202403,0.051008208202503603,0.10805530422561906,0.14265777962560944,0.0,0.0,0.0,0.0,0.09227555263852007,0.1717126353349829,0.2897294433442463,0.0,0.0,0.0,0.0,0.13147493551624867,0.05752620164043372,0.30446777121753393,0.0,0.3104271958398818,0.21732960208905064,0.0,0.0,0.29710031610144827,0.0,0.1642476207599374,0.27739811597122077,0.5279425914481916,0.12292626612892504,0.5491946910049805,0.2751161085655139,0.014093094483236982,0.24311758217240187,0.10809300647861858,0.44223580813507735,0.16379811603078606,0.24928731073982305,0.24105551797027933,0.007206883920658103,0.22234209082511328,0.36825215311153564,0.06264698480018667,0.045881035278360995,0.4222937433107437,0.1435531251816327,0.1416395255835307,0.0,0.016273545521255064,0.0
0.08618218723349626,0.0,0.928348847271997,0.0,0.6188639696934216,0.0,0.0,0.19548637997364685,0.8857761469413425,0.1902002945969117,0.0,0.3432921615494816,0.11956914892906172,0.047051402863750404,0.6619423723164122,0.0,0.05051810582462325,0.0,0.8612538520019163,0.5295647358808119,0.0,0.439698812304837,0.13821702220660906,0.2878696694008756,0.04875245169719408,0.27464394274318105,0.5078750093541136,0.14459236662934496,0.0,0.11921482396656344,0.0,0.0,0.0,0.0,0.0,0.041432160264204404,0.0,0.0,0.0,0.0,0.0,0.0,0.0,0.0,0.2062225692066393,0.021319955598309626,0.0,0.8605836350893973,0.0,0.37902811909381784,0.21179411049741756,0.049235852413095714,0.21816018738125684,0.8353837034475673,0.0939629357993513,0.9079014702681137,0.562515274504899,0.2766104692515101,0.0,0.6689527463021788,0.0,0.13299088246203053,0.0,0.8718187012108948,0.6597411225891,0.0,0.5550037457305611,0.18963478676570678,0.2202885772037622,0.0,0.2276524341582032,0.5406001452865823,0.5682841043081611,0.08858878237772513,0.17927528393692047,0.11899226216500401
0.0,0.29699401874443404,0.4258495795298171,0.0,0.21558331067782616,0.44947564169882254,0.0,0.661379249339349,0.32762447795398647,0.7028015703178363,0.3432921615494816,0.0,0.339472950880168,0.12612574630473436,0.18880296140010588,0.0,0.48865172664811984,0.19548907360700918,0.3658766376471658,0.15615791304246487,0.0,0.0,0.6794343754176845,0.2642258822408891,0.0,0.6361218204803638,0.16505734986235424,0.24330969298910368,0.0,0.005828417827861099,0.0,0.0,0.0,0.0,0.0,0.22071812272367938,0.1089793522962073,0.2164260304522794,0.0,0.0,0.0,0.0,0.18256466112515507,0.07828098683870163,0.243924968626274,0.0,0.3358068154721936,0.27894559728920015,0.0038170845627618793,0.0,0.36977465586884367,0.0,0.3752173301534663,0.35494807941976275,0.4278364646115013,0.23712954449702797,0.7758104062784241,0.37314977718193165,0.0,0.1977266319634788,0.0,0.49770003022372583,0.03801952705625302,0.3575447945826939,0.21796338953467978,0.0,0.17832198776910546,0.3934341501790112,0.04264220447078999,0.0,0.42674707628683056,0.033673411799184684,0.16130416855329144,0.0,0.0,0.0
0.0,0.4397432519043176,0.13768397613666084,0.04090557262610707,0.3758644960346082,0.566311223021642,0.30481615103248594,0.3509624778921162,0.14531787717239428,0.21491468193401098,0.11956914892906172,0.339472950880168,0.0,0.18085029330097402,0.07511923917981818,0.10418266789306617,0.6472694904913228,0.5479815356125978,0.10901622542687832,0.06321713855919342,0.07512871146480916,0.0,0.3722404495876584,0.0,0.0,0.23027614543926192,0.10869677274921084,0.5974400300255465,0.2420605548147775,0.21013069272245707,0.0,0.1274464739297574,0.0,0.0,0.006930551359438903,0.1799703735508854,0.12584365736550912,0.0,0.07177935520873646,0.0,0.0,0.0,0.2570901728830823,0.0692060509325981,0.0,0.0,0.4648885924695338,0.15662863749483316,0.3010962398022105,0.33051702529075205,0.4747058989943512,0.40308895434516945,0.31571995234496864,0.10767359571416227,0.34760673926809754,0.12726982720064423,0.2865415940621686,0.7316706667641557,0.1280252925483076,0.09030049226950992,0.14084896503472116,0.7191796797670724,0.39625296054927833,0.027477939173594233,0.0,0.07347375400487251,0.0,0.300837891334238,0.0,0.0,0.1881631912896972,0.0,0.3236338036516792,0.0,0.02823612056162816,0.0
0.0,0.0,0.0,0.2640739206474675,0.32904965667769154,0.08869024576156527,0.3916256890039573,0.17415708268874464,0.0,0.07498661947124388,0.047051402863750404,0.12612574630473436,0.18085029330097402,0.0,0.06670059408681343,0.0,0.0,0.0,0.0,0.026829432440265352,0.11307258259874868,0.0,0.15606859046663998,0.0,0.0,0.0,0.05948663771429834,0.20508897473113594,0.026062607494175948,0.10610581025094579,0.1266237602255484,0.4330353280540505,0.0,0.0,0.3202097218450637,0.16621698778750835,0.20364103965572292,0.40145547514195784,0.2985952468581774,0.0,0.0,0.0,0.23937686473355338,0.0,0.2530495469330254,0.0,0.13297555627431357,0.0,0.22153850363606103,0.30025209113489193,0.0,0.20416516916913344,0.19186535354494474,0.0,0.12446617210770831,0.11918618990057508,0.06563665140148382,0.08852743945559033,0.495477019987505,0.056958249522635195,0.0,0.0,0.0,0.0,0.0,0.24157180457362834,0.0,0.13518137274999875,0.0,0.0,0.0,0.0,0.0,0.0,0.0,0.0
0.041919119041786024,0.0,0.7287402158475274,0.0,0.6091475454822711,0.17091597298798325,0.0,0.0,0.7509094173705677,0.16023304508333164,0.6619423723164122,0.18880296140010588,0.07511923917981818,0.06670059408681343,0.0,0.0,0.10174999076038364,0.02239141163952925,0.562225314709098,0.9057084806083274,0.0,0.8105365841211474,0.2516105105342249,0.0,0.19514236471878646,0.15153015696351504,0.8536483862276116,0.41346820063258094,0.294285930737768,0.4865635521127347,0.32062374883639017,0.0,0.0,0.0,0.0,0.059194576623188236,0.0,0.18376185815143925,0.0,0.0,0.0,0.0,0.0,0.0,0.32639596645784785,0.08206071006202237,0.08085312890440678,0.7438724351590654,0.0,0.4652815195405589,0.18585100903908802,0.1726984474706063,0.0,0.7118919958299159,0.25403653920230274,0.6342863670621893,0.2527033221745981,0.177784810329811,0.14796103651290485,0.9683913322480172,0.1466637926352296,0.21518349906879697,0.11606539362645131,0.5647096701899247,0.7265393293285847,0.16750292185896185,0.8290269683775298,0.502499274658535,0.0,0.06547672016281542,0.2009257840527897,0.7726311887664621,0.5916117286254499,0.15681068490701505,0.16967287357661348,0.25798611204675537
0.18461814041641947,0.15868940309747578,0.0,0.0,0.0,0.08916452154170576,0.011440593302345758,0.0,0.0,0.0,0.0,0.0,0.10418266789306617,0.0,0.0,0.0,0.2552484409271228,0.629367241838985,0.0,0.15214553693290564,0.1990650105866369,0.3584607827633126,0.0,0.0,0.28680622834284447,0.0,0.014409326130450721,0.11831862854728575,0.3562223994716917,0.18114098009231566,0.2829368096864935,0.0,0.09601865379313648,0.049892501217321895,0.0,0.08312378181665803,0.005861952876718422,0.0,0.0,0.0053920874024771664,0.09176490166817568,0.07627565133674506,0.034404991241140465,0.06896337028435955,0.0,0.24900394229947118,0.0852943402804251,0.0,0.025874540111000238,0.0,0.0015438716490456296,0.0,0.0,0.0,0.08539845863912131,0.0,0.0,0.0,0.0,0.0,0.6596312354669919,0.17632066461342566,0.7385785974996935,0.0,0.0,0.04936599294015634,0.05048943558960204,0.0,0.0,0.30031153938632593,0.0,0.0,0.07406524962581101,0.1646452447763277,0.4024396655415844,0.3704502516642253
0.0,0.4717281199156427,0.14933168573670508,0.058346749487913255,0.2513424234520743,0.5125476564597553,0.29120171187358074,0.2309296425885203,0.134872744068739,0.6155299673075418,0.05051810582462325,0.48865172664811984,0.6472694904913228,0.0,0.10174999076038364,0.2552484409271228,0.0,0.6449768603809642,0.11164597130065276,0.18002746983161524,0.02567510558796467,0.16794504878113903,0.34171134146517024,0.05592591917682279,0.15336608262294912,0.3981885650518607,0.2243399882614214,0.4638874286255211,0.3132105545784137,0.14096153247470808,0.20626133481275308,0.0,0.0,0.0,0.0,0.0694195586070573,0.13275847592081388,0.1010276155264433,0.0,0.0,0.0,0.0,0.20717540097937398,0.0720480086421913,0.07190292984823557,0.0,0.442436353744702,0.07543930211532511,0.10507543132314666,0.11478229225837071,0.3762454083807578,0.1691068714732424,0.08030829344506644,0.1241828386901973,0.46276051951223734,0.0020117607502924757,0.3486917549295523,0.5203432626346295,0.055394133534572794,0.1243264872630488,0.3207070851501796,0.7417947838202833,0.5027333204141067,0.02629373051252251,0.04430034299602341,0.008884472446132932,0.10839256380486764,0.2534199322906999,0.0,0.0792797980459943,0.3055549299240835,0.015261378669274742,0.21231445299928825,0.0,0.0,0.0
0.042532034484674665,0.6079448386187043,0.09641126660060423,0.0,0.09044972115639258,0.4960244427796665,0.17603429509091595,0.23407873966152573,0.04131071312397916,0.26535318456683576,0.0,0.19548907360700918,0.5479815356125978,0.0,0.02239141163952925,0.629367241838985,0.6449768603809642,0.0,0.07418259154116855,0.13371278430141753,0.1848650157577588,0.2606853864993461,0.3376279857890167,0.06979031127653657,0.32230042379514545,0.44062483411165293,0.1518153639870603,0.26892932122301194,0.23925225276837941,0.16341108400687543,0.0978388237677741,0.04070835240967362,0.07558625973960625,0.0,0.0,0.03849821197452829,0.01595772000095323,0.0,0.04460000852377037,0.0,0.0,0.0,0.14360668866455445,0.0,0.0,0.026653567243934185,0.5451583472459955,0.06908844772993249,0.10683627013073475,0.041593394445881206,0.32641031349412725,0.03926011663576017,0.22474426514849175,0.0051426029103468045,0.34193900142027356,0.0,0.23621989126528428,0.37704595915606903,0.0,0.08863663834419869,0.42214788236960826,0.5805565559248357,0.659678341037819,0.0,0.018118563708346386,0.06869846922434873,0.07820125355020226,0.2692773942167786,0.04689904637205077,0.22026294168503296,0.3405327077326882,0.010884525798855255,0.14654356798217824,0.0,0.2427997415050518,0.0031069434037289557
0.04000384920621452,0.04288065062961509,0.9215687574742862,0.0,0.31857142796312754,0.15175819208189237,0.0,0.136701039971339,0.7033974814648487,0.2896777034674131,0.8612538520019163,0.3658766376471658,0.10901622542687832,0.0,0.562225314709098,0.0,0.11164597130065276,0.07418259154116855,0.0,0.5064297851779074,0.0,0.4027849549113671,0.20428861797802836,0.24668715094605934,0.096293026465586,0.29902828047705987,0.4188363588729615,0.1492377066198844,0.0,0.11907131176735293,0.0,0.0,0.0,0.0,0.0,0.10323187319220989,0.0,0.0,0.0,0.0,0.0,0.0,0.0,0.06162362499968806,0.06332103685937537,0.0,0.048569440395643024,0.7640032795455759,0.0,0.15441565188207054,0.28687256718181553,0.0,0.07968627968918185,0.6642750241543955,0.039293972345743756,0.6729832743549119,0.46724875728197124,0.2120446783483866,0.0,0.6030804931716681,0.0,0.1593309966410337,0.030709835450035472,0.9794313095741222,0.6397895956315617,0.0,0.5172326373313075,0.24072731082868862,0.17525497942563534,0.0,0.18432904084379717,0.4422620070634528,0.4484884882072431,0.12824024613243828,0.2372024726386405,0.09618062463402116
0.0,0.0,0.6728065539732103,0.0,0.4591440493994431,0.2038474987725346,0.020287060861310036,0.0,0.673248558590205,0.21308396289202333,0.5295647358808119,0.15615791304246487,0.06321713855919342,0.026829432440265352,0.9057084806083274,0.15214553693290564,0.18002746983161524,0.13371278430141753,0.5064297851779074,0.0,0.0,0.8687239617606022,0.23068009028851333,0.0,0.21898395572586016,0.054684293063211216,0.8339948383745142,0.5224795225099496,0.4690394764813719,0.6232805818270933,0.4910019558037008,0.0,0.0,0.0,0.0,0.2518772957410408,0.006941733750399354,0.1777910325205938,0.0,0.0,0.0,0.0,0.023366110873972848,0.0,0.3239432107209825,0.01333594755948782,0.10212471051312551,0.6592047590749005,0.0,0.27909090185242474,0.10572888545476965,0.0,0.0,0.612324676987919,0.25111181340892585,0.4412629062352649,0.117604426443822,0.004176602044285463,0.18142535445478497,0.9116070995696929,0.3208547016499748,0.1500319295645605,0.2552024958294886,0.4990883135833874,0.7345197544506318,0.1246130007403463,0.8574678963448225,0.5350706876958916,0.0,0.12559567340612168,0.07855375445844501,0.7207278827237397,0.5543089997016769,0.07956359285956707,0.20074823139925269,0.23889890810904635
0.4877473040483202,0.17835154474460657,0.0,0.0,0.0,0.0,0.10295672942297768,0.20422778630234023,0.0,0.0,0.0,0.0,0.07512871146480916,0.11307258259874868,0.0,0.1990650105866369,0.02567510558796467,0.1848650157577588,0.0,0.0,0.0,0.052549961995832443,0.10606614391868298,0.18191464195870927,0.2940946628098661,0.09750011811616026,0.0,0.0,0.08506211837026771,0.15327120264221236,0.07643607149076535,0.2379090314788029,0.208179329481944,0.09180635356442245,0.0,0.0,0.00951902693466047,0.046163009645206664,0.382921346768007,0.13300342380623947,0.21964335191449647,0.34150552615009144,0.11366159417645082,0.0,0.06605641860166368,0.5371979567360115,0.17484249450560968,0.0,0.2854602805940863,0.17708537476129896,0.03014546742044485,0.19963644529479638,0.39961131955530527,0.0,0.3474516795142035,0.0,0.03837799909567433,0.12071104568683941,0.0,0.0,0.1506610822099159,0.19167432653302222,0.1485191490642007,0.0,0.0,0.7354756167250408,0.0,0.15494729415506253,0.23050787064033149,0.40939637733832723,0.32584842096090944,0.0,0.07254884503306058,0.07184673372060052,0.2570146634094329,0.3416864481810026
0.18306961373289854,0.0,0.5221477707258186,0.0,0.3515773174907823,0.011035994928943615,0.061269778830225316,0.0,0.5624369929416085,0.11152468643522005,0.439698812304837,0.0,0.0,0.0,0.8105365841211474,0.3584607827633126,0.16794504878113903,0.2606853864993461,0.4027849549113671,0.8687239617606022,0.052549961995832443,0.0,0.0384645861481674,0.0,0.43238213521550023,0.139006992046078,0.7354449189272156,0.3449495370590478,0.36691911376746056,0.4411745308716623,0.45257513436714986,0.0,0.0,0.0,0.0,0.04983718022451349,0.0,0.11516465586798695,0.0,0.0,0.0,0.0,0.0,0.0,0.2558458974920748,0.24138434983100518,0.10950581167643618,0.5908092124834323,0.0,0.36455655772121803,0.009906451692346194,0.0827047583342565,0.0,0.5048946094990813,0.2127939921486492,0.4337463667670583,0.05658437883965315,0.0,0.14328514649573473,0.7921185275749405,0.3968781108937224,0.13334874392096685,0.3059049409733154,0.40158407624403425,0.6242770164567502,0.18246739328922085,0.8480967003242802,0.3520179332481802,0.0,0.2894301409726837,0.17798744943197906,0.7247148609227757,0.5351819256131458,0.16690779414781418,0.2045538186319527,0.4303064064874949
0.0,0.3939970580362763,0.3533928477353002,0.11980328902386712,0.14304353711942822,0.7836255826623616,0.0,0.6946017594703714,0.2322386135379656,0.45910908894877483,0.13821702220660906,0.6794343754176845,0.3722404495876584,0.15606859046663998,0.2516105105342249,0.0,0.34171134146517024,0.3376279857890167,0.20428861797802836,0.23068009028851333,0.10606614391868298,0.0384645861481674,0.0,0.05804290444193351,0.0,0.5809359543951188,0.2826146407796042,0.3129940730780816,0.10383523315911562,0.185993924777558,0.08785184311936467,0.12909239402936407,0.0,0.0,0.03922349437350919,0.25025506437782186,0.09423528037181565,0.26139375418877914,0.0,0.0,0.0,0.0,0.0908270899264241,0.0,0.23051710884419577,0.0,0.5539714834520567,0.2775145140021878,0.218851319408654,0.0,0.5128625517977906,0.0,0.48767835902173245,0.22560872361068926,0.4517532123074808,0.12825584093711637,0.5048346130316285,0.38177512880298736,0.11930830012510792,0.25146163912935543,0.15447265455282058,0.523933559145513,0.19598067143684675,0.17891741913218365,0.07842491400318087,0.16636345757035584,0.1807036358833674,0.7712619916168201,0.0,0.0,0.45178751401139045,0.04412615254030599,0.062096497634699606,0.0,0.0,0.0
0.6289945727937812,0.3784271745715427,0.21389670148321882,0.0,0.0,0.0,0.0,0.38218207353413025,0.11896011390177025,0.17216389090179463,0.2878696694008756,0.2642258822408891,0.0,0.0,0.0,0.0,0.05592591917682279,0.06979031127653657,0.24668715094605934,0.0,0.18191464195870927,0.0,0.05804290444193351,0.0,0.2550211713541695,0.6534767657999103,0.0,0.0,0.0,0.0,0.0,0.0,0.6979315760807043,0.0,0.0,0.0,0.0,0.0,0.0,0.7215950937978035,0.43820561625051857,0.3772954977677352,0.10706095918520572,0.0,0.014910020950642418,0.5656658375597402,0.03986949676674633,0.24301598138892702,0.0,0.0,0.28139687215879877,0.029144219827039526,0.5363792933721705,0.13234831229071323,0.0006614752328007757,0.25708656504581706,0.6727907848662206,0.30930936360893646,0.0,0.0,0.0,0.1453844284485777,0.0,0.2536723263003922,0.22901770432884158,0.0,0.013363354335251177,0.0,0.9516200971358351,0.0,0.6258098885814726,0.06809833203672414,0.20779165828048132,0.2575072616516818,0.31300669306181084,0.24800606821803245
0.387867452704801,0.4424776108003352,0.06643635640211835,0.0,0.042828719796930044,0.13520978265874273,0.17482147527822917,0.0,0.15249052499258856,0.1494244405875962,0.04875245169719408,0.0,0.0,0.0,0.19514236471878646,0.28680622834284447,0.15336608262294912,0.32230042379514545,0.096293026465586,0.21898395572586016,0.2940946628098661,0.43238213521550023,0.0,0.2550211713541695,0.0,0.37930221554225557,0.31803375569018055,0.0,0.272443896354981,0.04173363485506083,0.13345564025295234,0.0,0.3932075252422561,0.0,0.0,0.0,0.0,0.005803259830467179,0.023429626873439052,0.3561787643690685,0.31803868934503465,0.2325950760270109,0.0,0.0,0.0,0.44176667174494794,0.2927084734763283,0.1398395008703156,0.0,0.1607057753473047,0.2137497859090045,0.0,0.030357714585287698,0.13839149989205904,0.15586328336377744,0.056320318454506114,0.045552522397425625,0.020210424804614945,0.059609959432171664,0.2604233316837984,0.3377073674033034,0.08913873200787394,0.2336124830984993,0.0685561253508626,0.32230222119896673,0.3184951795433078,0.3657064602321855,0.20846549166950282,0.33222957711786705,0.7553505487321414,0.5494253531401087,0.45650225648693543,0.12172745641421524,0.5269030614127262,0.21042434953643682,0.39474868268604185
0.3419710969651549,0.7994585760763314,0.3229055981408244,0.0,0.09321556287157179,0.44844985191757136,0.0,0.5572838465177832,0.26273857129662664,0.49948663774250424,0.27464394274318105,0.6361218204803638,0.23027614543926192,0.0,0.15153015696351504,0.0,0.3981885650518607,0.44062483411165293,0.29902828047705987,0.054684293063211216,0.09750011811616026,0.139006992046078,0.5809359543951188,0.6534767657999103,0.37930221554225557,0.0,0.14197393414039283,0.0,0.0,0.0,0.0,0.0,0.3004302319014968,0.0,0.0,0.0,0.0200217592708925,0.04229828830545179,0.0,0.27744652114946794,0.0,0.0,0.14782828323586386,0.0,0.1335525954118141,0.21196434189530675,0.5701354602892303,0.27776426067800564,0.0,0.0,0.49550240287377945,0.0,0.5181058247900072,0.2916638333902458,0.3151143098799755,0.20591308286999735,0.755359105246539,0.3958118467440784,0.0,0.18281773134054402,0.0,0.4777939602035482,0.08694112120049986,0.2730000819484143,0.29866551099418404,0.0038312091667697737,0.27316973191405997,0.36384453867222205,0.49914214310218596,0.016314375446334177,0.8564413966937917,0.1765148767375874,0.15700750499341712,0.0,0.09803376545866085,0.0
0.0,0.0,0.6059260913595276,0.0,0.5962248546911159,0.34361294119473984,0.13417403189905033,0.0,0.7507794502707881,0.26143438756121606,0.5078750093541136,0.16505734986235424,0.10869677274921084,0.05948663771429834,0.8536483862276116,0.014409326130450721,0.2243399882614214,0.1518153639870603,0.4188363588729615,0.8339948383745142,0.0,0.7354449189272156,0.2826146407796042,0.0,0.31803375569018055,0.14197393414039283,0.0,0.3545375728993594,0.5281419394755513,0.43027021518906466,0.33432978673223257,0.0,0.0,0.0,0.0,0.0516323367199672,0.0,0.16144670687238294,0.0,0.0,0.0,0.0,0.0,0.0,0.2661132014359615,0.009560044926749525,0.2501277316042327,0.5618003764795989,0.0,0.3934254706610862,0.27641214795168156,0.0661919600959296,0.0,0.7219790316878981,0.3446038145859232,0.4208578736105517,0.19178818962592725,0.11769585900229176,0.15526520966265747,0.8572920933019911,0.31310787979666976,0.26457506999429037,0.24252632140471866,0.3851658581229019,0.6848469365807089,0.17554045481007816,0.8200359167787296,0.5791147253801163,0.0,0.28847130903695695,0.25113831543480175,0.8764896570949243,0.4524885405449883,0.294472540195118,0.05128430185045223,0.15042465292286936
0.0,0.0,0.2641225946244693,0.366215254571986,0.44495135787808626,0.3909196602518759,0.38511697061296174,0.12029244745679521,0.23488167608647154,0.21415769909202403,0.14459236662934496,0.24330969298910368,0.5974400300255465,0.20508897473113594,0.41346820063258094,0.11831862854728575,0.4638874286255211,0.26892932122301194,0.1492377066198844,0.5224795225099496,0.0,0.3449495370590478,0.3129940730780816,0.0,0.0,0.0,0.3545375728993594,0.0,0.45413545955441925,0.7270970671966008,0.5145779448383929,0.2185576914618046,0.0,0.0,0.26351352802635447,0.5391536070294364,0.27620113077551045,0.27978997725697036,0.0,0.0,0.0,0.0,0.35557056460916,0.13009941856427887,0.2433138627493557,0.0,0.1634845482445714,0.35963225813825056,0.3132563589558003,0.35225256919018616,0.028530331717570762,0.30981435031229626,0.0,0.20054424961616202,0.3473956868487329,0.20811393591094612,0.015580023584503097,0.2762750111772022,0.24040064349478507,0.44596597763217377,0.3448616819787959,0.3762180623472378,0.4110441322476398,0.11034279368231736,0.01750002464837204,0.12024288044692684,0.2624137356957573,0.45225533150680974,0.0,0.0,0.0,0.06604801499648742,0.4792410828030322,0.0,0.04745158125121063,0.0
0.0,0.0,0.0,0.39253151905032996,0.11262939368629021,0.49796741046181425,0.5631066992163152,0.0,0.014411843412230544,0.051008208202503603,0.0,0.0,0.2420605548147775,0.026062607494175948,0.294285930737768,0.3562223994716917,0.3132105545784137,0.23925225276837941,0.0,0.4690394764813719,0.08506211837026771,0.36691911376746056,0.10383523315911562,0.0,0.272443896354981,0.0,0.5281419394755513,0.45413545955441925,0.0,0.5202078919844005,0.6171542187694121,0.35453225223534685,0.0,0.06511561654435642,0.3752338145072753,0.2615746990326685,0.23576243352833362,0.11987591402093643,0.15644471731462473,0.0,0.0,0.0,0.0,0.0,0.0,0.0,0.2704478139572404,0.0,0.17769311289454762,0.1641227707201222,0.19077112832646018,0.1335270011194937,0.0,0.0,0.2735589602784637,0.0,0.0,0.0,0.30642130106049853,0.28304822141427943,0.7186133649424508,0.2702044388210279,0.5875774117711399,0.0,0.052258096030594905,0.37630787614861727,0.3017023402421245,0.3932948958207327,0.0,0.555892404588537,0.0,0.2866100431580174,0.04531794001073665,0.27950285251552204,0.0,0.11556981653427985
0.0,0.0,0.2658160427226996,0.22395939321926173,0.2630964394924132,0.2565301839099173,0.25352299712587567,0.0,0.2537325387701569,0.10805530422561906,0.11921482396656344,0.005828417827861099,0.21013069272245707,0.10610581025094579,0.4865635521127347,0.18114098009231566,0.14096153247470808,0.16341108400687543,0.11907131176735293,0.6232805818270933,0.15327120264221236,0.4411745308716623,0.185993924777558,0.0,0.04173363485506083,0.0,0.43027021518906466,0.7270970671966008,0.5202078919844005,0.0,0.5883779425232699,0.11466890211474172,0.0,0.0,0.1412459611114082,0.4342202265138763,0.12002248544934813,0.14677318843478945,0.0,0.0,0.0,0.0,0.18983886954765908,0.0,0.3174465362825946,0.06939715491369669,0.0781415304279135,0.40916795385234933,0.22119225559106204,0.26785974240861404,0.05585781097799551,0.19595479923890333,0.0,0.21047293341638532,0.42317692712530564,0.11258895352557553,0.0,0.10566744563181131,0.10771343618390494,0.5843312284434176,0.4660113370888773,0.24157327478564566,0.4436684430423329,0.09482256152713929,0.245914318243324,0.37986540174285066,0.4315210826738255,0.5189747692971987,0.0,0.24725332833718786,0.0,0.30064808460498305,0.5782240320240855,0.006749157200895243,0.43981460038840475,0.3489935430489234
0.0,0.0,0.0,0.4833352196735846,0.08859633284395131,0.19395180518490024,0.4190659572232261,0.0,0.014478515929101436,0.14265777962560944,0.0,0.0,0.0,0.1266237602255484,0.32062374883639017,0.2829368096864935,0.20626133481275308,0.0978388237677741,0.0,0.4910019558037008,0.07643607149076535,0.45257513436714986,0.08785184311936467,0.0,0.13345564025295234,0.0,0.33432978673223257,0.5145779448383929,0.6171542187694121,0.5883779425232699,0.0,0.44026170703304385,0.0,0.23272118732463742,0.4832198240524765,0.3465749394202409,0.284724491462733,0.346122024379053,0.09340358353471785,0.0,0.0,0.0,0.17771385193471037,0.05142489138844369,0.12415849168969238,0.0597373451216827,0.07116416686183435,0.04654953969828712,0.21927588774630238,0.10634477498029393,0.0,0.07245623800391586,0.0,0.0,0.26856209683152293,0.0,0.0,0.0,0.3861714289017735,0.28370681000861253,0.559615224596057,0.06761232948777196,0.39471583058615906,0.0,0.0,0.31385649460786325,0.24710748100574847,0.30942209560533446,0.0,0.36316328083941235,0.0,0.1440075624052919,0.1561398016345496,0.0,0.00542669105892991,0.2180243252742285
0.0,0.01798815521519434,0.0,0.727294783864478,0.0,0.16245068428386789,0.6148779624472076,0.050589731745093895,0.0,0.0,0.0,0.0,0.1274464739297574,0.4330353280540505,0.0,0.0,0.0,0.04070835240967362,0.0,0.0,0.2379090314788029,0.0,0.12909239402936407,0.0,0.0,0.0,0.0,0.2185576914618046,0.35453225223534685,0.11466890211474172,0.44026170703304385,0.0,0.0,0.3509291869198041,0.7018783203974613,0.26104113581377575,0.29969350212190793,0.37727911306547635,0.8384137682341681,0.0,0.0,0.0,0.16449830147608593,0.0,0.0,0.0,0.3350102903020283,0.0,0.5802041975588629,0.0179189868455113,0.0,0.06290924158830068,0.023756323971265734,0.0,0.17431482969216702,0.0,0.0,0.0,0.38468247768359437,0.0,0.199970596632589,0.0,0.06071205764816372,0.0,0.0,0.45417412252550793,0.0,0.11550331095841002,0.0,0.2704211449378959,0.0,0.0,0.0,0.0,0.0,0.0
0.48952103013036724,0.3273319283503755,0.0,0.0,0.0,0.0,0.0,0.08535579499233088,0.0,0.0,0.0,0.0,0.0,0.0,0.0,0.09601865379313648,0.0,0.07558625973960625,0.0,0.0,0.208179329481944,0.0,0.0,0.6979315760807043,0.3932075252422561,0.3004302319014968,0.0,0.0,0.0,0.0,0.0,0.0,0.0,0.18848153824024982,0.0,0.0,0.0,0.0,0.14062442305737033,0.965536922157344,0.617564514434541,0.5929409435506854,0.023283536614809752,0.0,0.0,0.5102795167867913,0.0,0.0,0.0,0.0,0.09564941520484707,0.0,0.3287351708434472,0.0,0.0,0.0,0.23943327834692715,0.05348404678495561,0.0,0.0,0.0,0.0,0.0,0.0,0.026558617267454458,0.0,0.0,0.0,0.7335027313336854,0.12262566427010484,0.3714630300249749,0.0,0.0,0.3602640741633901,0.266056565012272,0.28661247373166476
0.0373286759483021,0.0,0.0,0.2787225711021671,0.0,0.0,0.16148513299043354,0.0,0.0,0.0,0.0,0.0,0.0,0.0,0.0,0.049892501217321895,0.0,0.0,0.0,0.0,0.09180635356442245,0.0,0.0,0.0,0.0,0.0,0.0,0.0,0.06511561654435642,0.0,0.23272118732463742,0.3509291869198041,0.18848153824024982,0.0,0.4537204631241005,0.03376729667763527,0.154883132719617,0.1578280691371109,0.4117203303715391,0.15113568951107656,0.44352557430815664,0.32647270850130616,0.11751611426828376,0.19998926510840614,0.0,0.13406066952281512,0.0,0.0,0.22920523015043678,0.0,0.0,0.0,0.0,0.0,0.0,0.0,0.0,0.0,0.09500946412321123,0.0,0.12148066856969629,0.0,0.001952288207205848,0.0,0.0,0.059615621530103594,0.0,0.0,0.0,0.1907750249620492,0.0,0.0,0.0,0.00556738761435997,0.0,0.07674258939685838
0.0,0.0,0.0,0.6386797282451117,0.0,0.11995364381327868,0.4138093610462518,0.0,0.0,0.0,0.0,0.0,0.006930551359438903,0.3202097218450637,0.0,0.0,0.0,0.0,0.0,0.0,0.0,0.0,0.03922349437350919,0.0,0.0,0.0,0.0,0.26351352802635447,0.3752338145072753,0.1412459611114082,0.4832198240524765,0.7018783203974613,0.0,0.4537204631241005,0.0,0.29333390891085037,0.3386141890351054,0.3642053330295277,0.39002841998929083,0.0,0.0,0.0,0.05476884737021985,0.16371390106854067,0.0,0.0,0.05186070459725837,0.0,0.40366239153365985,0.0,0.0,0.0,0.0,0.0,0.0,0.0,0.0,0.0,0.40224521102701993,0.0,0.1787551773321569,0.0,0.07042758901757568,0.0,0.0,0.10433003851315907,0.0,0.07925528308500165,0.0,0.0342665856522708,0.0,0.0,0.0,0.0,0.0,0.0
0.0,0.0,0.10161779389023833,0.489311841514457,0.0,0.275653032767158,0.21258054761700543,0.2614189525442594,0.026233333466266436,0.09227555263852007,0.041432160264204404,0.22071812272367938,0.1799703735508854,0.16621698778750835,0.059194576623188236,0.08312378181665803,0.0694195586070573,0.03849821197452829,0.10323187319220989,0.2518772957410408,0.0,0.04983718022451349,0.25025506437782186,0.0,0.0,0.0,0.0516323367199672,0.5391536070294364,0.2615746990326685,0.4342202265138763,0.3465749394202409,0.26104113581377575,0.0,0.03376729667763527,0.29333390891085037,0.0,0.4999662162127315,0.2066620743200188,0.017862705475485685,0.0,0.0,0.0,0.5139830184912523,0.5060849993751264,0.01112844628870628,0.0,0.040747887198257095,0.06760519693331796,0.232293674909403,0.0,0.0,0.0,0.0,0.005588396785194928,0.13510597159745713,0.0,0.0,0.0,0.09198264283216354,0.13872470705946194,0.08753224359742666,0.0,0.17811983070623477,0.039743858193077956,0.0,0.10511908962893422,0.08521408474920951,0.25575277310990474,0.0,0.0,0.0,0.0,0.10929928244257914,0.0,0.11220756408388718,0.0
0.0,0.01619855831861117,0.0,0.5094407664304651,0.0,0.24083454199681903,0.3170240084829231,0.05165625046260695,0.0,0.1717126353349829,0.0,0.1089793522962073,0.12584365736550912,0.20364103965572292,0.0,0.005861952876718422,0.13275847592081388,0.01595772000095323,0.0,0.006941733750399354,0.00951902693466047,0.0,0.09423528037181565,0.0,0.0,0.0200217592708925,0.0,0.27620113077551045,0.23576243352833362,0.12002248544934813,0.284724491462733,0.29969350212190793,0.0,0.154883132719617,0.3386141890351054,0.4999662162127315,0.0,0.15092676371727112,0.22133459001700787,0.0,0.0,0.0,0.40191409933208744,0.4051562967784548,0.05814035519792552,0.0,0.16429105460912277,0.0,0.2671137780743339,0.0,0.03696406206369035,0.0,0.0,0.0,0.20844023673976622,0.0,0.0,0.0,0.18110775629520712,0.0,0.10265354652116244,0.09150548550894581,0.13992930871154466,0.0,0.0,0.11021175792495486,0.022141816227783072,0.10438677498998296,0.0,0.048629245567966724,0.0,0.0,0.0,0.0,0.0,0.0
0.0,0.0,0.0,0.2741219185377591,0.19156269493075212,0.16916922782791483,0.31236161480790575,0.10729741964745672,0.07922132936910749,0.2897294433442463,0.0,0.2164260304522794,0.0,0.40145547514195784,0.18376185815143925,0.0,0.1010276155264433,0.0,0.0,0.1777910325205938,0.046163009645206664,0.11516465586798695,0.26139375418877914,0.0,0.005803259830467179,0.04229828830545179,0.16144670687238294,0.27978997725697036,0.11987591402093643,0.14677318843478945,0.346122024379053,0.37727911306547635,0.0,0.1578280691371109,0.3642053330295277,0.2066620743200188,0.15092676371727112,0.0,0.18054966216961013,0.0,0.0,0.0,0.2297763552514909,0.005147713445682722,0.28899329589316664,0.0,0.08473164709007117,0.07830474695676308,0.1572921889085769,0.1618103926201477,0.0,0.08527894616577175,0.05579530438385106,0.0950246317288292,0.09019442748328577,0.09725875015882629,0.02832647643238646,0.0,0.38027480318417234,0.1606936916384583,0.002048473145086018,0.0,0.0,0.0,0.0,0.15011103246842006,0.06196657262380638,0.31267877945280215,0.0,0.0,0.0,0.039534347590873035,0.0,0.0,0.0,0.0
