0.0,0.7367413471907135,0.532964115422439,0.19741328174522554,0.02970371922503135,0.535146921371622,0.06205920128495428,0.5632604041747352,0.6164272037178242,0.24636372228125733,0.27874532668876756,0.24458773496162667,0.1306589826246395,0.3744371982990692,0.797811483533313,0.793532880946619,0.46371327887166397,0.4959267630332708,0.34324986803035806,0.8189281148252592,0.5110011565517033,0.8741258146650374,0.6660629506733626,0.5110142896802631,0.7272041239976104,0.6630484722267214,0.7545746018181398,0.611252732158951,0.7599661460973547,0.5500612628647374,0.8344531694641029,0.0,0.5060181947139,0.6434916732581498,0.16089150670409866,0.0,0.450548240600616,0.44538846897736145,0.0,0.7809272032837274,0.12555829104728256,0.0,0.0,0.39587260680929126,0.5576737395343792,0.9595498717002039,0.6527232789624874,0.5930435337937398,0.0,0.0,0.5719935664381556,0.10983186654755743,0.5103591302317985,0.7060333751114334,0.29664760792291267,0.28880292380570943,0.0,0.5839456194077133,0.0493997900507105,0.7888550437415957,0.8240083295238252,0.5112500920671338,0.7440238333179767,0.3695539438307101,0.7985029342046245,0.7396445428104388,0.8313846827874977,0.7158623278578454,0.5196310820338074,0.6511384396405582,0.7071637610067658,0.7463209041175191,0.6957160321084792,0.7118028139795177,0.0,0.5301235238948886
0.7367413471907135,0.0,0.6374708638575505,0.0806793305683983,0.0,0.8106147271544192,0.0,0.6975766086072692,0.6038211589962957,0.22743626785492918,0.29064515904015,0.4126887958846702,0.4012266027884854,0.3452365894626822,0.7506353410654643,0.8221425122805909,0.634868516473625,0.7448119091433132,0.36593892633267366,0.8558013621967548,0.4953502316717983,0.9119146681284316,0.7998079686265985,0.5575086445501706,0.9202733131823484,0.9320220218671565,0.7830480411471076,0.6171187430320396,0.7609597183747786,0.4332062210360305,0.6873084479223056,0.0,0.5742123166178774,0.5390275556451002,0.009490754232906708,0.0,0.36213477998844074,0.49607448770750723,0.0,0.6784532843657253,0.0,0.0,0.0,0.44194621322610994,0.47690317088729917,0.7362882740149397,0.8953511033312392,0.6739538019825388,0.0,0.0,0.8665836350710738,0.04950526410984308,0.6761965097625428,0.7500569048618747,0.33514182354178157,0.3204890559626822,0.0,0.86368704507531,0.08979925034483853,0.8322961147687714,0.827569311509097,0.6959528733025319,0.7847449569472738,0.5265545506234564,0.9202970958624674,0.6854510511750878,0.890063808852061,0.8302928222360334,0.5487497488162613,0.8085624082877826,0.9286243738090066,0.8651704845028265,0.6575878413414423,0.7658922496785542,0.0,0.27005846286327145
0.532964115422439,0.6374708638575505,0.0,0.0,0.0,0.8759935841570883,0.0,0.7612939149161206,0.8356950557339465,0.0010903423976982372,0.7831375450273923,0.1618554743720547,0.5747131735478775,0.17247147837775206,0.8048235671462818,0.5450487386378362,0.6389633681227964,0.6045487528931076,0.7600451304459931,0.7937603603645123,0.7108602404309609,0.7162294178291929,0.7629456015086197,0.5655691157297027,0.7895443842098181,0.7104198302408978,0.8871156109772388,0.7260908341267946,0.7472069921871032,0.30950525515416955,0.5049062353711166,0.0,0.486114830851658,0.24378052498537423,0.0,0.0,0.19993466603856902,0.39374723355189917,0.0,0.6333398817115068,0.0,0.0,0.056784560196614306,0.5681826509101777,0.29268394255832764,0.6336524648575154,0.5750386181625758,0.8608071079331482,0.0,0.0,0.8568168820455498,0.3190228099235515,0.6913397711853314,0.858454538661209,0.3140164257302863,0.5170261773880566,0.0,0.7142011666107064,0.4134421314990716,0.8146021898752094,0.5850440541274115,0.5488927234654554,0.5979462616712565,0.8441431982147423,0.8205978835746012,0.7157344753758215,0.7848730087697513,0.7615932656260287,0.5234980374895489,0.7099969886265762,0.7606852585003196,0.8594130495503062,0.7095584363955185,0.7546699105528648,0.0,0.370037572509495
0.19741328174522554,0.0806793305683983,0.0,0.0,0.12822626755849714,0.0,0.22113383172092835,0.03313657626537045,0.0,0.08751114717578519,0.0,0.31441523338676014,0.0,0.3296249488438626,0.0,0.15221890081500694,0.0,0.0,0.0,0.029589323771757013,0.0,0.08179758108702452,0.08815970272756275,0.08204166840843663,0.0,0.013836182821563256,0.0,0.008013199925454306,0.0,0.38127104544872287,0.19506953125940038,0.4056461802711003,0.150155074567239,0.4105471633640844,0.5056400297184296,0.4735774395008567,0.33518196969901376,0.010569688468887093,0.0,0.18786925087249576,0.281117590553149,0.0,0.0,0.0,0.15308182461518588,0.06940186520311552,0.052576723347764656,0.0,0.05623744592222685,0.0,0.0,0.0,0.0,0.0,0.04059073483744258,0.0,0.22470165639981882,0.0,0.017245704239101756,0.0,0.1417739978602193,0.0,0.10220115173160865,0.0,0.0,0.0,0.0,0.0035046616728778156,0.17890739232192002,0.0,0.0,0.0,0.0,0.0,0.0,0.0
0.02970371922503135,0.0,0.0,0.12822626755849714,0.0,0.0,0.797443235372232,0.0,0.2692863075075243,0.30747381879071983,0.2159302067922753,0.0,0.1655668017308296,0.27426010033088594,0.0,0.0,0.054977140305010885,0.0,0.17202548900768005,0.0,0.0,0.0,0.0,0.0,0.0,0.0,0.0,0.03723576605140178,0.056807308260190786,0.0,0.0,0.2019813361324914,0.0,0.0,0.0,0.15003282531384562,0.3240755836904497,0.0,0.18481749831834787,0.06240335293386939,0.0,0.061824007493853396,0.0,0.0,0.008787753121888522,0.02215992442926043,0.02903014450585342,0.09994204640059753,0.20829914883417128,0.5940007402395036,0.0,0.4779883007676521,0.0,0.061110273190641655,0.0,0.3621086988028452,0.0,0.0,0.0,0.0,0.014491290077348099,0.0,0.058145129761223456,0.03590731076546637,0.0,0.0,0.0,0.0,0.0,0.0,0.0,0.0,0.0,0.0,0.1959002106775298,0.09383321408001247
0.535146921371622,0.8106147271544192,0.8759935841570883,0.0,0.0,0.0,0.0,0.8304495272181647,0.8194243739922373,0.17004440396840692,0.694459779915645,0.26606597024536005,0.6529764099537373,0.2852385507614338,0.7680948323707769,0.6469510659786976,0.6533060771281607,0.7415865271601909,0.669634712263283,0.8112702891669147,0.6988933107621558,0.7516022907090754,0.842513444487456,0.5728178688894408,0.8593632441303833,0.8376695738058475,0.9150867257051647,0.6875170641859598,0.8377856290765187,0.31716794543263577,0.5486852101892881,0.0,0.46786666004219163,0.32996732662058526,0.0,0.0,0.25122591896282725,0.4105842035122816,0.0,0.6333232336457918,0.0,0.0,0.0,0.5312415096396008,0.31713771830338394,0.6471974135026872,0.7565121971894246,0.8523685721652267,0.0,0.0,0.9601000516501371,0.27019718274338567,0.7840110019051734,0.8607630177131632,0.36109560996619944,0.5398585634848939,0.0,0.8227407739428013,0.294928873778535,0.7903735689441166,0.7193671720756696,0.670668576843981,0.7131994102012073,0.7942990742775191,0.8400417196083202,0.7407024952042952,0.8037847420780607,0.8429367990599604,0.5068339115505864,0.8369559832279615,0.875760334532328,0.8660503712478547,0.6491920341720654,0.7782086421638936,0.0,0.2755902749763326
0.06205920128495428,0.0,0.0,0.22113383172092835,0.797443235372232,0.0,0.0,0.0,0.24577776002208007,0.4077777991979617,0.11553680454065121,0.0,0.223067557370623,0.1360116035361604,0.0,0.07136564453587076,0.12921861374455837,0.05690641631029427,0.07561831788505641,0.0,0.0,0.0,0.0,0.0,0.0,0.0,0.0,0.06806067683308242,0.055673368680862007,0.0,0.0,0.2867122524281692,0.0,0.0,0.0,0.1733336287266532,0.4442697473012499,0.0,0.09692662816833486,0.023884554920841437,0.0,0.11991373098259393,0.0,0.0,0.030418079307316086,0.015393351555369755,0.0,0.02416485917616462,0.227242992129992,0.5419850312345327,0.0,0.43555207095655846,0.0,0.0571426502041049,0.0,0.3478053764021942,0.0,0.0,0.0,0.0,0.024775415842816617,0.0,0.0,0.0,0.0,0.0,0.0,0.0,0.0,0.0,0.0,0.0,0.0,0.0,0.13852361443425132,0.09883384606262165
0.5632604041747352,0.6975766086072692,0.7612939149161206,0.03313657626537045,0.0,0.8304495272181647,0.0,0.0,0.6000253592319739,0.035803548962969944,0.4642830728987187,0.5570617227519503,0.4884786270201002,0.42014030315554424,0.7186698165431565,0.5166708882205281,0.27791599527891153,0.5268133953008302,0.5004272394925251,0.7404363532122016,0.533732890091277,0.6420133000902982,0.9179751060005611,0.7933214686155711,0.6629469323950244,0.7708010716492483,0.728308173137197,0.5921706003444147,0.6262222612759425,0.5433118823238381,0.5231553551928002,0.0,0.45379587477445504,0.4824653090790447,0.07426769327820266,0.0,0.2591523007408159,0.3499267061487898,0.0,0.5427590674084164,0.06631118353868526,0.0,0.0,0.4695803699648505,0.4648472787978274,0.5711286534774394,0.6062587059394935,0.6504253961306128,0.0,0.0,0.7573391685201544,0.0,0.8878515387652984,0.675245859992502,0.458935032716353,0.3627827333428618,0.13392880395743315,0.6915661979427471,0.2670373774577524,0.7279123208840038,0.6116238369451965,0.5768300594689127,0.5927597297370252,0.512049247189305,0.6864582829299849,0.530768192565512,0.6641518449413393,0.792867812905994,0.7822248750205354,0.6515509574322218,0.8085138449094268,0.7022335435051221,0.6393989976179147,0.5425030576954503,0.0,0.2195031106100441
0.6164272037178242,0.6038211589962957,0.8356950557339465,0.0,0.2692863075075243,0.8194243739922373,0.24577776002208007,0.6000253592319739,0.0,0.177645992610887,0.7805265212510193,0.1608694475576846,0.6041493109506562,0.25793032008417954,0.730239023457683,0.631824147004107,0.6097104177876559,0.6090113525610344,0.7009064444323302,0.8191501578967488,0.5882258430912672,0.7774655355196252,0.7113244002824192,0.40789269328155003,0.6863941866292299,0.6011053770272773,0.9013874850514194,0.7612745826770462,0.8380806060372625,0.3181616897793131,0.6202898490994191,0.0,0.48012856689071887,0.35468286843138885,0.0,0.0,0.4500485712540654,0.3808226487450351,0.0,0.6999901489297342,0.0,0.0,0.0,0.4654874943248781,0.35741161332780347,0.6980789065126156,0.6281463495978599,0.900717545924501,0.0,0.0,0.7653837677501083,0.4519797101629711,0.6102277142120064,0.9772130755629732,0.15708837963787634,0.671803254906398,0.0,0.7239035512801212,0.30191611112680883,0.7909938166982914,0.7267746559702009,0.49908098958898867,0.7060437077559542,0.7634283324890949,0.791142570336893,0.7356140318591337,0.8230687649042012,0.7763253824428887,0.3915010200711221,0.6757854619431969,0.6820110293735862,0.8604080380098525,0.6831155583871135,0.7498815284881766,0.0,0.4100513667905619
0.24636372228125733,0.22743626785492918,0.0010903423976982372,0.08751114717578519,0.30747381879071983,0.17004440396840692,0.4077777991979617,0.035803548962969944,0.177645992610887,0.0,0.10915294149513723,0.2619325785016472,0.23516186511680903,0.10922512872556146,0.13503130204055255,0.2174506699160698,0.5168759329347706,0.2842967295047178,0.22006993586662768,0.15974026919032827,0.17821235857813972,0.1845022504698003,0.14154648420300828,0.19657723646772585,0.245458793033527,0.36004050428398526,0.12784889675758923,0.24747619466632634,0.1857532106720287,0.0,0.062393743448717676,0.0,0.08997193636849056,0.0,0.0,0.0,0.40466036852610443,0.11306932370418095,0.041062339497797036,0.21214991572693087,0.0,0.0,0.0,0.0,0.15731202689598725,0.23721731575113678,0.40842599949632546,0.3669564449554755,0.0,0.13418769884156467,0.15617600834555947,0.29706978248463256,0.15263877241124105,0.1415761453080334,0.27284432229255995,0.38722492647798645,0.0,0.2871488227266635,0.0,0.058979665908577006,0.29939447072656117,0.4921273082227728,0.3398335336679127,0.23267252755292173,0.206121350187388,0.2037301743073336,0.2620698722363998,0.19459278917463485,0.0,0.3926520770964096,0.28671729448587807,0.10097508356590021,0.1903234015205087,0.1774416928454895,0.09639064086715896,0.24887610435869512
0.27874532668876756,0.29064515904015,0.7831375450273923,0.0,0.2159302067922753,0.694459779915645,0.11553680454065121,0.4642830728987187,0.7805265212510193,0.10915294149513723,0.0,0.043868962821091685,0.6504164554143165,0.037874236746699486,0.5274763126179537,0.309553135113179,0.5266831720066205,0.459511001066354,0.8391351050358059,0.5009290621682476,0.5631454909168169,0.42201572609157534,0.48074752275464816,0.37331664849766044,0.47253570069890133,0.40601859334179863,0.6302467809935507,0.6311440189251417,0.5668046741498944,0.0,0.20971955982106072,0.0,0.2791878185180274,0.0,0.0,0.0,0.228071537393688,0.2400571966778006,0.004750037559580364,0.4236269930175868,0.0,0.0,0.018835580417952233,0.438873198295545,0.11699852728941593,0.42248594128426553,0.31731133578649534,0.7342093915856148,0.0,0.18189660333353525,0.5407922760183749,0.4252319891530507,0.45241720727305257,0.6217482129624939,0.11169862258329502,0.768401063891599,0.0,0.466364785008236,0.2883196230724455,0.4914094651422422,0.3655899639596365,0.35701073028834407,0.3784523136815679,0.8240546439531471,0.5052569931168143,0.5236713054388256,0.5229233723137164,0.4654486180531136,0.2213364962165769,0.46712068552350355,0.4443794355143296,0.5449600925117302,0.5445701094153683,0.5190351024114186,0.14655623248169497,0.3844374400683419
0.24458773496162667,0.4126887958846702,0.1618554743720547,0.31441523338676014,0.0,0.26606597024536005,0.0,0.5570617227519503,0.1608694475576846,0.2619325785016472,0.043868962821091685,0.0,0.34721507402899177,0.47115032546513996,0.2666989419406952,0.26268950180216494,0.0,0.17693367224786508,0.080762362923664,0.3044345782044015,0.0,0.27835047071598223,0.5637270260620939,0.6976390676926199,0.21943279320814085,0.495148327917915,0.22934570784646993,0.39170924492631104,0.19716159748884451,0.5547452366676342,0.25081076859436,0.075554116661756,0.17488115623304237,0.4436436269168715,0.25680636397160367,0.11982148207627362,0.2479222148290267,0.2315080390587552,0.0,0.2077199002518263,0.24438725996759111,0.0,0.0,0.0,0.5242523535825726,0.18166314472776757,0.33492442425280455,0.1794189022818704,0.0,0.0,0.24350968144438684,0.0,0.5068763781231062,0.19907553538577707,0.6408644081764434,0.05315675113604513,0.7973895217997038,0.30554610083197703,0.0,0.2732549906581106,0.319817410176934,0.5745329731363579,0.3497725716709705,0.0,0.21425836391010958,0.0,0.2427976129460633,0.4114363083656907,0.7545827557608769,0.2196462275795812,0.44076599507570474,0.20506320403503603,0.32572145594317026,0.020528615538678303,0.0,0.0
0.1306589826246395,0.4012266027884854,0.5747131735478775,0.0,0.1655668017308296,0.6529764099537373,0.223067557370623,0.4884786270201002,0.6041493109506562,0.23516186511680903,0.6504164554143165,0.34721507402899177,0.0,0.1156451560914671,0.37740438298427487,0.308287412859678,0.5130914491015537,0.5287356525744834,0.6485530416923161,0.3725033971932775,0.37765482247295956,0.3650044520050197,0.4679648993604501,0.38905317821288055,0.4243713394793489,0.541568299201867,0.4448017538238963,0.678486827003131,0.4638501855248952,0.0,0.2047613126835562,0.0,0.264894023663921,0.0,0.0,0.0,0.22240261290139562,0.15644027162731555,0.0,0.26766989117902606,0.0,0.0,0.0,0.26648676970989527,0.15719207019093312,0.2569393770706369,0.3996389032405229,0.5758269174738951,0.0,0.23758629022363853,0.5241176939691257,0.421531197963459,0.47610317557607057,0.5068995977935801,0.22897280750165894,0.6018507919141093,0.0,0.6051271336056827,0.17525389462039817,0.3877111631513694,0.2963266705754393,0.4149507468018667,0.2795538240451731,0.6449584841186178,0.3949022434308447,0.36320868309414905,0.41749801537410725,0.3946762083474612,0.2220003751278445,0.3317812971664873,0.45341258146621655,0.3908461146690495,0.464220338397856,0.36745086287309425,0.06771744447646004,0.23172638695564707
0.3744371982990692,0.3452365894626822,0.17247147837775206,0.3296249488438626,0.27426010033088594,0.2852385507614338,0.1360116035361604,0.42014030315554424,0.25793032008417954,0.10922512872556146,0.037874236746699486,0.47115032546513996,0.1156451560914671,0.0,0.2665648234450907,0.3225982440764145,0.0,0.13202764026922284,0.05436745648588125,0.31740740532771966,0.061175395130124294,0.33460399358861875,0.5320918510959595,0.4325271198898458,0.1606914151615521,0.33230137439636775,0.29435633495922775,0.19919144228685293,0.2890588718823901,0.4260379690201772,0.3839523376884224,0.1116139790304941,0.24009860518155152,0.48515339890963405,0.3197541387633953,0.2236027652780746,0.3047732147070544,0.1364402314465889,0.0,0.3354322329582327,0.14124036017108213,0.0,0.0,0.06760192048002564,0.3947545825465663,0.3283398756635195,0.3391621519349935,0.25204701797176965,0.0,0.0,0.29312603478080007,0.0,0.4820083142225907,0.3073036078940903,0.2239787323238098,0.12104067645807239,0.2721307274120124,0.2923552762776366,0.08608504619229478,0.33563101077109225,0.341391570135325,0.21559376968375255,0.3242074551282037,0.012081673799259922,0.31146709238387915,0.1682044778811678,0.3244198779630296,0.48279580100914227,0.4988109090036639,0.17054686260725452,0.347110329203321,0.32730776649192017,0.25577697339835576,0.18175138226107257,0.0,0.04885908107857533
0.797811483533313,0.7506353410654643,0.8048235671462818,0.0,0.0,0.7680948323707769,0.0,0.7186698165431565,0.730239023457683,0.13503130204055255,0.5274763126179537,0.2666989419406952,0.37740438298427487,0.2665648234450907,0.0,0.7122867573890737,0.5934164562586721,0.5931839479784338,0.5750663615165441,0.9774353592847463,0.6995498752760112,0.9019795548488728,0.7757992721603897,0.559972853047277,0.8035062004450167,0.7492647505948391,0.9282682262569402,0.7805633617139597,0.8058295048682137,0.470942456875521,0.7324308120568298,0.0,0.44030375481652045,0.5012472185658348,0.0,0.0,0.31174521225583585,0.49801446817559447,0.0,0.6518854443540278,0.0,0.0,0.0,0.4788618147017891,0.4598922762885419,0.8268524302363187,0.6906684363764101,0.772982537050556,0.0,0.0,0.8164990833246771,0.11068283864806211,0.7159198536004817,0.8216982199087497,0.3400080858528678,0.42755093449418696,0.0,0.7292707849939498,0.17694561594511132,0.9597684371130646,0.7846963967814309,0.6167099051692124,0.784627374367101,0.6995836152765589,0.937134044319015,0.8205537273723654,0.9165685246051902,0.8235181462527662,0.5409207872402294,0.7996953957041939,0.8359367407171712,0.9367602562385334,0.8121484285435997,0.8704328406600812,0.0,0.47777709341524277
0.793532880946619,0.8221425122805909,0.5450487386378362,0.15221890081500694,0.0,0.6469510659786976,0.07136564453587076,0.5166708882205281,0.631824147004107,0.2174506699160698,0.309553135113179,0.26268950180216494,0.308287412859678,0.3225982440764145,0.7122867573890737,0.0,0.6148886622259011,0.8345043937482045,0.35626333221690404,0.8213645478045778,0.4349007493412173,0.8949859540023785,0.6152711248473476,0.37023345185064804,0.811882773811549,0.6891289160447328,0.7545036569312993,0.6792332604147399,0.8366588608817725,0.5016159659695547,0.868593438356081,0.0,0.5903974944083187,0.6743630039334151,0.08479255370998723,0.0,0.42035327141828827,0.438586214451354,0.0,0.6943725547363192,0.0681417214051997,0.0,0.0,0.38108630378070707,0.5168239038112565,0.7501897745422321,0.720603664542775,0.6014073461007512,0.0,0.0,0.6524529121799791,0.09168590212930428,0.43491986922424164,0.7189157759829913,0.2958136445889886,0.2990696822319343,0.0,0.6616237306845695,0.05068756648833209,0.7739716397717619,0.9105241048864469,0.5897027520475222,0.8474523363952817,0.475311045585178,0.8245465855755023,0.6146969240445235,0.8525487842422426,0.6569110896866802,0.402393246752277,0.668077967563207,0.6764977906605515,0.7557124066518321,0.6651548307677687,0.751511213309923,0.0,0.4346625443680742
0.46371327887166397,0.634868516473625,0.6389633681227964,0.0,0.054977140305010885,0.6533060771281607,0.12921861374455837,0.27791599527891153,0.6097104177876559,0.5168759329347706,0.5266831720066205,0.0,0.5130914491015537,0.0,0.5934164562586721,0.6148886622259011,0.0,0.7445079407284624,0.5539203227199173,0.6158135648358564,0.6023083495620906,0.6521839229439655,0.34203066621874295,0.27275532689729504,0.7405743583715988,0.6219289518892582,0.62905993298653,0.5903780271515259,0.64071702539138,0.0,0.4641744791222411,0.0,0.34944861530319055,0.01092124095349782,0.0,0.0,0.237483614360546,0.3412585033932981,0.0,0.44178324576328754,0.0,0.0,0.004952988531201161,0.511873389910796,0.17390495636228476,0.5757350957557995,0.6166951915691665,0.7323920691123815,0.0,0.0,0.640971392841896,0.4025084569767575,0.338505648205908,0.6403415130405119,0.09597145851762409,0.49090628391894153,0.0,0.7398738431232117,0.16733209710495645,0.6463374655446803,0.6228012183330627,0.559153277916362,0.593438752207717,0.7950332761109713,0.7354154641328402,0.6706969917348113,0.7444363591338994,0.48702941426500573,0.08834265824163605,0.6460706051189643,0.6229034110458785,0.6203918596302137,0.6028547368593018,0.7192425578374443,0.0,0.5941512316577903
0.4959267630332708,0.7448119091433132,0.6045487528931076,0.0,0.0,0.7415865271601909,0.05690641631029427,0.5268133953008302,0.6090113525610344,0.2842967295047178,0.459511001066354,0.17693367224786508,0.5287356525744834,0.13202764026922284,0.5931839479784338,0.8345043937482045,0.7445079407284624,0.0,0.4146851867187894,0.666057700944904,0.5084011412359914,0.7138714425656527,0.5017600690115215,0.2846698337844597,0.8057897793335633,0.6795347524591431,0.7123205919382142,0.6041901198230679,0.7491823886950315,0.25670383742090563,0.5746440886156254,0.0,0.5268077555037203,0.3010571865181139,0.0,0.0,0.2360464264759878,0.34208226209428094,0.0,0.5479387678114791,0.0,0.0,0.0,0.4758870947919065,0.2261796111994528,0.5237841286657333,0.6849216855373395,0.6003088739506561,0.0,0.0,0.6893686283784761,0.22551554691401218,0.4315931662442311,0.6508516274815814,0.2488156465732092,0.34648184667871157,0.0,0.6826755532118313,0.1737203900900346,0.6429403292238733,0.6861927409245454,0.5712953245303669,0.6968069667737243,0.6117249228979024,0.7223201699035283,0.5932786451439029,0.7004397694161363,0.5329306480272379,0.22593272615862078,0.6526047168122725,0.6268402789887317,0.6793195691600387,0.5278423788286932,0.7062048020605745,0.0,0.32513035198763973
0.34324986803035806,0.36593892633267366,0.7600451304459931,0.0,0.17202548900768005,0.669634712263283,0.07561831788505641,0.5004272394925251,0.7009064444323302,0.22006993586662768,0.8391351050358059,0.080762362923664,0.6485530416923161,0.05436745648588125,0.5750663615165441,0.35626333221690404,0.5539203227199173,0.4146851867187894,0.0,0.530282989736885,0.6552389836965089,0.4648581208798647,0.5098632614461738,0.44578120857346437,0.47095106769294204,0.49169589517539214,0.602457551925069,0.6605619334852904,0.5198950461433536,0.0,0.27218810780757474,0.0,0.37024941739938216,0.019187841368917727,0.0,0.0,0.30122686696305373,0.3174486491050133,0.03978057462251736,0.5006334295326658,0.0,0.0,0.09264219741301961,0.4161621437351277,0.18908607188660057,0.4702712226767703,0.4065439235656841,0.7484271160793782,0.0,0.23392486933824225,0.5411079047430932,0.4945167106042817,0.5062257120681359,0.5952190726491875,0.18609438564639422,0.779777533029421,0.0,0.5166457443739708,0.26574757043582187,0.5391724331765035,0.41737467502288794,0.4170784866032217,0.42422977396663425,0.8821945656865007,0.5398008900685118,0.5778041245532971,0.5708706733001645,0.4959850887050775,0.24321777212512813,0.49601299254250836,0.50863873792763,0.5259706346673502,0.5713441892039968,0.5013443182350725,0.20126901796852048,0.4545209166689071
0.8189281148252592,0.8558013621967548,0.7937603603645123,0.029589323771757013,0.0,0.8112702891669147,0.0,0.7404363532122016,0.8191501578967488,0.15974026919032827,0.5009290621682476,0.3044345782044015,0.3725033971932775,0.31740740532771966,0.9774353592847463,0.8213645478045778,0.6158135648358564,0.666057700944904,0.530282989736885,0.0,0.6275642990778406,1.0,0.8247912103657922,0.5433534927304544,0.8455145780974872,0.7860391216706881,0.9589114141506826,0.7629065378275801,0.8875285007385296,0.5394604613728214,0.8241523665184015,0.0,0.47066916355905164,0.5592580367034684,0.0,0.0,0.40561784097198283,0.5200634658831205,0.0,0.6583554003471531,0.0026856686560082525,0.0,0.0,0.5115631581226269,0.5620057604217549,0.825813809815944,0.770975391722049,0.8062383394770133,0.0,0.0,0.8134419633892847,0.1320657434793283,0.701672083718483,0.9131997817762505,0.36696024638049773,0.41394852137676763,0.0,0.7691654167025503,0.15726029610574788,0.9826433134126877,0.8650970741000077,0.6523583056028346,0.8517873080580219,0.6594056055929624,0.996622594691188,0.8009699715725959,0.9852662418428136,0.885414156790673,0.55466643840109,0.8176627678890367,0.8564423650297835,0.9828802290067721,0.8140905343826188,0.8856985141183635,0.0,0.4578093529783592
0.5110011565517033,0.4953502316717983,0.7108602404309609,0.0,0.0,0.6988933107621558,0.0,0.533732890091277,0.5882258430912672,0.17821235857813972,0.5631454909168169,0.0,0.37765482247295956,0.061175395130124294,0.6995498752760112,0.4349007493412173,0.6023083495620906,0.5084011412359914,0.6552389836965089,0.6275642990778406,0.0,0.578966368873941,0.4933873851744807,0.4282919963650836,0.6212039214108444,0.561537038905608,0.6836329754002988,0.5549464817106948,0.614016736137235,0.0699541388694457,0.47455972179765776,0.0,0.35201869729451835,0.10601055749324333,0.0,0.0,0.18622109160536315,0.35863421974328236,0.0,0.5190921368809647,0.0,0.0,0.2611641937397036,0.5852717198314273,0.2234620850203918,0.7071768688547929,0.5666593115603321,0.6858978565446097,0.0,0.0,0.6699625307195156,0.4188011669879359,0.5701449782720828,0.6342566905690495,0.22728871853404198,0.49629289785747577,0.0,0.642024770610587,0.25201988711802087,0.6361400275495601,0.5763340436170983,0.5024609201453599,0.5763706542913053,0.7324480357548924,0.6917353617434141,0.8641123210894891,0.7181737869126562,0.5564174253394736,0.29686960283196656,0.6945015327673767,0.6765104465978589,0.643591285276886,0.6689619883018625,0.7209957020670756,0.06780109572383482,0.6204312189151011
0.8741258146650374,0.9119146681284316,0.7162294178291929,0.08179758108702452,0.0,0.7516022907090754,0.0,0.6420133000902982,0.7774655355196252,0.1845022504698003,0.42201572609157534,0.27835047071598223,0.3650044520050197,0.33460399358861875,0.9019795548488728,0.8949859540023785,0.6521839229439655,0.7138714425656527,0.4648581208798647,1.0,0.578966368873941,0.0,0.7695207209509216,0.4711788866189077,0.8744707180305801,0.7914983210298839,0.9409201529029012,0.7587279287071352,0.8746807441266385,0.5007120266916832,0.8607591675550685,0.0,0.5824859716037564,0.6022226356415884,0.020662225378633166,0.0,0.43586698541454044,0.5084659765027101,0.0,0.7047303099415857,0.04214130837125514,0.0,0.0,0.4512529885742996,0.5491598458225875,0.8550207028534605,0.7909831520873706,0.7611610786466568,0.0,0.0,0.7864065463031547,0.12659743196658463,0.6063825493514188,0.8747139812602664,0.2600038811961258,0.4010903842560063,0.0,0.7788145154153702,0.13542304742468347,0.9376451062480087,0.8754638561102006,0.6049781464864523,0.8227925769989464,0.5974467163975313,1.0,0.7748542966598658,0.9863397086587743,0.8310544126104639,0.49010899648480194,0.7757406032806675,0.824815567307782,0.9884961437965225,0.7863808313687215,0.8800468169675482,0.0,0.47534230767783814
0.6660629506733626,0.7998079686265985,0.7629456015086197,0.08815970272756275,0.0,0.842513444487456,0.0,0.9179751060005611,0.7113244002824192,0.14154648420300828,0.48074752275464816,0.5637270260620939,0.4679648993604501,0.5320918510959595,0.7757992721603897,0.6152711248473476,0.34203066621874295,0.5017600690115215,0.5098632614461738,0.8247912103657922,0.4933873851744807,0.7695207209509216,0.0,0.7638723324863685,0.7560034215942579,0.8455886720386864,0.8384751740063326,0.6285499001558228,0.7155414348788657,0.5446686763437966,0.6098257096318582,0.0,0.5343493565896237,0.5856704474307565,0.05736499102257051,0.0,0.354936338511235,0.4257600103111671,0.0,0.6775980139125581,0.004937594829272509,0.0,0.0,0.3074417355842698,0.5103078607700371,0.6785425099281707,0.737956335721511,0.7490383796566152,0.0,0.0,0.809537861087828,0.015428736683377289,0.8756830637435205,0.7782765028048668,0.42546135863977375,0.4292065599034419,0.09028999295503552,0.7406077275033666,0.21588558018587983,0.8127888709167448,0.7354273901777104,0.6283625952702167,0.6648693444080539,0.545125565324103,0.7547878777990503,0.598522382634988,0.762429539131642,0.9658403558163543,0.8005735730382227,0.72331117226551,0.856359956324142,0.7807578751298833,0.6211515313826833,0.6033258473512934,0.0,0.16727176166669802
0.5110142896802631,0.5575086445501706,0.5655691157297027,0.08204166840843663,0.0,0.5728178688894408,0.0,0.7933214686155711,0.40789269328155003,0.19657723646772585,0.37331664849766044,0.6976390676926199,0.38905317821288055,0.4325271198898458,0.559972853047277,0.37023345185064804,0.27275532689729504,0.2846698337844597,0.44578120857346437,0.5433534927304544,0.4282919963650836,0.4711788866189077,0.7638723324863685,0.0,0.49643975738486557,0.7149541400263154,0.49019164625272404,0.5452190607608802,0.370110235023981,0.43816022064309584,0.4224381441094306,0.0,0.37048471095752294,0.3897017825696874,0.02668265416580343,0.0,0.2561934385942835,0.4177193637594817,0.0,0.48996540609179084,0.1081333051107767,0.0,0.0,0.35972951987586904,0.5551946030681293,0.5257151626700947,0.4672282526963645,0.5631753401935402,0.0,0.0,0.5540809585256471,0.0,0.7467696583075064,0.45392183712108164,0.42783300139297425,0.33695765159184193,0.39238650161684707,0.5597418583455607,0.14019376400223174,0.5467047408097357,0.4788155218202665,0.5330859982081958,0.48864232926973594,0.3992152720369493,0.5383569317489951,0.3971444731011074,0.5207982803853172,0.6525236704430712,0.8866015033359701,0.4682171533030212,0.7210505175327082,0.49184789052752137,0.6015661520445773,0.3613138892276588,0.0,0.3109072673745475
0.7272041239976104,0.9202733131823484,0.7895443842098181,0.0,0.0,0.8593632441303833,0.0,0.6629469323950244,0.6863941866292299,0.245458793033527,0.47253570069890133,0.21943279320814085,0.4243713394793489,0.1606914151615521,0.8035062004450167,0.811882773811549,0.7405743583715988,0.8057897793335633,0.47095106769294204,0.8455145780974872,0.6212039214108444,0.8744707180305801,0.7560034215942579,0.49643975738486557,0.0,0.8774543853201773,0.8778594646556298,0.6612696461410293,0.8464713216838877,0.351394419402302,0.6689094935350712,0.0,0.58787964099497,0.4137058662078443,0.0,0.0,0.23677007742106176,0.4601844544093272,0.0,0.7010577661058682,0.0,0.0,0.0,0.46914569977302406,0.4044978194338204,0.7456971053770588,0.842524571735271,0.7313933448977653,0.0,0.0,0.88404762511889,0.15448638776600773,0.6117089646884885,0.7626140400268767,0.3363631346114063,0.37453536535293536,0.0,0.7829621491636553,0.14759127382605783,0.8610775186163171,0.807913805064085,0.656232303130119,0.7687502566030618,0.6715526086280784,0.9311071815872546,0.7606793668905181,0.899653802196735,0.7974764714406143,0.47097003211697563,0.9272223547629959,0.8917212479860828,0.8904013078236562,0.6829565683813803,0.8665404322215011,0.0,0.3624875214848816
0.6630484722267214,0.9320220218671565,0.7104198302408978,0.013836182821563256,0.0,0.8376695738058475,0.0,0.7708010716492483,0.6011053770272773,0.36004050428398526,0.40601859334179863,0.495148327917915,0.541568299201867,0.33230137439636775,0.7492647505948391,0.6891289160447328,0.6219289518892582,0.6795347524591431,0.49169589517539214,0.7860391216706881,0.561537038905608,0.7914983210298839,0.8455886720386864,0.7149541400263154,0.8774543853201773,0.0,0.7581782744713041,0.6502920623130982,0.6475604594841918,0.30912994588550863,0.5546121760471742,0.0,0.5417096544725731,0.3864291897717925,0.0,0.0,0.33661266727233574,0.49513445724772953,0.0,0.6731725001438384,0.0,0.0,0.0,0.46233988333687254,0.43445833745013157,0.6903861067291592,0.8284963171798593,0.7433670158795286,0.0,0.0,0.8522506690899474,0.059996423469991095,0.7166300908333184,0.7222245830534119,0.3728427786853294,0.4239279544380467,0.0,0.8576673353282254,0.10107290194391302,0.7657882060588702,0.7286502895464028,0.7383827300367751,0.7078523680796895,0.6211402488745638,0.8490114542874309,0.6285503211808774,0.8345858706500356,0.7935829222550121,0.6086167718726173,0.7825553381794899,0.9746738704168528,0.7814517128987283,0.6681512444131507,0.6728866404029685,0.0,0.32778556101833095
0.7545746018181398,0.7830480411471076,0.8871156109772388,0.0,0.0,0.9150867257051647,0.0,0.728308173137197,0.9013874850514194,0.12784889675758923,0.6302467809935507,0.22934570784646993,0.4448017538238963,0.29435633495922775,0.9282682262569402,0.7545036569312993,0.62905993298653,0.7123205919382142,0.602457551925069,0.9589114141506826,0.6836329754002988,0.9409201529029012,0.8384751740063326,0.49019164625272404,0.8778594646556298,0.7581782744713041,0.0,0.7272653799901784,0.9339160636808252,0.4537640748878795,0.7378847189542851,0.0,0.47057314985935084,0.5104408129672411,0.0,0.0,0.3494937186594836,0.45449783403433675,0.0,0.6963812574232282,0.0,0.0,0.0,0.4920940545523614,0.4388324813251005,0.8097583743823427,0.7811784436530517,0.8630112688920654,0.0,0.0,0.9078014787006455,0.24539759229985425,0.7223370949234675,0.9709956725771816,0.3437493462512108,0.49277832682800854,0.0,0.7898166965495392,0.256877196191383,0.9494097156321003,0.8334957538688449,0.6422865721608545,0.8314787162972073,0.7413448215915673,0.9760994928057329,0.8504987280148674,0.9363325631027124,0.9060570692112158,0.5166065201370462,0.8544552537031425,0.8676292931840789,1.0,0.7306892762416015,0.9152849359553246,0.0,0.3457712042565596
0.611252732158951,0.6171187430320396,0.7260908341267946,0.008013199925454306,0.03723576605140178,0.6875170641859598,0.06806067683308242,0.5921706003444147,0.7612745826770462,0.24747619466632634,0.6311440189251417,0.39170924492631104,0.678486827003131,0.19919144228685293,0.7805633617139597,0.6792332604147399,0.5903780271515259,0.6041901198230679,0.6605619334852904,0.7629065378275801,0.5549464817106948,0.7587279287071352,0.6285499001558228,0.5452190607608802,0.6612696461410293,0.6502920623130982,0.7272653799901784,0.0,0.7323419725263609,0.4392110231720532,0.6343690274648727,0.0,0.4452002235665808,0.3730987339910892,0.0,0.0,0.4195194204298028,0.41291690259619257,0.0,0.5559961256232573,0.04258474112884567,0.0,0.0,0.3967027462447875,0.39713912220017816,0.6709646143637296,0.5540282249909673,0.7390281372873151,0.0,0.0,0.6499209130028141,0.24668284020551226,0.5593781085049547,0.7450226950675614,0.37935827950028495,0.529177236590597,0.0,0.6956342653083601,0.19326386423849037,0.7645859322913036,0.683697092480657,0.6013833318487819,0.6573805913314408,0.6876786402064936,0.727301388468951,0.6280343794627409,0.770089533525318,0.661612381678198,0.472526382928759,0.5939441856938986,0.6738009916158216,0.6952633300616062,0.8977786816712924,0.6326079357194099,0.0,0.5817313271908866
0.7599661460973547,0.7609597183747786,0.7472069921871032,0.0,0.056807308260190786,0.8377856290765187,0.055673368680862007,0.6262222612759425,0.8380806060372625,0.1857532106720287,0.5668046741498944,0.19716159748884451,0.4638501855248952,0.2890588718823901,0.8058295048682137,0.8366588608817725,0.64071702539138,0.7491823886950315,0.5198950461433536,0.8875285007385296,0.614016736137235,0.8746807441266385,0.7155414348788657,0.370110235023981,0.8464713216838877,0.6475604594841918,0.9339160636808252,0.7323419725263609,0.0,0.5153638581931104,0.796945362864944,0.0,0.45823013353293635,0.5344772862963921,0.0,0.0,0.37290499764736756,0.4018407930172435,0.0,0.6021122014732563,0.0,0.0,0.0,0.40612538354439254,0.48433915538341993,0.8080308142307111,0.746830826371329,0.721399565479262,0.0,0.0,0.8191668229447763,0.27506123851761427,0.5774000717730343,0.8706352017607616,0.40011762270394813,0.4422966725632308,0.0,0.6801123348911006,0.13689164011863386,0.8579445752417098,0.8603342995511664,0.6303180138888965,0.8635914008285495,0.6392996550582355,0.8498313582141203,0.792582659689984,0.8718312702861644,0.803245582988086,0.4078301128876421,0.8028186279773938,0.7390075961704882,0.8944002072274421,0.7152843170330927,0.9061786025200887,0.0,0.4188435821920924
0.5500612628647374,0.4332062210360305,0.30950525515416955,0.38127104544872287,0.0,0.31716794543263577,0.0,0.5433118823238381,0.3181616897793131,0.0,0.0,0.5547452366676342,0.0,0.4260379690201772,0.470942456875521,0.5016159659695547,0.0,0.25670383742090563,0.0,0.5394604613728214,0.0699541388694457,0.5007120266916832,0.5446686763437966,0.43816022064309584,0.351394419402302,0.30912994588550863,0.4537640748878795,0.4392110231720532,0.5153638581931104,0.0,0.6581407377040629,0.16312258481569256,0.28435801256721727,0.7483440005079032,0.49623648170267354,0.1030771043494381,0.221994349614422,0.2388577249365665,0.0,0.3802424095761226,0.3903923408713843,0.0,0.0,0.18076999860843918,0.461275577059371,0.46140304943877936,0.3559344180472498,0.17962163417589613,0.0,0.0,0.3509488748940362,0.0,0.41122364507850107,0.4360143526717988,0.4958278950233239,0.0,0.2979575603081095,0.3210194706061947,0.07494327332117612,0.5484949959233956,0.5546990529220773,0.41056685247484076,0.5871096355435257,0.0,0.4256554415375695,0.20547859413990419,0.4382269683916836,0.5121978172575692,0.6217214206653894,0.3647157167953067,0.4214604709537715,0.46050634163190635,0.4781338288700565,0.3273018619641575,0.0,0.0575593238060136
0.8344531694641029,0.6873084479223056,0.5049062353711166,0.19506953125940038,0.0,0.5486852101892881,0.0,0.5231553551928002,0.6202898490994191,0.062393743448717676,0.20971955982106072,0.25081076859436,0.2047613126835562,0.3839523376884224,0.7324308120568298,0.868593438356081,0.4641744791222411,0.5746440886156254,0.27218810780757474,0.8241523665184015,0.47455972179765776,0.8607591675550685,0.6098257096318582,0.4224381441094306,0.6689094935350712,0.5546121760471742,0.7378847189542851,0.6343690274648727,0.796945362864944,0.6581407377040629,0.0,0.0,0.5281050175048595,0.7830743987031424,0.23393585230948546,0.0,0.4381022550810988,0.464668276645175,0.0,0.654898629093034,0.14622597004405333,0.0,0.0,0.43099946339554623,0.5620502914224874,0.8308352159066875,0.642636958708227,0.538450799554316,0.0,0.0,0.6218291079500317,0.06797259584874292,0.500100390739092,0.734098952773633,0.2652644236884071,0.21853790876812676,0.0,0.6523240998726276,0.11999591999267482,0.8306882841234786,0.8819357198636347,0.5209680951603848,0.7828538960157851,0.3635988982048211,0.7884234534265997,0.6864524636656817,0.8579881610583249,0.7036967463007955,0.5413603376624454,0.6017719388227525,0.6471262017440281,0.7486387985877271,0.6877509903498198,0.7223215053284583,0.0,0.46350808291593126
0.0,0.0,0.0,0.4056461802711003,0.2019813361324914,0.0,0.2867122524281692,0.0,0.0,0.0,0.0,0.075554116661756,0.0,0.1116139790304941,0.0,0.0,0.0,0.0,0.0,0.0,0.0,0.0,0.0,0.0,0.0,0.0,0.0,0.0,0.0,0.16312258481569256,0.0,0.0,0.0,0.15787328883754095,0.45005867583851034,0.6092226490001834,0.04578879135282081,0.0,0.3215317776949661,0.0,0.5133642965969126,0.42121027802373073,0.02119759547385909,0.0,0.0,0.0,0.0,0.0,0.4389548787105345,0.1531445885253137,0.0,0.0,0.0,0.0,0.03138971291255144,0.0,0.37504946901105535,0.0,0.09621672330482893,0.0,0.0,0.0,0.0,0.0,0.0,0.0,0.0,0.0,0.0,0.0,0.0,0.0,0.0,0.0,0.06802585353241769,0.0
0.5060181947139,0.5742123166178774,0.486114830851658,0.150155074567239,0.0,0.46786666004219163,0.0,0.45379587477445504,0.48012856689071887,0.08997193636849056,0.2791878185180274,0.17488115623304237,0.264894023663921,0.24009860518155152,0.44030375481652045,0.5903974944083187,0.34944861530319055,0.5268077555037203,0.37024941739938216,0.47066916355905164,0.35201869729451835,0.5824859716037564,0.5343493565896237,0.37048471095752294,0.58787964099497,0.5417096544725731,0.47057314985935084,0.4452002235665808,0.45823013353293635,0.28435801256721727,0.5281050175048595,0.0,0.0,0.4109378382954315,0.0,0.0,0.30087477744641256,0.40255682571066614,0.0,0.6732901870372707,0.11390845742250896,0.0,0.02782820058563393,0.3318324039201859,0.3714939173917408,0.5217086007512415,0.5188624651128254,0.4016127777670669,0.0,0.0,0.5111694857234217,0.10396643589526766,0.36066481596125677,0.4858191703265363,0.14081751674063228,0.3073301740971423,0.0,0.45877345957611576,0.2816344144886798,0.4331853242026419,0.48507932440975204,0.33876946133514513,0.43806348396121014,0.3620305972584129,0.4846091131633694,0.37152013975623394,0.509734175586174,0.4822603314761966,0.320496678060766,0.443755642634244,0.5036086022523808,0.4979241779958188,0.40721259257539594,0.46263686345105687,0.0,0.21157272137033065
