0.0,0.6475919859293713,0.5192265024669069,0.590979557754153,0.6541976244210097,0.5334700132000518,0.7163164782070529,0.5587670394303184,0.6633575303976039,0.631830973319112,0.5325178829516323,0.5729015076402532,0.6316511140646744,0.613391821672058,0.3055045295537567,0.6726824052704514,0.6238507750740051,0.652889857536438,0.3131874750318259,0.5742925886652066,0.6788664295189307,0.6070658672402609,0.5738138012900407,0.5415751598754774,0.7808939195102887,0.7807013237748932,0.5942647642833151,0.6436959964704909,0.5738617831312822,0.6281672411701,0.6279702395747206,0.19608115846745472,0.061909455780378646,0.3596822747647962,0.0,0.40442598469625113,0.3888445072402511,0.4395415071179018,0.0,0.0,0.41552945953042064,0.0,0.5076485787765742,0.4020917781430481,0.29670183461937544,0.700290985881455,0.6058580022271598,0.4831598405302452,0.551430169799105,0.4361552524049241,0.5042987273373303,0.5723200219862631,0.441756970442567,0.5793661104015277,0.5061363756342289,0.613612455904379,0.5571517548250157,0.5985255654044885,0.502475955637377,0.22106780533792017,0.6019039008766018,0.367543734927037,0.61191994220812,0.4141961573452354,0.5137539732624509,0.6653645943686906,0.5628340007524087,0.5825512062943585,0.42093704932947007,0.6771011739424432,0.7476148986254175,0.4856905935884962,0.6109189529969037,0.5951038313267927,0.5665411463238305,0.5401474280392166
0.6475919859293713,0.0,0.5308617325090527,0.7270910129726611,0.7777819860738767,0.6104651366218194,0.8598092615732514,0.6835585820471023,0.7196784128114176,0.8503630027988129,0.5968130337475922,0.6846308089270096,0.8447314585996706,0.8123720583028538,0.45022380794037425,0.7265100592039182,0.8617802196364894,0.6444962269033705,0.16520691534737694,0.739144910900563,0.8162743990127957,0.8109587331790268,0.6166920964753687,0.5016282635040854,0.7977245395072389,0.8716467740165845,0.602776857712529,0.8161903260062767,0.6115596447280656,0.713841400478766,0.6802431988194236,0.16813942464707898,0.0,0.38787846399894843,0.0,0.6400159619199707,0.5379435859969626,0.5780395344152055,0.0,0.0,0.5136233152107094,0.0,0.7280185490997135,0.5831729446110029,0.2984829919853155,0.3387884825815318,0.8188237956188877,0.4988229023964839,0.6968795240458363,0.598150743736192,0.6122378465532767,0.7074115473522831,0.586990798318604,0.7050342681587773,0.6457256546810342,0.6991891990685891,0.6700933137361963,0.8223667669235809,0.7264200091844897,0.37434934626429395,0.6575582535992015,0.3252664141666095,0.5801259442056598,0.46588483656520463,0.6979190292230139,0.8305553215051654,0.7159890002722782,0.6284622955509498,0.42550250632412134,0.6517532143532423,0.8143120999757895,0.5250893585056763,0.7629705385524811,0.6115104122873981,0.6643821760446499,0.5892744108388849
0.5192265024669069,0.5308617325090527,0.0,0.33902414950649834,0.6547898840684552,0.8039122266343571,0.5869266782636957,0.4650749576891257,0.7352048021594364,0.5590369317119778,0.7074380864606752,0.5579798393011733,0.6751205265627227,0.5290105835679468,0.5838243910893585,0.46620626653854413,0.5100816599477288,0.5016112241601711,0.6434667563232307,0.7027362683986016,0.5069254634721398,0.6142335729219158,0.7772579535401312,0.5166272044591935,0.5759403828043509,0.621255542051209,0.8434048826665845,0.5542347755872418,0.736356305730165,0.5064292783191474,0.4682959040596951,0.0,0.16955853880422542,0.38859806763234395,0.0,0.3808926143054851,0.3049655745803514,0.5203276588416247,0.0,0.11859693586557113,0.4296631118397434,0.0,0.4591937326021461,0.3968749035254935,0.33301025633055464,0.3972696492000245,0.4046053418714123,0.8565328540314665,0.38571625306793444,0.5141347390738952,0.7499110563005565,0.440388228350755,0.45492773180605406,0.8415050679069558,0.45617089629620555,0.7497022045817388,0.4962009852318952,0.6549440258621673,0.4580244841141372,0.5682161838892611,0.6489046357509208,0.3880135274705274,0.6310129408384244,0.7856221164467624,0.7385888003690492,0.5114202100888762,0.6972122745400272,0.7239872124524265,0.5683991835043685,0.629557200151546,0.6552436778156819,0.8049137945771051,0.6128806445846839,0.6512661429540998,0.609841976086387,0.6173134643253702
0.590979557754153,0.7270910129726611,0.33902414950649834,0.0,0.7812117512936613,0.39000094657222073,0.863725999576123,0.6417015374382898,0.717482734032853,0.7599272265400421,0.4630043243151628,0.6231932728210358,0.686366553040743,0.8567387252853155,0.18890889689941506,0.6678514974245042,0.7815945111271806,0.573253519957885,0.04365450254734474,0.5277952540839767,0.6777344672813321,0.5891810875503294,0.3599079189644424,0.37989200903572545,0.6409411726855319,0.6594621001526166,0.4678090715411779,0.8473992885466608,0.41003556450081763,0.7751846157971969,0.7595949199861645,0.3049726391572702,0.0,0.26567394361292607,0.0,0.662640223746231,0.6257228344002957,0.4744968513782268,0.0,0.0,0.36204425769550974,0.0,0.7178698143325675,0.5920618437948271,0.21196514721229728,0.24610473526557822,0.6619043613552648,0.3407097557105811,0.7852311651883003,0.5236843849210819,0.33712309459470524,0.6816641423743504,0.4479218632555598,0.5971802080052656,0.587190860926537,0.5295957327361502,0.5503820781624423,0.6446635698470847,0.703322870502495,0.06538787419558748,0.49157758691652975,0.2557051075751453,0.5393590841487075,0.30956269271755454,0.43184467011117744,0.7458926094708748,0.47246757949019924,0.40646154736575135,0.25711922658528547,0.5090261127121105,0.5923491793913963,0.2925931936072467,0.6729931226100315,0.36388869964731524,0.5754850489876853,0.4422012523401444
0.6541976244210097,0.7777819860738767,0.6547898840684552,0.7812117512936613,0.0,0.6398371197739007,0.9673321869622867,0.6946371134999305,0.8816289761178496,0.8309933273578998,0.736875618685996,0.7229919953807168,0.8744083169413409,0.8835921532189511,0.4627648364411352,0.7862983523634363,0.791780293697914,0.6017869425951405,0.22880215769325937,0.7887181526695688,0.806337783483484,0.8207514018103155,0.6098111069642472,0.4853419543537168,0.6714657284369553,0.7249760844119975,0.7239370629275076,0.8666575933901342,0.7013661933890558,0.8899370453214196,0.8325262426649854,0.23420032753313033,0.0,0.39640066872304025,0.0,0.642101881569258,0.5381079071642528,0.5402090302572938,0.0,0.0,0.43687224935435115,0.0,0.6180293979269337,0.5508090201753271,0.2931356329966644,0.30499858194903534,0.7217519324179724,0.5524999807243168,0.7201891313294395,0.7580222938363145,0.5516389167633091,0.7688141989403506,0.5665123232856191,0.8902632897083753,0.6995859705464085,0.782032656549723,0.6935658703417774,0.8313665645368931,0.7317195346758327,0.36677159237326845,0.6355310733636598,0.3842593628280291,0.6178317496844561,0.5593989028397621,0.6533926792289204,0.8132954259396112,0.7125727094654908,0.6006918770728189,0.43542533579069337,0.5955876368121883,0.6932284605746563,0.5490145537099562,0.8031532148542135,0.6115902130598576,0.6381908953223019,0.5403573473468776
0.5334700132000518,0.6104651366218194,0.8039122266343571,0.39000094657222073,0.6398371197739007,0.0,0.6841279591718626,0.5963477902490126,0.7288866794319503,0.6645425929843325,0.6100781270892508,0.7395626286436257,0.7425650066535537,0.614744748267786,0.578247873316105,0.5084148850966158,0.5973706397820819,0.538153718389663,0.5916048892603262,0.7525452772861319,0.5877160078276642,0.6097135908741241,0.8500279408415542,0.6462966787078994,0.5994407953045643,0.7274045849078482,0.8725648902303559,0.5657427854857718,0.8323319639679027,0.5125516184817052,0.5089705205018102,0.0,0.19830296570709338,0.46139479329488703,0.0,0.4549330434030442,0.3413462583316875,0.5918025186645356,0.0,0.058902800791976635,0.46125294132207484,0.0,0.5768498026741308,0.3975347455865909,0.39380146484869033,0.37456472256474693,0.5065605977490927,0.813224581787752,0.3695838849991728,0.3950695068093794,0.8941115443299839,0.4131215650779538,0.5968011990513143,0.7963680033676108,0.5198818492937953,0.693789615314982,0.6494003781755328,0.6976607378250408,0.4686880508032838,0.556997849331922,0.7246237915632131,0.3831059640022806,0.6563089809237037,0.7110514926746837,0.7479270730202114,0.5799032847331642,0.665785101599366,0.8134809488569225,0.6524211842284272,0.7030117830658524,0.7391316408467126,0.814257449947309,0.6383364925619983,0.6814694541206778,0.6219751040067719,0.586629074821083
0.7163164782070529,0.8598092615732514,0.5869266782636957,0.863725999576123,0.9673321869622867,0.6841279591718626,0.0,0.6698992020062726,0.9087451503813736,0.8678203524939526,0.6891077101913182,0.7615572560048481,0.895348830892408,0.8858781373655857,0.4023312250848452,0.8000798014248229,0.851459439158785,0.6970835965099967,0.2621917006210023,0.7398617349446571,0.793842302675924,0.7797953888136434,0.5763580262430642,0.5868304356960757,0.807236859042926,0.8311315759509017,0.7300069200594432,0.8984507760456776,0.6842371375414849,0.8085638585406622,0.8142191006639687,0.21663312721148967,0.0,0.41850874026202994,0.0,0.6386261725134941,0.5700614272664022,0.5818272912761712,0.0,0.0,0.4338352684203299,0.0,0.6407527331240827,0.5426054205109697,0.3350452617075423,0.3677223226808439,0.7679588796001909,0.5963369981959512,0.7402921229054797,0.625896338541822,0.6253406207872534,0.7618155957229339,0.5635567229443983,0.8381085952964926,0.7373451069320536,0.7440020293942654,0.6968460639345057,0.8682106220128369,0.6751772718874086,0.3135310044075551,0.6499915716699143,0.44327015452505786,0.69176947855676,0.541138557547654,0.6302190721606695,0.8010706574032075,0.6442238300850034,0.6324960590300712,0.4848603096196531,0.7042093179634481,0.8091733973114043,0.5786540097855176,0.8409358882030116,0.6377637214146145,0.6346709328843206,0.5265727231708937
0.5587670394303184,0.6835585820471023,0.4650749576891257,0.6417015374382898,0.6946371134999305,0.5963477902490126,0.6698992020062726,0.0,0.6901035723030416,0.6631791235228824,0.691559544094372,0.6457103937585467,0.6833608901919646,0.7544029267849296,0.2798733704709167,0.4536433295819768,0.6751611660353404,0.3903129315639962,0.09120525096133902,0.5927536521513326,0.7047262677466382,0.5745075505281574,0.7050524323717011,0.3849452735908678,0.5378415400734421,0.6928971779496164,0.5399741273382233,0.6462263494757863,0.47685976039133765,0.6969674942614251,0.5588008062240516,0.1809746938023041,0.0,0.3349120638421205,0.0,0.5932612438773639,0.42299315799193904,0.5349282650144596,0.0,0.0,0.37957087544539114,0.0,0.6437994385402579,0.38116646749857064,0.3445218843579896,0.21389415249920007,0.7076791985020097,0.45686084991038395,0.646332706923848,0.5061256859007868,0.5009703069974082,0.5473350475778782,0.8492539601970471,0.6337484893531199,0.5319143342082483,0.7192575919512384,0.6589054957505243,0.7280469662602341,0.695788902557793,0.2482506834587733,0.5319393217634957,0.2975236714778028,0.4693146517965848,0.4232931383291282,0.5250016452292984,0.7022876687667071,0.5839675172052688,0.6686733933474855,0.3265476203334566,0.5301195447675541,0.6820789047409794,0.37826121898777376,0.6417568360659497,0.3453555780561903,0.5498966774632352,0.4270802120203946
0.6633575303976039,0.7196784128114176,0.7352048021594364,0.717482734032853,0.8816289761178496,0.7288866794319503,0.9087451503813736,0.6901035723030416,0.0,0.7501134038332854,0.8308164935157654,0.7313368066342164,0.8176548191397041,0.7739306272845544,0.3371957994612337,0.6361852220913785,0.7156351025235945,0.6053269763307059,0.3958644368612814,0.6935788740064621,0.6673072250176207,0.6888514443258504,0.6482333427100012,0.5043707043476285,0.7043320710408203,0.7607510740460505,0.7987080658127959,0.8129340477854523,0.6620408391983165,0.7364477603154173,0.6371821954924648,0.06328065917734527,0.0,0.3385302816995522,0.0,0.520210882698301,0.4262823874726687,0.566926281184751,0.0,0.0,0.42111368912877956,0.0,0.6004070196156915,0.4477130899720508,0.34701978670306227,0.3437830665736313,0.6280998075805607,0.6820809062575957,0.627992685738108,0.586977505327783,0.5991924942425709,0.6489941896097671,0.5609191181997386,0.9337405435770068,0.5898445124531878,0.8868396181342865,0.6490444838522119,0.7774586306089947,0.6595655170468471,0.28128965448458076,0.7299315554469111,0.42271570665325325,0.7316796400825739,0.66638830246864,0.6294260765914381,0.6914820140860283,0.6578840094562122,0.6376478318942288,0.43640586147672417,0.6965731573996874,0.7427535175405825,0.6379113801002049,0.7303328668173258,0.5325511550666227,0.6055779599578857,0.5571440217393154
0.631830973319112,0.8503630027988129,0.5590369317119778,0.7599272265400421,0.8309933273578998,0.6645425929843325,0.8678203524939526,0.6631791235228824,0.7501134038332854,0.0,0.5271460268758007,0.8820349488619503,0.7723076053767827,0.7665675431410891,0.4186447000901629,0.8191288042322997,0.9353626735502054,0.7397013712568056,0.21298078540398585,0.7184431187596031,0.7095774176667238,0.712782512050859,0.589259483417255,0.6957116423061678,0.8635351891528513,0.8875745272514453,0.6123659071839985,0.7911854335346663,0.5822861657437318,0.7482091625008676,0.8118526310327608,0.21818900285537626,0.0,0.39576719694422396,0.0,0.6297779752644216,0.49206715704402826,0.6088739469309001,0.0,0.0,0.5222659620566678,0.0,0.619358524325738,0.6041875796736276,0.36251274390360616,0.32464612797585013,0.7566859727012425,0.5457786971171541,0.7209536885990432,0.648257776618726,0.610315622338247,0.6750881266238461,0.5616313852669452,0.7497119280971174,0.9127305025702936,0.6313013268262125,0.8718069288779028,0.844287491721207,0.6723981294453802,0.31074294456117757,0.6178613153052126,0.5952013951486457,0.6675481137497725,0.47558947945859176,0.6205573669645765,0.7265996880501515,0.617020479101781,0.6218384622064231,0.6298444540762957,0.7764399619591483,0.850389399997005,0.4966718037881767,0.8418271236714352,0.5892311246215708,0.6708798149591912,0.6285518265857455
0.5325178829516323,0.5968130337475922,0.7074380864606752,0.4630043243151628,0.736875618685996,0.6100781270892508,0.6891077101913182,0.691559544094372,0.8308164935157654,0.5271460268758007,0.0,0.5069463457072275,0.7180882130271259,0.6151270518391156,0.397755777684937,0.4695337194699704,0.5111513052646992,0.40929581089585937,0.38966986900491485,0.6442012127189944,0.5885437685321028,0.6909874083533186,0.6840642409203148,0.28050044778488803,0.5266728458264173,0.5587134930489376,0.7483257054663195,0.6227056397704446,0.663780614106792,0.6139011249356733,0.4632532358087099,0.07868512882186066,0.0,0.3269591187208166,0.0,0.4715297961212047,0.35822570840230894,0.4563613282557322,0.00450873495709734,0.0006200851708221512,0.356446494618549,0.0,0.5091689133721401,0.4008907892069393,0.3035391895813408,0.3162505776302644,0.5395464341245854,0.665867242309074,0.5137326385429138,0.5999902673240302,0.49144686268974513,0.5744687960178466,0.5636701735869765,0.8231324453963341,0.4415269909379112,0.9472287700153237,0.5155477505513846,0.7059145218251537,0.5801710888570226,0.3880268405868085,0.6486213928017788,0.3611649595618269,0.5467420661323539,0.694828280426877,0.6327241316331321,0.5880653012554334,0.7324117717520868,0.6262637757314783,0.2842269180138677,0.5301093340432927,0.6051580384222053,0.5879937906358363,0.6398704762569387,0.5016430330292312,0.5810478068668884,0.5393486615433568
0.5729015076402532,0.6846308089270096,0.5579798393011733,0.6231932728210358,0.7229919953807168,0.7395626286436257,0.7615572560048481,0.6457103937585467,0.7313368066342164,0.8820349488619503,0.5069463457072275,0.0,0.7411568313016613,0.6831459860329029,0.27964508043789527,0.6572109466142336,0.8041870582170216,0.70325171065408,0.2885685230072121,0.5971332368620876,0.566963348721118,0.5318109036075056,0.5641585593637154,0.7604539510778501,0.7558070390421571,0.8627150515336695,0.54691794031684,0.7208191047365475,0.4998663946033852,0.6233657643713711,0.6238115715864206,0.09849357986042802,0.008497179440598772,0.3340394206577823,0.0,0.4713634034753166,0.34864191839307046,0.5925914715495655,0.0,0.0,0.41463783345329946,0.0,0.4612866799469953,0.3718057791419306,0.5481357368032664,0.30006858113387164,0.613653130815192,0.5713557110840916,0.5110557987398686,0.4733264394086815,0.6111267791019408,0.47194310580101084,0.577425020755919,0.701620782534863,0.8158420021948127,0.5997103772031875,0.9066946482291448,0.7129856595441432,0.4952269785494324,0.2274137356505738,0.5227893117656911,0.6881947036284224,0.6697135868154324,0.48904056504557897,0.503913465500544,0.5176631239911442,0.47337522591128145,0.5737490078463025,0.6947648397287745,0.7335044914967564,0.8082299816446953,0.43584225551821804,0.6878964126935531,0.4176681000383224,0.4845015097614516,0.44000062731353684
0.6316511140646744,0.8447314585996706,0.6751205265627227,0.686366553040743,0.8744083169413409,0.7425650066535537,0.895348830892408,0.6833608901919646,0.8176548191397041,0.7723076053767827,0.7180882130271259,0.7411568313016613,0.0,0.8209188613406111,0.49796371879400375,0.7086169127865453,0.7707958672157702,0.6305559172980454,0.3646322758179794,0.7808165307767211,0.7510476914867453,0.7690335240894492,0.6728123210762336,0.506895294774511,0.7209594124070101,0.7986162767392797,0.6946242219508244,0.8945574593685733,0.7525454033394406,0.8233902708646216,0.7483045585364718,0.17866497726765668,0.0,0.3960583754404709,0.0,0.6951687666334792,0.5422121973811762,0.5647723039492288,0.0,0.0,0.5197996468075693,0.0,0.6990294427179445,0.5692487972743446,0.3219394737911059,0.3533497876944604,0.7110604329104432,0.6274092106000779,0.6577681382315461,0.664951163347973,0.6327647689324579,0.6789624347267564,0.5861823864690185,0.8073419263205819,0.6529171870136126,0.7435937922442256,0.6857025891045234,0.8652980608843295,0.7150786609430727,0.4163754382238759,0.666569520939063,0.44832543365412525,0.6394198763085026,0.5852370712824686,0.6902023081531381,0.7298922676776053,0.7029602857808138,0.6363752078243636,0.4663911083806402,0.6763024502221177,0.7726697869800834,0.5578973666274913,0.8149479825038972,0.6564852058722718,0.7419683578206299,0.6208741915176451
0.613391821672058,0.8123720583028538,0.5290105835679468,0.8567387252853155,0.8835921532189511,0.614744748267786,0.8858781373655857,0.7544029267849296,0.7739306272845544,0.7665675431410891,0.6151270518391156,0.6831459860329029,0.8209188613406111,0.0,0.42577540041005374,0.7426143491616574,0.7467955072670208,0.5307379781453658,0.05697044560763303,0.7587571333378724,0.8268236450286329,0.8108834202218296,0.6134427774371892,0.4792650106548757,0.6344195553736162,0.8012691626391887,0.637796465611004,0.8235419066549539,0.6414323198446602,0.872120033585862,0.8256794076687806,0.26237775899760335,0.0,0.3818375251607167,0.0,0.7438602479931281,0.5469624891448708,0.5654989599619765,0.0,0.0,0.5088485314837631,0.0,0.7773606125670317,0.5911324088981462,0.32607551792212336,0.26207582502400933,0.7758999392398129,0.4592368391672156,0.819332085423093,0.6365065301995615,0.5642566298000077,0.7089046617794678,0.6024590188971606,0.7306987691047222,0.6199903113912033,0.6833120613260754,0.6754407510180371,0.7934633249037947,0.8503503394532496,0.3205088667984166,0.5804330109950936,0.2853824090764816,0.5163443934875427,0.4446806136441678,0.7476244943270925,0.7966720698520018,0.7049032632257901,0.6152248546276606,0.40134854040367557,0.6193257002751935,0.7829308110239585,0.5155579603320113,0.8104459689113663,0.581739761667459,0.6167199960054894,0.5965906083922463
0.3055045295537567,0.45022380794037425,0.5838243910893585,0.18890889689941506,0.4627648364411352,0.578247873316105,0.4023312250848452,0.2798733704709167,0.3371957994612337,0.4186447000901629,0.397755777684937,0.27964508043789527,0.49796371879400375,0.42577540041005374,0.0,0.35635290489577126,0.38677651170203553,0.24628342117446528,0.4247242130940145,0.7842188464903033,0.5898944072438249,0.6775571241890936,0.6793225091687474,0.27879501791498645,0.3174677539090855,0.38075498665834195,0.6643910280295491,0.366279755323745,0.7238440071167691,0.42303658615845335,0.4325022761489996,0.016575408741413597,0.16811642959767725,0.4475908964819171,0.0,0.461175400489061,0.320980061884081,0.36613703023728766,0.1383187868999114,0.06631329383998295,0.5092165030497292,0.0,0.5308114920610902,0.412680085285061,0.12764449345312937,0.30423572792560855,0.37089359987469145,0.5505901060493399,0.318058590052528,0.5130377878173448,0.5614417209093734,0.37640420109237654,0.36452492968923444,0.5334772144622159,0.36876878896420584,0.44649490436443645,0.3066392535522381,0.505162990855321,0.44162915064575664,0.914939651461911,0.48666219712266134,0.0851955333809361,0.30774696749870034,0.5139689229685492,0.7930324148366347,0.5579906367911739,0.7010291712857148,0.67001501202206,0.38256586478963694,0.3697591160751571,0.4487971643279951,0.6637192326076596,0.5630911137773121,0.7775146948455967,0.5430198450533946,0.5999079487092323
0.6726824052704514,0.7265100592039182,0.46620626653854413,0.6678514974245042,0.7862983523634363,0.5084148850966158,0.8000798014248229,0.4536433295819768,0.6361852220913785,0.8191288042322997,0.4695337194699704,0.6572109466142336,0.7086169127865453,0.7426143491616574,0.35635290489577126,0.0,0.7935684117932136,0.8250881232392863,0.13690712788896686,0.6660656698990023,0.6612923414995459,0.7605634440477619,0.4219294784683643,0.5275660590513671,0.7835505828275334,0.7595692917299708,0.5181526589999533,0.7633363135223336,0.5793721330416047,0.7749275488962378,0.8347485856370555,0.37312012015290713,0.0,0.33763057456194745,0.0,0.5018755305422267,0.4555071171048606,0.407474245725879,0.015504268286976736,0.0,0.42169674221652187,0.0,0.5354287733889825,0.44853631132779503,0.17869598345755844,0.4309036262138167,0.6833712780414414,0.35941315437071103,0.687138049659909,0.6024911415955603,0.4762840445052718,0.6988478049459357,0.30974515360025634,0.6202518734893762,0.7436621563366477,0.5669987175506066,0.6588190894783985,0.6979456422057061,0.5582677429378275,0.26749265233128017,0.6135498714470553,0.4885025078875061,0.6804634129089681,0.356265565454973,0.5070563145866391,0.651207360683845,0.5960391963143804,0.4237236761340855,0.45068692796735854,0.6814489306967895,0.705452115458369,0.39069627536622265,0.6758504115384577,0.5618387295307123,0.5397694389832539,0.5334583464223837
0.6238507750740051,0.8617802196364894,0.5100816599477288,0.7815945111271806,0.791780293697914,0.5973706397820819,0.851459439158785,0.6751611660353404,0.7156351025235945,0.9353626735502054,0.5111513052646992,0.8041870582170216,0.7707958672157702,0.7467955072670208,0.38677651170203553,0.7935684117932136,0.0,0.7202075060208132,0.12251511909624083,0.6838792044289539,0.7170461080130295,0.7237313310018026,0.5305411907690268,0.6376587043570565,0.7763360831651008,0.8775894190582519,0.5678080379187481,0.803347778729625,0.529604512041204,0.723756378976556,0.7972783987529012,0.2351969258309714,0.0,0.4349771971400236,0.0,0.6604253430703307,0.5594117435111826,0.627711645186813,0.0,0.0,0.5281237376109414,0.0,0.6758240505653732,0.6087708554289666,0.38990418729235893,0.2686774624522821,0.8030099459146519,0.45914926648102866,0.7357596316039612,0.6342932329617857,0.5832821694940116,0.6882485972688456,0.534933586962069,0.7254355149541263,0.8330565667748565,0.6130545015687494,0.8065671748292694,0.8539091592473929,0.6804359490780221,0.2859897904312617,0.6023059299089527,0.4985231953691645,0.6024904509354271,0.43064355046322156,0.598632319960791,0.7205580896687596,0.6193396449405768,0.5340482878815193,0.5676921930447464,0.6900609058813941,0.8137629637212455,0.45058853987581876,0.8126259672915545,0.5491083146772219,0.6512121623652765,0.5870227108481844
0.652889857536438,0.6444962269033705,0.5016112241601711,0.573253519957885,0.6017869425951405,0.538153718389663,0.6970835965099967,0.3903129315639962,0.6053269763307059,0.7397013712568056,0.40929581089585937,0.70325171065408,0.6305559172980454,0.5307379781453658,0.24628342117446528,0.8250881232392863,0.7202075060208132,0.0,0.32212935201305753,0.5168433805260851,0.48080056769080937,0.5644922750757558,0.38197862061031435,0.697882547063092,0.8862794233327315,0.8061155458185535,0.48077791852027185,0.6299399788722881,0.4899740610499944,0.49392284442354056,0.619082886693873,0.215661888519681,0.10800891511705865,0.36961340767666967,0.0,0.3769314283252852,0.3265202434637617,0.41090097624917626,0.06178901996131541,0.00846523222826005,0.3246737550140055,0.0,0.41729653365868297,0.3940585662162534,0.2838731420102978,0.5094903381654206,0.5888378014409859,0.448704237702464,0.44656907193451684,0.43533609621983044,0.5209992037089799,0.47029348853461095,0.3256860849101717,0.5424313471750928,0.7092173733051591,0.49179013363962343,0.6836137953689447,0.5862310538660839,0.3618294522635643,0.17643495655125874,0.5932490816106036,0.6428914723581262,0.7987993930166777,0.4407895168937407,0.40587226796024173,0.4621767120608892,0.4690122913975612,0.41130098460395814,0.6299121329232749,0.7943471146897492,0.7896106267155905,0.3927711530851753,0.5913794390323899,0.4466448604078111,0.46978659677200546,0.4614673432998242
0.3131874750318259,0.16520691534737694,0.6434667563232307,0.04365450254734474,0.22880215769325937,0.5916048892603262,0.2621917006210023,0.09120525096133902,0.3958644368612814,0.21298078540398585,0.38966986900491485,0.2885685230072121,0.3646322758179794,0.05697044560763303,0.4247242130940145,0.13690712788896686,0.12251511909624083,0.32212935201305753,0.0,0.38758602848997115,0.15925415230615017,0.27151898501972155,0.4708398676604246,0.4352779333071896,0.3086878749257189,0.23983534163933456,0.5991057097011951,0.2244364630152497,0.5569692941525937,0.06716842778307906,0.10778348259780086,0.0,0.5469315178401042,0.28482479358573354,0.0,0.13872641287926374,0.22510153359233703,0.23792368935469257,0.1713468189029059,0.460881183298227,0.20277531700961166,0.20759536406221807,0.11536572187771987,0.16292078328336615,0.20023835829894454,0.39629219643701097,0.05075459672115813,0.7265855868776439,0.0,0.13113623690531162,0.5093693562633201,0.04329825843530605,0.20408242340877106,0.4572962260728799,0.09541844931961811,0.42700253112768105,0.21734711274243498,0.23903775926887394,0.050319059634986195,0.4651678922397079,0.47645003195601227,0.22248728955567412,0.49780794174565723,0.8126537670531953,0.4762464782296756,0.16507254038512642,0.45330520771887617,0.45233544535020637,0.4627780929078795,0.40964812565375675,0.33743887502899544,0.6001595907369063,0.29941856598340894,0.48752941574601527,0.41913809154790277,0.4469221412794879
0.5742925886652066,0.739144910900563,0.7027362683986016,0.5277952540839767,0.7887181526695688,0.7525452772861319,0.7398617349446571,0.5927536521513326,0.6935788740064621,0.7184431187596031,0.6442012127189944,0.5971332368620876,0.7808165307767211,0.7587571333378724,0.7842188464903033,0.6660656698990023,0.6838792044289539,0.5168433805260851,0.38758602848997115,0.0,0.7634518198979688,0.9794386421816123,0.771025680112348,0.4618381560407594,0.6046205225661405,0.7009458016178782,0.812719638397324,0.7151940904855969,0.8555304274648002,0.7624072689059059,0.7116259701292688,0.12787052200467758,0.0,0.4419013186146246,0.0,0.6342721685164923,0.4778088741816574,0.5643858319208608,0.05458678482668119,0.0,0.5573284682725482,0.0,0.6689092453035795,0.5188016222978541,0.3110692885746326,0.38235527654240165,0.6353085504660281,0.6444266440417212,0.5809917960362044,0.669137380838009,0.639651165586426,0.6200528573335,0.5009840412300599,0.797479787956033,0.6041357052237832,0.7112916079477339,0.5979507360822228,0.7414176026012604,0.6342049630938311,0.7169624077389196,0.6664630445440989,0.29105385265046185,0.5687476757145983,0.5922389785695016,0.9017136519450987,0.7438552536559164,0.8601377965340613,0.7332663008647708,0.46489165724000914,0.6223785599804995,0.6958950810611977,0.7331026834687571,0.7654067983829793,0.7926132090185358,0.6876169083012054,0.6715366163824399
0.6788664295189307,0.8162743990127957,0.5069254634721398,0.6777344672813321,0.806337783483484,0.5877160078276642,0.793842302675924,0.7047262677466382,0.6673072250176207,0.7095774176667238,0.5885437685321028,0.566963348721118,0.7510476914867453,0.8268236450286329,0.5898944072438249,0.6612923414995459,0.7170461080130295,0.48080056769080937,0.15925415230615017,0.7634518198979688,0.0,0.7921063041912992,0.6951681198559482,0.3594080974826724,0.6312396091552939,0.7040893221233984,0.6743274096335778,0.7257024545052331,0.6923735910582107,0.8362687151871987,0.7573764516917519,0.2383906614601039,0.0,0.47053471686855425,0.0,0.6617078814470296,0.558659925738662,0.5662385902055739,0.0,0.0,0.5620912416332904,0.0,0.8257687776296435,0.4719963774539849,0.2774843411332097,0.34157551560424576,0.7918819049375297,0.4418932229620991,0.7505876406659695,0.6281191027122828,0.5535520785203221,0.6897855585490394,0.6233031114157913,0.6904944604594224,0.573773285134621,0.662839939369668,0.5593903578853965,0.7748211655537627,0.7118428912768183,0.483517643662244,0.6439753310217616,0.20821396618299842,0.47367163926272493,0.4238108039871894,0.69257108481323,0.9389845335215892,0.7455010338376332,0.6617561723093172,0.3143951073510682,0.5667139071754108,0.6869642531843607,0.5208864095848975,0.7258858829528246,0.6851655769063423,0.6862694841814969,0.5987071254475037
0.6070658672402609,0.8109587331790268,0.6142335729219158,0.5891810875503294,0.8207514018103155,0.6097135908741241,0.7797953888136434,0.5745075505281574,0.6888514443258504,0.712782512050859,0.6909874083533186,0.5318109036075056,0.7690335240894492,0.8108834202218296,0.6775571241890936,0.7605634440477619,0.7237313310018026,0.5644922750757558,0.27151898501972155,0.9794386421816123,0.7921063041912992,0.0,0.6481411124963756,0.3594681217067699,0.6641336093163901,0.7053278038244872,0.7209262529010163,0.7491098442103469,0.7806278659094181,0.8159170651136117,0.748920157433624,0.249471184329837,0.0,0.41749829131893906,0.0,0.623341398727829,0.4617293402068114,0.5191203654386909,0.10085068525685595,0.0,0.566247733817366,0.0,0.6709374806633803,0.4750719213699554,0.21289845518595762,0.39072890386039366,0.7050999269540157,0.5103878619016118,0.6936239457412123,0.7190893828130209,0.556985498393638,0.739507054601569,0.43717647969089685,0.7627463122778801,0.6230590034607442,0.7460337438838534,0.5402073779599927,0.772953318568771,0.6833923820561402,0.6275408014195887,0.6735105189254547,0.31110107160732925,0.5779548210796787,0.5098358170397222,0.8279539787134829,0.7842730727444364,0.8668942252215147,0.6270980564454691,0.34901836132256786,0.6261104295212407,0.6984717090663733,0.6192703987825156,0.7498208075015191,0.7583788885647346,0.6387325905888356,0.6471425950695581
0.5738138012900407,0.6166920964753687,0.7772579535401312,0.3599079189644424,0.6098111069642472,0.8500279408415542,0.5763580262430642,0.7050524323717011,0.6482333427100012,0.589259483417255,0.6840642409203148,0.5641585593637154,0.6728123210762336,0.6134427774371892,0.6793225091687474,0.4219294784683643,0.5305411907690268,0.38197862061031435,0.4708398676604246,0.771025680112348,0.6951681198559482,0.6481411124963756,0.0,0.4138965947584936,0.5259736430490983,0.6592322449212662,0.835272419464268,0.5149104185706744,0.7947970119924775,0.5533731794224104,0.4681914038465133,0.0,0.07251619013745471,0.44392583791530843,0.0,0.4944482907192097,0.3590535796812247,0.5624686788131997,0.0,0.02751113913175604,0.5446399028713996,0.0,0.6528980101875207,0.4140050106458551,0.38361890623504374,0.42014271981760193,0.601477414622082,0.7548938315382756,0.5201432901145866,0.5010165681708293,0.7951634729500768,0.4670345616064154,0.7134280512546916,0.736944814658181,0.46375940272976446,0.7166703594830075,0.5536339649631946,0.7227094124162246,0.5838618798246948,0.6733484824533001,0.6946675707771799,0.2416923085262321,0.501312004178275,0.6509394591672963,0.7974284770060841,0.66860882547091,0.75547224625494,0.9611861424614502,0.4669346672309115,0.6327200826093725,0.7236444846382494,0.7679852971930211,0.6729624961781595,0.6822307293111851,0.6883283193642471,0.6478286316654298
0.5415751598754774,0.5016282635040854,0.5166272044591935,0.37989200903572545,0.4853419543537168,0.6462966787078994,0.5868304356960757,0.3849452735908678,0.5043707043476285,0.6957116423061678,0.28050044778488803,0.7604539510778501,0.506895294774511,0.4792650106548757,0.27879501791498645,0.5275660590513671,0.6376587043570565,0.697882547063092,0.4352779333071896,0.4618381560407594,0.3594080974826724,0.3594681217067699,0.4138965947584936,0.0,0.7083528659901178,0.7372143198807338,0.45321063269658085,0.46851337569476825,0.3992952803154259,0.2931659359740738,0.4669954996183324,0.0,0.31988766402901936,0.3922405602522748,0.0,0.359607978029052,0.2707208635929488,0.4949594867430731,0.02173307984561782,0.05336665953280435,0.3086854764016473,0.0,0.3043171727125959,0.3406806399769246,0.41268020123784516,0.383548228997028,0.34562842553026357,0.5827739414722841,0.24853538913476206,0.25094474656387294,0.6880119517803194,0.24442572054583142,0.389276966137139,0.5166469436855913,0.6140890997180686,0.4170098821615318,0.7046523618491779,0.47843233477740676,0.24300807701392177,0.2226432571980902,0.4774005398751323,0.5376012666937384,0.6541245282614124,0.47467572682063863,0.4594227386886247,0.3571009192559918,0.33714807010916864,0.48749826737288526,0.9341936915825989,0.6817231526079304,0.7017116248162387,0.4553862808885934,0.49396230539417263,0.4654523641005385,0.4154244806145068,0.3906674720816455
0.7808939195102887,0.7977245395072389,0.5759403828043509,0.6409411726855319,0.6714657284369553,0.5994407953045643,0.807236859042926,0.5378415400734421,0.7043320710408203,0.8635351891528513,0.5266728458264173,0.7558070390421571,0.7209594124070101,0.6344195553736162,0.3174677539090855,0.7835505828275334,0.7763360831651008,0.8862794233327315,0.3086878749257189,0.6046205225661405,0.6312396091552939,0.6641336093163901,0.5259736430490983,0.7083528659901178,0.0,0.9188938838481925,0.5896453470059491,0.6815801767317132,0.5746826306515107,0.5637082992142247,0.6690436510280061,0.2318131341335878,0.08977978658726497,0.37622623026323804,0.0,0.40076322285703975,0.35098919257587957,0.4828220177638797,0.013564067410559577,0.0,0.412209680102676,0.0,0.47077347844029177,0.44876058215678605,0.3562277375280643,0.5459550957149197,0.7028249745131988,0.5055158751391076,0.5448980889127982,0.47952106516680043,0.6117469842592079,0.5607124764024831,0.4550416934496196,0.6355937545845954,0.7603116628089128,0.6051153137398534,0.7287743080276541,0.689479281708717,0.4512766570289284,0.22396109016595975,0.6755779276242552,0.6094267911638553,0.7715650896904142,0.4875010555915371,0.5273449142973696,0.6255140047598078,0.5686225092965712,0.5791907056712213,0.6299072332119537,0.9147491671931907,0.9225582247968985,0.5116938442327721,0.674510988512774,0.566761984564266,0.5514468083869021,0.5801258391446148
0.7807013237748932,0.8716467740165845,0.621255542051209,0.6594621001526166,0.7249760844119975,0.7274045849078482,0.8311315759509017,0.6928971779496164,0.7607510740460505,0.8875745272514453,0.5587134930489376,0.8627150515336695,0.7986162767392797,0.8012691626391887,0.38075498665834195,0.7595692917299708,0.8775894190582519,0.8061155458185535,0.23983534163933456,0.7009458016178782,0.7040893221233984,0.7053278038244872,0.6592322449212662,0.7372143198807338,0.9188938838481925,0.0,0.6672913883074659,0.7467598713303775,0.5952529233826658,0.6547928716951787,0.662298853481253,0.15137674552866348,0.0,0.38891784605868346,0.0,0.5248374627997971,0.4361285397299938,0.6104105884139079,0.0,0.0,0.4950755604728371,0.0,0.5935513145294297,0.4928664152412006,0.4159618350774639,0.46779849937124723,0.7686131053154998,0.5560308309563439,0.5842461164715863,0.5207086114462007,0.7307434481994548,0.6193947193055013,0.5840846939709845,0.7421450848138234,0.7785748782561621,0.6669629920602849,0.8171963069644146,0.8091170673647563,0.6314662883541116,0.3171490482923762,0.6736869690553213,0.5895738332259833,0.768850267996794,0.49730123926556835,0.6511719510685998,0.6864716578503136,0.6417217130501982,0.6765524705349056,0.6403869612932102,0.8498325064190145,0.9866544189165045,0.5996993896489253,0.7348735688805685,0.5807385982024379,0.5934281750800774,0.5780489875044786
0.5942647642833151,0.602776857712529,0.8434048826665845,0.4678090715411779,0.7239370629275076,0.8725648902303559,0.7300069200594432,0.5399741273382233,0.7987080658127959,0.6123659071839985,0.7483257054663195,0.54691794031684,0.6946242219508244,0.637796465611004,0.6643910280295491,0.5181526589999533,0.5678080379187481,0.48077791852027185,0.5991057097011951,0.812719638397324,0.6743274096335778,0.7209262529010163,0.835272419464268,0.45321063269658085,0.5896453470059491,0.6672913883074659,0.0,0.5784361247341144,0.8418842090459397,0.5590318602921507,0.5276247238392954,0.0,0.10359229158367729,0.4538960581493004,0.0,0.47080402665732074,0.3578287876027605,0.5765240944403563,0.03299525432956132,0.009613113569326157,0.4386968251646571,0.0,0.6228088698480249,0.36558423820668634,0.38120315138774874,0.4055722125534257,0.5800503432176717,0.8238581807272115,0.48279774840936535,0.504764672046998,0.7912592375057487,0.5007299540557009,0.5171662649282436,0.8697153237010591,0.5190486175189137,0.8136681806350781,0.5070490515829084,0.701601544579137,0.5505685398404472,0.6297219137273452,0.7516933303905974,0.3272297841146537,0.6652205279146245,0.7812358744783137,0.836416587472614,0.691935837766278,0.7707191926450386,0.8299963520211664,0.4630013229869641,0.6963175897100078,0.7330936097707909,0.9486073206109663,0.6641914739464041,0.7692045725881258,0.6465459088832922,0.6693302264439007
0.6436959964704909,0.8161903260062767,0.5542347755872418,0.8473992885466608,0.8666575933901342,0.5657427854857718,0.8984507760456776,0.6462263494757863,0.8129340477854523,0.7911854335346663,0.6227056397704446,0.7208191047365475,0.8945574593685733,0.8235419066549539,0.366279755323745,0.7633363135223336,0.803347778729625,0.6299399788722881,0.2244364630152497,0.7151940904855969,0.7257024545052331,0.7491098442103469,0.5149104185706744,0.46851337569476825,0.6815801767317132,0.7467598713303775,0.5784361247341144,0.0,0.6196013180320703,0.8917742450851235,0.8206299925930766,0.24542269980995485,0.0,0.3045548657589524,0.0,0.7078897986064809,0.5797395934804299,0.527777222009614,0.0,0.0,0.4823780441494049,0.0,0.6880024753722068,0.5323339722849065,0.26813777789384263,0.2852402779085842,0.6684148192873399,0.5010438665955501,0.7389281246846965,0.6701367147605608,0.4622781508172984,0.6789736080848514,0.5073097315133106,0.7405325963853502,0.6323022032663705,0.6852000071949702,0.6732920282890628,0.7827542500969877,0.7453422257552738,0.2335239987075889,0.5911321782458483,0.38345217329513287,0.5801814475086408,0.45933270677829546,0.5731602657409273,0.7238058038975808,0.6104600902512567,0.5172977957957091,0.39175634817435395,0.5893890361085176,0.6873540614823519,0.4081518694039219,0.821392732002683,0.5122653205061911,0.6716761105322424,0.5914726729566457
0.5738617831312822,0.6115596447280656,0.736356305730165,0.41003556450081763,0.7013661933890558,0.8323319639679027,0.6842371375414849,0.47685976039133765,0.6620408391983165,0.5822861657437318,0.663780614106792,0.4998663946033852,0.7525454033394406,0.6414323198446602,0.7238440071167691,0.5793721330416047,0.529604512041204,0.4899740610499944,0.5569692941525937,0.8555304274648002,0.6923735910582107,0.7806278659094181,0.7947970119924775,0.3992952803154259,0.5746826306515107,0.5952529233826658,0.8418842090459397,0.6196013180320703,0.0,0.63249623106255,0.6104865151341375,0.0,0.14282593867949162,0.45773436849115295,0.0,0.5792667640556579,0.3925475162167711,0.5368831553910619,0.07119530767434486,0.08502602577647608,0.5101073691490262,0.0,0.6256558983548411,0.4428177738312354,0.27924070202863355,0.4770502694718564,0.5381631552296341,0.6656846210884981,0.47120282701000993,0.5869068018842731,0.7096035569706982,0.5522910590597291,0.43119214162853003,0.7433717670654891,0.5028460198765834,0.7021315536720693,0.46558870869700836,0.6920008718703687,0.5296886388348003,0.6633200556412244,0.7626505080216842,0.3330961903763944,0.6544350355554405,0.6316461240541728,0.8157854175922293,0.6921712269164205,0.8160554556748859,0.7346247861035423,0.4336621031718635,0.6672296091903797,0.652323151717236,0.7753673609483873,0.715523575137035,0.8358972097358384,0.7103342677485579,0.7225321980424098
