0.0,0.5740627795457528,0.5645228166532615,0.2526810708448608,0.25080862193118675,0.0,0.2836579622576494,0.26303591299019785,0.41651791554825274,0.43186322106818187,0.3575524846110334,0.0,0.31017996004452936,0.0,0.6114937741116879,0.7807886530658614,0.29496972489938966,0.1934231745520119,0.3754161535308532,0.6479917417832327,0.6774894621856263,0.816317528681173,0.07169930819319058,0.3089414981853686,0.7027124898174947,0.39760112799448094,0.10765937803315542,0.46852079838830896,0.10854289129534038,0.31443360272062953,0.6809202675323858,0.0,0.4881881343890779,0.4850252479739975,0.10307903357434041,0.11562434656642001,0.016911782067287245,0.22852670157479119,0.0,0.0,0.10042647293263593,0.0,0.11660050021376832,0.23185801944737924,0.13862763957093596,0.8377490610477846,0.07237141126603541,0.44919337015793565,0.10536749844736173,0.3333957651104512,0.4207093548815375,0.4871803248775997,0.35646343102703987,0.4773665349663962,0.4497822631049087,0.3948265194231947,0.03652184845640965,0.3027962648598315,0.0,0.656327270047913,0.0,0.3874908371681764,0.010666330412281128,0.4032657163449488,0.5416804292207111,0.6971507213753425,0.13696733708665862,0.39306871201672505,0.22459212371237988,0.05682746359933707,0.4524054025180718,0.5352605493491355,0.48625854643008776,0.7133365260170303,0.37753527786328256,0.3824535154575387
0.5740627795457528,0.0,0.2585541716295223,0.5493237982274704,0.20445269907135394,0.0,0.2671416215376334,0.3638774557472996,0.11142668648242093,0.43218856020222307,0.07090033659883899,0.20153563946395792,0.5555905215511195,0.0,0.02558353906641353,0.688332238510407,0.5917417579233064,0.4960797925981813,0.0,0.22324188167484849,0.4801421233686303,0.5755461010803754,0.0,0.26864845906992213,0.5994025592332592,0.6278343941263349,0.0,0.6189435923506637,0.0,0.17929283319541187,0.28134305162234563,0.0,0.3289650638331753,0.20264158354403086,0.0,0.39746276245744183,0.04687872804584536,0.15424661314846924,0.0,0.0,0.0,0.0,0.30098092046503905,0.07560844253378621,0.00262958298070394,0.22855238919674586,0.0,0.07100303534642839,0.14136191613897944,0.2645242244067101,0.37338274357663437,0.3515865376328885,0.33456383926548516,0.21033164417649608,0.28814963061219057,0.10750091804099345,0.3585922455351799,0.37498446313183376,0.0,0.2186968430579396,0.0,0.4661252290142887,0.0,0.03270019434436977,0.04783711168547389,0.36182660389766136,0.0,0.2717382093684236,0.16423696802137663,0.0,0.1216823406640077,0.4209315692958633,0.41295818525613276,0.3532182203976157,0.22039161492878745,0.0
0.5645228166532615,0.2585541716295223,0.0,0.0,0.24485083355178802,0.1997225819922523,0.3224322738104067,0.22168267695443206,0.7855834976437494,0.39739831423176253,0.643287482429084,0.0,0.2564427313304896,0.0,0.6198299059437765,0.45324035339031543,0.0,0.002496846801700776,0.6047331465946281,0.7205314519592624,0.5542757788717725,0.6806721463194002,0.1697868507820351,0.21728457173968227,0.6678509213076553,0.23769006860763994,0.5877310715427282,0.14168085574594638,0.39213688675474334,0.17330201403351608,0.2841945811176137,0.03230071589134238,0.38528893788900054,0.34932485851113965,0.047115166417207054,0.0,0.0,0.1931478904444309,0.0,0.15540133850195462,0.21719239259997372,0.0,0.0,0.06415721930654653,0.29441062607972884,0.6025839956981904,0.4137872083050537,0.765820198057018,0.0,0.29999746508826003,0.4326328692453482,0.46565868874250477,0.30755743292244286,0.8184295678786788,0.39977802990707195,0.6705535753576551,0.0,0.2640176437353884,0.0,0.6009361564535534,0.14111844540409935,0.1513314840332479,0.1334091404720425,0.7542477743891115,0.5763904431468,0.5324861366674509,0.42978405408965603,0.35787072805926795,0.17074534056671828,0.42258187856480844,0.4327062847772588,0.5934740108268481,0.3921153691941228,0.5848446393555101,0.3233323522052556,0.2629131107969071
0.2526810708448608,0.5493237982274704,0.0,0.0,0.1652946054237965,0.0,0.08804194068697163,0.1627186885920835,0.0,0.26725548811387967,0.0,0.18997004906282053,0.23830067826988038,0.14192321519946227,0.0,0.3530818526964387,0.4072879852962133,0.33864941672634147,0.0,0.0,0.2321398728886276,0.23260622560725475,0.0,0.20573620945886004,0.19450277271233546,0.23417729091654596,0.0,0.44493183109380074,0.0,0.08610073714095796,0.2059443052497142,0.0,0.20558827170494268,0.17773846957516853,0.10452400015672042,0.4257764441838458,0.10912554401912179,0.11416426308340373,0.0,0.0,0.0,0.0,0.3371455166338815,0.05312179709831213,0.0,0.0,0.0,0.0,0.18126519867286775,0.12463276845891992,0.08667704594418951,0.15137207714258652,0.1766122997201541,0.0,0.1554280749925084,0.0,0.2894676063328985,0.19309041672704694,0.0,0.0,0.0,0.30152391199516315,0.0,0.0,0.0,0.18305337247344045,0.0,0.035137945385879395,0.19624965473955266,0.0,0.0,0.14836153476805183,0.1818118971258079,0.10514267587574429,0.005295825214514313,0.0
0.25080862193118675,0.20445269907135394,0.24485083355178802,0.1652946054237965,0.0,0.2666951672503611,0.2547771209821265,0.280134312917062,0.4977323950778834,0.0790576081790068,0.4742431650312536,0.1300467729640091,0.29383094124897513,0.35667313347037016,0.2041512776082089,0.19353424131729408,0.07964741971258117,0.038607787410170555,0.14756945551917366,0.28543799369598205,0.28061755712701786,0.20283267706250654,0.23933793797412847,0.2175825195410996,0.17666434450884216,0.20338090783508325,0.2120958640004351,0.22847201631011352,0.10550135957917724,0.1840933401776952,0.11205685633671994,0.0948675020801914,0.1888066720708823,0.2053451864365967,0.22282856393318304,0.22643182008284266,0.0187997273157396,0.2269298766006371,0.07971663134086124,0.0,0.024534140264790064,0.0,0.0,0.10962425266799995,0.12030456348170784,0.20845036499011574,0.19783011502922554,0.37819927147755816,0.0,0.43696569422461956,0.37606856935183625,0.4495933575393707,0.4873637501735952,0.46188077653047066,0.2884042692361757,0.445108525292014,0.1913538753894426,0.39122976148214167,0.0,0.25155712762135507,0.0,0.2310754378078458,0.0,0.27438091758062466,0.21089410164230551,0.29813582097711894,0.037753287417345766,0.42269715594579926,0.19895571841928783,0.0623568697181742,0.295873187753463,0.3614513846203217,0.182527083430722,0.2371672849854848,0.24440790155417594,0.10962130934410308
0.0,0.0,0.1997225819922523,0.0,0.2666951672503611,0.0,0.2443206152796734,0.590352315186354,0.21937085745529603,0.2685044861573258,0.19165531902892485,0.508181359876457,0.5266867173455808,0.31770462897310703,0.16563613276638528,0.0,0.17581966588713852,0.27099330990754716,0.1902132331601269,0.11625348673333562,0.1865031890029091,0.0,0.8115151126493527,0.4654806744107159,0.10312385732361706,0.500688566601023,0.3534672180349936,0.0,0.3625210859148741,0.0,0.0,0.32860323011535114,0.10573816418159068,0.0,0.0,0.0,0.23158382889495963,0.04719549278760235,0.3503860147218483,0.27834129447247635,0.047813394185634794,0.021302748202372226,0.07197243591039444,0.0,0.0342729940723318,0.046680924438707985,0.5457564194119064,0.3154083646107793,0.01051626311868307,0.3125515795427372,0.35791473270048824,0.16432936522203367,0.5260680176550256,0.26916409558040383,0.2246972866253134,0.28312786377059684,0.33912888999351826,0.35354992225272386,0.3139268357894142,0.0,0.2904398552998105,0.17287924499037532,0.25244847280118404,0.31415852262779764,0.09218945639031415,7.96021798287365e-05,0.280687358697542,0.5125332648469346,0.283331628582489,0.3466800636988923,0.503665424003158,0.0,0.0890526165679616,0.0,0.12793443464918217,0.09101492071484876
0.2836579622576494,0.2671416215376334,0.3224322738104067,0.08804194068697163,0.2547771209821265,0.2443206152796734,0.0,0.17777969262948334,0.24030463363541885,0.486856294953333,0.1898125081706599,0.10336897985914369,0.6050309359975031,0.08077932929285057,0.19268879422582214,0.31484142144335703,0.18440556879086123,0.3765497115860869,0.09407948988594676,0.2502931793841734,0.28515827206704336,0.29503677063848827,0.09672972652018912,0.23803483859133065,0.29999349497252487,0.3290133701777408,0.12211707856935479,0.2892101258355151,0.2196305724386813,0.0,0.18707627220015477,0.13470496155640382,0.49079425141947136,0.17247335138254188,0.04494543946459212,0.0,0.07152687459429798,0.03353005850400689,0.0,0.14190149594929624,0.0,0.023178074279292218,0.07820917605459457,0.19201053236987106,0.09587696510359109,0.2512597389255809,0.16551362023594954,0.1800912786997967,0.08986426609097246,0.06384702482461825,0.3894981567989231,0.4541272000732958,0.2815818047796129,0.3459608412480634,0.40035633270958554,0.18048760660980298,0.19555925289181383,0.5346314492866978,0.0,0.20299538932608616,0.0,0.32374695954629745,0.21325905951781954,0.19778251146550058,0.12677590177469789,0.2750317949068467,0.0,0.2086466337312432,0.20428762421999563,0.09032835747514908,0.3489740747693376,0.2852709343016599,0.3051852137850447,0.2944483238585288,0.13669994342847921,0.0672604112341959
0.26303591299019785,0.3638774557472996,0.22168267695443206,0.1627186885920835,0.280134312917062,0.590352315186354,0.17777969262948334,0.0,0.22076914379460874,0.4706587648248714,0.30149099374519556,0.6251189147461867,0.593927551903099,0.21303336139293597,0.2066099328290909,0.1358278494847927,0.4205089927548716,0.320392584955237,0.07715978294845546,0.1573190483745725,0.6238973362426589,0.15658102244189057,0.7610999257304282,0.7000566285113456,0.24495978760866804,0.6884740484394152,0.0,0.2959808437002069,0.0,0.0628179495031006,0.047911723605909055,0.09585014939117444,0.19479580853990852,0.0673230061259178,0.0,0.28932178749430937,0.23108595380935018,0.1664881318797314,0.0,0.0,0.0,0.0,0.23280373800231233,0.08248821103531145,0.10127287530294059,0.19251677437653072,0.1447748819170984,0.2205635643840369,0.11811965256622477,0.3379087418684376,0.47350520889160264,0.22684737130877325,0.8036584905298766,0.29833753691062437,0.3570077798499708,0.27701790054147984,0.5493404799380278,0.44028508312770176,0.25918418188400943,0.08298386718680249,0.0,0.32606368520524714,0.0,0.16879050534883325,0.017757162691672414,0.37258360507025046,0.0,0.6331705776259521,0.5898805600550399,0.0,0.4963069612126671,0.0,0.2759720203767866,0.0,0.202064817022776,0.0
0.41651791554825274,0.11142668648242093,0.7855834976437494,0.0,0.4977323950778834,0.21937085745529603,0.24030463363541885,0.22076914379460874,0.0,0.20522277448716877,0.7469525029467672,0.0,0.1699844973368507,0.0,0.5867717920717399,0.265986336815581,0.0,0.0,0.5164774538201526,0.6856637190449906,0.48388374703966747,0.5271334981641974,0.2555810884678986,0.12151915051336405,0.47277633809425645,0.10564004400964742,0.6234540702708238,0.02633235439221303,0.3680142052201812,0.18225937531811953,0.1641600424766754,0.0,0.21991962777024734,0.26906167101495065,0.09876121931332456,0.0,0.0,0.23769007704375714,0.0,0.1301986916085084,0.15386667413291016,0.0,0.0,0.0431488913734947,0.25977510375254476,0.5571965728162359,0.3989948006293157,0.8056143516533326,0.0,0.3669499802268332,0.4038521826845867,0.5192300526356706,0.3358579383740014,0.9417697422609292,0.38584017714928,0.792897467623187,0.0,0.21468726286374046,0.0,0.576347621197135,0.1398302044982082,0.08016622634089196,0.06833747864899234,0.6498313066930902,0.5311167599775666,0.526124315431933,0.3939486284847411,0.44311656875401356,0.08841848269096955,0.381242229687173,0.39198199778694826,0.5859154445487654,0.24095977242457256,0.5266340500299537,0.27505470344625704,0.2671786828912109
0.43186322106818187,0.43218856020222307,0.39739831423176253,0.26725548811387967,0.0790576081790068,0.2685044861573258,0.486856294953333,0.4706587648248714,0.20522277448716877,0.0,0.19193099140643644,0.43803105444977647,0.6356693757784446,0.0,0.2516416589245609,0.37629676283545965,0.5130807775569021,0.5135796381343547,0.06828631480941989,0.30079552688924516,0.5457196795747482,0.36855152472249564,0.2542606580494901,0.5529865389961555,0.5059644145328425,0.5672704635743273,0.0,0.45392879599383007,0.0,0.12342646864871924,0.26795121922847087,0.0,0.3702221427218138,0.20476006911288028,0.0,0.10688017412858843,0.2659774975064849,0.21915884804668162,0.0,0.0,0.0,0.0,0.2496719798092132,0.06932575580494309,0.18475357479299395,0.28298306570618986,0.10593075264108605,0.19206039467090366,0.045476850194811076,0.17837093934944706,0.36916639426738135,0.2613377858211885,0.3837751757905664,0.3043646313691164,0.545683729180914,0.23700618723039385,0.4781824199455637,0.3966293988695472,0.0,0.10688968480503641,0.0,0.474715818971338,0.042331050058396796,0.14296693395936158,0.09099372089873835,0.37742414336646957,0.0,0.27653946367651866,0.3976177267634093,0.04118302546371619,0.4145672336552309,0.051458492462758285,0.3758473340587246,0.16887092431715814,0.3065400602877416,0.05432587983315897
0.3575524846110334,0.07090033659883899,0.643287482429084,0.0,0.4742431650312536,0.19165531902892485,0.1898125081706599,0.30149099374519556,0.7469525029467672,0.19193099140643644,0.0,0.0,0.13007009077291481,0.025405992900938923,0.40774193752041343,0.18507317096900497,0.0,0.0,0.4107456875061185,0.4130181414969351,0.3955192024851785,0.3317914787779582,0.21722696849827097,0.255775398981246,0.4221052889639422,0.2136435515150047,0.4250256332176633,0.0,0.23555743829599723,0.05209758633460597,0.0,0.0,0.2516425771141309,0.1511353783997816,0.06962220696874934,0.04176739520598118,0.0,0.22827267420705535,0.0,0.1988746448198583,0.05936651972164424,0.0,0.0,0.017261828816604964,0.2502379105160217,0.43597292790689246,0.28555104627155553,0.6502024189718942,0.0,0.22851388997247335,0.2465340352380994,0.26311449728812464,0.35392409911533823,0.7332112653387107,0.25829024554928126,0.8034879058876033,0.0,0.12470241081959024,0.0,0.36362316347324386,0.09016277356630031,0.03309583114028468,0.1142114446694758,0.5704545529994414,0.3181439002423674,0.37517895785474437,0.25148403796718516,0.2775878610485221,0.30222286824514905,0.29222639764995106,0.41178611541850413,0.4009062349722301,0.09466519693738842,0.31903557536762467,0.0933483668599697,0.16509844565213913
0.0,0.20153563946395792,0.0,0.18997004906282053,0.1300467729640091,0.508181359876457,0.10336897985914369,0.6251189147461867,0.0,0.43803105444977647,0.0,0.0,0.5603930468801116,0.28289391881735537,0.0,0.0,0.6053372911759854,0.40723483438685465,0.0,0.0,0.15204702161538072,0.0,0.4875345241375436,0.6569828628965146,0.0,0.6586058293476104,0.0,0.32781812066356475,0.0,0.085380845644952,0.0,0.13674850981883788,0.002939442955722071,0.0,0.0,0.26056498853059284,0.40927382750800373,0.10141333893454983,0.04930629449847296,0.0,0.0,0.0,0.1541928019413275,0.0,0.04364287579371772,0.0,0.0,0.0,0.13146909793079006,0.22959940307808216,0.16433809425298343,0.0,0.44733251474262503,0.0,0.2668964380440204,0.0,0.8185193422140932,0.3232478961689127,0.3325333816760299,0.0,0.0,0.4211475925408485,0.0,0.0,0.0,0.0,0.0,0.27157612672949755,0.4993395400439775,0.0,0.3317426925165805,0.0,0.16209645727374383,0.0,0.14410657792945722,0.0
0.31017996004452936,0.5555905215511195,0.2564427313304896,0.23830067826988038,0.29383094124897513,0.5266867173455808,0.6050309359975031,0.593927551903099,0.1699844973368507,0.6356693757784446,0.13007009077291481,0.5603930468801116,0.0,0.17815429298741298,0.14368245126474863,0.3472219890020026,0.5794113191504827,0.6351965189255964,0.0,0.20422469312856845,0.45247956829082986,0.2831499042646268,0.3896091126455225,0.5071664274411188,0.33840769654074304,0.7141364993297148,0.0,0.53815546781883,0.0,0.0,0.1282314906647818,0.07554264847644933,0.36246124553991377,0.14959235452061148,0.0,0.23168882183355932,0.2970069525938762,0.07469984813863699,0.0,0.0,0.0,0.0,0.3079050351602572,0.11512020444265311,0.04288454372567215,0.14989090600493726,0.10651345777460491,0.1246447247965419,0.135578907399349,0.30210282313468284,0.5086066611554398,0.39402533521298494,0.5314251758010664,0.29102692538273545,0.46745061363204504,0.1681540641772448,0.5903414995376414,0.6375507129609478,0.16386451424346551,0.06797808834158375,0.0,0.5652081668003458,0.0,0.08313246222552363,0.03407977333352305,0.22481105606893015,0.0,0.4040223187144911,0.3381703359576176,0.0,0.46957655588488223,0.07108665722671285,0.4224183979956416,0.06288677927054394,0.27307104839966795,0.0
0.0,0.0,0.0,0.14192321519946227,0.35667313347037016,0.31770462897310703,0.08077932929285057,0.21303336139293597,0.0,0.0,0.025405992900938923,0.28289391881735537,0.17815429298741298,0.0,0.0,0.0,0.062044499561786946,0.0381389810459514,0.0,0.0,0.0,0.0,0.27154667875943106,0.23645169230022026,0.0,0.16635826447546478,0.0,0.0,0.0,0.0,0.0,0.2177955033647163,0.11664864013139728,0.0,0.04706311829629442,0.11936169001836493,0.0465798765811223,0.0,0.16592208434011924,0.08001501534987894,0.0,0.0,0.0,0.0,0.0,0.0,0.0,0.0,0.0,0.08479203815284377,0.057538364044221545,0.04552828375028208,0.2726442888090705,0.0,0.0,0.0,0.2103056453960638,0.17620295130159194,0.24715020460269738,0.0,0.0,0.049515946191714184,0.0,0.0,0.0,0.0,0.0,0.1470791656539309,0.2214879565198199,0.0,0.07373721464837912,0.0,0.0,0.0,0.0022760641163114383,0.0
0.6114937741116879,0.02558353906641353,0.6198299059437765,0.0,0.2041512776082089,0.16563613276638528,0.19268879422582214,0.2066099328290909,0.5867717920717399,0.2516416589245609,0.40774193752041343,0.0,0.14368245126474863,0.0,0.0,0.38083494523746364,0.03865547595272759,0.0,0.612172735069582,0.8359617523021069,0.5251092116313667,0.6427471834307886,0.2694178882888292,0.17267836238547424,0.4135614482835417,0.14702205585731487,0.5400006182841378,0.2033793556410772,0.4933440443077816,0.29653519974242937,0.5187819700704847,0.19793197860469125,0.2349501032773192,0.43579422146903046,0.11493141754648663,0.0,0.03842648498745022,0.19560506576390416,0.14699969562293633,0.15266777358136574,0.24712408109431439,0.0,0.0,0.1753708236066059,0.22788402590079582,0.7137424776352769,0.5043639067346145,0.5970615769200915,0.08768652914958851,0.3455916279701958,0.32133891660669756,0.3815627461747531,0.2691691016500925,0.5659801446330299,0.3190374967795855,0.5073175673733666,0.0,0.17690700202968446,0.0,0.821660167433747,0.2690247884486657,0.15349535238044057,0.24588536359262772,0.5385608439742836,0.7470672260862258,0.5473227212152774,0.6616633041268395,0.3650195592016734,0.1034045268843169,0.40517966790679455,0.5171925309034451,0.2756187966312742,0.39954674190691775,0.569007063406183,0.4181185900428679,0.5520415018368418
0.7807886530658614,0.688332238510407,0.45324035339031543,0.3530818526964387,0.19353424131729408,0.0,0.31484142144335703,0.1358278494847927,0.265986336815581,0.37629676283545965,0.18507317096900497,0.0,0.3472219890020026,0.0,0.38083494523746364,0.0,0.37082644120542746,0.46753008327498646,0.2676809000554745,0.5521457008946725,0.4994899624190096,0.7925010870067931,0.0,0.16761041047342445,0.6914418476534071,0.35251359834152374,0.02714049469731177,0.5400771180605972,0.06677114015009707,0.2990328856383591,0.6345931439622309,0.0,0.4799218098810143,0.42289310970172383,0.12220159479124271,0.15931941645489892,0.0,0.19474441485402208,0.0,0.0,0.06071863205764669,0.0,0.16025108838447363,0.15906324892691814,0.08933311415841276,0.5596798526303369,0.0,0.30067662787342686,0.11146577010079337,0.27472095015576786,0.33566874108779976,0.3967102070748581,0.1820465351257542,0.3365862234852838,0.32845862083587873,0.20871455231933925,0.04160451543693335,0.269175992709043,0.0,0.4628972966879221,0.0,0.42640631452299255,0.0,0.26883653135980284,0.3989088912190225,0.4597725647228623,0.0,0.24280416524737125,0.054479490650970776,0.0,0.25111822847154286,0.4789571579039465,0.524820912639166,0.6375460675193004,0.39910257610894634,0.23095818188281514
0.29496972489938966,0.5917417579233064,0.0,0.4072879852962133,0.07964741971258117,0.17581966588713852,0.18440556879086123,0.4205089927548716,0.0,0.5130807775569021,0.0,0.6053372911759854,0.5794113191504827,0.062044499561786946,0.03865547595272759,0.37082644120542746,0.0,0.7400082775120423,0.0,0.07301144079383064,0.29093355317440867,0.19926020563414903,0.15406165103280406,0.45234362751655854,0.19219775416550483,0.648229704712925,0.0,0.5928082653411291,0.0,0.2146180099897342,0.1877581148518647,0.0,0.07209787773843782,0.06891453739090583,0.0,0.3843476200706641,0.21261313642297486,0.07415911111061028,0.0,0.0,0.0,0.0,0.2644087230257899,0.10962303721290155,0.07090689391911079,0.0474924658450229,0.0,0.0,0.2707608048415311,0.19066720352896124,0.19032406276052607,0.14524912507587837,0.26138495822740676,0.0,0.3060457925123577,0.0,0.5526839553978383,0.3446151446055045,0.039601837800291056,0.0,0.0,0.6478614229706392,0.0,0.0,0.0,0.11397681125918428,0.0,0.17736556750273594,0.28917531521067413,0.0,0.2265124435849794,0.0,0.40170889733455245,0.0,0.30140861720430395,0.0
0.1934231745520119,0.4960797925981813,0.002496846801700776,0.33864941672634147,0.038607787410170555,0.27099330990754716,0.3765497115860869,0.320392584955237,0.0,0.5135796381343547,0.0,0.40723483438685465,0.6351965189255964,0.0381389810459514,0.0,0.46753008327498646,0.7400082775120423,0.0,0.0,0.04277004730232258,0.2301588480852692,0.20296957095301535,0.13167520738877275,0.33688676208589574,0.27201971500186073,0.5830176910076105,0.0,0.47554724240826474,0.0,0.047299062471608554,0.14259061857555833,0.028714228522732227,0.23691754718843466,0.010666704054442316,0.0,0.2541047972342138,0.17551803927322338,0.029509272280622872,0.0,0.0,0.0,0.0,0.36139328753406924,0.0652035012548717,0.0,0.0,0.0,0.0,0.12144019617722987,0.02548166385305236,0.16864650830633157,0.06307237866190818,0.19337152818850306,0.0,0.20507722562375424,0.0,0.4418878200536633,0.2994188706579509,0.09474042299506795,0.0,0.0,0.524783733268823,0.0,0.0,0.0,0.013633972369740222,0.0,0.08966899355176174,0.16889717471892626,0.0,0.19927059937160385,0.0,0.30094226263764146,0.0,0.2433501717062827,0.0
0.3754161535308532,0.0,0.6047331465946281,0.0,0.14756945551917366,0.1902132331601269,0.09407948988594676,0.07715978294845546,0.5164774538201526,0.06828631480941989,0.4107456875061185,0.0,0.0,0.0,0.612172735069582,0.2676809000554745,0.0,0.0,0.0,0.5695128668402991,0.2697323133823567,0.38388859073550574,0.12677358612390288,0.12634114991634476,0.32706967084993616,0.02190449810316852,0.5459084647985909,0.013269057153235918,0.5239578473945313,0.20758138893328407,0.2846104837571143,0.1955837828049755,0.20537500662082617,0.29415144516669844,0.14306421858326485,0.0,0.0,0.14290100997004837,0.1951707942637412,0.35214785557412587,0.26179361493750525,0.0,0.0,0.027255654070398566,0.24171424454823706,0.4951383752264878,0.41554674943669134,0.6487735203445104,0.0,0.16384235032617267,0.13691726760358178,0.2685646274651377,0.0896943646230041,0.48478331753691306,0.20529736737753912,0.4234269798961429,0.0,0.06276162585734621,0.0,0.5578693601707094,0.4145483999460153,0.08678084825779146,0.34057209318713233,0.7611003120761494,0.6112501047890585,0.257668053969062,0.6082314788884815,0.13909216666708185,0.12164663589926084,0.44400770739398826,0.3359031588834935,0.2989554747203148,0.2334447186141235,0.37069532376643594,0.29009021111678873,0.39210170334677735
0.6479917417832327,0.22324188167484849,0.7205314519592624,0.0,0.28543799369598205,0.11625348673333562,0.2502931793841734,0.1573190483745725,0.6856637190449906,0.30079552688924516,0.4130181414969351,0.0,0.20422469312856845,0.0,0.8359617523021069,0.5521457008946725,0.07301144079383064,0.04277004730232258,0.5695128668402991,0.0,0.560463271020922,0.8095757389078319,0.17652148369049897,0.09913308917570288,0.5318417709188045,0.14618734200255534,0.5425909681593579,0.2830667815472468,0.44187641157792684,0.27800258328501704,0.5203824143775163,0.11139099665702518,0.3058109760257411,0.43731173669411094,0.10396774836262607,0.0,0.0,0.2463819060964747,0.0,0.0408120950588768,0.2369517788360368,0.0,0.03184486414109268,0.14261690217724057,0.2416912984258077,0.6906925625698593,0.4628945383353872,0.648045366369667,0.033882693563097935,0.378169778172632,0.43247456144119617,0.48232940170073824,0.26797482821602997,0.6782973930318272,0.4020869576672653,0.5314814440944202,0.0,0.2547054114456028,0.0,0.7768194757489266,0.12203786905571214,0.21157367725004975,0.12765293842587788,0.5733437294306398,0.8292358184442025,0.5990014347815962,0.5819436596199977,0.4214644241172121,0.04869644126042433,0.33386200086877954,0.46876273115293277,0.48342128291773345,0.49836603419776,0.7029607100245833,0.45045199564112265,0.4351579635058991
0.6774894621856263,0.4801421233686303,0.5542757788717725,0.2321398728886276,0.28061755712701786,0.1865031890029091,0.28515827206704336,0.6238973362426589,0.48388374703966747,0.5457196795747482,0.3955192024851785,0.15204702161538072,0.45247956829082986,0.0,0.5251092116313667,0.4994899624190096,0.29093355317440867,0.2301588480852692,0.2697323133823567,0.560463271020922,0.0,0.608928637972982,0.4415892817799311,0.4457376246966598,0.5926376178946153,0.4467622228747542,0.08018406349405541,0.4382300419025033,0.0,0.16965720534174944,0.4346655659367336,0.0,0.36163132052553393,0.34649018850373886,0.0,0.20559241707813908,0.06807665690361067,0.2005645241720965,0.0,0.0,0.0,0.0,0.3192688762790298,0.11164777325983032,0.1277358384225274,0.6068374591754253,0.1590297412022495,0.42605930455084545,0.1412202468721448,0.396933528401256,0.5802040132636377,0.4847214780160265,0.642283907508228,0.547073939924005,0.5466904924110952,0.41518919965992795,0.21355214772728282,0.464775882451077,0.0,0.49871932679371667,0.0,0.3793737827175128,0.0,0.32431326594760973,0.31912340898407154,0.8307131637224935,0.0,0.6200764965435703,0.3398869131507033,0.037676176440736,0.4974429959352984,0.33779213757781085,0.496843629543338,0.4967454133542205,0.3413707894256701,0.13620919883728366
0.816317528681173,0.5755461010803754,0.6806721463194002,0.23260622560725475,0.20283267706250654,0.0,0.29503677063848827,0.15658102244189057,0.5271334981641974,0.36855152472249564,0.3317914787779582,0.0,0.2831499042646268,0.0,0.6427471834307886,0.7925010870067931,0.19926020563414903,0.20296957095301535,0.38388859073550574,0.8095757389078319,0.608928637972982,0.0,0.0,0.07139821065255508,0.7118890301826432,0.22509948876621919,0.17178880959640164,0.4354364152829364,0.13793956414992478,0.2264275646041709,0.5761345261395796,0.0,0.43639723807789665,0.4922348471465414,0.1258622690640724,0.09944616862479491,0.0,0.24509687390673768,0.0,0.0,0.15637308222133056,0.0,0.14535389894577563,0.14865136292384007,0.1620930102060013,0.6895082979468762,0.1337148095433873,0.4684540106715438,0.10988301407198742,0.33226973950884303,0.43927259374292643,0.5197135643216209,0.2371841245877776,0.5730446881815794,0.3914532338637938,0.4164521291845997,0.0,0.2842828661176156,0.0,0.7145204749784978,0.0,0.29724676545082535,0.0,0.40373798124305615,0.6310227772102867,0.6192548405291353,0.22100806299902415,0.3466807203123115,0.04565396099309408,0.0675279930113575,0.3308032381391759,0.6375446866585107,0.5192135328792925,0.8043348349392663,0.3468375081629897,0.2451476357777833
0.07169930819319058,0.0,0.1697868507820351,0.0,0.23933793797412847,0.8115151126493527,0.09672972652018912,0.7610999257304282,0.2555810884678986,0.2542606580494901,0.21722696849827097,0.4875345241375436,0.3896091126455225,0.27154667875943106,0.2694178882888292,0.0,0.15406165103280406,0.13167520738877275,0.12677358612390288,0.17652148369049897,0.4415892817799311,0.0,0.0,0.5416257029780166,0.07375041163309032,0.4942618723478748,0.27100374668480176,0.020557232614074335,0.1948408255636604,0.0,0.016982162097195164,0.2559085077764696,0.1331795751398612,0.0,0.0,0.0,0.19905210279435953,0.12488533233068076,0.33063445077955494,0.1774763541321586,0.02466484769838736,0.017878390048627367,0.09122429296269224,0.02737525898618378,0.08773749960065096,0.1776630367040275,0.4497407071478676,0.31020573096706955,0.06584086678373118,0.33494782321463873,0.4616828957527484,0.13516406364393568,0.6990815373830263,0.2867217811651723,0.21066040687310988,0.27622785420669976,0.3206401194596823,0.30555436037023076,0.27936701915699125,0.06427878814013736,0.15279796838029935,0.14962504605569232,0.12493461460188796,0.2407709156748564,0.12273557679281653,0.28307460113730953,0.23426409408725418,0.6824915978539255,0.40416536894328836,0.2063203408738908,0.5224689910727867,0.0,0.13667911948821634,0.0,0.1884587805687421,0.1359585197726297
0.3089414981853686,0.26864845906992213,0.21728457173968227,0.20573620945886004,0.2175825195410996,0.4654806744107159,0.23803483859133065,0.7000566285113456,0.12151915051336405,0.5529865389961555,0.255775398981246,0.6569828628965146,0.5071664274411188,0.23645169230022026,0.17267836238547424,0.16761041047342445,0.45234362751655854,0.33688676208589574,0.12634114991634476,0.09913308917570288,0.4457376246966598,0.07139821065255508,0.5416257029780166,0.0,0.17953458548001,0.7211832362440816,0.0,0.29099322542325196,0.0,0.09036072881560413,0.1278055061241505,0.1379299670720641,0.2692328620193901,0.13971961065400268,0.0,0.1718909794033682,0.26439744054705916,0.21972752146882052,0.03347018560706266,0.0,0.0,0.0,0.18352637574395128,0.05721353152114366,0.19185737710356346,0.21730585976915118,0.05040163766528907,0.07121071302835366,0.055143399531838014,0.3515467600041255,0.3199738882067687,0.17125581236431456,0.5930045277406755,0.20027547568220772,0.38305666986970127,0.19147923409664408,0.6162389882818575,0.36053595649287,0.1709304268993455,0.02506415776364679,0.0,0.4053978327273606,0.0,0.14322965434707455,0.0,0.28176073016068587,0.0,0.392896855868943,0.8131041713355497,0.0,0.5927700600706797,0.0,0.3031405979932924,0.0,0.20835716614872457,0.0
0.7027124898174947,0.5994025592332592,0.6678509213076553,0.19450277271233546,0.17666434450884216,0.10312385732361706,0.29999349497252487,0.24495978760866804,0.47277633809425645,0.5059644145328425,0.4221052889639422,0.0,0.33840769654074304,0.0,0.4135614482835417,0.6914418476534071,0.19219775416550483,0.27201971500186073,0.32706967084993616,0.5318417709188045,0.5926376178946153,0.7118890301826432,0.07375041163309032,0.17953458548001,0.0,0.4000496677665747,0.33910890723245546,0.2491350521846906,0.2546839025840397,0.13420523281572705,0.3788175695310471,0.0,0.43204675352766714,0.2497923465571207,0.021145463828900774,0.03218632051743871,0.0,0.20515862872270907,0.0,0.0,0.1161551567435258,0.0,0.15186028427433154,0.0629151121642193,0.06888231767707396,0.5822093883423415,0.22313852946634583,0.5017321489580493,0.0,0.21649738044847303,0.36526661468181526,0.37227724852604666,0.22539285119593658,0.502197840429997,0.33899057805554994,0.46178364602447725,0.0,0.17352295312357108,0.0,0.4532677198714138,0.0,0.21705441588207847,0.0,0.4422453189317061,0.41251152346326153,0.4945504651529967,0.13548372586753984,0.2987126513574439,0.048392946637902834,0.25726093868949196,0.2980365335154942,0.5466586080304567,0.32572253040047217,0.6217023836563187,0.22102662830341427,0.21509105890962102
0.39760112799448094,0.6278343941263349,0.23769006860763994,0.23417729091654596,0.20338090783508325,0.500688566601023,0.3290133701777408,0.6884740484394152,0.10564004400964742,0.5672704635743273,0.2136435515150047,0.6586058293476104,0.7141364993297148,0.16635826447546478,0.14702205585731487,0.35251359834152374,0.648229704712925,0.5830176910076105,0.02190449810316852,0.14618734200255534,0.4467622228747542,0.22509948876621919,0.4942618723478748,0.7211832362440816,0.4000496677665747,0.0,0.0,0.3831442943777394,0.0,0.04224513970645891,0.10330740990042683,0.06398456056440323,0.3636806212244077,0.11786411917129667,0.0,0.26054281671815693,0.20056643975233937,0.10443301542206808,0.0,0.0,0.0,0.0,0.2336500405774001,0.025462365990567993,0.053078654026912725,0.21531744821873047,0.0,0.09548081367145432,0.12209901206603176,0.2670004334995213,0.33975466125507436,0.19849690639449377,0.5560704933338851,0.23359717349513698,0.3098368844170661,0.19958776640766995,0.6069240043678072,0.3975131508342887,0.20966429199591277,0.06884068640947498,0.0,0.4757922531370879,0.0,0.1225981363151679,0.07748700640631488,0.20547745641821952,0.0,0.3799305120342435,0.5621131079657412,0.0,0.5441979367501673,0.027037799156530908,0.3126666312907224,0.0,0.15649934613154362,0.0
0.10765937803315542,0.0,0.5877310715427282,0.0,0.2120958640004351,0.3534672180349936,0.12211707856935479,0.0,0.6234540702708238,0.0,0.4250256332176633,0.0,0.0,0.0,0.5400006182841378,0.02714049469731177,0.0,0.0,0.5459084647985909,0.5425909681593579,0.08018406349405541,0.17178880959640164,0.27100374668480176,0.0,0.33910890723245546,0.0,0.0,0.0,0.8452506156268691,0.0,0.08323984297156191,0.15756388592832846,0.041178253460244126,0.05683507712742233,0.05268296718228455,0.0,0.0,0.09284306587240895,0.2963736006698322,0.45268419602249343,0.3022817962645764,0.06258679374776192,0.0,0.02177429426409898,0.12539046825184116,0.40981573415811284,0.7698796639956467,0.6508828476396107,0.0,0.14587776621862697,0.14443817817565333,0.2223628200992811,0.014289125799092337,0.5569123114722265,0.08106839120088584,0.5265648571900474,0.0,0.0,0.0,0.3966908951587721,0.6907332621269456,0.0,0.46791631404387063,0.6167911762228651,0.5142057790547624,0.1650960679344447,0.7894468670946967,0.18901375181147054,0.0,0.7890122110614829,0.23914143099158686,0.2642422973288107,0.0,0.36433675490958284,0.10906025962262172,0.46694445497805953
0.46852079838830896,0.6189435923506637,0.14168085574594638,0.44493183109380074,0.22847201631011352,0.0,0.2892101258355151,0.2959808437002069,0.02633235439221303,0.45392879599383007,0.0,0.32781812066356475,0.53815546781883,0.0,0.2033793556410772,0.5400771180605972,0.5928082653411291,0.47554724240826474,0.013269057153235918,0.2830667815472468,0.4382300419025033,0.4354364152829364,0.020557232614074335,0.29099322542325196,0.2491350521846906,0.3831442943777394,0.0,0.0,0.0,0.4568421550631486,0.4343782981971423,0.0,0.1765849407930046,0.25087608970487185,0.10895329145713106,0.4059485930025514,0.26447315734389915,0.16077090259872104,0.0,0.0,0.0,0.0,0.27551694214889155,0.18870616716243882,0.09297843872611976,0.21316724383986752,0.0,0.09074526241224735,0.2873152968287021,0.2805483334845108,0.2935510411861164,0.30014560792096356,0.31872245301777496,0.06913233477214258,0.307029526987246,0.003919462348263063,0.4336718095101271,0.37133628049102574,0.0,0.2357875741385759,0.0,0.5063072028030415,0.0,0.0,0.08922310459558115,0.34831067875029686,0.0,0.23126947561629813,0.17902042380457897,0.0,0.17504834158780053,0.08886870428692065,0.6348685577465154,0.20025484868214458,0.5325217251252279,0.01296420422964176
0.10854289129534038,0.0,0.39213688675474334,0.0,0.10550135957917724,0.3625210859148741,0.2196305724386813,0.0,0.3680142052201812,0.0,0.23555743829599723,0.0,0.0,0.0,0.4933440443077816,0.06677114015009707,0.0,0.0,0.5239578473945313,0.44187641157792684,0.0,0.13793956414992478,0.1948408255636604,0.0,0.2546839025840397,0.0,0.8452506156268691,0.0,0.0,0.0,0.19703324148018633,0.27162334032008656,0.06777846835145426,0.02238378483678129,0.09397089351613783,0.0,0.0,0.044165426229963146,0.42772141573425426,0.5055180548523351,0.27422903121721015,0.21149149084158408,0.0,0.09040826945517634,0.07538890871053283,0.3632690232005266,0.6843180889495615,0.4804182051899601,0.0,0.03485969379637541,0.04869128301485727,0.16219956774576258,0.0,0.3154414989911419,0.06639783313779302,0.324876391085511,0.0,0.0,0.0,0.33913933879622715,0.7849317117007781,0.0,0.6347999321632306,0.5006124202443284,0.4872644601478669,0.04654331918440543,0.770080845287158,0.05137132526697812,0.0,0.7511004055287378,0.1986237838625755,0.1840649161856437,0.03957689897506931,0.3272069039722489,0.16392735381551063,0.5995665172580181
0.31443360272062953,0.17929283319541187,0.17330201403351608,0.08610073714095796,0.1840933401776952,0.0,0.0,0.0628179495031006,0.18225937531811953,0.12342646864871924,0.05209758633460597,0.085380845644952,0.0,0.0,0.29653519974242937,0.2990328856383591,0.2146180099897342,0.047299062471608554,0.20758138893328407,0.27800258328501704,0.16965720534174944,0.2264275646041709,0.0,0.09036072881560413,0.13420523281572705,0.04224513970645891,0.0,0.4568421550631486,0.0,0.0,0.47788341127814743,0.08278092422850153,0.0,0.19586149012461293,0.1265074886026116,0.203964866030843,0.10659873139180315,0.06726120309678632,0.0642169622487529,0.0,0.08565069450380852,0.0,0.0,0.19020347497533052,0.11712583802311496,0.2836195178303895,0.0,0.29706616561724936,0.07764801628877584,0.2400478538740656,0.12693135054485616,0.16132014915295315,0.13195859106266655,0.08803995932312597,0.1412321145211443,0.13041139550395275,0.08068709750081793,0.07437787924394039,0.0,0.24469153264085394,0.0,0.2943968823359152,0.04492776997072376,0.0858556173428002,0.2155590511426357,0.2698609786957879,0.02711242662380474,0.15019589867365618,0.015862259208748394,0.0,0.06745152240013909,0.08780150973916902,0.5047558568992694,0.24357710259409437,0.5741770991697157,0.3410268933169919
0.6809202675323858,0.28134305162234563,0.2841945811176137,0.2059443052497142,0.11205685633671994,0.0,0.18707627220015477,0.047911723605909055,0.1641600424766754,0.26795121922847087,0.0,0.0,0.1282314906647818,0.0,0.5187819700704847,0.6345931439622309,0.1877581148518647,0.14259061857555833,0.2846104837571143,0.5203824143775163,0.4346655659367336,0.5761345261395796,0.016982162097195164,0.1278055061241505,0.3788175695310471,0.10330740990042683,0.08323984297156191,0.4343782981971423,0.19703324148018633,0.47788341127814743,0.0,0.13272983632484914,0.26585046416879904,0.4721345197541023,0.21448528150630952,0.03025911434483289,0.15326398848164402,0.19021290534360183,0.07109041550705163,0.0,0.1397295583039544,0.028217380336661338,0.0,0.23186577108903245,0.1269392035314832,0.6077537947504387,0.0852146348603773,0.2652030241975135,0.20126862908114238,0.2426599837878564,0.21840664086246867,0.34007632727074094,0.11949564467262372,0.16946847858146533,0.29057413110026303,0.03675696195612942,0.0,0.17704486035845818,0.0,0.5431263282942597,0.006451378717788257,0.32725184823473785,0.08416594608394433,0.17568988810168862,0.4987495867108245,0.4885326389089453,0.2244295368168521,0.2102431693384074,0.01655987871216956,0.05179614858852939,0.2188296323366383,0.23766698707625913,0.4714307875413636,0.5281785889152908,0.4628730836860478,0.5833542998576752
0.0,0.0,0.03230071589134238,0.0,0.0948675020801914,0.32860323011535114,0.13470496155640382,0.09585014939117444,0.0,0.0,0.0,0.13674850981883788,0.07554264847644933,0.2177955033647163,0.19793197860469125,0.0,0.0,0.028714228522732227,0.1955837828049755,0.11139099665702518,0.0,0.0,0.2559085077764696,0.1379299670720641,0.0,0.06398456056440323,0.15756388592832846,0.0,0.27162334032008656,0.08278092422850153,0.13272983632484914,0.0,0.1840622740716096,0.30562859996820974,0.1367385282834411,0.0,0.11735895829905156,0.05337919849289512,0.5175392148211043,0.2791309848244845,0.1712742481626486,0.3040712995183923,0.0,0.12276037429271668,0.09265703642998674,0.033318299591912064,0.3277662086905151,0.014406045899909728,0.0045446251407752925,0.1854529947161525,0.1429947872806729,0.09337000645716974,0.18430968752040394,0.0,0.19912386542750762,0.002260063412579537,0.15281186867904162,0.21566907282666312,0.17603410357321866,0.10889921225466741,0.2436138148597999,0.13883443436592607,0.23781741784141888,0.12640629482236992,0.11453423858323675,0.027529413346326796,0.28130800805512907,0.15424451143504753,0.14583203412688187,0.2470597330293081,0.29855819231657676,0.0,0.1212767381237008,0.0,0.07736853270575234,0.23544773118771312
