0.0,0.3435494634965695,0.2829329917469165,0.0,0.0,0.337401841223845,0.009029519188488072,0.21760326218218065,0.22901102133266363,0.10031001667886062,0.07732423381418181,0.11427789988483988,0.16137869389605586,0.05128524138882661,0.2425869404090074,0.2779029147965071,0.13982846700532134,0.3055865499721658,0.17676624910383637,0.3449507419622332,0.39494589407556235,0.3881025950265573,0.3050139018632659,0.36564105999901764,0.4798497880769139,0.31895804298310165,0.26204858437873885,0.29766357439761665,0.38932624815070865,0.26579852622605626,0.14279021465267125,0.27185841184885157,0.16282422186437273,0.17477810216535422,0.0,0.09370805983423042,0.03811027504744182,0.12743850577889543,0.27382934453150176,0.29135171185110215,0.14402421951507785,0.0,0.09101563727486926,0.1782385501530957,0.14240082837898663,0.6046477488401482,0.2748627099033642,0.26671626422223593,0.16737414098338077,0.0680482030686637,0.35678266747425563,0.21016066864649963,0.15448221586285213,0.30617705277609497,0.18710738008832573,-0.014975598547983396,0.14095617671766228,0.28456931875152736,0.049300906803654516,0.3023725586693415,0.30743203371167777,0.30403412127403656,0.3771976762812334,0.12601910617856635,0.3413389520222364,0.3568641393668269,0.3446390283713915,0.25737439599087425,0.41082897410452424,0.4173342220620307,0.44106204608225935,0.31261334766144233,0.32704513803135826,0.455034108304099,0.20619074225048314,0.18810115881180217
0.3435494634965695,0.0,0.310712332418985,0.010504704668023878,0.1664769877482277,0.3912559122280883,0.29488210891263417,0.3185143797667929,0.3139493641589895,0.32751589670520076,0.1941794796071862,0.18373946876401429,0.38123939642411353,0.14594388469680084,0.4056806854205184,0.31058451652142627,0.36344184572190064,0.460155997694013,0.15876536660761506,0.36028995054082563,0.4080676199271572,0.5037527920664041,0.36362916916452687,0.16444577834712798,0.5748548048453836,0.5579366327968812,0.3001110869070212,0.37524119909603393,0.368821973928413,0.0,0.14625678551506235,0.1334053078082729,0.14560031623121558,0.0990422656557741,0.0,0.20380658109540684,0.20982238065640033,0.2800286777285988,0.18660669720230183,0.1859659079404922,0.0,0.0,0.16867999406268702,0.15249349075339497,0.25730913466969646,0.3618207733195418,0.4982426481487578,0.29447060175175327,0.07440537599138551,0.2792379647018367,0.3561432330107552,0.2925917760220402,0.3678656057355104,0.3276710519372632,0.2269323656919349,0.1799000294450908,0.2100944745699926,0.4095078729676611,0.19002881546422706,0.11150825060579689,0.2794912200484593,0.2406499128773827,0.19217515265648152,0.1398110617935436,0.34117283197941,0.29940125969973613,0.467658299620528,0.33806994634057347,0.19768502860945153,0.32011325229106613,0.4175546570887938,0.36414974814462603,0.3128642430056767,0.3174227130857356,0.06135089945580859,0.10546904548797893
0.2829329917469165,0.310712332418985,0.0,0.1517554098984585,0.278203385241131,0.49111384673094893,0.2442076793857373,0.46255522419589584,0.5036379886109309,0.21670763767172638,0.5356535418406486,0.17977469799038975,0.42811616194976654,0.11749310368308388,0.3464841231845919,0.3193512272807029,0.3365417417698036,0.3349441891094329,0.553563353686548,0.5081148084061681,0.4050460452075413,0.49182282611465683,0.4765718343037814,0.057144189719211126,0.30171855198563347,0.199075606912896,0.565782372721437,0.451249556838405,0.44102338751734604,0.20881923639775937,0.2700782955215658,0.06996014127463554,0.12412785505171951,0.2050895282756395,0.0,0.1904831256534339,0.04485009663055041,0.23979783268671082,0.10384883756998935,0.2444554813877422,0.0,0.0,0.2800691646123196,0.022245111210580714,0.2673456344632465,0.27542980441860093,0.3273080850606489,0.6165910498738726,0.3516536980368692,0.3478443457790337,0.38844757114201933,0.44916875358537106,0.3547390110275309,0.5530726640464687,0.21187333289131394,0.43557079310233765,0.1672174842162459,0.43387261441336494,0.2819698860534954,0.23084631811521275,0.23584318590551856,0.3208772994387984,0.2508492612276068,0.5389705430737638,0.3844996083582395,0.37169821282838966,0.3817996143327266,0.45295711431863633,0.14164084357153048,0.25950370559488983,0.2836600678184413,0.5414325954233694,0.3608940923878879,0.3382021062133951,0.06460174679718834,0.0
0.0,0.010504704668023878,0.1517554098984585,0.0,0.43307550697405073,0.06887025387457754,0.4363255466601861,0.254462323543441,0.30902625314768917,0.26794941606547934,0.29722463200408905,0.1164133176342546,0.34522952781580724,0.07032756235639065,0.13071940045932173,0.25871186483019215,0.32231170632734685,0.22400350648943332,0.08499907917518819,0.10857541755256438,0.20656690074062475,0.1547081113635494,0.07913387611081629,0.0,0.0,0.0,0.19829846478419472,0.2706121165837874,0.10182908489611303,0.0,0.3176667258744034,0.0,0.06596793965238892,0.20338098727477902,0.0,0.24619467854526453,0.18861082035249382,0.26398571943568233,0.0,0.07546543329466081,0.0,0.09608303931390244,0.32421372475794247,0.0,0.12055804448235644,0.0,0.07425929585667937,0.2269641206425271,0.30620109124412714,0.35730891095351197,0.0,0.3860948615198641,0.30149781171016204,0.22402448950937312,0.1557027117078984,0.337869835450514,0.055825166102965236,0.12445808568363748,0.32132154505988464,0.0,0.009159076007440044,0.10267361332373644,0.0,0.13108672051909176,0.0,0.20991871178899194,0.016583895563625498,0.11984723698390375,0.0,0.0,0.0,0.09054886128099547,0.07415586908064807,0.0,0.0,0.0
0.0,0.1664769877482277,0.278203385241131,0.43307550697405073,0.0,0.10265070308876231,0.6090975030670571,0.3361744966310774,0.501539806864391,0.469180479819009,0.48969512385438085,0.23887407332047056,0.5118755730442865,0.18715514232266134,0.3372592738822822,0.30170258635609454,0.47732063561031446,0.3423147510059914,0.08006392967897834,0.2521972342271746,0.30382962612226816,0.313899176220025,0.12807422541337854,0.0,0.07074570075568985,0.21129893982245215,0.3575813869314297,0.3743689859303182,0.1940611020209131,0.0,0.3566337879078777,0.0,0.1407376364453808,0.17534743857058033,0.0,0.2859022747955944,0.25259227998732386,0.3733963169275883,0.0,0.11045773857710142,0.0,0.0,0.2812263435220666,0.0,0.29564267078519657,0.023450132746752374,0.31469408421647216,0.3372318515242435,0.20583298514260542,0.5476843721490408,0.0,0.4715954940619578,0.43141082307406714,0.3480949150827432,0.29339059855268085,0.5466709831740113,0.2044044122965038,0.2661407119042362,0.40292601438338965,0.0,0.13972925091104665,0.17190682237698648,0.0,0.18765556648279627,0.0388755799646429,0.24662850041058373,0.2359168694372989,0.20454737420922284,0.0,0.0,0.12129855096919304,0.22324478565826614,0.16022045621334943,0.0,0.0,0.0
0.337401841223845,0.3912559122280883,0.49111384673094893,0.06887025387457754,0.10265070308876231,0.0,0.17652794523984117,0.4633221474683496,0.4346972599697828,0.09758614252968184,0.33803761593795617,0.11317391004891256,0.4110684673801462,0.19569426119798394,0.24273984131231433,0.287324731893678,0.21127265977059473,0.3318823385852247,0.4213144428300882,0.4491676160721496,0.38130762253331896,0.4337463998756679,0.5363857800730324,0.1647222289330317,0.419535844617771,0.23486721690036488,0.49493817836142473,0.3800878717849953,0.5143998021459842,0.20808144806776907,0.17314489951547718,0.21696182854809568,0.18393460993546862,0.22119300312642698,0.0,0.14795353220160998,0.0,0.161928789487523,0.24772441024880026,0.29982895310851215,0.06291094133436778,0.0,0.22610484180430868,0.08116645995021703,0.18254602712785908,0.349175551548562,0.32971333904749345,0.4531917201761025,0.28774031264239336,0.22839944575693905,0.5719076159711828,0.3300836856367279,0.3396253385455702,0.4943668335367872,0.1557121907085354,0.20828838447728681,0.16328506945257634,0.47100589830827105,0.21991821335230655,0.19862255188556097,0.28159366968283633,0.30756853267647283,0.3125218219432481,0.36466868665220664,0.37474772414869595,0.3088107047649312,0.3612882351305737,0.44514411419564953,0.2182942217864949,0.3576119289510263,0.3367140355323383,0.5007132401893989,0.3512846702485512,0.395993868530378,0.1811766718514657,0.08527370113953878
0.009029519188488072,0.29488210891263417,0.2442076793857373,0.4363255466601861,0.6090975030670571,0.17652794523984117,0.0,0.37362186809514425,0.5067058690218165,0.5042483022616907,0.40946296074998184,0.18013452788228282,0.5688899751349992,0.1791265808964953,0.33841817312659533,0.36840716206433843,0.537801944778998,0.44350925132630115,0.04181434840995969,0.23444089096824464,0.37881962420806276,0.36856192742146743,0.1976416285206641,0.0,0.1969449388174934,0.267348923357528,0.33670184710935297,0.43890452266617,0.26193748661362454,0.0,0.39294900653103576,0.0,0.21698217132078698,0.2278347908037298,0.0,0.3357766432828488,0.306870654297391,0.43630666645191307,0.0,0.21044310533328395,0.0,0.0,0.31468899409470524,0.0,0.3248438988555161,0.11438594661806764,0.36093172897257647,0.3022295270884499,0.19089909712950548,0.5225512168186759,0.016508727833324122,0.49153278719071153,0.5072246166058539,0.34798860930614,0.2835318297427881,0.4502174621951381,0.18631044859447288,0.3262114558206496,0.41644034452154205,0.0,0.18727761130171588,0.176778849291479,0.0,0.12672550350194176,0.030309962894342603,0.31843519293592654,0.2678430130044439,0.24632476391807587,0.0,0.024561472955190594,0.14775936037437837,0.2369539762594666,0.20271924341099448,0.004601236460184163,0.0,0.0
0.21760326218218065,0.3185143797667929,0.46255522419589584,0.254462323543441,0.3361744966310774,0.4633221474683496,0.37362186809514425,0.0,0.4380447047193545,0.3211602534856775,0.42089160811655424,0.062177558607249085,0.46131963035772866,0.2680278767389459,0.40296893858683,0.38518662088013006,0.40974785348726306,0.4062065680926329,0.3785292992262071,0.3848607859627262,0.5185835672150256,0.41820589176055184,0.5543357249350463,0.0,0.28251617808596297,0.2054365941844334,0.42241158041758164,0.4531312694667949,0.3446034614939377,0.05443494084610293,0.43668865250778616,0.09618632941994158,0.1226658747387037,0.32734948596961577,0.0,0.4595564095393209,0.14432218018512433,0.4235551691226044,0.0034431071511219625,0.355741582808541,0.07677385364825738,0.0,0.44629245124980604,0.030866254423023726,0.31571730351394406,0.23406405828852167,0.3218748932872821,0.4637101192933611,0.2311891884395305,0.3702628912098438,0.31302625951503216,0.42683175117395394,0.5855808415511317,0.45048420352135454,0.1495732536466045,0.41862262989820087,0.024366785825721708,0.3380613414245839,0.3401584058021924,0.04016749953050922,0.11189652445842002,0.20466667094896346,0.07202341050210717,0.40550690108506937,0.18357650026347513,0.46189108632218095,0.25755522440984796,0.505672883510522,0.13943361809688123,0.06908125419218084,0.1890819711597739,0.34413947609993945,0.23104588260466866,0.1856931621260546,0.0,0.0
0.22901102133266363,0.3139493641589895,0.5036379886109309,0.30902625314768917,0.501539806864391,0.4346972599697828,0.5067058690218165,0.4380447047193545,0.0,0.38658313247582965,0.5470324394040541,0.22852352740032433,0.5714163894603556,0.19648609981503307,0.37306412124489763,0.3732434428550874,0.4614960155501541,0.4403504718542075,0.30713520973047587,0.4651557680391764,0.43295369687277224,0.49140789219537634,0.36520981570663347,0.01841676719395998,0.318962491488876,0.2581582873901428,0.5660589533809256,0.5292885659709781,0.44966420757191466,0.06717507705097045,0.3326068091214706,0.0021684921814810088,0.19757567187562394,0.22799271108569097,0.0,0.264804370773501,0.15784835344548653,0.3653366657863718,0.10818143491077452,0.25700435971448743,0.0,0.0,0.30612108881286854,0.0,0.3080615517804139,0.2983067970355547,0.39180059899901526,0.5347055003810296,0.34270960746891166,0.5135146826230155,0.2729057334273603,0.559392367295787,0.4511722633964732,0.6154755876432915,0.3167834336430254,0.4851640501126387,0.23975238416186803,0.47887017227562195,0.39612698127440205,0.0,0.3212680814919052,0.3384473233387416,0.22550269474217474,0.3287803144242764,0.27717874782993546,0.3927454809849191,0.40595883126041254,0.38954859168631834,0.1202455512261787,0.26287805641798223,0.30366023055509234,0.4939741084353116,0.3672207302948782,0.25898053341439975,0.0,0.009650650228370599
0.10031001667886062,0.32751589670520076,0.21670763767172638,0.26794941606547934,0.469180479819009,0.09758614252968184,0.5042483022616907,0.3211602534856775,0.38658313247582965,0.0,0.2856088453917533,0.4354556694389699,0.46718460339737755,0.19095360577351397,0.3753240129597047,0.37727291771866883,0.6133073073761633,0.48840307281354917,0.038662466449778554,0.34541051789573957,0.3735034816102021,0.43836457564539394,0.18354877989087345,0.08726887801668148,0.29095557587219284,0.35504988985734853,0.28426995095178237,0.473767776843852,0.30583138542841837,0.0,0.4135629114018702,0.0,0.19976700221457655,0.20883127142519062,0.0,0.38934442037388506,0.41556182298601235,0.48348143721827247,0.011689886636463092,0.2238511271058801,0.0,0.0,0.2908102277760242,0.15257209963194182,0.4610711494756495,0.18824934707137678,0.39104730562977535,0.25323564175880275,0.22728274200001045,0.4921159561320033,0.004340609937627475,0.4859496402078933,0.4786665500138899,0.2740358498881113,0.538601581852681,0.38228635753922385,0.38403583805170743,0.37566195138292485,0.3596221633178654,0.0,0.28823259157216496,0.4051191022414605,0.17527236982169148,0.07909331218908844,0.19788315789399738,0.2993970043117934,0.3961713473963971,0.24125696545497252,0.1472853085781991,0.1705224439844539,0.2658159714623502,0.23633781058553016,0.34359698951804096,0.12018630377413435,0.0,0.008035916386034877
0.07732423381418181,0.1941794796071862,0.5356535418406486,0.29722463200408905,0.48969512385438085,0.33803761593795617,0.40946296074998184,0.42089160811655424,0.5470324394040541,0.2856088453917533,0.0,0.18915810134883265,0.46140508689595156,0.17214965708958033,0.3066810221545179,0.2838047640644191,0.37713780642220524,0.2940383361993035,0.4273548627307208,0.38991284379450664,0.3013131806055525,0.39894744999782955,0.3143098628619169,0.0,0.13260765416475406,0.16320636098174307,0.5141338294215477,0.39829452312182323,0.30306184697598487,0.05100831767513732,0.2730339853080927,0.0,0.11946911943222739,0.1281716950296072,0.0,0.22157225148547577,0.07622474083766803,0.267150723212548,0.01048020545496172,0.13973043070912222,0.0,0.0,0.28519122992544593,0.0,0.22943786413840883,0.09998657042164119,0.2618536080379428,0.5305032944180171,0.24958873515422228,0.4828152913131434,0.16538569318906257,0.46087004760443673,0.3616371202249358,0.5049789802062483,0.20870704372909293,0.5914221280405424,0.15724804684593907,0.36647114666836145,0.3612806277642283,0.0,0.16483083518905983,0.2198846234321907,0.07619813142454968,0.46789465285947757,0.23046619177017819,0.263745468569514,0.2880640296170334,0.3334907941714176,0.0,0.08976210619268622,0.14729090138997386,0.4208264686646802,0.2833291736415087,0.12688129841065163,0.0,0.0
0.11427789988483988,0.18373946876401429,0.17977469799038975,0.1164133176342546,0.23887407332047056,0.11317391004891256,0.18013452788228282,0.062177558607249085,0.22852352740032433,0.4354556694389699,0.18915810134883265,0.0,0.3066116831674284,0.05597054828316105,0.12318487263842111,0.17147099507118285,0.362227460711871,0.29034221961812573,0.05628851606073066,0.3509327240808201,0.11019485661251152,0.30380630633954897,0.05346104558579799,0.25083425709772533,0.19452144032782223,0.26674520778231636,0.2031415874235351,0.2897295694307802,0.2714753031678646,0.20920361637974555,0.08866105620470621,0.0,0.21441905282937343,0.014224045513414614,0.023894550905901403,-0.005700262725807334,0.21025184681311157,0.1022214130814811,0.16462478553149967,0.0275913327549073,0.0,0.0,0.09336538667085101,0.20806848460409508,0.3385073078820782,0.15526414422102935,0.2672199258554866,0.18472011704861543,0.29684316570836966,0.3002951949220593,0.07934108849414882,0.3515533118082998,0.11616781968715713,0.1701589402481729,0.5767565830600826,0.18373877442877337,0.6034241870076611,0.40457546628419283,0.20467114297794284,0.07262268911266496,0.31776237906145083,0.48879061044000094,0.3377866079044983,0.05919443879585628,0.34274112025230036,0.02986856861190076,0.364504472598509,0.08774756616556655,0.15513556740309237,0.33405181515042076,0.32661320320868015,0.24589202792685685,0.4066843207927089,0.17128104912403383,0.12367454787863941,0.23393459416529983
0.16137869389605586,0.38123939642411353,0.42811616194976654,0.34522952781580724,0.5118755730442865,0.4110684673801462,0.5688899751349992,0.46131963035772866,0.5714163894603556,0.46718460339737755,0.46140508689595156,0.3066116831674284,0.0,0.18216419126497463,0.35283749185637364,0.4366552846103755,0.5475183887493471,0.5206288924817675,0.23217435132923064,0.4341265473809277,0.42891710228177543,0.49893317286895067,0.3338460078988042,0.030852334130594444,0.334799220618633,0.315510067591734,0.47007093225636043,0.5671235652777996,0.4409681158152508,0.004630484762729946,0.3857694845193309,-0.00041314075699936325,0.2605110430536971,0.27846120532721796,0.0,0.30151917509656995,0.23746671823134188,0.4158998083226068,0.11582365838511574,0.2805341974881312,0.0,0.0,0.34625702333827296,0.0,0.372306814868804,0.25018383165486513,0.4180732185277946,0.43819034960137015,0.31660069151117126,0.5047710203238929,0.24137328909093642,0.5354067767852186,0.5120478943000554,0.48976281194089716,0.3720538487268624,0.4430620116418826,0.3182953025912243,0.5076887959731722,0.43284127680881423,0.0,0.2978112277966136,0.3645316648813754,0.20843315928587047,0.2700364799321929,0.24475377324673483,0.35014745877776104,0.39134356973924994,0.332359746057279,0.10706627163263814,0.21949653090352025,0.29743310408267604,0.4103514284342567,0.38296137834365895,0.21798652628734888,0.0,0.006211623122283991
0.05128524138882661,0.14594388469680084,0.11749310368308388,0.07032756235639065,0.18715514232266134,0.19569426119798394,0.1791265808964953,0.2680278767389459,0.19648609981503307,0.19095360577351397,0.17214965708958033,0.05597054828316105,0.18216419126497463,0.0,0.1929281400282641,0.07620478565529909,0.15334034396187243,0.13497953212504094,0.06354942089922952,0.17416548996140727,0.14245535335816117,0.17333897232267592,0.21777681205441135,0.061467713521874204,0.1471574905307005,0.12462953150289617,0.1777990193857136,0.1662276798101366,0.18861144758517806,0.007641000300263567,0.1599386275912124,0.0,0.09508697211314641,0.13681416643766228,0.0,0.33771695859707984,0.11386312716561516,0.15797594347868568,0.0776533527103886,0.13062816245419062,0.0,0.0,0.08799108518616679,0.10088827024292468,0.12790608836555806,0.08568492904193394,0.16135336198435393,0.13898284250698126,0.09501206313086254,0.24191574031568805,0.13661080121255423,0.10652296642460155,0.2789826177425102,0.17000125867309945,0.14051879247200066,0.14130997074302035,0.08695058871198415,0.16616068054863903,0.2824965326966415,0.0,0.1568933506567096,0.11030524750708416,0.05984427035915485,0.07775937725547535,0.18641953571584993,0.08781216128298805,0.24282762060772958,0.21854618408640292,0.11522348524543366,0.07739251225154742,0.0937695968997867,0.19526224918634788,0.16695327279153643,0.08352332119911889,0.0446489640241929,0.0902179624440248
0.2425869404090074,0.4056806854205184,0.3464841231845919,0.13071940045932173,0.3372592738822822,0.24273984131231433,0.33841817312659533,0.40296893858683,0.37306412124489763,0.3753240129597047,0.3066810221545179,0.12318487263842111,0.35283749185637364,0.1929281400282641,0.0,0.2890526389565016,0.37949852364138575,0.34411092947179567,0.2091283322743432,0.43488860295200626,0.49752372727253724,0.48338802005562376,0.35202309668957116,0.00442282152583448,0.3153040108027408,0.37459151793909545,0.40197019338498025,0.42233916642859204,0.3323534440079315,0.011326123237693582,0.36011356098720787,0.0,0.0,0.14766364263875725,0.0,0.39704157817359287,0.2608971544455721,0.3382671924949391,0.0,0.16385077553268898,0.0,0.0,0.3184406438589155,0.11515615542590324,0.2600740800798432,0.25446549571695554,0.4494558442947146,0.3648727158833812,0.15834568040270072,0.42595272859745226,0.13387109916543227,0.4072612709852864,0.48951730964942414,0.37328393172604185,0.19376289583124498,0.381378711545339,0.06740940695406991,0.28307892745524194,0.2778862281922312,0.25102400270729613,0.12701532838569787,0.16519693298149066,0.07026032016239196,0.2176243557565525,0.2880170644399952,0.4622388029629683,0.3874323850029015,0.4323289322904338,0.1064027863044737,0.14073305305746756,0.31339071342606384,0.332725740824017,0.24553612418138482,0.2159467463968424,0.0,0.0
0.2779029147965071,0.31058451652142627,0.3193512272807029,0.25871186483019215,0.30170258635609454,0.287324731893678,0.36840716206433843,0.38518662088013006,0.3732434428550874,0.37727291771866883,0.2838047640644191,0.17147099507118285,0.4366552846103755,0.07620478565529909,0.2890526389565016,0.0,0.4882191323943968,0.5770232700340477,0.23960363367904566,0.33680552823354004,0.45371914917743433,0.4780878110657005,0.30466111475208246,0.02964973179702489,0.3585801713958433,0.238988326659316,0.3134483800053213,0.49031615845848514,0.3454377800722891,0.06624872961986267,0.49283335289353586,0.06937753174423861,0.1574682806898829,0.3883745317114104,0.0,0.3114320672936595,0.2665917186591184,0.4277401963223475,0.0,0.34646581005359095,0.133465430992976,0.0,0.4047465454797931,0.09676052722061182,0.33732284163912174,0.2937168710904269,0.24556757273950686,0.32276558449327525,0.20710433934338998,0.2764563520880857,0.18911552419706112,0.4062241190866034,0.3726732837986727,0.36384253615775375,0.22400321494934905,0.34412771786160007,0.09035537352140445,0.2783804699650563,0.2651788757608659,0.0,0.17470654637480082,0.27104844854570886,0.15284205246871355,0.2546035845990678,0.11131877147386418,0.4130127324073873,0.2246714547137969,0.2806405732676826,0.1808461321854484,0.1323059660266301,0.196909780132732,0.22837553272998565,0.2425677801762549,0.2507362938459159,0.0,0.0
0.13982846700532134,0.36344184572190064,0.3365417417698036,0.32231170632734685,0.47732063561031446,0.21127265977059473,0.537801944778998,0.40974785348726306,0.4614960155501541,0.6133073073761633,0.37713780642220524,0.362227460711871,0.5475183887493471,0.15334034396187243,0.37949852364138575,0.4882191323943968,0.0,0.5752316902346806,0.13005246625672442,0.3733397674913841,0.42197959154497333,0.4917630237880381,0.24271507847964233,0.04066093629832014,0.34898823827287573,0.34144862197531667,0.3574228124709189,0.5431691123441525,0.35981041548748094,0.0,0.46353306859356375,0.0,0.2216535114936797,0.2742632687096747,0.0,0.3866719691656476,0.3763983540314096,0.4779027178843246,0.007703679133042878,0.28411171113221423,0.0,0.0,0.37682404746567816,0.087174903086887,0.4667709616652067,0.22349192042512167,0.39710312298598344,0.33181370810446276,0.20801068119873214,0.49097774977153874,0.0962530943066899,0.5107362463058588,0.5062259384013845,0.3786148014756422,0.4500819928952725,0.43119578541151804,0.3147134878818645,0.4096307771254671,0.3572029611506847,0.0,0.3146366454048665,0.39713523083769153,0.19408909519038084,0.18018520864978,0.19504974015858867,0.35512067733409025,0.38839561420548324,0.2776139834328776,0.1629011636609241,0.17991683500355635,0.2695631975000391,0.29101766127259576,0.35401120888209553,0.18143081159367955,0.0,0.0
0.3055865499721658,0.460155997694013,0.3349441891094329,0.22400350648943332,0.3423147510059914,0.3318823385852247,0.44350925132630115,0.4062065680926329,0.4403504718542075,0.48840307281354917,0.2940383361993035,0.29034221961812573,0.5206288924817675,0.13497953212504094,0.34411092947179567,0.5770232700340477,0.5752316902346806,0.0,0.18149759974137689,0.39578099328194266,0.45860005041899826,0.5344075064860997,0.32360988918916106,0.14700391545848987,0.49999019861202343,0.38037111262674306,0.35900782503660444,0.5422354028439084,0.4369347410351004,0.012227680239951728,0.41509353287954015,0.09148445310588195,0.22750491139883852,0.2918251783960361,0.0,0.312672916059847,0.32713323877960043,0.4604977565448948,0.11371891034642953,0.32073004771150254,0.03186269259720321,0.0,0.38003975871294216,0.1329652478404477,0.4052341180466989,0.3528602539158679,0.38388251643375815,0.34029570631906897,0.21321107382757676,0.3853088425427845,0.2610673198960008,0.43932225160953076,0.4612034959397039,0.3981582768754752,0.3588947660636471,0.32221609883851743,0.27365726142205676,0.4369602035768535,0.3084590088703,0.0,0.3536667420812175,0.39585821904144064,0.27095743440834735,0.20669798277931065,0.23502977552066975,0.38625555714675236,0.4075820868287568,0.3228481067566983,0.2786434247298786,0.27345322062354394,0.31887940813430016,0.32272530238242875,0.3784068362268033,0.3138543959225196,0.0,0.042911371470501565
0.17676624910383637,0.15876536660761506,0.553563353686548,0.08499907917518819,0.08006392967897834,0.4213144428300882,0.04181434840995969,0.3785292992262071,0.30713520973047587,0.038662466449778554,0.4273548627307208,0.05628851606073066,0.23217435132923064,0.06354942089922952,0.2091283322743432,0.23960363367904566,0.13005246625672442,0.18149759974137689,0.0,0.36419099680408973,0.24240472691974327,0.31923422285651465,0.41351950773286733,0.0,0.1656652292347135,-0.003860643570439501,0.4168929984548074,0.3033003065416286,0.2951320548371673,0.2576398768434191,0.19526531047226484,0.07886893173894531,0.0,0.1522901791900286,0.0,0.15695448267153816,0.0,0.11142674051267355,-0.0018791008863186334,0.17492120733017627,0.057261144365277614,0.0,0.26317682724947056,0.043476659902304114,0.08108051885353182,0.12627346383126895,0.10992104215116115,0.48197037354721567,0.2365167660896869,0.16245795478592523,0.33585434008387915,0.28812078456995294,0.18943681923062639,0.42915024539100427,0.045739006018111754,0.33057232144455895,0.0,0.2719984616929369,0.17178745649597757,0.2929436565815859,0.06340595297962087,0.2006200441108591,0.16204626931767105,0.6174068557273586,0.2875567881824791,0.25164879033684223,0.18637813178933368,0.3830203297801977,0.06740656118348065,0.11771086122359337,0.0652996619222825,0.3939724558814046,0.24382578719690767,0.27390966890176494,0.06092513530241205,0.0
0.3449507419622332,0.36028995054082563,0.5081148084061681,0.10857541755256438,0.2521972342271746,0.4491676160721496,0.23444089096824464,0.3848607859627262,0.4651557680391764,0.34541051789573957,0.38991284379450664,0.3509327240808201,0.4341265473809277,0.17416548996140727,0.43488860295200626,0.33680552823354004,0.3733397674913841,0.39578099328194266,0.36419099680408973,0.0,0.4221606045736658,0.6117629108408145,0.3966104439864521,0.18439600576536352,0.38615006710257976,0.27882593947353357,0.5563076203464221,0.5323630381928637,0.5639290724004871,0.29411419572970016,0.29915683662939374,0.03302375764030406,0.13636301387419728,0.1641191620010929,0.0,0.2577278746997471,0.1997637417476572,0.21620403471746585,0.15667403416641532,0.19535131792237473,0.0,0.0,0.23448775110286255,0.1723195049639348,0.3226165383730082,0.3737965972226763,0.38546731279913266,0.4911242009523131,0.3560972004567111,0.4250036008612873,0.37206438901567646,0.46103115276474793,0.3670728797386615,0.5101585851317934,0.3924543268812247,0.3253290647831685,0.3325029662654433,0.48468652783251304,0.2923539483330714,0.2960650305559072,0.35295421770343954,0.425368340879967,0.40384817324862726,0.34840055382278007,0.5665337966150872,0.37211918498924024,0.5346843968354599,0.42553969684609094,0.25517784877673527,0.40228970710154377,0.39548348118600396,0.5924506939494709,0.5219917043456553,0.48380764365264994,0.14315995066812742,0.12018051113013394
0.39494589407556235,0.4080676199271572,0.4050460452075413,0.20656690074062475,0.30382962612226816,0.38130762253331896,0.37881962420806276,0.5185835672150256,0.43295369687277224,0.3735034816102021,0.3013131806055525,0.11019485661251152,0.42891710228177543,0.14245535335816117,0.49752372727253724,0.45371914917743433,0.42197959154497333,0.45860005041899826,0.24240472691974327,0.4221606045736658,0.0,0.5095584313496139,0.4581343348343027,0.07414368319451477,0.4151247119759287,0.3266943299306053,0.45627023004533984,0.49342369397669966,0.44176669246636646,0.08516206882388479,0.4826296635123346,0.0718690945558867,0.12535729952054195,0.36142461552154087,0.0,0.3989536354859801,0.21987456702974498,0.4396480339888497,0.023472237892821737,0.3567770297032904,0.070349127216636,0.0,0.41205987072782596,0.10248477636468804,0.3117912454129557,0.4209823669322861,0.42062777667839196,0.3891912169700253,0.24769496190481052,0.34355088943290213,0.27389175659493187,0.4612217071589235,0.5322039488825748,0.45143312956859327,0.2528167254033752,0.3260568911109396,0.07399115733500046,0.3355101967805755,0.25846402629790927,0.12779951542784312,0.19491090253202373,0.27404404648740693,0.1851992156410244,0.25033882128788126,0.1878964901421351,0.6276866035723138,0.3215362001131648,0.44492323530864153,0.2254500080811056,0.20817494443063755,0.33861541431537284,0.3618246062536025,0.2701402956720283,0.31165222689725786,0.0,0.0
0.3881025950265573,0.5037527920664041,0.49182282611465683,0.1547081113635494,0.313899176220025,0.4337463998756679,0.36856192742146743,0.41820589176055184,0.49140789219537634,0.43836457564539394,0.39894744999782955,0.30380630633954897,0.49893317286895067,0.17333897232267592,0.48338802005562376,0.4780878110657005,0.4917630237880381,0.5344075064860997,0.31923422285651465,0.6117629108408145,0.5095584313496139,0.0,0.40960191657788053,0.15617688423526818,0.5015605192302253,0.40066140437928505,0.5200951524389518,0.5852060758568195,0.5432745164125116,0.12693267819729676,0.37347648644453596,0.06746909799066812,0.19311655513332673,0.24476688452529916,0.0,0.31318752007115164,0.2755871228398659,0.35527984932124346,0.15159909587797057,0.2646540191801951,0.0,0.0,0.32257464160973526,0.16725293215518955,0.35686761328156946,0.42002625848676395,0.45054257005376197,0.46606895476432975,0.3177499723195203,0.4593806460677755,0.36204570049458945,0.5048258452440844,0.4415943554236825,0.506825587851381,0.3899290650185256,0.3684082398891805,0.2896049325599605,0.4949707558845568,0.3420691143601725,0.18334759831583378,0.3698634182486003,0.41013155213269853,0.3520006239764366,0.3116111028547775,0.4558911697550551,0.43638867727462144,0.544186078146941,0.4175075393627354,0.26091757446289165,0.3813809049476544,0.40846699529707303,0.5450587777400028,0.48076605636139746,0.4533894168647403,0.044870466185696456,0.07041713122327484
0.3050139018632659,0.36362916916452687,0.4765718343037814,0.07913387611081629,0.12807422541337854,0.5363857800730324,0.1976416285206641,0.5543357249350463,0.36520981570663347,0.18354877989087345,0.3143098628619169,0.05346104558579799,0.3338460078988042,0.21777681205441135,0.35202309668957116,0.30466111475208246,0.24271507847964233,0.32360988918916106,0.41351950773286733,0.3966104439864521,0.4581343348343027,0.40960191657788053,0.0,0.07387758757460137,0.37117821959719854,0.17310687564822697,0.4360948855260437,0.3684079261514722,0.3919595146775353,0.10862866506135549,0.2748056016464196,0.16677353033458997,0.04480587803731181,0.2294454672637909,0.0,0.29716961012696047,0.08215748303233705,0.27167979686945715,0.06962367048320273,0.311006175528842,0.09754452836074647,0.0,0.3328935983683803,0.11577853935722869,0.2319541660466042,0.2743476840444727,0.2897602373412656,0.43489736069041696,0.24045636376162438,0.23300736199459246,0.4414444170587185,0.32367183720690107,0.45822885910690214,0.4395363503182559,0.10443645527644481,0.26710157779150395,0.030566566645399532,0.34633400412458304,0.23651774459640995,0.20059846780774512,0.11316535546144667,0.21620251455077089,0.15936888227214407,0.3904985063584817,0.26064937111865805,0.4122587980732881,0.2695733289502502,0.6007052632845277,0.19199505204248055,0.18115407110816778,0.21408236427939242,0.3799809846862243,0.2387064550167065,0.3012212156255401,0.0,0.0
0.36564105999901764,0.16444577834712798,0.057144189719211126,0.0,0.0,0.1647222289330317,0.0,0.0,0.01841676719395998,0.08726887801668148,0.0,0.25083425709772533,0.030852334130594444,0.061467713521874204,0.00442282152583448,0.02964973179702489,0.04066093629832014,0.14700391545848987,0.0,0.18439600576536352,0.07414368319451477,0.15617688423526818,0.07387758757460137,0.0,0.29905960450195057,0.249566324671983,0.014174991399408777,0.1309619928111843,0.20275227875927598,0.25497149277401215,0.0,0.2877204799158999,0.26538070299218885,0.04473175402670004,0.07073301592188931,0.0,0.04871491787726047,0.012061019717660257,0.3561098246633359,0.23546376626817803,0.1405616461206474,0.0,0.0,0.22165338107530472,0.14704394702607093,0.3659160077670186,0.16514013197583355,0.036532608535775536,0.06755714890699156,0.002433636077037531,0.26121763897891864,0.0073479518603889165,-0.01056570313104737,0.02748358373365352,0.222925144029522,0.0,0.3020786011179648,0.24739023212203293,0.0,0.16280706608336726,0.3152284961767024,0.28764526824623227,0.4042855042747601,0.0,0.2994960925807378,0.01744607512201431,0.2809883336445899,0.018285233219874287,0.5536689076895157,0.34750201834313615,0.37116345442641446,0.14249944432699746,0.3562237268376285,0.2920861728142793,0.3710991845284086,0.3984718403334753
0.4798497880769139,0.5748548048453836,0.30171855198563347,0.0,0.07074570075568985,0.419535844617771,0.1969449388174934,0.28251617808596297,0.318962491488876,0.29095557587219284,0.13260765416475406,0.19452144032782223,0.334799220618633,0.1471574905307005,0.3153040108027408,0.3585801713958433,0.34898823827287573,0.49999019861202343,0.1656652292347135,0.38615006710257976,0.4151247119759287,0.5015605192302253,0.37117821959719854,0.29905960450195057,0.0,0.46507217519876237,0.3169276747742378,0.39922770346101794,0.44793063447791837,0.06664266039519298,0.16689489501208088,0.2441338136464439,0.19017830219657966,0.15554331710937366,0.0,0.16633546229137663,0.1918137986926046,0.2592923019969019,0.26942052592865684,0.2918153609044957,0.052559348532158955,0.0,0.14576233341109338,0.20577486584565188,0.2874486036799909,0.49653419307417007,0.4301207734815369,0.28146965172916816,0.1425354070156245,0.22192118277654674,0.43596876229769327,0.2896229936124665,0.2994602463716725,0.34787358115413397,0.2887796011174623,0.08481899378612623,0.23953766861013695,0.4390586418151242,0.142160403731971,0.1755215724066731,0.3818477078089378,0.37692055482386466,0.37048900078774155,0.12641012935935572,0.3874767633600103,0.3301758104905965,0.49082436570336213,0.3348462352597839,0.3860519325235139,0.4504309662375717,0.4560258143461723,0.38482555115762634,0.40842020398533807,0.4486004973841155,0.17274988837922975,0.20041841986004783
0.31895804298310165,0.5579366327968812,0.199075606912896,0.0,0.21129893982245215,0.23486721690036488,0.267348923357528,0.2054365941844334,0.2581582873901428,0.35504988985734853,0.16320636098174307,0.26674520778231636,0.315510067591734,0.12462953150289617,0.37459151793909545,0.238988326659316,0.34144862197531667,0.38037111262674306,-0.003860643570439501,0.27882593947353357,0.3266943299306053,0.40066140437928505,0.17310687564822697,0.249566324671983,0.46507217519876237,0.0,0.22575415864288564,0.2674273392877693,0.23790817705200223,0.0,0.10572519587573416,0.11393456695611247,0.21142020679430693,0.048695630967806575,0.0,0.1177958640788581,0.16415025162324942,0.2534555804410026,0.19399898450578143,0.17665576083610887,0.0,0.0,0.08306627901159912,0.10790878185229359,0.24845189102484874,0.3366072303770498,0.5273356592612779,0.22901972173656868,0.0056577650368741335,0.2723367625990036,0.1550725829826732,0.2549884065827073,0.25369837628529873,0.20097943450862785,0.28472429366246976,0.15516685674335717,0.2792965951111822,0.3231394145253793,0.12425986993052585,0.06650867053458388,0.28328883330936944,0.25221027576358435,0.15497849451949455,0.00533392451693816,0.28123355988677357,0.2021776447371054,0.4372329388689828,0.178223302513533,0.21413854822453623,0.30273160770986574,0.5214530890694533,0.2575644351483275,0.2829767207381465,0.1688615267567409,0.029584719025256306,0.13623502898828954
0.26204858437873885,0.3001110869070212,0.565782372721437,0.19829846478419472,0.3575813869314297,0.49493817836142473,0.33670184710935297,0.42241158041758164,0.5660589533809256,0.28426995095178237,0.5141338294215477,0.2031415874235351,0.47007093225636043,0.1777990193857136,0.40197019338498025,0.3134483800053213,0.3574228124709189,0.35900782503660444,0.4168929984548074,0.5563076203464221,0.45627023004533984,0.5200951524389518,0.4360948855260437,0.014174991399408777,0.3169276747742378,0.22575415864288564,0.0,0.4795825114764705,0.5384697790020074,0.15012834176575637,0.3098849299680727,0.0,0.12970511718805355,0.20589645778197355,0.0,0.22660840638235633,0.0811738699548109,0.24880501539564193,0.08493877760043606,0.22016701593751967,0.0,0.0,0.2818845553801624,0.03818854002928213,0.2814581789980871,0.31575216852340576,0.40339585053231725,0.5431901812726264,0.3438157245691878,0.4125041762131626,0.3591974099140332,0.5042853032232203,0.3811501862944454,0.5778675896831217,0.2937661408708326,0.41856991455154385,0.20622968214511525,0.446159100462527,0.3171706506016403,0.17130837511264865,0.3073401098634296,0.34632980062797947,0.28956655836643336,0.3976705838871667,0.3915356959219363,0.4248312986369458,0.43458055367129483,0.44559020257961846,0.12782736960164864,0.32933804673334915,0.3509356535371556,0.6095505033438711,0.3976740497483502,0.3869614871270644,0.018392264211934982,-0.00589195593593695
0.29766357439761665,0.37524119909603393,0.451249556838405,0.2706121165837874,0.3743689859303182,0.3800878717849953,0.43890452266617,0.4531312694667949,0.5292885659709781,0.473767776843852,0.39829452312182323,0.2897295694307802,0.5671235652777996,0.1662276798101366,0.42233916642859204,0.49031615845848514,0.5431691123441525,0.5422354028439084,0.3033003065416286,0.5323630381928637,0.49342369397669966,0.5852060758568195,0.3684079261514722,0.1309619928111843,0.39922770346101794,0.2674273392877693,0.4795825114764705,0.0,0.5024677585346125,0.184102622976641,0.48906942564310857,0.02033355541928958,0.1710569761210284,0.3151741100231623,0.0,0.4128210000538635,0.3428260780531556,0.4403712269671487,0.07307605052039207,0.32043592026853907,0.0,0.0,0.3891285432848013,0.11896255246058629,0.3827591623508279,0.36849748139506416,0.37035414319808047,0.4570832335489482,0.35534321847804834,0.47942328710803106,0.290784738651353,0.5403991741648755,0.48675384213361783,0.5243397620602659,0.3857691223924061,0.4119163615004758,0.2585372267660036,0.4921693064705902,0.39940155922101456,0.07408006570796884,0.33010121134203324,0.4251310530459017,0.32642000286562123,0.32188115588015653,0.3425919276439856,0.46060852468963787,0.4495187354155938,0.4086999491984342,0.28807474665553323,0.286831127389636,0.33054559509037496,0.4555103426854217,0.49644677112012103,0.36471231561173306,0.0,0.0
0.38932624815070865,0.368821973928413,0.44102338751734604,0.10182908489611303,0.1940611020209131,0.5143998021459842,0.26193748661362454,0.3446034614939377,0.44966420757191466,0.30583138542841837,0.30306184697598487,0.2714753031678646,0.4409681158152508,0.18861144758517806,0.3323534440079315,0.3454377800722891,0.35981041548748094,0.4369347410351004,0.2951320548371673,0.5639290724004871,0.44176669246636646,0.5432745164125116,0.3919595146775353,0.20275227875927598,0.44793063447791837,0.23790817705200223,0.5384697790020074,0.5024677585346125,0.0,0.25291306764805627,0.2981179790054113,0.09821426673221874,0.2477315617954711,0.2610945943974674,0.0,0.2446560485076702,0.1559195962742712,0.22227217743797476,0.2521432742039815,0.2690509805342453,0.0,0.0,0.2199585193420039,0.15194823883648728,0.30492561930317197,0.45902080900978204,0.3738007805311524,0.40681977735372143,0.368342876426557,0.35834723400824614,0.45966897543946916,0.42568035393425346,0.3433872370321748,0.4689568008729489,0.38924864077674615,0.22010188398140226,0.31541333974242064,0.4876142044553724,0.28766008704670437,0.17945921416500318,0.46019065093550315,0.45442949238874486,0.48612397479158637,0.2663720555147545,0.47063339755797506,0.39040493361620415,0.5082471162577912,0.3696761253453464,0.29856194725355284,0.46225631339662165,0.3933097065985479,0.5550383321916178,0.5021262985090292,0.5429229610135755,0.19955201208478823,0.19594298952703196
