0.0,0.18518912468299537,0.41651453115423204,0.0,0.0022876190352313194,0.14794293032879177,0.2169546395658597,0.0,0.05417359349919046,0.5943467758099478,0.0,0.05752463847282184,0.32583056710083397,0.06828365044186673,0.4285667370776442,0.6059420053446964,0.34878999491079626,0.4804764470018673,0.06132890297842797,0.4316685549105782,0.446426308468186,0.43709369225664646,0.05932027501515841,0.46569909205818727,0.5106429070332009,0.44239804771086294,0.5058995249769305,0.3850090524756386,0.49642764974044984,0.2238817047622092,0.19259329268819353,0.2126126370966147,0.14648687182042672,0.0,0.0,0.030796396166114123,0.02495281327557036,0.0,0.06730885037917324,0.15127105701596782,0.1603888279292413,0.041479364930190284,0.13333896166047765,0.2210102316906124,0.028086664667461788,0.7508878423538071,0.30179647330869036,0.2786350624296514,0.0,0.0,0.13715312855524497,0.34723639909604453,0.0,0.07264552605261625,0.39900638762540513,0.0,0.09470017790197365,0.31141689830186287,0.15021625863380036,0.41604607772149427,0.4622121675363838,0.18658966478074876,0.4370021256827854,0.21917409260986304,0.29794335461800786,0.46779235508524925,0.4391487229303065,0.07559881630021184,0.539476875241242,0.5547259936194932,0.534415206213218,0.46315193776358343,0.4515856560488785,0.5146793652104592,0.30179087056426884,0.38284760182616745
0.18518912468299537,0.0,0.2315877283547454,0.0,0.0,0.7439871633674587,0.1159521895341643,0.5367336309722496,0.0,0.5242690356913311,0.0,0.3529688846096121,0.5114884496433451,0.0,0.2013243489827586,0.09194964313464543,0.8141924399918099,0.6552757104123275,0.033293842300209285,0.20854056345315197,0.0,0.2211566778627616,0.6191471325002477,0.6256026311457054,0.7800958660435396,0.8386469899882897,0.18736371010125866,0.12286430539002197,0.0,0.10554209707117605,0.0,0.25502595241784654,0.5206411407954541,0.0939938364307904,0.0,0.09249227112675801,0.0,0.05975318051173307,0.15575863813279398,0.4153354289595125,0.41753528618302893,0.0,0.18354354351966617,0.0,0.06944978130621891,0.14125860197687207,0.6905903344850322,0.3258427015207069,0.0,0.0,0.7428179715959177,0.0,0.5585136502828608,0.10312395521746565,0.5459750909324301,0.0,0.669521080980455,0.39253324544445656,0.1228662829233669,0.09674969377518834,0.12219657860861678,0.6371880194964723,0.4822602728005985,0.2209814111935021,0.13892480513554123,0.07052180834003056,0.07782713991852247,0.5901954505266419,0.5969130929260482,0.5812955359607244,0.7809876296963413,0.29309816227393626,0.21287617415943377,0.09703409371239075,0.45612451345182553,0.0
0.41651453115423204,0.2315877283547454,0.0,0.0,0.33546682873267847,0.42393482900337237,0.34245994213440056,0.07684470649149137,0.40722716975788154,0.4142077461988377,0.29016298270793,0.12624410363186953,0.41816270754879803,0.10253647686202869,0.5733999789485337,0.40642402766180585,0.24324118309404102,0.32273275880317454,0.5656538192475146,0.6032265220401928,0.5363023553974099,0.6184416568175962,0.32853030876971,0.23998256494677,0.27151293845923086,0.2796423589106361,0.6789109703537022,0.4063148817818895,0.5344018411703718,0.31237713602575135,0.19543623851770464,0.2707240262898868,0.2797689531056873,0.1889514761183971,0.00972411319747591,0.11072468389459585,0.10546167498056441,0.0,0.20484142712038117,0.24511270849584318,0.2753542312453005,0.054793233075725034,0.21681793023586868,0.2636003866673742,0.018474405948500694,0.4792201815211198,0.391645572607854,0.5867510852704991,0.16071480567853655,0.22400927350707514,0.2798952059641075,0.4837070478901977,0.10669393253510673,0.43870109042966643,0.31458929939078334,0.38498916873426814,0.05893146836055332,0.5075365764521833,0.17190415357475797,0.5042466287445456,0.42254146818300403,0.1632197504405565,0.44172689226746165,0.5876722201746017,0.49307671133392816,0.4282794038025059,0.5803101539685025,0.2677187578520545,0.2635084938180303,0.40553753391350783,0.4741151546079217,0.5791565681790488,0.5264790281091644,0.5130611700339476,0.31625364112557125,0.42780331748122735
0.0,0.0,0.0,0.0,0.0,0.0,0.29518942239084073,0.0,0.0,0.04042629475720311,0.0729433304415765,0.10819024221062906,0.13691711975941628,0.1484382223391406,0.0,0.12269174030853112,0.0,0.0,0.0,0.0,0.17696428565976383,0.0,0.0,0.0,0.0,0.0,0.0,0.2580144354510381,0.1645980386151875,0.21946173099396746,0.3807508362001973,0.0,0.0,0.13954722992842883,0.328744941808199,0.11266979856686339,0.22406586247893356,0.03617465919255768,0.0,0.0,0.0,0.23999484090289186,0.0,0.06113759996704334,0.03006302943889045,0.023694918847315394,0.0,0.0,0.23359160768039,0.12165943041786466,0.0,0.1274296300881326,0.0,0.01091033919931152,0.06549011196958943,0.11113161820537497,0.0,0.07451119302021435,0.04754696947114895,0.0,0.04207071277036804,0.0,0.0,0.0,0.0,0.0005211192854274281,0.0,0.0,0.0,0.0,0.0,0.0,0.08749923450883246,0.0,0.0,0.025988848108653886
0.0022876190352313194,0.0,0.33546682873267847,0.0,0.0,0.0,0.2851936377105189,0.0,0.6454730122770224,0.0,0.6742026908521701,0.0,0.016199127752615446,0.06064927238873648,0.2097021246674994,0.1854177877883723,0.0,0.07277735458064648,0.4418829666957204,0.2677736991535788,0.11738955849065107,0.2601538589803432,0.0,0.0,0.0,0.0,0.37934373737635074,0.0,0.42138197144924827,0.0,0.0,0.28620116674652957,0.15793491067339788,0.0,0.0,0.0,0.09840814782894589,0.07992622627284361,0.36822969616810997,0.10587514476314465,0.10735110288236521,0.17611857075425466,0.0,0.03365250863553252,0.21106319163002255,0.0034138374660116146,0.0,0.34367993487176624,0.0,0.2901683946752819,0.0,0.0,0.0,0.5045111407078513,0.0,0.533771165870481,0.0,0.0,0.0,0.2120935804558453,0.1275379536288301,0.0,0.02746670018452469,0.20300212081777935,0.4296562605178922,0.1722616745930544,0.3582354316112175,0.0,0.0,0.0,0.0,0.26734420481665955,0.0,0.30490922942406323,0.06008002239181687,0.3129902034462433
0.14794293032879177,0.7439871633674587,0.42393482900337237,0.0,0.0,0.0,0.32438521563059247,0.7308056671012011,0.09215683104142207,0.4531222004985449,0.0,0.4952701064384288,0.6732714914098615,0.14828315205847925,0.36914618965216206,0.09544629108390984,0.5495713877320697,0.38219934878601003,0.26494053526498923,0.4106764315267145,0.22974593814095248,0.3135886195403848,0.8089645871122958,0.37820600944345023,0.3900032567366542,0.4765263084901905,0.3396941919088436,0.3118090326448222,0.18313360148599458,0.385825419005206,0.052077686959824794,0.14733832173896233,0.4842284998101238,0.34459967888495513,0.04978424985937948,0.2233391380013061,0.0,0.028030023554713155,0.021879955540291183,0.32328509345758283,0.303193505191332,0.0,0.4077626518808558,0.01579820711800391,0.0,0.11694178608297758,0.7008037597887501,0.5098499959825386,0.08410103986729196,0.04564678983022253,0.8103640690477156,0.20858210990054502,0.7421500526052203,0.16994518635008307,0.48637735603041865,0.21679599038691513,0.45949729666021943,0.6559528312591367,0.17599305894683814,0.27556871550006895,0.1627371530272454,0.43253772603292795,0.37473372498116114,0.5103770932563239,0.20073513046661937,0.24479581138092613,0.13737078489344123,0.7916935103533187,0.3528311862115415,0.5011438578067605,0.6092526032324278,0.37101393983848835,0.34506562031715743,0.14710311530316988,0.20107679660852074,0.0
0.2169546395658597,0.1159521895341643,0.34245994213440056,0.29518942239084073,0.2851936377105189,0.32438521563059247,0.0,0.035355019003921524,0.38193191892379275,0.31785904898980394,0.18031063648622075,0.2794839411120629,0.5432066001926539,0.15549576672536783,0.24919761122156722,0.33625471635265686,0.09821215508581699,0.07194357360453409,0.21615623303071443,0.35765715921520363,0.46471467486947043,0.34828342872359713,0.15636125254327912,0.0,0.0,0.0,0.4316248247980238,0.4368949453258307,0.53791531081384,0.3013290495925411,0.39995022033734473,0.029292234882994626,0.16001628618086045,0.27643299060609666,0.3735556132178538,0.1862611844969225,0.24887482853694326,0.09431871142539557,0.0,0.12028962577721418,0.10734674534989373,0.12879853378631378,0.07455580231131416,0.2265805736098565,0.03242798633692545,0.2104979926355921,0.2757623292204404,0.1983977411963271,0.20312027522753137,0.19887754751957182,0.0795234838250399,0.3427910992149701,0.020527323733365497,0.28172336618742083,0.23464727817810768,0.3642086867167694,0.0,0.3924352466642373,0.14697044957924474,0.2459260399908316,0.3453688597068032,0.038955220629704586,0.21211721713875592,0.2667747359878949,0.1923367372994301,0.32185696705500855,0.23027503754280443,0.10183321427751169,0.0,0.326265338320997,0.14164495104458524,0.3466195567126489,0.33685689894075704,0.2650221190667731,0.0,0.16112438572795681
0.0,0.5367336309722496,0.07684470649149137,0.0,0.0,0.7308056671012011,0.035355019003921524,0.0,0.0,0.1778762727922948,0.0,0.5260629294513852,0.34800218637057634,0.08747572770610487,0.08549660755735863,0.0,0.3112388192048792,0.07983008538061669,0.16894786349716573,0.04691750682290143,0.060998538108211854,0.0,0.8380497723179912,0.31754375663432444,0.18235449214011187,0.22727719028902454,0.0,0.09986019939319876,0.0,0.25262394180413816,0.0,0.0,0.33686034460686703,0.33221125953000086,0.09289134648611565,0.333747858124619,0.0,0.08657368683374642,0.0,0.2453893122383565,0.16853445459505667,0.0,0.3115785855674367,0.0,0.0,0.0,0.42412982765259793,0.25540085877451285,0.1678048358863744,0.13576168577587594,0.6043620389113343,0.0,0.8635583312115194,0.03963892541101976,0.29314194033423513,0.1805542910527678,0.4868900443470685,0.36103607504656343,0.21036634691196557,0.0,0.0,0.3009340222601399,0.08151533303465062,0.33798527845930754,0.0,0.0,0.0,0.7287454403272695,0.21401082195507923,0.1889112902702938,0.3131411806977858,0.0,0.07349538758156775,0.0,0.1048079239046839,0.0
0.05417359349919046,0.0,0.40722716975788154,0.0,0.6454730122770224,0.09215683104142207,0.38193191892379275,0.0,0.0,0.09186988966553263,0.7803932410504029,0.05975666693291157,0.08724192747949533,0.0,0.2924887589112614,0.09169591943493662,0.0,0.0,0.426797702437986,0.24627693261573574,0.24956857372875568,0.21228353150382723,0.03890304876451343,0.0,0.04815977568521023,0.0,0.4101317428876833,0.016450877366471335,0.24819186738069987,0.0,0.0,0.08079206676856443,0.1788661883964173,0.0972025609078751,0.08454575877232345,0.0,0.003960061760440368,0.04842886029197731,0.12153242413148162,0.16685165995176665,0.05136891523003263,0.04971891364347164,0.0,0.03891592717932899,0.05016145988470351,0.15511081262068585,0.021065791451745235,0.3858763612870376,0.04728426771647033,0.5260360718486605,0.0,0.365996906850631,0.0,0.8703841267195658,0.0,0.6504570347537322,0.0,0.024366623384450503,0.0,0.11127220600462184,0.012117806901375056,0.0,0.0,0.17506214969703102,0.18091251353241813,0.17664209220439328,0.18924231440973205,0.0,0.0,0.14768116107121718,0.07638543545627025,0.27391111937525187,0.043344964794303775,0.08259856169702125,0.133553161609464,0.15034294568684461
0.5943467758099478,0.5242690356913311,0.4142077461988377,0.04042629475720311,0.0,0.4531222004985449,0.31785904898980394,0.1778762727922948,0.09186988966553263,0.0,0.0,0.5627162111636317,0.5297711224199889,0.01928933328734088,0.38213865601496355,0.4835918630921451,0.6884015616021408,0.5644527823764587,0.11548826453622249,0.42364536895444194,0.49148287565381876,0.44325746097705376,0.40997859616725074,0.5930603102682633,0.6407585962517447,0.5162028376810447,0.42010107051551304,0.5422083692192835,0.2397539599149594,0.3934421512701813,0.3429408629813789,0.0978126309944347,0.2584699083683328,0.20027754550106247,0.15018528451555904,0.23246471170847144,0.03153910376893525,0.0,0.0,0.27636903111402494,0.20325184158118478,0.0,0.3316151608252451,0.21157756915956985,0.0,0.6118352779190945,0.644992733495729,0.32607953502806786,0.13956480018438458,0.03563210314441603,0.4119017426845582,0.5174629680723236,0.15935268416722004,0.13581322020155004,0.8818586716034419,0.012387362677993695,0.39671844737577816,0.6016872854610493,0.3147501027155064,0.25011725242637906,0.45120215702825933,0.5449492931691104,0.5819756974669748,0.37598227606186246,0.05376571375757759,0.4140150751240697,0.25781642719543574,0.37183525444053905,0.6566871756219061,0.8443170042178993,0.7403553493574293,0.42123761508645596,0.6600835786568514,0.24187834642895298,0.36587498549534825,0.1798597641131409
0.0,0.0,0.29016298270793,0.0729433304415765,0.6742026908521701,0.0,0.18031063648622075,0.0,0.7803932410504029,0.0,0.0,0.0,0.0,0.04139680323063794,0.2867658118797761,0.11050739169310324,0.0,0.0,0.3364436512496825,0.17366715399487284,0.2234653904946689,0.18289026195648367,0.0,0.0,0.0,0.0,0.2523922385060115,0.016622148972295622,0.24587091899216518,0.0,0.0,0.0012098138442540216,0.0,0.0,0.09853894705459196,0.0,0.08641876283581607,0.12193892837167757,0.1254119762883114,0.0,0.0,0.13574376692381054,0.0,0.023643268991214314,0.17015669845919917,0.08321877562263696,0.0,0.3304744940445975,0.03885270126179364,0.5501906234369098,0.0,0.17832127329624872,0.0,0.6472353422962791,0.0,0.654713217162011,0.0,0.0,0.021360410506342672,0.11908541519072245,0.0,0.0,0.0,0.09494345864598693,0.18962456463991748,0.18671731158190186,0.21732260982712764,0.0,0.0,0.0,0.0,0.09892759439332656,0.0,0.07555527653548544,0.07947815871537636,0.18680513658311934
0.05752463847282184,0.3529688846096121,0.12624410363186953,0.10819024221062906,0.0,0.4952701064384288,0.2794839411120629,0.5260629294513852,0.05975666693291157,0.5627162111636317,0.0,0.0,0.4740113315183252,0.07264328388206921,0.07071221861377693,0.03584071957977995,0.34873074123173586,0.0,0.1121325081393746,0.09394822822228431,0.325344928112779,0.07549606866308008,0.5511596532310749,0.2985358811256599,0.07298584979559326,0.06453058603394783,0.0,0.4821795195345779,0.0,0.455465523387361,0.3131688744607456,0.0,0.2688972058154327,0.47168678021288424,0.3896455215915528,0.4010393672089356,0.16657709133169699,0.057512191873189344,0.0,0.14310954412338242,0.003591739778903338,0.0,0.4262413700187144,0.06921811255438855,0.0,0.057986896360627996,0.32506274306862376,0.09272078413288212,0.3719047159085711,0.25673682711144324,0.2696333125612476,0.4117930019043303,0.4145355613253967,0.06331915299009565,0.5499283633686242,0.20475226821025805,0.3846657995416387,0.49410564405857405,0.35221601855256224,0.0,0.0,0.2778111710015443,0.17027108357635004,0.33423297872868235,0.0,0.08892563949184884,0.0,0.39903520400461445,0.1990126742592516,0.34490384897611315,0.30460867896916666,0.0,0.45582621262971235,0.0,0.04371472346531731,0.0
0.32583056710083397,0.5114884496433451,0.41816270754879803,0.13691711975941628,0.016199127752615446,0.6732714914098615,0.5432066001926539,0.34800218637057634,0.08724192747949533,0.5297711224199889,0.0,0.4740113315183252,0.0,0.23608820807672978,0.4211007533275577,0.45299701630347194,0.4380281005007326,0.41251249387714695,0.19859476918989794,0.4855883989437775,0.4759221713964809,0.47678442542486266,0.5233799649092742,0.28080379405754485,0.2533038375570078,0.33079174011676815,0.33368682799145327,0.691372161504227,0.4670796594636433,0.5475251340717406,0.42352151062410354,0.09159905217771133,0.270236544437022,0.29063361600640597,0.23676907945329267,0.3899214429881447,0.18961999934623303,0.138290391985918,0.0,0.15589091744666175,0.17438595503830684,0.017775495961270364,0.24370500683235008,0.09011602458556993,0.0,0.2900982390754294,0.5144958843124006,0.2850890473429067,0.22549386613811057,0.07061401204191885,0.4397090236451226,0.2890754910442602,0.2702336849686792,0.09381611780469763,0.503190392304371,0.19579227739448582,0.18844432090204755,0.6865382676228164,0.20459254504890334,0.3679457060604748,0.34444069519896553,0.3782215965970534,0.5543366868800457,0.3516666713572831,0.21061423350018724,0.433930516600475,0.2700713588950833,0.377359233688038,0.2269236136895243,0.51802158572373,0.5261012175837596,0.2702292773832177,0.5647347333622651,0.2689586879837036,0.15854411467929552,0.0751973247074542
0.06828365044186673,0.0,0.10253647686202869,0.1484382223391406,0.06064927238873648,0.14828315205847925,0.15549576672536783,0.08747572770610487,0.0,0.01928933328734088,0.04139680323063794,0.07264328388206921,0.23608820807672978,0.0,0.26133921193266707,0.12063323845004117,0.0,0.0,0.07105283120451598,0.300853578426134,0.27911254321180473,0.2380610342786786,0.18216292096808331,0.0,0.0,0.0,0.15626290686974859,0.3912595946375525,0.2855669640640245,0.33036421894247353,0.36002318781056475,0.0,0.0,0.14492662635049072,0.24054383161462387,0.3031912949864728,0.12999758394995548,0.0,0.0,0.0,0.0,0.20239733755593217,0.1651766628630012,0.10480340044003807,0.0,0.05962105373703633,0.10194244019614024,0.07040707650774773,0.08767210494734064,0.0,0.13921706957038732,0.05530164932916863,0.18350904022967865,0.0,0.02207653442425051,0.05413770074517628,0.0,0.20726101689574927,0.2962155974162841,0.2758316174246339,0.030438795554201932,0.0,0.0,0.2129329303008102,0.16243361208768728,0.25805621776916143,0.09637155333374016,0.20677020663915674,0.0,0.0,0.0,0.14898308028857735,0.1577366071142926,0.17809684610239856,0.0,0.0
0.4285667370776442,0.2013243489827586,0.5733999789485337,0.0,0.2097021246674994,0.36914618965216206,0.24919761122156722,0.08549660755735863,0.2924887589112614,0.38213865601496355,0.2867658118797761,0.07071221861377693,0.4211007533275577,0.26133921193266707,0.0,0.4522146356503917,0.17319223362809097,0.2884691374269931,0.32838501769305173,0.8159505600384847,0.583474902149624,0.7644485221535747,0.3429811445209535,0.08465916654909218,0.2344448573890587,0.2074889401929242,0.7083802336258049,0.5185806486572726,0.6004060253672124,0.3561571474431095,0.3060776081163103,0.23095776544099403,0.0746970220087232,0.1932941403413106,0.14672237870801885,0.24285248672668708,0.09305961298929268,0.0,0.09259984123965047,0.09334790240957466,0.14634543391148788,0.00310069517546852,0.2124961773638654,0.10227033066924694,0.0,0.5112939528747866,0.5004509736071222,0.45011093243816563,0.09637330726113466,0.14074850027573152,0.2522623592670356,0.5064630950799757,0.10918994399734973,0.3217616702485175,0.3373154541323872,0.261417906582425,0.0,0.5030533600849683,0.19170576341055331,0.7653318202166863,0.45687421534014916,0.1735002401280778,0.3908391429736908,0.38866464584397853,0.6387996318967065,0.5875857438768768,0.7081912108343986,0.2884702065573851,0.15695172534386015,0.4708969261438282,0.4340098723665637,0.5893482538003016,0.5971444494155433,0.5911338925593215,0.2673173197419985,0.28128878415264014
0.6059420053446964,0.09194964313464543,0.40642402766180585,0.12269174030853112,0.1854177877883723,0.09544629108390984,0.33625471635265686,0.0,0.09169591943493662,0.4835918630921451,0.11050739169310324,0.03584071957977995,0.45299701630347194,0.12063323845004117,0.4522146356503917,0.0,0.2240896067984862,0.4918824306658156,0.07977334108134103,0.5093286682810673,0.5393214770797703,0.6383527819537009,0.038920200492956185,0.1788411936118255,0.30701755268951747,0.2785907349257042,0.5487857396550373,0.573999119000935,0.6693445760126675,0.3291340760531652,0.524627476142579,0.17084536181489357,0.06588912670367596,0.11071464031110079,0.1621754149320832,0.10870550266346073,0.25495591446459626,0.06325394196580426,0.06137244352349883,0.033369724814242226,0.08505548625282185,0.18331092870894267,0.035653222900943964,0.19845076232755865,0.009324821591572528,0.6420217981717684,0.25159055663874597,0.1574248398992561,0.06363596087882724,0.055952801952939155,0.03154384201112483,0.3491260173642415,0.0,0.1035343856508219,0.3824147979346954,0.06071531380185364,0.0,0.30958719363046555,0.16452984011290028,0.42314476010954516,0.640543701417444,0.2307887161581012,0.4826995369811236,0.15608229975347324,0.33479308400379243,0.5145765066142941,0.5176911419163333,0.0,0.2189210203209361,0.4785529940370092,0.39468774992704597,0.3995780147571311,0.4814680070576426,0.5397660217231394,0.1770045521652962,0.4063767255241348
0.34878999491079626,0.8141924399918099,0.24324118309404102,0.0,0.0,0.5495713877320697,0.09821215508581699,0.3112388192048792,0.0,0.6884015616021408,0.0,0.34873074123173586,0.4380281005007326,0.0,0.17319223362809097,0.2240896067984862,0.0,0.7957483923207639,0.05888099395155746,0.1816743433952513,0.0237910798774744,0.2626792851081619,0.3851939696944708,0.7227367786812573,0.847519683625927,0.8578116417192545,0.20993659993634617,0.13221488503423223,0.0,0.053650965647148524,0.0,0.24976239456832883,0.5313705388882897,0.0,0.0,0.031045793245092358,0.0,0.06411836960074566,0.1717543943797881,0.4671849651146527,0.4123872598659343,0.0,0.1803169657563483,0.014949046660322287,0.11819096827242295,0.3240767868196778,0.5835576129556329,0.32293432131448785,0.0,0.0,0.5464013801540176,0.07056130166739022,0.31089038505904915,0.10847221598715891,0.6760046811371969,0.0,0.6253357861463258,0.342132439791127,0.07674196939784546,0.005978563129045174,0.2570974671466411,0.6908779216472064,0.6100634636936353,0.2501196874446015,0.07352177928337834,0.09610012128768157,0.11958880888895328,0.37087877741604,0.7678151323390011,0.6528304161672099,0.8290207980197521,0.27059086484111655,0.2553593626777237,0.1030487893287305,0.5111866358202072,0.11945666437916533
0.4804764470018673,0.6552757104123275,0.32273275880317454,0.0,0.07277735458064648,0.38219934878601003,0.07194357360453409,0.07983008538061669,0.0,0.5644527823764587,0.0,0.0,0.41251249387714695,0.0,0.2884691374269931,0.4918824306658156,0.7957483923207639,0.0,0.13432761843985278,0.27946892709894083,0.07280898987367307,0.4477236000940045,0.19850166279605982,0.682989572784979,0.8284083102977879,0.8573352807150774,0.38774171418454345,0.10342613679743205,0.16703067127892593,0.0,0.0,0.40237225003648885,0.4875302563365569,0.0,0.0,0.0,0.0,0.0,0.35151917027800944,0.47839841429010177,0.42269266809827494,0.0,0.1081990999662416,0.08953158474592439,0.20014110516326106,0.459423773234809,0.4924974603468662,0.3452395966577932,0.0,0.0,0.4238853806977482,0.04151270739185247,0.11280287835042212,0.08661318735106893,0.4863225505451402,0.0,0.5247338864579291,0.2771678776904219,0.055648989665113655,0.24479432162269738,0.39319194231073035,0.6011852904472157,0.673678154317816,0.23697761509456886,0.32101804477724527,0.15935552535670044,0.37485755947108274,0.2008135615833536,0.7113862863775705,0.5732729694579514,0.75944308472978,0.40018835314242185,0.26543710650387625,0.3633286418799839,0.534192731943698,0.3177848067661502
0.06132890297842797,0.033293842300209285,0.5656538192475146,0.0,0.4418829666957204,0.26494053526498923,0.21615623303071443,0.16894786349716573,0.426797702437986,0.11548826453622249,0.3364436512496825,0.1121325081393746,0.19859476918989794,0.07105283120451598,0.32838501769305173,0.07977334108134103,0.05888099395155746,0.13432761843985278,0.0,0.33040796549917284,0.29566105622020217,0.37130439184992176,0.23883195977907778,0.06719859559817562,0.05537478011698458,0.08480804478151718,0.4055830542095027,0.11902186357313052,0.2575062611411529,0.055721806817762495,0.0011748413782769127,0.26747448969531856,0.17802029943287495,0.12635700133243974,0.02164786136162041,0.15295947774751043,0.052819985327407136,0.05595096275009404,0.2846672577323226,0.18554669674265054,0.1566275265542441,0.19346421156281715,0.18391261954176882,0.19385154140569466,0.09590068703256033,0.19985028627773657,0.12252661550423793,0.4329062813403282,0.1632279943800644,0.34556499436766136,0.09613066572511758,0.218048312726795,0.17527188712717787,0.3810237614071553,0.08349345573795641,0.5733141263152278,0.20410424765051546,0.22182401104586302,0.1651032353398184,0.1790395849657545,0.21122694476197681,0.0,0.17949417713016408,0.7010850853748919,0.31273546080539794,0.17259018353885222,0.3365117161669582,0.1442354761715977,0.028398707907588687,0.08088246829230272,0.20019688402240485,0.28500633012152093,0.1468720507801152,0.17408435161623714,0.2575700382416542,0.34830601703943836
0.4316685549105782,0.20854056345315197,0.6032265220401928,0.0,0.2677736991535788,0.4106764315267145,0.35765715921520363,0.04691750682290143,0.24627693261573574,0.42364536895444194,0.17366715399487284,0.09394822822228431,0.4855883989437775,0.300853578426134,0.8159505600384847,0.5093286682810673,0.1816743433952513,0.27946892709894083,0.33040796549917284,0.0,0.5515080140067126,0.8203307474124661,0.28837428165458234,0.06283562704183657,0.18068781735227785,0.1721949530548057,0.7217732352233304,0.6119201356239407,0.6894951997138915,0.47332983094407854,0.42019029375442346,0.294815266215496,0.10945733379773512,0.2753085469970508,0.21257894596952986,0.24339789593561226,0.15302767449572138,0.0,0.1165888080409816,0.08548586189287388,0.16738864759039815,0.0528105462575916,0.21948555665384886,0.11089960453716396,0.0,0.46922981947060144,0.5145376620015804,0.4310974236790644,0.0867537020305479,0.07136697173945024,0.27405402046566496,0.472313067913496,0.09399927106191851,0.22646992557847867,0.32790923837992947,0.20008108414248324,0.0,0.5414484629585422,0.16127816576565487,0.7283476316469819,0.5135160180252396,0.1460940803573526,0.4050835552285409,0.4774656238950448,0.7199973585192033,0.5946874393574417,0.7544099033673263,0.285181147603682,0.13392220328402768,0.4946394683386118,0.4452666824879579,0.6281551523603858,0.6206384384325752,0.6205803234814599,0.16628028284079305,0.3216215908623895
0.446426308468186,0.0,0.5363023553974099,0.17696428565976383,0.11738955849065107,0.22974593814095248,0.46471467486947043,0.060998538108211854,0.24956857372875568,0.49148287565381876,0.2234653904946689,0.325344928112779,0.4759221713964809,0.27911254321180473,0.583474902149624,0.5393214770797703,0.0237910798774744,0.07280898987367307,0.29566105622020217,0.5515080140067126,0.0,0.5783114675959939,0.3779895955594449,0.03199231186228261,0.013730836941726969,0.0,0.5346582745944372,0.664386835041995,0.6406201179163628,0.5694621832519676,0.626278146217696,0.03135010727073531,0.0,0.3832820020225131,0.48774557584264383,0.3308863618760672,0.25149221840074654,0.05914860577762015,0.0,0.0,0.0,0.23518931890891506,0.19831537694901466,0.20877839375903304,0.0,0.5180923925958464,0.3259314837634969,0.21133794402118278,0.3003249029550433,0.2760621821131908,0.06508836966330905,0.5918810245408279,0.0,0.20514588277539647,0.41254045038527615,0.3354022717417303,0.0,0.5090937367761339,0.3539441599817624,0.4252343907803365,0.49631717670351905,0.08931410392143982,0.3680090086153522,0.35145301680196145,0.17402034366170568,0.739325075532354,0.39201352267922196,0.21324861427530498,0.053858335241989325,0.4599702538064293,0.27743866231025394,0.38161134467345653,0.5705179973661045,0.36499664418864686,0.052247260524523706,0.26913387083341844
0.43709369225664646,0.2211566778627616,0.6184416568175962,0.0,0.2601538589803432,0.3135886195403848,0.34828342872359713,0.0,0.21228353150382723,0.44325746097705376,0.18289026195648367,0.07549606866308008,0.47678442542486266,0.2380610342786786,0.7644485221535747,0.6383527819537009,0.2626792851081619,0.4477236000940045,0.37130439184992176,0.8203307474124661,0.5783114675959939,0.0,0.23370133527024797,0.10605003481574406,0.2932207839782699,0.3235532444934744,0.76111797582448,0.5511537708184211,0.6747647216852124,0.2945665418880725,0.420397771629496,0.3572061938791378,0.19090302040355064,0.22338676672928187,0.11059978021048801,0.19490619885991842,0.16968671271201374,0.0,0.21835649921140562,0.15226112503172157,0.20734274550122647,0.1269316355411456,0.10965794229124108,0.16960128910972758,0.047735072356563976,0.561557136263106,0.46301655658107976,0.3392263196074375,0.14350935235886453,0.2469413555767267,0.20135111457417748,0.5036972912811654,0.0,0.23989661215315186,0.3926426064229822,0.2750603339479405,0.011034984755657963,0.46640810824291146,0.2293062247013211,0.6186497748781807,0.6002556601531908,0.28674281496808546,0.5707693078225118,0.40485126530859444,0.6533311603182209,0.5798871089372734,0.8092513319626699,0.12459758950994293,0.1508581875366726,0.4933178329763004,0.49823041148107394,0.6101711170999777,0.5671561870961297,0.6305590121473369,0.29294575397720274,0.46186369297926133
0.05932027501515841,0.6191471325002477,0.32853030876971,0.0,0.0,0.8089645871122958,0.15636125254327912,0.8380497723179912,0.03890304876451343,0.40997859616725074,0.0,0.5511596532310749,0.5233799649092742,0.18216292096808331,0.3429811445209535,0.038920200492956185,0.3851939696944708,0.19850166279605982,0.23883195977907778,0.28837428165458234,0.3779895955594449,0.23370133527024797,0.0,0.352821783421884,0.32213680630449915,0.34069762856140695,0.2630500165381799,0.30334958587870536,0.0,0.3818544874732388,0.08151951160543963,0.04531798099473999,0.39743968700547955,0.3830653254545292,0.15482763793312931,0.31168164888255356,0.0,0.03371445543690168,0.0,0.2699334225368341,0.19217934687458368,0.0,0.28329158102014096,0.0,0.0,0.06791729872337973,0.6089317098786338,0.3889649762491295,0.2385800780777011,0.23247082071201583,0.6617921239155085,0.24124040161228694,0.7724757199885667,0.13931293637579342,0.49505471825009945,0.306240637129267,0.44634113709822765,0.5186549154249813,0.3000868574047214,0.08933320542042533,0.0425551547937872,0.36959082526554704,0.21773269590314043,0.4536054556124513,0.0,0.2687048180583524,0.0,0.8708305165058753,0.2876135769706517,0.4421444176564106,0.5068436605758985,0.21383191054627362,0.25197186906103297,0.0,0.21137586114701207,0.0
0.46569909205818727,0.6256026311457054,0.23998256494677,0.0,0.0,0.37820600944345023,0.0,0.31754375663432444,0.0,0.5930603102682633,0.0,0.2985358811256599,0.28080379405754485,0.0,0.08465916654909218,0.1788411936118255,0.7227367786812573,0.682989572784979,0.06719859559817562,0.06283562704183657,0.03199231186228261,0.10605003481574406,0.352821783421884,0.0,0.7595720732030884,0.7854120349026238,0.10260186556067967,0.04313081480447974,0.0,0.0,0.0,0.25851066945198603,0.47609533308236585,0.023358201605535065,0.0,0.08048539978253211,0.0,0.0,0.21467486976625894,0.5050743909523102,0.47954704906267775,0.0,0.23234308962719727,0.0,0.2691844936114334,0.4180751572344398,0.44332699472826714,0.2671176308600348,0.0,0.0,0.4795265921888172,0.07293308992544394,0.2879992075112178,0.05995847689521847,0.51851491277602,0.0,0.6412304591592912,0.24260572702836858,0.1727716910572618,0.0,0.15261242545240647,0.5369314937757895,0.48703896916247624,0.1907527768638096,0.014466317896807567,0.03394477752194025,0.08789289566058871,0.3212407277202635,0.8897703850578553,0.5269915116895254,0.7474033790432146,0.17148675968253516,0.26239230057319635,0.08004970456812771,0.48926075047539375,0.1786833484765261
0.5106429070332009,0.7800958660435396,0.27151293845923086,0.0,0.0,0.3900032567366542,0.0,0.18235449214011187,0.04815977568521023,0.6407585962517447,0.0,0.07298584979559326,0.2533038375570078,0.0,0.2344448573890587,0.30701755268951747,0.847519683625927,0.8284083102977879,0.05537478011698458,0.18068781735227785,0.013730836941726969,0.2932207839782699,0.32213680630449915,0.7595720732030884,0.0,0.9358812145135496,0.3314633313447624,0.0,0.0,0.0,0.0,0.349718594588645,0.518242688821554,0.0,0.0,0.0,0.0,0.0,0.34198519199379385,0.5446962915216889,0.5017171432554827,0.0,0.028591501778287377,0.0,0.2288393348705486,0.4766242828558039,0.5658086378898324,0.38188727337203,0.0,0.02214280112376061,0.48492365801515214,0.06080052454918987,0.22351235331764055,0.21458579191649874,0.5866304137118373,0.0,0.644185694921106,0.18257682602497735,0.061890451422436,0.06148526300927848,0.2475389032337306,0.6059081230999499,0.563474026655146,0.14843980142839822,0.13780272618099632,0.13122908473084247,0.19752950742181313,0.34904282229098377,0.8062822292392896,0.691597910348753,0.8703001891126203,0.4063155379638188,0.18829885907903796,0.2633978301727459,0.6247694722217123,0.24369231097545233
0.44239804771086294,0.8386469899882897,0.2796423589106361,0.0,0.0,0.4765263084901905,0.0,0.22727719028902454,0.0,0.5162028376810447,0.0,0.06453058603394783,0.33079174011676815,0.0,0.2074889401929242,0.2785907349257042,0.8578116417192545,0.8573352807150774,0.08480804478151718,0.1721949530548057,0.0,0.3235532444934744,0.34069762856140695,0.7854120349026238,0.9358812145135496,0.0,0.272148781080501,0.0,0.0,0.0,0.0,0.4034853538814486,0.5806412728801764,0.0,0.0,0.0,0.0,0.006433613304349915,0.36873184514873986,0.5728292720424377,0.5345570621295279,0.0,0.01409596294102242,0.0,0.27794996509439757,0.39541073654384407,0.5120938647139666,0.3844567746788056,0.0,0.023721798381804653,0.5343958160249533,0.0,0.2491889442557777,0.17925284397390281,0.47320235438385816,0.0,0.6753523653917293,0.17691894289171348,0.047620368916338675,0.10890798295128898,0.24280375119335887,0.6279304699189266,0.6249729189202715,0.16101131392700996,0.2649994529870394,0.0887890983255829,0.26589613819368424,0.32578384430387897,0.760569019382496,0.56278792845792,0.8846955738693363,0.3481957242297892,0.14943270209003556,0.24007079216403493,0.6014108417762348,0.23594449754144048
0.5058995249769305,0.18736371010125866,0.6789109703537022,0.0,0.37934373737635074,0.3396941919088436,0.4316248247980238,0.0,0.4101317428876833,0.42010107051551304,0.2523922385060115,0.0,0.33368682799145327,0.15626290686974859,0.7083802336258049,0.5487857396550373,0.20993659993634617,0.38774171418454345,0.4055830542095027,0.7217732352233304,0.5346582745944372,0.76111797582448,0.2630500165381799,0.10260186556067967,0.3314633313447624,0.272148781080501,0.0,0.3368427137765813,0.7361633388599157,0.23179880865323874,0.23956163811244144,0.33573400001902015,0.12324622249026423,0.11225210765308623,0.04800769862146743,0.0,0.06585921685415672,0.0,0.18970747696370452,0.1801079077510821,0.19447155283233908,0.05608875022358232,0.029465195799559064,0.19594250222026074,0.014997439583444357,0.5486750260821819,0.5015614566792208,0.5196540133366694,0.0,0.21102397277924198,0.27079335258817305,0.5198403399122749,0.0,0.399851371003652,0.3441487350245216,0.37650119182018427,0.0,0.39255410321538,0.16063570512153322,0.5391850834391243,0.6114820036212255,0.1511726079860624,0.42759633614855674,0.4618662689791683,0.5392389796336254,0.5465633412665973,0.6855822740431339,0.25812669882954553,0.17855572292370908,0.5272639217134711,0.4718899310510195,0.8791219197015977,0.4307310938517424,0.690554833535557,0.18242945432299282,0.34574468373635847
0.3850090524756386,0.12286430539002197,0.4063148817818895,0.2580144354510381,0.0,0.3118090326448222,0.4368949453258307,0.09986019939319876,0.016450877366471335,0.5422083692192835,0.016622148972295622,0.4821795195345779,0.691372161504227,0.3912595946375525,0.5185806486572726,0.573999119000935,0.13221488503423223,0.10342613679743205,0.11902186357313052,0.6119201356239407,0.664386835041995,0.5511537708184211,0.30334958587870536,0.04313081480447974,0.0,0.0,0.3368427137765813,0.0,0.5403095590750598,0.792535004070783,0.7298591831837751,0.0,0.0,0.3976710224075162,0.4884448274919963,0.47184766435451825,0.383758257149656,0.0004380389627542163,0.0,0.0,0.0,0.15461237774663608,0.39308636292687754,0.23264614808285208,0.0,0.4127618758193293,0.364034218683086,0.14328333931549025,0.32630140780979194,0.025103922353335455,0.15582189970523727,0.4692288575045211,0.08489811011174678,0.0,0.4644332372213762,0.08740669890109429,0.0,0.6234731311683167,0.33891305282641854,0.4915215909578561,0.3851167797715507,0.15217806958192548,0.34765697026321285,0.3378024185287122,0.20936977221760358,0.5695829360531754,0.34876323720871466,0.23009747292514962,0.08859365947801726,0.4343753167642869,0.2862673098613733,0.2712963502998545,0.783811011514604,0.26749621804093326,0.0,0.12701991573982147
0.49642764974044984,0.0,0.5344018411703718,0.1645980386151875,0.42138197144924827,0.18313360148599458,0.53791531081384,0.0,0.24819186738069987,0.2397539599149594,0.24587091899216518,0.0,0.4670796594636433,0.2855669640640245,0.6004060253672124,0.6693445760126675,0.0,0.16703067127892593,0.2575062611411529,0.6894951997138915,0.6406201179163628,0.6747647216852124,0.0,0.0,0.0,0.0,0.7361633388599157,0.5403095590750598,0.0,0.3987509791444972,0.5097764400130004,0.1853694216641857,0.0,0.13944313088542284,0.24366248492382886,0.11430865006551322,0.2974425951753352,0.0,0.04782319025142346,0.0,0.034084088541861936,0.18808948425612337,0.0,0.21167317686767315,0.0,0.5016236387848362,0.21696885028596855,0.23074022556594298,0.03921099036304933,0.05409739377641064,0.02964474195536738,0.4387553109291465,0.0,0.17655379764902263,0.15357405106589175,0.24018401332484965,0.0,0.3808146707663263,0.0862209772213812,0.6408545452228754,0.6407250809950622,0.0,0.3717738824516824,0.297502907414913,0.5608851535425107,0.6441859751290133,0.6791262617550702,0.0,0.0,0.32455223056106475,0.18858326420490712,0.5710186238715111,0.46512298581512324,0.7575635883780932,0.017776903812779382,0.3928920652448337
0.2238817047622092,0.10554209707117605,0.31237713602575135,0.21946173099396746,0.0,0.385825419005206,0.3013290495925411,0.25262394180413816,0.0,0.3934421512701813,0.0,0.455465523387361,0.5475251340717406,0.33036421894247353,0.3561571474431095,0.3291340760531652,0.053650965647148524,0.0,0.055721806817762495,0.47332983094407854,0.5694621832519676,0.2945665418880725,0.3818544874732388,0.0,0.0,0.0,0.23179880865323874,0.792535004070783,0.3987509791444972,0.0,0.6962248214748489,0.0,0.0,0.4639706249140687,0.47334432033045837,0.4144868745335098,0.28899908921853723,0.0,0.0,0.0,0.0,0.08390371088175136,0.32539819730797104,0.16134599516657716,0.0,0.1614867891679739,0.3413564178152222,0.05354071714150707,0.3818753089391548,0.04562542088528243,0.2664289297791814,0.4100531998516579,0.22797140552957268,0.0,0.3318548600409529,0.0006976852886723602,0.0,0.5465606771223603,0.2913848827860768,0.3598028579926211,0.2494630871330218,0.09751690207283824,0.2315717226483765,0.3583834579315669,0.10275709996052362,0.5097277335113133,0.16398584643398934,0.3458093758493842,0.016331296835750707,0.34923483536365657,0.17751651285226888,0.20539433877730282,0.621370222754449,0.1847517616421376,0.0,0.0
0.19259329268819353,0.0,0.19543623851770464,0.3807508362001973,0.0,0.052077686959824794,0.39995022033734473,0.0,0.0,0.3429408629813789,0.0,0.3131688744607456,0.42352151062410354,0.36002318781056475,0.3060776081163103,0.524627476142579,0.0,0.0,0.0011748413782769127,0.42019029375442346,0.626278146217696,0.420397771629496,0.08151951160543963,0.0,0.0,0.0,0.23956163811244144,0.7298591831837751,0.5097764400130004,0.6962248214748489,0.0,0.0,0.0,0.43532340888661736,0.6601609556729391,0.4442626656102626,0.35957967363538,0.0995284792901972,0.0,0.0,0.0,0.3116547919035352,0.1762533611202539,0.24375087883460483,0.0,0.32678969024532417,0.1712107596995759,0.0,0.33995016331008615,0.038571008574682646,0.0,0.42780765111858604,0.0,0.0,0.31275582780420286,0.0,0.0,0.3667158013195884,0.28236273094348185,0.3006672876753914,0.40118192988870605,0.007720738740051378,0.21154180739564582,0.16153058086242197,0.03320095281040982,0.5454419906103019,0.2087515544161446,0.0,0.0,0.26521866586133935,0.006107457913428386,0.11806389251739019,0.48205271046136433,0.18479822174813576,0.0,0.061751557992145246
0.2126126370966147,0.25502595241784654,0.2707240262898868,0.0,0.28620116674652957,0.14733832173896233,0.029292234882994626,0.0,0.08079206676856443,0.0978126309944347,0.0012098138442540216,0.0,0.09159905217771133,0.0,0.23095776544099403,0.17084536181489357,0.24976239456832883,0.40237225003648885,0.26747448969531856,0.294815266215496,0.03135010727073531,0.3572061938791378,0.04531798099473999,0.25851066945198603,0.349718594588645,0.4034853538814486,0.33573400001902015,0.0,0.1853694216641857,0.0,0.0,0.0,0.34651169644554203,0.0,0.0,0.0,0.0,0.0,0.785952841996428,0.37277728142573247,0.4242605698203958,0.17282242260097397,0.03858052184284748,0.0,0.2425515017507225,0.15064263495171806,0.18547943259374544,0.2246981835651932,0.0,0.027786108029991135,0.18706945580020323,0.0,0.11386941086910712,0.10457715033560915,0.0625054715577985,0.034389561110906075,0.20310682648798462,0.04789529982274802,0.06932696882921757,0.25478748710823745,0.30293443895054867,0.19136842581254151,0.2639707371010873,0.15699337817443343,0.3915836578523248,0.17696196080869075,0.40667831347919803,0.06298352125871544,0.3230777647630991,0.2198911352496684,0.3940700302608419,0.322140918140279,0.11687656553430001,0.362353634505334,0.39061683403751407,0.43828427743578147
