0.0,0.48930799509415424,0.1869968996727644,0.09335102500275282,0.18960259122403206,0.20147434966308153,0.22051604348430276,0.09968300278695132,0.14370869827734142,0.13659516316666911,0.01781504887276262,0.0,0.17876349844212475,0.0,0.18024928957010453,0.3369742266212336,0.3134280168346707,0.2552835126756547,0.06474006899196927,0.17454446217433517,0.4372421185811895,0.36378665404995897,0.27286597959718084,0.014802214149324209,0.48413810196947543,0.3387694825726411,0.28286243790158055,0.30245568766127795,0.33121772485289197,0.13549455185043788,0.1285213372472232,0.23582396690538415,0.1065716387451289,0.1299534215900445,0.23742360832897094,0.0,0.0,0.023427024287908292,0.05161014691517838,0.25967451019101656,0.041208360371665385,0.05929218234987117,0.0,0.0,0.10704171466535749,0.7241404759179312,0.12773625846322265,0.433793353294701,0.016700888663454296,0.16112739638498405,0.1876346448210327,0.1093726577677904,0.06789499370921205,0.24250939916403558,0.12190947882122402,0.24332285018419886,0.08502367669034201,0.12962696641693663,0.0,0.15160660726086944,0.37727409373497584,0.2423730317381088,0.2844149829308067,0.11652228946698472,0.21909316065909107,0.341605387283432,0.26824269689010893,0.23594487732477218,0.0667361536104201,0.20625084000991928,0.33615941841300856,0.3931536472040702,0.147075720037869,0.48134331674959674,0.05182179937305428,0.17734753574367898
0.48930799509415424,0.0,0.29979721495982775,0.24832580704123233,0.21141550447168717,0.6001936610220996,0.3975804549734627,0.15927786090914783,0.32403683720484366,0.36493043909420336,0.09973434906681834,0.1973743160143528,0.5272119612327825,0.09810708354577968,0.09306609798792831,0.5117954625153802,0.4890295741527593,0.553215634457208,0.42139103126570715,0.3473331318681291,0.3423923065822247,0.46003745695909376,0.44189519640090036,0.17329271662386522,0.5174148894716016,0.7923520671183696,0.3738733726510703,0.29397752966685803,0.29360320423445724,0.08709350378716774,0.17116032546295737,0.263789785100235,0.14607699610165173,0.05368783810987991,0.13963256585005915,0.01619402297565392,0.0,0.0025186600914109797,0.03488176991371514,0.310049174062094,0.1278701400800163,0.06297540694497526,0.2144735837968265,0.00868307262229267,0.0,0.3382374495226939,0.5262998461186605,0.5284154086812329,0.19827372624210982,0.3971845006101132,0.6544176504328233,0.35130472045865674,0.22983838834087153,0.40679241606755046,0.28047751548134875,0.39551092142924804,0.27273631519956143,0.6657270769589748,0.17886479474578912,0.03318929810848639,0.142469385408329,0.43604573628636284,0.30909706701565687,0.5076323137539909,0.35654245243770694,0.12659847441457575,0.15516456248753177,0.4650963075947199,0.12160243762443716,0.26611371366754555,0.6757212065844389,0.465311543187865,0.4380056457479048,0.3397755550929784,0.035821201695092376,0.04096582164287764
0.1869968996727644,0.29979721495982775,0.0,0.5183990614847547,0.79149205939954,0.8276462014548567,0.782222127018048,0.7220819488245694,0.9063349551194445,0.6505232343131744,0.8852644293849141,0.0,0.4941690573543795,0.4710144808215067,0.768194950857351,0.5807636775267089,0.4636259927393334,0.4827567408604016,0.6838155372721747,0.8563103090511066,0.7894230001182806,0.7234392463481129,0.7710746940430243,0.0,0.2690490446780598,0.2891462950483059,0.8456412904204855,0.6657496167340734,0.7690128820455737,0.48187051900921457,0.7304126871934021,0.25632813360845746,0.2651461420217555,0.3769167997644711,0.0,0.39176326852678517,0.0,0.30172523323449774,0.0,0.0,0.35916192822265025,0.0,0.1714862071851777,0.0,0.0,0.1923686927821699,0.5044878451193687,0.7593543835613205,0.6156491904923392,0.7509236079523394,0.587227797768193,0.6423202042929081,0.7508824445625133,0.7958865180060049,0.6263865875941289,0.6379874868465938,0.1430224008673842,0.41897254675455975,0.2872994312608758,0.7917668816853239,0.3680235911179299,0.5556930788457244,0.28657294979752834,0.504054423501232,0.720829243954075,0.7271740293173622,0.7023277199655895,0.6485667978139635,0.0,0.5202429480803579,0.2241454949904343,0.6873501581146154,0.29150932689137554,0.26831506175272585,0.0,0.0050839395689903965
0.09335102500275282,0.24832580704123233,0.5183990614847547,0.0,0.4205448480184779,0.5374607271060837,0.6420865528236025,0.3254789867178603,0.5327815211012064,0.32205196793545776,0.37195602542730505,0.0,0.43474253187340367,0.2619968577962323,0.5085620975294246,0.49762759050818844,0.25438714861198297,0.3296330933691156,0.37976957046132703,0.562431056243663,0.49838025522473073,0.3939311517392741,0.36151192313161357,0.0,0.0,0.17295886087416104,0.5233685700104787,0.5807934801072152,0.4697415372387859,0.46483509110872145,0.5841171980008693,0.25572734796422686,0.03507740476802002,0.19269385002420597,0.0,0.34496173793322454,0.024391860529086026,0.12801755720826086,0.0,0.0,0.1922121787197545,0.0,0.1801520735038277,0.0,0.0,0.02739652702370955,0.3575697533845928,0.42123272892127067,0.418944823448205,0.6276845730308587,0.34077992921351336,0.6692405309852597,0.43879733839250096,0.4736409648221567,0.47052234246861574,0.25467526066109847,0.29052978429245746,0.42641215041853103,0.08291222250423319,0.4151570720505284,0.16559269233770643,0.4587063124353076,0.2502220433008048,0.2995169298243628,0.5234058561459132,0.35747052240630606,0.3198076606038874,0.2682212096306312,0.0,0.21415055534661798,0.0030672347235181164,0.4483338987813887,0.35751175480916114,0.18196914274457981,0.0,0.0
0.18960259122403206,0.21141550447168717,0.79149205939954,0.4205448480184779,0.0,0.6644288197757637,0.7907731918954044,0.5786339811501776,0.8566971192976267,0.5289392438862648,0.8039375709887744,0.0,0.46326985116785263,0.41797888045376175,0.6468958475457306,0.521009349737665,0.42907131416741534,0.4187523435552658,0.5095592098501514,0.7456586117758314,0.6773525263138104,0.6260724604880209,0.5972174866085609,0.0,0.27543712117038927,0.2639288651828928,0.7588604747671827,0.623928554984349,0.7309212863696348,0.46790543095745946,0.6573831312610738,0.1792956472082966,0.3248821440474125,0.41292293594432733,0.0,0.37126159164835193,0.04619117271842167,0.36730350418182234,0.0,0.06635226690783647,0.31605685262656663,0.0,0.21178892109421746,0.0,0.0,0.23946914794109586,0.32925275981792174,0.6553261799854122,0.46471008117497986,0.6808181939853841,0.41769336126944534,0.5956978961123262,0.6452022489346974,0.7329991444445075,0.48529400506978304,0.6765135555629569,0.1560228880053848,0.3278697777394872,0.21304470845399787,0.692070018046509,0.37576665658231084,0.3678873780122971,0.267920610717211,0.33277122579227,0.5887999900256556,0.6540757448982446,0.6318259913452109,0.48859036591950733,0.0,0.4218752017955267,0.20553129017568234,0.6178196340999449,0.1708732899584793,0.3039172922781123,0.0,0.0
0.20147434966308153,0.6001936610220996,0.8276462014548567,0.5374607271060837,0.6644288197757637,0.0,0.8034135860696269,0.6887069183551385,0.8404083087248426,0.6036179797304115,0.6972973523396493,0.0,0.6854225972935934,0.4896747820975536,0.6621890035533826,0.6384733998831345,0.5159948375259472,0.5970618376123461,0.6733489829371999,0.8547676671877706,0.7424318008490577,0.7336228080711811,0.8233939224267783,0.0,0.3229079971081074,0.5487073432874621,0.8359556840928145,0.6376135957587483,0.7739906125632967,0.4195083695682197,0.6250193111916654,0.3385871396440043,0.19148988950130819,0.30341239624838584,0.0,0.34455303860432845,0.0,0.2646884899082947,0.0,0.0761017936708111,0.25848304278334117,0.0,0.2932239657149656,0.0,0.0,0.2184030999787041,0.5939252800028804,0.7175277873937526,0.526340182466557,0.7218964992796545,0.7905287702825587,0.6465954453705574,0.7537323735564551,0.7657582244952805,0.5403726574469853,0.5927199762116009,0.3639461477992088,0.635593156959725,0.3192990643154159,0.6254557608871433,0.2961194435360106,0.5747344317572747,0.29940381900707475,0.562167384154472,0.7175934974545168,0.5836263327316729,0.564992617952509,0.7527521689151404,0.0,0.4390151683814498,0.44383458916816293,0.7163310901704009,0.3350916543579556,0.26363704896598344,0.0,0.0
0.22051604348430276,0.3975804549734627,0.782222127018048,0.6420865528236025,0.7907731918954044,0.8034135860696269,0.0,0.5328036600040771,0.8391153211084204,0.643585029598688,0.7470774004631503,0.0,0.6223940083561647,0.41901537019626883,0.6579228527103325,0.6699611552031639,0.5234822545090081,0.5518623562059161,0.5725747424341712,0.7927084470135476,0.7195208925135368,0.7207901610822317,0.5804788333938337,0.0,0.28135440716068416,0.34374834468710264,0.8147919285065928,0.7204189677579369,0.8029893021193173,0.4905817295077037,0.722134774693323,0.33434736989856345,0.26877694159612564,0.348864628584745,0.0,0.438261834694333,0.07445089333110143,0.30983669599391445,0.0,0.0,0.27767047594903993,0.0,0.3264614710026187,0.0,0.0,0.2205501892373626,0.5025277548507929,0.6375246105507533,0.5518769505082075,0.8026721464937644,0.518954166542972,0.773663491466258,0.641724153715578,0.7049436823218616,0.6477898636805343,0.5945941372926087,0.2545385964893004,0.5193629845242145,0.22432083849392234,0.6956296747532191,0.35470768154331156,0.5141813333288252,0.33036053509675517,0.43609706176725105,0.6620496135356743,0.6441537323195496,0.6064705846066585,0.4933912295109357,0.0,0.46703995459208564,0.18575641157950332,0.672359168082673,0.32452237786994365,0.33623109568893067,0.0,0.0
0.09968300278695132,0.15927786090914783,0.7220819488245694,0.3254789867178603,0.5786339811501776,0.6887069183551385,0.5328036600040771,0.0,0.6791762197030342,0.35678953692019755,0.7167014559532779,0.039414093746132424,0.5301938077986885,0.44135461220677136,0.641152537732629,0.3142998719210343,0.42499352047363564,0.28949961505067484,0.39289854140564373,0.5958454264188061,0.6543455754212998,0.3853777179982143,0.8707726108784917,0.0,0.09139932484826033,0.39730460160549347,0.5373182624784885,0.620990203246906,0.5323103123761935,0.37037704841690305,0.5797461898519501,0.15496102820603014,0.14580091898222997,0.30359204091770425,0.0,0.4271111604511382,0.0,0.41522983814054276,0.0,0.0,0.19651329032864243,0.0,0.16662366909302986,0.0,0.08842431268315507,0.1238679895901576,0.15555279927521304,0.654770125581346,0.458477989501922,0.4392124611886304,0.41031099642867297,0.26685314342677097,0.8837640197157935,0.6341238596449844,0.3058850747647263,0.5177571857588411,0.3181209158090805,0.26171204469747567,0.19191260133702603,0.682015831115693,0.17050486376294183,0.19107409983921286,0.0,0.2886005541646262,0.44211082778013605,0.7006185434372344,0.4360221012082559,0.6735117776539519,0.003988755999899668,0.18985918003203495,0.24076167336681092,0.4070431944504081,0.036065204346868954,0.04348285029752232,0.0,0.0
0.14370869827734142,0.32403683720484366,0.9063349551194445,0.5327815211012064,0.8566971192976267,0.8404083087248426,0.8391153211084204,0.6791762197030342,0.0,0.6167925091047808,0.8654321358270131,0.0,0.5589657519441082,0.42407730649060016,0.7782041231138058,0.59510354325651,0.44939858871479443,0.4872725004279362,0.6426134290763559,0.9033096997649546,0.7583273637828837,0.7186730912818619,0.7382595876069855,0.0,0.24233946936470033,0.3728476658935629,0.8722417204301491,0.6908099887684793,0.8088949710138919,0.48369942593264925,0.7214833717341925,0.22123663981485717,0.3384596803893904,0.3790567412675714,0.0,0.39890920216044945,0.0,0.3593376203993808,0.0,0.12144243369428154,0.4090955304790308,0.0,0.23936072918343865,0.0,0.0,0.2215315526254392,0.4910274942221846,0.7509853688187104,0.5551561123171065,0.7923544712048839,0.585097680175565,0.7019221811219004,0.7421838570118433,0.9116820171271672,0.6065438473697695,0.6606926514175878,0.22082526031125943,0.47884201835750173,0.2370938165274683,0.8001623035674261,0.36765784401049173,0.535504949886564,0.34509723416329036,0.4351651441821004,0.7536644065748096,0.7157166199226007,0.6959965454848844,0.6310214094265139,0.0,0.4853485156064602,0.3309655421422601,0.7351572765915,0.2914447294287473,0.27970700617289035,0.0,0.006276824513081913
0.13659516316666911,0.36493043909420336,0.6505232343131744,0.32205196793545776,0.5289392438862648,0.6036179797304115,0.643585029598688,0.35678953692019755,0.6167925091047808,0.0,0.5784737801439914,0.15733611468603872,0.3304309434782803,0.340248634971717,0.39945572828052384,0.38778087384398013,0.42356416052795276,0.41710746627444684,0.5467663101572116,0.5932066132255898,0.47453903217929555,0.5584553160188278,0.4129130323827004,0.0,0.4432022129152432,0.247321282541273,0.5718380339404598,0.28388791837558014,0.5197088236692292,0.18415537430069356,0.4666532668105504,0.20795371465297396,0.4324357304292175,0.14025875276526661,0.0,0.26987324726806194,0.0,0.10789139543405689,0.0,0.26324844007567544,0.27852763978028805,0.0,0.37390249897798167,0.0,0.0,0.16220915346523096,0.6115505747390356,0.4452890083992163,0.490301343950059,0.6330494815123313,0.4862602632803047,0.6404739303884712,0.4494590383942466,0.5274796066070929,0.7486417756577886,0.47239191805047176,0.0,0.4824685587237595,0.3081220532684313,0.444548088623442,0.3089878568711252,0.6823114005240504,0.2937319599079398,0.47052122671434193,0.573939790325148,0.43475632076376997,0.5762097940919635,0.4107103295708111,0.0,0.5563167773258144,0.2708585291556876,0.4645582162981292,0.4592883657169773,0.2976014535189051,0.0,0.1940659810265524
0.01781504887276262,0.09973434906681834,0.8852644293849141,0.37195602542730505,0.8039375709887744,0.6972973523396493,0.7470774004631503,0.7167014559532779,0.8654321358270131,0.5784737801439914,0.0,0.0,0.4207437879924018,0.5016500196830997,0.7412313384505383,0.47630885378943943,0.46183623222141845,0.3782498755564258,0.6162665250497893,0.7911920150021722,0.6643558084578434,0.6044545384142366,0.637542189392509,0.0,0.22566786466239452,0.2280520427989752,0.6966082380988962,0.6116610487938281,0.6999100530305723,0.4374643230578094,0.7155380602199759,0.15599606629862317,0.3396543450325154,0.4117743071218951,0.0,0.42906484158426933,0.011943037535279838,0.3902482373706206,0.0,0.0,0.32755640098942596,0.0,0.24376199065146484,0.0,0.0,0.10508781578926565,0.31415631109581,0.5539543159116033,0.5711917324378345,0.6599106471457397,0.38221663823461927,0.5237579649701781,0.6920248658394812,0.7180704310590161,0.5428435527796798,0.6948583929922661,0.12139716022991491,0.26989442548708376,0.2936993225273191,0.7815489530941038,0.26649386165510763,0.36700632283452866,0.1317077698649031,0.38962968599287806,0.579702919376657,0.6658400212689531,0.6387821244171445,0.4572801828008688,0.0,0.3995650520600761,0.11340561640751551,0.5073597385789027,0.13370651268712688,0.11108345330382428,0.0,0.0
0.0,0.1973743160143528,0.0,0.0,0.0,0.0,0.0,0.039414093746132424,0.0,0.15733611468603872,0.0,0.0,0.2325066296853085,0.0,0.0,0.0,0.3150545783073216,0.2050048035812812,0.026915852334428916,0.0,0.0,0.0,0.04649858837289402,0.6766995580637463,0.12797741664804002,0.4430916943567448,0.0,0.0,0.0,0.0,0.0,0.0,0.2528040122245804,0.0,0.07612017902039217,0.0,0.08526110687915686,0.0,0.1945123511072866,0.3220170953899514,0.0,0.0900358119863998,0.19066938259453048,0.38860892868511,0.0,0.0,0.0,0.0,0.0,0.0,0.0,0.0,0.0,0.0,0.0,0.0809362051167375,0.24487795921251956,0.08925629594587221,0.15942318188484564,0.0,0.0,0.0,0.0,0.0,0.0,0.0,0.0,0.0,0.4331808770659987,0.0,0.3288830391580276,0.0,0.0,0.0,0.24342106526456797,0.0
0.17876349844212475,0.5272119612327825,0.4941690573543795,0.43474253187340367,0.46326985116785263,0.6854225972935934,0.6223940083561647,0.5301938077986885,0.5589657519441082,0.3304309434782803,0.4207437879924018,0.2325066296853085,0.0,0.12546368711890857,0.31733675803921,0.6201083887613869,0.6381279403986548,0.6077721125810905,0.36636048229246493,0.5431971937497093,0.4897060281432542,0.41242684688508,0.6466117552824593,0.0,0.07409303179193637,0.6411711054578175,0.41262844100041535,0.7986002673507866,0.4722223693878587,0.4121168910447961,0.39843376227591404,0.2973507510106098,0.13954342801285372,0.21273186465748842,0.0,0.27449222763756786,0.05122226283619965,0.12298835435210376,0.0,0.0,0.1720869889018757,0.0,0.2100760518576318,0.0,0.0,0.11470256255975056,0.23528704901641936,0.5901462395428295,0.34907751141558163,0.5001639133746277,0.4250001218723891,0.38843793660055653,0.5550451873576219,0.4772942355368849,0.39878694023384326,0.4937451449507236,0.5817484212130646,0.6984391583655931,0.09564431356571362,0.31886006428847763,0.17020093968138958,0.3154793490048487,0.3477806267075393,0.3463341229686769,0.34579486838426304,0.3791291465519772,0.17392284706940353,0.45744295190135265,0.01574716413324909,0.08504455979078117,0.4691091854436132,0.35054456538680473,0.34002311214099,0.1024138951748057,0.0,0.0
0.0,0.09810708354577968,0.4710144808215067,0.2619968577962323,0.41797888045376175,0.4896747820975536,0.41901537019626883,0.44135461220677136,0.42407730649060016,0.340248634971717,0.5016500196830997,0.0,0.12546368711890857,0.0,0.32965362729412034,0.11687681624869967,0.13539880477013025,0.10030286697704485,0.42923723340945763,0.3943453246315048,0.2815150251871744,0.2634891994086036,0.39400458381478287,0.0,0.16421405365000583,0.1570688675474291,0.36153143682062333,0.19321458157401034,0.3255074655416339,0.2709802643256141,0.4357340380223831,0.08646991719864426,0.26242227704046067,0.15899525961935898,0.0,0.29685459991126734,0.12296829999824063,0.3182723133258335,0.0,0.08689090846538217,0.16014281933995997,0.0,0.2326051922143147,0.0,0.0,0.0,0.2789448360215143,0.1654440248869031,0.48855868593800483,0.33036689519185747,0.2757880672819477,0.2933445605216926,0.4426545402021658,0.29867737610476625,0.2402816676030267,0.38743525850062166,0.04085701887063827,0.15257805612159075,0.32516401258916555,0.3584074775281279,0.07385433281656574,0.18379968612884096,0.0,0.2017633931444919,0.27787149814240253,0.26628048262062,0.27099198527754215,0.30852522344694655,0.0,0.2388401914478057,0.06641386342827728,0.22556285579293853,0.009179918508172636,0.0,0.0,0.0
0.18024928957010453,0.09306609798792831,0.768194950857351,0.5085620975294246,0.6468958475457306,0.6621890035533826,0.6579228527103325,0.641152537732629,0.7782041231138058,0.39945572828052384,0.7412313384505383,0.0,0.31733675803921,0.32965362729412034,0.0,0.5531431102595334,0.35319685445646415,0.30498011590435425,0.515986235145727,0.8517515745647287,0.809942443254807,0.7195722222027682,0.6524198593966417,0.0,0.12139595240276736,0.13884655047621203,0.8495788264945501,0.6475587804142046,0.8069460653835862,0.4911328348182632,0.769416543221574,0.14015124300766096,0.11865710906451474,0.5015014756760039,0.0,0.43798296976801243,0.0,0.36225374632119306,0.0,0.0,0.29801119869429754,0.0,0.07864477088391593,0.0,0.0,0.2947755961070901,0.34072820392045516,0.6188624403168934,0.35486973995439103,0.6314879938305706,0.4371987758930076,0.5620586498240309,0.6669452364927679,0.7859785773779856,0.473267458087751,0.4572217869262929,0.1384185272651963,0.19802881820120835,0.10751592989117102,0.9589941411966637,0.4210685977898766,0.4159231185373771,0.24366454696482548,0.3559547545288493,0.7389286802710582,0.7988571971112967,0.7982476656638935,0.5632380253234888,0.0,0.4565488186728767,0.08655851892139596,0.701021749491511,0.11847811546606755,0.3252712500888666,0.0,0.056299410369209976
0.3369742266212336,0.5117954625153802,0.5807636775267089,0.49762759050818844,0.521009349737665,0.6384733998831345,0.6699611552031639,0.3142998719210343,0.59510354325651,0.38778087384398013,0.47630885378943943,0.0,0.6201083887613869,0.11687681624869967,0.5531431102595334,0.0,0.591640320962329,0.6887009945608493,0.52782311569365,0.7114143638242524,0.5945825950290249,0.7308323915940194,0.4605407709713724,0.0,0.1285162414585467,0.4474727848217769,0.6384051969722548,0.6932300672684688,0.6410324356997514,0.3537229222065743,0.5775039498749898,0.37710882907718707,0.13681908794157407,0.3280070377206024,0.0,0.17380000432627146,0.0,0.2398191337261063,0.0,0.05056813241107938,0.19433655331844793,0.0,0.13656421576475233,0.0,0.0,0.3636408909850669,0.4109080530240599,0.5871164405640228,0.33350590724180273,0.6326583505194594,0.43670996723793826,0.5407279236978553,0.3610515562895262,0.5713806223841116,0.486333675411718,0.4640084712012506,0.2873707058159521,0.5072296009384114,0.08985140121314715,0.4905252576144479,0.3988425279737382,0.5401740020136524,0.47327538839417194,0.4743091059177721,0.5684523445293209,0.47088670754927897,0.44016976275520275,0.41134273180537434,0.0,0.2606241706838436,0.3173924534937551,0.5680823213442016,0.34095375445039394,0.3419356341303169,0.0,0.0
0.3134280168346707,0.4890295741527593,0.4636259927393334,0.25438714861198297,0.42907131416741534,0.5159948375259472,0.5234822545090081,0.42499352047363564,0.44939858871479443,0.42356416052795276,0.46183623222141845,0.3150545783073216,0.6381279403986548,0.13539880477013025,0.35319685445646415,0.591640320962329,0.0,0.5536368353835466,0.3870229757267994,0.4949284243161215,0.47755351595075407,0.4845802094293536,0.4800184319150642,0.0015059581455431539,0.25208114171270907,0.6072929792433488,0.37580316363891925,0.5436184743923247,0.4428553424528027,0.30876279436289633,0.37386492270905064,0.24978530061560278,0.18555395259224114,0.30914734365855784,0.0,0.19586602445587983,0.0,0.26925645304175366,0.0,0.0,0.19964584402143884,0.0,0.20552089482563085,0.0,0.0,0.277425943768232,0.14330719938427505,0.4141322966948282,0.320181452705034,0.4662799016012753,0.2274236508640178,0.266278967261049,0.3912560878367121,0.39076709504130364,0.3654857994329401,0.4335738249822691,0.37578046735505727,0.3900080457879172,0.16703167520844606,0.3429373446463697,0.25433763740546317,0.40183549737891044,0.22599030359866587,0.27065036182682256,0.3430486102519696,0.42931590417842946,0.24501141130625795,0.2544451343954656,0.008217385544803751,0.0585506980802347,0.33737770369484843,0.29019146604434126,0.13710892771428537,0.11846619268591183,0.0,0.0
0.2552835126756547,0.553215634457208,0.4827567408604016,0.3296330933691156,0.4187523435552658,0.5970618376123461,0.5518623562059161,0.28949961505067484,0.4872725004279362,0.41710746627444684,0.3782498755564258,0.2050048035812812,0.6077721125810905,0.10030286697704485,0.30498011590435425,0.6887009945608493,0.5536368353835466,0.0,0.42446738106413145,0.5404336337279086,0.4145231142220594,0.5755085583839076,0.3802044056122532,0.034762828052651164,0.3446758405307381,0.4946324094619667,0.49516437221138415,0.4669853691367866,0.4991447733967302,0.16035376190749476,0.3849360238554213,0.19069999166120463,0.27697935762047926,0.18566201333150598,0.0,0.0,0.06685199026020981,0.09757738433845067,0.0,0.2247035447961084,0.16135635136832627,0.0,0.2410763282144009,0.05938482344464841,0.0,0.22310597805532367,0.2751753350533904,0.45927736658196455,0.2008482987047399,0.41786730522937415,0.45457901548901086,0.3472870090759035,0.3744766647699634,0.41283768382901476,0.35233348947009213,0.44056757144917463,0.15983869974117873,0.4933099950358992,0.03218905799353824,0.3058556610167683,0.2581583438239533,0.5303833346231159,0.44849291342475267,0.44029619757339705,0.4296534934721071,0.30797949147702214,0.27617475414040854,0.34934779213710704,0.04389333985187599,0.2583162060237148,0.3644155339926421,0.4718698702298935,0.29699400010080496,0.323961225381501,0.061306533334658006,0.0416264771844205
0.06474006899196927,0.42139103126570715,0.6838155372721747,0.37976957046132703,0.5095592098501514,0.6733489829371999,0.5725747424341712,0.39289854140564373,0.6426134290763559,0.5467663101572116,0.6162665250497893,0.026915852334428916,0.36636048229246493,0.42923723340945763,0.515986235145727,0.52782311569365,0.3870229757267994,0.42446738106413145,0.0,0.6555727756454798,0.4782983589246077,0.6222959161507048,0.4226468223726556,0.0,0.2455766482251834,0.34554511297853246,0.5715944587941332,0.43624027195602433,0.507995416317125,0.3497758210351327,0.5205374661973424,0.2882180742379758,0.38865269926052803,0.3722638853593571,0.0,0.33866192643236215,0.09902265921368747,0.29610939536923864,0.0,0.14186248112469854,0.35112565403232016,0.0,0.37054386741953055,0.0,0.0,0.08474721577730422,0.5802386315271567,0.47732121097624136,0.5509815144124275,0.635746744238807,0.5660680009957523,0.5943094945085527,0.4494688274554604,0.5860000867341898,0.549685134828639,0.6377278101761006,0.26691596444118054,0.5555081945894647,0.4071733749514194,0.5084347901349687,0.2677978140502493,0.4657456318644967,0.25390540034422354,0.7778560684396484,0.48880233024430075,0.3451930808371365,0.49735556001798414,0.4437897974885274,0.0,0.4566937586926936,0.3800095324280324,0.4806401797934133,0.3737803290623585,0.10833814774315731,0.0,0.0516534046730925
0.17454446217433517,0.3473331318681291,0.8563103090511066,0.562431056243663,0.7456586117758314,0.8547676671877706,0.7927084470135476,0.5958454264188061,0.9033096997649546,0.5932066132255898,0.7911920150021722,0.0,0.5431971937497093,0.3943453246315048,0.8517515745647287,0.7114143638242524,0.4949284243161215,0.5404336337279086,0.6555727756454798,0.0,0.8025977967658459,0.8551024736379608,0.7019795061599532,0.0,0.2541368830081044,0.3050473552326928,0.9273243351518132,0.7503198205988176,0.8925249436063495,0.5558043542370141,0.8205904477227413,0.28754689782670206,0.1842185816034576,0.38947706540147775,0.0,0.40689936644630004,0.0,0.34468143185054056,0.0,0.0,0.3526583548627457,0.0,0.2039841188582894,0.0,0.0,0.28430031920595317,0.5244620388465268,0.6857183738002272,0.5153577737626572,0.8191674930650247,0.6152789552116048,0.7062362498232333,0.683653058213509,0.814933154425182,0.6507031556115118,0.5465133615318091,0.24922768140936583,0.4759818457889101,0.28531626769833995,0.8542035629113596,0.4492694277125988,0.615513724301255,0.4564590036859725,0.48356604480463333,0.8831038643706222,0.7160989346262447,0.8052370669120579,0.632268129028068,0.0,0.5322895081588379,0.2642601343255462,0.8232137754363164,0.3484746720800459,0.38262680148422,0.0,0.06229011913263615
0.4372421185811895,0.3423923065822247,0.7894230001182806,0.49838025522473073,0.6773525263138104,0.7424318008490577,0.7195208925135368,0.6543455754212998,0.7583273637828837,0.47453903217929555,0.6643558084578434,0.0,0.4897060281432542,0.2815150251871744,0.809942443254807,0.5945825950290249,0.47755351595075407,0.4145231142220594,0.4782983589246077,0.8025977967658459,0.0,0.7499361760823914,0.7409593021719193,0.0,0.3205435194603045,0.3264307061914758,0.8493823393600475,0.7033685099223053,0.8733546183762289,0.5259414733132031,0.7588093566951695,0.318755122904446,0.1241689502734016,0.45844687659673944,0.0,0.3697021143030216,0.0,0.2560287277943245,0.0,0.0,0.3250995668945351,0.0,0.10696777996787137,0.0,0.048488994534777466,0.42865331688466735,0.42155088697444326,0.7429485336355799,0.45182370526135346,0.6283474752695585,0.5090390593584125,0.5976509968623338,0.7096438333995628,0.7391084193481174,0.5573428644471768,0.47681388648305584,0.18194980387517035,0.38655068227528633,0.17268623389537865,0.8025429817445157,0.4927198896166772,0.4810002519712114,0.41492185643008156,0.3883810934821107,0.7433528172723487,0.9133065073922808,0.7427411251831063,0.6569604455639501,0.0,0.5213560435022248,0.22573618749682273,0.7345926174642542,0.3142541191633151,0.49018461340415675,0.0,0.06465161444803602
0.36378665404995897,0.46003745695909376,0.7234392463481129,0.3939311517392741,0.6260724604880209,0.7336228080711811,0.7207901610822317,0.3853777179982143,0.7186730912818619,0.5584553160188278,0.6044545384142366,0.0,0.41242684688508,0.2634891994086036,0.7195722222027682,0.7308323915940194,0.4845802094293536,0.5755085583839076,0.6222959161507048,0.8551024736379608,0.7499361760823914,0.0,0.5256374316570679,0.0,0.35278374114685485,0.31431587375421544,0.8747001287912114,0.6008532458603923,0.8048181876302174,0.4026315680937913,0.6600390523979204,0.31472006248353307,0.18596744561555983,0.3534210190611222,0.0,0.27959843734269535,0.0,0.2888796665040443,0.0,0.09125125247501503,0.3052605539612114,0.0,0.23077251377149494,0.0,0.0,0.46096306164554246,0.5778155268958957,0.6693866725335911,0.43740987668288905,0.7123923261394638,0.6547268206454061,0.6596350884190972,0.4668513743161245,0.6981736279245918,0.5477550150784309,0.42576294156362576,0.13876018714809346,0.47016050961393924,0.2376052828774765,0.7009217666735841,0.5078457451965918,0.5972972249299375,0.46347385283714926,0.5712426195819343,0.8056789178825596,0.6121578289537621,0.7773791698007279,0.5989964912668748,0.0,0.5680158369384953,0.3103103621477191,0.8628249548396256,0.4024269032825149,0.5373606025001338,0.0,0.20802303278515513
0.27286597959718084,0.44189519640090036,0.7710746940430243,0.36151192313161357,0.5972174866085609,0.8233939224267783,0.5804788333938337,0.8707726108784917,0.7382595876069855,0.4129130323827004,0.637542189392509,0.04649858837289402,0.6466117552824593,0.39400458381478287,0.6524198593966417,0.4605407709713724,0.4800184319150642,0.3802044056122532,0.4226468223726556,0.7019795061599532,0.7409593021719193,0.5256374316570679,0.0,0.0,0.23533962926066795,0.5736157732957904,0.6690105894120064,0.6565372074272513,0.6466587209891255,0.3625057264912415,0.5868777665165946,0.2584898021686447,0.1460515185614305,0.3082153861848642,0.0,0.3599199346846473,0.0,0.250563261394926,0.0,0.026967884024488933,0.19820075308619553,0.0,0.10288417921939967,0.0,0.08051459591773541,0.28164016554176363,0.3437524654851738,0.7928152990957561,0.45015480530511987,0.5101869370868349,0.5973262406098712,0.3475519495147851,0.8470960838206664,0.7236940175557603,0.36481740377132643,0.5463506610301768,0.3687411816842984,0.4456548775495933,0.17354481157236737,0.6676634092026406,0.2278595356048609,0.3547453533977188,0.16681734267545903,0.3447405636077528,0.5345919311969588,0.7169188537110521,0.45956351200228174,0.8404315490120746,0.009748284331731584,0.30372245729932823,0.46123050314544123,0.5286300438143328,0.14716884675605468,0.16870909499534179,0.0,0.0
0.014802214149324209,0.17329271662386522,0.0,0.0,0.0,0.0,0.0,0.0,0.0,0.0,0.0,0.6766995580637463,0.0,0.0,0.0,0.0,0.0015059581455431539,0.034762828052651164,0.0,0.0,0.0,0.0,0.0,0.0,0.17134238017457962,0.34780904207353197,0.0,0.0,0.0,0.0,0.0,0.0,0.12234879054543148,0.0,0.17097084206845817,0.0,0.02677510152079073,0.0,0.48078036414783976,0.3977893205071816,0.0,0.16552385518427967,0.10967027518606431,0.42304011721400686,0.1449136719201425,0.033479526613254665,0.0,0.0,0.0,0.0,0.0,0.0,0.0,0.0,0.0,0.0,0.0,0.0,0.0,0.0,0.0,0.0,0.0,0.0,0.0,0.0,0.0,0.0,0.7849757552245337,0.0,0.3416310749281261,0.0,0.0,0.0,0.5029061316711447,0.10740751337283647
0.48413810196947543,0.5174148894716016,0.2690490446780598,0.0,0.27543712117038927,0.3229079971081074,0.28135440716068416,0.09139932484826033,0.24233946936470033,0.4432022129152432,0.22566786466239452,0.12797741664804002,0.07409303179193637,0.16421405365000583,0.12139595240276736,0.1285162414585467,0.25208114171270907,0.3446758405307381,0.2455766482251834,0.2541368830081044,0.3205435194603045,0.35278374114685485,0.23533962926066795,0.17134238017457962,0.0,0.3572989897594208,0.31389218007154557,0.023717277791389404,0.3616810122075581,0.006048288029129254,0.17667523325134066,0.012793221102225593,0.4281493583897724,0.19310155155089054,0.12338130124121263,0.0,0.0,0.0,0.23029347981905163,0.49834840556874627,0.307703036487294,0.0,0.0893904663145391,0.0,0.0,0.34803548643688537,0.189688589067009,0.32326172693304245,0.07538775582026762,0.16802288829621753,0.27782003356002277,0.1016907967343591,0.1651887306247407,0.28773823251720076,0.17474363764822007,0.441037124523649,0.0,0.08534576561109172,0.1171260908775832,0.179325847218759,0.23755586188610772,0.24506912724671048,0.14534603413523198,0.16630702837935618,0.24581577577607994,0.3184099228880841,0.2641937308979794,0.23921967635427782,0.17298983345437027,0.4649645262781427,0.27343021485618596,0.32848079691690807,0.06650282448621621,0.5108118382361702,0.20450519031217912,0.29313967705845134
0.3387694825726411,0.7923520671183696,0.2891462950483059,0.17295886087416104,0.2639288651828928,0.5487073432874621,0.34374834468710264,0.39730460160549347,0.3728476658935629,0.247321282541273,0.2280520427989752,0.4430916943567448,0.6411711054578175,0.1570688675474291,0.13884655047621203,0.4474727848217769,0.6072929792433488,0.4946324094619667,0.34554511297853246,0.3050473552326928,0.3264307061914758,0.31431587375421544,0.5736157732957904,0.34780904207353197,0.3572989897594208,0.0,0.19933562671682611,0.37271660131188844,0.16946886318541957,0.1277870909794195,0.12704014242436742,0.2541306399716879,0.25409779820078343,0.1412237806112076,0.019363548048896444,0.23130993927264124,0.0,0.190892864319501,0.0005846644033874295,0.29624504319177936,0.16381221531279153,0.0,0.237074007104853,0.007456339597570632,0.0,0.28189621008369004,0.22589624073225414,0.5033203756909843,0.24418843972185345,0.301100904004608,0.4688433662322702,0.12346185554879266,0.3431932339309649,0.43997173196247974,0.09727154920629431,0.475314291287707,0.43836079617423634,0.5734684020337346,0.10631446685044327,0.09319087911063559,0.011747529935498381,0.21185791065059492,0.1175033880050525,0.37320785532301687,0.22913183815889357,0.22661205586457106,0.055137675562576434,0.4104729041134511,0.2883386653292719,0.034733433696085884,0.7353168754964357,0.2578979644343132,0.2264420041925414,0.048391971541745155,0.1041995749126106,0.0
0.28286243790158055,0.3738733726510703,0.8456412904204855,0.5233685700104787,0.7588604747671827,0.8359556840928145,0.8147919285065928,0.5373182624784885,0.8722417204301491,0.5718380339404598,0.6966082380988962,0.0,0.41262844100041535,0.36153143682062333,0.8495788264945501,0.6384051969722548,0.37580316363891925,0.49516437221138415,0.5715944587941332,0.9273243351518132,0.8493823393600475,0.8747001287912114,0.6690105894120064,0.0,0.31389218007154557,0.19933562671682611,0.0,0.6094899499911909,0.9267971841175656,0.46958651444503063,0.7490144274035234,0.25268212877390045,0.14085769948856147,0.35307964692241955,0.0,0.2971391846859353,0.0,0.2685102919807833,0.0,0.05136567750147949,0.28772210754473665,0.0,0.15778822483489793,0.0,0.0,0.34360305202864444,0.6161976401914974,0.7305498975567287,0.466019875029399,0.777745170087977,0.6756237226293265,0.7773864974983279,0.6719570758464868,0.81310500168583,0.6358648132309991,0.4986280819188757,0.10904707328321542,0.4472475607192451,0.23551823138909964,0.8308926741980218,0.5203290823087426,0.6578002270416744,0.46962993265403125,0.467496240996655,0.8991147396692937,0.7588750604669146,0.8489015409609122,0.6852347119401817,0.0,0.6374959980638736,0.24529404568102622,0.913236109992955,0.35888627889579755,0.531647227356739,0.0,0.12012834678279324
0.30245568766127795,0.29397752966685803,0.6657496167340734,0.5807934801072152,0.623928554984349,0.6376135957587483,0.7204189677579369,0.620990203246906,0.6908099887684793,0.28388791837558014,0.6116610487938281,0.0,0.7986002673507866,0.19321458157401034,0.6475587804142046,0.6932300672684688,0.5436184743923247,0.4669853691367866,0.43624027195602433,0.7503198205988176,0.7033685099223053,0.6008532458603923,0.6565372074272513,0.0,0.023717277791389404,0.37271660131188844,0.6094899499911909,0.0,0.7062327860402361,0.6357812007190916,0.6761020419337261,0.3548170910773358,0.14203522695894064,0.4140968143025988,0.0,0.4142079012844684,0.12062010728830569,0.3051074582238567,0.0,0.0,0.2492291763537387,0.0,0.07841679218575522,0.0,0.0034759132368063295,0.2832651684428149,0.17518594121468886,0.6760158802495544,0.3784669790625308,0.6346779250220472,0.29747005787654235,0.4687746667530715,0.6305867790284325,0.5971709283942982,0.47304292134918585,0.5447921061546355,0.5192542002583749,0.4230570540554758,0.12838498799359566,0.6533066978554767,0.31022537313054127,0.31410877822105127,0.32568644877491437,0.34217483816084,0.5251782870755802,0.6566041373045848,0.46092948966717073,0.47937790220712817,0.0,0.15274199161396051,0.22457911442667078,0.5288327321606399,0.23884981411043074,0.1893600137051002,0.0,0.0
0.33121772485289197,0.29360320423445724,0.7690128820455737,0.4697415372387859,0.7309212863696348,0.7739906125632967,0.8029893021193173,0.5323103123761935,0.8088949710138919,0.5197088236692292,0.6999100530305723,0.0,0.4722223693878587,0.3255074655416339,0.8069460653835862,0.6410324356997514,0.4428553424528027,0.4991447733967302,0.507995416317125,0.8925249436063495,0.8733546183762289,0.8048181876302174,0.6466587209891255,0.0,0.3616810122075581,0.16946886318541957,0.9267971841175656,0.7062327860402361,0.0,0.5132243748253864,0.8148396657082593,0.3003125772229369,0.16198525314092788,0.4748108002466526,0.0,0.35245820923681,0.0,0.28151173889423065,0.0,0.0,0.3246936723079644,0.0,0.10288988398211635,0.0,0.0,0.3742359431841352,0.4076356553622935,0.6612142791872948,0.4124547538376163,0.6979261707366458,0.5199906143987186,0.6553576667952531,0.5976859601408968,0.7444907765495623,0.6380171130760562,0.4891915682339501,0.14701568534481627,0.33010439777182704,0.17167384733368515,0.8322975586145855,0.6076927611208371,0.5192945620424693,0.5063547250983536,0.36299799035737546,0.808316609310577,0.8405943935925235,0.8044092510603351,0.5977041990420457,0.0,0.6055391442657544,0.15911383351685077,0.8131458360540452,0.26123630548635923,0.5768633467040285,0.0,0.15326954843566254
0.13549455185043788,0.08709350378716774,0.48187051900921457,0.46483509110872145,0.46790543095745946,0.4195083695682197,0.4905817295077037,0.37037704841690305,0.48369942593264925,0.18415537430069356,0.4374643230578094,0.0,0.4121168910447961,0.2709802643256141,0.4911328348182632,0.3537229222065743,0.30876279436289633,0.16035376190749476,0.3497758210351327,0.5558043542370141,0.5259414733132031,0.4026315680937913,0.3625057264912415,0.0,0.006048288029129254,0.1277870909794195,0.46958651444503063,0.6357812007190916,0.5132243748253864,0.0,0.5594737283111294,0.2687445076304798,0.04762810925916581,0.39790071091140056,0.0,0.36206030374733317,0.0787351105594184,0.20485406397942102,0.0,0.0,0.24713001359356346,0.0,0.10141552608415287,0.0,0.0,0.12608209652999885,0.202034983108503,0.3886460109356596,0.3889410133635288,0.4511479948548407,0.14712554539239373,0.41791569104528503,0.3792498924312874,0.3972264923019538,0.3592746322935343,0.3308365775611341,0.38238367650578003,0.22313702138303596,0.06392405034364862,0.5187239732819034,0.31805287733731274,0.21173109061350046,0.25818797432659546,0.29326217156122397,0.41487422737488727,0.5058671011087342,0.4174618779240932,0.26408062179412084,0.0,0.23167532737016114,0.02832021541582778,0.3189129834424786,0.20614547868914657,0.08019340688363316,0.0,0.0
0.1285213372472232,0.17116032546295737,0.7304126871934021,0.5841171980008693,0.6573831312610738,0.6250193111916654,0.722134774693323,0.5797461898519501,0.7214833717341925,0.4666532668105504,0.7155380602199759,0.0,0.39843376227591404,0.4357340380223831,0.769416543221574,0.5775039498749898,0.37386492270905064,0.3849360238554213,0.5205374661973424,0.8205904477227413,0.7588093566951695,0.6600390523979204,0.5868777665165946,0.0,0.17667523325134066,0.12704014242436742,0.7490144274035234,0.6761020419337261,0.8148396657082593,0.5594737283111294,0.0,0.24482065787920979,0.24305002665341593,0.534255047988253,0.0,0.36819153599461235,0.0,0.3042071551483893,0.0,0.0,0.4303878088628388,0.0,0.10942185475034892,0.0,0.0,0.2379187810147383,0.34590575019625075,0.5703060204985193,0.4816041396788817,0.6287626953539716,0.34704213534348033,0.5819172239578703,0.6231906166503802,0.6348124944050951,0.555251303889754,0.47264607029502526,0.13894692575254097,0.250133060894821,0.14130183436128185,0.7877617472965344,0.5006041881328961,0.4424761960813188,0.35799658624843367,0.31552233528341506,0.6628842143969172,0.7469566526250799,0.6851389342558217,0.5125966237805866,0.0,0.48032214231302744,0.09510919373235466,0.5602162267449898,0.14116673037815547,0.2925988921931979,0.0,0.08541868585000767
