0.0,0.44827843755813335,0.349497144410499,0.0,0.4907192209358709,0.19193985774491545,0.14032326227230327,0.5285586303513387,0.4948763810105124,0.10673551823439767,0.1591324126964074,0.0,0.42064975352993017,0.039419400253003195,0.49685731502178554,0.6083957260119898,0.42402474370043675,0.24900729160133775,0.4301929706696985,0.547646151860876,0.7877257682166522,0.5581910194774492,0.46090715820079886,0.4867433115651052,0.40348555058232044,0.37037794236006394,0.3620412735622452,0.5066044241521789,0.4201595302040802,0.4661443600258044,0.7618537206745306,0.4250246711552055,0.29150581698877376,0.32572597991868907,0.0,0.5569793081440363,0.40748291285024946,0.541736845710512,0.4030019431294755,0.284739461889007,0.30175564541562394,0.0,0.5407450789786954,0.4593471799014279,0.3875242384077315,0.9083049589391514,0.4999300243749025,0.37415194780496275,0.0741546120765021,0.4291781363576118,0.4039956674306969,0.47249418192639364,0.4123102859343583,0.4658178070447439,0.4140375360575048,0.4712980156038635,0.032279316626224436,0.5616753504152262,0.2158394099779643,0.608663164440509,0.46672777896884243,0.6690968179801914,0.5454137442392613,0.4052279206541103,0.4586642522704627,0.8799586275820351,0.4237975190281126,0.5497927751718493,0.4641586813535316,0.5967408148190391,0.6328505726456336,0.37866525085131647,0.65811494260679,0.5369728181450508,0.5760669116504066,0.6222196223337325
0.44827843755813335,0.0,0.3828846037156543,0.0,0.4355376998139291,0.57945810891535,0.5510091386493683,0.6597855679490597,0.4136093172042117,0.36007609169922383,0.23307855998341187,0.47133604540065127,0.6896149932776595,0.1557111059748399,0.2522151334650254,0.6213558853137228,0.6921197020722509,0.6745977550854125,0.5662518463528505,0.4584523087919394,0.49590802850894083,0.5217989450664334,0.5465407401691152,0.5586284967569779,0.6828972895065667,0.8044032636762295,0.4356339908352687,0.42427203542228226,0.3150365834769211,0.3330756630935836,0.3337044900607467,0.4267652951459988,0.3549803106537904,0.2848761803072407,0.0,0.3815943095438458,0.3560569107042272,0.3676658906139352,0.3751192303999076,0.3670388009738904,0.2302011517714962,0.0,0.4519456889279274,0.320428592655937,0.24013062878814198,0.3512484025835257,0.6621361315613019,0.3683798810916109,0.2017631090062569,0.4059213427498647,0.5555518135924189,0.4978806763101416,0.5327924872938126,0.41337482904013184,0.4837129436780755,0.4487785917761695,0.4497114052128054,0.4938260833149009,0.2724030265652892,0.3130382669066466,0.21675633920453266,0.5790385451275171,0.41305368855624136,0.5075265234842603,0.41269902768383493,0.40301280677499485,0.32252704056351816,0.5300794266863004,0.28956619324812827,0.5684964048937605,0.6364592121885935,0.4619439662129927,0.4037368894206508,0.27650103780342505,0.342733246737414,0.28689595127007894
0.349497144410499,0.3828846037156543,0.0,0.008643886474476444,0.7112282534198403,0.7122935548639224,0.4721745999370123,0.6096328595419067,0.8743245280991114,0.23772122058778306,0.6741124253491564,0.1655135906037625,0.6072115864021351,0.0,0.45342382259453623,0.45333135926325396,0.40916403530302237,0.36109755057542103,0.7337225001612749,0.4922504090970183,0.5825846859983804,0.45714863407735834,0.7200012290330191,0.29333100843494125,0.3653220913377665,0.3932548457509379,0.7954054259168978,0.5159597064455946,0.5357948938433919,0.4284356289720123,0.2928449971409293,0.3143913146452622,0.2616673689815879,0.05906221496571599,0.0,0.4507976414097671,0.20469447002369115,0.13110114118309332,0.12621865741716656,0.2251857350086485,0.20721593208963063,0.07720661768152948,0.1512343106743056,0.09341451739355915,0.0,0.2873977888287225,0.29451472084828917,0.8473220682873696,0.2376092295400544,0.6783947869611711,0.667988147683679,0.4289961458952486,0.5186189441150425,0.8947112686454107,0.31004111903556375,0.7457067515497092,0.2543142153442232,0.5636809278310256,0.2080378844185004,0.4905915556240026,0.22113825048228578,0.26197050277711353,0.2911468574644723,0.6861708166230679,0.5736766101331046,0.43946218342668913,0.324917525024215,0.6083006716286913,0.22229548395233942,0.2836159338620854,0.35097920364431695,0.7782391202321916,0.4354478000624304,0.5352346516866251,0.3950225120977994,0.3418179479536437
0.0,0.0,0.008643886474476444,0.0,0.07203480920849659,0.09290531761033309,0.26172483869785135,0.0,0.0,0.3931754965390139,0.0,0.3914923482520092,0.10486290319051576,0.12877758651593316,0.0,0.068143599864059,0.08103399228703928,0.14990413683376702,0.0,0.0,0.0,0.0,0.0,0.0,0.07414407704478873,0.009889806872070724,0.018781037778380496,0.20800791930828402,0.0,0.22239618221344096,0.0,0.1657028111501361,0.0774103747863024,0.0,0.0476944029013887,0.0,0.0,0.0,0.0,0.0,0.0,0.41074539056299736,0.0,0.0,0.0,0.0,0.0,0.0,0.46352077622362614,0.1524957780371208,0.0,0.0,0.14307548393576516,0.0010054365857505598,0.18077836652714768,0.0,0.34752351059146713,0.0,0.1672093391014464,0.0,0.0,0.0,0.0,0.0,0.0,0.0,0.0,0.0,0.0,0.0,0.0,0.0,0.0,0.0,0.0,0.0
0.4907192209358709,0.4355376998139291,0.7112282534198403,0.07203480920849659,0.0,0.533140307341235,0.6763990975421338,0.6208664700692421,0.8633960284125753,0.44526684839350666,0.605720867394809,0.26381705166859126,0.6652414711395362,0.1377156117408436,0.5111653181272755,0.5745511663779495,0.5440490294305443,0.40135122549427704,0.6308448614094505,0.545689485727912,0.6277055600224078,0.41146390191399085,0.6447434917545191,0.31209255041487016,0.43754115445590036,0.3332087661740975,0.654172011375067,0.5526037779458691,0.42386290384218184,0.6107570722145316,0.4165108228965565,0.4206870428570327,0.09691462203002219,0.11375379978989769,0.0,0.35647216587991676,0.30706471595299384,0.1840134208518698,0.06803632926724282,0.07677651536630291,0.08833498169369793,0.028313945576770493,0.2033103075027296,0.23453206750698563,0.0,0.40524102121661687,0.28450700453021255,0.6857717466400944,0.36480327556080605,0.7583692141625286,0.5247462517612542,0.6426210777006753,0.6461659868922726,0.8110722007526936,0.5693709674853987,0.7919393761621913,0.41542749184456795,0.5614084695552252,0.31074020118357376,0.4952805860795027,0.12232902616755627,0.4604531250390168,0.25847557212431294,0.6946850111488867,0.40812300756961256,0.5754621690509479,0.22053192040131545,0.5684662162763209,0.16916645632479274,0.2928943089384757,0.3571021719527325,0.6314752862068818,0.5385031797667466,0.42221957146093053,0.3249905609486092,0.32176680876007036
0.19193985774491545,0.57945810891535,0.7122935548639224,0.09290531761033309,0.533140307341235,0.0,0.5882379506482861,0.8085899890697076,0.6489919551886708,0.17389073491782392,0.3504280362328512,0.3910308109290048,0.7364753690663992,0.1393335245623243,0.3838239002985448,0.4454823537236249,0.4048515465573622,0.4543673171632099,0.573616530759438,0.46759600713568045,0.5576319856626296,0.46615615415377454,0.8322317419874642,0.40376583741569916,0.3601027805143727,0.5889591527486298,0.7716058778552608,0.45101360545340247,0.44958335440763625,0.4331078240436134,0.2168344400110879,0.38584223287663727,0.42996117440109904,0.23340208019936698,0.0,0.3548205550482023,0.1550268665442458,0.11066629084944535,0.2018401671064475,0.3121123929876683,0.27578498099229054,0.15767818038117937,0.19769621642980265,0.09264047787185424,0.0,0.1285865705964069,0.40037340548984024,0.6310858596404232,0.2397627182549706,0.5563158161590159,0.8243703227649702,0.3408830051513874,0.6662856754347063,0.7103905827440185,0.18314635687842987,0.5481638672424303,0.39793723165738254,0.4480698238976466,0.3041307349110403,0.39396870146603324,0.022926717003655103,0.17256599162303243,0.13132870014053866,0.516562204929592,0.5269210984136673,0.32309728198698834,0.24209582680423314,0.7267819804799996,0.21191479870361793,0.1914789372451389,0.3981335524872318,0.6469948259928132,0.2814533212859464,0.3211485147686022,0.2980717713010899,0.18308099917992063
0.14032326227230327,0.5510091386493683,0.4721745999370123,0.26172483869785135,0.6763990975421338,0.5882379506482861,0.0,0.48322496553884403,0.6303536320799278,0.5466759934309752,0.4344466789974832,0.5226081109929793,0.6894049173986034,0.23354826336584783,0.32539260456966146,0.41196105577228104,0.554170399114308,0.5273895632357682,0.50948124420712,0.35707135647325633,0.39588886088969377,0.33769648298324295,0.4359169979555586,0.23226606218939694,0.49083826788862306,0.3602819426847698,0.5635467967072789,0.37009637598166745,0.3662897633946085,0.46800545183142883,0.16747714127427438,0.36584267525089437,0.21251576972478012,0.09029982448414858,0.0,0.13397523571623488,0.15475108298500298,0.0,0.14048190805249988,0.17480629145424842,0.03934220460799144,0.0692359627904675,0.08620699088492252,0.10756032449387204,0.0,0.12803960481682006,0.2894920215266749,0.48417392554329897,0.32935356857084586,0.5365156950173774,0.45117850930626735,0.5863280330130399,0.4721208789997625,0.57816394420251,0.5148491697603491,0.5239734724484603,0.4802886156102675,0.4097595449086454,0.2983754728463732,0.22543508402663645,0.0,0.35704910750908725,0.1303748340772472,0.5594893158815878,0.29284830791129995,0.24827561101225806,0.09312444777496637,0.34898113368550404,0.07230677050612062,0.23799480538087425,0.2326825491013408,0.5605453321001946,0.2910613490158698,0.2797464503353804,0.21315372143469416,0.1589840543794813
0.5285586303513387,0.6597855679490597,0.6096328595419067,0.0,0.6208664700692421,0.8085899890697076,0.48322496553884403,0.0,0.628461104066183,0.19099462612488755,0.36858880075693423,0.2697671432045463,0.7279561566677626,0.2183274072354123,0.44726956792560557,0.49375461093301215,0.45870841906395476,0.3801654116343702,0.5847424842372723,0.533034705147448,0.7520065657159166,0.44401364181268815,0.8792502685258027,0.5577988140392862,0.37289419031864307,0.5612224202769132,0.5726123700011243,0.4850035143927412,0.2929688601926354,0.4429946755143482,0.3817866731774393,0.47866333405813305,0.30951204587917025,0.2595655452980803,0.0,0.43512271364449906,0.33780026500081484,0.37075729099086774,0.2940836136744278,0.2669922295674634,0.21643460298775946,0.014982907260909483,0.47437870676628685,0.25830820375315944,0.16177098666028722,0.45325752068420866,0.5580559081236592,0.5505112604619361,0.2532056855196339,0.6452437260543481,0.8527713252074812,0.5204742094128658,0.8425778744757131,0.6700566699325792,0.3095309130242409,0.6968750811501231,0.3559036461239336,0.6706303005138952,0.41837660493035156,0.5148649315348466,0.11960917887599452,0.4432995800731744,0.3090931886887637,0.574966774174424,0.45808749869745957,0.6113368538930183,0.24201826658023773,0.8231486323593468,0.32786634750643157,0.3706049414208157,0.530031978430356,0.5327957756161943,0.5344064411251356,0.3052219718622719,0.3896046926151941,0.30573125500239146
0.4948763810105124,0.4136093172042117,0.8743245280991114,0.0,0.8633960284125753,0.6489919551886708,0.6303536320799278,0.628461104066183,0.0,0.3496006924627741,0.6465012185285265,0.17730472336788253,0.6739235975330093,0.018055545302294463,0.5640491269658863,0.5367337577610914,0.4831620296583693,0.36356381384281033,0.7303951026958608,0.6075040148551855,0.6760741851763177,0.5147307883748764,0.7023891231696735,0.2983627995985556,0.4039432619197179,0.35970061646732987,0.7860799058845624,0.6079827750493066,0.5461284573628781,0.5831884042643839,0.43554143263152306,0.41322409117240605,0.21281401446174159,0.1284359925322164,0.0,0.44789766466602116,0.2969658760079135,0.19821220700411024,0.14953289372789827,0.21330795431440328,0.21433646780807,0.050579812022401895,0.2100259809539727,0.20364842836078767,0.0,0.4419385065878501,0.3487438164056477,0.8440132738120549,0.2572097222795807,0.7960641110091181,0.6387047483581378,0.6282813200644242,0.586382286519138,0.9685366617989334,0.47337006024012385,0.8599571417240897,0.30428217205683394,0.6628772953611984,0.2804512600712797,0.5765492561860048,0.27263688869322183,0.4225235358098433,0.346662246474917,0.7384134058436658,0.57708958629402,0.5953938329602785,0.3443702305572059,0.6376302122256977,0.2375865254637141,0.377837678587285,0.43836996378013043,0.7535760055964634,0.5739338629391247,0.5710795096320999,0.458545950453943,0.4317664367533543
0.10673551823439767,0.36007609169922383,0.23772122058778306,0.3931754965390139,0.44526684839350666,0.17389073491782392,0.5466759934309752,0.19099462612488755,0.3496006924627741,0.0,0.26331593386714097,0.7636471747283159,0.4740459554510229,0.26631683927940303,0.0,0.4648937836777921,0.7324211453510957,0.5731461803253852,0.34511757288562234,0.05803717568823043,0.11737575843203711,0.0,0.1567461704495233,0.3188096860504703,0.7008968797592838,0.3983900496570776,0.10785638012785537,0.4719064528695378,0.02212408166655071,0.3547211636988374,0.1582699866432035,0.34983270807104366,0.0,0.0,0.0,0.12561000528385602,0.23519280881791707,0.0,0.0,0.0,0.0,0.13789877138315393,0.05872082519126267,0.22139035936704474,0.0,0.005663677237043849,0.0,0.20321806041818777,0.597845614283757,0.3599119265783144,0.10160764398349781,0.4370697558401102,0.37054518421557825,0.23324515090223638,0.8469257935861444,0.25573415782432857,0.7954752430395047,0.3111560392327257,0.22530093704846604,0.0,0.0,0.5053755377062102,0.16835929153137327,0.3852121413364848,0.0,0.08922117613332699,0.0,0.16936885602055612,0.07910314181087279,0.20956813370750155,0.18221543513305724,0.1307316931999877,0.3287678333828258,0.044551239020690886,0.0,0.18277551819639826
0.1591324126964074,0.23307855998341187,0.6741124253491564,0.0,0.605720867394809,0.3504280362328512,0.4344466789974832,0.36858880075693423,0.6465012185285265,0.26331593386714097,0.0,0.11526458785862437,0.2867790146590586,0.08003468375633635,0.302757398394835,0.1396991794610689,0.2499626000557771,0.10067885103524342,0.729234082552327,0.21666141603342456,0.21711036790648713,0.1370676600671461,0.48186122744637766,0.0573145944831228,0.18887135275914183,0.1463578849426189,0.45344850794182423,0.12155318086563371,0.354391674295776,0.19173407082884836,0.0,0.0,0.0,0.0,0.0,0.0,0.0,0.0,0.0,0.0,0.0,0.0,0.0,0.0,0.0,0.16348238362434736,0.13893748756597935,0.49494664686283635,0.0,0.3658495374361794,0.3014360937648047,0.33951221360203043,0.2305348221780126,0.5608422851383928,0.301911925894232,0.7379914511687385,0.2037712099052468,0.3062699414952106,0.03592537644276374,0.2982116287530839,0.14488820806625144,0.11598021467643287,0.13018351698144484,0.6377609633480186,0.25959537005950156,0.17396374910431023,0.14139638030442264,0.3229515750260027,0.0,0.18473060081824408,0.15988947613288967,0.5321149406398356,0.09398311910787585,0.2848944548348005,0.05702943205535266,0.10334721754649798
0.0,0.47133604540065127,0.1655135906037625,0.3914923482520092,0.26381705166859126,0.3910308109290048,0.5226081109929793,0.2697671432045463,0.17730472336788253,0.7636471747283159,0.11526458785862437,0.0,0.5567963801508499,0.48015268433120717,0.0,0.36292626619701585,0.6546835480001393,0.6174506381734438,0.2219831461789017,0.07811691667209011,0.07065458081827367,0.0615414608164162,0.18289577647285102,0.5894338967487974,0.5498208155009346,0.5443763404143211,0.07022472293705209,0.42223001373517155,0.0,0.34168136248614184,0.0781259110768277,0.3201500055412064,0.21579063142273278,0.023659931721526858,0.0,0.18144927036232678,0.26425745862314237,0.0,0.16374901080679818,0.16186389181444025,0.009247053600689576,0.14603258552774234,0.16705791926667715,0.24149604751206377,0.0,0.0,0.11307414693603743,0.17328267040939874,0.42519731708401126,0.22542523939835263,0.20640751209393482,0.19329119754363885,0.3868572545525497,0.1359050989265605,0.6064416779197415,0.17426201388401788,0.8681370534782827,0.2086605489068843,0.31357358522460443,0.0,0.0,0.39112106161935367,0.2144977381144804,0.25830828746673823,0.04077315992123924,0.0,0.0,0.1607543826798487,0.29507372711585855,0.17784234206519953,0.2554618098667853,0.06513636282147964,0.18604637496300486,0.0,0.0,0.1987666075572701
0.42064975352993017,0.6896149932776595,0.6072115864021351,0.10486290319051576,0.6652414711395362,0.7364753690663992,0.6894049173986034,0.7279561566677626,0.6739235975330093,0.4740459554510229,0.2867790146590586,0.5567963801508499,0.0,0.21404692285461255,0.3501649533691058,0.6689712651714891,0.6110163220903734,0.6218293166731611,0.5413429644481325,0.5427323469458734,0.6492665457591901,0.5067966709253593,0.6267519440457612,0.5368424872201841,0.5291614491719722,0.5852835109777784,0.5803922300120539,0.7478486790697934,0.4380566341640715,0.5943207412330124,0.48209021238271993,0.5478129839098029,0.36383808197387885,0.2743014495166831,0.0,0.578206838491747,0.4550741080197364,0.2423210378531319,0.36648175273144445,0.29203253313967414,0.2345568609195382,0.077812874979028,0.47305020277541465,0.3868866736545878,0.09329925343087851,0.3367138550372554,0.4233365265868092,0.5485671844347486,0.41151041664637483,0.6303956867268707,0.6451771751194433,0.5600072980153125,0.6452774664937251,0.674019443633297,0.5439385591717548,0.5419781754878075,0.5149052755926479,0.6961267159810849,0.33888639607616644,0.40199484159836363,0.19725616766466592,0.5316678079763882,0.4484013110840288,0.5389209944914548,0.49538682722865013,0.5065558025444246,0.2813090491908647,0.5651028457450942,0.33782997748606824,0.3530605628017272,0.47403170555933616,0.5134260093958234,0.6249712267823838,0.4497692521053337,0.4198729424014393,0.3990881229539271
0.039419400253003195,0.1557111059748399,0.0,0.12877758651593316,0.1377156117408436,0.1393335245623243,0.23354826336584783,0.2183274072354123,0.018055545302294463,0.26631683927940303,0.08003468375633635,0.48015268433120717,0.21404692285461255,0.0,0.0,0.062312972554015585,0.15481079416407903,0.028717226334131214,0.07771680985217494,0.08411648191459466,0.03738949165343759,0.01547940791591745,0.1440171254492361,0.3896807719541895,0.12769809297382992,0.22518650962743436,0.0,0.16916448369717593,0.0,0.20468519629267592,0.06742437642923407,0.0,0.0,0.04928789242125908,0.0,0.0,0.15501777027595748,0.0840475477974436,0.048845948771227166,0.011984582455022498,0.0,0.0,0.22288067622761376,0.19224370696921467,0.24208768157613933,0.10411594998781537,0.13405022509872191,0.0,0.09007844359473047,0.004188543110471554,0.13289630031602034,0.09551267941856435,0.18635796218968717,0.0,0.2857911351627909,0.06690985759781945,0.47043091611619947,0.0980564848435149,0.3318236309017415,0.0,0.0,0.20078214185975135,0.1313872025790954,0.0,0.05834879666233682,0.058459771035345526,0.0,0.21096614640764144,0.3068349001218391,0.1494787259973442,0.23490057944683007,0.0,0.11687106492337287,0.0,0.0,0.1405439082155092
0.49685731502178554,0.2522151334650254,0.45342382259453623,0.0,0.5111653181272755,0.3838239002985448,0.32539260456966146,0.44726956792560557,0.5640491269658863,0.0,0.302757398394835,0.0,0.3501649533691058,0.0,0.0,0.3843363804595216,0.2022889682668321,0.1658275494453197,0.5294120616696355,0.7239934040977936,0.6499639757325673,0.696916015671538,0.5814424045490729,0.08077910476366945,0.05314144548259895,0.13432224197879344,0.6262862782871889,0.283086558740534,0.6442141469004147,0.6685541530155445,0.4303439130871156,0.19019211302129171,0.20639584124512558,0.29893822060735187,0.0,0.24381356133341542,0.1382667340973087,0.1512980417629345,0.10672356228396916,0.25643550532466647,0.25767376602092884,0.0,0.022777069830706896,0.11974458810842384,0.025023635280598887,0.58907423899212,0.43114406740641925,0.4927790932707311,0.0,0.4354985646270672,0.35634494577126224,0.26581135190761235,0.2802287692510104,0.5502236838879421,0.2106716333979533,0.5283628610080796,0.0,0.28053580033304926,0.01954624709719063,0.8158361679778642,0.45731272663043804,0.1847255789692775,0.30860113330670474,0.4360833872637364,0.6600606226466598,0.6444919994585778,0.6155820695385193,0.5489738731762015,0.156848868688274,0.2961874218999525,0.4275790702741856,0.6091514021687905,0.27097365779749155,0.5991675434556084,0.5297206717389346,0.4388366714064421
0.6083957260119898,0.6213558853137228,0.45333135926325396,0.068143599864059,0.5745511663779495,0.4454823537236249,0.41196105577228104,0.49375461093301215,0.5367337577610914,0.4648937836777921,0.1396991794610689,0.36292626619701585,0.6689712651714891,0.062312972554015585,0.3843363804595216,0.0,0.7549194698175188,0.7850983723379419,0.46153356555251573,0.5493714325462572,0.6196529825461079,0.6032963063818584,0.46988360663553264,0.5107390455417051,0.6448835762303108,0.569793959146062,0.5001286904947823,0.6679809413678528,0.4167344552241223,0.6206383091054716,0.7031418094134065,0.6224245438157777,0.4424353661831458,0.3740264399218608,0.03286494565004077,0.4620928209411472,0.4313454454282981,0.28799200982167295,0.38141543890611374,0.3473171818812544,0.30433801487983325,0.08778426544605847,0.3549628095567768,0.391213140151108,0.12434228926681715,0.5040695931704582,0.3852478754758456,0.5306805757265631,0.3290772326175457,0.5279619547626989,0.4627849693005869,0.40922500641996046,0.5053904680684428,0.5173568429100723,0.5939611068831755,0.48263330821886224,0.3908859131069938,0.5320421114110312,0.21568800205481112,0.3847753578698265,0.30498666320298135,0.6447582249855536,0.47959173869641797,0.4887886786865396,0.452111727182016,0.5583707302175389,0.31794356902629195,0.4983103496798365,0.36218112282079545,0.45514286744185734,0.5360127093827232,0.43833145383731953,0.6001558985325643,0.44676632424408746,0.4875058249128517,0.5546498321074179
0.42402474370043675,0.6921197020722509,0.40916403530302237,0.08103399228703928,0.5440490294305443,0.4048515465573622,0.554170399114308,0.45870841906395476,0.4831620296583693,0.7324211453510957,0.2499626000557771,0.6546835480001393,0.6110163220903734,0.15481079416407903,0.2022889682668321,0.7549194698175188,0.0,0.8342623646417335,0.4340765738720728,0.37196851904970746,0.42767933384111306,0.36859054816455294,0.3615630144791587,0.6198583971521212,0.8413057290014597,0.595471142243089,0.358042371729291,0.5994631882552165,0.17596659109546375,0.46676200226419884,0.491016187880537,0.531671979982677,0.2924612627966432,0.18076955662362282,0.02388946053024377,0.37292364894616453,0.3872057953552236,0.2825756613150803,0.27011092881098714,0.23409317863957352,0.16497648678541596,0.03725146153578594,0.3375256315420165,0.3258098626741133,0.18136090952626238,0.31298363930242523,0.3075638499789034,0.4214250889918017,0.3789593555199159,0.5161116357210656,0.3661205464369337,0.4984339454230113,0.5279445213783965,0.4337028382102842,0.7896846758215339,0.45412039730298315,0.6469353917680929,0.49452761874374934,0.2962224664096145,0.1931701028616806,0.13074516880487072,0.7706412766634023,0.4737729243761182,0.5449895782011865,0.2341298770755069,0.34574156444634946,0.12504313490286306,0.39409926011561097,0.38978631259240243,0.49430992842995036,0.46648866044180276,0.32428183805600935,0.5395886452514275,0.19948236733821717,0.2846719480825607,0.43849414601757813
0.24900729160133775,0.6745977550854125,0.36109755057542103,0.14990413683376702,0.40135122549427704,0.4543673171632099,0.5273895632357682,0.3801654116343702,0.36356381384281033,0.5731461803253852,0.10067885103524342,0.6174506381734438,0.6218293166731611,0.028717226334131214,0.1658275494453197,0.7850983723379419,0.8342623646417335,0.0,0.3432192122543562,0.344621416195102,0.37283835917326336,0.4064865281248761,0.3005639722985482,0.5167034442402194,0.767987001819731,0.5898358235078167,0.39202602732156505,0.505140632914899,0.2434984878053546,0.40843263480745695,0.3996653625010008,0.5360405116839048,0.39340022632223437,0.22578968494316434,0.06235305224454019,0.3697575227072884,0.35861504947629497,0.15173172064726156,0.32450674584437894,0.3284277776949532,0.21434381632280314,0.08164988678457154,0.2859525871535215,0.34000774759483365,0.014654417885225429,0.1631531660415427,0.32671078302665535,0.43331823217211024,0.339705373997365,0.42361356913597686,0.37116773839961614,0.3758379752937724,0.4704767279071239,0.34421335988323776,0.5861978181007221,0.3156692859681353,0.5389317470945808,0.40702232259240273,0.20309525989922877,0.13309778058591495,0.09004140652680222,0.5809953580693864,0.4034048634784691,0.4315967476353228,0.24695335552507117,0.2199850360255406,0.1439762404227,0.317125576157441,0.2773743682273025,0.3807982486086735,0.37970775860041356,0.3531104742391471,0.4114385523019191,0.2252194714466901,0.31031826516251587,0.3730580517641186
0.4301929706696985,0.5662518463528505,0.7337225001612749,0.0,0.6308448614094505,0.573616530759438,0.50948124420712,0.5847424842372723,0.7303951026958608,0.34511757288562234,0.729234082552327,0.2219831461789017,0.5413429644481325,0.07771680985217494,0.5294120616696355,0.46153356555251573,0.4340765738720728,0.3432192122543562,0.0,0.4605094614370322,0.46202337474766164,0.5117824368360588,0.7106987660035579,0.23838948505798518,0.37684676646173676,0.45286248386132916,0.6728089016730956,0.3370483327490887,0.5874390570073077,0.3980237891496099,0.22412520030281535,0.19576689120175794,0.12121508409581377,0.015126110329979889,0.0,0.2707437254585666,0.1682982018506944,0.10487117349792552,0.14443322210105997,0.18165623356149135,0.056070760701148366,0.0,0.1898055441056513,0.11994059907931118,0.03927857010263834,0.3772519664046594,0.4133181567415951,0.5994200118933379,0.0643033650324974,0.45060649942629016,0.5267059765631916,0.4680336640431659,0.3833486971758337,0.6937495044487756,0.40226517639217535,0.7017985689580376,0.2742600068071719,0.5010557443969984,0.11614128461894598,0.5145689586995121,0.37996085209077385,0.319323443836465,0.34532459108254837,0.8293185012673777,0.5528391359389081,0.41283156381079206,0.4242827299926814,0.641672883666836,0.16669236846826704,0.3795446919300985,0.43557811681928,0.7237167048316785,0.31641463083411403,0.5334865979519611,0.35296288401255604,0.3330523055776112
0.547646151860876,0.4584523087919394,0.4922504090970183,0.0,0.545689485727912,0.46759600713568045,0.35707135647325633,0.533034705147448,0.6075040148551855,0.05803717568823043,0.21666141603342456,0.07811691667209011,0.5427323469458734,0.08411648191459466,0.7239934040977936,0.5493714325462572,0.37196851904970746,0.344621416195102,0.4605094614370322,0.0,0.7297658720871008,0.9255156573824594,0.6015066900924461,0.3373836222089217,0.19014532632022654,0.33654042805924494,0.6972939230276399,0.5459113635522932,0.642173428808821,0.7631025721320217,0.604049628406863,0.38429906563858224,0.3380749826582585,0.5236651907814266,0.0,0.4249369614619531,0.33963367171321157,0.34536850473980013,0.3561954513548267,0.36797445159333547,0.46326118857266757,0.0,0.26914464744065963,0.188885978749848,0.21998687872643052,0.5734954061108105,0.528513699604551,0.6703713515242196,0.0,0.47866452717518976,0.414175712321356,0.2830124510161984,0.35555593207619357,0.6049127290859373,0.3549136491481766,0.5228667090413448,0.18155549928291734,0.4257296508178826,0.06792113776762505,0.6622328083945351,0.5036683170469621,0.34547266562503204,0.44894972408695694,0.4415598151364872,0.883447436351467,0.666028691242569,0.8183258180820915,0.5718183306710123,0.3680292373620845,0.41571480405901207,0.5546927211956536,0.6182205710337055,0.4985881109251689,0.5778998945527457,0.6154773255067222,0.540541956729725
0.7877257682166522,0.49590802850894083,0.5825846859983804,0.0,0.6277055600224078,0.5576319856626296,0.39588886088969377,0.7520065657159166,0.6760741851763177,0.11737575843203711,0.21711036790648713,0.07065458081827367,0.6492665457591901,0.03738949165343759,0.6499639757325673,0.6196529825461079,0.42767933384111306,0.37283835917326336,0.46202337474766164,0.7297658720871008,0.0,0.6695221143416189,0.6817426388596874,0.4786136770595242,0.342927592255117,0.38723729617470276,0.660860912381993,0.6279446057462768,0.5300096482480761,0.6385800747816824,0.7230199718421689,0.5949212246538511,0.418296075889902,0.47733514034839447,0.0,0.5984483564434621,0.4109255128143658,0.4700354828200032,0.4145187433389478,0.3351447827189061,0.397725289727716,0.0,0.5419517074819463,0.3530882269234096,0.23529066065538826,0.7232667908851372,0.5881446839212807,0.6068673838792054,0.22300731245012143,0.7274601887433574,0.6731020861391149,0.5586170617110248,0.6742093939237845,0.7324246628119292,0.3794748228816746,0.6348179304552048,0.1301086171183382,0.7086876960303173,0.332926412777169,0.6812812990243351,0.39639299111096116,0.5682891379957579,0.4849373852796305,0.5337729861674508,0.6285967937873421,0.9068063315083886,0.47550547888533995,0.693798389045528,0.4054211739219847,0.523119852200646,0.5975846611939848,0.5917738088390329,0.7004832381674493,0.6091902765259384,0.6119991027666792,0.5752468964443785
0.5581910194774492,0.5217989450664334,0.45714863407735834,0.0,0.41146390191399085,0.46615615415377454,0.33769648298324295,0.44401364181268815,0.5147307883748764,0.0,0.1370676600671461,0.0615414608164162,0.5067966709253593,0.01547940791591745,0.696916015671538,0.6032963063818584,0.36859054816455294,0.4064865281248761,0.5117824368360588,0.9255156573824594,0.6695221143416189,0.0,0.5450631946389113,0.3166113257158979,0.2036582798503653,0.41160101482018635,0.6989716732219304,0.4716974480805953,0.7399787105133537,0.6656900740144143,0.5894721188734182,0.36055924864304645,0.48281137925006046,0.534910170801042,0.0,0.3981920850589888,0.3042721028520738,0.3123601721764547,0.45160123754447273,0.46443935732645036,0.49897413649885886,0.0,0.2685655450807427,0.20047885853559932,0.204845624033577,0.5795232410749513,0.5812305589133947,0.6057982399756145,0.0,0.3655587511573486,0.3971465788870747,0.1935301866179758,0.23326804793059414,0.5398685189380749,0.22478802539791687,0.4296453392522516,0.048200631194920705,0.34759692248126783,0.027466824181487274,0.6583619727946686,0.6029012305842066,0.31984458609514516,0.4939610850718177,0.4401061675115639,0.9028421514440307,0.603717351249436,0.8581883633773298,0.5294276146045573,0.38505571868136,0.4642423826044007,0.6001262732896081,0.6594571348269006,0.3984061638983998,0.6585325420179267,0.6232602208116779,0.5688824097493204
0.46090715820079886,0.5465407401691152,0.7200012290330191,0.0,0.6447434917545191,0.8322317419874642,0.4359169979555586,0.8792502685258027,0.7023891231696735,0.1567461704495233,0.48186122744637766,0.18289577647285102,0.6267519440457612,0.1440171254492361,0.5814424045490729,0.46988360663553264,0.3615630144791587,0.3005639722985482,0.7106987660035579,0.6015066900924461,0.6817426388596874,0.5450631946389113,0.0,0.3732472620915139,0.2890597729033281,0.542237739452329,0.7636801909329733,0.438072695920689,0.5228206810827779,0.47527881038192676,0.3147250242588898,0.31357577221209615,0.2807414890582343,0.19640422674748606,0.0,0.33503483634387354,0.1718412649773867,0.19316178863508535,0.13963976589755703,0.24467900301108697,0.19716443108429793,0.002786061768978647,0.22403667554509382,0.1237660322015576,0.02200335598663388,0.3901284105732083,0.46250601799797403,0.6342442575248005,0.17012460614102767,0.5767016604686678,0.7938738982260124,0.3977547821995545,0.6893259777902603,0.734444633217945,0.25689239364832944,0.6725587825905927,0.2888463550947838,0.5106205551495403,0.22310789956981078,0.5985097119740524,0.1959699592335336,0.23250707611823965,0.23370408218141056,0.5828612723002601,0.6007521272858273,0.5727299203116434,0.37892144233813724,0.920921063517808,0.2333742819468393,0.26437169396494564,0.505716199340873,0.6765308907670905,0.3442410421294822,0.43079951465617117,0.39372282638149625,0.28658098554361655
0.4867433115651052,0.5586284967569779,0.29333100843494125,0.0,0.31209255041487016,0.40376583741569916,0.23226606218939694,0.5577988140392862,0.2983627995985556,0.3188096860504703,0.0573145944831228,0.5894338967487974,0.5368424872201841,0.3896807719541895,0.08077910476366945,0.5107390455417051,0.6198583971521212,0.5167034442402194,0.23838948505798518,0.3373836222089217,0.4786136770595242,0.3166113257158979,0.3732472620915139,0.0,0.5210940736362687,0.6765904333771214,0.11613864876153675,0.5483444747522812,0.0,0.38943581045625214,0.4653304434392961,0.4614681308811199,0.4661824657103122,0.2698537766136513,0.0,0.5475337078156424,0.4962834080883306,0.5270059669177464,0.4821384421938958,0.4510097380920124,0.38573883976879675,0.0,0.5872235169737731,0.49614875868832603,0.4190561045921246,0.44265216197340745,0.4646417745806824,0.33772555282605016,0.20189281235503437,0.3811654745370663,0.500841704467326,0.2842770529424953,0.5464289480831374,0.3035315425910421,0.46930890919466867,0.3734063454250713,0.5417757207502291,0.5346022586669213,0.41069750246732584,0.13991773581907416,0.2106381160406286,0.6572171468963192,0.5929063263321808,0.2715519011960007,0.29091159867558053,0.37921446285167476,0.21625667003275936,0.43648051031228585,0.8224264020893873,0.5264426732150467,0.6590035260548299,0.1517284176105431,0.5824127336110126,0.11721887937650376,0.3529202525294241,0.5395796611814773
0.40348555058232044,0.6828972895065667,0.3653220913377665,0.07414407704478873,0.43754115445590036,0.3601027805143727,0.49083826788862306,0.37289419031864307,0.4039432619197179,0.7008968797592838,0.18887135275914183,0.5498208155009346,0.5291614491719722,0.12769809297382992,0.05314144548259895,0.6448835762303108,0.8413057290014597,0.767987001819731,0.37684676646173676,0.19014532632022654,0.342927592255117,0.2036582798503653,0.2890597729033281,0.5210940736362687,0.0,0.6557440086367393,0.30172724607152046,0.5149614075924837,0.11273078495291011,0.25022598110408184,0.36911585626529136,0.4913362963167278,0.25538940687249334,0.008422183887972312,0.0,0.38767065239086096,0.35036105391802647,0.19331171222653887,0.24245513209706246,0.11647240189596683,0.034567543003413616,0.02562498327487017,0.3318164508389786,0.33225821687707235,0.062384570183287524,0.2114963266793108,0.3107010290713995,0.353398558201784,0.4285850087141871,0.41655218054514065,0.4057178337525755,0.49521728739317983,0.49837559849990176,0.3359610845092962,0.6988877215331741,0.3438095934490018,0.5798584309548076,0.41687900553621754,0.2906245896085642,0.07463827747259376,0.0,0.6857680449438545,0.36708249156118256,0.4289719517078301,0.09657629553077536,0.29178858154061565,0.0,0.3881224137785705,0.2714777021851726,0.5137465226246704,0.4582292647885203,0.3419397430313121,0.4671833969657553,0.23355222021305116,0.20322016154296177,0.2905858955722391
0.37037794236006394,0.8044032636762295,0.3932548457509379,0.009889806872070724,0.3332087661740975,0.5889591527486298,0.3602819426847698,0.5612224202769132,0.35970061646732987,0.3983900496570776,0.1463578849426189,0.5443763404143211,0.5852835109777784,0.22518650962743436,0.13432224197879344,0.569793959146062,0.595471142243089,0.5898358235078167,0.45286248386132916,0.33654042805924494,0.38723729617470276,0.41160101482018635,0.542237739452329,0.6765904333771214,0.6557440086367393,0.0,0.3726806144031228,0.4767894164422496,0.227356336649009,0.32776495071047873,0.2613245337672449,0.459079903671003,0.4833309999464329,0.16940642405048437,0.0,0.3787842462150277,0.29669027660700115,0.22900029403692987,0.37281216436255643,0.4333334125074762,0.2378981342829263,0.0,0.3189916981413371,0.28701049700854975,0.1970742753408321,0.2614537692890475,0.5064973572921123,0.37372987695107696,0.20738654789238134,0.32246143735312394,0.5239594091495435,0.26227611297105313,0.4891141895299029,0.3563480948188017,0.4024182863479169,0.32204692488613706,0.5198028577127501,0.35714903671575504,0.3003813586712234,0.1640249887640883,0.16930350064036806,0.4427796677816207,0.3639484513931437,0.3339897806606995,0.40831616249713343,0.29982123600299293,0.2698271397506497,0.5293427982511905,0.4796553054776978,0.45161590473617597,0.7438543728253222,0.37765865033408785,0.33996307844750884,0.23544709137483957,0.2880683298878734,0.3028236194178207
0.3620412735622452,0.4356339908352687,0.7954054259168978,0.018781037778380496,0.654172011375067,0.7716058778552608,0.5635467967072789,0.5726123700011243,0.7860799058845624,0.10785638012785537,0.45344850794182423,0.07022472293705209,0.5803922300120539,0.0,0.6262862782871889,0.5001286904947823,0.358042371729291,0.39202602732156505,0.6728089016730956,0.6972939230276399,0.660860912381993,0.6989716732219304,0.7636801909329733,0.11613864876153675,0.30172724607152046,0.3726806144031228,0.0,0.44767702634021056,0.7579800663777426,0.5197584736361427,0.37584457751206435,0.3353441839796603,0.30080610138143676,0.2886464129415733,0.0,0.33267698800342965,0.10143589591521245,0.09807078152942993,0.13059862127383348,0.2408229380311376,0.25140882497298034,0.04190365936105483,0.10030074078484173,0.027289716964660742,0.0,0.3235368032618429,0.4254934491023577,0.7853020580877015,0.11210356750943562,0.5993797460360324,0.6374139031560501,0.4261385408633906,0.460222976382283,0.8252790236785993,0.23242543342851976,0.6109711851954919,0.1405135143169199,0.40231602815567835,0.12241294859404175,0.6167279504583268,0.27539086988323336,0.18979044979897247,0.22361453919310667,0.6195430431281781,0.7321481324664685,0.5072588071586932,0.4942882106135102,0.6884369276624608,0.08637820086945362,0.28040495351005695,0.4015417547456095,0.9138827441387521,0.3122623989333435,0.6316074537322016,0.4552929782142467,0.2809061828482226
0.5066044241521789,0.42427203542228226,0.5159597064455946,0.20800791930828402,0.5526037779458691,0.45101360545340247,0.37009637598166745,0.4850035143927412,0.6079827750493066,0.4719064528695378,0.12155318086563371,0.42223001373517155,0.7478486790697934,0.16916448369717593,0.283086558740534,0.6679809413678528,0.5994631882552165,0.505140632914899,0.3370483327490887,0.5459113635522932,0.6279446057462768,0.4716974480805953,0.438072695920689,0.5483444747522812,0.5149614075924837,0.4767894164422496,0.44767702634021056,0.0,0.29833441605496164,0.6479285069017574,0.6843789378304034,0.5338431160633054,0.35230267467919957,0.30070567522666297,0.013843823076661564,0.6651025848373937,0.5052614579537267,0.28759676953261293,0.3648174224197132,0.26016237828687755,0.3412304663207234,0.06895925503389956,0.42971367944364947,0.4226094776368883,0.10602601123475758,0.38514914877640527,0.2895217690276402,0.5621654387722123,0.4670586165183949,0.6181174323501468,0.4607657246888029,0.41906132947094293,0.5500918982352219,0.6058980571150964,0.5639323860163201,0.44213624928881173,0.4570468710750457,0.6342521880927566,0.3313457530325947,0.32745300962350987,0.20005987475579096,0.559029898923974,0.47952604121264286,0.4140370788219199,0.49377376390137073,0.5670741550708094,0.32946291858795984,0.4985742087994167,0.4295010297243224,0.36292773665752587,0.4918000965902395,0.3876946101055882,0.7912541417728951,0.4162864089161175,0.4796759791676463,0.5571982464586414
0.4201595302040802,0.3150365834769211,0.5357948938433919,0.0,0.42386290384218184,0.44958335440763625,0.3662897633946085,0.2929688601926354,0.5461284573628781,0.02212408166655071,0.354391674295776,0.0,0.4380566341640715,0.0,0.6442141469004147,0.4167344552241223,0.17596659109546375,0.2434984878053546,0.5874390570073077,0.642173428808821,0.5300096482480761,0.7399787105133537,0.5228206810827779,0.0,0.11273078495291011,0.227356336649009,0.7579800663777426,0.29833441605496164,0.0,0.486959553326319,0.3932063623868784,0.1498879456168878,0.2595518199263001,0.29786091804469966,0.0,0.2609895660881758,0.06690444058657068,0.03042376159518053,0.23989759218602683,0.2632554307664816,0.2255335031552358,0.0,0.09836932780901085,0.06939630824006872,0.00757601599945958,0.4578493759987487,0.37336104817135146,0.5481847513927751,0.0,0.280987236599899,0.30445360520320264,0.19386190051103788,0.049701385848944936,0.5543861801059655,0.21427944075790678,0.4006641700936631,0.0,0.28281276952165935,0.0,0.6031218537229485,0.6575977703323421,0.12748021300262613,0.4083112075665129,0.4400966006711554,0.7087020696632474,0.5013934913297896,0.665142854969668,0.4413866134076919,0.1294998006920035,0.31499451341644896,0.3960733479895454,0.6983275869634219,0.21520912290818853,0.8098113836858318,0.5118391257828573,0.43359366384023523
