0.0,0.5752772497535239,0.2860432104489227,0.017118264497390016,0.0,0.2119956816400662,0.0,0.1669476147571772,0.0,0.21389895212813553,0.0,0.3676162536527418,0.0,0.0,0.6985302638404063,0.7789242624515705,0.42516534493070735,0.605528231059505,0.08366998502720172,0.6262731137633126,0.41822353850940824,0.7494126017002937,0.43438522067673924,0.4577403850647772,0.7188733102662609,0.7625534010814559,0.46013291094154923,0.27630622105828706,0.5353620751191177,0.3968294285325579,0.775576839056637,0.10440410884430205,0.5252302516007895,0.5832385136958187,0.3436725945927757,0.0,0.36191423744496665,0.1715046363929472,0.029842845047265178,0.2857929709088767,0.2615307703582906,0.17251551921803415,0.0,0.0,0.029419022388484654,0.8240847330339933,0.6311956272408175,0.20541110125709966,0.0,0.22356657320643164,0.30057832601268925,0.1599590849646236,0.3174225282894622,0.08683410228975925,0.4987787251870986,0.1404886448955742,0.2465903115465436,0.05779040045794032,0.0,0.6692844029733086,0.4340877083148587,0.627644659110295,0.6135557117661744,0.12823312443941326,0.6663113388839975,0.4973892253464262,0.6756392050124002,0.443884602889405,0.3558822532670255,0.6996441311976078,0.7256179630557205,0.42338925699941765,0.034180886305647536,0.5083200568751404,0.33988953302695296,0.12034090379667739
0.5752772497535239,0.0,0.35745936941917594,0.03551272557130238,0.19851867175135973,0.2501444222908653,0.27225575224852805,0.4600932400046848,0.13769111295169922,0.0,0.1468354471864683,0.2279236192960234,0.3888939835881988,0.0,0.6679021949265642,0.4690890463018843,0.0,0.08447554024018251,0.0,0.7251769967073297,0.7556614133166709,0.7945637496752346,0.42534098277645166,0.03540753029834692,0.44881245554353577,0.5348572703567755,0.4642269708437534,0.2162752689168766,0.5032209410151595,0.5674245815213289,0.6024290552729166,0.0,0.6722319871321942,0.42174914367989147,0.0,0.0,0.2273209885523934,0.2672948880746867,0.0,0.2507441183616101,0.0,0.1469804067420494,0.0,0.0,0.05913030572867952,0.5831078253086187,0.5273861808842132,0.18941534803099108,0.04384923895072454,0.296875983129899,0.1861440370939073,0.18975065269266753,0.5798816235185236,0.1911963860431767,0.39226215544930176,0.1829141120913533,0.0,0.5103644210982361,0.0,0.6125574608189287,0.0,0.38235177974125817,0.2189483717899079,0.11278585531058578,0.5075128896510657,0.769746465881039,0.4297122598488075,0.5133782432380135,0.0,0.4625325529475408,0.4236779354418235,0.4000487304703199,0.26158382997777996,0.5470528840201586,0.22615208021084943,0.0
0.2860432104489227,0.35745936941917594,0.0,0.0,0.31298218484436,0.7021345243107251,0.15341621049354737,0.5172739179515095,0.6804979336931415,0.11079249450462968,0.7419983987880843,0.2859658794557402,0.40103246287124183,0.0,0.5042104976595768,0.15304189629925197,0.028822016833216557,0.023542745030793368,0.8026829246241604,0.5146008125228942,0.34914198922335815,0.44665047937431873,0.7638195113959558,0.243667660517218,0.34621117877704505,0.4309783787679483,0.6963252967986736,0.2137393995808176,0.4533179783609588,0.32085012873478386,0.15850277959601466,0.0,0.0,0.0,0.0,0.0,0.12394300207323952,0.0,0.0,0.0,0.0,0.0,0.0,0.0,0.061808515509137664,0.3934408630722551,0.29265496326378065,0.91199357435561,0.0,0.38384042910914284,0.6213655067210424,0.18213416402405633,0.6532933591232136,0.6580263099732402,0.12965467809614734,0.7738716898052806,0.09326712594898155,0.3903640437408,0.0,0.5031158222753628,0.0,0.11993221255779372,0.14317313623936376,0.8265017377490876,0.5940992752518388,0.43272194801300456,0.4566874776615563,0.8377806171842033,0.2192233439232483,0.2602646126732052,0.3849357084365907,0.6811466322504881,0.22638953332924505,0.5566471521395543,0.2434561726087707,0.0
0.017118264497390016,0.03551272557130238,0.0,0.0,0.31133167511037446,0.0,0.47079141515029593,0.2257298764225001,0.0,0.0,0.0,0.0,0.10038807140781779,0.4300560727900387,0.0,0.0,0.0,0.0,0.0,0.17371396014981302,0.3798234166403464,0.07008892333062046,0.0,0.0,0.0,0.0,0.0,0.0,0.2177166571817742,0.1868889635649137,0.0,0.10221258368419067,0.21653108082923392,0.20136651802931446,0.0,0.3349062549501323,0.018915102910871652,0.19039140027601817,0.20020792188598688,0.0,0.0,0.0,0.26716277208123385,0.278490491089739,0.03489054128275009,0.0,0.0,0.0,0.7773589120421132,0.04427071915338445,0.0,0.37983866958645535,0.0972779679370587,0.0,0.0,0.0,0.0,0.186684555000061,0.32381110915808703,0.0,0.0,0.0,0.0,0.0,0.0,0.16796713221121426,0.0,0.0,0.0,0.0,0.0,0.0,0.0,0.0,0.0,0.0
0.0,0.19851867175135973,0.31298218484436,0.31133167511037446,0.0,0.5253795350017009,0.8007154022307998,0.7057777274515641,0.5332094456973443,0.0,0.7333722391090748,0.0,0.6228852625287473,0.6089566885405332,0.11226381070766411,0.0,0.07866581456313448,0.0,0.36538609551312834,0.47728237574311766,0.5147562598738267,0.241101063167772,0.4422566337675406,0.0,0.0,0.0,0.4102913223005492,0.1806790329915999,0.498897591488622,0.4649820838693872,0.0,0.0,0.0,0.05797533996887032,0.0,0.30502489858916715,0.0,0.21210359562358494,0.0,0.0,0.0,0.0,0.29229207693081366,0.01705973796717869,0.14815267339322094,0.0,0.0,0.33328669125135746,0.49604386144624646,0.6856097995785156,0.02320040827928773,0.4698888842408175,0.6557118832440373,0.5436301171194801,0.0,0.5219702829796559,0.0,0.35721935809102884,0.660151200398017,0.04735442410917486,0.0,0.0,0.0,0.3375539669050552,0.060629861346570876,0.4345740938341337,0.0,0.20707022508140052,0.0,0.0,0.0,0.07922977969715654,0.12183329830685503,0.0,0.010875328696425147,0.0
0.2119956816400662,0.2501444222908653,0.7021345243107251,0.0,0.5253795350017009,0.0,0.3176484434634902,0.5920769018116343,0.8263312206958845,0.1320079583780528,0.5845700353378809,0.28104738499175835,0.667506299781966,0.0,0.2746209188314077,0.12885062836775507,0.13455754966150785,0.09048339764015646,0.6370212595911386,0.4653739030270327,0.28704401538947616,0.36119233322126526,0.7904860922376991,0.42024391456225507,0.38968219213299937,0.3890033323559028,0.647385654920391,0.4566475109958421,0.7208386509535427,0.3902805471539709,0.20864910841391857,0.0,0.034575475350929356,0.04734706480619275,0.0,0.0,0.06914865875411232,0.0,0.0,0.16110900425013414,0.014859134313620874,0.0,0.0,0.07073564015767168,0.24196243022180733,0.39759749277692036,0.1803325521164313,0.6654075188497444,0.0,0.4138313530414365,0.7096651320917673,0.43836847265251877,0.6015556919028554,0.7087349483422433,0.006739365978812946,0.6756045215368996,0.14310838544936216,0.5335338472045235,0.12072545085639645,0.21027487271991335,0.0,0.07202943828547825,0.26628575268964055,0.6064249972135684,0.49609709826132337,0.3006054823367616,0.3965096593457337,0.6761280582404036,0.3577433667238049,0.10124118202826218,0.2963460901236333,0.4714322017658775,0.35171440681502464,0.5768553851680875,0.34151182560430643,0.10773924582618823
0.0,0.27225575224852805,0.15341621049354737,0.47079141515029593,0.8007154022307998,0.3176484434634902,0.0,0.5797660410391136,0.2318402788638367,0.0,0.42509606118150084,0.0,0.5238474209145467,0.5706554755005961,0.0,0.0,0.0,0.0,0.04671681065273161,0.37649150467822523,0.5717477718845141,0.1414523509571723,0.23799721684374697,0.0,0.0,0.0,0.24075146931531732,0.0,0.4428722855615983,0.3620096772745107,0.0,0.0,0.11925522711288689,0.14789023099136966,0.0,0.38029171638852105,0.0,0.2650360075059373,0.031918485634386644,0.0,0.0,0.0,0.4099653888696264,0.043266509157568626,0.15384935745250305,0.0,0.0,0.04703533512866739,0.5365644111508774,0.48346825508490765,0.0,0.4126621788970099,0.5469080013036554,0.2540175993207196,0.0,0.1669052455206017,0.0,0.4374773841544273,0.7116659941712439,0.0,0.0,0.0,0.0,0.13849056994515457,0.0,0.3694255074929553,0.0,0.08043701473507921,0.0,0.0,0.0,0.0,0.050009929347000576,0.0,0.0,0.0
0.1669476147571772,0.4600932400046848,0.5172739179515095,0.2257298764225001,0.7057777274515641,0.5920769018116343,0.5797660410391136,0.0,0.5165259798862989,0.0,0.6796572102784009,0.06929761636425497,0.49562915424672976,0.30751320760127804,0.4270233944197793,0.0,0.030336043604268666,0.0,0.417730254968358,0.6874920529719246,0.6415587829090289,0.5720072729255717,0.7402674158620034,0.04064875268287198,0.1025115019480458,0.1453818995276901,0.5489748825687567,0.22018476489274807,0.5813968855105398,0.5479576652131533,0.1652716243067482,0.01307689425071315,0.24230603666624675,0.19967692677931073,0.0,0.0,0.020539518836029808,0.2991772345490299,0.06616778933022781,0.0,0.0,0.0,0.0,0.0,0.09963499068088082,0.20760668398958282,0.0,0.4312823685349773,0.30614776516192765,0.5166627089075257,0.11605150803028333,0.5128214557151717,0.7829474952454799,0.5313584538544086,0.10254384831732676,0.591040379422655,0.046955005999480964,0.3828464807369268,0.3866493565851264,0.2790243527685502,0.0,0.035804210294303015,0.05090130738664238,0.3802055575851814,0.347624780715865,0.5602056020343095,0.12144572354923462,0.40989249717890136,0.020041688404350343,0.0,0.0,0.17659210773154096,0.08743866539109695,0.12709564772974455,0.13637389142669937,0.0
0.0,0.13769111295169922,0.6804979336931415,0.0,0.5332094456973443,0.8263312206958845,0.2318402788638367,0.5165259798862989,0.0,0.2399061886258052,0.769007076354409,0.3001300678688298,0.6558424874867895,0.044830736111840755,0.18646324839804626,0.0,0.05580487462725963,0.0,0.8109204415199964,0.36635704522304785,0.08290940025706038,0.2624570356287293,0.6119558033410429,0.3692135196078617,0.18995300221731787,0.31390981675015356,0.596106690198875,0.49284104567720044,0.40152892670168683,0.2875749925252856,0.0,0.0,0.0,0.0,0.0,0.0,0.07634215155513077,0.0,0.0,0.07666641858691474,0.09107916779786551,0.0,0.0,0.0,0.24046224403694433,0.27870613227201935,0.17785714864717558,0.7935147309754619,0.0,0.49925997506430897,0.5678551822870351,0.3267934545394823,0.5479257536093934,0.9445654651382653,0.0,0.8759295187558731,0.19532924203317356,0.3459217112552558,0.20551430531493586,0.17910218109722187,0.03426356627684485,0.0,0.1062020151331533,0.7094569339113994,0.45270858639525935,0.20136927288012837,0.4194434325920385,0.6138819196053135,0.31944411824049207,0.0,0.25240087080716966,0.5112310383230498,0.3674598378814858,0.32917939375519456,0.23213857716458366,0.21306296070283642
0.21389895212813553,0.0,0.11079249450462968,0.0,0.0,0.1320079583780528,0.0,0.0,0.2399061886258052,0.0,0.0,0.6909348163677784,0.0,0.0,0.0880062106830181,0.4435964742617292,0.0755439686633834,0.3820519293765055,0.2803680906615272,0.0,0.0,0.06853444958855014,0.10166255258888288,0.42824881647526203,0.29004793177784804,0.4026734368870596,0.0575563013539538,0.3956456948674006,0.0,0.0,0.14060617887977467,0.1502709089822967,0.0,0.0,0.10227729223520073,0.0,0.6466331332697832,0.0,0.0,0.39599351895255097,0.6419213027517987,0.38436109226394033,0.0,0.0,0.10763508000270561,0.2843701720117949,0.26153241233168895,0.20261263546816347,0.0,0.0,0.16839280819195812,0.14768902821650992,0.0,0.260007189722471,0.5802075543647798,0.31181790865009584,0.7894782069573469,0.0,0.0,0.06419668258867942,0.6066330161885232,0.3410331381527572,0.3424295075302635,0.16817811124601856,0.25993165615370434,0.0,0.42500124317783544,0.04044995266706138,0.3327392507372455,0.10675368153153911,0.34940349305240354,0.1438702940346772,0.18595880337062642,0.12523982656708244,0.10751475431426014,0.6663209014942275
0.0,0.1468354471864683,0.7419983987880843,0.0,0.7333722391090748,0.5845700353378809,0.42509606118150084,0.6796572102784009,0.769007076354409,0.0,0.0,0.03278345852859536,0.41663014697624595,0.26009356364948255,0.2990731392653125,0.0,0.1390188889853848,0.0,0.8067015735803669,0.4702242378850111,0.32036839680414725,0.29991760858042715,0.6044861594619683,0.15141633077191335,0.06458915888976213,0.09086889936272412,0.6553909554077789,0.21938454152948872,0.3418126741205254,0.3163321474993522,0.0,0.0,0.0,0.0,0.0,0.07031016578150834,0.0,0.037861080898682134,0.0,0.0,0.0,0.0,0.0,0.0,0.0727876961748272,0.13691309171609944,0.0,0.7904706323989434,0.1337721403315068,0.6566649837463081,0.24348368497114767,0.28696834371658814,0.7014266812363494,0.7786385017348643,0.0,0.8908644777137645,0.0,0.15605225191974453,0.3615246830135613,0.2737546634330128,0.0,0.0,0.008682775864602631,0.7424148506072901,0.3460705955798599,0.3633359780258524,0.21103251018879746,0.5054168900670756,0.17799368267583485,0.0,0.018544122679032875,0.45464426694337967,0.1024222712283491,0.030832736086413688,0.1064997603633228,0.0
0.3676162536527418,0.2279236192960234,0.2859658794557402,0.0,0.0,0.28104738499175835,0.0,0.06929761636425497,0.3001300678688298,0.6909348163677784,0.03278345852859536,0.0,0.19423337564775617,0.0,0.3086047768772399,0.4885333717782669,0.10348779810735433,0.3203893688202853,0.29061522958277214,0.1626532124761083,0.028584121774519123,0.3070889888022081,0.2868305697539492,0.5019576903622442,0.2996122410278224,0.6238275156468489,0.20955120602884292,0.48561717215792694,0.06468065134885487,0.19531142710727517,0.286298008595284,0.0,0.16718125920803892,0.0,0.0,0.0,0.5526892361437209,0.0,0.0,0.36466777704776115,0.5204107534347807,0.2740669289980088,0.0,0.0,0.07424701073722456,0.45903881305499117,0.4668494118226388,0.3095617923962397,0.0,0.0,0.33466569113957484,0.10325351416671665,0.06993211842412864,0.2979111310338161,0.5438505162053491,0.35074590768133246,0.6268056763282517,0.13063848891371654,0.0,0.3207542321072389,0.4717582788636611,0.4369868988560144,0.3314202001498186,0.28710488242281357,0.4739123012493225,0.21187296285169124,0.5635514516122075,0.33078201522509715,0.32744292254205143,0.2398471513581574,0.5312151802691366,0.33173613513567896,0.4139387018237082,0.40150937057725855,0.3494280591630949,0.5427097179666338
0.0,0.3888939835881988,0.40103246287124183,0.10038807140781779,0.6228852625287473,0.667506299781966,0.5238474209145467,0.49562915424672976,0.6558424874867895,0.0,0.41663014697624595,0.19423337564775617,0.0,0.3295564777633504,0.1163485587781783,0.0,0.0,0.0,0.29835393392285103,0.40249188592837926,0.5223764295609418,0.2877671103575806,0.4732869425348974,0.03355355526135554,0.0,0.20641066059956698,0.2159933102248329,0.6051441840567015,0.5068969411549618,0.6020953493528168,0.0,0.0,0.17515741735896898,0.0,0.0,0.24429814560794788,0.06636014765251833,0.24562877670250782,0.0,0.05527108924507277,0.0,0.0,0.33250782517713556,0.2662247175291558,0.275466540127716,0.049340494455574126,0.0,0.3510734715858456,0.14533775729535817,0.3286297152387686,0.41807430156148573,0.38069073488950844,0.5896290390473015,0.5201153023698245,0.0,0.41008316750296164,0.0,0.8248968106876026,0.48223143597542745,0.12955230472875778,0.0,0.0,0.0,0.42015181044853295,0.22083487217623857,0.5099900032826807,0.0659914027206178,0.4330036672390163,0.0,0.0,0.020828871107369647,0.09566322194543334,0.7158620887012166,0.35722269346818303,0.45245890804580097,0.0
0.0,0.0,0.0,0.4300560727900387,0.6089566885405332,0.0,0.5706554755005961,0.30751320760127804,0.044830736111840755,0.0,0.26009356364948255,0.0,0.3295564777633504,0.0,0.0,0.0,0.0,0.0,0.0,0.0,0.2908562766288501,0.0,0.0,0.0,0.0,0.0,0.0,0.0,0.0,0.2020443711588844,0.0,0.0,0.0,0.0,0.0,0.4448958759901328,0.0,0.16029407752082842,0.1046023606673036,0.0,0.0,0.0,0.5657677046948237,0.3219258388014532,0.16983315560546186,0.0,0.0,0.0,0.5901672505005295,0.056295231642591904,0.0,0.16983306543823876,0.18659564870835627,0.0,0.0,0.018374483873065423,0.0,0.14810427780989935,0.8195088313601026,0.0,0.0,0.0,0.0,0.0,0.0,0.14592482402235346,0.0,0.0,0.0,0.0,0.0,0.0,0.12384053879062507,0.0,0.0,0.0
0.6985302638404063,0.6679021949265642,0.5042104976595768,0.0,0.11226381070766411,0.2746209188314077,0.0,0.4270233944197793,0.18646324839804626,0.0880062106830181,0.2990731392653125,0.3086047768772399,0.1163485587781783,0.0,0.0,0.5630480086548876,0.24315199740022408,0.33110599576207406,0.2194204390950644,0.809494097411149,0.5625149776619239,0.862955140145535,0.5837511358688984,0.30229928360766306,0.4922644689788805,0.6219613695272245,0.6514437981836831,0.20534817224440674,0.5421854029732947,0.46412924659802185,0.6727072237872679,0.0,0.4244725222470155,0.41704516632533134,0.14245796551069567,0.0,0.2403909099286901,0.16407863299959144,0.0,0.0994094708625644,0.04396115688802217,0.10104898510927675,0.0,0.0,0.0,0.6431944587742017,0.4087498462863614,0.42381077364727876,0.0,0.38476212894024836,0.2789007955492427,0.2124674663460212,0.5031516029342111,0.29891465821946667,0.4070865301149172,0.386215680987544,0.11578954397717389,0.18617513782950088,0.0,0.9252115180818545,0.13514724779542328,0.487243424788134,0.37011364362236326,0.233371915915893,0.7787968077792746,0.6379062932103423,0.6424020360585009,0.5699258129886463,0.25321827092832705,0.47949850194743454,0.5408649206995289,0.5843489766721781,0.033205259038322554,0.49730614631403824,0.26796111025751007,0.0
0.7789242624515705,0.4690890463018843,0.15304189629925197,0.0,0.0,0.12885062836775507,0.0,0.0,0.0,0.4435964742617292,0.0,0.4885333717782669,0.0,0.0,0.5630480086548876,0.0,0.4079811987096675,0.7776402975648303,0.05041171939068132,0.39357021558900496,0.0,0.6016943245108598,0.28450072490280365,0.5663028095114361,0.7036599398665669,0.8117489911879308,0.31684270349322463,0.4110229799431974,0.2440482119902472,0.15008457733862707,0.7510001676446008,0.2488938870968506,0.39507585061515466,0.3803467526318599,0.5129231408131477,0.0,0.569277946189463,0.07085553703450036,0.07286682280298062,0.3936440714406756,0.6031434066445894,0.455446097484233,0.0,0.0,0.0,0.7998375106602204,0.6595445462629518,0.097269478938126,0.0,0.060699007441675994,0.3296372987212222,0.06773539771045996,0.015479110446071519,0.11556924455532112,0.6888866482936996,0.06689315122547389,0.48806938442464365,0.0,0.0,0.5337836073220541,0.6981112203394984,0.6894587837236119,0.6499642381228673,0.0,0.6098009222075252,0.124043224380479,0.7489247731854751,0.37988112786597095,0.46353702492320614,0.6997129785149994,0.7919402560425647,0.3810601378380209,0.023598094211867347,0.44211905464564505,0.16368751348698957,0.4303545233944331
0.42516534493070735,0.0,0.028822016833216557,0.0,0.07866581456313448,0.13455754966150785,0.0,0.030336043604268666,0.05580487462725963,0.0755439686633834,0.1390188889853848,0.10348779810735433,0.0,0.0,0.24315199740022408,0.4079811987096675,0.0,0.7475070704527517,0.15607432939663832,0.2246099199113105,0.0,0.19467076053384796,0.09656778509447195,0.662135735687742,0.43635575902909657,0.3809875525524476,0.11991610600910685,0.4078315948841916,0.18444352173543277,0.09938801829807424,0.5036886958292551,0.2488134555501226,0.046269692116381635,0.41456958777015773,0.16935427911175369,0.1992467113448122,0.0,0.0,0.16083142352079077,0.0,0.1491929499623617,0.0,0.0,0.0,0.0,0.374807338985872,0.2191150561863453,0.0,0.02430835906341225,0.430058760781783,0.16646856007069735,0.08337961164639163,0.111288860553561,0.15120450848030056,0.013391016220526476,0.10629891038085676,0.18560377469665443,0.0,0.0,0.21166126494436918,0.4453314336649878,0.38880617463690964,0.596029656612001,0.07194277649441143,0.32240948944939607,0.0,0.34817660109951065,0.0,0.5527276543431855,0.32349981098666075,0.4236044695030955,0.0,0.0776759685891763,0.0,0.2497428892128227,0.05484865487881216
0.605528231059505,0.08447554024018251,0.023542745030793368,0.0,0.0,0.09048339764015646,0.0,0.0,0.0,0.3820519293765055,0.0,0.3203893688202853,0.0,0.0,0.33110599576207406,0.7776402975648303,0.7475070704527517,0.0,0.12172440391146613,0.16841399128500537,0.0,0.2516318705430288,0.09562795605112163,0.7495360837541819,0.6752536565888454,0.6068972308039408,0.14612087714703803,0.4267848583939273,0.10668677777093145,0.0,0.639736665861194,0.40885347292714913,0.20173289965506808,0.37064177952629734,0.5435928017095851,0.0,0.2894562196910424,0.0,0.23714619044817356,0.23128308639630385,0.5429733103619507,0.1749364157050995,0.0,0.0,0.0,0.5973332431357974,0.4899856206217326,0.0,0.0,0.18400546393411304,0.2810041600940859,0.013961264748945216,0.0,0.08018889549310958,0.4254329563457937,0.015422170450450088,0.4885089716042007,0.0,0.0,0.3166927892290598,0.7504601899363316,0.65945540154143,0.7662517173594087,0.02216838382297334,0.45349475900353337,0.0,0.5991103012896645,0.10531164338323379,0.6332847341233406,0.6062777713650179,0.660016904920725,0.16889844766507958,0.017439993750553932,0.15729871053336358,0.16813991759249874,0.3747354882856457
0.08366998502720172,0.0,0.8026829246241604,0.0,0.36538609551312834,0.6370212595911386,0.04671681065273161,0.417730254968358,0.8109204415199964,0.2803680906615272,0.8067015735803669,0.29061522958277214,0.29835393392285103,0.0,0.2194204390950644,0.05041171939068132,0.15607432939663832,0.12172440391146613,0.0,0.2717715621367939,0.0,0.1829520999992573,0.5664896243319539,0.3968137951192333,0.2319798241615043,0.29740523575947425,0.5847131033768752,0.303337896421525,0.2167302493204866,0.10398847830339934,0.0,0.0,0.0,0.0,0.0,0.0,0.05378160783360577,0.0,0.0,0.0,0.005071856897789456,0.0,0.0,0.0,0.11255505201678227,0.25199958418674356,0.19825800521074202,0.8604413686436235,0.0,0.48205208467469746,0.5307257516742536,0.22272979570123688,0.47661490424630715,0.7968845378491812,0.009502801170923128,0.8485835648946299,0.278849347645148,0.11666766906499225,0.017649543474093088,0.23355026124194342,0.08775735080709429,0.03619458115345952,0.19541432865739455,0.8660224931810976,0.4224931231005318,0.08912314159782346,0.3866434976328686,0.5807307333102594,0.3031719630188265,0.08379516085073313,0.29227987508979497,0.5525025385511408,0.12978466958368456,0.24037324687492445,0.17333347145645975,0.1275044969775762
0.6262731137633126,0.7251769967073297,0.5146008125228942,0.17371396014981302,0.47728237574311766,0.4653739030270327,0.37649150467822523,0.6874920529719246,0.36635704522304785,0.0,0.4702242378850111,0.1626532124761083,0.40249188592837926,0.0,0.809494097411149,0.39357021558900496,0.2246099199113105,0.16841399128500537,0.2717715621367939,0.0,0.7705103454011494,0.9385204046720733,0.652941591695573,0.18682792165314133,0.3727418321635462,0.4648552158623852,0.7316683879980235,0.31426666171351547,0.7739602787747426,0.6658242501724084,0.6208529625631047,0.0,0.4388414823944203,0.49813926999688657,0.0,0.0,0.16871390630150787,0.3504436310874419,0.010811755002722814,0.0,0.0,0.0,0.0,0.0,0.04167227095953685,0.5723496886966921,0.2046261369968789,0.3964511326154557,0.20344673841369207,0.5597944691134578,0.19700327610341956,0.4666833480165847,0.7183411670120737,0.4419305322170653,0.27689434378120265,0.44853736677739764,0.0,0.41627827451928373,0.03090799696969723,0.6681915766106128,0.0,0.3030078623226946,0.2923518589394527,0.26911002926115213,0.7063211470346279,0.7665079649977378,0.4726589913273303,0.5177435230068081,0.15877860586099815,0.26185682615658473,0.3082991080927414,0.48721983774156774,0.1149867460275791,0.44131372802499225,0.271657904295066,0.0
0.41822353850940824,0.7556614133166709,0.34914198922335815,0.3798234166403464,0.5147562598738267,0.28704401538947616,0.5717477718845141,0.6415587829090289,0.08290940025706038,0.0,0.32036839680414725,0.028584121774519123,0.5223764295609418,0.2908562766288501,0.5625149776619239,0.0,0.0,0.0,0.0,0.7705103454011494,0.0,0.715412364844243,0.4615318878671871,0.0,0.1178043058245615,0.19442242276460275,0.39362335880398125,0.09010224996186371,0.6327947051428183,0.6892871274481922,0.2918928368457884,0.0,0.5773953198119626,0.37067205144246307,0.0,0.11679304754297087,0.0,0.3736207476173445,0.0,0.0,0.0,0.0,0.1867906098740824,0.055749502148042106,0.10946287523778886,0.25742551269838093,0.0,0.15703135886155478,0.4657202298106586,0.3204384909766282,0.0,0.3506287747508538,0.6919686867023388,0.12233923550994158,0.10847079156739585,0.19335475507205058,0.0,0.5510728253738799,0.42056035620495513,0.46801883450692017,0.0,0.06865795179270684,0.0,0.18941770420259585,0.34763771828537204,0.9064289207105514,0.07827146998758741,0.30877858812750647,0.0,0.0,0.0,0.19630306998154162,0.22783965345595444,0.34224942818387144,0.27703896045144594,0.0
0.7494126017002937,0.7945637496752346,0.44665047937431873,0.07008892333062046,0.241101063167772,0.36119233322126526,0.1414523509571723,0.5720072729255717,0.2624570356287293,0.06853444958855014,0.29991760858042715,0.3070889888022081,0.2877671103575806,0.0,0.862955140145535,0.6016943245108598,0.19467076053384796,0.2516318705430288,0.1829520999992573,0.9385204046720733,0.715412364844243,0.0,0.5867182669955647,0.2727038588316028,0.49440443595257066,0.6275341427405856,0.6972698537481168,0.311882092686796,0.7010799613046038,0.6228243554315572,0.7351329704493171,0.047490694229191575,0.5322741158066244,0.5391376897298568,0.08626766273322047,0.0,0.3142847484169604,0.38866152167733653,0.04374762602626437,0.19914955923148425,0.0,0.1612477528483843,0.0,0.0,0.04174483580462069,0.6990207923739925,0.37485025333251476,0.34350082622311295,0.040408391570170656,0.4354211254526342,0.17337225749165966,0.37667876971262965,0.6150671026650453,0.33012510307964443,0.44133967201309554,0.368509433835358,0.1076819013862394,0.33163299831488585,0.0,0.7314856796675923,0.0684910959249825,0.4218762684691813,0.36739206159880033,0.18185241357372106,0.7523028521325903,0.7490937173477982,0.640983066187913,0.5031957052818835,0.20108040302044555,0.4013605137348085,0.47294652042896185,0.5171778154904588,0.1256891708639204,0.5195365333185352,0.29943558298894973,0.0
0.43438522067673924,0.42534098277645166,0.7638195113959558,0.0,0.4422566337675406,0.7904860922376991,0.23799721684374697,0.7402674158620034,0.6119558033410429,0.10166255258888288,0.6044861594619683,0.2868305697539492,0.4732869425348974,0.0,0.5837511358688984,0.28450072490280365,0.09656778509447195,0.09562795605112163,0.5664896243319539,0.652941591695573,0.4615318878671871,0.5867182669955647,0.0,0.3089530790957758,0.37814486484335896,0.43910946437221404,0.6938757210037936,0.3126278200939199,0.6717179582767394,0.4867102612518878,0.34761662144034094,0.0,0.16729154361266527,0.15800132255851213,0.0,0.0,0.175962567718397,0.09399632218623326,0.0,0.06674981491786305,0.0,0.0,0.0,0.0,0.1802407626826082,0.5019116484485341,0.1906839309373314,0.679745853469023,0.0,0.45322994912802217,0.6247374758048486,0.35865073321418506,0.7562136075882517,0.6001787146053131,0.23573521087372393,0.6727955684654078,0.16594516701750173,0.42810224444825795,0.02988829358271583,0.4775709333778376,0.0,0.20545459466057195,0.23568691942578363,0.5835941162367443,0.6154129191699934,0.49021084328504344,0.4141085729985117,0.8413044425310577,0.287628511516097,0.17826765703105926,0.3526644218444382,0.5170740829335673,0.1635314703189017,0.5554898638938988,0.2587354892274165,0.0
0.4577403850647772,0.03540753029834692,0.243667660517218,0.0,0.0,0.42024391456225507,0.0,0.04064875268287198,0.3692135196078617,0.42824881647526203,0.15141633077191335,0.5019576903622442,0.03355355526135554,0.0,0.30229928360766306,0.5663028095114361,0.662135735687742,0.7495360837541819,0.3968137951192333,0.18682792165314133,0.0,0.2727038588316028,0.3089530790957758,0.0,0.6434223139812676,0.67016083526975,0.3410213387145588,0.4674888006852576,0.22553447226204829,0.0,0.48735973985434905,0.2838118999624981,0.06326985017201235,0.16522182013182907,0.15897932985658003,0.0,0.07173499834826709,0.0,0.15101232087236569,0.31394416913311524,0.5380340692476481,0.04627429987100864,0.0,0.0,0.0,0.5819191418363907,0.5050232605829648,0.2727519894668558,0.0,0.25129786852884656,0.44312744617153116,0.0006704094206471188,0.09314339462870445,0.3559013761572411,0.20231176457444155,0.3144483640901194,0.4923241813158996,0.0,0.0,0.28507645938814374,0.6935517003147487,0.43558400098911665,0.6348238054653339,0.2710401811937832,0.4760397805343282,0.0,0.6719461908341176,0.3218242073465174,0.8085226780057057,0.49492752822343045,0.7095494432752741,0.3110829056433768,0.1606513388083927,0.2318810796308441,0.2499350178124994,0.503245206269509
0.7188733102662609,0.44881245554353577,0.34621117877704505,0.0,0.0,0.38968219213299937,0.0,0.1025115019480458,0.18995300221731787,0.29004793177784804,0.06458915888976213,0.2996122410278224,0.0,0.0,0.4922644689788805,0.7036599398665669,0.43635575902909657,0.6752536565888454,0.2319798241615043,0.3727418321635462,0.1178043058245615,0.49440443595257066,0.37814486484335896,0.6434223139812676,0.0,0.7537939303943796,0.4714487554537916,0.22395216194176115,0.4166989397287091,0.022261607098131655,0.6676991162909126,0.21911866388199466,0.39353455764626166,0.38928934527971343,0.3110237853089366,0.0,0.2599943385729143,0.0,0.20225892010477464,0.4147535089661467,0.45642934988032924,0.22168605292082114,0.0,0.0,0.026785607288523784,0.7857912065467841,0.7447146160035436,0.24854832313553435,0.0,0.25717975533801724,0.49742060004117644,0.09651939930650635,0.24005954058438442,0.21623472062896776,0.38890891918348147,0.2148526413185883,0.36669055093699454,0.028135016544902223,0.0,0.46313432037862673,0.6039190413539541,0.5733486513498381,0.7254429945805349,0.1630118920491376,0.6018305033222372,0.2064949285363557,0.7143515312744312,0.48343839009321593,0.6014478067999278,0.8461317119333773,0.8002751840020021,0.5152018500510076,0.0,0.5677800037001685,0.137449542102432,0.2905184499178604
0.7625534010814559,0.5348572703567755,0.4309783787679483,0.0,0.0,0.3890033323559028,0.0,0.1453818995276901,0.31390981675015356,0.4026734368870596,0.09086889936272412,0.6238275156468489,0.20641066059956698,0.0,0.6219613695272245,0.8117489911879308,0.3809875525524476,0.6068972308039408,0.29740523575947425,0.4648552158623852,0.19442242276460275,0.6275341427405856,0.43910946437221404,0.67016083526975,0.7537939303943796,0.0,0.4531458282376587,0.476184355697043,0.36692185757520757,0.25231303130716165,0.7113821878184561,0.03699208005530742,0.4442410184212193,0.30570657648631466,0.15032100802804918,0.0,0.3806066246461959,0.0,0.0,0.42227098218974507,0.46863138513655966,0.2239162733969075,0.0,0.0,0.0,0.8483005412754973,0.8525179596277125,0.38569748173863727,0.0,0.16143096016566189,0.49343739375230844,0.01632679818950026,0.24364115198158554,0.31379069282076577,0.48864500345755374,0.33763358252755504,0.437287338277004,0.24540734589738858,0.0,0.6363246804685109,0.6023303269128756,0.6243952566303709,0.6505298255085744,0.28660321700066543,0.7287352627712474,0.3653255257197,0.8521712434296191,0.5808776739371696,0.5194037438481266,0.7717603693992205,0.9230301889208338,0.5239233309110767,0.350226811315657,0.6031392661056453,0.37709827019530556,0.3645155474014024
0.46013291094154923,0.4642269708437534,0.6963252967986736,0.0,0.4102913223005492,0.647385654920391,0.24075146931531732,0.5489748825687567,0.596106690198875,0.0575563013539538,0.6553909554077789,0.20955120602884292,0.2159933102248329,0.0,0.6514437981836831,0.31684270349322463,0.11991610600910685,0.14612087714703803,0.5847131033768752,0.7316683879980235,0.39362335880398125,0.6972698537481168,0.6938757210037936,0.3410213387145588,0.4714487554537916,0.4531458282376587,0.0,0.0955435381644717,0.6606186944170448,0.3077811379694092,0.3919081411826914,0.0,0.1216958635510659,0.12088445415669814,0.0,0.0,0.09711845717118102,0.11039524165601121,0.0,0.09406979917935974,0.01823200843099968,0.0449098589103214,0.0,0.0,0.05862213064561464,0.5557701830833667,0.30920968124054093,0.7116475051624443,0.0,0.5420727478668919,0.4003861088532371,0.29692010063852237,0.5625373234001337,0.6210206757642811,0.14664315996172164,0.7045166033899136,0.07295857164962542,0.1571854968047591,0.0,0.5637027209483005,0.07346467635612815,0.13799020255901734,0.218750303256383,0.4966835443273088,0.734379541115347,0.4623717184130832,0.6163808116262541,0.6683385023605339,0.3189795998527057,0.3568052923220019,0.40307610039247294,0.8729919425314612,0.0,0.547787414457579,0.07150882431169693,0.035067033293012806
0.27630622105828706,0.2162752689168766,0.2137393995808176,0.0,0.1806790329915999,0.4566475109958421,0.0,0.22018476489274807,0.49284104567720044,0.3956456948674006,0.21938454152948872,0.48561717215792694,0.6051441840567015,0.0,0.20534817224440674,0.4110229799431974,0.4078315948841916,0.4267848583939273,0.303337896421525,0.31426666171351547,0.09010224996186371,0.311882092686796,0.3126278200939199,0.4674888006852576,0.22395216194176115,0.476184355697043,0.0955435381644717,0.0,0.2957952259172223,0.5307927152277383,0.3864033533672712,0.07836653248913719,0.11527040797361196,0.15928656557129053,0.0,0.16336966199590386,0.3851281824527458,0.09804821893045873,0.0,0.2788631979541449,0.23601874471257103,0.04664881811204927,0.0,0.12243304117990869,0.12004250597410483,0.41167438090852054,0.24681683417214134,0.22609067931362672,0.0,0.2600485517250724,0.42224878296853724,0.3595530999603813,0.30067022466544807,0.4693751191478611,0.27979777416849183,0.318578913130095,0.31556191023683594,0.4057962224851459,0.0,0.23747625893591784,0.3475086870529641,0.42357180618288504,0.4452927860318541,0.29850741549619525,0.3643868100504827,0.1760316798628183,0.3995146716502302,0.27907540899148464,0.35114771269425127,0.08081607995739078,0.3741677270579643,0.05148007604856362,0.6918960894573629,0.22274625036210638,0.6398439587053205,0.25156247571511714
0.5353620751191177,0.5032209410151595,0.4533179783609588,0.2177166571817742,0.498897591488622,0.7208386509535427,0.4428722855615983,0.5813968855105398,0.40152892670168683,0.0,0.3418126741205254,0.06468065134885487,0.5068969411549618,0.0,0.5421854029732947,0.2440482119902472,0.18444352173543277,0.10668677777093145,0.2167302493204866,0.7739602787747426,0.6327947051428183,0.7010799613046038,0.6717179582767394,0.22553447226204829,0.4166989397287091,0.36692185757520757,0.6606186944170448,0.2957952259172223,0.0,0.6250020960593377,0.5428413316100611,0.0,0.3718697408090211,0.4630066873593899,0.0,0.0034284984769512666,0.03540047425973563,0.2553600160034016,0.0,0.08127424426720353,0.0,0.0,0.072774750788464,0.0384779112747961,0.16801109629188604,0.43271850524753497,0.09700272871706957,0.323370847792512,0.20751591953278142,0.47842352135405597,0.4356535775377221,0.5375394540845779,0.6538503403166189,0.3696874530256997,0.10227380392072305,0.31513869467801087,0.0,0.5332092912638611,0.10378701506439977,0.4422254480638709,0.0,0.2063378249240275,0.28520112384722984,0.2621659971057367,0.5603983008287502,0.5905444311287242,0.3230551467163285,0.4983048210307059,0.16465449648670158,0.2132382394172375,0.23674728830272446,0.4218004181048502,0.15440976500445358,0.6250561101430188,0.32294603586652376,0.0
0.3968294285325579,0.5674245815213289,0.32085012873478386,0.1868889635649137,0.4649820838693872,0.3902805471539709,0.3620096772745107,0.5479576652131533,0.2875749925252856,0.0,0.3163321474993522,0.19531142710727517,0.6020953493528168,0.2020443711588844,0.46412924659802185,0.15008457733862707,0.09938801829807424,0.0,0.10398847830339934,0.6658242501724084,0.6892871274481922,0.6228243554315572,0.4867102612518878,0.0,0.022261607098131655,0.25231303130716165,0.3077811379694092,0.5307927152277383,0.6250020960593377,0.0,0.4019827992193809,0.0,0.329000043216505,0.3898826444627843,0.0,0.15150826543363646,0.12293151893743559,0.4056538658736268,0.0,0.0317289927831913,0.0,0.0,0.16671626097698386,0.10068560801250706,0.14938105391491271,0.30632943352069025,0.0,0.22945401808466973,0.23716685917731503,0.3855490447146136,0.14463993166328312,0.486192551283432,0.6598053235495024,0.29859073993596824,0.13931692797763476,0.30214128669002016,0.0,0.5276452555248857,0.27716752771370523,0.3965816441354073,0.0,0.2028325218908436,0.11772819120034277,0.24236154445827263,0.34142421875050916,0.6799581777991313,0.15857762889988172,0.30476163412447527,0.0,0.0,0.05889050439876444,0.10809002339163944,0.4889624979208442,0.27541837415990533,0.6016717118903013,0.0
0.775576839056637,0.6024290552729166,0.15850277959601466,0.0,0.0,0.20864910841391857,0.0,0.1652716243067482,0.0,0.14060617887977467,0.0,0.286298008595284,0.0,0.0,0.6727072237872679,0.7510001676446008,0.5036886958292551,0.639736665861194,0.0,0.6208529625631047,0.2918928368457884,0.7351329704493171,0.34761662144034094,0.48735973985434905,0.6676991162909126,0.7113821878184561,0.3919081411826914,0.3864033533672712,0.5428413316100611,0.4019827992193809,0.0,0.15935909339817125,0.4581585105137316,0.6866565503192935,0.38095548830397585,0.0,0.3446739262696741,0.21512754807124165,0.08318364179065171,0.26951070836249635,0.25877789069976975,0.132170545306993,0.0,0.0,0.0,0.7192015654871021,0.5057870511920846,0.03677749437716409,0.0,0.28018600659362014,0.27961910837479126,0.24670507120691065,0.274104900522994,0.06762932649662416,0.4849704748523082,0.04030375638245369,0.1682667724249377,0.12083662557736097,0.0,0.6139368164356102,0.3952205310071569,0.6519084016711855,0.6009093458655355,0.0,0.6299982926651286,0.33210034057012205,0.6037084578531982,0.33594967694285877,0.3740005082843974,0.6248546616334308,0.6746632315338323,0.3229980803126135,0.08156064490581226,0.48547191654630417,0.3107026814299961,0.12474431960722471
0.10440410884430205,0.0,0.0,0.10221258368419067,0.0,0.0,0.0,0.01307689425071315,0.0,0.1502709089822967,0.0,0.0,0.0,0.0,0.0,0.2488938870968506,0.2488134555501226,0.40885347292714913,0.0,0.0,0.0,0.047490694229191575,0.0,0.2838118999624981,0.21911866388199466,0.03699208005530742,0.0,0.07836653248913719,0.0,0.0,0.15935909339817125,0.0,0.051866310065017365,0.09657147866298528,0.3017609184909641,0.08390045659027823,0.08191677928328182,0.03421183718982533,0.8417434681595792,0.3025885454142276,0.40602530770667017,0.30661155953228225,0.0,0.0,0.0,0.17950153794924437,0.015378156168265265,0.0,0.0050645745389590316,0.0,0.0,0.09797863542850971,0.0,0.0,0.03391413503603382,0.0,0.32530817415633945,0.0,0.0,0.0,0.366324608019149,0.0699559137931338,0.2649500685309279,0.0,0.01471311749232992,0.0,0.2166549861480129,0.0,0.33466100716332997,0.0,0.0,0.0,0.0,0.0,0.0,0.43862971906084963
0.5252302516007895,0.6722319871321942,0.0,0.21653108082923392,0.0,0.034575475350929356,0.11925522711288689,0.24230603666624675,0.0,0.0,0.0,0.16718125920803892,0.17515741735896898,0.0,0.4244725222470155,0.39507585061515466,0.046269692116381635,0.20173289965506808,0.0,0.4388414823944203,0.5773953198119626,0.5322741158066244,0.16729154361266527,0.06326985017201235,0.39353455764626166,0.4442410184212193,0.1216958635510659,0.11527040797361196,0.3718697408090211,0.329000043216505,0.4581585105137316,0.051866310065017365,0.0,0.5118400687767177,0.13097141471433899,0.0,0.22903527666303447,0.2653184316008918,0.023755935746284214,0.43194726345763246,0.033516182628257236,0.16971299678271423,0.019701340283026905,0.051826504501898726,0.0,0.3614620442866035,0.30159197261152554,0.0,0.19160737203240547,0.0,0.0,0.156882240393013,0.2393377711473893,0.0,0.3561897486542912,0.0,0.058166107080764494,0.28118071050717236,0.0,0.38906664739302893,0.0,0.3200011529000139,0.2021569490591775,0.0,0.26184995254583326,0.5423957897016265,0.24079906337003787,0.11949961603792217,0.0,0.30603180961168197,0.26208062595515386,0.06622755372333462,0.13550817412214167,0.33188438171596346,0.14046219002821853,0.0
0.5832385136958187,0.42174914367989147,0.0,0.20136651802931446,0.05797533996887032,0.04734706480619275,0.14789023099136966,0.19967692677931073,0.0,0.0,0.0,0.0,0.0,0.0,0.41704516632533134,0.3803467526318599,0.41456958777015773,0.37064177952629734,0.0,0.49813926999688657,0.37067205144246307,0.5391376897298568,0.15800132255851213,0.16522182013182907,0.38928934527971343,0.30570657648631466,0.12088445415669814,0.15928656557129053,0.4630066873593899,0.3898826444627843,0.6866565503192935,0.09657147866298528,0.5118400687767177,0.0,0.28421883452030905,0.13662278267387382,0.06717687954601552,0.18669744270066976,0.16553995789282724,0.19159176714852844,0.0,0.0,0.008410442433025815,0.0,0.0,0.33669746669563866,0.10552454940454942,0.0,0.2222892113323766,0.18611445339476326,0.0,0.2557656310530203,0.24545204613453794,0.0,0.2376343379992653,0.0,0.0,0.11536796798045877,0.0,0.31587425410712283,0.0857912682779546,0.39036000480139027,0.3844994965596631,0.0,0.30084644925978926,0.2905718910573885,0.18119153245748282,0.0,0.11027795216071598,0.2691719239233984,0.21097335677364898,0.0,0.0,0.22924113385893347,0.19948997168963942,0.0
