0.0,0.17077097604228703,0.11065652389303034,0.210923953997846,0.17779855449827642,0.40586352149901933,0.18043717815177449,0.22304169461262713,0.22087943414397773,0.345823977817499,0.2144833255861307,0.20503953131840996,0.3383791165048907,0.0,0.12360689440041434,0.5999815192184238,0.1939113041257705,0.35505061202056665,0.1263631431551273,0.04210017911899977,0.5293768266850817,0.23754955085083423,0.32490784253639965,0.3422538197988523,0.376190537885077,0.2914861832841863,0.2619291030881789,0.34850991177429125,0.590519615052649,0.4714071004442363,0.5007135827756966,0.37123409535728796,0.4992528479440549,0.36782329021043125,0.15742033387783122,0.0,0.0,0.06044003161749802,0.28443440284959176,0.5454124799150164,0.22857182238551002,0.14156686236844362,0.0673917253794314,0.11136704318038564,0.3419970890381574,0.688260211881853,0.2860179170049119,0.11966791019105914,0.3092546171102152,0.26842152181905043,0.2372496066292335,0.35146044839789287,0.19889562803625987,0.19117358090718814,0.1507688662768039,0.18628594686921096,0.11462426620355133,0.3827802500635216,0.17246184463597322,0.154169438497987,0.444866386514139,0.17064737915435843,0.40010780259878714,0.17364942222509439,0.043535414563959055,0.5017063385255088,0.24804038180813384,0.26993708905771924,0.37757514356264005,0.3104541170645495,0.3211862682380341,0.29927034867754587,0.48342711253412496,0.5071602462238323,0.367982636086044,0.3841115193464086
0.17077097604228703,0.0,0.09359920217401739,0.0,0.26616452264630175,0.40725785391848723,0.11778377975142348,0.17640498198661514,0.2170565381928748,0.09240060945491997,0.03362550899554267,0.1247472982442182,0.36531270021714957,0.5625972179536992,0.0,0.36892088662303185,0.09949544147088277,0.4888684185892287,0.08730197809864032,0.09853098916404407,0.23567993669055282,0.4019401995387882,0.0,0.3200122679099214,0.5272560980974509,0.742920124961992,0.0,0.027138575655245245,0.0,0.2044864468269876,0.10851647050122472,0.5001695600675142,0.10505377570969095,0.26897034543038073,0.21979621605641028,0.3861559418256971,0.4164141561807424,0.2045879516026856,0.412121830154552,0.023908602941797814,0.3793391363480843,0.37906628892879846,0.5084852313290001,0.4600960639798092,0.22570458721872502,0.03276937204676182,0.042836045902903,0.12225813896197532,0.15808337536408548,0.0,0.0,0.0445033137446033,0.2203305685533564,0.0,0.13240549751930397,0.01546879895465509,0.2118865473458261,0.29415672658945496,0.27734883387463255,0.0,0.2693310733296918,0.0007051821014035348,0.024512407676663128,0.08582264749311545,0.014481464988177997,0.15553017409568193,0.024118800671778646,0.0,0.13449736537065005,0.14744797905682624,0.38666018672764757,0.0,0.23889436043254286,0.0,0.49850893444284355,0.4856015308825286
0.11065652389303034,0.09359920217401739,0.0,0.0,0.6971777885944235,0.5738126350945331,0.4785766673749217,0.5658505902973959,0.7905792016769916,0.34302708012373395,0.9133549302480222,0.5170418568174451,0.42080194398874937,0.2482553650181583,0.6261391530629045,0.0,0.22701097673039267,0.1747141326914719,0.8824604304551731,0.7485351190027663,0.42036466816337537,0.6599250627303854,0.5413329133959921,0.32514888772235595,0.03877577714174998,0.3813858158106276,0.7036373579710448,0.5930017075668754,0.30285593489802554,0.45758088315766554,0.3096487505238893,0.013509300662392715,0.24235079292250283,0.4287453130397723,0.20025267272876165,0.32883138928134314,0.27341842857233223,0.2779857646553305,0.0,0.21718127552340222,0.0,0.0,0.1576866204605704,0.0,0.2944983731734776,0.21532061037547948,0.49178407106025496,0.966199735913733,0.0027920161390538297,0.4337057715659797,0.5935206537678466,0.4280616633037986,0.6155982409325962,0.7759630519876881,0.533799886329185,0.8686776345997836,0.6226359459563368,0.2509023878904678,0.0,0.6333210805353283,0.34702807617635134,0.4683116273857767,0.35471264613116577,0.8899485317599574,0.770235897828748,0.5259924808557482,0.7196642690285662,0.6474363992236467,0.3023335050581732,0.4274934438493358,0.5430365347262742,0.6125732929164136,0.3780591608178881,0.321617540475967,0.16617543778697552,0.0
0.210923953997846,0.0,0.0,0.0,0.0,0.16471663505260556,0.23483080446658416,0.19329486338380036,0.0,0.4487200985961754,0.0,0.36528937598073,0.2124379343926506,0.0,0.11242582779473291,0.19832962114317612,0.40680665913043107,0.05135301049816379,0.0,0.0,0.24363863114825185,0.0,0.3181137434763023,0.2602620132249754,0.04442518230010368,0.03248247389012572,0.21109573872168552,0.3241842250790666,0.37602633316497136,0.0,0.28855545636613217,0.131416665358511,0.2983447907904535,0.07845409559172996,0.01132674937841626,0.0,0.0,0.018627077450292857,0.11191195827066927,0.3603078265793069,0.0,0.0,0.0,0.0,0.02471078788995222,0.31695439501477723,0.2803154351006159,0.0,0.06677025430545501,0.20922306233327526,0.2638412605920701,0.20252954668967374,0.06850597743560549,0.07883753213349447,0.2584151564795867,0.0,0.07473265389696793,0.12557110635963972,0.0,0.20921043240171663,0.16498570911898372,0.2824634344337515,0.3510797695593438,0.0,0.0,0.23781489899437588,0.025715674612683505,0.24847603300547877,0.30695794086632705,0.15293905441463754,0.12241845577934438,0.2443889760807691,0.08865386903010455,0.3124424955660969,0.0,0.015882538781719194
0.17779855449827642,0.26616452264630175,0.6971777885944235,0.0,0.0,0.44893534555873904,0.7592071405028424,0.4439726640066103,0.9008088594955046,0.3217833591573009,0.7788948146230708,0.45686012577042423,0.42271938864920827,0.3850446444571708,0.5052068368789246,0.035639378624900006,0.2672853572614717,0.25115747303033265,0.5101997539756961,0.6690870544492553,0.419632586656645,0.6468527723276056,0.36383163674976277,0.43531271141330063,0.17409302732559737,0.48237421792882385,0.5730069669146249,0.5950534016532197,0.2337588382050045,0.3387069966320233,0.3957862561578628,0.06958176717856142,0.19370772069965067,0.5286939457770805,0.24759948395034825,0.5542753095312133,0.21802872655570002,0.39400800785229073,0.0,0.13328966881051116,0.0,0.0,0.33474219779014186,0.0,0.31542095492485106,0.2625336950724754,0.4780094235398604,0.7360893949462345,0.1897334052176633,0.5674342107776131,0.4428681587299117,0.5497890319556277,0.5244476686555118,0.8202365160297483,0.550894398998846,0.8152501329490304,0.6073791073589222,0.2792024530535503,0.0,0.45207544897854784,0.38181204992067336,0.45842159787908987,0.383814896118469,0.5657119940317518,0.6761189106731825,0.45475740007651816,0.6617922871251836,0.471880392673818,0.42116391716495005,0.457654307409719,0.5793863195576341,0.534122352550135,0.48977211559169903,0.2533758991600817,0.1600229145704305,0.07968865501215534
0.40586352149901933,0.40725785391848723,0.5738126350945331,0.16471663505260556,0.44893534555873904,0.0,0.5826981255177429,0.8154255194189537,0.5213883899693617,0.6752308331788213,0.5268580334312981,0.7770386252651128,0.8448471142986465,0.13273528735743242,0.5840715165217476,0.3723284097075486,0.5147504427975433,0.5023621759322711,0.4207397474422258,0.5528056831794564,0.8043326601780163,0.5822635829570346,0.8177972156784963,0.6030357324851713,0.3469313139192102,0.6751473394251863,0.6583907458500047,0.672570506544096,0.6474474078920383,0.5066693358652006,0.46137843577708715,0.2888102031074714,0.5415176214996222,0.5280380648123821,0.18583360044103817,0.23885215011522082,0.18039956366332013,0.3324299180627467,0.07894466733173229,0.5208587312378384,0.0,0.0,0.27440208695760515,0.0,0.41182980190859814,0.4506989766824817,0.6662672844070876,0.5479407453323791,0.16389569181098518,0.38663354833082525,0.7460784311331963,0.49642652246394153,0.7397512374666121,0.5426660357056421,0.5932851522398928,0.5262392844811947,0.6789391900285807,0.5892082882304933,0.0,0.5746469087771342,0.5692294927867929,0.5355735628580609,0.5650230000309602,0.46194402429383213,0.5323859580268738,0.7568816620255246,0.6106225393107046,0.7536080660752924,0.5138225876825666,0.5508789080130667,0.707312104521184,0.6354856708943912,0.5004787578313149,0.46048520822174094,0.2863489269962193,0.12721825249752444
0.18043717815177449,0.11778377975142348,0.4785766673749217,0.23483080446658416,0.7592071405028424,0.5826981255177429,0.0,0.5114632697792169,0.6358636507938109,0.6451880537729009,0.6384567658020983,0.6333401674633027,0.6523531985191754,0.02785192395422244,0.5758310978936613,0.15501674407144897,0.7086705346415112,0.43272374985975043,0.25336558205900456,0.5849380051217944,0.48479572035451257,0.49213606631210005,0.6088670869325352,0.5148240918579514,0.3438869227360278,0.52950999472675,0.7072777723087023,0.7145095273960165,0.49589371689655537,0.2855540836669444,0.5705852103181763,0.09031666348275336,0.3388149082362967,0.43590824774941606,0.14887369003371642,0.30282062758965766,0.0,0.44521176116419164,0.0,0.30949831212392176,0.0,0.0,0.17428056099216088,0.0,0.32244111073915055,0.4422755207419509,0.7743713185376521,0.5282054524529171,0.23661151128887892,0.6481650111409718,0.673033324178932,0.7021302609643195,0.5254994814477129,0.7231490334667049,0.8114905183265974,0.6539573804771496,0.6088003558289785,0.40230585718709483,0.0,0.6315033932080658,0.5213288968156371,0.77168728714448,0.6381524916449067,0.38000668243418734,0.6410493503729674,0.608565718485037,0.7064806567481227,0.629999652723564,0.5477315398425752,0.6914599391321856,0.7369276408258325,0.7419158109972275,0.48066759475136367,0.5078036065803284,0.042584323301317416,0.0
0.22304169461262713,0.17640498198661514,0.5658505902973959,0.19329486338380036,0.4439726640066103,0.8154255194189537,0.5114632697792169,0.0,0.5062272779473318,0.6414046861128891,0.5248633013931262,0.9094995564611075,0.6858371464246312,0.09813862868444423,0.6542830117304206,0.0036120251653552304,0.533834009212468,0.24046138883579662,0.4126735671194081,0.6087806923519626,0.7094082225554483,0.4709032752408695,0.8778461945112059,0.7144454956938815,0.011457458650673746,0.645770182685427,0.6049518402182603,0.6727785987925143,0.35804253133640496,0.30558124029593997,0.31141095020907666,0.12459246133714558,0.42410911377170973,0.43369086043610505,0.169803790405742,0.35433583367464955,0.1716623010715818,0.399802666869331,0.0,0.38921434486587997,0.0,0.0,0.31744554773758055,0.0,0.37296155347409243,0.4456524398454912,0.6727518381434798,0.5214154517802644,0.18222786601283794,0.4986333291070134,0.7444442652267861,0.5064736050255486,0.9301569458341682,0.5884906930715355,0.6089353200283152,0.5828558478531944,0.8321673871346449,0.4810623971150442,0.0,0.685343488810053,0.3658160198757975,0.607243136350917,0.4864246533692225,0.4683844888630395,0.5974868558025764,0.7324070978562546,0.6390793736870011,0.8495547711991559,0.644062593081325,0.4070904243078676,0.7324763520559747,0.6140077658395922,0.4501865499353729,0.31948748912932484,0.06014302404609919,0.0
0.22087943414397773,0.2170565381928748,0.7905792016769916,0.0,0.9008088594955046,0.5213883899693617,0.6358636507938109,0.5062272779473318,0.0,0.3154996811515859,0.8406052892645121,0.5141364635392329,0.452050207888389,0.35155660609067624,0.616389026726779,0.0,0.20032102501553878,0.15649992338148702,0.6691399276198385,0.7593542532159894,0.4915029094666617,0.704576502452215,0.42406747975741926,0.37655228522202366,0.028156640997377802,0.44267105958212405,0.640755677262445,0.5756029762165403,0.27309741798121806,0.4055854074724135,0.3068817721833752,0.028301811600130625,0.23719513457204672,0.46993825994948213,0.20441804405348699,0.4837882088342945,0.2076551822719834,0.31093232523026687,0.0,0.17206310433733313,0.0,0.0,0.32821097567909774,0.0,0.3329889673808473,0.2895626121640331,0.47693490628316915,0.8713421127768702,0.29101173521046125,0.6322618162264988,0.49325031473826003,0.5527067308375073,0.5609064985103007,0.9167517565916111,0.4756668296224153,0.8442264607809506,0.642174405905955,0.36830270258495534,0.0,0.5682000995354728,0.3486138916554301,0.4597253412706274,0.3601020856779857,0.6609227351375216,0.7385985426631603,0.5303590411022754,0.7110572113826534,0.53159654265342,0.369230638483263,0.39005799349022185,0.5850202814686246,0.5652897372130066,0.534072899861288,0.26205186426490884,0.13623507490973313,0.01639957372330001
0.345823977817499,0.09240060945491997,0.34302708012373395,0.4487200985961754,0.3217833591573009,0.6752308331788213,0.6451880537729009,0.6414046861128891,0.3154996811515859,0.0,0.447144605986393,0.7720535471224214,0.698631987778018,0.0,0.4708581541364079,0.37532178213335066,0.8415456938738077,0.4628352477024338,0.1478525454639952,0.4050197097969137,0.5735231813660414,0.32810446820202477,0.7548756866860111,0.6155873175436516,0.3673281789917785,0.5731738655284161,0.6004316486444917,0.6708166171579671,0.6524776421748979,0.4843466948617495,0.6754910467511699,0.30399794048393936,0.4912037422454527,0.4011244623850256,0.20860344606012152,0.0,0.0,0.40272136668755976,0.03925519668191515,0.5918991265611694,0.0,0.0,0.18372066527204198,0.0,0.356996381227623,0.6421273943938759,0.800609273321654,0.3709802082681824,0.31209755640698883,0.5515764658926199,0.6615178455469516,0.7143364581564601,0.5855573435257541,0.4610614672066267,0.819312811388317,0.44492889654621703,0.559781190263942,0.6256764158063322,0.0,0.541770642002459,0.64009173313705,0.8163975590692668,0.7465331819433748,0.31754717283167166,0.44152904829132383,0.6548843573362202,0.547799978327239,0.713613796134866,0.6107968687531004,0.6658058297623575,0.7146218057041498,0.6372827515855403,0.6080878435931167,0.6086823217592388,0.3093141980841807,0.07473036208538275
0.2144833255861307,0.03362550899554267,0.9133549302480222,0.0,0.7788948146230708,0.5268580334312981,0.6384567658020983,0.5248633013931262,0.8406052892645121,0.447144605986393,0.0,0.5943186086002771,0.48397077722850157,0.1376732990902,0.6734144735612324,0.008724104988544326,0.40164896477716355,0.20208479685787153,0.7864896464488567,0.7418831818507925,0.44163402770446086,0.6615605476665544,0.56450348969618,0.36064801158458787,0.10630835985540837,0.39220287686699734,0.7847576334512832,0.6983018614885331,0.4266434393092474,0.43308631261450725,0.44068296283045244,0.0,0.26317603867001116,0.4544056914050186,0.2442273839003678,0.2872229258246985,0.1041793576139484,0.30789237887657755,0.0,0.2637650401818784,0.0,0.0,0.15983516092727093,0.0,0.2553706148915753,0.3993803743049239,0.6216125510187233,0.8892083608472731,0.11261885916471431,0.6519903838774295,0.6404021983903276,0.5740124891810661,0.5766710976238907,0.8491526089837931,0.6059244181927751,0.957249452820835,0.663771482729655,0.335121620288879,0.0,0.6820329988631142,0.4136395805844092,0.6129837781363967,0.4952821188634396,0.8172798717866234,0.7906134340097791,0.555944597930188,0.8066178223059115,0.6911146401031865,0.42660825751489545,0.5290154676378327,0.5976384015959664,0.7187095641168032,0.513830473884446,0.46628696857894675,0.1299794115447811,0.0
0.20503953131840996,0.1247472982442182,0.5170418568174451,0.36528937598073,0.45686012577042423,0.7770386252651128,0.6333401674633027,0.9094995564611075,0.5141364635392329,0.7720535471224214,0.5943186086002771,0.0,0.7180428497778077,0.0,0.6612606531134296,0.016191841488638913,0.6412820725847318,0.26562791016801546,0.3760589184782236,0.6437940111503756,0.6131900736619668,0.48577171564023,0.8756638401047344,0.7302368132927518,0.03772572914043659,0.6605867789671654,0.6245359953425549,0.6845116720267973,0.40398440024536014,0.35154744000366506,0.42851294910635584,0.12645113344698192,0.45640060652358594,0.4770283518483524,0.13085708992482084,0.25044281651564493,0.0669666736456652,0.45655760987547445,0.0,0.5142367077560415,0.0,0.0,0.2629863992546327,0.0,0.4036920037840981,0.5068309759566606,0.7359263065738264,0.5431178226815826,0.2338705354595587,0.6037341712092863,0.7990476682014942,0.6599239476559405,0.8635383164087596,0.6338562902093088,0.7474170822254493,0.6419666715518261,0.8811973765078649,0.5741234867353742,0.0,0.6857662107971588,0.4083628535634183,0.7613405961727636,0.5990711464614034,0.4505859899366577,0.6722327053725511,0.6310193908828167,0.6826563190075712,0.8510355999548016,0.6899693249807699,0.47676505250800927,0.7933490943901564,0.6117703909880956,0.5048284343685326,0.39820786178494005,0.07315361697155619,0.0
0.3383791165048907,0.36531270021714957,0.42080194398874937,0.2124379343926506,0.42271938864920827,0.8448471142986465,0.6523531985191754,0.6858371464246312,0.452050207888389,0.698631987778018,0.48397077722850157,0.7180428497778077,0.0,0.056936298289100296,0.5395969362284703,0.3853444474298693,0.7096467238670214,0.6948623388939702,0.3097301606426693,0.5034337285868133,0.6587785972509693,0.5106020355378854,0.6812347139708004,0.5624893315932484,0.39762995269957535,0.6991001258029294,0.5428271514692402,0.7422897837109624,0.5848029646080657,0.4801602579164004,0.4997223758047392,0.28533006864065813,0.5090234975834449,0.45624630422744494,0.13093612633501556,0.20711206050000527,0.1841313253020762,0.40428968555025424,0.10211722816105696,0.46139906081933946,0.04896425637860185,0.0,0.34000636127848,0.0,0.48608378384653744,0.4505364891763731,0.6295236888806568,0.3973679322459196,0.26958604328315067,0.4187669405357806,0.6412295433356455,0.4921502533093301,0.6138334717513542,0.4700922467344947,0.635781817174918,0.455992083288328,0.6223981779469353,0.6389467692959087,0.03762387495572623,0.5042108027620141,0.5580134602669798,0.6153340165395311,0.6418730946566769,0.3285433773014684,0.4588401023676926,0.6544634738989056,0.5647364714102604,0.6146261827950004,0.4766948558195322,0.5367274139658136,0.6783036824826209,0.5120639481492357,0.5642894820287925,0.36469960993668205,0.2784110607394724,0.12630476922221479
0.0,0.5625972179536992,0.2482553650181583,0.0,0.3850446444571708,0.13273528735743242,0.02785192395422244,0.09813862868444423,0.35155660609067624,0.0,0.1376732990902,0.0,0.056936298289100296,0.0,0.0,0.03470179224042608,0.0,0.12720048819915525,0.24069546290655597,0.25412229378960055,0.054841940113301894,0.42075935230533856,0.0,0.10827638414289963,0.06972505795891007,0.3601761498524017,0.0,0.01245457493771308,0.0,0.14636974846689982,0.0,0.16508043854051455,0.0,0.27298425866490655,0.2899591633448659,0.5903385777204179,0.4891443204355853,0.20107840181734127,0.1711038932439929,0.0,0.20878460437526133,0.2544733976840123,0.4960459860620583,0.3920815933294171,0.06675944314442717,0.0,0.0,0.2615184300063507,0.13947441431818425,0.0,0.0,0.0028014779903863685,0.17044130666854915,0.07822749858869257,0.0,0.1309052165543594,0.2164992567439265,0.05527547116402922,0.2651793031148063,0.0,0.0,0.0,0.0,0.21647757278423657,0.18199360323275748,0.0,0.056193593605871874,0.0,0.0,0.0,0.1930832876000445,0.0,0.0889555693116047,0.0,0.29955033888333815,0.22210276298510775
0.12360689440041434,0.0,0.6261391530629045,0.11242582779473291,0.5052068368789246,0.5840715165217476,0.5758310978936613,0.6542830117304206,0.616389026726779,0.4708581541364079,0.6734144735612324,0.6612606531134296,0.5395969362284703,0.0,0.0,0.0,0.39949183607355765,0.19096549473241917,0.5506955696856831,0.9004350279141919,0.6109999860191759,0.7186810779037598,0.6944815716419753,0.41401429245554755,0.04680989831973433,0.369555332754363,0.8573112452464567,0.6881595924793957,0.5222472153621438,0.4486801142882653,0.4035241404336944,0.0,0.4319473061484272,0.46675343660136837,0.0,0.223912924164577,0.07187710319668034,0.3975279867030884,0.0,0.3866570408925926,0.0,0.0,0.10835268661433597,0.0,0.4178030532917693,0.35653757886648646,0.7280931384330188,0.6199086139246545,0.15815995105859776,0.5722362557444743,0.7701139466183091,0.5419282918430716,0.631356329174237,0.73710657536214,0.5941353533029167,0.7161608792632406,0.6654082448847987,0.38938613174266234,0.0,0.9591013678713873,0.4006406766530588,0.5781170235019555,0.5080979602169013,0.5162728418682635,0.8761473928919374,0.696601247348658,0.8953362871773491,0.7648276292002326,0.39268328430770133,0.5615657868455252,0.6582520555660112,0.7869262901192164,0.4330390978488089,0.48037536787335217,0.11432939491505388,0.0
0.5999815192184238,0.36892088662303185,0.0,0.19832962114317612,0.035639378624900006,0.3723284097075486,0.15501674407144897,0.0036120251653552304,0.0,0.37532178213335066,0.008724104988544326,0.016191841488638913,0.3853444474298693,0.03470179224042608,0.0,0.0,0.2688954412376612,0.6781706998977283,0.0,0.0,0.3951413243874479,0.20952017889874303,0.1213409957244395,0.21682333431560757,0.6497657756489025,0.29416103331093824,0.10540499648132626,0.23361928860629716,0.5723518285289234,0.5013978008838629,0.5447017254003388,0.5624923640124984,0.5126415955300739,0.3079422472567928,0.18631161597923782,0.0,0.08979286646481567,0.12726469148026445,0.4886623375967792,0.4225491688813759,0.36688750293659234,0.35211219396474375,0.012894733473598539,0.22764534856519042,0.3687492714489445,0.4113701886564008,0.1727360964069565,0.0,0.1291803557845632,0.0,0.04798574975220062,0.15944513049032144,0.0,0.0,0.16509309943163472,0.0,0.0,0.2802116233732719,0.12017465533726543,0.0,0.5900088525883412,0.06857467033823789,0.3529498053920074,0.02734323726191578,0.0,0.3376406387930685,0.022181941764335026,0.03590939611648465,0.2123520575420752,0.3276409784381219,0.1953086212747871,0.08901180344488083,0.283660032013084,0.34544325222270883,0.5521406456076161,0.5691961283680151
0.1939113041257705,0.09949544147088277,0.22701097673039267,0.40680665913043107,0.2672853572614717,0.5147504427975433,0.7086705346415112,0.533834009212468,0.20032102501553878,0.8415456938738077,0.40164896477716355,0.6412820725847318,0.7096467238670214,0.0,0.39949183607355765,0.2688954412376612,0.0,0.5965229505870907,0.08696961944822962,0.3289841107708913,0.4633307161140569,0.19381804391034152,0.6410742912332836,0.5504081463576681,0.3520658419916266,0.5482044464658119,0.4786612204934653,0.5949172850332365,0.5593726279149852,0.3070097871251133,0.6183651876280621,0.23140973378104096,0.3695812125350164,0.2553450544017717,0.08766289682174108,0.0,0.0,0.3563126138623448,0.0,0.463423176808592,0.0,0.0,0.16276301232468457,0.0,0.240810468672115,0.5209437758629066,0.7364066117385778,0.19572705824133785,0.33470599094672715,0.5532856898904156,0.6020140456037824,0.6017693226252138,0.4494336133686515,0.40911617592791016,0.7587343346287365,0.37946809621397065,0.45343278877067067,0.5382966985777536,0.0,0.4637346692094305,0.623058866057627,0.8513229158861952,0.7662610712362236,0.23076572595287886,0.35274083621468,0.5234007177553973,0.48634125968595737,0.5601043985895069,0.5949494634016698,0.5953696389559892,0.6206887687413499,0.5253360487092303,0.4684457145971227,0.5168094802020324,0.09490898528127335,0.021974456341689475
0.35505061202056665,0.4888684185892287,0.1747141326914719,0.05135301049816379,0.25115747303033265,0.5023621759322711,0.43272374985975043,0.24046138883579662,0.15649992338148702,0.4628352477024338,0.20208479685787153,0.26562791016801546,0.6948623388939702,0.12720048819915525,0.19096549473241917,0.6781706998977283,0.5965229505870907,0.0,0.12629219236081046,0.2291155448136489,0.4570703347715722,0.35940104263092726,0.2472725793744702,0.3955506676084736,0.5585862209499054,0.5938496924094915,0.19090063685930375,0.43420237417100294,0.42100483588342824,0.409889711201158,0.5089209393949428,0.4397999781161219,0.3808616560159927,0.2538894431040825,0.07313157578533243,0.07990524869274464,0.16712695412858078,0.30431381400649893,0.25938800220202496,0.2904212123237115,0.18825718941803607,0.07821775413696008,0.31599656807174553,0.11996715558606266,0.39738890194421633,0.344467885506619,0.3539449460371486,0.14181931741959403,0.235544004249653,0.15033050111794738,0.235034269919445,0.3069240378069057,0.17931588462104578,0.13273333032610754,0.4167475131660662,0.17208660839743467,0.22185761857076242,0.48908514673574616,0.17883830312807691,0.1282338664405018,0.6070309026439514,0.38592437778445865,0.5703372579956041,0.15117827470790582,0.13698144601577045,0.4211054308683521,0.24616388187512483,0.20048309009451815,0.3234658586380561,0.434057130293011,0.4176291892673982,0.186231746967732,0.4313997633141502,0.2098293533023686,0.4534470666793227,0.3752252745342102
0.1263631431551273,0.08730197809864032,0.8824604304551731,0.0,0.5101997539756961,0.4207397474422258,0.25336558205900456,0.4126735671194081,0.6691399276198385,0.1478525454639952,0.7864896464488567,0.3760589184782236,0.3097301606426693,0.24069546290655597,0.5506955696856831,0.0,0.08696961944822962,0.12629219236081046,0.0,0.6204549412100709,0.33031123223253805,0.5829204836817456,0.34429138168349777,0.1803176711390659,0.0,0.260559528590685,0.489973190568299,0.4029907676019779,0.18744595550651863,0.3755626622645549,0.1610580660878925,0.04581143841106839,0.16605467084926304,0.3459154948132065,0.090121410902546,0.2816742010408824,0.2454317955831173,0.145131049170125,0.0,0.11205071742582988,0.0,0.0,0.2096498089923859,0.0,0.2298386899410012,0.14642965815569847,0.29503766620207905,0.7837756945433935,0.02552116032105552,0.282132561322948,0.3750399018158248,0.27729786310096094,0.4606935376070956,0.5785970118224941,0.29954202115424655,0.7166686804031345,0.4918073919766729,0.23006581605992915,0.0,0.5154847135841937,0.20618880564997394,0.2569368425760256,0.20133996462460155,0.9193608698399914,0.6276939151421511,0.4134460190841717,0.5979724197876256,0.45688495931323697,0.1766555021561837,0.2506981693254104,0.3758551946546991,0.3841411182193022,0.3317380326523359,0.17517058451703205,0.17200504825607332,0.025833126564253118
0.04210017911899977,0.09853098916404407,0.7485351190027663,0.0,0.6690870544492553,0.5528056831794564,0.5849380051217944,0.6087806923519626,0.7593542532159894,0.4050197097969137,0.7418831818507925,0.6437940111503756,0.5034337285868133,0.25412229378960055,0.9004350279141919,0.0,0.3289841107708913,0.2291155448136489,0.6204549412100709,0.0,0.45417086405160023,0.8889741864725157,0.5581695424849972,0.3903398557561596,0.04237559099974231,0.495669148344945,0.727402028673204,0.6502438306323982,0.352939949400802,0.4151924554079393,0.3795647994304016,0.0,0.28165818920399327,0.5042257641536978,0.1549421189348644,0.3836055943376444,0.22445183383756886,0.4182934097368692,0.0,0.1884240132335116,0.0,0.0,0.2859333555339727,0.0,0.37344129936527526,0.26871493841105226,0.6294541900364796,0.7839808295204382,0.1791410441118459,0.5538530423112168,0.6558506610650167,0.5162205676392801,0.6302607000474441,0.7854796187624256,0.6104087774697161,0.7963634339767651,0.7174332639044799,0.36899649516778116,0.0,0.8122661514741161,0.41381450132085446,0.5847157818640264,0.44344723156237015,0.6256915553481744,1.0,0.5552551937194838,0.9440428358138382,0.6797989531416242,0.3401034148461434,0.5036631135451821,0.6865730334475807,0.6471816587663408,0.4872845991222765,0.3251211253449331,0.18663319054718042,0.0
0.5293768266850817,0.23567993669055282,0.42036466816337537,0.24363863114825185,0.419632586656645,0.8043326601780163,0.48479572035451257,0.7094082225554483,0.4915029094666617,0.5735231813660414,0.44163402770446086,0.6131900736619668,0.6587785972509693,0.054841940113301894,0.6109999860191759,0.3951413243874479,0.4633307161140569,0.4570703347715722,0.33031123223253805,0.45417086405160023,0.0,0.5111406114288434,0.7177296044817467,0.580296939398934,0.3080747894580714,0.580114497993048,0.6056942228783909,0.6414302934863786,0.6419483386776741,0.4698933969554782,0.48761273645926223,0.28978356460018484,0.5992103344581794,0.5228579836347215,0.07793328162875386,0.24187960449909596,0.13042659980549104,0.3536431408398338,0.11217507115656318,0.5069335665039109,0.024723997872271482,0.0,0.2440857600306813,0.0,0.4117994080139734,0.5586451008196366,0.5827726368315312,0.39066832571021193,0.23287355694010528,0.3976719945880513,0.5813817237034705,0.4768681292521489,0.6280645629887956,0.5079570276803254,0.5022917142450651,0.4569907817462475,0.5247597114667883,0.47236897010564444,0.007935319216758056,0.5894477124819025,0.5235952939475356,0.4581988595719685,0.5150315114728342,0.326668798200038,0.42446778826580284,0.8346855907924491,0.5621538520420787,0.6508982289024339,0.5465247599931503,0.4651600830230917,0.6103717372013248,0.5669074346139231,0.4628565134073028,0.4597132406930021,0.2526719269968785,0.1699275380186502
0.23754955085083423,0.4019401995387882,0.6599250627303854,0.0,0.6468527723276056,0.5822635829570346,0.49213606631210005,0.4709032752408695,0.704576502452215,0.32810446820202477,0.6615605476665544,0.48577171564023,0.5106020355378854,0.42075935230533856,0.7186810779037598,0.20952017889874303,0.19381804391034152,0.35940104263092726,0.5829204836817456,0.8889741864725157,0.5111406114288434,0.0,0.38551142861999954,0.3964340572437441,0.29241216303620376,0.5984780632613321,0.5484078485285511,0.5756538748838302,0.34063497030179113,0.53600445736002,0.42849641026823865,0.25086641622560607,0.39408829041817245,0.5599968129156256,0.23569434419610027,0.4147866866802708,0.37842632978138613,0.4059588665348645,0.05505380378396552,0.22738139156789278,0.0886433319456375,0.0,0.41679698026698747,0.0,0.4791866098625373,0.32964429001667017,0.5032227296308697,0.7063348943769099,0.2080561485977736,0.36010705628759726,0.44182949346703154,0.4442027243880768,0.5282270080189253,0.5869487642513396,0.4460026229484121,0.6520736722617683,0.5674433915317121,0.3936588970125282,0.0,0.5931407226810512,0.47923313057764655,0.3688765958323064,0.3523267930268072,0.5657469342868365,0.840652590996161,0.5791416219351212,0.8395824293371023,0.49594863466163086,0.3079623664021429,0.48797680170297314,0.6756560797228958,0.46934732587297145,0.5311991935068991,0.24023630232555185,0.41729695096499675,0.26982615000421517
0.32490784253639965,0.0,0.5413329133959921,0.3181137434763023,0.36383163674976277,0.8177972156784963,0.6088670869325352,0.8778461945112059,0.42406747975741926,0.7548756866860111,0.56450348969618,0.8756638401047344,0.6812347139708004,0.0,0.6944815716419753,0.1213409957244395,0.6410742912332836,0.2472725793744702,0.34429138168349777,0.5581695424849972,0.7177296044817467,0.38551142861999954,0.0,0.6100117372235239,0.1247594460555996,0.5141786883035706,0.8090690095960885,0.6922535930695596,0.6717842310859687,0.36545562310735774,0.48861498935773434,0.06695859630950995,0.5178240907125278,0.4780443378493956,0.08783719437034107,0.08320710688388984,0.0,0.351084975164925,0.0,0.5633183137999833,0.0,0.0,0.06577998216769054,0.0,0.32755228411221016,0.5759226510425474,0.8221172720867564,0.49490456772039026,0.15136086605113566,0.588620419875732,0.8858902434074326,0.5914205424560874,0.8197208628492685,0.6360932739185048,0.6864985601550586,0.5973558154407479,0.7067498014233244,0.4925997246369134,0.0,0.8029278840621324,0.520706617963303,0.7014963434990906,0.6409410425759446,0.4298835615953345,0.5882725098206009,0.76275393603965,0.7051456387816285,0.984130432309425,0.6547218847306739,0.6087107670892955,0.72450543113445,0.8011580813223327,0.4348473620027094,0.5899702582109785,0.006954735206502053,0.0
0.3422538197988523,0.3200122679099214,0.32514888772235595,0.2602620132249754,0.43531271141330063,0.6030357324851713,0.5148240918579514,0.7144454956938815,0.37655228522202366,0.6155873175436516,0.36064801158458787,0.7302368132927518,0.5624893315932484,0.10827638414289963,0.41401429245554755,0.21682333431560757,0.5504081463576681,0.3955506676084736,0.1803176711390659,0.3903398557561596,0.580296939398934,0.3964340572437441,0.6100117372235239,0.0,0.32340332980175984,0.7324639632499066,0.39282476277571177,0.5401240366512717,0.28047407677629727,0.3497641373478016,0.4339790111476678,0.41448714667776654,0.49319290816602396,0.34949182151898595,0.07773648789830666,0.27064725542049867,0.19975242064739784,0.4569419778057082,0.21925409499622883,0.5813095346924018,0.062369109793138554,0.0,0.35030594392679526,0.0,0.4687155122703517,0.4618183999013402,0.5414149030702581,0.31163520999658123,0.22328069781298074,0.3451619199023741,0.5318568454057596,0.48067235587150253,0.6608380299594736,0.41474111528746094,0.583107389787106,0.3810674707282502,0.6528130701912164,0.457888659750694,0.0,0.40614383701055956,0.4872616826496379,0.5240576019331854,0.5031829074818654,0.2399556080202765,0.4062689702084941,0.5591008148270105,0.4404707974705305,0.5546538965772115,0.8651224397072156,0.45186706826307577,0.7156909287135939,0.4183437128675583,0.49209751257631973,0.31931453040835794,0.3293735552413045,0.3379932487465633
0.376190537885077,0.5272560980974509,0.03877577714174998,0.04442518230010368,0.17409302732559737,0.3469313139192102,0.3438869227360278,0.011457458650673746,0.028156640997377802,0.3673281789917785,0.10630835985540837,0.03772572914043659,0.39762995269957535,0.06972505795891007,0.04680989831973433,0.6497657756489025,0.3520658419916266,0.5585862209499054,0.0,0.04237559099974231,0.3080747894580714,0.29241216303620376,0.1247594460555996,0.32340332980175984,0.0,0.5196904508665472,0.17285350018993537,0.26674938411224336,0.4678526463357814,0.36761605534363895,0.47978687142745374,0.5081302682134201,0.41505492342858014,0.25594658254599506,0.11778094714733427,0.0,0.09680474609886175,0.2942802776382883,0.39960212777899967,0.3971047189210989,0.31944172040923235,0.20519465131446737,0.13637532291617735,0.11451990475258224,0.33394672701008704,0.34914834996006633,0.3728867138060933,0.0414214106186168,0.09125580581561143,0.0,0.06985697643807012,0.27028211495866994,0.0,0.0,0.42570966296610857,0.05817947728297185,0.041529410389297895,0.29940877877162875,0.0,0.0,0.6483241175207038,0.17773569755927104,0.36927130921087137,0.022760505061310957,0.0,0.3428370164189747,0.16730353112788227,0.10045390469235503,0.31218317467759815,0.6938912440734337,0.40717680895174235,0.21730079756884807,0.3231689659110414,0.37170745310935227,0.4592578801421879,0.5614121767804603
0.2914861832841863,0.742920124961992,0.3813858158106276,0.03248247389012572,0.48237421792882385,0.6751473394251863,0.52950999472675,0.645770182685427,0.44267105958212405,0.5731738655284161,0.39220287686699734,0.6605867789671654,0.6991001258029294,0.3601761498524017,0.369555332754363,0.29416103331093824,0.5482044464658119,0.5938496924094915,0.260559528590685,0.495669148344945,0.580114497993048,0.5984780632613321,0.5141786883035706,0.7324639632499066,0.5196904508665472,0.0,0.2859243208706438,0.4954679190978608,0.22393704145264046,0.3905114723620786,0.43408986530408916,0.4448304252649623,0.37723879420572537,0.4513950249220311,0.2438798059968809,0.4017303689006805,0.3070807234939379,0.47127357749750637,0.19755988712624836,0.3694010512413442,0.1027924937370987,0.0,0.4467406072909787,0.00048019228380785786,0.4092083944668187,0.41257020936035665,0.5718881079242363,0.40348416507023993,0.24855449512552813,0.3179369799013997,0.4841541795872934,0.5039090464149999,0.6434789298509732,0.40650849354638097,0.6599743085622637,0.4324175381153179,0.6871825083736416,0.5317614142136826,0.0672309387860364,0.33545363361013214,0.5871366703785653,0.5872961202662091,0.4785545358002581,0.32065285449830444,0.4825474246434235,0.5625555866414285,0.5141510384866119,0.5192599758044866,0.5973404698418189,0.5455636552852574,0.8686322371088652,0.3694799593793758,0.4727987390762321,0.24808659391195054,0.3895146507064454,0.318247989514716
0.2619291030881789,0.0,0.7036373579710448,0.21109573872168552,0.5730069669146249,0.6583907458500047,0.7072777723087023,0.6049518402182603,0.640755677262445,0.6004316486444917,0.7847576334512832,0.6245359953425549,0.5428271514692402,0.0,0.8573112452464567,0.10540499648132626,0.4786612204934653,0.19090063685930375,0.489973190568299,0.727402028673204,0.6056942228783909,0.5484078485285511,0.8090690095960885,0.39282476277571177,0.17285350018993537,0.2859243208706438,0.0,0.7580670770743351,0.7420858806036914,0.4307909968442328,0.5166555647678304,0.0,0.4891482360192681,0.4814621224427371,0.10284433789752107,0.06104437040070741,0.0,0.3725219841481235,0.0,0.47508914854486906,0.0,0.0,0.0,0.0,0.3158670097697891,0.5133868922061073,0.8317007841102142,0.6918353088720094,0.07612028430943395,0.6676795580055691,0.8377811734645854,0.6529266760774335,0.5925040374009799,0.8237401704851386,0.6912184987534115,0.7952162109733307,0.5816160692538662,0.37302312575483165,0.0,0.9116470359618353,0.5309117404445121,0.6568133182742963,0.6227080752744656,0.5445918854827001,0.7813945525293171,0.7068808082725925,0.8709398391184907,0.8615982125906475,0.4329604131881033,0.7033489981760729,0.637561254918156,0.9823763910145059,0.48464466066050754,0.7353245697260358,0.03714918357417293,0.0
0.34850991177429125,0.027138575655245245,0.5930017075668754,0.3241842250790666,0.5950534016532197,0.672570506544096,0.7145095273960165,0.6727785987925143,0.5756029762165403,0.6708166171579671,0.6983018614885331,0.6845116720267973,0.7422897837109624,0.01245457493771308,0.6881595924793957,0.23361928860629716,0.5949172850332365,0.43420237417100294,0.4029907676019779,0.6502438306323982,0.6414302934863786,0.5756538748838302,0.6922535930695596,0.5401240366512717,0.26674938411224336,0.4954679190978608,0.7580670770743351,0.0,0.6298101310181807,0.5859815472073021,0.6307352628269509,0.12077169747608328,0.5297054030351838,0.5207707057789036,0.2695182261625422,0.2626885188374529,0.13355249528724922,0.44145897356453767,0.0,0.4832365712546879,0.0,0.0,0.1610274608637814,0.0,0.36553528000586605,0.5449406928988697,0.6920853364932462,0.6090578039454595,0.12532749532978535,0.5638442488780976,0.6938890212134982,0.5585006203748247,0.610392812476233,0.7062577231034248,0.7184017316487464,0.7102209022121623,0.6242957686787514,0.3707861369090907,0.0,0.7290974781106965,0.5686355117607557,0.6584784728731509,0.6888719012360315,0.48984354045242295,0.6620649681863038,0.7005912093247422,0.719791348873108,0.7614482938315659,0.5220506143148671,0.6063204289927363,0.6401951713755815,0.7405359287825418,0.5846242867190898,0.5621955653057918,0.22791012020516885,0.026112907250259366
0.590519615052649,0.0,0.30285593489802554,0.37602633316497136,0.2337588382050045,0.6474474078920383,0.49589371689655537,0.35804253133640496,0.27309741798121806,0.6524776421748979,0.4266434393092474,0.40398440024536014,0.5848029646080657,0.0,0.5222472153621438,0.5723518285289234,0.5593726279149852,0.42100483588342824,0.18744595550651863,0.352939949400802,0.6419483386776741,0.34063497030179113,0.6717842310859687,0.28047407677629727,0.4678526463357814,0.22393704145264046,0.7420858806036914,0.6298101310181807,0.0,0.5104079788008486,0.6403852110984067,0.18029537413162008,0.6068610950775544,0.41458775181334045,0.10535168843497608,0.0,0.0,0.21770362778063004,0.014491800278356603,0.5717547088612905,0.0,0.0,0.0,0.0,0.3709335187065277,0.6667460573753258,0.6747965380942367,0.3048316021712134,0.1781042495768716,0.46846026668998647,0.6370124844818514,0.4924330703576737,0.2910139614860758,0.43274451576046663,0.5118182066049445,0.39664450542209223,0.20498974104172224,0.4524370558059954,0.0,0.5818571794101377,0.6644747376280628,0.5164636026969033,0.6964085100980809,0.25606460823135385,0.3415679977845209,0.681275116546039,0.5487844160819797,0.5954295337667276,0.3944620768210923,0.6548993118177712,0.45165529164395773,0.7259013335556777,0.49776761595430064,0.8203828725928068,0.19741871823809384,0.13240516977990197
0.4714071004442363,0.2044864468269876,0.45758088315766554,0.0,0.3387069966320233,0.5066693358652006,0.2855540836669444,0.30558124029593997,0.4055854074724135,0.4843466948617495,0.43308631261450725,0.35154744000366506,0.4801602579164004,0.14636974846689982,0.4486801142882653,0.5013978008838629,0.3070097871251133,0.409889711201158,0.3755626622645549,0.4151924554079393,0.4698933969554782,0.53600445736002,0.36545562310735774,0.3497641373478016,0.36761605534363895,0.3905114723620786,0.4307909968442328,0.5859815472073021,0.5104079788008486,0.0,0.6407202749982743,0.31146386549478405,0.44814482696952257,0.5588680805975734,0.2407192859320292,0.11515016065501034,0.1980565839638089,0.15196733255622766,0.19656357823276813,0.39585930217234394,0.2620028951806862,0.0,0.13618150921882627,0.057869950884508914,0.3998544098621995,0.4342229136187724,0.3596586602777566,0.42697705439140055,0.1711203194246853,0.22188079756257473,0.32679769184835555,0.3492154461012451,0.27638466783969634,0.3512320670448925,0.4123181668211636,0.3436096640451951,0.31130366361371953,0.3321328821701873,0.0,0.39747139290999833,0.6003025238447731,0.3663198285132202,0.48097536323826384,0.4090609889881113,0.41421610507163253,0.5307356136158535,0.5145583829895412,0.36267069189559836,0.34593349937105616,0.4323261144217671,0.4573730857256836,0.37404386992979527,0.5275880414068329,0.38866301977035617,0.548856637066226,0.36947045870545836
