0.0,0.41711917751852945,0.48366670258514205,0.11796609656829883,0.0,0.37763611764557947,0.33986356647632027,0.1710829667218528,0.40451775096443954,0.3073358913619969,0.0,0.0,0.44115158685332057,0.0,0.5561768450691088,0.6834817667685537,0.42224388850209726,0.4144465726821158,0.19666058077053603,0.5947910104076471,0.621766491204467,0.6887423713421902,0.34671253146270087,0.33492737658297805,0.5069084391729239,0.6650068891723915,0.5730700984118056,0.525021392176144,0.5964303977882791,0.44782764195416186,0.6654028202415772,0.33208348911538355,0.42372595569138083,0.6034830455245322,0.3149491451938501,0.0,0.337034734244472,0.48900755455339745,0.32988602250254007,0.3245207976945454,0.4661419146397365,0.28686214613983413,0.3025046075176971,0.13636216766319084,0.18123477100228969,0.6614440058224361,0.5365581480851096,0.5975940400964259,0.0,0.13166291688075385,0.3983190784318513,0.2846881575485945,0.2202930272555205,0.36389306553939726,0.25957205008961737,0.2724869544217832,0.0,0.48593185191979776,0.06771118167184785,0.47682683932147707,0.5749689780406172,0.5207815232490096,0.4482487410933469,0.3090837602931465,0.4968636230055457,0.6156101387095452,0.5664350520227508,0.4068230370581695,0.2880267408366506,0.43607130157098617,0.6586294207428928,0.5009248471299736,0.48145288858711655,0.4827641681326175,0.3124920329036589,0.5748230610422935
0.41711917751852945,0.0,0.48587896005765946,0.1420648966496296,0.036782152321948654,0.8882159163096287,0.621567973209081,0.5729903615439186,0.36072261677158823,0.6561428377918819,0.1787795599106227,0.4618896955593589,0.7499905893078345,0.0,0.4060876386395602,0.40716654757381976,0.6962125574897218,0.7461634133226379,0.42977345656894844,0.42299604225567466,0.4776800920202537,0.43663556199721926,0.6099624903206571,0.4879246834960442,0.8293311497262281,0.8917536660170723,0.4401093234857506,0.36554488498900006,0.5875466457276328,0.37365161260953733,0.15173583484188843,0.2986942526778877,0.4409977965204149,0.2639480314343393,0.02790638251362936,0.22357521146408688,0.25553902765544856,0.2698912865017273,0.11341415326580868,0.2944456288100104,0.2446876896826308,0.1034363795374072,0.32724824650113177,0.0593121183016836,0.23691407030120548,0.062283012276331734,0.8249876541574501,0.4967258263602185,0.0,0.21877240836571182,0.6233999018838805,0.6121790976694012,0.5171565661500682,0.3020165456040562,0.510494868229885,0.31348763290659026,0.4185966576068606,0.578808675717405,0.14696615898229004,0.2519135122464553,0.45494279563792994,0.622455736494955,0.5289376311769163,0.4868559978440538,0.2828073996912647,0.3198462117610967,0.41130454682939493,0.46534815248610933,0.0819059832871941,0.5728771671224807,0.6482405795906472,0.48355733270786827,0.21559027749321663,0.15179200780735988,0.16981825388155572,0.1915639785850319
0.48366670258514205,0.48587896005765946,0.0,0.3831703069575422,0.27975240274596563,0.5119493036440567,0.6155091184441878,0.2342508188370742,0.7958422941600443,0.5548226548861154,0.39126573038031454,0.0,0.685982753712326,0.0,0.7715748051859235,0.5279592473806333,0.6318054282256723,0.5805006395847169,0.5812680496792402,0.7793250254289956,0.6371539501748157,0.7694956790962473,0.4025259383074127,0.09558329644125726,0.4755222371040609,0.5186349406416415,0.7767109495219093,0.7686871907985665,0.6942080754619412,0.6433071508036687,0.5100262467748757,0.07906818482890858,0.05918437461763456,0.37747127397759217,0.0,0.27180448200068336,0.5825642289438352,0.4859907892407329,0.0,0.0,0.1614034447771868,0.24076627906054623,0.31400258119547886,0.1733386336095512,0.4062130720766288,0.31092286411553166,0.5982062554344639,0.9275739268026775,0.2249231264643363,0.6107281335935167,0.3531849729581465,0.46109227522339247,0.28380539559369067,0.7560949575121279,0.45319457233093025,0.7225891398616663,0.17824699921086093,0.48648820922735986,0.18317981284198867,0.7134894114469045,0.6882613584401176,0.49369691612667754,0.5095264429595914,0.740580797117147,0.7772347583387041,0.5841012580359694,0.8573849296511049,0.5088488596414426,0.0,0.4920647890290514,0.5036745556879818,0.7068502784948987,0.6453169239042434,0.4489022059725036,0.10400624921058685,0.4306399441778898
0.11796609656829883,0.1420648966496296,0.3831703069575422,0.0,0.27478377734618425,0.15731312368483819,0.49887070996021693,0.0634238662167437,0.3444345670577507,0.4393906877429115,0.1693082520227971,0.0,0.4057574891829423,0.1310936250021832,0.45017894288229965,0.14962944187750174,0.2752223879527046,0.2627587131211325,0.2773485996894049,0.2933730925412339,0.4260168694355918,0.2749887752302239,0.1542368222051984,0.0,0.20199706092119352,0.10184370141301993,0.3560019674739273,0.5700513690961435,0.3860403913806223,0.3045294712550439,0.30369252167021243,0.0,0.0,0.17110845128359997,0.0,0.20791890053736553,0.48993004167308624,0.2567531004933469,0.0,0.0,0.0,0.36038012514175133,0.09654666938497228,0.30557199979115546,0.3361786893556652,0.17177236606542137,0.2697341039465385,0.37386659649956516,0.43017694198761447,0.4699980045659425,0.023661727367113375,0.18644993836039916,0.0653183472757749,0.33987247230339557,0.35942180400773055,0.3135879165868995,0.1853946384127247,0.09524210388366475,0.1676913224230013,0.41316313484604167,0.32115150285072636,0.10939213924406942,0.06899647599469202,0.32535597998335486,0.28800995239079646,0.43252659404897825,0.3705679674264937,0.24964184466578349,0.0,0.31742790570549584,0.15144424189804212,0.3529477374308115,0.21131173483774374,0.27606637474247503,0.0,0.11007407223608365
0.0,0.036782152321948654,0.27975240274596563,0.27478377734618425,0.0,0.004595637704202012,0.4002958984039861,0.0,0.5204286628419451,0.15903967084051635,0.7171368281415034,0.17333261207132766,0.17980637652165485,0.43115681377594295,0.05883645364479466,0.0,0.20803590286821244,0.06654163457790642,0.4989677332058031,0.0,0.14514875001077854,0.12594891007305403,0.0,0.0,0.024167173436041522,0.05718389166210796,0.1526347681446015,0.17222435489557003,0.09664885635825742,0.11427185167044364,0.0,0.0,0.0,0.0,0.0,0.0731783667124351,0.007150116314385418,0.0,0.02439180919407496,0.0,0.0,0.0,0.0,0.008927881427063166,0.038407489665610986,0.2226804985923952,0.02522959399878087,0.18359813202594308,0.4155385987731974,0.7743259585802313,0.0,0.0,0.0,0.5643440369526558,0.1828916348436215,0.6604815637585676,0.22186685824015676,0.0,0.031107565330292308,0.16247155313506992,0.011905522166891943,0.0,0.0,0.4068999852496619,0.18841657613300103,0.10721712198372682,0.1801395926614928,0.0,0.0,0.0,0.03429173366963134,0.10569088205278897,0.1532013872537555,0.2369472793890921,0.0008547575951129521,0.08500083314578423
0.37763611764557947,0.8882159163096287,0.5119493036440567,0.15731312368483819,0.004595637704202012,0.0,0.6145346653233885,0.8125786794577408,0.4399777503466728,0.5945975616649531,0.15540010819756098,0.4959852760821471,0.7250841159854434,0.0,0.49090526931861156,0.2643387937962018,0.6618092698150859,0.5749326445492609,0.4176121999674501,0.48319101402574477,0.5806592102475343,0.4270505394774363,0.8354109030335002,0.6081887658658428,0.6790117857231542,0.7861662456729743,0.5226876090428682,0.36082230447710334,0.5910877310190821,0.528976990275615,0.1584794989636813,0.28725960974978365,0.3923563224990303,0.31771586663366885,0.04892514899774905,0.32818807096271996,0.28450724171054864,0.3723509864062137,0.165034578591213,0.27674226606152647,0.289525427912013,0.04799570345964243,0.5289071135488026,0.11764242032637504,0.2806551928158952,0.09665959495367797,0.7672437015332499,0.5681906200669969,0.0,0.23678078111884254,0.8032944328912046,0.7137076968108547,0.7855045679233066,0.35512021488798823,0.5675921056670343,0.3739807408993091,0.5625193673101527,0.6307060721768561,0.27640294757049977,0.3150793431859323,0.4487104881763199,0.685262027131797,0.4661898094598911,0.5183346284797238,0.3137607276250682,0.4491159285055113,0.4117416563917547,0.7169122847702675,0.2888058511221807,0.5843453168941732,0.732694631673702,0.5373763528133885,0.2155755838574612,0.15113642286286022,0.2874974248707453,0.2112823196999583
0.33986356647632027,0.621567973209081,0.6155091184441878,0.49887070996021693,0.4002958984039861,0.6145346653233885,0.0,0.36224824367200237,0.6376998114582626,0.6847242527124537,0.4064294484477813,0.26740252393741853,0.7703708815840751,0.05771594806499553,0.5590727829056715,0.4058347454347282,0.7026948706510052,0.6377735379430105,0.5538416140373487,0.4671691800720625,0.6658972700228307,0.5050834019271395,0.3825764818958219,0.15530131624179844,0.5995736656207145,0.5749041081015132,0.5472637039303474,0.6215607268111731,0.6520785826188796,0.4792662597675424,0.34941186059507234,0.0636350223060434,0.08519665721537775,0.25395517659037226,0.0,0.2336304464843153,0.41453880399882254,0.34245022838473044,0.0,0.0,0.03339436070824686,0.26802868420738607,0.15006374950700538,0.13087810488122503,0.37385399936535724,0.20900504697448158,0.5608026390520755,0.6229656010321893,0.4486996730211263,0.6034477348786604,0.25801216542061073,0.5863055516504802,0.3272927682042033,0.5999642779498696,0.5774126526573438,0.5348084633547964,0.4092985295269877,0.4424754478380897,0.11212267993192665,0.48639136496242785,0.5141168146911577,0.41570746004663495,0.4109414187526027,0.6025254751981578,0.45067962913393433,0.5340124129084054,0.5527598696470089,0.35818236588187363,0.0,0.4939108986140881,0.46250974510976356,0.5343305994103111,0.4404912652314602,0.28394647801550343,0.0,0.21609805464630288
0.1710829667218528,0.5729903615439186,0.2342508188370742,0.0634238662167437,0.0,0.8125786794577408,0.36224824367200237,0.0,0.1423087630029961,0.3283493628515255,0.16198639764129033,0.7203139326059178,0.37736268950977686,0.09368316017330516,0.2201506560045579,0.0,0.46300682540267596,0.28787395000171806,0.4180110413856376,0.17803848276027412,0.4463488868733832,0.1535176761630463,0.8534717734341236,0.7684797257868294,0.2662406980337976,0.5415860929670187,0.12621714025840905,0.1461151020113337,0.1355502691473806,0.42532628303983344,0.0,0.19368024250636431,0.3941818976216679,0.1101458377553373,0.08150232185698589,0.4398254565458092,0.08115592914851397,0.28224936035256254,0.19600924265976039,0.30001339385654086,0.1614771186856482,0.0,0.46783627055851734,0.0,0.23064284926962508,0.01105363401324278,0.4777415451575378,0.2686125676511445,0.03677697608245067,0.07384819685386017,0.6492277453593084,0.4462018435092919,0.9059437140531552,0.0537764171655172,0.31833189348213803,0.24347340635774287,0.6982658164390707,0.3720111060811666,0.3744477418705611,0.11451171819647579,0.03186993692079725,0.5326854722280927,0.24465372122484838,0.45024932219182406,0.03008311288631734,0.35340484612378203,0.13787248982924058,0.6508213203506665,0.4855620517342344,0.24359362368740814,0.5837990240290005,0.16722021406652376,0.0,0.0,0.3177655901339889,0.0
0.40451775096443954,0.36072261677158823,0.7958422941600443,0.3444345670577507,0.5204286628419451,0.4399777503466728,0.6376998114582626,0.1423087630029961,0.0,0.41276606797338156,0.3642877171125808,0.0,0.6500142803373492,0.0,0.6795076898190163,0.4557396177182633,0.5477597458238574,0.43282867901160355,0.5145746594217802,0.7443938950504396,0.47800846482601783,0.7129188011701462,0.2931212692129446,0.033227762843637286,0.3779409001768167,0.40712070903144576,0.8099953634856379,0.7150500671731876,0.6579378427824504,0.5318533652173868,0.5011995328503726,0.08126762625496736,0.0,0.30415806185420124,0.0,0.17365549264403554,0.4920450500664082,0.4533671059849367,0.04417062820838828,0.0,0.22554255092513414,0.17802403862102484,0.32230725090193585,0.28557095382046616,0.29905162128123786,0.3140631223787852,0.5565594330758746,0.84004090178409,0.16120076475784803,0.7326933125552131,0.36433805358895127,0.49133080841322907,0.20957376055972177,0.9744171506934171,0.44253379874979365,0.7408834992274578,0.09453336796311747,0.5399337046051941,0.1182512988786689,0.652199785379225,0.66155241057879,0.4800266224962307,0.48155865219662175,0.6167449069476599,0.7817722601599871,0.5106330190664787,0.7767669494080776,0.42681617527756305,0.0,0.45788820081411047,0.5105475473259843,0.7378118759408436,0.6768075728412865,0.5802503979668797,0.07455092759082085,0.5044994104590907
0.3073358913619969,0.6561428377918819,0.5548226548861154,0.4393906877429115,0.15903967084051635,0.5945975616649531,0.6847242527124537,0.3283493628515255,0.41276606797338156,0.0,0.20708076588381968,0.3002962268566916,0.7567789708103033,0.0,0.5588160683702683,0.3217627513322258,0.7958194311990876,0.7252298360285844,0.41455231836931355,0.45654632346194035,0.6500879363599555,0.4240071053632477,0.36616731270206765,0.16000189012236626,0.6644313259772513,0.6030607879041608,0.5179252307658954,0.5408677243170285,0.6526137462826549,0.47999335298554824,0.32474415519421257,0.0,0.1569597121073767,0.26822396159572315,0.0,0.21003497258344248,0.3776893869175869,0.4172898765073031,0.0,0.09094174069234236,0.07272844325358926,0.31876428267443907,0.18401102284777118,0.07343029397441558,0.49807121113004627,0.04816553388883244,0.6554583005474756,0.5762004924734337,0.2060578160805782,0.42800615161108124,0.23410947542681096,0.5719591604964486,0.2947032832708003,0.3570683665069692,0.8037261085210345,0.39851975917277566,0.4886941554353983,0.43785432069650304,0.019110435234196744,0.39583659650848985,0.536854371315284,0.5812616390539341,0.5061950864383967,0.5513586688382756,0.35635681050671997,0.4575628046877101,0.5164243863073241,0.34199765358991907,0.0,0.6382110622240463,0.4588381564892507,0.5078353275828905,0.25611457179048924,0.2096700698503842,0.0,0.16169343213454587
0.0,0.1787795599106227,0.39126573038031454,0.1693082520227971,0.7171368281415034,0.15540010819756098,0.4064294484477813,0.16198639764129033,0.3642877171125808,0.20708076588381968,0.0,0.3408805730644887,0.15377504226115613,0.45443428699190713,0.032220186958710435,0.0,0.21187036749640173,0.14086357250251358,0.7395390820931708,0.0,0.11683379391871282,0.017758903604544487,0.0048329818744018175,0.04081342882730583,0.145275887104701,0.13269228810444533,0.03674208778089832,0.10889745728789857,0.025085396423300866,0.189503914508388,0.0,0.0,0.04218733047321325,0.0,0.0,0.2055503857907675,0.0,0.0,0.014334377181519904,0.054376425762968285,0.0,0.0,0.0,0.0,0.07233992190294047,0.09943408265661287,0.12373825630399825,0.16914200389143524,0.28429855631984935,0.5954545619465342,0.0,0.038659172803425165,0.02399586510125348,0.36461744469319207,0.14460707700203,0.6871598509247563,0.29500144483630225,0.0,0.09617652679829052,0.07142880119003257,0.020746496231493338,0.0,0.024587368336725042,0.525790986324749,0.07619774984063343,0.027037464725053934,0.1303595671886321,0.0,0.0,0.0,0.04195963496891763,0.0253590497239644,0.039750274278128786,0.0,0.028084039214432373,0.008832205264793988
0.0,0.4618896955593589,0.0,0.0,0.17333261207132766,0.4959852760821471,0.26740252393741853,0.7203139326059178,0.0,0.3002962268566916,0.3408805730644887,0.0,0.22457455806652935,0.30152765804404547,0.0,0.0,0.3910467054598286,0.2723840662279471,0.4006478757379166,0.0,0.1093934772665777,0.0,0.384346847672167,0.6618069904627416,0.03705149026767307,0.42401987516446116,0.0,0.0,0.0,0.2351051282142212,0.0,0.1837476656140189,0.41496381543627403,0.0,0.0,0.37285851868193237,0.0,0.020770312749901317,0.13910294019838212,0.35389191552652965,0.0,0.0,0.0,0.0,0.10294438224493745,0.0,0.15177299841536632,0.0,0.2119412269715883,0.05054315204856277,0.20426587741401583,0.19530480924946514,0.48916725581483417,0.0,0.14351176884368286,0.1340906158875712,0.8481962595935926,0.0415380555469809,0.07802599955218205,0.0,0.0,0.24196612569170423,0.0582330132033824,0.3330072912686017,0.0,0.0,0.0,0.09414721314462464,0.3207391334839885,0.0,0.2686336474845341,0.0,0.0,0.0,0.20317948116703122,0.0
0.44115158685332057,0.7499905893078345,0.685982753712326,0.4057574891829423,0.17980637652165485,0.7250841159854434,0.7703708815840751,0.37736268950977686,0.6500142803373492,0.7567789708103033,0.15377504226115613,0.22457455806652935,0.0,0.0,0.7026703095772165,0.5562800657284804,0.8192023733463437,0.8102213014337206,0.43774075727503026,0.6907040839845766,0.7016411338668362,0.68626981519103,0.4771727523580825,0.20813643477580906,0.6214019816939332,0.7311893148579556,0.6643077774995438,0.7970172251406975,0.8140269893032362,0.5286383182442148,0.45829125477481564,0.08601696446119232,0.12622608834509533,0.4174465544752705,0.0,0.2615379526344174,0.5685862737000336,0.477971014595414,0.0,0.01453317252077226,0.172973167103398,0.2973557082760295,0.3837588164527452,0.24658276181005218,0.43000377073836277,0.1455625613265089,0.7332820282608664,0.7418071615295463,0.1962281925246155,0.5018389229028049,0.4771817569833074,0.5731679511436142,0.4169783186338977,0.6098267886161428,0.6243048653814395,0.5136274008811824,0.3972851915789408,0.713267230573933,0.11957269392569239,0.5824333895191391,0.6050240345427138,0.6778247212401135,0.6387858147624255,0.5824045386606235,0.6047743037951622,0.5829235632675198,0.7099061625994466,0.48355559664587633,0.0,0.5525983627928692,0.6547519777826599,0.645286845598951,0.5767229546429847,0.39490282577148345,0.019588114428304666,0.28703096778986315
0.0,0.0,0.0,0.1310936250021832,0.43115681377594295,0.0,0.05771594806499553,0.09368316017330516,0.0,0.0,0.45443428699190713,0.30152765804404547,0.0,0.0,0.0,0.0,0.0,0.0,0.2430155324346602,0.0,0.0,0.0,0.0,0.0,0.0,0.0,0.0,0.0,0.0,0.0,0.0,0.0,0.0,0.0,0.0,0.16416614796161996,0.0,0.0,0.0,0.0,0.0,0.0,0.0,0.0,0.0,0.0,0.0,0.0,0.3774382194683239,0.18862789726763585,0.0,0.0,0.0,0.0,0.0,0.13729691023634277,0.33837643213948954,0.0,0.31053376625852663,0.0,0.0,0.0,0.0,0.06282972543629296,0.0,0.0,0.0,0.0,0.0,0.0,0.0,0.0,0.0,0.0,0.0,0.0
0.5561768450691088,0.4060876386395602,0.7715748051859235,0.45017894288229965,0.05883645364479466,0.49090526931861156,0.5590727829056715,0.2201506560045579,0.6795076898190163,0.5588160683702683,0.032220186958710435,0.0,0.7026703095772165,0.0,0.0,0.591509866942444,0.616085465218923,0.5628500390808205,0.29777495353039884,0.9237440621602034,0.7705426249848024,0.8412294493046175,0.4121158278458032,0.06263602838672322,0.426816325417462,0.5137130719495197,0.8376498961700878,0.8360555035303145,0.7881783278159115,0.6905971858597069,0.7088157144285607,0.14464073904247193,0.03543519354959048,0.6153982915910984,0.0,0.28141106276640965,0.633791562779856,0.5697155160274517,0.0,0.0,0.255320356392893,0.24576603463992516,0.5373226660074614,0.2943027907533568,0.3892449533501623,0.29982850104744935,0.6173495526921051,0.8051983828328945,0.19930331559688305,0.49185638874336096,0.41851946552260366,0.5368913511700788,0.35547492783718937,0.6409735534217457,0.5232458166770831,0.5157627805479165,0.12854522842956975,0.618516444359167,0.19224351973017823,0.9371362277017327,0.777528991329804,0.6238328345725793,0.6039769891959028,0.5810247723852066,0.8487317363624769,0.7640129610481989,0.9094292159237677,0.5748530199312909,0.0,0.5924700465055884,0.6194782010770532,0.7770444193075143,0.7260185961574367,0.5673902660908804,0.13802123449771492,0.49108153168942054
0.6834817667685537,0.40716654757381976,0.5279592473806333,0.14962944187750174,0.0,0.2643387937962018,0.4058347454347282,0.0,0.4557396177182633,0.3217627513322258,0.0,0.0,0.5562800657284804,0.0,0.591509866942444,0.0,0.4583906982824225,0.6735972276417821,0.16283871374403167,0.6448849290928611,0.4826674388863556,0.7475681465667713,0.13131664037702614,0.0191352031594534,0.4911370536621552,0.5244583557557794,0.5854602324428435,0.6312575276685841,0.6907313532872842,0.29842640973178747,0.7495525845885476,0.22947156135685212,0.2699119731235059,0.643921956949468,0.24137867784918698,0.0,0.4229015487733678,0.4337947969370022,0.11790352016026646,0.12192470970475613,0.34638944116409537,0.26113749116931695,0.253471130765135,0.18368054530102707,0.2158051165404714,0.41292937602126056,0.5074790438406945,0.6074037923383419,0.0,0.1883208965027485,0.251229983216142,0.2672625729146042,0.02130833643912292,0.4443152669375187,0.2572206087901896,0.2414288233302165,0.0,0.4930030038470642,0.0,0.5312798878983171,0.7557698992213793,0.4282601039206993,0.5885755886931384,0.2839847069752741,0.5932625190938442,0.42635362178528324,0.6562912971772629,0.23524287462081325,0.0,0.41946541029134843,0.44046279255547643,0.5094159955024959,0.6030022636150953,0.5367449527264194,0.1737234466851963,0.574826416286805
0.42224388850209726,0.6962125574897218,0.6318054282256723,0.2752223879527046,0.20803590286821244,0.6618092698150859,0.7026948706510052,0.46300682540267596,0.5477597458238574,0.7958194311990876,0.21187036749640173,0.3910467054598286,0.8192023733463437,0.0,0.616085465218923,0.4583906982824225,0.0,0.8339495662618863,0.4935701950977426,0.5807568169643265,0.6450695591722975,0.6269902727870964,0.41180657752073,0.3522922614812554,0.5644625553305549,0.7110395062607795,0.5497142318707655,0.6215658839197558,0.6356644035343008,0.5365158366716605,0.4006916558818871,0.15128568426943184,0.2322245609322343,0.3612437049807436,0.0,0.2612196142835986,0.4283397753626611,0.4383037154083999,0.010457791621453041,0.11449114489029603,0.2191841066246529,0.20915423540220088,0.3320029828461369,0.14033793792910576,0.34961392839795463,0.10181603329266882,0.6714687337184382,0.6403607871886313,0.19488208552525507,0.4093053500758742,0.4068178396170601,0.5594420044443345,0.42626728368620803,0.4776999939979402,0.6796305732590802,0.46017412401979924,0.5294189853657402,0.6185890416737778,0.04204579286966825,0.4996543272691318,0.5427265384018403,0.7347848712927502,0.6561630404818094,0.6162956930280632,0.5109897796996121,0.4806907687646909,0.6366072965451751,0.3873934765670354,0.014560625017398715,0.452974174276506,0.6129996441158726,0.5016133949699514,0.4759372284119286,0.24835234919778618,0.1223828198854459,0.2906227560576652
0.4144465726821158,0.7461634133226379,0.5805006395847169,0.2627587131211325,0.06654163457790642,0.5749326445492609,0.6377735379430105,0.28787395000171806,0.43282867901160355,0.7252298360285844,0.14086357250251358,0.2723840662279471,0.8102213014337206,0.0,0.5628500390808205,0.6735972276417821,0.8339495662618863,0.0,0.39202319355517473,0.5210137714968587,0.5596042182208564,0.5720465834717041,0.3129615705659583,0.2863182012093374,0.6154788560379846,0.7227955077855206,0.4841458756716876,0.5791145745415409,0.6785567257987187,0.4046631637140729,0.4224340134642202,0.13193997479981429,0.32092992571412715,0.39562330482430547,0.0,0.1704658452307298,0.36569404865349603,0.3716277001844448,0.0,0.16329937118260118,0.17673286960841905,0.21111992618511558,0.2584316852072019,0.0820793953726196,0.34652407019186365,0.05450224084160801,0.6400187735840317,0.5890560374317554,0.12861624976973293,0.277739269985525,0.28317403711308226,0.4168844669357601,0.24747786278891457,0.3806492348096179,0.48171736506699564,0.30365119188155193,0.2675984024069546,0.5452108518128224,0.0,0.41111685468210607,0.5789614165401684,0.6123199205157367,0.7279689976779691,0.48940244448602715,0.4085065109070094,0.37072207483376163,0.556591991240794,0.24367849392811422,0.0,0.4327027583826489,0.5000753642620773,0.40699583744956064,0.42445396079787556,0.2087949845587588,0.034646950437372225,0.2424040343994702
0.19666058077053603,0.42977345656894844,0.5812680496792402,0.2773485996894049,0.4989677332058031,0.4176121999674501,0.5538416140373487,0.4180110413856376,0.5145746594217802,0.41455231836931355,0.7395390820931708,0.4006478757379166,0.43774075727503026,0.2430155324346602,0.29777495353039884,0.16283871374403167,0.4935701950977426,0.39202319355517473,0.0,0.271044981834666,0.4076622532118984,0.3833907403348803,0.29852692420636445,0.20870810866539344,0.261436701607016,0.39215048054492574,0.26482179754674745,0.3980034456694568,0.28265469564133816,0.4977208309218257,0.065522839970437,0.06874342210623766,0.23349205384449734,0.08333965594213263,0.0,0.23264352934348465,0.13288458644592474,0.18448752223655146,0.06557549370521966,0.17808811642460662,0.023243951687762374,0.1544739188075161,0.02013968516418622,0.024449781825097393,0.18094143170114,0.17496447424243453,0.387214791067896,0.46340570956131044,0.38168862619057553,0.5155972092507043,0.17641390970619142,0.260585486853852,0.2907536204034754,0.44313874381307217,0.36794319171006673,0.6153302135066978,0.45086547910033115,0.22199873469259448,0.13623377147672544,0.2881997883743544,0.23669679493048512,0.2404251151985441,0.23628605592842902,0.837746918316932,0.274871473456524,0.30110096149872134,0.4119672529003173,0.21340561588838428,0.038010932785888005,0.17589375144179709,0.30779260668958125,0.21396142231585485,0.24917292479126155,0.07402560459043839,0.17074615407274632,0.1368794396885149
0.5947910104076471,0.42299604225567466,0.7793250254289956,0.2933730925412339,0.0,0.48319101402574477,0.4671691800720625,0.17803848276027412,0.7443938950504396,0.45654632346194035,0.0,0.0,0.6907040839845766,0.0,0.9237440621602034,0.6448849290928611,0.5807568169643265,0.5210137714968587,0.271044981834666,0.0,0.6762493119932309,0.9755190377036578,0.4051129920940577,0.07513401738497844,0.43013346841711175,0.48355996506860793,0.8702418630394676,0.8243885183116848,0.8018593871468852,0.6426472146663581,0.7379689389700291,0.18543610576832448,0.031258044348427945,0.5776536445468967,0.08914816994137062,0.2202046191842353,0.6467445053543095,0.573755819952161,0.01708578376113183,0.0,0.32206500527435317,0.3534455468900913,0.5145264764102804,0.3029095742231283,0.36825399732074904,0.3541376372656116,0.6326778098265192,0.8556123807386868,0.044754563756549855,0.407707448693634,0.46057893953501333,0.48824589804936724,0.3204806233432708,0.6707847574449394,0.4680619758327099,0.46831094575230514,0.03474446219038695,0.6364384402526534,0.1291343045130099,0.8387458447822906,0.751683043842861,0.6080210165907779,0.5561649873349904,0.5234914917117643,0.9659059593404006,0.6956685823161566,0.9681290289023498,0.5902201165000844,0.0,0.5586960532947894,0.5978076663620981,0.8277137060514412,0.7632362352504207,0.6204985080960245,0.1535929831433065,0.5752230704219964
0.621766491204467,0.4776800920202537,0.6371539501748157,0.4260168694355918,0.14514875001077854,0.5806592102475343,0.6658972700228307,0.4463488868733832,0.47800846482601783,0.6500879363599555,0.11683379391871282,0.1093934772665777,0.7016411338668362,0.0,0.7705426249848024,0.4826674388863556,0.6450695591722975,0.5596042182208564,0.4076622532118984,0.6762493119932309,0.0,0.6866517957198238,0.5848484750686593,0.27255451498760624,0.49374280836055384,0.6216810153128663,0.6595926664627396,0.7017509805018101,0.7651435689908801,0.6574754837772443,0.6234441522017916,0.20876597788243184,0.2553600546575563,0.5867572068672191,0.0,0.21725660715182568,0.4796004848251061,0.5778101004584635,0.049041764398071175,0.08139031459680356,0.23393900887429855,0.34749709743126883,0.3843760204443948,0.12647529674336264,0.43339313568635135,0.4764238753704987,0.6136951259970099,0.6704771191405865,0.24255608505192694,0.4559109043659641,0.42212329445127145,0.4766708492026148,0.5355320642810355,0.4760486226745427,0.6035462483213719,0.517939425586973,0.34921571667831336,0.5757199702015573,0.1793918015759732,0.6742640778940494,0.5794935484439587,0.633210493326131,0.466628556201572,0.5938049014895561,0.5761785935711446,0.9322234526519648,0.7124408185356182,0.6254104532423275,0.09932416225497746,0.5344914787465215,0.6780917402626726,0.6067534363445843,0.49156452276000423,0.4357275927326337,0.21809958571375893,0.4264717836740481
0.6887423713421902,0.43663556199721926,0.7694956790962473,0.2749887752302239,0.12594891007305403,0.4270505394774363,0.5050834019271395,0.1535176761630463,0.7129188011701462,0.4240071053632477,0.017758903604544487,0.0,0.68626981519103,0.0,0.8412294493046175,0.7475681465667713,0.6269902727870964,0.5720465834717041,0.3833907403348803,0.9755190377036578,0.6866517957198238,0.0,0.3180087523045532,0.07586275587536348,0.41988749738164083,0.5546523656980196,0.8102942731209708,0.8407704573096326,0.7582458943992777,0.6144534865810554,0.7415833791286887,0.28356903254543875,0.13177049123597703,0.5978038446110605,0.12238079211153101,0.17556752224058614,0.5711424618764358,0.5384179589046235,0.1058461775946334,0.011637035644133327,0.329979122870429,0.33116181216985713,0.40601513645590065,0.2648174950093223,0.27930342778262524,0.46477902509227426,0.6212796009909911,0.8246949570930246,0.14543251073407504,0.4367533221037333,0.41104875127476825,0.4100274507109258,0.24881709999560755,0.6470311980700845,0.41196221035776814,0.5112104430524939,0.05131892470264201,0.6020092575058218,0.12387494613438464,0.822119599256006,0.6998973393765239,0.5577717269140191,0.5326406485641028,0.5875154660660804,0.9298073567834765,0.6889151666188298,0.9689848162126256,0.4811134962014191,0.0,0.45325113808879497,0.5938638381560329,0.744818794360322,0.7658851896364097,0.6149491761270187,0.20365116411411516,0.5973812229908975
0.34671253146270087,0.6099624903206571,0.4025259383074127,0.1542368222051984,0.0,0.8354109030335002,0.3825764818958219,0.8534717734341236,0.2931212692129446,0.36616731270206765,0.0048329818744018175,0.384346847672167,0.4771727523580825,0.0,0.4121158278458032,0.13131664037702614,0.41180657752073,0.3129615705659583,0.29852692420636445,0.4051129920940577,0.5848484750686593,0.3180087523045532,0.0,0.5791038753673311,0.4506771154248911,0.6145821218655375,0.43208712641102315,0.29814481297641665,0.4428452875893467,0.4362500826407398,0.14579906724109715,0.2548375131081666,0.36121325133976956,0.30471425382528977,0.08622065319149726,0.30154823550909204,0.25374956703937795,0.40196917145516936,0.13623634142561583,0.24002328453949753,0.2878687666417578,0.06740378316925102,0.5183527564265537,0.03351182440878048,0.38398216170932725,0.1799500569883652,0.6228318153752471,0.46527431491449583,0.0,0.17176311140943498,0.7704220367154408,0.5150074836157436,0.916583087575761,0.23926486731911428,0.37995369167546317,0.27770572821701756,0.47476888215090396,0.5124596722826703,0.46212336596421055,0.28091070329313444,0.3157933246852938,0.6041683878238563,0.34140468295134774,0.41463759354794477,0.22216631760557515,0.5570140926124038,0.3139340903155419,0.9405111859385695,0.36541232678790425,0.5044757904348437,0.7005452362628365,0.44994875672767876,0.10353963746498113,0.12886113414983602,0.24680949885829542,0.20113304971088108
0.33492737658297805,0.4879246834960442,0.09558329644125726,0.0,0.0,0.6081887658658428,0.15530131624179844,0.7684797257868294,0.033227762843637286,0.16000189012236626,0.04081342882730583,0.6618069904627416,0.20813643477580906,0.0,0.06263602838672322,0.0191352031594534,0.3522922614812554,0.2863182012093374,0.20870810866539344,0.07513401738497844,0.27255451498760624,0.07586275587536348,0.5791038753673311,0.0,0.23586058981244656,0.6130060464497594,0.021857089947156388,0.0,0.03277415211917453,0.3037292198112653,0.0,0.29356309086217397,0.6159355808993031,0.1388683869966241,0.3138367076421742,0.30381203196611406,0.0,0.2073589078388666,0.44260230695053837,0.5621389642539792,0.3045029319681572,0.0,0.34595384241684357,0.0,0.04522453699243725,0.12168021875349844,0.32740238520048837,0.13529869918086204,0.0,0.0,0.6001700711492756,0.2951205106614715,0.6551659872329341,0.0,0.1804228333751483,0.04251575147652629,0.44412943766012103,0.3599581736821533,0.13588162099528586,0.0,0.0,0.5460806426984032,0.3266997152067864,0.19709811104584715,0.0,0.18234885731610417,0.0,0.3649622835164486,0.8011757903777933,0.10009310579159496,0.5945990994533876,0.02649309341991623,0.06719166840305378,0.0,0.469163148900573,0.11668425368230874
0.5069084391729239,0.8293311497262281,0.4755222371040609,0.20199706092119352,0.024167173436041522,0.6790117857231542,0.5995736656207145,0.2662406980337976,0.3779409001768167,0.6644313259772513,0.145275887104701,0.03705149026767307,0.6214019816939332,0.0,0.426816325417462,0.4911370536621552,0.5644625553305549,0.6154788560379846,0.261436701607016,0.43013346841711175,0.49374280836055384,0.41988749738164083,0.4506771154248911,0.23586058981244656,0.0,0.7229802770481649,0.5686304351107968,0.32818114979211405,0.6964203386915059,0.27584026921117405,0.2426444620833184,0.16129614900309724,0.3194473274995227,0.2245619417025811,0.0,0.01891968955192461,0.23268239194395565,0.22295016638171472,0.003986247705869103,0.21185223307370424,0.24632327738958307,0.15013119070368997,0.22754323798599618,0.014605121879227738,0.1657949230575426,0.21015050154727935,0.8199910052613781,0.49579807369494255,0.0,0.2039590025865155,0.40646606995426476,0.6041725060533429,0.28251987674315665,0.3460885548232248,0.5917512704082442,0.26597364625063397,0.05685651936477582,0.48703491268061067,0.04265974039795402,0.2551069464560786,0.6360684386709619,0.49446882266173225,0.539522823560775,0.3666844127025396,0.2821640029141538,0.35093914268071075,0.3775566088481944,0.39993170369284226,0.020560080610706345,0.8284183526030724,0.4818544873980835,0.5893297618284692,0.21823799379617526,0.3552167118020411,0.03230542440373384,0.3229576236670567
0.6650068891723915,0.8917536660170723,0.5186349406416415,0.10184370141301993,0.05718389166210796,0.7861662456729743,0.5749041081015132,0.5415860929670187,0.40712070903144576,0.6030607879041608,0.13269228810444533,0.42401987516446116,0.7311893148579556,0.0,0.5137130719495197,0.5244583557557794,0.7110395062607795,0.7227955077855206,0.39215048054492574,0.48355996506860793,0.6216810153128663,0.5546523656980196,0.6145821218655375,0.6130060464497594,0.7229802770481649,0.0,0.454746624278363,0.4450101182643928,0.5707953688021927,0.4456921244272636,0.28849815770505083,0.3678851438622874,0.578329608051722,0.37442583819202463,0.15384133767347613,0.18846746185027805,0.24264082706233528,0.4032614025578656,0.25708989156222667,0.43968142164705976,0.3889088978957461,0.08306503612508383,0.3293682760457947,0.10062745956809903,0.25625319568860616,0.2822123579263454,0.7867184267901249,0.5633831375748093,0.008230336156884488,0.24539278653175106,0.6496324504992809,0.532528095594549,0.5004656544315753,0.3728948521455516,0.4574020835876012,0.3523984965392626,0.3428652892990858,0.6667294359165435,0.15102418647551172,0.40405853432309585,0.4866062493039417,0.7282935924335376,0.6458878626810916,0.520197907449365,0.36322934106086024,0.48050383611437614,0.4934801435079666,0.5026040116955586,0.29667198975373904,0.5063670292362893,0.8623380569189003,0.46574223357680083,0.37883542085307503,0.2328498590477264,0.2742045252477886,0.3101969834541429
0.5730700984118056,0.4401093234857506,0.7767109495219093,0.3560019674739273,0.1526347681446015,0.5226876090428682,0.5472637039303474,0.12621714025840905,0.8099953634856379,0.5179252307658954,0.03674208778089832,0.0,0.6643077774995438,0.0,0.8376498961700878,0.5854602324428435,0.5497142318707655,0.4841458756716876,0.26482179754674745,0.8702418630394676,0.6595926664627396,0.8102942731209708,0.43208712641102315,0.021857089947156388,0.5686304351107968,0.454746624278363,0.0,0.7136839474505787,0.8816286600858522,0.5278363972757758,0.6489381151559468,0.11940853992368088,0.0,0.5090562468369737,0.0,0.10972462573500555,0.572234798239513,0.5081538107396021,0.0,0.0,0.27952710980184475,0.27321032152570596,0.4082993539766438,0.2592007147141506,0.38069113139874555,0.4147620344428481,0.6964139624733336,0.855887953047739,0.0,0.5132863385536484,0.46469508131695986,0.5915173631349105,0.28501372524861796,0.7738140787443615,0.5370823289144081,0.5768817550829907,0.01850032305568971,0.5957090946092655,0.12996715931801214,0.7180751307255802,0.832721346749646,0.5755523352724812,0.5501713686661461,0.5121353623207366,0.8188569475767686,0.6965146640855654,0.8244448927290495,0.6107517122437728,0.0,0.6911528726064078,0.5798989258891102,0.980391043106145,0.6025724356833914,0.7173629058162228,0.03246736763703989,0.5552154025797805
0.525021392176144,0.36554488498900006,0.7686871907985665,0.5700513690961435,0.17222435489557003,0.36082230447710334,0.6215607268111731,0.1461151020113337,0.7150500671731876,0.5408677243170285,0.10889745728789857,0.0,0.7970172251406975,0.0,0.8360555035303145,0.6312575276685841,0.6215658839197558,0.5791145745415409,0.3980034456694568,0.8243885183116848,0.7017509805018101,0.8407704573096326,0.29814481297641665,0.0,0.32818114979211405,0.4450101182643928,0.7136839474505787,0.0,0.7514385638761967,0.6617227108900857,0.7242770305313025,0.059913260388239555,0.0,0.5442597085694986,0.0,0.23684232577985861,0.7037828120808766,0.6022272862156082,0.0,0.0,0.18721452179584447,0.37693759322304854,0.32855528848192145,0.2901663058471001,0.4691406975400954,0.35684277241588785,0.5197823684507771,0.8097898438008497,0.33883876036680544,0.5554860657713915,0.2617594494173151,0.3390955836027943,0.2451906560480646,0.6856701894581231,0.43338364012821196,0.5615619827577586,0.15229078499519821,0.545602904836407,0.16501407923437952,0.8080712266146362,0.6945899302115925,0.5010903511998159,0.47256463500107604,0.6063109484281621,0.7964128842336883,0.7054993006901523,0.8832163423992389,0.4562925009659357,0.0,0.4522947046231437,0.5371938962148629,0.6508200224258334,0.7714565315749282,0.5339160054589863,0.068270012097447,0.4999621400189943
0.5964303977882791,0.5875466457276328,0.6942080754619412,0.3860403913806223,0.09664885635825742,0.5910877310190821,0.6520785826188796,0.1355502691473806,0.6579378427824504,0.6526137462826549,0.025085396423300866,0.0,0.8140269893032362,0.0,0.7881783278159115,0.6907313532872842,0.6356644035343008,0.6785567257987187,0.28265469564133816,0.8018593871468852,0.7651435689908801,0.7582458943992777,0.4428452875893467,0.03277415211917453,0.6964203386915059,0.5707953688021927,0.8816286600858522,0.7514385638761967,0.0,0.5074119666562734,0.6784191578877284,0.16927011158705824,0.09203061308409287,0.5697901809344926,0.0,0.13028468474521604,0.583666530375509,0.5544031286489838,0.0,0.0,0.25740957701864764,0.3953434623186821,0.3136102807647816,0.19700574113122626,0.4403024645643142,0.3800157056771861,0.7308535684319521,0.7610256534535225,0.10123779329589352,0.46075241839206255,0.41741238993567203,0.5842063818353656,0.2895599292444618,0.6308918167825299,0.5848305336279289,0.4823180497716189,0.06227853490146717,0.6291278313485577,0.03810962485677397,0.6556906835340736,0.8320938450698088,0.5732928287282951,0.6261551534195418,0.48835068887165484,0.7055666066466103,0.7314853662944073,0.7770708008542151,0.5448152348193095,0.0,0.7176947460928492,0.5695233962720112,0.8291451773365663,0.5608531947324378,0.670743079709041,0.034193168517698845,0.5119669750995888
0.44782764195416186,0.37365161260953733,0.6433071508036687,0.3045294712550439,0.11427185167044364,0.528976990275615,0.4792662597675424,0.42532628303983344,0.5318533652173868,0.47999335298554824,0.189503914508388,0.2351051282142212,0.5286383182442148,0.0,0.6905971858597069,0.29842640973178747,0.5365158366716605,0.4046631637140729,0.4977208309218257,0.6426472146663581,0.6574754837772443,0.6144534865810554,0.4362500826407398,0.3037292198112653,0.27584026921117405,0.4456921244272636,0.5278363972757758,0.6617227108900857,0.5074119666562734,0.0,0.476169304278696,0.2620005330861431,0.21866980640305594,0.420490842140532,0.0,0.3575518126426746,0.4225063684955143,0.4990119570114591,0.12587613587636723,0.09540478428934025,0.24784539922293497,0.23960936733704832,0.3772833292299562,0.18061167942004192,0.2746306116443673,0.3302551650002897,0.415592697796908,0.6157822561141372,0.21252977067288403,0.39351903282950484,0.3744900163863573,0.40566111661606785,0.4546864591014974,0.4466405217779777,0.4559624466423213,0.5040292511213521,0.40969241396451467,0.41960189561028943,0.2582087954035228,0.6248789524166961,0.4845921418292252,0.5455660971396279,0.3458762150434686,0.6603737949715353,0.6214507564932603,0.6045698496201428,0.6756486551109059,0.48660143324229,0.17372511993033335,0.40055660745600064,0.5145079997258556,0.4662335879435428,0.5036942289996338,0.24717538481848988,0.3920859935828456,0.4300146558676142
