0.0,0.3913589062606083,0.11760301828318119,0.23490647172553486,0.0,0.3544859646476942,0.11699584064027478,0.0,0.16715728669854701,0.5007837074336632,0.0,0.11685409082299646,0.18342831973906665,0.0,0.5510069838938446,0.7050679672210355,0.2601446540354079,0.5721687190340321,0.197217181363526,0.5947999139069589,0.6488978472737762,0.5415911624978406,0.24263741456767468,0.4788009310625882,0.6850514585496211,0.6525518350606,0.6088239835614994,0.5140339642091006,0.7776181774266413,0.1330356255211179,0.6354393655208979,0.01078268322842431,0.06716680969717252,0.0,0.0,0.0,0.2779316341465811,0.2573279478995926,0.0,0.0,0.0,0.0,0.0,0.0,0.23334890295926575,0.883697727200504,0.49700672211780056,0.2922599418975346,0.0,0.0,0.1470097697551037,0.0022885823551698323,0.20204081412752284,0.2637244214561516,0.10451289317116545,0.3002350646847852,0.2669318426316248,0.0,0.0,0.5562738936898174,0.5365832137551434,0.3375852503619057,0.5135956249910807,0.20982917681864618,0.4229536141772623,0.7171354311186184,0.6520985060549095,0.4306155693756546,0.5307746414505602,0.68431481583538,0.6846615266043565,0.4774923403909827,0.01938378521549158,0.5633174522572127,0.0,0.275694643772751
0.3913589062606083,0.0,0.18696208504103848,0.04603962218118718,0.0,0.5392926171109792,0.0,0.07163416449239492,0.1876633167111071,0.3412657739078589,0.0,0.2592965968115681,0.5101636405571898,0.0,0.25683487581850745,0.425283021857356,0.3039995609831498,0.5432084156627681,0.274225029578722,0.2469926829195313,0.29076418642688084,0.18532241328332466,0.37458309304452864,0.39877791878590163,0.6120811893730418,0.7790482671638306,0.2767091061481917,0.35546098652240465,0.4102277803122968,0.0,0.16836689279001874,0.09801888308564731,0.0,0.0,0.0,0.0,0.14337116828628235,0.17455236335505792,0.12793892834646914,0.07789980284373745,0.0479029773161371,0.0,0.0,0.0,0.19239101820174734,0.2601622073748873,0.4576373022579187,0.32162041436088623,0.0,0.0,0.4015555426625793,0.0,0.09463267339947157,0.2836940046537956,0.15152793025430514,0.11417470373345752,0.3074530070076882,0.363443083012509,0.0,0.40330791655975623,0.282009680518822,0.5493090391834736,0.5976717154857264,0.3310737487437449,0.4203259992253992,0.2868720323336659,0.4543738481015343,0.37270342132840883,0.3270871465097151,0.4585598613907268,0.5503698467679464,0.2863975186403172,0.3163125622220609,0.3534138970724345,0.262084835723977,0.18254308072810788
0.11760301828318119,0.18696208504103848,0.0,0.0,0.0,0.7469564374446109,0.0,0.0,0.6107976552658866,0.19225116200705353,0.0,0.2470522540693737,0.0,0.0,0.0,0.0,0.27421858209143024,0.39562688653344014,0.6092523963302001,0.0,0.0,0.0,0.6328145396686846,0.48839027998759144,0.5663942244465254,0.14892456500114523,0.3737247278549385,0.2870302431691131,0.1881883747447643,0.0,0.0,0.0,0.0,0.0,0.0,0.0,0.26622422775386406,0.15589593475026622,0.0,0.1535248641407553,0.18560343801069742,0.0,0.17483848840946523,0.18386051389379574,0.06598422762414065,0.1607481995089051,0.0,0.5902275575471466,0.0,0.0,0.8038258113139971,0.0,0.0,0.45838538915739657,0.2421664508764321,0.0,0.2855380969108352,0.34663231742813894,0.0,0.25387173370181293,0.14179491300803201,0.4403079942317589,0.24430463764798846,0.4078806468615823,0.47175481174818257,0.03282940537100776,0.16325929573941303,0.38705697118109517,0.5557954173117701,0.26615943572704914,0.054075404358867374,0.43436118741350915,0.7391215011467901,0.46120909212505795,0.5791419535619562,0.39640379520960844
0.23490647172553486,0.04603962218118718,0.0,0.0,0.6686814934868736,0.0,0.8001169154078941,0.19527156107878543,0.0,0.25835903070996297,0.3297222137674476,0.04905108235682789,0.31000604448956104,0.0,0.5795280047472644,0.398356300713851,0.0,0.0,0.0,0.48999989202733424,0.3656434149258026,0.6074889447029022,0.0,0.0,0.0,0.20673446074824153,0.1181465229860745,0.16039669957221786,0.24348441020167294,0.39808027489511044,0.6286782345193778,0.03212699249685689,0.3328270696719095,0.374463108438413,0.599894545979556,0.006948897665979418,0.0,0.0582801461317862,0.0,0.0,0.0,0.0419341985901993,0.0,0.0,0.03855513037208093,0.23100022839470008,0.5751241648241117,0.0,0.3049915409131298,0.31129639305716345,0.0,0.422139324028877,0.4569523315334131,0.0,0.0,0.47218179424520323,0.03325081333912829,0.0,0.0,0.22457860213093864,0.055362751395990326,0.0,0.0,0.0,0.0,0.31725983834693083,0.3128422925997902,0.0,0.0,0.11451310099884195,0.3137207008313577,0.0,0.0,0.0,0.0,0.0
0.0,0.0,0.0,0.6686814934868736,0.0,0.0,0.8045791528620323,0.28584455162243966,0.0,0.0,0.5282395037496375,0.0,0.17382403597356086,0.34622623303964617,0.18086996242657954,0.09649389052829574,0.0,0.0,0.0,0.12003996712840041,0.08122817957521775,0.3583241852602399,0.0,0.0,0.0,0.0,0.0,0.0,0.0,0.25833959577292454,0.2508041830001591,0.04005909687351397,0.33575952590329106,0.5435654760114871,0.5161962457344946,0.19390950711226626,0.0,0.0,0.0,0.0,0.0,0.26960712330538894,0.0,0.0,0.0,0.0,0.25898472605649053,0.0,0.3429134654989097,0.5044337649669598,0.0,0.3647424166225471,0.31371606700651455,0.0,0.0,0.4213153263322007,0.0,0.0,0.30779048262687286,0.0,0.0,0.0,0.0,0.0,0.0,0.01788598246819141,0.0,0.0,0.0,0.0,0.0,0.0,0.0,0.0,0.0,0.0
0.3544859646476942,0.5392926171109792,0.7469564374446109,0.0,0.0,0.0,0.0,0.0,0.6349985909118405,0.2887253300458909,0.0,0.3728431071348869,0.2136583625389266,0.0,0.14611230103805598,0.23060877832280766,0.30393286648185863,0.6638438404055227,0.5943213120121894,0.21453269359421412,0.23121082259840328,0.0,0.7145113448977433,0.5440913537445838,0.7684962784742815,0.48354740895133647,0.5525777959858106,0.5276964866053607,0.5133581028489252,0.0,0.0,0.0,0.0,0.0,0.0,0.0,0.3756289425737662,0.15124288055124457,0.0,0.04293120619533188,0.11679306140545578,0.0,0.2228473638863762,0.024782997364968275,0.12335338239844684,0.31753372218385933,0.04689768360075313,0.6103098237790465,0.0,0.0,0.8545454726846017,0.0,0.0,0.5406565306671315,0.1465003686420472,0.0,0.4795149014127548,0.4021401895162608,0.0,0.475540070885979,0.23558125644450456,0.48368791521719995,0.515220212867723,0.5024991036911578,0.652245248847689,0.24607084052387435,0.4158845957728503,0.5575895028988725,0.5902856747336686,0.4543926453313126,0.3314662554639708,0.5627154894218511,0.7094326997589938,0.5747555558142914,0.48452751627976903,0.35519744038745765
0.11699584064027478,0.0,0.0,0.8001169154078941,0.8045791528620323,0.0,0.0,0.2675461716366503,0.0,0.1378872718879958,0.47963672354154985,0.0,0.39644564561548207,0.04373548525984967,0.41208737773338056,0.32239510877676664,0.0,0.0,0.0,0.32168074525296486,0.380071219544734,0.5181705425556591,0.0,0.0,0.0,0.09128772607254697,0.04038776862705613,0.0,0.12920859059148437,0.3410357126260691,0.5149163884016313,0.1257819203420261,0.36302025734029997,0.4052187273413502,0.521550379358462,0.1448384819107917,0.0,0.0,0.0,0.0,0.0,0.13471410082733648,0.0,0.0,0.06803732083268246,0.06447333683193564,0.5221650622139329,0.0,0.33123920557529096,0.3578445480557114,0.0,0.5126536318004465,0.4150666997281008,0.0,0.0,0.5639565206136592,0.0,0.0,0.05972065040756886,0.0486926187612495,0.0,0.0,0.0,0.0,0.0,0.25350205398215325,0.119159970820673,0.0,0.0,0.0,0.18970498699460853,0.0,0.0,0.0,0.0,0.0
0.0,0.07163416449239492,0.0,0.19527156107878543,0.28584455162243966,0.0,0.2675461716366503,0.0,0.0,0.0,0.2381933072081279,0.0873532424695139,0.2020587194019568,0.22591808047926987,0.05976848125045177,0.0,0.0,0.0,0.0,0.0,0.21258415192814406,0.0,0.274026085291731,0.0919157831806551,0.0,0.07860217624635657,0.0,0.0,0.0,0.17594236329510313,0.0,0.23192088530970115,0.17585546826391005,0.19083932015916083,0.16681750572466633,0.16381580175127106,0.0,0.09281234234410188,0.20253447087150425,0.03887221869698879,0.0,0.030804397111093645,0.036546417464298764,0.0,0.13845072443096773,0.0,0.16025091136828343,0.0,0.20154804634638324,0.12366537371872535,0.0,0.11485427530144124,0.5846349245567566,0.0,0.0,0.2371530007406178,0.060636854616171604,0.016175718444107735,0.15995340493790558,0.0,0.0,0.06171979224561293,0.03842507904969925,0.0,0.0,0.07156157161168163,0.0,0.19431149577009152,0.049928944750067414,0.0,0.1699038021514783,0.0,0.0,0.0,0.0,0.0
0.16715728669854701,0.1876633167111071,0.6107976552658866,0.0,0.0,0.6349985909118405,0.0,0.0,0.0,0.41839672126527677,0.0,0.5218418762210613,0.07000542598074133,0.0,0.23271427970198785,0.2005738228430311,0.46748430990069734,0.531579275390546,0.6273892541205943,0.3304331539449689,0.1720041738063371,0.0452069068108096,0.2709767327653948,0.5511070837319807,0.5238114867619417,0.299347428453178,0.5601727197156912,0.544723069611381,0.3230142288204383,0.023570031337651166,0.08409273255065072,0.0,0.0,0.0,0.0,0.0,0.3733960492497176,0.19062790405024788,0.0,0.0,0.0,0.0,0.09453897850005298,0.0,0.1407367270237296,0.2471276766068033,0.0319507565086513,0.5596039358471204,0.0,0.0,0.4492658156668726,0.0,0.07704454629760597,0.8862760227174759,0.2335420609071079,0.17356855598753324,0.5508754706213056,0.09751513385530014,0.0,0.4188757264057849,0.0,0.34398736894954,0.37064033511616334,0.4821906073494688,0.5448487143555787,0.16590993204897542,0.3249380788657448,0.2531207302961028,0.5237967135909923,0.3215645310206086,0.16230729764187452,0.5937023681799587,0.5100729470800344,0.35655481034635883,0.25019419434059864,0.17984363089800928
0.5007837074336632,0.3412657739078589,0.19225116200705353,0.25835903070996297,0.0,0.2887253300458909,0.1378872718879958,0.0,0.41839672126527677,0.0,0.10517985732712012,0.4829872412835133,0.19017749460910482,0.0,0.5244129780284653,0.5077694320974043,0.7199233949474239,0.5568381848313739,0.3960911473016493,0.5418311579832847,0.47734702972420057,0.4170624686621843,0.08025450272617607,0.6771736763504153,0.5951990295639985,0.603042784763958,0.4306353100232399,0.5234499718182573,0.5262204705604161,0.3307393443394071,0.5804412870179404,0.0,0.2178118119615936,0.0,0.14301586271586628,0.0,0.3006344626746222,0.34284964924348055,0.0,0.0,0.0,0.0,0.0,0.0,0.36696549666560563,0.567797732112396,0.5089517797549171,0.37519393680847685,0.1201704118045718,0.03159610634770235,0.07020177785336533,0.3705990431275357,0.3086103235941291,0.5786096442726422,0.6843568672233841,0.4452259795071384,0.5892465679941463,0.06859687611211734,0.0,0.585847704406023,0.3662791278460214,0.6470599551848482,0.517559616785446,0.4592620550752203,0.41566252004418675,0.4118676523397394,0.552224386493039,0.34136838704071176,0.5837666222837021,0.6698018630255185,0.6088629945013988,0.4242591585252923,0.1302438385638653,0.3801749370061282,0.10911844088147202,0.20259544208209906
0.0,0.0,0.0,0.3297222137674476,0.5282395037496375,0.0,0.47963672354154985,0.2381933072081279,0.0,0.10517985732712012,0.0,0.0,0.18773697324409414,0.08320248532104918,0.33094997764083794,0.17941974938813438,0.0,0.0,0.05238943291436987,0.229049465445743,0.21241463683239334,0.2904688379968391,0.0,0.021027881714304034,0.0,0.0,0.05481168029863323,0.013118372538804036,0.10628802361371294,0.26381645452062324,0.23423488785992408,0.039155131361252975,0.17042049637543752,0.15826592779332588,0.2718991203936095,0.07077888058562908,0.0,0.07581183191037398,0.0,0.0,0.0,0.0,0.0,0.0,0.017156041804654087,0.006328207191325875,0.2616669375675611,0.0409947682522963,0.13492146849625994,0.3237683098429213,0.0,0.2697755383412279,0.3578704676103203,0.10857510396181763,0.0,0.6340940092744796,0.0,0.0,0.118995742467714,0.02735190469224604,0.0,0.0532236878065524,0.0,0.10475673343433485,0.0,0.19883936710628328,0.09146784377103427,0.02118238277215796,0.0,0.02567056677366822,0.13222957876840893,0.020853027679818226,0.0,0.0,0.0,0.0
0.11685409082299646,0.2592965968115681,0.2470522540693737,0.04905108235682789,0.0,0.3728431071348869,0.0,0.0873532424695139,0.5218418762210613,0.4829872412835133,0.0,0.0,0.07367563780207505,0.0,0.23209401400738555,0.1658416683867255,0.6245045820269077,0.47170559887612,0.29447580448702554,0.28725767277273473,0.03128457665824048,0.07288298718712553,0.07207592715631292,0.618312344482764,0.29484637678368486,0.5193371678600249,0.21971564204265404,0.5157668898022743,0.060090275539498667,0.2025103174563471,0.17494677272194065,0.0,0.15278166304238555,0.0,0.04961429419822819,0.07439034135808753,0.4187877345231777,0.3606080658520388,0.0,0.0,0.0,0.0,0.17549548346728186,0.0,0.29465587355774403,0.16325733745003973,0.23090278377358534,0.2084163898994995,0.09807700826358197,0.0,0.11278501263164478,0.0,0.3375579041939249,0.550945676881962,0.21989481469225328,0.21639404372115484,0.8949917917830585,0.0,0.0,0.40809577119908197,0.0,0.41964630226777283,0.3148514534024574,0.37261309830076456,0.3017579749726764,0.0,0.22309742723703968,0.04356379503073326,0.4846345769568172,0.15543332033320698,0.32333621977370197,0.13205680123869534,0.22249835835951884,0.0,0.04040425460471512,0.0
0.18342831973906665,0.5101636405571898,0.0,0.31000604448956104,0.17382403597356086,0.2136583625389266,0.39644564561548207,0.2020587194019568,0.07000542598074133,0.19017749460910482,0.18773697324409414,0.07367563780207505,0.0,0.0,0.30008743417880795,0.33531604605566495,0.06584031140954062,0.3503608783783852,0.13117716064467114,0.33129210859474223,0.4013815298601671,0.35576082981519713,0.12310337398427519,0.025497318142103986,0.18971920186771635,0.3876123100646106,0.14024625484034264,0.336905670890366,0.4068896404354996,0.1814103289963264,0.2036543596002194,0.16432487023852277,0.0,0.0,0.15218913626730585,0.0,0.0,0.0,0.12869303751926678,0.0,0.0,0.0,0.0,0.0,0.03893465555149602,0.14412527671351272,0.3687572942923349,0.11164465120582255,0.034166825582748465,0.04654646147217026,0.016244628879516308,0.17489496503564733,0.2778919179964129,0.09863476758106743,0.04414732889488149,0.26657969375181045,0.1256031889396574,0.42561363354070075,0.0,0.22996920698316783,0.15027411691819104,0.29892059986807223,0.44270085649322766,0.058402613549904364,0.22905713456589727,0.31359863119461756,0.36111952203686903,0.19272774187579592,0.0,0.21771810097399613,0.37151135630508997,0.044875386053370284,0.06649518710004129,0.14082719591489334,0.03922548138229228,0.019889032569377678
0.0,0.0,0.0,0.0,0.34622623303964617,0.0,0.04373548525984967,0.22591808047926987,0.0,0.0,0.08320248532104918,0.0,0.0,0.0,0.0,0.0,0.0,0.0,0.0,0.0,0.0,0.0,0.0,0.0,0.0,0.0,0.0,0.0,0.0,0.0,0.0,0.26736189457433973,0.12196336081629948,0.39503742260665764,0.10364235293469545,0.20146732333405928,0.0,0.0,0.2732182910426512,0.3199138630561008,0.4145338859016535,0.4709573298318808,0.0,0.34928651025427937,0.0,0.0,0.0,0.0,0.21662083241294053,0.39647765990588635,0.0,0.06190659580857126,0.0,0.0,0.0,0.0,0.0,0.0,0.7392598918973067,0.0,0.0,0.0,0.0,0.0,0.0,0.0,0.0,0.0,0.0,0.0,0.0,0.0,0.0,0.0,0.0,0.0
0.5510069838938446,0.25683487581850745,0.0,0.5795280047472644,0.18086996242657954,0.14611230103805598,0.41208737773338056,0.05976848125045177,0.23271427970198785,0.5244129780284653,0.33094997764083794,0.23209401400738555,0.30008743417880795,0.0,0.0,0.6038563607343619,0.26138298995224685,0.4082073869202177,0.24907572833934744,0.8492510182668781,0.6489395296197259,0.7819251111693915,0.018386917787157692,0.262853433974721,0.357028888516564,0.449802237639591,0.6043346174627182,0.5626550404081064,0.7228821411307951,0.35228812074316906,0.6803147264971299,0.014376680257899592,0.1511349300553527,0.0,0.2094408260851166,0.0,0.20084271515109672,0.1150213066756563,0.0,0.0,0.0,0.0,0.0,0.0,0.0779007039044144,0.5663545631692471,0.6568282230352821,0.36031034660930644,0.018296321730845107,0.0,0.0,0.27395632961267685,0.42391749936853085,0.3914189206631339,0.15945777568847652,0.641298533427958,0.3099826708014395,0.0,0.0,0.8148007448438553,0.361138286991775,0.2393147095919,0.39520223465864307,0.3656241447616208,0.5402710185491533,0.70155791041845,0.797993809139401,0.3552136706900402,0.27345549842084854,0.4840691325246787,0.5515939880737948,0.5152049714778961,0.0,0.4225740057348604,0.0,0.0394395784413073
0.7050679672210355,0.425283021857356,0.0,0.398356300713851,0.09649389052829574,0.23060877832280766,0.32239510877676664,0.0,0.2005738228430311,0.5077694320974043,0.17941974938813438,0.1658416683867255,0.33531604605566495,0.0,0.6038563607343619,0.0,0.2631676610201526,0.7360193637256801,0.26760888269737493,0.7233678269504017,0.5305693331226286,0.7473897861604083,0.08160031494952967,0.4230135500256254,0.5539218794020102,0.6404178291365548,0.5721799440454652,0.5751909437131755,0.7017873030197914,0.15272001785312858,0.7589549050733466,0.0,0.20948868762212725,0.0,0.12446146893844748,0.0,0.2660370213851077,0.26946163671447776,0.0,0.0,0.0,0.0,0.0,0.0,0.21576125747787003,0.6727189641335339,0.5536040173657082,0.3544767355694264,0.0,0.0,0.0,0.04987155760214919,0.2515821333567277,0.3935355010311239,0.0,0.5086930906205508,0.26607982119768187,0.0,0.0,0.49406147777550424,0.37344979238283726,0.24840470920490165,0.5457209971274962,0.24837386813270032,0.3606896624689889,0.5857822665235592,0.6266497952232738,0.3080732223914488,0.4034765814311113,0.5928361898127885,0.6066695789373708,0.439655459966526,0.0,0.3925658135260703,0.0,0.03646985777157488
0.2601446540354079,0.3039995609831498,0.27421858209143024,0.0,0.0,0.30393286648185863,0.0,0.0,0.46748430990069734,0.7199233949474239,0.0,0.6245045820269077,0.06584031140954062,0.0,0.26138298995224685,0.2631676610201526,0.0,0.5568482527810129,0.30213360119879906,0.31874679115631255,0.13118906309107708,0.19087464504522103,0.020586850944009586,0.627283744439318,0.4724260243827302,0.5607887902513986,0.26293252673118067,0.4431269525831548,0.19142850124576816,0.2565065749399576,0.2574621223541348,0.0,0.183028982647266,0.011894086413419354,0.04938208898855472,0.0,0.2699125651388586,0.3340663983719103,0.0,0.0,0.0,0.0,0.0,0.0,0.24420838204582085,0.34621281230283535,0.3263914870467919,0.21396191698179481,0.21479369501110715,0.053629515377651586,0.10813460292841269,0.20826815281857683,0.17334561423716455,0.5562469109824454,0.6019430344562069,0.2219228352893348,0.6508903627242988,0.0,0.0,0.37180261000772147,0.09493620991095562,0.588087852940236,0.5023347971537199,0.27141330964243965,0.3123642882610685,0.0990496313372454,0.3183726425383979,0.09429929064960736,0.5430416588546894,0.47517409676550426,0.44858081824216406,0.26692871529990814,0.2967605192091061,0.09453059402197689,0.09064455672406382,0.09295172583096456
0.5721687190340321,0.5432084156627681,0.39562688653344014,0.0,0.0,0.6638438404055227,0.0,0.0,0.531579275390546,0.5568381848313739,0.0,0.47170559887612,0.3503608783783852,0.0,0.4082073869202177,0.7360193637256801,0.5568482527810129,0.0,0.5137253577202705,0.5710286314879129,0.4375247200745639,0.3962258359489091,0.2882892678833695,0.648569603454833,0.782782457687784,0.7218359614952459,0.586622203406052,0.7004961356110082,0.6400435629993009,0.0,0.39555817490885964,0.0,0.03251368524220001,0.0,0.0,0.0,0.4664351239083175,0.27711953974451203,0.0,0.0,0.0,0.0,0.1054520089415677,0.0,0.2584520174663285,0.5282693402370163,0.3165763139753471,0.48929728475711337,0.0,0.0,0.383280769642314,0.0,0.12660373186595783,0.5754826399378841,0.09253269848066188,0.1920755757335536,0.6045598597565943,0.013710864691706171,0.0,0.5856635347208412,0.20591327228600412,0.5492357947884281,0.7387927881183066,0.38374194986019694,0.5413525726047385,0.4650824607541787,0.5503362406268203,0.32330802299823175,0.6579182285999406,0.6143417748089919,0.5428004708012562,0.47536948364603,0.3081266180771928,0.44237769258836385,0.09626096223868363,0.14292521522414686
0.197217181363526,0.274225029578722,0.6092523963302001,0.0,0.0,0.5943213120121894,0.0,0.0,0.6273892541205943,0.3960911473016493,0.05238943291436987,0.29447580448702554,0.13117716064467114,0.0,0.24907572833934744,0.26760888269737493,0.30213360119879906,0.5137253577202705,0.0,0.1974639445815436,0.20535167363420087,0.02134409843307611,0.4058244082567737,0.5799933650455751,0.5614229023812192,0.28466903121068493,0.36051873015604124,0.3536109847042393,0.33336160968497425,0.0,0.04404907936135458,0.0,0.0,0.0,0.0,0.0,0.31226972999264085,0.1998236595716137,0.0,0.0028109617788031906,0.0,0.0,0.0,0.0,0.10703190459409205,0.23079200037499012,0.03278478587578411,0.7292030744419581,0.0,0.0,0.5820857097533556,0.0,0.007385149958984377,0.5906473612450173,0.21703003575508903,0.14282213310581374,0.3675596165711153,0.35992603626852904,0.0,0.3455367380657453,0.12449989706521407,0.5131704937506428,0.43877404751378135,0.7039704509066187,0.49271330013155706,0.1944621389870617,0.3238779481816142,0.3943012244434652,0.5444251990390285,0.33294135569671884,0.18581232152741836,0.4924691962123271,0.49169636848579484,0.45619516425762835,0.34045898657931545,0.23079887064135327
0.5947999139069589,0.2469926829195313,0.0,0.48999989202733424,0.12003996712840041,0.21453269359421412,0.32168074525296486,0.0,0.3304331539449689,0.5418311579832847,0.229049465445743,0.28725767277273473,0.33129210859474223,0.0,0.8492510182668781,0.7233678269504017,0.31874679115631255,0.5710286314879129,0.1974639445815436,0.0,0.5940121401974923,0.913878636776157,0.00810255208172237,0.28814371604560607,0.4296930947765558,0.5189918336272583,0.7144034710669996,0.7584752569803973,0.7889525245133241,0.27883523300459784,0.6719026789741687,0.0,0.08369339457912404,0.0,0.1636691245660251,0.0,0.2552365855631907,0.17793411076078944,0.0,0.0,0.0,0.0,0.0,0.0,0.14326833706941766,0.6133875995950735,0.578326988696495,0.34877283678222415,0.0,0.0,0.0,0.09674692085544019,0.3682755145450771,0.4407218636283533,0.07902938615670056,0.5439485988171257,0.3888220390741849,0.0,0.0,0.7282851702198174,0.3363113528919872,0.15749091940036408,0.4269037522555802,0.18533200450903659,0.6438637497703125,0.6592796361922548,0.846887317600827,0.3020192261673486,0.3286714591911411,0.5437439831934033,0.560487456921322,0.5567844011094462,0.0,0.41390358456144394,0.0,0.05079748613138883
0.6488978472737762,0.29076418642688084,0.0,0.3656434149258026,0.08122817957521775,0.23121082259840328,0.380071219544734,0.21258415192814406,0.1720041738063371,0.47734702972420057,0.21241463683239334,0.03128457665824048,0.4013815298601671,0.0,0.6489395296197259,0.5305693331226286,0.13118906309107708,0.4375247200745639,0.20535167363420087,0.5940121401974923,0.0,0.5235373046218678,0.24179742394907272,0.30286536284755683,0.47001525778790393,0.4506797113997692,0.4926205837067681,0.4237386608007872,0.7136959254815974,0.1830287673210886,0.5478806485435544,0.14731838510316672,0.08174819400036122,0.0,0.04019460168449634,0.0,0.1464169825942205,0.15496128126079867,0.004044278488617361,0.0,0.0,0.0,0.0,0.0,0.2233203552486525,0.5472158521273393,0.5155937405253086,0.2987741743367749,0.0,0.0,0.05378894349061532,0.17252432972494083,0.42805668105490574,0.2680645343575719,0.08996647123523031,0.43907196730548803,0.16538266127435342,0.11741903962227401,0.0,0.5506089317470709,0.4234923988183868,0.28682365211957805,0.38452937530536957,0.2678341786655313,0.3417710007718978,0.7923968976626571,0.6031064016241234,0.45691997982705745,0.32838552003121635,0.5342251091494028,0.5269180194031654,0.37180919022421466,0.0,0.46121666880528345,0.0,0.10932256270768546
0.5415911624978406,0.18532241328332466,0.0,0.6074889447029022,0.3583241852602399,0.0,0.5181705425556591,0.0,0.0452069068108096,0.4170624686621843,0.2904688379968391,0.07288298718712553,0.35576082981519713,0.0,0.7819251111693915,0.7473897861604083,0.19087464504522103,0.3962258359489091,0.02134409843307611,0.913878636776157,0.5235373046218678,0.0,0.0,0.07328225376023317,0.23821546753505285,0.41709469287334616,0.4973487305169627,0.5314406428844313,0.6834052316352105,0.3131970765057464,0.6959995948145672,0.0,0.19246132563885104,0.13188620323635242,0.2797065839473596,0.0,0.06793749225393086,0.08920260065513799,0.0,0.0,0.0,0.0,0.0,0.0,0.07432204937074964,0.5949558763627152,0.5998724136549859,0.21445793141973818,0.0,0.13195346686617337,0.0,0.23001123293572437,0.31928836284115436,0.2270966563524903,0.0007982208575301841,0.5840464735498657,0.10106171044483019,0.0,0.0,0.559495046734297,0.3917137050154246,0.026310886601937512,0.30490186861474494,0.05791754957870529,0.3594813601770285,0.6343981284044091,0.749501636946808,0.21240390136553364,0.1292976258493389,0.4880718974130217,0.5430997449734672,0.40269171636784057,0.0,0.3013653198378494,0.0,0.013328248313086662
0.24263741456767468,0.37458309304452864,0.6328145396686846,0.0,0.0,0.7145113448977433,0.0,0.274026085291731,0.2709767327653948,0.08025450272617607,0.0,0.07207592715631292,0.12310337398427519,0.0,0.018386917787157692,0.08160031494952967,0.020586850944009586,0.2882892678833695,0.4058244082567737,0.00810255208172237,0.24179742394907272,0.0,0.0,0.32448135967134606,0.44809732022045734,0.2849527309922429,0.31037276353581883,0.17486715843548595,0.34180540039206025,0.0,0.0,0.11782738220317561,0.0,0.0,0.0,0.0,0.09577041698057666,0.10995392215742049,0.1827553848957764,0.09536219059771563,0.14604581723742835,0.0,0.14727040196283075,0.035426061849954914,0.028383387683959913,0.22520649282969493,0.03719717915284969,0.49176547302716084,0.0,0.0,0.7242721943760908,0.0,0.17915712024892227,0.19952584805967394,0.05567059318262793,0.0,0.08534667617434777,0.38281162729747814,0.0,0.227591566082361,0.1695918521767591,0.31167544227439387,0.3028698963674166,0.30272852441624376,0.4065716195347275,0.2661443653236426,0.25185391259336926,0.8115207254088991,0.4905299546972529,0.2621985768098321,0.3256201616619445,0.3246127432917467,0.5051729978643841,0.4747218821416808,0.4584891323254545,0.30990080096753764
0.4788009310625882,0.39877791878590163,0.48839027998759144,0.0,0.0,0.5440913537445838,0.0,0.0919157831806551,0.5511070837319807,0.6771736763504153,0.021027881714304034,0.618312344482764,0.025497318142103986,0.0,0.262853433974721,0.4230135500256254,0.627283744439318,0.648569603454833,0.5799933650455751,0.28814371604560607,0.30286536284755683,0.07328225376023317,0.32448135967134606,0.0,0.7036539430361487,0.715030439815751,0.3968206678304644,0.49178721487529703,0.33591033237486667,0.12636962571500254,0.3622768665716933,0.0,0.11909146967257093,0.0,0.0,0.0,0.48630566501200223,0.47371189355386517,0.0,0.0,0.0,0.0,0.11785381461540997,0.0,0.3756411419800863,0.4817293388218587,0.32641432846317453,0.496480192423961,0.0,0.0,0.38038935513111133,0.013770645499484691,0.2897135501482669,0.6263794563983479,0.2742163600448046,0.3422982550952344,0.6802845974087983,0.05061667745176124,0.0,0.430340630882657,0.04493604495923605,0.5625355187635349,0.5043607501898653,0.5551396825727261,0.35097060756654047,0.23555827127749873,0.3106816632822211,0.3531568256786793,0.8543291554453225,0.47171932250311976,0.5423761930954959,0.3659358563910655,0.25145358145705426,0.3009896514393254,0.13528076485783436,0.043810476010366015
0.6850514585496211,0.6120811893730418,0.5663942244465254,0.0,0.0,0.7684962784742815,0.0,0.0,0.5238114867619417,0.5951990295639985,0.0,0.29484637678368486,0.18971920186771635,0.0,0.357028888516564,0.5539218794020102,0.4724260243827302,0.782782457687784,0.5614229023812192,0.4296930947765558,0.47001525778790393,0.23821546753505285,0.44809732022045734,0.7036539430361487,0.0,0.7152838789486412,0.6693929195903686,0.5957266793852468,0.6839503739568358,0.0,0.3125370293424188,0.0,0.0,0.0,0.0,0.0,0.3800122834949295,0.28455790542746284,0.0,0.0,0.0,0.0,0.03084871929255833,0.0,0.22517450505842349,0.6097736997984622,0.3505189934012433,0.5764728064399641,0.0,0.0,0.571155780029139,0.0,0.05677695150460062,0.5568356338712623,0.21065603676400094,0.1708179841804143,0.48048208843069123,0.26101940267363993,0.0,0.5883286616542633,0.4154478206341895,0.6080216789321463,0.6422285222628424,0.4766478122335221,0.6515598309475238,0.4650871175222579,0.6209368902910832,0.5139672918883986,0.6672687806131828,0.729597516084566,0.5336424530168649,0.6271665686929423,0.4278616563373154,0.6867699767885631,0.31998011928678133,0.38357232053741613
0.6525518350606,0.7790482671638306,0.14892456500114523,0.20673446074824153,0.0,0.48354740895133647,0.09128772607254697,0.07860217624635657,0.299347428453178,0.603042784763958,0.0,0.5193371678600249,0.3876123100646106,0.0,0.449802237639591,0.6404178291365548,0.5607887902513986,0.7218359614952459,0.28466903121068493,0.5189918336272583,0.4506797113997692,0.41709469287334616,0.2849527309922429,0.715030439815751,0.7152838789486412,0.0,0.46430058189521284,0.5684547559472529,0.5326907852720943,0.1950143652408623,0.46218943948561086,0.0,0.15357695293707524,0.0,0.04035040500931807,0.0,0.3088279485959708,0.37860760703261487,0.0,0.0,0.0,0.0,0.0,0.0,0.28793409372535966,0.6030128275671424,0.654916349104151,0.30758129634086256,0.0,0.0,0.17272964987358919,0.06378198068467046,0.3187098746011009,0.44260454093912516,0.1641075803136018,0.3410316701269361,0.5410813056932157,0.05857376321744163,0.0,0.5808522443748492,0.23938586360816347,0.5459849777841329,0.6293236060922323,0.28522833629709804,0.4561093613128033,0.4303318969197939,0.5961063784907206,0.36779936460329915,0.6322378616344825,0.5885668761455531,0.8137372812261999,0.35397334079522474,0.1262461614221555,0.3178856201078153,0.028816922771018876,0.029562947433252818
0.6088239835614994,0.2767091061481917,0.3737247278549385,0.1181465229860745,0.0,0.5525777959858106,0.04038776862705613,0.0,0.5601727197156912,0.4306353100232399,0.05481168029863323,0.21971564204265404,0.14024625484034264,0.0,0.6043346174627182,0.5721799440454652,0.26293252673118067,0.586622203406052,0.36051873015604124,0.7144034710669996,0.4926205837067681,0.4973487305169627,0.31037276353581883,0.3968206678304644,0.6693929195903686,0.46430058189521284,0.0,0.6567414723612913,0.777489008331502,0.0632931179968103,0.48248165643503915,0.0,0.0,0.0,0.0,0.0,0.320787240265674,0.21841855764718315,0.0,0.0,0.0,0.0,0.0,0.0,0.13413247346756635,0.5832871912929691,0.48812287163970636,0.5547210756241623,0.0,0.0,0.2734340629719487,0.05485212682655632,0.14041736573317481,0.6411352719193258,0.04658622961970052,0.42433857045342316,0.3548798758245628,0.0,0.0,0.6516398969550012,0.33890584455163436,0.23353181305898238,0.413339767404745,0.35732209268786125,0.6607489746341086,0.5105792061713773,0.6891429902189218,0.4356929198452438,0.3960158636403606,0.5902149546297634,0.47714737567126925,0.8079508681387602,0.18897125180787058,0.5635752103515895,0.08986355810563498,0.13425651730736984
0.5140339642091006,0.35546098652240465,0.2870302431691131,0.16039669957221786,0.0,0.5276964866053607,0.0,0.0,0.544723069611381,0.5234499718182573,0.013118372538804036,0.5157668898022743,0.336905670890366,0.0,0.5626550404081064,0.5751909437131755,0.4431269525831548,0.7004961356110082,0.3536109847042393,0.7584752569803973,0.4237386608007872,0.5314406428844313,0.17486715843548595,0.49178721487529703,0.5957266793852468,0.5684547559472529,0.6567414723612913,0.0,0.6716268100135906,0.3207588215112493,0.48201990977530895,0.0,0.0,0.0,0.0,0.025502160295470016,0.49712982012207696,0.23995314533839984,0.0,0.0,0.0,0.0,0.17373646810189447,0.0,0.19571657577145962,0.5295482741249264,0.3391614788262952,0.4226891358609559,0.0,0.0,0.14831780795589947,0.0,0.215934056438228,0.5876936717946244,0.07690243480689611,0.33501618184065873,0.6169452268732127,0.0,0.0,0.6912723925205198,0.223482374595788,0.34586886759564955,0.5427903314912568,0.2860869712109188,0.7010811032993604,0.4371629134608789,0.6943947062770643,0.24660164399671977,0.49306985023845473,0.4614940051260197,0.43739833985987037,0.5171453483140085,0.3412888331232771,0.414408118787481,0.14058473330374086,0.13254189200117864
0.7776181774266413,0.4102277803122968,0.1881883747447643,0.24348441020167294,0.0,0.5133581028489252,0.12920859059148437,0.0,0.3230142288204383,0.5262204705604161,0.10628802361371294,0.060090275539498667,0.4068896404354996,0.0,0.7228821411307951,0.7017873030197914,0.19142850124576816,0.6400435629993009,0.33336160968497425,0.7889525245133241,0.7136959254815974,0.6834052316352105,0.34180540039206025,0.33591033237486667,0.6839503739568358,0.5326907852720943,0.777489008331502,0.6716268100135906,0.0,0.11464525955852575,0.6071518238088296,0.012806411317397067,0.0,0.0,0.0,0.0,0.3211828728326105,0.1026995659276231,0.0,0.0,0.0,0.0,0.0,0.0,0.12549021155283005,0.7491242138427102,0.5166438773501625,0.48011356751030976,0.0,0.0,0.24131163842041972,0.030058886924844336,0.2034555117292124,0.408023652248852,0.10971005979509613,0.42524793114307385,0.23789750428665815,0.13177280787413181,0.0,0.7355293057238578,0.6184739667945769,0.33698286277107015,0.5680084591208855,0.3369979817215889,0.6681584400225665,0.8015391132979471,0.8298997159100409,0.5582339954073879,0.4248587325589725,0.6985638189637698,0.5989764290702009,0.6572458607546635,0.1446003676552861,0.7661818638151564,0.13958141142852726,0.33252820172808567
0.1330356255211179,0.0,0.0,0.39808027489511044,0.25833959577292454,0.0,0.3410357126260691,0.17594236329510313,0.023570031337651166,0.3307393443394071,0.26381645452062324,0.2025103174563471,0.1814103289963264,0.0,0.35228812074316906,0.15272001785312858,0.2565065749399576,0.0,0.0,0.27883523300459784,0.1830287673210886,0.3131970765057464,0.0,0.12636962571500254,0.0,0.1950143652408623,0.0632931179968103,0.3207588215112493,0.11464525955852575,0.0,0.4363873499590356,0.0,0.24366989166298608,0.3479550968223427,0.3438399687885656,0.07247329301446939,0.11427134849295052,0.21786238725274468,0.0,0.0,0.0,0.10932173037376779,0.0,0.0,0.04684746808382646,0.20224315668995702,0.33504835585132264,0.0,0.3052236328411117,0.33050998764089407,0.0,0.4012618023024863,0.33651614550952436,0.09158774048688546,0.15479832209958844,0.4201625814257819,0.23574218079094217,0.0,0.0,0.15644681976602692,0.0,0.11481184642126743,0.13894577812549658,0.059931847028629075,0.03555932557751564,0.13896319540849836,0.20405259157806596,0.0,0.042922112546190404,0.07288772429370038,0.23282764771660555,0.0,0.0,0.0,0.0,0.0
0.6354393655208979,0.16836689279001874,0.0,0.6286782345193778,0.2508041830001591,0.0,0.5149163884016313,0.0,0.08409273255065072,0.5804412870179404,0.23423488785992408,0.17494677272194065,0.2036543596002194,0.0,0.6803147264971299,0.7589549050733466,0.2574621223541348,0.39555817490885964,0.04404907936135458,0.6719026789741687,0.5478806485435544,0.6959995948145672,0.0,0.3622768665716933,0.3125370293424188,0.46218943948561086,0.48248165643503915,0.48201990977530895,0.6071518238088296,0.4363873499590356,0.0,0.0,0.315777651158452,0.21063027879329865,0.4272153823638085,0.0,0.2652352410772828,0.2936944506075071,0.0,0.0,0.0,0.0,0.0,0.0,0.22333094985819024,0.644869899000461,0.6051408692507075,0.10775730572767685,0.15879721061703905,0.0940964019144104,0.0,0.3180308945791763,0.37632378767736857,0.3059798887296371,0.06187734936870284,0.6166435616512075,0.26746781691086857,0.0,0.0,0.4723244631760398,0.2805897800933977,0.1153096667843719,0.3423264900757364,0.16174817107981304,0.1666490782827154,0.5600422149632885,0.5102820581812528,0.14611485932454593,0.29628721053224905,0.442786288905426,0.5159002242960299,0.2900966636970635,0.0,0.1895758057961914,0.0,0.0
0.01078268322842431,0.09801888308564731,0.0,0.03212699249685689,0.04005909687351397,0.0,0.1257819203420261,0.23192088530970115,0.0,0.0,0.039155131361252975,0.0,0.16432487023852277,0.26736189457433973,0.014376680257899592,0.0,0.0,0.0,0.0,0.0,0.14731838510316672,0.0,0.11782738220317561,0.0,0.0,0.0,0.0,0.0,0.012806411317397067,0.0,0.0,0.0,0.15456411619319843,0.08467153521036073,0.0,0.06342675109757737,0.0,0.0,0.6859887175492096,0.39034655602698126,0.38418770032589233,0.0,0.0,0.0,0.0,0.0,0.041031362053976825,0.026018185840710778,0.06011953464685564,0.0,0.03910501373622392,0.09249673326960477,0.0,0.0,0.037945940013060536,0.0,0.0,0.24902339485700684,0.12771246461302665,0.03963881514070169,0.27737173415219246,0.12397965641522163,0.0,0.05295133369520241,0.010224035014316775,0.16930771383404633,0.06526160856068754,0.11432271611392743,0.0,0.0,0.0,0.0,0.0,0.04687879104490129,0.2410216115598383,0.21809877007073494
0.06716680969717252,0.0,0.0,0.3328270696719095,0.33575952590329106,0.0,0.36302025734029997,0.17585546826391005,0.0,0.2178118119615936,0.17042049637543752,0.15278166304238555,0.0,0.12196336081629948,0.1511349300553527,0.20948868762212725,0.183028982647266,0.03251368524220001,0.0,0.08369339457912404,0.08174819400036122,0.19246132563885104,0.0,0.11909146967257093,0.0,0.15357695293707524,0.0,0.0,0.0,0.24366989166298608,0.315777651158452,0.15456411619319843,0.0,0.6174743749770346,0.3682036519415057,0.17974551075276493,0.0,0.2865839919288955,0.0,0.2589803686359847,0.0,0.16900615471610964,0.0,0.0,0.2738515866984248,0.023035639044397403,0.27438401816299407,0.0,0.34023221474919796,0.18745101164048547,0.0,0.24961882358237145,0.18580416502078695,0.0,0.03640382019040959,0.14501580258247562,0.1643419244542643,0.0,0.12668509199064962,0.01022723584705798,0.0,0.044669358702131685,0.0876559260538814,0.07203470377072245,0.0,0.040878993181104224,0.0,0.0,0.0,0.12690676538059123,0.16792518955583544,0.0,0.0,0.0,0.0,0.0
0.0,0.0,0.0,0.374463108438413,0.5435654760114871,0.0,0.4052187273413502,0.19083932015916083,0.0,0.0,0.15826592779332588,0.0,0.0,0.39503742260665764,0.0,0.0,0.011894086413419354,0.0,0.0,0.0,0.0,0.13188620323635242,0.0,0.0,0.0,0.0,0.0,0.0,0.0,0.3479550968223427,0.21063027879329865,0.08467153521036073,0.6174743749770346,0.0,0.5150520812913836,0.2349829038827382,0.0,0.15145471861024007,0.0,0.05871339207482705,0.017590068409046988,0.39403080801090923,0.0,0.10037208745428208,0.15820917185394662,0.0,0.07955874434318629,0.0,0.39146052106359663,0.39247754567673204,0.0,0.22358125648479132,0.17794732358505067,0.0,0.0,0.055114277510210155,0.0,0.0,0.2610038221708933,0.0,0.0,0.0,0.0,0.0,0.0,0.0,0.0,0.0,0.0,0.0,0.0,0.0,0.0,0.0,0.0,0.0
0.0,0.0,0.0,0.599894545979556,0.5161962457344946,0.0,0.521550379358462,0.16681750572466633,0.0,0.14301586271586628,0.2718991203936095,0.04961429419822819,0.15218913626730585,0.10364235293469545,0.2094408260851166,0.12446146893844748,0.04938208898855472,0.0,0.0,0.1636691245660251,0.04019460168449634,0.2797065839473596,0.0,0.0,0.0,0.04035040500931807,0.0,0.0,0.0,0.3438399687885656,0.4272153823638085,0.0,0.3682036519415057,0.5150520812913836,0.0,0.0,0.0,0.1237988529279148,0.0,0.0,0.0,0.1666739683625396,0.0,0.0,0.0,0.025373217928770144,0.36482524559713053,0.0,0.4325732097822221,0.529628574198477,0.0,0.4809842690880646,0.2758644221085533,0.0,0.08382462626383835,0.3411709802297634,0.0,0.0,0.20180033383954668,0.0,0.0,0.0,0.0,0.0,0.0,0.0,0.017517056513334333,0.0,0.0,0.0,0.13773950618769523,0.0,0.0,0.0,0.0,0.0
0.0,0.0,0.0,0.006948897665979418,0.19390950711226626,0.0,0.1448384819107917,0.16381580175127106,0.0,0.0,0.07077888058562908,0.07439034135808753,0.0,0.20146732333405928,0.0,0.0,0.0,0.0,0.0,0.0,0.0,0.0,0.0,0.0,0.0,0.0,0.0,0.025502160295470016,0.0,0.07247329301446939,0.0,0.06342675109757737,0.17974551075276493,0.2349829038827382,0.0,0.0,0.09934977612542281,0.012451905674373029,0.03972735529369592,0.0454611086507921,0.11966641136352789,0.1207682241056845,0.4314066080257353,0.0,0.16968749512710768,0.0,0.0,0.0,0.0,0.0,0.0,0.0,0.09161789933890283,0.0,0.0,0.0,0.07447910866514529,0.0,0.05573401610898228,0.0,0.0,0.0,0.0,0.0,0.0,0.0,0.0,0.0,0.0,0.0,0.0,0.0,0.0,0.0,0.0,0.0
0.2779316341465811,0.14337116828628235,0.26622422775386406,0.0,0.0,0.3756289425737662,0.0,0.0,0.3733960492497176,0.3006344626746222,0.0,0.4187877345231777,0.0,0.0,0.20084271515109672,0.2660370213851077,0.2699125651388586,0.4664351239083175,0.31226972999264085,0.2552365855631907,0.1464169825942205,0.06793749225393086,0.09577041698057666,0.48630566501200223,0.3800122834949295,0.3088279485959708,0.320787240265674,0.49712982012207696,0.3211828728326105,0.11427134849295052,0.2652352410772828,0.0,0.0,0.0,0.0,0.09934977612542281,0.0,0.14905896976112135,0.0,0.0,0.0,0.0,0.30264926257132413,0.0,0.13248787773266188,0.26265839046136197,0.05394539891823324,0.29591155139430836,0.0,0.0,0.18523206046233656,0.0,0.038073757496049083,0.39053010910256447,0.0,0.12883204646871915,0.5074425078499768,0.0,0.0,0.4165570904953153,0.007135995018511009,0.25068227128297227,0.2803270476758763,0.3839474560154904,0.3045433479395093,0.1447109937749824,0.24894553170111602,0.10000281432566713,0.4156669332067332,0.21170854370954056,0.1819904119246493,0.2337658802878401,0.22576109320172202,0.18808222028550295,0.08397898374208106,0.06618714758289009
