0.0,0.15852263300714226,0.10066954052907293,0.21663400458121446,0.1758228375807443,0.39384078284423596,0.17768011856428878,0.22112641139074046,0.20270534917143856,0.3367178837742056,0.2067261039940365,0.2004224165612696,0.33087973318146047,0.0,0.11570840517806612,0.5762580239923916,0.1840912087028717,0.3304447694636133,0.12041183080073749,0.03872122016009176,0.5000707694352816,0.22614621140195562,0.3160318931287643,0.3327260596856706,0.3620488277792559,0.27895659040863763,0.257030196369415,0.32647921504662714,0.5844720422476003,0.4611897240209936,0.49633412790427456,0.36617222053232373,0.49873524872819414,0.3629337269275933,0.13531212312413676,0.0,0.0,0.04498623925982987,0.2742952396559326,0.5055028657429451,0.20420952596062605,0.11751966223666593,0.060108466433430374,0.09450057083587342,0.31190149374840415,0.6631574359570822,0.2729418990129229,0.11473524398542123,0.2885301300211589,0.2666005342620534,0.23585306688335028,0.35285708270726457,0.19682881808574626,0.17493069936349456,0.15590988780001375,0.17828467527611216,0.12014806212907074,0.36884575646955775,0.15389233336051683,0.14442417143503797,0.430157381933832,0.18030525438510314,0.3943252926696808,0.16679210500271224,0.054375662161826495,0.48565600603393944,0.23712821466296713,0.2675933543900723,0.3656269852463683,0.30830919676327073,0.3183791632734896,0.29737016590861876,0.45951491752413637,0.49737918997747477,0.36612952032895074,0.3714993800007425
0.15852263300714226,0.0,0.09195476360895072,0.0,0.26167766844971213,0.3853617486768816,0.1204359431237331,0.173658691999873,0.20180224391757354,0.0805900280390346,0.02756062501701719,0.12455855854229514,0.35222925652349435,0.518599133362991,0.0,0.3621812888423553,0.08903500584816981,0.45837440098625903,0.0767482188922654,0.09933144132402007,0.21971310535450325,0.3936550856306028,0.0,0.3074348861204946,0.5127954924429513,0.7220748457349384,0.0,0.01765273129008061,0.0,0.20586831149822826,0.10783772185971778,0.5040265402298149,0.09835143750802038,0.23083476804921416,0.1767277914759347,0.386727662437251,0.4164019906418413,0.18159139295423876,0.40149776274478394,0.02645715199567021,0.340917139330673,0.35432928248270074,0.4853000718628065,0.4432333191095951,0.20402019230600937,0.020062135131773164,0.04817388269979869,0.1277559752230441,0.16000506184575858,0.0,0.0,0.053475342140415646,0.21039526745335224,0.0,0.1469435009168929,0.017101888627162616,0.21625876411073322,0.3090581184788509,0.24888974893954152,0.0,0.2620441582783414,0.04270729757896113,0.0351709963744615,0.08962414487847198,0.023913079339572846,0.1531151927676218,0.027276404550370944,0.0,0.11889901542369062,0.15383668709925966,0.3861075801920547,0.0,0.24448325837103357,0.0,0.48809097979635163,0.48067633940611787
0.10066954052907293,0.09195476360895072,0.0,0.0,0.6860740250627313,0.5666890148347877,0.4711162805730701,0.5401918728989411,0.7697796214201225,0.3257604126356005,0.8944252088901281,0.4980026453807878,0.42056187767494974,0.2567155628818745,0.6130389011057781,0.0,0.20635132765652528,0.15705765216436726,0.8625778509963484,0.7298739060725065,0.4017990993514419,0.6486507412786071,0.5243573430983626,0.3175457617972172,0.030315523582842008,0.36128237398397856,0.7005375720679402,0.5756314049227874,0.30217441932200617,0.461322097489883,0.30776524837886465,0.019818475033573528,0.22385614393598066,0.4164059992521438,0.18748902498228825,0.35934391172798674,0.28869841137554897,0.2420924617388276,0.0,0.18557047061453033,0.0,0.0,0.14796192751184223,0.0,0.25216454351739354,0.19794288219532533,0.4739025478920829,0.947191934076968,0.010633931377985857,0.4510254152526056,0.5671177894046563,0.4318120141325482,0.5977651846841537,0.7564510977020109,0.5246688299591827,0.86087375977682,0.5973927910455662,0.2551210865753805,0.0,0.6224231042993565,0.3360995854588694,0.4463589645391885,0.3387964389120597,0.8793928930289073,0.757183384347592,0.5070187084251314,0.700824371955419,0.6240970753373358,0.2934425039092542,0.408116708835695,0.5236469959127712,0.608158976519931,0.3751488641998817,0.3148898056120395,0.18828510400427015,0.0
0.21663400458121446,0.0,0.0,0.0,0.0,0.1562367004304954,0.22626015679868486,0.17766845134385015,0.0,0.4577978831771812,0.0,0.3530724643705697,0.20006161588395519,0.0,0.10439121410491005,0.18483165587812592,0.40768784720470597,0.051010608840441465,0.0,0.0,0.23726168886085866,0.0,0.2949135023620971,0.2577561415361196,0.04345489528828157,0.03169385474115321,0.2022017759853095,0.3080058791469336,0.37959355246476845,0.0,0.25825670067683454,0.13386113847653472,0.3063399870331594,0.07539828747942207,0.013128085836051157,0.0,0.0,0.026115023799012142,0.12077828970744069,0.35533005379480137,0.0,0.0,0.0,0.0,0.02347632809999552,0.332530040456632,0.2597527437654644,0.0,0.046387043670705216,0.19150420801321752,0.24519836732080263,0.19073637730672194,0.05749593163920666,0.06560967267062223,0.27112433183107787,0.0,0.06965505147202429,0.12298080182053998,0.0,0.19405341144988408,0.159479688231437,0.27449854893680775,0.3590039159439734,0.0,0.0,0.22998803631382433,0.02260577424335251,0.22088030133214753,0.30148662043750846,0.14554272498673917,0.11876016916108773,0.233580830883739,0.08872070127054786,0.31939244602976447,0.0,0.014833726656079682
0.1758228375807443,0.26167766844971213,0.6860740250627313,0.0,0.0,0.4523103871339159,0.740205903069914,0.43987650835807973,0.8839769461489743,0.29767436789167473,0.768895356787532,0.4453541837166531,0.41331186087677646,0.37622016315813767,0.4933966010435486,0.029245989913470972,0.2438669312630525,0.2374277898795346,0.5105222529719199,0.6567683707460549,0.4223422946829657,0.63810683320209,0.3625740611547283,0.43277710169798944,0.16501974498029684,0.44675153557906677,0.5694623968443574,0.5834048664897262,0.23087047098145944,0.3435961129537693,0.3819507772655963,0.06647857509715334,0.18272420699660405,0.49841353411823225,0.23132786926187235,0.5527316830907604,0.21706131524003014,0.3460358695650468,0.0,0.12056166228351001,0.0,0.0,0.2981458926024364,0.0,0.2739385404024336,0.2575221966821542,0.4701348597544928,0.7247644896432007,0.19634450040010248,0.5684453007508653,0.4282020505966828,0.5347790659242995,0.5252050315370642,0.8144567989182045,0.5512730199805749,0.7875361888689629,0.5990877281618989,0.27331403208691923,0.0,0.4426530183469064,0.3711852544996685,0.4449581216888959,0.3732422967561166,0.5859550147004289,0.6575335664498035,0.46630655810864996,0.6457457051583751,0.45999179347088076,0.41927784055423667,0.4455344023637293,0.5749285889434224,0.5305999424250439,0.48754485950203974,0.2534254141126174,0.16693843950469348,0.07891247318034839
0.39384078284423596,0.3853617486768816,0.5666890148347877,0.1562367004304954,0.4523103871339159,0.0,0.5768249526577602,0.79495351911019,0.5243079654238029,0.6699344397435951,0.5217154676789888,0.7546891294931548,0.826335946358753,0.13465271840647103,0.5632809183614708,0.3590719061064457,0.5017792124485025,0.47827555677001116,0.42453346989716556,0.5352431495756265,0.7851765776161022,0.5669140824110831,0.7996953558688077,0.5903967445432077,0.32985303798239135,0.656244410963325,0.649321452202599,0.6455699530530777,0.6385855424036097,0.5130970633154065,0.45684517327621976,0.2976998177471921,0.5289346550894425,0.5323884262137508,0.1625109660075402,0.2573571604641958,0.17800173128660812,0.310377121230662,0.08399519532026962,0.4860879482824682,0.0,0.0,0.2655711626806836,0.0,0.3947624629272328,0.4294929783271942,0.6400561527255467,0.5513061767731903,0.15790780790161787,0.3910313422701448,0.7282579444470487,0.507564212624351,0.7297154291811778,0.5399712061956397,0.6089684039403948,0.522499780103081,0.6634976106902766,0.5775095177434533,0.0,0.5577263329200397,0.5533082167702771,0.5315482350224175,0.5452309919629209,0.46517221672726095,0.5109417859106214,0.7283185929137471,0.5769601129986852,0.7374260781864416,0.5020396690330345,0.5476568166587669,0.7002866413241933,0.6193902258676187,0.48933688103688594,0.4408191633029996,0.3043915999023019,0.12600013522841413
0.17768011856428878,0.1204359431237331,0.4711162805730701,0.22626015679868486,0.740205903069914,0.5768249526577602,0.0,0.5044521570992326,0.6190659257330926,0.6165591685357603,0.6308233968221761,0.6186729886514363,0.6362358736638473,0.02364815443476746,0.5497762226224614,0.14154024309160604,0.6338451636379839,0.3870455607214934,0.25309133900731995,0.5585279807726462,0.4822623759053909,0.46809883793211166,0.5879110946109827,0.4915209987170932,0.3127725735885624,0.4823344234066144,0.690161206189466,0.6978061279764707,0.48427370003284326,0.2931111141117318,0.5512866935109382,0.08850520072332833,0.32939780846782046,0.4054831006030511,0.11784407958792659,0.30896567937787617,0.0,0.38863341956556047,0.0,0.29618548308110293,0.0,0.0,0.15445294828496206,0.0,0.2770918147831672,0.4118697549010362,0.7239699806257129,0.5310350672801308,0.23092410907216523,0.6336619246396848,0.6696832809986003,0.7053415271728092,0.5186535961482248,0.7124429118967719,0.826644024771413,0.6350160393038308,0.6089192441961172,0.41480538971007946,0.0,0.6028911105325209,0.49153338420646214,0.7438920964781167,0.6194904204272046,0.38139905282136927,0.6282886446497034,0.6012693008779736,0.6729679696769548,0.6139324224524415,0.5446646168140047,0.6700689173258937,0.704571903148936,0.7362720096752661,0.48606029713249493,0.4981155577654641,0.04627598069522528,0.0
0.22112641139074046,0.173658691999873,0.5401918728989411,0.17766845134385015,0.43987650835807973,0.79495351911019,0.5044521570992326,0.0,0.4805939019073121,0.6210311070116089,0.5089562780245763,0.8610515861783061,0.6668492483773304,0.09640405222942189,0.6299914343043461,0.0038190756465692594,0.5181843025326612,0.2170947478799548,0.3955607351834113,0.5999630859162064,0.7126100663397491,0.4583411444828163,0.8624519183067398,0.6974940883637784,0.010977726637260609,0.613999588036988,0.5844527512542309,0.6103952461667423,0.36099593925585804,0.30693349896023675,0.29155232711723017,0.14258884010748343,0.41351484884950307,0.40816456018558295,0.15506370601831243,0.3432217749902168,0.15119346919255405,0.3430235880837352,0.0,0.36266924416916796,0.0,0.0,0.30659973814626246,0.0,0.3260883104904244,0.42206294319011006,0.6593395034278109,0.5101985450233748,0.1851143438391055,0.48655215004334335,0.7312865671229838,0.4927398060417114,0.9101049970560495,0.5653178902671094,0.6184587764787952,0.5738896958823646,0.7996946452881084,0.47805476296352795,0.0,0.6683015209539476,0.3323060478078959,0.5821473075251204,0.45158050173730635,0.4596079089755047,0.578040678866216,0.7113295479704325,0.6097906784294056,0.8336224828285869,0.6131085251252837,0.41832342713834103,0.7233122945276922,0.5817904383427311,0.43070699745712854,0.3001341076258122,0.07519977929135618,0.0
0.20270534917143856,0.20180224391757354,0.7697796214201225,0.0,0.8839769461489743,0.5243079654238029,0.6190659257330926,0.4805939019073121,0.0,0.29128140949129877,0.8195317647741464,0.5015172133132172,0.4446768288786857,0.3474493889074287,0.5805808431365049,0.0,0.17923541610076743,0.13591794891430062,0.6601746207293442,0.7249184572068595,0.45943674922857375,0.6717867205325643,0.41683846456513796,0.36725708750145425,0.018667123913767132,0.4132461283908536,0.6323665297674442,0.5479365950687192,0.26703885944766104,0.3982878224142791,0.28946576113184835,0.03460312778654496,0.22262318115117674,0.42579726611319174,0.17519926480910095,0.503620449750817,0.20281039235014156,0.26408841444622855,0.0,0.15439688622370515,0.0,0.0,0.29395806915293304,0.0,0.29296306168187625,0.26820103942286555,0.4461439802843912,0.8488462476132449,0.2767167252754787,0.632866467052146,0.4885659215091463,0.553188970766493,0.5363704862571805,0.9016746251351075,0.47571631013571036,0.8270899790839428,0.6263821709511779,0.3659773116188501,0.0,0.5441267061622969,0.33825550881662725,0.45121903980985106,0.35408887760366836,0.6599530027388104,0.7130239837771175,0.4990944373518009,0.6767838344958989,0.5108942118698331,0.364447677000933,0.38032826960456784,0.5678490182215841,0.5600859834031392,0.5176769019219918,0.2601178711264906,0.15043002238921632,0.019962690875490734
0.3367178837742056,0.0805900280390346,0.3257604126356005,0.4577978831771812,0.29767436789167473,0.6699344397435951,0.6165591685357603,0.6210311070116089,0.29128140949129877,0.0,0.4220694693765362,0.7655235023401552,0.6691330292933095,0.0,0.44288400842402387,0.3704782063294388,0.8275492682436516,0.45052187601161653,0.14067190029698573,0.3802786543318113,0.5611440880012244,0.31447146139763327,0.7259596955410507,0.6275030064792929,0.35735045571088236,0.5552510511704413,0.5871618716012316,0.6425035944183803,0.6135543010128995,0.480589413953952,0.6557222415334104,0.30945859269376685,0.4768318563946799,0.3680057964594501,0.20596299414164787,0.0,0.0,0.37523454472585166,0.03705412291184795,0.5580306501176502,0.0,0.0,0.16471431654800547,0.0,0.3391679411066614,0.6168526701152579,0.774008986041719,0.3617647006660811,0.3247444971236374,0.5354031597463685,0.6664373724459438,0.7060574731252628,0.5612954616822641,0.44159788352058854,0.8098310874765375,0.4180409922773322,0.5582129553786936,0.6204400718041443,0.0,0.5302641801871204,0.6346629998773472,0.8085318121374592,0.7458649634183553,0.30687916836278173,0.42753036147104073,0.636182946346987,0.5344946368353801,0.6910888327031929,0.6189153448383068,0.6673843760616993,0.7046507555039367,0.6289541846572239,0.6028099573113915,0.6084846963773118,0.3143162321532391,0.08300263338432844
0.2067261039940365,0.02756062501701719,0.8944252088901281,0.0,0.768895356787532,0.5217154676789888,0.6308233968221761,0.5089562780245763,0.8195317647741464,0.4220694693765362,0.0,0.5575111937234406,0.47152147248744725,0.14486334132050246,0.6591910454944899,0.00127257068406021,0.3648179081038139,0.18013882153866057,0.7657254736030892,0.7293599266032995,0.430194776946912,0.6584617622576819,0.5592314859895677,0.3472661792795164,0.0909956581502299,0.3645100105365317,0.7882463021277403,0.6747445245452349,0.4221262586031776,0.4413794030638603,0.42171519515800027,0.0,0.24571256714032902,0.4225136756099856,0.2226422551395058,0.30524468299697316,0.1095813968335919,0.2787372190833405,0.0,0.22584113913991957,0.0,0.0,0.14863745968890718,0.0,0.22761477960769527,0.37964402603148223,0.5923816074580349,0.8787467006439275,0.11568852985776243,0.6598734251047729,0.6090250693722302,0.5711060215396104,0.5691388639430353,0.848452281034015,0.6056021580108258,0.9456761366329645,0.6221818531088522,0.32960419687705456,0.0,0.6705733330727321,0.40825319919605285,0.5703157332638462,0.46871882288347144,0.816079005156103,0.774456964273443,0.5486634035135342,0.7897168873281771,0.6729102220165755,0.4316247738196422,0.5122730077690335,0.5871854197609081,0.710301811143586,0.5038464554435739,0.45973947902478385,0.13979109530870854,0.0
0.2004224165612696,0.12455855854229514,0.4980026453807878,0.3530724643705697,0.4453541837166531,0.7546891294931548,0.6186729886514363,0.8610515861783061,0.5015172133132172,0.7655235023401552,0.5575111937234406,0.0,0.6866808855730102,0.0,0.6465793032412398,0.01955270394396751,0.6385475499214619,0.2589978934120073,0.3738163560297925,0.6288048459026447,0.6237348234070945,0.4833910219706766,0.8130357333747494,0.7044135694005726,0.03064799898867221,0.6539503333292876,0.6062215930983774,0.6647226404938799,0.3792952193963666,0.34134021207332205,0.41182265300874443,0.1274789560892542,0.414737932912991,0.4206060949628618,0.10213558639845531,0.2392885285103963,0.06045593270737106,0.4281245928343273,0.0,0.46617779145320587,0.0,0.0,0.24803418409142214,0.0,0.3781243119969412,0.5076629753225225,0.7250375974306397,0.5419999331879747,0.24121014345485636,0.5911511696167399,0.7857278741075486,0.6573174063842487,0.8102197385882879,0.6287605883322602,0.7397492840979129,0.622754562596899,0.8589201341030769,0.5632581783829008,0.0,0.6944107130852628,0.40859372551076917,0.7519842479467079,0.5969972411714802,0.4506857378657263,0.6681950212724753,0.6401744734594514,0.685807890695373,0.8064046361457766,0.6684449953988385,0.4867653610728472,0.7905731799348341,0.6114206975650998,0.49634949395831063,0.4071358143260314,0.08564054398741093,0.0
0.33087973318146047,0.35222925652349435,0.42056187767494974,0.20006161588395519,0.41331186087677646,0.826335946358753,0.6362358736638473,0.6668492483773304,0.4446768288786857,0.6691330292933095,0.47152147248744725,0.6866808855730102,0.0,0.05718766945639731,0.5220047182748347,0.3702403501464499,0.6782043313963532,0.6698967953242239,0.3088165578691927,0.4900360758604626,0.6418824604700325,0.4938698819954355,0.6614704498337676,0.5570484551221958,0.3685689177418151,0.6820250734525821,0.530413682708752,0.721295820337034,0.5707815493064903,0.49599207320979344,0.4929104192025018,0.30358306955358927,0.4960591059158279,0.45584626395328837,0.11498626573787474,0.23238988654230402,0.1787668719490846,0.3749769094718187,0.09632504945080513,0.4484127565518363,0.0356556860690958,0.0,0.33344302214664634,0.0,0.43132212976982914,0.4333502919263505,0.6069830334618084,0.40042472295364673,0.2729837617806561,0.4157492197786449,0.6344802324597012,0.4833417615243603,0.5887402001677332,0.47182004328589244,0.6421480296754818,0.4509764525446193,0.6039044048651437,0.6390918225741582,0.04229786818016933,0.499245495217049,0.5521297934659675,0.6105831720242645,0.6359046618110656,0.3366788233029477,0.4515091646941476,0.6429373278516559,0.5476445875887339,0.5891424146863667,0.4800311026877537,0.5437928147992097,0.6838670191886,0.5007837622244385,0.5649607762395421,0.37189805518790864,0.29707866768844676,0.12012697312681027
0.0,0.518599133362991,0.2567155628818745,0.0,0.37622016315813767,0.13465271840647103,0.02364815443476746,0.09640405222942189,0.3474493889074287,0.0,0.14486334132050246,0.0,0.05718766945639731,0.0,0.0,0.02847698933841071,0.0,0.11719623308763706,0.2523752591196653,0.24828044441262856,0.06573981283353292,0.40014316797707433,0.0,0.11223737202933771,0.057761242788871944,0.3424423918881412,0.0,0.0,0.0,0.1396383610620323,0.0,0.15659002683744563,0.0,0.24408774337572603,0.24773748352270628,0.5804493986472962,0.47940780915414977,0.17726024330455337,0.161202572849222,0.0,0.1984072901670421,0.23663460980835677,0.48635119800637394,0.3898439858775237,0.06081065220572779,0.0,0.0,0.2673321987970912,0.1316573056362421,0.0,0.0,0.001688430634878844,0.17241734332361286,0.08416331248612746,0.0,0.12749356646234222,0.21154860202930367,0.0530949299231207,0.26939954259527954,0.0,0.0,0.0,0.0,0.23497801126348244,0.19101261814513998,0.0006947639790176178,0.061990976614913484,0.0,0.0,0.0,0.18927253757809284,0.0,0.08953123379922266,0.0,0.3231503060110898,0.23384763656706972
0.11570840517806612,0.0,0.6130389011057781,0.10439121410491005,0.4933966010435486,0.5632809183614708,0.5497762226224614,0.6299914343043461,0.5805808431365049,0.44288400842402387,0.6591910454944899,0.6465793032412398,0.5220047182748347,0.0,0.0,0.0,0.35593107712961286,0.17640450150160747,0.5445534034509903,0.8824492190089017,0.5793903155590783,0.7059287989274353,0.666121864903471,0.4100332842385276,0.053766329949820314,0.3582390671116537,0.8256978256373576,0.6577354287725447,0.5089234878931739,0.4451821899658143,0.384511618035388,0.0,0.4203838837999196,0.4439043713829164,0.0,0.23204470367797997,0.0749559064041478,0.34818829137389723,0.0,0.33906999834199875,0.0,0.0,0.10672401953096967,0.0,0.34268198582343334,0.32926972173076124,0.671161131905751,0.6064839322473881,0.16177301494026036,0.5684068266040486,0.7111418543962945,0.5144739343432713,0.6083483371792112,0.6952756071904874,0.5747379564043879,0.7006833180219187,0.6546880926710625,0.3678216559333033,0.0,0.934345989826755,0.3801644204355807,0.5434297581536244,0.4900169688240433,0.5135751824607727,0.8614025457744973,0.6633585371465546,0.872052858975979,0.7259514350482035,0.3862599107931593,0.5355705553394575,0.6405223256282351,0.7525367122819628,0.4265524717931487,0.45075962780423967,0.13916947090996978,0.0
0.5762580239923916,0.3621812888423553,0.0,0.18483165587812592,0.029245989913470972,0.3590719061064457,0.14154024309160604,0.0038190756465692594,0.0,0.3704782063294388,0.00127257068406021,0.01955270394396751,0.3702403501464499,0.02847698933841071,0.0,0.0,0.26218866547539554,0.6639451320845737,0.0,0.0,0.36017406094022064,0.21053106038185818,0.11545842326281015,0.23138077171931692,0.6371347946952276,0.3038398520090732,0.09703300849178069,0.21035149183366392,0.5267613287243219,0.46618938770033697,0.5184529462709724,0.5552860206665208,0.5116184426639032,0.2749057099768634,0.1551731705050951,0.0,0.09754091363716837,0.11005964033210237,0.479233457209732,0.40223317140728976,0.3360474632224338,0.33386388166623304,0.0049386347587708,0.21726510499020224,0.3110663142607493,0.38684671901176837,0.1810033620615274,0.0,0.12185122216968029,0.0,0.056635546773589854,0.15738007598959206,0.0,0.0,0.1802805480343336,0.0,0.0,0.2813852041012473,0.09759605226536358,0.0,0.5687854917846685,0.10113973673297937,0.36511364599754326,0.01960626350545264,0.0,0.30836683804403,0.024445929771998588,0.04024010391618849,0.22181209256715345,0.3322455659267402,0.21849923913273345,0.09395702578415395,0.27466229625678096,0.3417813642253551,0.5251311585786547,0.5639589694066459
0.1840912087028717,0.08903500584816981,0.20635132765652528,0.40768784720470597,0.2438669312630525,0.5017792124485025,0.6338451636379839,0.5181843025326612,0.17923541610076743,0.8275492682436516,0.3648179081038139,0.6385475499214619,0.6782043313963532,0.0,0.35593107712961286,0.26218866547539554,0.0,0.573159110105737,0.07635290814179672,0.2896883276853688,0.4257613318246089,0.18451428648767748,0.6187358049101755,0.5524933232903126,0.3412189465805487,0.5328430862118908,0.4433627590388096,0.5696649979319035,0.4940547262024126,0.3018053143574154,0.5742718269934073,0.23499767615839665,0.35901540231200924,0.22626842298845065,0.06230967758628819,0.0,0.0,0.31232754336441704,0.0,0.4321180615458561,0.0,0.0,0.14014984459222649,0.0,0.21421148340645121,0.4650765554453652,0.6900164084720316,0.18632968378662448,0.3178477170737972,0.5181906201411048,0.5899825423877407,0.5722771233249788,0.41927547009764865,0.37205278494969785,0.7549061216630509,0.34007445248199986,0.45780839529659406,0.5196409683481275,0.0,0.43222607248981165,0.592552386664417,0.8253944046805031,0.7577104677750571,0.21815743633611184,0.3274009228925887,0.47562857263993186,0.4506729568222458,0.532569648639919,0.6073292436167906,0.5788138147480384,0.6078207626143055,0.4900471260187946,0.45682666462989,0.4634621068526093,0.10667665415405699,0.02239275275195151
0.3304447694636133,0.45837440098625903,0.15705765216436726,0.051010608840441465,0.2374277898795346,0.47827555677001116,0.3870455607214934,0.2170947478799548,0.13591794891430062,0.45052187601161653,0.18013882153866057,0.2589978934120073,0.6698967953242239,0.11719623308763706,0.17640450150160747,0.6639451320845737,0.573159110105737,0.0,0.12075274721532428,0.1969162110844418,0.4155850965280141,0.3416540348324473,0.22845263932455082,0.3938052200866574,0.5466179386065683,0.579457846383867,0.16174415973123865,0.4090238340741275,0.37650280817516146,0.3835305883439058,0.4885767123209409,0.44011951773597835,0.3681057475625244,0.23014499963488924,0.06475295433138263,0.08498133058222716,0.16862613096854276,0.2724805414603241,0.24804004135342372,0.27195616569775805,0.18004377554948078,0.07584025255705985,0.2891733853161278,0.112689116646678,0.35132546608076654,0.3133245687271923,0.3478372485655077,0.13627986923051555,0.22511041691890313,0.14898919173634315,0.23225669781132305,0.29274185665319447,0.1549874650313024,0.11852465167270934,0.4201636777409424,0.1540773121474111,0.22928634595201547,0.4713351277865447,0.14163278418006264,0.12646370888400266,0.5850090195821631,0.40130896348866446,0.560121924328711,0.14393477030725227,0.12076072735128912,0.38077342000837194,0.22358072565914816,0.1824012865113936,0.32091367966891166,0.42593713872781985,0.42225516822721143,0.17762487650868528,0.4126724837150907,0.20578413884149646,0.4341191845334656,0.3719433435652372
0.12041183080073749,0.0767482188922654,0.8625778509963484,0.0,0.5105222529719199,0.42453346989716556,0.25309133900731995,0.3955607351834113,0.6601746207293442,0.14067190029698573,0.7657254736030892,0.3738163560297925,0.3088165578691927,0.2523752591196653,0.5445534034509903,0.0,0.07635290814179672,0.12075274721532428,0.0,0.6168588109853168,0.31699587541294005,0.5817529603668912,0.3368941403236171,0.1895141142888863,0.0,0.24814217038897318,0.4962942116149641,0.39055391531330985,0.18591413824543904,0.3716118861923215,0.1589264715053049,0.051055156763373945,0.15577855525146386,0.3155716968071553,0.07945863004439288,0.3044231497699198,0.2553665484294521,0.13060408793617845,0.0,0.0988036074611561,0.0,0.0,0.19862618661242398,0.0,0.21386015077921497,0.14172690246124986,0.29715095891881055,0.7811741064875868,0.030192769314690164,0.30500665587683684,0.3660261507007528,0.28170741283697376,0.4544004665260077,0.5713812576441707,0.3051419777576699,0.7080533236897296,0.4904031265599995,0.22682554868091784,0.0,0.514926631674755,0.20705812616415428,0.2506946625511744,0.19585602327634904,0.907987529373782,0.6247113896992681,0.4042844631599255,0.5948208193993735,0.4482741090180884,0.18093734182700671,0.24924743898647814,0.3725451348293268,0.39108560553378224,0.3292910814781302,0.1712271283613597,0.19262609089320704,0.03786994648246875
0.03872122016009176,0.09933144132402007,0.7298739060725065,0.0,0.6567683707460549,0.5352431495756265,0.5585279807726462,0.5999630859162064,0.7249184572068595,0.3802786543318113,0.7293599266032995,0.6288048459026447,0.4900360758604626,0.24828044441262856,0.8824492190089017,0.0,0.2896883276853688,0.1969162110844418,0.6168588109853168,0.0,0.4317783425581493,0.863464480453423,0.5400273150202699,0.3817827017314857,0.03301963057832381,0.4667151478022049,0.7120131096722364,0.6219350587998557,0.3441795235661157,0.40924488505166534,0.359458955115019,0.0,0.26214760479494204,0.44857139362149834,0.11780071290618187,0.3941276102537102,0.2204503284390536,0.3616512348311976,0.0,0.15740627075776534,0.0,0.0,0.2618601299883035,0.0,0.30633653194719185,0.24069600650228076,0.5852768584279021,0.7718292961192023,0.1767892387205158,0.5573094030939035,0.5924905695624219,0.507136151756467,0.6262653284187386,0.7474392378526563,0.5826094890378642,0.789764303074228,0.7003637466406487,0.35026861285973254,0.0,0.7944360004960382,0.3756058569928953,0.5394017674556327,0.40631837043046365,0.631703885138056,0.9772902259155848,0.5296563140968923,0.9131170123235732,0.645842763716905,0.3258509117113086,0.4642393796728691,0.6524206802680664,0.6236122470774743,0.47304222788047745,0.30256819175392285,0.20112724182305317,0.0
0.5000707694352816,0.21971310535450325,0.4017990993514419,0.23726168886085866,0.4223422946829657,0.7851765776161022,0.4822623759053909,0.7126100663397491,0.45943674922857375,0.5611440880012244,0.430194776946912,0.6237348234070945,0.6418824604700325,0.06573981283353292,0.5793903155590783,0.36017406094022064,0.4257613318246089,0.4155850965280141,0.31699587541294005,0.4317783425581493,0.0,0.48600443786352493,0.7113308136796014,0.5957328300866572,0.2784928001738349,0.5537551526564227,0.5888125679539538,0.608808054705527,0.6295591434984948,0.4767638656082554,0.47895065513372037,0.31163472084414023,0.6062170037447165,0.5080226984177277,0.07081444831860195,0.24771037956209263,0.12589402466332641,0.32196508742986957,0.1262337934363011,0.490158398360286,0.012706496399239563,0.0,0.23783265757539804,0.0,0.38154030327699373,0.5250657314682832,0.5689997187985667,0.37984471486068644,0.24029589438679236,0.4051972142640073,0.573660075303882,0.4684398169450383,0.6340379998867851,0.47651846995567293,0.5108024485088082,0.44855105636164183,0.5531914388403522,0.4783388837611494,0.005793538542757879,0.5629145848816952,0.5091955095785738,0.4669891318687244,0.5069090517333037,0.3140215434947386,0.4040705869960804,0.8165717912821971,0.5308695376391012,0.6437356082215929,0.5651748607388956,0.4693065200013543,0.6085071320560695,0.5500631756461063,0.4577921319178699,0.44556948106876587,0.27458105890656576,0.16990858732736266
0.22614621140195562,0.3936550856306028,0.6486507412786071,0.0,0.63810683320209,0.5669140824110831,0.46809883793211166,0.4583411444828163,0.6717867205325643,0.31447146139763327,0.6584617622576819,0.4833910219706766,0.4938698819954355,0.40014316797707433,0.7059287989274353,0.21053106038185818,0.18451428648767748,0.3416540348324473,0.5817529603668912,0.863464480453423,0.48600443786352493,0.0,0.3766796723538375,0.39135671769182245,0.27859551284025424,0.5784896288321572,0.5354672258839009,0.5476040490759829,0.3312933438456665,0.5356052182117522,0.4136639960956899,0.2574617745012342,0.3827531828787833,0.5091437106687556,0.18247613003364974,0.4135254766882563,0.3730385704983687,0.36098209409199106,0.05204754098708595,0.2056420293994477,0.0707894091211458,0.0,0.37448262866682275,0.0,0.4105924125419967,0.30426893905730235,0.4832134983639116,0.7000953161161425,0.20160927212289492,0.36629525044250344,0.4168058934100391,0.4463155054848578,0.5174251724386044,0.557380207749732,0.43837708369293593,0.6572282215214134,0.5694108129159711,0.37880576841756386,0.0,0.588166042606164,0.4509610252568186,0.3626950352974861,0.3363939225980357,0.571732972108983,0.8186280258154056,0.5511057003016437,0.8120248602754457,0.4719936167103286,0.2966408370103865,0.4749624988230656,0.6662288589389318,0.4562741885066979,0.5108192969718391,0.23807680230004993,0.4182831925373362,0.2597768529818479
0.3160318931287643,0.0,0.5243573430983626,0.2949135023620971,0.3625740611547283,0.7996953558688077,0.5879110946109827,0.8624519183067398,0.41683846456513796,0.7259596955410507,0.5592314859895677,0.8130357333747494,0.6614704498337676,0.0,0.666121864903471,0.11545842326281015,0.6187358049101755,0.22845263932455082,0.3368941403236171,0.5400273150202699,0.7113308136796014,0.3766796723538375,0.0,0.6025021655006546,0.128470292216612,0.4960759677696553,0.7884912840136961,0.6419432676083007,0.654318042785562,0.367547830442495,0.46088677289880814,0.07353565581307552,0.51095985672246,0.4536746821499596,0.07650391756818212,0.09145407687225927,0.0,0.3102313249279331,0.0,0.5214912800665775,0.0,0.0,0.06754901479484479,0.0,0.29819663109802463,0.5501450031180596,0.7940802812644472,0.4897470528781233,0.1549829157906574,0.5789584101572363,0.8638710336100616,0.5755242981370866,0.8053596032614493,0.6147801782030463,0.6891516519119001,0.5914130708887068,0.6809591605198916,0.488433364132199,0.0,0.7712186486376532,0.49300801714827835,0.6789126225936426,0.5948891407254672,0.4330061761827187,0.5679448459333164,0.7404962086693051,0.6643833554780813,0.9623192328710495,0.6285917257918847,0.5963744830075651,0.7065073279898456,0.7668784290489113,0.42001225431880057,0.5682360372943767,0.032532962476207905,0.0
0.3327260596856706,0.3074348861204946,0.3175457617972172,0.2577561415361196,0.43277710169798944,0.5903967445432077,0.4915209987170932,0.6974940883637784,0.36725708750145425,0.6275030064792929,0.3472661792795164,0.7044135694005726,0.5570484551221958,0.11223737202933771,0.4100332842385276,0.23138077171931692,0.5524933232903126,0.3938052200866574,0.1895141142888863,0.3817827017314857,0.5957328300866572,0.39135671769182245,0.6025021655006546,0.0,0.3249790070355899,0.7167060376529827,0.3890021168986294,0.5461555696551144,0.2659986318574344,0.3477554113713761,0.4457354521395909,0.38387780745938344,0.4450682831701317,0.3296399334005836,0.0632861911208242,0.2684231640603659,0.19850500574260882,0.4170202534374967,0.19638015094912814,0.5316736051422624,0.07237895906530907,0.0,0.3271485665443886,0.0,0.43147596255369963,0.45168560074897807,0.5515992392290958,0.3115507147708719,0.24565616777305924,0.3497669484350572,0.5320706436966602,0.4950038259596794,0.6284166933278013,0.40465916268703755,0.6008114395911496,0.38431772854817253,0.6449703972232459,0.4437277080035907,0.0,0.4144454200673549,0.4825344998619319,0.5339731259237953,0.5053726873344605,0.23953818158003448,0.38932381008866906,0.5660266481660812,0.4362590899342364,0.5538340540061641,0.8360130680866005,0.4594499468942741,0.7093717361365598,0.4217688604393444,0.46323020873161264,0.3067497199110209,0.3027513712833015,0.3230506778433028
0.3620488277792559,0.5127954924429513,0.030315523582842008,0.04345489528828157,0.16501974498029684,0.32985303798239135,0.3127725735885624,0.010977726637260609,0.018667123913767132,0.35735045571088236,0.0909956581502299,0.03064799898867221,0.3685689177418151,0.057761242788871944,0.053766329949820314,0.6371347946952276,0.3412189465805487,0.5466179386065683,0.0,0.03301963057832381,0.2784928001738349,0.27859551284025424,0.128470292216612,0.3249790070355899,0.0,0.5067842408696794,0.16035608080881228,0.23329756756765352,0.42342734728327314,0.3370438451848781,0.4647285617474071,0.5058143196692044,0.40032627392798337,0.2226589011773261,0.08864135647416024,0.0,0.09722011460592504,0.2592030941095422,0.3915860723520902,0.3751141543079074,0.30350866962084644,0.19698464656049863,0.11447232354808601,0.09743877284941413,0.30977784285786286,0.32539511460157505,0.36750383875901216,0.04275593117381943,0.08812557915833169,0.0,0.08662006340776027,0.2650076928659798,0.0,0.0,0.43170650535973665,0.049931502566325656,0.05045804288428583,0.29217646514939893,0.0,0.003802297415060317,0.635592011766981,0.21225905175157284,0.37012247906227536,0.0200337189283938,0.0,0.32451727140735376,0.14933189982571954,0.10750178006212043,0.31377186248031186,0.6781742554513044,0.4118480130338479,0.22181639227954408,0.3089984312593504,0.3687783196456143,0.4486974297263213,0.5666689816441102
0.27895659040863763,0.7220748457349384,0.36128237398397856,0.03169385474115321,0.44675153557906677,0.656244410963325,0.4823344234066144,0.613999588036988,0.4132461283908536,0.5552510511704413,0.3645100105365317,0.6539503333292876,0.6820250734525821,0.3424423918881412,0.3582390671116537,0.3038398520090732,0.5328430862118908,0.579457846383867,0.24814217038897318,0.4667151478022049,0.5537551526564227,0.5784896288321572,0.4960759677696553,0.7167060376529827,0.5067842408696794,0.0,0.2769465801738301,0.4742161286414968,0.20982353868718526,0.3840880864033099,0.42554736870705423,0.4299358412783143,0.3643622873020556,0.40379493055096327,0.19357556291367087,0.40306208852742487,0.3170980446072985,0.41562712747581143,0.1800533873474509,0.34567182251619205,0.10013010020415228,0.0,0.4154175137933725,0.0034076359125471654,0.3670863890341855,0.4012766465600717,0.5613316201203922,0.3837775139456705,0.23957751975207167,0.3019348537094278,0.4682827140280273,0.4901665321516456,0.6006840705168283,0.3778046387887172,0.6620053136903674,0.40636260586464545,0.677851562177238,0.5094988024394305,0.05104112295590292,0.33970453515419335,0.5751554365399615,0.5862062649813548,0.49051239054902307,0.3157570850880286,0.46862805480584585,0.5448993098786179,0.5001133064659229,0.5009912825561328,0.5838077875952272,0.5385233418675794,0.854567585905721,0.36312502255069956,0.46235112901225645,0.23848274614097986,0.389802875532873,0.3140122821839971
0.257030196369415,0.0,0.7005375720679402,0.2022017759853095,0.5694623968443574,0.649321452202599,0.690161206189466,0.5844527512542309,0.6323665297674442,0.5871618716012316,0.7882463021277403,0.6062215930983774,0.530413682708752,0.0,0.8256978256373576,0.09703300849178069,0.4433627590388096,0.16174415973123865,0.4962942116149641,0.7120131096722364,0.5888125679539538,0.5354672258839009,0.7884912840136961,0.3890021168986294,0.16035608080881228,0.2769465801738301,0.0,0.7310375968272178,0.7216301253797246,0.4316376290328811,0.49814765809243494,0.0,0.4634840905623219,0.4591431818678016,0.08935898709803036,0.07921959700353799,0.0,0.3367733092935938,0.0,0.4237313517007788,0.0,0.0,0.0,0.0,0.27860101765776063,0.48543062065670717,0.7823325127355631,0.6931585818479855,0.08067949193245043,0.6673360085986478,0.7980005239134002,0.6452207220698656,0.5809987670905867,0.8066694298875111,0.6800176567911732,0.7976596926762483,0.5690375220052049,0.36175135475434644,0.0,0.8665846875551514,0.5119778396961998,0.6158459996937516,0.5900642715419323,0.5504212738536315,0.7571133347648592,0.6862814859678096,0.8296325297506209,0.8282064371659263,0.42957533520903196,0.6717165856041335,0.6203603582346784,0.9585358383379813,0.46900045815362873,0.6967297286907385,0.050674382348710224,0.0
0.32647921504662714,0.01765273129008061,0.5756314049227874,0.3080058791469336,0.5834048664897262,0.6455699530530777,0.6978061279764707,0.6103952461667423,0.5479365950687192,0.6425035944183803,0.6747445245452349,0.6647226404938799,0.721295820337034,0.0,0.6577354287725447,0.21035149183366392,0.5696649979319035,0.4090238340741275,0.39055391531330985,0.6219350587998557,0.608808054705527,0.5476040490759829,0.6419432676083007,0.5461555696551144,0.23329756756765352,0.4742161286414968,0.7310375968272178,0.0,0.5964352010684716,0.5785391547781259,0.5966114049428546,0.1287816690370482,0.5113622358977833,0.48461232275143634,0.24608497714372538,0.28100959160010885,0.13254339115909572,0.4084045855225347,0.0,0.4313800841525325,0.0,0.0,0.1478081838284012,0.0,0.3114376176542936,0.5079804387774254,0.6390734237506299,0.5919377169567569,0.12759777811361336,0.5624216606140757,0.6565796676712635,0.543588320617639,0.5540497264879481,0.6835076923164431,0.6981593876336151,0.6917374483079217,0.6151510735646816,0.36216191114392254,0.0,0.6967793108017585,0.5385303469649625,0.6270873845584236,0.6526579822218234,0.4838609102652813,0.644558494386299,0.6641379385396907,0.6950646365689015,0.6805318288698635,0.5265228859658522,0.5709992743157783,0.6205251382290655,0.7029494675280784,0.578010543861981,0.5439948698041105,0.25031554835475733,0.04123465660350716
0.5844720422476003,0.0,0.30217441932200617,0.37959355246476845,0.23087047098145944,0.6385855424036097,0.48427370003284326,0.36099593925585804,0.26703885944766104,0.6135543010128995,0.4221262586031776,0.3792952193963666,0.5707815493064903,0.0,0.5089234878931739,0.5267613287243219,0.4940547262024126,0.37650280817516146,0.18591413824543904,0.3441795235661157,0.6295591434984948,0.3312933438456665,0.654318042785562,0.2659986318574344,0.42342734728327314,0.20982353868718526,0.7216301253797246,0.5964352010684716,0.0,0.510853940352567,0.6224887429502326,0.17429439588083462,0.5866247983041475,0.40712526756605294,0.08942223806705632,0.0,0.0,0.2064805387287372,0.0038058624504410366,0.5309324341318123,0.0,0.0,0.0,0.0,0.33280962806485953,0.6492918789051035,0.6258600073809887,0.3085715219129525,0.16592942700111288,0.4668294349599258,0.6038697510385184,0.48415160861316864,0.3044176814898956,0.4141396865728781,0.48290860730430735,0.38895369184242623,0.19225273737029114,0.4311308543683874,0.0,0.5510335685266943,0.6302426821738392,0.48436248983187014,0.6558721032945019,0.2527237943386413,0.32751744306360764,0.661219992635606,0.5150931752440359,0.5740075914208628,0.3707530594808003,0.6287433599882274,0.43372958737940953,0.6882431789588376,0.4735281856672049,0.7943887418298086,0.20762424495681428,0.11280237940489292
