0.0,0.054331513643491716,0.3324869369927122,0.0,0.26899046660702597,0.28948584035329183,0.18777929555154396,0.2230437043656541,0.3323503999648424,-0.002721655944336119,0.2741321718011487,0.18486699909837667,0.191670752707828,0.0,0.347446936246272,0.16753754324826098,0.1083161215889184,0.1720173635906721,0.2867395534324897,0.27085155287272833,0.45229243693895504,0.31561147877993184,0.25905354558171795,0.22966325832187626,0.24579757009704684,0.20471102617378198,0.2626169635163416,0.24388956933977338,0.35914287400419814,0.20321930308013691,0.40387536164684873,0.0,0.0,0.0011755167339655534,0.0,0.13088727332272782,0.0,0.21988641640306503,0.0,0.0,0.0,0.0,0.13897030300873575,0.0,0.24392536043924537,0.4959634917626598,0.15200133269596172,0.23743021514551668,0.0,0.12474483045841721,0.27713730845913637,-0.004509489017096137,0.32190427689771967,0.33493016603685655,0.0,0.25985843780865087,0.010133909937270383,0.2134526545772785,0.0,0.3238620884038183,0.2503476528555134,0.19655811036797247,0.2578659784924247,0.2797208063292122,0.25103481760779833,0.31420019796826054,0.29080142102302325,0.2665807875323948,0.11972450816260538,0.23124577932748067,0.336439206472622,0.23569593220104418,0.28591538879850426,0.3456438065339578,0.18049634520679228,0.14531478340736773
0.054331513643491716,0.0,-0.01048689231731718,0.029002575871119214,0.012771197664960396,0.32775425448942486,0.11815734233525096,0.24628691438158248,0.0,0.3517226713596934,0.0,0.41680814936466204,0.2753250098726708,0.0,0.0,0.44304775752735076,0.45996089688839054,0.5177800960896974,0.044054155860468354,-0.013224401200506306,0.0,0.07835388966293824,0.14097972468760372,0.2675849268372196,0.48878330818053095,0.5387386803348975,0.0,0.04558802013325611,0.15902955267748908,0.01796820100009907,0.0,0.19108952657800396,0.08886423450848503,0.05881062725883595,0.0,0.04929562640965821,0.046959971190478816,0.0,0.15455439113740285,0.012421140706853585,0.0,0.0,0.039673030259655316,0.054088635297700714,0.0,0.0,0.2951274651862863,0.0028073986895527313,0.0958870812869498,0.0,0.06536501022070663,0.0,0.04432743344261749,0.0,0.2756539605341384,0.013373085604940145,0.30530594975289277,0.12333376211459093,0.05885452866541714,0.0,0.1371877721981466,0.31795971962460323,0.12114010907867898,0.09994273639794368,-0.009814135506766991,0.0,0.09353695005948105,0.0,0.09203426323309362,0.2583990212692652,0.32634931766693587,0.0,-0.0007161780328468448,0.0,-0.0021179100631464063,0.0
0.3324869369927122,-0.01048689231731718,0.0,0.0,0.4721511975037881,0.41535227667506425,0.19886835746696996,0.1158832112225856,0.5836804524906996,0.0,0.5512264267196176,0.17491555149837665,0.300828071282393,0.12738301413828187,0.4959287469899601,0.10886173795624249,0.16250430851302583,0.10446018640294354,0.6104115989069514,0.5229808983254282,0.2533713211556065,0.4501984377412173,0.4304909958506318,0.15529470243917048,0.06047313616088377,0.18350192715899963,0.5690196366888981,0.36750006983147077,0.32236919911963474,0.2589414016954349,0.30245867911446994,0.0,0.0,0.0,0.0,0.10821232155378166,0.05999436281802438,0.17402208271428685,0.0,0.0,0.0,0.0,0.2380302644016224,-0.00030315530392525014,0.14420137803958938,0.2898387365338028,0.1649346746710788,0.5532419525803332,0.0,0.3632822423401604,0.41058294716927796,0.0,0.3387436089134036,0.5441530857110677,0.0,0.54228550961435,0.027931317642467247,0.39557085301650063,0.0,0.5144198003991702,0.16630256363951876,0.1297573756396485,0.2397082918719936,0.6033141652879399,0.5706315383020358,0.14054716294398506,0.5047281572510618,0.47094733924304416,0.06370504296804459,0.16627328108734651,0.26918410255469477,0.5603397120506839,0.46677979670862413,0.3345348069063227,0.47209646013313766,0.2410651801978814
0.0,0.029002575871119214,0.0,0.0,0.0,0.0,0.012461389194424254,-0.0013285497214291172,0.0,0.128448204368099,0.0,0.0,0.0,0.07389849725235806,0.0,0.039207100826360655,0.0,0.0,0.0,0.0,0.0,0.0,0.0,0.0,0.04856718786981384,0.0,0.0,0.018915923900613595,0.0,0.0,0.0,0.2752125885936486,0.09770330009463349,0.13731296083707367,0.033826563027392384,0.08560666758959655,0.11775924234647273,0.0,0.031002422238101728,0.10178238054449328,0.01614698873704228,0.0,0.0,0.0552576179577467,0.0,0.0,0.0,0.0,0.027615769744224056,0.0,0.0,0.0,0.0,0.0,0.15957703902276085,0.0,0.0,0.0,0.0095162184787478,0.0,0.0,0.0,0.0,0.0,0.0,-0.005369948027855047,0.0,0.0,0.0,0.0,0.0,0.0,0.0,0.0,0.0,0.0
0.26899046660702597,0.012771197664960396,0.4721511975037881,0.0,0.0,0.34373609054078363,0.4104131580508383,0.06867362868176123,0.5463021684895756,0.0,0.5437975227377013,0.08683521117046393,0.28309300546517036,0.10744446194460927,0.39872245810143575,0.1444172982089423,0.07557603817339685,0.1607002908065736,0.4449892616237995,0.4714371103360981,0.24373900503107654,0.4014815152273513,0.24361479619389068,0.08674182486339926,0.08291000858569694,0.07526784803629993,0.46599392929381317,0.32571605009665977,0.3887503383812156,0.30887123415047774,0.27461637530149585,0.0,0.0,0.0,0.0,0.06361043947302396,0.0,0.056829371726641494,0.0,0.0,0.0,0.0,0.13362385405632535,0.02969408198761368,0.18842140891630482,0.34391528727040815,0.15173550359138296,0.5005854392068034,0.0,0.4636926362305569,0.22192855208384826,0.10762431304906421,0.24682632468148585,0.5497887813997562,0.0,0.5280680423395232,0.02285878137419174,0.2846812282946037,0.0,0.36056985538781827,0.18476163754266214,0.1779423876283575,0.2845261786365008,0.4509693101817684,0.43931307917683,0.11417545126068916,0.42649764455636935,0.28684347631917567,0.0,0.18372204095898395,0.17681251996221944,0.39076489321019814,0.4365641725525792,0.2592460714652531,0.41034012336398673,0.23568797172587222
0.28948584035329183,0.32775425448942486,0.41535227667506425,0.0,0.34373609054078363,0.0,0.3016155466481939,0.3838299733244568,0.4061233562182631,0.03569863814585704,0.29515562338412255,0.28402605725835584,0.3997475125977243,0.07808406494333524,0.31082788839808384,0.24453827342731488,0.2358649880111199,0.3062526290883965,0.3949508572060205,0.3106564920386502,0.2512281790783207,0.33995472982331326,0.5173443345915139,0.19921441803518888,0.3103898596303866,0.31296545918653235,0.3720871351558106,0.19627837127313258,0.4527069811955545,0.199417741667152,0.11932815170749599,0.0,0.0,0.0,0.0,0.03077443767739388,0.0,0.10477803381426426,0.0,0.0,0.0,0.0,0.06067671381836731,0.0,0.1354762244913974,0.25031474742129894,0.3865672994173564,0.2987664236364714,0.0,0.15797536872581763,0.4656885120397743,0.05650779160040741,0.42486565044705005,0.3333206745214668,0.0,0.30223005417524784,0.15941219292883477,0.4347142373127296,0.033035937993772795,0.3163702104693554,0.24645738829674368,0.30190899699857326,0.24234085013268625,0.389099663994804,0.29623651949059077,0.18012059011264575,0.3207213398593657,0.4159535276622128,0.0,0.30151667054773734,0.33579790074090216,0.2921617227745272,0.26343052748993356,0.238449827742664,0.2498629581256399,0.08924910521221081
0.18777929555154396,0.11815734233525096,0.19886835746696996,0.012461389194424254,0.4104131580508383,0.3016155466481939,0.0,0.09969355553852735,0.3260169738655199,0.0,0.24845591247942214,0.05902484833786313,0.33083144531227054,0.07412035917146217,0.20094744260390246,0.1794461796550753,0.059084760356813676,0.2442180039203897,0.212152640650076,0.22082548245413464,0.24824222542158306,0.2530717090309518,0.06847693440925676,0.0,0.12182193285481255,0.03984602019055028,0.23111420855490789,0.20601005806366815,0.3925449281671303,0.14469596016975397,0.18070865560416038,0.0,0.0,0.0,0.0,0.0381608564882732,0.0,-0.009751902272674041,0.0,0.0,0.0,0.0,0.0,0.0,0.10716698045938051,0.28838922753010976,0.16321000095544388,0.1711660186328611,0.0,0.20993091716080126,0.12631373167842247,0.25329711488560197,0.13203732144471728,0.2956295918150944,0.0,0.19563616018329036,0.0,0.24422326017300128,0.0,0.1652538306127728,0.22821081049125266,0.16639579935731988,0.2653165022486946,0.18017830531467105,0.1557187833543401,0.16234058638628102,0.2025422865712071,0.06333342213649286,0.0,0.1889648432180754,0.11172446771899554,0.10825670491017483,0.22759222306361332,0.1815217985813594,0.19826036401564964,0.09268197125104971
0.2230437043656541,0.24628691438158248,0.1158832112225856,-0.0013285497214291172,0.06867362868176123,0.3838299733244568,0.09969355553852735,0.0,0.1135062723917776,0.05379755745740903,0.03166022259927323,0.1895269544167259,0.07156379074205553,0.1308112331919063,0.1493672870619575,0.08127744693824915,0.0307382247248496,0.09772766195391665,0.055942716613463395,0.012059832843831554,0.34013117032459833,0.10982360333582292,0.44249038563222914,0.1867480329445725,0.2039164451485144,0.16522146727100817,0.05407749842102796,0.0,0.17177945407698378,0.06890971037308125,0.0,0.033491834045360616,0.029785423520297578,0.0,0.0,0.04069478906415534,0.0,0.10671503339477337,0.0,0.13384156001835637,0.0,0.0,0.0,0.0,0.1423935013086115,0.18565810500299165,0.34025541474127124,0.0,0.0,0.0,0.2801153368934522,0.061403580322090506,0.4871880990135316,0.10419099755346432,0.08947156869926402,0.057708707582084726,0.15852205161831662,0.2098330329203447,0.08381248241506083,0.16547467824695156,0.008151052121734965,0.14206616913516643,0.0,0.06586893737980583,0.0,0.32830750850482826,0.025429856206817394,0.2541708020200408,0.04258373477466132,0.12886312235834962,0.2168395289604981,0.0,0.0,0.02402288585396983,0.0,0.0
0.3323503999648424,0.0,0.5836804524906996,0.0,0.5463021684895756,0.4061233562182631,0.3260169738655199,0.1135062723917776,0.0,0.0,0.5673366572865509,0.08276995328260134,0.257688778205512,0.10048251511886666,0.49757466174399684,0.03249708982794523,0.04846816231172208,0.052144179522829626,0.5429025302540185,0.49484335713665173,0.32716973656129206,0.40510003351621066,0.36982970310699614,0.09128938794209983,0.023814038203978122,0.07078074056985184,0.5588139810880148,0.2917871719607832,0.34606882559691693,0.2760526616852237,0.3218048960742155,0.0,0.0,0.0,0.0,0.06396298263862218,0.01367387929678479,0.19611179187414446,0.0,0.0,0.0,0.0,0.15506428907796213,0.0,0.17713760428224365,0.3441616716072429,0.16981324262023895,0.49913680236039426,0.0,0.4292194047429608,0.39575405254719137,0.165380288301003,0.3539132895521604,0.627519806295607,0.0,0.5327065455928474,0.0,0.4102928215535507,0.0,0.5074748716478141,0.16552788579247624,0.10857558611511024,0.24127472614524148,0.5144449925554783,0.5146732411946471,0.19954968792137245,0.4294687825094747,0.4323062035203619,0.01090782803319383,0.15968605075300216,0.2032679477298938,0.5131194917654849,0.4415521751495721,0.3631630786178663,0.4187264879411373,0.251500438586846
-0.002721655944336119,0.3517226713596934,0.0,0.128448204368099,0.0,0.03569863814585704,0.0,0.05379755745740903,0.0,0.0,0.0,0.5285832309619777,0.1574376538126907,0.0,0.0,0.3549464844599508,0.4800439569199867,0.3227286413146546,0.0,0.0,0.0,0.002878125987519117,0.003676413467797889,0.3471540314689669,0.48278884265691,0.3618788075385997,0.0,0.1676492148491679,0.043324157967271584,0.0785244655146998,0.09999199652211403,0.21899207885428096,0.0,0.08028963069224071,0.035036740401283704,0.0789815685549076,0.21089240061252615,0.0,0.038733804373801556,0.0,0.0,0.0,0.06274666517790353,0.20239107327942024,0.0,0.0,0.08774067091812782,0.0,0.23083557227534426,0.0,0.0,0.0,0.005137012788321796,0.0,0.553287102130085,0.0,0.5305028637793273,0.0,0.17621145166003124,0.0,0.018831343637982053,0.253687515985086,0.0,-0.0026873166354322493,0.0,0.0,0.01658800282513919,0.004717329731718183,0.26418019782906516,0.24352191711549032,0.3308802834970348,0.0,0.0,0.0,0.0,0.0
0.2741321718011487,0.0,0.5512264267196176,0.0,0.5437975227377013,0.29515562338412255,0.24845591247942214,0.03166022259927323,0.5673366572865509,0.0,0.0,0.10328358099207323,0.2011297831575154,0.08622837660149937,0.4514684214870339,0.0704464754012913,0.09664755406406891,0.08756982170349979,0.5638255326418136,0.53851026710719,0.2007738433787325,0.4353840896494207,0.2514481595110275,0.14150724854735425,0.0037783183760846323,0.11683262887057232,0.5072522180170124,0.340442224382631,0.2705596147489294,0.3517210018504041,0.2836350977128247,0.0,0.0,0.0,0.0,0.153422996793372,0.0,0.12030460017890549,0.0,0.0,0.0,0.0,0.24271783273816008,0.04010347409352967,0.17883445139868281,0.31651484750699854,0.08543043752394584,0.5845873201395543,0.0,0.40911046561259684,0.20479292615087843,0.006446105329936963,0.25316966645515254,0.558338897338852,0.0,0.6263031781908222,0.00902629603394729,0.2945065795718702,0.0,0.4459167095960734,0.1253244506043369,0.1590882129397083,0.2660679031545873,0.553854147952939,0.5367056837547053,0.07203746257333984,0.47890490023081805,0.3123531943441912,0.007991542533356067,0.12045560171931152,0.1879788293335064,0.4458767753780798,0.47052260809995583,0.20007188541207976,0.4555712729521453,0.2945171095053849
0.18486699909837667,0.41680814936466204,0.17491555149837665,0.0,0.08683521117046393,0.28402605725835584,0.05902484833786313,0.1895269544167259,0.08276995328260134,0.5285832309619777,0.10328358099207323,0.0,0.3062133713897067,0.0,0.014481381228417863,0.3835205237330441,0.5230152697398882,0.3734444970553468,0.2169286751513491,0.16561952851626466,0.00832107760021566,0.23646617296096512,0.22622790826123368,0.4352894597922523,0.4731488461131062,0.5208697599347136,0.11089969728754893,0.2659556744078065,0.19074578178989582,0.1854791672679775,0.22374040427144462,0.05916892792786989,0.0,0.044015754050518816,0.0,0.14879780094599998,0.1905725114333792,0.02603091969747121,0.0,0.0,0.0,0.0,0.22285184153702253,0.16988237764327327,-0.008932070828795135,0.054024171356528275,0.20452893125937832,0.19685534151093909,0.10008712368994142,0.011100057380529276,0.1562215240116719,0.0,0.1889177138870166,0.09917187329437026,0.3893758830098778,0.1750080221391823,0.5040996659607293,0.07980985713018186,0.09264630191943317,0.07281651968226004,0.09016060942886969,0.28787898224685005,0.12021541538487433,0.2641300124534721,0.1779954014925139,0.0,0.265287724285188,0.18190751410104833,0.2687222469046552,0.29345725353711305,0.47912323843072585,0.16140659139841992,0.2112046850655805,0.027861556500728683,0.09910669748363841,0.030129402485007034
0.191670752707828,0.2753250098726708,0.300828071282393,0.0,0.28309300546517036,0.3997475125977243,0.33083144531227054,0.07156379074205553,0.257688778205512,0.1574376538126907,0.2011297831575154,0.3062133713897067,0.0,0.005901725767391374,0.17783942939408023,0.3045983964647065,0.36775510433026765,0.3312600155675486,0.2709078371392418,0.2248896939756628,0.1402091501583707,0.24137302412236092,0.19905832041373558,0.06631634157164482,0.24472066502928652,0.3000269020003303,0.2309901554988741,0.3336815151734638,0.34250094923093005,0.030268865610638008,0.20804236185736125,0.009565805669269421,0.044854081179096554,0.10035543797068734,0.01951607500582783,0.005424500746486037,0.08479318868123041,0.015720789601580364,0.0,0.0,0.0,0.0,0.08261767337173095,0.11497297952599796,0.013196574689480055,0.11496622913876882,0.15433126427554245,0.22500446844096653,0.13194015682672416,0.21437818470274264,0.28302455602023424,0.04291033435647647,0.10534994944894707,0.27730549132982596,0.11482824692035555,0.22417243216041485,0.07366818527433663,0.36795377172473626,0.0,0.1752895464071772,0.238541666587499,0.2505108041038064,0.2545158411046335,0.2917550990871299,0.25843029135254103,0.021941969291870776,0.29345837991967977,0.163425137055822,0.03491550398410868,0.2367347506497094,0.2606911388341137,0.23001030044834128,0.3570034900580041,0.2499355770443065,0.23451651248525016,0.10334554562636203
0.0,0.0,0.12738301413828187,0.07389849725235806,0.10744446194460927,0.07808406494333524,0.07412035917146217,0.1308112331919063,0.10048251511886666,0.0,0.08622837660149937,0.0,0.005901725767391374,0.0,0.07572902588730536,0.0,0.0,0.0,0.08397209246531571,0.07365855430529121,0.03705793297395695,0.07999959103829585,0.17782452208536015,0.0,0.027295859118849478,0.0,0.16765022432959784,0.019265435215774927,0.04235912726116744,0.0,0.0,0.0,0.0426373141802137,0.0,0.0,0.0,0.04066569871656159,0.0,0.0,0.0,0.0,0.0,0.0,0.0,0.0,0.0,0.019233469943539132,0.06623716224270146,0.0,0.12294156064008535,0.12712092691025167,0.11375375684850925,0.06769514854001872,0.1297069342142917,0.05403373667964717,0.0801386001488529,0.0,0.03455695167308078,0.06252632552098518,0.10007977231551318,0.0,0.0,0.0,0.10611718781334314,0.06329420891757619,0.018188075968123437,0.0,0.1619621119043337,0.0,0.0,0.0,0.14541780266902207,0.0,0.06804651305516615,0.0,0.0
0.347446936246272,0.0,0.4959287469899601,0.0,0.39872245810143575,0.31082788839808384,0.20094744260390246,0.1493672870619575,0.49757466174399684,0.0,0.4514684214870339,0.014481381228417863,0.17783942939408023,0.07572902588730536,0.0,0.0034665894121464432,0.0,0.0,0.4758237559585891,0.5630865304800263,0.4429556011476984,0.5186250212958705,0.3083901603294097,0.0,0.0,-0.010860577204160775,0.5246109713833765,0.2662570447055341,0.39776661253719126,0.29210020908870354,0.2655448233442322,0.0,0.0,0.0,0.0,0.14444644160578843,0.0,0.21008740380792557,0.0,0.0,0.0,0.0,0.16497312450184867,0.0,0.21688401855990888,0.40171274514416627,0.1766736584220429,0.3795113077785753,0.0,0.26991949484010447,0.3166698066149577,-0.0008541265665954824,0.38207762337764356,0.473735697111728,0.0,0.4113388731093991,0.0,0.32831197599126927,0.0,0.6193681539923755,0.16839835022413768,0.08586116164943529,0.25549995292906064,0.44993622316406745,0.4882859431139057,0.3606489664668473,0.45374544618047974,0.3649945779133021,0.0,0.06189148485665541,0.13364041960985984,0.40712556429750196,0.36386953293498064,0.36193765404242045,0.34434538533684894,0.13506462303871694
0.16753754324826098,0.44304775752735076,0.10886173795624249,0.039207100826360655,0.1444172982089423,0.24453827342731488,0.1794461796550753,0.08127744693824915,0.03249708982794523,0.3549464844599508,0.0704464754012913,0.3835205237330441,0.3045983964647065,0.0,0.0034665894121464432,0.0,0.4972834390059172,0.5784373166193566,0.14907673453811476,0.157470994643658,0.019772816520690236,0.2932482504460457,0.06789999438996462,0.19741042875578532,0.47425393689352896,0.425368085480422,0.09290304389692489,0.19140137526778672,0.29366874746674393,0.09251886220524476,0.2412347078305037,0.09430804841762092,0.008316845799879782,0.10883465309112912,0.0,0.10009124398967188,0.14896459277336274,0.0036967158270838378,0.005051860435600835,0.0,0.0,0.0,0.11364674912611701,0.08342135438730355,0.0018728181467448735,0.03676320659851173,0.26168413579223243,0.08765851147439138,0.139408211444858,0.04217374299703739,0.12147504660543802,0.0,0.028854511421596535,0.07439123815271724,0.26305091841569905,0.1136375636768155,0.27124663199827725,0.12510374878015557,0.026184002458539524,0.01939672730002563,0.299072418191775,0.3266002097678575,0.2768221944173637,0.18660072590078228,0.127568745520661,0.0,0.22727602412543613,0.04609706945096178,0.0826767698193725,0.3358708133048458,0.3509401333024202,0.06623228962893343,0.15710966887837344,0.1022151265878672,0.07114804352420702,0.03453270913228252
0.1083161215889184,0.45996089688839054,0.16250430851302583,0.0,0.07557603817339685,0.2358649880111199,0.059084760356813676,0.0307382247248496,0.04846816231172208,0.4800439569199867,0.09664755406406891,0.5230152697398882,0.36775510433026765,0.0,0.0,0.4972834390059172,0.0,0.4853737837624988,0.2020706156523616,0.12344326154014629,0.0,0.19968661345004574,0.09694480044864677,0.30773938410899815,0.4660629226425386,0.532409793172328,0.09543482584165815,0.24788585536515712,0.15025434530299414,0.041039374317159025,0.2076132721959734,0.13024736087741914,0.04419061557838864,0.08566349688702735,0.0029923762203480806,0.09046585289648486,0.20621348255745492,0.0,0.012316096075278919,0.0,0.0,0.0,0.17546524687193177,0.1743566757966154,0.0,0.0,0.15967672998000784,0.14525863163136815,0.20338938447029534,0.07299666512294806,0.14788166459203106,0.0,-0.006665785050995909,0.07232347349016932,0.3848698746008925,0.1542527898894956,0.3635837939637627,0.13252941478524938,0.0,0.020688954043343716,0.1796119139365317,0.3056400077334304,0.16744594979605537,0.2524520479361901,0.19090891584236544,0.0,0.23591012608295167,0.07775106702151503,0.20575490302056537,0.2910650363835365,0.37753892584390214,0.16811373250999304,0.1969177108547841,0.06892541534201589,0.10624985393030258,0.07031434681860076
0.1720173635906721,0.5177800960896974,0.10446018640294354,0.0,0.1607002908065736,0.3062526290883965,0.2442180039203897,0.09772766195391665,0.052144179522829626,0.3227286413146546,0.08756982170349979,0.3734444970553468,0.3312600155675486,0.0,0.0,0.5784373166193566,0.4853737837624988,0.0,0.14817894562438494,0.12823178059309237,0.0,0.23615603004447636,0.06719755273544323,0.24290596729167524,0.46762139189637153,0.4609237397320307,0.06955708734972577,0.16867221749758976,0.28622507526745355,0.0973325119931078,0.18206773846639002,0.06451994538258742,0.028036448968560085,0.08160633123151648,0.0,0.06313097763943304,0.06578848015634264,0.0,0.08641893113971628,0.0,0.0,0.0,0.10370750825755515,0.023665491528868002,0.0,0.04838340986294073,0.2619319142679986,0.10728024894812438,0.07802316957492446,0.05913127219678809,0.09501867132451017,0.0,0.014487871344501241,0.053612099359831064,0.22451008923888563,0.10980407610136747,0.26130154190137106,0.14438741636674762,0.0,0.0,0.32376220992392557,0.3719564060022092,0.3248667486832211,0.1915315578176417,0.12297313489261229,0.0,0.2256928222701342,0.025077710922232765,0.12008837511063271,0.35664374034482005,0.369896412593816,0.05356445773597956,0.16115284773578062,0.050660412047945115,0.11580774715425336,0.10237713492969312
0.2867395534324897,0.044054155860468354,0.6104115989069514,0.0,0.4449892616237995,0.3949508572060205,0.212152640650076,0.055942716613463395,0.5429025302540185,0.0,0.5638255326418136,0.2169286751513491,0.2709078371392418,0.08397209246531571,0.4758237559585891,0.14907673453811476,0.2020706156523616,0.14817894562438494,0.0,0.5509698392873374,0.1856609536759201,0.4779073136172441,0.36205942518657397,0.16507351438690385,0.09300777978490744,0.2143574544332385,0.5428211109055492,0.37251993784904613,0.32762290687407225,0.3320868452329472,0.2921199311764678,0.0,0.0,0.0,0.0,0.15147090440812092,0.10775732930373288,0.15202591567100215,0.0,0.0,0.0,0.0,0.2463222655881391,0.07871913045292815,0.09563327472720967,0.234376139759175,0.13215503622858885,0.5623282812717424,0.0,0.3309419109173134,0.3257399953284531,0.006351140112299494,0.31568113574590523,0.4947170693969624,0.0,0.5580164268418658,0.09022986830706704,0.3455892281613058,0.0,0.5065274263457601,0.15256781667657054,0.1681638620036825,0.2505007835666312,0.639324697850337,0.5870617195790134,0.06387376802878399,0.5243928641152151,0.4309487056423948,0.06522108409408421,0.15057081397887254,0.24878752061856496,0.5218885298468916,0.4516895593529643,0.2822474695991736,0.4536525301436582,0.2570697120726215
0.27085155287272833,-0.013224401200506306,0.5229808983254282,0.0,0.4714371103360981,0.3106564920386502,0.22082548245413464,0.012059832843831554,0.49484335713665173,0.0,0.53851026710719,0.16561952851626466,0.2248896939756628,0.07365855430529121,0.5630865304800263,0.157470994643658,0.12344326154014629,0.12823178059309237,0.5509698392873374,0.0,0.2246919852273176,0.5838833035132669,0.2619193555813144,0.08173728197293077,0.043918768603735434,0.1327441208642145,0.552416766285415,0.37167004338213394,0.40645911757014586,0.38297869474541807,0.2967794602009459,0.0,0.0,0.0,0.0,0.20920266946972732,0.04355801378514021,0.11296920735620666,0.0,0.0,0.0,0.0,0.23670177990502872,0.0790939728314988,0.1555609719926938,0.3037227813648768,0.13893179193615465,0.5039051377768138,0.0,0.32428182150089074,0.20494955862492142,0.0,0.24548285314226373,0.4607353369225072,0.0,0.5279250110441045,0.04813264465881183,0.24380674253592274,0.0,0.5207565792066661,0.17661825005072748,0.18053188420933938,0.2930548527080342,0.5360430171392521,0.590340639852994,0.11207254713236035,0.548130808996643,0.3256906535169988,0.0,0.1143260233632138,0.20109396433892401,0.45733914573747203,0.44055232776258796,0.2488912218358152,0.42400789245472287,0.2514188800351974
0.45229243693895504,0.0,0.2533713211556065,0.0,0.24373900503107654,0.2512281790783207,0.24824222542158306,0.34013117032459833,0.32716973656129206,0.0,0.2007738433787325,0.00832107760021566,0.1402091501583707,0.03705793297395695,0.4429556011476984,0.019772816520690236,0.0,0.0,0.1856609536759201,0.2246919852273176,0.0,0.27914115297328823,0.2831827325381251,-0.003792645359727675,0.03596842651530418,0.0,0.23505711483465097,0.12867813236740994,0.37189795431195033,0.15485808188820532,0.2661350228445686,0.0,0.0,0.0,0.0,0.07657620683316511,0.0,0.24615074013923244,0.0,0.030759098169354227,0.0,0.0,0.0,0.0,0.25030602060148666,0.46820956137893305,0.21768878428688548,0.133617864221645,0.0,0.11022992444117122,0.30644314647553395,0.13136454533267092,0.43898750257749797,0.33272707537607155,0.0,0.1756648082390555,0.0,0.2820071975824761,0.0,0.39176781786433207,0.15905736300808224,0.10688044460109988,0.1456316277692227,0.17546242037566756,0.123279265007279,0.5549535424018515,0.14812157058603911,0.27804369728345874,0.0,0.09541344069839926,0.15855337898769495,0.12683647730320585,0.1635089694556018,0.3500509073814396,0.066232307537308,0.0
0.31561147877993184,0.07835388966293824,0.4501984377412173,0.0,0.4014815152273513,0.33995472982331326,0.2530717090309518,0.10982360333582292,0.40510003351621066,0.002878125987519117,0.4353840896494207,0.23646617296096512,0.24137302412236092,0.07999959103829585,0.5186250212958705,0.2932482504460457,0.19968661345004574,0.23615603004447636,0.4779073136172441,0.5838833035132669,0.27914115297328823,0.0,0.22956775047568526,0.07880120928721093,0.18004456780198821,0.19023952312888182,0.5075221276293086,0.3308247023905779,0.4798767622497395,0.32385169803869107,0.29671356521529946,0.0,0.0,0.0,0.0,0.21155943085261894,0.06902158757393981,0.07972781871493431,0.0,0.0,0.0,0.0,0.19810859300174757,0.05137148994486853,0.14021593969903476,0.29898986434618535,0.2391433669605129,0.37651900617652206,0.0,0.21356867539063593,0.2290047102711301,0.0,0.25381294760375533,0.37247157147420434,0.0,0.4169224267011286,0.09720872369742697,0.23920122190466706,0.0,0.4829821851595997,0.21406274286823018,0.18871413963577638,0.293408616226888,0.46224289990931716,0.4624938982323671,0.18027962374211978,0.5054596231693517,0.26764805673040654,0.0,0.16908196680657323,0.25393029444095166,0.37428813906887176,0.3629495976618048,0.26068776036967783,0.30039106410799626,0.11883526452183478
0.25905354558171795,0.14097972468760372,0.4304909958506318,0.0,0.24361479619389068,0.5173443345915139,0.06847693440925676,0.44249038563222914,0.36982970310699614,0.003676413467797889,0.2514481595110275,0.22622790826123368,0.19905832041373558,0.17782452208536015,0.3083901603294097,0.06789999438996462,0.09694480044864677,0.06719755273544323,0.36205942518657397,0.2619193555813144,0.2831827325381251,0.22956775047568526,0.0,0.26692930324203457,0.18059787809279973,0.23013468329576026,0.3672194909644626,0.16787862400337292,0.24067362593558736,0.17291322592061406,0.10457102493285284,0.0,0.0,0.0,0.0,0.0147837100508223,0.008120187990606799,0.16058342385370405,0.0,0.0,0.0,0.0,0.08712852003700489,0.0,0.11742210854559909,0.1995917570790667,0.2980281637126676,0.3088321060761477,0.0,0.17712684791542335,0.4786334498969894,0.0,0.5228169105905969,0.3211343563033869,0.0,0.30561367175475473,0.18143400381386654,0.36762868987585395,0.11242604379608592,0.33968426967645476,0.08193839228906602,0.1685537137555187,0.08482533071908602,0.3725493831737053,0.28104259498154893,0.22803873657489268,0.26891179826724887,0.5716466590081084,0.13589834203623044,0.18444742793041277,0.28889312062097855,0.34410066651406795,0.2204431060438443,0.22203935632946073,0.2583332959232553,0.12283630599313737
0.22966325832187626,0.2675849268372196,0.15529470243917048,0.0,0.08674182486339926,0.19921441803518888,0.0,0.1867480329445725,0.09128938794209983,0.3471540314689669,0.14150724854735425,0.4352894597922523,0.06631634157164482,0.0,0.0,0.19741042875578532,0.30773938410899815,0.24290596729167524,0.16507351438690385,0.08173728197293077,-0.003792645359727675,0.07880120928721093,0.26692930324203457,0.0,0.3377437583600315,0.44159626326467827,0.06070553706509447,0.1738333896360883,0.034013598438316556,0.20624771952218526,0.1940245453393786,-0.008389604800309198,0.0,0.0,0.07478877856818997,0.13959488841989942,0.036186490589588755,0.0341770584770566,0.10355300547368122,0.0,0.0,0.0,0.2185426070630983,0.09284083512528922,0.0,0.13989508563207464,0.09608781113625547,0.24865212189319474,0.019171411642990768,0.13444123582144105,0.0950045227817085,0.0,0.21823342600791049,0.10335952093205852,0.27528264165985666,0.2411902515222782,0.4412518483033331,0.056399968613057676,0.1392735714935556,0.015509979798702432,0.08345612927635963,0.26320107976126306,0.1246358609628563,0.22300233191207822,0.12690970703778526,0.0,0.20833569068681157,0.22323559456561337,0.49328839821736,0.23275695233669294,0.45429437654860916,0.15849408523597158,0.17547649827358822,-0.004291634009698762,0.19078100176775306,0.26509775063832336
0.24579757009704684,0.48878330818053095,0.06047313616088377,0.04856718786981384,0.08291000858569694,0.3103898596303866,0.12182193285481255,0.2039164451485144,0.023814038203978122,0.48278884265691,0.0037783183760846323,0.4731488461131062,0.24472066502928652,0.027295859118849478,0.0,0.47425393689352896,0.4660629226425386,0.46762139189637153,0.09300777978490744,0.043918768603735434,0.03596842651530418,0.18004456780198821,0.18059787809279973,0.3377437583600315,0.0,0.47438939993821155,0.03425027238232534,0.176189650112524,0.26412055503296306,0.08817374230038444,0.17854855713458317,0.11819133690235176,0.0066594065641925465,0.050442539632026225,0.0,0.06868637659370597,0.11082731264654117,0.003083965338897326,0.0,0.0,0.0,0.0,0.0580983092514971,0.04503979559697851,0.0,0.050321652370675055,0.31531765886653534,0.06715598190060502,0.1273902865768373,0.013909194049430647,0.2023856644619738,0.0,0.1485290081000857,0.056729126044002556,0.3980093371445875,0.08009748909316472,0.38999595798660425,0.07114128211470014,0.08945058645486319,0.004653877837722557,0.15713421028183566,0.2912675049193572,0.11593504779848067,0.15710675087650205,0.023970916190748048,-0.015812982884941127,0.11554486304354696,0.15059497376646166,0.1760529666615687,0.3879743952476791,0.44099754119948625,0.07267259235268336,0.07663141458258371,0.09615397316168493,0.0,0.0
0.20471102617378198,0.5387386803348975,0.18350192715899963,0.0,0.07526784803629993,0.31296545918653235,0.03984602019055028,0.16522146727100817,0.07078074056985184,0.3618788075385997,0.11683262887057232,0.5208697599347136,0.3000269020003303,0.0,-0.010860577204160775,0.425368085480422,0.532409793172328,0.4609237397320307,0.2143574544332385,0.1327441208642145,0.0,0.19023952312888182,0.23013468329576026,0.44159626326467827,0.47438939993821155,0.0,0.09184431319026808,0.17710136831032747,0.14305475111424515,0.08784656774462256,0.14346780571650936,0.08105566919677033,0.05622925333983066,0.060532809963979924,0.00880650020710729,0.10429394128512982,0.14645890758091007,0.039856938698430336,0.10045249850377945,0.0,0.0,0.0,0.17077951810975545,0.09960025354932012,0.0,-0.010416293231715931,0.18720694811481764,0.184237460183251,0.10864714661213035,0.06101034280915426,0.16191496660343302,0.0,0.08217402042104276,0.08192285358517291,0.26650252767177335,0.1929423918869843,0.34047623043988784,0.14343434531538246,0.05655016318243488,0.06550300476266704,0.16260657631850148,0.30609558956182703,0.20666941715354378,0.2841504360554222,0.20276818715111683,0.0,0.2619278082411629,0.14504166665580145,0.27291862359257485,0.2661172723406758,0.45905932388122017,0.1842042506475641,0.17366237393542072,0.0351553417292994,0.11753883807835662,0.14465131690716618
0.2626169635163416,0.0,0.5690196366888981,0.0,0.46599392929381317,0.3720871351558106,0.23111420855490789,0.05407749842102796,0.5588139810880148,0.0,0.5072522180170124,0.11089969728754893,0.2309901554988741,0.16765022432959784,0.5246109713833765,0.09290304389692489,0.09543482584165815,0.06955708734972577,0.5428211109055492,0.552416766285415,0.23505711483465097,0.5075221276293086,0.3672194909644626,0.06070553706509447,0.03425027238232534,0.09184431319026808,0.0,0.31257879586482795,0.39903805907031914,0.2590703663645094,0.2939685852588758,0.0,0.0,0.0,0.0,0.10656730201820293,0.0671233429668827,0.11435206350503603,0.0,0.0,0.0,0.0,0.20375422241749863,0.04540098862620203,0.08737521063224157,0.24952390446404876,0.17249436445057928,0.47362213329258307,0.0,0.37316561935453996,0.35910969120103975,0.04701952822971657,0.2850994247596454,0.5159393104853389,0.0,0.4972152701004707,0.012939637962199999,0.31178560816923084,0.0,0.5173311104615393,0.14854721034373175,0.07890745353823907,0.24154974968829118,0.5244466813494908,0.5567140640050786,0.10700243465385406,0.47720119505337255,0.4386236055903855,0.0,0.12990698691766134,0.18246719286203497,0.5908493440193396,0.4028432927208857,0.3477536688445704,0.39759485548370616,0.20554912383668417
0.24388956933977338,0.04558802013325611,0.36750006983147077,0.018915923900613595,0.32571605009665977,0.19627837127313258,0.20601005806366815,0.0,0.2917871719607832,0.1676492148491679,0.340442224382631,0.2659556744078065,0.3336815151734638,0.019265435215774927,0.2662570447055341,0.19140137526778672,0.24788585536515712,0.16867221749758976,0.37251993784904613,0.37167004338213394,0.12867813236740994,0.3308247023905779,0.16787862400337292,0.1738333896360883,0.176189650112524,0.17710136831032747,0.31257879586482795,0.0,0.21595553776864496,0.3541168405625507,0.33729238747894397,0.0,0.0,0.0,0.0,0.25227238071846064,0.1518258625355518,0.062004376944824934,0.0,0.0,0.0,0.0,0.17270347226607927,0.17368523027807634,0.015242983176210294,0.21328090824090654,0.0,0.38290192243834326,0.0,0.27757487331956676,0.1581390931960702,0.0,0.1808744555448602,0.31973995121385795,0.07203660454012163,0.37340418653216667,0.15636804107067329,0.12528354209994147,0.0,0.28400903142675604,0.11421997871405547,0.14321817505477533,0.18991693002457644,0.35582097455697054,0.35578864635485236,0.057246789361492995,0.34574796888248066,0.21805699167066184,0.11483205713510371,0.11829722141211228,0.22466093148390306,0.32955015765987783,0.42851788000878477,0.14378763116415483,0.34345686371542417,0.1633041383883144
0.35914287400419814,0.15902955267748908,0.32236919911963474,0.0,0.3887503383812156,0.4527069811955545,0.3925449281671303,0.17177945407698378,0.34606882559691693,0.043324157967271584,0.2705596147489294,0.19074578178989582,0.34250094923093005,0.04235912726116744,0.39776661253719126,0.29366874746674393,0.15025434530299414,0.28622507526745355,0.32762290687407225,0.40645911757014586,0.37189795431195033,0.4798767622497395,0.24067362593558736,0.034013598438316556,0.26412055503296306,0.14305475111424515,0.39903805907031914,0.21595553776864496,0.0,0.25947187441407504,0.2632375872104678,0.0,0.0,0.0,0.0,0.10798531333841938,0.0,0.03861036431114755,0.0,0.0,0.0,0.0,0.06353513523164385,0.0,0.16380614075489147,0.3766955130237217,0.31325857273682256,0.23575254538365362,0.0,0.14227473613962446,0.2832328399986889,0.02966296949911136,0.2760162475208388,0.3083717330560633,0.0,0.27495018404622706,0.06295348492219144,0.2629807002355562,0.0,0.3236215313250337,0.3417016341809932,0.2919677188650176,0.35707624671671984,0.3168960918160672,0.2805916741501659,0.2877514354233421,0.35003007860639285,0.2445388309312047,0.0,0.2899227186560176,0.2564361938403803,0.23215623788263598,0.27055153473394705,0.35174188281030605,0.19731326233149835,0.05503932552548151
0.20321930308013691,0.01796820100009907,0.2589414016954349,0.0,0.30887123415047774,0.199417741667152,0.14469596016975397,0.06890971037308125,0.2760526616852237,0.0785244655146998,0.3517210018504041,0.1854791672679775,0.030268865610638008,0.0,0.29210020908870354,0.09251886220524476,0.041039374317159025,0.0973325119931078,0.3320868452329472,0.38297869474541807,0.15485808188820532,0.32385169803869107,0.17291322592061406,0.20624771952218526,0.08817374230038444,0.08784656774462256,0.2590703663645094,0.3541168405625507,0.25947187441407504,0.0,0.19482047660947668,0.0,0.0,0.0,0.0,0.24990528490559422,0.0,0.0938227134122083,0.0,0.0,0.0,0.0,0.2376321827724383,0.14729885114823843,0.11919878429207645,0.3298526609836801,0.09143851109341761,0.37806435065285077,0.0,0.1701577011724727,0.05729491994833432,0.0,0.26510904070816765,0.23144610633380824,0.0,0.3763863982437564,0.2573173891007322,0.1355108694867907,0.1227221523655454,0.2664890617705887,0.12881319930265275,0.30519699829097396,0.27131101817302516,0.3064212752862619,0.31925213162968885,0.1192817392606949,0.3522211646806836,0.21083454314114178,0.07869705582015049,0.12473351527552043,0.21533956265484375,0.1964210826037389,0.3692194040262458,0.06945552621780696,0.39355097687841417,0.25971650344789127
0.40387536164684873,0.0,0.30245867911446994,0.0,0.27461637530149585,0.11932815170749599,0.18070865560416038,0.0,0.3218048960742155,0.09999199652211403,0.2836350977128247,0.22374040427144462,0.20804236185736125,0.0,0.2655448233442322,0.2412347078305037,0.2076132721959734,0.18206773846639002,0.2921199311764678,0.2967794602009459,0.2661350228445686,0.29671356521529946,0.10457102493285284,0.1940245453393786,0.17854855713458317,0.14346780571650936,0.2939685852588758,0.33729238747894397,0.2632375872104678,0.19482047660947668,0.0,0.0,0.0,0.08622069868983495,0.04687418104931406,0.14972770641693597,0.13339252012949576,0.21926048270053405,0.0,0.0,0.0,0.0,0.17990713418502233,0.0,0.14503769166129613,0.32416516270573364,0.09175641519059068,0.2838944708722347,0.09700157388506857,0.2713927744962609,0.22949662990822622,0.0058540333196523495,0.18567221556653563,0.3664814032228727,0.09395796126889795,0.28646654647273345,0.11285954358206594,0.18127566953520347,0.0,0.29524710086883127,0.26939425752164614,0.1662854386599719,0.27833239530605974,0.3100652907762151,0.34402948939055084,0.16858767821036844,0.35905852288376916,0.25179144159094224,0.22756968107073597,0.2978844434971879,0.3353846994787734,0.3194120773679533,0.3810643521712693,0.3631230960942271,0.2467522766168178,0.23289263843899993
0.0,0.19108952657800396,0.0,0.2752125885936486,0.0,0.0,0.0,0.033491834045360616,0.0,0.21899207885428096,0.0,0.05916892792786989,0.009565805669269421,0.0,0.0,0.09430804841762092,0.13024736087741914,0.06451994538258742,0.0,0.0,0.0,0.0,0.0,-0.008389604800309198,0.11819133690235176,0.08105566919677033,0.0,0.0,0.0,0.0,0.0,0.0,0.3333665052833755,0.3097129193194753,0.149347630598787,0.0,0.05411073443503338,0.0,0.3929909425725012,0.18255304319057164,0.09207590171975764,0.2157062922496784,0.0,0.0512659897163054,0.0,0.0,0.021821203429516694,0.0,0.2711752954953434,0.0,0.0,0.12022004168426356,0.0,0.0,0.3020887599970493,0.0,0.043781388706975864,0.0,0.03360761745270271,0.0,0.0,0.0,0.0,0.0,0.0,0.0,0.0,0.0,0.08629778854151149,0.018384152871007416,-0.025677131304312577,0.0,0.0,0.0,0.0,0.0
0.0,0.08886423450848503,0.0,0.09770330009463349,0.0,0.0,0.0,0.029785423520297578,0.0,0.0,0.0,0.0,0.044854081179096554,0.0426373141802137,0.0,0.008316845799879782,0.04419061557838864,0.028036448968560085,0.0,0.0,0.0,0.0,0.0,0.0,0.0066594065641925465,0.05622925333983066,0.0,0.0,0.0,0.0,0.0,0.3333665052833755,0.0,0.29015445218196134,0.16975585371048568,0.0,0.045187891606235445,0.05682482944178118,0.23367664393352142,0.4258971367499034,0.1466832078190508,0.20615257068383705,0.0,0.0,0.0,0.0,0.063435744627458,0.0,0.2581093978255026,0.0,0.047569974199399886,0.245031149841812,0.0,0.0,0.18207068779351657,0.0,0.0,0.012259906797709576,0.0,0.0,0.0,0.0,0.0,0.0,0.0,0.0,0.0,0.0,0.07071718936392701,0.03179306706095321,-0.00800150437336209,0.0,0.0,0.05272633481179223,0.0,0.0
