0.0,0.22872259012791296,0.0,0.0,0.0,0.0,0.03726132025596675,0.0,0.08810672216121468,0.2900018837630836,0.0,0.0,0.04755077510497725,0.0,0.306573759196833,0.45051313705099794,0.47030831288208785,0.28195037909570214,0.0,0.1604298850669113,0.4248790855529764,0.17178904395460362,0.011279436007201991,0.20859101802075278,0.4122528132182385,0.34253704142052555,0.12895444694281688,0.08704273886132093,0.15248929725310645,0.09714233775909357,0.32133215196794873,0.2360384684335947,0.2956173425249345,0.20219486230922307,0.1349469300770883,0.0,0.10033277249932557,0.005067557366476101,0.37186967138422633,0.4025040180580865,0.32833901552694,0.0,0.3719474118069865,0.3852928032744635,0.0,0.834502804205737,0.2625552129676418,0.24777732331153104,0.3277866719328401,0.40070398101004234,0.225711249531388,0.316399385881905,0.03505585557766489,0.20419409958847665,0.13858176929846214,0.14204250883053818,0.0,0.09087349861076355,0.19065352585333076,0.0742352904175039,0.5966481301670067,0.3307542943994631,0.5368491244703307,0.0,0.45251879315295684,0.487332186002323,0.6271132274361058,0.08721579582811262,0.36269729444169313,0.48440391236611063,0.5156355260343266,0.2484675719053505,0.6040774666484781,0.529804591987426,0.5040151046181226,0.6331962712643789
0.22872259012791296,0.0,0.25466522814522463,0.16650599424418305,0.15383737561913488,0.6545060263441435,0.5576434299786363,0.22897724437171124,0.13010598240500748,0.6512590793457883,0.02915308020399992,0.3103751438300188,0.49915514858984245,0.0,0.3955849114709131,0.6301994003749362,0.6182031241911847,0.48356038275129776,0.31547730795440004,0.4376012202782972,0.396631855526929,0.5093551931217699,0.31740673022977267,0.18550388446408858,0.8714509339206824,0.7473567432390884,0.4758078801485644,0.37392491848802684,0.3388256783322959,0.2889880175361956,0.21938961360340473,0.27956846183577316,0.31390546320274304,0.08985930092386761,0.0,0.0,0.0,0.07468776492063291,0.2637417938941486,0.370923450585851,0.2856642162107372,0.0,0.058262758297918237,0.06582118874422262,0.0,0.3208762239726228,0.8074650590535873,0.37163680274627675,0.08197421622305012,0.16071024259552136,0.5507544583678987,0.4184177790730506,0.3855268267182837,0.22281715761173362,0.4329226759191496,0.2884894581908181,0.3245226376892059,0.39867366095573387,0.0,0.31067909198681776,0.24428930665790352,0.5886495178650852,0.33288289991906694,0.20949322194346026,0.49302696278742114,0.34442888277236416,0.42311521090345955,0.3090358114595649,0.17881993120797332,0.6059910672700934,0.5491508403916536,0.5307384763325378,0.3260059120220834,0.14238323549700657,0.30488310088705084,0.2409654266655736
0.0,0.25466522814522463,0.0,0.24360569059659604,0.2267941738259669,0.48564167418227483,0.4477785480438058,0.2659891717505449,0.25369484527388225,0.1992441435382942,0.36584185017678966,0.31336593923494777,0.4522724126070752,0.0,0.3065488797596843,0.3542294405986863,0.25404717342738103,0.44740799952604254,0.6167982929300883,0.4243924617652393,0.22581496941855125,0.3744509406018863,0.5116713347706797,0.0,0.359869704358581,0.3489165288491844,0.392789197147854,0.4651472705326907,0.39104227917720924,0.3137076634754784,0.010393238439447222,0.1584632454426659,0.09403179767429254,0.0,0.0,0.0,0.0,0.0,0.0,0.0,0.34360421867769186,0.0,0.0,0.0,0.10349919376513204,0.0,0.3169641809646979,0.4637601476796901,0.03709877785212786,0.1437284891082742,0.49464827637517433,0.38622473495391596,0.310817471364053,0.301853052378805,0.2832721269899187,0.2861642776945077,0.294101213620979,0.5021755124661683,0.0,0.37374243239185007,0.20360816439242788,0.12232048169823864,0.03515334118702279,0.5563927407246221,0.521468908143388,0.1724030753526361,0.40717111267379213,0.40222545163685075,0.0,0.0,0.12857515565277855,0.42937407230859925,0.05120768263831223,0.3485927122778599,0.14309694336800707,0.17658661656531427
0.0,0.16650599424418305,0.24360569059659604,0.0,0.49188611350646416,0.2336877442339251,0.6909492403382661,0.21945785562442888,0.3432481541811652,0.029586574668784768,0.420585259007412,0.09989405056834069,0.40169804002539045,0.0,0.12167934402841236,0.1501727601989324,0.0,0.06763353014044447,0.30812287595263765,0.373256975520065,0.17067242706163288,0.3651598549733223,0.1463715954687903,0.044387701277435104,0.14679741651153236,0.2186054008774798,0.2820108916925857,0.3778975440823397,0.3177124321803637,0.4213838534116074,0.3214063832940016,0.24856091900559507,0.24143765958527333,0.17341064954853175,0.0,0.0,0.18592797895398017,0.0,0.07441764684517566,0.10544404230355679,0.01978827549808906,0.0,0.0,0.0,0.0,0.036384025588552645,0.16811588214443596,0.16741642560294534,0.4005662999088443,0.24281101242804853,0.11418007352305116,0.33339911390703003,0.254285287092783,0.3363389034821635,0.06571760300774654,0.2754558139431697,0.0937296977190879,0.3363055485963006,0.0,0.0,0.0,0.0,0.0,0.17087282645171606,0.20493649492431348,0.2188920801046141,0.09846601413353445,0.1497773947475187,0.02867266560672608,0.0,0.16497903261072924,0.13981707094378976,0.10569030781652174,0.04895014182135319,0.0,0.0
0.0,0.15383737561913488,0.2267941738259669,0.49188611350646416,0.0,0.12270151139383371,0.6171775079588969,0.14082379871795697,0.20967867851632324,0.043665986805226806,0.4002109835986809,0.04236424194346996,0.5247692060935043,0.08715796865910795,0.04606177294874651,0.09090824040455123,0.0,0.10135090928361641,0.2965424270375231,0.35494858197021445,0.12867595579897537,0.34913491138143854,0.021321913974833132,0.0,0.16713652556498487,0.09954471944947857,0.2047348983190176,0.1930483829702495,0.3156428921330077,0.32816830469324415,0.21707359836544324,0.13891107059622934,0.28230662549345337,0.2144605550072575,0.0,0.0037530521681541896,0.12249626727317438,0.03196843911289087,0.0,0.17025691434640322,0.017727490310777447,0.0,0.06475479258937386,0.0,0.03154989873780609,0.0,0.17762012129788446,0.12650883402193205,0.31942286959942967,0.3288970267356068,0.08214478941974679,0.26269800688256767,0.1917354101291763,0.1617911202195279,0.17860332714659657,0.31362658235343194,0.12405737538479444,0.33270660087742754,0.09715035240900591,0.0,0.0,0.0,0.0,0.23012600031689373,0.20436713058362696,0.17519294554646178,0.18942982791481586,0.0,0.0,0.03776548422392086,0.044268726430242475,0.10205713537769094,0.028749936416556453,0.12865501835673065,0.0,0.0
0.0,0.6545060263441435,0.48564167418227483,0.2336877442339251,0.12270151139383371,0.0,0.47628100586202887,0.5719058591619289,0.3107502370513179,0.44591922983965265,0.3056445338222877,0.49000027551346675,0.5513324221512368,0.0,0.35044204552080976,0.4474451453113853,0.39119103729087396,0.4319167981605666,0.48851926984853783,0.435438642634944,0.2823787766172234,0.42177861922205895,0.7479073690816614,0.20351646443089652,0.5402875703599888,0.6270244312018295,0.6326876496292418,0.32104058794267704,0.40313181524628694,0.3131163025631957,0.05093518211322521,0.13879736797312425,0.15887658288888123,0.10187376910662828,0.0,0.0,0.0,0.01257982575410332,0.0800809184090277,0.2144540487034091,0.12622139041747937,0.0,0.0,0.0,0.02902529754557427,0.0,0.5166058850162698,0.3806496605178728,0.0,0.0,0.5661964926511766,0.18113880600954574,0.5294717947097259,0.33115222941938105,0.2403957847115528,0.3127071668768478,0.48810293657495296,0.35636458671098636,0.0,0.30855036720912044,0.0,0.3284319002980811,0.018061014400651446,0.4743013733301837,0.3295179452482,0.18113023538145323,0.1608263641560224,0.5782428923340432,0.11274713843937564,0.16091037064394906,0.3435106058007507,0.46581421581613985,0.0018370302359611733,0.0,0.0067959940905276605,0.0
0.03726132025596675,0.5576434299786363,0.4477785480438058,0.6909492403382661,0.6171775079588969,0.47628100586202887,0.0,0.32360657440195395,0.4114550816148528,0.44658723233470193,0.4870987732523232,0.3225237029796383,0.6533753806130747,0.0,0.3673091464748643,0.46932234247707977,0.3098360992004733,0.350860674443321,0.5585308886116929,0.6552141298132669,0.3838178597626213,0.7076575519666884,0.2594052196385145,0.23456606280094314,0.5736900370398914,0.5228969550531882,0.5354622326554087,0.5481059970190169,0.5622458038244701,0.6937431913221154,0.5002476822404304,0.37245660992171287,0.47998566736151566,0.20111311628700462,0.0,0.0,0.013828660563281492,0.08791624198606621,0.24474587366322306,0.272360750331014,0.17373756073880295,0.0,0.0,0.0,0.0,0.19347574368002068,0.5393706145126564,0.427992415630193,0.3357629970324727,0.35871415420626185,0.4058139803913136,0.5287290240039877,0.4871961520465589,0.45829702929342264,0.47447610531482937,0.458888754538326,0.32884843657866436,0.5498775861861356,0.0,0.29378224966762995,0.12456396974445474,0.2829204035350712,0.1076512831885773,0.4082974550695544,0.45578321563347973,0.49005597375707893,0.3721478188726015,0.30717640284373027,0.17512805754416716,0.28530676203276367,0.4328830324995021,0.37144168999225113,0.2573409663256247,0.2039103214275038,0.0,0.1758151902353893
0.0,0.22897724437171124,0.2659891717505449,0.21945785562442888,0.14082379871795697,0.5719058591619289,0.32360657440195395,0.0,0.3748999124849302,0.3020340604860977,0.4570821583146449,0.5861970998774735,0.3615436930277258,0.0,0.13860136342276547,0.16692885055107587,0.15647394138006798,0.06322280371332144,0.42436149320181904,0.3568886623926465,0.38478561634341674,0.3234931365858969,0.7829134086607809,0.43037913989824506,0.1827676721192921,0.5034932569627438,0.33482983417172113,0.21917910801351093,0.062003671506563295,0.27426769274149165,0.11278537790370201,0.16819620449852254,0.29839577411205465,0.1943718669865779,0.0,0.0,0.0,0.2017631224604849,0.19125450746895847,0.30337141669578555,0.0,0.015542664671957904,0.0,0.0,0.23269306952402655,0.021976266748960544,0.19578730505423553,0.22077048908094488,0.05631586597313572,0.0,0.37325795890090013,0.11108663780303477,0.7550893856423903,0.4152811698871851,0.24211481049916364,0.34766627084674867,0.4759794020802656,0.24942979086102915,0.0,0.15310534120048103,0.0,0.11200018936058777,0.0,0.3670218635141692,0.25731939611079835,0.2811949466869525,0.07496868576866308,0.599104172890836,0.3392232645392223,0.04164536681916247,0.3453163362256606,0.258329151448623,0.04650087360239505,0.0,0.0,0.0
0.08810672216121468,0.13010598240500748,0.25369484527388225,0.3432481541811652,0.20967867851632324,0.3107502370513179,0.4114550816148528,0.3748999124849302,0.0,0.2684074853281363,0.5523728839501747,0.25124230803406095,0.37682552164347594,0.0,0.0,0.18059738629102018,0.29454497502474014,0.12506678463278617,0.14283570642403184,0.04880172138562436,0.11209978931773834,0.050160249611401427,0.24636110368333675,0.09875300386071842,0.1646626600119889,0.27255233882053004,0.41735661886148473,0.09916025704261934,0.0,0.11346090003011412,0.004717519306335763,0.1724231120361507,0.3510806832247934,0.19045681792159316,0.0,0.0,0.09714976608489896,0.0,0.10356129634386468,0.3053451546725438,0.16686063540313031,0.0,0.0,0.0,0.0,0.2009019270761488,0.23059993016744265,0.4985200480215257,0.3045647164315675,0.3664355267241964,0.3446087719053917,0.45774278496131615,0.287261971548116,0.8994975731665528,0.17294088995879214,0.6351147322567268,0.21997218518305364,0.3781110076341884,0.0,0.0,0.08156450157253226,0.17667476665298656,0.07146728739238238,0.11571626764952185,0.26012392295936315,0.08793188338077534,0.1485774929416906,0.1854535487317708,0.1157907307365975,0.16929698611334032,0.2652173198748955,0.5035039952103879,0.26645151732826505,0.06345496262255146,0.0,0.08825775810424466
0.2900018837630836,0.6512590793457883,0.1992441435382942,0.029586574668784768,0.043665986805226806,0.44591922983965265,0.44658723233470193,0.3020340604860977,0.2684074853281363,0.0,0.08359581016496014,0.5585498832218494,0.25417081750334364,0.0,0.41692556202655157,0.5419243342158762,0.7182521327465682,0.4505383549556287,0.2538159729376427,0.3945345203113959,0.390951006574221,0.45001897057231266,0.3061754390652285,0.4272311308918556,0.7309293671948854,0.6398627672616785,0.5330950887538614,0.25149716538218614,0.2877565954115291,0.3871046545101727,0.3891983840199158,0.24486225909117115,0.4644710492058686,0.16008432913850146,0.0,0.0,0.0,0.22672547639338123,0.4627393846541335,0.4368955510991033,0.22999470891747612,0.0,0.14005931723242626,0.13406366215948795,0.15501031625494685,0.3461566922310397,0.5192809082507982,0.5105949887163093,0.0,0.1786608114426486,0.35936081568454015,0.31223682280657916,0.43129412552878665,0.3197936776502004,0.7153040612617051,0.3714502008259613,0.5066274525716611,0.21239372247267402,0.0,0.37490927989593653,0.3433838841232545,0.5617473771326869,0.4811172714968505,0.23729463057458305,0.40593660580884205,0.39036003633841754,0.35131932083048206,0.37119109670297495,0.48726980436859296,0.4831689572998607,0.5297143488799126,0.43238546997070376,0.38666380001273165,0.09349714652425803,0.23298124128114017,0.3486038849378755
0.0,0.02915308020399992,0.36584185017678966,0.420585259007412,0.4002109835986809,0.3056445338222877,0.4870987732523232,0.4570821583146449,0.5523728839501747,0.08359581016496014,0.0,0.23650297488327107,0.4038081557233533,0.0,0.03454584127946239,0.0031225819707323093,0.0,0.0,0.4060596172644991,0.27490995816759006,0.15582069598665252,0.24399335522801016,0.31709194723743056,0.12925558619852193,0.004222906053574387,0.1297297056304458,0.33785254955219335,0.23763158907024218,0.20656551409456314,0.33447078189763696,0.15322426174011708,0.11155872376801479,0.36566149631208006,0.2315018727127262,0.0,0.0,0.021478194417388866,0.029050109337518806,0.05182810121228926,0.17386805023158222,0.0,0.002559867581824022,0.0,0.0,0.043084338518014256,0.0,0.08774944277163055,0.1997831709680246,0.23348577461841408,0.3409776974728284,0.18802482747784796,0.3073826100755425,0.34241350785409747,0.5328690811781838,0.1633393429479821,0.5334427288129512,0.1444412963397041,0.32201619983910656,0.0,0.0,0.0,0.0,0.0,0.3016657186573894,0.13375935148298138,0.1377380769822895,0.06536729430899216,0.17829981394986436,0.039897493433736136,0.0,0.06264187780520934,0.25610580362967555,0.04019299242826828,0.026842327966422875,0.0,0.0
0.0,0.3103751438300188,0.31336593923494777,0.09989405056834069,0.04236424194346996,0.49000027551346675,0.3225237029796383,0.5861970998774735,0.25124230803406095,0.5585498832218494,0.23650297488327107,0.0,0.4243119762450884,0.0,0.0875834688177557,0.32876091650156297,0.46095568264025927,0.400010660971126,0.37176229017225504,0.2721613199576349,0.22494661052213952,0.30528212316894116,0.5082013361414055,0.24950592008786227,0.36527598079750356,0.6287525646149417,0.27424665143221955,0.3911460986659693,0.08640212216627038,0.20537812648328932,0.09767516206787949,0.19425590529425807,0.23636733063021895,0.10151028038125101,0.0,0.0,0.0,0.0,0.09773404365566606,0.20750415593685664,0.08880769758075725,0.0,0.0,0.0,0.28777288538118223,0.03496224062239263,0.24899425614105336,0.3170125062480631,0.0,0.023663653753292782,0.23819545637255873,0.2228049271611692,0.44996318760174153,0.23383895320195872,0.47245343675418117,0.19907340428206993,0.6745715735802514,0.30725244707390215,0.0,0.22467290677682958,0.12016353456269044,0.3049193420550037,0.19719332630944883,0.3563912873820613,0.3136642928054382,0.11639112114404257,0.18727459821412462,0.3474842645514539,0.3105763552569857,0.09880144406547564,0.38485692550243156,0.2229741861086635,0.2052817958036755,0.0,0.02444936871017396,0.169668384191092
0.04755077510497725,0.49915514858984245,0.4522724126070752,0.40169804002539045,0.5247692060935043,0.5513324221512368,0.6533753806130747,0.3615436930277258,0.37682552164347594,0.25417081750334364,0.4038081557233533,0.4243119762450884,0.0,0.0,0.06029862900187151,0.533498360645073,0.43605594193776065,0.5952200510922064,0.44198880878752134,0.3395177129261324,0.21722018909298205,0.3855130144818643,0.3699109918747536,0.0,0.431267122866868,0.585892256620442,0.2699083811831723,0.6260712727975165,0.22447737596588807,0.2169011958941682,0.08152697015231763,0.30228795543432696,0.3192626101402621,0.11255337897212384,0.0,0.0,0.1311743766155936,0.0,0.018467927385107597,0.30789428105999,0.29241001678046036,0.0,0.0,0.0,0.0729592797732661,0.1528052521917948,0.4756879076913837,0.2713142399094759,0.27142939216943873,0.3365439796772265,0.4680757006114652,0.5011606808387283,0.33809578274543883,0.3208464801074266,0.3173232970921686,0.2639017697496113,0.3233411099181957,0.711914354843378,0.0,0.021922327518962954,0.3007324654208033,0.45489687203293083,0.294535496921799,0.28924103058229556,0.5350808440433917,0.16015717451247496,0.47238628884593203,0.2433383284057474,0.0,0.22687386149158295,0.42843006051847154,0.4191572844547034,0.4099958417948972,0.22608298383870323,0.1252760854087837,0.23373306662392487
0.0,0.0,0.0,0.0,0.08715796865910795,0.0,0.0,0.0,0.0,0.0,0.0,0.0,0.0,0.0,0.0,0.0,0.0,0.0,0.0,0.0,0.0,0.0,0.0,0.0,0.0,0.0,0.0,0.0,0.0,0.0,0.0,0.0,0.0,0.15563229602319634,0.2458884557590306,0.533174453157644,0.07444098042577767,0.0,0.0,0.0,0.0,0.0,0.29126935568470086,0.017830349764118722,0.0,0.0,0.0,0.0,0.11655184166444423,0.0,0.0,0.0,0.0,0.0,0.0,0.0,0.0,0.0,0.4635574893230412,0.0,0.0,0.0,0.0,0.0,0.0,0.0,0.0,0.0,0.0,0.0,0.0,0.0,0.0,0.0,0.0,0.0
0.306573759196833,0.3955849114709131,0.3065488797596843,0.12167934402841236,0.04606177294874651,0.35044204552080976,0.3673091464748643,0.13860136342276547,0.0,0.41692556202655157,0.03454584127946239,0.0875834688177557,0.06029862900187151,0.0,0.0,0.3564787417796083,0.27747703968144327,0.1630926699845668,0.2959751529704229,0.6192488085763814,0.5179099948644602,0.6053227216317649,0.31357203442501874,0.38973232841379774,0.40845424494483357,0.31567582698977253,0.5789714805330461,0.30586374821535356,0.6719304133170327,0.4896982853269813,0.49526002554240706,0.21915530107752942,0.2365694231076283,0.09557572742748302,0.0,0.0,0.013331790315109927,0.19162490056322884,0.28864140096664714,0.16132153908184144,0.10019044349024521,0.0,0.19316777092300344,0.043521658906720155,0.0,0.28556174386850947,0.30364531353161245,0.3029894012153445,0.0,0.09229550011898795,0.24032475504634612,0.03901877412077422,0.3215877343999665,0.09952409868631865,0.2641917650210459,0.2135012800078902,0.10471702990272742,0.0,0.09570577955427295,0.6928148687311257,0.17313159374987847,0.14694886727922032,0.21183897517614098,0.2795773890302031,0.29867160570032925,0.6028799988750291,0.3805489809947122,0.3580143750778244,0.3470727386055915,0.19387019995473945,0.2834279778762119,0.12975274915332474,0.13640046148772886,0.28556256414179354,0.14543399032402102,0.18057379747336347
0.45051313705099794,0.6301994003749362,0.3542294405986863,0.1501727601989324,0.09090824040455123,0.4474451453113853,0.46932234247707977,0.16692885055107587,0.18059738629102018,0.5419243342158762,0.0031225819707323093,0.32876091650156297,0.533498360645073,0.0,0.3564787417796083,0.0,0.739353298323898,0.8309073800384001,0.25267448369607515,0.4567022219634121,0.38385748459545144,0.5755825948117489,0.30381931148306257,0.11964310428778341,0.6734707611231732,0.7217396227694111,0.4337054382769623,0.4956337057590753,0.32546453218422355,0.18675443121090585,0.2823711241827545,0.39467552722093546,0.3923024256172493,0.15787549442250903,0.0,0.0,0.0,0.0,0.2615921510997698,0.374970635510313,0.45673369205258246,0.0,0.07576451062467078,0.06373731974406964,0.0695170069292014,0.46369818002151214,0.5779512515884457,0.39018588779871743,0.18405806405621764,0.2774476568856162,0.4982211883408582,0.4058830916821254,0.26298977406165974,0.24498846590603113,0.3922831109290551,0.16006471080161244,0.18435724542197265,0.42897464412698527,0.0,0.31977122939390895,0.6396176930472063,0.6057723034629697,0.5997823881768841,0.13968599271520787,0.6507516927849261,0.3847782626892742,0.6554368718246456,0.3505627980345676,0.23502675222981897,0.44989192845623743,0.6056968684537299,0.49423007393000185,0.5516315659952057,0.3582229078171467,0.3600397155803585,0.4166639329844169
0.47030831288208785,0.6182031241911847,0.25404717342738103,0.0,0.0,0.39119103729087396,0.3098360992004733,0.15647394138006798,0.29454497502474014,0.7182521327465682,0.0,0.46095568264025927,0.43605594193776065,0.0,0.27747703968144327,0.739353298323898,0.0,0.7102691834740709,0.22467087949635675,0.16293267916435153,0.27162440224737017,0.300432704065502,0.28167457751770786,0.16012378422333548,0.6803578479008923,0.7195220430134757,0.36658476149273567,0.33620407443062,0.10010066235942904,0.10131583343625157,0.12974579150511442,0.3794462249815621,0.28696818581471584,0.0,0.0,0.0,0.0,0.0,0.3564565136175256,0.3164958862142438,0.4160167724403419,0.0,0.12191198383613508,0.14104530730822487,0.11392988402328354,0.46120931818131,0.5843538022605351,0.47919077122017295,0.0821226825817204,0.18448361139976407,0.5123863490419315,0.429845378193827,0.2563821275449801,0.2845748066824921,0.5662968403799367,0.17952739920825314,0.3726799104733252,0.4312209538815025,0.0,0.28212053812171367,0.648614404006143,0.7480452126311894,0.6794530860031063,0.15788385859022736,0.5740430315605857,0.2646952933972436,0.5534938871967825,0.38818065712276445,0.36802749129780893,0.5195341869283172,0.666113985588114,0.5655432082496985,0.5803785683765725,0.24109237917879137,0.31844366174227196,0.4969695361007362
0.28195037909570214,0.48356038275129776,0.44740799952604254,0.06763353014044447,0.10135090928361641,0.4319167981605666,0.350860674443321,0.06322280371332144,0.12506678463278617,0.4505383549556287,0.0,0.400010660971126,0.5952200510922064,0.0,0.1630926699845668,0.8309073800384001,0.7102691834740709,0.0,0.2723149301758887,0.2832548745510051,0.11200843366582389,0.4140632458923726,0.2591771902179843,0.0,0.5602375894405718,0.6305385741496876,0.31434342913102314,0.5369231613400514,0.2183373390597501,0.07755085648427215,0.12405495684189853,0.32076601340007516,0.1645337432214475,0.003993056707375713,0.0,0.0,0.0,0.0,0.10179325014925583,0.17691668905618504,0.44832398897080294,0.0,0.0,0.03228843770746036,0.07523300443223982,0.20729578495214196,0.404164528808018,0.3199492114190114,0.06819652846619985,0.16395368416889594,0.402838280242091,0.32699152343089066,0.10189337096263441,0.11620421860041959,0.31727822699369485,0.03206524111014458,0.2614777520632935,0.4519867082096012,0.0,0.21143106310253398,0.6066559913700964,0.5136871978959326,0.5684054442852423,0.20636673656463767,0.5578073124361214,0.08928590394894952,0.5610664911070863,0.27950185365037084,0.0771552034840139,0.20692703391387943,0.4228643944568901,0.4245277377584905,0.46725283610025914,0.2808453480723719,0.27508079155451665,0.3894196204533307
0.0,0.31547730795440004,0.6167982929300883,0.30812287595263765,0.2965424270375231,0.48851926984853783,0.5585308886116929,0.42436149320181904,0.14283570642403184,0.2538159729376427,0.4060596172644991,0.37176229017225504,0.44198880878752134,0.0,0.2959751529704229,0.25267448369607515,0.22467087949635675,0.2723149301758887,0.0,0.4946068288545198,0.18167463863658004,0.4842276712346724,0.486218652928157,0.07805784978041022,0.2721320685871957,0.34444204406872664,0.3499493016756705,0.47509883756391424,0.41627838345300705,0.4877645267730144,0.2197945287865465,0.2799615274796162,0.22392642415030742,0.057571589558076904,0.0,0.0,0.0,0.09340947204379701,0.029009153737604314,0.15371014951022238,0.10875819047676567,0.02672071034650825,0.0,0.0,0.1096365597357486,0.0,0.3160975412377587,0.32181549224628664,0.0,0.043692064909410896,0.39473507450426665,0.27992500452077096,0.4755669725658449,0.20541276513842405,0.36222344647087457,0.27124274973195456,0.38157623944365243,0.45338331134803306,0.0,0.40029560194594904,0.04376737295120096,0.1999911749766218,0.04234602998895259,0.7021263069487093,0.333587653051946,0.2866569241814682,0.22365165954691,0.44394388757494424,0.01615651284675044,0.0,0.1522024383599007,0.29399296379088563,0.0,0.1310639973386357,0.02469791492285933,0.039463883182508326
0.1604298850669113,0.4376012202782972,0.4243924617652393,0.373256975520065,0.35494858197021445,0.435438642634944,0.6552141298132669,0.3568886623926465,0.04880172138562436,0.3945345203113959,0.27490995816759006,0.2721613199576349,0.3395177129261324,0.0,0.6192488085763814,0.4567022219634121,0.16293267916435153,0.2832548745510051,0.4946068288545198,0.0,0.5158534150010827,0.9256256749108956,0.3807359305813756,0.4067778571107552,0.45591623277000354,0.48988776202779233,0.6483632624320972,0.5127636901669443,0.7612350199167358,0.689336133312109,0.6017459479027412,0.31705009930669004,0.426212509028605,0.3079283827709896,0.0,0.0,0.0,0.2965200649177756,0.20780610089763532,0.3010804818681389,0.07299249969610157,0.0,0.040697113027698156,0.0,0.0,0.20171484692767547,0.3534139610629816,0.21205274577331565,0.15429643465062082,0.22256348486548924,0.23410050760174597,0.189401723213464,0.45138060041898653,0.22145856338928782,0.3593664287934616,0.23724345395822014,0.21489212772669225,0.14531033099036014,0.0,0.4296863153529624,0.05625060723275361,0.13270799153914362,0.04814189012973542,0.34946420226829183,0.4973866992800468,0.5502003422489201,0.4308842887062579,0.3300981163180939,0.3174332256810277,0.11742180147252661,0.3601127738953213,0.11304365182363699,0.1556944060760122,0.23787038269897118,0.08392182211289625,0.11609306728973118
0.4248790855529764,0.396631855526929,0.22581496941855125,0.17067242706163288,0.12867595579897537,0.2823787766172234,0.3838178597626213,0.38478561634341674,0.11209978931773834,0.390951006574221,0.15582069598665252,0.22494661052213952,0.21722018909298205,0.0,0.5179099948644602,0.38385748459545144,0.27162440224737017,0.11200843366582389,0.18167463863658004,0.5158534150010827,0.0,0.4582117037500836,0.375559720298684,0.34039016710507575,0.4888107793072576,0.45708948923183373,0.34646308409325016,0.16000019807352336,0.3931258704700348,0.4294985223613244,0.37728896304964427,0.2536979847689125,0.39117279956836726,0.19147064804237404,0.0,0.0,0.0735984991096324,0.18882979166044805,0.33568832042177443,0.4502956007011312,0.15130656838549697,0.0,0.2164099067418359,0.09990494621968618,0.07065140932673203,0.49030440648745677,0.43403157921443125,0.20646116212370916,0.27122859646950964,0.35812169187851023,0.3711220393165336,0.3745438616025302,0.5198774484592922,0.29266964618516356,0.29959956258887,0.26321873850823324,0.04568490086510326,0.23233409410359543,0.0,0.2946872499524224,0.225328178357325,0.2242444527830101,0.18814832816005658,0.15604060302697528,0.4902670302518951,0.7353059031589247,0.44690161497614406,0.35549838738738243,0.32918508988705353,0.4401718059305441,0.4952508360451092,0.270709641124024,0.33689351702828585,0.4364327355880082,0.23367245480426796,0.2976283213386468
0.17178904395460362,0.5093551931217699,0.3744509406018863,0.3651598549733223,0.34913491138143854,0.42177861922205895,0.7076575519666884,0.3234931365858969,0.050160249611401427,0.45001897057231266,0.24399335522801016,0.30528212316894116,0.3855130144818643,0.0,0.6053227216317649,0.5755825948117489,0.300432704065502,0.4140632458923726,0.4842276712346724,0.9256256749108956,0.4582117037500836,0.0,0.2939498565164209,0.3637157549257738,0.5480053790676576,0.5832266105436453,0.5693945897973355,0.5682182677306933,0.6697350001716483,0.6334631524574444,0.6062119731486652,0.35289129460268914,0.4879353590828662,0.3412371148723769,0.0,0.0,0.0,0.19231729125314995,0.31546980989006707,0.2954685408594235,0.21067004175110443,0.0,0.06630233766930337,0.0,0.0,0.2374356477215205,0.4173689773839212,0.23121465255500356,0.19718920109429328,0.22028750748955092,0.2882118512238499,0.2595112321820928,0.40230879690365895,0.19323418312746632,0.41435553545837006,0.22458300488450333,0.3144885745497433,0.20254353008977508,0.0,0.4828506251218098,0.15469287573635815,0.21842083445421906,0.16449848369899875,0.31006873116555406,0.48958915697787186,0.539037767062078,0.49111202050943553,0.31871916852639215,0.3054062041642746,0.2271656988519891,0.43145397891297416,0.17712729306665037,0.23317176426851477,0.18297189816347245,0.0871127008744245,0.18117999530285891
0.011279436007201991,0.31740673022977267,0.5116713347706797,0.1463715954687903,0.021321913974833132,0.7479073690816614,0.2594052196385145,0.7829134086607809,0.24636110368333675,0.3061754390652285,0.31709194723743056,0.5082013361414055,0.3699109918747536,0.0,0.31357203442501874,0.30381931148306257,0.28167457751770786,0.2591771902179843,0.486218652928157,0.3807359305813756,0.375559720298684,0.2939498565164209,0.0,0.264130838544192,0.3032716494027735,0.534052900154189,0.5194736933396704,0.2587314598439878,0.26811146709450745,0.21957587651489047,0.0,0.16832855376422529,0.15162166844214275,0.0,0.0,0.0,0.0,0.1016195621065413,0.0773072333095518,0.165278699862752,0.06239845128359274,0.02886915927836044,0.0,0.0,0.19025680558831068,0.013098381174430422,0.26937582474249666,0.2965419269943718,0.0,0.0,0.5243619052125004,0.11766539290474184,0.6206384862458433,0.291631208851585,0.20005651942118757,0.273254327661113,0.4091917948257623,0.2902792834784736,0.0,0.3428373708108919,0.0,0.1565767918066863,0.0,0.39990330133413987,0.31312008471114033,0.26611605135599203,0.1461667713412083,0.7881732886598508,0.21532140957297957,0.0,0.27109797136161806,0.36062810219451497,0.02110468218926469,0.036710469580558694,0.0,0.0
0.20859101802075278,0.18550388446408858,0.0,0.044387701277435104,0.0,0.20351646443089652,0.23456606280094314,0.43037913989824506,0.09875300386071842,0.4272311308918556,0.12925558619852193,0.24950592008786227,0.0,0.0,0.38973232841379774,0.11964310428778341,0.16012378422333548,0.0,0.07805784978041022,0.4067778571107552,0.34039016710507575,0.3637157549257738,0.264130838544192,0.0,0.216590662227965,0.3758362567431621,0.3340443913788844,0.09380360776377482,0.23748817397943622,0.42408711428600704,0.44335134753743405,0.19383580813524035,0.4567511739975725,0.2344867826352392,0.0,0.0,0.0,0.40488069275901717,0.47451996345584957,0.34149673654686186,0.0,0.0,0.3046866865274577,0.09165659151752893,0.08812204520925879,0.22644088702057935,0.05346103980157255,0.14887361945878702,0.0,0.0,0.0,0.0,0.4057096052613959,0.16595404070166167,0.2642390144407448,0.30581962612958796,0.2859738939337196,0.0,0.020153027315054466,0.25663779411892806,0.0,0.015784221106668144,0.026313199128163267,0.13220788630563285,0.0,0.33115934422601007,0.0,0.27908795795042435,0.6805887243282961,0.1216504513392633,0.3516114646312731,0.0,0.07871843444458819,0.0,0.0,0.024926783852284518
0.4122528132182385,0.8714509339206824,0.359869704358581,0.14679741651153236,0.16713652556498487,0.5402875703599888,0.5736900370398914,0.1827676721192921,0.1646626600119889,0.7309293671948854,0.004222906053574387,0.36527598079750356,0.431267122866868,0.0,0.40845424494483357,0.6734707611231732,0.6803578479008923,0.5602375894405718,0.2721320685871957,0.45591623277000354,0.4888107793072576,0.5480053790676576,0.3032716494027735,0.216590662227965,0.0,0.7651229748918271,0.5159197014837441,0.31509662274910866,0.379945863986803,0.3830906324922983,0.2823560499798343,0.2854131358606981,0.354871226059742,0.11877608887565938,0.0,0.0,0.0,0.07800862058534758,0.29019756914596107,0.42997513370358525,0.4348804596942319,0.0,0.11220855010195607,0.052147993822196655,0.024067093883064192,0.49012487195145965,0.7758665525151193,0.5333266755273114,0.1620453943042814,0.23119473663699597,0.5885796911163178,0.4267395453629324,0.3867526970633313,0.25102537596750973,0.5042447677882297,0.3226541806028005,0.31279223276920737,0.3894796980898207,0.0,0.35933783020721344,0.4648295454598151,0.5727355314636217,0.4733516744130264,0.1887859434031506,0.6232921433759787,0.47215935932845443,0.5825554984216653,0.410762617094253,0.24168151717598316,0.7024770925565887,0.6604505700032814,0.6005568649837006,0.4671423084740384,0.33403504390269323,0.3053698169644629,0.4246508701516317
0.34253704142052555,0.7473567432390884,0.3489165288491844,0.2186054008774798,0.09954471944947857,0.6270244312018295,0.5228969550531882,0.5034932569627438,0.27255233882053004,0.6398627672616785,0.1297297056304458,0.6287525646149417,0.585892256620442,0.0,0.31567582698977253,0.7217396227694111,0.7195220430134757,0.6305385741496876,0.34444204406872664,0.48988776202779233,0.45708948923183373,0.5832266105436453,0.534052900154189,0.3758362567431621,0.7651229748918271,0.0,0.4436968329278662,0.47969682356623716,0.19696611392558172,0.2878693221839172,0.2265882784061393,0.37983148985214205,0.43045953627968986,0.18334526062572756,0.0,0.0,0.05183218244883181,0.009882781935938358,0.3066978626170674,0.5151295322201835,0.3025622219977325,0.0,0.08298379528567013,0.0,0.18269167998512328,0.4259800578464007,0.6438767345557803,0.44738944141108605,0.1421911920165812,0.152669926374668,0.58756115264238,0.3496580499710676,0.5220454822776248,0.3175954502178243,0.4800705939179285,0.2553651897091034,0.5061403917833982,0.4418505140708323,0.0,0.30990689112915876,0.4217683726115854,0.60259974114249,0.4579283753259902,0.23486514476884124,0.6322812960492701,0.38469450423458995,0.5544595695365846,0.5099931089689688,0.4647747207044357,0.48950595510347655,0.8412492715967478,0.4981632614242555,0.505264960054973,0.14725201222415568,0.22572837139763133,0.3082304614499319
0.12895444694281688,0.4758078801485644,0.392789197147854,0.2820108916925857,0.2047348983190176,0.6326876496292418,0.5354622326554087,0.33482983417172113,0.41735661886148473,0.5330950887538614,0.33785254955219335,0.27424665143221955,0.2699083811831723,0.0,0.5789714805330461,0.4337054382769623,0.36658476149273567,0.31434342913102314,0.3499493016756705,0.6483632624320972,0.34646308409325016,0.5693945897973355,0.5194736933396704,0.3340443913788844,0.5159197014837441,0.4436968329278662,0.0,0.18577706910457426,0.6746708194362231,0.45171803392525534,0.3816772496701288,0.3155078074419661,0.404273190004596,0.18462659292297925,0.0,0.0,0.0,0.11739984690802617,0.2242613806570301,0.27428871390283666,0.10744368718351993,0.0,0.02018398513581206,0.0,0.0,0.18641606252813764,0.4325528707855596,0.48248224660244965,0.024073021929558944,0.20071630922635914,0.4612219296768147,0.2384777603045309,0.4134563266132889,0.5262886952712389,0.3235310029426712,0.4500751265448608,0.2278153980627277,0.1569724014685549,0.0,0.4384862504128555,0.10110130951675625,0.19747803630181807,0.12424796904976147,0.38601286633345944,0.34035814832105105,0.42061824419037935,0.22731178405059155,0.5828238087755974,0.2321183406144853,0.1613775618220115,0.3127202698754608,0.5686278568741867,0.08486902302713605,0.16539568848890865,0.0,0.006731457910462907
0.08704273886132093,0.37392491848802684,0.4651472705326907,0.3778975440823397,0.1930483829702495,0.32104058794267704,0.5481059970190169,0.21917910801351093,0.09916025704261934,0.25149716538218614,0.23763158907024218,0.3911460986659693,0.6260712727975165,0.0,0.30586374821535356,0.4956337057590753,0.33620407443062,0.5369231613400514,0.47509883756391424,0.5127636901669443,0.16000019807352336,0.5682182677306933,0.2587314598439878,0.09380360776377482,0.31509662274910866,0.47969682356623716,0.18577706910457426,0.0,0.3151868641864504,0.4417588678752184,0.3464283387924607,0.3082719378799756,0.23320085724156653,0.10458152144451191,0.0,0.0,0.12026530456962482,0.0,0.082701004234713,0.03734008057599118,0.24239458829406157,0.0,0.0,0.10450963591297097,0.024796839885151044,0.12375386986193397,0.29743799755966704,0.1528984893885541,0.08588643555993668,0.15668160007220266,0.19568582232143697,0.32279840006621147,0.21578238889962253,0.08564188159002394,0.32880257067654467,0.18693285064945891,0.2991158820319174,0.47428833820022703,0.0,0.2405805234507592,0.30004551253034834,0.3157858612143753,0.3116929678142513,0.2763972655847878,0.39587269582351503,0.19285759064530408,0.4387811410172075,0.1794234788005458,0.15253807271672903,0.06051230433807474,0.33189505595825824,0.10200374036741167,0.3491919435706621,0.11452250257227796,0.20717888124039838,0.28790831589749566
0.15248929725310645,0.3388256783322959,0.39104227917720924,0.3177124321803637,0.3156428921330077,0.40313181524628694,0.5622458038244701,0.062003671506563295,0.0,0.2877565954115291,0.20656551409456314,0.08640212216627038,0.22447737596588807,0.0,0.6719304133170327,0.32546453218422355,0.10010066235942904,0.2183373390597501,0.41627838345300705,0.7612350199167358,0.3931258704700348,0.6697350001716483,0.26811146709450745,0.23748817397943622,0.379945863986803,0.19696611392558172,0.6746708194362231,0.3151868641864504,0.0,0.6253365309425472,0.5363653228365602,0.2591737653557615,0.32931779606670736,0.12942495335128543,0.0,0.0,0.0,0.21374188631866,0.12345531753729821,0.09051336072654266,0.06165994778674317,0.0,0.0,0.0,0.0,0.12159830087227365,0.2181442725749439,0.21521998960442734,0.0,0.1984562762626177,0.2143183546902278,0.15913635431747847,0.24357238795129005,0.1442518624129188,0.2349177683679316,0.18441377305531073,0.017973077624402853,0.10869781403154762,0.0,0.5171168552818074,0.17219272737795027,0.03559780559221777,0.10923472034978152,0.3463178825899366,0.31427536148592405,0.511939073282141,0.3094780586848924,0.2979381780316392,0.0875528194556945,0.053864819087970965,0.13411577059665203,0.21748438957157373,0.0,0.42170043332141655,0.026818837473910524,0.13430021916039933
0.09714233775909357,0.2889880175361956,0.3137076634754784,0.4213838534116074,0.32816830469324415,0.3131163025631957,0.6937431913221154,0.27426769274149165,0.11346090003011412,0.3871046545101727,0.33447078189763696,0.20537812648328932,0.2169011958941682,0.0,0.4896982853269813,0.18675443121090585,0.10131583343625157,0.07755085648427215,0.4877645267730144,0.689336133312109,0.4294985223613244,0.6334631524574444,0.21957587651489047,0.42408711428600704,0.3830906324922983,0.2878693221839172,0.45171803392525534,0.4417588678752184,0.6253365309425472,0.0,0.6770571817402365,0.25992321525812007,0.42127949933518777,0.14381233215568973,0.0,0.0,0.0,0.3054687550107943,0.37595159026020786,0.20783997095866213,0.03598038523618899,0.0,0.03583910998257168,0.0,0.0,0.1397389990855205,0.2596500158311179,0.303977618651868,0.12595123154379192,0.18882022961625627,0.2085160558728539,0.19039544560166752,0.44068642844061956,0.251398834076361,0.3486663295126798,0.3307658816458905,0.2524363478088213,0.15003228857934003,0.0,0.34150856742564817,0.0,0.09102560302074895,0.0,0.409319829799393,0.282118556934904,0.5311260734967839,0.24340912329076944,0.3164222476983804,0.29775222308348315,0.16275402932963323,0.26602664263803083,0.12959151560107682,0.10071220707376372,0.1334991085594038,0.0,0.14251454997334034
0.32133215196794873,0.21938961360340473,0.010393238439447222,0.3214063832940016,0.21707359836544324,0.05093518211322521,0.5002476822404304,0.11278537790370201,0.004717519306335763,0.3891983840199158,0.15322426174011708,0.09767516206787949,0.08152697015231763,0.0,0.49526002554240706,0.2823711241827545,0.12974579150511442,0.12405495684189853,0.2197945287865465,0.6017459479027412,0.37728896304964427,0.6062119731486652,0.0,0.44335134753743405,0.2823560499798343,0.2265882784061393,0.3816772496701288,0.3464283387924607,0.5363653228365602,0.6770571817402365,0.0,0.39464948031472163,0.5405712816752658,0.3480436734427943,0.04409757255030103,0.0,0.0,0.31801693207078674,0.4654891052217984,0.28463980977634695,0.06523453628723062,0.0,0.17508607233266515,0.07183318715287766,0.0,0.289986343850668,0.1400156680127739,0.11876285931703885,0.1998582319622241,0.29519138714038046,0.01450409092153406,0.09903933479258657,0.21509620828309325,0.1322300597435492,0.3061614087798326,0.2074868306930776,0.0483253339545714,0.0,0.05328006925056882,0.3024445778637265,0.2010684907633553,0.07970478148083082,0.2214692164622001,0.1880062105891793,0.16346377493809172,0.5461321209149795,0.2994421105200803,0.11489585584197932,0.3892047814011456,0.2068086134050101,0.2796903178489516,0.043365879725236485,0.15971321089006058,0.1547105565025673,0.022233549821814955,0.29831264737892665
