0.0,0.40910696226584853,0.31389112584216083,0.0,0.0,0.0,0.0,0.204679941742903,0.187108772247792,0.0,0.03323937939733962,0.06707017603216131,0.0,0.0,0.29639460099264514,0.5256704695524235,0.20020126194759869,0.6659197636704269,0.22726558632255522,0.0,0.6554464680522859,0.41022001867335783,0.3071638552964418,0.7085499782910825,0.7776657753443401,0.7586440901453114,0.11233680498545519,0.3903280956802439,0.2637346376728857,0.44527527679196605,0.6879045012632897,0.2874831608319144,0.17835114736614885,0.18425726360432618,0.0,0.6406720293336761,0.12007666627585442,0.19071114781832946,0.4648068414654083,0.5037149461503508,0.0,0.024979745098652244,0.007851987661253128,0.0,0.3072653990750978,0.9068700941860803,0.7364377470859462,0.06347717629184566,0.0,0.21638180974830123,0.4520304225524629,0.0,0.1336882398146892,0.38951780971209204,0.20278952846072776,0.3040603101904357,0.0717139172786615,0.0029157650232213613,0.0,0.06656840284127427,0.7668309969776133,0.40229223365528266,0.7902401367062121,0.27371548284530917,0.6145840607140971,0.3095274544190575,0.695787844892656,0.08226197505072781,0.6042280487883199,0.7858046764704527,0.807139794517096,0.363506403778328,0.0,0.5987230322132869,0.1203514919496537,0.05646675488048372
0.40910696226584853,0.0,0.293448216507388,0.3230308189719209,0.046045582254548474,0.14824470747510435,0.37723413707695824,0.0765885390535533,0.0,0.5988769139006708,0.1362300783244036,0.568276372695328,0.579729843857798,0.0,0.19671476972604388,0.5999304631181588,0.6983459733336538,0.6141566661816612,0.2563396906709892,0.3811859703212491,0.2545384908274019,0.7724751001251574,0.3463937810607961,0.7482238323860397,0.6796374999449647,0.8499194568533452,0.2316712917681462,0.6659440272216487,0.12798252069859248,0.25354145782227666,0.32326241167267095,0.40206582484511216,0.03493392346654484,0.0,0.0,0.3440221108315418,0.08901468828697834,0.4362476532089516,0.2886068013790321,0.24463055826628752,0.3097653728302558,0.19979674087577318,0.5993371717953606,0.4069553174052452,0.4916673371974498,0.5367939249797997,0.5255145080315824,0.0,0.19757935935454343,0.218791578118285,0.0,0.17161076338841444,0.0,0.03551089056699054,0.702561215307961,0.0,0.5575412300306649,0.43403667033946125,0.1895383658790979,0.29620272700077327,0.2404554695620809,0.8067150009837757,0.5007183150825419,0.31533772964065043,0.3597768003877252,0.34875478948275934,0.3789511666868542,0.22095695854691894,0.6493558612900394,0.6517512391937138,0.7419713552648667,0.08705388744368343,0.5261799565892293,0.09750094410934669,0.40983415947636,0.35301016979336863
0.31389112584216083,0.293448216507388,0.0,0.0,0.2192550823578843,0.35908134708272227,0.2830272835161001,0.2695925593974459,0.48603447513864373,0.32009144260913364,0.6224301411689831,0.46393079629532613,0.2796710685665866,0.26553642224426294,0.03476175528987212,0.37183094750277057,0.4009055297450985,0.48771154540203926,0.6198878994118565,0.16518609479673607,0.0,0.18120648917761106,0.39433032070655816,0.44097282824044876,0.373681182053409,0.41820667288691477,0.47006046465835144,0.3265490571292128,0.11365602979728573,0.24168356830096882,0.2741274370298818,0.12677891049818948,0.05315299462417053,0.2148482397529848,0.0,0.31781028482237733,0.06337879758520155,0.17872392617553917,0.1667609673427454,0.05960858129003203,0.21501509154952728,0.0,0.08906249345916516,0.0,0.14239686714045569,0.4214847113841833,0.30911533825905524,0.35173544104276444,0.18075661166940574,0.4661324540496799,0.35790699368679335,0.2270861575655035,0.255943203573266,0.4634171367177699,0.3196797629272526,0.4707372735518929,0.42429959326860983,0.3550121545002099,0.29249113073842425,0.11843443407897238,0.26254886787178394,0.3386980563418957,0.290952710543713,0.6704741144756278,0.26582791667884387,0.09676883033471996,0.28899371111482275,0.22949260143723577,0.44709184475544195,0.29838837070675134,0.3650392388509517,0.3376491100641831,0.18375248648083864,0.07930675450225434,0.2211776201351619,0.1684677453164429
0.0,0.3230308189719209,0.0,0.0,0.5562556105204616,0.3810403744971428,0.6692914490785571,0.018277090834822235,0.05386828679787414,0.2655563050169071,0.2293061591549109,0.0930189679383946,0.6311156461216608,0.4817106222870728,0.26674070472537353,0.13220436646595565,0.16803536193470262,0.0,0.10892130530190541,0.5703680347345919,0.0,0.3859141868357524,0.1941772494916346,0.008111540789280947,0.0,0.02670965465842187,0.2797640299943154,0.49075278793360655,0.28064638802627495,0.08571603068290522,0.04939657852356805,0.3465208256324235,0.13779409043413265,0.038702079031284226,0.16544572467283236,0.0,0.09388531233715189,0.1901642896850157,0.22798582544738544,0.03775185199252315,0.46263437605625646,0.13073595143652095,0.5451616535778467,0.5055765605363781,0.10367160625517449,0.0,0.0,0.0,0.32716682354303384,0.18899926152229082,0.0,0.3938523426915698,0.0368346867336468,0.0,0.13537061157632793,0.0,0.06519857890806154,0.40057253799795384,0.49861125434637876,0.4439966924781454,0.0,0.13130584219234948,0.0,0.1206011353813581,0.057740021064470154,0.30608763307406056,0.0,0.33680395900369764,0.0985076644731318,0.0,0.0,0.03201989690935391,0.48256171481429994,0.0,0.44277788448145694,0.4092769939127781
0.0,0.046045582254548474,0.2192550823578843,0.5562556105204616,0.0,0.6487337241951721,0.8786728730877789,0.08142064746581448,0.4975740566390952,0.2541296463668568,0.7334115525803938,0.1655821424536552,0.6771118629955212,0.7044772964505859,0.29043834667191115,0.10750414497834655,0.10899246754269218,0.0,0.3478166212435667,0.7063240046497112,0.0,0.24385694516317027,0.29594903420142915,0.0,0.0,0.0,0.5891052408903826,0.2356516566063977,0.4602222057357106,0.16764288676297712,0.0,0.21980654113388445,0.14665873325836654,0.16698527893331902,0.31416645341238003,0.0,0.0,0.050210851615123626,0.019946246782350133,0.0,0.48587877798416007,0.0,0.15811471219825082,0.023263419719423032,0.0,0.0,0.0,0.23614698441108076,0.1683342871906445,0.22931844814363392,0.0,0.6359487308431329,0.15014970580133538,0.14935555894002517,0.0,0.2459883581023157,0.055940010691981956,0.4375621147330363,0.6672473652871059,0.5275796772647672,0.0,0.0,0.0,0.3347728238020748,0.0,0.23442812251562217,0.0,0.38898165857302985,0.0,0.0,0.0,0.1859509877042958,0.2995049332359927,0.0,0.40178962853891,0.4874454157708456
0.0,0.14824470747510435,0.35908134708272227,0.3810403744971428,0.6487337241951721,0.0,0.5557438864058988,0.4582433514470521,0.6576983049046894,0.0,0.6870519804577119,0.005177453237179792,0.6435403042529857,0.631329311149698,0.3669289962547525,0.07161929125621805,0.0,0.0,0.5767877484898033,0.6405774095484059,0.03524429979016525,0.21322617090308915,0.7430958464901402,0.0,0.0,0.03439460881357547,0.7833117448603389,0.28641038160198806,0.5863188095875732,0.259137806643059,0.061288561731412894,0.23487038012828373,0.1636394975928725,0.2303022694139799,0.2977845997479805,0.0,0.0,0.0,0.18415520567067253,0.07862782332843606,0.2685553537622063,0.0,0.06676812196459823,0.0,0.0,0.0,0.0,0.6491446991885074,0.19567710894375143,0.5504796335093639,0.43976722423164455,0.6333104694220916,0.6015451320359052,0.5298432917108573,0.0,0.5993100667388988,0.0,0.5856302153755004,0.6088755350596131,0.4676044087341714,0.0,0.0,0.0,0.4473100633308558,0.30306912788897516,0.32135184077208495,0.08585614664246044,0.7113940540715753,0.057254464453087704,0.0,0.0,0.49054754155981134,0.30777763147637216,0.151320137698772,0.2919832772633973,0.2589279306975268
0.0,0.37723413707695824,0.2830272835161001,0.6692914490785571,0.8786728730877789,0.5557438864058988,0.0,0.0,0.30136388727261776,0.5897340945590364,0.6081711877323932,0.4325859697697126,0.8282352283064841,0.6544013985429096,0.15757506905011745,0.33079171465272394,0.47523214490117033,0.06248647350067846,0.3494585082006234,0.6107538117432784,0.0,0.40369539986423725,0.2585936041063536,0.11911995944479996,0.0,0.07460868055845467,0.4575183822197005,0.46952276444499935,0.2824867335305423,0.16823071304718062,0.00903611544760511,0.3747991123987386,0.04065489145082533,0.05809020753581691,0.21361363787205206,0.0,0.06875820389071109,0.22909591250694245,0.06211979116435899,0.0,0.6175475734766099,0.11588028845229588,0.4874781872846906,0.3048687356383493,0.06323533673604984,0.0,0.0,0.051551471304419005,0.3068948514798456,0.25357375393925535,0.0,0.6342686793884609,0.02862216408056945,0.05188612501177378,0.3574054046819654,0.03489314834618534,0.33260852364829646,0.6003062376141967,0.6244206860943972,0.49230785512307296,0.0,0.2754795799015301,0.0,0.3673663937097524,0.0,0.21374553119739684,0.0,0.34473530226103744,0.17693608586350912,0.0,0.0,0.06358734168423295,0.5443675824444697,0.0,0.44130788016308903,0.5882110289198325
0.204679941742903,0.0765885390535533,0.2695925593974459,0.018277090834822235,0.08142064746581448,0.4582433514470521,0.0,0.0,0.231582840208193,0.0,0.2606819699357292,0.1506908727335036,0.11198206163240926,0.15282384222862885,0.22716050835710794,0.0,0.0,0.04474534315617325,0.40552265766288775,0.08841887255778705,0.3249793729369761,0.07457261244431182,0.6831975569962254,0.18478646083663203,0.03914121110995262,0.16437116960040765,0.21806096695249835,0.0,0.16170507487382432,0.15985492290709477,0.08348457523873157,0.0691744582190001,0.16684633991720949,0.23874575768594794,0.019327571035562492,0.20048021413606287,0.0,0.0,0.1577442818780394,0.1660786899983159,0.0,0.0,0.0,0.0,0.0,0.1639863771527196,0.2771517042565829,0.23872528712122712,0.0,0.09625289189613985,0.4247927128938428,0.04439148603785123,0.7136449417803185,0.2254186651815942,0.0,0.34820985733756477,0.1715936239917091,0.062347569844163606,0.023788099362584126,0.11069310498713635,0.029351210678057946,0.0,0.017807825199646143,0.24235847169650934,0.21162260089578994,0.19357692138596017,0.12330598730750603,0.4482378740467893,0.1905606370344982,0.05082292503276704,0.19020975803157641,0.104906042902145,0.0,0.11225518540855664,0.0,0.0
0.187108772247792,0.0,0.48603447513864373,0.05386828679787414,0.4975740566390952,0.6576983049046894,0.30136388727261776,0.231582840208193,0.0,0.0,0.7200637805808393,0.0,0.3026644754450259,0.46616400699652427,0.37375717368538425,0.20102352895802256,0.0,0.026078763864686532,0.5326261683868811,0.36252571646047066,0.13839194219955037,0.08093610882465342,0.4710869266624409,0.06481001205588664,0.0,0.04920176108564725,0.6868182537031298,0.292605646704671,0.5883157898110376,0.4223972383288735,0.28246035174602374,0.19825798600941177,0.17616959846245533,0.29067471472088985,0.19358224019697284,0.0,0.10675673850818876,0.0,0.23335160669833238,0.18925353780356918,0.08696432984022534,0.0,0.0,0.0,0.0,0.16485782606300367,0.09380535705767816,0.6584253133043559,0.07199695945744822,0.7061444098024204,0.5854910820039648,0.4819981047549679,0.44727503123130186,0.897171455207365,0.0,0.8443364969962586,0.0,0.33996268947805786,0.3987606795700282,0.38174932935842915,0.2894505621797671,0.0,0.021694689169574302,0.49264888714758215,0.4386023541032101,0.2669297127195841,0.30228058269191965,0.4106421818784984,0.13403688076683373,0.0,0.03810057310588907,0.6693829435346534,0.0,0.3923282482864873,0.20159620262359396,0.22793554444756034
0.0,0.5988769139006708,0.32009144260913364,0.2655563050169071,0.2541296463668568,0.0,0.5897340945590364,0.0,0.0,0.0,0.19503642174128633,0.8711048103116401,0.45192373655338314,0.0751461781890914,0.0,0.4739464462768459,0.9578649564986554,0.5633857021708206,0.12484093681181804,0.1305514699878501,0.0,0.41566190269157355,0.0,0.5369337287087432,0.5363129410023956,0.4693968524808927,0.0,0.3117856472860976,0.0,0.04157271471626794,0.00229421777113771,0.2940992802473842,0.0,0.0,0.0,0.0,0.0,0.40873669325666434,0.006772847506944725,0.0,0.5000158615241019,0.20581568490573116,0.49202267749398515,0.26786660907475385,0.26348191316091873,0.3088227611613254,0.0401945909641591,0.0,0.0770726702964028,0.0,0.0,0.06427691507404776,0.0,0.0,0.9629739815815425,0.0,0.8761571396733878,0.2193262551478316,0.11206544189305774,0.12653739353996796,0.0,0.7918990597302809,0.18964618001738195,0.23934170276736672,0.0,0.0,0.05060584880809681,0.0,0.49489194440979245,0.3944652530879997,0.3826426664970423,0.0,0.2782583600594292,0.0,0.30519786097076523,0.5018572932000838
0.03323937939733962,0.1362300783244036,0.6224301411689831,0.2293061591549109,0.7334115525803938,0.6870519804577119,0.6081711877323932,0.2606819699357292,0.7200637805808393,0.19503642174128633,0.0,0.23210257736984852,0.521072010226909,0.5563518086141679,0.36471081195072824,0.2806487495026723,0.16905891161400635,0.0793425460281537,0.6269987711322675,0.5479635184912798,0.0,0.2601813002876793,0.5570766085589107,0.20478426910919495,0.05668630849952979,0.16534033418345756,0.6848952563434016,0.32875381429478046,0.4670894995315571,0.3476571029672587,0.1361227359304772,0.2807806549385641,0.15583805693115135,0.21950426923113056,0.14856614047191277,0.0,0.0,0.15990564274357003,0.16639726447291506,0.00591897054510025,0.38583449945956855,0.0,0.08958643049313064,0.0,0.0,0.1894256154184058,0.0005793065697105217,0.38557131673559913,0.04832341968925172,0.45666999692727256,0.3102891169327054,0.4696639511746941,0.36755326850295356,0.44944614829390017,0.008660200959581314,0.6077943450445353,0.11607136848073597,0.4599273219384075,0.5169271019359839,0.5613380601279155,0.09061325386906113,0.0,0.0,0.6326736067604308,0.2848284138874625,0.2832503754634781,0.24342671845908173,0.5034847094820051,0.30218708029799807,0.0,0.08850689763311895,0.44068992065070645,0.21599466832422218,0.1252781561287396,0.39277519039699615,0.46997233149707707
0.06707017603216131,0.568276372695328,0.46393079629532613,0.0930189679383946,0.1655821424536552,0.005177453237179792,0.4325859697697126,0.1506908727335036,0.0,0.8711048103116401,0.23210257736984852,0.0,0.4094948698054839,0.0,0.0,0.3065408471860508,0.7954692757657692,0.5747269515729263,0.21891663426910685,0.012900117002044924,0.0,0.2775479991431573,0.15021063827072162,0.5463704804718644,0.4785974781803675,0.4911319291655012,0.0,0.1613859666231495,0.0,0.0,0.0,0.02852015537685209,0.0,0.0,0.0,0.029337475455007922,0.0,0.2787230469027635,0.0,0.0,0.35875057378277336,0.21988412589321557,0.34133484952583465,0.08225446377617433,0.30872775545039916,0.28640662863359784,0.12634247889422348,0.0,0.08898831572391695,0.0,0.0,0.11448538557008081,0.0,0.0,0.8596761682157837,0.0,0.9616389670912571,0.25154799425124946,0.07304834551685442,0.0,0.0,0.7322953583803928,0.2667992334823648,0.3111785609528676,0.0,0.0,0.0,0.0,0.47772563955261094,0.40512820137167443,0.4100148727613454,0.0,0.2333718857189053,0.0,0.08159453722877391,0.22751868191270816
0.0,0.579729843857798,0.2796710685665866,0.6311156461216608,0.6771118629955212,0.6435403042529857,0.8282352283064841,0.11198206163240926,0.3026644754450259,0.45192373655338314,0.521072010226909,0.4094948698054839,0.0,0.5194089963371992,0.41688739663811425,0.41532010437049405,0.403342996376145,0.15250551768099901,0.3901136021360753,0.7799145254846915,0.051221900292205136,0.6519248838181629,0.43899970161172785,0.25035444098049664,0.060972081176924806,0.27003849282766723,0.5549733237222882,0.6899862369599561,0.4810856643034084,0.3004605352305912,0.19642171335518038,0.42163278085339045,0.18082847204955896,0.10424648639324294,0.11773128948468434,0.0,0.013915619797847577,0.2599640743347006,0.2699350112929069,0.09771787715549643,0.5575923928716278,0.22405542869832082,0.5317042920811683,0.33935706204839616,0.17451989458065884,0.1519671690418477,0.0,0.1643159733796524,0.2848357481136681,0.3578226413784858,0.0,0.585313900727032,0.16192595597656936,0.1764831222161573,0.3637177733372165,0.14549783905971853,0.3207893619473853,0.7155530279243109,0.6185879067064811,0.6063210652720186,0.0,0.40543920823536544,0.0,0.3442756219892275,0.2461963798318008,0.47276828476477417,0.1992650881023576,0.42717303178102745,0.2604835095613227,0.0,0.1868600724496025,0.2202924431238797,0.6319997498771663,0.033560460010316914,0.5308513663825373,0.5322490652884474
0.0,0.0,0.26553642224426294,0.4817106222870728,0.7044772964505859,0.631329311149698,0.6544013985429096,0.15282384222862885,0.46616400699652427,0.0751461781890914,0.5563518086141679,0.0,0.5194089963371992,0.0,0.21196348286868563,0.0498864140947129,0.0,0.0,0.37422274976677966,0.5535438514929293,0.0,0.10371703513466136,0.35023224366563055,0.0,0.0,0.0,0.42459424133900553,0.25514559350111243,0.34972132362673003,0.12010332299342436,0.0,0.2564951993653206,0.017781401915281162,0.1713811623391293,0.3415572153745432,0.0,0.07257257971739578,0.03689633028352133,0.10823023536847459,0.0,0.42582976753188667,0.05396433333644598,0.23150694158900112,0.05465565197459254,0.0,0.0,0.0,0.3405580265971453,0.2323444243875019,0.35258653250885835,0.10952098752097181,0.4665748390429583,0.3012331453487677,0.25924687902819565,0.0,0.3214264517963632,0.0,0.39462110765879305,0.7160293024603034,0.3927518924011178,0.0,0.0,0.0,0.3737509557730432,0.06343682773904115,0.2052399639544349,0.0,0.44852970495158395,0.0,0.0,0.0,0.25560235835078227,0.27138066988748893,0.0,0.3492690427802146,0.411001829078328
0.29639460099264514,0.19671476972604388,0.03476175528987212,0.26674070472537353,0.29043834667191115,0.3669289962547525,0.15757506905011745,0.22716050835710794,0.37375717368538425,0.0,0.36471081195072824,0.0,0.41688739663811425,0.21196348286868563,0.0,0.31813810451750174,0.0,0.0,0.27809717865562794,0.6782574229134447,0.5869321443663174,0.6683418576064205,0.4549426838994887,0.13959875889405796,0.10607174454517627,0.22077814167217405,0.5385728833086851,0.466245556068657,0.7925756395569754,0.4038004504551775,0.4525592733333766,0.4962854717124826,0.3185878326607055,0.1802169272543688,0.07825520149691949,0.0,0.041268657818689325,0.07720028026562156,0.4768273043060272,0.2799891534786592,0.1270235850099221,0.06498094339782984,0.0,0.0,0.0,0.3862735124528222,0.29201435410731613,0.17643739616704768,0.0,0.20986093682597962,0.2958226076463893,0.09626742664318802,0.2158150829177628,0.35273398284970375,0.0,0.2773488509365164,0.0,0.19954025902131317,0.16753181912025356,0.8765484767350363,0.42448623274580355,0.0,0.10651269460298741,0.16545469200037952,0.6811616025261313,0.7896556318313033,0.7043426144243801,0.40981392767233943,0.14020678874698955,0.08511716463965385,0.28145995136903157,0.4530459673537467,0.09959326730144447,0.6693311291757409,0.4312436480069381,0.34582780339387537
0.5256704695524235,0.5999304631181588,0.37183094750277057,0.13220436646595565,0.10750414497834655,0.07161929125621805,0.33079171465272394,0.0,0.20102352895802256,0.4739464462768459,0.2806487495026723,0.3065408471860508,0.41532010437049405,0.0498864140947129,0.31813810451750174,0.0,0.5557475631684794,0.7386124977373618,0.292711714105154,0.31943903760041326,0.3064723853401754,0.7032725177329426,0.20454099184041405,0.5974311232503529,0.6868459893398228,0.6250456551766113,0.3362579397632083,0.6712317240812546,0.4251783912270906,0.503747351680866,0.6767408857472444,0.4984733525074896,0.25941097264336754,0.1685475896721591,0.0,0.23918170420640442,0.16941949531001838,0.3346445900321908,0.4993595864009109,0.3325166046222323,0.21460006892962688,0.15940193352025228,0.33729797418236357,0.16335761355049258,0.2346811518534594,0.6874207270856695,0.40933820631504236,0.0,0.0,0.27096098359945575,0.10323432852144249,0.13628598094047073,0.0,0.24303444100604452,0.4764640119606168,0.11572743007538257,0.27903124568542204,0.2397651439316197,0.04254771212563562,0.3409797739500724,0.5702540219386135,0.5827418774064803,0.5369529296856338,0.34169915320494815,0.39708980924653114,0.34142589519614697,0.6197561098217302,0.09989141819359099,0.5323196442731742,0.5693122467352575,0.6006074566512075,0.27489025656247285,0.2544414410954823,0.324155987683917,0.35793157818489135,0.49441840969397405
0.20020126194759869,0.6983459733336538,0.4009055297450985,0.16803536193470262,0.10899246754269218,0.0,0.47523214490117033,0.0,0.0,0.9578649564986554,0.16905891161400635,0.7954692757657692,0.403342996376145,0.0,0.0,0.5557475631684794,0.0,0.7531310743905391,0.14530114407850878,0.07955456533888763,0.0,0.4550822751152975,0.0,0.6866551543468093,0.7172776609356364,0.6416744409167948,0.0,0.43084708463813964,0.0,0.14628759445403205,0.1467743009863971,0.3072838486120946,0.0,0.0,0.0,0.14395040976711337,0.0637285042299932,0.4456295488491519,0.06152846765149213,0.0,0.40667469181752136,0.15205517515776762,0.5532976989848916,0.3515002549325694,0.3431463895445906,0.44341825453785444,0.21974194909378605,0.0,0.07825015336349142,0.0,0.0,0.0,0.0,0.0,0.9461925673745731,0.0,0.8164691468110691,0.22025666636560698,0.04108115481472865,0.0907956001301668,0.1352261471234337,0.8628980234260001,0.4015838926591543,0.29720574200878613,0.0,0.017052048586902555,0.1641695810953066,0.0,0.6443509253143156,0.5851466587070037,0.5568269889598562,0.0,0.3290015204285854,0.0,0.27936908314566533,0.4629539467011827
0.6659197636704269,0.6141566661816612,0.48771154540203926,0.0,0.0,0.0,0.06248647350067846,0.04474534315617325,0.026078763864686532,0.5633857021708206,0.0793425460281537,0.5747269515729263,0.15250551768099901,0.0,0.0,0.7386124977373618,0.7531310743905391,0.0,0.24700594296209366,0.0,0.25584736246200007,0.4512165473998204,0.08778739612619843,0.7833922771351548,0.9042298508545941,0.8029165937658236,0.0,0.44337778140617806,0.015392259268444916,0.3197629875468518,0.515851595511525,0.2372941253981798,0.053177539444315906,0.0422081267784352,0.0,0.46932987650773206,0.11802055772325092,0.3249963763767858,0.23025161924468757,0.23003767451157703,0.00914110170994111,0.06277068616257883,0.26703389355187096,0.08479101691928398,0.313445832450626,0.7284537641379777,0.5662119559508111,0.0,0.0,0.11247011945839584,0.0954278027132934,0.0,0.0,0.10198314706681724,0.6669292033005244,0.04894281555654209,0.5903984015261851,0.06470773335993071,0.0,0.0,0.5292235374280175,0.7461903399284519,0.7801852902375519,0.35567055634173544,0.25257486987910727,0.103811827558506,0.44498935914637444,0.0,0.7207691697545219,0.8214250992681622,0.800968858626876,0.03113705572463782,0.06358090124936681,0.16096944122153573,0.0965871082840424,0.1882847111234776
0.22726558632255522,0.2563396906709892,0.6198878994118565,0.10892130530190541,0.3478166212435667,0.5767877484898033,0.3494585082006234,0.40552265766288775,0.5326261683868811,0.12484093681181804,0.6269987711322675,0.21891663426910685,0.3901136021360753,0.37422274976677966,0.27809717865562794,0.292711714105154,0.14530114407850878,0.24700594296209366,0.0,0.36895595210324483,0.10491227915211052,0.27117226964827007,0.5776023642451261,0.30921024734095526,0.15595054511785894,0.2787541231662472,0.6009619572947443,0.3585754789473038,0.3640685944237863,0.3896957271603041,0.2609476286975557,0.19894377496319107,0.10290220616134085,0.25619765257193294,0.05050238383640505,0.1133050006675536,0.041715902769484815,0.11529265987504413,0.21873179595722073,0.05376106101331111,0.23867297405718377,0.0,0.07084829341193861,0.0,0.027563669867813875,0.2833303793157864,0.2573537484578875,0.5144252470917353,0.0,0.470665127388686,0.446678570039897,0.31976378794783256,0.39467630032320455,0.48828273877116624,0.07056782349836414,0.5967463910273794,0.1510401048420251,0.389627142722312,0.34117569205361536,0.32818307452346934,0.25314459755045116,0.11270469622614337,0.1483676067424739,0.720366775315103,0.3943828973823658,0.2076728092569116,0.34341694001285633,0.4755406363082436,0.24665781586394925,0.1283069813459911,0.2227394902773077,0.473960773147927,0.23550491282050134,0.2112080538074694,0.3405677091408692,0.2446634132667646
0.0,0.3811859703212491,0.16518609479673607,0.5703680347345919,0.7063240046497112,0.6405774095484059,0.6107538117432784,0.08841887255778705,0.36252571646047066,0.1305514699878501,0.5479635184912798,0.012900117002044924,0.7799145254846915,0.5535438514929293,0.6782574229134447,0.31943903760041326,0.07955456533888763,0.0,0.36895595210324483,0.0,0.20240673246914279,0.6296059350425778,0.5176943017260421,0.04204884160830295,0.0,0.12016627277060325,0.7610636271919945,0.580863549833331,0.7056863518433788,0.2854308825808319,0.23077664885596536,0.4901393319214228,0.21570312657893212,0.16864966366507206,0.12004414256985457,0.0,0.0,0.1991603079537581,0.3302812555095878,0.12085319614784339,0.4245882200348821,0.11433270225419262,0.30310533736292855,0.1591137176407917,0.052586007784360005,0.1463339228617639,0.018060402023238466,0.2998301865972406,0.2283128543682848,0.4023960981366774,0.06946533755957451,0.511791442913659,0.22627541745649832,0.23636319244334555,0.026584491033710713,0.23925440750174576,0.0,0.5483232336375831,0.6149217320875163,0.8088360724156664,0.04703119293950678,0.0735639650642646,0.0,0.3065136842072945,0.4399185973900299,0.664858465778986,0.3636198676226733,0.5890938400685273,0.10111958222874758,0.0,0.08139069470429716,0.42101926088552094,0.542402055209536,0.26270054605812576,0.6084226838098212,0.513325305682426
0.6554464680522859,0.2545384908274019,0.0,0.0,0.0,0.03524429979016525,0.0,0.3249793729369761,0.13839194219955037,0.0,0.0,0.0,0.051221900292205136,0.0,0.5869321443663174,0.3064723853401754,0.0,0.25584736246200007,0.10491227915211052,0.20240673246914279,0.0,0.504641387298659,0.44069388114213826,0.24229626179507813,0.2886265241173228,0.33669898567131434,0.29068457068082726,0.324087328217049,0.5130602724057726,0.2602504738270133,0.6538830625209422,0.2078192651937177,0.36955775296825355,0.348472027810674,0.0,0.4302584607126813,0.0,0.01172535552035994,0.4779677710403473,0.5925511445209305,0.0,0.08045534939360699,0.0,0.0,0.2133273133853106,0.544466258455934,0.5883494987644255,0.1455689788622086,0.0,0.18357841733597946,0.3677056163755512,0.0,0.34918857130263053,0.36032509344150865,0.0,0.22664190559655936,0.0,0.08626416416958187,0.0,0.2766215034693683,0.549684538960715,0.15494386994679762,0.5158647203212087,0.0,0.5920438957717336,0.6884885340963289,0.5885824037525599,0.300101797027165,0.2019777843836644,0.48222690983188043,0.5082511352484131,0.4052599026368428,0.02098249123753415,0.664922782973354,0.04197494181377031,0.0
0.41022001867335783,0.7724751001251574,0.18120648917761106,0.3859141868357524,0.24385694516317027,0.21322617090308915,0.40369539986423725,0.07457261244431182,0.08093610882465342,0.41566190269157355,0.2601813002876793,0.2775479991431573,0.6519248838181629,0.10371703513466136,0.6683418576064205,0.7032725177329426,0.4550822751152975,0.4512165473998204,0.27117226964827007,0.6296059350425778,0.504641387298659,0.0,0.3835581331149085,0.5073303330460082,0.5036863391950155,0.6123417250177629,0.4597518108135015,0.7531896038434974,0.5749909752220421,0.38341182978303767,0.5589450670531321,0.5587947901753256,0.2750235502901276,0.1663821341544066,0.0,0.16104022516441688,0.03540792912089802,0.3738797035718329,0.4792567485542939,0.3293677996545529,0.3381592741833521,0.22372223946370798,0.429605325794451,0.2330564306347432,0.28847453627783115,0.5949751004373529,0.415435130536402,0.0,0.1113529461887566,0.19418479191785348,0.007980122722965834,0.22597885321016803,0.0,0.12005406555626505,0.4614496941131219,0.0,0.24654685252578273,0.37430276517336775,0.20323296725733664,0.668943340447491,0.3799755418062431,0.5645048197180721,0.3764932743110975,0.24565049424662516,0.5307436061066572,0.6711820897798759,0.6487218177362766,0.3145625677207589,0.46970542231117735,0.4869015998002108,0.6059453918424665,0.22718916264444683,0.45594058907294643,0.3585206755414933,0.5480164202686538,0.4749860937155364
0.3071638552964418,0.3463937810607961,0.39433032070655816,0.1941772494916346,0.29594903420142915,0.7430958464901402,0.2585936041063536,0.6831975569962254,0.4710869266624409,0.0,0.5570766085589107,0.15021063827072162,0.43899970161172785,0.35023224366563055,0.4549426838994887,0.20454099184041405,0.0,0.08778739612619843,0.5776023642451261,0.5176943017260421,0.44069388114213826,0.3835581331149085,0.0,0.3039516555521013,0.13926346978941948,0.35729857539924176,0.64418891431361,0.30813822940119084,0.5072029346823999,0.2790182040924336,0.2524552187672665,0.28851368343168615,0.20255976932448425,0.2554025453391375,0.011551982931783373,0.15159207287497187,0.0,0.09644174350716572,0.34393912263080956,0.2684613160646206,0.15591843022478274,0.0,0.05087004170807581,0.0,0.14609941746273045,0.3484841118355153,0.3794988576478117,0.5108613875368462,0.03696267494653136,0.4313806735132349,0.5507854951095575,0.36953791895944815,0.706769635033442,0.4786043023419674,0.0,0.5416265058227375,0.10126370924573742,0.4475769415231104,0.36316568703231406,0.4858101022432239,0.20865803141821712,0.04652492043871778,0.14154358936409167,0.5000687446810489,0.4621331388138382,0.5216143710945558,0.347846871119301,0.8384423338836456,0.3306887296139964,0.15440734118455557,0.33460285552931396,0.48834090823308357,0.1946855194381103,0.29919902791722064,0.25293831933014876,0.14093617752634066
0.7085499782910825,0.7482238323860397,0.44097282824044876,0.008111540789280947,0.0,0.0,0.11911995944479996,0.18478646083663203,0.06481001205588664,0.5369337287087432,0.20478426910919495,0.5463704804718644,0.25035444098049664,0.0,0.13959875889405796,0.5974311232503529,0.6866551543468093,0.7833922771351548,0.30921024734095526,0.04204884160830295,0.24229626179507813,0.5073303330460082,0.3039516555521013,0.0,0.8542831817415014,0.9155302233388184,0.05970847415824415,0.5607127744366516,0.027385538644770658,0.3790112887794551,0.4489174872509481,0.45243872862422113,0.0,0.0,0.0,0.5302814043437725,0.14184231096876648,0.48980462706553984,0.3375713600990621,0.2208049452027984,0.24665002272411735,0.11785595200891683,0.41332494714239537,0.2584450500126136,0.4495344345719231,0.7668613140838545,0.6615737467293735,0.0,0.03883158399816269,0.1934757926841349,0.24536414933851075,0.0,0.009161041384104977,0.15137255433222627,0.6385402689189379,0.12273127130260905,0.572172148904468,0.2358499450392966,0.0,0.1381423619771462,0.49709209233260737,0.7460003576670229,0.7363481377116352,0.4484327332840935,0.433075794983716,0.20574184813773952,0.5054869238065907,0.08149889576609724,0.8813860403480436,0.7992224376393005,0.8957139341606066,0.09118112162934039,0.28039707709577966,0.2263607384413757,0.3384522189661268,0.3250893399361016
0.7776657753443401,0.6796374999449647,0.373681182053409,0.0,0.0,0.0,0.0,0.03914121110995262,0.0,0.5363129410023956,0.05668630849952979,0.4785974781803675,0.060972081176924806,0.0,0.10607174454517627,0.6868459893398228,0.7172776609356364,0.9042298508545941,0.15595054511785894,0.0,0.2886265241173228,0.5036863391950155,0.13926346978941948,0.8542831817415014,0.0,0.917617753465373,0.0,0.42450338201313165,0.028846017671457166,0.30737698367780636,0.4871320748163639,0.39375904873344536,0.0,0.0,0.0,0.46399554957342254,0.09816352809005663,0.37356480210270254,0.369320494734096,0.2256698638066285,0.04676063612614554,0.07195212299305152,0.2593744068618493,0.10621945211236837,0.374691364891343,0.8320362431638744,0.7324891385915906,0.0,0.0,0.03254007596795636,0.14526716135036447,0.0,0.0,0.06068862799612843,0.6808575470063241,0.020589756988253993,0.5298629871620867,0.0,0.0,0.09187160811845568,0.6300899750887073,0.7422666661222186,0.7737708460747172,0.3220223200579542,0.367675229087948,0.1497947841491812,0.6009599831787277,0.0,0.7723112218346629,0.9590768046623761,0.9370747508035593,0.05492038801890634,0.039331720142414296,0.2838173457697791,0.18977768187876592,0.2628413276456599
0.7586440901453114,0.8499194568533452,0.41820667288691477,0.02670965465842187,0.0,0.03439460881357547,0.07460868055845467,0.16437116960040765,0.04920176108564725,0.4693968524808927,0.16534033418345756,0.4911319291655012,0.27003849282766723,0.0,0.22077814167217405,0.6250456551766113,0.6416744409167948,0.8029165937658236,0.2787541231662472,0.12016627277060325,0.33669898567131434,0.6123417250177629,0.35729857539924176,0.9155302233388184,0.917617753465373,0.0,0.0994634569341332,0.5732042896162722,0.09912833129556409,0.36110583592333995,0.4320469098081532,0.4467693959252424,0.0,0.0,0.0,0.5304453321533769,0.1335295103909448,0.4142345001548843,0.3904007395681586,0.24704097639982742,0.153162409385394,0.07839907206876778,0.3602051721134394,0.23616183908705562,0.4129091339184431,0.7998419212444676,0.7593655703827953,0.0,0.0,0.18824784824750507,0.28509485926883926,0.0,0.0,0.16765906639563655,0.5940548099133424,0.11363235158155774,0.5038092816573468,0.1896970688710191,0.0,0.23429299041210835,0.5814327267871918,0.7455965682448306,0.7598789509744889,0.3931577207658449,0.5327447747008051,0.2700786180035177,0.6211404684524326,0.11215911006362957,0.8164391426031588,0.8423316578391746,0.9885697023352215,0.17043001762555332,0.2466866341011328,0.29904912550746904,0.310097776942312,0.31084823085501523
0.11233680498545519,0.2316712917681462,0.47006046465835144,0.2797640299943154,0.5891052408903826,0.7833117448603389,0.4575183822197005,0.21806096695249835,0.6868182537031298,0.0,0.6848952563434016,0.0,0.5549733237222882,0.42459424133900553,0.5385728833086851,0.3362579397632083,0.0,0.0,0.6009619572947443,0.7610636271919945,0.29068457068082726,0.4597518108135015,0.64418891431361,0.05970847415824415,0.0,0.0994634569341332,0.0,0.4057139465869984,0.7482697536319296,0.34593451038991524,0.35499127254944113,0.26720585776361777,0.2868530160164808,0.3318900020000318,0.2406068697004797,0.0,0.0,0.04772929119273367,0.2579483706581285,0.23922227589389494,0.1756366789246195,0.0,0.0,0.0,0.06746398755558158,0.23367186126656628,0.12573238586251523,0.6661818351847538,0.18949765022010667,0.6147198496966393,0.3780291895930248,0.6562264941048359,0.4072900059250504,0.6524910594515974,0.0,0.6470783594601784,0.0,0.5319420512502917,0.5130883546140061,0.5881860687555543,0.21124589362866789,0.0,0.033134887501397356,0.5274231966366509,0.4670079725794561,0.5089452355450076,0.35289079696985537,0.6552471032052601,0.05582506667642769,0.0,0.07837733324825936,0.7518111244938808,0.3517220061629185,0.3610226202427812,0.36733228335262313,0.2709996125754469
0.3903280956802439,0.6659440272216487,0.3265490571292128,0.49075278793360655,0.2356516566063977,0.28641038160198806,0.46952276444499935,0.0,0.292605646704671,0.3117856472860976,0.32875381429478046,0.1613859666231495,0.6899862369599561,0.25514559350111243,0.466245556068657,0.6712317240812546,0.43084708463813964,0.44337778140617806,0.3585754789473038,0.580863549833331,0.324087328217049,0.7531896038434974,0.30813822940119084,0.5607127744366516,0.42450338201313165,0.5732042896162722,0.4057139465869984,0.0,0.42035286621926954,0.5411439725639995,0.5919754458787005,0.6256034134879994,0.15726501418589742,0.14099687074169243,0.0,0.33681482363086124,0.4077831280576214,0.4151067388079673,0.55544564747066,0.26632943118828717,0.4279295778361657,0.17557785185419122,0.643880504753608,0.4435809548977595,0.29017486429098044,0.5210044183251007,0.38458617578430637,0.11914588516235383,0.2694459409286368,0.5668660843507773,0.22874827584139765,0.3056739983264434,0.07914552717599428,0.3798248800353039,0.3556926293117136,0.23909537091692626,0.15018344676884188,0.5753442645922959,0.3952141838807858,0.5339934243388296,0.44718254013984005,0.5503600431050945,0.42343862890179773,0.4197928778208381,0.6023345994136619,0.5105582801972637,0.6048642126813023,0.29322017699328695,0.5691827246586051,0.39945154879596384,0.5659741626333314,0.3627817309993203,0.6802845768515771,0.3853276906724152,0.6305990786988466,0.6175837579001089
0.2637346376728857,0.12798252069859248,0.11365602979728573,0.28064638802627495,0.4602222057357106,0.5863188095875732,0.2824867335305423,0.16170507487382432,0.5883157898110376,0.0,0.4670894995315571,0.0,0.4810856643034084,0.34972132362673003,0.7925756395569754,0.4251783912270906,0.0,0.015392259268444916,0.3640685944237863,0.7056863518433788,0.5130602724057726,0.5749909752220421,0.5072029346823999,0.027385538644770658,0.028846017671457166,0.09912833129556409,0.7482697536319296,0.42035286621926954,0.0,0.4865156897392795,0.5040614028578069,0.41814682484469795,0.3689005541510296,0.30146455608967604,0.23380932352389103,0.0,0.0,0.0029975890272888345,0.41379887042772207,0.3286485929741366,0.06493734030170382,0.002118638130765506,0.0,0.0,0.0,0.3452439743086745,0.1460148883023375,0.37861129440276886,0.0,0.33814783512145374,0.34657018107771714,0.372154366007832,0.26606526105207723,0.5050930200946132,0.0,0.4520475396695621,0.0,0.2714564103398847,0.25103890854121846,0.7127894427956298,0.39943229842693084,0.0,0.06352070223120362,0.24458911659149787,0.5509837938557642,0.7123127076360264,0.5508784279063825,0.4778881206366604,0.04363745025070385,0.0,0.16011070268989575,0.6211340009184554,0.10002758877745863,0.6274639269646372,0.3565401058269604,0.35327546926571934
0.44527527679196605,0.25354145782227666,0.24168356830096882,0.08571603068290522,0.16764288676297712,0.259137806643059,0.16823071304718062,0.15985492290709477,0.4223972383288735,0.04157271471626794,0.3476571029672587,0.0,0.3004605352305912,0.12010332299342436,0.4038004504551775,0.503747351680866,0.14628759445403205,0.3197629875468518,0.3896957271603041,0.2854308825808319,0.2602504738270133,0.38341182978303767,0.2790182040924336,0.3790112887794551,0.30737698367780636,0.36110583592333995,0.34593451038991524,0.5411439725639995,0.4865156897392795,0.0,0.4873023621092841,0.3239618918201371,0.1839316698378302,0.20339932346221984,0.0,0.1852192952407888,0.1546071947459526,0.1824402318692169,0.3567423199448551,0.24432758377922914,0.12270816407138986,0.0,0.10997973742114663,0.025724042579920985,0.10625625190721658,0.49552007231845624,0.25994189469044476,0.12533224768847823,0.0,0.29998719649031724,0.248852194314195,0.08863418072652049,0.11680759299335589,0.38743030945045076,0.018252402205669833,0.33314030265792166,0.0,0.09308744010871071,0.09551243462843664,0.30885236630322394,0.4326144249186812,0.11767037235279891,0.27975283172857157,0.33323348279891235,0.445250636232552,0.29896155274137326,0.49178980832593616,0.11751300093838195,0.3362631682729293,0.27125383502582373,0.3486673617164319,0.2828283364491246,0.12113821199512759,0.37536816255729033,0.3577807619822928,0.3195878378785131
0.6879045012632897,0.32326241167267095,0.2741274370298818,0.04939657852356805,0.0,0.061288561731412894,0.00903611544760511,0.08348457523873157,0.28246035174602374,0.00229421777113771,0.1361227359304772,0.0,0.19642171335518038,0.0,0.4525592733333766,0.6767408857472444,0.1467743009863971,0.515851595511525,0.2609476286975557,0.23077664885596536,0.6538830625209422,0.5589450670531321,0.2524552187672665,0.4489174872509481,0.4871320748163639,0.4320469098081532,0.35499127254944113,0.5919754458787005,0.5040614028578069,0.4873023621092841,0.0,0.47584540287261295,0.40411587747509203,0.42089522865124757,0.0,0.45416054963523106,0.24413595623098353,0.2334995507096689,0.6229894458562623,0.5618477839395954,0.0,0.20324024349267594,0.13261447632300852,0.0685524886305012,0.23121484691823396,0.7177710916617928,0.45994518845891946,0.14439818138699428,0.0,0.3469328198027313,0.28606219233943225,0.061483939926787454,0.07558304729437057,0.4369083277196784,0.12263850431888164,0.273716149860583,0.0,0.14332489841255625,0.0,0.2848773708114343,0.6696817703889046,0.3219775353607259,0.5741224724605646,0.26039745507566114,0.5628880363185098,0.5358307018743962,0.6773559170199149,0.13558824501226652,0.3993794723869479,0.536036221628245,0.5324688350445108,0.4201366136899007,0.1549576782295473,0.5484794623083018,0.2283881769558238,0.2340365516830555
