0.0,0.3755974294044951,0.2540377675135706,0.4296773089341222,0.48986630716944746,0.6719725206103953,0.5180677554570586,0.5694513096389594,0.5795588119045776,0.0,0.3186762934456042,0.0,0.34848673794162116,0.3589296222764542,0.0,0.6784179880158132,0.6612827179346941,0.6068917154435715,0.1699171440240485,0.0,0.9370630665129286,0.0,0.7943887108863945,0.0,0.5591253912125513,0.06403394127900976,0.5298789255846116,0.30795573799211257,0.5200274142680422,0.0,0.681780258538816,0.0,0.3464545682480489,0.5745515386804068,0.29069172811302946,0.5043084151974004,0.2638273229159053,0.3222800101384899,0.0,0.6344826350259725,0.3236234228798246,0.0,0.61122623742587,0.0,0.4486942010939398,0.9788265547329358,0.3594488109409499,0.2270330911827532,0.44631567220444807,0.6378456639516451,0.4810796618320941,0.6351398466168935,0.6959612105392857,0.7049450607846366,0.15094808127075782,0.4973651325278537,0.0,0.2640484904141905,0.5723800207444645,0.0,0.0,0.27109696436869685,0.3165228160286068,0.0,0.0,0.8949457998470449,0.0,0.6488023518468602,0.0,0.24993972989105032,0.5435256979669929,0.5313029955455976,0.0,0.26279405293379626,0.0,0.0
0.3755974294044951,0.0,0.20463861291351404,0.0,0.0922563227452539,0.6380511522791564,0.03459993806511083,0.5945813849827313,0.3686444920591615,0.46111840571970397,0.10806745051434119,0.4797267653917798,0.5652327120996504,0.04080218628105982,0.19238252437238193,0.5541324617212282,0.6171056437460984,0.6278833105071762,0.19820676517376862,0.18213944478961808,0.3014905945189539,0.20477266074813522,0.6154323643767468,0.3112188626556395,0.7594052524097676,0.7548880625716536,0.4271592162205895,0.38588750036862546,0.3277196028756852,0.03332217043446521,0.33972811079300536,0.0,0.3158393666073689,0.11187565601474578,0.0,0.13648012274618232,0.21708481662688398,0.13569056943332142,0.05345421801018694,0.4910155429091634,0.297496285275515,0.0,0.19476596227813375,0.000893742919944182,0.3482635413931371,0.3335264922015286,0.7582969916338899,0.33855971170133514,0.23031630627902636,0.20846435234162958,0.7788149538240102,0.5720827439809653,0.5467348228603766,0.28731694525905715,0.632901041913854,0.2866177191780319,0.3308621170047457,0.6544194817376884,0.13910505428239375,0.3497371903587724,0.24042008319606528,0.5950783569758946,0.29274381975867503,0.32434916160355565,0.23246004586897645,0.3519530596371565,0.2103896529159526,0.6765850133887414,0.26154997272881475,0.6070686105759653,0.7256560227272367,0.5528476233299108,0.3076128791032311,0.5227230392656547,0.160970221433564,0.008049067929490911
0.2540377675135706,0.20463861291351404,0.0,0.016038643038516757,0.7498837023802027,0.5620043468024857,0.3379341795892291,0.6294900576472806,0.7849852496444302,0.2137826033975163,0.9259604746399396,0.3182573383402136,0.6370736741994578,0.4586242272484834,0.45048090096194054,0.4153322883720386,0.3543372794487514,0.48067056684067827,0.8792821607414395,0.6515364596667674,0.26305390433950954,0.5582565667015712,0.5796602344923756,0.269968046908915,0.43311495189050103,0.4867803293990757,0.6815965589131872,0.6146424198576669,0.5177314511813611,0.4699587482594023,0.3621787897750919,0.0,0.0,0.0,0.02558259709437744,0.04196173981333589,0.14465431376357502,0.06405053076834025,0.0,0.0,0.0,0.0,0.10666354533219186,0.0,0.0,0.3483225137894569,0.4271954044707381,0.9516034334381828,0.0,0.5333064033566982,0.4869270519107267,0.24997086185446696,0.5116805146252751,0.6457926913266773,0.2772919926760864,0.8376218881713043,0.1496119589086681,0.443493073991701,0.17281232249132664,0.4044924604182853,0.2000774526022062,0.3992725345419835,0.4166856839181963,0.7291027314511979,0.5822542472132746,0.1842102576467357,0.5137621051144894,0.6027387323512539,0.2759184200225498,0.4925259257436266,0.5077631376597302,0.5968755324759247,0.5740791668743771,0.37606161267145205,0.18767278870147142,0.29244548606012627
0.4296773089341222,0.0,0.016038643038516757,0.0,0.3304467147221243,0.22885427735410666,0.46253763709289036,0.08537512677226254,0.23862661642710606,0.0,0.11235168562763084,0.0,0.13901047051475734,0.2425254075805257,0.0,0.34942013237546715,0.2695618761210263,0.28285967638427845,0.006094302316648186,0.0,0.49600820510658844,0.0,0.25942203740377245,0.0,0.1274447993153542,0.0,0.24301268053369152,0.1640042581946275,0.2080847674804591,0.0,0.4726206948096719,0.0,0.12100813929745775,0.5140641854016693,0.3515703555571334,0.3805953248098618,0.03006052898711705,0.26739232188172685,0.0,0.27717494767007317,0.04640509561442095,0.0,0.5322377686433112,0.0,0.3288182582152019,0.3918624311018512,0.03137748974245081,0.03342628574914434,0.5145434583880301,0.5423151473092179,0.14417531626174673,0.4670349034073493,0.2514318246190311,0.3808744981767778,0.0,0.2713541036647843,0.0,0.05300863763016972,0.5460938081734215,0.0,0.0,0.0005290534902194308,0.1322012539506406,0.0,0.0,0.4713868193988567,0.0,0.22141948035863065,0.0,0.0,0.07477020978566778,0.26197587889539486,0.0,0.15601099347777178,0.0,0.0
0.48986630716944746,0.0922563227452539,0.7498837023802027,0.3304467147221243,0.0,0.6488842173199075,0.6698089947366141,0.5331651439105943,0.8101249682385655,0.0,0.8616883780940567,0.0,0.6463393421493091,0.6548030657267027,0.44925676708583623,0.5652832349860568,0.37358490458955285,0.5691907974675554,0.47833419249935827,0.5376544617964272,0.541230415919532,0.32493792186181814,0.6071529424085521,0.0,0.3232629635075925,0.14507738104684698,0.7816134383190734,0.6876956245352049,0.7154999212545228,0.07164315676784012,0.4568100218422057,0.0,0.0,0.08732117644739526,0.19819924551802978,0.13151740930202765,0.2957593265512976,0.05696700648956053,0.0,0.054419225994467246,0.0,0.0,0.40713147120615983,0.0,0.036335868821656014,0.5110534865757539,0.27039806672382577,0.7048244250900384,0.0,0.8511402045663025,0.4738911996571645,0.4666654044010592,0.5892968687866936,0.8537126638779277,0.0,0.8865108977791133,0.0,0.37189847185049896,0.5590516036025676,0.33680413110920027,0.0,0.25848350856364555,0.44000221002998013,0.33194690934634985,0.452831601498892,0.38774570742814857,0.25719132736353595,0.5906791650347429,0.0,0.26406531906148145,0.3675459934574606,0.7018451194931926,0.4733958384261931,0.3551025343466683,0.0,0.0
0.6719725206103953,0.6380511522791564,0.5620043468024857,0.22885427735410666,0.6488842173199075,0.0,0.474699455135272,0.8434198479061773,0.7658147647250126,0.09029048720513462,0.5486833076361172,0.12028246949318372,0.7601177129085421,0.48195423174772184,0.35715323262000137,0.6824186191630188,0.580394868299184,0.7261835968766692,0.4306471928777632,0.369365885679724,0.7282675303020663,0.23317727620311152,0.9080635960366974,0.0678336373265565,0.7025377876393402,0.5093583191212149,0.840335755054203,0.5883237893553825,0.7878241855764423,0.0,0.5079808537867876,0.0,0.10734128105011916,0.21981473304799984,0.013036230795884512,0.26393952746238986,0.2448421902551487,0.24009113748475325,0.0,0.4281922880956739,0.12431171829987239,0.0,0.4704422872301555,0.0,0.2592147658218818,0.6660863680986135,0.6573863009315023,0.6122465330522675,0.18103264368534713,0.6393424725710558,0.8299324501160584,0.6866201149860501,0.8245939097501197,0.729941408772858,0.3312117296421245,0.6910461595142472,0.0,0.6262934790612893,0.43166188184281723,0.36673263158763064,0.0,0.4952436113580426,0.4552655658773055,0.3604299788322829,0.33592515426380626,0.665491446992616,0.19382959904072905,0.8768625344981966,0.05731135698117808,0.5236168614753086,0.723985201978302,0.8005612245765046,0.37080606928428295,0.5168749855972288,0.0,0.0
0.5180677554570586,0.03459993806511083,0.3379341795892291,0.46253763709289036,0.6698089947366141,0.474699455135272,0.0,0.25608040798605936,0.45134451633469364,0.0,0.4072765728044718,0.0,0.47640142922073264,0.517357200540628,0.11206562637951449,0.5543509079682795,0.45624516543935445,0.5664961159927352,0.24986399259521247,0.14940151237431742,0.5481166110231928,0.024072844017428492,0.42870852825432326,0.0,0.30731756013656836,0.0,0.4725066474302306,0.41867283305345215,0.6520405038699867,0.0,0.43593173929798024,0.0,0.0,0.22169246931669886,0.32446672330044934,0.26995604946837687,0.30904818520644556,0.1679195954238908,0.0,0.05734689488589478,0.0,0.0,0.3597902476834899,0.0,0.22239930309136283,0.4547226542881775,0.2009626110850799,0.24531209416010122,0.05293117101500778,0.5282018726171456,0.2477112321310628,0.4289618442397334,0.3802969825150285,0.5395798300005293,0.0,0.39879955020345154,0.0,0.20323049510868876,0.44675105942128646,0.015870244416709867,0.0,0.17516463386976439,0.32518996920385546,0.0,0.08164446749083139,0.42289895467128386,0.0,0.38190333319670294,0.0,0.1348757080416035,0.1592332003611614,0.41830736388555817,0.10871792716146203,0.16423002189742283,0.0,0.0
0.5694513096389594,0.5945813849827313,0.6294900576472806,0.08537512677226254,0.5331651439105943,0.8434198479061773,0.25608040798605936,0.0,0.6447296315647196,0.2509478382144535,0.5406443716746681,0.3213858703925433,0.658942729571113,0.4568568262656137,0.3656076605776208,0.5410691290089036,0.4529410656451493,0.6092627791135127,0.5219173017556065,0.39825584206854653,0.5925893643282573,0.32330347262417597,0.8905461855438563,0.3125653409651667,0.6599990630445973,0.6301487804876291,0.6408889486215432,0.6098678179331535,0.5085925867880674,0.21518199439340582,0.5079023138933343,0.0,0.0,0.16149105939376082,0.030343276654006622,0.2249987940501159,0.24570656645831188,0.26643150601069837,0.0,0.2773368710521924,0.09369872617328749,0.0,0.28728591554042887,0.0,0.2700495845072925,0.6352459657152014,0.6503280705181488,0.6830428863393706,0.11534026998610673,0.5242611590550998,0.7145632707405868,0.526342758382732,0.8521721201601629,0.5777276572574198,0.4171195281996888,0.6592585227144823,0.14439975569066377,0.5957404267574508,0.3250866319969381,0.4213150285344088,0.06826145629777014,0.46437061193465967,0.34960695553321297,0.5257857434580586,0.33065020173774906,0.5374600928497069,0.30825765233065666,0.8391050249546766,0.28709518604994433,0.5209729552162432,0.7504115275117963,0.6274384141562972,0.45807058974912274,0.3784091905974622,0.10065718311350105,0.0405410763328627
0.5795588119045776,0.3686444920591615,0.7849852496444302,0.23862661642710606,0.8101249682385655,0.7658147647250126,0.45134451633469364,0.6447296315647196,0.0,0.07911087173100494,0.787225106960074,0.09744916783534402,0.6854824505391827,0.34802593375883234,0.3556487599574356,0.6024277450534616,0.5428770667958536,0.6563871771538455,0.5620558723125072,0.43951042843313115,0.57925010114582,0.29549052934195724,0.7320141144465978,0.07703687704591597,0.5407223707454593,0.38691410734026793,0.8090292870799841,0.5917309483044602,0.5983612071628815,0.12232854950403954,0.555002132480477,0.0,0.0,0.1078594280062159,0.08329877036836271,0.2668040417162737,0.2186774719274983,0.2388255336009631,0.0,0.29387550218828445,0.0,0.0,0.432906772493607,0.0,0.25626046948794234,0.6132783003077241,0.46545399204947124,0.782465408453317,0.07582715957167613,0.7872089619192999,0.6591170186136062,0.5828952854093252,0.7362018699403051,0.9216188452115517,0.2641477307862836,0.8855056725431981,0.0,0.5056542088775546,0.37290893989045004,0.3545453793729491,0.05592470750667404,0.4576415759394251,0.5114011438307283,0.36568077668265886,0.3826047036496495,0.5335160980601638,0.21614672953525582,0.738880830980753,0.19623000219851452,0.45891435529852237,0.633939507546067,0.7624472636652598,0.4300970334328833,0.47938110553768626,0.0,0.0
0.0,0.46111840571970397,0.2137826033975163,0.0,0.0,0.09029048720513462,0.0,0.2509478382144535,0.07911087173100494,0.0,0.0,0.8114166382699843,0.26899856647084674,0.0,0.07510571559374207,0.11045834124175376,0.4036745121753685,0.2698089133949557,0.34563926404876993,0.22559986398236087,0.0,0.3292028515183729,0.11905078544341693,0.6310120416007547,0.43139848251433793,0.6122673753685075,0.03232122884410539,0.10180215506445282,0.04917358569646249,0.5015920834273132,0.1280942478980775,0.23985867866203053,0.1168115314510683,0.0,0.0,0.0,0.0,0.20669624347757776,0.43117410077566304,0.024080172390244375,0.218869880118097,0.2502546735031832,0.0,0.19888136365941958,0.1529490181568337,0.0,0.42064899498657204,0.30657000110674476,0.0,0.0,0.23622634784085883,0.08577269060969428,0.11523568591221199,0.0,0.8307771519464812,0.0,0.6425480487608467,0.4322210247784315,0.0,0.09124456922046811,0.6612408167453184,0.5533753524345395,0.37349068936477803,0.5084608525721415,0.2793244157927931,0.0,0.36830980952297354,0.22954665517994513,0.5984684932111942,0.5333029316286717,0.37881874266748633,0.08167591668089225,0.34419816675328724,0.3661835299660938,0.6743482735027673,0.628739653884056
0.3186762934456042,0.10806745051434119,0.9259604746399396,0.11235168562763084,0.8616883780940567,0.5486833076361172,0.4072765728044718,0.5406443716746681,0.787225106960074,0.0,0.0,0.083668098606712,0.6102885029388151,0.49196193961052814,0.39543024758912304,0.46559104384369737,0.34798674511731187,0.5294904271467716,0.7715314028511882,0.5788344080099707,0.31180838497538105,0.4316194169761141,0.5318968596512161,0.025116566246085086,0.35688969830476025,0.2765304752385282,0.6870426752342367,0.6374432719224775,0.5355302767122011,0.2855904061558635,0.3760576995950591,0.0,0.0,0.0,0.11258264999010742,0.0,0.11063431945377894,0.0032132486151813353,0.0,0.0,0.0,0.0,0.2681719670926407,0.0,0.0,0.38799843431234465,0.30759292990860226,0.8821928570972367,0.0,0.679231437019134,0.43279082337057834,0.27543526455782646,0.4911234929859173,0.7459602946093465,0.1001891296853868,0.9185650098047496,0.0,0.3475375053690099,0.35337220305418293,0.2838655121007628,0.0,0.35598689438500747,0.4173009509137827,0.6064121109704143,0.49787557237091107,0.19358976821858923,0.35784426881779396,0.5322919315711597,0.059347074908079105,0.39640930743092423,0.407928651394101,0.6090941838322433,0.4906239510663934,0.2971641101863145,0.0200377500178275,0.0853661525031983
0.0,0.4797267653917798,0.3182573383402136,0.0,0.0,0.12028246949318372,0.0,0.3213858703925433,0.09744916783534402,0.8114166382699843,0.083668098606712,0.0,0.39362741765029413,0.0,0.37448484415361144,0.0,0.16273010950152786,0.14670939922814852,0.3264565876743149,0.4688055731460959,0.0,0.5410644957867009,0.053451118910492236,0.8193427019011631,0.25592439219668894,0.7551237505822582,0.0726034289607926,0.23441294190421044,0.0,0.5962544924220958,0.0,0.10674651229069981,0.0,0.0,0.0,0.0,0.0,0.07246261927077127,0.4045685461856173,0.0,0.004115677571461898,0.15995204210536468,0.0,0.3008789213747351,0.0,0.0,0.40700583222406955,0.40852905670422335,0.0,0.0,0.30902707849825817,0.0,0.05087054748823214,0.0,0.6520193741699449,0.018201214527364666,0.9002817362658923,0.5022395462288274,0.0,0.35447939408463475,0.5974922559218097,0.5319544672516583,0.23261917382308772,0.6382233714623352,0.4594893984809244,0.0,0.6188377498203724,0.2148002448756827,0.6721729988059296,0.47995736313303394,0.38398987981216925,0.09877959532809866,0.5184815746132952,0.2602898376148555,0.7516147789226079,0.6317325525698197
0.34848673794162116,0.5652327120996504,0.6370736741994578,0.13901047051475734,0.6463393421493091,0.7601177129085421,0.47640142922073264,0.658942729571113,0.6854824505391827,0.26899856647084674,0.6102885029388151,0.39362741765029413,0.0,0.40229808592383287,0.5510625962032687,0.639359510820018,0.5889898002857388,0.7042487034007938,0.40982637766933266,0.609833948029241,0.40603108276018296,0.5842215335819446,0.6711150160995919,0.19797913348004045,0.4473807405440309,0.5702240445210696,0.6194654905585839,0.8827287060348946,0.6271038030246696,0.32366293837213655,0.49239946687830227,0.0,0.0,0.0,0.0,0.09155516286111498,0.3230428446870473,0.12212860016306108,0.0,0.13068448597414967,0.0,0.0,0.2349193776093129,0.007487115298491628,0.21641840301224466,0.36679923058181557,0.5232121241193788,0.692762983179176,0.0,0.6039592859312455,0.6948695632870115,0.5391948010635259,0.6536257981832607,0.6289883271127927,0.39892054891189455,0.7037880196287511,0.32990538475974046,0.8360020016015117,0.2726228311111244,0.5415570603867658,0.1340847484166043,0.6999966652604184,0.5148415264881153,0.4523139150321437,0.5746273633345459,0.3888350193876066,0.5127224454287099,0.7269711254658541,0.19063554004651273,0.4733898882957968,0.6139964614980611,0.6445496916834921,0.7071195090936746,0.5483240339417046,0.07806715566647132,0.11041038167224065
0.3589296222764542,0.04080218628105982,0.4586242272484834,0.2425254075805257,0.6548030657267027,0.48195423174772184,0.517357200540628,0.4568568262656137,0.34802593375883234,0.0,0.49196193961052814,0.0,0.40229808592383287,0.0,0.3239390553240193,0.36765577481429007,0.11384061914763076,0.2624850122089153,0.28317014204131735,0.38208079824312413,0.38956154975763896,0.29263354034528366,0.4534304497233216,0.0,0.20418904692590775,0.08580760545270155,0.48625109478019923,0.4926496941602165,0.5680559745137472,0.070043967817594,0.3114799206715102,0.0,0.0,0.08786874338495697,0.2460423058117165,0.26988905280983105,0.3784857946521858,0.09912229709749099,0.0,0.0,0.0,0.0,0.21064370560070428,0.0,0.052006278420546836,0.37795503920050605,0.2601112124457192,0.32986839950578045,0.0,0.46893365544571286,0.2799175112785067,0.244055280533547,0.40624455955010913,0.41111999936451427,0.0,0.45794930661510097,0.0,0.17752089691982392,0.4066503853910642,0.2246559659134665,0.0,0.004760253699255061,0.1675094643832299,0.18185322476611102,0.3005590619729479,0.22332267020052943,0.23192540034920872,0.4340445421179343,0.0,0.17287228630501164,0.23772483713576842,0.4397263388356699,0.27808222827044005,0.16106788047351217,0.0,0.0
0.0,0.19238252437238193,0.45048090096194054,0.0,0.44925676708583623,0.35715323262000137,0.11206562637951449,0.3656076605776208,0.3556487599574356,0.07510571559374207,0.39543024758912304,0.37448484415361144,0.5510625962032687,0.3239390553240193,0.0,0.20321795002202078,0.0,0.2239991071467458,0.19162120723618392,0.8787637428524103,0.1193695064985345,0.8229511752831367,0.24981369852854207,0.23114360496272404,0.06233665227715981,0.42612925608061275,0.5088893214457001,0.7075113510480041,0.47150612895522115,0.50608640394267,0.09773828171134094,0.0,0.0,0.0,0.0,0.0,0.2374587517133493,0.0,0.0,0.0,0.0,0.0,0.0,0.07421013538070045,0.0,0.0,0.2773829503508092,0.4755004321263015,0.0,0.28018762973805533,0.3675450741675004,0.1367318698579371,0.3233176589861062,0.2561685093441391,0.05484307782566962,0.4321388050028553,0.32923657711105186,0.48186136234689053,0.07090798805750782,0.8219154300431142,0.1792115286029052,0.3100348276495238,0.21840746436068764,0.3801183210670917,0.7815435311915822,0.12975637321285424,0.8127736711536057,0.3788365113471178,0.14882595064716425,0.26295460224245115,0.26213093077603455,0.4206997122571457,0.7416173580740396,0.34850101317161924,0.3475326861117202,0.28875054576501585
0.6784179880158132,0.5541324617212282,0.4153322883720386,0.34942013237546715,0.5652832349860568,0.6824186191630188,0.5543509079682795,0.5410691290089036,0.6024277450534616,0.11045834124175376,0.46559104384369737,0.0,0.639359510820018,0.36765577481429007,0.20321795002202078,0.0,0.7663666253126734,0.8980396392414863,0.37871155223196595,0.32828517277731806,0.6555674059491837,0.29989853690315854,0.7193869712182734,0.0,0.7015292231047227,0.29662721462875874,0.6623166740211626,0.6007193214303682,0.6774081714518934,0.06479897915649958,0.7745783786224567,0.0,0.24779782534015266,0.44538517658565624,0.12918881719506906,0.3210048704868419,0.30472535681642715,0.23952876916647353,0.0,0.44603201510430907,0.14646172539097832,0.0,0.4079874182037686,0.0,0.3989155937077223,0.661059703596319,0.5093501543493085,0.4820519365671144,0.2438217729351791,0.6401684012065917,0.6011527301753592,0.6870264038413767,0.6316329430124749,0.6254552725365131,0.42907875745899204,0.6068149239386547,0.0,0.5043638511981886,0.4531742791678426,0.3229430129576299,0.0,0.5154387965821929,0.5836200383553911,0.27417147427793853,0.25905191022506874,0.6287576991358143,0.09669062665315464,0.722305282863498,0.0,0.5168449659553392,0.6000890167400785,0.6918686947438883,0.335638571707414,0.5923248205684273,0.0,0.0
0.6612827179346941,0.6171056437460984,0.3543372794487514,0.2695618761210263,0.37358490458955285,0.580394868299184,0.45624516543935445,0.4529410656451493,0.5428770667958536,0.4036745121753685,0.34798674511731187,0.16273010950152786,0.5889898002857388,0.11384061914763076,0.0,0.7663666253126734,0.0,0.8882772707860797,0.3138198517490041,0.06286451311653486,0.5601281536285238,0.0,0.5924497239089747,0.0,0.6781318350186135,0.2988056706217439,0.49028757769981185,0.44008498741203506,0.5127039277570058,0.0,0.6598388660768185,0.0,0.41176750241689647,0.4044968064635449,0.0,0.3268472243485502,0.2262003067934528,0.35835140992146935,0.0,0.5956579390148452,0.41267025503201343,0.0,0.44578019517246986,0.0,0.5184432198813945,0.602372457622211,0.5168422435149539,0.3646626981802902,0.34634031783564256,0.5190994855075464,0.6138616129203895,0.7404213975957171,0.5957915615656658,0.59086607924586,0.5541192777939539,0.4357179901336506,0.0,0.6481210746088447,0.3965490254700557,0.14435570312463555,0.15956295734261755,0.7685904566262778,0.6347769665393604,0.24254663837386228,0.12578936408456745,0.565888379379479,0.0,0.5788213164701087,0.06665031562353116,0.4874089433524773,0.6299461705949392,0.6096257751117775,0.2825255310161936,0.5874194884302236,0.0,0.0
0.6068917154435715,0.6278833105071762,0.48067056684067827,0.28285967638427845,0.5691907974675554,0.7261835968766692,0.5664961159927352,0.6092627791135127,0.6563871771538455,0.2698089133949557,0.5294904271467716,0.14670939922814852,0.7042487034007938,0.2624850122089153,0.2239991071467458,0.8980396392414863,0.8882772707860797,0.0,0.434491346146154,0.33324062741208854,0.6001237502830523,0.256682294361878,0.6816075725481004,0.0,0.7285286246621628,0.40662686618717553,0.6984494861098757,0.5921722127147735,0.6953292476061095,0.10472109498903583,0.6679567150760486,0.0,0.29075352357664214,0.3177127489601492,0.0,0.2611819910724396,0.26299340028560164,0.2690605861266901,0.0,0.49051072780730437,0.20443261745155358,0.0,0.447718080671175,0.0,0.34859024537862493,0.5724091654059147,0.5554920645319149,0.5475786430304032,0.21491682356590913,0.6259223654112015,0.6815837803553407,0.7278126236633263,0.6927363137080322,0.6595701507603831,0.48181402479603186,0.6068776475625582,0.0,0.6169868134297362,0.4120536314031457,0.33241619850066007,0.06864971465444726,0.6658796664901843,0.6676659129751753,0.37927108597972414,0.3389453115939105,0.5593051919092009,0.15695438516023297,0.7013690888745074,0.0,0.5639066196997876,0.6127768256691264,0.7546935058198255,0.3962904036649493,0.6204560943202083,0.0,0.0
0.1699171440240485,0.19820676517376862,0.8792821607414395,0.006094302316648186,0.47833419249935827,0.4306471928777632,0.24986399259521247,0.5219173017556065,0.5620558723125072,0.34563926404876993,0.7715314028511882,0.3264565876743149,0.40982637766933266,0.28317014204131735,0.19162120723618392,0.37871155223196595,0.3138198517490041,0.434491346146154,0.0,0.4248378440008461,0.14342564828875756,0.3658108150921494,0.46703071419470993,0.30572908513680336,0.5175192530708984,0.4176293459842964,0.5122958943275818,0.3234960596663779,0.40523314886006223,0.45113918486585625,0.32526096760755546,0.0,0.0,0.0,0.10556108967636019,0.003707493796551023,0.0,0.11964063829850402,0.0,0.0,0.0,0.0,0.0746224192256436,0.0,0.010243515240357961,0.2590977077692423,0.45143062511003584,0.814907207837686,0.0,0.2528379640292129,0.34913651476259994,0.17760500392031475,0.3612795346519377,0.38706386437879886,0.40443332459174003,0.5805191001244772,0.13053336104204122,0.2845535071582333,0.012883668242022547,0.16005245384940095,0.2594858127697909,0.3038036663653611,0.41365095316833494,0.8616456249651521,0.3561640668164158,0.08366154243420114,0.30092474602578334,0.4721360181297862,0.2850737764378451,0.5601527266555894,0.4499896120523791,0.42278944814557357,0.2806089546103618,0.3362562129411552,0.20476673151032423,0.33051356408634647
0.0,0.18213944478961808,0.6515364596667674,0.0,0.5376544617964272,0.369365885679724,0.14940151237431742,0.39825584206854653,0.43951042843313115,0.22559986398236087,0.5788344080099707,0.4688055731460959,0.609833948029241,0.38208079824312413,0.8787637428524103,0.32828517277731806,0.06286451311653486,0.33324062741208854,0.4248378440008461,0.0,0.007256806428916931,0.9554592136279015,0.3081947707410478,0.2544456760744896,0.23649628892975172,0.4672808786734458,0.622242004522956,0.7345225545952959,0.5346778928864481,0.6767676777788608,0.18527191084625155,0.0,0.0,0.0,0.0,0.0,0.1509861332146083,0.0,0.0,0.0,0.0,0.0,0.0,0.12535155682832572,0.0,0.0,0.32664158601223486,0.6847920749393676,0.0,0.3021800839054358,0.40973037862806727,0.13514825184829687,0.25458079909232617,0.2890199466372777,0.21047571568266915,0.5176940921749834,0.37494384370693473,0.4503689097756511,0.026779293698246158,0.7096992126761966,0.32761574108672614,0.34081925389451107,0.4063134788796535,0.6008193658108607,0.9284684242664581,0.0,0.8997764303208252,0.43732774306020056,0.16954484990409302,0.41737763854729215,0.3194714056349891,0.530565759517685,0.8086196947816706,0.47180559278715745,0.4416107577302372,0.4589785698733002
0.9370630665129286,0.3014905945189539,0.26305390433950954,0.49600820510658844,0.541230415919532,0.7282675303020663,0.5481166110231928,0.5925893643282573,0.57925010114582,0.0,0.31180838497538105,0.0,0.40603108276018296,0.38956154975763896,0.1193695064985345,0.6555674059491837,0.5601281536285238,0.6001237502830523,0.14342564828875756,0.007256806428916931,0.0,0.0,0.7904596345345228,0.0,0.4642327654528136,0.0,0.5864895517240442,0.419657420730448,0.6259201031454478,0.0,0.7085295170273604,0.0,0.2575491369391252,0.5735086665595331,0.28089598042789105,0.4971471157584487,0.292082539560775,0.37465623023145833,0.0,0.47506515169985164,0.21506871497430555,0.0,0.6200754584349695,0.0,0.42911299065243375,0.8677258530884607,0.35418149943826166,0.2545764088092935,0.4230079165832554,0.6854254695954863,0.4761437028372367,0.673928497062495,0.7665409002736259,0.7196167297217277,0.11792016862366486,0.5126830376993923,0.0,0.3230325233314819,0.5801600872930481,0.20536724483226632,0.0,0.2778406766393847,0.35299598175942104,0.0,0.0,0.9442530348315887,0.0,0.6764170723997758,0.0,0.193173750156749,0.4660380184588819,0.5566879671575032,0.09784886442751674,0.25201279914464064,0.0,0.0
0.0,0.20477266074813522,0.5582565667015712,0.0,0.32493792186181814,0.23317727620311152,0.024072844017428492,0.32330347262417597,0.29549052934195724,0.3292028515183729,0.4316194169761141,0.5410644957867009,0.5842215335819446,0.29263354034528366,0.8229511752831367,0.29989853690315854,0.0,0.256682294361878,0.3658108150921494,0.9554592136279015,0.0,0.0,0.19915927249650206,0.3887629328096129,0.15468832214412923,0.523883859344063,0.3862217298120097,0.6986164775970627,0.3610710878142986,0.7391351919212633,0.1683334891362208,0.0,0.0,0.0,0.0,0.0,0.1773768122291014,0.0,0.0009254317863554159,0.0,0.0,0.0,0.0,0.27338910887333684,0.0,0.0,0.3418491182656008,0.5700256637782437,0.0,0.14541095709398283,0.3385786359483002,0.04385343316580143,0.17389154554252856,0.12800122514612142,0.28502146102618514,0.37743556322924726,0.4734384745047567,0.4556311253560575,0.0,0.7330886920402154,0.4161693560414496,0.3686312032780327,0.34267035515767336,0.5475445768383403,0.8489287012727375,0.0,0.9555042659935641,0.3729952616944133,0.2952842998239329,0.4386659734204917,0.29101266228000083,0.3214067594480118,0.7920377054078555,0.3779070553002563,0.4679721667520518,0.620063970597073
0.7943887108863945,0.6154323643767468,0.5796602344923756,0.25942203740377245,0.6071529424085521,0.9080635960366974,0.42870852825432326,0.8905461855438563,0.7320141144465978,0.11905078544341693,0.5318968596512161,0.053451118910492236,0.6711150160995919,0.4534304497233216,0.24981369852854207,0.7193869712182734,0.5924497239089747,0.6816075725481004,0.46703071419470993,0.3081947707410478,0.7904596345345228,0.19915927249650206,0.0,0.02438018546895431,0.7234837239138631,0.4751929037073129,0.7594077567588887,0.5839260570161323,0.6994184626315383,0.013178572765805568,0.6563942304866749,0.0,0.11913917824468132,0.3166213608572575,0.08493479850087697,0.3082621088200146,0.25780761971158594,0.31873877399566863,0.0,0.4190027658305526,0.13333225661062462,0.0,0.4223826290821526,0.0,0.3846770660883002,0.7865913798189916,0.6566681949770035,0.6277115352475198,0.24630861667471354,0.6508167557653153,0.7588842802458132,0.6703892719088738,0.8868086176792841,0.7211626887590191,0.38017773806935523,0.6671782476106197,0.0,0.5810638967328734,0.43413045230832215,0.3524176071113739,0.0,0.4795822496797132,0.4513546027669973,0.36451493206952007,0.2273149664785496,0.7512121893964104,0.11835040510751149,0.976126134313054,0.09326830021814612,0.5268102836272112,0.7744458510409434,0.7258224903818238,0.3359102823911515,0.4423079746955566,0.0,0.0
0.0,0.3112188626556395,0.269968046908915,0.0,0.0,0.0678336373265565,0.0,0.3125653409651667,0.07703687704591597,0.6310120416007547,0.025116566246085086,0.8193427019011631,0.19797913348004045,0.0,0.23114360496272404,0.0,0.0,0.0,0.30572908513680336,0.2544456760744896,0.0,0.3887629328096129,0.02438018546895431,0.0,0.2012833125338965,0.7121734031612276,0.0,0.052027182886466065,0.0,0.5241748319725215,0.0,0.12387920847475631,0.07171031469887432,0.0,0.0,0.0,0.0,0.2079765591068793,0.40177031959440324,0.0,0.12904694976113879,0.15031378814305127,0.0,0.22956056607733794,0.045668658202480235,0.0,0.2815733473445976,0.2794570254781446,0.0,0.0,0.11597359973509158,0.0,0.05237072838694147,0.0,0.49315305535176485,0.0,0.6541992499588478,0.26369007249128507,0.0,0.169434980286483,0.6251177749947417,0.3334518701484522,0.19740360400892104,0.4319885961495668,0.22044581416859635,0.0,0.4309799176185684,0.11576144033822898,0.9241108802711631,0.41180620953885383,0.42893253405337683,0.0,0.2940209022358389,0.1429067773174634,0.5918914162941199,0.693108993304895
0.5591253912125513,0.7594052524097676,0.43311495189050103,0.1274447993153542,0.3232629635075925,0.7025377876393402,0.30731756013656836,0.6599990630445973,0.5407223707454593,0.43139848251433793,0.35688969830476025,0.25592439219668894,0.4473807405440309,0.20418904692590775,0.06233665227715981,0.7015292231047227,0.6781318350186135,0.7285286246621628,0.5175192530708984,0.23649628892975172,0.4642327654528136,0.15468832214412923,0.7234837239138631,0.2012833125338965,0.0,0.6017080204722344,0.6739756784083544,0.2852048196514155,0.5547369651077141,0.09676730018848305,0.5081285959385198,0.059642293591663655,0.30552297685676927,0.3228041244165666,0.0,0.185053020958085,0.13343458198785757,0.29392970623866865,0.0036690176410005006,0.5206355023464335,0.3538910022961676,0.0,0.31179708879439616,0.0,0.35945085356627765,0.5817239012731414,0.7237263825527565,0.4670594501037971,0.21060955594017625,0.337793834992895,0.7132447702896793,0.6095688682681584,0.6514491748999746,0.40356268915302157,0.658335905831272,0.4096502751676532,0.0,0.47009924761002325,0.22032180306076185,0.16701333111266134,0.20364600271141203,0.45023018108418394,0.45795587990176195,0.4608133507452556,0.2158908450199496,0.46649590797164386,0.06568328658729462,0.7055741771584616,0.15492922904433523,0.7168257126011102,0.7855057739044754,0.6994329329522597,0.2225738401184753,0.6166143667647767,0.139662060643927,0.003848107680204987
0.06403394127900976,0.7548880625716536,0.4867803293990757,0.0,0.14507738104684698,0.5093583191212149,0.0,0.6301487804876291,0.38691410734026793,0.6122673753685075,0.2765304752385282,0.7551237505822582,0.5702240445210696,0.08580760545270155,0.42612925608061275,0.29662721462875874,0.2988056706217439,0.40662686618717553,0.4176293459842964,0.4672808786734458,0.0,0.523883859344063,0.4751929037073129,0.7121734031612276,0.6017080204722344,0.0,0.33586039260642164,0.345518721794932,0.27440515134924875,0.380388080611695,0.15440824472088638,0.02948392707989555,0.07920347341434897,0.0,0.0,0.0,0.08799743675896994,0.16241586584465695,0.1408395361973054,0.1668830566685788,0.10209046615635586,0.0,0.0,0.0,0.14895570145855838,0.15593423514265628,0.5773553852335757,0.5215604824873232,0.0,0.009275267073046508,0.5522536372408803,0.15704529985807036,0.4050351567926776,0.11205867171568466,0.55796453602929,0.29970142880472633,0.5256045501849781,0.5564385155531014,0.0,0.38218768371765743,0.44649758794233185,0.5265990929411937,0.26157744488996754,0.534412024942902,0.38685228962059665,0.03676545713135325,0.4841710071953837,0.5296352671405571,0.591362924823133,0.6026900185875613,0.715588006599342,0.3677887521223928,0.44708397009322925,0.36360285410420423,0.4032504156904357,0.38751472972960216
0.5298789255846116,0.4271592162205895,0.6815965589131872,0.24301268053369152,0.7816134383190734,0.840335755054203,0.4725066474302306,0.6408889486215432,0.8090292870799841,0.03232122884410539,0.6870426752342367,0.0726034289607926,0.6194654905585839,0.48625109478019923,0.5088893214457001,0.6623166740211626,0.49028757769981185,0.6984494861098757,0.5122958943275818,0.622242004522956,0.5864895517240442,0.3862217298120097,0.7594077567588887,0.0,0.6739756784083544,0.33586039260642164,0.0,0.6261206655776084,0.7994257005470449,0.10194479085682617,0.4835141296912056,0.0,0.0,0.08396035622087808,0.0,0.14932971633879105,0.22679667101259923,0.12084724064519724,0.0,0.2541390579545893,0.0,0.0,0.40175876802912125,0.0,0.13511679074391966,0.5628633150109721,0.6245254028306515,0.6916424904097215,0.026031143392771,0.7233963324892364,0.7905656532720385,0.7063334636316665,0.6923315067698949,0.7566448203919574,0.27507042335588816,0.7540718392510318,0.0,0.5263431798541793,0.42808371324307687,0.49154431645432484,0.062026310159960345,0.413105261618124,0.5197008749297859,0.4799566982489003,0.6050851718893072,0.521476735075483,0.36689383655510116,0.8149724504423813,0.0,0.532053016894259,0.6046475785848366,0.9839204747142276,0.519162200281876,0.6676255460082821,0.06039888070887786,0.0
0.30795573799211257,0.38588750036862546,0.6146424198576669,0.1640042581946275,0.6876956245352049,0.5883237893553825,0.41867283305345215,0.6098678179331535,0.5917309483044602,0.10180215506445282,0.6374432719224775,0.23441294190421044,0.8827287060348946,0.4926496941602165,0.7075113510480041,0.6007193214303682,0.44008498741203506,0.5921722127147735,0.3234960596663779,0.7345225545952959,0.419657420730448,0.6986164775970627,0.5839260570161323,0.052027182886466065,0.2852048196514155,0.345518721794932,0.6261206655776084,0.0,0.6090051593963954,0.4817290645845537,0.5436042584966229,0.0,0.0,0.0,0.0,0.10782830402492975,0.4500784314024894,0.019242838250949777,0.0,0.0361527096036247,0.0,0.0,0.24207247909304105,0.13811413325714933,0.06425269902766582,0.3615679405159449,0.43552237843230157,0.6710750781581452,0.0,0.6695626913174803,0.5941316764896136,0.49205657521104124,0.624099516833091,0.6224161175457841,0.26270465933202347,0.7478750225550227,0.2418833659071597,0.7309270954353825,0.39725114404138007,0.6916487516133187,0.11868656702568485,0.6184971521059719,0.48771960577058077,0.42270924579112606,0.7031699238550887,0.3861737308188512,0.6512506572476061,0.7092806461340245,0.07706195873080698,0.3863070728670837,0.475595305907309,0.6632986817568198,0.9020300316304337,0.509843050443394,0.12237401658515314,0.15647345560525758
0.5200274142680422,0.3277196028756852,0.5177314511813611,0.2080847674804591,0.7154999212545228,0.7878241855764423,0.6520405038699867,0.5085925867880674,0.5983612071628815,0.04917358569646249,0.5355302767122011,0.0,0.6271038030246696,0.5680559745137472,0.47150612895522115,0.6774081714518934,0.5127039277570058,0.6953292476061095,0.40523314886006223,0.5346778928864481,0.6259201031454478,0.3610710878142986,0.6994184626315383,0.0,0.5547369651077141,0.27440515134924875,0.7994257005470449,0.6090051593963954,0.0,0.11751245612427035,0.5043772028218773,0.0,0.009146616796933677,0.13058234406587707,0.0894357690623936,0.16858073315194527,0.2640265742377942,0.1912054728356241,0.0,0.17146922689616903,0.0,0.0,0.3585101885008958,0.0,0.12197831865255981,0.5503980791718039,0.48604405016509405,0.5144238764496997,0.0,0.5772317712338163,0.5347681490549278,0.5352731891808846,0.542134029556908,0.5936696668382938,0.1788812423876502,0.5734777468287482,0.0,0.44050328195912486,0.46189935906541296,0.3206709419576998,0.1331240671197967,0.4198702846064339,0.6332642924326515,0.3080731933863944,0.4268793468450637,0.556222826787022,0.28544199707907325,0.6696311529638548,0.0,0.46938887695535075,0.48656532922227164,0.7110124575704951,0.41875541961921064,0.534479655080443,0.0,0.0
0.0,0.03332217043446521,0.4699587482594023,0.0,0.07164315676784012,0.0,0.0,0.21518199439340582,0.12232854950403954,0.5015920834273132,0.2855904061558635,0.5962544924220958,0.32366293837213655,0.070043967817594,0.50608640394267,0.06479897915649958,0.0,0.10472109498903583,0.45113918486585625,0.6767676777788608,0.0,0.7391351919212633,0.013178572765805568,0.5241748319725215,0.09676730018848305,0.380388080611695,0.10194479085682617,0.4817290645845537,0.11751245612427035,0.0,0.12182994418939684,0.07953645303556178,0.0,0.0,0.0,0.0,0.0,0.0,0.2506314832946451,0.0,0.0,0.0,0.0,0.35812470006675995,0.0,0.0,0.17910999174254613,0.4954309078728181,0.0,0.0,0.07493414124025916,0.0,0.0,0.0,0.38269426016800395,0.13829315903079104,0.5006083742167508,0.2725270022454021,0.0,0.4733949195915729,0.5711604551959019,0.3413013539515267,0.4000339871915246,0.6093258507545355,0.6155557441561013,0.0,0.7333116703090522,0.12657872683704932,0.46093282458262413,0.36984954786607854,0.19119983617501657,0.07681466020777615,0.6504762344917234,0.2664981924513541,0.6162029239526315,0.8138480774958099
0.681780258538816,0.33972811079300536,0.3621787897750919,0.4726206948096719,0.4568100218422057,0.5079808537867876,0.43593173929798024,0.5079023138933343,0.555002132480477,0.1280942478980775,0.3760576995950591,0.0,0.49239946687830227,0.3114799206715102,0.09773828171134094,0.7745783786224567,0.6598388660768185,0.6679567150760486,0.32526096760755546,0.18527191084625155,0.7085295170273604,0.1683334891362208,0.6563942304866749,0.0,0.5081285959385198,0.15440824472088638,0.4835141296912056,0.5436042584966229,0.5043772028218773,0.12182994418939684,0.0,0.0,0.24642291654109075,0.4568701014424495,0.1606196493022381,0.42947675014357317,0.2029730793469592,0.47140943271211017,0.0,0.4116329674351938,0.21129136983996863,0.0,0.4225088674512302,0.0,0.5395569748869268,0.7059916038719681,0.3809467687464565,0.41237838998852216,0.3711031506162423,0.5771786997254233,0.43004668411760977,0.6032732012452362,0.6607651888934075,0.5393310489431802,0.4486740128433666,0.49379284511920074,0.0,0.3821488175275737,0.40818288418638693,0.26981928449476106,0.05189030493368504,0.49659679303587223,0.6241120264427815,0.23162892922490055,0.1550473658548906,0.6924353522951018,0.04882473398738204,0.6682467184088784,0.09414387934822542,0.4222467002270317,0.5232174595231671,0.5041295112115872,0.2656829293829003,0.44269221663803726,0.0,0.0
0.0,0.0,0.0,0.0,0.0,0.0,0.0,0.0,0.0,0.23985867866203053,0.0,0.10674651229069981,0.0,0.0,0.0,0.0,0.0,0.0,0.0,0.0,0.0,0.0,0.0,0.12387920847475631,0.059642293591663655,0.02948392707989555,0.0,0.0,0.0,0.07953645303556178,0.0,0.0,0.21783094915002044,0.0,0.0,0.0,0.0,0.08178874771278392,0.6445538895630787,0.016708585360171002,0.22680246634611537,0.3496050659138166,0.0,0.023796692985398552,0.0,0.0,0.0,0.0,0.10453672715870989,0.0,0.0,0.0,0.0,0.0,0.07890104647162638,0.0,0.020166921491964612,0.0,0.0,0.0,0.1537691256388422,0.0,0.0,0.06495040236363721,0.0,0.0,0.0,0.0,0.04058293131152555,0.0,0.0,0.0,0.0,0.0,0.2956795553624434,0.1541095845081709
