0.0,0.0,0.09809546451260706,0.24326192033718347,0.09579696742380105,0.3098490639666424,0.0,0.0,0.09912864622974694,0.0,0.0,0.0,0.35833488862693513,0.2525930004620773,0.3620541356043654,0.7370677397559837,0.41925094683248676,0.6954217420855761,0.34573140846094524,0.213228496040126,0.15014574781072607,0.0,0.22126642851044842,0.16851342319010582,0.39899948483494607,0.39356601154191173,0.2748035930166612,0.20684917668261352,0.35241999658156525,0.0,0.6343297661953041,0.0,0.46613585132694735,0.5528826688899727,0.4170968362518115,0.0,0.0,0.0,0.0,0.16172506153361757,0.0,0.2532845650701687,0.0,0.0,0.13141135817444763,0.8887574011954681,0.1833228020130451,0.06155278293963949,0.2440901939408299,0.0,0.3409441302256909,0.26739075993517986,0.0,0.0,0.31030031598987906,0.0,0.07070280728132419,0.21208310812682538,0.0,0.651949608519075,0.533651554588427,0.2956753413151777,0.42851578742801305,0.0,0.28610030178204493,0.09209655634251339,0.3444007627581484,0.12685656519308527,0.03519132394668779,0.46254966813525467,0.16754399010125118,0.5696934227042854,0.0,0.0,0.0,0.0
0.0,0.0,0.0,0.0,0.020187281322745047,0.10187679053180967,0.2566829130190066,0.24375593995835615,0.0,0.05625156028439746,0.0,0.22949019698343273,0.3541188225162307,0.0,0.0,0.011179106160725885,0.0,0.0009357464223825796,0.0011860617297466496,0.11428032869468624,0.0,0.2982629694961704,0.060038198091283516,0.15202903320365313,0.15594018705470356,0.3743013560551736,0.0,0.08888746641720746,0.0020815226745306285,0.28608711466771436,0.0,0.1281405459838544,0.023937298154899457,0.0,0.0,0.02015887643330221,0.028999368727662733,0.13572607327987174,0.1640157838474603,0.1587232978068899,0.0,0.0,0.09107272825131509,0.04011831938289675,0.0,0.0,0.20055077316489653,0.03560093074951824,0.0,0.0,0.0,0.0,0.16013856796593381,0.0,0.0,0.09406209564460563,0.05750845349969178,0.0,0.14127299740606433,0.0,0.0,0.0,0.0,0.0,0.0,0.0,0.0,0.11852681954228343,0.016198414847326786,0.0,0.05352352229606117,0.0,0.0,0.0,0.02332859930650131,0.0
0.09809546451260706,0.0,0.0,0.0,0.25448681259626765,0.7448911679640735,0.0,0.68224224002044,0.7599889932614008,0.36515563633853315,0.6256608415798789,0.2627927000871283,0.2593334827226904,0.0,0.3610673360863114,0.0,0.48813771951172874,0.24176114217985875,0.733181647382979,0.7042609791521712,0.41858148293599823,0.47038187253880437,0.82477160298613,0.486820622903525,0.48433988788813237,0.5949439770716558,0.8062387790603595,0.2513064483422001,0.47285048239661415,0.38708146174484387,0.0,0.0,0.0,0.0,0.0,0.0,0.0,0.4324197735553979,0.0,0.15346197095509656,0.04547176368393957,0.027788219540439345,0.0,0.0,0.09325557375013742,0.23996433834562647,0.4749074584784131,0.6264425321022253,0.0,0.0,0.7185738829183578,0.048950222971366496,0.6115033991102167,0.413401064735808,0.3145333954737491,0.08705021114481752,0.29322068308222987,0.27541393280449356,0.0,0.14192315408243172,0.22477568501507267,0.058760576700811855,0.34459519783456455,0.7358414689667301,0.21915042150671746,0.45214936976806414,0.06765254341555955,0.6670364884533956,0.577078487604971,0.47698345628931704,0.6338398015979467,0.5347779305296321,0.10977262677688794,0.29034657431675304,0.14680825857229363,0.0
0.24326192033718347,0.0,0.0,0.0,0.15145346667049947,0.0,0.14580043594775777,0.0,0.0,0.0,0.0,0.0,0.23924366795665317,0.4921082525493792,0.0,0.28779725027534175,0.047121791247449474,0.23389066466222985,0.0,0.0,0.0,0.0,0.0,0.0,0.0,0.0,0.0,0.26415747681623303,0.0,0.0,0.4806143874949767,0.347334108633633,0.4497423438995234,0.4978573532256008,0.6032760693189645,0.5021834498145156,0.43910978326275324,0.0,0.2324365168368351,0.08867060446781024,0.0,0.10594198127299535,0.23776388758771003,0.15751786909821763,0.0,0.16868349466526336,0.0,0.0,0.6146265345656354,0.09449942636701927,0.0,0.2062602608575104,0.0,0.0,0.08156751588330997,0.25069954281943785,0.0,0.06827504643410745,0.34192859833542727,0.2318393862749352,0.0,0.10976409927606577,0.0,0.0,0.0,0.0,0.0,0.0,0.0,0.0,0.0,0.0,0.035338658948302216,0.0,0.0,0.0
0.09579696742380105,0.020187281322745047,0.25448681259626765,0.15145346667049947,0.0,0.2029089863618892,0.7937514595739716,0.3695269173278097,0.6236833396521579,0.4847516128485252,0.7907413426377958,0.19943658138003703,0.4284051449630379,0.557269274631711,0.08474912972795985,0.18348295127538347,0.5476232169097116,0.2858574639366822,0.07401197343453819,0.3437119328990393,0.24683805500141562,0.4808565849536085,0.1299427752918064,0.0,0.3266513973233218,0.07279405483657897,0.24979589117568332,0.7686085603221843,0.39382297294180757,0.5872205098701129,0.40864180728014743,0.2822550832328446,0.0,0.1451494546220425,0.06369230023990619,0.0,0.0,0.0,0.3975812193037861,0.41223336703644103,0.0,0.006860973826391144,0.4576378255689197,0.21068428273364664,0.0,0.24734624359568275,0.03989532792502906,0.40891429298814796,0.29532211072971987,0.6303363477307855,0.27265667830248347,0.5480827279847363,0.5463404392301753,0.5068179170983578,0.511651452943294,0.641257678587826,0.11748294263661628,0.5773554613874567,0.5273642014870232,0.0,0.27389489242953113,0.33921950369808224,0.4445466524845703,0.37231484091684086,0.1247987067583696,0.357788697507702,0.08276472787229636,0.2167492452070606,0.22273172950316994,0.10133616004649758,0.10618553834723347,0.0,0.5461343967909935,0.143726846715388,0.1740082553089116,0.08280099791434775
0.3098490639666424,0.10187679053180967,0.7448911679640735,0.0,0.2029089863618892,0.0,0.05417807680061772,0.5915543886243184,0.6777036277736066,0.2520337363468193,0.39189017439854745,0.23223163188232138,0.45969040031559155,0.0,0.4045875461588403,0.06865303441205511,0.5431249396909985,0.39975204373384743,0.6045680024840061,0.7012277975025306,0.49510476331755887,0.3406905374668113,0.866927606952337,0.5064995714271521,0.6085790534008781,0.7456233016292741,0.8497773830140367,0.2693230825006616,0.6266595925300413,0.3516805291943343,0.02781649320259105,0.0,0.0,0.0,0.0,0.0,0.0,0.2648828607084558,0.0,0.11752706700212309,0.0,0.06332842650406985,0.0,0.0,0.03183214169516949,0.3826582357080425,0.5702646815622338,0.47142079826225275,0.0,0.0,0.7172637975796966,0.13587952378277848,0.5082051735876623,0.22267798986326826,0.28584984588783713,0.0,0.2670539658601854,0.27782676021638897,0.0,0.24706756312112868,0.3018625676736629,0.0744479684325872,0.30947331461496674,0.48955594583381956,0.18074817209516467,0.4368312770175054,0.1030306186537237,0.6669201218263477,0.47613317843458297,0.5971398860276647,0.6913937861552781,0.6421147828943572,0.0,0.0825248193285631,0.0,0.0
0.0,0.2566829130190066,0.0,0.14580043594775777,0.7937514595739716,0.05417807680061772,0.0,0.35844901606592033,0.33055664708535837,0.5925938104149637,0.6059776406100961,0.3813247344210918,0.43457377266743336,0.39350942072261025,0.0,0.0,0.2597501252768039,0.0,0.0,0.18826657110940626,0.24279762362394872,0.6158859173158163,0.01861249508795705,0.0,0.19216636149578356,0.0,0.05682016781916087,0.587567193195509,0.19907446162542508,0.5632853818914545,0.1160503303496117,0.38033183712870905,0.0,0.0,0.0,0.0,0.18837293955978157,0.008528834969780739,0.5941855556837502,0.32182907066144345,0.07012492172162256,0.0,0.491769084542043,0.3554451142065954,0.0,0.0,0.10719254685843328,0.19967255803721584,0.27331792782045095,0.675294474905819,0.045616329166673256,0.4636543575959223,0.5550624136532426,0.47340021027031154,0.3531187497074318,0.5588025068633234,0.18207731170150776,0.4736809569362064,0.5618443555862686,0.0,0.0,0.2290163650348421,0.13642990689740123,0.19330455463346077,0.0816376820227696,0.34435616152355086,0.06748762662865486,0.1691266595383155,0.16399613990556428,0.0,0.10019227231784342,0.0,0.4716215453052075,0.22896124231869786,0.2873737448844135,0.08934541589741621
0.0,0.24375593995835615,0.68224224002044,0.0,0.3695269173278097,0.5915543886243184,0.35844901606592033,0.0,0.4864062489319665,0.3066685702486613,0.6391643113420389,0.366160105589905,0.44295023788208315,0.0,0.37899712998606777,0.0,0.3576157656079776,0.07788029135101449,0.3484053549874891,0.6166186360738135,0.47714996195220044,0.5527826341880989,0.7023118036775988,0.4170071033670107,0.18258835896942935,0.3183256386472281,0.43103163327058897,0.2748262261135871,0.42931226765443437,0.4946318434028679,0.006056576920710942,0.0,0.002596217580281312,0.0,0.0,0.0,0.0,0.36191064023779596,0.16909805662613084,0.3768202981594784,0.0,0.0,0.24066637690829396,0.0,0.0,0.0,0.23237166976802395,0.36090175153472387,0.0,0.2568661605602789,0.4715451027308665,0.21061472634818815,0.8606661364606685,0.5395304863694201,0.19119646704036009,0.345032781473032,0.2543335379364272,0.4554973795287956,0.14656057226584474,0.0,0.0,0.0,0.020429743704408105,0.5009896606708261,0.1439742669440328,0.4308276183488707,0.0,0.49253699957547364,0.3875652779353107,0.036120108655153596,0.34230832385975263,0.11189355541902743,0.08332765021704486,0.052199143624265414,0.0,0.0
0.09912864622974694,0.0,0.7599889932614008,0.0,0.6236833396521579,0.6777036277736066,0.33055664708535837,0.4864062489319665,0.0,0.5680209125822263,0.8122733355399572,0.34418798610158186,0.376616914444502,0.18470970099411946,0.13076477510571052,0.005207405437206944,0.6489159472818029,0.3707270915160049,0.5517242858228687,0.5681413002832516,0.1909045084643385,0.4773437224691059,0.5339117211202923,0.4437731563626707,0.6209901517388694,0.5700017341566628,0.7031020242768905,0.5215847930983014,0.3906831254774929,0.43293452548993117,0.06505676739639542,0.0,0.0,0.0,0.0,0.0,0.0,0.22298034120804683,0.0,0.14698860217599732,0.0797516025758364,0.05105967213479475,0.009656537914826874,0.0,0.03409567274634999,0.1920908578513717,0.305933044997493,0.712891353249156,0.0,0.3339831242378522,0.6998836497948154,0.3413428888311394,0.621758444282968,0.6246383982279041,0.561552938118743,0.3226230239439243,0.344641036872946,0.475906480433698,0.007510210729794206,0.0,0.36230972320016624,0.3383848231747365,0.5558739536845053,0.7736949082536221,0.03541687350452621,0.2965907657654142,0.0,0.562297122075334,0.6724219884513342,0.534507753944136,0.5919255130067552,0.39614283254411,0.3542981981765202,0.14273969648527962,0.22376815265453723,0.09395845932303398
0.0,0.05625156028439746,0.36515563633853315,0.0,0.4847516128485252,0.2520337363468193,0.5925938104149637,0.3066685702486613,0.5680209125822263,0.0,0.5426137351098158,0.8098123332557117,0.42108316264156453,0.28513684942611756,0.0,0.0,0.507510215656062,0.020441766566219086,0.2532427066222024,0.16218250573318493,0.0,0.4982339636408814,0.23326996683475248,0.4121181157592131,0.5753846316846685,0.475469501178084,0.27710429901299843,0.5085694033781085,0.0,0.35115039980098517,0.0,0.0,0.0,0.0,0.0,0.0,0.023739879642455254,0.3672090869866783,0.1924308673837115,0.026227197845876654,0.42234059583332023,0.0,0.13748292336488932,0.31758624859683415,0.06511927259513338,0.0,0.30427381118836155,0.6028850397664154,0.0,0.381774322230232,0.37168305697902015,0.17902474314694292,0.6206905033734391,0.3584502437932467,0.7055637708091281,0.3135428584775731,0.7227191474686445,0.31563368760008303,0.2755335500811134,0.0,0.11244699470716865,0.597497820528719,0.5000882002510335,0.6456263757745653,0.0,0.1237081526184037,0.0,0.5231652852369262,0.73842922759523,0.33720525329965745,0.49431692394296334,0.0343863929468302,0.5531844204942379,0.2998596500652148,0.656839623308836,0.5107585592227215
0.0,0.0,0.6256608415798789,0.0,0.7907413426377958,0.39189017439854745,0.6059776406100961,0.6391643113420389,0.8122733355399572,0.5426137351098158,0.0,0.26037591757896816,0.28786295643683474,0.24932476220592914,0.044080504270213504,0.0,0.563199599360589,0.11295084882668459,0.2445995810644362,0.5465636083323653,0.26471050668547336,0.6719111034230667,0.35133253807045933,0.16267367953666992,0.3428049545560297,0.20630441783717096,0.4325322539108843,0.6211016358120094,0.3981811563986367,0.6529747453237745,0.11873890373548923,0.07998974978133619,0.0,0.0,0.0,0.0,0.0,0.1473044181824642,0.32094881246580725,0.28598272676999476,0.030818673973259644,0.0,0.4588674668950058,0.12769138405068206,0.0,0.0,0.1121457906996188,0.5002503699777572,0.014444076548300561,0.5955247664843031,0.43053383774922677,0.36635257020735257,0.7489748123180068,0.7241288061096097,0.43860234184004665,0.6793885918336992,0.15309759004504153,0.5579773445942275,0.31925041635133133,0.0,0.1636921575118942,0.2091389116101191,0.3174486288889843,0.7007908652277925,0.06784547604799966,0.3819216868121818,0.0,0.3492033799736484,0.47960133069244604,0.1443323224288899,0.2894711883978157,0.01933455857027933,0.4833885302575083,0.1439169675577261,0.22490840277796087,0.0
0.0,0.22949019698343273,0.2627927000871283,0.0,0.19943658138003703,0.23223163188232138,0.3813247344210918,0.366160105589905,0.34418798610158186,0.8098123332557117,0.26037591757896816,0.0,0.5623554662962424,0.22127561086355402,0.0,0.0,0.27490011544866594,0.03349675149286387,0.2810640270567554,0.009499419410290444,0.0,0.31406783649244846,0.2140098141197736,0.6367816725255173,0.36284024417143823,0.47650226936560963,0.06136881520874328,0.31911913696766586,0.0,0.17645106916925515,0.0,0.0,0.0,0.0,0.0,0.10819623701289643,0.20777826475815886,0.4780430863239645,0.1097977291872984,0.04411455801368664,0.5294558902141362,0.0,0.03804910516573159,0.41284577739777095,0.12299034639699807,0.0,0.19021740060999504,0.5160231920240559,0.0,0.2462456928150592,0.22792533985859656,0.022787054773259596,0.5467292197552248,0.25725882257294574,0.5374305342487349,0.18774749398582202,0.9165655190230912,0.18783614859601977,0.22259150287810503,0.0,0.0,0.5327070746962109,0.3514943667540744,0.5070830258191193,0.0,0.0,0.0,0.3497764590881212,0.7303805490413838,0.17579106094478067,0.43601209902730453,0.0,0.4337422566710413,0.05166297218803184,0.5422745259289162,0.5045440564265186
0.35833488862693513,0.3541188225162307,0.2593334827226904,0.23924366795665317,0.4284051449630379,0.45969040031559155,0.43457377266743336,0.44295023788208315,0.376616914444502,0.42108316264156453,0.28786295643683474,0.5623554662962424,0.0,0.4089744305911927,0.12252670857809524,0.36879613000312156,0.5487376483886022,0.5242223847429937,0.4044070954953536,0.2789587956937932,0.18199758992577614,0.200562375248024,0.3319255409527265,0.4887015762730291,0.4312892865936561,0.49709430727044224,0.23090702281119113,0.6233408851440234,0.15518809439121733,0.3500839975328813,0.3393946612160405,0.12361566077222667,0.22591020303144377,0.18796097370847015,0.09721353195396978,0.1285253800512568,0.07547686837173832,0.17005691811508974,0.12182173762175129,0.34623447843755273,0.13274553848003964,0.11388813012735469,0.08238569990627478,0.1191645517993682,0.10568040760148448,0.3183884150225187,0.20113129304523913,0.4616439109900248,0.19427802193194874,0.1549810858400251,0.37973220775536715,0.29485635857625,0.4491698577695438,0.1457430776172678,0.5645236117210916,0.3021598581405085,0.5535719063133027,0.48112893897166803,0.30545786630284916,0.11897500251862932,0.1575910066545237,0.49438022732027725,0.42031532667617594,0.22015375594994244,0.11880451378879509,0.16763821863469472,0.05640756094510036,0.348040853163343,0.435865373099857,0.20241357638931615,0.26483279394619613,0.24068911077620347,0.3367046608821245,0.0,0.12156551619499037,0.19509028538934764
0.2525930004620773,0.0,0.0,0.4921082525493792,0.557269274631711,0.0,0.39350942072261025,0.0,0.18470970099411946,0.28513684942611756,0.24932476220592914,0.22127561086355402,0.4089744305911927,0.0,0.0,0.4494060865772983,0.3948847084223868,0.31240405983347985,0.0,0.0,0.0,0.0,0.0,0.021525990553420502,0.21806221260480613,0.03766128212874157,0.0,0.4732720722472882,0.0,0.0,0.4945232802888995,0.5088678181371293,0.2554265476998215,0.35987711989205123,0.4533015487811808,0.22772864215052022,0.31244015347016596,0.0,0.4163687604615454,0.16128167249253614,0.043824907363564376,0.17467866058952736,0.17712833946757783,0.4328024072730268,0.0,0.22313715653274957,0.0,0.22181719105068595,0.513074495798978,0.4089383528182656,0.11931572603548021,0.48094048894861907,0.1305422427425924,0.11266570521178268,0.5442085837531497,0.38390733078931333,0.23618629398904678,0.4007344921427847,0.616320039580687,0.10787373590837424,0.2768520794791026,0.5621658064430173,0.37015008694155505,0.010694906715088813,0.039267689276503696,0.0,0.01464727545787559,0.0,0.17015258911511308,0.04343869257669809,0.0,0.0,0.42769654429220433,0.0,0.06254360530068347,0.30679859992323083
0.3620541356043654,0.0,0.3610673360863114,0.0,0.08474912972795985,0.4045875461588403,0.0,0.37899712998606777,0.13076477510571052,0.0,0.044080504270213504,0.0,0.12252670857809524,0.0,0.0,0.311959491558802,0.2078749187368636,0.28302285175563596,0.09814015803074658,0.5399987543975802,0.6308084405930079,0.2400058667094836,0.5475413481306334,0.07666809896931871,0.11705845791268456,0.19119343279095227,0.4920327877379166,0.0,0.6296093677580336,0.149888680877337,0.2508711255768511,0.0,0.24244596124438808,0.284005825211175,0.14117041863773877,0.0,0.0,0.0,0.0,0.28523709259118735,0.0,0.050022186371382844,0.0,0.0,0.0,0.49994933387566176,0.3206198484604772,0.0,0.17970560163378968,0.0,0.26442929903545226,0.39657721931136153,0.098229991818758,0.10965889490687476,0.0361944979707335,0.0,0.0,0.33920555699905985,0.0,0.6739358305230118,0.42520177646542057,0.0,0.1026389793117125,0.0,0.5721322566722727,0.469175127881203,0.5721113160617771,0.1819090817927656,0.0,0.30269084292896903,0.26621749671088785,0.43091205187964216,0.0,0.18758517501628794,0.0,0.0
0.7370677397559837,0.011179106160725885,0.0,0.28779725027534175,0.18348295127538347,0.06865303441205511,0.0,0.0,0.005207405437206944,0.0,0.0,0.0,0.36879613000312156,0.4494060865772983,0.311959491558802,0.0,0.41605134131939275,0.8037380458614906,0.1331235529392476,0.09644545528140663,0.038257962925362606,0.0,0.0,0.11674732003033675,0.23747701921505918,0.20803894953569646,0.0028091903708929366,0.18868300945296781,0.19889363194031762,0.0,0.7178609393150287,0.25027347117218895,0.5948974310849687,0.6913755154211808,0.5131608930326836,0.08796909022764475,0.0,0.0,0.0,0.2600211411375776,0.0,0.33667581609688246,0.0,0.0,0.12956506724680297,0.5884538102185258,0.0,0.07830003666217969,0.32755148556528413,0.0,0.18975145645724317,0.3181362209771365,0.0,0.0,0.26469510091816856,0.0,0.0,0.271116111541474,0.12752473484299448,0.4697361571984185,0.4643605287347106,0.37403353367021336,0.4122572062216648,0.0,0.203565398407181,0.0,0.2258307382086296,0.0,0.0,0.1687677892250833,0.0,0.2563963684815491,0.028477733062043563,0.0,0.0,0.07361116963608719
0.41925094683248676,0.0,0.48813771951172874,0.047121791247449474,0.5476232169097116,0.5431249396909985,0.2597501252768039,0.3576157656079776,0.6489159472818029,0.507510215656062,0.563199599360589,0.27490011544866594,0.5487376483886022,0.3948847084223868,0.2078749187368636,0.41605134131939275,0.0,0.7170420717424244,0.44236244394927365,0.4810760954804375,0.2877567832762618,0.18890506208805938,0.3959238338379299,0.3621788965109443,0.691932183039053,0.5997821299601533,0.5102068494543368,0.6705981207836775,0.38557622928576024,0.26541578173292485,0.5277025680308604,0.0,0.07894632434939018,0.2579443856351692,0.11511564988360053,0.0,0.0,0.0,0.0,0.2466455906808132,0.0,0.15752844080867318,0.10411118897538758,0.0,0.04101370283360418,0.4771639728325124,0.19342492811766224,0.37482671939278994,0.1769262060454145,0.19945489817318326,0.5441869088562481,0.4773189836184678,0.363924145414612,0.20940993705667638,0.7552879653699494,0.24768369583377206,0.3439110719197322,0.5964963459043489,0.12296532260588172,0.2346105615794408,0.5159011224681027,0.6270467844664127,0.6783149025087131,0.3830879909358243,0.1398331927062706,0.25587343709441657,0.018732664265312393,0.299248973885577,0.5352439912091099,0.5115058894549563,0.3674571039076878,0.416798330066092,0.3942409666086512,0.0,0.0,0.0
0.6954217420855761,0.0009357464223825796,0.24176114217985875,0.23389066466222985,0.2858574639366822,0.39975204373384743,0.0,0.07788029135101449,0.3707270915160049,0.020441766566219086,0.11295084882668459,0.03349675149286387,0.5242223847429937,0.31240405983347985,0.28302285175563596,0.8037380458614906,0.7170420717424244,0.0,0.4839294387874155,0.29437708542892665,0.08260735626406084,0.0,0.20602716221142361,0.39876800070934204,0.5571457837526108,0.5226080696894883,0.2715521460020186,0.4057424760886765,0.2921549670026666,0.015696108672725216,0.648794655125051,0.0,0.4565961845581544,0.5668562307863616,0.3325092083358234,0.0,0.0,0.0,0.0,0.24763759571770447,0.0,0.27070396059060436,0.0,0.0,0.12356457479739681,0.613902387475123,0.038653392178006486,0.3078650164195795,0.23226313486538858,0.0,0.3952791126885486,0.3086967563631103,0.0,0.0,0.4522263852176017,0.050999156878679085,0.203386136704386,0.3727510068423689,0.0,0.4024820084265891,0.5080197684521425,0.4784785740750324,0.6370610013273793,0.09315127968422231,0.04587600944487321,0.0,0.032732119789444895,0.10984235095471193,0.30794447091819344,0.4385000567424106,0.23087903644846944,0.36789017126368206,0.14660949344245536,0.0,0.0,0.009504281976099668
0.34573140846094524,0.0011860617297466496,0.733181647382979,0.0,0.07401197343453819,0.6045680024840061,0.0,0.3484053549874891,0.5517242858228687,0.2532427066222024,0.2445995810644362,0.2810640270567554,0.4044070954953536,0.0,0.09814015803074658,0.1331235529392476,0.44236244394927365,0.4839294387874155,0.0,0.32852298270222813,0.09049181048248743,0.0,0.5764628267409515,0.4760788923602561,0.5060681946441541,0.563829908598197,0.540774132122226,0.24731524691541318,0.13379356407806248,0.03925930801788818,0.03544887750307885,0.0,0.0,0.0,0.0,0.0,0.0,0.3513957386286402,0.0,0.0,0.21810371940297196,0.22385218743739516,0.0,0.0,0.2798109974991841,0.3261494436032743,0.27866759036392785,0.6997146646269603,0.0,0.0,0.6042167049506741,0.0,0.33087327417789797,0.0,0.30059171387025746,0.061715788429649004,0.37100287516650604,0.0,0.0,0.17234905585534774,0.0975744709840842,0.19220567437158903,0.39320781972547536,0.6445082323355641,0.0,0.12337777585869744,0.0,0.6409267086783906,0.4669898335570203,0.40486763416319577,0.3732096923593135,0.5551702223777997,0.02181754257295874,0.05469264085333122,0.04801261854645146,0.166448488263726
0.213228496040126,0.11428032869468624,0.7042609791521712,0.0,0.3437119328990393,0.7012277975025306,0.18826657110940626,0.6166186360738135,0.5681413002832516,0.16218250573318493,0.5465636083323653,0.009499419410290444,0.2789587956937932,0.0,0.5399987543975802,0.09644545528140663,0.4810760954804375,0.29437708542892665,0.32852298270222813,0.0,0.7338945690427855,0.5336082849245539,0.6914885111023692,0.2819950632449493,0.37533037061562413,0.5050098492283907,0.8205976467235611,0.2913991372985047,0.7764691221164142,0.5885237011949369,0.12967597665532235,0.0,0.0,0.020177837438080996,0.0,0.0,0.0,0.14366928708716517,0.0,0.2181122915268776,0.0,0.0,0.0,0.0,0.0,0.3819418730106602,0.5031039066316819,0.2208578068660873,0.0,0.05727733703532877,0.4386598607928055,0.24611163755831383,0.4635075728006379,0.31742367570770197,0.18494504870285686,0.01155132515828689,0.0,0.37148390957525684,0.0,0.3403535754801092,0.32582794210900906,0.0,0.21118158761873074,0.30546651235778144,0.46258148478397926,0.6663504216648207,0.33475818996029066,0.4020255648009275,0.2564809568394739,0.4008043318351385,0.5268281278296512,0.515705225380576,0.03596816507433971,0.2156759192613126,0.0,0.0
0.15014574781072607,0.0,0.41858148293599823,0.0,0.24683805500141562,0.49510476331755887,0.24279762362394872,0.47714996195220044,0.1909045084643385,0.0,0.26471050668547336,0.0,0.18199758992577614,0.0,0.6308084405930079,0.038257962925362606,0.2877567832762618,0.08260735626406084,0.09049181048248743,0.7338945690427855,0.0,0.3666600075775601,0.6163966563315639,0.0,0.1323417977713416,0.22713070288444318,0.7002027198064906,0.19073272860602106,0.7824734604035601,0.3950055332795928,0.18996893316334518,0.0,0.0,0.08827037126939351,0.0,0.0,0.0,0.058009667270541215,0.0,0.27516353927648185,0.0,0.0,0.052999328931444385,0.0,0.0,0.5100485877926706,0.6094418064889863,0.0,0.041028996654377314,0.0,0.21576372680370687,0.2974112261302585,0.2765456437275538,0.05974298900889257,0.08163489305438905,0.0,0.0,0.3348019359939091,0.0,0.5818113532620195,0.29506697666516896,0.0,0.024843027556055552,0.0,0.6082074038083132,0.9526958668202806,0.5850432460999729,0.3076319922717642,0.0,0.29200522922748706,0.3562759494440689,0.5472675281665393,0.0,0.3659990818676333,0.0,0.0
0.0,0.2982629694961704,0.47038187253880437,0.0,0.4808565849536085,0.3406905374668113,0.6158859173158163,0.5527826341880989,0.4773437224691059,0.4982339636408814,0.6719111034230667,0.31406783649244846,0.200562375248024,0.0,0.2400058667094836,0.0,0.18890506208805938,0.0,0.0,0.5336082849245539,0.3666600075775601,0.0,0.3360249790409115,0.1998216418187011,0.2937054959174289,0.262931351560471,0.4141045392725462,0.29975414611282586,0.4442874039622873,0.7385392463737219,0.0,0.0,0.0,0.0,0.0,0.0,0.0,0.23767242631235827,0.2708085990794213,0.3112864759403587,0.021870176485782763,0.0,0.18059734550984516,0.010247232997808685,0.0,0.0,0.3605521976238002,0.26360007932132495,0.0,0.5114221507804406,0.22871829871373336,0.2813964461171674,0.6254648904256049,0.6163046968719433,0.141067777637888,0.29563127578374104,0.1292655678362003,0.3547604741706046,0.19816927857362776,0.0,0.08415721298513688,0.0,0.14602442052450332,0.3845286125285656,0.17109721661366073,0.44491276803546065,0.16559232410482647,0.3288441384056383,0.33838926069420594,0.11660329763947812,0.45538473190405715,0.0,0.2714847611104103,0.43379309209513495,0.3517892364734516,0.0
0.22126642851044842,0.060038198091283516,0.82477160298613,0.0,0.1299427752918064,0.866927606952337,0.01861249508795705,0.7023118036775988,0.5339117211202923,0.23326996683475248,0.35133253807045933,0.2140098141197736,0.3319255409527265,0.0,0.5475413481306334,0.0,0.3959238338379299,0.20602716221142361,0.5764628267409515,0.6914885111023692,0.6163966563315639,0.3360249790409115,0.0,0.3942334300747201,0.47364260180967527,0.6229827651718886,0.8323631409683003,0.1497110294718247,0.5360913450161521,0.2923855957800335,0.0,0.0,0.0,0.0,0.0,0.0,0.0,0.32384483391709623,0.0,0.13961386891597385,0.0,0.0869031677841137,0.0,0.0,0.005171528022564325,0.39572065021111635,0.610598989693464,0.41614306436930454,0.0,0.0,0.6746883863909984,0.04883364745022125,0.578599937610501,0.13191286316531714,0.19619405921169325,0.0,0.23951777598458684,0.21707480970837195,0.0,0.30531335219969724,0.19677911630402914,0.0,0.19092611780791294,0.4789961428646579,0.277557341374977,0.5692369284449986,0.19310471432420434,0.7732527957504431,0.3739980172814178,0.4863602454648769,0.6267000812716359,0.6364581547854122,0.0,0.24977823732412793,0.0,0.0
0.16851342319010582,0.15202903320365313,0.486820622903525,0.0,0.0,0.5064995714271521,0.0,0.4170071033670107,0.4437731563626707,0.4121181157592131,0.16267367953666992,0.6367816725255173,0.4887015762730291,0.021525990553420502,0.07666809896931871,0.11674732003033675,0.3621788965109443,0.39876800070934204,0.4760788923602561,0.2819950632449493,0.0,0.1998216418187011,0.3942334300747201,0.0,0.49585777438919026,0.7171982514803023,0.276060400697415,0.13233418139284797,0.0,0.10923262306368813,0.0,0.0,0.11125605570368535,0.0,0.0,0.0,0.0,0.4625101188242287,0.0,0.14239671914370797,0.2256601988266425,0.11466537711757499,0.0,0.016254218615757786,0.3184210518953846,0.01254482888135699,0.20043403675756244,0.47222201667028496,0.0,0.0,0.4721498521102722,0.02945165207122127,0.38572096629322955,0.2573022431068915,0.40120718579447934,0.0,0.6940885062067428,0.21935588179223267,0.0,0.0,0.13422512402816753,0.4112898794958644,0.40455291941470917,0.4337245390396282,0.0,0.0,0.0,0.303613965501304,0.8483997247760998,0.4168397563384099,0.5710584666856023,0.18547484229952266,0.1595009292815693,0.0,0.24009291680105296,0.26107460172225255
0.39899948483494607,0.15594018705470356,0.48433988788813237,0.0,0.3266513973233218,0.6085790534008781,0.19216636149578356,0.18258835896942935,0.6209901517388694,0.5753846316846685,0.3428049545560297,0.36284024417143823,0.4312892865936561,0.21806221260480613,0.11705845791268456,0.23747701921505918,0.691932183039053,0.5571457837526108,0.5060681946441541,0.37533037061562413,0.1323417977713416,0.2937054959174289,0.47364260180967527,0.49585777438919026,0.0,0.8153929335065812,0.6296616978446642,0.4235816834998279,0.1950975450987072,0.14102537752461414,0.10318975991806836,0.0,0.0,0.0,0.0,0.0,0.0,0.11021983946118279,0.0,0.004739018283860163,0.013539879992990299,0.13195865512156896,0.0,0.0,0.05166067658300482,0.4703825087804734,0.5549044205939163,0.4963433128050301,0.0,0.0,0.622420556035091,0.23006256937390124,0.32575107998663966,0.0875833880779274,0.6530494486482011,0.08173345078570449,0.4337857737033465,0.23494043931152875,0.0,0.0472204649062691,0.39815419193912244,0.49919397116454667,0.6170990703294543,0.3932798259298173,0.005668404662138098,0.21030240404700254,0.0,0.5515379898168989,0.6722004704721666,0.7854523036084862,0.7215185377296557,0.5525724013916844,0.1678626844259176,0.14614119304491485,0.08063041657704373,0.13340319048447988
0.39356601154191173,0.3743013560551736,0.5949439770716558,0.0,0.07279405483657897,0.7456233016292741,0.0,0.3183256386472281,0.5700017341566628,0.475469501178084,0.20630441783717096,0.47650226936560963,0.49709430727044224,0.03766128212874157,0.19119343279095227,0.20803894953569646,0.5997821299601533,0.5226080696894883,0.563829908598197,0.5050098492283907,0.22713070288444318,0.262931351560471,0.6229827651718886,0.7171982514803023,0.8153929335065812,0.0,0.6517451823671275,0.24190899336402183,0.20308738603378435,0.1252169233087931,0.0,0.0,0.0,0.0,0.0,0.0,0.0,0.3027430796463803,0.0,0.033895247758935994,0.0,0.06072973138307495,0.0,0.0,0.1185147439275114,0.3782650803697163,0.5791241117671554,0.44838768414922664,0.0,0.0,0.6600989175183413,0.06140348976895531,0.33499361302096353,0.045042069118129816,0.4700423002246067,0.0,0.5545578204029077,0.16552772745383607,0.0,0.11397102951353356,0.32609141304182004,0.3489352126473816,0.49719853235544437,0.40761975804178624,0.0878083194972287,0.22642085235292522,0.0,0.5628291882720996,0.7079459160143211,0.7119079638879974,0.820881817833198,0.6253172044868135,0.04783690444947238,0.05100612208127861,0.07617959539266721,0.04242134945350478
0.2748035930166612,0.0,0.8062387790603595,0.0,0.24979589117568332,0.8497773830140367,0.05682016781916087,0.43103163327058897,0.7031020242768905,0.27710429901299843,0.4325322539108843,0.06136881520874328,0.23090702281119113,0.0,0.4920327877379166,0.0028091903708929366,0.5102068494543368,0.2715521460020186,0.540774132122226,0.8205976467235611,0.7002027198064906,0.4141045392725462,0.8323631409683003,0.276060400697415,0.6296616978446642,0.6517451823671275,0.0,0.24685285854382466,0.6751329045660366,0.32772583197270483,0.0,0.0,0.0,0.0,0.0,0.0,0.0,0.20579040326281567,0.0,0.04834836491952113,0.0,0.02945902326207486,0.0,0.0,0.0,0.509555157223762,0.757665013939671,0.3968954514490458,0.0,0.0,0.6528355803422888,0.15460568698542312,0.4081529967788985,0.19845891000346097,0.3124674735080313,0.0,0.09793955311531899,0.23358707968138162,0.0,0.36469582294300806,0.3968598750324881,0.0,0.32881501729274465,0.45270205889160375,0.35652356622790143,0.713578993693457,0.3079956812753561,0.6891295218115935,0.38524453251997154,0.7093373875353945,0.7595798539142038,0.820062916376459,0.0,0.3894413088360421,0.0,0.0
0.20684917668261352,0.08888746641720746,0.2513064483422001,0.26415747681623303,0.7686085603221843,0.2693230825006616,0.587567193195509,0.2748262261135871,0.5215847930983014,0.5085694033781085,0.6211016358120094,0.31911913696766586,0.6233408851440234,0.4732720722472882,0.0,0.18868300945296781,0.6705981207836775,0.4057424760886765,0.24731524691541318,0.2913991372985047,0.19073272860602106,0.29975414611282586,0.1497110294718247,0.13233418139284797,0.4235816834998279,0.24190899336402183,0.24685285854382466,0.0,0.2565431811486274,0.5836624564024802,0.4482916121655556,0.1371889000775991,0.014526640114000284,0.13220394977190567,0.05574710566342397,0.0,0.031657942273256315,0.011993718469782089,0.29217089357099535,0.2813427962548951,0.06301568075305766,0.09000136902453075,0.48999254423295446,0.14090576091994284,0.005633230962834238,0.31614411374217366,0.06030711788916455,0.3855856566841883,0.2882737370253649,0.45463332694985525,0.2901489360570121,0.3905787823939596,0.4566289409055245,0.24579653258101056,0.5945426388690801,0.5414971814066134,0.28494300629457464,0.5024484073378792,0.4131709824678254,0.0,0.18238977965469058,0.44546632139641623,0.4921543294339309,0.330201274682976,0.01460692274476966,0.2899471550459455,0.0,0.21870082464404328,0.3483668426410833,0.15019217949955563,0.1507677391293561,0.07994391829263492,0.6392560193980663,0.0,0.22210033796993955,0.11744610365898961
0.35241999658156525,0.0020815226745306285,0.47285048239661415,0.0,0.39382297294180757,0.6266595925300413,0.19907446162542508,0.42931226765443437,0.3906831254774929,0.0,0.3981811563986367,0.0,0.15518809439121733,0.0,0.6296093677580336,0.19889363194031762,0.38557622928576024,0.2921549670026666,0.13379356407806248,0.7764691221164142,0.7824734604035601,0.4442874039622873,0.5360913450161521,0.0,0.1950975450987072,0.20308738603378435,0.6751329045660366,0.2565431811486274,0.0,0.541160300440501,0.3868624737593723,0.0,0.12264569956788564,0.30724643741284263,0.08168640288505381,0.0,0.0,0.0,0.0,0.3572678238080869,0.0,0.0,0.05149177800571924,0.0,0.0,0.5138024462835867,0.3593720131086749,0.0,0.1327411907664336,0.10550240438938382,0.36959614268124447,0.455516869503201,0.24412652671966034,0.2887179289781673,0.10025221431616531,0.0,0.0,0.4297196961733579,0.0,0.5033891538014063,0.4757216642493306,0.0,0.1708378424865084,0.07765924679186309,0.49449112369487325,0.7047429672680287,0.4550015689862017,0.20304126806315828,0.0,0.31076662576041264,0.29932075353144333,0.44255935932930673,0.00044240003268620175,0.22075422109470216,0.0,0.0
0.0,0.28608711466771436,0.38708146174484387,0.0,0.5872205098701129,0.3516805291943343,0.5632853818914545,0.4946318434028679,0.43293452548993117,0.35115039980098517,0.6529747453237745,0.17645106916925515,0.3500839975328813,0.0,0.149888680877337,0.0,0.26541578173292485,0.015696108672725216,0.03925930801788818,0.5885237011949369,0.3950055332795928,0.7385392463737219,0.2923855957800335,0.10923262306368813,0.14102537752461414,0.1252169233087931,0.32772583197270483,0.5836624564024802,0.541160300440501,0.0,0.08139721014624801,0.10028323861591096,0.0,0.0,0.0,0.0,0.0,0.15466782016196598,0.34812756830986225,0.40108727492769536,0.0,0.0,0.4649586954666322,0.031264226258717186,0.0,0.026322181429069634,0.19776357069539277,0.2444686473839147,0.04770918640200464,0.5020614139216895,0.22053348492641345,0.3413865462035518,0.559915957621691,0.5297153344609795,0.2007147980693263,0.35270611078052205,0.03471758858396366,0.5029230046788451,0.2565341896289945,0.0,0.137473724783275,0.038539565836068226,0.2221825148220335,0.3139724272632449,0.30205944346780533,0.466118728639736,0.19222802854687532,0.20012149935904933,0.1803190112092869,0.014263269725543978,0.22765949671562824,0.0,0.5017980572706847,0.26625845467570153,0.3710678690905781,0.0
0.6343297661953041,0.0,0.0,0.4806143874949767,0.40864180728014743,0.02781649320259105,0.1160503303496117,0.006056576920710942,0.06505676739639542,0.0,0.11873890373548923,0.0,0.3393946612160405,0.4945232802888995,0.2508711255768511,0.7178609393150287,0.5277025680308604,0.648794655125051,0.03544887750307885,0.12967597665532235,0.18996893316334518,0.0,0.0,0.0,0.10318975991806836,0.0,0.0,0.4482916121655556,0.3868624737593723,0.08139721014624801,0.0,0.448068236077861,0.6917550745075497,0.8643249103445327,0.7065346559682082,0.05877473553115366,0.0,0.0,0.22053315803781098,0.371530911990494,0.0,0.2412301631193287,0.18151037297535388,0.0,0.0,0.569820930471984,0.0,0.0,0.6179758644593759,0.2003819190148079,0.0968170887001634,0.5805380940740448,0.0,0.0,0.38033885228731323,0.1851685116713745,0.0,0.48758750286003777,0.293812518866033,0.4673757439393153,0.514739902702897,0.38120178909456853,0.39563487126073066,0.0,0.18705703824768766,0.07877429058495987,0.16132612551071313,0.0,0.0,0.08941609386849403,0.0,0.1048154991936159,0.24748459784162663,0.0,0.0,0.0
0.0,0.1281405459838544,0.0,0.347334108633633,0.2822550832328446,0.0,0.38033183712870905,0.0,0.0,0.0,0.07998974978133619,0.0,0.12361566077222667,0.5088678181371293,0.0,0.25027347117218895,0.0,0.0,0.0,0.0,0.0,0.0,0.0,0.0,0.0,0.0,0.0,0.1371889000775991,0.0,0.10028323861591096,0.448068236077861,0.0,0.4601231991555076,0.44272418319015105,0.44921952308156493,0.433630058485445,0.5282582901219278,0.0,0.868825203865309,0.371287295217786,0.03706557928115677,0.0,0.46085410360522483,0.6043696014697311,0.0,0.0,0.0,0.0,0.4458328621899728,0.5197962563905493,0.0,0.3238843683039854,0.0,0.2322994871226434,0.032738132059020354,0.42965249214935225,0.0,0.26928299213790474,0.6952421128987616,0.0,0.0,0.19906876867469478,0.0,0.0,0.0,0.0,0.0,0.0,0.0,0.0,0.0,0.0,0.26708443796886616,0.0,0.05932932268315486,0.19095963000763444
0.46613585132694735,0.023937298154899457,0.0,0.4497423438995234,0.0,0.0,0.0,0.002596217580281312,0.0,0.0,0.0,0.0,0.22591020303144377,0.2554265476998215,0.24244596124438808,0.5948974310849687,0.07894632434939018,0.4565961845581544,0.0,0.0,0.0,0.0,0.0,0.11125605570368535,0.0,0.0,0.0,0.014526640114000284,0.12264569956788564,0.0,0.6917550745075497,0.4601231991555076,0.0,0.7988801835599053,0.6940883151672897,0.36779464486504587,0.19367079683965355,0.0,0.23964419939524487,0.5176768166465859,0.0,0.14572406187113668,0.0,0.0,0.16050576821551307,0.2436802788834044,0.0,0.0,0.5646913603470599,0.04047130379754511,0.0,0.33251586702631253,0.0,0.0,0.04873108332104609,0.013147455623980312,0.0,0.2910156989074469,0.20824955655278107,0.2769377759098849,0.21618945633364212,0.17001873931404407,0.07623487268466574,0.0,0.016176744296154386,0.0,0.019502151178727795,0.0,0.0,0.0,0.0,0.0,0.014474901626265961,0.0,0.0,0.0
0.5528826688899727,0.0,0.0,0.4978573532256008,0.1451494546220425,0.0,0.0,0.0,0.0,0.0,0.0,0.0,0.18796097370847015,0.35987711989205123,0.284005825211175,0.6913755154211808,0.2579443856351692,0.5668562307863616,0.0,0.020177837438080996,0.08827037126939351,0.0,0.0,0.0,0.0,0.0,0.0,0.13220394977190567,0.30724643741284263,0.0,0.8643249103445327,0.44272418319015105,0.7988801835599053,0.0,0.7917174977880098,0.1900490356909816,0.04282910566845702,0.0,0.1770795160192343,0.3653069266158103,0.0,0.19926564185386872,0.02013339848751083,0.0,0.0070660021990483985,0.43482355495891156,0.0,0.0,0.5872899964179769,0.09731896227918672,0.004624440671903777,0.46710197568432427,0.0,0.0,0.15796531637267316,0.0386120121391716,0.0,0.37592259407883727,0.14467494823793695,0.5042962342627848,0.4065880314280674,0.21726341208841765,0.1831955349444726,0.0,0.15585064129907414,0.0,0.14673058380382648,0.0,0.0,0.004532977413964359,0.0,0.03899384316315759,0.05708373659320766,0.0,0.0,0.0
0.4170968362518115,0.0,0.0,0.6032760693189645,0.06369230023990619,0.0,0.0,0.0,0.0,0.0,0.0,0.0,0.09721353195396978,0.4533015487811808,0.14117041863773877,0.5131608930326836,0.11511564988360053,0.3325092083358234,0.0,0.0,0.0,0.0,0.0,0.0,0.0,0.0,0.0,0.05574710566342397,0.08168640288505381,0.0,0.7065346559682082,0.44921952308156493,0.6940883151672897,0.7917174977880098,0.0,0.3019685202234236,0.24680638163845772,0.0,0.15073949936575584,0.22957365036189192,0.0,0.30477561732443387,0.005215509839818069,0.0,0.0,0.304622676125507,0.0,0.0,0.5994282239209742,0.048768066950045846,0.0,0.33619723171859234,0.0,0.0,0.06464143406299933,0.0,0.0,0.1873288598066963,0.2206352591122357,0.37222348128978433,0.24110513186238286,0.19498404093155994,0.0777241674828729,0.0,0.04148523708401358,0.0,0.05842789557227892,0.0,0.0,0.0,0.0,0.0,0.0,0.0,0.0,0.0
