0.0,0.6276347897291668,0.15333370383835973,0.0,0.013192027732134532,0.01315182133893155,0.0,0.0,0.021175613520723828,0.5450382746719717,0.22010442666275193,0.0,0.04549608154146804,0.0,0.6345392175604776,0.7007391439453956,0.0,0.5469175292911237,0.1418146478207884,0.4668035615834606,0.8215265076875515,0.4789851383654968,0.3898649808649404,0.0,0.6164109609206798,0.0,0.2394673041213933,0.5011556548074332,0.6434348262194343,0.7997056051881376,0.6229989475881758,0.2184052461001228,0.0,0.06048786411306249,0.0,0.008807875147473622,0.0,0.3737051517829746,0.0,0.0,0.0,0.0,0.0,0.0,0.09162514990626996,0.9380530196652496,0.06804697423974543,0.17027835870529617,0.2644256748911434,0.0,0.4954822964477891,0.0,0.0,0.08238701787197834,0.4692626118035349,0.13872439698180064,0.0,0.0,0.0,0.7831098450808094,0.3382952110274211,0.17430381183966875,0.23904789196802784,0.2633027196845548,0.6032105511956781,0.7930336783735668,0.0,0.6272764933066111,0.0,0.30993058342968255,0.0,0.7584888951481683,0.0,0.7866123827116522,0.0,0.0
0.6276347897291668,0.0,0.0,0.0,0.0,0.3327107641556325,0.0,0.0230402888580764,0.0,0.35905438256033056,0.09612815377340188,0.0,0.14455008274679987,0.0,0.4306356888742943,0.6144590088196829,0.0770445039524754,0.5785984178119536,0.02642444299582868,0.3090668574046713,0.3871356977321183,0.4446752777713173,0.29475833362788023,0.0,0.6496463884712721,0.21988673480801413,0.24888141121758617,0.14754433002400744,0.5213727978359808,0.38165821708661946,0.14495757713250312,0.1278274941598801,0.0,0.07721950278286291,0.0,0.0,0.0,0.33310828469658127,0.0,0.0,0.0,0.0,0.0,0.0,0.055411004030180115,0.5315031930968773,0.1511678773841377,0.06220493084129181,0.03932394273841402,0.0,0.6474343895079837,0.0,0.042461869954029265,0.027710435788850667,0.2310913487326461,0.03572311800145094,0.0,0.0,0.0,0.5907242620611531,0.010579925123300932,0.18211232979817168,0.0186438152070744,0.07546909031049223,0.4090384079806402,0.29590581883407296,0.0,0.5432400196158579,0.0,0.10959284842003682,0.0,0.6844293473546792,0.0,0.4578668538002858,0.0,0.0
0.15333370383835973,0.0,0.0,0.0,0.659441714379359,0.10902375437120074,0.27808325623503766,0.0,0.8863508607891757,0.19479422752360961,0.9210175542619071,0.0,0.26143792247486103,0.0,0.26208374249841077,0.14097713790682578,0.0,0.20969699110200424,0.8740935297279799,0.5608237508041183,0.14628408388050032,0.3475535845175503,0.0,0.0,0.15528180372865533,0.0,0.6384769210659732,0.37256318838714486,0.35676130424584135,0.07246061160438422,0.19762767727411013,0.0,0.0,0.0,0.0,0.12254467796734662,0.25057068900657675,0.182653016032875,0.0,0.0,0.0,0.0,0.0,0.28515202947419094,0.30964972452608336,0.12093215983917788,0.0,0.9293790169981314,0.0,0.3837168146183697,0.011584025406624737,0.0,0.0,0.8645406451378518,0.294229551860453,0.9084767055815824,0.0,0.0,0.0,0.24462651843762726,0.16693838490292962,0.0,0.10219782583661419,0.7478898001915936,0.6382250438203618,0.1815293222930435,0.41629987243803857,0.011821124706358025,0.0,0.26778844891746056,0.0,0.38550882013660537,0.25368470695489087,0.23038956215118506,0.0,0.03746761397406844
0.0,0.0,0.0,0.0,0.0,0.05998209421006003,0.0,0.22447042062416453,0.0,0.033767871527354644,0.0,0.27683836105380516,0.04327589189492174,0.40551183770815113,0.0,0.0,0.3566905523721739,0.0,0.0,0.0,0.01370051515752812,0.0,0.18382395169710825,0.31491139658903083,0.0,0.18547824020984735,0.0,0.1793494222339935,0.0,0.09058239703741507,0.03350714446412085,0.20398209690807706,0.14474696803797188,0.11333660796758845,0.20159681325759696,0.21651628792928843,0.10421530581068825,0.0,0.34246086954642696,0.40046458645184263,0.29854607156946217,0.2060705012667441,0.3752695114408181,0.15394361992184746,0.0,0.0,0.28662197183983584,0.0,0.1751442611547857,0.0,0.0,0.38641913762606384,0.11257189418505653,0.0,0.0,0.0,0.24779107197821212,0.4120307175751897,0.22667571242644846,0.0,0.05151315365851912,0.1183571591775744,0.06852652912667068,0.0,0.0,0.0,0.0725410080342743,0.004256834809275456,0.23792416844992856,0.0,0.38229966418834976,0.0,0.36633959471814004,0.0,0.20523105252638543,0.3943110816304219
0.013192027732134532,0.0,0.659441714379359,0.0,0.0,0.21524033052086033,0.5243676326402636,0.07737100435719034,0.6174631740265136,0.21853534562067314,0.5646708019979849,0.05038989169131295,0.40296860744637514,0.0,0.2716858941679046,0.0,0.1597805088624721,0.18148317582651646,0.47795274544902705,0.3906764291453986,0.17969062374471717,0.13479253790999654,0.13394332875029757,0.23283677978458206,0.041654962441371894,0.0,0.52750769869395,0.3092071296801051,0.20470183256991561,0.08576131050936146,0.11487611025474444,0.0,0.0,0.0,0.0,0.06815741567309987,0.08580953618717696,0.09915656422856611,0.0,0.0,0.0,0.0,0.09077965158557451,0.27247321529320173,0.18904220437808553,0.01877011273502905,0.10282646537164748,0.6154542463254198,0.0,0.47551684071406575,0.033216618224767035,0.2145335252283995,0.230248442988195,0.6444565357922689,0.1667584638371572,0.6354417112033413,0.10374170165304342,0.12370965194972078,0.043130092550299294,0.14505703540709355,0.11032513076221141,0.06716049849847457,0.16032125754778706,0.4754643373598424,0.33516162533620036,0.23446490638797696,0.3134567691448641,0.042383792979168416,0.1817036377256497,0.14173870770647348,0.0,0.12804936127330516,0.31380304544317156,0.050296229612784606,0.1343427402633071,0.13340909716797494
0.01315182133893155,0.3327107641556325,0.10902375437120074,0.05998209421006003,0.21524033052086033,0.0,0.07542781451864079,0.7863669164269442,0.1370095183670821,0.019602864781167795,0.07363149009028239,0.6480171983291994,0.7468145199872464,0.05464508421558268,0.22683774690549904,0.0,0.3494678476805048,0.15415044513553375,0.07527892579078127,0.1656444973188032,0.1351694092311469,0.07028419262388372,0.7331210275705508,0.5780864325251494,0.005191782219568994,0.4924038968828683,0.29069616421709044,0.1556417391923653,0.094037361416768,0.07854031795967095,0.0,0.0630582562091061,0.22195141426856652,0.03387818911480759,0.0,0.21274033387097363,0.1077410355069959,0.06453116508603719,0.09614115301985729,0.22729669469817934,0.04362798309627768,0.0,0.11826695307953584,0.10917088461257368,0.11301788915177802,0.05091830133435277,0.318481298455343,0.08133455638966396,0.024949738998632672,0.04663814123125932,0.6294054114141772,0.0,0.7606098833128395,0.13512726597665703,0.0,0.08507637515993309,0.6332349350363805,0.3236168401233126,0.0,0.17362539864160867,0.0,0.1688807333617727,0.0,0.11381891700684535,0.16970826447079954,0.0,0.03639496367776253,0.5540849658748556,0.4534111983954711,0.0,0.407759368571489,0.08142036698199967,0.241154963855715,0.0,0.16054409795049265,0.0
0.0,0.0,0.27808325623503766,0.0,0.5243676326402636,0.07542781451864079,0.0,0.0,0.20624343960721775,0.3126160761431521,0.12579925435929248,0.0,0.42389361244624696,0.17326096371668456,0.06042431359678555,0.06725895984620223,0.31636201273414427,0.35049460927464526,0.17418698469647204,0.21393283997299523,0.018732818826469117,0.15233183198145825,0.0,0.13120937723402998,0.2908124323416165,0.04119217270781867,0.4179165949595307,0.11474880177303406,0.32986964906364075,0.0,0.13173688757783458,0.0,0.07116707108113406,0.0,0.0,0.09258984210232651,0.0,0.08942805770538725,0.0,0.14428663384726137,0.12368526200952323,0.05744369341095211,0.11354825802513735,0.046480064618097755,0.1312539716310313,0.0,0.3893153901803695,0.3018297789169395,0.0,0.33246644134045217,0.0,0.31947034650030026,0.0,0.22301500860625265,0.17155266498853242,0.15936454343263823,0.03766593278646758,0.26019304700701007,0.14017757918309967,0.0,0.15788285065799773,0.3412971252302445,0.38806847515645887,0.1333545826420781,0.08914338623508206,0.1296084849478431,0.4709890316355892,0.0,0.14723280066288805,0.4295897432901359,0.06003449793973852,0.0,0.23836150938831932,0.00597190511944736,0.333715455538148,0.25845317299692844
0.0,0.0230402888580764,0.0,0.22447042062416453,0.07737100435719034,0.7863669164269442,0.0,0.0,0.0,0.0,0.0,0.6078327916950906,0.5117533787157488,0.28107537663534526,0.11975180379641587,0.0,0.376302100903958,0.0,0.0,0.018553083416725274,0.10245894839329744,0.0,0.7092743190644016,0.6770161702806866,0.0,0.5684405791418843,0.030658627939376598,0.040321428415926466,0.0,0.01761542309033041,0.0,0.21433790580644893,0.4007399246363867,0.08918615760353318,0.1820324178159116,0.24643692153237798,0.07744933233036899,0.0,0.4548241986790554,0.39312904649011127,0.1843542608370608,0.0,0.3920401870937737,0.2179423453474243,0.0,0.0,0.24002419294748797,0.0,0.07626535056708532,0.0,0.4777194555769968,0.07180343952909231,0.8573512096724899,0.0,0.0,0.0,0.599952974579488,0.4269092669527351,0.12239594710741948,0.04048248251887438,0.0,0.0,0.0,0.0,0.0,0.0,0.0,0.4276754704603598,0.5225491082369844,0.0,0.5648600379478078,0.0,0.36038154079609497,0.0,0.31934495779943767,0.04195727658950304
0.021175613520723828,0.0,0.8863508607891757,0.0,0.6174631740265136,0.1370095183670821,0.20624343960721775,0.0,0.0,0.0,0.8938624162588323,0.0,0.18662827253650366,0.0,0.22222290801627795,0.0,0.0,0.06775562389044076,0.7450316878225255,0.4611858814107747,0.06541637896950743,0.23776126225932734,0.0,0.0,0.10841809917004992,0.0,0.6421849653697667,0.10313412841983022,0.2938890717632164,0.005838311696041923,0.0,0.0,0.0,0.0,0.0,0.0,0.053018976036587694,0.05483178182166169,0.0,0.0,0.0,0.0,0.0,0.26594341521530734,0.2253034466839897,0.042561691334042834,0.0,0.8308162484325129,0.0,0.19865362436700934,0.07042315844114978,0.0,0.05693671550451508,0.9472349722102675,0.0535435727007505,0.8648806355077844,0.0,0.0,0.0,0.2098902281200923,0.0059313362886314995,0.0,0.0,0.5867579602747229,0.4718119930243628,0.041101704492086596,0.16414857566006605,0.0,0.0,0.12894925583277686,0.0,0.42799919826734306,0.1859204617763979,0.1795703058953502,0.0,0.0
0.5450382746719717,0.35905438256033056,0.19479422752360961,0.033767871527354644,0.21853534562067314,0.019602864781167795,0.3126160761431521,0.0,0.0,0.0,0.11475702225659952,0.1263904701026784,0.32622771863969474,0.0,0.253563124783097,0.5102074201746032,0.28142439225629967,0.688519252723859,0.17289534191507328,0.25407416310344116,0.5383614347262035,0.2540120815304848,0.19630401592751773,0.09388406572067517,0.5850545792902946,0.0,0.22592247317366615,0.5535334335894371,0.5338987769304406,0.4789832686168094,0.5388110351652238,0.015040504245364213,0.0,0.0,0.0,0.07258694489031371,0.16852609234140598,0.47624940353535417,0.0,0.0,0.0,0.0,0.0,0.0,0.35792604621557655,0.43706917322839306,0.3308753149841276,0.2357440703293649,0.17579778356007322,0.1493272490583279,0.16613840148351913,0.31559600825492495,0.0,0.05570251610859626,0.7823793158475967,0.1138851062786769,0.101442054745426,0.171820655262968,0.0,0.3808280504338103,0.46548488463197585,0.6745353113909651,0.5997541523353274,0.17620172067821852,0.3153675320417013,0.5482900747599255,0.13478249485453503,0.326225213696437,0.06245137729643484,0.6058071964256359,0.037065433978368846,0.32036283412007616,0.0100995484198464,0.5152404027599125,0.0,0.022822010523858353
0.22010442666275193,0.09612815377340188,0.9210175542619071,0.0,0.5646708019979849,0.07363149009028239,0.12579925435929248,0.0,0.8938624162588323,0.11475702225659952,0.0,0.0,0.13011887414926412,0.0,0.33128428866967974,0.15540462654946172,0.0,0.16527558794544517,0.8443106754919779,0.561746455597453,0.14057497714418124,0.36615308780913214,0.0,0.0,0.18150837943111364,0.0,0.6097075272138526,0.30263553074964256,0.3180044180248335,0.1322983206423168,0.1612309620462466,0.0,0.0,0.0,0.0,0.07000806171067492,0.18369049914747748,0.11516246412216069,0.0,0.0,0.0,0.0,0.0,0.3358658756919504,0.20883661664458797,0.1626878498843117,0.0,0.906815568075822,0.0,0.1928104577427112,0.11082372442900837,0.0,0.021767333800094858,0.8772066827367555,0.17367958355909566,0.9452571595464447,0.0,0.0,0.0,0.32643451551380903,0.0214528838258701,0.0,0.0,0.7159951680870528,0.6374863771759103,0.1306272564998023,0.26028379525897594,0.061831135092068785,0.0,0.16635519785076122,0.0,0.49194333783505106,0.18310250922473803,0.2608423436377423,0.0,0.0
0.0,0.0,0.0,0.27683836105380516,0.05038989169131295,0.6480171983291994,0.0,0.6078327916950906,0.0,0.1263904701026784,0.0,0.0,0.541328942389857,0.4156201236910172,0.0,0.0,0.3841675579106705,0.03377811061213975,0.0,0.0,0.0,0.0,0.35069879428006623,0.7091778265252062,0.0,0.5007657872185021,0.0,0.059337055487174106,0.0,0.0,0.0,0.0,0.028601526340130346,0.0,0.0,0.12917175116152782,0.38752104729534814,0.07513341407667208,0.08835804337954589,0.20095292272342366,0.1548302459568109,0.0,0.17466031499110055,0.0,0.18959584675732652,0.0,0.18096923270334814,0.0,0.10164326425095917,0.24424663412539988,0.09777885412761043,0.220224877345698,0.46788409196642616,0.0,0.10736759265171925,0.0,0.8696114023208443,0.21392591650084422,0.1489587819808833,0.0,0.0,0.32778553719630066,0.03435062963342739,0.0,0.0,0.0,0.0,0.14026273628556563,0.4848465329856474,0.0,0.4308498784087495,0.0,0.14010256236038168,0.0,0.17781066546662827,0.01767451585667538
0.04549608154146804,0.14455008274679987,0.26143792247486103,0.04327589189492174,0.40296860744637514,0.7468145199872464,0.42389361244624696,0.5117533787157488,0.18662827253650366,0.32622771863969474,0.13011887414926412,0.541328942389857,0.0,0.15983685409839302,0.11174166910056343,0.0,0.3853469090033823,0.3380843815237034,0.18743161391576513,0.23604289868639783,0.22217436639979024,0.05348906732666904,0.5622385075408798,0.5774311859490203,0.1574635387052133,0.37513092613452703,0.32113727147576066,0.44480302100743857,0.2670443684529752,0.14645784217456345,0.024387174678622073,0.0,0.05855213185484727,0.0,0.0,0.30959186441389014,0.2568345820342893,0.15043781590201777,0.0033010076289509654,0.15225038961991097,0.08155050579707351,0.0,0.21717734463796942,0.18374276419880675,0.28115466405199896,0.0813458819253688,0.46306603791169876,0.1560465194862622,0.09555290553418305,0.39188811855617,0.3859291311232715,0.315271663268271,0.5133390907644528,0.15765457413837938,0.29308976201413145,0.1552903931898834,0.5775049547251591,0.5179761697648113,0.15808861875731423,0.12621064505645777,0.1783320524428145,0.4790937915997023,0.35479057274237347,0.19045645453507837,0.25686910834669824,0.20391499133982094,0.2943460573315838,0.34957493985028454,0.5298424161674099,0.19901110345445772,0.5084743535799837,0.022827104917655074,0.45990071523309395,0.040792934540305296,0.2974035061367806,0.20472776890137195
0.0,0.0,0.0,0.40551183770815113,0.0,0.05464508421558268,0.17326096371668456,0.28107537663534526,0.0,0.0,0.0,0.4156201236910172,0.15983685409839302,0.0,0.0,0.0,0.2214056244691449,0.0,0.0,0.0,0.0,0.0,0.0,0.5031765649510729,0.0,0.3466316221026103,0.0,0.0,0.0,0.0,0.0,0.0,0.20844581884026478,0.0,0.2343664721572319,0.16659350218295524,0.152836305263729,0.0,0.4161988956186931,0.3941961824748485,0.4439119722704206,0.18922531057356864,0.42755887777905294,0.08719907729792467,0.0,0.0,0.1532542130607028,0.0,0.0,0.3438389974590997,0.0,0.36547437884762923,0.09456642755901196,0.0,0.0,0.0,0.4430739722116951,0.2933626399640067,0.5133695085889902,0.0,0.0,0.10451140857324134,0.054143969245243055,0.0,0.0,0.0,0.25611078242935237,0.0,0.466284356707609,0.0,0.4124630842598928,0.0,0.24319669791449255,0.0,0.5087290042479473,0.5849671597707017
0.6345392175604776,0.4306356888742943,0.26208374249841077,0.0,0.2716858941679046,0.22683774690549904,0.06042431359678555,0.11975180379641587,0.22222290801627795,0.253563124783097,0.33128428866967974,0.0,0.11174166910056343,0.0,0.0,0.4589892315339388,0.12939425359046475,0.4365964187357732,0.26995195500245167,0.7573998336716196,0.7024537436499495,0.7531980584706504,0.42422347220423234,0.0,0.4851096776427568,0.0,0.6688053710677956,0.4809041695291589,0.5975191686383593,0.7239678373355286,0.4159735554720791,0.2912636131250883,0.08178933547509148,0.2966571054707323,0.0,0.09079212181103004,0.0,0.12081299278296667,0.0,0.0,0.0,0.09575656083965396,0.01049942861728363,0.0502877855157675,0.0,0.687649659085414,0.2687083095436325,0.31606759777226984,0.15541421524699628,0.0,0.5273475946906989,0.0,0.23060172659533534,0.31184824655589516,0.022753306414566497,0.3051958826973119,0.0,0.0717952642283062,0.0,0.8632617986110949,0.23740636128613088,0.0,0.09211600086919358,0.39319831725861576,0.5636235160412281,0.6162577521802766,0.21637920377785286,0.5564798518318831,0.0,0.17767799334052206,0.0,0.7012006519274009,0.12681514259848817,0.49471684352607165,0.0,0.0
0.7007391439453956,0.6144590088196829,0.14097713790682578,0.0,0.0,0.0,0.06725895984620223,0.0,0.0,0.5102074201746032,0.15540462654946172,0.0,0.0,0.0,0.4589892315339388,0.0,0.0,0.790617055455748,0.25247836025922027,0.42580387340051884,0.5184166518947639,0.5745307161161687,0.11006174346213564,0.0,0.664449330532031,0.0,0.34617888102855543,0.4292054976193345,0.6991265724018013,0.5471221976143117,0.5408456882505036,0.19633348370336812,0.0,0.061878197237188806,0.0,0.0,0.0,0.3411332435860151,0.0,0.0,0.0,0.0,0.0,0.0,0.08716803980361838,0.657731451847464,0.29497381801725625,0.19030806536345635,0.14647180897713466,0.0,0.2507775891753133,0.04926229802049906,0.0,0.04026247970803221,0.497564309457803,0.07206866915956686,0.0,0.0,0.0,0.5679633398311839,0.5592595391379269,0.3465367474020156,0.47138697191243584,0.31200891296820654,0.42418250980433175,0.5147696161772826,0.14158145776120773,0.32366543716188545,0.0,0.49035257495157564,0.0,0.5528671524108622,0.0,0.616174808496133,0.0,0.0
0.0,0.0770445039524754,0.0,0.3566905523721739,0.1597805088624721,0.3494678476805048,0.31636201273414427,0.376302100903958,0.0,0.28142439225629967,0.0,0.3841675579106705,0.3853469090033823,0.2214056244691449,0.12939425359046475,0.0,0.0,0.3198288932070588,0.0,0.032843758349529954,0.12265068429046361,0.06945185804617311,0.2164515833324706,0.4020405937588967,0.2735573374555917,0.5279857439512304,0.12244873926981946,0.05274163207474635,0.058535689902647854,0.09951403626034426,0.0,0.31171843190254017,0.5037295392651998,0.24851362514543296,0.2841778415316393,0.016493494844340473,0.0,0.0,0.5024678228366743,0.5373718905765057,0.35186716773148236,0.18431719575387928,0.23455594388287243,0.0,0.0,0.0,0.6074466060805456,0.0,0.0,0.0605623699737847,0.20200223857115399,0.4596543188483629,0.2996633266554908,0.0,0.0,0.0,0.2588591778091342,0.5661136011114382,0.14082835657985587,0.0426232657236876,0.13874669552142033,0.5797999661601555,0.195500487229164,0.0,0.0,0.07952057458707144,0.18254189598656104,0.05515476382689829,0.3380320749940062,0.14742919036771587,0.5372694755849929,0.0,0.38538542779384544,0.0,0.4435631513684589,0.25128249645835815
0.5469175292911237,0.5785984178119536,0.20969699110200424,0.0,0.18148317582651646,0.15415044513553375,0.35049460927464526,0.0,0.06775562389044076,0.688519252723859,0.16527558794544517,0.03377811061213975,0.3380843815237034,0.0,0.4365964187357732,0.790617055455748,0.3198288932070588,0.0,0.22838566463507554,0.39337634985827735,0.4923170324960477,0.4541557291672096,0.164992429087741,0.0,0.6527806271925047,0.0,0.43611430061927264,0.487329155544661,0.7060202737724036,0.4793831761872525,0.46295096677660563,0.12241476621506381,0.0,0.04074141673634787,0.0,0.024424806746249896,0.0745823491469252,0.40374658600696955,0.0,0.0,0.0,0.008909706362320073,0.0,0.0,0.20038443368240008,0.45564375257111767,0.41436042415478924,0.22699287340475538,0.030238052274536232,0.01500310872515393,0.2756338948008623,0.16487347555364876,0.0,0.11001680010563542,0.5539568373471316,0.13509699464960037,0.0,0.0865598536599566,0.0,0.4555746457254282,0.5288287672781219,0.5355153191257721,0.6001540657256869,0.2622336129322357,0.3383878110572388,0.4785859109623763,0.13037682613241058,0.30575756281159894,0.0,0.49194349043113583,0.0,0.4467997489434103,0.0,0.505365915884257,0.0,0.0
0.1418146478207884,0.02642444299582868,0.8740935297279799,0.0,0.47795274544902705,0.07527892579078127,0.17418698469647204,0.0,0.7450316878225255,0.17289534191507328,0.8443106754919779,0.0,0.18743161391576513,0.0,0.26995195500245167,0.25247836025922027,0.0,0.22838566463507554,0.0,0.445046510161479,0.13557254066987512,0.3113092947368811,0.0,0.0,0.12969986956226587,0.0,0.5494501308171046,0.3735739408947661,0.2966622247036691,0.09943978284130539,0.16823500781251086,0.0,0.0,0.0,0.0,0.07477366854778603,0.24625088936376152,0.1789696340565103,0.0,0.0,0.0,0.0,0.0,0.1614756325580878,0.2695168149148464,0.11814278991969684,0.046342034766592564,0.8284638515933906,0.0,0.3446663218848968,0.0019024283866022516,0.01869749910567586,0.0,0.6748810375173302,0.29380483603535834,0.7806826281478738,0.0,0.0,0.0,0.2708076605169621,0.23723026544039155,0.049370004170780524,0.1349897756778702,0.8969788343352131,0.5906317669909262,0.12785065113572494,0.4498284292062627,0.00676384392531268,0.014181416983540071,0.25005721858035257,0.0,0.31932816140122977,0.22797319051759074,0.1816076067161854,0.0,0.007927159059968904
0.4668035615834606,0.3090668574046713,0.5608237508041183,0.0,0.3906764291453986,0.1656444973188032,0.21393283997299523,0.018553083416725274,0.4611858814107747,0.25407416310344116,0.561746455597453,0.0,0.23604289868639783,0.0,0.7573998336716196,0.42580387340051884,0.032843758349529954,0.39337634985827735,0.445046510161479,0.0,0.4917150131631429,0.8909829526545471,0.3487348151751994,0.0,0.5069309336682662,0.0,0.8229789413545825,0.5456740413482853,0.6535302651158114,0.5679639800363661,0.4791443631847695,0.0946458718289145,0.0,0.20984989845077087,0.0,0.28761227499196146,0.006125731882287398,0.1288290495735026,0.0,0.0,0.0,0.0038317908486571704,0.10893739092409678,0.3056917882142426,0.018435535494472056,0.5228251091267399,0.2724598072123203,0.5773653475476669,0.07621329810179642,0.027466385892640832,0.41574439020450443,0.0,0.16875227006647278,0.5624202400455237,0.11180050984521556,0.5601942333813393,0.0,0.10735906737897156,0.0,0.59920658205086,0.24141500753785605,0.0,0.14614614365771678,0.5034498173475629,0.6932653555491844,0.4643961308096102,0.45565757242837546,0.458169369049565,0.0,0.307746447160794,0.0,0.672196464256535,0.29958130971517327,0.4604913690287836,0.0,0.010138786211412574
0.8215265076875515,0.3871356977321183,0.14628408388050032,0.01370051515752812,0.17969062374471717,0.1351694092311469,0.018732818826469117,0.10245894839329744,0.06541637896950743,0.5383614347262035,0.14057497714418124,0.0,0.22217436639979024,0.0,0.7024537436499495,0.5184166518947639,0.12265068429046361,0.4923170324960477,0.13557254066987512,0.4917150131631429,0.0,0.4247656195998125,0.5819659187233917,0.0,0.5541096827490012,0.0,0.3383340607623689,0.5597016717652646,0.6457320756246646,0.8146260939787121,0.596553802293461,0.3820644437241646,0.0,0.15560798482501495,0.0,0.12206559336584297,0.0,0.26209292680829904,0.0,0.0,0.0,0.08193642032001468,0.0,0.0,0.0,0.8244320379060709,0.27392645333157023,0.13971930292576473,0.33084456659822953,0.0,0.5094584681798949,0.2198967268593744,0.12058328615550523,0.09357425765675308,0.3424138070274528,0.10626910942122851,0.0,0.2755420069356966,0.0,0.7827631345884094,0.4543512532409249,0.2179505571998273,0.33003222205913374,0.26551134092564027,0.5269185697192712,0.9132595232696595,0.0,0.6195195513381181,0.0,0.3773718956999164,0.14476325105866827,0.6167806526277171,0.12892006233961625,0.7576080676693228,0.0,0.0
0.4789851383654968,0.4446752777713173,0.3475535845175503,0.0,0.13479253790999654,0.07028419262388372,0.15233183198145825,0.0,0.23776126225932734,0.2540120815304848,0.36615308780913214,0.0,0.05348906732666904,0.0,0.7531980584706504,0.5745307161161687,0.06945185804617311,0.4541557291672096,0.3113092947368811,0.8909829526545471,0.4247656195998125,0.0,0.18474765590648218,0.0,0.5711077079751169,0.0,0.721669575122818,0.4566520651320031,0.6142696551498414,0.5078373318486935,0.4850701458166228,0.17118586613812573,0.019853722238359323,0.2686402394356424,0.0,0.2852174247650917,0.0,0.12556337019214894,0.0,0.0,0.0,0.03314677881506854,0.045466923904800616,0.18830763431098002,0.0,0.5538069162442057,0.2847361651278345,0.40878615001886026,0.08599807210289441,0.0,0.3809197022884168,0.0,0.0494566195356022,0.36757470074283477,0.07176112656176846,0.3570501330761972,0.0,0.023469182440234073,0.0,0.5948909650254971,0.25799647401240094,0.04797372176465434,0.16685391931213736,0.4141649926222303,0.5144092225507197,0.3749351174271768,0.45895468185476207,0.38247957854618597,0.0,0.3226838236989342,0.0,0.6414960340206259,0.1787418967571367,0.4104350261128134,0.0,0.0
0.3898649808649404,0.29475833362788023,0.0,0.18382395169710825,0.13394332875029757,0.7331210275705508,0.0,0.7092743190644016,0.0,0.19630401592751773,0.0,0.35069879428006623,0.5622385075408798,0.0,0.42422347220423234,0.11006174346213564,0.2164515833324706,0.164992429087741,0.0,0.3487348151751994,0.5819659187233917,0.18474765590648218,0.0,0.427850421753663,0.18266683605761794,0.19782194682658485,0.27811148039137323,0.43156984374974233,0.22892561737740122,0.4908264831894475,0.10263905165826755,0.24897652195259587,0.16753270841369466,0.10025248654470277,0.0,0.2191610053549888,0.00852863279779225,0.10663945043879591,0.11778262585655346,0.18419662764239944,0.022433376161535873,0.0,0.17160333742143538,0.04529373808339683,0.046587998893771396,0.47336040272691793,0.39681704040712323,0.0,0.35590865416407474,0.0,0.7367263430469594,0.20258757717217282,0.7131907508438952,0.0025953650271385896,0.047159809651998556,0.008836012923506527,0.38524122753607204,0.4979103088808721,0.09119229272037194,0.4366724216006681,0.14485961906337214,0.1551629311866265,0.05495684342475718,0.13689579582935063,0.3380854051052048,0.45021923007789155,0.0,0.8497909751133034,0.3947980570223034,0.0,0.5332636843834754,0.28652153770500877,0.28964773467974714,0.25586449794345906,0.10297347855929122,0.0
0.0,0.0,0.0,0.31491139658903083,0.23283677978458206,0.5780864325251494,0.13120937723402998,0.6770161702806866,0.0,0.09388406572067517,0.0,0.7091778265252062,0.5774311859490203,0.5031765649510729,0.0,0.0,0.4020405937588967,0.0,0.0,0.0,0.0,0.0,0.427850421753663,0.0,0.0,0.5248575847594145,0.0,0.18160604604572025,0.0,0.0,0.0,0.03074715115686129,0.2642256389898234,0.03610764566124366,0.04120752278215935,0.3321521655121476,0.3000962439009015,0.0,0.23456104801459743,0.44632935262328494,0.29984969538652617,0.0,0.5046995659821839,0.30296450130814867,0.17586274031230478,0.0,0.2755727214659594,0.0,0.08594545082731364,0.36079885811693324,0.12918965051281062,0.24579890438534824,0.6288972042166138,0.0,0.0,0.0,0.7852179675927252,0.43017957424625375,0.2221694753673186,0.0,0.0,0.33090872480897,0.05420466267808414,0.0,0.0,0.0,0.14170383485108373,0.13016491630087576,0.8600258925417713,0.0,0.6048235355113508,0.0,0.45392605577073547,0.0,0.3044241420221186,0.3064359779285972
0.6164109609206798,0.6496463884712721,0.15528180372865533,0.0,0.041654962441371894,0.005191782219568994,0.2908124323416165,0.0,0.10841809917004992,0.5850545792902946,0.18150837943111364,0.0,0.1574635387052133,0.0,0.4851096776427568,0.664449330532031,0.2735573374555917,0.6527806271925047,0.12969986956226587,0.5069309336682662,0.5541096827490012,0.5711077079751169,0.18266683605761794,0.0,0.0,0.03996722462840409,0.49294541520672475,0.2812543545741109,0.7619071565717184,0.4806141089866845,0.4169947307680256,0.20295573980236312,0.07940467849553906,0.2893836033265571,0.0,0.0,0.0,0.23484093407647025,0.0,0.0,0.0,0.09188257799492087,0.0,0.0,0.0637652828342767,0.6215564394650958,0.5115837179678867,0.18571119295261074,0.0453746060217755,0.0,0.4304505659040002,0.13263269735848135,0.0,0.14910859323958978,0.3335984511879064,0.12824487440796295,0.0,0.21112658426891254,0.0,0.5821690349822243,0.3341130894258668,0.4130532843317048,0.37662661584084695,0.14707561546786527,0.3787625803394308,0.5668635066064872,0.1597591953581368,0.3624642853211055,0.0,0.7194633859562,0.07396641549956111,0.6560027145253522,0.038340773206676955,0.6989822683736613,0.0,0.0
0.0,0.21988673480801413,0.0,0.18547824020984735,0.0,0.4924038968828683,0.04119217270781867,0.5684405791418843,0.0,0.0,0.0,0.5007657872185021,0.37513092613452703,0.3466316221026103,0.0,0.0,0.5279857439512304,0.0,0.0,0.0,0.0,0.0,0.19782194682658485,0.5248575847594145,0.03996722462840409,0.0,0.0,0.0,0.0,0.0,0.0,0.1310522628766485,0.4580920038776401,0.10849644891507752,0.26611395612785965,0.14110819256366242,0.0,0.0,0.4729848335998175,0.49902106897485343,0.3974287479470165,0.013168206752104356,0.2462445547308931,0.09016289157995662,0.0,0.0,0.3624005676206371,0.0,0.0,0.030003251218171167,0.13856094561899654,0.13653278361501403,0.40565301633352047,0.0,0.0,0.0,0.4009892932066939,0.4154067055928484,0.11758276069403682,0.0,0.0,0.3223100399638082,0.0,0.0,0.0,0.0,0.15264147862257849,0.0,0.4894133578356673,0.0,0.6920652056580934,0.0,0.3279772743395739,0.0,0.45605121648915214,0.17855175367098114
0.2394673041213933,0.24888141121758617,0.6384769210659732,0.0,0.52750769869395,0.29069616421709044,0.4179165949595307,0.030658627939376598,0.6421849653697667,0.22592247317366615,0.6097075272138526,0.0,0.32113727147576066,0.0,0.6688053710677956,0.34617888102855543,0.12244873926981946,0.43611430061927264,0.5494501308171046,0.8229789413545825,0.3383340607623689,0.721669575122818,0.27811148039137323,0.0,0.49294541520672475,0.0,0.0,0.39885959804356724,0.655876987669812,0.3177121242188697,0.24401996627669115,0.01627250904147157,0.10260133963106806,0.2257771735754472,0.0,0.12378193467682534,0.0,0.1583691913988583,0.0,0.014437457160703542,0.0,0.0,0.04668969622924141,0.20212032092159346,0.15734686303935227,0.3531272534785247,0.4063477508015686,0.6515282834663648,0.0,0.10054063551195756,0.3473986110257257,0.0,0.18505437761787058,0.6698799564005122,0.07584599114636498,0.6190218640785371,0.0,0.11299282698037366,0.0,0.474236450020597,0.28506602027343536,0.04711583023207983,0.23093802440169164,0.5199225116013977,0.4714795651785178,0.26675134154250385,0.45538380128982564,0.30108819809911064,0.04151023628448663,0.35235062650581656,0.0,0.5234058649327413,0.32725354198159273,0.309770288571528,0.06997756704097342,0.0
0.5011556548074332,0.14754433002400744,0.37256318838714486,0.1793494222339935,0.3092071296801051,0.1556417391923653,0.11474880177303406,0.040321428415926466,0.10313412841983022,0.5535334335894371,0.30263553074964256,0.059337055487174106,0.44480302100743857,0.0,0.4809041695291589,0.4292054976193345,0.05274163207474635,0.487329155544661,0.3735739408947661,0.5456740413482853,0.5597016717652646,0.4566520651320031,0.43156984374974233,0.18160604604572025,0.2812543545741109,0.0,0.39885959804356724,0.0,0.4613526612666023,0.6731227650036029,0.6363105529955783,0.0,0.0,0.0,0.0,0.33226525529096596,0.3341864970507301,0.2958858738141434,0.0,0.0,0.0,0.0,0.059162400273324305,0.1689538122197939,0.2719003449983543,0.5082408285082199,0.30082911363274156,0.34972014869245593,0.3698753059621243,0.293601410155959,0.2598239077651215,0.2671346374789995,0.0748583132366311,0.2186583607308579,0.5401252361791286,0.33039857521039884,0.19685336840548906,0.2488536852179552,0.00844044798397488,0.466519682016405,0.5436507244180767,0.3715989300985036,0.4982473767821975,0.4713807234401424,0.5229841566407853,0.5783534838565897,0.3365622798386027,0.4647144391387165,0.23273055571625956,0.3813595499535128,0.20425661177464396,0.3478507105739416,0.38529939292551796,0.43879360589868766,0.0,0.26197371447073503
0.6434348262194343,0.5213727978359808,0.35676130424584135,0.0,0.20470183256991561,0.094037361416768,0.32986964906364075,0.0,0.2938890717632164,0.5338987769304406,0.3180044180248335,0.0,0.2670443684529752,0.0,0.5975191686383593,0.6991265724018013,0.058535689902647854,0.7060202737724036,0.2966622247036691,0.6535302651158114,0.6457320756246646,0.6142696551498414,0.22892561737740122,0.0,0.7619071565717184,0.0,0.655876987669812,0.4613526612666023,0.0,0.5715574960935679,0.5833660131933689,0.16835369786943818,0.0,0.16506027692526468,0.0,0.035552905380594864,0.0,0.31193686551512245,0.0,0.0,0.0,0.0,0.0,0.0,0.16399675871936506,0.6593194760726385,0.344982725855159,0.34278134775046526,0.08173434970634344,0.0,0.37771453011827255,0.024355483954424238,0.0,0.3050618765274935,0.44304586409994623,0.30642169523722274,0.0,0.100903837551598,0.0,0.6192756839866336,0.5059108388282664,0.27970086137154276,0.504586515274116,0.3164458789082716,0.5214241286443129,0.6456976644492262,0.22651191362475845,0.3772875248118421,0.0,0.639475587211838,0.0,0.7033580028659664,0.03852985305986493,0.7534900682695777,0.0,0.0
0.7997056051881376,0.38165821708661946,0.07246061160438422,0.09058239703741507,0.08576131050936146,0.07854031795967095,0.0,0.01761542309033041,0.005838311696041923,0.4789832686168094,0.1322983206423168,0.0,0.14645784217456345,0.0,0.7239678373355286,0.5471221976143117,0.09951403626034426,0.4793831761872525,0.09943978284130539,0.5679639800363661,0.8146260939787121,0.5078373318486935,0.4908264831894475,0.0,0.4806141089866845,0.0,0.3177121242188697,0.6731227650036029,0.5715574960935679,0.0,0.6511008902865626,0.28820669464078297,0.0,0.2352258862068113,0.0,0.1254285629804493,0.0,0.18025000808919517,0.0,0.0,0.0,0.1411048180758613,0.0,0.0,0.0,0.8296835192284757,0.23857973485216158,0.1412511059804645,0.30580670984323394,0.0,0.5151380800023421,0.16088381053924455,0.08673374453904258,0.08664211903778553,0.20558654465236603,0.09989861271676166,0.0,0.2472984684574504,0.0,0.7732479556375995,0.4081516546942495,0.12565355379514723,0.2448848466227809,0.24442581657177812,0.524854169841821,0.8043645089799308,0.0,0.6259262134938156,0.0,0.27442611177658044,0.07985806454572837,0.657196938102521,0.13269374198094527,0.6916562415755013,0.0,0.0
0.6229989475881758,0.14495757713250312,0.19762767727411013,0.03350714446412085,0.11487611025474444,0.0,0.13173688757783458,0.0,0.0,0.5388110351652238,0.1612309620462466,0.0,0.024387174678622073,0.0,0.4159735554720791,0.5408456882505036,0.0,0.46295096677660563,0.16823500781251086,0.4791443631847695,0.596553802293461,0.4850701458166228,0.10263905165826755,0.0,0.4169947307680256,0.0,0.24401996627669115,0.6363105529955783,0.5833660131933689,0.6511008902865626,0.0,0.13893976315212672,0.0,0.0,0.0,0.24314310986029145,0.14172011856103478,0.24591572413252438,0.0,0.0,0.0,0.09983442121031672,0.0,0.12609743094609166,0.08401657924013532,0.6342690781348301,0.16149041559452454,0.21141940755157942,0.28967072598857563,0.07712772545878971,0.08545741756582824,0.13725176627975805,0.0,0.07849062985300037,0.536639722209244,0.203173887667012,0.0,0.08593088762008276,0.035558600484403374,0.4393279299052476,0.5892288828561922,0.2658827710076166,0.5200195361856365,0.25480316380058976,0.43378128377259,0.6775605199964371,0.24178436408662368,0.27412239569171226,0.0,0.5477013017448011,0.0,0.39658854841610286,0.0660225650945685,0.622253548858262,0.0,0.2529091626552749
0.2184052461001228,0.1278274941598801,0.0,0.20398209690807706,0.0,0.0630582562091061,0.0,0.21433790580644893,0.0,0.015040504245364213,0.0,0.0,0.0,0.0,0.2912636131250883,0.19633348370336812,0.31171843190254017,0.12241476621506381,0.0,0.0946458718289145,0.3820644437241646,0.17118586613812573,0.24897652195259587,0.03074715115686129,0.20295573980236312,0.1310522628766485,0.01627250904147157,0.0,0.16835369786943818,0.28820669464078297,0.13893976315212672,0.0,0.36722829987028915,0.4388836609115038,0.2534482673372479,0.0,0.0,0.0,0.4636440362527065,0.2930228163943099,0.18797279182112567,0.21948457033365115,0.16810592721968642,0.0,0.0,0.3449909530422075,0.2095013720730803,0.0,0.15987956842738793,0.0,0.20801200408302856,0.06854906357987045,0.15483953001972156,0.0,0.0,0.0,0.0,0.24253609718536903,0.06699505570542509,0.27120092137118423,0.16145623358501446,0.00809972761217284,0.03938607246525241,0.0,0.0,0.24679119942861735,0.0,0.188276993879334,0.01855983692179697,0.00724106936326602,0.1919688519440029,0.08166842584695788,0.08702748490863016,0.1301157672061305,0.09764761983653329,0.03239214215975968
0.0,0.0,0.0,0.14474696803797188,0.0,0.22195141426856652,0.07116707108113406,0.4007399246363867,0.0,0.0,0.0,0.028601526340130346,0.05855213185484727,0.20844581884026478,0.08178933547509148,0.0,0.5037295392651998,0.0,0.0,0.0,0.0,0.019853722238359323,0.16753270841369466,0.2642256389898234,0.07940467849553906,0.4580920038776401,0.10260133963106806,0.0,0.0,0.0,0.0,0.36722829987028915,0.0,0.621699858325942,0.5920081030851775,0.0,0.0,0.0,0.6944792594899964,0.835869375066312,0.6077116608306514,0.2661153066424781,0.4420830439256762,0.15720353758847486,0.0,0.0,0.3180188055409358,0.0,0.0,0.0,0.23043138213634398,0.07991384636061018,0.3671447197699896,0.0,0.0,0.0,0.0,0.40719512886763465,0.21634152879638685,0.0,0.0,0.0,0.0,0.0,0.0,0.0,0.00468040232467859,0.0,0.26713026061858064,0.0,0.34521670164341645,0.0,0.3575112837175507,0.0,0.5314220574194264,0.1139754910287875
0.06048786411306249,0.07721950278286291,0.0,0.11333660796758845,0.0,0.03387818911480759,0.0,0.08918615760353318,0.0,0.0,0.0,0.0,0.0,0.0,0.2966571054707323,0.061878197237188806,0.24851362514543296,0.04074141673634787,0.0,0.20984989845077087,0.15560798482501495,0.2686402394356424,0.10025248654470277,0.03610764566124366,0.2893836033265571,0.10849644891507752,0.2257771735754472,0.0,0.16506027692526468,0.2352258862068113,0.0,0.4388836609115038,0.621699858325942,0.0,0.3958702810835402,0.0,0.0,0.0,0.5194644630108153,0.47948986366007196,0.5051171966663506,0.4034028343525758,0.2284362488890969,0.05167143727163312,0.0,0.17386708562059294,0.2685338818506731,0.0,0.0,0.0,0.23506321549084114,0.03591775793144681,0.13377623455089516,0.014301187643482809,0.0,0.0,0.0,0.27015200997467653,0.0130162886576237,0.153020772380824,0.0,0.0,0.0,0.0,0.0,0.012943907513121881,0.0,0.07219184856654456,0.08784645955448896,0.04967185578070238,0.12888325640286502,0.1300662069678558,0.17322579041574324,0.08874917186518558,0.16605534480206813,0.0
0.0,0.0,0.0,0.20159681325759696,0.0,0.0,0.0,0.1820324178159116,0.0,0.0,0.0,0.0,0.0,0.2343664721572319,0.0,0.0,0.2841778415316393,0.0,0.0,0.0,0.0,0.0,0.0,0.04120752278215935,0.0,0.26611395612785965,0.0,0.0,0.0,0.0,0.0,0.2534482673372479,0.5920081030851775,0.3958702810835402,0.0,0.0,0.0,0.0,0.7221610594933343,0.5875225450952958,0.42382090730917227,0.2725530456543957,0.2631242054350395,0.07736169123205637,0.0,0.0,0.11956380860335525,0.0,0.0,0.0,0.0,0.09320172772540637,0.11864585427758781,0.0,0.0,0.0,0.0,0.25771804057514613,0.11736569444597182,0.0,0.0,0.0,0.0,0.0,0.0,0.0,0.016047953416961233,0.0,0.020944745153071067,0.0,0.2159647042056219,0.0,0.24127467172648429,0.0,0.41370076963651115,0.15310307151536717
0.008807875147473622,0.0,0.12254467796734662,0.21651628792928843,0.06815741567309987,0.21274033387097363,0.09258984210232651,0.24643692153237798,0.0,0.07258694489031371,0.07000806171067492,0.12917175116152782,0.30959186441389014,0.16659350218295524,0.09079212181103004,0.0,0.016493494844340473,0.024424806746249896,0.07477366854778603,0.28761227499196146,0.12206559336584297,0.2852174247650917,0.2191610053549888,0.3321521655121476,0.0,0.14110819256366242,0.12378193467682534,0.33226525529096596,0.035552905380594864,0.1254285629804493,0.24314310986029145,0.0,0.0,0.0,0.0,0.0,0.36393909799406976,0.0,0.039079301911031726,0.08032696406591193,0.03575240212470995,0.0,0.42510782957373955,0.3814121080939904,0.0,0.03812135507657261,0.18059265093162652,0.040973121602183145,0.14366518037020987,0.1902685463695157,0.09484838391681169,0.012027817853019537,0.18455524501227547,0.03298141811465721,0.09417508108169491,0.06620911281859877,0.3262924863245217,0.22627722456212213,0.17258238479382346,0.0,0.07545304875819432,0.16551555278345806,0.12596301180740935,0.03534804105586006,0.1823454745047986,0.07301323485217061,0.343963034172898,0.16405934796773144,0.3179846031827173,0.077668600894504,0.26102384161911113,0.0,0.313821697136302,0.0,0.03288693690341028,0.30624521351511597
