0.0,0.18244938533381833,0.5739884426046429,0.0,0.4493480815055136,0.2685488424837868,0.216788090115814,0.2810282960565708,0.5092887069678789,0.26573114052567287,0.5533149384402679,0.0,0.0,0.10686151817635156,0.510187506839047,0.5229386324365259,0.2172447688855742,0.306690149930806,0.45902646716993595,0.3302897739333225,0.5494599592639307,0.4814249274185925,0.4726638535763672,0.18063628856109218,0.4767126337698381,0.40119595369512334,0.5657614019223921,0.39574043467429926,0.49526306935272885,0.41696761036495755,0.5745327166593911,0.01007999764661286,0.3303235583081442,0.4706168330069863,0.0,0.0,0.0,0.26815675051742227,0.0,0.10939768338657205,0.0862054647060552,0.0,0.0,0.0,0.0,0.7802462741996805,0.18427354141882132,0.41876430494064454,0.0,0.14921054131746053,0.1751658390690911,0.11218046104049827,0.09520636751041722,0.5651852784862493,0.44836742357662507,0.47413522622878895,0.13597605975039892,0.0,0.0,0.40400441406524984,0.28429598617153734,0.007311235366197673,0.4038266785266552,0.3438103222966548,0.40827172199186534,0.40952432565591096,0.46003479083505644,0.30796560645869503,0.13625202115162044,0.25571371888696853,0.25449610053248656,0.49069906882923037,0.43183800706438535,0.44262905375052414,0.017930639802662234,0.02265305336960994
0.18244938533381833,0.0,0.2569926329290547,0.08044574691751719,0.02525676465251278,0.6485518861443847,0.29188332853881427,0.3543756151236131,0.07536923567453584,0.4753469594977428,0.0671582116735515,0.21296849581630398,0.5105892444830563,0.10194824373403072,0.12285357374303434,0.31197019589125097,0.22665549230799092,0.3446720643109092,0.24374179258257722,0.046618882626743664,0.3195123119338925,0.07843492779808962,0.451073777965083,0.05690593915934778,0.7425078250876689,0.617007447857789,0.2776918805918469,0.06708441165231299,0.2539592614653739,0.11530377546765945,0.03836833616573885,0.11784329296421255,0.09215906588379172,0.0,0.0,0.04955415874385543,0.01191174986879014,0.0,0.10505190795860025,0.16296476779195102,0.0,0.0,0.19636822046930788,0.0,0.0,0.21985146256549515,0.6482389002873232,0.19562292264576175,0.061071474447313555,0.07157239938946021,0.4817249147267466,0.16165364081160527,0.35758408859442137,0.11293225983367704,0.3903600264408398,0.1963280841648182,0.33352030922956066,0.5343466960435667,0.068479409921987,0.1404465230268093,0.1937149686038675,0.4110698327563273,0.058961989058158325,0.1862621703835896,0.1284693729835515,0.2631074836810394,0.04651173461691936,0.3925635024976275,0.1216235538331107,0.507331109360971,0.4670812898868162,0.33672321568122615,0.20266259943184337,0.24034883346455413,0.18567134220425272,0.0
0.5739884426046429,0.2569926329290547,0.0,0.0,0.6822822570500515,0.5490765317134733,0.22321883550435812,0.37768364377835256,0.8408717815345773,0.3513212618957255,0.8947516866052886,0.05364214608036097,0.0,0.38993041267368056,0.5926572114986369,0.3452196200136757,0.12691795421358326,0.22392610989714323,0.8304871468200242,0.5287019907243954,0.34285565059899475,0.5635098880179834,0.6445919071199463,0.15833810566144815,0.41837812215417175,0.3854457104978822,0.7682579943252794,0.46266324754635535,0.37039344096389676,0.5784201739708542,0.3953286629714316,0.12806927980164207,0.3009580014602253,0.39122784147197615,0.0,0.0003097350091445159,0.0,0.19469463013249655,0.0,0.1744932340416409,0.1013133291033976,0.0,0.05797957823467077,0.0,0.13661304114545572,0.4938417553563908,0.5318174542117512,0.8682784549688762,0.07123611499798191,0.47961022289767163,0.5317617084146524,0.17115741431967776,0.2078755656719931,0.8797038578955673,0.6173566133540906,0.8487785745118863,0.2837557728294948,0.21303105513705564,0.06899480224113949,0.5271195754452086,0.31666605374511186,0.11290567606079814,0.2563386309702951,0.8562540598831028,0.7447898961050046,0.2681632284133493,0.7245563031368234,0.5207840186381251,0.26472269071179944,0.4569362311930124,0.461856483915856,0.7370819171262405,0.6512451082765446,0.5114438096273461,0.2074831978492858,0.14097356949289616
0.0,0.08044574691751719,0.0,0.0,0.09235505241348381,0.15305307691875367,0.14548541165103193,0.08622969707395854,0.0,0.058114984421726884,0.0,0.03363760752553063,0.23459788765178655,0.22952445440878955,0.0,0.0,0.0,0.0,0.09942908734061764,0.0,0.0,0.0,0.012597000843322468,0.0,0.0,0.0,0.0,0.0,0.01959694226756884,0.0,0.04859149875655386,0.31002154792405306,0.005975104933489857,0.0,0.1499191416397811,0.32409602602246484,0.3632398996781181,0.03192743254272937,0.26175760774166495,0.1570100285066726,0.0,0.0,0.3648488099992716,0.2850480250234401,0.0,0.0,0.07589028503991413,0.0,0.3953663981293102,0.23201288674502338,0.07789927303434799,0.3111673227227412,0.183805603080812,0.0,0.0,0.0,0.016037459650072455,0.22919075410490447,0.22749712708322575,0.0,0.0,0.0,0.0,0.09783331760243374,0.0,0.0,0.0,0.045621125291007,0.021075140784848057,0.0,0.0,0.0,0.0,0.0,0.0,0.078171678113348
0.4493480815055136,0.02525676465251278,0.6822822570500515,0.09235505241348381,0.0,0.2891646869869712,0.3571013304647765,0.22181773899173626,0.7800971302484303,0.28464667486953243,0.7479599288409604,0.0,0.0,0.396615186036181,0.48161584853326,0.3183364845484798,0.04891681888966062,0.1562575534273731,0.6393913632954524,0.508177892238894,0.24437678174902577,0.5374341237433321,0.38109688072999603,0.044833503075186014,0.15524622165412072,0.12141142974704203,0.6844884555333764,0.4964051223634464,0.41476570791815803,0.5098960195019541,0.4271487105126628,0.11179996418863823,0.23304190849375098,0.46178794245666177,0.0,0.11930978272149163,0.0,0.18071184450041167,0.0,0.014296670198617002,0.07361906975766742,0.0,0.08477674845655862,0.0,0.03293684227463982,0.40231258453799823,0.17722525783939877,0.6544030004355444,0.0762221470251129,0.48339579280766615,0.1900298383678753,0.26938745108110235,0.12664725803975865,0.7182625190165709,0.3541009125507359,0.7394390115816817,0.1476740547904827,0.05197904217033191,0.1222174588461931,0.368460771691277,0.22314491291674646,0.0,0.16311340190675236,0.6302761095826581,0.5445583083350738,0.1177483609346302,0.570025634732353,0.2623705181077387,0.07305474853247965,0.2055473733231038,0.17717510084657945,0.5583842797725321,0.3808583420613397,0.37962880125405146,0.07795508298234279,0.03625378248589112
0.2685488424837868,0.6485518861443847,0.5490765317134733,0.15305307691875367,0.2891646869869712,0.0,0.19760881979883338,0.5568739782698232,0.48131253843074756,0.4309175070718371,0.284090755910476,0.38352340441252764,0.5075268464906939,0.27422417507141067,0.3427718094791276,0.34915213312050947,0.2465683209905336,0.33565795309295204,0.40770476294934993,0.2669568564723278,0.40970075145117024,0.27197834331342297,0.7663007811219543,0.3785394277788474,0.5276176020005443,0.5907660376941077,0.4714170645055885,0.24227351041205578,0.3921495839462834,0.2666429734532768,0.12458400481336242,0.32368365170178126,0.13820655159960543,0.0,0.0,0.16980161709666572,0.0,0.10154207552946921,0.23837544725615484,0.3740212147351986,0.1887331254582803,0.0,0.2579409256375404,0.13599790664526187,0.1716809024870737,0.3733732039822797,0.6583045274019641,0.5222477081388643,0.1783006886237405,0.27297589348228235,0.8272842785829121,0.2621058165887036,0.49592152274929324,0.4456731992927376,0.474664742103083,0.430350161960446,0.3076831779384246,0.6652908013621979,0.14304537731876965,0.31846683494947253,0.4153931570738637,0.5037906088681087,0.3613029873018608,0.413400086138483,0.36458137392699763,0.2918863908106971,0.33455732087450607,0.7111930803865066,0.46766590506992417,0.5908139637785398,0.6837233602957321,0.5113287211926795,0.5041934281348341,0.4028332727355553,0.34765364764569634,0.23685909399569238
0.216788090115814,0.29188332853881427,0.22321883550435812,0.14548541165103193,0.3571013304647765,0.19760881979883338,0.0,0.0,0.2665369392009918,0.36836269595331644,0.10093939310821849,0.0,0.15480887465774754,0.16030068760874036,0.12358706102475736,0.4037988325154042,0.049723943823919,0.39545388476351107,0.1955892619968311,0.13293449757784126,0.247188212299039,0.3014611803198015,0.0,0.0,0.40955303126366405,0.0,0.483002874879949,0.0,0.5124161711370673,0.14796844842191417,0.41603750063685363,0.339574011884728,0.09025195654751851,0.20555769094775134,0.1424150061954029,0.023983824633391795,0.0,0.034892996812238425,0.12302898591423239,0.06250197502598072,0.0,0.028529910158243472,0.16630877524612983,0.0,0.0,0.33458513598453665,0.2622424907106206,0.17346887071766515,0.24786021287712448,0.3315598391478879,0.13721735451681547,0.5372721776243993,0.0,0.3015328323235517,0.4082182111598985,0.13826891357809676,0.0,0.22431433284913405,0.08669977546736624,0.0,0.47581848123670645,0.14452256419919157,0.27983187394811904,0.2411589973503711,0.23085790999438002,0.0,0.3350443107956649,0.0,0.0,0.5317589617012729,0.0716668985353056,0.48112473014501067,0.09056017792162124,0.5326511804981972,0.12992421572334437,0.18229964242668745
0.2810282960565708,0.3543756151236131,0.37768364377835256,0.08622969707395854,0.22181773899173626,0.5568739782698232,0.0,0.0,0.2952482090101716,0.25807601645946576,0.27822031385424156,0.526456393571244,0.18630429144030486,0.3478336250316858,0.23553451984821064,0.0,0.25716728202843947,0.01121875126152789,0.4278046762405445,0.02265943103208539,0.4568654767227843,0.027702551171158322,0.7650888667239019,0.49096225799475207,0.10205764585755381,0.57407962332992,0.0626953694930641,0.3014888663758504,0.0,0.22360562677038948,0.2097282869977611,0.0028848158200122788,0.30475987963622697,0.07434160762497019,0.0,0.22606436542933317,0.0,0.21251965418162647,0.0,0.15608795372117995,0.0,0.0,0.31944767115223077,0.0,0.06933743220625492,0.23923106470207475,0.47316821108787027,0.21668593943332104,0.12080863764993109,0.14096701731005157,0.46482706366352433,0.030653838463663586,0.7981030547857904,0.3568042362326147,0.40396333229876047,0.3905444657252078,0.6899602469964964,0.4037530623698942,0.19939256867392333,0.23169062021657083,0.0,0.31425555330370014,0.05917598008467585,0.35411148990545666,0.14536480951991607,0.4570378621004609,0.020100832761177242,0.6586986760325743,0.5470311714530794,0.15220425873052967,0.5690474927627818,0.12030392157966856,0.28943026149675477,0.0,0.0,0.0
0.5092887069678789,0.07536923567453584,0.8408717815345773,0.0,0.7800971302484303,0.48131253843074756,0.2665369392009918,0.2952482090101716,0.0,0.3168406955926736,0.8628520221060769,0.11690434764251664,0.0,0.22956061531362457,0.6658483777087615,0.40604866441070336,0.22170148500132159,0.26756043058373374,0.6575727741733112,0.6661756668759996,0.3180544919292513,0.6575497285334724,0.48716957335793737,0.16587605235872407,0.26561926978474476,0.31641694060839004,0.8071941259285866,0.5893035343361858,0.3911430377123513,0.5860293714873163,0.45661592045225213,0.08080602410002785,0.2003904731654627,0.40237882584418505,0.0,0.0,0.0,0.16614808782143758,0.0,0.10281403004184334,0.1574610420146974,0.0,0.0,0.0,0.03620028929121264,0.46461175385756043,0.3350772011054664,0.8596093308602595,0.0,0.38770116857126186,0.42469068251300196,0.1354069408962805,0.15565135055757565,0.9564993150407872,0.5645447280912124,0.8235274606352143,0.21085599547596648,0.1255619054875584,0.0,0.5962301261328617,0.3667125664605352,0.19167873746495886,0.41083716851006147,0.6358662568088082,0.7790737650216547,0.24000312466132756,0.7442783346151394,0.4051744202438703,0.22277414686870617,0.4105460964347866,0.39539295009958647,0.7622232400073429,0.6821725091567898,0.49366563498372884,0.175192405676204,0.10496059667323988
0.26573114052567287,0.4753469594977428,0.3513212618957255,0.058114984421726884,0.28464667486953243,0.4309175070718371,0.36836269595331644,0.25807601645946576,0.3168406955926736,0.0,0.21704759080512298,0.4248755340460179,0.3787049045625181,0.11098309279093699,0.3507820328824652,0.4453732554718445,0.5653563840961204,0.6203257922070308,0.30010790024508927,0.253036065610678,0.39892994547142935,0.3289197692187925,0.2951715764083637,0.28077890607185535,0.5672449808046882,0.526420409357627,0.36049227256787864,0.16254920820418442,0.31778412053484245,0.2493345938274609,0.20740163454063687,0.18762640685861193,0.11641362001475364,0.07943218425652201,0.0,0.06371012707736871,0.0,0.0,0.09518474035677248,0.1502981991992304,0.06531393150563329,0.0,0.18273134046205516,0.0,0.005976600800663616,0.2538916403338325,0.44799560163967417,0.3307953943585043,0.0,0.1276228369332118,0.34152249146210034,0.21996998373767124,0.18331202065234392,0.34852016366499156,0.6716570109459958,0.2892125535565119,0.4212816939741515,0.3705978102163751,0.0,0.30282462034253266,0.4031139274624817,0.4977520819594674,0.418185152758253,0.3056631430193409,0.3460059800482672,0.23277359497127018,0.32437801732219396,0.24640966337028192,0.24675630008473698,0.47864845038309245,0.4160262709151313,0.3708454610995376,0.34476708012679386,0.31857474842342703,0.31055954302892397,0.16070657571687172
0.5533149384402679,0.0671582116735515,0.8947516866052886,0.0,0.7479599288409604,0.284090755910476,0.10093939310821849,0.27822031385424156,0.8628520221060769,0.21704759080512298,0.0,0.0,0.0,0.3289425203350333,0.6021559009374573,0.2870031620908002,0.1630268182821135,0.12308212322318503,0.7553115819417862,0.5742004906227229,0.25716525229279164,0.635209283995732,0.4592543692110708,0.05202368233410727,0.26855560441459764,0.2900787863384493,0.6989989872900921,0.6177084557462154,0.29798137413641046,0.5845610713490319,0.4466233890202364,0.0,0.30911027254373064,0.4771002959127866,0.0,0.0,0.0,0.17233530945979716,0.0,0.006370352756528844,0.03685658782104466,0.0,0.0,0.0,0.0798397300955734,0.3863435535683547,0.2989327404447308,0.7795185439646338,0.0,0.36348674569411116,0.24973924786336357,0.0,0.14057767605129529,0.8815179183358374,0.478103887681373,0.9243161858317948,0.2587776946835932,0.0,0.0,0.5799984222577755,0.1282897119579088,0.0,0.1579349753700708,0.7256972206866888,0.7009455540460368,0.23635528501611913,0.6925230223488111,0.339495359806608,0.08470802098486187,0.2530334834249596,0.30434000510388964,0.6065208156649077,0.5932799738278068,0.35292617003614096,0.0,0.0
0.0,0.21296849581630398,0.05364214608036097,0.03363760752553063,0.0,0.38352340441252764,0.0,0.526456393571244,0.11690434764251664,0.4248755340460179,0.0,0.0,0.2254275879600592,0.13932047777689005,0.1787377938350401,0.0,0.5380268277557151,0.2392237386072147,0.10878081839288804,0.032337429882737516,0.014678457471531198,0.0,0.3079418993222843,0.6264842705187134,0.0,0.6295933659104584,0.0,0.10740501421315492,0.0,0.03973506279787043,0.0,0.12407741269216842,0.1281363185640507,0.0,0.0,0.1974548666406275,0.0,0.0,0.15223738964845018,0.3305327318885665,0.09288423171876507,0.06836995843570366,0.33222436927123816,0.34861210149178434,0.17114264816016578,0.0,0.3381735937754691,0.07186084765109423,0.0,0.01414379474822732,0.40021063172096244,0.0,0.38438645175891845,0.15726520001058758,0.2883866839260921,0.1004673349230291,0.6560804726123249,0.3683661354581291,0.1057546104078476,0.12180675903965746,0.07517764175728232,0.5488045133553006,0.2908218434948808,0.09551582432093547,0.14006013014730162,0.0,0.03985515124097718,0.29173903080933355,0.5823277823040424,0.04988918786247979,0.515915801075129,0.0,0.2900570970622391,0.0,0.22946237991861532,0.07785083038607239
0.0,0.5105892444830563,0.0,0.23459788765178655,0.0,0.5075268464906939,0.15480887465774754,0.18630429144030486,0.0,0.3787049045625181,0.0,0.2254275879600592,0.0,0.0,0.026122562687295167,0.2063203441970243,0.2395153364892436,0.31294263146836027,0.0,0.028730455182790878,0.32056050930778246,0.0,0.1554841276945374,0.15272413494946732,0.3129072051677812,0.19383015845561422,0.004460805302294993,0.19090145661199925,0.2924882887091313,0.03926769387652493,0.0,0.17801156329532009,0.0,0.0,0.0,0.33685859673569785,0.25890336925867324,0.0,0.1711985550826489,0.11955718282159168,0.025748319752616232,0.0,0.12345423434985929,0.0,0.0,0.0,0.22454912501646357,0.045560721336940425,0.009724849028411536,0.0,0.3044347991352886,0.2084040885929891,0.2815215033314164,0.0,0.16644171997221913,0.0,0.1527069034950156,0.5125210976271002,0.0,0.09430896711242073,0.093935018363044,0.5104223117188993,0.18873722131552934,0.0,0.0,0.25038635076904375,0.0,0.1258951454896959,0.21502537472306837,0.23260325404153634,0.23931159094640544,0.024765521217430746,0.1359372049488511,0.09069182996194254,0.1751155160051189,0.053652122759325994
0.10686151817635156,0.10194824373403072,0.38993041267368056,0.22952445440878955,0.396615186036181,0.27422417507141067,0.16030068760874036,0.3478336250316858,0.22956061531362457,0.11098309279093699,0.3289425203350333,0.13932047777689005,0.0,0.0,0.0813692878975422,0.014417311493726786,0.0,0.0,0.4623953753805154,0.06414221486800767,0.047981463361094316,0.11786863612329415,0.38826414586369357,0.13262483794141589,0.0,0.17007828029827937,0.18038781560468836,0.17561306679918345,0.09882811578848907,0.25608448372828146,0.1646301535398419,0.21136806262983543,0.32535281005356526,0.22433142505789552,0.06746475725551197,0.17574658672598722,0.0,0.1722144847613979,0.12822421928173738,0.13226820057345448,0.07905126117758506,0.0,0.24991938296193267,0.09595431818052697,0.21371709212339352,0.10645172514668941,0.2670547848296977,0.18243746807895747,0.2605435805911323,0.3378275879303972,0.20904179679141827,0.28963418915509237,0.2898927438897635,0.2609465708155204,0.159648882108126,0.3255705581249965,0.2729270539929041,0.21295894689912528,0.42965573257571893,0.0,0.041980470153212227,0.0,0.0,0.5123818217493232,0.21636839682561426,0.0099089565943331,0.2094668124281152,0.29366047456252553,0.17729586713720027,0.09378035217746339,0.22317737246448172,0.13124619781502825,0.13554389214852428,0.12530117469304639,0.09392754044561494,0.055027270631280996
0.510187506839047,0.12285357374303434,0.5926572114986369,0.0,0.48161584853326,0.3427718094791276,0.12358706102475736,0.23553451984821064,0.6658483777087615,0.3507820328824652,0.6021559009374573,0.1787377938350401,0.026122562687295167,0.0813692878975422,0.0,0.45510825582000763,0.32507129411338687,0.3602027897462169,0.45101641245959107,0.8391951933162101,0.48484942781046575,0.8081608207347226,0.4273774410956698,0.10793219431715728,0.29787429713018265,0.3090510248752759,0.6442163109530816,0.6078651948567527,0.4294437747714132,0.5803266268086975,0.47688296195607155,0.0,0.0280902341392049,0.4121471488175939,0.0,0.0,0.0,0.04329668268567266,0.0,0.0,0.05913303946515554,0.0,0.0,0.0,0.0,0.44039062367779314,0.27439843656571344,0.6618769502820246,0.0,0.0,0.2852672860664701,0.0,0.21121621300600543,0.6415354752522109,0.5088574053047831,0.6362652487201381,0.2789544223030774,0.06514580231595464,0.0,0.8325144265790988,0.2781135268502184,0.31625103016454464,0.42662003533526893,0.3790231512076909,0.7911437234098677,0.3731284828757382,0.7322433512659171,0.4421673806070603,0.06837069997571069,0.3132932148538913,0.2910559114963596,0.6523284850123907,0.7289625130958369,0.4239227060328953,0.3007499707880423,0.0
0.5229386324365259,0.31197019589125097,0.3452196200136757,0.0,0.3183364845484798,0.34915213312050947,0.4037988325154042,0.0,0.40604866441070336,0.4453732554718445,0.2870031620908002,0.0,0.2063203441970243,0.014417311493726786,0.45510825582000763,0.0,0.2969448845713638,0.7715238260221139,0.25406331695148515,0.4409333384491829,0.2970640699464235,0.6357676245800008,0.15963179799054253,0.0,0.5562055261352276,0.32658621282813266,0.5471113084274396,0.3304208979230572,0.6290226946757246,0.327139331973858,0.4577156070134748,0.2667815741618992,0.20514770610387156,0.3770043678196374,0.0,0.0,0.0,0.07169678026821276,0.0,0.19394927803494427,0.2634905672926401,0.042620206394101606,0.0,0.0,0.0,0.4829560882964252,0.19909117950821542,0.39129648496752667,0.0,0.13384304728857846,0.19916989979410027,0.15397345683638153,0.0,0.37572123962008147,0.35057008661010847,0.3069787683264869,0.0,0.11508271684456463,0.0,0.41680567659224305,0.594928547488538,0.28227625293025294,0.55741288752422,0.22757019764804148,0.41197381213253315,0.11942109103431506,0.5025359945953435,0.10177196025671624,0.0,0.3845734577242586,0.17742242074481376,0.4764673933479164,0.4541176857129409,0.49400989876810847,0.2510151039857257,0.2668378285029467
0.2172447688855742,0.22665549230799092,0.12691795421358326,0.0,0.04891681888966062,0.2465683209905336,0.049723943823919,0.25716728202843947,0.22170148500132159,0.5653563840961204,0.1630268182821135,0.5380268277557151,0.2395153364892436,0.0,0.32507129411338687,0.2969448845713638,0.0,0.601092837258695,0.157626787724807,0.17987791432228664,0.1728777547587802,0.24506938035419332,0.14364944250943582,0.2419824476692148,0.28318730617162025,0.6528382114855102,0.060773941687380734,0.2589440800183673,0.06575678696133028,0.2589749706082429,0.13699384703541218,0.033417806150432945,0.28750013640632033,0.10513363811571498,0.0,0.0,0.0,0.0,0.0,0.16143652470750977,0.09357078081494602,0.0,0.0,0.0,0.0,0.06426235994977,0.1638122288883201,0.10326828233202122,0.0,0.0,0.11817378235862416,0.0,0.0689759725152242,0.26001639117283387,0.4313096928548084,0.17837874024327172,0.3799132474908565,0.02742101819929405,0.0,0.37254364908083965,0.13321722710423792,0.5226334714526973,0.44977044370761843,0.0865266435986544,0.21823590802663184,0.012409515446061007,0.1943972044710717,0.09563282637853121,0.18222334134949725,0.11308077752102134,0.27594768704580946,0.09849301704873915,0.3344632616243155,0.0,0.12461633440609085,0.0
0.306690149930806,0.3446720643109092,0.22392610989714323,0.0,0.1562575534273731,0.33565795309295204,0.39545388476351107,0.01121875126152789,0.26756043058373374,0.6203257922070308,0.12308212322318503,0.2392237386072147,0.31294263146836027,0.0,0.3602027897462169,0.7715238260221139,0.601092837258695,0.0,0.23414923015228453,0.29328602978655105,0.24743172183751705,0.4897802857472641,0.05581260341733413,0.09224361919449821,0.5392705481543771,0.45453358193463317,0.3598675852630861,0.16803229940563194,0.41807485940755273,0.2894805082414556,0.3011510772474349,0.3053475044085954,0.1941443688238687,0.16567647575963304,0.0,0.0,0.0,0.0,0.12843668730275826,0.2581329270644252,0.22628119401045607,0.026693160075545015,0.005920925222850363,0.05826195177226452,0.0,0.25959151935876584,0.31941341007500973,0.2350912738398702,0.0,0.1131729874395636,0.191047820528236,0.11397779903125284,0.0,0.27670321273727194,0.48655543027691545,0.155478580996693,0.19067697230580555,0.17394049419115803,0.0,0.34671898616041646,0.5814191834236639,0.5154612169576442,0.5534781294175893,0.2257756596789819,0.3177033466546969,0.0,0.3900711253247549,0.0,0.03364531389497664,0.4061091301924238,0.24608815797695735,0.350471581764111,0.3514055142802527,0.3401890653318029,0.27520903239682915,0.250858800946843
0.45902646716993595,0.24374179258257722,0.8304871468200242,0.09942908734061764,0.6393913632954524,0.40770476294934993,0.1955892619968311,0.4278046762405445,0.6575727741733112,0.30010790024508927,0.7553115819417862,0.10878081839288804,0.0,0.4623953753805154,0.45101641245959107,0.25406331695148515,0.157626787724807,0.23414923015228453,0.0,0.39132389556161673,0.24139792289435555,0.3972161632706562,0.4587263720491872,0.1001417018779529,0.23589433284682423,0.32079214116377086,0.5812698178251912,0.4702542772956889,0.24853811352431088,0.5387295112204692,0.3690433574580796,0.15515394937160548,0.3387329637575343,0.41116397524028775,0.0,0.22463849468903854,0.0,0.20883502217557542,0.0,0.15862523624235592,0.0,0.0,0.20833370052730243,0.008512611125741367,0.048020797161620395,0.3375212979195935,0.37885384819155793,0.7023514919596956,0.17578093646970164,0.49770659762328046,0.27799344243609675,0.21549067058827862,0.21558565231477295,0.6822361106933931,0.4467879585259444,0.7378088230399552,0.3350018196371852,0.10952861355021289,0.12487470646480935,0.3894693790565466,0.16573311834587925,0.04889745652298427,0.0893041721286803,0.9202098279757078,0.5452863915772236,0.16006515638422675,0.4814581302532363,0.2674152616236279,0.15312801690861869,0.21159879362536396,0.24308117959988612,0.4788252070510289,0.40790185474279833,0.23884600690967156,0.06485114678145916,0.0
0.3302897739333225,0.046618882626743664,0.5287019907243954,0.0,0.508177892238894,0.2669568564723278,0.13293449757784126,0.02265943103208539,0.6661756668759996,0.253036065610678,0.5742004906227229,0.032337429882737516,0.028730455182790878,0.06414221486800767,0.8391951933162101,0.4409333384491829,0.17987791432228664,0.29328602978655105,0.39132389556161673,0.0,0.25534710570490915,0.8836518771547809,0.22653518820247132,0.0,0.2017047272236891,0.15549786126007936,0.696087666826486,0.6000732666170195,0.505065160193172,0.5852621323077826,0.336056518130424,0.0,0.0,0.3163308443336335,0.0,0.0,0.0,0.0,0.0,0.0,0.104080754082484,0.0,0.0,0.0,0.0,0.28883118106771344,0.135811581509085,0.7170271598020841,0.0,0.07605639917565288,0.17407776554047635,0.0,0.0,0.5486493584190626,0.33068711944066925,0.652381990037735,0.09148237291740964,0.0,0.0,0.756040706327098,0.2657018062404204,0.20299766056238544,0.26619629626899766,0.337561757892265,0.8576290335339596,0.1461463930857869,0.7764853021317336,0.2273158986847368,0.0,0.22423633100649204,0.1663019086385266,0.613867154441513,0.6046134332459103,0.4044328366883691,0.28790258024229637,0.033486808365968276
0.5494599592639307,0.3195123119338925,0.34285565059899475,0.0,0.24437678174902577,0.40970075145117024,0.247188212299039,0.4568654767227843,0.3180544919292513,0.39892994547142935,0.25716525229279164,0.014678457471531198,0.32056050930778246,0.047981463361094316,0.48484942781046575,0.2970640699464235,0.1728777547587802,0.24743172183751705,0.24139792289435555,0.25534710570490915,0.0,0.33587934398175007,0.548143191729342,0.15389634805338062,0.4840431948437851,0.31663360422737796,0.40131201837422537,0.2509279792647619,0.4161877214610595,0.2573538795453961,0.4746644362584412,0.0,0.07978544925366454,0.24796758036282088,0.0,0.0,0.0,0.18715110044027683,0.0,0.0,0.0,0.0,0.06185498873908917,0.0,0.0,0.5033823427458981,0.2668126045182007,0.23969404929494278,0.0,0.0,0.29478116253041603,0.11913188103084946,0.4105539333086984,0.36245646521092045,0.5047816983210903,0.2775513871958444,0.27410098177025716,0.22101886131130383,0.0,0.4358081033805188,0.05871437351093596,0.19702251576776642,0.3300683260536243,0.1478713897620774,0.24159858949818547,0.753104445150364,0.22316837210524706,0.45212962877032253,0.1923161678780822,0.38157558190961666,0.3159658440995707,0.40910764765791324,0.3276964772034394,0.30510208954057405,0.020584610989142327,0.0
0.4814249274185925,0.07843492779808962,0.5635098880179834,0.0,0.5374341237433321,0.27197834331342297,0.3014611803198015,0.027702551171158322,0.6575497285334724,0.3289197692187925,0.635209283995732,0.0,0.0,0.11786863612329415,0.8081608207347226,0.6357676245800008,0.24506938035419332,0.4897802857472641,0.3972161632706562,0.8836518771547809,0.33587934398175007,0.0,0.2543754725879602,0.0,0.38934793851600064,0.22871895609831605,0.7606792567998056,0.5644983790788473,0.6084216299827064,0.5858773977601189,0.528590580322818,0.07353440208561529,0.15225353788604506,0.48199673381652525,0.0,0.0,0.0,0.05040733438058624,0.0,0.004805221484730358,0.18398801879134352,0.0,0.0,0.0,0.0,0.4130595988266514,0.22293763108737574,0.6444124953709252,0.0,0.182128557578027,0.20058235470682156,0.003968542615084604,0.0,0.626182575319503,0.45578916366859823,0.6793112380970745,0.11540171163088164,0.0,0.0,0.7273759811869921,0.375488657633466,0.1730076865466266,0.39384563912104914,0.36706520035397655,0.8299592856291779,0.1759218417403449,0.8646512199873455,0.23458853548525496,0.0,0.3556440708270899,0.20510310635467452,0.7109456372507221,0.6062188728446386,0.5436603982240517,0.22603003150670553,0.05854773084202498
0.4726638535763672,0.451073777965083,0.6445919071199463,0.012597000843322468,0.38109688072999603,0.7663007811219543,0.0,0.7650888667239019,0.48716957335793737,0.2951715764083637,0.4592543692110708,0.3079418993222843,0.1554841276945374,0.38826414586369357,0.4273774410956698,0.15963179799054253,0.14364944250943582,0.05581260341733413,0.4587263720491872,0.22653518820247132,0.548143191729342,0.2543754725879602,0.0,0.4331516946930496,0.3931392258056108,0.6083214070248376,0.43510588833288527,0.2968993719683129,0.20691720195975574,0.2966432603216111,0.17695422691566196,0.07355018065686769,0.28369964245960977,0.128921437076078,0.0,0.0,0.0,0.2818605982463961,0.005201897740365479,0.21226614476472913,0.01998844293527645,0.0,0.16641136239262663,0.0,0.19785227493686425,0.4838828128757719,0.6025682518212387,0.4704748363640088,0.09932921274182024,0.2414891851352908,0.6613661725034173,0.13276318324078445,0.642655968159477,0.5098513222890979,0.4473844474768476,0.5316303930560958,0.4611240249261303,0.4655907833612666,0.18383891559149126,0.385939012583521,0.08471894197187164,0.1683356573759013,0.15939018032767838,0.4416395964715647,0.34054916545796216,0.5005800719385739,0.3082727879350118,0.8923359777141928,0.48202735785876133,0.3699627887314079,0.6449712698209964,0.41282683496179284,0.48101731545540605,0.2556672693212227,0.1645440057962816,0.0
0.18063628856109218,0.05690593915934778,0.15833810566144815,0.0,0.044833503075186014,0.3785394277788474,0.0,0.49096225799475207,0.16587605235872407,0.28077890607185535,0.05202368233410727,0.6264842705187134,0.15272413494946732,0.13262483794141589,0.10793219431715728,0.0,0.2419824476692148,0.09224361919449821,0.1001417018779529,0.0,0.15389634805338062,0.0,0.4331516946930496,0.0,0.053305137283847163,0.5652123780362975,0.0,0.0485430692431265,0.0,0.0,0.0,0.1570440584982646,0.19541608855121306,0.0,0.0,0.13256428111889118,0.0,0.20350988486969038,0.20713236325153409,0.33567630168338247,0.2505987458029462,0.1056625837871393,0.12710550089185274,0.23679300452332275,0.33964989919666855,0.20611791913317004,0.2700547212282512,0.13231449023314273,0.1645421145589392,0.08196910611508716,0.4712935483717134,0.11730065116938256,0.32462125677108433,0.19953602116498076,0.3232795565044971,0.09748108126928434,0.371581215790507,0.3626123151705829,0.022533573087207666,0.06222260017394644,0.1634096643704944,0.3197763667495337,0.3793377041317897,0.08738276263009519,0.12605404603972953,0.24295785959829838,0.09942309110844988,0.33939440601102616,0.8339865297914669,0.17507548827964645,0.6449754103948006,0.0,0.3527577511689643,0.06089435599373512,0.20888525545520742,0.2896250518225102
0.4767126337698381,0.7425078250876689,0.41837812215417175,0.0,0.15524622165412072,0.5276176020005443,0.40955303126366405,0.10205764585755381,0.26561926978474476,0.5672449808046882,0.26855560441459764,0.0,0.3129072051677812,0.0,0.29787429713018265,0.5562055261352276,0.28318730617162025,0.5392705481543771,0.23589433284682423,0.2017047272236891,0.4840431948437851,0.38934793851600064,0.3931392258056108,0.053305137283847163,0.0,0.5036066091373188,0.5380710556027498,0.041153174047779253,0.5531350620581672,0.1972205414543083,0.22245297214494875,0.1593666374102245,0.12844338099058383,0.0881560853305175,0.0,0.0,0.0,0.0,0.08207931200435603,0.16771583689858616,0.0762680458467697,0.0,0.0,0.0,0.0,0.46132749264376927,0.5481020468520162,0.30191597990507835,0.008205343940150973,0.10602431869771062,0.417276974912919,0.18979210820016726,0.05324422220140018,0.3083760621321023,0.6335515461938822,0.2783041312288403,0.15149210900129367,0.328731269510783,0.0,0.307912376744867,0.4381973552532942,0.3137116500641544,0.31469676611951153,0.22981380347803226,0.3048294906187209,0.3580825035206579,0.3605182261311026,0.30527497338798787,0.11163236922214233,0.7172284134639957,0.4426873131756189,0.562757208665264,0.3280701489320685,0.5887129699536613,0.22018828843916613,0.1646040934613242
0.40119595369512334,0.617007447857789,0.3854457104978822,0.0,0.12141142974704203,0.5907660376941077,0.0,0.57407962332992,0.31641694060839004,0.526420409357627,0.2900787863384493,0.6295933659104584,0.19383015845561422,0.17007828029827937,0.3090510248752759,0.32658621282813266,0.6528382114855102,0.45453358193463317,0.32079214116377086,0.15549786126007936,0.31663360422737796,0.22871895609831605,0.6083214070248376,0.5652123780362975,0.5036066091373188,0.0,0.16075587753390175,0.2121229434360044,0.05489527803035513,0.1852917872535869,0.049252598228388816,0.13183835904274574,0.36860494865686877,0.030449108045122464,0.0,0.0,0.0,0.055551347450486295,0.06792007563871048,0.31789131019950456,0.15470538917992577,0.009138508398391674,0.056868931589172625,0.04747720734635457,0.17801377238022162,0.300844882729396,0.4974410686465926,0.28209296157978114,0.0,0.07978754051760054,0.5059988512359342,0.0,0.3078404531066062,0.38763055547586805,0.4947608400797982,0.3511661237031854,0.4751916068037123,0.31523304382741796,0.04508416392939763,0.3617927533919635,0.16761326362166826,0.42097802373103427,0.4012375742747852,0.2676383359325018,0.3509483995828701,0.22328978791448983,0.27132582272814787,0.4424334499908757,0.4949471265049462,0.30442802282117487,0.7230839671023636,0.24833517797710056,0.45765938560099356,0.1158926549886755,0.19540053816459668,0.07882643052192016
0.5657614019223921,0.2776918805918469,0.7682579943252794,0.0,0.6844884555333764,0.4714170645055885,0.483002874879949,0.0626953694930641,0.8071941259285866,0.36049227256787864,0.6989989872900921,0.0,0.004460805302294993,0.18038781560468836,0.6442163109530816,0.5471113084274396,0.060773941687380734,0.3598675852630861,0.5812698178251912,0.696087666826486,0.40131201837422537,0.7606792567998056,0.43510588833288527,0.0,0.5380710556027498,0.16075587753390175,0.0,0.3981975459914383,0.6859307909975286,0.5182773975399262,0.46208124375983284,0.13571382515010677,0.08882868543391703,0.38803445436726114,0.0,0.0,0.0,0.12021018602430464,0.0,0.042848774270364244,0.08048566680999464,0.0,0.0,0.0,0.0,0.5643496758384731,0.40647060280638586,0.7635632200144736,0.0,0.3858261084887384,0.35354068926022575,0.23505963662521107,0.00760509622451433,0.7491624167521563,0.533437495254689,0.7125400605647265,0.01883619944696223,0.12531325787101621,0.0,0.5442711285683595,0.49366651236824066,0.08535948734293734,0.3077740121015339,0.5743953955870874,0.7300813140235577,0.21986214382801914,0.7476729771577546,0.34837378786712025,0.0,0.5593504509094667,0.25719467320123296,0.926377931759452,0.49357159756965857,0.6954285301117351,0.2077864737142795,0.11870324209675454
0.39574043467429926,0.06708441165231299,0.46266324754635535,0.0,0.4964051223634464,0.24227351041205578,0.0,0.3014888663758504,0.5893035343361858,0.16254920820418442,0.6177084557462154,0.10740501421315492,0.19090145661199925,0.17561306679918345,0.6078651948567527,0.3304208979230572,0.2589440800183673,0.16803229940563194,0.4702542772956889,0.6000732666170195,0.2509279792647619,0.5644983790788473,0.2968993719683129,0.0485430692431265,0.041153174047779253,0.2121229434360044,0.3981975459914383,0.0,0.2673607032579341,0.677501132884029,0.496005502941222,0.0,0.1914253425902793,0.5434184447467871,0.0,0.029835940695253766,0.06163304881745534,0.18945254155591904,0.0,0.027385867963766918,0.060587524194833174,0.0,0.0,0.0,0.0,0.28439000676372217,0.11561980192612518,0.5926865811409633,0.0,0.0,0.12006358950975363,0.0,0.30908177007231374,0.5349302951251513,0.19495330958495477,0.6654134307275488,0.3057515434066268,0.0,0.0,0.6003890908969369,0.037258212331169785,0.23226130341310383,0.2460924001391289,0.35108874921288014,0.5013918235432904,0.29797143940883647,0.4343169643564948,0.2801151128573113,0.10353672202868992,0.005145863621691005,0.15222356262245076,0.35732246555308417,0.57810944973487,0.12192543683959714,0.02993584852078817,0.0
0.49526306935272885,0.2539592614653739,0.37039344096389676,0.01959694226756884,0.41476570791815803,0.3921495839462834,0.5124161711370673,0.0,0.3911430377123513,0.31778412053484245,0.29798137413641046,0.0,0.2924882887091313,0.09882811578848907,0.4294437747714132,0.6290226946757246,0.06575678696133028,0.41807485940755273,0.24853811352431088,0.505065160193172,0.4161877214610595,0.6084216299827064,0.20691720195975574,0.0,0.5531350620581672,0.05489527803035513,0.6859307909975286,0.2673607032579341,0.0,0.42539559124302617,0.42619280283000166,0.2765763582309078,0.1468961821351874,0.3440158055421417,0.0,0.0,0.0,0.07394736898240686,0.06361713091256528,0.14827147284452533,0.23869912431650508,0.0,0.0,0.0,0.0,0.5159833059949653,0.13988520195631823,0.3906446771005138,0.08967825181095487,0.2181787579168575,0.1725715493481558,0.33160442417508984,0.0,0.3166278609382145,0.3127299072905332,0.34033651200193976,0.0,0.14984499017544187,0.0,0.3607015806746139,0.5190567060201561,0.023102777463883267,0.3666045442338886,0.2176505158610839,0.369582451953742,0.20148843098696553,0.5203486210868565,0.1325281508058981,0.0,0.42853277281311103,0.11004821131435695,0.5104185811033772,0.3609390564762312,0.6483149178415627,0.26617099221038,0.2886290764000603
0.41696761036495755,0.11530377546765945,0.5784201739708542,0.0,0.5098960195019541,0.2666429734532768,0.14796844842191417,0.22360562677038948,0.5860293714873163,0.2493345938274609,0.5845610713490319,0.03973506279787043,0.03926769387652493,0.25608448372828146,0.5803266268086975,0.327139331973858,0.2589749706082429,0.2894805082414556,0.5387295112204692,0.5852621323077826,0.2573538795453961,0.5858773977601189,0.2966432603216111,0.0,0.1972205414543083,0.1852917872535869,0.5182773975399262,0.677501132884029,0.42539559124302617,0.0,0.4939049677587079,0.03897601328980995,0.3098475816427994,0.5247440056634503,0.0,0.0354684668013078,0.011503707071165686,0.13001176706691508,0.0,0.1100183141587114,0.0890889322586385,0.0,0.0,0.0,0.0,0.3230681706903243,0.17643346912857186,0.5879150348462485,0.0,0.23420488063519482,0.10032604694245577,0.10223920118601167,0.12888653009374842,0.528926392771089,0.33851474875341064,0.634679898042346,0.24541061860501184,0.0,0.0,0.49288181122544794,0.19136587247145612,0.13880508144781853,0.2046681128291329,0.47244923142526396,0.5826964028860071,0.1345499938959928,0.5554359037789061,0.21454896000341633,0.014346722320784516,0.1609806506803421,0.1272956356281667,0.4370692413383726,0.5353473331867453,0.29786168211314334,0.1636481074592768,0.0
0.5745327166593911,0.03836833616573885,0.3953286629714316,0.04859149875655386,0.4271487105126628,0.12458400481336242,0.41603750063685363,0.2097282869977611,0.45661592045225213,0.20740163454063687,0.4466233890202364,0.0,0.0,0.1646301535398419,0.47688296195607155,0.4577156070134748,0.13699384703541218,0.3011510772474349,0.3690433574580796,0.336056518130424,0.4746644362584412,0.528590580322818,0.17695422691566196,0.0,0.22245297214494875,0.049252598228388816,0.46208124375983284,0.496005502941222,0.42619280283000166,0.4939049677587079,0.0,0.033663714922246964,0.2644536850289341,0.6914170077067503,0.0,0.0,0.0,0.24640816011853067,0.0,0.0,0.0,0.0,0.0,0.0,0.0,0.5798250264421818,0.17858300287893683,0.3148125148263063,0.0,0.05189354871163034,0.0615722326498312,0.07076826505230624,0.18995898381802295,0.521398196117473,0.47078658198224016,0.3917398220537358,0.2554620786382157,0.0,0.01497693191163687,0.35727953128647216,0.2056242360855688,0.18750905099991944,0.3704899444628692,0.2915010387996091,0.3943071625637676,0.4177535460454119,0.4445990278807902,0.17772476496776948,0.0,0.30002012782111276,0.09415530865026493,0.4440177026420097,0.3395390834247978,0.3565013452848485,0.0,0.0
