0.0,0.686163084583051,0.3107014852225066,0.3301758939107592,0.4167205452421234,0.43511837814366083,0.5010386214335237,0.5022654498117028,0.4470457005858384,0.5607822499868498,0.10207741971374938,0.3933572696888403,0.5980578636349992,0.3955055786957167,0.49995264806956125,0.7616786967419095,0.7633283561507949,0.6406996175966048,0.5241709875250294,0.5203906890441891,0.8230637245614909,0.7228429573243007,0.6094670497236754,0.7060457677991048,0.7391928926595079,0.8305127883564929,0.6260184434069908,0.5634627899770627,0.5797816158757779,0.6844033849468331,0.6431116319148157,0.16356441904766264,0.5623600869609393,0.5144352910886303,0.0,0.17831492804733243,0.3687578930977638,0.6064253955558578,0.3424670169145536,0.4544098876411317,0.5020307400783299,0.0,0.11419199934314817,0.13496560760785992,0.5134103073577246,0.944609221465844,0.6806708828075522,0.5058835899092229,0.45994944564923024,0.02068295187140105,0.37632139569860423,0.19018050445946721,0.5204811353532383,0.38788460385716883,0.46002937948888417,0.03055795953656515,0.4167383376972304,0.4949781886169768,0.0,0.5342243659250754,0.6063241824741322,0.08606722173323743,0.5593673902206234,0.5349450475458676,0.6013571482877801,0.8264775561117809,0.6811353653809399,0.6798538096669804,0.7414485375164502,0.5984675925604539,0.7775541842893605,0.5613625038628176,0.5447312801306341,0.5426543663439624,0.4995630288528636,0.37974566876085764
0.686163084583051,0.0,0.5101792433081124,0.5294137530266281,0.3061468799945446,0.7953512940796416,0.46968807633636966,0.5806091130975328,0.6361293864564941,0.45152710068170826,0.21724687912021576,0.36724711578847,0.8063597128615584,0.3550331165105996,0.6689729319902662,0.7366545199302073,0.7481447158789784,0.805297171597775,0.5922936318394636,0.7772381284494504,0.6946652057999133,0.857541123283055,0.7455060648457216,0.7364634263971954,0.9376401248345466,0.9153896206512918,0.798405413588966,0.7546872124351044,0.7640300939330241,0.5634909289043344,0.31148708758745103,0.4877275456489778,0.2728026481655798,0.19428422302526754,0.0,0.41156827417162484,0.5781449691134954,0.5560374014354228,0.5741324714146057,0.43655798394309314,0.43173650398641206,0.0,0.27345345455999187,0.4105294369456178,0.44251220380736345,0.6158755753915679,0.7277486092590287,0.6286164840674006,0.295683943803034,0.0,0.5991595025104766,0.0,0.34359622178450294,0.4856246052147119,0.25193529929891384,0.0,0.31745151373871905,0.36904327777430834,0.0,0.7961625925286914,0.5116238157667665,0.0,0.3900468440596167,0.5217044854294172,0.6841334958967203,0.687910777579542,0.7103018442870286,0.7347084855722144,0.6623783228343462,0.4688276525240498,0.7203951166566401,0.7832032371561362,0.4487436367632462,0.470116212360786,0.15718501217662034,0.1474375362668732
0.3107014852225066,0.5101792433081124,0.0,0.3846440858119126,0.2723731028375714,0.6660928613987926,0.18531268173770504,0.5242896120120978,0.7131267897676346,0.16756236681716868,0.5477806551430988,0.2817943934989569,0.5296822144310721,0.056788949379434316,0.7532742741093729,0.5613138093723913,0.3127231290310526,0.6069719863792993,0.6164012574432746,0.6412937282291773,0.5221137226709196,0.623850081131863,0.7061536234181598,0.40551286462645725,0.47751010901008134,0.4371758691882177,0.7311161826936229,0.610935312721159,0.600515336819103,0.5081650885590349,0.28434270726343264,0.47537324031696154,0.1766869773055826,0.2203901585560299,0.0,0.37721249952726266,0.15806362015701847,0.1986791293991157,0.4357337739256795,0.34277091830183853,0.2911605317596852,0.0,0.21647848054521496,0.18848430565724592,0.10622592090256917,0.30628038344633685,0.5195238626597576,0.8780821160143767,0.07331437446360875,0.03446089419940554,0.6826274044415622,0.04788694350659736,0.13175665147512075,0.7603826886326899,0.18660479244272302,0.10639626055905718,0.26522502645489304,0.4282657065433671,0.0,0.6124883901082306,0.4748131895575273,0.09293988733383125,0.41331668565242713,0.6163473233882161,0.6524177562835247,0.4562454406949227,0.6383475553941762,0.5357855808170926,0.3682182706707768,0.4170488995345347,0.40207042920525465,0.6504985691122633,0.4828200532911875,0.6048716231070252,0.3278102268828939,0.27741282333079503
0.3301758939107592,0.5294137530266281,0.3846440858119126,0.0,0.21265093242820493,0.48928056622516874,0.4012630913449569,0.5138689100792543,0.4219888904920866,0.16178289831861234,0.2555396694742221,0.12570585921567312,0.5481605166411772,0.3739433770157856,0.43317232169927844,0.3871623505123109,0.36946781541633383,0.4237063595335873,0.4246417640524088,0.47042637339982374,0.4380816858400161,0.4305834087139529,0.48267548244022696,0.4954389673307527,0.48077552888928676,0.4533303852186048,0.4766778663521068,0.5597249843219583,0.43185072291995746,0.4115440538867717,0.1543546358800143,0.43157351679646005,0.22760735926592504,0.05123363224412452,0.0,0.45511350254245153,0.40030090080217545,0.20385463906944534,0.5583542369740572,0.41450270845939874,0.3154022756026578,0.0,0.38668910712604343,0.26768133705375263,0.32149052316890064,0.3476923571473541,0.34784432700768375,0.4915968794769289,0.18283301741567135,0.0,0.4338342062012644,0.0,0.27722374978101016,0.35365589515966733,0.09343644861277023,0.1268812421649187,0.14288423654216434,0.2634504041316602,0.0,0.4608577940510905,0.24754054874755943,0.0,0.16676049031880644,0.4080246655550058,0.373898883537015,0.41732630469681353,0.3325913462523858,0.45681066553979377,0.4298487934573847,0.21159399006381419,0.3261303406749083,0.4606418604003874,0.33967214788755484,0.2591971408601262,0.20072031235895615,0.14002543651118393
0.4167205452421234,0.3061468799945446,0.2723731028375714,0.21265093242820493,0.0,0.13074599630334086,0.7990964837725695,0.35036885026618825,0.4695630587890342,0.45428082993408264,0.5923003242535736,0.24438509145917145,0.4706847858282039,0.6287189301658287,0.2947334728394633,0.39718483645982383,0.4782301596019431,0.2613569680214395,0.4671853711750413,0.2590961695018213,0.4674203639342619,0.4999230596496833,0.22800164124229336,0.15121022772192327,0.24176688676686256,0.3049693007304201,0.3577719348350774,0.23577115646063918,0.24059962211889224,0.44981699623300536,0.45592803000333926,0.0335894534879607,0.1784857391973871,0.21123620735034446,0.0,0.0,0.11569314916009586,0.2276379908007814,0.07940593361367394,0.01810985451637851,0.04363382939024809,0.0,0.08128739505576371,0.0,0.14133890810255478,0.34793731174517584,0.3862131149795503,0.46415749350415825,0.20747460503354942,0.3482269099705247,0.18302109764106692,0.36037651114074076,0.6445093762522994,0.5204812088098021,0.24877152950934417,0.5490548990218405,0.17466845054131777,0.3779562559399321,0.3224119810282411,0.39825038347583985,0.2475140096245077,0.06307145549558464,0.13854407397225768,0.48581985343859313,0.4084801032770421,0.5003749125624884,0.43144693786640603,0.41220678105014297,0.26962352478929974,0.27326408992069845,0.32070056897437654,0.3742819547794792,0.2985175164274516,0.3424831698788439,0.4684554261090102,0.16487613403535464
0.43511837814366083,0.7953512940796416,0.6660928613987926,0.48928056622516874,0.13074599630334086,0.0,0.20021081504580282,0.6186081149649021,0.7785540105005143,0.0850909486370581,0.24564283771555986,0.2307576209289726,0.7342387186299032,0.04178308051872198,0.68468411206206,0.6454117317044789,0.4002707348889375,0.7836366163705678,0.6317830815749348,0.8082521053880657,0.6312383006823298,0.6697476463400597,0.8545974763547408,0.6593282920518585,0.7350688653955654,0.6317748319320504,0.8477300253647535,0.7339510088092167,0.8880173771547989,0.5762175089116524,0.12340889397596354,0.620474408066832,0.1660266514296771,0.18696717906854898,0.0,0.47916281634466645,0.3937078556487485,0.31297571707919936,0.6297350631143888,0.5144706251583515,0.4690167480945382,0.06056243364640141,0.38620863347603684,0.49970523491767666,0.315321086336231,0.4445429004272811,0.5569928787946646,0.6953119742375997,0.1315013333775357,0.0,0.8418172333823343,0.0,0.14402790698194365,0.619394347067716,0.04249119725833484,0.0,0.20376915247652452,0.3298475437006443,0.0,0.693528739422224,0.5642821557715322,0.0,0.3897854649385859,0.5832200699692212,0.6283633249450534,0.5408167383577,0.6102387683492384,0.7211362647165468,0.49997038594244525,0.3491462034562505,0.48091852323537176,0.7984736186201757,0.43244166670090606,0.5492404458824943,0.05954585510940881,0.15743172536363695
0.5010386214335237,0.46968807633636966,0.18531268173770504,0.4012630913449569,0.7990964837725695,0.20021081504580282,0.0,0.48917005823518594,0.33521764474999033,0.6433358697270856,0.4775932181207421,0.4172039167649175,0.663201200298837,0.6471911947767682,0.24144052407342026,0.48881944332165783,0.6794357272405552,0.3892748853581179,0.3800159541127109,0.23620216682975925,0.5040513711398715,0.5275520767786728,0.29486272423687276,0.2617645597766344,0.4291004179448159,0.4929838610516306,0.3498151164004178,0.3199918322355395,0.2549886165491207,0.4105841083709151,0.4790671738368878,0.07086428081480371,0.36418592570217917,0.17922875623186038,0.0,0.0,0.15057113334369315,0.39547548424124795,0.21390264142498944,0.15898032465529738,0.14773080596490176,0.0,0.15989760204967388,0.0,0.2710470249274457,0.4027314880889147,0.5090242059185236,0.3972026546987705,0.37688136115368115,0.32139942980480374,0.26601133159413803,0.44855763715947267,0.6935303945796899,0.404212387991732,0.45337996208093445,0.4966399739719833,0.32776651290455755,0.5557930546315584,0.29168301099326754,0.42383456042527423,0.2764654039873543,0.18504839725132985,0.2519345980279032,0.36852292366075384,0.3807274622923311,0.5529165020493882,0.4094119839770642,0.47354274514160066,0.4433722447676571,0.43826305968928825,0.4919314865074992,0.3947483332841959,0.4076534008144803,0.3345584284688083,0.4191409481522501,0.16229470512347235
0.5022654498117028,0.5806091130975328,0.5242896120120978,0.5138689100792543,0.35036885026618825,0.6186081149649021,0.48917005823518594,0.0,0.4432308261947213,0.31947109618213837,0.31024528295253473,0.3913901855595558,0.6857525579192799,0.304428922412352,0.5078974435606004,0.5502391371201945,0.4366634655839131,0.48309522126538207,0.41819047929252207,0.5033255860528614,0.6771255819199511,0.5211486317675917,0.7920628299270009,0.46982493547166493,0.4747744176922264,0.5719824959642752,0.5492409518625605,0.46248372890061507,0.4673684582175822,0.5552708953792364,0.3591091215307161,0.3952593502674972,0.4523136629236035,0.3710411532547888,0.0,0.2996308227003843,0.09645835865067284,0.3277055967969942,0.4905851701331425,0.4713732294831144,0.3535422170715971,0.0,0.22236822998844955,0.11026403763824781,0.30098436703809794,0.4449091812596892,0.6318332605966303,0.6084859476242428,0.36944789794073635,0.11740079753874592,0.6845864253615792,0.21679210328877052,0.6586991340918709,0.5081239269138279,0.30432444668804487,0.25459249149691215,0.3856609672214649,0.5978128930081492,0.0,0.479552506626937,0.3798956787593834,0.10390732897727385,0.3893491636881795,0.4876855543115852,0.5097760891271222,0.6123162621035432,0.5250765006689418,0.7286059872952202,0.5302914389576423,0.49585509714137077,0.5862963430109647,0.552106712656009,0.4378611545915915,0.43505939232311946,0.3662991865756225,0.15168498906812747
0.4470457005858384,0.6361293864564941,0.7131267897676346,0.4219888904920866,0.4695630587890342,0.7785540105005143,0.33521764474999033,0.4432308261947213,0.0,0.19847250310700482,0.38164476151108906,0.22257020823013082,0.6352928864711018,0.235200484320786,0.7151348042162123,0.5795197102882934,0.435479016599964,0.6454629669470832,0.7139161315142118,0.7677711376124279,0.5973290197579492,0.7118185953920559,0.6871730755185073,0.5199871396458857,0.6132097620562956,0.5421810775874429,0.8507092867156725,0.6846745946693209,0.7428982422456889,0.6105194608967329,0.24926698917006995,0.5249033846776082,0.13070637943678803,0.15641933705834965,0.0,0.3669230323161524,0.3842200414524524,0.30351579105031407,0.49316232417125283,0.3906993611558295,0.3354852656035661,0.0,0.24993099914707406,0.31282219055982524,0.2461069293695158,0.47936359140928836,0.5383678230484092,0.7760381045091616,0.12570348610471355,0.0,0.6675597692967218,0.0,0.1526285234652551,0.8684374025310827,0.12831477020407006,0.0,0.1999268174110941,0.3465678711269376,0.0,0.705031260317995,0.535286479663435,0.0,0.3937899450654765,0.6554605712094977,0.7005198565856937,0.5567069690610545,0.6755217528967467,0.6269236964890875,0.4907393726032037,0.40063702872809437,0.4620340226409813,0.8274690340395282,0.44993913749259135,0.5891909228329384,0.1935158285274458,0.206609169919844
0.5607822499868498,0.45152710068170826,0.16756236681716868,0.16178289831861234,0.45428082993408264,0.0850909486370581,0.6433358697270856,0.31947109618213837,0.19847250310700482,0.0,0.17819230013480214,0.7843640778916959,0.4988270714008066,0.36859027525291543,0.2358147321126417,0.44455997985045,0.8667863514432749,0.41897967725389235,0.3364464775213227,0.15672391764516566,0.42550804827855815,0.44412087401878025,0.273961573405658,0.40829017068260576,0.5035939987661201,0.6706310710849593,0.2541058140240606,0.3081791265256434,0.1660583404001399,0.3549294369968234,0.5257480985783491,0.026981145111417314,0.40871747303590616,0.2838415505252785,0.0,0.011624013582773377,0.19774197161953844,0.6384423596278624,0.11387121079885837,0.09968843688358338,0.2989529637625618,0.0,0.09258384291089403,0.0,0.35927601435257445,0.4794869683265722,0.6049596218817697,0.3356165052190625,0.5136142983992683,0.2796931707914763,0.02604917713657673,0.362371676897498,0.4519762139238066,0.16425358393808664,0.8397919669605683,0.24292833536853115,0.7252441031851471,0.5151098464661731,0.19633407894807134,0.3166209345640598,0.37552079206452965,0.5123877103374878,0.4855393679595352,0.33384674467502345,0.351561132061443,0.4716445425254706,0.510146506504651,0.39181310913879347,0.6457495638975608,0.6665557486437335,0.7425386616921331,0.2100627900750019,0.4655490060251168,0.2053187689287839,0.45642706166703223,0.3359018147044826
0.10207741971374938,0.21724687912021576,0.5477806551430988,0.2555396694742221,0.5923003242535736,0.24564283771555986,0.4775932181207421,0.31024528295253473,0.38164476151108906,0.17819230013480214,0.0,0.10913634859152484,0.43043682761352664,0.43243815330388524,0.3298877127011952,0.27714974206595794,0.2787236614344542,0.2860847661239932,0.5955570596587922,0.2319657219194379,0.280384263206193,0.3428519446482029,0.2278539095546355,0.21862710561665527,0.20648092385781416,0.16310973720005295,0.31580900678617735,0.3595292613362423,0.22925110764647344,0.3334978650188767,0.28692251535071933,0.35909032591685486,0.12089635629605984,0.05254571638821536,0.0,0.0444695867914141,0.1421767228926162,0.1669248249219575,0.3058406328934013,0.10020399048538972,0.03552281991138697,0.0,0.23884404677311727,0.0,0.19219984659351344,0.07213916950510424,0.27295981109646583,0.48549371580216655,0.06748614250800317,0.18931790719459327,0.3057211445861376,0.09056197754996334,0.3649492176455655,0.5500000083178811,0.060650453617297526,0.6247070874875026,0.10197603665924966,0.3182133325822341,0.28281944523524355,0.3646957497892652,0.14093616240286252,0.0,0.03556761753801447,0.45293432490158086,0.27849031715067346,0.3097170844458873,0.2903360837141392,0.2502804966534408,0.23812756810946067,0.13645040324272617,0.13290344731657047,0.33238599095834426,0.32608225967254867,0.28340784922169254,0.34218053118659103,0.17724038984324922
0.3933572696888403,0.36724711578847,0.2817943934989569,0.12570585921567312,0.24438509145917145,0.2307576209289726,0.4172039167649175,0.3913901855595558,0.22257020823013082,0.7843640778916959,0.10913634859152484,0.0,0.5217860302053943,0.11833723090876438,0.24811793326436346,0.4020830105769997,0.620951652613051,0.4183822395763421,0.34584793003209124,0.17319621718818232,0.36582304135418175,0.3272332500492338,0.3957223034084827,0.43753060743985417,0.3529717114821215,0.5525397586853709,0.21688623642940272,0.3385158985960802,0.13515841417773414,0.31678149115087517,0.3329926150689415,0.14755265935689346,0.36938007087104907,0.2991729102488342,0.0,0.1461838333289393,0.009129423264122864,0.450089315818857,0.14434110754078067,0.22212545190109992,0.4648316513469091,0.0,0.18817841241017638,0.0,0.35046916495536246,0.39570565143800646,0.5826597503181946,0.40003699196413195,0.4570523148490974,0.2931131297758029,0.2594045090097973,0.40252555810179946,0.26040869328288424,0.18548356468508764,0.8503693683225312,0.13078682840317174,0.9266618045740543,0.6718809791749542,0.10395717032000455,0.19963237038255946,0.5194221247777514,0.712110101448105,0.7191533624524018,0.403149050155109,0.4112405136679853,0.3383745948344955,0.534261908586532,0.3754652546169704,0.6490154251927591,0.71418696950209,0.7194420021428507,0.24198576453851803,0.6303204277414467,0.2695529777885537,0.44274943103446934,0.47688050419576483
0.5980578636349992,0.8063597128615584,0.5296822144310721,0.5481605166411772,0.4706847858282039,0.7342387186299032,0.663201200298837,0.6857525579192799,0.6352928864711018,0.4988270714008066,0.43043682761352664,0.5217860302053943,0.0,0.4299797729401786,0.5744234270431376,0.7756318231532262,0.7456665284990531,0.7802957234857765,0.7139174347151649,0.7038369463676083,0.6895372888329634,0.7773574690659784,0.7170894718299575,0.6895276138047841,0.7316003079759285,0.7985495501968438,0.6996821709023795,0.8279815696799702,0.6918931571008944,0.7453867600981757,0.4380407867696908,0.4803337236517743,0.3285162887546189,0.26297060361765306,0.0,0.42410672885688167,0.4653076993127108,0.5554880575875024,0.5578073321315674,0.41220187967976724,0.4628397303478763,0.0,0.4630984614943843,0.320711843550255,0.471336150791209,0.5968084763491349,0.6614216421532583,0.6934371400989412,0.43231134953794814,0.0,0.6416555902857154,0.07589897330812163,0.49230062496846155,0.5192759835830071,0.41836254447454335,0.17346952343235333,0.494675092992322,0.6339023838529202,0.0,0.6778026356841692,0.5591495864664981,0.10437681925408475,0.5510389837564766,0.6723932500809839,0.6955557820539868,0.6137108345876343,0.711320708996204,0.7177627981179641,0.6641220318449367,0.5147993939017959,0.6808935914413848,0.6950897650395123,0.7215917486507579,0.551633653767445,0.43095633660537064,0.3191236181607674
0.3955055786957167,0.3550331165105996,0.056788949379434316,0.3739433770157856,0.6287189301658287,0.04178308051872198,0.6471911947767682,0.304428922412352,0.235200484320786,0.36859027525291543,0.43243815330388524,0.11833723090876438,0.4299797729401786,0.0,0.17631071246204724,0.26683785688498324,0.4261059381843988,0.14113527011032057,0.29467608338260454,0.1960800530980467,0.32731422364423357,0.4288605231219311,0.12997617787653748,0.24755488699669298,0.27433258429225205,0.396961681164716,0.220493385666572,0.19846506256900012,0.12789461154849874,0.29770441089327687,0.32711759298432047,0.09478195297839775,0.1914563371414019,0.042984331515457996,0.0,0.04066761247393162,0.27554011338772433,0.3043472460605386,0.17967635326660084,0.020515029473491275,0.011123655322050787,0.0,0.12564760902016286,0.0,0.2629570073717562,0.31695510786812914,0.31730367057210346,0.24912772398691,0.25063995047075227,0.10231049290038927,0.07082886675447878,0.1351227885546337,0.573473403146521,0.2410953152409946,0.18056773355754505,0.4514901703111504,0.13868892500483798,0.24047337940019,0.3336941679117971,0.32555416774468604,0.06098606517678857,0.0,0.0,0.2992998816833431,0.2802118666441433,0.35640978550106056,0.2518313092088288,0.31958499688957814,0.37457817487136424,0.17198207556391099,0.3341495589588203,0.23817189877348524,0.1964459262771842,0.06555308390201865,0.2896905013311202,0.0
0.49995264806956125,0.6689729319902662,0.7532742741093729,0.43317232169927844,0.2947334728394633,0.68468411206206,0.24144052407342026,0.5078974435606004,0.7151348042162123,0.2358147321126417,0.3298877127011952,0.24811793326436346,0.5744234270431376,0.17631071246204724,0.0,0.5871840618810301,0.4265820896217033,0.639530937489621,0.5923084333386788,0.8744629615402155,0.7251863243566175,0.8470872521687959,0.7176166550963611,0.5011370620771025,0.6295970875792346,0.6079558780393471,0.8757508749655565,0.7023769348933439,0.7395060373426435,0.5536630468329944,0.2969813926266408,0.528391025860305,0.10145033117378251,0.18976460786188432,0.0,0.4585467104285386,0.4023962127235835,0.289106386154427,0.5427827080955215,0.32030996561952846,0.3198824140426903,0.0,0.3267299861666697,0.33120033092376044,0.2247069486734147,0.4527321484425114,0.6014583962967672,0.8016389246974814,0.19535010659197394,0.0,0.6080404954732449,0.0,0.17087374888578932,0.6427146480455712,0.18221693093598426,0.007757251672173392,0.24323523195842506,0.3548104196995962,0.0,0.9053448019804252,0.5783956377069511,0.0,0.468808659073845,0.6018314622577386,0.8702567668650477,0.6723921535503025,0.8308054635568488,0.6464723008009107,0.44301231034035615,0.445065583188927,0.5401714592080287,0.8228494502414431,0.4957642842969518,0.6693262930825381,0.2674654087294673,0.3014699156284138
0.7616786967419095,0.7366545199302073,0.5613138093723913,0.3871623505123109,0.39718483645982383,0.6454117317044789,0.48881944332165783,0.5502391371201945,0.5795197102882934,0.44455997985045,0.27714974206595794,0.4020830105769997,0.7756318231532262,0.26683785688498324,0.5871840618810301,0.0,0.69353741895358,0.8395499140180432,0.6301637522980393,0.6497156970169922,0.6787725555317016,0.7760077714530957,0.6874490864623097,0.6185152589809363,0.7160798871317676,0.745440611113963,0.7140272257483004,0.7556237823566837,0.6844261886009312,0.7269685049208063,0.6634707666714157,0.24149261627546856,0.43424929117663175,0.5240298643429576,0.0,0.28211264104539296,0.38080022892498233,0.5231091255219327,0.37333496851747844,0.4428889363277796,0.4185630272071566,0.0,0.17146923834107683,0.18461825695990824,0.3821810382904266,0.728534496747173,0.7180428561484685,0.6714679285282078,0.3457046827909625,0.0351922103673842,0.5725253009348045,0.16910031460869437,0.38816472169252686,0.5402322581662657,0.40395578449283226,0.05588434594827386,0.37303815227671433,0.5547017255745843,0.0,0.5690919971787672,0.6724762322477351,0.13221917134300396,0.643484814472085,0.6077158446904348,0.6843452628869612,0.6207328126666997,0.7434181098013631,0.6330510453765587,0.6270716979484513,0.605026276712162,0.6814334301071892,0.6481859334368753,0.6221366543582524,0.6422814586145328,0.42224687302635106,0.3447171505438569
0.7633283561507949,0.7481447158789784,0.3127231290310526,0.36946781541633383,0.4782301596019431,0.4002707348889375,0.6794357272405552,0.4366634655839131,0.435479016599964,0.8667863514432749,0.2787236614344542,0.620951652613051,0.7456665284990531,0.4261059381843988,0.4265820896217033,0.69353741895358,0.0,0.7134128586875438,0.5800225634306145,0.4442458753703942,0.5988373009153759,0.6807901888355115,0.47395431981361746,0.6784741021100434,0.7860683610992142,0.8873740130528674,0.5234372820854036,0.6128371015771955,0.4673678574487288,0.5648204185116011,0.5553045185269859,0.20822266443382562,0.4472069688419946,0.29958675664788414,0.0,0.13677790158380104,0.4670442575381579,0.685688060262437,0.3597866731536858,0.2969361590250047,0.4185707851559298,0.0,0.22727967460325887,0.10436116448106245,0.5479101439547234,0.7005966796059078,0.7119631407722413,0.49442252398792996,0.5171114977352255,0.05506290727539298,0.26042404507833206,0.17375582262209346,0.4795140121803504,0.3375024255346498,0.663941658424517,0.15896623948632965,0.5917125360797295,0.5631359898859358,0.0,0.5872239990609556,0.5063341042801519,0.27387964029757744,0.5388133017961909,0.5577952659887995,0.512731347652531,0.6180859112102847,0.6523291670736724,0.5645375900757479,0.798937789151516,0.6170003176976911,0.8060860330436889,0.4575152330237593,0.6087056549474357,0.36842285875855185,0.4518972257257157,0.3566507371396426
0.6406996175966048,0.805297171597775,0.6069719863792993,0.4237063595335873,0.2613569680214395,0.7836366163705678,0.3892748853581179,0.48309522126538207,0.6454629669470832,0.41897967725389235,0.2860847661239932,0.4183822395763421,0.7802957234857765,0.14113527011032057,0.639530937489621,0.8395499140180432,0.7134128586875438,0.0,0.6721824039023808,0.7216254997072596,0.6619520649020307,0.7478077879953163,0.6829068080446747,0.72906568714045,0.8509074659099438,0.7610906651064687,0.7536187326533883,0.8047121274996615,0.779259657854017,0.6045742829087397,0.38236504303746494,0.4600872391173096,0.3593385495867631,0.32488593659651366,0.0,0.2968899697032475,0.5147817612631901,0.5079898570133534,0.5331113317495841,0.49916826460072733,0.5432557899263032,0.0,0.32859977464096096,0.4176162674117013,0.4427527212765284,0.6249294944281553,0.6264788515442636,0.6530979561078091,0.27299774875185445,0.0,0.6104446057291375,0.0,0.19364602765903355,0.5214250359565422,0.27799584723600207,0.0,0.3585685688636794,0.45051588524674063,0.0,0.6820030990555492,0.6812778551068276,0.0,0.606912866630154,0.6371192613284966,0.6500124710075449,0.6024852764386165,0.7066546670093481,0.6230029811838991,0.6678431701980856,0.4914974635708538,0.6097373058748466,0.6765634578459302,0.6320476692909032,0.6032860708294322,0.260131832416449,0.39774583529557783
0.5241709875250294,0.5922936318394636,0.6164012574432746,0.4246417640524088,0.4671853711750413,0.6317830815749348,0.3800159541127109,0.41819047929252207,0.7139161315142118,0.3364464775213227,0.5955570596587922,0.34584793003209124,0.7139174347151649,0.29467608338260454,0.5923084333386788,0.6301637522980393,0.5800225634306145,0.6721824039023808,0.0,0.6530307699517214,0.6236139391840488,0.6558930687627605,0.6307141914561702,0.7234414066827334,0.5798022367140049,0.5911918530236558,0.6760429449780317,0.7168970790462647,0.6337686363121927,0.6721481601585233,0.37461054595577414,0.4991711145379437,0.2731948290214032,0.27258917284966827,0.0,0.2297958882154006,0.44905964835648265,0.37893762110258683,0.5083635779900343,0.377105323880002,0.39079321925829735,0.0,0.44319331079221724,0.28143660611209487,0.4658731498856354,0.5342475058002484,0.509813329079553,0.7662128736282712,0.4001551166016972,0.0,0.5397058134345023,0.0,0.2926138373682789,0.5838287897081712,0.2547451972685482,0.1791338644179655,0.3566123688382144,0.48818206820209625,0.0,0.6301705876664219,0.6020331263219997,0.0473425349138849,0.4871617627281636,0.8898289817798052,0.6283118553336678,0.5779098849307103,0.6814099329879616,0.6384438263909864,0.6108011993003549,0.36225237858848547,0.49631073217816607,0.65509326096448,0.6836944958279043,0.5332518574422125,0.49523623628510804,0.4750020552511723
0.5203906890441891,0.7772381284494504,0.6412937282291773,0.47042637339982374,0.2590961695018213,0.8082521053880657,0.23620216682975925,0.5033255860528614,0.7677711376124279,0.15672391764516566,0.2319657219194379,0.17319621718818232,0.7038369463676083,0.1960800530980467,0.8744629615402155,0.6497156970169922,0.4442458753703942,0.7216254997072596,0.6530307699517214,0.0,0.7098301949812301,0.9227594757165497,0.7587349032593403,0.6032293906366102,0.7174454698359408,0.6491286539830734,0.8998389800867674,0.8148996553942628,0.8676706216260802,0.7051266567825968,0.23652731780365854,0.5998425964159309,0.1140680910657408,0.15673612556570776,0.0,0.5302933257551999,0.567214879035801,0.3528499353921324,0.6312131634470156,0.360630799139062,0.3956150430462369,0.0,0.38501989032391376,0.48424166734539786,0.2991711205472824,0.4991318183185675,0.5001480039444083,0.732840603729673,0.20323657159024908,0.0,0.6193456776594207,0.0,0.12204362687024446,0.5662328583688577,0.031278414222975275,0.0,0.14546008462332244,0.23596018159043022,0.0,0.8828019966958102,0.5415925115234551,0.0,0.38218563117853854,0.6331671740334498,0.8471901528346166,0.6128618671023215,0.7864865432781699,0.6971605802589063,0.4465127623556582,0.3088930993215789,0.4737290053373011,0.8698256043461526,0.49119463250820666,0.6058321357982756,0.15004336104686458,0.22836900531927568
0.8230637245614909,0.6946652057999133,0.5221137226709196,0.4380816858400161,0.4674203639342619,0.6312383006823298,0.5040513711398715,0.6771255819199511,0.5973290197579492,0.42550804827855815,0.280384263206193,0.36582304135418175,0.6895372888329634,0.32731422364423357,0.7251863243566175,0.6787725555317016,0.5988373009153759,0.6619520649020307,0.6236139391840488,0.7098301949812301,0.0,0.7863978395125615,0.7795709555352529,0.6395711275537537,0.7097570897863688,0.7033490009906154,0.7884326252324527,0.6466059316569157,0.7610798247780544,0.7751935372046933,0.5308214743606549,0.45225969301101626,0.493914370877212,0.47813712401721853,0.0,0.27683394088420926,0.373872984763215,0.47741033320963744,0.5659238365802652,0.44417088258663345,0.48430588008824965,0.0,0.3169959184354006,0.22009500937075072,0.45813383359202897,0.7662340821956405,0.6783425102443725,0.6780386386201541,0.40888039729318754,0.0,0.6307130735190634,0.12013316634898004,0.5577153538416814,0.6006741003152017,0.32868339914439804,0.033740957323696336,0.3487505937480537,0.5484211383740307,0.0,0.74747265514043,0.654980284118519,0.009075841876958353,0.535280091233557,0.6905773828868209,0.767405438750021,0.9288242214409389,0.8118669603860964,0.8276131582079614,0.6072659079651795,0.5380028207718426,0.6673989546957829,0.7786784560959079,0.604645374139225,0.7429129499846391,0.5372596394975391,0.4344539703231529
0.7228429573243007,0.857541123283055,0.623850081131863,0.4305834087139529,0.4999230596496833,0.6697476463400597,0.5275520767786728,0.5211486317675917,0.7118185953920559,0.44412087401878025,0.3428519446482029,0.3272332500492338,0.7773574690659784,0.4288605231219311,0.8470872521687959,0.7760077714530957,0.6807901888355115,0.7478077879953163,0.6558930687627605,0.9227594757165497,0.7863978395125615,0.0,0.6961469096470722,0.5602922570604862,0.79081729406527,0.7844497502281121,0.9042335992654259,0.7855041646890464,0.7877694604810207,0.7403765007718117,0.4881100420353932,0.4480823931570925,0.23989286845684732,0.268038444257436,0.0,0.3923883922528527,0.5409537408485068,0.5029050277700554,0.5230083572494081,0.30292675056598967,0.3591155806346954,0.0,0.2764668780350165,0.29980280625989714,0.32555978657580553,0.6333276973890499,0.6794247083353784,0.7777662488274666,0.3309508798805185,0.0,0.5563665639326524,0.0,0.3682104405351388,0.6104297367208478,0.2539760618321235,0.029964454115106426,0.2854968698767779,0.41669943277642646,0.0,0.8830955257840793,0.5807705741283665,0.0,0.4649542858922515,0.6555024416815091,0.8994485328289887,0.7393128159197953,0.8654569003830658,0.7197800632427717,0.5446737844831956,0.49906883185593465,0.6524793324993654,0.8755238111373229,0.5615004948914275,0.6510064361414122,0.3252415447727849,0.2850483887011174
0.6094670497236754,0.7455060648457216,0.7061536234181598,0.48267548244022696,0.22800164124229336,0.8545974763547408,0.29486272423687276,0.7920628299270009,0.6871730755185073,0.273961573405658,0.2278539095546355,0.3957223034084827,0.7170894718299575,0.12997617787653748,0.7176166550963611,0.6874490864623097,0.47395431981361746,0.6829068080446747,0.6307141914561702,0.7587349032593403,0.7795709555352529,0.6961469096470722,0.0,0.6828540608355598,0.696717207481476,0.7244260375480072,0.8411344141214293,0.6657249857606714,0.7786648750596208,0.6664296272002046,0.3338403342114593,0.5156828315339603,0.382930651322778,0.3778632295064043,0.0,0.4542228267751805,0.26506471690719347,0.40668400110595315,0.5350341043886835,0.5544249583779828,0.47852323522237533,0.0,0.30494439618726094,0.28360633885123054,0.3637308495659934,0.6042729433466524,0.7229880418745389,0.770400416201279,0.35611033633333644,0.0,0.8406936267725754,0.01622716585531257,0.39735247208826824,0.612157525056281,0.2966819260694057,0.0,0.38065479749277564,0.5394934152834235,0.0,0.67888652755506,0.6593678499126595,0.05486610584838916,0.5504950277562352,0.6809877544401977,0.6894275316678831,0.7057297910764978,0.7187519587528219,0.911596434990061,0.6355632609807086,0.5737656353104479,0.6826358354968718,0.7811900603594797,0.5599727170379867,0.6283276760597953,0.34937704336811637,0.26338270755795823
0.7060457677991048,0.7364634263971954,0.40551286462645725,0.4954389673307527,0.15121022772192327,0.6593282920518585,0.2617645597766344,0.46982493547166493,0.5199871396458857,0.40829017068260576,0.21862710561665527,0.43753060743985417,0.6895276138047841,0.24755488699669298,0.5011370620771025,0.6185152589809363,0.6784741021100434,0.72906568714045,0.7234414066827334,0.6032293906366102,0.6395711275537537,0.5602922570604862,0.6828540608355598,0.0,0.7785403663302415,0.8040549302035376,0.566934270746596,0.7623230776543012,0.5827185984285564,0.5987470952811587,0.31513589453717755,0.5213011912532011,0.4449760960933561,0.3180794917057403,0.0,0.37016425332860103,0.5520565727649616,0.553362274469654,0.6262619480193494,0.6091877220481136,0.6811183009401425,0.0,0.4068423382449161,0.39414475495050144,0.7685455469637942,0.7711052292905474,0.581844618499755,0.5809022193789789,0.456913497422801,0.0,0.5143304174906081,0.0,0.26220640665084366,0.3441189884196666,0.2840950476083011,0.0,0.47886533320483554,0.4288473495253356,0.0,0.5791521517954897,0.5654481848936083,0.0,0.5310592107821895,0.6505479626000438,0.5175617559583315,0.5702112759862354,0.5926776054741658,0.6469825852821357,0.8726165912207724,0.40284147758468764,0.6737909721914364,0.5468839316903178,0.6355085148294262,0.3874868928829919,0.31737167326272236,0.45956948201331144
0.7391928926595079,0.9376401248345466,0.47751010901008134,0.48077552888928676,0.24176688676686256,0.7350688653955654,0.4291004179448159,0.4747744176922264,0.6132097620562956,0.5035939987661201,0.20648092385781416,0.3529717114821215,0.7316003079759285,0.27433258429225205,0.6295970875792346,0.7160798871317676,0.7860683610992142,0.8509074659099438,0.5798022367140049,0.7174454698359408,0.7097570897863688,0.79081729406527,0.696717207481476,0.7785403663302415,0.0,0.9005652175606148,0.7846870063105011,0.7121725382025564,0.7711887341142248,0.534000639082964,0.3286644569562076,0.5080853132464186,0.400095574688235,0.2523057927810079,0.0,0.3002890729236241,0.5488775617315242,0.5833092887830249,0.6347586044817615,0.5689320401173794,0.5962179893163955,0.0,0.2959434552230395,0.39214082982776965,0.5362637640139153,0.6854388395632732,0.7089712165666244,0.5622415650648619,0.3498782537596558,0.0,0.5317136000830843,0.0,0.26764396924113476,0.4370259587901631,0.29499691869297257,0.0,0.3267167361338342,0.3542465060234728,0.0,0.7740472534578262,0.588512104293501,0.0,0.46403088729356196,0.5149723339416299,0.622882165098685,0.7129096169212847,0.6989576987790875,0.7133694594133638,0.7428778343379051,0.472114345178308,0.7272961100670174,0.7239116870214731,0.4826319319346341,0.5204498503703322,0.16861054074202042,0.2685320295972462
0.8305127883564929,0.9153896206512918,0.4371758691882177,0.4533303852186048,0.3049693007304201,0.6317748319320504,0.4929838610516306,0.5719824959642752,0.5421810775874429,0.6706310710849593,0.16310973720005295,0.5525397586853709,0.7985495501968438,0.396961681164716,0.6079558780393471,0.745440611113963,0.8873740130528674,0.7610906651064687,0.5911918530236558,0.6491286539830734,0.7033490009906154,0.7844497502281121,0.7244260375480072,0.8040549302035376,0.9005652175606148,0.0,0.7096055983862385,0.7022066867614712,0.6148724878134062,0.5851389977117989,0.44776517556410667,0.3798482358408697,0.46262486872920483,0.31824825526831724,0.0,0.34849333021869816,0.5243853359185822,0.6310064123394871,0.507170099805036,0.4888118100938217,0.5402215960315734,0.0,0.24935701629054563,0.27792855729881294,0.552832113862943,0.7822982993839324,0.8162554183971965,0.6066929278620101,0.46660054493297354,0.0,0.4697709950168334,0.009464265176541692,0.41696531724317815,0.4031632948683792,0.5296595569752017,0.07321820391884347,0.5551096174579809,0.53453308260959,0.0,0.6968474463581796,0.5956868062244252,0.10285200115242309,0.5894378202105597,0.5621124046906614,0.6459096152140281,0.6840187287577777,0.7594276561902651,0.728335117835754,0.826557206973567,0.6452604233683495,0.9260956000907198,0.6580434335427754,0.5838258149983656,0.43772929447476006,0.3425417371265384,0.31476702883110247
0.6260184434069908,0.798405413588966,0.7311161826936229,0.4766778663521068,0.3577719348350774,0.8477300253647535,0.3498151164004178,0.5492409518625605,0.8507092867156725,0.2541058140240606,0.31580900678617735,0.21688623642940272,0.6996821709023795,0.220493385666572,0.8757508749655565,0.7140272257483004,0.5234372820854036,0.7536187326533883,0.6760429449780317,0.8998389800867674,0.7884326252324527,0.9042335992654259,0.8411344141214293,0.566934270746596,0.7846870063105011,0.7096055983862385,0.0,0.7416142663771659,0.9063456674142019,0.6762241633809905,0.3493830474548346,0.5558304790913852,0.22109417798205175,0.2538830141386404,0.0,0.46394305470932795,0.437329834143821,0.3882835813312891,0.5270461483053928,0.4390632220337918,0.35974645223881824,0.0,0.2845378491913284,0.34425195507830536,0.3162335260041966,0.591555468284613,0.6928049821274009,0.7927431702829856,0.2695291227205948,0.0,0.724498105612499,0.0,0.2558174875175682,0.7330560316696186,0.1845840384642288,0.027097930394441146,0.18732442016175985,0.3808047425379929,0.0,0.8556542158306453,0.6381092928904784,0.0,0.4630968380620368,0.666166365282442,0.81044193619252,0.7499190123571224,0.7968884632849128,0.7848377967758918,0.5159931784551228,0.49829332221403877,0.6168551682707542,0.9553958325480038,0.5011598336411031,0.7048309106506393,0.21528245168770876,0.20808607362098822
0.5634627899770627,0.7546872124351044,0.610935312721159,0.5597249843219583,0.23577115646063918,0.7339510088092167,0.3199918322355395,0.46248372890061507,0.6846745946693209,0.3081791265256434,0.3595292613362423,0.3385158985960802,0.8279815696799702,0.19846506256900012,0.7023769348933439,0.7556237823566837,0.6128371015771955,0.8047121274996615,0.7168970790462647,0.8148996553942628,0.6466059316569157,0.7855041646890464,0.6657249857606714,0.7623230776543012,0.7121725382025564,0.7022066867614712,0.7416142663771659,0.0,0.7577664631429074,0.7893324737029205,0.46080129016745053,0.5212263437010922,0.22146393252253668,0.27490025353444253,0.0,0.5983358947071002,0.64854721410986,0.4991335692738876,0.5698854852759306,0.41173277358342036,0.5110809063736267,0.0,0.49345125446163596,0.3695881799593012,0.4238584356473884,0.6227225819684792,0.5426457193325397,0.7219235786951768,0.2749355901854142,0.0,0.5550067255450074,0.0,0.2191417405571515,0.5368020601813477,0.2278523720794025,0.0,0.33360768696881227,0.4117201850234756,0.0,0.7224491208363072,0.5572621662542114,0.0,0.502366464364974,0.6446797097884217,0.717619210136353,0.5359609645069504,0.739877181517517,0.6071381179654275,0.6194545041685399,0.37608577261313225,0.5586726860565688,0.6847997120652055,0.7422818715205635,0.5255035714520697,0.3203204087081887,0.3990157080647602
0.5797816158757779,0.7640300939330241,0.600515336819103,0.43185072291995746,0.24059962211889224,0.8880173771547989,0.2549886165491207,0.4673684582175822,0.7428982422456889,0.1660583404001399,0.22925110764647344,0.13515841417773414,0.6918931571008944,0.12789461154849874,0.7395060373426435,0.6844261886009312,0.4673678574487288,0.779259657854017,0.6337686363121927,0.8676706216260802,0.7610798247780544,0.7877694604810207,0.7786648750596208,0.5827185984285564,0.7711887341142248,0.6148724878134062,0.9063456674142019,0.7577664631429074,0.0,0.7197276940778956,0.25350749480498885,0.5811188881580267,0.20765710310204627,0.23284633499738155,0.0,0.4264269217169243,0.5035832239228553,0.38435225026632386,0.5928975065661654,0.427365140554148,0.4360630091997709,0.011569447237964636,0.3742247741337247,0.4614583490219676,0.3309170863461039,0.5687515802597355,0.49575319999000866,0.657758905315385,0.17242378460145766,0.0,0.6952278026896666,0.0,0.18675906725387198,0.589991280445061,0.013566873335794816,0.0,0.07339622243441377,0.24871650068325135,0.0,0.7928727242937048,0.591710492386943,0.0,0.3972290167408972,0.605751490959005,0.6868969544040517,0.6892097516155126,0.6729657645056851,0.7294248041580627,0.4163576033545999,0.29718062946254076,0.4401879231686382,0.8313490673394964,0.4558729893930589,0.6999186518034176,0.14963733053973363,0.21680365854741257
