0.0,0.3667191259117279,0.6561045128949531,0.4819926835130289,0.6325975902547968,0.6828747147374262,0.5698605930429226,0.4227590886309112,0.6606909628517417,0.36553644332998425,0.529973217018725,0.14995886490468138,0.663755930889796,0.31825605664487955,0.7443148342951778,0.6395260996183328,0.4433850057103849,0.4869489692536242,0.44626255556354594,0.6580974927844954,0.73472477076471,0.6278769174671792,0.5702388563706098,0.31555065185704934,0.4415375066967394,0.44911186730618,0.6494662574755576,0.6294178199589557,0.7595357568467638,0.4017903006460049,0.7662470487300277,0.4007787232943783,0.6290889825295841,0.7861532420593363,0.39907269490877995,0.23485356225166015,0.08867591131985895,0.6852132392139585,0.5929473588303146,0.404788215876057,0.0,0.0,0.5269589890479517,0.17469685058640333,0.0,0.7505394254431599,0.48071020962083316,0.5494966265227138,0.15846122272998175,0.5864041526704818,0.4646063317527397,0.3878622641606742,0.5537606574512065,0.6619129221002266,0.4931574292867842,0.5376757268585505,0.31410271747623036,0.5862067992956028,0.2652995858710721,0.2996532043844565,0.5276123869276392,0.448030471101778,0.5440275774771807,0.4918318354407395,0.4841089720404044,0.7312097543843274,0.5310232564588542,0.5671100754668859,0.5403183102734109,0.4640120438057295,0.626511929737162,0.29289691400083173,0.658123555598369,0.36538873715128967,0.6191805752529188,0.3756788417443593
0.3667191259117279,0.0,0.43279295382028216,0.0,0.45190023467021845,0.5767111941626427,0.5665060599888099,0.47508676853313886,0.5037972884469594,0.6792676464576455,0.37845111812060306,0.704017076024375,0.6143842162640931,0.3053572918263049,0.527779338779568,0.817847128466212,0.75437276110614,0.6647134638722962,0.5818234216495246,0.696491162885857,0.63354685515733,0.801389621913074,0.4428695058516051,0.719438052101677,0.8726964103007265,0.8098951887939851,0.5620977708969643,0.5110697689799485,0.17929723237447928,0.16345027413690907,0.5263520358742556,0.15888922900356636,0.5298511028986882,0.2385111056244759,0.0,0.0884543990869765,0.10943057541012978,0.1746044675740557,0.0,0.3506116350388282,0.4234654227551771,0.24962694951475858,0.16513215756473265,0.4179050115257642,0.3731705283907151,0.0,0.8429998505598763,0.5799434339504767,0.5797779468447726,0.534009990924513,0.6748834235765536,0.547963611549861,0.4929074216632008,0.4372642121317163,0.6735881965390649,0.4853536570460052,0.7529971878850608,0.6547391521858816,0.45749496955978514,0.6277676844750292,0.5472784231680725,0.6704825264648763,0.5459231062770434,0.6115925840341548,0.6942307442573425,0.5090842113660589,0.7517974005086115,0.5787367394107729,0.7011486763796674,0.7414132491299458,0.8108472518332314,0.6259103273881098,0.5140835173531823,0.4196683925197476,0.20921137767611678,0.4237480618229804
0.6561045128949531,0.43279295382028216,0.0,0.20848686208619865,0.7965941575446541,0.7229816687286906,0.40833632886406857,0.6879827954950607,0.895173321292646,0.2871300935227347,0.8113261601272719,0.24426832760303396,0.7233122809710647,0.4372883670498142,0.791269124991834,0.524823257082641,0.35301437731882995,0.3889989857550894,0.836327523457004,0.8122500826209585,0.634472964330036,0.7399326286053598,0.7132564358309182,0.42427324019755713,0.40844447371316306,0.4890060242155773,0.8728323026241003,0.6796353426599139,0.6822244622709569,0.5398249094786535,0.6611919673717005,0.07375194506121638,0.4434917815548762,0.5786635422876584,0.146253368731227,0.3880509683357893,0.1017955459895709,0.3968442252997309,0.11670874404089811,0.33848535415719944,0.0,0.0,0.44966698187920007,0.2925464768133831,0.01938328958565879,0.5194549374656015,0.5701995522909941,0.8771425657072618,0.2632344078416869,0.7683737512094964,0.5818944452797997,0.4019672705499188,0.768067900170365,0.8841475865286184,0.3698497724882087,0.868725948656938,0.38475673420980533,0.5710779633440968,0.3085766626172474,0.4754695291195974,0.4550000198725182,0.44472437560239264,0.48473425796288466,0.8331858247583216,0.6816512076451996,0.5825569093830822,0.6844076054137265,0.7484983690268513,0.48582233751004517,0.4567993882626523,0.6556191095455897,0.5807059144918749,0.5799068492571071,0.37037820026706925,0.644796568000427,0.2375079024658964
0.4819926835130289,0.0,0.20848686208619865,0.0,0.32212761118175065,0.4075096614359092,0.1702113563904065,0.25126368417424527,0.14322197378942936,0.0,0.2937193370419352,0.0,0.23579689137219115,0.22221016085281345,0.2314877076159406,0.0,0.0,0.0,0.0,0.0,0.21161525107118107,0.0,0.21382830515205914,0.0,0.0,0.0,0.07564800259202362,0.2997179911409737,0.6435047010679603,0.35809859364690544,0.23138494935891646,0.06931399557361856,0.17054030570338316,0.4925018794931518,0.6434804743232365,0.3025811969732833,0.13955445514784606,0.48481773587905985,0.43840015381222996,0.0,0.0,0.0,0.4917098977594915,0.0,0.0,0.561641959146526,0.0,0.0,0.0,0.10779615802031228,0.0,0.0,0.2869650464397106,0.17385911379338187,0.0,0.09183379358931353,0.0,0.0,0.0,0.0,0.0,0.0,0.04406890029598111,0.0,0.0,0.13034647001215224,0.0,0.0,0.0,0.0,0.0,0.0,0.07766077108051868,0.0,0.35550674001452914,0.0
0.6325975902547968,0.45190023467021845,0.7965941575446541,0.32212761118175065,0.0,0.7714385609085861,0.7222834538909177,0.7063434062439669,0.8984504931166892,0.4775860732731577,0.8072308869809784,0.3657795599712314,0.7884981572237436,0.5709848877600229,0.7663682135121938,0.5196202798157556,0.4387869770406083,0.37135046711979575,0.6034188673412603,0.8356603395949159,0.8230814781809501,0.7668239308750693,0.7389399410378837,0.4758988161739708,0.42716462173046793,0.3450486102142865,0.8887619509157129,0.7747493652655444,0.6955592343175273,0.5014939430151808,0.7997613046256998,0.19577135342030152,0.448764269636109,0.7306176244690777,0.3813345721400236,0.28444795105033693,0.10441529620917181,0.44535555620339246,0.28949130950720126,0.22100354446553702,0.0,0.0,0.4280621164996458,0.13075370798155894,0.0999835070921813,0.45411831101434286,0.6695129380777805,0.8025013086889379,0.5014609297299959,0.8934891168375495,0.5895671133441246,0.6435510552919259,0.7602180538221126,0.9100965341540438,0.5175185742000872,0.8500302874271093,0.492397804971278,0.6093730396006956,0.42839103656463867,0.37668222086584674,0.2930376560338151,0.5974221348126881,0.41926116994649903,0.5916205239493498,0.5863536083675703,0.7317431447305537,0.5936218446094279,0.7536563950830432,0.5831555660028028,0.49550155910498933,0.6411206387967324,0.5350042309447692,0.5526945893510647,0.3399735212309793,0.5173749118236817,0.10161409372198524
0.6828747147374262,0.5767111941626427,0.7229816687286906,0.4075096614359092,0.7714385609085861,0.0,0.5544001779273936,0.6772245699785893,0.7123785578961973,0.2574754427894916,0.5657942305866924,0.23758977105269027,0.7735398297083961,0.470088904558198,0.6858652090307207,0.616671549863447,0.3944108353989935,0.5668777954655385,0.5062490651404686,0.6464640633699621,0.69608918392928,0.6541385771634256,0.6308982069190501,0.47179106450165703,0.4914733005972513,0.6198591798107062,0.7264695843742911,0.585696475331148,0.787584226184661,0.35631597486975075,0.6296567390896524,0.20911236050174553,0.6056219465379904,0.6958036453411127,0.33859657632246637,0.37083162075940324,0.10643276744123592,0.4751140208969524,0.313308028884195,0.4133655722258968,0.0,0.0,0.4182527062298566,0.20866397743617476,0.0,0.4837746149962327,0.599233665093939,0.6178653211749883,0.1891141253649582,0.6680970431798858,0.6563757003458978,0.3360819389510298,0.7597822959885022,0.703864130384833,0.35103172873989996,0.6235559216434119,0.37606652853644357,0.4570314672196805,0.4258463824014525,0.2915135368506609,0.40002102126561284,0.45692069494545107,0.5355811706477988,0.4839823624963157,0.4358393295401686,0.6367231068300016,0.4943904390348943,0.6133685936920599,0.4540165529029504,0.4515621965312667,0.7047237393367456,0.2927247799247418,0.4210749566595696,0.1892774372649322,0.5329689172915003,0.08214851367500527
0.5698605930429226,0.5665060599888099,0.40833632886406857,0.1702113563904065,0.7222834538909177,0.5544001779273936,0.0,0.47138408669755394,0.5570383674000746,0.6917492004652723,0.48489912731355794,0.5253856617653229,0.7067880724245983,0.23386988431306385,0.5231287054618244,0.5794705529039841,0.6129950364045429,0.40830481147699793,0.364212904545167,0.6780099634037263,0.8137773533196474,0.6350278505798967,0.5446468142319114,0.4632319442105074,0.60306388661935,0.3303326742339439,0.5771157063105236,0.6539519124086448,0.423717382465503,0.27016939173279664,0.7366594513106761,0.36191665727257466,0.42013214567588786,0.5684502896534683,0.21810098636908645,0.0,0.049980764290112924,0.41300876491190525,0.33957753919701816,0.15996845675172672,0.017121294205067087,0.0,0.2575525353456553,0.16431374157272788,0.3124699149691331,0.24175111200728075,0.648438241338317,0.49116904460566363,0.599643920546431,0.6940154465010914,0.5343030425521614,0.7260403468112445,0.49879277473174344,0.5934184140983858,0.6867309098790292,0.5268963993901247,0.6052712934341866,0.6226072477585091,0.35336234771806485,0.287375069479494,0.2836422389929988,0.5942638340358075,0.362440380217138,0.34764030190195333,0.5039511511914789,0.7387046847361033,0.5152141098635925,0.567706471685293,0.592895178705675,0.560196516218352,0.5300254082360832,0.43973536936499563,0.5275784260299695,0.40003089871650965,0.2530192653331524,0.3355919412446323
0.4227590886309112,0.47508676853313886,0.6879827954950607,0.25126368417424527,0.7063434062439669,0.6772245699785893,0.47138408669755394,0.0,0.6614947848545805,0.3544935777634059,0.6815282297051645,0.4584595489864106,0.6390728841139859,0.4829619222319832,0.6451531464401479,0.35268182805531784,0.4035027027424595,0.1765684759211205,0.6276134301508682,0.6664078266406966,0.7217590822675746,0.6244578803452451,0.8442327676509312,0.5239026555543888,0.27781603840666297,0.4951074737142452,0.6502566328295044,0.6380378231105852,0.4224485934101293,0.456650289421281,0.5175404053903009,0.15466396873480875,0.3686246609377501,0.5321586019530271,0.14924525248205608,0.30161407634692056,0.08530783392728249,0.3635410044526221,0.05990012612608614,0.286249276976696,0.0,0.0,0.35167608381723586,0.1768814412662754,0.0,0.231545670573156,0.5698988620490143,0.6175650347999148,0.37256807923875374,0.7009312770043719,0.43548121746872515,0.4125839881214582,0.8974480383210612,0.6171040528702835,0.34517504392847265,0.6686247295917054,0.533185886485827,0.39502368546557576,0.40995383841376914,0.39228013266104605,0.16533819388457888,0.4195214505384409,0.18715661265023767,0.6064326672662551,0.5208243163173653,0.5232381807893269,0.5241563386338761,0.6717275628500644,0.5204242282700343,0.23717597186203207,0.5421923912533244,0.3921218570935373,0.4035231668866507,0.01652672983203901,0.4444932254331591,0.0
0.6606909628517417,0.5037972884469594,0.895173321292646,0.14322197378942936,0.8984504931166892,0.7123785578961973,0.5570383674000746,0.6614947848545805,0.0,0.43190564118936514,0.8606931927513224,0.33866464182853884,0.7850474674372752,0.543404405367335,0.7491312156704036,0.62004677467322,0.4495921231148871,0.45062462911705137,0.7173764066379595,0.8672579705272409,0.7736795214724084,0.7805589906550406,0.7118745923598141,0.5681099055128894,0.5547712182213417,0.5186328828115351,0.9409684470343879,0.6550805648590069,0.620657956430602,0.4023682243083751,0.6935740741936192,0.24367361057501605,0.47566571313282746,0.6394751485406395,0.09327575149090472,0.3887915918165884,0.08308439894251356,0.4006698475727827,0.25830671763537183,0.38170275979250173,0.0,0.0,0.3271299569447945,0.14592633272380148,0.12164753873659519,0.4593672434405179,0.6413020270543195,0.8884073546028417,0.44235557812821125,0.8208158800292392,0.6498755964818855,0.5263040152145722,0.7388580264994438,0.9870240258090137,0.5033168129246567,0.9141062602460724,0.45253125565759583,0.6347974427126262,0.300188991062678,0.5742039213877755,0.3202137134535163,0.5379482432592992,0.43014704250049074,0.7299571049300624,0.7317092975383669,0.7204071628915538,0.6794432418514228,0.7727026704411155,0.6399575588931674,0.5016995866330811,0.7028512140326499,0.6994146512294892,0.581369215105314,0.5164074402035164,0.5374820068182,0.2548073281218138
0.36553644332998425,0.6792676464576455,0.2871300935227347,0.0,0.4775860732731577,0.2574754427894916,0.6917492004652723,0.3544935777634059,0.43190564118936514,0.0,0.3613998114527607,0.8868710674025562,0.5639206111580777,0.12591458180637202,0.3692481790546553,0.6469978799937555,0.8775133659466309,0.3876095808690104,0.49456005392769037,0.6938007594672848,0.6993950259784374,0.6529334017105962,0.4286416046286788,0.7570590230503426,0.761864525901072,0.3716279231544965,0.4209844554564017,0.6366972187434138,0.0,0.35461667547909725,0.7250534302495485,0.27625722748372716,0.3078830997333023,0.22148277636908245,0.0,0.0,0.19913071132161828,0.17521398653101664,0.0,0.15225204235432035,0.4024546410081274,0.3109844643652369,0.1335109574721193,0.43404339351641685,0.5871464473960087,0.1376740550706634,0.70420143886008,0.561602312705986,0.7866166632220495,0.6644002846355713,0.5721479646592653,0.8966460011567395,0.33476735981833167,0.4064918111535009,0.9497409764658243,0.4982322050383411,0.8947680012317365,0.7849683858578489,0.3009623157227377,0.5754325248769565,0.3632650162534248,0.8578130005224808,0.40651115961684975,0.511317856987112,0.7141731682475562,0.6464607926745525,0.6635088616506399,0.5762488972535434,0.8136813521097289,0.745342364240008,0.5924995533845913,0.6795520608089995,0.7170146014937736,0.5820935487118568,0.16927002224378812,0.5511718977769461
0.529973217018725,0.37845111812060306,0.8113261601272719,0.2937193370419352,0.8072308869809784,0.5657942305866924,0.48489912731355794,0.6815282297051645,0.8606931927513224,0.3613998114527607,0.0,0.33707880523131367,0.7036293388338005,0.5649841171824712,0.6805625252613711,0.42446935193452323,0.4179816157973851,0.23941920881404183,0.6503920896251808,0.6984536085396104,0.6569230835155655,0.6114556554944474,0.6681586169326525,0.45280476244379586,0.32066226606293163,0.43623930715702997,0.7413361243513473,0.7317764019161105,0.4844872690324301,0.5041852759567674,0.5512164361069909,0.11270749076362198,0.35339408739572636,0.45051667055411143,0.053171339057122236,0.46367090229244806,0.19911532296174078,0.3903360619808295,0.06935770997149808,0.20143849982475745,0.0,0.0,0.5582464337551136,0.25390803346944557,0.08882989079773206,0.39357961873735153,0.5268789881778304,0.7797621217332611,0.38819613386096313,0.767872645649437,0.49177990346406436,0.4526283937194321,0.7295284418911872,0.8598232548492424,0.3697911485890041,0.8995234657813368,0.42106181078632315,0.5793216260461538,0.2909795662957838,0.38242238937241196,0.2127068175161071,0.41738335462689774,0.35118631380216603,0.6963249869934953,0.5626435848858504,0.5380045890013183,0.5165150050153732,0.6468096213950181,0.5395734633823387,0.3088737350435606,0.5597873823169107,0.5361310637276815,0.59433603597779,0.26752171079809267,0.5875494405217829,0.2068609063871605
0.14995886490468138,0.704017076024375,0.24426832760303396,0.0,0.3657795599712314,0.23758977105269027,0.5253856617653229,0.4584595489864106,0.33866464182853884,0.8868710674025562,0.33707880523131367,0.0,0.4617614138034679,0.23354645308357178,0.2886369339372488,0.5578171789603235,0.8083290902729148,0.3308484533718259,0.49693828726553413,0.5942367241118051,0.5779110855146203,0.6096010614998874,0.43877169600273946,0.8190219808553245,0.6981278577047013,0.4771051724243939,0.3394216388167277,0.5502879202493223,0.0,0.32338344876634534,0.5398401463117467,0.17905955463725262,0.24308982538769844,0.0,0.0,0.07037645305031752,0.20611192512721122,0.037583812946437756,0.0,0.15376696583822883,0.43353812089964244,0.3861161466740505,0.125131512851472,0.44214157584343367,0.5721392590377832,0.0,0.6630173890548611,0.4812009725531034,0.7129305478036299,0.5580518261814142,0.5350974524684328,0.713074818052226,0.3603592515903182,0.27277725408450193,0.7861778614836955,0.44071308209160875,0.9081976589108747,0.690507529698061,0.3179369482559036,0.5733059881559643,0.3266485303218355,0.7480949665472122,0.35342162972510516,0.5263854023305138,0.6748094703327641,0.4583684128381242,0.6366249780042068,0.5223759353323248,0.7724848232307084,0.6558968463136277,0.5622524387545587,0.681249775765107,0.6125972337649428,0.45875470883950564,0.17510703057044633,0.5169568921577486
0.663755930889796,0.6143842162640931,0.7233122809710647,0.23579689137219115,0.7884981572237436,0.7735398297083961,0.7067880724245983,0.6390728841139859,0.7850474674372752,0.5639206111580777,0.7036293388338005,0.4617614138034679,0.0,0.45236558254753717,0.6912979592928618,0.7200679754026162,0.7165943617084317,0.582407737904267,0.663611963531026,0.7817212273013056,0.8655887960377819,0.7247457271114032,0.7019698942825229,0.6605069776918837,0.6220966562549539,0.6239511900492101,0.7408787684878325,0.8314355858854044,0.6060308432751105,0.5461706899195884,0.7366006170266818,0.3510121162921911,0.5114680688138769,0.6122414422047021,0.08374537352274448,0.42735687734459965,0.3496408902624971,0.4729665145806573,0.22701441229121452,0.3845564769659964,0.0746732607102626,0.0,0.44635802739330793,0.31599792115981296,0.23514262086997298,0.447326131791614,0.6556338653257926,0.7598451681639913,0.5014181087139131,0.8044801887906863,0.6724618121018031,0.5749919938113102,0.6667191434661575,0.7582024315790117,0.6027406434932429,0.7973814289622859,0.5836989223124194,0.8025424269993392,0.28136883839039545,0.5260381759002917,0.40482224972350583,0.6438793833386264,0.5913031270104073,0.6906609587603181,0.6310113375660031,0.7413753653250743,0.6253132926346069,0.7145614137945067,0.750477556512543,0.5210015377678627,0.7279169364410427,0.559214324898664,0.7690803843740316,0.4725105991134065,0.592995929960497,0.44169137414369275
0.31825605664487955,0.3053572918263049,0.4372883670498142,0.22221016085281345,0.5709848877600229,0.470088904558198,0.23386988431306385,0.4829619222319832,0.543404405367335,0.12591458180637202,0.5649841171824712,0.23354645308357178,0.45236558254753717,0.0,0.44702597070806527,0.3277191126848372,0.23377137069894063,0.33845056540051516,0.3233633890571474,0.42069875257363154,0.45804479150476146,0.43756027324148716,0.4425517701281248,0.3841292169814747,0.2022877529697349,0.4156291283223484,0.49138634131143216,0.5227506916218819,0.4044819854382166,0.21380722811839545,0.3048313812006193,0.01588630012223187,0.3547698727388627,0.3093882214614404,0.009699332361377221,0.4832994911489945,0.16535266523976386,0.23383311717531333,0.0,0.12326362405583231,0.0,0.0,0.3900731569864778,0.16694655547104853,0.0,0.19179299785781034,0.33805962031546016,0.4062684236564709,0.17348855111469402,0.44098073187598746,0.34205403803574,0.0965819621902589,0.5273026137213223,0.4967384358786362,0.15340421897872655,0.552847824065657,0.3039008748106183,0.317805658406877,0.4914856341410268,0.20081530931813163,0.12257869417835757,0.2828005696975905,0.3894831662613721,0.3702662591656032,0.2371655051703031,0.3142026353833333,0.26783394625191365,0.4510188251528089,0.3652042962755684,0.20736740583248045,0.45403495256556886,0.2725294812751979,0.30612763679815425,0.10050283381579825,0.33985184838688426,0.031298057801409526
0.7443148342951778,0.527779338779568,0.791269124991834,0.2314877076159406,0.7663682135121938,0.6858652090307207,0.5231287054618244,0.6451531464401479,0.7491312156704036,0.3692481790546553,0.6805625252613711,0.2886369339372488,0.6912979592928618,0.44702597070806527,0.0,0.5648833988395887,0.415101335981357,0.4298608603962624,0.6380141200769318,0.8050320080128744,0.7749480751197733,0.8337505247916924,0.6483214254970386,0.4051668084260683,0.43919615074637436,0.5508923253564466,0.796936390798241,0.7220367946120725,0.658943631727199,0.3947679864177912,0.7098738604084213,0.18376819981119658,0.6028087506851216,0.6713787105710457,0.2673771858724423,0.29747477024303587,0.14134180059180584,0.5730462383209209,0.2665726044771853,0.3197424922679992,0.0,0.0,0.4284858072416512,0.2748249661118892,0.017040357732197083,0.4528398688079005,0.6889304879528764,0.7072511892163241,0.29261246864716234,0.7134922510473959,0.48987873097503337,0.4058190758637949,0.7238830177331939,0.7451660251228714,0.44241512700874047,0.6946993482407413,0.46497786479115516,0.5649806357856088,0.4442355444276075,0.45874376911733505,0.5274574758586252,0.5043652434886092,0.5068150694787297,0.6661762087028663,0.6288571448487161,0.6606610763249418,0.7071968730974629,0.666705341227326,0.571878574200852,0.4868960364694638,0.7348933730189867,0.5136429466428607,0.5695608592689312,0.312155679646764,0.515865541359422,0.23046981231811972
0.6395260996183328,0.817847128466212,0.524823257082641,0.0,0.5196202798157556,0.616671549863447,0.5794705529039841,0.35268182805531784,0.62004677467322,0.6469978799937555,0.42446935193452323,0.5578171789603235,0.7200679754026162,0.3277191126848372,0.5648833988395887,0.0,0.8205020384657211,0.8923842461862554,0.5613518675090237,0.7023106268320704,0.6842734501309002,0.7927250697850652,0.41921192693689485,0.7046585271704973,0.8330412833914906,0.7606945744747876,0.6167669710157907,0.6009648548476275,0.40493280397833015,0.2936263863121238,0.6885246850480783,0.3581680735928786,0.6541397399096056,0.4390748619748249,0.0,0.31505198370346177,0.2726879923740091,0.45392649988618056,0.18306185681905848,0.41459327090901277,0.3601610593902815,0.017409773454056556,0.31150509796984877,0.41345882574919773,0.32735518737753394,0.42115238322452564,0.7417960847472901,0.6242954495960261,0.4478133803201175,0.5611821831781908,0.6876639490658368,0.5452000391090979,0.4648317961526745,0.5664990581018086,0.7225185733492071,0.5263848099487238,0.6440669829209474,0.8052813839339553,0.24779022710456552,0.5748712139858112,0.4897872037609656,0.7241260990861619,0.7598704461903593,0.592688817399901,0.6070733798922769,0.6251629308219271,0.6396694479322053,0.5918380404807955,0.7761661193681291,0.7121882291297604,0.839999518731004,0.5378153413445091,0.7088289998746498,0.5042162637256334,0.3701366012947572,0.5173273376145654
0.4433850057103849,0.75437276110614,0.35301437731882995,0.0,0.4387869770406083,0.3944108353989935,0.6129950364045429,0.4035027027424595,0.4495921231148871,0.8775133659466309,0.4179816157973851,0.8083290902729148,0.7165943617084317,0.23377137069894063,0.415101335981357,0.8205020384657211,0.0,0.5791769555785671,0.5290004916093112,0.6291276677029388,0.6716109334433144,0.6310751237750573,0.4158832833819873,0.789345536371221,0.7423693596234564,0.6059612575514957,0.3975612414914463,0.7002629891909409,0.04495974705328543,0.45606018838249757,0.7034098087621322,0.25809070536247547,0.4266846495787086,0.24069528810453997,0.0,0.19533836801256807,0.3694361204727874,0.28531161988742215,0.0,0.21796696114697653,0.42098892312535907,0.23024581024586638,0.348361474481576,0.5584101799470045,0.544068106560923,0.2518520340835842,0.6693671014538688,0.5562556277305001,0.6514121984025005,0.5771605530500982,0.6022137742154734,0.6952836722679938,0.40072891589182186,0.3836245540358836,0.8495809948232338,0.5266481795492841,0.8484511168188322,0.8358708726260063,0.26625957875820216,0.522597453610839,0.3707008368990632,0.8341554093797223,0.5980631615702546,0.5756754868723027,0.6209985827089398,0.5521445953190672,0.5771954993081279,0.5367360979296103,0.8282654357689051,0.6436755807154455,0.6714260711219687,0.5568175849448245,0.8142574396123851,0.44701511820170725,0.3239733385827736,0.6029960939125564
0.4869489692536242,0.6647134638722962,0.3889989857550894,0.0,0.37135046711979575,0.5668777954655385,0.40830481147699793,0.1765684759211205,0.45062462911705137,0.3876095808690104,0.23941920881404183,0.3308484533718259,0.582407737904267,0.33845056540051516,0.4298608603962624,0.8923842461862554,0.5791769555785671,0.0,0.4327730537190441,0.4976415025280579,0.45905965797029874,0.6383583734394398,0.2123444929241685,0.5333290132153343,0.7269946795586391,0.6797165169911678,0.4767919986809509,0.37867562198166604,0.4135811995092191,0.12560543062205667,0.5035802506984073,0.2764203185911063,0.5808936523122421,0.36057775843944584,0.0,0.3321655759760354,0.25091094065812325,0.3411112659425607,0.19830017076541662,0.36431241652902807,0.3207094414106418,0.0,0.23465559981577164,0.28913793082406686,0.22208658044109894,0.3339831051905413,0.5402748267245636,0.4536952117049833,0.2625460158549289,0.36836158256676343,0.5841315104917449,0.2869389735861748,0.2495981526737442,0.4173836863565822,0.48804072741287324,0.3646960089553604,0.4029381281185524,0.5795107380273143,0.1675401760483822,0.4689693544193806,0.4408236241966979,0.5293104735412139,0.7942137960844246,0.4488397896104998,0.4313319524427205,0.45707522359275765,0.47861688858422036,0.37833885710973325,0.5662154990947547,0.6149314975146442,0.6994435213091,0.3871743239133148,0.4980219374484193,0.484649031119945,0.290749210485423,0.3959536615926538
0.44626255556354594,0.5818234216495246,0.836327523457004,0.0,0.6034188673412603,0.5062490651404686,0.364212904545167,0.6276134301508682,0.7173764066379595,0.49456005392769037,0.6503920896251808,0.49693828726553413,0.663611963531026,0.3233633890571474,0.6380141200769318,0.5613518675090237,0.5290004916093112,0.4327730537190441,0.0,0.804150520770786,0.6035052014303897,0.7702306814786033,0.6722187172920917,0.5434802420935634,0.5683441818702347,0.5020278579099594,0.7342310000646562,0.622172604037644,0.33978040147947747,0.584601627037645,0.6088846749068968,0.13938385306028506,0.3318360447520595,0.35715024360990194,0.0,0.32669220830209084,0.08950858905943648,0.2562624966733631,0.0,0.3690198527889908,0.1646265597810609,0.0,0.24480859525437576,0.3219610641669226,0.2684128164202745,0.3425075945687707,0.6726481695462895,0.862273152812342,0.44452480935037914,0.71518718336053,0.5923435099909197,0.5279836983211533,0.648554399802177,0.675727874896106,0.5499697179100361,0.8064711780930511,0.588849800053464,0.6265078193211887,0.2874573689593305,0.6798641557919649,0.48118780479233536,0.5995333712879322,0.46920277401466165,0.9643942768792698,0.794233799368174,0.5423476452136882,0.7865612622018775,0.7540429285288253,0.6155691975243031,0.5739115927366929,0.6625776666362692,0.717721778060047,0.6395011643865087,0.48893219391024256,0.5681707551072888,0.42498052034261713
0.6580974927844954,0.696491162885857,0.8122500826209585,0.0,0.8356603395949159,0.6464640633699621,0.6780099634037263,0.6664078266406966,0.8672579705272409,0.6938007594672848,0.6984536085396104,0.5942367241118051,0.7817212273013056,0.42069875257363154,0.8050320080128744,0.7023106268320704,0.6291276677029388,0.4976415025280579,0.804150520770786,0.0,0.8625207388410469,0.9387128753186091,0.7449171242343722,0.6531614535814334,0.7231505712316706,0.5418462721021157,0.9000839117790368,0.7435979511056693,0.4685057575365219,0.4577980250157516,0.818341199403145,0.30490896836505416,0.5433553903737507,0.6600941644538798,0.020474869152909435,0.23839098445251403,0.06750239457823035,0.39775645349223876,0.19817098562391275,0.4700940202136562,0.07758329982272977,0.0,0.2605298810477971,0.29056781808407683,0.28124207398932577,0.3540666522655133,0.8407489694244048,0.9120214012780651,0.6912267738104226,0.8939476466565532,0.6995810412255572,0.7833390812838746,0.7113929921520693,0.8547577954525106,0.7324987614240492,0.8356853313025632,0.7048657414220979,0.7848354002591812,0.47636057389538916,0.7479565504541347,0.5593204007218022,0.7883714392888657,0.512110857146359,0.7989488730683042,0.9096634743119412,0.8060124655566648,0.9092457218317028,0.8548083529765712,0.8017326138259778,0.7166269904999455,0.8213107424939108,0.81237189748253,0.6874848259226207,0.6093435841813734,0.4769943121500659,0.3869041481394722
0.73472477076471,0.63354685515733,0.634472964330036,0.21161525107118107,0.8230814781809501,0.69608918392928,0.8137773533196474,0.7217590822675746,0.7736795214724084,0.6993950259784374,0.6569230835155655,0.5779110855146203,0.8655887960377819,0.45804479150476146,0.7749480751197733,0.6842734501309002,0.6716109334433144,0.45905965797029874,0.6035052014303897,0.8625207388410469,0.0,0.817745131448652,0.8013457304108956,0.663441123004121,0.600773438463252,0.5369722396962342,0.7358803686467423,0.853780582758717,0.5799756195174182,0.47078340668801827,0.8483577109590815,0.40207345204731676,0.549977398959289,0.6628399582424133,0.16616953762984782,0.2194715849775433,0.15287396167247558,0.5272803324887427,0.3411821154770887,0.386093344648318,0.0,0.0,0.35894369168685875,0.29872105543029404,0.21545343821462537,0.4651410550980437,0.7318421932327167,0.7429728748151553,0.5672758256058196,0.8454835469263311,0.5690036116695854,0.7413395784578517,0.7302837509566059,0.7362828510259101,0.7129658877942289,0.723504253674551,0.6797081276502556,0.7148623307412246,0.4364283329329682,0.5416244134949286,0.3727817372380439,0.7001147258947219,0.4683068910087403,0.6177177693530114,0.6892722066457442,0.8711753623332,0.6898144107908807,0.7704051664043547,0.7960743641148483,0.568852372745816,0.7417994354741807,0.5664428134389377,0.7584103268106364,0.46472749946569414,0.4977536609379282,0.3248850441859383
0.6278769174671792,0.801389621913074,0.7399326286053598,0.0,0.7668239308750693,0.6541385771634256,0.6350278505798967,0.6244578803452451,0.7805589906550406,0.6529334017105962,0.6114556554944474,0.6096010614998874,0.7247457271114032,0.43756027324148716,0.8337505247916924,0.7927250697850652,0.6310751237750573,0.6383583734394398,0.7702306814786033,0.9387128753186091,0.817745131448652,0.0,0.6324427205246184,0.68341239014441,0.7556419574920764,0.6528524322829008,0.8344061040560592,0.6954497640091707,0.4599085831235367,0.36790545318922374,0.7821169586688145,0.2512099848645827,0.6025370966608666,0.6317455270910924,0.0,0.22006117808365763,0.10123065164063014,0.3872241934972651,0.11965455993063172,0.4216230571459122,0.1064409973557987,0.0,0.26625547706254304,0.3196925548323363,0.28882074122213125,0.28737219659485425,0.9007126713733707,0.8261434355737055,0.5997452461321773,0.7922020765549246,0.6902308910061514,0.6558117509014103,0.7029533291486978,0.7698865485050739,0.6961014054762685,0.7281331330867568,0.7134671630567906,0.735048284661641,0.49813403897801506,0.7070705747327557,0.617687598437288,0.7713939839896458,0.6179465457340156,0.7628788149201086,0.8377175035856868,0.7510186195763073,0.9212495465764589,0.787828587738786,0.7922842021363717,0.7637999420385655,0.8862061665903632,0.7211309629070075,0.6285779839669091,0.5295451893224726,0.42666106995464653,0.38340440553165744
0.5702388563706098,0.4428695058516051,0.7132564358309182,0.21382830515205914,0.7389399410378837,0.6308982069190501,0.5446468142319114,0.8442327676509312,0.7118745923598141,0.4286416046286788,0.6681586169326525,0.43877169600273946,0.7019698942825229,0.4425517701281248,0.6483214254970386,0.41921192693689485,0.4158832833819873,0.2123444929241685,0.6722187172920917,0.7449171242343722,0.8013457304108956,0.6324427205246184,0.0,0.5103209446927973,0.4199091079048143,0.4262134458864233,0.7462063385073734,0.6791621068469934,0.5629723206199925,0.5896741915887203,0.6669124492872275,0.32319662038990876,0.32642098534153274,0.5607075157993515,0.14673679542370413,0.3164552718431961,0.0629111881130288,0.429731477613549,0.23088195166768039,0.39969307346409116,0.0,0.0,0.3095647484203876,0.2131175813526189,0.08961935797933068,0.4206247973126141,0.539465346016352,0.7262909395172656,0.3722656844719967,0.7590431195631873,0.55173883227801,0.5482629997541612,0.8085434596883271,0.6821471353050078,0.45116688455509874,0.7283732652722986,0.5007632642932415,0.5035618366139851,0.37891913068264055,0.46412576814817125,0.28907705595324545,0.47524793905501256,0.24818384347842026,0.6411669938550689,0.6392493378283853,0.6717824023219622,0.5989964004471354,0.8608768068376914,0.5347140875741949,0.36417334504192284,0.5539137111638137,0.5572682827534302,0.5631196871319275,0.3093001286357934,0.592749962140747,0.20484560227903673
0.31555065185704934,0.719438052101677,0.42427324019755713,0.0,0.4758988161739708,0.47179106450165703,0.4632319442105074,0.5239026555543888,0.5681099055128894,0.7570590230503426,0.45280476244379586,0.8190219808553245,0.6605069776918837,0.3841292169814747,0.4051668084260683,0.7046585271704973,0.789345536371221,0.5333290132153343,0.5434802420935634,0.6531614535814334,0.663441123004121,0.68341239014441,0.5103209446927973,0.0,0.7422395347056323,0.6860900359355905,0.5032115665734181,0.598688415677296,0.1376856588266066,0.37047555789499304,0.5863053808398102,0.23573036786586188,0.43360267601315583,0.19328615004446367,0.0,0.2873421450851143,0.29896625501770374,0.15326011175069162,0.0,0.32548345121135414,0.3753159841623046,0.2461683286806528,0.17793247934273368,0.38218259580027564,0.41349878043013316,0.22308775645974716,0.6421496069992874,0.6505364685296561,0.6251567659460535,0.5813947691006813,0.6119555356625377,0.6179481826153048,0.4541066939968424,0.4891852575473899,0.7261567153561268,0.5896475676938348,0.79894002559328,0.7440012309063594,0.26890811416374794,0.6275527829588643,0.3672375672504301,0.7533694417230726,0.5273634970573954,0.5962281224260081,0.6725712766733484,0.5886606192685323,0.6640513548916689,0.5931422870633445,0.8603206513930872,0.6710621820686142,0.7354099168225979,0.6609219548956431,0.6845470373003317,0.522015589587804,0.374522525767414,0.5591630908029958
0.4415375066967394,0.8726964103007265,0.40844447371316306,0.0,0.42716462173046793,0.4914733005972513,0.60306388661935,0.27781603840666297,0.5547712182213417,0.761864525901072,0.32066226606293163,0.6981278577047013,0.6220966562549539,0.2022877529697349,0.43919615074637436,0.8330412833914906,0.7423693596234564,0.7269946795586391,0.5683441818702347,0.7231505712316706,0.600773438463252,0.7556419574920764,0.4199091079048143,0.7422395347056323,0.0,0.7028735548263456,0.561929036212015,0.45686287426423305,0.1814059751394366,0.15699506070399338,0.5564106870350743,0.3243753362129429,0.4330552986344497,0.2076717022550318,0.0,0.03476090656904235,0.07116464843500554,0.14954076270842506,0.02007279991774996,0.40033004769284486,0.5626029182455968,0.35342568158175314,0.0,0.31932011152122025,0.42460313405125427,0.1475087336164963,0.7574534740643127,0.6746948406966474,0.6414673761965547,0.5381350323051054,0.7474941341601038,0.669491187173946,0.3061283333821637,0.5204944823545455,0.7971999684972263,0.5137264448023168,0.6960456234022341,0.7695480687282531,0.2954979071619466,0.6981058207866824,0.5935668504833687,0.7127930258005006,0.5828994348384515,0.5742957130843991,0.7826103198329545,0.6172312081661799,0.7793755872708051,0.6116547478267216,0.7369539218172012,0.8731558221315996,0.80061078734145,0.742318432322382,0.6170001829886719,0.7385461565166836,0.2583351526942292,0.6209545968571906
0.44911186730618,0.8098951887939851,0.4890060242155773,0.0,0.3450486102142865,0.6198591798107062,0.3303326742339439,0.4951074737142452,0.5186328828115351,0.3716279231544965,0.43623930715702997,0.4771051724243939,0.6239511900492101,0.4156291283223484,0.5508923253564466,0.7606945744747876,0.6059612575514957,0.6797165169911678,0.5020278579099594,0.5418462721021157,0.5369722396962342,0.6528524322829008,0.4262134458864233,0.6860900359355905,0.7028735548263456,0.0,0.5107349811580073,0.44283593727429255,0.3315992091501727,0.0895310926155345,0.3006095453388017,0.1398629715681859,0.613170552618017,0.22193822722495574,0.0,0.35966801511501884,0.19934217112077046,0.2778861998963355,0.0,0.42299941354146886,0.3170957738918428,0.042771772068043896,0.3208594727826303,0.3895651648552404,0.12138278595832913,0.13610745410053934,0.6170108880031303,0.48531624763589604,0.25875305490211187,0.3354400131317603,0.5503817515728602,0.15548769692536232,0.48011425716775896,0.42007765651274853,0.3963980235375641,0.45759513118851275,0.531581634198205,0.5566761318793703,0.28662188241549935,0.5480434519936415,0.4496941089905767,0.3844246983791459,0.5550685090051132,0.555489056202988,0.5581796541613433,0.3699660932105064,0.6025021636751545,0.4267920208788099,0.6036984316800699,0.5044221848497201,0.8095637211922513,0.47784234244426466,0.46449895018601056,0.30387348420261356,0.38097164091456254,0.3611456523584216
0.6494662574755576,0.5620977708969643,0.8728323026241003,0.07564800259202362,0.8887619509157129,0.7264695843742911,0.5771157063105236,0.6502566328295044,0.9409684470343879,0.4209844554564017,0.7413361243513473,0.3394216388167277,0.7408787684878325,0.49138634131143216,0.796936390798241,0.6167669710157907,0.3975612414914463,0.4767919986809509,0.7342310000646562,0.9000839117790368,0.7358803686467423,0.8344061040560592,0.7462063385073734,0.5032115665734181,0.561929036212015,0.5107349811580073,0.0,0.6480657806135797,0.6711261218660568,0.37663251419907817,0.69381263995157,0.24678573896190661,0.5313380207007767,0.6530687276687112,0.15682221545228428,0.2807744835473333,0.06733309169130448,0.44818033950704506,0.2619770730704433,0.42850096367265217,0.0,0.0,0.27617141933960754,0.17376940975039515,0.11034761059446603,0.4034767071048931,0.6957956071502972,0.8808916938515083,0.3883956121737718,0.8267546144613146,0.6239949361282608,0.5497305230002834,0.7377712351875196,0.923310732060015,0.4962494994934545,0.8342716136074299,0.47442367055713225,0.5818905277653396,0.45639896440023153,0.5852701079253633,0.4403613645704803,0.5571297658021436,0.470805791851593,0.7134820734518349,0.7311472345303868,0.6965030502823517,0.7335081174676636,0.8031793462855508,0.585014870788039,0.5396384390730989,0.7156715546687611,0.7379462102518354,0.5308262675916702,0.4799703867280902,0.48702412482123214,0.19525329025270532
0.6294178199589557,0.5110697689799485,0.6796353426599139,0.2997179911409737,0.7747493652655444,0.585696475331148,0.6539519124086448,0.6380378231105852,0.6550805648590069,0.6366972187434138,0.7317764019161105,0.5502879202493223,0.8314355858854044,0.5227506916218819,0.7220367946120725,0.6009648548476275,0.7002629891909409,0.37867562198166604,0.622172604037644,0.7435979511056693,0.853780582758717,0.6954497640091707,0.6791621068469934,0.598688415677296,0.45686287426423305,0.44283593727429255,0.6480657806135797,0.0,0.5268546662524423,0.710913669048504,0.8286862042843255,0.126038170015287,0.45989045487908425,0.5588574504084397,0.15928873194966348,0.39917790854900115,0.4285498014193239,0.4917359274272299,0.05519135450680372,0.17136708328458436,0.0,0.0,0.6427792045678618,0.50431098283231,0.2814988051956964,0.45771578642006644,0.688492179217572,0.6521733949627835,0.5466821471496198,0.8179671823542964,0.5872156409249316,0.6411103300812446,0.6895772420287817,0.6486252377758817,0.6184396565909424,0.7206842067491462,0.671751960678566,0.7929826731757598,0.3921037694058986,0.3349830951111076,0.41621938036066436,0.6951362006996524,0.6159313489400301,0.6831070987310324,0.5593785843881722,0.6604492041648841,0.5644587742682333,0.6778590586427301,0.7399514241303233,0.5443144742153695,0.6604178171270858,0.471065099363424,0.8276528691275516,0.33821406709923835,0.632672652413074,0.3843701252791549
0.7595357568467638,0.17929723237447928,0.6822244622709569,0.6435047010679603,0.6955592343175273,0.787584226184661,0.423717382465503,0.4224485934101293,0.620657956430602,0.0,0.4844872690324301,0.0,0.6060308432751105,0.4044819854382166,0.658943631727199,0.40493280397833015,0.04495974705328543,0.4135811995092191,0.33978040147947747,0.4685057575365219,0.5799756195174182,0.4599085831235367,0.5629723206199925,0.1376856588266066,0.1814059751394366,0.3315992091501727,0.6711261218660568,0.5268546662524423,0.0,0.41980025265952364,0.6069699737422909,0.15312662957322906,0.5269509064465487,0.7625091688419877,0.5677949150572609,0.3375180747365448,0.04912701663842582,0.5240616884478377,0.5253510736937446,0.42160984826021775,0.0,0.0,0.42954099702811555,0.06809456592972994,0.0,0.675474215514053,0.2969498424981308,0.47053235911829755,0.0,0.5022769569857676,0.3428243661592542,0.15164913653317402,0.5614401362372347,0.6588094264802214,0.08173479866531155,0.4866169523776588,0.011268266791201163,0.257979930182375,0.2419596748990488,0.03169047736752115,0.38319962057492113,0.19787399075534043,0.45601638757935026,0.3360847248021071,0.21956469327443043,0.5418038675550092,0.2998725718828591,0.4549135021254533,0.22244537283739008,0.241799343601773,0.4587564647726819,0.09523441265256356,0.32453080691514463,0.16741704309078714,0.6198098907315194,0.0
