0.0,0.4226024733707212,0.3540339374588417,0.0,0.0,0.22290074179458716,0.12474314831705938,0.0,0.2232850213334121,0.40865931177814196,0.0,0.3332735656034549,0.2604130835200311,0.0,0.3924860824218154,0.6671863087473846,0.6526086632794154,0.6705305620004656,0.2058388166281079,0.2417329072022219,0.4634318618263585,0.4564128062226542,0.19897686346037874,0.6802707070403365,0.6658471217625889,0.5973804713035781,0.26779275667173424,0.32686725955037366,0.2640962284788191,0.25532365909716337,0.5611186133383179,0.21287570640613776,0.46038242685231234,0.2941519360282156,0.0,0.12651959666527554,0.14600468402793657,0.18383094686516488,0.29209580760744386,0.5019235910643604,0.41888102864432175,0.09042546617467571,0.0,0.0,0.2714049377915161,0.898045770392961,0.2677987247296864,0.24468292205043227,0.3642590974584324,0.19272138009072076,0.335995344345046,0.3096702993418723,0.02790147650249243,0.31327862028847747,0.6545607578786896,0.05522153092576672,0.24266249805474646,0.28589192004750336,0.1066970390158451,0.07687165890102753,0.5646407656758301,0.5560521320782603,0.5315725325546484,0.2194717456336426,0.055618301319363225,0.400917985700765,0.1677549022070985,0.19814914693871333,0.7029540478816602,0.5280035506314679,0.6746105541233972,0.342855654585335,0.2242292791318557,0.32142909307603446,0.23016646022997891,0.4977915292004172
0.4226024733707212,0.0,0.4768196227809017,0.2281925877418239,0.24813778177420207,0.7204086769336234,0.5374572310157003,0.44111745509440037,0.44894532490046646,0.682012265402111,0.34171250709691836,0.6933604551797607,0.5886889317663421,0.2545806243876573,0.5304478974956199,0.5724923796401593,0.795021550815932,0.76741040601013,0.3442856537968779,0.29592309496976466,0.45133745717002943,0.5607466931036418,0.6481888195515231,0.6557986631752053,0.857645623504656,0.8397901507557486,0.7263586976612944,0.3224512502834192,0.5113776890478435,0.05367271304898227,0.25684126018622266,0.32054499649869206,0.5920793851218241,0.2691017177154979,0.0,0.1607261247475767,0.19469267873772025,0.35810009386576347,0.38438478531975717,0.5783198208667909,0.30282987354672586,0.0,0.0,0.0,0.09055361627329848,0.5394852312790009,0.733908112305187,0.40393268220798484,0.07139669632791378,0.2687242607025604,0.7282695221723464,0.44381824145781085,0.4047208030874372,0.4832178248994687,0.7226220774818806,0.38827389843881893,0.655191653791715,0.5791172797555836,0.19853156646206904,0.5131165079127425,0.5670118514494794,0.6889813281518367,0.6175855301976323,0.3740385239286011,0.31235414692970714,0.4251745133547821,0.3672484840040623,0.5466551772092167,0.5236919119488381,0.6872420732623888,0.7929806434052249,0.7169700264404161,0.35937216862959104,0.533337926321071,0.0,0.25487698244873225
0.3540339374588417,0.4768196227809017,0.0,0.07037632609068889,0.7070683291220554,0.6013393340275722,0.23762069177767192,0.27211311528788484,0.8827894480665451,0.4236327835013561,0.6763130772372922,0.6107474429454731,0.324023667972049,0.13265238808488927,0.729870472599286,0.3322993691422109,0.5249961689057998,0.5534817007219305,0.8937516254670226,0.6825644054939732,0.17192942782297746,0.6701690602457036,0.5399324741185928,0.509115961638788,0.501100357823779,0.5379059339427059,0.7160084958574745,0.6888701290451298,0.1477851481645088,0.41934267694130534,0.3002879148642058,0.0,0.12851601127002266,0.023128405547809247,0.0,0.27052207075645224,0.2146759770310013,0.3407069705123489,0.0,0.0561113256615218,0.0,0.0,0.0,0.019840621976236258,0.3289291206726571,0.3555468643592149,0.261755884706036,0.9649058718031875,0.25600967470104075,0.7288754610350643,0.45595543433885527,0.49388670121645123,0.0,0.9528328797953746,0.4763382278795851,0.8492543465564026,0.5327148601818166,0.29481412481268143,0.26438226186867975,0.48124068212048937,0.10057307056355481,0.42447103216497256,0.3239130191360165,0.9241212269977451,0.6303675565929062,0.11615428447673945,0.5603405441259457,0.31773462004501957,0.3529440997096278,0.33648323907770145,0.46521162224644724,0.7494382583954454,0.4451623677406621,0.2764493318878958,0.4421415256302242,0.286695479501651
0.0,0.2281925877418239,0.07037632609068889,0.0,0.2950795598614304,0.39995105161885264,0.38106544915805507,0.4787054220015945,0.12185207683729633,0.3889433269398334,0.0653906687306245,0.2379107779238655,0.2836602121850755,0.4475202943395958,0.21635773457659604,0.32194618225227006,0.24063262514748626,0.12047859704505713,0.0911284854228364,0.3222294025134351,0.31767528291907404,0.29864645934941986,0.5053201117365115,0.0,0.02320436546599763,0.0,0.32634990789214435,0.29105703433920427,0.3820986088642574,0.224303229658479,0.23779181100330501,0.2742645857648744,0.25561014898730133,0.31006566520058637,0.0,0.40350594742922646,0.20483456601170813,0.21043593644575626,0.26318271135214494,0.17310071705275457,0.05213801035994232,0.0,0.13024956971637328,0.0,0.0,0.09979035312166756,0.40846775752487535,0.1449776947092875,0.0,0.0,0.460412390714037,0.3045722415475833,0.6229037458063225,0.08036618914368801,0.0004077095284707947,0.17735790854398437,0.28884437104746724,0.46818046772893834,0.23585537242323806,0.6603891305824527,0.21634088713780894,0.17508429429830455,0.26701371254128514,0.14695758598882908,0.4313892402036729,0.5355374148608386,0.4263132155548273,0.6260928760280456,0.0,0.0,0.0,0.29795304925050153,0.5233479281631578,0.41034047092982323,0.056830897821287384,0.08353427691780631
0.0,0.24813778177420207,0.7070683291220554,0.2950795598614304,0.0,0.5216993519630995,0.45938917835428733,0.42508572914144166,0.8207672063990026,0.4011617284819377,0.8067684500563325,0.47695478527587115,0.4342895195988106,0.4120154503187467,0.6264452427286128,0.11042773372525021,0.274323286948411,0.31467146167282617,0.7182785724048483,0.6533597418154893,0.1862839192319849,0.5430178916597136,0.5100006549195987,0.09144809070267403,0.07916174059844663,0.13678191599398506,0.5250552753369826,0.6884479698700618,0.18605125964709016,0.5134934260834347,0.1589227434299948,0.0,0.0,0.06914653743168753,0.0,0.46695758526280706,0.3087361858009594,0.27340616997656325,0.0,0.0,0.0,0.0,0.19291899180110958,0.17601718494760848,0.07365066669113944,0.02398579074785767,0.13741931242904382,0.7353440307777412,0.017906969064330043,0.7848370776168285,0.3250660078544446,0.5731631329243432,0.15253744865695576,0.7613171902766587,0.07744090715176843,0.87047483612637,0.38624685778341733,0.3613711808272808,0.40514615569067275,0.5967950245590321,0.0,0.12533782255559653,0.1120508577061902,0.6979360384165137,0.670866968120857,0.1218898094280264,0.6422597079345252,0.3621848931985872,0.0,0.0,0.06948443528469922,0.5296312126190063,0.5979541359432023,0.28030039352047115,0.42413282626489335,0.23248935170477028
0.22290074179458716,0.7204086769336234,0.6013393340275722,0.39995105161885264,0.5216993519630995,0.0,0.6234479079250242,0.7120532938813475,0.6398562186792178,0.6028153756690426,0.43954772874931436,0.749370935928699,0.6163375541315389,0.3689810045245182,0.5789826398628355,0.5932510774463732,0.6734097292377128,0.6586592784149974,0.5854278732002048,0.5431578851802964,0.4177507794099176,0.6222173877270711,0.9127427656209838,0.49313151598676264,0.5525149745890187,0.49149292673268724,0.861912205972074,0.4109240504108629,0.6484561171975969,0.283892100657556,0.25977666793612464,0.19940469851995357,0.44824771567587013,0.24193766338112296,0.0,0.2575533897080313,0.1050448763675316,0.30308683099452866,0.23532673053461906,0.3933190691935071,0.09867634660214895,0.0,0.20808666710266321,0.00760544407865573,0.0,0.43010523080202295,0.6856187358588285,0.6683557017805177,0.01988273718317136,0.376945490424148,0.9039238094939183,0.668424231745773,0.5782445117158412,0.6149725137911161,0.5248943902488982,0.5657608150518046,0.7393877697514523,0.736716229512962,0.48228276719736496,0.7240154671508013,0.48630671060671604,0.6733030871862807,0.5846245034235867,0.600417233771014,0.6238567090544823,0.48276889460824657,0.6124611704600404,0.8211998247550208,0.36971826769608723,0.38500153005573035,0.5027994569636385,0.8162511533761904,0.5970355524576654,0.6533382190960018,0.27736246452940205,0.32228891539319626
0.12474314831705938,0.5374572310157003,0.23762069177767192,0.38106544915805507,0.45938917835428733,0.6234479079250242,0.0,0.5254219103276929,0.3666028548329685,0.5695098120180501,0.33288786601257025,0.40309524685605347,0.7168837973424752,0.3936429678684131,0.41812731457496266,0.47907394262029673,0.5315974521794814,0.4774291075542025,0.25840655480324426,0.3788245411361449,0.5513924994951768,0.42455345437515435,0.5608376667599979,0.19610511917492002,0.3767153601468493,0.2681227407405357,0.5279785799949259,0.31762916054982565,0.7143117566831392,0.3713276396509055,0.19612410004592454,0.3405120478547331,0.31267320280461,0.239794135847923,0.0,0.26819607746578444,0.12686321217828167,0.13469196350588875,0.4225462651039117,0.36354245877094554,0.2523552622021112,0.0,0.274003018678275,0.028166309023582276,0.0,0.217515084102051,0.43169708189684586,0.2719318489005138,0.0,0.3172292082516288,0.5845578938155902,0.7436876733493576,0.5692491870360531,0.31525714408825856,0.27627328488944347,0.3500720110232729,0.3835917291935453,0.6876424640830463,0.415591353249127,0.5974063857177581,0.4657338872176194,0.3647592576559762,0.34381841599805063,0.27409745765556315,0.3978646259772547,0.4898988252380332,0.4354942716137766,0.5645495893520964,0.1394104283146027,0.21310576909545476,0.2438784696892343,0.4985578767851811,0.5123569136684352,0.6186938787323377,0.19504494247176535,0.30510859164011295
0.0,0.44111745509440037,0.27211311528788484,0.4787054220015945,0.42508572914144166,0.7120532938813475,0.5254219103276929,0.0,0.2874355242983057,0.4213944717529441,0.3437655934395944,0.5187504396259958,0.6099641307571566,0.5821695114088018,0.37292379541806303,0.31501875765613596,0.35699192419556114,0.3008553240174707,0.28690318065988357,0.3316000238055954,0.6522167463375718,0.29143998686710465,0.8435445638745579,0.17433275194669473,0.16173091369137182,0.10517204164839687,0.46385365059710354,0.3406005515333988,0.5048602014604465,0.23039878214158235,0.1203110347383016,0.3352222302278001,0.2585829869924555,0.21462291668754366,0.0,0.3675744897633441,0.23732112282306636,0.14392469239230493,0.36614031819181925,0.2896342309230676,0.11804598053454353,0.0,0.3294731503859447,0.0,0.0,0.18710887528744605,0.5439564787766189,0.41052040391175626,0.12450044487634594,0.3704511404720265,0.69082958965586,0.6371192403962401,0.8242722179182611,0.29967486965919643,0.14869024751405702,0.43724396868021553,0.6469434414939728,0.7332068665393462,0.5640916587085457,0.5751023058101071,0.1958774014195838,0.32974595977984195,0.1672959528138436,0.35365335610424725,0.450827297227169,0.5285328335302711,0.4737845779270042,0.7631584965126021,0.1606480691809476,0.0,0.13725478984747103,0.4315930502685312,0.5092787316750198,0.5066530117509909,0.1327951933068284,0.11446991616810404
0.2232850213334121,0.44894532490046646,0.8827894480665451,0.12185207683729633,0.8207672063990026,0.6398562186792178,0.3666028548329685,0.2874355242983057,0.0,0.445401453737416,0.827599114045013,0.582214928841937,0.3337729762566016,0.18828882396225086,0.7660205001699909,0.25125686274707504,0.47178054381413337,0.5323370333298375,0.8221243813062343,0.6773980987680798,0.16562614830033837,0.6479365008370188,0.5478058305901231,0.402257499740009,0.44201647210925943,0.46533987558976675,0.7669883616284793,0.604188772298732,0.16756655114379998,0.37050697284166706,0.23859984402326492,0.0,0.159306165120886,0.0682689633950302,0.0,0.25529501147303335,0.25010692427845693,0.35226356106473333,0.024998643551578405,0.09188585336093205,0.0,0.0,0.09846701519919249,0.10015072158210057,0.22483152051215113,0.2884228607285098,0.26800724735611126,0.8869405098572766,0.09209373073319392,0.7441478003730855,0.445388383030853,0.5712998945363964,0.06122201300379966,0.9730280571407941,0.413890845436377,0.8576996693984353,0.5131229186377142,0.3521354693460961,0.33451477077657876,0.593576150593794,0.152480694739309,0.36567037933982677,0.34505173633301245,0.7947583727246469,0.637977602298284,0.1180106925070415,0.609983824117259,0.37454014304902866,0.24617284312629542,0.33065792240161135,0.40427528108082256,0.7746879821515051,0.5067249575799955,0.34199806201281324,0.437784997220123,0.37691851205390187
0.40865931177814196,0.682012265402111,0.4236327835013561,0.3889433269398334,0.4011617284819377,0.6028153756690426,0.5695098120180501,0.4213944717529441,0.445401453737416,0.0,0.2609223686142817,0.6812921648356245,0.5080246374506154,0.38125664580996227,0.41212555781006144,0.6721416944300818,0.7785116820162193,0.6826605339063866,0.3476674364269717,0.36955631910388403,0.4833725454812325,0.5043375089168792,0.595196080100314,0.5317131668800452,0.6437548700770349,0.46488050247881463,0.6223258858151406,0.44444635425615997,0.547639565348093,0.3092826128403314,0.5110357566811764,0.20075561798120475,0.5077909265726165,0.5077626425981144,0.0,0.40086120242786605,0.07778410528936451,0.58363604877398,0.23598108192355166,0.5065524120115334,0.36056243868206694,0.0,0.0357430324024959,0.0,0.21985938124095375,0.5122834910900743,0.47642402122490374,0.3546059329845754,0.022237760375479095,0.31963191436616284,0.5750731593093679,0.45537790571220155,0.46419533680500946,0.41084011465811665,0.6132627013872065,0.3143544808158987,0.590826071392474,0.5709363422430593,0.19739348938280532,0.5847050873960158,0.46975525030281823,0.6277978792381662,0.6084051238476975,0.3392123839949663,0.30339652388108945,0.5291817334286155,0.32579817510567666,0.5969775690324777,0.4441718184261811,0.44925325577632136,0.5060108397033692,0.5387991142006328,0.5694309386581485,0.5161817248808286,0.07153702571975755,0.4279518921939692
0.0,0.34171250709691836,0.6763130772372922,0.0653906687306245,0.8067684500563325,0.43954772874931436,0.33288786601257025,0.3437655934395944,0.827599114045013,0.2609223686142817,0.0,0.3912435157474655,0.2210218860444652,0.28477850437038355,0.6404413465651332,0.0,0.17219004834901633,0.2259779442944149,0.6735795692699468,0.47405549062779617,0.1023407717303664,0.4417138057423416,0.41040236478855874,0.15324587716747032,0.20510724237893022,0.27615664384657296,0.5374513795297416,0.4249014979009299,0.053457027919747865,0.2520507939793911,0.0,0.024190324298397854,0.0,0.0,0.0,0.18459026544307044,0.18826432953328814,0.22486684904034016,0.10621278101946871,0.0,0.0,0.0,0.10814973640063809,0.18637488933844612,0.08893609145322588,0.0,0.15638716824412388,0.7024334458134147,0.0,0.6965201115337661,0.25645940814510837,0.4249428892746118,0.1293237547967885,0.7114949632221975,0.12963038938100996,0.9124823967130233,0.4307267410654746,0.22967531054882354,0.2536643967680525,0.503191586067151,0.0,0.044057358709096356,0.019976807179635136,0.6706587621200283,0.5075109619914322,0.0,0.5413124340086906,0.2489498064825042,0.0,0.11815239731697928,0.16662079663606394,0.5376703347706746,0.35402334803550106,0.19757642750146132,0.2805663038523787,0.1583356730986834
0.3332735656034549,0.6933604551797607,0.6107474429454731,0.2379107779238655,0.47695478527587115,0.749370935928699,0.40309524685605347,0.5187504396259958,0.582214928841937,0.6812921648356245,0.3912435157474655,0.0,0.6185131324444864,0.36360698064476804,0.48960858153422643,0.4428375729159195,0.7559053670640082,0.6728596985779448,0.46061355794721176,0.39941625749921783,0.32618252614683874,0.43667171075310574,0.6237257142918473,0.7200722183893026,0.6022788441692216,0.6876135830267764,0.5932533285831443,0.5491248697745039,0.25917523620484967,0.21194850672682686,0.2708671866286523,0.0,0.37803736431887874,0.2117811097764064,0.0,0.4299901300436227,0.24093401503005163,0.33046168049919433,0.06523841112677813,0.4282038855685582,0.1976290792921265,0.0,0.0036399864202084605,0.0,0.24151276553062342,0.42892270579812425,0.4235471706768873,0.6594943494554454,0.2751428933969062,0.5260799275661123,0.6106692868309115,0.4874879106748945,0.24304138163846753,0.6431383042192995,0.6930206949281292,0.5148313487841608,0.8682516737089249,0.5278043270222744,0.18206697310323303,0.41176095531153845,0.2696448445694315,0.7493719035991531,0.5177942578751199,0.570754580771577,0.3242678411372234,0.26061161551635803,0.25491638618997736,0.48283230311911374,0.6168136674452629,0.4324272769219166,0.6385573582538411,0.5421132541273941,0.44529649365506474,0.2496300959728913,0.08376178068194325,0.23616971788363791
0.2604130835200311,0.5886889317663421,0.324023667972049,0.2836602121850755,0.4342895195988106,0.6163375541315389,0.7168837973424752,0.6099641307571566,0.3337729762566016,0.5080246374506154,0.2210218860444652,0.6185131324444864,0.0,0.5151542621469684,0.3772094624693611,0.4609960521228968,0.6165035133313328,0.6079855266432258,0.3104484418474257,0.365710514021308,0.5377769793425968,0.3704315856015822,0.5403038104649797,0.2653618043580698,0.3595682071107494,0.3947023188600671,0.3814033196934433,0.5544509842285983,0.5897413735345395,0.30391902418821437,0.15336391952380793,0.21026583680553196,0.19759385881683883,0.2054609849142822,0.0,0.39234378074963094,0.24919590917751347,0.0,0.290942063415274,0.2879158109628626,0.344673679258986,0.0,0.24273618905230931,0.0532631229658883,0.0,0.22589100732797743,0.32969812529306913,0.3691154505732257,0.26622304824534426,0.46007196728657485,0.5701543438113738,0.6848773733449119,0.4367167629015894,0.37165017384324883,0.33577773969596264,0.38167514130129154,0.5360205553312948,0.7511749736499386,0.4633338055337127,0.38662782905861476,0.32078575283531,0.4647706205868169,0.2653424460726691,0.3754356793036111,0.3291735521756903,0.4053672269856492,0.3026937956211046,0.44552732024107594,0.27779125434717195,0.1352861311167253,0.3215336500329233,0.3728431920943444,0.5114089870482222,0.43760031595987403,0.15070910021182254,0.22285110425529386
0.0,0.2545806243876573,0.13265238808488927,0.4475202943395958,0.4120154503187467,0.3689810045245182,0.3936429678684131,0.5821695114088018,0.18828882396225086,0.38125664580996227,0.28477850437038355,0.36360698064476804,0.5151542621469684,0.0,0.09384668103145563,0.11630478967210238,0.1936978164329575,0.09044616598392734,0.11446396790952791,0.16173091274899576,0.417742683455958,0.11854452077189377,0.43405934377460326,0.057176107788753684,0.025600961696068413,0.0,0.2026090788812261,0.32014237421841524,0.2663552453509829,0.17321038297976996,0.04769871071138144,0.13003376413089562,0.03881747157501915,0.2897548287363701,0.007443773975222121,0.552542945406842,0.2088143393773537,0.20169993805166148,0.13088027588576231,0.09065807336106138,0.19960325143809798,0.0,0.27489552197817,0.23297569153351488,0.04001256007558193,0.02063106944808424,0.23848673491904906,0.23535587442587133,0.16830277897616797,0.338888777116703,0.3493674849470222,0.3440193459941263,0.46205946709747364,0.1670690946676356,0.02805342359345296,0.3406749071127184,0.3730495652750367,0.3952583738738731,0.4124682598010238,0.31893719442371044,0.001650509392950392,0.10543196791737083,0.0,0.218017234824912,0.17664129517002838,0.294610536643015,0.20157700812764417,0.4058598148322777,0.10918520034521383,0.0,0.010353594194688672,0.184318394230694,0.34849005719259624,0.22092197070615713,0.0,0.020834389371660402
0.3924860824218154,0.5304478974956199,0.729870472599286,0.21635773457659604,0.6264452427286128,0.5789826398628355,0.41812731457496266,0.37292379541806303,0.7660205001699909,0.41212555781006144,0.6404413465651332,0.48960858153422643,0.3772094624693611,0.09384668103145563,0.0,0.4459352646824626,0.5458807730032356,0.59198827756934,0.7430216092356818,0.7445248912467227,0.4615035315974946,0.8445989235041714,0.6203198603433744,0.37098269414358415,0.5129498318690066,0.5104281087781386,0.740580474381493,0.5579367256979347,0.427450267504066,0.4206523985879854,0.3938413563923056,0.22964686801014159,0.24750607279160539,0.08873458928596355,0.0,0.15189403100227294,0.21889671835107355,0.23147948316390474,0.26957164196717903,0.17415348563634983,0.0766484154983124,0.0,0.0,0.0,0.0021724810307662177,0.4289076136927882,0.33887443661618677,0.6804410019591114,0.14317915311156446,0.6441223799230246,0.5409108907460273,0.6667451236801515,0.1824227672128528,0.7828426322731378,0.4457184387376326,0.723246889677051,0.4574072905215197,0.47287036156479567,0.34972952762879844,0.7466328954239744,0.3380153254446897,0.3778081939574995,0.4306959871024506,0.7285089398373991,0.735719369699605,0.4244216224278198,0.7447360106957082,0.4886429216685658,0.18876142865409767,0.33481619278743924,0.47226290185431397,0.7616194731528435,0.45981005053844826,0.5674886149784588,0.46897435160535195,0.41474026872128805
0.6671863087473846,0.5724923796401593,0.3322993691422109,0.32194618225227006,0.11042773372525021,0.5932510774463732,0.47907394262029673,0.31501875765613596,0.25125686274707504,0.6721416944300818,0.0,0.4428375729159195,0.4609960521228968,0.11630478967210238,0.4459352646824626,0.0,0.8624765424538613,0.8436713612154735,0.30947532110333115,0.48699545398706306,0.5468832791562024,0.6494091383184836,0.586898750087169,0.4911706351515641,0.6375528328587835,0.4008527511625172,0.5678325879900519,0.3414397478756431,0.7096889648394751,0.36996145308533185,0.6545020957246406,0.36757308196577376,0.5927891315403528,0.45241396670001255,0.0,0.11836190828953325,0.0,0.27425671147947694,0.3902339787506052,0.4988445629215849,0.31317342887668215,0.0,0.08804475743614291,0.0,0.0,0.7219334465511512,0.5069366812368551,0.2855487232674343,0.05944214800303569,0.07201218243456912,0.6759813571150947,0.48207998584968403,0.41232352118207566,0.29514477279630835,0.557253042918138,0.11876241769439498,0.38231593799407165,0.6147655225754219,0.32187450431241404,0.565315324695311,0.7432447120533312,0.6988519505274308,0.7845716409250425,0.3059631494306693,0.40147975192812557,0.6769725938198212,0.4193185082555043,0.6233284875810909,0.5270407224551336,0.4137902723713572,0.4845909002485741,0.5440076478028916,0.5447063566317578,0.7131011178180525,0.2791970230383014,0.5452421404538211
0.6526086632794154,0.795021550815932,0.5249961689057998,0.24063262514748626,0.274323286948411,0.6734097292377128,0.5315974521794814,0.35699192419556114,0.47178054381413337,0.7785116820162193,0.17219004834901633,0.7559053670640082,0.6165035133313328,0.1936978164329575,0.5458807730032356,0.8624765424538613,0.0,0.926650635532624,0.410603253587729,0.4536809679113424,0.5149043673613778,0.6425175807671547,0.5967912128924051,0.6753765501794282,0.8161303559817499,0.6844232792638513,0.6868750913388696,0.4384030984398348,0.5744566790162269,0.30091066516198317,0.5010201910022078,0.29782207230378516,0.5815731376242209,0.36359272429767037,0.0,0.1701646716171615,0.07384057041840814,0.29976024219804237,0.38672707075127705,0.5815682398728883,0.4153196167033284,0.0,0.06755453792095172,0.010230826020823015,0.07399629323112189,0.707151550752109,0.5883111970443682,0.45806131014262264,0.16054079332904356,0.3152688406707057,0.7406927292824906,0.5351651683964985,0.36078204112371315,0.5491371196772055,0.8034081708784971,0.3409326137568159,0.6183817691129211,0.694313715989532,0.2813784256140591,0.5831965990179536,0.6918412118833813,0.8874031196131008,0.735098983078,0.4686863675792186,0.35987462381383106,0.5784309757329072,0.3882845940445119,0.5667567029397292,0.6654678077860955,0.5871917977032447,0.7240955861818565,0.6665502266649871,0.5509777089061122,0.6099146849402943,0.12410931593285472,0.5568551644358226
0.6705305620004656,0.76741040601013,0.5534817007219305,0.12047859704505713,0.31467146167282617,0.6586592784149974,0.4774291075542025,0.3008553240174707,0.5323370333298375,0.6826605339063866,0.2259779442944149,0.6728596985779448,0.6079855266432258,0.09044616598392734,0.59198827756934,0.8436713612154735,0.926650635532624,0.0,0.4609112206861102,0.46802596596958945,0.45302577140153477,0.6558420086733939,0.5420093636291669,0.6810137645795732,0.8183229489138247,0.7333751718410285,0.6556592576321185,0.4575657157318975,0.5682962469767721,0.29608152325580195,0.4551598653036005,0.2496413855717331,0.6325589487495519,0.32177165472269836,0.0,0.12342537707457324,0.09458772477805874,0.2687448790278007,0.2992836249553728,0.5719824031443509,0.3718304763130576,0.0,0.01771358142015063,0.0,0.06621126574110034,0.6834041941118811,0.4689100239793755,0.5056178069297755,0.16641157351816901,0.37967716209509755,0.6667695675308319,0.5169475859053025,0.2616231825084278,0.577731872435933,0.7309510547716662,0.37281436504314275,0.5583940104926366,0.5853483761651839,0.22780027825722657,0.4996853635464655,0.6446186078990541,0.7613849722494229,0.7283064738460006,0.48636443329269685,0.3470512975569921,0.45156460214835237,0.35982575737310557,0.4849358748583903,0.637944120803992,0.5824391050295138,0.6905244136666747,0.6401088589519063,0.4746863111183096,0.548975304192616,0.24877360786812763,0.5099106714047894
0.2058388166281079,0.3442856537968779,0.8937516254670226,0.0911284854228364,0.7182785724048483,0.5854278732002048,0.25840655480324426,0.28690318065988357,0.8221243813062343,0.3476674364269717,0.6735795692699468,0.46061355794721176,0.3104484418474257,0.11446396790952791,0.7430216092356818,0.30947532110333115,0.410603253587729,0.4609112206861102,0.0,0.7379964517997938,0.15300902210691425,0.7163103489555535,0.5266754588774941,0.2744362670088215,0.3350032993612126,0.3397872054906,0.6435295344680696,0.6021122652049067,0.24186727812903075,0.5047713419033002,0.2244624439299291,0.0,0.0,0.0,0.0,0.13097149514162118,0.0920273727744334,0.2548577210233263,0.0,0.0,0.0,0.0,0.1760805286683289,0.10956437836006445,0.057170614917183844,0.1978352383815191,0.14256343474766736,0.8742547577893154,0.08833011768631652,0.6223612202310681,0.42035390551437696,0.5295134409043205,0.0,0.8347011671481974,0.2811799739329723,0.850010694110138,0.42395829150870085,0.3212382577636336,0.4096452830792715,0.5608993478230025,0.07082380588048756,0.2901764080025432,0.21745400373313978,0.9653198331282578,0.7002882037637198,0.11979167667899547,0.6642840348080695,0.3434285717610049,0.09827302463598327,0.18924234197888692,0.25274003434981085,0.677791733488861,0.4912573708366481,0.36087346994411723,0.5530696017945362,0.3746563099416543
0.2417329072022219,0.29592309496976466,0.6825644054939732,0.3222294025134351,0.6533597418154893,0.5431578851802964,0.3788245411361449,0.3316000238055954,0.6773980987680798,0.36955631910388403,0.47405549062779617,0.39941625749921783,0.365710514021308,0.16173091274899576,0.7445248912467227,0.48699545398706306,0.4536809679113424,0.46802596596958945,0.7379964517997938,0.0,0.3081194224533351,0.8440572831835577,0.5953986855529387,0.08731487331255347,0.2236860060149365,0.13479784137501175,0.638530692913334,0.695225516103994,0.44987111529772955,0.6028577024018347,0.46031176462944073,0.06688605266839225,0.05613246050515612,0.1075993081292769,0.0,0.243793358124345,0.18570303598270702,0.22669628022589922,0.09680747017407865,0.0,0.023363247489020387,0.0,0.28337566840929196,0.03970915797920378,0.0,0.23266353520625796,0.267998585798783,0.6452386855877915,0.0,0.44283029178325556,0.5090844204756928,0.5239770756320196,0.1620007320132584,0.6802407296505387,0.12052810458996926,0.6466478293941608,0.3653329019649626,0.5034184648595885,0.45941680677101593,0.7717088783362301,0.16969923002509274,0.22922530000734936,0.30882505188693593,0.7154601768485317,0.9462014442765652,0.39939816794608196,0.841951153184696,0.5257738861643182,0.0514913385947302,0.014588019226256608,0.15936447120823535,0.6624710685432694,0.7544767038808016,0.6090715993102866,0.6015147967088577,0.5135599583970999
0.4634318618263585,0.45133745717002943,0.17192942782297746,0.31767528291907404,0.1862839192319849,0.4177507794099176,0.5513924994951768,0.6522167463375718,0.16562614830033837,0.4833725454812325,0.1023407717303664,0.32618252614683874,0.5377769793425968,0.417742683455958,0.4615035315974946,0.5468832791562024,0.5149043673613778,0.45302577140153477,0.15300902210691425,0.3081194224533351,0.0,0.402517192462056,0.5802749832552027,0.28946856864741477,0.4084684093298998,0.27385591558860306,0.3841804898661461,0.28223594747849823,0.610328663164816,0.2886016966756617,0.3925652310144283,0.5107504024003354,0.4009945072617098,0.4151208343679189,0.07010954093645842,0.2602962901680104,0.19726285783388223,0.14692288925724464,0.5867460303999318,0.44692757505079184,0.42569513632944495,0.09639097149858457,0.18868446493749821,0.0,0.01662235321462148,0.5427091054081967,0.4550948404981849,0.1685736941612474,0.23054641046740226,0.24043238132366238,0.5578936930459756,0.576904731508685,0.6674086707917966,0.17182260742800157,0.3512333658456233,0.18949649722171996,0.36604200749333593,0.6378163463378725,0.3819994355092353,0.44296729809898844,0.5067094827649518,0.35837818063414634,0.3085299874840047,0.2004587480089311,0.26149831354548986,0.7666693126633505,0.3646772455440176,0.5943113430749739,0.3345836023802817,0.23013614307653346,0.350770217773751,0.3604766494195285,0.3933869869114683,0.5823125861274407,0.13376917326220475,0.30064146510334344
0.4564128062226542,0.5607466931036418,0.6701690602457036,0.29864645934941986,0.5430178916597136,0.6222173877270711,0.42455345437515435,0.29143998686710465,0.6479365008370188,0.5043375089168792,0.4417138057423416,0.43667171075310574,0.3704315856015822,0.11854452077189377,0.8445989235041714,0.6494091383184836,0.6425175807671547,0.6558420086733939,0.7163103489555535,0.8440572831835577,0.402517192462056,0.0,0.6524247057311354,0.2999474038324137,0.5144865541063094,0.41788728787736096,0.731843883342724,0.593229353198893,0.5101691603053566,0.5009533369121519,0.5253724957399016,0.25060710575966216,0.3205606187583603,0.22307091049666786,0.0,0.1435981088446674,0.12755626376964058,0.35054806391786514,0.2716948521964474,0.16393055536992185,0.11418946384772166,0.0,0.06234350683179753,0.0,0.0,0.4877937772387895,0.39775611321177995,0.5834464881026642,0.0,0.4228009333552951,0.601307690224809,0.5600174156937464,0.22644470247276674,0.6579709511709317,0.38655142354093247,0.6204898099524242,0.4028702463314975,0.5140437710589835,0.40235263819252987,0.7867340004078387,0.4181702749158672,0.3951052699395534,0.5227427630011957,0.6766323920319536,0.8009386967086997,0.4838329849330829,0.8635748210757903,0.5668571876011855,0.18646004689423135,0.28560019858902225,0.3993419410603117,0.7821107304054864,0.6374969184304988,0.6655519438790553,0.47820852333761965,0.5295590339896431
0.19897686346037874,0.6481888195515231,0.5399324741185928,0.5053201117365115,0.5100006549195987,0.9127427656209838,0.5608376667599979,0.8435445638745579,0.5478058305901231,0.595196080100314,0.41040236478855874,0.6237257142918473,0.5403038104649797,0.43405934377460326,0.6203198603433744,0.586898750087169,0.5967912128924051,0.5420093636291669,0.5266754588774941,0.5953986855529387,0.5802749832552027,0.6524247057311354,0.0,0.36216688906689853,0.42119245586865234,0.30247167128853897,0.8040366583187021,0.4326154542027658,0.655597394959849,0.30388869167638394,0.3468253927085669,0.31330456148185865,0.4472346317996397,0.29019618065786623,0.0,0.30331726393826314,0.148765993421894,0.33912025592135253,0.3198331476008924,0.3510406293313615,0.07489722784527128,0.0,0.22301568830280852,0.0,0.0,0.4290226568316458,0.7379981101151968,0.6103214266500243,0.0,0.35285755789127393,0.8927058944505517,0.6874921410656474,0.7371474386703389,0.5278474446520953,0.39447472294166985,0.5508032970260133,0.6837832313760379,0.8017919724751745,0.5436357005356827,0.8441455591086836,0.42608574765144636,0.5820522616736731,0.5220509351598561,0.5505984992287271,0.7123293175313534,0.6443563627726162,0.7436787749114593,0.9569922356469227,0.28925619398226243,0.23492184876076166,0.36685963601308774,0.746497456226263,0.6677460972091919,0.7015991704574476,0.3025548913098013,0.3076603092237749
0.6802707070403365,0.6557986631752053,0.509115961638788,0.0,0.09144809070267403,0.49313151598676264,0.19610511917492002,0.17433275194669473,0.402257499740009,0.5317131668800452,0.15324587716747032,0.7200722183893026,0.2653618043580698,0.057176107788753684,0.37098269414358415,0.4911706351515641,0.6753765501794282,0.6810137645795732,0.2744362670088215,0.08731487331255347,0.28946856864741477,0.2999474038324137,0.36216688906689853,0.0,0.8121274119513413,0.85117189318068,0.495083437735016,0.2072407345242104,0.17498450680600777,0.03075750058708785,0.31990080011042943,0.10769086878706981,0.6458153927409636,0.20175464623161343,0.0,0.1310349901103876,0.15058307984434866,0.34022337122255125,0.17385162882403726,0.6680535204424424,0.3123453772695212,0.0,0.0,0.0,0.41306585910776006,0.7622456266825367,0.4789192374237425,0.4575787406778827,0.3142162739078641,0.2804213455615519,0.5110985691323217,0.2679272793149285,0.10554840601584212,0.4774671999999717,0.8615980198204832,0.25669134288253775,0.6008604947465316,0.27063646940415287,0.0,0.1494427054875891,0.4992875077735958,0.7509762155080002,0.6553363087572107,0.33211332238383073,0.03217299454137507,0.22816687207036757,0.058934407936054804,0.29312028684094416,0.9062851681940123,0.7676853315639738,0.8951791260226627,0.5079050659330056,0.1423761729247583,0.23438466861899823,0.019184392219447496,0.33410816377349184
0.6658471217625889,0.857645623504656,0.501100357823779,0.02320436546599763,0.07916174059844663,0.5525149745890187,0.3767153601468493,0.16173091369137182,0.44201647210925943,0.6437548700770349,0.20510724237893022,0.6022788441692216,0.3595682071107494,0.025600961696068413,0.5129498318690066,0.6375528328587835,0.8161303559817499,0.8183229489138247,0.3350032993612126,0.2236860060149365,0.4084684093298998,0.5144865541063094,0.42119245586865234,0.8121274119513413,0.0,0.9157738695669776,0.6743292494262981,0.18241769943413197,0.42374432664402617,0.05903267837801836,0.3031661943746012,0.25675691517546606,0.7189592874892955,0.21897453277247136,0.0,0.0,0.059233015600457385,0.3284665520143992,0.35222560203135617,0.725297178173965,0.37848842938307387,0.014863474817282847,0.0,0.0,0.2465942046205257,0.7353880185160391,0.5476858137930921,0.3797447371611591,0.16635717639869654,0.22857890630470276,0.6035425940499305,0.36133534490338604,0.1759455479210576,0.4891493264067751,0.8847131873392796,0.26105755565950167,0.5375977163739918,0.4051635302368488,0.06427131577057434,0.322302758648562,0.6659243479130141,0.7404779702853402,0.6538665177002456,0.36283868974908956,0.09404971799694582,0.35746604918913116,0.15785925573882295,0.36607117950535434,0.706653994278113,0.9371126144071317,0.9404906596298387,0.6731573905097399,0.20203102137717524,0.4568831498246499,0.04197842668780543,0.39061755561715744
0.5973804713035781,0.8397901507557486,0.5379059339427059,0.0,0.13678191599398506,0.49149292673268724,0.2681227407405357,0.10517204164839687,0.46533987558976675,0.46488050247881463,0.27615664384657296,0.6876135830267764,0.3947023188600671,0.0,0.5104281087781386,0.4008527511625172,0.6844232792638513,0.7333751718410285,0.3397872054906,0.13479784137501175,0.27385591558860306,0.41788728787736096,0.30247167128853897,0.85117189318068,0.9157738695669776,0.0,0.5476529298090937,0.2252973647133307,0.184126782417194,0.0,0.16404841340041504,0.1534396954381234,0.5217900483282182,0.09078976515006301,0.0,0.02265768171343017,0.1761843090149618,0.23802973280036907,0.2407224235589886,0.5890828259763938,0.3416837658634662,0.08294239635736259,0.0,0.0,0.3197168441203449,0.587697413636651,0.4195941568010182,0.4522661289691628,0.2888165105067103,0.3819700602074134,0.45984952322347117,0.3438218497855594,0.0,0.5712990709742432,0.86234456259964,0.34426824238015546,0.5902432490657756,0.26735287103217886,0.0028421165037873664,0.15072565188072967,0.4837356931620698,0.6840107723978773,0.5225345929798949,0.38482317815746786,0.05669521519852595,0.1239268672613773,0.0869069863278844,0.19099702264160248,0.6805641415496337,0.8494324730412843,0.9783126554679377,0.601208307521755,0.06550525373553086,0.22791947380498306,0.0,0.277496136758157
0.26779275667173424,0.7263586976612944,0.7160084958574745,0.32634990789214435,0.5250552753369826,0.861912205972074,0.5279785799949259,0.46385365059710354,0.7669883616284793,0.6223258858151406,0.5374513795297416,0.5932533285831443,0.3814033196934433,0.2026090788812261,0.740580474381493,0.5678325879900519,0.6868750913388696,0.6556592576321185,0.6435295344680696,0.638530692913334,0.3841804898661461,0.731843883342724,0.8040366583187021,0.495083437735016,0.6743292494262981,0.5476529298090937,0.0,0.38421810037541443,0.5534106095267228,0.22321760991168546,0.3363195039512826,0.1545043528845098,0.46243895399107904,0.21827105363483343,0.0,0.15348098082655331,0.12341716823016227,0.42698531082525737,0.19383287278609013,0.3718487045426703,0.08052626973170227,0.0,0.03663836312775946,0.0,0.05774659355630067,0.4847269346078285,0.7186437098254769,0.6798385824263655,0.0,0.3630121185000474,0.7725792952946413,0.5780460933003299,0.384355568646227,0.7268855693876941,0.6145123065467529,0.6290171355412899,0.5903505431897516,0.5803153738120302,0.35741576961600413,0.7848437161048226,0.48064660975625084,0.6588847716812773,0.6421566763991536,0.636371484379087,0.6583118517229323,0.46093863371410804,0.6587892022043194,0.6960837599967535,0.3409079698672918,0.5408616799524092,0.5912860396865868,0.9806649205106672,0.5654651058208497,0.6789032877599482,0.2707040540655379,0.3703567407832333
0.32686725955037366,0.3224512502834192,0.6888701290451298,0.29105703433920427,0.6884479698700618,0.4109240504108629,0.31762916054982565,0.3406005515333988,0.604188772298732,0.44444635425615997,0.4249014979009299,0.5491248697745039,0.5544509842285983,0.32014237421841524,0.5579367256979347,0.3414397478756431,0.4384030984398348,0.4575657157318975,0.6021122652049067,0.695225516103994,0.28223594747849823,0.593229353198893,0.4326154542027658,0.2072407345242104,0.18241769943413197,0.2252973647133307,0.38421810037541443,0.0,0.12097963109357696,0.5956941057701004,0.4921638749939143,0.0,0.0,0.26074587621970247,0.0,0.6357457904297743,0.45435474596666536,0.29607520731612363,0.0,0.0,0.11144229437088078,0.0,0.07840132348801024,0.044148492984642664,0.1942507104823088,0.24763657011723939,0.12965615441788247,0.6563696139452528,0.2440635209213308,0.6797489295159911,0.3162956000848919,0.45792503981580746,0.06802879253852903,0.6876188253694789,0.20930131275379366,0.6439949735070509,0.4339395254380002,0.3964825157207306,0.32596955273966105,0.46268500961263465,0.0,0.2704049399862027,0.21617492718208842,0.6632572058620442,0.6003726034384134,0.2494118920873409,0.5302508299999285,0.30035975890734967,0.19396020414623882,0.0,0.19351747479557685,0.4159303844364361,0.686329517294765,0.18747397224923057,0.39609027454847173,0.3128186974665617
0.2640962284788191,0.5113776890478435,0.1477851481645088,0.3820986088642574,0.18605125964709016,0.6484561171975969,0.7143117566831392,0.5048602014604465,0.16756655114379998,0.547639565348093,0.053457027919747865,0.25917523620484967,0.5897413735345395,0.2663552453509829,0.427450267504066,0.7096889648394751,0.5744566790162269,0.5682962469767721,0.24186727812903075,0.44987111529772955,0.610328663164816,0.5101691603053566,0.655597394959849,0.17498450680600777,0.42374432664402617,0.184126782417194,0.5534106095267228,0.12097963109357696,0.0,0.3193953315939108,0.3172846952488821,0.5302998444434753,0.4632072691673743,0.3043506558910848,0.0,0.0,0.0,0.07122576249713884,0.48708107888974345,0.37252289102754677,0.25895008152413207,0.0,0.32242457707945243,0.0,0.0,0.3746950313311285,0.5070743426634988,0.149912031173426,0.0,0.0,0.7183234648910762,0.636069858862307,0.6412955086310285,0.08314171325698838,0.3073962396445866,0.136715494256104,0.308159739384894,0.7330015873139629,0.4540716650504346,0.6561220451996241,0.6991973481095387,0.4437727927719481,0.528449039404563,0.17713057801612025,0.4553507290054876,0.7060037057608602,0.49885160836550313,0.7131688450091369,0.17994710763611613,0.27153944392098417,0.25642689879494984,0.498826858230845,0.5409043461956662,0.8767788742493697,0.2644801211331693,0.4415709043692767
