0.0,0.07167687009998494,0.03453037035209743,0.11104337768588417,0.009424287462065849,0.0,0.0,0.0788996472771853,0.0,0.0,0.22096735381840152,0.24725627009546822,0.0,0.24651757696109022,0.16191481667758467,0.0,0.0,0.0,0.03479926272561833,-0.012943846361278334,-0.10340536235997273,-0.03870885100003454,0.2074204086190245,0.46522969235734035,0.32965112077711023,0.3174470595998133,0.0,0.0,0.0,0.0,0.0,0.18528286367107275,0.45974834499143863,0.16504719007597307,0.07209571038189436,0.0,0.0,0.0,0.3497807373597064,0.3189616460231807,0.3184165476982848,0.23201056230317532,0.0,0.0,0.0,0.5075737502721164,0.04608273527379738,0.08820835197944216,0.09409786598932507,0.10540735506509903,0.09923493368420226,0.07457105554882557,0.13926161161291076,0.12365019519303173,0.07184228352553915,0.26420379815448747,0.10143961242961627,0.0878920510346424,0.21981190766669775,0.13792978051837387,0.160780096569543,0.10436593182045396,0.06913453119360966,0.050060318213630946,0.053223006721760495,0.05852171858985172,0.08040328890479237,0.21289106235820546,0.4200517357195896,0.23718459658485289,0.3075247964867408,0.1333312558679959,0.0,0.2785755000507269,0.07384021500456404,0.1557879860135952
0.07167687009998494,0.0,0.0,0.08999436865252894,0.0,0.1294080677723988,0.0517845014984506,0.0,0.0,0.16337173055936297,0.0,0.1816257558489088,0.14042329873499468,0.0,0.0,0.08927778577990601,0.06998264227133413,0.07994899033314642,0.10260422998279049,0.0,0.0,0.10021031643959213,0.0,0.13537770896423268,0.3439087391056065,0.3089660019995302,0.0,0.008034863711166606,0.0,0.0,0.07184432886997216,0.0,0.12137433168571234,0.0,0.0,0.012666893695130528,0.024720255234087943,0.0,0.0,0.0049175185027458875,0.0,0.0,0.0,0.07828906548674165,0.0,-0.0019601410304691995,0.3709648081929298,0.0,0.0,0.0,0.1422119566489444,0.0,0.009930507793548557,0.0,0.08992164924044445,0.0,0.17833022816195704,0.16969323346668716,0.004147322721517071,0.0,0.10460653782058954,0.26320121659550255,0.17607323983096634,0.03917808563607809,0.0,0.0,0.0,0.0,0.10756763320397061,0.24991299739944095,0.2182712628008511,0.0,0.08724889881276496,-0.0007109846141421232,0.08000045598466919,0.03628752938121645
0.03453037035209743,0.0,0.0,0.1004495587903891,0.4538460796796442,0.10497340228518295,0.0834919919896664,0.39689101196287474,0.5450619232445981,0.0,0.591163208629568,0.25609986702138454,0.01943579573582222,0.0,0.3841778345464058,0.0,0.0,0.0,0.5867328176189888,0.49916303876751483,0.03543622356167038,0.3563228094403222,0.569456903317514,0.19244843566271105,0.0,0.16426013453011426,0.4851328701412136,0.04683342407777431,0.0,0.0,0.0,0.0,0.05147479390807687,0.0,0.0,0.0,0.0,0.0,0.0,0.0,0.0,0.0,0.1297228306932474,0.030270655043369787,0.0,0.0,0.24149515518098721,0.6173943240992119,0.14120256634909903,0.5282722372103087,0.2581679247139152,0.4076356343667969,0.2779517716093759,0.44412837826935603,0.29937636879479984,0.5421460222086263,0.24041402007798862,0.19141265755021952,0.28750945115687926,0.41621011668210406,0.15107601261078268,0.2873043066273468,0.10742888932680802,0.6013466132371443,0.5451122822770261,0.166661765714572,0.5073420447951376,0.4535264559890495,0.032211042927731186,0.12667239358418783,0.08789140864154765,0.5102246688219841,0.3516875250386471,0.0004952108433846876,0.28127409088231325,0.0074460848406861044
0.11104337768588417,0.08999436865252894,0.1004495587903891,0.0,0.18372339330453596,0.0,0.18137499368990662,0.017705639027423784,0.05488106302829778,0.0,0.0707201213139903,0.25735848353376717,0.08389776336553481,0.3303710699390169,0.0,0.07062395092735665,0.0,0.0,0.14311260015932,0.04530564568382287,0.0,0.06730787084388641,0.04522520628129755,0.2734702584030187,0.0,0.13348916907381,0.0,0.16788708807870473,0.0,0.0,0.12520107789475557,0.14342528894034104,0.11039298299109396,0.15410360839078494,0.19711891108520732,0.29006026957836484,0.30256847040953316,0.08980011022744261,0.12452364806692304,0.0,0.1089868053986413,0.07128342247739537,0.2251749234888099,0.1743531485046509,0.0,0.0,0.03390005414198181,0.047325865375898404,0.06095870680441132,0.10585053872152196,0.0,0.12775483597904677,0.0,0.004807857517186281,0.16086757256482842,0.038223563189063725,0.25383800212197727,0.07062404860791996,0.2578723575304544,0.0,0.0,0.1496250103259064,0.07084314871946228,0.08758292823376879,0.12751206050788194,0.0,0.11055773821421394,0.0,0.17584485049090368,0.01835400413815073,0.10901569593881126,0.0,0.08501142022240649,0.0,0.24731259475169734,0.07434615950247711
0.009424287462065849,0.0,0.4538460796796442,0.18372339330453596,0.0,0.01998449443445371,0.25056708301033775,0.2966519215961545,0.54311268157756,0.0,0.4606365722106559,0.18395621863497122,0.04033914316929998,0.14347562522914659,0.28084111882318274,0.0,0.0,0.0,0.33179176718803727,0.32869566102129794,0.0,0.17190287420818628,0.40283187900673845,0.13486142403235019,0.0,0.12354007704042222,0.32760670853072466,0.0350810205799277,0.0,0.0,0.0,0.0,0.006514251272275606,0.0,0.012975041029458515,0.1511564666861013,0.09248923085315273,0.0,0.0,0.0,0.0,0.0,0.17549448143571444,0.029694787555827575,0.0,0.0,0.11410135599544283,0.4600815730170502,0.07087409649332985,0.553333879217495,0.21058732230787053,0.4467056227148272,0.1640435721848265,0.45352585287699876,0.27728186709883257,0.4097362546706088,0.180154958673752,0.23932779215423458,0.2636293919715772,0.2960798316050448,0.04708468198824647,0.21251793590725726,0.07294190859707805,0.3747117894689021,0.40809602890954116,0.09146148047381733,0.37141836169133124,0.3672608222532113,0.0,0.10761602347607219,0.09174761230837744,0.3696842249924139,0.2557128183381507,-0.0002508179524401939,0.16892823524315115,0.0
0.0,0.1294080677723988,0.10497340228518295,0.0,0.01998449443445371,0.0,0.1456111133623136,0.24858614585992544,0.10299838273964045,0.017452019209364466,0.0,0.0,0.2128885532986465,0.0,0.0,0.0,0.0,0.05873425399142769,0.08271837211208855,0.017144589374674304,0.2223537027129721,0.0,0.21872370208646907,0.0,0.0,0.0,0.29188779747188387,0.07045487771520974,0.2536467927100618,0.08133433768663773,0.0,0.0,0.0,0.0,0.0,0.0,0.0,0.0008674565388268088,0.0,0.032653865854928764,0.0,0.0,0.01265631288306691,0.015303712501683659,0.0,0.0,0.23780001407289503,0.12806801212523036,0.0,0.021337048251894992,0.21267993316195247,0.09656285247497115,0.2333978380264948,0.058304327881818274,0.14630350496822886,0.0,0.025946146429891844,0.19223514524965443,0.0,0.0,0.0,0.12167550219064044,0.0,0.07660629048804082,0.0,0.1032505760370555,0.0,0.17229709366076953,0.0,0.10514671108924095,0.08431792005920506,0.037614709262023094,0.1183253867919425,0.0,0.0,0.0
0.0,0.0517845014984506,0.0834919919896664,0.18137499368990662,0.25056708301033775,0.1456111133623136,0.0,0.03482601481493989,0.20798719969678947,0.031365403923322405,0.0,0.0,0.34363450413884655,0.11770037492609102,0.0,0.08180107936813996,0.06164415599719914,0.09772823263632088,0.07667941578443012,0.10222020247397878,0.0,0.10676891024433723,0.0,0.0,0.0,0.0,0.07453807956177307,0.15697868522063038,0.17990942131371512,0.10742841006521775,0.029954370843953627,-0.0027915836658410657,0.0,0.0,0.09671162299557544,0.252905443404706,0.24394703426184686,0.1331759321320013,0.0,0.0,0.0,0.0,0.20961921678917875,0.24357958409741137,0.04370351586465535,0.0,0.11146101323021715,0.03961686511319835,0.0,0.058585886163717814,0.0,0.1413053510537768,0.0,0.0,0.2054562502864845,0.0,0.06142885671167209,0.1067169337076592,0.008128710111043184,0.0,0.0,0.1578242488556945,0.13863209091112022,0.06591278666995629,0.05645708291434732,0.0,0.08283164988528013,0.0,0.0,0.010751230658009663,0.0,0.0,0.16683655986148782,0.0,0.09593934513664303,0.0
0.0788996472771853,0.0,0.39689101196287474,0.017705639027423784,0.2966519215961545,0.24858614585992544,0.03482601481493989,0.0,0.3139984203339498,0.0,0.3975960821228422,0.3774245373073295,0.09843301935378528,0.06264214713064592,0.282893217319021,0.0,0.0,0.0,0.2858366415391752,0.25914509443667927,0.22651800759279114,0.06932943649074902,0.5326951234025687,0.24797689676282691,0.0,0.28634834260505315,0.29940750959446916,0.13760065143884526,0.0,0.0,0.0,0.0,0.12443612337551731,0.0,0.0,0.03472652719221325,0.0,0.021222473071428407,0.007328124761950209,0.09526170120570021,0.0,0.0,0.1375050114583567,0.0,0.0,0.017674597937063104,0.12395295164521479,0.4951484652332835,0.14044423830147862,0.35827510595326995,0.25761722227585987,0.3242220431450504,0.5483892698468853,0.35612453447900344,0.22831967583810475,0.43047752574803044,0.31799050966220466,0.2912449644250895,0.1972684316243829,0.2921906852051372,0.0,0.20002232261025685,0.0,0.34469319682875194,0.2866274914642608,0.2474611404793235,0.26786221179040254,0.4883317236141488,0.16513894325548426,0.04466972010608668,0.19882075297779275,0.3049001201161729,0.2829071228175352,0.0,0.13762025182909207,0.0
0.0,0.0,0.5450619232445981,0.05488106302829778,0.54311268157756,0.10299838273964045,0.20798719969678947,0.3139984203339498,0.0,0.0,0.47794306028295586,0.17345912076866263,0.11144423496744091,0.0,0.31086774505692005,0.0,0.0,0.0,0.42704543124887784,0.40524980122275134,0.0,0.24222370778658167,0.4368274913065403,0.060302918290222954,0.0,0.10114434544502961,0.4781958796372378,0.05140888717032068,0.0,0.0,0.0,0.0,0.0,0.0,0.0,0.07849031848635131,0.0207247669067153,0.0,0.0,0.0,0.0,0.0,0.20655377486649742,0.10204449473606793,0.0,0.0,0.1571993238837957,0.5175245780030993,0.15677240966490483,0.5424600872196084,0.2304797024175018,0.4819698224522038,0.16876347985252102,0.5017630035450014,0.29912279259219704,0.4089286256763919,0.17559946879612118,0.20688658721828065,0.17625879621534318,0.33473101806913913,0.07147636546482009,0.23299250960927642,0.08941485845993784,0.4377191785442847,0.44565728935900556,0.11108619555673792,0.40071218646060225,0.3678446355567597,0.0,0.07489431666009982,0.03814447623304798,0.4433738512966609,0.3085040381804174,0.0,0.21339039441307808,0.0
0.0,0.16337173055936297,0.0,0.0,0.0,0.017452019209364466,0.031365403923322405,0.0,0.0,0.0,0.0,0.07238357653932079,0.14243740465018032,-0.0040942676832147005,0.0,0.22829634132372456,0.3943834252628613,0.2840367004684138,0.0,0.0,0.0,0.0,0.0,0.03982934872774568,0.12050220899946677,0.0031441822563266853,0.0,0.052889797839271425,0.0,0.17442798514535907,0.1973312929682592,0.09201772441996219,0.0,0.019962960345239752,0.06471685145867616,0.0,0.07752883510833285,0.13700110884870426,0.019057551495193156,0.02793650839093484,0.02512323673957884,0.0,0.027540688690738165,0.07390997055620267,0.21468287534363256,0.009502986541472374,0.0,0.0,0.0,0.0,0.0,0.0,0.0,0.0,0.112225213358196,0.0,0.1456267968822336,0.0,0.0,0.0,0.0,0.08364807390601287,0.05913993012082972,0.0,0.0,0.0,0.0,0.0,0.030090987375386288,0.0,0.019963431224955912,0.0,0.0,0.0,0.0,0.06618795255222815
0.22096735381840152,0.0,0.591163208629568,0.0707201213139903,0.4606365722106559,0.0,0.0,0.3975960821228422,0.47794306028295586,0.0,0.0,0.2942798995905532,0.0,0.03944856044433179,0.47180849204127695,0.0,0.0,0.0,0.5036180695096657,0.4464340922434422,0.06888857837154279,0.2746855818101073,0.5922048116742876,0.29852931751665257,0.08432110480102051,0.25502255081207814,0.394249470765506,0.0,0.0,0.0,0.0,0.0,0.190338978233795,0.0,0.0,0.0,0.0,0.0,0.0,0.0957292188454106,0.0,0.0,-0.001638180551252812,0.0,0.0,0.07413817365075603,0.18933613891994813,0.6028402802661121,0.10176446324248817,0.5379308728017422,0.32780126818331506,0.39144749948266566,0.3288077772921077,0.5507564788184841,0.25983555961534555,0.651557388252358,0.20755602903036804,0.1984536178607796,0.29613460384571316,0.46115236381047287,0.19931822569247953,0.2763066021579928,0.0940679184076455,0.5342350909704985,0.5244024762960247,0.24364689507181558,0.4772466117699443,0.5412298652902225,0.17916702648809946,0.21084094227997682,0.1655955745883503,0.5508837124789819,0.24535691979877186,0.0869810076929934,0.1494075022192391,0.0
0.24725627009546822,0.1816257558489088,0.25609986702138454,0.25735848353376717,0.18395621863497122,0.0,0.0,0.3774245373073295,0.17345912076866263,0.07238357653932079,0.2942798995905532,0.0,0.16116644830150703,0.20807563454944422,0.07600697269322704,0.0,0.0,0.0,0.27986777115667183,0.11824841768197851,0.0,0.07985107428058257,0.36856081582594835,0.4924718265858751,0.15530443998975998,0.5188371778622405,0.01528307316819212,0.24276111907581205,0.0,0.0,0.0,0.055394786923704115,0.3314664638188039,0.0042772744357964555,0.03495342742604649,0.12367073427499142,0.07057808486523612,0.06961990083985149,0.0920923220571644,0.11011972602459044,0.08388472291000454,0.09572672675969404,0.08728570444803811,0.033810178095249256,0.0,0.10369389657776701,0.1462655398319522,0.2711917220469708,0.20842390763680707,0.28080978297780596,0.15091454528639622,0.259081814092108,0.37487437831284554,0.27764042031508274,0.2839079524980514,0.2945117095779221,0.5588422382247802,0.31424799207532655,0.2955247173900924,0.13925492571057616,0.0,0.349089622430662,0.0,0.2554502156545608,0.23645237226488547,0.0,0.2097715141062567,0.2780474706525788,0.3851564653277604,0.0811265259324808,0.34273326406233057,0.15603661827015422,0.25501969763977983,0.0,0.19095319716000467,0.044239000373105124
0.0,0.14042329873499468,0.01943579573582222,0.08389776336553481,0.04033914316929998,0.2128885532986465,0.34363450413884655,0.09843301935378528,0.11144423496744091,0.14243740465018032,0.0,0.16116644830150703,0.0,0.043602176593808134,0.0,0.13176501095534962,0.22771026994672222,0.13790977950492828,0.020359380391384976,0.0,0.0,0.0,0.0,0.0,0.0,0.17602981893961475,0.0,0.38379032393930557,0.0791984717147785,0.21107685287861377,0.10984641186562788,0.0902478283071884,0.0,0.048857708426889974,0.20960340421515009,0.2618745007426307,0.20134392413741128,0.24778877498804722,0.0,0.0,0.0,0.0,0.2757372912987437,0.3072404575755945,0.11522527104621033,0.0,0.06847348057054327,0.0,0.025217566922189023,0.0,0.0,0.08977549328039243,0.0,0.0,0.1340698022655119,0.0,0.21673962933264956,0.22300312401150318,0.0,0.0,0.0,0.15245930595410495,0.0,0.0,0.0,0.0,0.0,0.0,0.0,0.0,0.09727789278740746,0.0,0.23671131917077273,0.0,0.20048962907332307,0.0
0.24651757696109022,0.0,0.0,0.3303710699390169,0.14347562522914659,0.0,0.11770037492609102,0.06264214713064592,0.0,-0.0040942676832147005,0.03944856044433179,0.20807563454944422,0.043602176593808134,0.0,0.0,0.04898981418506754,0.0,0.0,0.0,0.0,0.0,0.0,0.05187838024173632,0.3091039965498082,0.012966109219834317,0.1441621941263001,0.0,0.11877614364440049,0.0,0.0,0.12373234223211935,0.30496954535239873,0.25165729668355163,0.28746302298529985,0.33278881545911104,0.24119348452132844,0.22832227608904188,0.15540035254601167,0.2710942166528778,0.061443450292072946,0.21547548590963758,0.1612622317137613,0.1357872500546642,0.0511481257626717,0.12279019906790083,0.11975397205832794,0.0,0.030399229116981306,0.06572070915282263,0.07752615456991441,0.0,0.08827515260110404,-0.002659239739597522,0.05240389338552662,0.09021588913989458,0.05377808036745145,0.19641082652795247,0.08530808170162472,0.28874792045103004,0.0,0.0,0.03376075290529966,0.0,0.0,0.0,0.0,0.0,0.06489424432935578,0.28420857586682463,0.030849238937820333,0.20928339946641583,0.0,0.0,0.014434300114404322,0.05720393526717317,0.026536501581578286
0.16191481667758467,0.0,0.3841778345464058,0.0,0.28084111882318274,0.0,0.0,0.282893217319021,0.31086774505692005,0.0,0.47180849204127695,0.07600697269322704,0.0,0.0,0.0,0.0,0.0,0.0,0.3087270894817888,0.4885752814465339,0.3250406314468065,0.32921689312800395,0.44546878632037923,0.06811391219943895,0.03923296972779464,0.09716817508240776,0.34206675058605146,0.0,0.038516848707527376,0.0,0.0,0.0,0.03912056553763687,0.0,0.0,0.0,0.0,0.0,0.0,0.0659415902000489,0.0,0.0,0.0,0.0,0.0,0.1599133771951714,0.13146384464683505,0.44320953383260897,0.03912593937583215,0.4097443993827574,0.24682626164534885,0.24946776245885263,0.25902471223162465,0.3950180584155971,0.11988826087480425,0.4937416948907723,-0.009316432401451122,0.043017029283330656,0.20410078953744798,0.6298824749024782,0.31746388862590447,0.12608407228123003,0.07823589760023876,0.3742781004682892,0.46778570277564874,0.47559620541945447,0.4735292845537246,0.4514338746584629,0.03804658663993804,0.1702984617392838,0.10013731822780701,0.49003561238016996,0.15418305056036566,0.24601820172753808,0.10030648806249924,0.05546915638417004
0.0,0.08927778577990601,0.0,0.07062395092735665,0.0,0.0,0.08180107936813996,0.0,0.0,0.22829634132372456,0.0,0.0,0.13176501095534962,0.04898981418506754,0.0,0.0,0.3686838267151745,0.47304467632125247,0.0,0.0,0.0,0.08827765233483982,0.0,0.012938538081557144,0.07801403506682116,0.0,0.0,0.15895644393974648,-0.0004382315233364747,0.24893305760535892,0.4121313798466071,0.10126691377750739,0.0,0.17754361015943584,0.12863922675206685,0.07753947865211991,0.18845982780104428,0.13216625577820776,0.003998387567718979,0.0,0.02130944253038612,0.0,0.08689475241548457,0.18730959195503738,0.1746834264639896,0.0,0.0,0.0,0.0,0.0,0.0,0.0,0.0,0.0,0.012559092245579282,0.0,0.008556575192993986,0.0,0.0,0.0,0.0,0.0,0.1558063050524638,0.0,0.0,0.0,0.0,0.0,0.0,0.0,0.0,0.0,0.0,0.012823711120904833,0.0627378107416778,0.12334274397732925
0.0,0.06998264227133413,0.0,0.0,0.0,0.0,0.06164415599719914,0.0,0.0,0.3943834252628613,0.0,0.0,0.22771026994672222,0.0,0.0,0.3686838267151745,0.0,0.46896120120465357,0.0,0.0,0.0,0.0,0.0,0.0,0.042880063958402465,0.0,0.0,0.17246462073721194,0.10298081816069861,0.27050933279953826,0.3795578937919648,0.06856215427445675,0.0,0.14786912674828565,0.17315871043727712,0.033467158768983284,0.11378115805504145,0.2853948501820924,0.0,0.0,0.0,0.02296817628785501,0.028074899697505828,0.1272984701414138,0.27845243473321013,0.0,0.0,0.0,0.0,0.0,0.0,0.0,0.0,0.0,0.0,0.0,0.0,0.0,0.0,0.0,0.0,0.0,0.0,0.0,0.0,0.0,0.0,0.0,0.0,0.0,0.0,0.0,0.0,0.0,0.0,0.0
0.0,0.07994899033314642,0.0,0.0,0.0,0.05873425399142769,0.09772823263632088,0.0,0.0,0.2840367004684138,0.0,0.0,0.13790977950492828,0.0,0.0,0.47304467632125247,0.46896120120465357,0.0,0.0,0.0,0.0,0.0,0.0,0.0,0.0485134134411277,0.0,0.0,0.0974047003533738,0.22565340633116032,0.3614311499036746,0.32485540385482886,0.0,0.0,0.0343265853501889,0.04207529989541544,0.018862011828486305,0.14779691755109683,0.17015770000305017,0.0,0.0,0.0,0.0,0.0344602788770486,0.15807262720716125,0.19774163716081256,0.0,0.0,0.0,0.0,0.0,0.0,0.0,0.0,0.0,0.0,0.0,0.0,0.0,0.0,0.0,0.0,0.0,0.08090716175464883,0.0,0.0,0.0,0.0,0.0,0.0,0.0,0.0,0.0,0.0,0.0,0.0,0.021257233188160134
0.03479926272561833,0.10260422998279049,0.5867328176189888,0.14311260015932,0.33179176718803727,0.08271837211208855,0.07667941578443012,0.2858366415391752,0.42704543124887784,0.0,0.5036180695096657,0.27986777115667183,0.020359380391384976,0.0,0.3087270894817888,0.0,0.0,0.0,0.0,0.47798340489410035,0.0,0.4469150321640075,0.47235516251865284,0.23021946384943856,0.02424635005253896,0.1980877202681554,0.3820971042099112,0.05826465178871566,0.0,0.0,0.0,0.0,0.06547347998821983,0.0,0.0,0.0,0.0,0.0,0.0,0.0,0.0,0.0,0.1272332470051043,0.10706733788001735,0.0,0.0,0.36387817508055875,0.45776983573499574,0.10782667056460357,0.4381422594092,0.2578875030931107,0.3357072622819479,0.23683127772245263,0.30581172754394526,0.29168688539708865,0.41817419301264497,0.2648574466352395,0.22634101968303694,0.24972705807362328,0.359422345911262,0.2719758218726689,0.36476591817738274,0.23487875692936871,0.6417660745781839,0.4931537553729232,0.08212944808845922,0.5229504275411172,0.32600485463464063,0.08992675638926827,0.19826976816463507,0.11118284635273314,0.412900247815341,0.3913668381551973,0.0010447595914053478,0.3361295910074075,0.05394480770322727
-0.012943846361278334,0.0,0.49916303876751483,0.04530564568382287,0.32869566102129794,0.017144589374674304,0.10222020247397878,0.25914509443667927,0.40524980122275134,0.0,0.4464340922434422,0.11824841768197851,0.0,0.0,0.4885752814465339,0.0,0.0,0.0,0.47798340489410035,0.0,0.1438675534379564,0.5501043079635484,0.42231038647604713,0.032138915729011404,0.0,0.04701611522928191,0.4148493873030636,0.0,0.14215135576148893,0.0,0.0,0.0,0.0,0.0,0.0,0.0,0.0,0.0,0.0,0.0,0.0,0.0,0.12235879306020109,0.09020398653049294,0.0,0.0,0.26949243782704185,0.4671493955503339,0.06590090370120737,0.41305692501167873,0.18674861934194295,0.3102945927010748,0.15156425470845242,0.28585746972539666,0.27445499693438064,0.417606879714566,0.12219615648746321,0.09896722933164989,0.19570766440503062,0.5236202055700538,0.3161517841676045,0.2451175104102059,0.21843224919847917,0.5212400152898954,0.6027669510148002,0.26811654494863496,0.6054716661826528,0.33676509363077395,0.0,0.1568266104644671,0.07454062415524722,0.4396225951803331,0.3544227011340437,0.1692431188937799,0.2821789255304152,0.09713859763117037
-0.10340536235997273,0.0,0.03543622356167038,0.0,0.0,0.2223537027129721,0.0,0.22651800759279114,0.0,0.0,0.06888857837154279,0.0,0.0,0.0,0.3250406314468065,0.0,0.0,0.0,0.0,0.1438675534379564,0.0,0.05015703130629483,0.16492101577932528,0.0,0.0,0.0,0.19397448229467643,0.0,0.3067146272820756,0.03242193095310096,0.0,0.0,0.0,0.0,0.0,0.0,0.0,0.0,0.0,0.17669552596044552,0.0,0.0,0.0,0.0,0.0,0.14610553905658477,0.004502355586463774,0.11600606440838929,0.0,0.0,0.12139159609925916,0.0,0.2819275031639763,0.03656720945092445,0.0,0.11715794075964656,0.0,0.0,0.0,0.25790307938971646,0.21404635163257604,0.0,0.0,0.02215637919872205,0.02046621019090996,0.5646351392006763,0.08430395127381426,0.20212872644241295,0.0,-0.0056165787547862184,0.0,0.13388006919805187,0.01423944868550571,0.0547770106089269,0.0,-0.008389867110666601
-0.03870885100003454,0.10021031643959213,0.3563228094403222,0.06730787084388641,0.17190287420818628,0.0,0.10676891024433723,0.06932943649074902,0.24222370778658167,0.0,0.2746855818101073,0.07985107428058257,0.0,0.0,0.32921689312800395,0.08827765233483982,0.0,0.0,0.4469150321640075,0.5501043079635484,0.05015703130629483,0.0,0.23921172576418687,0.025812073774924914,0.012727399924756659,0.03125260132233356,0.24424949618619116,-0.017951621154062687,0.127868648305791,-0.011243519574185555,0.0,0.0,0.0,0.0,0.0,0.0,0.0,0.0,0.0,0.0,0.0,0.0,0.158743361773262,0.16324001635530874,0.0,0.0,0.33463938149078243,0.2521580394348368,0.02327297218537455,0.2692087882153346,0.09952505421672449,0.19537867191014197,-0.007529466649380839,0.08512427093911228,0.26670789574255144,0.2098478754703548,0.10390922100053954,0.04431592712062996,0.13829984986464952,0.4123171941174987,0.38158784650777827,0.2807644524240667,0.3495662211879917,0.4512573213311641,0.45129713701760926,0.13726345392700395,0.5630043082122766,0.12026209022815963,0.0,0.17982069004080395,0.08345253777391318,0.2541264622641303,0.3228352265609024,0.17661636149454116,0.342114004247552,0.1902064742382235
0.2074204086190245,0.0,0.569456903317514,0.04522520628129755,0.40283187900673845,0.21872370208646907,0.0,0.5326951234025687,0.4368274913065403,0.0,0.5922048116742876,0.36856081582594835,0.0,0.05187838024173632,0.44546878632037923,0.0,0.0,0.0,0.47235516251865284,0.42231038647604713,0.16492101577932528,0.23921172576418687,0.0,0.3437143023741774,0.0706755518523168,0.3080714914986975,0.42286054705050263,0.01012641293076363,0.0,0.0,0.0,0.0,0.1947366996850804,0.0,0.0,0.0,0.0,0.0,0.0,0.09975320677828904,0.0,0.0,0.03937381029661587,0.0,0.0,0.0987898241614623,0.24816907219818515,0.5908060271017961,0.18276604234246577,0.4993004627313241,0.3888403408504168,0.40308703944924046,0.47004511176208,0.49818975013269995,0.302870946709267,0.574954701847675,0.2999783270943029,0.27434049493120477,0.3117283914599123,0.45091972126074686,0.14792838600427902,0.27410726158546567,0.024421351510525695,0.5088445540565695,0.45947495974577723,0.2620928151341263,0.43682533039574645,0.6158827177820507,0.1950085265516729,0.1992876267900339,0.23026646963830907,0.5138495841800328,0.2821459220121049,0.0377449748255091,0.1681665942635376,0.0
0.46522969235734035,0.13537770896423268,0.19244843566271105,0.2734702584030187,0.13486142403235019,0.0,0.0,0.24797689676282691,0.060302918290222954,0.03982934872774568,0.29852931751665257,0.4924718265858751,0.0,0.3091039965498082,0.06811391219943895,0.012938538081557144,0.0,0.0,0.23021946384943856,0.032138915729011404,0.0,0.025812073774924914,0.3437143023741774,0.0,0.260554952876092,0.4330957671462779,0.0,0.08379807628192742,0.0,0.0,-0.0062265270405859365,0.17474444851743506,0.430943881658951,0.14218231840557385,0.10363288577666833,0.06221799941260396,0.05930971971072993,0.0,0.24794142167419,0.2089417867093705,0.24882465368451964,0.14884396039014658,0.0,0.0,0.0,0.30523961853593057,0.11802295377522351,0.20634476788950462,0.20189876278716273,0.23899503659045757,0.12914637645317914,0.20053411081852943,0.26035742465050593,0.20862298965710024,0.23536631680251288,0.29733079781056354,0.3882543539962448,0.21405278577489847,0.29147083571580434,0.12124622454326517,0.03187505676197723,0.2521659538975487,0.043243111319197454,0.19462168720202497,0.16779366122699,0.0,0.15141912186369128,0.2722352911109676,0.5234064885236213,0.20231522248115466,0.37825948731895814,0.16087357714441256,0.07801165293494292,0.11743535849932547,0.18798692888729684,0.14230576114940613
0.32965112077711023,0.3439087391056065,0.0,0.0,0.0,0.0,0.0,0.0,0.0,0.12050220899946677,0.08432110480102051,0.15530443998975998,0.0,0.012966109219834317,0.03923296972779464,0.07801403506682116,0.042880063958402465,0.0485134134411277,0.02424635005253896,0.0,0.0,0.012727399924756659,0.0706755518523168,0.260554952876092,0.0,0.33305627798153997,0.0,0.0,0.0,0.0,0.0010527205146317416,0.0,0.26505909262285904,0.0,0.0,0.0,0.0,0.0,0.024127158427586986,0.2073660297092657,0.08168097361388672,0.019448596742440295,0.0,0.0,0.0,0.2844284739510842,0.19017526323183653,0.0,0.07835146794258373,0.004251190552598238,0.20168781855896403,0.005648380998338954,0.044822941370704465,0.07020629771924625,0.11498911939641407,0.10828846403041285,0.07713943851103848,0.07274481692830713,0.02700801595235933,0.0022140003779127213,0.18270347647433033,0.18550937077180651,0.20190896675681003,0.018428087150912986,0.0,0.0,0.0,0.08633143786032703,0.25246654239862215,0.2888031389447952,0.25344238201049746,0.07955802997718005,0.0,0.22958091434322944,0.0,0.07580423674621259
0.3174470595998133,0.3089660019995302,0.16426013453011426,0.13348916907381,0.12354007704042222,0.0,0.0,0.28634834260505315,0.10114434544502961,0.0031441822563266853,0.25502255081207814,0.5188371778622405,0.17602981893961475,0.1441621941263001,0.09716817508240776,0.0,0.0,0.0,0.1980877202681554,0.04701611522928191,0.0,0.03125260132233356,0.3080714914986975,0.4330957671462779,0.33305627798153997,0.0,0.0,0.11636085091186878,0.0,0.0,0.0,0.1019108487858558,0.3412218217199241,0.01542941873827142,0.021039054747657295,0.09739931657856651,0.0,0.0014557655793165925,0.14290832559334865,0.13530494610598223,0.10465925267830535,0.14732798974964112,0.044233591365797284,0.0,0.0,0.15231551210553862,0.2016889110284073,0.22265333695439782,0.16097673608590793,0.25266835746938165,0.18100867706802057,0.22808459393982244,0.29410258691879543,0.2297485300255683,0.18673001195904637,0.2664986124999734,0.39454985386273483,0.3414026321824101,0.21635440322663083,0.14233316788659767,0.04630841606355014,0.34728794979876465,0.0,0.21808380563371357,0.14554662545038458,0.0,0.14458413135002848,0.2722670931390044,0.3648045102308172,0.20644917360979112,0.4778514122784401,0.14466860438979356,0.18083054578036767,0.0,0.16126329107613205,0.03417971024003868
0.0,0.0,0.4851328701412136,0.0,0.32760670853072466,0.29188779747188387,0.07453807956177307,0.29940750959446916,0.4781958796372378,0.0,0.394249470765506,0.01528307316819212,0.0,0.0,0.34206675058605146,0.0,0.0,0.0,0.3820971042099112,0.4148493873030636,0.19397448229467643,0.24424949618619116,0.42286054705050263,0.0,0.0,0.0,0.0,0.0,0.13039392953532183,0.0,0.0,0.0,0.0,0.0,0.0,0.0,0.0,0.0,0.0,0.0,0.0,0.0,0.05208217332086882,0.006702022104888553,0.0,0.0,0.21659632674089296,0.4447026199434289,0.04588803046776764,0.3370310700860983,0.2634177757639429,0.2721437652836811,0.20506494259222124,0.34148733186751784,0.16422429224715415,0.37599557362877317,0.0017778465602785488,0.03985402375512873,0.022819641103335377,0.3109400400428598,0.1246109061738616,0.10957421854317803,0.05359662689953118,0.3875179732156789,0.32243684185765054,0.2254096547519248,0.3208129320770523,0.3523955714215211,0.0,0.05847830543264282,0.0,0.467421740017717,0.16598200840854163,0.0010915714830722846,0.06269553113354961,0.0
0.0,0.008034863711166606,0.04683342407777431,0.16788708807870473,0.0350810205799277,0.07045487771520974,0.15697868522063038,0.13760065143884526,0.05140888717032068,0.052889797839271425,0.0,0.24276111907581205,0.38379032393930557,0.11877614364440049,0.0,0.15895644393974648,0.17246462073721194,0.0974047003533738,0.05826465178871566,0.0,0.0,-0.017951621154062687,0.01012641293076363,0.08379807628192742,0.0,0.11636085091186878,0.0,0.0,0.0,0.2876817583786196,0.10344989941453359,0.05310630224115932,0.0,0.03274085883651641,0.1980364492905367,0.26071271952789965,0.29214923838733203,0.29100885080387223,0.0,0.0,0.0,0.02735020541543495,0.2820168621656122,0.2656369070635461,0.07554801172168961,0.0,0.0,0.02166487074370758,0.12460670916878583,0.06039454433625451,0.0,0.07665259056162357,0.06821228030972816,0.0,0.14867184442691642,0.0,0.3524289914877784,0.17155070192181252,0.10417755529983239,0.0,0.0,0.1053067998357461,0.0,0.014105591716113015,-0.008303703776101177,0.0,0.0,0.0,0.033014314981746805,0.0,0.05574818619108278,0.0,0.3147095410635531,0.0,0.2730316476885134,0.07872617403345927
0.0,0.0,0.0,0.0,0.0,0.2536467927100618,0.17990942131371512,0.0,0.0,0.0,0.0,0.0,0.0791984717147785,0.0,0.038516848707527376,-0.0004382315233364747,0.10298081816069861,0.22565340633116032,0.0,0.14215135576148893,0.3067146272820756,0.127868648305791,0.0,0.0,0.0,0.0,0.13039392953532183,0.0,0.0,0.3407105637306404,0.0,0.0,0.0,0.0,0.0,0.0,0.0,0.02115452083396084,0.0,0.0,0.0,0.0,0.06634546979186264,0.11199681128328853,0.1123371629212266,0.0,0.007228096750866328,0.0,0.0,0.0,0.0,0.0,0.0,0.0,0.0,0.0,0.0,0.0,0.0,0.0,0.13982616383601962,0.0,0.07540686270598322,0.0,0.0,0.18603741135906074,0.0,0.0,0.0,0.0,0.0,0.0,0.02020681697494783,0.016148397113709287,0.0,0.007116845653863382
0.0,0.0,0.0,0.0,0.0,0.08133433768663773,0.10742841006521775,0.0,0.0,0.17442798514535907,0.0,0.0,0.21107685287861377,0.0,0.0,0.24893305760535892,0.27050933279953826,0.3614311499036746,0.0,0.0,0.03242193095310096,-0.011243519574185555,0.0,0.0,0.0,0.0,0.0,0.2876817583786196,0.3407105637306404,0.0,0.16715455237922844,0.03687257000064685,0.0,0.0,-3.732641472827077e-05,0.04951836094484714,0.13869663852909864,0.1760005200908822,0.0,0.0,0.0,0.0,0.20280070876387582,0.22645635145403264,0.2086270261148253,0.0,0.0,0.0,0.0,0.0,0.0,0.0,0.0,0.0,-0.003544231589199709,0.0,0.0,0.0,0.0,0.0,0.0,0.0,0.05452619661127083,0.0,0.0,0.0,0.0,0.0,0.0,0.0,0.0,0.0,0.08194857316190346,0.0,0.17189653735282426,0.1200683023042906
0.0,0.07184432886997216,0.0,0.12520107789475557,0.0,0.0,0.029954370843953627,0.0,0.0,0.1973312929682592,0.0,0.0,0.10984641186562788,0.12373234223211935,0.0,0.4121313798466071,0.3795578937919648,0.32485540385482886,0.0,0.0,0.0,0.0,0.0,-0.0062265270405859365,0.0010527205146317416,0.0,0.0,0.10344989941453359,0.0,0.16715455237922844,0.0,0.1976472296056653,0.0,0.30959445016907094,0.28226904324850044,0.12712202824005012,0.2046865490070279,0.2203208004023127,0.06397325333133437,0.0,0.11890624728008611,0.06493714665357864,0.09248743905050807,0.14800185570374877,0.236956733222094,0.0,0.0,0.0,0.03244299853804805,0.0,0.0,0.0,0.0,0.0,0.0,0.0,0.0,0.0,0.0,0.0,0.0,0.0,0.05528853319028675,0.0,0.0,0.0,0.0,0.0,-0.0009005288446764959,0.0,0.0,0.0,0.0,0.0,0.03204363800464636,0.18909975167115672
0.18528286367107275,0.0,0.0,0.14342528894034104,0.0,0.0,-0.0027915836658410657,0.0,0.0,0.09201772441996219,0.0,0.055394786923704115,0.0902478283071884,0.30496954535239873,0.0,0.10126691377750739,0.06856215427445675,0.0,0.0,0.0,0.0,0.0,0.0,0.17474444851743506,0.0,0.1019108487858558,0.0,0.05310630224115932,0.0,0.03687257000064685,0.1976472296056653,0.0,0.174146039321659,0.43081543015822676,0.35562079122227613,0.06767345144415787,0.15226406583829788,0.22032273838723682,0.5170344577392165,0.13042715974899655,0.29166958087443834,0.2042784573825145,0.13719762204926925,0.0,0.2848905352282514,0.15781196611567022,0.0,0.0,0.05199268701941151,0.0,0.0,0.0,0.0,0.0,0.0,0.0,0.021117109451765436,0.022499892736656413,0.0,0.0,0.0,0.0,0.0,0.0,0.0,0.0,0.0,0.0,0.17619254243818863,0.0,0.162444414071843,0.0,0.0,-0.015562298106726082,0.1162388359010786,0.08467506880443162
0.45974834499143863,0.12137433168571234,0.05147479390807687,0.11039298299109396,0.006514251272275606,0.0,0.0,0.12443612337551731,0.0,0.0,0.190338978233795,0.3314664638188039,0.0,0.25165729668355163,0.03912056553763687,0.0,0.0,0.0,0.06547347998821983,0.0,0.0,0.0,0.1947366996850804,0.430943881658951,0.26505909262285904,0.3412218217199241,0.0,0.0,0.0,0.0,0.0,0.174146039321659,0.0,0.219547388260766,0.11711304377685862,0.0,0.0,0.0,0.28082286454753247,0.38696990498584327,0.2666384449998218,0.24992153339804343,0.0,0.0,0.0,0.3800062220032314,0.08978458545597229,0.06777993767715101,0.13514973609918798,0.09067925078655496,0.16696157734176081,0.07372659227622504,0.20445818839890023,0.1608653346356793,0.06339157853512596,0.22160328135316767,0.14664641544565887,0.18663376338026033,0.22681543244757688,0.044654252999313006,0.03835380162852115,0.15360655342246637,0.0,0.05919173511054713,-0.008254675549815866,0.05050276894801817,-0.007055420631098678,0.18596136841073427,0.36523657292432427,0.20387435081666289,0.26613893264069516,0.10612414132293184,0.0,0.08212765357121554,0.011883698570038105,-0.0069667353779348535
0.16504719007597307,0.0,0.0,0.15410360839078494,0.0,0.0,0.0,0.0,0.0,0.019962960345239752,0.0,0.0042772744357964555,0.048857708426889974,0.28746302298529985,0.0,0.17754361015943584,0.14786912674828565,0.0343265853501889,0.0,0.0,0.0,0.0,0.0,0.14218231840557385,0.0,0.01542941873827142,0.0,0.03274085883651641,0.0,0.0,0.30959445016907094,0.43081543015822676,0.219547388260766,0.0,0.43594255241916663,0.08128406933379909,0.18169734909940127,0.20039647881151712,0.4012453385981176,0.0895304778223629,0.3569160315585179,0.21675676906657493,0.03672377253353866,0.0,0.20186437735366064,0.11645394245849523,0.0,0.0,0.08809844650098034,0.0,0.0,0.0,0.0,0.0,0.0,0.0,0.0,0.0,0.0570558057672341,0.0,0.0,0.0,0.0,0.0,0.0,0.0,0.0,0.0,0.09088708422616587,0.0,0.04920145525101183,0.0,0.0,0.019874276827012625,0.025725732520793507,0.052809570012280295
0.07209571038189436,0.0,0.0,0.19711891108520732,0.012975041029458515,0.0,0.09671162299557544,0.0,0.0,0.06471685145867616,0.0,0.03495342742604649,0.20960340421515009,0.33278881545911104,0.0,0.12863922675206685,0.17315871043727712,0.04207529989541544,0.0,0.0,0.0,0.0,0.0,0.10363288577666833,0.0,0.021039054747657295,0.0,0.1980364492905367,0.0,-3.732641472827077e-05,0.28226904324850044,0.35562079122227613,0.11711304377685862,0.43594255241916663,0.0,0.19516639675793507,0.27778572181517325,0.27329211352705535,0.27379568487274136,0.0,0.14740030127914394,0.23460228669321134,0.1881539445290084,0.07785340574430824,0.18657536822509302,0.0,0.0,0.0,0.11046060354722301,0.0,0.0,0.052825180412040866,0.0,0.0,0.06405772376645634,0.0,0.07634040306275355,0.09890466464107518,0.04450025260611053,0.0,0.0,0.0,0.0,0.0,0.0,0.0,0.0,0.0,0.032145768373744464,0.0,0.0838694223410057,0.0,0.0,0.0,0.0897281096166932,0.027441458748706935
0.0,0.012666893695130528,0.0,0.29006026957836484,0.1511564666861013,0.0,0.252905443404706,0.03472652719221325,0.07849031848635131,0.0,0.0,0.12367073427499142,0.2618745007426307,0.24119348452132844,0.0,0.07753947865211991,0.033467158768983284,0.018862011828486305,0.0,0.0,0.0,0.0,0.0,0.06221799941260396,0.0,0.09739931657856651,0.0,0.26071271952789965,0.0,0.04951836094484714,0.12712202824005012,0.06767345144415787,0.0,0.08128406933379909,0.19516639675793507,0.0,0.3403529145385624,0.16829703333155457,0.0,0.0,0.0,0.03364907533246555,0.29511835784554336,0.2850204909118895,0.0836661029509536,0.0,0.0,0.0,0.10022734049396793,0.048294565978943146,0.0,0.09367431678031317,0.0,0.015350150181237553,0.026966122650165316,0.0,0.16080451639300045,0.12328091479979951,0.1551675653114985,0.0,0.0,0.031050474164153782,0.0,0.0,0.010779187206316352,0.0,0.0,0.0,0.013369387172129559,0.0,0.06447149243550175,0.0,0.10685171477115687,0.0,0.09077776790534171,0.0
0.0,0.024720255234087943,0.0,0.30256847040953316,0.09248923085315273,0.0,0.24394703426184686,0.0,0.0207247669067153,0.07752883510833285,0.0,0.07057808486523612,0.20134392413741128,0.22832227608904188,0.0,0.18845982780104428,0.11378115805504145,0.14779691755109683,0.0,0.0,0.0,0.0,0.0,0.05930971971072993,0.0,0.0,0.0,0.29214923838733203,0.0,0.13869663852909864,0.2046865490070279,0.15226406583829788,0.0,0.18169734909940127,0.27778572181517325,0.3403529145385624,0.0,0.20120884129646094,0.07803884513266555,0.0,0.020376925499618257,0.0,0.2805568829659923,0.29102209132490353,0.20163155093821347,0.0,0.0,0.0,0.095387264636593,0.0,0.0,0.06582637558269211,0.0,0.0,0.0967702792380288,0.0,0.1627195041369199,0.030086224611966705,0.04485167742799741,0.0,0.0,0.054022158178677636,0.05405400703719453,0.0,0.0,0.0,0.0,0.0,0.0,0.0,0.0,0.0,0.04597364193852751,0.0,0.146382578082788,0.08814321596489129
0.0,0.0,0.0,0.08980011022744261,0.0,0.0008674565388268088,0.1331759321320013,0.021222473071428407,0.0,0.13700110884870426,0.0,0.06961990083985149,0.24778877498804722,0.15540035254601167,0.0,0.13216625577820776,0.2853948501820924,0.17015770000305017,0.0,0.0,0.0,0.0,0.0,0.0,0.0,0.0014557655793165925,0.0,0.29100885080387223,0.02115452083396084,0.1760005200908822,0.2203208004023127,0.22032273838723682,0.0,0.20039647881151712,0.27329211352705535,0.16829703333155457,0.20120884129646094,0.0,0.08030435019315016,0.0,0.02358470847858347,0.09808855465515598,0.27937008287378845,0.1892396904280119,0.2711118541033255,0.0,0.0,0.0,0.13435867725067197,0.0,0.0,0.0,0.0,0.0,0.0960806904032767,0.0,0.17390480199753003,0.040045420073733747,0.0,0.0,0.0,0.0,0.0,0.0,0.0,0.0,0.0,0.0,0.0,0.0,0.03708065325500333,0.0,0.020424026689842625,0.0,0.06578552101952385,0.0
0.3497807373597064,0.0,0.0,0.12452364806692304,0.0,0.0,0.0,0.007328124761950209,0.0,0.019057551495193156,0.0,0.0920923220571644,0.0,0.2710942166528778,0.0,0.003998387567718979,0.0,0.0,0.0,0.0,0.0,0.0,0.0,0.24794142167419,0.024127158427586986,0.14290832559334865,0.0,0.0,0.0,0.0,0.06397325333133437,0.5170344577392165,0.28082286454753247,0.4012453385981176,0.27379568487274136,0.0,0.07803884513266555,0.08030435019315016,0.0,0.2694550813676039,0.36030709619077217,0.289092226993772,0.013126231841695738,0.0,0.19435598484054858,0.2980447507944751,0.0,0.0,0.012919422567711928,0.0,0.0,0.0,0.026591631176700256,0.0,-0.008546225212649741,0.012356119789652521,0.025904109029458555,0.06622323486710355,0.048372178763883424,0.0,0.0,0.03240301311846253,0.0,0.0,0.0,0.013858027087788282,0.0,0.005716720926327706,0.27141157208891753,0.0804380484433448,0.22410321493977614,0.0,0.0,0.10536051986152466,0.09081979053638868,0.08793893024344786
0.3189616460231807,0.0049175185027458875,0.0,0.0,0.0,0.032653865854928764,0.0,0.09526170120570021,0.0,0.02793650839093484,0.0957292188454106,0.11011972602459044,0.0,0.061443450292072946,0.0659415902000489,0.0,0.0,0.0,0.0,0.0,0.17669552596044552,0.0,0.09975320677828904,0.2089417867093705,0.2073660297092657,0.13530494610598223,0.0,0.0,0.0,0.0,0.0,0.13042715974899655,0.38696990498584327,0.0895304778223629,0.0,0.0,0.0,0.0,0.2694550813676039,0.0,0.18347478187980837,0.12831454798454056,0.0,0.0,0.0,0.332562995172274,0.021452262086610337,-0.0026048867695842768,0.0,0.0,0.1584352978104158,0.0,0.20094443272213686,0.06643314969116333,0.0,0.14644688089792876,0.0,0.050864597609538396,0.0,0.028562364855367096,0.1189712492753464,0.035433127527848024,0.0,0.0,0.0,0.17649301075984744,0.0,0.15121598612029646,0.21237796069616408,0.1593162790234683,0.07606300167042081,0.05904231523027739,0.0,0.0725352494961748,0.0,0.0
