0.0,0.0,-0.0076270384576723055,0.0,0.0,0.0,0.0,0.0,0.03536532926182558,0.043286625307753374,0.0,0.0,0.0,0.0,0.21275259403498686,0.24090434150047943,0.045078100854142475,-0.0019724347930743405,0.0,0.16458299068032262,0.16603725257799987,0.2669726750503791,0.0,0.0,0.09192879392831828,0.0,0.10840409705582868,0.13090522196744334,0.15790514398586153,0.13706990635451613,0.24959358313702695,0.07010577986813128,0.08652194775024673,0.01579849389731055,0.0066246332794336555,0.0,0.0,0.0,0.025358225142996904,0.07710330548834039,0.11810078154635921,0.0,0.0,0.030270701288655746,0.0583432743642408,0.3693898673357759,0.012901797336629382,0.007029661723728018,0.005810896140891582,0.0,0.0,0.0,0.0,0.08811391396847447,0.02493913294298603,0.015185272891673846,0.0,0.0,0.0,0.2722634218224523,0.2637800161064117,0.06280733124815478,0.17482446833761764,-0.01698567494109234,0.21577674194781377,0.12260689638568718,0.2389998230777732,0.0,0.06609049357346457,0.13691366371624175,0.06580931863074689,0.1444346176181038,0.19117393672120997,0.21094403927341548,0.0,0.16390322142022315
0.0,0.0,0.15487796761531347,0.0,0.0,0.45992386339114905,0.13650935589268398,0.15442913392942234,0.0,0.42648578269894394,0.0,0.13778015707034297,0.18584024149528428,0.0,0.1444392160180358,0.016191382332699504,0.4123884929512098,0.35874374737247483,0.018972059635841327,0.1593106147200799,0.25752593780894,0.19242887954802249,0.22144636819395636,0.18718493333819958,0.5475931713018187,0.5406951051978081,0.24173374937173017,0.0,0.08887785364813813,0.0,0.0,0.272515777228098,0.22893279820635987,0.0,0.0,0.1484878554632797,0.0,0.0,0.08824466089281784,0.14175546027440158,0.06910091327332506,0.0,0.1268630884340401,0.1861405856574887,0.10977175724366195,0.0,0.3753027665532342,0.004081858949159242,0.0,0.0,0.32056716337183727,0.0,0.05081480696743351,0.09395741585820554,0.2678132803811486,0.0,0.0,0.17734704629432327,0.0,0.18675482675324673,0.023639890520736787,0.34729419102436504,0.013055783492456712,0.2565480318500543,0.1207876565704174,0.11710600839408479,0.1630478942763118,0.1109505683979928,0.17645919912446525,0.25672201308721226,0.3198277405792049,0.19154727448537673,0.025598519047905534,0.04307568156762584,0.006736940208176271,0.010422407278590888
-0.0076270384576723055,0.15487796761531347,0.0,0.10979702289889706,0.08887238095013693,0.20706887775435226,0.0,0.24536185189327914,0.19130885800474287,0.037592632274998,0.19234755620295896,0.23716894917545694,0.1412253779299774,0.0,0.21335780023979806,0.0,0.14963532075755623,0.0,0.2974351567491073,0.269803519498616,0.06468851645710835,0.10808138703698093,0.3436653176161225,0.19097291229966729,0.06096815419028043,0.28002801972084457,0.09231524520667495,0.1664479840360072,0.0,0.003847682960959495,0.0,0.0,0.004809292305509915,0.05068280275377912,0.0,0.16919200303336654,0.0445611325327489,0.0,0.0,0.0,0.03879655401574546,0.0,-0.008883804794647327,0.07117220598276494,0.04988231989654597,0.0,0.0,0.5275968244638538,0.1964960276307442,0.08785195807676194,0.049066859391935044,0.0,0.22042303644530534,0.36212792283045,0.0,0.3042148263740918,0.1104679679969399,0.019773600239490544,-0.005726364859770212,0.06986928716353497,0.0,0.0,0.0,0.2508986461197468,0.16212354300378384,0.0,0.09187959317410963,0.23083157597855347,0.06008077650568699,0.0,0.0,-0.011069826982433733,0.14922229044374957,0.0,0.04995840270307096,0.0
0.0,0.0,0.10979702289889706,0.0,0.19563786370547315,0.0688166645351995,0.1341280394337041,0.2202616261776247,0.10212733534724765,0.0,0.17937367186511263,0.25159449586627175,0.17720732256145452,0.314303532834368,0.004944692582769198,0.04218458153881128,0.0,0.0,0.15535209787730425,0.09976333588403315,0.0,0.0,0.1636336920141087,0.0,0.0,0.033398560416157054,0.0,0.28793465508217775,0.0,0.2660449805967521,0.27569334655600825,0.0,0.0,0.387164730877648,0.0585178552904609,0.34867805752089753,0.34514881714428686,0.25487877500091477,0.0,0.0,0.0,0.13171814769694426,0.05842273754924041,0.0,0.0,0.0,0.0,0.027398136425740342,0.38273905158027133,0.036937544295124504,0.0,0.0,0.22956242719560177,0.020155349165082905,0.0,0.20650894591144875,0.3548297962710271,0.0,0.1374916620238258,0.0,0.0,0.0,0.0,0.0,0.0,0.0,0.0,0.07701903726590606,0.0,0.0,0.0,0.0,0.0,0.0,0.0,0.0
0.0,0.0,0.08887238095013693,0.19563786370547315,0.0,0.0007842144708440028,0.3573921039118087,0.019726234375271566,0.48676233324923723,0.0,0.3383761953474736,0.09944900840448578,0.24380616768097357,0.22780684239151355,0.0,0.2140937225170827,0.0,0.0942162302379152,0.045814285155391744,0.043041604797996284,0.0,0.05873720229182786,0.0,0.0,0.0,0.0,0.017771380065598447,0.27063584654154205,0.15092334059299878,0.26099910870537674,0.12408752097516136,0.0,0.0,0.21195515006635327,0.02770779536752519,0.14922653350402912,0.23852581432506129,0.18722693291141138,0.0,0.0,0.0,0.10111717908948305,0.001146490535107929,0.056980991028007376,0.0,0.0,0.0,0.1800128534212899,0.1434854403857845,0.45853339545730576,0.0,0.2523577994032362,0.0,0.21885915133415276,0.0,0.27292837268226794,0.10975858804869627,0.0,0.19972122337041884,0.0,0.0,0.0,0.0,0.0,0.0,0.0,0.0,0.0,0.0,0.0,0.0,0.0,0.03900756446868816,0.0,0.0,0.0
0.0,0.45992386339114905,0.20706887775435226,0.0688166645351995,0.0007842144708440028,0.0,0.3014918260286334,0.4383504828092023,0.0,0.24234708630972643,0.0,0.3663065049874738,0.4366667252615241,-0.000750484806970249,0.021962239599602064,0.0,0.2557287380962113,0.17360469083133234,0.11211129059572836,0.08133011579995347,0.11481621319675407,0.0,0.44084103788589335,0.22820928206241917,0.29965606773127157,0.48141797775160927,0.1434250834798739,0.0,0.0,0.0,0.0,0.07242497608324885,0.11576611622513383,0.02152454535986118,0.0,0.20127993398548574,0.043621142015073104,0.09143557816136921,0.0,0.06947908577773865,0.0,0.0,0.0820345827567983,0.08156412903631191,0.04205815118219778,0.0,0.2187225475807949,0.07052434483038689,0.0,0.0,0.32461222573356313,0.0,0.3033134627799231,0.04923726348019193,0.09013110973222077,0.055200101508223874,0.2734815749960264,0.3064140292007529,0.04620611727882904,0.0,0.0,0.0806539472990714,0.0,0.20802038509317497,0.0,0.061451603252069026,0.0,0.19629975036402056,0.06414375654341492,0.011312559192190206,0.2079192323211362,0.0,0.0,0.0,0.0,0.0
0.0,0.13650935589268398,0.0,0.1341280394337041,0.3573921039118087,0.3014918260286334,0.0,0.12067879616833678,0.2497947598429493,0.254416813430324,0.0370284504345386,0.17448220289618527,0.48833778904961445,0.13045040073935532,0.0,0.21723661779804404,0.19849358244197365,0.3110671148675873,0.0,0.0,0.0,0.0,0.0,0.0,0.08072747940232483,0.07629551277802128,0.0,0.1361670023230772,0.12603693695292528,0.047527627989501976,0.1165271867927668,0.0,0.0,0.23464006695852505,0.0,0.17261285949451213,0.2910489441088677,0.20192339813229496,0.0,0.0,0.0,0.09848798679223664,0.0817192344307986,0.09561737198965274,0.0,0.0,0.0,0.0,0.08257747127057816,0.17211747825365742,0.0,0.2999236575871442,0.0,0.10579136593258216,0.10117212558213927,0.05006832002412633,0.1697804234231012,0.21195828588518614,0.09297282254490065,0.0,0.0,0.0,0.0,0.0,0.0,0.0,0.0,0.0,0.0,0.0,0.0,0.0,0.0,0.0,0.0,0.0
0.0,0.15442913392942234,0.24536185189327914,0.2202616261776247,0.019726234375271566,0.4383504828092023,0.12067879616833678,0.0,0.0,0.03920144850959124,0.18550959113762566,0.5457122138580044,0.30927179868726823,0.2584451448915373,0.0,0.0,0.0028383313022894235,0.0,0.1747389981837538,0.0,0.0,0.0,0.5570732960181225,0.346178601387041,0.0,0.3640530650900075,0.0,0.0,0.0,0.0,0.0,0.0,0.05557604447402016,0.14299372789737155,0.0,0.2793076903367311,0.09976553699007909,0.22994304244100525,0.0,0.022393540955716735,0.0,0.05751246028696383,0.16922668330095256,0.03140955593868851,0.002458749903652535,0.0,0.0,0.07789942552696519,0.1106090270805516,0.0,0.1772123569528188,0.0,0.5434068038848957,0.0,0.0,0.19599797001503644,0.46063535047001375,0.20201386597925555,0.2309383008231658,0.0,0.0,0.0,0.0,0.14678480700599766,0.0,0.0,0.0,0.3475774439883265,0.13187418578962687,0.0,0.12908955990117343,0.0,0.0,0.0,0.0,0.0
0.03536532926182558,0.0,0.19130885800474287,0.10212733534724765,0.48676233324923723,0.0,0.2497947598429493,0.0,0.0,0.01958175638944335,0.24097124444783438,0.02761462595267182,0.18998440046520831,0.09317170675269237,0.0,0.23651240869754162,0.04545041534678533,0.011563043387886713,-0.007548635900325947,0.1262047368536766,0.0,0.1193884634061023,0.0,0.0,0.0,0.0,0.0,0.32322798965828453,0.13773612433642074,0.3389017434721096,0.1500204377597555,0.0,0.0,0.17868402845855547,0.0,0.07279147185466885,0.19032822132516605,0.0993931013860828,0.0,0.0,0.0,0.04740814546305813,0.0,0.036423060186072644,0.0,0.0,0.0,0.30158530770259984,0.1683117180299058,0.4718606577498552,0.0,0.2525268149985276,0.0,0.4566279892076848,0.0,0.313591823359046,0.0010855821368477867,0.0,0.045344214186247185,0.0,0.0,0.0,0.0,0.0,0.007752006297530362,0.0,0.01104974055328192,0.0,0.0,0.0,0.0,0.0,0.14978243366085695,0.0,0.0,0.0
0.043286625307753374,0.42648578269894394,0.037592632274998,0.0,0.0,0.24234708630972643,0.254416813430324,0.03920144850959124,0.01958175638944335,0.0,0.0,0.13106079255821637,0.14907457418794953,0.0,0.13289770787867466,0.09977222079618986,0.391680063505028,0.3453633524675122,0.0,0.24053142400790142,0.35149712823689205,0.26616053355341823,0.031927806945769466,0.014480571741425405,0.35579442659243177,0.29748968324987124,0.2627432003061416,0.20702479763234893,0.2481953414265815,0.0,0.24549381571203358,0.09302701819862852,0.13117561671063055,0.12490541925266442,0.0,0.250387423258393,0.19748701785850228,0.13062692397790893,0.0,0.08992145330354108,0.0,0.0,0.18755859954490245,0.3424142910569597,0.0,0.0,0.15289045365855866,0.0,0.07581089555719245,0.024056668525485454,0.08612550494862464,0.23387412002565805,0.0,0.14319696639799176,0.49276789830602435,0.0,0.10117798323346529,0.054073890985003426,0.0,0.23284499986829602,0.1186518333911026,0.3081088224788093,0.07770530710905382,0.015626573576572645,0.07681790179411305,0.2732780298485857,0.16749807569586506,0.0,0.01131228441571103,0.23619860243709973,0.1941858450053231,0.16845625147333043,0.10771913302174468,0.0984085247325864,0.0,0.0
0.0,0.0,0.19234755620295896,0.17937367186511263,0.3383761953474736,0.0,0.0370284504345386,0.18550959113762566,0.24097124444783438,0.0,0.0,0.21467831463994855,0.08286483946000998,0.3170149572752154,0.0,0.0,0.0,0.0,0.3239402591938842,0.0,0.0,0.0,0.1530673898365869,0.06604246620120884,0.0,0.0,0.0,0.05239098954060342,0.0,0.19068342781606012,0.0,0.0,0.0,0.12248750089741067,0.0840310420283691,0.07548048434831683,0.0614245705830044,0.13018928459304707,0.0,0.0,0.0,0.07845149666010824,0.0,0.0,0.0,0.020372241209726576,0.0,0.288474378208411,0.059597080783620714,0.2604636847087294,0.0,0.0,0.14664311650131828,0.030795405552143097,0.0,0.42388490373532506,0.20587217479177464,0.0,0.24370996740018738,0.0,0.0,0.0,0.0,0.12284110753506018,0.0,0.0,0.0,0.018519412975329358,0.0,0.0,0.0,0.0,0.0,0.0,0.03503445801317235,0.0
0.0,0.13778015707034297,0.23716894917545694,0.25159449586627175,0.09944900840448578,0.3663065049874738,0.17448220289618527,0.5457122138580044,0.02761462595267182,0.13106079255821637,0.21467831463994855,0.0,0.3663074243138755,0.21140257426937772,0.0,0.0,0.12955190119865342,0.0,0.14320267839452627,0.016986613980270373,0.0,0.0,0.415706319008204,0.36487171392080747,0.0,0.4075003698926914,0.0,0.0782067730131384,0.0,0.0,0.0,0.0,0.06355612915037914,0.18220536822603764,0.0,0.305937076605767,0.17612020366936562,0.3170388694259078,0.0,0.009337541227171621,0.0,0.03333695090920145,0.20544898403244383,0.1300052240650347,-0.0010986116847080674,0.0,0.0,0.09658892791614607,0.13853579618535972,0.054493988710717506,0.03752469138856403,0.0,0.43164109229703723,0.03560254299698088,0.0,0.22518022532040072,0.5528501481860524,0.208417259630366,0.18397665751524603,0.0,0.0,0.0,0.0,0.10776010988033204,0.0,0.0,0.0,0.16657454583466416,0.1119420463851434,0.0,0.09381512280747818,0.0,0.0,0.0,0.0,0.0
0.0,0.18584024149528428,0.1412253779299774,0.17720732256145452,0.24380616768097357,0.4366667252615241,0.48833778904961445,0.30927179868726823,0.18998440046520831,0.14907457418794953,0.08286483946000998,0.3663074243138755,0.0,0.18561058272643616,0.0,0.14047268116934455,0.3254828187185267,0.1385534089230667,0.049773844065828826,0.0,0.0,0.0,0.1599622886663368,0.09310633951663792,0.03137446463983685,0.26799022461904404,0.0,0.1978450107086487,0.0,0.0323784842389676,0.007999686813745365,0.0,0.005872170011295017,0.2400584301713032,0.0,0.25548158189808384,0.23596806889687486,0.22752940040246067,0.0,0.0,0.0,0.05032390836067856,0.12315407863670953,0.07763023232237633,0.0,0.0,0.0,0.07029764054861637,0.16057560557101752,0.13572473238113675,0.01554795952508548,0.1354962407648753,0.13724350227120607,0.12198872123334291,0.026782358813201936,0.13183000418694382,0.3106653538484528,0.36912247987657687,0.13874629226696109,0.0,0.0,0.0,0.0,0.0,0.0,0.0,0.0,0.0,0.0,0.0,0.0,0.0,0.0,0.0,0.0,0.0
0.0,0.0,0.0,0.314303532834368,0.22780684239151355,-0.000750484806970249,0.13045040073935532,0.2584451448915373,0.09317170675269237,0.0,0.3170149572752154,0.21140257426937772,0.18561058272643616,0.0,0.0,0.0,0.0,0.0,0.05177359182675,0.0,0.0,0.0,0.1582766516540004,0.047558851180721555,0.0,0.0,0.0,0.004914046581526103,0.0,0.17938305676364735,0.042297793208833645,0.0,0.0,0.25424388671422354,0.2591359639530972,0.1542728405724493,0.1800815552000286,0.19449241853360247,0.0,0.0,0.0,0.33094286394754036,0.0458308892982796,0.0,0.0,0.03977793048905196,0.0,0.0,0.16194878912088564,0.16529986420130796,0.0,0.011770494909517632,0.18717713580419681,0.0,0.0,0.13640974213761747,0.2770315691189912,0.014304936332414449,0.40481531116919983,0.0,0.0,0.0,0.0,0.0,0.0,0.0,0.0,0.03187603902785983,0.0,0.0,0.0,0.0,0.0,0.0,0.0,0.0
0.21275259403498686,0.1444392160180358,0.21335780023979806,0.004944692582769198,0.0,0.021962239599602064,0.0,0.0,0.0,0.13289770787867466,0.0,0.0,0.0,0.0,0.0,0.0,0.01757285814611437,0.0489032312480799,0.13495953024370094,0.5163119569345019,0.4586867366675178,0.4622965417870438,0.16083901787815194,0.0,0.1769889039677805,0.06384495395485898,0.46711092022796286,0.18440745143851664,0.31895511465825016,0.0624075306528665,0.14761219556494215,0.20014367434747035,0.025334153027310555,0.0,0.0,0.12561159374139752,0.0,0.0,0.10612189907965058,0.06256006209536782,0.009765773602880355,0.0,0.0,0.04988813035217813,0.06664643772942265,0.0,0.27141287677662035,0.16216453713151724,0.016743617413833067,0.0,0.0832311572618931,0.0,0.10051003214127223,0.18109390848830434,0.025604485706119673,0.11755217586866554,0.0,0.0,0.0,0.5537801175382617,0.18173411862927552,0.10866650503192125,0.024511174994184457,0.23326347580110884,0.4401277386871009,0.2792965484294047,0.4495923569691081,0.3105138092719329,0.06255455846059002,0.09708160482552781,0.06374785400161734,0.3822132304894577,0.21360212925668726,0.21457254589583336,0.0,0.004346964376319154
0.24090434150047943,0.016191382332699504,0.0,0.04218458153881128,0.2140937225170827,0.0,0.21723661779804404,0.0,0.23651240869754162,0.09977222079618986,0.0,0.0,0.14047268116934455,0.0,0.0,0.0,0.30123962602228244,0.32345912825856243,0.0,0.06352652952606687,0.0548136670287432,0.258190732335768,0.0,0.0,0.10152084953102417,0.0,0.0,0.24544451873191594,0.1790617891229982,0.18339461173521587,0.22003112627870738,0.0,0.054803254535939074,0.17062015961633298,0.024852476782014393,0.0,0.07690683036824895,-0.0031418450612250483,0.0,0.0,0.014740774238954408,0.0,0.0,0.011738628488505655,0.0,0.15291683438704654,0.0,0.05385655083264676,0.07490683720666862,0.12096437233946009,0.0,0.04505092603155884,0.0,0.17246714697542107,0.014156995318563908,0.02389691176105338,0.0,0.0,0.0,0.05222791934450646,0.12141525919059858,0.04367235641830726,0.12668247442300645,0.0,-0.00737138871763633,0.025056521792998065,0.059519710073509986,0.0,0.0,0.0,0.0,0.0,0.13433198176059866,0.050534825299640374,0.0,0.00957936973975848
0.045078100854142475,0.4123884929512098,0.14963532075755623,0.0,0.0,0.2557287380962113,0.19849358244197365,0.0028383313022894235,0.04545041534678533,0.391680063505028,0.0,0.12955190119865342,0.3254828187185267,0.0,0.01757285814611437,0.30123962602228244,0.0,0.33310925256582824,0.012333180056748763,0.14726791137607015,0.18398543658588776,0.20353035346298,0.0,0.1495652081489616,0.329360638487368,0.358124345942442,0.007991237728061198,0.2139324804529931,0.054875464742896486,0.0,0.09276900934473029,0.06702528547984665,0.23163441309791874,0.051764455246458826,0.0,0.14732143339072828,0.0795664219049007,0.0298334063678987,0.0,0.10875115100488587,0.01816631000704005,0.0,0.08588359925274165,0.1758879606765012,0.06525082809580449,0.0,0.10778699074422465,0.03923817065265568,0.04145730742281247,0.0,0.055278427277693006,0.04633387073713728,0.0,0.188107637504708,0.2606997858870109,0.0,0.0,0.2109939252867988,0.0,0.12826794418389262,0.04445060181561791,0.3527176256421807,0.09834131733254951,0.07339215859194952,0.0726917520196569,0.03370120885813856,0.12932197430555795,0.0,0.05105418236814619,0.11962529164981234,0.14788672469074102,-0.0014989888902993348,0.18787181915152942,0.0,0.0,0.0
-0.0019724347930743405,0.35874374737247483,0.0,0.0,0.0942162302379152,0.17360469083133234,0.3110671148675873,0.0,0.011563043387886713,0.3453633524675122,0.0,0.0,0.1385534089230667,0.0,0.0489032312480799,0.32345912825856243,0.33310925256582824,0.0,0.0,0.10408014599780158,0.17140706263304203,0.3159743116208513,0.0,0.0,0.4202211406719322,0.15239338380225403,0.2678945664019485,0.032534778869359154,0.33127680963936124,0.0,-0.000766732299127062,0.15908124269642995,0.13948978717521285,0.0,0.0,0.0,0.0,0.0,0.009768884505862285,0.06670669622939306,0.0824931526469954,0.0,0.010300169718757019,0.13716173810349463,0.018276477620575982,0.0,0.17249020457990868,0.0,0.0,0.0,0.04701937288365188,0.1388725608061458,0.0,0.07381792848392142,0.2594882391514195,0.0,0.0,0.06146944626758938,0.0,0.14298152110364756,0.21308894761738545,0.32822707323716843,0.22533242024538894,0.12272947341482485,0.07272079231045385,0.10834499506604649,0.1472547429910986,0.0,0.0,0.2360089118551078,0.07598807302406092,0.17069327328303396,0.09440201369669796,0.20075416390186693,0.08603220272336955,0.10544549011411271
0.0,0.018972059635841327,0.2974351567491073,0.15535209787730425,0.045814285155391744,0.11211129059572836,0.0,0.1747389981837538,-0.007548635900325947,0.0,0.3239402591938842,0.14320267839452627,0.049773844065828826,0.05177359182675,0.13495953024370094,0.0,0.012333180056748763,0.0,0.0,0.13102074784777307,0.0,0.09261629746777852,0.23585724697647403,0.17764477064111153,0.0,0.07119951380622726,0.054464443655957616,0.018532553642133003,0.0,0.042707978319941574,0.0,0.013986332487640108,0.04017181240815833,0.02439590629270467,0.0,0.047833128032037424,0.0,0.0,0.03588562981898844,0.07957337270457149,0.08884767261666887,0.0,0.0,0.0,0.052048704808006066,0.0,0.06739106704291373,0.3010917211756228,0.040409155969522784,0.0,0.05086207842743462,0.0,0.2029321146886246,0.00044677396359176196,0.0,0.25277150878576193,0.12018959062722015,0.0,0.024079171080480747,0.0,0.0,0.0,0.0,0.46121751144377926,0.056673372178246736,0.0,0.035851486649064165,0.16257618373072355,0.06656567270866548,0.0,-0.014591214961232914,0.0,0.0,0.0,0.09305687593307053,0.0
0.16458299068032262,0.1593106147200799,0.269803519498616,0.09976333588403315,0.043041604797996284,0.08133011579995347,0.0,0.0,0.1262047368536766,0.24053142400790142,0.0,0.016986613980270373,0.0,0.0,0.5163119569345019,0.06352652952606687,0.14726791137607015,0.10408014599780158,0.13102074784777307,0.0,0.4425106153565634,0.5516007439172371,0.09259969474548865,0.0,0.16639272370571667,0.12273067589100674,0.4239173721798496,0.3378770695165026,0.35506372146173043,0.17924987207370477,0.27558604371911516,0.09184620442297595,0.02779742020484244,0.08540998596985777,0.0,0.22420751885076387,0.06231893062745776,0.0,0.0,0.07080792627158547,0.0,0.0,0.0,0.11906894958654277,0.09376770207718169,0.0,0.16209744232205203,0.17405591941942725,0.0787723370727253,0.0,-0.005162992109833762,0.0,0.04988421994728347,0.2817414169674702,0.05771431543094412,0.16896572920045586,0.04591842638972206,0.0,0.0,0.46641562820864635,0.10482120447237685,0.06561686613944115,0.0,0.18474499494298574,0.4823086442462127,0.22217309451638317,0.48601201577529,0.16146473301753694,0.0,0.006516395889255269,0.0008623083690909238,0.2970870586897321,0.24665222456966804,0.12547422724187918,0.0,0.0
0.16603725257799987,0.25752593780894,0.06468851645710835,0.0,0.0,0.11481621319675407,0.0,0.0,0.0,0.35149712823689205,0.0,0.0,0.0,0.0,0.4586867366675178,0.0548136670287432,0.18398543658588776,0.17140706263304203,0.0,0.4425106153565634,0.0,0.41491087598644893,0.10808522386147688,0.0,0.3103540969920762,0.14074056384637157,0.4414672040279597,0.20322689050770018,0.3474657154594651,0.03117585085378586,0.23429980374317425,0.27365825919429704,0.17614952175843143,-0.010161231442599011,0.0,0.14110662979224728,0.0,0.0,0.12666883272776078,0.15892633935447215,0.024255148965657156,0.0,0.0,0.16102742943093196,0.10640322240916797,0.0,0.29818755274650655,0.0,0.0,0.0,0.1658531890681632,0.0,0.05350665140036873,0.11411097552903551,0.2933966186053397,0.0,0.0,0.0,0.0,0.49322635024399636,0.24747203399688497,0.2720641487042966,0.15938852174424167,0.1197390454158678,0.35357222552024475,0.4800399299472257,0.41457732362083966,0.18556733995392727,0.10173186684898712,0.2557024655049348,0.19107368880674508,0.3489791914049069,0.2607585336198296,0.2404541054931307,0.0,0.05169669970923361
0.2669726750503791,0.19242887954802249,0.10808138703698093,0.0,0.05873720229182786,0.0,0.0,0.0,0.1193884634061023,0.26616053355341823,0.0,0.0,0.0,0.0,0.4622965417870438,0.258190732335768,0.20353035346298,0.3159743116208513,0.09261629746777852,0.5516007439172371,0.41491087598644893,0.0,0.0,0.0,0.2903683855037474,0.05370859032604322,0.46754615227130863,0.27896657258249136,0.4632468867323512,0.10488646485892973,0.2653341645749606,0.15768378526447954,0.040963722460394675,0.007939826535351057,0.0,0.07270035679127869,0.0,0.0,-0.0036740753026297973,0.08936778336718243,0.0009227381285631657,0.0,0.0,0.08186285937846749,0.09056634745289725,0.009199615974184385,0.18740250260047536,0.11046427756693078,0.0,0.0,0.0,0.0,0.0,0.27871037009364735,0.08340791012287377,0.10039286186155495,0.0,0.0,0.0,0.48382908328946195,0.28808984978941604,0.18688866774456178,0.14208338537320675,0.18461046355938676,0.4799375900831881,0.22400085323439262,0.5287812719318057,0.015265527609431083,0.0,0.12990889400099503,-0.007942158447838835,0.3652146385895692,0.2664995996910718,0.2886473827932583,0.0,0.04718479246258818
0.0,0.22144636819395636,0.3436653176161225,0.1636336920141087,0.0,0.44084103788589335,0.0,0.5570732960181225,0.0,0.031927806945769466,0.1530673898365869,0.415706319008204,0.1599622886663368,0.1582766516540004,0.16083901787815194,0.0,0.0,0.0,0.23585724697647403,0.09259969474548865,0.10808522386147688,0.0,0.0,0.33192565331893903,0.06767716241384764,0.3898692705424239,0.12226791956458762,0.0,0.0,0.0,0.0,0.043447743409395334,0.09372507842240003,0.050666488751252216,0.0,0.21685079321720235,0.0031805069281198193,0.11690835090982767,0.008602897544170306,0.06123458583014589,0.0,0.0,0.08324933703968529,0.0,0.023480929342808408,0.0,0.14797197645567595,0.19275593308872088,0.0938010786246027,0.0,0.25907667690542957,0.0,0.5212558398313826,0.0,0.0,0.2026523276228702,0.34465873144473996,0.09755687039845301,0.14596392905727398,0.0,0.0,0.0,0.0,0.27630796050283224,0.0,0.0,0.0,0.4929665812594745,0.19137786017659592,0.0,0.1640110562806825,0.0,0.0,0.0,0.0,0.0
0.0,0.18718493333819958,0.19097291229966729,0.0,0.0,0.22820928206241917,0.0,0.346178601387041,0.0,0.014480571741425405,0.06604246620120884,0.36487171392080747,0.09310633951663792,0.047558851180721555,0.0,0.0,0.1495652081489616,0.0,0.17764477064111153,0.0,0.0,0.0,0.33192565331893903,0.0,0.14547066889870744,0.40598530974770786,0.0,0.0,0.0,0.0,0.0,0.12468648750704905,0.2395302208667334,0.0,0.01485375443726503,0.009094954455150848,0.0,0.03808699000994179,0.11293852248930303,0.18276218382264037,0.17577057928657533,0.0,0.09071741370863078,0.0,0.16329295188227408,0.0,0.1021421654096503,0.11913099776228459,0.0,0.0,0.19062361095628025,0.0,0.27172799992515756,0.0,0.0,0.0828434722792563,0.15002053294752016,0.21656423241477357,0.04714213431616116,0.0,0.0,0.05841843152437568,0.0,0.24213376725898864,0.0,0.0,0.0,0.15756499901850268,0.4510113218963067,0.060097063785509205,0.3424485539533944,0.0,0.0,0.0,0.1552130942758264,0.0414530810213029
0.09192879392831828,0.5475931713018187,0.06096815419028043,0.0,0.0,0.29965606773127157,0.08072747940232483,0.0,0.0,0.35579442659243177,0.0,0.0,0.03137446463983685,0.0,0.1769889039677805,0.10152084953102417,0.329360638487368,0.4202211406719322,0.0,0.16639272370571667,0.3103540969920762,0.2903683855037474,0.06767716241384764,0.14547066889870744,0.0,0.364747947095548,0.3392098843280904,0.0,0.26290352855521226,0.0,0.0,0.2822337510300076,0.25701780097159616,0.0,0.0,0.0,0.0,0.0,0.1281126802396602,0.14023117786224526,0.13108225429871703,0.0,0.0,0.04123244455997067,0.11304063162286676,0.0,0.352890323419869,0.04048498690683255,0.0,0.0,0.23641417065755177,0.0,0.0,0.13902865152962418,0.23003477906307518,0.0,0.0,0.010774695167892624,0.0,0.22476803266209952,0.1813308297060534,0.32283563002436816,0.17475067786561968,0.2158162615086497,0.17673522883076198,0.24833735022952783,0.21529720647008935,0.02044709594751223,0.15635455530855336,0.3845107958840322,0.2979106229000002,0.26760788444603895,0.04569404658484665,0.23785365068996495,0.06708289010534767,0.11877119257702892
0.0,0.5406951051978081,0.28002801972084457,0.033398560416157054,0.0,0.48141797775160927,0.07629551277802128,0.3640530650900075,0.0,0.29748968324987124,0.0,0.4075003698926914,0.26799022461904404,0.0,0.06384495395485898,0.0,0.358124345942442,0.15239338380225403,0.07119951380622726,0.12273067589100674,0.14074056384637157,0.05370859032604322,0.3898692705424239,0.40598530974770786,0.364747947095548,0.0,0.038723110507621,-0.02382399966908677,0.0,0.0,0.0,0.16626062464442842,0.2463828604487772,-0.008275573696863278,0.0,0.24797589243308954,0.03711367806268223,0.10214099848509527,0.019515624658801637,0.16326749684552486,0.03483137114449393,0.0,0.1752916219629125,0.200389895342634,0.14529267585401778,0.0,0.199457724866334,0.05958181948615642,0.0495741410671504,0.0,0.23093048565724977,0.0,0.23486338213092292,0.07651947855054712,0.08914213049558421,0.05559855534310893,0.17333494209209593,0.18250967257984857,0.0,0.05086183656729234,0.0,0.17738691134704915,0.0,0.2279093151873809,0.0354104706159478,0.01452575455874598,0.023745679736816138,0.1777749494777516,0.29242045862322785,0.046144541130087785,0.2913913833227969,0.0,0.0,0.0,0.0,0.0
0.10840409705582868,0.24173374937173017,0.09231524520667495,0.0,0.017771380065598447,0.1434250834798739,0.0,0.0,0.0,0.2627432003061416,0.0,0.0,0.0,0.0,0.46711092022796286,0.0,0.007991237728061198,0.2678945664019485,0.054464443655957616,0.4239173721798496,0.4414672040279597,0.46754615227130863,0.12226791956458762,0.0,0.3392098843280904,0.038723110507621,0.0,0.039319393606844034,0.5212243580090371,0.0,0.08414702768289171,0.24907326714149078,0.018851491832935073,0.0,0.0,0.0,0.0,0.0,0.11498344162441615,0.07110933964244484,0.0,0.0,0.0,0.06441928105037824,0.07977746230951352,0.0,0.34186359212058215,0.0895980458429792,0.0,0.0,0.1981409380937921,0.016679663852670522,0.0,0.1569558434256521,0.16033651366926477,0.02865480525804906,0.0,0.0,0.0,0.40192603944190464,0.27953871598335656,0.1913278015322715,0.1418050171803677,0.1976205897437077,0.36555973739306097,0.333176332997188,0.40022439041994345,0.21608121919758883,-0.0009837550270653526,0.2594374273091168,0.085744934323015,0.4891042931896442,0.11556202586485576,0.365262187192779,0.0,0.0611350857321385
0.13090522196744334,0.0,0.1664479840360072,0.28793465508217775,0.27063584654154205,0.0,0.1361670023230772,0.0,0.32322798965828453,0.20702479763234893,0.05239098954060342,0.0782067730131384,0.1978450107086487,0.004914046581526103,0.18440745143851664,0.24544451873191594,0.2139324804529931,0.032534778869359154,0.018532553642133003,0.3378770695165026,0.20322689050770018,0.27896657258249136,0.0,0.0,0.0,-0.02382399966908677,0.039319393606844034,0.0,0.18066643929382192,0.4488058566693249,0.41378441907938157,0.0,0.0,0.33401076088239123,0.0,0.34289444759058746,0.33373986175759573,0.21500221537289022,0.0,0.0,0.0,0.0,0.09820967831922318,0.22225705202073415,0.0,0.0,0.0,0.08576017946747957,0.36570255960132486,0.2702668739326044,0.0,0.1623501799357225,0.022892286493197484,0.2443201510586848,0.07794894850655543,0.16006128464216104,0.182357948507609,0.0,0.0,0.17454545733035634,0.0,0.0,0.0,0.0,0.08780909641444365,0.048466383681151574,0.11848411454801575,0.0,0.0,0.0,0.0,-0.01252927622737981,0.30325561949237867,0.0,0.0,0.0
0.15790514398586153,0.08887785364813813,0.0,0.0,0.15092334059299878,0.0,0.12603693695292528,0.0,0.13773612433642074,0.2481953414265815,0.0,0.0,0.0,0.0,0.31895511465825016,0.1790617891229982,0.054875464742896486,0.33127680963936124,0.0,0.35506372146173043,0.3474657154594651,0.4632468867323512,0.0,0.0,0.26290352855521226,0.0,0.5212243580090371,0.18066643929382192,0.0,0.07984536730243359,0.21831442106940888,0.05503535391535553,0.0,0.0,0.0,0.0,0.0,0.0,0.0,0.0,0.0,0.0,0.0,0.03615208563659818,0.0,0.0958344355732952,0.12622176893065531,0.02198799240008156,0.0,0.02823545213893125,0.008214318413985114,0.12216154291624427,0.0,0.16953241511081163,0.17988111219586445,-0.0014613958405753971,0.0,0.0,0.0,0.32225564592332356,0.3496109680916122,0.1329799388561839,0.22732139901708218,0.0,0.28369219873286544,0.3169228050710412,0.3299027296906138,0.0,0.0,0.2050808479824998,0.0,0.38502254775198097,0.1387056448743421,0.4269114076183967,0.0,0.03126353037029378
0.13706990635451613,0.0,0.003847682960959495,0.2660449805967521,0.26099910870537674,0.0,0.047527627989501976,0.0,0.3389017434721096,0.0,0.19068342781606012,0.0,0.0323784842389676,0.17938305676364735,0.0624075306528665,0.18339461173521587,0.0,0.0,0.042707978319941574,0.17924987207370477,0.03117585085378586,0.10488646485892973,0.0,0.0,0.0,0.0,0.0,0.4488058566693249,0.07984536730243359,0.0,0.4189780762014427,0.0,0.0,0.3475133459595076,0.043930250161624,0.1857682413891893,0.2700575885481326,0.22138485191472645,0.0,0.0,0.0,0.15515845807129558,0.0,0.005880169172388639,0.0,0.08472898512276822,0.0,0.05450135246928745,0.24021898980565604,0.22760911800180328,0.0,0.050916046306561824,0.0,0.1448683608009036,0.0,0.21244033304675217,0.12088334576761224,0.0,0.0,0.07451583269522441,0.0,0.0,0.0,0.0,0.016493198203348235,0.0,0.05004764914841,0.0,0.0,0.0,0.0,0.0,0.10999563265577778,0.0,0.0,0.0
0.24959358313702695,0.0,0.0,0.27569334655600825,0.12408752097516136,0.0,0.1165271867927668,0.0,0.1500204377597555,0.24549381571203358,0.0,0.0,0.007999686813745365,0.042297793208833645,0.14761219556494215,0.22003112627870738,0.09276900934473029,-0.000766732299127062,0.0,0.27558604371911516,0.23429980374317425,0.2653341645749606,0.0,0.0,0.0,0.0,0.08414702768289171,0.41378441907938157,0.21831442106940888,0.4189780762014427,0.0,0.0,0.01646822689784321,0.41900347414081174,0.0,0.2921810611162544,0.32602754675075385,0.2689672328717223,0.0,0.06018377736400234,0.0,0.0796283051592526,0.08867400111655462,0.1743649653234272,0.0,0.1772230145220817,0.0,0.0,0.2926018742692728,0.08916858193435356,0.0,0.08102817000047886,0.0,0.042939842786623335,0.16230701585826474,0.06706383586216014,0.12156410741502466,0.0,0.0,0.17184019367215517,0.00639389311410809,0.0,0.0,0.0,0.03638191250436399,0.17576431462227296,0.11030432043674192,0.0,0.0,0.0,0.0,-0.010901019092654477,0.0679245219577981,0.0,0.0,0.0
0.07010577986813128,0.272515777228098,0.0,0.0,0.0,0.07242497608324885,0.0,0.0,0.0,0.09302701819862852,0.0,0.0,0.0,0.0,0.20014367434747035,0.0,0.06702528547984665,0.15908124269642995,0.013986332487640108,0.09184620442297595,0.27365825919429704,0.15768378526447954,0.043447743409395334,0.12468648750704905,0.2822337510300076,0.16626062464442842,0.24907326714149078,0.0,0.05503535391535553,0.0,0.0,0.0,0.24209224492412992,0.0,0.0,0.0,0.0,0.0,0.525099782756366,0.25733630489752535,0.3421358889562695,0.0,0.016950377727711203,0.0765897702568788,0.265173864881944,0.0,0.3647341612402228,0.0,0.0,0.0,0.2471087276112074,0.0,0.0,0.0,0.15242439900780225,0.0,0.0,0.042882406257666844,0.0,0.2837966842390746,0.29729337715247434,0.39807259199610245,0.23323656274212262,0.2852204224187202,0.26477853742956736,0.15328097070742283,0.3042388828817201,0.13057160336298815,0.33031074290125184,0.35301347233005764,0.24917191651023068,0.24250117813540903,0.19922588251982606,0.2531010239383274,0.2507813478236625,0.3746758594193646
0.08652194775024673,0.22893279820635987,0.004809292305509915,0.0,0.0,0.11576611622513383,0.0,0.05557604447402016,0.0,0.13117561671063055,0.0,0.06355612915037914,0.005872170011295017,0.0,0.025334153027310555,0.054803254535939074,0.23163441309791874,0.13948978717521285,0.04017181240815833,0.02779742020484244,0.17614952175843143,0.040963722460394675,0.09372507842240003,0.2395302208667334,0.25701780097159616,0.2463828604487772,0.018851491832935073,0.0,0.0,0.0,0.01646822689784321,0.24209224492412992,0.0,0.01812603977478492,0.0,0.039744703812241454,0.0,0.09031158184993028,0.16874252700088385,0.36503407668667504,0.21602086238696921,0.0,0.09216207348009314,0.07200805640821208,0.2544025526709369,0.050086005599749184,0.1995179126592328,0.0,0.0,0.0,0.18327302543305407,0.0,0.04294942439676895,0.0,0.1650204739037813,0.0,0.0,0.13668418962929113,0.0,0.08290968890515779,0.06839372423198085,0.2774324014488485,0.12782003116652738,0.1227734992800467,0.05948478783159833,0.15483730020824424,0.08015572499002452,0.04762864428153171,0.2694273740145825,0.24151910877324942,0.2754527918841095,0.03379305871106631,0.040741004209561865,0.018815356629639676,0.0878358815500588,0.09954465316535095
0.01579849389731055,0.0,0.05068280275377912,0.387164730877648,0.21195515006635327,0.02152454535986118,0.23464006695852505,0.14299372789737155,0.17868402845855547,0.12490541925266442,0.12248750089741067,0.18220536822603764,0.2400584301713032,0.25424388671422354,0.0,0.17062015961633298,0.051764455246458826,0.0,0.02439590629270467,0.08540998596985777,-0.010161231442599011,0.007939826535351057,0.050666488751252216,0.0,0.0,-0.008275573696863278,0.0,0.33401076088239123,0.0,0.3475133459595076,0.41900347414081174,0.0,0.01812603977478492,0.0,0.08959488228837825,0.3174976389828998,0.41814121022589845,0.34775055640202335,0.0,0.0,0.0,0.14154814724195056,0.13649477609897226,0.17171408679943567,0.0,0.05215896472318817,0.0,0.0,0.32232771059085447,0.17135217081284487,0.0,0.08277022692063427,0.10181725065521222,0.017102982296806294,0.02139387952929885,0.14459862625707065,0.31098302840944275,0.0,0.13204116363028615,0.0,0.0,0.0,0.0,0.0,0.0,-0.022495312512979725,0.0,0.0,0.0,0.0,0.0,0.0,0.0,0.0,0.0,0.0
0.0066246332794336555,0.0,0.0,0.0585178552904609,0.02770779536752519,0.0,0.0,0.0,0.0,0.0,0.0840310420283691,0.0,0.0,0.2591359639530972,0.0,0.024852476782014393,0.0,0.0,0.0,0.0,0.0,0.0,0.0,0.01485375443726503,0.0,0.0,0.0,0.0,0.0,0.043930250161624,0.0,0.0,0.0,0.08959488228837825,0.0,0.0,0.0,0.0,0.0,0.0,0.10330523357552986,0.21214198645928026,0.0,0.0,0.0,0.17090682157136886,0.0,0.0,0.027280661863258747,0.0,0.0,0.0,0.0,0.0,0.0,0.015198988978162999,0.0,0.0,0.1091289063603709,0.0,0.0,0.0,0.0,0.0,0.0,0.0,0.0,0.0,0.0,0.0,0.0,0.0,0.0,0.0,0.05670546387754558,0.03288909073912877
0.0,0.1484878554632797,0.16919200303336654,0.34867805752089753,0.14922653350402912,0.20127993398548574,0.17261285949451213,0.2793076903367311,0.07279147185466885,0.250387423258393,0.07548048434831683,0.305937076605767,0.25548158189808384,0.1542728405724493,0.12561159374139752,0.0,0.14732143339072828,0.0,0.047833128032037424,0.22420751885076387,0.14110662979224728,0.07270035679127869,0.21685079321720235,0.009094954455150848,0.0,0.24797589243308954,0.0,0.34289444759058746,0.0,0.1857682413891893,0.2921810611162544,0.0,0.039744703812241454,0.3174976389828998,0.0,0.0,0.40586726510088467,0.32307519620294356,0.0,0.008030799269103772,0.0,0.0,0.36805540516121665,0.30173272218589425,0.0,0.0,0.0,0.0,0.3517858826612035,0.14000938208698185,0.0,0.12264556824443272,0.26922359380751093,0.03987964729812922,0.11885565267850548,0.11550674364469597,0.3436824320056894,0.036591427448503314,0.13135242014517048,0.08528401459087848,0.0,0.0,0.0,0.0,0.0,0.022267057985215635,0.0,0.14347429374074772,0.0,0.0,0.014433465031388766,0.0,0.018676809688192776,0.0,0.0,0.0
0.0,0.0,0.0445611325327489,0.34514881714428686,0.23852581432506129,0.043621142015073104,0.2910489441088677,0.09976553699007909,0.19032822132516605,0.19748701785850228,0.0614245705830044,0.17612020366936562,0.23596806889687486,0.1800815552000286,0.0,0.07690683036824895,0.0795664219049007,0.0,0.0,0.06231893062745776,0.0,0.0,0.0031805069281198193,0.0,0.0,0.03711367806268223,0.0,0.33373986175759573,0.0,0.2700575885481326,0.32602754675075385,0.0,0.0,0.41814121022589845,0.0,0.40586726510088467,0.0,0.3312121407805703,0.0,0.0,0.0,0.15565068740273236,0.2898691350861974,0.2957166041212641,0.0,0.0,0.0,0.0,0.3537609022499234,0.25983137632759107,0.0,0.26951588482604766,0.06468963305225162,0.029381376505859255,0.13079363743822278,0.054818037012150676,0.2781279099456483,0.04354922904103689,0.12118176557525236,0.0,0.0,0.0,0.0,0.0,0.0,0.0,0.0,0.0,0.0,0.0,0.0,0.0,0.0,0.0,0.0,0.0
0.0,0.0,0.0,0.25487877500091477,0.18722693291141138,0.09143557816136921,0.20192339813229496,0.22994304244100525,0.0993931013860828,0.13062692397790893,0.13018928459304707,0.3170388694259078,0.22752940040246067,0.19449241853360247,0.0,-0.0031418450612250483,0.0298334063678987,0.0,0.0,0.0,0.0,0.0,0.11690835090982767,0.03808699000994179,0.0,0.10214099848509527,0.0,0.21500221537289022,0.0,0.22138485191472645,0.2689672328717223,0.0,0.09031158184993028,0.34775055640202335,0.0,0.32307519620294356,0.3312121407805703,0.0,0.0,0.10165571995883216,0.0,0.162964668408887,0.19854830094875214,0.1727831122245667,0.0020029600979874656,0.0,0.0,0.0,0.21680775841275854,0.21835539513250166,0.0,0.13776579237251527,0.1645676000919869,0.0,0.06159417649740229,0.14489262442503137,0.35392005717226804,0.07270854752455198,0.17177924369960712,0.0,0.0,0.0,0.0,0.0,0.0,0.032615692895298004,0.0,0.016803461778664246,0.0,0.0,0.005427857186578417,0.0,0.0,0.0,0.0,0.0
0.025358225142996904,0.08824466089281784,0.0,0.0,0.0,0.0,0.0,0.0,0.0,0.0,0.0,0.0,0.0,0.0,0.10612189907965058,0.0,0.0,0.009768884505862285,0.03588562981898844,0.0,0.12666883272776078,-0.0036740753026297973,0.008602897544170306,0.11293852248930303,0.1281126802396602,0.019515624658801637,0.11498344162441615,0.0,0.0,0.0,0.0,0.525099782756366,0.16874252700088385,0.0,0.0,0.0,0.0,0.0,0.0,0.24117435042001859,0.3342870951005425,0.0,0.0,0.0,0.2544107119923525,0.011492463224923729,0.3490977426435975,0.0,0.0,0.0,0.28058079606223874,0.0,0.0,0.0,0.07739634371286924,0.0,0.0,0.05554839928376453,0.0,0.16545214753204354,0.2989331903875229,0.3361769736467074,0.28386165050618173,0.22144180179923398,0.21034270932956994,0.11244095573896233,0.21858110458421462,0.14499163906698487,0.3584553278054001,0.31861088025305995,0.24986493608631996,0.19167468056276699,0.10304677817189531,0.24504183091659243,0.28199037559269013,0.4531230222949926
