0.0,0.10778435124949141,0.051925168629904726,0.16698187864131908,0.014171806172207525,0.0,0.0,0.11864562841154118,0.0,0.0,0.3322804531700421,0.3718125055883916,0.0,0.3707016931303375,0.24347998802025628,0.0,0.0,0.0,0.05232951650384868,0.0,0.0,0.0,0.3119091855952939,0.6995908234105069,0.49571405869235957,0.4773621577964479,0.0,0.0,0.0,0.0,0.0,0.27861977274644883,0.6913482275914834,0.24819030578588272,0.1084141838300685,0.0,0.0,0.0,0.5259840420388644,0.4796397225788697,0.47882002901197523,0.348886717653743,0.0,0.0,0.0,0.7632658528202522,0.06929707893717514,0.13264362659291065,0.14150000447108135,0.15850668935136553,0.14922488849635598,0.11213649302917371,0.20941514941595338,0.18593942581704204,0.10803309228319513,0.39729741187093204,0.1525401820904612,0.13216798790936762,0.330542946863037,0.20741240361666954,0.2417736485759639,0.15694064540101405,0.10396129997370673,0.07527838359114461,0.0800342878120941,0.0880022448443071,0.12090673491796759,0.3201357008346688,0.6316543086019641,0.35666719031689526,0.462441518947717,0.20049735563181217,0.0,0.4189089102954089,0.1110374889317547,0.2342667443697954
0.10778435124949141,0.0,0.0,0.13532935558973908,0.0,0.19459784742053288,0.07787113040793876,0.0,0.0,0.24567082751080324,0.0,0.27312038370349084,0.21116204060461774,0.0,0.0,0.13425179151733443,0.10523665005766719,0.12022358180664837,0.15429147992541897,0.0,0.0,0.15069162382342854,0.0,0.20357471683679648,0.5171540035414602,0.46460873692189064,0.0,0.012082455208746004,0.0,0.0,0.1080361679772438,0.0,0.18251708788115517,0.0,0.0,0.01904788695950891,0.037173172732169475,0.0,0.0,0.007394736137842983,0.0,0.0,0.0,0.11772746384777161,0.0,0.0,0.5578396647578416,0.0,0.0,0.0,0.21385174137689492,0.0,0.014933036816654675,0.0,0.13522000351223015,0.0,0.26816472208953723,0.2551768102474553,0.006236551461265418,0.0,0.15730245753922786,0.3957897762451137,0.2647707677679526,0.05891418720699109,0.0,0.0,0.0,0.0,0.16175521537366433,0.3758075688285423,0.32822619660399943,0.0,0.13120084544216684,0.0,0.12030097346525842,0.05456750284080967
0.051925168629904726,0.0,0.0,0.15105138536904406,0.6824726748971941,0.15785413129754813,0.1255513832925556,0.5968262869388542,0.8196388277803922,0.0,0.8889638015139716,0.3851110962779994,0.029226647752350312,0.0,0.5777088006668906,0.0,0.0,0.0,0.8823015850947733,0.7506182151401254,0.053287348652342824,0.5358217064632871,0.8563228668188666,0.2893950274049307,0.0,0.2470067681775947,0.7295202985988846,0.07042592992653952,0.0,0.0,0.0,0.0,0.07740540650483152,0.0,0.0,0.0,0.0,0.0,0.0,0.0,0.0,0.0,0.19507117329502674,0.045519606411321856,0.0,0.0,0.3631492083118098,0.9284089357602374,0.21233386708251517,0.7943912770103299,0.38822094547237684,0.6129835515293981,0.41797097640804604,0.6678596464448763,0.4501882914943683,0.8152540311084459,0.3615234475116074,0.28783747234236184,0.4323433714085694,0.625877460155241,0.22718109741536577,0.4320348845843373,0.16154657876929046,0.904277132824443,0.8197145553565577,0.2506182297103909,0.7629174248757523,0.6819920396227094,0.0484374716724099,0.19048406751922045,0.13216702190844057,0.7672521811255223,0.5288513808701841,0.0007446750871163286,0.42296692596580043,0.011197076864300652
0.16698187864131908,0.13532935558973908,0.15105138536904406,0.0,0.27627471357302924,0.0,0.2727432992048476,0.02662491837836192,0.08252759594742361,0.0,0.10634563682092721,0.38700374538600063,0.12616156345866192,0.49679668483438383,0.0,0.10620102025608195,0.0,0.0,0.21520608729542462,0.06812852767089778,0.0,0.10121445290193244,0.06800756662999304,0.41123188480304945,0.0,0.20073481818310185,0.0,0.25246081262319536,0.0,0.0,0.18827157125860752,0.2156762941746917,0.16600384527942302,0.23173385546043712,0.29641827162218287,0.4361791737857038,0.45498842578017823,0.13503723878422746,0.1872528837181481,0.0,0.16388930066645852,0.10719270297170927,0.33860760119742367,0.2621841742484788,0.0,0.0,0.05097732836156459,0.0711664403000076,0.09166687463830557,0.15917312836893546,0.0,0.19211179416426047,0.0,0.007229833036334308,0.24190519091854373,0.057478820643677084,0.3817098087991163,0.10620116714358038,0.3877764852570309,0.0,0.0,0.22499914750992545,0.1065306397244609,0.1317031433855748,0.19174671967618237,0.0,0.16625159653884858,0.0,0.2644273264762693,0.027599899745921985,0.16393274492016438,0.0,0.1278362289632385,0.0,0.3718972039928076,0.11179830479047927
0.014171806172207525,0.0,0.6824726748971941,0.27627471357302924,0.0,0.03005175539420098,0.37679115241881067,0.44609139421900096,0.8167076486117552,0.0,0.6926839024675198,0.2766248255011925,0.060660131649139415,0.21575198755005318,0.4223158426743922,0.0,0.0,0.0,0.49893306343314237,0.49427728264756904,0.0,0.2584995654610229,0.6057598871266011,0.2027983515132937,0.0,0.18577383524893754,0.49263976642268037,0.052753210890808123,0.0,0.0,0.0,0.0,0.009795828783803827,0.0,0.0195112646219748,0.22730208052053621,0.1390810135984664,0.0,0.0,0.0,0.0,0.0,0.26390045774917803,0.04465364360541489,0.0,0.0,0.17158032452450317,0.6918493204336875,0.10657717755073985,0.8320778113305852,0.31667144344694464,0.671735187050639,0.24668111177184837,0.6819911326907936,0.4169636050905304,0.6161423668676244,0.27090866716058487,0.35989002836387407,0.39643364650712193,0.4452311118369428,0.07080375991323909,0.3195746105918419,0.10968665744010228,0.5634742013302575,0.6136758714791849,0.13753553026850845,0.5585216974625892,0.5522697825769807,0.0,0.16182798241940696,0.13796580204400408,0.5559139831635411,0.3845290704282917,0.0,0.254026441416955,0.0
0.0,0.19459784742053288,0.15785413129754813,0.0,0.03005175539420098,0.0,0.21896323551209892,0.3738123110530344,0.1548841885513817,0.026243536664631875,0.0,0.0,0.32013192782733146,0.0,0.0,0.0,0.0,0.0883218457189611,0.12438804961877598,0.025781237944827364,0.33436518030723855,0.0,0.32890655380726586,0.0,0.0,0.0,0.43892732542958174,0.10594677580512443,0.38142227695812825,0.12230680287284405,0.0,0.0,0.0,0.0,0.0,0.0,0.0,0.00130444089068276,0.0,0.049103368242109605,0.0,0.0,0.019031976025306856,0.023013012725049933,0.0,0.0,0.3575926265783236,0.1925827339206439,0.0,0.032085663062596255,0.3198182145463277,0.14520673676594173,0.3509728385130046,0.08767534278510213,0.2200044218801709,0.0,0.03901661102764569,0.28907429117904676,0.0,0.0,0.0,0.18296997411131388,0.0,0.11519698489018287,0.0,0.15526342512956143,0.0,0.25909237438093446,0.0,0.15811474503507825,0.12679337559815976,0.05656325436071528,0.1779322260294586,0.0,0.0,0.0
0.0,0.07787113040793876,0.1255513832925556,0.2727432992048476,0.37679115241881067,0.21896323551209892,0.0,0.05236974505439882,0.31276149971734857,0.04716583897759047,0.0,0.0,0.5167416217237146,0.17699236218788653,0.0,0.12300866735537014,0.09269762132766385,0.14695918137568667,0.11530694731767521,0.15371399717761638,0.0,0.1605541328499427,0.0,0.0,0.0,0.0,0.11208690527002202,0.2360572625855677,0.27053943947218034,0.16154585807795008,0.045043992908709626,0.0,0.0,0.0,0.14543045097145899,0.38030747027341155,0.3668362302995726,0.20026378700507844,0.0,0.0,0.0,0.0,0.31521565129073453,0.36628367579300786,0.06571931919212978,0.0,0.1676098995934319,0.0595740034240919,0.0,0.08809873706433238,0.0,0.21248842995191236,0.0,0.0,0.30895557543725005,0.0,0.09237386425257615,0.16047597294594268,0.012223577070145465,0.0,0.0,0.23732878194346396,0.2084685053961187,0.0991165900569765,0.08489754152034257,0.0,0.1245583914776966,0.0,0.0,0.016167201776399243,0.0,0.0,0.25088107703758655,0.0,0.14426913536304498,0.0
0.11864562841154118,0.0,0.5968262869388542,0.02662491837836192,0.44609139421900096,0.3738123110530344,0.05236974505439882,0.0,0.4721762540949316,0.0,0.5978865387281895,0.5675535056506119,0.14801900693733847,0.09419835408456653,0.4254016931693349,0.0,0.0,0.0,0.42982787792850213,0.3896903679580665,0.34062726875013893,0.10425438951539502,0.8010422080319842,0.3728961505316765,0.0,0.43059735024701146,0.4502351195838909,0.2069174745793825,0.0,0.0,0.0,0.0,0.18712126814860217,0.0,0.0,0.05222014018384593,0.0,0.03191337022281883,0.011019693971574561,0.14325012586426328,0.0,0.0,0.2067736556146859,0.0,0.0,0.026578240227070775,0.18639469692109034,0.7445812857467674,0.21119352855304194,0.5387574793674496,0.38739282470015973,0.4875500636736259,0.8246423372027407,0.5355235497769676,0.34333653385500534,0.6473321278609716,0.47817937278267214,0.43796066292306024,0.2966431136708247,0.43938279394801166,0.0,0.30078428714715244,0.0,0.518333634664498,0.43101712134820164,0.37212058016507543,0.4027987645360156,0.7343305860157534,0.24832827995962795,0.06717225229582015,0.29897742249003817,0.4584946524139676,0.4254226036127467,0.0,0.20694694873672284,0.0
0.0,0.0,0.8196388277803922,0.08252759594742361,0.8167076486117552,0.1548841885513817,0.31276149971734857,0.4721762540949316,0.0,0.0,0.718708596161285,0.26083977682448234,0.1675846692204272,0.0,0.46746848988540673,0.0,0.0,0.0,0.6421711034119116,0.6093958463567006,0.0,0.364244771913228,0.6568809114117302,0.09068073030108686,0.0,0.15209617330025213,0.7190887741747305,0.07730629901085039,0.0,0.0,0.0,0.0,0.0,0.0,0.0,0.1180300987698836,0.03116494278727869,0.0,0.0,0.0,0.0,0.0,0.31060598197246914,0.15344977603467558,0.0,0.0,0.2363890487689858,0.7782294458159187,0.23574707497662928,0.8157263074984674,0.3465846815938394,0.7247638542583944,0.2537786899056355,0.754527921526886,0.44980697536753783,0.6149278918623607,0.2640583328700511,0.31110644974365853,0.2650497988484443,0.5033529725186973,0.10748284168310532,0.35036332444756163,0.13445791505301127,0.6582217893030732,0.6701587519957486,0.1670462661686402,0.6025723918353729,0.5531476939322896,0.0,0.11262259808808996,0.05735989334907614,0.6667250237954951,0.4639140571671196,0.0,0.320886573208385,0.0
0.0,0.24567082751080324,0.0,0.0,0.0,0.026243536664631875,0.04716583897759047,0.0,0.0,0.0,0.0,0.10884706359981304,0.21419075961973685,0.0,0.0,0.34330144449506705,0.5930554944183971,0.4271212100685815,0.0,0.0,0.0,0.0,0.0,0.05989352642381529,0.18120563025450634,0.0047280753782300705,0.0,0.07953322375642936,0.0,0.2622967101161467,0.296737641642804,0.1383719841034492,0.0,0.03001937343008288,0.09731819818098583,0.0,0.11658426468153225,0.20601591025277832,0.02865786161488099,0.04200962498631086,0.037779157620659864,0.0,0.04141440968829416,0.11114238409345654,0.32283014605702953,0.014290150195962076,0.0,0.0,0.0,0.0,0.0,0.0,0.0,0.0,0.1687590682848672,0.0,0.21898681966159547,0.0,0.0,0.0,0.0,0.12578609203572078,0.08893188265785099,0.0,0.0,0.0,0.0,0.0,0.04524943050928962,0.0,0.03002008151714991,0.0,0.0,0.0,0.0,0.09953037174227185
0.3322804531700421,0.0,0.8889638015139716,0.10634563682092721,0.6926839024675198,0.0,0.0,0.5978865387281895,0.718708596161285,0.0,0.0,0.44252445759542053,0.0,0.05932091467285684,0.70948371710054,0.0,0.0,0.0,0.7573174836443088,0.671326872127542,0.10359144753278011,0.4130594317482306,0.890530115839332,0.4489145350878343,0.1267981646651209,0.383491078152924,0.5928540598611367,0.0,0.0,0.0,0.0,0.0,0.2862229232080402,0.0,0.0,0.0,0.0,0.0,0.0,0.14395315719673615,0.0,0.0,0.0,0.0,0.0,0.11148554531778525,0.284714899982421,0.906523239992285,0.15302867766887338,0.8089154850250732,0.49293233620013477,0.5886405854652911,0.49444587789310473,0.8282020362091262,0.390728657454233,0.9797817663721922,0.31211312527670665,0.2984253417371681,0.44531347579087505,0.6934595259411545,0.2997254988742614,0.4154970469275113,0.141454970687403,0.8033579398018428,0.7885721101151388,0.3663848949128998,0.7176613092045736,0.8138763568467888,0.2694230605826119,0.3170528253923234,0.24901494096902335,0.828393364283786,0.3689563507473756,0.13079800320715018,0.2246720689121025,0.0
0.3718125055883916,0.27312038370349084,0.3851110962779994,0.38700374538600063,0.2766248255011925,0.0,0.0,0.5675535056506119,0.26083977682448234,0.10884706359981304,0.44252445759542053,0.0,0.24235462638269253,0.31289448394514674,0.11429575860036063,0.0,0.0,0.0,0.420852167619542,0.1778164834534763,0.0,0.12007634019038103,0.5542246525883318,0.7405562807523001,0.23353961029703738,0.7802032725757976,0.022981976253068047,0.3650529060725886,0.0,0.0,0.0,0.08330011010311279,0.49844388732147366,0.006431966819076441,0.05256134222668009,0.18597031153542226,0.10613204900017842,0.10469117632521865,0.13848416056873528,0.16559293413308113,0.12614195382674906,0.14394940971387532,0.13125619204860636,0.050842176932987655,0.0,0.15593006998737274,0.21994733166992633,0.40780552756127236,0.31341820085307953,0.42226872128418524,0.226938290345488,0.38959520991228486,0.5637186948892033,0.4175027807792573,0.42692760484501574,0.4428730426977953,0.8403610260025057,0.4725515484987885,0.4443963568393467,0.20940509546626712,0.0,0.5249447754782294,0.0,0.38413418069820676,0.3555661053617808,0.0,0.3154446689291357,0.41811488418851184,0.5791804202246913,0.1219943051999884,0.5153863787167053,0.23464062601997807,0.3834867876848169,0.0,0.28714655712780146,0.06652455594796049
0.0,0.21116204060461774,0.029226647752350312,0.12616156345866192,0.060660131649139415,0.32013192782733146,0.5167416217237146,0.14801900693733847,0.1675846692204272,0.21419075961973685,0.0,0.24235462638269253,0.0,0.06556692989905478,0.0,0.19814210921031097,0.3424201375536789,0.2073823270207529,0.030615491500479278,0.0,0.0,0.0,0.0,0.0,0.0,0.2647054734463887,0.0,0.5771260801975071,0.11909498673450575,0.31740757680364323,0.1651819369833732,0.13571049645718045,0.0,0.07346995479829486,0.3151918730756578,0.39379472250888414,0.30277165019768704,0.3726132617361383,0.0,0.0,0.0,0.0,0.4146409436749858,0.4620139432872544,0.17327041582505145,0.0,0.1029672427213338,0.0,0.03792100697208525,0.0,0.0,0.13500022096154848,0.0,0.0,0.20160794743378216,0.0,0.32592299726658663,0.3353417499210084,0.0,0.0,0.0,0.22926122975638105,0.0,0.0,0.0,0.0,0.0,0.0,0.0,0.0,0.14628198120791686,0.0,0.3559554977029947,0.0,0.301487000921987,0.0
0.3707016931303375,0.0,0.0,0.49679668483438383,0.21575198755005318,0.0,0.17699236218788653,0.09419835408456653,0.0,0.0,0.05932091467285684,0.31289448394514674,0.06556692989905478,0.0,0.0,0.07366860930736631,0.0,0.0,0.0,0.0,0.0,0.0,0.07801230090585606,0.4648162467232663,0.01949783338112283,0.21678441799887915,0.0,0.17861005326780863,0.0,0.0,0.18606295472257006,0.45859905086267927,0.3784305651516318,0.4322735548785451,0.50043237835736,0.3626955699721757,0.3433404439917057,0.23368383914851829,0.4076589034741578,0.09239580940160008,0.324022037046845,0.24249866103342277,0.2041905657247375,0.0769141781060851,0.18464620355029115,0.1800804662627046,0.0,0.04571295013702291,0.09882775279964393,0.11658023381224307,0.0,0.13274407826803047,0.0,0.07880254318621102,0.1356624678194705,0.08086898180351744,0.2953534869220832,0.1282823347297661,0.4342057240646808,0.0,0.0,0.05076785362580823,0.0,0.0,0.0,0.0,0.0,0.09758495334838944,0.4273796683172134,0.046389654023888706,0.3147106647836249,0.0,0.0,0.02170563072022109,0.086020623432488,0.03990435971062469
0.24347998802025628,0.0,0.5777088006668906,0.0,0.4223158426743922,0.0,0.0,0.4254016931693349,0.46746848988540673,0.0,0.70948371710054,0.11429575860036063,0.0,0.0,0.0,0.0,0.0,0.0,0.46424947136391886,0.7346968369823308,0.4887810187770244,0.4950610873030087,0.6698752898733294,0.1024265404898433,0.05899671935733936,0.1461169928143461,0.5143841066791628,0.0,0.05791984979707593,0.0,0.0,0.0,0.058827691152048334,0.0,0.0,0.0,0.0,0.0,0.0,0.09915990346896557,0.0,0.0,0.0,0.0,0.0,0.24047031619898238,0.1976892292905242,0.6664779308178429,0.0588357720805653,0.616154614507816,0.3711658788346946,0.3751380451850298,0.3895093427841757,0.5940098263047312,0.18028240355354574,0.7424658497837702,0.0,0.06468701252602747,0.30691729646001153,0.9471880374531301,0.47738746450497005,0.18959937724358333,0.11764751244718692,0.562822039935516,0.7034344332715403,0.7151795047181688,0.7120713650311825,0.6788453129193887,0.057212691521307805,0.25608692443950476,0.1505818524998669,0.7368928148769007,0.23185331690871414,0.3699507558265267,0.15083624224732445,0.08341194344681087
0.0,0.13425179151733443,0.0,0.10620102025608195,0.0,0.0,0.12300866735537014,0.0,0.0,0.34330144449506705,0.0,0.0,0.19814210921031097,0.07366860930736631,0.0,0.0,0.5544096306555013,0.7113426336583657,0.0,0.0,0.0,0.1327478372516277,0.0,0.0194563731827594,0.11731388586447443,0.0,0.0,0.23903132437384883,0.0,0.37433398083814384,0.619744044966796,0.15228048587111942,0.0,0.2669818424386171,0.1934416999705273,0.1166002699487891,0.2833971439850956,0.19874548255604516,0.0060125896879907525,0.0,0.03204415085957375,0.0,0.13066829652331804,0.28166747269402465,0.262680830917913,0.0,0.0,0.0,0.0,0.0,0.0,0.0,0.0,0.0,0.018885780141961944,0.0,0.01286698072624885,0.0,0.0,0.0,0.0,0.0,0.2342942916903914,0.0,0.0,0.0,0.0,0.0,0.0,0.0,0.0,0.0,0.0,0.01928370172762198,0.09434220858377766,0.18547709494546333
0.0,0.10523665005766719,0.0,0.0,0.0,0.0,0.09269762132766385,0.0,0.0,0.5930554944183971,0.0,0.0,0.3424201375536789,0.0,0.0,0.5544096306555013,0.0,0.7052020932626691,0.0,0.0,0.0,0.0,0.0,0.0,0.06448105042597388,0.0,0.0,0.25934429382476454,0.15485777575261445,0.40677938227574933,0.5707615481385101,0.10310058612257147,0.0,0.2223587312637991,0.2603880337080229,0.0503263603872032,0.1710988257198059,0.42916353258607326,0.0,0.0,0.0,0.0345384777141786,0.042217731411389355,0.19142553239427684,0.4187238503815014,0.0,0.0,0.0,0.0,0.0,0.0,0.0,0.0,0.0,0.0,0.0,0.0,0.0,0.0,0.0,0.0,0.0,0.0,0.0,0.0,0.0,0.0,0.0,0.0,0.0,0.0,0.0,0.0,0.0,0.0,0.0
0.0,0.12022358180664837,0.0,0.0,0.0,0.0883218457189611,0.14695918137568667,0.0,0.0,0.4271212100685815,0.0,0.0,0.2073823270207529,0.0,0.0,0.7113426336583657,0.7052020932626691,0.0,0.0,0.0,0.0,0.0,0.0,0.0,0.07295221997495402,0.0,0.0,0.14647266854139196,0.33932712149281063,0.5435033918108184,0.4885024821192858,0.0,0.0,0.05161872620022765,0.0632708835713531,0.028363818137673635,0.22225014642377489,0.2558752534722941,0.0,0.0,0.0,0.0,0.0518197683221664,0.23770228178295083,0.29735469819844973,0.0,0.0,0.0,0.0,0.0,0.0,0.0,0.0,0.0,0.0,0.0,0.0,0.0,0.0,0.0,0.0,0.0,0.12166443552847492,0.0,0.0,0.0,0.0,0.0,0.0,0.0,0.0,0.0,0.0,0.0,0.0,0.03196564087339355
0.05232951650384868,0.15429147992541897,0.8823015850947733,0.21520608729542462,0.49893306343314237,0.12438804961877598,0.11530694731767521,0.42982787792850213,0.6421711034119116,0.0,0.7573174836443088,0.420852167619542,0.030615491500479278,0.0,0.46424947136391886,0.0,0.0,0.0,0.0,0.7187692645154216,0.0,0.6720500872631332,0.7103057747973817,0.34619334691098197,0.03646053611067949,0.2978751219160496,0.5745798949385661,0.0876156797173759,0.0,0.0,0.0,0.0,0.09845598105403762,0.0,0.0,0.0,0.0,0.0,0.0,0.0,0.0,0.0,0.19132745286843023,0.16100289448060306,0.0,0.0,0.5471831147230175,0.6883730371799973,0.16214474373652749,0.6588579986755996,0.3877992604513571,0.5048210032654623,0.3561358858065993,0.45986548536272215,0.4386252031743858,0.6288309470024838,0.3982803381251728,0.3403611225441836,0.37552796189848153,0.5404826455811413,0.40898462049473633,0.5485180615982634,0.35319977564037514,0.965058043213257,0.7415817336188636,0.12350245299976094,0.7863885865766246,0.49023097286424167,0.13522768340564545,0.2981488770952451,0.16719160515079107,0.620900232940558,0.5885192907039548,0.0015710609937937678,0.5054560816055766,0.08111969863444331
0.0,0.0,0.7506182151401254,0.06812852767089778,0.49427728264756904,0.025781237944827364,0.15371399717761638,0.3896903679580665,0.6093958463567006,0.0,0.671326872127542,0.1778164834534763,0.0,0.0,0.7346968369823308,0.0,0.0,0.0,0.7187692645154216,0.0,0.21634135100389837,0.8272213319400222,0.6350507628018246,0.048329010137878464,0.0,0.07070065240279721,0.6238312584566819,0.0,0.2137606125743897,0.0,0.0,0.0,0.0,0.0,0.0,0.0,0.0,0.0,0.0,0.0,0.0,0.0,0.18399747521435536,0.13564456922776666,0.0,0.0,0.40525022280287476,0.7024775839925433,0.09909872099997481,0.6211358368381513,0.2808239081091485,0.46660660996855596,0.2279152932260452,0.42985919838845593,0.4127126889118947,0.6279778475897534,0.18375290988306311,0.14882232711321702,0.2942961043503188,0.7873957676969693,0.47541438270588826,0.3685963380181141,0.32846828047853427,0.7838165480011405,0.9064129708668439,0.403181218937597,0.9104801960299265,0.5064117209614993,0.0,0.2358285796239426,0.11209073171161221,0.6610840589165172,0.5329644117626352,0.25449994883929017,0.42432757432276247,0.14607251561565163
0.0,0.0,0.053287348652342824,0.0,0.0,0.33436518030723855,0.0,0.34062726875013893,0.0,0.0,0.10359144753278011,0.0,0.0,0.0,0.4887810187770244,0.0,0.0,0.0,0.0,0.21634135100389837,0.0,0.07542381625213508,0.24800057073342333,0.0,0.0,0.0,0.29168982551725636,0.0,0.46122322409185423,0.04875459529916787,0.0,0.0,0.0,0.0,0.0,0.0,0.0,0.0,0.0,0.26570653277364986,0.0,0.0,0.0,0.0,0.0,0.21970672992841145,0.006770433409056226,0.1744445366521045,0.0,0.0,0.1825430493051299,0.0,0.4239494970348114,0.05498807275170056,0.0,0.1761766748588469,0.0,0.0,0.0,0.38782268336340914,0.3218729712368199,0.0,0.0,0.033317734921191604,0.030776137195804028,0.8490721216832816,0.1267723699868797,0.3039517994869307,0.0,0.0,0.0,0.20132263565107975,0.021412622183093605,0.0823711267474964,0.0,0.0
0.0,0.15069162382342854,0.5358217064632871,0.10121445290193244,0.2584995654610229,0.0,0.1605541328499427,0.10425438951539502,0.364244771913228,0.0,0.4130594317482306,0.12007634019038103,0.0,0.0,0.4950610873030087,0.1327478372516277,0.0,0.0,0.6720500872631332,0.8272213319400222,0.07542381625213508,0.0,0.3597154931123248,0.038814998790451895,0.01913887341996272,0.046996211660579025,0.3672910585063238,0.0,0.19228293986000874,0.0,0.0,0.0,0.0,0.0,0.0,0.0,0.0,0.0,0.0,0.0,0.0,0.0,0.23871090129949685,0.24547276180265323,0.0,0.0,0.5032151736843575,0.37918355886515287,0.03499681564148797,0.40482368367892324,0.1496611582907603,0.29380138070267536,0.0,0.1280059286344324,0.40106295762674404,0.315559497605086,0.15625386486268372,0.0666402348212725,0.20796889672734808,0.620023463845062,0.5738140968370776,0.4222005553009365,0.525661462573989,0.6785798202183639,0.6786396932000812,0.2064104126079814,0.8466197537180367,0.18084455078839598,0.0,0.2704060095013553,0.12549205387369167,0.38214358177553015,0.48546463324654515,0.26558748892327505,0.5144551645426255,0.2860236698480551
0.3119091855952939,0.0,0.8563228668188666,0.06800756662999304,0.6057598871266011,0.32890655380726586,0.0,0.8010422080319842,0.6568809114117302,0.0,0.890530115839332,0.5542246525883318,0.0,0.07801230090585606,0.6698752898733294,0.0,0.0,0.0,0.7103057747973817,0.6350507628018246,0.24800057073342333,0.3597154931123248,0.0,0.5168616186071443,0.10627861533261004,0.4632636135385228,0.6358780687447043,0.015227629871453447,0.0,0.0,0.0,0.0,0.29283601265993114,0.0,0.0,0.0,0.0,0.0,0.0,0.1500042435259253,0.0,0.0,0.059208508869337186,0.0,0.0,0.14855555345038404,0.37318513503389156,0.8884266885067282,0.2748350936200253,0.7508248669200464,0.5847200612935539,0.6061435855598787,0.7068320276624513,0.7491546288544005,0.45544327560397324,0.8645902011353233,0.45109348845261543,0.41254050611273146,0.46876269000983084,0.6780721528980562,0.222447842583167,0.4121897806300873,0.03672369518264376,0.7651768285824695,0.6909371235448964,0.39412301356041807,0.6568776619343506,0.9261358523232434,0.2932447732883875,0.29967948566463815,0.34626403203508566,0.7727031606347639,0.4242779451633829,0.056759141670399735,0.25288112105407984,0.0
0.6995908234105069,0.20357471683679648,0.2893950274049307,0.41123188480304945,0.2027983515132937,0.0,0.0,0.3728961505316765,0.09068073030108686,0.05989352642381529,0.4489145350878343,0.7405562807523001,0.0,0.4648162467232663,0.1024265404898433,0.0194563731827594,0.0,0.0,0.34619334691098197,0.048329010137878464,0.0,0.038814998790451895,0.5168616186071443,0.0,0.391810447657888,0.6512693177819462,0.0,0.1260116586480921,0.0,0.0,0.0,0.26277259305029066,0.6480334122395977,0.21380717276181152,0.15583832477575202,0.0935605404278132,0.08918720436443196,0.0,0.37284280473952747,0.3141969633713657,0.37417096805223027,0.22382464085942722,0.0,0.0,0.0,0.4590051743839248,0.17747744129265283,0.3102916869789745,0.303605990813121,0.3593896459878533,0.19420432815789807,0.3015538905063512,0.3915134138781127,0.3137175711572349,0.35393294555347016,0.4471122567684778,0.5838388814536759,0.3218826466014822,0.43830031768897876,0.18232444630487213,0.047932231267045135,0.3791954602669259,0.06502698420072636,0.2926630622248127,0.25232032165885354,0.0,0.22769704918866254,0.409374798295193,0.7870743899196115,0.30423224357605366,0.5688090647340878,0.2419142203266931,0.11731030372509349,0.1765938427828185,0.2826860205424319,0.21399280023189854
0.49571405869235957,0.5171540035414602,0.0,0.0,0.0,0.0,0.0,0.0,0.0,0.18120563025450634,0.1267981646651209,0.23353961029703738,0.0,0.01949783338112283,0.05899671935733936,0.11731388586447443,0.06448105042597388,0.07295221997495402,0.03646053611067949,0.0,0.0,0.01913887341996272,0.10627861533261004,0.391810447657888,0.0,0.5008345760875809,0.0,0.0,0.0,0.0,0.0015830322607325573,0.0,0.3985835640044182,0.0,0.0,0.0,0.0,0.0,0.036281301275900846,0.3118274131141318,0.12282805789536641,0.029245897312100123,0.0,0.0,0.0,0.42771034085243803,0.28597673618492814,0.0,0.11782130176521875,0.0063927430858879575,0.30328878267115683,0.008493773244655764,0.06740265932365797,0.1055729727420003,0.17291530193218363,0.16283916732190556,0.11599870814761014,0.1093902801342082,0.040613401141822145,0.0033293110325070077,0.2747410099707542,0.2789603836139705,0.30362133506918393,0.027711302342855258,0.0,0.0,0.0,0.12982121023464005,0.3796474713066946,0.4342887590733126,0.38111489363335055,0.11963567376499805,0.0,0.3452331257940244,0.0,0.1139908936907542
0.4773621577964479,0.46460873692189064,0.2470067681775947,0.20073481818310185,0.18577383524893754,0.0,0.0,0.43059735024701146,0.15209617330025213,0.0047280753782300705,0.383491078152924,0.7802032725757976,0.2647054734463887,0.21678441799887915,0.1461169928143461,0.0,0.0,0.0,0.2978751219160496,0.07070065240279721,0.0,0.046996211660579025,0.4632636135385228,0.6512693177819462,0.5008345760875809,0.0,0.0,0.17497804813295278,0.0,0.0,0.0,0.15324880545629174,0.5131135418573386,0.02320204393051031,0.03163755425865408,0.14646457267065893,0.0,0.0021891127265894934,0.21489890868202702,0.2034652994269592,0.15738172769614434,0.2215449945555048,0.06651642213376399,0.0,0.0,0.229044999239343,0.30329042547601204,0.33481575637562927,0.24206934595605098,0.37995095144532004,0.2721924492669692,0.34298302860482477,0.44225782302743416,0.34548517847929,0.28079592719018315,0.40074824719788193,0.5933057620241353,0.5133854362407149,0.3253437121239223,0.2140340132115381,0.06963644723658668,0.5222355037770219,0.0,0.3279443072145939,0.21886626158255917,0.0,0.21741890761685684,0.4094226207092518,0.5485760945374392,0.31044868745642445,0.7185707801448176,0.2175459342542707,0.2719245837023858,0.0,0.2425002540533985,0.05139786222499888
0.0,0.0,0.7295202985988846,0.0,0.49263976642268037,0.43892732542958174,0.11208690527002202,0.4502351195838909,0.7190887741747305,0.0,0.5928540598611367,0.022981976253068047,0.0,0.0,0.5143841066791628,0.0,0.0,0.0,0.5745798949385661,0.6238312584566819,0.29168982551725636,0.3672910585063238,0.6358780687447043,0.0,0.0,0.0,0.0,0.0,0.19608034059287857,0.0,0.0,0.0,0.0,0.0,0.0,0.0,0.0,0.0,0.0,0.0,0.0,0.0,0.07831875548168775,0.010078189848796361,0.0,0.0,0.32570750547874333,0.6687231644279302,0.06900429088471416,0.506811684012966,0.39611542787366427,0.40923716600317345,0.30836714508438634,0.5135128036968779,0.24695287021566126,0.5654046963787027,0.0026734431603034447,0.05993063158500377,0.03431511739614519,0.46757720373057376,0.18738409841034254,0.1647726252956031,0.08059612049840639,0.5827315462059848,0.4848655608159574,0.33896057917871,0.48242360064184087,0.5299161081654213,0.0,0.08793696215298803,0.0,0.7028871229650506,0.24959604221621903,0.0016414545442800538,0.09427863047096635,0.0
0.0,0.012082455208746004,0.07042592992653952,0.25246081262319536,0.052753210890808123,0.10594677580512443,0.2360572625855677,0.2069174745793825,0.07730629901085039,0.07953322375642936,0.0,0.3650529060725886,0.5771260801975071,0.17861005326780863,0.0,0.23903132437384883,0.25934429382476454,0.14647266854139196,0.0876156797173759,0.0,0.0,0.0,0.015227629871453447,0.1260116586480921,0.0,0.17497804813295278,0.0,0.0,0.0,0.4326024790130864,0.15556315837545182,0.07985879302957974,0.0,0.049234184251103916,0.2977980229990231,0.3920476898280632,0.4393204681466443,0.43760560621580485,0.0,0.0,0.0,0.04112796977784891,0.42408387095496436,0.3994524545481204,0.11360559438843297,0.0,0.0,0.032578627313905255,0.18737778714886236,0.0908185132974048,0.0,0.11526660879238394,0.10257446188954131,0.0,0.22356582086058285,0.0,0.5299663637102746,0.2579699851185512,0.15665737353049974,0.0,0.0,0.15835547906350794,0.0,0.021211334283857925,0.0,0.0,0.0,0.0,0.04964539491317286,0.0,0.08383153552268427,0.0,0.47324560445012204,0.0,0.410572322363338,0.11838476739726876
0.0,0.0,0.0,0.0,0.0,0.38142227695812825,0.27053943947218034,0.0,0.0,0.0,0.0,0.0,0.11909498673450575,0.0,0.05791984979707593,0.0,0.15485777575261445,0.33932712149281063,0.0,0.2137606125743897,0.46122322409185423,0.19228293986000874,0.0,0.0,0.0,0.0,0.19608034059287857,0.0,0.0,0.5123447358168516,0.0,0.0,0.0,0.0,0.0,0.0,0.0,0.03181118680128862,0.0,0.0,0.0,0.0,0.09976723885799454,0.16841560784311524,0.16892741284298038,0.0,0.010869276490085573,0.0,0.0,0.0,0.0,0.0,0.0,0.0,0.0,0.0,0.0,0.0,0.0,0.0,0.21026409685226533,0.0,0.11339334104832206,0.0,0.0,0.2797544265465261,0.0,0.0,0.0,0.0,0.0,0.0,0.030386073714209517,0.024283210248890054,0.0,0.010701982252774014
0.0,0.0,0.0,0.0,0.0,0.12230680287284405,0.16154585807795008,0.0,0.0,0.2622967101161467,0.0,0.0,0.31740757680364323,0.0,0.0,0.37433398083814384,0.40677938227574933,0.5435033918108184,0.0,0.0,0.04875459529916787,0.0,0.0,0.0,0.0,0.0,0.0,0.4326024790130864,0.5123447358168516,0.0,0.25135925943002435,0.055447259776791165,0.0,0.0,0.0,0.07446341339867774,0.20856556910884497,0.26466141519721303,0.0,0.0,0.0,0.0,0.30496229532009095,0.34053455310969083,0.31372364099505895,0.0,0.0,0.0,0.0,0.0,0.0,0.0,0.0,0.0,0.0,0.0,0.0,0.0,0.0,0.0,0.0,0.0,0.08199396429629087,0.0,0.0,0.0,0.0,0.0,0.0,0.0,0.0,0.0,0.1232304616783079,0.0,0.2584900363919772,0.18055314150078236
0.0,0.1080361679772438,0.0,0.18827157125860752,0.0,0.0,0.045043992908709626,0.0,0.0,0.296737641642804,0.0,0.0,0.1651819369833732,0.18606295472257006,0.0,0.619744044966796,0.5707615481385101,0.4885024821192858,0.0,0.0,0.0,0.0,0.0,0.0,0.0015830322607325573,0.0,0.0,0.15556315837545182,0.0,0.25135925943002435,0.0,0.29721273249779334,0.0,0.46555376811749655,0.4244630891655054,0.19116020725040292,0.30779813436949127,0.33130819614481116,0.09620000982211818,0.0,0.1788056970779808,0.09764946787276815,0.13907831916879398,0.22255832290803046,0.3563245399654746,0.0,0.0,0.0,0.04878627575581656,0.0,0.0,0.0,0.0,0.0,0.0,0.0,0.0,0.0,0.0,0.0,0.0,0.0,0.08314033066926961,0.0,0.0,0.0,0.0,0.0,0.0,0.0,0.0,0.0,0.0,0.0,0.04818573591713069,0.2843594318067167
0.27861977274644883,0.0,0.0,0.2156762941746917,0.0,0.0,0.0,0.0,0.0,0.1383719841034492,0.0,0.08330011010311279,0.13571049645718045,0.45859905086267927,0.0,0.15228048587111942,0.10310058612257147,0.0,0.0,0.0,0.0,0.0,0.0,0.26277259305029066,0.0,0.15324880545629174,0.0,0.07985879302957974,0.0,0.055447259776791165,0.29721273249779334,0.0,0.26187273306953984,0.6478402528333168,0.5347660440425944,0.10176419604466026,0.22896763672991677,0.33131111039661215,0.7774924257060403,0.19613031064622793,0.43859918143620247,0.3071844651211386,0.20631141768502684,0.0,0.4284051671601089,0.2373103117289689,0.0,0.0,0.07818419013397043,0.0,0.0,0.0,0.0,0.0,0.0,0.0,0.031754929300735736,0.03383429463955019,0.0,0.0,0.0,0.0,0.0,0.0,0.0,0.0,0.0,0.0,0.2649501694927195,0.0,0.24427637200694446,0.0,0.0,0.0,0.17479456762156362,0.12733043930853266
0.6913482275914834,0.18251708788115517,0.07740540650483152,0.16600384527942302,0.009795828783803827,0.0,0.0,0.18712126814860217,0.0,0.0,0.2862229232080402,0.49844388732147366,0.0,0.3784305651516318,0.058827691152048334,0.0,0.0,0.0,0.09845598105403762,0.0,0.0,0.0,0.29283601265993114,0.6480334122395977,0.3985835640044182,0.5131135418573386,0.0,0.0,0.0,0.0,0.0,0.26187273306953984,0.0,0.3301451748548357,0.17610916085947573,0.0,0.0,0.0,0.42228839274171864,0.5819073866338538,0.40095852082253564,0.37582040486714663,0.0,0.0,0.0,0.5714357232989323,0.13501389335328312,0.10192432510057686,0.2032319018209196,0.13635924956244447,0.251069072523261,0.11086662834529029,0.30745473628355857,0.24190182562453547,0.09532531425491433,0.3332367314880106,0.22052007474412672,0.28065119304360747,0.34107452244542213,0.06714899357837083,0.057674667165506,0.23098640726381778,0.0,0.08900978459749187,0.0,0.0759437204745669,0.0,0.2796400766894378,0.54922581036702,0.3065767884190837,0.40020737731564887,0.15958455926501114,0.0,0.1234997544880005,0.017870154472835097,0.0
0.24819030578588272,0.0,0.0,0.23173385546043712,0.0,0.0,0.0,0.0,0.0,0.03001937343008288,0.0,0.006431966819076441,0.07346995479829486,0.4322735548785451,0.0,0.2669818424386171,0.2223587312637991,0.05161872620022765,0.0,0.0,0.0,0.0,0.0,0.21380717276181152,0.0,0.02320204393051031,0.0,0.049234184251103916,0.0,0.0,0.46555376811749655,0.6478402528333168,0.3301451748548357,0.0,0.6555501813765324,0.1222312116564372,0.27322804231145476,0.3013469258807154,0.603374121280021,0.1346317780851649,0.5367137663574674,0.3259487712031321,0.05522350505037172,0.0,0.30355428359380066,0.17511803488106198,0.0,0.0,0.1324783558343208,0.0,0.0,0.0,0.0,0.0,0.0,0.0,0.0,0.0,0.08579787316410194,0.0,0.0,0.0,0.0,0.0,0.0,0.0,0.0,0.0,0.13667177984487958,0.0,0.07398686532159707,0.0,0.0,0.029886015270535738,0.0386851628189643,0.07941258087299523
0.1084141838300685,0.0,0.0,0.29641827162218287,0.0195112646219748,0.0,0.14543045097145899,0.0,0.0,0.09731819818098583,0.0,0.05256134222668009,0.3151918730756578,0.50043237835736,0.0,0.1934416999705273,0.2603880337080229,0.0632708835713531,0.0,0.0,0.0,0.0,0.0,0.15583832477575202,0.0,0.03163755425865408,0.0,0.2977980229990231,0.0,0.0,0.4244630891655054,0.5347660440425944,0.17610916085947573,0.6555501813765324,0.0,0.29348217117894626,0.4177212784326981,0.41096399880499535,0.41172124602752175,0.0,0.22165373327811436,0.3527840325282325,0.28293717091444576,0.11707233894292848,0.28056338111896506,0.0,0.0,0.0,0.1661055299339473,0.0,0.0,0.07943605506778906,0.0,0.0,0.09632703254279062,0.0,0.11479715571795465,0.14872824523470704,0.06691741493312109,0.0,0.0,0.0,0.0,0.0,0.0,0.0,0.0,0.0,0.04833931482704619,0.0,0.1261189455410777,0.0,0.0,0.0,0.13492896760681183,0.04126519230601392
0.0,0.01904788695950891,0.0,0.4361791737857038,0.22730208052053621,0.0,0.38030747027341155,0.05222014018384593,0.1180300987698836,0.0,0.0,0.18597031153542226,0.39379472250888414,0.3626955699721757,0.0,0.1166002699487891,0.0503263603872032,0.028363818137673635,0.0,0.0,0.0,0.0,0.0,0.0935605404278132,0.0,0.14646457267065893,0.0,0.3920476898280632,0.0,0.07446341339867774,0.19116020725040292,0.10176419604466026,0.0,0.1222312116564372,0.29348217117894626,0.0,0.5118069195577257,0.25307726927182683,0.0,0.0,0.0,0.05059991807393144,0.44378529221247104,0.4286005884868574,0.12581320327690462,0.0,0.0,0.0,0.1507172238064352,0.07262312731645407,0.0,0.14086309082443493,0.0,0.02308284355272511,0.04055040393794895,0.0,0.24181036997333122,0.18538411909734054,0.2333337845072349,0.0,0.0,0.04669226221937268,0.0,0.0,0.016209241536480956,0.0,0.0,0.0,0.020104264052561636,0.0,0.09694923866727978,0.0,0.16067865045501287,0.0,0.13650739503420667,0.0
0.0,0.037173172732169475,0.0,0.45498842578017823,0.1390810135984664,0.0,0.3668362302995726,0.0,0.03116494278727869,0.11658426468153225,0.0,0.10613204900017842,0.30277165019768704,0.3433404439917057,0.0,0.2833971439850956,0.1710988257198059,0.22225014642377489,0.0,0.0,0.0,0.0,0.0,0.08918720436443196,0.0,0.0,0.0,0.4393204681466443,0.0,0.20856556910884497,0.30779813436949127,0.22896763672991677,0.0,0.27322804231145476,0.4177212784326981,0.5118069195577257,0.0,0.30256851888968683,0.11735119409023491,0.0,0.030641875020098484,0.0,0.42188842198168647,0.4376255166969346,0.30320417003404687,0.0,0.0,0.0,0.14343894232514612,0.0,0.0,0.09898664907366432,0.0,0.0,0.14551865550704696,0.0,0.24469003968186012,0.04524226848666477,0.0674458712731818,0.0,0.0,0.08123601469014757,0.08128390752570934,0.0,0.0,0.0,0.0,0.0,0.0,0.0,0.0,0.0,0.06913302944183161,0.0,0.22012332836063167,0.13254567807672196
0.0,0.0,0.0,0.13503723878422746,0.0,0.00130444089068276,0.20026378700507844,0.03191337022281883,0.0,0.20601591025277832,0.0,0.10469117632521865,0.3726132617361383,0.23368383914851829,0.0,0.19874548255604516,0.42916353258607326,0.2558752534722941,0.0,0.0,0.0,0.0,0.0,0.0,0.0,0.0021891127265894934,0.0,0.43760560621580485,0.03181118680128862,0.26466141519721303,0.33130819614481116,0.33131111039661215,0.0,0.3013469258807154,0.41096399880499535,0.25307726927182683,0.30256851888968683,0.0,0.12075795547443247,0.0,0.035465590213781296,0.14750101690766335,0.42010376707386765,0.2845698652157265,0.40768542585371415,0.0,0.0,0.0,0.20204234423186013,0.0,0.0,0.0,0.0,0.0,0.14448168381619375,0.0,0.26150997157559996,0.060218444487598506,0.0,0.0,0.0,0.0,0.0,0.0,0.0,0.0,0.0,0.0,0.0,0.0,0.05576016571904855,0.0,0.030712703604331176,0.0,0.09892521387733767,0.0
0.5259840420388644,0.0,0.0,0.1872528837181481,0.0,0.0,0.0,0.011019693971574561,0.0,0.02865786161488099,0.0,0.13848416056873528,0.0,0.4076589034741578,0.0,0.0060125896879907525,0.0,0.0,0.0,0.0,0.0,0.0,0.0,0.37284280473952747,0.036281301275900846,0.21489890868202702,0.0,0.0,0.0,0.0,0.09620000982211818,0.7774924257060403,0.42228839274171864,0.603374121280021,0.41172124602752175,0.0,0.11735119409023491,0.12075795547443247,0.0,0.4051940478926159,0.5418130919965859,0.43472347626687136,0.01973861834974138,0.0,0.2922635113429558,0.4481858661362725,0.0,0.0,0.01942762816005217,0.0,0.0,0.0,0.039987261037601994,0.0,0.0,0.01858055958122785,0.03895339713552685,0.09958342765018356,0.07273983782099738,0.0,0.0,0.04872614753727894,0.0,0.0,0.0,0.02083905808347305,0.0,0.008596539657201814,0.4081361278526962,0.12095900469910313,0.3369960156116552,0.0,0.0,0.15843626074551456,0.1365705867168077,0.13223848268824312
0.4796397225788697,0.007394736137842983,0.0,0.0,0.0,0.049103368242109605,0.0,0.14325012586426328,0.0,0.04200962498631086,0.14395315719673615,0.16559293413308113,0.0,0.09239580940160008,0.09915990346896557,0.0,0.0,0.0,0.0,0.0,0.26570653277364986,0.0,0.1500042435259253,0.3141969633713657,0.3118274131141318,0.2034652994269592,0.0,0.0,0.0,0.0,0.0,0.19613031064622793,0.5819073866338538,0.1346317780851649,0.0,0.0,0.0,0.0,0.4051940478926159,0.0,0.27590086324878804,0.19295346310592246,0.0,0.0,0.0,0.5000928002887062,0.03225891628099763,0.0,0.0,0.0,0.23824764900719655,0.0,0.3021709135449142,0.09989908782197085,0.0,0.2202200239502102,0.0,0.07648782162590104,0.0,0.04295075889603699,0.17890344406217915,0.05328269298034538,0.0,0.0,0.0,0.2654019998122611,0.0,0.22739158308381097,0.3193641223646405,0.23957242767539727,0.11438001237636368,0.08878509391504182,0.0,0.1090751423542815,0.0,0.0
0.47882002901197523,0.0,0.0,0.16388930066645852,0.0,0.0,0.0,0.0,0.0,0.037779157620659864,0.0,0.12614195382674906,0.0,0.324022037046845,0.0,0.03204415085957375,0.0,0.0,0.0,0.0,0.0,0.0,0.0,0.37417096805223027,0.12282805789536641,0.15738172769614434,0.0,0.0,0.0,0.0,0.1788056970779808,0.43859918143620247,0.40095852082253564,0.5367137663574674,0.22165373327811436,0.0,0.030641875020098484,0.035465590213781296,0.5418130919965859,0.27590086324878804,0.0,0.33846561307928313,0.0,0.0,0.10687930336515873,0.3516501893752407,0.0,0.0,0.09549244434595716,0.0,0.0,0.0,0.0,0.0,0.0,0.0,0.03188957843751718,0.0,0.08950571415604337,0.0,0.0,0.0,0.0,0.0,0.0,0.0,0.0,0.0,0.39289548875516234,0.10016532730906544,0.2382374698678172,0.0,0.0,0.23232354594750973,0.025562347503186,0.29291117933242344
