0.0,0.0,0.24443801252706968,0.0,0.0,0.0,0.16264370570622602,0.10862324266993828,0.20252397922319906,0.322860965259828,0.11789327116340093,0.03623589567338507,0.0,0.18393916634818946,0.4259072913334649,0.4609934290676633,0.1408859984604935,0.06035947579563979,0.2615688714839608,0.22641660039036934,0.261122925761716,0.4624077611986498,0.37110348720619873,0.5350664227992957,0.0,0.27416516706402017,0.37700429826002607,0.0,0.18454874061271,0.2455566144518794,0.47975732327625065,0.5310466029905863,0.41323143842151905,0.2660997579250538,0.18125746616928076,0.0,0.0508964414442953,0.40795332460549677,0.5416207117051659,0.4012095527874737,0.3787644424283867,0.3138555734774788,0.3396293065832332,0.3585470972643444,0.5250825198307979,0.7164108465603624,0.20958642883911668,0.3271428230503646,0.0,0.22438793525571565,0.0,0.3194137149961325,0.1439845765447847,0.379484982090591,0.5679160926769004,0.4703659725252799,0.2201069285262387,0.34293092652379303,0.0,0.3909255137311712,0.2542444691471695,0.44690554370579516,0.27298584990931746,0.3495350202787299,0.0020295583236972174,0.497220899316098,0.3602604393265619,0.28126740049365867,0.409928747122546,0.47560116096669375,0.47740874411804396,0.02890857694357535,0.12966350110898361,0.12584882974945055,0.4622423805959716,0.42439627429795657
0.0,0.0,0.0,0.005472485589995627,0.0,0.7424237248063424,0.0,0.17942518376016917,0.0,0.3545888547217868,0.0,0.7305972668590422,0.0,0.0,0.09680666798104123,0.41194464135144854,0.6138003848279325,0.7739658451041668,0.0,0.3635144108170019,0.3432917177552277,0.330168147650222,0.0,0.3328600598523689,0.8435020351855486,0.8651167719944977,0.0,0.0,0.3815138114418807,0.0,0.2906208672505521,0.0,0.3744515388319579,0.1923525833764941,0.0,0.0,0.04821265442417783,0.0,0.0,0.44347664929030023,0.09501157460871329,0.015930696751722966,0.0,0.19025836476398414,0.0,0.13464624818220539,0.8071199714961442,0.0,0.029474856085839128,0.0,0.6550406496114282,0.0,0.29221363356969376,0.0,0.0,0.0,0.2385208700362255,0.19841516914738408,0.0,0.24408985064580224,0.36259689868622674,0.0931396232012748,0.2911202279768539,0.0,0.4067120979203834,0.15019441609669365,0.31768071397882436,0.0,0.417710834210276,0.47302990450842736,0.5722806769326895,0.1502901029091047,0.3455548884910688,0.4553948354902738,0.0,0.18812458341502486
0.24443801252706968,0.0,0.0,0.0,0.2642257414006302,0.0,0.3480355904770881,0.20450690247253225,0.6194330189098484,0.008271629428709385,0.7051770397368259,0.0,0.30515163832041353,0.318558138540812,0.6055666647757616,0.0,0.0,0.0,0.7224161252370751,0.4062545627452166,0.0,0.42224075132931027,0.8245865989891169,0.06477067862778693,0.0,0.0,0.5247300673486631,0.25305640141675667,0.11794677681677912,0.5454776751994954,0.0425153455037081,0.2584008500898921,0.0,0.0,0.1576984024729558,0.21246091250136667,0.0,0.214491093870572,0.1813915184186184,0.0,0.0,0.0,0.31302425043758303,0.0,0.3728959280242184,0.06845777668285073,0.0,0.877665006338339,0.0,0.5299714260497707,0.0,0.4071577519312115,0.25272322065018843,0.7090229380392278,0.4742088309090514,0.7872803945778997,0.29214022937595746,0.37212151963892753,0.0,0.5374873120466357,0.0,0.44835676497270327,0.10031060642400885,0.6222527187928966,0.15327861943995624,0.22642855368166465,0.3367314623321933,0.6930275342055087,0.0,0.06674111351836902,0.1563074134541185,0.1003497019558661,0.0772016000688085,0.0,0.47355723306283204,0.08383351376281312
0.0,0.005472485589995627,0.0,0.0,0.20701883649470415,0.058815335899814795,0.15873036227753592,0.0,0.0,0.0,0.0,0.0,0.3183727692697706,0.0,0.0,0.0,0.0,0.0,0.0,0.0,0.0,0.0,0.0,0.0,0.0,0.0,0.0,0.23413994557508971,0.0,0.0,0.0,0.0,0.0,0.0,0.05368383255357612,0.1681793047692002,0.0,0.0,0.0,0.0,0.0,0.0,0.0,0.0,0.0,0.0,0.0,0.0,0.6430702746885327,0.0,0.0,0.0,0.0,0.0,0.0,0.0,0.0,0.0,0.0315501011911047,0.0,0.0,0.0,0.0,0.0,0.0,0.0,0.0,0.0,0.0,0.0,0.0,0.0,0.0,0.0,0.0,0.0
0.0,0.0,0.2642257414006302,0.20701883649470415,0.0,0.0,0.3875008302675436,0.0,0.46263591130693915,0.0,0.2893810911690055,0.0,0.7247768426112552,0.689562188672881,0.1844521746957343,0.0,0.0,0.0,0.11227057783933557,0.04958252082054487,0.0,0.08881095753752766,0.26973701616201734,0.0,0.0,0.0,0.40176864181671257,0.7821003110120929,0.0448257388782254,0.16994247963149303,0.0,0.0,0.0,0.0,0.054860617247868164,0.34832260926189174,0.0,0.03781068046714972,0.005712484706118683,0.0,0.0,0.0,0.2254316085667741,0.0,0.13859632273985473,0.0,0.0,0.23458650972828277,0.08931412308787935,0.744205205502735,0.0,0.5820784952223034,0.0,0.43839024009260036,0.1522439224987719,0.33142565751135916,0.0042910050420218206,0.15930818953459341,0.2808047295552083,0.06364007481229231,0.0,0.19243401017228678,0.11259852089020402,0.09229499420354724,0.0,0.0,0.14770480998161123,0.14250052916669886,0.0,0.04632633896087572,0.0,0.2193397206060604,0.0,0.0,0.09606899295025244,0.0
0.0,0.7424237248063424,0.0,0.058815335899814795,0.0,0.0,0.0,0.3860653272212578,0.0,0.17069785649866456,0.0,0.625342500323634,0.0,0.0,0.0,0.07063845778242564,0.4654531971745238,0.6075730539689291,0.0,0.29617443609608457,0.2387054226356633,0.15471964069450744,0.0,0.11186504848269739,0.6719600389249497,0.5787731692510625,0.0,0.0,0.49330406182723363,0.0,0.05380043792765759,0.0,0.09081596203122942,0.0,0.0,0.0,0.0,0.0,0.0,0.21669535723718814,0.0,0.0,0.0,0.0,0.0,0.0,0.5585887484704775,0.0,0.19907312182124237,0.0,0.6819127959052914,0.0,0.4006135508063161,0.0,0.0,0.0,0.16483541255487688,0.12364714830711385,0.0,0.10981171583861504,0.33257354428705177,0.0,0.24070156656730465,0.0,0.2529962961643605,0.0987537930924951,0.11899015786242546,0.0,0.16013053959103307,0.33121740746158723,0.3592131796558636,0.1323718390297289,0.0992240450730157,0.24740189685117384,0.0,0.0
0.16264370570622602,0.0,0.3480355904770881,0.15873036227753592,0.3875008302675436,0.0,0.0,0.12161131577548114,0.38092081603565675,0.3364149715768902,0.2950334232472717,0.0,0.41545591716989716,0.25775383974913874,0.0708170269115455,0.2032274202396877,0.2580745837793828,0.0,0.2946010240442005,0.0,0.0,0.14357935332151847,0.3180356322854376,0.09573883024486222,0.0,0.0,0.21664374306734144,0.17067067131422028,0.0,0.16134702418587127,0.0,0.5219532517630732,0.03974590365798798,0.10289093790009843,0.17140784803568931,0.0,0.0,0.5008228494553739,0.5079768185731612,0.0,0.28593413415130564,0.14642601192653612,0.3239048506097937,0.16381513245187007,0.5839914951524021,0.0,0.0,0.30819996043489384,0.1515546909303939,0.3805896871562237,0.0,0.5822438555137007,0.17829088069297977,0.36112223144076755,0.45043473708800935,0.40171689609781,0.40868346235218544,0.39892180795792587,0.0,0.1876795515191817,0.0,0.1704665929001258,0.0,0.24804217462019953,0.0,0.10953484893108366,0.03367817339053556,0.3230378471593903,0.0,0.23025869714619138,0.0,0.0,0.10708737771044305,0.0,0.21535125324294763,0.0011380578700622935
0.10862324266993828,0.17942518376016917,0.20450690247253225,0.0,0.0,0.3860653272212578,0.12161131577548114,0.0,0.0,0.07106616573880124,0.055860984574231956,0.30852565421513106,0.0,0.0,0.07683699514858633,0.0,0.06162971329229391,0.0,0.27329852337623317,0.17042834472630058,0.4188772079872635,0.030712312475221354,0.42672880411588016,0.0,0.08601904937824888,0.037982300544729695,0.0,0.0,0.09892513020468761,0.4250802215845974,0.12059235593494297,0.3404112903310629,0.0,0.0,0.22887351348171142,0.04224152337212053,0.10988704906776656,0.012742841749718877,0.08467804732295336,0.0,0.0,0.0,0.24925900874819612,0.0,0.02888643902929832,0.0,0.07665604072003665,0.1735202418926551,0.0,0.0,0.14273597817277406,0.0,0.7152815893662466,0.0,0.10630984954377196,0.10957359944084602,0.37464025246905025,0.0,0.1137766277392174,0.14273984460084563,0.0,0.0,0.0,0.20964316110965187,0.0,0.23816155660871122,0.0,0.4415115888983569,0.0,0.03859903466724074,0.04847680131883551,0.0,0.0,0.0,0.0,0.0
0.20252397922319906,0.0,0.6194330189098484,0.0,0.46263591130693915,0.0,0.38092081603565675,0.0,0.0,0.0500488195019619,0.5971719704699052,0.0,0.6126327021112535,0.4977179176051158,0.5240603610341469,0.0,0.0,0.0,0.4907843602448663,0.29113871164883565,0.0,0.4413204904524947,0.6379418204387183,0.1707680597590978,0.0,0.0,0.7039317630491508,0.4152723063567581,0.15707883630086197,0.24084044558333847,0.0,0.0843889074839799,0.0,0.0,0.0,0.0,0.0,0.16835572972833926,0.1423766367432059,0.0,0.0,0.0,0.11459369190932028,0.11080318667478352,0.3398075794842519,0.09817373626985511,0.0,0.6762838999591547,0.005903447102946391,0.7687676667641108,0.0,0.6992017406104984,0.11617230139589095,0.9036517226780569,0.590276784025927,0.7056816406399699,0.25233259014722004,0.6560000921314563,0.0,0.3847945765602931,0.18880227379233985,0.6718106145344848,0.4232971602731164,0.424569670203617,0.1992243724116471,0.16799838749211313,0.4933481808304486,0.5151981951398075,0.0,0.24568006331742728,0.2979382836832839,0.3039286651229685,0.27060916172830873,0.0,0.25070914851992443,0.1774405593207407
0.322860965259828,0.3545888547217868,0.008271629428709385,0.0,0.0,0.17069785649866456,0.3364149715768902,0.07106616573880124,0.0500488195019619,0.0,0.0,0.6531734809258001,0.0,0.005937582500500819,0.00712833342643221,0.6209848400151894,0.8638304083222489,0.5342753382700635,0.2348550642458558,0.13601675167465668,0.1505855356614071,0.34470724277014836,0.0318736129921686,0.5754955180310715,0.3804669571669552,0.5560835780094622,0.11372443933101822,0.0,0.16561337494693223,0.0,0.4156375991120759,0.48073467818935633,0.6989337492801466,0.3650640193427637,0.0,0.0,0.0,0.3682046613409393,0.4848785700478526,0.718863412025488,0.5878409336419231,0.23595849605703265,0.07309904855845899,0.6057764188814402,0.4790547761478035,0.31926545508134024,0.43335692021948213,0.09740467943656252,0.0,0.0,0.015782308934430233,0.26628971656608363,0.30566181123008274,0.0568791314639018,0.6335364933429699,0.17524592106660938,0.3365417932129346,0.4464714983173416,0.0,0.2850843345532557,0.47601456168445627,0.34406589055575737,0.46563887719800007,0.3789715195146363,0.06562988887238108,0.315000944265634,0.34616274064485064,0.04774499095158715,0.5184961109806608,0.64311685444411,0.5035569708317998,0.0,0.3570969184390738,0.06845397299681842,0.17357657240257857,0.43312702255017754
0.11789327116340093,0.0,0.7051770397368259,0.0,0.2893810911690055,0.0,0.2950334232472717,0.055860984574231956,0.5971719704699052,0.0,0.0,0.0,0.375984916561927,0.22817226223745807,0.24776065867133934,0.0,0.0,0.0,0.6494650564951095,0.03370336408770972,0.0,0.04121377826694592,0.6145099166935122,0.0,0.0,0.0,0.33584105811985604,0.0726947587450592,0.03436124561245027,0.5081053220280456,0.0,0.07183880069281663,0.0,0.0,0.130798025309197,0.34359458195824183,0.0,0.0,0.0,0.0,0.0,0.0,0.14286149013715826,0.0,0.10217401353292839,0.0,0.0,0.6404806267155057,0.028760363550761874,0.4098455821612397,0.0,0.2594907614855117,0.0,0.5578041497208943,0.2870849557525956,0.6108535088040448,0.0,0.11866370768083201,0.0,0.1743589862529635,0.0,0.3431567014989298,0.050645732314533405,0.519600767758927,0.0,0.0,0.040839617708516775,0.4267227629036632,0.0,0.0,0.0,0.0002473054096712612,0.0,0.0,0.10495175908172767,0.0
0.03623589567338507,0.7305972668590422,0.0,0.0,0.0,0.625342500323634,0.0,0.30852565421513106,0.0,0.6531734809258001,0.0,0.0,0.0,0.0,0.07870057482629515,0.3991496484386332,0.7860112103018232,0.6910076760356253,0.0,0.37198255477698233,0.43439784050950203,0.3017470879946176,0.0,0.49927067175409806,0.6761880372910739,0.7072451883630843,0.0,0.0,0.22988464586652965,0.0,0.3264385773347068,0.06064912742531922,0.4639259531482125,0.3428262281515317,0.0,0.0,0.13181881390892827,0.08502629789638358,0.10272519530531282,0.5481582571011233,0.3803844209430429,0.13176170480412466,0.0,0.43844493365792453,0.07305512417778552,0.15886519571552238,0.6075108631245996,0.0,0.0,0.0,0.47343933366695434,0.0,0.5301107568891594,0.0,0.19687108169527973,0.0,0.5914501010366604,0.2864786981836063,0.0,0.30273690496408834,0.3357788772291164,0.11227994821372174,0.29545783721597335,0.07759310527568458,0.33708248184440415,0.3038039260949785,0.2711008307540608,0.0,0.49371329483669635,0.4133720929345315,0.48787658972122905,0.018508750745067738,0.4674260159839748,0.2134298576356761,0.0566619810498918,0.31877792805710514
0.0,0.0,0.30515163832041353,0.3183727692697706,0.7247768426112552,0.0,0.41545591716989716,0.0,0.6126327021112535,0.0,0.375984916561927,0.0,0.0,0.5240206299938353,0.2139127861747666,0.0,0.0,0.0,0.1291212747639758,0.0288311410788176,0.0,0.11737080208853484,0.30243076662220264,0.0,0.0,0.0,0.3555433066286275,0.7671857099319995,0.0,0.053557885265218506,0.0,0.0,0.0,0.0,0.0,0.2601928426589922,0.0,0.011562595402357998,0.0,0.0,0.0,0.0,0.07080780639289865,0.0,0.09945554716087979,0.0,0.0,0.318252719868679,0.1868698318079313,0.6241591633370198,0.0,0.531055597940721,0.0,0.5421155542204683,0.19595208502733516,0.33390695632679845,0.204185810514677,0.41677795772445025,0.0,0.04164862088749092,0.0,0.42630985360002666,0.17159536502294223,0.04272576270487371,0.13605450825266752,0.0,0.23683441772552852,0.13535297975674984,0.0,0.0,0.041245392747953025,0.22207335757267813,0.2328728568310877,0.0,0.16148125975091693,0.0
0.18393916634818946,0.0,0.318558138540812,0.0,0.689562188672881,0.0,0.25775383974913874,0.0,0.4977179176051158,0.005937582500500819,0.22817226223745807,0.0,0.5240206299938353,0.0,0.31816043834239205,0.10295897092284177,0.0,0.0,0.30575122766367346,0.1489215158918376,0.0,0.28504125985631606,0.3723116773226529,0.19483279338974901,0.0,0.0,0.49373452202909013,0.6059382585850613,0.08275587903113082,0.19670076012179336,0.08447817292776515,0.10495716700697175,0.0,0.0,0.0,0.07690414746908282,0.0,0.21133866465556933,0.1770997562077403,0.0,0.09816386589628413,0.10494903908290139,0.3182564898921517,0.3965025637295268,0.2886792780718292,0.06416468720501686,0.0,0.4513369952713782,0.0,0.6757431696028325,0.0,0.5895789980910885,0.0,0.538883514689464,0.45212978025651257,0.46320490784116153,0.07604913254945023,0.3513269635538952,0.21552861496877657,0.1994652556825123,0.20449674205105484,0.42453178994979646,0.38083422247170773,0.36153046890532003,0.08818461641855188,0.03900596560191408,0.37762321729857196,0.2394376252825182,0.10182205589093818,0.22494476031210422,0.22862133649022473,0.21618285360225345,0.17301708134154345,0.0,0.32524910491620795,0.29969275569581466
0.4259072913334649,0.09680666798104123,0.6055666647757616,0.0,0.1844521746957343,0.0,0.0708170269115455,0.07683699514858633,0.5240603610341469,0.00712833342643221,0.24776065867133934,0.07870057482629515,0.2139127861747666,0.31816043834239205,0.0,0.10992389105656433,0.04798957614095107,0.10341093057180024,0.4215061715053816,0.765394280063767,0.3126529617063026,0.8186682897400727,0.6596409453983788,0.42367929079440914,0.0,0.3398350370748031,0.734753595694226,0.4158900222321112,0.4349729537765807,0.19310884637520986,0.3132118172240184,0.030116432007759597,0.10041920085126724,0.0,0.0,0.0,0.0,0.18413563725901633,0.09573793071453596,0.09878195780924054,0.04245582353444002,0.0401995593667519,0.1693878509813862,0.1629002777165129,0.23474858528490392,0.32706538369005017,0.2855639981854944,0.5951433572180016,0.0,0.5734048598299418,0.17014172774298947,0.44137382801020447,0.33147700581748046,0.6580072249249833,0.44667736669567787,0.6572187006624977,0.4075424303946496,0.5481034836831132,0.0,0.8647162051475014,0.24555222740824614,0.5652396979352623,0.40821942693934954,0.40159691649684226,0.612736652777733,0.5429520039686943,0.7446930113359476,0.5811477975634735,0.3279750305904983,0.3239458367574885,0.5848975003103425,0.4913547078585155,0.4136777889341905,0.3515481096540757,0.4591035413423133,0.4260340436148436
0.4609934290676633,0.41194464135144854,0.0,0.0,0.0,0.07063845778242564,0.2032274202396877,0.0,0.0,0.6209848400151894,0.0,0.3991496484386332,0.0,0.10295897092284177,0.10992389105656433,0.0,0.6322246499937283,0.5674963177568331,0.026760448045651274,0.23214340227286023,0.2149598314416996,0.4800547532830759,0.0,0.5791847499786883,0.3462770295614743,0.5419074935870837,0.1268619657242818,0.0,0.1311040922622238,0.0,0.582738801999994,0.3817137191178677,0.7289170138136929,0.5569380487481036,0.0,0.0,0.06196464072170328,0.42574928807187323,0.5189347998457947,0.5966095300292252,0.5687590864930562,0.4031447671779656,0.17906597703484556,0.6217439559078364,0.43015695418492716,0.41936069839005974,0.500714477756336,0.0,0.0,0.043980634666257894,0.11364935798552782,0.24466820954354718,0.1946048831595485,0.04368998288381801,0.4891752415527278,0.12543635742418724,0.30691685372136884,0.4299733379929639,0.0,0.28519861958924597,0.42858257277938555,0.36593116438109397,0.4277210509151761,0.18992413733574207,0.17457775759664942,0.27964097017198053,0.4213560887480669,0.0,0.5233693337621483,0.5791943598331882,0.4876129165132602,0.0,0.4726574781870243,0.256073192685514,0.37974874643116485,0.541115818006458
0.1408859984604935,0.6138003848279325,0.0,0.0,0.0,0.4654531971745238,0.2580745837793828,0.06162971329229391,0.0,0.8638304083222489,0.0,0.7860112103018232,0.0,0.0,0.04798957614095107,0.6322246499937283,0.0,0.7842491743459854,0.0,0.26168816701625186,0.21119199787282328,0.4031765379549469,0.0,0.5404950973750833,0.6101869585718358,0.7077935284821362,0.07923056362770503,0.0,0.2811282195451851,0.0,0.37678364014506227,0.20460610891005734,0.6734244156990663,0.36901613905645986,0.0,0.0,0.0,0.25505152958624966,0.27785255710682377,0.6580332195106305,0.496802573130541,0.1742363446984157,0.0,0.6024643746209153,0.30120383898240083,0.20005660414223544,0.6278614012910543,0.0,0.03135273743055963,0.0,0.2609917584845249,0.269025131608998,0.3598750535051169,0.0,0.48953103391596814,0.0,0.41061768024040096,0.5184304672440613,0.0,0.31533330099043466,0.5957506313355098,0.32675454411625543,0.5249662207895432,0.1660209286250544,0.2571679297844745,0.3270665294527459,0.41567746860285887,0.0,0.5308111597577786,0.6352897284937316,0.5241406163163143,0.004868827260848836,0.530581002082327,0.22896056746329338,0.07592820394078492,0.44987934571225296
0.06035947579563979,0.7739658451041668,0.0,0.0,0.0,0.6075730539689291,0.0,0.0,0.0,0.5342753382700635,0.0,0.6910076760356253,0.0,0.0,0.10341093057180024,0.5674963177568331,0.7842491743459854,0.0,0.0,0.3959761978266663,0.29364882821111415,0.45874159611779197,0.0,0.46618211148641236,0.8256877703881477,0.8276871782899403,0.08944324964332016,0.0,0.5218322991516078,0.0,0.39624540130237673,0.0,0.5886426419699536,0.2731765332284826,0.0,0.0,0.0,0.0,0.0,0.6524207556636655,0.20032743230322655,0.07647143951973057,0.0,0.3853283329956802,0.0,0.17914467176696677,0.7903221633076364,0.0,0.08405685966367556,0.0,0.46840883267801947,0.09885061784778942,0.22795894702865463,0.0,0.12808021408980608,0.0,0.20372486670465867,0.3145548979932566,0.0,0.3264771808206736,0.6709445560398617,0.1416189823278409,0.4731566100286157,0.0,0.45863619678379275,0.3056230324619122,0.44466291479156855,0.0,0.5554588233752562,0.5770992170416049,0.5625619753254942,0.23871578749283248,0.43106154619815606,0.5479619408091386,0.0,0.358377177362025
0.2615688714839608,0.0,0.7224161252370751,0.0,0.11227057783933557,0.0,0.2946010240442005,0.27329852337623317,0.4907843602448663,0.2348550642458558,0.6494650564951095,0.0,0.1291212747639758,0.30575122766367346,0.4215061715053816,0.026760448045651274,0.0,0.0,0.0,0.3335856218098112,0.0,0.3562625111200694,0.7077876921215669,0.09012506596320947,0.0,0.0,0.38910538648443116,0.05123433336231601,0.1909761174857045,0.498328037642371,0.08949855157701218,0.31474284438269917,0.0,0.0,0.02258395799214381,0.028912887711153933,0.0,0.10843152507727914,0.1984836369117609,0.0,0.0,0.0,0.23734520479676094,0.12875880117958863,0.25658077419299574,0.08885723166706729,0.0,0.8137081543862725,0.0,0.40784787642295695,0.0,0.31549312651623085,0.284545828925476,0.5483328762083195,0.5372237165000256,0.7250497981393068,0.200291535537485,0.27391119631929794,0.0,0.4310780066453475,0.06533258665168379,0.4559170911259344,0.25464646870479124,0.8676584712815909,0.04382208751745095,0.20352678616360143,0.28034238171946824,0.6126299792784403,0.0,0.14177225991965284,0.11481976526871374,0.015745681826360727,0.0,0.0,0.3291504771436847,0.08535814203046153
0.22641660039036934,0.3635144108170019,0.4062545627452166,0.0,0.04958252082054487,0.29617443609608457,0.0,0.17042834472630058,0.29113871164883565,0.13601675167465668,0.03370336408770972,0.37198255477698233,0.0288311410788176,0.1489215158918376,0.765394280063767,0.23214340227286023,0.26168816701625186,0.3959761978266663,0.3335856218098112,0.0,0.2935094506109621,0.8701197679625674,0.4377254185332223,0.3624861454732867,0.17719255780987053,0.5008800121912439,0.5389722202998343,0.3356197639387515,0.6413177769578949,0.046676067943272705,0.4245453028223754,0.0,0.1270995364735584,0.0,0.0,0.0,0.0,0.0,0.0,0.15729922809472752,0.0,0.0,0.07934960966457649,0.25417614369745817,0.02535496582542382,0.2349829437637273,0.47442471576640033,0.32279734549312117,0.0,0.40961673708891283,0.3524952673069297,0.3127150933232214,0.4295356145377682,0.31569103290631223,0.3338401326077703,0.3325201278846377,0.42926645309028927,0.4455259427724934,0.08111957925310738,0.7974421994714991,0.4111459976283288,0.4007772978342052,0.4391828466723699,0.29573421576761855,0.7892052741574866,0.5368743736109688,0.7607603079774807,0.4222918698958848,0.30876643570915796,0.3762108461833012,0.5457181460425926,0.4183857473075191,0.47989280958779895,0.43253440723792036,0.30464829674119653,0.3983532195143148
0.261122925761716,0.3432917177552277,0.0,0.0,0.0,0.2387054226356633,0.0,0.4188772079872635,0.0,0.1505855356614071,0.0,0.43439784050950203,0.0,0.0,0.3126529617063026,0.2149598314416996,0.21119199787282328,0.29364882821111415,0.0,0.2935094506109621,0.0,0.26435390140327547,0.0824787775683868,0.34109058335987613,0.38841198004387395,0.36041322931367015,0.0,0.0,0.21391130227223532,0.06169132123487002,0.44983407526701014,0.05666193683537872,0.31675554239000475,0.31685823340858194,0.12190668388639915,0.0,0.239746822568603,0.09859081795769972,0.039882310101576814,0.26945587686779193,0.04513276942981664,0.13280011150506504,0.023007889910958288,0.13494092751905856,0.0,0.41934289005748615,0.3292637684830662,0.0,0.0,0.0,0.23977828645852364,0.0,0.4308361689392617,0.0,0.003464384706523661,0.0,0.2752410257439986,0.06473233202456831,0.0,0.3355852586326602,0.11968546752537938,0.0,0.03429940295606454,0.03448600796306788,0.2003115583540429,0.6113302085601608,0.106688655320189,0.13848745039529073,0.37456799592023726,0.0612727845067597,0.2627510525466951,0.0,0.17172084166825555,0.2509102059385779,0.2007388448190812,0.28212916435168184
0.4624077611986498,0.330168147650222,0.42224075132931027,0.0,0.08881095753752766,0.15471964069450744,0.14357935332151847,0.030712312475221354,0.4413204904524947,0.34470724277014836,0.04121377826694592,0.3017470879946176,0.11737080208853484,0.28504125985631606,0.8186682897400727,0.4800547532830759,0.4031765379549469,0.45874159611779197,0.3562625111200694,0.8701197679625674,0.26435390140327547,0.0,0.48013422257681865,0.552623546805475,0.14185454013601279,0.5972318220327754,0.6975821874903494,0.33304302809355635,0.5762587993106615,0.0,0.49169853723407897,0.08161793794924872,0.33426422904861836,0.13704393602306097,0.0,0.0,0.0,0.20613686854937371,0.15080617848142822,0.3221238456339417,0.17630159521400868,0.09063415863174909,0.10395831466552943,0.38977232117864963,0.2692641601502978,0.42269732772707214,0.5167555062630937,0.4075345005898429,0.0,0.5200345299455917,0.25732752578124535,0.5223551896669668,0.3518864334731892,0.5190342773317632,0.5798881772915385,0.5583906472834288,0.4476100314400816,0.6661626656181796,0.0,0.8643379537449214,0.5135934595550836,0.584426659881874,0.5804689293744186,0.39667944778957825,0.7100272965856168,0.6043839466551835,0.8952103455764815,0.4353093026681191,0.4678888818900861,0.5785306830459678,0.6976297479397361,0.4734744147847713,0.5807280789390957,0.45935398612882394,0.40263243876952237,0.5639065827139559
0.37110348720619873,0.0,0.8245865989891169,0.0,0.26973701616201734,0.0,0.3180356322854376,0.42672880411588016,0.6379418204387183,0.0318736129921686,0.6145099166935122,0.0,0.30243076662220264,0.3723116773226529,0.6596409453983788,0.0,0.0,0.0,0.7077876921215669,0.4377254185332223,0.0824787775683868,0.48013422257681865,0.0,0.09947974564587228,0.0,0.0,0.6733767132479075,0.24889835942292426,0.33158924925908073,0.5617002597051743,0.1030175098577621,0.3419858068305457,0.0,0.0,0.1473987769442111,0.055931122372136786,0.0,0.1668784571616395,0.19686004306648294,0.0,0.0,0.0,0.29660486684590404,0.0710103216702597,0.3165528186090341,0.14749388592303808,0.0,0.8305990394903007,0.0,0.6053215987863695,0.0,0.5143249310209144,0.4246212160670418,0.7278040920021192,0.5927936229738564,0.7875847722976645,0.34509952017197476,0.456159632815163,0.0,0.5416203775981686,0.028945966944259802,0.534653771067049,0.22588935265822,0.6444135980310565,0.09679469948818553,0.34150490614920004,0.3421063213910812,0.9192258836134342,0.0,0.23447553338395016,0.2929318114024181,0.2757593537043371,0.027969205704086803,0.0,0.3212015245748329,0.07035695166561967
0.5350664227992957,0.3328600598523689,0.06477067862778693,0.0,0.0,0.11186504848269739,0.09573883024486222,0.0,0.1707680597590978,0.5754955180310715,0.0,0.49927067175409806,0.0,0.19483279338974901,0.42367929079440914,0.5791847499786883,0.5404950973750833,0.46618211148641236,0.09012506596320947,0.3624861454732867,0.34109058335987613,0.552623546805475,0.09947974564587228,0.0,0.2871389722849272,0.6726570466264468,0.3182381329063167,0.05901118199689087,0.10110666750418244,0.0,0.35630759398979023,0.1853224444114161,0.6720042046491568,0.4597597878685817,0.0,0.0,0.0,0.43497111587935,0.4267262224827016,0.6002514560653741,0.6144683018704595,0.31717996942899834,0.11843575134342987,0.5578174499200338,0.4375144983890411,0.6417233177391048,0.504467935603015,0.22112499523674098,0.0,0.15244792225899012,0.3184149647460364,0.30572784684018767,0.34528042383669777,0.3008865595963331,0.5548239358152331,0.34786037289746824,0.5201740284453757,0.6476905732769741,0.0,0.5437135347908393,0.462025260438417,0.5770614356730625,0.5621679911402281,0.2799121042475214,0.5130893919143553,0.4330666733682067,0.6707029767744375,0.08889175288501013,0.9011815845888239,0.5852068383729384,0.7870954596683671,0.2595225030157136,0.6213356363613036,0.4426723691526538,0.5282016019362832,0.7552722717201659
0.0,0.8435020351855486,0.0,0.0,0.0,0.6719600389249497,0.0,0.08601904937824888,0.0,0.3804669571669552,0.0,0.6761880372910739,0.0,0.0,0.0,0.3462770295614743,0.6101869585718358,0.8256877703881477,0.0,0.17719255780987053,0.38841198004387395,0.14185454013601279,0.0,0.2871389722849272,0.0,0.7738808256252161,0.0,0.0,0.40264125130371375,0.0,0.33461172143761425,0.0,0.4990542133379805,0.2302456575707588,0.0,0.0,0.11148520701213989,0.0,0.0,0.6217787439441179,0.06330678586313357,0.08141000162110247,0.0,0.15607382480946977,0.0,0.14693807385116292,0.7548398023930567,0.0,0.10485981978513907,0.0,0.4950269380820885,0.0,0.1643872596664513,0.0,0.0,0.0,0.0,0.0,0.004502236270866283,0.07786196466779281,0.3934847560011126,0.0,0.1938265749793903,0.0,0.20101759228224073,0.17881858906930337,0.0753256188453107,0.0,0.4332865608094479,0.37170123288979356,0.403805731277531,0.0451742089412233,0.10618759630354438,0.45563987606650863,0.0,0.08472134260472607
0.27416516706402017,0.8651167719944977,0.0,0.0,0.0,0.5787731692510625,0.0,0.037982300544729695,0.0,0.5560835780094622,0.0,0.7072451883630843,0.0,0.0,0.3398350370748031,0.5419074935870837,0.7077935284821362,0.8276871782899403,0.0,0.5008800121912439,0.36041322931367015,0.5972318220327754,0.0,0.6726570466264468,0.7738808256252161,0.0,0.19919090135810438,0.0,0.44230802562336385,0.0,0.383511942161634,0.0,0.5888083580525523,0.23370192994144484,0.0,0.0,0.0,0.0,0.03375560009715019,0.6770836158366987,0.27076372236160806,0.12005606758655385,0.0,0.383696528257224,0.0,0.3809421755625127,0.8515047762223307,0.0,0.0,0.0,0.5659048096373833,0.14517874190976426,0.30474747894703347,0.0,0.2751945737952995,0.0,0.3180359800452289,0.43645859154934014,0.0,0.511775900667872,0.576358105580586,0.3962057972779954,0.5447162421417953,0.03348472526588168,0.5583372838661682,0.35881395548416034,0.6132306098239868,0.0,0.6985125351287401,0.7112909546905164,0.8634826508208792,0.28176007725181207,0.46385014152544507,0.5473323627791252,0.10367099473850772,0.45802165838485914
0.37700429826002607,0.0,0.5247300673486631,0.0,0.40176864181671257,0.0,0.21664374306734144,0.0,0.7039317630491508,0.11372443933101822,0.33584105811985604,0.0,0.3555433066286275,0.49373452202909013,0.734753595694226,0.1268619657242818,0.07923056362770503,0.08944324964332016,0.38910538648443116,0.5389722202998343,0.0,0.6975821874903494,0.6733767132479075,0.3182381329063167,0.0,0.19919090135810438,0.0,0.41594005920317056,0.558785248893513,0.07198273603967681,0.1606881611015454,0.0974928097290393,0.07338760987826726,0.0,0.0,0.0,0.0,0.16847278473156863,0.14339093070530315,0.15018327399600065,0.05668460687188026,0.0,0.003931304633254431,0.22691062052065097,0.3104926709459881,0.26466942150401196,0.25412157411343345,0.574469725388239,0.0,0.7042426670197117,0.03974492360302231,0.6868344425756029,0.13727337951588756,0.7655314869423474,0.6166993887190412,0.7121837848002759,0.2105771272100897,0.6002818878748757,0.0,0.609551115288951,0.42640619769964255,0.593181998225966,0.4858739912665857,0.4634678415970012,0.3561849697944071,0.3563337876108246,0.6618733679720405,0.5892017640188734,0.2427119672337666,0.45187594863709013,0.5182717005353839,0.7092569960589739,0.27184003469050005,0.3477059541833107,0.2590783853715668,0.29752372226570734
0.0,0.0,0.25305640141675667,0.23413994557508971,0.7821003110120929,0.0,0.17067067131422028,0.0,0.4152723063567581,0.0,0.0726947587450592,0.0,0.7671857099319995,0.6059382585850613,0.4158900222321112,0.0,0.0,0.0,0.05123433336231601,0.3356197639387515,0.0,0.33304302809355635,0.24889835942292426,0.05901118199689087,0.0,0.0,0.41594005920317056,0.0,0.12395625725067376,0.11825753010845476,0.0,0.0,0.0,0.0,0.0,0.14981318049719217,0.0,0.026078630733843464,0.0,0.0,0.0,0.0,0.14486313752190164,0.07509377220306789,0.04867673312254862,0.0,0.007071865947343715,0.24611581946064884,0.017700332680100628,0.7183806054147892,0.008356042947056946,0.5252596282523785,0.0,0.4197861472382577,0.13685678784659872,0.2663975855759018,0.20217532651388861,0.36911408588046773,0.23676659206381817,0.25461020497879505,0.11141960746628356,0.3067274169001254,0.2635850896870691,0.020827506933982786,0.38841191461738434,0.020156339487321845,0.43811111209349907,0.1793491269556715,0.021351948433936185,0.02636811826509959,0.12693483701392003,0.38804093596221734,0.37907340202442424,0.13816656181713224,0.28414027199044467,0.21459117844236172
0.18454874061271,0.3815138114418807,0.11794677681677912,0.0,0.0448257388782254,0.49330406182723363,0.0,0.09892513020468761,0.15707883630086197,0.16561337494693223,0.03436124561245027,0.22988464586652965,0.0,0.08275587903113082,0.4349729537765807,0.1311040922622238,0.2811282195451851,0.5218322991516078,0.1909761174857045,0.6413177769578949,0.21391130227223532,0.5762587993106615,0.33158924925908073,0.10110666750418244,0.40264125130371375,0.44230802562336385,0.558785248893513,0.12395625725067376,0.0,0.10018004908195201,0.3845112127363247,0.0,0.08028429971463744,0.0,0.0,0.0,0.0,0.0,0.0,0.24584442186281133,0.0,0.0,0.0,0.17549335737664348,0.0,0.18163896423176776,0.5265444978825471,0.06724902883009176,0.0354941414030959,0.24371506136790888,0.27314516780739795,0.31481875856382163,0.2336494173776236,0.10347641874344599,0.2688474029827057,0.10815707577684804,0.01967240444312802,0.2180871330898559,0.10450254581815968,0.44314081294343344,0.6526507384826489,0.1850444765347935,0.4819540113817092,0.2304636711809941,0.39714611172712405,0.4429646919949463,0.44407217442452473,0.30874673241330164,0.17847043719245445,0.4993176386241353,0.43064514708761537,0.50225343255073,0.07546173969039734,0.525812104998156,0.0,0.10449929526724848
0.2455566144518794,0.0,0.5454776751994954,0.0,0.16994247963149303,0.0,0.16134702418587127,0.4250802215845974,0.24084044558333847,0.0,0.5081053220280456,0.0,0.053557885265218506,0.19670076012179336,0.19310884637520986,0.0,0.0,0.0,0.498328037642371,0.046676067943272705,0.06169132123487002,0.0,0.5617002597051743,0.0,0.0,0.0,0.07198273603967681,0.11825753010845476,0.10018004908195201,0.0,0.0044193385081122685,0.2973141153994516,0.0,0.0,0.3262149001954169,0.4205470442986354,0.12423144633398749,0.0,0.005095501947944923,0.0,0.0,0.0,0.42800014046560153,0.0,0.09539758742652578,0.02505509235346595,0.0,0.4627422824622491,0.0,0.2631175178994792,0.0,0.19135159256937195,0.2152062463836091,0.24673108673526373,0.22258822824579388,0.32731512796735956,0.04460035813218856,0.0,0.19272967513860348,0.1253772566116919,0.0,0.08568588756267471,0.0,0.36057678231420565,0.0,0.13697028584222662,0.0,0.49541700461186683,0.0,0.0,0.0,0.0,0.0,0.0,0.19133619533317409,0.0
0.47975732327625065,0.2906208672505521,0.0425153455037081,0.0,0.0,0.05380043792765759,0.0,0.12059235593494297,0.0,0.4156375991120759,0.0,0.3264385773347068,0.0,0.08447817292776515,0.3132118172240184,0.582738801999994,0.37678364014506227,0.39624540130237673,0.08949855157701218,0.4245453028223754,0.44983407526701014,0.49169853723407897,0.1030175098577621,0.35630759398979023,0.33461172143761425,0.383511942161634,0.1606881611015454,0.0,0.3845112127363247,0.0044193385081122685,0.0,0.3928960114335874,0.5460048303356494,0.42387456758943,0.1184637642377894,0.0,0.3329801492302313,0.30266085497888157,0.3321260926864002,0.43313649105221913,0.2604397148573719,0.39513037989518685,0.24014138585731745,0.5538538847491192,0.2799174626089016,0.43822671233965405,0.42445802956313766,0.023690752233870606,0.0,0.08945886518131149,0.011450286739287968,0.15819323418383655,0.22490415041230513,0.0,0.34151941091327254,0.12033506324000165,0.19183030927329622,0.18983634883369963,0.2618735675804936,0.3967633908218317,0.40275804035457646,0.12500347909011528,0.27418233035208084,0.17652295601049847,0.21665160451933096,0.5174067064527053,0.35142419440644973,0.13084595412641908,0.37068114685272957,0.41561160662630553,0.36550770947320077,0.03329741717303283,0.24351754406433007,0.26618213260437334,0.22639862136230246,0.5028655114634599
0.5310466029905863,0.0,0.2584008500898921,0.0,0.0,0.0,0.5219532517630732,0.3404112903310629,0.0843889074839799,0.48073467818935633,0.07183880069281663,0.06064912742531922,0.0,0.10495716700697175,0.030116432007759597,0.3817137191178677,0.20460610891005734,0.0,0.31474284438269917,0.0,0.05666193683537872,0.08161793794924872,0.3419858068305457,0.1853224444114161,0.0,0.0,0.0974928097290393,0.0,0.0,0.2973141153994516,0.3928960114335874,0.0,0.30176459597914873,0.4360042795573918,0.4212145917559361,0.0,0.12327692575609621,0.6342278581465285,0.8111719816551859,0.2088693907232904,0.4709140874106163,0.3952567128371934,0.4824049081611766,0.3938959023768744,0.7058502614553196,0.2875692374020334,0.0,0.2860493544262215,0.0,0.1273429559811937,0.0,0.2560128109653525,0.2953946378535309,0.22001106321298816,0.5297387243213995,0.36362289142957205,0.32584294255616036,0.16835662855751207,0.014832878993382006,0.10715623448889273,0.0,0.12244563881161591,0.0,0.33597468349272247,0.0,0.2534488546880432,0.0,0.34950976910472686,0.004334397020071178,0.2946465705042289,0.03192550904170356,0.0,0.0,0.0,0.28124059997052947,0.051130946358959484
0.41323143842151905,0.3744515388319579,0.0,0.0,0.0,0.09081596203122942,0.03974590365798798,0.0,0.0,0.6989337492801466,0.0,0.4639259531482125,0.0,0.0,0.10041920085126724,0.7289170138136929,0.6734244156990663,0.5886426419699536,0.0,0.1270995364735584,0.31675554239000475,0.33426422904861836,0.0,0.6720042046491568,0.4990542133379805,0.5888083580525523,0.07338760987826726,0.0,0.08028429971463744,0.0,0.5460048303356494,0.30176459597914873,0.0,0.562408573283094,0.0,0.0,0.0647667424749533,0.42820970353142057,0.4215213035065466,0.8445770060570897,0.5714907504977446,0.3737159700709652,0.0,0.6306442032800754,0.35668916431615455,0.5297244662963481,0.4792715649250111,0.0,0.0,0.0,0.20065814474432558,0.0971263812562649,0.1518126367459429,0.011491774822638759,0.4267408137282778,0.09930809082137355,0.17371238769978287,0.3521406489612853,0.0,0.23057472879807006,0.4661466241915997,0.3627580691801628,0.41434439784108296,0.1298633979770405,0.22515631592398955,0.3206806277875566,0.3957341649099033,0.0,0.6590004198590426,0.5187700582466459,0.5557952523073856,0.0011459689524024586,0.3977091223479327,0.3532118206730422,0.18624101971217968,0.5345452675425629
0.2660997579250538,0.1923525833764941,0.0,0.0,0.0,0.0,0.10289093790009843,0.0,0.0,0.3650640193427637,0.0,0.3428262281515317,0.0,0.0,0.0,0.5569380487481036,0.36901613905645986,0.2731765332284826,0.0,0.0,0.31685823340858194,0.13704393602306097,0.0,0.4597597878685817,0.2302456575707588,0.23370192994144484,0.0,0.0,0.0,0.0,0.42387456758943,0.4360042795573918,0.562408573283094,0.0,0.1505247909621079,0.0,0.2229084360445444,0.6142722346952457,0.6744889838662422,0.4210848003159313,0.7286789278989151,0.5897304157201527,0.1267630826732667,0.4929573333928758,0.5129001029944009,0.3581754807103157,0.2901180547519346,0.0,0.0,0.0,0.001319967558359299,0.0,0.10044848198191582,0.0,0.08136024648133029,0.0,0.3653234396478887,0.22101574574268948,0.0,0.1083193442660165,0.025851304279078696,0.0,0.0,0.0,0.06531463543012885,0.2436619928643879,0.11424894470388777,0.0,0.4232997165597129,0.16631818434016926,0.17330220889081763,0.0,0.3929103055012012,0.13727637963978384,0.34440089095757204,0.4592020639554814
0.18125746616928076,0.0,0.1576984024729558,0.05368383255357612,0.054860617247868164,0.0,0.17140784803568931,0.22887351348171142,0.0,0.0,0.130798025309197,0.0,0.0,0.0,0.0,0.0,0.0,0.0,0.02258395799214381,0.0,0.12190668388639915,0.0,0.1473987769442111,0.0,0.0,0.0,0.0,0.0,0.0,0.3262149001954169,0.1184637642377894,0.4212145917559361,0.0,0.1505247909621079,0.0,0.4619057437514278,0.26829696548047444,0.2942243008656957,0.3027119256379247,0.0,0.0,0.2683956730010296,0.34656692856040044,0.0,0.2309012148613262,0.016101348960232475,0.0,0.09545156933320834,0.0,0.0,0.0,0.0,0.0,0.07602829841925308,0.0,0.13245408069151043,0.022829151659942766,0.0,0.14745156013563418,0.0,0.0,0.0,0.0,0.0,0.0,0.0,0.0,0.16367308038460765,0.0,0.0,0.0,0.0,0.0,0.0,0.12464165532789008,0.0
0.0,0.0,0.21246091250136667,0.1681793047692002,0.34832260926189174,0.0,0.0,0.04224152337212053,0.0,0.0,0.34359458195824183,0.0,0.2601928426589922,0.07690414746908282,0.0,0.0,0.0,0.0,0.028912887711153933,0.0,0.0,0.0,0.055931122372136786,0.0,0.0,0.0,0.0,0.14981318049719217,0.0,0.4205470442986354,0.0,0.0,0.0,0.0,0.4619057437514278,0.0,0.09700283983162844,0.0,0.0,0.0,0.0,0.0,0.30180099061197413,0.0,0.0,0.0,0.0,0.03366164527709874,0.0,0.0,0.0,0.0,0.0,0.0,0.0,0.0,0.0,0.0,0.11169305481325356,0.0,0.0,0.0,0.0,0.0,0.0,0.0,0.0,0.0,0.0,0.0,0.0,0.0,0.0,0.0,0.08490035949743524,0.0
0.0508964414442953,0.04821265442417783,0.0,0.0,0.0,0.0,0.0,0.10988704906776656,0.0,0.0,0.0,0.13181881390892827,0.0,0.0,0.0,0.06196464072170328,0.0,0.0,0.0,0.0,0.239746822568603,0.0,0.0,0.0,0.11148520701213989,0.0,0.0,0.0,0.0,0.12423144633398749,0.3329801492302313,0.12327692575609621,0.0647667424749533,0.2229084360445444,0.26829696548047444,0.09700283983162844,0.0,0.02475430719772739,0.062397551868133685,0.0,0.050788354972532264,0.24556454283017512,0.07996895048649409,0.22398430329634708,0.0,0.0823338473508684,0.0,0.0,0.0,0.0,0.0,0.0,0.021899913047890452,0.0,0.0,0.0,0.0,0.0,0.2011809095418819,0.0,0.0,0.0,0.0,0.0,0.0,0.046898000582317155,0.0,0.0,0.0,0.0,0.0,0.0,0.0,0.0,0.08620105577791926,0.03262564674487798
