0.0,0.6513786206486071,0.0,0.0,0.0,0.6416488287650415,0.0,0.33657848606916885,0.0,0.46356479608131956,0.0,0.1803146312689367,0.1546592847844637,0.0,0.0,0.6459582256021924,0.05275414226962094,0.0,0.0,0.0,0.8955111297381688,0.05527334968989656,0.0,0.09547237947619772,0.11583006571840182,0.5627118360117815,0.5282058952599595,0.29429100033311667,0.7198049752214579,0.0,0.12820748745611862,0.0,0.5461551088561752,0.45208633923968,0.37341140604152095,0.0,0.0,0.0,0.0,0.2779372504252869,0.0,0.0,0.0,0.0,0.0,0.5290032970510499,0.0,0.068599822803022,0.0,0.0,0.0,0.0,0.0,0.0,0.0,0.0,0.1654449624344304,0.0,0.0,0.3180959792934105,0.0,0.15449395583090686,0.0,0.0,0.3510443916082251,0.630832334915504,0.013129768892577718,0.0,0.18747605696651212,0.1502120098613463,0.0,0.0,0.0,0.0,0.41781807297218804,0.29647787279986343
0.6513786206486071,0.0,0.0,0.0,0.0,0.8016768366730832,0.0,0.34179450232529374,0.0004856668637127963,0.3892796021080811,0.0,0.2527351484219092,0.33771992262420614,0.0,0.0,0.37994990374673343,0.024780619925082296,0.0,0.0,0.0,0.6983469736244889,0.0,0.0,0.08649261882586674,0.08394618242190403,0.851317143237185,0.6665763726723718,0.17816123692064928,0.7324512840975451,0.0,0.0,0.0,0.45797660951976077,0.23456056022190314,0.22392227707280926,0.0,0.0,0.0,0.0,0.28498578652457796,0.0,0.0,0.0,0.0,0.13519880546189292,0.0,0.0,0.03323583950762109,0.0,0.0,0.0,0.0,0.09858059593008295,0.0,0.0,0.0,0.1536654654994111,0.0,0.0,0.632449243291584,0.0,0.23161279788528621,0.0,0.0,0.41673091046085986,0.2731830267342272,0.0,0.0,0.10352664897797456,0.0931288133629676,0.0,0.0,0.0,0.0,0.41342372619249323,0.25301660124723907
0.0,0.0,0.0,0.16747479700989215,0.42909635246733724,0.0,0.2021047971138177,0.0,0.4604303959775924,0.0,0.7429372665849981,0.0,0.0,0.3007839610832284,0.0,0.0,0.0,0.5042237289216067,0.6593719646916429,0.0,0.0,0.0,0.243787154767671,0.0047991291098871,0.0,0.0,0.0,0.086715775858251,0.0,0.30552610380590006,0.011967899400547918,0.4196373411163478,0.0,0.0,0.0,0.32495261845391876,0.19172458440511647,0.2695019505678303,0.27453995380343915,0.08116170019514726,0.2458593360025384,0.2435632886232907,0.2829834542575991,0.18531039094025387,0.13399674585003274,0.0,0.6014005388364206,0.43824209965004435,0.3518440593272688,0.37932574095023297,0.2596983062007864,0.32665267587255964,0.0,0.6925501145466587,0.0,0.7199642792174367,0.0,0.17473735562183493,0.13657693041097885,0.0,0.28314242786393146,0.03766191284236194,0.4338556282851111,0.6649649596902183,0.0,0.0,0.10112389081278382,0.23060255533374738,0.0018748588917888924,0.037242640359633594,0.37789090907850154,0.14091981520874527,0.3902778798615415,0.0,0.0,0.0
0.0,0.0,0.16747479700989215,0.0,0.10872721802439454,0.0,0.16096917685702936,0.0,0.0,0.22007706037492777,0.09280975980229814,0.3859110386246968,0.0,0.07934276149023542,0.18740267009327355,0.0,0.0,0.039091930074703456,0.0,0.21136660201787538,0.0,0.16908699647807782,0.15709873042687358,0.07692909350273314,0.0,0.0,0.0,0.07547541966552772,0.0,0.4522374754918726,0.0,0.3464289643457475,0.0,0.0,0.0,0.711530261406963,0.6411760871673478,0.0,0.0,0.0,0.0,0.31923879673564587,0.5374979237093755,0.6739723583132435,0.0,0.0,0.20334139736570628,0.0,0.45926849686284826,0.2509797021344272,0.134147421390697,0.4941968711465847,0.0,0.09426084650453957,0.4679392248138983,0.0,0.35837356175975327,0.103146992924019,0.3214905190006138,0.0,0.0,0.0,0.1749342542089247,0.3140482724507253,0.0,0.0,0.0,0.0,0.0,0.0,0.0,0.0,0.024274677192019364,0.10360019817399448,0.0,0.0
0.0,0.0,0.42909635246733724,0.10872721802439454,0.0,0.0,0.650972502595604,0.017871804556780363,0.514997857653364,0.0,0.5114908864545412,0.012645818608585319,0.1517140933067491,0.32091117401008046,0.0,0.0,0.0,0.1416411558598883,0.17336438808124247,0.0,0.0,0.0,0.0,0.046235053359806266,0.0,0.0,0.0,0.3045365091443614,0.058359106717416724,0.47045324929161264,0.11933566693855265,0.1277871541166263,0.0,0.0,0.0,0.03559222875054821,0.0,0.2783421039540064,0.0,0.0,0.0,0.15318753145587743,0.12395499305985044,0.16927241265552045,0.0,0.08593445096295671,0.17596855840048634,0.24692068211558293,0.0,0.0006899668884012887,0.0,0.001585982612166012,0.0,0.2597981556690688,0.0,0.31958731499746657,0.0,0.0,0.08987213269050937,0.0,0.20244908451755664,0.0,0.301688462270037,0.19915866304485141,0.0,0.03695192095454934,0.0,0.13505633459259883,0.028706312466872,0.08265295995324418,0.08407006772418242,0.0,0.20723093992767286,0.0,0.0,0.0
0.6416488287650415,0.8016768366730832,0.0,0.0,0.0,0.0,0.0,0.5342904675138302,0.18464458105987958,0.546701178380004,0.0,0.32378195437971985,0.5435852564448566,0.0,0.0,0.4082787465755696,0.0,0.0,0.0,0.0,0.6802015961128192,0.0,0.0,0.18417865539105285,0.0,0.6955455639949756,0.6787962948194968,0.3725755971370269,0.8293025789239574,0.0,0.0,0.0,0.5762190995262588,0.3309585459124219,0.3220905611016157,0.0,0.0,0.0,0.0,0.2906313499461561,0.0,0.0,0.0,0.0,0.11524749438160892,0.03069086356537406,0.0,0.27792865691515267,0.0,0.0,0.0,0.0,0.18739795604567455,0.0,0.0,0.0,0.2784336121589072,0.0,0.0,0.38979395146375534,0.0,0.1857783970550964,0.0,0.0,0.2829190973577174,0.3095795043105408,0.0,0.10685672172828892,0.21543937868418944,0.17556355283132646,0.0,0.0,0.0,0.0,0.31698057985101963,0.13929378440329868
0.0,0.0,0.2021047971138177,0.16096917685702936,0.650972502595604,0.0,0.0,0.0,0.42001478533909636,0.01962986451615587,0.35936177334792047,0.0,0.3203374386926958,0.4652409751386288,0.0,0.0,0.0,0.23868945769399907,0.1554472660985508,0.0,0.0,0.0,0.0,0.0,0.01677829233728521,0.0,0.0,0.18283349078299466,0.1018837658487683,0.42041859627246925,0.0,0.2233725851966483,0.0,0.0,0.0,0.148513315806957,0.05141280732013697,0.14734540208534494,0.0,0.0,0.0,0.15851069733916284,0.0790156484025353,0.06713274553044804,0.07025740612950687,0.0,0.12111630458400026,0.08077330912913298,0.06548757530794064,0.09844094971658657,0.0,0.07120003747064337,0.0,0.29980098567359914,0.0,0.33003949477327615,0.0,0.0,0.0,0.011374248250510793,0.33900468820221213,0.04297463573199678,0.38016965206339715,0.15000562132498083,0.0,0.0,0.0,0.19322797189975147,0.0,0.18715961799631764,0.0863650298533987,0.0,0.1774146091360307,0.0,0.0,0.0
0.33657848606916885,0.34179450232529374,0.0,0.0,0.017871804556780363,0.5342904675138302,0.0,0.0,0.00023502649255666217,0.35289082402325905,0.0,0.4352550969331655,0.37176116633389145,0.0,0.030604792779066883,0.16984206341881927,0.0,0.0,0.0,0.0,0.47718877116648034,0.0,0.4625581550676608,0.49401784587384934,0.0,0.3858960340332876,0.21964519713646374,0.4116991008856474,0.2876106588973378,0.018667237612462948,0.0,0.0,0.4417238723470123,0.22809949199711627,0.31272567208468455,0.0,0.0,0.0,0.0,0.14832682354747592,0.0,0.0,0.0,0.0,0.0,0.14611831588177807,0.0,0.29805224941167113,0.0,0.0,0.0,0.0,0.7254090134733827,0.0,0.17346382584270426,0.0,0.42150369747252814,0.19425276101123962,0.061370068641972586,0.112020158084508,0.0,0.0,0.0,0.0,0.0,0.3052411502346613,0.0,0.3993528805284137,0.4604274262458958,0.0,0.0,0.0,0.0,0.0,0.12617462576347555,0.0
0.0,0.0004856668637127963,0.4604303959775924,0.0,0.514997857653364,0.18464458105987958,0.42001478533909636,0.00023502649255666217,0.0,0.0,0.5390406422021853,0.0,0.4517493063904061,0.22028968107561672,0.0,0.03914916383739159,0.04879813124182054,0.07184818019843023,0.3895694940768383,0.0,0.0,0.0,0.0,0.0,0.09350265733501152,0.0,0.0880685973580536,0.2079781146824575,0.20705626575384406,0.1696755763083383,0.0,0.0,0.0,0.0,0.0,0.0,0.0,0.22061957450750094,0.0,0.2531801004992449,0.10428485571759878,0.0,0.0,0.0,0.34598698873826206,0.0,0.09362513192657376,0.6462561487217521,0.0,0.0,0.0,0.0,0.0,0.31109150599722873,0.0,0.4572872138640462,0.0,0.03403232260288992,0.0,0.23822362375836476,0.1916396829797661,0.3706818263421673,0.17923174102858974,0.32858438603457246,0.0,0.006926156027749375,0.20245603788616293,0.3273435611641045,0.06576686578122717,0.4466009651987657,0.33205035307432984,0.0,0.035584491966568266,0.0,0.0,0.10991542494007085
0.46356479608131956,0.3892796021080811,0.0,0.22007706037492777,0.0,0.546701178380004,0.01962986451615587,0.35289082402325905,0.0,0.0,0.0,0.6172537802338334,0.23007782010580732,0.0,0.08956670538741358,0.23790081178746264,0.17133608879880005,0.0,0.0,0.058514395376357095,0.4910605768944835,0.25848210358481843,0.11997767331973681,0.2570923930363437,0.0,0.5557911825751644,0.29802283516998973,0.40558677042907476,0.3894771399299939,0.10362342757991565,0.005944473626153884,0.0,0.4775000057796378,0.27289482300034823,0.34909566847604856,0.0,0.0,0.0,0.0,0.0,0.0,0.0,0.0,0.1479887075463316,0.0,0.27807476855060237,0.0,0.0,0.0,0.0,0.0,0.0,0.06728007084883189,0.0,0.6042182146821555,0.0,0.6839958998901292,0.10851785147758827,0.21426634890811014,0.0,0.0,0.0,0.0,0.0,0.03375918385664135,0.22092619868432936,0.0,0.0,0.2511593676590175,0.0,0.0,0.0,0.0,0.0,0.18441943913437794,0.0
0.0,0.0,0.7429372665849981,0.09280975980229814,0.5114908864545412,0.0,0.35936177334792047,0.0,0.5390406422021853,0.0,0.0,0.0,0.058574017791588724,0.2863776681353703,0.0,0.0,0.0,0.4781767903842517,0.30318767654326434,0.0,0.0,0.0,0.0,0.0,0.0,0.0,0.0,0.0,0.0,0.2173843578428056,0.0,0.4471594845861582,0.0,0.0,0.0,0.24721771696093991,0.205188265095658,0.2855168160538107,0.19758957393059415,0.0,0.13579987578368463,0.299874396209282,0.06107888272235936,0.0672400606580082,0.1905941736867951,0.0,0.38444306524127886,0.2264849448726344,0.211312916237398,0.45661983703183445,0.11546248409456882,0.2717000168335486,0.0,0.6383242232083046,0.0,0.7810670339558136,0.0,0.0,0.0,0.0,0.3151073690319425,0.06744389957484538,0.40852272898201347,0.4620643237428773,0.0,0.0,0.0,0.22328874681712801,0.0,0.0,0.14704387685307824,0.00988943272021825,0.3162900414636459,0.0,0.0,0.0
0.1803146312689367,0.2527351484219092,0.0,0.3859110386246968,0.012645818608585319,0.32378195437971985,0.0,0.4352550969331655,0.0,0.6172537802338334,0.0,0.0,0.5142437575115801,0.0,0.26707550748297615,0.0,0.2400320759047809,0.0,0.0,0.13176132554159922,0.29805763334075985,0.34421191727575906,0.5027257272665303,0.6222184762954533,0.0,0.4217149949022402,0.06909916578898759,0.3748510171501163,0.04157217376861231,0.048202648546417357,0.0,0.0,0.3057783113845935,0.0,0.0327748668870042,0.0,0.07692754497578788,0.0,0.0,0.0,0.0,0.0,0.0,0.007956733892598334,0.0,0.06457184419071382,0.0,0.259204170831206,0.0,0.0,0.0,0.051228292685558466,0.21553872206929262,0.0,0.6601621972124189,0.0,0.9411402960127871,0.1649802736503117,0.059008901842308135,0.0,0.0,0.0,0.0,0.16418064131125565,0.0,0.0,0.0,0.23415729536210989,0.4667419385033951,0.0,0.0,0.0,0.0,0.0,0.0,0.0
0.1546592847844637,0.33771992262420614,0.0,0.0,0.1517140933067491,0.5435852564448566,0.3203374386926958,0.37176116633389145,0.4517493063904061,0.23007782010580732,0.058574017791588724,0.5142437575115801,0.0,0.0,0.0,0.1008002122417316,0.3898540834401492,0.0,0.0,0.0,0.16892595836156588,0.0,0.1688838781997755,0.4551242803422711,0.0,0.46599870532032217,0.23094266772687508,0.4802830690511486,0.3215713694112137,0.0,0.0,0.0,0.31001902213834037,0.0,0.035050744041805845,0.0,0.0,0.014575145880193388,0.0,0.2114753076233777,0.0,0.0,0.0,0.0,0.23443447558940245,0.0,0.0,0.5229609781524821,0.0,0.0,0.0,0.0,0.07846084336163826,0.0,0.0,0.029493537685792527,0.4019322820015528,0.18413451598337668,0.0,0.10241461084839361,0.0,0.3962677606012341,0.0,0.10062555324082163,0.03965139397763778,0.0,0.005580819215526146,0.31416710031744055,0.253556360981634,0.12960793506243415,0.09194396560507838,0.0,0.0,0.0,0.05801982989978026,0.0
0.0,0.0,0.3007839610832284,0.07934276149023542,0.32091117401008046,0.0,0.4652409751386288,0.0,0.22028968107561672,0.0,0.2863776681353703,0.0,0.0,0.0,0.0,0.0,0.0,0.17851294132496506,0.3361655686994259,0.0,0.0,0.0,0.0,0.0,0.12010235491105999,0.0,0.0,0.0,0.016004920055223682,0.2109703275298366,0.0,0.12053751092610293,0.0,0.0,0.0,0.24139214826956415,0.03701272369769117,0.07254961592821749,0.0,0.0,0.19010001492983872,0.09569196103172611,0.19923234631785583,0.1252209260600375,0.19386868202742358,0.0,0.07110302672342451,0.0,0.15482233110814578,0.0643691997475116,0.0,0.014370279796349627,0.0,0.2271448401356758,0.0,0.3117456356798547,0.0,0.0,0.15046468075378513,0.17908050032366515,0.3659063690952719,0.10199711892468392,0.29610928305824097,0.21880413703562837,0.0,0.0,0.0,0.0,0.0,0.2076155946713771,0.10919183781068295,0.0,0.16569454017991697,0.0,0.0,0.1867454843469125
0.0,0.0,0.0,0.18740267009327355,0.0,0.0,0.0,0.030604792779066883,0.0,0.08956670538741358,0.0,0.26707550748297615,0.0,0.0,0.0,0.0,0.0,0.0,0.0,0.632783881640803,0.2921566743864236,0.6848233945360013,0.37901085713050225,0.14707808413204496,0.0,0.0,0.11370025107555747,0.0,0.0,0.0,0.06429879875090234,0.1824793142332733,0.0,0.0,0.018168609946786405,0.24854600496275803,0.32478831150826504,0.0,0.09964393005630229,0.0,0.0,0.1788255872913643,0.10901393479231299,0.03458594151653683,0.0,0.10639047778058895,0.0,0.044439497120529206,0.2352049282598837,0.29795542963800004,0.28047116172584213,0.2790323187184344,0.25490981422058456,0.010246512289551426,0.5247880989045668,0.0,0.2978248699354824,0.04633328213960499,0.0,0.0,0.0,0.0,0.0,0.0,0.0983034505845404,0.23253317783172983,0.0,0.207411064743193,0.12200103087044574,0.0,0.0,0.3773618194938009,0.0,0.4100635545975476,0.0,0.0
0.6459582256021924,0.37994990374673343,0.0,0.0,0.0,0.4082787465755696,0.0,0.16984206341881927,0.03914916383739159,0.23790081178746264,0.0,0.0,0.1008002122417316,0.0,0.0,0.0,0.19501827042842684,0.0,0.0,0.0,0.4771335366068526,0.0686351488942128,0.0,0.03606136685068318,0.2796340572885357,0.3637026073760049,0.3527643391248639,0.3311201805655279,0.41158242784259763,0.0,0.35736647422131307,0.0,0.4586442103835664,0.48741664509084726,0.37048601639458695,0.0,0.0,0.0,0.0,0.3415565070908732,0.0,0.0,0.0,0.0,0.0371858683538023,0.43563948333906377,0.0,0.18275659708388273,0.0,0.0,0.0,0.0,0.0,0.0,0.0,0.0,0.0,0.0,0.020421700076525228,0.20062105286405998,0.0,0.2978772628614947,0.0,0.0,0.3344203125740244,0.4434397154448596,0.18978933989950275,0.0,0.13112956295220252,0.22259450847091344,0.09375441027555634,0.031051055232448638,0.0,0.0,0.5363153896228845,0.46960663182716733
0.05275414226962094,0.024780619925082296,0.0,0.0,0.0,0.0,0.0,0.0,0.04879813124182054,0.17133608879880005,0.0,0.2400320759047809,0.3898540834401492,0.0,0.0,0.19501827042842684,0.0,0.28239436250351685,0.0,0.08247896659166874,0.0,0.16461141923656217,0.061904317409840696,0.41138889556541364,0.2458906730434153,0.19152219793622802,0.0019157952446833327,0.004003586951532396,0.0,0.0,0.0,0.1502466384984841,0.11765220820374082,0.0,0.0,0.0,0.0,0.10421743999827478,0.31039749927931787,0.09692973604966416,0.17896679590831022,0.07324821368159974,0.0,0.0,0.18792530634045548,0.06363117837278351,0.11987477885436397,0.2182324557446933,0.0,0.13012525017511026,0.1100810671808553,0.1640644427238135,0.0,0.015933801943512717,0.1886670606764061,0.08927735396988651,0.2244128224426883,0.18140480822962768,0.0,0.0,0.21560410913698405,0.594347434930672,0.21043751574395533,0.030517974427559144,0.06080794901007126,0.0,0.19200279876087495,0.0714672397478151,0.1823733939066978,0.16908704052340853,0.3586952375076449,0.15149698441237514,0.05307940408482066,0.0,0.11681215029421214,0.24416387448108115
0.0,0.0,0.5042237289216067,0.039091930074703456,0.1416411558598883,0.0,0.23868945769399907,0.0,0.07184818019843023,0.0,0.4781767903842517,0.0,0.0,0.17851294132496506,0.0,0.0,0.28239436250351685,0.0,0.31452313722957503,0.17473365807758137,0.0,0.0,0.07613470101210547,0.0,0.33812639651866283,0.0,0.0,0.0,0.0,0.07689497180039852,0.0,0.7343574669756775,0.0,0.0,0.0,0.37604569971873797,0.37479697237158577,0.28470388795641444,0.6051721152706383,0.0,0.5171478307715777,0.4136940567951827,0.30669698704976084,0.12668926731656355,0.12595339783147688,0.0,0.742535448033628,0.0,0.4238321051940684,0.6370167287781117,0.5750596817048567,0.578138233089802,0.0,0.7232048549976673,0.0,0.7530353473578417,0.0,0.16627853378368015,0.0,0.0,0.5394862465805653,0.12170434401867718,0.7449016951007327,0.27765983909218933,0.0,0.0,0.1859333595324221,0.12434739942407158,0.0,0.10151009856325731,0.4702275010398433,0.3566900216465123,0.4404699078264829,0.2321513468483898,0.0,0.03061423206885539
0.0,0.0,0.6593719646916429,0.0,0.17336438808124247,0.0,0.1554472660985508,0.0,0.3895694940768383,0.0,0.30318767654326434,0.0,0.0,0.3361655686994259,0.0,0.0,0.0,0.31452313722957503,0.0,0.0,0.0,0.0,0.009293188694404122,0.0,0.26139813848920596,0.0,0.0,0.056384097163545845,0.0,0.194335031979853,0.0,0.07028914791400052,0.0,0.0,0.0,0.050062449751641994,0.0,0.1342198736827465,0.1304916736377437,0.1544606038793175,0.28757915596784817,0.020387040106273575,0.17298167738005,0.07162979030380479,0.3307901582624943,0.0,0.4228042307444055,0.33586485531794813,0.12769739756689794,0.03256737807242442,0.05352128652787974,0.03958424492810987,0.0,0.39014099135269487,0.0,0.4279215585472011,0.0,0.21949573971450426,0.14556564880281794,0.0,0.3070658640936026,0.17540157899744754,0.2694776458039549,0.5322074728120424,0.0,0.0,0.26402241783987,0.11475576159579122,0.0,0.3117297740474332,0.45594619970074074,0.10961745898007327,0.20794014494690594,0.0,0.0,0.20533106587038383
0.0,0.0,0.0,0.21136660201787538,0.0,0.0,0.0,0.0,0.0,0.058514395376357095,0.0,0.13176132554159922,0.0,0.0,0.632783881640803,0.0,0.08247896659166874,0.17473365807758137,0.0,0.0,0.0,0.8972737786019742,0.4051031922020644,0.0,0.0,0.0,0.19251649139730911,0.0,0.0,0.1945435991225967,0.07040872566378,0.30956878144278926,0.0,0.0,0.0,0.37056255932841314,0.35369064919187304,0.0,0.20386111308627725,0.0,0.004853464337269967,0.15579116427947667,0.27611933779594455,0.25112795241049185,0.0,0.1510170542710313,0.368093374027562,0.1449699683452557,0.19733677417213116,0.213976516258342,0.24008870014220765,0.34522340844183436,0.00940501613217592,0.09286388224189576,0.47537551306047365,0.0,0.22577184949167683,0.26003776299917625,0.0,0.0,0.0,0.0,0.1528587205965862,0.010287360997642134,0.28089848428163694,0.1193237500174486,0.22491022421480483,0.12763438052613324,0.0,0.0,0.09803584651696738,0.3757262523572168,0.06421363566738969,0.43172325758883334,0.0,0.0
0.8955111297381688,0.6983469736244889,0.0,0.0,0.0,0.6802015961128192,0.0,0.47718877116648034,0.0,0.4910605768944835,0.0,0.29805763334075985,0.16892595836156588,0.0,0.2921566743864236,0.4771335366068526,0.0,0.0,0.0,0.0,0.0,0.1585030118860487,0.0,0.20383145722223528,0.0,0.5124300965025834,0.5986869997490047,0.2646821574649486,0.7355738881116657,0.0,0.11271151395657888,0.0,0.45414022163545714,0.4538305445373245,0.37666675352902573,0.0,0.0,0.0,0.0,0.15269218926388883,0.0,0.0,0.0,0.0,0.0,0.3656551924747004,0.0,0.10949150079428915,0.0,0.0,0.0,0.0,0.24960290901753251,0.0,0.11702959028989646,0.0,0.25995231296919136,0.0,0.0,0.44800901258679776,0.0,0.015288412854583306,0.0,0.0,0.32305164394987124,0.7072998460588746,0.0,0.0,0.2515821858378706,0.0009983143708417457,0.0,0.0,0.0,0.0,0.3245161757059319,0.04710978388715261
0.05527334968989656,0.0,0.0,0.16908699647807782,0.0,0.0,0.0,0.0,0.0,0.25848210358481843,0.0,0.34421191727575906,0.0,0.0,0.6848233945360013,0.0686351488942128,0.16461141923656217,0.0,0.0,0.8972737786019742,0.1585030118860487,0.0,0.4784955680510411,0.0928309262290817,0.0,0.035233474950524514,0.14983421328712465,0.0,0.0,0.03819175758705953,0.04526771258788301,0.11071782646287022,0.044120095328746695,0.021941195755669704,0.01851508472617662,0.17626812117264143,0.2553055214410759,0.0,0.07907114863205791,0.0,0.0,0.010226694789852695,0.15900167250014627,0.2277566790589133,0.0,0.2912693036211386,0.13680423075062217,0.14507875913588544,0.1160253215996345,0.06925865477399096,0.10697020987074887,0.24807994088496924,0.01941799242839853,0.0,0.6187978845763245,0.0,0.4172274805661544,0.2497914241984026,0.01775301989709355,0.0,0.0,0.0,0.0,0.0,0.24340028209673334,0.16195181388221008,0.02465205415762174,0.06292471295835804,0.12430036903907411,0.0,0.0,0.23178558038044114,0.0,0.31194209284342295,0.0,0.0
0.0,0.0,0.243787154767671,0.15709873042687358,0.0,0.0,0.0,0.4625581550676608,0.0,0.11997767331973681,0.0,0.5027257272665303,0.1688838781997755,0.0,0.37901085713050225,0.0,0.061904317409840696,0.07613470101210547,0.009293188694404122,0.4051031922020644,0.0,0.4784955680510411,0.0,0.41754789668747005,0.0,0.0,0.02262455582848437,0.0,0.0,0.05494975582030273,0.0,0.14534706058290675,0.2169821951542399,0.0,0.0,0.2350803534284239,0.23479639114660328,0.0,0.07625493747309023,0.0,0.0,0.010278804285191831,0.19943007386336278,0.10514422140119518,0.0,0.1305806531846625,0.2856092757987338,0.4553285212104076,0.21236543930999713,0.17764437042819015,0.3928779818831223,0.2990890323696554,0.44787482424911845,0.14552459036433457,0.5854478729498258,0.05938650605265986,0.5649001740173654,0.5146431772260066,0.13624017371012115,0.0,0.0,0.0,0.0,0.2917029367524674,0.0,0.0331098090281867,0.0,0.5302320129125467,0.4092954725817479,0.0,0.10925482523552608,0.21963928462090648,0.0,0.036601050159093,0.0,0.0
0.09547237947619772,0.08649261882586674,0.0047991291098871,0.07692909350273314,0.046235053359806266,0.18417865539105285,0.0,0.49401784587384934,0.0,0.2570923930363437,0.0,0.6222184762954533,0.4551242803422711,0.0,0.14707808413204496,0.03606136685068318,0.41138889556541364,0.0,0.0,0.0,0.20383145722223528,0.0928309262290817,0.41754789668747005,0.0,0.0,0.33972854314066464,0.0,0.28048616820554334,0.0,0.017770631987699806,0.0,0.0,0.252209803170271,0.0,0.0907416855146432,0.0,0.04957030879298946,0.06975157918066299,0.0,0.094119059932927,0.0,0.09542542215010125,0.0,0.0,0.004424410628913013,0.113075920925565,0.0,0.27464515739604684,0.0,0.0641567605476929,0.0835943819301476,0.07141246833348167,0.3970432360999421,0.0,0.33417650280545214,0.0,0.6083859670590074,0.1723781735778443,0.0,0.0,0.0,0.1431007032294257,0.0,0.15368230356717247,0.0,0.0032887973902400724,0.0,0.3726760695220039,0.607370799053567,0.0,0.0,0.0,0.0,0.0,0.0,0.0
0.11583006571840182,0.08394618242190403,0.0,0.0,0.0,0.0,0.01677829233728521,0.0,0.09350265733501152,0.0,0.0,0.0,0.0,0.12010235491105999,0.0,0.2796340572885357,0.2458906730434153,0.33812639651866283,0.26139813848920596,0.0,0.0,0.0,0.0,0.0,0.0,0.07377125419474143,0.13183497710840444,0.0,0.1469688662263089,0.0,0.17606893319294756,0.0,0.0,0.07451163873632596,0.0,0.0,0.0,0.1241741416802245,0.33747801609308303,0.26157759196543356,0.5013878212401017,0.0,0.0,0.0,0.48266258877114643,0.0,0.0,0.0,0.0,0.0,0.0,0.0,0.0,0.11727749905882812,0.0,0.19257017147845257,0.0,0.050252649370753445,0.0,0.3952054222129896,0.4627569955265569,0.3374786918264511,0.2225670093894873,0.0,0.2941215665938018,0.20407409796241582,0.6126368585718953,0.0,0.0,0.6373208773676527,0.5346331523546388,0.2735171844357523,0.2644623503259844,0.11254894711828334,0.40847654361745384,0.6616697140726556
0.5627118360117815,0.851317143237185,0.0,0.0,0.0,0.6955455639949756,0.0,0.3858960340332876,0.0,0.5557911825751644,0.0,0.4217149949022402,0.46599870532032217,0.0,0.0,0.3637026073760049,0.19152219793622802,0.0,0.0,0.0,0.5124300965025834,0.035233474950524514,0.0,0.33972854314066464,0.07377125419474143,0.0,0.5950300303127433,0.23888769302748997,0.48171483124159437,0.0,0.0,0.0,0.5478449688621577,0.1264399777191166,0.15281581152012888,0.0,0.0,0.0,0.0,0.31692212256236135,0.0,0.0,0.0,0.0,0.10504225842963534,0.017080688928571827,0.0,0.13396152605382664,0.0,0.0,0.0,0.0,0.11950688719825597,0.0,0.15663780206231048,0.0,0.4018207841157508,0.0,0.0,0.3542578689185306,0.0,0.3036171942241709,0.0,0.0,0.3698606660782611,0.1681409987724327,0.060549381649307135,0.0,0.2876947839984099,0.07852316670113617,0.0,0.0,0.0,0.0,0.34101106053957003,0.2669303039527928
0.5282058952599595,0.6665763726723718,0.0,0.0,0.0,0.6787962948194968,0.0,0.21964519713646374,0.0880685973580536,0.29802283516998973,0.0,0.06909916578898759,0.23094266772687508,0.0,0.11370025107555747,0.3527643391248639,0.0019157952446833327,0.0,0.0,0.19251649139730911,0.5986869997490047,0.14983421328712465,0.02262455582848437,0.0,0.13183497710840444,0.5950300303127433,0.0,0.0,0.6267330407652721,0.0,0.0,0.0,0.3999736542803259,0.2509902506687559,0.16053537329033327,0.0,0.0,0.0,0.0,0.20834456022527328,0.0,0.0,0.0,0.0,0.022626805177354544,0.039021715903619525,0.0,0.2554390595815726,0.0,0.0,0.0,0.0,0.13190192952923963,0.0,0.020406480333255532,0.0,0.07126086834155479,0.0,0.0,0.45686202094804734,0.0,0.17498587555929782,0.0,0.0,0.6763937311992637,0.42503934482477695,0.3234990829594345,0.03885464522085486,0.04482903269605769,0.285807976381342,0.0,0.0,0.0,0.0,0.2648750117866177,0.22921436026008335
0.29429100033311667,0.17816123692064928,0.086715775858251,0.07547541966552772,0.3045365091443614,0.3725755971370269,0.18283349078299466,0.4116991008856474,0.2079781146824575,0.40558677042907476,0.0,0.3748510171501163,0.4802830690511486,0.0,0.0,0.3311201805655279,0.004003586951532396,0.0,0.056384097163545845,0.0,0.2646821574649486,0.0,0.0,0.28048616820554334,0.0,0.23888769302748997,0.0,0.0,0.34858639490844184,0.27519409034015985,0.2596378224439095,0.0,0.30519021370517724,0.343336097442401,0.43170154592051546,0.0,0.0,0.011875823089781372,0.0,0.11050023001264764,0.0,0.0,0.0,0.0,0.0,0.13308503826186213,0.0,0.20272082476336667,0.0,0.0,0.0,0.0,0.050210339932460074,0.0,0.0,0.0,0.2872482398784626,0.0,0.1963468445679095,0.06132197030146822,0.0,0.007929716371707075,0.0,0.04606467379378643,0.0,0.09691013259255284,0.0,0.0,0.21572646606087115,0.0,0.0,0.0,0.06068215397876702,0.0,0.2651260514241465,0.0
0.7198049752214579,0.7324512840975451,0.0,0.0,0.058359106717416724,0.8293025789239574,0.1018837658487683,0.2876106588973378,0.20705626575384406,0.3894771399299939,0.0,0.04157217376861231,0.3215713694112137,0.016004920055223682,0.0,0.41158242784259763,0.0,0.0,0.0,0.0,0.7355738881116657,0.0,0.0,0.0,0.1469688662263089,0.48171483124159437,0.6267330407652721,0.34858639490844184,0.0,0.0,0.015267677932179334,0.0,0.42275911839669444,0.39341226170858423,0.32379323264184634,0.0,0.0,0.0,0.0,0.19308038751228487,0.0,0.0,0.0,0.0,0.16259450057639657,0.10193023095470917,0.0,0.09460462956315935,0.0,0.0,0.0,0.0,0.0,0.0,0.0,0.0,0.0,0.0,0.0,0.5957914959365326,0.0,0.13424027888911053,0.0,0.0,0.30731102070886307,0.4601347046493681,0.057920891090067185,0.0,0.0,0.29907606828209066,0.0,0.0,0.0,0.0,0.333250760203554,0.1956209103310013
0.0,0.0,0.30552610380590006,0.4522374754918726,0.47045324929161264,0.0,0.42041859627246925,0.018667237612462948,0.1696755763083383,0.10362342757991565,0.2173843578428056,0.048202648546417357,0.0,0.2109703275298366,0.0,0.0,0.0,0.07689497180039852,0.194335031979853,0.1945435991225967,0.0,0.03819175758705953,0.05494975582030273,0.017770631987699806,0.0,0.0,0.0,0.27519409034015985,0.0,0.0,0.34887988377867274,0.23252421320196914,0.0,0.04704222217119671,0.007002839478878417,0.39516337321342465,0.2694795738107991,0.13652140562207993,0.0,0.0,0.0,0.2583669447546198,0.4150688043930326,0.44754190335309657,0.0,0.14673637806367903,0.2681790888639283,0.041319175161050645,0.29109904774712303,0.11936238911902346,0.042254186046309816,0.23050715494232873,0.01792828152101007,0.21686572851898647,0.05315903333860043,0.1262046821383458,0.05836913218505143,0.22074977909390828,0.2197869867717138,0.0,0.0,0.0,0.29194223913185124,0.36739986778516265,0.0,0.06873870482389578,0.0,0.07113883676969429,0.0,0.0,0.0427809538577535,0.004137361712690686,0.3008357276672073,0.07335585645079551,0.0,0.0
0.12820748745611862,0.0,0.011967899400547918,0.0,0.11933566693855265,0.0,0.0,0.0,0.0,0.005944473626153884,0.0,0.0,0.0,0.0,0.06429879875090234,0.35736647422131307,0.0,0.0,0.0,0.07040872566378,0.11271151395657888,0.04526771258788301,0.0,0.0,0.17606893319294756,0.0,0.0,0.2596378224439095,0.015267677932179334,0.34887988377867274,0.0,0.032919195461477944,0.022520255606514585,0.6267906976784569,0.5320373476017569,0.0,0.0,0.24712529486689683,0.206134068653844,0.0,0.0,0.07810426755468824,0.2076124330139056,0.2200487363074795,0.0,0.44583277340469096,0.02757401194739204,0.0,0.12240742683579128,0.0,0.08763859600830885,0.0,0.0,0.01016237190872596,0.0,0.0,0.0,0.015005931276983839,0.21921285438880347,0.0,0.0,0.0,0.05650414125744627,0.0,0.0,0.4183036539393909,0.0,0.0,0.0,0.0,0.009500166476745196,0.1763171653733743,0.441514489485255,0.34477854632353877,0.3326117266035427,0.13934591066881374
0.0,0.0,0.4196373411163478,0.3464289643457475,0.1277871541166263,0.0,0.2233725851966483,0.0,0.0,0.0,0.4471594845861582,0.0,0.0,0.12053751092610293,0.1824793142332733,0.0,0.1502466384984841,0.7343574669756775,0.07028914791400052,0.30956878144278926,0.0,0.11071782646287022,0.14534706058290675,0.0,0.0,0.0,0.0,0.0,0.0,0.23252421320196914,0.032919195461477944,0.0,0.0,0.0,0.0,0.6181462527815165,0.6926052306051447,0.29964816502184904,0.7242634364618378,0.0,0.3871705771989243,0.7122816262836331,0.40635684783413767,0.22447096806916714,0.0,0.0,0.6987957252507436,0.0,0.5880245255822465,0.8156116213994674,0.6426463572634677,0.7712525671273115,0.0,0.7643220382776282,0.06883877265636269,0.632041662703185,0.0,0.093742487546576,0.015789864240398913,0.0,0.4187314957141825,0.0,0.6807600327653216,0.3125767859589022,0.0,0.0,0.0060479740897858856,0.16444656775216132,0.0,0.0,0.2934023538644011,0.37946722653433856,0.4234696414540471,0.38699757730426304,0.0,0.0
0.5461551088561752,0.45797660951976077,0.0,0.0,0.0,0.5762190995262588,0.0,0.4417238723470123,0.0,0.4775000057796378,0.0,0.3057783113845935,0.31001902213834037,0.0,0.0,0.4586442103835664,0.11765220820374082,0.0,0.0,0.0,0.45414022163545714,0.044120095328746695,0.2169821951542399,0.252209803170271,0.0,0.5478449688621577,0.3999736542803259,0.30519021370517724,0.42275911839669444,0.0,0.022520255606514585,0.0,0.0,0.5086825288163166,0.3112863879951318,0.0,0.0,0.0,0.0,0.5324260906460335,0.0,0.0,0.0,0.0,0.11736611673093161,0.23185711088659616,0.0,0.25979748174421485,0.0,0.0,0.0,0.0,0.20109887637330467,0.0,0.16043056673976885,0.0,0.3279016907555661,0.11373672375436483,0.024275579129348215,0.05807096401942237,0.0,0.08279366241864188,0.0,0.0,0.15695891463876263,0.33371732122345815,0.0,0.1082370064556519,0.2780882684772471,0.0,0.0,0.0,0.0,0.0,0.3421842676439329,0.15756950601005004
0.45208633923968,0.23456056022190314,0.0,0.0,0.0,0.3309585459124219,0.0,0.22809949199711627,0.0,0.27289482300034823,0.0,0.0,0.0,0.0,0.0,0.48741664509084726,0.0,0.0,0.0,0.0,0.4538305445373245,0.021941195755669704,0.0,0.0,0.07451163873632596,0.1264399777191166,0.2509902506687559,0.343336097442401,0.39341226170858423,0.04704222217119671,0.6267906976784569,0.0,0.5086825288163166,0.0,0.7861914354661579,0.0,0.0,0.028990128763769017,0.0,0.3204479259322305,0.0,0.0,0.0,0.0,0.0,0.4053537885293321,0.0,0.0,0.0,0.0,0.0,0.0,0.11094397666582376,0.0,0.0,0.0,0.0,0.0,0.1625794986674443,0.13682433812911426,0.0,0.0,0.0,0.0,0.13647764951493904,0.48719571499351744,0.0,0.0,0.15978570373875345,0.0,0.0,0.0,0.0,0.018986875624284357,0.43228807837776534,0.13920164772453425
0.37341140604152095,0.22392227707280926,0.0,0.0,0.0,0.3220905611016157,0.0,0.31272567208468455,0.0,0.34909566847604856,0.0,0.0327748668870042,0.035050744041805845,0.0,0.018168609946786405,0.37048601639458695,0.0,0.0,0.0,0.0,0.37666675352902573,0.01851508472617662,0.0,0.0907416855146432,0.0,0.15281581152012888,0.16053537329033327,0.43170154592051546,0.32379323264184634,0.007002839478878417,0.5320373476017569,0.0,0.3112863879951318,0.7861914354661579,0.0,0.0,0.0,0.03555682826372267,0.0,0.21504857182713424,0.0,0.0,0.0,0.0,0.0,0.36592016521723825,0.0,0.0,0.0,0.0,0.0,0.0,0.1634170633769705,0.0,0.0,0.0,0.05893180513154625,0.0,0.1595159562236045,0.11211510789024733,0.0,0.0,0.0,0.0,0.09709866962099435,0.3272884137673566,0.0,0.0,0.19943590424883845,0.0,0.0,0.0,0.0,0.0,0.45507035546256047,0.044456456430064094
0.0,0.0,0.32495261845391876,0.711530261406963,0.03559222875054821,0.0,0.148513315806957,0.0,0.0,0.0,0.24721771696093991,0.0,0.0,0.24139214826956415,0.24854600496275803,0.0,0.0,0.37604569971873797,0.050062449751641994,0.37056255932841314,0.0,0.17626812117264143,0.2350803534284239,0.0,0.0,0.0,0.0,0.0,0.0,0.39516337321342465,0.0,0.6181462527815165,0.0,0.0,0.0,0.0,0.8083636844177982,0.0,0.3028283487407406,0.0,0.15844491501585,0.50644883070236,0.6317711798910003,0.5191398800093615,0.0,0.0,0.49122239702598247,0.0,0.6336349528968737,0.5414216334372298,0.48886207116040165,0.6963997632795534,0.01718796188712153,0.4462343205139174,0.32250709415011347,0.28789571183809287,0.06540255335546016,0.2324651358767719,0.22647886881638418,0.0,0.13146949871550273,0.0,0.43401160267335814,0.3111505735711883,0.0,0.0,0.0,0.0,0.0,0.0,0.031424901244823375,0.24732819735173212,0.2726413003147202,0.3323057493074175,0.0,0.0
0.0,0.0,0.19172458440511647,0.6411760871673478,0.0,0.0,0.05141280732013697,0.0,0.0,0.0,0.205188265095658,0.07692754497578788,0.0,0.03701272369769117,0.32478831150826504,0.0,0.0,0.37479697237158577,0.0,0.35369064919187304,0.0,0.2553055214410759,0.23479639114660328,0.04957030879298946,0.0,0.0,0.0,0.0,0.0,0.2694795738107991,0.0,0.6926052306051447,0.0,0.0,0.0,0.8083636844177982,0.0,0.0,0.40817731489779724,0.0,0.1484817471206305,0.5761448330739143,0.47154447128599447,0.37109640217182416,0.0,0.0,0.4777656185016575,0.0,0.6808984899765748,0.6532711361260884,0.5698603353446071,0.7407313058622403,0.05060993197627098,0.44635464479144255,0.41432837088299457,0.2844695164565013,0.14416319902339114,0.15290539868860398,0.10885423439601513,0.0,0.08304207615231897,0.0,0.5003842223906901,0.22216657909700535,0.0,0.0,0.0,0.030281673167298396,0.0,0.0,0.019850919149780592,0.25728537858255734,0.23976512323240282,0.4222507511425724,0.0,0.0
0.0,0.0,0.2695019505678303,0.0,0.2783421039540064,0.0,0.14734540208534494,0.0,0.22061957450750094,0.0,0.2855168160538107,0.0,0.014575145880193388,0.07254961592821749,0.0,0.0,0.10421743999827478,0.28470388795641444,0.1342198736827465,0.0,0.0,0.0,0.0,0.06975157918066299,0.1241741416802245,0.0,0.0,0.011875823089781372,0.0,0.13652140562207993,0.24712529486689683,0.29964816502184904,0.0,0.028990128763769017,0.03555682826372267,0.0,0.0,0.0,0.269173138887417,0.13103196386562907,0.20889583785353533,0.21678261284982828,0.08991041961544452,0.02024494739280851,0.3184411157484806,0.09879776200034039,0.2571777194167662,0.09363521592979747,0.05196169272912197,0.24496797703191642,0.09557902450534053,0.1164008055580302,0.0,0.2690434221770886,0.0,0.3150786917101641,0.0,0.0,0.07659831140733803,0.0,0.210680931439465,0.011777472785294367,0.2390086050250129,0.16449723542565434,0.0,0.0,0.036793531262569096,0.041445063699735614,0.08517390299674582,0.07864808329003752,0.18737542018969058,0.06938845796294975,0.25489027876014214,0.0,0.030807954411875192,0.0
0.0,0.0,0.27453995380343915,0.0,0.0,0.0,0.0,0.0,0.0,0.0,0.19758957393059415,0.0,0.0,0.0,0.09964393005630229,0.0,0.31039749927931787,0.6051721152706383,0.1304916736377437,0.20386111308627725,0.0,0.07907114863205791,0.07625493747309023,0.0,0.33747801609308303,0.0,0.0,0.0,0.0,0.0,0.206134068653844,0.7242634364618378,0.0,0.0,0.0,0.3028283487407406,0.40817731489779724,0.269173138887417,0.0,0.008051964323538711,0.5987143835229248,0.5245196852007613,0.3126130914356948,0.1280325885720168,0.07917128026927205,0.08225986983619409,0.5986192369673886,0.0,0.4042063582591355,0.529311775168897,0.6660611595258044,0.5516785821585048,0.0,0.5241076989731348,0.02730307812913663,0.4141462833130121,0.0,0.15287956907099973,0.06009678194607151,0.0,0.47600382143838954,0.16638355528211016,0.6061125945455521,0.0634963766542144,0.0,0.0,0.26233502674012177,0.0178957164718853,0.02832982898308815,0.0734098862135461,0.49173558749069396,0.5012693320107853,0.5089839791342865,0.4836958895003032,0.027500399679409343,0.23656471160578035
0.2779372504252869,0.28498578652457796,0.08116170019514726,0.0,0.0,0.2906313499461561,0.0,0.14832682354747592,0.2531801004992449,0.0,0.0,0.0,0.2114753076233777,0.0,0.0,0.3415565070908732,0.09692973604966416,0.0,0.1544606038793175,0.0,0.15269218926388883,0.0,0.0,0.094119059932927,0.26157759196543356,0.31692212256236135,0.20834456022527328,0.11050023001264764,0.19308038751228487,0.0,0.0,0.0,0.5324260906460335,0.3204479259322305,0.21504857182713424,0.0,0.0,0.13103196386562907,0.008051964323538711,0.0,0.10669536416739353,0.0,0.0,0.0,0.5526224751095327,0.06430243829676416,0.0,0.366394451552992,0.0,0.0,0.0,0.0,0.005627878353752475,0.0,0.0,0.0,0.0,0.0,0.0,0.3320725881109903,0.0,0.33564224815667953,0.0,0.0,0.2969438216732515,0.13104130685674187,0.2923598848499746,0.09728185940922424,0.37028129121289854,0.2750225848638386,0.1954845515360471,0.0,0.0,0.0,0.39985261698532665,0.39870774185832025
0.0,0.0,0.2458593360025384,0.0,0.0,0.0,0.0,0.0,0.10428485571759878,0.0,0.13579987578368463,0.0,0.0,0.19010001492983872,0.0,0.0,0.17896679590831022,0.5171478307715777,0.28757915596784817,0.004853464337269967,0.0,0.0,0.0,0.0,0.5013878212401017,0.0,0.0,0.0,0.0,0.0,0.0,0.3871705771989243,0.0,0.0,0.0,0.15844491501585,0.1484817471206305,0.20889583785353533,0.5987143835229248,0.10669536416739353,0.0,0.2952722311092541,0.1725951554767131,0.1670880367599016,0.3306063944323736,0.0,0.40665343374010676,0.0,0.2501134134845174,0.2649185457688522,0.3341403800773057,0.31663559734429375,0.0,0.408267248586621,0.0,0.3329234322314586,0.0,0.1047331392279051,0.0,0.0,0.57165576224858,0.3247835586423365,0.5750605941186381,0.0,0.04648314221702785,0.0,0.4176945555145611,0.0,0.0,0.3723579121427618,0.5340012944523336,0.31580581364582344,0.3447036357301841,0.27982631595057467,0.021538560985872018,0.4903712846593158
0.0,0.0,0.2435632886232907,0.31923879673564587,0.15318753145587743,0.0,0.15851069733916284,0.0,0.0,0.0,0.299874396209282,0.0,0.0,0.09569196103172611,0.1788255872913643,0.0,0.07324821368159974,0.4136940567951827,0.020387040106273575,0.15579116427947667,0.0,0.010226694789852695,0.010278804285191831,0.09542542215010125,0.0,0.0,0.0,0.0,0.0,0.2583669447546198,0.07810426755468824,0.7122816262836331,0.0,0.0,0.0,0.50644883070236,0.5761448330739143,0.21678261284982828,0.5245196852007613,0.0,0.2952722311092541,0.0,0.1703575129576726,0.0,0.0,0.0,0.42714892089253714,0.0,0.4320076030534449,0.6112562287254195,0.5036485696388769,0.5124158416751262,0.013512954303169624,0.4454156532114708,0.0,0.3513073671462273,0.0,0.0,0.0,0.0,0.2956067307240665,0.0,0.5159328474222459,0.17824184811419705,0.0,0.0,0.0,0.13780513837485736,0.0,0.0,0.0,0.18392337020643906,0.21775380922291537,0.32481322811919494,0.0,0.0
0.0,0.0,0.2829834542575991,0.5374979237093755,0.12395499305985044,0.0,0.0790156484025353,0.0,0.0,0.0,0.06107888272235936,0.0,0.0,0.19923234631785583,0.10901393479231299,0.0,0.0,0.30669698704976084,0.17298167738005,0.27611933779594455,0.0,0.15900167250014627,0.19943007386336278,0.0,0.0,0.0,0.0,0.0,0.0,0.4150688043930326,0.2076124330139056,0.40635684783413767,0.0,0.0,0.0,0.6317711798910003,0.47154447128599447,0.08991041961544452,0.3126130914356948,0.0,0.1725951554767131,0.1703575129576726,0.0,0.6655897363026472,0.0,0.06784286952141515,0.4329383104872937,0.0,0.5467848172930263,0.2735709881727378,0.3889634847110117,0.4601270530683769,0.0,0.34720836190403204,0.24391742983985162,0.1539446687891895,0.0,0.3981473101831035,0.6018030178567114,0.0,0.12169373557546759,0.0,0.3193289623273474,0.2361873273089325,0.0,0.0,0.007034968919452919,0.0,0.0,0.0,0.19475954161387873,0.36109593941603035,0.44841823503036565,0.2701478017588983,0.0,0.0
0.0,0.0,0.18531039094025387,0.6739723583132435,0.16927241265552045,0.0,0.06713274553044804,0.0,0.0,0.1479887075463316,0.0672400606580082,0.007956733892598334,0.0,0.1252209260600375,0.03458594151653683,0.0,0.0,0.12668926731656355,0.07162979030380479,0.25112795241049185,0.0,0.2277566790589133,0.10514422140119518,0.0,0.0,0.0,0.0,0.0,0.0,0.44754190335309657,0.2200487363074795,0.22447096806916714,0.0,0.0,0.0,0.5191398800093615,0.37109640217182416,0.02024494739280851,0.1280325885720168,0.0,0.1670880367599016,0.0,0.6655897363026472,0.0,0.0,0.2893669533742154,0.2819789144992314,0.0,0.38009143923719674,0.05700168542451041,0.11337628355373378,0.35621162154362324,0.0,0.15221046935931004,0.2940963126070104,0.0,0.1001668952907113,0.3498059336451321,0.47707267526991987,0.0,0.0724201490947347,0.0,0.273441614401658,0.13657380072635128,0.0,0.06671454339551344,0.030656404543664077,0.0,0.0,0.0,0.2411983918477559,0.22008211877223413,0.3278551016289517,0.2670862151299079,0.0,0.0
