0.0,0.2013116084507464,0.0,0.0,0.0,0.21224343330692763,0.0,0.0,0.0,0.0,0.0,0.0,0.0,0.21172875455670437,0.3916491869324246,0.1346352405671507,0.0,-0.003679212694255766,0.0,0.21380437774177644,0.4960596447247103,0.2915895266435941,0.0,0.26594836822412166,0.20469927493729234,0.0,0.022512159034716685,0.0,0.19063950069690522,0.07489416837533572,0.2491091898201553,0.4403794171520789,0.43313857479086487,0.0,0.0,0.0,0.0,0.0,0.4485393582053232,0.41032661653577135,0.3701187389865095,0.23538378118378314,0.0,0.0,0.09286758117469116,0.3731090002369223,0.37664271847597813,0.0,0.0,0.0,0.17584647801534772,0.0,0.10641613714237523,0.0,0.0,0.0,0.0,0.0,0.0,0.38959563572851497,0.34450969157580813,0.24472533549660674,0.1301783346173353,0.0,0.21126414723878806,0.5270417216924875,0.2933026037533822,0.0,0.31211711758187477,0.25356598969839417,0.025556377314196462,0.24752341515860543,0.0,0.32666297137925404,0.0,0.14820280272397088
0.2013116084507464,0.0,0.0,0.0,0.0,0.4539601749061888,0.0,0.07951593780165467,0.0,0.21073761332778113,0.0,0.0,0.0,0.10825659964274174,0.2864320348050383,0.3426770602604911,0.1312662015840846,0.35572500052594563,0.0,0.3864181299359493,0.1953343053595738,0.4548057303853606,0.09298091525584556,0.26931369073235467,0.5187453407967321,0.3816236744826626,0.40929159489274025,0.0,0.02976262700740677,0.0,0.059477828753684944,0.25515414460636826,0.27929096600780495,0.0,0.0,0.0,0.0,0.0,0.23160086214290948,0.24409640764259,0.1711754312035063,0.0,0.06333475271977215,0.05856926024565496,0.035538086151301516,0.0,0.5003244459524501,0.0,0.0,0.0,0.3681441029520429,0.0,0.04337382322576752,0.0,0.0,0.0,0.0,0.2346892336696117,0.0,0.2974234210253831,0.48088498251828343,0.42106299402866465,0.4305151134531872,0.0,0.4292368911373315,0.19037951621194613,0.4818420428178957,0.0,0.13831328976607513,0.4197000611315124,0.24686711430978492,0.4514236110771505,0.033682211051208034,0.25739025214332206,0.013806609267151064,0.0
0.0,0.0,0.0,0.09157875521001296,0.3843825393681858,0.0,0.10902160484584646,0.09694977264877,0.4207723355387547,0.017952583918633302,0.5458016133163156,0.2141748994333674,0.058568930491132654,0.0,0.0,0.0,0.06811466320023714,0.0,0.532456471155315,0.03675199675351006,0.0,0.0,0.28275998195003316,0.0,0.0,0.0,0.05399464276544732,0.21945277254891726,0.0,0.0,0.0,0.0,0.0,0.0,0.0887315274401716,0.09936347473687511,0.020695099391051453,0.0,0.0,0.0,0.0,0.0,0.0,0.0,0.021804833768842572,0.0,0.0,0.6071225740367171,0.09035033181511161,0.3733968596711656,0.0,0.13027021668945918,0.0,0.4929118047780853,0.09108156205731864,0.5415166369871132,0.20689512770511725,0.0,0.24157927939767682,0.0,0.0,0.0,0.0,0.5348756362452748,0.0,0.0,0.0,0.4117193401123782,0.0,0.0,0.0,0.0,0.24585130532514646,0.0,0.07981211297825583,0.023205252610724182
0.0,0.0,0.09157875521001296,0.0,0.1630314854926964,0.0,0.23110331708866133,0.097683194571617,0.08470365046593857,0.018232473229217755,0.1243698855005039,0.26868983841714245,0.3064476985965967,0.11760526059689777,0.0,0.0,0.0,0.0,0.07188719455321409,0.0,0.0,0.0,0.0,0.0,0.0,0.048104129293311704,0.0,0.20114016029932377,0.0,0.03505024661196878,0.0,0.0,0.0,0.16159111737857323,0.1810523916943522,0.4016811626208112,0.33918106893107974,0.08304192956169557,0.0,0.0,0.0,0.05957439700082328,0.0,0.0,0.0,0.0,0.0,0.09608964192636842,0.03495057668321831,0.10529414167236269,0.0,0.0,0.0340820221390022,0.11064909788735673,0.022327991630662344,0.08477953295155842,0.21564835428302404,0.0,0.20585747117929684,0.0,0.0,0.0,0.0,0.0019294285102614216,0.0,0.0,0.0,0.01066604417907997,0.0,0.0,0.0,0.0,0.0,0.0,0.05096349417471283,0.034561405269592414
0.0,0.0,0.3843825393681858,0.1630314854926964,0.0,0.0,0.43631918567551814,0.002861789728620709,0.5250802857697732,0.0,0.48912419464333595,0.29825201090416675,0.20958176414725943,0.0,0.0,0.0,0.17894888764151748,0.0,0.37954862616177676,0.0,0.0,0.0,0.0,0.0,0.0,0.015252920551321266,0.0,0.11763133595407146,0.0,0.0,0.0,0.0,0.0,0.08597876839286452,0.35279212083442396,0.16278958375281158,0.10806293237554057,0.13419557435924842,0.0,0.0,0.0,0.0,0.04988764481111827,0.17007433250920373,0.010850939377069206,0.0,0.0,0.4362888230073408,0.3403790886328493,0.5833268403763752,0.0,0.34076932486682826,0.0,0.5613432204218998,0.20519407469593717,0.3568328066245925,0.27443799242082617,0.0,0.34995456171136774,0.0,0.0,0.0,0.0,0.2950083646655964,0.0,0.0,0.0,0.14869673620551274,0.0,0.0,0.0,0.0,0.11284508377281217,0.0,0.033121083594227274,-0.002372505188465462
0.21224343330692763,0.4539601749061888,0.0,0.0,0.0,0.0,0.0,0.31063474464680946,0.0,0.06677824809735024,0.0,0.0,0.11333439050772462,0.17553150354570965,0.3391611615142305,0.24920287955546877,0.0,0.23695208982908456,0.0,0.31263964571887204,0.345035084508193,0.2982599289289379,0.3308352799598332,0.20448649455755843,0.34965785474173955,0.17608063367533403,0.43165255124968194,0.0,0.03462195532612832,0.0,0.0,0.32300955922959335,0.3190746570152092,0.0,0.0,0.0,0.0,0.0,0.27324146812708333,0.315073730348754,0.16641294379440744,0.02474802024879039,0.0,0.0,0.03277889591760862,0.0,0.4226652362746974,0.0,0.0,0.0,0.5099213666223604,0.0,0.3116606416113049,0.0,0.0,0.0,0.0,0.28131090139672676,0.0,0.3364071067158892,0.32518201667436986,0.2433531125408868,0.30867104367087816,0.0,0.2930669038684288,0.2865179129173054,0.3421854481714862,0.0,0.18154957497471305,0.27669493500153125,0.06480479477570092,0.45035281679544464,0.0,0.18041118200445294,0.0,0.0
0.0,0.0,0.10902160484584646,0.23110331708866133,0.43631918567551814,0.0,0.0,0.0862089106265056,0.316987589676616,0.17581600646588175,0.26351021612485936,0.36545371384008746,0.38624917661736513,0.0,0.0,0.0,0.34925992087798335,0.15029449617407878,0.22702391569809194,0.0,0.0,0.0,0.0,0.0,0.0,0.2604812597186676,0.0,0.14614167838476008,0.02371079524101052,0.0,0.0,0.0,0.0,0.24132418442153653,0.3917065136221879,0.3141773841536411,0.235921898108173,0.15554508515749726,0.0,0.0,0.0,0.0,0.1827294596488588,0.24229305948549082,0.0,0.0,0.0,0.26086408386795457,0.3200373504263573,0.4010974237611428,0.0,0.433129516605574,0.0,0.3067206172022581,0.3904331918854028,0.0560508102874092,0.3843619296084802,0.011684140099410335,0.24767959450105098,0.0,0.0,0.0,0.0,0.108736648405488,0.0,0.0,0.0,0.01560696933109799,0.0,0.0,0.19742540454474597,0.0,0.00894473237647929,0.0,0.08740444052607488,0.03227457826407995
0.0,0.07951593780165467,0.09694977264877,0.097683194571617,0.002861789728620709,0.31063474464680946,0.0862089106265056,0.0,0.0,0.12125087734503671,0.0,0.25602253655310286,0.19775039820264187,0.12762051221662438,0.14215320318304792,0.0,-0.01048330202750456,0.0,0.0,0.08423408674835495,0.2296018640115474,0.13157608780729052,0.42166884403265026,0.28523824862882563,0.0005981903741117683,0.2125920930077537,0.15885053397692817,0.049775911729497586,0.0,0.06860357321578081,0.0,0.10809801610926811,0.021749454065603736,0.0,0.0,0.13294519278199726,0.050895900404575645,0.08363139080488691,0.011423805005642863,0.04986883439677348,0.05902240409601694,0.038235836966166836,0.0,0.0,0.06635696624931318,0.0,0.0,0.1394578833477331,0.0,0.0,0.17647316736455604,0.0,0.41813365799652324,0.030798267917336544,0.0,0.15001240982534536,0.16503166125328558,0.13207011130244398,0.0,0.10175511842666027,0.0,0.0,0.0,0.06298788180902468,0.0,0.1598056812268662,0.061951726290651245,0.24108074650170433,0.17205234811813214,0.0,0.0,0.02213393672290809,0.06137882481652502,0.0,0.0,0.0
0.0,0.0,0.4207723355387547,0.08470365046593857,0.5250802857697732,0.0,0.316987589676616,0.0,0.0,0.0,0.4413807008280789,0.21119361010441773,0.1408805082127277,0.0,0.0,0.0,0.1385497371073143,0.0,0.41855798985080467,0.0,0.0,0.0,0.09227644500942044,0.0,0.0,0.0,0.09944265227200792,0.08229591728920077,0.0,0.0,0.0,0.0,0.0,0.0,0.2460542537455363,0.0568087445197597,0.04042914471768986,0.055491438368259774,0.0,0.0,0.0,0.0,0.03902039860717612,0.1551333733265467,0.02633651030675907,0.0,0.0,0.38660423851418874,0.30413514574826517,0.5066635755222159,0.0,0.35403126584063555,0.0,0.5951532592249426,0.1712163142641196,0.32917967618115695,0.22111821135252022,0.0,0.29810413286100795,0.0,0.0,0.0,0.0,0.31419897469640634,0.0,0.0,0.0,0.20213880666436998,0.0,0.0,0.0,0.0,0.12648686077299914,0.0,0.0,0.0
0.0,0.21073761332778113,0.017952583918633302,0.018232473229217755,0.0,0.06677824809735024,0.17581600646588175,0.12125087734503671,0.0,0.0,0.0,0.3584416993462954,0.0940573370694593,0.01596455843300564,0.0,0.09627121698045144,0.427638044255952,0.33053718647221986,0.07969463577149088,0.016985011144821146,0.0,0.15370761953875473,0.07398755013690039,0.3173912444728814,0.37546032750136066,0.4835014944444105,0.026727568233820283,0.1395901752978443,0.01425241216602078,0.004680432473752904,0.060194644555167424,0.0,0.015549636329425767,0.0,0.0,0.07757077262281346,0.11065404180688035,0.15412744733784808,0.0,0.0,0.10014281014858986,0.0,0.1239197489045275,0.0706714598610418,0.18733860360059287,0.0,0.046995280136978415,0.11632591513219484,0.0,0.0,0.10673365025463478,0.2948308562379937,0.02159097728381851,0.0,0.4624179325252073,0.0,0.4056233245299808,0.2209335550974181,0.0,0.0,0.10204502782391635,0.3794577500965165,0.2831686765750907,0.09282036884942664,0.06633031286179328,0.0,0.15673460864431538,0.013555836963744513,0.14909582131063082,0.27896318124347763,0.49401903843222666,0.008263559830914693,0.09742524222018173,0.045151507757853586,0.3108358789445104,0.21392372526723355
0.0,0.0,0.5458016133163156,0.1243698855005039,0.48912419464333595,0.0,0.26351021612485936,0.0,0.4413807008280789,0.0,0.0,0.2370279352007329,0.08379392163347463,0.0,0.0,0.0,0.10601105080362029,0.0,0.5288968804880481,0.0,0.0,0.0,0.05650139789080289,0.0,0.0,0.0,0.0,0.1788032384283831,0.0,0.0,0.0,0.0,0.0,0.013267425151491262,0.3041301452836337,0.18288375217675967,0.09832515598620226,0.011530305132183356,0.0,0.0,0.0,0.0,0.0,0.0,0.0,0.0,0.0,0.5346210571524903,0.2381469641746167,0.501736361774871,0.0,0.1821089155571245,0.0,0.5448582071562567,0.15072446442987725,0.5030941553357651,0.20887537292925887,0.0,0.35536269795724806,0.0,0.0,0.0,0.0,0.46430255607923865,0.0,0.0,0.0,0.270271607427269,0.0,0.0,0.0,0.0,0.08768078356357244,0.0,0.0,0.0
0.0,0.0,0.2141748994333674,0.26868983841714245,0.29825201090416675,0.0,0.36545371384008746,0.25602253655310286,0.21119361010441773,0.3584416993462954,0.2370279352007329,0.0,0.30296993510859854,0.0,0.0,0.0,0.3877185143459007,0.07112094588074755,0.24999916121290677,0.0,0.0,0.0,0.07890429986232603,0.1463318798665196,0.0,0.365997847760163,0.0,0.29113537918478744,0.0,0.07106026318316006,0.0,0.0,0.0,0.04103382248854164,0.14990454987450186,0.32126184149714565,0.26578554429832246,0.20850202424829656,0.0,0.0,0.0,0.0,0.09581299042661277,0.16287801745647232,0.05261360969331793,0.0,0.0,0.32526111018223913,0.13586347567946536,0.2903659095739883,0.0,0.27682507817499563,0.02903507883237304,0.24181305402618644,0.3368839731438626,0.13007751344813798,0.5578161620966593,0.06384205178280059,0.22696817767295663,0.0,0.0,0.0,0.0,0.21353061326558723,0.0,0.0,0.0,0.1234526829569914,0.0,0.0,0.21069403061469555,0.0,0.14064254607042098,0.0,0.20047697582100948,0.13320279223926298
0.0,0.0,0.058568930491132654,0.3064476985965967,0.20958176414725943,0.11333439050772462,0.38624917661736513,0.19775039820264187,0.1408805082127277,0.0940573370694593,0.08379392163347463,0.30296993510859854,0.0,0.0,0.0,-0.016848642265119347,0.22531147377960814,0.12735384482158915,0.12609054348390786,0.0,0.0,0.0,0.0,0.0,0.0,0.2196889626418187,0.0,0.23190290354857665,0.0,0.06322371242277926,0.0,0.0,0.0,0.05195834368865129,0.1889735553744696,0.2395702667106657,0.23033846292173016,0.043219692150537635,0.0,0.0,0.0,0.0,0.016111325962404905,0.12942810843408017,0.0,0.0,0.0,0.10584045995050283,0.1303738555861175,0.1846264097341163,0.0,0.1707664974481512,0.027633904368824343,0.11458564682273054,0.07557140339308813,0.0290184812290158,0.3047209717334637,0.26523127179813344,0.14980352716604461,0.0,0.0,0.0,0.0,0.05696997608521063,0.0,0.0,0.0,0.0,0.0,0.0,0.027438179757563685,0.0,0.13094565692127333,0.0,0.045723613022326054,0.0
0.21172875455670437,0.10825659964274174,0.0,0.11760526059689777,0.0,0.17553150354570965,0.0,0.12762051221662438,0.0,0.01596455843300564,0.0,0.0,0.0,0.0,0.2911824409338617,0.06618312423072714,0.0,0.0,0.0,0.10083167033098439,0.3558028146338388,0.17807344328442662,0.035796389122490654,0.14402104944946378,0.07179346972999312,0.0,0.019465010007563968,0.0,0.0,0.05738655419557207,0.025871392112263143,0.27724764916521977,0.1981253736045587,0.0,0.0,0.09737418682624197,0.02482395132992324,0.0,0.23653632124189192,0.24795922074852242,0.21058750053673647,0.16890483760163852,0.0,0.0,0.0041686738424242436,0.08586982438325393,0.22363020786729512,0.0,0.0,0.0,0.16813513397150448,0.0,0.2015048880360847,0.0,0.0,0.0,0.0,0.0,0.0,0.325986312721624,0.14543930096537774,0.07536456086412628,0.05479369944806194,0.0,0.1558671465180323,0.3140047168691904,0.19336293890001607,0.0,0.19007223919717361,0.11496231421653964,0.014390573798406124,0.2184002572915461,0.0,0.15122348378592432,0.0,0.1022232795405138
0.3916491869324246,0.2864320348050383,0.0,0.0,0.0,0.3391611615142305,0.0,0.14215320318304792,0.0,0.0,0.0,0.0,0.0,0.2911824409338617,0.0,0.11809615417156406,0.0,0.0,0.0,0.451567222005643,0.5354450323095565,0.47505921296750114,0.20518079064066505,0.16299526411663698,0.20205777540212577,0.0,0.2690982771103588,0.0,0.04400667868137169,0.10135298746394678,0.10407025636491643,0.3509449973026657,0.2291262348408025,0.0,0.0,0.0,0.0,0.0,0.29416363943645857,0.3249028212139238,0.23682142300715053,0.11637256894092199,0.0,0.0,0.06014599637850214,0.0723151335058014,0.4176470119089227,0.0,0.0,0.0,0.3937465663803438,0.0,0.2820533335254747,0.0,0.0,0.0,0.0,0.01392763806824101,0.0,0.6430472653018262,0.35589848439643973,0.27404673459689766,0.2248647923405109,0.0,0.4474901992176559,0.51154102996734,0.4924685920996288,0.0760848024051326,0.21731545543432035,0.20544781093698858,0.0,0.45157609645783675,0.05086589879495615,0.3320486885573026,0.0,0.007043511982170558
0.1346352405671507,0.3426770602604911,0.0,0.0,0.0,0.24920287955546877,0.0,0.0,0.0,0.09627121698045144,0.0,0.0,-0.016848642265119347,0.06618312423072714,0.11809615417156406,0.0,0.17928683799232378,0.4772925540389754,0.0,0.12724889591007885,0.0843884043295219,0.22106099500636453,0.0,0.15138489467888902,0.3580661293891679,0.20009048704659818,0.15076486944557707,0.0,0.1601124712269261,0.05610346424588576,0.21068711995962724,0.13659863639312841,0.24278022872350452,0.0,0.0,0.0,0.0,0.0,0.11727736765728439,0.10894036094978132,0.05391783143819663,0.0,0.17806274120566626,0.08320628101715975,0.0,0.02078318459623936,0.28895148240605184,0.0,0.0,0.0,0.16248621364059956,0.010679936822833448,0.0,0.0,0.04448663581130937,0.0,0.0,0.12350328348450917,0.0,0.14217229909381013,0.3258883141453664,0.36823052761009706,0.3724486169464531,0.0,0.16925067520333265,0.07344491240913005,0.1782563765773605,0.0,0.12154829566468477,0.3675320043256995,0.21819534242927102,0.1904467816891963,0.0,0.2807957406008897,0.06256537368438093,0.0
0.0,0.1312662015840846,0.06811466320023714,0.0,0.17894888764151748,0.0,0.34925992087798335,-0.01048330202750456,0.1385497371073143,0.427638044255952,0.10601105080362029,0.3877185143459007,0.22531147377960814,0.0,0.0,0.17928683799232378,0.0,0.42621529194102725,0.2168887441504929,0.0,0.0,0.01706681702872634,0.0,0.13461689595049067,0.23717912615585313,0.462247147160219,-0.0003233105729453357,0.22310239765200324,0.0963408970045565,0.0,0.11196184849993351,0.0,0.0,0.0,0.11359973091529516,0.10398074889074793,0.21090832729295114,0.07790832181630956,0.0,0.0,0.0,0.0,0.26381296938876125,0.2689321977254872,0.0,0.0,0.0,0.1760795951136062,0.09691597976885785,0.1848916538508721,0.0,0.37726179153847855,0.0,0.09014771355996297,0.4570607321555554,0.0,0.43861344715829814,0.1663037222600931,0.05818829387533612,0.0,0.0,0.25627926119259553,0.19706633719670838,0.1681023307374033,0.0,0.0,0.0,0.0,0.0,0.1125761445979215,0.4036276605324026,0.0,0.15458721266458939,0.0,0.2545037937367118,0.17257479033429202
-0.003679212694255766,0.35572500052594563,0.0,0.0,0.0,0.23695208982908456,0.15029449617407878,0.0,0.0,0.33053718647221986,0.0,0.07112094588074755,0.12735384482158915,0.0,0.0,0.4772925540389754,0.42621529194102725,0.0,0.0,0.08002499618759876,0.0,0.15331836763935747,0.0,0.18542444445660797,0.4802729707951396,0.40319988503416093,0.19368220580223355,0.0,0.16450307970653194,0.0,0.08872332414323028,0.02142628170633167,0.13616201769524747,0.0,0.0,0.0,0.044586012321504345,0.02068139086063171,0.023878451242457775,0.0,0.012873017396084036,0.0,0.2779688315956099,0.13708033425353464,-0.006366001501048021,0.0,0.188539552180006,0.0,0.007522927324706801,0.0,0.13177080197594224,0.22874695177307108,0.0,0.0,0.2883250252389686,0.0,0.19123059810388038,0.18584413502633973,0.0,0.0,0.20239407319159036,0.3935371323602467,0.4280782445645877,0.0,0.11522936219935803,0.0,0.11971902055178486,0.0,0.0904838937116369,0.39845405886648533,0.38737036415483744,0.11462722848602605,0.0,0.14379050980086383,0.12616881375272232,0.0
0.0,0.0,0.532456471155315,0.07188719455321409,0.37954862616177676,0.0,0.22702391569809194,0.0,0.41855798985080467,0.07969463577149088,0.5288968804880481,0.24999916121290677,0.12609054348390786,0.0,0.0,0.0,0.2168887441504929,0.0,0.0,0.0,0.0,0.0,0.09610061624953205,0.0,0.0,0.07534058010213066,0.0,0.2624577088040834,0.0,0.0,0.0,0.0,0.0,0.0,0.21636519003700524,0.18160329589111085,0.09513533265726888,0.0,0.0,0.0,0.0,0.0,0.012359924644840238,0.08316429756772062,0.0,0.0,0.0,0.48280249271072556,0.19114614417008696,0.36806168067276324,0.0,0.25644076653733494,0.0,0.4199431467470474,0.21322891710457023,0.3544857174985415,0.27882458914249264,0.027242138630745958,0.2721416407724761,0.0,0.0,0.0,0.0,0.6119294635756549,0.0,0.0,0.0,0.17843003970959237,0.0,0.0,0.014271026644770257,0.0,0.2227740717047016,0.0,0.10848038106321646,0.034296913873013146
0.21380437774177644,0.3864181299359493,0.03675199675351006,0.0,0.0,0.31263964571887204,0.0,0.08423408674835495,0.0,0.016985011144821146,0.0,0.0,0.0,0.10083167033098439,0.451567222005643,0.12724889591007885,0.0,0.08002499618759876,0.0,0.0,0.3289211753341273,0.5451922125848151,0.22451214410231393,0.187973123429828,0.3019122429160817,0.024396910341459983,0.4273684203539733,0.026644009277444217,0.1260575083386753,-0.009631792185884506,0.09811362258180455,0.20230003146939987,0.1403616125829567,0.0,0.0,0.0,0.0,0.0,0.1788046386784098,0.19495266235099645,0.12230937768506303,0.03488643262467921,0.0,0.0,0.09976434232825704,0.0,0.38610628391256685,0.0,0.0,0.0,0.3367717210510652,0.0,0.10661230108135566,0.0,0.0,0.0,0.0,0.1222065136666895,0.0,0.4285232169802908,0.38646273665711917,0.3005780274744504,0.228809153323312,0.04986417385835904,0.5892403579014596,0.2788881955228591,0.572623615237201,0.02563239529287125,0.13590282900001216,0.2200967571851588,0.0,0.42565558810314985,0.2163515998399264,0.31027798695663117,0.05050413337499657,0.0
0.4960596447247103,0.1953343053595738,0.0,0.0,0.0,0.345035084508193,0.0,0.2296018640115474,0.0,0.0,0.0,0.0,0.0,0.3558028146338388,0.5354450323095565,0.0843884043295219,0.0,0.0,0.0,0.3289211753341273,0.0,0.3526686679755383,0.20697105253674383,0.22417935856583243,0.1374099781996647,0.0,0.16432558035504016,0.0,0.10754920922337433,0.08635137996125145,0.15567313230517937,0.48294359715520074,0.3767246120714918,0.0,0.0,0.0,0.0,0.0,0.4358233223458348,0.4115845618557719,0.28048394932225573,0.27864146745576174,0.0,0.0,0.10651907966862782,0.2301319988788281,0.41602743303882156,0.0,0.0,0.0,0.34220000738518547,0.0,0.3399069024977949,0.0,0.0,0.0,0.0,0.0,0.0,0.5134165658383054,0.3011772263474739,0.20104364133070446,0.08783878679368655,0.0,0.2718785785544166,0.6224970569503013,0.3598104844968164,0.027422289611271782,0.2837320206785859,0.18188154096809378,0.0,0.3550238457929449,0.0,0.298754014831363,0.0,0.026293666714771933
0.2915895266435941,0.4548057303853606,0.0,0.0,0.0,0.2982599289289379,0.0,0.13157608780729052,0.0,0.15370761953875473,0.0,0.0,0.0,0.17807344328442662,0.47505921296750114,0.22106099500636453,0.01706681702872634,0.15331836763935747,0.0,0.5451922125848151,0.3526686679755383,0.0,0.11883412791952956,0.33353853551338636,0.3499997927257815,0.19627210107917384,0.2724940678683613,0.06428689977564842,0.12770134111347178,0.05719522678691283,0.20899739670146236,0.2735977785121309,0.21826222616917984,0.0,0.0,0.0,0.0,0.0,0.2393383811525223,0.21979901238660315,0.24199876914309396,0.0,0.0,0.0,0.09336212931509552,0.02068880845964289,0.4203187919256899,0.0,0.0,0.0,0.29905292160133873,0.0,0.11143913094710263,0.0,0.0,0.0,0.0,0.08059235394788164,0.0,0.4701115169314236,0.40752222251229225,0.37665032730335224,0.2725887355518097,0.009568573063429698,0.48728707290663886,0.3343899077865733,0.6045796566448431,0.0,0.23656608390442435,0.27550395662262755,0.1453617564687507,0.34014873441595156,0.15848708973077,0.2913635278080498,0.15491180214361427,0.1300176528327422
0.0,0.09298091525584556,0.28275998195003316,0.0,0.0,0.3308352799598332,0.0,0.42166884403265026,0.09227644500942044,0.07398755013690039,0.05650139789080289,0.07890429986232603,0.0,0.035796389122490654,0.20518079064066505,0.0,0.0,0.0,0.09610061624953205,0.22451214410231393,0.20697105253674383,0.11883412791952956,0.0,0.13530642273093402,0.10103492653281801,0.05304291243927286,0.3631106482005566,0.0,0.026025175039569273,0.0,0.0,0.019405093344002394,0.0,0.0,0.0,0.0,0.0,0.02357531841264685,0.0,0.027730576705929835,0.0,0.03469661158239679,0.0,0.0,0.1140443603603344,0.0,0.07390298598581682,0.2724075515923932,0.0,0.0,0.26135140264154827,0.0,0.34651488804680225,0.127618656356258,0.0,0.24464279900262395,0.05795790598860906,0.07667367863937057,0.0,0.1651774257142679,0.0,0.0,0.0,0.19269170979654665,0.13104404703471592,0.11585500539027484,0.11147163671845134,0.48125550430604447,0.043731706704786405,0.0,0.0,0.19326691195860268,0.050638286124706604,0.0,0.0,0.0
0.26594836822412166,0.26931369073235467,0.0,0.0,0.0,0.20448649455755843,0.0,0.28523824862882563,0.0,0.3173912444728814,0.0,0.1463318798665196,0.0,0.14402104944946378,0.16299526411663698,0.15138489467888902,0.13461689595049067,0.18542444445660797,0.0,0.187973123429828,0.22417935856583243,0.33353853551338636,0.13530642273093402,0.0,0.30992434609034875,0.3487643718303733,0.06089395396939447,0.07198898715625429,0.1840807213995224,0.17156375219633715,0.24607888626479832,0.18866683389607997,0.2127874030546828,0.0,0.0,0.057001326524469965,0.025711491816395298,0.11854892015997012,0.17164665375207874,0.14658869680065245,0.2771291015390728,0.0,0.07708568771250836,0.04126599713943607,0.17472362504960945,0.19223183016300663,0.2096854547775576,0.0,0.0,0.0,0.15815920897162258,0.00937641496282045,0.13897306818901906,0.0,0.08703334478973578,0.0,0.10929825566405943,0.16013984044094973,0.0,0.15882625141185958,0.20733036249495945,0.31836901739056966,0.12665194702654858,0.0,0.16747327795082886,0.22738222320486215,0.28046867435798206,0.0,0.4347560885404397,0.20820682488358586,0.33166706567861876,0.08514837356097076,0.14550112167637025,0.16664901827050735,0.2762623858550522,0.26509052077496453
0.20469927493729234,0.5187453407967321,0.0,0.0,0.0,0.34965785474173955,0.0,0.0005981903741117683,0.0,0.37546032750136066,0.0,0.0,0.0,0.07179346972999312,0.20205777540212577,0.3580661293891679,0.23717912615585313,0.4802729707951396,0.0,0.3019122429160817,0.1374099781996647,0.3499997927257815,0.10103492653281801,0.30992434609034875,0.0,0.37297870896386576,0.3038258153111991,0.0,0.1483689695948852,0.0,0.07609932537877703,0.19108846988207254,0.287976320728824,0.0,0.0,0.0,0.0,0.016497118697581744,0.20559811848287352,0.19338882653911216,0.2014848716236873,0.0,0.09687048411824198,0.02974402912640108,0.12772192194610094,0.0,0.39771305272995466,0.0,0.0,0.0,0.33952241952223194,0.10010354063657897,0.029162407691237322,0.0,0.16679638092346535,0.0,0.0379597542960905,0.22303670835414316,0.0,0.20610256824625917,0.41998429174609,0.5228848378654195,0.4801632625320107,0.0,0.37155503490178615,0.1369778847030504,0.3812065836218547,0.0,0.1924419166356695,0.5546886500158941,0.38105096152377416,0.35892573987283366,0.06294752749912258,0.3362976785278134,0.17041892688075222,0.010765669996834796
0.0,0.3816236744826626,0.0,0.048104129293311704,0.015252920551321266,0.17608063367533403,0.2604812597186676,0.2125920930077537,0.0,0.4835014944444105,0.0,0.365997847760163,0.2196889626418187,0.0,0.0,0.20009048704659818,0.462247147160219,0.40319988503416093,0.07534058010213066,0.024396910341459983,0.0,0.19627210107917384,0.05304291243927286,0.3487643718303733,0.37297870896386576,0.0,0.0848541215085261,0.09957436357387646,0.0903523098336756,0.0,0.05840694316316297,0.0,0.05201976744127081,0.001974842449212852,0.0,0.09896828387759238,0.1788847138868318,0.1018630223190033,0.0,0.0,0.040264673364148455,0.0,0.18687973972404,0.2128798264018775,0.0947515963152214,0.0,0.057196159171780885,0.07605685490770601,0.0,-0.0023312056367785607,0.047657901702110275,0.2677781846307837,-0.01617540170902049,0.0,0.3146587123665608,0.0,0.3910979835437247,0.20153084367980417,0.0,0.0,0.0856858638067419,0.2547938922219656,0.21418106493984404,0.09208707330984198,0.011127188972975259,0.0,0.13954765326206361,0.0,0.11976484846915862,0.18903598638650365,0.5285123272319002,0.0,0.09507693878725458,0.0,0.2148028321322018,0.08070094499677101
0.022512159034716685,0.40929159489274025,0.05399464276544732,0.0,0.0,0.43165255124968194,0.0,0.15885053397692817,0.09944265227200792,0.026727568233820283,0.0,0.0,0.0,0.019465010007563968,0.2690982771103588,0.15076486944557707,-0.0003233105729453357,0.19368220580223355,0.0,0.4273684203539733,0.16432558035504016,0.2724940678683613,0.3631106482005566,0.06089395396939447,0.3038258153111991,0.0848541215085261,0.0,0.0,0.0,0.0,0.0,0.10782136263443878,0.09640555204249869,0.0,0.0,0.0,0.0,0.0,0.05576192566516503,0.15497862864260828,0.009704186604521515,0.0,0.0,-0.005036793005643547,0.07214413161967943,0.0,0.31320076942828534,0.0,0.0,0.0,0.31976031900459473,0.0,0.11522957314260712,0.0,0.0,0.0,0.0,0.13625964765560858,0.0,0.23926024946537086,0.2858174343571101,0.18095659788418897,0.24577090324820425,0.01857873661625467,0.3599255853118516,0.07797715790391552,0.33008867296753924,0.1027693006830558,0.0,0.1863927505276539,0.0,0.4644801849285391,0.0,0.12428309763899512,0.0,0.0
0.0,0.0,0.21945277254891726,0.20114016029932377,0.11763133595407146,0.0,0.14614167838476008,0.049775911729497586,0.08229591728920077,0.1395901752978443,0.1788032384283831,0.29113537918478744,0.23190290354857665,0.0,0.0,0.0,0.22310239765200324,0.0,0.2624577088040834,0.026644009277444217,0.0,0.06428689977564842,0.0,0.07198898715625429,0.0,0.09957436357387646,0.0,0.0,0.011688114296258854,0.3574857878143732,0.1263094713542609,0.0,0.0,0.0,0.07423806448790829,0.29062047233634325,0.2225860364588293,0.0,0.0,0.0,0.0,0.0,0.017996555231599563,0.042396523840379965,0.0,0.0,0.0,0.2640021833526604,0.06428476355429828,0.15482804774295592,0.0,0.04909042192561053,0.0,0.0941526105791827,0.1823299523100083,0.07862087467509178,0.29315513794021886,0.12881479921642308,0.11797780603686227,0.0,0.0,0.03234931891266126,0.0,0.2626745674740047,0.032601558023765485,0.0,0.06546504002198912,0.05933457395811151,0.0,0.0,0.07442712438885077,0.0,0.4431789063626824,0.0,0.3133779546082721,0.1807825166837846
0.19063950069690522,0.02976262700740677,0.0,0.0,0.0,0.03462195532612832,0.02371079524101052,0.0,0.0,0.01425241216602078,0.0,0.0,0.0,0.0,0.04400667868137169,0.1601124712269261,0.0963408970045565,0.16450307970653194,0.0,0.1260575083386753,0.10754920922337433,0.12770134111347178,0.026025175039569273,0.1840807213995224,0.1483689695948852,0.0903523098336756,0.0,0.011688114296258854,0.0,0.06787644200752396,0.25175344455469906,0.06751849536564707,0.11533567489651156,0.15067395917928386,0.06701009369519513,0.0,0.0,0.0,0.09600775551950437,0.015555505373006371,0.06314607732744601,0.0985137754866491,0.1516169576383358,0.03952285524552487,0.05751982452761887,0.3031152122055215,0.0922970856089791,0.0,0.010441699397490737,0.0,0.0,0.02098538270709378,0.0,0.0,0.025439273278118193,0.0,0.0,0.017507366073177374,0.0,0.0,0.13011865944241097,0.17276565707753136,0.02001889094871961,0.0,-0.0007452802649998631,0.08664495467352763,0.0613071300782984,0.0,0.11349337086190878,0.1416955436617436,0.17936843270641878,0.0,0.08882498212096261,0.18844213279357747,0.19299856733495654,0.13101433613267152
0.07489416837533572,0.0,0.0,0.03505024661196878,0.0,0.0,0.0,0.06860357321578081,0.0,0.004680432473752904,0.0,0.07106026318316006,0.06322371242277926,0.05738655419557207,0.10135298746394678,0.05610346424588576,0.0,0.0,0.0,-0.009631792185884506,0.08635137996125145,0.05719522678691283,0.0,0.17156375219633715,0.0,0.0,0.0,0.3574857878143732,0.06787644200752396,0.0,0.14071215345036964,0.03975655887462909,0.0,0.10115598190079594,0.05211021951579376,0.18325658420471383,0.09912294230607988,0.044341305066746724,0.03548010739679494,0.0,0.012360650674888528,0.016152383813712208,0.036143689628716134,0.0,0.002226881609404319,0.17822990446759493,0.0,0.014128197825258367,0.046800333291064776,0.0,0.0,0.0,0.03435990967843138,0.0,0.0,0.0,0.01856203070895178,0.03316622167966603,0.0,0.07311221162495005,0.0,0.010731958848612357,0.0,-0.0015317425569289246,0.0,0.06368871132909153,0.037614587198705945,0.0,0.1701073463139691,0.0,0.0,0.0,0.23096900689921085,0.011238040604682292,0.3050493619258226,0.18827968645250626
0.2491091898201553,0.059477828753684944,0.0,0.0,0.0,0.0,0.0,0.0,0.0,0.060194644555167424,0.0,0.0,0.0,0.025871392112263143,0.10407025636491643,0.21068711995962724,0.11196184849993351,0.08872332414323028,0.0,0.09811362258180455,0.15567313230517937,0.20899739670146236,0.0,0.24607888626479832,0.07609932537877703,0.05840694316316297,0.0,0.1263094713542609,0.25175344455469906,0.14071215345036964,0.0,0.16127199987676286,0.15554476413637153,0.11748984418469106,0.0,0.0752791525938092,0.023403251015555012,0.0,0.14940192485163528,0.051816580314490025,0.1400703089648842,0.0,0.07829404274420783,0.047219686684580243,-0.00878749066118644,0.24599717316365935,0.13237828522422462,0.0,0.0,0.0,0.0,0.0,0.0,0.0,0.07129163236474534,0.0,0.0,0.0,0.0,0.08532169503450443,0.21870204694468173,0.24916553473223377,0.08153614496150208,0.0,0.10574303784613386,0.16810112560876173,0.14788805155673113,0.0,0.24932990792338577,0.14842789458051764,0.15739167273064694,0.0,0.07808375008390389,0.20587308629451587,0.1910037317572829,0.4096325089461654
0.4403794171520789,0.25515414460636826,0.0,0.0,0.0,0.32300955922959335,0.0,0.10809801610926811,0.0,0.0,0.0,0.0,0.0,0.27724764916521977,0.3509449973026657,0.13659863639312841,0.0,0.02142628170633167,0.0,0.20230003146939987,0.48294359715520074,0.2735977785121309,0.019405093344002394,0.18866683389607997,0.19108846988207254,0.0,0.10782136263443878,0.0,0.06751849536564707,0.03975655887462909,0.16127199987676286,0.0,0.48773198430194487,0.08698073002274354,0.0,0.0,0.0,0.0649208655290231,0.5891037805045714,0.5163179210311506,0.39739653428506155,0.22986617623736044,0.0,0.0,0.19075358401599943,0.244561845928813,0.36352377494443827,0.0,0.0,0.0,0.22236358211319038,0.0,0.17037967633811502,0.0,0.0,0.0,0.0,0.0,0.0,0.35860023236043864,0.2850549944690343,0.19693751769637716,0.1030315847487624,0.0,0.1629412040066708,0.5133136550786714,0.2668766718326847,0.0,0.25514146653278597,0.23535621386441047,-0.03338704881448273,0.2726680015386229,0.0,0.19259848933724819,0.0,0.012562534203537552
0.43313857479086487,0.27929096600780495,0.0,0.0,0.0,0.3190746570152092,0.0,0.021749454065603736,0.0,0.015549636329425767,0.0,0.0,0.0,0.1981253736045587,0.2291262348408025,0.24278022872350452,0.0,0.13616201769524747,0.0,0.1403616125829567,0.3767246120714918,0.21826222616917984,0.0,0.2127874030546828,0.287976320728824,0.05201976744127081,0.09640555204249869,0.0,0.11533567489651156,0.0,0.15554476413637153,0.48773198430194487,0.0,0.10623706707762302,0.0,0.0,0.0,0.07331266856614269,0.45882410198981594,0.5614144635144279,0.4287376115306163,0.19118119447018378,0.0,0.0,0.21574116435387544,0.24672844781381806,0.4027078517060259,0.0,0.0,0.0,0.2805856306599138,0.0,0.1102428906582516,0.0,0.0,0.0,0.0,0.08312811457278511,0.0,0.24771068798333706,0.31291521319813925,0.26568510893352604,0.22317012569093186,0.0,0.14050286486698285,0.4112331676181559,0.23004460053240294,0.0,0.29688908859594054,0.3326791394380211,0.09570945889141078,0.27676919335636085,0.0,0.2428773151420184,0.0,0.0
0.0,0.0,0.0,0.16159111737857323,0.08597876839286452,0.0,0.24132418442153653,0.0,0.0,0.0,0.013267425151491262,0.04103382248854164,0.05195834368865129,0.0,0.0,0.0,0.0,0.0,0.0,0.0,0.0,0.0,0.0,0.0,0.0,0.001974842449212852,0.0,0.0,0.15067395917928386,0.10115598190079594,0.11748984418469106,0.08698073002274354,0.10623706707762302,0.0,0.41205537686655525,0.25672807719473,0.12512596811215124,0.18286525019295366,0.06307687898485942,0.027892284348251285,0.02140004100885276,0.1306264107178447,0.10266341353761943,0.05543981735768614,0.046513959740512326,0.17014633449169594,0.0,0.0,0.20904701651710558,0.06635797047457023,0.0,0.027556928987138626,0.0,0.0,0.041349361556498286,0.0,-0.004438430948701695,0.0,0.11002829201924755,0.0,0.0,0.0,0.0,0.0,0.0,0.0,0.0,0.0,0.0,0.0,0.04653966283137104,0.0,0.0,0.0,0.0,0.08218947017573401
0.0,0.0,0.0887315274401716,0.1810523916943522,0.35279212083442396,0.0,0.3917065136221879,0.0,0.2460542537455363,0.0,0.3041301452836337,0.14990454987450186,0.1889735553744696,0.0,0.0,0.0,0.11359973091529516,0.0,0.21636519003700524,0.0,0.0,0.0,0.0,0.0,0.0,0.0,0.0,0.07423806448790829,0.06701009369519513,0.05211021951579376,0.0,0.0,0.0,0.41205537686655525,0.0,0.27015389139903356,0.19014769519410635,0.09946671822171843,0.0,0.0,0.0,0.042739453515849554,0.13386928938684647,0.13144792094633437,0.0,0.049043465893474976,0.0,0.20442797119095243,0.4373419270578969,0.4024832261253317,0.0,0.2510487335833712,0.0,0.2961524347888868,0.14994191976689117,0.09924908471110873,0.13301952971679293,0.0,0.31603284773750845,0.0,0.0,0.0,0.0,0.10361987810291723,0.0,0.0,0.0,0.007371094080143709,0.0,0.0,0.0,0.0,0.0,0.0,0.0,0.0
0.0,0.0,0.09936347473687511,0.4016811626208112,0.16278958375281158,0.0,0.3141773841536411,0.13294519278199726,0.0568087445197597,0.07757077262281346,0.18288375217675967,0.32126184149714565,0.2395702667106657,0.09737418682624197,0.0,0.0,0.10398074889074793,0.0,0.18160329589111085,0.0,0.0,0.0,0.0,0.057001326524469965,0.0,0.09896828387759238,0.0,0.29062047233634325,0.0,0.18325658420471383,0.0752791525938092,0.0,0.0,0.25672807719473,0.27015389139903356,0.0,0.3280830420515147,0.0793682627928893,0.0,0.0,0.0,0.0,0.12369551629669076,0.0,0.0,0.0,0.0,0.15259497606085332,0.12002697275448783,0.16145518551630686,0.0,0.05507474214826226,0.05981532332140821,0.08021258212531135,0.19868282266256088,0.03948479149455956,0.29819802226249603,0.0,0.25394317256040694,0.0,0.0,0.0,0.0,0.09475506945170457,0.0,0.0,0.0,0.020531897339467874,0.0,0.0,0.06436868628470482,0.0,0.01363374360474498,0.0,0.15522014469868986,0.15748237584953045
0.0,0.0,0.020695099391051453,0.33918106893107974,0.10806293237554057,0.0,0.235921898108173,0.050895900404575645,0.04042914471768986,0.11065404180688035,0.09832515598620226,0.26578554429832246,0.23033846292173016,0.02482395132992324,0.0,0.0,0.21090832729295114,0.044586012321504345,0.09513533265726888,0.0,0.0,0.0,0.0,0.025711491816395298,0.0,0.1788847138868318,0.0,0.2225860364588293,0.0,0.09912294230607988,0.023403251015555012,0.0,0.0,0.12512596811215124,0.19014769519410635,0.3280830420515147,0.0,0.01290538918937138,0.0,0.0,0.0,0.0,0.0,0.058988893870048735,0.0,0.0,0.0,0.0668925126657692,0.09291810880437258,0.09411803603894173,0.0,0.04946467902590758,0.0,0.03683599603967742,0.16951973750663235,0.0,0.28237948761143983,0.0,0.08564284300700097,0.0,0.0,0.0,0.0,0.019198629277195997,0.0,0.0,0.0,0.0,0.0,0.0,0.08819838256421833,0.0,0.0415989724499368,0.0,0.1003718502583328,0.07370109583075946
0.0,0.0,0.0,0.08304192956169557,0.13419557435924842,0.0,0.15554508515749726,0.08363139080488691,0.055491438368259774,0.15412744733784808,0.011530305132183356,0.20850202424829656,0.043219692150537635,0.0,0.0,0.0,0.07790832181630956,0.02068139086063171,0.0,0.0,0.0,0.0,0.02357531841264685,0.11854892015997012,0.016497118697581744,0.1018630223190033,0.0,0.0,0.0,0.044341305066746724,0.0,0.0649208655290231,0.07331266856614269,0.18286525019295366,0.09946671822171843,0.0793682627928893,0.01290538918937138,0.0,0.051550210259613476,0.04877794398471595,0.12034260405391933,0.0,0.054703213329042565,0.0,0.2954783045146459,0.0,0.0,0.054652696817912176,0.07977594439009988,0.13117721509585423,0.0,0.19919975901051337,0.052231129586127134,0.06781909760150698,0.16275004561014964,-0.002947911587145516,0.1584767297512765,0.020973219149507085,0.07279199587235065,0.0,0.0,0.0,0.0,0.0,0.0,0.0,0.0,0.03591267816869442,0.0624467697660658,0.0,0.10982828023782552,0.0,0.0,0.0,0.10520402062875861,0.026305536734522583
0.4485393582053232,0.23160086214290948,0.0,0.0,0.0,0.27324146812708333,0.0,0.011423805005642863,0.0,0.0,0.0,0.0,0.0,0.23653632124189192,0.29416363943645857,0.11727736765728439,0.0,0.023878451242457775,0.0,0.1788046386784098,0.4358233223458348,0.2393383811525223,0.0,0.17164665375207874,0.20559811848287352,0.0,0.05576192566516503,0.0,0.09600775551950437,0.03548010739679494,0.14940192485163528,0.5891037805045714,0.45882410198981594,0.06307687898485942,0.0,0.0,0.0,0.051550210259613476,0.0,0.49644290568531524,0.3813648787518975,0.22109464863235812,0.0,0.0,0.19604326821784498,0.2790660873736974,0.4012359112932978,0.0,0.0,0.0,0.23789643601256003,0.0,0.12497245710165923,0.0,0.0,0.0,0.0,0.0,0.0,0.30878750189287674,0.3113925749913104,0.2283413410137461,0.12738758193220986,0.0,0.1700155378774972,0.4801442628259566,0.2598896030066131,0.0,0.2813641681571556,0.29573530831607303,0.01572341835263991,0.2504439330517727,0.0,0.23788859595826975,0.0,0.03734707832607551
0.41032661653577135,0.24409640764259,0.0,0.0,0.0,0.315073730348754,0.0,0.04986883439677348,0.0,0.0,0.0,0.0,0.0,0.24795922074852242,0.3249028212139238,0.10894036094978132,0.0,0.0,0.0,0.19495266235099645,0.4115845618557719,0.21979901238660315,0.027730576705929835,0.14658869680065245,0.19338882653911216,0.0,0.15497862864260828,0.0,0.015555505373006371,0.0,0.051816580314490025,0.5163179210311506,0.5614144635144279,0.027892284348251285,0.0,0.0,0.0,0.04877794398471595,0.49644290568531524,0.0,0.41969270185331997,0.25197186050643056,0.0,0.0,0.2560167113911075,0.20512646296656514,0.4031414912230366,0.0,0.0,0.0,0.28723478135616487,0.0,0.1684442169149927,0.0,0.0,0.0,0.0,-0.0026191539570905426,0.0,0.3214106666392461,0.3186391115851312,0.18971676200897983,0.1582458572452062,0.0,0.1942644009579802,0.43738687875950116,0.2750414644623434,0.0,0.27280062860633586,0.25576902063840423,0.0,0.3355978042229202,0.0,0.21754457616191925,0.0,0.0
0.3701187389865095,0.1711754312035063,0.0,0.0,0.0,0.16641294379440744,0.0,0.05902240409601694,0.0,0.10014281014858986,0.0,0.0,0.0,0.21058750053673647,0.23682142300715053,0.05391783143819663,0.0,0.012873017396084036,0.0,0.12230937768506303,0.28048394932225573,0.24199876914309396,0.0,0.2771291015390728,0.2014848716236873,0.040264673364148455,0.009704186604521515,0.0,0.06314607732744601,0.012360650674888528,0.1400703089648842,0.39739653428506155,0.4287376115306163,0.02140004100885276,0.0,0.0,0.0,0.12034260405391933,0.3813648787518975,0.41969270185331997,0.0,0.1788035580489247,0.0,0.0,0.2543785012213612,0.22981164338752558,0.24695088563325482,0.0,0.0,0.0,0.17237932623037922,0.0,0.0654433126215766,0.0,0.0,0.0,0.0,0.0,0.0,0.24356449475623365,0.26298418767314763,0.24922488780350413,0.15311370083528486,0.0,0.14329552549808883,0.33856855772557026,0.22366890745619208,0.0,0.33416520241015235,0.2075007388145288,0.07704470368277339,0.17784585461483868,0.0,0.1852627639161835,0.1221348522467582,0.20131380100011748
