0.0,0.0,0.0,0.0,0.0,0.0,0.11279814307837994,0.0,0.0,0.21057926306915642,0.0,0.0,0.0,0.014499680269226637,0.04717832415108778,0.38969418858208515,0.20926957716786446,0.0,0.0,0.0,0.6458059895266663,0.0,0.14656007157025547,0.18735796082617537,0.378892972529351,0.3569770693117458,0.0,0.0,0.3570193189355307,0.0,0.38681712041609834,0.17979901100711249,0.26223476350663355,0.2689998238284094,0.0,0.014866617416736231,0.051123808871682934,0.08076657991862782,0.0,0.12194994978199349,0.0,0.08208994045405237,0.0,0.0,0.011354116379180188,0.5727587508509078,0.0,0.0,0.04396612622421918,0.007786992925418369,0.0,0.06174923835587015,0.0,0.0,0.14097754839685894,0.0,0.0,0.0,0.0,0.17037132347756057,0.07296238062195466,0.018129116235663687,0.0,0.0,0.0,0.37975659905464854,0.0,0.07671635940416598,0.0,0.031165597125008302,0.06823908358860355,0.0,0.0,0.20399453688623156,0.0,0.0784069177308254
0.0,0.0,0.0632654816046371,0.0,0.0,0.8025224879890889,0.0,0.3683511131062298,0.0,0.0,0.0,0.26845817706170727,0.0,0.1686701901416517,0.4440380402260693,0.0,0.0,0.5347365968469329,0.2387768559514883,0.6077700874374452,0.0,0.6496274420385921,0.391344268085294,0.1975415009757119,0.7037351963694777,0.5204726795842258,0.8656327704516186,0.0,0.14447647226696944,0.0,0.0,0.2881827352475846,0.41551089025009325,0.0,0.5233391651791849,0.0,0.0,0.0,0.6455983463565337,0.5526387009982159,0.5591583019084287,0.10946684919765062,0.39786582813805804,0.2958339385900608,0.46236859404461533,0.18743232227597065,0.8360121620787557,0.12027361285565868,0.0,0.0,0.19588512908244593,0.0,0.0,0.0,0.0,0.0,0.0,0.0,0.0,0.0,0.2497968390787094,0.0,0.41537738716261335,0.28195439097754277,0.3911200945900922,0.0,0.7213480398832358,0.21071354453091629,0.42240205282345766,0.6310895987325955,0.4223787246025555,0.6743411509764086,0.3687409348095287,0.0,0.6057718891790795,0.5591639948960707
0.0,0.0632654816046371,0.0,0.0,0.19088887403999924,0.24487319372658733,0.0,0.42568484302132165,0.5221177640630646,0.0,0.8790211402211697,0.037491886322925945,0.11712916627248475,0.15629062761515078,0.32715109527739583,0.0,0.0,0.00328355641188723,0.4740485017178287,0.23526019042546667,0.11539720811003464,0.19974953385111696,0.45755701479067074,0.22525424562164154,0.0,0.04851077678211127,0.25618629909142576,0.12272822154181043,0.13397405267235354,0.2030510556686148,0.0,0.0,0.0,0.0,0.0,0.07110149431681023,0.0,0.39910579574262284,0.0,0.0,0.0,0.0,0.052303414022892146,0.0,0.19275522582358176,0.023512099693374987,0.0,0.831515473368809,0.0,0.09924188955067677,0.11735793872938381,0.0,0.3284837069910414,0.3259068231200651,0.0,0.6538289060650103,0.06308540146228275,0.19181854705595805,0.07472770820439244,0.0,0.017827766681253947,0.0,0.0,0.5247544535924407,0.24904655184042665,0.0,0.1728123590954262,0.38523245301493564,0.07346089248391097,0.03039987869915593,0.028819102112149858,0.04892894006171741,0.3702125967057738,0.05093171090331727,0.23699627743589563,0.11242348226381138
0.0,0.0,0.0,0.0,0.1958985875938967,0.0,0.42166241396135384,0.0,0.0,0.5496205887973332,0.0,0.21933822397836414,0.12507773280634008,0.013166582831584697,0.0,0.03688323473085127,0.4903545438833748,0.0,0.0,0.0,0.0,0.0,0.0,0.0,0.0,0.05596299341056394,0.0,0.0,0.0,0.0,0.3020131242875701,0.16498603891569824,0.0,0.394031766957199,0.0,0.39285304572549334,0.3013342402765837,0.0,0.0,0.0,0.0,0.16777171857350484,0.0,0.13563362759301162,0.0,0.0,0.0,0.0,0.10179102627091868,0.26984941885431935,0.0,0.1881905083965271,0.17239790130167176,0.16726604866498448,0.4173935785539022,0.0,0.30209278253256855,0.0,0.2665447736618309,0.0,0.0,0.3677511770388782,0.0,0.0,0.0,0.24727529404445997,0.0,0.0,0.0,0.0,0.0,0.0,0.0,0.0,0.0,0.0
0.0,0.0,0.19088887403999924,0.1958985875938967,0.0,0.0,0.3777648560820221,0.0,0.3442658844143174,0.28190044609363124,0.3185153114485009,0.0,0.15466547864658403,0.1924827228005042,0.0,0.040542712829739626,0.05533281186281599,0.0,0.17409275813842418,0.0,0.04400883014302497,0.0,0.0008999441662066064,0.0,0.0,0.0,0.0,0.2173016271175794,0.0,0.2696368888078044,0.34478853661766223,0.0,0.0,0.0,0.0,0.4050849109171258,0.3798214762121322,0.19385414806864815,0.0,0.0,0.0,0.0,0.030879054265890955,0.0,0.0,0.004506783270203404,0.0,0.1196474728967797,0.1129198388869046,0.49605235700295347,0.0,0.26440819213337835,0.042168872368788794,0.46647421994127825,0.15769291547356554,0.5819681384975924,0.09339813379664205,0.0,0.16860894471484322,0.0,0.0,0.0974820211567649,0.0,0.05993203828054948,0.0,0.09418225817658392,0.0,0.06695596430587845,0.0,0.0,0.0,0.0,0.0,0.0,0.0,0.0
0.0,0.8025224879890889,0.24487319372658733,0.0,0.0,0.0,0.0,0.6461805941335736,0.0,0.0,0.047925825630994276,0.5036707571936708,0.0,0.06897849269883695,0.36245987774154775,0.0,0.0,0.534673905434195,0.14532153776576287,0.38708900790377115,0.0,0.4029167414004451,0.6194057743554513,0.34038487687851343,0.4340151905093231,0.5304115128042117,0.7304485397077491,0.0,0.018680514234879757,0.0,0.0,0.17135210337836884,0.1899621700571509,0.0,0.3023529141755938,0.0,0.0,0.0,0.45155788999418367,0.2888042136088077,0.37239783163887824,0.13031690913177543,0.32778253071646357,0.21348158641958045,0.2055866723719438,0.0,0.763448898085636,0.10549937376267311,0.0,0.0,0.6218293054332775,0.0,0.3053931494416313,0.0,0.0,0.0,0.2156827425888082,0.2873490985854337,0.04279395558825914,0.0,0.16382297917019786,0.0,0.42030543191489966,0.16943096699679097,0.12738815243420104,0.0,0.45188547228933046,0.39915141939057086,0.4424436993013571,0.4731554979843923,0.5434496606329572,0.5552571976117665,0.2831400529975575,0.0,0.33503127527126897,0.2696679400782775
0.11279814307837994,0.0,0.0,0.42166241396135384,0.3777648560820221,0.0,0.0,0.0,0.28890337728965204,0.8118700873495494,0.018101955992135193,0.0,0.6446991725639457,0.0,0.0,0.3084566447991894,0.5988119973480907,0.0,0.0,0.0,0.0,0.0,0.0,0.0,0.0,0.0,0.0,0.19900203227118526,0.0,0.2060062183302816,0.5230569483821245,0.0,0.0,0.21462209665864457,0.0,0.47672957872751087,0.5798441168643074,0.0,0.0,0.0,0.0,0.0,0.0,0.0,0.0,0.0,0.0,0.0,0.19882990557836472,0.8403586857504523,0.0,0.6708572092807321,0.1281498118948866,0.682713413934355,0.5101977718315064,0.40275875285246426,0.1510788955695717,0.07682455454894961,0.024885040880634732,0.0713350805416996,0.0,0.6610783553045665,0.0,0.0,0.0,0.31861235839247976,0.0,0.0,0.0,0.0,0.0,0.0,0.0,0.1309560919093678,0.0,0.0
0.0,0.3683511131062298,0.42568484302132165,0.0,0.0,0.6461805941335736,0.0,0.0,0.0,0.0,0.22226502681538865,0.5759031914093867,0.0,0.3456603192496936,0.24926702843366383,0.0,0.0,0.0023813645724032003,0.20113541379093414,0.0,0.254504976825644,0.0,0.8623502672539736,0.5764501937369698,0.09059164459820436,0.45225435210358284,0.4173420920535685,0.0,0.0,0.0,0.0,0.21529896747703894,0.10200830935747315,0.009417352928397819,0.012633226454784445,0.11470894425912247,0.0,0.21207139310853618,0.22033058920661283,0.1370657534165834,0.12673073635114618,0.09378467581419717,0.3616798014542498,0.09358721855824761,0.2100873773288909,0.19626704112504828,0.3637649333424814,0.12643360055394381,0.0,0.0,0.4976183638867267,0.0,0.8466967335355551,0.0,0.0,0.0885173301889101,0.45036782749527643,0.12466099435653626,0.43857264100624394,0.0,0.0,0.0,0.0,0.15837445311746073,0.0,0.1055612566417914,0.02163557155815025,0.7025783432551567,0.3986403814424244,0.05924161675825679,0.4838813104234635,0.27510965017166816,0.0,0.0,0.002946198451643309,0.0
0.0,0.0,0.5221177640630646,0.0,0.3442658844143174,0.0,0.28890337728965204,0.0,0.0,0.3529281100798522,0.6118089641432157,0.0,0.34885218660722134,0.0,0.0,0.04351152638154183,0.25373484005614694,0.0,0.27316005850960434,0.05256927510228891,0.0,0.0,0.0,0.0,0.0,0.0,0.0,0.3793365295166048,0.13326268721534065,0.3171094866197256,0.35051939376117275,0.0,0.0,0.0,0.0,0.18553738294664204,0.30514204433698566,0.0718394924566046,0.0,0.0,0.0,0.0,0.0,0.0,0.0,0.0,0.0,0.6442849351624277,0.30526500591657363,0.44599232076026524,0.0,0.37516047639295286,0.0,0.6684725756249338,0.32787197705443183,0.7025717391189084,0.10274997334145634,0.18916863843110793,0.0,0.1688304521799134,0.01958175284497737,0.3574762294675872,0.0,0.2474163254044834,0.22498142796814732,0.0,0.0,0.0,0.0,0.0,0.0,0.0,0.09979067545497271,0.2863239729039541,0.0,0.0
0.21057926306915642,0.0,0.0,0.5496205887973332,0.28190044609363124,0.0,0.8118700873495494,0.0,0.3529281100798522,0.0,0.0,0.1558248654875163,0.482749867492007,0.0,0.0,0.26473170243393407,0.87606331163995,0.0,0.0,0.0,1.4029096816026332e-05,0.0,0.0,0.0,0.0,0.09754581772521081,0.0,0.18826232089779427,0.0,0.06626346529170137,0.6126123096984938,0.0,0.0,0.41854807893915597,0.0,0.5287065080585728,0.6047587040719742,0.0,0.0,0.0,0.0,0.0,0.0,0.0,0.0,0.0,0.0,0.0,0.41693321314878695,0.7130928527881782,0.0,0.7250982691646225,0.14039108548605422,0.5602641913384263,0.8546063151186631,0.3354745456615613,0.27378318185069644,0.08270551707459885,0.037825254376507106,0.2306403692820682,0.0,0.8497007959957089,0.0,0.0,0.0,0.3953287548889769,0.0,0.0,0.0,0.0,0.0,0.0,0.0,0.08218579853902547,0.0,0.0
0.0,0.0,0.8790211402211697,0.0,0.3185153114485009,0.047925825630994276,0.018101955992135193,0.22226502681538865,0.6118089641432157,0.0,0.0,0.0,0.18138762414425755,0.15895720814827533,0.1285463308197183,0.0,0.0,0.0,0.5154316988558539,0.075616931715842,0.025805925661464585,0.05353437238719661,0.20586789178264164,0.0,0.0,0.0,0.0,0.243772370401309,0.11188342954164268,0.3770909844918941,0.02695369750562896,0.0,0.0,0.0,0.0,0.1941321163656087,0.023437888381222165,0.3628900196354583,0.0,0.0,0.0,0.0,0.00393302903903549,0.0,0.07298055071215236,0.0,0.0,0.7901716654538429,0.0,0.2676249903002748,0.02775271270242638,0.0252571393618594,0.24439367884940827,0.4730115298031049,0.0,0.8115070010637695,0.09360204781336595,0.17400551780662352,0.08367105682032057,0.0,0.0,0.0,0.0,0.5871457251615108,0.16845269665965348,0.0,0.03896366266137405,0.20888823670907955,0.0,0.023043098740794174,0.0,0.0,0.378624586307851,0.12215252401187732,0.1419958779115737,0.0019059655715015866
0.0,0.26845817706170727,0.037491886322925945,0.21933822397836414,0.0,0.5036707571936708,0.0,0.5759031914093867,0.0,0.1558248654875163,0.0,0.0,0.18904295169446633,0.0880022536499618,0.0,0.0,0.35956065405894627,0.3121863453848972,0.12532072810183356,0.0,0.0,0.0,0.31964190209969023,0.6011231649097875,0.0,0.7376554528489859,0.05511739952690736,0.0,0.0,0.0,0.0,0.1416510503457662,0.2076652003980831,0.08387907039582332,0.0,0.08821017249207747,0.0,0.0,0.12642528385943638,0.16392494237995006,0.047504477636918126,0.0957461577110376,0.27065560818791373,0.14495503253220016,0.0,0.0,0.2361538365312104,0.0,0.0,0.0,0.43563579362526006,0.0,0.49597099009446327,0.0,0.17509464526384383,0.0,0.8116435347146987,0.4585625823702011,0.17275662499982639,0.0,0.0,0.3715293041185415,0.3412766639079826,0.0,0.0,0.0,0.0,0.22854804956692862,0.411238030614985,0.0,0.6305731859287302,0.0,0.0,0.0,0.0,0.0
0.0,0.0,0.11712916627248475,0.12507773280634008,0.15466547864658403,0.0,0.6446991725639457,0.0,0.34885218660722134,0.482749867492007,0.18138762414425755,0.18904295169446633,0.0,0.0,0.0,0.5420189970115001,0.44363117887090264,0.29218613702404567,0.0,0.0,0.0,0.0,0.0,0.0,0.0,0.11450988636697675,0.0,0.6778440194716058,0.15492126782852292,0.32591565738056455,0.356768852365642,0.0,0.0,0.032131956625348616,0.0,0.20712424530167484,0.406914901190908,0.06606191999692303,0.0,0.0,0.0,0.0,0.0,0.0,0.0,0.0,0.0,0.06577264550544017,0.10734170224931419,0.44326383643803946,0.23314632445303038,0.42845368980778753,0.0,0.4977005378786767,0.3340303539920421,0.31039062909936826,0.35128761006699577,0.6285753995999892,0.0,0.08790289216603224,0.2030880776171971,0.5436203896442553,0.15438052006915234,0.0,0.0,0.0,0.0,0.0,0.0,0.0,0.0,0.0,0.13963693158640098,0.11330364241007161,0.0,0.0
0.014499680269226637,0.1686701901416517,0.15629062761515078,0.013166582831584697,0.1924827228005042,0.06897849269883695,0.0,0.3456603192496936,0.0,0.0,0.15895720814827533,0.0880022536499618,0.0,0.0,0.12081394798237069,0.0,0.0,0.0,0.19921951356040016,0.0,0.18475062551375532,0.0,0.3186891264816708,0.22656589538158917,0.17084199648507303,0.09580786265565608,0.12995387190751556,0.0,0.0,0.004201539869805599,0.0,0.1594663958866538,0.11238689870048815,0.0,0.03933464230310054,0.275487311349652,0.0,0.19600558816860658,0.17861461067370038,0.1844780489757154,0.199734443400997,0.07146318452929534,0.40793953329728516,0.26095699045760457,0.3286914948287876,0.25842686875519955,0.1194848626820325,0.09634314143111242,0.0,0.0,0.0,0.0,0.28640151306145106,0.0,0.0,0.04502819293716884,0.07842814291805203,0.0,0.40336518091015683,0.0,0.0,0.0,0.0,0.21877317583910513,0.0,0.0,0.03751407662994795,0.2321380562365948,0.21104871898505193,0.10877121844719914,0.13001938382406697,0.0,0.12984605992419004,0.0,0.19143089054340523,0.09375336359767919
0.04717832415108778,0.4440380402260693,0.32715109527739583,0.0,0.0,0.36245987774154775,0.0,0.24926702843366383,0.0,0.0,0.1285463308197183,0.0,0.0,0.12081394798237069,0.0,0.0,0.0,0.11683933285048641,0.1932457071120967,0.5585324471821708,0.43919601139908354,0.6265940083215076,0.4141795024331054,0.21075877084155556,0.45435225657355344,0.18869078169757122,0.64482624913531,0.12699307905007434,0.49580114357277993,0.0,0.0,0.10320983274831848,0.10189412990709253,0.0,0.12386772245916874,0.0,0.0,0.08870258805715331,0.34343180677793134,0.2718363953183462,0.31848170335768583,0.0,0.1777016517215179,0.08161651077293547,0.5238242271540794,0.2594267799761376,0.5375976488455755,0.25135559162694066,0.0,0.0,0.1730395201102551,0.0,0.024601162475164105,0.0,0.0,0.0,0.0,0.06714782281418429,0.0,0.5953520348736328,0.4074602724852812,0.0,0.2804767731504802,0.15315917395773623,0.4546671086686531,0.17296736054672038,0.629963150942849,0.4607262025490745,0.3632933715869001,0.5544118876553727,0.3609623601923588,0.6176431772607242,0.41503893486353566,0.3227906967879583,0.5234422138019189,0.5159985519142279
0.38969418858208515,0.0,0.0,0.03688323473085127,0.040542712829739626,0.0,0.3084566447991894,0.0,0.04351152638154183,0.26473170243393407,0.0,0.0,0.5420189970115001,0.0,0.0,0.0,0.36392250405629173,0.4675842879832851,0.0,0.0,0.05702269896689156,0.12116480035078632,0.0,0.0,0.20813040170721536,0.23117311462473014,0.0,0.483082897413104,0.38796011008898,0.12859659418871738,0.44172320179308705,0.0,0.028150203575676918,0.1714575061738766,0.0,0.0,0.20115228489470002,0.0,0.0,0.0,0.0,0.0,0.0,0.0,0.0,0.0,0.0,0.0,0.116991586520966,0.07267114615050627,0.0,0.13554944450620907,0.0,0.1270984968952665,0.11911051258204507,0.0,0.0,0.19900050085401952,0.0,0.07008162866525536,0.37344514452745425,0.21301226091158043,0.22364626478925564,0.0,0.0,0.0,0.0,0.0,0.0,0.0,0.0,0.0,0.0881040446938074,0.17144269067451767,0.0,0.0340569786314387
0.20926957716786446,0.0,0.0,0.4903545438833748,0.05533281186281599,0.0,0.5988119973480907,0.0,0.25373484005614694,0.87606331163995,0.0,0.35956065405894627,0.44363117887090264,0.0,0.0,0.36392250405629173,0.0,0.15850690445380275,0.0,0.0,0.022103113848519186,0.0,0.0,0.0,0.0,0.36178579791289833,0.0,0.2703758246334335,0.0,0.0,0.5094342704955969,0.0,0.0,0.42822506805501276,0.0,0.41918810927922706,0.5177334742209238,0.0,0.0,0.0,0.0,0.0,0.0,0.0,0.0,0.0,0.0,0.0,0.47583779308019475,0.4394562532704731,0.0,0.5838117720412528,0.0,0.2781174831305408,0.8120650830742295,0.09274860920764473,0.3166634176339946,0.20777031213688085,0.0,0.274741540167169,0.0,0.8813290441643703,0.04465607965366375,0.0,0.0,0.209564700326257,0.0,0.0,0.0,0.0,0.0,0.0,0.0,0.013293135135478244,0.0,0.0
0.0,0.5347365968469329,0.00328355641188723,0.0,0.0,0.534673905434195,0.0,0.0023813645724032003,0.0,0.0,0.0,0.3121863453848972,0.29218613702404567,0.0,0.11683933285048641,0.4675842879832851,0.15850690445380275,0.0,0.027982218712255244,0.4023525729659654,0.0,0.47516195062861133,0.0,0.0490574528526835,0.4768018541368857,0.3953539590267335,0.38023143810235577,0.11276722679829297,0.21624403138960127,0.0,0.0,0.07844515272519685,0.22897095692578567,0.0,0.18034255332260166,0.0,0.0,0.0,0.20231088248832038,0.13478658384603978,0.15784353894136613,0.009910982816516586,0.0,0.101785362640426,0.07526250864951843,0.0,0.37072405941893966,0.0,0.0,0.0,0.15977196847632388,0.0,0.0,0.0,0.0,0.0,0.0,0.21105465445509697,0.0,0.02893465028584048,0.28741191655477466,0.0,0.5210680507084128,0.035761307866664954,0.18598067780360192,0.0,0.29713053315459403,0.0,0.09831147836968476,0.2264090804908316,0.09506901204482482,0.1694402220032703,0.2965099162307927,0.0,0.2844188385716583,0.2335135583186094
0.0,0.2387768559514883,0.4740485017178287,0.0,0.17409275813842418,0.14532153776576287,0.0,0.20113541379093414,0.27316005850960434,0.0,0.5154316988558539,0.12532072810183356,0.0,0.19921951356040016,0.1932457071120967,0.0,0.0,0.027982218712255244,0.0,0.20085020928978173,0.029351687891763827,0.2338924862721545,0.1347115013601489,0.08588216439102775,0.12516535936793147,0.07913454708170656,0.19809382785437019,0.09815658401215932,0.0,0.16031631826300868,0.0,0.0,0.1436598444159606,0.0,0.002055695036551349,0.053206981181928,0.0,0.08885890033497543,0.13909457905547556,0.16990230478524576,0.06165129408278541,0.1055417177484256,0.3939078147827686,0.3225955634753147,0.052743228612993645,0.01536846462383689,0.1325424321538191,0.5392970899985258,0.019270658180166256,0.0,0.0,0.0,0.043044535714450285,0.0,0.0,0.38648495197361893,0.16775561206928843,0.04081808835307207,0.17562642958127578,0.0,0.0,0.0,0.13096165423673142,0.8640802929753559,0.2719188483524364,0.0,0.3118349760916765,0.14076117799947604,0.1273522669674376,0.05546732160733116,0.1383412747417101,0.0,0.44793410350134544,0.0,0.3403337883207384,0.16061613974678668
0.0,0.6077700874374452,0.23526019042546667,0.0,0.0,0.38708900790377115,0.0,0.0,0.05256927510228891,0.0,0.075616931715842,0.0,0.0,0.0,0.5585324471821708,0.0,0.0,0.4023525729659654,0.20085020928978173,0.0,0.0,1.0,0.0,0.05555419955661716,0.41275609732425445,0.02107769794571647,0.6714736013542774,0.22342982333364977,0.6213491383694819,0.007824374704964934,0.0,0.0,0.0771314617665833,0.0,0.3498649486047804,0.0,0.0,0.0,0.4034336490791771,0.3229706014019981,0.40316636738632255,0.0,0.09548807307320821,0.06807403194976173,0.5296704986207721,0.011406299607864788,0.5606937430466916,0.46373234977028926,0.0,0.0,0.018932801584079288,0.0,0.0,0.0,0.0,0.0,0.0,0.0736554732563623,0.0,0.3515874051762205,0.6543766263992352,0.0,0.4693024061812148,0.3546881624774318,0.9394556337071472,0.0,0.9519423951810393,0.0,0.2850161422509167,0.6126222444011639,0.1903619961043111,0.52378104488066,0.6793398323806694,0.445704681401877,0.7386710804921539,0.75351301248828
0.6458059895266663,0.0,0.11539720811003464,0.0,0.04400883014302497,0.0,0.0,0.254504976825644,0.0,1.4029096816026332e-05,0.025805925661464585,0.0,0.0,0.18475062551375532,0.43919601139908354,0.05702269896689156,0.022103113848519186,0.0,0.029351687891763827,0.0,0.0,0.0,0.4058076340641499,0.2889377105351386,0.38976048589770446,0.1843763181704757,0.18127853523986406,0.0,0.35857320036689705,0.0,0.18711435899639506,0.24572939979409417,0.171779630858662,0.2266550728252321,0.01833251866150814,0.16914459959727485,0.0,0.1355250670621195,0.10901662838723279,0.16672530947632225,0.15305562621279356,0.015152519626601383,0.0,0.0,0.2509421671336851,0.6049985628804211,0.0,0.011700301467886863,0.04400128011265341,0.0,0.0,0.0,0.1699682336071603,0.0,0.018585845346719206,0.015971196985250576,0.0,0.0,0.07168746165378163,0.2502619374115476,0.0,0.0,0.0,0.0,0.0,0.5801890700231959,0.0,0.3327254750037388,0.1468466465171055,0.1670014912067499,0.11659929998754187,0.08406133167141448,0.0,0.11740761293650813,0.06748047601286085,0.15642562279165306
0.0,0.6496274420385921,0.19974953385111696,0.0,0.0,0.4029167414004451,0.0,0.0,0.0,0.0,0.05353437238719661,0.0,0.0,0.0,0.6265940083215076,0.12116480035078632,0.0,0.47516195062861133,0.2338924862721545,1.0,0.0,0.0,0.0,0.05712540664298701,0.4258721663974275,0.0,0.6753999318807805,0.23924883113720063,0.6078148540457937,0.03485314820062124,0.0,0.0008163994191759791,0.11231005767046819,0.0,0.4632366418256681,0.0,0.0,0.012513215026471592,0.48223647220078997,0.34254145153977605,0.4849803464717567,0.0,0.18391022886649355,0.16078071591893273,0.581332803812511,0.055981656752791334,0.6183876131241357,0.3560127699961028,0.0,0.0,0.0031928136132295844,0.0,0.0,0.0,0.0,0.0,0.0,0.07020189667856083,0.0,0.26338115167151493,0.6847271288930187,0.0,0.5299977227557858,0.37315607473112633,0.8328534171839974,0.0,0.9425461768905238,0.0,0.3280505261329399,0.6695693457239515,0.1463941559588584,0.5174722130804009,0.7532680955009008,0.3427195129806276,0.8116748228674557,0.8176482818510858
0.14656007157025547,0.391344268085294,0.45755701479067074,0.0,0.0008999441662066064,0.6194057743554513,0.0,0.8623502672539736,0.0,0.0,0.20586789178264164,0.31964190209969023,0.0,0.3186891264816708,0.4141795024331054,0.0,0.0,0.0,0.1347115013601489,0.0,0.4058076340641499,0.0,0.0,0.40446748884617456,0.24985099116234058,0.4236486984094207,0.5355036927175276,0.0,0.0,0.0,0.0,0.21450168809671788,0.16777006470755154,0.0,0.0,0.037384130693931664,0.0,0.2203740808237219,0.185980828860708,0.19357174549885717,0.12708654388388105,0.06982023781038821,0.22078413203009087,0.006280981320196962,0.208630519010668,0.3179918892213827,0.3396965664093752,0.13574405687199909,0.0,0.0,0.38856816675425504,0.0,0.7270339069794234,0.0,0.0,0.10616272873997429,0.20433474446987818,0.0,0.3783042285349182,0.0,0.0,0.0,0.0,0.05174147352007961,0.0,0.1946622069960806,0.0,0.8669814661995006,0.2502375827724271,0.10448092907638164,0.35871992862728297,0.3577972700995653,0.0,0.0,0.0,0.0
0.18735796082617537,0.1975415009757119,0.22525424562164154,0.0,0.0,0.34038487687851343,0.0,0.5764501937369698,0.0,0.0,0.0,0.6011231649097875,0.0,0.22656589538158917,0.21075877084155556,0.0,0.0,0.0490574528526835,0.08588216439102775,0.05555419955661716,0.2889377105351386,0.05712540664298701,0.40446748884617456,0.0,0.014096038100051242,0.5654880815333246,0.128660655105746,0.0,0.0,0.0,0.0,0.3123099055830994,0.31009561449139456,0.0911842713507128,0.20069830087608528,0.005406432877870536,0.0,0.33165791448948423,0.3637343098672163,0.4052376485698405,0.3795181540942553,0.10864909033631709,0.28774194104909023,0.17800280715542255,0.40006189818792376,0.27016994531605687,0.26104925917500266,0.024372147630807292,0.0,0.0,0.28914456849441866,0.0,0.33685357666841587,0.0,0.0,0.0,0.40898414974520064,0.2694235522064293,0.06009255704993431,0.0,0.011267192227745498,0.0,0.24936625085653535,0.03782410470766464,0.0,0.03866147553520107,0.12598890440355914,0.23101737031081657,0.7521422498108233,0.020332244241764705,0.642393730769665,0.0,0.17886651963775227,0.0,0.24690399698626667,0.17697495236391533
0.378892972529351,0.7037351963694777,0.0,0.0,0.0,0.4340151905093231,0.0,0.09059164459820436,0.0,0.0,0.0,0.0,0.0,0.17084199648507303,0.45435225657355344,0.20813040170721536,0.0,0.4768018541368857,0.12516535936793147,0.41275609732425445,0.38976048589770446,0.4258721663974275,0.24985099116234058,0.014096038100051242,0.0,0.44845816932443616,0.6475339027007659,0.0,0.4501465036943954,0.0,0.0,0.22629073234245808,0.4429014612649705,0.0,0.28658810374014576,0.0,0.0,0.0,0.36321876011885235,0.3432050677925841,0.3008942687162556,0.024818637190958982,0.09075480006701586,0.12099656527552129,0.3321218543163158,0.2963044186473953,0.41826415233782777,0.0660165717012083,0.0,0.0,0.0,0.0,0.0,0.0,0.0,0.0,0.0,0.0,0.0,0.14828881826733176,0.23152998923261547,0.0,0.2733178196690622,0.11224196828246326,0.27644020212600645,0.0,0.45182758468681505,0.1399972445983067,0.13279427636697297,0.5569046475476851,0.13417238295524406,0.4850250059664612,0.1928976825454612,0.14157085680355094,0.4125406630126563,0.4450615688152382
0.3569770693117458,0.5204726795842258,0.04851077678211127,0.05596299341056394,0.0,0.5304115128042117,0.0,0.45225435210358284,0.0,0.09754581772521081,0.0,0.7376554528489859,0.11450988636697675,0.09580786265565608,0.18869078169757122,0.23117311462473014,0.36178579791289833,0.3953539590267335,0.07913454708170656,0.02107769794571647,0.1843763181704757,0.0,0.4236486984094207,0.5654880815333246,0.44845816932443616,0.0,0.20536081034039538,0.0,0.0,0.0,0.0,0.2467084210256028,0.420537798170117,0.17672772385815783,0.0,0.0,0.0,0.060122199884451805,0.12668382350496352,0.29307243457471366,0.10734318983544404,0.10274268696088261,0.04653303523349923,0.09490381952895773,0.015435055104947571,0.1052076824078074,0.2652446557128657,0.0,0.027832688742252427,0.0,0.3554532375228385,0.0,0.24156122746897238,0.0,0.15470614504858754,0.0,0.4019794458574146,0.2886965214276676,0.021789652907194767,0.010982759627582715,0.0,0.21507125659299572,0.2992496762488953,0.0,0.0,0.0,0.031214841517488837,0.2733403793956256,0.3597251058027664,0.0,0.6807528178677653,0.06364637002574676,0.0,0.0,0.0,0.0
0.0,0.8656327704516186,0.25618629909142576,0.0,0.0,0.7304485397077491,0.0,0.4173420920535685,0.0,0.0,0.0,0.05511739952690736,0.0,0.12995387190751556,0.64482624913531,0.0,0.0,0.38023143810235577,0.19809382785437019,0.6714736013542774,0.18127853523986406,0.6753999318807805,0.5355036927175276,0.128660655105746,0.6475339027007659,0.20536081034039538,0.0,0.0,0.32787785253449875,0.0,0.0,0.22843488918066332,0.2991495017205318,0.0,0.5027171631941417,0.0,0.0,0.004604405449199839,0.5560758415683535,0.5076987225998816,0.46219473427769175,0.012689108116051898,0.3615658889583519,0.18036685505658395,0.5502837340014469,0.2732259465587263,0.8181497811318582,0.21230739025744436,0.0,0.0,0.2185326530535722,0.0,0.05948926330956157,0.0,0.0,0.0,0.0,0.0,0.0,0.05886071936526216,0.28476402004124535,0.0,0.2819368746965752,0.26684093961080835,0.3834063694387975,0.0,0.7476548469798241,0.3926966829057951,0.36029399186977845,0.7137842751291448,0.33696548662041886,0.846469400659499,0.35262246210527093,0.009751401305505558,0.5386889683688598,0.5527394873656029
0.0,0.0,0.12272822154181043,0.0,0.2173016271175794,0.0,0.19900203227118526,0.0,0.3793365295166048,0.18826232089779427,0.243772370401309,0.0,0.6778440194716058,0.0,0.12699307905007434,0.483082897413104,0.2703758246334335,0.11276722679829297,0.09815658401215932,0.22342982333364977,0.0,0.23924883113720063,0.0,0.0,0.0,0.0,0.0,0.0,0.3844168437942607,0.6528573744741518,0.5381653998939031,0.0,0.0,0.0006011112698164478,0.0,0.2370462055640673,0.5483767881948596,0.05043044564491246,0.0,0.0,0.0,0.0,0.0,0.0,0.0,0.0,0.0,0.31292053516945234,0.29899840527646493,0.20729946855887155,0.0,0.31460778398839695,0.0,0.23416649748111792,0.3302894126750023,0.27396361289572274,0.15757178070854402,0.4961542804809676,0.0,0.23123321902010194,0.5480738528248879,0.3106045442709201,0.3556504018065758,0.08585535290346487,0.32543354108852335,0.0,0.17619050736165115,0.0,0.0,0.005805576872043301,0.0,0.0,0.5613100811328493,0.3978503119999122,0.23398805062285385,0.14736029874947526
0.3570193189355307,0.14447647226696944,0.13397405267235354,0.0,0.0,0.018680514234879757,0.0,0.0,0.13326268721534065,0.0,0.11188342954164268,0.0,0.15492126782852292,0.0,0.49580114357277993,0.38796011008898,0.0,0.21624403138960127,0.0,0.6213491383694819,0.35857320036689705,0.6078148540457937,0.0,0.0,0.4501465036943954,0.0,0.32787785253449875,0.3844168437942607,0.0,0.2984637224762124,0.242828044829655,0.0,0.0,0.0,0.041878849094653024,0.0,0.056099894433889935,0.031812991515536355,0.0,0.0,0.09519229735390347,0.0,0.0,0.0,0.29672050253690985,0.1765923966913333,0.09005124490006652,0.2897993060937021,0.06661508774988749,0.0,0.0,0.026771943415917855,0.0,0.0,0.0,0.0,0.0,0.0,0.0,0.5151278369614156,0.6359474410640974,0.0,0.15011562018030447,0.05636688815864227,0.562799314826175,0.12064256584015452,0.46656002502805033,0.0,0.0,0.4797102317865101,0.0,0.32900241008970305,0.4102450279737716,0.7891148822226296,0.43090919103387193,0.5580479150494638
0.0,0.0,0.2030510556686148,0.0,0.2696368888078044,0.0,0.2060062183302816,0.0,0.3171094866197256,0.06626346529170137,0.3770909844918941,0.0,0.32591565738056455,0.004201539869805599,0.0,0.12859659418871738,0.0,0.0,0.16031631826300868,0.007824374704964934,0.0,0.03485314820062124,0.0,0.0,0.0,0.0,0.0,0.6528573744741518,0.2984637224762124,0.0,0.5713264423034661,0.0,0.0,0.11328113077965928,0.0,0.22286377790982081,0.40446420585862486,0.1394890365407309,0.0,0.0,0.0,0.0,0.0,0.0,0.0,0.0,0.0,0.26782496710040876,0.10948479972539726,0.3708204565238296,0.0,0.2142310631535676,0.0,0.42635428313138135,0.09295786872325204,0.42917128492916434,0.0,0.06945147058119593,0.0,0.13304313756657157,0.2631777137489242,0.058691244885597224,0.0,0.18703811849546229,0.19606171074495096,0.05949498107787514,0.02353290535783963,0.0,0.0,0.0,0.0,0.0,0.38573367397249747,0.4339995778232706,0.1768078009431792,0.06928817610319933
0.38681712041609834,0.0,0.0,0.3020131242875701,0.34478853661766223,0.0,0.5230569483821245,0.0,0.35051939376117275,0.6126123096984938,0.02695369750562896,0.0,0.356768852365642,0.0,0.0,0.44172320179308705,0.5094342704955969,0.0,0.0,0.0,0.18711435899639506,0.0,0.0,0.0,0.0,0.0,0.0,0.5381653998939031,0.242828044829655,0.5713264423034661,0.0,0.0,0.0,0.4415914761293799,0.0,0.40933643635422146,0.6441717879146583,0.0,0.0,0.0,0.0,0.0,0.0,0.0,0.0,0.04814576215658139,0.0,0.0,0.4366597096752839,0.5641480441414756,0.0,0.515979016450823,0.0,0.4664127365589388,0.5605726001852338,0.33325263246215586,0.0,0.0,0.0,0.23224006483014947,0.0825939180738001,0.4590712834474402,0.0,0.0,0.0,0.3431356272145757,0.0,0.0,0.0,0.0,0.0,0.0,0.0,0.3800066817790921,0.0,0.0
0.17979901100711249,0.2881827352475846,0.0,0.16498603891569824,0.0,0.17135210337836884,0.0,0.21529896747703894,0.0,0.0,0.0,0.1416510503457662,0.0,0.1594663958866538,0.10320983274831848,0.0,0.0,0.07844515272519685,0.0,0.0,0.24572939979409417,0.0008163994191759791,0.21450168809671788,0.3123099055830994,0.22629073234245808,0.2467084210256028,0.22843488918066332,0.0,0.0,0.0,0.0,0.0,0.48826340482437103,0.15832686232066057,0.48397134280036525,0.0,0.0,0.013688048938756045,0.6311909861723598,0.5818483698456568,0.4657327463740941,0.28355478233386,0.3021551301622773,0.19865203931195305,0.2227637369948623,0.43774594234414016,0.273265469048736,0.0,0.0,0.0,0.0,0.0,0.10269493568562182,0.0,0.0,0.0,0.0,0.0,0.24677616828369991,0.0,0.0,0.0,0.0781696958651567,0.0,0.0,0.13543927780545517,0.034042275530885936,0.07078802162224429,0.40985861229685827,0.11924058234301177,0.2540875934476744,0.1114575637660633,0.0,0.0,0.08110124605855738,0.11749392976111181
0.26223476350663355,0.41551089025009325,0.0,0.0,0.0,0.1899621700571509,0.0,0.10200830935747315,0.0,0.0,0.0,0.2076652003980831,0.0,0.11238689870048815,0.10189412990709253,0.028150203575676918,0.0,0.22897095692578567,0.1436598444159606,0.0771314617665833,0.171779630858662,0.11231005767046819,0.16777006470755154,0.31009561449139456,0.4429014612649705,0.420537798170117,0.2991495017205318,0.0,0.0,0.0,0.0,0.48826340482437103,0.0,0.06316770528460307,0.44299110366797523,0.0,0.0,0.0400270265516845,0.5237889997856214,0.605922433152616,0.4599935826490895,0.29522053018297967,0.26125798792196486,0.15960343632275473,0.24699201893176223,0.28115869919916936,0.24029874499816686,0.0,0.0,0.0,0.0,0.0,0.0,0.0,0.0,0.0,0.0,0.0,0.07378383502830968,0.0,0.0,0.0,0.12641145306804005,0.013647055199836626,0.014453737116535493,0.0,0.19988873714717006,0.0,0.31105450825443814,0.10473574408901062,0.23789324960549632,0.12215304381051885,0.0,0.0,0.2014598930634629,0.21379309539779262
0.2689998238284094,0.0,0.0,0.394031766957199,0.0,0.0,0.21462209665864457,0.009417352928397819,0.0,0.41854807893915597,0.0,0.08387907039582332,0.032131956625348616,0.0,0.0,0.1714575061738766,0.42822506805501276,0.0,0.0,0.0,0.2266550728252321,0.0,0.0,0.0911842713507128,0.0,0.17672772385815783,0.0,0.0006011112698164478,0.0,0.11328113077965928,0.4415914761293799,0.15832686232066057,0.06316770528460307,0.0,0.0,0.23869584256804097,0.22237192988725393,0.0,0.0,0.0,0.0,0.22979810820292554,0.0,0.0,0.0,0.05932416693791373,0.0,0.0,0.1757802106393123,0.2751623872536984,0.0,0.18993602345651384,0.06705402638133859,0.19706694299009214,0.32451025633095576,0.05271575768462712,0.11569279783476594,0.0,0.196738340370447,0.0,0.0,0.36713836836030866,0.0,0.0,0.0,0.2529431000211583,0.0,0.0,0.0,0.0,0.0,0.0,0.0,0.0,0.0,0.0
0.0,0.5233391651791849,0.0,0.0,0.0,0.3023529141755938,0.0,0.012633226454784445,0.0,0.0,0.0,0.0,0.0,0.03933464230310054,0.12386772245916874,0.0,0.0,0.18034255332260166,0.002055695036551349,0.3498649486047804,0.01833251866150814,0.4632366418256681,0.0,0.20069830087608528,0.28658810374014576,0.0,0.5027171631941417,0.0,0.041878849094653024,0.0,0.0,0.48397134280036525,0.44299110366797523,0.0,0.0,0.0,0.0,0.0,0.793446818148386,0.5609557111485378,0.7506790787611461,0.18914890825056996,0.34935563176730583,0.34655456904035437,0.4313276003711039,0.2965164226248953,0.46014399904906716,0.0,0.0,0.0,0.0,0.0,0.0,0.0,0.0,0.0,0.0,0.0,0.0,0.0,0.21169164092219633,0.0,0.2755164345737121,0.106984992803618,0.20893001153250348,0.0,0.4703853725397164,0.0,0.46857887905025775,0.41105901593489164,0.13076252255511076,0.3090871311392182,0.21484778617478378,0.0,0.5400859299134011,0.6243213924217583
0.014866617416736231,0.0,0.07110149431681023,0.39285304572549334,0.4050849109171258,0.0,0.47672957872751087,0.11470894425912247,0.18553738294664204,0.5287065080585728,0.1941321163656087,0.08821017249207747,0.20712424530167484,0.275487311349652,0.0,0.0,0.41918810927922706,0.0,0.053206981181928,0.0,0.16914459959727485,0.0,0.037384130693931664,0.005406432877870536,0.0,0.0,0.0,0.2370462055640673,0.0,0.22286377790982081,0.40933643635422146,0.0,0.0,0.23869584256804097,0.0,0.0,0.6221044159209602,0.0687207875093673,0.0,0.0,0.0,0.0,0.0,0.0,0.0,0.0,0.0,0.03976416680447567,0.3061506592778024,0.5792209347788168,0.0,0.4704718742475291,0.36712541952339345,0.3151098180461863,0.5250907522800692,0.45778022099070237,0.38561010019038083,0.03738826597489258,0.3485584004155258,0.05046169203853273,0.0,0.41730477663578697,0.0,0.0,0.0,0.3105481041648384,0.0,0.18658056234108308,0.0,0.0,0.0,0.0,0.0,0.0,0.0,0.0
0.051123808871682934,0.0,0.0,0.3013342402765837,0.3798214762121322,0.0,0.5798441168643074,0.0,0.30514204433698566,0.6047587040719742,0.023437888381222165,0.0,0.406914901190908,0.0,0.0,0.20115228489470002,0.5177334742209238,0.0,0.0,0.0,0.0,0.0,0.0,0.0,0.0,0.0,0.0,0.5483767881948596,0.056099894433889935,0.40446420585862486,0.6441717879146583,0.0,0.0,0.22237192988725393,0.0,0.6221044159209602,0.0,0.0,0.0,0.0,0.0,0.0,0.0,0.0,0.0,0.0,0.0,0.010611259478397637,0.5102282744688039,0.6457890026192447,0.0,0.6737388840020122,0.0,0.4016199738905117,0.607104495948693,0.31606790593912293,0.1471861721287063,0.14933884424097787,0.0,0.20590131448894147,0.0006431204016325336,0.5669627382464397,0.0,0.0,0.0,0.19291468928907007,0.0,0.0,0.0,0.0,0.0,0.0,0.0,0.29345382951592336,0.0,0.0
0.08076657991862782,0.0,0.39910579574262284,0.0,0.19385414806864815,0.0,0.0,0.21207139310853618,0.0718394924566046,0.0,0.3628900196354583,0.0,0.06606191999692303,0.19600558816860658,0.08870258805715331,0.0,0.0,0.0,0.08885890033497543,0.0,0.1355250670621195,0.012513215026471592,0.2203740808237219,0.33165791448948423,0.0,0.060122199884451805,0.004604405449199839,0.05043044564491246,0.031812991515536355,0.1394890365407309,0.0,0.013688048938756045,0.0400270265516845,0.0,0.0,0.0687207875093673,0.0,0.0,0.013145393548224752,0.10042777588476225,0.10142049954595006,0.0,0.12585268930283322,0.0,0.4160058963879967,0.14341179602945178,0.0,0.278806219909061,0.0,0.10213654119575993,0.0,0.0,0.14457906292700268,0.11542356054440753,0.0,0.2939026839928409,0.09502725297797184,0.08730497821023536,0.0058263675757196445,0.0,0.007608027912841597,0.0,0.0,0.1715929191526269,0.0,0.0,0.0,0.13294820214132722,0.1598127616620763,0.0450166711167476,0.12125324203748482,0.0,0.22438480987293025,0.0,0.14875985856365778,0.06240992903230658
0.0,0.6455983463565337,0.0,0.0,0.0,0.45155788999418367,0.0,0.22033058920661283,0.0,0.0,0.0,0.12642528385943638,0.0,0.17861461067370038,0.34343180677793134,0.0,0.0,0.20231088248832038,0.13909457905547556,0.4034336490791771,0.10901662838723279,0.48223647220078997,0.185980828860708,0.3637343098672163,0.36321876011885235,0.12668382350496352,0.5560758415683535,0.0,0.0,0.0,0.0,0.6311909861723598,0.5237889997856214,0.0,0.793446818148386,0.0,0.0,0.013145393548224752,0.0,0.7930770166561161,0.7823812145199769,0.2432586976136239,0.577840722040857,0.395609892607652,0.5764222578638459,0.40012697132361125,0.7290424014004062,0.0,0.0,0.0,0.03880321613502056,0.0,0.0,0.0,0.0,0.0,0.0,0.0,0.08737436210435467,0.0,0.25539692444694395,0.0,0.38482754227292243,0.15526541742623975,0.23498705060697517,0.0,0.5800631516902661,0.03639328646302842,0.7190248020677664,0.6095345185129698,0.4013737573545245,0.41435469465751323,0.309204206368736,0.0,0.6431258582994439,0.6678025927139313
0.12194994978199349,0.5526387009982159,0.0,0.0,0.0,0.2888042136088077,0.0,0.1370657534165834,0.0,0.0,0.0,0.16392494237995006,0.0,0.1844780489757154,0.2718363953183462,0.0,0.0,0.13478658384603978,0.16990230478524576,0.3229706014019981,0.16672530947632225,0.34254145153977605,0.19357174549885717,0.4052376485698405,0.3432050677925841,0.29307243457471366,0.5076987225998816,0.0,0.0,0.0,0.0,0.5818483698456568,0.605922433152616,0.0,0.5609557111485378,0.0,0.0,0.10042777588476225,0.7930770166561161,0.0,0.680974794442961,0.18928585553975885,0.4169674794504316,0.2946691286892605,0.520718731235374,0.383387105214617,0.5050902536865952,0.014663868990718535,0.0,0.0,0.0,0.0,0.0,0.0,0.0,0.0,0.0,0.0,0.13586859948609437,0.0,0.13775336272168492,0.0,0.2968124101995828,0.15387213925993895,0.20409958126238098,0.0,0.4646905079174161,0.04544861250552525,0.6181789370319463,0.37084252159358794,0.4354395190329653,0.33631657986059943,0.19408319241753558,0.0,0.4287180813495325,0.45882167275536706
0.0,0.5591583019084287,0.0,0.0,0.0,0.37239783163887824,0.0,0.12673073635114618,0.0,0.0,0.0,0.047504477636918126,0.0,0.199734443400997,0.31848170335768583,0.0,0.0,0.15784353894136613,0.06165129408278541,0.40316636738632255,0.15305562621279356,0.4849803464717567,0.12708654388388105,0.3795181540942553,0.3008942687162556,0.10734318983544404,0.46219473427769175,0.0,0.09519229735390347,0.0,0.0,0.4657327463740941,0.4599935826490895,0.0,0.7506790787611461,0.0,0.0,0.10142049954595006,0.7823812145199769,0.680974794442961,0.0,0.24858573831123906,0.41904156424955635,0.3157902865603041,0.6366191198496333,0.3696565153331085,0.5164507468308395,0.0,0.0,0.0,0.009726829983461544,0.0,0.0,0.0,0.0,0.0,0.0,0.0,0.02895914135591965,0.0,0.24401490926460512,0.0,0.3212098391111459,0.11888916579065072,0.2593642344004294,0.0,0.5254080757768994,0.0,0.6017819801454206,0.46943820910950995,0.2802193268873109,0.2968321639817785,0.35353748317758665,0.0,0.6147267684731159,0.6633371393244513
0.08208994045405237,0.10946684919765062,0.0,0.16777171857350484,0.0,0.13031690913177543,0.0,0.09378467581419717,0.0,0.0,0.0,0.0957461577110376,0.0,0.07146318452929534,0.0,0.0,0.0,0.009910982816516586,0.1055417177484256,0.0,0.015152519626601383,0.0,0.06982023781038821,0.10864909033631709,0.024818637190958982,0.10274268696088261,0.012689108116051898,0.0,0.0,0.0,0.0,0.28355478233386,0.29522053018297967,0.22979810820292554,0.18914890825056996,0.0,0.0,0.0,0.2432586976136239,0.18928585553975885,0.24858573831123906,0.0,0.16603753730639162,0.15977577061587528,0.0,0.08296163740994425,0.060038228225105066,0.0,0.0,0.0,0.006300622837412359,0.0,0.03605204368219843,0.0,0.0,0.0,0.026905437822731578,0.0,0.24993289387114073,0.0,0.0,0.0,0.02521392163863783,0.023723321501027295,0.0,0.0702429854570269,0.0,0.00043144130432115884,0.1897957597787908,0.0,0.10863239831970657,0.0,0.0,0.0,0.018524230060834018,0.030732709227612134
