0.0,0.05899434576737123,0.1552028453439488,0.03622063479104128,0.26647231408956806,0.029261507626304233,0.29547950352186236,0.01225185413991405,0.17428781451877595,0.32738442175666677,0.14248410768226175,0.31095053211769785,0.2225363277385305,0.027953198781658757,-0.017776421665097845,0.32290366899951967,0.14819429242347695,0.26815721197000314,0.25876592015829925,0.0,0.14412645455057405,0.15617096652140255,0.005898813319956627,0.3442380260166229,0.1987191114366708,0.3182327007396907,0.11052456134120062,0.11774786709815947,0.08225676656085117,0.21142301549319598,0.11099342665320124,0.17669513764806022,0.35094637573932036,0.200379922376278,0.04772116468752846,0.024238481802518003,0.006337841941159495,0.10004181692948179,0.13715618779945893,0.15496553007221148,0.06988154648065527,0.03425718566524694,0.1294999674133488,0.12886939178931145,0.13636186563012997,0.3677166098982761,0.04863723345859541,0.17488304505540336,0.0,0.11435225788238783,0.0,0.0,0.0,0.10520682232003346,0.15525103001942558,0.2535742359868421,0.053138587913709706,0.040408857076135014,0.04066805433588757,-0.020340278254373904,0.032851001145750416,0.018235260633233868,0.07809469308077616,0.06826434434638468,0.0,0.09924832723321333,0.033982796299314055,0.0,0.05514285329887191,0.04924615242379897,0.08073213985399226,0.0,0.24304342967737377,0.0,0.21022090440696237,0.20462645276956015
0.05899434576737123,0.0,0.34324490945521685,0.0,0.0,0.4477829968595363,0.0,0.1637119804051796,0.38971800430686204,0.36835144710603496,0.20734279706577963,0.019494490145219274,0.1721813004736679,0.0,0.39831499599745207,0.02016772431315587,0.2514623259049276,0.1134467747738378,0.2796382113693086,0.42405880983759886,0.24350141533343733,0.4420745439192282,0.37946447965560237,0.07651273214143817,0.5157913005760009,0.5325595622424372,0.4715499453952792,0.17159586453828146,0.1707016949899222,0.0,0.0,0.0,0.09448487446741007,0.0262058118127851,0.0,0.10939851229164263,0.2410737008025976,0.1476089522162541,0.0,0.0,0.0,0.0,0.0,0.0,0.19941587377897413,0.0,0.5145536229752717,0.2696868786678644,0.0,0.08671536286391249,0.15402444648173402,0.21199130478195558,0.0573075316389568,0.43033021287183787,0.07214152686656414,0.23462878284936306,0.14434748386082857,0.08424486844662164,0.0,0.3506589918133422,0.03729490888120462,0.0,0.0,0.3892850562266188,0.34793623220143505,0.13900553036881003,0.3975563172891213,0.23670772910449936,0.0,0.3021493423433294,0.3734819850661849,0.4644842101838152,0.0,0.0,0.0,0.0
0.1552028453439488,0.34324490945521685,0.0,0.0,0.0,0.3918956988871303,0.0,0.26980977584677285,0.4252033923039133,0.2989580718668576,0.4036788378369502,0.11113790478279066,0.07504409594357947,0.0,0.4269350517659301,0.0,0.0,0.0,0.3678476506979105,0.29215109949149914,0.33871260920724716,0.34516860986344056,0.5315101163506721,0.10712437114613321,0.23106719530125713,0.3462409996099445,0.4271528444354182,0.24203117090711798,0.15808453310441967,0.04400309108660034,0.027719131493583796,0.0,0.12210188752243861,0.11252496639414027,0.0,0.10485801240779817,0.23875231255367207,0.21525970759329494,0.0,0.0,0.0,0.0,0.0,0.0,0.28775437441869434,0.12196967513470795,0.4321658974647504,0.6021418414982586,0.0,0.1594780205379146,0.11144001132486722,0.10033609368929113,0.3325080364641397,0.38157904949800436,0.1407421967333676,0.4093806227645953,0.18257803095255518,0.09759434050477256,0.1649408268595846,0.437658679141187,0.02660289008998875,0.0,0.0,0.40140339811064624,0.17877866001621323,0.330831855965619,0.3333288128568188,0.4434853283037084,0.08227922267350184,0.23205883700319443,0.4318974570492221,0.3476028910842526,0.00432989997464695,0.0,0.0,0.0
0.03622063479104128,0.0,0.0,0.0,0.1916604741393445,0.0,0.10825267155393489,0.0,0.0,0.0,0.0,0.06330073248206101,0.06340316292294215,0.2159438155839662,0.0,0.024713838413923786,0.0,0.0,0.0,0.0,0.0,0.0,0.0,0.0,0.0,0.0,0.0,0.09077792382943678,0.0,0.22144351210602375,0.16546873097989145,0.07746162490081047,0.0,0.19680159101330413,0.3587314080126139,0.12020533190955116,0.0,0.011851992336963237,0.0,0.0,0.041814745958956415,0.16358060687324594,0.0,0.0,0.0,0.017849726294656126,0.0,0.0,0.15742109940853724,0.0,0.0,0.0,0.0,0.0,0.0,0.0,0.0,0.0,0.0,0.0,0.0,0.1935108530562734,0.07216411675507135,0.0,0.0,-0.008337478907290044,0.0,0.0,0.0,0.0,0.0,0.0,0.25785274326462587,0.0,0.1566233137766332,0.0
0.26647231408956806,0.0,0.0,0.1916604741393445,0.0,0.0,0.483894079867042,0.0,0.04905433103556712,0.054533654353294145,0.042230081863946695,0.2994704998773914,0.14672436873966427,0.2523713257698652,0.0,0.21866786023491466,0.0,0.2007784875152532,0.028879897542869834,0.0,0.0,0.0,0.0,0.18240775121058694,0.0,0.0,0.0,0.0,0.0,0.30584849662871266,0.009080325165016553,0.30535410209706504,0.1485413087572549,0.08941127558998663,0.09705379873450737,0.056885001375623676,0.0,8.220812778145836e-05,0.2626667730321276,0.13885887086147705,0.1178506402198696,0.16119881244360562,0.1789910223404135,0.2400732986197069,0.03413668750953826,0.263344645596178,0.0,0.022068248391526497,0.019955881332151055,0.12351658587309568,0.0,0.0,0.0,0.0,0.2382462435741522,0.15529513249345545,0.0,0.029013314462534752,0.0925671193594453,0.0,0.0,0.13696651537226862,0.20226128049530995,0.0,0.0,0.0,0.0,0.0,0.08763801848212847,0.02614297046480922,0.0,0.0,0.3226857093225568,-0.0030789521788541375,0.34396107388207187,0.26010403542962335
0.029261507626304233,0.4477829968595363,0.3918956988871303,0.0,0.0,0.0,0.0,0.32316665757376073,0.29389322570982923,0.2934820029160544,0.22728361804178732,0.11864644332355037,0.31615573154284016,0.0,0.3660760963442197,0.0,0.06637521631094262,0.0,0.2874297347348275,0.2642443579977051,0.35677861930172766,0.2787320154235807,0.5118627029534301,0.09497524332994585,0.2474253479379311,0.44945987895470635,0.3085280348037217,0.3077294973098003,0.182069869868479,0.0,-6.283849137470478e-05,0.0,-0.0015758799231789433,0.18818152949535033,0.04533886630199276,0.23834138329706164,0.26724245317063433,0.1920817399606337,0.0,0.0,0.0,0.0,0.0,0.0,0.2372001858136245,0.0,0.42607191824634183,0.37723799358579246,0.0,0.0,0.21629341735997865,0.011726940499420127,0.2926668663565553,0.3130893035270196,0.0577700995729861,0.25232381170314727,0.19298239399718142,0.25055566856143746,0.0,0.3237448257700588,0.0,0.0,0.0,0.384013650880427,0.09861451517637425,0.3241559035407284,0.21016658650831543,0.4422614574716083,0.0,0.21030207451841876,0.4090084753408419,0.2658076608328647,0.0,0.0,0.0,0.0
0.29547950352186236,0.0,0.0,0.10825267155393489,0.483894079867042,0.0,0.0,0.0,0.0,0.14460914265191604,0.0,0.32595952049249594,0.24342437305272505,0.15283949076170192,0.0,0.3013857738142221,0.09264125914823507,0.3441903815410592,0.08316352491154554,0.0,0.0,0.0,0.0,0.19560948741063677,0.10227160637090871,0.026450183669086236,0.04478675093271146,0.0,0.0,0.2050437105782972,0.0,0.34623261799275556,0.19863162096011538,0.021470645643084575,0.04291940212625125,0.03544640883997235,0.0,0.0,0.26841231777578034,0.15527738899967092,0.10899015716601466,0.17162939709557565,0.22426357846861192,0.29026885888705733,0.0,0.19006142942785953,0.0,0.0,0.019952884351384974,0.11028455035941483,0.0,0.0,0.0,0.0,0.25362860875463455,0.09250514133290695,0.0021452079150450797,0.0,0.05276530345457221,0.0,0.03237961965444461,0.12351855495404401,0.10924527841389162,0.0,0.0,0.0,0.0,0.0,0.026056700989495765,0.07074882447302283,0.0,0.0,0.19854476622530198,0.0033489527157143954,0.2245176082452917,0.22780169856734
0.01225185413991405,0.1637119804051796,0.26980977584677285,0.0,0.0,0.32316665757376073,0.0,0.0,0.03440733109572279,0.04702405074574176,0.18670933619200242,0.2539238271094458,0.07372951811880434,0.0527494100005261,0.11688412913812397,0.0,0.0,0.0,0.17730244750697188,0.0,0.2782154668629903,0.01639918517889277,0.41650057842744515,0.10873409176360094,0.02147379912228255,0.1552402240723079,0.12925945468982555,0.03858875832929022,0.0,0.04741015214302392,0.0,0.0,-0.02102262417319758,0.060787902196489746,0.10852636630386826,0.15175255553776684,0.0425413374016109,0.18639780756773786,0.0,0.0,0.0,0.0,0.007461829087637007,0.0,0.13095163133043886,0.0,0.18853283593999326,0.28133879392449257,0.0,0.0,0.16186633143191662,0.0,0.4676980832858855,0.1235898059631268,0.03157286011784357,0.21017768332517509,0.14261682126055883,0.05491876659091614,0.028858704074284147,0.17431305186214271,0.0,0.0,0.0,0.2650871079530811,0.0,0.2943310634611142,0.0,0.3830602861505733,0.16283312951890083,0.0862290765000114,0.2609458484703756,0.05854142340599452,0.0,0.0,0.0,0.0
0.17428781451877595,0.38971800430686204,0.4252033923039133,0.0,0.04905433103556712,0.29389322570982923,0.0,0.03440733109572279,0.0,0.4184845843982336,0.24922358050901972,0.08604564585992398,0.1800569042310471,0.0,0.39865849883641397,0.01692417426374235,0.0699406028731017,0.07722785048422648,0.2893198972062703,0.3912275445034885,0.2882494971580311,0.47201245623292093,0.27457167105528596,0.15296704033731348,0.3142635374327065,0.3805131366609747,0.5025011351254826,0.259708336702641,0.2411149424250741,0.0,0.05217734744616066,0.0,0.1718249390445695,0.09622360716214495,0.0,0.15381371463934362,0.24948282656424833,0.21325725971937654,0.0,0.07165368113885923,0.0,0.0,0.0,0.04227984525109781,0.3165535163685903,0.12120833063575556,0.43873413792857485,0.3873603618274033,0.0,0.3009281349496863,0.0,0.2458571118635707,0.08834337675618512,0.5730848572295204,0.2594901343630997,0.327901281010007,0.18078283329202657,0.13279137424013612,0.03567133743567119,0.36596677311075976,0.15127402992472552,0.0,0.0,0.27708919096952056,0.24849208673622808,0.23956826253432623,0.4232749748954445,0.14933280977337046,0.04321469429791407,0.318522664270536,0.3722306937963138,0.41148090608235754,-0.02635578845195984,0.0,0.0,-0.0006681862076192883
0.32738442175666677,0.36835144710603496,0.2989580718668576,0.0,0.054533654353294145,0.2934820029160544,0.14460914265191604,0.04702405074574176,0.4184845843982336,0.0,0.20484366511687158,0.2221047068450108,0.2813289887904829,0.0,0.2809942156164021,0.23843802715533097,0.32409645742148063,0.2943395948877662,0.2834037329569429,0.2129151044572865,0.31726261887057544,0.36610672478376033,0.19892507955309394,0.3189569023728913,0.4277312798345571,0.45523975646802306,0.41424550072076904,0.2289046582801959,0.21179943271615004,0.013295141203613352,0.06532497182219665,0.0,0.2923097474584326,0.06577727223801128,0.0,0.06632539693457129,0.18882646567166378,0.10284571266711826,0.008564950029850657,0.16828827320295958,0.0,0.0,0.043851103644888756,0.0887836450626749,0.3029029914725817,0.17231783946711537,0.3363921134275493,0.3435645591377334,0.0,0.2659219964347092,0.0,0.18550323345480949,0.0,0.36498128705713495,0.29827694059361554,0.3666025164172206,0.22249732201085068,0.20398287901769077,0.08106115807494214,0.2646857654539944,0.1687536609275377,0.0,0.0,0.26109525863541355,0.18070962784225678,0.19262957645077813,0.31146696697604226,0.08737785358512723,0.05424331094975825,0.3114075937752881,0.28421676774450755,0.22961949080624405,0.11693408948256329,0.0,0.04999948431211253,0.14789953552669685
0.14248410768226175,0.20734279706577963,0.4036788378369502,0.0,0.042230081863946695,0.22728361804178732,0.0,0.18670933619200242,0.24922358050901972,0.20484366511687158,0.0,0.11612556126923475,0.0,0.0,0.29528892499464504,0.0,0.005537569412169022,0.0,0.21494214012714205,0.14005745637331982,0.19998856653546662,0.20813744371556617,0.3307795517318686,0.07778124680632094,0.1630705031993009,0.20759413636475157,0.28925429295920635,0.08009924419052021,0.03091864509612292,0.024597019193396588,-0.007387201011516625,0.0,0.07700874734149016,0.06639899026997374,0.0,0.035684918035004225,0.038530525570721945,0.03623955243949798,0.0,0.0,0.0,0.0,0.0,0.0,0.13900032839069007,0.03424621600672352,0.2511181563680049,0.4275937056514135,0.0,0.19953943088161716,0.07951072231106927,0.03805853417566038,0.17901072692277017,0.2762197619834595,0.09288937512526718,0.49989899242132557,0.1209660176132228,0.015850928689285542,0.14669288213122159,0.3279913414831059,0.001416226965889758,0.0,0.0,0.26220161915380685,0.10047832406153204,0.1797947689987487,0.22360960821498085,0.2589043927080034,0.020199874490048276,0.13742166898312133,0.23913041842329835,0.24608716274194659,0.01800274198393936,0.0,0.0,0.0
0.31095053211769785,0.019494490145219274,0.11113790478279066,0.06330073248206101,0.2994704998773914,0.11864644332355037,0.32595952049249594,0.2539238271094458,0.08604564585992398,0.2221047068450108,0.11612556126923475,0.0,0.2840372091275484,0.16180016264334965,0.0,0.09161782945210435,0.08541258626201169,0.13487696710791866,0.21797423858094245,0.0,0.08997788279349016,0.021924854784803733,0.0967294989687891,0.472551093488218,0.0380572788871373,0.2534919284219,0.040608853579676335,0.0,0.0,0.2193569972296316,0.0,0.18097089246201856,0.28104841491454746,0.10231433852573404,0.06555581816873306,0.13518118717352454,0.0,0.2114200636152529,0.15870545291984725,0.1931136362110872,0.023211680196059382,0.03693222775829031,0.2604582381149396,0.17866411850656339,0.19518067715793413,0.20368751983530822,0.026341242285106238,0.18915113611832296,0.0,0.0961710611541443,0.0,0.0,0.14924378215950465,0.03007296992699679,0.21983725639921703,0.2565904847541035,0.38125580086053856,0.12199199391727929,0.08150301534633354,0.0,0.0,0.0469911782344443,0.0,0.04257419265842738,0.0,0.11897754539681947,0.0,0.0627728967801559,0.29784161360319117,0.09308959695192069,0.13645923218420225,0.0,0.15609023591196725,0.0,0.1890275835851429,0.08266146112009007
0.2225363277385305,0.1721813004736679,0.07504409594357947,0.06340316292294215,0.14672436873966427,0.31615573154284016,0.24342437305272505,0.07372951811880434,0.1800569042310471,0.2813289887904829,0.0,0.2840372091275484,0.0,0.0,0.0,0.16102697344942604,0.17474935480746295,0.208473563967581,0.23078189416405254,0.0,0.14666335748692705,0.13887280228253993,0.05623691806669778,0.16893850627082158,0.17086684669170224,0.34038431812924996,0.12484969022272054,0.3143313306047751,0.1407462384096677,0.13904092205136376,0.02669406257312053,0.03100831726895515,0.140799382908159,0.2106743533572296,0.1112598421060652,0.21103094806627326,0.16924508911217478,0.16175461896770696,0.0,0.0,0.0,0.0,0.0,0.09200556227395218,0.148712746992212,0.060715803974778826,0.1393579328488623,0.14344410237020258,0.0,0.0,0.0,0.0,0.0,0.10986805078419995,0.22595892772011086,0.15876156976655323,0.059619057437961975,0.42114530339162215,0.0,0.0,0.0,0.16367823081288627,0.0,0.11259532717476128,0.0,0.17422571807239087,0.0,0.0,0.0,0.19529209876569445,0.1712502253861932,0.0,0.24470556034098295,0.0,0.11373176622220994,0.010891689768297002
0.027953198781658757,0.0,0.0,0.2159438155839662,0.2523713257698652,0.0,0.15283949076170192,0.0527494100005261,0.0,0.0,0.0,0.16180016264334965,0.0,0.0,0.0,0.0,0.0,0.0,0.0,0.0,0.0,0.0,0.0,0.07869579082048415,0.0,0.0,0.0,0.0,0.0,0.24059154650159592,0.0,0.20784505497854855,0.017076942722962597,0.0,0.16941577070610353,0.0,0.0,0.0,0.17576392799965226,0.06820528895241165,0.006075007734707393,0.1856304599116881,0.2279762305079016,0.05647582993095153,0.0,0.08413921200346906,0.0,0.0,0.0,0.0,0.0,0.0,0.02522063371815927,0.0,0.010298567034734222,0.0,0.0,0.0,0.2082704766975767,0.0,0.0,0.0604461751035459,0.09648225227024987,0.0,0.0,0.0,0.0,0.0,0.11319223038114029,0.0,0.0,0.0,0.10712081946623074,0.0,0.22900863165265414,0.08295832719595768
-0.017776421665097845,0.39831499599745207,0.4269350517659301,0.0,0.0,0.3660760963442197,0.0,0.11688412913812397,0.39865849883641397,0.2809942156164021,0.29528892499464504,0.0,0.0,0.0,0.0,0.0,0.03383719882862838,0.0,0.2361071168274968,0.5166118466317963,0.43138989668790184,0.4426215275923004,0.4415653126277791,0.0,0.30266712391788,0.3361724678815645,0.45514185051959044,0.29335157560695735,0.35327092928757775,0.0,0.1313386921544799,0.0,0.0,0.05204808167495586,0.0,0.022403496355051424,0.2456469695973348,0.0767632504694648,0.0,0.0,0.0,0.0,0.0,0.0,0.161012126168362,0.0,0.4630735526946936,0.35687020829302546,0.0,0.15510504421057458,0.1812607611291238,0.21808512934410898,0.16520579885945869,0.454092959648076,0.0,0.29145624846552004,0.09446771864363253,0.034838686676283016,0.006002339807861978,0.6113993525356146,0.08902997899507721,0.0,0.0,0.3832114620394589,0.3877727752299707,0.3229158514120344,0.462219891181977,0.3571286901720605,0.0,0.16460626707405143,0.34854982851126026,0.5113633534030984,0.0,0.0,0.0,0.0
0.32290366899951967,0.02016772431315587,0.0,0.024713838413923786,0.21866786023491466,0.0,0.3013857738142221,0.0,0.01692417426374235,0.23843802715533097,0.0,0.09161782945210435,0.16102697344942604,0.0,0.0,0.0,0.24463407822360392,0.4991120087655227,0.04571463681574911,0.0,0.05683205422337972,0.10068344784700801,0.0,0.1715227506323991,0.2527915606591585,0.09163103805197317,0.1212149400602153,0.0036755892464759112,0.2033693880446081,0.1039755212911126,0.23738086576831424,0.2446908968863479,0.2153414990598687,0.03475567264232468,0.0,0.0,0.0,0.0,0.23843289786433203,0.13242382578940137,0.16006846227516358,0.042108254730858004,0.1402742977911276,0.19297150460930895,0.01202656320342133,0.22579327192307672,0.0,0.0,0.0,0.1025271882022669,0.0,0.04598580805402244,0.0,0.0,0.07806190071616385,0.090362368597083,0.0,0.0030444166107157083,0.07962712543274625,0.0,0.2042055729608229,0.16910365440092098,0.2417873767369388,0.0,0.0,0.0,-0.022680252598895636,0.0,0.0,0.08117058025260737,0.0,0.0,0.22701026251009307,0.13399749276095338,0.22404351083055385,0.3117351738727237
0.14819429242347695,0.2514623259049276,0.0,0.0,0.0,0.06637521631094262,0.09264125914823507,0.0,0.0699406028731017,0.32409645742148063,0.005537569412169022,0.08541258626201169,0.17474935480746295,0.0,0.03383719882862838,0.24463407822360392,0.0,0.41497897329871125,0.021397090256133455,0.07280142065350337,0.05266526453544617,0.11619608274251804,0.0,0.2496360663127841,0.3315057635580143,0.2059685975632367,0.12795093932263066,0.0,0.045485137240467655,0.0,0.06353533575281838,0.02793624783945477,0.17955989618985008,0.0,0.0,0.0,0.032330707592626656,0.0,0.06229490767219816,0.12939072057417667,0.0,0.0,0.08942555203998165,0.09393437217255192,0.06525434636688503,0.017706595268246188,0.027840430612896688,0.0,0.0,0.13286524861112348,0.09257463012753872,0.1545828977181026,0.0,0.09728077044844251,0.045092412083361934,0.048756516708250694,0.0,0.07868782396571372,0.009290555701950162,0.0,0.17517271630130343,0.30744210577501097,0.24494089032228694,0.0,0.1971900690110694,0.0,0.1313332017870604,0.0,0.0,0.07732973015510855,0.0,0.08415572062322445,0.03266867984290542,0.13619303330223284,0.09030686895445049,0.1792630450357761
0.26815721197000314,0.1134467747738378,0.0,0.0,0.2007784875152532,0.0,0.3441903815410592,0.0,0.07722785048422648,0.2943395948877662,0.0,0.13487696710791866,0.208473563967581,0.0,0.0,0.4991120087655227,0.41497897329871125,0.0,0.0,0.0,0.0,0.14021634115171683,0.0,0.25632577099057663,0.37775321917775695,0.17944540099772122,0.17971752472532262,0.0,0.09302421749192873,0.034633496029467324,0.00979831106724374,0.2755509948026124,0.33533451453946417,0.0,0.0,0.0,0.0,0.0,0.2834538977718646,0.26862646234470283,0.1920298135597034,0.011424010077078994,0.18483720552101382,0.2279127770641523,0.025639783336892256,0.14506049005293611,0.0,0.0,0.0,0.24533212170358296,0.0,0.17829897956128407,0.0,0.04698773850584182,0.08988815207017352,0.090847927473119,0.038086717245467375,0.030013378802216027,0.08075665236892941,0.0,0.31330303170287427,0.16848555870359394,0.28424828327094176,0.0,0.07825922261739343,0.0,0.10782955859657678,0.0,0.012552661777470208,0.14443181085396983,0.0,0.0,0.12141713795871065,0.22478155579224315,0.1893808116921858,0.380023620318935
0.25876592015829925,0.2796382113693086,0.3678476506979105,0.0,0.028879897542869834,0.2874297347348275,0.08316352491154554,0.17730244750697188,0.2893198972062703,0.2834037329569429,0.21494214012714205,0.21797423858094245,0.23078189416405254,0.0,0.2361071168274968,0.04571463681574911,0.021397090256133455,0.0,0.0,0.19444778454831524,0.2522260221790399,0.3574614379531078,0.2775736387468127,0.09569259533571343,0.17316781866813805,0.34298642571550475,0.30984406891742183,0.2576632671450463,0.1444530669295594,0.11759215144082213,0.03427683209354092,0.0,0.09002091481234473,0.28083780702743755,0.13209793810530707,0.234935664695499,0.22776554379881367,0.1691457415636285,0.0,0.0,0.0,0.0,0.011364387701950517,0.03166689008156712,0.24427999893140354,0.08970397801779471,0.29864566808838927,0.36273641420967384,0.0,0.0,0.0,0.0,0.10645784499690644,0.22726815421842933,0.24212455820634743,0.29268550187162296,0.11194482061929899,0.13884272593081218,0.009116231986228627,0.19959345497493972,0.0,0.0,0.0,0.48121176105879543,0.0,0.2859529895157286,0.1345637306639314,0.2334927779764093,0.0,0.1638992977897296,0.28917486564080236,0.13096344935923465,0.0766681278159383,0.0,0.0,0.0
0.0,0.42405880983759886,0.29215109949149914,0.0,0.0,0.2642443579977051,0.0,0.0,0.3912275445034885,0.2129151044572865,0.14005745637331982,0.0,0.0,0.0,0.5166118466317963,0.0,0.07280142065350337,0.0,0.19444778454831524,0.0,0.21797805421128452,0.5083935512349513,0.2809556538459738,0.0,0.2845345868705683,0.26665730613154176,0.46526095015855623,0.21820395952815425,0.3786381199865384,0.0,0.05997380362642677,0.0,0.0,-0.00538664529470032,0.0,0.013350120860437385,0.23545748963776897,0.043539880280931795,0.0,0.0,0.0,0.0,0.0,0.0,0.13112258198612242,0.0,0.3876288055365215,0.1930048181924777,0.0,0.10384414200560028,0.08907488088432396,0.23730456322455476,0.004185296536437175,0.4354565035278572,0.0205477427167667,0.1260472364278411,0.10071639360266799,0.0,0.0,0.44308894430919554,0.11609920829508831,0.0,0.0,0.3211803598157124,0.49775378957381167,0.12391738615902646,0.4798104963869321,0.17503853747035703,0.0,0.14898959326901864,0.24466872434200482,0.5334246085039931,0.0,0.0,0.0,0.0
0.14412645455057405,0.24350141533343733,0.33871260920724716,0.0,0.0,0.35677861930172766,0.0,0.2782154668629903,0.2882494971580311,0.31726261887057544,0.19998856653546662,0.08997788279349016,0.14666335748692705,0.0,0.43138989668790184,0.05683205422337972,0.05266526453544617,0.0,0.2522260221790399,0.21797805421128452,0.0,0.26143746352218183,0.37020653237977696,0.15072553802095542,0.1861688595045363,0.32048217218324315,0.2860218129045474,0.2979562688237488,0.29364847713715,0.0,0.20585798162321708,0.0,0.042297620787306034,0.2512274896054929,0.03741967590372305,0.1483875336621563,0.22097207323124457,0.19010238139536845,0.0,0.0,0.0,0.0,0.0,0.0,0.2731095222593017,0.1367999631811993,0.34508762163754825,0.3555205956725347,0.0,0.02580429233691856,0.03571107102055691,0.05787955612844239,0.3041022379878403,0.3180469755860839,0.11144574248871152,0.27595604195628504,0.08489976085558389,0.17266141536709453,0.0,0.4027531924502927,0.0,0.0,0.0,0.3390072245180013,0.06296184507635962,0.5338025979264452,0.16370683960118426,0.3483360663238934,0.07997517699859003,0.20073802621396236,0.3579930697166144,0.2216144639690704,0.0765846548773267,0.0,0.0,0.0
0.15617096652140255,0.4420745439192282,0.34516860986344056,0.0,0.0,0.2787320154235807,0.0,0.01639918517889277,0.47201245623292093,0.36610672478376033,0.20813744371556617,0.021924854784803733,0.13887280228253993,0.0,0.4426215275923004,0.10068344784700801,0.11619608274251804,0.14021634115171683,0.3574614379531078,0.5083935512349513,0.26143746352218183,0.0,0.2398130670075436,0.04383879033499502,0.36419900170699093,0.41600872462232946,0.5119654607761849,0.2759583316573337,0.3485031733814254,0.0,0.05975692926337386,0.0,0.11346043048798482,0.09889050644821186,0.0,0.05936059139932534,0.24507969235899538,0.1022939716127077,0.0,0.0,0.0,0.0,0.0,0.0,0.20872817262849308,0.011396540389032839,0.43691795624010304,0.286116049043594,0.0,0.14783232510908217,0.0,0.1860312573192811,0.0,0.45886669336794583,0.1103433023187049,0.29975807212155975,0.14946413135913197,0.06970589626219215,0.0,0.3956633374477152,0.11983940370283229,0.0,0.0,0.35562513147172115,0.33169348424765527,0.16459126038556357,0.48698507182715384,0.12646961174738872,0.0,0.200795205962009,0.29001317459233183,0.4160773090088228,0.0,0.0,0.0,0.0
0.005898813319956627,0.37946447965560237,0.5315101163506721,0.0,0.0,0.5118627029534301,0.0,0.41650057842744515,0.27457167105528596,0.19892507955309394,0.3307795517318686,0.0967294989687891,0.05623691806669778,0.0,0.4415653126277791,0.0,0.0,0.0,0.2775736387468127,0.2809556538459738,0.37020653237977696,0.2398130670075436,0.0,0.03964544042832042,0.16911200113696728,0.3404368247017669,0.3449492548567997,0.17876951152910317,0.09950897420502587,0.0,0.0,0.0,0.0,0.10030020014026438,0.0,0.12807153804963622,0.1717027104317261,0.16178995941253774,0.0,0.0,0.0,0.0,0.0,0.0,0.2120838324010693,0.0,0.4385498992291732,0.46702767212587426,0.0,0.04728587882004172,0.29127166209459204,0.06546009091760971,0.44487776040005766,0.30997998722493836,0.03618763838331271,0.28105949855090884,0.19596625445395124,0.09233301498131376,0.07951216475522539,0.4410380681890817,0.0,0.0,0.0,0.4145548147196803,0.15461797747504805,0.35309780907179195,0.24291949437310628,0.605880545887346,0.045052780349742465,0.1662086941145978,0.4195128968685496,0.3511854238983659,0.0,0.0,0.0,0.0
0.3442380260166229,0.07651273214143817,0.10712437114613321,0.0,0.18240775121058694,0.09497524332994585,0.19560948741063677,0.10873409176360094,0.15296704033731348,0.3189569023728913,0.07778124680632094,0.472551093488218,0.16893850627082158,0.07869579082048415,0.0,0.1715227506323991,0.2496360663127841,0.25632577099057663,0.09569259533571343,0.0,0.15072553802095542,0.04383879033499502,0.03964544042832042,0.0,0.19424616051901403,0.2909644032671104,0.09784856865011207,0.0,0.0,0.07700904805415798,0.0,0.19377206764181304,0.3300344059335198,0.0,0.0,0.028837064151683744,0.0,0.14375457599816782,0.2413166921135283,0.3129139471065237,0.10583177725874136,0.0,0.24893299006246308,0.220534105799951,0.23128047099042853,0.2738024877150578,0.05400513048390043,0.1819703444289764,0.0,0.25038466245693297,0.0,0.0750862801088839,0.10147726605979493,0.08616483650592711,0.1692313569780883,0.2464086120602019,0.3504151884271692,0.14061291598566236,0.15541076792037645,0.0,0.11646861591116939,0.05132191804182518,0.14245445873449397,0.0,-0.0032057344751785237,0.053874813297768734,0.08059852135494956,0.0,0.42113911757937506,0.15049310245432673,0.16271676046014596,0.0195778069743021,0.09721450206528079,0.061577607602316654,0.20651721655004407,0.2589822854862047
0.1987191114366708,0.5157913005760009,0.23106719530125713,0.0,0.0,0.2474253479379311,0.10227160637090871,0.02147379912228255,0.3142635374327065,0.4277312798345571,0.1630705031993009,0.0380572788871373,0.17086684669170224,0.0,0.30266712391788,0.2527915606591585,0.3315057635580143,0.37775321917775695,0.17316781866813805,0.2845345868705683,0.1861688595045363,0.36419900170699093,0.16911200113696728,0.19424616051901403,0.0,0.45973407703509755,0.4837781974850573,0.026417053215396315,0.18335878886020987,0.0,0.0,0.0,0.2548913814471675,0.0,0.0,0.0,0.09509274129108589,0.049500590125528515,0.0,0.1462236625301697,0.0,0.0,0.005556517336483186,0.10189283523633799,0.12339148013938166,0.001143330493372604,0.39508063481750744,0.200685577585253,0.0,0.19423330224768365,0.07003480923970291,0.2844046879514773,0.0,0.33928371887797043,0.1290172993303853,0.2803520701136654,0.1448470094019134,0.06750122041086418,0.05059319330069537,0.26023627645592623,0.2177749470916776,0.0,0.0,0.1828879835221074,0.29341073304105547,0.038603062089424454,0.3614036345924185,0.04015328191448332,0.02566718272445417,0.361122615809127,0.2436557026400373,0.3422751750977601,0.0,0.06713513925771368,0.0,0.06444582173851506
0.3182327007396907,0.5325595622424372,0.3462409996099445,0.0,0.0,0.44945987895470635,0.026450183669086236,0.1552402240723079,0.3805131366609747,0.45523975646802306,0.20759413636475157,0.2534919284219,0.34038431812924996,0.0,0.3361724678815645,0.09163103805197317,0.2059685975632367,0.17944540099772122,0.34298642571550475,0.26665730613154176,0.32048217218324315,0.41600872462232946,0.3404368247017669,0.2909644032671104,0.45973407703509755,0.0,0.3792696498233396,0.22829188378248735,0.13146409803654568,0.0,0.0,0.0,0.25815347874271977,0.11867513618337248,0.0,0.09444517644033389,0.2103315321475293,0.20278365150980923,0.0,0.06787538885518908,0.0,0.0,0.0,0.0,0.2211132684563837,0.03726894827004404,0.4397134786201821,0.3152935276616093,0.0,0.12091652735832188,0.019580690160650942,0.1052305414026297,0.046526113335879415,0.39993371257059124,0.08590916169129235,0.3126183189615499,0.21007800705332944,0.17849520373775402,0.0,0.28971588804077586,-0.0032143586665352875,0.0,0.0,0.3262374972258686,0.19950714971166877,0.22818608468379348,0.30874008580574186,0.21116293060090308,0.07071074405191136,0.24294179402732236,0.40850728884220205,0.28838487824061226,0.0,0.0,0.0,0.0
0.11052456134120062,0.4715499453952792,0.4271528444354182,0.0,0.0,0.3085280348037217,0.04478675093271146,0.12925945468982555,0.5025011351254826,0.41424550072076904,0.28925429295920635,0.040608853579676335,0.12484969022272054,0.0,0.45514185051959044,0.1212149400602153,0.12795093932263066,0.17971752472532262,0.30984406891742183,0.46526095015855623,0.2860218129045474,0.5119654607761849,0.3449492548567997,0.09784856865011207,0.4837781974850573,0.3792696498233396,0.0,0.128030853101416,0.31882509704229217,0.0,0.005864274836360927,0.0,0.10763152270182043,0.0,0.0,0.026003311534118643,0.1798333065435956,0.09536910986988632,0.0,0.027081826473834662,0.0,0.0,-0.013541583406258844,0.03615569864288558,0.212335201330264,0.01671884650881869,0.49111333370856164,0.3741452732850854,0.0,0.25151661298984873,0.027022184292554645,0.2991411525901112,0.06421919893509387,0.48818067701035495,0.25445044043179327,0.3633563234601432,0.14613619066454894,0.05180411499616143,0.07040977191461728,0.40412393645963,0.21701639026648115,0.0,0.0,0.3330447427782605,0.30162705993106836,0.18533330076269267,0.42527671591391275,0.17025964508930666,0.0,0.39122930723999355,0.3227100910924688,0.47644488597207624,0.0,0.0,0.0,0.0
0.11774786709815947,0.17159586453828146,0.24203117090711798,0.09077792382943678,0.0,0.3077294973098003,0.0,0.03858875832929022,0.259708336702641,0.2289046582801959,0.08009924419052021,0.0,0.3143313306047751,0.0,0.29335157560695735,0.0036755892464759112,0.0,0.0,0.2576632671450463,0.21820395952815425,0.2979562688237488,0.2759583316573337,0.17876951152910317,0.0,0.026417053215396315,0.22829188378248735,0.128030853101416,0.0,0.35353789427408217,0.14046927221113092,0.26662699781487986,0.0,0.0,0.31967261527499774,0.15053778583754981,0.2634294585597662,0.33210088400038673,0.19284488652703313,0.0,0.0,0.0,0.0,0.0,0.0,0.18750208092874507,0.08669918371317496,0.23329776750821124,0.2304509711035753,0.0,0.0,0.0,0.0,0.04741387770026044,0.23405567445032666,0.05987907368706049,0.1297643343976501,0.0,0.18761974376055413,0.0,0.24675469324388674,0.0,0.0,0.0,0.3022318120656881,0.00565466624402389,0.3348610388037271,0.12555734060402257,0.16295975409649915,0.0,0.030610937537500764,0.21218743771811635,0.0750990193372108,0.28128171658303863,0.0,0.0,0.0
0.08225676656085117,0.1707016949899222,0.15808453310441967,0.0,0.0,0.182069869868479,0.0,0.0,0.2411149424250741,0.21179943271615004,0.03091864509612292,0.0,0.1407462384096677,0.0,0.35327092928757775,0.2033693880446081,0.045485137240467655,0.09302421749192873,0.1444530669295594,0.3786381199865384,0.29364847713715,0.3485031733814254,0.09950897420502587,0.0,0.18335878886020987,0.13146409803654568,0.31882509704229217,0.35353789427408217,0.0,0.0,0.32712615341792395,0.0,0.0,0.16744765848389337,0.0,0.028223143312174136,0.23092700767804833,0.006775248777997474,0.0,0.0,0.0,0.0,0.0,0.0,0.11791727624208244,0.08225013799893625,0.22166400117457205,0.10665808033800539,0.0,0.006152340175450519,0.0,0.10955531272612878,0.0,0.22311392029051205,0.052589906590663954,0.0898356168213189,0.0,0.05796610237181832,0.0,0.2991278456410269,0.1380932335976698,0.0,0.0,0.19627773114014882,0.16223929189475497,0.23071935279539,0.18515540846033968,0.02644399591585479,0.0,0.11948392557922008,0.08312982133849336,0.18462960022093972,0.11574350131209872,0.009637896816081872,0.0,0.0
0.21142301549319598,0.0,0.04400309108660034,0.22144351210602375,0.30584849662871266,0.0,0.2050437105782972,0.04741015214302392,0.0,0.013295141203613352,0.024597019193396588,0.2193569972296316,0.13904092205136376,0.24059154650159592,0.0,0.1039755212911126,0.0,0.034633496029467324,0.11759215144082213,0.0,0.0,0.0,0.0,0.07700904805415798,0.0,0.0,0.0,0.14046927221113092,0.0,0.0,0.08319864903917218,0.15777535709711413,0.12308911065108916,0.17795092869693255,0.1947802224691705,0.08915790726123264,0.004997686058674186,0.09837511546771306,0.12414795734762976,0.03589506090888997,0.09975373624997234,0.015844994825549404,0.1191467350681927,0.10667334354099425,0.04115315002773542,0.25970982061090797,0.0,0.10892115029416476,0.0,0.0,0.0,0.0,0.0,0.0,0.11449271665699398,0.09241690437210069,0.010672073485113417,0.04782377325741452,0.13840117340540029,0.0,0.0,0.09504580636379804,0.027573336533246253,0.0,0.0,0.0715702745321679,0.0,0.0,0.08716845857272415,0.0,0.0,0.0,0.323557726953129,0.0,0.3727456861854269,0.12401215112818241
0.11099342665320124,0.0,0.027719131493583796,0.16546873097989145,0.009080325165016553,-6.283849137470478e-05,0.0,0.0,0.05217734744616066,0.06532497182219665,-0.007387201011516625,0.0,0.02669406257312053,0.0,0.1313386921544799,0.23738086576831424,0.06353533575281838,0.00979831106724374,0.03427683209354092,0.05997380362642677,0.20585798162321708,0.05975692926337386,0.0,0.0,0.0,0.0,0.005864274836360927,0.26662699781487986,0.32712615341792395,0.08319864903917218,0.0,0.0,0.0,0.22902988917575476,0.11358151867211391,0.12191145152151382,0.15580932250013077,0.0,0.0,0.0,0.0,0.0,0.0,0.0,0.030371459138579644,0.13476279850574197,0.0,0.016452591611673922,0.0,0.0,0.0,0.0,0.0,0.023151823758672363,-0.0151104407326269,0.0,0.0,-0.007810103863139796,0.0,0.05612402485613891,0.0,0.14761363327352017,0.03216998206773158,0.05918185167398608,0.0,0.1618820720743744,0.0,0.0,0.0,0.0,0.0,0.0,0.17745969140337933,0.0,0.08886621711332014,0.0070269323076808474
0.17669513764806022,0.0,0.0,0.07746162490081047,0.30535410209706504,0.0,0.34623261799275556,0.0,0.0,0.0,0.0,0.18097089246201856,0.03100831726895515,0.20784505497854855,0.0,0.2446908968863479,0.02793624783945477,0.2755509948026124,0.0,0.0,0.0,0.0,0.0,0.19377206764181304,0.0,0.0,0.0,0.0,0.0,0.15777535709711413,0.0,0.0,0.2663594978478219,0.0,0.0,0.0,0.0,0.0,0.560234648292592,0.35560880975581366,0.35305290682731616,0.13809499037118764,0.3220513342619096,0.3118467191613314,0.0,0.20152575128625821,0.0,0.0,0.0,0.1298198627136793,0.0,-0.009063970064995572,0.0,0.0,0.07945071848249499,0.00520325743440456,0.04623017969445389,-0.005811538005156563,0.21786124232931225,0.0,0.18848469870987425,0.09963683384631983,0.24118912567358186,0.0,0.0,0.0,0.0,0.0,0.18324951647868354,0.03592693190406378,0.0,0.0,0.11822480349822938,0.25049623624378864,0.2821327020507816,0.41635704332518964
0.35094637573932036,0.09448487446741007,0.12210188752243861,0.0,0.1485413087572549,-0.0015758799231789433,0.19863162096011538,-0.02102262417319758,0.1718249390445695,0.2923097474584326,0.07700874734149016,0.28104841491454746,0.140799382908159,0.017076942722962597,0.0,0.2153414990598687,0.17955989618985008,0.33533451453946417,0.09002091481234473,0.0,0.042297620787306034,0.11346043048798482,0.0,0.3300344059335198,0.2548913814471675,0.25815347874271977,0.10763152270182043,0.0,0.0,0.12308911065108916,0.0,0.2663594978478219,0.0,0.0,0.0,0.0,0.0,0.1965484899636128,0.27283058936595833,0.4506611415101282,0.20781768262150802,0.0,0.2521507339724033,0.18842782992756443,0.20896462358706427,0.3111868975968377,0.11764151116361125,0.15101434732106306,0.0,0.29034949341386895,0.0,0.11308962571806215,0.0,0.09199966006067041,0.1407365545110877,0.2164884741848052,0.219331854890351,0.09408460835977572,0.1982465553427408,0.0,0.21063467640439315,0.0,0.16312318030113485,-0.0022112604849146133,0.05303441203485969,-0.0023337449026886352,0.13026946282983087,0.0,0.24556653097152276,0.19144775236865014,0.18077893912044707,0.02052390615671187,0.10418100758056281,0.050759397323636636,0.15892869005857063,0.2643547905400167
0.200379922376278,0.0262058118127851,0.11252496639414027,0.19680159101330413,0.08941127558998663,0.18818152949535033,0.021470645643084575,0.060787902196489746,0.09622360716214495,0.06577727223801128,0.06639899026997374,0.10231433852573404,0.2106743533572296,0.0,0.05204808167495586,0.03475567264232468,0.0,0.0,0.28083780702743755,-0.00538664529470032,0.2512274896054929,0.09889050644821186,0.10030020014026438,0.0,0.0,0.11867513618337248,0.0,0.31967261527499774,0.16744765848389337,0.17795092869693255,0.22902988917575476,0.0,0.0,0.0,0.4311295783301831,0.27332514984958595,0.23188978300970187,0.26329661256413406,0.0,0.0,0.0,0.0,0.0,0.0,0.2016606106945579,0.10679656388899952,0.06993627966027854,0.10353858226474,0.0,0.0,0.0,0.0,0.06929049927847879,0.04147576794755648,0.04796897499970977,0.032863211983211627,0.0,0.026834740853637976,0.0,0.04105884328398909,0.0,0.0,0.0,0.22698023529806335,0.0,0.318728195011972,0.0,0.11467395745178306,0.0,0.0,0.07736080679992913,0.0,0.13008217263013166,0.0,0.0,0.0
0.04772116468752846,0.0,0.0,0.3587314080126139,0.09705379873450737,0.04533886630199276,0.04291940212625125,0.10852636630386826,0.0,0.0,0.0,0.06555581816873306,0.1112598421060652,0.16941577070610353,0.0,0.0,0.0,0.0,0.13209793810530707,0.0,0.03741967590372305,0.0,0.0,0.0,0.0,0.0,0.0,0.15053778583754981,0.0,0.1947802224691705,0.11358151867211391,0.0,0.0,0.4311295783301831,0.0,0.22062331399792245,0.09936788638291755,0.14497272429971395,0.0,0.0,0.0,0.12990090689549066,0.0,0.0,0.03891331713138151,0.03536548629042706,0.0,0.0,0.0,0.0,0.0,0.0,0.038034760763771734,0.0,0.027222755134097856,0.0,0.0,0.0,0.0,0.0,0.0,0.08733440112627797,0.0,0.1083399915155807,0.0,0.1867559944981634,0.0,0.03388735854063946,0.0,0.0,0.0,0.0,0.1487637487526677,0.0,0.017976654441054556,0.0
0.024238481802518003,0.10939851229164263,0.10485801240779817,0.12020533190955116,0.056885001375623676,0.23834138329706164,0.03544640883997235,0.15175255553776684,0.15381371463934362,0.06632539693457129,0.035684918035004225,0.13518118717352454,0.21103094806627326,0.0,0.022403496355051424,0.0,0.0,0.0,0.234935664695499,0.013350120860437385,0.1483875336621563,0.05936059139932534,0.12807153804963622,0.028837064151683744,0.0,0.09444517644033389,0.026003311534118643,0.2634294585597662,0.028223143312174136,0.08915790726123264,0.12191145152151382,0.0,0.0,0.27332514984958595,0.22062331399792245,0.0,0.32650208860485824,0.2105488217762457,0.0,0.0,0.0,0.0,0.0,0.0744801102947869,0.2028011833910638,0.0,0.08665721048780717,0.14059334913088894,0.0,0.0,0.0,0.0,0.12710646328180683,0.07305283808894528,0.06394632232495602,0.06607027110344661,0.08341831454609715,0.10575555917485549,0.0,0.0,0.0,0.0,0.0,0.21219845086833442,0.0,0.16931192304412135,0.0,0.14909138441016623,0.0,0.0568855802323856,0.1365953572245919,0.0,0.044676429009028136,0.0,0.0,0.0
0.006337841941159495,0.2410737008025976,0.23875231255367207,0.0,0.0,0.26724245317063433,0.0,0.0425413374016109,0.24948282656424833,0.18882646567166378,0.038530525570721945,0.0,0.16924508911217478,0.0,0.2456469695973348,0.0,0.032330707592626656,0.0,0.22776554379881367,0.23545748963776897,0.22097207323124457,0.24507969235899538,0.1717027104317261,0.0,0.09509274129108589,0.2103315321475293,0.1798333065435956,0.33210088400038673,0.23092700767804833,0.004997686058674186,0.15580932250013077,0.0,0.0,0.23188978300970187,0.09936788638291755,0.32650208860485824,0.0,0.1725291165321326,0.0,0.0,0.0,0.0,0.0,0.0,0.17261983410697154,0.0,0.25658785704925563,0.19095470721312346,0.0,0.0,0.022836971932294548,0.0,0.07314631607299248,0.21618429599238642,0.11896897901633019,0.09430981143075197,0.07863699246767136,0.13978902729887152,0.0,0.2136004918413137,0.0,0.023819790899505745,0.0,0.2931941117319179,0.08997797962246137,0.22144223430677246,0.1682865572789798,0.16773866187346206,0.0,0.15162905488158143,0.23869632137287247,0.14366672495254226,0.0,0.0,0.0,0.0
