0.0,0.028012352455019224,0.0,0.0,0.0,0.0,0.0,0.0,0.0,0.025853668316164324,0.0,0.0,0.0,0.0,0.007919852571623762,0.2593143859365289,0.12813952430854847,0.04736040179343522,0.0,0.24651650996340224,0.14192601598722834,0.32479581351647446,0.0,0.2736710284021985,0.07288737234290614,0.12368663160564826,0.0,0.0,0.07490504502812112,0.0,0.0,0.2101010848517784,0.12381683080757003,0.11723579227481949,0.1412547732846896,0.0,0.0,0.0935764858417785,0.19334935959167332,0.12686567352985254,0.13655194569724957,0.0,0.0,0.0,0.0,0.5596801837057429,0.0,0.0,0.0,0.0,0.0,0.0,0.0,0.1084771272524799,0.0,0.0,0.0,0.05836220048829255,0.0,0.0,0.23285426228054332,0.04658010171087699,0.2799568534231438,0.0,0.2635564132073136,0.08910276002826724,0.2215236025922706,0.0,0.29815046772050163,0.0,0.15207957626192353,0.0,0.28863720968186185,0.2009576531797061,0.29303174153596184,0.24196931278199438
0.028012352455019224,0.0,0.2762555413815581,0.0,0.1416902045090547,0.7278440901592799,0.2980455541281497,0.27087692257719537,0.04965475185798239,0.18616255714796412,0.18711512494805901,0.10289805020154351,0.2644904649481793,0.12679444645877583,0.0,0.4114433457483205,0.4657072775623777,0.663023480583163,0.06539928084703635,0.09849087004159827,0.0,0.21424494930536986,0.35152179901279335,0.08377386836713856,0.7285011020321475,0.7601708612284829,0.21664570492049728,0.0,0.4408625336303892,0.0,0.0,0.011989919283605207,0.14467294817846707,0.0,0.0,0.0009452465998304359,0.0,0.027771783786688396,0.04629664358040911,0.09768254815434252,0.12708576748493675,0.0,0.186389178726514,0.00741399542589822,0.05828290950066015,0.0,0.5514074918026016,0.23971607542488252,0.0,0.0,0.21320227206756992,0.023749166999904158,0.2103831633988304,0.0,0.23283339274642387,0.22136010355280325,0.06876439642444394,0.09382205982804154,0.0,0.12171907120250607,0.14226667639150778,0.38191964159181196,0.13661506382536165,0.0,0.0,0.0,0.14837766432925306,0.042864175635180864,0.06454882303089125,0.33619413706747553,0.30517503438075066,0.2203767039962697,0.0,0.0,0.0,0.00017888205043252876
0.0,0.2762555413815581,0.0,0.0,0.485886918632145,0.4569206652766209,0.3761794437064958,0.33510363022480855,0.6820516807834076,0.2188247457462964,0.838343806516013,0.3513410880759602,0.1747856125292271,0.3804886595940966,0.2679138370904773,0.05982534124771412,0.0,0.15980875641657255,0.6897499622319824,0.12748599902597735,0.049908071829422945,0.2505509646988835,0.6166037741483997,0.0,0.18990399539514632,0.3048593292083034,0.4351081231640889,0.20956859378680207,0.03006002965469879,0.15899596702373273,0.17123376778975918,0.0,0.23881407265052,0.0,0.0,0.33003024099520556,0.2748921322064135,0.17682222260889394,0.0,0.11567808803028999,0.0,0.06573085417976285,0.4476101559652834,0.2681374821292487,0.45423987276432864,0.0,0.31843538239036834,0.8893633646975135,0.3639106536435463,0.005420215878674458,0.0,0.1255414931889843,0.2574886638038381,0.06181372908819367,0.23545785089611543,0.8208615040423564,0.5274874862585621,0.18927666620683878,0.13785471948796882,0.03918867118396831,0.0850497908993026,0.0865529222468126,0.12788626127368796,0.5211076542833096,0.0,0.02027864422520545,0.31044388132259626,0.22048352203434973,0.0,0.27211281390103265,0.31015016784749966,0.03428358647888658,0.21486070468232815,0.0,0.0,0.0
0.0,0.0,0.0,0.0,0.23690996627254546,0.006171283946389245,0.25363549332417384,0.0,0.0,0.0,0.027813580145286898,0.0,0.2591213471960233,0.309083062512388,0.0,0.0,0.0,0.0,0.15008797057571802,0.03590539011509641,0.08399554749289684,0.0,0.0,0.0,0.0,0.0,0.0,0.4188704984761069,0.13457165034301427,0.21184228278752193,0.36692069871281463,0.0,0.0,0.018757969638769897,0.047175067697882996,0.36103901812596667,0.36760429062930167,0.0,0.0,0.0,0.0,0.1536210070908279,0.25726400601875754,0.24289727417631102,0.0,0.0,0.0,0.07690354565382476,0.353055703316011,0.2730432551281014,0.0,0.0,0.0,0.0,0.0,0.0829214002665381,0.1908141835347332,0.0,0.26147064136563125,0.0,0.0,0.0,0.0,0.3192894760846548,0.0,0.10263920674441532,0.0,0.0,0.0,0.0,0.0,0.0,0.018540577272034568,0.014518964567767027,0.0,0.0
0.0,0.1416902045090547,0.485886918632145,0.23690996627254546,0.0,0.31559208957129936,0.5574236869184475,0.0,0.5887411088958405,0.3177716149597968,0.5232538830961706,0.2409667246417126,0.2931613916341991,0.6454920638904252,0.10627706213482423,0.07314524992620357,0.0,0.16623225741702563,0.39759707723250254,0.32697787308075454,0.2787230979033638,0.3899672450923242,0.23420174619500908,0.0,0.19511478630644263,0.10523765983453327,0.4585490946545532,0.5333156344163673,0.3032531089693962,0.39975064126688825,0.45716487231244934,0.0,0.0,0.0,0.0,0.540722256231011,0.6067869616105832,0.10802162465274907,0.0,0.0,0.0,0.08921269816620031,0.5382657876505557,0.6040830714437129,0.3799551012246919,0.0,0.07043285837567338,0.44728286843152576,0.5110424253210459,0.42401538739292444,0.0,0.09068516907456795,0.0368202379318712,0.27167658649186927,0.28293191807246787,0.4959006309933415,0.49074364855356395,0.0,0.427536456426505,0.21474726252463763,0.1744877924435616,0.0,0.10545904313915959,0.36788091192837025,0.01590730139201919,0.1737849584028623,0.4026663495194977,0.09015176956171866,0.0,0.24209063500426337,0.03645254632599756,0.152889107169012,0.2964155131689747,0.0,0.15051951028918906,0.0
0.0,0.7278440901592799,0.4569206652766209,0.006171283946389245,0.31559208957129936,0.0,0.4496085227192818,0.45006646087963736,0.25054836247140433,0.09400386835845366,0.47432889548428153,0.1946340492830297,0.308476612764068,0.268939687539989,0.0,0.13056164332672981,0.16963815050072664,0.5311164360076983,0.31403333658455523,0.0,0.0,0.07784689740883309,0.6884225259011154,0.0,0.44452391005623665,0.46044488854414406,0.3105819111792172,0.0,0.3207726575010024,0.0,0.0,0.0,0.02578829104897813,0.0,0.0,0.1317487896241383,0.08239530264642816,0.0,0.0,0.0,0.0,0.008297414522121396,0.33548492949527725,0.06177725829777389,0.09872582975438003,0.0,0.5287805503167997,0.3854841331729109,0.07414624902785792,0.0,0.23813553947890534,0.11605761605140544,0.4351935998614165,0.0,0.11559029502056856,0.4602123136092856,0.3957541175339081,0.11986217096823124,0.1082977041750667,0.11183003483653332,0.0,0.1519790788656115,0.0,0.23195643751017334,0.0,0.0,0.029276982986918342,0.34152368711803577,0.0,0.2661809853337144,0.13911465865777867,0.27542913760406695,0.0,0.0,0.0,0.0
0.0,0.2980455541281497,0.3761794437064958,0.25363549332417384,0.5574236869184475,0.4496085227192818,0.0,0.0,0.5536760280388565,0.15693000828869613,0.4153839864331495,0.0,0.4467757385725714,0.3651493679261172,0.008982723345667812,0.2101845609535061,0.0,0.2367930938296576,0.5166367809107503,0.07879722872958039,0.25713308570011734,0.16539877551705057,0.2660620898703909,0.0,0.18400231404071413,0.1574052472331747,0.45659462028447173,0.3476911663708649,0.3015909383264337,0.18709995817534683,0.44760143479442344,0.0,0.0,0.1013426023410415,0.0,0.3500019031881019,0.43986856837323723,0.15137949006469145,0.0,0.0,0.026916268193695924,0.27058119780104967,0.45913711970277027,0.36060692890585444,0.3006717124604898,0.0,0.21002168520579176,0.36050190520723346,0.5797221986680313,0.26277885159846176,0.0,0.4493486071013518,0.18397144121408013,0.0,0.300738394434574,0.3482867797480952,0.3140620614265293,0.028359098365843424,0.20635365175555742,0.14816881178782715,0.17537296421524365,0.0,0.06534091711736327,0.4583780443475027,0.0,0.1875890296471206,0.22991745597314708,0.17168428312680187,0.0,0.3425777254890842,0.07872314602239142,0.2832326673436172,0.0,0.0,0.0,0.0
0.0,0.27087692257719537,0.33510363022480855,0.0,0.0,0.45006646087963736,0.0,0.0,0.07634871608349429,0.0,0.24540004266504892,0.5320858510200432,0.2789530512554718,0.0,0.0,0.0,0.20317229069993978,0.34116188482260257,0.0557539292140359,0.0,0.0,0.0,0.5753917178465389,0.5103746761897934,0.06202223018879693,0.4061019101943479,0.0,0.0,0.0,0.0,0.0,0.27744775731427046,0.4865704187973631,0.0,0.0,0.0,0.0,0.18161893124736664,0.19181632717808322,0.4618726849028048,0.0,0.0,0.1703961918607193,0.0,0.2856136291530767,0.0,0.21722300620449972,0.2353946683608401,0.0,0.0,0.0,0.0,0.589095673162528,0.0,0.0,0.1996152424791194,0.2797299666508579,0.4355313602503467,0.08554720459567902,0.0,0.0,0.18248634192385818,0.001863055778961337,0.0,0.0,0.0,0.0,0.0,0.43592825389107287,0.0,0.10311388884152274,0.0,0.0,0.0,0.0,0.0
0.0,0.04965475185798239,0.6820516807834076,0.0,0.5887411088958405,0.25054836247140433,0.5536760280388565,0.07634871608349429,0.0,0.13252285868127492,0.5866851389764357,0.2925393817733992,0.21419406850505873,0.2625502156269499,0.21816821737789943,0.0,0.0,0.0,0.5288260127902116,0.16079662852553897,0.1804261036957688,0.21853270972054406,0.40674584098267497,0.0,0.0736952916618488,0.17760670609052004,0.5301597293347099,0.1846918953755681,0.0012059295704019179,0.32332135754437996,0.24047753644642947,0.0,0.10258532741480829,0.0665798877545225,0.0,0.27201061429006695,0.2788225159947043,0.2582854050134052,0.0,0.05312972407557906,0.04026405867626026,0.14654987118507473,0.41755147781378066,0.27927366422553357,0.3937970441802023,0.0,0.20701118791659748,0.554268868784833,0.37826493542058026,0.15679415451562362,0.0,0.19074980577225695,0.1334573514984785,0.2421955332546085,0.21120378136134046,0.5587963117634682,0.36721632012787503,0.1426381216898788,0.162454670767253,0.12989846794646967,0.25649309344319954,0.0,0.14310211073559795,0.3852493068477384,0.0,0.11223198985048902,0.33181400697169355,0.21695813340426903,0.0,0.3331119518007095,0.3118349371870103,0.16725945365644904,0.0881745697390753,0.0,0.0,0.14339201482468358
0.025853668316164324,0.18616255714796412,0.2188247457462964,0.0,0.3177716149597968,0.09400386835845366,0.15693000828869613,0.0,0.13252285868127492,0.0,0.1270156208556887,0.4464220819188318,0.10053502819499038,0.3533898853393593,0.15772247138331877,0.025587992257030238,0.2665345072854555,0.1584002068952649,0.07934744748556793,0.08629275855462651,0.0,0.1958345611675974,0.0,0.1118901786671688,0.6344496738131834,0.32650486091870656,0.21842449758482138,0.09144193368256334,0.057631194011759854,0.0,0.2713154485529451,0.0,0.0,0.0,0.058788298799804,0.5285782329341892,0.4243118057409216,0.02698926172214204,0.05654196232734882,0.0,0.0,0.0,0.28876156661633184,0.47069554117492246,0.2023621439705561,0.0,0.2024766550309166,0.22102884099226225,0.3489894184170548,0.22253795955153163,0.0,0.12799850707976954,0.0,0.02771343545195123,0.5792990390885097,0.26061302555864857,0.4602834481095981,0.0,0.021255559095915966,0.24901923797949305,0.07942736970788492,0.4109530830506521,0.20993199296903464,0.0,0.0005180881685783236,0.08536254585974981,0.21637899360487128,0.0,0.09134114556459043,0.37418061368995653,0.27960812444581884,0.0,0.23206894153359153,0.0,0.28120017403648684,0.0
0.0,0.18711512494805901,0.838343806516013,0.027813580145286898,0.5232538830961706,0.47432889548428153,0.4153839864331495,0.24540004266504892,0.5866851389764357,0.1270156208556887,0.0,0.3056541556127205,0.27298404694457784,0.3947228678725773,0.21279319068189517,0.0,0.0,0.04008614664854921,0.5593846130434709,0.0,0.040932370071247295,0.0745839008755138,0.5989965205335589,0.0,0.02944670624451056,0.12071487349135955,0.4105658777400382,0.26711000371284266,0.0,0.12581071793141868,0.23053382212301632,0.0,0.09945040047551862,0.0,0.0,0.32903332873845864,0.27210493293311233,0.05208802519043073,0.0,0.0,0.0,0.1499328291035778,0.4459686978816106,0.2528195364576352,0.30354524702256236,0.0,0.236115924092437,0.6797098465481128,0.31778996241901303,0.11942686154587114,0.0,0.15986021973538087,0.2372126259144865,0.0010778939232582354,0.1674856191716205,0.8312197908473725,0.56460476855674,0.15540491491842448,0.18977275079827627,0.0,0.0,0.015063435302480211,0.0,0.4889477097380884,0.0,0.0,0.1327250597254308,0.25758133945756956,0.0,0.17507217633786462,0.1329457594223298,0.1316208622754152,0.10797443878080927,0.0,0.0,0.0
0.0,0.10289805020154351,0.3513410880759602,0.0,0.2409667246417126,0.1946340492830297,0.0,0.5320858510200432,0.2925393817733992,0.4464220819188318,0.3056541556127205,0.0,0.3051594970193074,0.1784381399079561,0.0,0.0,0.0,0.11492739072275512,0.0,0.0,0.0,0.0,0.24312782794423654,0.5760684534564421,0.22449783336627985,0.3470853618995303,0.0,0.0,0.0,0.0,0.0,0.289130753055073,0.39162285948661585,0.0,0.0,0.18303791157638755,0.13173860712562938,0.29492250557971883,0.22915859049443307,0.44962211377404476,0.0,0.0,0.26078961561038144,0.175410359141858,0.5135044046205837,0.0,0.16543392292598683,0.2427189675685919,0.0014177886298346303,0.0,0.0,0.0,0.1343053575405753,0.0,0.19291230585463828,0.2525179342458383,0.702184583757226,0.35909620679608356,0.061330749341735116,0.0,0.0,0.25530674439665557,0.18208897197080012,0.0,0.0,0.0,0.0,0.0,0.5103385838027636,0.07763529839810814,0.2454813838708024,0.0,0.1680134204967545,0.0,0.2590621527019538,0.0
0.0,0.2644904649481793,0.1747856125292271,0.2591213471960233,0.2931613916341991,0.308476612764068,0.4467757385725714,0.2789530512554718,0.21419406850505873,0.10053502819499038,0.27298404694457784,0.3051594970193074,0.0,0.25101030367868055,0.0,0.28468360831450845,0.26303034293846594,0.28549625864169753,0.22186643387976995,0.0,0.0,0.0,0.1312374318247901,0.07795701588104265,0.0,0.31252676733911383,0.0,0.3241927846264281,0.06927119210318933,0.0561836013377904,0.11750986639887738,0.0,0.031079004364540936,0.16652580950179247,0.0,0.1735088144556691,0.211113639185584,0.2706203247495025,0.0,0.0,0.16029656537852538,0.21859635931389804,0.2179491663884523,0.12132759975879163,0.30652392020996094,0.0,0.03861988847313565,0.18317566057394966,0.1783492266510413,0.10521815868668452,0.0,0.07478516348821976,0.051801748784876325,0.0,0.02176172269658585,0.10435569628611731,0.3676171051170327,0.2589309324435241,0.15164530040621801,0.0,0.0,0.09674129806091922,0.1996898845306741,0.2806960565306007,0.0,0.0,0.0,0.0,0.0,0.0,0.0,0.0,0.0645106341404926,0.0,0.0,0.0
0.0,0.12679444645877583,0.3804886595940966,0.309083062512388,0.6454920638904252,0.268939687539989,0.3651493679261172,0.0,0.2625502156269499,0.3533898853393593,0.3947228678725773,0.1784381399079561,0.25101030367868055,0.0,0.1784252520564357,0.0629741201099813,0.0,0.12736878333173557,0.30703136863431835,0.3109360904436937,0.22444688778998248,0.3759403583874318,0.1490288264212778,0.0,0.20995804953064645,0.04768202061722911,0.2627070576685175,0.5613080764189516,0.30302093200788294,0.3019764245081831,0.554599639471101,0.0,0.0,0.011064362653072923,0.0,0.8142192059752321,0.6928387007539878,0.04405206182343531,0.0,0.0,0.0,0.10606247235493466,0.633058726781989,0.6384070230761169,0.2956116017256517,0.0,0.0,0.3705156793236874,0.5554622727472195,0.4056009481523462,0.0,0.05179433770253408,0.0,0.03032276299503814,0.2331425774177862,0.4205702289744508,0.5867258251144738,0.0,0.4804547313119256,0.16783613874923578,0.07513378068326809,0.0,0.05520891918982691,0.3604788528729052,0.09868285637289667,0.15375964947038356,0.366552301982829,0.03404336752124077,0.0,0.18204629468972253,0.0,0.0005038909519259218,0.3620632409576156,0.0,0.17385471602478667,0.0
0.007919852571623762,0.0,0.2679138370904773,0.0,0.10627706213482423,0.0,0.008982723345667812,0.0,0.21816821737789943,0.15772247138331877,0.21279319068189517,0.0,0.0,0.1784252520564357,0.0,0.0,0.0,0.0,0.11668973813687573,0.23868153526741578,0.41248567081285425,0.37749431916708925,0.06481624940014916,0.0,0.0,0.0,0.45353395578543254,0.17617474566035196,0.11585839200561493,0.0005527984678044821,0.22640298092687672,0.0,0.0,0.02151446893853521,0.0,0.3022320350461752,0.2646245070290381,0.0,0.0,0.0,0.0,0.0,0.15158675985383283,0.3448186856823332,0.07450485543192911,0.0,0.08301655646211403,0.22082279373418703,0.20804641867468537,0.1175230297691871,0.0,0.1506366688910076,0.0,0.23963350573808612,0.30075855641326255,0.21622699927544317,0.07549606628335895,0.0,0.08582782585706436,0.45557582131724766,0.08185542965609796,0.0,0.0,0.07185665753833692,0.2996510363954877,0.34884662529435206,0.49020111501131064,0.3000974099339783,0.0,0.1773373840150673,0.0901743133326644,0.29819857583889003,0.2601573568248956,0.18067287345446817,0.1485290577933406,0.24032662899131207
0.2593143859365289,0.4114433457483205,0.05982534124771412,0.0,0.07314524992620357,0.13056164332672981,0.2101845609535061,0.0,0.0,0.025587992257030238,0.0,0.0,0.28468360831450845,0.0629741201099813,0.0,0.0,0.3571514617512547,0.6170662434873193,0.10520090495479134,0.14228793951235408,0.06791586246157531,0.16044407749739895,0.01661831965576801,0.0,0.2949540687490516,0.2683309070020942,0.0,0.09537922658060802,0.36818405048960745,0.0,0.13012612620569156,0.0,0.06800290115373016,0.09289034802284954,0.10361545067828783,0.0,0.0,0.01223738559077791,0.0,0.0,0.16428967199076064,0.04049866604331349,0.0,0.0,0.0,0.13729814996230605,0.0,0.002491494413203612,0.0,0.05501025060969782,0.04061019804351564,0.10932840156789571,0.0,0.0010333408169651735,0.026340967910502045,0.0,0.0,0.08687165715756771,0.0,0.008676350452772928,0.3332637142837573,0.09486836887598464,0.20680285875520815,0.10228062031658955,0.0,0.07127010960272064,0.0,0.0,0.0,0.020892284202610505,0.024302449304700102,0.0,0.0025968955617627298,0.05381559794436199,0.0,0.03398476337789911
0.12813952430854847,0.4657072775623777,0.0,0.0,0.0,0.16963815050072664,0.0,0.20317229069993978,0.0,0.2665345072854555,0.0,0.0,0.26303034293846594,0.0,0.0,0.3571514617512547,0.0,0.45880261289838464,0.0,0.0,0.0,0.0,0.0,0.3442028289677958,0.3635317020772003,0.5061424179773295,0.0,0.0,0.040280672309834405,0.0,0.0,0.11002401886066998,0.2650296893446442,0.018297762670548327,0.0906225056572334,0.0,0.0,0.0,0.13404494583364507,0.19477051722494038,0.1572834325911907,0.0,0.0,0.0,0.0,0.02827620724160101,0.25697835760656035,0.0,0.0,0.0,0.15813404524621982,0.008929507351200936,0.004982657315954825,0.0,0.13832320372275136,0.0,0.0,0.2860250559403738,0.0,0.0,0.05791317207560084,0.5459529283820128,0.31419457111012594,0.0,0.0,0.0,0.0,0.0,0.23738613064171837,0.09735375271951023,0.2567051371108492,0.0,0.0,0.0,0.0,0.12528554061462366
0.04736040179343522,0.663023480583163,0.15980875641657255,0.0,0.16623225741702563,0.5311164360076983,0.2367930938296576,0.34116188482260257,0.0,0.1584002068952649,0.04008614664854921,0.11492739072275512,0.28549625864169753,0.12736878333173557,0.0,0.6170662434873193,0.45880261289838464,0.0,0.06141079912904511,0.029841357895778547,0.0,0.1669579283762411,0.16990663791440616,0.09721444719255014,0.5227495612480472,0.5504238050629804,0.0,0.0,0.27971594958451157,0.0,0.0,0.11963398367674045,0.2412224337041912,0.0,0.0,0.0,0.0,0.0,0.08029793891342402,0.18287153915648544,0.052160054770134974,0.0,0.20146274595822242,0.0,0.10669392618364154,0.0,0.16222890481502364,0.009920532070227443,0.0,0.0,0.03128246634432595,0.05369920753245612,0.2926672437239983,0.0,0.0956547321889323,0.058556253383169395,0.026918104937320875,0.14976763822342673,0.05049219105154078,0.06827686435559241,0.12544307254116735,0.33941287887697297,0.21734099034878543,0.0,0.0,0.0,0.0,0.0,0.1457457325623861,0.1689486199964697,0.10551773234691655,0.0,0.0,0.0,0.0517882126980886,0.0
0.0,0.06539928084703635,0.6897499622319824,0.15008797057571802,0.39759707723250254,0.31403333658455523,0.5166367809107503,0.0557539292140359,0.5288260127902116,0.07934744748556793,0.5593846130434709,0.0,0.22186643387976995,0.30703136863431835,0.11668973813687573,0.10520090495479134,0.0,0.06141079912904511,0.0,0.19452850036383829,0.34656680570603315,0.17592909659268388,0.37068534193516545,0.0,0.0,0.0,0.3281603479842907,0.39728890979275155,0.2379489654681353,0.3317634100466955,0.4550561487397685,0.0,0.0,0.03665495571730046,0.0,0.3182566671222215,0.32472682525774466,0.08870669182073027,0.0,0.0,0.0,0.261307177593161,0.3580047969694086,0.2732590065554947,0.24992975600193365,0.0,0.09840208224602531,0.6557317191176556,0.5067448526242543,0.12465885846389968,0.0,0.1793830419544403,0.1757801317975729,0.12299130777482009,0.10227700175365081,0.641781169369275,0.3734568502538249,0.0,0.09896815219815211,0.06819016660767818,0.08040357417228963,0.0,0.0,0.8721658355068085,0.0,0.3579119281176725,0.22338351376956478,0.21878617892333868,0.0,0.17240371587262138,0.0,0.09829825012599645,0.03873012781675777,0.0,0.0,0.0
0.24651650996340224,0.09849087004159827,0.12748599902597735,0.03590539011509641,0.32697787308075454,0.0,0.07879722872958039,0.0,0.16079662852553897,0.08629275855462651,0.0,0.0,0.0,0.3109360904436937,0.23868153526741578,0.14228793951235408,0.0,0.029841357895778547,0.19452850036383829,0.0,0.5136315457832067,0.8882883123543068,0.0,0.0,0.15834724611809772,0.025058755607577123,0.4439750828652737,0.469846904037986,0.6715966528274524,0.36260591043752755,0.33414043175925734,0.0,0.0,0.15385114834851024,0.0,0.2741181712077387,0.281957158190874,0.15004858073520735,0.009895127634284764,0.0,0.09715408191051407,0.0,0.1921499014603328,0.4177452915025638,0.09701775448696552,0.10292598888018924,0.031159721137764114,0.1858130530059659,0.13984789834146635,0.1581238872135028,0.0,0.0,0.0,0.5250947017594946,0.2489416119098651,0.06459919882703608,0.0,0.0,0.10280940006934201,0.3418396880004674,0.45249494707342025,0.0,0.24296440126888663,0.1417038475441307,0.7464283509687863,0.40010156753396725,0.8061060911177558,0.063182449555964,0.0,0.28528560126454783,0.12671250993419897,0.2685453737941944,0.409476590242935,0.5633276946392561,0.3786639189966856,0.24284728733479233
0.14192601598722834,0.0,0.049908071829422945,0.08399554749289684,0.2787230979033638,0.0,0.25713308570011734,0.0,0.1804261036957688,0.0,0.040932370071247295,0.0,0.0,0.22444688778998248,0.41248567081285425,0.06791586246157531,0.0,0.0,0.34656680570603315,0.5136315457832067,0.0,0.44070678184081646,0.0,0.0,0.0,0.0,0.3784014130167343,0.4497070314577227,0.4422800880656768,0.33245328759440435,0.5506505844538419,0.0,0.0,0.1510229858276707,0.06574770519015113,0.1667310911669858,0.20277812530296146,0.0,0.0,0.0,0.02542154005072055,0.1468815310669151,0.10407330940250382,0.2664181739451679,0.0,0.04100007792195311,0.0,0.04982806185076345,0.28899022813126923,0.38286534774358233,0.0,0.2178461351912854,0.0,0.3370360256332491,0.08127044213491141,0.11935161266848968,0.0,0.0,0.16040330811101083,0.44865535643068566,0.19732511228711236,0.0,0.0,0.35521005481384493,0.2748353750875777,0.7540318382870381,0.48336719611566886,0.26126338877333694,0.0,0.04950922038707162,0.0,0.3086641080593909,0.126819263258972,0.383822643063496,0.09147202506448435,0.14548204868967554
0.32479581351647446,0.21424494930536986,0.2505509646988835,0.0,0.3899672450923242,0.07784689740883309,0.16539877551705057,0.0,0.21853270972054406,0.1958345611675974,0.0745839008755138,0.0,0.0,0.3759403583874318,0.37749431916708925,0.16044407749739895,0.0,0.1669579283762411,0.17592909659268388,0.8882883123543068,0.44070678184081646,0.0,0.0,0.0,0.2560541240245064,0.19038999289966266,0.5777997358936416,0.40685279640511096,0.5794331308153933,0.26430721430659276,0.28295251148204625,0.04625547398462587,0.0,0.1263002963076153,0.0,0.29017877126062636,0.2781437040141425,0.09845573479485792,0.0489430477794322,0.0,0.02527112612156405,0.0,0.3041316786716108,0.43222137479563183,0.15584640615282766,0.1039108382792326,0.07510641439466927,0.22828459396652093,0.21874629611653118,0.11790623388928874,0.0,0.0,0.0,0.3616043502802017,0.2665518761275122,0.2126987967645912,0.06361353733703012,0.0,0.1594812262046638,0.31176307628064165,0.3983293863645974,0.1052080352334035,0.34364165992328194,0.03835491752990112,0.6236910486986781,0.2562943467716452,0.8353544129429966,0.03490264310270245,0.0,0.3186778686420724,0.20126315974593104,0.34401663632785584,0.44788238569158517,0.33888675138438956,0.37224037866361764,0.18308948004324163
0.0,0.35152179901279335,0.6166037741483997,0.0,0.23420174619500908,0.6884225259011154,0.2660620898703909,0.5753917178465389,0.40674584098267497,0.0,0.5989965205335589,0.24312782794423654,0.1312374318247901,0.1490288264212778,0.06481624940014916,0.01661831965576801,0.0,0.16990663791440616,0.37068534193516545,0.0,0.0,0.0,0.0,0.0,0.09831665498612918,0.17414976727462236,0.2714279610659851,0.0,0.0,0.0,0.0,0.0,0.15911504619392056,0.0,0.0,0.0350326574683081,0.029709251045872548,0.02181633841318035,0.0,0.07926486424810314,0.0,0.12412113546227788,0.2721488074134476,0.0,0.1539119014961427,0.0,0.3356477039591877,0.5458272553567811,0.08067134363854882,0.0,0.012744159085362642,0.010855433963721652,0.5100507432502351,0.0,0.0,0.503218604542972,0.3094237572608468,0.180964017330895,0.030197221650542998,0.025369395602113976,0.0,0.0,0.0,0.2772564407874107,0.0,0.0,0.0,0.6237350392703379,0.0,0.041836191058642634,0.04413875109476088,0.05004092378951915,0.0,0.0,0.0,0.0
0.2736710284021985,0.08377386836713856,0.0,0.0,0.0,0.0,0.0,0.5103746761897934,0.0,0.1118901786671688,0.0,0.5760684534564421,0.07795701588104265,0.0,0.0,0.0,0.3442028289677958,0.09721444719255014,0.0,0.0,0.0,0.0,0.0,0.0,0.13546762306468577,0.40060705182056083,0.0,0.0,0.0,0.0,0.0,0.6377488446006155,0.6226817373887478,0.0,0.0,0.0,0.0,0.28048867676489214,0.5983150331945186,0.7326011460478188,0.11364030654266892,0.0,0.0,0.0,0.20049482888094802,0.1939413277670959,0.13206866755646238,0.0,0.0,0.0,0.0,0.0,0.0,0.0,0.0,0.0,0.017721115942189846,0.49896501643045904,0.0,0.0,0.0,0.44767823500931775,0.3292928777038456,0.0,0.07721622045728399,0.0,0.0,0.0,0.8799337680614434,0.0,0.3423981136475058,0.0,0.19709198562767108,0.0,0.2660582487389554,0.14237324722165304
0.07288737234290614,0.7285011020321475,0.18990399539514632,0.0,0.19511478630644263,0.44452391005623665,0.18400231404071413,0.06202223018879693,0.0736952916618488,0.6344496738131834,0.02944670624451056,0.22449783336627985,0.0,0.20995804953064645,0.0,0.2949540687490516,0.3635317020772003,0.5227495612480472,0.0,0.15834724611809772,0.0,0.2560541240245064,0.09831665498612918,0.13546762306468577,0.0,0.6833573310594049,0.24649017512553048,0.0,0.33527363342491145,0.0,0.0,0.06219128091381966,0.11207711699346246,0.0,0.0,0.19044441889474067,0.10680646291408155,0.07355049270234312,0.18798751995972995,0.1032237696561506,0.03666138570142519,0.0,0.1618360027136044,0.24481208251830652,0.10024078099955067,0.0,0.4620400675085884,0.1468798242704136,0.03499669705552418,0.0,0.0,0.0018620093476115593,0.0,0.0,0.4550851434608911,0.12996051731999872,0.13778529995478048,0.0,0.0,0.2929509502172336,0.2551614482081501,0.4294373366143652,0.24471543676509513,0.0,0.0049791178899643304,0.0,0.22331060218115906,0.0,0.16044006190139828,0.5004167615915924,0.4438618177154118,0.11487376963699256,0.08659576584825632,0.0,0.1750706904449131,0.037174948465561505
0.12368663160564826,0.7601708612284829,0.3048593292083034,0.0,0.10523765983453327,0.46044488854414406,0.1574052472331747,0.4061019101943479,0.17760670609052004,0.32650486091870656,0.12071487349135955,0.3470853618995303,0.31252676733911383,0.04768202061722911,0.0,0.2683309070020942,0.5061424179773295,0.5504238050629804,0.0,0.025058755607577123,0.0,0.19038999289966266,0.17414976727462236,0.40060705182056083,0.6833573310594049,0.0,0.0,0.0,0.07422600791069452,0.0,0.0,0.2208089644647028,0.3601613128427387,0.0,0.0,0.0,0.0,0.2472418934332308,0.2546891101703285,0.37642129288842163,0.18796973604289988,0.0,0.20204785321238075,0.01923807878825626,0.25536334404797845,0.0,0.5693937102441391,0.18614699098262194,0.0,0.0,0.0,0.0,0.19675560905267292,0.0,0.2651932272512959,0.17048597354327832,0.12205985729344516,0.36128990414097223,0.02361552536478687,0.15839353114876492,0.16120248026618855,0.554329606707823,0.38741552355893105,0.0,0.0,0.0,0.11174161986437167,0.0,0.40433190824697146,0.3933752410388078,0.679027538896894,0.0,0.08579006901323931,0.0,0.0,0.08321600124649825
0.0,0.21664570492049728,0.4351081231640889,0.0,0.4585490946545532,0.3105819111792172,0.45659462028447173,0.0,0.5301597293347099,0.21842449758482138,0.4105658777400382,0.0,0.0,0.2627070576685175,0.45353395578543254,0.0,0.0,0.0,0.3281603479842907,0.4439750828652737,0.3784014130167343,0.5777997358936416,0.2714279610659851,0.0,0.24649017512553048,0.0,0.0,0.27638598023860295,0.4789833917124526,0.18234017607554495,0.3180536918805535,0.0,0.0,0.0,0.0,0.33155752721754894,0.30280440481451176,0.0,0.0,0.0,0.0,0.04598986830218854,0.3064103885023841,0.34466105327891533,0.013797222678975258,0.0,0.33042348848696734,0.4258814826926014,0.41437341879020323,0.253250354084604,0.0,0.2926813881144495,0.0,0.31841066506819365,0.42871668618738595,0.45579135195817827,0.13866918865944278,0.0,0.005977135078843266,0.2916387744686442,0.3391648508754114,0.057138178930584406,0.11456775724663357,0.22518526523026838,0.055630632916478615,0.3388898921944051,0.6406011363347335,0.4498426092473778,0.0,0.4709730509639714,0.2488120620073504,0.721809344118841,0.12089404584974998,0.18011268310933443,0.08160545574193455,0.03435102036872541
0.0,0.0,0.20956859378680207,0.4188704984761069,0.5333156344163673,0.0,0.3476911663708649,0.0,0.1846918953755681,0.09144193368256334,0.26711000371284266,0.0,0.3241927846264281,0.5613080764189516,0.17617474566035196,0.09537922658060802,0.0,0.0,0.39728890979275155,0.469846904037986,0.4497070314577227,0.40685279640511096,0.0,0.0,0.0,0.0,0.27638598023860295,0.0,0.4412484168414311,0.5215695547139124,0.617714357607341,0.0,0.0,0.08863568154110237,0.0,0.5199689598294833,0.5705000278682925,0.0,0.0,0.0,0.0,0.24145814857736542,0.3250606208811675,0.5016174697124091,0.13513144102749627,0.0,0.0,0.28294725120865394,0.5384043972920065,0.5650239885958377,0.0,0.13385545242620792,0.0,0.3353684563144194,0.1474188499745532,0.23620412391336798,0.2500463506829564,0.0,0.35445196716666816,0.2021037370206518,0.1341187899905726,0.0,0.040098515320046144,0.5166887055757241,0.16408422846693788,0.41719222516525317,0.4311670771088035,0.0,0.0,0.008157261628674587,0.0,0.0505202312096464,0.45518368697296063,0.24237890179790142,0.18251456970896285,0.0
0.07490504502812112,0.4408625336303892,0.03006002965469879,0.13457165034301427,0.3032531089693962,0.3207726575010024,0.3015909383264337,0.0,0.0012059295704019179,0.057631194011759854,0.0,0.0,0.06927119210318933,0.30302093200788294,0.11585839200561493,0.36818405048960745,0.040280672309834405,0.27971594958451157,0.2379489654681353,0.6715966528274524,0.4422800880656768,0.5794331308153933,0.0,0.0,0.33527363342491145,0.07422600791069452,0.4789833917124526,0.4412484168414311,0.0,0.13829249307863342,0.3416409128993075,0.0,0.0,0.07398721266588645,0.0,0.24874605913771478,0.18722729163504398,0.0,0.0,0.0,0.07753443172438357,0.0,0.12666214339047865,0.30512318113515446,0.0,0.0,0.11696614804777712,0.12247332104546664,0.20743125016700742,0.21048708670787433,0.16493718327737314,0.016942762866336836,0.0,0.2366612350328487,0.16128226449618044,0.06554144256014954,0.0,0.0,0.021515625028169373,0.37217153894414434,0.43614611532840114,0.0,0.14046206229297545,0.2584741119868459,0.33375649847896366,0.3847687949448557,0.5615303608055627,0.1378167851319582,0.0,0.2917221707809037,0.019439273171014113,0.45043974376269186,0.16249474312408788,0.6394795105878668,0.06272193310576812,0.04538772170313775
0.0,0.0,0.15899596702373273,0.21184228278752193,0.39975064126688825,0.0,0.18709995817534683,0.0,0.32332135754437996,0.0,0.12581071793141868,0.0,0.0561836013377904,0.3019764245081831,0.0005527984678044821,0.0,0.0,0.0,0.3317634100466955,0.36260591043752755,0.33245328759440435,0.26430721430659276,0.0,0.0,0.0,0.0,0.18234017607554495,0.5215695547139124,0.13829249307863342,0.0,0.40303021098715114,0.0,0.0,0.21885263966191726,0.0,0.18932287714726087,0.33373232018063764,0.03453839092074225,0.0,0.0,0.026701904412059614,0.30726161021864146,0.2146025587267341,0.2990733235369711,0.15504679720301048,0.0,0.0,0.1717817629157142,0.26212029256079394,0.3873705992738167,0.0,0.00042285117741283656,0.0,0.38522370707482667,0.07243140405314355,0.15372790993782065,0.1281164586222401,0.0,0.25374795535214756,0.08393769561615436,0.2154491432454425,0.0,0.07241948196892169,0.342743082785396,0.2549897030279054,0.3431732705630345,0.3866374047498759,0.0,0.0,0.015657228367461955,0.0,0.11196813264710982,0.26461603460960675,0.07034253746213594,0.38773796867966126,0.10751814905297004
0.0,0.0,0.17123376778975918,0.36692069871281463,0.45716487231244934,0.0,0.44760143479442344,0.0,0.24047753644642947,0.2713154485529451,0.23053382212301632,0.0,0.11750986639887738,0.554599639471101,0.22640298092687672,0.13012612620569156,0.0,0.0,0.4550561487397685,0.33414043175925734,0.5506505844538419,0.28295251148204625,0.0,0.0,0.0,0.0,0.3180536918805535,0.617714357607341,0.3416409128993075,0.40303021098715114,0.0,0.0,0.0,0.21606624955783588,0.1348964800885162,0.59825138841492,0.6339242600752703,0.022081904547354387,0.0,0.0,0.0,0.3905331363225163,0.3740151266479048,0.5197855019307305,0.09897553302957687,0.0,0.0,0.22102995248247098,0.6420048662807993,0.5886798609973682,0.0,0.2579880348124998,0.0,0.2441465255014424,0.24555023601817108,0.25694192779095243,0.22913686674984285,0.0,0.20582500016866714,0.23898366399182822,0.2055633334126987,0.0,0.0,0.5247129356473186,0.014077175521507338,0.5839276702460386,0.3375987221893635,0.06922393218299189,0.0,0.09593595119700864,0.0,0.07349526279474859,0.224317968699189,0.18382212886081298,0.1275529563885177,0.021455620295149965
0.2101010848517784,0.011989919283605207,0.0,0.0,0.0,0.0,0.0,0.27744775731427046,0.0,0.0,0.0,0.289130753055073,0.0,0.0,0.0,0.0,0.11002401886066998,0.11963398367674045,0.0,0.0,0.0,0.04625547398462587,0.0,0.6377488446006155,0.06219128091381966,0.2208089644647028,0.0,0.0,0.0,0.0,0.0,0.0,0.45029031351029325,0.10921259687449436,0.0,0.0,0.0,0.16341426856578026,0.7824346966385354,0.55383679282079,0.18608663518762572,0.0,0.06933969661048241,0.0,0.23968286852611945,0.2462690405886138,0.0,0.0,0.0,0.0,0.0,0.0,0.0,0.0,0.0,0.0,0.0,0.14026186541805402,0.053439178626071435,0.0,0.0,0.23682181723001153,0.1763355208461044,0.0,0.3042390905696168,0.0,0.0,0.0,0.6213089056147352,0.0,0.048143955285718285,0.0,0.25518171393664524,0.0,0.3122772876779275,0.15054587875946127
0.12381683080757003,0.14467294817846707,0.23881407265052,0.0,0.0,0.02578829104897813,0.0,0.4865704187973631,0.10258532741480829,0.0,0.09945040047551862,0.39162285948661585,0.031079004364540936,0.0,0.0,0.06800290115373016,0.2650296893446442,0.2412224337041912,0.0,0.0,0.0,0.0,0.15911504619392056,0.6226817373887478,0.11207711699346246,0.3601613128427387,0.0,0.0,0.0,0.0,0.0,0.45029031351029325,0.0,0.0,0.03191549138429123,0.0,0.0,0.33279777428062934,0.39073039309653246,0.8408192430692332,0.1410786615173206,0.0,0.022576646117005716,0.0,0.30609874159396905,0.03212206180325579,0.056011564545358695,0.07726020783330677,0.0,0.0,0.0,0.0,0.18214249758526552,0.0,0.0,0.0,0.0,0.44460675572342734,0.0,0.0,0.0,0.21722860751518328,0.1730347036592656,0.0,0.0,0.0,0.0,0.0,0.5285094501729952,0.0,0.22879285942489483,0.0,0.07542852460425965,0.0,0.0,0.06890845586096721
0.11723579227481949,0.0,0.0,0.018757969638769897,0.0,0.0,0.1013426023410415,0.0,0.0665798877545225,0.0,0.0,0.0,0.16652580950179247,0.011064362653072923,0.02151446893853521,0.09289034802284954,0.018297762670548327,0.0,0.03665495571730046,0.15385114834851024,0.1510229858276707,0.1263002963076153,0.0,0.0,0.0,0.0,0.0,0.08863568154110237,0.07398721266588645,0.21885263966191726,0.21606624955783588,0.10921259687449436,0.0,0.0,0.08093946565618941,0.0,0.05954826143358237,0.19367839301285866,0.12587183819329253,0.0,0.5549820803754207,0.09824752939930387,0.042986128638208984,0.135580804122208,0.10954650607743312,0.0,0.0,0.0,0.051125944022984565,0.007090286869649064,0.0,0.015289281950972122,0.0,0.0,0.0,0.0,0.0,0.0,0.05581425745157064,0.025011547843231216,0.13583412003229253,0.0,0.11294151881144718,0.0870265822719019,0.054402489002173725,0.10142480041493812,0.14436597170042315,0.0,0.0,0.0,0.0,0.0,0.036286028458843614,0.07191582818845749,0.046439801247020955,0.2658804610571586
0.1412547732846896,0.0,0.0,0.047175067697882996,0.0,0.0,0.0,0.0,0.0,0.058788298799804,0.0,0.0,0.0,0.0,0.0,0.10361545067828783,0.0906225056572334,0.0,0.0,0.0,0.06574770519015113,0.0,0.0,0.0,0.0,0.0,0.0,0.0,0.0,0.0,0.1348964800885162,0.0,0.03191549138429123,0.08093946565618941,0.0,0.0,0.0,0.0,0.0,0.0,0.0,0.19573677116696023,0.0,0.0,0.0,0.14693108744579605,0.0,0.0,0.05133725848607212,0.19260295630090937,0.015063060396373595,0.14262935555034195,0.0,0.0,0.0,0.0,0.0,0.0,0.0,0.0,0.0,0.0,0.0,0.00781847810631838,0.0,0.1440849353477938,0.0,0.0,0.0,0.0,0.0,0.0,0.0,0.016847527537394533,0.0,0.0
0.0,0.0009452465998304359,0.33003024099520556,0.36103901812596667,0.540722256231011,0.1317487896241383,0.3500019031881019,0.0,0.27201061429006695,0.5285782329341892,0.32903332873845864,0.18303791157638755,0.1735088144556691,0.8142192059752321,0.3022320350461752,0.0,0.0,0.0,0.3182566671222215,0.2741181712077387,0.1667310911669858,0.29017877126062636,0.0350326574683081,0.0,0.19044441889474067,0.0,0.33155752721754894,0.5199689598294833,0.24874605913771478,0.18932287714726087,0.59825138841492,0.0,0.0,0.0,0.0,0.0,0.833659883433478,0.11078041091173584,0.0,0.0,0.0,0.13094163922482918,0.5989663183379892,0.7065112511751469,0.3293732504488353,0.0,0.01879742154821918,0.37453114433135937,0.6770866090741031,0.3897088880603837,0.0,0.030755175151622877,0.0,0.05073405137564904,0.3244403352230184,0.3680939770504209,0.552502391766724,0.0,0.23882544987561977,0.13232999123945277,0.05293515887203468,0.005634904405890281,0.013214062072832178,0.3732988768435998,0.06191136349660422,0.2240834631912363,0.35675427999561005,0.0755392413029815,0.0,0.2013817694157938,0.0,0.02639339635558487,0.2924609596831049,0.036225109785708656,0.18126277385872916,0.0
0.0,0.0,0.2748921322064135,0.36760429062930167,0.6067869616105832,0.08239530264642816,0.43986856837323723,0.0,0.2788225159947043,0.4243118057409216,0.27210493293311233,0.13173860712562938,0.211113639185584,0.6928387007539878,0.2646245070290381,0.0,0.0,0.0,0.32472682525774466,0.281957158190874,0.20277812530296146,0.2781437040141425,0.029709251045872548,0.0,0.10680646291408155,0.0,0.30280440481451176,0.5705000278682925,0.18722729163504398,0.33373232018063764,0.6339242600752703,0.0,0.0,0.05954826143358237,0.0,0.833659883433478,0.0,0.08609660643833444,0.0,0.0,0.0,0.22604431445376538,0.5716470057340018,0.7272765306333254,0.29710144341769096,0.0,0.019753814005304744,0.3059833312333715,0.7212376965589766,0.5031074600577528,0.0,0.1471996680602981,0.0,0.16127848655686586,0.345012227245774,0.2913238115782817,0.4916594847608523,0.0,0.3233585955609298,0.21004935297093694,0.12246400082012569,0.005951535282275193,0.05092326361289801,0.3716641968684553,0.0449410331591552,0.24213071076416004,0.3541516791386078,0.10043218347708278,0.0,0.22075147970856773,0.0,0.031213955201217745,0.33981688769948665,0.029757152439346624,0.25074189004269826,0.0
0.0935764858417785,0.027771783786688396,0.17682222260889394,0.0,0.10802162465274907,0.0,0.15137949006469145,0.18161893124736664,0.2582854050134052,0.02698926172214204,0.05208802519043073,0.29492250557971883,0.2706203247495025,0.04405206182343531,0.0,0.01223738559077791,0.0,0.0,0.08870669182073027,0.15004858073520735,0.0,0.09845573479485792,0.02181633841318035,0.28048867676489214,0.07355049270234312,0.2472418934332308,0.0,0.0,0.0,0.03453839092074225,0.022081904547354387,0.16341426856578026,0.33279777428062934,0.19367839301285866,0.0,0.11078041091173584,0.08609660643833444,0.0,0.219375989774356,0.3106885716096345,0.23082808722853257,0.0,0.16093225808764508,0.16938326072980178,0.4467444331929482,0.0,0.13007399697977398,0.16077241420808938,0.03454204571735472,0.0,0.0,0.0,0.0,0.0,0.048876338716319835,0.0,0.17589256681127685,0.2914242251513829,0.0092060274907556,0.0,0.23360606659882618,0.07834380861748368,0.3168932894882243,0.011663646320334458,0.03813316574185141,0.0,0.14329963847697624,0.0,0.19773016380159406,0.13217939244000648,0.31394195696912014,0.0,0.2055747057628511,0.0,0.08354983597523967,0.26844798198604414
