0.0,0.0159446490218987,0.0,0.0,0.0,0.0,0.0,0.0,0.0,0.024397987488968518,0.0,0.0,0.0,0.0,0.0033893508079109735,0.16941830405747574,0.08309278139426332,0.023919148836933576,0.0,0.15098750506011718,0.07407472145864163,0.20553704079502225,0.0,0.1773732336879778,0.04672765889690815,0.07388656897800873,-0.03418308054623094,0.0,0.050598881770606896,0.0,0.0,0.1436764071217683,0.09064503975670689,0.07754579901858735,0.08076272328117501,0.0,0.0,0.05147216967076394,0.12485899646401,0.08185607339403414,0.07815101160814124,0.0,0.0,0.0,0.0,0.35901432419617774,0.0,0.0,0.0,0.0,0.0,0.0,0.0,0.06530568309497775,-0.015324987409737006,0.0,0.0,0.039531531276060926,0.0,-0.008871443301385729,0.1528501617912332,0.03868327966067625,0.1883435706627875,0.0,0.16706430904761602,0.06328877280479664,0.14147481971456285,0.0,0.19232073868743096,0.0,0.10301745671051456,0.0,0.1814543430296059,0.13586200940748824,0.19520216994281767,0.15753297906943456
0.0159446490218987,0.0,0.17598819347545014,0.0,0.09586238337135355,0.4708989043090637,0.18899206813496033,0.17658801529502446,0.029624126662848624,0.11487869965248927,0.11744510183882319,0.06824032039869783,0.1687817352521444,0.0789101079704097,0.0,0.267467043669067,0.2956261818518935,0.4191150704319482,0.03599905611386841,0.06603095974856457,0.0,0.1475666174826089,0.22582721275786338,0.04340633332630841,0.4653620239340768,0.4915801657927071,0.13731314499037095,0.0,0.27003377850460386,0.0,0.0,0.012380710888779577,0.09143822399076357,0.0,0.0,0.00905759201686433,0.0,0.015508170968511894,0.02679068466020303,0.06215553268385882,0.07562774998173974,0.0,0.1155287769074049,0.00825330543715583,0.0341692487091209,0.0,0.35534665135670296,0.1591721514565299,0.0,0.0,0.13368328183803055,0.02174405150237086,0.1334968993703085,0.0,0.16430646424990678,0.14332104783098207,0.04637492987196954,0.08110657048131974,0.0,0.09075960643457696,0.09219429360964547,0.2662016168050551,0.09574245717803317,0.0,0.0,0.0,0.09702340937248921,0.0337671719508583,0.03199429191070688,0.22493438307345714,0.20344883277495415,0.1448385718737384,-0.0028332430185672246,0.0,0.0,0.00260480352809556
0.0,0.17598819347545014,0.0,0.0,0.32118618133687615,0.30530305110879485,0.2480670157567175,0.2044957001206179,0.4425364163532375,0.1355087479830805,0.5458970970854299,0.22553880220491518,0.12264804163650533,0.25958335294449825,0.17787779278682148,0.03712265953918504,0.0,0.09480492084716154,0.4488660683528236,0.08394551793433616,0.02594588125041924,0.16020728058857253,0.39773209559269007,0.0,0.11453706964156658,0.1911458284272335,0.29392704753684756,0.14264423421150832,0.026145591602525532,0.10482501987277101,0.11332529277727556,0.0,0.1465910029578453,0.0,0.0,0.23978887553157255,0.19297432062172476,0.1022407597184533,0.0,0.06423867803255082,0.0,0.04314562222564371,0.28597322433983413,0.16620425678785716,0.25967546264180374,0.0,0.20832988658509366,0.579950200082955,0.24119920079875584,0.02832948030572401,0.0,0.09108035733220224,0.16103593916419906,0.039232422162417305,0.15633700605939368,0.5410084834072323,0.3378686104555173,0.1322615659696649,0.09014910282910149,0.03642074156828616,0.05747271830820814,0.06317336402681195,0.08144665210921509,0.34506861024750274,0.0,0.014362154186996557,0.20245776834930493,0.13712769378658793,0.0,0.17698964433679246,0.19748130896854968,0.04029246081577351,0.14891547193395105,0.0,0.0,0.0
0.0,0.0,0.0,0.0,0.14679942166336135,-0.0012447394310479494,0.1623469619559808,0.0,0.0,0.0,0.017145850729228328,0.0,0.16236043698785094,0.19371687759992534,0.0,0.0,0.0,0.0,0.09136049852114081,0.017768594913627013,0.054019971196889845,0.0,0.0,0.0,0.0,0.0,0.0,0.26616208340280517,0.09002613774418299,0.13112325610647751,0.22177861916726468,0.0,0.0,0.012732137604960742,0.03186352713663725,0.22671381350332945,0.23547645900589081,0.0,0.0,0.0,0.0,0.10573870725425132,0.17999452286356435,0.17660415895499829,0.0,0.0,0.0,0.04538050667397466,0.22075757366829865,0.16782701725642823,0.0,0.0,0.0,0.0,0.0,0.04729887314339401,0.1242986444840297,0.0,0.16087801455833114,0.0,0.0,0.0,0.0,0.202715284575393,0.0,0.06417506743543004,0.0,0.0,0.0,0.0,0.0,0.0,0.012767746808397842,0.012128664995224848,0.0,0.0
0.0,0.09586238337135355,0.32118618133687615,0.14679942166336135,0.0,0.21491637254697407,0.36208371936539163,-0.002194706084900803,0.3854587491289816,0.19535570567845467,0.3387575627637014,0.15487393075352948,0.18870484010172006,0.41868377316247113,0.06753063304385463,0.04356823170361283,0.0,0.10379227099260234,0.2668647080258303,0.21968716269258917,0.18576274595956627,0.2564259553092321,0.15669715341099757,0.0,0.1228705114779081,0.061357608973177234,0.3046864947591965,0.34669565916296063,0.1996699854877793,0.26775377068419437,0.2941009289619976,0.0,0.0,0.0,0.0,0.3588310426408505,0.3911594953536743,0.06484047664285926,0.0,0.0,0.0,0.061381637443528446,0.32007802174402894,0.36693435856051054,0.2194434873440142,0.0,0.048625613344827054,0.2977149481111529,0.33847977973459537,0.28198231881206975,0.0,0.06249940579657271,0.02322576202399406,0.18468248272802149,0.18550071564808523,0.31776937171832115,0.3216551645276096,0.0,0.2608829307387537,0.14322260917873636,0.11300337624904337,0.0,0.07305508154361336,0.25925953221935427,0.026493593981247114,0.12043738877257429,0.2641380114322676,0.061056345363934554,0.0,0.1579505059344708,0.02142100593534692,0.1075923920485444,0.201631779368965,0.0,0.1047486837627647,0.0
0.0,0.4708989043090637,0.30530305110879485,-0.0012447394310479494,0.21491637254697407,0.0,0.2990915101590673,0.29558459472172305,0.1746819988265529,0.0514831993223295,0.31335185867878046,0.11341237256006659,0.1992895317369717,0.1792793685200349,0.0,0.0836959293693756,0.1012204568563105,0.33730059751873526,0.21515327706452922,0.0017370100412503282,-0.009859637238061835,0.060111273030365404,0.44899802366523434,0.0,0.2815633784887409,0.2954446487831749,0.2118251866586385,0.0,0.2174119580927732,0.0,0.0,0.0,0.014055014786278889,0.0,0.0,0.097479779569126,0.05417411635738419,0.0,0.0,0.0,0.0,0.004806020113705338,0.2169514679205908,0.040615240121129575,0.06358045730018783,0.0,0.3389321164103208,0.26831529022908235,0.04803755419376546,0.0,0.15579991521579492,0.0846713076295524,0.2927181994712456,0.0,0.07496478555720784,0.3053463651450527,0.25588338396736043,0.09416293169996658,0.061651439496482045,0.08097448983843626,0.0,0.10842092326857626,0.0,0.17301266017970623,0.0,0.0,0.032091480289344256,0.22979440570713613,0.0,0.1857969371305309,0.0965352480254525,0.18497386570449667,0.0,0.0,0.0,0.0
0.0,0.18899206813496033,0.2480670157567175,0.1623469619559808,0.36208371936539163,0.2990915101590673,0.0,0.0,0.3610104285102941,0.08578246539321206,0.2773737482264843,0.0,0.2901808297395393,0.23549779343408783,0.008587669227145803,0.12691903163376575,0.0,0.14229137300457725,0.3364462815736488,0.05592342365653842,0.17150550944176737,0.10684884064964904,0.17848181285688536,0.0,0.11031313749709223,0.09536258226377613,0.29878099287160603,0.22192998980336126,0.1990264677987493,0.13254927592661572,0.2860631070493312,0.0,0.0,0.06344836242830093,0.0,0.2371269167758155,0.27320995673517845,0.0873989537663425,0.0,0.0,0.01368152832206163,0.1523983653185207,0.2778096030124856,0.22423395987482386,0.17192146479052242,0.0,0.13655418772388095,0.2447855390654927,0.3780005390012374,0.16939891537787108,0.0,0.29756787376212346,0.13219465307879488,0.0,0.19707633536488814,0.22560903776053548,0.20512879593694847,0.030493485935018782,0.1274112415081003,0.10170264162619144,0.1082199375243221,0.0,0.04424512209678295,0.3033231857903327,0.0,0.12916541694148917,0.14585701432274453,0.11866938657237229,0.0,0.22067370519341575,0.05410360367023322,0.18800451610692298,0.0,0.0,0.0,0.0
0.0,0.17658801529502446,0.2044957001206179,0.0,-0.002194706084900803,0.29558459472172305,0.0,0.0,0.04508302242433418,0.0,0.14526115489894711,0.3320654833885119,0.17892238660423768,0.0,0.0,0.0,0.13015899517969848,0.20686784116885845,0.010676113340651007,0.0,0.0,0.0,0.37439156007158964,0.3358896107619138,0.03889149673958899,0.25848817940771335,0.0,0.0,0.0,0.0,0.0,0.20063613596057597,0.3150533470624356,0.0,0.0,0.0,0.0,0.10533894722649986,0.1356820677789732,0.2854093448488242,0.0,0.0,0.11136710083961515,0.0,0.1669532139314341,0.0,0.1447541623767113,0.14423282658432865,0.0,0.0,0.0,0.0,0.38087250308745824,0.0,0.0,0.12535608281843308,0.1859856678228513,0.2893074554753887,0.0626247311130923,0.0,0.0,0.12106769466648515,0.0059417306360496185,0.0,0.0,0.0,0.0,0.0,0.27758307701763163,0.0,0.08032405570857563,0.0,0.0,0.0,0.0,0.0
0.0,0.029624126662848624,0.4425364163532375,0.0,0.3854587491289816,0.1746819988265529,0.3610104285102941,0.04508302242433418,0.0,0.07425568366303148,0.3772639689179392,0.1851903953505168,0.1454974736114234,0.17406235034778844,0.13178360756744398,0.0,0.0,0.0,0.3471754351422854,0.09902348424545063,0.11289414206640272,0.13615460565235757,0.2664370825882064,0.0,0.04067701474764469,0.10892764670044147,0.34912639146688684,0.11035837256928403,0.008664375787563416,0.21099101475002302,0.1511758699303824,0.0,0.06272222589698737,0.041550211423949636,0.0,0.19471936010370433,0.17968849681256482,0.1446214553177686,0.0,0.03202357911660351,0.02381347226815111,0.0937031175176707,0.25029510341768935,0.16911532286956224,0.23137291363222967,0.0,0.13529469714319503,0.37408270739370736,0.23759472624272907,0.1260300083582315,0.0,0.13732625633428258,0.09006181305959872,0.16146290634359994,0.14043242368173417,0.3607289549208062,0.23767407075041352,0.10369607561713409,0.099042094220568,0.09264199922726282,0.16603648254409384,0.0,0.09783129313689623,0.26308858511019784,0.0,0.07551331852197145,0.21006664517195345,0.14920522114811807,0.0,0.21715842781951541,0.20118924210120898,0.11867396337948,0.06497921389988337,0.0,0.0,0.09345965268102865
0.024397987488968518,0.11487869965248927,0.1355087479830805,0.0,0.19535570567845467,0.0514831993223295,0.08578246539321206,0.0,0.07425568366303148,0.0,0.06961390413545941,0.29160804223621983,0.052895737120172176,0.22454903590054964,0.10094197450035525,0.02352606011247975,0.1557444288074937,0.11149326442069864,0.04784800293822589,0.04670993591148036,0.0,0.12511877117624357,0.0,0.08933673542548655,0.4096843620997849,0.21301855325363764,0.1343085859824868,0.05737379431790374,0.03259098028566518,0.0,0.1749735726169595,-0.003131007118985078,0.0,0.0,0.037477363255029275,0.3476065524664438,0.26084649259562187,0.00021667087120895664,0.035641406577192794,0.0,0.0,0.0,0.17559716612698398,0.295265427901596,0.12765846642400752,0.0,0.13853418772243625,0.14041908086983537,0.24162706202103035,0.14023406773251224,0.0,0.08031747815708302,0.0,0.014412763169922238,0.3852634472699717,0.15936779843074797,0.30829509706430036,0.0,0.01780122896296019,0.16646368211208631,0.05845663864763314,0.27824023888720656,0.14747728098516857,0.0,-0.0072071997001878566,0.06011045555546612,0.13843903130719756,0.0,0.0720274123592336,0.25538242522474863,0.19113395983241258,0.0,0.15408041218997945,0.0,0.19039404722911904,0.0
0.0,0.11744510183882319,0.5458970970854299,0.017145850729228328,0.3387575627637014,0.31335185867878046,0.2773737482264843,0.14526115489894711,0.3772639689179392,0.06961390413545941,0.0,0.18946853590333199,0.17905968402220632,0.257614384008136,0.1373622691655692,0.0,0.0,0.01779083746306865,0.3598448145640794,0.0,0.01846520206374101,0.048507302597195386,0.3949626836901156,0.0,0.01216426478409744,0.06856747419311944,0.27512947218661093,0.17240684544848678,0.0,0.10285235317022114,0.1466423214599501,0.0,0.05708064226504591,0.0,0.0,0.2305188481005767,0.18418834619095692,0.02883686708104216,0.0,0.0,0.0,0.09783960895377601,0.27720514337792423,0.16125896091257363,0.18076764400245332,0.0,0.1525032101305919,0.44285319737163936,0.20177811212650668,0.09558359129915453,0.0,0.10953206589222501,0.14737329994500392,-0.023433626732218393,0.10652240119627995,0.542599282216342,0.3517155270143953,0.1033865675535636,0.12814054623920065,0.0,0.0,0.00907144039339691,0.0,0.3256515194591369,0.0,0.0,0.0871183335136275,0.16331794056695764,0.0,0.11573285632168069,0.08222282887771906,0.09627921298464855,0.07315609023829277,0.0,0.0,0.0
0.0,0.06824032039869783,0.22553880220491518,0.0,0.15487393075352948,0.11341237256006659,0.0,0.3320654833885119,0.1851903953505168,0.29160804223621983,0.18946853590333199,0.0,0.1907803985585129,0.11430803106749234,-0.002404523069967048,0.0,0.0,0.07030322505970898,0.0,0.0,0.0,0.0,0.15983461702577584,0.38044551070872745,0.14706733765957006,0.2283736088445751,0.0,0.0,0.0,0.0,0.0,0.19159651481936826,0.23619463729505558,0.0,0.0,0.11634407017535214,0.08267795811839485,0.18114553564001337,0.1361472900718359,0.27101581129911323,0.0,0.0,0.1635639100065566,0.1196260597772864,0.3211487267200859,0.0,0.11760718782344172,0.16389167650456962,0.002381469269830813,0.0,0.0,0.0,0.08953935038554618,0.0,0.12614555700003227,0.16757497105982608,0.4521540531793835,0.23082573320443037,0.047767989710796446,0.0,0.0,0.16399105264632383,0.12680087947313756,0.0,0.0,0.0,0.0,0.0,0.32705974471387994,0.05845988674239707,0.16119543817271736,0.0,0.11429138137966008,0.0,0.1665990347910935,0.0
0.0,0.1687817352521444,0.12264804163650533,0.16236043698785094,0.18870484010172006,0.1992895317369717,0.2901808297395393,0.17892238660423768,0.1454974736114234,0.052895737120172176,0.17905968402220632,0.1907803985585129,0.0,0.16074089100566336,0.0,0.17779127369185133,0.1562246367388384,0.1693713592078842,0.14863946766964775,0.0,0.0,0.0,0.09978274702751995,0.04256674235908685,0.0,0.18882541497044716,0.0,0.20687705321170316,0.04468582821116522,0.05939096067456258,0.07598110343036542,0.0,0.020605313901232304,0.10963412857295028,0.0,0.1326016931513443,0.13627626531377976,0.16729280736637814,0.0,0.0,0.09236408151585225,0.1324427477753752,0.1413076809830457,0.08421279615906438,0.18172014725213426,0.0,0.038107573263243745,0.12992245052204587,0.12251780201763215,0.06814176267162303,0.0,0.0530871927485415,0.04183369371352681,0.0,0.013940976269395333,0.0773408326709097,0.23879539647433748,0.1807191174103383,0.09711297214517091,0.0,0.0,0.06407980028325624,0.1318303648383,0.19341643322862065,0.0,0.0,0.0,0.0,0.0,0.0,0.0,0.0,0.040264642930277685,0.0,0.0,0.0
0.0,0.0789101079704097,0.25958335294449825,0.19371687759992534,0.41868377316247113,0.1792793685200349,0.23549779343408783,0.0,0.17406235034778844,0.22454903590054964,0.257614384008136,0.11430803106749234,0.16074089100566336,0.0,0.12271843952977854,0.03682132191991788,0.0,0.07804554892006427,0.21123275402509026,0.20098695959935806,0.15814380348958265,0.23791162128285318,0.09785691095150624,0.0,0.12430364514770827,0.02993255294404516,0.17351931989776823,0.34754581878370605,0.1964577230753295,0.18903406850663684,0.3407057837005561,0.0,0.0,0.002830871638721495,0.0,0.5319986664182572,0.45521961634777824,0.02158342263892459,0.0,0.0,0.0,0.06787303379370173,0.4123665153669623,0.4210205697028523,0.17345855588517575,0.0,0.0,0.25069342128566036,0.36685924275920284,0.26081412009338717,0.0,0.03291530140950602,0.0,0.02430191841121695,0.1502961325285097,0.2715757956752648,0.37742066294142346,0.0,0.3138002753713925,0.11255122154006118,0.04851503870606022,0.0,0.03716843026038314,0.2506279739928329,0.07267690005007271,0.10782757513448292,0.24744245569718817,0.02077911442176815,0.0,0.11401658645115632,0.0,0.006285377291988887,0.24009385182049084,0.0,0.1283236663990151,0.0
0.0033893508079109735,0.0,0.17787779278682148,0.0,0.06753063304385463,0.0,0.008587669227145803,0.0,0.13178360756744398,0.10094197450035525,0.1373622691655692,-0.002404523069967048,0.0,0.12271843952977854,0.0,0.0,0.0,0.0,0.07609025489815383,0.18825625277344396,0.25509016988824196,0.2522036772911128,0.046908696417340585,0.0,0.007856824035278358,0.0,0.2980157265355999,0.11109924104569395,0.08048402218063523,0.006975620647746844,0.14406060200905585,0.0,0.0,0.008291965863297753,0.0,0.20507575661129715,0.1713272133750783,0.0,0.0,0.0,0.0,0.0,0.09817569080118409,0.20768936829582327,0.039102458036105604,0.0,0.07076400278935395,0.15121956295101868,0.14026830911919833,0.07707546660177898,0.0,0.09942586730407375,0.0,0.14697378830452326,0.19428955207207238,0.13746822530712033,0.05709872770437922,0.0,0.05489058083522143,0.306456568920616,0.060040967374501555,-0.008959768852528197,0.0,0.04356471167253508,0.20960800895453702,0.21046732340784555,0.32093186964514403,0.19121770323155995,0.0,0.12428704372015613,0.060053976551654335,0.1939139374251956,0.1716680698394701,0.10810557436608777,0.1151243181040221,0.1551162269442148
0.16941830405747574,0.267467043669067,0.03712265953918504,0.0,0.04356823170361283,0.0836959293693756,0.12691903163376575,0.0,0.0,0.02352606011247975,0.0,0.0,0.17779127369185133,0.03682132191991788,0.0,0.0,0.2282258132991658,0.40165664162122744,0.06566210711775297,0.08263454534397614,0.03501500289166318,0.10990225521501643,0.01296527760883027,0.0,0.19546012363304993,0.1851613590792614,0.0,0.049248536772230976,0.2201360822864543,0.0,0.07608126326700046,0.0,0.04899817623791296,0.05911704832890039,0.05711286017959568,0.0,0.0,0.0046834795455965314,0.0,0.0,0.09993526976904805,0.026384727112560697,0.0,0.0,0.0,0.08361081926982872,0.00836542023311782,0.005021964799363814,0.0,0.03728451736775291,0.032857735640184606,0.07297488117178702,0.0,0.0020753737718730366,0.02766613260580651,0.0,0.0,0.06021108273532761,0.0,0.016541701330208505,0.21539377245782287,0.08385098822152215,0.1542164134918237,0.06326807608649698,0.0,0.04168551773681133,-0.01373233339658013,0.0,0.0,0.020267148721104824,0.033538877037146794,0.0,-0.0028680769511774265,0.047448370745862306,0.0,0.029773132587114504
0.08309278139426332,0.2956261818518935,0.0,0.0,0.0,0.1012204568563105,0.0,0.13015899517969848,0.0,0.1557444288074937,0.0,0.0,0.1562246367388384,0.0,0.0,0.2282258132991658,0.0,0.2935699599864692,0.0,0.0,0.0,0.0,0.0,0.23463810131949212,0.23413766858164167,0.3273901710645323,0.0,0.0,0.01770846272963208,0.0,0.0,0.07760876527991536,0.17118038077342432,0.0210203402722002,0.04278642280346499,0.0,0.0,0.0,0.08142492644984255,0.11681582646120026,0.09742190350657556,0.0,0.0,0.0,0.0,0.016978185472163784,0.1690443203222395,0.0,0.0,0.0,0.10623896233089762,0.002766199971011335,0.0055559672996893985,0.0,0.09008521110037973,0.0,0.0,0.17700138991734365,0.0,0.0,0.031416469448540325,0.3711882678813984,0.21270769976368997,0.0,0.0,0.0,0.0,0.0,0.16275386891157034,0.07340014988985794,0.17445767431749484,0.0,0.0,0.0,0.0,0.07939222309300475
0.023919148836933576,0.4191150704319482,0.09480492084716154,0.0,0.10379227099260234,0.33730059751873526,0.14229137300457725,0.20686784116885845,0.0,0.11149326442069864,0.01779083746306865,0.07030322505970898,0.1693713592078842,0.07804554892006427,0.0,0.40165664162122744,0.2935699599864692,0.0,0.038070779412815434,0.010993128600075019,0.0,0.11278901331010231,0.10259311008007625,0.06251000679955994,0.34128769013311827,0.3572150160426342,0.0,0.0,0.16248544560403247,0.0,0.0,0.0842104078305876,0.1531753505786109,0.0,0.0,0.0,0.0,0.0,0.04900828168308379,0.11234274474579066,0.03578555378043956,0.0,0.12035278246143918,0.0,0.05741238951577991,0.0,0.11371925985688541,0.004816850107504674,0.0,0.0,0.025901970958977314,0.032748469198996294,0.17049198834966398,0.0,0.0713782560115212,0.031400814063472005,0.02310566066199424,0.08892565434348189,0.02305849805127584,0.04772387869770256,0.06264410183390563,0.2374654928216185,0.1301091022237395,0.0,0.0,0.0,0.0,0.0,0.09401375458823195,0.1141935215303873,0.07810430152914544,0.0,0.0,0.0,0.03593789468276484,0.0
0.0,0.03599905611386841,0.4488660683528236,0.09136049852114081,0.2668647080258303,0.21515327706452922,0.3364462815736488,0.010676113340651007,0.3471754351422854,0.04784800293822589,0.3598448145640794,0.0,0.14863946766964775,0.21123275402509026,0.07609025489815383,0.06566210711775297,0.0,0.038070779412815434,0.0,0.12859097252716242,0.2214562891694989,0.11411345612498572,0.24135512064957695,0.0,0.0,0.0,0.22498459014540742,0.2562063079718698,0.15587630878064573,0.2192018040174341,0.29654580120694973,0.0,0.0,0.024384755689997477,0.0,0.22747671638765163,0.22189550235326863,0.05330552829136407,0.0,0.0,0.0,0.19172592538263641,0.22826411465141694,0.1748139098460069,0.15450284435012177,0.0,0.07175819072345768,0.43394308656259956,0.3297976314612818,0.09946135598001828,0.0,0.12455936778544655,0.1119540246310527,0.07898180827133092,0.06866120641289279,0.4205303397359329,0.2487775753088729,0.0,0.06911327453591087,0.046881379284812626,0.05574900643745752,0.0,0.0,0.5737807672242056,0.0,0.23286598483053295,0.1541343250849365,0.14381243392338147,0.0,0.11634271661207395,-0.007202418397255833,0.07699230657031317,0.03436773820896553,0.0,0.0,0.0
0.15098750506011718,0.06603095974856457,0.08394551793433616,0.017768594913627013,0.21968716269258917,0.0017370100412503282,0.05592342365653842,0.0,0.09902348424545063,0.04670993591148036,0.0,0.0,0.0,0.20098695959935806,0.18825625277344396,0.08263454534397614,0.0,0.010993128600075019,0.12859097252716242,0.0,0.32655287375030173,0.5737565724434242,0.0,0.0,0.09015995365334606,0.015806581652287842,0.2961820249026659,0.29689033964741457,0.43026503070357136,0.2371480361903328,0.21045058577633852,0.0,0.0,0.09103926450608985,0.0,0.1906752822727204,0.1835650995921613,0.08257731801118083,0.0058654042807552344,0.0,0.050465433879720405,0.0,0.11646738873033809,0.25640643143066355,0.051109975073739704,0.06187777805567687,0.03017898978875414,0.1276452196840986,0.0929688374841224,0.11538403012357941,0.0,0.0,0.0,0.3302814730620596,0.15437354646379517,0.04620350750606524,0.0,0.0,0.06359625435254428,0.2414975866272177,0.27351557943806026,0.0,0.14711909677143237,0.09353147941775908,0.49038328232158157,0.25124176640268825,0.5178822357744578,0.039276913370542475,0.0,0.17757177595684195,0.07626903907608507,0.18286037767308705,0.26547802860841463,0.3470177023878032,0.25917733780231206,0.1527709674409177
0.07407472145864163,0.0,0.02594588125041924,0.054019971196889845,0.18576274595956627,-0.009859637238061835,0.17150550944176737,0.0,0.11289414206640272,0.0,0.01846520206374101,0.0,0.0,0.15814380348958265,0.25509016988824196,0.03501500289166318,0.0,0.0,0.2214562891694989,0.32655287375030173,0.0,0.2786317169559602,0.0,0.0,0.0,0.0,0.2419316621652171,0.2834398105806712,0.29493982525581386,0.22698813940216295,0.35660122563415086,0.0,0.0,0.10119808859129487,0.04010673720526469,0.11824814881046408,0.12821237811497369,0.0,0.0,0.0,0.008869785174325101,0.08827247432795977,0.06972862375215538,0.15825256285542955,0.0,0.017682123616982227,0.0,0.03591677911360224,0.19750903147891313,0.2593922509820593,0.0,0.14891974337951064,0.0,0.2101247954199238,0.0633991650757984,0.07158124131678327,0.0,0.0,0.10222201471367459,0.2845112291219783,0.13213588153859504,0.0,0.0,0.22732206663500748,0.17265695725770733,0.49194339418527233,0.3022131424119943,0.17881523061233107,0.0,0.03175496239685481,0.0,0.1951089122970299,0.08859032985931148,0.24729715356606144,0.07326981786096773,0.09803589863219679
0.20553704079502225,0.1475666174826089,0.16020728058857253,0.0,0.2564259553092321,0.060111273030365404,0.10684884064964904,0.0,0.13615460565235757,0.12511877117624357,0.048507302597195386,0.0,0.0,0.23791162128285318,0.2522036772911128,0.10990225521501643,0.0,0.11278901331010231,0.11411345612498572,0.5737565724434242,0.2786317169559602,0.0,0.0,0.0,0.16353315077488695,0.1253681376317514,0.37490018997522695,0.25532745036078686,0.36952128181158955,0.1694601632508238,0.1818358928130198,0.039907487666894205,0.0,0.0791932558319172,0.0,0.1955184119358307,0.18436452872041045,0.05680435418058352,0.03065029683041452,0.0,0.009612091503103552,0.0,0.18139001337091124,0.2651415305293169,0.08637093924311294,0.06258392785875914,0.06873776086043018,0.15608010248049176,0.14086172705584482,0.08535844809058556,0.0,0.0,0.0,0.22846043646741007,0.17729643752594698,0.1426372963220778,0.04391238117908221,0.0,0.09467653808228299,0.2182231590617401,0.24875817516911686,0.08052520496430669,0.21829181091250624,0.016519717714331097,0.41060225700792036,0.15972369577470757,0.5372690359441992,0.02745398916577562,0.0,0.2095316154615233,0.1356171254579105,0.22404660708176716,0.28629414047670787,0.21880184936424024,0.25033577254187755,0.11727443663391354
0.0,0.22582721275786338,0.39773209559269007,0.0,0.15669715341099757,0.44899802366523434,0.17848181285688536,0.37439156007158964,0.2664370825882064,0.0,0.3949626836901156,0.15983461702577584,0.09978274702751995,0.09785691095150624,0.046908696417340585,0.01296527760883027,0.0,0.10259311008007625,0.24135512064957695,0.0,0.0,0.0,0.0,0.0,0.0689984972439282,0.11728825056187465,0.18085582901110397,0.0,0.0,0.0,0.0,0.0,0.10932214896778604,0.0,0.0,0.028303283232609125,0.016303796037329767,0.010643080481488286,0.0,0.054213767535240466,0.0,0.07924996758438867,0.17346919501741168,0.0,0.0943063220271686,0.0,0.21922148663301946,0.3586817869772639,0.05632039613717422,0.0,0.0178086117607845,0.030294307580685832,0.3366969981444815,0.0,0.0,0.33242630692593583,0.21209292849785952,0.1403445785027447,0.01835254135087231,0.026337198031930124,0.0,0.0,0.0,0.19346147944594227,0.0,0.0,0.0,0.4036623566542099,0.0,0.042696113338004986,0.052381664571786946,0.0450517715289265,0.0,0.0,0.0,0.0
0.1773732336879778,0.04340633332630841,0.0,0.0,0.0,0.0,0.0,0.3358896107619138,0.0,0.08933673542548655,0.0,0.38044551070872745,0.04256674235908685,0.0,0.0,0.0,0.23463810131949212,0.06251000679955994,0.0,0.0,0.0,0.0,0.0,0.0,0.09111385681433341,0.26958862636087194,0.0,0.0,0.0,0.0,0.0,0.39229286182273865,0.3721276237328093,0.0,0.0,0.0,0.0,0.16897215904755503,0.36197027880547433,0.44713682438266583,0.07913320059464435,0.0,0.0,0.0,0.12440403125591909,0.1268164144250322,0.10304454325485646,0.0,0.0,0.0,0.0,0.0,0.012872740880963504,0.0,0.0,0.0,0.025932559496343602,0.3237262196907836,0.0,0.0,0.0,0.30723750444333087,0.22026779514528713,0.0,0.03401870896827484,0.0,0.0,0.0,0.565791996737508,0.0,0.2212641511529724,0.0,0.11767488748437242,0.0,0.16326846397704256,0.09082588157605397
0.04672765889690815,0.4653620239340768,0.11453706964156658,0.0,0.1228705114779081,0.2815633784887409,0.11031313749709223,0.03889149673958899,0.04067701474764469,0.4096843620997849,0.01216426478409744,0.14706733765957006,0.0,0.12430364514770827,0.007856824035278358,0.19546012363304993,0.23413766858164167,0.34128769013311827,0.0,0.09015995365334606,0.0,0.16353315077488695,0.0689984972439282,0.09111385681433341,0.0,0.44211326780196686,0.1523818085398305,0.0,0.19865507670663793,0.0,-0.025023575133248745,0.046548905368215744,0.0743551416633561,0.0,0.0,0.12477356626743723,0.07106113897268895,0.03744588433592847,0.12110473590884652,0.06477570192057502,0.019796396331135797,0.0,0.09177307579657136,0.13851447188343152,0.05676365314907553,0.0,0.3005627981708108,0.0951145887740103,0.02133650785575523,0.0,-0.005243977453974401,0.0009266917506152997,-0.013232789834128034,0.0,0.30672790406612005,0.07880442034375823,0.09829420685008554,0.001222235735476835,0.0,0.1841395992485869,0.16344568373222754,0.2949732305367415,0.1663146862086512,0.0,0.004653347471681874,0.0,0.13504837123836894,0.0,0.10815970351333293,0.32124579739209774,0.2974324187677772,0.08542036318657305,0.05600174278393856,0.018931149617097052,0.11170416880723542,0.014579164634046442
0.07388656897800873,0.4915801657927071,0.1911458284272335,0.0,0.061357608973177234,0.2954446487831749,0.09536258226377613,0.25848817940771335,0.10892764670044147,0.21301855325363764,0.06856747419311944,0.2283736088445751,0.18882541497044716,0.02993255294404516,0.0,0.1851613590792614,0.3273901710645323,0.3572150160426342,0.0,0.015806581652287842,0.0,0.1253681376317514,0.11728825056187465,0.26958862636087194,0.44211326780196686,0.0,0.0011460887121673153,0.0,0.04542276917268592,0.0,0.0,0.13994165102698125,0.2314365216812072,0.0,0.0,0.0,0.0,0.14122394180591133,0.15627382946463145,0.23433280322925987,0.11974599325325153,0.0,0.1205840532181128,0.013527347992097382,0.14948940862400964,0.0,0.37169093532429703,0.11822571524481601,0.0,0.0,0.0,0.0,0.12820691314907715,0.0,0.1797297373282711,0.10516504731357909,0.09457423700999514,0.2321964940502198,0.008395317275093028,0.11364934396664932,0.10956474191080272,0.3702969337021091,0.26816277947215605,0.0,-0.012698121147350848,0.0,0.07224836148886396,0.0,0.26249192661008025,0.2620684462793595,0.4451279492137497,0.0,0.06123110462736384,0.0,0.0,0.056925100223246185
-0.03418308054623094,0.13731314499037095,0.29392704753684756,0.0,0.3046864947591965,0.2118251866586385,0.29878099287160603,0.0,0.34912639146688684,0.1343085859824868,0.27512947218661093,0.0,0.0,0.17351931989776823,0.2980157265355999,0.0,0.0,0.0,0.22498459014540742,0.2961820249026659,0.2419316621652171,0.37490018997522695,0.18085582901110397,0.0,0.1523818085398305,0.0011460887121673153,0.0,0.17815282761984472,0.31129829351547056,0.12362712477892493,0.20608151625179938,0.0,0.0,0.0,0.0,0.23702782227544145,0.1963156114600474,0.0,0.0,0.0,0.0,0.028165632610223992,0.18829016092605877,0.21164317504634816,0.006564882331206089,0.0,0.2102715906747048,0.2909365293647386,0.26869030484794987,0.18163849320830472,0.0,0.20413078926657904,0.0,0.21552900291569524,0.2819723879296348,0.3048160407134427,0.0952163028854807,0.0,0.003916202341132105,0.20264065078503715,0.21956053236205747,0.043269005122849445,0.07823057695167152,0.15642444896735952,0.05590367575985233,0.21399901264290325,0.4102717647275501,0.29087293189734137,0.0,0.3062378993708944,0.1672249345526889,0.47106594050839884,0.0868109367088803,0.12366182493862476,0.06393218660159981,0.022551903579304384
0.0,0.0,0.14264423421150832,0.26616208340280517,0.34669565916296063,0.0,0.22192998980336126,0.0,0.11035837256928403,0.05737379431790374,0.17240684544848678,0.0,0.20687705321170316,0.34754581878370605,0.11109924104569395,0.049248536772230976,0.0,0.0,0.2562063079718698,0.29689033964741457,0.2834398105806712,0.25532745036078686,0.0,0.0,0.0,0.0,0.17815282761984472,0.0,0.27749085124385686,0.3431645768069426,0.3884453735780393,0.0,0.0,0.05068378619821752,0.0,0.34514959832137687,0.36763976825411065,-0.016649017638624333,0.0,0.0,0.0,0.1554133811441991,0.20667058716373407,0.32578336700026794,0.07901299619134283,0.0,0.0,0.183229270261804,0.34932473245278817,0.37479225621559037,0.0,0.08196683523228473,0.0,0.21853911227983427,0.08441402883528182,0.154496666839786,0.1670976202814371,0.0,0.21637554729701428,0.1362915544061794,0.08585633727780434,0.0,0.02457348287148935,0.338791569527212,0.11577838246007119,0.25979287009531843,0.27912383548004877,-0.009368024943978741,0.0,0.006748008219029474,0.0,0.03642393062460937,0.30418536655014283,0.15898240481891432,0.13723447336984548,0.0
0.050598881770606896,0.27003377850460386,0.026145591602525532,0.09002613774418299,0.1996699854877793,0.2174119580927732,0.1990264677987493,0.0,0.008664375787563416,0.03259098028566518,0.0,0.0,0.04468582821116522,0.1964577230753295,0.08048402218063523,0.2201360822864543,0.01770846272963208,0.16248544560403247,0.15587630878064573,0.43026503070357136,0.29493982525581386,0.36952128181158955,0.0,0.0,0.19865507670663793,0.04542276917268592,0.31129829351547056,0.27749085124385686,0.0,0.09284085101910586,0.21897289825103142,0.0,0.0,0.04111548642420735,0.0,0.18008893699833114,0.11846513264640132,0.0,0.0,0.0,0.03954479109723229,0.0,0.0815139184629669,0.18081475361645244,0.0,0.0,0.07763090861099281,0.09482970803087787,0.12850416499383788,0.13819772839472244,0.11148598783131242,0.015798565764217225,0.0,0.15718280984032587,0.09505822737579085,0.044337437542291185,0.0,0.0,0.006601157945661793,0.2344512237123877,0.2721829614506058,0.0,0.09274094759316445,0.1695856072650943,0.21300953271762535,0.25222654554267593,0.3505894654891976,0.09818406320363915,0.0,0.18243776743625292,0.020654016577996703,0.2794687815793639,0.10316305373105171,0.40680267580507934,0.04982829564919198,0.01873684674264558
0.0,0.0,0.10482501987277101,0.13112325610647751,0.26775377068419437,0.0,0.13254927592661572,0.0,0.21099101475002302,0.0,0.10285235317022114,0.0,0.05939096067456258,0.18903406850663684,0.006975620647746844,0.0,0.0,0.0,0.2192018040174341,0.2371480361903328,0.22698813940216295,0.1694601632508238,0.0,0.0,0.0,0.0,0.12362712477892493,0.3431645768069426,0.09284085101910586,0.0,0.262336177812777,0.0,0.0,0.1319908638259209,0.0,0.13730592721998372,0.21516309850487086,0.023653343101025657,0.0,0.0,0.005119669422865395,0.18350702717430334,0.1487088181658984,0.20132930892600961,0.08987032473236035,0.0,0.0,0.12012837901432113,0.16633337550401728,0.26527211355158736,0.0,0.004810497906816772,0.0,0.2549855895485232,0.039534848757420075,0.11988087267821189,0.08144505466277893,0.0,0.1625071741794441,0.05081145362283268,0.1313280456200193,0.0,0.04655128384890268,0.23569299237605634,0.16938864368760453,0.22517118883277423,0.2522238567375069,-0.017301809276109678,0.0,0.008964818471116276,0.0,0.06886530742919794,0.1728656593486005,0.04409667427344535,0.26923148725638746,0.06817623420962819
0.0,0.0,0.11332529277727556,0.22177861916726468,0.2941009289619976,0.0,0.2860631070493312,0.0,0.1511758699303824,0.1749735726169595,0.1466423214599501,0.0,0.07598110343036542,0.3407057837005561,0.14406060200905585,0.07608126326700046,0.0,0.0,0.29654580120694973,0.21045058577633852,0.35660122563415086,0.1818358928130198,0.0,0.0,-0.025023575133248745,0.0,0.20608151625179938,0.3884453735780393,0.21897289825103142,0.262336177812777,0.0,0.0,0.0,0.12815375142813884,0.08215028544922225,0.3874462426903642,0.403981024502556,0.006508954362906837,0.0,0.0,0.0,0.25122713594258383,0.22932915274459706,0.33118692238266906,0.056539446550917805,0.0,0.0,0.14568811262833098,0.41391854212463147,0.3825747898731453,0.0,0.1704920982939941,0.0,0.15872472496660514,0.16212996004227237,0.16127876020838577,0.15803728181443047,0.0,0.12557199627708998,0.15525543378972673,0.1436133791501603,0.0,0.011170777876144861,0.34428741738864427,0.021575799932413847,0.3733513921108139,0.22161448780237042,0.046396645919857565,0.0,0.07159684890180656,0.0,0.048517015025346416,0.14293150479376382,0.12807368166102567,0.09853066443243809,0.015740007157675626
0.1436764071217683,0.012380710888779577,0.0,0.0,0.0,0.0,0.0,0.20063613596057597,0.0,-0.003131007118985078,0.0,0.19159651481936826,0.0,0.0,0.0,0.0,0.07760876527991536,0.0842104078305876,0.0,0.0,0.0,0.039907487666894205,0.0,0.39229286182273865,0.046548905368215744,0.13994165102698125,0.0,0.0,0.0,0.0,0.0,0.0,0.28239940049820633,0.08017941224025418,0.0,0.0,0.0,0.10167874500795197,0.507367630200671,0.3474154587559285,0.11386857708532938,0.0,0.05059273772157959,0.0,0.14816876685479619,0.15945272401103616,0.0,0.0,0.0,0.0,0.0,0.0,0.0,0.0,0.0,0.0,0.0,0.0952685311283792,0.028480562960358866,0.0,0.0,0.16550200565363912,0.11468221661643531,0.0,0.18911779910720786,0.0,0.0,0.0,0.37524244452504635,0.0,0.03049056731278368,0.0,0.16379794848068108,0.0,0.19065906692171972,0.09401923139547547
0.09064503975670689,0.09143822399076357,0.1465910029578453,0.0,0.0,0.014055014786278889,0.0,0.3150533470624356,0.06272222589698737,0.0,0.05708064226504591,0.23619463729505558,0.020605313901232304,0.0,0.0,0.04899817623791296,0.17118038077342432,0.1531753505786109,0.0,0.0,0.0,0.0,0.10932214896778604,0.3721276237328093,0.0743551416633561,0.2314365216812072,0.0,0.0,0.0,0.0,0.0,0.28239940049820633,0.0,0.0,0.019781854007014366,0.0,0.0,0.2224957760734778,0.2389809149309005,0.5376998630584511,0.10100628471163778,0.0,0.018656465416723517,0.0,0.19587061812002104,0.031969350356416786,0.04434375433059365,0.04591185091512774,0.0,0.0,0.0,0.0,0.12183463330009704,0.0,0.0,0.0,0.0,0.2894839412977809,0.0,0.0,0.0,0.1607532834910212,0.12336457212710401,0.0,0.0,0.0,0.0,0.0,0.31410156512692994,0.0,0.15581213227706664,0.0,0.04483872393261878,0.0,0.0,0.0414522509575254
0.07754579901858735,0.0,0.0,0.012732137604960742,0.0,0.0,0.06344836242830093,0.0,0.041550211423949636,0.0,0.0,0.0,0.10963412857295028,0.002830871638721495,0.008291965863297753,0.05911704832890039,0.0210203402722002,0.0,0.024384755689997477,0.09103926450608985,0.10119808859129487,0.0791932558319172,0.0,0.0,0.0,0.0,0.0,0.05068378619821752,0.04111548642420735,0.1319908638259209,0.12815375142813884,0.08017941224025418,0.0,0.0,0.053225112260040425,0.0057763024903906375,0.03718677799237518,0.1261695004643138,0.09655573487564593,0.0,0.3481138579158508,0.06052787328969102,0.026177716599840625,0.08739058311513237,0.0672584652976598,0.0,0.0,0.0,0.037706918996188714,0.010696620330833405,0.0,0.015147557856216926,0.0,-0.0062471650875555885,0.0,0.0,0.0,0.0,0.03387468610934815,0.01562903209521393,0.08652278604440963,0.0,0.07359133857551242,0.05279790327342329,0.0366376642628264,0.06681736173796096,0.08961212702901784,0.0,0.0,0.0,0.0,0.0,0.024187965548868,0.0481619768579557,0.03878500683921576,0.1697012058844351
0.08076272328117501,0.0,0.0,0.03186352713663725,0.0,0.0,0.0,0.0,0.0,0.037477363255029275,0.0,0.0,0.0,0.0,0.0,0.05711286017959568,0.04278642280346499,0.0,0.0,0.0,0.04010673720526469,0.0,0.0,0.0,0.0,0.0,0.0,0.0,0.0,0.0,0.08215028544922225,0.0,0.019781854007014366,0.053225112260040425,0.0,0.0,0.0,0.0,0.0,0.0,0.0,0.126575918628669,0.0,0.0,0.0,0.08443184943147228,0.0,0.0,0.0359658102301259,0.11994730675748744,0.007455926820714702,0.08245833650373546,0.0,0.0,0.0,0.0,0.0,0.0,0.0,0.0,0.0,0.0,0.0,0.0050382409522798125,0.0,0.08995352786895183,0.0,0.0,0.0,0.0,0.0,0.0,0.0,0.006375388211771336,0.0,0.0
0.0,0.00905759201686433,0.23978887553157255,0.22671381350332945,0.3588310426408505,0.097479779569126,0.2371269167758155,0.0,0.19471936010370433,0.3476065524664438,0.2305188481005767,0.11634407017535214,0.1326016931513443,0.5319986664182572,0.20507575661129715,0.0,0.0,0.0,0.22747671638765163,0.1906752822727204,0.11824814881046408,0.1955184119358307,0.028303283232609125,0.0,0.12477356626743723,0.0,0.23702782227544145,0.34514959832137687,0.18008893699833114,0.13730592721998372,0.3874462426903642,0.0,0.0,0.0057763024903906375,0.0,0.0,0.5421626211825944,0.07700957933990936,0.0,0.0,0.0,0.07379874923624123,0.39819967989396327,0.46465614130102817,0.2150696307727125,0.0,0.017860841019334477,0.26358670403795575,0.4431931951222866,0.259559801875656,0.0,0.020736707637837658,0.0,0.04796734470776943,0.22344564533771705,0.2500579127981896,0.3627516005560279,0.0,0.16678912921799904,0.09896580917064275,0.039820401813745035,0.004766377978050451,0.013598111903353251,0.26236626911865857,0.049467259875730814,0.14930017720562355,0.2438384494482541,0.053169922775796505,0.0,0.14263450003969602,0.0,0.02873174180397385,0.21053515720578175,0.029538836521322935,0.13046135292882283,0.0
0.0,0.0,0.19297432062172476,0.23547645900589081,0.3911594953536743,0.05417411635738419,0.27320995673517845,0.0,0.17968849681256482,0.26084649259562187,0.18418834619095692,0.08267795811839485,0.13627626531377976,0.45521961634777824,0.1713272133750783,0.0,0.0,0.0,0.22189550235326863,0.1835650995921613,0.12821237811497369,0.18436452872041045,0.016303796037329767,0.0,0.07106113897268895,0.0,0.1963156114600474,0.36763976825411065,0.11846513264640132,0.21516309850487086,0.403981024502556,0.0,0.0,0.03718677799237518,0.0,0.5421626211825944,0.0,0.05527418054490327,0.0,0.0,0.0,0.1551506275456544,0.3856103405893658,0.47648210364274163,0.1850884625672114,0.0,0.01464361443512866,0.2030437859857098,0.4578144204253613,0.30920361717701306,0.0,0.09214085977583938,0.0,0.10609721645415887,0.2379780521408814,0.18121041218827608,0.3221141042946125,0.0,0.2137219055882839,0.14310708163086486,0.07900468814602626,0.00592170396316418,0.03584513509071876,0.2528572787823644,0.0319276512008323,0.1495206084503071,0.23550177237243225,0.057883462633628126,0.0,0.14773277623515396,0.0,0.02488749720141841,0.22831489306347358,0.02401016211407083,0.17095846623237962,0.0
