0.0,0.08871295966264052,0.2333868369829417,0.05446690986019998,0.4007087008686341,0.04400209735279596,0.44432836632235206,0.018423769735368356,0.26208592803219943,0.49230550188657896,0.21426098947222985,0.46759298122585363,0.33463980334636223,0.04203472322140076,0.0,0.4855675538098176,0.22284770031755669,0.4032423721172671,0.3891201832729836,0.0,0.2167306744833184,0.23484265268607138,0.008870361749145591,0.5176491699184147,0.2988245786569502,0.47854356848665347,0.16620170669671067,0.1770637787124737,0.12369390861061141,0.31792812008054033,0.16690676459623785,0.2657059488475036,0.5277368749452531,0.3013220290816676,0.07176087306184531,0.03644870420140674,0.009530552617556847,0.15043824207897225,0.20624911078282696,0.23302997328939418,0.10508462689877122,0.05151436617435105,0.19473604183619359,0.19378781147323548,0.20505464596335615,0.5529551748878099,0.0731384147716275,0.26298100809282116,0.0,0.17195761913954308,0.0,0.0,0.0,0.1582051375146151,0.2334592948620202,0.381313169524585,0.07990734272581566,0.06076496418731806,0.06115473299905752,0.0,0.049399811144819394,0.027421338773258117,0.11743517564310293,0.10265275337194872,0.0,0.14924502909386075,0.05110175217829374,0.0,0.08292126400851361,0.07405407885596077,0.12140124571577234,0.0,0.3654774316552171,0.0,0.3161204412103724,0.30770776443622044
0.08871295966264052,0.0,0.5161557673167533,0.0,0.0,0.6733552922962845,0.0,0.2461824794403996,0.5860398508733217,0.553909813622619,0.31179247694291695,0.029314909681617148,0.25891824995929813,0.0,0.5989676080532172,0.030327287983415406,0.37813737714192547,0.17059599565784955,0.4205069662635202,0.6376799607212013,0.3661661292329926,0.6647711856528014,0.570621076294925,0.11505629618993025,0.7756230236499593,0.8008383574497947,0.7090949266515748,0.2580378985655257,0.25669328789066626,0.0,0.0,0.0,0.1420819698621518,0.03940708378124192,0.0,0.16450840638780476,0.36251544477424724,0.22196749287535464,0.0,0.0,0.0,0.0,0.0,0.0,0.2998723375355882,0.0,0.7737618615056787,0.4055426139167059,0.0,0.13039853883983993,0.2316148154549399,0.31878268714276753,0.08617640684921536,0.6471106055934819,0.10848308053370212,0.35282387621835776,0.21706304810370214,0.12668352397295554,0.0,0.5273047203327835,0.05608235338767087,0.0,0.0,0.5853888036402515,0.5232103607720444,0.2090300663239593,0.5978267422164393,0.3559500991279219,0.0,0.4543581604429333,0.5616248785358088,0.6984698019104136,0.0,0.0,0.0,0.0
0.2333868369829417,0.5161557673167533,0.0,0.0,0.0,0.5893145669320213,0.0,0.40572742099157627,0.6394011307222233,0.4495592759842738,0.6070335045142193,0.16712402410332589,0.11284782922440979,0.0,0.6420051198673711,0.0,0.0,0.0,0.5531522279616411,0.4393232667887304,0.5093403045152403,0.5190485387255709,0.7992602494149774,0.16108865845968534,0.3474681261311208,0.5206611486644855,0.6423326263775593,0.3639552438881392,0.23772018531878114,0.06616980650976405,0.04168274369496923,0.0,0.18361115258780228,0.1692098229909425,0.0,0.15768061335434932,0.35902464884440816,0.3236975596274452,0.0,0.0,0.0,0.0,0.0,0.0,0.4327116756445638,0.18341233773415677,0.6498710229034141,0.9054729601826953,0.0,0.23981564705956385,0.1675783179027137,0.15088076181511037,0.5000101559336512,0.5738008683019854,0.21164158461681357,0.6156075841096744,0.2745523708161311,0.146757840601233,0.2480303617166279,0.658130813108036,0.04000419166896022,0.0,0.0,0.603611803840559,0.26883905310347783,0.49748959347943017,0.5012444013866462,0.6668926577458488,0.12372767707078916,0.34895931090755095,0.6494673546629274,0.5227090978679838,0.006511102662427902,0.0,0.0,0.0
0.05446690986019998,0.0,0.0,0.0,0.2882101274297065,0.0,0.1627853442566488,0.0,0.0,0.0,0.0,0.09518870417582573,0.0953427343197644,0.3247262894792961,0.0,0.03716352341576498,0.0,0.0,0.0,0.0,0.0,0.0,0.0,0.0,0.0,0.0,0.0,0.1365076295056255,0.0,0.33299647790789466,0.24882419943652045,0.11648319709020137,0.0,0.29594110042259203,0.5394436452306016,0.180759200262617,0.0,0.017822476110794835,0.0,0.0,0.06287907465213603,0.2459849260191764,0.0,0.0,0.0,0.02684159012477448,0.0,0.0,0.2367225445120887,0.0,0.0,0.0,0.0,0.0,0.0,0.0,0.0,0.0,0.0,0.0,0.0,0.29099264138223685,0.10851705015980537,0.0,0.0,0.0,0.0,0.0,0.0,0.0,0.0,0.0,0.38774699023423465,0.0,0.2355228714983118,0.0
0.4007087008686341,0.0,0.0,0.2882101274297065,0.0,0.0,0.7276574632679123,0.0,0.07376562675338562,0.08200517890268548,0.06350363751331498,0.4503298414484244,0.22063729729040157,0.37950428895868726,0.0,0.3288225814221161,0.0,0.3019213728431234,0.04342824981710049,0.0,0.0,0.0,0.0,0.27429631204161464,0.0,0.0,0.0,0.0,0.0,0.45992077700620726,0.013654571630715581,0.459177329450802,0.2233695273777654,0.13445252729943383,0.14594499896975532,0.08554102544579878,0.0,0.00012362076787113564,0.39498610481418367,0.20880952656224253,0.17721832416394162,0.24240329407779382,0.2691583937124055,0.36101108639307017,0.05133316663924715,0.39600545812082333,0.0,0.03318520790284641,0.030008728338686067,0.18573851032156763,0.0,0.0,0.0,0.0,0.35826364579601955,0.2335256141159884,0.0,0.04362887598997507,0.13919813871998502,0.0,0.0,0.20596389018814829,0.30415112812079914,0.0,0.0,0.0,0.0,0.0,0.13178598554471677,0.03931258587816977,0.0,0.0,0.4852397961615383,0.0,0.5172327021498291,0.3911323789257167
0.04400209735279596,0.6733552922962845,0.5893145669320213,0.0,0.0,0.0,0.0,0.48596302382435724,0.44194299535633536,0.4413246176009423,0.34177855821687725,0.17841501594377118,0.47542031858559847,0.0,0.5504882467296285,0.0,0.09981197029306549,0.0,0.4322234975521525,0.3973584038810728,0.5365071321820185,0.4191442708503562,0.769715380843034,0.142819363803149,0.3720667570022034,0.6758769097789908,0.4639501421757343,0.4627493385467442,0.2737882217579902,0.0,0.0,0.0,0.0,0.2829786519068113,0.06817848329497223,0.35840671249658207,0.4018668002821382,0.28884360742385107,0.0,0.0,0.0,0.0,0.0,0.0,0.3566906326757383,0.0,0.6407071797324191,0.567272989858314,0.0,0.0,0.32525200440756524,0.01763442896025186,0.4400988530673795,0.4708091664262277,0.08687199504396519,0.37943283950994217,0.2901979691711499,0.37677398790021666,0.0,0.486832446329332,0.0,0.0,0.0,0.577461908888572,0.14829193193343493,0.48745060600570883,0.3160387604748893,0.6650522575795599,0.0,0.31624250105746077,0.6150479660825133,0.3997092261429701,0.0,0.0,0.0,0.0
0.44432836632235206,0.0,0.0,0.1627853442566488,0.7276574632679123,0.0,0.0,0.0,0.0,0.21745651845204114,0.0,0.4901628014849153,0.36605027662623435,0.22983293402840899,0.0,0.4532099415205731,0.13930962669407387,0.5175775243668987,0.12505744974226682,0.0,0.0,0.0,0.0,0.2941484703418359,0.1537912959725353,0.03977455883921125,0.06734823782234142,0.0,0.0,0.3083352173670721,0.0,0.5206485447774872,0.29869301453810854,0.03228656062017525,0.06454020533738407,0.05330266480122797,0.0,0.0,0.4036259883903733,0.2334989322733829,0.16389434089870322,0.25808832326918046,0.337237162845003,0.43649284070898936,0.0,0.28580555819271386,0.0,0.0,0.03000422161807831,0.16584078931948076,0.0,0.0,0.0,0.0,0.38139493276974307,0.1391049390396301,0.003225864119008966,0.0,0.07934601487760568,0.0,0.04869096953161082,0.18574147133412688,0.16427798039292246,0.0,0.0,0.0,0.0,0.0,0.039182857844337886,0.10638879929957362,0.0,0.0,0.2985624064181983,0.005035999693136356,0.3376191610354833,0.3425576236708207
0.018423769735368356,0.2461824794403996,0.40572742099157627,0.0,0.0,0.48596302382435724,0.0,0.0,0.051740147905533516,0.07071258546421942,0.2807648359311158,0.3818388684327524,0.11087102809159378,0.07932211503891176,0.17576492964802484,0.0,0.0,0.0,0.26661919323246214,0.0,0.41836750909423553,0.02466033370404665,0.6263142430496491,0.16350928162870296,0.03229130267586293,0.23344304538017072,0.1943743699630211,0.0580279841494757,0.0,0.07129318682926966,0.0,0.0,0.0,0.09141002659472373,0.1631969137213982,0.2281984512754841,0.06397168914772856,0.28029637364174453,0.0,0.0,0.0,0.0,0.011220752332288407,0.0,0.19691898667345537,0.0,0.28350693023666557,0.42306422339822786,0.0,0.0,0.2434070781576714,0.0,0.7033026751486233,0.18584861529533983,0.047477801976364836,0.31605544735315955,0.21446055799299246,0.08258429281533854,0.04339638006247744,0.26212387877807114,0.0,0.0,0.0,0.39862569215801663,0.0,0.44260139544982374,0.0,0.5760282832466029,0.2448609042587481,0.12966728397085028,0.39239825831392483,0.08803187603246417,0.0,0.0,0.0,0.0
0.26208592803219943,0.5860398508733217,0.6394011307222233,0.0,0.07376562675338562,0.44194299535633536,0.0,0.051740147905533516,0.0,0.6292976991651053,0.3747708556995952,0.1293914494859806,0.2707612174396451,0.0,0.5994841516829574,0.02544978792888435,0.10517343316135071,0.11613165797032789,0.43506583616789296,0.5883098273741295,0.43345621824490116,0.7097904289874264,0.4128881380409072,0.23002473716155727,0.47257492488586844,0.5721979980389914,0.7556378895462477,0.3905373455416062,0.362577462012401,0.0,0.07846187391495651,0.0,0.2583823701783851,0.14469659540644322,0.0,0.231297926688899,0.3751606978877073,0.32068637143381806,0.0,0.1077494807657831,0.0,0.0,0.0,0.06357846938575273,0.4760184889482352,0.1822674632051423,0.6597480381282199,0.5824945375139043,0.0,0.45252176543180506,0.0,0.36970851636411195,0.13284667058665015,0.8617784155645525,0.3902092229886017,0.4930827308480397,0.2718528358764111,0.1996855066918513,0.053640901986125145,0.5503238515240546,0.22747886666351685,0.0,0.0,0.4166738676679813,0.3736708693074242,0.36025163656295894,0.636501266107319,0.22455974987794325,0.06498425200274953,0.4789796021892213,0.5597432447875846,0.6187658927039161,0.0,0.0,0.0,0.0
0.49230550188657896,0.553909813622619,0.4495592759842738,0.0,0.08200517890268548,0.4413246176009423,0.21745651845204114,0.07071258546421942,0.6292976991651053,0.0,0.3080343982848481,0.3339907518751017,0.42304947889268973,0.0,0.4225460625279168,0.3585520410461026,0.4873612136900499,0.442614224613341,0.4261693828962911,0.3201718542276464,0.4770848043863848,0.5505343043557646,0.2991343039529317,0.47963258929768315,0.6432024506897671,0.6845684213810648,0.6229231618362505,0.3442162033066037,0.3184941588336087,0.01999261641032717,0.09823266136516547,0.0,0.43956183423969636,0.09891280974246555,0.0,0.09973705422663644,0.2839484770019125,0.15465461038064038,0.012879574417298102,0.25306409619694015,0.0,0.0,0.06594125484755976,0.133508725636271,0.45549146303207944,0.259123570961854,0.5058508506392128,0.516636441676684,0.0,0.39988115871553276,0.0,0.278951154601459,0.0,0.5488419233259176,0.44853502238196497,0.5512798528080463,0.33458114834305197,0.30673998809177794,0.12189600804907283,0.3980221719313024,0.25376392466187114,0.0,0.0,0.3926229343870602,0.2717427529179845,0.2896674185165877,0.4683695720018129,0.1313947616449838,0.08156857396519264,0.46828028933760096,0.427391986882747,0.34529113528905014,0.17584005769569325,0.0,0.07518690439290407,0.22240445857372165
0.21426098947222985,0.31179247694291695,0.6070335045142193,0.0,0.06350363751331498,0.34177855821687725,0.0,0.2807648359311158,0.3747708556995952,0.3080343982848481,0.0,0.17462423048645598,0.0,0.0,0.44404178317649834,0.0,0.00832713992334036,0.0,0.3232200164078614,0.21061190383723793,0.300733526328259,0.3129874297010431,0.4974109407997788,0.11696382968035934,0.24521785578453228,0.3121704293178659,0.43496718354537833,0.12044952658516864,0.04649402378410464,0.03698785609267413,0.0,0.0,0.11580218083127848,0.09984772046947844,0.0,0.05366132386122444,0.05794041642930328,0.05449535734211746,0.0,0.0,0.0,0.0,0.0,0.0,0.2090222438306488,0.05149787051088631,0.3776198309627283,0.642995573016982,0.0,0.3000581369731483,0.11956453469190846,0.057230657671128046,0.26918802454900587,0.41536646070267474,0.1396827319870608,0.751724908094422,0.1819030841258582,0.023835891035606932,0.220589949189692,0.49321815960842846,0.0021296563944202588,0.0,0.0,0.39428662799640346,0.15109464124899993,0.27036703064112133,0.336253752723638,0.3893284118677159,0.030375633927568247,0.20664832906775046,0.3595932269059843,0.3700544562000106,0.02707168801796346,0.0,0.0,0.0
0.46759298122585363,0.029314909681617148,0.16712402410332589,0.09518870417582573,0.4503298414484244,0.17841501594377118,0.4901628014849153,0.3818388684327524,0.1293914494859806,0.3339907518751017,0.17462423048645598,0.0,0.4271219749665849,0.2433075766038409,0.0,0.13777064060702743,0.12843948383837267,0.20282172446909147,0.32777954536485376,0.0,0.13530456491990644,0.03296957925092037,0.14545733203048264,0.7106004066976699,0.057228770026495936,0.3811893992277259,0.06106570964894742,0.0,0.0,0.3298588736568911,0.0,0.2721356305297746,0.42262756491746917,0.15385555460407035,0.098579797389172,0.20327919648708925,0.0,0.31792368118346487,0.23865389572480836,0.29039532512241634,0.034904647592075226,0.0555369703444489,0.3916650124879019,0.2686668108963122,0.29350364538181445,0.30629584065880167,0.03961073784116646,0.28443670135398347,0.0,0.1446175791578933,0.0,0.0,0.22442587428334165,0.0452223367064614,0.33058106511074753,0.38584886445842975,0.5733147820006035,0.18344589968373373,0.12256045251038034,0.0,0.0,0.0706631533071066,0.0,0.06402109535835354,0.0,0.17891291187749275,0.0,0.09439496934035092,0.4478803978541524,0.13998381627913067,0.20520106126929016,0.0,0.2347212537417282,0.0,0.28425090878776976,0.12430246950983757
0.33463980334636223,0.25891824995929813,0.11284782922440979,0.0953427343197644,0.22063729729040157,0.47542031858559847,0.36605027662623435,0.11087102809159378,0.2707612174396451,0.42304947889268973,0.0,0.4271219749665849,0.0,0.0,0.0,0.2421448905721556,0.26277997090156907,0.313492871739105,0.3470391035197618,0.0,0.22054555139962778,0.20883047598678006,0.08456646783871073,0.25404188651176146,0.2569416353563031,0.5118541428201874,0.18774317078277014,0.4726768691122328,0.21164766230208862,0.20908328669391074,0.04014129261843607,0.0466288686365706,0.2117275785328667,0.31680231670048714,0.16730738779183393,0.31733854727695704,0.2545029115622887,0.2432390901377631,0.0,0.0,0.0,0.0,0.0,0.13835369523263688,0.22362732824028117,0.09130160863447362,0.20955999282100307,0.21570458493752184,0.0,0.0,0.0,0.0,0.0,0.16521447658501562,0.3397865503804691,0.23873828163490646,0.08965237208450942,0.633298764922574,0.0,0.0,0.0,0.24613172836958416,0.0,0.16931562826790378,0.0,0.26199255027757395,0.0,0.0,0.0,0.2936711960252908,0.2575181424472369,0.0,0.3679768666196498,0.0,0.1710245525735128,0.01637841766875452
0.04203472322140076,0.0,0.0,0.3247262894792961,0.37950428895868726,0.0,0.22983293402840899,0.07932211503891176,0.0,0.0,0.0,0.2433075766038409,0.0,0.0,0.0,0.0,0.0,0.0,0.0,0.0,0.0,0.0,0.0,0.11833907853146267,0.0,0.0,0.0,0.0,0.0,0.3617904035097064,0.0,0.31254774908596966,0.02567951404897678,0.0,0.2547595746231363,0.0,0.0,0.0,0.264305638988955,0.10256394861082724,0.009135314734135083,0.2791424718436503,0.34282007670426795,0.08492573241399808,0.0,0.12652464271649663,0.0,0.0,0.0,0.0,0.0,0.0,0.037925618677557414,0.0,0.015486507224573412,0.0,0.0,0.0,0.3131874785262888,0.0,0.0,0.09089615324944586,0.14508553391815637,0.0,0.0,0.0,0.0,0.0,0.17021322361168142,0.0,0.0,0.0,0.16108331760825587,0.0,0.34437255363945163,0.12474888293931263
0.0,0.5989676080532172,0.6420051198673711,0.0,0.0,0.5504882467296285,0.0,0.17576492964802484,0.5994841516829574,0.4225460625279168,0.44404178317649834,0.0,0.0,0.0,0.0,0.0,0.05088280945800572,0.0,0.35504692625585177,0.7768569227330369,0.6487041089437916,0.6655937143187979,0.6640054272664736,0.0,0.455136776348232,0.5055205578593273,0.6844211949589211,0.4411284870657135,0.5312324307053486,0.0,0.19750103077994555,0.0,0.0,0.07826749004651137,0.0,0.033689338233953814,0.3693925141753342,0.11543301402686695,0.0,0.0,0.0,0.0,0.0,0.0,0.2421225639198468,0.0,0.6963485206367181,0.5366448594571472,0.0,0.23323976817681913,0.27257152158065207,0.32794629774886264,0.24842881431459807,0.6828439215378022,0.0,0.43827838205889036,0.14205617173043325,0.05238880041147687,0.009026040077739612,0.919393975706316,0.13387915117323548,0.0,0.0,0.5762556145333257,0.5831147056515521,0.48558587315645924,0.6950648240661722,0.5370335525125595,0.0,0.2475272662356511,0.5241330584301779,0.7689644821604583,0.0,0.0,0.0,0.0
0.4855675538098176,0.030327287983415406,0.0,0.03716352341576498,0.3288225814221161,0.0,0.4532099415205731,0.0,0.02544978792888435,0.3585520410461026,0.0,0.13777064060702743,0.2421448905721556,0.0,0.0,0.0,0.36786937512850504,0.7505414785910642,0.06874354955675818,0.0,0.08546140597514998,0.15140309687928244,0.0,0.25792795326654916,0.3801362186851345,0.13779050308659427,0.18227740215094912,0.0055271805512486566,0.30581744883415,0.15635356416312896,0.3569623308075464,0.36795481639699484,0.32382055383952646,0.05226396775929325,0.0,0.0,0.0,0.0,0.35854432785631185,0.19913280438691053,0.24070352594589398,0.06332043952369527,0.21093797989929017,0.2901815942149653,0.018084987679198982,0.3395374448797806,0.0,0.0,0.0,0.15417562807082127,0.0,0.06915132428177118,0.0,0.0,0.11738586400685622,0.13588273683013474,0.0,0.0045780524297647455,0.1197395763048565,0.0,0.30707486490983943,0.2542902286064707,0.36358863752775383,0.0,0.0,0.0,0.0,0.0,0.0,0.12206055204235129,0.0,0.0,0.3413674988527752,0.2014992117561899,0.336906235342644,0.4687728890874937
0.22284770031755669,0.37813737714192547,0.0,0.0,0.0,0.09981197029306549,0.13930962669407387,0.0,0.10517343316135071,0.4873612136900499,0.00832713992334036,0.12843948383837267,0.26277997090156907,0.0,0.05088280945800572,0.36786937512850504,0.0,0.6240261238637848,0.03217595144245344,0.10947539818958746,0.07919558099310904,0.17473027740558614,0.0,0.37539113271080327,0.4985029844456807,0.3097260194976861,0.1924066852725993,0.0,0.0683984387448709,0.0,0.09554148968814397,0.042009233181085445,0.2700138398098536,0.0,0.0,0.0,0.04861741784270521,0.0,0.09367619149983301,0.1945717615088048,0.0,0.0,0.1344739955624692,0.14125415005598738,0.09812645808268611,0.026626356328938405,0.0418651476819742,0.0,0.0,0.19979659554296506,0.1392094330645233,0.23245458851049464,0.0,0.14628630850104984,0.06780787687715895,0.07331778738738334,0.0,0.1183270983449432,0.01397070655687255,0.0,0.2634166022708512,0.46231717249249754,0.36833074492556667,0.0,0.2965252756091678,0.0,0.19749277462018847,0.0,0.0,0.11628485989189923,0.0,0.12654946761283875,0.04912564482981851,0.20480076374295578,0.13579927904288233,0.26956744881907935
0.4032423721172671,0.17059599565784955,0.0,0.0,0.3019213728431234,0.0,0.5175775243668987,0.0,0.11613165797032789,0.442614224613341,0.0,0.20282172446909147,0.313492871739105,0.0,0.0,0.7505414785910642,0.6240261238637848,0.0,0.0,0.0,0.0,0.21085082739429412,0.0,0.38545080018429567,0.5680477621956044,0.2698416672528267,0.2702508742870931,0.0,0.1398855016809842,0.05208024423821426,0.014734245513934631,0.414360799648781,0.5042604825068511,0.0,0.0,0.0,0.0,0.0,0.42624481841718287,0.40394800905621314,0.28876552291166196,0.017178896247952526,0.2779496127001725,0.34272465835997473,0.03855591642449567,0.21813523372991572,0.0,0.0,0.0,0.3689190605225314,0.0,0.26811773189386756,0.0,0.07065798080284719,0.13516963202193893,0.13661289773663035,0.05727303806373069,0.04513272633821063,0.12143810649828571,0.0,0.4711305609394939,0.2533607649781961,0.4274393784689904,0.0,0.11768258752563819,0.0,0.16214908662499608,0.0,0.018876110302411188,0.21718985512298009,0.0,0.0,0.18258145796815947,0.33801607310868587,0.2847820768243706,0.5714618860787569
0.3891201832729836,0.4205069662635202,0.5531522279616411,0.0,0.04342824981710049,0.4322234975521525,0.12505744974226682,0.26661919323246214,0.43506583616789296,0.4261693828962911,0.3232200164078614,0.32777954536485376,0.3470391035197618,0.0,0.35504692625585177,0.06874354955675818,0.03217595144245344,0.0,0.0,0.2924015554837326,0.37928578816129643,0.5375339231852725,0.41740235775574397,0.14389808446228666,0.26040173024294416,0.5157670714633412,0.4659291332082599,0.3874620648378318,0.2172218190231104,0.176829620732611,0.05154390956157042,0.0,0.13536927447305414,0.4223108625496271,0.1986427496096678,0.3532853508984027,0.34250325580759294,0.2543535173287884,0.0,0.0,0.0,0.0,0.01708923888687897,0.04761919987255949,0.3673369271191617,0.13489267962816187,0.44908949767862066,0.5454661877062725,0.0,0.0,0.0,0.0,0.1600863673651521,0.3417553044368761,0.3640956753752891,0.4401268762901983,0.1683374266951197,0.20878524856467853,0.013708566642277556,0.30013937589781803,0.0,0.0,0.0,0.7236239167111517,0.0,0.4300028366167722,0.20235069403966888,0.3511156048042073,0.0,0.24646415863123627,0.4348477444296117,0.19693675807676897,0.11528997299445046,0.0,0.0,0.0
0.0,0.6376799607212013,0.4393232667887304,0.0,0.0,0.3973584038810728,0.0,0.0,0.5883098273741295,0.3201718542276464,0.21061190383723793,0.0,0.0,0.0,0.7768569227330369,0.0,0.10947539818958746,0.0,0.2924015554837326,0.0,0.32778528313270633,0.7644986314671101,0.42248807512692055,0.0,0.42786990853682255,0.40098688331720694,0.6996378274415261,0.32812498906557763,0.5693784349699821,0.0,0.09018582294150931,0.0,0.0,0.0,0.0,0.020075292267049592,0.3540700470324542,0.06547325159447419,0.0,0.0,0.0,0.0,0.0,0.0,0.19717605433688468,0.0,0.5828982107071388,0.29023168963549123,0.0,0.15615600208994113,0.13394667255071172,0.35684759058289195,0.0062936547220512505,0.6548192836078067,0.030898742024850583,0.1895439851965435,0.15145263917786886,0.0,0.0,0.6662965938882243,0.1745846021067861,0.0,0.0,0.4829761214255651,0.7484990515957313,0.1863412151932982,0.7215167599201961,0.26321483037114635,0.0,0.22404363682490291,0.36792147435367967,0.8021391738773611,0.0,0.0,0.0,0.0
0.2167306744833184,0.3661661292329926,0.5093403045152403,0.0,0.0,0.5365071321820185,0.0,0.41836750909423553,0.43345621824490116,0.4770848043863848,0.300733526328259,0.13530456491990644,0.22054555139962778,0.0,0.6487041089437916,0.08546140597514998,0.07919558099310904,0.0,0.37928578816129643,0.32778528313270633,0.0,0.39313752621652026,0.5566994047761369,0.22665406999018287,0.2799520921681313,0.4819262192617131,0.4301063300352806,0.44805281105450473,0.4415749538097573,0.0,0.30955968037997295,0.0,0.06360519941226817,0.37778424121189536,0.056269972246595946,0.22313828752534975,0.3322875500040816,0.28586713986116813,0.0,0.0,0.0,0.0,0.0,0.0,0.41068942652929197,0.20571343673170486,0.5189267523895538,0.5346153746242465,0.0,0.03880329742505838,0.05370065150732703,0.08703659073297061,0.4572948342933392,0.4782642836188252,0.16758693616096074,0.41496989076315527,0.127668320788717,0.2596402244573618,0.0,0.6056415619342937,0.0,0.0,0.0,0.5097833333485795,0.09467910102045364,0.8027075768310801,0.24617474893789906,0.5238116127719779,0.1202629600990081,0.3018605290157596,0.5383333663620357,0.3332535473869005,0.11516445026274372,0.0,0.0,0.0
0.23484265268607138,0.6647711856528014,0.5190485387255709,0.0,0.0,0.4191442708503562,0.0,0.02466033370404665,0.7097904289874264,0.5505343043557646,0.3129874297010431,0.03296957925092037,0.20883047598678006,0.0,0.6655937143187979,0.15140309687928244,0.17473027740558614,0.21085082739429412,0.5375339231852725,0.7644986314671101,0.39313752621652026,0.0,0.3606197621701723,0.06592273866351352,0.5476655589165951,0.6255746161209058,0.7698699032886429,0.41497333390934366,0.5240629006108604,0.0,0.08985969733792622,0.0,0.17061653048712058,0.14870695480125887,0.0,0.08926370284915337,0.36853946898756684,0.15382492778534296,0.0,0.0,0.0,0.0,0.0,0.0,0.31387574042883193,0.01713758860573893,0.6570169483809964,0.43024803796835887,0.0,0.22230339066646368,0.0,0.2797451723870701,0.0,0.6900224407911715,0.16592913778960625,0.4507622792450499,0.22475722518492322,0.10482049225090687,0.0,0.594980166970482,0.18020893440544347,0.0,0.0,0.5347725707083101,0.4987852701079987,0.24750469987385534,0.7323055535468727,0.19017913360268524,0.0,0.30194651326757216,0.4361083545310462,0.6256777501388074,0.0,0.0,0.0,0.0
0.008870361749145591,0.570621076294925,0.7992602494149774,0.0,0.0,0.769715380843034,0.0,0.6263142430496491,0.4128881380409072,0.2991343039529317,0.4974109407997788,0.14545733203048264,0.08456646783871073,0.0,0.6640054272664736,0.0,0.0,0.0,0.41740235775574397,0.42248807512692055,0.5566994047761369,0.3606197621701723,0.0,0.05961697365699808,0.25430278004082524,0.5119330997674868,0.518718682845269,0.26882529603307703,0.14963697791532532,0.0,0.0,0.0,0.0,0.15082678676164482,0.0,0.1925880360421527,0.25819856846214007,0.24329223345880435,0.0,0.0,0.0,0.0,0.0,0.0,0.31892182588285095,0.0,0.6594709885212496,0.7022945419551477,0.0,0.07110631037279813,0.43800080963961174,0.09843584719094439,0.6689865325196025,0.4661335208521143,0.05441729139338319,0.42264423197551765,0.29468496006658546,0.13884610341924747,0.119566703772497,0.6632125815451743,0.0,0.0,0.0,0.6233882938747801,0.23250733982119057,0.5309721005581113,0.36529106349560375,0.9110950503566844,0.06774828051516506,0.24993692166213674,0.6308440277413971,0.5280963444743237,0.0,0.0,0.0,0.0
0.5176491699184147,0.11505629618993025,0.16108865845968534,0.0,0.27429631204161464,0.142819363803149,0.2941484703418359,0.16350928162870296,0.23002473716155727,0.47963258929768315,0.11696382968035934,0.7106004066976699,0.25404188651176146,0.11833907853146267,0.0,0.25792795326654916,0.37539113271080327,0.38545080018429567,0.14389808446228666,0.0,0.22665406999018287,0.06592273866351352,0.05961697365699808,0.0,0.29209836262438726,0.43753876807251224,0.1471401370892989,0.0,0.0,0.11580263302903443,0.0,0.29138544375488534,0.496290425125067,0.0,0.0,0.04336383895102377,0.0,0.21617146077241292,0.36288084383214964,0.47054547357811344,0.15914491575179027,0.0,0.37433387927027123,0.3316289549038137,0.34778884021590944,0.41173147582612635,0.08121040923287419,0.2736385600203244,0.0,0.37651683685542353,0.0,0.11291126381473154,0.1525968038722903,0.12957068284866138,0.2544822618162588,0.37053783676865726,0.5269381001138143,0.21144717822740203,0.2336995013051856,0.0,0.17514010013830422,0.0771755188710292,0.21421640476037063,0.0,0.0,0.08101444429545057,0.12120031641718329,0.0,0.6332894629851558,0.22630454417074583,0.2446859138680417,0.029440197663058446,0.14618665718148924,0.09259754893947086,0.31055100727259444,0.38944554341313264
0.2988245786569502,0.7756230236499593,0.3474681261311208,0.0,0.0,0.3720667570022034,0.1537912959725353,0.03229130267586293,0.47257492488586844,0.6432024506897671,0.24521785578453228,0.057228770026495936,0.2569416353563031,0.0,0.455136776348232,0.3801362186851345,0.4985029844456807,0.5680477621956044,0.26040173024294416,0.42786990853682255,0.2799520921681313,0.5476655589165951,0.25430278004082524,0.29209836262438726,0.0,0.6913267721008107,0.7274832047191497,0.039724738800297886,0.2757264383283157,0.0,0.0,0.0,0.38329383174859605,0.0,0.0,0.0,0.14299605178487798,0.07443669046520202,0.0,0.2198843585267295,0.0,0.0,0.008355632932687419,0.15322171751640587,0.18555038212446376,0.0017192873422071057,0.5941039257942043,0.3017816592016692,0.0,0.29207902695262034,0.1053150963240072,0.4276745725699658,0.0,0.5101991127369909,0.19401022797017953,0.4215804339182454,0.21781421143300592,0.10150520300879394,0.07607969642018049,0.3913312368447182,0.32747986007097873,0.0,0.0,0.27501846310755923,0.4412174452700401,0.05804949348023116,0.5434620155625387,0.060380642118627204,0.03859711835210321,0.5430394325562811,0.36639813932529586,0.5146975257883911,0.0,0.10095470715787369,0.0,0.0969106362643432
0.47854356848665347,0.8008383574497947,0.5206611486644855,0.0,0.0,0.6758769097789908,0.03977455883921125,0.23344304538017072,0.5721979980389914,0.6845684213810648,0.3121704293178659,0.3811893992277259,0.5118541428201874,0.0,0.5055205578593273,0.13779050308659427,0.3097260194976861,0.2698416672528267,0.5157670714633412,0.40098688331720694,0.4819262192617131,0.6255746161209058,0.5119330997674868,0.43753876807251224,0.6913267721008107,0.0,0.5703281002338164,0.3432947414513969,0.19768961032621307,0.0,0.0,0.0,0.38819922229122655,0.17845816293494288,0.0,0.14202227381113391,0.31628679807320104,0.3049366454129298,0.0,0.1020678601529094,0.0,0.0,0.0,0.0,0.3324998728317932,0.05604331502525242,0.6612207252161169,0.4741237763976705,0.0,0.18182866297702419,0.02944453326490194,0.15824080517039169,0.06996381029295429,0.6014017589229361,0.12918621092643878,0.47010092169167295,0.3159055588008154,0.2684128047050935,0.0,0.4356613088097422,0.0,0.0,0.0,0.4905808099976647,0.3000095940477163,0.34313564567615457,0.46426901463281384,0.31753701648817534,0.10633153572934403,0.3653245966808477,0.6142943050823114,0.4336597980348265,0.0,0.0,0.0,0.0
0.16620170669671067,0.7090949266515748,0.6423326263775593,0.0,0.0,0.4639501421757343,0.06734823782234142,0.1943743699630211,0.7556378895462477,0.6229231618362505,0.43496718354537833,0.06106570964894742,0.18774317078277014,0.0,0.6844211949589211,0.18227740215094912,0.1924066852725993,0.2702508742870931,0.4659291332082599,0.6996378274415261,0.4301063300352806,0.7698699032886429,0.518718682845269,0.1471401370892989,0.7274832047191497,0.5703281002338164,0.0,0.19252685590491428,0.47943438655766346,0.0,0.008818424380196433,0.0,0.1618512894358798,0.0,0.0,0.039102573258761535,0.2704249816128124,0.14341164202940448,0.0,0.0407243939790025,0.0,0.0,0.0,0.054369261893821984,0.31929982281435393,0.025141025578811173,0.738513442201258,0.5626223005809663,0.0,0.3782190115411575,0.04063470683435732,0.44983458428044604,0.09656985140848913,0.7341034491419524,0.3826307651105703,0.5463983784716085,0.21975282239414778,0.07790062427567526,0.10587894779522856,0.6077028231691867,0.32633917751640257,0.0,0.0,0.5008172299841549,0.4535727763867371,0.27869561770440504,0.6395113913645203,0.25602855376247,0.0,0.5883124780954899,0.4852764603357498,0.7164557111520546,0.0,0.0,0.0,0.0
0.1770637787124737,0.2580378985655257,0.3639552438881392,0.1365076295056255,0.0,0.4627493385467442,0.0,0.0580279841494757,0.3905373455416062,0.3442162033066037,0.12044952658516864,0.0,0.4726768691122328,0.0,0.4411284870657135,0.0055271805512486566,0.0,0.0,0.3874620648378318,0.32812498906557763,0.44805281105450473,0.41497333390934366,0.26882529603307703,0.0,0.039724738800297886,0.3432947414513969,0.19252685590491428,0.0,0.5316338802641334,0.2112311733847338,0.4009413070770013,0.0,0.0,0.48070884514879414,0.22637173696900298,0.396132995919909,0.49939789895167047,0.28999119181827143,0.0,0.0,0.0,0.0,0.0,0.0,0.2819569286806605,0.1303742093837186,0.35082235711116116,0.34654147677716995,0.0,0.0,0.0,0.0,0.07129878914936569,0.35196206240171646,0.09004337245442394,0.19513358463981978,0.0,0.28213386458725115,0.0,0.37105825759354943,0.0,0.0,0.0,0.454482174584591,0.008503224705463825,0.5035484916660455,0.18880730258921902,0.24505131642280656,0.0,0.046031307435938355,0.3190776227510504,0.1129304204751538,0.42297839314069746,0.0,0.0,0.0
0.12369390861061141,0.25669328789066626,0.23772018531878114,0.0,0.0,0.2737882217579902,0.0,0.0,0.362577462012401,0.3184941588336087,0.04649402378410464,0.0,0.21164766230208862,0.0,0.5312324307053486,0.30581744883415,0.0683984387448709,0.1398855016809842,0.2172218190231104,0.5693784349699821,0.4415749538097573,0.5240629006108604,0.14963697791532532,0.0,0.2757264383283157,0.19768961032621307,0.47943438655766346,0.5316338802641334,0.0,0.0,0.4919171299431494,0.0,0.0,0.251800018789278,0.0,0.042440653280209996,0.3472573184884365,0.010188304721895504,0.0,0.0,0.0,0.0,0.0,0.0,0.17731852832204784,0.12368394088678754,0.3333280391378693,0.16038747197961792,0.0,0.009251603670083465,0.0,0.16474419560520714,0.0,0.3355083602241253,0.07908226121256456,0.13509063195249357,0.0,0.08716673495777205,0.0,0.44981457390789265,0.2076581967726356,0.0,0.0,0.2951533442539016,0.2439679187952811,0.34694505671166115,0.278428111514826,0.039765253983030824,0.0,0.1796743828983327,0.12500676787305084,0.2776374254833865,0.1740497064515634,0.01449302200670648,0.0,0.0
0.31792812008054033,0.0,0.06616980650976405,0.33299647790789466,0.45992077700620726,0.0,0.3083352173670721,0.07129318682926966,0.0,0.01999261641032717,0.03698785609267413,0.3298588736568911,0.20908328669391074,0.3617904035097064,0.0,0.15635356416312896,0.0,0.05208024423821426,0.176829620732611,0.0,0.0,0.0,0.0,0.11580263302903443,0.0,0.0,0.0,0.2112311733847338,0.0,0.0,0.1251102677755342,0.2372552607856249,0.18509569291875785,0.26759434915458746,0.29290146020306723,0.13407152376365133,0.007515288388449568,0.14793193376036504,0.18668793744757303,0.053977326963757837,0.15000503972087367,0.02382696796666837,0.17916733145443076,0.16041042407601733,0.061884197390664024,0.39053957697400066,0.0,0.1637905715669268,0.0,0.0,0.0,0.0,0.0,0.0,0.17216883452711657,0.13897225239241093,0.016048168892911666,0.07191517106791588,0.20812126236623396,0.0,0.0,0.14292547321913415,0.04146350399890679,0.0,0.0,0.10762405778094006,0.0,0.0,0.13107988314184515,0.0,0.0,0.0,0.4865510958103404,0.0,0.5605176664452484,0.18648371835655578
0.16690676459623785,0.0,0.04168274369496923,0.24882419943652045,0.013654571630715581,0.0,0.0,0.0,0.07846187391495651,0.09823266136516547,0.0,0.0,0.04014129261843607,0.0,0.19750103077994555,0.3569623308075464,0.09554148968814397,0.014734245513934631,0.05154390956157042,0.09018582294150931,0.30955968037997295,0.08985969733792622,0.0,0.0,0.0,0.0,0.008818424380196433,0.4009413070770013,0.4919171299431494,0.1251102677755342,0.0,0.0,0.0,0.34440451971628194,0.17079861727958412,0.18332478376637362,0.23429882918817505,0.0,0.0,0.0,0.0,0.0,0.0,0.0,0.04567119093210701,0.20265004302288003,0.0,0.024740643819455375,0.0,0.0,0.0,0.0,0.0,0.03481463825903842,0.0,0.0,0.0,0.0,0.0,0.08439670426723243,0.0,0.22197453203205725,0.04837572625648102,0.08899492234421041,0.0,0.24343074820538965,0.0,0.0,0.0,0.0,0.0,0.0,0.2668556493073239,0.0,0.13363289365445766,0.010566774735014984
0.2657059488475036,0.0,0.0,0.11648319709020137,0.459177329450802,0.0,0.5206485447774872,0.0,0.0,0.0,0.0,0.2721356305297746,0.0466288686365706,0.31254774908596966,0.0,0.36795481639699484,0.042009233181085445,0.414360799648781,0.0,0.0,0.0,0.0,0.0,0.29138544375488534,0.0,0.0,0.0,0.0,0.0,0.2372552607856249,0.0,0.0,0.4005390530392847,0.0,0.0,0.0,0.0,0.0,0.8424548676507667,0.5347480268693017,0.530904578646458,0.2076608385271325,0.4842858523821108,0.4689406257164891,0.0,0.30304507342683573,0.0,0.0,0.0,0.1952170855447956,0.0,0.0,0.0,0.0,0.1194743037188436,0.007824417084187197,0.06951879901512568,0.0,0.32760962684499384,0.0,0.2834345437037145,0.1498292473108589,0.3626890153391971,0.0,0.0,0.0,0.0,0.0,0.27556211959151994,0.05402525308739706,0.0,0.0,0.17778097353971842,0.3766846163387618,0.424258065598988,0.6260984016233068
0.5277368749452531,0.1420819698621518,0.18361115258780228,0.0,0.2233695273777654,0.0,0.29869301453810854,0.0,0.2583823701783851,0.43956183423969636,0.11580218083127848,0.42262756491746917,0.2117275785328667,0.02567951404897678,0.0,0.32382055383952646,0.2700138398098536,0.5042604825068511,0.13536927447305414,0.0,0.06360519941226817,0.17061653048712058,0.0,0.496290425125067,0.38329383174859605,0.38819922229122655,0.1618512894358798,0.0,0.0,0.18509569291875785,0.0,0.4005390530392847,0.0,0.0,0.0,0.0,0.0,0.2955604988086615,0.4102699801875471,0.6776833126678982,0.31250658780560586,0.0,0.37917257324973924,0.28334902706774723,0.31423130440834673,0.4679484166653661,0.17690384559331235,0.22708836801412696,0.0,0.43661409516874156,0.0,0.17005893148048734,0.0,0.1383448197581829,0.21163310010476397,0.32554532180955825,0.3298210657737557,0.14148006826295606,0.29811397073082024,0.0,0.3167426523399331,0.0,0.24529706916590563,0.0,0.07975068787325261,0.0,0.19589317333676387,0.0,0.3692715543024148,0.28789024630182025,0.2718469800018903,0.030862897711923062,0.15666256491006672,0.07632962631754892,0.23898958937519416,0.3975244672138227
0.3013220290816676,0.03940708378124192,0.1692098229909425,0.29594110042259203,0.13445252729943383,0.2829786519068113,0.03228656062017525,0.09141002659472373,0.14469659540644322,0.09891280974246555,0.09984772046947844,0.15385555460407035,0.31680231670048714,0.0,0.07826749004651137,0.05226396775929325,0.0,0.0,0.4223108625496271,0.0,0.37778424121189536,0.14870695480125887,0.15082678676164482,0.0,0.0,0.17845816293494288,0.0,0.48070884514879414,0.251800018789278,0.26759434915458746,0.34440451971628194,0.0,0.0,0.0,0.6483126542769526,0.4110136772938393,0.348705095356714,0.3959332282761025,0.0,0.0,0.0,0.0,0.0,0.0,0.3032478687471838,0.16059571711757953,0.10516693211451639,0.1556965155304604,0.0,0.0,0.0,0.0,0.10419583754237839,0.062369335248118836,0.07213351871021328,0.049418173235576617,0.0,0.040352838088813264,0.0,0.06174238328551446,0.0,0.0,0.0,0.3413223453246714,0.0,0.47928866978099277,0.0,0.17244137602424156,0.0,0.0,0.11633159150833733,0.0,0.1956115350252443,0.0,0.0,0.0
0.07176087306184531,0.0,0.0,0.5394436452306016,0.14594499896975532,0.06817848329497223,0.06454020533738407,0.1631969137213982,0.0,0.0,0.0,0.098579797389172,0.16730738779183393,0.2547595746231363,0.0,0.0,0.0,0.0,0.1986427496096678,0.0,0.056269972246595946,0.0,0.0,0.0,0.0,0.0,0.0,0.22637173696900298,0.0,0.29290146020306723,0.17079861727958412,0.0,0.0,0.6483126542769526,0.0,0.33176310205241377,0.14942481659530765,0.21800325566279619,0.0,0.0,0.0,0.19533895602472728,0.0,0.0,0.05851604061562613,0.05318097722625397,0.0,0.0,0.0,0.0,0.0,0.0,0.05719490831748258,0.0,0.040936315958823036,0.0,0.0,0.0,0.0,0.0,0.0,0.13132941985368166,0.0,0.16291665196308178,0.0,0.280834998526845,0.0,0.050958237305377324,0.0,0.0,0.0,0.0,0.2237040223210304,0.0,0.02703245878150811,0.0
0.03644870420140674,0.16450840638780476,0.15768061335434932,0.180759200262617,0.08554102544579878,0.35840671249658207,0.05330266480122797,0.2281984512754841,0.231297926688899,0.09973705422663644,0.05366132386122444,0.20327919648708925,0.31733854727695704,0.0,0.033689338233953814,0.0,0.0,0.0,0.3532853508984027,0.020075292267049592,0.22313828752534975,0.08926370284915337,0.1925880360421527,0.04336383895102377,0.0,0.14202227381113391,0.039102573258761535,0.396132995919909,0.042440653280209996,0.13407152376365133,0.18332478376637362,0.0,0.0,0.4110136772938393,0.33176310205241377,0.0,0.4909786902356107,0.3166135481340194,0.0,0.0,0.0,0.0,0.0,0.11199973377626404,0.3049630090424322,0.0,0.13031109199508534,0.21141775449915043,0.0,0.0,0.0,0.0,0.19113680138845418,0.10985346806253414,0.0961595122244003,0.09935340784034193,0.12544059057175522,0.15903030253397454,0.0,0.0,0.0,0.0,0.0,0.31909418381530735,0.0,0.25460341332786895,0.0,0.22419670561956753,0.0,0.08554189590373679,0.20540575978844622,0.0,0.06718234083275168,0.0,0.0,0.0
0.009530552617556847,0.36251544477424724,0.35902464884440816,0.0,0.0,0.4018668002821382,0.0,0.06397168914772856,0.3751606978877073,0.2839484770019125,0.05794041642930328,0.0,0.2545029115622887,0.0,0.3693925141753342,0.0,0.04861741784270521,0.0,0.34250325580759294,0.3540700470324542,0.3322875500040816,0.36853946898756684,0.25819856846214007,0.0,0.14299605178487798,0.31628679807320104,0.2704249816128124,0.49939789895167047,0.3472573184884365,0.007515288388449568,0.23429882918817505,0.0,0.0,0.348705095356714,0.14942481659530765,0.4909786902356107,0.0,0.25944127960838126,0.0,0.0,0.0,0.0,0.0,0.0,0.2595776964878754,0.0,0.3858449130378124,0.28714882787561086,0.0,0.0,0.03434117869253515,0.0,0.1099940359173049,0.3250879127585161,0.17890003015201694,0.14181871819103897,0.11825066029691052,0.210208252650941,0.0,0.32120250797185856,0.0,0.03581909624988362,0.0,0.44089170019719254,0.13530471052682022,0.332994556412674,0.25306151587008296,0.2522376161831417,0.0,0.22801273671948769,0.3589404519048688,0.21603935444653496,0.0,0.0,0.0,0.0
0.15043824207897225,0.22196749287535464,0.3236975596274452,0.017822476110794835,0.00012362076787113564,0.28884360742385107,0.0,0.28029637364174453,0.32068637143381806,0.15465461038064038,0.05449535734211746,0.31792368118346487,0.2432390901377631,0.0,0.11543301402686695,0.0,0.0,0.0,0.2543535173287884,0.06547325159447419,0.28586713986116813,0.15382492778534296,0.24329223345880435,0.21617146077241292,0.07443669046520202,0.3049366454129298,0.14341164202940448,0.28999119181827143,0.010188304721895504,0.14793193376036504,0.0,0.0,0.2955604988086615,0.3959332282761025,0.21800325566279619,0.3166135481340194,0.25944127960838126,0.0,0.0,0.06194676171074658,0.0,0.0,0.0,0.0,0.5144518699276792,0.20599525026856916,0.2719684918287754,0.2527254037328889,0.0,0.0,0.0,0.0,0.23832890081085073,0.2647621443007979,0.21033230702320216,0.12572311603801034,0.1914824920984935,0.13138654612046835,0.0,0.08591678811933791,0.0,0.0,0.0,0.2307032940405445,0.0,0.331765360717125,0.02709717363347137,0.19493653030188587,0.19197431080505162,0.156411312637544,0.3325218000541999,0.02656175870942688,0.0,0.0,0.0,0.0
