0.0,0.023976823322905537,0.0,0.0,0.0,0.0,0.0,0.0,0.0,0.0366885614511819,0.0,0.0,0.0,0.0,0.005096748469597317,0.2547633841593753,0.12495106892367451,0.03596850610570193,0.0,0.2270480038676724,0.11139012885564248,0.3090770644550839,0.0,0.26672563820678247,0.07026688515535263,0.11110719388606706,0.0,0.0,0.07608825047727255,0.0,0.0,0.21605391404333735,0.13630780460324624,0.1166097742226002,0.12144723565441334,0.0,0.0,0.07740146029853229,0.18775716507658569,0.1230913648196335,0.11751986483121765,0.0,0.0,0.0,0.0,0.5398690814593443,0.0,0.0,0.0,0.0,0.0,0.0,0.0,0.09820365587222447,0.0,0.0,0.0,0.05944568235953292,0.0,0.0,0.22984898062745254,0.05817012094156036,0.2832223218952408,0.0,0.2512235556954881,0.09517071976811799,0.21274326906018348,0.0,0.2892030026190006,0.0,0.15491287110369667,0.0,0.2728626210598565,0.20430298537047167,0.29353596523439707,0.2368907839546175
0.023976823322905537,0.0,0.2646428790049157,0.0,0.14415340383164343,0.7081159212762478,0.28419750230180124,0.2655448632237847,0.04454738703341583,0.17274925784505388,0.17660849436463702,0.10261662727419547,0.2538061415284876,0.11866135871660667,0.0,0.4022045290520551,0.44454893438876886,0.6302457948062932,0.054133710127336594,0.09929429324902692,0.0,0.22190383186734883,0.3395884835321833,0.06527242988106303,0.6997898174950485,0.7392154426270839,0.20648513572326865,0.0,0.40606426579407384,0.0,0.0,0.01861753853499947,0.13750055824845797,0.0,0.0,0.013620386577405807,0.0,0.023320467880022604,0.040286588429456156,0.09346660585975686,0.11372550108381849,0.0,0.1737268138555966,0.01241093773998271,0.051382130660248965,0.0,0.5343538052336005,0.2393556953281568,0.0,0.0,0.20102671595056254,0.03269769566457485,0.20074644264426894,0.0,0.24707643666039034,0.21551954123151618,0.0697364676152614,0.12196429711852101,0.0,0.13648008465721356,0.1386375006575916,0.4003016388532931,0.14397306438703839,0.0,0.0,0.0,0.14589930085730365,0.05077750628865769,0.048111531550861016,0.338245887682563,0.30593691413318713,0.2178015234696612,0.0,0.0,0.0,0.003916982675394825
0.0,0.2646428790049157,0.0,0.0,0.48298487555895636,0.45910056134354965,0.3730316672929163,0.307511144670029,0.6654657279868942,0.20377176723276352,0.8208947234478372,0.33915478512571456,0.18443243380146027,0.39034940076570646,0.2674843707666728,0.055823332819992154,0.0,0.1425632407569766,0.6749839649503492,0.1262333745632801,0.03901621226305986,0.24091227448404112,0.598091069472742,0.0,0.17223553048721454,0.28743622708883165,0.4419938550503783,0.21450178031659287,0.03931652742343945,0.15763100071112124,0.170413316668523,0.0,0.2204367480162468,0.0,0.0,0.36058338415115904,0.2901858288037653,0.15374491020794362,0.0,0.09659914317136038,0.0,0.06488038462560633,0.43003326480630977,0.24993024901608848,0.39048791105436736,0.0,0.3132768163583522,0.8721021995764736,0.3627041658449198,0.04260055791677694,0.0,0.1369624149733254,0.24215837279799707,0.058995895953933494,0.23509233523860434,0.8135434530438854,0.508071138356287,0.19888880559929945,0.13556203766437114,0.054767821146307745,0.08642480689731294,0.09499717340307408,0.12247569608981314,0.518898163943385,0.0,0.021597141022357727,0.3044465974380518,0.20620626280847326,0.0,0.26614881434008664,0.2969632287428796,0.06058993289209784,0.2239321766006651,0.0,0.0,0.0
0.0,0.0,0.0,0.0,0.22075015839439208,0.0,0.24412982803716107,0.0,0.0,0.0,0.025783134711275333,0.0,0.24415009116480826,0.29130245153086665,0.0,0.0,0.0,0.0,0.137383678293918,0.026719588518705463,0.08123272600841715,0.0,0.0,0.0,0.0,0.0,0.0,0.40024219035744996,0.1353771284755939,0.19717706804779359,0.3335003963566856,0.0,0.0,0.019145997723612033,0.04791489355146567,0.34092171259246556,0.3540985722880042,0.0,0.0,0.0,0.0,0.15900496139774614,0.27066741123389415,0.2655691393105424,0.0,0.0,0.0,0.06824110015412911,0.331964995514702,0.2523704809081099,0.0,0.0,0.0,0.0,0.0,0.07112585063328243,0.18691453377098746,0.0,0.2419208931038355,0.0,0.0,0.0,0.0,0.3048338383893713,0.0,0.09650348850711944,0.0,0.0,0.0,0.0,0.0,0.0,0.019199545191374297,0.018238523615904945,0.0,0.0
0.0,0.14415340383164343,0.48298487555895636,0.22075015839439208,0.0,0.32318126831649246,0.5444846954863037,0.0,0.5796349805781555,0.2937668451491613,0.5094079035874656,0.2328922304844243,0.2837655821135971,0.6295972299858509,0.10154943236145672,0.06551588514831676,0.0,0.15607800086755463,0.40129876466181114,0.33035536115948755,0.27934139746400755,0.3856014527138577,0.23563390811410379,0.0,0.18476697362574007,0.09226672520952155,0.4581734125149595,0.5213448446028387,0.30025445893179675,0.4026356958324698,0.4422553298689354,0.0,0.0,0.0,0.0,0.5395934711612189,0.5882074982203093,0.09750409999640673,0.0,0.0,0.0,0.09230285810824759,0.4813184765849314,0.5517788616247238,0.3299889334775169,0.0,0.07312094098374837,0.44768992416485776,0.508990186358204,0.42403192626281516,0.0,0.09398370628998362,0.03492582319148727,0.27771694774364014,0.27894736844054036,0.477846835804078,0.4836901107190521,0.0,0.3923036455486702,0.21537151375409733,0.16992923353119302,0.0,0.10985684166556144,0.3898624541854206,0.03983983725227911,0.1811081566051449,0.3971984848507454,0.09181369897341488,0.0,0.2375186414798469,0.032211914731100376,0.16179244657525488,0.3032045135376112,0.0,0.15751621001110233,0.0
0.0,0.7081159212762478,0.45910056134354965,0.0,0.32318126831649246,0.0,0.4497599342961896,0.44448639759217745,0.26267868410298206,0.07741804617674994,0.4712039846801537,0.17054426320513916,0.29968235023544837,0.26959199531725253,0.0,0.12585805486089857,0.15221062610875435,0.5072169868593401,0.32353751433696093,0.002612035097917289,0.0,0.09039254305218813,0.6751823932260576,0.0,0.42340194324459385,0.44427595338367104,0.318532886417268,0.0,0.32693401405812916,0.0,0.0,0.0,0.0211352790436841,0.0,0.0,0.14658556918215493,0.08146452234800279,0.0,0.0,0.0,0.0,0.007227070034240316,0.3262415503052308,0.061075313433631456,0.0956093413773124,0.0,0.5096703892614753,0.40348008286799797,0.07223664491996817,0.0,0.23428468295051505,0.1273247834282783,0.44017604542325095,0.0,0.11272856594560746,0.459165694981382,0.384785559106776,0.14159784726751343,0.09270857391591078,0.1217656803766634,0.0,0.16303835337777725,0.0,0.26016841010782743,0.0,0.0,0.04825767892484383,0.34555416420047197,0.0,0.2793928125603384,0.1451652264756791,0.27815511594268,0.0,0.0,0.0,0.0
0.0,0.28419750230180124,0.3730316672929163,0.24412982803716107,0.5444846954863037,0.4497599342961896,0.0,0.0,0.5428707305020999,0.12899569091244756,0.41710177166675233,0.0,0.43636046656174987,0.35413065401114985,0.012913738491956366,0.1908549503734817,0.0,0.21397116400735497,0.505932306183764,0.08409504949172887,0.25790202676411655,0.16067432848445665,0.2683926681198175,0.0,0.16588377733059706,0.14340182611823513,0.4492929928081743,0.3337280204952276,0.29928676689205064,0.1993214504820169,0.43016842625404283,0.0,0.0,0.09541070323853969,0.0,0.35658045409656897,0.4108404552336754,0.131426491118388,0.0,0.0,0.020573647429608752,0.22916959005640505,0.4177571898690622,0.33719262377805,0.258527521116085,0.0,0.20534385100365685,0.36809713491433144,0.5684196702698242,0.2547342283626746,0.0,0.44746876058344764,0.19878818509895405,0.0,0.29635424822959916,0.33926040209513053,0.30846316478121366,0.04585468916620818,0.19159511274259375,0.15293571319098193,0.16273612034186746,0.0,0.06653376151196214,0.456123331748924,0.0,0.19423296036068688,0.2193330099659039,0.1784495169367188,0.0,0.3318388779939045,0.08135848864105069,0.2827124673872096,0.0,0.0,0.0,0.0
0.0,0.2655448632237847,0.307511144670029,0.0,0.0,0.44448639759217745,0.0,0.0,0.0677937571436194,0.0,0.21843698421393806,0.49934466515422027,0.2690551824772341,0.0,0.0,0.0,0.19572705721050213,0.31107826030440644,0.016054243840208517,0.0,0.0,0.0,0.5629926552221169,0.5050952104481565,0.058483228122975635,0.38870252962019874,0.0,0.0,0.0,0.0,0.0,0.30170731118070937,0.4737626039576834,0.0,0.0,0.0,0.0,0.15840382081799478,0.20403239749930463,0.4291853289933115,0.0,0.0,0.16746867849824168,0.0,0.2510564960148973,0.0,0.21767459238486817,0.21689063181171928,0.0,0.0,0.0,0.0,0.5727383965955319,0.0,0.0,0.18850466047017259,0.2796766170178189,0.4350471268703242,0.09417216468552123,0.0,0.0,0.18205598136045503,0.008934898817602958,0.0,0.0,0.0,0.0,0.0,0.4174165505894394,0.0,0.12078758771413836,0.0,0.0,0.0,0.0,0.0
0.0,0.04454738703341583,0.6654657279868942,0.0,0.5796349805781555,0.26267868410298206,0.5428707305020999,0.0677937571436194,0.0,0.11166225142145246,0.5673120503574682,0.278480723176785,0.21879234932791192,0.2617468854740353,0.19817007393264374,0.0,0.0,0.0,0.5220663094576025,0.1489069206422055,0.16976497223610904,0.20474297802622357,0.40065572137172645,0.0,0.06116820725046975,0.16380034056123435,0.5250000670487184,0.16595179973312546,0.013029086258113833,0.3172784974089973,0.22733125821892142,0.0,0.0943187728175125,0.062481279893533734,0.0,0.2928099382020628,0.2702072234588641,0.21747503366760812,0.0,0.048155572292080256,0.035809594585254664,0.14090640003683857,0.3763821621279983,0.2543077751081639,0.34792785117105335,0.0,0.20344988751230028,0.562528216896744,0.3572839242652484,0.1895180784248951,0.0,0.20650485195384,0.13543077535948184,0.24280042622991108,0.21117576227610158,0.5424474635793883,0.35740323885409764,0.15593334672565945,0.14893490545923224,0.13931073959057408,0.2496779578935105,0.0,0.14711415897415697,0.39562040624392775,0.0,0.1135534243645581,0.31588847333082515,0.2243678880237571,0.0,0.32655276699771657,0.3025390465293243,0.17845639932687074,0.09771272664572356,0.0,0.0,0.14054028891294434
0.0366885614511819,0.17274925784505388,0.20377176723276352,0.0,0.2937668451491613,0.07741804617674994,0.12899569091244756,0.0,0.11166225142145246,0.0,0.10468215875941767,0.43850664248761406,0.0795421549714487,0.33766642048512924,0.1517918572642276,0.03537739752228243,0.2342012450644359,0.16765839743713268,0.07195160653759519,0.07024023415226233,0.0,0.18814780223457067,0.0,0.13434043725893033,0.6160643332275795,0.3203274157272863,0.20196701930713792,0.08627604959104249,0.04900880384111699,0.0,0.2631171392391577,0.0,0.0,0.0,0.05635671980863611,0.5227146036846245,0.3922488515598601,0.0003258196019907461,0.05359589335002072,0.0,0.0,0.0,0.26405487022305285,0.4440064493383019,0.1919668780992088,0.0,0.208321283123957,0.21115569797471187,0.36334756369702104,0.21087748380393143,0.0,0.12077769669742053,0.0,0.02167324446248328,0.579341294705128,0.23964990016942014,0.4635998612121539,0.0,0.026768662087781708,0.25032036078060504,0.0879043806470898,0.41840476011476085,0.22176949178796093,0.0,0.0,0.0903913137713677,0.20817819132224438,0.0,0.10831148043281015,0.38403224059552044,0.2874183796466759,0.0,0.23169897409003432,0.0,0.28630573340785337,0.0
0.0,0.17660849436463702,0.8208947234478372,0.025783134711275333,0.5094079035874656,0.4712039846801537,0.41710177166675233,0.21843698421393806,0.5673120503574682,0.10468215875941767,0.0,0.284913992422444,0.26926164396339186,0.38738855664486016,0.2065590063784329,0.0,0.0,0.026753035832439414,0.5411179343375233,0.0,0.027767114026530475,0.07294303077140883,0.593926556362094,0.0,0.01829205692648196,0.10310858596939736,0.4137269334986641,0.2592574140265143,0.0,0.1546645960610686,0.2205139183983902,0.0,0.0858352211370285,0.0,0.0,0.34664354705557854,0.2769738881485172,0.043363542605337584,0.0,0.0,0.0,0.14712666391370366,0.41684823151922334,0.24249374255437103,0.27182999492757626,0.0,0.22932725081970579,0.6659420885828433,0.3034245619481539,0.14373416925020094,0.0,0.16470923809510066,0.22161312992477183,0.0,0.16018344398218215,0.8159356224755191,0.5288934889419444,0.1554679228617003,0.19269180735544705,0.0,0.0,0.01364121112343217,0.0,0.48969964382305775,0.0,0.0,0.13100450740391828,0.2455899406162299,0.0,0.17403369900893,0.12364287469752058,0.14478021286205875,0.11000873385353493,0.0,0.0,0.0
0.0,0.10261662727419547,0.33915478512571456,0.0,0.2328922304844243,0.17054426320513916,0.0,0.49934466515422027,0.278480723176785,0.43850664248761406,0.284913992422444,0.0,0.2868867106092156,0.17189111290755094,0.0,0.0,0.0,0.10571872757888898,0.0,0.0,0.0,0.0,0.2403518803109371,0.572096305270035,0.22115303803744055,0.34341763580749346,0.0,0.0,0.0,0.0,0.0,0.28811394837221715,0.35517853547377265,0.0,0.0,0.17495281404005208,0.12432727693038152,0.2723982508369122,0.20473197719569847,0.40754100114139397,0.0,0.0,0.24595981804583014,0.17988811770996127,0.4829285530442259,0.0,0.1768522317470642,0.24645269809626164,0.0035811429811493417,0.0,0.0,0.0,0.1346451202339682,0.0,0.18969183511065554,0.25199146553330665,0.6799282839608553,0.34710502663442816,0.0718312863590239,0.0,0.0,0.24660213532690123,0.1906772786369191,0.0,0.0,0.0,0.0,0.0,0.4918172676155573,0.08790926498127513,0.24239822000580766,0.0,0.17186607587958075,0.0,0.2505238978585539,0.0
0.0,0.2538061415284876,0.18443243380146027,0.24415009116480826,0.2837655821135971,0.29968235023544837,0.43636046656174987,0.2690551824772341,0.21879234932791192,0.0795421549714487,0.26926164396339186,0.2868867106092156,0.0,0.2417146930682493,0.0,0.2673542673663843,0.23492335946860352,0.2546927906729316,0.2235171341953742,0.0,0.0,0.0,0.1500486647819687,0.06400989194391994,0.0,0.2839468970061784,0.0,0.3110921129469718,0.0671964749167762,0.08930937075603598,0.11425685760327534,0.0,0.030985314900586283,0.164862715218382,0.0,0.1994002730722582,0.20492592417972233,0.2515671608642827,0.0,0.0,0.13889281983231253,0.19916125839138502,0.2124919335914317,0.12663529515517064,0.2732623251156367,0.0,0.057304400375485356,0.19537135233065658,0.18423658550608066,0.10246842073757406,0.0,0.07983005706131487,0.06290756740623028,0.0,0.020963793213700146,0.11630155533997326,0.3590894364450906,0.27175702289012305,0.1460339811988997,0.0,0.0,0.0963602301843423,0.19824038534688912,0.29085065722675624,0.0,0.0,0.0,0.0,0.0,0.0,0.0,0.0,0.060548101646716763,0.0,0.0,0.0
0.0,0.11866135871660667,0.39034940076570646,0.29130245153086665,0.6295972299858509,0.26959199531725253,0.35413065401114985,0.0,0.2617468854740353,0.33766642048512924,0.38738855664486016,0.17189111290755094,0.2417146930682493,0.0,0.18453829488670576,0.05537019529104495,0.0,0.11736127493465065,0.3176420137134662,0.30223486348951367,0.2378093133736779,0.35776045632177256,0.1471526818550294,0.0,0.18692205353698252,0.04501118416323873,0.2609303014814237,0.522623275190736,0.29542400777389805,0.2842606605117939,0.5123375478294176,0.0,0.0,0.00425693340996268,0.0,0.7999949083365249,0.6845381356027984,0.03245614943335203,0.0,0.0,0.0,0.10206431872072613,0.6200976308513617,0.6331111961893932,0.260838927378907,0.0,0.0,0.37698113405479217,0.5516659059683002,0.3922001712931741,0.0,0.04949650289774333,0.0,0.03654409722993249,0.22600834993625657,0.40838307966141235,0.5675476795589439,0.0,0.4718782928947173,0.16924930426106632,0.07295466397294272,0.0,0.05589216070664062,0.37688271745277524,0.10928814988425205,0.1621461039867375,0.37209248285672636,0.031246668058538755,0.0,0.1714528520173486,0.0,0.00945165871264027,0.36104199334268317,0.0,0.1929671749544894,0.0
0.005096748469597317,0.0,0.2674843707666728,0.0,0.10154943236145672,0.0,0.012913738491956366,0.0,0.19817007393264374,0.1517918572642276,0.2065590063784329,0.0,0.0,0.18453829488670576,0.0,0.0,0.0,0.0,0.11442099451560274,0.2830910173050398,0.3835927605819452,0.3792521869556969,0.07053912097793259,0.0,0.011814727405683232,0.0,0.44814222080258254,0.16706588336958517,0.12102813787193073,0.010489614641810491,0.2166316484871251,0.0,0.0,0.012469073494863234,0.0,0.308383406704472,0.2576339134124648,0.0,0.0,0.0,0.0,0.0,0.1476320482007,0.3123136346767841,0.058800461931484235,0.0,0.10641162374735612,0.22739696175587612,0.21092897441233402,0.11590251015894089,0.0,0.14951200561406575,0.0,0.22101236285827244,0.2921636128283872,0.20671833830743674,0.08586241718148306,0.0,0.08254190838382257,0.4608351679025197,0.09028682066927878,0.0,0.0,0.06551059188892132,0.31519879746907514,0.31649099466937103,0.48260245343770203,0.2875443090843862,0.0,0.18689708908058222,0.090306383266219,0.2915987809519821,0.25814647754692566,0.16256414633128446,0.17311860747508714,0.23325658425275725
0.2547633841593753,0.4022045290520551,0.055823332819992154,0.0,0.06551588514831676,0.12585805486089857,0.1908549503734817,0.0,0.0,0.03537739752228243,0.0,0.0,0.2673542673663843,0.05537019529104495,0.0,0.0,0.3431953877244328,0.6039926196805651,0.09873962977860418,0.12426199481468461,0.05265393655460096,0.16526591162089638,0.019496582843084018,0.0,0.293923864023997,0.27843705977943517,0.0,0.0740576643284924,0.3310304256136195,0.0,0.1144074733179111,0.0,0.07368118377441267,0.08889747408092669,0.08588366894192728,0.0,0.0,0.007042799214142737,0.0,0.0,0.15027802140319768,0.0396761283068751,0.0,0.0,0.0,0.12573007024254618,0.01257953076771084,0.007551797632097287,0.0,0.05606672711193743,0.04940993816505019,0.10973624006793013,0.0,0.00312085077500604,0.041603046426826086,0.0,0.0,0.09054263225506136,0.0,0.024874642879247982,0.3238991601497383,0.12609122516759294,0.2319034865369076,0.09513959700352446,0.0,0.06268474724822452,0.0,0.0,0.0,0.03047679779451896,0.050434206990939624,0.0,0.0,0.07135065819076816,0.0,0.04477145522803601
0.12495106892367451,0.44454893438876886,0.0,0.0,0.0,0.15221062610875435,0.0,0.19572705721050213,0.0,0.2342012450644359,0.0,0.0,0.23492335946860352,0.0,0.0,0.3431953877244328,0.0,0.4414568833619785,0.0,0.0,0.0,0.0,0.0,0.35283788890133483,0.3520853613716314,0.4923141474289632,0.0,0.0,0.02662916453071509,0.0,0.0,0.11670445996457496,0.25741311335954015,0.0316094122988656,0.0643402372023899,0.0,0.0,0.0,0.12244302605137997,0.17566221925190187,0.14649853784490244,0.0,0.0,0.0,0.0,0.025531007477837656,0.25420100477221635,0.0,0.0,0.0,0.1597572217687748,0.004159683157006061,0.008354805812880162,0.0,0.13546596024747393,0.0,0.0,0.2661664767990918,0.0,0.0,0.04724262894483025,0.5581756930682074,0.3198599686735727,0.0,0.0,0.0,0.0,0.0,0.24474171583535795,0.11037573943250946,0.26234135531554403,0.0,0.0,0.0,0.0,0.11938634106647754
0.03596850610570193,0.6302457948062932,0.1425632407569766,0.0,0.15607800086755463,0.5072169868593401,0.21397116400735497,0.31107826030440644,0.0,0.16765839743713268,0.026753035832439414,0.10571872757888898,0.2546927906729316,0.11736127493465065,0.0,0.6039926196805651,0.4414568833619785,0.0,0.057249071490548635,0.016530956676937332,0.0,0.16960688449065223,0.1542747583317118,0.09399964758635967,0.5132125917206216,0.5371633653509669,0.0,0.0,0.2443380733210733,0.0,0.0,0.12663170369763235,0.23033798443624362,0.0,0.0,0.0,0.0,0.0,0.07369637987393969,0.16893580653174756,0.05381265522543057,0.0,0.18098092956042897,0.0,0.08633408725868376,0.0,0.17100574608166802,0.007243355676373811,0.0,0.0,0.0389501820043496,0.0492456283610591,0.2563779407760195,0.0,0.10733530923978696,0.04721908710321809,0.03474522033635042,0.1337222726031215,0.03467429939082888,0.07176495426440746,0.0942012934766248,0.35708958904337385,0.19565203049850344,0.0,0.0,0.0,0.0,0.0,0.14137352164912134,0.17171891877921452,0.11744962438190183,0.0,0.0,0.0,0.05404173840530419,0.0
0.0,0.054133710127336594,0.6749839649503492,0.137383678293918,0.40129876466181114,0.32353751433696093,0.505932306183764,0.016054243840208517,0.5220663094576025,0.07195160653759519,0.5411179343375233,0.0,0.2235171341953742,0.3176420137134662,0.11442099451560274,0.09873962977860418,0.0,0.057249071490548635,0.0,0.19336913750624676,0.33301569146305715,0.17159852013782997,0.3629386308814682,0.0,0.0,0.0,0.33832138674761353,0.38527115724018185,0.23439956004846305,0.3296255013057868,0.44593181530199716,0.0,0.0,0.03666866408588166,0.0,0.34206893054908566,0.33367615986809224,0.08015837991923275,0.0,0.0,0.0,0.2883085499722484,0.3432529835206584,0.2628770457729975,0.23233420797042484,0.0,0.10790663742956579,0.6525434774022243,0.49593437466071205,0.14956537183817747,0.0,0.18730659737336908,0.16835126726090308,0.11876917830203788,0.10324953613205587,0.6323740111131788,0.37410017377550076,0.0,0.10392933519822754,0.07049804274162826,0.08383276897112088,0.0,0.0,0.8628248927223935,0.0,0.3501730623563902,0.23178004579976186,0.21625846483557992,0.0,0.17495077861440345,0.0,0.11577745796248019,0.05168060995964842,0.0,0.0,0.0
0.2270480038676724,0.09929429324902692,0.1262333745632801,0.026719588518705463,0.33035536115948755,0.002612035097917289,0.08409504949172887,0.0,0.1489069206422055,0.07024023415226233,0.0,0.0,0.0,0.30223486348951367,0.2830910173050398,0.12426199481468461,0.0,0.016530956676937332,0.19336913750624676,0.0,0.4910550585807561,0.86278850973376,0.0,0.0,0.13557835463036158,0.023769204019196105,0.44538478537585113,0.4464499162212227,0.6470125876734772,0.35661221249212033,0.31646582539578355,0.0,0.0,0.13690062148823942,0.0,0.28672864161633,0.2760366788336304,0.12417593900713501,0.008820122786267221,0.0,0.07588757773131212,0.0,0.17513825476071473,0.38557209361122874,0.07685680887036764,0.09304893133848696,0.04538176445495455,0.19194695826641947,0.139802223795032,0.17350915035873468,0.0,0.0,0.0,0.49666195320836076,0.23213977580874975,0.06947869061589083,0.0,0.0,0.0956330962516187,0.3631528646078253,0.41130003647252245,0.0,0.22123087098809183,0.14064829862667844,0.7374156248019397,0.37780570999703444,0.7787672749761686,0.059062799768195874,0.0,0.26702419685778483,0.11468984186629079,0.2749769507127909,0.3992135404996975,0.5218291182606524,0.3897388540351229,0.22972989183828704
0.11139012885564248,0.0,0.03901621226305986,0.08123272600841715,0.27934139746400755,0.0,0.25790202676411655,0.0,0.16976497223610904,0.0,0.027767114026530475,0.0,0.0,0.2378093133736779,0.3835927605819452,0.05265393655460096,0.0,0.0,0.33301569146305715,0.4910550585807561,0.0,0.4189934466688773,0.0,0.0,0.0,0.0,0.36380560725955213,0.4262236347527512,0.44351682318844643,0.34133423114964384,0.5362403758162779,0.0,0.0,0.1521769897497738,0.060310650344708665,0.1778160791369693,0.19279982479703497,0.0,0.0,0.0,0.013337971362357088,0.13274005080515547,0.1048546687956946,0.23797286066130027,0.0,0.026589556995320594,0.0,0.05400998579221883,0.29700491656756234,0.3900620305022553,0.0,0.22393859980229064,0.0,0.3159759169753891,0.09533672254274089,0.10764054912275525,0.0,0.0,0.15371672233957795,0.4278347842383575,0.19869980718396504,0.0,0.0,0.34183637542723966,0.25963352055933403,0.7397616486290122,0.4544541000256903,0.2688940462689421,0.0,0.04775163893348783,0.0,0.29339572871407654,0.1332180272038182,0.37187398425436247,0.11017975217523436,0.1474218352237238
0.3090770644550839,0.22190383186734883,0.24091227448404112,0.0,0.3856014527138577,0.09039254305218813,0.16067432848445665,0.0,0.20474297802622357,0.18814780223457067,0.07294303077140883,0.0,0.0,0.35776045632177256,0.3792521869556969,0.16526591162089638,0.0,0.16960688449065223,0.17159852013782997,0.86278850973376,0.4189934466688773,0.0,0.0,0.0,0.2459135637405596,0.18852278793906369,0.5637575092693593,0.3839495719460819,0.555668956769236,0.25482633007194866,0.2734363779191792,0.06001102813464194,0.0,0.11908714333189045,0.0,0.2940115152689788,0.27723882326094823,0.08541975193615238,0.046090494114240994,0.0,0.014454217174488243,0.0,0.2727658851041872,0.39870753030280054,0.12988061058109907,0.09411080664503994,0.10336465515792252,0.23470601555769488,0.21182132876921417,0.12835807336834434,0.0,0.0,0.0,0.3435482031576686,0.2666101557018768,0.21449134744040468,0.06603340116003123,0.0,0.14237018471247093,0.3281538604332721,0.37407100074555627,0.12109006663101975,0.3282570959008167,0.02484158493779268,0.6174446209975474,0.24018508208063633,0.8079202454697776,0.04128403496575547,0.0,0.31508392047915246,0.2039347402503955,0.3369108913415439,0.4305158436015359,0.3290240680573263,0.3764433184697917,0.17635185594883582
0.0,0.3395884835321833,0.598091069472742,0.0,0.23563390811410379,0.6751823932260576,0.2683926681198175,0.5629926552221169,0.40065572137172645,0.0,0.593926556362094,0.2403518803109371,0.1500486647819687,0.1471526818550294,0.07053912097793259,0.019496582843084018,0.0,0.1542747583317118,0.3629386308814682,0.0,0.0,0.0,0.0,0.0,0.10375673843253078,0.1763726286926989,0.27196260345155454,0.0,0.0,0.0,0.0,0.0,0.1643935747648606,0.0,0.0,0.04256116397384411,0.02451689193928666,0.0160045705594165,0.0,0.08152414794933771,0.0,0.11917242383367338,0.26085492601227794,0.0,0.14181347098784838,0.0,0.32965509910977575,0.5393690274201969,0.08469199828747768,0.0,0.026779763996567476,0.04555517399939396,0.5063093221290333,0.0,0.0,0.499887254846579,0.3189355041711198,0.21104366477219877,0.027597700074290108,0.039604656280904864,0.0,0.0,0.0,0.29091839563809424,0.0,0.0,0.0,0.6070087208763875,0.0,0.06420443401884246,0.07876911652758832,0.0677467634972341,0.0,0.0,0.0,0.0
0.26672563820678247,0.06527242988106303,0.0,0.0,0.0,0.0,0.0,0.5050952104481565,0.0,0.13434043725893033,0.0,0.572096305270035,0.06400989194391994,0.0,0.0,0.0,0.35283788890133483,0.09399964758635967,0.0,0.0,0.0,0.0,0.0,0.0,0.13701278994008478,0.4053948666566319,0.0,0.0,0.0,0.0,0.0,0.5899118021251203,0.5595882528088252,0.0,0.0,0.0,0.0,0.25409249199583045,0.5443141088362587,0.6723836081097735,0.11899683505281017,0.0,0.0,0.0,0.18707300950831432,0.1907006393767131,0.15495360259218677,0.0,0.0,0.0,0.0,0.0,0.019357430405680474,0.0,0.0,0.0,0.038996179627447496,0.48680446737069194,0.0,0.0,0.0,0.46200950250399,0.33122848929888804,0.0,0.05115575598342888,0.0,0.0,0.0,0.85081175036575,0.0,0.332726763229545,0.0,0.17695403535571852,0.0,0.24551554001616752,0.13657974613961513
0.07026688515535263,0.6997898174950485,0.17223553048721454,0.0,0.18476697362574007,0.42340194324459385,0.16588377733059706,0.058483228122975635,0.06116820725046975,0.6160643332275795,0.01829205692648196,0.22115303803744055,0.0,0.18692205353698252,0.011814727405683232,0.293923864023997,0.3520853613716314,0.5132125917206216,0.0,0.13557835463036158,0.0,0.2459135637405596,0.10375673843253078,0.13701278994008478,0.0,0.6648294168307675,0.22914469274089147,0.0,0.29872828620131703,0.0,0.0,0.06999808389356774,0.11181181174721178,0.0,0.0,0.18762869911117916,0.1068584433519069,0.056309383270802045,0.182111682261901,0.09740669477476363,0.029768902194708586,0.0,0.13800409285597315,0.20829163536013165,0.08535854761361214,0.0,0.45197238893637837,0.1430289050159155,0.03208485043995717,0.0,0.0,0.0013935160534911046,0.0,0.0,0.46124318910362044,0.11850243056784909,0.1478102671355625,0.0018379413838599426,0.0,0.2769005847585754,0.2457820348605233,0.44356705649980716,0.2500963076548452,0.0,0.0069974879996022215,0.0,0.20307947404683244,0.0,0.1626455432311682,0.4830745234164472,0.4472650696484396,0.12845117841665704,0.08421282216128705,0.028467784336000078,0.1679755456670544,0.021923471262740794
0.11110719388606706,0.7392154426270839,0.28743622708883165,0.0,0.09226672520952155,0.44427595338367104,0.14340182611823513,0.38870252962019874,0.16380034056123435,0.3203274157272863,0.10310858596939736,0.34341763580749346,0.2839468970061784,0.04501118416323873,0.0,0.27843705977943517,0.4923141474289632,0.5371633653509669,0.0,0.023769204019196105,0.0,0.18852278793906369,0.1763726286926989,0.4053948666566319,0.6648294168307675,0.0,0.0017234350236415407,0.0,0.06830465253859318,0.0,0.0,0.21043776113110538,0.34802350200351473,0.0,0.0,0.0,0.0,0.21236601050258863,0.23499733320697128,0.3523787957999272,0.18006846810586954,0.0,0.18132870379270602,0.020341798203806237,0.22479523596291062,0.0,0.5589315810436657,0.17778234458192782,0.0,0.0,0.0,0.0,0.19279160683490942,0.0,0.27026923903270816,0.15814231819838592,0.1422163491070198,0.3491663131871964,0.012624488552126946,0.17090060981022345,0.1647583747755793,0.5568353460897861,0.40325074426865704,0.0,0.0,0.0,0.10864373348129187,0.0,0.39472317887807096,0.3940863688074026,0.6693627548481732,0.0,0.09207649384444216,0.0,0.0,0.08560132423215502
0.0,0.20648513572326865,0.4419938550503783,0.0,0.4581734125149595,0.318532886417268,0.4492929928081743,0.0,0.5250000670487184,0.20196701930713792,0.4137269334986641,0.0,0.0,0.2609303014814237,0.44814222080258254,0.0,0.0,0.0,0.33832138674761353,0.44538478537585113,0.36380560725955213,0.5637575092693593,0.27196260345155454,0.0,0.22914469274089147,0.0017234350236415407,0.0,0.26789795538618916,0.46811592867872454,0.18590473359883986,0.30989582138180427,0.0,0.0,0.0,0.0,0.3564314403851679,0.2952103069212125,0.0,0.0,0.0,0.0,0.042354171355274486,0.28314200681150903,0.3182591858005527,0.00987196542080101,0.0,0.31619666086781917,0.4374968525915524,0.4040440124501257,0.2731395375535014,0.0,0.30696240866060764,0.0,0.324102513437216,0.4240169926626302,0.458368217709661,0.14318185797692598,0.0,0.005889003357873353,0.3047216075586504,0.3301649403444348,0.06506592210111345,0.11763951150276444,0.23522382782600834,0.08406535352104987,0.3218017850608112,0.6169476420420911,0.4374012176711804,0.0,0.4605063427805258,0.25146509687654484,0.708367102561862,0.13054225835300934,0.18595691408881218,0.09613825557955426,0.033912506131275916
0.0,0.0,0.21450178031659287,0.40024219035744996,0.5213448446028387,0.0,0.3337280204952276,0.0,0.16595179973312546,0.08627604959104249,0.2592574140265143,0.0,0.3110921129469718,0.522623275190736,0.16706588336958517,0.0740576643284924,0.0,0.0,0.38527115724018185,0.4464499162212227,0.4262236347527512,0.3839495719460819,0.0,0.0,0.0,0.0,0.26789795538618916,0.0,0.41727786575037024,0.5160349668079375,0.5841261278369366,0.0,0.0,0.07621592581571095,0.0,0.519019950050804,0.5528396239889808,0.0,0.0,0.0,0.0,0.2337034309499092,0.3107816388846369,0.4898979100373166,0.11881607724894525,0.0,0.0,0.27553167427005754,0.5252983230197414,0.5635952034900455,0.0,0.12325792333233622,0.0,0.32862897622153076,0.12693789951590848,0.2323249185170356,0.251273647583174,0.0,0.32537550759582107,0.20494891520741637,0.12910677602463574,0.0,0.03695246326394106,0.5094590413804242,0.17410215910330176,0.3906644629349292,0.4197334716697284,0.0,0.0,0.010147341633357407,0.0,0.05477261670122548,0.45741983916793244,0.23907036313928418,0.20636683299090525,0.0
0.07608825047727255,0.40606426579407384,0.03931652742343945,0.1353771284755939,0.30025445893179675,0.32693401405812916,0.29928676689205064,0.0,0.013029086258113833,0.04900880384111699,0.0,0.0,0.0671964749167762,0.29542400777389805,0.12102813787193073,0.3310304256136195,0.02662916453071509,0.2443380733210733,0.23439956004846305,0.6470125876734772,0.44351682318844643,0.555668956769236,0.0,0.0,0.29872828620131703,0.06830465253859318,0.46811592867872454,0.41727786575037024,0.0,0.1396097636878694,0.329281283436137,0.0,0.0,0.06182756061137485,0.0,0.270809386828677,0.17814236936079603,0.0,0.0,0.0,0.059465621863317684,0.0,0.12257684811123853,0.27190083617909055,0.0,0.0,0.11673775807833685,0.1426005145736547,0.1932386003657452,0.20781533119959303,0.16764745523966773,0.023757150098675097,0.0,0.2363642157167136,0.14294415136059932,0.06667258119522304,0.0,0.0,0.00992651500652972,0.35255687102741384,0.4092961073801832,0.0,0.13945953355173657,0.2550149669596562,0.32031385106380905,0.37928657517124675,0.5272001698727504,0.14764463823100907,0.0,0.2743414490489345,0.03105855172596443,0.42025218560741656,0.15513181314707225,0.6117309870958898,0.074929478825236,0.028175600689595744
0.0,0.0,0.15763100071112124,0.19717706804779359,0.4026356958324698,0.0,0.1993214504820169,0.0,0.3172784974089973,0.0,0.1546645960610686,0.0,0.08930937075603598,0.2842606605117939,0.010489614641810491,0.0,0.0,0.0,0.3296255013057868,0.35661221249212033,0.34133423114964384,0.25482633007194866,0.0,0.0,0.0,0.0,0.18590473359883986,0.5160349668079375,0.1396097636878694,0.0,0.3944889710638654,0.0,0.0,0.19848173627687238,0.0,0.206474281975085,0.32355228336320446,0.03556879977417177,0.0,0.0,0.007698721311151681,0.2759493522263779,0.22362142025357928,0.3027496725209678,0.13514282409857373,0.0,0.0,0.18064348206959924,0.25012441174998123,0.39890389499227413,0.0,0.0072338035317391905,0.0,0.3834354975198958,0.059450671034060404,0.1802712935263431,0.12247329392398842,0.0,0.24437074774451076,0.07640790616472233,0.19748502101545262,0.0,0.0700016605424566,0.3544241851223063,0.2547187822714869,0.3386019851949757,0.37928253187080163,0.0,0.0,0.01348087802426139,0.0,0.10355645376951864,0.25994735707925953,0.06631053256362046,0.4048578174435596,0.10252025743685064
0.0,0.0,0.170413316668523,0.3335003963566856,0.4422553298689354,0.0,0.43016842625404283,0.0,0.22733125821892142,0.2631171392391577,0.2205139183983902,0.0,0.11425685760327534,0.5123375478294176,0.2166316484871251,0.1144074733179111,0.0,0.0,0.44593181530199716,0.31646582539578355,0.5362403758162779,0.2734363779191792,0.0,0.0,0.0,0.0,0.30989582138180427,0.5841261278369366,0.329281283436137,0.3944889710638654,0.0,0.0,0.0,0.19271166470581463,0.12353378725596467,0.5826236811705132,0.6074879187996526,0.009787863537286452,0.0,0.0,0.0,0.37778370939002365,0.34485453838444197,0.4980235258813171,0.0850213961351146,0.0,0.0,0.21907902343535496,0.6224314966711704,0.5752982164729893,0.0,0.25637810610520134,0.0,0.23868287613444608,0.24380351062882089,0.24252351581667075,0.23764913102148716,0.0,0.1888293411103136,0.23346591704745182,0.21595913550430706,0.0,0.016798097414868825,0.5177234423717629,0.032444686761016035,0.5614284989093995,0.33325358322631116,0.06976912320039015,0.0,0.10766401908487776,0.0,0.07295763587017857,0.21493376448803173,0.19259125950549058,0.14816584107561234,0.023669092383440657
0.21605391404333735,0.01861753853499947,0.0,0.0,0.0,0.0,0.0,0.30170731118070937,0.0,0.0,0.0,0.28811394837221715,0.0,0.0,0.0,0.0,0.11670445996457496,0.12663170369763235,0.0,0.0,0.0,0.06001102813464194,0.0,0.5899118021251203,0.06999808389356774,0.21043776113110538,0.0,0.0,0.0,0.0,0.0,0.0,0.4246591143486728,0.12057007957833728,0.0,0.0,0.0,0.15289977856534323,0.7629558990213593,0.5224272458300333,0.17123028240106583,0.0,0.07607901134144633,0.0,0.22280931615183222,0.2397776073162735,0.0,0.0,0.0,0.0,0.0,0.0,0.0,0.0,0.0,0.0,0.0,0.14326039638506047,0.04282774900215991,0.0,0.0,0.24887423634686445,0.1724537957727973,0.0,0.28438657070359896,0.0,0.0,0.0,0.5642721757798111,0.0,0.04585030027752326,0.0,0.24631175424318003,0.0,0.2867042577239327,0.141381757417715
0.13630780460324624,0.13750055824845797,0.2204367480162468,0.0,0.0,0.0211352790436841,0.0,0.4737626039576834,0.0943187728175125,0.0,0.0858352211370285,0.35517853547377265,0.030985314900586283,0.0,0.0,0.07368118377441267,0.25741311335954015,0.23033798443624362,0.0,0.0,0.0,0.0,0.1643935747648606,0.5595882528088252,0.11181181174721178,0.34802350200351473,0.0,0.0,0.0,0.0,0.0,0.4246591143486728,0.0,0.0,0.029747034122499218,0.0,0.0,0.33457882363416647,0.3593684104914958,0.8085681032926088,0.15188856397578093,0.0,0.028054726981592063,0.0,0.2945411465854141,0.04807402559887732,0.06668208008835567,0.06904011096811902,0.0,0.0,0.0,0.0,0.18320926808958699,0.0,0.0,0.0,0.0,0.4353125180606027,0.0,0.0,0.0,0.2417333283126845,0.18550991910420755,0.0,0.0,0.0,0.0,0.0,0.4723313584484088,0.0,0.2343030544003497,0.0,0.06742639240790976,0.0,0.0,0.06233397148976408
0.1166097742226002,0.0,0.0,0.019145997723612033,0.0,0.0,0.09541070323853969,0.0,0.062481279893533734,0.0,0.0,0.0,0.164862715218382,0.00425693340996268,0.012469073494863234,0.08889747408092669,0.0316094122988656,0.0,0.03666866408588166,0.13690062148823942,0.1521769897497738,0.11908714333189045,0.0,0.0,0.0,0.0,0.0,0.07621592581571095,0.06182756061137485,0.19848173627687238,0.19271166470581463,0.12057007957833728,0.0,0.0,0.08003745402285659,0.00868613564848875,0.05591975117462426,0.18972784018119854,0.14519603365035294,0.0,0.5234774660790539,0.09101900719074697,0.03936483550371233,0.1314139037215198,0.10114015913407214,0.0,0.0,0.0,0.05670191508016446,0.016085081300463218,0.0,0.02277819461520853,0.0,0.0,0.0,0.0,0.0,0.0,0.050939181091237636,0.023502213234063454,0.13010895075477358,0.0,0.11066324010630796,0.07939503697247133,0.05509401942853877,0.10047684806943356,0.13475455837338152,0.0,0.0,0.0,0.0,0.0,0.03637274020326306,0.07242374594881851,0.058323093552223024,0.25518879879932227
0.12144723565441334,0.0,0.0,0.04791489355146567,0.0,0.0,0.0,0.0,0.0,0.05635671980863611,0.0,0.0,0.0,0.0,0.0,0.08588366894192728,0.0643402372023899,0.0,0.0,0.0,0.060310650344708665,0.0,0.0,0.0,0.0,0.0,0.0,0.0,0.0,0.0,0.12353378725596467,0.0,0.029747034122499218,0.08003745402285659,0.0,0.0,0.0,0.0,0.0,0.0,0.0,0.19033899295781848,0.0,0.0,0.0,0.12696469730153429,0.0,0.0,0.05408371651006642,0.18037119401203092,0.011211876777172307,0.12399702013731276,0.0,0.0,0.0,0.0,0.0,0.0,0.0,0.0,0.0,0.0,0.0,0.007576272955593433,0.0,0.1352679411145222,0.0,0.0,0.0,0.0,0.0,0.0,0.0,0.009587012957051163,0.0,0.0
0.0,0.013620386577405807,0.36058338415115904,0.34092171259246556,0.5395934711612189,0.14658556918215493,0.35658045409656897,0.0,0.2928099382020628,0.5227146036846245,0.34664354705557854,0.17495281404005208,0.1994002730722582,0.7999949083365249,0.308383406704472,0.0,0.0,0.0,0.34206893054908566,0.28672864161633,0.1778160791369693,0.2940115152689788,0.04256116397384411,0.0,0.18762869911117916,0.0,0.3564314403851679,0.519019950050804,0.270809386828677,0.206474281975085,0.5826236811705132,0.0,0.0,0.00868613564848875,0.0,0.0,0.8152789918752602,0.11580343195189423,0.0,0.0,0.0,0.11097513463347827,0.5987942010477799,0.6987283439463948,0.3234117309247484,0.0,0.02685830393199153,0.39636945437338134,0.6664533614234219,0.39031398576121684,0.0,0.03118289870465724,0.0,0.0721310671528435,0.33600719295714393,0.37602548588070156,0.5454890242292308,0.0,0.2508097530368224,0.1488201915409939,0.05988007246970291,0.007167458030148256,0.020448209689909787,0.39453422097332946,0.07438656998217286,0.22451067853680767,0.36667294549553026,0.07995446263739672,0.0,0.2144871425207143,0.0,0.043205460091788585,0.3165929999870299,0.04441913167629017,0.1961817287633917,0.0
0.0,0.0,0.2901858288037653,0.3540985722880042,0.5882074982203093,0.08146452234800279,0.4108404552336754,0.0,0.2702072234588641,0.3922488515598601,0.2769738881485172,0.12432727693038152,0.20492592417972233,0.6845381356027984,0.2576339134124648,0.0,0.0,0.0,0.33367615986809224,0.2760366788336304,0.19279982479703497,0.27723882326094823,0.02451689193928666,0.0,0.1068584433519069,0.0,0.2952103069212125,0.5528396239889808,0.17814236936079603,0.32355228336320446,0.6074879187996526,0.0,0.0,0.05591975117462426,0.0,0.8152789918752602,0.0,0.08311874782714475,0.0,0.0,0.0,0.23330831428091817,0.5798629367820144,0.7165116773581974,0.27832744138721605,0.0,0.022020387882957546,0.3053278235668232,0.6884400815685149,0.46496605159978177,0.0,0.13855714933779306,0.0,0.15954407089673944,0.35786035196349814,0.2724958091797367,0.48438024304458466,0.0,0.3213850843306156,0.21519778878840887,0.11880358399591467,0.008904783636211363,0.05390225083508931,0.3802350425493072,0.04801132034366659,0.22484215281393768,0.35413663735399836,0.08704246515419618,0.0,0.22215369368919613,0.0,0.03742466344214687,0.3433293417404491,0.036105367648590805,0.2570794085701713,0.0
0.07740146029853229,0.023320467880022604,0.15374491020794362,0.0,0.09750409999640673,0.0,0.131426491118388,0.15840382081799478,0.21747503366760812,0.0003258196019907461,0.043363542605337584,0.2723982508369122,0.2515671608642827,0.03245614943335203,0.0,0.007042799214142737,0.0,0.0,0.08015837991923275,0.12417593900713501,0.0,0.08541975193615238,0.0160045705594165,0.25409249199583045,0.056309383270802045,0.21236601050258863,0.0,0.0,0.0,0.03556879977417177,0.009787863537286452,0.15289977856534323,0.33457882363416647,0.18972784018119854,0.0,0.11580343195189423,0.08311874782714475,0.0,0.20680881120333833,0.2721169015435612,0.20428321315485115,0.0,0.1425695457456027,0.14893403710347825,0.3969713196897116,0.0,0.11387073281712282,0.135169791852136,0.03784493281347843,0.0,0.0,0.0,0.0,0.0,0.040397521970133236,0.0,0.17421207795886573,0.2639465127465468,0.010591062270934907,0.0,0.19467885433347504,0.07366776441864381,0.29876572550216,0.006121078282167543,0.027083051061916285,0.0,0.11323170077683303,0.0,0.17933941156995986,0.11505894140212548,0.2791277836049904,0.0,0.18338238851733418,0.0,0.08107519880674088,0.23630639659865857
