0.0,0.0,0.2595215706567444,0.0,0.0,0.0,0.16468822707769623,0.10541688514423805,0.22068602428051465,0.3310460805391572,0.12566178114632537,0.03667820797195605,0.0,0.19164444646299353,0.44803917021819684,0.47784306259500653,0.1458613065162272,0.07284586030191621,0.26758410106497343,0.2458311630383833,0.2911850412445677,0.4861052628986568,0.3845752684839701,0.55251106670119,0.0,0.2866961828088447,0.38952965533375766,0.0,0.18490817630634612,0.253201308938399,0.4836201689639347,0.5482058866203723,0.4106800576879599,0.26931325194150935,0.21098962743256477,0.0,0.05530211786312264,0.4314830732218396,0.5658059529321154,0.4312641528917796,0.4138594527606614,0.3790773887697793,0.35080477289822026,0.4024677222586926,0.5690978835073524,0.7437993182616802,0.21867925948448805,0.34834542903637394,0.0,0.22573807124418427,0.0,0.31762033301236015,0.1451178374663835,0.41164230994583656,0.5591013013256024,0.47866982387215085,0.21603752474458277,0.3556075397457824,0.0,0.42567377939449014,0.2586751430276793,0.44146521124812155,0.26888674596566126,0.3539000746080318,0.0,0.5139263030695993,0.3819373389286733,0.2846354873237725,0.42361635936013997,0.4804893830241264,0.4857031602896153,0.009590272412238175,0.13919494086360415,0.11898966837364779,0.4672165811022004,0.4399688828184574
0.0,0.0,0.0,0.009064744726013275,0.0,0.7619214485364687,0.0,0.18233374863058874,0.0,0.3711644805230539,0.0,0.7282260850329622,0.0,0.0,0.08815406647209492,0.4217916714949774,0.6400517390604498,0.8086531500301093,0.0,0.38384291725405817,0.361330343293682,0.33255964801625515,0.0,0.3448154617814624,0.8831655059199717,0.8868811877231841,0.0,0.0,0.4139458703550505,0.0,0.30582028016794705,0.0,0.38446892798157306,0.22427569903394143,0.0,0.0,0.03919896475404268,0.0,0.0,0.48302551513715863,0.10630748957634001,0.01628275940079698,0.0,0.19428530163862195,0.0,0.1546263204088438,0.8367361883182722,0.0,0.026489935760654153,0.0,0.6656463921071789,0.0,0.30468078248556707,0.0,0.0,0.0,0.2336320465654248,0.17568344819545667,0.0,0.23504417100170663,0.37286416924802274,0.05446870555214383,0.2882260413047472,0.0,0.4196998071442466,0.1525097515031753,0.32832069266945585,0.0,0.42976780040353557,0.4741480203696953,0.5758857962500252,0.14978260802695983,0.3433816327767368,0.47983687561854316,0.0,0.1877337569021925
0.2595215706567444,0.0,0.0,0.0,0.25829323437355584,0.0,0.35008433273090506,0.2329554379676915,0.6341595387904025,0.019776929400845317,0.7202959867768027,0.0,0.30055940568810297,0.30944980239974335,0.6183929249416467,0.0,0.0,0.0,0.7384758243075248,0.4155828106506759,0.0,0.4326068355602379,0.8478210786517267,0.06452395018580007,0.0,0.0,0.5210397870063594,0.25050436147732996,0.11166309626927053,0.5403214915559835,0.042345915612757745,0.247633900135357,0.0,0.0,0.16863487097607188,0.18676212491690514,0.0,0.24638045029748612,0.18357113527991037,0.0,0.0,0.0,0.3273438876620686,0.0,0.4339239290445401,0.07754035225851448,0.0,0.8950555660110762,0.0,0.516490733098716,0.0,0.4027660155685749,0.2681278671889216,0.727399663221423,0.48181245261467265,0.7943288673634336,0.2974705444304721,0.37912475411290797,0.0,0.5444236309934555,0.0,0.4704822609773194,0.10464472145026249,0.626855066453817,0.14907279473470875,0.2336727052114626,0.3437747736641309,0.717861631981575,0.0,0.05386562301112536,0.16564567944969769,0.07627402667538898,0.056503820015296746,0.0,0.43627974511049505,0.07568336116728015
0.0,0.009064744726013275,0.0,0.0,0.22222924329680246,0.06702608571437954,0.16376756230391165,0.0,0.0,0.0,0.0,0.0,0.3377125867268352,0.0,0.0,0.0,0.0,0.0,0.0,0.0,0.0,0.0,0.0,0.0,0.0,0.0,0.0,0.24835627956476447,0.0,0.0,0.0,0.0,0.0,0.0,0.05312004440874135,0.18514036809225362,0.0,0.0,0.0,0.0,0.0,0.0,0.0,0.0,0.0,0.0,0.0,0.0,0.664931721624624,0.0,0.0,0.0,0.0,0.0,0.0,0.0,0.0,0.0,0.030436422061842824,0.0,0.0,0.0,0.0,0.0,0.0,0.0,0.0,0.0,0.0,0.0,0.0,0.0,0.0,0.0,0.0,0.0
0.0,0.0,0.25829323437355584,0.22222924329680246,0.0,0.0,0.39557742165188653,0.0,0.46877199355796006,0.0,0.3064886461111584,0.0,0.7342125442928643,0.7071303129316384,0.19067826486984618,0.0,0.0,0.0,0.09962685128586932,0.032703552702019974,0.0,0.08802840052443615,0.26902746570090247,0.0,0.0,0.0,0.4005382315099141,0.7927170945101611,0.047418396137520025,0.1591587992157697,0.0,0.0,0.0,0.0,0.05552794016518149,0.3434119829609925,0.0,0.039332196409370024,0.014308896785108246,0.0,0.0,0.0,0.25394914568971394,0.0,0.15959342194962792,0.0,0.0,0.2251561755479732,0.07973724278830424,0.7419836860397119,0.0,0.599053050344565,0.0,0.4358882240974757,0.1582585003298638,0.3449121326779085,0.006202148645978426,0.1604348811293187,0.30438872792453714,0.05630873363239209,0.0,0.193149882627006,0.10835655492054722,0.06767527203892068,0.0,0.0,0.14255367416093154,0.14270409189911465,0.0,0.04396086497375772,0.0,0.21237524638386204,0.0,0.0,0.08854291058063221,0.0
0.0,0.7619214485364687,0.0,0.06702608571437954,0.0,0.0,0.0,0.3891629810407124,0.0,0.1855063847800682,0.0,0.6480773468841372,0.0,0.0,0.0,0.07331691555771828,0.47888751091204607,0.6308234803696882,0.0,0.29616839142229184,0.2328130043107307,0.14593964601224102,0.0,0.10423531793164105,0.7038260342268153,0.596676864816152,0.0,0.0,0.4951626055177778,0.0,0.04828816086691622,0.0,0.0965571294480077,0.0,0.0,0.0,0.0,0.0,0.0,0.2295409209109998,0.0,0.0,0.0,0.0,0.0,0.0,0.5803630641282446,0.0,0.20702063441355226,0.0,0.6984226355682108,0.0,0.39357901968956777,0.0,0.0,0.0,0.1722740138116883,0.10053465250558362,0.0,0.09913967742372552,0.33722408526281916,0.0,0.23531403897537928,0.0,0.24391227344856645,0.08088598324787198,0.10705232440398807,0.0,0.15866088650194124,0.32118036760891144,0.3582045677049006,0.121604927344675,0.07862610254550535,0.2535294053652108,0.0,0.0
0.16468822707769623,0.0,0.35008433273090506,0.16376756230391165,0.39557742165188653,0.0,0.0,0.11181910270565862,0.3789894426837849,0.36464477204957824,0.2879746719329985,0.0,0.42527482343942435,0.26678514848817647,0.07012013914924438,0.22402550596928392,0.28216575976305475,0.0,0.2965876305492384,0.0,0.0,0.14722987323602363,0.31932304377478826,0.0981129635176234,0.0,0.0,0.21446533961935343,0.18340655724268648,0.0,0.1472369414276503,0.0,0.5410188352820485,0.04215343351901125,0.10941371592168209,0.21372080176843092,0.0,0.0,0.5733765628547985,0.5564775063293006,0.0,0.3381117148318396,0.17539962275814808,0.35760265817076037,0.17339669049175244,0.6823266788821619,0.0,0.0,0.29885285587693916,0.15592157415646885,0.3907793973449228,0.0,0.581462873553765,0.16208597325778926,0.3547729717583641,0.44914204167809013,0.41283707613942977,0.4123751314369507,0.38620719168535006,0.0,0.18549006330411064,0.0,0.15930209737397968,0.0,0.24014102812300422,0.0,0.09999014239507455,0.034878997706904176,0.323853411159291,0.0,0.23779839120402055,0.0,0.0,0.10450746706150725,0.0,0.22951239618370173,0.0
0.10541688514423805,0.18233374863058874,0.2329554379676915,0.0,0.0,0.3891629810407124,0.11181910270565862,0.0,0.0,0.0761277679627686,0.08901105364354492,0.3329807031748765,0.0,0.0,0.07549063778244827,0.0,0.06566302759232863,0.0,0.2976879598554086,0.18008166383105426,0.4076418530949175,0.02278246543735051,0.4377649456768544,0.0,0.09133130950261428,0.033009993145468916,0.0,0.0,0.07944984304942165,0.42862373097501066,0.12446868902459439,0.31462828166582213,0.0,0.0,0.2502705957785795,0.033980415149350865,0.12598220998530135,0.0094767114940286,0.0744784230987564,0.0,0.0,0.0,0.25684141416146566,0.0,0.026975430681900354,0.0,0.0717778632568373,0.19310180020727935,0.0,0.0,0.1581891555872786,0.0,0.7331999285058145,0.0,0.10144800151241185,0.12112338412415392,0.3806139032769417,0.0,0.10640691854254258,0.13229802841923088,0.0,0.0,0.0,0.22376620183129034,0.0,0.22457130175337237,0.0,0.4526784439224176,0.0,0.022035361728628723,0.027582223288089364,0.0,0.0,0.0,0.0,0.0
0.22068602428051465,0.0,0.6341595387904025,0.0,0.46877199355796006,0.0,0.3789894426837849,0.0,0.0,0.06975767196474825,0.6167463711845338,0.0,0.6289075806184834,0.5076180839221929,0.5575318136455459,0.0,0.0,0.0,0.49704448771671894,0.308595617914081,0.0,0.4647345553926927,0.660731462899979,0.17547357885614268,0.0,0.0,0.7144735274462101,0.4398385658979835,0.15539645717306402,0.24569938363733104,0.0,0.07580484338599963,0.0,0.0,0.0,0.0,0.0,0.20280820013354475,0.14623717484720727,0.0,0.0,0.0,0.1337956906620489,0.11894280521117787,0.38481350928537883,0.1015186340250109,0.0,0.6802437623703591,0.0,0.7780086539466593,0.0,0.7051519405402237,0.11292554074305376,0.9187759115121662,0.590193741962971,0.7224821736613631,0.25981004776793765,0.6798939889505643,0.0,0.3956882963066449,0.1931822821521653,0.6915388502641069,0.43266261724686206,0.4154405997418325,0.19383426739018483,0.1712786570562684,0.518295728179536,0.5363228045595587,0.0,0.24747109058940792,0.30709760683324794,0.29812394534460834,0.27174792248206303,0.0,0.23695306607788294,0.18225541476512383
0.3310460805391572,0.3711644805230539,0.019776929400845317,0.0,0.0,0.1855063847800682,0.36464477204957824,0.0761277679627686,0.06975767196474825,0.0,0.0,0.6601794923556185,0.0,0.009657853777800058,0.002104014733319313,0.636767389202878,0.8767056010318218,0.5529758654622409,0.2417407773278757,0.15391260025394415,0.1423363756334643,0.3597634940547627,0.030368852340879254,0.5624688840564264,0.3911959145893359,0.5740480158296608,0.13091217394375723,0.0,0.1804943030248755,0.0,0.42833085091621553,0.47622385105356513,0.7149322278218675,0.39798078550492105,0.0,0.0,0.0,0.3956760441733881,0.5072484079811986,0.7633194491604607,0.5914045492572536,0.22026989652489606,0.08684834102469007,0.6430246481701235,0.5039470458284416,0.32747082796478216,0.4404191701862064,0.1077745171868136,0.0,0.0,0.006662673038222292,0.27377360989906435,0.3222852432594468,0.06404472068556472,0.6357336165559215,0.19407004203221256,0.3266656756460662,0.4513096723806975,0.0,0.28537368278537173,0.47740837986193807,0.33369547207520844,0.4596204738833572,0.38921883586179445,0.07744682286502604,0.319737856874493,0.3565220229917534,0.04952113296051934,0.5086367611199667,0.6408297651788744,0.5049579526326815,0.0,0.3591252656158202,0.06869599713003553,0.16805437209317967,0.43181112102056934
0.12566178114632537,0.0,0.7202959867768027,0.0,0.3064886461111584,0.0,0.2879746719329985,0.08901105364354492,0.6167463711845338,0.0,0.0,0.0,0.38431210697053,0.22597142581812985,0.2547220783783333,0.0,0.0,0.0,0.6689364868471493,0.02181227977839119,0.0,0.04277564395949665,0.6194600179418448,0.0,0.0,0.0,0.3327481334674641,0.07349557889483935,0.02765803533065733,0.5045972563457669,0.0,0.06463177361325381,0.0,0.0,0.14391103570807826,0.3259540544132216,0.0,0.0,0.0,0.0,0.0,0.0,0.15367322124862126,0.0,0.1186967862974648,0.0,0.0,0.6546439498016605,0.0176176620770228,0.3940063084392927,0.0,0.2564505093556674,0.0,0.5702186603763716,0.29239852620096235,0.632003457917989,0.0,0.11742125910948192,0.0,0.1615726342132504,0.0,0.36899379700979557,0.04789360442819532,0.5190277387860256,0.0,0.0,0.04048227143658004,0.44134774072499927,0.0,0.0,0.0,0.0,0.0,0.0,0.09468309533742598,0.0
0.03667820797195605,0.7282260850329622,0.0,0.0,0.0,0.6480773468841372,0.0,0.3329807031748765,0.0,0.6601794923556185,0.0,0.0,0.0,0.0,0.07134509750630141,0.3905663880746839,0.7870773836714097,0.6903699048999994,0.0,0.378746405802395,0.4265922842217791,0.29989666070183285,0.0,0.4912162722466206,0.6706164490804271,0.7143911374416442,0.0,0.0,0.2486865247978876,0.0,0.3384404155544369,0.058770667621878415,0.509898278915222,0.39138039554192977,0.0,0.0,0.13933577516303391,0.1004410532629075,0.11949919530642665,0.6045747783449453,0.3926750058728199,0.13221606862072707,0.0,0.4427577552726198,0.08404482537894303,0.16117284989734537,0.6136171188541001,0.0,0.0,0.0,0.48370447336231615,0.0,0.5611813361723017,0.0,0.20014959812155955,0.0,0.613696048607849,0.2987856612683645,0.0,0.2901127059121769,0.3352384590059267,0.12081133582051629,0.28961906940458726,0.056140035862758016,0.3316306771800002,0.29943891905705816,0.26621460120878676,0.0,0.5122668471581344,0.40332142872384974,0.49082216414909924,0.012932456650996814,0.47480575495758576,0.20528528866551018,0.040479838346846694,0.3174296958845804
0.0,0.0,0.30055940568810297,0.3377125867268352,0.7342125442928643,0.0,0.42527482343942435,0.0,0.6289075806184834,0.0,0.38431210697053,0.0,0.0,0.5479220668015303,0.223920846231825,0.0,0.0,0.0,0.12463281091479847,0.035310861446440134,0.0,0.12036329914464355,0.29511340330171215,0.0,0.0,0.0,0.3609653364097839,0.7890627035610782,0.0,0.018911803952114732,0.0,0.0,0.0,0.0,0.0,0.23543217331361116,0.0,0.010663091090583634,0.0,0.0,0.0,0.0,0.07496932773739094,0.0,0.10907510381449491,0.0,0.0,0.31153365429607927,0.18105634388084266,0.6273551595648071,0.0,0.5415022037022534,0.0,0.5435681954830204,0.19473186772797987,0.3329894469327501,0.20640755059307847,0.40895824256928764,0.0,0.028976258430709445,0.0,0.4294947756788052,0.17276975132743366,0.021638964878967118,0.13228640456380705,0.0,0.243708954196127,0.13138441436505874,0.0,0.0,0.049981696937772824,0.2229045021034099,0.23525231440893535,0.0,0.1460421909701555,0.0
0.19164444646299353,0.0,0.30944980239974335,0.0,0.7071303129316384,0.0,0.26678514848817647,0.0,0.5076180839221929,0.009657853777800058,0.22597142581812985,0.0,0.5479220668015303,0.0,0.3106026169481771,0.11300331595753196,0.0,0.0,0.2949457966254574,0.14949772258061905,0.0,0.29904104975877643,0.3749216628533353,0.19668546347784263,0.0,0.0,0.4991270069196869,0.6487969570288923,0.08464777250290534,0.2077661602126218,0.09469038978444028,0.11103603739973353,0.0,0.0,0.0,0.07685038409676336,0.0,0.23803322563799886,0.18803564704627448,0.0,0.10358154506674482,0.10924388791706105,0.3238461286950998,0.3988238791014856,0.32746372036346627,0.06542982072137316,0.0,0.4444296149600149,0.0,0.6968871376615847,0.0,0.6052612454353423,0.0,0.5356741603710928,0.45728228272247556,0.4771047907661002,0.07558455564507559,0.3504530910928576,0.20790372730736487,0.19886350165146663,0.21540955913928414,0.4495547194024741,0.3720909485741546,0.3448997822244381,0.07716970160023999,0.03281738104078534,0.3720876236861963,0.24499651584321477,0.1014673138692272,0.23744134808931833,0.23268496076308787,0.22725265872703584,0.17293244549881667,0.0,0.3015767906478066,0.28583864864305086
0.44803917021819684,0.08815406647209492,0.6183929249416467,0.0,0.19067826486984618,0.0,0.07012013914924438,0.07549063778244827,0.5575318136455459,0.002104014733319313,0.2547220783783333,0.07134509750630141,0.223920846231825,0.3106026169481771,0.0,0.1147623220742407,0.047826939941715475,0.10920652976399577,0.4265402744534309,0.7711942592748547,0.340561557172533,0.8364281710299555,0.6876297776465679,0.4282220525567244,0.0,0.35025041121290745,0.7600508306523532,0.43580811768018907,0.4447709822890139,0.18881611553247932,0.32829954141633294,0.020657985071388253,0.10407718900275505,0.004280598374158061,0.0,0.0,0.0,0.2093029593866966,0.09437079215362745,0.11895056067664618,0.05529831824916729,0.046010283853663486,0.17457960505784098,0.17390508939193358,0.28727908897817517,0.3541703034403314,0.2876506458859031,0.607969763372323,0.0,0.5772586869768033,0.1749254686321456,0.4635544753065601,0.33877709921937893,0.6980143270230383,0.4611791721397928,0.6721710506498028,0.40910083411278747,0.5848633787763136,0.0,0.8850579167743433,0.2526044667575125,0.6020130000570776,0.42247179312453803,0.4052063690098346,0.6136904219496391,0.5758867863209578,0.7628471356270543,0.6113296082661849,0.33369439870565604,0.3283612688974224,0.6008214674171823,0.5099977161033704,0.41982224296338755,0.37720255158657495,0.4366244061910298,0.4492511875380275
0.47784306259500653,0.4217916714949774,0.0,0.0,0.0,0.07331691555771828,0.22402550596928392,0.0,0.0,0.636767389202878,0.0,0.3905663880746839,0.0,0.11300331595753196,0.1147623220742407,0.0,0.6720459765724728,0.5798686916147359,0.031979887021821536,0.2601306630371226,0.2406220277371984,0.5017355464596791,0.0,0.560618115268367,0.3490768089241211,0.5362335266187431,0.13710539851598133,0.0,0.15964000045364668,0.0,0.6106629820970471,0.3813470720642137,0.7332653287353562,0.6340116269593019,0.0,0.0,0.05339076424073901,0.47975977172764567,0.5292121037633635,0.632304619414231,0.6206798901494912,0.4254968298148305,0.19977304418149647,0.6494772834956458,0.5101995014992445,0.44549736000403045,0.5164959311040237,0.0,0.0,0.04229707022982948,0.10618269003566354,0.25126384413590075,0.2150200952408614,0.04549529866171553,0.47415402600174494,0.13638330001043342,0.28326591945795576,0.43074420375493366,0.0,0.30033831462771887,0.4430165007065702,0.3476099668578908,0.42163736723123474,0.19631732010977274,0.17003495678458264,0.30649581825794264,0.43708972989981615,0.0,0.5106734538674442,0.5786650341835021,0.46913179083697426,0.0,0.4831370871988164,0.2530170873645906,0.39294072134071795,0.5456479614578138
0.1458613065162272,0.6400517390604498,0.0,0.0,0.0,0.47888751091204607,0.28216575976305475,0.06566302759232863,0.0,0.8767056010318218,0.0,0.7870773836714097,0.0,0.0,0.047826939941715475,0.6720459765724728,0.0,0.8172587395609503,0.0,0.2976596538766451,0.23215999139558374,0.4402045069333911,0.0,0.5380163074350915,0.6358714625462365,0.7297727457557853,0.09427998242830404,0.0,0.3229105132938245,0.0,0.4058999833480619,0.20022365027862218,0.6931166524676432,0.4291770253691946,0.0,0.0,0.0,0.29370628860432113,0.2935561769935783,0.700082663621649,0.5649971665314205,0.19279124989070118,0.0,0.6249687043389817,0.33367481882102124,0.2238943900861777,0.6680316384692437,0.0,0.03246017321317612,0.0,0.262581608046418,0.28532092298230927,0.3851862434038653,0.0,0.4929432727008257,0.0,0.4065898407525396,0.5370919418384427,0.0,0.3341725216217834,0.6263734486019182,0.2814913832406907,0.5259601526004348,0.17785671792371616,0.2751275212652952,0.3590466102699022,0.4479647891738507,0.0,0.5194916525706076,0.6554115179516948,0.5325266296921329,0.004530996874134283,0.5416727213814373,0.25325047683589214,0.0610872716746332,0.47730458896507516
0.07284586030191621,0.8086531500301093,0.0,0.0,0.0,0.6308234803696882,0.0,0.0,0.0,0.5529758654622409,0.0,0.6903699048999994,0.0,0.0,0.10920652976399577,0.5798686916147359,0.8172587395609503,0.0,0.0,0.4490199773363141,0.32823851081491473,0.4903691806644485,0.0,0.4675728386627997,0.857967353819345,0.8487193288300832,0.11640192171384128,0.0,0.5763673230788199,0.0,0.4144992459160022,0.0,0.6043943586402301,0.30161784739918157,0.0,0.0,0.0,0.0,0.0,0.6876130162912946,0.21012618303292047,0.07887339769278182,0.0,0.42144434395308167,0.0,0.20147301230756504,0.833675395438397,0.0,0.08840932513937969,0.0,0.48394684897213924,0.105286105332256,0.26089570362675246,0.0,0.11694768340468509,0.0,0.19624379364576777,0.33151331219009444,0.0,0.3474748388779405,0.6913521272908565,0.11277328900118057,0.4861096389732017,0.0,0.49862352068403787,0.33997071691504993,0.47610621317142887,0.0,0.5556333746393121,0.5916947433767563,0.5612990235717585,0.2529891523936872,0.44923022837531124,0.5897385732320125,0.0,0.3609315639378131
0.26758410106497343,0.0,0.7384758243075248,0.0,0.09962685128586932,0.0,0.2965876305492384,0.2976879598554086,0.49704448771671894,0.2417407773278757,0.6689364868471493,0.0,0.12463281091479847,0.2949457966254574,0.4265402744534309,0.031979887021821536,0.0,0.0,0.0,0.3355517928960007,0.0,0.3591689849461794,0.7201616503689379,0.07744965095801114,0.0,0.0,0.3801788097804903,0.03675177248080572,0.19271857516187,0.5077501009410661,0.08993857029242336,0.314078375501969,0.0,0.0,0.024009571124072277,0.013945796735783611,0.0,0.12033067151099502,0.20038878201291987,0.0,0.0,0.0,0.24936692642854194,0.13055412072811284,0.2762985908867923,0.09100601239798331,0.0,0.8161613623991775,0.0,0.3863184467272,0.0,0.3123412268257947,0.29151332869324637,0.5553961859265008,0.5263043918844567,0.7334873277262315,0.19658819817673565,0.278731705243922,0.0,0.4310953793220454,0.06151907045943422,0.4672074224012578,0.2639757112848544,0.877216933559704,0.039519960171862274,0.20741004642444133,0.27349059156547845,0.625550018071634,0.0,0.1374399103049217,0.12230128569672839,0.0,0.0,0.0,0.3133163551904367,0.07542142775291481
0.2458311630383833,0.38384291725405817,0.4155828106506759,0.0,0.032703552702019974,0.29616839142229184,0.0,0.18008166383105426,0.308595617914081,0.15391260025394415,0.02181227977839119,0.378746405802395,0.035310861446440134,0.14949772258061905,0.7711942592748547,0.2601306630371226,0.2976596538766451,0.4490199773363141,0.3355517928960007,0.0,0.3154728536166419,0.8957269781526599,0.4517930027089003,0.3710979218709863,0.20540387697780346,0.5319677993961918,0.5434588902083278,0.3559146442924655,0.6656042767485217,0.05294139578011444,0.44833174447344,0.0,0.14175335522390717,0.0,0.0,0.0,0.0,0.0,0.0,0.18830360897782203,0.0,0.0,0.08856138962783038,0.27245240003828514,0.03498036908588717,0.26229989314870655,0.5066113923146112,0.3207895475018626,0.0,0.4015699379730518,0.3847927777426804,0.31264257529537953,0.43361899608602233,0.33719052961873897,0.35383324254425114,0.33183251964639876,0.4386761187319759,0.47441044413535066,0.08696425144152752,0.8155451935577155,0.4523280209458698,0.43188975886793496,0.47904533101771324,0.2945575765546902,0.8017031031182758,0.5626302589309161,0.7876183556097507,0.4448809617471264,0.3233410751815369,0.40618860940830287,0.5754792809500837,0.42429487632922985,0.4945044230311423,0.46631731021857303,0.292030855901107,0.41549755422725954
0.2911850412445677,0.361330343293682,0.0,0.0,0.0,0.2328130043107307,0.0,0.4076418530949175,0.0,0.1423363756334643,0.0,0.4265922842217791,0.0,0.0,0.340561557172533,0.2406220277371984,0.23215999139558374,0.32823851081491473,0.0,0.3154728536166419,0.0,0.2781684402250408,0.05724456434276649,0.32979590809297216,0.41976763630829916,0.37838292952581126,0.0,0.0,0.19585802336666944,0.04865903329859708,0.4555747632610697,0.03596309002882297,0.30757518052691335,0.32310388601318935,0.1372059698009663,0.0,0.2535463232695226,0.10443690937852032,0.02364136061460982,0.2777411728193231,0.060542825933274876,0.146948630027088,0.017896881312146177,0.14679829602693456,0.0,0.44885669875455747,0.33088771183514676,0.0,0.0,0.0,0.23120000742828678,0.0,0.425790445643842,0.0,0.0,0.0,0.2579799688376825,0.0350953715499255,0.0,0.3525045774631733,0.11429651396718678,0.0,0.02484317291150785,0.03983278669191609,0.21337962430124854,0.6191736382704397,0.12481037447288246,0.12571024234442452,0.36317179177030745,0.06284099775167278,0.2582326688079782,0.0,0.16668190081288148,0.259255826572291,0.1802676504978716,0.2919232315494845
0.4861052628986568,0.33255964801625515,0.4326068355602379,0.0,0.08802840052443615,0.14593964601224102,0.14722987323602363,0.02278246543735051,0.4647345553926927,0.3597634940547627,0.04277564395949665,0.29989666070183285,0.12036329914464355,0.29904104975877643,0.8364281710299555,0.5017355464596791,0.4402045069333911,0.4903691806644485,0.3591689849461794,0.8957269781526599,0.2781684402250408,0.0,0.497703038583382,0.5589917479542252,0.14029046414631988,0.6180911807255492,0.7168354541064411,0.35434534500731174,0.6013464593634114,0.0,0.5094893808753307,0.06864591948780163,0.34452981983703823,0.14626611432417758,0.0,0.0,0.0,0.23316532944693183,0.156360701303788,0.3560511471860243,0.20733539179263663,0.10402763996576123,0.11715404678013441,0.42236375852612135,0.3163964970170694,0.4568496884053844,0.5410269274960561,0.40581490910257884,0.0,0.5166012216317794,0.26996948548181277,0.52167686316986,0.35822575409434104,0.5465383437686805,0.5938440713967034,0.5539866381393033,0.44553313386296095,0.7053559134868126,0.0,0.8920059593354449,0.545135027164573,0.6108569599618641,0.61284898429103,0.39693492993482593,0.7235346720025025,0.6344635776135384,0.9252688121661891,0.45668051373025187,0.47829617768052424,0.5976474234311383,0.70787876831176,0.48740745215098685,0.6037312741001177,0.4802555417102949,0.4004429490248334,0.5860287383322126
0.3845752684839701,0.0,0.8478210786517267,0.0,0.26902746570090247,0.0,0.31932304377478826,0.4377649456768544,0.660731462899979,0.030368852340879254,0.6194600179418448,0.0,0.29511340330171215,0.3749216628533353,0.6876297776465679,0.0,0.0,0.0,0.7201616503689379,0.4517930027089003,0.05724456434276649,0.497703038583382,0.0,0.07293102574706553,0.0,0.0,0.689249296080363,0.2673617116584178,0.32552831388299597,0.5636441401854424,0.09958321822740401,0.32968882396513066,0.0,0.0,0.168200378233512,0.048206149215163294,0.0,0.1906590361806645,0.19034451462807625,0.0,0.0,0.0,0.3103145998922003,0.07568609450654128,0.34793411691657583,0.14513482660039495,0.0,0.844691117019803,0.0,0.6162839047856641,0.0,0.5243784911530508,0.425461738758263,0.7570568253018555,0.5883771118463154,0.7991246455510472,0.3381391320567092,0.4563415394570233,0.0,0.5589111123114867,0.016222099494389807,0.5500283676469678,0.23874459300098647,0.6569720979244965,0.08410858034370286,0.3378817933444569,0.35813573369919277,0.9404203702122408,0.0,0.2232112185452311,0.2762564699778046,0.27352075339229986,0.010285947326577914,0.0,0.29411724744580753,0.06726455567350266
0.55251106670119,0.3448154617814624,0.06452395018580007,0.0,0.0,0.10423531793164105,0.0981129635176234,0.0,0.17547357885614268,0.5624688840564264,0.0,0.4912162722466206,0.0,0.19668546347784263,0.4282220525567244,0.560618115268367,0.5380163074350915,0.4675728386627997,0.07744965095801114,0.3710979218709863,0.32979590809297216,0.5589917479542252,0.07293102574706553,0.0,0.2855694371815349,0.6855078515663444,0.32013654627588944,0.05926273490091925,0.10886069491331539,0.0,0.34391190368398933,0.19932941235486423,0.7497915334853436,0.4889521039338391,0.0,0.0,0.0,0.47638304117248553,0.47020746130757823,0.6550445453571713,0.6585689314718083,0.3810574475832327,0.129146329071448,0.6205473797278251,0.47534251979315334,0.6568746474135434,0.4927744544376293,0.21904722508281504,0.0,0.1465257884367106,0.3179314741407402,0.2941222545495394,0.34416202356312653,0.30944485334499805,0.5373969258838383,0.34551716839364777,0.5220200967792906,0.6523798779038141,0.0,0.5365815847279019,0.4666450221546317,0.5697898436418872,0.5598953169760895,0.28059959784211413,0.5266984564651304,0.4241807653831312,0.6709476370745079,0.0578846688587727,0.9303466453537074,0.5781183414137882,0.7927229074777694,0.25586547475015026,0.6550240126804527,0.4597339512329985,0.5787706573502333,0.7914215020447635
0.0,0.8831655059199717,0.0,0.0,0.0,0.7038260342268153,0.0,0.09133130950261428,0.0,0.3911959145893359,0.0,0.6706164490804271,0.0,0.0,0.0,0.3490768089241211,0.6358714625462365,0.857967353819345,0.0,0.20540387697780346,0.41976763630829916,0.14029046414631988,0.0,0.2855694371815349,0.0,0.7962877242174833,0.0,0.0,0.4457530405863092,0.0,0.34958098921589703,0.0,0.5187321335420831,0.2644764695893609,0.0,0.0,0.1116076666414281,0.0,0.0,0.6581348830881041,0.0713068961375649,0.08360273266524428,0.0,0.1834372826195131,0.0,0.1642574322358534,0.7817051449861269,0.0,0.1080552565895687,0.0,0.4996747346771156,0.0,0.17443480260121483,0.0,0.0,0.0,0.0,0.0,0.0169807315115364,0.07294852408577518,0.4041345365041871,0.0,0.18632212501068882,0.0,0.21799877820576255,0.19028256203640803,0.09018609657712702,0.0,0.4321856496738543,0.3899712498412522,0.3988466086214068,0.023514128014287962,0.10972288088177631,0.46741602510374636,0.0,0.09760863977464693
0.2866961828088447,0.8868811877231841,0.0,0.0,0.0,0.596676864816152,0.0,0.033009993145468916,0.0,0.5740480158296608,0.0,0.7143911374416442,0.0,0.0,0.35025041121290745,0.5362335266187431,0.7297727457557853,0.8487193288300832,0.0,0.5319677993961918,0.37838292952581126,0.6180911807255492,0.0,0.6855078515663444,0.7962877242174833,0.0,0.20350650300451908,0.0,0.469879429560043,0.0,0.39082037546317294,0.0,0.6118323408006179,0.2629404294571876,0.0,0.0,0.0,0.008574318270035778,0.04544342028116458,0.7162923799191225,0.2846088325181401,0.1273730340801891,0.0,0.4217242880242823,0.0,0.39285302697740915,0.8734695506707493,0.0,0.0,0.0,0.5851539641595854,0.14464070017079358,0.3193695414635424,0.0,0.27015684717088984,0.0,0.30755859509714717,0.45410232525090444,0.0,0.5159409862972045,0.5883848709908928,0.3740357514719394,0.5351668701351912,0.032844025470066304,0.5780312384446892,0.3672935466791681,0.6304294708904024,0.0,0.7144256122008156,0.7276031183922055,0.877759095102399,0.2821666585731296,0.4743654973254813,0.5871588587719933,0.09225663008809804,0.4664318171263957
0.38952965533375766,0.0,0.5210397870063594,0.0,0.4005382315099141,0.0,0.21446533961935343,0.0,0.7144735274462101,0.13091217394375723,0.3327481334674641,0.0,0.3609653364097839,0.4991270069196869,0.7600508306523532,0.13710539851598133,0.09427998242830404,0.11640192171384128,0.3801788097804903,0.5434588902083278,0.0,0.7168354541064411,0.689249296080363,0.32013654627588944,0.0,0.20350650300451908,0.0,0.43035484095318016,0.5730819634098908,0.06715814581789978,0.16064263391389008,0.08946232314950439,0.08170282189965387,0.0,0.0,0.0,0.0,0.1901422931096977,0.1466221255077878,0.17127759188444716,0.06872387615537573,0.0,0.011307035847571886,0.24366812195975737,0.35171540367643045,0.27542093665775985,0.26366863260292406,0.5683684310090849,0.0,0.7064805067514363,0.025245449747126152,0.6972453110747726,0.1304822996560676,0.7806617586551986,0.6262922604014267,0.709706700359039,0.2087692878133872,0.6340149664691351,0.0,0.6280139873423323,0.44066458940813436,0.6321373381668015,0.51064095552796,0.45647726949686795,0.34906379788210035,0.37375455878837877,0.6892559022836174,0.60978091721072,0.24492170827276002,0.4614777917043647,0.5299781888201094,0.7227362262085422,0.27275076861324765,0.35593447146997187,0.24093439633403912,0.305601479685141
0.0,0.0,0.25050436147732996,0.24835627956476447,0.7927170945101611,0.0,0.18340655724268648,0.0,0.4398385658979835,0.0,0.07349557889483935,0.0,0.7890627035610782,0.6487969570288923,0.43580811768018907,0.0,0.0,0.0,0.03675177248080572,0.3559146442924655,0.0,0.35434534500731174,0.2673617116584178,0.05926273490091925,0.0,0.0,0.43035484095318016,0.0,0.13252968531095607,0.11165082608492483,0.0,0.0,0.0,0.0,0.0,0.12087002520192294,0.0,0.03425779400595267,0.0,0.0,0.0,0.0,0.15806326493453648,0.07131912058607384,0.05123441623920286,0.0,0.0011554748915076198,0.25262918082773983,0.011181068138057776,0.7206267280578109,0.0,0.5399837805317104,0.0,0.43063823381189975,0.15733359506007952,0.2713599257689308,0.19954852704031983,0.37782183271486613,0.2558792085606374,0.25531555377376164,0.11534759300814001,0.32223706339863517,0.2789029630248967,0.004253084097602299,0.39093233864443583,0.03323679557308171,0.45043199790336536,0.1935232172230474,0.025392768474415035,0.025457141617930053,0.13568638445750608,0.4053005222682805,0.37108757162511996,0.13654707664523916,0.26284838716272835,0.20901967890103135
0.18490817630634612,0.4139458703550505,0.11166309626927053,0.0,0.047418396137520025,0.4951626055177778,0.0,0.07944984304942165,0.15539645717306402,0.1804943030248755,0.02765803533065733,0.2486865247978876,0.0,0.08464777250290534,0.4447709822890139,0.15964000045364668,0.3229105132938245,0.5763673230788199,0.19271857516187,0.6656042767485217,0.19585802336666944,0.6013464593634114,0.32552831388299597,0.10886069491331539,0.4457530405863092,0.469879429560043,0.5730819634098908,0.13252968531095607,0.0,0.09877023704141301,0.39791378704689456,0.0,0.08321357067184698,0.0,0.0,0.0,0.0,0.0,0.0,0.26726636798463577,0.0,0.0,0.0,0.19725747091620202,0.0,0.18565799264081032,0.5659794328173372,0.039681948981450554,0.03803132804854602,0.24624254333192613,0.279105727426615,0.31754797465486834,0.2181098505338253,0.09008828504321643,0.29110058564802344,0.10816151169690992,0.024804222469385764,0.22074991614024794,0.1302316488436568,0.46787119596138066,0.6876314696578851,0.1916239294592499,0.5091761476942733,0.23265482677093138,0.4170725928430882,0.4517383807275429,0.4740152616865471,0.3107266769929164,0.19206033649403595,0.5222689223905066,0.448344538239573,0.5347268817949468,0.07860178229984195,0.5543858628868538,0.0,0.12386752715905766
0.253201308938399,0.0,0.5403214915559835,0.0,0.1591587992157697,0.0,0.1472369414276503,0.42862373097501066,0.24569938363733104,0.0,0.5045972563457669,0.0,0.018911803952114732,0.2077661602126218,0.18881611553247932,0.0,0.0,0.0,0.5077501009410661,0.05294139578011444,0.04865903329859708,0.0,0.5636441401854424,0.0,0.0,0.0,0.06715814581789978,0.11165082608492483,0.09877023704141301,0.0,0.0,0.2904142002230233,0.0,0.0,0.37623391846158905,0.41827543441499665,0.1259407956209471,0.0,0.008316357234609403,0.0,0.0,0.0,0.4231069250440248,0.0,0.10857523775301353,0.03864118978605039,0.0,0.45640790250128366,0.0,0.25092131720875815,0.0,0.18161406357911186,0.2006816043363565,0.2487826404801252,0.23894527490547732,0.3070902744389571,0.05056358486348731,0.0,0.19754694612122414,0.13332899732932085,0.0,0.0916082666587363,0.0,0.3491706533265852,0.0,0.14327747997874893,0.0,0.5105481200936813,0.0,0.0,0.0,0.0,0.0,0.0,0.18201385582276058,0.0
0.4836201689639347,0.30582028016794705,0.042345915612757745,0.0,0.0,0.04828816086691622,0.0,0.12446868902459439,0.0,0.42833085091621553,0.0,0.3384404155544369,0.0,0.09469038978444028,0.32829954141633294,0.6106629820970471,0.4058999833480619,0.4144992459160022,0.08993857029242336,0.44833174447344,0.4555747632610697,0.5094893808753307,0.09958321822740401,0.34391190368398933,0.34958098921589703,0.39082037546317294,0.16064263391389008,0.0,0.39791378704689456,0.0,0.0,0.38064013806497804,0.5584003899972003,0.45243430720493283,0.12949718817528552,0.0,0.3475077824013713,0.33665966443499956,0.3218505756291413,0.4737858494565951,0.3165074387425627,0.40834293006149114,0.26143107836244184,0.5788559304046231,0.3223677277511986,0.44932961409537525,0.442618548199897,0.0237964455652632,0.0,0.08646896640656856,0.0,0.1550209821555726,0.23496771369882427,0.0,0.3414638651150471,0.12486310774408263,0.1825974456893397,0.18452731677350143,0.2887120728956772,0.41485955467927654,0.4064976537633541,0.111891959176081,0.26862205646535886,0.18032605444382702,0.20812202145055664,0.537109062225044,0.35617146605156785,0.13683873565309645,0.3559487853363727,0.39907194377845745,0.3554952887392814,0.032730348996672404,0.25385992788901013,0.2602141217923186,0.2051946320482797,0.501376464940126
0.5482058866203723,0.0,0.247633900135357,0.0,0.0,0.0,0.5410188352820485,0.31462828166582213,0.07580484338599963,0.47622385105356513,0.06463177361325381,0.058770667621878415,0.0,0.11103603739973353,0.020657985071388253,0.3813470720642137,0.20022365027862218,0.0,0.314078375501969,0.0,0.03596309002882297,0.06864591948780163,0.32968882396513066,0.19932941235486423,0.0,0.0,0.08946232314950439,0.0,0.0,0.2904142002230233,0.38064013806497804,0.0,0.3154137691363431,0.4324269778048105,0.46410852564585875,0.0,0.11293062424729518,0.6749202426355049,0.8352543854162578,0.2078832226158422,0.49856751491696183,0.41892717057980394,0.4622681698159746,0.3969073128671787,0.7674764139016499,0.3003833610781876,0.0,0.2768261866943552,0.0,0.12302225779129723,0.0,0.24678985629657438,0.2754041909282901,0.20428676619797273,0.5216844763301164,0.3652054587458549,0.3308867938718808,0.16594690276788743,0.02434690149762799,0.09937221752763645,0.0,0.10940673971955504,0.0,0.3388365408204354,0.0,0.23059348594017193,0.0,0.3366413278073852,0.0,0.29524204384247604,0.033876926044212996,0.0,0.0,0.0,0.30650952549065863,0.05427545346342758
0.4106800576879599,0.38446892798157306,0.0,0.0,0.0,0.0965571294480077,0.04215343351901125,0.0,0.0,0.7149322278218675,0.0,0.509898278915222,0.0,0.0,0.10407718900275505,0.7332653287353562,0.6931166524676432,0.6043943586402301,0.0,0.14175335522390717,0.30757518052691335,0.34452981983703823,0.0,0.7497915334853436,0.5187321335420831,0.6118323408006179,0.08170282189965387,0.0,0.08321357067184698,0.0,0.5584003899972003,0.3154137691363431,0.0,0.5631156715287634,0.0,0.0,0.061783844347412464,0.4281437859163643,0.464352935993691,0.8789409916138563,0.5999989030282111,0.4342512201484351,0.0,0.6726310196425513,0.37318391722455774,0.5445804498590815,0.48281882731817016,0.0,0.0,0.0,0.19690532661275495,0.08941064464858867,0.15067567143297667,0.015038692660133284,0.4281435388164424,0.1130815893855,0.19249194876091133,0.35718574378480694,0.0,0.24321396620425398,0.46868714514014126,0.3347721944472488,0.4030841212278352,0.14645932565139796,0.2579731977242099,0.3128665979083887,0.4212129170125828,0.0,0.7462127107363642,0.5099288657241938,0.5577321786076038,0.0009176368701561942,0.4427566131336808,0.358295737696494,0.2096391950025827,0.632773335609076
0.26931325194150935,0.22427569903394143,0.0,0.0,0.0,0.0,0.10941371592168209,0.0,0.0,0.39798078550492105,0.0,0.39138039554192977,0.0,0.0,0.004280598374158061,0.6340116269593019,0.4291770253691946,0.30161784739918157,0.0,0.0,0.32310388601318935,0.14626611432417758,0.0,0.4889521039338391,0.2644764695893609,0.2629404294571876,0.0,0.0,0.0,0.0,0.45243430720493283,0.4324269778048105,0.5631156715287634,0.0,0.1558594490863903,0.0,0.23300167210088704,0.6342537007296228,0.6662077205331464,0.416799140516858,0.7702340661398578,0.6250491102139348,0.13324885847050616,0.5123150795824322,0.5864745946868328,0.37407692514688134,0.31594060833972004,0.0,0.0,0.0,0.0,0.0,0.10505927474134288,0.0,0.08745028289602762,0.0,0.3857901374680191,0.22303184691978836,0.0,0.11803845847421564,0.02182868953996926,0.0,0.0,0.0,0.06525083832074048,0.25110295629583745,0.1220228672213852,0.0,0.4477676226770882,0.1725739552642674,0.17750436902879296,0.0,0.4071592560605206,0.1383645146992625,0.3358531755873804,0.48231606384190534
0.21098962743256477,0.0,0.16863487097607188,0.05312004440874135,0.05552794016518149,0.0,0.21372080176843092,0.2502705957785795,0.0,0.0,0.14391103570807826,0.0,0.0,0.0,0.0,0.0,0.0,0.0,0.024009571124072277,0.0,0.1372059698009663,0.0,0.168200378233512,0.0,0.0,0.0,0.0,0.0,0.0,0.37623391846158905,0.12949718817528552,0.46410852564585875,0.0,0.1558594490863903,0.0,0.48607474624262575,0.27981844894686325,0.32496699647850474,0.3267672938750431,0.0,0.0,0.2857928960109237,0.3871490970410414,0.0,0.27286864899317775,0.007517881032920149,0.0,0.10472611708582626,0.0,0.0,0.0,0.0,0.0,0.08548077438465528,0.0,0.17271866389861415,0.03413122492869052,0.0,0.20237500951032306,0.0,0.0,0.0,0.0,0.0,0.0,0.0,0.0,0.1876458899254371,0.0,0.0,0.0,0.0,0.0,0.0,0.15674719364156417,0.0
0.0,0.0,0.18676212491690514,0.18514036809225362,0.3434119829609925,0.0,0.0,0.033980415149350865,0.0,0.0,0.3259540544132216,0.0,0.23543217331361116,0.07685038409676336,0.0,0.0,0.0,0.0,0.013945796735783611,0.0,0.0,0.0,0.048206149215163294,0.0,0.0,0.0,0.0,0.12087002520192294,0.0,0.41827543441499665,0.0,0.0,0.0,0.0,0.48607474624262575,0.0,0.09372390670035688,0.0,0.0,0.0,0.0,0.0,0.2967186063611787,0.0,0.0,0.0,0.0,0.026705698123693736,0.0,0.0,0.0,0.0,0.0,0.0,0.0,0.0,0.0,0.0,0.10000374549729689,0.0,0.0,0.0,0.0,0.0,0.0,0.0,0.0,0.0,0.0,0.0,0.0,0.0,0.0,0.0,0.07455608857963748,0.0
0.05530211786312264,0.03919896475404268,0.0,0.0,0.0,0.0,0.0,0.12598220998530135,0.0,0.0,0.0,0.13933577516303391,0.0,0.0,0.0,0.05339076424073901,0.0,0.0,0.0,0.0,0.2535463232695226,0.0,0.0,0.0,0.1116076666414281,0.0,0.0,0.0,0.0,0.1259407956209471,0.3475077824013713,0.11293062424729518,0.061783844347412464,0.23300167210088704,0.27981844894686325,0.09372390670035688,0.0,0.02400573766867364,0.05827231068884852,0.0,0.046768681168123494,0.23761476813319415,0.07663951179165224,0.21852180474661198,0.0,0.08553385124117925,0.0,0.0,0.0,0.0,0.0,0.0,0.030156728729636876,0.0,0.0,0.0,0.0,0.0,0.20170993005770615,0.0,0.0,0.0,0.0,0.0,0.0,0.048967074285450156,0.0,0.0,0.0,0.0,0.0,0.0,0.0,0.0,0.08253957535676965,0.024024006193346294
