0.0,0.0,0.0,0.0,0.0,0.0,0.0,0.0,0.0614289060198142,0.05614534403035112,0.0,0.0,0.0,0.0,0.3371965032329711,0.3732224322033006,0.06456468486672194,0.006678740607057474,0.0,0.2687074092979974,0.27977744083756945,0.42198718825672166,0.0,0.0,0.1435426408639251,0.0,0.16193552536246203,0.21260935715559814,0.23856228838667343,0.21329354012084537,0.3759355745623002,0.09135152655811844,0.11739417626663588,0.02277590081287387,0.011269996372216155,0.0,0.0,0.0,0.035862991561842,0.11904333921059455,0.2003203138681041,0.0,0.0,0.05736757590779632,0.1031923623948071,0.5759521104389821,0.016536917830642175,0.007524790731797587,0.012887490562200975,0.0,0.0,0.0,0.0,0.14544348834489296,0.033417103992634055,0.030675143136068284,0.0,0.0,0.0,0.4460409947724451,0.4094119589589204,0.08343061729856911,0.2579718737303661,0.0,0.3454311392064814,0.18335515618052947,0.3809982441559298,0.0,0.10087826687239873,0.20634974357313315,0.09419708702974691,0.21275735445177574,0.3038903018004232,0.3189193443109696,0.0,0.25208470885975953
0.0,0.0,0.24267854387027304,0.0,0.0,0.7114511884621545,0.21117259259055135,0.2366177245249643,0.0,0.6628917903469984,0.0,0.2070271203531932,0.29076753227425894,0.0,0.22088405351429682,0.009991710887988095,0.6465725213148653,0.5710336379000807,0.040600794834618696,0.24997904080718666,0.4060312341912899,0.2879693437121616,0.34471152875478744,0.2946923365221435,0.8615801575790432,0.8345022053293814,0.38201911785347675,0.0,0.14219300989743616,0.0,0.0,0.40540175018421826,0.353913389453216,0.0,0.0,0.21741555987449376,0.0,0.0,0.1398887222644028,0.22946460520937514,0.11618833822548846,0.0,0.20400881955793346,0.28848536452932383,0.1829815539595014,0.0,0.5827986712919507,0.0,0.0,0.0,0.4932578918481614,0.0,0.08220220226318176,0.14605114282858714,0.38894063108131605,0.0,0.0,0.24878616157975034,0.0,0.27373906559195876,0.03612221866378544,0.5119175885495574,0.008502726854214557,0.3799545003389352,0.18144052358949456,0.17929766953621373,0.25237939228923506,0.16617710137332456,0.27921382026481556,0.3851190840543849,0.48304963847684784,0.29382227612537154,0.025943705446490915,0.058709481015940784,0.0,0.012148247952963407
0.0,0.24267854387027304,0.0,0.17067294888869655,0.12243606009148868,0.29642685545311764,0.0,0.3960455311371747,0.2890072166114314,0.06891108623356831,0.2959868745611517,0.36958445681953733,0.20389103556737073,0.0,0.3232233794376668,0.0,0.24633691252088324,0.0,0.4558243134552259,0.4150307871554275,0.10939977140333254,0.17185202757583773,0.5336057281611165,0.29383621225461537,0.10412292293107375,0.44336749160191763,0.12022439601298134,0.2475742780799908,0.0,0.00970401507325278,0.0,0.0,0.018293955845721844,0.08115236541207968,0.0,0.2273490869947691,0.0537729282526484,0.0,0.0,0.0,0.06755041104850584,0.0,0.0,0.1085194545661391,0.0899138676538994,0.0,0.0,0.808805555717019,0.29496043865145705,0.09927986847157107,0.05388325640064992,0.0,0.34742074456176325,0.5589911347441756,0.0,0.46112720014183173,0.16322589651945052,0.0038982958299398967,0.0,0.09183310715264557,0.0,0.0,0.0,0.3762207238309255,0.2421747730300324,0.0,0.13877401638371203,0.3644466866977715,0.09613362142310378,0.0,0.0,0.0,0.21535864186860712,0.0,0.05903213887137889,0.0
0.0,0.0,0.17067294888869655,0.0,0.3154287522233689,0.11181747865221049,0.20898084269789344,0.35496165767469173,0.17176009029519537,0.0,0.29656586003734703,0.3907129096762949,0.2827614607641002,0.4942501651976797,0.011787235563579187,0.07222430898363356,0.0,0.0,0.2506786627674632,0.1623003194437236,0.0,0.0,0.2676387850681797,0.0,0.0,0.051566979394233485,0.0,0.45248073018260876,0.0,0.42539013361360334,0.4513586049094728,0.0,0.0,0.6162832273993926,0.08847968761182118,0.5477942361312782,0.5327420266016424,0.38177065762681855,0.0,0.0,0.0,0.1907475462088889,0.08279802521570755,0.0,0.0,0.0,0.0,0.04903253392558657,0.5972393844843136,0.06666553939160516,0.0,0.0,0.37511488465203147,0.04216136537748686,0.0,0.3491783310349293,0.5339937720799649,0.0,0.2228490611493358,0.0,0.0,0.0,0.0,0.0,0.0,0.0,0.0,0.13873085483417072,0.0,0.0,0.0,0.0,0.0,0.0,0.0,0.0
0.0,0.0,0.12243606009148868,0.3154287522233689,0.0,0.0,0.5501501315098472,0.028839005412441658,0.7449438100208934,0.0,0.522688901512635,0.15627519615356253,0.37602770627856474,0.3504507205535304,0.0,0.3383119264261132,0.0,0.15119935313460328,0.05490765353522462,0.04857310435107959,0.0,0.08753531463172655,0.0,0.0,0.0,0.0,0.014814185937234424,0.41953432561604626,0.22983365453595145,0.3892485092117081,0.1969531572930419,0.0,0.0,0.3400813365899838,0.04116624595891981,0.21557642989648854,0.36637190626822236,0.31979603559805714,0.0,0.0,0.0,0.1461606593800254,0.005387015958967888,0.0949891039739623,0.0,0.0,0.0,0.2627935554637235,0.20969383756762877,0.6876763228320837,0.0,0.38804370801964966,0.0,0.3242016572094239,0.0,0.42636747727677143,0.16868543533623728,0.0,0.3259555602038063,0.0,0.0,0.0,0.0,0.0,0.0,0.0,0.0,0.0,0.0,0.0,0.0,0.0,0.03990775786274347,0.0,0.0,0.0
0.0,0.7114511884621545,0.29642685545311764,0.11181747865221049,0.0,0.0,0.4533891442304289,0.6738734931272179,0.0,0.3755475768551547,0.0,0.5737915454369543,0.6720193738793446,0.0,0.015553751425934105,0.0,0.39901863769062573,0.2865500824675709,0.1503224985802547,0.10951683349769313,0.1637353473012237,0.0,0.6756774877725312,0.3453379876804342,0.4729068883234954,0.7437100124972744,0.2024326501524643,0.0,0.0,0.0,0.0,0.10446017669092968,0.1811252164649619,0.03544235241814613,0.0,0.2826696880173096,0.06628507114004008,0.15554886369346657,0.0,0.10819200226762199,0.0,0.0,0.13122392904536506,0.12627173411565296,0.06485229472480115,0.0,0.33817026122101723,0.05861841316053094,0.0,0.0,0.499166630686974,0.0,0.4519526840514285,0.047518927170932666,0.13754441095534561,0.06806018952408038,0.422642168055487,0.4635161342571722,0.08378350774972643,0.0,0.0,0.10851520025137697,0.0,0.29101502258038764,0.0,0.07407225769338609,0.0,0.28855804931843027,0.09251870969870504,0.0,0.31055409254177946,0.0,0.0,0.0,0.0,0.0
0.0,0.21117259259055135,0.0,0.20898084269789344,0.5501501315098472,0.4533891442304289,0.0,0.17430627893425268,0.3732822769901907,0.4108757644140999,0.038150341803664174,0.2700451645595067,0.7532557414960809,0.20392653792126744,0.0,0.362119739297484,0.3280326356448392,0.5241067515249147,0.0,0.0,0.0,0.0,0.0,0.0,0.13557661486626832,0.1259268580975288,0.0,0.21775409285651812,0.18630529957338798,0.05288987720948363,0.18873450100386982,0.0,0.0,0.37910767324195604,0.0,0.2538718950245372,0.46845749222258204,0.34811905263288395,0.0,0.0,0.0,0.1773271589756774,0.14012931369340798,0.1517684387209338,0.0,0.0,0.0,0.0,0.12808753899509204,0.26693657721583214,0.0,0.4528211865137453,0.0,0.1429266502231139,0.1618355058400786,0.07546741819347184,0.26191838208615376,0.30493256136109104,0.1488327907201253,0.0,0.0,0.0,0.0,0.0,0.0,0.0,0.0,0.0,0.0,0.0,0.0,0.0,0.0,0.0,0.0,0.0
0.0,0.2366177245249643,0.3960455311371747,0.35496165767469173,0.028839005412441658,0.6738734931272179,0.17430627893425268,0.0,0.0,0.06367356743414501,0.3036204755015879,0.8673088280360439,0.47944556897722085,0.3925765520866494,0.0,0.0,0.006841980553043737,0.0,0.2877807866581316,0.0,0.0,0.0,0.852847688222576,0.5267854033240663,0.0,0.5749713976000559,0.0,0.0,0.0,0.0,0.0,0.0,0.08204460676344862,0.22892419052046295,0.0,0.4360671297038144,0.17036766080452262,0.4030574508271592,0.0,0.029839290497040427,0.0,0.08615384474369198,0.2623545075689377,0.04699259659089228,0.0,0.0,0.0,0.13812380824344397,0.16324923198203875,0.0,0.2814542527049141,0.0,0.8361838869976717,0.0,0.0,0.30525214120469113,0.7184833407164685,0.2965613788463204,0.3548551749273648,0.0,0.0,0.0,0.0,0.23461412632936035,0.0,0.0,0.0,0.5348240377037741,0.2028866525436901,0.0,0.17971152634149115,0.0,0.0,0.0,0.0,0.0
0.0614289060198142,0.0,0.2890072166114314,0.17176009029519537,0.7449438100208934,0.0,0.3732822769901907,0.0,0.0,0.04876985813468491,0.38035271075757277,0.05711348666671241,0.2846369412942774,0.1362213340983958,0.0,0.38911026670620497,0.08288540612481927,0.030506654142977287,0.0,0.20327041032561505,0.0,0.19229489450847329,0.0,0.0,0.0,0.0,0.0,0.5122755795951208,0.2089616823312794,0.5186467588604611,0.23862065537541566,0.0,0.0,0.29552312098303324,0.0,0.08782000679590653,0.2957171302641149,0.18146973389334975,0.0,0.0,0.0,0.07464789280253151,0.0,0.056341048890489874,0.0,0.0,0.0,0.4335403126739063,0.2654344348505012,0.7145138857608725,0.0,0.3716146701036211,0.0,0.6966154019810534,0.0,0.48771754148389396,0.0035370726328677535,0.0,0.07114422230536649,0.0,0.0,0.0,0.0,0.0,0.0,0.0,0.017326676412738686,0.0,0.0,0.0,0.0,0.0,0.22357268592232626,0.0,0.0,0.0
0.05614534403035112,0.6628917903469984,0.06891108623356831,0.0,0.0,0.3755475768551547,0.4108757644140999,0.06367356743414501,0.04876985813468491,0.0,0.0,0.2060213593050491,0.24725088107955834,0.0,0.20941497089196573,0.14525013555298744,0.6103591600298147,0.5369030266597983,0.0,0.38592040032268415,0.539307252366599,0.4179101162795006,0.04721409566407333,0.0,0.550778963786019,0.45987937541263324,0.4099602197063538,0.3258450248824124,0.3992487218192778,0.0,0.3804857803739923,0.13348870341605645,0.2095801790300066,0.20857962383439507,0.0,0.3787314073353276,0.32092708538065795,0.22352483726951425,0.0,0.14125469885138842,0.0,0.0,0.30778074579557435,0.5462236549090601,0.0,0.0,0.22530313382535747,0.0,0.11069585078877502,0.04540638176921328,0.1211260469757283,0.3593273429767565,0.0,0.22756370824445568,0.7476391428171869,0.0,0.13275076350482923,0.08531622881379085,0.0,0.35340725596913586,0.17224827880532587,0.4576315548443341,0.10250858845576238,0.03582016178867848,0.12763286865918916,0.4198511379221455,0.2607601944814082,0.0,0.0,0.34449059870823495,0.2843929904851025,0.2630287154677487,0.16143101239503527,0.14821765876638468,0.0,0.0
0.0,0.0,0.2959868745611517,0.29656586003734703,0.522688901512635,0.0,0.038150341803664174,0.3036204755015879,0.38035271075757277,0.0,0.0,0.345797876769365,0.1220893477769211,0.4893961201128019,0.0,0.0,0.0,0.0,0.5047926561709813,0.0,0.0,0.0,0.2373638301645766,0.10672698123023634,0.0,0.0,0.0,0.0798140901534932,0.0,0.26735841943830835,0.0,0.0,0.0,0.1976625495405093,0.13906579182746734,0.09357623264154714,0.08691055951332455,0.21772635098580181,0.0,0.0,0.0,0.1202218096273979,0.0,0.0,0.0,0.035703998044778314,0.0,0.4511687507937217,0.0841286032357653,0.3752556588039641,0.0,0.0,0.23614009864522384,0.07933834981884041,0.0,0.65780858462851,0.3314728364196743,0.0,0.38240650045966007,0.0,0.0,0.0,0.0,0.18214607833427177,0.0,0.0,0.0,0.0366741850230299,0.0,0.0,0.0,0.0,0.0,0.0,0.04172893311975552,0.0
0.0,0.2070271203531932,0.36958445681953733,0.3907129096762949,0.15627519615356253,0.5737915454369543,0.2700451645595067,0.8673088280360439,0.05711348666671241,0.2060213593050491,0.345797876769365,0.0,0.577750541520349,0.33593269011677906,0.0,0.0,0.20256889576834075,0.0,0.21340169923248695,0.021212045139728464,0.0,0.0,0.6681085745493229,0.5487818221800721,0.0,0.6190230021733077,0.0,0.11962133762467365,0.0,0.0,0.0,0.0,0.10927149066336772,0.3155829803550519,0.0,0.48174007275968284,0.2742339762630721,0.5070263000199985,0.0,0.016006642479341502,0.0,0.04480216309088433,0.32749146232171095,0.1915487055453418,0.00576771449258411,0.0,0.0,0.1398508358198885,0.20170045660595978,0.08539858950613316,0.06261402652036586,0.0,0.6896018487613751,0.06343342211914138,0.0,0.34350770606973685,0.8536244157112032,0.32557489989478877,0.28134845828145716,0.0,0.0,0.0,0.0,0.14542502396843124,0.0,0.0,0.0,0.2554703668493912,0.18135471650677326,0.0,0.14421478352947395,0.0,0.0,0.0,0.0,0.0
0.0,0.29076753227425894,0.20389103556737073,0.2827614607641002,0.37602770627856474,0.6720193738793446,0.7532557414960809,0.47944556897722085,0.2846369412942774,0.24725088107955834,0.1220893477769211,0.577750541520349,0.0,0.29034306833412865,0.0,0.22977937277192828,0.519468064562649,0.2398052494711634,0.06872753766983816,0.0,0.0,0.0,0.22855850167706543,0.15264492705647428,0.06599604844539383,0.4281306451426613,0.0,0.31034946899343585,0.0,0.013836145362359345,0.014321736822348503,0.0,0.008310856355628709,0.36180051033183025,0.0,0.3617269614807078,0.3657434830966328,0.36873172707649915,0.0,0.0,0.0,0.08264526168242237,0.1904009744176054,0.11072714298942385,0.0,0.0,0.0,0.08951858960182392,0.23718425666745344,0.20693322598567582,0.014865390804462388,0.20296259357956267,0.20515147268809766,0.1686658097978345,0.040849291734359076,0.1904466570251539,0.48009139521356275,0.5520235983163093,0.22045889113878314,0.0,0.0,0.0,0.0,0.0,0.0,0.0,0.0,0.0,0.0,0.0,0.0,0.0,0.0,0.0,0.0,0.0
0.0,0.0,0.0,0.4942501651976797,0.3504507205535304,0.0,0.20392653792126744,0.3925765520866494,0.1362213340983958,0.0,0.4893961201128019,0.33593269011677906,0.29034306833412865,0.0,0.0,0.0,0.0,0.0,0.06331606394153395,0.0,0.0,0.0,0.2401813491481347,0.06468959937025452,0.0,0.0,0.0,0.0202622395781985,0.0,0.28636140660048875,0.0722541527721941,0.0,0.0,0.42394826527937085,0.4537544472197341,0.2349968489142688,0.2819950987826292,0.32601104512082585,0.0,0.0,0.0,0.5423415684812827,0.0684187563209824,0.0,0.0,0.060858544822259115,0.0,0.0,0.25027721541350895,0.25804869599493857,0.0,0.019209770859845147,0.2821429532660359,0.0,0.0,0.21096368894093628,0.42973223454902393,0.024015113956368263,0.6259687495545886,0.0,0.0,0.0,0.0,0.0,0.0,0.0,0.0,0.05095180453123011,0.0,0.0,0.0,0.0,0.0,0.0,0.0,0.0
0.3371965032329711,0.22088405351429682,0.3232233794376668,0.011787235563579187,0.0,0.015553751425934105,0.0,0.0,0.0,0.20941497089196573,0.0,0.0,0.0,0.0,0.0,0.0,0.023200778924923962,0.07574678338288028,0.20601180580875098,0.7833522964985284,0.7228928057107359,0.7074549361674072,0.24594344863056938,0.0,0.2883325598653855,0.09448688618723067,0.7254713359811967,0.2912010855723705,0.4915570142485837,0.08648495630326403,0.2320376900727613,0.30301396012681403,0.040214487567373586,0.0,0.0,0.17963754168320403,0.0,0.0,0.16095743170834895,0.11370641725190711,0.02303406553233269,0.0,0.0,0.07337841841811399,0.12459332526313448,0.0,0.4276590476688362,0.2381496135948267,0.01953527262865386,0.0,0.12543729035907886,0.0,0.14821138570740156,0.2934527182800526,0.037400656241052266,0.18591627707766234,0.0,0.0,0.0,0.8510642204452507,0.28310102071851756,0.16174726139100948,0.0337291837735905,0.35479409964737935,0.6655209279785803,0.45261351668271715,0.6914667646201552,0.49026051328247067,0.09696070190738583,0.13225540399927427,0.09590931787200899,0.5984256733415229,0.32489176281864174,0.34716541008464186,0.0,0.0
0.3732224322033006,0.009991710887988095,0.0,0.07222430898363356,0.3383119264261132,0.0,0.362119739297484,0.0,0.38911026670620497,0.14525013555298744,0.0,0.0,0.22977937277192828,0.0,0.0,0.0,0.47677178952563537,0.4972170489802133,0.0,0.11090103842522772,0.09959593121287613,0.4022072731118863,0.0,0.0,0.1489178064089712,0.0,0.0,0.39462258503782316,0.3037560608497145,0.3017009622978026,0.35223270733983875,0.0,0.07686588830109856,0.28674435103165613,0.045717373901363836,0.0,0.10832121547917453,0.0,0.0,0.0,0.0245728398582884,0.0,0.0,0.019468381851184383,0.0,0.24668818848209734,0.0,0.07830794831843864,0.11910614367803925,0.18737303525226015,0.0,0.06515817695069298,0.0,0.2818469603199422,0.006015621827591673,0.040598934476745674,0.0,0.0,0.0,0.06879965323249781,0.1850996329864141,0.031199513169212663,0.16137759847796973,0.0,0.0,0.044158495094967505,0.09018895903388646,0.0,0.0,0.0,0.0,0.0,0.2104561200218878,0.058820657717867646,0.0,0.0026811105666581614
0.06456468486672194,0.6465725213148653,0.24633691252088324,0.0,0.0,0.39901863769062573,0.3280326356448392,0.006841980553043737,0.08288540612481927,0.6103591600298147,0.0,0.20256889576834075,0.519468064562649,0.0,0.023200778924923962,0.47677178952563537,0.0,0.5209768600412873,0.027651020075046096,0.2526494470477761,0.30270274212255877,0.3307739900775421,0.0,0.21207734036303985,0.514622759573176,0.5541072820741311,0.02332858117456876,0.3419686528244844,0.10234842921679217,0.0,0.15062319948416739,0.0936930141041917,0.35857646552968037,0.07459656563063277,0.0,0.2124482281637187,0.11671457997390368,0.0639558674706584,0.0,0.18206646936041904,0.018570548172140777,0.0,0.15113156805007338,0.27656717066492076,0.11688404230218484,0.0,0.1556442170899792,0.0631487862812409,0.06515270630438837,0.0,0.07906977456041395,0.07729552190269892,0.0,0.31182295644857594,0.39528764444205894,0.0,0.0,0.3368988832982058,0.0,0.1984509178686485,0.0782262605599726,0.5142121069876806,0.1366319531970377,0.12137484570808833,0.1117327116253915,0.053278478064847784,0.2053842640288007,0.0,0.07174478538440887,0.1712540081663073,0.21460888387675855,0.0,0.29537828671935984,0.0,0.0,0.0
0.006678740607057474,0.5710336379000807,0.0,0.0,0.15119935313460328,0.2865500824675709,0.5241067515249147,0.0,0.030506654142977287,0.5369030266597983,0.0,0.0,0.2398052494711634,0.0,0.07574678338288028,0.4972170489802133,0.5209768600412873,0.0,0.0,0.18447920939293036,0.2903137987916472,0.5087199915652058,0.0,0.0,0.6500850044658306,0.23418329412932448,0.4393329585144457,0.06382596458034673,0.55105938229824,0.0,0.008103762092607275,0.23461969977536445,0.22036316038515832,0.0,0.0,0.0,0.0,0.0,0.019685140759054864,0.11122903662478073,0.1278863597337321,0.0,0.02627093091994909,0.22343253584020442,0.042134759246556554,0.0,0.25804493353703134,0.0,0.0,0.0,0.06475373192439653,0.2196597001716336,0.0,0.1245109282123387,0.3859987856207887,0.0,0.0,0.10827180099583408,0.0,0.22529108179412707,0.34742524927470153,0.48297057167361357,0.35602565563025407,0.19197086708998443,0.1247725182418448,0.1859085587171847,0.24393200705289525,0.0,0.0,0.35997609545387854,0.1022591695985887,0.27262031906016926,0.16890805540708226,0.31652688169906285,0.13139503838248237,0.1504025768593487
0.0,0.040600794834618696,0.4558243134552259,0.2506786627674632,0.05490765353522462,0.1503224985802547,0.0,0.2877807866581316,0.0,0.0,0.5047926561709813,0.21340169923248695,0.06872753766983816,0.06331606394153395,0.20601180580875098,0.0,0.027651020075046096,0.0,0.0,0.19820330767935193,0.0,0.14385196379404722,0.3623069605160541,0.26065449179994415,0.0,0.11593808478986407,0.06550697685351876,0.011532131374618459,0.0,0.05490073575871793,0.0,0.015266891669862117,0.06753653524483863,0.036673548581336965,0.0,0.0557471395528395,0.0,0.0,0.05351202653394611,0.134110493612735,0.14594230356866894,0.0,0.0,0.0,0.08237880877581655,0.0,0.09157851577779234,0.4568671299891593,0.05711009423056757,0.0,0.06474050763227802,0.0,0.31204554653062505,0.004112858986563889,0.0,0.3921525996941718,0.176687895713824,0.0,0.02580703304393448,0.0,0.0,0.0,0.0,0.6952811054678452,0.08143984615669261,0.0,0.03985737648610015,0.24774202200430528,0.09611252236574694,0.0,0.0,0.0,0.0,0.0,0.11746606103785474,0.0
0.2687074092979974,0.24997904080718666,0.4150307871554275,0.1623003194437236,0.04857310435107959,0.10951683349769313,0.0,0.0,0.20327041032561505,0.38592040032268415,0.0,0.021212045139728464,0.0,0.0,0.7833522964985284,0.11090103842522772,0.2526494470477761,0.18447920939293036,0.19820330767935193,0.0,0.6885445811875528,0.8544832917530881,0.14142643812746455,0.0,0.28797488972436414,0.19588832411066248,0.648159514691856,0.5332059647175935,0.5526035336084949,0.27561764178768766,0.43762699858965654,0.13155157859482505,0.05338665887369246,0.14433489545316636,0.0,0.325522929855883,0.0933385217489714,0.0,0.0,0.1311382579004577,0.0,0.0,0.0,0.18938102560464845,0.17428672122461075,0.0,0.250990163727214,0.25780400691708716,0.11716881507954087,0.0,0.0,0.0,0.07925555736588327,0.44930598019334,0.0990289293909238,0.25214522150050894,0.06828175178757658,0.0,0.0,0.7107580236043246,0.17759709409103003,0.09883447158286195,0.0,0.2768922852739702,0.7334689902681695,0.35543863087140215,0.7569015833735425,0.2562656383672477,0.0,0.0004587129689044607,0.008652804930108955,0.4550953139438375,0.3796413617867554,0.20139473643665884,0.0,0.0
0.27977744083756945,0.4060312341912899,0.10939977140333254,0.0,0.0,0.1637353473012237,0.0,0.0,0.0,0.539307252366599,0.0,0.0,0.0,0.0,0.7228928057107359,0.09959593121287613,0.30270274212255877,0.2903137987916472,0.0,0.6885445811875528,0.0,0.6561046419960651,0.14132630807096663,0.0,0.49931494631998175,0.22315310635560653,0.6815019376715649,0.3230491850420303,0.5270510997679226,0.033628645308145064,0.3482867689531586,0.3892120440416414,0.25531560014501725,0.0,0.0,0.20368859894597172,0.0,0.0,0.17804355286820756,0.24609925283836473,0.05097788762761766,0.0,0.0,0.27126268879411913,0.16383072183778,0.0,0.4560619842476687,0.0,0.0,0.0,0.24129389119733963,0.0,0.0770147273682409,0.1833212225937999,0.43175472220457917,0.0,0.0,0.0,0.0,0.7757845168668844,0.37957359867163315,0.39971026549249045,0.23786399238147304,0.1892066232527377,0.5566729677189599,0.7352362442020285,0.6575784206924546,0.2718176099296498,0.15001641029819163,0.381554620179735,0.28326307248806754,0.5414677325649652,0.39486146832477176,0.3732258783364392,0.0,0.06972950791987638
0.42198718825672166,0.2879693437121616,0.17185202757583773,0.0,0.08753531463172655,0.0,0.0,0.0,0.19229489450847329,0.4179101162795006,0.0,0.0,0.0,0.0,0.7074549361674072,0.4022072731118863,0.3307739900775421,0.5087199915652058,0.14385196379404722,0.8544832917530881,0.6561046419960651,0.0,0.0,0.0,0.4682363974055528,0.07762430891915106,0.7225413304311393,0.4435181055805651,0.7294327844195743,0.1703450261748274,0.41327357422681793,0.22978445469627212,0.06585078952180004,0.007164906617167009,0.0,0.09761885690596045,0.0,0.0,0.0,0.14867081389730508,0.010572282004389318,0.0,0.0,0.12816382362695158,0.1631133187794519,0.017684478776404805,0.27622367657970587,0.1578234948837674,0.0,0.0,0.0,0.0,0.0,0.44123610051882084,0.11905088849356395,0.14965596616619026,0.0,0.0,0.0,0.7439885244535027,0.4605619567205413,0.27975875098243963,0.22132064360032075,0.28210959100461247,0.7361313215990557,0.356659036102011,0.8222071838468253,0.015283262682031168,0.0,0.19189001786671955,0.0,0.5669112944622423,0.4169993125303038,0.452813246650384,0.0,0.07350802090273491
0.0,0.34471152875478744,0.5336057281611165,0.2676387850681797,0.0,0.6756774877725312,0.0,0.852847688222576,0.0,0.04721409566407333,0.2373638301645766,0.6681085745493229,0.22855850167706543,0.2401813491481347,0.24594344863056938,0.0,0.0,0.0,0.3623069605160541,0.14142643812746455,0.14132630807096663,0.0,0.0,0.49964521391552463,0.09619066284473854,0.6101040783856214,0.17972514777614784,0.0,0.0,0.0,0.0,0.058932380405561105,0.13483912406544504,0.07840586428150798,0.0,0.31439529889103424,0.007860873474833177,0.20064463327143087,0.0041818737651675994,0.09088035326034463,0.0,0.0,0.1273123894349182,0.0,0.03565502071045636,0.0,0.22342041300546733,0.2897753475451896,0.13735267008427277,0.0,0.39117856919535937,0.0,0.7974374143997623,0.0,0.0,0.302502593152014,0.5282091228565305,0.10867828467030254,0.22751822160459595,0.0,0.0,0.0,0.0,0.4110778893746521,0.0,0.0,0.0,0.759948446834803,0.2889753436402539,0.0,0.22607519770785817,0.0,0.0,0.0,0.0,0.0
0.0,0.2946923365221435,0.29383621225461537,0.0,0.0,0.3453379876804342,0.0,0.5267854033240663,0.0,0.0,0.10672698123023634,0.5487818221800721,0.15264492705647428,0.06468959937025452,0.0,0.0,0.21207734036303985,0.0,0.26065449179994415,0.0,0.0,0.0,0.49964521391552463,0.0,0.21719360699226206,0.6192505923224491,0.0,0.0,0.0,0.0,0.0,0.20168661237930408,0.39722522891285544,0.0,0.024348060481377838,0.0,0.0,0.06733058957264336,0.19033056824150427,0.30515013393517776,0.27346459985146254,0.0,0.14819952322052796,0.0,0.26467315477523756,0.0,0.13066826394169936,0.1760620361477009,0.0,0.0,0.28612735513588244,0.0,0.4149956795546412,0.0,0.0,0.12778824105942183,0.21328508163212814,0.3453030699570479,0.08310796644393932,0.0,0.0,0.050556754460675535,0.0,0.3653602261361123,0.0,0.0,0.0,0.2160661973730091,0.7071844200853792,0.08133735661497729,0.5230077265909306,0.0,0.0,0.0,0.2526583080743814,0.06448596343746153
0.1435426408639251,0.8615801575790432,0.10412292293107375,0.0,0.0,0.4729068883234954,0.13557661486626832,0.0,0.0,0.550778963786019,0.0,0.0,0.06599604844539383,0.0,0.2883325598653855,0.1489178064089712,0.514622759573176,0.6500850044658306,0.0,0.28797488972436414,0.49931494631998175,0.4682363974055528,0.09619066284473854,0.21719360699226206,0.0,0.5628807681221867,0.5472338095620103,0.0,0.43799267161814653,0.0,0.0,0.4248351802715386,0.40052654669241644,0.0,0.0,0.0,0.0,0.0,0.19863341136504084,0.22329841995621563,0.2095347038138173,0.0,0.0,0.07287057792941666,0.18836941103114793,0.0,0.5450919574854852,0.06048214964340918,0.0,0.0,0.3528421580788394,0.0,0.0,0.23052707484161644,0.34038700757079515,0.0,0.0,0.005839003003999611,0.0,0.3604809695448112,0.28228761906922145,0.47502953936099906,0.2578798369416854,0.331649986619638,0.28908797880487686,0.394059875592045,0.3490581168190866,0.018880644674416556,0.23320902925787548,0.5947592228177793,0.4446066631588146,0.4154293398893406,0.07028270974663278,0.3594713470693338,0.10714298913270257,0.1879555145387469
0.0,0.8345022053293814,0.44336749160191763,0.051566979394233485,0.0,0.7437100124972744,0.1259268580975288,0.5749713976000559,0.0,0.45987937541263324,0.0,0.6190230021733077,0.4281306451426613,0.0,0.09448688618723067,0.0,0.5541072820741311,0.23418329412932448,0.11593808478986407,0.19588832411066248,0.22315310635560653,0.07762430891915106,0.6101040783856214,0.6192505923224491,0.5628807681221867,0.0,0.05409376951392596,0.0,0.0,0.0,0.0,0.26120181725868286,0.3836530728244516,0.0,0.0,0.3704655312305278,0.044848108731295105,0.18246515490039775,0.040859156088252684,0.2645651609510486,0.05191067839154804,0.0,0.28804114011082427,0.3304950810534306,0.24854005726537134,0.0,0.3002148453889862,0.09310554054663336,0.07577105459588039,0.0,0.3589467604092003,0.0,0.3724091158689599,0.12406404999494278,0.12791292370843566,0.09183294951995777,0.24701664995981995,0.2818482703108003,0.0,0.05935867128889136,0.0,0.22872768720249959,0.0,0.3481440598435337,0.04043001063638633,0.0137052377358692,0.03676729633170312,0.2688408879969605,0.4502710089794818,0.051253543021365144,0.4423534911296915,0.0,0.0,0.0,0.0,0.0
0.16193552536246203,0.38201911785347675,0.12022439601298134,0.0,0.014814185937234424,0.2024326501524643,0.0,0.0,0.0,0.4099602197063538,0.0,0.0,0.0,0.0,0.7254713359811967,0.0,0.02332858117456876,0.4393329585144457,0.06550697685351876,0.648159514691856,0.6815019376715649,0.7225413304311393,0.17972514777614784,0.0,0.5472338095620103,0.05409376951392596,0.0,0.05925669973263822,0.8065998530462389,0.0,0.12461321335162052,0.3591317355425394,0.034660144114273476,0.0,0.0,0.0,0.0,0.0,0.1768922601461145,0.12324010062461846,0.0,0.0,0.0,0.0998989216957681,0.13755003002467175,0.0,0.5432235254601904,0.1109297564298762,0.0,0.0,0.30193978843868297,0.0,0.0,0.22617636796715632,0.2411612852625253,0.04034964428441847,0.0,0.0,0.0,0.622327294192991,0.43428524124360945,0.2995471653703384,0.21739548240281212,0.2879613803992303,0.557748428181264,0.5198296679278666,0.6242382638665794,0.3313450731313949,0.0,0.39354414727921294,0.11969188145812874,0.7500620475203199,0.16735944545883033,0.5750291486805724,0.0,0.09405198111092818
0.21260935715559814,0.0,0.2475742780799908,0.45248073018260876,0.41953432561604626,0.0,0.21775409285651812,0.0,0.5122755795951208,0.3258450248824124,0.0798140901534932,0.11962133762467365,0.31034946899343585,0.0202622395781985,0.2912010855723705,0.39462258503782316,0.3419686528244844,0.06382596458034673,0.011532131374618459,0.5332059647175935,0.3230491850420303,0.4435181055805651,0.0,0.0,0.0,0.0,0.05925669973263822,0.0,0.2880054785708998,0.6852768184659391,0.6574527160193053,0.0,0.0,0.5394546372788327,0.0,0.5163032070961241,0.517503310093679,0.35082826774893067,0.0,0.0,0.0,0.0,0.16090162112494732,0.3401243461272278,0.0,0.0,0.0,0.13188231289085064,0.5639848182857996,0.4070135846649822,0.0,0.2559730187116169,0.02800442840601032,0.37588584088362004,0.13770102312953944,0.244837942092473,0.27364822936584804,0.0,0.0,0.2637408832553668,0.0,0.0,0.0,0.0,0.11956462529668567,0.08787557382026283,0.17794177486853793,0.0,0.0,0.0,0.0,0.0,0.45368297213893494,0.0,0.0,0.0
0.23856228838667343,0.14219300989743616,0.0,0.0,0.22983365453595145,0.0,0.18630529957338798,0.0,0.2089616823312794,0.3992487218192778,0.0,0.0,0.0,0.0,0.4915570142485837,0.3037560608497145,0.10234842921679217,0.55105938229824,0.0,0.5526035336084949,0.5270510997679226,0.7294327844195743,0.0,0.0,0.43799267161814653,0.0,0.8065998530462389,0.2880054785708998,0.0,0.11870462265954368,0.34063202707657364,0.08908069482757149,0.0,0.0,0.0,0.0,0.0,0.0,0.0,0.0,0.0,0.0,0.0,0.06173144338943592,0.0,0.14705227964626189,0.19702536933823514,0.002122209572943477,0.0,0.0457954502589684,0.0,0.1821308580008284,0.0,0.25714446697518656,0.29280134377599454,0.0,0.0,0.0,0.0,0.5116644810032493,0.5564688906799653,0.2078210744996253,0.35833074872297316,0.0,0.4490155104973467,0.4870847241900117,0.5287808868767367,0.0,0.0,0.32661487598381966,0.0,0.6135913162628912,0.218774999820302,0.6694276526427151,0.0,0.0647569055401841
0.21329354012084537,0.0,0.00970401507325278,0.42539013361360334,0.3892485092117081,0.0,0.05288987720948363,0.0,0.5186467588604611,0.0,0.26735841943830835,0.0,0.013836145362359345,0.28636140660048875,0.08648495630326403,0.3017009622978026,0.0,0.0,0.05490073575871793,0.27561764178768766,0.033628645308145064,0.1703450261748274,0.0,0.0,0.0,0.0,0.0,0.6852768184659391,0.11870462265954368,0.0,0.6491259068898618,0.0,0.0,0.5821061672335647,0.08361807378157828,0.2672636869100702,0.41978820243705417,0.3502309757249223,0.0,0.0,0.0,0.2607296867389016,0.0,0.0004635127019191597,0.0,0.1397097122470073,0.0,0.07221074432996688,0.38447526711092467,0.33045823965978777,0.0,0.0686522039018013,0.0,0.21995351536469993,0.0,0.29889543402333674,0.18717818199892208,0.0,0.0,0.11989038574902502,0.0,0.0,0.0,0.0,0.028865934318489987,0.0,0.09075377925562167,0.0,0.0,0.0,0.0,0.0,0.17231097527723072,0.0,0.0,0.0
0.3759355745623002,0.0,0.0,0.4513586049094728,0.1969531572930419,0.0,0.18873450100386982,0.0,0.23862065537541566,0.3804857803739923,0.0,0.0,0.014321736822348503,0.0722541527721941,0.2320376900727613,0.35223270733983875,0.15062319948416739,0.008103762092607275,0.0,0.43762699858965654,0.3482867689531586,0.41327357422681793,0.0,0.0,0.0,0.0,0.12461321335162052,0.6574527160193053,0.34063202707657364,0.6491259068898618,0.0,0.0,0.01354367866333049,0.6632808566036529,0.0,0.4431421256824716,0.5116160718581726,0.4460036039433022,0.0,0.09142208441245217,0.0,0.12560153520994147,0.14660596947263532,0.2702782055865374,0.0,0.2692008795610096,0.0,0.0,0.4560186437101303,0.13260155045030106,0.0,0.11690384558994156,0.0,0.0589250477434172,0.2458115736567488,0.10379813505806473,0.17342761798666742,0.0,0.0,0.26584407853603237,0.0,0.0,0.0,0.0,0.03753101250904593,0.26792846356373495,0.16651131326670146,0.0,0.0,0.0,0.0,0.0,0.10774495740702689,0.0,0.0,0.0
0.09135152655811844,0.40540175018421826,0.0,0.0,0.0,0.10446017669092968,0.0,0.0,0.0,0.13348870341605645,0.0,0.0,0.0,0.0,0.30301396012681403,0.0,0.0936930141041917,0.23461969977536445,0.015266891669862117,0.13155157859482505,0.3892120440416414,0.22978445469627212,0.058932380405561105,0.20168661237930408,0.4248351802715386,0.26120181725868286,0.3591317355425394,0.0,0.08908069482757149,0.0,0.0,0.0,0.3837687038593832,0.0,0.0,0.0,0.0,0.0,0.8116454026246454,0.4043850068962554,0.5440021942612852,0.0,0.020417930036745826,0.12113301378414974,0.43193076350717324,0.0,0.5516169349867184,0.0,0.0,0.0,0.36770201278359305,0.0,0.0,0.0,0.21924251474664083,0.0,0.0,0.05963781155368823,0.0,0.421850022704802,0.46667947147813327,0.5892794901009519,0.3594357928702101,0.4334554630139417,0.4256640308339237,0.20771443332215536,0.46927573020786295,0.1868625225247028,0.5434562917918884,0.5300114267308648,0.38506899053166804,0.3547828276164109,0.31024651842616974,0.3967607102984413,0.4077185085339882,0.6007337178230887
0.11739417626663588,0.353913389453216,0.018293955845721844,0.0,0.0,0.1811252164649619,0.0,0.08204460676344862,0.0,0.2095801790300066,0.0,0.10927149066336772,0.008310856355628709,0.0,0.040214487567373586,0.07686588830109856,0.35857646552968037,0.22036316038515832,0.06753653524483863,0.05338665887369246,0.25531560014501725,0.06585078952180004,0.13483912406544504,0.39722522891285544,0.40052654669241644,0.3836530728244516,0.034660144114273476,0.0,0.0,0.0,0.01354367866333049,0.3837687038593832,0.0,0.0,0.0,0.05736863211137847,0.0,0.1303842001268637,0.2656178995383721,0.5659375010581489,0.330238545585825,0.0,0.134189783909458,0.11364168884409943,0.40110863649762724,0.06110759830688504,0.2973962556777747,0.0,0.0,0.0,0.2722064363013614,0.0,0.06325336830167164,0.0,0.2441536707329417,0.0,0.0,0.2030947661603417,0.0,0.13131048676527216,0.0940180854489486,0.3876384184544928,0.17977018770947492,0.2028867120697826,0.10868726521924146,0.2226075536576622,0.13156104335065383,0.06048485628042364,0.45016180157927177,0.3543213470831751,0.41287041112731526,0.054362047650472756,0.06857542249661844,0.027461220286237875,0.1456649383625889,0.173220555795551
0.02277590081287387,0.0,0.08115236541207968,0.6162832273993926,0.3400813365899838,0.03544235241814613,0.37910767324195604,0.22892419052046295,0.29552312098303324,0.20857962383439507,0.1976625495405093,0.3155829803550519,0.36180051033183025,0.42394826527937085,0.0,0.28674435103165613,0.07459656563063277,0.0,0.036673548581336965,0.14433489545316636,0.0,0.007164906617167009,0.07840586428150798,0.0,0.0,0.0,0.0,0.5394546372788327,0.0,0.5821061672335647,0.6632808566036529,0.0,0.0,0.0,0.1390699315828631,0.4839317316675554,0.6545873688060636,0.5394635516578196,0.0,0.0,0.0,0.22694444922617046,0.21431284749599563,0.26771036250704444,0.0,0.07671745604485022,0.0,0.0,0.5200728366975316,0.2672305140833379,0.0,0.12623776846395046,0.15873216940864257,0.024784577649634574,0.036371711069956236,0.23955724928767635,0.49185858924536374,0.0,0.22394246017872868,0.0,0.0,0.0,0.0,0.0,0.0,0.0,0.0,0.0,0.0,0.0,0.0,0.0,0.0,0.0,0.0,0.0
0.011269996372216155,0.0,0.0,0.08847968761182118,0.04116624595891981,0.0,0.0,0.0,0.0,0.0,0.13906579182746734,0.0,0.0,0.4537544472197341,0.0,0.045717373901363836,0.0,0.0,0.0,0.0,0.0,0.0,0.0,0.024348060481377838,0.0,0.0,0.0,0.0,0.0,0.08361807378157828,0.0,0.0,0.0,0.1390699315828631,0.0,0.0,0.0,0.0,0.0,0.0,0.18754074139420052,0.34418719206668885,0.0,0.0,0.0,0.31045566453373225,0.0,0.0,0.03714972770350325,0.0,0.0,0.0,0.0,0.0,0.0,0.02801383058511488,0.0,0.0,0.22585695821355697,0.0,0.0,0.0,0.0,0.0,0.0,0.0,0.0,0.0,0.0,0.0,0.0,0.0,0.0,0.0,0.10836940042681223,0.05670313661015372
0.0,0.21741555987449376,0.2273490869947691,0.5477942361312782,0.21557642989648854,0.2826696880173096,0.2538718950245372,0.4360671297038144,0.08782000679590653,0.3787314073353276,0.09357623264154714,0.48174007275968284,0.3617269614807078,0.2349968489142688,0.17963754168320403,0.0,0.2124482281637187,0.0,0.0557471395528395,0.325522929855883,0.20368859894597172,0.09761885690596045,0.31439529889103424,0.0,0.0,0.3704655312305278,0.0,0.5163032070961241,0.0,0.2672636869100702,0.4431421256824716,0.0,0.05736863211137847,0.4839317316675554,0.0,0.0,0.6225247853566287,0.5152453269730621,0.0,0.008330799835495749,0.0,0.0,0.5528347712642036,0.45429060056569226,0.0,0.0,0.0,0.0,0.5389213613530032,0.2050684217402369,0.0,0.18138435940114064,0.42028371052849123,0.03852945887690708,0.17729059892420593,0.162092171080582,0.5235588674256222,0.034267634034655624,0.18565036731254667,0.11221392533580576,0.0,0.0,0.0,0.0,0.0,0.023580108742967815,0.0,0.21110336077320838,0.0,0.0,0.0037599772520539696,0.0,0.0,0.0,0.0,0.0
0.0,0.0,0.0537729282526484,0.5327420266016424,0.36637190626822236,0.06628507114004008,0.46845749222258204,0.17036766080452262,0.2957171302641149,0.32092708538065795,0.08691055951332455,0.2742339762630721,0.3657434830966328,0.2819950987826292,0.0,0.10832121547917453,0.11671457997390368,0.0,0.0,0.0933385217489714,0.0,0.0,0.007860873474833177,0.0,0.0,0.044848108731295105,0.0,0.517503310093679,0.0,0.41978820243705417,0.5116160718581726,0.0,0.0,0.6545873688060636,0.0,0.6225247853566287,0.0,0.5275323929219365,0.0,0.0,0.0,0.22675420633411705,0.4290831501109109,0.44649385494325816,0.0,0.0,0.0,0.0,0.5591404178858173,0.42201283922213806,0.0,0.428489535646854,0.11680116464461202,0.03948789832361844,0.19011908811209222,0.08309453012546378,0.42327707790048297,0.06477417708286005,0.18252877393427938,0.0,0.0,0.0,0.0,0.0,0.0,0.0,0.0,0.0,0.0,0.0,0.0,0.0,0.0,0.0,0.0,0.0
0.0,0.0,0.0,0.38177065762681855,0.31979603559805714,0.15554886369346657,0.34811905263288395,0.4030574508271592,0.18146973389334975,0.22352483726951425,0.21772635098580181,0.5070263000199985,0.36873172707649915,0.32601104512082585,0.0,0.0,0.0639558674706584,0.0,0.0,0.0,0.0,0.0,0.20064463327143087,0.06733058957264336,0.0,0.18246515490039775,0.0,0.35082826774893067,0.0,0.3502309757249223,0.4460036039433022,0.0,0.1303842001268637,0.5394635516578196,0.0,0.5152453269730621,0.5275323929219365,0.0,0.0,0.16904181270685847,0.0,0.2564676727540809,0.3330530344672841,0.2956264111433584,0.01572647648581744,0.0,0.0,0.0,0.3507800056082454,0.3746129873072675,0.0,0.2389271621250892,0.29112390755503437,0.0,0.100608509342776,0.25288947757029817,0.5485491390275696,0.12645182506251837,0.3377109364588928,0.0,0.0,0.0,0.0,0.0,0.0,0.04708449944631281,0.0,0.036456788319142265,0.0,0.0,0.013488073463729239,0.0,0.0,0.0,0.0,0.0
0.035862991561842,0.1398887222644028,0.0,0.0,0.0,0.0,0.0,0.0,0.0,0.0,0.0,0.0,0.0,0.0,0.16095743170834895,0.0,0.0,0.019685140759054864,0.05351202653394611,0.0,0.17804355286820756,0.0,0.0041818737651675994,0.19033056824150427,0.19863341136504084,0.040859156088252684,0.1768922601461145,0.0,0.0,0.0,0.0,0.8116454026246454,0.2656178995383721,0.0,0.0,0.0,0.0,0.0,0.0,0.3736890277092542,0.5137226516407546,0.0,0.0,0.0,0.42498796583948467,0.006591732978820112,0.5349554056025739,0.0,0.0,0.0,0.4174760938243675,0.0,0.0,0.0,0.12411607935449315,0.0,0.0,0.08885221574863178,0.0,0.2534291862397142,0.47899907799858027,0.5067061377978764,0.44008386893754387,0.3416711419797784,0.35248874602490343,0.15365372392505924,0.34860659040409414,0.21145218803713497,0.5865573973223472,0.4992586908064796,0.39398754943944075,0.3015385728891981,0.17647698615999474,0.3990016202322336,0.4749238226797235,0.7387425936453766
0.11904333921059455,0.22946460520937514,0.0,0.0,0.0,0.10819200226762199,0.0,0.029839290497040427,0.0,0.14125469885138842,0.0,0.016006642479341502,0.0,0.0,0.11370641725190711,0.0,0.18206646936041904,0.11122903662478073,0.134110493612735,0.1311382579004577,0.24609925283836473,0.14867081389730508,0.09088035326034463,0.30515013393517776,0.22329841995621563,0.2645651609510486,0.12324010062461846,0.0,0.0,0.0,0.09142208441245217,0.4043850068962554,0.5659375010581489,0.0,0.0,0.008330799835495749,0.0,0.16904181270685847,0.3736890277092542,0.0,0.30807250943824466,0.0,0.11221734540608914,0.11414784966807638,0.46453616667666037,0.08114178373309512,0.45935921085816656,0.0,0.0,0.0,0.3266544817484217,0.0,0.13740466279151414,0.0,0.34860512069075017,0.0,0.04746946328247542,0.14644190741679908,0.0,0.26389625065133915,0.2202752792495923,0.4677952473684726,0.31337493481279594,0.315968300077542,0.15799222616577105,0.24825418597975113,0.2553014056911988,0.12278525704540723,0.5239890375078672,0.4225968510151384,0.5586652953498186,0.14989298370091847,0.054042009793072054,0.0823736603316707,0.0550985381459765,0.22635339731022916
0.2003203138681041,0.11618833822548846,0.06755041104850584,0.0,0.0,0.0,0.0,0.0,0.0,0.0,0.0,0.0,0.0,0.0,0.02303406553233269,0.0245728398582884,0.018570548172140777,0.1278863597337321,0.14594230356866894,0.0,0.05097788762761766,0.010572282004389318,0.0,0.27346459985146254,0.2095347038138173,0.05191067839154804,0.0,0.0,0.0,0.0,0.0,0.5440021942612852,0.330238545585825,0.0,0.18754074139420052,0.0,0.0,0.0,0.5137226516407546,0.30807250943824466,0.0,0.0,0.0,0.0,0.2957696570861686,0.12528813079305332,0.2308177586148725,0.06959244635035752,0.0,0.0,0.16685386945812544,0.0,0.0,0.0,0.0,0.0,0.0,0.18511944527402852,0.0,0.11691353492115086,0.27546541073497577,0.3437827806261542,0.31554674177241143,0.2960133468140605,0.16153848128715415,0.0,0.18014451399364084,0.0,0.3581901574947062,0.30695716369640863,0.24100870325411347,0.07183792608332498,0.15422094465394043,0.15061180289924844,0.4990279645588906,0.5622699246174832
