0.0,0.0,0.0,0.0,0.0,0.0,0.0,0.0,0.05318074109392964,0.06509241851754621,0.0,0.0,0.0,0.0,0.31992747859552945,0.3622607701144663,0.06778635631473971,0.0,0.0,0.24749226427485138,0.24967911583476662,0.4014611204633563,0.0,0.0,0.13823825455673816,0.0,0.16301305089983067,0.1968491984269067,0.23745042828644933,0.2061193647496219,0.37532724848243765,0.10542181866180252,0.1301076901669106,0.023757042028555664,0.009961816124134826,0.0,0.0,0.0,0.03813252227760204,0.1159443729847499,0.17759447508346085,0.0,0.0,0.045519675952836965,0.08773390869814361,0.5554713417785059,0.019401124155410163,0.010570879104214195,0.008738155974870114,0.0,0.0,0.0,0.0,0.13250161509420477,0.0375023108742737,0.022834908735445716,0.0,0.0,0.0,0.40941709995378006,0.3966601480917058,0.09444675029547218,0.2628929231427382,0.0,0.3244750518979332,0.18437056148253442,0.3593968436853721,0.0,0.09938381745237586,0.20588441432027949,0.09896099962081929,0.21719407580464306,0.2874784950370101,0.3172078578670681,0.0,0.2464700588047051
0.0,0.0,0.23289830092985342,0.0,0.0,0.6916121640164242,0.20527643497622494,0.2322233656601463,0.0,0.6413295298917762,0.0,0.20718740681846634,0.27945793165461114,0.0,0.21720099066508222,0.024347849426573382,0.6201306797227318,0.5394622005873798,0.028529302923848643,0.23956390995880134,0.3872555553546598,0.28936561982712034,0.33300077276039725,0.28148001685053176,0.8234452011518644,0.813072209434177,0.36350799518441257,0.0,0.13365039213554927,0.0,0.0,0.40979658030279476,0.3442585188217979,0.0,0.0,0.2232891467946675,0.0,0.0,0.13269822625201008,0.21316528331156356,0.1039107469051481,0.0,0.1907708255856549,0.27990957526892657,0.16506967482704366,0.0,0.5643628852466895,0.006138110078095502,0.0,0.0,0.4820540250672925,0.0,0.0764129487687285,0.14128880208118194,0.4027251837533335,0.0,0.0,0.2666862588193729,0.0,0.28083324252622593,0.03554857040817066,0.5222448890424695,0.0196326813911558,0.3857850257512538,0.18163487306613776,0.17609858137732187,0.24518385753525843,0.16684231634079807,0.2653511554439276,0.3860466506624769,0.4809421153830136,0.28803990304284965,0.03849386510149564,0.06477521110952085,0.01013069807222296,0.01567273243675204
0.0,0.23289830092985342,0.0,0.16510766814698932,0.13364216254624353,0.31138056979301326,0.0,0.3689637674022327,0.28768138340246274,0.056530056012060764,0.28924332955444404,0.3566436604687291,0.21236817007931902,0.0,0.32083755960306715,0.0,0.22501465185860767,0.0,0.44726918689771383,0.4057180129855299,0.09727558932045134,0.1625277745481332,0.5167879576010108,0.2871762038399886,0.09168108117879045,0.42109314197436426,0.1388193820567128,0.25029675474223184,0.0,0.005785967093460301,0.0,0.0,0.007231990604437204,0.07621444695759905,0.0,0.25442308318031914,0.06700896334180133,0.0,0.0,0.0,0.05834045766046715,0.0,0.0,0.10702546076783985,0.07501071798153106,0.0,0.0,0.7933756226632479,0.29548160838689236,0.13210769797973212,0.07378446631434099,0.0,0.33146193396222573,0.5445511666058943,0.0,0.4574641394841688,0.16611660425170058,0.02973462248989475,0.0,0.10506619190655225,0.0,0.0,0.0,0.3772897416372862,0.24379386098411035,0.0,0.13816426874561152,0.34711381272703346,0.09034668379350061,0.0,0.0,0.0,0.22439355603846478,0.0,0.07512512777552871,0.0
0.0,0.0,0.16510766814698932,0.0,0.29419114129727153,0.10348330684268983,0.2016955217849424,0.3312192126915746,0.15357434790173202,0.0,0.26973380431164196,0.37833612819673956,0.26647614875345615,0.4726350681149888,0.007435599258428866,0.06343521623571843,0.0,0.0,0.23361127601686738,0.15001947520512451,0.0,0.0,0.2460647529907071,0.0,0.0,0.05022320536737818,0.0,0.4329827733407841,0.0,0.40006609659160436,0.4145748616100189,0.0,0.0,0.5822003567694846,0.08799643539395106,0.5243258832646864,0.5190187753529449,0.3832748747596955,0.0,0.0,0.0,0.198071638416907,0.08785340174843241,0.0,0.0,0.0,0.0,0.04120004620701348,0.5755452256059636,0.055544965105838014,0.0,0.0,0.34520532567927714,0.0303086788099847,0.0,0.31053857027005555,0.5335765825392801,0.0,0.20675358135448935,0.0,0.0,0.0,0.0,0.0,0.0,0.0,0.0,0.1158176543421339,0.0,0.0,0.0,0.0,0.0,0.0,0.0,0.0
0.0,0.0,0.13364216254624353,0.29419114129727153,0.0,0.0011792653315145496,0.5374296618712598,0.029663395901190576,0.7319706096090935,0.0,0.508834420963455,0.1495468041270537,0.3666244016718579,0.34256535871492505,0.0,0.32194420537479973,0.0,0.1416779951356796,0.06889339610595165,0.06472396804460916,0.0,0.0883262792362935,0.0,0.0,0.0,0.0,0.026723776701001282,0.4069696277703838,0.22695151631943014,0.392478348583896,0.18659705603507146,0.0,0.0,0.31872831935912455,0.04166569695463019,0.22439993655562332,0.35868405131837333,0.28154317385983024,0.0,0.0,0.0,0.15205532179537595,0.0017240392663339294,0.08568537023086555,0.0,0.0,0.0,0.27069497587601277,0.21576674712715457,0.6895212428591044,0.0,0.37948394863621177,0.0,0.32911023610070933,0.0,0.4104170222011947,0.1650498716027417,0.0,0.3003315080821293,0.0,0.0,0.0,0.0,0.0,0.0,0.0,0.0,0.0,0.0,0.0,0.0,0.0,0.05865776538812831,0.0,0.0,0.0
0.0,0.6916121640164242,0.31138056979301326,0.10348330684268983,0.0011792653315145496,0.0,0.453369417919486,0.6591711153623759,0.0,0.36443030281122524,0.0,0.5508347245557497,0.6566391588932281,0.0,0.03302579680065433,0.0,0.38455300982174206,0.2610586783298678,0.16858775652100255,0.1223004541955556,0.1726552936124653,0.0,0.6629162965179958,0.34317052881770876,0.450608889776223,0.7239340158047749,0.21567598521277515,0.0,0.0,0.0,0.0,0.10890931831291766,0.1740837137083905,0.03236761251316658,0.0,0.3026754247765431,0.06559544921950457,0.13749657957298858,0.0,0.10447942516902535,0.0,0.0,0.12335979891602547,0.12265235244152398,0.06324509613216456,0.0,0.3289048177152053,0.10605123722945976,0.0,0.0,0.4881368021446701,0.0,0.4561087107370449,0.0740407120750363,0.13553498048021184,0.08300735120926037,0.411248902170493,0.4607711986457513,0.06948261507107228,0.0,0.0,0.12128366338003517,0.0,0.31281140237653804,0.0,0.09240806944452208,0.0,0.29518645574100644,0.0964564046406199,0.01701130157888895,0.3126592935317172,0.0,0.0,0.0,0.0,0.0
0.0,0.20527643497622494,0.0,0.2016955217849424,0.5374296618712598,0.453369417919486,0.0,0.18147117384491546,0.3756297686776429,0.38258019838614765,0.05568166553999028,0.26237824025398415,0.7343397069361535,0.19616525936908263,0.0,0.3266703454591946,0.2984854386198996,0.46776829295537237,0.0,0.0,0.0,0.0,0.0,0.0,0.12139423754481281,0.11472965179080878,0.0,0.20476161956441163,0.18952849732408947,0.07146984155599614,0.175228176312198,0.0,0.0,0.3528408447381014,0.0,0.25956720838930036,0.4376658966674158,0.30364303630198203,0.0,0.0,0.0,0.14810166442063902,0.12288559273642978,0.14378496708505384,0.0,0.0,0.0,0.0,0.12417616947150503,0.25882227706637556,0.0,0.4510112789845679,0.0,0.1590841470747104,0.15213794778136172,0.07529041634246124,0.2553079224580534,0.31873303485797466,0.1398082163445124,0.0,0.0,0.0,0.0,0.0,0.0,0.0,0.0,0.0,0.0,0.0,0.0,0.0,0.0,0.0,0.0,0.0
0.0,0.2322233656601463,0.3689637674022327,0.3312192126915746,0.029663395901190576,0.6591711153623759,0.18147117384491546,0.0,0.0,0.05894931921207761,0.27896071498986375,0.8206167046295327,0.46506857979109106,0.38863781631169486,0.0,0.0,0.004268150905886918,0.0,0.26276439709141153,0.0,0.0,0.0,0.8377009727959904,0.520567317112335,0.0,0.5474461062038418,0.0,0.0,0.0,0.0,0.0,0.0,0.08357267679642172,0.2150273327039113,0.0,0.4200099440718287,0.1500227851262589,0.345777677223705,0.0,0.03367436776639263,0.0,0.08648456904082699,0.2544752337574538,0.04723223272952125,0.003697354012253301,0.0,0.0,0.11714154135664161,0.1663287223561006,0.0,0.2664837192375799,0.0,0.8171499360894303,0.0,0.0,0.2947326524556548,0.6926820652706344,0.30377907765228074,0.3472743005960307,0.0,0.0,0.0,0.0,0.22072818155080945,0.0,0.0,0.0,0.5226708317059464,0.19830628126008,0.0,0.19411889006343852,0.0,0.0,0.0,0.0,0.0
0.05318074109392964,0.0,0.28768138340246274,0.15357434790173202,0.7319706096090935,0.0,0.3756297686776429,0.0,0.0,0.029446136610283974,0.36236137566221516,0.04152559311189463,0.28568972561303785,0.14010728918740714,0.0,0.355656385363351,0.06834622557234422,0.017387968089211423,0.0,0.1897808270284555,0.0,0.17953083131210953,0.0,0.0,0.0,0.0,0.0,0.48605525216708423,0.20712119243643587,0.5096247158463825,0.2255937729360109,0.0,0.0,0.26869675055824055,0.0,0.10946043764755213,0.28620674746799457,0.14946273374702101,0.0,0.0,0.0,0.07129016927705266,0.0,0.05477130777614472,0.0,0.0,0.0,0.4535099913229861,0.2530993514397964,0.7095621614724655,0.0,0.37973810644561545,0.0,0.6866559813570936,0.0,0.4715648324313059,0.0016324480433500385,0.0,0.06818652519515728,0.0,0.0,0.0,0.0,0.0,0.011657107355493437,0.0,0.016616087105217198,0.0,0.0,0.0,0.0,0.0,0.22523587341614187,0.0,0.0,0.0
0.06509241851754621,0.6413295298917762,0.056530056012060764,0.0,0.0,0.36443030281122524,0.38258019838614765,0.05894931921207761,0.029446136610283974,0.0,0.0,0.1970831382624015,0.2241714271874393,0.0,0.19984540628330788,0.15003283592374103,0.5889903044504996,0.5193413836169734,0.0,0.3616999940935402,0.528565070994648,0.4002398597658592,0.04801155454567611,0.02177521184580273,0.5350271488550685,0.4473511813193808,0.3951010326024071,0.31131428415098533,0.37322463748058843,0.0,0.369162208469386,0.13988971325375874,0.19725580549464075,0.18782697351201721,0.0,0.37652098842055015,0.29697181350668195,0.19643070682404848,0.0,0.13521970887140689,0.0,0.0,0.2820419187530165,0.5149067219124666,0.0,0.0,0.22990956966788148,0.0,0.11400090690171831,0.0361753018320488,0.129511537877884,0.3516890492825319,0.0,0.2153329533303102,0.7410014996665062,0.0,0.1521467562456144,0.08131380808375367,0.0,0.35014150614393913,0.17842312127724205,0.46331975013415316,0.11684963508742298,0.023498516227812818,0.11551519615289894,0.4109428204228347,0.2518758338531416,0.0,0.017010888382769963,0.355184498070385,0.29200766295370706,0.25331669412526314,0.1619830337696185,0.14798217306259842,0.0,0.0
0.0,0.0,0.28924332955444404,0.26973380431164196,0.508834420963455,0.0,0.05568166553999028,0.27896071498986375,0.36236137566221516,0.0,0.0,0.3228232878824589,0.12460830042008643,0.47671238237147173,0.0,0.0,0.0,0.0,0.48712633004342415,0.0,0.0,0.0,0.23017563808206776,0.09931159611858183,0.0,0.0,0.0,0.07878313898298996,0.0,0.2867408905064283,0.0,0.0,0.0,0.18419102008754817,0.12636198172733012,0.11350404985781364,0.09236741897117401,0.1957726050247824,0.0,0.0,0.0,0.1179717203090204,0.0,0.0,0.0,0.0306348310023235,0.0,0.4337943839333539,0.08961932461148914,0.39167320282290585,0.0,0.0,0.22051511394470757,0.04630870187652665,0.0,0.6374184487943306,0.3095810234082472,0.0,0.3664797401535732,0.0,0.0,0.0,0.0,0.1847227573409104,0.0,0.0,0.0,0.0278486338798394,0.0,0.0,0.0,0.0,0.0,0.0,0.05268319226355451,0.0
0.0,0.20718740681846634,0.3566436604687291,0.37833612819673956,0.1495468041270537,0.5508347245557497,0.26237824025398415,0.8206167046295327,0.04152559311189463,0.1970831382624015,0.3228232878824589,0.0,0.5508361069961333,0.3178973815166923,0.0,0.0,0.19481413745266205,0.0,0.2153415427656462,0.025543681877222037,0.0,0.0,0.6251198725908486,0.5486771523280077,0.0,0.6127801470898875,0.0,0.11760371624456754,0.0,0.0,0.0,0.0,0.09557275783452417,0.2739919779005848,0.0,0.4600539794653433,0.2648413898088842,0.47674834035409247,0.0,0.014041361209441043,0.0,0.050130559849671456,0.30894464878159816,0.19549582334367974,0.0,0.0,0.0,0.1452459478044073,0.20832370185586413,0.08194553154997529,0.056427889659688146,0.0,0.6490818452446319,0.05353745210147666,0.0,0.33861557384575014,0.8313503990519723,0.3134082038894795,0.27665556054092866,0.0,0.0,0.0,0.0,0.16204465286812153,0.0,0.0,0.0,0.2504870725022314,0.16833325493052875,0.0,0.14107482839429294,0.0,0.0,0.0,0.0,0.0
0.0,0.27945793165461114,0.21236817007931902,0.26647614875345615,0.3666244016718579,0.6566391588932281,0.7343397069361535,0.46506857979109106,0.28568972561303785,0.2241714271874393,0.12460830042008643,0.5508361069961333,0.0,0.2791125814548253,0.0,0.21123629961791027,0.4894459594775134,0.2083501870735477,0.07484759706087997,0.0,0.0,0.0,0.2405438669996921,0.1400089929710507,0.04717946406264235,0.4029912642875741,0.0,0.29751014654286456,0.0,0.04868926214650295,0.012029557822710181,0.0,0.00883029677790416,0.36098872791029823,0.0,0.3841813477997355,0.35483783242999467,0.34214815432587015,0.0,0.0,0.0,0.07567475822295615,0.18519338876083788,0.11673674110689705,0.0,0.0,0.0,0.10571032985024481,0.24146614450133444,0.20409655454828152,0.023380300065097868,0.20375295945839642,0.20638041023380505,0.18344097837349188,0.04027406840707845,0.19823984301611494,0.46716414337763074,0.555069256924887,0.20864023609577048,0.0,0.0,0.0,0.0,0.0,0.0,0.0,0.0,0.0,0.0,0.0,0.0,0.0,0.0,0.0,0.0,0.0
0.0,0.0,0.0,0.4726350681149888,0.34256535871492505,0.0,0.19616525936908263,0.38863781631169486,0.14010728918740714,0.0,0.47671238237147173,0.3178973815166923,0.2791125814548253,0.0,0.0,0.0,0.0,0.0,0.07785472494987462,0.0,0.0,0.0,0.23800908427880363,0.07151679354210891,0.0,0.0,0.0,0.007389515223819509,0.0,0.26974791688657296,0.06360545869176054,0.0,0.0,0.3823201592147581,0.38967663796053564,0.23198833896237833,0.2707982864229257,0.292468673999666,0.0,0.0,0.0,0.49765652213156325,0.06891836464554783,0.0,0.0,0.05981620606241749,0.0,0.0,0.24353107420407605,0.24857026541077656,0.0,0.01769992406111028,0.2814682912807258,0.0,0.0,0.20512664043371226,0.41658721860296993,0.021511099467705335,0.6087424803757212,0.0,0.0,0.0,0.0,0.0,0.0,0.0,0.0,0.04793370835289951,0.0,0.0,0.0,0.0,0.0,0.0,0.0,0.0
0.31992747859552945,0.21720099066508222,0.32083755960306715,0.007435599258428866,0.0,0.03302579680065433,0.0,0.0,0.0,0.19984540628330788,0.0,0.0,0.0,0.0,0.0,0.0,0.026425248650452385,0.07353840990441429,0.20294587908152087,0.7764059625219648,0.6897518302555611,0.6951800876892696,0.24186225170573683,0.0,0.2661477010075216,0.09600707917322372,0.7024197265881242,0.27730336845270237,0.47962990101536074,0.09384554871214136,0.2219723700726113,0.3009667702585147,0.03809632374704627,0.0,0.0,0.1888888859397064,0.0,0.0,0.15958118748361116,0.09407491841749012,0.014685317184854151,0.0,0.0,0.07501945547508933,0.10021982047674481,0.0,0.4081380897815225,0.24385550605115386,0.02517827491633265,0.0,0.12515915213238962,0.0,0.15114232238796982,0.2723206163218161,0.038502837485248464,0.17676950732218005,0.0,0.0,0.0,0.8327488438106505,0.2732833346242708,0.16340764783781606,0.03685876756930941,0.3507707908332515,0.6618436702819258,0.4199931893886069,0.6760761240696985,0.4669362576755515,0.09406664230689528,0.14598681247915163,0.09586106476924783,0.5747545202491645,0.32120497024111666,0.32266423775302344,0.0,0.006536763317826688
0.3622607701144663,0.024347849426573382,0.0,0.06343521623571843,0.32194420537479973,0.0,0.3266703454591946,0.0,0.355656385363351,0.15003283592374103,0.0,0.0,0.21123629961791027,0.0,0.0,0.0,0.45299017125271973,0.48640282766870585,0.0,0.09552824729298855,0.08242624897065595,0.38825524251578175,0.0,0.0,0.1526623426739301,0.0,0.0,0.36908807795820264,0.2692648095162801,0.27578030710546836,0.3308725976394215,0.0,0.08241059114714583,0.25657067877933176,0.03737200136049233,0.0,0.11564892281615043,0.0,0.0,0.0,0.02216649228746458,0.0,0.0,0.01765200481588336,0.0,0.22994923978324208,0.0,0.08098698204782952,0.11264142590503179,0.18190061003951916,0.0,0.06774549207752606,0.0,0.2593480926645589,0.021288632635952928,0.0359350670228557,0.0,0.0,0.0,0.07853792158901167,0.1825786327638526,0.0656724630625968,0.19049922661685684,0.0,0.0,0.03767883477975146,0.08950297812784157,0.0,0.0,0.0,0.0,0.0,0.20200220079263312,0.07599192532863216,0.0,0.014405011705151089
0.06778635631473971,0.6201306797227318,0.22501465185860767,0.0,0.0,0.38455300982174206,0.2984854386198996,0.004268150905886918,0.06834622557234422,0.5889903044504996,0.0,0.19481413745266205,0.4894459594775134,0.0,0.026425248650452385,0.45299017125271973,0.0,0.500914236809265,0.018546063875354825,0.22145465148513305,0.2766687620999863,0.3060595011610529,0.0,0.22490921977122383,0.4952772449042344,0.538530773458852,0.012016852479719493,0.32170173704090366,0.08251917750561322,0.0,0.13950173151159764,0.10078951414423921,0.34832108193325134,0.07784098578439559,0.0,0.22153513540720507,0.1196482931564955,0.0448620921427076,0.0,0.16353493452415083,0.02731765402108939,0.0,0.12914777131751473,0.2644921535729379,0.09812116746989281,0.0,0.16208507506389613,0.05900454026680797,0.06234157516762868,0.0,0.08312513386685369,0.06967472479355911,0.0,0.282867536560078,0.39202824081905185,0.0,0.0,0.31728287413914363,0.0,0.19288338247305453,0.06684275237831358,0.5304003983582343,0.14788110969303392,0.11036372248953331,0.10931048358693989,0.050678314050697386,0.1944683840600748,0.0,0.0767729103886334,0.17988696263550905,0.2223851942330698,0.0,0.282512923863198,0.0,0.0,0.0
0.0,0.5394622005873798,0.0,0.0,0.1416779951356796,0.2610586783298678,0.46776829295537237,0.0,0.017387968089211423,0.5193413836169734,0.0,0.0,0.2083501870735477,0.0,0.07353840990441429,0.48640282766870585,0.500914236809265,0.0,0.0,0.15651089394216938,0.25775398702136215,0.47514750772530245,0.0,0.0,0.6319090519084344,0.2291620990833995,0.40284741789951406,0.048924290759178604,0.4981586941669111,0.0,0.0,0.23921899095313875,0.20975826923856017,0.0,0.0,0.0,0.0,0.0,0.014689995216403795,0.10031043441283768,0.1240493750379808,0.0,0.01548891726643788,0.20625745707248624,0.027483318966239914,0.0,0.2593827656202502,0.0,0.0,0.0,0.07070555111227451,0.20883011286578373,0.0,0.11100397549616911,0.39020637305722017,0.0,0.0,0.09243490094329586,0.0,0.2150089766939385,0.32043327150499523,0.4935726420815763,0.3388444375116781,0.18455488713103532,0.10935415302868978,0.16292417607009352,0.2214348494788627,0.0,0.0,0.3548992501753581,0.11426733815486605,0.2566806237186385,0.141957367680126,0.3018847961219967,0.1293712343210291,0.15856403506849956
0.0,0.028529302923848643,0.44726918689771383,0.23361127601686738,0.06889339610595165,0.16858775652100255,0.0,0.26276439709141153,0.0,0.0,0.48712633004342415,0.2153415427656462,0.07484759706087997,0.07785472494987462,0.20294587908152087,0.0,0.018546063875354825,0.0,0.0,0.19702292088502324,0.0,0.139272090477295,0.3546711835685424,0.2671339628768323,0.0,0.10706652500560324,0.08190110306760037,0.027868394204815104,0.0,0.06422227602811041,0.0,0.021031997790041494,0.06040850741514904,0.03668543184481365,0.0,0.07192923834390613,0.0,0.0,0.05396314492839282,0.11965874544650393,0.1336050073009099,0.0,0.0,0.0,0.07826842708507716,0.0,0.10133955948549384,0.4527677588075107,0.06076541364932509,0.0,0.07648403339675047,0.0,0.3051598974521264,0.0006718379548901659,0.0,0.3801060656083837,0.18073552925268704,0.0,0.03620914013006935,0.0,0.0,0.0,0.0,0.6935574919290886,0.08522278727896887,0.0,0.053911802013799096,0.24447452110548895,0.1000983697862526,0.0,0.0,0.0,0.0,0.0,0.1399346119293304,0.0
0.24749226427485138,0.23956390995880134,0.4057180129855299,0.15001947520512451,0.06472396804460916,0.1223004541955556,0.0,0.0,0.1897808270284555,0.3616999940935402,0.0,0.025543681877222037,0.0,0.0,0.7764059625219648,0.09552824729298855,0.22145465148513305,0.15651089394216938,0.19702292088502324,0.0,0.6654269296453339,0.8294716028883737,0.13924712407392814,0.0,0.25021365682177454,0.1845566953589194,0.6374672733345801,0.5080838586996728,0.5339283483862778,0.2695476399299787,0.41441350458305026,0.13811406029098794,0.041800470626145225,0.12843557363969244,0.0,0.3371528629930059,0.09371231610522021,0.0,0.0,0.10647767384176367,0.0,0.0,0.0,0.17905036125658907,0.14100351930052732,0.0,0.24375461199006654,0.2617372149423788,0.11845418523362312,0.0,0.0,0.0,0.07501357518966244,0.42366966924742444,0.08678810943970237,0.25408282309012553,0.06904999886169358,0.0,0.0,0.7013741787129667,0.15762526328905369,0.09867159849472655,0.0,0.2778109507117621,0.7252733587499479,0.33409359008193257,0.730842317008597,0.24280317309741475,0.0,0.009799053759301629,0.0012966993119233837,0.4467457331887471,0.37090416995609193,0.18868232057191978,0.0,0.0
0.24967911583476662,0.3872555553546598,0.09727558932045134,0.0,0.0,0.1726552936124653,0.0,0.0,0.0,0.528565070994648,0.0,0.0,0.0,0.0,0.6897518302555611,0.08242624897065595,0.2766687620999863,0.25775398702136215,0.0,0.6654269296453339,0.0,0.6239237222855101,0.16253354418677085,0.0,0.46669608976019866,0.21163912915711947,0.6638578961065782,0.3056031676504314,0.5225028195287603,0.046880797867413,0.35232917270402,0.41151459166921234,0.26488547699078024,0.0,0.0,0.21218960214004554,0.0,0.0,0.1904787128685591,0.2389860544954501,0.036473767507932506,0.0,0.0,0.2421455762559854,0.16000422845235154,0.0,0.44840060508532814,0.0,0.0,0.0,0.249402329669735,0.0,0.08046081951788024,0.17159478993274663,0.44119622063656,0.0,0.0,0.0,0.0,0.7416908984173788,0.3721369613312947,0.40911744228552654,0.2396810629266324,0.18005802027041096,0.531685505999047,0.7218617714618081,0.6234221417158677,0.2790475549801118,0.15297966072489017,0.38451350231810205,0.28732774687502094,0.5247787144260069,0.3921165829336057,0.3615837260988229,0.0,0.07773909815156238
0.4014611204633563,0.28936561982712034,0.1625277745481332,0.0,0.0883262792362935,0.0,0.0,0.0,0.17953083131210953,0.4002398597658592,0.0,0.0,0.0,0.0,0.6951800876892696,0.38825524251578175,0.3060595011610529,0.47514750772530245,0.139272090477295,0.8294716028883737,0.6239237222855101,0.0,0.0,0.0,0.43664250421685497,0.08076448590377966,0.7030742083389258,0.41949698702181903,0.6966091723193645,0.15772339883008782,0.39899720444188214,0.23711755931289769,0.06159934500486494,0.011939542713744844,0.0,0.10932342304321932,0.0,0.0,0.0,0.13438712571294142,0.0013875707801082058,0.0,0.0,0.12310156926813572,0.1361894707683199,0.013833955614115611,0.281807187411321,0.1661110547542991,0.0,0.0,0.0,0.0,0.0,0.4191117216076061,0.12542494488290618,0.15096612715835905,0.0,0.0,0.0,0.72755972443057,0.4332161479400614,0.2810345063983699,0.21365840185850674,0.2776086486597377,0.7217078775231237,0.3368420888289683,0.7951567398038849,0.022955592055966107,0.0,0.19535096666336077,0.0,0.5491928265322297,0.4007497316900473,0.4340545402001516,0.0,0.07095430139914868
0.0,0.33300077276039725,0.5167879576010108,0.2460647529907071,0.0,0.6629162965179958,0.0,0.8377009727959904,0.0,0.04801155454567611,0.23017563808206776,0.6251198725908486,0.2405438669996921,0.23800908427880363,0.24186225170573683,0.0,0.0,0.0,0.3546711835685424,0.13924712407392814,0.16253354418677085,0.0,0.0,0.4991343951841022,0.10176977642868038,0.5862673180191841,0.1838608238684357,0.0,0.0,0.0,0.0,0.0653347004424657,0.14093942382632324,0.07618991471761435,0.0,0.3260901603578625,0.0047826987341064095,0.17580135322435506,0.01293663812846139,0.09208172871564828,0.0,0.0,0.12518649003864107,0.0,0.03530953196504437,0.0,0.2225133918812591,0.2898574277654253,0.14105370940377407,0.0,0.38958748484933764,0.0,0.7838403442123262,0.0,0.0,0.30473916664554584,0.5182818072193109,0.1467014947940672,0.21949378338254716,0.0,0.0,0.0,0.0,0.41549908954344994,0.0,0.0,0.0,0.7413002698724609,0.28778514566660196,0.0,0.2466322158640253,0.0,0.0,0.0,0.0,0.0
0.0,0.28148001685053176,0.2871762038399886,0.0,0.0,0.34317052881770876,0.0,0.520567317112335,0.0,0.02177521184580273,0.09931159611858183,0.5486771523280077,0.1400089929710507,0.07151679354210891,0.0,0.0,0.22490921977122383,0.0,0.2671339628768323,0.0,0.0,0.0,0.4991343951841022,0.0,0.21875204164474313,0.6105018699468814,0.0,0.0,0.0,0.0,0.0,0.187497754112005,0.3601944312684724,0.0,0.022336386667087493,0.013676570478379634,0.0,0.05727344823429028,0.169831709456691,0.27482929135695794,0.26431564088559156,0.0,0.13641663719379596,0.0,0.2455523637917475,0.0,0.15359664866141684,0.17914366642406104,0.0,0.0,0.2866509406883606,0.0,0.40861195734969896,0.0,0.0,0.12457616944516588,0.22559391607495444,0.32565924352039133,0.0708901540580088,0.0,0.0,0.0878469265480524,0.0,0.3641095235213252,0.0,0.0,0.0,0.23693893406821112,0.6782098976832859,0.09037117584912202,0.514958244866231,0.0,0.0,0.0,0.23340224885112018,0.062335219701155416
0.13823825455673816,0.8234452011518644,0.09168108117879045,0.0,0.0,0.450608889776223,0.12139423754481281,0.0,0.0,0.5350271488550685,0.0,0.0,0.04717946406264235,0.0,0.2661477010075216,0.1526623426739301,0.4952772449042344,0.6319090519084344,0.0,0.25021365682177454,0.46669608976019866,0.43664250421685497,0.10176977642868038,0.21875204164474313,0.0,0.5484910375193087,0.5100880837670105,0.0,0.39534212678368125,0.0,0.0,0.4244100183649933,0.3864914427576298,0.0,0.0,0.0,0.0,0.0,0.19264990375839827,0.21087313815112196,0.19711541143188174,0.0,0.0,0.06200343682875173,0.16998525643359527,0.0,0.530660093262663,0.060879444694084336,0.0,0.0,0.3555086595573336,0.0,0.0,0.20906483485270522,0.3459156264991384,0.0,0.0,0.016202486617542478,0.0,0.3379957376530868,0.27267688745526125,0.4854652399561831,0.2627819604550316,0.3245344795797003,0.2657662361077077,0.3734381837288543,0.32375394869831603,0.030747394083536772,0.2351187249851565,0.5782094924760774,0.44798417083246983,0.40241631887706036,0.06871258692297127,0.35767328283418454,0.10087613730705221,0.17860260808243864
0.0,0.813072209434177,0.42109314197436426,0.05022320536737818,0.0,0.7239340158047749,0.11472965179080878,0.5474461062038418,0.0,0.4473511813193808,0.0,0.6127801470898875,0.4029912642875741,0.0,0.09600707917322372,0.0,0.538530773458852,0.2291620990833995,0.10706652500560324,0.1845566953589194,0.21163912915711947,0.08076448590377966,0.5862673180191841,0.6105018699468814,0.5484910375193087,0.0,0.05823001672093339,0.0,0.0,0.0,0.0,0.2500150123831745,0.37049911269034347,0.0,0.0,0.37289464026722113,0.05580982689239281,0.15359489389441955,0.029346690782441877,0.24551408568866878,0.052377799654233545,0.0,0.2635954070872243,0.3013370259657003,0.218484383963513,0.0,0.2999352712587527,0.08959637538052914,0.07454729295824399,0.0,0.3472625485121717,0.0,0.35317665573190593,0.11506644112689608,0.1340477993955552,0.08360652759679026,0.26065304269289863,0.2744495766672742,0.0,0.07648366969869148,0.0,0.26674620603581234,0.0,0.3427194525503266,0.05324862256757378,0.021843155669880553,0.03570765132239583,0.2673297197707102,0.4397283165520084,0.06939001971590039,0.43818084086718706,0.0,0.0,0.0,0.0,0.0
0.16301305089983067,0.36350799518441257,0.1388193820567128,0.0,0.026723776701001282,0.21567598521277515,0.0,0.0,0.0,0.3951010326024071,0.0,0.0,0.0,0.0,0.7024197265881242,0.0,0.012016852479719493,0.40284741789951406,0.08190110306760037,0.6374672733345801,0.6638578961065782,0.7030742083389258,0.1838608238684357,0.0,0.5100880837670105,0.05823001672093339,0.0,0.059126679576344605,0.7837930033087275,0.0,0.12653639557254306,0.37454482143246504,0.028347998656520854,0.0,0.0,0.0,0.0,0.0,0.17290676396211763,0.10693092528244016,0.0,0.0,0.0,0.09687072560908506,0.11996564592408834,0.0,0.51407860640591,0.13473338373922292,0.0,0.0,0.29795514841278636,0.025082104518680183,0.0,0.23602291415420246,0.24110660919401036,0.04308976648409739,0.0,0.0,0.0,0.6043977276224886,0.42035734971898914,0.2877098698001277,0.2132398046871766,0.2971726727095455,0.5497117700993728,0.5010151092492245,0.6018388667845282,0.32493291065755053,0.0,0.3901299645665766,0.12893925343063165,0.7354923402939985,0.1737768120949668,0.5492643279153486,0.0,0.09193210508534708
0.1968491984269067,0.0,0.25029675474223184,0.4329827733407841,0.4069696277703838,0.0,0.20476161956441163,0.0,0.48605525216708423,0.31131428415098533,0.07878313898298996,0.11760371624456754,0.29751014654286456,0.007389515223819509,0.27730336845270237,0.36908807795820264,0.32170173704090366,0.048924290759178604,0.027868394204815104,0.5080838586996728,0.3056031676504314,0.41949698702181903,0.0,0.0,0.0,0.0,0.059126679576344605,0.0,0.27167780798291735,0.674893421414694,0.6222298086594074,0.0,0.0,0.5022698831832099,0.0,0.5156287590271323,0.501862517649818,0.3233103547747584,0.0,0.0,0.0,0.0,0.14768315705321147,0.334219841481113,0.0,0.0,0.0,0.1289621783714602,0.5499265395088109,0.40641478388242247,0.0,0.24413466708577342,0.034424358162470935,0.36739730602499643,0.11721601171534492,0.24069273255444698,0.27422142104786085,0.0,0.0,0.2624733593369083,0.0,0.0,0.0,0.0,0.1320432446008387,0.07288149880421409,0.17817091346363056,0.0,0.0,0.0,0.0,0.0,0.4560217286853256,0.0,0.0,0.0
0.23745042828644933,0.13365039213554927,0.0,0.0,0.22695151631943014,0.0,0.18952849732408947,0.0,0.20712119243643587,0.37322463748058843,0.0,0.0,0.0,0.0,0.47962990101536074,0.2692648095162801,0.08251917750561322,0.4981586941669111,0.0,0.5339283483862778,0.5225028195287603,0.6966091723193645,0.0,0.0,0.39534212678368125,0.0,0.7837930033087275,0.27167780798291735,0.0,0.12006775830146033,0.3282910960055925,0.08275961142385317,0.0,0.0,0.0,0.0,0.0,0.0,0.0,0.0,0.0,0.0,0.0,0.054363828822620565,0.0,0.14411137722977913,0.18980643907548014,0.03306452266701356,0.0,0.042459162722723424,0.012352310863645298,0.1837008596008304,0.0,0.25493497906631035,0.27049686953437857,0.0,0.0,0.0,0.0,0.4845930867779137,0.5257287508912724,0.19996906141153936,0.3418353714943829,0.0,0.4266031643445062,0.47657380816295414,0.4960924165011303,0.0,0.0,0.30839106287223267,0.0,0.5789790411883835,0.2085791124329025,0.6419695648954648,0.0,0.04701264625576327
0.2061193647496219,0.0,0.005785967093460301,0.40006609659160436,0.392478348583896,0.0,0.07146984155599614,0.0,0.5096247158463825,0.0,0.2867408905064283,0.0,0.04868926214650295,0.26974791688657296,0.09384554871214136,0.27578030710546836,0.0,0.0,0.06422227602811041,0.2695476399299787,0.046880797867413,0.15772339883008782,0.0,0.0,0.0,0.0,0.0,0.674893421414694,0.12006775830146033,0.0,0.6300397892393738,0.0,0.0,0.5225744440645361,0.0660602717068069,0.2793496612360714,0.4061000702326799,0.3329082674342184,0.0,0.0,0.0,0.23332008946201913,0.0,0.008842325545173344,0.0,0.12741151616617954,0.0,0.08195660482841381,0.36123017003802277,0.34226802995264244,0.0,0.07656518778912172,0.0,0.21784631867604287,0.0,0.3194579150112037,0.18177876604063348,0.0,0.0,0.11205345146442286,0.0,0.0,0.0,0.0,0.024801706127755993,0.0,0.07525933243874536,0.0,0.0,0.0,0.0,0.0,0.16540632828333934,0.0,0.0,0.0
0.37532724848243765,0.0,0.0,0.4145748616100189,0.18659705603507146,0.0,0.175228176312198,0.0,0.2255937729360109,0.369162208469386,0.0,0.0,0.012029557822710181,0.06360545869176054,0.2219723700726113,0.3308725976394215,0.13950173151159764,0.0,0.0,0.41441350458305026,0.35232917270402,0.39899720444188214,0.0,0.0,0.0,0.0,0.12653639557254306,0.6222298086594074,0.3282910960055925,0.6300397892393738,0.0,0.0,0.024764155437275823,0.6300779814820616,0.0,0.4393683216897344,0.4902650962154752,0.4044604439620413,0.0,0.09050157170470788,0.0,0.11974135032283412,0.1333438481578805,0.26220194383222123,0.0,0.2664997455956965,0.0,0.0,0.44000112098233835,0.13408757584175596,0.0,0.1218464021134337,0.0,0.06457094305394792,0.2440697589490261,0.10084748442031688,0.1828024638167714,0.0,0.0,0.25840530937949113,0.009614839770506046,0.0,0.0,0.0,0.054709431801758544,0.26430622037411156,0.1658705186443785,0.0,0.0,0.0,0.0,0.0,0.10214174423269973,0.0,0.0,0.0
0.10542181866180252,0.40979658030279476,0.0,0.0,0.0,0.10890931831291766,0.0,0.0,0.0,0.13988971325375874,0.0,0.0,0.0,0.0,0.3009667702585147,0.0,0.10078951414423921,0.23921899095313875,0.021031997790041494,0.13811406029098794,0.41151459166921234,0.23711755931289769,0.0653347004424657,0.187497754112005,0.4244100183649933,0.2500150123831745,0.37454482143246504,0.0,0.08275961142385317,0.0,0.0,0.0,0.3640470841609169,0.0,0.0,0.0,0.0,0.0,0.7896206872132338,0.38697039418197077,0.5144880737520833,0.0,0.02548919148208683,0.11517214253314627,0.39875615320187696,0.0,0.548470306989773,0.0,0.0,0.0,0.3715906380469433,0.0,0.0,0.0,0.2292087383103108,0.0,0.0,0.06448457266691843,0.0,0.42676028480032435,0.44705598531926627,0.59860309216421,0.3507303202239891,0.42890123620944925,0.3981616781232904,0.23049681108488215,0.45750031454405105,0.19634751825036156,0.49670596783433574,0.5308452788793514,0.37469316577557005,0.36466201894839584,0.2995866374962061,0.38060157520438864,0.377113353902603,0.5634201713890176
0.1301076901669106,0.3442585188217979,0.007231990604437204,0.0,0.0,0.1740837137083905,0.0,0.08357267679642172,0.0,0.19725580549464075,0.0,0.09557275783452417,0.00883029677790416,0.0,0.03809632374704627,0.08241059114714583,0.34832108193325134,0.20975826923856017,0.06040850741514904,0.041800470626145225,0.26488547699078024,0.06159934500486494,0.14093942382632324,0.3601944312684724,0.3864914427576298,0.37049911269034347,0.028347998656520854,0.0,0.0,0.0,0.024764155437275823,0.3640470841609169,0.0,0.027257097514475324,0.0,0.05976624132764042,0.0,0.13580636607641333,0.2537471819796143,0.5489213059212338,0.3248421488864653,0.0,0.13858904952187476,0.10828237385183415,0.3825587537179203,0.0753170110904228,0.3000257788688323,0.0,0.0,0.0,0.27559747126622125,0.0,0.06458535143467144,0.0,0.2481501312458457,0.0,0.0,0.20553934183656133,0.0,0.12467574293456024,0.1028473088403204,0.41718997166087035,0.1922098316619551,0.1846210911842329,0.08945046368094434,0.2328371471701839,0.12053445979059645,0.07162174516851251,0.4051523828608409,0.3631852286123402,0.41421312665682586,0.050816433597440556,0.06126443163401114,0.02829366021457954,0.13208352284487168,0.14969063028025884
0.023757042028555664,0.0,0.07621444695759905,0.5822003567694846,0.31872831935912455,0.03236761251316658,0.3528408447381014,0.2150273327039113,0.26869675055824055,0.18782697351201721,0.18419102008754817,0.2739919779005848,0.36098872791029823,0.3823201592147581,0.0,0.25657067877933176,0.07784098578439559,0.0,0.03668543184481365,0.12843557363969244,0.0,0.011939542713744844,0.07618991471761435,0.0,0.0,0.0,0.0,0.5022698831832099,0.0,0.5225744440645361,0.6300779814820616,0.0,0.027257097514475324,0.0,0.13472862653261178,0.4774382167257088,0.6287813490182678,0.5229311501207645,0.0,0.0,0.0,0.2128535355932671,0.2052545105589844,0.2582156757160065,0.0,0.07843423082916015,0.0,0.0,0.4847014542809449,0.25767144324928337,0.0,0.12446602647365915,0.15310805693064447,0.025718671151814015,0.03217112330042625,0.2174407043854627,0.467641847641461,0.0,0.19855737478862548,0.0,0.0,0.0,0.0,0.0,0.0,0.0,0.0,0.0,0.0,0.0,0.0,0.0,0.0,0.0,0.0,0.0
0.009961816124134826,0.0,0.0,0.08799643539395106,0.04166569695463019,0.0,0.0,0.0,0.0,0.0,0.12636198172733012,0.0,0.0,0.38967663796053564,0.0,0.03737200136049233,0.0,0.0,0.0,0.0,0.0,0.0,0.0,0.022336386667087493,0.0,0.0,0.0,0.0,0.0,0.0660602717068069,0.0,0.0,0.0,0.13472862653261178,0.0,0.0,0.0,0.0,0.0,0.0,0.1553456165996568,0.31900927525707795,0.0,0.0,0.0,0.25700174772539974,0.0,0.0,0.0410233934111013,0.0,0.0,0.0,0.0,0.0,0.0,0.0228555343498434,0.0,0.0,0.16410298549882615,0.0,0.0,0.0,0.0,0.0,0.0,0.0,0.0,0.0,0.0,0.0,0.0,0.0,0.0,0.0,0.08527104528723005,0.0494570885078783
0.0,0.2232891467946675,0.25442308318031914,0.5243258832646864,0.22439993655562332,0.3026754247765431,0.25956720838930036,0.4200099440718287,0.10946043764755213,0.37652098842055015,0.11350404985781364,0.4600539794653433,0.3841813477997355,0.23198833896237833,0.1888888859397064,0.0,0.22153513540720507,0.0,0.07192923834390613,0.3371528629930059,0.21218960214004554,0.10932342304321932,0.3260901603578625,0.013676570478379634,0.0,0.37289464026722113,0.0,0.5156287590271323,0.0,0.2793496612360714,0.4393683216897344,0.0,0.05976624132764042,0.4774382167257088,0.0,0.0,0.6103243598845898,0.4858254884589853,0.0,0.012076343289373372,0.0,0.0,0.5534646394831739,0.4537316663825207,0.0,0.0,0.0,0.0,0.5289992864989161,0.210539611956224,0.0,0.18442871442923378,0.4048459476414171,0.059969163079963986,0.17872961526385459,0.17369368125753984,0.5168136934258861,0.05502449065267697,0.19752167429532894,0.12824614372540702,0.0,0.0,0.0,0.0,0.0,0.033484168544515996,0.0,0.2157499853195837,0.0,0.0,0.02170437496113248,0.0,0.028085319752996545,0.0,0.0,0.0
0.0,0.0,0.06700896334180133,0.5190187753529449,0.35868405131837333,0.06559544921950457,0.4376658966674158,0.1500227851262589,0.28620674746799457,0.29697181350668195,0.09236741897117401,0.2648413898088842,0.35483783242999467,0.2707982864229257,0.0,0.11564892281615043,0.1196482931564955,0.0,0.0,0.09371231610522021,0.0,0.0,0.0047826987341064095,0.0,0.0,0.05580982689239281,0.0,0.501862517649818,0.0,0.4061000702326799,0.4902650962154752,0.0,0.0,0.6287813490182678,0.0,0.6103243598845898,0.0,0.49806144813787695,0.0,0.0,0.0,0.23406028108981866,0.4358917546055564,0.4446849072016027,0.0,0.0,0.0,0.0,0.5319692293100108,0.39072236682022404,0.0,0.4052854813119735,0.09727726840441464,0.044182350611620166,0.19668140278969848,0.08243282034892468,0.418235845064822,0.06548730982611166,0.18222751589985053,0.0,0.0,0.0,0.0,0.0,0.0,0.0,0.0,0.0,0.0,0.0,0.0,0.0,0.0,0.0,0.0,0.0
0.0,0.0,0.0,0.3832748747596955,0.28154317385983024,0.13749657957298858,0.30364303630198203,0.345777677223705,0.14946273374702101,0.19643070682404848,0.1957726050247824,0.47674834035409247,0.34214815432587015,0.292468673999666,0.0,0.0,0.0448620921427076,0.0,0.0,0.0,0.0,0.0,0.17580135322435506,0.05727344823429028,0.0,0.15359489389441955,0.0,0.3233103547747584,0.0,0.3329082674342184,0.4044604439620413,0.0,0.13580636607641333,0.5229311501207645,0.0,0.4858254884589853,0.49806144813787695,0.0,0.0,0.1528651545649034,0.0,0.2450587063377376,0.29856772177130164,0.2598232265445545,0.0030119584524135367,0.0,0.0,0.0,0.32602544661587496,0.32835271090036044,0.0,0.20716580585243513,0.24746912062227838,0.0,0.09262246447505766,0.21788280518810632,0.5322085590969999,0.10933573988784281,0.25831365563902225,0.0,0.0,0.0,0.0,0.0,0.0,0.049045965516748766,0.0,0.025268266095220187,0.0,0.0,0.00816215976945075,0.0,0.0,0.0,0.0,0.0
0.03813252227760204,0.13269822625201008,0.0,0.0,0.0,0.0,0.0,0.0,0.0,0.0,0.0,0.0,0.0,0.0,0.15958118748361116,0.0,0.0,0.014689995216403795,0.05396314492839282,0.0,0.1904787128685591,0.0,0.01293663812846139,0.169831709456691,0.19264990375839827,0.029346690782441877,0.17290676396211763,0.0,0.0,0.0,0.0,0.7896206872132338,0.2537471819796143,0.0,0.0,0.0,0.0,0.0,0.0,0.3626667969985017,0.5026854217577866,0.0,0.0,0.0,0.3825710233268498,0.017281832915264285,0.5249569862776413,0.0,0.0,0.0,0.42192438138618743,0.0,0.0,0.0,0.1163850302690047,0.0,0.0,0.08353110524212931,0.0,0.24879926201716504,0.44952186037022046,0.5055273334198691,0.4268579780581839,0.3329939060279072,0.3163036058009013,0.16908349166601486,0.32869212230029776,0.2180316988121202,0.5390284886258859,0.47911225729027307,0.37573529645605014,0.2882314903900315,0.1549569633567234,0.3684825347073579,0.424044041675655,0.6813853747540363
0.1159443729847499,0.21316528331156356,0.0,0.0,0.0,0.10447942516902535,0.0,0.03367436776639263,0.0,0.13521970887140689,0.0,0.014041361209441043,0.0,0.0,0.09407491841749012,0.0,0.16353493452415083,0.10031043441283768,0.11965874544650393,0.10647767384176367,0.2389860544954501,0.13438712571294142,0.09208172871564828,0.27482929135695794,0.21087313815112196,0.24551408568866878,0.10693092528244016,0.0,0.0,0.0,0.09050157170470788,0.38697039418197077,0.5489213059212338,0.0,0.0,0.012076343289373372,0.0,0.1528651545649034,0.3626667969985017,0.0,0.32244702625687544,0.0,0.10106713975368331,0.09500780279769006,0.4409199170322765,0.09324792269254428,0.4506108822497292,0.0,0.0,0.0,0.3148708970944764,0.0,0.12750528862745228,0.0,0.3503158080956702,0.0,0.044231795677078634,0.14608824174319834,0.0,0.23270556258446773,0.22589591859329772,0.47554830131004516,0.3098319739929114,0.29347119780467784,0.12918299362658944,0.23805389326576162,0.23479671484150544,0.12217756023269598,0.4774030330161721,0.41101557581086556,0.5424594465490422,0.1337498528797994,0.04113452673659007,0.07559005763145772,0.05985801226848126,0.2155737111914399
