0.0,0.12473839574094536,0.0,0.17132189895789582,0.0,0.07622690534929621,0.4004363056261022,0.4197739630337628,0.09710346101369371,0.0689513620851957,0.0,0.0,0.19013024758144184,0.0,0.29098727210749425,0.4234490430586512,0.0,0.0,0.09150324485891873,0.23921360277030523,0.5662616410250367,0.23179398664230424,0.3745843104436593,0.0,0.0,0.0,0.12581143411428924,0.5035104673015225,0.36582538378837853,0.1358755835149662,0.6182453696766252,0.0,0.03668047666325752,0.3824898143442228,0.32398679527888785,0.331645018331721,0.20790150670904536,0.13061570020263996,0.0,0.3279875059057905,0.0,0.16575080328780806,0.05152782935940424,0.12932140133685754,0.11031407942660333,0.6721796019386167,0.14995410825183234,0.0,0.0,0.11084559099333229,0.0807711905974425,0.3234186557469882,0.4426004808712239,0.20512697818645578,0.12874045658225552,0.0,0.0912082753201261,0.09903257763953749,0.04262252480517755,0.3066496284858458,0.0,0.05072969235882094,0.0,0.0,0.0,0.6515048698109223,0.0,0.42635330068054883,0.0,0.0,0.06045395091487876,0.0,0.0,0.0,0.0,0.0
0.12473839574094536,0.0,0.12153623337777428,0.0,0.19810172256945216,0.7134003414199959,0.28227842305937345,0.2659772646342788,0.2720593199485694,0.5789133469646943,0.28028150132924406,0.5577371321202613,0.5055080739343103,0.0,0.17460996597492018,0.2562779070732821,0.5556380234715088,0.5482219759561443,0.2706975096679193,0.2890361154268809,0.1214035184373411,0.4138955790885708,0.2902971552648842,0.5676023415074503,0.6082790925654235,0.7353301213074375,0.3276542076961527,0.21779224296093647,0.38137391562561135,0.23556071007079998,0.0,0.3664304188760573,0.355326505643892,0.0,0.0,0.0,0.0,0.0,0.37433734039216215,0.36820134262230453,0.13190529520410957,0.0,0.1676115955036503,0.0,0.2688845369309205,0.036203201939328716,0.6049605805598048,0.30477433327783415,0.0,0.05619173981217826,0.4684215383283756,0.0,0.26323962768427184,0.2852529945461347,0.4344267103257215,0.36688796094704246,0.5028371138665262,0.48246186038694294,0.17353383696662183,0.17504880591330343,0.4501317906009793,0.4559067227010104,0.39181589166123676,0.4924961701881926,0.31698324257278715,0.049251177712361316,0.3453381980945443,0.2615609174109746,0.5021184121541545,0.529432130814813,0.7055703229144554,0.20380380934740422,0.34341006894409404,0.2655350937950808,0.3052036516763349,0.2890364700251774
0.0,0.12153623337777428,0.0,0.0,0.295460600180216,0.34675446567144536,0.12737947528929683,0.13577819300424826,0.6750645920262278,0.22679980834718536,0.6357291845552163,0.2653043064914054,0.062185970776161725,0.08147924748339157,0.34571409702878,0.08141557588672454,0.16770122709902502,0.07207511910391623,0.5423752681969125,0.4578368893679191,0.0,0.3481703403163917,0.2030242479909461,0.19122710113812014,0.19347360835879474,0.17194956044481022,0.6380014509584101,0.027967243361150806,0.08158335813973455,0.1268545862809926,0.0,0.0,0.0,0.0,0.0,0.0,0.0,0.016725073562315423,0.004300403629222793,0.08106068716508219,0.0,0.0,0.09793710106384164,0.017712791545984582,0.04666112151071464,0.0,0.11598142818002019,0.7614166224826122,0.01692250396336137,0.21087239714430764,0.3791739789896465,0.15158262596495167,0.06915076738201542,0.6486693178927556,0.285131053750123,0.6106147873118859,0.19486525812914735,0.13157065871894755,0.17972144102754797,0.3869105938992631,0.12611594509186264,0.06146575588445341,0.011712084176811716,0.5418811753447413,0.504772435809847,0.0,0.27573215558989306,0.2576706927463699,0.15194153574879193,0.18331955009250026,0.1417136812181338,0.4802848942372052,0.14648038517788847,0.20128676817741983,0.11596345477585185,0.061053754395490545
0.17132189895789582,0.0,0.0,0.0,0.21319924998118872,0.0,0.2579659258071119,0.28075059580564876,0.0,0.0,0.0,0.0,0.0,0.2590048544557655,0.0,0.1954738169503954,0.0,0.0,0.0,0.04286977394869236,0.2773031293688647,0.0,0.12279487261087146,0.0,0.0,0.0,0.0,0.0,0.0,0.0,0.2993321235997112,0.0,0.0,0.5294465843700707,0.5669851006661878,0.27482913456781255,0.23893412226431324,0.21068852719485137,0.0,0.0,0.0,0.380324677430476,0.0,0.0,0.0,0.10310349760529641,0.0,0.0,0.07945157869785513,0.0,0.0,0.0,0.20235321761991643,0.0,0.0,0.0,0.0,0.0,0.0,0.0,0.0,0.0,0.0,0.0,0.0,0.32718738545415627,0.0,0.0807461906938576,0.0,0.0,0.0,0.0,0.0,0.0,0.0,0.0
0.0,0.19810172256945216,0.295460600180216,0.21319924998118872,0.0,0.14852054212782598,0.18643207451300942,0.02594401378914818,0.07393898860021231,0.0,0.28574582611886823,0.23343328579899547,0.0,0.5031090452144895,0.0,0.0,0.09209370467027811,0.06254980785466538,0.10345993719690649,0.17226785966615826,0.0,0.12454557990962942,0.0,0.11845987909629183,0.07876640342424537,0.1921260516420413,0.11189473719399223,0.0,0.0,0.0,0.0,0.0,0.0,0.0,0.03302378985319643,0.0245491828405483,0.0,0.0,0.009137258544708399,0.0,0.0,0.007733110912597138,0.0,0.0,0.09781780335707374,0.0,0.11893058259668411,0.3165384892264971,0.11234088520359778,0.0,0.0,0.0,0.04901923775491607,0.0680020990972654,0.05572626562560598,0.32118600313123535,0.12299224646931299,0.0,0.0,0.0,0.0,0.0,0.0,0.16035845513792446,0.20471218223153798,0.0,0.10794163018236344,0.0,0.07214718581776948,0.08858415478627463,0.11859298370194224,0.0,0.0,0.0,0.059089168730596095,0.0
0.07622690534929621,0.7134003414199959,0.34675446567144536,0.0,0.14852054212782598,0.0,0.2505352269829845,0.40662650439659803,0.5555334128354584,0.5388020532889988,0.42516529565998445,0.5919131480356148,0.5226836173058249,0.02080270749686433,0.3998945304138057,0.0,0.5102841775477784,0.30664881235763203,0.47723822337578914,0.354783752548463,0.18075785170076958,0.2437310805739,0.5719756901421678,0.5816924443460176,0.43912124398032054,0.7142678736723058,0.5615843861452013,0.1963243580646281,0.42162875723155147,0.11351110862730365,0.0,0.3182981585690815,0.2187955798572963,0.0,0.0,0.0,0.0,0.0,0.3288763909533423,0.26699106975976233,0.16744590149231436,0.0,0.24879289584936315,0.0,0.1939797820627473,0.0,0.4950850905768571,0.387186891603599,0.0,0.17966684682514159,0.6780428281999908,0.034020460871971414,0.4446684917597808,0.46754848839526614,0.4104475837932615,0.4901949625621528,0.6111848639351761,0.473271145324499,0.2378529346397531,0.423445642898323,0.27543544576517087,0.4247538461638431,0.3008950989409661,0.5948668632677843,0.44711332455876435,0.0,0.33923463861859443,0.5349395140265428,0.5227384276778861,0.35209569830290743,0.6364924888643465,0.3834206468044589,0.2427150878638016,0.22644064861967195,0.16381076257559005,0.19975227944059853
0.4004363056261022,0.28227842305937345,0.12737947528929683,0.2579659258071119,0.18643207451300942,0.2505352269829845,0.0,0.4221861471188658,0.15407028085411795,0.2163566360613833,0.14426475864788993,0.087173190033254,0.41261126242691737,0.0,0.178000349182784,0.36382782477774556,0.0,0.03547048381517842,0.03800520806763619,0.34142613198835203,0.34603719919839143,0.14885737990597328,0.3654203885080369,0.0,0.0,0.048433876256818914,0.2475562625973611,0.4065306539248775,0.3088586725756225,0.14718594449458508,0.34701768224662694,0.0,0.0,0.26052423259859575,0.22329540036443768,0.14790098556814227,0.1970365044416347,0.11264359209899458,0.0,0.20197108808091147,0.0,0.08354421579761456,0.0,0.045345459502149396,0.0658978332260729,0.2374513353616272,0.28411947222547884,0.0,0.12653577308720457,0.12918494466243657,0.3029037409195623,0.33903247849317664,0.40356527258102287,0.30439466619881983,0.38795993781479604,0.12665250218768045,0.20367386531261716,0.31991095538142456,0.0,0.17109686635514676,0.0,0.15047313425770686,0.0,0.05791753049516474,0.0,0.2881183000727557,0.0,0.4216067117101605,0.0,0.00013363235226820924,0.2122590816852701,0.0,0.0,0.0,0.0,0.0
0.4197739630337628,0.2659772646342788,0.13577819300424826,0.28075059580564876,0.02594401378914818,0.40662650439659803,0.4221861471188658,0.0,0.22459222763981285,0.12190805569855856,0.25784946660585295,0.2979872767935847,0.14834282340739463,0.15514227547137527,0.31270164398230815,0.26707633081445753,0.0,0.0,0.0,0.27210436373194236,0.49355012417628213,0.007954117196685262,0.7622253679350162,0.055307885282141256,0.0,0.07990374830069563,0.21741601807762254,0.2779138425358759,0.05652284554499665,0.0,0.3782555724083939,0.0,0.0,0.2622268397659928,0.29869486268778395,0.25752377100877905,0.11883498573642379,0.2836931694789192,0.0,0.16835967921008563,0.0,0.07299017049953355,0.022638919935330043,0.1311754864778639,0.15470650231197705,0.28484275240146617,0.23550835508161316,0.0,0.06440438053006964,0.0,0.3617099656793855,0.11236907303632063,0.7339271950502552,0.28589348938836395,0.27507707744845944,0.10407893906369692,0.40938672674785037,0.13426770738708163,0.05933043236032681,0.4048725949969433,0.0,0.04439036434774321,0.0,0.0,0.0,0.45251869486039015,0.0,0.680789262534882,0.020323981306143823,0.0,0.16107992365807267,0.0,0.0,0.0,0.0,0.0
0.09710346101369371,0.2720593199485694,0.6750645920262278,0.0,0.07393898860021231,0.5555334128354584,0.15407028085411795,0.22459222763981285,0.0,0.3748659709119616,0.6953292363640939,0.2608232320398124,0.3232213382470291,0.0,0.5040530554603873,0.03667815644486916,0.26049604812217564,0.04628162240191791,0.5986900182671114,0.35397394542134125,0.0,0.3264031441618995,0.41195437464688034,0.25258625145970126,0.36657648321070097,0.2821011575232635,0.6779506105698,0.20832995140919253,0.3034493135647153,0.13319563359539416,0.0,0.10264010217546891,0.05442996834881071,0.0,0.0,0.0,0.0,0.0,0.11012064666419923,0.24573641571132565,0.18717933745724408,0.0,0.15525125074211737,0.0,0.0753776021570663,0.0,0.33160258962959865,0.6032988940366089,0.0,0.2714780064628566,0.5850356421530225,0.24591325045985382,0.2092724517218523,0.8560056756023703,0.41012879364342236,0.7471203555761398,0.3222536181746454,0.35579203742579835,0.1681043469812241,0.5290544794908705,0.2297472425672338,0.27666101992903985,0.09293471943370948,0.6369635262328972,0.4611520543037504,0.0386071410694489,0.40058475241983266,0.4918065955849745,0.2524340344626378,0.28272651822430594,0.2891486190469862,0.4754806962919259,0.21270465334577288,0.34532889301864783,0.16325025239390517,0.17419775829061937
0.0689513620851957,0.5789133469646943,0.22679980834718536,0.0,0.0,0.5388020532889988,0.2163566360613833,0.12190805569855856,0.3748659709119616,0.0,0.2958556751077747,0.6125209228182202,0.5640367735231906,0.0,0.22349328484205816,0.22078394212394964,0.6439471289549659,0.52625715190877,0.3299983784349194,0.1584047671836562,0.0,0.18943900199333666,0.20549117427431163,0.5380867690452473,0.6068091380461458,0.6238443644434616,0.3455534022408752,0.31505123033796106,0.21624933141014352,0.23108636117802794,0.0,0.1840235850250112,0.1993171955267639,0.0,0.0,0.0,0.0,0.0,0.24391278259980262,0.23285400115309218,0.17039333410051444,0.0,0.1570646746080028,0.014806862148320193,0.15578091588229084,0.030924515847722406,0.48545214290465744,0.4396664305896868,0.0,0.22682622204107322,0.4770261110568648,0.11936014816070137,0.1393637795333197,0.4124990958314635,0.6340606836794574,0.42883105842672,0.5876477092950715,0.5179105843864815,0.2004963996991172,0.2174229414319057,0.4050532828454136,0.6660275027975525,0.38273672530035135,0.520892617917013,0.3062810633157844,0.0,0.3435061895043626,0.2519839826824273,0.45341056228843785,0.5462072690220924,0.6206904425346702,0.26747540283586724,0.4088775155311835,0.2774921262561497,0.29415199502258743,0.3052237594533799
0.0,0.28028150132924406,0.6357291845552163,0.0,0.28574582611886823,0.42516529565998445,0.14426475864788993,0.25784946660585295,0.6953292363640939,0.2958556751077747,0.0,0.3688933394996402,0.1815611788865797,0.16021212221301284,0.3874231579389756,0.049871079930460555,0.24675057643661485,0.05471220947108241,0.5616244032817216,0.34016284451551904,0.0,0.37470373115978517,0.2960418719313914,0.20621296092258828,0.25257620341408316,0.2260232332021729,0.5135389964162572,0.07170514853447979,0.24157772392752966,0.14473399454389438,0.0,0.1777040623363903,0.03880149760822038,0.0,0.0,0.0,0.0,0.0,0.1990036274557359,0.20534333593574877,0.1495315484636607,0.0,0.085427209815043,0.0,0.026089549424635816,0.0,0.32431147838833363,0.5912056069916971,0.0,0.1310149668329607,0.368264612322343,0.08629372217450682,0.13940876360893967,0.6193826258858801,0.33476335987142136,0.7171591543823848,0.31009350647962364,0.24157822981608518,0.17339724134192505,0.4169572562542156,0.24187991402113732,0.16048620295720373,0.04170578895295901,0.5460731109058233,0.38265205295374993,0.06588799571441314,0.33281982476103356,0.3413813400705455,0.21275702260969573,0.27376408087447157,0.25221883915305326,0.38052653684061255,0.11925460440099672,0.24322300907144367,0.15408552924331181,0.17429462991457328
0.0,0.5577371321202613,0.2653043064914054,0.0,0.23343328579899547,0.5919131480356148,0.087173190033254,0.2979872767935847,0.2608232320398124,0.6125209228182202,0.3688933394996402,0.0,0.37760159203821797,0.12172569808702878,0.13206382558846974,0.0,0.603213862519521,0.34840089657149925,0.25189287412987027,0.2766718566169375,0.0,0.14438833446331972,0.3066880026805501,0.6535507321842287,0.43262771292867797,0.6684294299841516,0.20726371113221886,0.11389410039000558,0.03252808669912857,0.1755601763990247,0.0,0.26234627809858413,0.09919824914624244,0.0,0.0,0.0,0.0,0.02642542470109771,0.28548942462936017,0.12029181026320238,0.08282443486874028,0.0,0.12455442630010113,0.15283784739308112,0.16897630424463306,0.0,0.4101894889143988,0.4150436262051071,0.014942057468966957,0.034814597287320254,0.3709698636449539,0.0,0.24957726562536947,0.2181626747976097,0.5227584925513323,0.38208773546845554,0.7455236912985017,0.3148409283439096,0.16645151201327166,0.14838101994210506,0.18173037560649252,0.45664260597840073,0.22235748246550424,0.4079924451789573,0.3186443348532687,0.0,0.22721072668641235,0.2150128390582278,0.5351151035075787,0.31302454919237144,0.581624112296973,0.16940689746975685,0.18799309387268337,0.0,0.2991221579181118,0.18311522378843487
0.19013024758144184,0.5055080739343103,0.062185970776161725,0.0,0.0,0.5226836173058249,0.41261126242691737,0.14834282340739463,0.3232213382470291,0.5640367735231906,0.1815611788865797,0.37760159203821797,0.0,0.0,0.2574711359442298,0.243427240059276,0.47596250507330734,0.41561233493263955,0.21425799699386538,0.260904919737595,0.12684177311978892,0.2276196471171709,0.29700126856149767,0.3385367724654276,0.39099247124785147,0.5235034489427511,0.2557463659645678,0.5676816386624557,0.46520820188576906,0.2831587033064428,0.16232459662269738,0.22715875965909937,0.21819251453560765,0.0,0.0,0.0,0.09613355514177759,0.0,0.1981893062596606,0.2636899876286628,0.10672781634692141,0.0,0.25006507065642974,0.05693707519623008,0.08984083053174682,0.13603688261377733,0.3691264991714677,0.2046161415130874,0.09058179158512569,0.3658741260408667,0.4295958405894489,0.3501255832494964,0.20853743181729437,0.39787637006492144,0.4709394163846804,0.2697450133603291,0.44072067496528605,0.6275970579464025,0.18780092849537677,0.2378326175429378,0.3052582969758152,0.495693358354483,0.350622713411408,0.3645604533959049,0.24042627800137956,0.0443377290816494,0.18143120050075598,0.331902158139164,0.34657668321772866,0.3332070496060437,0.5031166257970084,0.15534662005411884,0.38463838303624404,0.32413578779430535,0.2061761154359329,0.2706353325665332
0.0,0.0,0.08147924748339157,0.2590048544557655,0.5031090452144895,0.02080270749686433,0.0,0.15514227547137527,0.0,0.0,0.16021212221301284,0.12172569808702878,0.0,0.0,0.035208149442323006,0.0,0.0,0.0,0.0,0.0,0.0,0.0,0.12102534221717688,0.0,0.0,0.0,0.026669594925262913,0.0,0.0,0.0,0.0,0.0,0.0,0.06276184254258917,0.11486312190096198,0.03251386753636454,0.0,0.2285076676780139,0.0,0.0,0.0,0.0,0.0,0.0,0.029249037764845262,0.0,0.0,0.0,0.0,0.0,0.0,0.0,0.10633086908183285,0.0,0.0,0.10706918705428163,0.05402639511044627,0.0,0.06461706644333859,0.054885415109595694,0.0,0.0,0.0,0.0,0.022777124670820215,0.03306600397718927,0.0,0.060202361844893276,0.0,0.0,0.0,0.013113539100214039,0.0,0.0,0.0,0.0
0.29098727210749425,0.17460996597492018,0.34571409702878,0.0,0.0,0.3998945304138057,0.178000349182784,0.31270164398230815,0.5040530554603873,0.22349328484205816,0.3874231579389756,0.13206382558846974,0.2574711359442298,0.035208149442323006,0.0,0.13162817596597576,0.025750654103730397,0.0,0.42731642120584745,0.5181308973339013,0.30365237432372844,0.4114695245903341,0.43998444374716333,0.0,0.0,0.04648725912836582,0.5905193126295895,0.19978439112954557,0.4882933248853856,0.14799585317522299,0.164963407087482,0.13823339880194982,0.26656234334308804,0.01557026834857217,0.0,0.0,0.0,0.010452586955871285,0.07834388150814642,0.19960681965766208,0.08866239796496085,0.0,0.10039063658081984,0.0,0.0,0.21591779273512668,0.10493477168786525,0.17656230955863583,0.0,0.0,0.338758477509074,0.14424297143130702,0.23441797226071878,0.4254016266596413,0.1493683479536016,0.2504498633750681,0.10696804017436431,0.12356128846442191,0.05707990168062339,0.6555073170412583,0.10667875999290546,0.09391046067285297,0.0,0.30927758833233854,0.3057849109406545,0.28654163149458467,0.23287090426287327,0.5119490591799041,0.0,0.0,0.03289527691447347,0.4304036790875982,0.05860066995407004,0.29228071052912574,0.0,0.08754259184547009
0.4234490430586512,0.2562779070732821,0.08141557588672454,0.1954738169503954,0.0,0.0,0.36382782477774556,0.26707633081445753,0.03667815644486916,0.22078394212394964,0.049871079930460555,0.0,0.243427240059276,0.0,0.13162817596597576,0.0,0.0,0.10901870938481595,0.0,0.0794960907713207,0.15254173091493714,0.26342557106534636,0.17610378176157893,0.0,0.0,0.0,0.18510014328362698,0.35554957465572046,0.1616885683058194,0.04481484027351304,0.43990028234361567,0.0,0.0,0.24369277343638374,0.2245320612806111,0.29565019664854164,0.23836911717455628,0.0,0.0,0.18422198588560032,0.0,0.07204952067963302,0.0,0.15525382059595821,0.04615801805714288,0.32029705058210506,0.21434236279216728,0.0,0.01943092258791182,0.06880541406206078,0.18202691742101243,0.428558878386355,0.15900326591327232,0.26547486229329614,0.3508901718894741,0.0,0.06493303538011,0.23539157635469538,0.06526339950281725,0.1841595717305867,0.057932893043767975,0.213913208021306,0.0,0.0,0.0,0.3089225250235125,0.0,0.23777113953627976,0.0,0.0,0.10374646770845208,0.0,0.0,0.08480517646331048,0.0,0.0
0.0,0.5556380234715088,0.16770122709902502,0.0,0.09209370467027811,0.5102841775477784,0.0,0.0,0.26049604812217564,0.6439471289549659,0.24675057643661485,0.603213862519521,0.47596250507330734,0.0,0.025750654103730397,0.0,0.0,0.687129853105,0.303177387207016,0.0,0.0,0.16575793765790153,0.0,0.6826121405792441,0.7506393706740246,0.7658852415277733,0.18003626591617788,0.0,0.1873413909290773,0.1907441743312104,0.0,0.4246395280353358,0.2682697506616177,0.0,0.0,0.0,0.0,0.0,0.5375267301454297,0.12512551329660154,0.3679412404160679,0.0,0.14729502094068195,0.0,0.07670197965212487,0.0,0.37613896656677015,0.5243725162445121,0.0,0.27784496675582815,0.38939998122638114,0.0,0.0,0.18733038918014525,0.32316659063282543,0.36602514234995387,0.4925315480321704,0.432885675132109,0.2460397535642891,0.07078975125878678,0.5641332405445794,0.5748780289359893,0.5503037039856365,0.5416584968796081,0.487708029442541,0.0,0.5242485025722455,0.0,0.6394597485549175,0.6163862562644867,0.6201895954236399,0.40242263360149383,0.5275095368468802,0.3551490341537361,0.4611929679621686,0.5081756599476093
0.0,0.5482219759561443,0.07207511910391623,0.0,0.06254980785466538,0.30664881235763203,0.03547048381517842,0.0,0.04628162240191791,0.52625715190877,0.05471220947108241,0.34840089657149925,0.41561233493263955,0.0,0.0,0.10901870938481595,0.687129853105,0.0,0.1897097431150193,0.006990789445306234,0.0,0.2736408045285421,0.0,0.5563542365197623,0.7949250108129385,0.6647017342524039,0.11692905516401308,0.08314160646709395,0.21249215268442853,0.26929953924955935,0.0,0.3965984558573262,0.3252225153328496,0.0,0.0,0.0,0.0,0.0,0.5301252021609728,0.22744747720716335,0.3559691392221376,0.0,0.13579345589867228,0.0,0.12672459497301414,0.0,0.3576013425304899,0.4557431046912662,0.0,0.1833885877199678,0.2572316907352167,0.005662590724031358,0.0,0.055071119823348,0.2161759626650846,0.1685938687018227,0.29117446029392463,0.40683852270129583,0.2176998493864582,0.0,0.6822368322737504,0.5187216604703089,0.7317700005034069,0.5148283392123734,0.4357572424144823,0.0,0.5448761481266154,0.0,0.5312525318342853,0.7218211299987438,0.5825493661720215,0.26205333841626394,0.6745930237031749,0.42196929799307265,0.424754458599234,0.5430477265088032
0.09150324485891873,0.2706975096679193,0.5423752681969125,0.0,0.10345993719690649,0.47723822337578914,0.03800520806763619,0.0,0.5986900182671114,0.3299983784349194,0.5616244032817216,0.25189287412987027,0.21425799699386538,0.0,0.42731642120584745,0.0,0.303177387207016,0.1897097431150193,0.0,0.2999189647091878,0.0,0.48956966373037586,0.19844696730038497,0.31344565621376597,0.4390783623311988,0.2848448663843479,0.5204749259157162,0.08278064592115691,0.4386722265152775,0.19991004431981105,0.0,0.28254180987173205,0.23166133864877134,0.0,0.0,0.0,0.0,0.0,0.3812210905904118,0.26366672608793684,0.41963348004080225,0.0,0.21386500700486336,0.0,0.06894941579460871,0.044794637587652814,0.2610065576168635,0.47789799955593526,0.0,0.16936247301989565,0.37170428481224804,0.09801480487080924,0.03057491637604126,0.4255144241230414,0.23045148989819783,0.5563480378779249,0.1995164361169116,0.2681334951101384,0.17107406664156438,0.37091452214941467,0.4228186139701565,0.24805622310380865,0.26162952832932473,0.6793500968476043,0.49159344403744965,0.0,0.5578164666089376,0.27320889832199136,0.22829614720191319,0.4159041248043639,0.2904315903721583,0.4797400239684394,0.3526047948838129,0.4385548714369615,0.21879600117596684,0.4208766100775145
0.23921360277030523,0.2890361154268809,0.4578368893679191,0.04286977394869236,0.17226785966615826,0.354783752548463,0.34142613198835203,0.27210436373194236,0.35397394542134125,0.1584047671836562,0.34016284451551904,0.2766718566169375,0.260904919737595,0.0,0.5181308973339013,0.0794960907713207,0.0,0.006990789445306234,0.2999189647091878,0.0,0.12116187818746976,0.5712600082284712,0.18287269482787563,0.21471191804346046,0.042510158403384624,0.2258424528984142,0.4116026532968068,0.2920847881361039,0.28246761450757046,0.2540391593721011,0.19666625842945962,0.14615255370056032,0.08058670597925438,0.07613030242725834,0.0,0.09940714563813495,0.0,0.05120797855699322,0.07776687963584068,0.19131969805462368,0.0,0.0,0.15569099066533618,0.19687968766766833,0.14655403521902413,0.0,0.14454105394482145,0.3417962077672848,0.0,0.0,0.216457298752806,0.0,0.2897023695185341,0.33946526104552555,0.3018991645412885,0.2962749616193596,0.23803371007649235,0.108340790391807,0.0,0.3464777066689925,0.07298554378467209,0.09761396192544036,0.027528629106316482,0.29253186076575005,0.5024828644551848,0.08699736150410159,0.21819814938336252,0.2485373790372682,0.133577363455556,0.05192677561340625,0.19628766313285229,0.21810546076648785,0.1435225565142046,0.0907811750814081,0.09068783687447415,0.13041950687908957
0.5662616410250367,0.1214035184373411,0.0,0.2773031293688647,0.0,0.18075785170076958,0.34603719919839143,0.49355012417628213,0.0,0.0,0.0,0.0,0.12684177311978892,0.0,0.30365237432372844,0.15254173091493714,0.0,0.0,0.0,0.12116187818746976,0.0,0.10297337297042192,0.4869277811712365,0.0,0.0,0.0,0.09355448317660148,0.23872399919146664,0.33293788030716553,0.0,0.5054542082628386,0.08059029210961444,0.1712476776427892,0.3590781694892794,0.35455642981515867,0.21080174847430405,0.13197566000500355,0.079758415152388,0.0,0.2286933539498604,0.0,0.23860179153063563,0.0,0.05046100633832461,0.01680633130873732,0.4699794781831362,0.10552163906921441,0.0,0.03691432571077152,0.0,0.11545681183029016,0.1453009044117403,0.44553910400065316,0.0,0.0,0.0,0.02412184821783886,0.06363134734821296,0.0,0.3111046469346125,0.0,0.0,0.0,0.0,0.0,0.675785354853076,0.0,0.48306771912922025,0.0,0.0,0.0,0.0,0.0,0.0,0.0,0.0
0.23179398664230424,0.4138955790885708,0.3481703403163917,0.0,0.12454557990962942,0.2437310805739,0.14885737990597328,0.007954117196685262,0.3264031441618995,0.18943900199333666,0.37470373115978517,0.14438833446331972,0.2276196471171709,0.0,0.4114695245903341,0.26342557106534636,0.16575793765790153,0.2736408045285421,0.48956966373037586,0.5712600082284712,0.10297337297042192,0.0,0.05880756749876703,0.2319497685553708,0.3500023940019138,0.24173461381966502,0.421561126490298,0.24132543136832352,0.4521169839494411,0.3325762168318959,0.11501086846484243,0.3408906638424105,0.31617312270692666,0.0,0.0,0.0,0.0,0.0,0.2574062324534473,0.2801655880971432,0.21352554800527113,0.0,0.12494554441786002,0.10519356793033398,0.10650127791663624,0.04736719675932405,0.2145384479710552,0.3995122821045281,0.0,0.16211750566730274,0.18348380098325687,0.1636261064876877,0.0,0.3033776332961148,0.1806784521437456,0.37844251046932104,0.1261430015611093,0.15270851840284375,0.1679438960714844,0.25449204856630075,0.41213780888370233,0.12797369020152274,0.22266353658850732,0.4918147238449223,0.42210581052594626,0.06257292814941534,0.458642533290764,0.1575057221684586,0.18742427526086916,0.28511020705786,0.22645307336970183,0.31902468853628907,0.36675291332636667,0.3450366658886298,0.28655428413466477,0.38481949574245383
0.3745843104436593,0.2902971552648842,0.2030242479909461,0.12279487261087146,0.0,0.5719756901421678,0.3654203885080369,0.7622253679350162,0.41195437464688034,0.20549117427431163,0.2960418719313914,0.3066880026805501,0.29700126856149767,0.12102534221717688,0.43998444374716333,0.17610378176157893,0.0,0.0,0.19844696730038497,0.18287269482787563,0.4869277811712365,0.05880756749876703,0.0,0.08535627987597028,0.0,0.1373866035061801,0.46120057201165887,0.28737880376573777,0.26744821339394076,0.0,0.2927584751512549,0.0,0.0,0.04296792369568861,0.14956464987032655,0.09067386739833132,0.06180727845382336,0.17444890030624396,0.0,0.17852530416864865,0.0,0.02020550392980622,0.026224931877084245,0.0,0.1268616149316813,0.2727376719116568,0.2982803782133368,0.0,0.0,0.10498465983488592,0.5708754001903734,0.23292973990941568,0.6816938917729559,0.44623652381968965,0.2862630948910563,0.2693553608975102,0.40677743218914275,0.28029443971071183,0.1052824524128302,0.5856875039249911,0.0,0.09383753600308761,0.0,0.19612219617002835,0.0,0.4855178229616455,0.0,0.8814345876878091,0.045066368852676536,0.0,0.22465258375392572,0.1960056996657863,0.0,0.0,0.0,0.0
0.0,0.5676023415074503,0.19122710113812014,0.0,0.11845987909629183,0.5816924443460176,0.0,0.055307885282141256,0.25258625145970126,0.5380867690452473,0.20621296092258828,0.6535507321842287,0.3385367724654276,0.0,0.0,0.0,0.6826121405792441,0.5563542365197623,0.31344565621376597,0.21471191804346046,0.0,0.2319497685553708,0.08535627987597028,0.0,0.6718432782405936,0.8238749491734448,0.09597457368842971,0.056264248509651504,0.001708034758382465,0.2568966937143375,0.0,0.38110891201729047,0.2088428415070072,0.0,0.0,0.0,0.0,0.0,0.5072994857610309,0.1842571307225503,0.3119662421569205,0.0,0.2441946919356307,0.07329908975263673,0.21328410561945313,0.0,0.450154671905887,0.4735976596561542,0.08207562679295782,0.21097694556067143,0.3968119835391313,0.0,0.16575015165562085,0.1877237950440006,0.3513639465314213,0.3500416081002081,0.6153953187189631,0.4219596581342329,0.29794960710882695,0.0,0.47818451060750744,0.5131481478008554,0.5089884558889248,0.5754353526923066,0.46665648029400886,0.0,0.4747678842821794,0.06686012319903722,0.7890273838968612,0.5540801187284544,0.7562751659792109,0.17749517975228576,0.45191493690084916,0.14498226226306474,0.45594487181107257,0.4928603906470683
0.0,0.6082790925654235,0.19347360835879474,0.0,0.07876640342424537,0.43912124398032054,0.0,0.0,0.36657648321070097,0.6068091380461458,0.25257620341408316,0.43262771292867797,0.39099247124785147,0.0,0.0,0.0,0.7506393706740246,0.7949250108129385,0.4390783623311988,0.042510158403384624,0.0,0.3500023940019138,0.0,0.6718432782405936,0.0,0.725067926632116,0.2836105701939944,0.061335866399881145,0.26629752558019687,0.35344478223266707,0.0,0.44147914131453214,0.370853341005966,0.0,0.0,0.0,0.0,0.0,0.5832254150489308,0.26277053931367716,0.481598124695393,0.0,0.2231397536823152,0.0,0.1328415729942177,0.0,0.5279292195887141,0.5815270849642528,0.0,0.2654758611584932,0.3958110827678525,0.008694734880358268,0.0,0.3024909008237226,0.32251974646922865,0.43498699828570864,0.36349765442554277,0.4955392702987269,0.20671673712869643,0.036445524445921806,0.8017766549989602,0.562638815043357,0.7412134536354864,0.6876456755982598,0.5617549858255524,0.0,0.7337553001823083,0.0,0.6082844385470068,0.8669919264801341,0.6897645048112316,0.44161304109734395,0.6780297442168199,0.5819498360202633,0.5363732121615603,0.6464966782596162
0.0,0.7353301213074375,0.17194956044481022,0.0,0.1921260516420413,0.7142678736723058,0.048433876256818914,0.07990374830069563,0.2821011575232635,0.6238443644434616,0.2260232332021729,0.6684294299841516,0.5235034489427511,0.0,0.04648725912836582,0.0,0.7658852415277733,0.6647017342524039,0.2848448663843479,0.2258424528984142,0.0,0.24173461381966502,0.1373866035061801,0.8238749491734448,0.725067926632116,0.0,0.19818549355612736,0.14307492126802446,0.2419393965456176,0.24678937944475074,0.0,0.4579075470319278,0.2813555085818117,0.0,0.0,0.0,0.0,0.0,0.5292826168803427,0.27604985338110066,0.33664523825225096,0.0,0.30559710259284467,0.007453735706278719,0.22587019554846435,0.0,0.5042342601982001,0.4684930706761746,0.027561290916757505,0.20956483103274517,0.38204080826495407,0.0,0.14973548838916342,0.22237388068948333,0.383208103830016,0.39215684793931216,0.5953512304759306,0.45879700343181506,0.22155880738979603,0.05343692795790095,0.48267536015975193,0.523386844106367,0.5603248765841176,0.5809039263542746,0.5175799351844184,0.0,0.5018464656220395,0.04113375551180115,0.7543571506262763,0.5930750857174052,0.7946237293174143,0.22362147793648504,0.5311285073617321,0.22651986556083212,0.4679040027777237,0.5035644366058801
0.12581143411428924,0.3276542076961527,0.6380014509584101,0.0,0.11189473719399223,0.5615843861452013,0.2475562625973611,0.21741601807762254,0.6779506105698,0.3455534022408752,0.5135389964162572,0.20726371113221886,0.2557463659645678,0.026669594925262913,0.5905193126295895,0.18510014328362698,0.18003626591617788,0.11692905516401308,0.5204749259157162,0.4116026532968068,0.09355448317660148,0.421561126490298,0.46120057201165887,0.09597457368842971,0.2836105701939944,0.19818549355612736,0.0,0.0988601748675686,0.47231557114323974,0.12483688006918484,0.0,0.11999285940021266,0.056069891338455885,0.0,0.0,0.0,0.0,0.0,0.06852100779111933,0.2295356873406917,0.0,0.0,0.036320737817542276,0.0,0.0448210434362859,0.03226738367426257,0.25483070623339243,0.557001071928626,0.0,0.1946288472411193,0.5532387391378483,0.2648787839715097,0.14315291450917553,0.6856779731801403,0.3313346162304772,0.511454029265404,0.19326332889889433,0.26624127294484523,0.05639820676389423,0.565796449716192,0.2636649292628222,0.17739033527087833,0.11418280729506866,0.5544907822484406,0.497781597810605,0.14908316216186812,0.3529416362160043,0.5066182758501853,0.09001645400092845,0.27879437836367355,0.19655518720636572,0.6697466505982647,0.1370510673102692,0.4450128709637487,0.03396945787775496,0.039017039253960356
0.5035104673015225,0.21779224296093647,0.027967243361150806,0.0,0.0,0.1963243580646281,0.4065306539248775,0.2779138425358759,0.20832995140919253,0.31505123033796106,0.07170514853447979,0.11389410039000558,0.5676816386624557,0.0,0.19978439112954557,0.35554957465572046,0.0,0.08314160646709395,0.08278064592115691,0.2920847881361039,0.23872399919146664,0.24132543136832352,0.28737880376573777,0.056264248509651504,0.061335866399881145,0.14307492126802446,0.0988601748675686,0.0,0.27560157871742863,0.3927322409927629,0.44877923557924165,0.0,0.1043921530275499,0.19816028465917096,0.07390554537099073,0.25239845586477194,0.27159426058206865,0.06987991498141954,0.0,0.31078469688412846,0.0,0.0,0.20405638074258411,0.16039881133051148,0.21392477480990912,0.2968948126743738,0.30434719166069263,0.0,0.16572177934474744,0.3237384557297962,0.17366111293339398,0.46334575731220595,0.2781143328361714,0.319196882424691,0.3346345549442361,0.10985774588048858,0.28003970065792244,0.4498361356907037,0.12132326524970036,0.13160376978374155,0.01755131233202953,0.27515590656047173,0.058175192501075834,0.13702819582648268,0.0,0.2952579091847637,0.0,0.31662891933442483,0.0,0.07776371400084653,0.24588525468528225,0.0,0.3014181882412619,0.0,0.11456819263080456,0.08652569511607999
0.36582538378837853,0.38137391562561135,0.08158335813973455,0.0,0.0,0.42162875723155147,0.3088586725756225,0.05652284554499665,0.3034493135647153,0.21624933141014352,0.24157772392752966,0.03252808669912857,0.46520820188576906,0.0,0.4882933248853856,0.1616885683058194,0.1873413909290773,0.21249215268442853,0.4386722265152775,0.28246761450757046,0.33293788030716553,0.4521169839494411,0.26744821339394076,0.001708034758382465,0.26629752558019687,0.2419393965456176,0.47231557114323974,0.27560157871742863,0.0,0.16333216641798173,0.2912989713510311,0.355440171695797,0.37801817431857676,0.0693692255160821,0.0,0.0,0.0,0.028044213002365967,0.20724693360951046,0.35087381527861644,0.2645263307265052,0.032825233405767144,0.18977315492675317,0.0,0.03093436905127088,0.2880479821176971,0.18969980072830184,0.053333114374417234,0.0,0.17016704363499874,0.15755200074087347,0.19884789216886595,0.04047679478074856,0.20243594540844567,0.09783059531079272,0.14407870571880985,0.025529649308165564,0.23904926453902656,0.07047100773429185,0.37735057844329,0.3556512360046646,0.12667943170150053,0.28687969023500104,0.3152229814618642,0.3204222944620388,0.2582079638559355,0.31093533986690847,0.2471734828566387,0.04171355381488803,0.25912678602448613,0.1772556720298169,0.38874718395389374,0.31992931021164756,0.46940775584305006,0.0,0.32460665678462103
0.1358755835149662,0.23556071007079998,0.1268545862809926,0.0,0.0,0.11351110862730365,0.14718594449458508,0.0,0.13319563359539416,0.23108636117802794,0.14473399454389438,0.1755601763990247,0.2831587033064428,0.0,0.14799585317522299,0.04481484027351304,0.1907441743312104,0.26929953924955935,0.19991004431981105,0.2540391593721011,0.0,0.3325762168318959,0.0,0.2568966937143375,0.35344478223266707,0.24678937944475074,0.12483688006918484,0.3927322409927629,0.16333216641798173,0.0,0.05519329582986926,0.1368319358575742,0.19751369787780565,0.0,0.0,0.05830810634036915,0.0,0.03881880262046923,0.2254637021145388,0.10982930460801382,0.1095624884403424,0.0,0.27104375443741696,0.1325687796104011,0.12378400473749135,0.0761495841917956,0.26740603287923603,0.3015799631691738,0.09609199987646974,0.11504132457479341,0.12574622813178107,0.09434968082043366,0.05397131934475613,0.1839878971397157,0.13967158830392612,0.15389466972134855,0.20862731446176364,0.30623138602751954,0.13022036166221404,0.08345687436785709,0.3054959081648342,0.160318428085412,0.23783784490139365,0.3461695281996937,0.15890635451409282,0.0,0.3408664503207716,0.05328148740782482,0.16793176127339304,0.3256355646114433,0.3264129956785951,0.11541770284606423,0.4615838074403571,0.23162351756911295,0.33592419082835123,0.37502387081214256
0.6182453696766252,0.0,0.0,0.2993321235997112,0.0,0.0,0.34701768224662694,0.3782555724083939,0.0,0.0,0.0,0.0,0.16232459662269738,0.0,0.164963407087482,0.43990028234361567,0.0,0.0,0.0,0.19666625842945962,0.5054542082628386,0.11501086846484243,0.2927584751512549,0.0,0.0,0.0,0.0,0.44877923557924165,0.2912989713510311,0.05519329582986926,0.0,0.0,0.0,0.6035972646055472,0.4475841788436459,0.4017294950654579,0.33885130991265827,0.13907801601945818,0.0,0.18546967327476763,0.0,0.3012083683478866,0.0,0.14385086088236887,0.019108217002922395,0.4793988349903352,0.0,0.0,0.05198530658874423,0.028970349932860573,0.0,0.2882263915598113,0.28270134431238936,0.040409673036303884,0.05181581115748818,0.0,0.0,0.0,0.0,0.22868425823666827,0.0,0.0,0.0,0.0,0.0,0.5632592125189001,0.0,0.29646064550722334,0.0,0.0,0.0,0.0,0.0,0.0,0.0,0.0
0.0,0.3664304188760573,0.0,0.0,0.0,0.3182981585690815,0.0,0.0,0.10264010217546891,0.1840235850250112,0.1777040623363903,0.26234627809858413,0.22715875965909937,0.0,0.13823339880194982,0.0,0.4246395280353358,0.3965984558573262,0.28254180987173205,0.14615255370056032,0.08059029210961444,0.3408906638424105,0.0,0.38110891201729047,0.44147914131453214,0.4579075470319278,0.11999285940021266,0.0,0.355440171695797,0.1368319358575742,0.0,0.0,0.3998029495353232,0.0,0.0,0.0,0.0,0.0,0.6269433870130635,0.2437812709868567,0.4032276198206563,0.0,0.15814685614058888,0.0343865466702111,0.0,0.06563930966145212,0.1498621033190472,0.20993367556861026,0.0,0.0,0.19981111712678018,0.0,0.0,0.0,0.0,0.041714332512304705,0.1489740940396002,0.12581177701961105,0.05798674590852328,0.05190055955520437,0.5096947547846882,0.16441038822817808,0.3918159596998506,0.3334871167950306,0.4155003664460527,0.0,0.5221998154623766,0.0,0.41573830034541026,0.34864155222945004,0.3088369512216999,0.3555658805778185,0.35077193928521455,0.3688028335416814,0.3214208263685606,0.5426044576474375
0.03668047666325752,0.355326505643892,0.0,0.0,0.0,0.2187955798572963,0.0,0.0,0.05442996834881071,0.1993171955267639,0.03880149760822038,0.09919824914624244,0.21819251453560765,0.0,0.26656234334308804,0.0,0.2682697506616177,0.3252225153328496,0.23166133864877134,0.08058670597925438,0.1712476776427892,0.31617312270692666,0.0,0.2088428415070072,0.370853341005966,0.2813555085818117,0.056069891338455885,0.1043921530275499,0.37801817431857676,0.19751369787780565,0.0,0.3998029495353232,0.0,0.0,0.0,0.0,0.0,0.01017082472606462,0.4606941781373383,0.32344031405973644,0.4083937175609422,0.0,0.14744244258205755,0.014339131841409253,0.08036845968758437,0.1029498140436059,0.16633121011662286,0.02024870262576786,0.0,0.01952781271686213,0.11868277535600441,0.0,0.0,0.0,0.0,0.030456062537090545,0.07829473966359714,0.2198717076047,0.04755898911363291,0.11803115002582716,0.42934175488469484,0.20083364687382232,0.34550910489614783,0.34271025701166374,0.23548560557476944,0.04151688147931251,0.46157459103131504,0.0,0.1853095898557483,0.32406891000589316,0.262805458019729,0.14346391483361087,0.3621222492300421,0.32528667649745124,0.18347360955273873,0.4385727630245956
0.3824898143442228,0.0,0.0,0.5294465843700707,0.0,0.0,0.26052423259859575,0.2622268397659928,0.0,0.0,0.0,0.0,0.0,0.06276184254258917,0.01557026834857217,0.24369277343638374,0.0,0.0,0.0,0.07613030242725834,0.3590781694892794,0.0,0.04296792369568861,0.0,0.0,0.0,0.0,0.19816028465917096,0.0693692255160821,0.0,0.6035972646055472,0.0,0.0,0.0,0.6735051959534004,0.3675839029519057,0.2207717615635862,0.30475335025838846,0.0,0.09080301583994527,0.0,0.4131664327474447,0.0,0.14079808044300204,0.0,0.3080375536253089,0.0,0.0,0.14577164603095466,0.0,0.0,0.05259700431415079,0.13524707271629588,0.0,0.0,0.0,0.0,0.0,0.0,0.0,0.0,0.0,0.0,0.0,0.0,0.40862744978337506,0.0,0.0,0.0,0.0,0.0,0.0,0.0,0.0,0.0,0.0
0.32398679527888785,0.0,0.0,0.5669851006661878,0.03302378985319643,0.0,0.22329540036443768,0.29869486268778395,0.0,0.0,0.0,0.0,0.0,0.11486312190096198,0.0,0.2245320612806111,0.0,0.0,0.0,0.0,0.35455642981515867,0.0,0.14956464987032655,0.0,0.0,0.0,0.0,0.07390554537099073,0.0,0.0,0.4475841788436459,0.0,0.0,0.6735051959534004,0.0,0.31887024925911434,0.3065492196557237,0.26034814517287297,0.0,0.0,0.0,0.45470919215752403,0.0,0.033190003084114746,0.0,0.24824548218982745,0.0,0.0,0.1165640012655471,0.0,0.0,0.0,0.2115055325190872,0.0,0.0,0.0,0.0,0.0,0.0,0.016015770804433054,0.0,0.0,0.0,0.0,0.0,0.3980987518719098,0.0,0.12071588713035106,0.0,0.0,0.0,0.0,0.0,0.0,0.0,0.0
