0.0,0.5419143103307884,0.23431407191519682,0.4233390872215158,0.27110965487874394,0.5393432326011673,0.1430858071798031,0.3831128125400334,0.4146665455891818,0.31024634951418867,0.1513326493930511,0.254417881811972,0.27710066361234903,0.0,0.4887811219739792,0.5878341686610735,0.3726990630909175,0.5203207508502303,0.2199233887153303,0.49696255023079394,0.7306945598307056,0.6138605653705734,0.5881798370013124,0.32151061451200086,0.5253651003705206,0.598577924158657,0.6104435884499428,0.506089030808084,0.5340042957033059,0.5041204391921665,0.6364542948757755,0.2608136175671149,0.2283230453836045,0.27526904022660936,0.0,0.4294204785108078,0.32271813157371065,0.15194548382919998,0.1851109943507084,0.09398825675954012,0.04893017669705893,0.0,0.5043891363950049,0.3966110752772804,0.09603826974229045,0.8272004266569162,0.602821797467029,0.5353769196003799,0.4633912823542319,0.50358813633943,0.1935753734470983,0.38437650826734193,0.5303413064149767,0.4229630566255075,0.3709021554671017,0.43387681666418454,0.0500070931727451,0.5063020877407266,0.09067178676660285,0.43926961482622373,0.6423294973230964,0.4833835352581384,0.5662944833405479,0.3136646948295218,0.4495019163074444,0.6891474887260317,0.5728408906000998,0.5902711173358823,0.20064629610428153,0.6249815421836415,0.6511983661518603,0.47973947847763465,0.4660964815351873,0.385628291506384,0.4635219815598963,0.5560979926927154
0.5419143103307884,0.0,0.0,0.3110122318140712,0.11503419259868004,0.7495391240784498,0.0,0.1291675592942366,0.3108276217344625,0.21812232730289063,0.0,0.0,0.40140192301552124,0.0,0.44117178975193794,0.7336912097547613,0.6824596841705057,0.7169785227103774,0.23573357709034315,0.7201080040976862,0.7010158397238623,0.7539961515277527,0.5077188952548858,0.0,0.7247461933997176,0.7317704425536065,0.6783821753903349,0.761274470876527,0.8240535166584166,0.32889206759192,0.6102828339218989,0.45583385323302333,0.0,0.0,0.0,0.5907476429235177,0.16057765038671704,0.3517006814943874,0.4125925934022877,0.0,0.0,0.0,0.7146173417915225,0.31045062048329286,0.20320888758952105,0.49332715339039446,0.6865066907623865,0.3828226808916386,0.350362730122493,0.38363338295676075,0.17599388401681088,0.21362196230454378,0.4352504355343003,0.3503332530446184,0.33858408088142855,0.25589361266329286,0.0,0.3551848874656992,0.1822382105973472,0.2789994092213751,0.735448844262275,0.5543268920526344,0.6087298123144949,0.3438859157378703,0.575559846410978,0.6527989502555153,0.6498325908569385,0.48779578579020744,0.0,0.7855214317474515,0.6752215106340489,0.4635214738614579,0.6817651629870298,0.06523609143097667,0.48056712046131717,0.6219838881551025
0.23431407191519682,0.0,0.0,0.06748998419298471,0.31019518767177423,0.22489737671975618,0.20331899299287787,0.5124218384308252,0.5258019715942853,0.12575561436120886,0.6207581264832618,0.15131329926913029,0.2618178774479275,0.10145048179809202,0.41803170609161494,0.14765296095476677,0.09954119773578834,0.2435764356877829,0.5462123922332578,0.23083242786186953,0.1360261334085287,0.3037388926419984,0.5620371856118453,0.0,0.0273033415165288,0.13076369734168836,0.46483375608570193,0.24502485789460365,0.05775977844346508,0.36537075842208705,0.17549804147973935,0.09520847064633398,0.0,0.1408684475220031,0.0,0.20384266117365463,0.33334957557455175,0.0,0.0,0.034954509343748566,0.2408343471984904,0.0,0.0892626947394656,0.18932681866632714,0.04058110848330983,0.16020635693083798,0.329913907252084,0.7201636975464547,0.4032635958655597,0.5226137370045296,0.4104464019029143,0.46719447341624665,0.38720763611242487,0.6392794342450606,0.20930654689519484,0.6319259459973839,0.22004531520470622,0.45814914439903764,0.2113899121095946,0.5416423707590552,0.07299192333821039,0.17511292423968597,0.10817060770977616,0.5131894217980296,0.40006429655921766,0.22766003240710317,0.41937424303438886,0.48940759857520943,0.010323713502030957,0.09884637355342574,0.1943508641366427,0.39966175921389324,0.3201781583533982,0.3694006118624125,0.34600072306753177,0.2338221828589291
0.4233390872215158,0.3110122318140712,0.06748998419298471,0.0,0.7017974240759471,0.24730728799837265,0.6322857599596297,0.09999455742255323,0.6076321135179381,0.7738542923349,0.46483956777251667,0.6307644134241119,0.5812259988429003,0.4813723170799385,0.0,0.04552002486030404,0.5765450679355303,0.3119118069034894,0.28841130916033075,0.0028694983208306657,0.29849861450791176,0.05468695993099429,0.1633848164310861,0.4255367478350357,0.26335109907587956,0.6158666019267809,0.2592999947473248,0.5494379346750156,0.24044854231638318,0.618194558636032,0.6272839904727145,0.0,0.04766854441223041,0.0684205350459039,0.0,0.6208927531722754,0.501800973634241,0.0,0.0,0.0,0.0,0.2944689046918251,0.07423239342983835,0.6332687092857052,0.247278496115582,0.0839090200575058,0.39146636352179365,0.3157654394168632,0.15879519230529993,0.3560506437937013,0.0,0.2970061440051882,0.20702594769323102,0.24902945828539136,0.6876864432682948,0.37581329652892254,0.41816974498708426,0.24848334049763426,0.16466247089854535,0.0,0.43021777848466913,0.6638853723127565,0.6028664649498818,0.22441096194612833,0.0,0.1938443410887158,0.26807859961502806,0.2384512571090897,0.45456627805046573,0.4313909255176716,0.5762841291608906,0.0,0.0,0.0,0.09145239232726185,0.13428068692700257
0.27110965487874394,0.11503419259868004,0.31019518767177423,0.7017974240759471,0.0,0.12973238049220562,0.9025295205079935,0.25959482701510955,0.8569817740525378,0.9062348447063884,0.8376207850419765,0.8866749401482791,0.7719788358527779,0.8227226038069941,0.0,0.0,0.41209331772563146,0.1250174584163013,0.29995540611476734,0.0,0.09121858393837354,0.0,0.1641860697506564,0.5036037419289221,0.021072107127559414,0.5022995418063092,0.14616799707893208,0.5376295514873202,0.0,0.7076920347699167,0.592384681457266,0.0,0.023899861437838302,0.17455501712634844,0.17953756872151566,0.6622487362610963,0.7727301581547928,0.0,0.0,0.0,0.12255507086956816,0.6201445961574288,0.0,0.7690216021282432,0.31880328214905773,0.0,0.38656009969687916,0.475356420902165,0.06626669680945872,0.6489425214103928,0.0,0.5779434676442385,0.20993658697067535,0.4914943435741983,0.8241880086857101,0.5975994741175408,0.6716409578532911,0.479075781169652,0.4377835093500947,0.0,0.2583735777315743,0.7016473468477199,0.5617146179877602,0.1881330493801655,0.0,0.04973234853976974,0.2551734473443967,0.24914125803730275,0.5661885723075532,0.33191251594065885,0.5764099839046678,0.0,0.0,0.0,0.0,0.0
0.5393432326011673,0.7495391240784498,0.22489737671975618,0.24730728799837265,0.12973238049220562,0.0,0.0,0.36247108906693215,0.3670144304020477,0.022419346242310345,0.0,0.0,0.14009341525915903,0.0,0.5431678608651231,0.608886408157726,0.3302452266613792,0.43029431020854164,0.4161321324386548,0.7743679318823808,0.696258415507626,0.7395359370964384,0.7561111575085981,0.0,0.38406732980494523,0.4295277822684098,0.8410106845019552,0.6327879307086371,0.8910492194591333,0.21195449088770973,0.3985988699426903,0.5328858441092202,0.0,0.0,0.0,0.41257843265099886,0.2483915350794064,0.11849918348064377,0.48665799679213145,0.0,0.0,0.0,0.7543774089797136,0.22237602775142867,0.0,0.5386136166673962,0.6626983291110862,0.6505267082431756,0.3120712033080727,0.48924531733671417,0.43393448337932605,0.11617136727332578,0.6601950009192498,0.558255856499185,0.07760963302960777,0.4589460573062351,0.0,0.47743338431481946,0.06391889686537061,0.31086530487960873,0.6798287337962043,0.3544260257441096,0.4839446604128136,0.5659099529214586,0.5858726993316212,0.5945328566234698,0.5834806178878893,0.8068288677417543,0.0,0.744320143283837,0.4852452124471337,0.6979465738406022,0.7305937035512251,0.20452459663179925,0.4028088172709058,0.56978238211751
0.1430858071798031,0.0,0.20331899299287787,0.6322857599596297,0.9025295205079935,0.0,0.0,0.11336155559435707,0.6688249635036647,0.8784274887898602,0.7747104321767492,0.8655986910379587,0.7780922904563671,0.9110372512078461,0.0,0.0,0.303025313103059,0.04433468539042096,0.08543915520873213,0.0,0.0,0.0,0.0,0.602163640470166,0.0,0.38564382461313323,0.0,0.35829961156936774,0.0,0.6597505852686413,0.47146286848299745,0.0,0.07031935044840497,0.19151721576252553,0.36384296840971353,0.5268330154277168,0.6674007811949664,0.0,0.0,0.039645573031200615,0.2950398666257069,0.6752829212590662,0.0,0.6918171253963955,0.3924088795526407,0.0,0.13810343412426726,0.24105061703602665,0.0,0.4379056746947511,0.0,0.5334009958572173,0.0,0.25341216739782313,0.7459598254906981,0.44219602535979285,0.8223198930726702,0.3361360708780689,0.3913636768061795,0.0,0.04834189775462666,0.5447103771469173,0.42174608382135925,0.0,0.0,0.0,0.060006808669538,0.0,0.705167256433254,0.06539511665206099,0.3774193928768954,0.0,0.0,0.0,0.0,0.0
0.3831128125400334,0.1291675592942366,0.5124218384308252,0.09999455742255323,0.25959482701510955,0.36247108906693215,0.11336155559435707,0.0,0.39268275329181845,0.12398216220246888,0.43908115478394544,0.1617213094818325,0.23385352923681982,0.05609402603430508,0.24441549531418266,0.18054848864759374,0.1252399698653061,0.17805865257289977,0.4076464564339099,0.16454441087258104,0.3717922474345946,0.22770538401074494,0.7168150247064142,0.14337836724577302,0.09744245770600925,0.2136845780101302,0.33955493843786494,0.2859032837853101,0.14835518949007498,0.4027089953428222,0.3018633520509756,0.18952374099126235,0.09502719542369742,0.21846730163046524,0.0,0.21486842298413925,0.22906484119890858,0.14588675680731264,0.03523994983231593,0.09835887816913912,0.22930192592437024,0.0,0.23189778641229322,0.225670907931157,0.07385943838075738,0.38314317414802523,0.3535400918093771,0.5925194335048337,0.42840583511122593,0.5094726601450223,0.42204716724950775,0.3721012978736973,0.7373551703554369,0.5580332834728218,0.17637132861340202,0.6417240216822391,0.16290686100315016,0.5351593414462334,0.22766453215520566,0.2922359908722507,0.061932274742986,0.1685783982146551,0.04728972662344369,0.45592190166964264,0.16804490394958732,0.44028759316768756,0.20770563324584065,0.6382688878933181,0.03674458226406818,0.17278231677613112,0.27906901175399784,0.2803017243473975,0.2925903204681429,0.2995390426154121,0.27957119549021153,0.1413236942321292
0.4146665455891818,0.3108276217344625,0.5258019715942853,0.6076321135179381,0.8569817740525378,0.3670144304020477,0.6688249635036647,0.39268275329181845,0.0,0.7600985345190026,0.7403995194637749,0.7086392053663919,0.7070266694621243,0.5176286605126186,0.1379972047559644,0.16382249665145243,0.520558084704066,0.3721474890945888,0.4520931087983001,0.10161914236175257,0.2588162718642259,0.1881879041548281,0.4709059463957467,0.3798442916191508,0.23396225159998182,0.5990427327996886,0.49097757273943476,0.5983591803378938,0.22087512824001226,0.7165611927376139,0.6623998119283827,0.0,0.09497896567443767,0.10355997593724067,0.0,0.7275297788063481,0.689770026856733,0.0,0.0,0.0037355525361972286,0.09319440910631695,0.17356653356289653,0.19429572775663323,0.6573995443345235,0.22755365998288507,0.14502287020136828,0.6462278115241386,0.6747256046648366,0.39071252959897257,0.7940298857881304,0.0,0.7490343609345269,0.43534139307628067,0.8064751060379001,0.7881854252984557,0.6824287310246595,0.5231422156824922,0.6250819014907127,0.4681252540971321,0.23072971736641454,0.39122504097240546,0.7506727805979271,0.6323258889960568,0.39726082550863556,0.264445202171838,0.33074797004327994,0.5234531824556813,0.4963685449347581,0.36255179765005674,0.525490925200956,0.7131307344093862,0.13689151287921197,0.20590701262705954,0.0,0.27973895981222807,0.31836658913053384
0.31024634951418867,0.21812232730289063,0.12575561436120886,0.7738542923349,0.9062348447063884,0.022419346242310345,0.8784274887898602,0.12398216220246888,0.7600985345190026,0.0,0.6511146442098881,0.913812969288217,0.8132900399144252,0.7800601746257589,0.0,0.0,0.6059257201673246,0.3040289768189158,0.1372772457725611,0.0,0.136346735348861,0.0,0.05262855047119608,0.6790137495737032,0.2894784285713039,0.6692685579385912,0.05589514065162665,0.5478971619461896,0.0,0.7602182176878935,0.7013875610243697,0.0,0.18003241396921654,0.10261022413589145,0.13424740502148577,0.6913950976036153,0.662934240018883,0.0,0.0,0.09876882582310396,0.21265830676500988,0.558392778361047,0.0,0.8253562742067991,0.34513582697072914,0.0,0.4084083573562832,0.282213632857716,0.08522274643003909,0.5225214957028783,0.0,0.6300501510989569,0.12193049867635955,0.3164373236547674,0.9265799991983013,0.40967673969437896,0.70256906949233,0.3509760675596169,0.4698517394231858,0.0,0.28988040130462656,0.8063792644470333,0.6584462664529522,0.054071068250541615,0.0,0.1476546155925913,0.25797560626782673,0.08398603621245676,0.693031224027573,0.3965819563905775,0.66088655865695,0.0,0.0,0.0,0.06234398447898151,0.06758785301774806
0.1513326493930511,0.0,0.6207581264832618,0.46483956777251667,0.8376207850419765,0.0,0.7747104321767492,0.43908115478394544,0.7403995194637749,0.6511146442098881,0.0,0.6370536457901023,0.6236029567888843,0.7133993558553001,0.049194157743829126,0.0,0.18773810812728525,0.029023283566025654,0.520392478064732,0.0,0.0,0.0,0.22502870509769735,0.3198591663454151,0.0,0.219227956172655,0.12181754638659797,0.349481744370103,0.0,0.5724078717090398,0.36741650628267875,0.0,0.0,0.22426698530062086,0.2639250705859898,0.4215919872983673,0.69671294543441,0.0,0.0,0.0,0.2613349514160537,0.6939797364618935,0.0,0.5649486889377011,0.21371503175005568,0.0,0.17868252446866922,0.6169618505124882,0.12453908315842172,0.6227381881332645,0.0,0.5596370040292977,0.23371871412384568,0.5552568766174171,0.5725983708976049,0.7647836353976928,0.5787923053709443,0.44094740365282725,0.3616380037096859,0.17474960945629084,0.0,0.39955803054435146,0.27091044956036225,0.37985996742121153,0.0,0.0,0.15919108251265604,0.26422825442255304,0.40154780992383915,0.028884793774418854,0.24639935803357424,0.0,0.0,0.0,0.0,0.0
0.254417881811972,0.0,0.15131329926913029,0.6307644134241119,0.8866749401482791,0.0,0.8655986910379587,0.1617213094818325,0.7086392053663919,0.913812969288217,0.6370536457901023,0.0,0.6897416256809933,0.7553736898439678,0.0,0.0,0.3712310995460436,0.06576852268129546,0.08826632722625033,0.0,0.05724162333253821,0.0,0.0,0.6825133354862083,0.0,0.5055143573981002,0.0,0.38810686546127826,0.0,0.6815834847656906,0.6161876241277829,0.0,0.2262116409692799,0.24580335063529735,0.31148980635816637,0.5205255576458359,0.6973643057049816,0.0,0.0,0.12508572112467595,0.2264788378561573,0.5776772239184875,0.0,0.7833316706586994,0.26785734661113453,0.0,0.26362892480322486,0.2610242074789746,0.021700009304807477,0.4481952395151275,0.0,0.5602174659246453,0.09957495424260598,0.23639412643533303,0.8122683216190822,0.3668056431485997,0.7857515376449737,0.3803352939453031,0.38978608890693317,0.0,0.18363552193655533,0.6879926252048925,0.5544437336838561,0.0,0.0,0.062296940103096415,0.17220006034731383,0.041711627698639286,0.6925881612116629,0.20691671746235546,0.5276967213766385,0.0,0.0,0.0,0.0,0.0
0.27710066361234903,0.40140192301552124,0.2618178774479275,0.5812259988429003,0.7719788358527779,0.14009341525915903,0.7780922904563671,0.23385352923681982,0.7070266694621243,0.8132900399144252,0.6236029567888843,0.6897416256809933,0.0,0.5975474420562744,0.0,0.08786246420310351,0.634532569735829,0.45646581487441557,0.14898674036888612,0.0,0.20381835461676884,0.06075521696754488,0.158150806186743,0.5360905961703166,0.34425087168017204,0.7086144057140451,0.14225805591752216,0.7164209323513087,0.056835232429661986,0.7263522412740901,0.6770298025449204,0.0,0.05169454529249387,0.03879469435583299,0.059518742393024564,0.6672429774694895,0.6125766262669439,0.07531467092067354,0.0,0.09184514775394825,0.25559853655874626,0.4093294113107871,0.0,0.6929021762758794,0.5396895337895662,0.0,0.4690643394125187,0.3207476605529452,0.22568448901450786,0.5529724950081328,0.0,0.6598633910786031,0.1934653885577143,0.4044658580077938,0.8177427068630071,0.4473405890381824,0.6225568935339821,0.5753927485491728,0.5146348679530516,0.05511021942229252,0.329237802634711,0.7631561252837417,0.5993189012447426,0.06061535324661771,0.10640687983786404,0.3067262038311033,0.4016713543016657,0.13779949818023246,0.6229220434188942,0.3609375638563553,0.6702740856678815,0.0,0.10249713483201606,0.0,0.19043533278050573,0.19873509349561713
0.0,0.0,0.10145048179809202,0.4813723170799385,0.8227226038069941,0.0,0.9110372512078461,0.05609402603430508,0.5176286605126186,0.7800601746257589,0.7133993558553001,0.7553736898439678,0.5975474420562744,0.0,0.0,0.0,0.06963028174521572,0.0,0.0,0.0,0.0,0.0,0.0,0.5842476245148859,0.0,0.14663957307392467,0.0,0.12616007255823042,0.0,0.47877940159910337,0.27045970321746227,0.0,0.0882234994953528,0.21696412343241295,0.49922493164141646,0.31342444466241515,0.6357322463908597,0.0,0.0,0.07515547794336822,0.35499716659042097,0.7696777684382139,0.0,0.5545016504558615,0.3296069095735562,0.0,0.0,0.03437665605939404,0.0,0.230929198043549,0.0,0.36734092515344907,0.0,0.06605808297485444,0.632059422485085,0.2533286970025684,0.7891889435658497,0.20705628928938757,0.3503163022681962,0.0,0.0,0.39129792018068227,0.25325366343078554,0.0,0.0,0.0,0.0,0.0,0.6673579837016006,0.0,0.16310783892580993,0.0,0.0,0.0,0.0,0.0
0.4887811219739792,0.44117178975193794,0.41803170609161494,0.0,0.0,0.5431678608651231,0.0,0.24441549531418266,0.1379972047559644,0.0,0.049194157743829126,0.0,0.0,0.0,0.0,0.4997851411888248,0.12669313498187235,0.30626131550235525,0.3572776997542165,0.7900071625520119,0.6593662739473277,0.7997790348847584,0.5416537519999818,0.0,0.2368505368998304,0.20638137262988937,0.5964761504334773,0.3439737402455373,0.5658329570752131,0.12950066316407263,0.26209843828436885,0.3469123354462307,0.0,0.06913289352042211,0.0,0.1057389267350057,0.10519672267964397,0.09090569521304975,0.3335115218074421,0.0,0.0,0.0,0.5143438855481917,0.13521721701592554,0.0,0.5147036309322769,0.3552051882556536,0.6343135532573876,0.30539799031832493,0.35146974092703637,0.3680117251501348,0.12081216002003811,0.45109430071279283,0.3758725477999699,0.0,0.4087420403146415,0.0,0.26748489767598566,0.0,0.8702527986779856,0.4580125428272085,0.1222674318779481,0.2945427702486413,0.49363760111598365,0.697541583245456,0.5287462499239978,0.6472751636765375,0.5840922309906817,0.0,0.4192087120295606,0.26272116659309847,0.6610212016000332,0.6472728627416203,0.4369541570408881,0.4620900480100827,0.5243798348750925
0.5878341686610735,0.7336912097547613,0.14765296095476677,0.04552002486030404,0.0,0.608886408157726,0.0,0.18054848864759374,0.16382249665145243,0.0,0.0,0.0,0.08786246420310351,0.0,0.4997851411888248,0.0,0.5126872061835186,0.7969920655966797,0.23810033116547047,0.6900016931513345,0.5791570259553634,0.7728966256558482,0.5699030964520901,0.0,0.726403380785725,0.5314080545918404,0.6886117904513593,0.4563818237104028,0.7065697712136094,0.1888883670360409,0.46607972565544176,0.610167295870841,0.16476020853983636,0.0,0.0,0.28992619317864576,0.0,0.27589809941347865,0.5909897751783177,0.08944604255883859,0.0,0.0,0.6873985701686458,0.0174645012002856,0.0,0.6991512818800001,0.6127737277607977,0.3292352828784325,0.5847711738968159,0.3305540885879139,0.5208568009513215,0.2400876231349289,0.4295756705361329,0.36125864743193736,0.11697640924528713,0.12540578187546572,0.0,0.3480467342863146,0.03595919553608725,0.4389612409122518,0.6039420672166123,0.30734480004209963,0.41006804887309756,0.38095672528832736,0.6591294114692016,0.6368253002722186,0.602059121397889,0.4964820355069336,0.0,0.6357366260336272,0.49883708097811935,0.5832586354772119,0.7504027936374721,0.4081211092767569,0.6847918971449777,0.7002558704098253
0.3726990630909175,0.6824596841705057,0.09954119773578834,0.5765450679355303,0.41209331772563146,0.3302452266613792,0.303025313103059,0.1252399698653061,0.520558084704066,0.6059257201673246,0.18773810812728525,0.3712310995460436,0.634532569735829,0.06963028174521572,0.12669313498187235,0.5126872061835186,0.0,0.7716147921754017,0.22960955839342667,0.26619664194787873,0.42377583237128114,0.33926138490670316,0.3260034462243232,0.3472899577610451,0.7669653002790625,0.8705226428066658,0.3629052779859788,0.7883542415521602,0.46319992376191205,0.5864973184134735,0.7512064187822014,0.15732214474780928,0.07908783921083173,0.0,0.0,0.7275715122927271,0.29328931621012866,0.26208624509060424,0.062478281663293514,0.03586921443898125,0.0183810675670118,0.0,0.4129678653104749,0.5536055922722357,0.3214518096788328,0.22204932859362791,0.6072796448462245,0.30473258842087175,0.3958710815405616,0.5075972713695679,0.0,0.5161890830057054,0.32199284536711237,0.35969128990310306,0.7415252277107647,0.2769502941836707,0.176585467603237,0.2888878211965469,0.4054120441953815,0.14038865226852298,0.5377390814241946,0.7912361216205549,0.6833720622730668,0.23389023043656593,0.3149410516991387,0.4935223022616175,0.5305955072973837,0.30116874336073723,0.28788640766775137,0.6807121879851314,0.7737361483553373,0.05990896415239397,0.36150315077675593,0.0,0.504994871323783,0.47556282688649043
0.5203207508502303,0.7169785227103774,0.2435764356877829,0.3119118069034894,0.1250174584163013,0.43029431020854164,0.04433468539042096,0.17805865257289977,0.3721474890945888,0.3040289768189158,0.029023283566025654,0.06576852268129546,0.45646581487441557,0.0,0.30626131550235525,0.7969920655966797,0.7716147921754017,0.0,0.23459805537243472,0.4457909448493321,0.4675539153653163,0.5663015059938181,0.43957282391957253,0.11709858044702012,0.8105231133541615,0.7730408803547476,0.5125933179477199,0.672970476028113,0.545055007348199,0.492256890489897,0.6700421529304853,0.4298702225423079,0.21845232891469474,0.0,0.0,0.5748492681100422,0.16669879841749352,0.3187604259291247,0.3599474584757014,0.16343967660091663,0.17351092093799175,0.0,0.4592837433088518,0.3003720500129966,0.24887445034075262,0.47997129282966744,0.6612872828020278,0.3155352045514172,0.5909154567615669,0.42806653649375315,0.2265742675527769,0.4224458790195985,0.29576797041134273,0.38632516256962524,0.4647619598592477,0.18024121640555424,0.010061888681417719,0.3974520051300805,0.26841367875629407,0.32636384413929426,0.6181392320426757,0.5896934790748465,0.5989236626277226,0.2842810132244239,0.5145827694489394,0.558361854211478,0.6242958936248542,0.3527797961720939,0.09556589919246414,0.6351954236342106,0.6885759837367135,0.27632807681922295,0.6187923581919887,0.14570336537181722,0.6811534654544923,0.6400473546763475
0.2199233887153303,0.23573357709034315,0.5462123922332578,0.28841130916033075,0.29995540611476734,0.4161321324386548,0.08543915520873213,0.4076464564339099,0.4520931087983001,0.1372772457725611,0.520392478064732,0.08826632722625033,0.14898674036888612,0.0,0.3572776997542165,0.23810033116547047,0.22960955839342667,0.23459805537243472,0.0,0.30775936514562846,0.28027971825410203,0.2932788325491519,0.49637645176716,0.0,0.07854313538734553,0.14818433753063903,0.3984093208445489,0.4028330185561823,0.2870975829812544,0.3043178747959596,0.2921038825382936,0.1390912222417397,0.0,0.02178650567241759,0.0,0.296269763374446,0.25419327069020825,0.0,0.09458052356705351,0.0,0.0,0.0,0.3169722285682143,0.2303106952531629,0.0,0.13177130703595102,0.2829946216900427,0.6955091705094717,0.22403779521575817,0.4821412447099199,0.16872702627653496,0.16200499752208974,0.4935476103818345,0.5587707036766142,0.13933548633752058,0.6496094472252198,0.0,0.22208948695382885,0.12996992653694567,0.25034696805838974,0.1712250149529102,0.17688983864296906,0.16068086158800754,0.9075411953357537,0.191863515436261,0.2171496594719313,0.2532537126585628,0.5500660330551415,0.0,0.27083729160748055,0.14629242368759887,0.2718175640061093,0.27047307167116186,0.0,0.33357279243017923,0.16924594254745945
0.49696255023079394,0.7201080040976862,0.23083242786186953,0.0028694983208306657,0.0,0.7743679318823808,0.0,0.16454441087258104,0.10161914236175257,0.0,0.0,0.0,0.0,0.0,0.7900071625520119,0.6900016931513345,0.26619664194787873,0.4457909448493321,0.30775936514562846,0.0,0.7488835691538274,0.9432705206142274,0.6105728525053924,0.0,0.4298624852138066,0.3441075240682845,0.7906203912823818,0.5118107626946723,0.8808121512031646,0.061294440303714226,0.33065185057180446,0.6130551220951295,0.0,0.0,0.0,0.23704748106589568,0.025021600345037587,0.2631970770840417,0.630101885575475,0.0,0.0,0.0,0.7510500352025165,0.05162947279747357,0.0,0.5735971146903815,0.5023521612168823,0.515705300490829,0.3766882123046309,0.30190296397330924,0.45157753011691976,0.0,0.5061179600706389,0.3692331037201965,0.0,0.26392028629662295,0.0,0.2807254378332584,0.0,0.6009556318751924,0.6433212986827513,0.1710790681593732,0.36386647529535326,0.4750074160128994,0.8303352828003294,0.6433470151796923,0.7074784214917214,0.618955141752039,0.0,0.6057274348436963,0.3716190224606714,0.7895849712508901,0.8091806495372351,0.36243686244253764,0.5157496024902851,0.719666268994936
0.7306945598307056,0.7010158397238623,0.1360261334085287,0.29849861450791176,0.09121858393837354,0.696258415507626,0.0,0.3717922474345946,0.2588162718642259,0.136346735348861,0.0,0.05724162333253821,0.20381835461676884,0.0,0.6593662739473277,0.5791570259553634,0.42377583237128114,0.4675539153653163,0.28027971825410203,0.7488835691538274,0.0,0.7790244297082272,0.6634289884877075,0.13589957314430479,0.4992136722800217,0.5646621873584865,0.6222755649700675,0.6388102636507798,0.7386581420836482,0.38105492784861966,0.567156899215075,0.3739612094767286,0.0,0.0,0.0,0.4020853826152306,0.194896095621093,0.23755555535518125,0.28853069471325477,0.0,0.0,0.0,0.6258299464889729,0.33965034327461296,0.10406747170047,0.7109444449530987,0.5851404533016722,0.5466500082493497,0.3841631596838699,0.4018801612822785,0.2105086334439749,0.1698772361890936,0.6785440114652129,0.3523791560264873,0.22491414764147366,0.3779410478630151,0.0,0.358124088068519,0.1443379984134228,0.5179671777102806,0.7150031771424036,0.4374238679095485,0.5725795535879182,0.3942660722295803,0.6152478721075602,0.8235365784575088,0.6666335643671909,0.691093724270438,0.028046276323529712,0.6780375907314962,0.6158688815019038,0.530525680968815,0.6509796218777202,0.2927781028367168,0.5034042080483583,0.6186980215719283
0.6138605653705734,0.7539961515277527,0.3037388926419984,0.05468695993099429,0.0,0.7395359370964384,0.0,0.22770538401074494,0.1881879041548281,0.0,0.0,0.0,0.06075521696754488,0.0,0.7997790348847584,0.7728966256558482,0.33926138490670316,0.5663015059938181,0.2932788325491519,0.9432705206142274,0.7790244297082272,0.0,0.6421884721229514,0.0,0.5192550246213015,0.4619175234433764,0.8014683626984145,0.5410282570108909,0.8354648819982611,0.17105059533705874,0.4263014748285682,0.5970797258691569,0.0,0.0,0.0,0.29067290086452163,0.049155276956948546,0.3150477876984079,0.5956623251309093,0.0,0.0,0.0,0.7312421909608056,0.12836747172147164,0.0,0.672855109476628,0.5890025356097746,0.5461125102992306,0.4768268221949321,0.35797270247541224,0.4534466600879504,0.12817595099911305,0.5363638739382084,0.41017645630992383,0.0,0.3006852371742046,0.0,0.37294599028488146,0.0,0.6462924887718973,0.6746046965353656,0.2616832672797263,0.42226933355203694,0.4552883601751419,0.8314454815972528,0.7109193473328177,0.7744737775961779,0.6225040999375606,0.0,0.6410975369250091,0.500288223863733,0.7447134774982046,0.8088413682532071,0.43970642017073025,0.5934516510986545,0.750296437985809
0.5881798370013124,0.5077188952548858,0.5620371856118453,0.1633848164310861,0.1641860697506564,0.7561111575085981,0.0,0.7168150247064142,0.4709059463957467,0.05262855047119608,0.22502870509769735,0.0,0.158150806186743,0.0,0.5416537519999818,0.5699030964520901,0.3260034462243232,0.43957282391957253,0.49637645176716,0.6105728525053924,0.6634289884877075,0.6421884721229514,0.0,0.0,0.4166439423204295,0.41539747439972113,0.786183931382007,0.5237853854438321,0.6405077422753245,0.4010645130528331,0.4254728133051111,0.5177004505944494,0.0228479995861417,0.0,0.0,0.3422584603059481,0.17391169208246715,0.14850711839750752,0.4058472608454715,0.0,0.0,0.0,0.6070243990538933,0.19653641616462092,0.0,0.6390386222492215,0.690731143037026,0.7529407544035965,0.5434190850557505,0.6004487172993255,0.6085343664314111,0.3886312951263572,0.8603029866571683,0.7083110391623877,0.18737950599388964,0.60801286973032,0.0,0.5436506485527018,0.23022222568256884,0.49782045498402006,0.45390707390996243,0.3176477965901123,0.31008319753316727,0.601644309573823,0.5874135051237839,0.6634655008086584,0.581784537494598,0.923107699354443,0.0,0.5935254436620767,0.5166340585282048,0.6499149943442267,0.6583516822032607,0.4278170487584163,0.5563654434494725,0.540823285878422
0.32151061451200086,0.0,0.0,0.4255367478350357,0.5036037419289221,0.0,0.602163640470166,0.14337836724577302,0.3798442916191508,0.6790137495737032,0.3198591663454151,0.6825133354862083,0.5360905961703166,0.5842476245148859,0.0,0.0,0.3472899577610451,0.11709858044702012,0.0,0.0,0.13589957314430479,0.0,0.0,0.0,0.22521736865110617,0.5081240158975971,0.0,0.20560491542919412,0.0,0.5916463171771833,0.5469974171801789,0.0,0.3395043655576311,0.22885808091372284,0.3370561418288293,0.33565004644840585,0.3614141582849861,0.06967254709457218,0.0,0.4278329369251026,0.453735433680675,0.5619767280926784,0.0,0.47930607683701687,0.34351086374400314,0.12230923155277554,0.12189858845046267,0.0,0.06718624488668909,0.17094469189981326,0.0,0.4694450712002025,0.06400342576378548,0.0,0.6543037878243976,0.04244612940941542,0.7505915459555693,0.15909921084985726,0.3057316764208247,0.0,0.11619515692034274,0.4840917748668562,0.3834997784312944,0.0,0.0,0.21323792985058182,0.07824563200668008,0.0,0.9150879650631724,0.05496186300631006,0.4775429887249969,0.0,0.0,0.0,0.08942417268284328,0.11153616237156219
0.5253651003705206,0.7247461933997176,0.0273033415165288,0.26335109907587956,0.021072107127559414,0.38406732980494523,0.0,0.09744245770600925,0.23396225159998182,0.2894784285713039,0.0,0.0,0.34425087168017204,0.0,0.2368505368998304,0.726403380785725,0.7669653002790625,0.8105231133541615,0.07854313538734553,0.4298624852138066,0.4992136722800217,0.5192550246213015,0.4166439423204295,0.22521736865110617,0.0,0.7516663725427012,0.4306532147091634,0.5757393886320246,0.5249530904564922,0.3265740200278542,0.5465869055267314,0.35502497247701725,0.10130722070971801,0.0,0.0,0.5292874511830945,0.0,0.35812690107316714,0.30591014741591116,0.13946121592261737,0.025738519724522957,0.0,0.4323573292978114,0.17710942392950152,0.2401384514830644,0.5036782302154506,0.548824824174715,0.20581421255877863,0.5018948893303146,0.33898020970950105,0.20402127180761745,0.39421703030263,0.3109189336681906,0.2755064874492512,0.4420962264900644,0.10236680888782879,0.0,0.18579204870026675,0.1929970069969354,0.24203764384731247,0.573390927556148,0.5256690188040554,0.5449458739725168,0.1297251634987312,0.46625460420951154,0.5794694825347202,0.5405314869319803,0.33228464693711707,0.11565334997237822,0.6911600386196658,0.6628520053978275,0.33464799597426087,0.4752516335772039,0.21193528479727186,0.5918209358551665,0.5785274553270114
0.598577924158657,0.7317704425536065,0.13076369734168836,0.6158666019267809,0.5022995418063092,0.4295277822684098,0.38564382461313323,0.2136845780101302,0.5990427327996886,0.6692685579385912,0.219227956172655,0.5055143573981002,0.7086144057140451,0.14663957307392467,0.20638137262988937,0.5314080545918404,0.8705226428066658,0.7730408803547476,0.14818433753063903,0.3441075240682845,0.5646621873584865,0.4619175234433764,0.41539747439972113,0.5081240158975971,0.7516663725427012,0.0,0.47981949166887594,0.802049636196511,0.5314902156010484,0.7166111620766676,0.9112481247267098,0.14837522227162045,0.20522295731414036,0.0,0.0,0.783570700830575,0.43176460601954736,0.2722791898946567,0.0500750797068609,0.0939422847093517,0.07648771557901547,0.0,0.4443191851172873,0.6008808317988259,0.3867064090321758,0.41522064714160994,0.7387901889567514,0.3442379784999516,0.4294523988656964,0.5227680005031792,0.0,0.5577978846912524,0.3690378072017364,0.38731229526666744,0.768304704256079,0.2960388130444078,0.2954840135650088,0.4359964278015399,0.405817043509187,0.19949820822866882,0.6581520174788895,0.8326633389915041,0.7779067641000942,0.1714823869003247,0.38519554367520276,0.6235346119719232,0.6441760717223317,0.36170115763828675,0.4192765898619222,0.7464415831844039,0.9144968460790835,0.11788161930665336,0.41256996712473565,0.0,0.5153221374625262,0.5734599567504063
0.6104435884499428,0.6783821753903349,0.46483375608570193,0.2592999947473248,0.14616799707893208,0.8410106845019552,0.0,0.33955493843786494,0.49097757273943476,0.05589514065162665,0.12181754638659797,0.0,0.14225805591752216,0.0,0.5964761504334773,0.6886117904513593,0.3629052779859788,0.5125933179477199,0.3984093208445489,0.7906203912823818,0.6222755649700675,0.8014683626984145,0.786183931382007,0.0,0.4306532147091634,0.47981949166887594,0.0,0.5501509082882732,0.8073386938002498,0.29118898993067444,0.4378204641731535,0.5670272674266923,0.029828939833168283,0.0,0.0,0.45985167011403183,0.2477807392107113,0.14950720643389753,0.6022809162249825,0.0,0.0,0.0,0.6959049686954741,0.2441947816956926,0.0,0.5917525560989807,0.7291521589501586,0.7140719958054367,0.5272872022282629,0.5549870190177467,0.49060868571470284,0.3307775888814817,0.5822853880480223,0.6590834209055091,0.18407990135568447,0.45168425420411024,0.0,0.5040303189572994,0.07756446694228748,0.47192273944648133,0.6530205188747157,0.38895747051860197,0.4705309274916968,0.5298660271426239,0.7477383621442837,0.5992591551114397,0.7376088936717604,0.7601664462095116,0.0,0.7183973196763456,0.5644118258578334,0.819910204022179,0.7106345126210969,0.35225209904732635,0.5652277501664463,0.6837864947036613
0.506089030808084,0.761274470876527,0.24502485789460365,0.5494379346750156,0.5376295514873202,0.6327879307086371,0.35829961156936774,0.2859032837853101,0.5983591803378938,0.5478971619461896,0.349481744370103,0.38810686546127826,0.7164209323513087,0.12616007255823042,0.3439737402455373,0.4563818237104028,0.7883542415521602,0.672970476028113,0.4028330185561823,0.5118107626946723,0.6388102636507798,0.5410282570108909,0.5237853854438321,0.20560491542919412,0.5757393886320246,0.802049636196511,0.5501509082882732,0.0,0.6460383173314557,0.6184834274814641,0.778548276313977,0.13236182741505684,0.0,0.0,0.0,0.7045108637855533,0.5287143165411932,0.24297977798879844,0.024334035710850577,0.0,0.0,0.0,0.5349674162882401,0.6564488089543435,0.3565258480620027,0.33986178908900194,0.6964073533532681,0.5598871913968841,0.3186545672429925,0.6424028348858394,0.0,0.4236973472281085,0.5126156666564787,0.5133330988892735,0.6007926731033213,0.5170513538618552,0.0922450175492564,0.5519829264388353,0.4088095480665652,0.2891648419181715,0.7036662154324471,0.7653719502840254,0.7376727871664397,0.4269228673365824,0.45180922653871003,0.6022436720355098,0.6696777593715383,0.5493433451452987,0.20541777965308924,0.7485464351385591,0.7738782632590462,0.26517322126757337,0.5835468940452335,0.0,0.456221205330246,0.5513566536428827
0.5340042957033059,0.8240535166584166,0.05775977844346508,0.24044854231638318,0.0,0.8910492194591333,0.0,0.14835518949007498,0.22087512824001226,0.0,0.0,0.0,0.056835232429661986,0.0,0.5658329570752131,0.7065697712136094,0.46319992376191205,0.545055007348199,0.2870975829812544,0.8808121512031646,0.7386581420836482,0.8354648819982611,0.6405077422753245,0.0,0.5249530904564922,0.5314902156010484,0.8073386938002498,0.6460383173314557,0.0,0.1762571313644135,0.4478578893825395,0.6188825069362014,0.0,0.0,0.0,0.4027477824121223,0.10189480137439598,0.26148104794792915,0.6352720580058884,0.0,0.0,0.0,0.8139406325940947,0.1681463935628884,0.0,0.545253141620407,0.6651186587744402,0.48031878176371057,0.2941215017334896,0.3311583650966835,0.29778751638559453,0.0,0.550982110555378,0.38479610900606265,0.06427612417042086,0.2210932726414303,0.0,0.2858658954692426,0.03211403615471563,0.3372550556513304,0.7785748288897387,0.379362933134179,0.5053116386517743,0.47437021023376047,0.6827890454528461,0.6133526286297424,0.6613590578693509,0.6670953195957392,0.0,0.8116504904574944,0.547402498810378,0.6297994219200804,0.7596509857005239,0.10204508912299337,0.48955876780291135,0.689665037503858
0.5041204391921665,0.32889206759192,0.36537075842208705,0.618194558636032,0.7076920347699167,0.21195449088770973,0.6597505852686413,0.4027089953428222,0.7165611927376139,0.7602182176878935,0.5724078717090398,0.6815834847656906,0.7263522412740901,0.47877940159910337,0.12950066316407263,0.1888883670360409,0.5864973184134735,0.492256890489897,0.3043178747959596,0.061294440303714226,0.38105492784861966,0.17105059533705874,0.4010645130528331,0.5916463171771833,0.3265740200278542,0.7166111620766676,0.29118898993067444,0.6184834274814641,0.1762571313644135,0.0,0.756190179515609,0.0,0.2704446585065656,0.24257076791174542,0.0,0.6496611264760521,0.6172530385477104,0.04696396369902604,0.0,0.1960571115943185,0.2995634792806525,0.2795462192864667,0.1131693678445855,0.6746035566692328,0.3434410371635455,0.28394526407159526,0.6090122702565243,0.45831144371756144,0.29658531097729457,0.5383928759254282,0.0,0.5985245695182173,0.38285387731643805,0.4462216419522887,0.7569185441962857,0.4692686837815292,0.5468756404838843,0.5443221008300664,0.45005571344175316,0.2084852648326639,0.4028028154718343,0.690661469967502,0.5749566564452036,0.26630352595463147,0.13291836911578064,0.40455203100996406,0.43087361191662243,0.3582096082137233,0.6133563437130707,0.4341428859329435,0.7370686096573263,0.0,0.14573644503633046,0.0,0.3686960660706793,0.3403731418941712
0.6364542948757755,0.6102828339218989,0.17549804147973935,0.6272839904727145,0.592384681457266,0.3985988699426903,0.47146286848299745,0.3018633520509756,0.6623998119283827,0.7013875610243697,0.36741650628267875,0.6161876241277829,0.6770298025449204,0.27045970321746227,0.26209843828436885,0.46607972565544176,0.7512064187822014,0.6700421529304853,0.2921038825382936,0.33065185057180446,0.567156899215075,0.4263014748285682,0.4254728133051111,0.5469974171801789,0.5465869055267314,0.9112481247267098,0.4378204641731535,0.778548276313977,0.4478578893825395,0.756190179515609,0.0,0.06047937870271616,0.1847135769047209,0.1732393917378448,0.0,0.7472805573230427,0.5354644051114132,0.19107423937773538,0.0,0.08834117468815145,0.13347523852208448,0.08185884914996712,0.42320640004840065,0.7437734370624026,0.30978678193895404,0.4328162545591579,0.6865057584805607,0.4522815859612422,0.39105887694104424,0.5893447536243637,0.0,0.5210237612531214,0.4545972991590512,0.40436498335861853,0.7505381632346345,0.3933835789962406,0.34358118619552236,0.5349488333631718,0.4496573791855101,0.2629114953164564,0.613263814310376,0.8011073165905074,0.7554776975376758,0.31906944220327804,0.31796419693545785,0.5336524809052641,0.5870046303389778,0.42727876196197123,0.47550856869759445,0.680669047494923,0.8907306577132977,0.044590874010282694,0.3702842405526416,0.0,0.4877364435741388,0.5826632666729327
0.2608136175671149,0.45583385323302333,0.09520847064633398,0.0,0.0,0.5328858441092202,0.0,0.18952374099126235,0.0,0.0,0.0,0.0,0.0,0.0,0.3469123354462307,0.610167295870841,0.15732214474780928,0.4298702225423079,0.1390912222417397,0.6130551220951295,0.3739612094767286,0.5970797258691569,0.5177004505944494,0.0,0.35502497247701725,0.14837522227162045,0.5670272674266923,0.13236182741505684,0.6188825069362014,0.0,0.06047937870271616,0.0,0.2270587480114987,0.0,0.0,0.09850674592213401,0.0,0.3353240214824561,0.9328564147446136,0.1545237954927975,0.0,0.0,0.6601590219907238,0.0,0.0,0.488909147891031,0.5082855867850242,0.1415826630280924,0.44550928657195277,0.03764505533446463,0.7345387177372225,0.0,0.4143095290034262,0.27010998004448733,0.0,0.0,0.0,0.18436330156832897,0.0,0.2986704864813837,0.28844074104409395,0.0,0.0,0.31763197376796803,0.5971104444909566,0.4822294779005253,0.3562360128523804,0.4183366787901034,0.0,0.3750610912233938,0.2126542604082478,0.57598063917104,0.6606343786255373,0.2967269361515298,0.5621480087787198,0.5794657398174622
