0.0,0.045493837919802715,0.35116321992541394,0.18476370406792914,0.05736863910083054,0.22994781505805692,0.0,0.23755747345021513,0.0,0.5336370036657692,0.1049215649609661,0.4199147850563864,0.06416564728507226,0.27029426039574955,0.13548292220534747,0.6462043678910355,0.5685554792111197,0.5679107315833622,0.1026485524955689,0.13532731130053102,0.6055773185804848,0.4295328849769068,0.5078663297115168,0.6386851728931066,0.6127626339243497,0.6776144687397616,0.2833860259646441,0.2743902561669103,0.4391602804371116,0.21283716009429943,0.5840279549343874,0.5843212200481944,0.613657606308429,0.4656392078230799,0.0,0.0,0.0,0.3528675672000384,0.5668294484985354,0.5348671588581035,0.32194323525962387,0.3880937529432293,0.0,0.12519103398376386,0.3596981131732584,0.793419698350164,0.413590915462233,0.33205973223053836,0.2800433402132304,0.0,0.3616049953261463,0.08784869458285657,0.19273055821129156,0.0,0.6516638765166329,0.3279732844507994,0.34853904571630506,0.3376080544093424,0.021228016654787643,0.0,0.5687346719303339,0.6091507815700099,0.5826631346176934,0.4193615358128395,0.0,0.40795947436278807,0.2392590444367688,0.43003165577564395,0.6199497659585648,0.464142937234906,0.5740705087284256,0.0,0.24337569466756934,0.31022850553616343,0.43442567938242316,0.6504878407971827
0.045493837919802715,0.0,0.0885689959890281,0.0,0.1748495292700722,0.29227550934636753,0.593400626090409,0.39554337566108355,0.28409447333099935,0.28699323798571097,0.2414475108763776,0.2100564946360853,0.2126787720893309,0.0,0.16308469738449954,0.0,0.0,0.014328567033636164,0.24703763432106135,0.0,0.34790171283738885,0.0,0.0,0.0,0.42851987086387777,0.3040622284951043,0.0,0.0,0.0,0.14422930055590877,0.05140027856447357,0.12047294235817593,0.09499780063451227,0.0,0.05692684668642063,0.1189284838047922,0.06959351242348494,0.0,0.0,0.0,0.0,0.0,0.45093412463376603,0.0,0.0,0.0,0.0,0.0,0.0,0.3561238695562766,0.06166402848853042,0.37937897771475904,0.5515463275306781,0.32164250914478665,0.10175746535966745,0.0,0.016740877037494106,0.1377083285276829,0.0,0.7403917970356896,0.0,0.0,0.0,0.0,0.6004870857212565,0.5430579718924755,0.41959467708388437,0.3049187905728069,0.0,0.0,0.0,0.6677226679918139,0.3450247989325296,0.43296432910365656,0.0,0.0
0.35116321992541394,0.0885689959890281,0.0,0.07341818766185484,0.5072101010156252,0.5457891280900404,0.1542869937519786,0.40153904167706767,0.5163429893619595,0.43778037668079417,0.6257259360453993,0.4725211135580655,0.4622534624035439,0.13268528336762017,0.5057800391975601,0.39405224903240843,0.45479741954336994,0.5350468050686212,0.633557749773217,0.3528459365694106,0.5010446932404267,0.5054160090082951,0.5099696069419721,0.4334797246547419,0.4000299129460965,0.4288087690591265,0.5207222710741503,0.512410121524954,0.508025337329247,0.3874110442300598,0.4087559485286515,0.1884991077610702,0.2295790724052771,0.22675854780332372,0.0,0.13603787674456452,0.055947150533840605,0.19644464596735922,0.24992548988837,0.20035942768664822,0.2654553478509134,0.17334842679820747,0.15049585333178675,0.3083575806239207,0.15725217865640223,0.3329473948720112,0.2884563819066207,0.7872939984258287,0.23680229537698305,0.36880210277251946,0.48438945550340534,0.34389737293514316,0.3718933411064565,0.46454846518952586,0.484183098881043,0.6267961358252543,0.5345259763322779,0.49807853456254025,0.35703177185798063,0.14851488633563065,0.3582613737944256,0.44504312576655647,0.469341376181889,0.61545991562214,0.2610253032301188,0.2869042356122283,0.5362170943461467,0.458407620358211,0.4752001443246342,0.3401192069462515,0.3137645761233413,0.3178010891027915,0.5912112210641969,0.37816432995844257,0.3426227087838416,0.4845462297875631
0.18476370406792914,0.0,0.07341818766185484,0.0,0.1027935328348781,0.03956694595312646,0.21769787057643808,0.015149179928910517,0.0,0.17023792554581768,0.0,0.19760816889482902,0.05411919091263043,0.04081803242222981,0.12281770448607424,0.19432488797241068,0.23114706479708402,0.15028804734604906,0.0,0.2558936478839587,0.07561975191574276,0.24426762630122312,0.1316240671256563,0.22686731127838924,0.10621195243122449,0.06526750856371252,0.15682641119854124,0.2337140431219902,0.15927306195841043,0.089917593832088,0.1790378710562299,0.13297551004415467,0.08335210656073692,0.20866779212698258,0.022919731181339748,0.0,0.13684342631436597,0.07058407066395456,0.20131474088965762,0.01990695006627531,0.29116926715283975,0.09727044453362443,0.18861549827148458,0.32332423874414795,0.031124138490651918,0.11922769786530718,0.19693590446532505,0.10183339429996041,0.43901164832064266,0.08029231785565827,0.061973832402155704,0.2721600036813989,0.0,0.0,0.19870050069847076,0.011657135106879254,0.2423338517907225,0.1511644812642663,0.09070020556802696,0.0,0.12888866845244207,0.2322499458628396,0.17061831730459504,0.0,0.0,0.0,0.08041684240513762,0.07134797637274892,0.20530053060083295,0.21635062859484055,0.2037466584336242,0.0,0.1433157789726794,0.0,0.05717345162655367,0.10705637575175725
0.05736863910083054,0.1748495292700722,0.5072101010156252,0.1027935328348781,0.0,0.5451506242914845,0.40963693873754475,0.37057033468841577,0.772526361783267,0.407119432203113,0.683577737091939,0.42812591928435045,0.6170167535732214,0.35238953602757156,0.719015868427857,0.28880373912176616,0.28969990630201314,0.39194425036002467,0.23646417396233194,0.5661580369521948,0.3089144870335358,0.5492862100778748,0.2926166504707068,0.10325935035830111,0.175369720651675,0.23435067903579643,0.5270056651671349,0.7168305931714127,0.3938515497384399,0.5957982484830944,0.5324232820294528,0.0,0.0,0.10382235274675423,0.13400478900905638,0.49235541589012577,0.44148269946176943,0.0,0.0,0.0,0.23775144533398532,0.0,0.4576356099351857,0.2947014110532386,0.0,0.0,0.12126301939264944,0.6138543006650763,0.11569423173362677,0.7605192899996851,0.3657199257202616,0.5262835748182436,0.42165854416411935,0.7539498352071263,0.09172130459617844,0.6626615438577601,0.4275612944555313,0.3732164082045764,0.5948927764202143,0.37067300115826096,0.03452828155436244,0.10973112568730707,0.12335969902406632,0.3108839187093329,0.4837842903859454,0.14135823724172308,0.5400585431082152,0.36816023911803375,0.05747964561810143,0.16197738001604395,0.015038312947687205,0.5624941079659882,0.5876069113709832,0.35421249063292626,0.0,0.16603470746981597
0.22994781505805692,0.29227550934636753,0.5457891280900404,0.03956694595312646,0.5451506242914845,0.0,0.20344050395406496,0.5879230821550334,0.3428566953162223,0.3214301160300467,0.3659703580859902,0.582492954482469,0.7943164998962302,0.3058057960379772,0.46627280893556644,0.41334448170088123,0.46388160441406473,0.5534275498714061,0.38505093856493755,0.3237489979545104,0.4596917699116992,0.4060930159435778,0.7089614306342182,0.5550810845036237,0.48140969974005643,0.6103342030540038,0.5283353802845612,0.5043326339078261,0.4962451662590908,0.3699626012521605,0.3548067643529268,0.07783170147582727,0.19967816661007592,0.2630513961754976,0.121366569942499,0.23188986821540594,0.12457658767841553,0.21124095826464617,0.06704707379272012,0.1029074039704483,0.32678416030728974,0.15779536441030848,0.16809369836411328,0.3491984669726011,0.06414894310900403,0.17497547924979534,0.29232724899256013,0.5158548281337053,0.06774380846362044,0.2865857539519622,0.7260502262696527,0.26679300520142457,0.497627955863012,0.30734028486313014,0.18729181619296037,0.35268240443301124,0.5678992200594329,0.534968882251793,0.4238224987476952,0.12343594278715989,0.23665635941417368,0.36137173548655344,0.3143938759552344,0.4531586445166951,0.23949793356083993,0.2027205074687096,0.3746706629519234,0.6680656197035207,0.4825385214962865,0.2432025029454134,0.24169150534246736,0.37031592266028984,0.49545418166843697,0.35570973683181595,0.24359796051498459,0.32162017794724795
0.0,0.593400626090409,0.1542869937519786,0.21769787057643808,0.40963693873754475,0.20344050395406496,0.0,0.3358895358046771,0.3773775841264187,0.3982660567240053,0.3698361503916735,0.3123074763566384,0.27989689356745884,0.0,0.2727351391386684,0.0,0.04753838227981205,0.1207397407496636,0.23308168866099074,0.0,0.3027697157844619,0.013307016806000771,0.0,0.0,0.23746352941669222,0.17040658411182402,0.0,0.17596201193824643,0.0,0.31712658811635824,0.24573259777310655,0.08513494161274796,0.09959901978340445,0.0,0.21022424800205236,0.2669943309213036,0.24402293859211677,0.0,0.0,0.0,0.0,0.0,0.5614597110562443,0.033293452293776435,0.0,0.0,0.0,0.038176328563511774,0.14066965693731467,0.5382118939919431,0.0,0.626266114878729,0.501607365362439,0.41730096431097197,0.14275057960992646,0.20171681123319965,0.15274327740199495,0.12444493023590392,0.052928641251866304,0.5492822349190439,0.0,0.0,0.0,0.1262120985238058,0.4564657066950759,0.42725253792430373,0.36434847737526277,0.22219722640580522,0.0,0.0,0.0,0.5728635948327717,0.38444784333852405,0.37318546159271215,0.0,0.0
0.23755747345021513,0.39554337566108355,0.40153904167706767,0.015149179928910517,0.37057033468841577,0.5879230821550334,0.3358895358046771,0.0,0.37362923055548103,0.34546092305007964,0.40272547253846386,0.6102750579510959,0.46820364058104386,0.1782935725844747,0.29830094735823925,0.042506970531970834,0.14922522709468966,0.1302990830711243,0.4207814417870237,0.08811536401378786,0.6357528172235783,0.08295428909333838,0.5468819016892872,0.43261509465403536,0.2678590975564356,0.4922149510634345,0.23512975137042955,0.2589643387384929,0.17833882466582068,0.4002697746218578,0.3395016977479206,0.23970919506195976,0.23431876828741957,0.04550954304707752,0.2476340089241532,0.26453554377119626,0.08977386664147308,0.15089002201645715,0.0,0.0,0.16676645231762605,0.0,0.3212415696622011,0.21278602732530852,0.0,0.08105049340144131,0.0,0.2877529224735574,0.1267286063454646,0.36173335160998576,0.3494972632433824,0.3273052580340832,0.8078939354758037,0.35929696445683557,0.1684302705604072,0.3082134013163156,0.6127355607898166,0.300982511288881,0.26223427045185005,0.3576544373635221,0.0,0.1385288732460473,0.0,0.37239611422997804,0.32592578158726443,0.5896039327355187,0.22934228421792835,0.6310548931262936,0.31779371340125484,0.0,0.0,0.4139559987810798,0.4720080930940005,0.20098926509767662,0.0,0.0
0.0,0.28409447333099935,0.5163429893619595,0.0,0.772526361783267,0.3428566953162223,0.3773775841264187,0.37362923055548103,0.0,0.3527576662090488,0.7669567195117956,0.3604401469274322,0.4478206105362165,0.10390470569390338,0.6891821859356297,0.04143034851807342,0.0673239166693338,0.16380879930213743,0.3672146544779481,0.44541268897928304,0.2680555122318875,0.40400099828340136,0.06683848268861048,0.0,0.09893589300683711,0.1821803880334374,0.4203460028392827,0.5743541137276763,0.10848954724814025,0.5697670381139783,0.38342116186133823,0.0,0.0,0.0,0.2213106160130469,0.5523205708863261,0.4737503817144953,0.0,0.0,0.0,0.041383256639434866,0.0,0.5765044600871859,0.20149145300902704,0.0,0.0,0.0,0.5643276518430401,0.0463386906754574,0.8392497558762525,0.12425921779469357,0.5184337711712952,0.43849609508978804,0.9398812567541277,0.0443591640237343,0.6772490453877237,0.37240958915442623,0.17830075240084667,0.5040807542502524,0.6011003544756895,0.0,0.0,0.0,0.2997523906368351,0.662928372744801,0.19329003042055765,0.5628073763273069,0.2665666991261631,0.0,0.0,0.0,0.6956144549413099,0.6370008406006595,0.3076039607687423,0.0,0.0
0.5336370036657692,0.28699323798571097,0.43778037668079417,0.17023792554581768,0.407119432203113,0.3214301160300467,0.3982660567240053,0.34546092305007964,0.3527576662090488,0.0,0.40093051093815957,0.6586929515120599,0.24347526396382643,0.31260342584282186,0.3650534372895109,0.5107354602255341,0.560323358169927,0.5848663987736352,0.23103032886711386,0.16463888993092307,0.579558161760752,0.41360962244536553,0.2634592559223123,0.46583158898577826,0.6579878404857549,0.6229968509156951,0.2980749104014468,0.3536362277567133,0.26318813303698446,0.3572681949809951,0.6278287031953529,0.4165341101236023,0.5893642268026128,0.29183694912524477,0.10630460202030195,0.17287014643029439,0.13465941676696916,0.020924450107479592,0.22490631022390778,0.22069038740254787,0.3073144226139116,0.0,0.2559948767881405,0.21576385243541665,0.0,0.2695988111875039,0.19680767370562258,0.4265720915517853,0.5597494717742988,0.4883825795527942,0.2519582702380709,0.5621816306128244,0.4209612664149587,0.3172979901136091,0.6931277917571348,0.43994298677469057,0.5360054599181721,0.3867225348310108,0.28756933267692153,0.14884712538483033,0.19124541767074987,0.4884526893073105,0.409848429915797,0.3805014768003959,0.13289466547295622,0.3167752814757314,0.3843271121238887,0.3676991685670836,0.4350975505180066,0.32308406695378894,0.2397279659006257,0.2674139110300543,0.46017106787073203,0.27786183361624456,0.0,0.3024217243492027
0.1049215649609661,0.2414475108763776,0.6257259360453993,0.0,0.683577737091939,0.3659703580859902,0.3698361503916735,0.40272547253846386,0.7669567195117956,0.40093051093815957,0.0,0.33870593374610164,0.3727425695982804,0.055844840954253544,0.5631188349563112,0.1351656168077465,0.17792857054468725,0.25526471108042736,0.5043175409079286,0.29365960802671953,0.41390334200335366,0.3243325950401796,0.19316637521572158,0.10809834406993002,0.2676181794642696,0.27554299011307165,0.35174621238142834,0.4409933551855174,0.21354699091854423,0.38467810267108765,0.3022611352541658,0.12993027039330973,0.09336049634583972,0.07801267331382683,0.12080522650758296,0.33492477496263084,0.26997074889148504,0.008263506748693417,0.0,0.0,0.1235097241532099,0.0,0.3827408032316419,0.1107422928012601,0.0,0.02403398987358793,0.014251926723352543,0.6967541155406927,0.06760827479999972,0.6663898464561007,0.24380579148557846,0.42185069942975506,0.47745296630736167,0.7555989000293575,0.23962671415358358,0.8456408650825803,0.3431331040689878,0.27877508023988556,0.3797866230012,0.4318884263942367,0.0,0.05695415323179663,0.07545423735459493,0.48149703786521203,0.472940111903543,0.3266295840685545,0.5153572794184916,0.3477803507665122,0.08013706150247885,0.09681511067629076,0.0,0.5331590690394808,0.5453199749982448,0.40775793805214533,0.041297348841061426,0.11902243968825431
0.4199147850563864,0.2100564946360853,0.4725211135580655,0.19760816889482902,0.42812591928435045,0.582492954482469,0.3123074763566384,0.6102750579510959,0.3604401469274322,0.6586929515120599,0.33870593374610164,0.0,0.5088380254934705,0.3180983235900962,0.3886378280343423,0.38045381119924104,0.6049862578024084,0.4954707440192711,0.3621834662388447,0.28064013858708947,0.5771363773675147,0.43200767798856143,0.5177753706097551,0.6581643880807426,0.46182925207493186,0.6804328183399999,0.42291771601026,0.42009764848615677,0.330204413602427,0.4206332635506346,0.4660388531136025,0.34887007951281224,0.3495442145564356,0.2747610638614274,0.13328076912145626,0.2544258895364822,0.23100424172438103,0.1377711565209691,0.17875551824380745,0.14506345326459197,0.3321955033669463,0.0839103488789398,0.3197671646214644,0.44360631019770336,0.05230309485291745,0.2539828058465166,0.2598889085767804,0.46269264691798695,0.4647696779039059,0.38925823821557637,0.3771948862054685,0.47454484130493685,0.5720731315026123,0.29004061180176316,0.4405764649504512,0.3859940257909124,0.8535652226767532,0.4078598074383002,0.39625506961693474,0.0954205357973054,0.15178925746620314,0.47013553363935606,0.35956813056929293,0.46689378394338754,0.14723609144135452,0.24419038054727937,0.30497393204107553,0.45177309699393464,0.5472049353246015,0.20747753295955676,0.2577510849312227,0.24620999789178202,0.4721587743021217,0.11742846909820437,0.06513245736760179,0.1977818122150388
0.06416564728507226,0.2126787720893309,0.4622534624035439,0.05411919091263043,0.6170167535732214,0.7943164998962302,0.27989689356745884,0.46820364058104386,0.4478206105362165,0.24347526396382643,0.3727425695982804,0.5088380254934705,0.0,0.22442447492788523,0.518882075251588,0.34718671256096045,0.38513559278014603,0.47738538212215664,0.26354883277845054,0.36310400285932287,0.31639133074137227,0.4230971664318924,0.4313450800923406,0.3613106231553244,0.27464936320976485,0.4597370575527426,0.43645361923960896,0.6797623274280531,0.4221506646329602,0.5122340095189697,0.34219159094555096,0.0,0.0,0.17212858807120734,0.10522476938116418,0.4402551263583451,0.2541906010977071,0.14509474646159515,0.0,0.0,0.2137494380391336,0.0,0.26296854430811245,0.3120366555817078,0.0,0.008203615416892102,0.23907165680132875,0.47164947302383525,0.04376804647178928,0.37288264865824206,0.5623421573631446,0.25551763101671277,0.4062173860521916,0.40355372092311287,0.07612901522539545,0.36611547010402995,0.5232508651934424,0.5426480378737196,0.38677693540400615,0.2162720432577288,0.1735047776871844,0.26644115869228324,0.2738272969646371,0.3815733417978835,0.32700089679410055,0.13668471040865438,0.40565171001410294,0.39037148565354785,0.2591351406457258,0.18549353020188655,0.15121636223429255,0.37493071223490143,0.5662677808176132,0.31200799875476815,0.18266675587738046,0.1862643355077212
0.27029426039574955,0.0,0.13268528336762017,0.04081803242222981,0.35238953602757156,0.3058057960379772,0.0,0.1782935725844747,0.10390470569390338,0.31260342584282186,0.055844840954253544,0.3180983235900962,0.22442447492788523,0.0,0.25589963499651003,0.3889531495219457,0.3429854348305571,0.34215676785664,0.0,0.36766451374231246,0.12483315403727886,0.433022481319182,0.36183652352644574,0.30889879567708467,0.21370171838362934,0.27035311685221153,0.3709640481902289,0.3243355919237404,0.32164631653398024,0.2788534445686196,0.39303535037937376,0.15062890777151988,0.1660518891223392,0.2531042636500152,0.07316310642256443,0.26339933102275304,0.21626776715681154,0.11913208274339102,0.13413438167126804,0.11627423336715478,0.31442492723271426,0.230273552507277,0.027826154020503147,0.18606900983797597,0.05499756927847945,0.17761467764242508,0.3200381929553392,0.2432056773631226,0.20353038923102004,0.16211619286968404,0.1840587685582921,0.1026578442198374,0.10106717170463803,0.05640302631484401,0.1739488586076652,0.16009382507337225,0.3051075518038795,0.1286017583047039,0.4299971454585516,0.0,0.30063713309896484,0.2290786423420633,0.3005584933464898,0.16855494146051928,0.0,0.0,0.08297996503933708,0.2046648558035692,0.29418033774352215,0.3159329077807461,0.3297793847135294,0.0,0.11455296117353252,0.030385123644766594,0.04852954325281958,0.34882755446781766
0.13548292220534747,0.16308469738449954,0.5057800391975601,0.12281770448607424,0.719015868427857,0.46627280893556644,0.2727351391386684,0.29830094735823925,0.6891821859356297,0.3650534372895109,0.5631188349563112,0.3886378280343423,0.518882075251588,0.25589963499651003,0.0,0.32335192323568257,0.23921226764440864,0.3454564201488015,0.15345559609091158,0.7265391786457381,0.3791391960470227,0.7033492002456851,0.3410040716826731,0.13595572317657417,0.1858120703090161,0.24226742835467602,0.6066385505394888,0.663585951085204,0.35476911750425755,0.5931852739236194,0.48976915005049604,0.0,0.04073177664984197,0.09184150231871754,0.17609433868823,0.409867192356726,0.3308378187214025,0.0,0.0,0.0,0.17365376418937456,0.0,0.46028043318494677,0.3561563840987219,0.0,0.0,0.18947979130327838,0.5671885202110104,0.16170195185184383,0.6546393137470929,0.383410953241266,0.5290452234128149,0.4166795317256626,0.6963888080180748,0.1858862997650451,0.5960913739774596,0.41992119899657415,0.4061993826376701,0.6106167831427909,0.470237055182078,0.07720428692069084,0.19756659708591606,0.17711484264347022,0.3049563131947685,0.5832316416091977,0.17791818509759105,0.6749504589767764,0.42922298582632373,0.09506592377947648,0.18215412798189834,0.08314271233554432,0.583384046586535,0.6577412685941362,0.39843874906143106,0.06775071991362566,0.22533346442663207
0.6462043678910355,0.0,0.39405224903240843,0.19432488797241068,0.28880373912176616,0.41334448170088123,0.0,0.042506970531970834,0.04143034851807342,0.5107354602255341,0.1351656168077465,0.38045381119924104,0.34718671256096045,0.3889531495219457,0.32335192323568257,0.0,0.7911067353012956,0.8575344459415576,0.0,0.3633546583524991,0.3936023387337904,0.6596062892882054,0.533591011453346,0.6048275903909779,0.5978729047749964,0.6221513209126438,0.44212267319764725,0.4916364683672525,0.5836221633837516,0.197198716522491,0.6229416192877884,0.3420586667951331,0.5406391170300271,0.5161262083499036,0.0,0.0,0.0,0.23856324434626963,0.5545392378931087,0.5395124164636282,0.40209406103655654,0.514222041226741,0.0,0.2576504197389353,0.27982293174611095,0.6055868886698859,0.7176725349880986,0.5388022046093206,0.4022834960157615,0.10576878732909292,0.6671738817982897,0.23237718736173268,0.0,0.030347237251715925,0.6838810955891592,0.34793644830907955,0.41131727721067485,0.6709608281346913,0.2897033558387111,0.0,0.7791786448873872,0.7417526439281059,0.7669414107491092,0.4850414958004615,0.0,0.030926543669382356,0.3531972123083219,0.3841740152978232,0.6183226882881726,0.7499268126632348,0.794993737448731,0.0,0.3183128949432538,0.344769069228845,0.5154602002974511,0.7500305253521347
0.5685554792111197,0.0,0.45479741954336994,0.23114706479708402,0.28969990630201314,0.46388160441406473,0.04753838227981205,0.14922522709468966,0.0673239166693338,0.560323358169927,0.17792857054468725,0.6049862578024084,0.38513559278014603,0.3429854348305571,0.23921226764440864,0.7911067353012956,0.0,0.8736102545693885,0.1091691012668278,0.30023773121136516,0.4566190699598652,0.570071186155856,0.5164426829756177,0.7047793214696589,0.560648263961557,0.6609964417757351,0.3947064822450908,0.4697854205992089,0.5205862459302337,0.26155894082550535,0.5354471469336222,0.40413837609472447,0.4928445471863085,0.5298983851028722,0.0,0.0,0.0,0.23914479790656482,0.5199504374282465,0.4993123995270506,0.4072538519044002,0.47911564077523394,0.0,0.4375580138056284,0.2946531988236643,0.5619799623240624,0.574846682463158,0.588053927621343,0.4870677824875826,0.10395255046847712,0.5400584401287063,0.29080701615920884,0.07943475654532065,0.04402785454231817,0.6692463556391137,0.36354104637647133,0.5588355755602785,0.587209159511207,0.29946809257447077,0.0,0.6816428496977194,0.7789188236337503,0.7662795017611723,0.46734840930180666,0.0,0.0,0.31873484666537405,0.30355474107261704,0.7023931514990123,0.585236954817582,0.6355754804016897,0.0,0.35723918274362326,0.16201654638264668,0.5174426375436767,0.6192403515091638
0.5679107315833622,0.014328567033636164,0.5350468050686212,0.15028804734604906,0.39194425036002467,0.5534275498714061,0.1207397407496636,0.1302990830711243,0.16380879930213743,0.5848663987736352,0.25526471108042736,0.4954707440192711,0.47738538212215664,0.34215676785664,0.3454564201488015,0.8575344459415576,0.8736102545693885,0.0,0.13238835866381965,0.30878121076737114,0.4353851651823172,0.6405354602364022,0.4987663603606898,0.5988365980444644,0.674911211598741,0.648849117416519,0.5039266630759973,0.5367376251046224,0.6019496711249163,0.2797402926141056,0.5924187733285473,0.35069012736018845,0.46192639266430485,0.4376626824784744,0.0,0.03927675834906304,0.0,0.20098761105969268,0.48154598241521646,0.4660924818831101,0.37384897023540015,0.44619590233506573,0.0,0.28997073653461924,0.2227747430178869,0.5379832331879446,0.594843111000027,0.6048597683817039,0.3827189977448374,0.17433207610878335,0.6035827324263616,0.3473827859517302,0.08290782005272228,0.12536935272464358,0.7039449491881085,0.4254107189230146,0.4812912166869869,0.6446375422078825,0.34675620070693475,0.0,0.6972351017932208,0.7711302626550817,0.8214415024550448,0.5221749042244934,0.0,0.10219376148545267,0.45836692112704225,0.3645486929073371,0.6131744523694282,0.646044234632972,0.6212107382496318,0.0569180306828177,0.4555856304117387,0.42596775323026626,0.46609888066428623,0.689862708833431
0.1026485524955689,0.24703763432106135,0.633557749773217,0.0,0.23646417396233194,0.38505093856493755,0.23308168866099074,0.4207814417870237,0.3672146544779481,0.23103032886711386,0.5043175409079286,0.3621834662388447,0.26354883277845054,0.0,0.15345559609091158,0.0,0.1091691012668278,0.13238835866381965,0.0,0.0,0.3483584134888089,0.01100554708362439,0.22298084302893278,0.22934427157322435,0.1914256375453201,0.2740555528425666,0.12095931801188059,0.125071338089609,0.1393480399345387,0.14426072645420243,0.028009816696690476,0.17917874702880485,0.10792904846336714,0.0,0.05614506249872232,0.062058111565796506,0.0,0.11204414025942375,0.06410740323371578,0.042108130646717964,0.07274668031934564,0.0,0.16656290812712743,0.02413132204864739,0.0,0.1103626236059841,0.0,0.4052506272216943,0.0,0.20083157363443613,0.16238374846576,0.1437550302738546,0.41254123980139346,0.28634573509551486,0.1574304167041986,0.34108426100795086,0.3358604966193074,0.1255488056382689,0.0,0.1998655153576106,0.0,0.08216400446483413,0.038584580400477936,0.5602580946361675,0.1764299105282412,0.2922170052029412,0.21296341394321963,0.2559242092342624,0.18524714643494036,0.0,0.0,0.22639122974558462,0.2882628984568779,0.17448419230358764,0.07569325712297209,0.01940572058497253
0.13532731130053102,0.0,0.3528459365694106,0.2558936478839587,0.5661580369521948,0.3237489979545104,0.0,0.08811536401378786,0.44541268897928304,0.16463888993092307,0.29365960802671953,0.28064013858708947,0.36310400285932287,0.36766451374231246,0.7265391786457381,0.3633546583524991,0.30023773121136516,0.30878121076737114,0.0,0.0,0.1572569077210777,0.8173873462097963,0.4202162099235808,0.19661560879116258,0.0,0.06903656282595022,0.7555935450089366,0.6783063181213348,0.5583738251609118,0.5385263664865394,0.4963492434040027,0.0,0.0,0.18665806455742984,0.08456843775964058,0.3569169478839659,0.36260372798773743,0.0,0.0,0.0,0.17551405793088418,0.09541603857816172,0.19990529164022072,0.43401255711545594,0.0,0.13131023103629844,0.4662798111396726,0.5527549572934963,0.20719681159510442,0.4074660943805469,0.3287127163302384,0.34241037464114654,0.08690544241261894,0.45512408786917324,0.06527962461012407,0.48174956067973423,0.3629492040377051,0.27616855456340283,0.6427776135590222,0.06346943292235552,0.3586343307803286,0.21169510102907219,0.33547497852352065,0.12265718097006073,0.3165451167787928,0.0,0.44911748987984257,0.27288733860627556,0.21289752001362872,0.3940292211833197,0.3852783423713468,0.22822128438688066,0.4128104883119786,0.13246659226693522,0.2348558192499479,0.4249885190840368
0.6055773185804848,0.34790171283738885,0.5010446932404267,0.07561975191574276,0.3089144870335358,0.4596917699116992,0.3027697157844619,0.6357528172235783,0.2680555122318875,0.579558161760752,0.41390334200335366,0.5771363773675147,0.31639133074137227,0.12483315403727886,0.3791391960470227,0.3936023387337904,0.4566190699598652,0.4353851651823172,0.3483584134888089,0.1572569077210777,0.0,0.2923254270799351,0.5453820684453417,0.6072679515524275,0.47365248038209107,0.6048280605589652,0.29285254639784664,0.35862430688590846,0.3570311492298373,0.4001393299207366,0.5933810223336583,0.5095282143116712,0.5098801214230204,0.24019056648610781,0.0,0.08708643756842403,0.020463310487022962,0.2672506698456111,0.30722108174183893,0.31633206016830956,0.23756069152371917,0.03929249704236391,0.13476839737909663,0.23767476285806827,0.2222200153291215,0.46247541098094824,0.12852071965576584,0.42666737537353105,0.24594272188542562,0.3075398575167501,0.503661836590642,0.370295859311405,0.6317122879136017,0.3376435096658701,0.5303761085573521,0.48349060132572896,0.5514855883560517,0.4891202320731164,0.2205983138186875,0.2610412923984865,0.16213150756988362,0.4608431396156444,0.2900341265821062,0.4563788915002482,0.267222783661738,0.7069898438492986,0.4590287377522473,0.68288957897129,0.5508649604709364,0.13964022583747232,0.203197631345511,0.3677307216719785,0.540233866518124,0.4464988893605122,0.2270450428174996,0.38798359960166484
0.4295328849769068,0.0,0.5054160090082951,0.24426762630122312,0.5492862100778748,0.4060930159435778,0.013307016806000771,0.08295428909333838,0.40400099828340136,0.41360962244536553,0.3243325950401796,0.43200767798856143,0.4230971664318924,0.433022481319182,0.7033492002456851,0.6596062892882054,0.570071186155856,0.6405354602364022,0.01100554708362439,0.8173873462097963,0.2923254270799351,0.0,0.46244620739540443,0.39148287467551524,0.33810800609940694,0.382445845128538,0.7678216584462851,0.7011423034759248,0.6546221432115631,0.515339107161273,0.6100787073424287,0.0748216126218183,0.19174263397517255,0.3704433342038387,0.06970432189908402,0.2900057381072821,0.2668883364146892,0.09935110347618052,0.24664297267164675,0.22999873983959315,0.32456057945470407,0.2497104853176861,0.12319291055344038,0.41699194138268625,0.06842931942971656,0.3593032123917079,0.6115678740275193,0.6333561555131226,0.3056190441957882,0.36293490834186326,0.43641305903000116,0.3870388830360597,0.08839565019729712,0.35543041559911975,0.4245430108571419,0.5130261242998684,0.46716741142537355,0.4513661081991217,0.5279793481090936,0.0,0.580852854083092,0.5218439752887214,0.6248782943350006,0.3870673856620044,0.22949239503579355,0.0,0.5702840182088902,0.31885199382378787,0.42548616943811374,0.5896282404146671,0.5880811953622982,0.2071551466729003,0.4921109068435333,0.3233153436019621,0.3954156133969571,0.6031737482349083
0.5078663297115168,0.0,0.5099696069419721,0.1316240671256563,0.2926166504707068,0.7089614306342182,0.0,0.5468819016892872,0.06683848268861048,0.2634592559223123,0.19316637521572158,0.5177753706097551,0.4313450800923406,0.36183652352644574,0.3410040716826731,0.533591011453346,0.5164426829756177,0.4987663603606898,0.22298084302893278,0.4202162099235808,0.5453820684453417,0.46244620739540443,0.0,0.7199010108747557,0.43381839097103103,0.5734396045155389,0.5839126752955208,0.41032587458258235,0.6086174016424103,0.2756551561702789,0.45492130550727705,0.29959386249442077,0.41165620695889826,0.4470421730952576,0.05737199264977886,0.0,0.0,0.33821671483709354,0.4119776069950676,0.38463055397842705,0.445946611228783,0.46217487981637995,0.0,0.3882813524209041,0.3161861420654609,0.5414784391601826,0.5410955582106418,0.5560439122643256,0.27623019582076436,0.0652731152850275,0.7333235442725768,0.09786496942800194,0.41394417666338834,0.06430416520350413,0.34313070032418835,0.3639888258665521,0.5769783750703588,0.48956207329351287,0.39666941367156094,0.0,0.49272453066182903,0.4653717488735752,0.4598534289003231,0.46953562592401815,0.0,0.21299774905563604,0.19471103898946723,0.80064146496506,0.665434489291332,0.47584894954905194,0.5997678658834061,0.0,0.3200938106682423,0.14987388472539664,0.442306724361068,0.5621461539961207
0.6386851728931066,0.0,0.4334797246547419,0.22686731127838924,0.10325935035830111,0.5550810845036237,0.0,0.43261509465403536,0.0,0.46583158898577826,0.10809834406993002,0.6581643880807426,0.3613106231553244,0.30889879567708467,0.13595572317657417,0.6048275903909779,0.7047793214696589,0.5988365980444644,0.22934427157322435,0.19661560879116258,0.6072679515524275,0.39148287467551524,0.7199010108747557,0.0,0.5723331102642841,0.7596845658392333,0.40782326212152586,0.30382213234863287,0.5260058891178206,0.16006714725986892,0.4507775104299581,0.5165713877958271,0.454554997525922,0.5435559936439416,0.0,0.0,0.0,0.4382055067146288,0.5115325480571374,0.5399779745204853,0.49970007071398637,0.507092302144689,0.0,0.3582197967862216,0.42993163938104983,0.6569086785422711,0.5152592584293885,0.4744144797581454,0.4001376282829415,0.0,0.5322882308401051,0.01838280678583923,0.29276336574492234,0.0,0.5309259996552905,0.2853676763107838,0.6287960336982064,0.44444229342140773,0.2246415628446225,0.0,0.5970054799055955,0.6363377311886647,0.570394654741915,0.512057392522062,0.0,0.18788469441781702,0.11902631522238138,0.5058453036358596,0.8924145778783084,0.48974747868479473,0.6498608534914966,0.0,0.2084816967668971,0.05009922990640625,0.45686269641888555,0.606330704625937
0.6127626339243497,0.42851987086387777,0.4000299129460965,0.10621195243122449,0.175369720651675,0.48140969974005643,0.23746352941669222,0.2678590975564356,0.09893589300683711,0.6579878404857549,0.2676181794642696,0.46182925207493186,0.27464936320976485,0.21370171838362934,0.1858120703090161,0.5978729047749964,0.560648263961557,0.674911211598741,0.1914256375453201,0.0,0.47365248038209107,0.33810800609940694,0.43381839097103103,0.5723331102642841,0.0,0.8339337830815214,0.20679392128327728,0.18320265984962225,0.1930868366378261,0.09795799169287374,0.43514903648248937,0.555052270390037,0.575681283611173,0.3047385497505105,0.011365715954119199,0.0,0.0,0.2462496273793729,0.5027335003000293,0.4484196540393731,0.2718905014331766,0.28233515597649866,0.0,0.07444947048923782,0.19910839070969663,0.42291113819656184,0.2574811951731133,0.3595091440432602,0.34698093913331124,0.15447752839377532,0.42309525098565776,0.27183061289238564,0.29946749153614305,0.06473401546463084,0.6831366330204818,0.28678402863635455,0.3210350770946466,0.4035142993294235,0.07363074454560739,0.0341628211302179,0.35789787803898454,0.5530302352441654,0.5096271556771178,0.46553020609292894,0.07058547184801295,0.3245861860486505,0.38788786069336173,0.5031189443845367,0.5601043424332341,0.3995008318860049,0.3536468773652631,0.18344165310794724,0.3399846836111564,0.4145561399826567,0.1989862455647074,0.4256392681625415
0.6776144687397616,0.3040622284951043,0.4288087690591265,0.06526750856371252,0.23435067903579643,0.6103342030540038,0.17040658411182402,0.4922149510634345,0.1821803880334374,0.6229968509156951,0.27554299011307165,0.6804328183399999,0.4597370575527426,0.27035311685221153,0.24226742835467602,0.6221513209126438,0.6609964417757351,0.648849117416519,0.2740555528425666,0.06903656282595022,0.6048280605589652,0.382445845128538,0.5734396045155389,0.7596845658392333,0.8339337830815214,0.0,0.28087192259834043,0.32462483744861104,0.2620246282980541,0.2773623240089703,0.5334225630672712,0.5389999828432417,0.5475380660472691,0.4031122561555721,0.042738719003502165,0.059744560122971496,0.0,0.2931885811187654,0.4179004003867973,0.39830510735931923,0.3256593363450835,0.33326847817436367,0.058689215727546554,0.24405012446036567,0.19870077323395183,0.46513185786387673,0.25300934414488796,0.379909430612377,0.32316104176829,0.13940547848391827,0.47007193465449215,0.2132949858718901,0.44687838297280574,0.13416703266759636,0.5717739489701142,0.3189493809372164,0.5387426331652875,0.45206187686315874,0.1702318246849874,0.05116651955919521,0.35419039508645506,0.581818689771826,0.4923778798786121,0.5156011339426366,0.11627865111224661,0.36324173636361523,0.407819295003887,0.5476657713631566,0.6780264986037879,0.28062421708603624,0.3865278046130699,0.2021959085539254,0.4312471467717245,0.3176892378990008,0.277293235572549,0.4360299140759394
0.2833860259646441,0.0,0.5207222710741503,0.15682641119854124,0.5270056651671349,0.5283353802845612,0.0,0.23512975137042955,0.4203460028392827,0.2980749104014468,0.35174621238142834,0.42291771601026,0.43645361923960896,0.3709640481902289,0.6066385505394888,0.44212267319764725,0.3947064822450908,0.5039266630759973,0.12095931801188059,0.7555935450089366,0.29285254639784664,0.7678216584462851,0.5839126752955208,0.40782326212152586,0.20679392128327728,0.28087192259834043,0.0,0.6527919560900914,0.8011988744082322,0.5134083064613778,0.5291544585389378,0.015851805459525428,0.1264416753423858,0.32835830814684486,0.17797455166428428,0.29903737376911876,0.15641097519775277,0.08518382258562025,0.14199885884929772,0.14087479381289478,0.34979041697814617,0.2332018161599949,0.06921895371525946,0.3305431682184537,0.05563203922853341,0.32438775869063513,0.6054775691846785,0.6622384917216964,0.17076692696092005,0.33499394196350646,0.4919176945960884,0.3202406385767887,0.1956821353435878,0.3602403410843195,0.26499013401440014,0.5617625321762113,0.5573770761412559,0.3223034574761734,0.5274901982149685,0.0,0.4757004656193585,0.34043691846319907,0.5572648129258677,0.39454235115619396,0.13545148892912806,0.0,0.3615239813286262,0.45280486563219996,0.4253891769885604,0.5696969013045527,0.5426991018762859,0.2819892894784054,0.4211899259344328,0.28841367170963506,0.34812946521345534,0.566945025988957
0.2743902561669103,0.0,0.512410121524954,0.2337140431219902,0.7168305931714127,0.5043326339078261,0.17596201193824643,0.2589643387384929,0.5743541137276763,0.3536362277567133,0.4409933551855174,0.42009764848615677,0.6797623274280531,0.3243355919237404,0.663585951085204,0.4916364683672525,0.4697854205992089,0.5367376251046224,0.125071338089609,0.6783063181213348,0.35862430688590846,0.7011423034759248,0.41032587458258235,0.30382213234863287,0.18320265984962225,0.32462483744861104,0.6527919560900914,0.0,0.5896069738706565,0.7180823728873648,0.6800798355038079,0.0,0.014132652360073425,0.2655786990233838,0.10330334983366775,0.4870765899227987,0.3820501852163235,0.11375308430802059,0.0,0.0,0.2620939278260108,0.0,0.2791101663210042,0.41703763594011295,0.0,0.24791665408684635,0.3567889529243103,0.6054736505410745,0.22087243222148148,0.4926720595792922,0.4474015174913513,0.38011356021036996,0.28422022176599165,0.5435223906329751,0.21879943502649193,0.5604596498726727,0.5180384895410907,0.49786836690793984,0.5039755663256531,0.14806719578587899,0.33764197482188185,0.32316161906909197,0.43038777839054476,0.32153049703374553,0.34350897329498375,0.11703203464406775,0.5017080101004735,0.383989303711399,0.2872114791086516,0.36694203102910616,0.31589780413956814,0.3661381623363644,0.7286180778596679,0.40022013113183963,0.31254170344309495,0.44910630127035295
0.4391602804371116,0.0,0.508025337329247,0.15927306195841043,0.3938515497384399,0.4962451662590908,0.0,0.17833882466582068,0.10848954724814025,0.26318813303698446,0.21354699091854423,0.330204413602427,0.4221506646329602,0.32164631653398024,0.35476911750425755,0.5836221633837516,0.5205862459302337,0.6019496711249163,0.1393480399345387,0.5583738251609118,0.3570311492298373,0.6546221432115631,0.6086174016424103,0.5260058891178206,0.1930868366378261,0.2620246282980541,0.8011988744082322,0.5896069738706565,0.0,0.35938302785587095,0.53699514700503,0.09213329574135279,0.22112158114937433,0.3889972651698762,0.05414062465264553,0.07714123161169202,0.0,0.19620901413442607,0.29168549328067095,0.3386201546768517,0.39315333990194257,0.37262039695798754,0.0,0.21729273750919398,0.218458648189221,0.5744640150052311,0.7184795119687367,0.6408533187133398,0.16321461380360122,0.05858108069900117,0.5681023440988865,0.15719553127034225,0.08209151635919296,0.08355901046661623,0.34031131531619835,0.45403319869518044,0.46224732669471696,0.43741195364945945,0.33424033253367363,0.0,0.7119870692140307,0.47770339174296866,0.6658230392015738,0.46906445261007773,0.0,0.05094092118869015,0.19100641663665813,0.3848954734711677,0.5199608988658113,0.7212829302398348,0.7214843305710827,0.0,0.26796775973019604,0.2937328498460767,0.5324244493545198,0.7203758784688188
0.21283716009429943,0.14422930055590877,0.3874110442300598,0.089917593832088,0.5957982484830944,0.3699626012521605,0.31712658811635824,0.4002697746218578,0.5697670381139783,0.3572681949809951,0.38467810267108765,0.4206332635506346,0.5122340095189697,0.2788534445686196,0.5931852739236194,0.197198716522491,0.26155894082550535,0.2797402926141056,0.14426072645420243,0.5385263664865394,0.4001393299207366,0.515339107161273,0.2756551561702789,0.16006714725986892,0.09795799169287374,0.2773623240089703,0.5134083064613778,0.7180823728873648,0.35938302785587095,0.0,0.5901698063590441,0.0,0.021965418170577372,0.03975692852426277,0.21205354555149075,0.48263840650207457,0.2992078204878836,0.052734280551242727,0.0,0.0,0.09604448603339766,0.0,0.3839026005191625,0.28780019132467877,0.0,0.08801289655891789,0.0830919830301789,0.37981464755915084,0.15982288087384158,0.5003681174681008,0.2537664805601711,0.46663308524192093,0.5267852728038251,0.5423018443672247,0.12317477610416139,0.4449154254106553,0.4396183922750988,0.27882739152624036,0.3988296512010543,0.357319261135191,0.008608625730663538,0.13362837238963893,0.16357166147563063,0.2532802372826214,0.4640506282664458,0.29394938198128573,0.45752734766531616,0.37691076559080383,0.12240004067576014,0.029360669649519555,0.022183033234043387,0.5470688802273139,0.6153708787603509,0.40541367779216625,0.0031221435108497175,0.20952747762179838
