0.0,0.048714281791551906,0.3603346228936206,0.17623854306737924,0.05978463363853695,0.2255990194207311,0.0,0.23630392323741906,0.0,0.5435331793566192,0.10904132562684463,0.42206986049577655,0.06839876726962577,0.27677272756302634,0.13984564035721458,0.6568162836462086,0.5963045881542329,0.5881808166741396,0.10543081741261594,0.14194585773956003,0.6155705012388902,0.4391002638031896,0.5186180272339604,0.6457666133531762,0.6219501693366699,0.6770992937417288,0.28438564174797054,0.2853233794126941,0.4359032950911837,0.2151500130098358,0.5812379838061974,0.5916731340233835,0.608675762592602,0.46367094721934987,0.0,0.0,0.0,0.36509516488563043,0.5774528879630723,0.5582348277483632,0.3428344909373026,0.43318073297929804,0.0,0.13789509827511517,0.3776426278729148,0.8028691363808139,0.4272225356555762,0.3427591183451478,0.29210316418725807,0.0,0.3726902262633123,0.08279069566536976,0.19141103090579195,0.0,0.6346211348229341,0.32924586706482734,0.3417417448985459,0.34397164537886205,0.028434757427183467,0.0,0.5803401858837702,0.5978474512929437,0.5935784829741638,0.41504547986891704,0.0,0.4106769465782756,0.24420630616154793,0.4356652342876647,0.6284691276091288,0.46071890437502744,0.5748486493108464,0.0,0.2515550692777399,0.30646018711736805,0.4314861721635235,0.6630832238073994
0.048714281791551906,0.0,0.08867835004259048,0.0,0.17136369425308257,0.30464527351956333,0.6201150409759132,0.39674912183307676,0.29695696528430265,0.29331114069642306,0.24722416615655898,0.206940699975152,0.2169482794309514,0.0,0.15925228628715363,0.0,0.0,0.03213390976271713,0.24717205283759247,0.0,0.3557193330602327,0.0,0.0,0.0,0.4293387518752664,0.3193799456600769,0.0,0.0,0.0,0.13750348500071313,0.04405849602532899,0.1140086624083205,0.09885788508020793,0.0,0.0716506209590087,0.10932904069271063,0.060270217112943565,0.0,0.0,0.0,0.0,0.0,0.4618392518183697,0.0,0.0,0.0,0.0,0.0,0.0,0.3502580856624454,0.06903471098592978,0.36611158848717296,0.5589119214595786,0.3338135344244954,0.09022791643135142,0.0,0.016372705769002405,0.11654927592175923,0.0,0.7434038049141083,0.0,0.0,0.0,0.0,0.6091449879270217,0.5466903906460113,0.4249697164586256,0.3066813261624286,0.0,0.0,0.0,0.6751298494212299,0.33846352660342394,0.4450922202814239,0.0,0.0
0.3603346228936206,0.08867835004259048,0.0,0.07491295022396406,0.503234249290142,0.5426107029246718,0.147713308846324,0.4158529939763196,0.5170872970952444,0.44562808232447576,0.6267737734540029,0.4790377484393967,0.45693048770661043,0.12545045313320388,0.5055578090460748,0.3986469419158441,0.4672964958214257,0.5488443489759245,0.634676224271948,0.35361452201826704,0.509768593010213,0.5060616299309634,0.5149592166265494,0.43550605079040705,0.4165098626757009,0.4377731900888781,0.5095569968341174,0.5158663216479452,0.5075987723454972,0.3804098614157478,0.4040499696694835,0.17715539263779057,0.238717145182435,0.2298182423704166,0.0,0.1176955672753002,0.04481736064080627,0.21293580553189215,0.24865543795955786,0.21958369522441082,0.28334399287912715,0.1726867931211672,0.15538202297204678,0.3227086041570488,0.17183800265107055,0.3495052398518079,0.2868258621228351,0.7875408816754019,0.23269249822877308,0.34867498296287114,0.4914284115665948,0.33418496421214783,0.37891349148946885,0.46714159466796423,0.4832619933565028,0.6222297877203832,0.5429596287158629,0.5051815712455643,0.3635347232447761,0.13702204086478248,0.36276435404357976,0.45369615675069547,0.47997382004664024,0.6108869694999645,0.25695974574951075,0.29063137231561925,0.5387128952331283,0.4664100241308761,0.4769906361845655,0.3457951487077658,0.3194313272227626,0.30632764944677804,0.5974680930639484,0.3827905584758521,0.3177238257542613,0.4819080267144945
0.17623854306737924,0.0,0.07491295022396406,0.0,0.10724469358055766,0.04595366018626415,0.22065606981863672,0.02008574977314695,0.0,0.16529645087167813,0.0,0.20261812300505952,0.055900236269720655,0.04959976040669631,0.12735280195523038,0.20388282205412964,0.22873214547540538,0.14741477940865505,0.0,0.2647124675317884,0.07656086955252657,0.2512527906969897,0.14386165899991646,0.22493776824459621,0.10501695447502846,0.0656710601648537,0.161301827117807,0.24106025926027594,0.15559054505759906,0.09524840108053452,0.19638291727099444,0.12950024378288738,0.08036590854809361,0.2143096119800176,0.021513100528531837,0.0,0.14353667328750974,0.06440141623541709,0.19377695060018052,0.02074772184902611,0.30413068942550703,0.0943761107708897,0.17903636125358793,0.30620653702133693,0.03185272899349193,0.11158795548464193,0.2098504343783304,0.10734792338980403,0.4489163672315778,0.08804817255517103,0.06747139008361842,0.2767112709595958,0.0,0.0,0.18846339405926132,0.013484458219945705,0.24096816950674815,0.15131891996167507,0.09275417917779057,0.0,0.13074452429220107,0.2348308806137687,0.16697059796626196,0.0,0.0,0.0,0.08280651159865131,0.08557338394335978,0.20546927475652638,0.2209082226586405,0.20551994104938004,0.0,0.1414754523798361,0.0,0.0572744869248827,0.10889242660001466
0.05978463363853695,0.17136369425308257,0.503234249290142,0.10724469358055766,0.0,0.5367776791996725,0.41049677447983424,0.3674716622323691,0.7721144168706198,0.42234805843071677,0.6820348061961139,0.4304779391449407,0.6148896252908169,0.35354471500323176,0.7206721294796955,0.2962063736825669,0.30821457064091756,0.40304007505463874,0.22732116270015562,0.5643552686481503,0.3033419036197729,0.546872566779232,0.28824768777999715,0.09937690017228142,0.18075433246942343,0.24904686967083936,0.5210542975786268,0.7145565631848767,0.39034359757667814,0.5906183972050224,0.5372519090945997,0.0,0.0,0.11014644680875056,0.13921928312061596,0.48495313119951167,0.44388326425510205,0.0,0.0,0.0,0.2850762173892165,0.0,0.49334421021956143,0.308501094588166,0.0,0.0,0.11796765067214068,0.6103696126120783,0.10672178229362965,0.7504327436042683,0.3698956411311005,0.5297226111273345,0.4155949970740687,0.7466107265138474,0.09601216877288701,0.6713993045861617,0.42603959985020756,0.37575119347069486,0.6312769760430218,0.3702303575949158,0.034193428077918725,0.1057339492166223,0.11903329045969555,0.289516848461991,0.481992639189497,0.13403631619350803,0.541006332706278,0.3693616920568059,0.05718880040774772,0.1607901155034367,0.019094111769583838,0.55808428470419,0.5846326691393628,0.35129905255417104,0.0,0.17039002394503733
0.2255990194207311,0.30464527351956333,0.5426107029246718,0.04595366018626415,0.5367776791996725,0.0,0.1915705818704665,0.5884585295844703,0.32970593716281094,0.32544148515917376,0.36010081433188335,0.5905263554778968,0.7965698141690392,0.3013762451386266,0.4708893718050413,0.4192387870505589,0.46710438672317367,0.5634126462170057,0.37462028885278137,0.3207802958602892,0.4566235328354061,0.4049921484285243,0.7104254227858859,0.556233058867486,0.4921589701410957,0.6154643649155045,0.523168698799376,0.5128087877979013,0.4906244135595449,0.3583685565393264,0.3508827100683988,0.07390601039724101,0.20282505205040052,0.25853209397345395,0.13191869969782832,0.21290450614944,0.12370315790535229,0.22442292326489333,0.061471460582506576,0.1037814656077935,0.3452046447924177,0.1710057339971257,0.17151376447989392,0.35629223159956047,0.0642578209581614,0.16990904918977678,0.29298656401533074,0.5020321935624713,0.06802403100051127,0.27529487620263143,0.7287440595206619,0.25350314134699964,0.489180618593677,0.29228680560853276,0.18468580894056802,0.3440951203459747,0.5700612290277858,0.5344660793141444,0.44664522761055636,0.11250930663584377,0.2333763569285791,0.35421856117753053,0.310836119112719,0.4439027961597897,0.22848216589215398,0.19200937779964394,0.3799829679306329,0.6686564226279696,0.4845777340976547,0.2281635018156832,0.23464244545963953,0.3668696719772859,0.4988059505994467,0.362907998143439,0.22541275521752818,0.32374677187152273
0.0,0.6201150409759132,0.147713308846324,0.22065606981863672,0.41049677447983424,0.1915705818704665,0.0,0.33059502565380516,0.3706231041740037,0.41413249752389425,0.36285177794661594,0.3144415528074084,0.2802616474558089,0.0,0.277310264032281,0.0,0.042829211058552474,0.12649202200105078,0.22951776689767708,0.0,0.298031854619888,0.008758923329293677,0.0,0.0,0.252362334176372,0.18048385188475674,0.0,0.18333883929408468,0.0,0.30784064279586426,0.2538471495816166,0.08525742148517299,0.10101510196255928,0.0,0.2438960984985048,0.25725014336211816,0.25362931717754045,0.0,0.0,0.0,0.0,0.0,0.5926309828974,0.03275651708380374,0.0,0.0,0.0,0.026100096285201657,0.14178229026868408,0.5399256609269636,0.0,0.617592670067485,0.49971783793229874,0.40831933846837,0.14706195417570336,0.20212096181396255,0.15745985482129216,0.11108498604289449,0.04989385587637535,0.5588905753924236,0.0,0.0,0.0,0.11437274661299945,0.45561220983312134,0.42208015963228396,0.3728166408545142,0.21607444042474885,0.0,0.0,0.0,0.5678466157208688,0.3766379480646619,0.3723530682710191,0.0,0.0
0.23630392323741906,0.39674912183307676,0.4158529939763196,0.02008574977314695,0.3674716622323691,0.5884585295844703,0.33059502565380516,0.0,0.3853196312204614,0.35000979288784034,0.41136218985787903,0.6282400479344232,0.47245909346508785,0.17748643648574086,0.300723159911266,0.04409544970406509,0.1515900053197199,0.14034089300338543,0.4258959068823051,0.09386698594297108,0.6225499764389475,0.0772053291616733,0.5486683002536865,0.42782149964441063,0.27652112880186563,0.5018044415503186,0.23575207558982864,0.2780553317101139,0.16459876775565252,0.3966344305019459,0.35506582315679697,0.2214895617920249,0.23404536513113025,0.047479594684110504,0.2612492561603299,0.2652655166758333,0.0997829823001221,0.16512231593949192,0.0,0.0,0.1752355928742828,0.0,0.3251346690655215,0.21708386316092323,0.0,0.07549888325321356,0.0,0.29570106245651434,0.12202325423895369,0.3642404223828678,0.355590869718511,0.3236987839967987,0.8112383778542068,0.369292233687019,0.1620487120740881,0.3118877103689146,0.6201651086182802,0.29232652091026523,0.2603260855942919,0.3533551987111193,0.0,0.13550425697351684,0.0,0.3747348194542384,0.3296541533455737,0.591900025673187,0.23796780138828127,0.6322127716605119,0.322172306853993,0.0,0.0,0.42603478106680653,0.48109746151693156,0.20657336524402625,0.0,0.0
0.0,0.29695696528430265,0.5170872970952444,0.0,0.7721144168706198,0.32970593716281094,0.3706231041740037,0.3853196312204614,0.0,0.36776785765785425,0.7706076431093044,0.36552808554689364,0.4470306824561412,0.09797794998411993,0.7114966851218556,0.04751335845636365,0.07713201096989047,0.17854258726936312,0.36526014516065597,0.4567053123397424,0.27858363713033196,0.4145664486121413,0.05045205838145089,0.0,0.10887664994268714,0.19080099976647524,0.41495744367971654,0.5867527793623656,0.10277500846993243,0.5690207564587881,0.39779953339457064,0.0,0.0,0.0,0.24830514664772974,0.5280559817310286,0.485950702614967,0.0,0.0,0.0,0.04459475843435302,0.0,0.6124582308630705,0.2109021800039339,0.0,0.0,0.0,0.5576798098293729,0.04230106748704157,0.8393918683243418,0.11554703535470712,0.5091966430292778,0.4469182573232878,0.9385427365196612,0.04375837943463601,0.6797851658452041,0.3747618602421614,0.16682632795312005,0.5462392541309584,0.6164134756164827,0.0,0.0,0.0,0.285724395761279,0.6698059692062351,0.19411625792402035,0.5756595817591591,0.26092390702951596,0.0,0.0,0.0,0.6943555827108205,0.6442818673450328,0.30761622236895625,0.0,0.0
0.5435331793566192,0.29331114069642306,0.44562808232447576,0.16529645087167813,0.42234805843071677,0.32544148515917376,0.41413249752389425,0.35000979288784034,0.36776785765785425,0.0,0.41350197296735136,0.654124249740713,0.25959592203531623,0.32079789462324787,0.37597825629534815,0.5115354924698281,0.5717862150150199,0.5945651782889805,0.23297639379372964,0.17616072437616048,0.581916555424856,0.4212634220602259,0.2662217374831708,0.4480911802007577,0.6622586858891751,0.6294267978299386,0.30538174333645135,0.3611632074779924,0.27491647316129797,0.35223359844522084,0.632963040214232,0.4080128865601135,0.5921535934866066,0.3085942920537326,0.10663096071672004,0.16825753425798443,0.14064516700420304,0.03805476914755593,0.22941328551966497,0.2257006787280106,0.3039627691392151,0.0,0.27225912070902275,0.22117325065204085,0.0,0.26991092671574585,0.18962252813056968,0.4269138130578869,0.530144478152929,0.49337833686979937,0.24201195976590378,0.5596895336613263,0.42920385551691853,0.3248671039809376,0.687227396436591,0.45418653172469925,0.5286790933586814,0.3846705976743574,0.2973229779325878,0.1433105717448847,0.18336854500795255,0.4786808311971069,0.3976247220967272,0.38254971048021646,0.1395803913714163,0.3159584731009348,0.38690488578583015,0.37168914963481015,0.421644615972621,0.31023056717795205,0.2302952485526883,0.2708157677780968,0.4563931237058364,0.2738116706570066,0.0,0.296000042759638
0.10904132562684463,0.24722416615655898,0.6267737734540029,0.0,0.6820348061961139,0.36010081433188335,0.36285177794661594,0.41136218985787903,0.7706076431093044,0.41350197296735136,0.0,0.35069898198229116,0.3736957647577528,0.04522377242394429,0.5643970078667669,0.1415670691106572,0.1912958493619811,0.2699333171841014,0.5088995651357319,0.28826609268487713,0.41639904801628874,0.3218053269414192,0.19539937075827532,0.11182221047986296,0.28315630769627526,0.28929862959304037,0.34497966476634756,0.4453209999822606,0.20954899499375665,0.3722369112519811,0.3084056931100504,0.1215946654656691,0.10147106088656298,0.0808674891918038,0.1307407884229205,0.3157710783058585,0.2610765565835983,0.011987141106576574,0.0,0.0,0.1441730700015357,0.0,0.3991008926988091,0.11118907673676823,0.0,0.027182120125586073,0.008508228241486365,0.6966814076951425,0.061217498045702354,0.6521938347302539,0.24610655283821975,0.4162554021367081,0.47710892548235234,0.7490404459992115,0.24058803705882337,0.8442010771307235,0.35471719870670504,0.2778166195037521,0.38855689219517,0.4257655719753194,0.0,0.059673777985643564,0.07332986796444815,0.4747231378604036,0.4670821826941566,0.32616967144910314,0.5158660788361843,0.3523366503349223,0.08118461662767462,0.09301846091259793,0.0,0.5271735687416532,0.5457642515811787,0.4058760285760451,0.032489276064226635,0.12154643422765259
0.42206986049577655,0.206940699975152,0.4790377484393967,0.20261812300505952,0.4304779391449407,0.5905263554778968,0.3144415528074084,0.6282400479344232,0.36552808554689364,0.654124249740713,0.35069898198229116,0.0,0.5218128649973015,0.3267444324050339,0.38686451959654317,0.3664484505184344,0.5971774658909027,0.4881624542713262,0.35849889870108265,0.2795654407136865,0.5599372850875722,0.4264247255348421,0.5333545932160279,0.6621077172123132,0.45381908677012095,0.676040458445802,0.42731337725645735,0.4231179611297781,0.34372444771149246,0.42529401447381243,0.4776310790837005,0.34541102751745045,0.3697537291084346,0.30753087892319037,0.16538711026139996,0.25915554114470807,0.2347407777396804,0.14743380121877694,0.19109383985107872,0.1535005824690605,0.33525018830869413,0.08102003251942527,0.32867493541056064,0.4408390506584727,0.05767496283508425,0.2511817519173868,0.24930989106868884,0.4563214452782053,0.44709864602854427,0.39043735544779845,0.378716793878954,0.47028200743651816,0.5880589389508315,0.2917977969216215,0.43822498794219794,0.3859927084167125,0.8586760711148582,0.4104143226360851,0.4009622210972287,0.08229953541484775,0.1482107678216797,0.4699892131917683,0.35124230129744477,0.4613055373746219,0.13736295311890293,0.23603285748251224,0.2966882246102514,0.46051687862104224,0.5530852525446824,0.19601199775388276,0.2563611844307562,0.239132994571529,0.47115346452406703,0.1080441707113644,0.053376191777103094,0.1918240373708965
0.06839876726962577,0.2169482794309514,0.45693048770661043,0.055900236269720655,0.6148896252908169,0.7965698141690392,0.2802616474558089,0.47245909346508785,0.4470306824561412,0.25959592203531623,0.3736957647577528,0.5218128649973015,0.0,0.22776185611934652,0.5250474655715682,0.3534697009125919,0.4051067923822145,0.49321600511261826,0.258954300661425,0.36670883924265624,0.3142834565868671,0.4279174043545061,0.4267551311527542,0.362408990971423,0.2907510308494704,0.4707699003496167,0.43697022373149574,0.6851614201768597,0.42420216073086653,0.49443099005596763,0.3412063066153488,0.0,0.0,0.17081643369843832,0.11478209777495935,0.41793384649302456,0.2565949031145104,0.15063571813185914,0.0,0.0,0.23493590757141328,0.0,0.26359026386702555,0.3135821948654973,0.0,0.008375937675831141,0.23044046530202889,0.464540296472092,0.03441779503804954,0.36933148458220166,0.5577344743618794,0.2521200915144085,0.4101611234713645,0.39292393514972906,0.07569875381696206,0.36107252945485335,0.527995683461191,0.5324044238364506,0.404317150818403,0.20849809417966042,0.1721996085478672,0.26396862148290867,0.27156866169411786,0.3709142297462152,0.3246540976415325,0.12946806809938205,0.4095897671212676,0.39485420802778065,0.2564732652198515,0.17849519425206103,0.15442922298128667,0.37467120128326487,0.5561827772764523,0.30142623461055384,0.16770255459201544,0.1918006611170026
0.27677272756302634,0.0,0.12545045313320388,0.04959976040669631,0.35354471500323176,0.3013762451386266,0.0,0.17748643648574086,0.09797794998411993,0.32079789462324787,0.04522377242394429,0.3267444324050339,0.22776185611934652,0.0,0.2476978026892195,0.4043278936363107,0.35507002990767333,0.3494164881360179,0.0,0.37165366558361923,0.11343709214594495,0.44376661588749483,0.3584861339077626,0.31154178269274635,0.23533928476805988,0.2774161085051383,0.3681279831390428,0.34230313167934867,0.3232182220482609,0.2875868213326746,0.4134092311770611,0.1544488728601424,0.16051317808780843,0.2732937642469786,0.08182608468311148,0.2624211545957064,0.22193901330884136,0.13409125751235412,0.13835808361883603,0.12588675078893719,0.32415350533181675,0.23881397423509526,0.02642101199564373,0.18353964471627615,0.05802086060373581,0.18026244427906749,0.33954095655437344,0.23584171642695595,0.20590575043873605,0.1654965511123408,0.1852306318930497,0.1040525331176883,0.09701951556373611,0.05039138655274768,0.1773846104791322,0.1611710999534497,0.3073544994604736,0.12769177277502536,0.42863672068795394,0.0,0.3121859321916922,0.24053162364478017,0.2858393400732743,0.15399495007768008,0.0,0.0,0.07770214958832466,0.2055596699383571,0.3000571596351891,0.32330766957296697,0.3286413984384977,0.0,0.11265330990434991,0.029326706121594798,0.03604774121730121,0.33137928648351067
0.13984564035721458,0.15925228628715363,0.5055578090460748,0.12735280195523038,0.7206721294796955,0.4708893718050413,0.277310264032281,0.300723159911266,0.7114966851218556,0.37597825629534815,0.5643970078667669,0.38686451959654317,0.5250474655715682,0.2476978026892195,0.0,0.3412216215426646,0.25559477128797103,0.36811965276248154,0.15333167484655313,0.7203095933373601,0.39578386590274567,0.7030170606101529,0.3435561205603638,0.12903834095055608,0.1916038668681171,0.24312079285947213,0.6102540171890198,0.6780701602021704,0.353546640018173,0.5909540003227542,0.502316324502367,0.0,0.041833604882804035,0.099274209606968,0.1953933923211823,0.40149637795736937,0.33712394430755344,0.0,0.0,0.0,0.20250506693788572,0.0,0.4676214769791778,0.38820500939262403,0.0,0.0,0.18054498640625075,0.5680777921772782,0.15694749623020526,0.6489981145492462,0.39531703547740055,0.5411173940050051,0.419422896691033,0.7164100346145165,0.1866638052926407,0.598133603688088,0.4155958751199359,0.41954688597999734,0.612470759733869,0.4581510940563562,0.07014906766614984,0.19646954139624068,0.17733717420695944,0.3038122128052524,0.5761976566030118,0.201518964045243,0.6769895455864744,0.4381467791000493,0.09580320893002507,0.1746369746310102,0.08188555717403828,0.590439182977358,0.6578684184782427,0.41068812598053644,0.04892477640588613,0.22709666617135982
0.6568162836462086,0.0,0.3986469419158441,0.20388282205412964,0.2962063736825669,0.4192387870505589,0.0,0.04409544970406509,0.04751335845636365,0.5115354924698281,0.1415670691106572,0.3664484505184344,0.3534697009125919,0.4043278936363107,0.3412216215426646,0.0,0.8144159688267072,0.8588177523997178,0.0,0.39061165499326417,0.42079034698705753,0.6819825486824806,0.5656404749480338,0.579692835902299,0.5979398164412958,0.6089522513803763,0.46044385588352843,0.5043098997937848,0.6127630581152941,0.21008384298460442,0.6350770873425087,0.33601855809520753,0.53431844443309,0.5537431135622697,0.0,0.0,0.0,0.2589083638643782,0.5548733836992518,0.5565363874723528,0.4291602214109005,0.5279242722856813,0.0,0.2633561438075991,0.30527961468761167,0.6253551634482251,0.7371606348639967,0.5403288753624615,0.4242808656867765,0.10520453730371965,0.6595615052416995,0.233696543845372,0.0,0.029377757724752207,0.6622114179349201,0.3602133875918329,0.3781467580970086,0.6628963468673456,0.3477710836324467,0.0,0.7899912382559454,0.7332076253939315,0.7723597161132496,0.48098288603492734,0.0,0.03208484654962129,0.3574895197042094,0.4110762171047635,0.595860428253613,0.7411078541481217,0.7704785779235257,0.0,0.32083548560308384,0.3427623171093473,0.5266909756764478,0.7477959706144508
0.5963045881542329,0.0,0.4672964958214257,0.22873214547540538,0.30821457064091756,0.46710438672317367,0.042829211058552474,0.1515900053197199,0.07713201096989047,0.5717862150150199,0.1912958493619811,0.5971774658909027,0.4051067923822145,0.35507002990767333,0.25559477128797103,0.8144159688267072,0.0,0.8908704103569913,0.11587178162221796,0.3277799735192431,0.4830150390209742,0.6063255956397476,0.5236868696759609,0.6971723846831559,0.5706594979621299,0.6658798968848132,0.4142734741238747,0.4807286992831105,0.57060637187358,0.26065549340248756,0.5593201693670105,0.39936295627515794,0.49625470935070554,0.5896224505390704,0.0,0.0,0.0,0.264221751643446,0.5284817366142203,0.517410980683564,0.4419286200579438,0.5374927524329903,0.0,0.44437746175309667,0.311533383228317,0.6051340113248991,0.5921423159988705,0.5996582735643112,0.5012733029379537,0.10450011584391178,0.540366206408817,0.29945877623328004,0.08036833158759732,0.04907623775175757,0.6614152308521278,0.38815827584110785,0.5462155078750406,0.5921676363682375,0.34589567562711065,0.0,0.6982328122601519,0.7850703043399769,0.762186906264839,0.47239036965283654,0.0,0.0,0.33095366735162524,0.3151989040676476,0.6818146677201629,0.5900746962897652,0.6369967844716677,0.0,0.36130029294118954,0.17189461107648354,0.5313543585008679,0.6376599515884844
0.5881808166741396,0.03213390976271713,0.5488443489759245,0.14741477940865505,0.40304007505463874,0.5634126462170057,0.12649202200105078,0.14034089300338543,0.17854258726936312,0.5945651782889805,0.2699333171841014,0.4881624542713262,0.49321600511261826,0.3494164881360179,0.36811965276248154,0.8588177523997178,0.8908704103569913,0.0,0.1348137815390247,0.33896707189864395,0.46457069311908433,0.679169061388324,0.5157471756210492,0.5877488335746394,0.6812699331632294,0.652432286671819,0.5270062995528584,0.5516851125865221,0.6433422467813181,0.2919567454870998,0.6015649705025883,0.3433116392959897,0.46555426161866964,0.464069157994569,0.0,0.03085209141658722,0.0,0.21456385827328858,0.4899911836504751,0.4796989734092968,0.39078411037377714,0.4581174465400626,0.0,0.30448107821658965,0.24180671695528796,0.5681983280564534,0.6082676397097969,0.6083146142718335,0.39298017980541716,0.17426511663006986,0.6130253759579408,0.3559471706516181,0.09310690008716348,0.1345807030429421,0.6970107352191263,0.44513361827869147,0.46822335204757237,0.6492432865125539,0.414659184222264,0.0,0.7018793651405506,0.7635712361925475,0.8129307115231563,0.5213103534024925,0.0,0.1144774886164848,0.47558086660010257,0.38490794478122003,0.6027424987311591,0.649836397294209,0.6120346441373512,0.053707099600158126,0.46192459823531223,0.4420917098358165,0.47515615640286674,0.6958088567493819
0.10543081741261594,0.24717205283759247,0.634676224271948,0.0,0.22732116270015562,0.37462028885278137,0.22951776689767708,0.4258959068823051,0.36526014516065597,0.23297639379372964,0.5088995651357319,0.35849889870108265,0.258954300661425,0.0,0.15333167484655313,0.0,0.11587178162221796,0.1348137815390247,0.0,0.0,0.3539726023906189,0.01482034821592998,0.2240104757022693,0.22147517387642382,0.19460052065893296,0.27917663837353696,0.10614321039334346,0.11770585657003366,0.13634946367170284,0.137786231015635,0.026716266550716267,0.1738641870107937,0.11278001037518878,0.0,0.06084201473556136,0.050104040882884435,0.0,0.11907274632685415,0.06283770262352265,0.048859157369359155,0.07755109415703587,0.0,0.17145647507258538,0.02112704568709027,0.0,0.1109819159421457,0.0,0.4024904696158161,0.0,0.17894035267390385,0.15545599519554668,0.13428298926509308,0.4114602538974729,0.2863286737985954,0.15349832762047994,0.34453989732991175,0.3301938100577726,0.12388244359484812,0.0,0.19588556421054615,0.0,0.08255950204600004,0.035341931706531965,0.5502112316824275,0.1721052106009156,0.29278080143918506,0.2040602618147317,0.25520363401359414,0.1796123302952366,0.0,0.0,0.21304314591556142,0.2845710815155892,0.17506293278358223,0.05713079210948813,0.008514400446636206
0.14194585773956003,0.0,0.35361452201826704,0.2647124675317884,0.5643552686481503,0.3207802958602892,0.0,0.09386698594297108,0.4567053123397424,0.17616072437616048,0.28826609268487713,0.2795654407136865,0.36670883924265624,0.37165366558361923,0.7203095933373601,0.39061165499326417,0.3277799735192431,0.33896707189864395,0.0,0.0,0.1710638175616283,0.8212193039093041,0.4240896458790497,0.20056595871681046,0.0,0.07114868307792477,0.7593861980015337,0.6910090366449136,0.5667236181261766,0.5355798661487882,0.5104060618703457,0.0,0.0,0.20323685152017998,0.10656271380703874,0.34329967100467274,0.36487710248748206,0.0,0.0,0.0,0.2052823330890498,0.10374755678229236,0.2103005360345645,0.4554761749814229,0.0,0.13905825051253076,0.48467091242018917,0.5489255091659835,0.20806606849142176,0.39584363055109084,0.3465663105601312,0.3385097911790137,0.08850754606707006,0.4675718313481734,0.07258267190448117,0.4767633873852637,0.36349858406650204,0.28073016564885334,0.6846489687516577,0.03230321532086622,0.38245959833579574,0.2175704073201871,0.35325743699323414,0.12147215714166715,0.30255913529835554,0.0,0.4564501305690676,0.28000929735763547,0.22295511642170263,0.4102478652569248,0.3977013032584799,0.22176707991076133,0.4153167477460039,0.13686979110142436,0.2196796791517927,0.43298907786959506
0.6155705012388902,0.3557193330602327,0.509768593010213,0.07656086955252657,0.3033419036197729,0.4566235328354061,0.298031854619888,0.6225499764389475,0.27858363713033196,0.581916555424856,0.41639904801628874,0.5599372850875722,0.3142834565868671,0.11343709214594495,0.39578386590274567,0.42079034698705753,0.4830150390209742,0.46457069311908433,0.3539726023906189,0.1710638175616283,0.0,0.2994651318710031,0.5354043466198299,0.5838530748093334,0.48976132718822096,0.61729849946985,0.2987918040242208,0.3702081250036735,0.3473792452624221,0.38874772154812837,0.6011931001014056,0.48446759486266855,0.49709946871121014,0.2391393014923371,0.0,0.07117736227644669,0.01468249122450864,0.2842620006874572,0.29591849938057824,0.3198600235594526,0.2694921872295785,0.04109903042237825,0.13366309020596218,0.26401005219037826,0.22749809408611554,0.47717212900427247,0.1208431419489156,0.4313153366699244,0.23577652149177863,0.29791779413074515,0.5000457653247266,0.36703825876660917,0.6173956689841421,0.34970559258834244,0.5165642737866524,0.4820013088845855,0.5169503216201723,0.47789475849331575,0.22538204464399644,0.2676173009129664,0.15745870859004735,0.447797808633308,0.28552226829296107,0.4624028410785374,0.2743466441245156,0.7069164442301327,0.4720853109933917,0.6800864822272958,0.5251957513964222,0.13770463103533387,0.19631186676617332,0.3738256891229052,0.5390936852564336,0.4503278428182109,0.20719839786878783,0.39645102460024034
0.4391002638031896,0.0,0.5060616299309634,0.2512527906969897,0.546872566779232,0.4049921484285243,0.008758923329293677,0.0772053291616733,0.4145664486121413,0.4212634220602259,0.3218053269414192,0.4264247255348421,0.4279174043545061,0.44376661588749483,0.7030170606101529,0.6819825486824806,0.6063255956397476,0.679169061388324,0.01482034821592998,0.8212193039093041,0.2994651318710031,0.0,0.4677867942676297,0.3893130001863935,0.34856149997393415,0.38519649288452834,0.7721592494942647,0.714938380959307,0.6694549895713453,0.509560123906193,0.6191115961568093,0.06299029303827355,0.19432625881311386,0.39860019873817454,0.08626270985076445,0.28284709153232435,0.26350348368250065,0.10874093859531966,0.24964604542304125,0.24733315979430376,0.3656438607756438,0.27005871878422216,0.13211004736916993,0.4424530796986197,0.07885400297395594,0.37732801341017336,0.6284648294541983,0.6282957938317721,0.3104597335615526,0.35349537533585,0.4507356719483562,0.37868515982015083,0.08648169425506111,0.36397045558070146,0.4237571076004062,0.5048860243088114,0.45814444532818066,0.46128976716565817,0.5769738126836553,0.0,0.6005051270316767,0.5302228975957239,0.6424856651279116,0.38203278380473504,0.21908588309939253,0.0,0.576661327171608,0.32429821655628716,0.42673049145594144,0.5944185519426537,0.5853770504771957,0.20680035229282034,0.49968233470081114,0.32623662000464465,0.3880539354780207,0.6129246817313365
0.5186180272339604,0.0,0.5149592166265494,0.14386165899991646,0.28824768777999715,0.7104254227858859,0.0,0.5486683002536865,0.05045205838145089,0.2662217374831708,0.19539937075827532,0.5333545932160279,0.4267551311527542,0.3584861339077626,0.3435561205603638,0.5656404749480338,0.5236868696759609,0.5157471756210492,0.2240104757022693,0.4240896458790497,0.5354043466198299,0.4677867942676297,0.0,0.7202559627935952,0.440242185794786,0.5810946687554975,0.5849954463504069,0.4312246820258943,0.61225465190618,0.2685332049541356,0.47291101843420946,0.28606568174564717,0.40849335126106256,0.46030887077463734,0.06264503059596783,0.0,0.0,0.36856383210565347,0.4020264982942635,0.40361033117216705,0.4747418070195209,0.47529515718492577,0.0,0.4195795108302083,0.3329616962315774,0.5535234050346753,0.5460223762973597,0.55316203313271,0.2706608878468265,0.051188704065588786,0.7353875567023745,0.07203730833425895,0.4087277266071689,0.04957445827014212,0.33094000812877067,0.3579710544813862,0.5814283766315399,0.4866695786116631,0.4013766947069557,0.0,0.5038232282971757,0.4676455793160884,0.47885972523788134,0.46338387439547085,0.0,0.19952491025513142,0.19586615245365602,0.8031841489129099,0.6746832555271953,0.47269714959823406,0.5984229741890486,0.0,0.321025218596137,0.14266141335707055,0.4158330425421486,0.5640289240661176
0.6457666133531762,0.0,0.43550605079040705,0.22493776824459621,0.09937690017228142,0.556233058867486,0.0,0.42782149964441063,0.0,0.4480911802007577,0.11182221047986296,0.6621077172123132,0.362408990971423,0.31154178269274635,0.12903834095055608,0.579692835902299,0.6971723846831559,0.5877488335746394,0.22147517387642382,0.20056595871681046,0.5838530748093334,0.3893130001863935,0.7202559627935952,0.0,0.5614916939746366,0.7634705139293068,0.40523173631174175,0.2967464820885609,0.5415199749368012,0.16152363139279502,0.4326089406983683,0.5422519805379767,0.48564661867702746,0.5642058211955968,0.0,0.0,0.0,0.4618581119814512,0.5414568755244709,0.5734912872736522,0.5162782746345129,0.5673226809212806,0.0,0.38427098441734386,0.4460660846654739,0.6591949126585072,0.4986274099701634,0.47079436489438065,0.35936930351304425,0.0,0.525449772491132,0.012485367855144258,0.2854438418797435,0.0,0.511381608351192,0.280473650921199,0.6254973978632753,0.4481237754895555,0.2501755181742572,0.0,0.5919898813355997,0.6251920023793788,0.5604894757559997,0.5070150958419494,0.0,0.17424498308403674,0.12490148100640144,0.49743984137980723,0.9008410326474366,0.47587191620386404,0.6453969704941876,0.0,0.22153255782283712,0.05243853109049448,0.4800089489330214,0.6194658000170661
0.6219501693366699,0.4293387518752664,0.4165098626757009,0.10501695447502846,0.18075433246942343,0.4921589701410957,0.252362334176372,0.27652112880186563,0.10887664994268714,0.6622586858891751,0.28315630769627526,0.45381908677012095,0.2907510308494704,0.23533928476805988,0.1916038668681171,0.5979398164412958,0.5706594979621299,0.6812699331632294,0.19460052065893296,0.0,0.48976132718822096,0.34856149997393415,0.440242185794786,0.5614916939746366,0.0,0.8410005882367824,0.21544071764381317,0.20395771130439797,0.21263213003884385,0.10571353556791127,0.44017550453453946,0.5496882944237317,0.5839445829371407,0.33380855866984555,0.013409491270288426,0.0,0.0,0.2690877444902308,0.5022783891290875,0.4604261272696471,0.2794571650418503,0.288796244562409,0.0,0.08278631654570234,0.20907395258988573,0.437415318845002,0.2550049491812663,0.3669518452052114,0.34393644936654544,0.15605165187068665,0.41846542760950395,0.27200331214376344,0.3100117080488352,0.0675885536142608,0.6689386369737484,0.29821134845647457,0.3076220169088221,0.4086767585230615,0.09601886208438866,0.028914830492429322,0.3601404570586063,0.5429160458471373,0.5057014205741288,0.46568600728763765,0.07469160238810152,0.3332863124923089,0.4011979959846415,0.5102617619539553,0.5507614252896469,0.4038442171956164,0.3453756012094613,0.1766427481689936,0.3472154138646358,0.4147901598264544,0.20145239197453363,0.4198693158481776
0.6770992937417288,0.3193799456600769,0.4377731900888781,0.0656710601648537,0.24904686967083936,0.6154643649155045,0.18048385188475674,0.5018044415503186,0.19080099976647524,0.6294267978299386,0.28929862959304037,0.676040458445802,0.4707699003496167,0.2774161085051383,0.24312079285947213,0.6089522513803763,0.6658798968848132,0.652432286671819,0.27917663837353696,0.07114868307792477,0.61729849946985,0.38519649288452834,0.5810946687554975,0.7634705139293068,0.8410005882367824,0.0,0.28381382224426455,0.33299242285769887,0.27172567542005105,0.2758641719813566,0.5359327328154655,0.5443604452687639,0.5557422726873157,0.45241009788210984,0.053883890503885534,0.04667592145131526,0.0,0.3228762304632945,0.4334111159287163,0.4124849844640301,0.3354482983312762,0.3430745995921431,0.06980647797106651,0.25629799657441166,0.21513494935154676,0.46479076057568347,0.24851265930649294,0.3900069599129458,0.3318032864350209,0.1415926511563358,0.4745076757344555,0.21202601879516303,0.46072392512660987,0.14003029793487515,0.5630868823908581,0.33093210961687747,0.533385719805798,0.458726216733215,0.19133635967381185,0.037910493145713375,0.35192092232670313,0.5750254689045129,0.4771152071960266,0.514899635222769,0.10905434938344022,0.3650838646489065,0.4103983987927359,0.5571123612732096,0.6802344556755636,0.27205238104824414,0.38413568970340034,0.19548286093408404,0.43216189507624075,0.32706834536621326,0.27035782809980635,0.43570658413678875
0.28438564174797054,0.0,0.5095569968341174,0.161301827117807,0.5210542975786268,0.523168698799376,0.0,0.23575207558982864,0.41495744367971654,0.30538174333645135,0.34497966476634756,0.42731337725645735,0.43697022373149574,0.3681279831390428,0.6102540171890198,0.46044385588352843,0.4142734741238747,0.5270062995528584,0.10614321039334346,0.7593861980015337,0.2987918040242208,0.7721592494942647,0.5849954463504069,0.40523173631174175,0.21544071764381317,0.28381382224426455,0.0,0.6621382294554381,0.8082462838606773,0.5066145647906577,0.5382431246795121,0.01134392408218085,0.13347671067211767,0.33622337889946935,0.19519376052751292,0.2752650808896522,0.15554466725092964,0.09562309940797259,0.14257331219604147,0.1553680126247539,0.3803869967425188,0.24469198099220307,0.07594198534152144,0.3503304633064418,0.061826085494945573,0.331460719676117,0.6254771705173408,0.6506166312958797,0.1681105373308719,0.3182610332017142,0.4983788703219873,0.30615462967973506,0.1899856084170984,0.35158451629499154,0.2619420940928146,0.5511163619006246,0.5597244607528792,0.3237790289529247,0.5590786651805402,0.0,0.48182569648722506,0.3479129659076674,0.5723482764209125,0.38276848473496716,0.12268684934694318,0.0,0.3594666815991681,0.4563422167894108,0.42087350363992604,0.5771505491680411,0.5449451744437237,0.27828577242716435,0.42462000409491485,0.28723675839540225,0.32697656193770075,0.5712803854534053
0.2853233794126941,0.0,0.5158663216479452,0.24106025926027594,0.7145565631848767,0.5128087877979013,0.18333883929408468,0.2780553317101139,0.5867527793623656,0.3611632074779924,0.4453209999822606,0.4231179611297781,0.6851614201768597,0.34230313167934867,0.6780701602021704,0.5043098997937848,0.4807286992831105,0.5516851125865221,0.11770585657003366,0.6910090366449136,0.3702081250036735,0.714938380959307,0.4312246820258943,0.2967464820885609,0.20395771130439797,0.33299242285769887,0.6621382294554381,0.0,0.607419564770252,0.7167835809532624,0.6981480926042534,0.0,0.01687359294286385,0.28078295873605075,0.11058600214593033,0.4797534065150799,0.3848378404662352,0.12194584816377205,0.0,0.0,0.27832876366341897,0.0,0.28538293704798146,0.4180031319306964,0.0,0.2557105398253512,0.374593264674786,0.6100563388960409,0.21872382868870371,0.4862197514313693,0.45928121118604637,0.38501999384618946,0.2996412752980057,0.5479844855057026,0.23101958699063424,0.5629337686924677,0.5155228880402178,0.4983701338281853,0.5318530529821965,0.1412056053609968,0.3472251410262869,0.3306549149315113,0.4425763704202778,0.31577808871704544,0.33896220858351317,0.12902131325785252,0.5065847024083144,0.40886566017330156,0.28220554763162453,0.37930099575847825,0.3211199846338162,0.37295252458434064,0.730940046953255,0.403386232952245,0.292392927402381,0.44838563524508224
0.4359032950911837,0.0,0.5075987723454972,0.15559054505759906,0.39034359757667814,0.4906244135595449,0.0,0.16459876775565252,0.10277500846993243,0.27491647316129797,0.20954899499375665,0.34372444771149246,0.42420216073086653,0.3232182220482609,0.353546640018173,0.6127630581152941,0.57060637187358,0.6433422467813181,0.13634946367170284,0.5667236181261766,0.3473792452624221,0.6694549895713453,0.61225465190618,0.5415199749368012,0.21263213003884385,0.27172567542005105,0.8082462838606773,0.607419564770252,0.0,0.35418021608532757,0.5413627268949224,0.09533374683277533,0.22399010871721264,0.3891599092806288,0.0607403094569637,0.06326384796693264,0.0,0.20195890095159003,0.2984005826784566,0.3581152261036673,0.4451454547743502,0.39867968546911015,0.0,0.23714361266331463,0.2307700709620668,0.5780567088845489,0.7513813526854347,0.6586698656828527,0.17031841216315324,0.06022719944617533,0.5851345091219347,0.15287555841964506,0.06469522805692232,0.07048624756580801,0.3534572922480869,0.45466257020889167,0.4760360604438387,0.45304650104769817,0.3772558902120874,0.0,0.7325803157679902,0.49363581177100313,0.6885000804984391,0.4746078693726484,0.0,0.04275516645649369,0.20053717182973707,0.3854859148368457,0.5414163021723077,0.7318211765432658,0.7435488359360121,0.0,0.2745059285754735,0.3137934149753666,0.5201208916823159,0.738910733614796
0.2151500130098358,0.13750348500071313,0.3804098614157478,0.09524840108053452,0.5906183972050224,0.3583685565393264,0.30784064279586426,0.3966344305019459,0.5690207564587881,0.35223359844522084,0.3722369112519811,0.42529401447381243,0.49443099005596763,0.2875868213326746,0.5909540003227542,0.21008384298460442,0.26065549340248756,0.2919567454870998,0.137786231015635,0.5355798661487882,0.38874772154812837,0.509560123906193,0.2685332049541356,0.16152363139279502,0.10571353556791127,0.2758641719813566,0.5066145647906577,0.7167835809532624,0.35418021608532757,0.0,0.59337134078093,0.0,0.02418358491568262,0.04058348896829225,0.24001456223923595,0.4775682025655372,0.30200041568279634,0.05239121500822183,0.0,0.0,0.11901370812062773,0.0,0.37581873587063364,0.2819314925619473,0.0,0.09623531735175597,0.07739718429657616,0.36908242531479873,0.15988229596706907,0.485813243893887,0.2503254862600147,0.44871533486834175,0.5163604214997427,0.536273109308455,0.13219513495054014,0.42957819899156474,0.43642659466243156,0.26297970669465764,0.4123534753161299,0.35940121754785265,0.0180950536411649,0.13855680828993056,0.1698498014243606,0.2384199583960543,0.4558342154612838,0.29333576103174075,0.4545066324153779,0.3792132552052633,0.1258166540517593,0.030735961192944472,0.028631778980116734,0.5358165753973607,0.6048380372106192,0.3938940605184379,0.0012080446989284344,0.20838466152083596
