0.0,0.08187098945209886,0.2054520202417065,0.3399924643620058,0.2487064673911179,0.15997080270393194,0.0,0.13863779805863433,0.21839993138582336,0.0,0.20758179145576988,0.03223322591666691,0.11185008800469351,0.008720940299125068,0.40226826672886423,0.2773538966125306,0.0,0.3552302554090944,0.23220267458460062,0.16105616081216287,0.4630443614743135,0.2054391345735722,0.17603903768542592,0.4135776246135489,0.3904205539672335,0.2577197158543208,0.1808133477759049,0.20568077759303516,0.332107216846375,0.08361859239498673,0.29646550975550384,0.19168027432610396,0.2555479493324298,0.37923617255612296,0.022241033153740222,0.03647917036115729,0.03930143001254088,0.030674219147898363,0.19169600595144065,0.3496163655804989,0.5536712414522762,0.09501780964116711,0.0,0.0,0.27413701794453554,0.6995301984910818,0.18706135704338495,0.23776753691826905,0.0,0.06019129128841731,0.05913120943343447,0.0,0.11508070803212249,0.08854250682588002,0.0,0.22133701528153535,0.02274939856977086,0.0,0.0,0.39310301433480566,0.4965985230964977,0.09769802332269859,0.32796020511889457,0.2800665914031101,0.07725726720832982,0.3764272438520744,0.3262744991233396,0.16967152724164844,0.43976063426675777,0.320059167113313,0.3802821878783583,0.071974247835107,0.02771681545023602,0.22995056115576049,0.3540148940097632,0.3667725911241415
0.08187098945209886,0.0,0.22475723653908777,0.0,0.3261686608785318,0.4407909828339916,0.5565281201157664,0.28856110875146035,0.5851012715839397,0.229038933046309,0.41046172310821943,0.5828754592029601,0.7217933717904528,0.37633909779521446,0.0,0.4893542722467234,0.46036809968160247,0.6037975935010603,0.0,0.13348024808800732,0.0,0.5254546519516488,0.18262364067963843,0.578472802414211,0.6517959409781456,0.8894930437538493,0.0,0.6488801173415265,0.04233936626857865,0.6539609239135745,0.07283279830537567,0.0,0.07482239330481655,0.0,0.0,0.37561046113946933,0.2921420059241528,0.470466291940408,0.0,0.24041309176378545,0.0,0.0,0.4131061061371748,0.2113746737885053,0.12459913993624191,0.0,0.0,0.16777272566161824,0.0,0.5561692180170281,0.2313768104141539,0.4736094866710001,0.254020024574294,0.4468684032246435,0.09443122324121855,0.22020937973012908,0.5129741631094026,0.3669027768467248,0.24680403741672802,0.09045920869048243,0.0,0.2747039546404607,0.10934936287025396,0.0,0.7097122965491103,0.0,0.09404546290594112,0.20801102951546524,0.39419739569062284,0.0,0.49300633774484887,0.640733502774887,0.4608955286824091,0.46908836622745426,0.08535157784272215,0.062086534871371696
0.2054520202417065,0.22475723653908777,0.0,0.17751863256798317,0.56493146297055,0.8022845740501798,0.4464110477678658,0.7496697784410746,0.8189458772624241,0.5976026599887898,0.6631174412348881,0.44627848750515176,0.45787652907703935,0.3725170002348392,0.5132481974754761,0.4219562028885842,0.6083838914911809,0.28806142696214726,0.6669846956432203,0.7236126369572483,0.5615159951832079,0.6708829027938588,0.8122246965907112,0.3276111170096231,0.40248729142375383,0.4118210094637649,0.7082255101418238,0.2852237863446835,0.6724657321639174,0.3490461343809807,0.353113349325305,0.0053491083757155194,0.3534160225318327,0.3679646826574413,0.0,0.10379894719139318,0.0,0.3117506742906173,0.18909168412385297,0.17803658069391803,0.0,0.0,0.36972345799589934,0.04577232107553805,0.1297693439949948,0.26169486494838856,0.21855513808587662,0.8175483047806201,0.0,0.5715671866941869,0.7542592017731085,0.48418382991743736,0.6847141996709486,0.8395268607756325,0.36432074507417145,0.5133992703488309,0.48632906045136826,0.5746885459933282,0.2766890765995256,0.6512589448183338,0.0431469929054287,0.29912708575826485,0.25416538035861985,0.5998807086956387,0.4705355592327933,0.5259692744251683,0.41382275570111093,0.7515071974881165,0.38350469885081107,0.4020298101374644,0.6299408971253346,0.6767468438097919,0.47925078066083465,0.5767250789139268,0.08250129971581366,0.02153485972984251
0.3399924643620058,0.0,0.17751863256798317,0.0,0.1362331815334456,0.2643100045053364,0.05240463586471622,0.11455755085231822,0.06303598063295154,0.0,0.0,0.0,0.0,0.050013567516970975,0.4448879962016612,0.0,0.0,0.0,0.30835910862261295,0.2723373687011298,0.2096063006666426,0.13429957582687407,0.3053154634318474,0.0464415375935662,0.17640560086275536,0.0,0.43130346652344015,0.0,0.4324142449870541,0.0,0.11742078059197107,0.2789002235520204,0.03245182976581164,0.18284298280397385,0.0,0.08449539343521914,0.0,0.0,0.37481523987892984,0.15823811075687583,0.3935109079899234,0.3109836466408815,0.0,0.1923726280443509,0.04664627951418937,0.44208753746457347,0.4662650910334334,0.16487275380825916,0.0,0.0,0.30900402880952005,0.0,0.0679854775891545,0.04500473253724255,0.008383804816603557,0.0,0.0,0.12029588636714887,0.0,0.35640494342733,0.3802932602157608,0.1226436097485579,0.3259439288114466,0.2574829248325156,0.0,0.30572195550351833,0.37189033347114486,0.2668595661940505,0.03571172276126592,0.35150811640790613,0.24118118716995457,0.00767405337548191,0.03133052674402613,0.03065597064699367,0.2701101638333627,0.3689842919639692
0.2487064673911179,0.3261686608785318,0.56493146297055,0.1362331815334456,0.0,0.46536768590593897,0.5662959559357122,0.45542452143105394,0.6622602255067809,0.5551078791419233,0.7683042303789179,0.520253022115842,0.3833383368715403,0.36943100983722704,0.3163580056803106,0.39098864267794786,0.6147374034764889,0.4788852672848435,0.28724005956869064,0.4993078916074176,0.22721484230186229,0.6227585775256024,0.4614653287941288,0.43846108123324146,0.5255773684145122,0.4535473638106591,0.3490721116816618,0.38417694384258066,0.3191972611127232,0.34794184890582214,0.27127433494221365,0.0,0.2320591797379688,0.2932546261538534,0.0,0.09214482479988247,0.0,0.35273527389192205,0.0,0.09285353525645902,0.06050489273302753,0.0,0.37632896226980866,0.010892030061306152,0.1925412075690245,0.09073768911771528,0.0,0.5165149402732364,0.0,0.5742065302750512,0.4275285637518455,0.4773122066577871,0.381269858233095,0.5710172646723652,0.3695942739249386,0.6806945861816533,0.5247818694600505,0.4195069440782886,0.2916950475591216,0.5311023685451146,0.0053899541279799346,0.28155849362705776,0.17026832728722208,0.2678416257387822,0.5024289979668151,0.22469672201733423,0.42590206445228596,0.46816475911137834,0.35457746656143196,0.2981795097881164,0.48445337668641075,0.54429109998453,0.4305229799802506,0.4058310153409226,0.24714867435906496,0.04883942517954981
0.15997080270393194,0.4407909828339916,0.8022845740501798,0.2643100045053364,0.46536768590593897,0.0,0.5549638126772986,0.7040178483763418,0.7973850640209363,0.4391723511220908,0.5316780947543597,0.5402404363128096,0.6687548497950035,0.4805290031241065,0.48202594899391554,0.3771029643421599,0.5986448323773137,0.32505261722429546,0.5286099565637589,0.7858552869633897,0.41839126303260243,0.7723782894952547,0.9055256173949937,0.4236438098553349,0.6541692762614675,0.6069443873832875,0.7014418713702157,0.37207969545145697,0.7731801209736227,0.29776629259990844,0.1448597247959699,0.0377525856995822,0.29820716656373564,0.1626124984192842,0.0,0.2276660467367912,0.0,0.28968122636024163,0.3744465292253435,0.2969771361763412,0.004113080761288357,0.0,0.42904808983740383,0.2569733780666396,0.09875869678367878,0.11771021652400539,0.22269282911145177,0.7179412559060682,0.0,0.5675493299520982,0.8837012046938162,0.4257053044760625,0.6214205113466356,0.787216457930116,0.23785783071413136,0.3553813170844426,0.45335704960109724,0.7136710777775623,0.28229126010045796,0.7243618108717182,0.15590293293593216,0.5131779624096673,0.39525584676679437,0.4175033918645537,0.6166755971886693,0.38969945415133955,0.5393584844937012,0.8456708478527373,0.34262692122511773,0.5795557205924398,0.840218346933159,0.7754726920772415,0.5891224674674642,0.6073000043021153,0.2890781703601139,0.2504617209998471
0.0,0.5565281201157664,0.4464110477678658,0.05240463586471622,0.5662959559357122,0.5549638126772986,0.0,0.39257843108846824,0.5701109375520964,0.445995010675959,0.5459931518765172,0.3253747494022768,0.5919838111934099,0.40428840892442175,0.01125830303928313,0.5197707181159967,0.6547131109941287,0.3803791108259375,0.0652422580327929,0.4013439093187375,0.16870953600463318,0.5961879569232857,0.37868909602982903,0.29331222989490124,0.3894957387005019,0.503966902198441,0.19684148325893513,0.3461528032423843,0.3878176015038361,0.4669954822194303,0.213840393845055,0.0,0.134619640187153,0.2309527761588454,0.0,0.10804230329093235,0.0177760066361006,0.3244546101143462,0.01708850446174552,0.10042684103235115,0.0,0.0,0.45103444388315983,0.07375724500734428,0.0,0.0,0.0,0.2938790435449988,0.0,0.5281636353591692,0.3965690594788319,0.5363717225848842,0.3384028456810947,0.5506259256485693,0.15877336143263204,0.23259289358312704,0.37613046245578446,0.5527253379232968,0.2754714671657883,0.26996382977862926,0.0,0.2268185490473186,0.11739045758825896,0.0,0.39750698242036897,0.14526065793665746,0.051485841219070266,0.39015586424845905,0.1271520051248259,0.1678136602633287,0.39843395443081464,0.5676199081894449,0.48064851802148034,0.35124696130187333,0.0,0.0058414806450183265
0.13863779805863433,0.28856110875146035,0.7496697784410746,0.11455755085231822,0.45542452143105394,0.7040178483763418,0.39257843108846824,0.0,0.7304731476556976,0.5821800074893355,0.5315936000827981,0.6374347366911087,0.5235265025460722,0.47283822374944223,0.3127158574315927,0.29682773535178086,0.5905164365475353,0.17185960081970816,0.5522594222730594,0.5909556548475128,0.5140121114892373,0.5915814872483618,0.8152531713850053,0.4780838180637358,0.3976832560372062,0.4563158037836553,0.5232103888911129,0.3287170052447246,0.4537266624859605,0.37499577806601897,0.27367012552489134,0.0,0.37850015509355295,0.23668662051946915,0.0,0.20732046369595947,0.0,0.3504399017088455,0.04825762937833654,0.15629023712429904,0.0,0.0,0.4595765571515257,0.07805539538641898,0.20230356502750874,0.10882373537414664,0.1056527202595357,0.6614361130349591,0.0,0.5762767622212441,0.6867904267198031,0.47835705246403415,0.8023839977600139,0.7285667435299552,0.41058239569731025,0.4519724986455134,0.6652894179307143,0.6069011817602133,0.38228511698095724,0.4847027482276967,0.0,0.30705682513276866,0.08059529486401852,0.478214736967921,0.4813777696629633,0.3652000952298775,0.2921229660464141,0.7302838717483917,0.4008370011455991,0.2566732378910719,0.5756373230654113,0.6056013206489654,0.4759959706810789,0.4292113339079542,0.1300648351985262,0.0
0.21839993138582336,0.5851012715839397,0.8189458772624241,0.06303598063295154,0.6622602255067809,0.7973850640209363,0.5701109375520964,0.7304731476556976,0.0,0.5614675244817363,0.7681206885786901,0.6289052501042733,0.7096712561686389,0.47280159767852115,0.300791287588316,0.5547068161403279,0.6990233551723832,0.5065723759704809,0.4558303540722688,0.7127133955023967,0.3492068928337159,0.8289385043764709,0.7083393420638332,0.5268888983638971,0.6375833511442699,0.7172856944030028,0.48464828278596517,0.5452950669573451,0.5747315208536016,0.5154854977113732,0.2654572917386381,0.0,0.3487284030819877,0.26752948714315017,0.0,0.2345957455430641,0.09155918316152695,0.43667852783145134,0.03495234124171467,0.22423986861407624,0.0,0.0,0.5085933606803548,0.1162345292091613,0.1838497001584907,0.03593941442255852,0.0,0.7009791367049096,0.0,0.7573088078346635,0.7220938946374045,0.5812961786910157,0.6315601856744939,0.9023400297033142,0.30712340262213106,0.597284183459511,0.6218196673070147,0.6036617343163684,0.3447605231912578,0.6091820066579999,0.0,0.38677767233215643,0.269068246420648,0.40551638442629945,0.6940904785051099,0.23654257650137123,0.4317744447004525,0.7076209947190182,0.49258447343584205,0.35034919061547853,0.7398498842745838,0.8287805906759445,0.5687443359848098,0.6776248837524177,0.12616637155712626,0.01764151908628167
0.0,0.229038933046309,0.5976026599887898,0.0,0.5551078791419233,0.4391723511220908,0.445995010675959,0.5821800074893355,0.5614675244817363,0.0,0.5200928795736548,0.3994065420463825,0.2471212051358247,0.16972807688152183,0.20079432387841106,0.4952240942336132,0.7485654717736138,0.3252467202486153,0.3500367152183207,0.33078921174799364,0.3685266747992147,0.3887144087101023,0.544008679493024,0.24470553675783072,0.3373131959635155,0.27249675688688424,0.41446388011976604,0.10290362008581078,0.2521786576494817,0.2665231423189224,0.3157077044048462,0.0,0.3507311851922491,0.3097423521699565,0.0,0.0,0.0,0.31821084368954783,0.0,0.0,0.0,0.0,0.30046818825323346,0.0,0.06506016765500658,0.0,0.0,0.4544851209112788,0.0,0.5374181273796574,0.578356397246534,0.5884253783834217,0.5645447870262772,0.6968437593192698,0.6908891218001517,0.47088668973143416,0.5879300708761571,0.6242651104135358,0.24081432319089258,0.4095384210704779,0.0,0.4122769937733987,0.07491272159670004,0.28315472605378844,0.3420062246282369,0.3865858805412739,0.14348908973549018,0.5764174029853859,0.17973271938014018,0.2538575754472898,0.41296047252715196,0.5975952825522349,0.5144370833935075,0.47404462673552406,0.023133926360165147,0.0
0.20758179145576988,0.41046172310821943,0.6631174412348881,0.0,0.7683042303789179,0.5316780947543597,0.5459931518765172,0.5315936000827981,0.7681206885786901,0.5200928795736548,0.0,0.5483378185700225,0.5167574840867595,0.35482862568233664,0.2094419281027561,0.3951696521677372,0.5856267143450139,0.4385559390082344,0.4435497746615874,0.5026685339868379,0.2585083276928532,0.5943316569410456,0.48206918722983116,0.435451530112437,0.4694998082596211,0.5269022235496635,0.3457801223415808,0.4877143156488874,0.35194580278900034,0.4418950605032669,0.22882170377333072,0.0,0.24289539897304263,0.25968748159530197,0.0,0.15354966746384352,0.05817538196340129,0.3243183159633523,0.0,0.16212812584952102,0.013269266745016661,0.0,0.4092583511212674,0.017614163073110936,0.1281526607338507,0.06324542942991321,0.0,0.6466360183551593,0.0,0.599591114845112,0.41711222834286504,0.47749496223041155,0.4764996003436278,0.6608561287093482,0.3343356559533276,0.7329984601135512,0.5621213347822063,0.40694583298700004,0.26214895985262165,0.4341882886859328,0.0,0.28993454368232774,0.19635088005232174,0.4099822137161005,0.5348914190250558,0.21869229485649996,0.3587825987757168,0.46037342442375473,0.3788553317857295,0.26094089803906106,0.5066045123549,0.6052005385508139,0.4624509453997292,0.4576519881173374,0.09153242702496783,0.0
0.03223322591666691,0.5828754592029601,0.44627848750515176,0.0,0.520253022115842,0.5402404363128096,0.3253747494022768,0.6374347366911087,0.6289052501042733,0.3994065420463825,0.5483378185700225,0.0,0.5825997266029863,0.5317258943235005,0.0,0.20787238763405375,0.5499035018283691,0.3990972852078111,0.27610072964558047,0.4173409892642194,0.06979143190421333,0.5839526716131589,0.5243718722366358,0.6792162128901056,0.5736289568373019,0.6878702447128355,0.11492177847647955,0.5457289992076222,0.12584744997840366,0.4434020520925993,0.017527253675937965,0.0,0.16430039407533778,0.0,0.0,0.3786261690698233,0.0987253838154404,0.3919702419520714,0.0,0.16548953455209087,0.0,0.0,0.537218623058885,0.23040427250440254,0.25450046923083763,0.0,0.0,0.43114788176246915,0.0,0.5224551137016838,0.4503042010917303,0.38237068659499396,0.4885789283968205,0.5297219666467365,0.34209613533408095,0.5076780742183675,0.7864314712295977,0.435674114783448,0.3987315209655361,0.3591450385034138,0.0,0.3570323581871836,0.06329286107718535,0.30122896039108377,0.6993842962129266,0.0,0.3671571930140672,0.47505715158575956,0.5015603805232469,0.09774760959907328,0.5663886594882378,0.5942545580446849,0.4895530013456808,0.37181089348814966,0.2729073896065985,0.0
0.11185008800469351,0.7217933717904528,0.45787652907703935,0.0,0.3833383368715403,0.6687548497950035,0.5919838111934099,0.5235265025460722,0.7096712561686389,0.2471212051358247,0.5167574840867595,0.5825997266029863,0.0,0.5149060882215406,0.0,0.4535191464541826,0.4426263736300161,0.36089265314456365,0.183040420491635,0.50275221550483,0.2770817703190259,0.6688070580015909,0.465721208686734,0.526098836630318,0.5358917979230432,0.7737197411616563,0.09560780795237045,0.7482989482448056,0.3679026216175275,0.649980469476595,0.12060472497124411,0.0,0.2729882634423737,0.1811073703449267,0.0,0.48983880575390304,0.28124825884626825,0.4542097081705258,0.013875144494274641,0.32476449898748694,0.0,0.0,0.5136749343320115,0.19077015734452638,0.12284726819840593,0.0,0.0,0.44998708305829305,0.029185306868332983,0.6324606172055207,0.45739218550748184,0.5540730882323315,0.4738037115922096,0.5947219700877928,0.10239660993109745,0.31387479657695444,0.5913651038745026,0.5565740326704213,0.3673847367634414,0.27958003206321885,0.0,0.3347970922768961,0.182327264634191,0.15568471625629385,0.639109474220674,0.0,0.22424267169137557,0.4245561370595411,0.42991737493749294,0.1662717735551929,0.6127839921686183,0.5867595886890471,0.5403797869546438,0.4561550990537763,0.044798767818481355,0.0
0.008720940299125068,0.37633909779521446,0.3725170002348392,0.050013567516970975,0.36943100983722704,0.4805290031241065,0.40428840892442175,0.47283822374944223,0.47280159767852115,0.16972807688152183,0.35482862568233664,0.5317258943235005,0.5149060882215406,0.0,0.06974384123815344,0.20851787111766676,0.4111491666988461,0.13817083458450663,0.25124594492385444,0.4701574665951243,0.08118926917794969,0.5077507107735276,0.4989198220826273,0.46053064338695915,0.350043901518247,0.42820492204973315,0.18365542103385613,0.42556508646319213,0.15832710232545813,0.3242016308044713,0.13642820455261537,0.0,0.10402062863334205,0.06841609371496492,0.0,0.40227254212558416,0.0605411763835131,0.24247573986806975,0.018354580434133433,0.1682604272222268,0.0,0.0,0.5216033620339313,0.16529560129053597,0.18354245022764448,0.0,0.021856195851015975,0.318840110016543,0.0,0.47632067245409127,0.3134922895021249,0.3540826022296536,0.3364181130515024,0.39469909454155744,0.05883246762157211,0.2518195652965302,0.4598014371841523,0.2924710420493962,0.5554367700549863,0.22819819896997995,0.0,0.04762743350789946,0.0,0.21068625130360197,0.3376347824331169,0.0,0.10869861658864952,0.3790843990946273,0.2655858058400407,0.04465903065311002,0.29333241193512616,0.3131265136542188,0.2551480673614029,0.07032121176616203,0.040634599273478025,0.0
0.40226826672886423,0.0,0.5132481974754761,0.4448879962016612,0.3163580056803106,0.48202594899391554,0.01125830303928313,0.3127158574315927,0.300791287588316,0.20079432387841106,0.2094419281027561,0.0,0.0,0.06974384123815344,0.0,0.05350584166186234,0.15837540838302477,0.012876531272471625,0.5317256338013042,0.6573634490089652,0.46716340264832124,0.42443284855184993,0.5590805420046724,0.07110617231679234,0.22543750500794119,0.0,0.7936346762025968,0.0,0.7308690126888739,0.0,0.23851602455051663,0.2578711082841185,0.2257622285797709,0.32616809454256945,0.0,0.0,0.0,0.0,0.44415023037212326,0.17729424130308621,0.3233746453585122,0.27866404809156076,0.0,0.020359836474876825,0.08818638594928441,0.5859709271881983,0.7767809802851409,0.4633189513192447,0.0,0.0,0.5318848746359757,0.0,0.2877819143568895,0.30984547417454866,0.12523976111385665,0.269089574161693,0.0,0.230442171042153,0.0,0.7638125446957629,0.49614359125181184,0.20995925566708673,0.3325223006590527,0.4959820227800545,0.09387094325867817,0.637948904085131,0.6247505972843378,0.5291767809064953,0.13307697887772918,0.6197691418866621,0.4237659988088634,0.17928339379304364,0.12120747560607878,0.2181967250309773,0.316261981638884,0.3436574625670416
0.2773538966125306,0.4893542722467234,0.4219562028885842,0.0,0.39098864267794786,0.3771029643421599,0.5197707181159967,0.29682773535178086,0.5547068161403279,0.4952240942336132,0.3951696521677372,0.20787238763405375,0.4535191464541826,0.20851787111766676,0.05350584166186234,0.0,0.5778930840572721,0.6290688027053093,0.14241272579631178,0.26638487481530715,0.16377020452525606,0.5240013339997885,0.24653290562501498,0.2519343438631236,0.3836189852675608,0.5269714697255583,0.16420257585100065,0.4625732417485807,0.3479366389688747,0.5270042683813102,0.5839971926229209,0.0,0.29988695056393094,0.3538087975429196,0.09892884240271531,0.003092963548081182,0.15399062952277892,0.41007806222630794,0.0,0.0,0.025164337636298995,0.0,0.28483692882975403,0.05197506466054563,0.0,0.0,0.0,0.2333527805034247,0.0,0.5178011407358091,0.2851313700718222,0.5121186134657303,0.22180565995263088,0.5634003366964189,0.2302588568470071,0.21258134774139287,0.32117927154957066,0.3881213228200945,0.33576912186468955,0.2448032068743229,0.16206020019529171,0.30144848956383186,0.3264930367106376,0.14368726382790867,0.3208010124578954,0.06503058252419175,0.09080701631728022,0.2586057823492934,0.22503391690769348,0.10634511200596591,0.39658793428949113,0.4838016236337711,0.42887300367251113,0.4568461913906022,0.0,0.07704904318185798
0.0,0.46036809968160247,0.6083838914911809,0.0,0.6147374034764889,0.5986448323773137,0.6547131109941287,0.5905164365475353,0.6990233551723832,0.7485654717736138,0.5856267143450139,0.5499035018283691,0.4426263736300161,0.4111491666988461,0.15837540838302477,0.5778930840572721,0.0,0.538152992145112,0.3041925892788872,0.46987337864150086,0.29063068833510247,0.6303925393754162,0.5758162626229102,0.45883992228472975,0.45756433248787864,0.5507692981335398,0.351524420019786,0.2955808275509393,0.3548983721793903,0.39242988580500915,0.34134990238738905,0.0,0.3616329938689781,0.27103010484586454,0.0,0.02452545779485045,0.0,0.40670259259608954,0.0,0.023734724632292675,0.0,0.0,0.4477967377091457,0.11402337379715552,0.070441319108911,0.0,0.0,0.442650230781124,0.0,0.5517965378847862,0.5850528015697806,0.525994823822675,0.5095789798647979,0.7036958125555763,0.4216573729387316,0.40259396194808267,0.5550853657779394,0.6137216871265052,0.3240110300968991,0.46230506730794674,0.0,0.34060891317873765,0.07461491720839403,0.2448062673877911,0.4958535345108246,0.22378322125237318,0.19077592165912532,0.5941282819359244,0.2529256544466229,0.21236290128832627,0.5189880328373655,0.67666087706836,0.5528896367286102,0.40988845371643123,0.05022995059997576,0.0038532158075822998
0.3552302554090944,0.6037975935010603,0.28806142696214726,0.0,0.4788852672848435,0.32505261722429546,0.3803791108259375,0.17185960081970816,0.5065723759704809,0.3252467202486153,0.4385559390082344,0.3990972852078111,0.36089265314456365,0.13817083458450663,0.012876531272471625,0.6290688027053093,0.538152992145112,0.0,0.01980871624179778,0.16061423951198342,0.07955038004907894,0.4795972899156243,0.18673221774553597,0.40777772965798254,0.6751026043244344,0.6703947288136168,0.01861818960081696,0.41395634879017196,0.27685672386402804,0.3444083285492936,0.29829784982038654,0.0,0.2067926066755132,0.11749718277215897,0.0,0.0,0.05196965061255704,0.28950659198906004,0.0,0.14858428588128347,0.14069534162328032,0.0,0.1173415287697758,0.13652099850891142,0.20329950569297892,0.032509809426944314,0.0,0.1762242459820777,0.0,0.3038846594522272,0.20329473659891037,0.18532051518559664,0.12803882216692916,0.3494399259480607,0.1427768763115727,0.2835522692599179,0.27501177569659807,0.19812142207162248,0.0,0.3480160263262106,0.2882207981213807,0.27239196305497626,0.42638812988173447,0.1198509593814713,0.4767313389353911,0.0,0.3247831366954163,0.23153809066738484,0.30979998984786605,0.22435092905725032,0.4866145254380229,0.520481482274041,0.32414889274983183,0.5111658588335088,0.2974079853724976,0.27837187812735653
0.23220267458460062,0.0,0.6669846956432203,0.30835910862261295,0.28724005956869064,0.5286099565637589,0.0652422580327929,0.5522594222730594,0.4558303540722688,0.3500367152183207,0.4435497746615874,0.27610072964558047,0.183040420491635,0.25124594492385444,0.5317256338013042,0.14241272579631178,0.3041925892788872,0.01980871624179778,0.0,0.45678500848651354,0.42928367281026547,0.29989470459830914,0.6826033599711339,0.19110872949860355,0.22095584889228553,0.08398035978976395,0.6163292410176355,0.0,0.5130611120265818,0.057018064994453055,0.14231556545127066,0.10913646383403688,0.26684681035914537,0.2564013373003191,0.0,0.013648635045611313,0.0,0.0,0.20599486503188516,0.08538810660331489,0.0011534001656450937,0.0,0.13871547794528807,0.0,0.08573659738019893,0.40089021517893164,0.48735562450263037,0.7272127904298328,0.0,0.24614032713776113,0.6211351666529461,0.17289921485240917,0.5562109437087017,0.4748907814344595,0.4120030401304108,0.44989913669736753,0.33712189680392923,0.36600916459543226,0.21279847547945513,0.4917325203932449,0.11162750415546828,0.33625843112356874,0.2436670616786353,0.8804711211590989,0.12748774058908302,0.5275800781554993,0.3304628426780707,0.643071184364269,0.2849971300357962,0.45224940638725364,0.46705052227968585,0.2818776121738995,0.22260805907344827,0.3013504405527164,0.17514180335244062,0.0027203665458416515
0.16105616081216287,0.13348024808800732,0.7236126369572483,0.2723373687011298,0.4993078916074176,0.7858552869633897,0.4013439093187375,0.5909556548475128,0.7127133955023967,0.33078921174799364,0.5026685339868379,0.4173409892642194,0.50275221550483,0.4701574665951243,0.6573634490089652,0.26638487481530715,0.46987337864150086,0.16061423951198342,0.45678500848651354,0.0,0.32731814961665523,0.8594932412808616,0.681305258913288,0.3364324278657014,0.3825965208512255,0.4000652710187909,0.7679642900867424,0.4044241726646195,0.7526118697359137,0.31437022830143024,0.29253278256862447,0.011894771519609465,0.2736363246525977,0.18754822717631375,0.0,0.2518679799698715,0.09306449924115003,0.18670950060548877,0.2817233230965175,0.26514814084466287,0.04938791080586383,0.0,0.4163891414129708,0.17808899213553614,0.10913328856816346,0.14826138419269871,0.4570099209360414,0.6267521864846562,0.0,0.4385341768215035,0.7253141757237112,0.352227737204317,0.44904968897451414,0.6901136658264518,0.1864687234252113,0.4186092476465293,0.36447491459549586,0.5322973298073117,0.34699636991145616,0.7327881554015243,0.19360468996722757,0.34145451876661914,0.3511858551069138,0.40933984815709934,0.5946015964549815,0.3269106174503986,0.6734812938321252,0.611336855387375,0.30884756833945093,0.499106652920543,0.6290213551820122,0.5412762762150412,0.4244974682712074,0.37925267042024113,0.17654818873970596,0.17803590184379797
0.4630443614743135,0.0,0.5615159951832079,0.2096063006666426,0.22721484230186229,0.41839126303260243,0.16870953600463318,0.5140121114892373,0.3492068928337159,0.3685266747992147,0.2585083276928532,0.06979143190421333,0.2770817703190259,0.08118926917794969,0.46716340264832124,0.16377020452525606,0.29063068833510247,0.07955038004907894,0.42928367281026547,0.32731814961665523,0.0,0.26392974188118046,0.5194957020647794,0.23411173610823882,0.26466846056906623,0.161273318244676,0.433749515688274,0.08227271359810862,0.4760048207428332,0.12170325269951968,0.29247831826804704,0.28354799441489664,0.40756492957643886,0.4782475424004843,0.20319329897873167,0.0035607803016249606,0.0,0.14926948154741032,0.28303575113215296,0.24487360166738184,0.2171404658227906,0.05652916123212842,0.028063757280326174,0.0,0.1697688242693332,0.5137083857090821,0.33113625256431817,0.5470832600697295,0.041655291405801764,0.17369526544775582,0.4245936105923081,0.1332771712721844,0.5552763463378481,0.38373457128733574,0.17087568622292917,0.20770581585719836,0.15547493773923973,0.3576459423062687,0.003190636501033378,0.41127075493064563,0.1614893368313752,0.1253927815854646,0.11838504859450188,0.3919502888115443,0.09300327730424646,0.7531014789326739,0.24468171352355084,0.4689656822823847,0.25072128567678953,0.34509124338363967,0.41264653769490584,0.25250633635310743,0.24613821332540714,0.3502150125977894,0.11078390513877935,0.0785242639680919
0.2054391345735722,0.5254546519516488,0.6708829027938588,0.13429957582687407,0.6227585775256024,0.7723782894952547,0.5961879569232857,0.5915814872483618,0.8289385043764709,0.3887144087101023,0.5943316569410456,0.5839526716131589,0.6688070580015909,0.5077507107735276,0.42443284855184993,0.5240013339997885,0.6303925393754162,0.4795972899156243,0.29989470459830914,0.8594932412808616,0.26392974188118046,0.0,0.5916260910516644,0.539009548836286,0.5786572192638317,0.6892896381341596,0.5212130410122225,0.5788525234583174,0.645955718554241,0.5186894055312785,0.3267212869462878,0.0,0.25696794911065124,0.18849576909736973,0.0,0.2719963444351182,0.1894601716323599,0.3431258905749233,0.11009832950626201,0.2772211011861135,0.034051670853581434,0.0,0.49753784277252366,0.1748156798753297,0.10679858095595046,0.0,0.06628016495769795,0.5404195600630357,0.0,0.5632647138296277,0.6213695881457932,0.445685021380421,0.45431711548219184,0.7383191311378573,0.19487457913807932,0.45306630480181753,0.5001292440784239,0.5382393845766742,0.36977313539317447,0.6671861508081679,0.11118137043138399,0.3766961631006594,0.3287878987771785,0.2801677003310766,0.7557733386644319,0.1363365992947035,0.6242527723409049,0.5515139465305327,0.41265709788319016,0.37879921425717283,0.6980384346497417,0.6675836683472351,0.5067444322137968,0.5085179510550426,0.1934240601303419,0.1950629198947197
0.17603903768542592,0.18262364067963843,0.8122246965907112,0.3053154634318474,0.4614653287941288,0.9055256173949937,0.37868909602982903,0.8152531713850053,0.7083393420638332,0.544008679493024,0.48206918722983116,0.5243718722366358,0.465721208686734,0.4989198220826273,0.5590805420046724,0.24653290562501498,0.5758162626229102,0.18673221774553597,0.6826033599711339,0.681305258913288,0.5194957020647794,0.5916260910516644,0.0,0.3950632648349968,0.5033056882624173,0.3882134482020355,0.7464536367352474,0.16999507349012857,0.6740891784730276,0.17386219644303,0.22701425616590443,0.0,0.35150544151514185,0.2596979856825968,0.0,0.13466901484207544,0.0,0.21884236787293432,0.24954140711711562,0.190214105609674,0.0,0.0,0.4101154391154108,0.1476905449517526,0.1756086262795365,0.24079786564203767,0.3542270866260108,0.7428945995484552,0.0,0.4791090473518296,0.8582035307116959,0.40001788394258647,0.7534201623133248,0.7131103827006039,0.4026525947881033,0.4289217345437315,0.5088643741378064,0.6417691982845608,0.33257487813094594,0.6807604426500717,0.035678583900153577,0.38625971023519357,0.24542867436812607,0.5950592971607813,0.43171570385948826,0.5255917084384033,0.43543268061595464,0.9042676565634737,0.3161434019366572,0.5006291864803993,0.6854689301822414,0.6543849500192948,0.4663372675739085,0.5071609191244876,0.24479090002920073,0.1038786803889166
0.4135776246135489,0.578472802414211,0.3276111170096231,0.0464415375935662,0.43846108123324146,0.4236438098553349,0.29331222989490124,0.4780838180637358,0.5268888983638971,0.24470553675783072,0.435451530112437,0.6792162128901056,0.526098836630318,0.46053064338695915,0.07110617231679234,0.2519343438631236,0.45883992228472975,0.40777772965798254,0.19110872949860355,0.3364324278657014,0.23411173610823882,0.539009548836286,0.3950632648349968,0.0,0.6675629585653591,0.7095173481110093,0.0,0.5617444504461859,0.11055088914217429,0.39212625021895287,0.134819216259572,0.0,0.2598896199191105,0.1016037890271081,0.0,0.39920770927741034,0.1409549603478644,0.3493907630128372,0.0,0.35852593621426676,0.13777835538899916,0.0,0.4325359613038591,0.13797274237391788,0.2971802931354084,0.14296843631608927,0.0,0.3134153818762418,0.0,0.3846856909487024,0.26262930676359225,0.20977641358812338,0.44787539251455494,0.36216704740851774,0.16798552549499857,0.40151744899691566,0.6135032604937505,0.28220994916524333,0.3849720881252754,0.3056602529026421,0.0,0.20217736876657053,0.021838435725388405,0.1992922763028391,0.5574510703970768,0.0,0.30475074521342527,0.34421053186340866,0.7138080217138513,0.13655613308682024,0.5558495763225457,0.4028502059192395,0.3311221598790272,0.2320350020089053,0.26918492071922856,0.14200071139467868
0.3904205539672335,0.6517959409781456,0.40248729142375383,0.17640560086275536,0.5255773684145122,0.6541692762614675,0.3894957387005019,0.3976832560372062,0.6375833511442699,0.3373131959635155,0.4694998082596211,0.5736289568373019,0.5358917979230432,0.350043901518247,0.22543750500794119,0.3836189852675608,0.45756433248787864,0.6751026043244344,0.22095584889228553,0.3825965208512255,0.26466846056906623,0.5786572192638317,0.5033056882624173,0.6675629585653591,0.0,0.7587485527722502,0.24060327943347834,0.47487599865879154,0.427615284304147,0.26072946482020787,0.10366443137533357,0.0,0.20498250358082973,0.09952641276394458,0.0,0.3173514678709614,0.07409036385162374,0.2924015272473807,0.15067553394346306,0.3380208859937695,0.2523628535113715,0.0,0.23789611285036577,0.1578196357272255,0.28421066471524625,0.158065265669441,0.0,0.42851253055611516,0.0,0.394719760681679,0.47507058507667954,0.24023736856662353,0.3573059331281526,0.4729230115728811,0.21877410822572602,0.4133718222347784,0.4163888255257381,0.36326279406198503,0.0370043364565243,0.5247566019139398,0.2593678900670251,0.4713143479106387,0.37303107510936123,0.19740730324131026,0.6481408475296678,0.10497386972602135,0.5511266109020206,0.5083420633717598,0.44725165088712726,0.5438428694274108,0.7457067785378997,0.6362888303251193,0.3919242006979137,0.5608394133531887,0.4432621308341159,0.36077452677923855
0.2577197158543208,0.8894930437538493,0.4118210094637649,0.0,0.4535473638106591,0.6069443873832875,0.503966902198441,0.4563158037836553,0.7172856944030028,0.27249675688688424,0.5269022235496635,0.6878702447128355,0.7737197411616563,0.42820492204973315,0.0,0.5269714697255583,0.5507692981335398,0.6703947288136168,0.08398035978976395,0.4000652710187909,0.161273318244676,0.6892896381341596,0.3882134482020355,0.7095173481110093,0.7587485527722502,0.0,0.0,0.7557015591145273,0.3075457997413027,0.6101561205004695,0.18226568882232755,0.0,0.251320181408162,0.11473729434406346,0.0,0.4612978891072646,0.3311359656198243,0.5349171366812939,0.05471855644762119,0.37322989360429804,0.13767205288446532,0.0,0.46366163668612237,0.2716835284635538,0.1994361703085001,0.0,0.0,0.3393608646519354,0.0,0.5173984102574336,0.3592383346847922,0.36966992515733177,0.3533957753773146,0.5370075395465241,0.0861365937459358,0.2998924818122723,0.5663975658416367,0.407694537343761,0.240911972147354,0.32023130184885246,0.0,0.32876867467715987,0.2252524311234139,0.09228489048272284,0.7615883397506007,0.0,0.3534587624893894,0.34290177329476124,0.5674894371276075,0.14115039730408213,0.7041919199789182,0.6464859463268509,0.5361532000911721,0.49883760718902037,0.20956430694265252,0.2092347474669387
0.1808133477759049,0.0,0.7082255101418238,0.43130346652344015,0.3490721116816618,0.7014418713702157,0.19684148325893513,0.5232103888911129,0.48464828278596517,0.41446388011976604,0.3457801223415808,0.11492177847647955,0.09560780795237045,0.18365542103385613,0.7936346762025968,0.16420257585100065,0.351524420019786,0.01861818960081696,0.6163292410176355,0.7679642900867424,0.433749515688274,0.5212130410122225,0.7464536367352474,0.0,0.24060327943347834,0.0,0.0,0.0,0.8229374363287489,0.0,0.22218542650321388,0.09659129837914275,0.23155022236595862,0.24478719706398916,0.0,0.0,0.0,0.0,0.5045378993623358,0.07348605535881939,0.031667466633957676,0.0803896373337159,0.17206525583286003,0.11760377037212841,0.04107530261899328,0.3982911625790664,0.7307564938947119,0.6177573909971534,0.0,0.24688521546500172,0.7917814719971094,0.19657401487049367,0.41874186724606516,0.5857448073247289,0.28990487795960584,0.28284852990171083,0.10382365446651516,0.4798368413027111,0.0757380282295641,0.7369429655326307,0.35690931008748145,0.35917308113769564,0.4027225847317732,0.5195757849273758,0.23280101721101637,0.632362023096177,0.5911780316541657,0.7019707703751594,0.06257396643654167,0.6551671873037854,0.5045081873229335,0.48370473614437204,0.30580008840012346,0.3980334101295736,0.22837537534615135,0.25018070557009464
0.20568077759303516,0.6488801173415265,0.2852237863446835,0.0,0.38417694384258066,0.37207969545145697,0.3461528032423843,0.3287170052447246,0.5452950669573451,0.10290362008581078,0.4877143156488874,0.5457289992076222,0.7482989482448056,0.42556508646319213,0.0,0.4625732417485807,0.2955808275509393,0.41395634879017196,0.0,0.4044241726646195,0.08227271359810862,0.5788525234583174,0.16999507349012857,0.5617444504461859,0.47487599865879154,0.7557015591145273,0.0,0.0,0.13261330753246597,0.6701438303657391,0.26178474876889607,0.0,0.21215998586097912,0.19393582486983602,0.015770358015517683,0.569918884326414,0.5152624003449602,0.4767465010950907,0.0,0.3353498028379953,0.1443285177610471,0.0,0.4313006760232386,0.1357339019956311,0.20806374944070366,0.0,0.0,0.3074503482144237,0.14387128453576595,0.48981446355322156,0.14876573527703016,0.4318269472047997,0.20872923562868062,0.40845904951705814,0.030992452337273768,0.3592080387563217,0.5271397903110683,0.2636423330701324,0.38753715160738456,0.16017701902947584,0.0,0.23706636696757533,0.2260157623651905,0.04700337966580587,0.642852447883073,0.0,0.27758583276624615,0.1294515159509889,0.4800685727923856,0.0,0.46254190879806734,0.41887230534237424,0.44035704473238585,0.3721689342018091,0.06395616744685137,0.0
0.332107216846375,0.04233936626857865,0.6724657321639174,0.4324142449870541,0.3191972611127232,0.7731801209736227,0.3878176015038361,0.4537266624859605,0.5747315208536016,0.2521786576494817,0.35194580278900034,0.12584744997840366,0.3679026216175275,0.15832710232545813,0.7308690126888739,0.3479366389688747,0.3548983721793903,0.27685672386402804,0.5130611120265818,0.7526118697359137,0.4760048207428332,0.645955718554241,0.6740891784730276,0.11055088914217429,0.427615284304147,0.3075457997413027,0.8229374363287489,0.13261330753246597,0.0,0.09478440614976469,0.25092043166983435,0.2045667078615981,0.2505543676846953,0.24218401897019873,0.0,0.0,0.0,0.03299669504783988,0.5425462761544049,0.28327593052734856,0.2426944456536443,0.08342934316980773,0.13352614981060384,0.11222833361096464,0.0,0.40815859741214006,0.5355938577209833,0.581925239285772,0.0,0.2284383913542867,0.7246317310387329,0.11436901668808175,0.39132197319129913,0.5698717190329908,0.060063265373085845,0.19256023745745426,0.05571920835202983,0.4611794775141699,0.0,0.7587883091531042,0.5022699308789693,0.3840500861369058,0.5653928074897208,0.4549967131128936,0.2978519203914756,0.5328776864461024,0.6098761090997067,0.649931623021957,0.17297368273549676,0.6823977686173652,0.6896827652215773,0.4991165579083944,0.34440112218667096,0.530655520421329,0.2773776047349497,0.4027404446035118
0.08361859239498673,0.6539609239135745,0.3490461343809807,0.0,0.34794184890582214,0.29776629259990844,0.4669954822194303,0.37499577806601897,0.5154854977113732,0.2665231423189224,0.4418950605032669,0.4434020520925993,0.649980469476595,0.3242016308044713,0.0,0.5270042683813102,0.39242988580500915,0.3444083285492936,0.057018064994453055,0.31437022830143024,0.12170325269951968,0.5186894055312785,0.17386219644303,0.39212625021895287,0.26072946482020787,0.6101561205004695,0.0,0.6701438303657391,0.09478440614976469,0.0,0.33257558882482213,0.0,0.15681763140166344,0.2792165579066577,0.10735312219655714,0.31245027779576506,0.3252536589458196,0.42407609667411356,0.0,0.08099504384868064,0.0,0.0,0.3728379893629538,0.0072078016830854075,0.08218008890509246,0.0,0.0,0.30216654416637845,0.07927364927288243,0.5353483633350498,0.17417728433649832,0.4919388146561462,0.27766798112729846,0.4613342107801832,0.18598718736904277,0.32136551732175295,0.49778355183760603,0.3352556102587073,0.3352098318225769,0.12922946911229172,0.0,0.1625780418213546,0.07190342530294053,0.10667949394565315,0.49536582090844494,0.0,0.044997414025384985,0.16124269675198094,0.36452494771343846,0.0,0.33235326380441077,0.44248453850067676,0.38005136844055504,0.36301046562745276,0.0,0.0
