0.0,0.06724817116854703,0.2315590897881817,0.11932770655690356,0.31412656598503075,0.0,0.3417254400385467,0.0,0.3210353219475296,0.4529518067678452,0.24715717378623606,0.07879108426744308,0.1480027906495031,0.09937752237376345,0.28765645011237867,0.34564540517201076,0.40386473252268495,0.2174421940343907,0.18436793715051195,0.3159803953110503,0.42576134932386367,0.3709162989953204,0.08439299326211519,0.2624845782355182,0.45308139232646016,0.3390341474849194,0.2947522457997942,0.3270031611414512,0.3101696261747166,0.18368406055961994,0.32406157723754037,0.0,0.22446714156401507,0.2796208476906721,0.11956857126362774,0.0,0.0,0.28158326354999125,0.06011954255269247,0.06965638273022454,0.20008078115129344,0.08108420530089688,0.07886986492451428,0.09094268674903806,0.12419903238725977,0.701939711158491,0.06136852643408364,0.31970940114805757,0.058597734109452,0.22958547439754268,0.08734387040764074,0.1553771647302213,0.0,0.3706335990051978,0.346580179381161,0.2137918636609195,0.0,0.23388348544317206,0.054525698592304696,0.1829333077846583,0.37535874224996957,0.38477754844423884,0.4071364395247914,0.34427587233114676,0.20160605578355917,0.31389987371842687,0.36805421375950087,0.10477104957080319,0.13134530540080427,0.4328889941615484,0.21617488456588216,0.38286766843009196,0.43811920827048084,0.4208070325941708,0.1821635248977366,0.36989885749877943
0.06724817116854703,0.0,0.0,0.18673029177495573,0.0,0.5620958607620253,0.0863974167112867,0.08575700249328899,0.0,0.16530989277075736,0.0,0.32544698900609154,0.5641818320460708,0.021566706423974374,0.0,0.3847729027942129,0.4826714685143329,0.6216313914491067,0.1297415101722259,0.0,0.0,0.19416056182809616,0.011586498327636308,0.1636146432868443,0.27105657662235566,0.7831688170915652,0.0,0.1355821096367374,0.0,0.0,0.0,0.3689066229727549,0.34014148101013747,0.0,0.023500767301189714,0.18847150497625836,0.23675411385460204,0.0,0.4307860744459162,0.3579725405808386,0.14000017967720324,0.0,0.02207750716680612,0.0,0.0,0.0,0.3633295249783613,0.0,0.0,0.0,0.38885457597518863,0.0,0.1253414959962804,0.0,0.09218019898564567,0.0,0.22489098480141365,0.2572951938072846,0.0,0.0,0.20295119684887364,0.40247560110693176,0.4496947273262393,0.08786788173800109,0.1492203314515839,0.0,0.15579040763372004,0.023832471321853954,0.0316838102762792,0.1854574425471415,0.4689702555969044,0.18473447338226662,0.0,0.0,0.0,0.0
0.2315590897881817,0.0,0.0,0.0,0.5594143472191108,0.22562426525650137,0.3518295581158611,0.18866021960025442,0.815266199847222,0.3356021857285904,0.7374615955339351,0.12070796350035745,0.1825337999091139,0.083218958087035,0.4735706412439731,0.09686710335939297,0.1755732237035898,0.10598777288111608,0.6827202868623494,0.550866366946257,0.24968670876276866,0.5373228695462675,0.38265856683877997,0.2008366602328423,0.1355659174137328,0.05603343843968933,0.7260973294599316,0.1668075182008399,0.27489833988006784,0.02762160129722019,0.09051933845679827,0.0,0.17505730226180283,0.0,0.0058925607681707785,0.0,0.0,0.24001499399284587,0.02263511576646228,0.11786686094568333,0.23962214190741687,0.0,0.06937179325802484,0.1785338815209502,0.20948789344867802,0.37308938621590154,0.263695816185442,0.6730014105497416,0.15639383929508444,0.4908550907965181,0.04348435192143585,0.18479917751363997,0.0,0.7994783660902178,0.3385414434740259,0.5431516891951931,0.11580313783344401,0.27962537501637097,0.18750012513942566,0.43071708905661454,0.2081038267192322,0.136291490823227,0.10138695926955194,0.7130367622619445,0.2871899818465201,0.09001823170952061,0.541703555858153,0.21526374465772607,0.1247839115968285,0.20375728638004242,0.19693850239125463,0.4730532954129093,0.4090493736341794,0.27536788430148484,0.36132186394666344,0.4704475429268214
0.11932770655690356,0.18673029177495573,0.0,0.0,0.13122192526379395,0.13263387358208753,0.29623702968313215,0.0783701601701189,0.0,0.2421267614861443,0.0,0.27541971004809374,0.2228300440371052,0.3612826164764817,0.22226594684509626,0.007248748812013206,0.14034435610694562,0.14844984152430335,0.015086265394924192,0.07019896171925709,0.10098293088018727,0.15998250821891766,0.0,0.10787648392389601,0.0,0.16871239961334283,0.0,0.31647493517858893,0.0,0.11678207577323932,0.15329533197919654,0.10646599203511584,0.0,0.06932171986860088,0.0008719309566214695,0.43929139276067364,0.3704997891406786,0.07000111416774316,0.1172747693628411,0.0,0.0,0.0,0.28150039303767455,0.07267621916031286,0.0,0.008849200129561322,0.06310347395763834,0.09859185722329987,0.0622780503397152,0.15360128703398593,0.2885507280558957,0.19611161512083075,0.1467894710596603,0.010226320487838975,0.15712924261268635,0.10902312884251833,0.210080698636124,0.21015091452127105,0.2772596918454587,0.22751186249031752,0.014761479553314402,0.07511861084086738,0.18885621785205922,0.02373447495858569,0.24434638202538322,0.10254846508751238,0.15118064882476173,0.07312572482131144,0.1270291965452634,0.007841682745767686,0.08689813873715549,0.15330067871536557,0.20601020606841358,0.009407288782753917,0.0,0.006827697271332575
0.31412656598503075,0.0,0.5594143472191108,0.13122192526379395,0.0,0.31985391398795565,0.6045583867211138,0.28339789385629816,0.5831741969374241,0.42141256382217795,0.5986852215692852,0.26669531213267805,0.3877353559316241,0.29536764606892607,0.3578800419751141,0.10545599906109956,0.2272625194348578,0.14459832857585184,0.38959287509392887,0.43251139046302156,0.33283888912241977,0.4805617500669915,0.30851024055887777,0.20466215813287472,0.040736138127766525,0.0,0.40101335825692824,0.44313346870321685,0.15171060263081754,0.22371928148856318,0.2587617877197786,0.12237036816776524,0.2291538988051036,0.15474182775187956,0.1867930779256458,0.11935942259635272,0.08964026112229809,0.3108812640638667,0.10976397172992829,0.1407766289341168,0.35361409205155137,0.07198465676834165,0.2522245021062696,0.2762991984941332,0.14489122464928522,0.4692336478288134,0.40898042658885214,0.5476477344362561,0.4018291152574363,0.7451061458484738,0.27876845270052264,0.4677596508248647,0.12364114789397268,0.7003096614564531,0.4735899705554869,0.5593021585867238,0.1964673379103991,0.48962653419754965,0.32118472215274857,0.23842512754784187,0.2112886543214279,0.2652939454492379,0.19619305780243992,0.5272412294078074,0.18578236767556186,0.18109408194304688,0.46546154867205325,0.20798669331341352,0.13895346609576342,0.3173985187128815,0.19199573715346593,0.3221599462750498,0.570134065201937,0.2060225042511624,0.39877505389674844,0.5134027101700847
0.0,0.5620958607620253,0.22562426525650137,0.13263387358208753,0.31985391398795565,0.0,0.3742499823883338,0.6449041612843597,0.03729717124237519,0.37566991646895137,0.04036379496993009,0.6129469356340189,0.5837882708428195,0.3177971670688605,0.0897083438957279,0.05218997697618083,0.3487542736309535,0.3700314700879727,0.303502687819329,0.2926491343115849,0.2320867686184733,0.41785395075390586,0.5072440150457729,0.4974967606268189,0.023466911735230522,0.501795578585123,0.1695984788633777,0.18590519162825847,0.0,0.0,0.0,0.30802061165936234,0.2906976386322883,0.028721201306295394,0.09899131797566936,0.23039600679839034,0.22210693949321642,0.1472321820165467,0.4749148117195647,0.28817927669358806,0.19364551904372135,0.05704553737876507,0.16744795105712273,0.03260144557436369,0.12987779764641072,0.06229325402670283,0.7166559720828833,0.14875499799906788,0.0,0.302012548580864,0.7698986331208238,0.07927479751177019,0.5077190080745548,0.20033132239081974,0.45462119665286677,0.14453298793926356,0.5629511290588429,0.6061242785618659,0.19420004354608822,0.14329983830173712,0.17387877974324822,0.37467317453768045,0.43989125726221434,0.32044463043299204,0.25755477231977103,0.16569136935088777,0.3971499240616278,0.41143345480561133,0.41748742577727427,0.3823652871473051,0.6607140827765559,0.39254056406646876,0.32711408062076974,0.14231445547190152,0.23087354792385992,0.09251404246959896
0.3417254400385467,0.0863974167112867,0.3518295581158611,0.29623702968313215,0.6045583867211138,0.3742499823883338,0.0,0.1825452999840813,0.43105499780436135,0.5987320038046562,0.31685546409340026,0.3034779700190603,0.6192513482537779,0.23506863307694148,0.4513511043809195,0.28647864289056074,0.37563543557720896,0.40004455082973245,0.19429464871362212,0.5403142428151182,0.506721438419981,0.6056394956977844,0.1103372395584675,0.03605579075253239,0.2823976878777955,0.03998797811189825,0.42736983180428695,0.48260954309934945,0.39296978165483676,0.1780107643202329,0.3259703890043382,0.11774901204344326,0.14260723259496333,0.22281158546326552,0.14952124876056602,0.22686684166638044,0.13971650794500703,0.1995538421551147,0.15471272449921086,0.006904317867436088,0.12125723428523064,0.06279033545895912,0.20795879944898227,0.2396472971289213,0.20778189171978398,0.3590783386161598,0.4087108750931946,0.3636034256654616,0.2874330476117436,0.5679592836934909,0.2647409571385275,0.6442784666196656,0.03846448781442477,0.5749219619066057,0.5940620880704366,0.2927313347146649,0.17561938005475514,0.5209331198219208,0.20471043261862154,0.18499396095072862,0.06067328640060132,0.3611273457788752,0.3586179053127314,0.2977481616582449,0.21140884700380622,0.23988956604291345,0.40941098191166675,0.059689256351722814,0.004706515198991942,0.5197459252973669,0.07391482585331072,0.38330148828989424,0.5276086036555149,0.34149830624697325,0.1592460403985204,0.38854824546107225
0.0,0.08575700249328899,0.18866021960025442,0.0783701601701189,0.28339789385629816,0.6449041612843597,0.1825452999840813,0.0,0.13137552053275572,0.20187259701446134,0.18605158338026132,0.6102054611517286,0.3437593235591114,0.4789517739705404,0.09764632887717584,0.0,0.08357189837385662,0.0,0.12022183928457342,0.2426672401182761,0.3613264327770784,0.256364656783096,0.7561846688220057,0.5968310592271701,0.0,0.23546846879331082,0.0,0.30566824871016307,0.0,0.28176545172027845,0.0,0.13393560820362138,0.16477572804514867,0.13944379721791889,0.18661922504688108,0.3285828954858892,0.22678350932903346,0.19537863001168898,0.38696410870839937,0.07197659013186894,0.12701132665642806,0.05427580384263917,0.37052108217184193,0.20917321368705027,0.18395519810013194,0.10284754076501669,0.4902105429368504,0.12860628486600678,0.15876915722185317,0.36937597256746485,0.6960124783267623,0.15288990876909275,0.7596807677638336,0.15244566425735914,0.4895771008302817,0.284266835976616,0.6497510601383636,0.6083332793524591,0.355487523272289,0.1724044285714166,0.0,0.18341464123295376,0.16681424653619825,0.11308675783629529,0.10396797813519673,0.49742231480615806,0.26219042981228335,0.7039309066652062,0.5749814982388026,0.1899324335890563,0.6265048270365219,0.18899661419380825,0.4260038254082368,0.0,0.34882995836812647,0.10791648058436351
0.3210353219475296,0.0,0.815266199847222,0.0,0.5831741969374241,0.03729717124237519,0.43105499780436135,0.13137552053275572,0.0,0.3861451884600601,0.8210430915363542,0.1149233840998338,0.1900641110099111,0.07402387491322927,0.48690825912227265,0.0,0.13898465950657643,0.0,0.5170171034120589,0.566528271874413,0.34509174843034457,0.5462869181377623,0.20709487761800643,0.17173973421028121,0.07497792246213955,0.0,0.6263990354506664,0.3474507963932277,0.17043728343322187,0.16272814252762585,0.1460486094365273,0.0,0.04989213136137283,0.0,0.0,0.0,0.0,0.16233935827890053,0.0,0.009517019205102506,0.16452817308479611,0.0,0.16617144418700136,0.27440148989019797,0.2078895809814536,0.5060642871731801,0.10066609279261557,0.7082256382633676,0.2915681772105119,0.507349729307174,0.0,0.2976314191858531,0.0,0.9325003051991003,0.4310666227247858,0.5964913181019402,0.10798984369805464,0.3422561363895053,0.18139833987518905,0.39056713861245745,0.08403245645943183,0.19241302195801496,0.046117328259369816,0.577298933185411,0.2960670587992138,0.14094842367012114,0.4944464794389871,0.13807568664237357,0.14766420999953647,0.27356877398668905,0.10505476848874123,0.397373216412435,0.5676878801812899,0.24365459361211447,0.3596147693005678,0.5458642948013377
0.4529518067678452,0.16530989277075736,0.3356021857285904,0.2421267614861443,0.42141256382217795,0.37566991646895137,0.5987320038046562,0.20187259701446134,0.3861451884600601,0.0,0.17769263154479126,0.4660630420849762,0.4224069492627763,0.16175043848783008,0.26695014254988464,0.2508353408909524,0.4922848306509723,0.42510673003843424,0.277167496344509,0.4902122021979305,0.46781973995279436,0.5561723473777653,0.18160442909274183,0.39743475463450884,0.43492303147642225,0.3303917221149073,0.36692433167005195,0.3728284310488907,0.27692738714375514,0.13734457119807575,0.2595061779899649,0.16893055500522713,0.33933500144069983,0.1978041936019688,0.09857039309062998,0.1578367765995369,0.1259343874645677,0.3141589317173689,0.32821500290632677,0.2279600132454744,0.2458814217863171,0.08289222120596904,0.18880621179640905,0.18286478547598847,0.18483756271008836,0.4714371236308303,0.3934498881702157,0.2441639092622937,0.1836178312838272,0.4389433045680685,0.41493730205209545,0.4204607839454063,0.1310759844814624,0.50838794311557,0.7929562246734837,0.18631208872489063,0.30850454690802864,0.5457697463495883,0.1882430315061091,0.11464853377811746,0.23023553566235516,0.6485471912635635,0.5123724605685098,0.3161135917369168,0.184266879091116,0.23446860151960816,0.40203994059827997,0.07644946776579364,0.4007563236061881,0.626053204239565,0.3954184483240498,0.3441494224788641,0.5561855135535492,0.3296776166099179,0.2646718612075958,0.5170813125169029
0.24715717378623606,0.0,0.7374615955339351,0.0,0.5986852215692852,0.04036379496993009,0.31685546409340026,0.18605158338026132,0.8210430915363542,0.17769263154479126,0.0,0.01804601807616013,0.03422859202281947,0.16026819022916594,0.44130826626477765,0.0,0.0032156377529113933,0.0,0.5516205772921164,0.39161804719121607,0.24753470265029223,0.3546245724189318,0.30914617335934674,0.1965113367261837,0.0,0.0,0.5332586181549347,0.24280103368723355,0.14183305760223144,0.19384475599842557,0.1284419209269451,0.0,0.03884866304316101,0.0,0.0,0.0,0.0,0.2244508847567837,0.0,0.0,0.17104345230480056,0.0,0.13254982505669866,0.2028207037241094,0.16327131915321103,0.40618332987406724,0.013085638059484261,0.6785849108749699,0.266793055394203,0.47558949994707334,0.0,0.20318316070329945,0.0,0.772039372498993,0.23596820432509413,0.6836276619212056,0.03497978673176663,0.18955624585961284,0.21406797088487498,0.394875394828107,0.1228982206775415,0.0,0.0,0.613610119941699,0.28009026359727707,0.17388814111109005,0.44540658727829074,0.21875544461378554,0.18344526669126482,0.1243793253163494,0.08352583930566496,0.3509989507534611,0.43738873763204644,0.22400646510564795,0.34151226684099767,0.44068884239555417
0.07879108426744308,0.32544698900609154,0.12070796350035745,0.27541971004809374,0.26669531213267805,0.6129469356340189,0.3034779700190603,0.6102054611517286,0.1149233840998338,0.4660630420849762,0.01804601807616013,0.0,0.4918506593395786,0.3239326642680408,0.10673052826053132,0.0,0.343497012445931,0.1947154217714607,0.1692575005176269,0.2958364333977406,0.16431591235822562,0.3894355913724681,0.2714170542026976,0.6638127718127208,0.0,0.45173350638450327,0.0,0.39020988949095964,0.0,0.218394570634455,0.0,0.18424757651186444,0.1552778001263628,0.038273917056581286,0.031070815690324955,0.48369011050767574,0.4659996513147531,0.13788358273970372,0.43735782890559893,0.18448199176328553,0.2390802883521581,0.0,0.46162123885745215,0.15993385660939072,0.09206601495199448,0.2420367261046535,0.4149181835813134,0.12789707669432793,0.06903915821402441,0.2957611025023298,0.6439590603544824,0.12801029564093905,0.4706281824524038,0.23163393633940832,0.5651113950394951,0.14001321331739452,0.8624489958379542,0.6889013513692788,0.35896554432376276,0.19588296124502158,0.03135831499849401,0.42938102495971886,0.375241559471227,0.14545434939153634,0.25661821663148565,0.11484891550181202,0.38590257540901757,0.30063995426018914,0.5822309424807632,0.17578774932817814,0.710914948906739,0.15051456391176732,0.5210652055651346,0.0,0.3207753990446879,0.1527083450013122
0.1480027906495031,0.5641818320460708,0.1825337999091139,0.2228300440371052,0.3877353559316241,0.5837882708428195,0.6192513482537779,0.3437593235591114,0.1900641110099111,0.4224069492627763,0.03422859202281947,0.4918506593395786,0.0,0.09498848386504562,0.05691544238852908,0.2926854998968411,0.6438621626719414,0.6439285347032879,0.1819552947686542,0.21373269190291963,0.1377567826098626,0.4479606947497586,0.12819621009861076,0.18379329228483357,0.0763460140496186,0.45056603700171705,0.0,0.5493080962609503,0.0,0.15995443537703277,0.0,0.2974715365371791,0.2828542146054169,0.09725176036841274,0.18435611594805565,0.3108846043619221,0.3886128266098087,0.0,0.4427527736330701,0.21630798488528982,0.20641473760379309,0.01612865643156425,0.26631082018679575,0.15652324209983295,0.10530365775048578,0.30085895423216596,0.452932823939978,0.14992186248656558,0.21678264338731665,0.3453928858194576,0.381436594300933,0.29095403117631574,0.2393172917056516,0.37886318984100287,0.4913733105128688,0.11882209383349435,0.3942130121825511,0.7064929325698885,0.14528106680601066,0.059229246195824314,0.10281857748626808,0.5601658702522363,0.5248383460797856,0.17782940894992952,0.11405685272616622,0.0,0.31853784038428584,0.0906846127383466,0.07380943716354946,0.38342769662346965,0.4272122502386171,0.17178773314266577,0.4516306849634684,0.0,0.2187778471782788,0.17775753774174965
0.09937752237376345,0.021566706423974374,0.083218958087035,0.3612826164764817,0.29536764606892607,0.3177971670688605,0.23506863307694148,0.4789517739705404,0.07402387491322927,0.16175043848783008,0.16026819022916594,0.3239326642680408,0.09498848386504562,0.0,0.2612697375555453,0.0,0.0,0.0,0.15127715898325003,0.1845749138390328,0.31524151282460755,0.18946343018144374,0.41050564082160246,0.3197322599426706,0.0,0.11555400168527538,0.0,0.3571106944384475,0.0,0.20709146692573985,0.23114330846143832,0.01758523035953577,0.0,0.07258920337171902,0.17112160052006628,0.4049304869110233,0.32675930263929676,0.22688751705877974,0.17696806959607875,0.0,0.0,0.0,0.40869427732172803,0.2147012068988208,0.08510214192292047,0.11746761251146333,0.32990394702312714,0.14310320662607534,0.14810106894172984,0.36705451180485305,0.4636807802685623,0.31327433446548936,0.470573085079863,0.11750754910101946,0.31145220551989333,0.26665968137626767,0.33698145444811156,0.3690869145330571,0.42313436027507567,0.2805037204948267,0.0,0.0258958133177572,0.03845682212361871,0.15198294872442095,0.16454607550360678,0.48265532734025834,0.22400763454840902,0.4926191567869841,0.3285749651689114,0.0742982681391063,0.30826257946414803,0.20035215016440697,0.33537265881148526,0.033249554063655644,0.17943265315367163,0.08049664286820697
0.28765645011237867,0.0,0.4735706412439731,0.22226594684509626,0.3578800419751141,0.0897083438957279,0.4513511043809195,0.09764632887717584,0.48690825912227265,0.26695014254988464,0.44130826626477765,0.10673052826053132,0.05691544238852908,0.2612697375555453,0.0,0.08014254089537864,0.0,0.020635600878834648,0.1817192591598496,0.7194070876324571,0.41371210654231827,0.6557271946232242,0.22829601037985528,0.18901708216841492,0.09142714583193692,0.0,0.5332901370895453,0.3114806509608776,0.34733958754608474,0.16785242322268462,0.35716338294468014,0.02082196108626516,0.0,0.0,0.0,0.12384339643919988,0.13767539546283633,0.21015726230848625,0.0,0.0,0.0,0.0,0.17890608101338742,0.17499332131108292,0.16768081849774932,0.25854471236159904,0.18373452128842058,0.5273363447065385,0.1586260219105585,0.3019610521436802,0.08796365945707355,0.27808746794265304,0.0,0.4714380582338128,0.25117393163807766,0.3756574982374645,0.0,0.13525789603271543,0.11040768267053558,0.772410169749544,0.16877417948093254,0.0,0.10722143723431046,0.3381412778329373,0.6320994371335211,0.23108745290620825,0.6422453825139708,0.2607700605997364,0.19918916633610978,0.1549001814887073,0.0,0.5352371551598324,0.44986999225066554,0.4510660654244802,0.19053037633211006,0.37785905104046863
0.34564540517201076,0.3847729027942129,0.09686710335939297,0.007248748812013206,0.10545599906109956,0.05218997697618083,0.28647864289056074,0.0,0.0,0.2508353408909524,0.0,0.0,0.2926854998968411,0.0,0.08014254089537864,0.0,0.4854419345396415,0.6536914472094006,0.08235134815389378,0.14680062698259932,0.0,0.31206769313666766,0.0,0.0,0.6594434254879997,0.28799562810917206,0.3093004788123691,0.05031409109418955,0.5590403941410702,0.0,0.18981372199556934,0.3119771290654605,0.3015079571426642,0.1413486303261126,0.17764797413596184,0.0,0.0,0.0,0.07772927312356044,0.15703693652373185,0.15810475455252537,0.0530922511163996,0.0,0.0,0.0,0.14684381320953427,0.1852811191836529,0.10106768417192194,0.0,0.0,0.0,0.14930738444301012,0.0,0.10656416487653017,0.0,0.0,0.0,0.0,0.0,0.0,0.4138367256636399,0.2975083346535616,0.41458546846172795,0.15163856185353822,0.15693319334261233,0.0,0.16636503759519913,0.0,0.0,0.23474209785306696,0.0,0.27024361240906764,0.0,0.2327323788660376,0.0,0.06485689545502932
0.40386473252268495,0.4826714685143329,0.1755732237035898,0.14034435610694562,0.2272625194348578,0.3487542736309535,0.37563543557720896,0.08357189837385662,0.13898465950657643,0.4922848306509723,0.0032156377529113933,0.343497012445931,0.6438621626719414,0.0,0.0,0.4854419345396415,0.0,0.6209756401727264,0.30084854496748203,0.1331358728273459,0.05874024497277541,0.36244502262021194,0.02362431855763647,0.23170661730638611,0.2610358354608794,0.5733239641517257,0.04214606561860676,0.38829982550276965,0.002670795951603855,0.0,0.0,0.2584883543821856,0.4530045762031866,0.24031232503597952,0.1107048857980723,0.0886926360181523,0.1315236345791492,0.09009955100416805,0.3247297453389614,0.37258687367407395,0.38210454828506285,0.0855611364051147,0.04409034291209357,0.015973202189906582,0.07911903200541963,0.41461863194856546,0.1731156817761824,0.08063303985496847,0.0,0.10624648218516125,0.22249492153663916,0.06638693032627552,0.05220371173718036,0.27429969368780693,0.36305161536716807,0.022789720035308048,0.20655215431029728,0.46245676746231,0.0,0.0,0.2934541296185367,0.722022297575995,0.5892783487361135,0.27592962444055424,0.050210503850734056,0.0,0.2762522443753245,0.0,0.0854978418070691,0.28458692967264654,0.3593101275581412,0.17630353844477972,0.3764765943850879,0.0,0.17375008071870057,0.24780751114826655
0.2174421940343907,0.6216313914491067,0.10598777288111608,0.14844984152430335,0.14459832857585184,0.3700314700879727,0.40004455082973245,0.0,0.0,0.42510673003843424,0.0,0.1947154217714607,0.6439285347032879,0.0,0.020635600878834648,0.6536914472094006,0.6209756401727264,0.0,0.09395259082456817,0.10138976387018392,0.0042859797535451105,0.31300965791408475,0.0,0.0,0.502247690318179,0.46633890974314274,0.1300991659840652,0.24857084712504332,0.22620463609253622,0.0,0.0,0.35086363659035036,0.3194951717193239,0.16421954740083616,0.20956785935711825,0.06782439245306988,0.11906008265233034,0.0,0.3626822118899866,0.2120386323363391,0.1972920295761187,0.0,0.0,0.0,0.013760861824904741,0.13476757887392776,0.3656319403550279,0.05531359833717153,0.0,0.05756376164746746,0.25194475174861936,0.14301739784646283,0.0,0.14700709433790965,0.257862463220945,0.0,0.04381136703683969,0.28566975278491463,0.014910684269282298,0.007598344087349662,0.30267068844630524,0.5065920539428443,0.6589637396958118,0.1411731260988942,0.07933505008678599,0.0,0.1940917711975641,0.0,0.0,0.3325000866502927,0.1884720428329742,0.2635821406474646,0.09859038439306123,0.13816171803871338,0.0,0.04603890785828896
0.18436793715051195,0.1297415101722259,0.6827202868623494,0.015086265394924192,0.38959287509392887,0.303502687819329,0.19429464871362212,0.12022183928457342,0.5170171034120589,0.277167496344509,0.5516205772921164,0.1692575005176269,0.1819552947686542,0.15127715898325003,0.1817192591598496,0.08235134815389378,0.30084854496748203,0.09395259082456817,0.0,0.2695124394699086,0.0726968595996314,0.339330821931071,0.2187384497269328,0.25415791000486343,0.1789973863965771,0.2902917052034573,0.3740174092902553,0.1261540620900252,0.08021573945326058,0.0,0.0,0.07259296734575121,0.2807275251350336,0.0,0.0,0.0,0.0,0.18395359959450266,0.1619419256674448,0.33150750493962355,0.3407475470618413,0.0,0.08489109671485298,0.10818982946957532,0.11176172646154282,0.34167332534734574,0.22950307516095536,0.41159781675134316,0.00451799829880431,0.30188527427626416,0.14703267074201015,0.013214284151604971,0.034714462386292444,0.4985843668973696,0.21295420131961673,0.3356641416170461,0.180062666727783,0.22803125308556835,0.1571936911086303,0.16505353301418757,0.21477560353548167,0.17203382599038133,0.12410594060466978,0.7470561240368029,0.1914437646381989,0.0,0.3881025509956148,0.1240582568384796,0.22796265804888885,0.17919995764907515,0.3302286847879232,0.2998545409937138,0.2588897276912032,0.05042191795411233,0.26347829609122353,0.3457941612385125
0.3159803953110503,0.0,0.550866366946257,0.07019896171925709,0.43251139046302156,0.2926491343115849,0.5403142428151182,0.2426672401182761,0.566528271874413,0.4902122021979305,0.39161804719121607,0.2958364333977406,0.21373269190291963,0.1845749138390328,0.7194070876324571,0.14680062698259932,0.1331358728273459,0.10138976387018392,0.2695124394699086,0.0,0.48412275618772505,0.8339568122988417,0.28346942633741445,0.29483400378486707,0.12417571963153795,0.0,0.6484403407635551,0.27699331070941896,0.31050048220138726,0.12377203634586847,0.305241069922217,0.05755752981722921,0.09619305705351863,0.11207816143209842,0.046713346890045804,0.03689589742857527,0.021302522137907398,0.18661331384465396,0.0,0.0,0.01581615931141872,0.05711300226266887,0.12535472186450217,0.19519411208996273,0.19321735325002637,0.3458792942071781,0.3598622581572864,0.48625567410541076,0.15758985399376532,0.4132992770703404,0.2138833755230659,0.33957915433158536,0.03694454775399525,0.5650541561537588,0.5140387297749978,0.3581857817303721,0.2684860192655125,0.32397055020527743,0.10938616357192132,0.5781980161117308,0.1064280912678165,0.20270359797976023,0.20224727562353004,0.3871176270544073,0.5831446275890292,0.2749827993188543,0.6202416126963017,0.18552156044311593,0.3204353276894962,0.34358421401435035,0.1822234111349862,0.5055316398896978,0.4929932417857307,0.3242717937980512,0.24274866750695234,0.5049552250630902
0.42576134932386367,0.0,0.24968670876276866,0.10098293088018727,0.33283888912241977,0.2320867686184733,0.506721438419981,0.3613264327770784,0.34509174843034457,0.46781973995279436,0.24753470265029223,0.16431591235822562,0.1377567826098626,0.31524151282460755,0.41371210654231827,0.0,0.05874024497277541,0.0042859797535451105,0.0726968595996314,0.48412275618772505,0.0,0.38676391275094296,0.43492639051070686,0.28166600975829037,0.2612321632153059,0.0,0.3077440167913804,0.4146424019591399,0.3000000996048682,0.39167718382935385,0.5583669626287538,0.0,0.0707699445381478,0.38849662890588843,0.19178123633850325,0.16172907017789995,0.0,0.2948243565298977,0.12303890684497501,0.0,0.07237095075794714,0.09386193628214862,0.21996652948894233,0.2804354472878231,0.31368759727019335,0.3247702087121296,0.2780870677127023,0.22869520845533514,0.25241433302429933,0.4382043815802942,0.34249500823184825,0.4916780064769303,0.25638092799931933,0.3773059470053175,0.5735130083189175,0.15675189485542854,0.07847711200283652,0.379071623366084,0.21175757702247838,0.2492493165511561,0.0,0.15441491401842636,0.1273663568428268,0.1601603626650336,0.09569610555489005,0.7102645430176171,0.23426030268945316,0.42406992848774694,0.31681235181233613,0.5146369319419662,0.12079648769912549,0.3773791959101003,0.5276426251208779,0.4889983477438869,0.21638937612939663,0.4365909287313026
0.3709162989953204,0.19416056182809616,0.5373228695462675,0.15998250821891766,0.4805617500669915,0.41785395075390586,0.6056394956977844,0.256364656783096,0.5462869181377623,0.5561723473777653,0.3546245724189318,0.3894355913724681,0.4479606947497586,0.18946343018144374,0.6557271946232242,0.31206769313666766,0.36244502262021194,0.31300965791408475,0.339330821931071,0.8339568122988417,0.38676391275094296,0.0,0.2638090721930504,0.3199162199226096,0.20501955881041134,0.26377620733325935,0.5622372662673593,0.45966883283979915,0.2622725793948041,0.10892959082457493,0.20677478766656981,0.17197723192402706,0.2205196100755514,0.057077665706317976,0.03040534842204945,0.1831970481474312,0.16534296711812863,0.17349041626164613,0.16857468461818814,0.10630732271578054,0.11068036440735043,0.03360027663412869,0.2178025914634535,0.194265783299422,0.2041823153649922,0.3882887476271975,0.42905164179838445,0.5363162548006125,0.07685860558975882,0.34150880104170667,0.30291106642937693,0.3022451407668683,0.053069756487566344,0.5865805635946763,0.5503191507850654,0.39806214998896344,0.29367114575327896,0.40359942351152767,0.05911122817100986,0.5292033977448481,0.3273400701336117,0.4079491584978719,0.44202602723051965,0.48284278201204367,0.628807732495455,0.18456059994089316,0.783029098173491,0.18708194866130928,0.291438243096538,0.4442357790408114,0.32651594038292525,0.6053690944633099,0.5618331495872466,0.34540003724974955,0.27957658440843963,0.488004028121776
0.08439299326211519,0.011586498327636308,0.38265856683877997,0.0,0.30851024055887777,0.5072440150457729,0.1103372395584675,0.7561846688220057,0.20709487761800643,0.18160442909274183,0.30914617335934674,0.2714170542026976,0.12819621009861076,0.41050564082160246,0.22829601037985528,0.0,0.02362431855763647,0.0,0.2187384497269328,0.28346942633741445,0.43492639051070686,0.2638090721930504,0.0,0.5252626288567309,0.0,0.21784087414681266,0.19709706019676237,0.18594719436774998,0.0,0.15804019476956987,0.13855059248904228,0.07963523135592897,0.22743874544592102,0.1619127798208966,0.11713161550741574,0.07981134071324103,0.0,0.31720591940519405,0.21838367838815123,0.0959266133983039,0.1159756049319786,0.006932751506878193,0.1873864576758414,0.11048097236918078,0.2758239485923394,0.13569473452748124,0.49175617857065135,0.25209122053064276,0.05226771390588887,0.30965579707626956,0.6286963288329817,0.09882707723777706,0.6790234399106762,0.2391103781299226,0.3821407775016382,0.35290606540421665,0.3129165885202465,0.3955401335063037,0.25330370100517763,0.2874911721690725,0.14882083716193048,0.1197589099696848,0.15039315405491693,0.30916959912791026,0.14861420611074813,0.5940611479051428,0.2998076839458974,0.84321132937429,0.4872175410709877,0.2354506530958379,0.5421825684118738,0.45527026750459354,0.3167431262544005,0.29049428163093405,0.277179061855825,0.15560728315907768
0.2624845782355182,0.1636146432868443,0.2008366602328423,0.10787648392389601,0.20466215813287472,0.4974967606268189,0.03605579075253239,0.5968310592271701,0.17173973421028121,0.39743475463450884,0.1965113367261837,0.6638127718127208,0.18379329228483357,0.3197322599426706,0.18901708216841492,0.0,0.23170661730638611,0.0,0.25415791000486343,0.29483400378486707,0.28166600975829037,0.3199162199226096,0.5252626288567309,0.0,0.0,0.520036454470479,0.014399751337601518,0.21951708813959925,0.0,0.1877824404279855,0.0,0.10993846915703546,0.24263951450049848,0.0,0.0,0.2369509415959168,0.13537722397723165,0.26553400963283563,0.36247553132412036,0.34631274205416523,0.2683062228652741,0.0,0.24651709196485708,0.0,0.16623331828433127,0.3814090451675929,0.29767942767167077,0.25830167420376965,0.0,0.24291678451624932,0.5575011069862484,0.0,0.495531869359488,0.22873730356149644,0.49878006136817105,0.273006188260176,0.6099397128823101,0.4694218424927794,0.27620745793097773,0.3124019969950015,0.202118077199095,0.35051551484243765,0.2653139466833901,0.26813652600767424,0.3244440211971854,0.38335220770158585,0.4570309377194515,0.5231721765269047,0.8429662488301051,0.19376822566999036,0.7836640692838033,0.33329493345937583,0.464009741889073,0.05004613342687217,0.4205756851582899,0.26814599488150864
0.45308139232646016,0.27105657662235566,0.1355659174137328,0.0,0.040736138127766525,0.023466911735230522,0.2823976878777955,0.0,0.07497792246213955,0.43492303147642225,0.0,0.0,0.0763460140496186,0.0,0.09142714583193692,0.6594434254879997,0.2610358354608794,0.502247690318179,0.1789973863965771,0.12417571963153795,0.2612321632153059,0.20501955881041134,0.0,0.0,0.0,0.2501269491273342,0.3663552857208753,0.0,0.6807169162142899,0.0,0.3075750200729739,0.18584281588934926,0.22551442755323514,0.11878983525245662,0.0,0.0,0.0,0.11316267536180659,0.11235047723572453,0.1902023019584402,0.1353334705303842,0.030817486157282803,0.0,0.0,0.09285487025020425,0.19644675523507626,0.19640287176406362,0.09436642950931551,0.0,0.0,0.0,0.2273201946667294,0.0,0.1720393027578209,0.17531480547900435,0.0,0.0,0.0,0.0,0.0,0.30938894650080295,0.22459382727367844,0.2932972423897331,0.22725672034538186,0.06107284288092074,0.0,0.10982061720317426,0.0,0.0,0.5719005897939319,0.0,0.27513003270654446,0.0,0.47912072216569596,0.0,0.2308298989660216
0.3390341474849194,0.7831688170915652,0.05603343843968933,0.16871239961334283,0.0,0.501795578585123,0.03998797811189825,0.23546846879331082,0.0,0.3303917221149073,0.0,0.45173350638450327,0.45056603700171705,0.11555400168527538,0.0,0.28799562810917206,0.5733239641517257,0.46633890974314274,0.2902917052034573,0.0,0.0,0.26377620733325935,0.21784087414681266,0.520036454470479,0.2501269491273342,0.0,0.0,0.24417287774638585,0.0,0.02485314582137571,0.0,0.2793164252548182,0.4001372725890668,0.0,0.0,0.189703393308002,0.18828012016786955,0.08760412808543148,0.4563627666383956,0.4361325839892743,0.25163459827480006,0.0,0.11703944562218577,0.0,0.02484944173508477,0.25007630219892796,0.31314313874840516,0.0849740533513978,0.0,0.0,0.45980057676338715,0.0,0.22611162222352776,0.06096301137191268,0.2661037637561196,0.032670928902736596,0.33322870014843425,0.3263899617924968,0.0,0.10228753410388688,0.3560851116199237,0.5320615728649549,0.5070859143205254,0.28941907718771304,0.2843964486732838,0.0,0.3339563699753992,0.22949713291036825,0.3555554001523835,0.2477819418832679,0.7083244460248905,0.3099804541378592,0.19071021163803528,0.0,0.15729325089103727,0.0
0.2947522457997942,0.0,0.7260973294599316,0.0,0.40101335825692824,0.1695984788633777,0.42736983180428695,0.0,0.6263990354506664,0.36692433167005195,0.5332586181549347,0.0,0.0,0.0,0.5332901370895453,0.3093004788123691,0.04214606561860676,0.1300991659840652,0.3740174092902553,0.6484403407635551,0.3077440167913804,0.5622372662673593,0.19709706019676237,0.014399751337601518,0.3663552857208753,0.0,0.0,0.0,0.6634780620812393,0.0,0.24323046149914254,0.0,0.14393775307673035,0.0,0.0,0.0,0.0,0.1961651434230015,0.0,0.01669328023968346,0.05773789413253804,0.01753644637049616,0.0,0.07885227089638044,0.18426474559781547,0.2656186590768146,0.2059522873103355,0.5689130850509467,0.0,0.3360403607243148,0.0,0.22200502145023446,0.0,0.6197535691005143,0.2882265448908716,0.3264621308315242,0.0,0.06492243118800423,0.0,0.42454647584062466,0.2668852548599329,0.10025593065036106,0.17241778479948705,0.48936687731824896,0.419081479677609,0.07535559467642766,0.5105807415345713,0.07415896525347293,0.0,0.30041914317701907,0.0,0.6597450942689873,0.23346833612982953,0.5703253077308036,0.16553851719899443,0.4307069541746945
0.3270031611414512,0.1355821096367374,0.1668075182008399,0.31647493517858893,0.44313346870321685,0.18590519162825847,0.48260954309934945,0.30566824871016307,0.3474507963932277,0.3728284310488907,0.24280103368723355,0.39020988949095964,0.5493080962609503,0.3571106944384475,0.3114806509608776,0.05031409109418955,0.38829982550276965,0.24857084712504332,0.1261540620900252,0.27699331070941896,0.4146424019591399,0.45966883283979915,0.18594719436774998,0.21951708813959925,0.0,0.24417287774638585,0.0,0.0,0.0,0.5005913476753548,0.265575864927077,0.11839370725405943,0.10079100508245165,0.23857637983077248,0.21682256430097235,0.5284311575392938,0.45639225941533684,0.15349510417852044,0.24700915506644017,0.0,0.1739305636358774,0.0,0.5852195767578853,0.32479437179260806,0.12216113950738819,0.4019384319923792,0.19177548748381307,0.2400624693901302,0.34441267767549577,0.3874833115250673,0.28056698509271094,0.384554466927394,0.27939072884530913,0.3886770730912583,0.4358377130583183,0.26571937282390334,0.2734062124519566,0.536413455077319,0.30875474133040115,0.24549220591922372,0.04192285375997393,0.31614333578361276,0.2656490320301336,0.20668165667001956,0.17321171008033664,0.3337237134540186,0.3545824465295539,0.2867386207406558,0.23147238910148404,0.25073308521838206,0.26516739028198055,0.24206742991219649,0.7096724248481122,0.054255885908616325,0.30982426103199157,0.25276309166658373
0.3101696261747166,0.0,0.27489833988006784,0.0,0.15171060263081754,0.0,0.39296978165483676,0.0,0.17043728343322187,0.27692738714375514,0.14183305760223144,0.0,0.0,0.0,0.34733958754608474,0.5590403941410702,0.002670795951603855,0.22620463609253622,0.08021573945326058,0.31050048220138726,0.3000000996048682,0.2622725793948041,0.0,0.0,0.6807169162142899,0.0,0.6634780620812393,0.0,0.0,0.0,0.4623925025150193,0.03779731857577073,0.07878329961841608,0.04564644500626164,0.0,0.0,0.0,0.10109103589946584,0.0,0.0,0.0,0.10143113742334034,0.0,0.0,0.12494960548019869,0.08383809921932789,0.06294694317209093,0.24894774578772527,0.0,0.09648945672185325,0.0,0.28078315896434525,0.0,0.2486983193204454,0.05332084016276453,0.046685750303197104,0.0,0.0,0.0,0.1377655032939588,0.266132823786124,0.022942032292988773,0.17078968194741567,0.21835581189219103,0.18429283478572342,0.0,0.17581694916065488,0.0,0.0,0.3646895977669305,0.0,0.387826013812374,0.0,0.6931650090036299,0.0,0.21565185067012638
0.18368406055961994,0.0,0.02762160129722019,0.11678207577323932,0.22371928148856318,0.0,0.1780107643202329,0.28176545172027845,0.16272814252762585,0.13734457119807575,0.19384475599842557,0.218394570634455,0.15995443537703277,0.20709146692573985,0.16785242322268462,0.0,0.0,0.0,0.0,0.12377203634586847,0.39167718382935385,0.10892959082457493,0.15804019476956987,0.1877824404279855,0.0,0.02485314582137571,0.0,0.5005913476753548,0.0,0.0,0.2344999612089013,0.06857133309455965,0.0,0.06727832069938153,0.0323939926015801,0.3219814006000672,0.26807846557157605,0.19670395480336125,0.2101826282520787,0.0,0.078251799126561,0.0,0.4251296660058457,0.3045828705388697,0.1223523054467108,0.2261411350674385,0.10573473678175094,0.15989297404661013,0.3451686466236321,0.3786398302955343,0.21789077381311472,0.38299895335778766,0.2549010576352829,0.21207638516908925,0.32985724602013955,0.2565321680732967,0.15249226740652655,0.37968029089478134,0.3512764748343179,0.14820543921283935,0.0,0.023205963730258766,0.0,0.04729427166958439,0.06735729740023128,0.40859024326972704,0.10011045269030999,0.2686023821660008,0.2836855534441407,0.21604211376275412,0.17369074348709335,0.11135923530552067,0.4361079922488147,0.15446744226113449,0.4302591111334796,0.27520112836736554
0.32406157723754037,0.0,0.09051933845679827,0.15329533197919654,0.2587617877197786,0.0,0.3259703890043382,0.0,0.1460486094365273,0.2595061779899649,0.1284419209269451,0.0,0.0,0.23114330846143832,0.35716338294468014,0.18981372199556934,0.0,0.0,0.0,0.305241069922217,0.5583669626287538,0.20677478766656981,0.13855059248904228,0.0,0.3075750200729739,0.0,0.24323046149914254,0.265575864927077,0.4623925025150193,0.2344999612089013,0.0,0.0,0.0,0.3725387204983301,0.14267010795211044,0.0715948854370558,0.0,0.22881023701420597,0.0,0.0,0.0,0.0769693660685111,0.11508820211071372,0.2995847742339783,0.1403433382829048,0.1404386064413084,0.09385175238650276,0.22248944823867925,0.25972539475466605,0.31092790697654427,0.13290217193693848,0.5218104982225222,0.07512927687464158,0.15745029795768822,0.20469880999658885,0.17809380239673367,0.0,0.07180234303713046,0.05675762329651851,0.198784232445328,0.06021815067944819,0.0,0.0,0.12819079494289753,0.06753949270056583,0.4510684249864116,0.10382180405482355,0.23548012122033793,0.0,0.2696361642400618,0.0,0.23494673149965328,0.2620543990074409,0.46254103683113457,0.0,0.35188519189490164
