0.0,0.5065536477199739,0.3455853617438223,0.0,0.27517618873207783,0.614843960877221,0.4409986466135808,0.45333324588219626,0.3030180428453049,0.5547537622611759,0.38111503167388605,0.5311535792853382,0.47091143658355905,0.18650960692256116,0.5763816420977214,0.7096543255681657,0.5233067209597371,0.7097787852283227,0.2796542289229281,0.6470775780633291,0.7168802052651406,0.6981749914916147,0.5058610987891868,0.759287411464937,0.5723440606768072,0.6726402970324821,0.5140178187529287,0.5027097921990165,0.7250103389632079,0.5398817569856261,0.5238485546166081,0.09808475437324538,0.3690072655166727,0.18277845782580626,0.0,0.06709355087731525,0.12750791213647547,0.18138576249029476,0.054284776536005386,0.2884433962370495,0.06065647120449086,0.0,0.3591489939906998,0.1387349307652183,0.26007663474817694,0.8508901366694676,0.6013531180171805,0.41813664508611886,0.0,0.0,0.5608031170047977,0.36886543360647267,0.3467367045326316,0.24063216800646364,0.4672498567819437,0.1575723206727897,0.4741240374502629,0.4610807658863073,0.0,0.5861815923930531,0.6849283001092741,0.476848556467392,0.6475613699463519,0.34136753562468525,0.6397513365916752,0.695460739356355,0.6238664096772762,0.532879623583411,0.6849061927815072,0.6087507975633226,0.6933003424931342,0.4832286243177638,0.45697988893235286,0.6900331851216788,0.33948643027327036,0.5688335565627087
0.5065536477199739,0.0,0.49556566370524735,0.03368566417833917,0.5029996558644172,0.7614215797313494,0.7097737422096988,0.6704744551749486,0.5570957230765075,0.8704472978932418,0.49911127660568255,0.6881307006586647,0.7525513897666043,0.033416034267628555,0.4009858094353428,0.7741456762858303,0.8795280964549169,0.8063866559795051,0.4299496117453966,0.6862084480386775,0.6895679258146032,0.7499681466024958,0.6358116053294672,0.5333583528987365,0.9010218947613422,0.9360292880780835,0.7563752272194669,0.4763192018793765,0.7998602125580534,0.28515145755784477,0.4086793503575815,0.06728515821974693,0.522809143213699,0.14274565262507372,0.0,0.0,0.10588989684474494,0.314072602162284,0.0,0.5084416289073783,0.0,0.0,0.23628401977097668,0.0,0.277893828334861,0.5267781857515274,0.8994935872726091,0.47638094393724184,0.0,0.0,0.7056494177192177,0.4608070911558425,0.5122920940693384,0.523423562075817,0.828224324212556,0.2833989660474564,0.5719054503581599,0.6963917668644675,0.0,0.41811119254123885,0.6385229816426121,0.8070200243115977,0.8365015235031252,0.3160385551214514,0.6774647704712081,0.5786693929866263,0.741884762450736,0.5512441759235851,0.45150750217206437,0.8637101682142618,0.8785076216877374,0.7172538322698881,0.5077790088683283,0.6624549763014443,0.18915529255715002,0.28337763736432986
0.3455853617438223,0.49556566370524735,0.0,0.01463283986261188,0.6213772237507773,0.5731560750951035,0.47437262737639774,0.6808429148018653,0.6641623914577334,0.6206522444878317,0.9015692533632093,0.5542108145235352,0.2709459810745013,0.180622776408841,0.4798208869223037,0.4455762060165611,0.49727726034113606,0.4466636513665576,0.7849609712802043,0.607131018720831,0.44453682031478414,0.5453965512302285,0.7597744920703258,0.4904056901385993,0.5938148481765194,0.6075378020775275,0.6779614520591271,0.13528334589777247,0.41405937512720914,0.29346926379042704,0.20954968286228465,0.15969012073414934,0.1443892779912847,0.0,0.0,0.0,0.053451801124630396,0.2218734794192806,0.08514803890395231,0.12758445749445116,0.0,0.0,0.2014664820909403,0.11060052314499597,0.10160275627964416,0.27262002464858404,0.5745257809708009,0.9308079450094927,0.0,0.254035513580957,0.3738410347118019,0.34446956294931214,0.5564858711297007,0.6525577419600121,0.5031683803160455,0.7215013757006425,0.4202458503876869,0.31341587556382844,0.11986619536456035,0.49993268229844334,0.4455281024657892,0.44520404303474215,0.5140156099563227,0.7747884513489446,0.5682227919886824,0.48729888547944156,0.5843294599481148,0.6074578940830108,0.35899403632936566,0.614606738797484,0.6308790360885848,0.6169487289308817,0.21065205667466846,0.43829586812206167,0.1617763162652582,0.24881277464591764
0.0,0.03368566417833917,0.01463283986261188,0.0,0.1365594667881085,0.0,0.11015806005528933,0.0,0.01585156509568436,0.029061565918824278,0.03131268865634629,0.027923319064943122,0.1266163891612288,0.05112680373062517,0.0,0.02657273964367235,0.021163679689739007,0.05547142900137797,0.0,0.0,0.0,0.0,0.0,0.0,0.016886363809574853,0.03442780949799665,0.0,0.1357346873215701,0.005773347714485927,0.040271117050654365,0.06420463019357545,0.14332823897465868,0.07702108371411917,0.07729662279961874,0.06070445870974572,0.26374910869448975,0.19030719284050196,0.10594423689153691,0.0888470719370795,0.03644305607668882,0.0745664822650664,0.03933833242695725,0.0,0.0,0.04648962593526095,0.02734846887632149,0.0,0.0,0.3033988242657914,0.0481128779997807,0.0,0.09023838649212089,0.0,0.05062933743192047,0.016656333853738575,0.04037738669904009,0.1568533982502638,0.0,0.0,0.0,0.0,0.0,0.016976869316913543,0.0,0.0,0.06892673640751042,0.0,0.0,0.022543350490654812,0.010564924703081083,0.0,0.0,0.0,0.0,0.02755007060195492,0.038180141363142975
0.27517618873207783,0.5029996558644172,0.6213772237507773,0.1365594667881085,0.0,0.5472373498542519,0.7137640170484777,0.44396764727847216,0.8498540512342346,0.6228050396626165,0.7034562931029922,0.5057994441382421,0.33686206740643754,0.29104622780611866,0.2073013773632735,0.295368311604284,0.5823310385478654,0.4274021930290294,0.6987207718487877,0.3877994129741705,0.2528483312991579,0.38642088371416644,0.42366605801754076,0.3127097018928535,0.6311617377829524,0.6057062882893496,0.5928573089675176,0.09666994266266388,0.3433441438330233,0.1950389133630078,0.0,0.05611001689150294,0.18114896416665616,0.0,0.0,0.0,0.049520183427599576,0.15744334579798494,0.0,0.1564449114348235,0.0,0.0,0.24457981457229822,0.0,0.1581107706275357,0.23825191043303523,0.542834689714869,0.5749001572529753,0.09468351724894075,0.5635806603357035,0.35957177493015174,0.6424184593544515,0.2927312138893437,0.8181645637032295,0.519923921657486,0.43648498485993414,0.3805747411511397,0.3083362653968564,0.010698566836312595,0.23618191885464757,0.2524682148327793,0.36948590617918364,0.4322181982127721,0.450965226069497,0.38954871404360225,0.2856722854797524,0.44534993862923933,0.291781434609947,0.17915303998134835,0.5979733548318357,0.5841483946829613,0.6172747821524056,0.16292451531018193,0.31702331109992177,0.026113742810575852,0.04968813329004955
0.614843960877221,0.7614215797313494,0.5731560750951035,0.0,0.5472373498542519,0.0,0.6080264001724925,0.6708181971574378,0.6342737989087339,0.7590519826658867,0.6145997579144195,0.6420792155891998,0.5610054602038554,0.0854495630121796,0.475604144189698,0.6401967445303337,0.7198659839913258,0.8006628967115814,0.5680819329868023,0.6119371700638156,0.7663999205422511,0.6590285435675882,0.7999820163443477,0.6839172045530164,0.8185980920196503,0.8289480669901443,0.798372909449069,0.3529833163276824,0.8048319586355065,0.36399864898020357,0.43029569374601406,0.0,0.41766953768826065,0.17438104658421416,0.0,0.06169676108097508,0.06573272988804561,0.3045854770981743,0.0,0.38942240709004977,0.051871921319611304,0.0,0.2627663496939769,0.03794175335555072,0.32914119219027593,0.614513437190187,0.8489852475409803,0.5558079561904243,0.0,0.08731106505476213,0.86474315016819,0.4835148386979884,0.5302051510548745,0.577706022288627,0.6779270452336106,0.2897042088946057,0.5185496154608275,0.5266681738623603,0.0,0.4729659489326524,0.6701314599428586,0.6677345816282525,0.7653287992485829,0.39835323179886545,0.5990140329031123,0.6298482120902291,0.7178613160624885,0.716526519977148,0.6509543948272172,0.8061348064890617,0.8345174640738893,0.8190425439395125,0.2863757523205717,0.7418789573542,0.20915853907444584,0.3952931506545465
0.4409986466135808,0.7097737422096988,0.47437262737639774,0.11015806005528933,0.7137640170484777,0.6080264001724925,0.0,0.4718591696482688,0.6220441435305923,0.7717815432876349,0.46980149000550625,0.4836274798863754,0.5622297045288903,0.200970681024663,0.3374304586295112,0.5060488106782218,0.7278556957159175,0.636250570527484,0.45786507224233275,0.5876201240764292,0.40297755305577604,0.6179664205869333,0.4617323332632176,0.32111503008496545,0.767378470963886,0.7393801318846691,0.6933386461610007,0.2915735448201432,0.642792820146658,0.3359981458289496,0.009493913024351042,0.030504059031127295,0.35207944514730194,0.0,0.0,0.0,0.04621099185647805,0.044864461810403655,0.0,0.33026182159597256,0.0,0.0,0.19515313689140185,0.0,0.17687831323727032,0.3808490919503125,0.6927013674713804,0.4131388385824618,0.2763096115768447,0.11470566304644991,0.4426566871149531,0.7559045506556098,0.25148705083650347,0.48130030689302494,0.6466775296207403,0.19526362349485,0.43864353076913365,0.4469366837802567,0.0,0.3702273945643321,0.41355048340221884,0.45316505505346577,0.592700613620515,0.22206695094430257,0.5321518644196868,0.36916191563403555,0.6203784590454371,0.32735145076375827,0.2738819693592644,0.7404504276519839,0.6963474727295147,0.6914888735210261,0.3095192681637223,0.48591111612208293,0.11558504322301709,0.15008295303597716
0.45333324588219626,0.6704744551749486,0.6808429148018653,0.0,0.44396764727847216,0.6708181971574378,0.4718591696482688,0.0,0.45321445385086007,0.7242276217804939,0.6835442070016959,0.720340048572242,0.4706925743845984,0.1361166133876286,0.4883852911231662,0.6970278518735895,0.6078698918816257,0.5436217962618209,0.5074582105320328,0.7230537127848857,0.6524401831159546,0.7508337416499099,0.7988179478349283,0.6262052790578896,0.6788864196939618,0.754582804915246,0.682679272820139,0.32122717005390183,0.6304063994505005,0.38295806078493666,0.4646031300155618,0.0741840876311906,0.24755473261546904,0.0,0.0,0.0,0.09238098119884176,0.25512278552336015,0.08169163331437977,0.17998923805493677,0.0,0.0,0.2983429935527943,0.023732329016877877,0.15457775593709716,0.43180607783973707,0.6405950367062938,0.6702922627248022,0.0,0.1218565033460717,0.5586710284503645,0.32659021113406095,0.8219204937512823,0.5088779412970137,0.6233036441463553,0.5150318908885277,0.6651857333854667,0.4857583797956643,0.1564919642606626,0.5389393513353404,0.5792334187609522,0.644933999998742,0.5923672287249211,0.5512598575446319,0.718500960646901,0.6678421663883243,0.7541800660027165,0.7659568795337529,0.48747231146176573,0.6431481590037221,0.7421808747609192,0.6671868493802466,0.3696196292879422,0.6263339308991169,0.2561909413141426,0.469809584916085
0.3030180428453049,0.5570957230765075,0.6641623914577334,0.01585156509568436,0.8498540512342346,0.6342737989087339,0.6220441435305923,0.45321445385086007,0.0,0.6439201551417517,0.6889511267799424,0.4591445313014786,0.3837974934282725,0.15588871777090557,0.17065371639497773,0.31091281187719116,0.6083185665252837,0.5102365428404075,0.8312252899876167,0.3763037024794133,0.37406164756122595,0.38749641040857663,0.5240852351067992,0.3319225737255188,0.6848398273782181,0.6207669785141426,0.6024534343326508,0.13875900154765392,0.3898579925016747,0.16086970133507514,0.0,0.0,0.2699631178538906,0.0,0.0,0.029982398796971094,0.01700489605918659,0.19707381961169373,0.0,0.27321904429044813,0.0,0.0,0.22019645135704363,0.032481024278245965,0.2501652133629351,0.25623396600984394,0.6710854049615931,0.5748995009106089,0.0,0.39866484990078455,0.5092947106847674,0.5562792480665077,0.3231283147462974,0.8432537169984063,0.5082701278151945,0.35579592603718113,0.3210636755541675,0.4029919831053894,0.0,0.16407577991026245,0.3113701919104257,0.4332273287961369,0.5050523109744687,0.41180925497866583,0.3793192235387305,0.2872274033200264,0.4581465374625508,0.37221986795893636,0.27297065992031666,0.6314487140607293,0.6314093238574692,0.6022085199444355,0.1946736732009132,0.3490237578260733,0.029077699637026944,0.05739191761043172
0.5547537622611759,0.8704472978932418,0.6206522444878317,0.029061565918824278,0.6228050396626165,0.7590519826658867,0.7717815432876349,0.7242276217804939,0.6439201551417517,0.0,0.632116804607523,0.7395690059584901,0.6699328566972097,0.029344223181762705,0.5278733722371676,0.7157133156165025,0.943062554911875,0.8053304792763187,0.548113985584765,0.7727857567647609,0.7482379389785128,0.8169134268259179,0.7028127188382844,0.622197103446907,0.9227848466311352,0.9045231581297668,0.8317497386180681,0.4292477320931551,0.8107229828974457,0.3254304332732414,0.3557959952415398,0.04691624148882781,0.49099258750965297,0.0895943374029763,0.0,0.0,0.21788782292085235,0.2992782418352555,0.0,0.47767856304232914,0.0,0.0,0.21638841474648463,0.0,0.3138454500571818,0.557744759298587,0.8812809840335651,0.5872470837295471,0.0,0.0,0.692184990034232,0.5136103671229788,0.5285298868510497,0.5898175517058671,0.9031488383184277,0.4090306851172073,0.5643034014740252,0.6022604607135252,0.0,0.5525310757544983,0.6856311358745724,0.785209819370999,0.866972651747364,0.43033367915674264,0.7403731249067718,0.7101167112951017,0.8425609254873578,0.623230721131032,0.5254787055390076,0.9125127635963846,0.9088096562197638,0.8231133048307923,0.44395282115506196,0.7128678733527019,0.18874930471008206,0.32474769771484163
0.38111503167388605,0.49911127660568255,0.9015692533632093,0.03131268865634629,0.7034562931029922,0.6145997579144195,0.46980149000550625,0.6835442070016959,0.6889511267799424,0.632116804607523,0.0,0.5774916506771304,0.2891388136013258,0.1697159213269743,0.48855334800879996,0.4409526140838299,0.5241331197897832,0.4494364539783312,0.7966230542392957,0.5964451645257863,0.45895290095872143,0.5389217009309266,0.7057961140596687,0.4960572901966327,0.6164374667756036,0.6311754249794097,0.6828659786434227,0.15797351807463964,0.4380201260425346,0.30800523004179897,0.19799107217479645,0.18241135928648078,0.15057133148852753,0.0,0.0,0.0,0.034218122348011304,0.2637487340445319,0.12967408086627485,0.12982122556915418,0.0,0.0,0.22764854213168267,0.05850997966398817,0.1548261976539832,0.3278088762614111,0.5884810335319316,0.8984772377169751,0.0,0.42652715249916606,0.4262966197882968,0.36033455938590514,0.5926542072607973,0.7444131026941921,0.4960398692454429,0.8203136031601562,0.4362718011187867,0.3068887109881012,0.0887886380681163,0.5043885136728032,0.45494570480506574,0.4710706910210972,0.5295457872022579,0.8332842848947688,0.5833455312781136,0.5395584956048377,0.5997591938005549,0.6042135170706372,0.3326610904586468,0.6101476643630346,0.637162877410387,0.6525563047209353,0.17828932324754226,0.4657312341196038,0.16417729346414156,0.3069513331690604
0.5311535792853382,0.6881307006586647,0.5542108145235352,0.027923319064943122,0.5057994441382421,0.6420792155891998,0.4836274798863754,0.720340048572242,0.4591445313014786,0.7395690059584901,0.5774916506771304,0.0,0.5808887133949123,0.0,0.45310419341606734,0.6773629236668135,0.7260391480660945,0.7104370467641241,0.4369667502094907,0.644325523124583,0.6715724102897165,0.6822986732714473,0.6512130146759745,0.759816195799297,0.6628637413634988,0.7394253558073396,0.6177082572907362,0.485929931123207,0.647088952945841,0.41360784214544327,0.42409072907864287,0.0,0.3044381491504279,0.07305138014039518,0.0,0.06321793561819694,0.3149352235878867,0.2941997910754887,0.0,0.315014879341342,0.0,0.0,0.1899086769765787,0.08567269106612559,0.2733642887481492,0.5376823248856974,0.6236196941792704,0.5434100225811493,0.0,0.05699413818696911,0.615467329863927,0.2896791906816838,0.6069452743446986,0.5438058219133489,0.6969834253520586,0.44432314764249725,0.7568174746708541,0.5934723077009392,0.0,0.4663566266577244,0.6236029867917963,0.6339732554996452,0.6656255831212964,0.4687469591582051,0.6617190657433288,0.6493932064796006,0.7164166934336437,0.6174956482494677,0.6116167672737902,0.6453196572346187,0.7292492854017857,0.6304906963380875,0.4991357587522893,0.7257690543376056,0.4138285139765993,0.4114285166829638
0.47091143658355905,0.7525513897666043,0.2709459810745013,0.1266163891612288,0.33686206740643754,0.5610054602038554,0.5622297045288903,0.4706925743845984,0.3837974934282725,0.6699328566972097,0.2891388136013258,0.5808887133949123,0.0,0.0,0.22751296593899384,0.7173444426320885,0.7108182146919597,0.7495415581167817,0.26809020936306055,0.5183633367454328,0.5647047204826932,0.6011343924165123,0.4960817380234249,0.444145698653574,0.6549145226816782,0.7226274610138828,0.4044250265918534,0.8222735147124736,0.624243367019953,0.43466198515221294,0.38881045731143005,0.0,0.40359652959945,0.18629110793224507,0.0,0.19147406441435733,0.21073878968547538,0.24419246568479444,0.0,0.40624231753642537,0.052051622330675285,0.0,0.2328996236416344,0.0,0.36037257722712673,0.4631862775875729,0.6820623605584124,0.24094833313887787,0.0,0.0,0.619789036122365,0.38823971574805727,0.4814063847908327,0.3936440740304864,0.5686003948820262,0.1388636546315207,0.614945463902853,0.8404690326337906,0.0,0.24582981584700017,0.5740821833071844,0.6077516255615247,0.6627847847956831,0.1491384968372488,0.5286788838945768,0.47865375873645655,0.5979824864582928,0.4938136842212607,0.4474978802447052,0.6327876457609358,0.6965102718559874,0.4107389408374725,0.7753550379610517,0.5264251309629474,0.368597216425015,0.3023789191023273
0.18650960692256116,0.033416034267628555,0.180622776408841,0.05112680373062517,0.29104622780611866,0.0854495630121796,0.200970681024663,0.1361166133876286,0.15588871777090557,0.029344223181762705,0.1697159213269743,0.0,0.0,0.0,0.23086489837041613,0.08270318425900704,0.0,0.0,0.11797743098607115,0.20723163045192028,0.0,0.16283016737505918,0.19339289558735157,0.0,0.11378510730034697,0.1583713444733215,0.1891613602326214,0.0,0.0650259290422172,0.0,0.0,0.20786723587222544,0.0,0.0,0.028017234464245838,0.0,0.0,0.0,0.30538179783201724,0.0,0.0,0.034375555016324916,0.24397307357368772,0.0,0.0,0.08908396280941219,0.05855589789153885,0.2053005548741584,0.3644477549211347,0.2943148575741691,0.0,0.291799774247093,0.0,0.1105069914410447,0.029179691283289982,0.0,0.04224032920822074,0.0,0.4959605014264871,0.2263386633629621,0.025219312722922244,0.0,0.0,0.09842452090100098,0.18249871982693983,0.0,0.035195280010350036,0.10425699447885153,0.0,0.10764200443341722,0.1034181636704939,0.17259031970744146,0.0,0.07115313980000007,0.0,0.151139515060898
0.5763816420977214,0.4009858094353428,0.4798208869223037,0.0,0.2073013773632735,0.475604144189698,0.3374304586295112,0.4883852911231662,0.17065371639497773,0.5278733722371676,0.48855334800879996,0.45310419341606734,0.22751296593899384,0.23086489837041613,0.0,0.5105663512165791,0.4433574012484428,0.4235482193934126,0.21247462233253103,0.7973874179870202,0.6333126231250371,0.7680084337710321,0.6626842826579634,0.5402595740955181,0.5340265795613923,0.5712183247080698,0.6385216712576439,0.22029085010878433,0.5729221961772086,0.4101461255696629,0.37278071945228375,0.18995299439227775,0.19092296523527336,0.07051846153219016,0.0,0.0,0.05164585874679235,0.14745743495358724,0.2202614241637742,0.1861340843819117,0.0,0.0,0.2993434686423482,0.13349892081204287,0.16730696088337496,0.5142511907842471,0.4614228694557827,0.5401887281458544,0.0,0.0,0.41276381676266705,0.22061205518122728,0.3518022807195347,0.19595188897319277,0.45028997562933304,0.4200267453401837,0.3009567166913729,0.26023770924716205,0.06427558560529983,0.9357386441951604,0.5982714584983699,0.394262535018305,0.4856149411445476,0.4581672227124984,0.784995155421865,0.6756600356596292,0.7172659647261148,0.6743815284570769,0.43857887923982986,0.51437048389677,0.5742904933692634,0.616577651268797,0.26806554537411603,0.6515424656863057,0.20130012756424043,0.49727822612697925
0.7096543255681657,0.7741456762858303,0.4455762060165611,0.02657273964367235,0.295368311604284,0.6401967445303337,0.5060488106782218,0.6970278518735895,0.31091281187719116,0.7157133156165025,0.4409526140838299,0.6773629236668135,0.7173444426320885,0.08270318425900704,0.5105663512165791,0.0,0.7221867672090141,0.7911790487587512,0.31075633634715366,0.7556575212387463,0.7020374845991063,0.8446566661229861,0.6650750091195934,0.6569300492966501,0.7232043387265128,0.8150189291390612,0.565292002906115,0.6470514853550321,0.7624074759501688,0.4842032657499976,0.6206055940154696,0.07373470918297562,0.3674822958440349,0.094927172799423,0.0,0.0,0.14057910205630636,0.21822549827605797,0.16871030358374323,0.33624524241672615,0.06319513486265807,0.0,0.3231539992780531,0.07876935622666638,0.22350234293197085,0.6657249364048821,0.7328889638047864,0.5085395962768385,0.0,0.0,0.6606533582393053,0.28643456595627864,0.6642805603867096,0.35946833690836877,0.6917005299773844,0.2929430184707996,0.6102931137675183,0.7021296508390644,0.059080527681909564,0.5450246881551222,0.816623097040466,0.6904256155318782,0.7687793512527895,0.4063186526074154,0.7432597063154261,0.678769382061548,0.7789585622755741,0.709069956833619,0.49253188525255387,0.7300553294352612,0.8095074140849754,0.5910935760408342,0.6077398181574412,0.6938675031075869,0.4334183647858143,0.5926888336797139
0.5233067209597371,0.8795280964549169,0.49727726034113606,0.021163679689739007,0.5823310385478654,0.7198659839913258,0.7278556957159175,0.6078698918816257,0.6083185665252837,0.943062554911875,0.5241331197897832,0.7260391480660945,0.7108182146919597,0.0,0.4433574012484428,0.7221867672090141,0.0,0.836688984468773,0.4946188257720738,0.726633773360512,0.7041178849363814,0.7519149438958803,0.6252275236597886,0.5680815442270932,0.9142673870134573,0.872960092447488,0.7260316451704398,0.48845656968019957,0.7638930674911992,0.34234870519271277,0.34270259761307276,0.04936161263791722,0.5317875745293046,0.1274974797445412,0.0,0.0,0.15793794918091214,0.3067029584481239,0.0,0.5473465004854827,0.0,0.0,0.17033598886177787,0.0,0.37633744345291764,0.5442154908855787,0.8514025942797736,0.49559235157623904,0.0,0.0,0.6907982133162018,0.44830908802275765,0.4814327870551217,0.5523155649424109,0.8479586034020992,0.3475221855925873,0.5228915487673689,0.6215026459371191,0.0,0.47745204634738503,0.6621502839317774,0.7823134108342628,0.8677090070867539,0.35939413264500897,0.7019959956661248,0.6620029524479774,0.7712174599022196,0.5735293363978127,0.46733803371331883,0.8698798522580946,0.8643075314027533,0.7317697425771519,0.49333307583921726,0.6568591759857346,0.23394197666435856,0.2637210476083855
0.7097787852283227,0.8063866559795051,0.4466636513665576,0.05547142900137797,0.4274021930290294,0.8006628967115814,0.636250570527484,0.5436217962618209,0.5102365428404075,0.8053304792763187,0.4494364539783312,0.7104370467641241,0.7495415581167817,0.0,0.4235482193934126,0.7911790487587512,0.836688984468773,0.0,0.4376960478838706,0.6295363420047951,0.7452105223210529,0.7054772251822166,0.6325457790137899,0.6984157869530454,0.7960884250622611,0.8486771257051298,0.6052337229656032,0.6426804180228107,0.8161126162379966,0.5018068327404424,0.452548213886014,0.0,0.47944760077482707,0.16610248934425445,0.0,0.13298729862764264,0.1382571978151442,0.23873167506646215,0.0,0.49164315022785365,0.02532552948187658,0.0,0.22381778996859739,0.023975756591182396,0.33709263785844623,0.7532620722604476,0.7865831128415544,0.45982495246274635,0.0,0.0,0.7436143318891977,0.410703820483379,0.44790993806302476,0.46220849025463584,0.7004781387820014,0.20559133718140513,0.5948990363657093,0.6337749960479337,0.0,0.457863932973888,0.7229581271643376,0.67024211685209,0.8353118174591818,0.3199242843245539,0.6389371656424045,0.6326937173003284,0.7005042417997865,0.5807699420523668,0.6272802372532806,0.7870938768040101,0.8318476644134245,0.6319621947982577,0.5432490836852928,0.6686711208798983,0.3836017713202683,0.37903122861893906
0.2796542289229281,0.4299496117453966,0.7849609712802043,0.0,0.6987207718487877,0.5680819329868023,0.45786507224233275,0.5074582105320328,0.8312252899876167,0.548113985584765,0.7966230542392957,0.4369667502094907,0.26809020936306055,0.11797743098607115,0.21247462233253103,0.31075633634715366,0.4946188257720738,0.4376960478838706,0.0,0.35743592773656185,0.36103271531870496,0.32697577177602066,0.5784703430289876,0.38790396301200225,0.5151503877549033,0.528073722037287,0.5176371547263647,0.1157558205217713,0.3020639997108491,0.22469381070495725,0.13368029202137416,0.07760616243328228,0.20854759470436784,0.0,0.0,0.024966256293444483,0.008162786239912193,0.20807536740926252,0.0,0.17571823070439696,0.0,0.0,0.16100174426963176,0.10995000961534974,0.19583791627074,0.2605612038475419,0.5387626493539353,0.6939997425271757,0.0,0.369114506582715,0.42751734371626604,0.3654281773067948,0.3975761412352284,0.7205150277589693,0.42239659312411343,0.48939351477455356,0.3332645180431697,0.3119977123468099,0.0,0.21354606686993166,0.369766050635579,0.4179430750323765,0.4448859886228478,0.624545708198832,0.36574254562439396,0.2872883802100085,0.42653133721551795,0.44170485478969784,0.28599810765442935,0.5167039522821826,0.5437796298079147,0.5037596589302168,0.1365758542711445,0.3220560735211245,0.12187120881820554,0.1398587907721504
0.6470775780633291,0.6862084480386775,0.607131018720831,0.0,0.3877994129741705,0.6119371700638156,0.5876201240764292,0.7230537127848857,0.3763037024794133,0.7727857567647609,0.5964451645257863,0.644325523124583,0.5183633367454328,0.20723163045192028,0.7973874179870202,0.7556575212387463,0.726633773360512,0.6295363420047951,0.35743592773656185,0.0,0.6907611906860561,0.9275666046934983,0.7435002083396018,0.6127583383221455,0.7736206764608153,0.7979149624881914,0.7607796180915618,0.43537637221169073,0.7789894453531442,0.517719469783965,0.4411210494332754,0.16699847805593598,0.31192026741753454,0.0,0.0,0.0,0.07824277917982339,0.16230208648107114,0.2274380388125865,0.34087997880640974,0.0,0.0,0.3325115956905069,0.04465576581377624,0.16579784710951606,0.6021816674973689,0.7115018802825516,0.6399947259074827,0.0,0.0,0.5528269004883366,0.40044241336217185,0.5785218718705128,0.38239697042112886,0.6604881416673278,0.4658111647031048,0.49897202949572916,0.5494883069357928,0.14188741161252044,0.822113580116062,0.7258645359127991,0.6331298579228681,0.6985623133607399,0.49834526106919425,0.9265067463233081,0.7257685814299478,0.8607791759906718,0.7538783861206588,0.49287639839652164,0.7367896518897847,0.8146385340262643,0.7324735667749355,0.5080042944040412,0.7872841011669827,0.31059248710067516,0.5434625162343443
0.7168802052651406,0.6895679258146032,0.44453682031478414,0.0,0.2528483312991579,0.7663999205422511,0.40297755305577604,0.6524401831159546,0.37406164756122595,0.7482379389785128,0.45895290095872143,0.6715724102897165,0.5647047204826932,0.0,0.6333126231250371,0.7020374845991063,0.7041178849363814,0.7452105223210529,0.36103271531870496,0.6907611906860561,0.0,0.7663394974664224,0.7199632571119149,0.7892444215143328,0.7063464463562877,0.7905674992765805,0.6499416054570162,0.5322375368620544,0.773221145238551,0.44560176603759405,0.5631471209657168,0.0,0.3941736298796696,0.23367113220549968,0.0,0.07578432412291637,0.23523054965071793,0.30830978419618976,0.0,0.44426461540581635,0.1459959569104068,0.0,0.255749181951629,0.12704088740632033,0.4048432076252467,0.7279794451674176,0.7293838153386746,0.475848816093038,0.0,0.0,0.7469298980760415,0.2435005079385566,0.5255248764775251,0.3153059007283753,0.6683803603359622,0.25403684893217415,0.5417551797029517,0.530245270066219,0.0,0.6271135159997461,0.7634922754015588,0.6727012272244561,0.7680633892081243,0.3567547210930882,0.7202083959339663,0.8535798905713711,0.7727901914955839,0.7508098473236291,0.7614363825913364,0.7060638055839675,0.8072225395027975,0.646603819942867,0.4404887325767858,0.7625543048331525,0.2848662826022162,0.48751458665729147
0.6981749914916147,0.7499681466024958,0.5453965512302285,0.0,0.38642088371416644,0.6590285435675882,0.6179664205869333,0.7508337416499099,0.38749641040857663,0.8169134268259179,0.5389217009309266,0.6822986732714473,0.6011343924165123,0.16283016737505918,0.7680084337710321,0.8446566661229861,0.7519149438958803,0.7054772251822166,0.32697577177602066,0.9275666046934983,0.7663394974664224,0.0,0.7054921416622872,0.6724688677882296,0.8037909720609375,0.8555610057278564,0.7862244329990846,0.47899488625574876,0.8572319861899849,0.4762590748775099,0.5413189414499746,0.15969913537075903,0.4015797293567809,0.12744705994465189,0.0,0.0,0.11586541239980014,0.21733908730786844,0.1948108457558816,0.39468720146037106,0.0,0.0,0.3652254613829172,0.02071290695356387,0.23813359115772398,0.6520107521165086,0.7619190614368148,0.5717088635759978,0.0,0.0,0.5984570753467392,0.4212736698486474,0.5778538086631954,0.3691931286115753,0.7219164551739427,0.3909278068425516,0.5518478464073511,0.5725306650282507,0.087413202388798,0.7657914007027165,0.7887938379560464,0.7050039915039996,0.7771214713854044,0.43984073967784926,0.8778045419004445,0.7597317448201998,0.9078794788393156,0.7222365442206463,0.5341982034898946,0.7841676780540058,0.8531133001026506,0.7492038877512779,0.4974649192675862,0.8244186196667322,0.2803314673490708,0.5956171912018122
0.5058610987891868,0.6358116053294672,0.7597744920703258,0.0,0.42366605801754076,0.7999820163443477,0.4617323332632176,0.7988179478349283,0.5240852351067992,0.7028127188382844,0.7057961140596687,0.6512130146759745,0.4960817380234249,0.19339289558735157,0.6626842826579634,0.6650750091195934,0.6252275236597886,0.6325457790137899,0.5784703430289876,0.7435002083396018,0.7199632571119149,0.7054921416622872,0.0,0.633124436366107,0.6909142824496307,0.7366587156324755,0.6989223935797151,0.38306129637204855,0.6331551656579728,0.4573618916007318,0.463278093002792,0.0,0.17999674315940045,0.0,0.0,0.0,0.05651043751573477,0.2251029034316826,0.0,0.1855612846348909,0.0,0.0,0.2652553770590332,0.09106242896963156,0.1438710145525454,0.4561959752235869,0.6919591307312019,0.7689267144568288,0.0,0.07094499908700591,0.7188751016740079,0.31605571077918515,0.7029417891991077,0.5241182044159267,0.6211336613391778,0.5068786668792302,0.533758388546406,0.5455134594464744,0.02177806580344324,0.680316693578354,0.6666928114373363,0.6089611155963089,0.6751162512883171,0.5676641197649103,0.7552451146307617,0.659326189923432,0.7497696254803734,0.9056461363711346,0.5242614139422539,0.681658591378788,0.7671883212334277,0.6953883184850616,0.40552735440325055,0.663215910571912,0.33631390775932507,0.47376351509493253
0.759287411464937,0.5333583528987365,0.4904056901385993,0.0,0.3127097018928535,0.6839172045530164,0.32111503008496545,0.6262052790578896,0.3319225737255188,0.622197103446907,0.4960572901966327,0.759816195799297,0.444145698653574,0.0,0.5402595740955181,0.6569300492966501,0.5680815442270932,0.6984157869530454,0.38790396301200225,0.6127583383221455,0.7892444215143328,0.6724688677882296,0.633124436366107,0.0,0.5581791467134835,0.665264078715609,0.5550201258575419,0.494525975684185,0.7254488258855936,0.5297427990287245,0.604102526414158,0.0,0.29329805959623856,0.1542016797958615,0.0,0.09984060160982389,0.3436711955548545,0.29046076334076254,0.0,0.2534737876413277,0.050628597113183876,0.0,0.2146438781569039,0.10010355917029778,0.27836334029158777,0.7509263427983135,0.5323513675562915,0.5468196734396155,0.0,0.0,0.5920759065642693,0.19994106546604673,0.5191255915474114,0.3564218968172424,0.5632746855101498,0.3168638895399344,0.6820297820030601,0.4357565341130495,0.0,0.5056316688453355,0.696410094643122,0.5776118195089173,0.607209045194347,0.4953411034239632,0.5893103422456166,0.7431207530386927,0.6617277351802475,0.6649427331455218,0.8593488141953138,0.5633911023244175,0.6844752249629666,0.49680662407607956,0.4349796028884695,0.7068423034552018,0.4408107054170157,0.5645678329888801
0.5723440606768072,0.9010218947613422,0.5938148481765194,0.016886363809574853,0.6311617377829524,0.8185980920196503,0.767378470963886,0.6788864196939618,0.6848398273782181,0.9227848466311352,0.6164374667756036,0.6628637413634988,0.6549145226816782,0.11378510730034697,0.5340265795613923,0.7232043387265128,0.9142673870134573,0.7960884250622611,0.5151503877549033,0.7736206764608153,0.7063464463562877,0.8037909720609375,0.6909142824496307,0.5581791467134835,0.0,0.9394498651293097,0.857282936212924,0.3831618377811351,0.8261779837014114,0.2597827795611307,0.3566431276988651,0.08227772222526616,0.5121584073193948,0.13321617157766102,0.0,0.0,0.08155677552940743,0.29482783812370583,0.04034986841904867,0.4973239477388526,0.0,0.0,0.2922694344115581,0.02419479319210667,0.301333018844566,0.5614345447134368,0.9261764589142913,0.6047585757481042,0.0,0.04475871924914987,0.7363489964868903,0.56478607702997,0.5265327517491305,0.6396026123000098,0.8655413581061848,0.40209681505250305,0.474368801811369,0.6336687117642601,0.0,0.5549606252131984,0.6842271414157741,0.7767032632380416,0.8906540641974069,0.4061151332920338,0.7373062970515789,0.6825836263087222,0.8007964533839147,0.6263257476179156,0.47736836545857214,0.9602106603782008,0.9296135417591291,0.8242312910677039,0.4218386883553132,0.6691616195604807,0.11914023049655337,0.29113687135861155
0.6726402970324821,0.9360292880780835,0.6075378020775275,0.03442780949799665,0.6057062882893496,0.8289480669901443,0.7393801318846691,0.754582804915246,0.6207669785141426,0.9045231581297668,0.6311754249794097,0.7394253558073396,0.7226274610138828,0.1583713444733215,0.5712183247080698,0.8150189291390612,0.872960092447488,0.8486771257051298,0.528073722037287,0.7979149624881914,0.7905674992765805,0.8555610057278564,0.7366587156324755,0.665264078715609,0.9394498651293097,0.0,0.8339214624540622,0.49751347608907104,0.8839623974222832,0.3706364323370007,0.4599743822764601,0.13796884198563925,0.5266190188281497,0.15364388157523076,0.0,0.0,0.10165049608829702,0.3102836587204333,0.07840457609444085,0.46777910179489524,0.0,0.0,0.33439893715325386,0.0,0.29772518193058733,0.6570250146683142,0.9080481446427096,0.6182948125740064,0.0,0.019122678147452693,0.7080177856289265,0.5277884031521187,0.5900178269129011,0.58399931196414,0.8115221528808395,0.39422837998591265,0.6173157338779243,0.6747531544270605,0.0,0.5841442785151725,0.7482419477618154,0.7908761505283965,0.868517874925467,0.4610952740729733,0.7856949109301113,0.75447349549648,0.829449146527736,0.6690603667065509,0.5503379324014113,0.9347935970046988,0.9550250881148336,0.7915754133225781,0.5055704498962583,0.7599930078064848,0.20355376689515992,0.38860576563660104
0.5140178187529287,0.7563752272194669,0.6779614520591271,0.0,0.5928573089675176,0.798372909449069,0.6933386461610007,0.682679272820139,0.6024534343326508,0.8317497386180681,0.6828659786434227,0.6177082572907362,0.4044250265918534,0.1891613602326214,0.6385216712576439,0.565292002906115,0.7260316451704398,0.6052337229656032,0.5176371547263647,0.7607796180915618,0.6499416054570162,0.7862244329990846,0.6989223935797151,0.5550201258575419,0.857282936212924,0.8339214624540622,0.0,0.134888217291269,0.7957141647802737,0.2246027041345249,0.2371676004804354,0.09153995867107409,0.39321296738748224,0.07070955942075316,0.0,0.0,0.04828822428294686,0.23410476423567608,0.0,0.39491872853990506,0.0,0.0,0.28218961173816676,0.0,0.24813142695564677,0.48794350515345397,0.7963630216762518,0.6437018225039317,0.0,0.04134473486534612,0.6063270666730705,0.5649374133699838,0.405415514118002,0.5137490315099116,0.7169393935319658,0.4331789007311166,0.4008071515768228,0.36402278923780773,0.01171702720075557,0.6320439725203352,0.5931214119964934,0.595391983980099,0.7046001693415251,0.47318379281742134,0.6877528287425362,0.6130279023651878,0.8019158805787776,0.6044893252280883,0.47448453075152724,0.8488493777253776,0.8170670587343856,0.9597378844578391,0.15682112856415364,0.7506693411048457,0.0,0.3360988374094769
0.5027097921990165,0.4763192018793765,0.13528334589777247,0.1357346873215701,0.09666994266266388,0.3529833163276824,0.2915735448201432,0.32122717005390183,0.13875900154765392,0.4292477320931551,0.15797351807463964,0.485929931123207,0.8222735147124736,0.0,0.22029085010878433,0.6470514853550321,0.48845656968019957,0.6426804180228107,0.1157558205217713,0.43537637221169073,0.5322375368620544,0.47899488625574876,0.38306129637204855,0.494525975684185,0.3831618377811351,0.49751347608907104,0.134888217291269,0.0,0.4710957514226974,0.6274855287004812,0.4703845794072793,0.0,0.280137317931757,0.11946710321326315,0.0,0.33614851714419713,0.345832632906232,0.21146848997909404,0.0,0.3057822744536625,0.06895092428605264,0.0,0.21865788859883878,0.01621090631751035,0.29196814004684724,0.5016047344045544,0.38884932719107546,0.16431850397951944,0.0,0.0,0.43079514873365976,0.13712737381996495,0.39982273750408404,0.16240639339879182,0.3516632627250274,0.1105256496160788,0.5464077789386931,0.6892334954135574,0.0,0.23176718498067964,0.5371316028397475,0.4330515259345846,0.5053238679607527,0.1606368496314652,0.4392271124789042,0.46030142378688715,0.4411231353617161,0.43733333684772774,0.48301637151051946,0.37052893335576675,0.4728548458759506,0.14669957454583687,0.8403694854737904,0.47254453635682764,0.5876331342584387,0.3745372850369906
0.7250103389632079,0.7998602125580534,0.41405937512720914,0.005773347714485927,0.3433441438330233,0.8048319586355065,0.642792820146658,0.6304063994505005,0.3898579925016747,0.8107229828974457,0.4380201260425346,0.647088952945841,0.624243367019953,0.0650259290422172,0.5729221961772086,0.7624074759501688,0.7638930674911992,0.8161126162379966,0.3020639997108491,0.7789894453531442,0.773221145238551,0.8572319861899849,0.6331551656579728,0.7254488258855936,0.8261779837014114,0.8839623974222832,0.7957141647802737,0.4710957514226974,0.0,0.42071458960663843,0.485890920555642,0.0,0.4312144138152324,0.18196112672381057,0.0,0.015615511477898053,0.1639012846997121,0.1941741349361698,0.0,0.42977186593448824,0.0745484601823766,0.0,0.25059148400372233,0.0,0.2573400696372647,0.7300744957396204,0.8008781087800527,0.4397989397738588,0.0,0.0,0.7328472694388211,0.44620845026249345,0.4543027399675371,0.3011338220881583,0.6957926661008971,0.1748213298686419,0.5490474477114695,0.5636292825733707,0.0,0.5908602624550269,0.7494598619048222,0.6788803045608751,0.7844387452998638,0.29758820472820235,0.7065404218824762,0.6737639027655316,0.784744047800203,0.6373365914028268,0.6751306935046621,0.8163923692207764,0.8717606973332619,0.77462088253023,0.3911855572287557,0.8743140878728619,0.21371806255822556,0.5071332543807231
0.5398817569856261,0.28515145755784477,0.29346926379042704,0.040271117050654365,0.1950389133630078,0.36399864898020357,0.3359981458289496,0.38295806078493666,0.16086970133507514,0.3254304332732414,0.30800523004179897,0.41360784214544327,0.43466198515221294,0.0,0.4101461255696629,0.4842032657499976,0.34234870519271277,0.5018068327404424,0.22469381070495725,0.517719469783965,0.44560176603759405,0.4762590748775099,0.4573618916007318,0.5297427990287245,0.2597827795611307,0.3706364323370007,0.2246027041345249,0.6274855287004812,0.42071458960663843,0.0,0.38675074759699646,0.0,0.10307183488929694,0.0,0.0,0.1503143278847771,0.12938903447189382,0.10416797370166567,0.0,0.1354304353576468,0.02646134897529609,0.0,0.18953125968544168,0.0,0.1217798722904673,0.4946064712459341,0.25735409106781276,0.3215251498297268,0.0989473869216361,0.0,0.30602226284220196,0.22335653394127103,0.39731254635904323,0.0992937286321611,0.21049285255256353,0.1773476042283044,0.4776450272914527,0.36704446624832504,0.0,0.44490361811856577,0.4590802418882461,0.24427434597931624,0.3380949467561077,0.26828090486155315,0.47538378573156836,0.44725183709539534,0.44931796520713596,0.48602824371868386,0.5273000363733699,0.2527390258438632,0.385634860993081,0.23578227168507132,0.5126963579893067,0.47636688161540613,0.6932825728758898,0.49232959496766715
