0.0,0.8225660769747121,0.0,0.16290264043051605,0.0,0.0,0.33300594739323286,0.28128915626443635,0.0,0.4820493720301297,0.0,0.1132240274622342,0.5510302984992245,0.0,0.5167628292225801,0.7691550682050035,0.620117303601544,0.7426933020264532,0.0,0.0,0.6956522877633057,0.744600745203235,0.0,0.26935362001223556,0.9014060793632939,0.7047605951872574,0.0,0.5959216813031623,0.0,0.0,0.39911145508371404,0.0,0.3131786263151345,0.0,0.0,0.0,0.0,0.14007554514871096,0.0,0.0930695985013004,0.21894807692532162,0.0,0.0,0.0,0.0,0.0,0.0,0.0,0.10989988655959942,0.0,0.3246831523457537,0.0,0.4427073857241334,0.0,0.0,0.19873725374220627,0.0,0.0,0.0,0.6617924393366863,0.0,0.19553863016549755,0.35013359318339476,0.0,0.582511593667658,0.7575373849565648,0.3076125567039024,0.4893144564075199,0.1530639419027489,0.0,0.0,0.6629502102189428,0.0,0.6246899712558976,0.0,0.028500578136452404
0.8225660769747121,0.0,0.0,0.20458227203861168,0.24452678517553653,0.0,0.5379856789430878,0.5807053539908755,0.040086397502786,0.40622301933915633,0.0637323151238306,0.1487862500571789,0.7955807628709974,0.0,0.6456090051164483,0.8094663694425586,0.711992665576497,0.7140156690957158,0.0,0.0,0.734485628695692,0.8366035838098131,0.0,0.0,0.8582431305004854,0.4629855969741124,0.0,0.7339397952762777,0.0,0.0,0.32187928882800954,0.0,0.08221991429225478,0.0,0.0,0.0,0.0,0.2567282989477847,0.0,0.0,0.22060799430487238,0.0,0.0,0.0,0.0,0.0,0.0,0.09462232918273059,0.25637269242229815,0.0,0.5028722042185803,0.0,0.7144108083029417,0.15168041241719865,0.0,0.45110554476037845,0.10874347963100586,0.0,0.20105417381645158,0.8848586633787159,0.0,0.24917077938406296,0.06589766216864887,0.0,0.6804400054919573,0.8307355761123869,0.1595154719276934,0.712425761300914,0.0,0.0,0.0,0.827791288712822,0.0,0.5597427535558146,0.0,0.0
0.0,0.0,0.0,0.026480148289193303,0.0,0.5451774178195189,0.0584562501769775,0.23748510548909318,0.32925022612489807,0.0,0.5619485319400351,0.07244148791130609,0.026535865754788335,0.1632446499494189,0.0,0.0,0.0,0.0,0.7613863590086152,0.23831608251874886,0.0,0.0,0.6464360395623305,0.19148266042330794,0.0,0.0,0.29411007574604003,0.0,0.2666711233457766,0.27604363859572284,0.06262118116659907,0.32931350838800816,0.17193017632967078,0.2607118526963269,0.16541009832800607,0.3923541997136839,0.11983864571468086,0.0,0.25843549433107466,0.17778403767459885,0.0,0.16341483433747192,0.15940491255302097,0.16543313924068695,0.15867747056218365,0.12453128984330833,0.2118495187077472,0.7547778163232005,0.06349533504818852,0.12014921052944583,0.05855520577563311,0.043812148555846586,0.06054116392792641,0.23078527165878532,0.09370542430413328,0.20454040923488925,0.13994016585601157,0.06283944580869072,0.0,0.0,0.0,0.0,0.0,0.7540980602823998,0.0,0.0,0.002698468481787397,0.05782311768282894,0.08207592564203504,0.12008049841674626,0.1178632150994782,0.0,0.08897191986026692,0.0,0.07012214741787914,0.04215897965563531
0.16290264043051605,0.20458227203861168,0.026480148289193303,0.0,0.09611412614046266,0.0,0.16398586081102248,0.2574878449651548,0.0,0.2366703805347384,0.0810161711809292,0.1649527127264758,0.23444493300626554,0.0,0.20835614314944803,0.21535367640066888,0.3274719930512091,0.052390541924591,0.0,0.0,0.11818875428254298,0.177775250539853,0.04941742552340146,0.0,0.10540615196206089,0.04408089133531591,0.0,0.3130143420284465,0.0,0.017872027963249743,0.1823775058369956,0.0,0.0,0.0,0.0,0.05700647948277704,0.10497379537461277,0.0,0.0,0.0,0.0,0.0,0.08057323283552977,0.0,0.0,0.0,0.0,0.06660882971424682,0.19482881096061422,0.05407209389168109,0.0,0.0,0.15362793889539558,0.04715622449083069,0.0,0.18270226519362992,0.15182139230664213,0.0,0.17993470408396717,0.14999140427917673,0.0,0.26310559626839736,0.0,0.04198108488288487,0.1785873293276853,0.10847482362747404,0.0,0.1715384028642592,0.0,0.0,0.0,0.19686781601475217,0.030706798541746724,0.07176975028943153,0.048978285284756076,0.0
0.0,0.24452678517553653,0.0,0.09611412614046266,0.0,0.03166543777112968,0.616241033570128,0.36838304689490686,0.5103600273188698,0.0788898385281114,0.46793194265102883,0.0,0.548467573961739,0.4674592309840046,0.4568763936285921,0.012891203159663273,0.20347825567224864,0.0,0.0,0.03661607071881612,0.36455367495031643,0.2416025977993872,0.2353109496007606,0.0,0.1022143897682191,0.0,0.0,0.5194322634087456,0.0,0.3103917006249713,0.16070780781463861,0.0,0.0,0.0,0.0,0.0,0.023891211094239306,0.1349125533259348,0.0,0.0,0.1176114413599649,0.0,0.0,0.0,0.0,0.0,0.0,0.2249846753566423,0.2705639005921595,0.6133509508106516,0.5555381531553303,0.4741629869951707,0.492202908559395,0.6310301045543344,0.0,0.66407980640445,0.0,0.2722551509477441,0.3004297630145537,0.4983893942281979,0.0,0.019312162095028257,0.0,0.06419695109841284,0.25716385040285833,0.4150369565250151,0.0,0.6285393027952847,0.0,0.0,0.0,0.524360413219321,0.0,0.38440781967402293,0.0,0.0
0.0,0.0,0.5451774178195189,0.0,0.03166543777112968,0.0,0.04316550786501666,0.026670480221523518,0.26188293853544176,0.030689251694342834,0.29130383549806427,0.20229971857787607,0.0,0.09516650028164414,0.0,0.0,0.0,0.0,0.4723630399256189,0.19180967142634592,0.0,0.0,0.6207273956053878,0.28281422701882175,0.0,0.0,0.5251595419885766,0.0,0.5485349169559479,0.22091746395870657,0.0,0.45820630461907164,0.0,0.4261257774094439,0.10231259788739816,0.5535503192703926,0.19851278449035614,0.0,0.4361048901865598,0.1458647566344798,0.012783099684807037,0.37077560816152555,0.19705287473413444,0.36566572245402684,0.3254626874994102,0.3283630880239551,0.5821468121346685,0.43181337972361994,0.09353043255579148,0.27230437997539886,0.17690785742976262,0.2843233829100618,0.0,0.17782641241158614,0.3237873622140469,0.0,0.2621698509073871,0.3665984257784838,0.0,0.0,0.15359301324670094,0.0,0.0,0.3924875006811227,0.0,0.0,0.0,0.0,0.2232549332012529,0.4248468891103856,0.436172636458986,0.0,0.13218973061143005,0.0,0.25074821003941955,0.1592243586275311
0.33300594739323286,0.5379856789430878,0.0584562501769775,0.16398586081102248,0.616241033570128,0.04316550786501666,0.0,0.3689503177124752,0.37497615118279415,0.36695662907863685,0.3299380679057837,0.0,0.7085866897864186,0.2060701956526265,0.4483009607989773,0.3075637067870457,0.37599776859697365,0.30289884302191833,0.05670211635762651,0.0,0.5501295988571129,0.5130353283864784,0.12094026795629798,0.0,0.4442265702797154,0.023271095735206693,0.0,0.4925694941621991,0.0,0.20268770781059836,0.06949597249540718,0.0,0.0,0.0,0.0,0.0,0.0,0.12348332718662086,0.0,0.0,0.21739797590036786,0.0,0.0,0.0,0.0,0.0,0.0,0.27401651093488444,0.2680241941917021,0.42330557875559405,0.6173346059016627,0.49278148657743326,0.5876359734829395,0.5043941311327131,0.0,0.5659702950370638,0.0,0.17099932908555693,0.3104658781565599,0.5635743628469145,0.0,0.02676849794558811,0.0,0.181671081659535,0.34769802950697604,0.5655621712735399,0.0,0.6559111855509079,0.0,0.0,0.0,0.6605691950198957,0.0,0.4775090265718731,0.0,0.0
0.28128915626443635,0.5807053539908755,0.23748510548909318,0.2574878449651548,0.36838304689490686,0.026670480221523518,0.3689503177124752,0.0,0.12719912051848534,0.06671427460396046,0.4362584655752224,0.421111504596311,0.6812298800620594,0.29797318790469013,0.4562447820467484,0.357425093915276,0.38164641063710936,0.12935418615354316,0.263323396721027,0.0,0.44576412507817365,0.3850363693997986,0.44849036166871065,0.0,0.2251989318513815,0.17165982549166836,0.0,0.49643462912641056,0.0,0.25818542852882453,0.24601294134577412,0.0,0.0,0.0,0.0,0.09470881737283565,0.07409453158668255,0.20346764194637396,0.0,0.0,0.01478841168796824,0.0,0.0,0.0,0.0,0.0,0.0,0.3893924711231946,0.21922740725689088,0.09448554755301125,0.2858041239839983,0.0,0.7238594056909053,0.18542928909340148,0.0,0.614419335063176,0.3350291045229709,0.06258806356034702,0.3056245602958665,0.5434205699985856,0.0,0.10915992573851943,0.0,0.29547049868083153,0.4026809738045152,0.4465190778372851,0.0,0.5907603052991044,0.0,0.0,0.0,0.4045670713534921,0.0,0.027201123789347484,0.0,0.0
0.0,0.040086397502786,0.32925022612489807,0.0,0.5103600273188698,0.26188293853544176,0.37497615118279415,0.12719912051848534,0.0,0.04426658654430288,0.559630136848004,0.0,0.2670368723813344,0.1078535719154346,0.29479724090807563,0.05619136385205739,0.07988957187341719,0.0,0.20053732280680991,0.36619627726340404,0.12201034599302099,0.1946279186412626,0.34450165042961056,0.0,0.0,0.0,0.26414373168895905,0.27264825808395504,0.13716024162761725,0.41281764845771435,0.12724077943154477,0.0,0.0,0.0,0.0,0.04116330380180522,0.15843453945586325,0.0,0.02427294668281204,0.0,0.13363301785414178,0.0,0.0,0.0,0.0,0.0,0.0,0.44651409269591824,0.10600165650023163,0.5644665664238526,0.25070451059975263,0.3936826959320132,0.13012511352318204,0.8716217320568451,0.0,0.438096664277177,0.0,0.19230618156340273,0.05006631931227602,0.21114700964814734,0.0,0.0,0.0,0.2997143865269143,0.31323732540471794,0.103454256764758,0.3332983913500446,0.29953557322247293,0.0,0.0,0.0,0.2990892182548783,0.23281045947965584,0.3419610048421018,0.19480096983807452,0.02670945175247183
0.4820493720301297,0.40622301933915633,0.0,0.2366703805347384,0.0788898385281114,0.030689251694342834,0.36695662907863685,0.06671427460396046,0.04426658654430288,0.0,0.0,0.160999935754281,0.26243715768908504,0.0,0.26355184530483466,0.44093293700620356,0.5434074116485056,0.5183203002730495,0.0,0.0,0.4156625011034287,0.4273256171628279,0.0,0.24195924821714826,0.5732174965309546,0.39899339216207086,0.0,0.34828728045678037,0.0,0.056936340975055955,0.33839434844534894,0.0,0.06351200163096632,0.0,0.0,0.12832602131305323,0.0290216188730599,0.08545197725276377,0.0,0.03300005045679144,0.08462019892528107,0.0,0.07345343700533681,0.10794088558822908,0.0,0.07117705606602126,0.0,0.045381399885316476,0.20185886416988577,0.04105231298932874,0.17164016606879118,0.2450981980386323,0.11999271741217887,0.0,0.507880478281955,0.10778663933289193,0.13619954412068463,0.13539475022919084,0.0,0.2643452907466459,0.1489699649671272,0.3264672938702631,0.29718613571213415,0.0,0.2706867562160203,0.34804122383072444,0.247908761458291,0.22169814672001387,0.16403991893608993,0.031370589819931904,0.0,0.37908446611160374,0.15451147058686424,0.4288303145021537,0.1273472825706985,0.17310006010237275
0.0,0.0637323151238306,0.5619485319400351,0.0810161711809292,0.46793194265102883,0.29130383549806427,0.3299380679057837,0.4362584655752224,0.559630136848004,0.0,0.0,0.0,0.28727850632284224,0.41995186197050505,0.2824839636962774,0.0,0.0,0.0,0.6335139384623693,0.13958962764604055,0.16437384310848013,0.12792295869406928,0.4669997257853351,0.0,0.0,0.0,0.12961956902780686,0.15619095699362842,0.0,0.4006423191782439,0.17452953739053698,0.0,0.0,0.07448625309070177,0.0,0.07597874414827362,0.16248311851390573,0.019673277983418017,0.0,0.0,0.0,0.0,0.0,0.0,0.0,0.0,0.0,0.6375886264607765,0.03451986143327734,0.47960256702507875,0.18899410464543584,0.22030489769217765,0.3466951120424966,0.47069668520040386,0.0,0.7666547179571145,0.02208626821494014,0.0,0.23006027252957964,0.18634986803720754,0.0,0.0,0.0,0.674760877177073,0.09605507921425765,0.049485718026768655,0.0,0.3365101263157494,0.0,0.0,0.0,0.16901087773626527,0.0,0.0,0.0,0.0
0.1132240274622342,0.1487862500571789,0.07244148791130609,0.1649527127264758,0.0,0.20229971857787607,0.0,0.421111504596311,0.0,0.160999935754281,0.0,0.0,0.20237841952410182,0.0,0.0,0.15352829280265812,0.373073485669271,0.26348112249082645,0.0916654594660675,0.16469218269432948,0.0,0.0,0.15692915297373183,0.6105482891389798,0.05567895635788775,0.5523640186399655,0.0,0.2751903195221476,0.0,0.13791339936328362,0.06995813019071315,0.10974017954013994,0.31405147255435656,0.09853025692868217,0.08359257423544525,0.45889126781263334,0.4390319905278021,0.17061076209911422,0.1472846152912362,0.39755599089900007,0.028992492480523033,0.05178799723634504,0.42391065071824796,0.3000671656560343,0.28326144938205633,0.09708052138566955,0.0,0.0,0.22165083869428662,0.0,0.0,0.0,0.04823809257477013,0.0,0.037713098256027255,0.032316532742478615,0.7568201907492857,0.2797552874379078,0.0,0.0,0.0,0.5111802104983244,0.03078643559044411,0.09327201770023719,0.24396998550433607,0.0,0.01896564321028893,0.0,0.4963758981995997,0.0,0.21134667875963686,0.0,0.4224600965463131,0.0,0.2783059869887743,0.25596219110585017
0.5510302984992245,0.7955807628709974,0.026535865754788335,0.23444493300626554,0.548467573961739,0.0,0.7085866897864186,0.6812298800620594,0.2670368723813344,0.26243715768908504,0.28727850632284224,0.20237841952410182,0.0,0.16349390861529883,0.6045186067113595,0.5737840638078178,0.6212666704719922,0.47723969182652304,0.0,0.0,0.6580454979172943,0.6078050718177391,0.1855581696011126,0.0,0.5728043603293066,0.2980121382583279,0.0,0.7915785356858726,0.0,0.21146534003691342,0.2930692044340992,0.0,0.0,0.0,0.0,0.0,0.0,0.1554242247022204,0.0,0.0,0.20501584934723432,0.0,0.0,0.0,0.0,0.0,0.0,0.2508958378666659,0.3434473719492852,0.19321190264471858,0.6369718165158145,0.116109333338269,0.7393350683548968,0.437452605810436,0.0,0.6515984001423203,0.1427682988452773,0.2914665788130558,0.2787826941073916,0.7755249105540641,0.0,0.25631823176726176,0.0,0.1225696819669975,0.5351209982524325,0.7716782121156827,0.0,0.7262362052855263,0.0,0.0,0.0,0.7255651879188376,0.0,0.4531403319958377,0.0,0.0
0.0,0.0,0.1632446499494189,0.0,0.4674592309840046,0.09516650028164414,0.2060701956526265,0.29797318790469013,0.1078535719154346,0.0,0.41995186197050505,0.0,0.16349390861529883,0.0,0.08040527426372748,0.0,0.0,0.0,0.36071356499003093,0.0,0.05906458857912454,0.0,0.16880889545179684,0.0,0.0,0.0,0.0,0.0,0.0,0.1294761740378558,0.0,0.0,0.0,0.11116098458689593,0.0,0.0,0.0,0.1907453048386057,0.0,0.0,0.0,0.0,0.0,0.0,0.0,0.0,0.0,0.25781262064376437,0.0702141274248918,0.3874811457978492,0.2650488009567063,0.17689334278735389,0.35177407053212817,0.16340382816236015,0.0,0.47864035259156146,0.0768702934916101,0.06947070654012016,0.3677080373395551,0.1757340416637202,0.0,0.0,0.0,0.34039962290734405,0.0,0.035333669490903385,0.0,0.29337552552676427,0.0,0.0,0.0,0.09487429256474825,0.0,0.0,0.0,0.0
0.5167628292225801,0.6456090051164483,0.0,0.20835614314944803,0.4568763936285921,0.0,0.4483009607989773,0.4562447820467484,0.29479724090807563,0.26355184530483466,0.2824839636962774,0.0,0.6045186067113595,0.08040527426372748,0.0,0.5148512540516399,0.45318148767392974,0.2496228150044533,0.0,0.16414040541293606,0.6441361997666091,0.7039549630066851,0.10116285980989653,0.0,0.4884342314443923,0.1422791737400618,0.0,0.6143922763368557,0.0,0.14123116932032867,0.3878465763277642,0.0,0.0,0.0,0.0,0.0,0.0,0.10364115499120806,0.0,0.0,0.19267508404518924,0.0,0.0,0.0,0.0,0.0,0.0,0.15287074560308722,0.13195909287974456,0.1738299234547167,0.36242276620985814,0.0879514992926006,0.5100034795892684,0.37753654615875804,0.0,0.4763474755417605,0.0,0.0,0.13099891679268508,0.7998700921308038,0.0,0.0,0.0,0.05108869724340609,0.6229202963522233,0.6496529219419028,0.2993423855314021,0.67398192318781,0.0,0.0,0.0,0.7343866523029096,0.0,0.569329079013839,0.0,0.0
0.7691550682050035,0.8094663694425586,0.0,0.21535367640066888,0.012891203159663273,0.0,0.3075637067870457,0.357425093915276,0.05619136385205739,0.44093293700620356,0.0,0.15352829280265812,0.5737840638078178,0.0,0.5148512540516399,0.0,0.7124715560019763,0.7592468450435543,0.0,0.0,0.5126719235125974,0.829524594783738,0.0,0.0,0.7535807616644147,0.5293455587892824,0.0,0.6630824395838473,0.0,0.13072266655923345,0.5096003151653294,0.0,0.1264618299828599,0.0,0.0,0.0,0.0,0.10356641375896773,0.0,0.0,0.16563498770790364,0.0,0.004158986688724525,0.0,0.0,0.0,0.0,0.0,0.056065556933828475,0.0,0.18348956345187487,0.0,0.40698475328644307,0.10841767400456773,0.0,0.24873815342379488,0.0,0.0,0.11051027686142884,0.6509396220896533,0.0,0.35384822672388905,0.24766967601337236,0.021759183388195602,0.6361795921755913,0.5887134986205826,0.34911471774131597,0.4411763316915426,0.0,0.0,0.0,0.6922709890336809,0.03960325343122345,0.5155094930532022,0.0,0.0
0.620117303601544,0.711992665576497,0.0,0.3274719930512091,0.20347825567224864,0.0,0.37599776859697365,0.38164641063710936,0.07988957187341719,0.5434074116485056,0.0,0.373073485669271,0.6212666704719922,0.0,0.45318148767392974,0.7124715560019763,0.0,0.6522869700432471,0.0,0.0,0.4324642866027204,0.6676307331495728,0.0,0.09700640800832327,0.6464386498619077,0.5216281960501081,0.0,0.7364067311331386,0.0,0.053133429489770345,0.382030863140157,0.0,0.03949234804866342,0.0,0.0,0.0,0.048446248787966426,0.17699836009726508,0.0,0.0,0.15535987101088594,0.0,0.0,0.0,0.0,0.0,0.0,0.0,0.24949719631292477,0.0,0.2377469008195438,0.0,0.37798212347756055,0.1664664814721129,0.0,0.2870557120055164,0.2111383960978286,0.06516390279803225,0.14788140412762282,0.5457518737378899,0.0,0.46195926485474503,0.19024922456778598,0.0,0.5612636752646762,0.5220460722966622,0.18542042710519607,0.40858849232168826,0.0,0.0,0.0,0.6252231990642166,0.09650705369688117,0.39599792171890896,0.0,0.0
0.7426933020264532,0.7140156690957158,0.0,0.052390541924591,0.0,0.0,0.30289884302191833,0.12935418615354316,0.0,0.5183203002730495,0.0,0.26348112249082645,0.47723969182652304,0.0,0.2496228150044533,0.7592468450435543,0.6522869700432471,0.0,0.0,0.0,0.42384096019232614,0.641966380010877,0.0,0.3270665386696291,0.8065668273788622,0.7653216192120271,0.0,0.5089111603914296,0.0,0.0,0.2686643409998743,0.0,0.3550019024196549,0.0,0.11097262702238221,0.0,0.0,0.16028342216043232,0.0,0.16669456324038967,0.3192775401934719,0.0,0.05694809345363731,0.0,0.0,0.0,0.0,0.0,0.16776140683977153,0.0,0.2636844501010299,0.0,0.2238186631504133,0.06430980956062465,0.08911055485200386,0.04936387952690577,0.2099425766797789,0.08517163725392746,0.011582484578017499,0.44361033666762834,0.12940203897830183,0.4534563392118345,0.5506192642928535,0.0,0.5207718264001374,0.4889775321838832,0.333460578878701,0.239343482323549,0.24438414543893608,0.0,0.0,0.4879652212244117,0.13920119994767924,0.4088504030300384,0.01990248284047752,0.1393451539412162
0.0,0.0,0.7613863590086152,0.0,0.0,0.4723630399256189,0.05670211635762651,0.263323396721027,0.20053732280680991,0.0,0.6335139384623693,0.0916654594660675,0.0,0.36071356499003093,0.0,0.0,0.0,0.0,0.0,0.1768189857616827,0.0,0.0,0.4380645317004724,0.06129863111323383,0.0,0.0,0.21471555887837662,0.0,0.16896814811064806,0.2959335761047183,0.0735107992840894,0.23676421730213454,0.07082916587542706,0.3355027133804565,0.13050372493891,0.40660321917807174,0.21040789413630925,0.10406578073369763,0.15606457314372527,0.2042639363890005,0.01151254995890573,0.14509766925641665,0.3092250971601763,0.18516744396378082,0.1266984033306219,0.017734900665177605,0.2732223656922911,0.6049815145438351,0.07070965712744927,0.2654092448468195,0.032342335057467864,0.11344254256556915,0.13781026301820795,0.046837810369589616,0.08693102533464872,0.35913233483513474,0.22315620025337735,0.11085991831392669,0.1537992963248644,0.0,0.0,0.0,0.0,0.8508855859382886,0.0,0.0,0.0,0.0,0.0,0.07385342841213183,0.08638755715889718,0.0,0.0,0.0,0.06913032384139159,0.0
0.0,0.0,0.23831608251874886,0.0,0.03661607071881612,0.19180967142634592,0.0,0.0,0.36619627726340404,0.0,0.13958962764604055,0.16469218269432948,0.0,0.0,0.16414040541293606,0.0,0.0,0.0,0.1768189857616827,0.0,0.0,0.22145368884214678,0.20749574678190247,0.13921993847443212,0.0,0.0,0.5628726777983046,0.0,0.5178492061034782,0.5710020906060835,0.23553229958510308,0.44271746601771633,0.12058433456842849,0.09862586070792084,0.027151361421594595,0.27783619035969953,0.31898840755752217,0.019828752769189245,0.2703369378883181,0.22261087880304115,0.0,0.09419278894476729,0.3401757293170755,0.4699814920089118,0.28720577182569157,0.2583041198095199,0.32373548239117517,0.12519841635791729,0.04781665876285497,0.17064270011074745,0.0,0.19192285961643596,0.0,0.3489578362300751,0.29630911520408215,0.0,0.26400315403456237,0.2951558164262419,0.0,0.0,0.22257821446186443,0.08029288948532376,0.0,0.22634262249733622,0.3785116712043191,0.0,0.5693550392414505,0.0,0.17442727154604223,0.25374809334623605,0.2775605999661264,0.0,0.5640847153120742,0.0,0.4471012218621888,0.3500514772516402
0.6956522877633057,0.734485628695692,0.0,0.11818875428254298,0.36455367495031643,0.0,0.5501295988571129,0.44576412507817365,0.12201034599302099,0.4156625011034287,0.16437384310848013,0.0,0.6580454979172943,0.05906458857912454,0.6441361997666091,0.5126719235125974,0.4324642866027204,0.42384096019232614,0.0,0.0,0.0,0.6062853827022721,0.07499033878205386,0.0,0.7002383767850309,0.3074610596167228,0.0,0.6248739657394391,0.0,0.02834910534414442,0.3428705275242524,0.0,0.0,0.0,0.0,0.0,0.0,0.1227735964464468,0.0,0.0,0.0911116248563121,0.0,0.0,0.0,0.0,0.0,0.0,0.17474337203709756,0.10981674808671862,0.05137047116860466,0.5389303201361193,0.17192754699915114,0.6814393994575276,0.16492203915559367,0.0,0.463002393814393,0.0,0.05453942116790095,0.11607286392385266,0.7557328422711993,0.0,0.049903071288669776,0.09511718968407529,0.0,0.480907832710638,0.8735737978311042,0.09350240365211321,0.7471603755369853,0.0,0.0,0.0,0.7158900410052633,0.0,0.6455599965967759,0.0,0.0
0.744600745203235,0.8366035838098131,0.0,0.177775250539853,0.2416025977993872,0.0,0.5130353283864784,0.3850363693997986,0.1946279186412626,0.4273256171628279,0.12792295869406928,0.0,0.6078050718177391,0.0,0.7039549630066851,0.829524594783738,0.6676307331495728,0.641966380010877,0.0,0.22145368884214678,0.6062853827022721,0.0,0.0,0.0,0.7433919449183193,0.3806463190543915,0.0,0.6888075365979728,0.0,0.17039375196353523,0.43313788005965204,0.0,0.04639572189124733,0.0,0.0,0.0,0.0,0.2022961909093755,0.0,0.0,0.20596331830463296,0.0,0.0,0.0,0.0,0.0,0.0,0.09313298228697942,0.1297748535823254,0.0,0.37241454061913026,0.09126898281351861,0.5653524821156096,0.2765146622467713,0.0,0.4069231495021105,0.0,0.0,0.21431753958697014,0.8040663533146362,0.0,0.1831800820318526,0.10754145547372168,0.06557567763510819,0.7934647219894947,0.6953271636125495,0.47607807549134906,0.6104436574110396,0.0,0.0,0.0,0.8048665601567396,0.0,0.6310449372927014,0.0,0.0
0.0,0.0,0.6464360395623305,0.04941742552340146,0.2353109496007606,0.6207273956053878,0.12094026795629798,0.44849036166871065,0.34450165042961056,0.0,0.4669997257853351,0.15692915297373183,0.1855581696011126,0.16880889545179684,0.10116285980989653,0.0,0.0,0.0,0.4380645317004724,0.20749574678190247,0.07499033878205386,0.0,0.0,0.1470790260321985,0.0,0.0,0.25132308745740817,0.0,0.2042868915112669,0.2884137825729323,0.03838942621241356,0.18112676303160133,0.0,0.1304626545596797,0.0,0.3133298638735685,0.09899003697741601,0.0,0.1414912817507188,0.008365284040820847,0.0,0.053912663242812235,0.0,0.06215370366359371,0.03986864478780311,0.0,0.09173391131775543,0.6610915293199283,0.057400836163554625,0.1692185287195779,0.26808193464605434,0.09767575233109327,0.21421079650747116,0.28806037354099023,0.021193514099098976,0.2006355956698329,0.15473032267077208,0.21300506028925623,0.0,0.0,0.0,0.0,0.0,0.4066925650207046,0.0,0.0,0.0,0.3726270207383489,0.016222884122517045,0.0,0.046389636407874746,0.0,0.046969897291149226,0.0,0.09281930215184077,0.0
0.26935362001223556,0.0,0.19148266042330794,0.0,0.0,0.28281422701882175,0.0,0.0,0.0,0.24195924821714826,0.0,0.6105482891389798,0.0,0.0,0.0,0.0,0.09700640800832327,0.3270665386696291,0.06129863111323383,0.13921993847443212,0.0,0.0,0.1470790260321985,0.0,0.16643215653960486,0.7153403495965591,0.11562121331935063,0.0,0.3354109887014579,0.0,0.0,0.4859994012579538,0.5709312988544195,0.19957566901178828,0.2586607046056589,0.5361807888572436,0.2589137816812399,0.11365283270037638,0.5638510001218886,0.6016768422602801,0.13812160267155965,0.27215515833823495,0.3544263531924864,0.3888528184871436,0.5647679736602682,0.6147092383525143,0.29166341166308074,0.0,0.07288059533918922,0.0,0.0,0.0,0.0,0.0,0.33622856590004974,0.0,0.5533706921064822,0.2202043439246254,0.0,0.0,0.4716721844052316,0.30961045776134855,0.4234384255705236,0.0,0.01312004749883039,0.0,0.14697479470748237,0.0,0.8931181649614193,0.49060094587489567,0.6533629731630436,0.0,0.4833634611872302,0.0,0.4102945580682088,0.5985439137073714
0.9014060793632939,0.8582431305004854,0.0,0.10540615196206089,0.1022143897682191,0.0,0.4442265702797154,0.2251989318513815,0.0,0.5732174965309546,0.0,0.05567895635788775,0.5728043603293066,0.0,0.4884342314443923,0.7535807616644147,0.6464386498619077,0.8065668273788622,0.0,0.0,0.7002383767850309,0.7433919449183193,0.0,0.16643215653960486,0.0,0.6593449523380414,0.0,0.6157366683939861,0.0,0.0,0.2590698004800544,0.0,0.17710100074685586,0.0,0.0,0.0,0.0,0.12597768414770577,0.0,0.0,0.2751940401784435,0.0,0.0,0.0,0.0,0.0,0.0,0.0,0.12278795034285801,0.0,0.48092336797049523,0.014909395159880323,0.4588942968610406,0.08404923036997203,0.0,0.21921498211797202,0.0,0.0,0.007073447581249198,0.69791004225158,0.0,0.2379716263843417,0.3930154283041777,0.0,0.5740595132000361,0.7807718093510192,0.31875829955839835,0.5700972355447858,0.0674305018111731,0.0,0.0,0.7540631930246204,0.0,0.7024669112722193,0.0,0.0
0.7047605951872574,0.4629855969741124,0.0,0.04408089133531591,0.0,0.0,0.023271095735206693,0.17165982549166836,0.0,0.39899339216207086,0.0,0.5523640186399655,0.2980121382583279,0.0,0.1422791737400618,0.5293455587892824,0.5216281960501081,0.7653216192120271,0.0,0.0,0.3074610596167228,0.3806463190543915,0.0,0.7153403495965591,0.6593449523380414,0.0,0.0,0.3558548263361805,0.0,0.0,0.13521930525907538,0.10172651662493147,0.5170475706794987,0.02211270743854521,0.16156032947570448,0.2091834206174282,0.07061351835578489,0.14184391407661398,0.16977037945133386,0.38763956767878016,0.193564457019315,0.0,0.20434336360459482,0.16004491216410696,0.23253288056415475,0.24662457277618083,0.0,0.0,0.10381464366767129,0.0,0.0842017865416888,0.0,0.06306422894968283,0.0,0.12066110390835905,0.0,0.41833275276588494,0.14058005617346053,0.0,0.23470989955258703,0.23299665269948502,0.44936159443127166,0.4469237611122935,0.0,0.3705414943308102,0.34836652442912824,0.2842901072608566,0.03116210485372728,0.5967383813335961,0.08497942717332008,0.27538984568254204,0.1673429166943873,0.28894678326848716,0.16237203852154986,0.20133782946233103,0.36138757013902734
0.0,0.0,0.29411007574604003,0.0,0.0,0.5251595419885766,0.0,0.0,0.26414373168895905,0.0,0.12961956902780686,0.0,0.0,0.0,0.0,0.0,0.0,0.0,0.21471555887837662,0.5628726777983046,0.0,0.0,0.25132308745740817,0.11562121331935063,0.0,0.0,0.0,0.0,0.9072809714006516,0.24553732032046682,0.0,0.703463869705005,0.0,0.2561253360504937,0.1099578399946587,0.2731389487210779,0.2988274301584603,0.0,0.5878875587952019,0.13480866703328043,0.0,0.5767672521293224,0.22178986850569932,0.5037809571186748,0.42993144075042644,0.5680780347175152,0.7515684084417484,0.09990691125399814,0.0,0.21290431678371227,0.0,0.282065040880758,0.0,0.17284697650796166,0.542335065315781,0.0,0.0,0.08059661272583196,0.0,0.0,0.5114119083884714,0.0,0.006157494735335611,0.1714765689352884,0.0,0.0,0.2752329455704727,0.0,0.16681094436057828,0.6630397775968946,0.5704562533094332,0.0,0.3571143210544588,0.0,0.3851656778742718,0.49927425097107464
0.5959216813031623,0.7339397952762777,0.0,0.3130143420284465,0.5194322634087456,0.0,0.4925694941621991,0.49643462912641056,0.27264825808395504,0.34828728045678037,0.15619095699362842,0.2751903195221476,0.7915785356858726,0.0,0.6143922763368557,0.6630824395838473,0.7364067311331386,0.5089111603914296,0.0,0.0,0.6248739657394391,0.6888075365979728,0.0,0.0,0.6157366683939861,0.3558548263361805,0.0,0.0,0.0,0.20813974831090803,0.5012217345843477,0.0,0.0,0.0,0.0,0.0,0.11495320573823689,0.18281481152312073,0.0,0.0,0.10868197761134467,0.0,0.0,0.0,0.0,0.0,0.0,0.010495403290378458,0.30071917726236463,0.18490161955855802,0.42196321745780574,0.06717853830448373,0.5567117051389789,0.3845527040012167,0.0,0.5673208489504744,0.2124229244424975,0.23830003143971334,0.2051783634282239,0.7406997581090191,0.0,0.4432269898442917,0.1255378886257176,0.0,0.7154775576292292,0.6929308254266127,0.20508298090891122,0.5811961426909393,0.0,0.0,0.0,0.7275838315259968,0.24298344457593668,0.556300878802904,0.0,0.0
0.0,0.0,0.2666711233457766,0.0,0.0,0.5485349169559479,0.0,0.0,0.13716024162761725,0.0,0.0,0.0,0.0,0.0,0.0,0.0,0.0,0.0,0.16896814811064806,0.5178492061034782,0.0,0.0,0.2042868915112669,0.3354109887014579,0.0,0.0,0.9072809714006516,0.0,0.0,0.18520089629114087,0.0,0.7597628947405624,0.1186924928821289,0.3434516083988363,0.2110479165213539,0.35031587582585877,0.27785798441355014,0.0,0.6309601359160375,0.2704882097029605,0.0,0.48155438408021894,0.2977736188300426,0.57056383169124,0.5640050236009952,0.7848314424101096,0.8251613427944546,0.0,0.0,0.026448043216695305,0.0,0.20310707426262878,0.0,0.0,0.6395094749828789,0.0,0.02676317813308178,0.19017386149528118,0.0,0.0,0.703186811738266,0.0,0.17480167959978918,0.0991847918059614,0.0,0.0,0.25495586431018696,0.0,0.3788586237447052,0.8254602626491043,0.7681104252673097,0.0,0.48177534368895203,0.0,0.4951525635362293,0.6634542450051697
0.0,0.0,0.27604363859572284,0.017872027963249743,0.3103917006249713,0.22091746395870657,0.20268770781059836,0.25818542852882453,0.41281764845771435,0.056936340975055955,0.4006423191782439,0.13791339936328362,0.21146534003691342,0.1294761740378558,0.14123116932032867,0.13072266655923345,0.053133429489770345,0.0,0.2959335761047183,0.5710020906060835,0.02834910534414442,0.17039375196353523,0.2884137825729323,0.0,0.0,0.0,0.24553732032046682,0.20813974831090803,0.18520089629114087,0.0,0.4610251046332424,0.0,0.0,0.07958067853478662,0.0,0.17480624849683707,0.20790750119802237,0.0766698508710094,0.0,0.025922696476430418,0.0,0.0,0.25193183374010114,0.13026632334559227,0.03685303862368379,0.0,0.0513010125736843,0.2618471660772944,0.09100660670435581,0.36720606828859736,0.12457592023639638,0.2912890994053252,0.17965770940354903,0.40560957465156683,0.17040422221507684,0.34356686918906615,0.17352422631868256,0.3117216416254547,0.049948372806309774,0.03813026444849743,0.0,0.11609042064271867,0.0,0.33461631580939244,0.263299897432813,0.0,0.18369810561093516,0.08313888631948876,0.0,0.0,0.0,0.05788427504610946,0.3335407159388218,0.0,0.2522769054081622,0.0
0.39911145508371404,0.32187928882800954,0.06262118116659907,0.1823775058369956,0.16070780781463861,0.0,0.06949597249540718,0.24601294134577412,0.12724077943154477,0.33839434844534894,0.17452953739053698,0.06995813019071315,0.2930692044340992,0.0,0.3878465763277642,0.5096003151653294,0.382030863140157,0.2686643409998743,0.0735107992840894,0.23553229958510308,0.3428705275242524,0.43313788005965204,0.03838942621241356,0.0,0.2590698004800544,0.13521930525907538,0.0,0.5012217345843477,0.0,0.4610251046332424,0.0,0.0,0.0,0.009932327259903007,0.0,0.03610195235366323,0.23724008119332646,0.08996907744572957,0.0,0.08970660535833669,0.0,0.0,0.1560149827269655,0.0,0.0,0.0,0.0,0.0,0.15689175349835177,0.09446661638112042,0.0,0.06849291100498939,0.20073987553509764,0.08981895232664011,0.1710963201239544,0.257839559382557,0.03414687647220835,0.12754858198234748,0.0652245801311715,0.2934773334252479,0.03185663192354221,0.30062628298590827,0.16355903886504194,0.02352674748675107,0.34419961637559787,0.301810294013209,0.256746722257783,0.2052193212425682,0.0,0.0,0.0,0.2929376687262723,0.3571503462118615,0.283146283506165,0.10524951344240524,0.19054721015750958
0.0,0.0,0.32931350838800816,0.0,0.0,0.45820630461907164,0.0,0.0,0.0,0.0,0.0,0.10974017954013994,0.0,0.0,0.0,0.0,0.0,0.0,0.23676421730213454,0.44271746601771633,0.0,0.0,0.18112676303160133,0.4859994012579538,0.0,0.10172651662493147,0.703463869705005,0.0,0.7597628947405624,0.0,0.0,0.0,0.40833702451005516,0.29125160885138995,0.3636191001171365,0.4391177068778009,0.20840859130874712,0.0,0.7766194180153744,0.4648487111028947,0.08235017696573543,0.45546933677246076,0.3272596903437177,0.5422208524921875,0.6213878717999449,0.6689746141833379,0.7626341796048179,0.0,0.0,0.0,0.0,0.0,0.0,0.0,0.467603359669785,0.0,0.19010786129658777,0.11819970543185783,0.0,0.0,0.6247990916953272,0.030117308738312115,0.2686073672012273,0.1563902451654436,0.0,0.0,0.27551345413456196,0.0,0.505325132003845,0.7126392568474329,0.7451484269433228,0.0,0.34378103836663654,0.0,0.38575725505626407,0.5958675703170024
0.3131786263151345,0.08221991429225478,0.17193017632967078,0.0,0.0,0.0,0.0,0.0,0.0,0.06351200163096632,0.0,0.31405147255435656,0.0,0.0,0.0,0.1264618299828599,0.03949234804866342,0.3550019024196549,0.07082916587542706,0.12058433456842849,0.0,0.04639572189124733,0.0,0.5709312988544195,0.17710100074685586,0.5170475706794987,0.0,0.0,0.1186924928821289,0.0,0.0,0.40833702451005516,0.0,0.24612407521908666,0.35773783568944056,0.3295766216930833,0.09274458080495822,0.1425324088478288,0.47095469291790815,0.7142729442692052,0.27050509332666195,0.12995716677917213,0.19426261712087636,0.21361337951046605,0.407136953225698,0.3881116373935641,0.11335792411289389,0.0,0.12195997968441008,0.0,0.0,0.0,0.0,0.0,0.09638567137341426,0.0,0.2774876666281568,0.021541173391378066,0.0,0.0,0.3104632520111624,0.05869977572578222,0.3362858847474254,0.0652408735931542,0.12293414973542044,0.0,0.229802465657112,0.0,0.5644688455113872,0.31301777037570844,0.37845592260019095,0.0,0.25293081558549857,0.0,0.2285306745649191,0.32839149951827873
0.0,0.0,0.2607118526963269,0.0,0.0,0.4261257774094439,0.0,0.0,0.0,0.0,0.07448625309070177,0.09853025692868217,0.0,0.11116098458689593,0.0,0.0,0.0,0.0,0.3355027133804565,0.09862586070792084,0.0,0.0,0.1304626545596797,0.19957566901178828,0.0,0.02211270743854521,0.2561253360504937,0.0,0.3434516083988363,0.07958067853478662,0.009932327259903007,0.29125160885138995,0.24612407521908666,0.0,0.2142237915504472,0.3226767084155068,0.24069813734100154,0.05319214446496709,0.3100004043902404,0.37949073821333085,0.3161657125434598,0.19016037649192585,0.1414070533568959,0.1918756959283134,0.23213867428718465,0.3065041839045817,0.347126101282094,0.1112040601093778,0.16427676710670508,0.09334280922950927,0.0,0.09916382220178022,0.0,0.0,0.14982916943064803,0.0,0.11894315783567627,0.2070679144037341,0.03364725604756884,0.0,0.21259265544610229,0.0,0.0,0.28295559904475226,0.0,0.0,0.0,0.0,0.2199640340786935,0.2761426043110704,0.34763173257038005,0.0,0.11610254272157174,0.0,0.19994625742212085,0.2596252178236892
0.0,0.0,0.16541009832800607,0.0,0.0,0.10231259788739816,0.0,0.0,0.0,0.0,0.0,0.08359257423544525,0.0,0.0,0.0,0.0,0.0,0.11097262702238221,0.13050372493891,0.027151361421594595,0.0,0.0,0.0,0.2586607046056589,0.0,0.16156032947570448,0.1099578399946587,0.0,0.2110479165213539,0.0,0.0,0.3636191001171365,0.35773783568944056,0.2142237915504472,0.0,0.1424960254307727,0.16227953973028172,0.04210657852429142,0.3214061120824887,0.28999239166877877,0.15482933710259908,0.11889384958149429,0.24756978475277228,0.21483100789399023,0.36001625136185433,0.28283617291593677,0.3189156363548356,0.0,0.12419672388438939,0.0,0.0,0.0,0.0,0.0,0.07132312401811668,0.0,0.10285008589099981,0.056167087175013904,0.0,0.0,0.2560295319289136,0.003956859145155499,0.20519126615533356,0.0980487492470237,0.0,0.0,0.01960972716970903,0.0,0.31566835936615756,0.3497482661141597,0.37475838199355205,0.0,0.22175801594893604,0.0,0.17450621620040072,0.2843088472634449
0.0,0.0,0.3923541997136839,0.05700647948277704,0.0,0.5535503192703926,0.0,0.09470881737283565,0.04116330380180522,0.12832602131305323,0.07597874414827362,0.45889126781263334,0.0,0.0,0.0,0.0,0.0,0.0,0.40660321917807174,0.27783619035969953,0.0,0.0,0.3133298638735685,0.5361807888572436,0.0,0.2091834206174282,0.2731389487210779,0.0,0.35031587582585877,0.17480624849683707,0.03610195235366323,0.4391177068778009,0.3295766216930833,0.3226767084155068,0.1424960254307727,0.0,0.3252120291325712,0.18131925568485757,0.41226906544280073,0.4514371636423225,0.0,0.27603675665819094,0.437109146432771,0.42572241725656224,0.46411839984682746,0.39285011450165414,0.4785204801207643,0.17973611150303437,0.1667123820539428,0.023473304267566886,0.0,0.0,0.0,0.0,0.26606035480697876,0.0,0.6035290619148407,0.3083352329236645,0.0,0.0,0.16932073510541884,0.22226877277804735,0.06286211206482503,0.25206452225632847,0.0,0.0,0.0,0.0,0.5429963918200842,0.3940648967894047,0.5308959929118643,0.0,0.3224890825138763,0.0,0.24314344654233933,0.2597241991041831
0.0,0.0,0.11983864571468086,0.10497379537461277,0.023891211094239306,0.19851278449035614,0.0,0.07409453158668255,0.15843453945586325,0.0290216188730599,0.16248311851390573,0.4390319905278021,0.0,0.0,0.0,0.0,0.048446248787966426,0.0,0.21040789413630925,0.31898840755752217,0.0,0.0,0.09899003697741601,0.2589137816812399,0.0,0.07061351835578489,0.2988274301584603,0.11495320573823689,0.27785798441355014,0.20790750119802237,0.23724008119332646,0.20840859130874712,0.09274458080495822,0.24069813734100154,0.16227953973028172,0.3252120291325712,0.0,0.03589496546957026,0.19854310138039433,0.3357466088199237,0.0,0.13930454733842312,0.3937725372646047,0.31982483357871255,0.345670759403502,0.2154353394568356,0.2200590366191384,0.0,0.2692682771247208,0.1329422094508401,0.0,0.0,0.0,0.06136324247174178,0.10481733391075675,0.05876944019648337,0.4335116979420185,0.22863806926750121,0.04170622278572314,0.0,0.1602377519294791,0.30638488306654765,0.0,0.14948765745203402,0.0,0.0,0.020619759125554415,0.0,0.2921226927724831,0.10014707355838484,0.2631252153942972,0.0,0.5364434911272429,0.0,0.2514467084981595,0.44005991934279615
0.14007554514871096,0.2567282989477847,0.0,0.0,0.1349125533259348,0.0,0.12348332718662086,0.20346764194637396,0.0,0.08545197725276377,0.019673277983418017,0.17061076209911422,0.1554242247022204,0.1907453048386057,0.10364115499120806,0.10356641375896773,0.17699836009726508,0.16028342216043232,0.10406578073369763,0.019828752769189245,0.1227735964464468,0.2022961909093755,0.0,0.11365283270037638,0.12597768414770577,0.14184391407661398,0.0,0.18281481152312073,0.0,0.0766698508710094,0.08996907744572957,0.0,0.1425324088478288,0.05319214446496709,0.04210657852429142,0.18131925568485757,0.03589496546957026,0.0,0.0,0.1349960455750951,0.017784031444135567,0.0,0.18612586361243463,0.1031067553338892,0.136804516547566,0.0,0.0,0.0,0.26871572112794195,0.009325190353968282,0.1612682186217496,0.02259026454470328,0.24378732714368348,0.0,0.0,0.14774381922019875,0.30996473979312367,0.11994881779018887,0.0658327699915652,0.20135173584824417,0.0,0.07526056908379293,0.0,0.018784539943475426,0.189419890884742,0.18219378304235387,0.0,0.1939793010111153,0.11978429147472272,0.0,0.0,0.14403124416074004,0.04108377768866328,0.0,0.0,0.0
0.0,0.0,0.25843549433107466,0.0,0.0,0.4361048901865598,0.0,0.0,0.02427294668281204,0.0,0.0,0.1472846152912362,0.0,0.0,0.0,0.0,0.0,0.0,0.15606457314372527,0.2703369378883181,0.0,0.0,0.1414912817507188,0.5638510001218886,0.0,0.16977037945133386,0.5878875587952019,0.0,0.6309601359160375,0.0,0.0,0.7766194180153744,0.47095469291790815,0.3100004043902404,0.3214061120824887,0.41226906544280073,0.19854310138039433,0.0,0.0,0.5112589792477837,0.20462025767374054,0.4235096510208436,0.16488127831126548,0.3881020479091631,0.5998144111547227,0.6043216465064183,0.6323158051397263,0.025453179026858452,0.0,0.0,0.0,0.05984241912264825,0.0,0.0412435266205281,0.3606490730053161,0.0,0.2236498476895267,0.19930033934818417,0.0,0.0,0.5496995038170382,0.017477069950585816,0.32532342199125885,0.10031398341081149,0.0,0.0,0.16071746347348417,0.0,0.5947568522128104,0.6583639077969614,0.6929066386201719,0.0,0.29936148461208023,0.0,0.41386983201621064,0.529763633274444
