0.0,0.8503840412119741,0.0,0.155525521704861,0.0,0.0,0.336204038740626,0.28084420129195586,0.0,0.4899633616508514,0.0,0.1133947623628161,0.5489685339630703,0.0,0.526332922679877,0.7829760443916384,0.6509096995618358,0.7670364536727402,0.0,0.0,0.7047480640078646,0.7608737639559167,0.0,0.2708185930740671,0.9149805782389996,0.7038641088877489,0.0,0.6144612978324506,0.0,0.0,0.3947398616352855,0.0,0.3044747740205707,0.0,0.0,0.0,0.0,0.15172432548647494,0.0,0.09279015269082597,0.23591950297879227,0.0,0.0,0.0,0.0,0.0,0.0,0.0,0.11619447566107705,0.0,0.3317909471886394,0.0,0.4410868358229979,0.0,0.0,0.20191726328237272,0.0,0.0,0.0,0.6923682701850273,0.0,0.18536321550959534,0.3465298214405581,0.0,0.6067441904992062,0.7659192904964907,0.31605336496689784,0.49769314237422246,0.15336891686582443,0.0,0.0,0.677423770416914,0.0,0.6282096885108135,0.0,0.02280341065058661
0.8503840412119741,0.0,0.0,0.21059743027213415,0.24380050646805457,0.0,0.5610908001405017,0.5833514727303183,0.04223292684849772,0.41242629509835715,0.06807655558637454,0.1468207895890697,0.8023958069758675,0.0,0.6735637634748151,0.8250042441990839,0.7243077379506863,0.7287888067505273,0.0,0.0,0.7417227990622823,0.8562137842058699,0.0,0.0,0.8751478811926204,0.4752619123797742,0.0,0.7573216455153116,0.0,0.0,0.3351829427662073,0.0,0.08615789786129607,0.0,0.0,0.0,0.0,0.27779069356829267,0.0,0.0,0.2406059120942126,0.0,0.0,0.0,0.0,0.0,0.0,0.08675437434167918,0.25048019630185075,0.0,0.503841283610503,0.0,0.7232151719759501,0.15337326895139386,0.0,0.4560877352044058,0.10564032181631833,0.0,0.21789506141789244,0.8916921417912576,0.0,0.22686091869480285,0.05771155624693508,0.0,0.691146767554075,0.8372182013070182,0.15979129623392102,0.7282013177031104,0.0,0.0,0.0,0.8381665969208143,0.0,0.5782035073078253,0.0,0.0
0.0,0.0,0.0,0.027767056136458468,0.0,0.5419587558644787,0.05019626449674153,0.2553836040163612,0.3272789294797977,0.0,0.5629558829031356,0.07201605703178343,0.0112886152370556,0.15531843061221845,0.0,0.0,0.0,0.0,0.7631050148136128,0.23811328993829012,0.0,0.0,0.651599336679271,0.19155270861894885,0.0,0.0,0.2788755932957917,0.0,0.2614672368895681,0.2717300509825128,0.06188807863546647,0.312808577110697,0.18055806530411758,0.263849255292407,0.17369023772206982,0.3648249383695309,0.10713283787821405,0.0,0.25714443338648674,0.1953441508456351,0.0,0.1627697356520961,0.1643451318327096,0.16942398132696085,0.17336087828670024,0.13252818908601938,0.2062474845862492,0.7549234947982371,0.05876796320160482,0.09473123672122508,0.04331124312169232,0.03234991986007596,0.07071120885201515,0.23262200346127643,0.089845027128513,0.20242073605292282,0.13469081883511058,0.04642976504366347,0.0,0.0,0.0,0.0,0.0,0.7498443724198885,0.0,0.0,0.0,0.06505423382305342,0.08481705056236691,0.11180615932698706,0.1223024506788721,0.0,0.07452967698344654,0.0,0.05770391466590133,0.033347184251596856
0.155525521704861,0.21059743027213415,0.027767056136458468,0.0,0.10031547138259822,0.0,0.16572995128180756,0.2687105091768377,0.0,0.2296296216968155,0.08581577119643734,0.17022397842606785,0.24223605932025347,0.0,0.2140179426475419,0.2253909899662615,0.32251016331608395,0.0519970743002182,0.0,0.0,0.11929265762334736,0.18473944300196737,0.06060830046716685,0.0,0.10423120033839349,0.04420480902268824,0.0,0.3208305998429215,0.0,0.021442743847392254,0.19977892019505228,0.0,0.0,0.0,0.0,0.06587586563934048,0.11199537665593683,0.0,0.0,0.0,0.0,0.0,0.07587936781371905,0.0,0.0,0.0,0.0,0.071834813356421,0.2081880375145449,0.06127801997664423,0.0,0.0,0.16389802104204923,0.05671379811186961,0.0,0.2042874538868325,0.15281360037187328,0.0,0.18817123990156356,0.15730548385635773,0.0,0.2651935855815959,0.0,0.04624231697629274,0.18475788772445195,0.11170562693915909,0.0,0.18765058637785498,0.0,0.0,0.0,0.20205970080104135,0.029872233192835357,0.06670675262847683,0.04933200087564412,0.0
0.0,0.24380050646805457,0.0,0.10031547138259822,0.0,0.016841809963641374,0.618477716523077,0.3652979981056701,0.5081968759867135,0.09196601891530895,0.47151889499406263,0.0,0.5474235210480178,0.4694517043117167,0.45875290384019324,0.01701171153969472,0.21648239668147334,0.0,0.0,0.023100584959574844,0.35741235526170567,0.23958837958066928,0.23084552500180983,0.0,0.10429126696012583,0.0,0.0,0.5207601242279185,0.0,0.30267856663767023,0.1659181933122195,0.0,0.0,0.0,0.0,0.0,0.017714498221111263,0.1453012353040257,0.0,0.0,0.1396769627509432,0.0,0.0,0.0,0.0,0.0,0.0,0.21477357128932234,0.26281771856810177,0.605276973350488,0.5660903651570837,0.4767633845412744,0.4848866284974419,0.6234109078530894,0.0,0.6728317028391249,0.0,0.27281372984879726,0.316230448752309,0.5004745023491897,0.0,0.013199915220689529,0.0,0.044785963883208046,0.24811853840470466,0.3993183015483369,0.0,0.633264736954571,0.0,0.0,0.0,0.5195125155838809,0.0,0.3817289527651,0.0,0.0
0.0,0.0,0.5419587558644787,0.0,0.016841809963641374,0.0,0.027685327790388015,0.017569625018574953,0.247509482707932,0.04276736926545621,0.2842292273133567,0.21580798778578344,0.0,0.09220102232577583,0.0,0.0,0.0,0.0,0.4647799548722307,0.18324124181151197,0.0,0.0,0.6187279908284086,0.27804383052920656,0.0,0.0,0.5199130996284648,0.0,0.5442041114830725,0.21062905505957555,0.0,0.4390711814968262,0.0,0.416916663399448,0.11108291913227623,0.5180685687492692,0.1971802300838859,0.0,0.43243661069358896,0.14915857935433163,0.015016962030399233,0.4021490969538689,0.20023202874813817,0.37319183833056435,0.3326895142932869,0.33383657746781703,0.5930148515479597,0.4103434003097311,0.09446201748088866,0.2608581386501262,0.1763810752416054,0.27072822900297344,0.0,0.15747620281466385,0.3144250641997333,0.0,0.26497743725256134,0.3569960889277044,0.0,0.0,0.14842553873378456,0.0,0.0,0.37816151401753334,0.0,0.0,0.0,0.0,0.22060002882844768,0.4158777418808841,0.42996232629797887,0.0,0.1151774568303208,0.0,0.2324509113291165,0.1587327096827833
0.336204038740626,0.5610908001405017,0.05019626449674153,0.16572995128180756,0.618477716523077,0.027685327790388015,0.0,0.3644558511152744,0.3681098987798433,0.38328080349380456,0.32236418222634045,0.0,0.7124367767207884,0.20908102541640744,0.4586923248809366,0.32831283311444914,0.40119420288650276,0.3247720810394668,0.050226215038132654,0.0,0.5444212813752253,0.5271226038120544,0.1077913218878756,0.0,0.4701848095425266,0.02411987270452659,0.0,0.4968792971114715,0.0,0.19052424062530574,0.07821593796035828,0.0,0.0,0.0,0.0,0.0,0.0,0.13558110446693913,0.0,0.0,0.25218517660426876,0.0,0.0,0.0,0.0,0.0,0.0,0.263488603802033,0.26889762437342124,0.4251590651923716,0.6100712607932384,0.4870953108230109,0.5893940175334378,0.4976910621749669,0.0,0.5707018320673746,0.0,0.15745852407155306,0.3313225055872654,0.573711820885836,0.0,0.01342282517861984,0.0,0.17106888839586235,0.3458372239283343,0.5622639937764461,0.0,0.6602267227857535,0.0,0.0,0.0,0.6550813793672057,0.0,0.4774485599055763,0.0,0.0
0.28084420129195586,0.5833514727303183,0.2553836040163612,0.2687105091768377,0.3652979981056701,0.017569625018574953,0.3644558511152744,0.0,0.13374528506938993,0.06940815263133257,0.4434715303312008,0.43599475986750963,0.6861451147671158,0.29604790808736686,0.4617524778523038,0.3850258557323886,0.38497134768744645,0.1393647758451791,0.27807270132518064,0.0,0.4312694415798938,0.38681005603469176,0.4512203938824292,0.0,0.2324700452039167,0.17266005412896193,0.0,0.5323917899674067,0.0,0.25203873484308287,0.25535788442040996,0.0,0.0,0.0,0.0,0.09071275381851465,0.08281269011815029,0.22426829969714393,0.0,0.0,0.018197645619873866,0.0,0.0,0.0,0.0,0.0,0.0,0.39407048035992925,0.21380282728256586,0.09789177762794168,0.29310088256678635,0.0,0.7281866642921162,0.19503832925037487,0.0,0.6113554657849025,0.3329945502870596,0.04777098519753781,0.30523384814971943,0.5441734896719234,0.0,0.1053311700969172,0.0,0.3000584646498519,0.4072298750768507,0.44181313380242027,0.0,0.5922242007028719,0.0,0.0,0.0,0.4163446536281016,0.0,0.021280866057964767,0.0,0.0
0.0,0.04223292684849772,0.3272789294797977,0.0,0.5081968759867135,0.247509482707932,0.3681098987798433,0.13374528506938993,0.0,0.0593831724166311,0.5645732154320201,0.0,0.2593217983835471,0.10199658544555872,0.30927721969134114,0.06294612625190496,0.09012017825019109,0.0,0.19894574243864116,0.3762468894598911,0.1244669296805258,0.20175424845998824,0.3408294504883275,0.0,0.0,0.0,0.2570181685108855,0.2841222822642225,0.13261244046371257,0.41252223215629397,0.12967512987045762,0.0,0.0,0.0,0.0,0.023338808805796224,0.15814757718157305,0.0,0.02355400826553322,0.0,0.15093138933170253,0.0,0.0,0.0,0.0,0.0,0.0,0.4365256337785627,0.10474563690983604,0.5524132500352348,0.24380868512971204,0.3816058457239968,0.12541968837432113,0.8700476746167927,0.0,0.4433503854125343,0.0,0.18144848699366886,0.04905735655745916,0.20426203911749916,0.0,0.0,0.0,0.2856857591110922,0.31056378155880726,0.09886693848590275,0.34094419300480666,0.295793300087218,0.0,0.0,0.0,0.2892878113556436,0.22962712449279085,0.34369209875895473,0.1811956932562319,0.02355358667083121
0.4899633616508514,0.41242629509835715,0.0,0.2296296216968155,0.09196601891530895,0.04276736926545621,0.38328080349380456,0.06940815263133257,0.0593831724166311,0.0,0.0,0.165868820932628,0.27846757371013287,0.0,0.2704101843512054,0.4406722920414859,0.5558734574219506,0.524810052364513,0.0,0.0,0.41374619059856266,0.4352587763261416,0.0,0.22383454747204493,0.5769045252001221,0.4009925717319388,0.0,0.35571090479974554,0.0,0.04915097136572702,0.3413177691310073,0.0,0.07074855230180455,0.0,0.0,0.12350617864399366,0.02840092671668265,0.10191866696027013,0.0,0.032641423165937405,0.08383638324786474,0.0,0.08320526803059329,0.10995970555015235,0.0,0.06525152466686829,0.0,0.05297862036337589,0.1925726124318783,0.048300146600090105,0.1625979402043391,0.2473386688984215,0.1260985943572389,0.0,0.49901887110089266,0.1184738767636409,0.11776404893632064,0.1364929962520035,0.0,0.2606974175928867,0.14083781364692027,0.31439164505973854,0.284468369379522,0.0,0.27614686024562657,0.34783908818609244,0.25082159154219663,0.22411588979003033,0.15089702892414333,0.01634069616276551,0.0,0.38041496025529326,0.1519536978017219,0.4223331390373105,0.12199847044015218,0.16661503696796642
0.0,0.06807655558637454,0.5629558829031356,0.08581577119643734,0.47151889499406263,0.2842292273133567,0.32236418222634045,0.4434715303312008,0.5645732154320201,0.0,0.0,0.0,0.28659949006487273,0.42149593303851646,0.28405218994644094,0.0,0.0,0.0,0.6376186449261384,0.1326515396817663,0.17151331787486154,0.12703376519062393,0.4647843285294415,0.0,0.0,0.0,0.12553810691857253,0.1570732406017154,0.0,0.3886795245198884,0.1780738516265378,0.0,0.0,0.07715352763423416,0.0,0.05888013759697139,0.15528628887791035,0.02409183688676496,0.0,0.0,0.0,0.0,0.0,0.0,0.0,0.0,0.0,0.6385344710510734,0.026293552376108295,0.4637729703524827,0.18926428002472798,0.2147081602133707,0.3514639236215512,0.4739491382860752,0.0,0.7674511762683299,0.02477494737763028,0.0,0.22804969046153234,0.17439612747852465,0.0,0.0,0.0,0.6664435353425772,0.08243765669901365,0.052616981198163326,0.0,0.3410985199618506,0.0,0.0,0.0,0.15800669515076277,0.0,0.0,0.0,0.0
0.1133947623628161,0.1468207895890697,0.07201605703178343,0.17022397842606785,0.0,0.21580798778578344,0.0,0.43599475986750963,0.0,0.165868820932628,0.0,0.0,0.211530064165636,0.0,0.0,0.14681485322612775,0.37214729997980533,0.2650877692350689,0.08641030296177915,0.16243772036528117,0.0,0.0,0.15134574598589978,0.6102909450763468,0.059940260196805345,0.5488304973185237,0.0,0.27664736868984124,0.0,0.13578134869855996,0.06629852797559072,0.10735017225309372,0.33261972130108586,0.11690879701187398,0.10592719030315123,0.4673131300535287,0.4417459681971304,0.18063752254767515,0.1585679690849998,0.41829302893877185,0.02939914160408079,0.04795994082593587,0.4355396852334339,0.29609326817910137,0.29147999590444384,0.09784899809265239,0.0,0.0,0.2125139840853706,0.0,0.0,0.0,0.043588455238269985,0.0,0.03858748995958805,0.024724765563364448,0.7645546214613622,0.2842931618773866,0.0,0.0,0.0,0.5104242163965894,0.020544341603702915,0.0780145190148255,0.23477521688414787,0.0,0.014252696102318219,0.0,0.5023186176948825,0.0,0.21066485516862754,0.0,0.420858702371444,0.0,0.28366960121442497,0.2501467349320669
0.5489685339630703,0.8023958069758675,0.0112886152370556,0.24223605932025347,0.5474235210480178,0.0,0.7124367767207884,0.6861451147671158,0.2593217983835471,0.27846757371013287,0.28659949006487273,0.211530064165636,0.0,0.1651734427670561,0.6111024759745849,0.5733371170631031,0.6381213090214737,0.49307544309350415,0.0,0.0,0.663027856709233,0.6153162931646243,0.16644620091007473,0.0,0.5920995578110412,0.31541016532635535,0.0,0.7969923876838219,0.0,0.18851967307519446,0.2925088950476392,0.0,0.0,0.0,0.0,0.0,0.0,0.16146026398754965,0.0,0.0,0.22566124779848673,0.0,0.0,0.0,0.0,0.0,0.0,0.23787350657948567,0.33688450120297597,0.19275453265744322,0.632783767454924,0.1106642624097493,0.7565453607877715,0.4277321606391783,0.0,0.655446820110996,0.13975553684461595,0.278165729357204,0.28946675428230995,0.776821019023173,0.0,0.2539325130495416,0.0,0.10586632543706803,0.535334639069794,0.7737879125333949,0.0,0.7444758190049023,0.0,0.0,0.0,0.7312861045770516,0.0,0.4408119160413405,0.0,0.0
0.0,0.0,0.15531843061221845,0.0,0.4694517043117167,0.09220102232577583,0.20908102541640744,0.29604790808736686,0.10199658544555872,0.0,0.42149593303851646,0.0,0.1651734427670561,0.0,0.07577484632402584,0.0,0.0,0.0,0.3496978218622579,0.0,0.049649109497386684,0.0,0.16783072259843376,0.0,0.0,0.0,0.0,0.0,0.0,0.13209159312532642,0.0,0.0,0.0,0.1224953665687214,0.0,0.0,0.0,0.21075975228336374,0.0,0.0,0.0,0.0,0.0,0.0,0.0,0.0,0.0,0.25019121376950826,0.07577879881923695,0.3927255806060642,0.2682664934794157,0.1787281912860663,0.34867964986711447,0.1559306590060055,0.0,0.48307592344607986,0.07547338364036722,0.0704325870222885,0.3641996553416092,0.17253585051021372,0.0,0.0,0.0,0.3254144996489785,0.0,0.029752066357066606,0.0,0.29384777220640373,0.0,0.0,0.0,0.0935346924262495,0.0,0.0,0.0,0.0
0.526332922679877,0.6735637634748151,0.0,0.2140179426475419,0.45875290384019324,0.0,0.4586923248809366,0.4617524778523038,0.30927721969134114,0.2704101843512054,0.28405218994644094,0.0,0.6111024759745849,0.07577484632402584,0.0,0.5469912352551565,0.48847203611499557,0.2641975361034911,0.0,0.13649190522965293,0.6596377677948854,0.7036324232296588,0.09770871990210461,0.0,0.5205106107116599,0.14096303553293069,0.0,0.6278719610215201,0.0,0.13562096238316,0.39729523143803996,0.0,0.0,0.0,0.0,0.0,0.0,0.11222936452550927,0.0,0.0,0.22437967052363422,0.0,0.0,0.0,0.0,0.0,0.0,0.1420675968583217,0.12729271154336716,0.17273998919547853,0.37336882213830835,0.08518952684827655,0.5149129041276782,0.3910648710427748,0.0,0.47904744211137074,0.0,0.0,0.13234885820630646,0.8013140618311472,0.0,0.0,0.0,0.05525037037784247,0.6166786319006209,0.666112586987657,0.29535347316973676,0.6892918848489177,0.0,0.0,0.0,0.7440426580566609,0.0,0.5834576360070989,0.0,0.0
0.7829760443916384,0.8250042441990839,0.0,0.2253909899662615,0.01701171153969472,0.0,0.32831283311444914,0.3850258557323886,0.06294612625190496,0.4406722920414859,0.0,0.14681485322612775,0.5733371170631031,0.0,0.5469912352551565,0.0,0.7327187143393177,0.7605175678099968,0.0,0.0,0.545881361797405,0.8632306708100388,0.0,0.0,0.7554117181477502,0.5163389128484674,0.0,0.6751780131087441,0.0,0.14227064997467517,0.521180742175254,0.0,0.12125194215097837,0.0,0.0,0.0,0.0,0.11416408491880352,0.0,0.0,0.17584064338093652,0.0,0.00982116364451796,0.0,0.0,0.0,0.0,0.0,0.05591541716224403,0.0,0.17497140032530004,0.0,0.4434061313460174,0.11252557005468716,0.0,0.2581078463667176,0.0,0.0,0.13166721868124426,0.6869843105830591,0.0,0.33684878487481357,0.23293522883803502,0.027169053075509514,0.6547997601642287,0.6293378415918383,0.35333332123911504,0.47372532084432517,0.0,0.0,0.0,0.713461590607825,0.04494245101172678,0.5223400451780493,0.0,0.0
0.6509096995618358,0.7243077379506863,0.0,0.32251016331608395,0.21648239668147334,0.0,0.40119420288650276,0.38497134768744645,0.09012017825019109,0.5558734574219506,0.0,0.37214729997980533,0.6381213090214737,0.0,0.48847203611499557,0.7327187143393177,0.0,0.6642073739241432,0.0,0.0,0.4575793622762791,0.7120083118971086,0.0,0.08297989018769852,0.6591710123084019,0.5250354122357884,0.0,0.7475756764167419,0.0,0.048690899852949915,0.39902984727131463,0.0,0.039951522503617165,0.0,0.0,0.0,0.04336531068423642,0.1983216534292536,0.0,0.0,0.162414704976114,0.0,0.0,0.0,0.0,0.0,0.0,0.0,0.25638344537117225,0.0,0.23497734642117063,0.0,0.3917163683463809,0.1773632074426436,0.0,0.3069479045674493,0.2062359374912717,0.07886808360043673,0.17217454495514867,0.5662092119379183,0.0,0.435374943301696,0.1800048990429685,0.0,0.5867028404885195,0.5598036438170104,0.19044848086529287,0.4222001385445082,0.0,0.0,0.0,0.6521426805460844,0.10606951977519335,0.42731201766468474,0.0,0.0
0.7670364536727402,0.7287888067505273,0.0,0.0519970743002182,0.0,0.0,0.3247720810394668,0.1393647758451791,0.0,0.524810052364513,0.0,0.2650877692350689,0.49307544309350415,0.0,0.2641975361034911,0.7605175678099968,0.6642073739241432,0.0,0.0,0.0,0.4526120100075717,0.6807457604603769,0.0,0.3233698701261418,0.817740502526384,0.7698622264563091,0.0,0.5236259060327991,0.0,0.0,0.27679135229226876,0.0,0.35902497560223956,0.0,0.12348801970748133,0.0,0.0,0.17122052875140353,0.0,0.17460398217295003,0.33265537371348003,0.0,0.06602823445945041,0.0,0.0,0.0,0.0,0.0,0.17231184557702398,0.0,0.2632842337155387,0.0,0.24355560918770194,0.06965279303311375,0.07853386123541878,0.05703096344518935,0.20091104524484024,0.09662884547146378,0.019121635775010054,0.4635100505986708,0.14674766775619702,0.43681582892759496,0.5501919046979632,0.0,0.545857068965889,0.5222287094235627,0.34869258324377633,0.25379205272825917,0.24331363110938603,0.0,0.0,0.5099630742911905,0.15990152783650904,0.42371442676289917,0.016661661673900763,0.13049799862289976
0.0,0.0,0.7631050148136128,0.0,0.0,0.4647799548722307,0.050226215038132654,0.27807270132518064,0.19894574243864116,0.0,0.6376186449261384,0.08641030296177915,0.0,0.3496978218622579,0.0,0.0,0.0,0.0,0.0,0.17509167356152122,0.0,0.0,0.4382977600009662,0.05184654544128936,0.0,0.0,0.2003644780052018,0.0,0.16661778477050473,0.29231810361693233,0.07242211534014195,0.2313564789245678,0.07529665364080707,0.35389585380347366,0.14406049307609325,0.3840219311843429,0.20017984833082686,0.11058950813057623,0.15453735200754948,0.21582029231875452,0.011714069109056147,0.11858437521295621,0.31476675159908996,0.18611397287835996,0.13015647603515973,0.01562820256588132,0.26654723203401726,0.5991728832659384,0.06738287376640373,0.24318738178927185,0.019776854344967343,0.10351705655944973,0.14109690576341283,0.04930591720389471,0.08525545949540825,0.36225432542544844,0.21761376721228903,0.1090501953833952,0.15109015689834443,0.0,0.0,0.0,0.0,0.8459872892998929,0.0,0.0,0.0,0.0,0.0,0.06707733135672367,0.09034094601769774,0.0,0.0,0.0,0.05049329320169815,0.0
0.0,0.0,0.23811328993829012,0.0,0.023100584959574844,0.18324124181151197,0.0,0.0,0.3762468894598911,0.0,0.1326515396817663,0.16243772036528117,0.0,0.0,0.13649190522965293,0.0,0.0,0.0,0.17509167356152122,0.0,0.0,0.22592983106800757,0.20832418449648527,0.14416271040773862,0.0,0.0,0.559008249055777,0.0,0.5246476497532027,0.5676714779549227,0.24193670106828893,0.4368700936261881,0.13129669808952937,0.1062835037883234,0.035395624229520715,0.26419543925060707,0.32057201159394555,0.028437784426322305,0.2750033170353047,0.25820889686465465,0.0,0.10244440306643596,0.35619974793370346,0.49373780760845376,0.31849888518005354,0.27913728016073647,0.3314604520747436,0.11724797531371361,0.04180146090199312,0.15685825691441468,0.0,0.18428412792731946,0.0,0.36009750789185824,0.305564298170534,0.0,0.26382406599570846,0.30118617777157564,0.0,0.0,0.23891267654477544,0.07781163301427085,0.0,0.22282146892306529,0.3661740296983813,0.0,0.5773733225412946,0.0,0.18592477595444096,0.2622376986818016,0.2879767957834299,0.0,0.5706133533492623,0.0,0.43173327991121957,0.3577169703704295
0.7047480640078646,0.7417227990622823,0.0,0.11929265762334736,0.35741235526170567,0.0,0.5444212813752253,0.4312694415798938,0.1244669296805258,0.41374619059856266,0.17151331787486154,0.0,0.663027856709233,0.049649109497386684,0.6596377677948854,0.545881361797405,0.4575793622762791,0.4526120100075717,0.0,0.0,0.0,0.6207804216393222,0.049827697931154324,0.0,0.7159167787545897,0.3146497705400998,0.0,0.6450703859288257,0.0,0.018118842221406917,0.3342932089148509,0.0,0.0,0.0,0.0,0.0,0.0,0.12738443028250118,0.0,0.0,0.10742337788489553,0.0,0.0,0.0,0.0,0.0,0.0,0.17278988802038406,0.10332472000003848,0.05149061992691062,0.5361957286260877,0.16044228464298038,0.6661464004005204,0.17093876493934607,0.0,0.46202498013401155,0.0,0.027223808461987964,0.11927034830202021,0.7713841908282963,0.0,0.03947254522059446,0.08716059513198318,0.0,0.49033229829971603,0.8765100846630823,0.10402785959682015,0.7456201537527768,0.0,0.0,0.0,0.7188371764775383,0.0,0.6507390741217225,0.0,0.0
0.7608737639559167,0.8562137842058699,0.0,0.18473944300196737,0.23958837958066928,0.0,0.5271226038120544,0.38681005603469176,0.20175424845998824,0.4352587763261416,0.12703376519062393,0.0,0.6153162931646243,0.0,0.7036324232296588,0.8632306708100388,0.7120083118971086,0.6807457604603769,0.0,0.22592983106800757,0.6207804216393222,0.0,0.0,0.0,0.7786742637580018,0.3833608242793758,0.0,0.7024975458213781,0.0,0.17522376862073247,0.43912437807773685,0.0,0.0486440682987615,0.0,0.0,0.0,0.0,0.2192322061525482,0.0,0.0,0.23382514873212795,0.0,0.0,0.0,0.0,0.0,0.0,0.0854175394984037,0.1303382624551542,0.0,0.38374502759586104,0.08296870967952455,0.566529781964473,0.2831957706870223,0.0,0.40022390579221606,0.0,0.0,0.23302457143621985,0.810325411706494,0.0,0.1734271724630668,0.10643916608389759,0.07188330082022171,0.7952149123463741,0.7110304985438975,0.4818256320828953,0.6273261663670364,0.0,0.0,0.0,0.8122791140165817,0.0,0.6447664134010234,0.0,0.0
0.0,0.0,0.651599336679271,0.06060830046716685,0.23084552500180983,0.6187279908284086,0.1077913218878756,0.4512203938824292,0.3408294504883275,0.0,0.4647843285294415,0.15134574598589978,0.16644620091007473,0.16783072259843376,0.09770871990210461,0.0,0.0,0.0,0.4382977600009662,0.20832418449648527,0.049827697931154324,0.0,0.0,0.1308742271114593,0.0,0.0,0.24619229159171785,0.0,0.18827995649266493,0.28130998188272144,0.028797922120555597,0.17152285589811977,0.0,0.13276321141200545,0.0,0.3001946068887593,0.11074550082747037,0.0,0.13331457183297601,0.0,0.0,0.05464472502845141,0.0,0.06472533129365504,0.04048247310514737,0.0,0.08552848256235451,0.6588786648510798,0.053746685686570844,0.15795059449519672,0.26165910009586707,0.07183547993589032,0.20660885335107232,0.28258498616723415,0.009216983093659481,0.19321464216408266,0.13346520500293252,0.18910711500272206,0.0,0.0,0.0,0.0,0.0,0.3981956547589286,0.0,0.0,0.0,0.37625283036372115,0.005104735482689471,0.0,0.02031958369817677,0.0,0.03296595309745068,0.0,0.07262992342399745,0.0
0.2708185930740671,0.0,0.19155270861894885,0.0,0.0,0.27804383052920656,0.0,0.0,0.0,0.22383454747204493,0.0,0.6102909450763468,0.0,0.0,0.0,0.0,0.08297989018769852,0.3233698701261418,0.05184654544128936,0.14416271040773862,0.0,0.0,0.1308742271114593,0.0,0.16299087211672747,0.7174873060187237,0.11059681090051135,0.0,0.3462445329395462,0.0,0.0,0.5100561055648545,0.6120405593065048,0.20505552175802177,0.3056449565383432,0.5461314488950156,0.2564047327729494,0.12277972125602915,0.5964330777923461,0.638320467159866,0.13407807554291376,0.3031673379785764,0.3705052105501329,0.41632090175187053,0.5862058765690048,0.6167638725591733,0.272429969350654,0.0,0.06568403332449729,0.0,0.0,0.0,0.0,0.0,0.32011774710697405,0.0,0.5485039361100472,0.23528807634521287,0.0,0.0,0.46809701514769564,0.2874851133300433,0.41581972829225283,0.0,0.03148982216698448,0.0,0.15200350869320062,0.0,0.9015356051131198,0.4767136658298115,0.6488225420973239,0.0,0.4989722861504583,0.0,0.43081840176737685,0.6115002465357727
0.9149805782389996,0.8751478811926204,0.0,0.10423120033839349,0.10429126696012583,0.0,0.4701848095425266,0.2324700452039167,0.0,0.5769045252001221,0.0,0.059940260196805345,0.5920995578110412,0.0,0.5205106107116599,0.7554117181477502,0.6591710123084019,0.817740502526384,0.0,0.0,0.7159167787545897,0.7786742637580018,0.0,0.16299087211672747,0.0,0.6639795784362462,0.0,0.6526079831952034,0.0,0.0,0.26692739934476056,0.0,0.17741125412371328,0.0,0.0,0.0,0.0,0.1419684850828084,0.0,0.0,0.28279904611755585,0.0,0.0,0.0,0.0,0.0,0.0,0.0,0.12350746461681364,0.0,0.47749233748027287,0.015289813943229286,0.47592190494591496,0.0883598574139812,0.0,0.22895720436464473,0.0,0.0,0.016188641753581104,0.7276980927625314,0.0,0.21310806159049536,0.3872528890488311,0.0,0.5986509643304182,0.7983944768416905,0.3311628190746911,0.579706930455566,0.06465294184813197,0.0,0.0,0.7755837713512941,0.0,0.720775336202776,0.0,0.0
0.7038641088877489,0.4752619123797742,0.0,0.04420480902268824,0.0,0.0,0.02411987270452659,0.17266005412896193,0.0,0.4009925717319388,0.0,0.5488304973185237,0.31541016532635535,0.0,0.14096303553293069,0.5163389128484674,0.5250354122357884,0.7698622264563091,0.0,0.0,0.3146497705400998,0.3833608242793758,0.0,0.7174873060187237,0.6639795784362462,0.0,0.0,0.3643738837544608,0.0,0.0,0.13248135969002772,0.1065219720050392,0.5246423052785067,0.02454731729980285,0.19865254099051,0.19877414343456798,0.05953942069924201,0.16099576344712324,0.18076575420401808,0.4015869011603046,0.19783781778049186,0.0,0.21896502426033304,0.16747229839552957,0.25026648738433105,0.2554640252268221,0.0,0.0,0.10452564925486826,0.0,0.08525625404363096,0.0,0.05705633788982012,0.0,0.11491326733346585,0.0,0.4105600073173898,0.13895626163175934,0.0,0.22520469711304514,0.22883629905423186,0.4333369926839671,0.4308077991742024,0.0,0.37120005829386227,0.349800236336437,0.2861501941173858,0.018121416240415744,0.5988120259479996,0.07147877654526386,0.2727455534921735,0.1592005357457945,0.2867849405612895,0.16151856460057287,0.19335593772460802,0.36050509869914094
0.0,0.0,0.2788755932957917,0.0,0.0,0.5199130996284648,0.0,0.0,0.2570181685108855,0.0,0.12553810691857253,0.0,0.0,0.0,0.0,0.0,0.0,0.0,0.2003644780052018,0.559008249055777,0.0,0.0,0.24619229159171785,0.11059681090051135,0.0,0.0,0.0,0.0,0.9161191372436782,0.24020288696404324,0.0,0.6716092118561037,0.0,0.2621922689127815,0.1203727468579321,0.2503451053672375,0.3029305559507662,0.0,0.5926536813568783,0.14877593851741014,0.0,0.6036176733238839,0.23217818952829478,0.5374560061398713,0.46078059814176975,0.5860438266490984,0.7785394903121852,0.07797118717309504,0.0,0.1932187467384313,0.0,0.26666020786535566,0.0,0.15974590780046288,0.5404916112880669,0.0,0.0,0.0674522876097825,0.0,0.0,0.5185080571880677,0.0,0.0,0.16073786733135143,0.0,0.0,0.2697156144401093,0.0,0.16552763208437488,0.6755662744549313,0.5734229683302252,0.0,0.35780435471433014,0.0,0.36274620691690485,0.5030262758936854
0.6144612978324506,0.7573216455153116,0.0,0.3208305998429215,0.5207601242279185,0.0,0.4968792971114715,0.5323917899674067,0.2841222822642225,0.35571090479974554,0.1570732406017154,0.27664736868984124,0.7969923876838219,0.0,0.6278719610215201,0.6751780131087441,0.7475756764167419,0.5236259060327991,0.0,0.0,0.6450703859288257,0.7024975458213781,0.0,0.0,0.6526079831952034,0.3643738837544608,0.0,0.0,0.0,0.20170407652586236,0.5161733449058287,0.0,0.0,0.0,0.0,0.0,0.11356642186278662,0.19305510531372033,0.0,0.0,0.11826043672473448,0.0,0.0,0.0,0.0,0.0,0.0,0.009754104494909543,0.299869885254247,0.18183443863421964,0.4325851845597489,0.07479104449389756,0.5983403703397022,0.3860840911383878,0.0,0.5698522642499256,0.20762154494506194,0.2401630140173905,0.21356610504451085,0.7565743625947694,0.0,0.453409469325092,0.1295698919213337,0.0,0.721520827795256,0.7157000797161368,0.20265604681987903,0.6222837748683079,0.0,0.0,0.0,0.7469858146076784,0.23018833932064953,0.5633918734916354,0.0,0.0
0.0,0.0,0.2614672368895681,0.0,0.0,0.5442041114830725,0.0,0.0,0.13261244046371257,0.0,0.0,0.0,0.0,0.0,0.0,0.0,0.0,0.0,0.16661778477050473,0.5246476497532027,0.0,0.0,0.18827995649266493,0.3462445329395462,0.0,0.0,0.9161191372436782,0.0,0.0,0.18179115982505492,0.0,0.7521275574911765,0.12021014368247879,0.34464290200311753,0.2274210929809291,0.32881905160408353,0.28747889477131794,0.0,0.6352496057753256,0.28659253565934295,0.0,0.5139661160128592,0.3003641067703948,0.6231682093920482,0.5940729438922179,0.790167656460247,0.8641428287815625,0.0,0.0,0.028668762412706883,0.0,0.19932006761476043,0.0,0.0,0.6553242851031755,0.0,0.03055635782729256,0.18501386676656512,0.0,0.0,0.7236521155494402,0.0,0.17482538089153377,0.09306328468583142,0.0,0.0,0.26612633150305054,0.0,0.39526024565842605,0.8364225437366843,0.7923900202584313,0.0,0.4945610137044073,0.0,0.4829780917067789,0.6815347636592246
0.0,0.0,0.2717300509825128,0.021442743847392254,0.30267856663767023,0.21062905505957555,0.19052424062530574,0.25203873484308287,0.41252223215629397,0.04915097136572702,0.3886795245198884,0.13578134869855996,0.18851967307519446,0.13209159312532642,0.13562096238316,0.14227064997467517,0.048690899852949915,0.0,0.29231810361693233,0.5676714779549227,0.018118842221406917,0.17522376862073247,0.28130998188272144,0.0,0.0,0.0,0.24020288696404324,0.20170407652586236,0.18179115982505492,0.0,0.46272914477620575,0.0,0.0,0.08321043111084675,0.0,0.15955952845883864,0.20899260042267448,0.07694792442291469,0.0,0.032888748025352355,0.0,0.0,0.24377008502671205,0.12466406970912282,0.039244221844017824,0.0,0.04496564572216094,0.252039669417377,0.08641604131119947,0.3539668336585161,0.12376687458252789,0.2782876223223234,0.16558446928425802,0.40146804253600676,0.1794857388114105,0.32682377862115897,0.17504733470179112,0.29376848610193024,0.04283013738769466,0.04233641171035524,0.0,0.1204259340924468,0.0,0.3212393904601142,0.2596960032228498,0.0,0.19052344807052982,0.07973033259782392,0.0,0.0,0.0,0.06382733330658327,0.33089627113985204,0.0,0.2401238514639511,0.0
0.3947398616352855,0.3351829427662073,0.06188807863546647,0.19977892019505228,0.1659181933122195,0.0,0.07821593796035828,0.25535788442040996,0.12967512987045762,0.3413177691310073,0.1780738516265378,0.06629852797559072,0.2925088950476392,0.0,0.39729523143803996,0.521180742175254,0.39902984727131463,0.27679135229226876,0.07242211534014195,0.24193670106828893,0.3342932089148509,0.43912437807773685,0.028797922120555597,0.0,0.26692739934476056,0.13248135969002772,0.0,0.5161733449058287,0.0,0.46272914477620575,0.0,0.0,0.0,0.023556508299824308,0.0,0.011509307512205275,0.24247111220056924,0.10244478809697974,0.0,0.08880909947847793,0.005533352240028211,0.0,0.1652106789687962,0.0,0.0,0.0,0.0,0.0,0.1626267567575777,0.09088993971273551,0.0,0.06122476364369228,0.20394674834689944,0.0845077951609983,0.17096562591798523,0.26608344025129055,0.023516161258683055,0.11790954928560027,0.06414411499342723,0.29695004533538766,0.012704876514262997,0.29640950948508465,0.149721185155334,0.025432879058400998,0.3382277445730993,0.30204500505738957,0.2551289475962858,0.21333664978329386,0.0,0.0,0.0,0.2939263395249683,0.36293023983375894,0.27479648119499384,0.08669955018906798,0.18649228668954454
0.0,0.0,0.312808577110697,0.0,0.0,0.4390711814968262,0.0,0.0,0.0,0.0,0.0,0.10735017225309372,0.0,0.0,0.0,0.0,0.0,0.0,0.2313564789245678,0.4368700936261881,0.0,0.0,0.17152285589811977,0.5100561055648545,0.0,0.1065219720050392,0.6716092118561037,0.0,0.7521275574911765,0.0,0.0,0.0,0.42138332693863767,0.28268752833497424,0.38243618477533814,0.4340404267858586,0.19723746513707663,0.0,0.7821871987763227,0.4765442672491548,0.0895320374490241,0.4690633443006714,0.30990307563120933,0.5363664064550745,0.6511089354043634,0.6965007294100779,0.7596413227227768,0.0,0.0,0.0,0.0,0.0,0.0,0.0,0.4557204815650765,0.0,0.18721437026386206,0.11353466673009709,0.0,0.0,0.6345388572971294,0.01966791858790229,0.2700022941032972,0.1537471975454588,0.0,0.0,0.27566446767654385,0.0,0.535070192875349,0.7035259904700246,0.7483505173903464,0.0,0.3481339167811626,0.0,0.40435929300641615,0.619639478821543
0.3044747740205707,0.08615789786129607,0.18055806530411758,0.0,0.0,0.0,0.0,0.0,0.0,0.07074855230180455,0.0,0.33261972130108586,0.0,0.0,0.0,0.12125194215097837,0.039951522503617165,0.35902497560223956,0.07529665364080707,0.13129669808952937,0.0,0.0486440682987615,0.0,0.6120405593065048,0.17741125412371328,0.5246423052785067,0.0,0.0,0.12021014368247879,0.0,0.0,0.42138332693863767,0.0,0.22647615328623066,0.3711044157056822,0.32908055667187747,0.09002202012801182,0.13774784040736635,0.5061550739099359,0.7229144846739701,0.267244568337614,0.13602281193586943,0.18868237217360834,0.21843625948374112,0.4136382268133123,0.3870947679667903,0.10431865471189151,0.0,0.1127039956581384,0.0,0.0,0.0,0.0,0.0,0.08967562157598363,0.0,0.29348353871839455,0.012388621414168577,0.0,0.0,0.3042622205139006,0.04526273303745218,0.3232899360914001,0.07487623035306365,0.13821204169096296,0.0,0.23911550069571824,0.0,0.611613587849526,0.3017232021159836,0.3713552160147885,0.0,0.2704844768999251,0.0,0.24603842088215075,0.3637829625707031
0.0,0.0,0.263849255292407,0.0,0.0,0.416916663399448,0.0,0.0,0.0,0.0,0.07715352763423416,0.11690879701187398,0.0,0.1224953665687214,0.0,0.0,0.0,0.0,0.35389585380347366,0.1062835037883234,0.0,0.0,0.13276321141200545,0.20505552175802177,0.0,0.02454731729980285,0.2621922689127815,0.0,0.34464290200311753,0.08321043111084675,0.023556508299824308,0.28268752833497424,0.22647615328623066,0.0,0.21818323783866916,0.3191631797443433,0.24578682209947844,0.051271912513472184,0.29589641986720816,0.36898486617973036,0.32828684402604086,0.19560070310846833,0.14507146468595034,0.19339380234365594,0.24687262519979336,0.3126830929309468,0.36986472482471455,0.1151496098371541,0.16565554790010412,0.0902877503958797,0.0,0.09765128319697326,0.0,0.0,0.15423203847275835,0.0,0.12655439327202872,0.20520411810469208,0.03414352073945616,0.0,0.2204598907175589,0.0,0.0,0.29223494762302676,0.0,0.0,0.0,0.0,0.2230295803197584,0.28103705168353593,0.3577582474011289,0.0,0.11680493668700895,0.0,0.1868961633251063,0.2642490961222521
0.0,0.0,0.17369023772206982,0.0,0.0,0.11108291913227623,0.0,0.0,0.0,0.0,0.0,0.10592719030315123,0.0,0.0,0.0,0.0,0.0,0.12348801970748133,0.14406049307609325,0.035395624229520715,0.0,0.0,0.0,0.3056449565383432,0.0,0.19865254099051,0.1203727468579321,0.0,0.2274210929809291,0.0,0.0,0.38243618477533814,0.3711044157056822,0.21818323783866916,0.0,0.14600310726340698,0.16493178394131902,0.04358950545628501,0.33329894885141576,0.3121254293147044,0.17562615536245907,0.11607410886743548,0.2712234772703545,0.2315356868685202,0.39644832301064215,0.3173476453883216,0.35011138574755923,0.0,0.12499453769252698,0.0,0.0,0.0,0.0,0.0,0.06676085031438009,0.0,0.11562082384173336,0.0605891111447685,0.0,0.0,0.28093723423647576,0.001807973251506667,0.1945249658825441,0.10132075073194823,0.0,0.0,0.023178927999713404,0.0,0.3675949295347152,0.35754982646718747,0.3961901765002585,0.0,0.21859309794625162,0.0,0.20535658901863982,0.3169430273978235
0.0,0.0,0.3648249383695309,0.06587586563934048,0.0,0.5180685687492692,0.0,0.09071275381851465,0.023338808805796224,0.12350617864399366,0.05888013759697139,0.4673131300535287,0.0,0.0,0.0,0.0,0.0,0.0,0.3840219311843429,0.26419543925060707,0.0,0.0,0.3001946068887593,0.5461314488950156,0.0,0.19877414343456798,0.2503451053672375,0.0,0.32881905160408353,0.15955952845883864,0.011509307512205275,0.4340404267858586,0.32908055667187747,0.3191631797443433,0.14600310726340698,0.0,0.32306512876360627,0.17982164916378346,0.41205559357505667,0.46328737172279016,0.0,0.29046408800641677,0.42905278845644484,0.41984035755217963,0.4657902448934701,0.3872002368058157,0.47267636471581365,0.16736709330206379,0.1702844319057244,0.016144567653327335,0.0,0.0,0.0,0.0,0.2575486572303447,0.0,0.6005668455911428,0.2881278570594715,0.0,0.0,0.16085896507226383,0.21437769663603035,0.0555493883250876,0.23554966192483356,0.0,0.0,0.0,0.0,0.5433098221662702,0.3713379890681874,0.5203551337974766,0.0,0.29943301481968165,0.0,0.22485058328406782,0.2512646909224627
0.0,0.0,0.10713283787821405,0.11199537665593683,0.017714498221111263,0.1971802300838859,0.0,0.08281269011815029,0.15814757718157305,0.02840092671668265,0.15528628887791035,0.4417459681971304,0.0,0.0,0.0,0.0,0.04336531068423642,0.0,0.20017984833082686,0.32057201159394555,0.0,0.0,0.11074550082747037,0.2564047327729494,0.0,0.05953942069924201,0.3029305559507662,0.11356642186278662,0.28747889477131794,0.20899260042267448,0.24247111220056924,0.19723746513707663,0.09002202012801182,0.24578682209947844,0.16493178394131902,0.32306512876360627,0.0,0.03438421835119261,0.1933027856961908,0.3391650452878096,0.0,0.13589985052666206,0.38362545287527755,0.3140005193495335,0.3606376617067322,0.2207090937781041,0.22857607328665402,0.0,0.2789600549410837,0.13686784150903633,0.0,0.0,0.0,0.05599976672467187,0.10092835127949353,0.05625104201746524,0.4317971110435415,0.22172599743085883,0.040032324700433,0.0,0.16167366994282398,0.2976604792598569,0.0,0.13828507659215725,0.0,0.0,0.016467961772331702,0.0,0.27296571251551055,0.0956208053364385,0.2509220153357844,0.0,0.5260215575924752,0.0,0.2423241488478549,0.4190764931330931
0.15172432548647494,0.27779069356829267,0.0,0.0,0.1453012353040257,0.0,0.13558110446693913,0.22426829969714393,0.0,0.10191866696027013,0.02409183688676496,0.18063752254767515,0.16146026398754965,0.21075975228336374,0.11222936452550927,0.11416408491880352,0.1983216534292536,0.17122052875140353,0.11058950813057623,0.028437784426322305,0.12738443028250118,0.2192322061525482,0.0,0.12277972125602915,0.1419684850828084,0.16099576344712324,0.0,0.19305510531372033,0.0,0.07694792442291469,0.10244478809697974,0.0,0.13774784040736635,0.051271912513472184,0.04358950545628501,0.17982164916378346,0.03438421835119261,0.0,0.0,0.14217378025963276,0.026008831031799323,0.0,0.20414545008657242,0.11236226634252056,0.1524622228556361,0.0,0.0,0.0,0.28070555406141134,0.003898848040685937,0.1702381281209039,0.02024490423648667,0.27617672146811556,0.0,0.0,0.1671391574834702,0.3109302228254074,0.13203964222494652,0.07673326753353304,0.22110197299629913,0.0,0.07857755418442472,0.0,0.022887832031804153,0.21157647285941591,0.190685319088759,0.0,0.2171648863457147,0.129473561796368,0.0,0.0,0.15788161566288242,0.05153756652912114,0.0,0.0,0.0
0.0,0.0,0.25714443338648674,0.0,0.0,0.43243661069358896,0.0,0.0,0.02355400826553322,0.0,0.0,0.1585679690849998,0.0,0.0,0.0,0.0,0.0,0.0,0.15453735200754948,0.2750033170353047,0.0,0.0,0.13331457183297601,0.5964330777923461,0.0,0.18076575420401808,0.5926536813568783,0.0,0.6352496057753256,0.0,0.0,0.7821871987763227,0.5061550739099359,0.29589641986720816,0.33329894885141576,0.41205559357505667,0.1933027856961908,0.0,0.0,0.5293204253384363,0.19333767912861807,0.4449510495417074,0.16701065299137247,0.40211974217510027,0.6343658238886059,0.6232715955450472,0.6319781600159929,0.025178090310609594,0.0,0.0,0.0,0.06268572716361745,0.0,0.0401354758992801,0.36656681449444706,0.0,0.24049742407822217,0.20666983490322086,0.0,0.0,0.565040394087575,0.00903913072220705,0.32925064297024964,0.10105558022332815,0.0,0.0,0.17007804917212133,0.0,0.6248092047221139,0.665139902478333,0.699134010400203,0.0,0.31817039634509037,0.0,0.445456481861565,0.5543359367195249
