0.0,0.0,0.46071472556397625,0.0,0.0,0.34021533236096596,0.3964379257920583,0.2682189150126144,0.49281226244501,0.22860591603849748,0.5001415189093996,0.23222560687856203,0.5748909033411739,0.0,0.6187599625623528,0.5218220449126921,0.202285604733834,0.2625827893173328,0.3530488286965291,0.7330065310940814,0.8143662542889929,0.7970027322693818,0.46556927874296616,0.5484692931713504,0.14723517379058187,0.1865988061922983,0.47221137388251716,0.351983676019489,0.5253499370830896,0.7425124678425203,0.5418847083344325,0.10369641164429398,0.6082978418112557,0.0,0.0,0.0,0.0,0.182366216540723,0.0789418682356774,0.6219054804151531,0.5245204066382061,0.179217838007458,0.0,0.0,0.24001125087223543,0.8831394945106784,0.07958788004182707,0.22288918999445695,0.010227047781495247,0.0,0.0,0.15925528125048882,0.02725972505375232,0.28732119033235837,0.5410580887820347,0.09023724280126892,0.27758754650164225,0.0,0.0,0.4267413959764592,0.4278966877275689,0.4823427534070387,0.2865258324204935,0.3044217402803448,0.3131271771667271,0.722785178137611,0.5582657334825927,0.16600045118462575,0.4922232840096707,0.38916017678683246,0.2111859601386955,0.1004779103388509,0.25288430392288724,0.0,0.0,0.30462140237587665
0.0,0.0,0.25900251801399304,0.16104809217631733,0.6937306564169925,0.6513068307537166,0.10889673156493676,0.5536139338124986,0.34472495899478356,0.6343794290214022,0.1659585645580278,0.6880253356869461,0.4233185607187712,0.4042717305995218,0.418404279657738,0.570781568110128,0.7636984021119158,0.7752661791225743,0.1834047711852046,0.35040275371934343,0.12496832092437779,0.32586231873469773,0.4884135099965625,0.43159026621796204,0.8584296771525816,0.7992782982004314,0.4716318443117703,0.5225674553392021,0.5158814553961476,0.09617250815969505,0.18176274337686174,0.0,0.0,0.0,0.0,0.2988181183404474,0.21695291065701905,0.0,0.0,0.0,0.0,0.0,0.32001042473779434,0.2791457165439495,0.04234342676840369,0.0,0.7830679926347988,0.4469484460479588,0.0,0.5262250417377067,0.7281155568110587,0.21123945782668743,0.5652004223762327,0.4974689394482766,0.42917439471428037,0.3661337562364779,0.6593475179152251,0.7331897413779577,0.31922135528412854,0.46990919001951614,0.45028058887440303,0.5108740932508329,0.6965202024133756,0.30484361976897895,0.4705495356370711,0.19395032884411756,0.3924740204200062,0.5980151911646232,0.43749648258801477,0.5850450303928344,0.7056976781921651,0.5308633180145945,0.519838185428926,0.35094239866423615,0.2642104218616135,0.08395843435920963
0.46071472556397625,0.25900251801399304,0.0,0.0,0.39365276075879635,0.6649904796523556,0.3802475117486116,0.6995771300007014,0.6684464552111474,0.42911624890914735,0.8302096463951697,0.46057310133790236,0.5894019976955246,0.08788437515569625,0.6198503035735392,0.3712654236106463,0.4452134845058192,0.41262129354158467,0.6734125262465724,0.6248983291344455,0.5081112178441862,0.5515504143471507,0.8430273559793289,0.4577958489564531,0.32803939774281293,0.4198787287879175,0.7522826712158541,0.3318172821600202,0.5197119121878662,0.399068227508675,0.1415529655391572,0.0,0.31195052263255435,0.0,0.0,0.0,0.0,0.07088828867535382,0.0,0.3865949812239071,0.1049825316658942,0.0,0.0,0.0,0.2771139512297849,0.46289180668010405,0.3232858778428527,0.8790246784125623,0.0,0.3965591435088348,0.22389476439852207,0.3771596325868719,0.4585701728378331,0.6020016882320222,0.6001178895060595,0.7286896693876048,0.5013280952401875,0.16582006550125042,0.16665492811233878,0.5098702675885135,0.3563834751278292,0.5094202610826722,0.45800452507402256,0.7050436843628093,0.36274946850925355,0.5737172138974118,0.4719655041158272,0.6736288510143624,0.4147902799974667,0.4659318820452222,0.3746904541715976,0.6108529494373796,0.24147335911498163,0.0,0.0,0.05718779855447745
0.0,0.16104809217631733,0.0,0.0,0.25237824392900593,0.0,0.0,0.0,0.0,0.03192077404798316,0.0,0.0,0.0,0.5435188391252708,0.0,0.0,0.0112280361150561,0.0,0.0,0.0,0.0,0.0,0.0,0.0,0.06464536352357297,0.1591975111734478,0.0,0.06357748668578794,0.0,0.0,0.0,0.007584548361564941,0.0,0.27623699481621167,0.41495762251581625,0.5459695263750857,0.6601263445611992,0.0,0.1311252768686065,0.0,0.0,0.0,0.5246231567576949,0.4185848631132061,0.0,0.0,0.05644759555359341,0.0,0.0,0.0731644495927953,0.32183915205474334,0.0,0.1495545867316588,0.0,0.0,0.08292277468241735,0.0,0.17615961333068259,0.32357628659786974,0.0,0.0,0.0,0.0,0.0,0.031063102598965373,0.0,0.0,0.0,0.0,0.0,0.10875952399207736,0.0,0.09218211166829882,0.37912274506339333,0.45580379765051804,0.09708265279150916
0.0,0.6937306564169925,0.39365276075879635,0.25237824392900593,0.0,0.6114543691493259,0.2789505395003445,0.5946189798642103,0.5824378125653971,0.6248116155583897,0.4130899808807265,0.615378565285198,0.3266369327379872,0.6374107911661666,0.3672215132704853,0.22824961416397166,0.6307265735425789,0.4418005377824601,0.24496305358827064,0.3236725196768888,0.023441051388752743,0.18526426731289958,0.548220752125993,0.3643762678947381,0.6526845696315442,0.6631640620384267,0.5450806441149314,0.44673890374723413,0.23971177989118897,0.0,0.05836604741256052,0.0,0.0,0.0,0.0,0.2870545473701799,0.2235689014563853,0.02647904493062736,0.0,0.0,0.0,0.0,0.4146519106547363,0.28043757913884804,0.17744083989878823,0.0,0.5995385768202408,0.5574491799472456,0.0,0.7552954485054446,0.7818760936513374,0.3724983440825641,0.647806699714886,0.7157469492600255,0.3823353099226424,0.6277938525246923,0.5913391328933735,0.594820053096876,0.5178994819048116,0.32674027075106904,0.27736519729739156,0.3708893498567628,0.46005679762616725,0.33690112941650757,0.46063694622865686,0.14215491519641266,0.3435033448521104,0.7255453525906026,0.3005616953764358,0.392077114268384,0.5672021386282403,0.7358656608609131,0.43344736711526316,0.26038578895552333,0.28949478699420395,0.1292321768744705
0.34021533236096596,0.6513068307537166,0.6649904796523556,0.0,0.6114543691493259,0.0,0.4833320061764546,0.8183271986402809,0.7637260623918041,0.49405475365708656,0.6865691468895165,0.7077842523895445,0.8029248502266649,0.15399625484347423,0.6124449142576899,0.5477158867315461,0.6651774472295462,0.7125791351720776,0.45068011007917197,0.7096471042228969,0.4818634496701451,0.62738623480258,0.8973694345216073,0.5034561041584517,0.6586728964005334,0.596819355073875,0.8833676910804097,0.4748499329099703,0.6954702095169658,0.3952279311287732,0.02468926713705255,0.0,0.23555332237857593,0.0,0.0,0.0,0.0,0.0,0.0,0.27819915910397575,0.0,0.0,0.0,0.0,0.12016608153677406,0.38196523473672706,0.5499719555738974,0.6657528487193823,0.0,0.635578255295411,0.6238536400935651,0.5289156941894805,0.6096510571876553,0.7639465487954833,0.5976795052085895,0.5814202758219158,0.7608356030193697,0.45468513104051733,0.36963907976261445,0.4872321836557699,0.4054943739365602,0.5733230255690682,0.6532799850150893,0.5050325492755355,0.37975990904672363,0.5563283065071754,0.4023148900655701,0.7894121463138897,0.49227922352578324,0.6100293918615902,0.48804450801965527,0.7443421311460583,0.31880930137065866,0.0,0.0,0.0
0.3964379257920583,0.10889673156493676,0.3802475117486116,0.0,0.2789505395003445,0.4833320061764546,0.0,0.25180462282347205,0.5264154689027725,0.40512245112796363,0.4465242549669801,0.2022398101773032,0.6414191405252034,0.0,0.24980390664771535,0.2276064339809275,0.2610827148909046,0.14914206138500635,0.2663457488042412,0.5149546765306113,0.46653148121741217,0.4143068093715341,0.4148601472710476,0.19361638572717885,0.2725170395219306,0.0,0.5115825474786905,0.21005822115560632,0.39366490798760745,0.2627989492787942,0.013353063970814871,0.10205423278331724,0.3884765193185165,0.0,0.0,0.0,0.0,0.2648461326097554,0.022197405681324237,0.36252908800936456,0.34739883824148954,0.13588197647758254,0.0,0.0,0.2224362207722059,0.40483984039433507,0.06733918321001167,0.1871457901182106,0.27127005172005714,0.1744393697366142,0.04637836789791147,0.5173968642886478,0.0,0.22813089145801968,0.4885967733046356,0.12802668275861726,0.262162108176747,0.11699833089652398,0.0,0.0,0.1846615527833498,0.3213629264083978,0.14107815142429414,0.12904584541480912,0.05344654225913667,0.3094201605724431,0.1627786993129659,0.24081568475145018,0.11851503384308336,0.3862940603567526,0.0,0.2153394216059742,0.06721417850203393,0.0,0.0,0.0
0.2682189150126144,0.5536139338124986,0.6995771300007014,0.0,0.5946189798642103,0.8183271986402809,0.25180462282347205,0.0,0.6808067371803821,0.5489368417361788,0.7006506271576682,0.7791663246437428,0.5988159872117251,0.3365192997091699,0.5986536804641376,0.4362610692334672,0.6898988381178996,0.603164460994629,0.4366520517075868,0.5906920019279258,0.41185187335824175,0.5142902934824759,0.8730929022050942,0.5934727070967155,0.5476756394928425,0.6771817473090008,0.7515934977359155,0.4129103577636844,0.5348198732210396,0.36912180575090286,0.08092993776543327,0.0,0.17474589542884011,0.0,0.0,0.036032776568661495,0.0,0.0,0.0,0.2233445449246943,0.0,0.0,0.14116962756601248,0.0,0.17931973989642594,0.28189206023672747,0.45878056347775875,0.7328011452042407,0.0,0.5874309764446444,0.5472110677200519,0.3127651146566556,0.7886014434172075,0.7548203054890594,0.5962944169183411,0.730868802562145,0.8141374218175155,0.3744490386541574,0.4741332758301693,0.5325522210598188,0.30770947647772334,0.522451934941647,0.5601544805656369,0.5828896003810684,0.4431127943727077,0.5281753148148634,0.44855270089268356,0.820942105517221,0.5486740558863992,0.464146594533814,0.5522958743819206,0.6979463039813674,0.365233225230817,0.05059098085876345,0.03504409078287002,0.024482004524512227
0.49281226244501,0.34472495899478356,0.6684464552111474,0.0,0.5824378125653971,0.7637260623918041,0.5264154689027725,0.6808067371803821,0.0,0.41084128419457105,0.7763863342788178,0.5287644879639215,0.6393467581807759,0.03498504890380846,0.514654558994353,0.3036933844563558,0.42354162367936254,0.3530950361181185,0.42052579284212344,0.6324406202754812,0.4978015338845536,0.561456522838029,0.7699531216087553,0.45218784653186916,0.3887387159876098,0.3429542565940848,0.8718986482418261,0.26724924166533043,0.3852714912262773,0.34010897151307456,0.03245591120465463,0.0,0.17925057425079718,0.0,0.0,0.0,0.0,0.10832575818896321,0.0,0.25116707884922534,0.026730794128167784,0.0,0.0,0.0,0.36981649927853033,0.45577910368032015,0.3418074153606321,0.5713203397947423,0.0,0.626332148204873,0.3903889436168759,0.46759246804387944,0.4649110056795826,0.8856858255243292,0.5567027422676633,0.5557019467896878,0.6032610310676141,0.18873629685739912,0.23006395009119587,0.2694085417056902,0.26479969210370863,0.4228162850405004,0.36549048115551125,0.397805212070631,0.23962215571858905,0.51991092721847,0.3497901472902306,0.6547872781218994,0.35688330225482257,0.4452970045984487,0.2857702510521771,0.6783514850256867,0.1915594345225858,0.0,0.0,0.0
0.22860591603849748,0.6343794290214022,0.42911624890914735,0.03192077404798316,0.6248116155583897,0.49405475365708656,0.40512245112796363,0.5489368417361788,0.41084128419457105,0.0,0.3566348388691315,0.6865617695783466,0.40753113790983597,0.3346161485793938,0.5268307662325183,0.5116891686872642,0.8070561792319103,0.5651600139117353,0.2820479642438953,0.461269486498063,0.33506704416429106,0.37931240316915416,0.5672341275217225,0.6437358940652127,0.7464110485526708,0.6524881271593747,0.4429486639013622,0.5271470372113962,0.4125508755783154,0.12172026757025131,0.3586469946319568,0.10017422846129745,0.08889216028746708,0.0,0.0,0.11532117509138551,0.20143846435933255,0.29611820087965224,0.15294391972479507,0.14150813415758762,0.0,0.0,0.14717305237560827,0.30544764667484614,0.24172892851303968,0.18930676643340422,0.6164234721385482,0.5142521430666696,0.0,0.43505716010512707,0.48303458454792225,0.1961476660959114,0.4820084060835184,0.42763769964497467,0.726955928530847,0.4999172667466103,0.6463729414114439,0.5287837641030338,0.14941000570739302,0.4417535251288871,0.5145618560430137,0.6500321810495057,0.5918534911374882,0.406227068082219,0.5849096471343114,0.32825482463403793,0.5817420231948224,0.5986093062469914,0.5382967390400301,0.6324211741118094,0.6148854452623556,0.47818573681118476,0.5462884674855797,0.34309725486257187,0.26679706974389517,0.395020139736768
0.5001415189093996,0.1659585645580278,0.8302096463951697,0.0,0.4130899808807265,0.6865691468895165,0.4465242549669801,0.7006506271576682,0.7763863342788178,0.3566348388691315,0.0,0.42547052941528374,0.5640208447616978,0.09117653750688873,0.583217844088388,0.24128896027465194,0.34379313253494337,0.2870025463063778,0.6672337806399925,0.6358045177352711,0.5633180975283243,0.5433074361148896,0.7959811977192568,0.41198846548712964,0.2608050191408091,0.31225572492779285,0.7930756457934548,0.16901347968284713,0.48336787918241775,0.40968467016585475,0.02085741369111141,0.0,0.32263517262341174,0.0,0.0,0.0,0.0,0.00864843251570488,0.0,0.3458611970391855,0.09460751556536393,0.0,0.0,0.0,0.22163796153294257,0.508309109782408,0.27488381839490506,0.6931603223589331,0.0,0.42694209936087185,0.18012530287452358,0.37373605856432274,0.4378149131623489,0.6955055097354499,0.5716423339486014,0.7371581070981893,0.4798231394117225,0.013406376177968582,0.2621184498372533,0.37946623496958515,0.31463701616343187,0.3939910981760497,0.3355449327559099,0.6239561497128527,0.2984523410788309,0.5981648891353968,0.4108505393641944,0.59824263538686,0.33688722421686845,0.4486096498207254,0.2662719078491681,0.648640097492552,0.09905982889814346,0.0,0.0,0.0
0.23222560687856203,0.6880253356869461,0.46057310133790236,0.0,0.615378565285198,0.7077842523895445,0.2022398101773032,0.7791663246437428,0.5287644879639215,0.6865617695783466,0.42547052941528374,0.0,0.5729173326662083,0.35219428925926377,0.6264735008724149,0.6389159814908023,0.8261163896399744,0.7803785149187423,0.2979304616638654,0.5628654327729568,0.3698690447929291,0.5467543521869711,0.6997624613147292,0.6929515163653397,0.7171364719499933,0.7637467268004144,0.6006395016759896,0.6036427686998758,0.5691287820977611,0.3420524257067805,0.26741277629737625,0.0,0.07688886097390005,0.0,0.0,0.15369224441310173,0.0,0.0,0.0,0.1400898363684187,0.0,0.0,0.22961054458921182,0.07655232273956265,0.04665663491420044,0.24481430706056062,0.611438725050276,0.5434256956395835,0.0,0.54544088156148,0.5584289457478049,0.23449610933533185,0.6868904955629366,0.5972960437670706,0.632592586714618,0.4890449820221036,0.9274502780714776,0.5621996850116013,0.29261427976972054,0.6057670849750759,0.4732116992513604,0.6431738186940364,0.7025848769918931,0.42472316780640085,0.5549191275769043,0.5084049685700892,0.5354031035746076,0.6906363062257187,0.6329399506205535,0.5718223219544498,0.676690076296266,0.5756419025838329,0.5640285704982627,0.1980594419075523,0.21956764728173694,0.20126929431391075
0.5748909033411739,0.4233185607187712,0.5894019976955246,0.0,0.3266369327379872,0.8029248502266649,0.6414191405252034,0.5988159872117251,0.6393467581807759,0.40753113790983597,0.5640208447616978,0.5729173326662083,0.0,0.0,0.6426748059917335,0.6738880982742802,0.5949009364749225,0.6819411605223457,0.34184713154466506,0.8001590430242516,0.7366738897621887,0.7697266728680268,0.7263413616430028,0.48704163988303706,0.5087034774002644,0.38989589285230297,0.7687561902002764,0.5821075442770968,0.8342040596898787,0.5936605415098993,0.17110222905919084,0.0,0.4770169774348796,0.0,0.0,0.0,0.0,0.034888962598874806,0.0,0.5374105263811977,0.2525622778798641,0.0,0.0,0.0,0.11790753657112889,0.6236413133105552,0.3707055212268964,0.43540212768932735,0.10638584029487702,0.32166407576726264,0.22568350799551545,0.5521102098349349,0.31927485342948175,0.47080783205662335,0.6630382862427151,0.22368723316610595,0.6552995591024154,0.4160408167896876,0.034586977786811135,0.43195522520108864,0.4508158538771733,0.6586472544143068,0.6064592617612208,0.318615514982245,0.2972933237815836,0.7085332668565694,0.4144902877488622,0.5062224346815389,0.4797896605475095,0.6264312938009633,0.3303294962904891,0.39988019407241215,0.3674327112579018,0.0,0.0,0.0
0.0,0.4042717305995218,0.08788437515569625,0.5435188391252708,0.6374107911661666,0.15399625484347423,0.0,0.3365192997091699,0.03498504890380846,0.3346161485793938,0.09117653750688873,0.35219428925926377,0.0,0.0,0.10121700154704319,0.005878627462491154,0.34729835427766803,0.2007733609403453,0.13227755907664074,0.0,0.0,0.0,0.1803207546627006,0.1741779130956735,0.37302560350146446,0.45870453146978757,0.04767170870937927,0.27962623822730354,0.0,0.0,0.06241440933892052,0.0,0.0,0.07083717325633455,0.1043216527179707,0.5502552674648293,0.446326888966631,0.0,0.0,0.0,0.0,0.0,0.5252203909810056,0.3285333196068516,0.0,0.0,0.3216587487054443,0.3141060018745415,0.0,0.39676405444858565,0.4828594695548173,0.0,0.5255916984663621,0.26986167368768654,0.08301938279289586,0.5204452738451215,0.28689663621399875,0.36041087701981567,0.642954182097742,0.2304184499542409,0.0,0.06166620129356327,0.19829058592370655,0.2593708110115169,0.26947025205170616,0.0,0.10702324302757218,0.3594392353444864,0.12648461694644839,0.03516822173055279,0.41123331756053194,0.3545664838838209,0.27517439369411306,0.31112069480317134,0.45312501774966213,0.1295642610847561
0.6187599625623528,0.418404279657738,0.6198503035735392,0.0,0.3672215132704853,0.6124449142576899,0.24980390664771535,0.5986536804641376,0.514654558994353,0.5268307662325183,0.583217844088388,0.6264735008724149,0.6426748059917335,0.10121700154704319,0.0,0.6860681496976622,0.5886236521266196,0.6108298848884958,0.4851689019051443,0.8420820156132838,0.717259404326142,0.847342787233101,0.7304888506472935,0.6561001308814061,0.4931468033456421,0.6010586692175055,0.6404568095158079,0.6336647264642611,0.6276812002409695,0.6404460353489112,0.5383149427977014,0.0,0.36024522857594343,0.0,0.0,0.0,0.0,0.07793515325068219,0.0,0.45992483544171636,0.24605546699751352,0.0,0.0,0.0,0.1582625791341398,0.6284358307976854,0.5549976444793921,0.5770453227667487,0.0,0.33458120407321645,0.20815333173958986,0.3145650053873315,0.39630369920601677,0.4857943454401743,0.6570965583586945,0.44090177770383304,0.6719341200318928,0.3500933379189467,0.10117154398595968,0.8262565941879003,0.6171178116522842,0.7333547040806608,0.6583453468865327,0.5160095960989158,0.6899327113662177,0.7706423966729121,0.8209326275805788,0.5853253334087487,0.6294820531076035,0.5900006501788666,0.6269732640774197,0.5066521758236298,0.6062930139461533,0.21226319751974787,0.1473581001805668,0.42236540404833944
0.5218220449126921,0.570781568110128,0.3712654236106463,0.0,0.22824961416397166,0.5477158867315461,0.2276064339809275,0.4362610692334672,0.3036933844563558,0.5116891686872642,0.24128896027465194,0.6389159814908023,0.6738880982742802,0.005878627462491154,0.6860681496976622,0.0,0.7036647178808169,0.8111533828507418,0.31697833847962875,0.6644221125025633,0.5776011645018228,0.7317351190356157,0.5291115357783193,0.625879016003826,0.6208704512975654,0.6579671646990953,0.4600697688218203,0.6801657012416928,0.7764098074961499,0.5232278468542187,0.5109647808539248,0.0,0.3149692804291872,0.0,0.0,0.0,0.0,0.06425554055219775,0.0,0.45419337322294706,0.22954079558206925,0.0,0.0,0.0,0.0,0.555170023896588,0.612705943930197,0.34692163885226346,0.0,0.21211986465636073,0.2434879913291701,0.27591678861313884,0.32787628640476657,0.27880107203382826,0.5836157853335064,0.14079156574563584,0.6378425651421824,0.5004213067345638,0.0,0.6958063935705252,0.7247091036832184,0.7669828902324454,0.7767262778526733,0.32715779325014016,0.5604562094805238,0.6319568504751301,0.6223054454362249,0.40903187325747714,0.5882758895317624,0.6498189272356122,0.6636420875648146,0.29729708724587756,0.5764467120411468,0.3309242865184817,0.12952505483366988,0.3005880293594536
0.202285604733834,0.7636984021119158,0.4452134845058192,0.0112280361150561,0.6307265735425789,0.6651774472295462,0.2610827148909046,0.6898988381178996,0.42354162367936254,0.8070561792319103,0.34379313253494337,0.8261163896399744,0.5949009364749225,0.34729835427766803,0.5886236521266196,0.7036647178808169,0.0,0.842325453199587,0.3424465022154842,0.5607755999377564,0.3393413531702095,0.4867555595455354,0.6256004762213544,0.6576192136920549,0.766226112676657,0.8053573324173724,0.528590255730047,0.6358281223486758,0.613170923643443,0.2608042346016336,0.30284221815222784,0.0,0.08454045184577616,0.0,0.0,0.14915612736039607,0.0712420892290496,0.09906456614245313,0.0,0.19242951155844146,0.0,0.0,0.21470170525070337,0.1759095424875372,0.18047733236447003,0.2082370706895895,0.6923375069280012,0.5578949512748486,0.0,0.46926310655954306,0.577750781227532,0.28708098582037106,0.6040994518020434,0.49116930675226134,0.667897876944826,0.47972833818438343,0.7943762409204049,0.6799269463048316,0.28794787145041867,0.5636692149518827,0.5829889367138164,0.7408596664726168,0.77242539320034,0.43791784635400377,0.6206043704693907,0.398404833955609,0.5806768864875897,0.6618029943882591,0.5695596324050215,0.6760690042605939,0.7252581629688046,0.5398048613878746,0.6599557081971126,0.3645354223811864,0.2286205797085311,0.25750124164735777
0.2625827893173328,0.7752661791225743,0.41262129354158467,0.0,0.4418005377824601,0.7125791351720776,0.14914206138500635,0.603164460994629,0.3530950361181185,0.5651600139117353,0.2870025463063778,0.7803785149187423,0.6819411605223457,0.2007733609403453,0.6108298848884958,0.8111533828507418,0.842325453199587,0.0,0.35238778256288344,0.6173169360393953,0.4043248964334092,0.594747111824752,0.5972602484237013,0.5853105852637039,0.8031788330998952,0.8260407271131998,0.5301921781059166,0.7016874578938999,0.8093862647823528,0.4332677345828697,0.3168548412371899,0.0,0.17952545307916928,0.0,0.0,0.05733305285871421,0.0,0.0,0.0,0.32876890521306135,0.0,0.0,0.0752236073677825,0.0,0.0,0.3120979192948787,0.6700013334533574,0.4862495847260041,0.0,0.3934374766441623,0.49695662024922393,0.3209739938108913,0.5066650097647568,0.44882343995288776,0.5293816341215103,0.3342364446231447,0.7348667571412704,0.6391204367982176,0.24794884866001976,0.6594372410813334,0.6008933291592315,0.7215960400125141,0.8372814594845721,0.4496612040487887,0.5891138640684865,0.486803870794071,0.5398877051029609,0.5239802285497032,0.5548566001006727,0.6394924621541554,0.7184740083036694,0.4751881562682624,0.6005801078701889,0.31776559434899354,0.12708972976525437,0.14985889779232206
0.3530488286965291,0.1834047711852046,0.6734125262465724,0.0,0.24496305358827064,0.45068011007917197,0.2663457488042412,0.4366520517075868,0.42052579284212344,0.2820479642438953,0.6672337806399925,0.2979304616638654,0.34184713154466506,0.13227755907664074,0.4851689019051443,0.31697833847962875,0.3424465022154842,0.35238778256288344,0.0,0.47096221123821125,0.3820015078805152,0.43227794206666753,0.5246716604566943,0.30945205903670475,0.30045871947948555,0.3221075495078995,0.472896467638718,0.21099536075216566,0.5224097107686974,0.36079518879941214,0.21072524774501694,0.0,0.2988623797144078,0.0,0.0,0.0,0.0,0.0,0.0,0.3787788565616893,0.1781778100223546,0.0,0.0,0.0,0.028968271966829565,0.4627558911796351,0.38231501985459015,0.5536901670681493,0.0,0.25193665453298864,0.20461820781635168,0.3292546015135832,0.24263530062921396,0.34303343639493966,0.421671502433584,0.6118014517532951,0.3225927626532393,0.17576099193418673,0.19068103208463957,0.3887282522230715,0.40740655435808637,0.39440018626674944,0.3880332469587602,0.8470081606641426,0.39384780486102333,0.4216154219418122,0.4193455498087445,0.37711400569631653,0.2739530811302089,0.46259434772558583,0.3622346919440165,0.40433119105561705,0.2207987888676871,0.17633541636911831,0.0,0.13808328418005505
0.7330065310940814,0.35040275371934343,0.6248983291344455,0.0,0.3236725196768888,0.7096471042228969,0.5149546765306113,0.5906920019279258,0.6324406202754812,0.461269486498063,0.6358045177352711,0.5628654327729568,0.8001590430242516,0.0,0.8420820156132838,0.6644221125025633,0.5607755999377564,0.6173169360393953,0.47096221123821125,0.0,0.8156837046491465,0.9222514936200191,0.7245700799653316,0.6010729522546718,0.5124586855070604,0.5017479784929213,0.7858927044805946,0.6113801588322303,0.7648611271757509,0.7367565480370689,0.4645793254663346,0.0,0.47162011268717513,0.0,0.0,0.0,0.0,0.028324975787942214,0.0,0.6153947200264582,0.33330901306373983,0.0,0.0,0.0,0.154544161986476,0.773139548791752,0.43954504309113646,0.5026193862032351,0.044617674370966226,0.2745579786489011,0.13669557557973308,0.5209497009230363,0.32747685185690667,0.5141472817079427,0.6633613488500427,0.34923879243313405,0.6168807297844119,0.27147670852399153,0.028593786156438747,0.6319649442230777,0.5733820698861989,0.7071754145652382,0.6252458870573111,0.4619057223546002,0.6471573319148396,0.8256675838943843,0.7303187814357204,0.5287979126392552,0.6086822082634068,0.5989430914288808,0.4995555559363992,0.538567973415921,0.4977107482662454,0.13271088978319337,0.0,0.2788030124182541
0.8143662542889929,0.12496832092437779,0.5081112178441862,0.0,0.023441051388752743,0.4818634496701451,0.46653148121741217,0.41185187335824175,0.4978015338845536,0.33506704416429106,0.5633180975283243,0.3698690447929291,0.7366738897621887,0.0,0.717259404326142,0.5776011645018228,0.3393413531702095,0.4043248964334092,0.3820015078805152,0.8156837046491465,0.0,0.8284194791439983,0.5761029822689556,0.6167162875859029,0.28424780854524034,0.27870063628386677,0.5368203195514911,0.469237971084394,0.6756041906439673,0.7632327818489781,0.4797007706551295,0.0606690494654491,0.6114163129664123,0.0,0.0,0.0,0.0,0.11165833223622279,0.009351340747119269,0.6751744480514583,0.5632971395067756,0.13377719761034063,0.0,0.0,0.15129224384274637,0.8345861196996588,0.21394817940622837,0.3121341637173332,0.12279396253697628,0.08155530471839198,0.0,0.3317068225493091,0.12774997187400167,0.2798850357788982,0.6334375796504987,0.16314886300460307,0.4097862581091875,0.0022097231561978292,0.0,0.4995689059216188,0.4622911803708053,0.6027959543473571,0.418293852053087,0.323526781331978,0.37085833166341253,0.8285407214484803,0.5513989519282404,0.26918073948404997,0.5675505979344029,0.47281776156132227,0.292704395065803,0.16059125616047418,0.29371092008851074,0.0,0.0,0.2915191699751093
0.7970027322693818,0.32586231873469773,0.5515504143471507,0.0,0.18526426731289958,0.62738623480258,0.4143068093715341,0.5142902934824759,0.561456522838029,0.37931240316915416,0.5433074361148896,0.5467543521869711,0.7697266728680268,0.0,0.847342787233101,0.7317351190356157,0.4867555595455354,0.594747111824752,0.43227794206666753,0.9222514936200191,0.8284194791439983,0.0,0.6520700290428199,0.6508830419039185,0.43128791446988224,0.4645510371620297,0.6968239007731754,0.5898767548511743,0.7200864368453944,0.7616058366394698,0.4865325118548909,0.0,0.47231621758809705,0.0,0.0,0.0,0.0,0.04789650294893755,0.0,0.6146693731528146,0.3962920264462008,0.03958648869473454,0.0,0.0,0.09894943755910027,0.8128512227387554,0.40397860929422447,0.41282781199914703,0.009130656202881102,0.17490441298977738,0.03306429343919737,0.38584331336071637,0.25341596691866725,0.418406259241238,0.6270528088031455,0.22766903107057007,0.6200836031164699,0.19967207782150495,0.0,0.6659681386830831,0.6376629119057842,0.6941060830224216,0.6187614946451703,0.3845568210743794,0.586762910258471,0.8591772352253415,0.7487509236784701,0.42936233550007685,0.6467579740642329,0.5600031780131531,0.4833237510269193,0.40963819554371966,0.46586937124779215,0.08573791913934559,0.0,0.2631164316787913
0.46556927874296616,0.4884135099965625,0.8430273559793289,0.0,0.548220752125993,0.8973694345216073,0.4148601472710476,0.8730929022050942,0.7699531216087553,0.5672341275217225,0.7959811977192568,0.6997624613147292,0.7263413616430028,0.1803207546627006,0.7304888506472935,0.5291115357783193,0.6256004762213544,0.5972602484237013,0.5246716604566943,0.7245700799653316,0.5761029822689556,0.6520700290428199,0.0,0.6203520581193239,0.5448305942204927,0.614158102214472,0.8555592298477235,0.5099155159410449,0.6125756272142278,0.48787038994862475,0.24528109394049746,0.0,0.2796693910216921,0.0,0.0,0.0,0.0,0.07173798937638784,0.0,0.3308682365406003,0.026397974528240803,0.0,0.0,0.0,0.229533263796225,0.47469741491138784,0.5158972979609323,0.8453434538410851,0.0,0.5865858162084567,0.4562570077911777,0.4239405522054718,0.6632269325637093,0.7445912474895875,0.7238233690102448,0.7350375289473798,0.748891279792216,0.32336908546876775,0.3126034698390415,0.636075109042938,0.44138442639541287,0.6377894386244538,0.6291846759764486,0.6215051226171163,0.4812720447409427,0.683765216684959,0.5627054471346228,0.8668996859091102,0.5997065376937669,0.5696238472957257,0.5639689786170222,0.7448982785484322,0.38617326413135655,0.04956934571090746,0.0,0.11115225981289013
0.5484692931713504,0.43159026621796204,0.4577958489564531,0.0,0.3643762678947381,0.5034561041584517,0.19361638572717885,0.5934727070967155,0.45218784653186916,0.6437358940652127,0.41198846548712964,0.6929515163653397,0.48704163988303706,0.1741779130956735,0.6561001308814061,0.625879016003826,0.6576192136920549,0.5853105852637039,0.30945205903670475,0.6010729522546718,0.6167162875859029,0.6508830419039185,0.6203520581193239,0.0,0.5226888744385073,0.6742660447788729,0.4789142105123011,0.6086498067525061,0.5509109732893914,0.43868702465242493,0.5485167837531447,0.036772293853339605,0.3303882979334267,0.0,0.0,0.009953426982779595,0.0,0.29727311183565125,0.09777256615560179,0.3299065970636357,0.23752474726837142,0.0,0.0,0.017357331403987347,0.26477074509021775,0.5374477622618965,0.4828970296171925,0.5005588790854008,0.0,0.2999839142497349,0.2342326846751061,0.12240096626846036,0.4929470070813655,0.45329830580901553,0.6739889128221057,0.4027323623400156,0.6737986233360729,0.32485161956300773,0.13867722796930057,0.6367563941688343,0.6601501655533759,0.7015250766477812,0.626640709377602,0.4042045768553256,0.5912000313204244,0.6667384917355208,0.7148660941834151,0.5240059438184821,0.8591456070609996,0.5310330053280141,0.6628124864091147,0.373949055797455,0.6175285883858235,0.220833151355659,0.25123007255567803,0.5368486714286412
0.14723517379058187,0.8584296771525816,0.32803939774281293,0.06464536352357297,0.6526845696315442,0.6586728964005334,0.2725170395219306,0.5476756394928425,0.3887387159876098,0.7464110485526708,0.2608050191408091,0.7171364719499933,0.5087034774002644,0.37302560350146446,0.4931468033456421,0.6208704512975654,0.766226112676657,0.8031788330998952,0.30045871947948555,0.5124586855070604,0.28424780854524034,0.43128791446988224,0.5448305942204927,0.5226888744385073,0.0,0.7934360852674156,0.4896790554991689,0.6230483539732483,0.6271457161165359,0.2776038300216814,0.34004252648656735,0.0,0.011752345019437838,0.0,0.0,0.1698253153189791,0.08189049109773894,0.018923834453981492,0.0,0.0923404151914588,0.0,0.0,0.15495074317788615,0.19620775673997942,0.0,0.18739236914748922,0.7196921477174587,0.5006165242373211,0.0,0.4553713044998048,0.6162733180949216,0.2982129735877591,0.5157859017324226,0.4701144558722904,0.5577935589928735,0.42826235392863965,0.686548113989397,0.6596759156443437,0.2953609187413225,0.5100053825837387,0.519102765742545,0.616431442774964,0.7555031461797421,0.41666502055484295,0.5837891033824885,0.32079276959786057,0.5030640484249846,0.5713667929537982,0.48980126354207354,0.7158272563415096,0.7424837164113605,0.5289436676358893,0.5556257488441072,0.4175602608582263,0.25305628388352697,0.230555491351358
0.1865988061922983,0.7992782982004314,0.4198787287879175,0.1591975111734478,0.6631640620384267,0.596819355073875,0.0,0.6771817473090008,0.3429542565940848,0.6524881271593747,0.31225572492779285,0.7637467268004144,0.38989589285230297,0.45870453146978757,0.6010586692175055,0.6579671646990953,0.8053573324173724,0.8260407271131998,0.3221075495078995,0.5017479784929213,0.27870063628386677,0.4645510371620297,0.614158102214472,0.6742660447788729,0.7934360852674156,0.0,0.4721114402656389,0.6472863312672071,0.5863852526560476,0.29859954677972794,0.4330742590671196,0.0,0.0,0.0,0.0,0.33392232505633246,0.21839322664790015,0.0,0.0,0.07744175997054861,0.0,0.0,0.3702970842847737,0.22130666349238226,0.052030564406844365,0.17072617393336553,0.7634177090432958,0.6201920717598997,0.0,0.5124237710408968,0.5899038976427498,0.1202188153862006,0.6861124227864823,0.518970333297587,0.5107831309915287,0.5477922473466013,0.7090410594909791,0.6102084110003226,0.3408597519390445,0.7257235977292469,0.5604463031821467,0.6308500017737725,0.7616451571452338,0.5132310330554468,0.6966811658916612,0.3889209916890767,0.6330328580397221,0.6817795955553947,0.6620025841212318,0.5480389823058611,0.8969540677401058,0.5798767167716914,0.6602347535901236,0.4364885444746512,0.41235343516176165,0.3353537281997234
0.47221137388251716,0.4716318443117703,0.7522826712158541,0.0,0.5450806441149314,0.8833676910804097,0.5115825474786905,0.7515934977359155,0.8718986482418261,0.4429486639013622,0.7930756457934548,0.6006395016759896,0.7687561902002764,0.04767170870937927,0.6404568095158079,0.4600697688218203,0.528590255730047,0.5301921781059166,0.472896467638718,0.7858927044805946,0.5368203195514911,0.6968239007731754,0.8555592298477235,0.4789142105123011,0.4896790554991689,0.4721114402656389,0.0,0.36819234045510174,0.5748407302800193,0.4732267921292841,0.07813323119997637,0.0,0.2733435160222333,0.0,0.0,0.0,0.0,0.033971882266396775,0.0,0.3673795745078563,0.01612826938432599,0.0,0.0,0.0,0.27636586291577414,0.4652311332176026,0.46693626980458436,0.6593063622811233,0.0,0.5286642085930809,0.445110063312473,0.5549268310119566,0.502884199331379,0.7912219978299004,0.6109441504456329,0.5595081438735147,0.6955254966236529,0.2769543737311923,0.2881911287852854,0.45330878766385274,0.39821521738490717,0.5149654379862298,0.5200632894942111,0.464445741568556,0.41421360019499204,0.5980323705998648,0.4599399037088385,0.7353557978057692,0.44521589020658014,0.5614358235345214,0.4037745079641048,0.8235551404981165,0.24437243306381007,0.0,0.0,0.0
0.351983676019489,0.5225674553392021,0.3318172821600202,0.06357748668578794,0.44673890374723413,0.4748499329099703,0.21005822115560632,0.4129103577636844,0.26724924166533043,0.5271470372113962,0.16901347968284713,0.6036427686998758,0.5821075442770968,0.27962623822730354,0.6336647264642611,0.6801657012416928,0.6358281223486758,0.7016874578938999,0.21099536075216566,0.6113801588322303,0.469237971084394,0.5898767548511743,0.5099155159410449,0.6086498067525061,0.6230483539732483,0.6472863312672071,0.36819234045510174,0.0,0.6438020363733427,0.4745680135772263,0.6190926937938921,0.010837896937512137,0.1555523400148423,0.06746365340190541,0.0,0.1279681198724583,0.10371400600402239,0.0802367260208415,0.0,0.20499008758945506,0.18341304162880934,0.0,0.0,0.13166350946447125,0.0,0.36031798790129554,0.5868172175592676,0.4208151791791931,0.1359655447994082,0.24421490154567776,0.3262939864704387,0.3398486345381126,0.37471331166981553,0.26453418448045984,0.4888739064089857,0.23487757465560236,0.572688256554891,0.5746343016921138,0.06211807531403793,0.6559057782019567,0.6031337106137273,0.723613827313532,0.7209936851207426,0.30151158984749804,0.7013022856489581,0.5635500686557499,0.6590415386339394,0.4853692243954497,0.6378216054816029,0.5047450092173782,0.6299262617637997,0.35763841919412376,0.789486753570049,0.415232545940823,0.34668915167796466,0.5140596932959974
0.5253499370830896,0.5158814553961476,0.5197119121878662,0.0,0.23971177989118897,0.6954702095169658,0.39366490798760745,0.5348198732210396,0.3852714912262773,0.4125508755783154,0.48336787918241775,0.5691287820977611,0.8342040596898787,0.0,0.6276812002409695,0.7764098074961499,0.613170923643443,0.8093862647823528,0.5224097107686974,0.7648611271757509,0.6756041906439673,0.7200864368453944,0.6125756272142278,0.5509109732893914,0.6271457161165359,0.5863852526560476,0.5748407302800193,0.6438020363733427,0.0,0.6303634064088461,0.37356648749324894,0.0,0.4476053669463673,0.0,0.0,0.0,0.0,0.0,0.0,0.5587494202685724,0.21799336252518942,0.0,0.0,0.0,0.0,0.5988761220714778,0.554894650801067,0.4477762762983736,0.021756834427824473,0.19523564238519797,0.23735417901679523,0.40789878910860994,0.3328749577733191,0.33050538118264494,0.5817138640061528,0.277675026549933,0.5761452964371632,0.4228087275034088,0.057243263114634194,0.5698258730521102,0.5827069316018703,0.6724361371745641,0.7061647384910525,0.5265308485546083,0.48984515177512333,0.6416876684179098,0.49469255559065684,0.4277529084029592,0.5707784714452673,0.6677283689067544,0.5424937178495126,0.3446211136493677,0.4129919186712049,0.2812882379400675,0.0,0.13323455149360264
0.7425124678425203,0.09617250815969505,0.399068227508675,0.0,0.0,0.3952279311287732,0.2627989492787942,0.36912180575090286,0.34010897151307456,0.12172026757025131,0.40968467016585475,0.3420524257067805,0.5936605415098993,0.0,0.6404460353489112,0.5232278468542187,0.2608042346016336,0.4332677345828697,0.36079518879941214,0.7367565480370689,0.7632327818489781,0.7616058366394698,0.48787038994862475,0.43868702465242493,0.2776038300216814,0.29859954677972794,0.4732267921292841,0.4745680135772263,0.6303634064088461,0.0,0.5616552232214885,0.0,0.5231896994241432,0.10738460841924088,0.0,0.0,0.0,0.0,0.0,0.5825074852661977,0.44367388112947864,0.07727988678454228,0.0,0.0,0.0,0.775882976185412,0.18307759976698357,0.25921437236094086,0.13687143664037857,0.0,0.0,0.2532099796086775,0.1349317162958422,0.18495798921021317,0.47666217881124445,0.09885468650090695,0.38606044695886416,0.014532776892257626,0.0,0.49662550487240786,0.3168236693285844,0.47088543330057797,0.413286751546169,0.37292411634624484,0.36840956117658114,0.7230029070806023,0.49706051204004287,0.22114418274634387,0.5109926689383699,0.34017743357774377,0.3228878711779386,0.17940198152765374,0.33441062568816865,0.0,0.029547361228024815,0.23273041727267715
0.5418847083344325,0.18176274337686174,0.1415529655391572,0.0,0.05836604741256052,0.02468926713705255,0.013353063970814871,0.08092993776543327,0.03245591120465463,0.3586469946319568,0.02085741369111141,0.26741277629737625,0.17110222905919084,0.06241440933892052,0.5383149427977014,0.5109647808539248,0.30284221815222784,0.3168548412371899,0.21072524774501694,0.4645793254663346,0.4797007706551295,0.4865325118548909,0.24528109394049746,0.5485167837531447,0.34004252648656735,0.4330742590671196,0.07813323119997637,0.6190926937938921,0.37356648749324894,0.5616552232214885,0.0,0.27711923983371245,0.2238228363666483,0.42134366209756857,0.07519725937714873,0.11255537074720917,0.1141155258603076,0.20608057686842457,0.24394388111850202,0.2554495486228785,0.37314766755677464,0.1382097773590704,0.0,0.11737609333038002,0.05715526623509484,0.5302751264638509,0.3776671847660311,0.16697822398976225,0.11712875346569761,0.0,0.0,0.08841682481467494,0.06398683948588152,0.0,0.37516499159732797,0.036650661463391826,0.2265606571507428,0.18576359429082911,0.0,0.5685051097530933,0.47659244235145326,0.5242993268563526,0.453463707619077,0.2565057553755312,0.6064253284207993,0.5277035777170493,0.6139811795203458,0.17291583038309583,0.5542264067556202,0.2853192685864806,0.5215892153005015,0.05085860940395298,0.6114076397180872,0.45075725423851476,0.5188776629693562,0.7478442543145607
0.10369641164429398,0.0,0.0,0.007584548361564941,0.0,0.0,0.10205423278331724,0.0,0.0,0.10017422846129745,0.0,0.0,0.0,0.0,0.0,0.0,0.0,0.0,0.0,0.0,0.0606690494654491,0.0,0.0,0.036772293853339605,0.0,0.0,0.0,0.010837896937512137,0.0,0.0,0.27711923983371245,0.0,0.2349207701851218,0.3200614177534531,0.4179741419974742,0.0,0.20971412863423902,0.5087153086243852,0.8679521796524203,0.16868680253964627,0.48899550689084526,0.5163952877936867,0.0,0.2365257655445304,0.1897719727915595,0.06518720052972113,0.0,0.0,0.2306378537945698,0.0,0.0,0.0,0.0,0.0,0.0,0.0,0.0,0.0,0.0,0.0,0.1379581206457321,0.04161395753514169,0.0,0.0,0.12759357100609603,0.0,0.16193808713048993,0.0,0.0,0.0,0.0,0.0,0.08419977264341125,0.05578461736103435,0.1673737139465372,0.5472061170260325
