0.0,0.311116632818247,0.12117779370699125,0.0,0.40565735660380564,0.040966884468265824,0.178806092603939,0.0,0.1339817860963399,0.22276425343698258,0.2820721367023977,0.0,0.19635476548875447,0.0,0.5459155219207964,0.5523240848711568,0.41280355253018264,0.5340448504081635,0.26498394343132486,0.5460864589289165,0.7101146783485563,0.5737116576139303,0.21095888448221456,0.38363998994473236,0.6032831285366396,0.4471484791156676,0.2473828899987434,0.0,0.5207659805448079,0.0,0.6103141284800011,0.15038113400724146,0.24141714802445163,0.08463213432849406,0.0,0.1173527021810064,0.0,0.3124677396122606,0.0940030325596375,0.0,0.0,0.0,0.2416978912340956,0.17235043086246488,0.21449762884778234,0.6615895622332909,0.37485673094280425,0.2785323493445869,0.07489907391785122,0.0,0.10079666431346615,0.0,0.0,0.3660415417665972,0.042426986021388946,0.11453893269849456,0.0,0.3177228407582946,0.0,0.583883863824701,0.10706704514463083,0.16043924851163224,0.2582399092385832,0.0411596509909056,0.620085150803452,0.6928667606395842,0.6864898680374745,0.35665470957968937,0.37373423048896165,0.4872088060202175,0.4465012435457789,0.3915579075987927,0.4113462781805467,0.6154438914979711,0.0,0.16606454002404314
0.311116632818247,0.0,0.30457187654541695,0.33868162404596436,0.37755367378105537,0.4089922980379198,0.5944647888421044,0.12670475993332875,0.13039286626042434,0.6987082616888585,0.3089809049828132,0.5860587729966402,0.33087626000741666,0.11277995326511349,0.1983323749670315,0.5667171858731719,0.7554881473544767,0.5731077530647032,0.5246854404416139,0.4204608234024687,0.2781477655916035,0.5659438636255567,0.3387814845228283,0.37960865541799793,0.7590874979080554,0.7707870968306791,0.1431489910990031,0.0,0.36104454287581467,0.056487619632882485,0.2121341953522749,0.1296371988865881,0.3066723499553951,0.2531902258717098,0.0,0.0991741303989245,0.0,0.2397300982361833,0.16384856034349798,0.0,0.0,0.0,0.3193462375343943,0.40333266185540007,0.2512278424069587,0.23848836501892207,0.5502505703747647,0.19684216119936232,0.299128712287098,0.0,0.5402266927230106,0.221571185526206,0.04180866889531576,0.45791266343736947,0.47027255059211126,0.0,0.48785506445382487,0.47338825745731,0.0,0.20943945379919707,0.3267264590185923,0.56314430848775,0.4182798226260769,0.11437319756585373,0.5094423282178105,0.17254836207175056,0.4959799961299259,0.26859717935511335,0.4610630683665402,0.6425215684996082,0.7101695391737903,0.2442009893489854,0.5190507996732991,0.4497154436614479,0.0,0.08226210940492895
0.12117779370699125,0.30457187654541695,0.0,0.0,0.31501321713029234,0.41552909601633264,0.439776310591542,0.37935589783450924,0.5763175705657511,0.11879929369627157,0.7868100040985087,0.240642195630887,0.0428836339179105,0.0,0.21175725057412348,0.0,0.047857464838396896,0.0,0.7589580983557265,0.08016591594742367,0.04821925121929321,0.04166762347807451,0.47047213919476205,0.3508854057359003,0.12263850442859484,0.37256758846955895,0.3110951488373667,0.09993355419852279,0.10521536445733787,0.0,0.0,0.0,0.2848082219083718,0.0,0.0,0.16793431725084118,0.0,0.07014853176293828,0.11856526159656942,0.3017356856953123,0.17161281688961338,0.0,0.05843152604458453,0.09442862903639122,0.08650661760687499,0.0,0.27016271641980794,0.667438398105914,0.0,0.0,0.3263465042852493,0.0,0.34656153781703275,0.3960770254221153,0.01097785427898812,0.6367060523670586,0.11953121303159753,0.0,0.0,0.0,0.0,0.010457324817629898,0.0,0.509215042357412,0.2722689036042235,0.09038912179801739,0.038330656322831724,0.1803829923625042,0.2358878299448656,0.09634976710765392,0.22998737287214313,0.1005079657712793,0.0,0.040893638135799854,0.06582225839568964,0.08881180413428004
0.0,0.33868162404596436,0.0,0.0,0.09221832761007859,0.0,0.16936814941236467,0.1074835773066402,0.06497839570373859,0.635546620802166,0.0,0.5992900641462569,0.0,0.1621941902168847,0.0,0.15042274134775427,0.3770651241283045,0.16560613100103566,0.019803430806490982,0.0,0.0,0.0,0.0747459995200703,0.029514596381589805,0.16399022172984132,0.31843974972543093,0.0,0.14021489128636536,0.0,0.38556779159855387,0.19064132804866818,0.0,0.0,0.08760926569354494,-0.0033290121181218935,0.0,0.2348235610010266,0.0,0.0,0.11855293527855518,0.0,0.0,0.15536525034120346,0.055673224978256594,0.012118627130440193,0.059772372370730194,0.0,0.0,0.4166007572070369,0.4370655780378492,0.04748250386705997,0.5890151638425991,0.0,0.2735614911681217,0.6583842380166587,0.0,0.6902293573993767,0.4097764047411643,0.45146680387847465,0.0,0.2836037828336888,0.5748826387063644,0.41911201043641555,0.0,0.0,0.0,0.0,0.0,0.2999421674148524,0.254721303636005,0.26196556094977874,0.0,0.4569428582928575,0.0,0.0,0.2432993146594064
0.40565735660380564,0.37755367378105537,0.31501321713029234,0.09221832761007859,0.0,0.23356522888465098,0.6582822677826194,0.2425673882921119,0.5820631855599547,0.33091989706205427,0.6809660923706962,0.17184124700861314,0.2481034468054276,0.054522168834576445,0.5505942438854641,0.5177811715291921,0.39027303875909336,0.511673820615659,0.5526720010654511,0.6852809158292422,0.572531164732837,0.6461840627237669,0.39736539071197624,0.09532143513595602,0.5405749409677187,0.4168221592866114,0.5724654777595476,0.0,0.5850093635275309,0.11630058037149235,0.24392686580655304,0.0,0.0,0.0,0.0,0.0,0.0,0.17098971955416642,0.030911702698206547,0.0,0.0,0.0,0.2688758305347004,0.2061910483844931,0.2191783566883731,0.3078189093912719,0.4840433440520267,0.19457619094040962,0.0,0.0,0.32151708086190106,0.24217302510028813,0.18540744296556336,0.7298081047867341,0.12459581091890137,0.2572768576135162,0.06361122478960898,0.45231938096012814,0.0,0.49165589597024884,0.0,0.22726490162415178,0.1471130648863952,0.2612790157374722,0.5291619197588452,0.4437287537100736,0.5358767386928944,0.4657005816830492,0.09690423179296176,0.41972218221592117,0.4333286054590413,0.42271013214899755,0.3858771667300587,0.4800381399623964,0.0,0.0
0.040966884468265824,0.4089922980379198,0.41552909601633264,0.0,0.23356522888465098,0.0,0.42904700764231846,0.5556775243986333,0.5760552523124881,0.13998002885001015,0.41427932086498903,0.305133426298857,0.19155898891536838,0.0,0.1687081145769763,0.0,0.03676054760507452,0.0,0.5964410290282642,0.1541172282212145,0.07092828120203731,0.03654255864432815,0.6755937250891584,0.42956800724969246,0.16788953935692097,0.4395194690671844,0.5574258045598821,0.2001464760385055,0.4165866168638106,0.23594455039449092,0.0,0.12447079561737326,0.2645151256862006,0.0401354275116696,0.0,0.1578678343316342,0.0,0.17671847678552782,0.16338910528517225,0.2725359844935661,0.3402746689816254,0.0,0.1542039087372277,0.014378234439638232,0.19437871231305476,0.0,0.4592829242725949,0.38697448557114855,0.0,0.09579992799489143,0.48090684300877806,0.08742584877018317,0.482619496275791,0.280772421677016,0.08973921770939058,0.26878744998888354,0.20513364312626212,0.018190372890233564,0.0,0.024179090673570658,0.10012327719902603,0.1121905458682318,0.0,0.359616937961132,0.059404215051255704,0.0,0.07118402010512914,0.3367658063711536,0.24540972858848992,0.2827844667529446,0.2891616148395423,0.2077813531258924,0.0,0.0,0.08224403008194751,0.058830925374682624
0.178806092603939,0.5944647888421044,0.439776310591542,0.16936814941236467,0.6582822677826194,0.42904700764231846,0.0,0.1257230272730146,0.3841594012130876,0.370057623676793,0.60322426048041,0.29430768766917836,0.26844756484405796,0.08318817076705096,0.3178094830919963,0.3278389279998924,0.3770109711904993,0.3082092000465581,0.5778045926703114,0.3931384843870443,0.243008842805104,0.41160843341430814,0.3754766972377507,0.15347004423459606,0.5278098508701798,0.4882462434504685,0.4400145410410637,0.0,0.5160774378632803,0.11584398362590181,0.0672575782924299,0.0,0.06483604768941559,0.0,0.0,0.06301187597282332,0.0,0.10134918035465408,0.07940371561713194,0.0,0.0,0.0,0.24186420763801822,0.28539137739959164,0.07554287410712557,0.10844256852095903,0.3872149513995562,0.21099018615768805,0.0,0.0,0.27668838905518617,0.160889744173782,0.04624127645338372,0.47725010823223457,0.1580979348749447,0.22455067710639184,0.14973008339184185,0.14177334314223822,0.0,0.18332528275071053,0.0,0.17775137359297638,0.0967476651674763,0.23712759438719166,0.3838093828724747,0.1347501405360106,0.3276069709906584,0.14460883800655286,0.08474888116712073,0.3545527810231469,0.2643101885950406,0.2882531031036689,0.20469501902406598,0.3474140188144831,0.0,0.07855119378477807
0.0,0.12670475993332875,0.37935589783450924,0.1074835773066402,0.2425673882921119,0.5556775243986333,0.1257230272730146,0.0,0.5718829496563177,0.11653027131324273,0.3413973043109969,0.3790398299927678,0.0,0.0,0.0,0.0,0.0,0.0,0.4894592646965973,0.0,0.04499016673068529,0.0,0.7105365169619732,0.3438548538554144,0.0,0.2759968224987387,0.16281145349380222,0.0,0.0,0.38361377568635696,0.0,0.03939998419841824,0.20693457469351081,0.0,0.0,0.10011713513993026,0.0,0.0,0.06867429732744204,0.3106577088185497,0.0,0.07085309134887119,0.15580546484999724,0.0,0.14127154340869696,0.0,0.2029735844292909,0.29116620507237323,0.017166918656436547,0.3464856081299406,0.3210104709534182,0.22767910403341363,0.7698626764915506,0.3550436006417723,0.16264419412531306,0.2172191208191412,0.3392476459278341,0.1267381921516127,0.23524308618916553,0.0,0.0,0.07034302054021016,0.0,0.42155715977616076,0.0,0.0,0.0,0.3964140143451855,0.2777539256441082,0.0,0.19598167835176022,0.0,0.0,0.0,0.0,0.0
0.1339817860963399,0.13039286626042434,0.5763175705657511,0.06497839570373859,0.5820631855599547,0.5760552523124881,0.3841594012130876,0.5718829496563177,0.0,0.24616309007500875,0.6859816542258665,0.2962981829803015,0.1619127275999135,0.0,0.29240591635563223,0.0,0.0,0.0,0.6558093128342564,0.24950292376392202,0.303401031206169,0.11498605769961873,0.5514436224401793,0.16027472584642583,0.034217228431495106,0.33149445922664333,0.5610276082930853,0.13939348383538042,0.3114359732208896,0.37085801554019654,0.0,0.0,0.12761601600176672,0.0,0.0,0.0,0.0,0.0,0.0,0.27818581345857263,0.0,0.0,0.0,0.0,0.17646959025851802,0.030534064188098092,0.24899639312971322,0.43296405384385445,0.0,0.4250383626479906,0.3062383008826026,0.42310138319722157,0.4628303921547667,0.7464272087215265,0.2847909580282256,0.4174106400879042,0.2625529533018825,0.30936940173892963,0.16226353103796126,0.2406054558082934,0.0,0.2727039048241773,0.06526015945219768,0.3488976523758419,0.12024668231646457,0.07821688594821122,0.06988391206340244,0.339673459724764,0.2067403399620104,0.1961721689133114,0.27771979497263843,0.19496443182019496,0.1629381592905196,0.0,0.0,0.0
0.22276425343698258,0.6987082616888585,0.11879929369627157,0.635546620802166,0.33091989706205427,0.13998002885001015,0.370057623676793,0.11653027131324273,0.24616309007500875,0.0,0.10193648785097617,0.8534380426993085,0.2360492313130914,0.012143486634913131,0.0,0.42616638052179845,0.7713438531431398,0.4897115425919842,0.34711900390123607,0.17596155993462737,0.24385424654842125,0.36679641518503664,0.18388175927883743,0.25692430652952525,0.5475108973089985,0.7226369844255244,0.0,0.09677771387306877,0.041670185116904845,0.2925668402759002,0.3433543118566859,0.0,0.2254528352146739,0.17725013336924497,0.0,0.0,0.0,0.13753905171397224,0.0,0.06334295660369446,0.0,0.0,0.26113961269837205,0.19334848829599244,0.1864566545565818,0.27124726857701703,0.18678865988844948,0.0039113509058440465,0.3990639513318669,0.24882832380011533,0.29361835118278207,0.623949842760671,0.0,0.58869506019793,0.8570836322656115,0.0,0.8445209224268592,0.66086292205559,0.20188120201304993,0.1913633181001417,0.44059891849455773,0.8583833429734149,0.666405941642164,0.0,0.26247991110606345,0.0,0.2636168133847731,0.15956395057583167,0.5549875034648285,0.5975923504810147,0.6926324241259401,0.0,0.6625158722124797,0.30150680495658,0.0,0.22425979570295332
0.2820721367023977,0.3089809049828132,0.7868100040985087,0.0,0.6809660923706962,0.41427932086498903,0.60322426048041,0.3413973043109969,0.6859816542258665,0.10193648785097617,0.0,0.0824033941652467,0.17307773207292695,0.02873905093851223,0.5110961943592683,0.2133705274637544,0.17544474657233014,0.2019028514443625,0.7809593639930329,0.4978070561644957,0.3029785025784138,0.40894351220845626,0.5080142728934994,0.25170158153881617,0.3126167435292908,0.2954566770088941,0.6311701559493701,0.0,0.4870745407993849,0.0,0.0,0.0,0.19725960404586912,0.0,0.0,0.07631277200532,0.0,0.15793610615860235,0.16248979832585395,0.0416870180619668,0.0,0.0,0.23565225901890302,0.2037519543975468,0.1877981476638969,0.06901052518234396,0.5336917552765952,0.5585418819204973,0.0,0.0,0.4415103625523469,0.0,0.3871995346033713,0.5896829892370876,0.0,0.7181061069566023,0.0,0.13150543227240646,0.0,0.2898272376017326,0.0,0.021623484656984715,0.0,0.4617288915863969,0.455192902735152,0.3932272287377271,0.3496755685730829,0.437053347651091,0.07060718253037414,0.22285307351941575,0.28766251428611417,0.4060848951415124,0.1321760916473089,0.321571231382168,0.0,0.0
0.0,0.5860587729966402,0.240642195630887,0.5992900641462569,0.17184124700861314,0.305133426298857,0.29430768766917836,0.3790398299927678,0.2962981829803015,0.8534380426993085,0.0824033941652467,0.0,0.1528352629830934,0.0,0.0,0.12632798948327698,0.5471096057880398,0.20442896530788068,0.39532565359785493,0.0,0.045419467878149905,0.07044248509001838,0.31575880408898815,0.3919426281850672,0.26147955133416423,0.671730790409646,0.0,0.24158173463713378,0.0,0.4035021923591958,0.06810782615777924,0.0,0.2280125498296494,0.12843848069006022,0.0,0.12089763739083316,0.15704513875491602,0.12770834500566783,0.0,0.23146588663920964,0.0,0.0,0.23183175862802485,0.16633075454720023,0.20152799037539332,0.035498837523777874,0.0924158250807651,0.1284813127673486,0.4093484824872965,0.36094459991304934,0.29612823504267194,0.5737459299320462,0.19383272667214352,0.46956863521679104,0.7905998571103049,0.0,0.9348015099614345,0.5148906440396614,0.25236918754260135,0.0,0.39640749575987416,0.7429668848514239,0.4918799312245349,0.05461087404884457,0.10363142213857202,0.0,0.015925861081087928,0.15110979208422037,0.5978219252981679,0.4209037781339954,0.6018375675641421,0.0,0.5075637703861924,0.0,0.0,0.24403844833463573
0.19635476548875447,0.33087626000741666,0.0428836339179105,0.0,0.2481034468054276,0.19155898891536838,0.26844756484405796,0.0,0.1619127275999135,0.2360492313130914,0.17307773207292695,0.1528352629830934,0.0,0.0,0.2790080438480677,0.3653545958619987,0.3807318297825224,0.3679561723015184,0.2011750885374228,0.33535159410613546,0.3999811385992993,0.3264850819826378,0.019543096636331247,0.07801942185436694,0.2135984366787889,0.4368791133725887,0.10396607781185424,0.2711937417477816,0.2740803232821526,0.07599488326140896,0.3589922443770209,0.11913778387760687,0.18381022020177146,0.14681965490662724,0.0,0.0,0.0,0.1268515801356163,0.0,0.0,0.0,0.0,0.0,0.0044444850145380355,0.0,0.11523725846560863,0.07701350192688622,0.17406592943383478,0.0,0.0,0.07316793315139947,0.058660452332114144,0.0,0.27426292382560113,0.11113237940081677,0.056708612808930414,0.07653056397976599,0.4166678185941006,0.0,0.22865719749466654,0.0,0.19969250308687295,0.1298217887349804,0.056496864640620925,0.2374476860586345,0.1592570505391223,0.23115166900333195,0.03151928451039587,0.12412644114517365,0.04557219956685671,0.3457356890174817,0.16505337251146865,0.2180414456239958,0.1961860768460447,0.0,0.0
0.0,0.11277995326511349,0.0,0.1621941902168847,0.054522168834576445,0.0,0.08318817076705096,0.0,0.0,0.012143486634913131,0.02873905093851223,0.0,0.0,0.0,0.007398587069083931,0.0351047248428739,0.11017232355555245,0.057060364257190306,0.0,0.1426236768431051,0.0,0.1344843462471955,0.0,-0.0003671049184716668,0.20241613446544043,0.0,0.10676310962329112,0.0,0.05813327390172762,0.0,0.006086863570041623,0.10546374594308147,0.0,0.02193941824430981,0.017618375247883733,0.051720737867504474,0.08476552562162193,0.023222123846221757,0.20254279172339673,0.0,0.07737579934624636,0.09033784394313969,0.32800138967050846,0.14513792236296216,0.07728081299112081,0.025952813736703523,0.1701877539557859,0.0,0.1955695259953361,0.0,0.2551385944214448,0.0,0.047415738353233094,0.0,0.06402208241934029,0.0,0.0,0.021214157642845052,0.10847010658848966,0.0,0.09921997589739188,0.11037794005869346,0.03742497234328797,0.0,0.13901341547203552,0.0,0.13197680135360199,0.13011263751432237,0.0,0.14714133997071305,0.0,0.17509965339430678,0.17778950946799305,0.19381870048303085,0.08067961863379391,0.22486013977562935
0.5459155219207964,0.1983323749670315,0.21175725057412348,0.0,0.5505942438854641,0.1687081145769763,0.3178094830919963,0.0,0.29240591635563223,0.0,0.5110961943592683,0.0,0.2790080438480677,0.007398587069083931,0.0,0.4373413530737724,0.19529131522930326,0.3908224561402627,0.36356083963595753,0.7084570291748967,0.6333146854968237,0.6417287228464434,0.23945286706304633,0.10737754752478944,0.45827075526616756,0.19251383284935,0.6067560166701359,0.0,0.6919851577520759,0.0,0.33696105821389594,0.11052920049303368,0.04614385567534658,0.0,0.0,0.0,0.0,0.32349115732291434,0.1714595559827163,0.0,0.0,0.0,0.15747956901286772,0.21762047598478854,0.2055857025351221,0.3762202279035192,0.489289151843283,0.34198910763805646,0.0,0.0,0.29385648152061133,0.0,0.06166209303902473,0.4339778125227442,0.0,0.39939981432337235,0.0,0.2850724803119422,0.0,0.7194645812551117,0.0,0.0,0.1217059415110171,0.24059990016091656,0.6828194488913023,0.703963593668829,0.7185529460729985,0.4196907880907565,0.0,0.3019997431842717,0.3114022552989462,0.6848714543287175,0.3015912834922037,0.6240012785801419,0.0,0.0
0.5523240848711568,0.5667171858731719,0.0,0.15042274134775427,0.5177811715291921,0.0,0.3278389279998924,0.0,0.0,0.42616638052179845,0.2133705274637544,0.12632798948327698,0.3653545958619987,0.0351047248428739,0.4373413530737724,0.0,0.7856576541520472,0.9790274199139672,0.2155870197419013,0.7863255621242994,0.5741882362951041,0.9155787003358018,0.020521265844177183,0.14539108163841885,0.7949549670031075,0.3644196261348717,0.12287036686116623,0.0,0.47853424564111596,0.0,0.5804108784097978,0.09595256363827867,0.07096204607890136,0.0483887951389354,0.0,0.0,0.0,0.37416979035938636,0.0398836514756222,0.0,0.0,0.0,0.381046545075841,0.43495953958464695,0.185966229747404,0.39186042868732907,0.5093563415801285,0.024023271874339808,0.21787102489561694,0.0,0.24151291987322882,0.025454904003555268,0.0,0.34567324305248437,0.12991475010914086,0.0,0.06007348796667146,0.5722598082860597,0.0,0.5652138870244303,0.0,0.32892407884386327,0.2468748697877531,0.019652897475019027,0.6056080114559174,0.5738796763578805,0.7413788535193881,0.39659187609396396,0.18529647964693385,0.5469169172813588,0.5481786858524866,0.44431947936999094,0.5764641479463267,0.6783286646727011,0.0,0.0
0.41280355253018264,0.7554881473544767,0.047857464838396896,0.3770651241283045,0.39027303875909336,0.03676054760507452,0.3770109711904993,0.0,0.0,0.7713438531431398,0.17544474657233014,0.5471096057880398,0.3807318297825224,0.11017232355555245,0.19529131522930326,0.7856576541520472,0.0,0.8539620581269254,0.29772409077221124,0.5607540943447972,0.3562488623483757,0.7212469106606039,0.042208986290685285,0.32107840635265844,0.7973563196684944,0.6204985790114906,0.0,0.0,0.3375757317703386,0.007990381028707166,0.5244389676025074,0.09040756173601924,0.2413272972839814,0.15889444750092022,0.0,0.031232059234257675,0.0,0.40697420367159387,0.06501138056426792,0.0,0.0,0.0,0.4152744500848913,0.46323448329643957,0.19582345715217744,0.32857641980048324,0.4394604117728551,0.05051857248793423,0.4523416944540224,0.0,0.31110950789940633,0.20370576440151505,0.0,0.3935093543899123,0.4934761810769134,0.0,0.46329983469449965,0.6024011927202568,0.0,0.35193245149317914,0.27433321672455,0.6672402801917054,0.47515603591091654,0.0,0.5420827569229731,0.3349610232145044,0.59967173552178,0.26204637474380615,0.4474926329973924,0.6517290590269031,0.7233527745394317,0.26109866057197334,0.699636021218444,0.6081787909653286,0.0,0.07919514049772472
0.5340448504081635,0.5731077530647032,0.0,0.16560613100103566,0.511673820615659,0.0,0.3082092000465581,0.0,0.0,0.4897115425919842,0.2019028514443625,0.20442896530788068,0.3679561723015184,0.057060364257190306,0.3908224561402627,0.9790274199139672,0.8539620581269254,0.0,0.20599169290376343,0.7850170608022146,0.5381668093607824,0.9181749256138281,0.0,0.1819937992420846,0.79672737934292,0.37813552597617783,0.05583078043928874,0.0,0.4324412698454434,0.0,0.5950628811536675,0.09811842173529589,0.11115616718083735,0.04486492902867778,0.0,0.0,0.0,0.4033425523587999,0.03142705500474635,0.0,0.0,0.0,0.3881226554403199,0.4782039518180221,0.20224440861824,0.37898626419998876,0.48451509105669865,0.01492735114606386,0.306482236322757,0.0,0.23872953236370983,0.025057775132245358,0.0,0.3422435199116785,0.19208010375466134,0.0,0.13378000744879617,0.583777378624306,0.0,0.531278522806401,0.0622412227076124,0.3841057741535284,0.32079814157007525,0.016338142550123447,0.6431312487092964,0.541113645796709,0.7561818906605253,0.36819396191952125,0.2517642077835052,0.5675001189953491,0.5916866653711578,0.38597816336473,0.6355731589946365,0.6850679759515743,0.0,0.0
0.26498394343132486,0.5246854404416139,0.7589580983557265,0.019803430806490982,0.5526720010654511,0.5964410290282642,0.5778045926703114,0.4894592646965973,0.6558093128342564,0.34711900390123607,0.7809593639930329,0.39532565359785493,0.2011750885374228,0.0,0.36356083963595753,0.2155870197419013,0.29772409077221124,0.20599169290376343,0.0,0.3828418376259351,0.30821392709485895,0.3540234692124517,0.6063883914760125,0.4594153852171927,0.3578990198768507,0.5848242309841474,0.4553509318203625,0.0,0.4005013642697258,0.16038727853206725,0.05716181354931832,0.07215249379346944,0.36876141471105256,0.018664954467036615,0.0,0.15735147748609596,0.0,0.22400751845669747,0.16436711060600928,0.2455103684973885,0.001569717908782936,0.0,0.22103328503110023,0.16725938332286935,0.23930849071811172,0.04424006140471101,0.5629074691418733,0.6037158694866278,0.0,0.0,0.5274895679322315,0.06842418354422716,0.442705825229489,0.6219560813573715,0.1527309113845674,0.45417960600536095,0.2727811649291152,0.23442834850659733,0.0,0.2451933977646388,0.018935983399642503,0.20485735602358862,0.02139929901275875,0.574732387665676,0.4332630080025034,0.27853742239555745,0.3225428059711707,0.4429336708924509,0.3562526908395037,0.36499320618057696,0.5475820927439745,0.24923986169905177,0.18136044909772453,0.191381796413409,0.0,0.0
0.5460864589289165,0.4204608234024687,0.08016591594742367,0.0,0.6852809158292422,0.1541172282212145,0.3931384843870443,0.0,0.24950292376392202,0.17596155993462737,0.4978070561644957,0.0,0.33535159410613546,0.1426236768431051,0.7084570291748967,0.7863255621242994,0.5607540943447972,0.7850170608022146,0.3828418376259351,0.0,0.6127227363875726,0.8933911366715735,0.18941087237546506,0.1870327810683121,0.6933268856668551,0.29766608659185223,0.45643817336645476,0.0,0.6865032859791962,0.0,0.415155904874843,0.19361525096486193,0.0932327066816901,0.0,0.0,-0.00014326053752583556,0.0,0.42614190744055536,0.28371396430112356,0.0,0.0,0.0,0.439234772318638,0.4151811255524016,0.290792297339443,0.35204501320619064,0.7411268073907851,0.2406461089899547,0.038260760532709645,0.0,0.4070506845574021,0.0,0.08286075373553115,0.4932218590239771,0.0,0.2753864022122082,0.0,0.4845386391510585,0.0,0.6632980575016709,0.0,0.19536471638211111,0.1433044835682964,0.22846140749783617,0.8067624323020757,0.6848797432177192,0.8668507856463403,0.5232359859171604,0.1481190767060222,0.549709647239503,0.5298063567884594,0.5735328656425935,0.5119133757821881,0.7049296043952401,0.0,0.0
0.7101146783485563,0.2781477655916035,0.04821925121929321,0.0,0.572531164732837,0.07092828120203731,0.243008842805104,0.04499016673068529,0.303401031206169,0.24385424654842125,0.3029785025784138,0.045419467878149905,0.3999811385992993,0.0,0.6333146854968237,0.5741882362951041,0.3562488623483757,0.5381668093607824,0.30821392709485895,0.6127227363875726,0.0,0.6206628839063256,0.228990040131018,0.24650565163201615,0.49957127632834825,0.4969531418019347,0.2902585336159573,0.0,0.561385546882715,0.08749696129937584,0.5838711040625312,0.02471426310074032,0.2074488554902649,0.11511832768016206,0.0,0.0,0.0,0.20814406998395815,0.0,0.0,0.0,0.0,0.12371201970127269,-0.004645613052873851,0.21105495231956373,0.5857842993593525,0.3380609106479095,0.20869414838365308,0.0,0.0,0.11774070246998186,0.09777573849649879,0.0,0.5887397405826831,0.08348661055505771,0.07076277003210668,0.0,0.4951716485586731,0.0,0.6831828087930161,0.0,0.20334985031108155,0.2919725135906087,0.06465276682337556,0.5934734920206619,0.7066195413734533,0.6593830128851439,0.3434254869484048,0.31731975973003645,0.3705508784438122,0.5005514892439765,0.4033286735484546,0.4548187844362357,0.5688521429269151,0.0,0.0
0.5737116576139303,0.5659438636255567,0.04166762347807451,0.0,0.6461840627237669,0.03654255864432815,0.41160843341430814,0.0,0.11498605769961873,0.36679641518503664,0.40894351220845626,0.07044248509001838,0.3264850819826378,0.1344843462471955,0.6417287228464434,0.9155787003358018,0.7212469106606039,0.9181749256138281,0.3540234692124517,0.8933911366715735,0.6206628839063256,0.0,0.09359083272294236,0.14538939129078648,0.813264545472197,0.38174987224298695,0.42425294120229895,0.0,0.6915819966186456,0.0,0.5259519617557137,0.16456843705171317,0.1286070491346084,0.0870633283461176,0.0,0.0,0.0,0.3830339066058138,0.2014560216226988,0.0,0.0,0.0,0.3986718025777686,0.4430779260612958,0.24870640265793104,0.4242065555606377,0.6545908742128355,0.14639128403252788,0.06583207349428591,0.0,0.3528246818396119,0.0,0.0,0.4704067073117829,0.11144071310920839,0.14551176447398487,0.0,0.5386753044129539,0.0,0.6808261403114048,0.04953419719856794,0.318558630524724,0.2809147610277295,0.13751450535211768,0.7661936562887809,0.6715358430306286,0.8853996225359526,0.44739027087875327,0.17154473902593045,0.5923544316656205,0.5738366668613413,0.6001244959958889,0.5692937279490865,0.7749358724805124,0.0,0.0
0.21095888448221456,0.3387814845228283,0.47047213919476205,0.0747459995200703,0.39736539071197624,0.6755937250891584,0.3754766972377507,0.7105365169619732,0.5514436224401793,0.18388175927883743,0.5080142728934994,0.31575880408898815,0.019543096636331247,0.0,0.23945286706304633,0.020521265844177183,0.042208986290685285,0.0,0.6063883914760125,0.18941087237546506,0.228990040131018,0.09359083272294236,0.0,0.4518278438509049,0.17857691943682644,0.4563782887046623,0.3923999031118644,0.0,0.2521383753855537,0.24494021908988692,0.0,0.029485617466674025,0.18525990484185195,0.0,0.0,0.1710457699279304,0.0,0.10775312734591237,0.0591788943446194,0.2585774683473607,0.019602660771659716,0.0,0.20805632599732338,0.03214386474674257,0.20701723021202145,0.07168484522611562,0.37413066789242255,0.41847951339968165,0.0,0.13655504052911935,0.48274908347438306,0.14390572209470545,0.593456281102794,0.4382199221705423,0.11977488806792241,0.25965460744884405,0.23647292716279764,0.16861831119352885,0.11034283061807162,0.06921720885350141,0.0,0.0999908748991781,0.0,0.3644280808680436,0.18320646895837012,0.11403297473375595,0.13902324792921691,0.6437334195113635,0.30990127403319184,0.24586482849104146,0.34038195742423616,0.18100364973100347,0.09036771978909006,0.0,0.0,0.03434716274256788
0.38363998994473236,0.37960865541799793,0.3508854057359003,0.029514596381589805,0.09532143513595602,0.42956800724969246,0.15347004423459606,0.3438548538554144,0.16027472584642583,0.25692430652952525,0.25170158153881617,0.3919426281850672,0.07801942185436694,-0.0003671049184716668,0.10737754752478944,0.14539108163841885,0.32107840635265844,0.1819937992420846,0.4594153852171927,0.1870327810683121,0.24650565163201615,0.14538939129078648,0.4518278438509049,0.0,0.2718364976154802,0.5798092085645282,0.0,0.1734804166514958,0.1996667050267339,0.08022144179339083,0.19377639806822533,0.24432424139415998,0.46428761084184034,0.09361974769569531,0.0,0.36628861185672396,0.0,0.4291686573368299,0.3191196889767099,0.15138392186878494,0.1952140996441397,0.0,0.28177978916115837,0.33861320923288474,0.231624558198678,0.10610232815036674,0.44913020444155993,0.4232896717539405,0.25957163949128403,0.0,0.3177383978966737,0.0,0.3254809329437312,0.15495741620904102,0.09911400841799264,0.03863552359854494,0.2522326253876141,0.11909450987994763,0.0,0.08352630730781709,0.13660902671354458,0.1517742380212318,0.048761622669196925,0.328707482526956,0.3230367374424231,0.3212529654014926,0.28643192846368737,0.35590804096627937,0.722623252006373,0.31132559724894615,0.5651615818705106,0.0,0.1911397070908475,0.03841270630845489,0.1872126450743969,0.24151117483109724
0.6032831285366396,0.7590874979080554,0.12263850442859484,0.16399022172984132,0.5405749409677187,0.16788953935692097,0.5278098508701798,0.0,0.034217228431495106,0.5475108973089985,0.3126167435292908,0.26147955133416423,0.2135984366787889,0.20241613446544043,0.45827075526616756,0.7949549670031075,0.7973563196684944,0.79672737934292,0.3578990198768507,0.6933268856668551,0.49957127632834825,0.813264545472197,0.17857691943682644,0.2718364976154802,0.0,0.5535218089418125,0.2683904564706453,0.0,0.6331079821435067,0.0,0.47881569567031945,0.044123897593093875,0.1687783875473589,0.09970020221309835,0.0,0.04596425469520761,0.0,0.37527015786552487,0.17500861303136653,0.0,0.0,0.0,0.4424129460151011,0.4489427640637575,0.29590478125498504,0.501649511080376,0.5949788465000997,0.16590314753065533,0.26983160810184587,0.0,0.3965268987671048,0.08993843636596632,0.0,0.4146197870791165,0.2980880891257853,0.0,0.1697800487641935,0.47084606747590807,0.0,0.5000713763479006,0.3158598240727378,0.4743446722518764,0.48425674764250093,0.0,0.707083118106075,0.5113028538310687,0.7799775801388132,0.3536676071210812,0.35399040453766134,0.8081877822022338,0.6194735315108805,0.48843293786329306,0.6224003698157057,0.802743354560947,0.0,0.12166121644901629
0.4471484791156676,0.7707870968306791,0.37256758846955895,0.31843974972543093,0.4168221592866114,0.4395194690671844,0.4882462434504685,0.2759968224987387,0.33149445922664333,0.7226369844255244,0.2954566770088941,0.671730790409646,0.4368791133725887,0.0,0.19251383284935,0.3644196261348717,0.6204985790114906,0.37813552597617783,0.5848242309841474,0.29766608659185223,0.4969531418019347,0.38174987224298695,0.4563782887046623,0.5798092085645282,0.5535218089418125,0.0,0.07999171620538209,0.2130143692398747,0.32747230216321654,0.16355499039667531,0.31427138967557433,0.058997863310286086,0.4032513645635542,0.33368114652592684,0.0,0.14012866365944668,0.0,0.26644392024944474,0.09450272725784602,0.11234332956653381,0.00525259028213762,0.0,0.14198440003462687,0.16330792384118947,0.24306391869363486,0.350105932477541,0.387488223873227,0.32430098570812194,0.21789347409721171,0.0,0.37348212210769244,0.25938192715842273,0.045038111344066545,0.582686502132338,0.5030340941854009,0.0,0.5471266406109186,0.4894341298623673,0.0,0.24586599699320816,0.33543565673983455,0.5325367554004498,0.47986130450280773,0.1918149512714975,0.4735066135119947,0.2280624289818926,0.43931333329631606,0.2280450214959793,0.638987842549393,0.5190981642595971,0.7820882264946248,0.06166252151473861,0.478339121176857,0.29045679624693327,0.0,0.18383164748586103
0.2473828899987434,0.1431489910990031,0.3110951488373667,0.0,0.5724654777595476,0.5574258045598821,0.4400145410410637,0.16281145349380222,0.5610276082930853,0.0,0.6311701559493701,0.0,0.10396607781185424,0.10676310962329112,0.6067560166701359,0.12287036686116623,0.0,0.05583078043928874,0.4553509318203625,0.45643817336645476,0.2902585336159573,0.42425294120229895,0.3923999031118644,0.0,0.2683904564706453,0.07999171620538209,0.0,0.0,0.7470706919110986,0.0,0.0,0.03429618842999704,0.022106255360717947,0.0,0.0,0.0,0.0,0.14130793946693185,0.09994016215106383,0.0,0.08805730040411794,0.0,0.09875283532863974,0.0,0.15791089833142713,0.08368413280690848,0.44221800324695515,0.2788563641148779,0.0,0.0,0.2972464159940891,0.0,0.2509193650554089,0.3707186120096785,0.0,0.5372364620358029,0.0,0.0158255245366532,0.0,0.3896686438675738,0.0,0.0,0.0,0.2999767147185981,0.303097905592693,0.35173892821994135,0.367195994856084,0.35574182386040654,0.0,0.18475963827440264,0.06938974607691845,0.6847661830589236,0.0,0.3077241682406493,0.0,0.0
0.0,0.0,0.09993355419852279,0.14021489128636536,0.0,0.2001464760385055,0.0,0.0,0.13939348383538042,0.09677771387306877,0.0,0.24158173463713378,0.2711937417477816,0.0,0.0,0.0,0.0,0.0,0.0,0.0,0.0,0.0,0.0,0.1734804166514958,0.0,0.2130143692398747,0.0,0.0,0.0,0.19794083204136503,0.0,0.0824988982232121,0.14033534274299353,0.09613784030349598,0.20615510270933976,0.2412342246530217,0.5474653544701132,0.0,0.05548987024291854,0.3503125277774046,0.37826329659306057,0.21908553859685093,0.0,0.0,0.0,0.0444519482981621,0.0,0.14682991778902676,0.23670106788840536,0.2370475803609108,0.0,0.09752579549441576,0.0,0.0,0.23534944628953075,0.0,0.2856106487549689,0.0,0.047096620480396256,0.0,0.4265977923532679,0.16082776085431183,0.2824291513972752,0.04008255597783572,0.0,0.0,0.0,0.0,0.24441806369939578,0.0,0.0368395280687433,0.0,0.023115406788721704,0.0,0.45589186557621586,0.44416270541807834
0.5207659805448079,0.36104454287581467,0.10521536445733787,0.0,0.5850093635275309,0.4165866168638106,0.5160774378632803,0.0,0.3114359732208896,0.041670185116904845,0.4870745407993849,0.0,0.2740803232821526,0.05813327390172762,0.6919851577520759,0.47853424564111596,0.3375757317703386,0.4324412698454434,0.4005013642697258,0.6865032859791962,0.561385546882715,0.6915819966186456,0.2521383753855537,0.1996667050267339,0.6331079821435067,0.32747230216321654,0.7470706919110986,0.0,0.0,0.0,0.33509928595788224,0.0748144235149416,0.08898783217785387,0.0,0.0,0.00943250248275726,0.0,0.310057251457182,0.16466374327801553,0.0,0.01587635417808822,0.0,0.18664767005966837,0.22064757933836932,0.20658106421129538,0.36041238381793556,0.6094193163157031,0.2148690437105607,0.0,0.0,0.26761381347924046,0.0,0.0,0.3796072417351779,0.0,0.25219497280454417,0.0,0.16052471691395304,0.0,0.6113472378536084,0.007625907153410716,0.02340559418113558,0.09160756349461208,0.13345311139729432,0.5602940382673707,0.6516025573330376,0.7133048140663045,0.36636963581634296,0.05572050575132978,0.47628114062098764,0.34550917146716587,0.6632338503946897,0.1772483837705798,0.6332003705325053,0.0,0.0
0.0,0.056487619632882485,0.0,0.38556779159855387,0.11630058037149235,0.23594455039449092,0.11584398362590181,0.38361377568635696,0.37085801554019654,0.2925668402759002,0.0,0.4035021923591958,0.07599488326140896,0.0,0.0,0.0,0.007990381028707166,0.0,0.16038727853206725,0.0,0.08749696129937584,0.0,0.24494021908988692,0.08022144179339083,0.0,0.16355499039667531,0.0,0.19794083204136503,0.0,0.0,0.15947410135770618,0.0,0.0,0.0,0.0,0.0,0.08897104750316298,0.0,0.0,0.24275558368451453,0.0,0.0,0.023897458954644152,0.0,0.0040915496968422504,0.0,0.0,0.02193210898938719,0.08417547463112397,0.5055648425779067,0.0,0.5430016341562542,0.2607074319042228,0.27820866730379135,0.4109789292270486,0.0,0.4587861091511116,0.2467579594186788,0.30963364559862927,0.05446830491203203,0.1436266254361278,0.2916354543199603,0.11572782980182161,0.02242591258857235,0.0,0.0,0.0,0.060450382583335294,0.3086348016356545,0.14674679212965652,0.13201021132594418,0.0,0.12990996918399117,0.0,0.0,0.08764863976254303
0.6103141284800011,0.2121341953522749,0.0,0.19064132804866818,0.24392686580655304,0.0,0.0672575782924299,0.0,0.0,0.3433543118566859,0.0,0.06810782615777924,0.3589922443770209,0.006086863570041623,0.33696105821389594,0.5804108784097978,0.5244389676025074,0.5950628811536675,0.05716181354931832,0.415155904874843,0.5838711040625312,0.5259519617557137,0.0,0.19377639806822533,0.47881569567031945,0.31427138967557433,0.0,0.0,0.33509928595788224,0.15947410135770618,0.0,0.13749272611683613,0.16609848604564187,0.09053493358742548,0.0,0.0,0.0,0.16634760317688088,0.0,0.0,0.0,0.0,0.13973987604407306,0.09216439632237651,0.0572315127111722,0.5376696213412984,0.05758736805987985,0.03894162022615369,0.17161190185983458,0.0,0.0,0.0684432035255236,0.0,0.21530265813735122,0.19445521335614657,0.0,0.05102497845338132,0.4223972747959712,0.0,0.4629933852626381,0.13894089222360823,0.28613472369960186,0.29842433389330697,0.0,0.42492638627215296,0.5327140829687961,0.49185250406556635,0.20304875803889882,0.3291107815933072,0.31389314228001547,0.37725810433002466,0.29425946831721744,0.46107111730681594,0.5354804550023788,0.0,0.22185360742344978
0.15038113400724146,0.1296371988865881,0.0,0.0,0.0,0.12447079561737326,0.0,0.03939998419841824,0.0,0.0,0.0,0.0,0.11913778387760687,0.10546374594308147,0.11052920049303368,0.09595256363827867,0.09040756173601924,0.09811842173529589,0.07215249379346944,0.19361525096486193,0.02471426310074032,0.16456843705171317,0.029485617466674025,0.24432424139415998,0.044123897593093875,0.058997863310286086,0.03429618842999704,0.0824988982232121,0.0748144235149416,0.0,0.13749272611683613,0.0,0.3217931916054082,0.20853027740126315,0.02244511278162664,0.060201137126801196,0.07652380810514811,0.04128726797693186,0.35270083779442235,0.0,0.09098802712142348,0.0,0.19892387660023853,0.18919195711987175,0.020983558224454857,0.011241759603628054,0.2094767131604681,0.14804960579644671,0.17898808544159328,0.0,0.13014612398125036,0.0,0.06305595668926496,0.0,0.0,0.10168359185019538,0.0,0.0,0.0,0.0751518568858771,0.04295910167864997,0.0,0.0,0.15259766047043394,0.20470108118992758,0.14412610413626067,0.1793371926385155,0.11519503246549405,0.13932799348351146,0.025010505958374868,0.15573310863350248,0.04860947432682558,0.0,0.07963780397416893,0.17141455335803407,0.17325866976984783
0.24141714802445163,0.3066723499553951,0.2848082219083718,0.0,0.0,0.2645151256862006,0.06483604768941559,0.20693457469351081,0.12761601600176672,0.2254528352146739,0.19725960404586912,0.2280125498296494,0.18381022020177146,0.0,0.04614385567534658,0.07096204607890136,0.2413272972839814,0.11115616718083735,0.36876141471105256,0.0932327066816901,0.2074488554902649,0.1286070491346084,0.18525990484185195,0.46428761084184034,0.1687783875473589,0.4032513645635542,0.022106255360717947,0.14033534274299353,0.08898783217785387,0.0,0.16609848604564187,0.3217931916054082,0.0,0.259905028024818,0.0,0.1195565403861659,0.003458490017250321,0.1423208102950729,0.1325790270166395,0.3312734803756983,0.14806829586697576,0.0,0.11580339473982212,0.08271501817109314,0.1409709566734094,0.045223039907341805,0.25312702297338974,0.2649810943447661,0.14502856313792134,0.0,0.23627343287101238,0.0,0.14529159102109104,0.1501019313927493,0.14092613012771793,0.08254930266270427,0.21664703868241802,0.12047668070320999,0.0,0.06165143666749796,0.06255977666541031,0.17614911748175613,0.0,0.17902295443746657,0.1726655107976333,0.19794978578845412,0.1614123556646376,0.15744723288662588,0.38327621241232956,0.15238058582599495,0.40745135857415715,0.019961759455774983,0.07436918484634472,0.07918306036168898,0.0,0.09979595396964036
0.08463213432849406,0.2531902258717098,0.0,0.08760926569354494,0.0,0.0401354275116696,0.0,0.0,0.0,0.17725013336924497,0.0,0.12843848069006022,0.14681965490662724,0.02193941824430981,0.0,0.0483887951389354,0.15889444750092022,0.04486492902867778,0.018664954467036615,0.0,0.11511832768016206,0.0870633283461176,0.0,0.09361974769569531,0.09970020221309835,0.33368114652592684,0.0,0.09613784030349598,0.0,0.0,0.09053493358742548,0.20853027740126315,0.259905028024818,0.0,0.04043864435252864,0.05581920702623182,0.0939359846865688,0.0,0.16913455590828355,0.0,0.21893644389437011,0.0,0.1252268489650523,0.001250039555529589,0.0,0.09237437781347532,0.06327720439746407,0.0,0.03789856841111555,0.0,0.13151819787774385,0.0,0.0,0.02730765094298432,0.12662073358610823,0.0,0.12901776834769932,0.10041191309615707,0.0,0.0,0.07036098592760952,0.11439941865707692,0.05474911570730934,0.05433484466462203,0.121581981282914,0.0,0.08423551554009982,0.0,0.09883150785740547,0.05808159052033929,0.21736709925621878,0.0,0.05072363755753681,0.08781035264226242,0.0,0.06560134048811378
