0.0,0.3477125970821354,0.06973234666767478,0.0,0.0,0.3429086675475594,0.012631299947502561,0.4366831030471643,0.20444757600432653,0.41746476464150767,0.0,0.35214555322217655,0.22318349127609285,0.0,0.31892739412265386,0.2621332682353448,0.6227262440067531,0.5961140971218288,0.055068301486936005,0.09206372452926795,0.6858764885386359,0.2648210467868952,0.3763661255763063,0.3993454640698573,0.5500945725231228,0.6357449763661553,0.1882171976221879,0.2901745454217153,0.3963501129295089,0.0,0.11075591624276676,0.39722124724273716,0.3523746685678841,0.17053991448603179,0.0,0.0,0.03225071750906766,0.21440009019718875,0.3694417575914025,0.4329215163453299,0.03760229239767948,0.0,0.0,0.005054578757160227,0.26436295160935563,0.8046645378259227,0.44930432249744967,0.05632886548438801,0.26506298769569003,0.0,0.4848184851765701,0.1298557071451481,0.39547630036108394,0.26260975327735203,0.5146777783851743,0.0,0.38136952473935204,0.5816509531029107,0.0,0.5273663131147461,0.4624971064946794,0.5575995304390564,0.5433877063648134,0.0416612414320906,0.3851730226174968,0.6085677109955849,0.5204300813320952,0.43879514727197433,0.38155291895007676,0.5539640092419799,0.6660082318582377,0.3363233084866872,0.521372138724115,0.5540718430321891,0.28776682635417994,0.43645496019591845
0.3477125970821354,0.0,0.3466619848355471,0.0,0.07464422867531115,0.5951340409517616,0.27315683637627036,0.4023401991308785,0.25790463624633364,0.5892801484430055,0.18336747567287426,0.4627450099025737,0.25721835372906554,0.0,0.2361237737263631,0.3898193004354702,0.6103871019793863,0.7444480488714977,0.30929092540817593,0.20349633105537507,0.2513487144872244,0.46792062674197415,0.5145556071179747,0.1368194315169402,0.8609148642189601,0.7511956511978908,0.4862722770487012,0.23685331489801176,0.5056083993567493,0.08908224670206738,0.0,0.37291037801690574,0.3212836402250956,0.0,0.0,0.0,0.0722931699788429,0.04375395908960092,0.3887491552041206,0.4345388875668797,0.0,0.0,0.0,0.05873674980394242,0.247470268163143,0.287035036241948,0.7679793998276414,0.3528454449769122,0.23915088186714123,0.1631794662910771,0.71644398047007,0.15296928997689907,0.2372241188135022,0.3731754654484334,0.5337983375071556,0.2273444292785515,0.5539307347476465,0.45270742641828515,0.0,0.346347786081342,0.46232538412870816,0.6703166030003742,0.3686475458288755,0.3597186150470926,0.4459737578155223,0.20196386645188663,0.609128715110196,0.3972784026188775,0.06638636508000581,0.6706675992422267,0.6919305052399012,0.48891385878363364,0.575163524445621,0.5239108792823519,0.3683006824513682,0.37665481951637725
0.06973234666767478,0.3466619848355471,0.0,0.0,0.7042836079863155,0.11330807033398843,0.12116040580816587,0.0,0.8938587908231714,0.5179117644658324,0.891703458379245,0.09840253216737124,0.2665696878232489,0.0,0.7085681924967285,0.41853016372392216,0.3823969509235906,0.35969309528439647,0.8555103232987133,0.7825061523787251,0.0987565272989975,0.7342643011958601,0.47622701306142134,0.0,0.3887263433399334,0.25136268401606254,0.760539167170327,0.3460888218347622,0.4269525333120728,0.5353748974838974,0.35870745021601347,0.0,0.0,0.0,0.0,0.0,0.0,0.10858618019406277,0.0,0.0,0.0,0.0,0.032176660534804266,0.29159305638171906,0.1851632074414468,0.0,0.48249475279561116,0.9385560725535006,0.16379545592437783,0.7868599872952444,0.30919203019049757,0.44505833429531966,0.0,0.8978216110044845,0.5134807592521164,0.8922527523906942,0.2088151781891449,0.3892906014472518,0.0,0.6016875957509824,0.4723288823480458,0.45348918892501755,0.40679359984945473,0.8305123918153735,0.7927903804747188,0.14668471886151005,0.6773662214249234,0.26188834384931436,0.0,0.4676658145388302,0.28108217898205384,0.6512827381471885,0.5140463070080529,0.5132615350107079,0.17456898894413753,0.33353746997816613
0.0,0.0,0.0,0.0,0.0,0.0,0.14892239927204942,0.08384301521130859,0.0,0.0,0.0,0.14839658901729458,0.0,0.28282551066887684,0.0,0.0,0.0,0.0,0.0,0.0,0.0,0.0,0.0,0.0,0.0,0.0,0.0,0.08018749185000382,0.0,0.0,0.0,0.0,0.0,0.025639638304887774,0.30831512600538363,0.20111825432290348,0.12405898995883204,0.04494145018628894,0.0,0.0,0.12080459961555065,0.3109798829805279,0.2902939662654479,0.029295250296021105,0.0,0.0,0.0,0.0,0.0,0.0,0.0,0.0,0.10735731722267194,0.0,0.0,0.0,0.1354764543667551,0.0,0.11240198871170866,0.0,0.0,0.0,0.0,0.0,0.0,0.0,0.0,0.0,0.0,0.0,0.0,0.0,0.0,0.0,0.0,0.0
0.0,0.07464422867531115,0.7042836079863155,0.0,0.0,0.0,0.562731551582997,0.0,0.7927943065343781,0.4161548066790314,0.7292264015592353,0.08141842982150704,0.4821267504452133,0.2601567617834091,0.5172518741011882,0.30498905719203984,0.2369369004080321,0.11681852025248064,0.5250165167516454,0.6754040184325438,0.16081452664867368,0.5022819877530609,0.300381339129705,0.0,0.11906329648141135,0.05152566799742622,0.6536503679571233,0.33528169180748996,0.2511502379919277,0.49183712345462594,0.47191385642647843,0.0,0.0,0.0,0.0,0.0,0.0,0.2717436722862893,0.0,0.0,0.0,0.0,0.22692432276777935,0.31518862490821303,0.07316425733796285,0.0,0.31172555686854536,0.6367058266182265,0.17015253559105958,0.8443809530453765,0.0,0.5239643129600424,0.0,0.7566189230404254,0.3761703690349746,0.7978663244710515,0.01968976612525339,0.25121705408023226,0.0,0.3657721522015017,0.17321343030971542,0.1941573987458693,0.21110519242424494,0.5230348219537311,0.5048585496707214,0.1308932016733898,0.31872169020085056,0.04580217838373496,0.0,0.2340834236502276,0.04747390885071981,0.477250229018957,0.2142058285635544,0.20758590608115965,0.0,0.10444971796163632
0.3429086675475594,0.5951340409517616,0.11330807033398843,0.0,0.0,0.0,0.154270596503132,0.6711296296905208,0.1475804551496886,0.4911527032470906,0.0,0.6203361071900741,0.42897900363895247,0.05572818622629758,0.16031934452389546,0.0,0.4361304158998903,0.543182050929957,0.1765051952132442,0.05257765058351194,0.29375402074312107,0.11552953994133636,0.7248270181436102,0.5608272789248617,0.5926426960760214,0.7288041266526692,0.28824621356186936,0.20908980111441441,0.4396810129249983,0.06378350411008035,0.0,0.4548564392400263,0.3909432389792658,0.0,0.0,0.0,0.2390803571391572,0.0,0.38996215657456634,0.45511645817273705,0.0,0.0,0.0,0.0,0.05297999802853112,0.29947451824694654,0.4001161513743482,0.10972242573182545,0.21580363339629782,0.0005987569650938718,0.7090044672930734,0.009663151946383286,0.5506175587275148,0.2161090801888016,0.40586961148823064,0.07325900789541356,0.6032868583347979,0.502996078025544,0.0,0.3777412902642577,0.2970864779574857,0.43784564096360806,0.43372567391246136,0.1690961280039815,0.31456512393349234,0.2704081367037443,0.4389416211059203,0.660931016391311,0.42234784020871186,0.4075698185949271,0.6488797560788766,0.3134039938265086,0.3792895481280701,0.2701103295322803,0.35239390464742426,0.18327652364298724
0.012631299947502561,0.27315683637627036,0.12116040580816587,0.14892239927204942,0.562731551582997,0.154270596503132,0.0,0.0,0.22321177370799453,0.41306001367116213,0.15463983562560213,0.32311022760251173,0.6419313283704106,0.31862750509243487,0.18648706210957564,0.2576053120154835,0.2944498454439177,0.2507802357442939,0.016922741011109688,0.30402554808662324,0.24230943882127132,0.23982392413013914,0.10353432599472326,0.16261880276435003,0.27568232516376245,0.2852507258114678,0.3327430945512981,0.26600481492816985,0.3199898578125461,0.17046975206428516,0.2811482515241791,0.0,0.0,0.0,0.0,0.0,0.1083603611403423,0.3732202789830367,0.0,0.0,0.15362344392401509,0.030270633488698274,0.2870793266795663,0.18473670047860022,0.0,0.0,0.2821916016140624,0.09716376640147537,0.22229380830140072,0.3936254758328586,0.0,0.41188140933941864,0.0,0.22782216630125335,0.27083455901679465,0.2600488606467739,0.10753370802817057,0.214112215849264,0.021538121488020756,0.13081592160863692,0.0034094545525140962,0.1442340446058203,0.1526571228265315,0.051849355327635044,0.160719341178804,0.1877822991352093,0.11243355638175799,0.0,0.0,0.2150242916735377,0.15535404652846074,0.19621237855325,0.06035586406849214,0.08690897573136735,0.0,0.004137321115489617
0.4366831030471643,0.4023401991308785,0.0,0.08384301521130859,0.0,0.6711296296905208,0.0,0.0,0.0,0.34901048854205485,0.0,0.7237183142913142,0.14487664590638927,0.08983776912658059,0.0,0.0,0.4124972979766707,0.3650419354269532,0.08396954367418147,0.0,0.21219120381610918,0.0,0.6382023005717619,0.5156712707411011,0.35649387822205447,0.6677143583276024,0.0,0.04059344182105393,0.0,0.0,0.0,0.3939680662938076,0.457202525668026,0.0,0.0,0.0,0.1387683444913545,0.0392099118009723,0.32307573165800907,0.5381018292161589,0.0,0.0,0.0,0.0,0.10000272108137273,0.3844724373437606,0.14764818794038234,0.0,0.07878283450950734,0.0,0.6408236540438522,0.0,0.7818855981176265,0.0,0.30893640648991444,0.0,0.7697386596385217,0.3322675389693773,0.0,0.06449581657948372,0.06268368808195758,0.3633224387787285,0.1374012085424131,0.0910700064433892,0.06897573735547893,0.10803671324567499,0.2347830836241489,0.5565598882857549,0.5733051154509947,0.1529798803602325,0.5802738794039661,0.0,0.2703549916262598,0.0,0.33996802624082884,0.15511182460903447
0.20444757600432653,0.25790463624633364,0.8938587908231714,0.0,0.7927943065343781,0.1475804551496886,0.22321177370799453,0.0,0.0,0.6086736020022516,0.8117416460315723,0.11363616061334891,0.35518094467908234,0.0,0.7020969919923352,0.3228643779943947,0.43368936659019974,0.29146002115737846,0.7398724161797221,0.756765890340706,0.2642434009496773,0.6264454334927857,0.4452343241342844,0.016918369685968354,0.36366885906100777,0.27840392255771584,0.7944718257941674,0.3333538311773649,0.46660198002918923,0.5046713803827335,0.47548348017822395,0.0,0.0,0.0,0.0,0.0,0.0,0.23895669555784121,0.0,0.0,0.0,0.0,0.08264311322106398,0.30236339400271295,0.16474533627617008,0.1258621205926015,0.47606094176817315,0.8401410606019503,0.18665285525182912,0.8060864456563992,0.19325035971116514,0.4647445997885573,0.0,0.9662872127726907,0.586291917287765,0.8964509052816105,0.2141878962337525,0.40818250344790613,0.0,0.6820654376996139,0.4512209513700593,0.47532325647092044,0.4706417817155839,0.7313408210039105,0.7907519845099733,0.3396139239817779,0.6451656008287036,0.2912945366588161,0.0,0.4835118566387051,0.31823844805097057,0.6859645281929327,0.4326455202533875,0.5245139520969779,0.09263572536142359,0.372860618126093
0.41746476464150767,0.5892801484430055,0.5179117644658324,0.0,0.4161548066790314,0.4911527032470906,0.41306001367116213,0.34901048854205485,0.6086736020022516,0.0,0.36579352225811435,0.508317378158818,0.4882602601107885,0.0,0.5433958807080315,0.39352808680382384,0.7539861740981197,0.5590321262338793,0.39121204909310425,0.4207398599080518,0.4639346023932951,0.48444934694624486,0.5750457649664482,0.30167578638651493,0.6383101560873665,0.7196323649809543,0.6658855413582357,0.2689974783030995,0.5200777548860885,0.3512820342449644,0.42473512482334946,0.2922095999727109,0.392645773610416,0.0,0.0,0.0,0.07551467990174981,0.37629544917619373,0.22625314004307867,0.374867397497748,0.0,0.0,0.23527630193841292,0.2918175497301176,0.20265485900400912,0.27852171910985346,0.6424554775988999,0.48681347106871553,0.39109412847988645,0.4966872837211582,0.47782001263479557,0.47153239299717464,0.18848070376674508,0.689846465275294,0.8848104495861671,0.5038628930040384,0.6095727873553547,0.5682673995324193,0.0,0.6177338647745116,0.5980948346014412,0.7950772791444826,0.6275917662292324,0.345458558095419,0.6464707924936329,0.5104039082619587,0.6750516271862708,0.4595429924055256,0.11174854697444969,0.6534198079178339,0.685542834236339,0.6630306764051188,0.48954284372966583,0.5732187464425178,0.3789703365399788,0.5296593396119222
0.0,0.18336747567287426,0.891703458379245,0.0,0.7292264015592353,0.0,0.15463983562560213,0.0,0.8117416460315723,0.36579352225811435,0.0,0.0,0.26053911620498615,0.08042194332107508,0.6031157075821045,0.326182230144003,0.2673718288872243,0.19958405870884316,0.8486015419437121,0.6985583689258792,0.04767846810957432,0.6815056880543564,0.3330254799959908,0.0,0.18438490694638687,0.07994371117590846,0.5728545038845465,0.3503635174369728,0.29332171240078764,0.5261920830458063,0.32154881426938386,0.0,0.0,0.0,0.0,0.0,0.0,0.11974359169010296,0.0,0.0,0.0,0.0,0.0900260242905401,0.2817217865236465,0.03874395577047779,0.0,0.3242832750843401,0.8356503678868294,0.03836684056389354,0.7400660415190543,0.08861168399033742,0.3427732097996173,0.0,0.7578911037108961,0.33242321537881314,0.9174177724381365,0.07106420054910642,0.19536508690276028,0.0,0.421862280706503,0.20982401475586082,0.23011046135280383,0.17215086906845498,0.8274019904268246,0.602882480468887,0.04670689440250847,0.4683836451231619,0.12436164141141376,0.0,0.27238892647525026,0.0880341819438775,0.42967107705908963,0.3165516994214151,0.273133776546332,0.0,0.07196430834224543
0.35214555322217655,0.4627450099025737,0.09840253216737124,0.14839658901729458,0.08141842982150704,0.6203361071900741,0.32311022760251173,0.7237183142913142,0.11363616061334891,0.508317378158818,0.0,0.0,0.43336339271479174,0.1663708303052493,0.06649401760441281,0.028021152393424814,0.5293608116635322,0.46332192878070094,0.12206130662084047,0.0,0.25239800257396083,0.17367719939503162,0.5422776835719523,0.5537111578940743,0.44531944248171695,0.7142184501986658,0.09902249434426437,0.34100344522004616,0.057219478188898526,0.04024980138735551,0.0,0.2912442061055288,0.3490801619128019,0.0,0.0,0.0,0.18078090265189684,0.19738075535374128,0.21203114286150465,0.3462538949633024,0.0,0.0,0.20971683426614493,0.13469953612346444,0.12474610530018161,0.24386200453365964,0.27558625105661066,0.08859234100435617,0.22136917340437562,0.04309580709427899,0.5359763132518645,0.0,0.5091790623213209,0.1546616423053295,0.43507705804803487,0.12097175402342514,0.7547363476654039,0.4420330284238516,0.0,0.20080001827088098,0.09291458832730412,0.42012560680373723,0.228328698036394,0.12759142279080748,0.17650567238131304,0.1895246799956249,0.31700697986286197,0.3833448637872781,0.47761944394148426,0.2576342765607323,0.5738486977329912,0.08148161600289394,0.39659066460737163,0.0398794297497357,0.2143941895827619,0.1539951224933314
0.22318349127609285,0.25721835372906554,0.2665696878232489,0.0,0.4821267504452133,0.42897900363895247,0.6419313283704106,0.14487664590638927,0.35518094467908234,0.4882602601107885,0.26053911620498615,0.43336339271479174,0.0,0.256636867315255,0.338331381344576,0.21104786253934119,0.5533850999052009,0.42580625011218054,0.2219557031965002,0.3457672777036911,0.3614864622295308,0.3031824798367192,0.38628402099008835,0.3539652467975266,0.3119989793961684,0.49197777566435064,0.3279941610383444,0.5655451739731062,0.5077160010932975,0.3203466162658545,0.25126913941868173,0.0,0.0,0.058695223322758894,0.0,0.006509871175098603,0.14857739976547701,0.30562323701877153,0.0,0.0,0.10808866099498335,0.0,0.13705025282932626,0.2333441768079466,0.0,0.1525372892327942,0.26129551043424215,0.1971628016282225,0.28261977213916856,0.4599746253019237,0.18862914117465546,0.3563054918445344,0.01810183781590563,0.35221208159626727,0.33640141856062444,0.3756414213537846,0.23517819664135964,0.5577539583306139,0.0,0.38580812496901445,0.08980652606779047,0.2444226578447043,0.3894776026296328,0.23722599557098212,0.2995102470984982,0.30901536479394554,0.24890931342070546,0.21634483443817634,0.19424633486969894,0.26221981668940453,0.3677582519903442,0.23698299271029813,0.23406602929789133,0.17085026560285121,0.0,0.0
0.0,0.0,0.0,0.28282551066887684,0.2601567617834091,0.05572818622629758,0.31862750509243487,0.08983776912658059,0.0,0.0,0.08042194332107508,0.1663708303052493,0.256636867315255,0.0,0.0,0.0,0.0,0.0,0.05676366356253963,0.0,0.0,0.0,0.1629261682934504,0.20187299122041158,0.0,0.0,0.0,0.028455122920120007,0.0,0.15937837977767205,0.0,0.0,0.0,0.0,0.1444818337309448,0.17819866449168595,0.05570323695342343,0.1739358895228224,0.0,0.0,0.13915931194594658,0.2785460025243551,0.19143165647001076,0.11334458408630155,0.0,0.0,0.0,0.0,0.0,0.09456804589567638,0.0,0.0,0.04126662308496107,0.0,0.0,0.12772326756522495,0.020541393804425795,0.0,0.23581122994389941,0.0,0.0,0.0,0.0,0.07522485314820992,0.0,0.0,0.0,0.0,0.19886063875645804,0.0,0.0,0.0,0.0,0.0,0.0,0.0
0.31892739412265386,0.2361237737263631,0.7085681924967285,0.0,0.5172518741011882,0.16031934452389546,0.18648706210957564,0.0,0.7020969919923352,0.5433958807080315,0.6031157075821045,0.06649401760441281,0.338331381344576,0.0,0.0,0.5607022793826827,0.47840036735181624,0.35756083076190265,0.6402612692739743,0.7941378751055058,0.39051132144335376,0.7892225300914515,0.4194869375711942,0.1175571067014568,0.42998314478125776,0.3228026031603013,0.6859933075207754,0.41242910660590215,0.5777447926429489,0.5567491542125294,0.5325244989849041,0.06861889466586389,0.054549372950803504,0.0,0.0,0.0,0.01462168772117653,0.20900262687830207,0.08240110367764845,0.08295080167477595,0.0,0.0,0.024034085041574713,0.276942446024561,0.24457195824567188,0.23566219859372767,0.5213473398792645,0.6554544414882008,0.2394374167747727,0.5574722706870148,0.237889841571334,0.5077364429902415,0.0,0.7021844699298815,0.6150142103300776,0.637350142606914,0.17947877459332992,0.4973408240847666,0.0,0.8193193078507068,0.6110960409202816,0.47769622677774637,0.5897770517334031,0.5830612852471794,0.8217753262401045,0.4885589862640276,0.7648660736110713,0.35387943825251095,0.0,0.5333036215958628,0.3740610703357507,0.6429924474370682,0.5289872446277976,0.6247947104479139,0.18141082584829354,0.4246958300842235
0.2621332682353448,0.3898193004354702,0.41853016372392216,0.0,0.30498905719203984,0.0,0.2576053120154835,0.0,0.3228643779943947,0.39352808680382384,0.326182230144003,0.028021152393424814,0.21104786253934119,0.0,0.5607022793826827,0.0,0.4862637708884123,0.4741368028963152,0.38629933042158376,0.4234338848171124,0.17371926734286214,0.5942767346720793,0.21722285604282712,0.0,0.40547927971042774,0.2537157818657009,0.5372227329779073,0.31392889336659613,0.3838372363497038,0.38100378080838654,0.4818355528119689,0.04253389144682315,0.19697573807795424,0.0,0.0,0.0,0.0,0.18038422257181666,0.03029633132832335,0.15625763137064994,0.0,0.0,0.012701084844503219,0.09347346431566016,0.2607417793403801,0.10450670759688524,0.44066410955470425,0.31530315959210153,0.2923386544689477,0.42445205257702456,0.08252989806278688,0.3888944822641479,0.0,0.39130121584866434,0.429784491067022,0.3339347212340641,0.09699375240921528,0.2890787994806168,0.0,0.4456068722472154,0.48418841438401045,0.3799616239828857,0.38390035515641024,0.37313861841398865,0.4623069161418699,0.24731098051504946,0.49425733219678347,0.07597622691241462,0.0,0.3396779689454746,0.15529162976658872,0.4702586087230819,0.38139656333298716,0.4174023344717405,0.22006965812843646,0.36538805902332877
0.6227262440067531,0.6103871019793863,0.3823969509235906,0.0,0.2369369004080321,0.4361304158998903,0.2944498454439177,0.4124972979766707,0.43368936659019974,0.7539861740981197,0.2673718288872243,0.5293608116635322,0.5533850999052009,0.0,0.47840036735181624,0.4862637708884123,0.0,0.776271302422707,0.3698245011683792,0.30177203106267186,0.48508577476641523,0.549390526477818,0.5055347900814409,0.3745950572138528,0.7001056479617,0.8153109327633836,0.42043668237565524,0.514020352701414,0.4956820809251579,0.25251307577214405,0.3003505520693738,0.24970922344735735,0.35452213084223466,0.0,0.0,0.0,0.09290443666994763,0.3393300122900576,0.19530634079876988,0.3459768348744564,0.0,0.0,0.0856045689170452,0.22290714639296444,0.2813398232363129,0.5243741059557736,0.5548979142921984,0.32889475769244697,0.32767802579711924,0.34321946140152393,0.516259278843477,0.26362424798991474,0.26489973084385915,0.47889592410573345,0.7209640074593064,0.3720206005669065,0.5904200635597289,0.6142695429512406,0.0,0.5892160867518949,0.4545332309494253,0.6933068508994642,0.592526739576646,0.3569507011418852,0.5513999935862663,0.4576108694442074,0.65085924177544,0.3495966837783966,0.2004678193177985,0.6095777735659456,0.7117105405027434,0.45030106529790453,0.5885292700380834,0.5276420555852129,0.2983563880668736,0.42180651225336696
0.5961140971218288,0.7444480488714977,0.35969309528439647,0.0,0.11681852025248064,0.543182050929957,0.2507802357442939,0.3650419354269532,0.29146002115737846,0.5590321262338793,0.19958405870884316,0.46332192878070094,0.42580625011218054,0.0,0.35756083076190265,0.4741368028963152,0.776271302422707,0.0,0.3785013036501892,0.20137281384116296,0.43260206376006,0.5004903016678502,0.49333380867288873,0.24357954304074647,0.8556219236544456,0.8161902047175473,0.3542663981048505,0.4224765121878446,0.5924160097787788,0.08636031294161259,0.03517089606890217,0.39525697855210046,0.2818030595824444,0.11926882269005834,0.0,0.0,0.07109935361187521,0.12019412448532737,0.4039083563128555,0.38387327950134764,0.0,0.0,0.0,0.06671594350666793,0.29162695650185955,0.5519692843862933,0.6682089008324208,0.2960433224350963,0.314555161357772,0.18091562351360085,0.6665118694431841,0.18394540044590618,0.26460185305311895,0.37855866756955014,0.5785994609683546,0.240477408310642,0.49709373717058036,0.6058342142702273,0.0,0.5073928386409449,0.5319599322289856,0.6634960697419137,0.5843498726678357,0.37226430792237153,0.5003268746586134,0.3948609106685788,0.6767055948401298,0.36918958735840124,0.17952881137738955,0.6946167773733725,0.7362440928830661,0.4381014998860947,0.6391934234896178,0.5792792580381733,0.31973798592831926,0.3805829603329692
0.055068301486936005,0.30929092540817593,0.8555103232987133,0.0,0.5250165167516454,0.1765051952132442,0.016922741011109688,0.08396954367418147,0.7398724161797221,0.39121204909310425,0.8486015419437121,0.12206130662084047,0.2219557031965002,0.05676366356253963,0.6402612692739743,0.38629933042158376,0.3698245011683792,0.3785013036501892,0.0,0.6247791144032383,0.03511517125989552,0.7119118954270907,0.4468236985875321,0.0,0.33143642100924287,0.24280799876515513,0.5298666991379178,0.36501843210816654,0.3612345566275169,0.5144772832797497,0.2012118380538809,0.0,0.0,0.0,0.0,0.0,0.01649097588923243,0.08652355051154803,0.01310981928772853,0.0,0.0,0.0,0.0,0.17655322752199926,0.1593178161391614,0.0,0.371836785545673,0.7818841015205124,0.028946786963732027,0.5582319948424423,0.2668555623505612,0.18718145181876844,0.0,0.6931002783588784,0.39082633973946856,0.8162204745577046,0.24777667566894293,0.24868816646552805,0.0,0.5170726310161816,0.351640127305464,0.33159696911516917,0.31949517117573306,0.9336807161859317,0.6474646630916021,0.14144550180071627,0.6052415073612889,0.24428663418315766,0.0,0.3371405791139437,0.25607765163652746,0.427156274090621,0.40599719941794005,0.3430010276616567,0.14481878992165492,0.1693279983742688
0.09206372452926795,0.20349633105537507,0.7825061523787251,0.0,0.6754040184325438,0.05257765058351194,0.30402554808662324,0.0,0.756765890340706,0.4207398599080518,0.6985583689258792,0.0,0.3457672777036911,0.0,0.7941378751055058,0.4234338848171124,0.30177203106267186,0.20137281384116296,0.6247791144032383,0.0,0.29355596883440216,0.82636169423855,0.30299740987504453,0.0,0.3442196618490067,0.18342401089429744,0.7447172421046624,0.37548396742797974,0.5484783753553765,0.646337193548034,0.5000791078386679,0.0,0.0,0.0,0.0,0.0,0.05755034625053554,0.18765167511579361,0.0,0.0,0.0,0.0,0.13989093130330982,0.33275686961151596,0.20364331337364217,0.026848641734384115,0.4607240804964543,0.7681296040064076,0.16649283958462308,0.6954522264628895,0.1642010279910661,0.5609778840996155,0.0,0.7524176818917242,0.4323138904284052,0.7015710581070118,0.05169032204822449,0.4106564271583453,0.0,0.6533725067227668,0.44485510188602145,0.37120254901292726,0.43111496008892325,0.6206433250721795,0.8255214916136586,0.34017808105610464,0.6484751753798956,0.18659119664938684,0.0,0.47884782375499213,0.23200526591028814,0.6245109426831793,0.4287568343266267,0.5487724510601997,0.0,0.30535550005430484
0.6858764885386359,0.2513487144872244,0.0987565272989975,0.0,0.16081452664867368,0.29375402074312107,0.24230943882127132,0.21219120381610918,0.2642434009496773,0.4639346023932951,0.04767846810957432,0.25239800257396083,0.3614864622295308,0.0,0.39051132144335376,0.17371926734286214,0.48508577476641523,0.43260206376006,0.03511517125989552,0.29355596883440216,0.0,0.27046341477310587,0.29049764544185563,0.41187836485525386,0.4844907089284358,0.5543474597944504,0.2701822970783459,0.2857385530787944,0.5114491226265585,0.13932489151794572,0.33741209801040817,0.1612868682282101,0.20765076091244059,0.17524783013570955,0.0,0.0,0.1575211397582225,0.3413290580535645,0.15299935720120553,0.28247722992116353,0.07103771651354712,0.0,0.07660234885806057,0.25094397972895105,0.21494507945032845,0.6381169133112673,0.45741799937191135,0.10379590871217279,0.17534322310863032,0.08896040247669904,0.31761207168097183,0.2665495702424021,0.3086974832210255,0.29091589028680476,0.5464161298262131,0.12869260963665094,0.21639724804905147,0.5118465950348174,0.0,0.5385118237424844,0.43549787399266693,0.503887481095225,0.5407114545181739,0.030245895599558342,0.4328460529117167,0.7574506119915045,0.48031309100195363,0.45560704074761543,0.36400513906516635,0.5699376932384331,0.6248660033087523,0.4030871966300916,0.3847413184354329,0.580393141129266,0.07595092703752979,0.37253358375148904
0.2648210467868952,0.46792062674197415,0.7342643011958601,0.0,0.5022819877530609,0.11552953994133636,0.23982392413013914,0.0,0.6264454334927857,0.48444934694624486,0.6815056880543564,0.17367719939503162,0.3031824798367192,0.0,0.7892225300914515,0.5942767346720793,0.549390526477818,0.5004903016678502,0.7119118954270907,0.82636169423855,0.27046341477310587,0.0,0.3708334567983884,0.04786095233389645,0.56513543161439,0.4123842680489844,0.5907296274779233,0.5266070562317888,0.5171985058801489,0.5660124775588218,0.34527954316542664,0.0,0.0,0.015289582017130987,0.0,0.0,0.0818250132232765,0.17645437473662212,0.0,0.0,0.04013814197212426,0.0,0.07890964783153537,0.3327342001396342,0.2914546410209823,0.165985559169242,0.595856495198897,0.695011414583365,0.16071834765987406,0.5454576891179524,0.3377240600745205,0.37542899492072757,0.0,0.6367417151157351,0.5195339100479395,0.6432108210046485,0.2740609125521414,0.4304215081169516,0.0,0.6595328484328731,0.47390970444868036,0.4865596082449152,0.42331672232100115,0.7158273064703938,0.7928478212957897,0.2959378581215074,0.7806057662985768,0.18148949595834,0.0,0.5832442325319454,0.4164588676694566,0.5120794099967911,0.5853014628124439,0.5477881861574636,0.03973364661485018,0.2887203988308967
0.3763661255763063,0.5145556071179747,0.47622701306142134,0.0,0.300381339129705,0.7248270181436102,0.10353432599472326,0.6382023005717619,0.4452343241342844,0.5750457649664482,0.3330254799959908,0.5422776835719523,0.38628402099008835,0.1629261682934504,0.4194869375711942,0.21722285604282712,0.5055347900814409,0.49333380867288873,0.4468236985875321,0.30299740987504453,0.29049764544185563,0.3708334567983884,0.0,0.36366362271909003,0.5015896931841516,0.6404137178167169,0.4860255006050975,0.18061370358622506,0.27275522323639256,0.29267223357291544,0.030810165348210156,0.2707952318604376,0.33436773223334054,0.0,0.0,0.0,0.06530208046678998,0.11611223283341465,0.2376614648766176,0.37255447597216174,0.0,0.0,0.0,0.05627819335001588,0.1587746887907164,0.3165425187600264,0.47651131228901,0.39624805066981583,0.1903585713158889,0.41998650312188435,0.6676511817215258,0.15731191109613488,0.4884475010804913,0.5255759486242075,0.5560716760075859,0.4714676887865027,0.6275158493958812,0.5250401732057791,0.0,0.44506713248214524,0.3610736668454161,0.48367955636805626,0.40366744726989684,0.4589978197470541,0.5054483717601388,0.2449776999719171,0.5486224490321174,0.7751044259101169,0.3081267837365004,0.384564407572359,0.631188409182964,0.5007201721390995,0.42455701620804076,0.32772252347529557,0.3520603431550161,0.2534726550201073
0.3993454640698573,0.1368194315169402,0.0,0.0,0.0,0.5608272789248617,0.16261880276435003,0.5156712707411011,0.016918369685968354,0.30167578638651493,0.0,0.5537111578940743,0.3539652467975266,0.20187299122041158,0.1175571067014568,0.0,0.3745950572138528,0.24357954304074647,0.0,0.0,0.41187836485525386,0.04786095233389645,0.36366362271909003,0.0,0.2680733273000806,0.4896909419879086,0.0,0.2512823115983023,0.1918499662704632,0.02470235879787072,0.024718105514541094,0.2947370054980878,0.16258381659317245,0.2749232490183795,0.0,0.018015778266351312,0.12191218960770221,0.2192431418664767,0.21096952910675176,0.1620264699885792,0.1882430432046806,0.0,0.06660710603602232,0.04253398650056872,0.11451558013754184,0.32053653254939724,0.017222058879785174,0.0,0.16441439110694295,0.0,0.2507553936590032,0.0,0.449708951578105,0.026052356547933947,0.2926710395847495,0.0,0.41092348066505,0.3352391427032183,0.06399085226646478,0.2678359189576122,0.03981377626535065,0.19890516653784848,0.3024899872315811,0.0,0.12516933487323886,0.34107596069523755,0.20080772860219195,0.28943868200452005,0.7276609257200877,0.21503724332124194,0.4357272362856005,0.0,0.2088679333756351,0.03353043001839115,0.0,0.05368113685320175
0.5500945725231228,0.8609148642189601,0.3887263433399334,0.0,0.11906329648141135,0.5926426960760214,0.27568232516376245,0.35649387822205447,0.36366885906100777,0.6383101560873665,0.18438490694638687,0.44531944248171695,0.3119989793961684,0.0,0.42998314478125776,0.40547927971042774,0.7001056479617,0.8556219236544456,0.33143642100924287,0.3442196618490067,0.4844907089284358,0.56513543161439,0.5015896931841516,0.2680733273000806,0.0,0.8113363450348253,0.5154705962962675,0.3223529822436922,0.6930973104247719,0.11663706387161826,0.08461976621896916,0.453976127114337,0.3022210488756193,0.0864543283989009,0.0,0.0,0.11945482477552229,0.12372774774902895,0.46191826098818617,0.44808691755824165,0.0,0.0,0.0,0.11069085906548652,0.38238917138262274,0.511553804194288,0.8149822343990386,0.4001526231391564,0.3260629994074253,0.19577649157400617,0.7408935645141881,0.33236436471782344,0.2564203100615189,0.47651426684203746,0.6838550698901436,0.2453486967848256,0.5359803697061502,0.6325256185706692,0.0,0.5886763304056261,0.6221945122795078,0.7683082485864497,0.5697371775230679,0.3341601591988025,0.635193166336194,0.4461919996657707,0.776552610290806,0.4471577458138017,0.1636715323758153,0.8743040326526894,0.8079382004347481,0.5845627439023559,0.7008675373818434,0.7507285668665236,0.37212943252536607,0.4822556201696352
0.6357449763661553,0.7511956511978908,0.25136268401606254,0.0,0.05152566799742622,0.7288041266526692,0.2852507258114678,0.6677143583276024,0.27840392255771584,0.7196323649809543,0.07994371117590846,0.7142184501986658,0.49197777566435064,0.0,0.3228026031603013,0.2537157818657009,0.8153109327633836,0.8161902047175473,0.24280799876515513,0.18342401089429744,0.5543474597944504,0.4123842680489844,0.6404137178167169,0.4896909419879086,0.8113363450348253,0.0,0.351952395430509,0.40538882920376873,0.5049260117628659,0.04995529576148272,0.0,0.4604393082631236,0.43659023184584,0.0,0.0,0.0,0.15547419968072618,0.20158298782726428,0.4148452392593831,0.5118803826986724,0.0,0.0,0.06382503924932138,0.12172506444682758,0.2784745647449913,0.5884844337051522,0.6426131824475335,0.23119742855172837,0.3040087875052932,0.12237113125955484,0.7482189245828734,0.09969602424451302,0.5136897429981185,0.36743282926610316,0.6734067030960855,0.19069150500043147,0.7291003982105155,0.6481258806296115,0.0,0.5083712956035035,0.4574167648351838,0.7463895218842873,0.5442656186030063,0.2755491777543132,0.47612497875690973,0.4507179272007507,0.6531820853755503,0.5478231520390346,0.37444374248878637,0.6692893070294504,0.8835951548067228,0.4070517780069185,0.6336179217807341,0.504584452748266,0.3780551017716574,0.401855827682423
0.1882171976221879,0.4862722770487012,0.760539167170327,0.0,0.6536503679571233,0.28824621356186936,0.3327430945512981,0.0,0.7944718257941674,0.6658855413582357,0.5728545038845465,0.09902249434426437,0.3279941610383444,0.0,0.6859933075207754,0.5372227329779073,0.42043668237565524,0.3542663981048505,0.5298666991379178,0.7447172421046624,0.2701822970783459,0.5907296274779233,0.4860255006050975,0.0,0.5154705962962675,0.351952395430509,0.0,0.1801730450199362,0.5880565047231392,0.44188620695631764,0.46759354854630075,0.07763261948125619,0.05711031462344979,0.0,0.0,0.0,0.0,0.20042763809957675,0.12373179219004538,0.1119962327743203,0.0,0.0,0.10389925797636748,0.19002047849472328,0.20930921866868413,0.08125724965148415,0.6581974350938034,0.7397923095660734,0.2917926606479422,0.7263328702217404,0.31879015385628195,0.6351119961497051,0.0,0.8539580446112245,0.6428946329142087,0.6549749413033508,0.21812430942381872,0.45904308699531843,0.0,0.6601099048722503,0.6423912630259392,0.59250729555629,0.5547490970508553,0.5007989393825522,0.8019205799963138,0.38568298799483125,0.6805625106363421,0.4072325546337521,0.0,0.5830830252395454,0.36738186992719385,0.9107607872320636,0.44784970189235385,0.6806240795330415,0.2632454058168363,0.5415664884673128
0.2901745454217153,0.23685331489801176,0.3460888218347622,0.08018749185000382,0.33528169180748996,0.20908980111441441,0.26600481492816985,0.04059344182105393,0.3333538311773649,0.2689974783030995,0.3503635174369728,0.34100344522004616,0.5655451739731062,0.028455122920120007,0.41242910660590215,0.31392889336659613,0.514020352701414,0.4224765121878446,0.36501843210816654,0.37548396742797974,0.2857385530787944,0.5266070562317888,0.18061370358622506,0.2512823115983023,0.3223529822436922,0.40538882920376873,0.1801730450199362,0.0,0.36329294580678473,0.3028353291118091,0.18432617556798303,0.0,0.0,0.28510940301084303,0.0,0.13610576498921345,0.19831056137407907,0.15248748045529034,0.0,0.0,0.23821954855366967,0.03268224305665031,0.14663886689476047,0.23346203852440822,0.06970848911746509,0.26723913211081124,0.2403783424446363,0.33894433640477883,0.10631590089209492,0.27628298084556757,0.25204863897373964,0.06951837426888302,0.0,0.3137411399329103,0.25486633404899045,0.36947960997847845,0.21256040479622645,0.4414977737871234,0.0,0.4097137500878509,0.11234211561935911,0.20642645146078478,0.33359770222874796,0.39616981089958125,0.34740919084707916,0.2274973681722003,0.37341995816664875,0.06954590606083005,0.19455008665422688,0.29273218923003813,0.30006414095374156,0.15366933517132816,0.5170071673316777,0.23476124636404552,0.0,0.001956425355254754
0.3963501129295089,0.5056083993567493,0.4269525333120728,0.0,0.2511502379919277,0.4396810129249983,0.3199898578125461,0.0,0.46660198002918923,0.5200777548860885,0.29332171240078764,0.057219478188898526,0.5077160010932975,0.0,0.5777447926429489,0.3838372363497038,0.4956820809251579,0.5924160097787788,0.3612345566275169,0.5484783753553765,0.5114491226265585,0.5171985058801489,0.27275522323639256,0.1918499662704632,0.6930973104247719,0.5049260117628659,0.5880565047231392,0.36329294580678473,0.0,0.36307095962286906,0.319329694568116,0.2065564294596218,0.05978958992081557,0.11904475603998206,0.0,0.0,0.10882866256979118,0.15522189308387987,0.20907296973433148,0.13078464764675357,0.0,0.0,0.0,0.1252209408537087,0.16909839621576264,0.3541914376164379,0.6128953957989025,0.4384176451365456,0.25874890610892987,0.30656901732841746,0.36877745229436004,0.47954774465276107,0.0,0.5045077511671128,0.49029687741347994,0.30743471822059104,0.08619785911903871,0.5690566935034148,0.0,0.7252666192622265,0.632344871186445,0.4984422369497833,0.6588902079766283,0.3312202323634271,0.6774384723782407,0.5780272461650022,0.6564365032703814,0.3067808088793187,0.006602915294026401,0.704900590855049,0.5113642268958007,0.6327363865318612,0.4545482451219566,0.7775989949501703,0.14902844906354262,0.42652532706868584
0.0,0.08908224670206738,0.5353748974838974,0.0,0.49183712345462594,0.06378350411008035,0.17046975206428516,0.0,0.5046713803827335,0.3512820342449644,0.5261920830458063,0.04024980138735551,0.3203466162658545,0.15937837977767205,0.5567491542125294,0.38100378080838654,0.25251307577214405,0.08636031294161259,0.5144772832797497,0.646337193548034,0.13932489151794572,0.5660124775588218,0.29267223357291544,0.02470235879787072,0.11663706387161826,0.04995529576148272,0.44188620695631764,0.3028353291118091,0.36307095962286906,0.0,0.5003913402483918,0.0,0.04077484226871299,0.0,0.0,0.0,0.028494677618580128,0.16683081760135324,0.0,0.0,0.0,0.0,0.12751994345062384,0.30760828636854887,0.11598115984700633,0.0,0.22071078615254977,0.48635223933907923,0.1269285974561974,0.49375488758941,0.0,0.3751048883917737,0.0,0.491511408728375,0.326868658129058,0.5677417040952734,0.06591917612763959,0.2738166276283829,0.0,0.4251979296039686,0.2917878121461048,0.16613558543409032,0.26145922684988243,0.4959054013942197,0.4768558051205541,0.20277643001345388,0.412210663658335,0.13836994203885689,0.0208643081397413,0.20771998645426556,0.07152742243219298,0.283207042184942,0.22407567295289985,0.2418829817968683,0.04916217720148858,0.1907697979476758
0.11075591624276676,0.0,0.35870745021601347,0.0,0.47191385642647843,0.0,0.2811482515241791,0.0,0.47548348017822395,0.42473512482334946,0.32154881426938386,0.0,0.25126913941868173,0.0,0.5325244989849041,0.4818355528119689,0.3003505520693738,0.03517089606890217,0.2012118380538809,0.5000791078386679,0.33741209801040817,0.34527954316542664,0.030810165348210156,0.024718105514541094,0.08461976621896916,0.0,0.46759354854630075,0.18432617556798303,0.319329694568116,0.5003913402483918,0.0,0.0,0.09261359991050644,0.0,0.0,0.0,0.0,0.40138796095158435,0.0,0.0,0.0,0.0,0.19338772952937022,0.21335501025133266,0.1653447235713256,0.0,0.23590444177393624,0.28492831733314256,0.3160837755467946,0.4932845800750849,0.0,0.6280870063677539,0.0,0.4770782582027616,0.460634175623611,0.3968397992997109,0.0,0.24003277725037953,0.0,0.5147319798320004,0.3618246225613841,0.26291366330442517,0.3993193579834823,0.11495614206417769,0.44236055362362225,0.4118916443097628,0.3120527555236191,0.0,0.0,0.30378730398421344,0.02902105704736918,0.42995335508569216,0.11896551822877668,0.40466036466761357,0.0,0.3644574267495024
0.39722124724273716,0.37291037801690574,0.0,0.0,0.0,0.4548564392400263,0.0,0.3939680662938076,0.0,0.2922095999727109,0.0,0.2912442061055288,0.0,0.0,0.06861889466586389,0.04253389144682315,0.24970922344735735,0.39525697855210046,0.0,0.0,0.1612868682282101,0.0,0.2707952318604376,0.2947370054980878,0.453976127114337,0.4604393082631236,0.07763261948125619,0.0,0.2065564294596218,0.0,0.0,0.0,0.6498829937651625,0.0,0.0,0.0,0.0,0.0,0.9346168326409885,0.7628703946799817,0.0,0.0,0.0,0.0,0.23590120866457892,0.3990511574491603,0.324971971489053,0.0,0.18750863192749231,0.0,0.514607804251017,0.0,0.3940904576097958,0.020559881480444908,0.3941825612206309,0.0,0.4232009357748908,0.2765234437142695,0.0,0.27225367793064537,0.577952480177944,0.4535240963192785,0.46394894672658604,0.0,0.218061002083771,0.3198480598892899,0.412790958980888,0.3934585906727436,0.20898761384318087,0.3605953907816669,0.47518647295797356,0.24686384700153863,0.38955287126920285,0.398643256029382,0.7475203397472394,0.5748032017473679
0.3523746685678841,0.3212836402250956,0.0,0.0,0.0,0.3909432389792658,0.0,0.457202525668026,0.0,0.392645773610416,0.0,0.3490801619128019,0.0,0.0,0.054549372950803504,0.19697573807795424,0.35452213084223466,0.2818030595824444,0.0,0.0,0.20765076091244059,0.0,0.33436773223334054,0.16258381659317245,0.3022210488756193,0.43659023184584,0.05711031462344979,0.0,0.05978958992081557,0.04077484226871299,0.09261359991050644,0.6498829937651625,0.0,0.0,0.0,0.0,0.0,0.03394112132978733,0.629559737323941,0.8600140287529908,0.0,0.0,0.0,0.0,0.2406813521130965,0.28943680631042945,0.20730521640918287,0.0,0.28832042014709386,0.0,0.32640829097061297,0.0628868949082746,0.39479134203608013,0.026025979944424973,0.41677147405637216,0.0,0.4281318869213232,0.29570966409253563,0.0,0.2398425092191821,0.4712414812405685,0.38510155205378066,0.3045303929827262,0.0,0.10967829522128948,0.2598472254545775,0.30796699297295527,0.39700619813578136,0.12738431344726917,0.2148911673807316,0.39371885000963214,0.15673077145973244,0.27782974791536025,0.22912091750524538,0.7323890737882776,0.5578665029139921
