0.0,0.25404882753633634,0.2957668325006573,0.0,0.1592777850668114,0.05276093370801144,0.07805376272362785,0.019990255463737644,0.2247639874334477,0.29167808923721583,0.416434776551586,0.0,0.12090204562652151,0.0,0.25023622103711884,0.44951128608971647,0.3576153113612208,0.34967941792291324,0.24763484466610586,0.1339903389530212,0.3548106329728048,0.36990014367755636,0.0,0.2657136316559071,0.5014386090957523,0.31888808570337285,0.25446092817393745,0.0,0.36456172411239823,0.0,0.06934468047651854,0.0,0.24046559621359848,0.0,0.26871298329304993,0.0,0.0,0.0,0.0,0.272581171846819,0.0,0.030192131914221515,0.0,0.0,0.02166363867603563,0.5069565055972575,0.2936994040395623,0.15348152476502291,0.0,0.2613098132453277,0.18106660426338225,0.024118619625491416,0.0,0.3038625042943461,0.20768137263502362,0.32042652483282935,0.0,0.0,0.0,0.2764589612133769,0.2177234420747931,0.38485942865841954,0.35021236017352164,0.19011290478233367,0.2706670850877921,0.47394351516379996,0.35435174924212276,0.0,0.2274163568451729,0.4436548622423604,0.4161164685558597,0.26776355679119285,0.0,0.43314176342461624,0.1395267760410027,0.1841105592199308
0.25404882753633634,0.0,0.14747308738411577,0.0,0.23740325426301104,0.759658915269338,0.6007718814384446,0.6284094470064373,0.2899546201749096,0.6064981629477257,0.3487003947963867,0.6115322221737105,0.6267735451829021,0.033705369079431696,0.0,0.34859169093967635,0.5713172344516191,0.6025925219878142,0.33921903257978014,0.3181675252842415,0.2253556248661721,0.34203516157871017,0.612730978053829,0.6330046005854126,0.38126828748396174,0.8648713017621957,0.36995289682684895,0.0,0.22307712292071658,0.0,0.0,0.0,0.04081641660174554,0.0,0.03972298319730325,0.21753222385033552,0.0,0.0,0.0,0.0,0.0,0.0,0.20144375411597495,0.07394897678191181,0.0,0.0,0.502724896456662,0.23509365195438753,0.0,0.1987716931982162,0.5507069163138405,0.23551694083239944,0.46445031350717303,0.32640256513616805,0.23028215352252457,0.3448936138832927,0.505269269873647,0.3942279073953594,0.0,0.20265140291300587,0.0,0.2757837738101369,0.16968692208342412,0.3303172700340726,0.1261303200687038,0.0,0.0,0.38042414231185734,0.4362142136807148,0.11160554744892986,0.5091763321119124,0.21357901234180457,0.0,0.0,0.0,0.0
0.2957668325006573,0.14747308738411577,0.0,0.0,0.5664379667091941,0.2807505475379093,0.17260535917296668,0.21853056941622634,0.6271036979710172,0.25261524983581607,0.7445282989624695,0.1760783437130146,0.4429887888315021,0.17734158262761773,0.2927619078827356,0.28665828378113606,0.1857745654168751,0.2669006132445148,0.4138537535834531,0.41315664585948353,0.2550400816198953,0.2815901328208452,0.1834517621159309,0.1608542949484147,0.24785211374383584,0.26465049058731566,0.506917669109952,0.0,0.35944049393077504,0.1166944366697304,0.0,0.0,0.13891798305558548,0.0,0.0,0.0,0.0,0.13071045287359845,0.0,0.113407751036116,0.0,0.0,0.0,0.0,0.15806109550189418,0.03260423371908147,0.0024989739078249973,0.6378406529761592,0.0,0.6579588129005671,0.2141256560605771,0.30476105677596876,0.17314557186378834,0.625811796861187,0.2443200223517124,0.7203412680114587,0.08404275352699447,0.2624017503443913,0.0,0.37370279685398766,0.0,0.37518896349987574,0.16250717728582753,0.31792931677583347,0.500050983098408,0.18531857175946892,0.3220790152885269,0.21335297877060722,0.0022405350545726677,0.22374362617380147,0.18963673456952368,0.4773055073450627,0.07811983591310168,0.28139625660337503,0.12736226197331557,0.0
0.0,0.0,0.0,0.0,0.07839806355934226,0.0,0.07980008934851601,0.0,0.0,0.0,0.0,0.0,0.0,0.25854032340260047,0.0,0.0,0.0,0.0,0.0,0.0,0.0,0.0,0.0,0.0,0.0,0.0,0.0,0.3053816518025585,0.0,0.0,0.25074002504949255,0.49791916026858757,0.07803141333035599,0.30551153116356655,0.04095037028801772,0.3894634479620034,0.48337351519708727,0.17738889875561512,0.4719754618387887,0.14323013053798675,0.3009092298299043,0.25465119304426076,0.44879678504425885,0.45052116530280006,0.011458948823695636,0.04741828782260411,0.012521421524019333,0.0,0.5676632989340138,0.0,0.0,0.056022248280234915,0.0,0.0,0.0,0.0,0.08920705135348415,0.05752001217727329,0.49500217169244554,0.0,0.0,0.0,0.0,0.0,0.0,0.0,0.0,0.0,0.0,0.0,0.0,0.0,0.4381788959419319,0.0,0.017758176207262708,0.2709109555878395
0.1592777850668114,0.23740325426301104,0.5664379667091941,0.07839806355934226,0.0,0.41138417324250387,0.3181629491245976,0.22772294124450743,0.6265712095382792,0.2371713281924755,0.6049245389108739,0.30529244889848334,0.4413768878440438,0.4556777657818267,0.17658172549052267,0.12396835521391819,0.09215988687445095,0.03716648118074897,0.4000517464828313,0.45025657436938654,0.00750900516058961,0.30177293783787573,0.38837180415232847,0.20488895546177058,0.05682366258813318,0.20508539820644797,0.5200402503329948,0.1074729561620929,0.3299901040418679,0.09489331288897562,0.04542535083390137,0.0417899589642519,0.11470714929206773,0.0,0.0,0.1606313569186116,0.0,0.13991827932550938,0.016916339530256744,0.1904374556594805,0.0,0.0,0.20575338938933466,0.05781961804362257,0.1222074013058148,0.030072566937934364,0.04964742304641595,0.546565521566367,0.0,0.6563565158448897,0.20203861936466969,0.3838586749485601,0.2839694401725843,0.47751428050834976,0.18735123155888772,0.5732346196406904,0.25438066007236154,0.3132530433658645,0.1822064991761645,0.2941472334094672,0.0,0.18894943788303514,0.0,0.3603052225318438,0.384828873824974,0.042322055596668545,0.18393704942578232,0.2765806288803878,0.0,0.0,0.1472240210032958,0.4814627877814587,0.15288307190619002,0.06620495963452128,0.10554790703970679,0.0
0.05276093370801144,0.759658915269338,0.2807505475379093,0.0,0.41138417324250387,0.0,0.521403635747723,0.809823536698989,0.6069532351844553,0.45866817168969304,0.4788948141639709,0.7952701252680048,0.8250044395926294,0.10942477633140471,0.21055089082473488,0.13651859097743313,0.3638169882369368,0.4443830943007087,0.5797110610314155,0.5778527653793737,0.22266193869656553,0.3559784214118777,0.89407797052942,0.6071661826918968,0.0,0.7797137820992442,0.5813455129144605,0.04191891572740353,0.2648770542246,0.0941006072682507,0.0,0.0,0.0,0.0,0.0,0.28192386790805724,0.0,0.0,0.0,0.0,0.0,0.0,0.2960968940446608,0.04549834795004577,0.0060422588020349055,0.0,0.20898310677202658,0.5375345773233523,0.0,0.42655496823148337,0.753869591402405,0.28520376494373273,0.7400483618539155,0.5892621399562094,0.0,0.5294581195219143,0.6590056474823704,0.47803838432520596,0.0,0.3959525407809119,0.0,0.1276308620244027,0.02820455707398062,0.5424333258773695,0.30966569725229137,0.0,0.0,0.7148294744702006,0.4090382861959284,0.0,0.4676024859764696,0.43321653504097357,0.0,0.0,0.0,0.0
0.07805376272362785,0.6007718814384446,0.17260535917296668,0.07980008934851601,0.3181629491245976,0.521403635747723,0.0,0.44342768958180223,0.24897270943102542,0.6774183689297925,0.35307139487620665,0.44175767613175915,0.44680883880997785,0.06688050979977811,0.0,0.1375243113904638,0.41999960600182346,0.32540827035019165,0.22277478125871916,0.2862627940087843,0.2633172156470719,0.15184708821348222,0.4363779968756869,0.3929677967149734,0.2643105879858927,0.4766089286048104,0.29837445770773596,0.0270187793977556,0.3935155991952691,0.08263178230086912,0.0,0.0,0.0,0.0,0.0,0.21285712879851626,0.0,0.0,0.0,0.0,0.0,0.0,0.17999248304132642,0.06233457264526032,0.0,0.0,0.3421902582380697,0.2376013651894741,0.0,0.3626812023507354,0.40256543375538967,0.3973251742042607,0.32324962995197887,0.35327530324864215,0.30394954242031774,0.40165144935345215,0.40790733958554093,0.2284926329186306,0.0,0.17269724644640455,0.0,0.20103998835787135,0.0,0.2275719847063756,0.17864691435025892,0.04144736895266318,0.0,0.3504167890527645,0.18758490560425461,0.09358671828267545,0.34759029629524674,0.24496576629462688,0.0,0.046446299008729985,0.0,0.0
0.019990255463737644,0.6284094470064373,0.21853056941622634,0.0,0.22772294124450743,0.809823536698989,0.44342768958180223,0.0,0.4677435498682311,0.3184216900612206,0.3769076806152555,0.7742145246278684,0.6326174954599987,0.1513282126473931,0.22344135203519783,0.0,0.2948142837898341,0.2804661906160389,0.4833476125787603,0.4744154400743713,0.2931341899888619,0.2581734011217309,0.8708997467930348,0.5519928565009486,0.0,0.6788705958442691,0.4017115340837769,0.0,0.13504161544939164,0.1525176444408589,0.0,0.0,0.0,0.0,0.0,0.2949864939825819,0.0,0.08713860107185041,0.0,0.0,0.0,0.0,0.3102385918523801,0.0,0.0,0.0,0.1451534397742035,0.46979964903829674,0.0,0.31378500273575893,0.7524092649825822,0.14947194605952013,0.787993312404608,0.5407758322513653,0.0,0.41912973317326296,0.7189260960042725,0.40831327177845306,0.0,0.408794400101935,0.0,0.048690514844945076,0.0,0.4805819473106076,0.19894934921334173,0.0,0.0,0.8057616342337244,0.3648459060627012,0.0,0.38492594217110865,0.2934647985848646,0.0,0.0,0.0,0.0
0.2247639874334477,0.2899546201749096,0.6271036979710172,0.0,0.6265712095382792,0.6069532351844553,0.24897270943102542,0.4677435498682311,0.0,0.24852045219242366,0.7083516720818298,0.4333108884285985,0.5954430599259736,0.015766784083305646,0.4115167388124363,0.07316658283268299,0.21112388961124268,0.25355787864479323,0.5295497631168032,0.717053963561772,0.21926375911652232,0.46315925575640793,0.5238952346611447,0.22407569397409932,0.08143722225719327,0.37505542287215377,0.846572206947948,0.07341522341574763,0.46850751323452255,0.13295245207241943,0.0,0.0,0.0,0.0,0.0,0.0,0.0,0.1261044632547496,0.0,0.0,0.0,0.0,0.0,0.0,0.17707074276895732,0.0,0.0,0.7579919623124362,0.0,0.6681542101850229,0.5070310359774665,0.30982024392468793,0.4859228665341837,0.885218569533138,0.0,0.6887572224257678,0.3377697698140017,0.23494752744663389,0.0,0.5332110429743819,0.0,0.06446735033456472,0.0,0.5064498874859079,0.5828015303731744,0.0590501901299646,0.1735227082919341,0.5351560911591838,0.11283595804858425,0.0,0.2989756874338699,0.805742541688051,0.0,0.08068023702869728,0.12275478274162424,0.0
0.29167808923721583,0.6064981629477257,0.25261524983581607,0.0,0.2371713281924755,0.45866817168969304,0.6774183689297925,0.3184216900612206,0.24852045219242366,0.0,0.5124974264624271,0.47941548916900123,0.34269695995629385,0.034929442013413414,0.09161901561700428,0.3219793505497365,0.6388028198775284,0.43424023323868194,0.34420033050759796,0.21166460268195122,0.32905880542095295,0.2737669213003011,0.3401572121919519,0.561231794775165,0.5724350662755234,0.571381486713793,0.34060190028323506,0.0,0.45929874986185604,0.0,0.0,0.0,0.0,0.0,0.10749312489437526,0.033234256568834886,0.0,0.0,0.0,0.04641196857754906,0.0,0.0,0.0,0.0,0.0,0.1325426224401985,0.600178383799299,0.28197700877364845,0.0,0.40104836159761986,0.505331830504418,0.4032436832969257,0.2892673831804856,0.34314627286945054,0.5482571850952587,0.49031617292676716,0.3704115988639508,0.3892070062845632,0.0,0.16285360884990052,0.012859930329798486,0.5282910279230496,0.39058962198206204,0.35053774039025326,0.18575271721261338,0.2002493505898394,0.14019930930851374,0.29759073791974916,0.41250342801237905,0.4602478544378629,0.6079188201687035,0.3335652866847805,0.0,0.2577954261280122,0.019482877663592607,0.03608290943135484
0.416434776551586,0.3487003947963867,0.7445282989624695,0.0,0.6049245389108739,0.4788948141639709,0.35307139487620665,0.3769076806152555,0.7083516720818298,0.5124974264624271,0.0,0.3604459896042729,0.4593894841732104,0.2195055710984017,0.3402584498208123,0.3357733408661715,0.3033915373005961,0.29289405886878883,0.6461828039322798,0.5112885916684003,0.3962180470785741,0.4227871203513595,0.4179545502274795,0.3191658629489238,0.3363071004244098,0.43208358995349333,0.6504002243658493,0.0,0.6187310972939621,0.07169509102110422,0.0,0.0,0.0918532032117371,0.0,0.0,0.0,0.0,0.0846635002868874,0.0,0.07705785338665438,0.0,0.0,0.0,0.0,0.1270099678857679,0.11415282239574612,0.22858315154500325,0.6843606184258064,0.0,0.7385864172357305,0.42473828755874365,0.39676366147706965,0.414424137024278,0.7366775553962259,0.3543979055364326,0.8901946940807705,0.23908169314133354,0.2944025346020173,0.0,0.43663889980738974,0.0,0.39389595858530313,0.23044158345845717,0.5603521037869141,0.455655048323771,0.37038399498265007,0.2770753290250523,0.44773581508588284,0.17186626582186784,0.3266543681239461,0.46782967298597566,0.5358422309684944,0.0,0.32500961026593744,0.032146983959287584,0.0
0.0,0.6115322221737105,0.1760783437130146,0.0,0.30529244889848334,0.7952701252680048,0.44175767613175915,0.7742145246278684,0.4333108884285985,0.47941548916900123,0.3604459896042729,0.0,0.6400848406490588,0.15639425792616546,0.14681780237755104,0.0,0.43334744084348714,0.30062446589167585,0.4399819072084087,0.4292174871222312,0.18636263681658907,0.2524849200477681,0.7711850262151903,0.6601869404835452,0.0,0.7044445966106163,0.373802928404366,0.0,0.08893778323954679,0.04359241319340679,0.0,0.0,0.0,0.0,0.0,0.3550637790165978,0.0,0.027257751432498645,0.0,0.0,0.0,0.0,0.3573579813961215,0.09024072115380193,0.02498114318013306,0.0,0.20266835154996543,0.4264363542922623,0.0,0.31409392150997073,0.6979658982494847,0.16484545662009886,0.7086570870268301,0.4511629352795807,0.03965690534696714,0.4212097277672367,0.7875966432395581,0.5511555502675849,0.0,0.30541174235757884,0.0,0.1726193656786304,0.0,0.4179526910119159,0.14360366392310778,0.0,0.0,0.664561875130693,0.39551699866272777,0.0,0.4388007855492722,0.2809266477626403,0.0,0.0,0.0,0.0
0.12090204562652151,0.6267735451829021,0.4429887888315021,0.0,0.4413768878440438,0.8250044395926294,0.44680883880997785,0.6326174954599987,0.5954430599259736,0.34269695995629385,0.4593894841732104,0.6400848406490588,0.0,0.012716248902926802,0.2780317428317195,0.3552211200144289,0.3879351601361092,0.6157704722547193,0.48452294309244115,0.6506824066749739,0.22279388736782768,0.4365477561159737,0.6258005799999691,0.39810681578304236,0.025745118890456886,0.7278496119949366,0.5093247758500756,0.30650560861599574,0.2408051537115583,0.14629850431859368,0.0,0.0,0.0,0.0,0.0,0.1626491219275769,0.0,0.0,0.0,0.0,0.0,0.0,0.2252914373044687,0.02138527563139224,0.016141972125617687,0.0,0.10970943657839599,0.5147948727587228,0.0,0.4442846904289675,0.5195352295078798,0.2216925930843445,0.5357344089311085,0.5751891574741759,0.0,0.5336755446654431,0.4549017734382274,0.4843334373002961,0.0,0.4399101936247463,0.0,0.2140283372170225,0.1034748851503364,0.44764294785780323,0.4261628757602011,0.0,0.0,0.46089468213648027,0.1712285218364988,0.0,0.3531350594651796,0.37184865514566134,0.0,0.0,0.11640953086552847,0.0
0.0,0.033705369079431696,0.17734158262761773,0.25854032340260047,0.4556777657818267,0.10942477633140471,0.06688050979977811,0.1513282126473931,0.015766784083305646,0.034929442013413414,0.2195055710984017,0.15639425792616546,0.012716248902926802,0.0,0.0,0.0,0.0,0.0,0.1864753811203407,0.0,0.0,0.0,0.2714513255559582,0.09476274442226047,0.0,0.0,0.0,0.0,0.0556846665309247,0.0,0.3693029085311188,0.24015022796422741,0.03755624374317511,0.20604272310039667,0.0,0.329797254565339,0.06796722273824597,0.14844436627253038,0.17914937976101972,0.0,0.10100744899843003,0.0,0.35941808830352534,0.25905214693406425,0.08368084267932335,0.0,0.0,0.07793653040690299,0.358869137511999,0.2640014654832007,0.0,0.19032352971939248,0.19653647325467874,0.0,0.29695155012820923,0.2424710113275333,0.1774250118930648,0.2531294699629238,0.4290937193419976,0.0,0.0,0.12053508223282278,0.0,0.19190017522676311,0.0,0.0,0.0,0.18651425451198048,0.0,0.0,0.0,0.0,0.14705419030192804,0.0,0.0,0.022009209679169597
0.25023622103711884,0.0,0.2927619078827356,0.0,0.17658172549052267,0.21055089082473488,0.0,0.22344135203519783,0.4115167388124363,0.09161901561700428,0.3402584498208123,0.14681780237755104,0.2780317428317195,0.0,0.0,0.2129065834541513,0.07547049832879227,0.15783184683013296,0.398161365085259,0.5899103853207261,0.44591279216557456,0.5687200329964278,0.21299889590194707,0.0,0.041858931029381374,0.09899094270108189,0.4030035542188317,0.11630151432619079,0.5039287479924912,0.30907231188731565,0.028811157565692358,0.0,0.0,0.0,0.0,0.0,0.0,0.17911908699238402,0.0,0.0,0.0,0.0,0.0,0.0,0.1433978805205508,0.07204474394499899,0.0,0.35387570563067045,0.0,0.2374909208168951,0.28750261218917117,0.0,0.25516338573609554,0.447376675450074,0.0,0.2816060801291362,0.08632773865051405,0.2043630036326963,0.0,0.6221864524895155,0.060407173728688535,0.10838480341838753,0.13975886977286262,0.42300110249858897,0.425505269479859,0.3469202867659119,0.3127733443629537,0.3296703257218804,0.0,0.11163654578257909,0.20985181457608454,0.31997969007902904,0.0,0.2260816790999542,0.20269162518395092,0.0
0.44951128608971647,0.34859169093967635,0.28665828378113606,0.0,0.12396835521391819,0.13651859097743313,0.1375243113904638,0.0,0.07316658283268299,0.3219793505497365,0.3357733408661715,0.0,0.3552211200144289,0.0,0.2129065834541513,0.0,0.408854103230168,0.6844967959693348,0.2944218105888961,0.16662503758760724,0.31929231025029353,0.4859695788895594,0.0,0.07245274302479912,0.5103538689435148,0.4242046771432369,0.1196977040292257,0.0,0.35310689091639574,0.0,0.2324193044469487,0.0,0.239107126404159,0.13294653628723996,0.010762837823958038,0.0,0.0,0.0,0.0,0.22587349053903483,0.0,0.0,0.0,0.0,0.0,0.24273012634380328,0.24079616350499072,0.05550796767705207,0.0,0.09715767566328405,0.0,0.0,0.0,0.1283178257194034,0.2769281579133422,0.23453735465238768,0.0,0.0894564340221691,0.0,0.2149542795224071,0.3524537630615272,0.4162515040112855,0.4643469679855203,0.21122775474416183,0.23030657522125472,0.39269083104302593,0.35420713504079065,0.0,0.0,0.353422689648606,0.25762702735646,0.0,0.0,0.2852128644417507,0.05282081192105509,0.20880191196841527
0.3576153113612208,0.5713172344516191,0.1857745654168751,0.0,0.09215988687445095,0.3638169882369368,0.41999960600182346,0.2948142837898341,0.21112388961124268,0.6388028198775284,0.3033915373005961,0.43334744084348714,0.3879351601361092,0.0,0.07547049832879227,0.408854103230168,0.0,0.6794440330889342,0.1688572291763994,0.20310577974173566,0.2012378238169108,0.3205114743838574,0.21784215027873158,0.4974231663980046,0.5417999981715974,0.6443074078153583,0.18425322411154643,0.0,0.18546452709517353,0.0,0.0,0.0,0.06657479654273626,0.0,0.15922495669071243,0.0521617246600279,0.0,0.0,0.0,0.10692307509361446,0.0,0.0,0.0,0.0,0.0,0.03410235761542829,0.4262739349937595,0.13992610289882484,0.0,0.1638901123869945,0.38928411523917156,0.03847085861881405,0.18255080190684575,0.27454456067025756,0.20741219158799756,0.24299086308240087,0.2575053090429826,0.3296669244605867,0.0,0.11500742025809887,0.0,0.41435564823729987,0.39073529194220663,0.13290327149283127,0.17464658426753554,0.1133407441492017,0.21281170365435612,0.12739646169245747,0.3059098704580736,0.25784037674834015,0.509094974322936,0.22407060976922824,0.062130454384919265,0.04649193098608992,0.13751322252062387,0.0
0.34967941792291324,0.6025925219878142,0.2669006132445148,0.0,0.03716648118074897,0.4443830943007087,0.32540827035019165,0.2804661906160389,0.25355787864479323,0.43424023323868194,0.29289405886878883,0.30062446589167585,0.6157704722547193,0.0,0.15783184683013296,0.6844967959693348,0.6794440330889342,0.0,0.2751375568069089,0.32066307342713607,0.2742830412856954,0.4751250293784272,0.13402313389347034,0.22369366558428336,0.5150309901366178,0.6941301567420566,0.23480075551505694,0.11857026646407459,0.1980607062814742,0.0,0.0,0.0,0.08392516287085836,0.0,0.03917378489036685,0.0,0.0,0.0,0.0,0.09783868996853501,0.0,0.0,0.0,0.0,0.0,0.0,0.29148543287779616,0.1614465911085124,0.0,0.07296136414364222,0.2740581665223397,0.0,0.07660998851263022,0.30107603630348384,0.07982577951688258,0.25891323447228787,0.08751089358944295,0.1738884906668664,0.0,0.24772620135108825,0.06022858084003807,0.35458450799450136,0.4888908318413666,0.22181463727704454,0.2707009508023196,0.13655228556531007,0.2712637389855219,0.0062543550999437925,0.11057070950036998,0.211992007994916,0.3709162249364566,0.19830690167274762,0.0,0.03841401905396452,0.07938122985730028,0.0
0.24763484466610586,0.33921903257978014,0.4138537535834531,0.0,0.4000517464828313,0.5797110610314155,0.22277478125871916,0.4833476125787603,0.5295497631168032,0.34420033050759796,0.6461828039322798,0.4399819072084087,0.48452294309244115,0.1864753811203407,0.398161365085259,0.2944218105888961,0.1688572291763994,0.2751375568069089,0.0,0.591229313849848,0.31599193896803707,0.5628060287214864,0.5289834023587849,0.33623370417348764,0.059429609983910836,0.41540675442732533,0.5467168919108837,0.0,0.4927002272917339,0.23427435276266778,0.02029154006687789,0.0,0.0,0.0,0.0,0.12215979497894619,0.0,0.08235886120505476,0.0,0.0,0.0,0.0,0.12353816592371829,0.0,0.04591656010894035,0.10900594572932153,0.17656473045191867,0.5671298974389241,0.0,0.4657588136038527,0.5033090502024052,0.2768560986042399,0.5243444735609181,0.4957261402450234,0.1678200390379856,0.5778222250096987,0.4078537166857572,0.3697024973044854,0.0,0.37160831253408894,0.0,0.3236103495781154,0.21248933732597325,0.8356191715349249,0.359130411545647,0.26595446085941526,0.2292903688962374,0.5148186782632248,0.2695089313715326,0.07428878153078292,0.4210757214756732,0.3328355027804638,0.0,0.059448907934429224,0.013133555257648893,0.0
0.1339903389530212,0.3181675252842415,0.41315664585948353,0.0,0.45025657436938654,0.5778527653793737,0.2862627940087843,0.4744154400743713,0.717053963561772,0.21166460268195122,0.5112885916684003,0.4292174871222312,0.6506824066749739,0.0,0.5899103853207261,0.16662503758760724,0.20310577974173566,0.32066307342713607,0.591229313849848,0.0,0.3070641236318704,0.7059340557984152,0.5196438873112992,0.1689245287896906,0.0,0.4000311071625761,0.6765305190032853,0.2663556364181879,0.46895220438776264,0.3885485555829644,0.0,0.0,0.0,0.0,0.0,0.09745505582099769,0.0,0.105378402313715,0.0,0.0,0.0,0.0,0.09993190316149159,0.0,0.09869240452159966,0.0,0.0,0.6140998811941815,0.0,0.45529090273936235,0.4615040202926426,0.2631981773352219,0.5228985784257419,0.6448209102449245,0.0,0.5032247331891623,0.34682998697139017,0.3930917496936884,0.0,0.6256818619192666,0.0,0.03530815176467947,0.0,0.5845987538779353,0.6661162911612191,0.13022023049013398,0.2919681384266961,0.5062312257472471,0.11927880840906054,0.0,0.26626898947055905,0.5295896663380241,0.0,0.0,0.15814050700653237,0.0
0.3548106329728048,0.2253556248661721,0.2550400816198953,0.0,0.00750900516058961,0.22266193869656553,0.2633172156470719,0.2931341899888619,0.21926375911652232,0.32905880542095295,0.3962180470785741,0.18636263681658907,0.22279388736782768,0.0,0.44591279216557456,0.31929231025029353,0.2012378238169108,0.2742830412856954,0.31599193896803707,0.3070641236318704,0.0,0.3962644857412114,0.17547437748070005,0.1560992789156342,0.2541551641314291,0.3087288841729157,0.27860233209243623,0.0,0.5488663035174939,0.15973395306927168,0.15132526348333653,0.0,0.0,0.0,0.0,0.0,0.0,0.2182731231109952,0.0,0.0,0.0,0.0,0.0,0.0,0.034790859401337915,0.17729237008708532,0.2732732743257289,0.20369968875099,0.0,0.21219026086469078,0.37784637684133965,0.0,0.30828957236114374,0.36114459190465836,0.2494954974992255,0.3695138845574157,0.07178797957488253,0.18046900815558614,0.0,0.41316868135802676,0.08256693796106898,0.2657785850634609,0.2694504037835081,0.3133976611308741,0.18183512860718268,0.6435527176410646,0.1876814227051102,0.34789661951990164,0.1300914667568718,0.32238902697523497,0.47471717680480197,0.14163357480658642,0.0,0.25596609158016415,0.0,0.0
0.36990014367755636,0.34203516157871017,0.2815901328208452,0.0,0.30177293783787573,0.3559784214118777,0.15184708821348222,0.2581734011217309,0.46315925575640793,0.2737669213003011,0.4227871203513595,0.2524849200477681,0.4365477561159737,0.0,0.5687200329964278,0.4859695788895594,0.3205114743838574,0.4751250293784272,0.5628060287214864,0.7059340557984152,0.3962644857412114,0.0,0.24941572153203279,0.14425882775430138,0.2653269275142424,0.4009985618586427,0.5922122733322566,0.2175698386539457,0.5246871754538328,0.234057368266547,0.0,0.0,0.07613835068075332,0.0,0.0,0.0,0.0,0.07541277268857748,0.0,0.0906981866166691,0.0,0.0,0.0,0.0,0.0,0.19850984385300896,0.22864250740443393,0.351794652151739,0.0,0.2504537651320163,0.32073065985512067,0.11612776563851024,0.2636868262927843,0.4179132621328713,0.06884691955609074,0.3330570141524146,0.16512474894240153,0.26002459919197596,0.0,0.5311600454206679,0.05081678287835689,0.20766119929313498,0.28691589694500885,0.4910248378560457,0.49182997064673023,0.38874088004392776,0.4938061223301817,0.24175784070669576,0.15586646998752543,0.18967786258566466,0.40351411630453415,0.36595367253622413,0.04846003674735988,0.1881163583901142,0.14854060374861966,0.0
0.0,0.612730978053829,0.1834517621159309,0.0,0.38837180415232847,0.89407797052942,0.4363779968756869,0.8708997467930348,0.5238952346611447,0.3401572121919519,0.4179545502274795,0.7711850262151903,0.6258005799999691,0.2714513255559582,0.21299889590194707,0.0,0.21784215027873158,0.13402313389347034,0.5289834023587849,0.5196438873112992,0.17547437748070005,0.24941572153203279,0.0,0.5900443617826409,0.0,0.6291257056001484,0.49154374335762563,0.0,0.2111593985128086,0.1407290630473389,0.0,0.0,0.0,0.0,0.0,0.4223504650704716,0.0,0.03964758689213782,0.0,0.0,0.0,0.0,0.40012319335846264,0.10706348101090238,0.02277429703059855,0.0,0.17368672524426515,0.5158353751259172,0.0,0.41246750138276655,0.7581845496435047,0.22665049517345787,0.8811307850152669,0.5066639027949562,0.0,0.4777481854899936,0.7446312032664861,0.5076520313603998,0.0,0.35986415021616736,0.0,0.009175805170295204,0.0,0.5379436898027669,0.25388838734076125,0.0,0.0,0.8801711357681408,0.4106925572208464,0.0,0.4373238846373195,0.38165765287988834,0.0,0.0,0.0,0.0
0.2657136316559071,0.6330046005854126,0.1608542949484147,0.0,0.20488895546177058,0.6071661826918968,0.3929677967149734,0.5519928565009486,0.22407569397409932,0.561231794775165,0.3191658629489238,0.6601869404835452,0.39810681578304236,0.09476274442226047,0.0,0.07245274302479912,0.4974231663980046,0.22369366558428336,0.33623370417348764,0.1689245287896906,0.1560992789156342,0.14425882775430138,0.5900443617826409,0.0,0.2135737901439134,0.7442562008103424,0.20602397832169753,0.0,0.05058560986730877,0.02443031582334007,0.0,0.07477685857880781,0.0016739462247236103,0.0,0.10831412672399005,0.26509768060854394,0.0,0.0,0.10934175593481119,0.0,0.0,0.0,0.30250811737917604,0.1092358289852555,0.0,0.0,0.44340187455160907,0.22894801492919356,0.0,0.30482518409172654,0.5959997611806411,0.16143730666571027,0.5259640712232185,0.27973201906277434,0.2413753023698917,0.36541662547783105,0.6124155090755529,0.46653228101564803,0.0,0.10741107081326665,0.0,0.38087679535776575,0.09960068373435893,0.29417286087096184,0.11158025391012627,0.0,0.0,0.4726016934460014,0.6543201545300256,0.004977897926898178,0.603645299139167,0.15873292563095381,0.0,0.0,0.0,0.0
0.5014386090957523,0.38126828748396174,0.24785211374383584,0.0,0.05682366258813318,0.0,0.2643105879858927,0.0,0.08143722225719327,0.5724350662755234,0.3363071004244098,0.0,0.025745118890456886,0.0,0.041858931029381374,0.5103538689435148,0.5417999981715974,0.5150309901366178,0.059429609983910836,0.0,0.2541551641314291,0.2653269275142424,0.0,0.2135737901439134,0.0,0.30342455749618863,0.1990564010875771,0.0,0.4222453401568193,0.0,0.0,0.04741643093759815,0.32514441942689215,0.024537012226305638,0.2840131911386212,0.0,0.0,0.0,0.06194405401976241,0.3760103675594437,0.06679158996509196,0.18173278533681764,0.0,0.0,0.0,0.46285793492612004,0.5934211930749277,0.0,0.0,0.08004589756725922,0.09614937077741348,0.17428906499261804,0.0,0.1142695903640191,0.4493079299870656,0.17956350502488988,0.0,0.0,0.0,0.0,0.5030638694576366,0.4558220677757936,0.6480228451066432,0.0,0.14184897875895772,0.3528851173610762,0.42750767437131243,0.0,0.23230544395120503,0.7772917181248727,0.4757348486721194,0.222162447130492,0.11273523046300926,0.5842003191391317,0.14753961631314366,0.4273950918026927
0.31888808570337285,0.8648713017621957,0.26465049058731566,0.0,0.20508539820644797,0.7797137820992442,0.4766089286048104,0.6788705958442691,0.37505542287215377,0.571381486713793,0.43208358995349333,0.7044445966106163,0.7278496119949366,0.0,0.09899094270108189,0.4242046771432369,0.6443074078153583,0.6941301567420566,0.41540675442732533,0.4000311071625761,0.3087288841729157,0.4009985618586427,0.6291257056001484,0.7442562008103424,0.30342455749618863,0.0,0.3749174114759823,0.0,0.1703185850966977,0.0289878068673822,0.0,0.0,0.03862701240093902,0.0,0.036810332351186914,0.16767173164313606,0.0,0.0,0.0,0.0,0.0,0.0,0.18656668345706653,0.0,0.0,0.0,0.4291824219121295,0.312458048703988,0.0,0.2686897430217881,0.6141889727547023,0.08672591242106285,0.5630517588219334,0.42069342104743523,0.15449596287611325,0.4384876137141498,0.5496784051253141,0.45795395330087196,0.0,0.27347065600402803,0.0,0.33761053576180855,0.20206424564349978,0.3604904161559532,0.20570147671579103,0.0,0.0,0.45915578836662485,0.5010329100741212,0.043113628435792695,0.6390509344269623,0.20466563734550072,0.0,0.0,0.0,0.0
0.25446092817393745,0.36995289682684895,0.506917669109952,0.0,0.5200402503329948,0.5813455129144605,0.29837445770773596,0.4017115340837769,0.846572206947948,0.34060190028323506,0.6504002243658493,0.373802928404366,0.5093247758500756,0.0,0.4030035542188317,0.1196977040292257,0.18425322411154643,0.23480075551505694,0.5467168919108837,0.6765305190032853,0.27860233209243623,0.5922122733322566,0.49154374335762563,0.20602397832169753,0.1990564010875771,0.3749174114759823,0.0,0.043145207492747695,0.5830031012326888,0.14090931901067463,0.0,0.0,0.0,0.0,0.0,0.0,0.0,0.06039975665438545,0.0,0.0,0.0,0.0,0.0,0.0,0.1095036588163837,0.022522360658267293,0.09396014998884611,0.6541443261858277,0.0,0.5418559493837185,0.49553013183836797,0.37313260265723563,0.42213881031349626,0.7555871870592155,0.0,0.6029954453681446,0.2644282948510639,0.1698472574874124,0.0,0.4817632465657157,0.0,0.06077832701373728,0.050415681389295364,0.5017336597179731,0.558340297297453,0.12991829363941265,0.23150106704397178,0.5071452712772436,0.15447552988156676,0.12658257030305103,0.32256194509018543,0.7901762604185055,0.0,0.20454356148296832,0.0,0.0
0.0,0.0,0.0,0.3053816518025585,0.1074729561620929,0.04191891572740353,0.0270187793977556,0.0,0.07341522341574763,0.0,0.0,0.0,0.30650560861599574,0.0,0.11630151432619079,0.0,0.0,0.11857026646407459,0.0,0.2663556364181879,0.0,0.2175698386539457,0.0,0.0,0.0,0.0,0.043145207492747695,0.0,0.0,0.3128092256807197,0.17016960528004133,0.33482364533858666,0.1311542998877592,0.13427087062766668,0.07472303369170365,0.1806080460477002,0.3353288033681279,0.11594746001371399,0.22536645464655708,0.06465581161252752,0.14356401665214563,0.20409160166337487,0.2581694326271244,0.2798273492675029,0.0641003910296585,0.08030335747699816,0.0,0.012319981071551411,0.3059754579084831,0.0,0.0,0.038236787365030556,0.0,0.0,0.0,0.0,0.13105018302545599,0.16591749712132717,0.17710883794719223,0.030393990184793274,0.0,0.0,0.0,0.0,0.1926136816778528,0.0,0.16487604405079137,0.0,0.0,0.0,0.0,0.0,0.599392318968069,0.0,0.31418230422530713,0.11099716162997683
0.36456172411239823,0.22307712292071658,0.35944049393077504,0.0,0.3299901040418679,0.2648770542246,0.3935155991952691,0.13504161544939164,0.46850751323452255,0.45929874986185604,0.6187310972939621,0.08893778323954679,0.2408051537115583,0.0556846665309247,0.5039287479924912,0.35310689091639574,0.18546452709517353,0.1980607062814742,0.4927002272917339,0.46895220438776264,0.5488663035174939,0.5246871754538328,0.2111593985128086,0.05058560986730877,0.4222453401568193,0.1703185850966977,0.5830031012326888,0.0,0.0,0.11274158930440181,0.08605954554391632,0.0,0.050967052259978135,0.0,0.0,0.0,0.0,0.10248242946683224,0.0,0.035995205496466176,0.0,0.0,0.0,0.0,0.04601957207205652,0.29100080965943165,0.30952864514610967,0.38214827192966583,0.0,0.4346242347413716,0.2971127227341301,0.3492021293055612,0.23947875107098202,0.5039505767188996,0.3967998599700945,0.511024117805403,0.0,0.1515447710911291,0.0,0.4278550299838186,0.21501361588284285,0.2909951404134211,0.31089908690942325,0.47601584147143405,0.46803858795256775,0.5694004557946293,0.413965328048914,0.32042410475245253,0.0627735981370095,0.507255190611845,0.44023804174979597,0.4462134104583477,0.0,0.5877398640819309,0.0374666401966946,0.0
0.0,0.0,0.1166944366697304,0.0,0.09489331288897562,0.0941006072682507,0.08263178230086912,0.1525176444408589,0.13295245207241943,0.0,0.07169509102110422,0.04359241319340679,0.14629850431859368,0.0,0.30907231188731565,0.0,0.0,0.0,0.23427435276266778,0.3885485555829644,0.15973395306927168,0.234057368266547,0.1407290630473389,0.02443031582334007,0.0,0.0289878068673822,0.14090931901067463,0.3128092256807197,0.11274158930440181,0.0,0.10852445106816139,0.10888228490419262,0.0,0.0,0.004085864317561999,0.12914675420532112,0.07141757038338371,0.1113682944496272,0.0699459003823083,0.0,0.0,0.0,0.07197769462370332,0.0037297516998219815,0.0,0.08603584124816727,0.030013313684913945,0.21245234753155784,0.0,0.14109884303258638,0.25395425884968015,0.02756159837094263,0.1677290695752915,0.17341602372422485,0.0,0.08168603343941622,0.16566967727494508,0.202612994030999,0.0,0.2530258271583094,0.0,0.0,0.0,0.23417812160767296,0.23407098839037602,0.07132711023619481,0.16453700917393507,0.21465433294524588,0.09880381278803398,0.0,0.15136268565028288,0.06411645576017774,0.15816937793877942,0.0,0.11458793948900256,0.0
0.06934468047651854,0.0,0.0,0.25074002504949255,0.04542535083390137,0.0,0.0,0.0,0.0,0.0,0.0,0.0,0.0,0.3693029085311188,0.028811157565692358,0.2324193044469487,0.0,0.0,0.02029154006687789,0.0,0.15132526348333653,0.0,0.0,0.0,0.0,0.0,0.0,0.17016960528004133,0.08605954554391632,0.10852445106816139,0.0,0.47253639267453423,0.18602603078279983,0.5132336911048742,0.0,0.23051096886504682,0.31595531646880726,0.202125034108701,0.3627592028787671,0.10488596164869758,0.37669619974070245,0.06099332473593454,0.14877324769996514,0.28022763741861334,0.0,0.29050609166505903,0.19850087950525672,0.0,0.4194804406554282,0.0,0.0,0.0,0.0,0.0,0.4020753163538725,0.0,0.0,0.15062221086790362,0.36974307933058914,0.0,0.41089421281195876,0.21933381417127928,0.11476299287968175,0.028125935439063193,0.0,0.2925546506538479,0.17269193078224404,0.0,0.0,0.10924183271586371,0.0,0.0,0.4317385005163126,0.1558544683582049,0.13926412336481966,0.4776938993937774
0.0,0.0,0.0,0.49791916026858757,0.0417899589642519,0.0,0.0,0.0,0.0,0.0,0.0,0.0,0.0,0.24015022796422741,0.0,0.0,0.0,0.0,0.0,0.0,0.0,0.0,0.0,0.07477685857880781,0.04741643093759815,0.0,0.0,0.33482364533858666,0.0,0.10888228490419262,0.47253639267453423,0.0,0.2601986206094547,0.44430239976537156,0.16083915325568374,0.2947950440931618,0.5700017901240375,0.005774479455811998,0.8022284356509441,0.26688877099492864,0.5243287345578673,0.397972887478315,0.32080409137085397,0.5446959891964456,0.061583778754517426,0.2343428844656413,0.27929224241059,0.0,0.4702331779642822,0.0,0.0,0.051814766922800654,0.0,0.0,0.20495096946530855,0.0,0.05916520942405934,0.21392030522497182,0.5132809964892789,0.0,0.31229370243404414,0.19831296611446886,0.1279188046195893,0.0,0.0,0.0,0.17977529063017153,0.0,0.175769917502416,0.0,0.0,0.0,0.5768593013750107,0.0,0.19804540513431387,0.6118781934268873
0.24046559621359848,0.04081641660174554,0.13891798305558548,0.07803141333035599,0.11470714929206773,0.0,0.0,0.0,0.0,0.0,0.0918532032117371,0.0,0.0,0.03755624374317511,0.0,0.239107126404159,0.06657479654273626,0.08392516287085836,0.0,0.0,0.0,0.07613835068075332,0.0,0.0016739462247236103,0.32514441942689215,0.03862701240093902,0.0,0.1311542998877592,0.050967052259978135,0.0,0.18602603078279983,0.2601986206094547,0.0,0.46502493913437337,0.2247205112218886,0.0,0.10292665499858882,0.027657794123124857,0.2613468577171904,0.6069141571365945,0.4229643365975264,0.20433697796283473,0.0,0.14131437178593892,0.18047394426198843,0.3684674275200251,0.25443703200941126,0.0,0.24392746906143845,0.020312055908775925,0.0,0.04935711838319154,0.0,0.0,0.295755622235078,0.01190728845188431,0.0,0.1457617327676197,0.05535442829141628,0.0,0.4108832119827429,0.31496215675024064,0.3633781218535773,0.0,0.013121773361085262,0.20814796048120426,0.2758566352261006,0.0,0.10807656551594821,0.37067556641684585,0.19567381967122982,0.0,0.34778196174105136,0.28822998859374044,0.13036944025740899,0.4164265477341714
0.0,0.0,0.0,0.30551153116356655,0.0,0.0,0.0,0.0,0.0,0.0,0.0,0.0,0.0,0.20604272310039667,0.0,0.13294653628723996,0.0,0.0,0.0,0.0,0.0,0.0,0.0,0.0,0.024537012226305638,0.0,0.0,0.13427087062766668,0.0,0.0,0.5132336911048742,0.44430239976537156,0.46502493913437337,0.0,0.09932256704334047,0.025432190250282066,0.33008772083346755,0.10026175223898279,0.3723180006659762,0.41701170485183303,0.6322545302722833,0.28258685570218345,0.04892874797150182,0.31035165667116266,0.029138099549141358,0.2677785228219333,0.07770951145038203,0.0,0.3635162537117307,0.0,0.0,0.0,0.0,0.0,0.2738561337410836,0.0,0.0,0.0,0.35061899978048194,0.0,0.44355650223531196,0.12342808352881973,0.13144047528946104,0.0,0.0,0.1657038501281385,0.23887706562032335,0.0,0.0,0.12422456275252607,0.0,0.0,0.4080219968995011,0.16187571042166832,0.17641455073703655,0.5624727916266421
0.26871298329304993,0.03972298319730325,0.0,0.04095037028801772,0.0,0.0,0.0,0.0,0.0,0.10749312489437526,0.0,0.0,0.0,0.0,0.0,0.010762837823958038,0.15922495669071243,0.03917378489036685,0.0,0.0,0.0,0.0,0.0,0.10831412672399005,0.2840131911386212,0.036810332351186914,0.0,0.07472303369170365,0.0,0.004085864317561999,0.0,0.16083915325568374,0.2247205112218886,0.09932256704334047,0.0,0.0,0.141644146423085,0.0,0.1860700470970721,0.34419732220917637,0.12490907397996173,0.43485820819965726,0.0,0.013975989209940864,0.0,0.32001806688103446,0.22851117810698862,0.0,0.015080709116201435,0.0,0.0,0.0,0.0,0.0,0.0,0.0,0.0,0.0,0.0,0.0,0.22427653709155482,0.12399769386041076,0.19685249652393016,0.0,0.022964026462140304,0.0,0.1330383203697159,0.0,0.2212603609488462,0.25274932978402587,0.13555273462858528,0.0,0.19039968562342663,0.21613359953090697,0.25887590299784435,0.381582972512551
0.0,0.21753222385033552,0.0,0.3894634479620034,0.1606313569186116,0.28192386790805724,0.21285712879851626,0.2949864939825819,0.0,0.033234256568834886,0.0,0.3550637790165978,0.1626491219275769,0.329797254565339,0.0,0.0,0.0521617246600279,0.0,0.12215979497894619,0.09745505582099769,0.0,0.0,0.4223504650704716,0.26509768060854394,0.0,0.16767173164313606,0.0,0.1806080460477002,0.0,0.12914675420532112,0.23051096886504682,0.2947950440931618,0.0,0.025432190250282066,0.0,0.0,0.48536369234386656,0.08276074867666526,0.26064100158277714,0.0,0.037122755168676067,0.0,0.6803688010761919,0.4876294790490753,0.0,0.0,0.0,0.09030256300402974,0.3542628321693374,0.07826194234982732,0.18853505901441064,0.058989772259895865,0.3485888632834688,0.0,0.0,0.0,0.5570686040634231,0.3892591379206698,0.397045273089253,0.0,0.0,0.0,0.0,0.1631594976635066,0.0,0.0,0.0,0.2806489626632801,0.1469080899131132,0.0,0.0,0.0,0.20606556622650235,0.0,0.0,0.0
0.0,0.0,0.0,0.48337351519708727,0.0,0.0,0.0,0.0,0.0,0.0,0.0,0.0,0.0,0.06796722273824597,0.0,0.0,0.0,0.0,0.0,0.0,0.0,0.0,0.0,0.0,0.0,0.0,0.0,0.3353288033681279,0.0,0.07141757038338371,0.31595531646880726,0.5700017901240375,0.10292665499858882,0.33008772083346755,0.141644146423085,0.48536369234386656,0.0,0.0,0.45449018653261664,0.1032790599524645,0.46489106417717474,0.30205728771219953,0.4155715865193751,0.6178627007334403,0.0,0.051234013521639095,0.07729406688264553,0.0,0.5073740080315996,0.0,0.0,0.0,0.0,0.0,0.0,0.0,0.11859758480085367,0.21036292967889494,0.43652171875754797,0.0,0.09544237219667144,0.0,0.0,0.0,0.0,0.0,0.0,0.0,0.022671194969189887,0.0,0.0,0.0,0.45340345898869167,0.0,0.12048392794117785,0.34309163756983224
