0.0,0.4557447761987237,0.6316161660950721,0.0,0.6760640966355413,0.6549796360744369,0.6166855901267445,0.5968118098130801,0.7348415773947183,0.5592890008344229,0.6464125335189733,0.4001597866661025,0.5520602590533852,0.11248643865720073,0.7675715172060569,0.5679377448650063,0.4585675679796435,0.5171769965104505,0.5811047838870171,0.7038145775018605,0.7761223489141158,0.7347040194800305,0.7312249396366708,0.5607394482324104,0.6713063718106844,0.5800566844768286,0.7409157300006761,0.47240611922506337,0.7524861145678086,0.724263558334073,0.5685397870991397,0.43858600532472114,0.6766929804985033,0.5905686261047209,0.0,0.05762042030928845,0.0,0.6344380878505493,0.07531037728255696,0.7578222528382537,0.17456526365015887,0.18584891693231712,0.10254118999471001,0.0,0.4881275912978754,0.8647240430359276,0.6771326725647899,0.5112999401882032,0.0,0.7408565217360967,0.6058667542569144,0.6446283377822102,0.5548385242743056,0.6994843958841584,0.5614388935091916,0.559857650749159,0.4544534746665455,0.5716545257307136,0.26773128354507925,0.802979020351501,0.6124104353712052,0.4885892954162935,0.5495926140319412,0.5321949873373397,0.644265090755712,0.7736531398067726,0.7393550647316451,0.6145885692281321,0.4763141747245155,0.7055501281726262,0.6534102128781438,0.6910019318304901,0.5281634513543038,0.6959457258392623,0.22587076718749508,0.0
0.4557447761987237,0.0,0.5844587435918105,0.0,0.3841499846339652,0.7797947956958287,0.5150256379564162,0.5934284394043065,0.6133901216868568,0.5290061508475115,0.5125086036046302,0.5598397582180813,0.7808050489048783,0.0,0.5103518254065487,0.6098779233141458,0.6840051157055178,0.7041601857904731,0.5746790138914848,0.634560515752755,0.3062236888850608,0.6727779371605079,0.543610117961467,0.7531593659537619,0.7226265449627979,0.9086335348523435,0.5934092397233,0.44827100329099134,0.48944963293105037,0.44628307390652966,0.16556543071547292,0.39960980108843086,0.5360836595059708,0.19856217520778177,0.0,0.0,0.0,0.5047031454412688,0.3915074519324892,0.6401250770046609,0.46898347095545295,0.0,0.1580649675164132,0.0,0.39852323301762105,0.24642248804510677,0.7780487120482361,0.5267605451137176,0.0,0.6076372320168613,0.8191150148114144,0.5952286171349023,0.40414694708257226,0.5988428234323588,0.5045935137492901,0.4219512998203916,0.6394969420069125,0.7911408281681682,0.2108324653254265,0.4991449094546045,0.663878020978569,0.7069661141143584,0.7290897820146425,0.5471781387264607,0.6928956619826184,0.16179859349913184,0.7123336815232032,0.44785065801958984,0.7432774589371292,0.6432212621390382,0.8397583837149114,0.5839366477779011,0.7459435076924927,0.6062392823826676,0.6480330989194433,0.4350150530416472
0.6316161660950721,0.5844587435918105,0.0,0.0,0.8064658181051203,0.8628273484616681,0.6882998976734519,0.7596145399788744,0.9731306120184195,0.6930327429403322,0.955749970089173,0.7214366712044208,0.7592632306820524,0.2085073581077293,0.682821963445126,0.7947601591450555,0.6658436534851493,0.8227838436789503,0.8765261242356346,0.767186205207268,0.6196534643175733,0.763013015905138,0.8629836185244456,0.6887969452280471,0.7368234305966541,0.7414210977152205,0.8873690841354922,0.6004244598562398,0.8191487707651359,0.7648165377229219,0.6202786583189466,0.5222109022848491,0.6886632291292191,0.5142345341388994,0.0,0.1816896327212547,0.0,0.678736390371081,0.1870519927756042,0.7726626248167087,0.04764916690818948,0.0,0.10298049490002706,0.0,0.5657423785412562,0.5069322620951527,0.786162368612292,0.896957386942764,0.0,0.9019198390703074,0.8485739360472052,0.8184565862504131,0.6686114782289425,0.9513579995752448,0.7269279123876287,0.9088907282556105,0.7899652756086663,0.823697806358307,0.4279237202290515,0.7327510694449677,0.6762658587955506,0.6371557742957572,0.6950106176653446,0.8490857451462669,0.8632466940337435,0.5729454646714532,0.8280313325692568,0.7778796927799669,0.5839078894486791,0.8817890707242884,0.8218269947663562,0.8352292006911199,0.804007982901308,0.9024646275129,0.5224518764261485,0.0815061014650163
0.0,0.0,0.0,0.0,0.0,0.0,0.0,0.0,0.0,0.0,0.0,0.0,0.0,0.05069180225477732,0.0,0.0,0.0,0.0,0.0,0.0,0.0,0.0,0.0,0.0,0.0,0.0,0.0,0.0,0.0,0.0,0.0,0.0,0.0,0.0,0.04364005877930821,0.06961187619552756,0.23658056101423328,0.0,0.0,0.0,0.0,0.18735950952911687,0.20046832981818913,0.3226813114111352,0.0,0.0,0.0,0.0,0.5904646009970649,0.0,0.0,0.0,0.0,0.0,0.0,0.0,0.0,0.0,0.0,0.0,0.0,0.0,0.0,0.0,0.0,0.0,0.0,0.0,0.0,0.0,0.0,0.0,0.0,0.0,0.0,0.0
0.6760640966355413,0.3841499846339652,0.8064658181051203,0.0,0.0,0.775962627036983,0.7881700360875485,0.716098318322919,0.8609368099617527,0.724111207666604,0.8695363423881363,0.6706235728365924,0.727813657849484,0.5615374305554509,0.664580906978957,0.7077967245415289,0.567845411310254,0.7026942143096119,0.7733014364668473,0.7664326240195771,0.7778567535555301,0.760181624616204,0.8437564976783088,0.5037271441006816,0.7210730744556548,0.5790640924380377,0.898131211809535,0.8023571903183728,0.8890267526755229,0.8308702551334661,0.8002236925739092,0.7000676712668918,0.7591011499721826,0.772115570333241,0.0,0.48868478739133003,0.0,0.7619691499235157,0.14108863458811327,0.7121921168680994,0.0,0.15309754908494116,0.06878751124941819,0.0,0.5725359989838607,0.6215667787634815,0.7199148502167874,0.7783457024995493,0.0,0.8781800765457322,0.6817559049236277,0.7638856652915932,0.6976110443795535,0.8217663020931599,0.8181345506275512,0.8553660639799675,0.722103014502981,0.6478403470654788,0.6030957933314889,0.7209846785629037,0.45764144599576123,0.5866169151819492,0.4429528039886981,0.7258032769599874,0.7147507425864353,0.768127284741826,0.7265987095410603,0.7746162187296165,0.41151494393457366,0.8185680103155868,0.6244255421386754,0.8036586154864265,0.6019496708627221,0.7731385214386353,0.3011403391269517,0.0
0.6549796360744369,0.7797947956958287,0.8628273484616681,0.0,0.775962627036983,0.0,0.7670996920322655,0.8582401103164292,0.8858353149542973,0.7271293408823443,0.8154649782382284,0.7197237370267227,0.8651453054569259,0.2406967383310222,0.713382766602997,0.7313953576071331,0.6999598872336734,0.8198218608875877,0.8063161307457458,0.8294811066263426,0.6717960361404839,0.8313626511105672,0.9193559441894287,0.7779758289713088,0.7770743793172601,0.8615683479971712,0.8764757368736863,0.6870743132950576,0.7734634574338306,0.7402684444173351,0.5781149331948817,0.550361669870667,0.8533421264222509,0.5074094099547966,0.0,0.23835599035313237,0.0,0.7842763816040453,0.1976491735997463,0.8067577395130633,0.14993829791335467,0.024848871238755947,0.12389781081236183,0.0,0.629340527021172,0.5180255328255472,0.912115470343839,0.7646928968391744,0.0,0.9105291523496337,0.9030645565080817,0.785208999212326,0.7832503381774591,0.8650049271960265,0.7638047866890911,0.7334292474608118,0.8209413543519896,0.8697154307510148,0.4975900739937015,0.759815533666891,0.538117799574406,0.7366984146281754,0.6388167110465984,0.7410446220274988,0.8506774250791087,0.5530394697524912,0.8226511818763308,0.7873848662608265,0.7161086157329858,0.764570454986189,0.8596312891923596,0.7956574258316529,0.8333176954538267,0.7634208239225402,0.5453014311285069,0.05137984581614832
0.6166855901267445,0.5150256379564162,0.6882998976734519,0.0,0.7881700360875485,0.7670996920322655,0.0,0.6642396462782407,0.7213544352467722,0.692003363256331,0.667810368923821,0.608000068899494,0.79389292554005,0.3627511723728868,0.6128313313657572,0.571682934902187,0.4635198750229671,0.6370555053403945,0.6023445271931297,0.7446664061490476,0.6860320093857137,0.7624428644049113,0.737413181132127,0.5321541935684451,0.6910539092475922,0.668118112652306,0.7965660925832372,0.7372601656971023,0.7289155872038531,0.6643278507143263,0.6244535144559334,0.5517332940017347,0.7113628587247566,0.6192946068618301,0.0,0.3012392312498483,0.0,0.8015146905618074,0.0595575213946999,0.6196616827847007,0.0,0.11023612647414394,0.2252245977037695,0.10520296804868685,0.6675807013207985,0.5257801188488264,0.7421115536254475,0.5723908625950425,0.0330460673742978,0.7849610215061005,0.6103385432624575,0.7871214362040938,0.5818372262331719,0.7305980146891979,0.7648289153212986,0.6372311115916369,0.7137721612792087,0.6607375903494938,0.5784305007133649,0.6123664641257237,0.3792687268535002,0.5301951906713499,0.4029556694347675,0.5593695047008425,0.6712500075895806,0.5694855287140411,0.6844603596098209,0.5281247659939887,0.4741267432862567,0.7026847829949989,0.6155548917517878,0.6489476973321964,0.6531948603871051,0.593700740954223,0.24214378958327437,0.0
0.5968118098130801,0.5934284394043065,0.7596145399788744,0.0,0.716098318322919,0.8582401103164292,0.6642396462782407,0.0,0.8047558687140612,0.6719022282308491,0.7680420715629313,0.7335396834298432,0.7081096055028087,0.3034846087289893,0.6638790828009494,0.671314590887744,0.5873115016766046,0.6389561146977957,0.7116253568890263,0.727552579177875,0.7095899281249325,0.7003121259389258,0.8628494622082241,0.7190514198539475,0.5696639719970373,0.7135512454207105,0.7670879532026715,0.5520595172911683,0.7005844510074698,0.7601773190160154,0.5785365267797347,0.4281909442765557,0.7939738212206712,0.5537126328916291,0.0,0.2995421152742461,0.0,0.7771824693615935,0.08430845619756491,0.7730867974155151,0.02372882791458534,0.004238529042940205,0.16545952586319823,0.0,0.5751025796545419,0.5193476293434472,0.7409189690532081,0.6724572685349433,0.0,0.7883334463955467,0.7094633968214261,0.6322731300135979,0.907334769097749,0.771937569096621,0.7146482822681481,0.6976046504861636,0.8326073401609047,0.6609659464756956,0.4696399360848882,0.6873413273891271,0.34942166010270337,0.6074029767719752,0.40269044112445407,0.6554818599422745,0.7007617124748269,0.6106655839188633,0.6539346443630989,0.7642324063166517,0.6441537955476824,0.58648578284184,0.6994400790599009,0.6311194589448779,0.6112641188975989,0.5699324041573075,0.35440040575830034,0.0
0.7348415773947183,0.6133901216868568,0.9731306120184195,0.0,0.8609368099617527,0.8858353149542973,0.7213544352467722,0.8047558687140612,0.0,0.7657425850502462,0.9476538894944706,0.7272824211114985,0.7835835225167502,0.23501814919952788,0.7740892685916648,0.8380564468933964,0.7204256463286949,0.8508490510055879,0.8942736272169658,0.842829723379802,0.7641239105356907,0.8533248383219401,0.9389158144305604,0.7115740158564692,0.8119105252285885,0.7714497717088443,0.9620937727987511,0.6850122962039338,0.877962582851787,0.8409709409349866,0.7418723448062141,0.5730893372967936,0.7704814668959621,0.6757999001115743,0.0,0.21536877926703363,0.0,0.7706157558314402,0.13949405407026547,0.7942398689841027,0.018849667341296325,0.004664956936061702,0.07615845925120572,0.0,0.6419740579996107,0.6310121200801613,0.8595809033903873,0.8821024067998744,0.0,0.9373105890231008,0.8590257640809847,0.8404288969865172,0.7227504153987636,0.9761975061829516,0.7861003340231741,0.9201493621115862,0.8011790096073184,0.8230158793650246,0.4795790031894548,0.8208435125300765,0.6217278944855227,0.6888575505436072,0.6563172509206516,0.8636540382017921,0.890288318983514,0.6989718240559055,0.8689631472958845,0.8372625953998779,0.5931810308266013,0.8821974623530461,0.82284426799994,0.9156034613883206,0.7928037646127102,0.9092285272688967,0.49890092287507365,0.0
0.5592890008344229,0.5290061508475115,0.6930327429403322,0.0,0.724111207666604,0.7271293408823443,0.692003363256331,0.6719022282308491,0.7657425850502462,0.0,0.6987435806770471,0.8741957927613286,0.6737963238370142,0.3668193053768876,0.4323782563612437,0.698348392736144,0.8177250752473786,0.8216674046765886,0.7066184533785118,0.6563250278495805,0.634552648597434,0.655475521674296,0.6366747714909716,0.7139699659551308,0.7219490781680008,0.7334487069312767,0.7415476226753879,0.7392318737042451,0.7826563535870497,0.717311899703554,0.6881825187895554,0.6176748246024013,0.7803299252406012,0.6159850802309047,0.0,0.341223490584164,0.0,0.7276086242876758,0.2832932857019361,0.6892631342845315,0.055887105030684114,0.11187693641930216,0.0,0.0,0.5760629319831081,0.46886289026261496,0.7023905915674336,0.6512335072965286,0.0,0.7323411683697703,0.5975944118453683,0.662196174008959,0.5330873558698908,0.760074427146331,0.8736977903249755,0.6674012451052288,0.8239676419238035,0.6490941193875323,0.561206378776255,0.48205450973168235,0.4971488030979418,0.7288717365847458,0.5846859312539056,0.6703031850390276,0.5978354080774146,0.5809197580909541,0.6389447999182977,0.5174409915972018,0.6422025415635444,0.7359560179842736,0.6906857443364597,0.604571797592479,0.6535414812108343,0.6401787961141153,0.43393989551449463,0.05630379076236536
0.6464125335189733,0.5125086036046302,0.955749970089173,0.0,0.8695363423881363,0.8154649782382284,0.667810368923821,0.7680420715629313,0.9476538894944706,0.6987435806770471,0.0,0.6856568994052155,0.7025310811918228,0.3140689728196252,0.705664764301063,0.7541821297537331,0.6456954205154233,0.7754118953201656,0.884832710834713,0.7640201432487572,0.6928119065924865,0.7499487994378925,0.8882123201588576,0.5982301193827638,0.7305608607780478,0.6818311199785875,0.8857616233487335,0.6215389267790146,0.8502654582328335,0.822406753481745,0.6933042034753959,0.5963517674561521,0.7272375930632763,0.658198153339983,0.0,0.2882899489633875,0.0,0.7362875425500828,0.20260494414502447,0.7665442826727771,0.0,0.025884885663541503,0.0935970278147723,0.0,0.5606077555053696,0.5312886149795873,0.7474611303978901,0.8831172826909551,0.0,0.9191427479943958,0.8033622395018292,0.779325455040708,0.7246569232709901,0.9164878368374645,0.7455137612801628,0.9438695491894861,0.7465464828067128,0.7224143817425598,0.48011327788177627,0.7550354393624232,0.588556106070828,0.6093489563196661,0.6254672190283189,0.8475244708504791,0.8196055664171257,0.6744411921348719,0.7891610066324772,0.8281529354374075,0.47351741793654345,0.8284730393086294,0.7427813314037391,0.8493246121229332,0.6941931985911767,0.8545346910854202,0.4777430111874458,0.0
0.4001597866661025,0.5598397582180813,0.7214366712044208,0.0,0.6706235728365924,0.7197237370267227,0.608000068899494,0.7335396834298432,0.7272824211114985,0.8741957927613286,0.6856568994052155,0.0,0.7140510520448844,0.35646654815577705,0.3809156620995735,0.7052317928001332,0.821712369480643,0.8007657454425832,0.7092072305421608,0.5993362041525204,0.4716538579758033,0.5735682702665453,0.5994642345057988,0.7925370985067052,0.5974483719379307,0.7485182901233447,0.6867613248456625,0.6473610059575174,0.656993600950432,0.628471109341793,0.5578668271583177,0.5289349709006194,0.7240861379742081,0.5160583217603844,0.0,0.36241160555030055,0.0,0.6512257972217615,0.2441531264824201,0.6331731171623751,0.03498049862522211,0.0,0.0,0.02613428862704556,0.506399438043681,0.2558059601924533,0.6900318573219604,0.6663451653042158,0.0,0.7001772717714854,0.6452219893891946,0.6136814181142294,0.5653232473545226,0.7368231245307839,0.812349329951066,0.6736151017292848,0.9338597639570368,0.7068009879828905,0.5092786655512325,0.4195940433099502,0.4868654673124576,0.7168248445277174,0.5672975290050694,0.6744990061266642,0.6162143870617041,0.3982383747290621,0.6110926717224107,0.5073868056393417,0.7162096043834663,0.6952986024248891,0.6978061131488225,0.5871463488947188,0.69529471878424,0.6239491574787817,0.5422286834914498,0.09298063195479464
0.5520602590533852,0.7808050489048783,0.7592632306820524,0.0,0.727813657849484,0.8651453054569259,0.79389292554005,0.7081096055028087,0.7835835225167502,0.6737963238370142,0.7025310811918228,0.7140510520448844,0.0,0.26606412341667474,0.6360535661137638,0.7033579131711426,0.6914185606923009,0.7947629208206685,0.7204629974463173,0.7663127689456285,0.5644406410921472,0.7816075570594421,0.7448484298311988,0.7107955677783961,0.7536325728439255,0.8180011508737215,0.7952732704413352,0.7294311210311357,0.6959361417774119,0.599851559337109,0.48146637951935145,0.5050652666172182,0.7333212202886363,0.5005405575320073,0.0,0.24851514312998088,0.0,0.7143086062497134,0.1602489556863319,0.6599045617386573,0.11553195340419821,0.0,0.13503482344629716,0.017972054386459616,0.601694830035013,0.3914781742576188,0.8873083659608796,0.678050649469317,0.0,0.8123109462863787,0.850637468505107,0.8214540905294426,0.585995075632469,0.7885940682578076,0.7547097093604233,0.6724423754092451,0.8430075934697043,0.8610663911333742,0.39875985098809774,0.6495896601113628,0.5496869338424123,0.7345170035621366,0.5913590576438222,0.6689628358768944,0.7879098958059054,0.4322662158843427,0.788873479302126,0.6215520344845348,0.65586510571853,0.7684923562923832,0.7926891217116809,0.754346581672925,0.8456010102175661,0.678763741246224,0.47997331111975833,0.046499229128679376
0.11248643865720073,0.0,0.2085073581077293,0.05069180225477732,0.5615374305554509,0.2406967383310222,0.3627511723728868,0.3034846087289893,0.23501814919952788,0.3668193053768876,0.3140689728196252,0.35646654815577705,0.26606412341667474,0.0,0.10067197681840236,0.2668313164655068,0.20512778771990037,0.2742710134319043,0.28225243525080296,0.2602935920238453,0.31728930597007843,0.2204583163631329,0.2681393690954809,0.10345504823355428,0.14751349656679633,0.05921981804742127,0.2767021810213131,0.5811801805658148,0.3813560513260539,0.45342068070117697,0.5060549242773227,0.4938832572547337,0.3077268259114426,0.5109360833563837,0.17204365742707897,0.6781454783846997,0.4257052406280728,0.30736858009319257,0.21835939720307762,0.2368342627967132,0.0,0.2431988724900827,0.0,0.18952376605664056,0.12867414875903252,0.09187903410403911,0.15961677342027636,0.27304297169085884,0.044978932865496105,0.3377096757344828,0.132071690016048,0.160770899490382,0.3788307454127232,0.21579447897683748,0.432523154676026,0.336809488570046,0.32599571574225816,0.10366914861020124,0.4859671699539558,0.1471102001475618,0.0,0.20813830721153925,0.0,0.2702095425555435,0.134500102805881,0.3694355351424131,0.14770402250307763,0.307986737515501,0.07967702558353995,0.14665966282337833,0.04594691985557228,0.1515907065198305,0.18843555740547582,0.21666075679865832,0.10619126917619968,0.0
0.7675715172060569,0.5103518254065487,0.682821963445126,0.0,0.664580906978957,0.713382766602997,0.6128313313657572,0.6638790828009494,0.7740892685916648,0.4323782563612437,0.705664764301063,0.3809156620995735,0.6360535661137638,0.10067197681840236,0.0,0.672775948309755,0.38678326961067466,0.5626554185675852,0.6633449471956787,0.8524581124757803,0.7543637171125512,0.845289210166917,0.8321160501871667,0.46363348913388336,0.6211542416656026,0.5275549501328546,0.7860111490880145,0.5409259195340985,0.760269726337285,0.7388550815360748,0.5979415983972924,0.38620931851184653,0.6892090169572893,0.5817932908201413,0.0,0.09622988334393152,0.0,0.6436103099510802,0.0,0.6997645538470924,0.11880161615058724,0.08191012929063965,0.15390402527713518,0.0,0.49581087362913545,0.7075025019480663,0.7345863107730097,0.6928421421410145,0.0,0.7098726991084962,0.6662566100095775,0.6487620013324331,0.6278947506212222,0.7681375881685081,0.5485429209020668,0.675991021733656,0.5325633199125961,0.6112060442113734,0.23487593426927553,0.9580200604974245,0.4903718050893504,0.5062369285980705,0.45467428555163847,0.6651235209465474,0.7934216886228901,0.6999663768786791,0.794556628162679,0.7783500037991544,0.354332620308489,0.636489836247933,0.6223416518005109,0.7865539039943641,0.5981051268156818,0.6546160230820398,0.24503003173764354,0.0
0.5679377448650063,0.6098779233141458,0.7947601591450555,0.0,0.7077967245415289,0.7313953576071331,0.571682934902187,0.671314590887744,0.8380564468933964,0.698348392736144,0.7541821297537331,0.7052317928001332,0.7033579131711426,0.2668313164655068,0.672775948309755,0.0,0.7807007504391222,0.9035793366201736,0.8022166255875903,0.8283770439097371,0.6147979785702311,0.8535354649294535,0.7820654090100976,0.6069491013477968,0.7152400103293635,0.7064432487711831,0.8197852942550206,0.7258846737365492,0.8171340585287046,0.7924587164795929,0.7562465978025458,0.6520937887100613,0.7462332480658787,0.7143134165391369,0.0,0.26692572840314854,0.0,0.6818564547943787,0.26660618304199374,0.7502503049282567,0.23009966453683767,0.08196918511294256,0.0,0.0,0.5235605062255686,0.40941725480506275,0.7802270775210458,0.829606287466123,0.0,0.8318173029439,0.7936199836490425,0.7362355965561578,0.602675250531632,0.8639467829089995,0.6999901786285943,0.76248290158143,0.7416434725642802,0.7917184288254404,0.4446318153117038,0.6981308370127304,0.6533730676480011,0.6713690041682411,0.6985589116312496,0.8097400312888766,0.8048400086265066,0.5778771003539696,0.823988627209294,0.8081067274443,0.5388470080550352,0.778788056802945,0.7639939184323166,0.8180556269600645,0.7784312731858928,0.8278597975562465,0.5972381216532223,0.12226810338259039
0.4585675679796435,0.6840051157055178,0.6658436534851493,0.0,0.567845411310254,0.6999598872336734,0.4635198750229671,0.5873115016766046,0.7204256463286949,0.8177250752473786,0.6456954205154233,0.821712369480643,0.6914185606923009,0.20512778771990037,0.38678326961067466,0.7807007504391222,0.0,0.8972901338610509,0.6895878623194159,0.5736561060207496,0.3712805071590003,0.5804131833328846,0.5594235054902179,0.7918868019778289,0.697790118502909,0.809927894325734,0.6249702931895957,0.5899901774918956,0.6445925323996418,0.6023082441594452,0.48015906362973876,0.5133953551324103,0.6519074971111203,0.4246418312636042,0.0,0.11206216201087667,0.0,0.6267856402179734,0.429942952493116,0.7090397354988356,0.4059130071982374,0.04380046073282702,0.0,0.0,0.49591352901628805,0.2590516072511697,0.6568583961611267,0.6568503086303369,0.0,0.6480639715953291,0.7197762085053786,0.5809537627339469,0.3932248984363971,0.7021864808951093,0.6721286962163121,0.6158280489122633,0.7795025803247331,0.7005364120442504,0.30972113571391263,0.394560219385267,0.705455073254407,0.7552767625603332,0.7676217328141242,0.655509029591676,0.6251862971758176,0.30717254620624845,0.6624703709358294,0.505978432414262,0.7092032212336665,0.7135029589156949,0.7735236794334911,0.6041303420376187,0.7379291006763573,0.6957576655301235,0.7241838149199522,0.40346981833637985
0.5171769965104505,0.7041601857904731,0.8227838436789503,0.0,0.7026942143096119,0.8198218608875877,0.6370555053403945,0.6389561146977957,0.8508490510055879,0.8216674046765886,0.7754118953201656,0.8007657454425832,0.7947629208206685,0.2742710134319043,0.5626554185675852,0.9035793366201736,0.8972901338610509,0.0,0.7949283746564346,0.765073489976765,0.5180075212937746,0.8062913154141205,0.732051486026331,0.7307982900072177,0.8314827728005045,0.8193055259822657,0.7962650797908245,0.7211901647583281,0.7847977247631515,0.7397186696559406,0.6563271285878265,0.6863699891576398,0.755530211198221,0.5926704880096176,0.0,0.22102286531922785,0.0,0.7197360841461793,0.4262530288552573,0.7890869166151714,0.29226080222792516,0.10614424770203183,0.0,0.0,0.5977086953317055,0.3427888657412054,0.8054337170584328,0.7820115673429435,0.0,0.8297589646220211,0.8356282435850633,0.7802480692962994,0.5170998220774461,0.8642253900600074,0.7869503776980764,0.7539322826024648,0.8271405130399521,0.8118407959081717,0.467837302592699,0.6000491505333085,0.7009043220740822,0.808465986838165,0.7923408069336391,0.7648883073481993,0.8065076215925522,0.433428069566574,0.825415273324869,0.6791105979109371,0.6525841603425984,0.82045753731976,0.8165661997769493,0.7692167216256166,0.8273373081722388,0.8118485839411327,0.6747552059940007,0.237824083216117
0.5811047838870171,0.5746790138914848,0.8765261242356346,0.0,0.7733014364668473,0.8063161307457458,0.6023445271931297,0.7116253568890263,0.8942736272169658,0.7066184533785118,0.884832710834713,0.7092072305421608,0.7204629974463173,0.28225243525080296,0.6633449471956787,0.8022166255875903,0.6895878623194159,0.7949283746564346,0.0,0.8054762194359864,0.634969600398992,0.7882078279134646,0.7993661199081311,0.6525273283476962,0.6842317506677977,0.6901548509399351,0.851233500884869,0.6356541471907228,0.8299395492044375,0.8241468271014429,0.6497306800654775,0.6187677819970171,0.7481425278915337,0.6103525987372584,0.0,0.23157544810399833,0.0,0.6092345807679677,0.30110037593629835,0.7721494898931771,0.1694668182213915,0.03627073837744951,0.0,0.0,0.5123114390344063,0.49892216786743815,0.7698109342699011,0.9030409334441076,0.0,0.8312390868673811,0.8143259457057046,0.6967953383979089,0.6478991137304342,0.8733187087274221,0.6808275474702679,0.8563006297070734,0.7522981841749119,0.7425699871177982,0.4074288382483483,0.7152763810232834,0.6108282029651827,0.6633047899040445,0.6378001111178606,0.9383959790793259,0.8469520883089662,0.5869307052376761,0.8153263782596766,0.7487312281488123,0.5612751601372644,0.7707956991526201,0.7411825139857156,0.8206061865884522,0.7235740125483356,0.8353406994181456,0.5836703373910267,0.09432703619904242
0.7038145775018605,0.634560515752755,0.767186205207268,0.0,0.7664326240195771,0.8294811066263426,0.7446664061490476,0.727552579177875,0.842829723379802,0.6563250278495805,0.7640201432487572,0.5993362041525204,0.7663127689456285,0.2602935920238453,0.8524581124757803,0.8283770439097371,0.5736561060207496,0.765073489976765,0.8054762194359864,0.0,0.7843897955211223,0.9442464008934642,0.8271320995774316,0.5715422394807996,0.7621519322641341,0.653528857263813,0.8996896491416893,0.71755936244872,0.8946160864440249,0.8178640320018862,0.7413431743093362,0.5735129553362837,0.8306158987093952,0.7439758721715253,0.0,0.2684838431197985,0.0,0.7040431533793751,0.10020476286535339,0.8199101177839456,0.07197983198031598,0.09952898585665472,0.1883251268465187,0.12635048030886922,0.5477296236272879,0.6547339823851449,0.882470723462822,0.818798089530253,0.0,0.8010213013333906,0.7836626157134784,0.776175239282823,0.707235104003513,0.832085697168887,0.7312986940121058,0.7583750480396997,0.6960494303771657,0.7891971138062719,0.4942026464081556,0.8909528521400927,0.5189896702440593,0.7204545427403946,0.5502247027256719,0.8149422272657503,0.9122931574988407,0.7202453299647518,0.9022108440853461,0.7786410888184395,0.5012717696828006,0.7542072931766076,0.7173753711461498,0.8604052414305972,0.7084989101916587,0.749685405672551,0.3727365606843923,0.0
0.7761223489141158,0.3062236888850608,0.6196534643175733,0.0,0.7778567535555301,0.6717960361404839,0.6860320093857137,0.7095899281249325,0.7641239105356907,0.634552648597434,0.6928119065924865,0.4716538579758033,0.5644406410921472,0.31728930597007843,0.7543637171125512,0.6147979785702311,0.3712805071590003,0.5180075212937746,0.634969600398992,0.7843897955211223,0.0,0.7707023448312009,0.8119174704060016,0.3803221824690639,0.5675116482093737,0.42326700271213824,0.7936499250049662,0.6494375798043275,0.8392338913987196,0.820482755918351,0.8005188730111179,0.4749607092131374,0.7077295943636324,0.751026079073601,0.0,0.3426309618919805,0.0,0.692443009375109,0.0,0.6635395628061778,0.0,0.23394053512788776,0.12356400192790472,0.09508399783008142,0.526678472730213,0.8007034967237021,0.6067417532621463,0.6272183879864709,0.01935973226118326,0.7372055282767369,0.44463433026518406,0.6457053050408932,0.7419352554920104,0.7059392714746283,0.6842538589520291,0.6584814912485835,0.541674625697585,0.454766173077805,0.4658981164417156,0.7896136044082666,0.24882739043168334,0.454940556122241,0.2487192277485847,0.6087415951346595,0.6188150268402075,0.9253538299303201,0.6345751005085984,0.7292962547917883,0.27898578715530303,0.5743154771565314,0.455584862014223,0.6810164951249638,0.46315820902978394,0.5761324433404449,0.059944056416735225,0.0
0.7347040194800305,0.6727779371605079,0.763013015905138,0.0,0.760181624616204,0.8313626511105672,0.7624428644049113,0.7003121259389258,0.8533248383219401,0.655475521674296,0.7499487994378925,0.5735682702665453,0.7816075570594421,0.2204583163631329,0.845289210166917,0.8535354649294535,0.5804131833328846,0.8062913154141205,0.7882078279134646,0.9442464008934642,0.7707023448312009,0.0,0.8303638395347704,0.5915189809891391,0.8105252616097293,0.7050853265785486,0.8934184964725174,0.7361912564245896,0.9091594570403538,0.8144995310795766,0.76006246055569,0.6697951315823345,0.7789736330295676,0.769332156976893,0.0,0.25389483802483687,0.0,0.727084107451009,0.21349105303710753,0.8357853237742529,0.15879749420908723,0.1400835368297399,0.19020625643429698,0.07176972572981745,0.5772432528455453,0.6522298823703766,0.8597835137208674,0.7733207470712637,0.0,0.8161362009868831,0.7972995566692496,0.8120849567334001,0.6578907557720778,0.8342160644074512,0.726544593321731,0.7249246615500113,0.6869589703258191,0.7812510081290052,0.4587709030269975,0.8748271158703556,0.6067601248854417,0.7075834037579849,0.6177279415972848,0.7776909639323832,0.8904975195985876,0.700443894859436,0.9346224594959971,0.7716641354959421,0.5173162277486314,0.7802987570297013,0.7617425108585715,0.8576368617032306,0.7443099685828082,0.8129520758466964,0.45661902094249807,0.0
0.7312249396366708,0.543610117961467,0.8629836185244456,0.0,0.8437564976783088,0.9193559441894287,0.737413181132127,0.8628494622082241,0.9389158144305604,0.6366747714909716,0.8882123201588576,0.5994642345057988,0.7448484298311988,0.2681393690954809,0.8321160501871667,0.7820654090100976,0.5594235054902179,0.732051486026331,0.7993661199081311,0.8271320995774316,0.8119174704060016,0.8303638395347704,0.0,0.5780297877392222,0.7072171909015146,0.655646279027726,0.931983595377117,0.7065749922284044,0.861141003228765,0.8740710929742225,0.7579166685894372,0.5033063556222462,0.80616304906595,0.6654127243784379,0.0,0.2569975486505038,0.0,0.8033262506212906,0.05707255431485213,0.8094650473936765,0.0,0.05286620143730492,0.093476209830792,0.0,0.6082888790970865,0.655923016561287,0.7934283673384958,0.8224562955668233,0.0,0.9357862980354064,0.802373622734941,0.7997130932315848,0.8310386269649073,0.9005287184477309,0.7264951088045483,0.8600040905822335,0.7181808334623329,0.694788039199254,0.47748487000735657,0.8545442501131704,0.4814738142936232,0.5837037529274216,0.5476718285884454,0.7715615700027278,0.8141384686611475,0.7480839026667071,0.7868801097632103,0.9327634145031868,0.4700930530637347,0.729433940507501,0.7265574968705304,0.8866725430114228,0.7027775282232831,0.8010921162655409,0.3849783733672814,0.0
0.5607394482324104,0.7531593659537619,0.6887969452280471,0.0,0.5037271441006816,0.7779758289713088,0.5321541935684451,0.7190514198539475,0.7115740158564692,0.7139699659551308,0.5982301193827638,0.7925370985067052,0.7107955677783961,0.10345504823355428,0.46363348913388336,0.6069491013477968,0.7918868019778289,0.7307982900072177,0.6525273283476962,0.5715422394807996,0.3803221824690639,0.5915189809891391,0.5780297877392222,0.0,0.6641335359035048,0.9287691808600038,0.6105686868362772,0.42009763297994346,0.5335828370617897,0.5414698834463217,0.2566541605574787,0.4388486125836808,0.7055385470029187,0.27273380474430775,0.0,0.0388616027769291,0.0,0.6106496344435312,0.3452909364367364,0.793342261508375,0.34940573710495393,0.0,0.03088854936966076,0.0,0.5004175801820723,0.3917057017794132,0.7393081143180429,0.5712519817798515,0.0,0.6401692690447478,0.7366763018549647,0.5714913860044711,0.5001200026678091,0.6991699192580682,0.6331388419029232,0.5145863853145617,0.8152529224574069,0.7800052097791423,0.3107100547830305,0.4869946310896353,0.6917148108195915,0.7188288218654516,0.7115466027346895,0.5869205908805765,0.6618080020499753,0.29710428111557263,0.6897604292049917,0.42389580270721505,0.9502409781269175,0.7192674895061446,0.8839078773600111,0.5208259798449028,0.7590940755030346,0.5935393965117677,0.6338315321736749,0.3695641614553534
0.6713063718106844,0.7226265449627979,0.7368234305966541,0.0,0.7210730744556548,0.7770743793172601,0.6910539092475922,0.5696639719970373,0.8119105252285885,0.7219490781680008,0.7305608607780478,0.5974483719379307,0.7536325728439255,0.14751349656679633,0.6211542416656026,0.7152400103293635,0.697790118502909,0.8314827728005045,0.6842317506677977,0.7621519322641341,0.5675116482093737,0.8105252616097293,0.7072171909015146,0.6641335359035048,0.0,0.7873039281485867,0.8195884597282421,0.6627407046825444,0.7596304081764655,0.7187393474986956,0.5279366225442195,0.555281788888085,0.6733158427308679,0.5275346851846275,0.0,0.13959823920916126,0.0,0.7121778081928661,0.3326594956468527,0.7536477971767552,0.2442633050639159,0.11608323832874402,0.07402858685955716,0.0,0.5909874267607261,0.5584724927713574,0.7987384339879192,0.6753112142001247,0.0,0.8276754717684958,0.7590175107793082,0.8275244772724215,0.45098877866796866,0.7905918477440387,0.7566109663870735,0.6672689796710115,0.6609537825923466,0.7469564791003171,0.44966406767052447,0.6479088439276866,0.7014677212191746,0.781674385940301,0.7662007018392736,0.666913967715636,0.7614439667936757,0.5003254381639402,0.8303932043303446,0.5896433084751869,0.6069978097677468,0.8729096962809809,0.7941846363899316,0.7671120580128532,0.7439802975313377,0.8129420184579184,0.49227036030558646,0.2146321983279461
0.5800566844768286,0.9086335348523435,0.7414210977152205,0.0,0.5790640924380377,0.8615683479971712,0.668118112652306,0.7135512454207105,0.7714497717088443,0.7334487069312767,0.6818311199785875,0.7485182901233447,0.8180011508737215,0.05921981804742127,0.5275549501328546,0.7064432487711831,0.809927894325734,0.8193055259822657,0.6901548509399351,0.653528857263813,0.42326700271213824,0.7050853265785486,0.655646279027726,0.9287691808600038,0.7873039281485867,0.0,0.7000288580435909,0.5435868349484255,0.6193391205807437,0.5823979474811856,0.3513254517656041,0.5116212427643378,0.7012261216009976,0.35270056185310733,0.0,0.03385122197953197,0.0,0.7007972819722459,0.359061004524477,0.7683287933877639,0.35127290486795987,0.0,0.09507060225941909,0.0,0.5464476807666472,0.37662980119332273,0.8235578044175413,0.6463616419435289,0.0,0.7554126882211799,0.8444548951213078,0.7165602537239677,0.4956282416966843,0.7523416217192256,0.6744132655751869,0.5880069815222113,0.8010079710044826,0.8605494249840732,0.3177035407818476,0.5415633108305509,0.7459166059173153,0.7454908978794805,0.7933470645126286,0.6372711409173976,0.752969184787789,0.29265347928695884,0.7689361119761401,0.5115431304503245,0.8986884817977199,0.7966687193094473,0.9388703541517383,0.6335614147376444,0.8616887218328915,0.7315983237973083,0.685410182541627,0.3939978511809545
0.7409157300006761,0.5934092397233,0.8873690841354922,0.0,0.898131211809535,0.8764757368736863,0.7965660925832372,0.7670879532026715,0.9620937727987511,0.7415476226753879,0.8857616233487335,0.6867613248456625,0.7952732704413352,0.2767021810213131,0.7860111490880145,0.8197852942550206,0.6249702931895957,0.7962650797908245,0.851233500884869,0.8996896491416893,0.7936499250049662,0.8934184964725174,0.931983595377117,0.6105686868362772,0.8195884597282421,0.7000288580435909,0.0,0.7571078664330244,0.9357126324361327,0.8462277078008043,0.7893371723192812,0.6078956822635087,0.8734248901138072,0.7033378627157592,0.0,0.27666926539500597,0.0,0.821370518492742,0.11468487106267133,0.8421438693093768,0.0,0.12406477185125431,0.0868958423206331,0.0,0.6258435528204603,0.6407992715796595,0.8442374394433207,0.8444705740200527,0.0,0.9159932560710446,0.7985754951356299,0.8644922117313665,0.7002806751783448,0.9265022178446949,0.7904307668806076,0.8617932151782178,0.7727472624252482,0.7564292777680781,0.5214629748059257,0.8384164955827622,0.5447659336363866,0.675644589268118,0.5843531441613703,0.8153007846472029,0.8549345751802581,0.7289640834156201,0.8703602219090716,0.8372781725154981,0.4832480475384986,0.8421603544246503,0.728181346988078,0.938548142251926,0.728276614923659,0.8443348928157265,0.3983455516735315,0.0
0.47240611922506337,0.44827100329099134,0.6004244598562398,0.0,0.8023571903183728,0.6870743132950576,0.7372601656971023,0.5520595172911683,0.6850122962039338,0.7392318737042451,0.6215389267790146,0.6473610059575174,0.7294311210311357,0.5811801805658148,0.5409259195340985,0.7258846737365492,0.5899901774918956,0.7211901647583281,0.6356541471907228,0.71755936244872,0.6494375798043275,0.7361912564245896,0.7065749922284044,0.42009763297994346,0.6627407046825444,0.5435868349484255,0.7571078664330244,0.0,0.8085391465161818,0.7244295635661051,0.7994496113008608,0.714857505496246,0.6967136843380063,0.7793259604060374,0.056719521107649835,0.5133505493981323,0.2760295007309893,0.6550373396302502,0.2306271673291802,0.5927606443101511,0.0,0.14164262778664005,0.011596048764218214,0.11802766355470744,0.5246908142577483,0.406449321168706,0.7116043825269533,0.6596115369799607,0.0,0.7050744773496627,0.6337648452401345,0.7143265386088464,0.56234484316076,0.6839701748521898,0.7751810586585621,0.6460250641260283,0.6754101862946884,0.6016375259888348,0.5766141719965991,0.5927487717206383,0.3949843066680726,0.6387559723050298,0.473193230601726,0.6355285183260926,0.6164760166634786,0.6256978644985949,0.660167519388095,0.6925037380458624,0.37209011462640373,0.6916683731776786,0.5564114527657973,0.7268786307153015,0.6504382751975103,0.691759941142519,0.36008656365154185,0.0
0.7524861145678086,0.48944963293105037,0.8191487707651359,0.0,0.8890267526755229,0.7734634574338306,0.7289155872038531,0.7005844510074698,0.877962582851787,0.7826563535870497,0.8502654582328335,0.656993600950432,0.6959361417774119,0.3813560513260539,0.760269726337285,0.8171340585287046,0.6445925323996418,0.7847977247631515,0.8299395492044375,0.8946160864440249,0.8392338913987196,0.9091594570403538,0.861141003228765,0.5335828370617897,0.7596304081764655,0.6193391205807437,0.9357126324361327,0.8085391465161818,0.0,0.8853295375617929,0.8541822383008995,0.7041194692863086,0.8210958396824485,0.7567410561459209,0.0,0.378005626538294,0.0,0.7076541394842771,0.22213992541467403,0.8366744062682302,0.029865069069423364,0.2126224418713465,0.018182508934306285,0.0,0.5162146169543569,0.6581000689380065,0.7274591430081869,0.8305351819021085,0.0,0.8532556745182602,0.6874482255664649,0.7622306843856199,0.6778783504360666,0.8546407089367536,0.7814686697607864,0.8080908650217207,0.6857056838562829,0.6891884846531294,0.5160968014021236,0.8212723362813885,0.5570167368298287,0.6357544939017932,0.5631278398815821,0.8291921843958625,0.8063053976983727,0.8117653231048204,0.8512285717725889,0.8141618734884104,0.4242249744028424,0.7754830740693963,0.6616545526146004,0.8740750485700082,0.65039807825652,0.8787552482917826,0.3862158219039228,0.0
0.724263558334073,0.44628307390652966,0.7648165377229219,0.0,0.8308702551334661,0.7402684444173351,0.6643278507143263,0.7601773190160154,0.8409709409349866,0.717311899703554,0.822406753481745,0.628471109341793,0.599851559337109,0.45342068070117697,0.7388550815360748,0.7924587164795929,0.6023082441594452,0.7397186696559406,0.8241468271014429,0.8178640320018862,0.820482755918351,0.8144995310795766,0.8740710929742225,0.5414698834463217,0.7187393474986956,0.5823979474811856,0.8462277078008043,0.7244295635661051,0.8853295375617929,0.0,0.8079657415223884,0.7061034706202866,0.820314955639101,0.80817303153302,0.0,0.4117232455333272,0.0,0.6575082950649431,0.24627441267422115,0.8452030932164665,0.02708929001756416,0.20500391432964749,0.026222032620002056,0.015917601478563456,0.5250188787083329,0.6688836794353679,0.7642757067721461,0.7918426880050572,0.0,0.8082843012721197,0.7002086842588425,0.6629488932670334,0.7635104348503671,0.7912034132988917,0.7697285374550215,0.7924566467385252,0.6582390410372836,0.6194504377379029,0.4968274650095931,0.7859661612389697,0.49422781531135135,0.586537914632036,0.49402541229206,0.7963571948179435,0.7355881987425659,0.821796528839327,0.782473283032382,0.8385218647305674,0.4856391519622765,0.7159705305681306,0.6604462158731425,0.7631706668464193,0.5774039693760158,0.7882302037991283,0.4028211268657669,0.0
