0.0,0.36856030870187834,0.0,0.016119127011802584,0.191832958589549,0.0,0.0,0.0,0.09400671722633869,0.0,0.2013797469891148,0.13965050163821416,0.3068516133159099,0.0,0.0,0.0,0.0,0.0,0.1315647752336369,0.0,0.09311846211522445,0.0,0.0,0.0,0.10047875547906465,0.482464775545073,0.0,0.3455294627002298,0.0,0.32618639721991444,0.0,0.39874629249051274,0.28535839539661784,0.02108950077212901,0.0,0.3110656444317392,0.0,0.0,0.12381822689364796,0.2770415086006384,0.34642302172466566,0.211483011213626,0.10469213893263489,0.31870981236720075,0.0,0.22787414958191743,0.0,0.0,0.0,0.0,0.040326021172985754,0.0,0.0,0.0,0.0,0.0,0.0,0.0,0.0,0.14827668838111926,0.0,0.0,0.0,0.0,0.10030925763859397,0.13828837034133584,0.0,0.0,0.07115547455223326,0.0,0.044063697709813776,0.043780627599382504,0.3327691475141725,0.098241333129926,0.20982941293356128,0.23010442790210123
0.36856030870187834,0.0,0.0,0.01925580026317214,0.0,0.11901232493206498,0.0231741617158715,0.0,0.0,0.0,0.0,0.0396262750326537,0.0025109011609270593,0.3942820563488809,0.0,0.39729862267039495,0.0,0.05824353722243847,0.0,0.0,0.0,0.0,0.0,0.0,0.36481756639338,0.7181056331718988,0.0,0.0,0.0,0.0,0.0,0.36078521858157775,0.16537303823610136,0.0,0.0,0.0,0.0,0.0,0.371785693704634,0.0,0.4754205076911423,0.4405490234302452,0.0,0.0,0.0,0.0,0.0,0.0,0.0,0.0,0.0,0.0,0.0,0.0,0.0,0.0,0.0,0.0,0.0,0.0,0.0,0.0,0.0,0.0,0.0,0.0,0.0,0.0,0.0,0.0,0.0,0.0,0.0,0.0,0.0,0.0
0.0,0.0,0.0,0.2515333059967873,0.558383748330875,0.35472001083165894,0.1586674897709618,0.2569676028940059,0.8416523954636079,0.2430223134914361,0.7509949411380891,0.04844418554761876,0.25621097202524323,0.0,0.6551048229282008,0.0,0.14487882389093493,0.2575012410772376,0.807084088284824,0.8056465423149844,0.31208892291608925,0.5811701274354616,0.42262821403024486,0.0,0.0,0.0,0.531408476070151,0.44170498260782987,0.39620972422983364,0.49090279460167596,0.28963385380393597,0.0,0.01870477802693997,0.032501856193083614,0.0,0.28592873324957524,0.33609524521371187,0.08003051431559624,0.0,0.09030876674991838,0.0,0.0,0.3445230765281532,0.3758260863021242,0.01067786147167163,0.1361166588814202,0.33181826746168397,0.8873320796633197,0.19251300326034526,0.4521967132999259,0.4026252471124717,0.46680007459620654,0.4691004196743815,0.714152335279655,0.21931291593761598,0.7433458604473834,0.12664559621366053,0.39444594493724294,0.0,0.6591896228218485,0.26623083156463273,0.22343333269908122,0.36666821941398176,0.8303274225666768,0.7666385673186181,0.19159201003525028,0.7089303489929466,0.4419807974689253,0.10215982839620491,0.24566851121065372,0.1801243520623303,0.6285829854304162,0.5237297466719761,0.2296343705125365,0.5126100908188341,0.2071371847336443
0.016119127011802584,0.01925580026317214,0.2515333059967873,0.0,0.030966305302746827,0.3362362497296927,0.0,0.0,0.23110099455744573,0.0,0.16814991426016443,0.0,0.22240258833157192,0.1932144396315232,0.0,0.06046040733064956,0.0,0.0,0.2899156529115306,0.24083426492653842,0.0,0.10956918062275262,0.0,0.0,0.0,0.15781048977698828,0.07247454789620944,0.08136169707264135,0.16726405999513466,0.12870811633766938,0.0,0.06485105495982596,0.0,0.0,0.0,0.3782434430270268,0.0,0.0,0.15098129633849797,0.0,0.2546408788503798,0.31252927521744545,0.0,0.1084069002277193,0.0,0.0,0.0,0.14369537336401,0.0,0.0,0.08134689460318856,0.0,0.0,0.015047654329735885,0.0,0.0712493311648042,0.0,0.0,0.0,0.05847360505997592,0.031625184767920325,0.0,0.0,0.062477110129358165,0.33072194132392146,0.0,0.06629779852821847,0.03263019089610564,0.0,0.0,0.0,0.35811136452457526,0.0,0.08418791562979708,0.313913674431615,0.35325109920391484
0.191832958589549,0.0,0.558383748330875,0.030966305302746827,0.0,0.10213831427998699,0.5192605901794491,0.2662139488503732,0.6628488326227954,0.30924920978569753,0.8097271316047101,0.2522263210503265,0.38564231298077,0.0,0.5966217410065564,0.0,0.09775056029029763,0.124504264896925,0.5447487214278485,0.5298225523836109,0.567364182793133,0.37694957405733354,0.2591411508908704,0.0,0.0,0.0,0.38193970988009057,0.5282056060064432,0.2001970638907732,0.4476828014685936,0.16799445044772277,0.17077014167486143,0.06854090852915702,0.2498658025955403,0.0,0.3500739034566757,0.3783427093845938,0.21281384433095923,0.0,0.2275646372528809,0.0,0.0,0.5938879225609521,0.4816439847649039,0.07286185179381946,0.031985666755875,0.40489870709241765,0.4960824883970765,0.3309922866690974,0.5852691453969816,0.1256835479448017,0.5965661645128844,0.4263031261199842,0.4667857230104307,0.24626120583262812,0.7551141641481491,0.15420058234210576,0.508615239789745,0.0,0.5393933410885821,0.07023818498194566,0.3650425843254571,0.1761706452269244,0.6260742109767987,0.5011970069420174,0.50357906131416,0.5923399669842305,0.25405650590292533,0.0,0.10901816242051962,0.20757550295521565,0.34164093892876124,0.5835666978036053,0.11288516788365947,0.4717004263326726,0.0
0.0,0.11901232493206498,0.35472001083165894,0.3362362497296927,0.10213831427998699,0.0,0.34302013918950963,0.5246481705101421,0.370465758491309,0.21905213152689415,0.19774550109761493,0.24754694112329348,0.46725339640490526,0.0,0.25803092804512084,0.530174700419956,0.13883853710086905,0.6282890252285291,0.27049605473414196,0.34906082490365015,0.2686336060882888,0.39436141997768087,0.6428487182330881,0.0010530562456656511,0.42239674683283096,0.31853548895533346,0.4330206975125054,0.02338553334909582,0.6842597983181127,0.13016076420382922,0.0,0.06734613496189777,0.2912068573921472,0.0,0.0,0.2412722625435126,0.025519930287364656,0.0,0.02509505191394136,0.19650730042292466,0.0,0.05234413789925843,0.16310420472958997,0.04151883277454464,0.0,0.23221487001453472,0.24073825581224734,0.3473830194809653,0.024756520091431422,0.17653483768771422,0.725850997893178,0.2347213748518852,0.4642275458502527,0.41577167359945444,0.16379952602429154,0.2541347693969205,0.13242811418181505,0.26058565660373034,0.0,0.040021982984274285,0.27864993373119396,0.27055204485275003,0.5174884722731217,0.2687723511270014,0.4069594063134605,0.0,0.3595608521069557,0.5336182243686665,0.014443068943550852,0.31603259892430735,0.21838802796629492,0.3980228388999165,0.20322838013655128,0.363510621204589,0.15996217392939657,0.12931031164952414
0.0,0.0231741617158715,0.1586674897709618,0.0,0.5192605901794491,0.34302013918950963,0.0,0.34067667871987123,0.2817120361231445,0.4513990121712646,0.3236340437346393,0.2642768114559382,0.47248095688880454,0.0,0.24767843201196846,0.24458270130193466,0.21051887122486027,0.5245185632899897,0.18046100688257652,0.1252200438538028,0.4705536069243533,0.18338096302086154,0.3179937586751478,0.0,0.30000337095316526,0.0,0.30746531151986534,0.2928666411362775,0.49620988923228093,0.2943823683128992,0.14724069783381055,0.1626936647206629,0.21909523693123065,0.3358773389751115,0.05112481411164242,0.23958655081430366,0.3221241970136386,0.2046924815218355,0.0,0.29719716961331094,0.0,0.0,0.4426494725138058,0.277336052222971,0.10635454877463113,0.09577738433268233,0.3917181533306432,0.16919167699474494,0.3247927331434943,0.4202221404152694,0.2774598249035626,0.5913590705143971,0.45234135115052265,0.2678020741024912,0.3321652497268107,0.3958151283793858,0.25964636671981794,0.4463361341406972,0.030933640071052898,0.009240741270741093,0.264491985160405,0.3560739967305039,0.32265618230561954,0.3099854154434438,0.11237543416393773,0.23109692109082022,0.25765485471947996,0.2904725001431378,0.03461599177920249,0.26780798821705587,0.13799556745762376,0.07951863670964526,0.35229092335623335,0.2091661835248824,0.1739713930170255,0.0
0.0,0.0,0.2569676028940059,0.0,0.2662139488503732,0.5246481705101421,0.34067667871987123,0.0,0.29529561150054945,0.5741162613085233,0.23025422890934655,0.22454083689184479,0.0715258903520688,0.0,0.5374248625609911,0.3257550310751488,0.3877438463977064,0.43014818027122703,0.14941856978687817,0.42054791633018107,0.7439296517937909,0.4974257563637225,0.8689841123662815,0.35707023310092156,0.4502490703377118,0.0,0.7018856395810471,0.0,0.6416471358250915,0.0,0.47779664791552273,0.0,0.14075582649074753,0.13759250046455487,0.20478963628982247,0.010837749455091056,0.2279743060590239,0.2229873404004781,0.0,0.32855699744000655,0.0,0.0,0.4281353475591025,0.04182978732661705,0.23080227640392234,0.324580930807466,0.7464774238861261,0.37814093203920934,0.3892530625522226,0.6100009402740076,0.5142824978213777,0.6169266084163774,0.6571754225353869,0.6255282882352495,0.5983564354042359,0.44328531240090774,0.3589870423641568,0.5761843412064255,0.23302713241678255,0.10825186373587456,0.5243831100610659,0.525501793446887,0.4651917235521413,0.3914807218059545,0.3152862585726577,0.5034482863162364,0.5752889619499229,0.7524495334375839,0.1752933494144049,0.6527522680778448,0.5596693334325051,0.304237813535765,0.27003795352750504,0.5458295068052307,0.08675124788817867,0.0
0.09400671722633869,0.0,0.8416523954636079,0.23110099455744573,0.6628488326227954,0.370465758491309,0.2817120361231445,0.29529561150054945,0.0,0.25682078423410487,0.7959791893663799,0.05642265497956106,0.33045157392449703,0.0,0.7115532740339856,0.0,0.06439372668438911,0.27993192443924025,0.803971564883011,0.8259324610274965,0.4481798759882002,0.6124356884408724,0.4196866917759151,0.0,0.0,0.0,0.5880267529906967,0.4723060707080905,0.4867693440883705,0.5515360283698182,0.2442951018603951,0.0,0.09433356657395905,0.13539975770325988,0.0,0.36551286584969434,0.3270141011904579,0.05909503986137572,0.0,0.2126897531794463,0.0,0.0,0.5091464703933716,0.4083162799553378,0.0,0.24755616049925744,0.42432273842742074,0.8318054814874019,0.3091787812509648,0.5198345929890665,0.35038812596638413,0.5441019762809498,0.5408145970597296,0.7635194352832796,0.24389571641388108,0.8127722380846797,0.07200375813545168,0.4625365377221575,0.0,0.5896728816617529,0.32303149863699776,0.3036850717972361,0.391963162425337,0.8382943352469212,0.802465102359157,0.33121854343832663,0.7502992691288953,0.44436852743699307,0.003242666879980649,0.25489896529316575,0.23806603323879388,0.6111935953719273,0.5855093350678552,0.27534118974117805,0.6031204427112158,0.2159495497980462
0.0,0.0,0.2430223134914361,0.0,0.30924920978569753,0.21905213152689415,0.4513990121712646,0.5741162613085233,0.25682078423410487,0.0,0.24008171615803378,0.42101580591624166,0.35437704730076103,0.0,0.44261320296599993,0.10667681547653401,0.7822720293761909,0.489078608029801,0.1113052152618986,0.2696542421886524,0.5934329967906992,0.3337916817981049,0.5760738468988353,0.6004247898555617,0.44391193791890315,0.0,0.5094653909037279,0.4048084786998663,0.4903526254791876,0.17081543046667313,0.709748404368747,0.0,0.16741966153116944,0.5616133845516966,0.32104380311909275,0.0,0.4234916865255337,0.5908417775562644,0.0,0.39234294895859145,0.0,0.0,0.45479431591632236,0.015340230734292193,0.34478759125344083,0.38189037607137893,0.7251499439103941,0.3795035472888064,0.5571523687517558,0.7228836768396851,0.3081677970700584,0.6897570477614854,0.6477871324982674,0.6104741014471396,0.8094267875420313,0.49568416633050794,0.6504710829654573,0.7732700144883009,0.20744716961621046,0.05281390839313593,0.44301466892157393,0.6769592641783603,0.4503293069183814,0.5144066704146415,0.1348765682751519,0.3803051595679166,0.44957243100145206,0.49994977509493005,0.44611099001372756,0.639103846594359,0.5541427901095648,0.05285073744275981,0.49187327823395444,0.3738616127207114,0.0,0.0
0.2013797469891148,0.0,0.7509949411380891,0.16814991426016443,0.8097271316047101,0.19774550109761493,0.3236340437346393,0.23025422890934655,0.7959791893663799,0.24008171615803378,0.0,0.2393590509964769,0.41481675861768647,0.0,0.5464135907353649,0.0,0.06092919634733579,0.14473514705760876,0.8060870655876518,0.6174609514224265,0.45276454937255084,0.34571680667417415,0.2621164989147867,0.0,0.0,0.0,0.36025568531810304,0.611120856399788,0.20708417919278524,0.6182655564469313,0.127314759177854,0.18379590343860708,0.1399056234121468,0.1726103563158931,0.0,0.45378759493307214,0.3798018497681388,0.12651214698233368,0.0,0.2500737722940374,0.0,0.0,0.6004132874779912,0.5292113261772202,0.0,0.0,0.27964857130509285,0.665101933617049,0.2607206547377763,0.4794357198698747,0.21176648659600228,0.5093083798875493,0.46666559640143795,0.5196579107787513,0.19466507636609395,0.8365737369943135,0.17689738969813576,0.4151641295974942,0.0,0.6270050701308447,0.03981628291210591,0.3309681819386325,0.19678649247830005,0.7622708573655187,0.5797574468756996,0.4084301854715965,0.5665108474505841,0.3046750774441174,0.037273300435281084,0.07163563798473374,0.19904562173929796,0.3779863741429252,0.6263492792255612,0.09563085368083496,0.6483201262478384,0.1174688797805922
0.13965050163821416,0.0396262750326537,0.04844418554761876,0.0,0.2522263210503265,0.24754694112329348,0.2642768114559382,0.22454083689184479,0.05642265497956106,0.42101580591624166,0.2393590509964769,0.0,0.46833189276888626,0.0,0.0,0.0,0.3801863369480607,0.38665144706094456,0.14260287922098852,0.0,0.18637037088965558,0.0,0.0901807181571318,0.4364866475584348,0.029584986427639348,0.3343594607062138,0.0,0.42315566224479495,0.0,0.37261036669326264,0.04371222095878591,0.02825375878423715,0.2915886660514756,0.35750433823234484,0.1318380790134854,0.32626970414422873,0.23608619304588016,0.2361018760891775,0.0,0.35692353724553805,0.0,0.0,0.3419364028552072,0.14783355301488732,0.09294248627057866,0.0,0.020362995042934984,0.0,0.24356368167179906,0.23864482913096052,0.10462829452128397,0.2321090170459924,0.3497945597193021,0.0009564691532535363,0.2877895656223432,0.16518876048457062,0.5376898107235408,0.3101524305855796,0.0,0.0,0.0,0.399988186537975,0.11287031997813957,0.19223143561896353,0.0,0.0,0.0,0.0,0.3261690731218823,0.0,0.16557667732286224,0.0,0.27171365692551647,0.0,0.0,0.0
0.3068516133159099,0.0025109011609270593,0.25621097202524323,0.22240258833157192,0.38564231298077,0.46725339640490526,0.47248095688880454,0.0715258903520688,0.33045157392449703,0.35437704730076103,0.41481675861768647,0.46833189276888626,0.0,0.0,0.10493191075117883,0.0,0.34506826611025876,0.3962135178135028,0.3209708386551419,0.09009521464712528,0.1586351775991656,0.0,0.15636455601175497,0.03791217710110362,0.1334556515298702,0.29550585150231,0.0,0.681658029774896,0.2987898913553487,0.6302692012280623,0.0,0.2090149105637491,0.3319327012095341,0.31023754340935406,0.0,0.40270246812146604,0.2807801884197877,0.16709647047010787,0.0,0.3689076883704613,0.0,0.0,0.3207309777672507,0.2962499932964409,0.0,0.0,0.007258207552808149,0.1842077614031619,0.19226502401098933,0.189486330076439,0.3669756130154136,0.19834499892910537,0.42132343992915344,0.13245844233194715,0.1641622271785765,0.3476414466803129,0.376097284362899,0.4223766886183583,0.0,0.08021870734065437,0.0,0.3563338897595583,0.3914246607655357,0.29324358708468934,0.12399399254592713,0.0,0.12371490486293982,0.18522601319729573,0.21054799847389988,0.04974420202468993,0.19009537332944515,0.0,0.5438834280098039,0.11526273378223181,0.18316727258469342,0.05305533744559833
0.0,0.3942820563488809,0.0,0.1932144396315232,0.0,0.0,0.0,0.0,0.0,0.0,0.0,0.0,0.0,0.0,0.0,0.2898002582205882,0.0,0.0,0.0,0.0,0.0,0.0,0.0,0.028193044794771624,0.24977917111986941,0.24460557338846972,0.0,0.0,0.0,0.0,0.0,0.0,0.0,0.0,0.1136617109287489,0.0,0.0,0.0,0.1326961005732706,0.0,0.3283929199457389,0.39326323745751945,0.0,0.0,0.07454080979489104,0.0,0.0,0.0,0.0,0.0,0.0,0.0,0.0,0.0,0.0,0.0,0.0,0.0,0.14080392708161601,0.0,0.0,0.0,0.0,0.0,0.0,0.0,0.0,0.0,0.0,0.0,0.0,0.0,0.0,0.0,0.0,0.15412723629032946
0.0,0.0,0.6551048229282008,0.0,0.5966217410065564,0.25803092804512084,0.24767843201196846,0.5374248625609911,0.7115532740339856,0.44261320296599993,0.5464135907353649,0.0,0.10493191075117883,0.0,0.0,0.0,0.23432376172499,0.2209332146772339,0.48832179375836104,0.8522801143600693,0.6614095877915357,0.8216746046585872,0.6181098605944555,0.0,0.1599434882772354,0.0,0.7854479146694169,0.19108913950198178,0.5294217415127087,0.1412019158177755,0.4692186339007259,0.0,0.0,0.10725677454859564,0.0,0.0,0.298463782799825,0.1862195195047235,0.0,0.20723439184688217,0.0,0.0,0.38516607406621317,0.25087065688788696,0.15687901289237216,0.3049640510195213,0.7605222187739702,0.7409691282669637,0.36010402007198783,0.6326256129400123,0.40951080038619336,0.6549832978312673,0.5298767569807207,0.8395461634262729,0.45188338287834223,0.7340412880648279,0.14364128009931348,0.6724889841446393,0.09616861972725156,0.6456489650734818,0.5392235173938773,0.3958504725807207,0.4533001595710398,0.7094562192669538,0.7778268460094262,0.6070831305457303,0.9165408950256086,0.6096461353362357,0.0,0.6005483551967767,0.4875952734800524,0.6836213919347562,0.5076656302222059,0.4728010268278199,0.4485947751978841,0.049596309154399665
0.0,0.39729862267039495,0.0,0.06046040733064956,0.0,0.530174700419956,0.24458270130193466,0.3257550310751488,0.0,0.10667681547653401,0.0,0.0,0.0,0.2898002582205882,0.0,0.0,0.09778816939205709,0.5872234751112264,0.0,0.0,0.09581245174202929,0.2983235177977822,0.36066154273006557,0.07382099728112129,0.7028329965704324,0.316837430964885,0.2773440849256671,0.0,0.5502338345011958,0.0,0.08227648510175989,0.0,0.24381182697110937,0.0,0.09790170884235662,0.0,0.0,0.0,0.13154265532247528,0.0734324596136118,0.08608341236280001,0.26421711556183836,0.0,0.0,0.01980080130825712,0.3040794981148574,0.13162579103230382,0.0,0.0,0.0,0.3485927556829785,0.04683584723885606,0.006054038403938394,0.09080033012472508,0.06123899958883858,0.0,0.0,0.0,0.0,0.0,0.40846208995640293,0.0,0.29872970087035955,0.0,0.10346973503646176,0.0,0.05968895237602584,0.2021590398081777,0.0,0.31817632836356047,0.07975420560614277,0.24005045066967196,0.0,0.2796445151819163,0.0,0.1427773486231309
0.0,0.0,0.14487882389093493,0.0,0.09775056029029763,0.13883853710086905,0.21051887122486027,0.3877438463977064,0.06439372668438911,0.7822720293761909,0.06092919634733579,0.3801863369480607,0.34506826611025876,0.0,0.23432376172499,0.09778816939205709,0.0,0.46740371091856414,0.06857975618930931,0.08644936171289158,0.33153485108306074,0.1395659976781975,0.403511726127308,0.6862096972389127,0.3995967846253179,0.0,0.27420441182505184,0.5023613866037874,0.3373911713864767,0.1436028806310387,0.7655126387884169,0.0,0.1625564966636202,0.5451044338192197,0.5564125168612943,0.0,0.25015150791025187,0.6938917666208207,0.0,0.3139357455851324,0.0,0.0,0.2784366214365168,0.0,0.32307310101043996,0.31200100552543686,0.48029738475304984,0.19773581880208702,0.3941110865237824,0.4284588542671639,0.2186132101716396,0.41567325358301777,0.44292623777877255,0.3797186671084821,0.5417926060043787,0.26388711642688356,0.5228541903267028,0.5935654850723935,0.2197696019354337,0.0,0.22729916202194034,0.34890223804672293,0.23355574019046962,0.32969253650265307,0.0,0.17008250957387197,0.25362514225583044,0.3196649425745577,0.4812641875529815,0.41982183655709754,0.3866056502829142,0.0,0.433932761570675,0.2362770135179559,0.0,0.0
0.0,0.05824353722243847,0.2575012410772376,0.0,0.124504264896925,0.6282890252285291,0.5245185632899897,0.43014818027122703,0.27993192443924025,0.489078608029801,0.14473514705760876,0.38665144706094456,0.3962135178135028,0.0,0.2209332146772339,0.5872234751112264,0.46740371091856414,0.0,0.2334911132431888,0.20929015957697295,0.32185109279873575,0.31011788109764976,0.48833491979975785,0.23902948751774192,0.560238243659858,0.18915344612738844,0.41522850360050545,0.2218095740344712,0.6626186678473702,0.25344604645282653,0.2680704079658105,0.0,0.3593946956889338,0.19759339171182033,0.16556711116864928,0.12204673355790151,0.16923633113734485,0.13948129861380287,0.0,0.35053208106818834,0.0,0.0,0.23365460365137145,0.0,0.04125610811212761,0.2886496983872291,0.38002400030613204,0.2842687793868272,0.3599565572875939,0.3473183208733205,0.522187216325624,0.4671933271599522,0.4388321205005677,0.44614917399398196,0.4096559359367724,0.2975259271565873,0.3813765806231276,0.42241979483352365,0.0,0.0,0.3598193006475875,0.350918796444422,0.49549451792989885,0.3313685505460592,0.22499355174350233,0.0,0.3143125905723808,0.3622993231933057,0.18623533715619986,0.4013327554817841,0.2849168246719848,0.14789253511917774,0.3095433651744379,0.2224913131287296,0.045364747030785274,0.0
0.1315647752336369,0.0,0.807084088284824,0.2899156529115306,0.5447487214278485,0.27049605473414196,0.18046100688257652,0.14941856978687817,0.803971564883011,0.1113052152618986,0.8060870655876518,0.14260287922098852,0.3209708386551419,0.0,0.48832179375836104,0.0,0.06857975618930931,0.2334911132431888,0.0,0.6658256528738502,0.25903356778549713,0.41763339693207757,0.22937776761263942,0.0,0.0,0.0,0.31216507891046363,0.5707903953429994,0.252781647615269,0.646196648355583,0.24290030806250476,0.051501129678733965,0.1761699120312541,0.03291780039672344,0.0,0.40278719490991144,0.2509513637858759,0.029076739619700337,0.06197448569528849,0.2003819482901123,0.007223945855067665,0.0,0.41224607712509054,0.48123186723557065,0.0,0.0029883241743441646,0.14292609565912592,0.6959802529903464,0.2017248549691194,0.30625281776429614,0.232924571242313,0.35215173641487124,0.35213952446496105,0.5124137279730631,0.07473990718549303,0.7143894735483294,0.10604666401292168,0.27645303838356594,0.0,0.6068898191384184,0.11531088120453237,0.10374594730557134,0.1822811675357981,0.755657827553261,0.6738328719296693,0.2164561621776309,0.5716023509569705,0.27058074716678443,0.12083345360743264,0.052716575287537204,0.10613574048576707,0.4506742177739394,0.5847449041842044,0.14751199793129383,0.7140517929151435,0.3108263742545067
0.0,0.0,0.8056465423149844,0.24083426492653842,0.5298225523836109,0.34906082490365015,0.1252200438538028,0.42054791633018107,0.8259324610274965,0.2696542421886524,0.6174609514224265,0.0,0.09009521464712528,0.0,0.8522801143600693,0.0,0.08644936171289158,0.20929015957697295,0.6658256528738502,0.0,0.5082790547171221,0.8244910526133624,0.5605349004146241,0.0,0.0,0.0,0.8061692077077837,0.20653990663152227,0.5445396758072384,0.257791892254688,0.40805756935187554,0.0,0.0,0.0,0.0,0.09840778697586113,0.2865104205305403,0.02338019195073407,0.0,0.08743051720276426,0.0,0.0,0.3553206656269134,0.22804887287993542,0.029229131945556652,0.2366724185687172,0.6109232151371804,0.8698641513738234,0.34309954018877,0.5616198325605679,0.41486271985235984,0.5687248508288862,0.46606451111007474,0.856012802943651,0.3031384856195074,0.7525238285469551,0.01884375109923378,0.5041762182314938,0.010358705166770177,0.6801205261016625,0.502323505084433,0.28694764243771853,0.4238190809830572,0.7760607053622396,0.8945668731482068,0.45775168315318926,0.890680356570279,0.5769823031762663,0.0,0.48610188844121804,0.3489425407191761,0.793052591300203,0.43518699102327285,0.41336713174657624,0.5459837419411633,0.19008190581390608
0.09311846211522445,0.0,0.31208892291608925,0.0,0.567364182793133,0.2686336060882888,0.4705536069243533,0.7439296517937909,0.4481798759882002,0.5934329967906992,0.45276454937255084,0.18637037088965558,0.1586351775991656,0.0,0.6614095877915357,0.09581245174202929,0.33153485108306074,0.32185109279873575,0.25903356778549713,0.5082790547171221,0.0,0.5541870029899958,0.6910053868294252,0.22403211259574585,0.3744694569172399,0.0,0.6245828583779611,0.19674504854194222,0.5593171261879358,0.09600710357009806,0.44746684486391297,0.050078649232504546,0.15572366550308847,0.19462055199153533,0.09259986312578991,0.0902853579789413,0.38359449114004873,0.2242058828031806,0.01780364617559249,0.4978717774032747,0.0,0.0,0.6381370271820721,0.3628032214611662,0.25733372202165167,0.39932847840941066,0.7887016932918585,0.45259330336982484,0.4454105737812655,0.7220158089329954,0.4600824808761973,0.7957117586127007,0.6691141622891297,0.6228432818992271,0.6131068655509706,0.6227807502654595,0.3401400554102334,0.7542221628211756,0.2858787261572838,0.33715848360316003,0.5296000140580049,0.5717029160050444,0.4707086013762597,0.5232601125548857,0.45743685998144556,0.7817196946816698,0.682494384668902,0.6963026045435741,0.16506312154337827,0.6502336421117072,0.6529626927913448,0.37400362101726364,0.5882127179062264,0.5787615463354832,0.3008661215854931,0.0
0.0,0.0,0.5811701274354616,0.10956918062275262,0.37694957405733354,0.39436141997768087,0.18338096302086154,0.4974257563637225,0.6124356884408724,0.3337916817981049,0.34571680667417415,0.0,0.0,0.0,0.8216746046585872,0.2983235177977822,0.1395659976781975,0.31011788109764976,0.41763339693207757,0.8244910526133624,0.5541870029899958,0.0,0.5958271186264351,0.0,0.3669108277916135,0.0,0.7901032736548563,0.0,0.6399858685379712,0.0,0.38614831573701286,0.0,0.03923364385929387,0.0,0.0,0.0,0.029882982016319767,0.0,0.0,0.16196736219943667,0.0,0.0,0.23741102983115797,0.054164981122632586,0.09429265510446182,0.44984394347556234,0.640618287867053,0.6581037055585366,0.15148988481961642,0.45130137512829693,0.4489326974415,0.5256229394687741,0.3946825654384942,0.773754711578284,0.33257256931193235,0.5351648232092598,0.02460323552509014,0.4704405968625568,0.024137015988474814,0.5446313436712635,0.6483996498481241,0.2641939436521539,0.4689185631920254,0.5635576032187115,0.8230828790095185,0.440993289262489,0.8654478575688437,0.5282839309556435,0.0,0.581253953730757,0.4077857272997848,0.794760523520172,0.3087653507497483,0.5659649774608017,0.39464127711990477,0.13015369645089803
0.0,0.0,0.42262821403024486,0.0,0.2591411508908704,0.6428487182330881,0.3179937586751478,0.8689841123662815,0.4196866917759151,0.5760738468988353,0.2621164989147867,0.0901807181571318,0.15636455601175497,0.0,0.6181098605944555,0.36066154273006557,0.403511726127308,0.48833491979975785,0.22937776761263942,0.5605349004146241,0.6910053868294252,0.5958271186264351,0.0,0.2947058632145822,0.4597354019928463,0.0,0.7901305423629053,0.014280999391358296,0.7804192725849206,0.0,0.5405747148549681,0.0,0.11465597301045337,0.12015665662501109,0.12079099943469737,0.025426208159755298,0.29433498092884847,0.20345243111658012,0.0,0.2876255950989016,0.0,0.0,0.43127663368547153,0.037344504308918766,0.18828293657078393,0.44595239499673633,0.7912931420634999,0.5746400399305001,0.3907585601219032,0.6668406483731235,0.6982927999613084,0.6452568521200368,0.7601605501140124,0.7594495487221387,0.6345037614991627,0.5313335529240514,0.3084215362402562,0.6682316200408871,0.28177995330180095,0.15925701566255043,0.6175408498368271,0.5300310249197773,0.6572106295689755,0.5069854554356275,0.4725928102968198,0.42079598929784173,0.6560806480769259,0.8944246771697694,0.19523087465718858,0.7548583418594804,0.6147650333971039,0.46447933087076043,0.3781162826707181,0.5984921418768729,0.11681608810591274,0.0
0.0,0.0,0.0,0.0,0.0,0.0010530562456656511,0.0,0.35707023310092156,0.0,0.6004247898555617,0.0,0.4364866475584348,0.03791217710110362,0.028193044794771624,0.0,0.07382099728112129,0.6862096972389127,0.23902948751774192,0.0,0.0,0.22403211259574585,0.0,0.2947058632145822,0.0,0.32209145897452873,0.0,0.03336865644280107,0.24311330813829884,0.035345979047040704,0.0,0.6285095214114905,0.0,0.1266581828652517,0.395980450142126,0.589509320871319,0.0,0.09503103296222289,0.6082080045326868,0.0,0.30000475517564845,0.0,0.0,0.18864154318834112,0.0,0.4114088776484635,0.25647866164179084,0.24455369927930326,0.0,0.2318629140159092,0.21468356151842127,0.09771803827585462,0.17836688430614261,0.25934192704731573,0.10810789358933753,0.505383777713188,0.0,0.5332692905777755,0.33467867678951363,0.15186451606122675,0.0,0.16747297435474184,0.2820180492141684,0.11377989371941999,0.08777851932970293,0.0,0.13250016838834067,0.05324581268170528,0.1838570762993305,0.6855395803091497,0.2742385642292616,0.3669384325242724,0.0,0.240771391532408,0.13610783021594008,0.0,0.0
0.10047875547906465,0.36481756639338,0.0,0.0,0.0,0.42239674683283096,0.30000337095316526,0.4502490703377118,0.0,0.44391193791890315,0.0,0.029584986427639348,0.1334556515298702,0.24977917111986941,0.1599434882772354,0.7028329965704324,0.3995967846253179,0.560238243659858,0.0,0.0,0.3744694569172399,0.3669108277916135,0.4597354019928463,0.32209145897452873,0.0,0.3253787400455176,0.3320798651693293,0.0,0.583156658445647,0.0,0.27518111910661647,0.046374954159024984,0.2837679491791193,0.09262857408018452,0.32237680683465025,0.0,0.0,0.12406476231410596,0.056460345501309545,0.24067899410533886,0.0,0.00523544105217047,0.0,0.0,0.13061972088360574,0.3833858844254023,0.3648745739977667,0.0,0.0,0.09058547349080467,0.47106085758773714,0.18306607196089233,0.18713223017586497,0.19307147746322084,0.31946603465144685,0.0,0.2013826540946743,0.31882925160687675,0.22176655313911214,0.0,0.43154621309559266,0.16991212889820456,0.35259181686440777,0.0,0.06580126159858368,0.18987007768212913,0.1887594153644503,0.3558960879811761,0.1082525418443715,0.5604680637135312,0.43491549723049927,0.20693782716899317,0.15159953334845436,0.5076638915331708,0.0,0.0
0.482464775545073,0.7181056331718988,0.0,0.15781048977698828,0.0,0.31853548895533346,0.0,0.0,0.0,0.0,0.0,0.3343594607062138,0.29550585150231,0.24460557338846972,0.0,0.316837430964885,0.0,0.18915344612738844,0.0,0.0,0.0,0.0,0.0,0.0,0.3253787400455176,0.0,0.0,0.0,0.0,0.029145516987082287,0.0,0.3659102776676112,0.3681433127132154,0.0,0.0,0.18131359885088918,0.0,0.0,0.25317924708848116,0.13026128560127895,0.35705200121430414,0.3986820556018967,0.0,0.0,0.0,0.0,0.0,0.0,0.0,0.0,0.12075586243127684,0.0,0.0,0.0,0.0,0.0,0.0,0.0,0.0,0.0,0.0,0.0,0.0,0.0,0.0,0.0,0.0,0.0,0.0,0.0,0.0,0.0,0.0,0.0,0.0,0.052033784283094686
0.0,0.0,0.531408476070151,0.07247454789620944,0.38193970988009057,0.4330206975125054,0.30746531151986534,0.7018856395810471,0.5880267529906967,0.5094653909037279,0.36025568531810304,0.0,0.0,0.0,0.7854479146694169,0.2773440849256671,0.27420441182505184,0.41522850360050545,0.31216507891046363,0.8061692077077837,0.6245828583779611,0.7901032736548563,0.7901305423629053,0.03336865644280107,0.3320798651693293,0.0,0.0,0.0,0.7774524162337692,0.0,0.5490222348989359,0.0,0.0,0.11451111370942392,0.011910712041603128,0.0,0.2779911921072897,0.19087899311702908,0.0,0.09465851349472326,0.0,0.0,0.32657914292724427,0.0,0.17842733814372433,0.42041368996952216,0.8619874580235346,0.7009260503128601,0.46227296080499375,0.6861161065271257,0.4547180790200987,0.7120569093044528,0.5397308868836861,0.8951932668971012,0.5202058914542934,0.6091989479913649,0.08771971344376424,0.5919635950930202,0.10406350034708858,0.31035458871827715,0.7467827079506775,0.413251034463576,0.48881997073384387,0.6398707440420006,0.6766429819155083,0.4643397030626949,0.8059751526165209,0.7166263285509366,0.0,0.7450097272829036,0.4173875123790157,0.7203974956509847,0.2801163540742588,0.51011850647122,0.2449322949869689,0.0
0.3455294627002298,0.0,0.44170498260782987,0.08136169707264135,0.5282056060064432,0.02338553334909582,0.2928666411362775,0.0,0.4723060707080905,0.4048084786998663,0.611120856399788,0.42315566224479495,0.681658029774896,0.0,0.19108913950198178,0.0,0.5023613866037874,0.2218095740344712,0.5707903953429994,0.20653990663152227,0.19674504854194222,0.0,0.014280999391358296,0.24311330813829884,0.0,0.0,0.0,0.0,0.04707947683907393,0.7991652494201804,0.38354540165220774,0.0,0.20671905104146637,0.38271349689670686,0.12909550509593962,0.4461056356819285,0.44906014288340657,0.40262040773574714,0.0,0.43482996966736664,0.0,0.0,0.4857612061416056,0.5233789478504298,0.1471472281361877,0.028717261794527105,0.10055095170879472,0.31878510369000046,0.3515700110216854,0.3182849924654977,0.10963113107613176,0.3553272566118174,0.36946681894184963,0.22016337063024002,0.26491896471512977,0.49542569943638914,0.4262137986243655,0.4656935854891447,0.0,0.3097550825239128,0.0,0.25116613652106246,0.17761823230985854,0.49543686426277495,0.1855486634752256,0.16525936110732378,0.22125033355216187,0.10815837868081657,0.44214605982156585,0.0,0.21534817510461987,0.0,0.7445512862213436,0.0,0.3772899578458377,0.0530876839775814
0.0,0.0,0.39620972422983364,0.16726405999513466,0.2001970638907732,0.6842597983181127,0.49620988923228093,0.6416471358250915,0.4867693440883705,0.4903526254791876,0.20708417919278524,0.0,0.2987898913553487,0.0,0.5294217415127087,0.5502338345011958,0.3373911713864767,0.6626186678473702,0.252781647615269,0.5445396758072384,0.5593171261879358,0.6399858685379712,0.7804192725849206,0.035345979047040704,0.583156658445647,0.0,0.7774524162337692,0.04707947683907393,0.0,0.08094125556882209,0.3898538828315201,0.0,0.17116083070581498,0.09413052232185151,0.07011344827967748,0.05790942750297501,0.15115019795008364,0.06437995205218622,0.0,0.26138371263547305,0.0,0.0,0.2808368255592313,0.0761215192089969,0.07061196323999086,0.48143899864666984,0.6636196439903435,0.5492135083139755,0.2867315039888347,0.4284925139564417,0.6628740317119965,0.5941695649226155,0.5687756695262189,0.7165817522010955,0.4243956783682057,0.40750491634108565,0.10094470475203668,0.6057547056556997,0.08638191737184722,0.08189142087158335,0.742369039851682,0.36046518753680973,0.6214452078846315,0.46974967878755547,0.5471372926474416,0.3177364741739724,0.597296765036031,0.730891441350074,0.061657623216445634,0.7263416849238886,0.41743292705000173,0.5861985044740473,0.36014912870994,0.6473669759724091,0.23402136243338578,0.1570556908371031
0.32618639721991444,0.0,0.49090279460167596,0.12870811633766938,0.4476828014685936,0.13016076420382922,0.2943823683128992,0.0,0.5515360283698182,0.17081543046667313,0.6182655564469313,0.37261036669326264,0.6302692012280623,0.0,0.1412019158177755,0.0,0.1436028806310387,0.25344604645282653,0.646196648355583,0.257791892254688,0.09600710357009806,0.0,0.0,0.0,0.0,0.029145516987082287,0.0,0.7991652494201804,0.08094125556882209,0.0,0.09939487312704154,0.1567144380951324,0.2858167483514463,0.23476938590641477,0.0,0.5198069339562414,0.41555877599814073,0.06943198503326084,0.0,0.4081186994162616,0.07447837942551247,0.0,0.4224313757024969,0.45341942643212263,0.0,0.0,0.0,0.39868043735119085,0.2629503586151877,0.2409347328676465,0.1970424860130907,0.26971333336694037,0.35957370493452767,0.21231493642369292,0.11232152651109073,0.4829275653769375,0.3076529302768231,0.30039835856488417,0.0,0.3474105063006601,0.0,0.17630376574772538,0.2198967321219037,0.49581674427523964,0.2552618083294963,0.0,0.19028629846822798,0.0765608718127862,0.27795911736468376,0.0,0.11207013296202545,0.0,0.6069737828030684,0.0,0.4569157647172791,0.15293721573395908
0.0,0.0,0.28963385380393597,0.0,0.16799445044772277,0.0,0.14724069783381055,0.47779664791552273,0.2442951018603951,0.709748404368747,0.127314759177854,0.04371222095878591,0.0,0.0,0.4692186339007259,0.08227648510175989,0.7655126387884169,0.2680704079658105,0.24290030806250476,0.40805756935187554,0.44746684486391297,0.38614831573701286,0.5405747148549681,0.6285095214114905,0.27518111910661647,0.0,0.5490222348989359,0.38354540165220774,0.3898538828315201,0.09939487312704154,0.0,0.0,0.028837757085495686,0.405871610205086,0.46066872141269877,0.0,0.28986536079347885,0.6369808678688237,0.0,0.26698890954698673,0.0,0.0,0.31421888857034186,0.028124600690086293,0.46216844314277694,0.4168573757273105,0.7234296027853654,0.41465074577946553,0.5109558365957015,0.5678127963001721,0.15579124118027518,0.5430601094898426,0.45330404858806816,0.5966930853358227,0.6238017037675001,0.4292772746583828,0.3785302732935835,0.6300119004285685,0.23601187029803034,0.1418399313393256,0.537499162500818,0.34215486200677747,0.24121987921989058,0.49111782162393547,0.2670377897134508,0.4298245898964055,0.4925658767577332,0.5266628154233657,0.48065309905000675,0.6150620165124296,0.4784575935242735,0.2383434868981888,0.4937566137018531,0.38681730379293383,0.10932040803168988,0.0
0.39874629249051274,0.36078521858157775,0.0,0.06485105495982596,0.17077014167486143,0.06734613496189777,0.1626936647206629,0.0,0.0,0.0,0.18379590343860708,0.02825375878423715,0.2090149105637491,0.0,0.0,0.0,0.0,0.0,0.051501129678733965,0.0,0.050078649232504546,0.0,0.0,0.0,0.046374954159024984,0.3659102776676112,0.0,0.0,0.0,0.1567144380951324,0.0,0.0,0.26308315587522424,0.06557105308779321,0.0,0.2080014614171462,0.0,0.0,0.586338040771542,0.1791959833911922,0.49719354296886764,0.2057996275718853,0.14166654749996266,0.2712119973699224,0.0,0.0,0.0,0.0,0.0,0.0,0.15055340171824644,0.0,0.0,0.0,0.0,0.05023901544115719,0.0,0.0,0.0,0.10180751857082761,0.0,0.0,0.0,0.0,0.0,0.06927035823736169,0.0,0.0,0.0,0.0,0.0,0.05648512360527848,0.14274810216916184,0.08596479081604606,0.3196525600323137,0.25194186904405036
0.28535839539661784,0.16537303823610136,0.01870477802693997,0.0,0.06854090852915702,0.2912068573921472,0.21909523693123065,0.14075582649074753,0.09433356657395905,0.16741966153116944,0.1399056234121468,0.2915886660514756,0.3319327012095341,0.0,0.0,0.24381182697110937,0.1625564966636202,0.3593946956889338,0.1761699120312541,0.0,0.15572366550308847,0.03923364385929387,0.11465597301045337,0.1266581828652517,0.2837679491791193,0.3681433127132154,0.0,0.20671905104146637,0.17116083070581498,0.2858167483514463,0.028837757085495686,0.26308315587522424,0.0,0.26673833296199845,0.041760238569679406,0.13406159972037215,0.011401117841151415,0.06829683125073904,0.17627152872953641,0.5528638007095842,0.19162268548546346,0.05975622982060552,0.2033572036014606,0.1832725387744808,0.0,0.11941023664811698,0.02691244306882723,0.0,0.003265071006202408,0.052523557241486926,0.13538925970915877,0.13446748476404446,0.17540998662539062,0.028108282594920084,0.09075938467939787,0.12503463689430683,0.12289197390308335,0.14636537106231004,0.006451708963686534,0.0,0.02350402964786366,0.12675287516247769,0.14668232941109285,0.07812401318940593,0.06812864158758239,0.0,0.05728540995699144,0.026517537106517317,0.1254376579776892,0.02881121166656178,0.2362915896369066,0.0,0.3088811773772255,0.04620945644282845,0.15534428250405985,0.09049760748781573
0.02108950077212901,0.0,0.032501856193083614,0.0,0.2498658025955403,0.0,0.3358773389751115,0.13759250046455487,0.13539975770325988,0.5616133845516966,0.1726103563158931,0.35750433823234484,0.31023754340935406,0.0,0.10725677454859564,0.0,0.5451044338192197,0.19759339171182033,0.03291780039672344,0.0,0.19462055199153533,0.0,0.12015665662501109,0.395980450142126,0.09262857408018452,0.0,0.11451111370942392,0.38271349689670686,0.09413052232185151,0.23476938590641477,0.405871610205086,0.06557105308779321,0.26673833296199845,0.0,0.2698812246124563,0.0,0.16334628544443833,0.7342648938638886,0.0,0.34959016064663245,0.0,0.0,0.3086722877842215,0.07029901142323589,0.16632741266397583,0.19367614289848856,0.2647667663308724,0.10319971153920698,0.37162105811924007,0.34671878325802385,0.0,0.347915459974866,0.35681789677082104,0.2346145922361184,0.30345419758607717,0.34411913171822606,0.2767266949438988,0.40443084741068785,0.19963552106250165,0.0,0.0710244363798311,0.45671171601807187,0.09517102328027313,0.30187457430111936,0.0,0.10514661386847993,0.1074189834639048,0.11216106846269398,0.29498155648460517,0.11188900516561454,0.14250795920057824,0.0,0.39163477469070795,0.0,0.0,0.0
0.0,0.0,0.0,0.0,0.0,0.0,0.05112481411164242,0.20478963628982247,0.0,0.32104380311909275,0.0,0.1318380790134854,0.0,0.1136617109287489,0.0,0.09790170884235662,0.5564125168612943,0.16556711116864928,0.0,0.0,0.09259986312578991,0.0,0.12079099943469737,0.589509320871319,0.32237680683465025,0.0,0.011910712041603128,0.12909550509593962,0.07011344827967748,0.0,0.46066872141269877,0.0,0.041760238569679406,0.2698812246124563,0.0,0.0,0.0,0.5173890269599,0.0,0.08529958770794169,0.0,0.0,0.009233458658937918,0.0,0.2705774920780346,0.13454062338726686,0.1873555825427513,0.0,0.18038725823155038,0.0873376648266847,0.0,0.12424361637170483,0.0,0.0,0.19826608412387425,0.0,0.16539202528787694,0.14108459660887424,0.10989032369531697,0.0,0.16295797942499107,0.01932688092178613,0.0,0.0,0.0,0.03161416686653479,0.0,0.05784036790912314,0.448609977448886,0.16368318210871535,0.05992500420143991,0.0,0.13883330159709542,0.09541657539273717,0.0,0.0
