0.0,0.5208600042047801,0.33547228211115393,0.0,0.0,0.46990798808818535,0.5023210116771155,0.4955614279845172,0.4907261637554171,0.20112016810145716,0.06523081125173012,0.32299342725032976,0.6810761894064754,0.0,0.3973194429130193,0.0,0.5820825127105347,0.17186520715614614,0.5110196725703595,0.0,0.48257075108354347,0.06328933489075123,0.58294010926383,0.6325301265189504,0.6326734002669412,0.7684880814222874,0.5210464993422973,0.39868918771358386,0.17986595409941492,0.3352661766456173,0.39557095488849336,0.14749759201244844,0.0,0.024568308693342922,0.0,0.1203731798190581,0.13355087794862386,0.16176133577764948,0.5174793043149597,0.49520432529165526,0.4386725657127536,0.13791100995696381,0.0,0.0,0.0,0.7866881778905116,0.6747313320528758,0.3532054669920657,0.0,0.1643368502575581,0.22986306364861306,0.5428825895541629,0.5586820973791756,0.5933377348096228,0.42494529747523013,0.2919579852828098,0.13844513657266405,0.377643729535291,0.0,0.45738460828134453,0.5400403144114875,0.54622731249093,0.6929122490290438,0.28467349826006966,0.4824587114524066,0.5309874825830743,0.5378162618787273,0.6109341967921151,0.6467828775133824,0.6098881223608952,0.6731767868393284,0.5705947427060076,0.3502835651076804,0.2567038185176511,0.038494933393668274,0.38357884874790094
0.5208600042047801,0.0,0.2934100258350826,0.0,0.0,0.6024993211500311,0.37441370538739766,0.443796494348897,0.2425849220236156,0.21862987369219822,0.06459597592496194,0.21874997849805136,0.560946710134193,0.0,0.2625235463684163,0.0,0.5503265304900439,0.4941980159845588,0.41575786007701165,0.0,0.407966054964977,0.0,0.59024246803306,0.4296887126722122,0.5976508598325548,0.8258765515956408,0.3111835311407906,0.04831785466480737,0.037898188744701966,0.18656238579452078,0.0,0.11029117334677781,0.0,0.0,0.0,0.011595231850223597,0.14697106170824673,0.0,0.37073510715662306,0.35562305197357347,0.2644562719235034,0.1118324867724606,0.0,0.0,0.0,0.5396110556368152,0.6795472524774104,0.15602954251567044,0.0,0.0,0.1387776352919553,0.3184308121280285,0.40872001477436315,0.2862835466070993,0.43631039398625965,0.2512158173958332,0.1256070572321379,0.17511721999251714,0.0,0.5189819298713073,0.30359414241976745,0.5817478547116965,0.46285036745793995,0.22446091675034677,0.5350839272417564,0.5691238405733612,0.6026523382367176,0.5431144203846026,0.3730896191253493,0.6669354746323535,0.63628796049707,0.5129916738950138,0.0,0.16414208564543525,0.0,0.15641676035628418
0.33547228211115393,0.2934100258350826,0.0,0.0,0.13077120240571433,0.635773167141508,0.11804185683627078,0.31288855470607413,0.7026549223566826,0.0,0.6784514092504931,0.03351876349677163,0.39741127924745884,0.0,0.5457096523161884,0.0,0.3145769668042297,0.22878799296942098,0.7081316528699018,0.4535462481967472,0.14140881934737523,0.43022345497648046,0.5480679910212775,0.24709104650908575,0.5091143402225268,0.4186244801290211,0.7350833921295725,0.2595656639649843,0.12579724464317568,0.140520334225355,0.0885157546813734,0.0,0.0,0.0,0.0,0.1379858325661224,0.07821215145822999,0.014757999533674071,0.07055797380653023,0.0,0.2457220143010235,0.0,0.0,0.0,0.0,0.2575397378544102,0.363331995009955,0.8743192208806787,0.0,0.0,0.39238450345725634,0.07864332531079665,0.347390896237863,0.6646660128197113,0.19977252425931988,0.6960357061457474,0.01276157221530888,0.09323705837183571,0.0,0.3068095151468229,0.2897529931154823,0.14236302785956034,0.3975143299543463,0.6377530639484661,0.44710438898199656,0.2084208132465279,0.4067674838147986,0.581404608783443,0.2471790308839083,0.35450923947390334,0.3526328978918116,0.5712272420142822,0.37997107248117035,0.058971782251725974,0.0,0.27740256969251864
0.0,0.0,0.0,0.0,0.28307844201893234,0.0,0.0,0.0,0.0,0.0,0.0,0.0,0.0,0.5477547945837621,0.0,0.2812516894275333,0.0,0.0312090349355557,0.0,0.040696723227267154,0.0,0.04270817343996905,0.0,0.0,0.0,0.0,0.0,0.0,0.004915988055320175,0.0,0.0,0.1545057931644875,0.371936474178757,0.04654937676113641,0.18824774817132844,0.0,0.0,0.0,0.0,0.0,0.0,0.0,0.3853762295485189,0.24758454416125975,0.13762020426444835,0.0,0.0,0.0,0.394421279167469,0.0,0.09669026073226444,0.0,0.0,0.0,0.0,0.0,0.0,0.0,0.33162482761932655,0.0,0.0,0.0,0.0,0.0,0.0,0.0,0.0,0.0,0.0,0.0,0.0,0.0,0.0,0.0,0.15665278175631853,0.0
0.0,0.0,0.13077120240571433,0.28307844201893234,0.0,0.09156276413018893,0.25300226746868515,0.0,0.19016236708391776,0.0,0.17749318386338836,0.0,0.1643586969582927,0.4084537093929569,0.12281834242399337,0.232517046368211,0.004684874641695952,0.059195525576202834,0.0,0.41961630686613977,0.18142502782449116,0.31253798836799523,0.0,0.0,0.22474572803764312,0.0,0.24029667596009444,0.3059779467792021,0.3777811534110463,0.0,0.1625602683402136,0.22357734203560511,0.2711302770376445,0.2464661598817832,0.21553862889315495,0.19128164336689285,0.03152304523812485,0.1578914752515386,0.0,0.07166600107885791,0.0,0.0,0.25748053979587215,0.194392644146003,0.23375792503674359,0.0,0.008734618852943743,0.2308915086187741,0.10226207180110441,0.0,0.22892891731007176,0.016466665227385657,0.0,0.1543342737676593,0.0,0.235917654845479,0.0,0.09644652919942207,0.3147560818578316,0.0,-3.0302384169206276e-05,0.0,0.0,0.04933415755702558,0.0,0.0,0.0,0.0,0.028547032736809308,0.0,0.0,0.0,0.3710163596886086,0.13149935568892462,0.3680952460376927,0.10659703617908162
0.46990798808818535,0.6024993211500311,0.635773167141508,0.0,0.09156276413018893,0.0,0.24574008935144803,0.6235370436644541,0.6396583542338724,0.0,0.3718196294229631,0.05284538101236258,0.5337662629984471,0.0,0.3587491765142671,0.0,0.3589505706727568,0.2912266436048788,0.5858965733127404,0.23933427472684854,0.2932392147294579,0.17363044436754635,0.7903289332841525,0.3579261336205886,0.5482914849156826,0.681034729360384,0.6657503930375349,0.1909353501164916,0.28913522669774927,0.1774873753973468,0.0,0.03375223398379243,0.0,0.0,0.0,0.0,0.06361780181483534,0.0,0.22165230981363826,0.22680868052731265,0.2942914016933495,0.0,0.0,0.0,0.0,0.4200892802701107,0.5334056844606226,0.6087330430743451,0.0,0.05989284349657925,0.5517752358972624,0.2019794501876748,0.5307120736244615,0.6867464003537922,0.14461944616295763,0.6732062297134259,0.12417934942800254,0.13829877905584181,0.0,0.31522989914148375,0.27122842154344373,0.3643140738834333,0.521998872811565,0.5083045172438709,0.3615324191011828,0.33073935870377624,0.37975324721254583,0.7182309637526679,0.35579423420991324,0.47056135573779084,0.4518837037184578,0.5373575132181041,0.2617093332462705,0.03908359909978931,0.0,0.0743937041118888
0.5023210116771155,0.37441370538739766,0.11804185683627078,0.0,0.25300226746868515,0.24574008935144803,0.0,0.3758003729020826,0.37591241297195643,0.6425092903470285,0.0,0.6439050748210614,0.6132088607259213,0.0,0.30888778089381397,0.0,0.7128659388225547,0.0,0.4028561503633665,0.0,0.42449530861683005,0.0,0.22605137139558626,0.6669207911435322,0.4079527692725982,0.5513074883403539,0.36243044479728687,0.5466239677287997,0.0,0.5951080404093942,0.6312939624930141,0.0,0.0,0.05287481735006441,0.0,0.2657253071751889,0.2831805631691167,0.4550053116675581,0.4341883492131739,0.3959770672148971,0.10039631524285575,0.20255270500630837,0.0,0.0,0.0,0.36388141205310087,0.4673049567551052,0.12665107327813543,0.0,0.3587478796481953,0.0,0.7157055462588111,0.47951800304670156,0.4207145361562945,0.7124084516473675,0.21426569969116105,0.42890360217256207,0.19682358054265353,0.0,0.5419055077155961,0.15817994342032943,0.6462087477215285,0.3407578972562466,0.04722509582304532,0.5644951647851644,0.5990069249051992,0.5634793028847196,0.3435377264826386,0.45076617962501575,0.5239549967604198,0.5938734471759985,0.610745410956828,0.14966649890682754,0.0,0.023231650674849086,0.038959201038497024
0.4955614279845172,0.443796494348897,0.31288855470607413,0.0,0.0,0.6235370436644541,0.3758003729020826,0.0,0.38930853948585253,0.18764687741265634,0.09119425662263958,0.3595984222298616,0.47338107900927123,0.0,0.07345655754592698,0.0,0.3654292388157132,0.0659116128553879,0.4717659935249563,0.0,0.28157833794744175,0.0,0.7460713703156998,0.5845716950638523,0.2584989548881735,0.5875721596775453,0.3039147084480144,0.26296526342183185,-0.0021788647125661753,0.39282027507901884,0.1922894524189885,0.08560725567851395,0.0,0.0,0.0,0.14601793775856442,0.08469693813128217,0.0,0.4261388093428091,0.44398647963335014,0.21544204894307745,0.0,0.0,0.0,0.0,0.5018419176916585,0.4770751494990046,0.2665804409451227,0.0,0.17638652449243114,0.2754428091578399,0.38553475381838925,0.7313375857236806,0.46584084906078693,0.316349887427339,0.24089627083167128,0.3735047444089198,0.25914223666821296,0.0,0.36879140388979653,0.2236384689726328,0.5284947779975954,0.527465208571043,0.1608866964264381,0.3660009748604872,0.46923236843426325,0.3801674304774546,0.6522696118780444,0.539442177112603,0.5161338628928701,0.6081690530848043,0.38906134639297707,0.13402875818779814,0.0,0.0,0.06743471004902232
0.4907261637554171,0.2425849220236156,0.7026549223566826,0.0,0.19016236708391776,0.6396583542338724,0.37591241297195643,0.38930853948585253,0.0,0.08729959948895308,0.619559963956879,0.18642440247021874,0.5270865951874538,0.0,0.5864739770789811,0.0,0.4628060301086331,0.018286147667349234,0.7569020945085558,0.38043799105012543,0.11972604798557795,0.2186201818826694,0.4611257888352679,0.47059518879505396,0.4632942748420136,0.4863010043760862,0.7833243377753253,0.5139258349907022,0.15263849828440684,0.368664459953283,0.25435573942954576,0.0,0.0,0.0,0.0,0.17880495288374826,0.21005709623341462,0.07624317037929625,0.19408072887143346,0.1877553532465291,0.3115106222946193,0.0,0.0,0.0,0.0,0.3801637866753406,0.38048096821756416,0.8042356703365646,0.0,0.278205222057108,0.34460030809416803,0.398809079867455,0.4980989661030992,0.9353604882207945,0.2592855886677058,0.7643293723458456,0.2505628668992699,0.2004245220565765,0.0,0.41141386919828893,0.3654831670146856,0.3409865575490405,0.5253951275630535,0.5697627043873998,0.5121194520262932,0.29390814632971707,0.4842968293622939,0.5659349330831454,0.38279577504402174,0.3747004086289955,0.45256221289580356,0.6332525828435296,0.5185732804883744,0.0,0.003868564692347448,0.15439026886313298
0.20112016810145716,0.21862987369219822,0.0,0.0,0.0,0.0,0.6425092903470285,0.18764687741265634,0.08729959948895308,0.0,0.0,0.7980853608058871,0.19342636443437045,0.0,0.07782178443845689,0.0,0.5041063192169114,0.0,0.2940905675542339,0.0,0.23189446025316873,0.0,0.0,0.6306177931139705,0.0,0.26405067650187863,0.0,0.6079359386977776,0.0,0.6634264952956699,0.6121707622057055,0.0,0.0,0.0,0.0,0.40272871608153876,0.20269627831778447,0.3512813354881271,0.16004337815065292,0.1912987474189292,0.0,0.05555486303121014,0.0,0.0,0.0,0.05109260703944832,0.17231903916715502,0.0,0.0,0.2768402878038751,0.0,0.47536297009995554,0.3320445911216519,0.069511946220077,0.7871426580509604,0.0,0.6536506841126917,0.0,0.0,0.551600087561362,0.0,0.5302314080887093,0.050593709298748846,0.0,0.5393051076110906,0.584962920739984,0.5013824082690002,0.08630064131937418,0.24009455018853493,0.4719178359190796,0.5405303688795619,0.4987440905579882,0.0,0.0,0.0,0.0
0.06523081125173012,0.06459597592496194,0.6784514092504931,0.0,0.17749318386338836,0.3718196294229631,0.0,0.09119425662263958,0.619559963956879,0.0,0.0,0.046270473750200686,0.0611122215328887,0.017441241661432738,0.578968265242906,0.0,0.115433247537228,0.04817748944841782,0.5448515837123321,0.3427248310383756,0.0,0.2463917593539377,0.21348402042668901,0.1524738736691688,0.07189325240021884,0.1752818155591624,0.4894619744485013,0.20452568782589517,0.0,0.1972400898913298,0.0,0.0,0.0,0.0,0.0,0.2692987609311015,0.16151180519891348,0.11174742260020332,0.0,0.0,0.0,0.0,0.0,0.0,0.0,0.0,0.03828940775444303,0.6928528263131687,0.0,0.21604627997984216,0.06955761122635151,0.0,0.16345955929370873,0.5085511574702283,0.06901935738590287,0.7326361888004087,0.1751473617980718,0.0,0.0,0.37186223463961215,0.0,0.03781141411957209,0.14593938646896484,0.5393583686036634,0.44638831062832346,0.17243861921194215,0.4016601804069006,0.32418226157170393,0.0,0.08267879299005956,0.23519657290895823,0.46856443254309876,0.17712947983375887,0.0,0.0,0.0
0.32299342725032976,0.21874997849805136,0.03351876349677163,0.0,0.0,0.05284538101236258,0.6439050748210614,0.3595984222298616,0.18642440247021874,0.7980853608058871,0.046270473750200686,0.0,0.20233788079986245,0.0,0.10983398456737997,0.0,0.5248335442066258,0.0,0.3334558832478153,0.0,0.0839397047549889,0.0,0.2338796787825816,0.7225639948755994,0.0,0.35806307325960995,0.0,0.5606375135593961,0.0,0.6445018044921151,0.5521156032255062,0.0,0.0,0.0,0.0,0.4349879603491734,0.21830930000755533,0.371385080280909,0.18767533164709244,0.2697571919466803,0.0,0.06058281278130411,0.0,0.0,0.0,0.14660621379432826,0.23023416199464466,0.0,0.0,0.37944296047553117,0.0,0.4948769454993054,0.44909045266865866,0.15713659407438138,0.6769658168548716,0.020907868690886927,0.7673134729644585,0.0,0.0,0.552979234247717,0.0,0.5548021454963035,0.1302267564117774,0.0,0.5380553797641513,0.5525234543866296,0.5201861460049444,0.276529716305759,0.40287296386509697,0.40293443519289657,0.5688859753879403,0.4760739257509643,0.0,0.0,-0.003835083131169287,0.0
0.6810761894064754,0.560946710134193,0.39741127924745884,0.0,0.1643586969582927,0.5337662629984471,0.6132088607259213,0.47338107900927123,0.5270865951874538,0.19342636443437045,0.0611122215328887,0.20233788079986245,0.0,0.0,0.30402656836368197,0.07713698823111298,0.7474432661881137,0.3719293581892887,0.4817463510703254,0.20082781903102276,0.5055233404828138,0.20558107358084587,0.5147911755098984,0.4826727291338061,0.7435141667039987,0.734609748100455,0.6184189668685272,0.38592055954139476,0.4068426172999384,0.3025339427172961,0.42506948578769377,0.14010126616913177,0.0,0.13337557692783936,0.0,0.1109324936535819,0.21426858004154764,0.19612007540461404,0.4822553440008741,0.5035086725841301,0.47427752356765623,0.1772294643664937,0.0,0.0,0.0,0.6738478347265743,0.72615887225402,0.4070181321023955,0.0,0.09184895084325612,0.2984828347246893,0.6232989879253965,0.4578143010400568,0.6227323348230063,0.5363256833193788,0.38010511922416806,0.07633939945918072,0.5726383649597906,0.0,0.292016033905349,0.6657900696803634,0.6669268474525281,0.7063474561032221,0.261185335455412,0.37848079756850017,0.3713340013820685,0.42419318599104433,0.4831259736223213,0.5226825677347042,0.6148122004281733,0.5169076573362898,0.4930459110283845,0.5227903458745928,0.3605746947879287,0.1288173329196522,0.5109863911657544
0.0,0.0,0.0,0.5477547945837621,0.4084537093929569,0.0,0.0,0.0,0.0,0.0,0.017441241661432738,0.0,0.0,0.0,0.0,0.29243630225482353,0.0,0.10846353205415128,0.0,0.3960589432776212,0.0,0.3338020461214588,0.0,0.0,0.0,0.0,0.0,0.0,0.26231776899937514,0.0,0.0,0.07316532842268689,0.23825469876965846,0.011109776859778236,0.1503170026264908,-0.007839937527205909,0.0,0.0,0.0,0.0,0.0,0.0,0.2957743589118502,0.24749594325579777,0.28890537228382684,0.0,0.0,0.0,0.24253652160474248,0.0,0.27986844535907346,0.0,0.0,0.0,0.0,0.053033258819845275,0.0,0.0,0.32734875117331586,0.0,0.0,0.0,0.0,0.0,0.0,0.0,0.0,0.0,0.0,0.0,0.0,0.0,0.06462765344272584,0.0412286916263225,0.1527650194793989,0.0
0.3973194429130193,0.2625235463684163,0.5457096523161884,0.0,0.12281834242399337,0.3587491765142671,0.30888778089381397,0.07345655754592698,0.5864739770789811,0.07782178443845689,0.578968265242906,0.10983398456737997,0.30402656836368197,0.0,0.0,0.0,0.28383622795323454,0.1627539368539099,0.4787458223463527,0.38940350009741126,0.31854458498954213,0.3286059335288829,0.191806580210067,0.3115066924938089,0.40325601002386,0.44473000154865294,0.6236838883161528,0.3392363030353187,0.013146489443696285,0.24737247351490366,0.3376790261119182,0.0,0.0,0.0,0.0,0.2674254939512993,0.20287424730830245,0.2153015757626354,0.0,0.03199778708978103,0.008107782676396877,0.023869180581570663,0.0,0.0,0.0,0.2516514227645604,0.30006477128024905,0.6373845325495837,0.0,0.10107331127582478,0.12124143580682586,0.20356145183589186,0.199529265554006,0.5331832935083698,0.23249058282049911,0.5230497593089566,0.0,0.0,0.0,0.45934491426555696,0.06655288030740561,0.1417098581606535,0.22404624364006148,0.4765581423852197,0.5556552020269101,0.33152490930194234,0.5407873335222416,0.38925877005062864,0.22170077708689476,0.23889512404579472,0.4019012342977545,0.613570331468182,0.29652091026097194,0.06561381983782621,0.09048772398668523,0.18826425649142045
0.0,0.0,0.0,0.2812516894275333,0.232517046368211,0.0,0.0,0.0,0.0,0.0,0.0,0.0,0.07713698823111298,0.29243630225482353,0.0,0.0,0.0,0.614678042214503,0.0,0.47742925267999814,0.23428002257807562,0.6862783215274084,0.0,0.0,0.3622559803246683,0.0,0.0,0.0,0.5789570317852201,0.0,0.0,0.48587131902752556,0.6339973224957242,0.5239418776712808,0.728539852299191,0.0,0.0,0.0,0.043477909246171426,0.012645155518783757,0.033144255610258744,0.22348251072947212,0.6044941502349108,0.3126901825101591,0.3390628013257898,0.0,0.0,0.0,0.5429744915461547,0.0,0.28397027777552564,0.0,0.0,0.0,0.0,0.0,0.0,0.2694669626886481,0.4774090439839493,0.0,0.09148755086031712,0.0,0.0,0.055009081547705674,0.0,0.0,0.0,0.0,0.0,0.0,0.0,0.0,0.20903000724566365,0.4901940167082744,0.3907004528474628,0.3626733313585668
0.5820825127105347,0.5503265304900439,0.3145769668042297,0.0,0.004684874641695952,0.3589505706727568,0.7128659388225547,0.3654292388157132,0.4628060301086331,0.5041063192169114,0.115433247537228,0.5248335442066258,0.7474432661881137,0.0,0.28383622795323454,0.0,0.0,0.2531857609464043,0.5387625564424068,0.0,0.3710428132186084,0.0,0.3810737124227042,0.6707820475122777,0.5387581575389977,0.7270378272695084,0.46174682998795946,0.49196941725114307,0.0,0.5098843544218684,0.5352492661799172,0.012217451411220548,0.0,0.0,0.0,0.20677910688607248,0.29094799961193585,0.2851089402778337,0.4198716750169741,0.4410167780657511,0.3046104312740642,0.2728219275111373,0.0,0.0,0.0,0.4564023912563754,0.5259207618392496,0.25292248735062045,0.0,0.12778768368969964,0.0,0.5780501418625272,0.43022091751357305,0.5102317068804294,0.7271529746598682,0.2612961740791816,0.3270014805353276,0.27821310087370194,0.0,0.5349820150767184,0.37777344215414327,0.7362145231834427,0.5647892949676538,0.18422965636142685,0.6060405070489593,0.6016668478932101,0.6149534905888392,0.438050632793974,0.44044895764318714,0.583839450806895,0.6601720058936975,0.6865814325808552,0.2425286957068901,0.017931508971651466,0.0,0.21376884419345363
0.17186520715614614,0.4941980159845588,0.22878799296942098,0.0312090349355557,0.059195525576202834,0.2912266436048788,0.0,0.0659116128553879,0.018286147667349234,0.0,0.04817748944841782,0.0,0.3719293581892887,0.10846353205415128,0.1627539368539099,0.614678042214503,0.2531857609464043,0.0,0.08654768399292045,0.2760467766287231,0.3497510783522346,0.49588778401437367,0.15508330628932304,0.0,0.540815079240615,0.3722581264439523,0.24045257814016663,0.0,0.36065855410962244,0.0,0.0,0.29737798788200764,0.278872612536578,0.16743906488506416,0.1482773954719729,0.0,0.11594189758290953,0.0,0.10976346594180666,0.27494010184353934,0.1648543867886363,0.008750342418301485,0.25110842057315086,0.15361747260986722,0.0,0.32405160977426917,0.28776304669361275,0.20762341771499668,0.028874215200236003,0.0,0.1961520821413372,0.0,0.0,0.03660380974767727,0.06000576033579419,0.17606636297465336,0.0,0.21696909514135512,0.0,0.0,0.2647725421701898,0.1617138591280886,0.34487886155659686,0.24218027032732137,0.07099996279470411,0.04033284875619683,0.10529793949356625,0.05718655585233956,0.0,0.22608647626095693,0.07422416463414883,0.07143767599807618,0.19792692841654058,0.39151282632141343,0.16062799945755257,0.37108704285384314
0.5110196725703595,0.41575786007701165,0.7081316528699018,0.0,0.0,0.5858965733127404,0.4028561503633665,0.4717659935249563,0.7569020945085558,0.2940905675542339,0.5448515837123321,0.3334558832478153,0.4817463510703254,0.0,0.4787458223463527,0.0,0.5387625564424068,0.08654768399292045,0.0,0.0339381993568017,0.1412203480688136,0.0,0.5498896289326936,0.602351295637075,0.41145322285107655,0.5710750637226274,0.6546544299131041,0.4785939820428087,0.0,0.49409109040558585,0.2600618530402591,0.0,0.0,0.0,0.0,0.23273244127756107,0.19606028097792322,0.05633651798361029,0.2553029004063973,0.1771267181376499,0.27778634871028274,0.0,0.0,0.0,0.0,0.432400427980325,0.406118742448594,0.6386305301988755,0.0,0.20732507486736404,0.11075700734410857,0.39114053797441356,0.5204175972272954,0.7779802924892484,0.4249989324409425,0.5797724719907532,0.32026079902075927,0.09415522179221819,0.0,0.6610315781746324,0.28263021967897656,0.4554149872009095,0.5461778220457856,0.5194919365371817,0.7356015063634214,0.5972394109359704,0.6975594543730004,0.6439690816779738,0.3677733195289167,0.6030529360192654,0.6994855199122322,0.8030296940129769,0.21851329779977358,0.0,0.0,0.16940469266945876
0.0,0.0,0.4535462481967472,0.040696723227267154,0.41961630686613977,0.23933427472684854,0.0,0.0,0.38043799105012543,0.0,0.3427248310383756,0.0,0.20082781903102276,0.3960589432776212,0.38940350009741126,0.47742925267999814,0.0,0.2760467766287231,0.0339381993568017,0.0,0.15026699263949383,0.897138317215878,0.025165353109831146,0.0,0.3289944883029863,0.0,0.46763741068870435,0.04623640797784001,0.6233114482009714,0.0,0.0,0.14605521667268567,0.30226790931186054,0.2650548588162282,0.3531879579705806,-0.0015228620166101436,0.0,0.0,0.0,0.0,0.09200077025830657,0.0,0.24892937840935409,0.2115377232060039,0.34763407438191496,0.01743591680627532,0.1210416957316921,0.6201404501842379,0.1779908461707072,0.0,0.5839870163313581,0.0,0.0,0.3208091370767264,0.0,0.4625721853749591,0.0,0.293483401258185,0.1856867193583461,0.0,0.28121645836816334,0.0,0.08646502766126982,0.3880685396671045,0.0,0.0,0.0,0.0,0.0,0.0,0.0,0.0,0.6599208162732504,0.30254517457995544,0.3963398801183387,0.3856115036992106
0.48257075108354347,0.407966054964977,0.14140881934737523,0.0,0.18142502782449116,0.2932392147294579,0.42449530861683005,0.28157833794744175,0.11972604798557795,0.23189446025316873,0.0,0.0839397047549889,0.5055233404828138,0.0,0.31854458498954213,0.23428002257807562,0.3710428132186084,0.3497510783522346,0.1412203480688136,0.15026699263949383,0.0,0.2237201163551844,0.19026986196067164,0.25665303791080346,0.6083588893407197,0.49308312649995323,0.43549192462539255,0.22020742318306105,0.5212929907610429,0.05686798000821752,0.5118770520648654,0.35326544487270983,0.2431886371895907,0.28593007836778916,0.0916678588152937,0.02958824727378359,0.0,0.0808017906226716,0.46410420346215564,0.3612479011209457,0.1432738945008544,0.19818418513317046,0.01474270726634963,-0.012203847593879727,0.02017042442328798,0.4937793290820329,0.49788109023247457,0.1575605451508766,0.0788245097102036,0.0,0.26193642485373747,0.4184325230284897,0.3297728178448142,0.1960742341709565,0.43595348714928495,0.0659975747417546,0.0,0.4135560380518586,0.0,0.14052590829953449,0.26288787850170814,0.3156626623821087,0.31759270546610213,0.07682811919478907,0.17391932644960392,0.3756228347282959,0.21148347942961965,0.2857010413389115,0.325958345664742,0.3994773418543256,0.3575412659715012,0.3332783697481201,0.3984546318843152,0.6104576949427564,0.2822925533424523,0.45265568395864964
0.06328933489075123,0.0,0.43022345497648046,0.04270817343996905,0.31253798836799523,0.17363044436754635,0.0,0.0,0.2186201818826694,0.0,0.2463917593539377,0.0,0.20558107358084587,0.3338020461214588,0.3286059335288829,0.6862783215274084,0.0,0.49588778401437367,0.0,0.897138317215878,0.2237201163551844,0.0,0.03872415624879921,0.0,0.4150730267852879,0.05703920788605732,0.4214832756454528,0.0,0.5892411335931408,0.0,0.0,0.26837795888424804,0.37451532708753665,0.2994647672395158,0.4254440482562305,0.00018627614918234614,0.0,0.0,0.0,0.0,0.06902347482129395,0.0,0.37292609014458084,0.26783806782358754,0.2988312010799365,0.11229938834230396,0.23017354892557798,0.5482208380967917,0.20743394718994232,0.0,0.5017034859221287,0.0,0.0,0.15520432350625246,0.0,0.3580463585120874,0.0,0.3218933603475748,0.17830446972127434,0.0,0.2660275765118057,0.0,0.07985223598252894,0.38815754853390505,0.0,0.0,0.0,0.0,0.0,0.0,0.0,0.0,0.571705104664563,0.41358317973506176,0.41117499666541824,0.5071201148509656
0.58294010926383,0.59024246803306,0.5480679910212775,0.0,0.0,0.7903289332841525,0.22605137139558626,0.7460713703156998,0.4611257888352679,0.0,0.21348402042668901,0.2338796787825816,0.5147911755098984,0.0,0.191806580210067,0.0,0.3810737124227042,0.15508330628932304,0.5498896289326936,0.025165353109831146,0.19026986196067164,0.03872415624879921,0.0,0.4641931497293066,0.46168117611576187,0.6905188699135305,0.48781834948470804,0.11278470347053293,0.1136385945840484,0.2165626942234153,0.02538028574049328,0.14397946394147085,0.0,0.0,0.0,0.0,0.0,0.0,0.43068471733041747,0.2619599532040961,0.3462277225605498,0.0,0.0,0.0,0.0,0.5360256737200605,0.6378199319822956,0.4515134989681532,0.0,0.08284088674173479,0.47631313014796794,0.26955158987882566,0.6734831093030017,0.5202484865398597,0.23568657239396262,0.4187639612875566,0.2046936258006316,0.2629047952313676,0.0,0.3115866440397418,0.3611821434506506,0.4034138335333117,0.5603283355892918,0.3908002215562902,0.3547842397350068,0.35118262109804743,0.38578671753484156,0.8524940254536422,0.4819719374541489,0.5206941031788158,0.5684592812401176,0.47896191709096064,0.10817254681224081,0.06713382845428453,0.0,0.12024821568790983
0.6325301265189504,0.4296887126722122,0.24709104650908575,0.0,0.0,0.3579261336205886,0.6669207911435322,0.5845716950638523,0.47059518879505396,0.6306177931139705,0.1524738736691688,0.7225639948755994,0.4826727291338061,0.0,0.3115066924938089,0.0,0.6707820475122777,0.0,0.602351295637075,0.0,0.25665303791080346,0.0,0.4641931497293066,0.0,0.2326248162221369,0.6788111692100937,0.33162691632365343,0.6514271150219014,0.0,0.7506723449694145,0.548322238073868,0.0,0.0,0.0,0.0,0.34880995223057687,0.22773438438774432,0.23634049253183514,0.37907052032352045,0.39819896080199163,0.1234168923904526,0.008677885864438906,0.0,0.0,0.0,0.50062763665192,0.4580104312222878,0.20623595004049078,0.0,0.3841937336486255,0.0,0.6289971482966284,0.7068239108168206,0.537229859801224,0.6828254313412814,0.2299777479092528,0.6399099635388075,0.11338723566344402,0.0,0.710177811792855,0.21985092082823526,0.7439445407008363,0.5260975434642394,0.15794755253280146,0.707753292578652,0.7844281414581695,0.7468170831318195,0.5338810263628231,0.6427871864965793,0.6822001187813875,0.8477837485721091,0.7135804627274149,0.11793742279409908,0.0,0.0,0.027030639987358274
0.6326734002669412,0.5976508598325548,0.5091143402225268,0.0,0.22474572803764312,0.5482914849156826,0.4079527692725982,0.2584989548881735,0.4632942748420136,0.0,0.07189325240021884,0.0,0.7435141667039987,0.0,0.40325601002386,0.3622559803246683,0.5387581575389977,0.540815079240615,0.41145322285107655,0.3289944883029863,0.6083588893407197,0.4150730267852879,0.46168117611576187,0.2326248162221369,0.0,0.6868144106931181,0.7352550375921723,0.19596528012667008,0.6102715646588068,0.0,0.2851519219990243,0.36417436226547073,0.21401276924355273,0.3445760651424209,0.1620330045617778,0.0,0.0667706343807847,0.0537412337060921,0.4724045714815437,0.36567658293299643,0.5066489620032989,0.24451230349890957,0.022061625996424736,0.01392868660345166,0.022964756352035876,0.6093114712517914,0.6793887647758077,0.49733994307653195,0.0,0.0,0.44458646789539125,0.41653380830977293,0.28422428814957973,0.5734185239359069,0.37064974773704185,0.39983908453951156,0.0,0.5020776928091941,0.0,0.14885196741749845,0.5667951676902913,0.36431890337627204,0.5364531859728024,0.34411260607944355,0.2669101770640919,0.23274809798959,0.29632166631299506,0.45035442437317247,0.436823993631543,0.5410277818290724,0.36598886150558874,0.4792210680369021,0.4502843219179232,0.5411448532230904,0.16807995675256102,0.4893731191073503
0.7684880814222874,0.8258765515956408,0.4186244801290211,0.0,0.0,0.681034729360384,0.5513074883403539,0.5875721596775453,0.4863010043760862,0.26405067650187863,0.1752818155591624,0.35806307325960995,0.734609748100455,0.0,0.44473000154865294,0.0,0.7270378272695084,0.3722581264439523,0.5710750637226274,0.0,0.49308312649995323,0.05703920788605732,0.6905188699135305,0.6788111692100937,0.6868144106931181,0.0,0.5442125008151089,0.3247496403846207,0.1426561763251856,0.37278262886537683,0.2925870464701189,0.0862861538091294,0.0,0.0,0.0,0.1298890706745005,0.2017742713306543,0.11633465288511008,0.43759945734807,0.4440612335895323,0.31799632585076165,0.15242905240990412,0.0,0.0,0.0,0.6967204951108119,0.7435857533394965,0.36607552837555135,0.0,0.1181062399462253,0.17667515087620683,0.48047019220612813,0.5814377095339353,0.5538291723739801,0.5349134131933253,0.4122445460169516,0.24918194371337887,0.2695414880898131,0.0,0.5607744200256137,0.42492858286407886,0.6965536015112761,0.6590422304813948,0.3457538334900111,0.6017253045749305,0.6402982924502223,0.6764582028942705,0.6541309541949192,0.5658774431168835,0.708861031184115,0.7678793901016776,0.6408452670062332,0.21044244795465986,0.12561228180259798,0.0,0.2519783716124831
0.5210464993422973,0.3111835311407906,0.7350833921295725,0.0,0.24029667596009444,0.6657503930375349,0.36243044479728687,0.3039147084480144,0.7833243377753253,0.0,0.4894619744485013,0.0,0.6184189668685272,0.0,0.6236838883161528,0.0,0.46174682998795946,0.24045257814016663,0.6546544299131041,0.46763741068870435,0.43549192462539255,0.4214832756454528,0.48781834948470804,0.33162691632365343,0.7352550375921723,0.5442125008151089,0.0,0.40015767077144015,0.4520071499565207,0.21271510214267103,0.35026370442476357,0.05099691872677051,0.0,0.022117209348272354,0.0,0.045529577479695424,0.05926111117782901,0.029495062883628492,0.28243206059153436,0.15388819736811596,0.4421324856401221,0.020169237801096494,0.0,0.0,0.0,0.416255206578673,0.5167688577391516,0.7789028855762522,0.0,0.06370264650274288,0.43394889728345426,0.35484246756490767,0.3695130380353727,0.8380615636737483,0.25626083861597504,0.6731859206534127,0.0,0.2772942377152721,0.0,0.28910036902211844,0.46742075423072654,0.2310470693202562,0.5558070740645185,0.49147073284360354,0.41055002262661433,0.2498890880486134,0.3826103905950782,0.5847621260675188,0.30911624826539363,0.41132297335693124,0.38118682435260004,0.6965924558984884,0.5818809399034357,0.26973396754211176,0.012468180201763296,0.352846169036356
0.39868918771358386,0.04831785466480737,0.2595656639649843,0.0,0.3059779467792021,0.1909353501164916,0.5466239677287997,0.26296526342183185,0.5139258349907022,0.6079359386977776,0.20452568782589517,0.5606375135593961,0.38592055954139476,0.0,0.3392363030353187,0.0,0.49196941725114307,0.0,0.4785939820428087,0.04623640797784001,0.22020742318306105,0.0,0.11278470347053293,0.6514271150219014,0.19596528012667008,0.3247496403846207,0.40015767077144015,0.0,0.0,0.6875434429414963,0.5578635018319658,0.0,0.0,0.0,0.0,0.44998608672482626,0.17632316165830983,0.260746714031307,0.062418634915453186,0.3114454664160551,0.010862354324280732,0.005436304472716064,0.0,0.0,0.0,0.2222674405631198,0.1770465993214738,0.27735164675423907,0.0,0.1852271533563366,0.0,0.4199177189440798,0.3905963454423856,0.5431832269450978,0.4577623508966222,0.20028405140985953,0.5118701787536502,0.0,0.0,0.4479583614874151,0.21104974507755317,0.43025245955112845,0.34861954770739856,0.0945065736646638,0.4849562935856285,0.4170117725379484,0.4423372417226458,0.20297964912984545,0.43518462994715745,0.41723288708707806,0.46226473960677894,0.5164244875142989,0.3821113986788984,0.0,0.04995469486752363,0.09249511656327122
0.17986595409941492,0.037898188744701966,0.12579724464317568,0.004915988055320175,0.3777811534110463,0.28913522669774927,0.0,-0.0021788647125661753,0.15263849828440684,0.0,0.0,0.0,0.4068426172999384,0.26231776899937514,0.013146489443696285,0.5789570317852201,0.0,0.36065855410962244,0.0,0.6233114482009714,0.5212929907610429,0.5892411335931408,0.1136385945840484,0.0,0.6102715646588068,0.1426561763251856,0.4520071499565207,0.0,0.0,0.0,0.14970522142510695,0.5438874508912928,0.5039300094191403,0.502140997443715,0.3991382814265092,0.0,0.0,0.0,0.287212272354799,0.18627983921013025,0.38465532194844837,0.1494227539162572,0.31323061698169186,0.13488470844604403,0.4542696188825436,0.24660807096407134,0.34926764122592274,0.25644638622826216,0.39632384731965103,0.0,0.6707349530577777,0.10649495323790434,0.0,0.21350218046019567,0.0,0.18017659895395327,0.0,0.6284479881291027,0.17835138187895994,0.0,0.4235711060968276,0.0,0.16753467448798573,0.12029120129699997,0.0,0.0,0.0,0.034779346347306395,0.12963975982235373,0.0,0.0,0.0,0.5985526732465527,0.6826961497779723,0.30328924616534453,0.4512503581030945
0.3352661766456173,0.18656238579452078,0.140520334225355,0.0,0.0,0.1774873753973468,0.5951080404093942,0.39282027507901884,0.368664459953283,0.6634264952956699,0.1972400898913298,0.6445018044921151,0.3025339427172961,0.0,0.24737247351490366,0.0,0.5098843544218684,0.0,0.49409109040558585,0.0,0.05686798000821752,0.0,0.2165626942234153,0.7506723449694145,0.0,0.37278262886537683,0.21271510214267103,0.6875434429414963,0.0,0.0,0.45391413374431255,0.0,0.0,0.0,0.0,0.35244067250476296,0.210221950249514,0.2869015569541594,0.13466698797278373,0.29695993968996437,0.027937172451989747,0.0,0.0,0.0,0.0,0.21685281013043958,0.24454731577169242,0.08494404803502864,0.0,0.41637225072996376,0.0,0.4803717971662339,0.5057443340378134,0.3998581309354558,0.562519442503936,0.1614586796658757,0.6280282684205029,0.0,0.0,0.7070675577251746,0.13876600468744382,0.5638531679288491,0.37296718578317944,0.0,0.6814003829312978,0.645696246018449,0.6757917126009438,0.32077970295426456,0.3767822463149981,0.5707067429730851,0.6930518901585121,0.6181064058971082,0.016398641890545906,0.0,0.0,0.0
0.39557095488849336,0.0,0.0885157546813734,0.0,0.1625602683402136,0.0,0.6312939624930141,0.1922894524189885,0.25435573942954576,0.6121707622057055,0.0,0.5521156032255062,0.42506948578769377,0.0,0.3376790261119182,0.0,0.5352492661799172,0.0,0.2600618530402591,0.0,0.5118770520648654,0.0,0.02538028574049328,0.548322238073868,0.2851519219990243,0.2925870464701189,0.35026370442476357,0.5578635018319658,0.14970522142510695,0.45391413374431255,0.0,0.05067867087415079,0.0,0.21862109790683876,0.0,0.31605192665091253,0.17134471974582774,0.3885464454721088,0.3869227032860697,0.3248430436228139,0.022803094699629795,0.2253101856958165,0.0,0.0,0.0,0.2944133283830951,0.3138423332362321,0.1333061060616855,0.0,0.3002034462037493,0.0,0.6077485415597261,0.35361347143200184,0.298483990675397,0.6412974680615997,0.0,0.2440017731830735,0.2992896767894368,0.0,0.33002836686114323,0.16720315145897788,0.4157491426791811,0.2342656584795773,0.0,0.3348826547223892,0.3838266520073149,0.3152356526119009,0.20156129649827031,0.40135787138422285,0.30702872189489294,0.4503418211343688,0.47064406900462297,0.3605353806501361,0.271381816163595,0.25382150526347974,0.25932021295813507
0.14749759201244844,0.11029117334677781,0.0,0.1545057931644875,0.22357734203560511,0.03375223398379243,0.0,0.08560725567851395,0.0,0.0,0.0,0.0,0.14010126616913177,0.07316532842268689,0.0,0.48587131902752556,0.012217451411220548,0.29737798788200764,0.0,0.14605521667268567,0.35326544487270983,0.26837795888424804,0.14397946394147085,0.0,0.36417436226547073,0.0862861538091294,0.05099691872677051,0.0,0.5438874508912928,0.0,0.05067867087415079,0.0,0.577859935312039,0.47358044002695926,0.41027440881398786,0.0,0.0,0.0,0.5734725204606429,0.2526806357108904,0.2828188589700818,0.25788664462823074,0.48771892125829375,0.00692574002720972,0.37057207685684723,0.25026725468283517,0.23014903991145294,0.0,0.46988831399853714,0.0,0.4574531909582287,0.06215095657813913,0.04668139848315456,0.0,0.0,0.0,0.0,0.5645208379277229,0.1680425437211284,0.0,0.24847016915385578,0.0,0.10522756975856883,0.0,0.0,0.0,0.0,0.08414402269347793,0.20244269406130194,0.0,0.0,0.0,0.20321790147175148,0.5550004798004329,0.26748229532924345,0.4228068861139317
0.0,0.0,0.0,0.371936474178757,0.2711302770376445,0.0,0.0,0.0,0.0,0.0,0.0,0.0,0.0,0.23825469876965846,0.0,0.6339973224957242,0.0,0.278872612536578,0.0,0.30226790931186054,0.2431886371895907,0.37451532708753665,0.0,0.0,0.21401276924355273,0.0,0.0,0.0,0.5039300094191403,0.0,0.0,0.577859935312039,0.0,0.6426591987777115,0.6487834212289466,0.0,0.0,0.004792971261872336,0.18127089151371953,0.20921219220862786,0.04563992769608333,0.21579178188995984,0.517231876617555,0.2571561164209677,0.3284462746452333,0.05192910941581422,0.0,0.0,0.5725707840817913,0.0,0.3107671698908243,0.0,0.0,0.0,0.0,0.0,0.0,0.2485926514343432,0.4610206424707819,0.0,0.0,0.0,0.0,0.0,0.0,0.0,0.0,0.0,-0.005641441150935789,0.0,0.0,0.0,0.1251317184957587,0.387308412666001,0.47041431779290077,0.2156448463798554
0.024568308693342922,0.0,0.0,0.04654937676113641,0.2464661598817832,0.0,0.05287481735006441,0.0,0.0,0.0,0.0,0.0,0.13337557692783936,0.011109776859778236,0.0,0.5239418776712808,0.0,0.16743906488506416,0.0,0.2650548588162282,0.28593007836778916,0.2994647672395158,0.0,0.0,0.3445760651424209,0.0,0.022117209348272354,0.0,0.502140997443715,0.0,0.21862109790683876,0.47358044002695926,0.6426591987777115,0.0,0.6275439696700047,0.0,0.0,0.09673844941153123,0.31405206296829075,0.27933980537483494,0.25065294428653395,0.2443170802832889,0.3993391230534468,-0.0018815841554005452,0.3864408824036355,0.08413270196516368,0.012428247767217765,0.0,0.48914772513605,0.0,0.2963065112136596,0.11652102068788156,0.0,0.0,0.04449156520497158,0.0,0.0,0.4656349353460625,0.328101493333928,0.0,0.1066514630387373,0.0,0.0,0.0,0.0,0.0,0.0,0.0,0.1068658927942136,0.0,0.0,0.0,0.2579619283070792,0.46549030999898944,0.4047270921608461,0.35058323490943855
0.0,0.0,0.0,0.18824774817132844,0.21553862889315495,0.0,0.0,0.0,0.0,0.0,0.0,0.0,0.0,0.1503170026264908,0.0,0.728539852299191,0.0,0.1482773954719729,0.0,0.3531879579705806,0.0916678588152937,0.4254440482562305,0.0,0.0,0.1620330045617778,0.0,0.0,0.0,0.3991382814265092,0.0,0.0,0.41027440881398786,0.6487834212289466,0.6275439696700047,0.0,0.0,0.0,0.03738167037940433,0.06420962147046473,0.0,0.0,0.19407022707044555,0.44149654787260373,0.1553706124152563,0.3487144868528974,0.0,0.0,0.0,0.5778510592802929,0.0,0.3180813594857819,0.0,0.0,0.0,0.0,0.0,0.0,0.1833709480553244,0.4596694964611661,0.0,0.0,0.0,0.0,0.03379856756506996,0.0,0.0,0.0,0.0,0.0,0.0,0.0,0.0,0.03815205426596173,0.2375312950646848,0.35312525005475376,0.13489422711198062
0.1203731798190581,0.011595231850223597,0.1379858325661224,0.0,0.19128164336689285,0.0,0.2657253071751889,0.14601793775856442,0.17880495288374826,0.40272871608153876,0.2692987609311015,0.4349879603491734,0.1109324936535819,-0.007839937527205909,0.2674254939512993,0.0,0.20677910688607248,0.0,0.23273244127756107,-0.0015228620166101436,0.02958824727378359,0.00018627614918234614,0.0,0.34880995223057687,0.0,0.1298890706745005,0.045529577479695424,0.44998608672482626,0.0,0.35244067250476296,0.31605192665091253,0.0,0.0,0.0,0.0,0.0,0.28380415962126815,0.2006423745698515,0.0,0.0,0.0,0.0,0.0,0.021594870415106326,0.0,0.04711624165433893,0.06804459863061338,0.1556515339938151,0.0,0.2270065054404477,0.0,0.2059537918603826,0.19908912890763175,0.10886597191625341,0.3380278480612487,0.1267790256699366,0.4661606001590497,0.0,0.0,0.3433432488652415,0.0,0.3093388145594437,0.1446685427812113,0.11173536217895265,0.3550303938166419,0.2853309437254862,0.37046347721669737,0.040772394833488323,0.18985403506476678,0.2164776928706853,0.34561750063963304,0.2218275584698181,0.1580426979875775,0.0,0.12082576274473197,0.01738930573739722
