0.0,0.5528042656863569,0.5662508961618803,0.2885387158193527,0.5126040916994291,0.36467151966828815,0.4289961719554246,0.4488365368976991,0.35896416688005395,0.5030381338447824,0.42019193328849314,0.4540208545157944,0.3791902709831001,0.5212760232410409,0.32337080758881626,0.7065364222224823,0.20172966643910983,0.3042110180430303,0.4741361176970831,0.4818630754059641,0.4532831478930146,0.5880637895878149,0.44017715200178986,0.44803381597657294,0.24276484842594537,0.6216988359616563,0.3806901493387892,0.404166573982747,0.6728352457038957,0.34249604159792274,0.4914215757107137,0.0,0.2526555376620406,0.11830963137921191,0.13493297096099238,0.010883995282539555,0.0,0.0,0.0,0.28860952142797797,0.08257418325394217,0.0,0.0,0.08005353188966424,0.22322534304060263,0.6945824011988077,0.2506514637633123,0.5136971776415504,0.2088830831936389,0.42593200993200053,0.2616585326301831,0.5403570414887242,0.32919881481763813,0.4292481284890257,0.32897831125351085,0.48576005662705113,0.10478341362363716,0.3836213798118746,0.41232678420411095,0.2517852032305379,0.5515928747778875,0.32580985263285145,0.42149824622204823,0.5736920488515769,0.5150238951080457,0.26851156545059124,0.558871506269373,0.4374751955590672,0.47354254571295096,0.3033095526238838,0.621100168063744,0.3525316922393552,0.44178398631149407,0.5221638732225038,0.612480526055503,0.3959211042571542
0.5528042656863569,0.0,0.5556569102366367,0.2240532057980728,0.4821831156031102,0.5121486767724212,0.5192905059752241,0.5069799172234108,0.4193035078350642,0.4220453027132925,0.3800723178991836,0.42649661648926224,0.4525486689425252,0.5507403530942243,0.2223228384931501,0.5817494401398148,0.08598288197538168,0.22787474923305123,0.43246308284816015,0.41167809632961805,0.2541277076216536,0.5463549049223476,0.5743830690746905,0.22750238446239116,0.3810116657234001,0.706958200100243,0.4527382859921099,0.2721451449356393,0.558238913686532,0.2011144818293268,0.22613077560908157,0.0,0.10543357322002439,0.0,0.18525008361703463,0.0,0.0,0.0,0.0,0.22688205533165082,0.11845310675560919,0.0,0.0,0.0,0.14614393266788597,0.42357279373254053,0.3080452164325378,0.5708804610464004,0.0,0.2702309846213721,0.26325415913389016,0.4605656542739719,0.3016929745877421,0.4253543225310864,0.3009175179558936,0.4239720394300952,0.034640801868968174,0.33667643200815695,0.2600281846520068,0.1618065054762165,0.3256504542530119,0.37748009506677144,0.2266171255876509,0.49782082728005395,0.43790199258503815,0.04983962958933985,0.4599022082354,0.51162566322752,0.34446290119959666,0.33183835899656444,0.6429256214604799,0.40172678717684784,0.32382235082222915,0.4300531788699926,0.4251731167737376,0.20899620674894218
0.5662508961618803,0.5556569102366367,0.0,0.2750187814801165,0.843142382697419,0.5960862727717351,0.7424794680668206,0.6812205593261496,0.7664966370760514,0.452506772360851,0.799866384098678,0.6332197300259447,0.7356788394141138,0.5364612455259025,0.5082740576693557,0.4785128622437582,0.2258739395796207,0.330087434973128,0.9028928602789057,0.7399053654185906,0.32611902939293874,0.6973682954458174,0.7128231460529795,0.38995341281172313,0.0,0.5276292643084834,0.662455237931844,0.7203171393314025,0.8103563096659168,0.5478858249647309,0.5655780888475606,0.0,0.019710822995346378,0.025641895115272137,0.06861860804106173,0.25369869382739285,0.0,0.0,0.0,0.0,0.0,0.0,0.02420270913651093,0.0,0.08499929159130812,0.23916950385307054,0.2587270112921387,0.9427272571721865,0.16650190588930172,0.684146503434935,0.4220213995377772,0.6455176629503533,0.5719898657330227,0.7965009291989158,0.3524462049414573,0.80397307364252,0.28306420580086283,0.39479142752049495,0.5081501875974218,0.5271969531793239,0.2829151541376715,0.34155556248425667,0.315109237662192,0.9113685559960134,0.7434842451975391,0.25557757211459264,0.6709039413463026,0.5990107331968207,0.25666080031476035,0.046996408911957416,0.46084746083750594,0.5857205026396053,0.6048808386302043,0.4777478796409162,0.5575514672633398,0.26723743815120454
0.2885387158193527,0.2240532057980728,0.2750187814801165,0.0,0.3598660155361018,0.1908444364773806,0.4601050026766249,0.3661675358012445,0.08810431520820065,0.28566289379807247,0.20032803797992146,0.3495281141329578,0.46213509735178315,0.43643793912026285,0.0,0.16135900850151444,0.0930789667358906,0.07006690671444943,0.31971628725655543,0.11250864006996505,0.18515127357141775,0.14351497702035168,0.3213155055175983,0.3140410355266279,0.0,0.3025008095271834,0.0,0.3211098921737343,0.34273031947213206,0.34967720021325327,0.09553309936703391,0.0,0.10718839295482442,0.0,0.11411042330833399,0.0917671375554503,0.0,0.0,0.0,0.254852295171081,0.2013110259484356,0.03813694263330667,0.0,0.12640286313854074,0.31928679734718246,0.28916342305389714,0.0,0.20740611396859643,0.19219355985578535,0.08152522399876896,0.2560831433985217,0.25846181834208715,0.18942275731304004,0.09279597216761676,0.14764189246242815,0.1464625350933795,0.0,0.5496810356645951,0.4414842672723873,0.0,0.10434252951004694,0.3058227124684647,0.11141614415861167,0.4001196495764455,0.12099044515138067,0.058976380091313715,0.145496013120737,0.24510106083090732,0.33133575817590716,0.0,0.31108178650883705,0.03861002324121929,0.44963035195433176,0.24359275768980146,0.274119553591247,0.31054089317833433
0.5126040916994291,0.4821831156031102,0.843142382697419,0.3598660155361018,0.0,0.46812216758216285,0.826910455752572,0.6677896920212505,0.6854982373957045,0.43138014003728314,0.900210898449753,0.7499893970539743,0.8413271983165007,0.49679819945223436,0.5711268577876851,0.4323871784945954,0.26393014606932974,0.32403566734211126,0.885833984941164,0.8134592224569721,0.34488814649997546,0.7652237023431452,0.5370385653144439,0.3887580847153007,0.0,0.4953238176427334,0.5791778861803155,0.8747293758570055,0.7711978266612789,0.6457354321835704,0.6381254345245864,0.0,0.05931372952684305,0.1482391440933481,0.0,0.5190374902902487,0.12557879069277098,0.0,0.0,0.0,0.0,0.0,0.16351919789620478,0.0,0.0,0.17422019948181064,0.32635849613918344,0.7735856713266716,0.24568008205851916,0.8217466440935162,0.3211005011421639,0.6302189838438417,0.6300477514479224,0.7609975081671191,0.3865231997968754,0.8506004121424555,0.41307672450439137,0.34210143924745784,0.6113964062488059,0.5688016303187661,0.1387419879558079,0.3588645303343329,0.22257339382037317,0.8685222045513121,0.8098489001685398,0.34306436911779814,0.7406949527614854,0.3992753801717751,0.32159218261048,0.0,0.40372778427742717,0.5425955430466598,0.6720964947169328,0.43101095496365033,0.495257362872475,0.20711238926217262
0.36467151966828815,0.5121486767724212,0.5960862727717351,0.1908444364773806,0.46812216758216285,0.0,0.5590774004008272,0.6861716828857898,0.630947450959555,0.5169470590935789,0.3447842347569799,0.45550700029216984,0.5984604114888143,0.18227070402029988,0.40533577984320385,0.2971402393336697,0.35985929584748677,0.4711095632995777,0.525005680178326,0.45117093573999945,0.5132066142587195,0.3900079895578571,0.8342322429124283,0.47749932602230705,0.2337832703983049,0.4375874105078877,0.7429468993955101,0.3194622582975311,0.6394592840719959,0.20481171087088612,0.2090437792709742,0.0,0.29215077676340023,0.053425185689937885,0.10304413034324467,0.18199552778467068,0.0,0.05741947225769424,0.0,0.157409340269236,0.0,0.0,0.182051486103914,0.017388418428877145,0.1893069752139464,0.168440466334511,0.335240105326318,0.607776881560759,0.15575638532339284,0.4494783056408309,0.7592565287616435,0.6209159770257033,0.6001405873324692,0.5900404790090379,0.35840397977453764,0.32527403052356485,0.326668635208172,0.5066582010134061,0.11686393139775761,0.3709994469777323,0.10815151967028908,0.39117836420176966,0.28958850358861526,0.5402300693818252,0.37517078681308447,0.3089713121659909,0.27622536014275434,0.6810702815790356,0.2927610867589173,0.3541472868840126,0.4060311301533932,0.6588809147752133,0.310934620707539,0.2589865190446806,0.25349726122045757,0.0
0.4289961719554246,0.5192905059752241,0.7424794680668206,0.4601050026766249,0.826910455752572,0.5590774004008272,0.0,0.6875680845598012,0.645773580103659,0.40600512128256927,0.6396617932260732,0.7409540920428188,0.8287105076039035,0.49362792078436807,0.31266651272089113,0.32175887152411387,0.1726599135727161,0.24299616238375907,0.7090218652905909,0.5737516875484316,0.3842228920303949,0.5111400573419225,0.59350171896428,0.3769635908752105,0.0,0.42126593513021116,0.5273221798426873,0.7068539636617459,0.7066170612075126,0.4685291308807883,0.41940336552923096,0.0,0.1313617697590077,0.08461597666388362,0.1107096985269842,0.4203039164690164,0.04886099805250657,0.0,0.0,0.0861453104328353,0.0,0.0,0.06191161102380083,0.0,0.05495540090656728,0.1424760198897867,0.2380510405134209,0.6896560185670562,0.3120706857664858,0.6210953175507087,0.3390137298530026,0.7235119933852857,0.5901171375139806,0.6936570227464599,0.43061471069025986,0.6026932766743444,0.3813586376219761,0.5039671828166898,0.47639638308358256,0.2991863707680188,0.11157209855329452,0.3142755092782217,0.15177283420346122,0.7091701194077086,0.565729622692135,0.2806366470184362,0.48667136547717676,0.43770901615356794,0.2575423104766511,0.0,0.3519519164512621,0.48895548102445935,0.5463423016073137,0.39590257124171224,0.3146104512574046,0.1274764478550419
0.4488365368976991,0.5069799172234108,0.6812205593261496,0.3661675358012445,0.6677896920212505,0.6861716828857898,0.6875680845598012,0.0,0.5618526985680892,0.544472253754307,0.6000388491040682,0.728350752363949,0.7008292354193268,0.422333995977953,0.38669893777512104,0.3301330739533669,0.2997279994665486,0.33153668083958093,0.6709838855554724,0.5035609922025096,0.5814233487493596,0.4531453507729588,0.815744832973651,0.5227298057510654,0.0,0.5363243916085665,0.5217982607214233,0.5038835111919743,0.5872625695104785,0.39390352930102246,0.3824428717103272,0.0,0.2760212897044435,0.21118737056933223,0.14523716518347768,0.3039933818866538,0.04838849404864437,0.0,0.0,0.09088215173622867,0.0,0.0,0.13594218738391892,0.0,0.11032073692024379,0.2569877019579535,0.31127478034691464,0.6598733393889646,0.2625988755414218,0.5546934528744623,0.525973689603029,0.5284094349999999,0.812796096516318,0.6065023126188237,0.39624984576130096,0.5959815118219884,0.4229962474475715,0.42825002976028026,0.4223276415092845,0.3327802813613995,0.0,0.3407868766872432,0.13011324046662093,0.677627701449562,0.46591175405448326,0.37257527011886715,0.378206379736336,0.624323588084995,0.5044162247662062,0.08200879231373248,0.446015052853883,0.43346725304346684,0.44237067028709026,0.1635395573239909,0.3549641580379539,0.0
0.35896416688005395,0.4193035078350642,0.7664966370760514,0.08810431520820065,0.6854982373957045,0.630947450959555,0.645773580103659,0.5618526985680892,0.0,0.378999054086442,0.5746436791515792,0.5380785045235241,0.5654972914954279,0.15557348003992622,0.47457521577910816,0.15625392962333423,0.08850542737744,0.12996769809514783,0.6902186588099987,0.5851823821340706,0.3647019149040981,0.4856228815576846,0.6025078627918693,0.17478273472514663,0.0,0.22407127061219786,0.8840578179033227,0.4909777626620381,0.5085612674400004,0.14937595113363503,0.31369883612574206,0.0,0.17731726704407055,0.1559011325243278,0.10710453219398759,0.331877246808922,0.14204305411624737,0.11965826374279298,0.0,0.0,0.0,0.0,0.1681265718811541,0.0,0.0,0.059539588098984436,0.35261476008248355,0.8237368467752088,0.1760472484493748,0.6970966268124797,0.2999866152452072,0.7171881441777791,0.625190326419097,0.9720695281969227,0.48772362888508736,0.5741707304009476,0.47232294946355496,0.1871602654785529,0.13467202387098168,0.4953094829422128,0.0,0.1857877358615848,0.044602700855110866,0.675306535189047,0.5320417583625633,0.37034115306110105,0.3972557321008931,0.5531611323741795,0.0,0.14789162729600758,0.21157780304046847,0.8299268195149898,0.25148534410045786,0.2611846892663102,0.09730673582506097,0.0
0.5030381338447824,0.4220453027132925,0.452506772360851,0.28566289379807247,0.43138014003728314,0.5169470590935789,0.40600512128256927,0.544472253754307,0.378999054086442,0.0,0.44121116808791816,0.6201101960577976,0.523942913082877,0.05934901225537511,0.6081645368895949,0.5136354952206635,0.6222535728327199,0.5264945245095044,0.4589814931059259,0.5002757283971989,0.7280295225235458,0.520628351187709,0.37386516219705984,0.6192234824048345,0.2923717273615536,0.4100689126458767,0.542295085830721,0.5104006960296817,0.6081686373259625,0.4462571795987308,0.581023329385214,0.12028339319800686,0.3580957878394232,0.34682137338431684,0.0,0.3174930396821545,0.1966403646022095,0.17566452913000163,0.0,0.07942817656010129,0.0,0.0,0.35268483389311556,0.0,0.05828146046343574,0.4213821629523284,0.7132132274410843,0.4583486514941515,0.2937312831962859,0.5156395261296923,0.2941696457593991,0.4894163276900693,0.5603056724963592,0.4618277010103944,0.6968044664383705,0.48144850027298147,0.5209791292924549,0.3602754971959136,0.08005131151765554,0.5480438788327129,0.2780043508763502,0.5904913563528508,0.4061339598368931,0.4508931875865166,0.42350601791056564,0.6334368612466645,0.48347518659658495,0.3768516566562229,0.4733004613732871,0.5219346905714166,0.5433488642931402,0.44869111307239806,0.4483184898583005,0.2832360013663115,0.29632544305080366,0.0
0.42019193328849314,0.3800723178991836,0.799866384098678,0.20032803797992146,0.900210898449753,0.3447842347569799,0.6396617932260732,0.6000388491040682,0.5746436791515792,0.44121116808791816,0.0,0.6457266531855957,0.7299036575867868,0.32732311291077903,0.6851662475070561,0.4283891506277524,0.37135374330906745,0.39412533332408184,0.8816182341462415,0.8487353848585124,0.32365469562039084,0.7946228747920737,0.4164984165502867,0.3490358721643233,0.0,0.43808850292748214,0.5260997902353289,0.8233003492242987,0.6958452777593426,0.6866346497781244,0.7635362675123751,0.0,0.04868456378578158,0.24049564070790375,0.0,0.5546572321451213,0.18939529796981594,0.0,0.0,0.0,0.0,0.0,0.25094237646513096,0.0,0.0,0.1130263055122642,0.3913358332478676,0.7054023758433124,0.1693067291751953,0.8328066192639934,0.2613133633935116,0.44666368691284797,0.6413739893815047,0.6602899826510689,0.35451534350599767,0.9590642117698249,0.43091381300107023,0.17654023426267634,0.5647148685633965,0.6883934635445487,0.10744957847397527,0.32900701743676175,0.225608847275259,0.8277858628169767,0.8509172212216027,0.4094476143876271,0.7962820680203437,0.2615490796847943,0.3418252600585621,0.0,0.32142430863134197,0.4483892312669947,0.629802013999265,0.34617357141846694,0.4976692104690828,0.17732091267287364
0.4540208545157944,0.42649661648926224,0.6332197300259447,0.3495281141329578,0.7499893970539743,0.45550700029216984,0.7409540920428188,0.728350752363949,0.5380785045235241,0.6201101960577976,0.6457266531855957,0.0,0.775395782506999,0.3464671802325457,0.5478028570478132,0.4125587403976998,0.345398638867768,0.4233313054798421,0.639229858758606,0.6418635755814517,0.4692104395608212,0.5754480801047002,0.45681723210993447,0.612099941517299,0.0,0.4659245471908547,0.4765425723564458,0.7280021630677305,0.6017493804801316,0.5150196264372683,0.6151139787588168,0.0,0.1932973957071942,0.32171875427660246,0.008596292216961267,0.5280245892874328,0.33296017655248983,0.05893247828256068,0.0,0.0,0.0,0.0,0.2989589604710631,0.0,0.0,0.12753040686698056,0.3796303680364763,0.5872747409439041,0.42744503618470553,0.7272686363617142,0.20359319091928527,0.5523687856803798,0.6896692609674528,0.6346704122788087,0.514344656131989,0.6487590089294941,0.6267915309214249,0.30888311164165244,0.4513157553919771,0.5026746941640776,0.0,0.3460282146570669,0.07602789767322193,0.6135490685034091,0.5879926407483591,0.39361279779598735,0.5186353490649885,0.2695382492527818,0.4179071596468278,0.0,0.3301239885749132,0.33403951785891994,0.4893496495204718,0.04926608755456441,0.2921286721379597,0.0
0.3791902709831001,0.4525486689425252,0.7356788394141138,0.46213509735178315,0.8413271983165007,0.5984604114888143,0.8287105076039035,0.7008292354193268,0.5654972914954279,0.523942913082877,0.7299036575867868,0.775395782506999,0.0,0.33176384140679543,0.5194795748280674,0.37824034167954573,0.5012941528060202,0.5247786754225255,0.8075625989804448,0.7509015405739968,0.41636697485233304,0.6435802460060296,0.5610216263230352,0.6315043574021959,0.0,0.5287010469725393,0.48606093960841634,0.8402916849857285,0.7938112978230525,0.680555475734808,0.5790278943913361,0.0,0.1590032680511302,0.13614718679431348,0.0,0.5972563274326734,0.23469254278201646,0.07094810907295193,0.0,0.0,0.0,0.0,0.28153122315703105,0.0,0.07575824291434899,0.05455362708006392,0.3176410624956436,0.6379028431970069,0.3039948746367558,0.7103910465229333,0.5210264859659022,0.5882048486490766,0.611251536861724,0.6192043025013292,0.3998605426417159,0.6755879068729611,0.4555907903251854,0.5670542519770383,0.47888547136160864,0.5138622457828188,0.08173139544581079,0.5302647097544156,0.3088815668515536,0.7769745821190339,0.6870772930677118,0.36654907374355816,0.6206662191055528,0.32549956140075453,0.47034144865158994,0.0,0.4312422906767711,0.39261543905595264,0.7417473053379965,0.2806350577064482,0.3850240221338427,0.15295542105754767
0.5212760232410409,0.5507403530942243,0.5364612455259025,0.43643793912026285,0.49679819945223436,0.18227070402029988,0.49362792078436807,0.422333995977953,0.15557348003992622,0.05934901225537511,0.32732311291077903,0.3464671802325457,0.33176384140679543,0.0,0.0,0.45573387439880314,0.0,0.0,0.43377908603338383,0.22853936469703637,0.0,0.32819337968164486,0.4925134401373571,0.18202289757644524,0.0,0.6525752211340681,0.010579663693366076,0.2733442329455839,0.4257763650734292,0.27261177936208064,0.03959910491203886,0.0,0.0,0.0,0.32018770756330156,0.0,0.0,0.0,0.0,0.24343065887744136,0.4176853454741184,0.24282556687695306,0.0,0.16723396778558464,0.301068694866214,0.39760974688403017,0.0,0.4661296607326133,0.0,0.0993920455487342,0.24723004004334387,0.2848202857741391,0.0856725354475775,0.19920619207756696,0.0,0.3362644961891892,0.0,0.4751807260727638,0.703008904412886,0.0,0.3436824179060803,0.12831840503771394,0.22622050195824694,0.5106738549502641,0.3532563551610985,0.0,0.3763080181690721,0.4376310266160851,0.3249304386105096,0.0,0.47782635778781113,0.0698611383394032,0.43473957718597867,0.4627383892026387,0.7429308291809,0.5263998535838428
0.32337080758881626,0.2223228384931501,0.5082740576693557,0.0,0.5711268577876851,0.40533577984320385,0.31266651272089113,0.38669893777512104,0.47457521577910816,0.6081645368895949,0.6851662475070561,0.5478028570478132,0.5194795748280674,0.0,0.0,0.403999672924641,0.5649244581793069,0.5387271616100078,0.5628661052220585,0.8347745150616349,0.5024890409977963,0.7804308483368286,0.2458004980852483,0.4633174782240208,0.0,0.2535883963473849,0.6359832448352392,0.6501596192615292,0.5720680821245244,0.5251881956906611,0.7780034544851048,0.0,0.24627379346714745,0.462018154378692,0.0,0.5333507372061099,0.4060289168260499,0.29656812804731914,0.0,0.0,0.0,0.0,0.4966374116085735,0.0,0.0,0.09801962638643574,0.6637646392761907,0.47688134178081065,0.2075464009439178,0.8013222758786738,0.26876794384567376,0.3936276235584095,0.5848515814882027,0.5611843661359989,0.4662514989793257,0.7068027245199688,0.7336464836575232,0.0,0.11005526878124915,0.9547412102000327,0.08857886461691569,0.338913323814545,0.27154452225939574,0.48758094827899157,0.7292084497859846,0.6014207030143004,0.7052423022828557,0.18338214207835474,0.2933345440018338,0.29467502569073317,0.27227630813577375,0.5020567273560933,0.4141881671118382,0.14871543076054203,0.29613490147207844,0.0
0.7065364222224823,0.5817494401398148,0.4785128622437582,0.16135900850151444,0.4323871784945954,0.2971402393336697,0.32175887152411387,0.3301330739533669,0.15625392962333423,0.5136354952206635,0.4283891506277524,0.4125587403976998,0.37824034167954573,0.45573387439880314,0.403999672924641,0.0,0.4394190220847475,0.641943496375204,0.4295397230905653,0.5101517630956107,0.2551195296592699,0.6577314992237954,0.29571070325209725,0.43243702163472353,0.34335149371254386,0.6624520073878067,0.2605151896921314,0.47020254376562265,0.698062868268218,0.47463062683607704,0.5894086828479923,0.0,0.11314352656011939,0.13664996679789196,0.0,0.05394586127196917,0.0,0.0,0.0,0.09588473337650028,0.020968693669424804,0.0,0.0,0.10156854872946339,0.06589023535730935,0.468486561775368,0.33067904203683746,0.4025129703943816,0.05766309536765643,0.37594292400161666,0.2725884851040493,0.38919983651233836,0.22336308078129108,0.24905092137145976,0.2755713233193383,0.4750985617653619,0.12428437446508561,0.25737620053232885,0.37487430286706647,0.3179242105711191,0.6268953197562597,0.4361643977262356,0.5800720049998488,0.48286032396224254,0.5843057946937238,0.1211827423721667,0.6573931977134368,0.2815646414749807,0.3888976819124728,0.39333936455144336,0.6134424421203529,0.26105464974450077,0.501414426158588,0.4879391763766045,0.6847212848027451,0.4198254852150639
0.20172966643910983,0.08598288197538168,0.2258739395796207,0.0930789667358906,0.26393014606932974,0.35985929584748677,0.1726599135727161,0.2997279994665486,0.08850542737744,0.6222535728327199,0.37135374330906745,0.345398638867768,0.5012941528060202,0.0,0.5649244581793069,0.4394190220847475,0.0,0.7949346508650683,0.36310923031360937,0.48358794134590516,0.42876621711580665,0.4243138912153661,0.13474721110933371,0.617418779348012,0.09167511221431335,0.3530591733365669,0.21567217080348566,0.5205230340813485,0.47672664890237215,0.6314145140851444,0.5838726542114786,0.0,0.22056188780728864,0.20235043287699794,0.0,0.41464271144264675,0.21744912379950793,0.21185757501224312,0.0,0.0,0.0,0.0,0.5281897919195502,0.0927198339782154,0.04783709333363176,0.051797229652382676,0.4378848512726509,0.149324424260692,0.12261327379030715,0.37155670580250766,0.4054349569026335,0.1315583705373972,0.3062032480629815,0.1477023989983285,0.30360752706168365,0.34557749987541875,0.35087604320511273,0.3230581120513961,0.10373062828435345,0.5377115384653814,0.26049671735112534,0.5668628534218194,0.5681045012694321,0.32221664341369394,0.44662764951578743,0.4585881413738052,0.47742202460577465,0.0,0.35677994418360737,0.28332660269613363,0.3465415849098865,0.14093832966443526,0.5440721107366167,0.09522533428996696,0.29228088105052985,0.14797171017081093
0.3042110180430303,0.22787474923305123,0.330087434973128,0.07006690671444943,0.32403566734211126,0.4711095632995777,0.24299616238375907,0.33153668083958093,0.12996769809514783,0.5264945245095044,0.39412533332408184,0.4233313054798421,0.5247786754225255,0.0,0.5387271616100078,0.641943496375204,0.7949346508650683,0.0,0.3857803188315214,0.5456546437479186,0.3276936245582145,0.5048954624199488,0.24815721177398534,0.6472611411059617,0.16268674455289855,0.39541990163969526,0.27639014471433127,0.52798818078411,0.585509496369935,0.5778974024129151,0.5929580721700691,0.0,0.12892868001977004,0.1262599398705591,0.0,0.39219894311348524,0.2634089993793471,0.12511207584060108,0.0,0.0,0.0,0.0,0.3913044351817778,0.0777703464671632,0.003404246520294557,0.01628019961427224,0.3321036315277909,0.2348736472992357,0.1716642415543522,0.4352362209982925,0.5022898953987637,0.2555988775654745,0.29697145350081317,0.21167991816027257,0.2587203991469559,0.38109473777176456,0.36977766348714525,0.2752044137136143,0.23709147315780432,0.4813840166025192,0.3326979513268442,0.48673703928468015,0.6119306668508434,0.35788906228922673,0.5376034219318059,0.2786235641229506,0.5272665515896573,0.07496022992357029,0.31204673682301365,0.2758296701386528,0.32451436603523737,0.2161527838187583,0.4985262028701879,0.12224930843883772,0.4330223621888213,0.16098436786100767
0.4741361176970831,0.43246308284816015,0.9028928602789057,0.31971628725655543,0.885833984941164,0.525005680178326,0.7090218652905909,0.6709838855554724,0.6902186588099987,0.4589814931059259,0.8816182341462415,0.639229858758606,0.8075625989804448,0.43377908603338383,0.5628661052220585,0.4295397230905653,0.36310923031360937,0.3857803188315214,0.0,0.789761333418994,0.3135372944933904,0.7549279836399263,0.5932369997245902,0.3893821391499618,0.0,0.4838039181909912,0.5850251568563156,0.7744124711075693,0.8005442021060044,0.6606351528701044,0.6408798934399871,0.0,0.11179636742049265,0.12518621273100883,0.0,0.34638758178487505,0.05154992641529556,0.0,0.0,0.0,0.0,0.0,0.12793922331876417,0.0,0.08512197351949066,0.16371948459256638,0.30171556751073353,0.8146839830143335,0.12238463280872412,0.7764174879320227,0.4462264375124613,0.5388304472314858,0.5898409135906483,0.7287481420245467,0.33667725913239255,0.8680425427734683,0.33960633391857137,0.38025613532404406,0.5731120751749617,0.5786498125995257,0.23065226786860876,0.4021336861919138,0.30752487504103565,0.9556095008397235,0.7847744389948946,0.31701927884937137,0.7191223629707474,0.43717783286638695,0.3335216329736849,0.01966724013412946,0.41540667279198984,0.5185653143649178,0.6712624138813038,0.4381007302136448,0.5306746049066482,0.2880834989449
0.4818630754059641,0.41167809632961805,0.7399053654185906,0.11250864006996505,0.8134592224569721,0.45117093573999945,0.5737516875484316,0.5035609922025096,0.5851823821340706,0.5002757283971989,0.8487353848585124,0.6418635755814517,0.7509015405739968,0.22853936469703637,0.8347745150616349,0.5101517630956107,0.48358794134590516,0.5456546437479186,0.789761333418994,0.0,0.35993494427973555,0.9203855725291669,0.39817168250229856,0.5299396111965684,0.0,0.5245586371187859,0.6199405975526329,0.8251535016276537,0.7893416918035955,0.6783696472251852,0.7762332194697458,0.0,0.10501037994625674,0.22313205541570788,0.0,0.552267125609441,0.23516065422634314,0.07509328605076612,0.0,0.0,0.0,0.0,0.3260175406868191,0.0,0.0,0.11167352284831586,0.4382800349107747,0.6483169965209294,0.17096046360136952,0.8496373879121082,0.3702200356833295,0.5310336594191672,0.5647419940981498,0.655257078642322,0.3527760003441711,0.8324066623815984,0.5131372268176974,0.22149770693292525,0.45720323336681756,0.8236563962846951,0.19790215551963586,0.41494166805384053,0.3746219769230138,0.742579897345359,0.9406040851406141,0.3796532350314463,0.8817414293347288,0.2425291875683727,0.40234980821813804,0.12789322948899656,0.4287437852759707,0.5268702182509095,0.6349971823049819,0.3330090071110469,0.5429170167923729,0.16687865212455025
0.4532831478930146,0.2541277076216536,0.32611902939293874,0.18515127357141775,0.34488814649997546,0.5132066142587195,0.3842228920303949,0.5814233487493596,0.3647019149040981,0.7280295225235458,0.32365469562039084,0.4692104395608212,0.41636697485233304,0.0,0.5024890409977963,0.2551195296592699,0.42876621711580665,0.3276936245582145,0.3135372944933904,0.35993494427973555,0.0,0.3372055882596722,0.39363470018150115,0.5349831819677102,0.24139004325891986,0.12494100369246947,0.508303717735768,0.3651625364488922,0.4718285012461946,0.32691447042027805,0.5030011420079182,0.349901838767985,0.38683507863657296,0.37238634616556104,0.0,0.27686773680316645,0.17561434787024024,0.3094719282590732,0.13341580370787268,0.11985294048699591,0.0,0.0,0.35840432658558496,0.0,0.0,0.3607034122136281,0.6463264073343419,0.38694853138140656,0.33594340532075073,0.49160606310856525,0.30298655143900266,0.46868862132360967,0.7183891326647661,0.42627057077651276,0.612642810190237,0.3540257808665339,0.5866437518708488,0.2583385946326776,0.0,0.46011452037522504,0.13301269679274208,0.33970673386644357,0.17058314032861013,0.31998183470885266,0.2540637055383838,0.8074357639408174,0.2690028447401001,0.4292392313797583,0.4108072902607076,0.48411250276903506,0.32259190656099473,0.44052842187059693,0.27080296061585285,0.22074396809060837,0.14570648545345288,0.0
0.5880637895878149,0.5463549049223476,0.6973682954458174,0.14351497702035168,0.7652237023431452,0.3900079895578571,0.5111400573419225,0.4531453507729588,0.4856228815576846,0.520628351187709,0.7946228747920737,0.5754480801047002,0.6435802460060296,0.32819337968164486,0.7804308483368286,0.6577314992237954,0.4243138912153661,0.5048954624199488,0.7549279836399263,0.9203855725291669,0.3372055882596722,0.0,0.3636498187866719,0.44796522016392465,0.0,0.6106144978816959,0.5865807757290903,0.73806440301279,0.8153525723013353,0.6408542270146753,0.781952524715416,0.0,0.15886739415260218,0.24744077141663964,0.0,0.4111775523568605,0.13241120616219082,0.0,0.0,0.0,0.0,0.0,0.21165898737803743,0.0,0.0,0.30575055448216426,0.5047521614484118,0.6000172594440105,0.08503051584151015,0.754659174468651,0.3258168937033632,0.5007898692652785,0.4961435120723521,0.5599011544438697,0.3926260941540784,0.8095338312708757,0.41073052169394475,0.23062258251013748,0.44623138087646075,0.7389469715496801,0.3815947252860957,0.4501270759819217,0.4325184101426413,0.7259390449624066,0.9005132457919941,0.3479433810764293,0.9306821573305982,0.2707507740001311,0.46689676641021377,0.2760770940110685,0.5730681232879216,0.5129724245621524,0.6273050545439314,0.49999478448668505,0.6413110448977382,0.302570842952727
0.44017715200178986,0.5743830690746905,0.7128231460529795,0.3213155055175983,0.5370385653144439,0.8342322429124283,0.59350171896428,0.815744832973651,0.6025078627918693,0.37386516219705984,0.4164984165502867,0.45681723210993447,0.5610216263230352,0.4925134401373571,0.2458004980852483,0.29571070325209725,0.13474721110933371,0.24815721177398534,0.5932369997245902,0.39817168250229856,0.39363470018150115,0.3636498187866719,0.0,0.37638769158414165,0.1336596172980727,0.5733730282191063,0.5884765368263662,0.3347887301605208,0.5728657934986613,0.24297641554802518,0.12581739305260714,0.0,0.12647257664360123,0.0,0.26221024572184226,0.06113411125335147,0.0,0.0,0.0,0.2338851206793509,0.12368858550852566,0.0,0.0,0.0,0.2699471807938405,0.3010965690785791,0.12571400608977584,0.7452035024500314,0.04331855382482841,0.3263426024098231,0.7071930465407616,0.519793570209787,0.6073171426457958,0.582492604288548,0.20971243406472143,0.41405160719341605,0.11472670763169415,0.5210312185871231,0.34361710046555677,0.22095200197925122,0.18465712361933168,0.29976890065130035,0.250227948732503,0.6601285421940325,0.408067060381472,0.13723245628680253,0.32321719973214397,0.8678602106579429,0.3346385821330584,0.17506148969953875,0.5278693521914906,0.590516596890079,0.4124260307795031,0.3682824840904716,0.4144103688295043,0.15052394932982405
0.44803381597657294,0.22750238446239116,0.38995341281172313,0.3140410355266279,0.3887580847153007,0.47749932602230705,0.3769635908752105,0.5227298057510654,0.17478273472514663,0.6192234824048345,0.3490358721643233,0.612099941517299,0.6315043574021959,0.18202289757644524,0.4633174782240208,0.43243702163472353,0.617418779348012,0.6472611411059617,0.3893821391499618,0.5299396111965684,0.5349831819677102,0.44796522016392465,0.37638769158414165,0.0,0.0,0.4782377548024502,0.2594374814994022,0.5540592088507199,0.6176856425964448,0.6080002674742216,0.5375424001461236,0.0,0.19789635816073858,0.07249199407589146,0.0,0.3727028945751207,0.19299009057198097,0.1709093175239255,0.0,0.022501332668515228,0.0,0.0,0.3542294262147099,0.08555248163347615,0.18268714230240785,0.25887399021165003,0.24465335891002288,0.33762469323085836,0.4127985813028979,0.39034729989535544,0.41610039051383635,0.3442165601339321,0.38468188718873997,0.2495469030373268,0.3030631916472897,0.33490444328768854,0.37496118807802686,0.49946843556586196,0.29312724851461014,0.4297563311065711,0.16778789364722924,0.5066772313605951,0.4345090019379271,0.39702419986102133,0.44908956366038755,0.3479657123473364,0.43216844238479635,0.1954745208165689,0.6487490825260654,0.07808332285855682,0.43715420871404276,0.08678733564029799,0.5476317391490553,0.04837670007952066,0.43303237878540657,0.17147830750522727
0.24276484842594537,0.3810116657234001,0.0,0.0,0.0,0.2337832703983049,0.0,0.0,0.0,0.2923717273615536,0.0,0.0,0.0,0.0,0.0,0.34335149371254386,0.09167511221431335,0.16268674455289855,0.0,0.0,0.24139004325891986,0.0,0.1336596172980727,0.0,0.0,0.13734751807189038,0.22326082560955987,0.0,0.08698355327738805,0.0,0.0,0.0,0.13971629920407597,0.0,0.10276262071235845,0.0,0.0,0.0,0.04302722271161963,0.27892425732610737,0.14671972991547383,0.08664720489288229,0.0,0.1379325225090705,0.0969067393296727,0.32955468101572133,0.2949966485106674,0.0,0.0,0.0,0.11299133883839113,0.04009234199437198,0.0,0.0,0.14913951198788655,0.0,0.0,0.0,0.0,0.0,0.4935591341149419,0.10853200086057813,0.3107345340943935,0.0,0.0,0.09796972889350533,0.0,0.329388679706856,0.0,0.7408557309004996,0.3271326972672933,0.26195750939631823,0.0,0.29582663421952116,0.04530415665335055,0.08934859488583508
0.6216988359616563,0.706958200100243,0.5276292643084834,0.3025008095271834,0.4953238176427334,0.4375874105078877,0.42126593513021116,0.5363243916085665,0.22407127061219786,0.4100689126458767,0.43808850292748214,0.4659245471908547,0.5287010469725393,0.6525752211340681,0.2535883963473849,0.6624520073878067,0.3530591733365669,0.39541990163969526,0.4838039181909912,0.5245586371187859,0.12494100369246947,0.6106144978816959,0.5733730282191063,0.4782377548024502,0.13734751807189038,0.0,0.24659471525928223,0.4016897945054787,0.6447098843487351,0.41222249599186445,0.27199288657336795,0.0,0.09329106079815624,0.0,0.13641696723440094,0.04811000231310149,0.0,0.0,0.0,0.2644180079988972,0.34055211954749154,0.020088058664766546,0.0,0.14680492673313586,0.32689690704086105,0.48578772453646313,0.09311747831259315,0.4541506365223238,0.0,0.22172717476057094,0.4451604794339805,0.28565403321783833,0.2208527586594014,0.25696815404932155,0.11797734801406806,0.4455618326475025,0.0,0.4990738168850212,0.4869011814839187,0.19865286322371326,0.4284633375220225,0.478763134544402,0.4846383447610883,0.5689675288931353,0.6215120499533104,0.0,0.6522951561611569,0.4069697145022223,0.5884920110896562,0.16945955475707436,0.7846161900487687,0.21905504087879996,0.5928836219771099,0.44722095106080445,0.6774833841558436,0.47729216808250735
0.3806901493387892,0.4527382859921099,0.662455237931844,0.0,0.5791778861803155,0.7429468993955101,0.5273221798426873,0.5217982607214233,0.8840578179033227,0.542295085830721,0.5260997902353289,0.4765425723564458,0.48606093960841634,0.010579663693366076,0.6359832448352392,0.2605151896921314,0.21567217080348566,0.27639014471433127,0.5850251568563156,0.6199405975526329,0.508303717735768,0.5865807757290903,0.5884765368263662,0.2594374814994022,0.22326082560955987,0.24659471525928223,0.0,0.41432115297573885,0.5682288976727977,0.1469493354887914,0.3817604181083586,0.10324957205997273,0.2863926952035192,0.24267889360221678,0.05710416696157816,0.3240393718570674,0.19586382693633075,0.17997852566533262,0.0,0.0,0.0,0.0,0.286095069841545,0.0,0.0,0.16231474384785208,0.5580099561662,0.7502899981093847,0.1660320039584157,0.6860595735979633,0.39720317952273193,0.7206910999470805,0.6483758464411985,0.8637234253349161,0.5678976532971457,0.5476867304324985,0.5791643569650015,0.15685035401446545,0.0,0.6234816245479531,0.07628232016626657,0.2463974900859261,0.14585755996103325,0.5626684823706634,0.5370370782934463,0.4845162085701947,0.45021903800776736,0.603537827577866,0.060987932916720694,0.4258533231396696,0.29972458159780196,0.915371201454908,0.20462379784934098,0.31254975885316644,0.14522746101201403,0.0
0.404166573982747,0.2721451449356393,0.7203171393314025,0.3211098921737343,0.8747293758570055,0.3194622582975311,0.7068539636617459,0.5038835111919743,0.4909777626620381,0.5104006960296817,0.8233003492242987,0.7280021630677305,0.8402916849857285,0.2733442329455839,0.6501596192615292,0.47020254376562265,0.5205230340813485,0.52798818078411,0.7744124711075693,0.8251535016276537,0.3651625364488922,0.73806440301279,0.3347887301605208,0.5540592088507199,0.0,0.4016897945054787,0.41432115297573885,0.0,0.7727168704690799,0.8556925458670248,0.7871020437108096,0.0,0.04327016133620132,0.19259117641496382,0.0,0.6260019440917151,0.3071897139618326,0.088881284628343,0.0,0.0,0.0,0.0,0.2950702557609712,0.0,0.0,0.06794533929128113,0.39678944723218873,0.6002107286446587,0.28753490814243055,0.793952469144664,0.3137744939787073,0.5212207330443412,0.5403373643334166,0.5857566265009528,0.39602438254492134,0.7703779659619907,0.5023701314561125,0.35932232816310716,0.5128502639234431,0.6492381210011491,0.20659736805032403,0.4582943665897671,0.3710759554292003,0.73477189550615,0.8051238600127459,0.446230744829065,0.7721884820077891,0.17181962693106448,0.35363478669023296,0.0,0.3525445421390314,0.34359839695038585,0.7969831466779301,0.35529480974202143,0.513703183726768,0.21931262656708697
0.6728352457038957,0.558238913686532,0.8103563096659168,0.34273031947213206,0.7711978266612789,0.6394592840719959,0.7066170612075126,0.5872625695104785,0.5085612674400004,0.6081686373259625,0.6958452777593426,0.6017493804801316,0.7938112978230525,0.4257763650734292,0.5720680821245244,0.698062868268218,0.47672664890237215,0.585509496369935,0.8005442021060044,0.7893416918035955,0.4718285012461946,0.8153525723013353,0.5728657934986613,0.6176856425964448,0.08698355327738805,0.6447098843487351,0.5682288976727977,0.7727168704690799,0.0,0.6698632687881496,0.6427504365912908,0.0,0.18989547444284302,0.060371034119553885,0.0,0.2921302364258464,0.020979792662717572,0.0,0.0,0.15455993832831993,0.0,0.0,0.09865289621756693,0.05999409399408331,0.16213994220267666,0.3836012201721688,0.4296876349172133,0.7020639117048789,0.18850423516097606,0.6526315651207881,0.5666761030267473,0.6678613749179962,0.5105010576891298,0.5723024113138775,0.41063637750775855,0.676334806301891,0.2994876564881812,0.5793702484667347,0.4586865926247647,0.5448600852279155,0.5288647435361221,0.5427419058590319,0.5641542117975528,0.8131363974020411,0.7785270360644199,0.3515638779197364,0.7775417998423151,0.47889555647615156,0.4503497892437467,0.34632913689360867,0.6370202466771251,0.5319424282303542,0.7493049804191724,0.6560075487716337,0.6971098703372705,0.4196482008060646
0.34249604159792274,0.2011144818293268,0.5478858249647309,0.34967720021325327,0.6457354321835704,0.20481171087088612,0.4685291308807883,0.39390352930102246,0.14937595113363503,0.4462571795987308,0.6866346497781244,0.5150196264372683,0.680555475734808,0.27261177936208064,0.5251881956906611,0.47463062683607704,0.6314145140851444,0.5778974024129151,0.6606351528701044,0.6783696472251852,0.32691447042027805,0.6408542270146753,0.24297641554802518,0.6080002674742216,0.0,0.41222249599186445,0.1469493354887914,0.8556925458670248,0.6698632687881496,0.0,0.7086340212434842,0.0,0.0,0.08333666401503342,0.0,0.4720488704716502,0.14738574898888562,0.0,0.0,0.0,0.0,0.0,0.23111335274514586,0.0,0.0974273620308945,0.09925362747489452,0.3007994034301548,0.41251263999762344,0.190904128839664,0.5380615570861981,0.36590566436480687,0.24745285068210504,0.3581183057998531,0.2570829840814603,0.18313269435275803,0.6256300435208637,0.2511739508917776,0.41707142772684436,0.5598345123329412,0.5325026703116444,0.3143245555479177,0.4725452247847396,0.44836502290591107,0.6236959985424859,0.6812268435007627,0.35149360879177105,0.7068430211216816,0.07424510895484279,0.46639377961896705,0.0,0.3807307276968473,0.08839026007626338,0.8212077352477063,0.34426628065724374,0.6307525233877054,0.41335600617040036
