0.0,0.10063809396870699,0.4488222306307529,0.0,0.0,0.11907935657857248,0.0,0.0,0.1489205183827489,0.0,0.08427150370217329,0.05650320194109312,0.0,0.2914584656031416,0.2475873775756654,0.43071088442497096,0.0,0.08342074539543226,0.3094002023937448,0.37798641045981324,0.25582215468939057,0.47601955694230796,0.17436054488742186,0.4485649854966832,0.43246928896858755,0.5048835403948466,0.4145493857274535,0.0,0.049625039995523756,0.0,0.0,0.18018143436104425,0.0766142153772715,0.0,0.382209105037822,0.2334761054505152,0.0,0.21953279129651912,0.2749780772306073,0.3266441551865145,0.4029399747092734,0.2421374236675406,0.30033246734272623,0.19918711682601942,0.09181707410161567,0.7263431162431283,0.274981244886551,0.050302494709710516,0.16806587756624322,0.0,0.03882017956054523,0.0,0.0,0.10738428109425727,0.1335210488449823,0.0,0.16460739531422205,0.0,0.15992601993085476,0.28777739692712956,0.15907548059316412,0.02709526239104379,0.08888647016948359,0.2226054007788036,0.4191126518987842,0.32803147162558177,0.3259191265941018,0.0,0.42941969616863723,0.2697013474346423,0.6377084449685259,0.3368259577697438,0.3092409555375801,0.3274987180780954,0.19954237251279885,0.3591973292747909
0.10063809396870699,0.0,0.31628967495406957,0.39647172852007234,0.3651107599818997,0.7273792563037941,0.4360947711966287,0.5954778470378939,0.3652690936205876,0.5702997689339846,0.20933554961926,0.6558520638346312,0.7047795831432205,0.36051653588470567,0.0,0.5325912556380861,0.5582132938404343,0.6286440818682741,0.0,0.0,0.1736397776366379,0.21838790277761372,0.6045180407221109,0.4300587121153222,0.4092149779211078,0.6449818168853458,0.07487824067287802,0.3451909852508032,0.0,0.10475138929257388,0.20729335689002926,0.1347566449792177,0.3298871066590907,0.14650992970298435,0.0,0.3493199637991067,0.42115500991923827,0.0,0.0,0.0,0.0,0.0,0.37011032983108155,0.11054013862296325,0.0,0.0,0.5287755172378811,0.005109995786931221,0.35154046065646677,0.18631969728854764,0.56197207072742,0.0,0.546028957428067,0.3837398464852351,0.29556104968892316,0.18412889091590623,0.5851653029786769,0.18349533725736675,0.3492045504477016,0.0,0.0,0.457014105320385,0.0,0.0,0.0,0.13186883072750036,0.0,0.5017975115869572,0.2639808002418444,0.09939221126587833,0.30144923617188935,0.056022117926318005,0.0,0.0,0.0,0.0
0.4488222306307529,0.31628967495406957,0.0,0.3287823769253955,0.4177135119162182,0.5881164379142559,0.4330401600789323,0.5230837925352206,0.7188693355596809,0.37852854852252626,0.6963008345086272,0.30304670438247555,0.4145377206572183,0.26484559098962646,0.4356951087387625,0.6125770264464663,0.210429779997143,0.33080659532778334,0.5679489278204092,0.45932409510263816,0.5846517133533947,0.5561597839146033,0.6302325918264685,0.10754822409818746,0.411863309532901,0.40796859795528745,0.592795676495619,0.3835653177337323,0.19030352111757715,0.48311743183043226,0.403340190072358,0.0,0.2657471265596022,0.21973718547276272,0.0,0.25051713388101343,0.056997871446583574,0.0,0.0,0.0,0.0,0.0,0.2727513373352537,0.0,0.0,0.21157989789180165,0.30339706458316756,0.5994191995083435,0.27166364458999304,0.38766087998332177,0.278666987477001,0.03160615039451231,0.48095763391881474,0.6654230301808888,0.30387058521355653,0.5604376037476212,0.26196831795388487,0.0,0.31723651909740946,0.2972741125118479,0.0,0.03336316250812946,0.0,0.30564381480612285,0.1269414777685216,0.5669622460937094,0.0,0.5346445832639629,0.0,0.019858651379851322,0.29244668948143904,0.28973242951346456,0.0,0.10989464578145897,0.0,0.0
0.0,0.39647172852007234,0.3287823769253955,0.0,0.7531983917966483,0.4403902977870534,0.7177789242217725,0.5745856093880368,0.6552019233238447,0.6752643817705742,0.6591261701682328,0.31421303442289616,0.6089920040001424,0.06366712295004565,0.12256647037288479,0.2878116847304021,0.4289164465374262,0.25399006010871783,0.0,0.0,0.472202037157969,0.10183189052232809,0.4177346269285647,0.0,0.0,0.0,0.12423604023679832,0.8169776329069341,0.15361988463137222,0.5342087829509738,0.7242591719390187,0.0,0.41459469659806353,0.5214048997620127,0.0,0.05864497575744548,0.25385869359369667,0.0,0.0,0.0,0.0,0.0,0.012373295208573387,0.0,0.0,0.0,0.05807825064844739,0.3973949476444081,0.24434251779833543,0.6685053495332345,0.17424814550265966,0.14244622314659514,0.6056627941497574,0.7409293069333659,0.2163402012520158,0.6473188911257011,0.11415788430109197,0.0,0.2969094488016677,0.0,0.0,0.024112726894877118,0.0,0.0,0.0,0.3987558314030708,0.0,0.4874254160370274,0.0,0.0,0.0,0.0,0.0,0.0,0.0,0.0
0.0,0.3651107599818997,0.4177135119162182,0.7531983917966483,0.0,0.5344568869900932,0.7759287781868596,0.5894604976349218,0.7505788009389016,0.6803123549846375,0.7131095467718392,0.297667008160699,0.608214580823409,0.2583966222278252,0.24738318209812632,0.27188783020417917,0.30997490251984955,0.21116169310163774,0.0,0.0,0.5994868156466596,0.22345655521230157,0.44912543906149816,0.0,0.08118205192754079,0.04953787845207147,0.3524378383694048,0.7847093324079905,0.2655704518263298,0.513812838635108,0.6641976621110321,0.0,0.3013203269295066,0.4460449124973338,0.0,0.13098133059701442,0.16206584146375705,0.0,0.0,0.0,0.0,0.0,0.05561679498361141,0.0,0.0,0.0,0.1796097511139768,0.359793782917529,0.2379088010424673,0.7149520273101796,0.2729520241621605,0.1550364860091195,0.6732290805435576,0.7732165697339392,0.3256345569902287,0.5579191263890073,0.1924738908909709,0.0,0.37362628533769005,0.09037124791453674,0.0,0.0,0.0,0.0,0.0,0.5199218274570461,0.0,0.5209127055028036,0.0,0.0,0.0,0.12336907710558515,0.0,0.0,0.0,0.0
0.11907935657857248,0.7273792563037941,0.5881164379142559,0.4403902977870534,0.5344568869900932,0.0,0.6784062184716321,0.6764707841916769,0.6760392889503183,0.6261419313806234,0.42556478973897843,0.5431154463377321,0.8197529691726904,0.39551393239303984,0.05716839542386137,0.5969134403822949,0.39438900477060335,0.6306613562085597,0.12038901254858725,0.0,0.3912584518473024,0.33663076325763885,0.7329130535250916,0.13448859772390878,0.4856135579731368,0.5008974597389471,0.47605105552169896,0.4132358004067018,0.06128638439541889,0.29829493492276565,0.32024049357240447,0.01908358918322514,0.29884141552418525,0.23253001687803537,0.0,0.29868897159383245,0.16776436307361292,0.0,0.0,0.0,0.0,0.0,0.21380451314788612,0.0,0.0,0.0,0.6296142853684067,0.200233002157911,0.3090960477920578,0.33560907801725737,0.7061239739172144,0.09439813649121626,0.6647132857835611,0.5701055049217507,0.43059131304136244,0.29511612188096903,0.4554143470915306,0.17882368636575768,0.4124471740910569,0.0,0.0,0.34189132630435115,0.0,0.0,0.0,0.34203623476503764,0.0,0.6352323263094932,0.0,0.07709947669093675,0.19553061429049884,0.19258608899662882,0.0,0.0,0.0,0.0
0.0,0.4360947711966287,0.4330401600789323,0.7177789242217725,0.7759287781868596,0.6784062184716321,0.0,0.5683482172905021,0.782703041160599,0.749265021160041,0.6318364654328112,0.21769173623861146,0.6879959187776289,0.08432754323815689,0.3156998759692282,0.42211739339409304,0.3662627597151138,0.45894951412437973,0.09132898967742442,0.015264983116949793,0.6426281093155207,0.3915877479202381,0.47659149718305194,0.0,0.267829518212873,0.013648822696486623,0.4432928376779617,0.7272512218140021,0.3444534800773644,0.4929607897184233,0.6852833326646259,0.0,0.3256603861831364,0.4543981812953276,0.0,0.0,0.07083284938186327,0.0,0.0,0.0,0.0,0.0,0.12744805982338184,0.0,0.0,0.0,0.3901950517788511,0.37992356090080615,0.43695579782037297,0.731441078185637,0.45640825505276694,0.41937833013158976,0.6802890009907823,0.806663136476699,0.4880009174695481,0.5309341805485861,0.06930837686754623,0.0,0.36186297712894955,0.06168844699410381,0.0,0.0978435856731685,0.0,0.0,0.0,0.5561791450278056,0.0,0.565528712253774,0.0,0.0,0.0,0.1836899757897116,0.0,0.013985351354275838,0.0,0.0
0.0,0.5954778470378939,0.5230837925352206,0.5745856093880368,0.5894604976349218,0.6764707841916769,0.5683482172905021,0.0,0.5459154568093141,0.5619349147614412,0.4826726727458387,0.7028181166215182,0.7704078593403105,0.46366120368907515,0.03827377223156686,0.43642822656621705,0.41358921156501927,0.25974272562080636,0.059956348735803244,0.0,0.36418417268533726,0.05528925037390314,0.8482904608379609,0.18485669624241768,0.0,0.4117421672685452,0.10973762164357273,0.5922012024003037,0.0,0.44129544584188096,0.49516612001402566,0.0,0.4063034716808874,0.4568676782012487,0.0,0.44140803996485684,0.3403267760268431,0.0,0.0,0.0,0.0,0.0,0.25020816102115434,0.0,0.0,0.0,0.24633988745638044,0.414018993285491,0.21856964291124648,0.4887845660365267,0.35145577103214637,0.0,0.8694126073975245,0.5498594503442844,0.16391783432743434,0.4607274137844779,0.5594197897092501,0.0,0.5817777194824876,0.0,0.0,0.1425581763177606,0.0,0.0,0.0,0.24448759424396116,0.0,0.7255861666090193,0.0,0.0,0.0,0.0,0.0,0.0,0.0,0.0
0.1489205183827489,0.3652690936205876,0.7188693355596809,0.6552019233238447,0.7505788009389016,0.6760392889503183,0.782703041160599,0.5459154568093141,0.0,0.6018101540490021,0.8079223336693411,0.2297437961334063,0.576693403751793,0.15648772855775933,0.4588503339539227,0.49419358675650893,0.2464770206804397,0.39016900184447934,0.3414386786897221,0.2587261501186961,0.7623495251595667,0.5340283466991311,0.5494671714681368,0.0,0.3538798456144546,0.16913127222880317,0.6788111887299216,0.7037205404452895,0.44648207408784446,0.5455828617789638,0.6442584427634952,0.0,0.30752792097169945,0.42106907615855416,0.0,0.05977764454349427,0.05575313978265507,0.0,0.0,0.0,0.0,0.0,0.14443928053090924,0.0,0.0,0.0,0.27251296398996977,0.5489559227763461,0.4288617362279433,0.6823362364511338,0.3602944843031046,0.24465930280653497,0.6123654227061128,0.9153253598250392,0.3804705479475974,0.6159184036726806,0.09636017274806324,0.0,0.3576858756292846,0.2386754992879813,0.0,0.0,0.0,0.10617071056961569,0.0,0.6753473081917589,0.0,0.5716626597098289,0.0,0.0,0.0,0.3892423731266522,0.0,0.13960204179397162,0.0,0.0
0.0,0.5702997689339846,0.37852854852252626,0.6752643817705742,0.6803123549846375,0.6261419313806234,0.749265021160041,0.5619349147614412,0.6018101540490021,0.0,0.5152250025732241,0.524179245903574,0.7866769881490598,0.16386230792810794,0.1100181458944092,0.49503850175583614,0.6970271596758129,0.5898553793558923,0.0,0.0,0.43367570512995096,0.19741382654506537,0.42106229963326763,0.0,0.36940705783239236,0.3085657236268366,0.237558247776952,0.7286417945282804,0.05269045573135678,0.40317835785165373,0.6419905414622366,0.0,0.4256582941456222,0.39865255638109953,0.0,0.1282901075579475,0.2857631298295594,0.0,0.0,0.0,0.0,0.0,0.2359614669867689,0.0,0.0,0.0,0.3539007093806942,0.2635387820627468,0.32225830678440515,0.5840744512683456,0.39897943891732995,0.2462923978408123,0.5936163047623922,0.6901202921321457,0.6450122890621934,0.4224233927259507,0.31578291161382277,0.011099855304017636,0.3611402100290358,0.0,0.0,0.4179697999456802,0.0,0.0,0.0,0.37239796095670663,0.0,0.4354182752385219,0.0,0.05105778410007639,0.0,0.13510821945811516,0.0,0.0,0.0,0.0
0.08427150370217329,0.20933554961926,0.6963008345086272,0.6591261701682328,0.7131095467718392,0.42556478973897843,0.6318364654328112,0.4826726727458387,0.8079223336693411,0.5152250025732241,0.0,0.11664546572577872,0.40696725519323784,0.065874167605035,0.4507295060847541,0.36923208895412746,0.2578235272887832,0.25102130959618985,0.5395258043716329,0.3400429074232606,0.6581025492561725,0.4123975018466118,0.4712343609148592,0.0,0.24845872220005924,0.0,0.49977968039299275,0.678582131806255,0.4040590808080612,0.6184815475147145,0.6790553719139192,0.0,0.30504245559556875,0.4197832946476772,0.0,0.0,0.0,0.0,0.0,0.0,0.0,0.0,0.009541672546187568,0.0,0.0,0.0,0.16390903471708046,0.6913536879153093,0.2658313449545914,0.6951299337704373,0.17098632572431918,0.1646355437673626,0.5797357317228305,0.8252579676489635,0.29433390269770043,0.8222852251619972,0.0,0.0,0.30803026902227504,0.2543719962412562,0.0,0.0,0.0,0.3040246359030337,0.0,0.6371511483276031,0.0,0.5491286232402351,0.0,0.0,0.0,0.1891761952698643,0.0,0.13424550284022738,0.0,0.0
0.05650320194109312,0.6558520638346312,0.30304670438247555,0.31421303442289616,0.297667008160699,0.5431154463377321,0.21769173623861146,0.7028181166215182,0.2297437961334063,0.524179245903574,0.11664546572577872,0.0,0.6926036669707597,0.48275603085589835,0.0,0.429409425059869,0.5650297254889136,0.41387418388339575,0.0,0.0,0.0,0.0,0.5485349236611556,0.5859778310662419,0.047548795807911215,0.6948814041005587,0.0,0.3374385346342363,0.0,0.17312504071426732,0.11762319472237862,0.0,0.24726873921629333,0.20256313596664116,0.0,0.6545024608311374,0.5641915362930188,0.0,0.0,0.0,0.0,0.0,0.37961074122948024,0.11132935381218724,0.0,0.0,0.15263375416917027,0.03638002864176329,0.1276970550631768,0.07690300042013795,0.2407152478063439,0.0,0.5262278214038613,0.2597608440087774,0.12286171966625103,0.08921013431151437,0.773252085847819,0.02230836544383691,0.4535387182339088,0.0,0.0,0.36470234380130395,0.0,0.0,0.0,0.0,0.0,0.3323264927086187,0.33084210330938163,0.0,0.16208242866140454,0.0,0.0,0.0,0.0,0.0
0.0,0.7047795831432205,0.4145377206572183,0.6089920040001424,0.608214580823409,0.8197529691726904,0.6879959187776289,0.7704078593403105,0.576693403751793,0.7866769881490598,0.40696725519323784,0.6926036669707597,0.0,0.33495805870269557,0.0,0.5652418288898162,0.6144443851426709,0.5392275174190979,0.0,0.0,0.3398175375289096,0.09325726056754297,0.6694738993796102,0.08575174363292148,0.17606872289611775,0.43849364774503613,0.12369880453011223,0.6184420823581733,0.0,0.3670364662352192,0.4342156446475747,0.0,0.3630945050547003,0.4383720405326338,0.0,0.3070201669526562,0.32905589290481074,0.0,0.0,0.0,0.0,0.0,0.2152456964138555,0.0,0.0,0.0,0.3281092113906739,0.16081971467553577,0.32679585279546025,0.46961344463144666,0.4971319325533398,0.07814352096201288,0.7491647708595357,0.611837758196673,0.3935610346106299,0.3082452360419741,0.4997838230731828,0.1015409734458414,0.4939123254201835,0.0,0.0,0.33190423475134373,0.0,0.0,0.0,0.22722121084493666,0.0,0.5576473596684643,0.0,0.0,0.0,0.0,0.0,0.0,0.0,0.0
0.2914584656031416,0.36051653588470567,0.26484559098962646,0.06366712295004565,0.2583966222278252,0.39551393239303984,0.08432754323815689,0.46366120368907515,0.15648772855775933,0.16386230792810794,0.065874167605035,0.48275603085589835,0.33495805870269557,0.0,0.0,0.2756690406118983,0.1524999716727436,0.10922192075896545,0.0,0.0,0.01895386436184615,0.0,0.4924216993927282,0.38369886704494494,0.0,0.4327341794865778,0.05370639968348628,0.0,0.0,0.0016426157946663744,0.0,0.0,0.07385699041204327,0.09295670915710402,0.0,0.5257042677953168,0.18036757916790175,0.0,0.0,0.0,0.0,0.14716871302036127,0.20827742395185822,0.04671641597490561,0.0,0.0,0.2685198571426298,0.03358813580574457,0.026485492412451322,0.0,0.2461553251948993,0.0,0.4118499626761851,0.10614398351882717,0.0,0.055767754183139895,0.5031447666756896,0.07868762435156408,0.44240315528415586,0.0,0.0,0.11507953835718993,0.0,0.0,0.0,0.0,0.0,0.3315520123689041,0.2352954179019368,0.0,0.24733503329823137,0.0,0.0,0.0,0.0,0.0
0.2475873775756654,0.0,0.4356951087387625,0.12256647037288479,0.24738318209812632,0.05716839542386137,0.3156998759692282,0.03827377223156686,0.4588503339539227,0.1100181458944092,0.4507295060847541,0.0,0.0,0.0,0.0,0.3183051127922904,0.003542304318622763,0.06742447037368804,0.3751144051440799,0.643645108818597,0.6121939360304195,0.6316808615667489,0.15896432137455135,0.0,0.1787328952725084,0.0,0.4831037019971563,0.25352284606672815,0.5055776847725056,0.42393710596040846,0.3770135453530326,0.052378586046402775,0.1788384604788671,0.3187432710122642,0.009798771162078501,0.0,0.0,0.010825604978225073,0.0,0.0,0.14438167244728417,0.09369430208977078,0.054013290295813435,0.028972569722288982,0.0,0.23536244233085693,0.036328087207802895,0.3429258080319538,0.23272537084201145,0.336982787021497,0.0,0.2456678811485043,0.08249210243581356,0.4500120057381002,0.10529031493756341,0.3890507218567505,0.0,0.0,0.013224433213531644,0.6782256911652385,0.0,0.0,0.0,0.21758448411268067,0.3704144862608303,0.540820803355956,0.20315351377030033,0.17174118138698763,0.0,0.038757471424100964,0.0,0.2224685938658662,0.04029295998874155,0.45749692099237155,0.0,0.03554611709668712
0.43071088442497096,0.5325912556380861,0.6125770264464663,0.2878116847304021,0.27188783020417917,0.5969134403822949,0.42211739339409304,0.43642822656621705,0.49419358675650893,0.49503850175583614,0.36923208895412746,0.429409425059869,0.5652418288898162,0.2756690406118983,0.3183051127922904,0.0,0.4820805716574684,0.6514741163024117,0.265893938779662,0.284356599824318,0.4365184329781272,0.5671621560219622,0.5212006179497861,0.22671760969601323,0.5180190412610028,0.5097173568159404,0.3175840679878647,0.3156667247477382,0.03161360711920452,0.36410202118723334,0.33466294399932245,0.10014587193073657,0.3631256380173679,0.32350127104869414,0.04566064191358643,0.20573367180370433,0.08407151769998703,0.054058203648305825,0.0,0.016814986444046498,0.0,0.04719668380804991,0.29783268121243267,0.007349392680064293,0.0,0.16158269844440432,0.3786880601085494,0.19054039988418264,0.34460574530339844,0.19594533276820983,0.23150685909469343,0.025253257657702227,0.418125338009986,0.5046638905292141,0.3612616081799702,0.3251802910578509,0.27951163831894976,0.0,0.31484332296687056,0.13855532542167862,0.0,0.22624374910412165,0.0,0.11844851618176491,0.09048341115290637,0.4448173509678772,0.0,0.32731741892566557,0.07403330690795021,0.0718472796998651,0.24895088953641567,0.06637974039979755,0.0,0.03151855716143398,0.0,0.0
0.0,0.5582132938404343,0.210429779997143,0.4289164465374262,0.30997490251984955,0.39438900477060335,0.3662627597151138,0.41358921156501927,0.2464770206804397,0.6970271596758129,0.2578235272887832,0.5650297254889136,0.6144443851426709,0.1524999716727436,0.003542304318622763,0.4820805716574684,0.0,0.601667690959031,0.011445753938738007,0.0,0.13626920725473504,0.045223279952827655,0.3288460373543316,0.21465811287901457,0.249411190737243,0.4293721777766848,0.0,0.4726711373903491,0.0,0.2087433375471109,0.34388286697312936,0.0640822441785232,0.3101568988065081,0.18204064526292313,0.0,0.1528582619087511,0.281387276480355,0.0,0.0,0.0,0.0,0.0,0.3452694805924401,0.0,0.0,0.0,0.18066605231146102,0.20117624227395003,0.1950782054177452,0.29515444099164223,0.2414385085672393,0.2215173045577079,0.4107362421868828,0.4013265880746718,0.35813517906293657,0.32160560239614344,0.36322681559370434,0.11090915900571024,0.360426847279367,0.0,0.0,0.48955163299191357,0.0,0.0,0.0,0.048877965667227435,0.0,0.3116169389484227,0.019372075467640415,0.0,0.03411432074001419,0.07965602520835133,0.0,0.0,0.0,0.0
0.08342074539543226,0.6286440818682741,0.33080659532778334,0.25399006010871783,0.21116169310163774,0.6306613562085597,0.45894951412437973,0.25974272562080636,0.39016900184447934,0.5898553793558923,0.25102130959618985,0.41387418388339575,0.5392275174190979,0.10922192075896545,0.06742447037368804,0.6514741163024117,0.601667690959031,0.0,0.19194470929741142,0.08647896369922775,0.20084687554515146,0.44012713987539703,0.31063241010273573,0.17527533825142896,0.7259437341838828,0.40184997515716875,0.35492666929509126,0.26529073294236233,0.1713529184006156,0.21134033577112563,0.178652471926695,0.23101999213000182,0.2285880421666046,0.06994615705404242,0.0,0.08082981002009726,0.1472631576305444,0.15473178460916157,0.044758799107699976,0.12944908667518984,0.0,0.0,0.2352443074163628,0.06360869174317124,0.0,0.0,0.5000554459950531,0.10143195374754443,0.31419143093425367,0.12726545810201054,0.4722363074161874,0.15602723665818974,0.21513973923663432,0.40908720711483104,0.5081780202445387,0.27564161316750707,0.2629909913485073,0.20866881319226852,0.13292414573185474,0.04388892364438571,0.0,0.5262859356791199,0.2323408532342331,0.14393527471805095,0.05965304387509307,0.21752215898723792,0.07621516003577206,0.26487309357040917,0.09342753941897033,0.3612151408774819,0.21954237705841365,0.30883916813104917,0.08291888529331376,0.11292076135215989,0.008404415866729964,0.0
0.3094002023937448,0.0,0.5679489278204092,0.0,0.0,0.12038901254858725,0.09132898967742442,0.059956348735803244,0.3414386786897221,0.0,0.5395258043716329,0.0,0.0,0.0,0.3751144051440799,0.265893938779662,0.011445753938738007,0.19194470929741142,0.0,0.6297877906044409,0.2958432257196376,0.45020495741855376,0.31402773980667464,0.0,0.3406021750298752,0.0,0.4783422400918322,0.06215431355603124,0.3918946919794986,0.298102786720534,0.16878074435870602,0.23675860596450474,0.07765943074227369,0.0,0.14606022927838436,0.0,0.0,0.12059727717049222,0.0,0.18981018697828375,0.13244507778081327,0.07089375395978859,0.06497849887513835,0.013161975889148594,0.08574958857205102,0.32704931982014873,0.1909932723080558,0.6964538247487712,0.05814374105126478,0.19378493658406576,0.061053159540588986,0.07610205948513646,0.09433733433289165,0.286696216546304,0.1351118585413894,0.6374482162931552,0.0,0.0,0.039279401350350754,0.34773718889798444,0.1228622627896169,0.0,0.007300249811346915,0.8545431187552187,0.524835660848986,0.2949244665181478,0.48078318748445864,0.35685296524568694,0.0,0.12795556684392395,0.19417648909476815,0.19583810996723053,0.22396526302571634,0.40430614487800454,0.3248128386112954,0.3048800067697594
0.37798641045981324,0.0,0.45932409510263816,0.0,0.0,0.0,0.015264983116949793,0.0,0.2587261501186961,0.0,0.3400429074232606,0.0,0.0,0.0,0.643645108818597,0.284356599824318,0.0,0.08647896369922775,0.6297877906044409,0.0,0.3813946924531325,0.6493107869722028,0.12142916772805973,0.0,0.2597819371859086,0.0,0.4346843422567002,0.0,0.4885383883229554,0.34299421823181986,0.11662270786632523,0.2751174010650538,0.0,0.09370680679331923,0.3025393929333956,0.0,0.0,0.17327168859643174,0.0911920047507738,0.2578054648192658,0.40214523776783045,0.19188516637447114,0.0,0.13859744290179862,0.03261521369050159,0.4150513327722748,0.0,0.4132383952018327,0.07145507406324444,0.060422888863494006,0.0,0.07153845771026773,0.0,0.2302119649665298,0.0,0.3701203451868217,0.0,0.0,0.0,0.5092641950357165,0.08791069300612489,0.0,0.0,0.538687587859892,0.7397510842159376,0.30940360875550704,0.5572032809501739,0.09106907721866836,0.0,0.08442802240695016,0.13640130339925174,0.2631574416210475,0.19189877463264757,0.5117590342894615,0.27937337517910116,0.3338223478642893
0.25582215468939057,0.1736397776366379,0.5846517133533947,0.472202037157969,0.5994868156466596,0.3912584518473024,0.6426281093155207,0.36418417268533726,0.7623495251595667,0.43367570512995096,0.6581025492561725,0.0,0.3398175375289096,0.01895386436184615,0.6121939360304195,0.4365184329781272,0.13626920725473504,0.20084687554515146,0.2958432257196376,0.3813946924531325,0.0,0.6139102423493119,0.3726382105720156,0.0,0.3237793600092286,0.06800795425430228,0.5783704877835715,0.5852204881633247,0.4834875242926369,0.4923767884239151,0.5685325121565309,0.0,0.34600064796792807,0.3615342043657006,0.0,0.0,0.0,0.0,0.0,0.0,0.0,0.0,0.08749780098991185,0.0,0.0,0.12376828832817838,0.25855448258305475,0.44479782589988665,0.42156702411641944,0.644731307959602,0.17128898210791685,0.3485296832745545,0.4220636941938412,0.7223395170241137,0.3383814622079472,0.5197755913958582,0.0,0.0,0.1775258912618296,0.4252478285570533,0.0,0.0,0.0,0.14056460983381083,0.0,0.8272381964569683,0.0,0.40630231148759166,0.0,0.06976151526526458,0.07560824139133393,0.252863161620867,0.0,0.31935785054363985,0.0,0.0
0.47601955694230796,0.21838790277761372,0.5561597839146033,0.10183189052232809,0.22345655521230157,0.33663076325763885,0.3915877479202381,0.05528925037390314,0.5340283466991311,0.19741382654506537,0.4123975018466118,0.0,0.09325726056754297,0.0,0.6316808615667489,0.5671621560219622,0.045223279952827655,0.44012713987539703,0.45020495741855376,0.6493107869722028,0.6139102423493119,0.0,0.2829225267962883,0.0,0.5635406696808836,0.21614352160158903,0.6992590231463265,0.20178381011298063,0.5942167028486928,0.32269537257876335,0.32245537737280633,0.1995973361630077,0.1835328654153737,0.17237679728542488,0.16010711967594504,0.0,0.0,0.19355055099371773,0.06597995942084264,0.19266731048471494,0.3255983093719498,0.14043716236532852,0.2596440962987713,0.19478954935993503,0.019447725618849276,0.40099966476902077,0.4226315562314728,0.2648228347780585,0.46934587622334434,0.2630963981215672,0.19745095114522407,0.3117460524161226,0.06912653289276838,0.47112453975382046,0.3156797722949473,0.3209804850817458,0.0,0.0,0.04065429885757184,0.4572535974132903,0.0,0.0,0.06004059273768342,0.35215682723833264,0.45559286924165787,0.5971840222346578,0.39297746156363045,0.241320242293096,0.0,0.34261122182789483,0.3413879687826688,0.44651015951965795,0.21616109885365475,0.5959730289424946,0.020293609427893378,0.18606425038725588
0.17436054488742186,0.6045180407221109,0.6302325918264685,0.4177346269285647,0.44912543906149816,0.7329130535250916,0.47659149718305194,0.8482904608379609,0.5494671714681368,0.42106229963326763,0.4712343609148592,0.5485349236611556,0.6694738993796102,0.4924216993927282,0.15896432137455135,0.5212006179497861,0.3288460373543316,0.31063241010273573,0.31402773980667464,0.12142916772805973,0.3726382105720156,0.2829225267962883,0.0,0.17271785029697476,0.11675110983105383,0.4234965158512861,0.2914949656443455,0.47371555196593396,0.0,0.3894201511735091,0.4339258401119522,0.07415614627706442,0.3473561888546535,0.3679924634423891,0.0,0.4234928347514757,0.1889685321070161,0.0,0.0,0.0,0.0,0.0,0.31753317921609236,0.0,0.0,0.0,0.423535380233202,0.5207545886782985,0.29183423776677,0.4589042540702134,0.5073748973214859,0.09015498545037198,0.7870644099141301,0.528046990404731,0.150508262703626,0.5387771483109126,0.4793805395463102,0.033211781638358695,0.5940021965091205,0.052003137910956676,0.0,0.12751349271654683,0.0,0.14765034316737186,0.0,0.30834101839713485,0.0,0.8683181658753947,0.0,0.0,0.14474282771631375,0.061634875166282854,0.0,0.0,0.0,0.0
0.4485649854966832,0.4300587121153222,0.10754822409818746,0.0,0.0,0.13448859772390878,0.0,0.18485669624241768,0.0,0.0,0.0,0.5859778310662419,0.08575174363292148,0.38369886704494494,0.0,0.22671760969601323,0.21465811287901457,0.17527533825142896,0.0,0.0,0.0,0.0,0.17271785029697476,0.0,0.20054833141578304,0.8241941311146532,0.0,0.0,0.0,0.0,0.0,0.3351113603724497,0.034107442804821086,0.0,0.35977408246732573,0.5824841992563018,0.40723454837194645,0.3303894691316377,0.5172514873309452,0.34014978328954654,0.34381264694045344,0.32919211794915315,0.4053061044138157,0.46938042134790725,0.1042151326646058,0.3431550046546189,0.1755085146683221,0.0,0.02551669881625636,0.0,0.11235145678812278,0.0,0.0,0.0,0.0,0.0,0.6624567554552553,0.19236079482649995,0.11578436610370693,0.0,0.3193679961013314,0.33123382001929796,0.21706572080313202,0.0,0.044816369812489154,0.0,0.05519786080430725,0.0,0.8403449295746821,0.04714766392314229,0.6739775495207283,0.05829586574309806,0.22166422512860678,0.0,0.20007557940886994,0.28548793241550247
0.43246928896858755,0.4092149779211078,0.411863309532901,0.0,0.08118205192754079,0.4856135579731368,0.267829518212873,0.0,0.3538798456144546,0.36940705783239236,0.24845872220005924,0.047548795807911215,0.17606872289611775,0.0,0.1787328952725084,0.5180190412610028,0.249411190737243,0.7259437341838828,0.3406021750298752,0.2597819371859086,0.3237793600092286,0.5635406696808836,0.11675110983105383,0.20054833141578304,0.0,0.41380209590260436,0.5781103698181825,0.04959027765708782,0.39325057178853473,0.05566431309741156,0.0459242789255484,0.23687199502590137,0.11578312704015153,0.0,0.18615378412119182,0.0,0.0,0.27716346891263016,0.2175962796642626,0.2903314185447422,0.2907147941656179,0.10929487014182618,0.1518035022362062,0.13102119883662738,0.06150849070267225,0.39243137851027027,0.5848392999725343,0.07225041160914972,0.24362641635632998,0.0,0.48108568254133455,0.1746841801416307,0.0,0.31015249484808977,0.5325515034281745,0.17174432627224784,0.07516721110510821,0.25844274855229127,0.0,0.23417972513108543,0.24585072667800117,0.39467744979750596,0.4173233437883729,0.25995832276528796,0.2694102637994481,0.3938169752137688,0.3428396334332685,0.09796204431575684,0.2078753828152204,0.7400510713264061,0.5692339408168291,0.4722900849962985,0.3486176726569973,0.4795287880306141,0.20929632635795045,0.2854801502348436
0.5048835403948466,0.6449818168853458,0.40796859795528745,0.0,0.04953787845207147,0.5008974597389471,0.013648822696486623,0.4117421672685452,0.16913127222880317,0.3085657236268366,0.0,0.6948814041005587,0.43849364774503613,0.4327341794865778,0.0,0.5097173568159404,0.4293721777766848,0.40184997515716875,0.0,0.0,0.06800795425430228,0.21614352160158903,0.4234965158512861,0.8241941311146532,0.41380209590260436,0.0,0.2059101786870446,0.0,0.0,0.0,0.0,0.2572598911920928,0.11057414675034438,0.0,0.19044003500003426,0.6248041502416595,0.3903290851566912,0.17980512274170932,0.3155694789332612,0.20152511864407066,0.2136953266010765,0.19250919816572565,0.5106314835708212,0.33260960869955974,0.0,0.23913222801075776,0.3772421549367319,0.0,0.2886665268860728,0.0,0.30919949851639467,0.0,0.23794463902379293,0.122725418187726,0.24405910112327092,0.0,0.6913402158784061,0.18914761039804676,0.272576623050394,0.0,0.04764236666690297,0.4055072757429581,0.034377890046973336,0.0,0.0,0.03891412004222691,0.0,0.12614000841325723,0.6340837909423405,0.12352256525285304,0.6777092469043795,0.22353816001241134,0.07080248003433792,0.0,0.0,0.05488676946376639
0.4145493857274535,0.07487824067287802,0.592795676495619,0.12423604023679832,0.3524378383694048,0.47605105552169896,0.4432928376779617,0.10973762164357273,0.6788111887299216,0.237558247776952,0.49977968039299275,0.0,0.12369880453011223,0.05370639968348628,0.4831037019971563,0.3175840679878647,0.0,0.35492666929509126,0.4783422400918322,0.4346843422567002,0.5783704877835715,0.6992590231463265,0.2914949656443455,0.0,0.5781103698181825,0.2059101786870446,0.0,0.2164650755856701,0.6783691407162573,0.2606629051576895,0.21843856605208548,0.06846949260789673,0.0,0.0,0.05884711740812215,0.003268384375346406,0.0,0.023908371155836355,0.0,0.07975380092727227,0.167294451703549,0.019326074680511812,0.1084774405957338,0.0,0.0,0.3332045879944915,0.3937427092670661,0.36034675572295294,0.2979944470232828,0.32167420319465956,0.34200836495787185,0.33033490029720064,0.13353781353168218,0.5257984504881855,0.34883790255707336,0.31862063511639854,0.0,0.0,0.04987178460868413,0.4304347100174402,0.0,0.003881848873154209,0.035524791851949566,0.27077126828834863,0.291247104571458,0.559465923282952,0.23591165893240834,0.305473857518015,0.0,0.3488665340947419,0.3000098551375898,0.7207058701659317,0.08817189708715356,0.5869805632346634,0.0,0.09125299442315704
0.0,0.3451909852508032,0.3835653177337323,0.8169776329069341,0.7847093324079905,0.4132358004067018,0.7272512218140021,0.5922012024003037,0.7037205404452895,0.7286417945282804,0.678582131806255,0.3374385346342363,0.6184420823581733,0.0,0.25352284606672815,0.3156667247477382,0.4726711373903491,0.26529073294236233,0.06215431355603124,0.0,0.5852204881633247,0.20178381011298063,0.47371555196593396,0.0,0.04959027765708782,0.0,0.2164650755856701,0.0,0.263260561190666,0.6175822374397248,0.8139740410707461,0.0,0.45381883686268354,0.5167454482956542,0.0,0.018678835132214522,0.1965333302554762,0.0,0.0,0.0,0.0,0.0,0.10295071412223378,0.0,0.0,0.0,0.04791620079415662,0.49449772984381485,0.2911256217327494,0.7753699318568882,0.2077017921513237,0.24546395869345272,0.7001329988454241,0.8164061255590458,0.3092882875633657,0.6301777725675629,0.13727739584564505,0.0,0.389305950285438,0.1357222719340621,0.0,0.0682429205542251,0.0,0.0,0.0,0.5113323255263933,0.0,0.5710781968486012,0.0,0.0,0.0,0.13385602400785632,0.0,0.0,0.0,0.0
0.049625039995523756,0.0,0.19030352111757715,0.15361988463137222,0.2655704518263298,0.06128638439541889,0.3444534800773644,0.0,0.44648207408784446,0.05269045573135678,0.4040590808080612,0.0,0.0,0.0,0.5055776847725056,0.03161360711920452,0.0,0.1713529184006156,0.3918946919794986,0.4885383883229554,0.4834875242926369,0.5942167028486928,0.0,0.0,0.39325057178853473,0.0,0.6783691407162573,0.263260561190666,0.0,0.3194818885809919,0.3097838316992294,0.06529882354533541,0.0,0.05051486800104557,0.0,0.0,0.0,0.11395773737925494,0.0,0.13244349824700186,0.15567053070286824,0.0,0.0,0.0,0.04911863808221778,0.21111481297978496,0.087099261647679,0.30781049859491677,0.14444592248408705,0.2852356234759871,0.04989262427872837,0.3482212417222018,0.0,0.3828463453521901,0.07302858289639982,0.3617927251700045,0.0,0.0,0.0,0.5314906740057483,0.05214733212762346,0.0,0.24012961855688766,0.3322049873034693,0.34632888294066233,0.40725112224930127,0.4038726603842815,0.11346863663304191,0.0,0.35143292450782093,0.0,0.5680216022563097,0.15979181278455507,0.738052141613297,0.10782087342794579,0.16225332262939657
0.0,0.10475138929257388,0.48311743183043226,0.5342087829509738,0.513812838635108,0.29829493492276565,0.4929607897184233,0.44129544584188096,0.5455828617789638,0.40317835785165373,0.6184815475147145,0.17312504071426732,0.3670364662352192,0.0016426157946663744,0.42393710596040846,0.36410202118723334,0.2087433375471109,0.21134033577112563,0.298102786720534,0.34299421823181986,0.4923767884239151,0.32269537257876335,0.3894201511735091,0.0,0.05566431309741156,0.0,0.2606629051576895,0.6175822374397248,0.3194818885809919,0.0,0.656420851864942,0.0,0.3747985979095223,0.5541460074885548,0.0,0.07867324522692914,0.0387051049857708,0.0,0.0,0.0,0.0,0.0,0.0,0.0,0.0353660972250527,0.0,0.060570565054096,0.49508931205353995,0.06477904553354666,0.5292862446965689,0.0,0.0,0.45743168956753044,0.5991550173481558,0.19806450822375954,0.5664224858314195,0.0,0.0,0.21941230575825033,0.28095785387867633,0.0,0.0,0.0,0.18543156919944423,0.0,0.4074325195787784,0.0,0.38118001584851613,0.0,0.0,0.0,0.0,0.0,0.0,0.0,0.0
0.0,0.20729335689002926,0.403340190072358,0.7242591719390187,0.6641976621110321,0.32024049357240447,0.6852833326646259,0.49516612001402566,0.6442584427634952,0.6419905414622366,0.6790553719139192,0.11762319472237862,0.4342156446475747,0.0,0.3770135453530326,0.33466294399932245,0.34388286697312936,0.178652471926695,0.16878074435870602,0.11662270786632523,0.5685325121565309,0.32245537737280633,0.4339258401119522,0.0,0.0459242789255484,0.0,0.21843856605208548,0.8139740410707461,0.3097838316992294,0.656420851864942,0.0,0.0,0.43566747552760676,0.6329987067005128,0.0,0.0,0.04738625770891025,0.0,0.0,0.0,0.0,0.0,0.018753813900648092,0.0,0.0,0.0,0.11608552162536159,0.5426337678394484,0.32223919411292484,0.7695498859124678,0.13155335939491203,0.33964039690674674,0.5974577196998998,0.791900696532508,0.37153287725182416,0.6670715883996055,0.0,0.0,0.3368191288887059,0.20555569546062935,0.0,0.0,0.0,0.07989854213511524,0.0,0.5358982033390755,0.0,0.5410142049328468,0.0,0.0,0.0,0.08433835828530903,0.0,0.0,0.0,0.0
0.18018143436104425,0.1347566449792177,0.0,0.0,0.0,0.01908358918322514,0.0,0.0,0.0,0.0,0.0,0.0,0.0,0.0,0.052378586046402775,0.10014587193073657,0.0640822441785232,0.23101999213000182,0.23675860596450474,0.2751174010650538,0.0,0.1995973361630077,0.07415614627706442,0.3351113603724497,0.23687199502590137,0.2572598911920928,0.06846949260789673,0.0,0.06529882354533541,0.0,0.0,0.0,0.0,0.0,0.29434576008009194,0.005569635130966144,0.0,0.3073922701472334,0.6361362025032034,0.44898980733501326,0.5134643261937818,0.2797618003192415,0.18699659837613145,0.39846943621166053,0.18479120590015216,0.1973446263417985,0.2601545014330769,0.0,0.03623741754451516,0.0,0.24736569684903048,0.09120313321344545,0.0,0.0,0.0,0.0,0.0,0.35847092360101745,0.0,0.11655396089742014,0.5444590805633084,0.18253902003224637,0.31806180612263824,0.32693831033534715,0.555518874422011,0.0,0.5894584445922929,0.06867038708179019,0.2834124564307301,0.19101078256227033,0.3826712753852764,0.20045095563706986,0.416338314782413,0.2879008937641493,0.6068908206297091,0.5929326449754235
0.0766142153772715,0.3298871066590907,0.2657471265596022,0.41459469659806353,0.3013203269295066,0.29884141552418525,0.3256603861831364,0.4063034716808874,0.30752792097169945,0.4256582941456222,0.30504245559556875,0.24726873921629333,0.3630945050547003,0.07385699041204327,0.1788384604788671,0.3631256380173679,0.3101568988065081,0.2285880421666046,0.07765943074227369,0.0,0.34600064796792807,0.1835328654153737,0.3473561888546535,0.034107442804821086,0.11578312704015153,0.11057414675034438,0.0,0.45381883686268354,0.0,0.3747985979095223,0.43566747552760676,0.0,0.0,0.4708586737287909,0.0,0.020202088711764973,0.0,0.07211177973402325,0.0,0.13211125222323933,0.0,0.0,0.11762818166955011,0.0,0.0,0.0,0.18358663427036276,0.1927669253437327,0.17339268015217382,0.29209934403928073,0.16342751916213832,0.08481423448311913,0.3975276006364522,0.42352343076380505,0.27839253817472015,0.3102576040307555,0.17523913359996515,0.0,0.21031156018353786,0.0,0.0,0.16734789107617748,0.0,0.07079637303412897,0.0,0.36860634024856587,0.0,0.3335692144179694,0.0,0.03766110980556156,0.03190793133198197,0.0,0.0,0.0,0.0,0.0
0.0,0.14650992970298435,0.21973718547276272,0.5214048997620127,0.4460449124973338,0.23253001687803537,0.4543981812953276,0.4568676782012487,0.42106907615855416,0.39865255638109953,0.4197832946476772,0.20256313596664116,0.4383720405326338,0.09295670915710402,0.3187432710122642,0.32350127104869414,0.18204064526292313,0.06994615705404242,0.0,0.09370680679331923,0.3615342043657006,0.17237679728542488,0.3679924634423891,0.0,0.0,0.0,0.0,0.5167454482956542,0.05051486800104557,0.5541460074885548,0.6329987067005128,0.0,0.4708586737287909,0.0,0.0,0.08078564039209399,0.08054317228115154,0.0,0.0,0.0,0.0,0.0,0.0,0.0,0.0,0.0,0.0,0.24721892458198164,0.1913390652751131,0.5017830461357728,0.0,0.0490280269742272,0.4710376653351699,0.5148228045374051,0.1580732333042401,0.41352263449638027,0.022204971370311966,0.0,0.2997401675729888,0.08418306481461832,0.0,0.0,0.0,0.0,0.0,0.3360197491271265,0.0,0.35522092736736355,0.0,0.0,0.0,0.0,0.0,0.0,0.0,0.0
0.382209105037822,0.0,0.0,0.0,0.0,0.0,0.0,0.0,0.0,0.0,0.0,0.0,0.0,0.0,0.009798771162078501,0.04566064191358643,0.0,0.0,0.14606022927838436,0.3025393929333956,0.0,0.16010711967594504,0.0,0.35977408246732573,0.18615378412119182,0.19044003500003426,0.05884711740812215,0.0,0.0,0.0,0.0,0.29434576008009194,0.0,0.0,0.0,0.0,0.0,0.25595154378851415,0.6049094935085426,0.41442677527008603,0.6719436407332318,0.3166753349447347,0.12237744249236115,0.39463940491372873,0.1527134588073087,0.4809296625138688,0.0,0.0,0.022931743903490995,0.0,0.0,0.0,0.0,0.0,0.0,0.0,0.0,0.12633173379390406,0.0,0.0898083618199432,0.5396040171767765,0.0,0.2822924727066435,0.1789265266889078,0.514296091755283,0.0,0.5516232204293908,0.0,0.43870951212541404,0.19975699025542137,0.35220418735483006,0.1784865493061411,0.5174970301451847,0.2974995180987573,0.5761135419605191,0.6741722819679012
0.2334761054505152,0.3493199637991067,0.25051713388101343,0.05864497575744548,0.13098133059701442,0.29868897159383245,0.0,0.44140803996485684,0.05977764454349427,0.1282901075579475,0.0,0.6545024608311374,0.3070201669526562,0.5257042677953168,0.0,0.20573367180370433,0.1528582619087511,0.08082981002009726,0.0,0.0,0.0,0.0,0.4234928347514757,0.5824841992563018,0.0,0.6248041502416595,0.003268384375346406,0.018678835132214522,0.0,0.07867324522692914,0.0,0.005569635130966144,0.020202088711764973,0.08078564039209399,0.0,0.0,0.4670992725906937,0.0,0.0,0.03292743206817801,0.0,0.2104179053686342,0.25645042932087075,0.18001402376741546,0.0,0.0,0.082916724027242,0.0,0.033221282682838665,0.0,0.05402649309068114,0.0,0.25947688710912864,0.019420788669054306,0.0,0.0,0.6829024786206396,0.0,0.294122897475489,0.0,0.0,0.13394386895246155,0.0,0.0,0.0,0.0,0.0,0.1687494918693741,0.3693741694493819,0.0,0.27680088593402247,0.0,0.0,0.0,0.0,0.0
