0.0,0.2317669174744253,0.29511255289887717,0.04459962085224008,0.0,0.250011620789827,0.0,0.3379089617621191,0.1307533299984286,0.3798201041370991,0.17819017021508804,0.1818260542701421,0.2638745081467525,0.0,0.21014212344339123,0.38791555454526616,0.36697029518178187,0.30470178118158,0.5243019012195339,0.2693645633684699,0.402372828585424,0.3225264581451337,0.29270915480754334,0.4277096207254163,0.41567049581131377,0.3301684938731977,0.19382432546571077,0.4034658065789453,0.2108608369692973,0.20135669882166984,0.19330777396477694,0.0,0.05382660478455825,0.0,0.0,0.0,0.03000779449094844,0.06371656835548004,0.0,0.20215761208324845,0.0657230977535894,0.0,0.11883256545701894,0.0,0.2701366292312447,0.6836751624740519,0.15754123314587784,0.5298931617520335,0.08536547296103833,0.0,0.18509703864686672,0.0,0.3493504714863614,0.21015637360176953,0.3445630382404114,0.11675194257529392,0.17345815686499386,0.2970621549046201,0.0,0.2401667701174724,0.08811531383946236,0.3451862989060587,0.20828806138084546,0.46352284360931933,0.23746809472729283,0.3138470587445877,0.19059547097051027,0.4426382533801242,0.2519583788984348,0.3309710280842438,0.3140121496412115,0.26925756801022666,0.517831799978306,0.15873266609639175,0.41594746360236867,0.2963720657248224
0.2317669174744253,0.0,0.2484013822754183,0.0,0.0,0.5858639478700534,0.05820776481689677,0.49190182893402634,0.15707078770653776,0.3605002255763286,0.10543762564749039,0.36349025171238714,0.532530353819868,0.0,0.3388816711828764,0.5522561909519121,0.3643533780361846,0.6487976408976925,0.2380203294825418,0.35757904433037285,0.16467451115044157,0.3720944632920054,0.480658461813484,0.505071933948802,0.6517871996160834,0.7424264010136605,0.31194329870010823,0.023848624846987132,0.05464503312685304,0.103748671663291,0.0,0.0657859307766461,0.036363406874319354,0.0,0.043016809093723046,0.0,0.0,0.0,0.16137256935499736,0.22623377517433277,0.11289973183862453,0.09678364892344568,0.20761571245239277,0.0,0.15949547718731472,0.0,0.4829935375853262,0.3421975648895643,0.07123863532631883,0.0,0.3215560496925447,0.048962443485642715,0.4767178192707393,0.21660090836631068,0.382551250632867,0.022612177499163694,0.37688121699085,0.28739877482362186,0.13768714190802034,0.47101225511942413,0.0,0.39242658269027564,0.0,0.1640066130528378,0.3659890009566721,0.0,0.3302884347838362,0.33280513872365874,0.17785113433463318,0.5874161946729409,0.46712285132109554,0.33939649797735466,0.18658923511360098,0.0,0.35891061552560655,0.12188665282085222
0.29511255289887717,0.2484013822754183,0.0,0.0,0.7146229855487187,0.8222132288656195,0.7275432131726128,0.3461109494940065,0.8741247380518755,0.0,0.8560488153050525,0.0,0.5529206563477914,0.34026987999466085,0.7183794695624808,0.10746094134185308,0.0,0.0,0.48584960347835104,0.39614440014281466,0.8614662865348774,0.6291839232117962,0.7400100276880387,0.18081098599238965,0.0,0.17935453846384308,0.8856043694788891,0.2149001356819282,0.8115839846366563,0.6248223027813861,0.5569145493580339,0.22061794339204976,0.5375591666898447,0.5524933557684737,0.0,0.2506018861921867,0.16097978554629774,0.24245333060570806,0.0,0.35335817635456457,0.33537642279540525,0.0,0.47345118781637185,0.2879834555766435,0.0,0.11314502906739587,0.0,0.593460075045402,0.5214611527046635,0.6002054373512856,0.7827862048590928,0.7076986272449999,0.13917180134367602,0.8835007460646127,0.0,0.4481929975910078,0.0,0.6298022961534335,0.3896489850452642,0.14640602971933625,0.11112215706202079,0.0,0.0,0.558873725091946,0.035325106196649136,0.5197454809701246,0.0,0.3616725921095797,0.0,0.24795154841212605,0.10030454548406476,0.6491060303486906,0.14422117466962378,0.17116117751720128,0.0,0.0
0.04459962085224008,0.0,0.0,0.0,0.0,0.0,0.0,0.13896523555785675,0.0,0.5977201619384366,0.0,0.6016663934511746,0.05889699800789369,0.0,0.0,0.23952033776397086,0.6503338138745418,0.3899136728929834,0.045379794355567424,0.22906418211082236,0.0,0.0,0.0,0.2130503736673054,0.39333123468352205,0.15226142343680904,0.0,0.41376155849543095,0.0,0.0,0.0,0.0,0.0,0.0,0.1987769523547523,0.007306235717667031,0.04022416358405467,0.0,0.05966543730520717,0.0,0.0,0.0,0.0,0.0,0.2726608350685882,0.2366463505935919,0.4606346335641691,0.03418555094222925,0.0,0.0,0.0,0.0,0.2957776850224525,0.0,0.5784119794987693,0.0,0.6855424411148117,0.0,0.0,0.2774588213536202,0.0,0.5835438411986602,0.46711217559092294,0.0,0.4043704708305623,0.0,0.4895869917520268,0.08922990300153252,0.4226835684249768,0.0,0.21163885543326338,0.0,0.38114590589986874,0.18810715029184877,0.42538264249222135,0.5314435969766035
0.0,0.0,0.7146229855487187,0.0,0.0,0.517407925530969,0.8659560860956775,0.0,0.9039007545750147,0.0,0.8951965443017706,0.0,0.3337060952719666,0.6803414555211506,0.4875462830174716,0.0,0.0,0.0,0.1718179773501784,0.056280214279877505,0.6907996148844728,0.43981789058822335,0.3495831894113985,0.0,0.0,0.0,0.7610019949460325,0.10938327486769617,0.7859858102299591,0.5206235016971713,0.525330729737618,0.366527786565943,0.7334125908556239,0.6973820945505054,0.0,0.5556913537868942,0.43828143756915205,0.3696187814381924,0.025550909768263727,0.4085476426416566,0.3261411727109469,0.0,0.44075151225619524,0.4991399467140936,0.0,0.0,0.0,0.1498672306283903,0.5480137531493184,0.9031843442259426,0.5265010748531386,0.8872861494782398,0.0,0.8083690198461754,0.0,0.6471193475674089,0.0,0.4772048070172052,0.4859341320884868,0.0,0.21207331994140183,0.0,0.0,0.45126990722288374,0.0,0.2704035228784427,0.0,0.0,0.0,0.0,0.0,0.3909185983044537,0.0,0.0,0.0,0.0
0.250011620789827,0.5858639478700534,0.8222132288656195,0.0,0.517407925530969,0.0,0.6222261900572651,0.5531127166263391,0.769113227607343,0.020831026402787167,0.6574770541363335,0.017162878403969795,0.7241225214688131,0.18554720488769372,0.7096419430236149,0.3857721603026476,0.0,0.2936615958270751,0.40884883925592697,0.532019523848275,0.7015713190993023,0.6814351220466045,0.8824508655985354,0.39488343156314243,0.1998824589965112,0.5319756304953308,0.8681135863129944,0.16447891233597176,0.6614607655334559,0.5338523549158526,0.4038608723677358,0.30419776561497,0.47515375028345913,0.494022210624519,0.02980743339479732,0.0,0.0,0.18527407181269617,0.06883047648647884,0.3573088784310442,0.2661678903405707,0.005426917093001922,0.3827000126730792,0.19299222522533604,0.028222323079921022,0.0,0.05587769935879616,0.5524484192777652,0.5149675014655074,0.38577883754019826,0.827236507493053,0.6082863012955602,0.3404672267993786,0.7892826959523958,0.0,0.2707418015327134,0.06923885954960651,0.6349795238759625,0.32795823154591675,0.34949893398926185,0.10172037454195412,0.0,0.0,0.40114405548837484,0.2266385267476916,0.4203477963644018,0.11880179266132046,0.44608556075913697,0.0,0.47052512066145913,0.33369428632624765,0.6732546686524055,0.14597159872379034,0.11538077098083739,0.01823789260492381,0.0
0.0,0.05820776481689677,0.7275432131726128,0.0,0.8659560860956775,0.6222261900572651,0.0,0.0,0.8227446777823508,0.0,0.7901623459905007,0.0,0.46212623642416734,0.49959514814460027,0.5573212650160825,0.06620903118123161,0.0,0.0,0.14432720593584675,0.1637221386987495,0.7126650558029237,0.5278830010306401,0.39559870117924734,0.0,0.0,0.0,0.778873485867876,0.06617543482781008,0.8656161449131576,0.5405582697099653,0.5622269534547613,0.3661523643510046,0.6564764962089831,0.6775059946302816,0.0,0.4664881238632344,0.35769886581489874,0.3280803715505296,0.0,0.3600167413643089,0.2601646741154429,0.0,0.33703327031807473,0.5339086148577543,0.0,0.0,0.0,0.1691291571573895,0.5465384874857455,0.773853175670649,0.5895327631231354,0.8561233799310083,0.0,0.7524330919533533,0.0,0.4635638901673338,0.0,0.5024294049473619,0.41234887155586186,0.0,0.3190994668143762,0.0,0.0,0.31866891056399715,0.0,0.2938238677125508,0.0,0.0,0.0,0.0,0.0,0.4423370323750426,0.0,0.0,0.0,0.0
0.3379089617621191,0.49190182893402634,0.3461109494940065,0.13896523555785675,0.0,0.5531127166263391,0.0,0.0,0.11056626510206055,0.577825546180818,0.05806703188028928,0.6031764148685986,0.49374027482641014,0.0,0.35304772374593846,0.3033448255460188,0.559924995205509,0.5288220985697538,0.4893297335143302,0.6181926583603969,0.30288795295506066,0.3992266121557399,0.7237833121002308,0.7870715206246719,0.5315127155702055,0.7177725695276227,0.3159143749970869,0.31698903536616074,0.0,0.27993751960026136,0.055627406244127986,0.0,0.0,0.0,0.10437430159621108,0.0,0.0,0.018393435510798,0.054221205160475426,0.032586595913442984,0.09211067498280089,0.0,0.2133650434869429,0.0,0.21029625470353416,0.24292668086613592,0.5222004831522628,0.6353328300062266,0.17943412586152224,0.0,0.471760794200232,0.0,0.7983032737547455,0.2328197867980317,0.5573832169963242,0.0,0.6197660560635256,0.43390166306990824,0.02471517057198805,0.5742808170177587,0.0,0.43520508893315013,0.024469474781949024,0.2787849842946724,0.5874330841308611,0.39712896591373,0.44007652162320565,0.8329051828998938,0.5477436853461233,0.511260744389394,0.6930268944141613,0.46077939620584707,0.47095611418170014,0.2320868534443712,0.5394338504246112,0.22336010950266627
0.1307533299984286,0.15707078770653776,0.8741247380518755,0.0,0.9039007545750147,0.769113227607343,0.8227446777823508,0.11056626510206055,0.0,0.0,0.8912075912546036,0.0,0.5338676320978,0.49512922719505187,0.7330183014533245,0.07809054081797673,0.0,0.0,0.384719467018124,0.3546172244778164,0.8108699171181067,0.6753910142282769,0.6083513231149194,0.0,0.0,0.0,0.9632518785706721,0.1961875020868638,0.7955923305698891,0.5981757979129403,0.5567149623241473,0.42821876922659946,0.6974319499621716,0.7295758671133974,0.0,0.3703404396924426,0.26149963236014623,0.36341064979006565,0.08270975043425739,0.46077958589258255,0.3137471577122434,0.0,0.5181661797603301,0.4181646961056759,0.0,0.06599640321500558,0.0,0.4879289478060653,0.5996392400438453,0.8066117079792245,0.7825392736380228,0.9005484784237576,0.0,0.9664979445739311,0.0,0.6408077593878752,0.0,0.6590429697579545,0.5328160492514888,0.10095589910267389,0.2342156354148048,0.0,0.0,0.5601382180278142,0.0,0.4515329377949221,0.0,0.12743311407080732,0.0,0.07106527850199029,0.0,0.6585383082509717,0.04580762246876635,0.054578694039969705,0.0,0.0
0.3798201041370991,0.3605002255763286,0.0,0.5977201619384366,0.0,0.020831026402787167,0.0,0.577825546180818,0.0,0.0,0.0,0.8721282819417362,0.3020489898889718,0.0,0.0,0.5653923820695166,0.9433001674639536,0.750216738386204,0.23409394333177422,0.5085429428301991,0.0,0.18288186918080243,0.15559654457332578,0.6838635947712901,0.8009538711793645,0.5992912749089939,0.0,0.5118843095399472,0.0,0.0,0.0,0.0,0.0,0.0,0.21466423983126176,0.0,0.0,0.0,0.1470637390523985,0.0,0.014296972705397773,0.1140370406274274,0.0,0.0,0.36841196990136804,0.46184731317540484,0.7856467323575775,0.4814550497805229,0.0,0.0,0.0,0.0,0.6309526305488958,0.0,0.8990128033523979,0.0,0.8671992218156027,0.16907770419502555,0.0,0.5943818574469246,0.0,0.8575677425365038,0.504433108668298,0.07556761978946983,0.6498192147250142,0.07334860941466975,0.6984027953681287,0.5413589062923965,0.7101508632670037,0.5470804461860876,0.5986852039466414,0.1456327727359732,0.5822979855097977,0.23282264419000515,0.7757060035366878,0.6286332521719892
0.17819017021508804,0.10543762564749039,0.8560488153050525,0.0,0.8951965443017706,0.6574770541363335,0.7901623459905007,0.05806703188028928,0.8912075912546036,0.0,0.0,0.0,0.39503825190227454,0.6097639986836704,0.5155012884669329,0.0,0.0,0.0,0.43780361720565075,0.11896604667434452,0.7741698732507634,0.4352728845707742,0.5417586636531877,0.0,0.0,0.0,0.7811279707964768,0.1332007738585814,0.7612016409289517,0.523285923576037,0.4254688495551832,0.19730375263666133,0.6485380254977112,0.5775867749878121,0.0,0.4389105324239373,0.3394190700765024,0.31061840718021466,0.0,0.31892056191266305,0.2674933942742105,0.0,0.5100753073687241,0.3857577730430701,0.0,0.05522205748129394,0.0,0.38935746379495945,0.5065295089917553,0.764991674099672,0.608375726396077,0.775640346311926,0.0,0.8588005216395524,0.0,0.661217800117698,0.0,0.5042663360704929,0.45296412114334395,0.0,0.0668460693479997,0.0,0.0,0.616973099048307,0.0,0.2999853908713973,0.0,0.0,0.0,0.0,0.0,0.42826305545176785,0.018738045197704667,0.0,0.0,0.0
0.1818260542701421,0.36349025171238714,0.0,0.6016663934511746,0.0,0.017162878403969795,0.0,0.6031764148685986,0.0,0.8721282819417362,0.0,0.0,0.27446965730911693,0.0,0.0,0.493992598488744,0.8730978368647819,0.7717899524447105,0.2566895080024864,0.4680539368105249,0.0,0.10978837463319874,0.11680044663645878,0.689150422535279,0.7142275126186038,0.6560153842200682,0.0,0.3891004172833777,0.0,0.0,0.0,0.0,0.0,0.0,0.22445462023839474,0.0,0.0,0.0,0.18355399616264467,0.0,0.0,0.12446861339909579,0.0,0.0,0.2874669608966334,0.25656978058153146,0.7632348511991223,0.36101110961705435,0.0,0.0,0.0,0.0,0.6148810027351,0.0,0.7857454160434897,0.0,0.9244369650931948,0.09958412180321452,0.0,0.5755239493146032,0.0,0.7993158940460168,0.40174393690017063,0.05373131327507996,0.6552815491571291,0.0,0.688808941017502,0.450875348684891,0.6422814640213835,0.3313294704395273,0.5872509258177161,0.061968069230901784,0.5152547507843985,0.15010148872630635,0.7090258043057978,0.5857729328452757
0.2638745081467525,0.532530353819868,0.5529206563477914,0.05889699800789369,0.3337060952719666,0.7241225214688131,0.46212623642416734,0.49374027482641014,0.5338676320978,0.3020489898889718,0.39503825190227454,0.27446965730911693,0.0,0.03332210538124444,0.6352470245536159,0.5938228529519451,0.21857732893447213,0.44433440862729834,0.506325589140709,0.6979776707118726,0.5869940177151785,0.7570137620202221,0.5730072494416776,0.41791056031603574,0.2597408270881314,0.47340639903407417,0.685241145012466,0.5901615226920872,0.5523901849782111,0.5717014347146878,0.48601996889211097,0.08262433030914518,0.26168749299441224,0.4184207633392004,0.10187451825212901,0.13094530711916308,0.09286497522408589,0.3566948565619777,0.06472988680752609,0.29263283089497677,0.3279088801173277,0.0,0.3117798568135972,0.18167291012174874,0.21327013643042414,0.19867963510952882,0.2198947542692081,0.6562864084473324,0.521450184594328,0.21446879313779582,0.554230165718533,0.46607150489678406,0.3807284235861683,0.5649150650987514,0.285022814048662,0.346528157977594,0.39525486601585347,0.7850269340429085,0.22359058934560916,0.5198544055461939,0.1463655287655723,0.18572877844598545,0.045074935565770524,0.5103543732471043,0.4221163955588113,0.44120838251212163,0.40525657393181413,0.4037396794766682,0.0,0.3559214499876928,0.3107640083023129,0.6516870825293238,0.46294427940745736,0.20988851064807212,0.19486019799240437,0.06918566768427417
0.0,0.0,0.34026987999466085,0.0,0.6803414555211506,0.18554720488769372,0.49959514814460027,0.0,0.49512922719505187,0.0,0.6097639986836704,0.0,0.03332210538124444,0.0,0.008859679556083772,0.0,0.0,0.0,0.10935376843467802,0.0,0.36703274829207067,0.020178890057740886,0.12653680653913113,0.0,0.0,0.0,0.3323568006702463,0.0,0.39041092725120213,0.1382372097089814,0.1041328416277381,0.027536484333761893,0.5169694984905364,0.29490824465605914,0.0,0.5996050655329295,0.39818001435159806,0.2788631127697089,0.11134448453590944,0.1470686104134181,0.030828171724713083,0.0,0.4070451994722436,0.35445400037505614,0.0,0.0,0.0,0.0,0.2882686085913932,0.5695891836613516,0.1715739524863618,0.5204511338742346,0.0,0.43855234075078864,0.0,0.5947662886878297,0.0,0.19804456298722972,0.4920316870981336,0.0,0.0,0.0,0.0,0.357691084626895,0.0,0.0,0.0,0.0,0.0,0.0,0.0,0.05197120426896033,0.0,0.0,0.0,0.0
0.21014212344339123,0.3388816711828764,0.7183794695624808,0.0,0.4875462830174716,0.7096419430236149,0.5573212650160825,0.35304772374593846,0.7330183014533245,0.0,0.5155012884669329,0.0,0.6352470245536159,0.008859679556083772,0.0,0.17397799665111224,0.0,0.0,0.3648188681192002,0.6762067334878628,0.6696249075424515,0.809533731623824,0.5584684873904077,0.25211199659263817,0.0,0.32122693640673733,0.782253871135353,0.2156345571541794,0.5476269502549698,0.561438939379564,0.4739534246786292,0.44200816479068705,0.5375259160663453,0.5298740145649452,0.0754083221851741,0.1038513942437366,0.10990258609640383,0.23667892863557666,0.0,0.459448328653288,0.27684448391536387,0.0,0.37357239126683617,0.265695348151196,0.0,0.04218981175900238,0.0,0.501547441037486,0.5397950618074271,0.4613461287882642,0.6988597789945662,0.5901375168976064,0.16787600638642985,0.7624204980861131,0.0,0.20836516528436294,0.0,0.6060393758543103,0.3727456547835017,0.5847119378972386,0.19616305870305867,0.0,0.0,0.29218291706048816,0.4286539256590164,0.5847138507455186,0.3383845416740853,0.27706095688683663,0.0,0.28766755190812315,0.26818054980473155,0.7269314850489537,0.09103841495810905,0.2065677685056104,0.0,0.0
0.38791555454526616,0.5522561909519121,0.10746094134185308,0.23952033776397086,0.0,0.3857721603026476,0.06620903118123161,0.3033448255460188,0.07809054081797673,0.5653923820695166,0.0,0.493992598488744,0.5938228529519451,0.0,0.17397799665111224,0.0,0.5409053639349233,0.8092472048357829,0.2199065190905672,0.4750656982547492,0.07176991287987494,0.4650586258057778,0.2788717533086307,0.3458735835731459,0.6150405203341667,0.6097219582800754,0.23643993083687692,0.4184751660332022,0.20557344084587803,0.1433782731757975,0.2748679771879339,0.12430539782523288,0.0,0.16180293273773272,0.24776060320358104,0.0,0.0,0.0,0.21218584705009663,0.17704780810506937,0.16635151997288486,0.05404021295193505,0.0,0.0,0.20584031125407004,0.21768262530240148,0.4754399714376149,0.454469519131509,0.16535878295563863,0.0,0.1732960688536951,0.1250094083444567,0.2978234978257842,0.08465230711445376,0.5006560007225477,0.0,0.5204374527136826,0.3440324491711372,0.0,0.3871335155945851,0.33110085182380755,0.5017550526246157,0.40819957009309293,0.14684420110464913,0.4264784083722284,0.010733955189805466,0.47705377619310696,0.29643285519567353,0.19143376932132714,0.4546175820636898,0.38111832854675953,0.2698167825439299,0.3432437457437975,0.2645771844286282,0.4805040752161721,0.26420501625278664
0.36697029518178187,0.3643533780361846,0.0,0.6503338138745418,0.0,0.0,0.0,0.559924995205509,0.0,0.9433001674639536,0.0,0.8730978368647819,0.21857732893447213,0.0,0.0,0.5409053639349233,0.0,0.7844255147204597,0.20759560929249557,0.3990288550670829,0.0,0.06058220823396743,0.08367284097853336,0.6323159661010556,0.7608675300940204,0.6407462835806566,0.0,0.48425400378450034,0.0,0.0,0.0,0.0,0.0,0.0,0.17099997324279628,0.0,0.0,0.0,0.02966569334744007,0.0,0.0,0.0,0.0,0.0,0.32806329297632175,0.37988770688061624,0.6920101680902645,0.4011911378550593,0.0,0.0,0.0,0.0,0.5952071145802379,0.0,0.8480659632908389,0.0,0.8546812086817197,0.08905118421983543,0.0,0.4760962239177352,0.0,0.8568990512047412,0.4507108456525651,0.06564448091867098,0.5691788303326198,0.0,0.5864002580580365,0.46359105362429354,0.6872605042338487,0.416228998553069,0.5854902592403689,0.0,0.5756173379323437,0.16927654262299205,0.7589695254881532,0.596032371371322
0.30470178118158,0.6487976408976925,0.0,0.3899136728929834,0.0,0.2936615958270751,0.0,0.5288220985697538,0.0,0.750216738386204,0.0,0.7717899524447105,0.44433440862729834,0.0,0.0,0.8092472048357829,0.7844255147204597,0.0,0.22243360179383126,0.4102751643563833,0.0,0.20110912771328715,0.26716324627535487,0.5748574819926408,0.8159824234499486,0.7897205908032915,0.0,0.2844427393914539,0.0,0.0,0.0,0.0,0.0,0.0,0.3079157489031828,0.0,0.0,0.0,0.10583801188273133,0.0,0.04621468228503825,0.08651803699136079,0.0,0.0,0.20980581653072136,0.1204688578491781,0.6756082446965501,0.4020949377160006,0.0,0.0,0.06716231157619967,0.0,0.5202427808148578,0.0,0.6948026875886212,0.0,0.7507598416622911,0.1444165775763565,0.0,0.4483980507679758,0.05263489749851269,0.734841024749527,0.4562756727394338,0.014208645361557276,0.5344099749564332,0.0,0.5068250925984241,0.44930075877556885,0.5058282772388695,0.5546670439967318,0.5941024096232894,0.13014522333627948,0.40422845555395476,0.21925843137425932,0.6487332229373413,0.3834487482868746
0.5243019012195339,0.2380203294825418,0.48584960347835104,0.045379794355567424,0.1718179773501784,0.40884883925592697,0.14432720593584675,0.4893297335143302,0.384719467018124,0.23409394333177422,0.43780361720565075,0.2566895080024864,0.506325589140709,0.10935376843467802,0.3648188681192002,0.2199065190905672,0.20759560929249557,0.22243360179383126,0.0,0.412733767434218,0.4352578921974254,0.4293078138693868,0.3768026522996878,0.42562152281714605,0.2154404587862384,0.28642455030192304,0.36956761577994585,0.45818287340171704,0.2501499988770522,0.2941876537048957,0.17219112759944724,0.0,0.15036358202891847,0.05901938446285307,0.0,0.17280622632726764,0.14467430966505965,0.24255703896092712,0.0,0.22944143143886425,0.18381535852530925,0.0,0.3853473737397126,0.0,0.22071602786365457,0.43827945065768925,0.09683121586174243,0.7041499754388295,0.24696369507836244,0.09287107813268736,0.37863158112069356,0.1464771560794033,0.39060184468465786,0.4367494177532365,0.25038001132103277,0.44253589716738995,0.28092661619532144,0.4891151971270101,0.16876050766658318,0.32062796139194844,0.0,0.19613350267171512,0.033317386192803444,0.6846575470003196,0.31378463952687624,0.3084584856533847,0.21211794292127292,0.4255804141685414,0.10988461006275178,0.17173508146113026,0.28500751356223203,0.47821662091826167,0.5673124337672609,0.21845524410256506,0.28177838616589457,0.17843012655699123
0.2693645633684699,0.35757904433037285,0.39614440014281466,0.22906418211082236,0.056280214279877505,0.532019523848275,0.1637221386987495,0.6181926583603969,0.3546172244778164,0.5085429428301991,0.11896604667434452,0.4680539368105249,0.6979776707118726,0.0,0.6762067334878628,0.4750656982547492,0.3990288550670829,0.4102751643563833,0.412733767434218,0.0,0.37103435081483177,0.8357958572815284,0.5116094722769022,0.524533609259076,0.3695988223702265,0.5590552170602581,0.5506253639823421,0.6002963090383515,0.26525353680985864,0.49605858082542703,0.46219707156628254,0.21809667093876225,0.040231597910644276,0.32034486773028514,0.27536294031650477,0.0,0.0,0.2507165051718457,0.08285380566819106,0.19888809387779227,0.20433820116075396,0.0,0.18063709905939318,0.11026913472662216,0.10337641262617886,0.25659906383424363,0.4196062744250739,0.7031502979536588,0.4121329312707669,0.03540068386316769,0.4515005596488227,0.2770380769875761,0.4659917246161841,0.43340705434882176,0.39567389273228215,0.13181917061660053,0.5364653542826587,0.5932636322893952,0.120267755339882,0.740108503061216,0.14347069503754373,0.2787891764845726,0.16133580129050118,0.28639447362580617,0.7687353010945741,0.427573275347459,0.728484300053962,0.5030315340022952,0.27609127592907406,0.37446882722204033,0.5031459428550922,0.6635766059750536,0.42618828647524004,0.3668363430446605,0.4100727637330914,0.19745398140678622
0.402372828585424,0.16467451115044157,0.8614662865348774,0.0,0.6907996148844728,0.7015713190993023,0.7126650558029237,0.30288795295506066,0.8108699171181067,0.0,0.7741698732507634,0.0,0.5869940177151785,0.36703274829207067,0.6696249075424515,0.07176991287987494,0.0,0.0,0.4352578921974254,0.37103435081483177,0.0,0.6375512435273062,0.6340837721165015,0.19097793201862828,0.0,0.059816243374314626,0.7785853661456709,0.3440319460967887,0.7801448593257208,0.6726413724207176,0.5664464715681645,0.11892778202443909,0.6446320686970379,0.5398120276906865,0.0,0.29086550356827334,0.2325213923208295,0.32831652063238226,0.0,0.4539666802261481,0.31892356144766987,0.0,0.44045985261141857,0.18898614040032044,0.02815675774242618,0.27005077563812446,0.0,0.5483000287180646,0.5504945933467857,0.6016949173069458,0.7716349429418907,0.6975061699166738,0.13209825098392292,0.7843426754055663,0.0,0.46496190531814363,0.0,0.6961594819808857,0.3630033818965495,0.12944831515838773,0.1596545338353946,0.0,0.0,0.5684004584323341,0.0,0.6833780970952095,0.0,0.34034364440375614,0.0,0.21468681226196698,0.07915291739601032,0.6308926051334253,0.2677824682830648,0.245436992496925,0.0,0.0
0.3225264581451337,0.3720944632920054,0.6291839232117962,0.0,0.43981789058822335,0.6814351220466045,0.5278830010306401,0.3992266121557399,0.6753910142282769,0.18288186918080243,0.4352728845707742,0.10978837463319874,0.7570137620202221,0.020178890057740886,0.809533731623824,0.4650586258057778,0.06058220823396743,0.20110912771328715,0.4293078138693868,0.8357958572815284,0.6375512435273062,0.0,0.5437046213872745,0.31803187995409493,0.14247414262190172,0.37268717098906495,0.787636033920991,0.5620021785848559,0.628253273126561,0.6558631427202438,0.6452694420907972,0.3499542975663402,0.41487300016517,0.6070470653227841,0.14603551637661183,0.17960601702535609,0.14526052166053188,0.393593713574536,0.12304588016223192,0.48701410993425737,0.2942849355849883,0.0,0.34686771973129515,0.3254926573443832,0.08809989388230292,0.2669153139319123,0.17235816438588022,0.6413335532113402,0.5713307516530985,0.4271223078641466,0.6302518699171231,0.6584857177372119,0.24014266108352456,0.6877590989936209,0.17285948202731463,0.33846242022906503,0.22568809646663204,0.7174532551297228,0.3269607702683366,0.5462320374246494,0.3453970864191438,0.03854541572598974,0.05728569969108299,0.42106685787884207,0.5103600808988272,0.4839172639353452,0.5204172300918226,0.32102387604810156,0.0,0.3252570877724361,0.2891545543466809,0.7161414921818012,0.35563936782719713,0.3451397225467292,0.14941610030568833,0.0
0.29270915480754334,0.480658461813484,0.7400100276880387,0.0,0.3495831894113985,0.8824508655985354,0.39559870117924734,0.7237833121002308,0.6083513231149194,0.15559654457332578,0.5417586636531877,0.11680044663645878,0.5730072494416776,0.12653680653913113,0.5584684873904077,0.2788717533086307,0.08367284097853336,0.26716324627535487,0.3768026522996878,0.5116094722769022,0.6340837721165015,0.5437046213872745,0.0,0.5336285459605348,0.27245943461839445,0.5428935954348921,0.7323510908271783,0.1772724854334116,0.44300413943137884,0.4810273455220087,0.31222401713583614,0.2566120380011276,0.33302155142729883,0.35375940972600944,0.0653474524826086,0.0,0.0,0.15483034319050995,0.1459558606197061,0.24348770723900212,0.23140094602125696,0.0393131665063167,0.3202256478470944,0.0,0.11974430890949808,0.16296696815621203,0.181086916398643,0.5943579392491832,0.34767368638892326,0.20120425549026127,0.776296525731182,0.40598031065897466,0.5317307844500456,0.6749573504961133,0.13083195971684863,0.22323060749441112,0.1411290718397709,0.5796089580333238,0.2870741424681548,0.3651936999182849,0.030762326721996053,0.0,0.0,0.34116443819118825,0.2940086384112854,0.48267772147057053,0.19063837934218428,0.7235510417138801,0.14740872764013388,0.5061212565402585,0.4589037084146714,0.6521198459118538,0.1946565532215012,0.15873374799411832,0.19689789228686216,0.0
0.4277096207254163,0.505071933948802,0.18081098599238965,0.2130503736673054,0.0,0.39488343156314243,0.0,0.7870715206246719,0.0,0.6838635947712901,0.0,0.689150422535279,0.41791056031603574,0.0,0.25211199659263817,0.3458735835731459,0.6323159661010556,0.5748574819926408,0.42562152281714605,0.524533609259076,0.19097793201862828,0.31803187995409493,0.5336285459605348,0.0,0.6606904627481968,0.7339723374812832,0.15913548693824053,0.30859109272884094,0.0,0.11005792776716383,0.0,0.0,0.0,0.0,0.0,0.0,0.0,0.04329073385771881,0.22148129408214876,0.07934117930586815,0.1782473517872329,0.16896881692672855,0.2084708278045429,0.0,0.37396152806135924,0.4348276381270134,0.6720516872015626,0.5742445253959076,0.0,0.0,0.280986962060933,0.0,0.7431772922861721,0.12959578002327765,0.6955847530475758,0.031136130413401436,0.6472893201761969,0.36622862354955715,0.0034840816379707734,0.5964838790884581,0.0,0.6075529336416253,0.13507485616263576,0.28952686457403976,0.5548935441689316,0.3637240210646032,0.5336947585613215,0.7269586099807228,0.691775299414201,0.5826233513185037,0.7906226077229109,0.3723346142849131,0.5146714207483357,0.08869224192416002,0.6449217645357548,0.4663589698088545
0.41567049581131377,0.6517871996160834,0.0,0.39333123468352205,0.0,0.1998824589965112,0.0,0.5315127155702055,0.0,0.8009538711793645,0.0,0.7142275126186038,0.2597408270881314,0.0,0.0,0.6150405203341667,0.7608675300940204,0.8159824234499486,0.2154404587862384,0.3695988223702265,0.0,0.14247414262190172,0.27245943461839445,0.6606904627481968,0.0,0.725691508195261,0.0,0.14217919642964136,0.0,0.0,0.0,0.0,0.0,0.0,0.16820372149900192,0.0,0.0,0.0,0.15543899015288842,0.0,0.0,0.23919851642864987,0.0,0.0,0.2528475146430414,0.3005664700282693,0.7670699690300955,0.4246209331474189,0.0,0.0,0.0,0.0,0.6545909519697313,0.0,0.7864681718756419,0.0,0.7066522123371859,0.056066167010464796,0.0,0.5713702599083248,0.06054660068491918,0.7760532355556455,0.37237787579293785,0.0,0.5677840992799196,0.0,0.5673505383035089,0.5601686591491215,0.6494327400838695,0.7298603963222334,0.6243614442482794,0.21156515734613335,0.3734412254726044,0.1951216159762258,0.7299820722158437,0.5273251525609781
0.3301684938731977,0.7424264010136605,0.17935453846384308,0.15226142343680904,0.0,0.5319756304953308,0.0,0.7177725695276227,0.0,0.5992912749089939,0.0,0.6560153842200682,0.47340639903407417,0.0,0.32122693640673733,0.6097219582800754,0.6407462835806566,0.7897205908032915,0.28642455030192304,0.5590552170602581,0.059816243374314626,0.37268717098906495,0.5428935954348921,0.7339723374812832,0.725691508195261,0.0,0.22430197822625275,0.17562290238156694,0.0,0.10385931976957354,0.0,0.11764085053811085,0.0,0.0,0.2490417111017888,0.0,0.0,0.0,0.060614008265387015,0.0638274478441149,0.0,0.049949034079251095,0.0504068532164236,0.0,0.15227132002345062,0.06827672746747604,0.6372771702325126,0.45287589194027433,0.024970762491179396,0.0,0.25885035435413795,0.0,0.570855491852688,0.11372887551713998,0.5306249006491358,0.0,0.5908940019374584,0.22511986113216853,0.0,0.61340657805772,0.0,0.517788405633936,0.11321955211581369,0.06132323050363839,0.5605241321691237,0.084953252419495,0.5664635171795877,0.49548973147282194,0.49419848854961096,0.5738484306465226,0.7663612018299524,0.23712841337622836,0.24821401006932065,0.03799189516389481,0.5455389131235242,0.1934689714129597
0.19382432546571077,0.31194329870010823,0.8856043694788891,0.0,0.7610019949460325,0.8681135863129944,0.778873485867876,0.3159143749970869,0.9632518785706721,0.0,0.7811279707964768,0.0,0.685241145012466,0.3323568006702463,0.782253871135353,0.23643993083687692,0.0,0.0,0.36956761577994585,0.5506253639823421,0.7785853661456709,0.787636033920991,0.7323510908271783,0.15913548693824053,0.0,0.22430197822625275,0.0,0.2896212251886132,0.7864163730475591,0.6304170009143284,0.5836953157299649,0.43063271265497893,0.6576934749487751,0.6958906583263448,0.0,0.23656342119543322,0.13524575608361844,0.3721912169061849,0.126994066149318,0.46101655860875823,0.3601583833134153,0.0,0.4581671196044857,0.4087903649832364,0.0,0.09074047034274427,0.0,0.5466410902314944,0.6280128990209473,0.6609453469808046,0.8225847977033881,0.8427681950902659,0.10896745233819027,0.9448276864425227,0.0,0.494495467673677,0.0,0.7305905646564508,0.5012250446307125,0.3055285658213538,0.2662631374622173,0.0,0.0,0.4845493054008735,0.19438085245639763,0.47796963686879645,0.11890078478085614,0.28893700314574233,0.0,0.2782472110452564,0.09617262933145038,0.7838438744019862,0.11708706636890379,0.17702131121962267,0.0,0.0
0.4034658065789453,0.023848624846987132,0.2149001356819282,0.41376155849543095,0.10938327486769617,0.16447891233597176,0.06617543482781008,0.31698903536616074,0.1961875020868638,0.5118843095399472,0.1332007738585814,0.3891004172833777,0.5901615226920872,0.0,0.2156345571541794,0.4184751660332022,0.48425400378450034,0.2844427393914539,0.45818287340171704,0.6002963090383515,0.3440319460967887,0.5620021785848559,0.1772724854334116,0.30859109272884094,0.14217919642964136,0.17562290238156694,0.2896212251886132,0.0,0.28261175953900364,0.49210690947875346,0.5242066560692992,0.0,0.0,0.2424694019569884,0.0,0.28859822367316057,0.3063693946475524,0.4195162127251098,0.024304372449818007,0.10878341551677712,0.11991716112732083,0.0,0.17195404068793277,0.05552733253182507,0.33370504168046655,0.5792123059271324,0.1483908931366094,0.6386597899532047,0.30900554165036964,0.07016736726483647,0.1264643188314091,0.1906115810001647,0.2612020406806601,0.2326360503895741,0.4171252257007636,0.38144192964182805,0.44421167562034414,0.6135006583499991,0.0,0.312149454716176,0.07908483457088364,0.3866818183559835,0.2969651935017035,0.5663107558817897,0.35363331653683205,0.26046309044704496,0.4461778277331299,0.2878015247905529,0.07829050880143001,0.053068984623945936,0.13616400171917015,0.364132384952593,0.7531505568077816,0.3246043902367668,0.3818962271992858,0.3745538811789182
0.2108608369692973,0.05464503312685304,0.8115839846366563,0.0,0.7859858102299591,0.6614607655334559,0.8656161449131576,0.0,0.7955923305698891,0.0,0.7612016409289517,0.0,0.5523901849782111,0.39041092725120213,0.5476269502549698,0.20557344084587803,0.0,0.0,0.2501499988770522,0.26525353680985864,0.7801448593257208,0.628253273126561,0.44300413943137884,0.0,0.0,0.0,0.7864163730475591,0.28261175953900364,0.0,0.6048131649112263,0.7111007548583784,0.29776913564057095,0.6217035937605686,0.6993616880968175,0.0,0.4159251119425804,0.4519626960961255,0.32232430089650577,0.0,0.34254608719332746,0.23760955572613984,0.0,0.2639842084772067,0.5228322015480908,0.0,0.0026793800377428734,0.0,0.3320337316529724,0.5938751780582803,0.7139836192306621,0.6393054591726625,0.8224472969423448,0.0,0.7127333017505576,0.0,0.3563408369621508,0.0,0.5794167168586377,0.24918661335763675,0.0,0.28675715826638093,0.0,0.0,0.3950420133444523,0.0,0.4137496003770031,0.0,0.04269457624649253,0.0,0.05090222510578879,0.0,0.4770273343138361,0.03681871336406045,0.26464325439195896,0.0,0.0
0.20135669882166984,0.103748671663291,0.6248223027813861,0.0,0.5206235016971713,0.5338523549158526,0.5405582697099653,0.27993751960026136,0.5981757979129403,0.0,0.523285923576037,0.0,0.5717014347146878,0.1382372097089814,0.561438939379564,0.1433782731757975,0.0,0.0,0.2941876537048957,0.49605858082542703,0.6726413724207176,0.6558631427202438,0.4810273455220087,0.11005792776716383,0.0,0.10385931976957354,0.6304170009143284,0.49210690947875346,0.6048131649112263,0.0,0.6865191181796058,0.207185055795983,0.4405883664818323,0.5471055916486929,0.0757379476119497,0.24266177350001053,0.23353326425936757,0.2985350198629449,0.0,0.3996726651378424,0.2728409931405139,0.0,0.2807436296843296,0.20461793400396208,0.0,0.1463950771106821,0.0,0.501873163754095,0.5040809965574502,0.5356742041303977,0.6121928252874513,0.5593802184778705,0.08321984237981506,0.6099186537345272,0.0,0.31601057787439,0.0,0.6768860121713502,0.17127457383452688,0.19468742985314824,0.12427080122605867,0.0,0.0,0.37148742925580114,0.15711538749528134,0.4591775640491845,0.14667764168877018,0.2410885102565229,0.0,0.08789560822736742,0.09576923361130674,0.5141942129569228,0.2590737613283993,0.14155317906088527,0.0,0.0
0.19330777396477694,0.0,0.5569145493580339,0.0,0.525330729737618,0.4038608723677358,0.5622269534547613,0.055627406244127986,0.5567149623241473,0.0,0.4254688495551832,0.0,0.48601996889211097,0.1041328416277381,0.4739534246786292,0.2748679771879339,0.0,0.0,0.17219112759944724,0.46219707156628254,0.5664464715681645,0.6452694420907972,0.31222401713583614,0.0,0.0,0.0,0.5836953157299649,0.5242066560692992,0.7111007548583784,0.6865191181796058,0.0,0.33135479769401777,0.38406656842269704,0.7060420276689928,0.21249395391506481,0.3227998322050507,0.39438136928931844,0.38908552406740016,0.0,0.31854593298550143,0.27153938888515705,0.0,0.11283603724514411,0.4023290010803463,0.0,0.17222278692535103,0.0,0.36684314760235304,0.5026602022612531,0.5757719618786962,0.4364922132108528,0.6214342280910456,0.0,0.5002646437101449,0.0,0.18063120374900016,0.0,0.5564905680737594,0.0,0.1394122452362972,0.3760852875329565,0.0,0.13466213456632015,0.23606793580288452,0.0797438737741479,0.4423409670588829,0.15357010306576746,0.05997071666502091,0.0,0.03736232614533164,0.0,0.380731095514369,0.13527776228364788,0.28642781352191665,0.0,0.0
0.0,0.0657859307766461,0.22061794339204976,0.0,0.366527786565943,0.30419776561497,0.3661523643510046,0.0,0.42821876922659946,0.0,0.19730375263666133,0.0,0.08262433030914518,0.027536484333761893,0.44200816479068705,0.12430539782523288,0.0,0.0,0.0,0.21809667093876225,0.11892778202443909,0.3499542975663402,0.2566120380011276,0.0,0.0,0.11764085053811085,0.43063271265497893,0.0,0.29776913564057095,0.207185055795983,0.33135479769401777,0.0,0.3358077850335982,0.5410324877950883,0.3613725640485918,0.0,0.030445700662063535,0.05024961026323607,0.31254081899779895,0.3208624990331888,0.09709002314194934,0.043724028051704944,0.060293062911429676,0.3285097637065939,0.0,0.0,0.0,0.0,0.2754899877071792,0.46528601383805296,0.3570800593827568,0.47492271079312387,0.0,0.39208424453415225,0.0,0.0,0.0,0.09391696665044229,0.19156231138191165,0.17640963700025156,0.4455209338180165,0.0,0.0,0.0,0.07913522767161149,0.19320014612296843,0.15576391421092756,0.0,0.0,0.03325870040342599,0.10183523156590113,0.21000373694599306,0.0,0.0,0.0,0.0
0.05382660478455825,0.036363406874319354,0.5375591666898447,0.0,0.7334125908556239,0.47515375028345913,0.6564764962089831,0.0,0.6974319499621716,0.0,0.6485380254977112,0.0,0.26168749299441224,0.5169694984905364,0.5375259160663453,0.0,0.0,0.0,0.15036358202891847,0.040231597910644276,0.6446320686970379,0.41487300016517,0.33302155142729883,0.0,0.0,0.0,0.6576934749487751,0.0,0.6217035937605686,0.4405883664818323,0.38406656842269704,0.3358077850335982,0.0,0.619139488639977,0.0,0.4077148570947249,0.2730947259472432,0.3728298690177342,0.06785705097049383,0.6225663415197268,0.26329567546996546,0.0,0.4680192005284596,0.3544150078899125,0.0,0.017806357339768708,0.0,0.04089307421124615,0.47634195820525554,0.6875828697221327,0.48347387555594046,0.6872114175988363,0.0,0.6675890128093012,0.0,0.40104520435703966,0.0,0.38716198257006984,0.4281614413175151,0.0,0.2177198019894583,0.0,0.0,0.2701146215772447,0.0,0.39074178007871063,0.0,0.0,0.0,0.0,0.0,0.3639159652604866,0.0,0.0,0.0,0.0
0.0,0.0,0.5524933557684737,0.0,0.6973820945505054,0.494022210624519,0.6775059946302816,0.0,0.7295758671133974,0.0,0.5775867749878121,0.0,0.4184207633392004,0.29490824465605914,0.5298740145649452,0.16180293273773272,0.0,0.0,0.05901938446285307,0.32034486773028514,0.5398120276906865,0.6070470653227841,0.35375940972600944,0.0,0.0,0.0,0.6958906583263448,0.2424694019569884,0.6993616880968175,0.5471055916486929,0.7060420276689928,0.5410324877950883,0.619139488639977,0.0,0.18177834352837452,0.326793579779609,0.3116352005714341,0.42696011798365774,0.14024653370508294,0.4661605001168923,0.38701712441155106,0.0,0.2424338498344672,0.4738396083943796,0.0,0.0,0.0,0.17041636916994377,0.5234555797503777,0.7008617511928971,0.4916469583288046,0.7276097339597376,0.0,0.642643423406738,0.0,0.322724382205347,0.0,0.4670063763861042,0.21008103189784172,0.05801853309224275,0.41813540489877166,0.0,0.0,0.1562991445968913,0.0,0.3614766529984168,0.02700051641673798,0.0,0.0,0.0,0.0,0.37656905459040935,0.0,0.06486618817492538,0.0,0.0
0.0,0.043016809093723046,0.0,0.1987769523547523,0.0,0.02980743339479732,0.0,0.10437430159621108,0.0,0.21466423983126176,0.0,0.22445462023839474,0.10187451825212901,0.0,0.0754083221851741,0.24776060320358104,0.17099997324279628,0.3079157489031828,0.0,0.27536294031650477,0.0,0.14603551637661183,0.0653474524826086,0.0,0.16820372149900192,0.2490417111017888,0.0,0.0,0.0,0.0757379476119497,0.21249395391506481,0.3613725640485918,0.0,0.18177834352837452,0.0,0.0,0.0,0.0,0.06958787251731216,0.0,0.0,0.12217892868403249,0.0,0.05615841278900115,0.0,0.0,0.29181277812309725,0.0,0.09578194379982546,0.0,0.010491049508990963,0.0,0.041331841163508104,0.0,0.1302180491083021,0.0,0.2611746701117779,0.0,0.0,0.26457066007830315,0.20036336600944674,0.05447232914866581,0.32159738487251915,0.0,0.2809246077363119,0.03598421362179821,0.37773132332556947,0.10149535608788976,0.21428161120168626,0.1093814513162237,0.2427517651587125,0.008316376554062345,0.0,0.16383649927430466,0.07918600782201927,0.0
