0.0,0.5359431271306617,0.42505644525663877,0.08613150524348522,0.042644021635474455,0.6551330769396257,0.15221218372982961,0.5939043265664534,0.5370925131085186,0.2449042002027505,0.1681661970187967,0.020923937228687517,0.38651630916972446,0.0,0.2321104203035805,0.58385424015921,0.141447396379719,0.5189405160056152,0.31297208048349534,0.5355591632712926,0.9221523179331725,0.39573317122061175,0.5850666382037887,0.368176369057092,0.562186992599464,0.09820199300457927,0.4168472431103754,0.4857784011558704,0.8268391969627383,0.7913047951599372,0.6558671207753765,0.4320821314622675,0.5480599750844729,0.30255662613015416,0.0,0.4679189692450012,0.2724841179980472,0.5707705552736115,0.3328727835981312,0.41924410680548485,0.38362892963541767,0.7708761560535954,0.5895204589632805,0.2906638989961583,0.45803643658546833,0.9036693943704749,0.26695151175384846,0.0,0.0,0.10355683686396945,0.35640436207772197,0.09355734792440254,0.3964782519611364,0.4606962310706042,0.0,0.1519680528125104,0.1327414832784183,0.0,0.40582913407979804,0.20584037121511425,0.0,0.0,0.0,0.0,0.07897447377431338,0.877152608698861,0.0,0.3124117523425396,0.04043655206373731,0.0,0.0,0.37553848661302447,0.0,0.5723482175559133,0.0,0.0
0.5359431271306617,0.0,0.5327589391479224,0.27485032243155205,0.3670929091823192,0.6729186170828125,0.5473064962588268,0.4580187460960917,0.6078154087855321,0.5939588995033696,0.41825444143077484,0.4178895807009263,0.6568893468429363,0.060681865958750664,0.4808221504852125,0.6580234624785972,0.5044795654538691,0.7080640140248855,0.4562006429160779,0.576975246873743,0.4956869134537264,0.5720924116484344,0.531129521208861,0.3275109541887359,0.7114972982205857,0.5642044356117365,0.47278937436940044,0.6156109498182002,0.589106029227752,0.455566630422903,0.5807319873048118,0.3286288371635817,0.42852412427766384,0.27961696511882717,0.0,0.41585943672481773,0.27209732436690637,0.6326927463148828,0.2381781290350934,0.26122285672516843,0.15007530297039195,0.44054157724644694,0.4630402114771119,0.41858411034546533,0.19524117068272845,0.5367420614195292,0.39025774916344314,0.18230637256709817,0.10597115560903923,0.3723139872887551,0.3135744106842137,0.10819300931659012,0.44609169950878336,0.5324623317652896,0.0,0.3224822195103459,0.3875567709799213,0.017730989325649316,0.263480182811042,0.4978658531836771,0.0,0.0,0.0,0.12082345462454372,0.26543427801770114,0.5677459317010514,0.040389965574840925,0.42346549638053116,0.0,0.0,0.04169383982306463,0.4050655770014402,0.053236814526981674,0.25336272306489976,0.0,0.0
0.42505644525663877,0.5327589391479224,0.0,0.0,0.40256068160794434,0.7515334148725281,0.43702360363828363,0.3078676861510601,0.7956465368219487,0.4606074913843129,0.7878824854284856,0.35735273849768806,0.5506163589582492,0.0,0.6287318863124304,0.2538343757498631,0.3524096692096533,0.44221598835939036,0.8572797255095772,0.7951158025752691,0.2972391919687447,0.6160214836351331,0.4917519219804741,0.2907292138898767,0.32720184286564535,0.2558473809659967,0.8170412369785112,0.5776033004201719,0.48172175011124907,0.3727052793546558,0.33987984949834005,0.0,0.05924877662525081,0.02708007699771428,0.0,0.37093212820533383,0.31586300487538727,0.3812988621138561,0.0,0.0,0.10006519126354024,0.2863147846955039,0.38781691977458616,0.5159029301084351,0.12531414481948006,0.42845789235260945,0.12538374911640082,0.7402029259584054,0.3430185280455438,0.6831732844636242,0.5712322898319767,0.43305639492641745,0.534526781997899,0.8129915323707619,0.0,0.605678863724671,0.4174960339048178,0.2043950094939911,0.3785487091415688,0.6123452653130275,0.0,0.03791476200756555,0.0,0.6272525019839945,0.7602195350304778,0.37610921344328513,0.48929592453475984,0.6751106729989649,0.0,0.0,0.0,0.8365523724287467,0.332063183607449,0.4402466103117755,0.0,0.013908925740563322
0.08613150524348522,0.27485032243155205,0.0,0.0,0.0,0.0,0.0,0.0,0.0,0.2072152547720088,0.0,0.07074828228386201,0.1188286081606448,0.0,0.15420313296622806,0.08357159177990726,0.29539785868689294,0.17477390722248637,0.0,0.0,0.10011423240042246,0.022805874147778155,0.0,0.0,0.33401687093631627,0.24562389510185811,0.0,0.31633113400122437,0.005582468190651391,0.03494094865814942,0.1472093453961318,0.07128425909915428,0.0299559023384159,0.0,0.04741648931260209,0.31185389620082593,0.24548045884914774,0.08342575614743618,0.02003321501708738,0.00841164114036004,0.1362225646542115,0.03997165254250608,0.03549421179797577,0.00023591618893364918,0.0,0.1690603023565879,0.0,0.0,0.0,0.0,0.0,0.0,0.0,0.0,0.05432695411085564,0.0,0.15663624978471574,0.0,0.0,0.17738216267082452,0.0,0.0,0.0,0.0,0.0,0.21573105934815753,0.0,0.0,0.03620114244964339,0.0,0.0,0.0,0.0,0.0,0.0,0.0
0.042644021635474455,0.3670929091823192,0.40256068160794434,0.0,0.0,0.40875758565001685,0.7058172479967746,0.26453292684130214,0.6548598534794402,0.10126569920592679,0.6707527937781785,0.07348941935947337,0.5592359163559194,0.5014562965213143,0.0,0.258947425756287,0.0,0.14404405241412213,0.46966045381923427,0.36470203687989505,0.0,0.18999044292736167,0.12150234300784649,0.07467579714608906,0.0,0.2419364080931446,0.3197284018765115,0.2590154626802469,0.24752593266247602,0.23577538833487144,0.30303207938549126,0.0,0.0,0.16258759339637707,0.0,0.06958195330235667,0.04830543027721182,0.35558335578119893,0.0,0.0,0.0,0.06897701155322251,0.0782025154550535,0.10245188384875009,0.335728933152398,0.07146711615241629,0.07297735652974277,0.550787003782648,0.0,0.5063727105734637,0.04426379651758697,0.10322569523123365,0.477964894817421,0.5532609280168556,0.0,0.7455354277212639,0.0,0.09833331410495166,0.12674524606086576,0.0811676239506984,0.0,0.0,0.0,0.400822024466895,0.22068259290734327,0.035379263333604805,0.05193394091370762,0.5200365248153909,0.0,0.0,0.020468279082328955,0.3306210117294645,0.02270469509210027,0.0,0.0,0.0
0.6551330769396257,0.6729186170828125,0.7515334148725281,0.0,0.40875758565001685,0.0,0.539501749248094,0.6512513155403525,0.8384230034401551,0.43588178779344755,0.4741349917517874,0.426017113055407,0.8132392263171575,0.0,0.3338947794265572,0.4039637339674956,0.30916747942521927,0.4957338636285098,0.6137448810614105,0.6493366332448768,0.6302459561260364,0.40019308955641764,0.7724417169354091,0.5785606472225001,0.5540995224220859,0.5196479672852168,0.7174165064364731,0.5697542104663739,0.7274666907202949,0.5625263165713066,0.4761819513167187,0.32027193232912454,0.3443645002242752,0.23520403918386673,0.0,0.493178202187688,0.4368243444509076,0.5200825758406787,0.21032507220323443,0.25326428772481197,0.21428951290330592,0.5109281397653194,0.3860489375567242,0.37112263361785314,0.3914161280596431,0.6362576724723973,0.3532821870140177,0.46776212340484746,0.1814512407873576,0.5391667435142964,0.7226494375755789,0.4288871828249375,0.6843044239590561,0.8052296151008516,0.0,0.4629818485123957,0.3897449983573689,0.2939223149928866,0.2138209302297327,0.39309292848957134,0.0,0.06543295897545559,0.0,0.2823458850026759,0.44884302988382785,0.6614197467101628,0.17340835485680772,0.7797667207302578,0.1508922120985224,0.0,0.19818091042053487,0.6951555928133956,0.1501836656466734,0.6816419140400225,0.0,0.0
0.15221218372982961,0.5473064962588268,0.43702360363828363,0.0,0.7058172479967746,0.539501749248094,0.0,0.19157877071466808,0.5253810878632379,0.3635163375921308,0.42978074208336275,0.15943272493979413,0.6161613426611703,0.3061245800883013,0.09900010327324074,0.5099332578290479,0.22223313496533628,0.4390592422588856,0.474137661288903,0.4033646082015079,0.11579617098130307,0.2517599432329807,0.26351770284321013,0.1250383191281815,0.2103747795379602,0.26605154671170156,0.36256186051836464,0.3540710473650567,0.5110947120309111,0.32581836626719646,0.3674543445627352,0.22510106792345624,0.18914140420835884,0.36163881533402303,0.08022343416782529,0.2735885620354204,0.08003169492051752,0.4363598179764766,0.07920183733720329,0.045462060516229835,0.09178033355326876,0.20036262880054692,0.2214200907295849,0.11823553028685906,0.1986220348677591,0.2200667500849373,0.18728575385669438,0.378384051689127,0.08657174521084209,0.41474625971652435,0.16266512428490082,0.2626156084951077,0.2994466227848494,0.43472058128408037,0.0,0.4121043837249177,0.03661295888448177,0.020605703209490456,0.06351097501564495,0.11025209100918935,0.0,0.0,0.0,0.3710212150449722,0.21131702604847805,0.2051518237438177,0.057501007188577896,0.42681640259014586,0.0,0.0,0.0,0.29049732131385414,0.09605984236753756,0.1976888707892534,0.0,0.0
0.5939043265664534,0.4580187460960917,0.3078676861510601,0.0,0.26453292684130214,0.6512513155403525,0.19157877071466808,0.0,0.5658121118929391,0.09204916125213067,0.22515595874398805,0.23090833524327825,0.6285312045154106,0.16323684922039416,0.10770830412857782,0.33601176044612724,0.0,0.1368696246425643,0.25516150619801214,0.41449850437132435,0.6751552476644997,0.21762669062949996,0.7696826766862052,0.44793483028302805,0.2619983822681458,0.3948269529023648,0.3656315131215403,0.3372370918902933,0.5581813932527215,0.6057968027812464,0.5185670032699015,0.41635970697526625,0.38992591943905763,0.38088731742989135,0.06198441873869576,0.35071393368294573,0.26175576299152165,0.4724472927653497,0.3688193738717109,0.28431740312852344,0.0,0.519281064816078,0.3209261500993282,0.1284130571768098,0.46972204276676494,0.52107342032034,0.4365837189422746,0.13326334172546256,0.0,0.09108977322065917,0.4330500678963108,0.09351707576041829,0.8121299409461178,0.4643284060974419,0.0,0.3345696431402968,0.1737123944114352,0.22935498879467822,0.23744980834671697,0.18433556170187596,0.0,0.0,0.0,0.0,0.06601280800831538,0.6326236050891314,0.0,0.6408122961816746,0.1886070737638913,0.0,0.2606200031515284,0.30307321467923665,0.0,0.37325886218249293,0.0,0.0
0.5370925131085186,0.6078154087855321,0.7956465368219487,0.0,0.6548598534794402,0.8384230034401551,0.5253810878632379,0.5658121118929391,0.0,0.27630001817994865,0.7527780752801357,0.2324804974155388,0.7297463412574743,0.053021604761931324,0.3225500366031143,0.38028751293530094,0.10374038015693252,0.36541828108596314,0.7452580005871856,0.698424573381161,0.42838681831490955,0.4850518489816774,0.5337690029379025,0.3310537182608057,0.3662117754479612,0.35002520520345237,0.7994717718711654,0.4920975472202663,0.5819407286190493,0.4660261746132591,0.45261261470180947,0.10445708856156397,0.11389462442043224,0.2137541522797241,0.0,0.285282694353493,0.3087073214467303,0.4637746008992577,0.0,0.0009424715552435459,0.024265222818997984,0.4358989930534139,0.25067865517092885,0.2737254645562308,0.44029844892917913,0.4506424001511121,0.2547608575083672,0.7032684164162722,0.049245338185929494,0.6779356195708818,0.5745898932807523,0.3984430883876409,0.722107958766421,0.9455568370647001,0.0,0.8078855643958558,0.2282756458638698,0.27785815679937476,0.2996791284255048,0.3751420627194771,0.0,0.017643869343348773,0.0,0.4902125887540565,0.5371961709088098,0.45925187866038963,0.20387411817440246,0.7743098300904572,0.0,0.0,0.08590535940933025,0.7948095381550684,0.12422415726238506,0.5014061544447331,0.0,0.0
0.2449042002027505,0.5939588995033696,0.4606074913843129,0.2072152547720088,0.10126569920592679,0.43588178779344755,0.3635163375921308,0.09204916125213067,0.27630001817994865,0.0,0.26650795366606617,0.6146183953073452,0.39103987165200094,0.0,0.45677206364308387,0.34617896073938764,0.8428031622275697,0.5003015673174539,0.4623687543929058,0.4657207150845606,0.21520400466728065,0.4187133360744708,0.3720988572177032,0.2719309687474457,0.5389461251458674,0.34975911203173743,0.36506302235987576,0.5805488994174217,0.4187775055038671,0.2012692068669849,0.5034932179914928,0.05167865399003915,0.2151161205617937,0.22381737542511096,0.0,0.5377808005626252,0.21485733163640733,0.4162923471941351,0.0,0.0,0.10276079459015341,0.17508196310328344,0.5483703300495228,0.36849713873969514,0.0,0.3641226888561873,0.10701547312927212,0.16587252413872122,0.5123420099338025,0.39536337709465763,0.17013514221884718,0.12547687421748446,0.13801818508421135,0.2837799178617063,0.4874796838041663,0.12871888759950517,0.672319954252448,0.0,0.22261019789261316,0.37380810843900514,0.0,0.20293323454828627,0.0,0.2998168339772456,0.4000482551590465,0.31973346430853106,0.3074800748788465,0.19602237327000005,0.044997101802674744,0.0,0.0,0.35657608544180075,0.3505486852731367,0.19965050577543675,0.0,0.06591061047807087
0.1681661970187967,0.41825444143077484,0.7878824854284856,0.0,0.6707527937781785,0.4741349917517874,0.42978074208336275,0.22515595874398805,0.7527780752801357,0.26650795366606617,0.0,0.24260175733547462,0.4214190605981866,0.23536509306729814,0.43430221458467966,0.12522337523308927,0.18654593715950388,0.2261048495496607,0.7901296726807274,0.6376951980160116,0.03704100768032412,0.4692895973400896,0.26164411821639455,0.18231423418513346,0.13968542845989596,0.211348538787635,0.625180008565218,0.3889931729111934,0.2555425447309827,0.26045712802852267,0.26402587206299066,0.0,0.0,0.0,0.0,0.1862680791894609,0.16660972135478805,0.3396673627213067,0.0,0.0,0.0,0.00883749738159132,0.17797329501690096,0.38279317480954606,0.13521855930838272,0.19252877272150112,0.05565785110201621,0.7674337243348242,0.10975832016291116,0.6207218735192832,0.2701393272740084,0.24443088892565945,0.5300035261147736,0.7446936198808132,0.0,0.8155089324372842,0.24220047461491068,0.11978023540280655,0.3668151667625652,0.48838637977876515,0.0,0.0,0.0,0.6832555373241048,0.594147187852963,0.1466161412336341,0.34573824160523714,0.5986841833289964,0.0,0.0,0.0,0.671059087225885,0.22426604703757447,0.08685498401857916,0.0,0.0
0.020923937228687517,0.4178895807009263,0.35735273849768806,0.07074828228386201,0.07348941935947337,0.426017113055407,0.15943272493979413,0.23090833524327825,0.2324804974155388,0.6146183953073452,0.24260175733547462,0.0,0.5039113259589825,0.0,0.3497439938923843,0.0,0.6226090070445918,0.2818782505496914,0.32492997401719814,0.28878186424475244,0.08984625289242121,0.2270735949526638,0.32404523213172787,0.6330818522399989,0.32281398594961036,0.6225006533415367,0.19209652228245955,0.43198749752188437,0.06768595337213475,0.012760853140847073,0.09444670143974686,0.0,0.06065548952486251,0.0,0.0,0.3480358905778588,0.38848637502495653,0.19437656887636856,0.0,0.05130655462704384,0.009439631766472403,0.0,0.40469912801053903,0.3949513831061945,0.0,0.0896561386804536,0.01785589705905999,0.2814663724134728,0.5418168004876698,0.46055136328613344,0.4373224418965842,0.3238424960156338,0.27626197173382,0.31425995386272537,0.32824022066381225,0.2123664490888896,0.8234489496037812,0.48933922003716784,0.13554294872604805,0.353170337970386,0.0,0.31501714570231293,0.0,0.3202370313656745,0.35980390614039703,0.11079277067386333,0.2589115004326846,0.32268063156100657,0.4377904425916683,0.0,0.4201040443644075,0.24020511204137385,0.5047318188617481,0.1528711683810626,0.015611871265408389,0.15432128030836093
0.38651630916972446,0.6568893468429363,0.5506163589582492,0.1188286081606448,0.5592359163559194,0.8132392263171575,0.6161613426611703,0.6285312045154106,0.7297463412574743,0.39103987165200094,0.4214190605981866,0.5039113259589825,0.0,0.11741702741855006,0.3036729551028336,0.3748598133921331,0.27419440598950673,0.47167504230126206,0.48436467138661216,0.512897955198467,0.41516390172120876,0.3290352418633388,0.555603487796031,0.5056025513441923,0.3783970807045709,0.6479165083339353,0.4954908207452716,0.6609454893024254,0.48198672912815377,0.3966288875142642,0.40923244720912383,0.26072144531949437,0.24142422171652272,0.1993163692452458,0.0,0.4991107031471253,0.47447194682447436,0.43953019266217686,0.1557040677746535,0.19857029615101984,0.05380069505810406,0.2908634857146095,0.32779493584110786,0.25347069013041285,0.30675383271431866,0.3613095801776809,0.27584425166317034,0.39917506361798755,0.10659129537381384,0.48586269817929684,0.5859791631915705,0.31442696699328,0.6730676027043768,0.6681218653408616,0.0,0.48717927309303855,0.42026090176083764,0.4255725020300978,0.07075322708101622,0.35876699946701085,0.0,0.07757142572295234,0.0,0.25284439228475997,0.3526638215956999,0.4374245554478936,0.09502088226429736,0.6814592679666496,0.10760268430916063,0.0,0.31833217625252147,0.4838964618413656,0.23741945169651435,0.3665523628716297,0.0,0.0
0.0,0.060681865958750664,0.0,0.0,0.5014562965213143,0.0,0.3061245800883013,0.16323684922039416,0.053021604761931324,0.0,0.23536509306729814,0.0,0.11741702741855006,0.0,0.0,0.12624297188140246,0.0,0.0,0.10601774451862817,0.0,0.0,0.0,0.07368572127784476,0.06221480553163486,0.0,0.17224302867329042,0.0,0.0,0.0,0.14614934671438834,0.21799274782365724,0.0,0.007530006441276257,0.3796940230510712,0.2789517255731635,0.03421345086261912,0.0,0.2327927801369446,0.060944401387845244,0.0,0.0,0.0,0.0,0.0,0.2794376962852896,0.0,0.25648789268806094,0.11371799918831405,0.0,0.0,0.0,0.0,0.25991445924817463,0.0,0.0711770527235418,0.31211206449614437,0.0,0.0,0.20922930966215195,0.0,0.1509753173829047,0.0,0.19819167360118178,0.1543575516297965,0.0,0.0,0.0,0.2244204243591046,0.10050119049998335,0.2431868041376521,0.23669860104148874,0.0,0.0,0.0,0.0,0.0
0.2321104203035805,0.4808221504852125,0.6287318863124304,0.15420313296622806,0.0,0.3338947794265572,0.09900010327324074,0.10770830412857782,0.3225500366031143,0.45677206364308387,0.43430221458467966,0.3497439938923843,0.3036729551028336,0.0,0.0,0.10830013695049026,0.36485822509367505,0.25061579322186256,0.48409549751473635,0.6761775515187581,0.14809770016405283,0.7126501167672836,0.22421517573869473,0.09072728386687123,0.23915114155751566,0.2900345056652126,0.5211170886753077,0.5371384439730127,0.19841224389525502,0.1301501988112921,0.17648686038325956,0.0,0.0,0.0,0.0,0.30607194176065233,0.49629845677435885,0.2671118154720101,0.0,0.0,0.0,0.016464066175943995,0.26563934523235777,0.5564549287053918,0.0,0.24470941854385597,0.08538105856120143,0.34329612928668973,0.354209013755733,0.34440626284100306,0.3020035328912502,0.16740155503644688,0.2151927821362908,0.33207034548489645,0.0,0.13786818202829093,0.4428525458572813,0.05925453212676915,0.17686731888947685,0.8904074934804874,0.0,0.0,0.0,0.2801891302253613,0.6988343211142874,0.2574712916503692,0.5292823510070832,0.2724271156976156,0.0,0.0,0.0,0.615178194729624,0.25445457488628676,0.23789805428716843,0.0,0.0
0.58385424015921,0.6580234624785972,0.2538343757498631,0.08357159177990726,0.258947425756287,0.4039637339674956,0.5099332578290479,0.33601176044612724,0.38028751293530094,0.34617896073938764,0.12522337523308927,0.0,0.3748598133921331,0.12624297188140246,0.10830013695049026,0.0,0.22299731839799647,0.7223113530275194,0.3269088432181811,0.3742292796169934,0.5278468847530042,0.40270118536263333,0.4068321179442657,0.061366537098117346,0.5434927943569703,0.21101857455354822,0.31158953383521293,0.47561688190623225,0.6976893373627124,0.6169008753045608,0.730167575465129,0.4229270190401371,0.5382556596205137,0.625596675955935,0.22099622753355375,0.288392195922591,0.0,0.571792392482488,0.26425969498582086,0.4153023707806752,0.17762990619233335,0.5798715903093541,0.3569965652714978,0.0703895951270728,0.36341081123940866,0.5055639375242131,0.3940655306970377,0.0,0.0,0.04730804205081457,0.0,0.033114246112568024,0.2151424765385767,0.2761795794647193,0.03363052021256091,0.1182022107612035,0.0,0.0,0.2637739108457734,0.05399326845079,0.0,0.0,0.0,0.0,0.0,0.4877080249917419,0.0,0.2374938175837594,0.0,0.0,0.0,0.14930349551539532,0.0,0.2167408099675857,0.0,0.0
0.141447396379719,0.5044795654538691,0.3524096692096533,0.29539785868689294,0.0,0.30916747942521927,0.22223313496533628,0.0,0.10374038015693252,0.8428031622275697,0.18654593715950388,0.6226090070445918,0.27419440598950673,0.0,0.36485822509367505,0.22299731839799647,0.0,0.5999094203369785,0.3354170995194742,0.29266386840415803,0.09063038320136921,0.30696463601859864,0.16106256905464006,0.3349380303225771,0.593501304328743,0.44068717640782695,0.18263379198906937,0.5299919662158006,0.17806068993072577,0.05798507949381937,0.23517703692012604,0.0,0.05559032788510326,0.0,0.0,0.43482812257476217,0.2275644402948946,0.21350983846667657,0.0,0.0,0.23717280901106605,0.09232586629942938,0.4633469255474593,0.42489843769057967,0.0,0.30512747638124527,0.0,0.10965773228297884,0.5703632117565672,0.3640430102924407,0.2104743969744684,0.15491960780625688,0.0,0.18872018890252762,0.3884719983198105,0.0,0.6887098196742175,0.06504623573816526,0.0961700494211558,0.2936572924716192,0.0,0.1392441196691856,0.0,0.23965962806274882,0.35907962101208174,0.228992926770853,0.2554715691909456,0.0,0.14625056855764643,0.0,0.04448373310344517,0.2343706817849095,0.4685145807781526,0.15601624349087503,0.0,0.23243724471810961
0.5189405160056152,0.7080640140248855,0.44221598835939036,0.17477390722248637,0.14404405241412213,0.4957338636285098,0.4390592422588856,0.1368696246425643,0.36541828108596314,0.5003015673174539,0.2261048495496607,0.2818782505496914,0.47167504230126206,0.0,0.25061579322186256,0.7223113530275194,0.5999094203369785,0.0,0.39450963796523375,0.3621256867502804,0.44527216223431565,0.3654699880975968,0.31686462641551943,0.2869356712677655,0.7149666612523202,0.34243410670801483,0.3309472133815774,0.653949872600396,0.5054141968246253,0.4447103349906768,0.4492950689736867,0.24397557621844276,0.3941309576149882,0.1811579044387459,0.0,0.40055319134246964,0.19275228921010576,0.4023467056472725,0.12876764948108566,0.3739278779676165,0.3731527343933748,0.4975735116695042,0.42290261098388393,0.3135937159599178,0.17972807035033248,0.5021983905466921,0.16656339716197635,0.06802971171575956,0.23294755127690464,0.29585075135281264,0.2796840579311633,0.19155906236643508,0.09501503216623987,0.39307347834590495,0.08094301235841883,0.09606149611733544,0.37608987287532986,0.0,0.18420662578890948,0.20402642469480853,0.0,0.011733069581366828,0.0,0.08221699488803422,0.1695730782437991,0.4388033254680532,0.0,0.1710330002531538,0.0,0.0,0.0,0.2941336185753197,0.28423323946422946,0.293449005157358,0.0,0.04613787762581517
0.31297208048349534,0.4562006429160779,0.8572797255095772,0.0,0.46966045381923427,0.6137448810614105,0.474137661288903,0.25516150619801214,0.7452580005871856,0.4623687543929058,0.7901296726807274,0.32492997401719814,0.48436467138661216,0.10601774451862817,0.48409549751473635,0.3269088432181811,0.3354170995194742,0.39450963796523375,0.0,0.7296279682748541,0.1986695130422701,0.6239759532045996,0.44921035016170774,0.26367691366101154,0.30418003107324876,0.2526590251528118,0.7440904577669094,0.530619155725988,0.46398108030391805,0.3965899261981839,0.42822442228347946,0.0,0.0,0.18158785676133954,0.0,0.34097784604119874,0.13772283993150358,0.32380761839753863,0.0,0.0,0.038560906217224536,0.2201137014915262,0.3078895521009559,0.31842663373783964,0.16291739262343802,0.3411573714524517,0.20624347372276525,0.714852098991461,0.2742109693532785,0.6247766645005334,0.4494533125202536,0.4175846230475465,0.4641721008916711,0.7592452041113603,0.11209924546983771,0.6301834809198239,0.35154234226689157,0.21293668643603347,0.3301147486583205,0.4756655102416374,0.0,0.1476934428279625,0.0,0.7681163656134429,0.6556898051771853,0.253763404941732,0.5086638874051335,0.6395270105076243,0.0,0.0,0.07294743054708336,0.6927641679550577,0.36078874371940706,0.3574643902883373,0.0,0.11748425947276907
0.5355591632712926,0.576975246873743,0.7951158025752691,0.0,0.36470203687989505,0.6493366332448768,0.4033646082015079,0.41449850437132435,0.698424573381161,0.4657207150845606,0.6376951980160116,0.28878186424475244,0.512897955198467,0.0,0.6761775515187581,0.3742292796169934,0.29266386840415803,0.3621256867502804,0.7296279682748541,0.0,0.3990433650904343,0.8732593244861693,0.4632965564267894,0.221938029242993,0.29776500095973274,0.2987639888801402,0.7590091668341611,0.6489175884030853,0.655614014940261,0.5904144539264397,0.5809056605783449,0.0,0.06761254053578666,0.195502650309502,0.0,0.4122575136615231,0.35794538663773695,0.46948763157376905,0.0,0.0,0.0,0.34576340482658946,0.4576266177756656,0.5076359816292212,0.18608915621426775,0.6044367927480916,0.2730346744359991,0.5698937805046029,0.16979275726364312,0.4849031155174142,0.38783559111592936,0.3368030512490255,0.5619710866717398,0.642353690369674,0.0,0.49959790363042056,0.33417430315449964,0.20806910440806303,0.38867420246059725,0.6931607645937826,0.0,0.0,0.0,0.4609918978251481,0.7386059288927672,0.5490254483437701,0.5856660551679034,0.6025387875291327,0.0,0.0,0.05713847539337219,0.7368899846187843,0.19980118000655772,0.4625318454847235,0.0,0.0
0.9221523179331725,0.4956869134537264,0.2972391919687447,0.10011423240042246,0.0,0.6302459561260364,0.11579617098130307,0.6751552476644997,0.42838681831490955,0.21520400466728065,0.03704100768032412,0.08984625289242121,0.41516390172120876,0.0,0.14809770016405283,0.5278468847530042,0.09063038320136921,0.44527216223431565,0.1986695130422701,0.3990433650904343,0.0,0.26245203271304246,0.6824585990691053,0.4802055709721411,0.5747500142388359,0.15717908447932005,0.3151174898699677,0.4206879923240251,0.7920547040208685,0.7359796488143464,0.5862529261643163,0.5396738904464456,0.5694232887926247,0.3023876797207111,0.0,0.47160353315999337,0.2959230405379809,0.5140432139918422,0.4736819644343632,0.5122045801237658,0.4161039172441004,0.7260322087958336,0.48073666802216136,0.2805442883453006,0.43892962861837326,0.8584305078615104,0.3266223693883701,0.0,0.04838142529149589,0.014055809500093691,0.39109953838244044,0.11127001202400422,0.40862438177833466,0.3540731968209746,0.0,0.04002172129330628,0.17303285352184283,0.0,0.3206687356620878,0.13615240984953297,0.0,0.0,0.0,0.0,0.0,0.9003261921239164,0.0,0.31557890314474063,0.18101364320402089,0.0,0.0,0.2978792462039315,0.0,0.6224317110289376,0.0,0.0
0.39573317122061175,0.5720924116484344,0.6160214836351331,0.022805874147778155,0.18999044292736167,0.40019308955641764,0.2517599432329807,0.21762669062949996,0.4850518489816774,0.4187133360744708,0.4692895973400896,0.2270735949526638,0.3290352418633388,0.0,0.7126501167672836,0.40270118536263333,0.30696463601859864,0.3654699880975968,0.6239759532045996,0.8732593244861693,0.26245203271304246,0.0,0.2913949565876393,0.0,0.299916866812596,0.3036662306511113,0.6379187912814116,0.5861898480863965,0.46661997877988826,0.43986092284719813,0.4997396858359508,0.0,0.05822435027764386,0.17307274820187307,0.0,0.2750734528887129,0.29253377295418065,0.35031804837493974,0.0,0.0,0.0,0.3367313117934479,0.41594883882090616,0.445305881643704,0.06865848656464689,0.4120987099252715,0.2849126268730069,0.41852949624528807,0.16569767476140718,0.38506777523202157,0.23407768465774487,0.3005807647138849,0.3395034769296019,0.4479428246881617,0.0,0.3326781667751941,0.2965923788603243,0.20014939260790632,0.3889376312882902,0.6911767399408414,0.0,0.0,0.0,0.3679833849388067,0.672750887196506,0.38935162031744786,0.630950064955553,0.38929015954667034,0.0,0.0,0.06075458158075392,0.5885090546983034,0.2185784493382698,0.36337105658856217,0.0,0.0
0.5850666382037887,0.531129521208861,0.4917519219804741,0.0,0.12150234300784649,0.7724417169354091,0.26351770284321013,0.7696826766862052,0.5337690029379025,0.3720988572177032,0.26164411821639455,0.32404523213172787,0.555603487796031,0.07368572127784476,0.22421517573869473,0.4068321179442657,0.16106256905464006,0.31686462641551943,0.44921035016170774,0.4632965564267894,0.6824585990691053,0.2913949565876393,0.0,0.5134106946398386,0.5103284095092426,0.3865139002180409,0.5355883010902868,0.4489347612403964,0.6601957145945834,0.5931463684631986,0.5286316083830134,0.39660319424663404,0.39639602185732015,0.39815994268151467,0.15525855573487624,0.43913406959236556,0.23239259598464654,0.4428932624835309,0.32373378763690974,0.26496504695759665,0.08493862842194785,0.4992652910717048,0.35196180464554194,0.2181381882205498,0.33658290651910694,0.5745846934482157,0.4788994554837305,0.2383058162612539,0.15861157823224023,0.2252230587157883,0.5648317688412109,0.2945528191730847,0.6836684640526564,0.5314804749840115,0.1724828581891768,0.2437587366252746,0.3255253197671733,0.21287071017290235,0.3166040705307249,0.26267927701238225,0.0,0.10376422673757446,0.0,0.1891948812025097,0.24762410519072847,0.6379234101927762,0.15198547038644536,0.7303516825589396,0.2567363118250211,0.06272742119389932,0.24374094442806235,0.447756499447924,0.09810131998644284,0.5499997417914622,0.0,0.0
0.368176369057092,0.3275109541887359,0.2907292138898767,0.0,0.07467579714608906,0.5785606472225001,0.1250383191281815,0.44793483028302805,0.3310537182608057,0.2719309687474457,0.18231423418513346,0.6330818522399989,0.5056025513441923,0.06221480553163486,0.09072728386687123,0.061366537098117346,0.3349380303225771,0.2869356712677655,0.26367691366101154,0.221938029242993,0.4802055709721411,0.0,0.5134106946398386,0.0,0.4568608876136743,0.5523644082419756,0.21390080091237962,0.3701428429664213,0.3410724047695217,0.3461447576007063,0.16749509926240513,0.12457017552682596,0.17397793828606953,0.04751804883324086,0.0,0.3630387327620596,0.35016297973571686,0.25388789587284555,0.15306893926496695,0.24456227450190235,0.28176677501165814,0.08662992079056268,0.33479748676392124,0.3459620872254792,0.19770210431362756,0.4288087236312844,0.11306679249041923,0.24774927022069093,0.22246640699585424,0.26675895674603656,0.5199889580016608,0.3132421144668861,0.46705680926287385,0.4175670136105719,0.1866941038415531,0.2091989503122646,0.5103518571672881,0.44278916140501634,0.15643329467357323,0.14059221475736813,0.0,0.21323894938772225,0.01531727929852994,0.20014739027100015,0.1515650956946813,0.46812649933948125,0.07869394573201591,0.4690674198020871,0.7449474480408349,0.011228127818908695,0.4811792890357186,0.2242459291154949,0.4129543105802912,0.3841636529297957,0.08654643121701008,0.2507177765570179
0.562186992599464,0.7114972982205857,0.32720184286564535,0.33401687093631627,0.0,0.5540995224220859,0.2103747795379602,0.2619983822681458,0.3662117754479612,0.5389461251458674,0.13968542845989596,0.32281398594961036,0.3783970807045709,0.0,0.23915114155751566,0.5434927943569703,0.593501304328743,0.7149666612523202,0.30418003107324876,0.29776500095973274,0.5747500142388359,0.299916866812596,0.5103284095092426,0.4568608876136743,0.0,0.5408562709610857,0.3456873495634193,0.48447652604114855,0.5183032584504249,0.37770901883172214,0.3635565610974993,0.34307618584661204,0.3932620192272386,0.19687556226984465,0.0,0.34818090933814,0.2227573412131269,0.3681298671024724,0.2786405825313615,0.3799649807102816,0.3791311700444215,0.35434896304830243,0.27411583565861547,0.2845736983931086,0.18876565584972263,0.5803650310181585,0.31758097457713436,0.0,0.14826374751018268,0.20351236175614032,0.3248893347619504,0.11579977440093245,0.1702813957058384,0.3988624087433034,0.23007472154789843,0.046568768979302844,0.3499026598892977,0.0,0.13138140016909242,0.2603941685292618,0.0,0.06499867253012193,0.0,0.0,0.14354592000274446,0.5932382609348588,0.0,0.21941991784787904,0.2193643476168819,0.0,0.1416732225098627,0.2930700133721751,0.15244312475971428,0.41441909209266525,0.0,0.05440785251408181
0.09820199300457927,0.5642044356117365,0.2558473809659967,0.24562389510185811,0.2419364080931446,0.5196479672852168,0.26605154671170156,0.3948269529023648,0.35002520520345237,0.34975911203173743,0.211348538787635,0.6225006533415367,0.6479165083339353,0.17224302867329042,0.2900345056652126,0.21101857455354822,0.44068717640782695,0.34243410670801483,0.2526590251528118,0.2987639888801402,0.15717908447932005,0.3036662306511113,0.3865139002180409,0.5523644082419756,0.5408562709610857,0.0,0.2513827613894874,0.3778941408945313,0.16137596525371836,0.0969328521095484,0.09446605025831292,0.19397702626407073,0.1330790585656376,0.12379831947318945,0.0,0.17544753668304786,0.29181904081487625,0.23162730423416963,0.21513657372637446,0.1793954244073941,0.0,0.008372784813899067,0.09107134549330882,0.2218507930012277,0.0803747483323725,0.1425615063932317,0.26627023512632714,0.2191164817271871,0.028167884925263453,0.2599443299702664,0.3864153341135952,0.1260443563222664,0.40666299354872026,0.371140085702057,0.10354510249544346,0.2084918687547079,0.44012548480623315,0.4148392915647881,0.0,0.36201983058969917,0.0,0.1164183301127894,0.0,0.14850615509941498,0.23843998667340258,0.2033147192560588,0.15347100385613555,0.39790096365396127,0.3659200880684741,0.019047272593739784,0.6592519980020202,0.196014236558346,0.17862257762440342,0.12984811811923208,0.0,0.0
0.4168472431103754,0.47278937436940044,0.8170412369785112,0.0,0.3197284018765115,0.7174165064364731,0.36256186051836464,0.3656315131215403,0.7994717718711654,0.36506302235987576,0.625180008565218,0.19209652228245955,0.4954908207452716,0.0,0.5211170886753077,0.31158953383521293,0.18263379198906937,0.3309472133815774,0.7440904577669094,0.7590091668341611,0.3151174898699677,0.6379187912814116,0.5355883010902868,0.21390080091237962,0.3456873495634193,0.2513827613894874,0.0,0.4749205545678023,0.5042243440429235,0.3805889170087821,0.33592928394122945,0.0,0.03771607254968744,0.14853849203362632,0.0,0.2670333433997471,0.3200167034594368,0.35463526178770904,0.0,0.0,0.0,0.2896379612533197,0.1697776303342442,0.3469800112015373,0.17819401104773072,0.3458510283878508,0.3350519248042867,0.6896201095495804,0.23604926093170217,0.6012865197440895,0.5753067311969965,0.5002259432937324,0.5238956205125214,0.8002049020255833,0.06297632035365419,0.5537527504745183,0.2950363886424787,0.24514047130397576,0.31394911030059264,0.5338964814012976,0.0,0.19893422105539713,0.0,0.5226936342740442,0.7338026700470869,0.33849031815387237,0.49649001914182805,0.6777362603091902,0.0,0.0,0.09738968229415457,0.9346739757598908,0.20727588242454964,0.5389345259271433,0.0,0.0
0.4857784011558704,0.6156109498182002,0.5776033004201719,0.31633113400122437,0.2590154626802469,0.5697542104663739,0.3540710473650567,0.3372370918902933,0.4920975472202663,0.5805488994174217,0.3889931729111934,0.43198749752188437,0.6609454893024254,0.0,0.5371384439730127,0.47561688190623225,0.5299919662158006,0.653949872600396,0.530619155725988,0.6489175884030853,0.4206879923240251,0.5861898480863965,0.4489347612403964,0.3701428429664213,0.48447652604114855,0.3778941408945313,0.4749205545678023,0.0,0.5106612776569068,0.4953099482373004,0.5552935434856385,0.0,0.10258700863021336,0.06436345437251309,0.0,0.5753481734713698,0.47946365162822024,0.3836195574507071,0.0,0.031029419686476142,0.1840619968115949,0.3338618546852075,0.497386667951828,0.4082037845395634,0.029397912405685914,0.520110257700776,0.08858696162582047,0.26756946662470416,0.23368959405091957,0.4211801527599734,0.40720876252697025,0.22626370475761542,0.42685028584513685,0.47742835250722737,0.08635702403438836,0.23919238497575354,0.5286174868604561,0.280565122572877,0.181190595532696,0.5134039474075065,0.0,0.08007410583454028,0.0,0.2574869750658033,0.47617384825165393,0.5100872008688208,0.30080745544413284,0.42655189235434965,0.07617111775624735,0.0,0.03691641440442639,0.48063788733243873,0.5236372638421797,0.3895103833416468,0.0,0.11145726551143056
0.8268391969627383,0.589106029227752,0.48172175011124907,0.005582468190651391,0.24752593266247602,0.7274666907202949,0.5110947120309111,0.5581813932527215,0.5819407286190493,0.4187775055038671,0.2555425447309827,0.06768595337213475,0.48198672912815377,0.0,0.19841224389525502,0.6976893373627124,0.17806068993072577,0.5054141968246253,0.46398108030391805,0.655614014940261,0.7920547040208685,0.46661997877988826,0.6601957145945834,0.3410724047695217,0.5183032584504249,0.16137596525371836,0.5042243440429235,0.5106612776569068,0.0,0.8013146247378572,0.7629434383303714,0.4429063280085767,0.48740915392557305,0.47136926884256153,0.05114561755619054,0.4544554883693472,0.17537036620470772,0.5954232796712114,0.3141354721182389,0.3431306936597864,0.3927752455366981,0.6580946713198734,0.4765550287092227,0.2792625504781075,0.40892992706816605,0.8416231352632061,0.38341802392355206,0.09716455066250604,0.005226175887181828,0.16736472994065238,0.2793562587252487,0.1734858430284001,0.44980022181546697,0.45542152946409287,0.0,0.1881781944447426,0.09011020142132399,0.0,0.2623853174152853,0.22538902741999356,0.0,0.0,0.0,0.050425523981734166,0.20308103687384982,0.8216021299732108,0.12009818506767156,0.464544675259376,0.0,0.0,0.0,0.4208988114108416,0.0,0.6351385571196909,0.0,0.0
0.7913047951599372,0.455566630422903,0.3727052793546558,0.03494094865814942,0.23577538833487144,0.5625263165713066,0.32581836626719646,0.6057968027812464,0.4660261746132591,0.2012692068669849,0.26045712802852267,0.012760853140847073,0.3966288875142642,0.14614934671438834,0.1301501988112921,0.6169008753045608,0.05798507949381937,0.4447103349906768,0.3965899261981839,0.5904144539264397,0.7359796488143464,0.43986092284719813,0.5931463684631986,0.3461447576007063,0.37770901883172214,0.0969328521095484,0.3805889170087821,0.4953099482373004,0.8013146247378572,0.0,0.7691955790237903,0.34856763332751395,0.43197725890955063,0.4901623080500821,0.08500359129314335,0.4493211390460881,0.15992434969187186,0.5672143159076228,0.22444716977976165,0.33901739091419847,0.250008943812854,0.6408529868700085,0.5109031331577958,0.26547421980372987,0.479469664104032,0.8153890545144546,0.31514254124783997,0.0505769024220209,0.0,0.030075199095233512,0.18536391629211202,0.04332538357055202,0.5133718129455238,0.35940137925697213,0.0,0.21732240403031042,0.08033515360648755,0.0,0.35395336971859337,0.16166250304264912,0.0,0.0,0.0,0.0,0.06876712111418642,0.7334313152088405,0.06338950239998059,0.4250393588606437,0.05355121506356261,0.0,0.0,0.2737595074515985,0.0,0.40573685854786457,0.0,0.0
0.6558671207753765,0.5807319873048118,0.33987984949834005,0.1472093453961318,0.30303207938549126,0.4761819513167187,0.3674543445627352,0.5185670032699015,0.45261261470180947,0.5034932179914928,0.26402587206299066,0.09444670143974686,0.40923244720912383,0.21799274782365724,0.17648686038325956,0.730167575465129,0.23517703692012604,0.4492950689736867,0.42822442228347946,0.5809056605783449,0.5862529261643163,0.4997396858359508,0.5286316083830134,0.16749509926240513,0.3635565610974993,0.09446605025831292,0.33592928394122945,0.5552935434856385,0.7629434383303714,0.7691955790237903,0.0,0.25865686829601864,0.443700556764139,0.6374348397379569,0.17470578549456064,0.550621983275583,0.1471245034314993,0.7092035425849676,0.11575668673606657,0.18918962767819697,0.014980138406538251,0.591471169897404,0.6285393792651821,0.23153385280149824,0.4414630099938732,0.6770913034848093,0.33574564724487355,0.0,0.0,0.0932439757787683,0.0,0.0,0.42930249304823176,0.3125830082734513,0.16216976888873139,0.2717168641026999,0.1622343439891581,0.0,0.49825827029922876,0.1774557047103767,0.0,0.0,0.0,0.03595143603962411,0.062184533910150885,0.6155543874552536,0.07312637027568708,0.3440438009476009,0.0,0.0,0.0,0.2421032086782598,0.0,0.26311763549049505,0.0,0.0
0.4320821314622675,0.3286288371635817,0.0,0.07128425909915428,0.0,0.32027193232912454,0.22510106792345624,0.41635970697526625,0.10445708856156397,0.05167865399003915,0.0,0.0,0.26072144531949437,0.0,0.0,0.4229270190401371,0.0,0.24397557621844276,0.0,0.0,0.5396738904464456,0.0,0.39660319424663404,0.12457017552682596,0.34307618584661204,0.19397702626407073,0.0,0.0,0.4429063280085767,0.34856763332751395,0.25865686829601864,0.0,0.5680609524056719,0.42808326351877557,0.32072004645669183,0.09838957358304481,0.0,0.2812703314155708,0.8586145934897682,0.5037147614306132,0.15608264613675382,0.5494668000318612,0.1997553317551102,0.0,0.26901892802323635,0.34915430979409656,0.2411480935967136,0.0,0.0,0.0,0.1526522419709226,0.0,0.1197894652087693,0.029737388471531095,0.0,0.0,0.0,0.0,0.036094905260772595,0.0,0.0,0.0,0.0,0.0,0.0,0.45977395452735875,0.0,0.0,0.0,0.0,0.0,0.0,0.0,0.30174380802887046,0.0,0.0
