0.0,0.1583187305515666,0.708916834234776,0.0,0.3187314792195841,0.5415012497938905,0.1476685496623542,0.3228442442395058,0.6060321646933601,0.3284966239071318,0.6467692296705795,0.03247528533895877,0.5330487435383404,0.049049439543789715,0.6697221099584376,0.5779082407710924,0.6095526660976747,0.786891053127932,0.4222427495000004,0.5493004197796763,0.7127448793650766,0.5001135645318372,0.5477422841327402,0.3784898451385858,0.8584591849771739,0.6938808195184996,0.693626229323541,0.3651763405427344,0.6473112449517813,0.44405145885197517,0.6497364334724647,0.4099625290985085,0.47918001524387555,0.43186758153145954,0.0,0.009939253732472855,0.11021992117514266,0.27100097705044945,0.53656563389875,0.6258959728186557,0.42669342263221277,0.017707605035572213,0.3333159448107943,0.24594219737237005,0.28662728416627536,0.7836890484579971,0.661967413359587,0.39174486245215345,0.0,0.18530195891114717,0.6578211087889076,0.17341297230769392,0.12398200008010635,0.643821772377741,0.0,0.47122460381003345,0.0,0.5414757002796293,0.06273087106015426,0.6267112463708608,0.7136897965770006,0.13099006864550633,0.559919637091393,0.28747141174428087,0.538909208892885,0.6517608357144378,0.7319865443434295,0.4488327325036622,0.7246464873891092,0.7108147099808546,0.746999580409687,0.6207920238624299,0.4585359072088608,0.7145800286410438,0.6260542266012319,0.5708116896253277
0.1583187305515666,0.0,0.43682773919995976,0.0,0.0,0.4630609333604254,0.0,0.23561015491136716,0.0,0.24819856387843975,0.19874136957988725,0.6184214888858717,0.028943499556279284,0.005565836962944076,0.15642309619804137,0.22104797926772202,0.4775064627651561,0.029649366425455015,0.13754263947064266,0.21214031704737027,0.47279128369081375,0.5623595075527564,0.586028483983749,0.0,0.3742582998880667,0.5189720547925262,0.0,0.0,0.4501516465721885,0.4488782631675331,0.1775610444109626,0.18420569141930135,0.6216028598780587,0.29236460764135164,0.5668619871188635,0.0,0.0,0.20606794610881757,0.12389844175098971,0.0847243380618653,0.21098632994771666,0.33673322894377977,0.0,0.0,0.5081187885762326,0.3542233417872722,0.044223884273825065,0.0,0.0,0.0,0.16900181315115165,0.10124218132631371,0.03684155730271482,0.0,0.8132501308511764,0.0,0.7592770537277549,0.11346858047385416,0.0,0.26632405195212117,0.0,0.0,0.0,0.36901654855358024,0.36112028813096575,0.5457316368266704,0.15429009360197535,0.15934879845328312,0.18701189916335512,0.0,0.0,0.13433056190533219,0.0,0.19552347215880472,0.04037972375554491,0.1515037424423447
0.708916834234776,0.43682773919995976,0.0,0.0,0.10838513184637238,0.6931130080268617,0.0,0.3667185898427343,0.5528470682265827,0.1652563871417064,0.8284226084635291,0.3667946040216262,0.35812760393087545,0.1413048429949977,0.6828813411238431,0.38322981497565806,0.5537032759380944,0.5777305381155493,0.5570186366764317,0.6009699246082014,0.6898043999548267,0.5687702319502235,0.7724686087129291,0.2266111803414692,0.7321559737895814,0.7066329516638148,0.588479879624054,0.18084799540381422,0.5426428407150472,0.5685008716023902,0.5911123128026949,0.3133247569283651,0.5103812830002062,0.3226687503357928,0.05403747180619822,0.0,0.0,0.23914865010960257,0.5053572546741095,0.4681996434800213,0.4499143160455751,0.21144834458668932,0.19457281978630592,0.20879477488712805,0.45262986092537305,0.7452297596840005,0.4230810877160833,0.4503742007953577,0.0,0.33764950585842,0.7087288605501416,0.26943934878125314,0.14370533634049146,0.6960586544868023,0.22348521217615458,0.4961057470021597,0.3854285298777712,0.4734403738556367,0.10965038749839845,0.6446564296646791,0.36273999386495315,0.0,0.16150922802176199,0.5251259128421459,0.6833510262012971,0.6853236971622654,0.7019835129854033,0.4452943691633622,0.6731279341168471,0.3204152196002579,0.44598398738888734,0.6204970741386353,0.37767989356549536,0.5160775588074625,0.583880671379242,0.5785017757340325
0.0,0.0,0.0,0.0,0.631989454464138,0.0,0.6379565778519086,0.1717024623125399,0.293195878804292,0.3172257758938259,0.0,0.0,0.34301501000937035,0.12019029418341232,0.034203385158129915,0.05171584527175023,0.0,0.006024538220080852,0.0,0.08414027907263297,0.0,0.0,0.0,0.4327351420154238,0.0,0.0,0.22266802198167984,0.5290023423465697,0.0,0.0,0.0,0.0,0.0,0.0,0.0,0.38735946701400203,0.635921158121952,0.18947325256745354,0.0,0.0,0.0,0.0,0.44662627243484054,0.21165527100383352,0.0,0.0,0.0,0.2604738928684929,0.7107529619700222,0.32856723748946104,0.0,0.33476502742781655,0.3465233039294768,0.11529763404520438,0.0,0.24617016915599482,0.0,0.26245020939896024,0.36073057884494153,0.035372937942972416,0.0,0.6289183828475962,0.4606875073649355,0.0,0.0,0.0,0.0,0.17660359350312282,0.0,0.11412644687859269,0.19184804770109035,0.1459386283251628,0.3620429832256852,0.0,0.0,0.0
0.3187314792195841,0.0,0.10838513184637238,0.631989454464138,0.0,0.2088613374843454,0.8345062173542565,0.5573586417778209,0.8398909261028189,0.5062419327506525,0.5041707087631065,0.055961256965793044,0.7389091815617157,0.35997289386428905,0.598508635904639,0.32596195890417634,0.1512809793803572,0.43042004010957235,0.4272304759029543,0.5237784183697932,0.17295207389224268,0.27828605869977263,0.1267591943673797,0.6861853001642056,0.044941223746881476,0.20509778449506863,0.7756095763205674,0.7765304186293291,0.017054480879233724,0.05810500078767805,0.06164815305064533,0.0,0.0,0.09779851953596554,0.0,0.35445672546528784,0.7290124716014262,0.3425729456865243,0.0,0.024340853472193155,0.0,0.0,0.7240265226913505,0.38513892344476663,0.0,0.0,0.17650123756152697,0.7674910359612417,0.3766363708042062,0.6729867338760518,0.40687202292651753,0.6623649713132338,0.6197929669653846,0.7014577089566987,0.0,0.7721397224235115,0.0,0.6839418142084417,0.5358639267425513,0.585448357977545,0.24146684862167084,0.6210941141478468,0.7670644600386582,0.029054811008344505,0.2524182860189319,0.0,0.19676891070767671,0.6324458462937825,0.4143283077358919,0.5234633017958935,0.7036386479038086,0.7014133217554585,0.7168440988645761,0.3198923292564902,0.31380913753557893,0.0
0.5415012497938905,0.4630609333604254,0.6931130080268617,0.0,0.2088613374843454,0.0,0.21802922519925602,0.6759030294157005,0.4685707263725936,0.25930691487844426,0.6153778913473881,0.6104853766432816,0.5439637548014515,0.28238679242013,0.5823722642722166,0.3197733548037888,0.6369084743449531,0.6015934797659983,0.5443315803149014,0.44730082916643676,0.5028388281119073,0.5169026724741884,0.9123278459129135,0.48059972817945296,0.6295983112352861,0.758023727373652,0.5713125310741447,0.23905049777861154,0.39889082804436277,0.33141854941612686,0.3457206727308999,0.29217711848097266,0.42005168829636663,0.39698213675875615,0.01753435634673014,0.11455350272281126,0.07590553174572323,0.29111726779940483,0.3320938715307193,0.36601368445171756,0.2637793925843648,0.0,0.3551274028398822,0.4332863092891588,0.2634787927788108,0.47377074273781705,0.5857083333696912,0.4076969276987823,0.0,0.36914932624495655,0.8515854230890174,0.45112155643532537,0.5037019562232687,0.5850469703447148,0.20082670851536658,0.4202350106138284,0.5088215133710082,0.62437123263439,0.15579593479299486,0.5465127429737672,0.11963117359181445,0.03099664186539891,0.2594627546494259,0.48376777845507196,0.4879633129531803,0.47861775826882047,0.4694078531053292,0.6259979936333532,0.7218444158465755,0.32137981184869513,0.5044736162714372,0.5497861036992651,0.35911947427473134,0.42274036251498887,0.4577461603155874,0.27438986325300896
0.1476685496623542,0.0,0.0,0.6379565778519086,0.8345062173542565,0.21802922519925602,0.0,0.6041671105730544,0.63321769179032,0.621935794118242,0.34651446457380647,0.22381109614970832,0.7553399840597985,0.2728838227669547,0.45809316259469257,0.37839942257879855,0.22834007622288632,0.39565411172813614,0.4853871878694078,0.4077621270526341,0.10058486985936355,0.30165603256077667,0.12999550642996216,0.5866981413762422,0.0,0.18710185392011677,0.629752954762946,0.7375721048220782,0.03218908499708545,0.0,0.0,0.0,0.0,0.15823032432033582,0.0,0.28364415626047873,0.6785673423125833,0.42600067986532375,0.0,0.0,0.0,0.0,0.6976861304379401,0.35626103038535606,0.0,0.0,0.0,0.6381987295063662,0.47772477386731727,0.69735889753683,0.28626613160024406,0.8040650500349262,0.6724881780179883,0.5742444988053204,0.0,0.6688240335407343,0.03620770957945216,0.6709205124280518,0.5953367680119596,0.43292179267117636,0.0,0.587498459704472,0.6682064493741854,0.1692955253778074,0.04815221456730795,0.0,0.0,0.5984970598292969,0.26827688695118124,0.2928606199535309,0.4765399157383404,0.6264916436092942,0.6298963941891785,0.27524105783745006,0.12444359044123063,0.0
0.3228442442395058,0.23561015491136716,0.3667185898427343,0.1717024623125399,0.5573586417778209,0.6759030294157005,0.6041671105730544,0.0,0.5218455302620049,0.5502171899992612,0.5481400557118513,0.5938768882325962,0.6975985837571541,0.4675778681085786,0.5853549325751578,0.19710488948182311,0.3889967076098221,0.3366035935484689,0.6267965085054907,0.48712378687585384,0.4644358707022907,0.5388078185718495,0.7099336561781249,0.6627809838343475,0.2242296970205402,0.5832344061531402,0.566358093346164,0.5337769670608219,0.2214915419117913,0.20074418831337115,0.06948605631151601,0.12934136656313835,0.17973622684463916,0.3019415364353448,0.0,0.3671240621247088,0.33044010123114154,0.41402946460392476,0.011163863368246416,0.08366692086908142,0.0,0.0,0.6029256467004156,0.37142511748484797,0.0,0.03203331144177822,0.2928324864298338,0.6145538909971903,0.15806890250387312,0.5109058607243021,0.5791408507962013,0.6824953807458294,0.8474946097239844,0.5168838561036122,0.2361449008144878,0.5951694872251966,0.4160232506922012,0.6616490223810747,0.3999018207720807,0.6167156914212056,0.0,0.29843442970017103,0.33912820575097613,0.4435181349975239,0.3369526754068848,0.2873074356688195,0.149268530256953,0.8672670419009418,0.5127255732774482,0.2508086774976111,0.5404747589725012,0.6381991297313533,0.5135431637944395,0.371484021543802,0.2557766240575796,0.0
0.6060321646933601,0.0,0.5528470682265827,0.293195878804292,0.8398909261028189,0.4685707263725936,0.63321769179032,0.5218455302620049,0.0,0.41584659084012443,0.7847804756536971,0.10385141169709458,0.785082854200659,0.291794804051707,0.7824326636765786,0.46229452802805426,0.41996733655609625,0.6776974407623195,0.5743500574603683,0.6750609306182069,0.4101973447375921,0.38733912737140835,0.3973843126139709,0.6876475663266199,0.4525735445678725,0.48584048127716606,0.9307590911587649,0.6769254448287454,0.24187916281885322,0.25566257635098555,0.3334631672114952,0.047262876781085914,0.034837203932862854,0.198031539779973,0.0,0.14825473916507514,0.5785726042860456,0.3408320319900203,0.09658655992532589,0.32064441775313546,0.0,0.0,0.6364412524185732,0.43351878326790194,0.0,0.23203372095177954,0.4104962098577951,0.8342673680576427,0.019196824965317383,0.7026140884369769,0.7394281736208017,0.6125060005278786,0.508145621347387,0.9558091104475346,0.0,0.8653389869232544,0.0,0.7957452940383618,0.4393643850675416,0.72790763203733,0.45243969793927785,0.42798111816626816,0.7732786328089636,0.23568887997626553,0.5187021571328715,0.2248755188080358,0.5381504313339,0.6498887831059412,0.7364774357441872,0.6402874840656181,0.8089572426653638,0.848906426731568,0.7780456857782847,0.5287118273262603,0.5872414453077704,0.24542852208445926
0.3284966239071318,0.24819856387843975,0.1652563871417064,0.3172257758938259,0.5062419327506525,0.25930691487844426,0.621935794118242,0.5502171899992612,0.41584659084012443,0.0,0.3337787683128531,0.38511211758936414,0.7191369992890648,0.08911778454771882,0.46815256219523316,0.4689544928710659,0.5017374289869079,0.3320222912148547,0.3806201041747459,0.4828641196245829,0.43417687181784204,0.5530763782082356,0.32106390985699745,0.4329828934396073,0.2804493431032727,0.5171135374514259,0.5338223063726952,0.7167239976914915,0.39152439182318044,0.12886804610448085,0.07296614677471186,0.0,0.23139364013575364,0.33275072533716543,0.02676175489186019,0.19815603024473913,0.34350098751673985,0.5042394368957029,0.0,0.049107962297345625,0.0,0.0,0.5321544223580434,0.15747450134022747,0.0,0.0,0.048763902840396944,0.45275667884868687,0.3492424615240526,0.4228131144401297,0.21666895441703696,0.6528890460852568,0.5132719060538365,0.39171405147607036,0.5033160481310989,0.4363334844234637,0.28677921452505495,0.6139313948076401,0.2800404566831002,0.5567141939816291,0.0,0.5069292783649196,0.4204293690200057,0.14289417754623032,0.19282663335651523,0.26451584205573536,0.011442804849736865,0.5972354908472135,0.32615756174360744,0.4193635480997459,0.5245171041125292,0.6852813399689386,0.6106650029965288,0.5313878594493149,0.0893740235911359,0.0
0.6467692296705795,0.19874136957988725,0.8284226084635291,0.0,0.5041707087631065,0.6153778913473881,0.34651446457380647,0.5481400557118513,0.7847804756536971,0.3337787683128531,0.0,0.34405911217562024,0.5750628097402597,0.2527847883369434,0.7914986270243365,0.3795500876265362,0.4791298227040024,0.5507518203620084,0.6509104610271036,0.6633288311982358,0.6211845114240655,0.5423984307959706,0.6800929045458355,0.4576928930558236,0.5590055105803313,0.6388575461986208,0.7527231460482275,0.4863476851493159,0.44019073364404804,0.4756747533832612,0.398278586210047,0.16933380326957365,0.37376125167492713,0.2579252055143294,0.0,0.06840304499257494,0.1503262643182125,0.37210080493026154,0.28673081159140595,0.4003076897966044,0.1607087912747041,0.0,0.4203152134155218,0.2797368784582581,0.18758315607248116,0.46714714797417123,0.3998805356970321,0.7838317153340635,0.0,0.5471153912161243,0.7140401770423748,0.49659107364085375,0.38192496204484544,0.8455430582100258,0.06210760947994423,0.8142733986796599,0.23991363564733692,0.6486752792351341,0.27480809771082293,0.7770957608114333,0.3333359215670433,0.0699454349276037,0.37918526136553443,0.4868269685721043,0.6707220937009924,0.5307671670571296,0.6264964748068154,0.6177155688716717,0.6984966383287223,0.41374970836210584,0.620590282354404,0.7833647833218391,0.5899048574973764,0.5327463597739773,0.5707595964995638,0.3778478622943592
0.03247528533895877,0.6184214888858717,0.3667946040216262,0.0,0.055961256965793044,0.6104853766432816,0.22381109614970832,0.5938768882325962,0.10385141169709458,0.38511211758936414,0.34405911217562024,0.0,0.30331861046352615,0.24292780022957933,0.31149506863976284,0.17837400616076196,0.38636661074677325,0.10962610723648869,0.3417383068389953,0.3304830736401335,0.2430341926400065,0.5651249698516368,0.6047767552479566,0.429556129197985,0.11661242326443458,0.587023703957346,0.17182974973938847,0.2512337501780345,0.08919266336780372,0.19901961311858207,0.04765486792024451,0.0,0.2725871855172261,0.22826705369019112,0.2611526290203441,0.23524726619615716,0.0,0.3659903692830528,0.0,0.0,0.0,0.0,0.32967537498000354,0.27798796395573977,0.11311328694459757,0.0,0.0,0.26557148484657384,0.13348562137224562,0.3917172443724252,0.36441117586135874,0.5375129487404884,0.49003228643757074,0.23997820802465317,0.5710493041055251,0.24634738135560483,0.8706324494266586,0.3946272990446216,0.2774386808983314,0.40697585962253613,0.0,0.0,0.0,0.37306362476724014,0.3274090221850744,0.21051733578850285,0.022478778134668226,0.43058727390350027,0.36254683847322317,0.0,0.04403798164303563,0.3612601582299793,0.30126274314714463,0.0,0.0,0.0
0.5330487435383404,0.028943499556279284,0.35812760393087545,0.34301501000937035,0.7389091815617157,0.5439637548014515,0.7553399840597985,0.6975985837571541,0.785082854200659,0.7191369992890648,0.5750628097402597,0.30331861046352615,0.0,0.20150433339626933,0.702841916675894,0.5758062411526337,0.6101529943428627,0.6236877480494505,0.5525817189975253,0.6275910412627698,0.4735824313551443,0.523758936793082,0.4875368061073236,0.6445506013612514,0.38408212025563954,0.5385339645101549,0.7882135403223359,0.830013212341776,0.35958777408232423,0.21491644839443438,0.16202231249285223,0.0,0.09027514170187637,0.3718312334492893,0.0,0.273350079576087,0.5389170148756649,0.44881709098158046,0.0,0.16692387752351184,0.0,0.0,0.659148328689316,0.3886288012929321,0.0,0.07309947922463017,0.3208911369293913,0.741544182030162,0.2351156014695514,0.6641687667330011,0.6137413645469748,0.7295759618214128,0.6479481347392018,0.7569292353887741,0.08033849578632957,0.7130864792314773,0.13237474602085014,0.9047443942323095,0.379259555873783,0.7107631513435676,0.15804542721680034,0.5893466993782414,0.6454763453578183,0.24362936901061796,0.35764460575988183,0.23993510802360443,0.2535800481709954,0.7737206545190767,0.6270469386097965,0.566623219225562,0.7472804520431009,0.824475513303903,0.8216489260747148,0.5814635345571592,0.4031813514050304,0.0
0.049049439543789715,0.005565836962944076,0.1413048429949977,0.12019029418341232,0.35997289386428905,0.28238679242013,0.2728838227669547,0.4675778681085786,0.291794804051707,0.08911778454771882,0.2527847883369434,0.24292780022957933,0.20150433339626933,0.0,0.38219591005367115,0.0,0.0,0.12712464220174635,0.21464753310899976,0.3064207052073823,0.23837724748125358,0.2683716713913421,0.29723451383900024,0.39310046852278546,0.0,0.20586158550028413,0.28799073794147056,0.21248530754007874,0.0,0.18307241819839354,0.17298914793939962,0.15525170354427775,0.0,0.0,0.0,0.26353266775420414,0.23521450667428453,0.13092560098285883,0.08419098299004876,0.0,0.0,0.0,0.3392816296161782,0.24184249948301015,0.0,0.0,0.039955615570490016,0.2766512258951221,0.1354010295966579,0.4309996351999319,0.27350298762506253,0.347678891961651,0.39362757121554315,0.29789896888564865,0.0,0.31369738292432836,0.12885575447165615,0.31090738283573016,0.3993483805043866,0.3673905356078061,0.0,0.08227548419737886,0.22264922306741347,0.13127411512943482,0.2965225229324883,0.12511181336047403,0.21283706536888147,0.3853490355412407,0.23256327426043777,0.0,0.187929431429114,0.2750985306383653,0.23609601099281308,0.0015936104473362467,0.26237785519402756,0.027000411333164942
0.6697221099584376,0.15642309619804137,0.6828813411238431,0.034203385158129915,0.598508635904639,0.5823722642722166,0.45809316259469257,0.5853549325751578,0.7824326636765786,0.46815256219523316,0.7914986270243365,0.31149506863976284,0.702841916675894,0.38219591005367115,0.0,0.5328317828284603,0.5337371972449185,0.6569858107914273,0.5564795118496773,0.8449047377404153,0.7287727140522524,0.7309122872494627,0.6107689581022717,0.6004793711771553,0.5627879692787825,0.7091813105345629,0.7999268316123874,0.6445971326467524,0.515841885321191,0.5774492918431429,0.515301285700674,0.34113429435481235,0.3346182671436191,0.35017147687060796,0.0,0.2332771652012346,0.3404736292473121,0.4773497694780915,0.3760499074261719,0.36839094302704156,0.05849761877803534,0.0,0.5490701799226743,0.3578313294045527,0.027822611010251935,0.4212836908491476,0.44723627872670757,0.7133853214617683,0.0,0.5417608371943632,0.6535904875397207,0.5583439159817456,0.4370342145228323,0.7870184385059957,0.06493485873237306,0.7126472913125207,0.15845864201012047,0.7537400477671685,0.3640435284264568,0.9362118189791402,0.42965515882565897,0.29276824418891917,0.5514666100021874,0.33760164271719684,0.7916450919372393,0.5128610111775527,0.728516620356316,0.670940136571205,0.7442779471310629,0.5142842595016668,0.7547488198157939,0.8446619190605329,0.7609322367087608,0.6303530849714953,0.6725315297198095,0.39752585180935074
0.5779082407710924,0.22104797926772202,0.38322981497565806,0.05171584527175023,0.32596195890417634,0.3197733548037888,0.37839942257879855,0.19710488948182311,0.46229452802805426,0.4689544928710659,0.3795500876265362,0.17837400616076196,0.5758062411526337,0.0,0.5328317828284603,0.0,0.6460088937446182,0.7654587391580351,0.3871955542185665,0.5207105356034422,0.40237966240551154,0.622885840034973,0.21150359890285308,0.3335109678995217,0.5337188467479377,0.5335280879647947,0.5340870656908109,0.5085476021427157,0.5377233826089757,0.3573696427224967,0.5139792608151339,0.09167205737831005,0.2825498009025533,0.3854733800465295,0.0,0.09106390926653438,0.2865671307597127,0.33479164255872035,0.046467634346315345,0.2956857391218555,0.06739655298637975,0.0,0.31326846111447276,0.16912933271086208,0.0,0.2880838872539061,0.1847869416424713,0.4083328928583049,0.025870970939183696,0.4162149698202925,0.3008269609388678,0.4454739797124203,0.054757388474200114,0.4983957736469059,0.1587073489899522,0.35645096070365034,0.10260645676160252,0.4916776419349621,0.16562496036511848,0.5570449370605918,0.4183766848810577,0.3713593908522464,0.5027359473989339,0.24343062377220856,0.4713607200950395,0.24567333590893348,0.446763329451825,0.26933552065947897,0.39576096510357495,0.4265059967842223,0.46224480696278547,0.6250619810515201,0.5774606562785842,0.5480546362274821,0.47395064103180296,0.3771865334508049
0.6095526660976747,0.4775064627651561,0.5537032759380944,0.0,0.1512809793803572,0.6369084743449531,0.22834007622288632,0.3889967076098221,0.41996733655609625,0.5017374289869079,0.4791298227040024,0.38636661074677325,0.6101529943428627,0.0,0.5337371972449185,0.6460088937446182,0.0,0.7154047331363245,0.3701055674309618,0.44457231294855354,0.5496733441595196,0.5314624426388387,0.5813833159153821,0.34266615251716226,0.7326016563667256,0.7729577247300284,0.4790314729604369,0.39196424236755417,0.5261150953908894,0.3024666285452313,0.39538892194811315,0.19580495747974921,0.5219253685206424,0.47707075209798155,0.055188030581710845,0.0,0.02291561728632241,0.39362771000401453,0.22001388432348984,0.434049059359231,0.21012275983238693,0.0,0.24290817986175461,0.21888666867076115,0.24216647709617334,0.48729027869988495,0.35506533110128824,0.33421392746697814,0.0,0.31121783869550845,0.5708324823707664,0.3953051595342234,0.2286921094296215,0.5246713563202166,0.35215450857979,0.36998999943174177,0.3801510846878622,0.6167594510154913,0.084371436159883,0.5249474182161358,0.2086122005369343,0.2454615178229923,0.3188774841021689,0.2743471770544794,0.3956909247828863,0.44700262115479067,0.38307005682400685,0.3890634404552053,0.6058094680428097,0.4182010323087314,0.5284093289361452,0.5547403148832906,0.44476009842842845,0.5244049591987267,0.42021538854984797,0.2743658002697112
0.786891053127932,0.029649366425455015,0.5777305381155493,0.006024538220080852,0.43042004010957235,0.6015934797659983,0.39565411172813614,0.3366035935484689,0.6776974407623195,0.3320222912148547,0.5507518203620084,0.10962610723648869,0.6236877480494505,0.12712464220174635,0.6569858107914273,0.7654587391580351,0.7154047331363245,0.0,0.4749455694093433,0.5034851510738076,0.4551580101362634,0.48040822352996454,0.42585502017634236,0.45172535703601013,0.7355927008967107,0.6117100688090071,0.7480126686518702,0.41314144046204015,0.5046117985815091,0.2935262229849686,0.5979066532161097,0.23511561968864977,0.2671071018297447,0.3953583786533852,0.0,0.061795707764250384,0.30568970581824784,0.26636237673877433,0.34211965019202084,0.493144058482066,0.26379112521428594,0.0,0.3910369881481486,0.408316185048606,0.058177633195624454,0.5170967595853854,0.5096029115678684,0.47482987603066784,0.0,0.41700891004949786,0.6542401827585062,0.4286521048400883,0.15572409975960214,0.7464025990447692,0.0,0.5139848574306622,0.00829003331564393,0.6005469990132608,0.21208011316711428,0.5669866317919071,0.6229243130335086,0.2713384740045426,0.7182853163651113,0.2594779729298959,0.47759846090964087,0.3144927179072762,0.6212290793442359,0.36716321285668296,0.6639123182390492,0.6043514630477786,0.6744283729755011,0.66505865064319,0.5390750187120834,0.6043453993029635,0.6005411646288364,0.46893926493855526
0.4222427495000004,0.13754263947064266,0.5570186366764317,0.0,0.4272304759029543,0.5443315803149014,0.4853871878694078,0.6267965085054907,0.5743500574603683,0.3806201041747459,0.6509104610271036,0.3417383068389953,0.5525817189975253,0.21464753310899976,0.5564795118496773,0.3871955542185665,0.3701055674309618,0.4749455694093433,0.0,0.4657453759139348,0.3779541876008794,0.4864277487208663,0.5664328782607925,0.39776284130427236,0.3182085169915807,0.46451844542473475,0.6061253464596303,0.3621263831998726,0.32304779806832645,0.2781243707954056,0.18721617824872408,0.24749748844822528,0.2924690730005365,0.28222164744085504,0.0,0.05489322761772639,0.20267211363261178,0.3178862049902915,0.18101494106795424,0.33738453765265364,0.0,0.0,0.4225985350385344,0.26897935420604224,0.0,0.13487965190967274,0.3383079241161312,0.7122251518791071,0.0,0.49727938152797896,0.568824444312521,0.5705596361490435,0.5168017254746812,0.5902165169294166,0.1121559918630245,0.6460254108562736,0.21882647576864608,0.49012961395674837,0.21408902767574484,0.542091069975032,0.17931465932059212,0.22314916957518263,0.38870043510046587,0.8747713377836621,0.3543799368555948,0.248497982117273,0.32104165023062614,0.6324763814754104,0.43395307166394814,0.332284929432913,0.5262292265699884,0.6499254284128488,0.3944889825018475,0.48771810937244153,0.4378834373797095,0.15236323018980652
0.5493004197796763,0.21214031704737027,0.6009699246082014,0.08414027907263297,0.5237784183697932,0.44730082916643676,0.4077621270526341,0.48712378687585384,0.6750609306182069,0.4828641196245829,0.6633288311982358,0.3304830736401335,0.6275910412627698,0.3064207052073823,0.8449047377404153,0.5207105356034422,0.44457231294855354,0.5034851510738076,0.4657453759139348,0.0,0.6195785722211208,0.8421122398382292,0.4855204684018595,0.4913602598842283,0.4577763194662353,0.6502754047937007,0.7307741025827037,0.6336742908278148,0.4219703960508554,0.6516092480718344,0.4713049764947695,0.18410628696007927,0.21101693036755015,0.2042487470286224,0.0,0.2799246808239285,0.30636614161820497,0.4013044031863996,0.18398353239254833,0.18666781723016188,0.0,0.0,0.5237640465531299,0.27658082011126517,0.0,0.3027902911900352,0.3245002134414064,0.6381133060366928,0.07519181534370202,0.5282780193943012,0.48386955945122434,0.5246689885522715,0.38190238263172416,0.6592138535773031,0.13855658502514684,0.5595664069640388,0.18720119410485936,0.6456395204990915,0.3664118497345892,0.8615133280619136,0.2717982102008146,0.24614060006880353,0.4080263037022613,0.28891447109228596,0.8545319033718646,0.4276844195290531,0.682788086829013,0.5935960033451309,0.63177058507656,0.42897985106748215,0.6219147501262542,0.8079376558802411,0.7475592494641757,0.4969041688783312,0.6027459602168865,0.28569230859512473
0.7127448793650766,0.47279128369081375,0.6898043999548267,0.0,0.17295207389224268,0.5028388281119073,0.10058486985936355,0.4644358707022907,0.4101973447375921,0.43417687181784204,0.6211845114240655,0.2430341926400065,0.4735824313551443,0.23837724748125358,0.7287727140522524,0.40237966240551154,0.5496733441595196,0.4551580101362634,0.3779541876008794,0.6195785722211208,0.0,0.6426170963753469,0.7018955484201158,0.37894550619016715,0.6547470170819122,0.7462783774706969,0.5349568831750723,0.3650022302039336,0.7513071269826336,0.591437153495442,0.5543523103660061,0.4101980595833912,0.5233430377826738,0.3515615068001591,0.14031496555917397,0.034236676390297816,0.0,0.41066254839394173,0.44285218193841014,0.4265697107522528,0.2120254564331584,0.0,0.23812059167538724,0.06444987084980709,0.341945304523203,0.6565998161362013,0.3919422800797458,0.3353765261849962,0.0,0.25036409736330745,0.5350623806111958,0.312037349631306,0.26868443911057294,0.4981492150574418,0.3884679649297301,0.37606717237862664,0.25405735133507734,0.5506917629763681,0.16738687233857413,0.75691207860542,0.3665621024276305,0.040069232169342106,0.2268631227126754,0.3108081829837461,0.657400494754117,0.8569132099920839,0.6167019981249451,0.5742443672364141,0.6946691443031364,0.42713945235215495,0.6004951325287882,0.6801018759766293,0.47068841221380475,0.7363202947851099,0.5602223232692634,0.46613110333879726
0.5001135645318372,0.5623595075527564,0.5687702319502235,0.0,0.27828605869977263,0.5169026724741884,0.30165603256077667,0.5388078185718495,0.38733912737140835,0.5530763782082356,0.5423984307959706,0.5651249698516368,0.523758936793082,0.2683716713913421,0.7309122872494627,0.622885840034973,0.5314624426388387,0.48040822352996454,0.4864277487208663,0.8421122398382292,0.6426170963753469,0.0,0.5590817140220383,0.3679957046763036,0.44627451055437783,0.7263055764131031,0.5275603037953938,0.5299377502530892,0.5631559611757619,0.6561103693885972,0.4643366746813623,0.255203315547946,0.42873807893662585,0.3638025202803595,0.15289218144573696,0.3249347029826807,0.13124116816267745,0.4394229340167961,0.13881777335647746,0.15996933351979342,0.0,0.0,0.4211488428122902,0.19724337729679908,0.08738268566415722,0.31141010870921704,0.24270983115570824,0.4653787855602804,0.0728339240025442,0.391622965664993,0.3503293705666341,0.5224434139113135,0.31698360603452597,0.4385560586037662,0.4785891672648157,0.38209822194898685,0.49505851400639256,0.5031637641044864,0.24345628273167103,0.7818768310036591,0.10908128693724561,0.15362067284505226,0.19857478385025124,0.4410926065993164,0.7751891421505163,0.48127870550245777,0.5647649877698917,0.5256170694579342,0.4934138600071719,0.24382840096781166,0.4369996377024268,0.7025254651152812,0.5987198154412925,0.5105647677323071,0.4397527740930207,0.24758833958197524
0.5477422841327402,0.586028483983749,0.7724686087129291,0.0,0.1267591943673797,0.9123278459129135,0.12999550642996216,0.7099336561781249,0.3973843126139709,0.32106390985699745,0.6800929045458355,0.6047767552479566,0.4875368061073236,0.29723451383900024,0.6107689581022717,0.21150359890285308,0.5813833159153821,0.42585502017634236,0.5664328782607925,0.4855204684018595,0.7018955484201158,0.5590817140220383,0.0,0.41361325274741906,0.6161375876909616,0.7690705328688447,0.507761332850102,0.21459502218580848,0.48496731361817313,0.4335995753130174,0.361906500496054,0.2808210464342038,0.5172555006283697,0.34298181003009076,0.14870684474842416,0.04549559639993511,0.0,0.356388864707435,0.38702924392596283,0.35550616687542813,0.22949430437833943,0.03928979940985868,0.28001546533189586,0.23296869094675338,0.3769093178619364,0.534798540950208,0.4745499461580491,0.4185084909998961,0.0,0.3301332668890444,0.7737377375197261,0.4357306059211478,0.5300453637179348,0.5295499984713317,0.41993965342846484,0.4540721885249406,0.5939914205753793,0.5703141140680079,0.14363432044536503,0.6087125702237741,0.07586134633892451,0.0,0.09632227430007174,0.5513257179197343,0.5370944565846916,0.6584343891505593,0.4475877103431629,0.7230434584149324,0.6594233134220087,0.26751573294130787,0.4874993547566913,0.5991925590843465,0.3304775400392487,0.5100484963401966,0.412619120537767,0.3035893020605171
0.3784898451385858,0.0,0.2266111803414692,0.4327351420154238,0.6861853001642056,0.48059972817945296,0.5866981413762422,0.6627809838343475,0.6876475663266199,0.4329828934396073,0.4576928930558236,0.429556129197985,0.6445506013612514,0.39310046852278546,0.6004793711771553,0.3335109678995217,0.34266615251716226,0.45172535703601013,0.39776284130427236,0.4913602598842283,0.37894550619016715,0.3679957046763036,0.41361325274741906,0.0,0.19938052672571707,0.5587168446384547,0.680025891524279,0.5914849349745381,0.13454239192455486,0.15982199584756623,0.2568150144870024,0.09182544948920138,0.0,0.11855612048359937,0.0,0.358364406799222,0.5525461411371613,0.4636014225895303,0.0,0.07800573279224121,0.0,0.0,0.6484743194025592,0.4183145217061973,0.0,0.04553865715837735,0.3205386193904597,0.6115854784346536,0.2073244528888728,0.6116358036845043,0.5503724082118421,0.6361444259342812,0.6785878640218548,0.632690462336514,0.0,0.6226739804721938,0.10830395826903277,0.6733103224009277,0.5159058946273437,0.6068153490842214,0.1558517270807529,0.47810226596420935,0.5641167940498691,0.15979176044066964,0.3713363763163542,0.2272354160079061,0.2952751546996881,0.6305648668450027,0.6684636763481783,0.3695194403114401,0.6587494368717788,0.606037463370332,0.6106117281429062,0.27817954536524137,0.31666915950549096,0.08388595621359776
0.8584591849771739,0.3742582998880667,0.7321559737895814,0.0,0.044941223746881476,0.6295983112352861,0.0,0.2242296970205402,0.4525735445678725,0.2804493431032727,0.5590055105803313,0.11661242326443458,0.38408212025563954,0.0,0.5627879692787825,0.5337188467479377,0.7326016563667256,0.7355927008967107,0.3182085169915807,0.4577763194662353,0.6547470170819122,0.44627451055437783,0.6161375876909616,0.19938052672571707,0.0,0.7457466528553084,0.5711177760521339,0.14112985086406235,0.6664337655323602,0.4457666300393093,0.5803598174579356,0.34637123833286215,0.5491051448200688,0.40101239921043746,0.0,0.0,0.0,0.18209710323311107,0.5799911319021744,0.6706688772168852,0.5790324036607557,0.1979812854193295,0.10806248825809996,0.15453339690890738,0.47190260446497456,0.8513333139211685,0.6772942112271636,0.24958329391833398,0.0,0.05829750706487964,0.6864133033665631,0.07406011153450648,0.023895983615697808,0.5552966038889044,0.14064760594239983,0.29930767882280374,0.11491962949639262,0.44482964011900294,0.0,0.5045138924466469,0.62096074417919,0.0,0.36838390257333575,0.23536881310235055,0.512131668827,0.6895946516380274,0.694125134337322,0.3460711242986238,0.7121166315242252,0.6927299277614765,0.6526921546309051,0.5149784584672322,0.2970028014540278,0.673036143215008,0.5735292450003753,0.574150830006928
0.6938808195184996,0.5189720547925262,0.7066329516638148,0.0,0.20509778449506863,0.758023727373652,0.18710185392011677,0.5832344061531402,0.48584048127716606,0.5171135374514259,0.6388575461986208,0.587023703957346,0.5385339645101549,0.20586158550028413,0.7091813105345629,0.5335280879647947,0.7729577247300284,0.6117100688090071,0.46451844542473475,0.6502754047937007,0.7462783774706969,0.7263055764131031,0.7690705328688447,0.5587168446384547,0.7457466528553084,0.0,0.5996126684434137,0.3669078173884754,0.6318756554382596,0.5228145864365037,0.5320322694405848,0.3119284650093009,0.550167694056749,0.3942610652400371,0.0393489834126646,0.07637692150244554,0.0,0.45717720235215265,0.3310843896337109,0.4032225859037286,0.23711375656128775,0.0,0.35462542995062607,0.26330956930433697,0.3239121302792277,0.6107453747682057,0.4895809567962822,0.3995915197829136,0.0,0.36000715702122443,0.6720528793360936,0.4527985559797709,0.39088137569900255,0.5742923922426356,0.43534258289963235,0.42696182379892056,0.4875506040533648,0.6178474869765194,0.20389233368397283,0.7240235089736129,0.2431435612651087,0.13511558215474556,0.28233731066447076,0.3787490649050068,0.6590267337466233,0.7245047800093113,0.6076953651776744,0.5559769984293267,0.8081366129019741,0.43680458290662616,0.6484891885924448,0.6531557392974184,0.503535069702514,0.558065995789815,0.47291804172852014,0.3899879688360749
0.693626229323541,0.0,0.588479879624054,0.22266802198167984,0.7756095763205674,0.5713125310741447,0.629752954762946,0.566358093346164,0.9307590911587649,0.5338223063726952,0.7527231460482275,0.17182974973938847,0.7882135403223359,0.28799073794147056,0.7999268316123874,0.5340870656908109,0.4790314729604369,0.7480126686518702,0.6061253464596303,0.7307741025827037,0.5349568831750723,0.5275603037953938,0.507761332850102,0.680025891524279,0.5711177760521339,0.5996126684434137,0.0,0.6484710470504438,0.40986832007604146,0.32595140406306383,0.42024602706741526,0.16180163430415428,0.13561624214477194,0.27662029223420104,0.0,0.14834885936992367,0.5652694171928639,0.3794625713276222,0.24004966436527062,0.39173567267507714,0.009299076709405413,0.0,0.6297309608342352,0.44828392074616785,0.0,0.34635475899309576,0.48395483083651597,0.7697386237349024,0.0,0.6130632161531695,0.7156537759013295,0.6118890771205635,0.4964609187722371,0.8889205357531318,0.0,0.7843683569853966,0.0,0.7690191797004724,0.44054995272529535,0.756284977204113,0.5043293909736182,0.36886487916855426,0.7811037300564105,0.25775010801501785,0.5647118077577729,0.3613577806203317,0.6033789005313885,0.7025062638493675,0.7667785330151351,0.7054195794677437,0.8347880068882517,0.8895940871972783,0.7335045930676252,0.6223073409615034,0.6286265609640687,0.3027453344037968
0.3651763405427344,0.0,0.18084799540381422,0.5290023423465697,0.7765304186293291,0.23905049777861154,0.7375721048220782,0.5337769670608219,0.6769254448287454,0.7167239976914915,0.4863476851493159,0.2512337501780345,0.830013212341776,0.21248530754007874,0.6445971326467524,0.5085476021427157,0.39196424236755417,0.41314144046204015,0.3621263831998726,0.6336742908278148,0.3650022302039336,0.5299377502530892,0.21459502218580848,0.5914849349745381,0.14112985086406235,0.3669078173884754,0.6484710470504438,0.0,0.19654630733506678,0.2632350418115922,0.18218111954177035,0.0,0.02151181065513101,0.3425713423980829,0.0,0.43264928641066785,0.585255733915669,0.4851155930880713,0.0,0.014445375943889907,0.0,0.0,0.6903044162246982,0.3487888934304448,0.0,0.0,0.08560597118392901,0.654672315884681,0.5060934674996358,0.6477232592694036,0.3158929284728669,0.6934676823577677,0.5570592508933605,0.6064555926194853,0.07987349600986665,0.6216491293865414,0.08394155467612724,0.7823666493052732,0.4385271202213787,0.6801618655869395,0.05434385968078445,0.6401072231262692,0.5614655006193817,0.07210740892135581,0.3929851272218087,0.1105937160360472,0.1739426984811016,0.6271905220042835,0.4316602844128856,0.4239241192329429,0.5718225866805283,0.725169786605004,0.8491521129542694,0.4402426145915201,0.33884510515729516,0.0
0.6473112449517813,0.4501516465721885,0.5426428407150472,0.0,0.017054480879233724,0.39889082804436277,0.03218908499708545,0.2214915419117913,0.24187916281885322,0.39152439182318044,0.44019073364404804,0.08919266336780372,0.35958777408232423,0.0,0.515841885321191,0.5377233826089757,0.5261150953908894,0.5046117985815091,0.32304779806832645,0.4219703960508554,0.7513071269826336,0.5631559611757619,0.48496731361817313,0.13454239192455486,0.6664337655323602,0.6318756554382596,0.40986832007604146,0.19654630733506678,0.0,0.5639995566313265,0.5123041960090909,0.35960875927243896,0.5743655398457086,0.35548485315092504,0.0948920851307381,0.0,0.0,0.2809533577039999,0.42794478572411915,0.48667549347200006,0.3673344189289054,0.10148965585871371,0.04606611361003547,0.0,0.37170987103993414,0.6472209093686495,0.4325189735049834,0.19695030034559735,0.0,0.04661006870220927,0.37161005608494774,0.1859776206320773,0.0,0.31702768480985943,0.3450027512851519,0.1734906572290199,0.11428998642405906,0.34424041101176495,0.0,0.5538757747204558,0.4654336482217852,0.1042368163109483,0.20467499727898802,0.30236029684931853,0.5239417088051713,0.7529872955125383,0.570894571990085,0.30770487433871446,0.49384581420359697,0.4690856923894379,0.5070836487981563,0.5454019309472872,0.2952706958995608,0.8686971896079754,0.49990885173461735,0.5685400799066389
0.44405145885197517,0.4488782631675331,0.5685008716023902,0.0,0.05810500078767805,0.33141854941612686,0.0,0.20074418831337115,0.25566257635098555,0.12886804610448085,0.4756747533832612,0.19901961311858207,0.21491644839443438,0.18307241819839354,0.5774492918431429,0.3573696427224967,0.3024666285452313,0.2935262229849686,0.2781243707954056,0.6516092480718344,0.591437153495442,0.6561103693885972,0.4335995753130174,0.15982199584756623,0.4457666300393093,0.5228145864365037,0.32595140406306383,0.2632350418115922,0.5639995566313265,0.0,0.5107978712561656,0.36350923432667126,0.35468664803479893,0.2933893775908653,0.08339500302092617,0.0746497544299935,0.0,0.2753290004165012,0.44930568492228573,0.24137024684196323,0.2416611287965466,0.07715065071032046,0.11999644881633026,0.0780194215529808,0.29336093206914104,0.4744739383491663,0.3358184117030649,0.257810572735642,0.0,0.16647891232575884,0.3547909725679602,0.06530540604302992,0.03785933877294362,0.31452629207758864,0.19870308741950307,0.182657043853511,0.18838504942125678,0.2890226259638357,0.0,0.6131916323259416,0.2765786123272569,0.0,0.027345633254352936,0.3159866241922966,0.7551720834957952,0.595427390325775,0.6709551475300932,0.2771429438768769,0.44340425541179446,0.18660176428535466,0.3168589009967431,0.4559588726780838,0.37836723908917413,0.4877339960326508,0.6283245046592492,0.47000588588732256
