0.0,0.0,0.0,0.0,0.0,0.13947122480587718,0.01874962767002683,0.24799813377153587,0.12327900525792679,0.2022001949306696,0.0,0.04777857798780594,0.26588394376046287,0.0,0.31695667114654397,0.3303190811352904,0.1336159804453678,0.0,0.0,0.18975927973168527,0.5767972994596582,0.27459251855651223,0.2071480436546999,0.5553435682874419,0.26815169476230594,0.2478621417965431,0.08669619705237597,0.28772618493797464,0.3833145850582745,0.41576826080016316,0.5295836767375524,0.3181667790807005,0.37591606369159175,0.36986289115163107,0.22986524850090417,0.021077038787551128,0.0,0.18073336686741912,0.32689571491997227,0.4042350221096674,0.31646496720976647,0.11386554319728613,0.12407391359003192,0.022419016926541274,0.33369471034133535,0.7734251942576228,0.2842781741160542,0.04845783533728246,0.0,0.055957537358946,0.1182891571843646,0.3614313107857182,0.32692832727971394,0.12532146851211193,0.2889686611996744,0.06287090753405775,0.09670014633483374,0.33778191103300725,0.0,0.3186389005199003,0.10897709379794679,0.26106885430546384,0.2345355320837737,0.0779756292129968,0.16288756015475225,0.7343988781753237,0.36307815707378904,0.26250438530113407,0.5971037873670336,0.3646573359369562,0.4283510012561431,0.0,0.39870762723106656,0.43253911314006294,0.3668643484935352,0.4767050441104288
0.0,0.0,0.0,0.0,0.0,0.0,0.0,0.2469333158587566,0.0,0.27157627082048597,0.0,0.002768306463639958,0.197983397491176,0.09226106640819504,0.0,0.1483508590729053,0.4251878008255907,0.3392229929055869,0.0,0.0,0.43937288720403456,0.4239082625081192,0.05387081375082997,0.15669433946847341,0.24185847341177824,0.7194496370741195,0.0,0.15626328342671977,0.27934518500787175,0.0,0.07431225521412238,0.3611438503760824,0.27968624454102126,0.2794096021535823,0.0,0.6202131965721684,0.5196604874734473,0.36455205742676644,0.33430997912718985,0.03113682164123402,0.22192829130070849,0.06319485319133132,0.5179262367523608,0.15723121215528135,0.3257688440495553,0.0,0.0,0.0,0.37179305871439716,0.2994253106219696,0.31159657413164077,0.0,0.18488247075768144,0.0,0.0,0.0,0.0,0.23120868809124404,0.32596572443389876,0.15651136666199678,0.28973834557490613,0.0,0.0,0.0,0.0,0.2704134336339098,0.0,0.12604261065105557,0.01346822065379022,0.0,0.0,0.589118856030583,0.0,0.21689287814393515,0.0,0.04078027292259795
0.0,0.0,0.0,0.44435902454512605,0.5957282160188487,0.5995285065530878,0.4237714875583313,0.3218630146471798,0.7170543795072456,0.13512733006668495,0.8860965739958404,0.4376236407206815,0.4862346578795127,0.5514047730833864,0.6428414459781401,0.5166619820071396,0.0,0.27409469785338275,0.8255221820562495,0.7883777099160048,0.0,0.6075327393880352,0.6726663187084905,0.1754693060565739,0.08185264916104767,0.14321873468769186,0.683672683995857,0.5941038857745122,0.3856936913683255,0.5176518018899201,0.39594254263270223,0.0,0.0,0.0,0.0,0.26847485205433963,0.07989862786471993,0.0,0.0,0.0,0.0,0.0,0.0,0.0,0.0,0.0571692718141979,0.25894708245090664,0.9553896935151595,0.0,0.1760345273969315,0.40036617327824986,0.10938544953886012,0.27497333283035763,0.7183500121715489,0.2419394255292868,0.8405268417000598,0.4381487424889819,0.23071039148999312,0.325307169957568,0.5642616286197293,0.0,0.3055512574402674,0.34067907620911997,0.8094077587778669,0.7517182642605457,0.0,0.5732796842218809,0.6013423749078972,0.11490876896670447,0.22940984629436462,0.2982019094578142,0.42752036352519407,0.44290578520719803,0.10744668475203975,0.4650666698554982,0.0
0.0,0.0,0.44435902454512605,0.0,0.3553617913929633,0.3796040863274022,0.5258713191666089,0.0,0.1215553331700154,0.3383666113385715,0.26362679615907625,0.40949277922086313,0.39047201410094867,0.28975477415451334,0.26615397757077897,0.23010666999740687,0.2039739100697413,0.22603235099959113,0.35442517249128064,0.3525285751287033,0.0,0.2507680823112145,0.17656359058832471,0.05200899443762928,0.1511356677075616,0.0,0.1705227505091633,0.33151788255908154,0.42024408339746977,0.3490996147538131,0.026594178769528437,0.0,0.0,0.0,0.0,0.3624876018634252,0.2055137195144158,0.0,0.0,0.0,0.0,0.0,0.10541957342722642,0.0,0.0,0.009110523560141984,0.03303721939392863,0.418838842193478,0.19335927133131497,0.0,0.2115447853377268,0.0,0.0,0.19647746138051791,0.26042391014098953,0.25947365204407363,0.4092261879938612,0.0,0.04341832272450072,0.22384253215905048,0.28188265151579367,0.19085188830655675,0.37821000148239153,0.42402812263507295,0.3421426688404758,0.0,0.3141017184585676,0.2190970743827127,0.0,0.02158361680410105,0.0,0.0451668870617498,0.17325277745330647,0.08931188588455881,0.45899374478632726,0.27714326792167293
0.0,0.0,0.5957282160188487,0.3553617913929633,0.0,0.5143658382450741,0.4855816088315254,0.21544959115330842,0.7734809540964642,0.21060417626724048,0.6458942208588037,0.5099080606356752,0.587715691510827,0.5193818789363467,0.41967125456983473,0.3593566889295797,0.0,0.16620390894286777,0.539671818143426,0.5744768180331142,0.0,0.36545057879142867,0.2821043905514255,0.1406312996306106,0.03741397684606712,0.14632178683691704,0.5351656173532796,0.6014912150076996,0.2647843797993279,0.41092057600432863,0.33719399728775895,0.0,0.0,0.048153676154429864,0.0,0.28789781222891875,0.0,0.0,0.0,0.0,0.0,0.0,0.021057119345023217,0.0,0.0,0.147915929414253,0.24122114922132576,0.579928013114942,0.0,0.4083125343412919,0.2673242946634338,0.43483919676421506,0.18232527669437992,0.8031943197470726,0.39378222211867947,0.6920014879978178,0.5928232716838414,0.3537849622464315,0.3864628966600767,0.34920116567650467,0.0,0.27121791163648495,0.20247902247806948,0.4802609907641655,0.5555744989893697,0.0,0.394059371904395,0.3545694001390605,0.11707348289329253,0.1329024941998284,0.28017455365588606,0.32637275340590155,0.45420704299994613,0.04543278204685186,0.23689635177983964,0.0
0.13947122480587718,0.0,0.5995285065530878,0.3796040863274022,0.5143658382450741,0.0,0.39320381828209505,0.4737088292459795,0.5477214306671159,0.4187001509693514,0.4997600728556001,0.5607735112388708,0.6396339126900776,0.4549247423766031,0.4488476264057902,0.4589880521356827,0.30624546897994587,0.32989532499480223,0.5122428832365864,0.5853887113836965,0.0,0.31766564779260315,0.653849059438506,0.46490153522244587,0.3539843885853812,0.347986369898421,0.5926476225638513,0.5175870903617601,0.4352940042321278,0.5201114000067588,0.2814538227580055,0.0,0.0,0.0,0.0,0.2243845446831113,0.0,0.0,0.0,0.0,0.0,0.0,0.05101844052534607,0.0,0.0,0.3416095713587304,0.3944467511729459,0.6705813170614867,0.0,0.09670851224833776,0.6141343185736983,0.31612687284023233,0.4003320249262614,0.5732611754415625,0.5675024585252177,0.49244154541995344,0.5679985463689108,0.3616366996078805,0.2319983312006896,0.4119915410829788,0.010547590504201343,0.5475631200260868,0.505388782883505,0.5278619039565395,0.5708112492219366,0.05595788101750143,0.5440076418097761,0.6123833930689407,0.4152469702028767,0.43837791813722016,0.5551444693163671,0.1817527927278113,0.44253184796451395,0.14095754547523476,0.5088135967998952,0.13658766423229018
0.01874962767002683,0.0,0.4237714875583313,0.5258713191666089,0.4855816088315254,0.39320381828209505,0.0,0.04008476719454457,0.32184660945520505,0.5267742488619519,0.2992236428994788,0.5379250523212925,0.413653020943171,0.22776352632423338,0.2828077935715184,0.22387520076941608,0.2139434160657792,0.28438538480925096,0.3673255310787563,0.3516068091849072,0.0,0.23859286354537146,0.14904223742159506,0.16069688599176557,0.2431287857842124,0.0582545043389153,0.3684690291255356,0.23328904519839666,0.32783200532075235,0.311933842274595,0.2471737271600259,0.0,0.0,0.0,0.0,0.21732286283645397,0.0,0.0,0.0,0.0,0.0,0.0,0.03114603275605468,0.0,0.0,0.15015692364175648,0.1193431695736879,0.3868615015370346,0.0,0.0,0.09216419212418492,0.3735561811382705,0.06910871034793306,0.36576277742279945,0.36698337468905484,0.2983898292010879,0.5457812994165371,0.0,0.10272696547088385,0.1960767270370958,0.06573174106253171,0.14695232573244746,0.288363990038151,0.38726655414585476,0.44003990514736724,0.0,0.40696496284154143,0.15386400620518048,0.018084996222320515,0.17627929342805915,0.1438187295730671,0.23193078891120492,0.05197615745658385,0.08291636847645018,0.3156998658027694,0.0623390480069165
0.24799813377153587,0.2469333158587566,0.3218630146471798,0.0,0.21544959115330842,0.4737088292459795,0.04008476719454457,0.0,0.38826011444922637,0.11786846175310212,0.49670560368816863,0.3028666288909561,0.4092350161023653,0.34855142446586185,0.4303601303242644,0.2634514034403049,0.03614992266836867,0.13847767685610649,0.3220383270362941,0.4650588752171442,0.3313002815607697,0.42403541917474363,0.662329924128163,0.46965668211741585,0.15538447073657646,0.5337743776995949,0.23242903776532942,0.3285857176960831,0.2107507652669666,0.27527412198009904,0.41064545904967653,0.12875063496067768,0.1253157078146564,0.3726413943411444,0.2272652799651076,0.1997105832008446,0.0,0.0,0.07875702757621282,0.08507974362051078,0.0,0.0,0.12542038330857025,0.002586580377625991,0.10505416633076528,0.2567533434958132,0.12277803453248343,0.32201637264053773,0.0,0.12619217086487294,0.4013547386956968,0.23035042065470163,0.8453057937581677,0.37732330982937456,0.21113545084144705,0.40716275047862704,0.3625458723038937,0.29331547171779626,0.33811855121460876,0.5073512977986827,0.0,0.1572118720408408,0.028862867754752566,0.3363635797091058,0.43210464946187277,0.4591193009434342,0.3247227203852319,0.6339839213386882,0.5494829486533045,0.1440907295810993,0.35382878187888184,0.23197917845044594,0.2623911967421868,0.07420102843231388,0.101395030623872,0.0
0.12327900525792679,0.0,0.7170543795072456,0.1215553331700154,0.7734809540964642,0.5477214306671159,0.32184660945520505,0.38826011444922637,0.0,0.03195698972447675,0.7887209934386694,0.3466078985273053,0.5825148590685125,0.3827590708567953,0.4718985662147935,0.5009813550947856,0.0,0.21797385859967927,0.7012878129408412,0.6870694612578261,0.0,0.43468041190061574,0.454741486988706,0.1723211181697449,0.0,0.21031455434962099,0.7237179483871728,0.6277812431052526,0.256957785583384,0.5122361679295204,0.48798304854682717,0.0,0.0,0.2549190293084116,0.016720082532358266,0.1208598832825063,0.0,0.0,0.0,0.0,0.0,0.0,0.0,0.0,0.0,0.24913640478212234,0.3975688603253705,0.7192921702901902,0.0,0.4493519554436963,0.3416919607130928,0.4587632994443847,0.2917244885126577,0.9404978896285494,0.3206375789524409,0.8176974330091675,0.45890921250842,0.4540886141419954,0.3034603030639905,0.38964604255350527,0.0,0.3942032493156398,0.24755486622706485,0.6438465702878051,0.6611230097369564,0.03911537222689404,0.5286801583224249,0.4292803986371465,0.236487259910731,0.25469573351765795,0.44738584230601697,0.3458841097703306,0.5807174304603517,0.16388387519900888,0.3386181251078168,0.0
0.2022001949306696,0.27157627082048597,0.13512733006668495,0.3383666113385715,0.21060417626724048,0.4187001509693514,0.5267742488619519,0.11786846175310212,0.03195698972447675,0.0,0.0,0.7152251945151309,0.35890555634098587,0.09710857902230473,0.32341376679096473,0.31242620563466056,0.7873780378454192,0.5824411037627621,0.07195751712548279,0.2694152027087795,0.17440822063184308,0.3337725551762757,0.11502761649171572,0.5744549952615965,0.6457125504488236,0.48626122835825364,0.03755386983360326,0.29857064489867025,0.46746838743153085,0.2764230796966202,0.24417509670604104,0.0,0.16537209856176704,0.0,0.0,0.4259461525106095,0.059459559952049046,0.0,0.0,0.050798508529232206,0.0,0.0,0.1609825199792463,0.0,0.16295997556975086,0.2601062643224038,0.0,0.12595625841098826,0.11677966480810889,0.0,0.2926686110209271,0.19697350062751365,0.10083341415329158,0.18063386123015854,0.701895714529112,0.0,0.5821363414454989,0.10362300569236121,0.020167166811611875,0.3208548847026322,0.34049985475403977,0.4306823168117506,0.5267980958347867,0.10150973059848126,0.29419123155121424,0.17254006934624758,0.2855319031446575,0.20860799215557482,0.2974810851847563,0.23021228995582224,0.21989564141178206,0.11037178893034519,0.18775292630844323,0.18389120953126353,0.306632589494211,0.20529640836933116
0.0,0.0,0.8860965739958404,0.26362679615907625,0.6458942208588037,0.4997600728556001,0.2992236428994788,0.49670560368816863,0.7887209934386694,0.0,0.0,0.34725219298316234,0.451671067790653,0.5559162640345552,0.6303783565408441,0.4454587476550632,0.0,0.16937561253771194,0.8444824131388623,0.7211563411709498,0.0,0.5857145161447346,0.644769788504142,0.15927629529482384,0.0,0.19199661522617337,0.6404190187541166,0.5489588245461368,0.24772193649133337,0.4476374235026156,0.3915554365734728,0.0,0.0,0.06927549556087431,0.0,0.22091259770441046,0.0,0.0,0.0,0.0,0.0,0.0,0.0,0.0,0.0,0.03214062864792605,0.24772519102430124,0.8521496514303002,0.0,0.2549400225047418,0.3488054438074433,0.17445508733651405,0.4033690581138699,0.7629856139022806,0.13733365103515893,0.9135661410527798,0.3766290438207533,0.27050346303574113,0.38010758874325346,0.5833114460011062,0.0,0.25907760739429664,0.18455520376608753,0.832612095842054,0.6825431380620715,0.011894890088066157,0.5061683499919727,0.569289245921144,0.15192014216432442,0.15671096344020657,0.2746555822902788,0.42440887808832056,0.4379196997730068,0.0,0.3117354030016981,0.0
0.04777857798780594,0.002768306463639958,0.4376236407206815,0.40949277922086313,0.5099080606356752,0.5607735112388708,0.5379250523212925,0.3028666288909561,0.3466078985273053,0.7152251945151309,0.34725219298316234,0.0,0.461089959325387,0.38249204134891296,0.5623692761270515,0.33162215537432416,0.4179071918986637,0.3192027580733718,0.3549512323161426,0.47311703780399855,0.0,0.4090729748515665,0.23080630233341873,0.49969859363333047,0.3080047042317408,0.3412813151948617,0.3467869404872677,0.5102245169201145,0.31115623214442845,0.43223362496459117,0.28782064901953675,0.0,0.0,0.0,0.0,0.36811619681745694,0.0,0.0,0.0,0.0,0.0,0.0,0.0,0.0,0.0,0.21386404726668232,0.20416226795508885,0.42738788928499527,0.0,0.0,0.14496417635643538,0.10432231933637642,0.25431041150117284,0.4325762109787442,0.7051410754176537,0.3653336436258705,0.9084559744580751,0.07246944408311928,0.20467914580651533,0.5346675653443361,0.0,0.4530569147191335,0.4961652303840901,0.31477232944951894,0.48581705917056484,0.0,0.5127437207724317,0.3345631073938442,0.3489082175733068,0.16898642093357827,0.3494158646137499,0.050313896582602824,0.3525172767531737,0.0,0.4010503049382117,0.0
0.26588394376046287,0.197983397491176,0.4862346578795127,0.39047201410094867,0.587715691510827,0.6396339126900776,0.413653020943171,0.4092350161023653,0.5825148590685125,0.35890555634098587,0.451671067790653,0.461089959325387,0.0,0.2960314202441588,0.4242304290938048,0.6033021950931289,0.3076568858443941,0.43529128138565937,0.31944348635170294,0.6604353289709196,0.213564343699349,0.5583174115089108,0.4497401427268906,0.3214810626087913,0.18574118487018604,0.4904453613619833,0.3566971671601071,0.8510961813050549,0.6271454898607192,0.5820783988206527,0.5061615372024628,0.0,0.07036074350050507,0.25333434521237574,0.0,0.5069925791045744,0.1408326972656201,0.028428054960737498,0.0,0.0,0.0,0.0,0.32750993410201396,0.12274021172037618,0.008661203525190092,0.3010896776083306,0.11917333169548586,0.5023196093772007,0.17710516017894304,0.44238003387879754,0.5339190861394353,0.5246901736547128,0.2990849030009466,0.6268870920353518,0.43516466669218123,0.47213723393909474,0.49141867585075544,0.6708243800402723,0.31942885639327667,0.42275735514834917,0.08223617913174808,0.5826255498054415,0.4813413742655167,0.3928094572046395,0.618245448219126,0.26669025319709533,0.4746352566189606,0.4939491072429917,0.2900763320041911,0.13057983424924458,0.30788106045369623,0.3690416916757413,0.711727701081966,0.38414708770827694,0.5219808955638376,0.24419764087026874
0.0,0.09226106640819504,0.5514047730833864,0.28975477415451334,0.5193818789363467,0.4549247423766031,0.22776352632423338,0.34855142446586185,0.3827590708567953,0.09710857902230473,0.5559162640345552,0.38249204134891296,0.2960314202441588,0.0,0.3322836774660478,0.23588641928657306,0.0,0.06350343343288284,0.45206501775415064,0.4024076068871323,0.0,0.27377079012269623,0.4662348975546843,0.1696396273594518,0.0,0.17601443129925307,0.3490241470028079,0.3027737757321004,0.09879196944006938,0.15120787274030742,0.10172125399808368,0.0,0.0,0.0,0.006811370710522666,0.24091543928925377,0.06243200717582363,0.0,0.0,0.0,0.0,0.0,0.0,0.0,0.0,0.0,0.027970040378657593,0.5044924673309967,0.0,0.15060322939548518,0.20362122611671535,0.028616732295105793,0.30734010403952605,0.41287107024179726,0.24889815989925618,0.5287570997869754,0.40544857003149853,0.06969530642708417,0.4672957253326536,0.316906111344305,0.0,0.09693129575491348,0.0,0.4302098454258657,0.33011465630273623,0.0,0.14981308088741482,0.44888988286286785,0.1299018433963497,0.017564296928169118,0.08728848390517457,0.29897381551817503,0.1119972296535181,0.0,0.0440048410504015,0.0
0.31695667114654397,0.0,0.6428414459781401,0.26615397757077897,0.41967125456983473,0.4488476264057902,0.2828077935715184,0.4303601303242644,0.4718985662147935,0.32341376679096473,0.6303783565408441,0.5623692761270515,0.4242304290938048,0.3322836774660478,0.0,0.39766602658949335,0.07972555397524164,0.19513214920144129,0.5727441220965641,0.7507317282042456,0.10486065195812228,0.7545286760506,0.5544220891417729,0.4649271476857565,0.21011040961173233,0.25644806949544297,0.4819875214228605,0.560518941114373,0.38615647237233214,0.5564894074622969,0.4933711677355632,0.0,0.0,0.0,0.0,0.23852878528425028,0.016619313626845697,0.0,0.0,0.0,0.0,0.0,0.0,0.0,0.0,0.29783260047829563,0.3898592655712067,0.6417951076816983,0.0,0.0,0.31444686575809755,0.1337289664294758,0.40835728484405986,0.5335004976630925,0.3152994101296715,0.6086612897327675,0.5713575376362787,0.2048209850699582,0.2288895612195701,0.8819644029186745,0.06906095458561842,0.3548226451327312,0.45983550320085176,0.5738116766693936,0.6749896924895167,0.2319753447993843,0.7540464976398362,0.5949020051791827,0.3702620685882683,0.32094451458952644,0.4468138103352972,0.1880059159087561,0.5134008681463028,0.1403604044246882,0.509064118317372,0.22074946910694937
0.3303190811352904,0.1483508590729053,0.5166619820071396,0.23010666999740687,0.3593566889295797,0.4589880521356827,0.22387520076941608,0.2634514034403049,0.5009813550947856,0.31242620563466056,0.4454587476550632,0.33162215537432416,0.6033021950931289,0.23588641928657306,0.39766602658949335,0.0,0.32540623123024803,0.6707785631196513,0.39709835249915804,0.5536324925433297,0.17881894953415844,0.5501488322608136,0.46899061609175674,0.44190144935345993,0.25934959487658055,0.4376772941619638,0.30602592586266675,0.6255333550464799,0.4962913633274258,0.5822976323802294,0.6186636558582339,0.0,0.14796696836286602,0.27631416699077116,0.0,0.385519534073725,0.1850237509851966,0.0,0.0,0.15368309644998684,0.0,0.0,0.1474933167331398,0.10207108295621867,0.0,0.2549311118706742,0.135577282719659,0.5138285662424397,0.18522873898391667,0.2967599004750219,0.4286319398590094,0.34072347352069354,0.18244422302440338,0.5068694029907964,0.367066972548622,0.3933950272965828,0.3466753143524003,0.5330996504731428,0.13678349385138858,0.3941503246393515,0.25117697342158946,0.5734157623190597,0.5372763008166817,0.44222948227305203,0.48688522004063534,0.18008033953210922,0.44559996190254203,0.4078232450613507,0.26803169211345584,0.31422829598113394,0.35402366783067424,0.2707529911161206,0.6302868097130019,0.3861533133116201,0.5017910505701778,0.26685825438171695
0.1336159804453678,0.4251878008255907,0.0,0.2039739100697413,0.0,0.30624546897994587,0.2139434160657792,0.03614992266836867,0.0,0.7873780378454192,0.0,0.4179071918986637,0.3076568858443941,0.0,0.07972555397524164,0.32540623123024803,0.0,0.6990511687982035,0.0,0.1065160056251902,0.1953150430229778,0.24711567130767867,0.06527731223081681,0.44225271358379775,0.6403194535368792,0.5857905549846311,0.0,0.23647541081986054,0.3975369218130785,0.10979789960422855,0.052544076852623633,0.04369280291975283,0.17722377843911313,0.0,0.0,0.44584177328598934,0.27738461887378063,0.12231608638100375,0.08340718020712491,0.08991346935480837,0.1867205951861736,0.0,0.2850551286480815,0.0,0.1594098397506334,0.08359936184251418,0.0,0.0,0.36407739885649293,0.0,0.3970506802356346,0.07984418209803931,0.0,0.05896766856869476,0.4606666827394835,0.0,0.2353701969305017,0.16737239517446864,0.0,0.13088906286089247,0.48616162952731656,0.47316293805760096,0.5361747178961269,0.0,0.12741302117016898,0.09064806639878947,0.04604761312395905,0.09300214342744584,0.17984924584869222,0.07131241874883332,0.08102511440538351,0.1384551582021134,0.15256461548327277,0.25827005969495087,0.21968048020309044,0.3130033001854052
0.0,0.3392229929055869,0.27409469785338275,0.22603235099959113,0.16620390894286777,0.32989532499480223,0.28438538480925096,0.13847767685610649,0.21797385859967927,0.5824411037627621,0.16937561253771194,0.3192027580733718,0.43529128138565937,0.06350343343288284,0.19513214920144129,0.6707785631196513,0.6990511687982035,0.0,0.19919214750147254,0.3784960127042889,0.12840372973329797,0.46003342902382344,0.2654738729466102,0.3090386037227651,0.5952139623274653,0.5495623127502404,0.045809463036729725,0.3546609545799521,0.4537062758711362,0.30327287726267604,0.28716620761556183,0.0,0.06522553701699318,0.0,0.0,0.3746538223397882,0.23641071120035137,0.06733610583081705,0.0,0.0,0.1071761639567762,0.0,0.13274290025299695,0.028999893065448062,0.0,0.0,0.0,0.2101533534261366,0.3178581613208036,0.08246688388811085,0.4233981847660056,0.19925130238380817,0.0,0.31314885885543287,0.3238866371495998,0.05431346494855466,0.18338866202221987,0.30141909847899595,0.0,0.20571269048444366,0.46560900401197935,0.44611991252448435,0.6064244600555162,0.19359422969879397,0.38882520627198475,0.01944777454586688,0.2581318792360874,0.16714681247369473,0.04360239251107356,0.23431910509536208,0.15859154972704953,0.2788790466568839,0.3403254321079688,0.3707261467685741,0.3175548079333417,0.2883752057138449
0.0,0.0,0.8255221820562495,0.35442517249128064,0.539671818143426,0.5122428832365864,0.3673255310787563,0.3220383270362941,0.7012878129408412,0.07195751712548279,0.8444824131388623,0.3549512323161426,0.31944348635170294,0.45206501775415064,0.5727441220965641,0.39709835249915804,0.0,0.19919214750147254,0.0,0.6289373342982914,0.0,0.44728477150372026,0.5099134828764866,0.15316829245138142,0.05320669368358816,0.035556886471222904,0.6374953831171527,0.38193063474060146,0.15304021829909217,0.45033399652535944,0.295310958659395,0.0,0.0,0.0,0.0,0.08104426046455399,0.0,0.0,0.0,0.0,0.0,0.0,0.0,0.0,0.0,0.08178294648012578,0.3608387621790696,0.8089841212877396,0.0,0.06044998948387326,0.2836789115860012,0.12393466899948116,0.2449952615771637,0.6462847472138149,0.17466852018598034,0.7890863237867654,0.38618616131966466,0.10132554283404438,0.24277579224212648,0.46791056540500275,0.0,0.27310128411893125,0.2739269365896555,0.9214659591503382,0.6251961995783064,0.0,0.5634319378316215,0.4123041225269257,0.11264589374211079,0.2641743317857559,0.3295966001117519,0.1923270193510479,0.3242505094861214,0.0,0.3994757680382768,0.0
0.18975927973168527,0.0,0.7883777099160048,0.3525285751287033,0.5744768180331142,0.5853887113836965,0.3516068091849072,0.4650588752171442,0.6870694612578261,0.2694152027087795,0.7211563411709498,0.47311703780399855,0.6604353289709196,0.4024076068871323,0.7507317282042456,0.5536324925433297,0.1065160056251902,0.3784960127042889,0.6289373342982914,0.0,0.07196294310537282,0.8004125277498458,0.672248282745932,0.3538791221966083,0.216301959391847,0.3301801804270324,0.669117800945823,0.7533944610553684,0.5208073374683728,0.640838209918152,0.6000781080219431,0.0,0.0,0.07826210816032383,0.0,0.33227539823302654,0.07566728146061616,0.0,0.0,0.0,0.0,0.0,0.04607589279520133,0.0,0.0,0.2778554828354834,0.356416575458523,0.7875941933842305,0.0,0.17389839892242195,0.4565549150078605,0.31252068542160544,0.42704683511868274,0.7316987136965082,0.3599027262544084,0.7247968246586316,0.5181425003824557,0.4135153291047554,0.3067222343316845,0.6820719658014647,0.002460357827121229,0.45165817488762816,0.5125433352284854,0.6269497315366672,0.8781419633397405,0.12448899582010481,0.7278611203247232,0.6703515988097121,0.3182746618878642,0.32310679983605645,0.45629586294083335,0.4261345365006326,0.6850605906313418,0.3040316564631945,0.5565667246529784,0.19988465859651117
0.5767972994596582,0.43937288720403456,0.0,0.0,0.0,0.0,0.0,0.3313002815607697,0.0,0.17440822063184308,0.0,0.0,0.213564343699349,0.0,0.10486065195812228,0.17881894953415844,0.1953150430229778,0.12840372973329797,0.0,0.07196294310537282,0.0,0.2944142057462563,0.2408263340839115,0.44484366048296914,0.24167362800109687,0.3739618461148586,0.0,0.1606687308566367,0.5198652648466812,0.11714645983067828,0.38295312163401096,0.5688978649221212,0.41447068848059887,0.3325179047152035,0.13229617582659428,0.3265670693252739,0.16372250632270519,0.5083014638111356,0.5531241104593407,0.33410498131641964,0.40918932400440766,0.18546069974390778,0.3929679469365257,0.16273817425824202,0.4982607226997563,0.3716505113960541,0.0,0.0,0.33426467533060933,0.24862566715612575,0.369563564833642,0.3110664330528205,0.40434568519517095,0.0,0.023634855583684722,0.0,0.0,0.4303643846017524,0.08791566222503008,0.22229581372703208,0.32043963338030873,0.0,0.010429225392252495,0.0,0.08097478871310243,0.8326815800287045,0.0,0.3327215963293331,0.3632552355693577,0.0,0.0,0.23168215432515363,0.15514429429550558,0.6446853744906227,0.09024852254925333,0.44068673607880793
0.27459251855651223,0.4239082625081192,0.6075327393880352,0.2507680823112145,0.36545057879142867,0.31766564779260315,0.23859286354537146,0.42403541917474363,0.43468041190061574,0.3337725551762757,0.5857145161447346,0.4090729748515665,0.5583174115089108,0.27377079012269623,0.7545286760506,0.5501488322608136,0.24711567130767867,0.46003342902382344,0.44728477150372026,0.8004125277498458,0.2944142057462563,0.0,0.5130118832704138,0.40818235934584307,0.2893642336452645,0.5517133030790994,0.3046207546294285,0.6688236983998835,0.5992614513172285,0.4261542168244882,0.5593506347140789,0.0,0.0,0.12157894307744092,0.0,0.5430503092846934,0.37798268345922154,0.0,0.0,0.0,0.0,0.0,0.2730162885810009,0.10976082902274953,0.0,0.11565855867469055,0.0,0.5567582548079846,0.0003477738314929396,0.15480713439724875,0.4096514969569557,0.14843141388122472,0.37028543550857324,0.5348262421138377,0.16219725320123604,0.5391437617127269,0.3371103265691863,0.3713145052062412,0.3247381107098726,0.7408439383241523,0.277746412830836,0.3130811790401253,0.4546328848274469,0.5035307267337201,0.736176179489456,0.2894977013777117,0.5745893048820366,0.5266154762821929,0.26635225477019225,0.09962368494420631,0.14998774723221558,0.519042632601464,0.5581145045495938,0.36739000869649063,0.4109997413538474,0.3432091048880864
0.2071480436546999,0.05387081375082997,0.6726663187084905,0.17656359058832471,0.2821043905514255,0.653849059438506,0.14904223742159506,0.662329924128163,0.454741486988706,0.11502761649171572,0.644769788504142,0.23080630233341873,0.4497401427268906,0.4662348975546843,0.5544220891417729,0.46899061609175674,0.06527731223081681,0.2654738729466102,0.5099134828764866,0.672248282745932,0.2408263340839115,0.5130118832704138,0.0,0.4567735059135208,0.2934359188675781,0.4013379513228551,0.4973400259815793,0.4477265886622023,0.45111427413748595,0.4729139600818857,0.45440964903513303,0.0,0.0,0.13771240462422593,0.04162754588541655,0.22277467675157334,0.055268698950317344,0.0,0.0,0.0,0.0,0.0,0.07441496832650027,0.026533853897551668,0.0,0.27517203602757495,0.2482954487545678,0.7010890790736541,0.026138110667322176,0.13079546947204024,0.6631846085888711,0.15505992646575315,0.6469494242414859,0.4679068442165835,0.23782156197715196,0.5593505907814567,0.270331619032098,0.3594532395667192,0.27491753264560825,0.5482325209113806,0.018975530667254048,0.3039863304784742,0.2832764171429262,0.5528660268992398,0.5776427982312551,0.2690547776341272,0.46305127008306607,0.8738584369664798,0.4026973568599217,0.3990659129978144,0.461889329951992,0.3889433628282866,0.3986906315519365,0.32854302591522333,0.34433193779300625,0.20290715431759124
0.5553435682874419,0.15669433946847341,0.1754693060565739,0.05200899443762928,0.1406312996306106,0.46490153522244587,0.16069688599176557,0.46965668211741585,0.1723211181697449,0.5744549952615965,0.15927629529482384,0.49969859363333047,0.3214810626087913,0.1696396273594518,0.4649271476857565,0.44190144935345993,0.44225271358379775,0.3090386037227651,0.15316829245138142,0.3538791221966083,0.44484366048296914,0.40818235934584307,0.4567735059135208,0.0,0.4922356977744369,0.5404912768191126,0.1048153444552885,0.37146922091309986,0.45110402269676997,0.4829863059406891,0.5496248289678692,0.05592242970285599,0.34088608280292615,0.18930014160824638,0.060666094819141064,0.24646183253880835,0.0,0.0,0.07441604423719078,0.34032762276575357,0.06088848245475523,0.0,0.10788722996689432,0.0,0.1913038622754954,0.544635376219663,0.18240488179154335,0.23071496606081263,0.06228663442512492,0.0,0.3822920980419007,0.2536419157414478,0.48199887292892757,0.24965318178125828,0.6021733286793739,0.16967164638467136,0.44283283150475033,0.2970113307867397,0.20699737933775636,0.48262212258941306,0.16851524261885484,0.42087176958512973,0.40786311236770284,0.213784557553571,0.26996901818120145,0.5708323088008911,0.40639708235084077,0.49902299783281123,0.7645114820930601,0.46513926323857446,0.47655353990917537,0.0,0.36841123221091554,0.22965979294046956,0.3745221645786717,0.2803802284303734
0.26815169476230594,0.24185847341177824,0.08185264916104767,0.1511356677075616,0.03741397684606712,0.3539843885853812,0.2431287857842124,0.15538447073657646,0.0,0.6457125504488236,0.0,0.3080047042317408,0.18574118487018604,0.0,0.21011040961173233,0.25934959487658055,0.6403194535368792,0.5952139623274653,0.05320669368358816,0.216301959391847,0.24167362800109687,0.2893642336452645,0.2934359188675781,0.4922356977744369,0.0,0.5343985257424959,0.11551530442991259,0.06402728531556429,0.4791682922333565,0.14941138496573045,0.12590651532822916,0.12803406519331656,0.10103246337286517,0.0,0.0,0.1834935051889099,0.026725883834794753,0.08525891797572752,0.191741047465145,0.11746935639592199,0.2987632556209386,0.009528995005143745,0.0,0.0,0.05040843848362686,0.2785921897694553,0.18783751412860245,0.08546282653265849,0.040773052464136504,0.0,0.46042697064316856,0.06363368034176412,0.13065753356924914,0.13914493549324103,0.4593315800114289,0.0,0.21667417756557744,0.08684904630127982,0.0,0.20338797995986224,0.4789258144796542,0.3000630604958171,0.5032805154034525,0.07021644749241174,0.24859095902831063,0.1971421289116844,0.28767605792870576,0.27750999227322365,0.2879377194108413,0.5786561344110082,0.4157012829068926,0.13873214771148085,0.11382854571857501,0.37567600361583153,0.17012695575036396,0.37905416199313924
0.2478621417965431,0.7194496370741195,0.14321873468769186,0.0,0.14632178683691704,0.347986369898421,0.0582545043389153,0.5337743776995949,0.21031455434962099,0.48626122835825364,0.19199661522617337,0.3412813151948617,0.4904453613619833,0.17601443129925307,0.25644806949544297,0.4376772941619638,0.5857905549846311,0.5495623127502404,0.035556886471222904,0.3301801804270324,0.3739618461148586,0.5517133030790994,0.4013379513228551,0.5404912768191126,0.5343985257424959,0.0,0.0,0.4044958011317666,0.42220960220180265,0.08196938013983343,0.36057507131726463,0.18907689844976186,0.34140873627289225,0.38100735686938403,0.03683756624447235,0.5290065408802069,0.24025689728058855,0.17279037354699542,0.14917930896094878,0.18616454624922013,0.1917638775665799,0.0,0.3202726722197057,0.007076044330110345,0.23246121219558447,0.12362375173067192,0.0,0.10117454406014523,0.16122717674460157,0.21789113113679354,0.482458170654979,0.18011827920475862,0.41619552226234946,0.322302879644064,0.3255979434067212,0.12714633455555815,0.24872223434205348,0.3883451389304983,0.25258391355218607,0.3750554007857851,0.1835704937116282,0.3134399536810942,0.2565780423248624,0.09183108550666347,0.30604801643012175,0.36240587609282154,0.10670139316288846,0.3823727818102622,0.4033985654469662,0.08546930434165523,0.18432928121791237,0.4918038402001009,0.29328889019122795,0.2734164953033827,0.0,0.10493752328082731
0.08669619705237597,0.0,0.683672683995857,0.1705227505091633,0.5351656173532796,0.5926476225638513,0.3684690291255356,0.23242903776532942,0.7237179483871728,0.03755386983360326,0.6404190187541166,0.3467869404872677,0.3566971671601071,0.3490241470028079,0.4819875214228605,0.30602592586266675,0.0,0.045809463036729725,0.6374953831171527,0.669117800945823,0.0,0.3046207546294285,0.4973400259815793,0.1048153444552885,0.11551530442991259,0.0,0.0,0.377139997785369,0.11878113058225992,0.465153809304637,0.3084139658405922,0.0,0.0,0.0,0.02555192844351384,0.0,0.0,0.0,0.0,0.0,0.0,0.0,0.0,0.0,0.0,0.31848704982375525,0.7168871736422715,0.7326200524729323,0.0,0.0,0.20716150117425464,0.2574051801350139,0.22659886634691107,0.6446904095945393,0.3321885057571592,0.6998202163193162,0.46601994316461426,0.12056257397537212,0.07250160423115463,0.3286081290678469,0.0,0.35842992346162245,0.3295642845975181,0.5355358305267228,0.6234103628532777,0.0,0.6497784587950048,0.4001481084650345,0.2002409272522227,0.5404070863638923,0.6579809175060173,0.2532255561064438,0.38671809543008806,0.05898106594182534,0.3505847359837856,0.0
0.28772618493797464,0.15626328342671977,0.5941038857745122,0.33151788255908154,0.6014912150076996,0.5175870903617601,0.23328904519839666,0.3285857176960831,0.6277812431052526,0.29857064489867025,0.5489588245461368,0.5102245169201145,0.8510961813050549,0.3027737757321004,0.560518941114373,0.6255333550464799,0.23647541081986054,0.3546609545799521,0.38193063474060146,0.7533944610553684,0.1606687308566367,0.6688236983998835,0.4477265886622023,0.37146922091309986,0.06402728531556429,0.4044958011317666,0.377139997785369,0.0,0.5690024534442404,0.6936867843127891,0.6130979436230369,0.0,0.0,0.21684185398941572,0.0,0.5158464551588795,0.19697210694623063,0.0,0.0,0.0,0.0,0.0,0.2860525805293116,0.07779270319158173,0.0,0.28864811821780834,0.13460208025607268,0.6007163779543545,0.11838168030199034,0.4035148110070565,0.4586096076446333,0.3714727355734052,0.26665715198677836,0.677329807054033,0.4320204266994203,0.5860394151647206,0.526501863141196,0.6748747317082592,0.3723506760286944,0.543918823900928,0.08874732185513581,0.615244543264972,0.5077853548389717,0.43299911817587966,0.677650194638064,0.22462530496078204,0.5242926491784443,0.532168789753075,0.3343935420490808,0.07188859419891533,0.2856535408626225,0.35082369199994423,0.845463326851396,0.33941214504178074,0.6433046924472807,0.23199281563253807
0.3833145850582745,0.27934518500787175,0.3856936913683255,0.42024408339746977,0.2647843797993279,0.4352940042321278,0.32783200532075235,0.2107507652669666,0.256957785583384,0.46746838743153085,0.24772193649133337,0.31115623214442845,0.6271454898607192,0.09879196944006938,0.38615647237233214,0.4962913633274258,0.3975369218130785,0.4537062758711362,0.15304021829909217,0.5208073374683728,0.5198652648466812,0.5992614513172285,0.45111427413748595,0.45110402269676997,0.4791682922333565,0.42220960220180265,0.11878113058225992,0.5690024534442404,0.0,0.40036790045155257,0.4142537093593238,0.0,0.12005336046328052,0.12894511417531906,0.0,0.5202786823356137,0.27300207571443746,0.17440907745565304,0.0,0.0,0.11193627598609021,0.0,0.32676485321689686,0.0,0.10608028693232013,0.29459664941336794,0.0,0.40997674648559246,0.2742225890950168,0.23830022434987172,0.5805562669523435,0.3229052650658592,0.21912476649747303,0.362938256310118,0.32651043828215043,0.2380230551738538,0.2573142191647983,0.5099405737958758,0.18715018901174849,0.4104258204304734,0.4986270550483981,0.3540090819917562,0.48282784778006776,0.27790119680356223,0.4945625949808674,0.3952985923742298,0.3676464783289972,0.5295608625292596,0.23351127837784433,0.20025936927322838,0.12681539306175882,0.40526251851093137,0.46138870539718024,0.7122681726795339,0.429057819281225,0.5442388998115293
0.41576826080016316,0.0,0.5176518018899201,0.3490996147538131,0.41092057600432863,0.5201114000067588,0.311933842274595,0.27527412198009904,0.5122361679295204,0.2764230796966202,0.4476374235026156,0.43223362496459117,0.5820783988206527,0.15120787274030742,0.5564894074622969,0.5822976323802294,0.10979789960422855,0.30327287726267604,0.45033399652535944,0.640838209918152,0.11714645983067828,0.4261542168244882,0.4729139600818857,0.4829863059406891,0.14941138496573045,0.08196938013983343,0.465153809304637,0.6936867843127891,0.40036790045155257,0.0,0.605184243520138,0.0,0.037760667550331944,0.10501900280886212,0.0,0.10333484914878137,0.0,0.0,0.0,0.07018506169850033,0.0,0.0,0.0,0.0,0.0,0.4830462163040795,0.5143454476770337,0.5663457184152213,0.0,0.09843945594299042,0.28551117881206695,0.3191483484193344,0.2476835284547242,0.4852940221063434,0.5552258300405056,0.45902216029366094,0.5262900597231527,0.500746673748544,0.045119874527421555,0.47237465226965814,0.04305556173588121,0.5586704434703716,0.5287313960237737,0.49360894618787166,0.5285623344769664,0.23781133212121036,0.669646270585234,0.5015837763065378,0.4191148203412107,0.45338348015082386,0.614463624526427,0.0,0.7521223684372393,0.23659419509007598,0.8544944038766094,0.3094396115258719
0.5295836767375524,0.07431225521412238,0.39594254263270223,0.026594178769528437,0.33719399728775895,0.2814538227580055,0.2471737271600259,0.41064545904967653,0.48798304854682717,0.24417509670604104,0.3915554365734728,0.28782064901953675,0.5061615372024628,0.10172125399808368,0.4933711677355632,0.6186636558582339,0.052544076852623633,0.28716620761556183,0.295310958659395,0.6000781080219431,0.38295312163401096,0.5593506347140789,0.45440964903513303,0.5496248289678692,0.12590651532822916,0.36057507131726463,0.3084139658405922,0.6130979436230369,0.4142537093593238,0.605184243520138,0.0,0.04643993531997612,0.18918917806967264,0.4380450504123789,0.2986872728307842,0.23485855688282806,0.00517697693776617,0.0,0.0,0.20780625078538204,0.0,0.0,0.18257463423667067,0.0,0.09468169363715034,0.5383054169865633,0.20441996403758464,0.4165310798857614,0.0,0.2645267772372964,0.2488898712555509,0.5199329224519675,0.4385909398527019,0.49943051983787223,0.3630461630344553,0.4212025851618161,0.40808443076699064,0.5643259806238212,0.2835828131247874,0.5191326026648063,0.0,0.3848054546388356,0.30821015498256144,0.3721939981654592,0.567883361288231,0.48363299501830914,0.5323334112895213,0.4550434824310988,0.5206623997779589,0.34561062239691853,0.3870244277335913,0.27832792267462797,0.6412964397143728,0.4058924558237389,0.46297659142727854,0.2267366093634455
0.3181667790807005,0.3611438503760824,0.0,0.0,0.0,0.0,0.0,0.12875063496067768,0.0,0.0,0.0,0.0,0.0,0.0,0.0,0.0,0.04369280291975283,0.0,0.0,0.0,0.5688978649221212,0.0,0.0,0.05592242970285599,0.12803406519331656,0.18907689844976186,0.0,0.0,0.0,0.0,0.04643993531997612,0.0,0.4246492185154938,0.3313739558143833,0.23838623951304538,0.0,0.0,0.45291648522799227,0.8726546835003416,0.38020607631895353,0.5018101557773315,0.41974661200013896,0.2283490318251426,0.0727271890859468,0.5281280589595583,0.1304803689406046,0.0,0.0,0.0935512898983297,0.1334462289376655,0.027018298384097916,0.219386766016438,0.19784437253099063,0.0,0.0,0.0,0.0,0.050466540487305894,0.0,0.0,0.10600208503310284,0.0,0.0,0.0,0.0,0.4869945246731012,0.0,0.0,0.11062014437287233,0.0,0.0,0.0647175260996829,0.0,0.319451757972656,0.0,0.18013709621630056
