0.0,0.0,0.28867621025608986,0.0,0.0,0.0,0.0,0.0,0.0,0.0,0.0,0.0,0.0,0.240114517275149,0.06685942639942599,0.0,0.0,0.0,0.1054876096527017,0.19859743668367108,0.1429315614132715,0.11225325110299811,0.0,0.0,0.2525262005339252,0.0,0.0,0.0,0.26532828416748366,0.0,0.0,0.0,0.17855050880389225,0.1445029992072182,0.0,0.4160077600181843,0.0,0.0,0.2705642755415497,0.4487171691132749,0.4765298719972996,0.20575741827991306,0.0,0.009641479092428962,0.32417115380041983,0.6652510611347042,0.3370058871555482,0.0,0.28297862758481646,0.0,0.47116239910650903,0.3382562313417907,0.0,0.21072829264671697,0.38307233398695506,0.0,0.124819572371705,0.36835194724556936,0.010461989616402156,0.22881986307104757,0.5798006764838837,0.4321334479550567,0.4693161085125694,0.0,0.6107367880448171,0.0,0.639766514667477,0.0,0.23781523199848822,0.5931380727142628,0.4057555048471608,0.30866528801491594,0.41963138729140437,0.6070890903233785,0.11458368351157036,0.48886501887075784
0.0,0.0,0.07265033176028018,0.7448599067440627,0.4357661146330012,0.7181763365172231,0.7290036223451037,0.31704793021613425,0.5694972568633869,0.6843812040222795,0.0,0.5433944508388207,0.6756064060667314,0.0,0.3497496357660933,0.8615700448466077,0.8081477128834643,0.7949067924898117,0.11235602885894794,0.4138978359228304,0.39074846780165823,0.6514843846754623,0.3159293938424905,0.21309069575509643,0.6780687949797336,0.6959685403507744,0.45053361393577473,0.7580448104217421,0.17393666313236938,0.6100748206908757,0.39741938811615773,0.39651835323508694,0.07347842653494968,0.0,0.0,0.0,0.16156139102771755,0.0,0.0,0.0,0.0,0.0,0.1627620353100318,0.34063344657530525,0.0,0.0,0.062104802246777946,0.5819289839212245,0.0,0.4196077809924287,0.0,0.0,0.582261392036715,0.0,0.0,0.13203634271180242,0.0,0.0,0.0,0.19252133692703752,0.0,0.0,0.0,0.41475090509249923,0.0,0.47991709536993216,0.0,0.5037258709017106,0.0,0.0,0.27978847600248513,0.0,0.0,0.0,0.0,0.0
0.28867621025608986,0.07265033176028018,0.0,0.0,0.0,0.29332249476752115,0.0,0.03136602440594077,0.08043450186470313,0.22320753626418002,0.19650639606035752,0.3038781172398962,0.05088108793534363,0.0,0.6700584672712988,0.12335670267687167,0.1621003982307917,0.2467447862141937,0.6944453775813137,0.5995662899641352,0.5904639404419456,0.3869478716732151,0.514504521672098,0.0,0.2544729585677179,0.0,0.6438327715121506,0.18405256571803966,0.48558029814707887,0.29396271983888334,0.06446220307413894,0.0,0.04622976493753664,0.0,0.0,0.0,0.2893036203399306,0.0,0.07559315770789732,0.13096537893088755,0.08675723673999232,0.0,0.0,0.24615416835794063,0.0,0.4454458343866392,0.5454851975084032,0.2064803087744309,0.10129861100115718,0.04957083955741182,0.370095512403593,0.033824128534563735,0.0,0.08480214331388025,0.5200548796798656,0.13504581049640968,0.25410600152693563,0.15612619234478575,0.0,0.49079117085312374,0.22366826851489535,0.537400043456625,0.4420550217550887,0.4582134978464961,0.20618652101691382,0.16964296108783972,0.2503493096393219,0.13303917859645992,0.0,0.30902502882532357,0.25520302366875414,0.2145754314760423,0.30347013981197885,0.2681236377238195,0.0,0.17951977335158506
0.0,0.7448599067440627,0.0,0.0,0.6320482617270348,0.4211073009922194,0.8273345564829337,0.3926204851724649,0.47995629804922796,0.6503605995432037,0.13665074907543667,0.44340863603389485,0.51629678106161,0.0,0.2184602024119701,0.6598299381142045,0.7535155160400389,0.5274433673432041,0.014414304529223695,0.19671888155489092,0.36197311008669886,0.4516406728837639,0.24580818116989347,0.22972116195524586,0.28980858641994806,0.39060838716666374,0.2778380684249393,0.8485587848271653,0.0,0.5211465634488215,0.47396599319167165,0.42946380973037557,0.1660204650609961,0.0943888506985384,0.17577223008676682,0.0,0.1858920962930412,0.10056949576721018,0.0,0.0,0.0,0.0,0.2475296982947546,0.2567564087985597,0.0,0.0,0.0,0.43896284440693967,0.0,0.37234503714440725,0.0,0.0,0.6802994616945025,0.0,0.0,0.2467755894420437,0.0,0.0,0.16783426070754212,0.03370820644775424,0.0,0.0,0.0,0.4293149981663268,0.0,0.5945983179969373,0.0,0.4305264324310656,0.0,0.0,0.0,0.0,0.0,0.0,0.0,0.0
0.0,0.4357661146330012,0.0,0.6320482617270348,0.0,0.22475526343069727,0.6744147201124251,0.27659584740108273,0.5456083792328574,0.2915070051449688,0.23801095561584285,0.11739817421946516,0.25808159113203855,0.0,0.0,0.2083224578506125,0.3762846537838762,0.16476723835181656,0.0,0.0,0.0,0.0574122399180772,0.1212394448178678,0.24224107018262508,0.016300829936010425,0.19474224884981056,0.0,0.40003431345394996,0.0,0.11811092117507077,0.11266828796944706,0.16210633036546024,0.04051303722080822,0.0,0.25338012605051485,0.0,0.0,0.17282926713535132,0.0,0.0,0.0,0.0,0.22438410264647796,0.04419081733607598,0.0,0.0,0.0,0.39281318941686977,0.0,0.3687539457793143,0.0,0.0,0.6022614653000824,0.0,0.0,0.17596743063373044,0.0,0.0,0.43230454768293813,0.0,0.0,0.0,0.0,0.09274665031136281,0.0,0.28313073983333154,0.0,0.493083819837396,0.0,0.0,0.0,0.0,0.0,0.0,0.0,0.0
0.0,0.7181763365172231,0.29332249476752115,0.4211073009922194,0.22475526343069727,0.0,0.5354042003966203,0.2430235573384038,0.6572852109479652,0.47046540124817426,0.0,0.39707247122508127,0.6976090483780082,0.0,0.4319500996895125,0.6567098164243368,0.6813076771967599,0.7281095174287473,0.38828489151041445,0.6123167526715376,0.4298243009906403,0.5795056874148306,0.5452536950067524,0.061488158519003355,0.5802539732173034,0.5025312089149743,0.6624948242057366,0.6016027414415273,0.4403909316038447,0.6015215801086269,0.16668450417038538,0.28162585909548477,0.0,0.0,0.0,0.0,0.13110722989820628,0.019365916862401744,0.07047989016822027,0.0,0.0,0.0,0.09821046187023377,0.2803936471461228,0.0,0.0,0.07658141067663937,0.5936840531954687,0.0,0.39942203056224307,0.065584636916029,0.0,0.3803505382845458,0.0,0.0,0.03203837014978134,0.0,0.0,0.0,0.35950225368951,0.0,0.0,0.0,0.44001674154118936,0.0,0.3486855270221561,0.0,0.5605991015519682,0.0,0.0,0.15931684288084624,0.09168296904020723,0.0,0.0,0.0,0.0
0.0,0.7290036223451037,0.0,0.8273345564829337,0.6744147201124251,0.5354042003966203,0.0,0.1576965046567069,0.6962360271686567,0.647125068829136,0.10602397688140863,0.2933933936505271,0.5375058844989122,0.0,0.18749798183417127,0.7595813916097438,0.8488235769022712,0.6770565085240867,0.03360210006996556,0.3294089906627567,0.25285559301387,0.571676599094193,0.13324940757835166,0.04522936197592112,0.3028445986666472,0.29789076062616393,0.33649661375653006,0.8037203074477122,0.20274078075275986,0.6184544160347241,0.5927496253025024,0.5119595743706811,0.0,0.025807507712888617,0.13332987996641998,0.0,0.17624145904926058,0.0,0.0,0.0,0.0,0.0,0.1749727811667052,0.1673810040456199,0.0,0.0,0.0,0.49113660081773614,0.0,0.42309765030647967,0.0,0.0,0.6036429020517498,0.0,0.0,0.1203766991788538,0.0,0.0,0.1610345846883672,0.20706018889224176,0.0,0.0,0.0,0.3848597017982516,0.0,0.6731980395097122,0.0,0.4667941203392109,0.0,0.0,0.0,0.0,0.0,0.0,0.0,0.0
0.0,0.31704793021613425,0.03136602440594077,0.3926204851724649,0.27659584740108273,0.2430235573384038,0.1576965046567069,0.0,0.0,0.14588953098841465,0.27082043960878766,0.49899200579239905,0.43614946465417403,0.0,0.0760919981565876,0.02791538342375026,0.20422239624534547,0.0,0.0,0.0,0.31965366788380606,0.0,0.499623388986711,0.42218020071223467,0.037835111491198586,0.4280344762713329,0.03825514218592063,0.32399214900039636,0.0,0.09574809127180572,0.0,0.05803622758192621,0.51066451843926,0.31348834732339853,0.15858033901896407,0.0,0.0,0.3707864100777273,0.0,0.0,0.0,0.0,0.337618800536123,0.05046223976999145,0.10384518745070367,0.0,0.11550697346224564,0.35747464513744615,0.030798295566895645,0.13272385030514097,0.0,0.0,0.7249430974918136,0.0,0.0,0.473841837571485,0.18498090113538537,0.04063887077165762,0.1408656327236612,0.0,0.0,0.0,0.0,0.28261230095601664,0.0,0.06728011344833373,0.0,0.3759053069875858,0.06804842823337184,0.0,0.0,0.0,0.0,0.0,0.0,0.0
0.0,0.5694972568633869,0.08043450186470313,0.47995629804922796,0.5456083792328574,0.6572852109479652,0.6962360271686567,0.0,0.0,0.405544197967033,0.30561539101207374,0.0479386653559872,0.31234250514538353,0.0,0.35379130093008687,0.5440897397108722,0.5977699681890556,0.6097166949609985,0.37398761092261557,0.4709373516772299,0.16102063548144935,0.558507469971142,0.28569946450518763,0.0,0.23319667055355195,0.16742874901301033,0.4060265554717701,0.49287234487419507,0.5124266349407286,0.5545490168528933,0.31286898565745824,0.35383480401648276,0.0,0.0,0.0,0.0,0.051422917184730355,0.03703996398938969,0.14602748349753747,0.0,0.0,0.0,0.0,0.07706040721698972,0.0,0.0,0.0,0.6465104332686912,0.0,0.4239773445948247,0.0,0.0,0.3447813160003976,0.09474917452136544,0.0,0.1313630807547702,0.0,0.0,0.0,0.5234769558602942,0.0,0.0,0.0,0.4385337651087895,0.0,0.5295995848048061,0.0,0.5637377180107043,0.0,0.0,0.024058338544571012,0.1101539252231476,0.0,0.0,0.19588695036896495,0.0
0.0,0.6843812040222795,0.22320753626418002,0.6503605995432037,0.2915070051449688,0.47046540124817426,0.647125068829136,0.14588953098841465,0.405544197967033,0.0,0.0,0.7010312425197703,0.3997989381380321,0.0,0.479053515528185,0.7723886437222915,0.7868953642086195,0.725652923965261,0.11634656983921643,0.3793471124576237,0.4599342027576472,0.6056349074803686,0.17984135385976446,0.28998208632636646,0.5113030241615093,0.5440383088591569,0.47294757997535586,0.7044495716304385,0.11225603268647374,0.4247341470445538,0.5827357665611276,0.3911898079037702,0.0,0.0,0.0,0.0,0.5420315234413076,0.0,0.006382931505107492,0.0,0.0,0.0,0.022800967322683524,0.45231332460848045,0.0,0.03409962904693542,0.0,0.3927405697249574,0.0,0.43668518401039025,0.0,0.0,0.485405103989877,0.0,0.0076710139470238525,0.13767247364186064,0.0,0.0,0.0,0.2507245361094297,0.0,0.0,0.0,0.3177676284314756,0.0,0.6479666451392059,0.0,0.405083283095521,0.0,0.0,0.2609967112426201,0.0,0.0,0.0,0.0,0.0
0.0,0.0,0.19650639606035752,0.13665074907543667,0.23801095561584285,0.0,0.10602397688140863,0.27082043960878766,0.30561539101207374,0.0,0.0,0.04539747356973253,0.03788797079398565,0.0,0.26447010655353814,0.0,0.06781882957553165,0.0,0.42346872919260825,0.049641277165236586,0.2733687399000805,0.0,0.202468671377078,0.0,0.0,0.0,0.12353127470058067,0.0692898382769242,0.0,0.14667011549527917,0.08489465237816105,0.0,0.057174509895692664,0.06900746789493797,0.08125505307632547,0.0,0.0,0.16070228323719776,0.0,0.0,0.0,0.05248440976654066,0.0,0.0,0.02301711604807924,0.0,0.04623690193999924,0.3227659441176903,0.0,0.14117410049170387,0.0,0.07807484469685166,0.23652380943522894,0.36240887256682863,0.0,0.6901694754037417,0.0,0.0,0.0,0.2087163808229603,0.0,0.0,0.0,0.42657244677402184,0.0,0.23046800101103573,0.0,0.14154956879589292,0.0,0.0,0.0,0.0,0.0,0.0,0.0,0.0
0.0,0.5433944508388207,0.3038781172398962,0.44340863603389485,0.11739817421946516,0.39707247122508127,0.2933933936505271,0.49899200579239905,0.0479386653559872,0.7010312425197703,0.04539747356973253,0.0,0.5161329918835355,0.0,0.3635148452360744,0.5170755554727228,0.5241365959968418,0.4801507652599133,0.13236956985957576,0.183848213689062,0.4778570959172814,0.32457177875015425,0.27445089434084713,0.43308440857243874,0.3264067338070568,0.6008778513364371,0.3981002053121226,0.5393763309721222,0.0,0.22773505740986705,0.2477053915122413,0.16287758080839018,0.3018594346290906,0.156730655948273,0.0,0.0,0.3960113659664033,0.07775183273607847,0.0,0.0,0.0,0.0,0.05678841325960621,0.3206946892146512,0.0,0.0,0.18820510017656394,0.2903507742463874,0.0,0.2399898280530842,0.0,0.0,0.5102671265503662,0.0,0.2919726791367594,0.3442463726079168,0.3080242238076664,0.0,0.0,0.0,0.0,0.10578951951401161,0.0,0.29361918064859593,0.0,0.3249702698499777,0.0,0.24594790987990667,0.0,0.0,0.2018789107605026,0.0,0.0,0.0,0.0,0.0
0.0,0.6756064060667314,0.05088108793534363,0.51629678106161,0.25808159113203855,0.6976090483780082,0.5375058844989122,0.43614946465417403,0.31234250514538353,0.3997989381380321,0.03788797079398565,0.5161329918835355,0.0,0.0,0.15958360201978264,0.6233813511067586,0.6554740151731562,0.6565527210482612,0.1418576429290395,0.2905292387804662,0.48204382501701426,0.37879600590360235,0.2976621690260134,0.11612497956499168,0.4829825263535934,0.5922537881627579,0.3974452816745733,0.6479679264307034,0.10436025499172552,0.42179288420545014,0.17299221533954867,0.25536458251743377,0.27276894544505,0.1685009106960416,0.0,0.0,0.10518984055399475,0.0,0.0,0.0,0.0,0.0,0.12804937436329664,0.1641276421206525,0.0,0.0,0.07608784943566482,0.47309819509176637,0.0,0.15019068449883682,0.0,0.0,0.44107182686713664,0.0,0.0,0.23919527523211997,0.0,0.06057959442589528,0.0004927122811815843,0.060368431593925104,0.0,0.0,0.0,0.3996038416850779,0.0,0.3130169348135946,0.0,0.2819398185168721,0.0,0.0,0.012663175755146028,0.0,0.0,0.0,0.0,0.0
0.240114517275149,0.0,0.0,0.0,0.0,0.0,0.0,0.0,0.0,0.0,0.0,0.0,0.0,0.0,0.0,0.0,0.0,0.0,0.0,0.0,0.0,0.0,0.0,0.11499392790315147,0.0,0.0,0.0,0.0,0.0,0.0,0.0,0.0,0.1704259075707605,0.038825470073630755,0.1071526578188567,0.7225683465721894,0.0,0.07556213089346386,0.0,0.6758705100716762,0.6876208241493922,0.5027209954058713,0.0,0.0,0.6759477052083994,0.0,0.11714494105206127,0.0,0.40514601952056806,0.0,0.49272542992737967,0.4934608737374271,0.0,0.5577278009093156,0.2406983722665258,0.0,0.38931018408559914,0.6207514143325374,0.314642903441051,0.0,0.4173422973636902,0.18598130000434737,0.1843092472537693,0.0,0.5159862998577945,0.0,0.4463550139866944,0.0,0.492687255436794,0.3774687242888073,0.0,0.22486027621130694,0.05826046405548033,0.5233556242073041,0.07112418388100805,0.36721513155656843
0.06685942639942599,0.3497496357660933,0.6700584672712988,0.2184602024119701,0.0,0.4319500996895125,0.18749798183417127,0.0760919981565876,0.35379130093008687,0.479053515528185,0.26447010655353814,0.3635148452360744,0.15958360201978264,0.0,0.0,0.4313567835431117,0.41827622801293673,0.41474741962421474,0.5593618247142687,0.7353996018129516,0.6356411015300839,0.6717202133993957,0.48692867373172466,0.0,0.2750862333655145,0.13235921704461504,0.6833274396838535,0.4787825624900501,0.4337698231266579,0.4762679648474295,0.34779904613176726,0.176001434274425,0.0,0.0,0.0,0.0,0.3507589080992405,0.043813281430477635,0.1551040775967184,0.0,0.0,0.0,0.0,0.310431870045856,0.0,0.3221979285080311,0.3707577676396918,0.33617603155330184,0.0,0.24786914224137302,0.0,0.0,0.1845363184894674,0.0,0.19566069424064897,0.21427603195376735,0.0,0.0,0.0,0.6848733213837992,0.0,0.2712968941028461,0.11061507412103977,0.5913199486203924,0.0,0.44099786820404907,0.0,0.38757640528163617,0.0,0.0,0.266693196843381,0.0,0.10249128697116056,0.0,0.0,0.0
0.0,0.8615700448466077,0.12335670267687167,0.6598299381142045,0.2083224578506125,0.6567098164243368,0.7595813916097438,0.02791538342375026,0.5440897397108722,0.7723886437222915,0.0,0.5170755554727228,0.6233813511067586,0.0,0.4313567835431117,0.0,0.8639444412530273,0.9012910783766428,0.14946697470774212,0.5627052222563754,0.5046508398556414,0.8203937275032349,0.10955608120918303,0.0,0.6467376225905382,0.5343083422784626,0.5466072698828656,0.7643037654137428,0.3556625811456423,0.6654933496655531,0.6422655173563088,0.5232065547269762,0.0,0.024948860694696096,0.0,0.0,0.3858963042011915,0.0,0.0790433940765462,0.0,0.0,0.0,0.0,0.30272419620443364,0.0,0.017354225548405766,0.0,0.44612256076155943,0.0,0.36449216986773847,0.0,0.0,0.3905863078502731,0.0,0.0,0.05293117544776052,0.0,0.0,0.0,0.33954710855740444,0.0,0.0,0.0,0.40133755026117046,0.0,0.6914777871904053,0.0,0.3226249939430138,0.0,0.0,0.14503954135170039,0.0,0.0,0.0,0.0,0.0
0.0,0.8081477128834643,0.1621003982307917,0.7535155160400389,0.3762846537838762,0.6813076771967599,0.8488235769022712,0.20422239624534547,0.5977699681890556,0.7868953642086195,0.06781882957553165,0.5241365959968418,0.6554740151731562,0.0,0.41827622801293673,0.8639444412530273,0.0,0.8580932149808405,0.2515302255641178,0.5319874835485416,0.5290575263539,0.6929855155193565,0.2694643359914138,0.08611180219006387,0.5381445823108163,0.4734120447994875,0.5507235891361233,0.8526455143900505,0.2897192665429069,0.7170341667509725,0.5781124653249131,0.45587629044280353,0.0,0.0,0.0,0.0,0.3228857641411247,0.0,0.0,0.0,0.0,0.0,0.10208012126131909,0.296192477830188,0.0,0.0,0.0,0.5411528130613694,0.0,0.4172329138758448,0.0,0.0,0.5374807712764381,0.0,0.0,0.15811345466218352,0.0,0.0,0.0,0.2739737457454264,0.0,0.0,0.0,0.517953964522296,0.0,0.6809842247134599,0.0,0.4242550354440501,0.0,0.0,0.021993299832170243,0.0,0.0,0.0,0.0,0.0
0.0,0.7949067924898117,0.2467447862141937,0.5274433673432041,0.16476723835181656,0.7281095174287473,0.6770565085240867,0.0,0.6097166949609985,0.725652923965261,0.0,0.4801507652599133,0.6565527210482612,0.0,0.41474741962421474,0.9012910783766428,0.8580932149808405,0.0,0.28705481962214396,0.5754036738350792,0.4926974297088332,0.7569468503046798,0.15797115821772037,0.049754828496018644,0.6816348037451083,0.5411652904645687,0.5686598895692999,0.7058420001677095,0.46839082380775265,0.6368351799649226,0.4809247130199611,0.4284322708550561,0.0,0.0,0.0,0.0,0.33108306503109125,0.0,0.12820140552815165,0.0,0.0,0.0,0.0,0.3065001389732168,0.0,0.0,0.0,0.4943690332881516,0.0,0.33721631779361916,0.0,0.0,0.2597462758656629,0.0,0.0,0.04561499126876106,0.0,0.0,0.0,0.39121153866899744,0.0,0.0,0.12159124071867733,0.45648273179889015,0.0,0.5747837169001668,0.0,0.2629384799725958,0.0,0.0,0.2003055846117854,0.0,0.0,0.0,0.017232340048757122,0.0
0.1054876096527017,0.11235602885894794,0.6944453775813137,0.014414304529223695,0.0,0.38828489151041445,0.03360210006996556,0.0,0.37398761092261557,0.11634656983921643,0.42346872919260825,0.13236956985957576,0.1418576429290395,0.0,0.5593618247142687,0.14946697470774212,0.2515302255641178,0.28705481962214396,0.0,0.6134417457774952,0.4598166494279676,0.3909992208421994,0.44158121870273137,0.0,0.19549280540911035,0.0,0.6106945989342455,0.26881742221630345,0.5130771930024451,0.4727148630045003,0.0971269230459521,0.12751589899003324,0.0,0.0,0.0,0.0,0.17677951069986192,0.0,0.13661278557947285,0.00968116304509585,0.0,0.0,0.0,0.02252705870226765,0.0,0.23560891466575937,0.32382046568336303,0.30516155956502994,0.049132166835549454,0.13980872321020366,0.24416442090093138,0.1087605181615145,0.02196102521911497,0.20744597271866616,0.18628662428933696,0.27976108169616265,0.008759440612483904,0.11465983366516078,0.0,0.5001371517234215,0.07867575514776633,0.30230689744258343,0.24885620239990003,0.6017474050476759,0.11594383790093771,0.19996642723472174,0.13460859616928839,0.18672725127951062,0.0,0.043337278764274595,0.07467921692526258,0.23910784282060366,0.19958096054115526,0.18688326845473505,0.0,0.0577326953129067
0.19859743668367108,0.4138978359228304,0.5995662899641352,0.19671888155489092,0.0,0.6123167526715376,0.3294089906627567,0.0,0.4709373516772299,0.3793471124576237,0.049641277165236586,0.183848213689062,0.2905292387804662,0.0,0.7353996018129516,0.5627052222563754,0.5319874835485416,0.5754036738350792,0.6134417457774952,0.0,0.6130995681260234,0.8687961225001319,0.4536335518448806,0.0,0.42226610482136306,0.06202635319842276,0.7982665559442451,0.5516217628924827,0.7376883626353071,0.723013641228371,0.500231422435371,0.3664440095808512,0.0,0.0,0.0,0.0,0.36330019756862025,0.0,0.28527613358183557,0.0,0.0,0.0,0.0,0.22501257367405966,0.0,0.4554606038730984,0.20767820838353374,0.33125115086709733,0.0,0.20374879716146455,0.0,0.0,0.05923625218045325,0.0,0.03700385155373226,0.0,0.0,0.0,0.0,0.6548340249009956,0.019127705127514494,0.19610082754430808,0.16527270142152303,0.5530989419063745,0.0,0.4637328093868978,0.036390295549102225,0.30306089569210615,0.0,0.0,0.12302405000739777,0.17971896341474497,0.1685499527505172,0.0,0.0023931944540130923,0.011170585858439053
0.1429315614132715,0.39074846780165823,0.5904639404419456,0.36197311008669886,0.0,0.4298243009906403,0.25285559301387,0.31965366788380606,0.16102063548144935,0.4599342027576472,0.2733687399000805,0.4778570959172814,0.48204382501701426,0.0,0.6356411015300839,0.5046508398556414,0.5290575263539,0.4926974297088332,0.4598166494279676,0.6130995681260234,0.0,0.6005736315704099,0.41451190656258746,0.026989268937662514,0.35783456195822505,0.26223463436651995,0.5886451368144949,0.599580225573608,0.35084938238827945,0.5730078414573156,0.47497161934974585,0.3108968325223194,0.24623606696119904,0.32096668983621146,0.001576485028619387,0.0,0.33015997127631286,0.08030361655927766,0.0,0.0,0.0,0.0,0.0,0.13980315778944385,0.0,0.2561511403445295,0.2914084888425435,0.3112017047184042,0.0,0.17677350958527388,0.0,0.0,0.317865356403328,0.0,0.17596665576604262,0.26841187179735426,0.0,0.0,0.0,0.40487140689237117,0.0,0.19452146438334106,0.15037527485236757,0.5948281189992215,0.0,0.6058078632711347,0.0,0.20145573145939688,0.0,0.0,0.1755342111829295,0.0,0.0,0.0,0.0,0.0
0.11225325110299811,0.6514843846754623,0.3869478716732151,0.4516406728837639,0.0574122399180772,0.5795056874148306,0.571676599094193,0.0,0.558507469971142,0.6056349074803686,0.0,0.32457177875015425,0.37879600590360235,0.0,0.6717202133993957,0.8203937275032349,0.6929855155193565,0.7569468503046798,0.3909992208421994,0.8687961225001319,0.6005736315704099,0.0,0.2466624195253115,0.0,0.494093286289635,0.2514754114543132,0.6666219447891986,0.6956531445338525,0.6121781317083004,0.7638977135082143,0.6951844113823736,0.5117418288603611,0.0,0.02834361283046108,0.0,0.0,0.4268339287472904,0.0,0.22505454781060474,0.0,0.0,0.0,0.0,0.3197692251305214,0.0,0.36867426124378144,0.055127538865842984,0.39892391394992327,0.0,0.2729187695033493,0.0,0.0,0.19862594533870126,0.0,0.0,0.0,0.0,0.0,0.0,0.5855143712678162,0.0,0.05049993525431476,0.028577729395397766,0.510580672079837,0.0,0.6203847257912158,0.0,0.30615884154164785,0.0,0.0,0.19265254072742624,0.0,0.07676535609850649,0.0,0.0,0.0
0.0,0.3159293938424905,0.514504521672098,0.24580818116989347,0.1212394448178678,0.5452536950067524,0.13324940757835166,0.499623388986711,0.28569946450518763,0.17984135385976446,0.202468671377078,0.27445089434084713,0.2976621690260134,0.0,0.48692867373172466,0.10955608120918303,0.2694643359914138,0.15797115821772037,0.44158121870273137,0.4536335518448806,0.41451190656258746,0.2466624195253115,0.0,0.10676438918954068,0.2762323521149196,0.2058621827899185,0.6339761321619466,0.37959190766066503,0.2562374207477235,0.3738918540832097,0.0,0.09794916345340192,0.11217814496762787,0.0,0.0,0.0,0.02240351203150069,0.21505062589185464,0.0,0.03533939138129141,0.0,0.0,0.2005153049114196,0.25419916783123153,0.0,0.06993352567902475,0.41334842577069547,0.41644493736180094,0.13219769331442724,0.3230632804957025,0.30274587363998817,0.0,0.4740496044790772,0.0677968128038745,0.08369388099136099,0.20592338089333984,0.11509227016710355,0.09855158347474652,0.0,0.298919584191938,0.0,0.0,0.0,0.37290631203461666,0.0,0.18759765433783024,0.0,0.7252444778399059,0.0,0.006702138261104218,0.17385218799571017,0.2202304401353672,0.0,0.0,0.0,0.0
0.0,0.21309069575509643,0.0,0.22972116195524586,0.24224107018262508,0.061488158519003355,0.04522936197592112,0.42218020071223467,0.0,0.28998208632636646,0.0,0.43308440857243874,0.11612497956499168,0.11499392790315147,0.0,0.0,0.08611180219006387,0.049754828496018644,0.0,0.0,0.026989268937662514,0.0,0.10676438918954068,0.0,0.13334875270434243,0.5537510179531394,0.0,0.08227860395801531,0.0,0.0,0.0,0.057434131088102275,0.32217295546889657,0.0,0.0073439530726399915,0.043218282989055945,0.09591840021808896,0.40423096506959466,0.0,0.17446198545081726,0.005414786106526903,0.0,0.35390594470669146,0.1984928310450379,0.10410180685882026,0.0,0.0,0.2345514397062812,0.0,0.1327011471563456,0.0,0.0,0.4343189625364972,0.0,0.09715888674442957,0.11218620663951744,0.45760942371346247,0.05122542940666297,0.18938145769292727,0.0,0.0,0.0,0.0,0.05494348030103094,0.0,0.0,0.0,0.2472290688162081,0.654763539576795,0.08798229029176863,0.3337057636300458,0.0,0.0,0.0,0.0,0.0
0.2525262005339252,0.6780687949797336,0.2544729585677179,0.28980858641994806,0.016300829936010425,0.5802539732173034,0.3028445986666472,0.037835111491198586,0.23319667055355195,0.5113030241615093,0.0,0.3264067338070568,0.4829825263535934,0.0,0.2750862333655145,0.6467376225905382,0.5381445823108163,0.6816348037451083,0.19549280540911035,0.42226610482136306,0.35783456195822505,0.494093286289635,0.2762323521149196,0.13334875270434243,0.0,0.6744562767447766,0.446992525105496,0.420488029630553,0.2762772494324895,0.30851919831393904,0.14567123663068213,0.22684567593886393,0.0429550374257322,0.0,0.0,0.0,0.08169491026802032,0.0,0.15012467453250639,0.0,0.0,0.0,0.021551115591767367,0.28395977499790426,0.0,0.17111024987812043,0.36920513127139465,0.3666452227414717,0.0,0.3014742552832397,0.10874108415573774,0.0,0.21615882548045096,0.0,0.10475142980544472,0.0,0.0,0.0,0.0,0.2427815662603453,0.0,0.012066769918436582,0.11881738152141413,0.2518430958697991,0.0,0.25594204530853837,0.0,0.3345856645403123,0.0,0.4120831550044314,0.5146503140722812,0.21285813412914278,0.0,0.0,0.0,0.0
0.0,0.6959685403507744,0.0,0.39060838716666374,0.19474224884981056,0.5025312089149743,0.29789076062616393,0.4280344762713329,0.16742874901301033,0.5440383088591569,0.0,0.6008778513364371,0.5922537881627579,0.0,0.13235921704461504,0.5343083422784626,0.4734120447994875,0.5411652904645687,0.0,0.06202635319842276,0.26223463436651995,0.2514754114543132,0.2058621827899185,0.5537510179531394,0.6744562767447766,0.0,0.11024215550865082,0.3702150780524508,0.0,0.09903621599004925,0.0,0.146711992153371,0.18612324757029325,0.0,0.0,0.0,0.06504923035088622,0.041042100661916214,0.0,0.0,0.0,0.0,0.13785194393032055,0.279888467057316,0.0,0.0,0.17332157129996761,0.4305998393839514,0.0,0.2521000547397525,0.0,0.0,0.47613100183176316,0.0,0.051908630416359514,0.14890901165672643,0.23757694949384386,0.0,0.0,0.0,0.0,0.0,0.0,0.17670521459051047,0.0,0.17953041976948841,0.0,0.3453570116226662,0.10988795683426106,0.18425672658932302,0.5731648827234199,0.0,0.0,0.0,0.0,0.0
0.0,0.45053361393577473,0.6438327715121506,0.2778380684249393,0.0,0.6624948242057366,0.33649661375653006,0.03825514218592063,0.4060265554717701,0.47294757997535586,0.12353127470058067,0.3981002053121226,0.3974452816745733,0.0,0.6833274396838535,0.5466072698828656,0.5507235891361233,0.5686598895692999,0.6106945989342455,0.7982665559442451,0.5886451368144949,0.6666219447891986,0.6339761321619466,0.0,0.446992525105496,0.11024215550865082,0.0,0.5807542975191757,0.6436597241907633,0.5888149822693283,0.3481954986508601,0.2814298104190597,0.0,0.0,0.0,0.0,0.3949680641204534,0.0,0.10774451124215616,0.0,0.0,0.0,0.0,0.304733667269372,0.0,0.2464819216119346,0.3671323964769883,0.35578924416408353,0.0,0.2634117105154702,0.06986229716198128,0.0,0.15357715846737924,0.0,0.20948218577647604,0.12457525703946526,0.0,0.0,0.0,0.5576296915520521,0.0,0.2397743321134562,0.20705222915066315,0.5166381619227459,0.0,0.4242513895259904,0.0,0.3846373622688196,0.0,0.0,0.051163618350950735,0.3802611850666313,0.0,0.0,0.0,0.0
0.0,0.7580448104217421,0.18405256571803966,0.8485587848271653,0.40003431345394996,0.6016027414415273,0.8037203074477122,0.32399214900039636,0.49287234487419507,0.7044495716304385,0.0692898382769242,0.5393763309721222,0.6479679264307034,0.0,0.4787825624900501,0.7643037654137428,0.8526455143900505,0.7058420001677095,0.26881742221630345,0.5516217628924827,0.599580225573608,0.6956531445338525,0.37959190766066503,0.08227860395801531,0.420488029630553,0.3702150780524508,0.5807542975191757,0.0,0.23197079924625436,0.6855449442697347,0.578395719432914,0.47071976775524066,0.20043465762883045,0.11571277416247228,0.009539951723237503,0.0,0.29398737164326894,0.06347370006569455,0.0,0.0,0.0,0.0,0.19537442873370597,0.33091474380568714,0.0,0.0,0.0,0.47070310202570265,0.0,0.2669318894177431,0.0,0.0,0.6050887336061974,0.0,0.0,0.19380792998068935,0.0,0.0,0.0,0.2918286565290197,0.0,0.0,0.0,0.5775491955205614,0.0,0.6883186136522936,0.0,0.4428646022644067,0.0,0.0,0.0,0.0,0.0,0.0,0.0,0.0
0.26532828416748366,0.17393666313236938,0.48558029814707887,0.0,0.0,0.4403909316038447,0.20274078075275986,0.0,0.5124266349407286,0.11225603268647374,0.0,0.0,0.10436025499172552,0.0,0.4337698231266579,0.3556625811456423,0.2897192665429069,0.46839082380775265,0.5130771930024451,0.7376883626353071,0.35084938238827945,0.6121781317083004,0.2562374207477235,0.0,0.2762772494324895,0.0,0.6436597241907633,0.23197079924625436,0.0,0.48102438131770614,0.29265322744178857,0.16986754156224787,0.0,0.0,0.0,0.0,0.0493953282895085,0.0,0.3420654328716211,0.0,0.0,0.0,0.0,0.044764244306910485,0.0,0.37775897199392744,0.15603124555373118,0.12584032212882254,0.0,0.1978239774470162,0.08218618542102135,0.13741501109924809,0.0,0.06231406047682231,0.0,0.0,0.0,0.0,0.0,0.727235687803544,0.2778178760048563,0.2897468126322531,0.44227001888727835,0.28884693471757467,0.17019072987147338,0.28463875470964306,0.22747456050679668,0.1360851967219601,0.0,0.10930471866662572,0.04302393095286572,0.4515791877297258,0.3053690246931728,0.3420199714028507,0.18546839308180446,0.2242025655040207
0.0,0.6100748206908757,0.29396271983888334,0.5211465634488215,0.11811092117507077,0.6015215801086269,0.6184544160347241,0.09574809127180572,0.5545490168528933,0.4247341470445538,0.14667011549527917,0.22773505740986705,0.42179288420545014,0.0,0.4762679648474295,0.6654933496655531,0.7170341667509725,0.6368351799649226,0.4727148630045003,0.723013641228371,0.5730078414573156,0.7638977135082143,0.3738918540832097,0.0,0.30851919831393904,0.09903621599004925,0.5888149822693283,0.6855449442697347,0.48102438131770614,0.0,0.6237731306519141,0.5755688224962915,0.0,0.14066701942382698,0.0,0.0,0.33303297856417,0.0,0.1254746780924669,0.0,0.0,0.0,0.07613885087227057,0.09861713059571048,0.0,0.09482064478694546,0.0,0.36061041769998725,0.0,0.24124715291498,0.0,0.0,0.3044999622536392,0.0,0.0,0.0,0.0,0.0,0.0,0.3868977614076969,0.0,0.0,0.0,0.5498399463692989,0.0,0.5617651622745186,0.0,0.3450408156300082,0.0,0.0,0.0,0.0,0.0,0.0,0.0,0.0
0.0,0.39741938811615773,0.06446220307413894,0.47396599319167165,0.11266828796944706,0.16668450417038538,0.5927496253025024,0.0,0.31286898565745824,0.5827357665611276,0.08489465237816105,0.2477053915122413,0.17299221533954867,0.0,0.34779904613176726,0.6422655173563088,0.5781124653249131,0.4809247130199611,0.0971269230459521,0.500231422435371,0.47497161934974585,0.6951844113823736,0.0,0.0,0.14567123663068213,0.0,0.3481954986508601,0.578395719432914,0.29265322744178857,0.6237731306519141,0.0,0.5926301095478065,0.0,0.36221786454472216,0.33038297387078375,0.0,0.5272031717720487,0.0,0.1119717357053462,0.0,0.0,0.0,0.0,0.01412250494012629,0.0,0.1743052200261469,0.0,0.06208292854100242,0.0,0.23152204919181144,0.0,0.0,0.1698021914250288,0.0,0.0,0.0,0.0,0.0,0.0,0.3107073696275285,0.0,0.0,0.0,0.2832062177781228,0.0,0.7188426307102314,0.0,0.05266521353825168,0.0,0.0,0.0,0.0,0.0,0.0,0.0,0.0
0.0,0.39651835323508694,0.0,0.42946380973037557,0.16210633036546024,0.28162585909548477,0.5119595743706811,0.05803622758192621,0.35383480401648276,0.3911898079037702,0.0,0.16287758080839018,0.25536458251743377,0.0,0.176001434274425,0.5232065547269762,0.45587629044280353,0.4284322708550561,0.12751589899003324,0.3664440095808512,0.3108968325223194,0.5117418288603611,0.09794916345340192,0.057434131088102275,0.22684567593886393,0.146711992153371,0.2814298104190597,0.47071976775524066,0.16986754156224787,0.5755688224962915,0.5926301095478065,0.0,0.0,0.17953483024910166,0.22811675319844674,0.0,0.430514228053702,0.0,0.25235226348020323,0.0,0.0,0.0,0.1497674999784618,0.06473388846189197,0.0,0.03184613612608009,0.0,0.24921003064220745,0.0,0.13701252708665188,0.0,0.0,0.21880507343721856,0.0,0.0,0.0,0.0,0.0,0.018613837318869716,0.08131753451247807,0.0,0.0,0.0,0.23705089568916252,0.0,0.49707962995434196,0.0,0.2264112213857205,0.0,0.0,0.0,0.0,0.0,0.0,0.0,0.0
0.17855050880389225,0.07347842653494968,0.04622976493753664,0.1660204650609961,0.04051303722080822,0.0,0.0,0.51066451843926,0.0,0.0,0.057174509895692664,0.3018594346290906,0.27276894544505,0.1704259075707605,0.0,0.0,0.0,0.0,0.0,0.0,0.24623606696119904,0.0,0.11217814496762787,0.32217295546889657,0.0429550374257322,0.18612324757029325,0.0,0.20043465762883045,0.0,0.0,0.0,0.0,0.0,0.47969010520714894,0.2862785823157026,0.1256599404899651,0.0,0.303757931667786,0.0,0.3178592971470128,0.0,0.0,0.22421243847423392,0.0077931219391193796,0.27555129370971343,0.09544171452678724,0.27333192434815223,0.07372422499449946,0.1860973252876113,0.0,0.017873480344571507,0.08444000961886952,0.2937317128619473,0.02878905571174732,0.258672495381209,0.2451666916602272,0.18069685524366771,0.22091096423115872,0.1545201637661495,0.0,0.0,0.03497661770891028,0.0,0.1348503392194373,0.0,0.0,0.0,0.0,0.20721450941843783,0.09689588511459472,0.0,0.0,0.0,0.0,0.0,0.0
0.1445029992072182,0.0,0.0,0.0943888506985384,0.0,0.0,0.025807507712888617,0.31348834732339853,0.0,0.0,0.06900746789493797,0.156730655948273,0.1685009106960416,0.038825470073630755,0.0,0.024948860694696096,0.0,0.0,0.0,0.0,0.32096668983621146,0.02834361283046108,0.0,0.0,0.0,0.0,0.0,0.11571277416247228,0.0,0.14066701942382698,0.36221786454472216,0.17953483024910166,0.47969010520714894,0.0,0.5769500496361979,0.08630225542407216,0.018578892625243038,0.10336855545625212,0.0,0.0,0.0,0.020589708158367803,0.07314569681634939,0.0,0.18517767951519132,0.030935355645760776,0.0,0.0,0.11559994883435468,0.0,0.0,0.19592918231351442,0.16335814707648086,0.0,0.05563485729800438,0.020074027489342797,0.0,0.0,0.225552405998506,0.0,0.0,0.0,0.0,0.011270488592180827,0.0,0.14690971005117054,0.0,0.0,0.0,0.0,0.0,0.0,0.0,0.0,0.0,0.0
0.0,0.0,0.0,0.17577223008676682,0.25338012605051485,0.0,0.13332987996641998,0.15858033901896407,0.0,0.0,0.08125505307632547,0.0,0.0,0.1071526578188567,0.0,0.0,0.0,0.0,0.0,0.0,0.001576485028619387,0.0,0.0,0.0073439530726399915,0.0,0.0,0.0,0.009539951723237503,0.0,0.0,0.33038297387078375,0.22811675319844674,0.2862785823157026,0.5769500496361979,0.0,0.0,0.0,0.08474101555231699,0.0,0.0,0.0,0.11431336761595748,0.12992498080218334,0.0,0.04945275691091067,0.0,0.0,0.0,0.03564409401625854,0.0,0.0,0.0,0.1774550409320081,0.0,0.0,0.0,0.0,0.0,0.3091235723434553,0.0,0.0,0.0,0.0,0.0,0.0,0.16629586219979553,0.0,0.0,0.0,0.0,0.0,0.0,0.0,0.0,0.0,0.0
0.4160077600181843,0.0,0.0,0.0,0.0,0.0,0.0,0.0,0.0,0.0,0.0,0.0,0.0,0.7225683465721894,0.0,0.0,0.0,0.0,0.0,0.0,0.0,0.0,0.0,0.043218282989055945,0.0,0.0,0.0,0.0,0.0,0.0,0.0,0.0,0.1256599404899651,0.08630225542407216,0.0,0.0,0.0,0.07359826724203503,0.12072243058826024,0.6749923424693627,0.7134081181366319,0.43673943886081124,0.05935324383256535,0.0,0.6384696931379222,0.10756902437382232,0.19805730921709225,0.0,0.4414580742940476,0.0,0.680761179150683,0.6258235367970179,0.0,0.5490136128918778,0.2578386103603333,0.0,0.34497667762165585,0.6611417293762963,0.26364370403018333,0.0,0.5349643035231584,0.2642160465596276,0.3539109882508764,0.0,0.6947804515263513,0.0,0.6240228005696964,0.0,0.49235364189862213,0.41098096926118166,0.012973264960124714,0.3985501778862746,0.2644733113876936,0.7512395538114249,0.16833101493706876,0.5184956113876478
0.0,0.16156139102771755,0.2893036203399306,0.1858920962930412,0.0,0.13110722989820628,0.17624145904926058,0.0,0.051422917184730355,0.5420315234413076,0.0,0.3960113659664033,0.10518984055399475,0.0,0.3507589080992405,0.3858963042011915,0.3228857641411247,0.33108306503109125,0.17677951069986192,0.36330019756862025,0.33015997127631286,0.4268339287472904,0.02240351203150069,0.09591840021808896,0.08169491026802032,0.06504923035088622,0.3949680641204534,0.29398737164326894,0.0493953282895085,0.33303297856417,0.5272031717720487,0.430514228053702,0.0,0.018578892625243038,0.0,0.0,0.0,0.0,0.23559787500584806,0.0,0.0,0.0,0.10350899732005193,0.3790472621194294,0.0,0.1865465488659617,0.06510905101661604,0.05507370436736296,0.0,0.042294327472724574,0.0,0.0,0.0,0.0,0.2738399526490253,0.0,0.13002511640684727,0.0,0.0,0.07691699086953463,0.0,0.25098250463208005,0.07357359335324298,0.2072656453542035,0.0,0.30473946904946225,0.0,0.02330237383827266,0.0,0.0,0.11312168091613875,0.0,0.2690442558977346,0.0,0.0,0.03412409204897589
0.0,0.0,0.0,0.10056949576721018,0.17282926713535132,0.019365916862401744,0.0,0.3707864100777273,0.03703996398938969,0.0,0.16070228323719776,0.07775183273607847,0.0,0.07556213089346386,0.043813281430477635,0.0,0.0,0.0,0.0,0.0,0.08030361655927766,0.0,0.21505062589185464,0.40423096506959466,0.0,0.041042100661916214,0.0,0.06347370006569455,0.0,0.0,0.0,0.0,0.303757931667786,0.10336855545625212,0.08474101555231699,0.07359826724203503,0.0,0.0,0.005181098933876194,0.20904154055105306,0.06463005280767414,0.012562551126045068,0.24584749719822024,0.02544378459609653,0.21050810963972627,0.0,0.01969771070269047,0.22857833123765442,0.10210952508626278,0.043707163070771535,0.05447913980429009,0.0,0.3641738949839137,0.09626822523755267,0.0,0.14363912028336837,0.09300514987544617,0.11954095050288234,0.1474949871308056,0.0,0.0,0.0,0.0,0.13729114793476963,0.0,0.0,0.0,0.26844708442238696,0.31284156780227285,0.0,0.04558541417709247,0.0,0.0,0.0,0.0,0.0
0.2705642755415497,0.0,0.07559315770789732,0.0,0.0,0.07047989016822027,0.0,0.0,0.14602748349753747,0.006382931505107492,0.0,0.0,0.0,0.0,0.1551040775967184,0.0790433940765462,0.0,0.12820140552815165,0.13661278557947285,0.28527613358183557,0.0,0.22505454781060474,0.0,0.0,0.15012467453250639,0.0,0.10774451124215616,0.0,0.3420654328716211,0.1254746780924669,0.1119717357053462,0.25235226348020323,0.0,0.0,0.0,0.12072243058826024,0.23559787500584806,0.005181098933876194,0.0,0.10964730759582336,0.32748841608835505,0.16926546356355943,0.0,0.08733018410949861,0.0,0.3201430331106357,0.10868015292170222,0.0,0.0,0.011312937701741799,0.2370201894560331,0.181566905177807,0.0,0.0,0.027337616564415995,0.0,0.0,0.038154216567676064,0.0,0.3014096446612107,0.49268357156967857,0.15210031296065243,0.24508908972241364,0.0,0.3973599373081945,0.0,0.36560863653157993,0.07207867134111158,0.19907960246715997,0.24183385180171285,0.27285527959918066,0.38516380586698407,0.4154868391509706,0.4221195350944762,0.39646048942615725,0.5543723632351083
0.4487171691132749,0.0,0.13096537893088755,0.0,0.0,0.0,0.0,0.0,0.0,0.0,0.0,0.0,0.0,0.6758705100716762,0.0,0.0,0.0,0.0,0.00968116304509585,0.0,0.0,0.0,0.03533939138129141,0.17446198545081726,0.0,0.0,0.0,0.0,0.0,0.0,0.0,0.0,0.3178592971470128,0.0,0.0,0.6749923424693627,0.0,0.20904154055105306,0.10964730759582336,0.0,0.8208044387300633,0.47863554104270484,0.0931597641635735,0.0,0.7014562631025774,0.216038506507217,0.425774602266649,0.0,0.49138284621580913,0.0,0.7408135094600696,0.492565302665494,0.0,0.45425182616617965,0.4162421350704508,0.0,0.48275211273293867,0.7029599664018913,0.13859743374377442,0.0,0.5782638516960477,0.3677358300405865,0.34671157901748506,0.0,0.7915564560135537,0.0,0.7020516859134498,0.0,0.6386962591378409,0.5304397597165036,0.15593946218962193,0.31100354490504434,0.28290145806499517,0.7124266636575332,0.1014887578064247,0.5907649596034512
0.4765298719972996,0.0,0.08675723673999232,0.0,0.0,0.0,0.0,0.0,0.0,0.0,0.0,0.0,0.0,0.6876208241493922,0.0,0.0,0.0,0.0,0.0,0.0,0.0,0.0,0.0,0.005414786106526903,0.0,0.0,0.0,0.0,0.0,0.0,0.0,0.0,0.0,0.0,0.0,0.7134081181366319,0.0,0.06463005280767414,0.32748841608835505,0.8208044387300633,0.0,0.4703963974555161,0.0,0.0,0.5717077013472107,0.2228397343932317,0.3858575502118965,0.0,0.458531446504709,0.0,0.8002135685306382,0.5543970623236611,0.0,0.5354065413559037,0.3992494881805647,0.0,0.4445274785766986,0.6767504551128356,0.0,0.0,0.8201638886841658,0.44235714497242623,0.4313800693811505,0.0,0.8861119410721194,0.0,0.8429271765274349,0.0,0.5759791437269453,0.5998911219706172,0.23104132648842388,0.4105243774344707,0.4826386427636014,0.810868080597233,0.3536541306680078,0.8046262641436503
