0.0,0.31908163609304496,0.19364855335535613,0.06659143499566056,0.07098421573846939,0.05574568279974357,0.2847707366288461,0.0,0.3443360911171186,0.6914454740018896,0.0,0.2353004879780822,0.08081066941075576,0.0,0.45278426696657026,0.6260692123090139,0.5190554113592335,0.6324809485171969,0.0,0.6829720688864678,0.7026231729298528,0.6614278604364556,0.0,0.5220667761892441,0.7530791219768318,0.49329093960497944,0.39465414641815255,0.4133381574731332,0.5373526255463739,0.2284924967519184,0.7144132395176919,0.1486764407694393,0.42945808145521236,0.2494911431230124,0.18268082877860897,0.3023904833728308,0.2647042156977252,0.15244963612729834,0.17910385685542315,0.5411426085227051,0.1889733175091296,0.0,0.18696968246960002,0.19545535078478093,0.0753075109334079,0.7933711965864991,0.41396946407985785,0.0,0.21290920387137743,0.30714879490794,0.0,0.32229942433295683,0.0,0.42173102927552025,0.6563076884519621,0.0,0.23781897521907075,0.5214303272385927,0.0,0.18425082603666826,0.5344360961064888,0.45023405680290873,0.6198973612619907,0.0,0.40078833428317107,0.6037153313972049,0.5114143996079921,0.0,0.44321457317461205,0.7498520378630595,0.6144811403851957,0.32500197297652333,0.5484180342394198,0.4136900346029344,0.10685828277645815,0.1571548560516084
0.31908163609304496,0.0,0.0,0.43085175005362836,0.291700785711691,0.5651235597882653,0.38775868095344457,0.09177756472580184,0.05752452277563347,0.5273996656312075,0.0,0.5330378873786025,0.2948606517191271,0.2966456240761147,0.33986498522604325,0.5349517159853527,0.5006101246717136,0.45638177712274447,0.0,0.47641514027767434,0.2206464558179677,0.683497293662803,0.27158214914656026,0.5618012471296263,0.7022088171738557,0.859025848037278,0.5865181889264958,0.08232952668661456,0.03184175538905304,0.0,0.24601532931113004,0.3398638801027677,0.20695604656988517,0.11357448504697115,0.0,0.27409760895981183,0.3821186592066562,0.28436010509464604,0.28393470346585525,0.4668057870112051,0.2793521439497105,0.3398499706454403,0.36158453532494916,0.4345425086472789,0.22796246899193642,0.2565085863321628,0.8489803791470032,0.04313000154775537,0.1829253272534273,0.2869332567045737,0.5538631657095314,0.031091490348989698,0.21118406483712426,0.24899583396812194,0.46273930428104193,0.07698102809605245,0.6524732289829783,0.541706597010487,0.19282063990584164,0.33690525817741707,0.4593518082124928,0.42097857010134837,0.24392710185641264,0.0,0.5468001803243296,0.3856292166831061,0.5927888174387229,0.19012433889975291,0.5362855362668015,0.5586352559181291,0.7697574236031991,0.4397802578007273,0.3823730809222269,0.09632260679941429,0.12123436188103766,0.23681380929306237
0.19364855335535613,0.0,0.0,0.0,0.0,0.48192107387835653,0.0,0.42568183753896166,0.17685631779589522,0.15125186060031295,0.3401733346844876,0.1752014876522405,0.3161207102712635,0.0,0.012046571742931445,0.08013940912997111,0.22346558886529877,0.23870555924044,0.4223888629855746,0.21552883422682112,0.3152114582984029,0.0,0.33533349935800616,0.2338772487757269,0.1235268100693338,0.19455269283323512,0.060776071597341774,0.48386356929917174,0.2591359398942292,0.6259955466447514,0.059818349310836266,0.0,0.09664464713009999,0.26416062758286707,0.0,0.19489027261321054,0.0,0.05832431000897967,0.0,0.2319054455783366,0.3317651619138423,0.0,0.1489361057379185,0.016147618500503086,0.11417422358761618,0.12803329299336733,0.07481828869427357,0.5807138946399397,0.0,0.08303217323118917,0.3031254108412114,0.0,0.2787773556307929,0.23375314512050444,0.1466147536645896,0.2650534173528987,0.1783455713239201,0.24470394152161795,0.0,0.0,0.3674422969287896,0.3954370637267193,0.3702899709623547,0.42565418602088634,0.23510676626763216,0.0,0.14563313131902578,0.20311259623871142,0.3052001973031032,0.21168327363783584,0.17246414335662558,0.0,0.3830487865232733,0.05759169501173725,0.515222956731395,0.34253260147784315
0.06659143499566056,0.43085175005362836,0.0,0.0,0.44636805069433144,0.15544705472218096,0.36166299677587094,0.08472103718122476,0.13526211625625564,0.26385759698787814,0.18346511609089478,0.31481601934100945,0.0807227566412699,0.40203979772106746,0.05889471638565659,0.15830458430080135,0.24261961886031919,0.14445810545168639,0.0,0.14132349154259718,0.11213425830028724,0.31232232383612457,0.10060206234369291,0.3041008371507533,0.30974175974435275,0.30994473387340715,0.18742299640061016,0.02857693304296205,0.0,0.0,0.2334046031772946,0.3426403396939683,0.2696511825565858,0.18287698500856936,0.0,0.251423400854139,0.2782909906829142,0.34900596317966637,0.30178240458951283,0.32801081829861806,0.20697520683458887,0.28683824877347686,0.3202799282348569,0.23669789124923282,0.29526179988696116,0.17337939999572985,0.43716610057120575,0.0,0.25809643271731286,0.23078108985300758,0.3141645932539855,0.1879735643618644,0.2472392880932027,0.1832927102966493,0.2918372064465252,0.27309480393535324,0.41090417507543275,0.32775325228558344,0.05021176221163674,0.08145092489588089,0.1486546711521894,0.13754112638505173,0.08245453985145199,0.0,0.18140546010491237,0.3497805006467267,0.24817685917602744,0.11927884386827407,0.33503751826837114,0.21549412985818792,0.35004849834237367,0.17956919422578127,0.21897095030351146,0.035671280550109374,0.0,0.0
0.07098421573846939,0.291700785711691,0.0,0.44636805069433144,0.0,0.027675452766258046,0.5860145423287396,0.08560117685122065,0.45605297804970074,0.36088853094954415,0.5202082055368391,0.30037306304866307,0.21950623709443853,0.3890195364059483,0.12884386173677995,0.1543432738524801,0.3112921651344588,0.24187297772475105,0.13119923489968255,0.1087118170792627,0.1794694178351438,0.29029107553302164,0.0,0.20786631184589827,0.28232700046494974,0.1646953270704907,0.20940035362739606,0.05686442762883209,0.06228477868992566,0.08382736229673107,0.26305761594225163,0.3540740022762663,0.17936381729389245,0.07874414712517112,0.0,0.3661662671669254,0.30955413493309897,0.25186902982192305,0.33371976898136946,0.19182661585789487,0.14731865966432883,0.19633352909711257,0.46332165090757693,0.20607436865480083,0.282684919927424,0.18653941531071996,0.31678127269227224,0.0,0.14706040784189114,0.44117623183485444,0.1570935680673981,0.38603000933163345,0.27296443087520345,0.2613474889623491,0.30943320068923325,0.49328084406249356,0.392957886921961,0.4499772442704358,0.0,0.0,0.13887192265297948,0.20655469489924694,0.2329989402466212,0.08287771358801127,0.058379489033399845,0.30558961653720684,0.16505573646814672,0.1057571327332516,0.3453276770857997,0.21024108925862975,0.2667985339092425,0.1677376404626494,0.2851039309473403,0.12230275593476854,0.0,0.0
0.05574568279974357,0.5651235597882653,0.48192107387835653,0.15544705472218096,0.027675452766258046,0.0,0.1375462187566964,0.455356491401271,0.0,0.1627962900058471,0.08794869288654189,0.3576590516096049,0.36224126066108353,0.18401379353533323,0.24440859496595357,0.15324187636650904,0.23991323280710983,0.25242189803338433,0.04476755907439378,0.35286888272537736,0.18704899009465958,0.2274054063505511,0.6629336791484374,0.3272350394053256,0.28819683992931594,0.5177386908284941,0.5046429084209434,0.08540392768520694,0.11625788761691624,0.08527824937389308,0.0,0.12236307140593955,0.05972539554820666,0.13102506069351305,0.0,0.27535561624502836,0.11564674935296154,0.22914524377523843,0.1048032268064612,0.21271609347949375,0.3424559230545915,0.3766254231581294,0.25416342046074447,0.28854210326479335,0.11985879892483603,0.0,0.581663396063292,0.5877320028219781,0.020971872405749575,0.05779468138770197,0.7781288711372704,0.0,0.507831645821938,-0.0051172260915623435,0.1555072648130539,0.17262578671848827,0.4679052280445108,0.39104488685671346,0.25700329611215517,0.1367643397998087,0.2900591436403172,0.3131445619110798,0.21303092939597373,0.04444810269822863,0.4422575945242778,0.11769707583853839,0.2849112656295799,0.5256308595525155,0.3354326876789796,0.349009594285849,0.40224688051255975,0.22653421604043872,0.25066352555042604,0.0,0.27577190164581494,0.2860183932621644
0.2847707366288461,0.38775868095344457,0.0,0.36166299677587094,0.5860145423287396,0.1375462187566964,0.0,0.0,0.5496621193724456,0.5368695554681577,0.33266715357700866,0.34362322180006527,0.43446111956767575,0.15071671947237356,0.13234252247708084,0.3244346663702973,0.444277957271898,0.49257640320897755,0.0,0.2634659206871873,0.27794612140949493,0.4084580466654445,0.0,0.34066141297509445,0.45239862440278017,0.3051318530006007,0.3416096658449982,0.2941963642660933,0.23443846514395936,0.16263573230133926,0.4488495572326322,0.2912469975137024,0.35302780844668263,0.15182253346896685,0.07099811038742787,0.4431587800860847,0.34382954051444525,0.2028950941268707,0.30640391040491644,0.3511288153660199,0.26386241429776247,0.0588464855647894,0.42315141789747046,0.21781525481154249,0.21112393803415494,0.325612294555076,0.35817083610935163,0.0,0.3987181762390178,0.4051808633223398,0.0633996366007038,0.3536089041936148,0.01613975807713977,0.2855779460026265,0.5273534603383636,0.3699536689972855,0.46062473349377586,0.5961461150671076,0.0,0.0,0.226520487606524,0.3254411099796906,0.3397073745281166,0.0,0.17301703179215736,0.3836781262493191,0.2725111198871203,0.0,0.38880462318165077,0.3523993331117141,0.29003540918279525,0.2533033098419213,0.3441859763033121,0.13729342089313468,-0.004310564944239786,0.0
0.0,0.09177756472580184,0.42568183753896166,0.08472103718122476,0.08560117685122065,0.455356491401271,0.0,0.0,0.0,0.0,0.39579013226063753,0.4442473494609827,0.24005537202650043,0.32712019698476646,0.0,0.0,0.05848474495266176,0.0,0.44510490196579877,0.0,-0.013560733550663728,0.0,0.6138629606794694,0.2583456699329422,0.0,0.20191345876953304,0.0,-0.025607416317092624,0.0,0.23563258657665798,0.0,0.09877875941071193,0.0,0.07616517255235367,0.0,0.15914244803128164,0.0,0.18740421205137517,0.0,0.041996234664768844,0.16990364187983253,0.14423309208187401,0.23148247953623355,0.04741428826290544,0.1574958320184239,0.0,0.032922923127017556,0.544517661260407,0.0,0.09485091337537904,0.4172232250160697,0.0,0.6371838105402562,-0.010043643450514783,0.0,0.3427017582249499,0.4045424224673634,0.0544206185458011,0.16835403999992762,0.0,0.0,0.1758899815465385,0.0,0.37161645501362695,0.019368330267881956,0.0,0.0,0.4403403541921332,0.3308641717121422,0.0,0.07723658700306724,0.0,0.06995552831919985,0.0,0.16672045256142679,0.02641950890595788
0.3443360911171186,0.05752452277563347,0.17685631779589522,0.13526211625625564,0.45605297804970074,0.0,0.5496621193724456,0.0,0.0,0.4301476298475285,0.5025398762111443,0.3435027052710862,0.46769235373418816,0.05127290965292079,0.0,0.21100079376027037,0.3869927505471493,0.3335914800866997,0.1833940604175716,0.033192970117915555,0.30235506393444156,0.14070718535080257,0.0,0.26233758323408607,0.32635293446644253,0.12822955681955672,0.0,0.45281704979951065,0.02827010508519595,0.39286620111372056,0.44214334735374194,0.261310200629539,0.5115658149462717,0.38951572852085514,0.15269877522280753,0.2653468104150487,0.11878785217072363,0.0,0.30899039450854326,0.44853774797468493,0.29729089989612634,0.0,0.2577835085863004,0.0,0.17951691975651526,0.40640412085327104,0.0,0.10684297383290497,0.2016249211481164,0.21555005506466024,0.0,0.6830220063661696,0.0,0.6862065607177648,0.449548700306892,0.33720858290227984,0.2360683906632619,0.3984757588501216,0.0,0.0,0.0191456609401148,0.39373642830287225,0.27307119478000397,0.17506589852160942,0.0,0.17589428758689513,0.0,0.0,0.3509545343321252,0.1398971550327696,0.12108858240611292,0.0,0.18392689520671882,0.0,0.1475174683254531,0.0
0.6914454740018896,0.5273996656312075,0.15125186060031295,0.26385759698787814,0.36088853094954415,0.1627962900058471,0.5368695554681577,0.0,0.4301476298475285,0.0,0.21120515602135959,0.540925793980404,0.4771679104288647,0.0,0.3308085403542102,0.6862375545906185,0.860750978565826,0.8221785572859927,0.0,0.5846007066274648,0.5715084223593748,0.7128291434993441,0.0,0.7457021979614402,0.7958846884235191,0.6499703032791104,0.3530729776590134,0.5261205274453796,0.35107531601924946,0.26510233587511134,0.769168595819528,0.32239964135873944,0.449375177493374,0.274548570982847,0.0,0.5695803679000092,0.501211193970093,0.296112507826635,0.3166847780094662,0.5853351150885097,0.3026404765986017,0.0,0.5624759134199289,0.4075128217329783,0.26751985367223413,0.7160011490259177,0.5079671277263993,0.0,0.2941006626755967,0.5635789872764778,0.03226235654761361,0.40697375832407606,0.0,0.4331980233315875,0.8316241857055424,0.23300417461846773,0.638853536359477,0.7136700230260972,0.0,0.11262128187283194,0.5626349715917532,0.6400992928365538,0.6138541042120833,0.0,0.43876431582593634,0.5868114764228415,0.5274264126340259,0.0,0.6219397145664585,0.6072284137985486,0.6263300905011269,0.28931888276667583,0.7206886479886778,0.2826251516327114,0.14249014050330835,0.19018417879298288
0.0,0.0,0.3401733346844876,0.18346511609089478,0.5202082055368391,0.08794869288654189,0.33266715357700866,0.39579013226063753,0.5025398762111443,0.21120515602135959,0.0,0.25821327664536176,0.4134083838318612,0.18823071017770762,0.0,0.0,0.24102090420133598,0.08226071911236116,0.5636377684568481,0.0,0.17878040578145174,0.0,0.06301356142384729,0.10842080326623843,0.0,0.0,0.0,0.322573362270424,0.0,0.447464568986611,0.030956659669538922,0.07507150958142758,0.03096503963489841,0.07172460466046152,0.0,0.33193162293233075,0.05652680252330877,0.029266085096200434,0.07113663493290848,0.07908591579886329,0.12521576296588804,0.0,0.48454296180013556,0.0172519767475717,0.19061034034154395,0.03731946525395993,0.0,0.26377951172505015,0.0,0.38087619914712745,0.04653523373132676,0.25629473374997613,0.3243744810616381,0.31377435066058457,0.14726693389786916,0.7400032650112954,0.2647309772477597,0.29399751917769296,0.0,0.0,0.02400855791137045,0.27772178723825874,0.1279172760197457,0.4807043745137582,0.0,0.043137761382547324,0.0,0.0,0.1958040899158926,0.0,0.0,0.0,0.23277637337070772,0.0,0.2377612141009529,0.0
0.2353004879780822,0.5330378873786025,0.1752014876522405,0.31481601934100945,0.30037306304866307,0.3576590516096049,0.34362322180006527,0.4442473494609827,0.3435027052710862,0.540925793980404,0.25821327664536176,0.0,0.4513194899685436,0.3708088203604464,0.0,0.25065975023237436,0.5374144838591398,0.31721173939143654,0.06714474203037307,0.15698788307606687,0.1988101548271461,0.280505450927421,0.29694757100421165,0.7130561339643966,0.45393197345476166,0.648451768062508,0.06019662730945266,0.294681827585349,0.0,0.14117356988581295,0.20970131881200826,0.38378464042568794,0.3935271255547524,0.28141239083101727,0.0,0.3484820178748492,0.2553464359466753,0.28779975522820056,0.30481837323937705,0.5412096438792455,0.3399093322372289,0.22493017615693306,0.5159984817425354,0.2539656188797851,0.2775681273008737,0.22513961705703167,0.36530834934682793,0.1306535957422637,0.19783982296514974,0.3056256259761945,0.25162630673569225,0.30524779678742125,0.37072141387398533,0.31142618213453915,0.5144655454534589,0.1899342596458833,0.7897006950154304,0.4687384426689242,0.13461527637325887,0.0,0.17872593646800217,0.5003894298174827,0.1624579456712137,0.0,0.18193677039197634,0.23383633427114164,0.21098608597018548,0.09930296590938606,0.6599945982287714,0.1860942070733682,0.4982225778533139,0.0,0.33623518171592204,0.0,0.2157687946654595,0.2488879708012335
0.08081066941075576,0.2948606517191271,0.3161207102712635,0.0807227566412699,0.21950623709443853,0.36224126066108353,0.43446111956767575,0.24005537202650043,0.46769235373418816,0.4771679104288647,0.4134083838318612,0.4513194899685436,0.0,0.11590328681808788,0.0,0.28707675034732505,0.621307538482039,0.43792597139133077,0.211907698993071,0.03998773909516806,0.16381666876294954,0.08807558569239737,0.0010370967751724414,0.4227391593336508,0.2437738781449525,0.3329136615784498,0.0,0.590095046569778,0.0,0.3727702902000603,0.25218261277006876,0.27835620815348744,0.23380007141464254,0.31240708514608795,0.0,0.33570381113262193,0.19391750485033207,0.049287264118986235,0.22768575861834772,0.32959028330800066,0.35847069872949294,0.02127394750325539,0.4260453356513508,0.11692981898965879,0.18227677989185093,0.08430037422130955,0.11606856204153479,0.15798787881815762,0.17079766716615652,0.24607612042879856,0.091290356000304,0.3481047943890244,0.14119727224322237,0.23757712739978037,0.4093616580410817,0.28290407424732383,0.46116724474469106,0.46664751511145286,0.0,0.0,0.17713660103108628,0.5404351620702547,0.26361335613435743,0.15512222725200764,0.0430543929040213,0.058580802868724774,0.0,0.0,0.354052754833143,0.042987270474142775,0.14693053232810535,0.0,0.29320571311765536,0.0,0.3501899903195379,0.2457290618632189
0.0,0.2966456240761147,0.0,0.40203979772106746,0.3890195364059483,0.18401379353533323,0.15071671947237356,0.32712019698476646,0.05127290965292079,0.0,0.18823071017770762,0.3708088203604464,0.11590328681808788,0.0,0.0,0.0,0.03154217371652517,0.0,0.1623665638280685,0.0,0.0,0.0,0.34579341119312734,0.22660566515048797,0.0,0.22834583251166818,0.0,0.0,0.0,0.0,0.0,0.13210586039224867,0.0,0.006053399301159362,0.0,0.153352457032517,0.18600555393971285,0.24039768022171615,0.0,0.05120749983409074,0.06355691987980713,0.20262924740196103,0.3016353342671739,0.15571417141872784,0.18445189197807008,0.0,0.21590878473596503,0.20323907378166822,0.10986536097515642,0.02178544555833048,0.23750788801868386,0.12749433958248702,0.4420040454788733,0.025402683475485827,0.007623069693091192,0.20466818640260437,0.36761328478811267,0.09678227171646148,0.26001165507332574,0.0,0.0,0.0,0.0,0.1969145264373046,0.0,0.0,0.0,0.3140043731377674,0.178228461683887,0.0,0.2199550713887951,0.0,0.0,0.0,0.0,0.0
0.45278426696657026,0.33986498522604325,0.012046571742931445,0.05889471638565659,0.12884386173677995,0.24440859496595357,0.13234252247708084,0.0,0.0,0.3308085403542102,0.0,0.0,0.0,0.0,0.0,0.3040348786057237,0.15526694300622945,0.3170429419019867,0.0,0.7396390175179639,0.4870222535423079,0.6665470199219624,0.05122569977647373,0.2678542454836994,0.45586656043963525,0.3563191294786319,0.676113125779566,0.0,0.624248293504164,0.0,0.37900195020583716,0.0,0.05520170461088912,0.0,0.0,0.3035182852913706,0.33487690406861903,0.29933689397551044,0.02800422872672477,0.0989701708867292,0.0,0.08794822493996232,0.07202707231130617,0.3385185052511156,0.08654905245226219,0.39059554258364315,0.49492480638803793,0.0,0.07827267585035011,0.15955023624059994,0.27855355494663125,0.0,0.0,0.03518623530899495,0.28201860379755167,0.0,0.14745681952945078,0.30537521288953384,0.10401414342673851,0.6326134204920155,0.36839160249891784,0.0694540416503088,0.33222226310418174,0.0,0.6039331182421659,0.5266016496310993,0.6090431175925481,0.11090550099736224,0.10823461943093551,0.6010348758220676,0.4541587540433981,0.6075656262806559,0.354294523080963,0.664794062109835,0.0,0.06222589059917086
0.6260692123090139,0.5349517159853527,0.08013940912997111,0.15830458430080135,0.1543432738524801,0.15324187636650904,0.3244346663702973,0.0,0.21100079376027037,0.6862375545906185,0.0,0.25065975023237436,0.28707675034732505,0.0,0.3040348786057237,0.0,0.7223316901885939,0.7185201449175783,0.0,0.5791374515994961,0.4014612553882398,0.7080578594400453,0.0,0.46116600033884225,0.6813197014268041,0.602900832335159,0.3963818048869578,0.3496960153221877,0.335049005744589,0.08196890001421928,0.5813254320031954,0.22025688669430415,0.41541811961783637,0.1738607416861178,0.07679831990742332,0.2468378578731241,0.32670245170033685,0.2470281858028317,0.1784210201817606,0.5276546312712058,0.3409371356240488,0.0,0.18925220902181034,0.29403745856687946,0.1401108438225363,0.5803136178260606,0.4809124632586852,0.0,0.19868983384303668,0.3952276623793845,0.06478175834740627,0.25815903204660523,0.0,0.3217164312836164,0.5570109727819739,0.02713289458762222,0.3820657355105528,0.5161511214139609,0.0,0.20599050522403525,0.5100432632097469,0.4503866387313226,0.5488956148540041,0.0,0.39594168377165995,0.4658780655899001,0.4935544233774492,0.0,0.3604832527506714,0.585286111110349,0.5847227897438108,0.345415792795637,0.5512176302105807,0.27762770740463294,0.10873468491814559,0.19585214954452917
0.5190554113592335,0.5006101246717136,0.22346558886529877,0.24261961886031919,0.3112921651344588,0.23991323280710983,0.444277957271898,0.05848474495266176,0.3869927505471493,0.860750978565826,0.24102090420133598,0.5374144838591398,0.621307538482039,0.03154217371652517,0.15526694300622945,0.7223316901885939,0.0,0.8123090015649447,0.0,0.5107161799436017,0.4334028347983129,0.5769531798931733,0.0,0.7164216069865292,0.6804305360366747,0.6638889959890082,0.18288594829387528,0.6241518695108659,0.2116379711302423,0.34400670435403047,0.633712744391738,0.34505368286213095,0.4157283313563905,0.2910031472302922,0.0,0.5246828595053266,0.41047254848188375,0.261639696113125,0.3198720872303187,0.6023245266168665,0.4603580652482739,0.11349711105480614,0.578458780231131,0.4063665299682008,0.2213935808363935,0.5565671563326465,0.4295820736002447,0.0,0.28622824496173593,0.5125426311279744,0.04948693248411595,0.3383902200225891,0.0,0.31860233732236987,0.7026720432366323,0.2229448953058575,0.6535317863210274,0.6713729814604621,0.0,0.0,0.5266889720903628,0.7072034802339113,0.6303818056483687,0.0,0.36241446879665545,0.4166530664830719,0.4232810078265556,0.0,0.5870036743184933,0.4913881565461402,0.5778047580739711,0.06457134836767006,0.6907081119907372,0.0743325306393735,0.2514345006773783,0.23837203308985772
0.6324809485171969,0.45638177712274447,0.23870555924044,0.14445810545168639,0.24187297772475105,0.25242189803338433,0.49257640320897755,0.0,0.3335914800866997,0.8221785572859927,0.08226071911236116,0.31721173939143654,0.43792597139133077,0.0,0.3170429419019867,0.7185201449175783,0.8123090015649447,0.0,0.0,0.6908512899656292,0.48096226290833577,0.7214506035106076,0.0,0.6283229248887137,0.7573497571087068,0.5612903308048529,0.42361890675650454,0.5473040028473045,0.5730965114051243,0.30607764213126026,0.7218964312470887,0.2380073439237773,0.4029018860052709,0.24824454040326477,0.0,0.5528409883260202,0.42860465210878984,0.21975431841599494,0.2878394380154797,0.5275738664534393,0.42119863866821683,0.07454705200985738,0.4142930861655393,0.412491813411374,0.22937687140269797,0.5759503015193288,0.47569026741190656,0.0,0.26118841285600547,0.41830088230054807,0.04886418187224656,0.32873267679600604,0.0,0.2886904833914813,0.7028750508695695,0.11870432581111058,0.4435640773050854,0.6514677923960204,0.0,0.03356268631915538,0.6328596059744955,0.5846927544072569,0.7206396775530386,0.0,0.5047554585989029,0.46191075470200116,0.5421983763413375,0.0,0.5158190930831468,0.6889019521893673,0.5357839987975128,0.25921498305173196,0.6681176997190772,0.3663229224120256,0.23631604655409233,0.25484618816016447
0.0,0.0,0.4223888629855746,0.0,0.13119923489968255,0.04476755907439378,0.0,0.44510490196579877,0.1833940604175716,0.0,0.5636377684568481,0.06714474203037307,0.211907698993071,0.1623665638280685,0.0,0.0,0.0,0.0,0.0,0.0,0.0,0.0,0.24752866238721863,0.0,0.0,0.0,0.0,0.14300514083065663,0.0,0.4101586883678706,0.0,0.0,0.0,0.06565231676562214,0.0,0.0,0.0,0.0,0.0,0.0,0.0,0.0,0.13750502510067636,0.0,0.10372336227284414,0.0,0.0,0.4239553895497191,0.0,0.07759516822528767,0.08903663253116606,0.06317148477414561,0.36570602263900925,0.03915101888322453,0.0,0.5477416216414702,0.00901466905371287,0.0,0.0,0.0,0.0,0.009552519656705116,0.0,0.6338607180478739,0.0,0.0,0.0,0.1984473458843934,0.01463028997975832,0.0,0.0,0.0,0.0,0.0,0.2768724767542974,0.0
0.6829720688864678,0.47641514027767434,0.21552883422682112,0.14132349154259718,0.1087118170792627,0.35286888272537736,0.2634659206871873,0.0,0.033192970117915555,0.5846007066274648,0.0,0.15698788307606687,0.03998773909516806,0.0,0.7396390175179639,0.5791374515994961,0.5107161799436017,0.6908512899656292,0.0,0.0,0.5761633434742593,0.8451477239584707,0.0,0.5224262225699718,0.715229943709421,0.6023337761124206,0.6455138597675142,0.20971463709907168,0.695190530000145,0.09080288120706276,0.5769112338932925,0.07918499285372169,0.31304325590442605,0.12063637809377266,0.0,0.47757178535194145,0.43392830614895883,0.3316583010216666,0.16126391095595488,0.46157588762172974,0.308785380229837,0.10759716122196769,0.23195296055696718,0.4507393546869195,0.1596058508655437,0.5457523957393308,0.6276842450733064,0.0,0.13855727471802182,0.2660966487118354,0.2606275693200133,0.0,0.0,0.1563403671559076,0.5061362904224281,0.0,0.34376584378863595,0.5171372874374787,0.07710474849038398,0.44081499473811037,0.6037852356632729,0.34904448298908397,0.6431827809757762,0.0,0.738597354140521,0.5939565726642844,0.7477519066719733,0.0,0.3998106104204192,0.7951983500095303,0.6669067191138494,0.4969973534835065,0.5888600501446403,0.5749183699129232,-0.007913363141463958,0.2293325329809592
0.7026231729298528,0.2206464558179677,0.3152114582984029,0.11213425830028724,0.1794694178351438,0.18704899009465958,0.27794612140949493,-0.013560733550663728,0.30235506393444156,0.5715084223593748,0.17878040578145174,0.1988101548271461,0.16381666876294954,0.0,0.4870222535423079,0.4014612553882398,0.4334028347983129,0.48096226290833577,0.0,0.5761633434742593,0.0,0.4989792663445537,0.0,0.43313622854236,0.5752581525895768,0.3328005247673181,0.3934360486195201,0.37471889535042513,0.5752941835005166,0.35005515734213355,0.6198759409531636,0.1084532576324549,0.2997388505732105,0.14869977457910702,0.08858633005749363,0.4359583106178425,0.22746657613933435,0.13786560428982386,0.17311462997722696,0.44849694293542186,0.20115656142672664,0.0,0.24982432428413803,0.17511501649080602,0.13697500386800493,0.6960679397161775,0.34183047458934845,0.00017348792221627551,0.12074988002533288,0.3387856934734726,0.1259404006481628,0.2833680511293811,0.07988081765366573,0.3156816963208312,0.5650464967643966,0.19992913976267934,0.29089240670049477,0.5533609325806422,0.0,0.1347549969219205,0.4466156135341588,0.39147811453398723,0.5356345004125148,0.0,0.358373287783445,0.7130478507149177,0.4332615362569705,0.025978911411306316,0.4087291528707103,0.6282713036613434,0.488794575562706,0.3646085431192894,0.5201755647372648,0.4905434857803795,0.08568947512852085,0.07640982452841025
0.6614278604364556,0.683497293662803,0.0,0.31232232383612457,0.29029107553302164,0.2274054063505511,0.4084580466654445,0.0,0.14070718535080257,0.7128291434993441,0.0,0.280505450927421,0.08807558569239737,0.0,0.6665470199219624,0.7080578594400453,0.5769531798931733,0.7214506035106076,0.0,0.8451477239584707,0.4989792663445537,0.0,0.0,0.6055560333858873,0.8270209888138229,0.7002945618527555,0.6807861573093534,0.16292749284426777,0.5197831688224928,0.0,0.6805342196794038,0.28672748293226274,0.3561688856809172,0.09660672280894765,0.0,0.42907326527211803,0.4782536910605425,0.3473723986184464,0.34258103737619094,0.5234586659125721,0.25639566617063725,0.13665606392475044,0.2659309546437291,0.4347231170862823,0.22450746964285748,0.6133753058533404,0.7416497667117571,0.0,0.24663246014400783,0.3592543197930474,0.2809731954879871,0.16333620478065863,0.0,0.28833540382373934,0.6295828808985164,0.0,0.4808199066856612,0.6028305342288456,0.08056245495657285,0.4538464240329085,0.6052826288397849,0.40047462983613463,0.5660957187749458,0.0,0.7260601195863556,0.6913127455322645,0.8238593145144327,0.0,0.4674258770870977,0.7739634517373406,0.7560476903707456,0.619346732699238,0.6108296278152971,0.5609192236968307,0.0,0.209036183535871
0.0,0.27158214914656026,0.33533349935800616,0.10060206234369291,0.0,0.6629336791484374,0.0,0.6138629606794694,0.0,0.0,0.06301356142384729,0.29694757100421165,0.0010370967751724414,0.34579341119312734,0.05122569977647373,0.0,0.0,0.0,0.24752866238721863,0.0,0.0,0.0,0.0,0.05965767127486643,0.0,0.2230836282546337,0.19363625102309956,0.0,0.0,0.0,0.0,0.07595684404933134,0.0,0.0,0.0,0.0,0.0,0.17485434538298514,0.020340720930597342,0.0,0.07849887418618363,0.3344774907609426,0.0,0.0,0.10130160303994576,0.0,0.26787362031067563,0.7706032802932544,0.0,0.0,0.7606415172827143,0.0,0.7153101485991529,0.0,0.0,0.09911804945328773,0.2674438220518768,0.0,0.2982750147622597,0.08837324424289317,0.0,0.002630882661188938,0.0,0.25863866338507857,0.11553111929274112,0.0,0.04524908777033726,0.8699628880703443,0.15343878860644633,0.0,0.19613620631323225,0.0895866097170519,0.0,0.0,0.11578392327839372,0.19641544106579786
0.5220667761892441,0.5618012471296263,0.2338772487757269,0.3041008371507533,0.20786631184589827,0.3272350394053256,0.34066141297509445,0.2583456699329422,0.26233758323408607,0.7457021979614402,0.10842080326623843,0.7130561339643966,0.4227391593336508,0.22660566515048797,0.2678542454836994,0.46116600033884225,0.7164216069865292,0.6283229248887137,0.0,0.5224262225699718,0.43313622854236,0.6055560333858873,0.05965767127486643,0.0,0.6923769738251035,0.7509152417803366,0.24976422786394126,0.43014936716952745,0.1497594012730656,0.240994676558401,0.5391086392605494,0.33344090973608465,0.4226334394098929,0.2969013270782771,0.0,0.5714003991264843,0.4206651391942011,0.3273004487165968,0.2958525173724343,0.6307438414792641,0.34152282036892395,0.10221518631182065,0.608865479903436,0.46239251490752564,0.29994261141049267,0.4865889404389896,0.5102683905147803,0.0,0.23130261290401932,0.36400423540674587,0.21955919131687857,0.20956920705119944,0.18796935760640426,0.31883822359311254,0.6621783013175656,0.13593227556417248,0.7346533720155841,0.5917592056313561,0.08576992487053545,0.09295866093521536,0.4257606408475879,0.6074471983641532,0.4801193763136191,0.0,0.45562817527942345,0.4825525433403205,0.49850810276647284,0.0,0.7196457725715807,0.5128307128455027,0.7007747325729883,0.09078021346437509,0.6102857762862552,0.05382003369993327,0.18818613875046225,0.20883277602432213
0.7530791219768318,0.7022088171738557,0.1235268100693338,0.30974175974435275,0.28232700046494974,0.28819683992931594,0.45239862440278017,0.0,0.32635293446644253,0.7958846884235191,0.0,0.45393197345476166,0.2437738781449525,0.0,0.45586656043963525,0.6813197014268041,0.6804305360366747,0.7573497571087068,0.0,0.715229943709421,0.5752581525895768,0.8270209888138229,0.0,0.6923769738251035,0.0,0.7631725271639201,0.5241518582835731,0.373901149318443,0.3641502782251962,0.08984875935684625,0.7104920320427939,0.43097337463758384,0.40260572847221676,0.21552995192336438,0.018513241473511508,0.48225739235805587,0.43858052496455663,0.23219051631478393,0.43462983973418057,0.6226642671918825,0.3336807000814509,0.16616334688911563,0.42218960779784304,0.351668637961232,0.2391748254839366,0.6990367293971977,0.7075241295291195,0.0,0.30024989762546206,0.45086137865101045,0.2673999359536434,0.2890204190382169,0.0,0.45397220353276924,0.7772583528435508,0.0,0.5611491817527021,0.664514890946438,0.0,0.21787168502380658,0.6760671575649031,0.6270086132795517,0.5916433487477344,0.0,0.5861638589409112,0.6541342772655407,0.7051735515182066,0.0,0.6228307574344754,0.8454738349376723,0.811308659213439,0.40756414574450023,0.6164910448192567,0.34517183382140304,0.2078861173821398,0.3549973444084232
0.49329093960497944,0.859025848037278,0.19455269283323512,0.30994473387340715,0.1646953270704907,0.5177386908284941,0.3051318530006007,0.20191345876953304,0.12822955681955672,0.6499703032791104,0.0,0.648451768062508,0.3329136615784498,0.22834583251166818,0.3563191294786319,0.602900832335159,0.6638889959890082,0.5612903308048529,0.0,0.6023337761124206,0.3328005247673181,0.7002945618527555,0.2230836282546337,0.7509152417803366,0.7631725271639201,0.0,0.4574176160422408,0.23365197603042864,0.10343284128834726,0.0,0.37057914867538877,0.34301198011212763,0.3701726324465635,0.251635133213406,0.0,0.3899805421375878,0.37534597160627214,0.31703779427102763,0.2723701548919126,0.5981938615243803,0.3571772513508081,0.26577321573417223,0.43012839020475263,0.420470858375669,0.23681024722276886,0.3939671405228741,0.7398734341101981,0.03667432343050386,0.21899366998042782,0.3149016846877948,0.38721454806297867,0.06042763085026631,0.16893476458622714,0.32051445732610795,0.5503012132177657,0.0,0.6976633952230513,0.5691338643520167,0.15258948504140016,0.2480363964270519,0.44909339824244,0.5334364059900344,0.38910571760033646,0.0,0.5792691795988274,0.4107742520486205,0.6118727248463126,0.05609770617445764,0.6321846878308623,0.6141910400171171,0.8512653697669048,0.256077406294765,0.4752453760967382,0.037455886309549186,0.15935719208640214,0.2530593917888894
0.39465414641815255,0.5865181889264958,0.060776071597341774,0.18742299640061016,0.20940035362739606,0.5046429084209434,0.3416096658449982,0.0,0.0,0.3530729776590134,0.0,0.06019662730945266,0.0,0.0,0.676113125779566,0.3963818048869578,0.18288594829387528,0.42361890675650454,0.0,0.6455138597675142,0.3934360486195201,0.6807861573093534,0.19363625102309956,0.24976422786394126,0.5241518582835731,0.4574176160422408,0.0,0.0,0.6211017223377092,0.0,0.3133602399959191,0.0,0.09000289225572515,0.0,0.0,0.27630074993414666,0.364577083857469,0.2490567716997606,0.08707533352841024,0.1972368942695896,0.09749504646888736,0.2816863831986398,0.072930871145096,0.3119633627814922,0.12445237522930667,0.2714798343495265,0.7116071651094235,0.020943518299965214,0.09231106111793906,0.19817437575500102,0.5486334085296456,0.0,0.09530271065418833,0.10651523347665204,0.33231123330895607,-0.00649219133193657,0.24039470549668812,0.42120773286336854,0.18703230783121227,0.4948697375759615,0.458185893042806,0.11009259644109198,0.37417446760766254,0.0,0.6260285232411409,0.5027838224012686,0.6299533651481398,0.2795673119654279,0.1887694501562165,0.6890917912537824,0.49894639436784916,0.8520829276154855,0.3688510948902161,0.6673220952354747,0.0,0.14562899557708833
0.4133381574731332,0.08232952668661456,0.48386356929917174,0.02857693304296205,0.05686442762883209,0.08540392768520694,0.2941963642660933,-0.025607416317092624,0.45281704979951065,0.5261205274453796,0.322573362270424,0.294681827585349,0.590095046569778,0.0,0.0,0.3496960153221877,0.6241518695108659,0.5473040028473045,0.14300514083065663,0.20971463709907168,0.37471889535042513,0.16292749284426777,0.0,0.43014936716952745,0.373901149318443,0.23365197603042864,0.0,0.0,0.22905560306558229,0.699801731536713,0.4901168924008041,0.17656258209099074,0.3523216805399024,0.38641560476655645,0.06951606040428038,0.3630799754132542,0.18159735043671393,0.0,0.25377399085736346,0.46551225964709253,0.4254810209039469,0.0,0.42765564670302236,0.17086391662689426,0.14346578621068842,0.4670899731054954,0.0164983430370772,0.03862686879420435,0.28416949554178167,0.29653579212050585,0.0,0.30226541954003616,0.0,0.25346113886456695,0.49999125779706766,0.2462054074016928,0.3008468534119409,0.49701853823803754,0.0,0.0,0.4519279515234388,0.6106458998428332,0.5425568096957543,0.12221306400733786,0.1489092833558135,0.1297692600067951,0.14426141493657013,0.0,0.4458551760674655,0.2647580695694205,0.21421914707174938,0.0,0.5458828421065753,0.035548773945447726,0.5704338358047272,0.29726365426015616
0.5373526255463739,0.03184175538905304,0.2591359398942292,0.0,0.06228477868992566,0.11625788761691624,0.23443846514395936,0.0,0.02827010508519595,0.35107531601924946,0.0,0.0,0.0,0.0,0.624248293504164,0.335049005744589,0.2116379711302423,0.5730965114051243,0.0,0.695190530000145,0.5752941835005166,0.5197831688224928,0.0,0.1497594012730656,0.3641502782251962,0.10343284128834726,0.6211017223377092,0.22905560306558229,0.0,0.27057854243749163,0.5202344337346766,0.0,0.15883046440112808,0.06764395010651478,0.0,0.3213124119736319,0.2500802990552087,0.15608405912056392,0.0,0.13917879829438484,0.06868088007148028,0.0,0.06322652618398752,0.29055120788901095,0.06946477681358945,0.4363469454929759,0.2690637015719112,0.0,0.04645296507849955,0.14558568478489206,0.0,0.08611762913169807,0.0,0.01781315468726724,0.2982422370757821,0.015778481195369787,0.0,0.34378133989483084,0.0,0.23237096049819708,0.4676029791791302,0.10842439124463696,0.5917047200260124,0.0,0.45173333195625365,0.4312006113260275,0.4517016510102897,0.0,0.07647834667438816,0.6339826574477123,0.2244215279516193,0.4966679706514294,0.41632971121847145,0.7692875766561601,0.027374331436291227,0.11377446661750379
0.2284924967519184,0.0,0.6259955466447514,0.0,0.08382736229673107,0.08527824937389308,0.16263573230133926,0.23563258657665798,0.39286620111372056,0.26510233587511134,0.447464568986611,0.14117356988581295,0.3727702902000603,0.0,0.0,0.08196890001421928,0.34400670435403047,0.30607764213126026,0.4101586883678706,0.09080288120706276,0.35005515734213355,0.0,0.0,0.240994676558401,0.08984875935684625,0.0,0.0,0.699801731536713,0.27057854243749163,0.0,0.29630170709562975,0.09635904939845577,0.17588751919280787,0.33440475452687024,0.038153755229239514,0.2562830001675407,0.007927808589190954,0.0,0.041241069077231976,0.26374634264817515,0.3168872519264185,0.0,0.28273137271198734,0.09909314340850936,0.041999333541161366,0.2786903413432211,0.0,0.23740319910046714,0.0,0.17807629654343404,0.0,0.24156916702108375,0.058129766502778374,0.21909640531285401,0.2567010448483756,0.37396648650909226,0.14555574020300496,0.3135124952609458,0.0,0.0,0.25225447319668437,0.4099774500940149,0.39824837872531765,0.339169112954456,0.0,0.0,0.0,0.0,0.4092737809633304,0.1030658889204957,0.0,0.0,0.3799969376857343,0.0,0.5105406969106081,0.10254299206601633
0.7144132395176919,0.24601532931113004,0.059818349310836266,0.2334046031772946,0.26305761594225163,0.0,0.4488495572326322,0.0,0.44214334735374194,0.769168595819528,0.030956659669538922,0.20970131881200826,0.25218261277006876,0.0,0.37900195020583716,0.5813254320031954,0.633712744391738,0.7218964312470887,0.0,0.5769112338932925,0.6198759409531636,0.6805342196794038,0.0,0.5391086392605494,0.7104920320427939,0.37057914867538877,0.3133602399959191,0.4901168924008041,0.5202344337346766,0.29630170709562975,0.0,0.24434345784353645,0.47939930938578357,0.3057744464129438,0.24147400882443648,0.41536496812610435,0.333888974180452,0.18776102335219963,0.3256539885289143,0.5470468441906293,0.2144890015773672,0.0,0.2760038536025946,0.22840988797312478,0.11801671974306702,0.7387286975494772,0.31343041934581856,0.0,0.34653062860377887,0.37506328319230486,0.0,0.5113239156508343,0.0,0.43798277343042336,0.743966546702796,0.05793461807496686,0.30268508315374043,0.6208645491610908,0.0,0.12348643166192877,0.40937075612527385,0.46447093068025974,0.5964860688568009,0.0,0.3262007516452626,0.5938874089136037,0.4343456448768615,0.0,0.41402856153423584,0.6044987110443889,0.45623121323540616,0.3309269389975926,0.6312257180234984,0.475759084220845,0.06832286340905813,0.11115499573110377
0.1486764407694393,0.3398638801027677,0.0,0.3426403396939683,0.3540740022762663,0.12236307140593955,0.2912469975137024,0.09877875941071193,0.261310200629539,0.32239964135873944,0.07507150958142758,0.38378464042568794,0.27835620815348744,0.13210586039224867,0.0,0.22025688669430415,0.34505368286213095,0.2380073439237773,0.0,0.07918499285372169,0.1084532576324549,0.28672748293226274,0.07595684404933134,0.33344090973608465,0.43097337463758384,0.34301198011212763,0.0,0.17656258209099074,0.0,0.09635904939845577,0.24434345784353645,0.0,0.2322608860706153,0.13725313894933122,0.04267651207903733,0.10741437532964383,0.13967659511961097,0.08467982993840446,0.6684886404437959,0.3984042219079259,0.4457209279720815,0.29760073040974483,0.22041341966561304,0.06097898890332941,0.27730774081285126,0.16467477956811277,0.2663269379313114,0.02901087051218272,0.11664750064310281,0.2029469636496769,0.20459266390337896,0.27100023124490247,0.16454970908713898,0.13166579048670288,0.4149597145427441,0.13123839084875896,0.42214750418291325,0.3137635240299758,0.0,0.019398454640715546,0.26274290457027716,0.44234704536554104,0.2781811673148239,0.0,0.2168356497951103,0.24585163510558977,0.3013342750714204,0.11339415857650811,0.5065041979326055,0.22846948027069658,0.3241273218917797,0.0,0.29511203410451914,0.0,0.22268388406019002,0.40511145828463246
