0.0,0.30756554875283215,0.18657031173465707,0.06903928292907474,0.06891423344318323,0.06851372442100714,0.28275426191644365,0.0,0.3287539786064625,0.6760762595253393,0.0,0.2343460731670885,0.07674013037922042,0.0,0.44420513872605194,0.6162393938678221,0.4956116029780602,0.6112020197106576,0.0,0.6501797695336334,0.6935060136061546,0.6472272572830711,0.0,0.5168382755102177,0.7419284526823344,0.4911874451911143,0.3907213447051615,0.3994465675937231,0.5409813727382329,0.226251177282186,0.7160738000411803,0.15797152731127023,0.43663271800115444,0.2510720305041244,0.16281496597595874,0.3071770380394978,0.25193072956482176,0.14079888821803932,0.17781103148623806,0.5186433171006575,0.17372308183374666,0.0,0.1821506714023442,0.1794991159786245,0.06630547237579797,0.7840346560182285,0.4009350824772945,0.0,0.2034448843350996,0.31042520966006615,0.0,0.3290298429221406,0.0,0.40340665996250524,0.6738402783441944,0.0,0.24423327026427502,0.509134719113441,0.0,0.17696004101941754,0.5246061824850763,0.46113374631241405,0.6074352449434197,0.0,0.38740567876802906,0.5979198109743904,0.49347420643458845,0.0,0.43789822535425177,0.7539966558366393,0.6131857749938395,0.32621714354345394,0.533241705788932,0.41502946051256695,0.1128118064213465,0.15901365389232977
0.30756554875283215,0.0,0.0,0.42128383868190633,0.2906022530591469,0.5579165449436388,0.3752527053760423,0.09292587605950203,0.05473469265952005,0.5213070311001134,0.0,0.5423932246876362,0.2902523799304121,0.28078141111652866,0.33253457627819455,0.5291650501643973,0.49033964707480704,0.4404229821488279,0.0,0.46174557853191517,0.2126257207552727,0.6706747584583792,0.2682247296108757,0.5658113654461321,0.691544125429764,0.8542371229772497,0.5713592610306493,0.07434576589785036,0.03347589198233514,0.0,0.23903510275950812,0.3489236706656199,0.20375901413126407,0.10072997093969813,0.0,0.2815916038975589,0.3892826628326058,0.26281516921020165,0.28090241602431953,0.43953102797380617,0.2558241971304973,0.32534745646625984,0.35193627945297984,0.4279981293045053,0.21512657028060203,0.23981234936930884,0.8382091047796351,0.05231417138573194,0.1879601323839965,0.2934891286063701,0.553630552268098,0.038455922204701704,0.20686345217134305,0.24175017374292646,0.47820335552040605,0.07770567872274597,0.6723302860316869,0.547436467589907,0.1777595104349526,0.344368937404486,0.45614383919655427,0.43742328827966914,0.25050698303791796,0.0,0.5396999976477033,0.3835768793489531,0.5841867217757024,0.1922366266189689,0.5367958727221463,0.5632426208437102,0.7750955497351145,0.43665767745621487,0.38841570094989464,0.10078767390185261,0.13078220743311353,0.2399521235373298
0.18657031173465707,0.0,0.0,0.0,0.0,0.4888451342161019,0.0,0.4115874407831503,0.1809797234761702,0.1432078088875144,0.33930731828164357,0.1738670122170604,0.32457946541402843,0.0,0.01955499695649371,0.07776846344889571,0.21304858979366886,0.22717075158546512,0.42226246281272783,0.21592156455674882,0.30683312286442077,0.0,0.3305722174120661,0.23346779730119105,0.11520969015200969,0.18788133088149267,0.0798578185029234,0.48151927142489587,0.2643850759572135,0.6390699357560718,0.06052742000541805,0.0,0.0887528644845717,0.2610225139845306,0.0,0.21610226948464598,0.0,0.052632228847197926,0.0,0.21183523414258754,0.311341589704393,0.0,0.14408880648378308,0.02251639958501639,0.1032834134906743,0.12021374228317257,0.0868981516308529,0.5811087512903121,0.0,0.10869389408087832,0.30544994440712175,0.0,0.27073379210169185,0.23191276503891722,0.15005101360779358,0.2675381179445464,0.18213184318979803,0.25095134145037223,0.0,0.0,0.36282033832207666,0.38916488406866123,0.3622380389716772,0.4306527092972375,0.2393088985703139,0.0,0.14699859899248197,0.1956161725831661,0.30299328354060456,0.21400300008134057,0.16771255244222286,0.0,0.3852791277810712,0.07022108921424469,0.5496015660386232,0.3470890438953055
0.06903928292907474,0.42128383868190633,0.0,0.0,0.4296906588074619,0.15083589925809823,0.3555879243336472,0.07815026357912971,0.12348255655766414,0.27201526403295595,0.17165541445161056,0.3107111241849697,0.07814108500338776,0.39268247124431294,0.055249617632157896,0.14976250950469533,0.2454117070686402,0.14725453271264974,0.0,0.1332750022999194,0.11105762470704253,0.305317903963953,0.08890835906473347,0.3061781622156387,0.31615974200561653,0.306359108096508,0.18305675541114774,0.022482761437618792,0.0,0.0,0.21544505699219785,0.3374665704542792,0.2805340745542693,0.178264687270058,0.0,0.24263977107660278,0.2730004909111027,0.3557292738071292,0.3084263582814226,0.32942418078987473,0.19720464516683686,0.29861779261674043,0.3365480275750521,0.2512985698724728,0.3010007802614037,0.18523461639997768,0.42355115377600117,0.0,0.24545340326772913,0.22009312950971954,0.2966947572625543,0.18199275925873915,0.23432456362204568,0.171293094444182,0.30731316010743254,0.24438453647474223,0.416815174425161,0.327912446169181,0.050914330643408445,0.07491876924129377,0.1466404857770232,0.13338067029253634,0.08264161745092727,0.0,0.1752435820174139,0.34780426165988587,0.24491333139988763,0.10443043087219245,0.33542540758741485,0.21098230971720716,0.34730460827228693,0.17456791859001874,0.22150966148560425,0.03966321947618418,0.0,0.0
0.06891423344318323,0.2906022530591469,0.0,0.4296906588074619,0.0,0.04236467093496277,0.5839927676765201,0.08693319661736879,0.4585621265766616,0.346060314818307,0.5178077216020068,0.2976917730814079,0.21528602972217178,0.3876080927496355,0.12668992939572665,0.1486083380594987,0.29259262393584484,0.2343748531992236,0.14110726592859996,0.1203746811374305,0.1814481111295348,0.29237119993639493,0.0,0.21197119516100446,0.2725484315290803,0.15343262297264257,0.21786138478011735,0.046914624872123,0.06093602211297028,0.0934659401198448,0.2579470969317002,0.35204796956837187,0.1743217568266916,0.07310562338578086,0.0,0.3748711646979527,0.30985714283846766,0.2313139776895745,0.3054174578442176,0.18340949203186468,0.12392559681988391,0.2105068964623979,0.4296654311278997,0.19633067749438726,0.2615410493981745,0.18668508880352924,0.3185501730348684,0.0,0.1557159627919085,0.4469749703978735,0.15983410231702683,0.384866425169196,0.2764493402653172,0.2697898169218775,0.3116372058276913,0.48630085582133653,0.39423668320840666,0.4460174579514168,0.0,0.0,0.13806850223364475,0.2082473898072127,0.23417483088974106,0.10259316023174397,0.07330960272767595,0.3183415610964757,0.17018167730626654,0.10807567524226971,0.34965990595199625,0.21048494907187457,0.26772024067540284,0.17658078025566473,0.2932590688743403,0.12698142915438673,0.0,0.0
0.06851372442100714,0.5579165449436388,0.4888451342161019,0.15083589925809823,0.04236467093496277,0.0,0.1506062533353855,0.45706773594756267,0.0,0.15414347052513216,0.09814081448769196,0.34622331459439104,0.3597329342359081,0.18762189346328045,0.2499660748154287,0.15119828065791852,0.23016384099821244,0.23499139867517493,0.06561613752768414,0.3545311388489706,0.19514280114701182,0.2339432567546207,0.6632634423456251,0.33095820418350663,0.2810827388202139,0.5120896637294327,0.5102634643457382,0.08642088102092521,0.13089162621621858,0.09445888073525979,0.0,0.1283070392392009,0.0560530048485513,0.13176884364869826,0.0,0.2977169255402183,0.1164698383120331,0.21594460868979615,0.1101560478252199,0.2060330292129015,0.3241701877513977,0.3472575707110604,0.25143668671865826,0.2831816246906316,0.1182755611834987,0.0,0.5711815998320261,0.5944068064412805,0.02185089119063245,0.07142622702765605,0.77514709410422,0.0,0.5158050441054379,0.021621305569812732,0.15659377260677249,0.18518913975056248,0.465527050256577,0.39890141760933673,0.24060254236031378,0.14675658351794882,0.29207974478496496,0.3209768897954178,0.2211047694794022,0.08451093377752261,0.43821715105837117,0.13154791177697314,0.285306168805901,0.5298673018317913,0.33604560925422233,0.36014096365864556,0.4085762073468461,0.23390923088243049,0.2604838307079175,0.0,0.29475915345967335,0.28449042746050834
0.28275426191644365,0.3752527053760423,0.0,0.3555879243336472,0.5839927676765201,0.1506062533353855,0.0,0.0,0.5484540072037616,0.5228241128023328,0.3400910244715119,0.3414744754952,0.4328528038002691,0.14777601759832082,0.13241596677236406,0.3039655459063623,0.41548617803530463,0.4570600069435008,0.0,0.2621782510547791,0.2826048707106313,0.39863680661486545,0.0,0.3343938695748603,0.4273434377257177,0.28769794888458544,0.34397008546653335,0.2879039351952721,0.23814093880933915,0.17548324528921422,0.44140719301276904,0.28827541358620756,0.35068285370608776,0.1464420625032134,0.05843816392957659,0.45836140451988705,0.33133683661630475,0.185163701743606,0.2880293710794163,0.3452529144230401,0.22744621496864104,0.0499507109982308,0.399472545065257,0.21187327453636395,0.19140993325742636,0.31302400603098707,0.34978729998607117,0.0,0.3980890398328238,0.40330305496163127,0.07317234222650928,0.35623938737050953,0.037698785485836245,0.29768889769081414,0.5372526093343244,0.3675790499482141,0.4668727568779832,0.6113978397400451,0.0,0.0,0.21647380388390436,0.3298245962761636,0.3381159364798092,0.0,0.17646365662209282,0.38936392409454573,0.26646209417307576,0.0,0.3920933765407578,0.34876872621509125,0.28754764211224343,0.25662258868070603,0.3514633263072462,0.13985232792723287,0.0030765845339114084,0.0
0.0,0.09292587605950203,0.4115874407831503,0.07815026357912971,0.08693319661736879,0.45706773594756267,0.0,0.0,0.0,0.0,0.38646298656774897,0.42923180334369426,0.236517494160263,0.3293385170636814,0.0,0.0,0.05650301293225518,0.0,0.44124244317127814,0.0,0.003938179421237364,0.0,0.6127078725005322,0.2674568919574316,0.0,0.200149841291195,0.0,0.0,0.0,0.24206422355298712,0.0,0.11205974679428227,0.0,0.07326664044838277,0.0,0.16128576961560448,0.0,0.1706974373413721,0.0,0.045261229613375836,0.16160630167227202,0.1461373567897714,0.22991915277308245,0.04822875993327989,0.14806814189911333,0.0,0.0379031028390821,0.5448410230028946,0.0,0.09143441772773858,0.41231625821805,0.0,0.6317796436230927,0.0,0.0,0.3397207810780234,0.40421901783472575,0.0690701726855259,0.17337004100018177,0.0,0.0,0.17783828265083726,0.0,0.3691838242791767,0.018921896078920974,0.0,0.0,0.43771415120569357,0.3262329590913199,0.0,0.09142348596884359,0.0,0.06970967059196187,0.0,0.18079238202156878,0.02632436846216562
0.3287539786064625,0.05473469265952005,0.1809797234761702,0.12348255655766414,0.4585621265766616,0.0,0.5484540072037616,0.0,0.0,0.41515895976544204,0.4972077525073022,0.337874244059271,0.467720010549314,0.0580105314377755,0.0,0.1978015562888451,0.36710471951713947,0.3133537578706537,0.18495170412408846,0.028437972506161868,0.2905819601218538,0.13456739768832943,0.0,0.26074276368646515,0.3067843859561935,0.12172336800933209,0.0,0.44082760441515817,0.03689802036467632,0.39310498925567927,0.4257896112420918,0.281925314888687,0.499013100001601,0.3619409178626573,0.13614213167666311,0.2862592810165474,0.12057417791582095,0.0,0.304745550885742,0.4197206389740355,0.2606036561669456,0.0,0.23882831512806257,0.0,0.16248414455148757,0.3837704382165257,0.0,0.12592186200798205,0.19856543711503022,0.2419186927356139,0.0,0.6883903937343756,0.0,0.6884128012822149,0.4559922198707752,0.33073485921939094,0.23407144043112707,0.4001797297787735,0.0,0.0,0.02118995175209412,0.3949390413507718,0.27520649173089196,0.19090553997963028,0.0,0.17610371546917145,0.0,0.0,0.35292842753209563,0.14579326088382702,0.11995388858574335,0.0,0.18826353601895668,0.0,0.16071199697657382,0.0
0.6760762595253393,0.5213070311001134,0.1432078088875144,0.27201526403295595,0.346060314818307,0.15414347052513216,0.5228241128023328,0.0,0.41515895976544204,0.0,0.197036583784578,0.5433064601339658,0.4620876563818699,0.0,0.3216236578771619,0.6828225897079623,0.8675053445862567,0.8020086107336224,0.0,0.5702917813336534,0.5694145918949296,0.6993554363110066,0.0,0.7629326128168905,0.7906998501253057,0.6431418893985195,0.3467940417555005,0.5154665705152033,0.3371894064109924,0.27092773435572887,0.7630017061847787,0.3301843321203983,0.44536802073234283,0.2590369719738229,0.0,0.5723345708904842,0.4740033420005867,0.2816637458281652,0.3106372016765947,0.5703235005173781,0.3059767051493343,0.0,0.5362144567652101,0.3964224707410558,0.2621974463386167,0.7020930135900761,0.5065804553445448,0.0,0.3094979753647791,0.5589384421986778,0.03982078401384648,0.4071519901829148,0.0,0.4244075949463427,0.835252688803131,0.22110368247889217,0.6432013260206938,0.719898035903755,0.0,0.1186516068761492,0.5682354050521069,0.6476076157772903,0.6251337203867442,0.0,0.43476362940783886,0.5824061159473681,0.5251946229538538,0.0,0.6356220155156986,0.6178825036596434,0.6298616744805743,0.28626672440221734,0.7255258696553921,0.2868205238899765,0.14802340195866795,0.19665766345085045
0.0,0.0,0.33930731828164357,0.17165541445161056,0.5178077216020068,0.09814081448769196,0.3400910244715119,0.38646298656774897,0.4972077525073022,0.197036583784578,0.0,0.24859403008945272,0.41171096177522404,0.19422826534879997,0.0,0.0,0.2261531701705361,0.07210392850865513,0.5592587251457747,0.0,0.17177873682241437,0.0,0.058594459850235425,0.10470742036008106,0.0,0.0,0.0,0.3197128926145403,0.0,0.45771701660977954,0.030347472685690075,0.08226649086594884,0.023077911669925122,0.06933147066559014,0.0,0.35121460159207774,0.06213907557135951,0.024550475184686588,0.06587624060755169,0.06639456028355517,0.1073380978247015,0.0,0.4647915940392937,0.01864169456933895,0.1774989332076487,0.03400572546698341,0.0,0.2562691325487996,0.0,0.3974245002902841,0.05136379183061732,0.2618911740657436,0.3185033230345277,0.3048093944182224,0.14387482030583854,0.7384070624881919,0.25557295815411324,0.2948105328955227,0.0,0.0,0.026116454594240224,0.26758734315820776,0.12772268376745813,0.48752642636346827,0.0,0.03988205584252991,0.0,0.0,0.19770480079826364,0.0,0.0,0.0,0.23444220661991252,0.0,0.24751305937138107,0.0
0.2343460731670885,0.5423932246876362,0.1738670122170604,0.3107111241849697,0.2976917730814079,0.34622331459439104,0.3414744754952,0.42923180334369426,0.337874244059271,0.5433064601339658,0.24859403008945272,0.0,0.4392132448841051,0.36037447405604484,0.0,0.26082088089709216,0.5433954094029784,0.31768817026574664,0.07251110597924612,0.1592972386814783,0.20548163602332994,0.286643380162846,0.29446488865031706,0.7049825273239143,0.4619456557941879,0.6526578671382682,0.059803824012787526,0.2930322987503732,0.0,0.14317910349973673,0.20804367900184956,0.3874160143585347,0.3722668635890918,0.25061442677617946,0.0,0.34216793127729234,0.2517116871751026,0.2765978416569416,0.2887914271770163,0.5147629899562847,0.33681430877077184,0.2237385224278569,0.502320599457173,0.25829070323760706,0.26951896386356466,0.22733441957610678,0.3736027903822851,0.13641952691078976,0.20644283238913763,0.30436452475879333,0.24918144132489042,0.30600211384881437,0.36297270399584936,0.31016291463934764,0.5174324352552773,0.19405487917147407,0.7826671969077635,0.4671011223477558,0.140382070167197,0.0,0.18275796031576325,0.5009941207284827,0.1718777060932431,0.0,0.19149950090761272,0.24190859219405014,0.21818767624997523,0.10516768918755848,0.6542456938240319,0.19739020737368956,0.5033601856803197,0.0,0.338839518505634,0.0,0.21545288740796803,0.2547064986031288
0.07674013037922042,0.2902523799304121,0.32457946541402843,0.07814108500338776,0.21528602972217178,0.3597329342359081,0.4328528038002691,0.236517494160263,0.467720010549314,0.4620876563818699,0.41171096177522404,0.4392132448841051,0.0,0.11552882460873619,0.0,0.2787615361389378,0.6042280163366078,0.4200781421635067,0.2169960789444375,0.035216439107709,0.16898364458618506,0.0881353591012311,0.029376848297469893,0.42380138434174064,0.22817004913936295,0.3162327635594475,0.0,0.5847085005092852,0.0,0.3926185366915395,0.25239100079170596,0.2984431794743334,0.23275823465467088,0.31648733096966647,0.0,0.35799461817259104,0.19219685542051226,0.048381529629812015,0.2232445658461581,0.3258788343149368,0.3300773769101355,0.020518202932781237,0.4266454980828967,0.1225404305823217,0.1701009256894607,0.08259934556189226,0.1306312958945109,0.17309422108159978,0.17889111044886344,0.24746773472855293,0.09850613529782654,0.35011298361276,0.14755488039525624,0.2522652401263873,0.41911781004831605,0.2903080360394862,0.457757752001811,0.4776818598861588,0.0,0.0,0.1784828208921271,0.5452993043729859,0.2658177496371084,0.17070233508716726,0.048823525864174266,0.06682351776637205,0.0,0.0,0.361549626088277,0.04732869119172656,0.14343860531870592,0.0,0.29614013492767877,0.0,0.37176595276357044,0.2384342072085861
0.0,0.28078141111652866,0.0,0.39268247124431294,0.3876080927496355,0.18762189346328045,0.14777601759832082,0.3293385170636814,0.0580105314377755,0.0,0.19422826534879997,0.36037447405604484,0.11552882460873619,0.0,0.0,0.0,0.028823616896964832,0.0,0.17307663111265387,0.0,0.0,0.0,0.34898587248753987,0.22675240448132322,0.0,0.2225084198185246,0.0,0.0,0.0,0.0,0.0,0.12871081082532537,0.0,0.0015566724125545828,0.0,0.1543814197514693,0.1795005094896885,0.21842900362818668,0.0,0.04534597061390119,0.0616072973582768,0.19597342235742302,0.30202287727480065,0.15813504707060655,0.17332404987729122,0.0,0.20445753838933545,0.21001810705663232,0.105136124658311,0.01958402340790885,0.23504802291692325,0.12596147799985372,0.44474497302941646,0.031068274575099752,0.0,0.20313712493822791,0.36441941039903036,0.09668179152410689,0.2669930594222485,0.0,0.0,0.0,0.0,0.2115809612219623,0.0,0.0,0.0,0.3136286006527386,0.17673226022774974,0.0,0.22010962830991715,0.0,0.0,0.0,0.0,0.0
0.44420513872605194,0.33253457627819455,0.01955499695649371,0.055249617632157896,0.12668992939572665,0.2499660748154287,0.13241596677236406,0.0,0.0,0.3216236578771619,0.0,0.0,0.0,0.0,0.0,0.28874410987020077,0.14703037440272537,0.298355134127668,0.0,0.7451594511518745,0.47077285837040106,0.6674481041427137,0.05581544572869157,0.2726610779351766,0.42895621050369137,0.3530617958117493,0.6705173229339113,0.0,0.6174258953486809,0.0,0.37009301606080125,0.0,0.05402930814612053,0.0,0.0,0.3124091783951024,0.3286832793480074,0.2728033242962493,0.03256826300593825,0.08633265158485932,0.0,0.07815977771264579,0.07284592668961282,0.3119675379133535,0.07456081593482047,0.37430175716269604,0.48075385242024066,0.0,0.08279346838368166,0.1605141252798687,0.2717547682955395,0.0,0.0,0.028760167541708848,0.280026963101092,0.0,0.15585361498815192,0.2976000169954804,0.1026939479858517,0.6378208328520152,0.3601077769966592,0.07637956744574126,0.3292614564069976,0.0,0.6104242463585166,0.5079976084143724,0.6080772549982362,0.11030286492490654,0.10755660864475367,0.5897149525841645,0.4520127882583858,0.6002204987834437,0.3558365094831414,0.6497808247628964,0.0,0.06816130544785873
0.6162393938678221,0.5291650501643973,0.07776846344889571,0.14976250950469533,0.1486083380594987,0.15119828065791852,0.3039655459063623,0.0,0.1978015562888451,0.6828225897079623,0.0,0.26082088089709216,0.2787615361389378,0.0,0.28874410987020077,0.0,0.7024738454105564,0.7172547983630405,0.0,0.5398711053459737,0.37520367985079944,0.6840516328712778,0.0,0.4830281239550436,0.6803187446873212,0.616087328778015,0.38055353511669765,0.3364996960781973,0.31147573383033034,0.07160994873371851,0.5694519071644336,0.22827134701892723,0.4214190551539485,0.16446518123089932,0.0671233448060884,0.24672606945614944,0.3334749159598459,0.22748310773013014,0.17870180446678374,0.5119720325963919,0.3197429483685667,0.0,0.17491197373432316,0.2877459283956481,0.1275246978202186,0.5617435582990672,0.47526690831882323,0.0,0.19025584132353607,0.3874524453241107,0.07350588584849554,0.25609285173050317,0.0,0.3048344099740358,0.5770825677894902,0.024339740734501097,0.4155043325397147,0.5232983146552244,0.0,0.204726214019202,0.5042646394601868,0.4649642925927475,0.5518258677039751,0.0,0.3896086675933459,0.43605502479127756,0.4868492105637962,0.0,0.37615799575810743,0.5938047112619778,0.6089331221621721,0.3401515010001408,0.5510470233326614,0.2828398367665524,0.11793803382833085,0.20322377888575158
0.4956116029780602,0.49033964707480704,0.21304858979366886,0.2454117070686402,0.29259262393584484,0.23016384099821244,0.41548617803530463,0.05650301293225518,0.36710471951713947,0.8675053445862567,0.2261531701705361,0.5433954094029784,0.6042280163366078,0.028823616896964832,0.14703037440272537,0.7024738454105564,0.0,0.7968996037967915,0.0,0.46878603963462556,0.4095052440964059,0.5429564442583386,0.0,0.7238273496139895,0.6670445874981221,0.6590264081890218,0.17005424225988997,0.6130873010170087,0.1895968503863345,0.34351847223643395,0.6066494020224009,0.35008637408955356,0.41283894651417075,0.26754321249710167,0.0,0.5299722793603223,0.41152222533508354,0.23670981589919815,0.312388593890662,0.5825064141939675,0.4238622068526396,0.10431452447232181,0.5484864615862364,0.39988691708536017,0.2070071106688859,0.5169289897952625,0.4210691460966968,0.0,0.2784499941275991,0.49439192782290353,0.05412562345312932,0.32903821454928245,0.0,0.30126680587685395,0.7111819103755065,0.20794022280416002,0.6685879565164548,0.6677640216550879,0.0,0.0,0.5125670003731078,0.7083412954134684,0.6358671432516575,0.0,0.34837945700144207,0.3896068883884082,0.406337063442956,0.0,0.6051225523597462,0.4898022870805092,0.5776021523944692,0.06288317943629262,0.6937472022118456,0.07264241144694034,0.2525690879447938,0.23204664559955324
0.6112020197106576,0.4404229821488279,0.22717075158546512,0.14725453271264974,0.2343748531992236,0.23499139867517493,0.4570600069435008,0.0,0.3133537578706537,0.8020086107336224,0.07210392850865513,0.31768817026574664,0.4200781421635067,0.0,0.298355134127668,0.7172547983630405,0.7968996037967915,0.0,0.0,0.6361392980417211,0.45120861664351464,0.6789077126150957,0.0,0.6405449967070307,0.7483067877784746,0.5584502665115183,0.4014904658235912,0.5323928552220689,0.5348693661818125,0.2934514594923163,0.7123726168066435,0.24561363766591243,0.39904158816044477,0.23437981160382032,0.0,0.5377957710732116,0.4211529816616847,0.20586202824114444,0.2813049088592001,0.5130734017421167,0.4024022194274113,0.07356070152691886,0.3944867069301935,0.3918140166861759,0.21090331421423827,0.5454166875121627,0.46923689650418615,0.0,0.2543379102470451,0.40708908209081157,0.05529887998949162,0.32071791459984905,0.0,0.2702973626323196,0.7097747273298712,0.10912145320953134,0.4562595945182557,0.6468896281193987,0.0,0.04035579733292868,0.6266361764811353,0.5972233345220527,0.7263110392999784,0.0,0.4811485779072453,0.4317612572164048,0.5239438936525835,0.0,0.523987098942638,0.6844734936361179,0.5452875483744345,0.25107131460624976,0.6715833251984926,0.35539361757411003,0.23366512650685983,0.26043934534981705
0.0,0.0,0.42226246281272783,0.0,0.14110726592859996,0.06561613752768414,0.0,0.44124244317127814,0.18495170412408846,0.0,0.5592587251457747,0.07251110597924612,0.2169960789444375,0.17307663111265387,0.0,0.0,0.0,0.0,0.0,0.0,0.0,0.0,0.24658643567816282,0.0,0.0,0.0,0.0,0.14935010942644106,0.0,0.4115939702537755,0.0,0.0,0.0,0.06423430330458256,0.0,0.0,0.0,0.0,0.0,0.0,0.0,0.0,0.13276499571473466,0.0,0.10107685958371011,0.0,0.0,0.4270482420929642,0.0,0.0989648244571486,0.0987242371775359,0.07369160569241362,0.3660478643777078,0.03657643860288867,0.0,0.5481132264595702,0.014326873258028255,0.0,0.0,0.0,0.0,0.009445008238168712,0.0,0.6424514965190963,0.0,0.0,0.0,0.19940079330502336,0.01756530093588085,0.0,0.0,0.0,0.0,0.0,0.2929663648915376,0.0
0.6501797695336334,0.46174557853191517,0.21592156455674882,0.1332750022999194,0.1203746811374305,0.3545311388489706,0.2621782510547791,0.0,0.028437972506161868,0.5702917813336534,0.0,0.1592972386814783,0.035216439107709,0.0,0.7451594511518745,0.5398711053459737,0.46878603963462556,0.6361392980417211,0.0,0.0,0.5674102365195713,0.8413416600780862,0.0,0.5241390430966417,0.6557062512936239,0.5838701194602054,0.6460726326968567,0.20030717717059232,0.6821041364642504,0.08842573754495942,0.5609587603461024,0.08680783835937173,0.29905297729908603,0.11165805800943321,0.0,0.49114921689808455,0.4305798976117732,0.2996650938960159,0.15837586810847204,0.40299436102279673,0.2667864325882102,0.09902960094018261,0.2207223682027872,0.42955957460851957,0.14147917356489353,0.5000140346917101,0.5993369108909571,0.0,0.14056614175256982,0.27889286762672794,0.24976839559918362,0.0,0.0,0.1476806271166924,0.49520052969036776,0.0,0.3433606798690101,0.49560154574034376,0.07442741713728379,0.45424645861613167,0.5684103836609637,0.3353079789278723,0.6129153353498967,0.0,0.7412850503167725,0.5818484503845751,0.7387675653702551,0.0,0.3966299597140809,0.758877727283196,0.6495602271252403,0.4943800587992107,0.5818587995704102,0.5521102675965078,0.007056919725108635,0.2222385293361048
0.6935060136061546,0.2126257207552727,0.30683312286442077,0.11105762470704253,0.1814481111295348,0.19514280114701182,0.2826048707106313,0.003938179421237364,0.2905819601218538,0.5694145918949296,0.17177873682241437,0.20548163602332994,0.16898364458618506,0.0,0.47077285837040106,0.37520367985079944,0.4095052440964059,0.45120861664351464,0.0,0.5674102365195713,0.0,0.48727241777717334,0.0,0.45151253859447416,0.5593120330879728,0.32529505273631876,0.3881160539333825,0.36299373563886583,0.576637477397205,0.36132552468860374,0.6109166147440273,0.12622178687281413,0.3108163925853795,0.15116338956699954,0.0833291773824534,0.4345727149840348,0.2184088032086893,0.13242627874166885,0.18499653405661928,0.44269522935523664,0.17581106394623267,0.0,0.24834627171134244,0.16112433939890075,0.13778426292135237,0.6788811021049624,0.344627090449726,0.006534730367919739,0.12772527670110234,0.3500234217981173,0.1386786473027737,0.28995780843592817,0.08343208386219314,0.30477019937056016,0.579075766250859,0.1941905399229945,0.31217773445301683,0.5618920651111783,0.0,0.13057249741270088,0.44439931538443045,0.40416278937746564,0.5358029255068328,0.0,0.3503544043253404,0.7130124395851863,0.42047195265936,0.041387071368774175,0.4277988066497607,0.6407023764587707,0.49581210852208735,0.35842947983965695,0.5216504676709913,0.48644360884653665,0.10146261445098659,0.08268766588997853
0.6472272572830711,0.6706747584583792,0.0,0.305317903963953,0.29237119993639493,0.2339432567546207,0.39863680661486545,0.0,0.13456739768832943,0.6993554363110066,0.0,0.286643380162846,0.0881353591012311,0.0,0.6674481041427137,0.6840516328712778,0.5429564442583386,0.6789077126150957,0.0,0.8413416600780862,0.48727241777717334,0.0,0.0,0.6099610457110631,0.7889477916856457,0.6913399393184972,0.6773843471538387,0.15383775812175943,0.5107500105970695,0.0,0.6704617164025042,0.29518429832335374,0.3532127901811821,0.09598158259011808,0.0,0.43334925721505657,0.47580817036262374,0.32168484133168956,0.3389255800378511,0.4850802833862157,0.22627000700952232,0.12610358275354824,0.25009812536663784,0.4098303307199199,0.20441654169457146,0.5845018469364588,0.7172484442034719,0.0,0.24330745433239825,0.3686986272234068,0.2742329952280127,0.1716510041582702,0.0,0.2815360129517922,0.6275375235861135,0.0,0.49020471996293313,0.5859624241134127,0.07528091019166312,0.4638014933536401,0.5854955089605095,0.3986893228991507,0.5511545904445642,0.0,0.7257691409425814,0.6759092078576654,0.8158404979049121,0.0,0.46719332707255956,0.7653904753996514,0.7578818953279707,0.6144092004044512,0.6017736314183006,0.550040704236005,0.0,0.20601128161249554
0.0,0.2682247296108757,0.3305722174120661,0.08890835906473347,0.0,0.6632634423456251,0.0,0.6127078725005322,0.0,0.0,0.058594459850235425,0.29446488865031706,0.029376848297469893,0.34898587248753987,0.05581544572869157,0.0,0.0,0.0,0.24658643567816282,0.0,0.0,0.0,0.0,0.07786342874065116,0.0,0.22445457572199065,0.19973091180730346,0.0,0.0,0.0,0.0,0.08228662924595664,0.0,0.0,0.0,0.0,0.0,0.15944526599632605,0.027771425018979168,0.0,0.06917006994411258,0.32550431387342804,0.0,0.0,0.09732705017656369,0.0,0.269670931800047,0.7721091093154765,0.0,0.0,0.7581250800595674,0.0,0.716908182222922,0.0,0.0,0.10734039608627732,0.28101795901023674,0.0,0.2944436720626845,0.09713887832684531,0.0,0.010343135600730302,0.0,0.27215616324000935,0.12432684059684376,0.0,0.049582217539527684,0.8675896219280087,0.16004498391638372,0.0,0.21468667969709465,0.10242507292215214,0.0,0.0,0.1367634836787524,0.19867701105625987
0.5168382755102177,0.5658113654461321,0.23346779730119105,0.3061781622156387,0.21197119516100446,0.33095820418350663,0.3343938695748603,0.2674568919574316,0.26074276368646515,0.7629326128168905,0.10470742036008106,0.7049825273239143,0.42380138434174064,0.22675240448132322,0.2726610779351766,0.4830281239550436,0.7238273496139895,0.6405449967070307,0.0,0.5241390430966417,0.45151253859447416,0.6099610457110631,0.07786342874065116,0.0,0.7056489204353584,0.7475768045833812,0.25363948900904865,0.4409770356769295,0.14363539357160426,0.2417220197229357,0.5586336076813904,0.31829228369184936,0.3965360711316891,0.2875420440353855,0.0,0.5603902647566008,0.42354521982315874,0.30941213439653953,0.2778016006872089,0.5944660580639987,0.3343736015347637,0.0934303064067366,0.5836510631427254,0.4328876504919452,0.2893380705008275,0.4852448356569608,0.5267663510602113,0.0,0.25743137283905027,0.3728963741196639,0.2229625172355919,0.22137542446035152,0.20042532596309673,0.3167274468624377,0.6844297977504337,0.13573755740762888,0.7357288361691917,0.5957727067852028,0.07674602552399938,0.1020283322757896,0.4288435900411157,0.6191698509309723,0.4887543190169791,0.0,0.4509510480068639,0.49754621622851425,0.5043014364947721,0.0,0.7088676467673704,0.5272207597495118,0.706476091008313,0.09541302209271661,0.5936506531361094,0.05146438645858259,0.18059732062009956,0.20491308693006824
0.7419284526823344,0.691544125429764,0.11520969015200969,0.31615974200561653,0.2725484315290803,0.2810827388202139,0.4273434377257177,0.0,0.3067843859561935,0.7906998501253057,0.0,0.4619456557941879,0.22817004913936295,0.0,0.42895621050369137,0.6803187446873212,0.6670445874981221,0.7483067877784746,0.0,0.6557062512936239,0.5593120330879728,0.7889477916856457,0.0,0.7056489204353584,0.0,0.7571750401670292,0.5050258191625305,0.34704144715323454,0.33946444717107715,0.0830686644832777,0.7098829366907827,0.4367404518127549,0.3978899765174031,0.19551948475104758,0.015611649247994422,0.4814731652486178,0.431264693501816,0.21133987921682104,0.4346077724023514,0.606624687322353,0.3254919147841405,0.16321088018803948,0.3876313979581219,0.3170256040932752,0.22884015203658414,0.6810803246075885,0.7013716299625234,0.0,0.3025484040204616,0.43909102404209455,0.27509778774435045,0.28886148916595006,0.0,0.424031790223796,0.7932770225702079,0.0,0.5804577849718476,0.6509942611071624,0.0,0.21364563630182182,0.675893446557865,0.6333620906733866,0.5942363658465566,0.0,0.5620606181102755,0.6392790682949087,0.6879327478050334,0.0,0.6331470394202978,0.8459078556833098,0.8151380702289772,0.40344448875298417,0.6022812258702344,0.3490501368050674,0.20544807393675826,0.3581731144666933
0.4911874451911143,0.8542371229772497,0.18788133088149267,0.306359108096508,0.15343262297264257,0.5120896637294327,0.28769794888458544,0.200149841291195,0.12172336800933209,0.6431418893985195,0.0,0.6526578671382682,0.3162327635594475,0.2225084198185246,0.3530617958117493,0.616087328778015,0.6590264081890218,0.5584502665115183,0.0,0.5838701194602054,0.32529505273631876,0.6913399393184972,0.22445457572199065,0.7475768045833812,0.7571750401670292,0.0,0.44950944485704747,0.225763887006946,0.09930455996767709,0.0,0.37021990648746966,0.33791134707196957,0.3656050697266087,0.22432790190922752,0.0,0.39704667088326134,0.3923029973550931,0.28773013268547043,0.25973760348941455,0.5800513229198485,0.34651736558458673,0.25790576126771964,0.41054556183356095,0.3993134817055306,0.2195743542115048,0.3912020900679446,0.7372341009962267,0.03747600626550601,0.21428810843691462,0.30608656611693524,0.38353708795436353,0.06432755753860175,0.16944018048410883,0.3081840732864259,0.5589044283135859,0.0,0.6997891668961638,0.5596078628125262,0.13451064790865985,0.2570843626930296,0.4498700640826862,0.5429392648635315,0.4059901081691648,0.0,0.5723538626845739,0.40771116352084635,0.6081277011776656,0.06755398336694485,0.63005599248607,0.6143552991038049,0.8525999449656181,0.2604033466171799,0.4734188584481518,0.04597763648542988,0.16780113939400915,0.2547407484297767
0.3907213447051615,0.5713592610306493,0.0798578185029234,0.18305675541114774,0.21786138478011735,0.5102634643457382,0.34397008546653335,0.0,0.0,0.3467940417555005,0.0,0.059803824012787526,0.0,0.0,0.6705173229339113,0.38055353511669765,0.17005424225988997,0.4014904658235912,0.0,0.6460726326968567,0.3881160539333825,0.6773843471538387,0.19973091180730346,0.25363948900904865,0.5050258191625305,0.44950944485704747,0.0,0.0,0.6171610288847007,0.0,0.31135296253947486,0.0,0.08405390430538091,0.0,0.0,0.30011370697415307,0.35839541215834547,0.22941867646156053,0.08701774157934489,0.17940317502379452,0.08473385991546303,0.2686130396918391,0.06627848002749688,0.29502352958007017,0.11438806785844197,0.26697327162836215,0.687684628453279,0.04390636240314649,0.09658737172711553,0.21774292703529918,0.5403239124395611,0.0,0.10247899748565079,0.12084975218232885,0.33505496226523407,0.0,0.24440362655142928,0.41417520088816323,0.17736970601805183,0.4960531679575578,0.45268636642701676,0.11403432184090942,0.36731750367252786,0.0,0.6249400756783884,0.49625472788360014,0.6215830181851347,0.2801284076737798,0.19034697493536845,0.675868120198291,0.4978643401178866,0.8504339585813678,0.36770804520866096,0.6517122897000692,0.0,0.14493147067084686
0.3994465675937231,0.07434576589785036,0.48151927142489587,0.022482761437618792,0.046914624872123,0.08642088102092521,0.2879039351952721,0.0,0.44082760441515817,0.5154665705152033,0.3197128926145403,0.2930322987503732,0.5847085005092852,0.0,0.0,0.3364996960781973,0.6130873010170087,0.5323928552220689,0.14935010942644106,0.20030717717059232,0.36299373563886583,0.15383775812175943,0.0,0.4409770356769295,0.34704144715323454,0.225763887006946,0.0,0.0,0.22191781678417752,0.7012698831897516,0.4756115459692206,0.18527095862511506,0.34681883095753624,0.36753357666278785,0.0650924876182144,0.37458865491710114,0.18193724565933178,0.0,0.2505315237630527,0.42847566034754964,0.40312691788410715,0.0,0.4226982895926596,0.1733595013740335,0.13216753160342792,0.44773514508672924,0.022897956949159692,0.03911209953375422,0.28527018235771207,0.3008785887133544,0.0,0.2966371323096962,0.0,0.2543304815938061,0.491980293923291,0.24635431839503397,0.30495615291818745,0.4965096459794932,0.0,0.0,0.4385214400899081,0.5970188423970859,0.5277628424401243,0.1321760612025371,0.15871711658242782,0.11776623818595847,0.14809161445324975,0.0,0.45614934847854494,0.256950290829602,0.20925566061279674,0.0,0.5491475210100323,0.04140562040794096,0.5874299232236001,0.30179881828127764
0.5409813727382329,0.03347589198233514,0.2643850759572135,0.0,0.06093602211297028,0.13089162621621858,0.23814093880933915,0.0,0.03689802036467632,0.3371894064109924,0.0,0.0,0.0,0.0,0.6174258953486809,0.31147573383033034,0.1895968503863345,0.5348693661818125,0.0,0.6821041364642504,0.576637477397205,0.5107500105970695,0.0,0.14363539357160426,0.33946444717107715,0.09930455996767709,0.6171610288847007,0.22191781678417752,0.0,0.2749117856885408,0.5158639230056076,0.0,0.1568101029475773,0.060052072792727756,0.0,0.34259385199726716,0.24183110297758853,0.1491560859062003,0.0,0.13006305818599906,0.05464514887537186,0.0,0.06247935886697012,0.26616879298052964,0.06503718119616267,0.4339190846111965,0.2621664887471685,0.0,0.044763048784068116,0.14549373121819545,0.0,0.0912036714424437,0.0,0.034120610098693605,0.28558442140442053,0.017785648554450473,0.0,0.33662381620937865,0.0,0.22633227365079983,0.45080690634319504,0.1095134077998669,0.5732964079723395,0.0,0.44021685801733623,0.43098947840828666,0.4358918489063604,0.0,0.07109955931071006,0.6238410305809035,0.2259009544250022,0.4787712048960315,0.405765076693012,0.7607671178193166,0.03796540095372128,0.10018980610424139
0.226251177282186,0.0,0.6390699357560718,0.0,0.0934659401198448,0.09445888073525979,0.17548324528921422,0.24206422355298712,0.39310498925567927,0.27092773435572887,0.45771701660977954,0.14317910349973673,0.3926185366915395,0.0,0.0,0.07160994873371851,0.34351847223643395,0.2934514594923163,0.4115939702537755,0.08842573754495942,0.36132552468860374,0.0,0.0,0.2417220197229357,0.0830686644832777,0.0,0.0,0.7012698831897516,0.2749117856885408,0.0,0.29650535178501103,0.10181504007335476,0.1745214041576864,0.31425620150165434,0.028747964803444742,0.26843449656109675,0.010533983273691289,0.0,0.03940060347773562,0.2538464750479422,0.27570975372965756,0.0,0.29087014153548185,0.10465207434938674,0.039384417916363004,0.2749771949212091,0.0,0.2470950566636794,0.0,0.18956039472255037,0.0,0.25351143865931375,0.07332063322472976,0.22068482649003593,0.2475196709020872,0.39006458056338117,0.1435006458629836,0.33281583203315973,0.0,0.0,0.24151959375852616,0.39617291752463213,0.38057440812107113,0.35222490452363275,0.0,0.0,0.0,0.0,0.4040459165287456,0.10180417034567907,0.0,0.0,0.384055279839592,0.0,0.5342827117738713,0.10054290992662952
0.7160738000411803,0.23903510275950812,0.06052742000541805,0.21544505699219785,0.2579470969317002,0.0,0.44140719301276904,0.0,0.4257896112420918,0.7630017061847787,0.030347472685690075,0.20804367900184956,0.25239100079170596,0.0,0.37009301606080125,0.5694519071644336,0.6066494020224009,0.7123726168066435,0.0,0.5609587603461024,0.6109166147440273,0.6704617164025042,0.0,0.5586336076813904,0.7098829366907827,0.37021990648746966,0.31135296253947486,0.4756115459692206,0.5158639230056076,0.29650535178501103,0.0,0.257088742936653,0.479308851157231,0.29145828594425366,0.23093408884664057,0.41884059273884516,0.32637838264337005,0.1714210030873693,0.33613863687532575,0.514694318009038,0.18594278385458207,0.0,0.2619771678901233,0.22680103762293502,0.10862934053554438,0.7306610616037694,0.31068651994409424,0.0,0.3407328046484372,0.37531688984083705,0.0,0.5075208845784456,0.0,0.4295591816182973,0.7612864966313381,0.059215429092854294,0.31429951345579843,0.6199498614634233,0.0,0.12680942991044417,0.41149267822642127,0.46206716658388847,0.5907413528302152,0.0,0.3324858965149014,0.5837394324944363,0.4355598713910925,0.0,0.4345145051365621,0.6305565329418802,0.4693488241740379,0.3296165568206079,0.6222183947142335,0.4808937738259477,0.08636873719344089,0.11427304716379691
0.15797152731127023,0.3489236706656199,0.0,0.3374665704542792,0.35204796956837187,0.1283070392392009,0.28827541358620756,0.11205974679428227,0.281925314888687,0.3301843321203983,0.08226649086594884,0.3874160143585347,0.2984431794743334,0.12871081082532537,0.0,0.22827134701892723,0.35008637408955356,0.24561363766591243,0.0,0.08680783835937173,0.12622178687281413,0.29518429832335374,0.08228662924595664,0.31829228369184936,0.4367404518127549,0.33791134707196957,0.0,0.18527095862511506,0.0,0.10181504007335476,0.257088742936653,0.0,0.2304836070474109,0.14633466664341063,0.03163408586887434,0.11768812541886092,0.15024329265727487,0.08139968631448664,0.6694076315355364,0.39094191106121734,0.4313003603315527,0.28992396386379177,0.23361655023759884,0.05735626015179117,0.2659983521063233,0.1678389277501385,0.2749278081490452,0.033240897546504236,0.11104986196699218,0.210766860017773,0.2140056495028173,0.28406571606217196,0.18036999869045242,0.14422543595964166,0.4264976086664636,0.13544635324311582,0.4214560145384032,0.31765209554783025,0.0,0.02707710473493266,0.25522929890312085,0.45635890990777866,0.27671469100654417,0.0,0.20646286753403098,0.2675542855903158,0.3008244909134429,0.12135243666009468,0.4793964561984304,0.23064929919875732,0.32226217722769845,0.0,0.29136544047580404,0.0,0.20937252517323654,0.3899561498486627
