0.0,0.3369794517531141,0.23905488998070248,0.0,0.0,0.0,0.0,0.0,0.22678428441272613,0.1636161300214367,0.046205969029178895,0.31669821411244964,0.18370592223953047,0.0,0.15945656883831144,0.313304998090704,0.17817730249641345,0.33500549275938035,0.3758297510368649,0.21775835171236094,0.1367935067217047,0.30513678990879745,0.0,0.5601737326096997,0.46319321555492377,0.33857271768756025,0.0,0.13650027145031168,0.0,0.23039093325090104,0.0,0.0,0.14975901057856342,0.0,0.015454718543684728,0.0,0.48317359136780863,0.0,0.0,0.11797634780987912,0.42815049098416147,0.3267837650308399,0.0,0.37727343782839196,0.24252863039562103,0.8696593125869629,0.29367603258439495,0.30251194757767963,0.0,0.21518879618834036,0.4573538484316956,0.3986796440498088,0.0,0.19572624323368262,0.4214603017987375,0.05570404399386192,0.3723578041249521,0.0,0.19034485799316098,0.2695256153743547,0.2641821939513883,0.3932399478974564,0.49163724043158125,0.16420976335127896,0.5897610242889982,0.08579032956622279,0.4873542159883175,0.0,0.4662334190984206,0.5647592261701617,0.5225461002648194,0.46309075163678454,0.702430523859274,0.7619166561234385,0.6068774901030901,0.40195875761788663
0.3369794517531141,0.0,0.0,0.3487836065857789,0.3566029251002089,0.06843963533492042,0.6277791355084059,0.0,0.0,0.7963372377613495,0.0,0.7087629976954131,0.5707405443542046,0.17461769820903134,0.0,0.3855698154459019,0.7485109986946739,0.567867217902148,0.36157358159855124,0.48721243408458736,0.0,0.6728601897856767,0.0,0.6539094062461837,0.8589567016224193,0.798060778123871,0.06439512070233261,0.3498555651484745,0.0,0.2773728353791332,0.12930188314067653,0.2215200438363368,0.11171052114723574,0.0,0.0,0.056192976302310724,0.29411360158966693,0.43324196255430936,0.039940137188329505,0.3220068188725924,0.1917315170116547,0.20917333552369344,0.0,0.41114050275498454,0.0,0.4686035890213618,0.8134820665898952,0.1862856860772902,0.0,0.0,0.17737109209000484,0.0,0.0,0.0,0.7080382817944606,0.0,0.716442078871004,0.0,0.054002164101973435,0.35909164616199357,0.3990440334478309,0.6903486730703496,0.5164471748150377,0.22922510487226047,0.4698299689679853,0.0,0.5249149770059112,0.04904564262536126,0.5240826543520635,0.43166103887112683,0.6889757550197032,0.2560599390905187,0.3009688400204919,0.21498616919964184,0.47240534604699913,0.4466381854482967
0.23905488998070248,0.0,0.0,0.0,0.3263740317272479,0.17781108282463148,0.0,0.06833593994572501,0.7338299157702766,0.0,0.7340291205373641,0.0,0.0,0.0,0.33712356197023924,0.0,0.0,0.0,0.5657752456012237,0.0,0.06806419019320398,0.0,0.27932596232834384,0.0,0.0,0.0,0.38484980959110265,0.0,0.0,0.03565470669387866,0.0,0.0,0.0,0.004952688259401261,0.0,0.0,0.2951287301925623,0.0,0.0,0.0,0.0,0.0,0.02426137281601562,0.0,0.018876810605983757,0.06928093116521808,0.004471419617946171,0.7996184878316591,0.061249508005671666,0.6196716122838322,0.27264433110821623,0.3471673323586998,0.0,0.82223881566359,0.0,0.7069918511914693,0.0,0.17733957556814542,0.3703644496974823,0.4653370377719556,0.06145980397464684,0.0,0.015038586403526233,0.6447682849585498,0.3821490822511431,0.06467201280829071,0.2875594621716793,0.22848322428932277,0.0,0.20842527251878473,0.0,0.5110151971001351,0.2228879963235556,0.34161093804289755,0.0,0.0
0.0,0.3487836065857789,0.0,0.0,0.3054273931264355,0.0793957792518098,0.5340661127238174,0.04722868923456029,0.0,0.5871790390507543,0.0,0.4157122252874905,0.3375366787420725,0.6226706875665174,0.018986904927423914,0.0,0.3207766498019757,0.05642246289439384,0.0,0.3048757874811522,0.0,0.40656494923015374,0.026570492044696276,0.18371560187483119,0.25430296310135336,0.24010143834835307,0.10453638113170988,0.0437314737976284,0.13645881033393437,0.025660922881213327,0.278099879425652,0.25269425934275136,0.0,0.08130531849437078,0.05553759343528111,0.27878918950811926,0.0,0.3961769811368603,0.2057897661806567,0.09771388977519013,0.0,0.0,0.0,0.2146460369848041,0.0,0.0,0.2575852210643953,0.0,0.30269404226457897,0.0,0.0,0.0,0.11617147821955304,0.0,0.3798011659217544,0.0,0.4432893217308546,0.0,0.0,0.0,0.045453558590497795,0.22061050881516947,0.0,0.0,0.0,0.0,0.042817849597157225,0.08441007981308792,0.16061417292594943,0.0,0.1318332790988378,0.0,0.0,0.0,0.030445209179658372,0.15203068549724608
0.0,0.3566029251002089,0.3263740317272479,0.3054273931264355,0.0,0.25651787311498464,0.6154426364179412,0.36685120981147273,0.29790003535296394,0.4462252795997662,0.42841593031521275,0.21737639351827223,0.3585957734360294,0.5232166836055474,0.5132236139839209,0.0,0.15489560193728447,0.0,0.5524367070011016,0.5944580013418035,0.2611309056211231,0.5430443501603844,0.25823121435096896,0.0765385956903802,0.2865125580142901,0.21199513387953098,0.4452922512434996,0.09306307780053341,0.4029158358160782,0.2882308846881412,0.34336312941207675,0.2989869503456585,0.04037669741344552,0.2707763588319742,0.0,0.16163183683007415,0.3058734411694949,0.5097047200714959,0.17636039061442388,0.0,0.0,0.0,0.0,0.0,0.0,0.056488500725091734,0.31101894208906566,0.5243880152100143,0.0627271686313727,0.36428738393976445,0.0,0.0,0.34396447301972694,0.4340671669110805,0.33635796773769067,0.5291163773488277,0.2851323343862653,0.0,0.11979671611860086,0.43831059412066314,0.0,0.12504594048556672,0.0,0.48674291134411335,0.11707711664489323,0.2716563691569003,0.16548114650279802,0.3187349690666662,0.0,0.15145308042964373,0.17925844930859017,0.0,0.0,0.0,0.0,0.0
0.0,0.06843963533492042,0.17781108282463148,0.0793957792518098,0.25651787311498464,0.0,0.18542226680847917,0.543123770548594,0.2591067271127405,0.0,0.2816334712496059,0.0,0.2921201761815715,0.24245844922092552,0.3475277250990269,0.020150030034538524,0.10614976779074453,0.0,0.1313383926331037,0.11856213101939561,0.3069929110682895,0.0,0.7254439951690757,0.0,0.0,0.07068498813308971,0.4821873632961884,0.22572780862300143,0.5742528089933184,0.10507113289725656,0.09231874213354428,0.140773645142248,0.08998807695877563,0.07279847558863635,0.0,0.28645894837189984,0.03529477538493804,0.009042256835414514,0.220094254913223,0.1490836990145569,0.0,0.0,0.2476326854710268,0.0,0.058863181190529384,0.0,0.0442756114122036,0.17721331392922512,0.0,0.1401929554124209,0.18943473932375499,0.0,0.5175147063226806,0.3161968602992724,0.0,0.25270366718727655,0.0,0.31761777015468257,0.0,0.33232866095725583,0.016642103465702413,0.0,0.0,0.19787986065916924,0.0,0.3137980044277302,0.018333617197552554,0.69669918858906,0.0,0.0,0.0,0.0399934712211778,0.0,0.0,0.0,0.0
0.0,0.6277791355084059,0.0,0.5340661127238174,0.6154426364179412,0.18542226680847917,0.0,0.1718260561650801,0.0,0.7430817459007648,0.0,0.4102054325879473,0.6254149538509398,0.5740593937163799,0.2096041950855261,0.31452753003680994,0.6002181314455969,0.2271082533027844,0.27384298287690556,0.6553591786253373,0.11588976000140735,0.7512856404857815,0.045817658965282726,0.30461167342949663,0.45532687586456955,0.44059963683190373,0.23632357533247866,0.3766662009865041,0.3479156390767852,0.37161997752619513,0.493402569890953,0.4694957076769814,0.13869452888844935,0.28645941194345825,0.0,0.3621994655722887,0.2175861462311781,0.5896427163306467,0.34962485655387543,0.12044422339410121,0.0,0.0,0.0,0.13989418357918468,0.0,0.11710431161732279,0.4739836404398456,0.07747113746598613,0.0,0.0,0.0,0.0,0.25236411684058174,0.0,0.5530356461196477,0.0,0.44639190617538993,0.0,0.0,0.19317322418611477,0.15779887143261925,0.43275121972583974,0.16746815655310893,0.16277703444133926,0.018402605166718267,0.12206431339618953,0.1611858002576732,0.23296959119296098,0.2157002680538433,0.10346676565646237,0.338874771690366,0.0,0.0,0.0,0.12916561523565603,0.1898968361324211
0.0,0.0,0.06833593994572501,0.04722868923456029,0.36685120981147273,0.543123770548594,0.1718260561650801,0.0,0.13262012111377894,0.0,0.2702843764404855,0.0,0.23506821685093768,0.23172294595730927,0.2985936074483153,0.0,0.0,0.0,0.0,0.03433339676567909,0.5038354093198715,0.031506560462743166,0.7468511641858652,0.0,0.0,0.0,0.16327434776604233,0.09468623913832286,0.36352874129696966,0.13181410072304434,0.2389401432586552,0.2999153231994379,0.17630926843830735,0.27753049019846826,0.0,0.3545469370168465,0.2705303123440611,0.1902392088884065,0.3232205966310825,0.0,0.0,0.0,0.09981878966043044,0.0,0.08681440339681262,0.0,0.0,0.07530816936838425,0.1683276163182761,0.26118087389817873,0.0,0.0,0.7829594177249332,0.16343348973951854,0.0,0.3725290510069619,0.0,0.22670600644549024,0.05483260375515295,0.0,0.0,0.0,0.0,0.0,0.0,0.47892414974604297,0.0,0.4923456766239526,0.0,0.0,0.0,0.0,0.0,0.0,0.0,0.0
0.22678428441272613,0.0,0.7338299157702766,0.0,0.29790003535296394,0.2591067271127405,0.0,0.13262012111377894,0.0,0.0,0.7296146625317064,0.0,0.0,0.0,0.2196081611687654,0.0,0.0,0.0,0.5263777197907814,0.0,0.1395173974583707,0.0,0.23596590929480857,0.0,0.0,0.0,0.33601022531665364,0.0,0.0,0.0,0.0,0.0,0.14744315771164682,0.0,0.0,0.0,0.23801472677990254,0.0,0.0,0.0,0.014925757948403423,0.0,0.043965484724524606,0.0,0.06813763811265915,0.07484954588551118,0.0,0.688603909325463,0.0367922282389381,0.5196635931995327,0.2896696004537832,0.2168597400056978,0.024895293909200367,0.8730420761490477,0.0,0.6769628440336322,0.0,0.10421034324666839,0.1486165121191832,0.3014389514348822,0.0,0.0,0.0,0.43982717192782905,0.19186634379376605,0.09384362216282169,0.12415417595646044,0.16086117505910036,0.0,0.09226178259386633,0.0,0.37039566556933834,0.14897753513941409,0.20953912178373296,0.0,0.0
0.1636161300214367,0.7963372377613495,0.0,0.5871790390507543,0.4462252795997662,0.0,0.7430817459007648,0.0,0.0,0.0,0.0,0.8191601608206133,0.5818829448607757,0.40895189094480017,0.0,0.20057799858853553,0.6609795120112292,0.4227374805070908,0.26254724192162915,0.5217504835652632,0.0,0.7039709842629427,0.0,0.6225327570955937,0.7815405156235503,0.6786308341593748,0.0,0.23945036564783734,0.030109692932530185,0.2321916449570155,0.3630316745523422,0.32740932045300114,0.0,0.023717739000674143,0.0,0.10023897826235577,0.14204528064191166,0.5989239252337575,0.10975297827801898,0.1560423415613354,0.0,0.05877441311878881,0.0,0.3822751210888867,0.0,0.3634311440746917,0.7453297394101241,0.011232428589696475,0.010747703954365917,0.0,0.0,0.0,0.0,0.0,0.8186213212516389,0.0,0.8395217679816466,0.0,0.07432418435618635,0.2008661916240802,0.3296622007104414,0.6693115589256577,0.4316956791526047,0.09273423334342054,0.3253182116098966,0.0,0.369917809338776,0.07329548615328332,0.47502979386080124,0.35301367918336585,0.6467449981716493,0.0,0.04809788183585756,0.038991907761290384,0.30829926989036915,0.3755747868137762
0.046205969029178895,0.0,0.7340291205373641,0.0,0.42841593031521275,0.2816334712496059,0.0,0.2702843764404855,0.7296146625317064,0.0,0.0,0.0,0.0,0.0,0.372459292038042,0.0,0.0,0.0,0.42374568354611253,0.046328675401493324,0.26210183570545575,0.0,0.34448877703789216,0.0,0.0,0.0,0.3699538215473872,0.0,0.16439932639976454,0.0,0.0,0.0,0.05585431228333468,0.08599062710005917,0.0,0.0,0.22714363216296643,0.0,0.0,0.0,0.0,0.0,0.0,0.0,0.09493161447602504,0.0,0.0,0.7012523397981713,0.0,0.6034623471365761,0.1654785081559267,0.19615065227984643,0.18832086009765758,0.7893302527878288,0.0,0.8568819473139788,0.0,0.08560423939736453,0.12320317040732381,0.3189669702732801,0.0,0.0,0.0,0.5214326149198926,0.0,0.2319735014274605,0.018686668258800387,0.23715347542443907,0.0,0.014065480066474734,0.0,0.18325258671660846,0.0,0.08444947172229579,0.0,0.0
0.31669821411244964,0.7087629976954131,0.0,0.4157122252874905,0.21737639351827223,0.0,0.4102054325879473,0.0,0.0,0.8191601608206133,0.0,0.0,0.32633471651667967,0.08484567703263406,0.0,0.023949957410656586,0.5542075661784704,0.5082965148833537,0.21473500760912145,0.19194569451910254,0.0,0.40344345680763327,0.0,0.7799920571161152,0.8358820286642709,0.739562307041294,0.0,0.05513933121629688,0.0,0.0,0.0,0.02920979841335289,0.0,0.0,0.0,0.0,0.10832914328391838,0.2996195946946166,0.0,0.27051181382169165,0.24896535944916953,0.2502719942436314,0.0,0.5332425795036779,0.0,0.46114046935853253,0.7176575696969476,0.08784157239500776,0.0,0.0,0.1936059472566397,0.0,0.0,0.0,0.6791872115550612,0.0,0.928406819756898,0.0,0.2055957473410518,0.11408487063096222,0.4391449117542524,0.5705710717638506,0.5463210416734182,0.024313958674150288,0.5509228986476684,0.0,0.5527451568356905,0.0,0.6677958546145016,0.4076698665624554,0.6935304074506323,0.22803463094162285,0.24863918030634888,0.29693452787378277,0.5136017910008681,0.56480965557687
0.18370592223953047,0.5707405443542046,0.0,0.3375366787420725,0.3585957734360294,0.2921201761815715,0.6254149538509398,0.23506821685093768,0.0,0.5818829448607757,0.0,0.32633471651667967,0.0,0.19896324173329305,0.2959536546701787,0.3792107039076073,0.466538374489644,0.2740649857822076,0.25176020843846636,0.4935340245198866,0.23252637420469996,0.5779935758599741,0.18144191979625007,0.3358466611405533,0.44509275987777286,0.5110272101714125,0.12520673938793692,0.5901011573540699,0.3204768708541682,0.3690076121959173,0.46842279684505816,0.4699016765216564,0.15978108347272096,0.2764926026964875,0.014838438825489957,0.13484318821083288,0.36708142227062734,0.4198260478108795,0.24468203635185531,0.093277125740323,0.0,0.0,0.0,0.1816641390654242,0.22470523542878412,0.2535112859600464,0.45569705853467934,0.14572788350313046,0.0,0.0,0.13410483293059705,0.04351291131129065,0.20497108205640696,0.0,0.5527201080883715,0.02743795777502256,0.394541902744493,0.25458816789917077,0.07175146609471943,0.3598991086267104,0.167658914965741,0.43425386539929445,0.2997105059176635,0.20763410079549438,0.10856798755574018,0.2969353342076353,0.1849854574015554,0.2561145777056712,0.22668052967963848,0.32203606971469745,0.5083630066227431,0.0,0.19533253399334388,0.11236102098241985,0.23922462638090622,0.14046445326449516
0.0,0.17461769820903134,0.0,0.6226706875665174,0.5232166836055474,0.24245844922092552,0.5740593937163799,0.23172294595730927,0.0,0.40895189094480017,0.0,0.08484567703263406,0.19896324173329305,0.0,0.2736316742533451,0.0,0.22066282104077078,0.0,0.10490120991072854,0.38967040710926226,0.18254603394987318,0.39683826937040073,0.15734723690955651,0.0,0.0366184801670068,0.05797350466649524,0.297988076293081,0.047374478179729396,0.3646126156748965,0.12288017059529144,0.37881812733970277,0.3784570558054846,0.08642147834368122,0.20958735367429843,0.021189768848357216,0.4005544770525953,0.0,0.41124076993460895,0.41821807741021827,0.0,0.0,0.0,0.0,0.0,0.0,0.0,0.12113582290586948,0.0,0.16770301632427373,0.0,0.0,0.0,0.38248817841267413,0.0,0.17258476295463943,0.0,0.10296738952725,0.0,0.0,0.12401713362581775,0.0,0.07304624323705328,0.0,0.04767578025315772,0.0,0.22113314143805446,0.0,0.28340446622062093,0.0,0.0,0.0,0.0,0.0,0.0,0.0,0.0
0.15945656883831144,0.0,0.33712356197023924,0.018986904927423914,0.5132236139839209,0.3475277250990269,0.2096041950855261,0.2985936074483153,0.2196081611687654,0.0,0.372459292038042,0.0,0.2959536546701787,0.2736316742533451,0.0,0.1286954262222229,0.0,0.0,0.4031168578212757,0.6514328858094296,0.6621902568937802,0.45137651339835827,0.3488511978805762,0.0,0.0,0.0,0.6991059420974709,0.16819343924159538,0.6402608904144304,0.4850088032158659,0.41422494793351383,0.30296485805305096,0.1941036450132264,0.47488598826349837,0.0,0.09485078176070894,0.3748248106492376,0.3332622060418058,0.2705453809671029,0.0,0.0,0.0,0.0,0.0,0.07554894244399128,0.07649645777525091,0.04265807722922116,0.3860334313287445,0.08259155549001652,0.45506544936764753,0.0,0.229609114407854,0.33267743875620787,0.3766948769337373,0.06586341226477316,0.43360717303165863,0.0,0.0,0.04320084418809601,0.6352173362657659,0.0,0.0,0.0,0.46073714886354045,0.0655707100731906,0.6022002419984788,0.04735561173606817,0.3155633130221941,0.0,0.07067213172017844,0.0,0.08311542084941859,0.0,0.05094483099157138,0.0,0.0
0.313304998090704,0.3855698154459019,0.0,0.0,0.0,0.020150030034538524,0.31452753003680994,0.0,0.0,0.20057799858853553,0.0,0.023949957410656586,0.3792107039076073,0.0,0.1286954262222229,0.0,0.4750940917844278,0.38708687833280436,0.16618092888624686,0.286451580436173,0.12998713185099178,0.33454255172791264,0.0,0.2746442895741373,0.2901239007352197,0.2820959221105036,0.1375669485366989,0.4275760028500949,0.053901378162028,0.3896272594515561,0.33182057570000023,0.310608403449111,0.3688033378675155,0.18382591661559228,0.09618877331862048,0.08245946954985563,0.20175189655654766,0.05660235694517317,0.3081093918396175,0.45133000253670075,0.5032914117596966,0.3142939183404451,0.20685221688275185,0.30846451979498113,0.08685521170842002,0.31839522826540795,0.20327562882757463,0.0,0.0,0.0,0.3257344877004307,0.18871425115282076,0.0,0.0,0.261704920428076,0.0,0.07535538459467,0.1628469300602365,0.0,0.22382783414454382,0.43812167496998217,0.344337463839791,0.439201691953545,0.08337714211514616,0.2354120852871187,0.14602397253849775,0.2346603099141895,0.0,0.28437349745164875,0.2618031598176224,0.3190193876602149,0.25883894162297455,0.43882698411903526,0.3395645706736094,0.37148883227847745,0.5161691576080367
0.17817730249641345,0.7485109986946739,0.0,0.3207766498019757,0.15489560193728447,0.10614976779074453,0.6002181314455969,0.0,0.0,0.6609795120112292,0.0,0.5542075661784704,0.466538374489644,0.22066282104077078,0.0,0.4750940917844278,0.0,0.7563842596661554,0.2485891365184065,0.3760735943156954,0.0,0.5343378480120402,0.0,0.6485222263982027,0.7045751727133871,0.772126532936588,0.015461781740679248,0.5122201133218005,0.04061181681203102,0.18849781074352417,0.16560149549246286,0.16567142992516123,0.1870958335426538,0.0,0.0,0.30404648325281836,0.12472493092687689,0.36659861683732614,0.15750575808695735,0.5011212535948713,0.2532208367247424,0.20279608084730788,0.05573710236956897,0.3245965669217462,0.0,0.25056225622776906,0.6278347045834751,0.08653875129582986,0.0,0.0,0.2514137114648372,0.0,0.0,0.0,0.4492010670591562,0.0,0.47733263845074925,0.07211872099116645,0.0,0.21885286498414552,0.5491461332683534,0.6555016451698727,0.6034525925631045,0.16200032509937573,0.3427819855179426,0.0,0.4391193188429818,0.230009042455602,0.5972741868810676,0.28705617717964327,0.6245064175675759,0.15463269301574073,0.22186219262673887,0.1326077898601692,0.4066400034427539,0.5759321246904208
0.33500549275938035,0.567867217902148,0.0,0.05642246289439384,0.0,0.0,0.2271082533027844,0.0,0.0,0.4227374805070908,0.0,0.5082965148833537,0.2740649857822076,0.0,0.0,0.38708687833280436,0.7563842596661554,0.0,0.25639324649027556,0.09134379351114752,0.0,0.20925208567043724,0.0,0.7357164299972512,0.7202052464236287,0.8170472869059653,0.0,0.5438738858284958,0.0,0.12011237705333755,0.0,0.0,0.14032091232195204,0.0,0.0,0.12721691717028938,0.17591914893756816,0.047892297076768675,0.0,0.4966907829465642,0.43591416088079427,0.3226935176832794,0.21940973156847182,0.3318095547554406,0.02970044875529032,0.34291144797372247,0.5280217374478274,0.17685607579113324,0.0,0.0,0.4845812488660827,0.0,0.0,0.0,0.2968841899447313,0.0,0.38427067138494403,0.24988478595649952,0.020673574369544784,0.2959473547568911,0.6781525066123337,0.5198171802826006,0.7920084746135397,0.1965444087695885,0.543391983841348,0.0,0.5575816313319292,0.1170557415878885,0.7271690589687958,0.4878055780367851,0.6993662882526375,0.4303517168218238,0.4691386098852129,0.46307349035302725,0.5062414729330686,0.7076109599979288
0.3758297510368649,0.36157358159855124,0.5657752456012237,0.0,0.5524367070011016,0.1313383926331037,0.27384298287690556,0.0,0.5263777197907814,0.26254724192162915,0.42374568354611253,0.21473500760912145,0.25176020843846636,0.10490120991072854,0.4031168578212757,0.16618092888624686,0.2485891365184065,0.25639324649027556,0.0,0.47050927908992984,0.14556778574435283,0.3967623326585149,0.0656672467827486,0.28589270610961365,0.3907818371967059,0.3031777728962336,0.4076763653571622,0.22712184099730764,0.10529518490776774,0.3770151566568254,0.11200391911324119,0.020958845960576913,0.17843181000592817,0.14126402038813646,0.0,0.03742514434372267,0.38188886837710656,0.23312986081211706,0.0,0.1035579107375331,0.0770933444807466,0.0,0.0,0.10200169717469064,0.12589697113113896,0.34799428136117744,0.34050402827441073,0.7112905419002791,0.0,0.3156422591571065,0.15719251590614028,0.11708182272180523,0.0,0.5398811893831734,0.29085397618785197,0.4515100507213776,0.24950176890700498,0.010379096226421192,0.2430491807244204,0.5589512375175333,0.2629476984208454,0.21760802577010036,0.3274062644571001,0.6832954851432631,0.4808796882879356,0.14138049559219518,0.500754665168242,0.1904680883623286,0.189751364997615,0.3629355286850843,0.3282050675808859,0.37230595372481967,0.28121896161045973,0.32155841165235716,0.2713347742903561,0.16476224450885962
0.21775835171236094,0.48721243408458736,0.0,0.3048757874811522,0.5944580013418035,0.11856213101939561,0.6553591786253373,0.03433339676567909,0.0,0.5217504835652632,0.046328675401493324,0.19194569451910254,0.4935340245198866,0.38967040710926226,0.6514328858094296,0.286451580436173,0.3760735943156954,0.09134379351114752,0.47050927908992984,0.0,0.3387857978485188,0.888460496093226,0.0,0.11449424184828708,0.35519519664335963,0.2496822678129732,0.562462016919653,0.27307285699296874,0.493064487731946,0.5564408344032732,0.507065197027752,0.36050613415079724,0.08684760600784092,0.3362713131448051,0.0,0.17839291429077472,0.33022338465414985,0.5400393345968479,0.21159286855284898,0.0,0.0,0.0,0.0,0.09344332506620867,0.020481982829096523,0.28190274983221053,0.37020523234429653,0.26134424359397734,0.0,0.05037656003143304,0.0,0.0,0.11211510882102105,0.059917800945656186,0.41518489916882273,0.1482639839903272,0.24374496075123575,0.0,0.0,0.5952433115366436,0.10988003771953883,0.22882342225199404,0.10335915364246209,0.4423275411403428,0.3203973662657837,0.23619907210257943,0.3569636692023396,0.1368070461029236,0.0,0.12749807693750173,0.22662863947037998,0.0,0.0,0.0,0.09868515087215474,0.025820863536896804
0.1367935067217047,0.0,0.06806419019320398,0.0,0.2611309056211231,0.3069929110682895,0.11588976000140735,0.5038354093198715,0.1395173974583707,0.0,0.26210183570545575,0.0,0.23252637420469996,0.18254603394987318,0.6621902568937802,0.12998713185099178,0.0,0.0,0.14556778574435283,0.3387857978485188,0.0,0.20536451102321146,0.39148619613589547,0.0,0.0,0.0,0.4386305415261927,0.12184598781195971,0.5522833559834905,0.4950197553369422,0.44839495639763194,0.41032997392046516,0.33208492348146024,0.5397502169440909,0.09585357848723818,0.20525811909380584,0.39867685220438254,0.1788285809540102,0.4206954813031688,0.0,0.0,0.0,0.002745072479116678,0.0,0.23374295742216267,0.06087092544969874,0.0,0.06069358719244475,0.1783885382453233,0.5051008149861743,0.0,0.3084095543735229,0.5683972784877174,0.18044306619500777,0.0,0.30761367321245303,0.0,0.15151235817628245,0.0,0.15699391015537867,0.0,0.0,0.0,0.10443827009673498,0.0,0.8404106909696162,0.0,0.17135958461477918,0.0,0.0,0.0,0.0,0.0,0.0,0.0,0.0
0.30513678990879745,0.6728601897856767,0.0,0.40656494923015374,0.5430443501603844,0.0,0.7512856404857815,0.031506560462743166,0.0,0.7039709842629427,0.0,0.40344345680763327,0.5779935758599741,0.39683826937040073,0.45137651339835827,0.33454255172791264,0.5343378480120402,0.20925208567043724,0.3967623326585149,0.888460496093226,0.20536451102321146,0.0,0.0,0.36679591828879365,0.5184573390279932,0.43426302333109845,0.3452909269047557,0.2970682760124562,0.2589585055230566,0.516254836122652,0.4980767451780071,0.47731901902238166,0.14350122496630224,0.33791019581645443,0.0,0.19915077610418355,0.3339756460412697,0.6050095877844361,0.283293349361459,0.056391875246117634,0.0,0.0,0.0,0.2661000213216028,0.0,0.4169076920464974,0.49915084726036074,0.1844343480415695,0.0,0.0,0.0,0.0,0.052343290507679274,0.0,0.598453627146803,0.0618665417625604,0.4760853705134278,0.0,0.0,0.4501873996961018,0.15140932784022987,0.4442006213701795,0.19910734158824425,0.33402269265572615,0.34010989144681775,0.09988917960835525,0.41241507414056294,0.032442172831192384,0.23471462849273714,0.1968913785818285,0.41214795899041684,0.0,0.06515648472423946,0.0,0.28836192029124447,0.19164686896833313
0.0,0.0,0.27932596232834384,0.026570492044696276,0.25823121435096896,0.7254439951690757,0.045817658965282726,0.7468511641858652,0.23596590929480857,0.0,0.34448877703789216,0.0,0.18144191979625007,0.15734723690955651,0.3488511978805762,0.0,0.0,0.0,0.0656672467827486,0.0,0.39148619613589547,0.0,0.0,0.0,0.0,0.0,0.368214458208679,0.18328645149693654,0.46516436112700676,0.10510499952776547,0.20098887132880705,0.1549933118960572,0.1567545821872271,0.24996112119925018,0.0,0.2646000235197866,0.0743052146741971,0.0,0.24795621357020536,0.08662141333597262,0.0,0.0,0.26633545001488107,0.0,0.0,0.0,0.0,0.20513198083555423,0.1913474012546118,0.35200275997880415,0.12261410066733036,0.05635809908810069,0.712127813290025,0.353137989923445,0.0,0.4436554226258201,0.0,0.43559433540827547,0.1405132269487903,0.13324002833621174,0.0,0.0,0.0,0.08907773032852878,0.0,0.47834871239028587,0.0,0.7873386221961474,0.0,0.0,0.0,0.0,0.0,0.0,0.0,0.0
0.5601737326096997,0.6539094062461837,0.0,0.18371560187483119,0.0765385956903802,0.0,0.30461167342949663,0.0,0.0,0.6225327570955937,0.0,0.7799920571161152,0.3358466611405533,0.0,0.0,0.2746442895741373,0.6485222263982027,0.7357164299972512,0.28589270610961365,0.11449424184828708,0.0,0.36679591828879365,0.0,0.0,0.8246408017927933,0.7679612611378774,0.0,0.25148251289003876,0.0,0.0895920014802586,0.0,0.05338412382404298,0.13055537173862017,0.0,0.0,0.0,0.3001501979775545,0.1252540909821676,0.0,0.44451077552764473,0.4701790216969115,0.39863664328544013,0.12332412988506362,0.5939211197987346,0.08749064046341196,0.6673205439083866,0.6403782501334969,0.1590800050084581,0.0,0.0,0.4961718963309311,0.0,0.0,0.0,0.6141473791272247,0.0,0.7411580193588219,0.09151631218940506,0.1986191516254469,0.14929874166293267,0.5266195622087754,0.6532966981820812,0.7419900737917354,0.041888068395613404,0.5927660186346289,0.0,0.6045377281953453,0.0,0.8577984944616106,0.5695937043032269,0.7862612019561142,0.3820402439028396,0.5665566817862999,0.541385325446315,0.7013518108079525,0.7171376574919253
0.46319321555492377,0.8589567016224193,0.0,0.25430296310135336,0.2865125580142901,0.0,0.45532687586456955,0.0,0.0,0.7815405156235503,0.0,0.8358820286642709,0.44509275987777286,0.0366184801670068,0.0,0.2901239007352197,0.7045751727133871,0.7202052464236287,0.3907818371967059,0.35519519664335963,0.0,0.5184573390279932,0.0,0.8246408017927933,0.0,0.8702525582474069,0.0,0.34050543322061694,0.0,0.22154878200384065,0.0,0.05404714206489136,0.0,0.0,0.0,0.0,0.2893652609631953,0.3226837243019972,0.0,0.31136002406663355,0.21808508957399578,0.22898143476849953,0.0,0.41834315274351064,0.0,0.5880985224822893,0.8005077576325488,0.2776162687303778,0.0,0.0,0.32826537700270797,0.0,0.0,0.0,0.7056638290965258,0.0,0.8002198144873555,0.0,0.15636927277307944,0.3245631098300324,0.5340865495251339,0.7069065288109515,0.6946567658454068,0.20877066325077864,0.6258999694540825,0.0,0.6129337038127971,0.05137481349767925,0.6783610451217972,0.6241226638360291,0.8315940772095574,0.398953887136529,0.39034324491394967,0.45224199338582916,0.521306603309266,0.5474107651916336
0.33857271768756025,0.798060778123871,0.0,0.24010143834835307,0.21199513387953098,0.07068498813308971,0.44059963683190373,0.0,0.0,0.6786308341593748,0.0,0.739562307041294,0.5110272101714125,0.05797350466649524,0.0,0.2820959221105036,0.772126532936588,0.8170472869059653,0.3031777728962336,0.2496822678129732,0.0,0.43426302333109845,0.0,0.7679612611378774,0.8702525582474069,0.0,0.0,0.4192947934467934,0.0,0.09595594682050178,0.0,0.046432873368684596,0.080493312324832,0.0,0.0,0.07248453813181763,0.17908855516277356,0.24311026741955707,0.0,0.37162031360089126,0.2755394804776571,0.20147185714078114,0.03174134675295595,0.3152128740789566,0.029172407464138378,0.4112514174302333,0.7216329772310961,0.17275305705609478,0.0,0.0,0.3459418193367819,0.0,0.0,0.0,0.495663060980524,0.0,0.6312984610630502,0.1280585049390931,0.016990080292278956,0.2875177073930442,0.5272073101009576,0.5883481501993576,0.6691188173944629,0.18287862911063574,0.512572049673828,0.0,0.5689976898980315,0.08632738136686868,0.6788662203746343,0.4880407314837485,0.8101469795558356,0.24432066510217468,0.3203626643976985,0.3066818108409126,0.5566602877666144,0.5519076366570863
0.0,0.06439512070233261,0.38484980959110265,0.10453638113170988,0.4452922512434996,0.4821873632961884,0.23632357533247866,0.16327434776604233,0.33601022531665364,0.0,0.3699538215473872,0.0,0.12520673938793692,0.297988076293081,0.6991059420974709,0.1375669485366989,0.015461781740679248,0.0,0.4076763653571622,0.562462016919653,0.4386305415261927,0.3452909269047557,0.368214458208679,0.0,0.0,0.0,0.0,0.049318413807202366,0.5239763573108398,0.33200219670891307,0.2637808004088273,0.11752250567683489,0.18594860726747442,0.2847912258341254,0.0,0.07296410562734704,0.18097009379468082,0.19024879670981198,0.14570478782820714,0.0,0.0,0.0,0.0,0.0,0.0,0.0,0.023240988274167318,0.3577653292869072,0.0,0.38803227397305456,0.0,0.16097336925198769,0.2077423589509504,0.4623026386512187,0.0,0.35108390566059156,0.0,0.0,0.0,0.5981578444063906,0.031426137047540215,0.0,0.0,0.38062871317870106,0.18492000647573975,0.34778781611491244,0.1679245677983272,0.37323897826478114,0.0,0.0,0.0,0.3693686363021165,0.0,0.0,0.0,0.0
0.13650027145031168,0.3498555651484745,0.0,0.0437314737976284,0.09306307780053341,0.22572780862300143,0.3766662009865041,0.09468623913832286,0.0,0.23945036564783734,0.0,0.05513933121629688,0.5901011573540699,0.047374478179729396,0.16819343924159538,0.4275760028500949,0.5122201133218005,0.5438738858284958,0.22712184099730764,0.27307285699296874,0.12184598781195971,0.2970682760124562,0.18328645149693654,0.25148251289003876,0.34050543322061694,0.4192947934467934,0.049318413807202366,0.0,0.3224246372586082,0.4268541621112686,0.37465560714941,0.15346792610882,0.11497200040533918,0.1769347534493419,0.0,0.37863588969768475,0.316249956692728,0.12767209866963705,0.1968675767499174,0.24622657251501723,0.04951325074485283,0.0,0.26514370501840634,0.0,0.1503200096975798,0.08448080858494791,0.25524442071615616,0.27138206899619033,0.0,0.0,0.18845039284815687,0.10756922376086883,0.1912449472805553,0.0,0.20649788671528105,0.11298781011961678,0.016956525144052548,0.46205071009747706,0.07869063885039113,0.3533021779788089,0.41974146285262565,0.3025607907518195,0.4676429525504676,0.30731369352590615,0.233303407824222,0.2513654600313364,0.32515532535635794,0.38507896108981593,0.2670218756956894,0.31524706352574317,0.3671075862571066,0.1540897137240779,0.40599767029535705,0.22577089724921887,0.22035665644051133,0.2966802512485781
0.0,0.0,0.0,0.13645881033393437,0.4029158358160782,0.5742528089933184,0.3479156390767852,0.36352874129696966,0.0,0.030109692932530185,0.16439932639976454,0.0,0.3204768708541682,0.3646126156748965,0.6402608904144304,0.053901378162028,0.04061181681203102,0.0,0.10529518490776774,0.493064487731946,0.5522833559834905,0.2589585055230566,0.46516436112700676,0.0,0.0,0.0,0.5239763573108398,0.3224246372586082,0.0,0.4297805467396709,0.5452188310148575,0.35881904877452236,0.08987841196918203,0.419969912983144,0.0,0.2930860449925686,0.028203079294989608,0.29776754420923146,0.386536827328003,0.0,0.0,0.0,0.0,0.0,0.0,0.0,0.03366334477151539,0.12179634725742555,0.0,0.18637182247211564,0.0,0.0,0.5802942463184562,0.11413870227653555,0.0,0.22580471831938165,0.0,0.18015030388968933,0.0,0.40878050105316804,0.0,0.0,0.0,0.2826942224099656,0.0,0.590083285622184,0.0,0.5827506228279108,0.0,0.0,0.0,0.0,0.0,0.0,0.0,0.0
0.23039093325090104,0.2773728353791332,0.03565470669387866,0.025660922881213327,0.2882308846881412,0.10507113289725656,0.37161997752619513,0.13181410072304434,0.0,0.2321916449570155,0.0,0.0,0.3690076121959173,0.12288017059529144,0.4850088032158659,0.3896272594515561,0.18849781074352417,0.12011237705333755,0.3770151566568254,0.5564408344032732,0.4950197553369422,0.516254836122652,0.10510499952776547,0.0895920014802586,0.22154878200384065,0.09595594682050178,0.33200219670891307,0.4268541621112686,0.4297805467396709,0.0,0.5788554838915453,0.46333422149116416,0.21524122510766386,0.4601382955443917,0.11172329612474352,0.2022545110443458,0.3843149504456871,0.3253264458211246,0.3803918545752654,0.028011570675497602,0.0,0.006485122044643528,0.016315845793545752,0.03955440268104467,0.024744591558195417,0.28551639129826256,0.2411082284941126,0.21815439015654411,0.01616865127199224,0.10763871864966579,0.0,0.1273553767962325,0.22431716631634646,0.0,0.33013307093227073,0.12720551107696107,0.07225128786975499,0.04774696539697587,0.12415525115304443,0.4041174299194916,0.18175891324647508,0.21676649225123146,0.2462346172037903,0.33253983032872403,0.20320452478392603,0.44783430547195974,0.275965331249001,0.18766280299778393,0.03078478197343093,0.2603675663941655,0.22692782309506845,0.03976266089934852,0.24020435047642866,0.1998357482607358,0.17923008437605129,0.07011203073883404
0.0,0.12930188314067653,0.0,0.278099879425652,0.34336312941207675,0.09231874213354428,0.493402569890953,0.2389401432586552,0.0,0.3630316745523422,0.0,0.0,0.46842279684505816,0.37881812733970277,0.41422494793351383,0.33182057570000023,0.16560149549246286,0.0,0.11200391911324119,0.507065197027752,0.44839495639763194,0.4980767451780071,0.20098887132880705,0.0,0.0,0.0,0.2637808004088273,0.37465560714941,0.5452188310148575,0.5788554838915453,0.0,0.7285336496942386,0.26373470739287463,0.6629250078864048,0.3188896958382137,0.2936605279303065,0.17043328941664532,0.4957477886901349,0.6484703231539645,0.0,0.0,0.0,0.0,0.0,0.0,0.0,0.07009289011633363,0.0,0.20602189528571271,0.0,0.0,0.044915822720721865,0.45575712730837437,0.0,0.41062853549567735,0.045185498402845914,0.06836545451323861,0.0,0.03985885555301774,0.22877703335640132,0.0,0.21603627768432165,0.0,0.17610428508253678,0.0,0.472158233089745,0.0,0.2521241054668351,0.0,0.04175349091328398,0.05429377174557834,0.0,0.0,0.0,0.0,0.0
0.0,0.2215200438363368,0.0,0.25269425934275136,0.2989869503456585,0.140773645142248,0.4694957076769814,0.2999153231994379,0.0,0.32740932045300114,0.0,0.02920979841335289,0.4699016765216564,0.3784570558054846,0.30296485805305096,0.310608403449111,0.16567142992516123,0.0,0.020958845960576913,0.36050613415079724,0.41032997392046516,0.47731901902238166,0.1549933118960572,0.05338412382404298,0.05404714206489136,0.046432873368684596,0.11752250567683489,0.15346792610882,0.35881904877452236,0.46333422149116416,0.7285336496942386,0.0,0.4172939143355563,0.6053349530611031,0.4177996179169522,0.22686163751485527,0.22204147188652087,0.5112180446624348,0.7629778866999071,0.024285773652878984,0.0,0.0027267940732073337,0.0,0.04819031520902868,0.0,0.03837859514967207,0.1679861430413302,0.0,0.1673224481116729,0.0,0.0,0.09577431379933521,0.40796386344288305,0.0,0.4058633654929045,0.0,0.1662175529460574,0.0,0.06693366857399947,0.08374596242328342,0.0,0.25098696485546923,0.028840339752620486,0.06425329858509038,0.0,0.4003883034529906,0.0,0.1369059542967248,0.0,0.07228141008961977,0.17528790978378955,0.0,0.0,0.0,0.02635724648853513,0.0
0.14975901057856342,0.11171052114723574,0.0,0.0,0.04037669741344552,0.08998807695877563,0.13869452888844935,0.17630926843830735,0.14744315771164682,0.0,0.05585431228333468,0.0,0.15978108347272096,0.08642147834368122,0.1941036450132264,0.3688033378675155,0.1870958335426538,0.14032091232195204,0.17843181000592817,0.08684760600784092,0.33208492348146024,0.14350122496630224,0.1567545821872271,0.13055537173862017,0.0,0.080493312324832,0.18594860726747442,0.11497200040533918,0.08987841196918203,0.21524122510766386,0.26373470739287463,0.4172939143355563,0.0,0.484639774431473,0.26649249689571236,0.06754292008539725,0.1837595857722117,0.15580036046109763,0.5100276526868258,0.362954567288858,0.18424514308333662,0.13545530103071796,0.2032637154430545,0.11792533743794453,0.09691770764488337,0.05905811082047657,0.0851608500533784,0.036290561819184,0.0,0.12406737699392852,0.1925735953616421,0.22388541653090055,0.20164122327239012,0.20698663011288457,0.06580312856085802,0.06545289359820408,0.0,0.14686777193198006,0.0,0.17590192264522914,0.10769579781385166,0.11542549088688053,0.18471891101735002,0.054471175752588835,0.0,0.3397910356932006,0.0,0.13077189471936876,0.1373335763050301,0.11304539891121457,0.130461185909883,0.09229455888718678,0.2008675425875523,0.10646321217258276,0.11738178135820995,0.15970806861627584
0.0,0.0,0.004952688259401261,0.08130531849437078,0.2707763588319742,0.07279847558863635,0.28645941194345825,0.27753049019846826,0.0,0.023717739000674143,0.08599062710005917,0.0,0.2764926026964875,0.20958735367429843,0.47488598826349837,0.18382591661559228,0.0,0.0,0.14126402038813646,0.3362713131448051,0.5397502169440909,0.33791019581645443,0.24996112119925018,0.0,0.0,0.0,0.2847912258341254,0.1769347534493419,0.419969912983144,0.4601382955443917,0.6629250078864048,0.6053349530611031,0.484639774431473,0.0,0.3426260874967374,0.14722469632097898,0.1699659081139441,0.4422041989238549,0.6173424412212507,0.0,0.0,0.0,0.0,0.0,0.0,0.0,0.0,0.01780769202504555,0.1531420083615082,0.23596822181793398,0.0,0.25538533167167327,0.42506594960665,0.11333605340236172,0.16828796935772214,0.22476598323128028,0.0,0.0,0.08990679012318195,0.20228113959617736,0.0,0.03263032237082002,0.0,0.22002002006791113,0.0,0.5479797933242909,0.0,0.2128864579910834,0.0,0.0,0.0,0.0,0.0,0.0,0.0,0.0
0.015454718543684728,0.0,0.0,0.05553759343528111,0.0,0.0,0.0,0.0,0.0,0.0,0.0,0.0,0.014838438825489957,0.021189768848357216,0.0,0.09618877331862048,0.0,0.0,0.0,0.0,0.09585357848723818,0.0,0.0,0.0,0.0,0.0,0.0,0.0,0.0,0.11172329612474352,0.3188896958382137,0.4177996179169522,0.26649249689571236,0.3426260874967374,0.0,0.0,0.07358908890806604,0.2081545232983762,0.3472321211303142,0.0,0.0,0.20095755794759138,0.0,0.01699391122624326,0.00689485829232922,0.05527405268498562,0.0,0.0,0.14611552978070988,0.07246455963312337,0.0,0.21017568930054972,0.03179285842373458,0.0,0.12043027720567515,0.0,0.036960191715444964,0.0,0.0,0.0,0.0,0.0,0.0,0.0,0.0,0.04829705022771311,0.0,0.0,0.0,0.0,0.0,0.0,0.024724952348480204,0.0,0.0,0.0
0.0,0.056192976302310724,0.0,0.27878918950811926,0.16163183683007415,0.28645894837189984,0.3621994655722887,0.3545469370168465,0.0,0.10023897826235577,0.0,0.0,0.13484318821083288,0.4005544770525953,0.09485078176070894,0.08245946954985563,0.30404648325281836,0.12721691717028938,0.03742514434372267,0.17839291429077472,0.20525811909380584,0.19915077610418355,0.2646000235197866,0.0,0.0,0.07248453813181763,0.07296410562734704,0.37863588969768475,0.2930860449925686,0.2022545110443458,0.2936605279303065,0.22686163751485527,0.06754292008539725,0.14722469632097898,0.0,0.0,0.15379746738807606,0.18155009576863446,0.3246676099303718,0.03812933100805932,0.0,0.0,0.2478643650443248,0.0,0.0,0.0,0.0,0.0,0.140848600524197,0.0,0.0,0.0,0.4756680784998235,0.0,0.0,0.03986449044455215,0.0,0.19651774411309528,0.023711148926258335,0.0,0.0,0.06531087574574702,0.0,0.06384149991742605,0.0,0.21232076205954056,0.0,0.3695122072244227,0.0,0.0,0.0,0.0,0.0,0.0,0.0,0.0
