0.0,0.0,0.3535775765540412,0.12687525541401762,0.45759444505675184,0.0,0.2295453214049838,0.0,0.2350879878412099,0.1479548053083744,0.22759861036110027,0.0,0.3785005295742988,0.12823628633464892,0.4066321712237889,0.6365993621486769,0.30699719835905737,0.5236193659950361,0.2905004525367546,0.536953280524434,0.4643036946589355,0.3881345671956134,0.1154382806706582,0.0,0.13904815388086716,0.0,0.3822777978273322,0.6422365684600069,0.5798187743715179,0.35963434497252866,0.7060466759599275,0.0,0.24040435634920015,0.5415445562711635,0.21894654571567806,0.0,0.0,0.20368425110961627,0.0,0.0977514668039654,0.39037813169895846,0.14627935906875167,0.0,0.0,0.04753482464443917,0.761231953526882,0.0,0.22054209008886733,0.18922148914038894,0.0,0.0,0.0794854221892406,0.0,0.0,0.04836440372110029,0.07615505959689607,0.0,0.3262293729796212,0.0,0.11505169131790083,0.24605569408471262,0.0,0.5913515257654082,0.2608749269648899,0.21792874973023424,0.1803574257598694,0.0,0.0,0.0,0.0,0.0,0.0,0.5121550789779252,0.4823048230769292,0.23709134599161913,0.4805699422417499
0.0,0.0,0.0,0.0,0.07863488336209887,0.3594467268781324,0.231810054770914,0.3369072574198444,0.0,0.31087454222226785,0.13594188217133502,0.04174711758786337,0.4252642149839838,0.22237904451997395,0.05859590374648596,0.10807657125801295,0.42620735589359765,0.3073127599810225,0.0,0.0,0.19357350158459674,0.14123280925757897,0.19762515132412456,0.08571674643387062,0.708615983296294,0.5996460628184033,0.034168207116526295,0.0,0.0,0.0,0.0,0.4822491762907761,0.3249120658838238,0.0,0.0,0.21457326506372829,0.0,0.0,0.46721366541880316,0.30817557627586634,0.13879772416111552,0.12093676786549168,0.0,0.0,0.032440960883267464,0.0,0.5008396068630124,0.0,0.0,0.0,0.0,0.0,0.1762328640652017,0.0,0.13209113583060436,0.28907156660745525,0.022322444994779755,0.0,0.13914475291219122,0.045225219470128974,0.1686806089830325,0.2782804270106104,0.0,0.0,0.0,0.13342298584443307,0.17198120431208913,0.1596618222337223,0.05437174795680977,0.41848813181639494,0.3389999312517596,0.11308668843639375,0.0,0.0,0.0,0.0
0.3535775765540412,0.0,0.0,0.0,0.5410804104510647,0.3722695616676712,0.15102796567044396,0.04785703397728691,0.46914314422067427,0.0,0.3861908791841619,0.07371000589135462,0.2878641385599787,0.1944429953523246,0.16970697393728212,0.2873450495630576,0.0,0.14299007041357564,0.40023992319496515,0.284761005702654,0.34208882394393764,0.14564663971681313,0.5985986186476229,0.0,0.0,0.0,0.5506367892109036,0.185716766032061,0.20489521416223294,0.2611740221879034,0.22531878327306165,0.0,0.08786964428888314,0.30685884995913415,0.17863789871765207,0.02698651062886523,0.0,0.0,0.0,0.12587879589421327,0.2226399915748781,0.28696666207314425,0.0,0.053618868627104965,0.0,0.35670109476795175,0.0,0.6514581078152957,0.04614057328203697,0.0,0.34600811519360775,0.07143839053246087,0.0316159679280999,0.26793788177066136,0.146548590709257,0.1318628555410663,0.08084000110113584,0.25745777172659734,0.0,0.0,0.06327301334907667,0.0,0.26809901199569175,0.6061714862629871,0.0,0.0,0.0,0.407435512758443,0.004516222090474781,0.18844191062627452,0.039422396303342155,0.0,0.12153202003337912,0.09968564829771659,0.08326606203869055,0.0
0.12687525541401762,0.0,0.0,0.0,0.2853754632653273,0.08443348168277151,0.5188485937826598,0.0,0.23688679543014582,0.07404222446253778,0.21891498372448703,0.06762124433001757,0.26884173357695806,0.0,0.0,0.0,0.011198609332026405,0.0,0.2547687226027021,0.0,0.0,0.0,0.0,0.021935584704315086,0.0,0.0,0.07204496614185799,0.21276319899393265,0.16668790473283226,0.12425816030311754,0.0,0.0,0.0,0.0,0.0,0.019761569503854326,0.2091194893841228,0.0948382429981881,0.0,0.0,0.0,0.0,0.0,0.0,0.0,0.03716440958354379,0.0,0.14862300587684038,0.3042834346318806,0.41298992571674886,0.0,0.4873693907151247,0.0,0.16657570756915238,0.21954943916851366,0.0,0.13221372641233037,0.11470111476915865,0.0,0.0,0.15528580389963237,0.10927142439644844,0.04046061658208153,0.03665958845705751,0.024615840165783803,0.0,0.11042363829283003,0.0,0.05248138931187302,0.002647655978055677,0.0,0.19843905673521792,0.2910807365681541,0.12443081465783723,0.1943505343156659,0.23932920205548625
0.45759444505675184,0.07863488336209887,0.5410804104510647,0.2853754632653273,0.0,0.0,0.6064986534152568,0.0,0.4258916595467291,0.02687900140660926,0.5132826059833786,0.0,0.5169551185076152,0.47827665722433566,0.4812392977132426,0.4482372758899956,0.14586208003392423,0.2594947411125965,0.22434087890825627,0.2895671577196774,0.49483858842460016,0.35223303531502465,0.21357981232603598,0.0,0.031647361430812454,0.0,0.6447272142519445,0.3864128723515935,0.5058464189262806,0.2547971467977121,0.40708614455867304,0.0,0.21191518216008026,0.42421282450103803,0.16836352519897582,0.15549502880878147,0.0,0.026392513791678535,0.085975189778675,0.11797605448432867,0.286556294989766,0.25251069665036974,0.0,0.0,0.0,0.5564695999763443,0.0,0.18591858296454555,0.1404033146252113,0.06840594754875601,0.0,0.07346121732574029,0.0,0.044778557878915604,0.14548438345333942,0.22750530267982072,0.0,0.11735637040975647,0.24904997189104905,0.2630491290756908,0.018786365425074947,0.0,0.3342378220496448,0.3444171655372482,0.0,0.11732895787146344,0.0,0.04310973955225006,0.0,0.0,0.0,0.0,0.260632730167442,0.21226502967668243,0.0,0.22562260419425667
0.0,0.3594467268781324,0.3722695616676712,0.08443348168277151,0.0,0.0,0.0682896907851589,0.4844697876805417,0.39628081673131743,0.2863525352742759,0.21693525228143345,0.47556258777446503,0.490051662527891,0.0,0.0,0.0,0.2568114911567535,0.20508176831209848,0.2788323441400229,0.0,0.11087241712365381,0.0,0.459246846579209,0.3113126415749394,0.16399505718360835,0.5097048354732622,0.10364367615962722,0.0,0.06928611818930364,0.13764400374927543,0.0,0.0,0.0,0.0,0.0,0.20758979079165657,0.24313657222232296,0.0,0.0,0.18443420396926122,0.07963615086781006,0.0,0.0,0.09307305232565923,0.0,0.0,0.2461074531048938,0.6376817821535075,0.0,0.1897992318879614,0.5121037097457724,0.18112480311988816,0.40280514590815586,0.3635829985423433,0.30705759921898923,0.0,0.30240280760558497,0.2118028991938148,0.0,0.0,0.3054894132547535,0.3721967511629812,0.09296774210594855,0.32959644392925985,0.23734533269807967,0.0,0.22014938855287686,0.463555806526877,0.20800881175260044,0.3445563909436935,0.41456992697883976,0.2955417650050549,0.13278229674609698,0.0,0.2061028737749092,0.0
0.2295453214049838,0.231810054770914,0.15102796567044396,0.5188485937826598,0.6064986534152568,0.0682896907851589,0.0,0.040763627815328024,0.22452405579828796,0.2149868767168275,0.4895399046535347,0.0,0.5626241224240459,0.2389868570409086,0.18753666921358686,0.1965762952621211,0.21664236399567174,0.250473472824066,0.10351454739121638,0.0,0.3754916643841815,0.016872672441319125,0.01110762748755209,0.048051380131332866,0.0866898965204222,0.0,0.2814801620844095,0.28016915189039415,0.2635895499757497,0.2269102246166267,0.16483886915370433,0.010573398195911354,0.15960081779798008,0.09134638136923753,0.0,0.12219372360149108,0.0,0.1205607033530785,0.04487677169310696,0.061406576409773844,0.05677928111337677,0.0,0.08368957322051916,0.0,0.08372190072688993,0.22668352002319925,0.056682803007683,0.0,0.259834073435137,0.25872088917840225,0.0,0.22345128519120405,0.0,0.01530753781526989,0.2308185208759062,0.3633597385474543,0.14702292555625646,0.17808243471256646,0.19724237541736225,0.0,0.0,0.052251294460393005,0.15226069658052827,0.11485830010330138,0.0,0.18800554722038315,0.0,0.0,0.038718042951129614,0.125830803478977,0.0,0.0,0.29600742770695243,0.022162032086972094,0.060407806896340135,0.11547595099732119
0.0,0.3369072574198444,0.04785703397728691,0.0,0.0,0.4844697876805417,0.040763627815328024,0.0,0.08550062770647737,0.1183020171873724,0.1093338134880612,0.6168207867260361,0.1936818940447996,0.21245601375496745,0.0,0.0,0.0,0.0,0.0,0.0,0.1824537729013484,0.0,0.5523778185019569,0.5636640052527346,0.0,0.45988815141132916,0.0,0.0,0.0,0.07339136153357481,0.0,0.13983401843030765,0.0,0.0,0.0,0.31442120361684833,0.172661212898065,0.0,0.0,0.0994614923099346,0.0,0.0,0.0737832868910302,0.0,0.0,0.0,0.31059410242600805,0.03569608898876436,0.0,0.11439903771846915,0.25724516221084803,0.0,0.7869108609120424,0.206429283923064,0.004424681086562354,0.2313988665572107,0.43328301040619366,0.031349036342422865,0.1681103693345879,0.0,0.0,0.0,0.0,0.0,0.0,0.16270951763007024,0.05834785548959187,0.5422512302240814,0.48276255713565325,0.08624580152574986,0.43266623104365676,0.11714517922353007,0.0,0.0,0.020162759872073777,0.0
0.2350879878412099,0.0,0.46914314422067427,0.23688679543014582,0.4258916595467291,0.39628081673131743,0.22452405579828796,0.08550062770647737,0.0,0.12202072414693926,0.5148035370514242,0.19846751694355347,0.33159241059107136,0.12672322648909895,0.2500980812155652,0.0,0.008165371475807703,0.0851373803069102,0.46894242946406606,0.2420551037095493,0.0783796284357034,0.0,0.28305282504109075,0.15438085848784128,0.0,0.0,0.5038011003557874,0.22322327001950398,0.29816511104195176,0.182006093335234,0.0,0.0,0.0,0.08698434840394725,0.008054664213314966,0.056761481606134645,0.15338806317849596,0.0,0.0,0.04513595560379163,0.11133140830931045,0.0,0.0,0.029696487485891043,0.02246067295690088,0.14850989330156678,0.0705753637739158,0.5944773503603205,0.07344948187335451,0.38936037754402,0.2435990933782705,0.355845704702412,0.2155726881087989,0.704191216488164,0.16152708003444338,0.35971361404365604,0.2432022306085872,0.1630115675097313,0.10438287935512303,0.2582666114519195,0.247480763674775,0.08140877920156675,0.20678307553507055,0.46684829746749257,0.3533751567839366,0.0,0.2203251317150504,0.37858195368599323,0.23208622025901432,0.18879297198634654,0.1293212614903316,0.5258098831784764,0.36699530064961566,0.313541604086236,0.30497726530383085,0.23520582807972246
0.1479548053083744,0.31087454222226785,0.0,0.07404222446253778,0.02687900140660926,0.2863525352742759,0.2149868767168275,0.1183020171873724,0.12202072414693926,0.0,0.21525933492816177,0.2214702610215018,0.4298823790412746,0.0,0.0,0.16328130046862577,0.33583798054425373,0.36726755641839565,0.12666650786038458,0.0,0.2635043800916771,0.0,0.10395217172596963,0.30960474411088934,0.32496936309305935,0.3274836400066811,0.12078643627616933,0.30664343971960817,0.0,0.11904674240568447,0.11352813609137247,0.0856667835896674,0.18386694651160396,0.047455412767676314,0.09399630163573662,0.0,0.05646125557811155,0.2201293512347286,0.055091035924842366,0.23484032459417464,0.16540088919974202,0.0,0.02146626364877674,0.0,0.18281356223493828,0.13806807301549376,0.16777212279141307,0.14413038320615362,0.25993098275028115,0.09774649635239555,0.24579352041173158,0.06156528689576135,0.0,0.08713353135439583,0.40592632620761465,0.18020872198418347,0.30462660979135503,0.34718675726603493,0.18357671807164677,0.0,0.0,0.24277811707097158,0.1692763849757714,0.02140381833774796,0.03420142772414664,0.1832832747126016,0.0,0.07916659806988505,0.23056096759197378,0.15576694399062824,0.16537854568182325,0.08725089285518287,0.41694866127029045,0.06451304534951427,0.2145926077832266,0.2052523576753751
0.22759861036110027,0.13594188217133502,0.3861908791841619,0.21891498372448703,0.5132826059833786,0.21693525228143345,0.4895399046535347,0.1093338134880612,0.5148035370514242,0.21525933492816177,0.0,0.019945931037597592,0.4877244123800436,0.21198125228244613,0.11268126902531123,0.050882593841331564,0.23566544054311003,0.25615627477239156,0.5511952263287258,0.0,0.34210475447046695,0.0,0.23197562588805282,0.07719506507328415,0.0,0.02836152394716865,0.3443243672884007,0.439144106299612,0.14749809339963718,0.3116783247472101,0.037641981748027464,0.0,0.0,0.06298086300656355,0.0,0.18790449936922238,0.14963585069236807,0.09485851681819318,0.0,0.12468362406461544,0.1504894062164422,0.0,0.09309708883076306,0.13899807635816352,0.20249693458428697,0.22797871618601198,0.03990524267376003,0.3522075744975706,0.3324343733134977,0.341339779564617,0.21723989937148946,0.22634688649924417,0.1570738595779482,0.36476222829554544,0.1430337149703272,0.5411347984806124,0.2638390275921784,0.41627149657073637,0.2621302580299663,0.0,0.0,0.30244937773150266,0.2271702703760385,0.41103357818202946,0.0,0.09688401748310768,0.0,0.2224425590754694,0.04902263542675425,0.08592806962534026,0.0,0.21216663795554927,0.528689980772547,0.10078783408575082,0.29813745554524423,0.14790603375825187
0.0,0.04174711758786337,0.07371000589135462,0.06762124433001757,0.0,0.47556258777446503,0.0,0.6168207867260361,0.19846751694355347,0.2214702610215018,0.019945931037597592,0.0,0.05555528431861745,0.0,0.0,0.0,0.0,0.0,0.06406160464741226,0.0,0.0,0.0,0.39176308276372923,0.7143461551725486,0.0,0.4054198651541462,0.0,0.0,0.0,0.09531622620111654,0.0,0.0,0.0,0.0,0.0,0.1624574803972541,0.30175398917475627,0.10507609592164413,0.0,0.041392373393367404,0.0,0.0,0.11280352464509029,0.15605877633550003,0.0,0.0,0.20565827135382425,0.1930343356318412,0.1009024094276876,0.1745223980314578,0.4803395313473052,0.20458006616715382,0.6534862950880345,0.37736576786266,0.1161726520627458,0.09344591824712115,0.6832872054659177,0.237614448476181,0.07896672405210359,0.0,0.0,0.0,0.0,0.025644047271732723,0.03781442040981556,0.0,0.012598792987466662,0.4707458964309337,0.6449062342432187,0.07665486533935428,0.4838556628195984,0.1053252569692902,0.021944679029918868,0.0,0.17136989695484214,0.0
0.3785005295742988,0.4252642149839838,0.2878641385599787,0.26884173357695806,0.5169551185076152,0.490051662527891,0.5626241224240459,0.1936818940447996,0.33159241059107136,0.4298823790412746,0.4877244123800436,0.05555528431861745,0.0,0.16083590228347716,0.2341882431157562,0.2641849753131104,0.593822842198626,0.4868468303142522,0.2534359050621289,0.06366142189109952,0.46593653697540227,0.0,0.21174075004175563,0.10872070487180002,0.15968585598087226,0.3121877653878011,0.20931766099032403,0.5462547011693425,0.3492389023107954,0.3475898858569494,0.16568934524628906,0.0,0.13025041353301636,0.06879099483932077,0.0,0.25092162815982244,0.041442041861058515,0.0,0.0,0.29225586183514446,0.28335312363975496,0.11828081782505596,0.0,0.0,0.029572584429231608,0.3100825949407513,0.0,0.2903057087330128,0.12251233175412549,0.05500339596281767,0.0,0.04730318608990525,0.018274304658073837,0.027822642911330242,0.3806326736836169,0.13377901620391366,0.19186656027999585,0.3094486931347945,0.12313924923980177,0.0,0.25953002592776947,0.3303879355663058,0.3705675493290628,0.20124234081646797,0.0,0.0,0.0,0.03853439219071153,0.0,0.11375595382884066,0.002088059395908559,0.0,0.4610166778533227,0.0,0.31966293501973453,0.27725966111386113
0.12823628633464892,0.22237904451997395,0.1944429953523246,0.0,0.47827665722433566,0.0,0.2389868570409086,0.21245601375496745,0.12672322648909895,0.0,0.21198125228244613,0.0,0.16083590228347716,0.0,0.3052062133829988,0.12098718782278056,0.0259011556408395,0.0,0.0,0.10726344027161958,0.3465181664681176,0.22538068355121127,0.2637876444148034,0.0,0.0,0.0,0.3067507093838115,0.027698077606214483,0.09784235402473673,0.0782731054114001,0.11248896564272333,0.22934907930055792,0.16026387373985854,0.10861555390186313,0.06164619600862389,0.3253124192632967,0.0,0.0,0.2328965144187612,0.0,0.10266123854594084,0.14202380973139936,0.2145919250821254,0.0,0.08051256560728087,0.21584386309930825,0.0,0.0,0.0,0.0,0.0,0.0,0.09702250561030637,0.0,0.0,0.30459547753758126,0.0,0.0,0.4623279444763982,0.20544257448372044,0.0,0.0,0.0,0.023373477840559875,0.0,0.17614508760246267,0.0,0.1792931684434918,0.0,0.0,0.0,0.0,0.0,0.0,0.0,0.0050186489105910476
0.4066321712237889,0.05859590374648596,0.16970697393728212,0.0,0.4812392977132426,0.0,0.18753666921358686,0.0,0.2500980812155652,0.0,0.11268126902531123,0.0,0.2341882431157562,0.3052062133829988,0.0,0.32548669015699555,0.07639331020497142,0.13398738053787404,0.0,0.5583750554459269,0.3846707118611411,0.5345218165896609,0.07200183744474675,0.0,0.09635094425277943,0.0,0.4741698160914538,0.21338079778888,0.5108278703918837,0.16389300927086706,0.4459623925972134,0.1476714708641349,0.25058434333904367,0.40426396889309757,0.21015872315660003,0.09386741745361515,0.0,0.0,0.0815077757285852,0.14710323509883352,0.2891860013908022,0.2543001910127483,0.0,0.0,0.02707787072585137,0.44568242553728704,0.0,0.0,0.0,0.0,0.0,0.0,0.0,0.0,0.039141796628156894,0.14744067565336366,0.0,0.0,0.21324841164499558,0.6442495057985158,0.17896596491481576,0.0,0.28087725659202256,0.04697601247156652,0.15915456731164063,0.25350772647658093,0.048253258027770696,0.0,0.0,0.04881657141514345,0.0,0.16004550907412723,0.061439481848002464,0.366162985353633,0.0,0.33661183551786233
0.6365993621486769,0.10807657125801295,0.2873450495630576,0.0,0.4482372758899956,0.0,0.1965762952621211,0.0,0.0,0.16328130046862577,0.050882593841331564,0.0,0.2641849753131104,0.12098718782278056,0.32548669015699555,0.0,0.4099443150022069,0.7022452244809652,0.0,0.4340201309427739,0.34539258242238385,0.7375289208882454,0.0,0.0,0.3629669713395167,0.0,0.39169188846608344,0.3611609979190229,0.3834083909040724,0.09065092247232365,0.7330984615164997,0.0,0.6036421477486693,0.6459005350467628,0.3497328629047487,0.0,0.0,0.10292240619187176,0.18697351316480806,0.10641473311729943,0.31334677527340693,0.32234818954335975,0.005800497586652742,0.0,0.011911586263989207,0.6723823013722514,0.0,0.0,0.10320742494639956,0.0,0.0,0.0,0.0,0.0,0.05752909713110349,0.0,0.0,0.2603944801088157,0.013980300633772133,0.07924757357527679,0.0,0.07136980034362495,0.512486773538067,0.17455653812912722,0.0,0.11195497742523153,0.0,0.0,0.0,0.0,0.0,0.0,0.14813924695156327,0.25880132858168126,0.0,0.1342435831483215
0.30699719835905737,0.42620735589359765,0.0,0.011198609332026405,0.14586208003392423,0.2568114911567535,0.21664236399567174,0.0,0.008165371475807703,0.33583798054425373,0.23566544054311003,0.0,0.593822842198626,0.0259011556408395,0.07639331020497142,0.4099443150022069,0.0,0.7076890964871622,0.0855436404260532,0.0,0.1746295293226862,0.06471183681602616,0.0,0.0,0.350707053727758,0.3816050897332346,0.03668299155958479,0.38753521597040297,0.22683103150750625,0.11711573146675457,0.22264018068938857,0.10598319838400135,0.2655253532104172,0.14225448779233119,0.0,0.0,0.0,0.0,0.11650615747999804,0.23084210571299119,0.24625421805424583,0.16710614331518153,0.0,0.007704252006869722,0.04310522517776863,0.1924571185052861,0.0,0.08633690507939257,0.08760792104658222,0.0,0.0,0.0,0.0,0.0,0.14626564155346167,0.10916470928195365,0.0,0.1778041275581557,0.0,0.0,0.20036929456520602,0.5023428943755872,0.41924571837473956,0.08803018172754642,0.056649054278019834,0.0,0.0,0.0,0.0,0.0,0.0,0.0,0.29258826401711907,0.010266271670371946,0.1550433818810034,0.2694611079509793
0.5236193659950361,0.3073127599810225,0.14299007041357564,0.0,0.2594947411125965,0.20508176831209848,0.250473472824066,0.0,0.0851373803069102,0.36726755641839565,0.25615627477239156,0.0,0.4868468303142522,0.0,0.13398738053787404,0.7022452244809652,0.7076890964871622,0.0,0.17196769715100294,0.1768807981242545,0.2431755309950993,0.28532259961887063,0.0,0.0,0.4598126799805846,0.21354865358582192,0.18640605982328967,0.44060509861147035,0.34441262039939813,0.15250351722175023,0.44659702802454293,0.0,0.4176709085694108,0.36227714383005805,0.11888765333960553,0.0,0.0,0.07508604725555627,0.05195746471412452,0.22773137195504523,0.32434442233398275,0.19022600883037422,0.0,0.02753354286982658,0.08150785214098662,0.43769049279652517,0.0,0.13760669058672656,0.20271304430157183,0.0,0.07694556715777706,0.029802232126591277,0.0,0.0,0.14552961093731495,0.13850439553424676,0.0,0.35899857735947516,0.0,0.0,0.23514823808488136,0.4309410495140008,0.6351967958956094,0.2382940194128405,0.08812506312989477,0.0,0.0,0.0,0.0,0.08061661888792604,0.0,0.0,0.36920198750196725,0.22478367107171243,0.13406928023779432,0.2511402878963846
0.2905004525367546,0.0,0.40023992319496515,0.2547687226027021,0.22434087890825627,0.2788323441400229,0.10351454739121638,0.0,0.46894242946406606,0.12666650786038458,0.5511952263287258,0.06406160464741226,0.2534359050621289,0.0,0.0,0.0,0.0855436404260532,0.17196769715100294,0.0,0.0,0.08254243426425104,0.0,0.1538604696717234,0.1163732931485608,0.0,0.0,0.17377293068613603,0.548500876836277,0.17482993526805182,0.4289202899566524,0.09348209812025411,0.0,0.0,0.04058219281166556,0.0,0.0,0.2340802062276765,0.14589372523234856,0.0,0.08127741297239019,0.14575920661404773,0.0,0.08436118094258226,0.3237149174988283,0.06269356624433395,0.19157342581216838,0.0,0.6007555478983989,0.31364913900586067,0.4612242614486215,0.33012747554956834,0.4356282822527837,0.0,0.3420999891118301,0.11112739218695489,0.09931471917544549,0.2109016487620194,0.5548803045192052,0.046414273905738046,0.0,0.10806207455507821,0.29520572068575135,0.32582754465660957,0.5413169580754063,0.17473811849076737,0.0,0.0,0.14208041293645746,0.0015316047119220688,0.0,0.0,0.11118345855333273,0.6262274058976198,0.27433497733435974,0.5719018545068209,0.3293152470245926
0.536953280524434,0.0,0.284761005702654,0.0,0.2895671577196774,0.0,0.0,0.0,0.2420551037095493,0.0,0.0,0.0,0.06366142189109952,0.10726344027161958,0.5583750554459269,0.4340201309427739,0.0,0.1768807981242545,0.0,0.0,0.26294706734404877,0.6606199433976034,0.17521691187859245,0.0,0.07657623481073256,0.0,0.3633907617243759,0.20218734942913535,0.4121966160601797,0.21963251677796986,0.47552023971518065,0.033105368449658945,0.3628834831556521,0.4554606018894195,0.32501129592718697,0.0,0.0,0.0,0.0,0.12699247818910864,0.2672545209312105,0.1403677328881045,0.0,0.0,0.0,0.4631569773472034,0.0,0.12612392800253908,0.0,0.0,0.0,0.0,0.0,0.0,0.0,0.0,0.0,0.0,0.0,0.36510718958045296,0.11242020117670398,0.0,0.16417340214832418,0.10824860155850691,0.39896736379158554,0.09975598109970713,0.11303765866899962,0.08574141725317913,0.0,0.0,0.0,0.0,0.03049661671577475,0.28215488843828385,0.0,0.13624269144524193
0.4643036946589355,0.19357350158459674,0.34208882394393764,0.0,0.49483858842460016,0.11087241712365381,0.3754916643841815,0.1824537729013484,0.0783796284357034,0.2635043800916771,0.34210475447046695,0.0,0.46593653697540227,0.3465181664681176,0.3846707118611411,0.34539258242238385,0.1746295293226862,0.2431755309950993,0.08254243426425104,0.26294706734404877,0.0,0.23317229117374808,0.3506350182471676,0.1405014595382344,0.0,0.05054713123924265,0.28971675612605186,0.4766742749232257,0.2859647672118214,0.3480385082111108,0.3691734176146677,0.06764476144801246,0.26289855256833633,0.31422334010113784,0.10766376365670387,0.1795433921319274,0.0,0.2817147233559954,0.14931239277258584,0.2802079718444658,0.2889245264099115,0.17722933763244858,0.21146022125288494,0.0,0.12401960624320932,0.4977442701642834,0.0,0.0,0.16547810181553646,0.0,0.0,0.0,0.00439283333217888,0.0,0.057855645534107936,0.1804530562389784,0.15626539670760475,0.31460120823903004,0.20678786034807783,0.11801640402235358,0.0,0.0,0.1864859710235701,0.06789133164037733,0.0,0.5129408582467534,0.0,0.142519144271877,0.048419243663514494,0.0,0.0,0.0,0.35255641606385585,0.11393224552467218,0.06648720662904439,0.1672413849262016
0.3881345671956134,0.14123280925757897,0.14564663971681313,0.0,0.35223303531502465,0.0,0.016872672441319125,0.0,0.0,0.0,0.0,0.0,0.0,0.22538068355121127,0.5345218165896609,0.7375289208882454,0.06471183681602616,0.28532259961887063,0.0,0.6606199433976034,0.23317229117374808,0.0,0.0,0.0,0.36342787630700013,0.0,0.42789832534025285,0.025444105176576415,0.24276588125305643,0.0,0.6196922605412437,0.3094854303757482,0.6468015701656119,0.6399364386025012,0.340834075945912,0.0,0.0,0.018968726827298055,0.3911993025585747,0.1365118549065969,0.2485160539387597,0.385366190893768,0.021232820337303393,0.0,0.0,0.5132362912914918,0.0,0.0,0.0,0.0,0.0,0.0,0.0,0.0,0.0,0.07958666511558082,0.0,0.0,0.127004440137567,0.37573192005511213,0.0,0.0,0.21356784794198655,0.03218829559820152,0.0,0.24219676411731864,0.0,0.0,0.0,0.0,0.0,0.0,0.0,0.22146833324630621,0.0,0.05589760472433608
0.1154382806706582,0.19762515132412456,0.5985986186476229,0.0,0.21357981232603598,0.459246846579209,0.01110762748755209,0.5523778185019569,0.28305282504109075,0.10395217172596963,0.23197562588805282,0.39176308276372923,0.21174075004175563,0.2637876444148034,0.07200183744474675,0.0,0.0,0.0,0.1538604696717234,0.17521691187859245,0.3506350182471676,0.0,0.0,0.30869454377363936,0.06848888223144603,0.2723716223589985,0.2777022623494359,0.0,0.0,0.17366362587107653,0.0,0.029011484415481154,0.0,0.0,0.07196582218243554,0.15444117658009032,0.0,0.015343239042076962,0.044104544575286286,0.12505504765275274,0.16979797693746368,0.08947450323122307,0.031570988204785655,0.0,0.0,0.09285864802511501,0.17175305445369726,0.39906606205763595,0.009052023736991738,0.03745319963138971,0.4344020156502409,0.08519635630684863,0.5383700128680202,0.17545249064643853,0.06794737402486295,0.11985064993230898,0.30555498287398086,0.14129557579744928,0.1857075063211413,0.03784489996405793,0.05673701916972007,0.0,0.0,0.2640866270221826,0.06647608156775459,0.09439623062446839,0.0,0.8431179999007382,0.264034978619757,0.2898646363229021,0.37244219584817073,0.12298540029068822,0.0,0.0,0.022103028092395866,0.0
0.0,0.08571674643387062,0.0,0.021935584704315086,0.0,0.3113126415749394,0.048051380131332866,0.5636640052527346,0.15438085848784128,0.30960474411088934,0.07719506507328415,0.7143461551725486,0.10872070487180002,0.0,0.0,0.0,0.0,0.0,0.1163732931485608,0.0,0.1405014595382344,0.0,0.30869454377363936,0.0,0.0,0.4510059856868909,0.0,0.019416386062955315,0.0,0.19553522606507734,0.0,0.0,0.0,0.0,0.0,0.08576924762846616,0.17673068033950137,0.24067776264268698,0.0,0.09685139085729069,0.0,0.0,0.18912886933270098,0.10647769619446178,0.15672974609646878,0.0,0.1980897017263033,0.091152774367533,0.026183553421055203,0.211439289224826,0.39431383328245917,0.12962486428072795,0.6026255708071612,0.36132567959907325,0.05773760181015403,0.24135371020582894,0.6416018016583881,0.3255142057303462,0.09592818722102103,0.0,0.0,0.035181430249940415,0.0,0.0,0.07874002895410595,0.17931001666511698,0.0,0.39000173909728764,0.7346243956710531,0.05404233046247037,0.5211898370946307,0.0,0.16826342847974524,0.0,0.28138588787731816,0.0
0.13904815388086716,0.708615983296294,0.0,0.0,0.031647361430812454,0.16399505718360835,0.0866898965204222,0.0,0.0,0.32496936309305935,0.0,0.0,0.15968585598087226,0.0,0.09635094425277943,0.3629669713395167,0.350707053727758,0.4598126799805846,0.0,0.07657623481073256,0.0,0.36342787630700013,0.06848888223144603,0.0,0.0,0.4987664239927749,0.17818003435549187,0.0,0.0,0.0,0.0,0.3662034552059119,0.3736871077197317,0.06580307606614384,0.0,0.0,0.0,0.0,0.3905332957829626,0.24488558372910196,0.20312837991042546,0.19758124601662846,0.0,0.0,0.054751060688728176,0.0,0.4795911575046606,0.04057660295075122,0.0,0.0,0.05877295915597258,0.0,0.0,0.048689941882120724,0.08560688650568554,0.2500511465698248,0.0,0.0,0.0,0.10326256257965052,0.2788608581612627,0.21852100925914777,0.22909290154397982,0.11061748277401415,0.19178982431666086,0.0638627801756419,0.2530901673341208,0.08672299940637529,0.0,0.5351507841477773,0.3513670584693769,0.20308524647129328,0.0,0.12041127336010249,0.0,0.053990447064416414
0.0,0.5996460628184033,0.0,0.0,0.0,0.5097048354732622,0.0,0.45988815141132916,0.0,0.3274836400066811,0.02836152394716865,0.4054198651541462,0.3121877653878011,0.0,0.0,0.0,0.3816050897332346,0.21354865358582192,0.0,0.0,0.05054713123924265,0.0,0.2723716223589985,0.4510059856868909,0.4987664239927749,0.0,0.0,0.0,0.0,0.0,0.0,0.23998721962073624,0.2417397426828983,0.0,0.0,0.1164977790080639,0.009554375711851332,0.0,0.18412972597016095,0.41544043262231406,0.12508516231850064,0.023909076573323487,0.0,0.0,0.0477732316520709,0.0,0.34354810019280346,0.1546251393490268,0.0,0.0,0.22872719625508378,0.0,0.34210825778001336,0.16784184700240326,0.0,0.10096555335392401,0.25742422413499866,0.0,0.0,0.0,0.08851058905575768,0.3056129223320255,0.0,0.0,0.1530454935833026,0.0,0.23112916698137712,0.20970169500510386,0.29705613331553915,0.25277769769778635,0.6634028846883491,0.0,0.0,0.0,0.0380871572844885,0.0
0.3822777978273322,0.034168207116526295,0.5506367892109036,0.07204496614185799,0.6447272142519445,0.10364367615962722,0.2814801620844095,0.0,0.5038011003557874,0.12078643627616933,0.3443243672884007,0.0,0.20931766099032403,0.3067507093838115,0.4741698160914538,0.39169188846608344,0.03668299155958479,0.18640605982328967,0.17377293068613603,0.3633907617243759,0.28971675612605186,0.42789832534025285,0.2777022623494359,0.0,0.17818003435549187,0.0,0.0,0.16584182614992424,0.49037422864824953,0.1070507605068374,0.35847509929748705,0.03890670235784206,0.15487227463628472,0.3592032671070508,0.31872685618412055,0.0,0.0,0.01354987305471217,0.17493602600165883,0.008422673492894911,0.21360687058984004,0.1562830972439201,0.0,0.0,0.0,0.3986771507923746,0.0,0.34605957609556826,0.0,0.0,0.0,0.0373931138290835,0.0,0.17944752318930524,0.20786732093907087,0.27585605290998017,0.0,0.0,0.16639297537758396,0.3599823412909415,0.12968385949013572,0.0,0.3323981612391312,0.44157678091108965,0.09760627568242214,0.1455660339923709,0.0,0.21091911793133966,0.0,0.1616760838333038,0.0,0.46123014166071297,0.12326016623937572,0.4538067692351767,0.0,0.2664416197020591
0.6422365684600069,0.0,0.185716766032061,0.21276319899393265,0.3864128723515935,0.0,0.28016915189039415,0.0,0.22322327001950398,0.30664343971960817,0.439144106299612,0.0,0.5462547011693425,0.027698077606214483,0.21338079778888,0.3611609979190229,0.38753521597040297,0.44060509861147035,0.548500876836277,0.20218734942913535,0.4766742749232257,0.025444105176576415,0.0,0.019416386062955315,0.0,0.0,0.16584182614992424,0.0,0.4096656048179292,0.5963781987239419,0.5474552684720544,0.0,0.02241641796176752,0.3518267736631955,0.21297116617103595,0.0,0.12523201451935184,0.275523295006986,0.0,0.08385077687891712,0.3650774609913793,0.0891670662685975,0.14889426321644528,0.25320914509064496,0.10396156052635663,0.6016486853701547,0.0,0.19163721223537888,0.3863780205189231,0.1563534499901216,0.0,0.1728979985611121,0.0,0.0,0.08500896225436663,0.02333592330671208,0.17454930359729087,0.6169952596797617,0.10213700774445512,0.0,0.02890585300388862,0.18669534618073844,0.45970707165176583,0.20016016166372957,0.1557043256158248,0.0686285552023228,0.0,0.0,0.0,0.0,0.0,0.0,0.8054827427242035,0.34993546314472046,0.598845199956122,0.5371028017904581
0.5798187743715179,0.0,0.20489521416223294,0.16668790473283226,0.5058464189262806,0.06928611818930364,0.2635895499757497,0.0,0.29816511104195176,0.0,0.14749809339963718,0.0,0.3492389023107954,0.09784235402473673,0.5108278703918837,0.3834083909040724,0.22683103150750625,0.34441262039939813,0.17482993526805182,0.4121966160601797,0.2859647672118214,0.24276588125305643,0.0,0.0,0.0,0.0,0.49037422864824953,0.4096656048179292,0.0,0.29075291771555006,0.4946523343838521,0.0,0.0,0.3153049881262804,0.09245339707749305,0.033749168507433674,0.0,0.0,0.0,0.049406577198510326,0.2758406710945992,0.09702364166069638,0.0,0.0,0.0,0.5342639887659332,0.0,0.15281744696611457,0.0,0.02755510124421992,0.0,0.08845965221244087,0.0,0.0,0.23042950187527134,0.0,0.0,0.0,0.0,0.32839653980264627,0.5280102161410201,0.0,0.6120522550685894,0.23096105893960342,0.20308540187806973,0.07659968501432313,0.15591827281123571,0.0,0.0,0.10424828579358358,0.0,0.03946198653335059,0.21624468872275585,0.6250525280901644,0.09039117146716392,0.5348822276100378
0.35963434497252866,0.0,0.2611740221879034,0.12425816030311754,0.2547971467977121,0.13764400374927543,0.2269102246166267,0.07339136153357481,0.182006093335234,0.11904674240568447,0.3116783247472101,0.09531622620111654,0.3475898858569494,0.0782731054114001,0.16389300927086706,0.09065092247232365,0.11711573146675457,0.15250351722175023,0.4289202899566524,0.21963251677796986,0.3480385082111108,0.0,0.17366362587107653,0.19553522606507734,0.0,0.0,0.1070507605068374,0.5963781987239419,0.29075291771555006,0.0,0.3239979956138719,0.0,0.0,0.17814420589964358,0.06868990384864518,0.07688923834025549,0.18674198746895357,0.10632753199122219,0.0,0.0,0.14773902244943501,0.0,0.06131276157587599,0.21462653730909526,0.0,0.2614931720642317,0.0,0.20692875663153837,0.30187315973364665,0.06856970633622866,0.05860399242133758,0.20337754735173624,0.06183910390085909,0.0,0.1615228768263932,0.044227812224401725,0.2825780021280024,0.4716799245268364,0.05169282973472626,0.0,0.0,0.0255226689820931,0.15580930270219046,0.1270233629041742,0.04420964634568497,0.0,0.0,0.05319943300409746,0.05686576086217733,0.0,0.0,0.0,0.46036879716097634,0.09658545349261582,0.4241150721568897,0.21131356012910768
0.7060466759599275,0.0,0.22531878327306165,0.0,0.40708614455867304,0.0,0.16483886915370433,0.0,0.0,0.11352813609137247,0.037641981748027464,0.0,0.16568934524628906,0.11248896564272333,0.4459623925972134,0.7330984615164997,0.22264018068938857,0.44659702802454293,0.09348209812025411,0.47552023971518065,0.3691734176146677,0.6196922605412437,0.0,0.0,0.0,0.0,0.35847509929748705,0.5474552684720544,0.4946523343838521,0.3239979956138719,0.0,0.0,0.40292994701964685,0.6724496178874266,0.3967342088688707,0.0,0.0,0.19167324275463615,0.0,0.02366361676104714,0.2941651118431017,0.2335289817950955,0.11861908022732615,0.0,0.055923601824834884,0.7422136360583211,0.0,0.0,0.2153443634379907,0.0,0.0,0.0,0.0,0.0,0.07294462107094446,0.0,0.0,0.37688733264935004,0.10018384412059096,0.12470671198836694,0.0,0.0,0.4767517216881345,0.08244517119050726,0.0,0.2318934563096105,0.0,0.0,0.0,0.0,0.0,0.0,0.30121178566278073,0.40535929435253976,0.11501404758435572,0.3756919801847999
0.0,0.4822491762907761,0.0,0.0,0.0,0.0,0.010573398195911354,0.13983401843030765,0.0,0.0856667835896674,0.0,0.0,0.0,0.22934907930055792,0.1476714708641349,0.0,0.10598319838400135,0.0,0.0,0.033105368449658945,0.06764476144801246,0.3094854303757482,0.029011484415481154,0.0,0.3662034552059119,0.23998721962073624,0.03890670235784206,0.0,0.0,0.0,0.0,0.0,0.22900722100597395,0.0,0.0,0.10166059799875828,0.0,0.0,0.5348399342079436,0.2126900503841173,0.0695708675740982,0.15866283056869035,0.0,0.0,0.0639014710431209,0.0,0.3605162582690581,0.0,0.0,0.0,0.0,0.0,0.066395192583768,0.0,0.07115429526738806,0.19669973985771871,0.0,0.0,0.10405243008297525,0.318025023398586,0.1010563239246395,0.0,0.0,0.0,0.09909509967320287,0.2984036590073501,0.3117783746204126,0.06633482875694459,0.0,0.11899380721078673,0.15458934419443515,0.30959769594834674,0.0,0.0,0.0,0.0
0.24040435634920015,0.3249120658838238,0.08786964428888314,0.0,0.21191518216008026,0.0,0.15960081779798008,0.0,0.0,0.18386694651160396,0.0,0.0,0.13025041353301636,0.16026387373985854,0.25058434333904367,0.6036421477486693,0.2655253532104172,0.4176709085694108,0.0,0.3628834831556521,0.26289855256833633,0.6468015701656119,0.0,0.0,0.3736871077197317,0.2417397426828983,0.15487227463628472,0.02241641796176752,0.0,0.0,0.40292994701964685,0.22900722100597395,0.0,0.4811315461663259,0.3161880034678468,0.0,0.0,0.09271219569318523,0.38573053163830096,0.32416994359474105,0.27827887023047804,0.26214288037962297,0.11329271810089382,0.0,0.08124761358717757,0.2725399331606787,0.0,0.0,0.0932666450751228,0.0,0.0,0.0,0.0,0.0,0.0,0.054901541408890746,0.0,0.07132641447126463,0.0577991813751498,0.06113889757413689,0.0,0.0,0.09592060869884869,0.0,0.0,0.17078152741690394,0.0,0.0,0.0,0.0,0.0,0.0,0.0,0.0,0.0,0.0
0.5415445562711635,0.0,0.30685884995913415,0.0,0.42421282450103803,0.0,0.09134638136923753,0.0,0.08698434840394725,0.047455412767676314,0.06298086300656355,0.0,0.06879099483932077,0.10861555390186313,0.40426396889309757,0.6459005350467628,0.14225448779233119,0.36227714383005805,0.04058219281166556,0.4554606018894195,0.31422334010113784,0.6399364386025012,0.0,0.0,0.06580307606614384,0.0,0.3592032671070508,0.3518267736631955,0.3153049881262804,0.17814420589964358,0.6724496178874266,0.0,0.4811315461663259,0.0,0.3965163541677592,0.0,0.0,0.2134132494495316,0.023040294139121065,0.20435451301066182,0.4451217492739497,0.32946071810088284,0.06665782534138251,0.008333577922592914,0.06388852810451824,0.5551517780084716,0.0,0.0,0.14414280800085713,0.0,0.0,0.0,0.0,0.0,0.0,0.0,0.0,0.26358551030162913,0.034203003651646094,0.1415068014815283,0.0,0.0,0.3669159444184835,0.16999676541167535,0.0,0.09496943218799342,0.0,0.0,0.0,0.0,0.0,0.0,0.18171628696489492,0.22279007700777156,0.0,0.14214797427048645
0.21894654571567806,0.0,0.17863789871765207,0.0,0.16836352519897582,0.0,0.0,0.0,0.008054664213314966,0.09399630163573662,0.0,0.0,0.0,0.06164619600862389,0.21015872315660003,0.3497328629047487,0.0,0.11888765333960553,0.0,0.32501129592718697,0.10766376365670387,0.340834075945912,0.07196582218243554,0.0,0.0,0.0,0.31872685618412055,0.21297116617103595,0.09245339707749305,0.06868990384864518,0.3967342088688707,0.0,0.3161880034678468,0.3965163541677592,0.0,0.0,0.0,0.21601529211186804,0.06298202370954654,0.0,0.18045335443926294,0.1111803265955841,0.15272421289029425,0.0,0.0,0.2857483516004604,0.0,0.015785859399470793,0.1170993411161314,0.0,0.03999829454175368,0.0,0.0,0.0,0.0,0.0,0.0036621191543121517,0.17604179285311194,0.09665600693420864,0.11603694992288441,0.0,0.0,0.04392987228840593,0.08545328330654192,0.0,0.06718570836950392,0.0,0.006809809699294726,0.0,0.0,0.0,0.0,0.0721025289028026,0.08870084025754803,0.0,0.0159456094106262
0.0,0.21457326506372829,0.02698651062886523,0.019761569503854326,0.15549502880878147,0.20758979079165657,0.12219372360149108,0.31442120361684833,0.056761481606134645,0.0,0.18790449936922238,0.1624574803972541,0.25092162815982244,0.3253124192632967,0.09386741745361515,0.0,0.0,0.0,0.0,0.0,0.1795433921319274,0.0,0.15444117658009032,0.08576924762846616,0.0,0.1164977790080639,0.0,0.0,0.033749168507433674,0.07688923834025549,0.0,0.10166059799875828,0.0,0.0,0.0,0.0,0.06692498966871407,0.0,0.0,0.0,0.0,0.0,0.0706554237142541,0.05469157427489882,0.05010959722198202,0.0,0.0,0.0,0.0,0.0,0.0,0.0,0.21077441470351596,0.0,0.10897542745336104,0.047940238956362055,0.1839874451274155,0.0,0.16182711241766037,0.10525769475754107,0.06820856991752977,0.0,0.0,0.0,0.025472115238378445,0.04602554672055349,0.12259284223721434,0.11928797501120034,0.1218741138445392,0.0,0.05085004536449647,0.028177641065847178,0.0,0.0,0.0,0.0
0.0,0.0,0.0,0.2091194893841228,0.0,0.24313657222232296,0.0,0.172661212898065,0.15338806317849596,0.05646125557811155,0.14963585069236807,0.30175398917475627,0.041442041861058515,0.0,0.0,0.0,0.0,0.0,0.2340802062276765,0.0,0.0,0.0,0.0,0.17673068033950137,0.0,0.009554375711851332,0.0,0.12523201451935184,0.0,0.18674198746895357,0.0,0.0,0.0,0.0,0.0,0.06692498966871407,0.0,0.023947924787975236,0.0,0.0,0.0,0.0,0.2088091005669833,0.34308702646322886,0.03731953410881421,0.0,0.0,0.19514086248235912,0.2422117918586975,0.3635757829462209,0.22928072135370037,0.35904333733990007,0.2780072591273909,0.22935804463250475,0.03620737618762174,0.0611313904522007,0.2879638410877048,0.23335988454983492,0.0,0.0,0.07763307522436952,0.13972780352422545,0.0,0.0,0.1503861491506125,0.0,0.14547454361743906,0.1080520765956549,0.13330269888775537,0.0,0.08326967262027073,0.09848426650121192,0.2240156274998154,0.0,0.3114372513725364,0.059098854902323826
0.20368425110961627,0.0,0.0,0.0948382429981881,0.026392513791678535,0.0,0.1205607033530785,0.0,0.0,0.2201293512347286,0.09485851681819318,0.10507609592164413,0.0,0.0,0.0,0.10292240619187176,0.0,0.07508604725555627,0.14589372523234856,0.0,0.2817147233559954,0.018968726827298055,0.015343239042076962,0.24067776264268698,0.0,0.0,0.01354987305471217,0.275523295006986,0.0,0.10632753199122219,0.19167324275463615,0.0,0.09271219569318523,0.2134132494495316,0.21601529211186804,0.0,0.023947924787975236,0.0,0.0,0.0,0.07839588756080576,0.0,0.29059445961079555,0.11944855917018937,0.1971985386075706,0.17382028084092266,0.0,0.0,0.2357480880372899,0.0,0.1561208664226473,0.09229885146891877,0.07821576254157703,0.0,0.0,0.0,0.1774907502428262,0.2704014258239179,0.1298943095055091,0.019972092176657477,0.0,0.0,0.0,0.0,0.0,0.31349825618600313,0.0,0.07477831871944549,0.20677355423479205,0.0,0.0,0.0,0.2692968730180768,0.0,0.17168959110200482,0.0
