0.0,0.4355560670713219,0.3019230980630252,0.029097208011006417,0.4171676656268686,0.5108905940940558,0.3547935983586047,0.6048822468946082,0.2951239723206939,0.12871759518885145,0.4409949083428296,0.5094100847164273,0.5870185040751275,0.0,0.4328867825391869,0.4917929071345606,0.26222722477333354,0.2743867549147371,0.30619140099566344,0.4217237448524733,0.695194649489209,0.3798606407596286,0.5877317275237277,0.27563204081162695,0.494774507971558,0.519988879754999,0.3059444006640759,0.5315909109477197,0.6613044293702437,0.606674609072566,0.34763183868114983,0.11629422441854688,0.0,0.0,0.0,0.4979502670364022,0.010362460341677843,0.0,0.0,0.11365847319745756,0.0,0.0,0.329570401992737,0.0332378837931446,0.0,0.7914259350152206,0.20521901752154542,0.2508753311653306,0.045479927855854085,0.26383433116301647,0.3201781341201778,0.2560184413967526,0.5139319934968709,0.3301605538502651,0.23816487286101085,0.39879410108894164,0.2215155295675712,0.40695055371804084,0.0,0.21446975319912182,0.45349307004299705,0.3546436771914308,0.5152313658728189,0.2133388924702887,0.342073361777156,0.6229155376387262,0.4021305990994602,0.4373124570239778,0.3025175741223197,0.4181058730235059,0.5692316529075007,0.14072897999919745,0.5872861739465142,0.3777959219357242,0.3301769802212548,0.6355148337075323
0.4355560670713219,0.0,0.40926923111647484,0.2785983102021694,0.32690555242888253,0.7693263155811036,0.11945016256864269,0.49754087264166935,0.3653151868964546,0.29215270637314317,0.36897858462793864,0.3219410168296669,0.567435297829105,0.0701223738682541,0.4921248296033781,0.5545811429422892,0.5223574243737645,0.5424930539842807,0.35670592791395583,0.24381946840983276,0.4031527629887113,0.4489852267453901,0.6502386124556032,0.3914709954576261,0.7509487365266997,0.8322512621369942,0.4702187416930448,0.33954335738801766,0.09798443669399287,0.19430795969029446,0.0,0.4348876697036749,0.19187915852802742,0.0,0.0,0.3027070662280399,0.0,0.0,0.21911611792986366,0.27618142765591014,0.0,0.0,0.1795595198199615,0.0,0.09595538241493673,0.17766006546723373,0.7141113052485124,0.30847183091915736,0.0,0.22426192798327,0.7131370040335229,0.4723323777672025,0.3078004443260904,0.3677685580742562,0.5014257700554805,0.36317862691276903,0.3152884403551995,0.3753403461198493,0.07735428234276562,0.2718336494217792,0.2344670635528113,0.5440295655809041,0.20625092287030694,0.3346489129466742,0.47189591731735103,0.33579341931925494,0.5087047613154514,0.5067652726956333,0.43763225679564327,0.576348713997113,0.6752930926468589,0.43424843837897276,0.2664125445283212,0.3626432617747347,0.4687469416099733,0.36813356851907475
0.3019230980630252,0.40926923111647484,0.0,0.0,0.7028433234992941,0.5086407514392186,0.0,0.41665914070771437,0.8880928468608154,0.2498963826284334,0.749210555926089,0.33008507437240003,0.35628507504827034,0.08465285034260837,0.5877416154767979,0.6158801932343171,0.4206455926725836,0.5201769020932714,0.8077073125242978,0.6015561064648427,0.27406324404578086,0.620338904603664,0.5034450919286461,0.1709157200442457,0.4129671254847106,0.45523984743829826,0.7658728419312612,0.26476469769114436,0.28749734868026616,0.2224751465115939,0.1703040114131789,0.1223459352341376,0.0,0.0,0.0,0.06725700139903085,0.0,0.0,0.06606161208506967,0.0,0.0,0.0,0.0,0.0,0.0,0.13978597712464222,0.3100688729732019,0.9357823735676889,0.0,0.6250389855827226,0.404570994863958,0.535613456162056,0.2546824127793127,0.8723706380166669,0.3431608294800423,0.8413761660686441,0.26697680035718363,0.4041124128919796,0.0,0.5405238350297136,0.29471878836553345,0.4457871006539911,0.33180405323522655,0.8309329493843818,0.7357753067361787,0.19089009318456435,0.6698385241341475,0.3283131948208513,0.24638594106957884,0.38843362499529005,0.4225777412358161,0.6439394904193386,0.47970468483167866,0.42670551554378844,0.3721576516523152,0.39712956194178456
0.029097208011006417,0.2785983102021694,0.0,0.0,0.0,0.13453878853243592,0.07633514191652555,0.0,0.0,0.15058156569291253,0.0,0.19445117287253033,0.3356303897168514,0.17457023198515936,0.0,0.0,0.16201071924631136,0.0,0.0,0.0,0.05371219303533463,0.0,0.11062945524239262,0.052395559009401696,0.12637946333795053,0.21684465100929595,0.0,0.46469669252462364,0.0,0.10480405976954194,0.0,0.0,0.0,0.0,0.0,0.20779587471229716,0.0,0.0,0.0,0.0,0.0,0.0,0.0855025434159288,0.028665861117365507,0.0,0.0,0.12412346612447034,0.0,0.1413529615926174,0.0,0.09859508398797151,0.05481311647523188,0.0,0.0,0.24069580005152494,0.0,0.21515403835248176,0.10769113488698073,0.13036699184819042,0.0,0.0,0.16309265962755629,0.0,0.0,0.0,0.0,0.0,0.15137220725459588,0.02858641025308538,0.0,0.11859919449389096,0.0,0.0,0.0,0.03752471480838358,0.02461876821502501
0.4171676656268686,0.32690555242888253,0.7028433234992941,0.0,0.0,0.3545723234702358,0.3713784372811526,0.4618342270622676,0.7954745115267673,0.13840378162550246,0.7458048479567363,0.3489206598481816,0.4883441762187455,0.0,0.5804301713655682,0.45326966259095036,0.27998216782841506,0.32680003489928294,0.4972791681711244,0.5622666132237655,0.39994499270922645,0.5536611236301725,0.4090006350734275,0.017006556917328663,0.3355767378675726,0.3626086077085645,0.6865062574538973,0.33554904891956644,0.39608755920969285,0.2035406586232313,0.30750435263550435,0.2737103133537041,0.0,0.0,0.0,0.1942322850526288,0.0,0.0,0.09452786628489446,0.0,0.0,0.0,0.0,0.0,0.0,0.18208041773710318,0.18301816453008263,0.6786705350065564,0.023244222270442566,0.572569824061723,0.2257232572846533,0.44000439139249786,0.29909649551641165,0.8007799537417408,0.26087906959683826,0.7516194173483872,0.1938830257251099,0.47147878684178357,0.0,0.5762545155380596,0.4554832288123908,0.41522343635730796,0.4615058100064755,0.4758469201196733,0.6472653277361744,0.38632301293707977,0.610504032923914,0.16623324166749917,0.055282381825798414,0.3765437975066762,0.38453990360153983,0.5848949183945253,0.48981373791636484,0.4312434387472152,0.25622411652846533,0.458125082812314
0.5108905940940558,0.7693263155811036,0.5086407514392186,0.13453878853243592,0.3545723234702358,0.0,0.22537705796987506,0.676296885124895,0.4261305885490714,0.21413116788953412,0.46725750959884693,0.35182726334453984,0.48009391982397537,0.22201574069007574,0.33318084502355644,0.535348006519581,0.43342297144784375,0.540174179409168,0.40307581713804524,0.30908566963935125,0.4464168788018364,0.3304126626786638,0.7880749646397412,0.46264810055971417,0.6628026203887395,0.737042197905143,0.488983953799678,0.30395839511831646,0.3202632603021189,0.3480781889271023,0.15185398184170829,0.2964899009600377,0.17815874314737545,0.0,0.0,0.23941701299924223,0.0,0.0,0.17059757193861336,0.2315624899181882,0.0,0.0,0.1468170079601618,0.0,0.11388090746772866,0.3372636442030148,0.5407769611660165,0.46078311447388515,0.0,0.28439229169555424,0.7112385844779274,0.40841532670367653,0.5716018990787781,0.3852147855322117,0.36920074311049156,0.4680433781894136,0.3190424256260146,0.3084477382288108,0.07067445479117836,0.13404439449517605,0.17511602578322777,0.4409983378345853,0.18133395229084498,0.42501413577768987,0.4372357800998411,0.2848954605575619,0.3901282939565496,0.748800213782742,0.507957372550379,0.43226394303566185,0.5314658880468399,0.40159563236297424,0.2990428769105391,0.28096338580134417,0.5429429352704433,0.4131765332600392
0.3547935983586047,0.11945016256864269,0.0,0.07633514191652555,0.3713784372811526,0.22537705796987506,0.0,0.13230985601267012,0.018463150174256704,0.025585856423751385,0.08993614433421127,0.18866861526030765,0.2755300191775293,0.10368625452871627,0.09409154501061309,0.15344996660796695,0.0,0.10744731246506525,0.0,0.16773639926821798,0.29115378639916534,0.11628535478253535,0.05298399965757106,0.0,0.17952852068390202,0.09276525515019043,0.17812559800360328,0.09926982234351234,0.5259921224760656,0.1359146780797502,0.22137523053900504,0.06313331787133032,0.0,0.0,0.0,0.015587494393176304,0.0,0.0,0.0,0.0,0.0,0.0,0.0,0.0,0.0,0.2634683692882435,0.03012061997926624,0.0,0.09125077594171056,0.051150110928013026,0.0,0.14806921102135184,0.09319845259522866,0.018369290810192895,0.06875774342306151,0.039680178442320024,0.13051965656307313,0.04960048159022751,0.0,0.15911369803824787,0.4130339275021424,0.07528695796186519,0.32901017077256,0.0,0.040667728367720535,0.27296222169483697,0.07878035898410712,0.0,0.0,0.11845059990094786,0.03180169370864597,0.08895768088440245,0.06896041485529525,0.1718616412244115,0.0,0.1492976281262676
0.6048822468946082,0.49754087264166935,0.41665914070771437,0.0,0.4618342270622676,0.676296885124895,0.13230985601267012,0.0,0.43149098960379956,0.049959893766733654,0.5697725978277601,0.4447755398394968,0.6161025988447243,0.05250109212290008,0.4069311922470742,0.2583253318790856,0.2470977657630307,0.1601598387024166,0.22160189272186254,0.29630888988652837,0.6837487589663992,0.20221701883288412,0.8665108302073156,0.4019505879583285,0.3560706004521289,0.5895938879518863,0.25841834897032095,0.4490294767885885,0.2697487200527823,0.4306592355696468,0.11300110748508091,0.35713811224644393,0.0,0.0,0.0,0.4806814847876013,0.0,0.0,0.15949388193795022,0.10824564842160135,0.0,0.0,0.2918707542214007,0.0,0.0,0.3983837164848033,0.19106711569830637,0.32257157800122527,0.0,0.34958088397816867,0.4616323659582594,0.25903684889960654,0.8440749119890399,0.42585807803466014,0.2229359500250569,0.49163563203035815,0.29234266591612645,0.49734622282406726,0.04807794924712319,0.16935815035763457,0.09016197908217616,0.4044196069545797,0.23022112374664594,0.17731768998419928,0.4081450270339111,0.5698824847645853,0.3117257471755983,0.6223478426565829,0.403355932956401,0.2380742210383353,0.5561813830944116,0.15489987922049664,0.4195480853387103,0.20434281904974066,0.36609839261488225,0.45684071570197654
0.2951239723206939,0.3653151868964546,0.8880928468608154,0.0,0.7954745115267673,0.4261305885490714,0.018463150174256704,0.43149098960379956,0.0,0.39775359704282764,0.7260539869583446,0.43514648994307936,0.3438541369965639,0.024092028050439307,0.5269076496598593,0.5513492387106664,0.5099305982677615,0.4811048469852027,0.6335352717498172,0.545144162579487,0.2987550632848215,0.5486016445447817,0.471797604350175,0.1400575552243392,0.44967311990611014,0.4936589150424191,0.7402291610684042,0.28097770964508356,0.29592338901392823,0.16720995738552763,0.18850030504592002,0.05784740850635381,0.0,0.0,0.0,0.08626977928790922,0.0,0.0,0.0,0.0,0.0,0.0,0.0,0.0,0.0,0.14756381069572966,0.2922058396265528,0.8598551828816768,0.0,0.6349362018331471,0.3873190203550008,0.5818178727220595,0.27818125394667975,0.9265615264928326,0.4786722060371027,0.8308904035887997,0.36096947668009294,0.4963644188731705,0.0,0.5986484575142613,0.356944881614223,0.5432942763276601,0.4209802146081789,0.6977766685656838,0.719497978179281,0.2549607070617494,0.6351565824371234,0.3291731185514104,0.21998205165042095,0.3978115796026568,0.4677983539763171,0.7136152341686973,0.4961449290251314,0.4767709946210606,0.34500214306947186,0.38512956436438456
0.12871759518885145,0.29215270637314317,0.2498963826284334,0.15058156569291253,0.13840378162550246,0.21413116788953412,0.025585856423751385,0.049959893766733654,0.39775359704282764,0.0,0.08826472006636682,0.6637193210950951,0.141291609766389,0.04677988277975216,0.21043619708877445,0.4104512019534901,0.8745916143596155,0.5873337726589157,0.17189562566090316,0.14394139220361774,0.14780768223155305,0.2715474949279614,0.14294612307033455,0.40434626662011897,0.5505413352294626,0.5255804051388372,0.32854096297699376,0.25873624880473256,0.06375453195149838,0.17697850861757708,0.23401606456813617,0.0,0.0,0.0,0.0,0.16045796886472088,0.11349444129077571,0.2227230118517454,0.0,0.0,0.0,0.0,0.0,0.18468224196382851,0.21567284621287194,0.13363166383870978,0.3815812185215239,0.2644830370272489,0.07486452585004412,0.4077613946696328,0.4143166505339513,0.7254811177172169,0.04115277057961245,0.32222736206509206,0.8737675239560825,0.22996043493747229,0.81761702366678,0.4074099665752034,0.0,0.3514067131685287,0.2974527000272462,0.672218281351994,0.44991600003983456,0.18736946378018354,0.345193459002884,0.21122845206385632,0.39219355570862613,0.29537211822263143,0.48437467139640966,0.36779682172450023,0.49554040836863866,0.6119088162964598,0.47782848329630384,0.43123032695980656,0.3542779273780523,0.3491060133733093
0.4409949083428296,0.36897858462793864,0.749210555926089,0.0,0.7458048479567363,0.46725750959884693,0.08993614433421127,0.5697725978277601,0.7260539869583446,0.08826472006636682,0.0,0.246309144184631,0.457741329914345,0.0,0.3746115884598841,0.4072744657970827,0.30191746648406703,0.39201808434463103,0.6113633205666928,0.4064575259530242,0.2557431211727272,0.4067414113793427,0.4979456277298291,0.2539186017023207,0.38688351449278846,0.37307760172830134,0.57035637077263,0.4005405593435281,0.23312958807281486,0.403456029211391,0.3663248794847669,0.2694986143119428,0.018331767867456134,0.0,0.0,0.40510864944520214,0.0,0.0,0.23769696018348108,0.056721320718808706,0.0,0.0,0.1409653749397267,0.0,0.04748611612027864,0.1675000817883665,0.21725967614075828,0.7461869914857018,0.020470698228576598,0.4442685314972776,0.2671492157529397,0.2853632102862074,0.4691146596215544,0.6410377518579722,0.22301230753038595,0.9327040060230701,0.10125291493276321,0.39817351223310105,0.0,0.2741794481828983,0.14233890989847758,0.3504338824437033,0.23327154431096297,0.5924333711935551,0.4977431308104425,0.21099842290158413,0.4627263604971369,0.3931203236362998,0.2920370199542991,0.32669062159043216,0.3424974228629428,0.45008427933153083,0.5295073064226341,0.2666805423840125,0.4292544615407946,0.5313354928802261
0.5094100847164273,0.3219410168296669,0.33008507437240003,0.19445117287253033,0.3489206598481816,0.35182726334453984,0.18866861526030765,0.4447755398394968,0.43514648994307936,0.6637193210950951,0.246309144184631,0.0,0.6247345697648115,0.0,0.5655545938663813,0.3505970758200663,0.6408125183467263,0.3643555630181091,0.28690011261787557,0.4302230856110796,0.674996499241444,0.41125353034184187,0.4962472323700913,0.23989330424179584,0.3204595370039952,0.5544480211370932,0.2765964759043573,0.7014528511120541,0.38008382527412626,0.5154120976656382,0.17518693087459847,0.0,0.0,0.0,0.0,0.4829779059318422,0.26213792744580533,0.0,0.0,0.0,0.0,0.0,0.22335188726906874,0.34309934802391245,0.0,0.4377837473687061,0.18193386904474074,0.23245876432346907,0.21739913113237358,0.5366708801333181,0.3731382970270054,0.6439812614127938,0.30324306694941405,0.4647487473529438,0.6547234578612099,0.3336104351707777,0.8137101868105951,0.7186380504553785,0.0,0.42107319914334085,0.4444392450680321,0.7681116072787986,0.6750565646708204,0.16568271062827467,0.46093679139136057,0.6567124217571457,0.48260382096100657,0.3386342626464007,0.3101024120098502,0.24599707067527846,0.6290944981598195,0.375758268701049,0.7206455391375896,0.4117684204745671,0.3098752706232868,0.59348701793113
0.5870185040751275,0.567435297829105,0.35628507504827034,0.3356303897168514,0.4883441762187455,0.48009391982397537,0.2755300191775293,0.6161025988447243,0.3438541369965639,0.141291609766389,0.457741329914345,0.6247345697648115,0.0,0.0,0.6724344534136324,0.38088495335039124,0.3097412553449721,0.2593584895795511,0.26682969083779284,0.47874598507665733,0.7072035821992597,0.4482143955817948,0.6257365844444754,0.07704626951943055,0.2571290010440236,0.5322366676752921,0.28895850871431433,0.8364146357289193,0.36135533576880546,0.4373019960861099,0.173788506540636,0.21553847216228783,0.0,0.0,0.0,0.5987812544108838,0.0,0.0,0.0,0.0,0.0,0.0,0.2865556630090471,0.01348769090479146,0.0,0.3059381613277643,0.29566480441660137,0.20075586096388331,0.08236132132304676,0.44231530148699616,0.40279854395891557,0.46627922694759455,0.4525451015218618,0.43104743965020015,0.34555966714841857,0.43457270525696223,0.39672865430874654,0.7431929161824913,0.04636086545371411,0.3496349820050508,0.3956945489877029,0.6048173671363335,0.5213458494824265,0.11860477461671248,0.5004676845380898,0.6293499616367544,0.5045343378087669,0.3214700857599048,0.18379544045696322,0.32889050353347893,0.6009479694284836,0.21328292336149773,0.604425541292952,0.31671232794616533,0.315526440047843,0.578952124059452
0.0,0.0701223738682541,0.08465285034260837,0.17457023198515936,0.0,0.22201574069007574,0.10368625452871627,0.05250109212290008,0.024092028050439307,0.04677988277975216,0.0,0.0,0.0,0.0,0.0,0.0,0.0,0.0,0.11283957950662701,0.09567288671034407,0.0,0.03664515524161531,0.18367428456596763,0.0,0.063036270269901,0.1574764108110309,0.19460954305307052,0.0,0.08800010438839995,0.0,0.0,0.0,0.08131848045321372,0.0005365027762579411,0.1057216180839956,0.0,0.0,0.0,0.0,0.011062727182391013,0.0,0.06998898325523153,0.0,0.0,0.0,0.018290705955700953,0.11143880778188248,0.16047435650618444,0.0,0.08421831712976467,0.1618491280105774,0.1398137111202094,0.1080284229956548,0.037313428801737075,0.021142654658341795,0.0,0.06206544507433043,0.0,0.3449532540348235,0.11384906620595962,0.0,0.0,0.0,0.13627903303664604,0.021076695660504283,0.0,0.0,0.26784375618543943,0.0,0.0,0.0,0.19040327139247448,0.0,0.0,0.0,0.0
0.4328867825391869,0.4921248296033781,0.5877416154767979,0.0,0.5804301713655682,0.33318084502355644,0.09409154501061309,0.4069311922470742,0.5269076496598593,0.21043619708877445,0.3746115884598841,0.5655545938663813,0.6724344534136324,0.0,0.0,0.5188605974110875,0.3157671815859485,0.27497726190559235,0.5295646964430671,0.7892803669442279,0.6702667689236148,0.8141415772611913,0.490694361516522,0.0,0.20938771773209092,0.4873434776160124,0.5593856010396021,0.5560144699413722,0.4306192467418919,0.26348671348953095,0.027405495774777966,0.24756266461270598,0.0,0.0,0.0,0.28527803856238243,0.15255489795803726,0.0,0.0,0.0,0.0,0.0,0.026867893283812797,0.11661335271303971,0.0,0.2754227390643533,0.36262017188022716,0.39784592303511424,0.0435460635320591,0.6323065464749011,0.450180690267984,0.6216880833767324,0.18471873435186362,0.7068271459862168,0.3664164227284404,0.4157916693217425,0.3984843052389194,0.6848112437948819,0.05838324907211726,0.7557615473507766,0.5844318410706737,0.6141038999366089,0.5998075770159147,0.34780537512459453,0.8519919388804953,0.6240576824026687,0.8665003013188327,0.15160299032272112,0.06055290221428426,0.4297978764016844,0.6296960258781542,0.5010878830992633,0.5783596029205548,0.6034848601660016,0.29791706711879806,0.5294429986470077
0.4917929071345606,0.5545811429422892,0.6158801932343171,0.0,0.45326966259095036,0.535348006519581,0.15344996660796695,0.2583253318790856,0.5513492387106664,0.4104512019534901,0.4072744657970827,0.3505970758200663,0.38088495335039124,0.0,0.5188605974110875,0.0,0.6039902255426098,0.8031519435707477,0.5609591445977902,0.5999757483203854,0.29872934956553554,0.7249376624818443,0.2856854170091917,0.3778982405174532,0.6094167159769954,0.6379678844509074,0.624073171726514,0.20927227217620364,0.4388556113712755,0.22982008005015048,0.4241576949218588,0.15209595790152813,0.14689288790876084,0.06118000794285111,0.0,0.07478832806283346,0.0,0.03473130099060873,0.0736875329509821,0.19241948267099693,0.0,0.0,0.0,0.0,0.17896362497376356,0.2918117057426184,0.5190667601799235,0.5635003017653536,0.0,0.4205205103702565,0.48617132111283523,0.6350786208180468,0.14076563828199712,0.5564645800664283,0.5265889027681818,0.45082542508134127,0.4184697002012669,0.39559496404635924,0.0,0.42417422743484245,0.5593110771925864,0.5516934827758098,0.5068068825593119,0.5586291758757956,0.6823841595693253,0.18866975263807947,0.7167961374174316,0.24007503514637937,0.4619744286290596,0.5590867486863984,0.5745707524872642,0.5962991623978733,0.47726223375457777,0.5310928382552865,0.5673521921021787,0.5074840254933762
0.26222722477333354,0.5223574243737645,0.4206455926725836,0.16201071924631136,0.27998216782841506,0.43342297144784375,0.0,0.2470977657630307,0.5099305982677615,0.8745916143596155,0.30191746648406703,0.6408125183467263,0.3097412553449721,0.0,0.3157671815859485,0.6039902255426098,0.0,0.7647267204724121,0.39852333484948055,0.22735711504287504,0.17930675178077207,0.3982470839395671,0.3336299922239239,0.5882550639611234,0.670773707012253,0.7267799182666272,0.447423909189827,0.34365060443061896,0.023850948349176837,0.29325817133552307,0.3023745707051588,0.0,0.13290678502176748,0.06290058662089484,0.0,0.277283542425489,0.0,0.24951869490512085,0.0,0.0690487422876665,0.0,0.0,0.039840642099898266,0.0,0.2993775477362888,0.15405719035442408,0.496373410721352,0.4250499621812758,0.0,0.3721954372841696,0.5412536197106125,0.718221920761193,0.1459414732229235,0.4235368063687543,0.8879003770593177,0.3850798838019273,0.7766169168700426,0.46569374826244264,0.0,0.2848347647186213,0.23647462600516922,0.7494780452818993,0.39738395329834086,0.3937114419898921,0.4701749644808815,0.17270641837450884,0.5166702539184556,0.43196332663387227,0.6706240571395448,0.4341305495358319,0.6266577143016394,0.6542357649643042,0.5388002602279435,0.40580547863832905,0.5774848612164443,0.47680417528677477
0.2743867549147371,0.5424930539842807,0.5201769020932714,0.0,0.32680003489928294,0.540174179409168,0.10744731246506525,0.1601598387024166,0.4811048469852027,0.5873337726589157,0.39201808434463103,0.3643555630181091,0.2593584895795511,0.0,0.27497726190559235,0.8031519435707477,0.7647267204724121,0.0,0.5247920800886783,0.34430097801328136,0.05445986811493614,0.5189402470943311,0.19077635138484117,0.5173446083592866,0.6834680513822389,0.5810805401373247,0.51985334170704,0.1838736200844116,0.18985913323563508,0.27420469281279225,0.44154825981075213,0.0,0.23692247075349582,0.1608745305064406,0.06780554942334768,0.11816041898738286,0.0,0.3010576156885192,0.05094963701436386,0.21332311813904395,0.05818793519089402,0.164982378352594,0.043451620386013384,0.0,0.3474760804300372,0.08569220660875868,0.5154429776281871,0.5281563943609155,0.0,0.3274336083687286,0.4885293507898183,0.6219218765842617,0.1041531495409198,0.41279323728989475,0.6104454581663094,0.45720232894466833,0.5481652048291847,0.2921862827231987,0.0,0.21672098327497052,0.37917482765576416,0.5788975145412188,0.405802282668589,0.5473964321154982,0.4963995394547138,0.0,0.5399035970601187,0.29791464226017683,0.5903467687643671,0.4424185789790505,0.4523073099352537,0.5913444855088084,0.46427916433016425,0.37803620747179106,0.6028439395264231,0.4567380893926718
0.30619140099566344,0.35670592791395583,0.8077073125242978,0.0,0.4972791681711244,0.40307581713804524,0.0,0.22160189272186254,0.6335352717498172,0.17189562566090316,0.6113633205666928,0.28690011261787557,0.26682969083779284,0.11283957950662701,0.5295646964430671,0.5609591445977902,0.39852333484948055,0.5247920800886783,0.0,0.6086583671751702,0.1831108920819391,0.6984763469442528,0.34049217705916784,0.1440606530819902,0.323127419771887,0.3597808889531737,0.6917590572785401,0.2847181432387976,0.3053189026333769,0.4201927889653625,0.20300588619472493,0.0,0.0,0.0,0.0,0.07490223171667303,0.0,0.0,0.0,0.0,0.0,0.0,0.0,0.0,0.0,0.10525508333627566,0.2404430467222304,0.7583787074406401,0.0018247692962870266,0.3988356685154097,0.24702482234102852,0.3966155304722442,0.04716468149399761,0.6312004332775669,0.28292303036076255,0.6367431499523717,0.2358429076821796,0.2349456616879375,0.0,0.37430797415933775,0.21796817376382527,0.3747720384125066,0.23436267610351869,0.9071163171507627,0.6088065806602974,0.04830220529726323,0.6291862436408433,0.26027536590287553,0.2253155102482725,0.24156547713909882,0.27271195817039556,0.5374509122400315,0.434824749600521,0.2970190659037337,0.5036765466854063,0.45790821444733054
0.4217237448524733,0.24381946840983276,0.6015561064648427,0.0,0.5622666132237655,0.30908566963935125,0.16773639926821798,0.29630888988652837,0.545144162579487,0.14394139220361774,0.4064575259530242,0.4302230856110796,0.47874598507665733,0.09567288671034407,0.7892803669442279,0.5999757483203854,0.22735711504287504,0.34430097801328136,0.6086583671751702,0.0,0.5191045152278149,0.8972773354251791,0.33140050028452017,0.0,0.11222798987790192,0.30831697770410454,0.652310659725008,0.38027817768593475,0.6350832187622474,0.3869550777889835,0.31495087199142124,0.0,0.0,0.0,0.0,0.0718808980810558,0.07939487454172577,0.0,0.0,0.0,0.0,0.0,0.0,0.0982662907287501,0.0,0.29198070145419375,0.1698262383783634,0.5353809996621912,0.15314202553335174,0.6137092967169593,0.205574107177976,0.5483281688784055,0.16561315321275688,0.6680901637548441,0.1999670407346386,0.5027080106278207,0.3148961733130221,0.5015788096505255,0.0,0.6992901195577986,0.5465227000358925,0.39324410514244307,0.5035407005729219,0.46736671487631515,0.8293887319657556,0.38844894303325533,0.7829301486255487,0.12741330426383013,0.0032490243857595247,0.2511585035551722,0.38480947045503133,0.5274633773314357,0.5696599449799833,0.45759954006835346,0.31590118376333703,0.464970843894682
0.695194649489209,0.4031527629887113,0.27406324404578086,0.05371219303533463,0.39994499270922645,0.4464168788018364,0.29115378639916534,0.6837487589663992,0.2987550632848215,0.14780768223155305,0.2557431211727272,0.674996499241444,0.7072035821992597,0.0,0.6702667689236148,0.29872934956553554,0.17930675178077207,0.05445986811493614,0.1831108920819391,0.5191045152278149,0.0,0.39982954450633046,0.6724952956067439,0.02470406350205656,0.21665732320809372,0.4926790533488064,0.19765862531101963,0.6854228398417852,0.6087762893769377,0.49467037727548574,0.0,0.15195533888099633,0.0,0.0,0.0,0.5530926533991061,0.3165707586442642,0.0,0.0,0.0,0.0,0.0,0.2677373050602346,0.28863586806546926,0.0,0.6628924435485686,0.226955621321855,0.13380427636368564,0.1094951788154479,0.5329189164656706,0.44815993689861033,0.4266651662480223,0.5342615252348424,0.45615629114659734,0.2785933936948386,0.24730113685677985,0.41339147388640884,0.7144161660332398,0.015258225911759987,0.3885485683608488,0.5309902614999453,0.538795374094282,0.6766952048492463,0.025572800042697158,0.5190569534349456,0.8837676945007154,0.5070101928246854,0.3784936313652322,0.15095259314462192,0.3560577758465459,0.6924673641039778,0.11003626382318155,0.6222131761513572,0.5023164492842161,0.21791800278250245,0.5823549900923527
0.3798606407596286,0.4489852267453901,0.620338904603664,0.0,0.5536611236301725,0.3304126626786638,0.11628535478253535,0.20221701883288412,0.5486016445447817,0.2715474949279614,0.4067414113793427,0.41125353034184187,0.4482143955817948,0.03664515524161531,0.8141415772611913,0.7249376624818443,0.3982470839395671,0.5189402470943311,0.6984763469442528,0.8972773354251791,0.39982954450633046,0.0,0.27288434948308143,0.029060681905912683,0.3034598056489668,0.44396762816665813,0.7404390829349343,0.3355053574963439,0.5030593050190474,0.300459434460933,0.3164983129916109,0.12411947053730904,0.0,0.0,0.0,0.046898321606924434,0.0,0.0,0.0,0.0,0.0,0.0,0.0,0.0,0.0,0.14295854364879546,0.35579948447212095,0.5414319768383324,0.030647777424984132,0.5138496506360133,0.27522390850965384,0.6074205262667429,0.0,0.6375726540802729,0.3734433918357466,0.483674340776454,0.379653011303676,0.4329817361964182,0.0,0.7200566257841912,0.565532888659591,0.48667969408242107,0.47445820888841084,0.5588459356983122,0.8514994748116311,0.30490106599153777,0.8919516130694989,0.08330349481376231,0.14266291563439953,0.3739117947537902,0.4586987394852616,0.6405146864977285,0.5219883236530504,0.5409131577960715,0.45349488838725327,0.4797578695071323
0.5877317275237277,0.6502386124556032,0.5034450919286461,0.11062945524239262,0.4090006350734275,0.7880749646397412,0.05298399965757106,0.8665108302073156,0.471797604350175,0.14294612307033455,0.4979456277298291,0.4962472323700913,0.6257365844444754,0.18367428456596763,0.490694361516522,0.2856854170091917,0.3336299922239239,0.19077635138484117,0.34049217705916784,0.33140050028452017,0.6724952956067439,0.27288434948308143,0.0,0.35205213827630194,0.4646192091248412,0.7049921880148886,0.37266938029557667,0.4930622631252316,0.2989338004272254,0.40953766388746227,0.0,0.24165912282568197,0.0,0.0,0.0,0.41480233545224604,0.0,0.0,0.00842069890775178,0.04271531805073872,0.0,0.0,0.2845669828546055,0.0,0.0,0.46774286947066024,0.35595312244035915,0.3901685335836895,0.0,0.43136024524268973,0.6357578394489283,0.37801705663971485,0.6998610433709228,0.4979334959152021,0.3160290257701339,0.48236989280544745,0.3398696425519971,0.5178581154799817,0.17070641623313668,0.24784741749173705,0.12527352083279936,0.44614395837465504,0.22938689715990518,0.30303798453641684,0.4633645117918951,0.5387705014712068,0.3850971694019164,0.7696939009866204,0.36064845415421987,0.352458252060352,0.6651857196406779,0.29646861455447937,0.4230812944122697,0.29702820921768375,0.34321167905392647,0.43555841908312465
0.27563204081162695,0.3914709954576261,0.1709157200442457,0.052395559009401696,0.017006556917328663,0.46264810055971417,0.0,0.4019505879583285,0.1400575552243392,0.40434626662011897,0.2539186017023207,0.23989330424179584,0.07704626951943055,0.0,0.0,0.3778982405174532,0.5882550639611234,0.5173446083592866,0.1440606530819902,0.0,0.02470406350205656,0.029060681905912683,0.35205213827630194,0.0,0.5571486958394634,0.5971900367879256,0.09126498329506057,0.036778238925275125,0.0,0.2945791475986021,0.4390204914236955,0.156148761898243,0.540155275478664,0.4298001793174162,0.29701880083084264,0.28533409564667633,0.0,0.5456139465938133,0.3113885344335147,0.5292100785073648,0.3725540090065167,0.3678213677484702,0.2113954666754559,0.0,0.6036018617684221,0.1269857920466308,0.27888326557146825,0.21223658208146104,0.0,0.0,0.33332713949322484,0.14191023435324565,0.397211176193786,0.0,0.43292925604519916,0.24345054272558828,0.3964968994567771,0.06542174041161153,0.0,0.0,0.0,0.32284464471757174,0.0,0.25587214827299776,0.09025175259059923,0.0,0.08958208620767125,0.4913561974802054,0.8758912224432186,0.1653476557480749,0.3907383340862811,0.18951548912951932,0.23053953900901397,0.0,0.5552282798785477,0.3472775546260116
0.494774507971558,0.7509487365266997,0.4129671254847106,0.12637946333795053,0.3355767378675726,0.6628026203887395,0.17952852068390202,0.3560706004521289,0.44967311990611014,0.5505413352294626,0.38688351449278846,0.3204595370039952,0.2571290010440236,0.063036270269901,0.20938771773209092,0.6094167159769954,0.670773707012253,0.6834680513822389,0.323127419771887,0.11222798987790192,0.21665732320809372,0.3034598056489668,0.4646192091248412,0.5571486958394634,0.0,0.7523255474914515,0.4928162298316522,0.16858332042696605,0.1931375528342214,0.2204906085172931,0.23766386176134968,0.16091341682583837,0.3184180573879438,0.18333000738775768,0.013532863569467056,0.14316567951228434,0.0,0.24183623759390685,0.13345487921126525,0.3731904021023262,0.08298953882820637,0.08403717609888481,0.0019220867797591634,0.0,0.3549967989064426,0.2991390491931526,0.6561311202193484,0.47013789234998044,0.0,0.16493976914342506,0.6343706280325234,0.5066048709915513,0.2819707622560018,0.3372872350907942,0.6603805153563117,0.43982905277864953,0.38811689136003846,0.2078673812302912,0.0,0.22917064205315743,0.2939348583809471,0.4830406751239935,0.2581299763923315,0.39235697149108917,0.36259014254948424,0.21493815208066475,0.42188980513065966,0.5901576488299191,0.5799863142344339,0.6973191900829875,0.5948112756190354,0.5432039035455265,0.3224506647491764,0.46063229206121087,0.5248358827655087,0.40026526536999346
0.519988879754999,0.8322512621369942,0.45523984743829826,0.21684465100929595,0.3626086077085645,0.737042197905143,0.09276525515019043,0.5895938879518863,0.4936589150424191,0.5255804051388372,0.37307760172830134,0.5544480211370932,0.5322366676752921,0.1574764108110309,0.4873434776160124,0.6379678844509074,0.7267799182666272,0.5810805401373247,0.3597808889531737,0.30831697770410454,0.4926790533488064,0.44396762816665813,0.7049921880148886,0.5971900367879256,0.7523255474914515,0.0,0.47238077671730394,0.3754338110337966,0.17241588281045156,0.28344339185229334,0.058942516027049585,0.22474685317159224,0.16097016535728204,0.0,0.0,0.336730131452665,0.0,0.0,0.018767790647395532,0.19812382884055288,0.0,0.0,0.13495754822350386,0.0,0.14041806044036745,0.35054191506155674,0.5929669422414141,0.37460852578862236,0.0,0.3616594280035942,0.6637368262282342,0.5693128277059273,0.3903540587369673,0.46501498722174534,0.6617722711085826,0.40823292919889786,0.5600268149323735,0.4920029822850913,0.037955574738547326,0.32227862220199055,0.2402453068113951,0.6486780003004484,0.33187611796470007,0.3466402414321109,0.533663958589869,0.413356705780934,0.5484165591748907,0.5734636248564599,0.5996237187422764,0.5017553066722429,0.815722301817247,0.5115547957916255,0.41646705206982837,0.4046336320401783,0.5502525236402238,0.4631621645302154
0.3059444006640759,0.4702187416930448,0.7658728419312612,0.0,0.6865062574538973,0.488983953799678,0.17812559800360328,0.25841834897032095,0.7402291610684042,0.32854096297699376,0.57035637077263,0.2765964759043573,0.28895850871431433,0.19460954305307052,0.5593856010396021,0.624073171726514,0.447423909189827,0.51985334170704,0.6917590572785401,0.652310659725008,0.19765862531101963,0.7404390829349343,0.37266938029557667,0.09126498329506057,0.4928162298316522,0.47238077671730394,0.0,0.1368747052057033,0.43481544299918495,0.140754600383095,0.2399501231290027,0.13056551837033306,0.0,0.0,0.0,0.0,0.0,0.0,0.06545467729955688,0.0,0.0,0.0,0.0,0.0,0.011892224120989586,0.1073889542253263,0.39474192785825024,0.7498356054729993,0.0,0.4656403868059225,0.3865060658777411,0.6014857594441123,0.07693695707620535,0.7405643249460819,0.4097125439531494,0.6434361643732232,0.2492446812787144,0.2232617616483864,0.0,0.5953511574850313,0.4085788737122822,0.37021233010715915,0.3031986103937437,0.6625871813593092,0.728162213899795,0.16180193934120446,0.7399297220972513,0.285688882103369,0.1758807572457417,0.45301538491529436,0.3452053191990292,0.8933302998504485,0.33681695906207404,0.5837905631211987,0.3981472914377775,0.32322433176446985
0.5315909109477197,0.33954335738801766,0.26476469769114436,0.46469669252462364,0.33554904891956644,0.30395839511831646,0.09926982234351234,0.4490294767885885,0.28097770964508356,0.25873624880473256,0.4005405593435281,0.7014528511120541,0.8364146357289193,0.0,0.5560144699413722,0.20927227217620364,0.34365060443061896,0.1838736200844116,0.2847181432387976,0.38027817768593475,0.6854228398417852,0.3355053574963439,0.4930622631252316,0.036778238925275125,0.16858332042696605,0.3754338110337966,0.1368747052057033,0.0,0.37106888091959095,0.5960756671281211,0.1587130530705783,0.0,0.0,0.0,0.0,0.6718636677965987,0.15433046404879805,0.0,0.0,0.0,0.0,0.0,0.3175487548771806,0.2766036601274916,0.0,0.37184251994294326,0.17956696651352,0.15006262474322105,0.33358117449161917,0.4745788312972471,0.3181617752090969,0.442362250583951,0.34750426254881744,0.3344468904885062,0.3820977539749311,0.3694570360630468,0.4487557635968846,0.7537256767012335,0.06308233264315255,0.24471983162364408,0.3478514820012559,0.5961658570813584,0.5560469873986931,0.12182124001956796,0.3591051809288039,0.6250007962202971,0.4058777960856672,0.31200676953483625,0.17043520033754256,0.26172225440097047,0.525037231037049,0.10598577189135955,0.7132035505629495,0.3153189001809864,0.3113209001607721,0.6416271865542422
0.6613044293702437,0.09798443669399287,0.28749734868026616,0.0,0.39608755920969285,0.3202632603021189,0.5259921224760656,0.2697487200527823,0.29592338901392823,0.06375453195149838,0.23312958807281486,0.38008382527412626,0.36135533576880546,0.08800010438839995,0.4306192467418919,0.4388556113712755,0.023850948349176837,0.18985913323563508,0.3053189026333769,0.6350832187622474,0.6087762893769377,0.5030593050190474,0.2989338004272254,0.0,0.1931375528342214,0.17241588281045156,0.43481544299918495,0.37106888091959095,0.0,0.4261649285090541,0.29270280943187976,0.0,0.0,0.0,0.0,0.10255106415246454,0.11317142376566837,0.0,0.0,0.0,0.0,0.0,0.013018221043799655,0.13872932662824844,0.0,0.6529637441054993,0.09376856489320362,0.30154285601717074,0.1792107370099622,0.336180137274818,0.13709039679640328,0.3447248978595408,0.21438158291745307,0.3758524439022433,0.0888697916815539,0.2501781506526347,0.17243524974087088,0.3079198844963412,0.0,0.3876921296766391,0.6771430795955591,0.193943734728143,0.5953866658809059,0.21902489797870867,0.406699580985109,0.5010257393490501,0.44828624386378696,0.22369388603061688,0.0,0.3048712746252269,0.286353535781095,0.23459540468855417,0.4442115907594491,0.5202752037304799,0.1405079759607129,0.43800200052036486
0.606674609072566,0.19430795969029446,0.2224751465115939,0.10480405976954194,0.2035406586232313,0.3480781889271023,0.1359146780797502,0.4306592355696468,0.16720995738552763,0.17697850861757708,0.403456029211391,0.5154120976656382,0.4373019960861099,0.0,0.26348671348953095,0.22982008005015048,0.29325817133552307,0.27420469281279225,0.4201927889653625,0.3869550777889835,0.49467037727548574,0.300459434460933,0.40953766388746227,0.2945791475986021,0.2204906085172931,0.28344339185229334,0.140754600383095,0.5960756671281211,0.4261649285090541,0.0,0.39242485012833683,0.0,0.0,0.0,0.0,0.5283351528870506,0.1540830978210047,0.0,0.0,0.0,0.0,0.0,0.3071539845707401,0.2784167078746001,0.0,0.47496286220874673,0.06906683544017303,0.21718656859067254,0.258884847848511,0.206040964923546,0.15557388134687897,0.18206117217679552,0.393370468966015,0.15982235970364042,0.21974918157180034,0.3713877322819601,0.3230473941150189,0.42313129110893394,0.0,0.0,0.15717906299780587,0.33652716438991725,0.33691235869180625,0.30691093450040524,0.1788580249890874,0.3855643627189433,0.24584405520914546,0.4516633264133516,0.36301523948992387,0.10370541671166826,0.3374789605673293,0.04423507244345973,0.6761535923898634,0.1240471904506141,0.5116071991350678,0.6652606351878085
0.34763183868114983,0.0,0.1703040114131789,0.0,0.30750435263550435,0.15185398184170829,0.22137523053900504,0.11300110748508091,0.18850030504592002,0.23401606456813617,0.3663248794847669,0.17518693087459847,0.173788506540636,0.0,0.027405495774777966,0.4241576949218588,0.3023745707051588,0.44154825981075213,0.20300588619472493,0.31495087199142124,0.0,0.3164983129916109,0.0,0.4390204914236955,0.23766386176134968,0.058942516027049585,0.2399501231290027,0.1587130530705783,0.29270280943187976,0.39242485012833683,0.0,0.040852083602143846,0.21654350336028305,0.1538491573893867,0.15474708922636612,0.18227662727947128,0.0,0.3227716948742022,0.1530119780654084,0.19612568105025482,0.16102711452278323,0.23380171228045538,0.036507993151411455,0.0,0.31577235650870594,0.14744285728157525,0.0,0.2666159797096703,0.1634758969019553,0.043550624107754815,0.0,0.15827663903782013,0.1548957225057414,0.08838042410387831,0.18640306296446538,0.3563577765079531,0.21412251794167228,0.11128438926785553,0.0,0.07351466842390308,0.2359385045556267,0.1975071396940924,0.2149395904737138,0.2095438422280635,0.23486079417416852,0.0,0.257470426347689,0.062299472078752915,0.41902305688031566,0.13504540688022887,0.0640113062651218,0.22713800538099682,0.4314779783819199,0.14739933678287553,0.4793767498170174,0.468894304442075
0.11629422441854688,0.4348876697036749,0.1223459352341376,0.0,0.2737103133537041,0.2964899009600377,0.06313331787133032,0.35713811224644393,0.05784740850635381,0.0,0.2694986143119428,0.0,0.21553847216228783,0.0,0.24756266461270598,0.15209595790152813,0.0,0.0,0.0,0.0,0.15195533888099633,0.12411947053730904,0.24165912282568197,0.156148761898243,0.16091341682583837,0.22474685317159224,0.13056551837033306,0.0,0.0,0.0,0.040852083602143846,0.0,0.2515896461648053,0.21749206636581775,0.034156605459785744,0.15818483599073951,0.0,0.0,0.8066387393112066,0.3725436011961117,0.3037507849346023,0.13885543575519727,0.0044346335188131525,0.0,0.11438840606117481,0.0,0.27126937615782953,0.05452738617395988,0.0,0.0,0.23999576700215508,0.0,0.3024092691850344,0.09402348825921542,0.0,0.14609872107467625,0.0,0.03469336224942851,0.11491521964667128,0.12910374092884896,0.0,0.0,0.0,0.033360186314130486,0.2511283116776358,0.16196602546951988,0.2070016881962428,0.03822953638923707,0.10296528643778921,0.22690143259053688,0.16762659236285507,0.04118388085282766,0.0,0.12184629224400972,0.167299115845375,0.05160956741800726
