0.0,0.47801916216387974,0.0,0.0,0.0,0.0,0.4372231202716613,0.0,0.05378943606927061,0.3330292118913818,0.0,0.0,0.17787435993035344,0.192834345815728,0.0,0.5312886273312349,0.4943090226325392,0.0,0.0,0.2650692130244301,0.3195121515037772,0.8192207943162619,0.0,0.24497535982660093,0.6176640718389507,0.2345001061762522,0.14789696008258973,0.21383858709985004,0.6301042296105545,0.09467325670834772,0.3613043180738641,0.13914974320138168,0.0,0.2648858141578404,0.29889995066540137,0.2752506019116974,0.46636585574044975,0.0,0.22654927337496483,0.0,0.0,0.0,0.0,0.25285335722485885,0.0,0.8354059358863684,0.0,0.0,0.06073451613289253,0.0,0.22624167617626012,0.14657890900401643,0.0,0.0,0.4024663411717684,0.0,0.0,0.0,0.022207942778627435,0.0,0.3094298556318629,0.09165052768078222,0.20233949630542952,0.0,0.1399158602106332,0.14266053887079316,0.22327345100142237,0.0,0.24481990225309685,0.38063816098101483,0.2184497112655773,0.1657050814203175,0.0,0.7631272057213611,0.16347107827341528,0.0
0.47801916216387974,0.0,0.08373204221336517,0.0,0.0,0.6643005667569546,0.2879463613510941,0.33985285682032473,0.17848521323070393,0.6489783317786897,0.0,0.5415845891849993,0.4150882152015383,0.0,0.0,0.38531375458307016,0.4972972604958577,0.36395723568638705,0.11167006492261947,0.18577935588819047,0.17491569847427763,0.4823502872699863,0.3856318020576838,0.37210064658415254,0.8064045677028806,0.6862024567422028,0.4559710633833223,0.0,0.2335624699200579,0.0,0.0,0.2643629913340432,0.0,0.04572899473918958,0.0,0.0,0.014302555917267257,0.040210318213907054,0.2613801928781598,0.10924325193058032,0.1380503052155878,0.0,0.05050716793594265,0.09780507440498999,0.06393698918161556,0.38045715407782144,0.45872392146303637,0.17247426016306588,0.0,0.0,0.5533705275629777,0.1691894525010597,0.10337098550404417,0.10926595584379792,0.5010711783168846,0.0,0.35431468491281354,0.2930418608972876,0.0,0.0,0.4603081014306408,0.44329154665787635,0.06731373703067645,0.06832431329236124,0.034358413542353416,0.0469508984015119,0.1409523146857264,0.23513865336038697,0.3411539846678825,0.48474040323448214,0.6363526816186398,0.45844538726411793,0.0,0.22230610195270842,0.17285219122962253,0.10932233322625143
0.0,0.08373204221336517,0.0,0.18014136706592213,0.5265515496897324,0.32698087822862754,0.11208410478628908,0.32237259292483156,0.7766174653803343,0.32823427104969705,0.7764737389021935,0.2718085324715185,0.49681747316501945,0.2477430959213499,0.6758409663129111,0.0,0.20432073202140943,0.2873198377920023,0.8426509923043987,0.6658682301889939,0.42594458187001516,0.17629720211411987,0.3272280278560676,0.2705044461279406,0.06139318042823452,0.3576931511572292,0.5389302388288183,0.5847573322331682,0.2872186188039362,0.6568716081574819,0.322481353735104,0.0,0.0,0.0,0.12591721132430256,0.33274044705081285,0.14437116052983376,0.032811084195651125,0.0,0.0,0.0,0.0,0.4185965981743198,0.3823022911883332,0.05273017079351126,0.06524099971516256,0.34537200546032676,0.818508375464848,0.2800265751188227,0.6056004520840744,0.1248508713532212,0.4041293099830545,0.4153592859440547,0.7381000069175673,0.4338355839527498,0.7786557704536317,0.3910922171741958,0.5932994832946239,0.4464701063137903,0.5977186234104368,0.30693392592295055,0.42049453442408724,0.37628298549327444,0.8049332649215006,0.6606557994749913,0.39374948402778576,0.5653506070579708,0.4331455568867978,0.1452056724560182,0.2718383227520003,0.4122678958963062,0.3913137487652417,0.5783763839683453,0.0,0.4781174617736612,0.08935332340332243
0.0,0.0,0.18014136706592213,0.0,0.6119782197307182,0.0,0.45143242968158104,0.0,0.2006427787851442,0.0,0.47151729770182266,0.0,0.19842978150588592,0.5174329478290399,0.1859218430012936,0.0,0.0,0.0,0.22942332030969223,0.0886521322591394,0.1541817308320389,0.0,0.0,0.0,0.0,0.0,0.09983605582464965,0.3762532794226902,0.09129176999574212,0.1339277814421962,0.3755644331964809,0.0,0.0,0.09201115362740996,0.48076689732754596,0.5209370519827381,0.32063793911860755,0.027660624836500863,0.0,0.0,0.0,0.15137982937660444,0.18768238222908556,0.02707711746408517,0.16883760046612623,0.0,0.0,0.0,0.5663320609360628,0.5024743620987172,0.0,0.3811623492677351,0.015051160822850018,0.12764401638043832,0.0,0.35152287245225944,0.0,0.0,0.5419933162165531,0.13527816376024243,0.0,0.0,0.11183442726115356,0.20550835994212718,0.08706228139123214,0.23199532864045058,0.0,0.0,0.0,0.0,0.0,0.0,-0.00563463792046881,0.0,0.0,0.0
0.0,0.0,0.5265515496897324,0.6119782197307182,0.0,0.11510307451797588,0.5922470849176519,0.06553618146670559,0.69475148070529,0.0878557715150258,0.7352619270176359,0.0,0.4043838628879119,0.6974080618866156,0.5073723260161281,0.0,0.0,0.0,0.48117734650440824,0.40340559891515854,0.41944224835116983,0.07764406204494056,0.16397206638695236,0.00589025478745242,0.10249351430214917,0.05679132365248274,0.5285434730634528,0.5103809108362201,0.4472998063034394,0.333510822057834,0.43124325975072697,0.0,0.0,0.0,0.5168975510124693,0.6660728299052431,0.45650806986783965,0.06661870202581735,0.0,0.0,0.0,0.0,0.34920803568375414,0.4661194593408507,0.09984784486316749,0.13305328628876642,0.16827027508094763,0.3318623936456765,0.7322450846002978,0.8342629954620309,0.0,0.7436275153039389,0.16317813807023926,0.611874143856486,0.44678805123300874,0.6817402222700946,0.27003949989840625,0.27264742355175275,0.7319379849995553,0.41673128422929934,0.0,0.21117342092082564,0.30538197424967484,0.3564688611224359,0.44677543556648147,0.4984221807491708,0.2753079323677744,0.25685139579209554,0.0,0.37029896950890195,0.09292849379010082,0.3586411350055154,0.20029485974144073,0.08789095014673942,0.0,0.0
0.0,0.6643005667569546,0.32698087822862754,0.0,0.11510307451797588,0.0,0.13115613518596864,0.6709253509617092,0.3576186881322777,0.562919373948811,0.21800891022174318,0.7026378240218947,0.5857280210424535,0.0,0.09135577544404122,0.059379928781191416,0.3691771270008849,0.5154302110608767,0.29534802122102044,0.12204203036468086,0.2608409778446924,0.0,0.629948042749911,0.4722209642220102,0.35367806942632873,0.7150705600084934,0.5119359456981043,0.03851715219481555,0.047096172980983564,0.22415269707601884,0.0,0.26928107516604843,0.2084855879762203,0.10253880206911883,0.0,0.0,0.0,0.21692245054364423,0.3113886023928881,0.4052584926830092,0.36000572465234404,0.023895103651244382,0.2802793056588653,0.005465778781571104,0.2703660262931409,0.056966934830571386,0.7388085728481492,0.4223811835817537,0.0,0.07952305036545654,0.4477708205571941,0.28080553369735334,0.5874885611447322,0.36305780835697676,0.37486301088351137,0.20511785317299897,0.5499406233288977,0.7117698523574298,0.0,0.04330618683863785,0.4118082088352041,0.6372154041125072,0.14563762879381248,0.34180311490387993,0.09186561198507642,0.2220458695014127,0.2455957565880272,0.4336644232837771,0.43357790086600484,0.38135997800008037,0.7473496656706835,0.37368104991719564,0.16254308037693882,0.0,0.2943885644585198,0.2458940318326725
0.4372231202716613,0.2879463613510941,0.11208410478628908,0.45143242968158104,0.5922470849176519,0.13115613518596864,0.0,0.0,0.24877875881435238,0.2522125991930385,0.2546293416875079,0.0,0.2825108790447664,0.5517940809594032,0.06690548196937882,0.0,0.04514500703526658,0.0,0.15549620445183693,0.1328186234843168,0.26461169089391623,0.380231350961461,0.006183814418547567,0.0,0.5097057900006028,0.04396233842898187,0.45717367106590723,0.2284798711460796,0.6209229697626867,0.09432389240465511,0.4326848895123475,0.0,0.0,0.17738690133047363,0.6214331815211512,0.5475155270312646,0.5186166398656278,0.035458698198753746,0.05048201601263058,0.0,0.0,0.0,0.08490402731551416,0.2795170516674092,0.02664270068250324,0.44040049420678057,0.11335730406654376,0.0,0.4472163228104564,0.4194518304353338,0.0,0.6173740882872923,0.0,0.12630616820191215,0.4409336422672257,0.1545558521514946,0.12385577618781805,0.0,0.3873292414469149,0.0,0.0,0.08700274311684589,0.26996820973900365,0.01137143277283692,0.07299228408497502,0.2589236877461802,0.07823568110230744,0.052529714610260236,0.0,0.5099845772290699,0.07872008735160005,0.32579687194362955,0.0,0.41270499397189303,0.0,0.0
0.0,0.33985285682032473,0.32237259292483156,0.0,0.06553618146670559,0.6709253509617092,0.0,0.0,0.3280795451432243,0.3220110313599176,0.3357113827963959,0.5438936580790832,0.34911878995548046,0.0,0.10797175227946873,0.0,0.22026374611057198,0.36218807675800746,0.27759567941723556,0.07322528602529496,0.3004883438572078,0.0,0.6858212521685624,0.5076415819449531,0.09762606402527915,0.6219935831695097,0.27321824299006603,0.0,0.0,0.2137057976769226,0.0,0.22116139981047528,0.24293819484020038,0.0904144576265599,0.0,0.0,0.0,0.36567221256382554,0.1574527780414106,0.32628080168747176,0.4100429545120541,0.1948893919610322,0.3415988698424518,0.0,0.4268577064284597,0.0,0.5258407277279653,0.537467630392604,0.0,0.09093411327931003,0.37197099537474126,0.1217823875993494,0.8351445888034374,0.41483020364136963,0.1635940086037084,0.29420655503676796,0.4257062732770826,0.5069660663497895,0.04187914677956575,0.010378836539187974,0.09264101287220833,0.43807653001186125,0.0,0.3610478694750227,0.013393053288897644,0.3459001710527639,0.0,0.511500230480701,0.4431203062856922,0.04744273967541485,0.5545978684621177,0.1961930401887772,0.09762421843123595,0.0,0.10817730482547674,0.09044157478878989
0.05378943606927061,0.17848521323070393,0.7766174653803343,0.2006427787851442,0.69475148070529,0.3576186881322777,0.24877875881435238,0.3280795451432243,0.0,0.37403355287422696,0.7669955083561004,0.25195279493134903,0.5358478197705475,0.3851041760292784,0.6468156210175117,0.0,0.22033094783396695,0.07233128563457925,0.7058307954777477,0.6908793568991562,0.5248339136247806,0.2437087199538857,0.3671746708942994,0.36008277324934823,0.1823616089973103,0.39168898172538613,0.6258765826206664,0.6008388045274018,0.43836522981877313,0.6115226236207798,0.3253211537639349,0.0,0.0,0.031165982300125156,0.200793737777179,0.45349715153413805,0.3217821825338779,0.08090926985581962,0.0,0.0,0.0,0.0,0.43496918357611564,0.45767622411094766,0.142438662620481,0.2645954630568716,0.410709166273582,0.714612581716678,0.38441515644553526,0.7403923980974165,0.07114348291728889,0.612727123358913,0.3848206677793096,0.9272320028489919,0.6241905142554685,0.8093385211815902,0.4822131386190338,0.6200109641835503,0.5220201320388309,0.5413617058278775,0.14270069344892045,0.4543023977926629,0.28816681257166593,0.6461074254526847,0.6634438309162581,0.498825494534878,0.5460028117431122,0.4572032581665632,0.29699457649045224,0.45799040939640223,0.5349714410327633,0.5160890868004004,0.4656629736457865,0.11485725347363651,0.4262582670350954,0.0
0.3330292118913818,0.6489783317786897,0.32823427104969705,0.0,0.0878557715150258,0.562919373948811,0.2522125991930385,0.3220110313599176,0.37403355287422696,0.0,0.20389389781616435,0.6554261631500172,0.3136708993611683,0.0,0.2605224331641414,0.18758920909908414,0.5353145405782964,0.3256529207769575,0.3107110556240071,0.35296779941439543,0.46192197724844486,0.3511744445592737,0.5110287567974956,0.5389387562690546,0.6556173893314639,0.6917792508385172,0.5714734610676799,0.04350350226279587,0.3933555324077098,0.2807261436422663,0.0837288445437055,0.2766793397351903,0.15829620541601477,0.15599482754187155,0.0,0.0,0.0,0.20923600895848254,0.30816070120087824,0.18202296716402602,0.13907586623451185,0.0,0.25841924473876354,0.3085328819705533,0.1113969971429985,0.43695492321521173,0.5887073156656126,0.3717219343160621,0.0,0.09398597866796649,0.432016085390426,0.34915870671089005,0.20968277032116817,0.36988611358348855,0.7113125078849474,0.2766595576720917,0.50935678239448,0.44420133833169795,-0.008326869736651393,0.1834010493490511,0.44609798608200213,0.5698787373395753,0.3389065232910884,0.3190747214622837,0.2782273991960943,0.3396862309902089,0.42810082609883215,0.3859873485488962,0.5496269237884556,0.5749200611577293,0.7187694895261354,0.4704135033107639,0.16941284203227142,0.200681699853902,0.337759897168762,0.3287860710732554
0.0,0.0,0.7764737389021935,0.47151729770182266,0.7352619270176359,0.21800891022174318,0.2546293416875079,0.3357113827963959,0.7669955083561004,0.20389389781616435,0.0,0.12194947938561851,0.4798269363299019,0.37768497237054477,0.613322508710616,0.0,0.06305729310863531,0.09089929292274801,0.7972395642531406,0.5144667002615952,0.4779472015733004,0.0,0.2581896501598292,0.23823140350212504,0.0,0.24647795054483104,0.46494943097371705,0.6206084684374451,0.2301242439189498,0.6033367115711674,0.43682279679484715,0.0,0.0,0.055827995181235227,0.33204359848917525,0.47556224337133657,0.17025668257371682,0.12144833392854393,0.0,0.0,0.0,0.06814586447279951,0.455078512047006,0.31785826267727846,0.1635343515341762,0.08333440460473487,0.3192837521218123,0.6158749384222132,0.5250596867351365,0.7313383844694894,0.0,0.5704089447903189,0.4411486541330585,0.733776313940085,0.40058328664329457,0.888798617713519,0.3980389215511584,0.5222142788528996,0.5635165282898977,0.5004862289099868,0.0,0.3608910583079942,0.26493318800559706,0.7040861011285549,0.5305151102807307,0.5591267552112008,0.33901358800542597,0.3402566207237275,0.09505670215657464,0.2022991180378948,0.28412529877901394,0.28309536060607243,0.49699720089602206,0.0,0.2653547037516817,0.0
0.0,0.5415845891849993,0.2718085324715185,0.0,0.0,0.7026378240218947,0.0,0.5438936580790832,0.25195279493134903,0.6554261631500172,0.12194947938561851,0.0,0.40363598508085075,0.0,0.0,0.0,0.3217503029554244,0.4030786338447419,0.23128683706682143,0.10139961667599859,0.1328430791408587,0.0,0.4828497741076353,0.5994093386562618,0.2775766760888969,0.634366676917109,0.3212941911838877,0.0,0.0,0.17915805414101105,0.0,0.22142560048466084,0.10407017663874281,0.0,0.0,0.0,0.0,0.09666439201788694,0.23073830654679506,0.27894456463557504,0.3260723052299611,0.0,0.20598823702241464,0.18311216852556783,0.17030018383375334,0.0,0.49715791298397133,0.3946566740918942,0.0,0.0,0.4106933322233507,0.04794306393215925,0.38191402338142777,0.28509163567235135,0.43982956813825486,0.11089399459599278,0.6917868293514363,0.5809925158395517,0.0,0.0,0.4149771552404223,0.5290807209898325,0.09307599301436098,0.24770703567149005,0.1288534134680127,0.052216068012072514,0.23670526381121396,0.27713065278830284,0.521266306508594,0.25223004078209055,0.6485387475299118,0.21338627994234383,0.25953746735774863,0.0,0.4037120814774251,0.39736510808379
0.17787435993035344,0.4150882152015383,0.49681747316501945,0.19842978150588592,0.4043838628879119,0.5857280210424535,0.2825108790447664,0.34911878995548046,0.5358478197705475,0.3136708993611683,0.4798269363299019,0.40363598508085075,0.0,0.30606959381763676,0.4040001020535818,0.2133417165281415,0.5334980617939558,0.5680822435781324,0.5083929283386563,0.5204135226235329,0.4857276281983969,0.3148626072831886,0.17935450664279817,0.4696353730877741,0.24402254331203643,0.6007499118277873,0.31446588852989077,0.6652877509032301,0.3564642095409535,0.46964110172281925,0.21235233217132773,0.023497945320569563,0.0,0.0739252615485007,0.23969480525044518,0.45474967221101825,0.39562376542365596,0.0,0.1589222492021287,0.0,0.0,0.0,0.3971614314290683,0.31479780230839544,0.11046739348172008,0.17521401847346277,0.16269021857576713,0.375319597842438,0.29003868075929184,0.4434511037347565,0.1070042704387213,0.36370998536918714,0.22814067146960207,0.46732135226936333,0.47096784062197916,0.42142068101926755,0.595170384830152,0.6924332323513579,0.35958947927941143,0.3197788296109871,0.3650292031157137,0.663445123340973,0.3905171647502813,0.4226164692582479,0.4295383854894701,0.25758000726130104,0.3172640232412688,0.04311519405345021,0.23611617496808318,0.12390398694188406,0.4899230579190755,0.12489655289413001,0.3611680654933673,0.06421749945597238,0.3613935189862657,0.0
0.192834345815728,0.0,0.2477430959213499,0.5174329478290399,0.6974080618866156,0.0,0.5517940809594032,0.0,0.3851041760292784,0.0,0.37768497237054477,0.0,0.30606959381763676,0.0,0.27723631564861406,0.0,0.0,0.0,0.2011411337496641,0.3224508034242832,0.18226687908687367,0.23848015058537997,0.0,0.0,0.16305349280378884,0.0,0.18735258425654622,0.4264047835999094,0.40034827337413437,0.13455549686262652,0.19460347161776073,0.0,0.0,0.0,0.4125745604829084,0.7334751929457132,0.694004536389722,0.0,0.0,0.0,0.0,0.0,0.12051019311715673,0.4892986935728908,0.0,0.13792797376498622,0.0,0.03212706552945416,0.7610156322481744,0.7128737840202216,0.0,0.525306075143715,0.0,0.267115493751802,0.3780993069659292,0.27945348401726955,0.19529012744473284,0.0,0.7683811000844376,0.22279409980682974,0.0,0.05079141801360506,0.2235662379668615,0.02824665885879543,0.31221549497901113,0.18015407497621738,0.13758912050303418,0.0,0.0,0.20133476886747398,0.0,0.10107241829439476,0.0,0.28052531565639105,0.0,0.0
0.0,0.0,0.6758409663129111,0.1859218430012936,0.5073723260161281,0.09135577544404122,0.06690548196937882,0.10797175227946873,0.6468156210175117,0.2605224331641414,0.613322508710616,0.0,0.4040001020535818,0.27723631564861406,0.0,0.027798669162337086,0.3185112318229958,0.26884611220476123,0.5944598667684327,0.8378193971743799,0.6250511863539387,0.35583635040777467,0.20509628866485535,0.11627921211066435,0.10689911841622199,0.3249207427289194,0.4919267012139552,0.6999995851998934,0.39037519140379695,0.672362077920944,0.5156900387173521,0.0,0.0,0.08853647792500698,0.10400438799448508,0.3907658069747373,0.2808044574625188,0.027137410846635054,0.015909761476734605,0.0,0.0,0.0,0.41761618037267034,0.484444034201469,0.051926634549914044,0.13588069393098426,0.22053366850452266,0.4773661803220367,0.39323118288792985,0.6161621241403155,0.0,0.4122222759508862,0.17500779070039335,0.6089739772376304,0.4027951808066516,0.7186954698004622,0.22693999900503595,0.46735993599279696,0.4434863890507348,0.9368651625153497,0.1996961206624296,0.3446152867365871,0.3573790183516388,0.6363882222771213,0.7910720773491765,0.5165216874735421,0.6502921161948441,0.29627740700833183,0.03567961778261926,0.1792906226602677,0.277819017679227,0.36579547138000734,0.6036826294188133,0.13294735650307574,0.47657410831319635,0.030858615912654513
0.5312886273312349,0.38531375458307016,0.0,0.0,0.0,0.059379928781191416,0.0,0.0,0.0,0.18758920909908414,0.0,0.0,0.2133417165281415,0.0,0.027798669162337086,0.0,0.6519448360727884,0.6040586864049973,0.0,0.10201254971354384,0.28630352114617086,0.49223715542071445,0.0,0.060119968284304826,0.401772021212099,0.3245607020349527,0.0,0.12552428937859367,0.1469936557307729,0.0,0.3401808994924568,0.366745270553557,0.2362455453613779,0.37378415557917255,0.0,0.0,0.0,0.08060332355696445,0.2506891836718499,0.232968554247283,0.26877768519728795,0.16948070517229744,0.02810483853715301,0.0,0.0,0.3410995443131499,0.0,0.0,0.0,0.0,0.1801650024722528,0.0,0.0,0.0,0.0,0.0,0.0,0.0,0.0,0.08142532824216625,0.3850186952091668,0.20830812340886282,0.27547719209874616,0.026090373347069817,0.0,0.07833452711912414,0.0,0.0,0.0,0.0,0.0324625341032283,0.0,0.0,0.21561105776121417,0.1023030608893449,0.14443177341665414
0.4943090226325392,0.4972972604958577,0.20432073202140943,0.0,0.0,0.3691771270008849,0.04514500703526658,0.22026374611057198,0.22033094783396695,0.5353145405782964,0.06305729310863531,0.3217503029554244,0.5334980617939558,0.0,0.3185112318229958,0.6519448360727884,0.0,0.7003852496586407,0.20602468792072434,0.4834207181180812,0.6108390478613712,0.5370150313533374,0.20994786670415955,0.4957905653884687,0.4424604436843008,0.6694408247586223,0.25401382918092513,0.3582502950995777,0.44902026259788574,0.33328762520263944,0.34327877635341486,0.35492054390319905,0.17595924024154452,0.3732125632214326,0.01388090741211944,0.09382052879983732,0.14725824499390675,0.17385818458028068,0.32110496968903324,0.13402025607425594,0.03148684792464884,0.0,0.269525998474481,0.1435538934807733,0.12404712894469898,0.4707478974862056,0.10839833886617484,0.19939368410467262,0.0,0.018629072074056008,0.3112449080339694,0.13267606260661258,0.04358465432296793,0.23329365285681689,0.42673289014418136,0.14927322522915915,0.33840164972675424,0.3482766792919953,0.0,0.27500777898535267,0.4851265839000133,0.5839382979690523,0.41600362535827434,0.23410735717593437,0.28726929099914095,0.2864394750865966,0.358472187431485,0.010681065989532806,0.3523137369963973,0.10258986191169356,0.48505942427599014,0.16800852915159112,0.19073009000602373,0.28913317436468483,0.34836948871692586,0.08048221097026934
0.0,0.36395723568638705,0.2873198377920023,0.0,0.0,0.5154302110608767,0.0,0.36218807675800746,0.07233128563457925,0.3256529207769575,0.09089929292274801,0.4030786338447419,0.5680822435781324,0.0,0.26884611220476123,0.6040586864049973,0.7003852496586407,0.0,0.303176648953095,0.2640355346100701,0.33155299458689363,0.08142088616231197,0.2057315502481381,0.26257403758742326,0.16231101686692084,0.5695668850470316,0.11917947721340708,0.2751735847189375,0.0,0.26963446784506073,0.16183447746363308,0.373327823912482,0.32808307806053916,0.29167049802473216,0.0,0.0,0.0,0.15471367776025693,0.27683072826473454,0.3787235459024815,0.36620948250471724,0.2806497799547154,0.27478102373441354,0.0,0.11356918320388262,0.0,0.21185469618660635,0.26939012322291805,0.0,0.0,0.15365330431285917,0.0,0.24434120031506268,0.12225748247873416,0.09692066413718664,0.1641528025368325,0.26052535694424206,0.47965822811850944,0.0,0.25711301891771826,0.5120861303508731,0.5561941102860777,0.3825295106421822,0.4019842443215257,0.17119551459231336,0.10529386645360858,0.22331622946876425,0.0,0.09040038865002858,0.0,0.29891607639677964,0.0,0.34422509022126585,0.0,0.3322335523502062,0.19752200701197287
0.0,0.11167006492261947,0.8426509923043987,0.22942332030969223,0.48117734650440824,0.29534802122102044,0.15549620445183693,0.27759567941723556,0.7058307954777477,0.3107110556240071,0.7972395642531406,0.23128683706682143,0.5083929283386563,0.2011411337496641,0.5944598667684327,0.0,0.20602468792072434,0.303176648953095,0.0,0.6310041514245274,0.3866917309549436,0.20686999391734653,0.18043365007228884,0.2651654980767656,0.0843881105962355,0.30489823313494285,0.4805222597803518,0.6179530691519305,0.2966392228928008,0.6954829311683618,0.39671874138975083,0.0,0.0,0.04933026264040204,0.18025673103423334,0.3437489140090215,0.10328575868535404,0.013869408515570655,0.09761848433904512,0.0,0.0,0.0,0.41473547163855506,0.29953974656644056,0.07376212012449546,0.1075478818019827,0.3868655815767954,0.6494737121343221,0.2642047326944306,0.5821442884369764,0.0,0.36910138916596835,0.35880864712838745,0.6102924464573778,0.4117344554433935,0.7575680572386869,0.3711002744002273,0.5632058691805106,0.35219834045310516,0.5266061699083139,0.274057410089466,0.43834371467528954,0.3892611108077778,0.8887386021197958,0.6234449044390393,0.3983980860563143,0.5089380273727083,0.29654679532752254,0.12098189911506031,0.25823152143454337,0.3868339549912929,0.33532427745312304,0.6097584567286356,0.0,0.5211893683640887,0.12897147276938076
0.2650692130244301,0.18577935588819047,0.6658682301889939,0.0886521322591394,0.40340559891515854,0.12204203036468086,0.1328186234843168,0.07322528602529496,0.6908793568991562,0.35296779941439543,0.5144667002615952,0.10139961667599859,0.5204135226235329,0.3224508034242832,0.8378193971743799,0.10201254971354384,0.4834207181180812,0.2640355346100701,0.6310041514245274,0.0,0.5689140562749591,0.6589121312367743,0.07545408305673335,0.2676182593549009,0.2774476396421294,0.4164249083045736,0.48945394317040025,0.7587107369986805,0.529635329075512,0.6749839013999339,0.44170276383220614,0.0,0.0,0.0,0.08652340359430917,0.45315738392091376,0.3943593773962375,0.0,0.0,0.0,0.0,0.0,0.37923895769110866,0.5656218154180509,0.021516499139639156,0.27553720344812405,0.13458828829899894,0.5040715021334862,0.38690939223259346,0.5823113103724366,0.12234735876072533,0.37861247403967624,0.08313531228446425,0.618611176130002,0.531998114840085,0.6116433701193185,0.2908157326211571,0.4728320812627348,0.45847924942834367,0.8016086507723591,0.36336366604390363,0.4162837960578471,0.37181399177744545,0.6110226121084956,0.8875662977695935,0.40723084364043693,0.7110374511897148,0.19650242365130116,0.13910907240895312,0.2458628769687998,0.40655573272478096,0.4628807815645459,0.5794884825686804,0.34017864086393296,0.5972845401511941,0.035847538516312255
0.3195121515037772,0.17491569847427763,0.42594458187001516,0.1541817308320389,0.41944224835116983,0.2608409778446924,0.26461169089391623,0.3004883438572078,0.5248339136247806,0.46192197724844486,0.4779472015733004,0.1328430791408587,0.4857276281983969,0.18226687908687367,0.6250511863539387,0.28630352114617086,0.6108390478613712,0.33155299458689363,0.3866917309549436,0.5689140562749591,0.0,0.3526456569743171,0.4090793170075081,0.4756396242864902,0.3141181672916667,0.5633847548978147,0.4341910495900791,0.4985941664024618,0.437861430353748,0.5268867180059609,0.5639648276064273,0.26816802162172515,0.17271168390817254,0.38192659465692047,0.20131602539318966,0.28396367809813006,0.24077442427664253,0.27952500601546915,0.3128371858300627,0.11063164181588248,0.0,0.11828381447376607,0.43417268221379907,0.26033458407798743,0.27815300800655635,0.46657867754306215,0.24071775257927003,0.3415927880594035,0.2448462615120032,0.4720866484992022,0.06256035813075245,0.497669680632895,0.2994245514604686,0.5323518980116457,0.45364681936994533,0.5258025745541859,0.28975820630493015,0.4506036166272616,0.3574576249494905,0.5437123962578057,0.13188941068412363,0.49319524337028586,0.4511386361269631,0.44395288343930617,0.45613618823870333,0.8050952716012627,0.37813232279936787,0.36386423967166426,0.3781649791698379,0.18353216279720624,0.4564476252790246,0.2361505289503858,0.2808099765953738,0.17463336148353167,0.2832695161653198,0.0
0.8192207943162619,0.4823502872699863,0.17629720211411987,0.0,0.07764406204494056,0.0,0.380231350961461,0.0,0.2437087199538857,0.3511744445592737,0.0,0.0,0.3148626072831886,0.23848015058537997,0.35583635040777467,0.49223715542071445,0.5370150313533374,0.08142088616231197,0.20686999391734653,0.6589121312367743,0.3526456569743171,0.0,0.0,0.14496683739662913,0.587052512403949,0.2669771776818492,0.3370137812874645,0.4565639657249325,0.7393661681380271,0.3053871262785869,0.4164728298649194,0.0,0.0,0.12459695456134236,0.20316683984064843,0.38485068753321455,0.5102257131257177,0.0,0.10152680102944098,0.0,0.0,0.0,0.0,0.47665363444820386,0.0,0.6238762699049514,0.0,0.039760204044156144,0.1649497289804823,0.17116981005156137,0.225681303035757,0.1705613444601428,0.0,0.1211431446638993,0.49746584032622754,0.08764492812691776,0.13719518567406358,0.0,0.19734171292023928,0.3372126652113101,0.40977838200041006,0.1819841845544915,0.31229226977594604,0.1365107700534376,0.5008159117994029,0.12241086860042494,0.46897780720059645,0.0,0.0441265563740558,0.30232432235672707,0.22615093970059155,0.34690838236109034,0.14040534885991374,0.7677971712485407,0.33037887813016487,0.0
0.0,0.3856318020576838,0.3272280278560676,0.0,0.16397206638695236,0.629948042749911,0.006183814418547567,0.6858212521685624,0.3671746708942994,0.5110287567974956,0.2581896501598292,0.4828497741076353,0.17935450664279817,0.0,0.20509628866485535,0.0,0.20994786670415955,0.2057315502481381,0.18043365007228884,0.07545408305673335,0.4090793170075081,0.0,0.0,0.41754186672033766,0.32954232489679586,0.6023410239555875,0.49785331878019723,0.0,0.0,0.21178632190993157,0.0,0.17159083852253632,0.22556929080485322,0.1356397567805758,0.0,0.0,0.0,0.3206869788177091,0.16677874830022416,0.27422394855065124,0.2986558522640207,0.13579257779190562,0.23273488836351386,0.0,0.2618890298382316,0.17362704855166153,0.6438221850368059,0.509322454205842,0.0,0.11657239414006013,0.4798012391001971,0.295813994049192,0.664987263024266,0.4384758325303786,0.3139870231961076,0.28082294964559174,0.25187174140346047,0.460188517318152,0.11034388169858618,0.1080887264236915,0.2621774625449794,0.34023942233546456,0.042350273012666945,0.24020685802512604,0.08615981957068031,0.4441340186120774,0.22776281032879026,0.8424453309584444,0.5210053809480755,0.3636745102990995,0.6199420093438845,0.41952371780163356,0.04987990690398211,0.0,0.18866884174707782,0.2612376431427292
0.24497535982660093,0.37210064658415254,0.2705044461279406,0.0,0.00589025478745242,0.4722209642220102,0.0,0.5076415819449531,0.36008277324934823,0.5389387562690546,0.23823140350212504,0.5994093386562618,0.4696353730877741,0.0,0.11627921211066435,0.060119968284304826,0.4957905653884687,0.26257403758742326,0.2651654980767656,0.2676182593549009,0.4756396242864902,0.14496683739662913,0.41754186672033766,0.0,0.18040900580331723,0.6291996669097145,0.19153669293999143,0.21957151512033835,0.12579189410309782,0.4398554200093958,0.0,0.36121157060579834,0.15887363164444876,0.19521662417031121,0.020019547603032282,-0.0013317882107620194,0.0,0.31600560737911765,0.42735930522805887,0.21116201796793085,0.11518972997005344,0.0,0.35414323482955645,0.11096833633610104,0.34016132491572676,0.3774940682577002,0.2788295770803006,0.37354503330917277,0.0,0.05606391871946062,0.35229143199601787,0.14232154390935187,0.41380999472936447,0.39289945967664797,0.41329045220090344,0.20030501993806657,0.5581116781251779,0.5568367602335422,0.0,0.028675109390149806,0.28338185127861604,0.4930113744314377,0.09217057079055879,0.28631312655754904,0.19840533868822685,0.33649527133528884,0.24077736867664173,0.272685972198927,0.799051958920159,0.15872521652434196,0.6695374087440983,0.10285165475023342,0.29781731260897976,0.040720034459881455,0.4337339185693706,0.20392427459475032
0.6176640718389507,0.8064045677028806,0.06139318042823452,0.0,0.10249351430214917,0.35367806942632873,0.5097057900006028,0.09762606402527915,0.1823616089973103,0.6556173893314639,0.0,0.2775766760888969,0.24402254331203643,0.16305349280378884,0.10689911841622199,0.401772021212099,0.4424604436843008,0.16231101686692084,0.0843881105962355,0.2774476396421294,0.3141181672916667,0.587052512403949,0.32954232489679586,0.18040900580331723,0.0,0.6064066764612849,0.5009580178689045,0.0,0.3931188301865909,0.0,0.10265076400293749,0.10128890688148436,0.0,0.06108958329695624,0.07954687921473855,0.16786458713851027,0.2657259062348737,0.027533957112688023,0.08739664507096792,0.0,0.0,0.0,0.057680042766162065,0.2866225595739822,0.0,0.5363322496334116,0.3646896434702943,0.0695460288272444,0.14536701417918857,0.06639750436418276,0.39405466787687454,0.36021749735343395,0.0,0.1139764304495692,0.6103088023020067,0.028966829166970853,0.13360029240691274,0.06363688242586918,0.2005445483442994,0.06839464656179045,0.3275272163861757,0.32985647377321675,0.24843527310741945,0.02735541029139188,0.13922371349291845,0.23721412937637942,0.1721767703430483,0.22002294653468996,0.20681306289310553,0.6116938530516485,0.4927468938833388,0.5265894000851885,0.0,0.3991236221939269,0.06989954860123176,0.0389071122877685
0.2345001061762522,0.6862024567422028,0.3576931511572292,0.0,0.05679132365248274,0.7150705600084934,0.04396233842898187,0.6219935831695097,0.39168898172538613,0.6917792508385172,0.24647795054483104,0.634366676917109,0.6007499118277873,0.0,0.3249207427289194,0.3245607020349527,0.6694408247586223,0.5695668850470316,0.30489823313494285,0.4164249083045736,0.5633847548978147,0.2669771776818492,0.6023410239555875,0.6291996669097145,0.6064066764612849,0.0,0.45303932531563634,0.17069914624498106,0.1086513942703981,0.2775070210631471,0.0,0.2912371339717293,0.12919750496648022,0.10799606334785995,0.0,0.0,0.0,0.20628321148586498,0.23443391049850915,0.19406864892896167,0.1528501611793055,0.0,0.36735817648126934,0.16281769549739428,0.2284580050677956,0.24530607893312142,0.5011108137871094,0.46661116719741225,0.0,0.12148313508966924,0.4704557287410769,0.20150236893950688,0.41974519182296766,0.4501348508127698,0.5051848223801567,0.31948160185056595,0.4676396644634492,0.6023355976915629,0.11107733464763182,0.24694230060345623,0.43264102079781097,0.6458170039639025,0.1789279604609445,0.36936693051031444,0.3029940080937439,0.3627249790061343,0.30800395149570087,0.3738480730586214,0.4854215189592863,0.27386338797412985,0.7887520754751065,0.3422185614990531,0.14485019490093598,0.0,0.3565767491482675,0.14205773324075915
0.14789696008258973,0.4559710633833223,0.5389302388288183,0.09983605582464965,0.5285434730634528,0.5119359456981043,0.45717367106590723,0.27321824299006603,0.6258765826206664,0.5714734610676799,0.46494943097371705,0.3212941911838877,0.31446588852989077,0.18735258425654622,0.4919267012139552,0.0,0.25401382918092513,0.11917947721340708,0.4805222597803518,0.48945394317040025,0.4341910495900791,0.3370137812874645,0.49785331878019723,0.19153669293999143,0.5009580178689045,0.45303932531563634,0.0,0.24418830117044862,0.5085918505139908,0.34499327475817043,0.27196688334479685,0.04515353463692649,0.0,0.11850155158977846,0.09863157567463672,0.17105780011802935,0.054098882734822905,0.1328911280601654,0.16616912081894702,0.0,0.0,0.0,0.2113532698417966,0.356317236064721,0.16382501139272518,0.2744760847278112,0.5851015576421542,0.44924065161477467,0.16645775496331675,0.47524927225208163,0.15128679415750063,0.5976686535376532,0.2621142965897144,0.5409019024148456,0.5255143035744844,0.5162696563198395,0.2900649800599322,0.36899639711487126,0.34325435101105317,0.45781816399482733,0.16074330976733434,0.3691296713846518,0.2451590775463361,0.45820702602985525,0.49611554390487533,0.47779872658506795,0.5330990991772997,0.5210852171573266,0.14370159364359714,0.5651470372329124,0.48422507811978965,0.8456945171045124,0.2201972270457884,0.2020270722953149,0.2431681172429507,0.09731468275202922
0.21383858709985004,0.0,0.5847573322331682,0.3762532794226902,0.5103809108362201,0.03851715219481555,0.2284798711460796,0.0,0.6008388045274018,0.04350350226279587,0.6206084684374451,0.0,0.6652877509032301,0.4264047835999094,0.6999995851998934,0.12552428937859367,0.3582502950995777,0.2751735847189375,0.6179530691519305,0.7587107369986805,0.4985941664024618,0.4565639657249325,0.0,0.21957151512033835,0.0,0.17069914624498106,0.24418830117044862,0.0,0.5096316309583971,0.7354188903706382,0.6082794514353824,0.0,0.0,0.122451179767115,0.3596116695407132,0.6646326088983716,0.510287788471111,0.0,0.0,0.0,0.0,0.0,0.3787869419657598,0.4168073182384632,0.06925474062179987,0.22849071581275418,0.0,0.3151083358218042,0.47992832648487493,0.6112097943286388,0.0,0.37816245983228436,-0.011937229682848494,0.4767816894066247,0.36379328049655607,0.5625547319221393,0.3044093399031809,0.42603970328828816,0.45954549840783454,0.6384786539386453,0.1934158606595603,0.3581049463235998,0.416736062023249,0.5379750063378753,0.6877379275440461,0.3235304920486566,0.488085802684486,0.0,0.02216769016640499,0.029223054145628452,0.14426440041044392,0.09539274293750435,0.6590264118301417,0.2946869702247058,0.46947386096314764,0.0
0.6301042296105545,0.2335624699200579,0.2872186188039362,0.09129176999574212,0.4472998063034394,0.047096172980983564,0.6209229697626867,0.0,0.43836522981877313,0.3933555324077098,0.2301242439189498,0.0,0.3564642095409535,0.40034827337413437,0.39037519140379695,0.1469936557307729,0.44902026259788574,0.0,0.2966392228928008,0.529635329075512,0.437861430353748,0.7393661681380271,0.0,0.12579189410309782,0.3931188301865909,0.1086513942703981,0.5085918505139908,0.5096316309583971,0.0,0.40815784531614835,0.571217502151188,0.0,0.0,0.20203638594214138,0.33437652557742004,0.4642042336701569,0.5942851353710664,0.0,0.16427170064698632,0.0,0.0,0.0,0.026228833762448583,0.5398525833368435,0.0,0.6191783511692313,0.0,0.03160122816771088,0.30109977880333827,0.4558859354502417,0.08058993263799485,0.5262643508547105,0.0,0.3035576575859099,0.5647130113016452,0.2547011199329401,0.24739967833368098,0.13689481862246447,0.33325612722482467,0.391596881557824,0.3231458372389588,0.2336128382619042,0.510555877690013,0.16785917256311775,0.5478595184199041,0.2864091149616318,0.6496879823455468,0.04678641011629098,0.11729080883034901,0.49616290437552835,0.21396108734945982,0.42047812508339955,0.21189310796076027,0.8111311789796852,0.3211145785698757,0.0
0.09467325670834772,0.0,0.6568716081574819,0.1339277814421962,0.333510822057834,0.22415269707601884,0.09432389240465511,0.2137057976769226,0.6115226236207798,0.2807261436422663,0.6033367115711674,0.17915805414101105,0.46964110172281925,0.13455549686262652,0.672362077920944,0.0,0.33328762520263944,0.26963446784506073,0.6954829311683618,0.6749839013999339,0.5268867180059609,0.3053871262785869,0.21178632190993157,0.4398554200093958,0.0,0.2775070210631471,0.34499327475817043,0.7354188903706382,0.40815784531614835,0.0,0.5227398651324208,0.054702087405866504,0.0,0.270679751704757,0.23379760969876512,0.3155724886198474,0.15145683760610062,0.14514882778492183,0.23609322585706102,0.0,0.0,0.0,0.3886122764369443,0.20139932904945446,0.17757194677519356,0.2561662368480807,0.2535186398000966,0.5116432416000759,0.11068688699831991,0.440363154057381,0.0984504462564862,0.31118564330150655,0.30442046155346525,0.5615050151048447,0.3553296118634054,0.5948439981247575,0.33275615621588656,0.5529217801782077,0.19561600792005215,0.5920239695787832,0.3037234989772096,0.3391472257580145,0.2868220064678184,0.7143693350680664,0.6554358169723825,0.3834248384131491,0.6237241082999048,0.287308077475562,0.3049787329973754,0.15131138254098114,0.3750900062177208,0.2017189032865217,0.717694417128298,0.1734879470103642,0.7269844030938749,0.21436209111406315
0.3613043180738641,0.0,0.322481353735104,0.3755644331964809,0.43124325975072697,0.0,0.4326848895123475,0.0,0.3253211537639349,0.0837288445437055,0.43682279679484715,0.0,0.21235233217132773,0.19460347161776073,0.5156900387173521,0.3401808994924568,0.34327877635341486,0.16183447746363308,0.39671874138975083,0.44170276383220614,0.5639648276064273,0.4164728298649194,0.0,0.0,0.10265076400293749,0.0,0.27196688334479685,0.6082794514353824,0.571217502151188,0.5227398651324208,0.0,0.14405576282271693,0.1436615133161717,0.576832951747701,0.4538960884224925,0.43908982606979663,0.28405216186227694,0.30500176934672363,0.2114672531911272,0.0,0.0,0.21733082496020206,0.27783677230317844,0.09594505777712062,0.16373128459587588,0.4488138982052407,0.0,0.0,0.2907982896513682,0.4361070480484166,0.0,0.44092514256520116,0.0,0.25131978395652627,0.17442163086953458,0.4221396987595301,0.0,0.05063474749697766,0.23249540246998704,0.45446082952000877,0.0,0.10394730163783958,0.34571601752011716,0.39436070434525017,0.3365929333092318,0.47656562806430725,0.2861847372941232,0.0,0.0,0.112295204095412,0.0,0.06820047016547917,0.33559073687539637,0.3155320667823494,0.15890321975222355,0.0
0.13914974320138168,0.2643629913340432,0.0,0.0,0.0,0.26928107516604843,0.0,0.22116139981047528,0.0,0.2766793397351903,0.0,0.22142560048466084,0.023497945320569563,0.0,0.0,0.366745270553557,0.35492054390319905,0.373327823912482,0.0,0.0,0.26816802162172515,0.0,0.17159083852253632,0.36121157060579834,0.10128890688148436,0.2912371339717293,0.04515353463692649,0.0,0.0,0.054702087405866504,0.14405576282271693,0.0,0.6678879306930567,0.541744503862615,0.0,0.0,0.0,0.3956412311936568,0.8179862783394602,0.7013603638895481,0.6116864591967304,0.3956458989298628,0.12634623937713785,0.0,0.3954850190708469,0.19302576699466154,0.2650043527983494,0.0,0.0,0.0,0.05078254021599472,0.0,0.18391459897203194,0.0,0.0,0.0,0.11352547837083744,0.18507729293978625,0.0,0.0,0.0505759297605006,0.23219689162179405,0.0,0.08055884093941268,0.0,0.21072501403644092,0.0,0.05092047677129763,0.29357595205361176,0.0,0.24210537579183847,0.0,0.0,0.0,0.05304213238567773,0.22306376222262914
