0.0,0.15548501630359404,0.5922444738947368,0.0,0.41255129012076597,0.3422840502513222,0.3110881251257869,0.1408498843178402,0.5917927112508558,0.5871875734830253,0.35444063545392157,0.0,0.49433308779986673,0.25102362261191863,0.74558852062384,0.7264789696790743,0.3581285122025485,0.4419527614929322,0.35573604775599965,0.6751503061848405,0.6688974495106079,0.736743402202063,0.38795772454183397,0.07310179915043652,0.5911369617441897,0.4398531129287693,0.6377772310501679,0.4970670463726041,0.6598178200006468,0.5624545872621555,0.7181486919871749,0.32320718330471987,0.28127161201518536,0.278489929877836,0.34275876210356304,0.0,0.05086813982095756,0.3074151973075413,0.1804811008848799,0.24568110975087823,0.14288402156034263,0.0,0.0,0.0,0.19372149531207744,0.7919508114304105,0.3809567002381416,0.6190473521298744,0.0,0.07187560967197609,0.3358034372712315,0.2337898903608195,0.1931530008549805,0.5500350946279775,0.5329202295890765,0.2592700807002515,0.03210719307877412,0.0,0.14922582399525083,0.6603527915974083,0.5516360164639695,0.5233719526459528,0.36165352022393377,0.43657965594095083,0.6861386402715648,0.6570236611379086,0.7156094224970779,0.3709145990897267,0.036284945803437885,0.4517145635196777,0.4807157445550144,0.5766713299690693,0.01843294589885558,0.5827319278367821,0.3693180493955644,0.18978725557602608
0.15548501630359404,0.0,0.44691921248592303,0.0,0.3288831317561818,0.7798672692882919,0.441247244859259,0.5487623490764826,0.46690660195672273,0.2791496443073389,0.2837501534838602,0.5858319572905316,0.4362661994594986,0.0,0.08820125758416059,0.3110059368642818,0.6075058747379535,0.6393755865871902,0.43911041707010734,0.06303606920724075,0.2950978111399451,0.18318633266900242,0.5711534783773262,0.4402244897714818,0.5363294132621723,0.7374620053334915,0.3418086247711402,0.05866294967521879,0.19235187911277574,0.11932387291087761,0.08304380815710347,0.435641558960462,0.21179899984021622,0.20523570842213473,0.2395607050232296,0.0,0.0,0.14348745531571275,0.21633069529005364,0.2515125268297969,0.20850426172881423,0.0,0.18620623597239105,0.0994287791695086,0.13241301359370145,0.0,0.6296574360064005,0.3947267843641351,0.0,0.31994183000852994,0.6436102720176572,0.4898954117935481,0.46071544779945156,0.435936233113531,0.42210544639513536,0.3769762606121926,0.5975152811321092,0.44550434358798074,0.26405429073195336,0.040287530858971854,0.0,0.43742520273763114,0.3867698168162576,0.497323276398855,0.15921229332397085,0.21985488644506107,0.13547543676422402,0.41931318971904674,0.35351562092688027,0.40418079941586504,0.5981354120799905,0.20380478158713597,0.03292622222275951,0.05330511296011631,0.17083734711284831,0.0
0.5922444738947368,0.44691921248592303,0.0,0.0,0.4099082799178526,0.7396636571066126,0.3653893276531618,0.5408546473556769,0.85788702203175,0.6606814928369928,0.5493333820939622,0.4708199566346851,0.551829094712938,0.21933261319279304,0.6544802393300533,0.5593048796297014,0.6335878938280266,0.683141449587643,0.6168016394341651,0.44154632652266523,0.5722601517154547,0.4829475932445581,0.8077072035526713,0.48946280317858926,0.6626196901678358,0.6696903901802964,0.7140729310400342,0.4021582156711651,0.4280038455810766,0.4200875287433425,0.6344568947296109,0.6599714619133507,0.2223453536130755,0.19982535690470837,0.41477109593117667,0.0,0.26410001802971117,0.35326981713992434,0.4121312851891332,0.29498389186433815,0.30852605581521875,0.0,0.0,0.0,0.26721965718510815,0.5687563929887021,0.6345889659613158,0.852565857717302,0.0,0.21577567732718117,0.8144620808444103,0.4714864015482456,0.642942300251792,0.8115000613001204,0.7174609777545558,0.48415820537401133,0.6071658566550397,0.24619956566447693,0.3251512846778807,0.6172770554932058,0.3671748806078198,0.6636422013941734,0.45085265100123106,0.6699835755719152,0.6335770920240987,0.6162673272439996,0.5857789609465408,0.7471298555221314,0.49146112783021545,0.5388173713852192,0.6911639624279,0.6602704414651104,0.06748684553949907,0.48653797554823636,0.5238373247576177,0.09289095120442492
0.0,0.0,0.0,0.0,0.0,0.0,0.0,0.0,0.0,0.0,0.0,0.0,0.0,0.0,0.0,0.0,0.0,0.0,0.0,0.0,0.0,0.0,0.0,0.0,0.0,0.0,0.0,0.17931830094784107,0.0,0.0,0.0,0.0,0.09477625828717155,0.0,0.0,0.0,0.0,0.0,0.19149579127119465,0.05981505014353015,0.0,0.11219284523307653,0.061118018314679806,0.15848617442483046,0.0,0.0,0.0,0.0,0.426522632677209,0.0,0.0,0.0,0.0,0.0,0.0,0.0,0.0,0.0,0.0,0.0,0.0842921308335005,0.0,0.0,0.0,0.0,0.0,0.0,0.0,0.0,0.0,0.0,0.0,0.13482468136396492,0.0,0.024997340933079655,0.21062503766777163
0.41255129012076597,0.3288831317561818,0.4099082799178526,0.0,0.0,0.4593143336392113,0.6332883813789797,0.2504390868395801,0.5280528078634666,0.25651443199894286,0.4731163005205681,0.15097294164005087,0.5168070036126311,0.20589042290062357,0.36797468422396784,0.35110286030672655,0.19986058345391866,0.3091736512925526,0.3671837396388074,0.373117739377199,0.4839882625903135,0.40852066784217744,0.3405234986045072,0.033273026572488276,0.337140364635954,0.334399373241155,0.508355053098826,0.4040253950063225,0.4701107281596896,0.2919050724629269,0.2939867008232349,0.3527126031173571,0.28515586170370694,0.32177039674212904,0.3167678101919087,0.0,0.08825190316233342,0.2113887745938688,0.15462566597815833,0.26104735442425286,0.26251603912174504,0.0,0.0,0.0,0.13327298262164536,0.3985059026687877,0.3887695031103796,0.45654423930613713,0.0,0.42449802654548163,0.36499827787823474,0.49958216724297594,0.24921842090593968,0.45974820061978866,0.25233770633443675,0.4332535614990005,0.12541600090746463,0.10588491322875371,0.18972149926359827,0.3458022985388899,0.26190826534278655,0.25884388862028207,0.2958038142111358,0.39330893359554425,0.43240348684943997,0.4447458167189706,0.36279793933297244,0.31384455579294873,0.03850296650633746,0.3167977373713019,0.29464028212432947,0.44808705078179756,0.0,0.37629224768017366,0.15813360658551068,0.11366960805669378
0.3422840502513222,0.7798672692882919,0.7396636571066126,0.0,0.4593143336392113,0.0,0.6162477953817522,0.7102329156281715,0.7448534443015907,0.5905398878501511,0.4015748108103638,0.5341738507230946,0.7020780258948046,0.3250843398003803,0.3678062969331583,0.41284753852320466,0.7083596631258117,0.6496115393707329,0.46836541492242767,0.30369102909659323,0.5339188015757818,0.2592179100065487,0.8703910906941938,0.484266868520133,0.6687822348229616,0.8628563731687124,0.6150086234415009,0.2849370195561598,0.38374368979702367,0.2321525756323089,0.4163488757319752,0.5570868828945518,0.28761024931962853,0.32481032829031947,0.434691071997287,0.07184258171351358,0.19189486931869848,0.28871731003216905,0.28341753480212367,0.3569834354718821,0.40159026216583027,0.0,0.018750133639387545,0.0,0.32727638762698147,0.2426184891587213,0.6851964817915084,0.7445800933047679,0.0,0.24359127632195743,0.8599379673035789,0.49503366166907037,0.7279821560376716,0.7149551519501802,0.6311513372986934,0.4283857216580879,0.6216641118828486,0.3902390963472162,0.3229494766270742,0.344179779293705,0.08599426114540853,0.6386156896236995,0.43918535189051394,0.5543072244145245,0.42148268447568066,0.5405730535531077,0.33248191242255093,0.7570787261618507,0.4745389362500002,0.566536397331629,0.7156296218488676,0.5091879158030542,0.0,0.2814321220382885,0.2729917129485054,0.0
0.3110881251257869,0.441247244859259,0.3653893276531618,0.0,0.6332883813789797,0.6162477953817522,0.0,0.33160479183027275,0.5275517642985444,0.47106782566271493,0.2624994084035271,0.19295376802640923,0.7259374459158782,0.3311116972972399,0.42624571273718015,0.4361917109610962,0.385954622237793,0.4314550141661131,0.09200312917998163,0.4320380367963552,0.5046534768646019,0.33925429256600864,0.4316659773772574,0.0,0.3697669799138455,0.4607783958150573,0.5242246539363777,0.45668283921878966,0.5426957307910283,0.3234484119092557,0.4463686465899732,0.27358923621298487,0.2508865174236435,0.5123063126392053,0.37850503638927424,0.08021891945473296,0.2905123018722118,0.22461911280131894,0.059693405099133595,0.25581687556010313,0.32541224910932914,0.0,0.0,0.0,0.23768886201217784,0.262503771778084,0.4043398891202965,0.4859345876629547,0.0,0.32888321343546634,0.4730604826321255,0.5394987957394666,0.357975224957397,0.5873808297789261,0.3784150485165134,0.2424061048429148,0.15806406430152348,0.272414763738294,0.32863670795614247,0.4084491869655207,0.17700084116495834,0.39564076767561507,0.3911163334823951,0.17814775434148264,0.42289365156462855,0.4538949865280224,0.3296956154764564,0.38451245429014336,0.004095135751234505,0.3433232689711172,0.3761993034988721,0.4041417317041602,0.0,0.321743690556989,0.09623155687953004,0.09131690105573594
0.1408498843178402,0.5487623490764826,0.5408546473556769,0.0,0.2504390868395801,0.7102329156281715,0.33160479183027275,0.0,0.4822290064041709,0.3080650737324716,0.31944784366351386,0.5843965712353231,0.2992022639739261,0.16054492251190616,0.1345578749035567,0.03897041052440453,0.4130563433411095,0.21383352057003666,0.24137333163422844,0.02765879242679703,0.40003722651098356,0.0,0.8384473147050888,0.4735863580154873,0.2794987408717632,0.6405243742674639,0.23272866514349588,0.030568650643391482,0.0,0.12447036315497459,0.13554243334265603,0.3745968379618594,0.16339762853859557,0.2713062591549525,0.3261036798920661,0.13361325251065506,0.05871227808132979,0.23327301853545274,0.08768167293803858,0.3065756252216829,0.21002866927295577,0.0,0.18142742692195563,0.0,0.28065848259254933,0.06645829414625792,0.3634999187628439,0.5090247516118538,0.0,0.19232682843338716,0.5936452660223419,0.3433131117568103,0.7963875468582952,0.43860741005510917,0.41655639254590704,0.29093170950667635,0.6107704956862201,0.2195342113264261,0.32974918756014293,0.12269223341666263,0.0,0.34381846427932367,0.0871442825013099,0.29396264395974026,0.08975804671111207,0.37539204835320206,0.0,0.7493068794782557,0.43986314660583703,0.19246878372890408,0.47439862408525485,0.15483522506503739,0.0,0.0,0.07785580996342656,0.0
0.5917927112508558,0.46690660195672273,0.85788702203175,0.0,0.5280528078634666,0.7448534443015907,0.5275517642985444,0.4822290064041709,0.0,0.7083148783017192,0.5850347217755649,0.4158521003782639,0.6279065849632747,0.3086208461676788,0.6369895098470253,0.5552771785470674,0.6476713461347995,0.6507727319372985,0.46628019033838064,0.5217613008013429,0.5850419535449987,0.48190558737722683,0.7028623448342337,0.36277024778967687,0.664283803188509,0.7109885510710046,0.7598367333219562,0.4111434450329608,0.498738124211774,0.4508081422737743,0.5997522903677506,0.5566729480451316,0.2667817885278194,0.39620924434638305,0.3967440465965025,0.0,0.3162075368273494,0.33426609718743683,0.26353873058085375,0.3124434613187218,0.3980385460986441,0.0,0.0,0.0,0.3150917308773201,0.5531079854687859,0.6438853659063977,0.8496637319016059,0.0,0.3169279297167081,0.8333522192033689,0.5861534528646763,0.591307762557204,0.9257370484580026,0.7238235888373266,0.46127491478213667,0.5311188056480569,0.2884334232051932,0.34313661904653536,0.6580436651141677,0.3267169601949731,0.7109887808623174,0.5113255392803989,0.5558339329728441,0.7029624877621347,0.5985720446242446,0.5770797132603794,0.6620200811690873,0.37805731518916297,0.575733171452916,0.708227923482056,0.7273592526684624,0.04734812043949593,0.5233255139648888,0.4398343242206569,0.04871330814697096
0.5871875734830253,0.2791496443073389,0.6606814928369928,0.0,0.25651443199894286,0.5905398878501511,0.47106782566271493,0.3080650737324716,0.7083148783017192,0.0,0.24352696549259126,0.281479434653668,0.626851725909422,0.5138639342333748,0.6396858067911744,0.6013114238241356,0.5834549123709386,0.56581033887007,0.10490587460396936,0.5519480293433457,0.6099090239450815,0.4369139357779267,0.5877564587464158,0.23157102888372183,0.7061595549817082,0.5887438253709234,0.7627095730073757,0.4337897153768119,0.5947000153091949,0.4917121299294037,0.7481098511285428,0.30704443897502154,0.12712804535025946,0.29110811292729966,0.327910651683721,0.2699325875252137,0.39645124958565525,0.32330634992605845,0.027971590914524044,0.1749048315745663,0.35081944348965904,0.0,0.0,0.0,0.3246853611412679,0.4932641252827439,0.47514300675605087,0.767189056672694,0.0,0.0,0.622402747707125,0.2877245021313558,0.4300110273875244,0.797944631363044,0.8213749243660632,0.16607093645343501,0.3448488865473589,0.08955812313493089,0.10781262985651362,0.6730162106345347,0.384425821066299,0.7202145454622376,0.5137422092439647,0.2221957580608757,0.6391877134147808,0.6126280422631585,0.576635977953499,0.5401727332762112,0.2750734099551839,0.6153400987847654,0.6124507433503518,0.7286428687648693,0.0,0.5404993877459587,0.31029301871128806,0.0
0.35444063545392157,0.2837501534838602,0.5493333820939622,0.0,0.4731163005205681,0.4015748108103638,0.2624994084035271,0.31944784366351386,0.5850347217755649,0.24352696549259126,0.0,0.15824881540392344,0.31430449036310043,0.2769847765478595,0.3527767109196437,0.17726128220237528,0.22797998910515144,0.3076255115026434,0.5269235655806895,0.30005968074754497,0.3392782032909545,0.3800621775862853,0.46289970150783577,0.24667326299662615,0.36360647330492424,0.3879486895825133,0.460419598313461,0.17358432854894962,0.27377573501560354,0.1661261665989734,0.19933807904560122,0.3526003018603327,0.2355032193379036,0.13359983461221392,0.19628850641711165,0.05588347951647546,0.0,0.20297646579062456,0.18941856404707705,0.12593817485311784,0.25762879092576774,0.0,0.0,0.0,0.1123940259000689,0.34933569954698673,0.45884560104498956,0.4785731948747551,0.0,0.31303179967109607,0.47416592211869646,0.2583186293916758,0.3974048848932636,0.4478900799785142,0.2508221033120789,0.6489592546498958,0.27537293761163195,0.11268807851781037,0.33323582621926096,0.3464230745580214,0.19522627374350066,0.22465562949329076,0.25857759999213703,0.5163243226309252,0.3790430150712304,0.3743861592579636,0.37970102455622823,0.49463626335763977,0.2280907015523112,0.37359186088065044,0.4495433952637079,0.45637873635655046,0.0,0.33673487597757024,0.15279755981909193,0.038758326584485414
0.0,0.5858319572905316,0.4708199566346851,0.0,0.15097294164005087,0.5341738507230946,0.19295376802640923,0.5843965712353231,0.4158521003782639,0.281479434653668,0.15824881540392344,0.0,0.0967489443141783,0.0,0.0,0.03469367353352237,0.6226264526792937,0.3991178775711519,0.29624975734438586,0.0,0.1744336498377664,0.0,0.5356685844152121,0.5908691826924316,0.25998354432221077,0.5656715193527002,0.13640425617913754,0.0,0.0,0.04960883129140514,0.040235017754663926,0.3768767894268943,0.039869054025836625,0.07964911301773797,0.01842232545634636,0.07096544626858553,0.13890514779035917,0.3056112110730687,0.10598850918641409,0.16796105557667032,0.0655808066796301,0.0,0.2770353747791462,0.203040172212435,0.18939743986014357,0.0,0.37433626815203436,0.31891492147714173,0.1239399365413239,0.36706272362676123,0.5673253579908026,0.5082742666122192,0.5267287015016426,0.39883235580077026,0.5211131514557773,0.2737340264813271,0.8485151151004703,0.3217281199973116,0.2851535803619245,0.0,0.0,0.3617085804886812,0.21508317345025768,0.33963573503496547,0.027407528203198306,0.08952265374214693,0.0,0.39842480371588224,0.540620554511462,0.11348352920095861,0.40770456702629043,0.07439686978680274,0.0,0.0,0.19669238743142609,0.0
0.49433308779986673,0.4362661994594986,0.551829094712938,0.0,0.5168070036126311,0.7020780258948046,0.7259374459158782,0.2992022639739261,0.6279065849632747,0.626851725909422,0.31430449036310043,0.0967489443141783,0.0,0.383763803237094,0.5645242707406718,0.703151089834955,0.6102019205587762,0.6233776175217391,0.3092495528906047,0.5210712397787688,0.544676524149219,0.4796129657992365,0.5072994218588314,0.04543726965298006,0.6167673667556661,0.6266574724388339,0.6321635833336142,0.6287028427802974,0.6886530765192556,0.40125468310151635,0.639709070588841,0.4083676487513036,0.2643386229278476,0.3649080032939914,0.44432186908732535,0.13158286959735668,0.32333916196878854,0.2044272783742708,0.2079262046550488,0.2587450423701154,0.3930154281511459,0.0,0.0,0.0,0.22201330907622585,0.47541918582167136,0.4800354163055013,0.6747328181709427,0.0,0.12169313227544068,0.6263029467530018,0.40288310734406063,0.36629415209865496,0.7083851039909341,0.5062635150998356,0.272751673244083,0.18459439694938484,0.373372476901989,0.16807754056098725,0.5159207590925364,0.41504933281493,0.6363934104166568,0.4733096708460369,0.3972058244259434,0.5665302214457131,0.6274358305040781,0.5580050343022969,0.4748390744709507,0.08534679456017286,0.582893612385255,0.5850030853001829,0.5522898674253134,0.07223390932199947,0.5568358296688188,0.32935505832431755,0.237088055000539
0.25102362261191863,0.0,0.21933261319279304,0.0,0.20589042290062357,0.3250843398003803,0.3311116972972399,0.16054492251190616,0.3086208461676788,0.5138639342333748,0.2769847765478595,0.0,0.383763803237094,0.0,0.32634734320290365,0.11762392208792533,0.10020659074868367,0.06516444494543495,0.0,0.34279942769275185,0.37829634396213785,0.198136875809043,0.3662946218409973,0.022248412263510806,0.32643810210016017,0.28103252259741685,0.41406879970790644,0.19952331563964498,0.2909283605615205,0.09130978822552539,0.3157186437024966,0.12153148177864018,0.1525122079725312,0.17433661745301965,0.23098220363489397,0.39592263245330017,0.23810933239137005,0.026295819522181615,0.0,0.0034287488325041027,0.3591543245332765,0.0,0.0,0.0,0.1333698070693508,0.23656074566788143,0.20177324435947386,0.35564794638611363,0.0,0.0,0.2824875959389814,0.0,0.37434449845191003,0.3225167746353558,0.25179106489376146,0.08342068718862375,0.0,0.0,0.07378693230589622,0.37120403583058154,0.03443736605483654,0.2920572022123953,0.2754794226446542,0.06900656011147448,0.24908455917295796,0.44060622891194523,0.21721130315671963,0.42080391252462235,0.12481778623360164,0.4047430408156556,0.31256871240519973,0.37472690309765605,0.0,0.2126776302133564,0.0,0.0
0.74558852062384,0.08820125758416059,0.6544802393300533,0.0,0.36797468422396784,0.3678062969331583,0.42624571273718015,0.1345578749035567,0.6369895098470253,0.6396858067911744,0.3527767109196437,0.0,0.5645242707406718,0.32634734320290365,0.0,0.702620861238576,0.3300084955905632,0.45910844479008794,0.20331156106326262,0.6781432763136407,0.6235474115758408,0.6785479547233465,0.4480857885301899,0.0,0.555231911029171,0.41229784487308485,0.6952424781620434,0.5545211063706335,0.7005526528701892,0.568381059041559,0.7494337894964812,0.3636370156653551,0.271105626136921,0.3068767325555457,0.4057939191746787,0.0,0.26235624929185886,0.20132288366074552,0.26910744487047356,0.2280634149188657,0.2973176229358654,0.0,0.0,0.0,0.18108250670396323,0.7552638363612323,0.4193713943835718,0.7184073193789453,0.0,0.04106668666282004,0.4384248417950008,0.253876300964819,0.25124268150455553,0.6176765417604404,0.5405019268347289,0.20680654690746633,0.040321562917721765,0.0,0.25633983184119147,0.8984539285274391,0.5970435048545866,0.5617891376213289,0.4420753482776767,0.28461767569483587,0.7391573488870362,0.7346736497561247,0.7321607981112982,0.46008130196719366,0.06140224895505185,0.5077067821679413,0.49803568756772465,0.6857286276582886,0.03396594058316177,0.7056048694262345,0.44251276760318364,0.31470582633995803
0.7264789696790743,0.3110059368642818,0.5593048796297014,0.0,0.35110286030672655,0.41284753852320466,0.4361917109610962,0.03897041052440453,0.5552771785470674,0.6013114238241356,0.17726128220237528,0.03469367353352237,0.703151089834955,0.11762392208792533,0.702620861238576,0.0,0.5464322535578644,0.7136880925823121,0.30764611555284005,0.630882707440011,0.5059259041414669,0.7464683393863816,0.2920552325209298,0.0,0.6541528043385416,0.4889904844968994,0.6742523314978399,0.6083286818792726,0.748094182441871,0.5543504620613071,0.764398273338067,0.4242188894658848,0.22634956903127174,0.30431042500235095,0.3471507397560103,0.0,0.23535177045745465,0.19865431276893866,0.25707567310156537,0.23264172175686723,0.26848599614710555,0.0,0.0,0.0,0.11335018000914586,0.6803718057122735,0.43578428218357307,0.6266839320285149,0.0,0.09787868658644917,0.4512117544393802,0.3807209649440563,0.08712058956320931,0.6300539782638364,0.6003722681745802,0.17800208447014587,0.040060210788075756,0.2190049076691653,0.15587209388763748,0.6262842646287594,0.6697259400100866,0.6550062831267807,0.5478320916733932,0.3693533880399338,0.7261380776438976,0.548467328101919,0.7671086148919628,0.2658791839444103,0.0,0.5050035143080165,0.4983882966143308,0.6134016383661718,0.13566965756133453,0.6674391207024857,0.4673752436209215,0.3653983754295171
0.3581285122025485,0.6075058747379535,0.6335878938280266,0.0,0.19986058345391866,0.7083596631258117,0.385954622237793,0.4130563433411095,0.6476713461347995,0.5834549123709386,0.22797998910515144,0.6226264526792937,0.6102019205587762,0.10020659074868367,0.3300084955905632,0.5464322535578644,0.0,0.7636593340884318,0.42674460144526305,0.24429604411483272,0.3337688488822499,0.2622744279033423,0.5682395825713746,0.4532554793983006,0.6337033892743743,0.7757148323621148,0.43905721080683435,0.3294311337157268,0.2711960828753008,0.3064563861400206,0.4623157063478025,0.5106217639861792,0.18275506621563384,0.18819025670503584,0.18306498261195067,0.0,0.286435275556689,0.30735198613442555,0.313236041432043,0.3015506596809899,0.26724762735488594,0.0,0.0,0.0,0.212956425367562,0.27359154430605426,0.5228132174531844,0.5901948831601515,0.0,0.1800143541235361,0.7661917868642487,0.48449319717929584,0.47309435174555114,0.6561228464820107,0.7158799911645054,0.28773833479604866,0.6787778110086137,0.433851318019334,0.21613589689082532,0.31752717960198396,0.22156071311467068,0.7581868053629622,0.44445442801194024,0.4760315510560309,0.4110856289089797,0.34687266371596204,0.39115750388836035,0.4507314171915088,0.4607493320007358,0.4934883502054029,0.7204850468265999,0.3823866179471752,0.12654706711958696,0.27228151787677873,0.4754449186815489,0.04223449607745153
0.4419527614929322,0.6393755865871902,0.683141449587643,0.0,0.3091736512925526,0.6496115393707329,0.4314550141661131,0.21383352057003666,0.6507727319372985,0.56581033887007,0.3076255115026434,0.3991178775711519,0.6233776175217391,0.06516444494543495,0.45910844479008794,0.7136880925823121,0.7636593340884318,0.0,0.4781427970253044,0.35262487191825814,0.34046504710626135,0.44883302323385044,0.4596446731312569,0.3564767274499797,0.7333097343916805,0.7067804681640357,0.5644220623416668,0.3671068786123928,0.4476317052645386,0.33927392284151303,0.47152793044167984,0.6108782554707868,0.26533761353198465,0.17456714123494327,0.3472785194222974,0.0,0.31759527023218587,0.17109782882053495,0.4574886783828997,0.32022711488121725,0.3561981579849881,0.0,0.0,0.0,0.10768242180552315,0.39227863040499106,0.5574991833932261,0.6205012835537688,0.0,0.25673973087885854,0.7396319127071367,0.48421548276309934,0.26761261385385426,0.7039251722752019,0.620700333538523,0.2816699641600662,0.49219788836200906,0.3448679435567814,0.26645784036392156,0.44788913961297566,0.49168536394731627,0.7091910058131425,0.6736032140244282,0.5227444999989009,0.5891877060607256,0.3547570562622538,0.5879413906316693,0.370955969261341,0.29288356872853366,0.5373048573516781,0.6800686671527586,0.5331662945973953,0.10758436558953371,0.46232189750482305,0.5482284219138065,0.2348793574596203
0.35573604775599965,0.43911041707010734,0.6168016394341651,0.0,0.3671837396388074,0.46836541492242767,0.09200312917998163,0.24137333163422844,0.46628019033838064,0.10490587460396936,0.5269235655806895,0.29624975734438586,0.3092495528906047,0.0,0.20331156106326262,0.30764611555284005,0.42674460144526305,0.4781427970253044,0.0,0.15969928027445618,0.1849853029463378,0.3845152061162581,0.3881471093060578,0.4241808785060742,0.41659236996130083,0.4463942388304338,0.3508193043251703,0.12782297575340798,0.22916489327480616,0.10445119969448957,0.22087052595946433,0.536424595030453,0.19834362473284342,0.0,0.10466337628033294,0.0,0.0,0.2670949326455131,0.43628569235397024,0.2497402072642943,0.14641473324718235,0.07948613489061448,0.09499657612175375,0.10493955477509724,0.09807531545525884,0.3311264699563685,0.5007748215982051,0.44127105980951076,0.0956402194245985,0.23184165516577832,0.5005936371635913,0.3460529141834423,0.26469708830497846,0.33913814325873076,0.3202177256901169,0.5818567853592786,0.42074801721002164,0.3277073474004054,0.14831377095637432,0.08690004694354392,0.2642584188051323,0.3695167662087771,0.2955514090884678,0.938230202147062,0.2964103825436843,0.20177384994792408,0.38179403422195646,0.30237614632283516,0.3982856761127202,0.35919819219582133,0.4938562577040766,0.2889536846085169,0.0920737195964425,0.2658833226797964,0.3272295406052148,0.1366158221486851
0.6751503061848405,0.06303606920724075,0.44154632652266523,0.0,0.373117739377199,0.30369102909659323,0.4320380367963552,0.02765879242679703,0.5217613008013429,0.5519480293433457,0.30005968074754497,0.0,0.5210712397787688,0.34279942769275185,0.6781432763136407,0.630882707440011,0.24429604411483272,0.35262487191825814,0.15969928027445618,0.0,0.5458210218017827,0.8567838243131162,0.2792468315107917,0.0,0.40086672431543696,0.21564731905704004,0.699141525246964,0.5176594452863121,0.745324489892029,0.5632526065552133,0.758697748153258,0.20457745443258035,0.23388105232758605,0.3979351672006593,0.28776458686592904,0.0,0.22965497062398577,0.13160423719700887,0.0,0.059920792716188775,0.16858430342091058,0.0,0.0,0.0,0.1567357384167366,0.5547712423222699,0.3149624799994003,0.5639720526833394,0.0,0.0,0.2540686668399953,0.18239635282636624,0.09988152074333237,0.5257726544903341,0.4096572688720822,0.19755335196107757,0.0,0.0,0.031967816917752634,0.6208820871759435,0.4388087451051038,0.4136489722283976,0.2740523083715594,0.22055791404235134,0.8103835378158203,0.4864621856999285,0.7778700642987356,0.27729759832757084,0.0,0.3199962934421389,0.24355182451855453,0.5933645206341206,0.0,0.5561257499593295,0.223465625316419,0.18158294987816323
0.6688974495106079,0.2950978111399451,0.5722601517154547,0.0,0.4839882625903135,0.5339188015757818,0.5046534768646019,0.40003722651098356,0.5850419535449987,0.6099090239450815,0.3392782032909545,0.1744336498377664,0.544676524149219,0.37829634396213785,0.6235474115758408,0.5059259041414669,0.3337688488822499,0.34046504710626135,0.1849853029463378,0.5458210218017827,0.0,0.5276295441153155,0.556364931301544,0.15162790666265816,0.554560824059654,0.49144370705045737,0.6388343248968562,0.32688117103668646,0.6172267008367628,0.500919667091063,0.555733811498919,0.3325105732102044,0.22002805291201388,0.33259396422694004,0.37846435906958326,0.0,0.05772478347568881,0.1452097464774766,0.09591108171375091,0.16976373852822046,0.1883685977116686,0.0,0.0,0.0,0.21718262519858192,0.547549927337762,0.45106770470741714,0.6338650731662115,0.0,0.02406449995819543,0.4036097723787836,0.2660849102232442,0.4164566042890395,0.4975236627797606,0.5379505031107958,0.3172765041983819,0.18695764908309426,0.0,0.1555499720631134,0.5755347878519648,0.3101955905972362,0.42163000316711996,0.2761470034147381,0.2513978995643528,0.5721260468026348,0.7652989574714428,0.500369041063307,0.5553143832904881,0.13472679608525756,0.4393501860211798,0.4221506929282169,0.5628708058917055,0.0,0.497881879440312,0.22604884000423883,0.05752026104592106
0.736743402202063,0.18318633266900242,0.4829475932445581,0.0,0.40852066784217744,0.2592179100065487,0.33925429256600864,0.0,0.48190558737722683,0.4369139357779267,0.3800621775862853,0.0,0.4796129657992365,0.198136875809043,0.6785479547233465,0.7464683393863816,0.2622744279033423,0.44883302323385044,0.3845152061162581,0.8567838243131162,0.5276295441153155,0.0,0.23161709806725606,0.0,0.46929111994502176,0.23400161904338965,0.6610345036681122,0.48614649944283794,0.724102183934632,0.563844156170985,0.7236223953731679,0.3149740571867923,0.24098477988871903,0.335733290787541,0.2667846811168828,0.0,0.0490488141955317,0.13851903577402458,0.11503936815570392,0.07281729420328113,0.09412089441232602,0.0,0.0,0.0,0.1335600061075723,0.6295278071262526,0.3918499766205374,0.5420814391698822,0.0,0.05331378902569556,0.25009768672395166,0.2152393970412762,0.0,0.4565925409789041,0.3923990876367074,0.3151786928404238,0.0,0.0,0.06639616151053042,0.5520167719777236,0.5802037436696147,0.3915309433288591,0.3004309379380492,0.414167938547074,0.7784538967461379,0.4608684017740848,0.8583571345259182,0.22116131005026163,0.0,0.3732706657342674,0.30624565235897294,0.5482992422492152,0.06300420499763448,0.5968852329177745,0.28514601155658137,0.25901022261986517
0.38795772454183397,0.5711534783773262,0.8077072035526713,0.0,0.3405234986045072,0.8703910906941938,0.4316659773772574,0.8384473147050888,0.7028623448342337,0.5877564587464158,0.46289970150783577,0.5356685844152121,0.5072994218588314,0.3662946218409973,0.4480857885301899,0.2920552325209298,0.5682395825713746,0.4596446731312569,0.3881471093060578,0.2792468315107917,0.556364931301544,0.23161709806725606,0.0,0.4962300940691009,0.5523815176473195,0.75113352697706,0.5605665487532592,0.2501128570338901,0.2341596013683416,0.2935604475032046,0.4539298964612582,0.5190302868832506,0.22744183400631882,0.3092339537459863,0.3975959423731741,0.12001597524969723,0.15751303449493706,0.2829283726565582,0.20873262621249739,0.31871730395179304,0.30967693697231546,0.0,0.0,0.0,0.3602661394311699,0.32009315070744226,0.5804299946660418,0.761218819478168,0.0,0.18647322346229842,0.8136163498220725,0.3969248624133375,0.8564041962197999,0.6814511910433724,0.6528260244394429,0.40518269663122486,0.6383683784621292,0.2565019266936087,0.41386153999886377,0.4392306979016083,0.01618019134251139,0.5771016862029983,0.3008157226376357,0.4766621164119362,0.38939352358419504,0.5932753161353541,0.29033150408572367,0.9170114715367296,0.5067219440109825,0.4375053964312829,0.666009240622589,0.49543065035842754,0.0,0.2038646276867174,0.22284758903272256,0.0
0.07310179915043652,0.4402244897714818,0.48946280317858926,0.0,0.033273026572488276,0.484266868520133,0.0,0.4735863580154873,0.36277024778967687,0.23157102888372183,0.24667326299662615,0.5908691826924316,0.04543726965298006,0.022248412263510806,0.0,0.0,0.4532554793983006,0.3564767274499797,0.4241808785060742,0.0,0.15162790666265816,0.0,0.4962300940691009,0.0,0.4619464649519685,0.6086455408084503,0.05698707220750704,0.0,0.0,0.0,0.0,0.4878121849250288,0.1921751081981377,0.0,0.04217802985112082,0.1207549722166468,0.1451034568977321,0.24389080298178936,0.48967073041948933,0.36232995254160966,0.25013439342419436,0.0,0.3853678602623542,0.19324168050881932,0.09916588285582337,0.08329712036686598,0.36510072574605024,0.3268659509368513,0.17457408309005001,0.1811313333787265,0.59094755832596,0.1558904287829202,0.4502041755231431,0.308524148571082,0.32717590359759696,0.2258561765478696,0.7206821011038789,0.2136162930150987,0.20392542422093857,0.05246008190536358,0.0,0.3041828923411276,0.26119181630818505,0.4393272933851692,0.0,0.22503092640013764,0.0,0.42174651532044716,0.8560687519529013,0.34609810452990697,0.5561057520193525,0.1164276030603768,0.1136679264362366,0.0,0.3562082218875976,0.0
0.5911369617441897,0.5363294132621723,0.6626196901678358,0.0,0.337140364635954,0.6687822348229616,0.3697669799138455,0.2794987408717632,0.664283803188509,0.7061595549817082,0.36360647330492424,0.25998354432221077,0.6167673667556661,0.32643810210016017,0.555231911029171,0.6541528043385416,0.6337033892743743,0.7333097343916805,0.41659236996130083,0.40086672431543696,0.554560824059654,0.46929111994502176,0.5523815176473195,0.4619464649519685,0.0,0.7516378735797804,0.6606043308813148,0.3198198069556207,0.5367137363564475,0.37548526524464576,0.49093353345577784,0.43610672983920906,0.2983786895139409,0.08686356396809969,0.305241070385621,0.0,0.24522869332876346,0.2063940673476657,0.37951339445142995,0.3362235366218829,0.4118495087927033,0.0,0.0,0.0,0.11901156934346788,0.5361583755855113,0.6398898014381993,0.766311435583169,0.0,0.0992352168988131,0.6730032105253608,0.23385600011904487,0.3427959781479963,0.6876199999288422,0.6674075121024944,0.36208703673917075,0.3722006261996659,0.1724567450661463,0.13951932090702432,0.5300139056661867,0.5693333110712961,0.6747362897424857,0.6014325988431746,0.4687886804301321,0.6099841410356419,0.602970245409683,0.6532266881363482,0.5134650774511564,0.43644347002521544,0.8384195721504925,0.7799970621644517,0.6769945112402274,0.04165755912229935,0.6341005592384977,0.47528227346018326,0.2198306299679347
0.4398531129287693,0.7374620053334915,0.6696903901802964,0.0,0.334399373241155,0.8628563731687124,0.4607783958150573,0.6405243742674639,0.7109885510710046,0.5887438253709234,0.3879486895825133,0.5656715193527002,0.6266574724388339,0.28103252259741685,0.41229784487308485,0.4889904844968994,0.7757148323621148,0.7067804681640357,0.4463942388304338,0.21564731905704004,0.49144370705045737,0.23400161904338965,0.75113352697706,0.6086455408084503,0.7516378735797804,0.0,0.4862024993233677,0.25315086811513454,0.27636060271711627,0.2376916524324592,0.3687967829688098,0.542948662587081,0.3638090148694365,0.2591015288128711,0.36731669791255417,0.10347985607754454,0.19281624463619423,0.24405947421253232,0.32888109509549296,0.41840328417782713,0.4284811829674521,0.0,0.014780209870194794,0.0,0.23363720580809522,0.3262866178401671,0.596491474138883,0.6931308263675833,0.0,0.22972382171426742,0.7825510292284368,0.3949987781988899,0.6470271985492759,0.6847705557477681,0.6242784267586058,0.37073584995492237,0.637722880479213,0.3699711315511835,0.3228883672074357,0.3886381256399274,0.11883788406355017,0.6825073706358904,0.49832793967608474,0.538395558139311,0.36891370436358417,0.5317437088966851,0.34500716985675656,0.6404048213468547,0.5664653706217685,0.5999872234367156,0.863997175885463,0.40307032843041735,0.0,0.23543611208040569,0.3407892036724509,0.0
0.6377772310501679,0.3418086247711402,0.7140729310400342,0.0,0.508355053098826,0.6150086234415009,0.5242246539363777,0.23272866514349588,0.7598367333219562,0.7627095730073757,0.460419598313461,0.13640425617913754,0.6321635833336142,0.41406879970790644,0.6952424781620434,0.6742523314978399,0.43905721080683435,0.5644220623416668,0.3508193043251703,0.699141525246964,0.6388343248968562,0.6610345036681122,0.5605665487532592,0.05698707220750704,0.6606043308813148,0.4862024993233677,0.0,0.43210677211978976,0.8263419483602147,0.45827553538624355,0.7380836678853242,0.39271674200433826,0.2298630185683166,0.3434524466979714,0.382214280436558,0.0,0.18721720091376373,0.34358779844426046,0.1706622074298257,0.19475665594862412,0.41681080170960205,0.0,0.0,0.0,0.21083476368809956,0.574598239581563,0.6758658512465359,0.7739853629512242,0.0,0.14793318527936145,0.6104408917515975,0.41100070476566886,0.38279631315465273,0.7305267907825331,0.6861703933092437,0.3862951664647337,0.2050744455647118,0.12675335956911266,0.21489969779603932,0.7078511657457651,0.5387204628135798,0.6065407082249741,0.5288622066085398,0.43827051198913464,0.7817591904814216,0.6540030916028245,0.6915286999643167,0.5860272251688756,0.08612634503603661,0.6249278467783534,0.521945466102617,0.9041305599635564,0.0,0.7059016875752546,0.31657532217047846,0.19807353976544415
0.4970670463726041,0.05866294967521879,0.4021582156711651,0.17931830094784107,0.4040253950063225,0.2849370195561598,0.45668283921878966,0.030568650643391482,0.4111434450329608,0.4337897153768119,0.17358432854894962,0.0,0.6287028427802974,0.19952331563964498,0.5545211063706335,0.6083286818792726,0.3294311337157268,0.3671068786123928,0.12782297575340798,0.5176594452863121,0.32688117103668646,0.48614649944283794,0.2501128570338901,0.0,0.3198198069556207,0.25315086811513454,0.43210677211978976,0.0,0.5288062528648716,0.5081075989059672,0.6332893601224483,0.29255558756616895,0.15585111400182733,0.32888920999726856,0.3098580410301869,0.0,0.35385847177550694,0.24250560386618794,0.1474908618601547,0.13032046885253074,0.1343723113586904,0.0,0.0,0.0,0.1271056865551175,0.525288140430314,0.18609424523398366,0.4716459670567319,0.0,0.10408781332367723,0.3113175789244968,0.2645417281366105,0.089986811721497,0.511101898096628,0.2935620015229218,0.1461255331207784,0.0,0.13973261156790195,0.13011672933113275,0.5047282286676142,0.38124766173160535,0.4286548986738896,0.27280264197187,0.18963454365911087,0.4713947907906338,0.4545089002217061,0.4907825057445695,0.2362902106825815,0.0,0.25859593123976754,0.2961060126785915,0.35581838626667106,0.18075078669006694,0.4582831831527044,0.34837742752647094,0.2576110798778106
0.6598178200006468,0.19235187911277574,0.4280038455810766,0.0,0.4701107281596896,0.38374368979702367,0.5426957307910283,0.0,0.498738124211774,0.5947000153091949,0.27377573501560354,0.0,0.6886530765192556,0.2909283605615205,0.7005526528701892,0.748094182441871,0.2711960828753008,0.4476317052645386,0.22916489327480616,0.745324489892029,0.6172267008367628,0.724102183934632,0.2341596013683416,0.0,0.5367137363564475,0.27636060271711627,0.8263419483602147,0.5288062528648716,0.0,0.5230637436780864,0.7422464515785254,0.180326817643161,0.19494923695074914,0.3368782677487241,0.30785435554758933,0.0,0.10193847383227053,0.17218533452214993,0.06471405279002516,0.13473674989725556,0.26659999671594947,0.0,0.0,0.0,0.1060235377482058,0.6051861028740634,0.4938408178848266,0.5402298850523681,0.0,0.041385728298902,0.28569272395596346,0.2946448786317455,0.021838316725386775,0.5149053942332313,0.4619470095588359,0.22899837098074352,0.0,0.06957216729576132,0.06494032227556817,0.6466232514545229,0.6359167731652899,0.4622500202134422,0.4505931255104108,0.2927773826569713,0.7346976125278595,0.6265212905540756,0.7054484145333414,0.23857871353518745,0.0,0.5364799897373909,0.3294431770835309,0.7218862929099856,0.0,0.7873486202494394,0.26578191849423094,0.3392769372349678
0.5624545872621555,0.11932387291087761,0.4200875287433425,0.0,0.2919050724629269,0.2321525756323089,0.3234484119092557,0.12447036315497459,0.4508081422737743,0.4917121299294037,0.1661261665989734,0.04960883129140514,0.40125468310151635,0.09130978822552539,0.568381059041559,0.5543504620613071,0.3064563861400206,0.33927392284151303,0.10445119969448957,0.5632526065552133,0.500919667091063,0.563844156170985,0.2935604475032046,0.0,0.37548526524464576,0.2376916524324592,0.45827553538624355,0.5081075989059672,0.5230637436780864,0.0,0.6200777527549376,0.16432655015492634,0.11032849690253439,0.4043332919596006,0.2115342701006644,0.0,0.13109238810116397,0.13863695785599323,0.0,0.06911105487984424,0.026243717998251703,0.0,0.0,0.0,0.1962283141222636,0.5328682394217614,0.34506703078814843,0.5021120808543452,0.0,0.0,0.22457638368513155,0.26786839850300365,0.16866610712676217,0.4722265985070204,0.47601909800595565,0.10429089156322444,0.016328302036839465,0.0,0.08483350421086557,0.529699798464506,0.33796780821913563,0.3700168957954262,0.20197688404328376,0.1579095176497547,0.528484179588729,0.48540108072612015,0.5211185511949504,0.26747965485670466,0.0,0.2775933241153217,0.29049497890004133,0.4490957648603713,0.0,0.4983714776321146,0.3031381095757857,0.09563566814697305
0.7181486919871749,0.08304380815710347,0.6344568947296109,0.0,0.2939867008232349,0.4163488757319752,0.4463686465899732,0.13554243334265603,0.5997522903677506,0.7481098511285428,0.19933807904560122,0.040235017754663926,0.639709070588841,0.3157186437024966,0.7494337894964812,0.764398273338067,0.4623157063478025,0.47152793044167984,0.22087052595946433,0.758697748153258,0.555733811498919,0.7236223953731679,0.4539298964612582,0.0,0.49093353345577784,0.3687967829688098,0.7380836678853242,0.6332893601224483,0.7422464515785254,0.6200777527549376,0.0,0.33352416870135865,0.1349870282197975,0.4294734888608072,0.32963235392686907,0.0,0.23529802551151643,0.2417285031546443,0.06269526084707837,0.14851694496038173,0.15033037366462842,0.0,0.0,0.0,0.2801782715755425,0.6822835584929547,0.43663700725032417,0.708092311488182,0.0,0.0,0.4466242289432844,0.3504436926537114,0.26668794612336116,0.6846282615685881,0.6870824262452524,0.1357877240654502,0.05513763151368044,0.2179637242396925,0.1542989469177792,0.69750173395745,0.4962201517515545,0.6560529118868985,0.4058799266192614,0.3166026622588512,0.740343840590594,0.5989116995773694,0.7147203329036762,0.42003900106083514,0.0,0.4501568395664296,0.45014002635644146,0.6565581010454926,0.11288625635717489,0.6218520177094413,0.32146006590028736,0.2295222363032069
