0.0,0.05690267814166128,0.3997844186871902,0.021855206581087833,0.0,0.0,0.0,0.036398081132414606,0.0,0.25404818115123884,0.0,0.0,0.0,0.0,0.266768016913187,0.6852170239959934,0.29010285057140667,0.36405848991690665,0.10462009997842067,0.24955206910104133,0.35550239347130264,0.4387158578768142,0.22518638570201124,0.2709757841637225,0.44986657660073315,0.2924719830224351,0.2088035351449246,0.2940477034685933,0.5074165852706876,0.28656524279350437,0.4787714837371197,0.08102169202709472,0.2184091121257196,0.18282026390964512,0.07112272492070046,0.0,0.04813822956288575,0.07349818470833225,0.10261555396517147,0.2420353782618,0.20359428482183367,0.1373408902694589,0.0,0.07155596487720409,0.04575435969852387,0.7457669423528621,0.1892969151879595,0.2465646444175897,0.17100111549921465,0.0,0.0,0.0,0.022261241265362663,0.0,0.2471010553372324,0.0,0.0,0.0,0.0,0.20692934952970554,0.5885774396664399,0.0,0.4462257203226584,0.274028168467683,0.29787844864290614,0.4618231830500033,0.35532793553583186,0.13058832320332392,0.1665017584082966,0.34826812112704447,0.35185826829781097,0.0,0.25214440865481125,0.35387318673864787,0.3079577218451668,0.4901101307824016
0.05690267814166128,0.0,0.0,0.41269165016766923,0.0,0.5211402810373775,0.3361569470318203,0.24868780086373393,0.0,0.16010302370705687,0.0,0.17170647702687494,0.520744001458661,0.06769121323903213,0.0,0.12941709281661412,0.19688444045448822,0.44578017123940944,0.1138188245890405,0.0,0.0,0.08756817377448978,0.07487467170201095,0.06380470779919062,0.5188154852966023,0.45901481631127705,0.0,0.22754499508536374,0.38563659128933275,0.0,0.0,0.2839231288924566,0.13974940693670335,0.04293107347515375,0.0,0.13062622622883266,0.2908373609872158,0.13157982158258524,0.13760746607327587,0.1622154370115872,0.18365696182783192,0.12568919318179383,0.2497514127741925,0.1482377565620263,0.08526258445521313,0.0,0.3542804724716768,0.0,0.268228100068054,0.2013787200520138,0.2362507601669464,0.285733870393923,0.0,0.024847632095911343,0.0,0.0,0.18683819022637815,0.0768308412328379,0.025067593911014777,0.0,0.23108006425391645,0.037200135487336194,0.17391175513989798,0.0,0.0,0.0,0.03419281661470236,0.0,0.0,0.4274517940986349,0.1769649965845012,0.0,0.0727584114330026,0.0,0.0,0.08720254278537314
0.3997844186871902,0.0,0.0,0.0,0.0,0.24215385957216204,0.0,0.3705813955669798,0.41831268671691396,0.11067182496710096,0.2551799557068681,0.03381020492106418,0.0,0.048651594332475415,0.2775457199526864,0.32739057554467754,0.3518433417420801,0.3546740453851718,0.7549694344312494,0.2754710917874797,0.1671869032250948,0.27584317423872357,0.5391045350328864,0.2660296296994797,0.3341072050005537,0.18959138758062952,0.38736451372254277,0.0999898710229295,0.24328766213069875,0.27077298016284224,0.2270545932378326,0.2756324852874737,0.21139683290411043,0.18373310676805477,0.0,0.07218354937263757,0.0,0.0382445858445432,0.17487207696797075,0.1378396493470101,0.09854138709311207,0.0,0.11444505304562877,0.0,0.0,0.24068918267760098,0.26415421448533605,0.7021812271013032,0.09654667459352212,0.0,0.4475813064354171,0.0,0.3425562221831772,0.21703751247947034,0.0529171108715136,0.30883227799012625,0.0,0.20593857593766338,0.0,0.281340803975141,0.20018888250294295,0.07500763868074181,0.2300244852678682,0.7561782616368118,0.2786119089571457,0.39505854931855117,0.2232271770748801,0.4399510131503095,0.2479746077564724,0.2727454792783951,0.3032690101419005,0.21858006163119004,0.0902284846339545,0.3731235422166551,0.4276812005030254,0.1591229570902774
0.021855206581087833,0.41269165016766923,0.0,0.0,0.0,0.2414306052686817,0.5194151427561353,0.1802263467577578,0.0,0.13435517397244032,0.0,0.18317397735939528,0.44528006514814744,0.1752411664415292,0.0,0.0855297250886386,0.08356424286536097,0.10332189110384782,0.0,0.0,0.10155957555044666,0.005858751004410315,0.036326112909089006,0.008447685691402529,0.1643661236869708,0.13845414493733127,0.0,0.3130312139876425,0.32608461105970765,0.0,0.10686013459336872,0.13458801343053722,0.006449714685745872,0.0,0.036635820781627526,0.3251629959064041,0.4656518036703861,0.055346703089214785,0.1115696717620023,0.07270536067863564,0.05505627980855966,0.17991798061703207,0.27177115732528545,0.2576178250198609,0.15434330283466252,0.0,0.05796777080560618,0.0,0.43890147423441006,0.1520495702348628,0.025848331700515537,0.34749823264474294,0.04634818936393864,0.0,0.17717182045593824,0.0,0.1965508149044022,0.19140029826377436,0.16794342946808327,0.0,0.22005574872203085,0.19742049230630812,0.2679347979095714,0.0,0.008172369137389002,0.12283813251160902,0.0,0.0,0.0,0.19678555610958265,0.0,0.0,0.19686201609001894,0.11166620104157235,0.0,0.19220303356330098
0.0,0.0,0.0,0.0,0.0,0.06128776650790363,0.4039138543826494,0.0,0.6868363525317361,0.26011115275574875,0.5471188269662558,0.06880007580911301,0.12570539479613813,0.14068144635630506,0.04720634618501113,0.0,0.049757997501739676,0.12365581788801416,0.23658212808988016,0.2784953936214739,0.061712521761514066,0.18636904146964647,0.0,0.0,0.04529030895034128,0.0,0.4248641621439794,0.10186647707964175,0.0,0.0,0.0,0.2275305463828018,0.0,0.0,0.0,0.0,0.0,0.0,0.0,0.0,0.0,0.0,0.07045893300838867,0.0,0.0,0.0,0.034946881636217175,0.1804944574303608,0.0,0.6001362596380672,0.07022946593276874,0.13522457310827546,0.06478257442828111,0.692474496051569,0.0,0.5733215545379091,0.0,0.19125260474051298,0.019847269912304455,0.04073012855793273,0.0,0.0,0.0,0.0,0.0,0.0,0.02962241402738769,0.11486773368036826,0.0,0.0,0.0,0.3724190647848908,0.0,0.0,0.0,0.0
0.0,0.5211402810373775,0.24215385957216204,0.2414306052686817,0.06128776650790363,0.0,0.2639567278638195,0.6680018728243368,0.2923447661751159,0.22394356880961452,0.138704915488965,0.4376941627898519,0.5279355105261722,0.3056364726893698,0.01549403655039927,0.0,0.2137652657329941,0.24748130420763068,0.3116293277273837,0.0,0.08379219232501106,0.0,0.5444258757848667,0.46020714008892466,0.4959665527886979,0.35919945099992945,0.2445500940626847,0.0835097813981377,0.28183668363351644,0.0,0.0,0.19971281878808433,0.20743429705957117,0.02447197495666223,0.0,0.184335914252463,0.0,0.1888870810888758,0.12141445756708315,0.10314210993140471,0.0,0.0,0.3260508787827723,0.0753541136659796,0.08522746535546541,0.0,0.5261174429876397,0.20381599273366857,0.16370702396943063,0.19473163905831103,0.7923629349752974,0.04711868035148331,0.5519713868543589,0.2785754490269204,0.0,0.2570897729577045,0.4205876196679585,0.35131193170915165,0.0,0.018971776591187595,0.0,-0.00010030077250650082,0.0,0.17958334544211796,0.0,0.1795363562220845,0.0,0.4986732068157104,0.4337076376863801,0.3163551650940132,0.5029489190388752,0.051311455826813235,0.0,0.15484144893601604,0.0,0.0
0.0,0.3361569470318203,0.0,0.5194151427561353,0.4039138543826494,0.2639567278638195,0.0,0.03969758629099057,0.09096408633683467,0.4242575749290843,0.07069458342738194,0.28779509772833595,0.43161500232375205,0.21480904895605318,0.0,0.11470568791553237,0.3088487916916982,0.3261741302171453,0.051689653516441114,0.0,0.09241783011245891,0.0,0.0,0.0,0.3297911718799043,0.1575586537027892,0.028762684443499997,0.26781575011091585,0.31796442276627074,0.0,0.0,0.16911955549141464,0.01646616927271427,0.0,0.0,0.15422591219271398,0.1755093294453986,0.0,0.06651581045921133,0.0,0.0,0.0,0.18584046423744727,0.028825073035881013,0.0,0.0,0.13183373869628282,0.0,0.2304956089275405,0.3636514903489531,0.08320882214801156,0.3758437265692248,0.0,0.18626502188816907,0.27147965073629376,0.15190344642887604,0.28507864871456806,0.25661549878479234,0.04389421219621442,0.0,0.0559322065585936,0.1629653115911321,0.1134576426603226,0.0,0.0,-0.003407827050466994,0.0,0.0,0.0,0.11295206724271212,0.0,0.0,0.08047801446807867,0.01656312822758907,0.0,0.007553346381402537
0.036398081132414606,0.24868780086373393,0.3705813955669798,0.1802263467577578,0.0,0.6680018728243368,0.03969758629099057,0.0,0.17117672876567785,0.12391272934724018,0.17833076026587702,0.42625290413256306,0.4154523207286799,0.34623133983147436,0.10814937941083785,0.0,0.08299965653191632,0.04288093382132421,0.3322613108063999,0.0,0.19622639540603495,0.0,0.6782035731400066,0.5182772733362877,0.16900363872072321,0.3143462193553813,0.0,0.10498270641173596,-0.0015547825406746485,0.03978716446166933,0.07510146171273999,0.08311601977866966,0.2758234117435128,0.16479652464910655,0.0,0.2413957831467255,0.0,0.27064642516408355,0.027177798901975955,0.21351481163491437,0.0,0.0,0.32820008510905174,0.10340452091027025,0.26742839724591877,0.0099648041757599,0.16511767496856508,0.2589462741292432,0.18925748725680186,0.0,0.5983761935348952,0.0,0.5986692079273377,0.04813380947593571,0.010394222411585774,0.21781213850636202,0.40202906627098656,0.40206953096558345,0.11088993086386899,0.11582919262398855,0.0,0.0,0.0,0.3419208115395704,0.0,0.2721052531556395,0.0,0.5191743471919266,0.5006284960744194,0.07976549713193822,0.4478805315779432,0.0,0.07543006125752635,0.0468518338614307,0.165033222297659,0.0
0.0,0.0,0.41831268671691396,0.0,0.6868363525317361,0.2923447661751159,0.09096408633683467,0.17117672876567785,0.0,0.29802053001676776,0.5828539639562386,0.1504260514945601,0.12594242688459278,0.04643142516905133,0.15511534427263401,0.0,0.1948398103186833,0.24193985163493348,0.4668714840345785,0.37062935475523473,0.04975100859325893,0.2904827640827071,0.31541564099059816,0.19183353942624634,0.2183578529570074,0.15966789872687304,0.608321289046346,0.0420748180278418,0.03506578136166982,0.0,0.0,0.19017393886445644,0.0,0.0,0.0,0.0,0.0,0.0,0.0,0.0,0.0,0.0,0.0,0.0,0.0,0.0,0.25562222160299725,0.4798077465305779,0.0,0.44914885572143437,0.4245631956604911,-0.018458313542246696,0.27849691653388214,0.782247482155973,0.05051483999900533,0.6636928348450889,0.06746273527752181,0.21893516398860116,0.0,0.10214695170034993,0.0,0.0,0.0,0.21582121364315415,0.18038970799535148,0.03370735382916645,0.20827762447631173,0.3637509854174898,0.20850304925356922,0.03192733446915963,0.14237580835580926,0.4633561479912739,0.0,0.1364830627567378,0.054596122196125335,0.0
0.25404818115123884,0.16010302370705687,0.11067182496710096,0.13435517397244032,0.26011115275574875,0.22394356880961452,0.4242575749290843,0.12391272934724018,0.29802053001676776,0.0,0.07476333685323497,0.3172893739172593,0.22180556433270482,0.0,0.0,0.22684834090988734,0.45494478555255824,0.4371813524180407,0.0,0.0,0.030139121411476788,0.08491311770278226,0.15528122677892678,0.37569798762507917,0.5001263635091026,0.46888017289463985,0.2568262494929554,0.14860919554816737,0.32835724345015393,0.0,0.0,0.0,0.17121782085745021,0.0,0.0,0.020278945981932306,0.0,0.08941541256582669,0.0,0.19463172491672331,0.0,0.0,0.061620485713783396,0.0,0.02723779799802295,0.057963645827994875,0.20316325310731825,0.17090284901192357,0.10870487048400439,0.26145627633642565,0.1841297381795696,0.2022884165148516,0.11075796337040766,0.26580356019726836,0.5075402240336631,0.24413861666369346,0.2631972958343676,0.184540947733689,0.0,0.0,0.03603314191040913,0.31390873352886556,0.1779104296004452,0.0,0.0,0.06467335202474084,0.0,0.13617926914331532,0.2443717468152889,0.23214580102044613,0.3445117817870449,0.0,0.019059223066847042,0.21247702198751378,0.036457711566367595,0.03572869366859702
0.0,0.0,0.2551799557068681,0.0,0.5471188269662558,0.138704915488965,0.07069458342738194,0.17833076026587702,0.5828539639562386,0.07476333685323497,0.0,0.04895548870395003,0.12661086950796993,0.2199895569836308,0.18295038493672006,0.04391381650286255,0.13548429064821077,0.11048340487657339,0.45412678305515775,0.1610107937444072,0.18595944057958383,0.15493493005906486,0.11097204383949294,0.0,0.16086400625364222,0.0,0.34117181007026703,0.29834246116332297,0.0,0.03870027166707518,0.0,0.05346808299645367,0.0,0.0,0.0,0.0752326653211847,0.0,0.0,0.0,0.0,0.0,0.0,0.1708354897485171,0.0,0.0,0.0,0.07747066818549009,0.26848039695421666,0.10825275595773735,0.3249204390211591,0.2004457162743408,0.0693499685240346,0.13974283470389684,0.6923419822842783,0.018426323180405213,0.7907507684946032,0.0,0.33450846900999726,0.09415042050684676,0.0,0.0,0.0,0.0,0.22318275745225757,0.0,0.029618256451443753,0.034749964167827496,0.19888842697657214,0.07664209653034154,0.0,0.0,0.40515392183767934,0.2755093421451579,0.0,0.008547998728818368,0.0
0.0,0.17170647702687494,0.03381020492106418,0.18317397735939528,0.06880007580911301,0.4376941627898519,0.28779509772833595,0.42625290413256306,0.1504260514945601,0.3172893739172593,0.04895548870395003,0.0,0.6224115196119573,0.07963452543852868,0.0,0.0,0.30747354525694337,0.21631866944367675,-0.0018908621353211919,0.0,0.0,0.0,0.14602524878171524,0.4857866294669036,0.0,0.5944354423509576,0.0,0.0,0.0,0.0,0.0,0.015117979272449705,0.18557812763557724,0.017477865996797695,0.0,0.10662690802986664,0.0,0.2667713750969424,0.0,0.22222485805359893,0.09558186592405653,0.0,0.2166627178767308,0.02689991970667016,0.15195323015528905,0.0,0.056448672956305374,0.0,0.021299531876960376,0.06703455262392574,0.25554155834919406,0.04041878106392671,0.1726880590306718,0.06503652269445162,0.14279742281435415,0.14540048843439363,0.716159825758701,0.3253064025024367,0.0,0.0,0.0,0.16535033838192448,0.0,0.0,0.0,0.0,0.0,0.009548865665511441,0.32919638656801714,0.0,0.36830454172800764,0.0,0.0,0.0,0.0,0.0
0.0,0.520744001458661,0.0,0.44528006514814744,0.12570539479613813,0.5279355105261722,0.43161500232375205,0.4154523207286799,0.12594242688459278,0.22180556433270482,0.12661086950796993,0.6224115196119573,0.0,0.18184325790869024,0.0,0.0,0.382936866718505,0.4019406028713617,0.09173242786804495,0.044115885874580596,0.09727617789183102,0.0,0.23133224433913407,0.18175708063408014,0.12489296449745968,0.5382334919090108,0.0,0.4287146516634327,0.0831857936164575,0.0,0.0,0.07616872203135026,0.04976563133832243,0.0,0.0,0.23163660334376399,0.18979453324822285,0.25181444211319237,0.0,0.015176506899257758,0.0632810479278193,0.0,0.2795606941413816,0.039051233583544565,0.1933674909142224,0.0,0.07350387601860331,0.0,0.341795862085317,0.26056301936617876,0.2819075964254664,0.3461195507126711,0.21418002576383113,0.07737099508498424,0.03655845688051451,0.17155403967289,0.43986709075003466,0.5725267944983794,0.16527209672582271,0.0,0.0,0.2005227923300549,0.1585843790569318,0.0,0.029526167938500603,0.06833089805773979,0.03239182352745823,0.1058149167248047,0.06754004054439183,0.061763814849998655,0.17465478881774876,0.0,0.2226552448356495,0.0,0.0,0.0
0.0,0.06769121323903213,0.048651594332475415,0.1752411664415292,0.14068144635630506,0.3056364726893698,0.21480904895605318,0.34623133983147436,0.04643142516905133,0.0,0.2199895569836308,0.07963452543852868,0.18184325790869024,0.0,0.0,0.0,0.0,0.0,0.25881469285781505,0.0,0.0,0.0,0.1146215404356979,0.0,0.0,0.0,0.0,0.013874748761459998,0.0,0.0,0.0,0.0885524840478771,-0.0013120189790560427,0.1102955889600993,0.017809430769882534,0.28425255981013325,0.04811357171132892,0.07688893814222539,0.01655976734931655,0.0,0.0,0.0,0.06135491570202095,0.0,0.0,0.0,0.0,0.009431239931158686,0.07711850021208806,0.0,0.17909332498524513,0.0,0.17156411286483486,0.055392981377399564,0.0,0.1758576015974188,0.14505075322863262,0.13427008796583365,0.4768192723144804,0.07427197161053477,0.0,0.0,0.0,0.15617911469883783,0.0,0.0,0.0,0.10820043795662218,0.005259987911568648,0.0,0.0,0.1079808578081601,0.0,0.0,0.0,0.0
0.266768016913187,0.0,0.2775457199526864,0.0,0.04720634618501113,0.01549403655039927,0.0,0.10814937941083785,0.15511534427263401,0.0,0.18295038493672006,0.0,0.0,0.0,0.0,0.298959763421902,0.0857770188011977,0.18763530845863624,0.335710593665828,0.6025930641902875,0.30541965093972323,0.5930874645910882,0.20700002017657285,0.08978323122068303,0.10277628734867766,0.07841573706372343,0.3152605131449152,0.2526446696240364,0.07074881997568383,0.04936070683759902,0.09203151013256505,0.3915564684920832,0.0,0.22507971973046406,0.0,0.03693047567091824,0.0,0.04494532493770435,0.2510915271504296,0.0,0.21953712775898657,0.0,0.0,0.0,0.010528542209400832,0.10209380586486036,0.07626628601105301,0.26742531406167747,0.17515398063565146,0.0,0.053954991456288015,0.0,0.09442240654905334,0.11030587186154217,0.0,0.20575624906775264,0.0,0.07856012381681618,0.0,0.6258161526612559,0.1325452162236587,0.029963583451601328,0.09996596914105557,0.32468538164488736,0.4063005399588555,0.2982947832971457,0.4075339155918952,0.18792307661526036,0.08684266588724605,0.0,0.0,0.2392653118186731,0.12185708757596775,0.18635666990414673,0.3062089833149113,0.12587127657667146
0.6852170239959934,0.12941709281661412,0.32739057554467754,0.0855297250886386,0.0,0.0,0.11470568791553237,0.0,0.0,0.22684834090988734,0.04391381650286255,0.0,0.0,0.0,0.298959763421902,0.0,0.4404165023425293,0.578437147005376,0.17091139241183856,0.31558405197496553,0.46986407599731805,0.5525445093350305,0.0720666411398706,0.04847583079949577,0.5872154275983054,0.06658445591751033,0.36994026755037135,0.457909529791349,0.6759714467247966,0.20696263112181876,0.4611740078431115,0.1733512976132684,0.09461982862159204,0.04174456860090264,0.0,0.0,0.0,0.0,0.07855376154957261,0.0,0.0,0.033849319151388724,0.0,0.0,0.0,0.47671805034599934,0.2802019274978359,0.30953689879455426,0.24244018260852523,0.09958563697413904,0.04767842392363389,0.045903770997293925,0.0,0.0570262317370078,0.13944743545386096,0.05200212425828596,0.0,0.06874734506193009,0.0,0.2767158224929372,0.6231531099697992,0.1384290146160432,0.489793354380363,0.2340798611707106,0.2098145442778588,0.4924013459215756,0.3636723890016267,0.1334746979719721,0.0,0.3259817989258255,0.06906484481876712,0.026007424926023537,0.35031593054542903,0.4495070186031739,0.2684824939999015,0.3982887749556479
0.29010285057140667,0.19688444045448822,0.3518433417420801,0.08356424286536097,0.049757997501739676,0.2137652657329941,0.3088487916916982,0.08299965653191632,0.1948398103186833,0.45494478555255824,0.13548429064821077,0.30747354525694337,0.382936866718505,0.0,0.0857770188011977,0.4404165023425293,0.0,0.7766349698884174,0.2356997216760624,0.15559917176767166,0.11783808279051283,0.26956747733564146,0.14758558029837798,0.2336623001679133,0.4113428551256618,0.4585778779380988,0.19269497483997883,0.3955493484961404,0.39412248188958887,0.21706294328810238,0.10715128560623177,0.05266229673395609,0.1178129193046728,0.0,0.0,0.0,0.0,0.0,0.0,0.21251802898503408,0.08538205802654827,0.0,0.1687107753434927,0.0104748442036047,0.021696228837576353,0.10113611001130318,0.30023516760081087,0.3255371124947344,0.24517323150263548,0.16502256280109467,0.22252736017407315,0.09985697029281881,0.060760451775763585,0.125785083823151,0.32563986943140366,0.19625084814638347,0.0840571080665451,0.3802524248221032,0.0,0.06377139113924446,0.3608736822360023,0.4443278772319582,0.5022348394235555,0.21108702489637476,0.11963402055543104,0.17383926915013492,0.25466910356338013,0.05369269954657871,0.09643338218902575,0.24738964761206853,0.2938951082285151,0.0,0.302026193940694,0.3099122448176379,0.23532226864058406,0.26268326393751323
0.36405848991690665,0.44578017123940944,0.3546740453851718,0.10332189110384782,0.12365581788801416,0.24748130420763068,0.3261741302171453,0.04288093382132421,0.24193985163493348,0.4371813524180407,0.11048340487657339,0.21631866944367675,0.4019406028713617,0.0,0.18763530845863624,0.578437147005376,0.7766349698884174,0.0,0.24514085883490075,0.24517362318036023,0.11281500527605959,0.4521627731516439,0.12523968775160838,0.12654443474683752,0.5435593623273806,0.5526715785000824,0.27693641470903096,0.4037637556837344,0.5210177798778773,0.1525790236679117,0.16317656034639322,0.19581499391814633,0.15701004781216527,0.0,0.0,0.0,0.0,0.0,0.0,0.09894120488853889,0.09052739078110449,0.0,0.08679530096475488,0.0,0.0,0.0636192921215385,0.3215403380123599,0.29281677577284193,0.3047290199891526,0.30536966388511183,0.1765437166968057,0.19828210701053542,0.0,0.1847848135021419,0.2003433915283393,0.15329104451481604,0.0,0.2246652931361164,0.0,0.11046260988438808,0.4455062721487018,0.33610187339754116,0.5933768324044008,0.14060859047247967,0.16846011793851015,0.16249726309502033,0.33411242604161023,0.007142922861742312,0.0,0.2719535458067798,0.13063581023816206,0.0,0.22062827239279217,0.27883146171628975,0.20410835800364147,0.23104012606860946
0.10462009997842067,0.1138188245890405,0.7549694344312494,0.0,0.23658212808988016,0.3116293277273837,0.051689653516441114,0.3322613108063999,0.4668714840345785,0.0,0.45412678305515775,-0.0018908621353211919,0.09173242786804495,0.25881469285781505,0.335710593665828,0.17091139241183856,0.2356997216760624,0.24514085883490075,0.0,0.30438108748461556,0.16087309057073224,0.24724411707193464,0.34991836181214053,0.15420023894257018,0.2653949978245998,0.06234541829455978,0.2819974479654811,0.18354811458387768,0.11888887408734858,0.07770614236399781,0.05151567617634081,0.4684832286327994,0.1813796305069049,0.20007257252863855,0.0,0.12236921696380934,0.0,0.05251072296515691,0.21995803244067536,0.029806993066672463,0.05678159294972328,0.0,0.2313833068183256,0.0,0.0,0.0,0.22771788603896878,0.5437730441926435,0.14335875398811432,0.09611865162388683,0.33471127409642065,0.0,0.2359681174636648,0.2958013036846492,0.0,0.46252375495494913,0.0,0.23394413106833606,0.07397603627472941,0.23425921237819122,0.022309320534282112,0.0,0.02444258967353241,0.7790939693438628,0.18461741685934102,0.2326254306734442,0.21255301355925513,0.2801295669231942,0.17761622498386642,0.09915442543214781,0.10112226565715574,0.2180632459247309,0.12808328890372653,0.1423524540241186,0.26981940672131655,0.027429319837408206
0.24955206910104133,0.0,0.2754710917874797,0.0,0.2784953936214739,0.0,0.0,0.0,0.37062935475523473,0.0,0.1610107937444072,0.0,0.044115885874580596,0.0,0.6025930641902875,0.31558405197496553,0.15559917176767166,0.24517362318036023,0.30438108748461556,0.0,0.0979489533519583,0.7902007372910188,0.10358611523153866,0.0,0.0,0.07715792149968703,0.4370622466843676,0.32195912963648377,0.2152869725649611,0.2960431996355464,0.19469909701068017,0.21133406507807978,0.0,0.13956593395904915,0.0,0.014559349176088893,0.0,0.0,0.0,0.0,0.04476520727191623,0.0,0.0,0.0,0.0,0.07286542079576686,0.0,0.3499075850763751,0.033348453549032736,0.14834265369872124,0.0,0.0,0.0,0.13866540910999603,0.0,0.1932628972087286,0.0,0.15261840440513894,0.0,0.5306430628067755,0.11277956054080851,0.05063741157426388,0.14425664611878822,0.24998212869974473,0.5945653667070799,0.18394474947296857,0.6145386280335078,0.08494406700860313,0.0,0.0,0.0,0.3184480901079145,0.1389090636780238,0.22721969935613215,0.38273628689512385,0.08972329733626877
0.35550239347130264,0.0,0.1671869032250948,0.10155957555044666,0.061712521761514066,0.08379219232501106,0.09241783011245891,0.19622639540603495,0.04975100859325893,0.030139121411476788,0.18595944057958383,0.0,0.09727617789183102,0.0,0.30541965093972323,0.46986407599731805,0.11783808279051283,0.11281500527605959,0.16087309057073224,0.0979489533519583,0.0,0.1823090522163463,0.3386630987800632,0.18050401347104156,0.3198350836088563,0.0,0.1709449695021253,0.5072233540138165,0.19444270458976265,0.0,0.27781699316820146,0.16645866401341833,0.1217406822025007,0.039535448072014756,0.023350104298406886,-0.000262943832232132,0.0,0.0,0.16445048286052644,0.0,0.0,0.0,0.16043939659325226,0.010219470350319504,0.034267777378804404,0.3550218419079695,0.1830633676716568,0.24439024516608845,0.2505307918191847,0.0,0.19043232985097092,0.04952471909736017,0.365228598346656,0.17995991343448733,0.07169774791995895,0.216153620355219,0.0,0.36522892064390705,0.0,0.15515790256208628,0.226780828127075,0.0,0.1204085693400837,0.20645000270723368,0.0,0.6530435607456783,0.0822052295703759,0.4455296381656027,0.24415341754529837,0.07298846990244878,0.17789909502956905,0.0,0.4463633446377513,0.25161587255443196,0.18822137255623766,0.16566953452931488
0.4387158578768142,0.08756817377448978,0.27584317423872357,0.005858751004410315,0.18636904146964647,0.0,0.0,0.0,0.2904827640827071,0.08491311770278226,0.15493493005906486,0.0,0.0,0.0,0.5930874645910882,0.5525445093350305,0.26956747733564146,0.4521627731516439,0.24724411707193464,0.7902007372910188,0.1823090522163463,0.0,0.03297300285663818,0.04136856164312169,0.19013888078876306,0.1565739453849393,0.4382041132367079,0.3369794647482862,0.41186744791864843,0.2639904002842505,0.20600215648460563,0.28137009862263496,0.0,0.12314904493368224,0.0,0.0,0.0,0.0,0.0,0.0,0.0,0.0,0.0,0.0,0.0,0.2044823848831018,0.07007270467173288,0.33056422267915236,0.17259653659912214,0.16523610198018307,0.0,0.0,0.0,0.1392732465232338,0.0,0.19260448115333736,0.0,0.03877357099241624,0.0,0.49358721417087076,0.2812314758400407,0.1067008877066522,0.2758508175033626,0.20035156085476757,0.5312050369162425,0.23757606546388366,0.6389976661233319,0.0,0.0,0.0,0.0,0.28220724602343195,0.1835018326005355,0.2708634993086828,0.32057491708084385,0.1577614946352191
0.22518638570201124,0.07487467170201095,0.5391045350328864,0.036326112909089006,0.0,0.5444258757848667,0.0,0.6782035731400066,0.31541564099059816,0.15528122677892678,0.11097204383949294,0.14602524878171524,0.23133224433913407,0.1146215404356979,0.20700002017657285,0.0720666411398706,0.14758558029837798,0.12523968775160838,0.34991836181214053,0.10358611523153866,0.3386630987800632,0.03297300285663818,0.0,0.40739375948438783,0.32167640449264645,0.2114309211871418,0.3424252068672103,0.07379483246627719,0.22860615012537128,0.0,0.06857942975698292,0.03261609403457286,0.13680579752764765,0.0,0.0,0.11340621186767258,0.0,0.08188415229500978,0.062409809293200794,0.03520126098651041,0.0,0.0,0.14191131236226023,0.013662976683833108,0.15167878774012858,0.07199875990527199,0.2891609927617681,0.5415498855606047,0.10750300692624272,0.056879229690283806,0.7695253798874504,0.0,0.7893002933990656,0.18546712811822086,0.0,0.1734536248917375,0.06814557848738373,0.4177370944130558,0.0,0.25753759927998987,0.0,0.0,0.04741862815845582,0.3374592182464467,0.12602285918036127,0.5029253882853827,0.029953226650618225,0.8609994683365849,0.4284811938454508,0.2147485652881339,0.4959373695604006,0.21753988678544664,0.05635803963958505,0.5253205069159355,0.27204087333309435,0.0
0.2709757841637225,0.06380470779919062,0.2660296296994797,0.008447685691402529,0.0,0.46020714008892466,0.0,0.5182772733362877,0.19183353942624634,0.37569798762507917,0.0,0.4857866294669036,0.18175708063408014,0.0,0.08978323122068303,0.04847583079949577,0.2336623001679133,0.12654443474683752,0.15420023894257018,0.0,0.18050401347104156,0.04136856164312169,0.40739375948438783,0.0,0.28815842707836464,0.4467450973502112,0.2055825793426478,0.0,0.10325260424253205,0.0,0.0,0.06561680637728648,0.3212414658222651,0.04111387447446099,0.0,0.0,0.0,0.20563554858874522,0.11313866115649593,0.21759068308007276,0.004657262700771492,0.0,0.2190252857738739,0.0,0.2333820721542914,0.20577377040880282,0.3203319460125621,0.24839945781763234,0.0,0.0,0.48686718668179896,0.0,0.5115350373334823,0.13392776325434042,0.07221476762533102,0.18252406561303897,0.3909419149025702,0.23973944722045004,0.0,0.053561939623820914,0.0,0.0,0.0,0.227398209216451,0.0,0.2918780614568578,0.0,0.4213237338351463,0.7476621556139768,0.06500557346730379,0.6949629402800868,0.0,0.0,0.09336389358723514,0.14105032048108415,0.0
0.44986657660073315,0.5188154852966023,0.3341072050005537,0.1643661236869708,0.04529030895034128,0.4959665527886979,0.3297911718799043,0.16900363872072321,0.2183578529570074,0.5001263635091026,0.16086400625364222,0.0,0.12489296449745968,0.0,0.10277628734867766,0.5872154275983054,0.4113428551256618,0.5435593623273806,0.2653949978245998,0.0,0.3198350836088563,0.19013888078876306,0.32167640449264645,0.28815842707836464,0.0,0.3277841458585294,0.36077313143621514,0.3175997556742113,0.7277502287824946,0.0,0.0744615852815671,0.19144018921008032,0.22506627525332643,0.0,0.0,0.0,0.0,0.0,0.14050985909702032,0.14650979310914497,0.032022147974957865,0.0,0.17276216586401666,0.026003277019972168,0.0,0.21290577629617705,0.5912851284414209,0.28798700498199276,0.21993020547145414,0.2867157063736913,0.46611055245237654,0.17148278508169698,0.2221199128542057,0.35971215907127374,0.22210680702335905,0.256828965028203,0.0,0.12159169445938398,0.0,0.054902655593826566,0.3834341312298686,0.06899240483232122,0.26084024324028654,0.2088093752254597,0.0,0.3472453828998332,0.13357206949456335,0.3102266884862978,0.19915238273857325,0.6477443213792826,0.44471204769151285,0.0,0.15407189922524228,0.4117678645778029,0.09783176345286643,0.16383558796910766
0.2924719830224351,0.45901481631127705,0.18959138758062952,0.13845414493733127,0.0,0.35919945099992945,0.1575586537027892,0.3143462193553813,0.15966789872687304,0.46888017289463985,0.0,0.5944354423509576,0.5382334919090108,0.0,0.07841573706372343,0.06658445591751033,0.4585778779380988,0.5526715785000824,0.06234541829455978,0.07715792149968703,0.0,0.1565739453849393,0.2114309211871418,0.4467450973502112,0.3277841458585294,0.0,0.04926115673892267,0.09673014061169366,0.23551174955593757,0.055797368113714885,0.0,0.09105608186356952,0.2821023700639114,0.0941043723204168,0.0,0.0,0.04895196795355948,0.2311917216648162,0.04669139442731615,0.33144614561230457,0.28502760464571797,0.016584728136973904,0.0,0.0,0.11399820271642006,0.0985056112062983,0.16888418274508343,0.0,0.04666885021042924,0.1196723574258255,0.17976593867837506,0.040327492026923595,0.0,0.04939178320596982,0.12054080153529173,0.037393231522201975,0.40785443795691884,0.11876605990866484,0.0,0.0,0.11433214764863411,0.12836924132193217,0.2873565815268155,0.0,0.06850538060222283,0.0,0.1402777995464794,0.0,0.13492516177717612,0.22468323020759315,0.4777227771184505,0.0,0.0,0.0,0.11506372346185018,0.07971525573503821
0.2088035351449246,0.0,0.38736451372254277,0.0,0.4248641621439794,0.2445500940626847,0.028762684443499997,0.0,0.608321289046346,0.2568262494929554,0.34117181007026703,0.0,0.0,0.0,0.3152605131449152,0.36994026755037135,0.19269497483997883,0.27693641470903096,0.2819974479654811,0.4370622466843676,0.1709449695021253,0.4382041132367079,0.3424252068672103,0.2055825793426478,0.36077313143621514,0.04926115673892267,0.0,0.054334756463702616,0.30668275826405283,0.0,0.0,0.16838695343965887,0.0,0.0,0.0,0.0,0.0,0.0,0.037857865213732994,0.0,0.0,0.0,0.0,0.0,0.0,0.053543676971352205,0.37005606376052214,0.5948159111668038,0.0,0.31450341541322047,0.4578041290416978,0.0,0.29156875224908413,0.5721040780678553,0.0,0.44789340561504054,0.0,0.09593861620717731,0.0,0.19155609223358472,0.07612806529354754,0.047641223899891616,0.039463520537999064,0.17823926607745827,0.26973191519168177,0.2343777603917904,0.3106817772999294,0.47495269615738717,0.2457096415913943,0.11932939610218268,0.2031426361313453,0.6398282705857528,0.0,0.42753070601784665,0.18512722479156468,0.0
0.2940477034685933,0.22754499508536374,0.0999898710229295,0.3130312139876425,0.10186647707964175,0.0835097813981377,0.26781575011091585,0.10498270641173596,0.0420748180278418,0.14860919554816737,0.29834246116332297,0.0,0.4287146516634327,0.013874748761459998,0.2526446696240364,0.457909529791349,0.3955493484961404,0.4037637556837344,0.18354811458387768,0.32195912963648377,0.5072233540138165,0.3369794647482862,0.07379483246627719,0.0,0.3175997556742113,0.09673014061169366,0.054334756463702616,0.0,0.3121053346970265,0.3331833385976042,0.44956304159080746,0.04213912077178748,0.0,0.0260690617137162,0.0,0.18120018168852803,0.1397568410608171,0.0,0.0,0.0,0.00813921062828614,0.0,0.27564507708292746,0.10676520365015917,0.10106241817634645,0.2303065090597604,0.06650229159205498,0.1823847765534611,0.5309031339308344,0.20213046767886927,0.038258629694447516,0.23692534669567178,0.07811345382847543,0.06555247939325398,0.17968867109180395,0.2516651834914847,0.0,0.5647503615284725,0.044282641884551985,0.09159232055776573,0.3622120519058122,0.13785360676965827,0.35159215766995927,0.1863290529148377,0.19723783180791726,0.4495079067567094,0.2745448504413226,0.12783305955254826,0.021804291016317007,0.11900327635279916,0.05933394350584792,0.0,0.7747954910587659,0.24394196808076274,0.3299083217641173,0.3443764188498216
0.5074165852706876,0.38563659128933275,0.24328766213069875,0.32608461105970765,0.0,0.28183668363351644,0.31796442276627074,-0.0015547825406746485,0.03506578136166982,0.32835724345015393,0.0,0.0,0.0831857936164575,0.0,0.07074881997568383,0.6759714467247966,0.39412248188958887,0.5210177798778773,0.11888887408734858,0.2152869725649611,0.19444270458976265,0.41186744791864843,0.22860615012537128,0.10325260424253205,0.7277502287824946,0.23551174955593757,0.30668275826405283,0.3121053346970265,0.0,0.06154770081542621,0.18099936749169715,0.11819547982143978,0.12839886966043948,0.0,0.0,-0.0068947046163098935,0.2436373017225763,0.0,0.055145564852079984,0.10542432178112199,0.0,0.06579907314522848,0.015447460169469088,0.20168675500677735,0.027243244302124506,0.2503214434944145,0.3863881743034535,0.21222532626908064,0.3082248316228287,0.2426742564286778,0.26091785390449074,0.21573614159590487,0.06663290543236197,0.0,0.20581561445087337,0.0,0.0,0.0,0.0,0.1712991269735405,0.5032080297911815,0.18875663709390678,0.4469110049566443,0.10693149757937245,0.2302007275920872,0.4025782120676312,0.2879113031500745,0.1666090028630896,0.0,0.5650079525669222,0.2236639226125616,0.028988257000671147,0.15398514622264334,0.585730147942179,0.147801809316482,0.28855701254452826
0.28656524279350437,0.0,0.27077298016284224,0.0,0.0,0.0,0.0,0.03978716446166933,0.0,0.0,0.03870027166707518,0.0,0.0,0.0,0.04936070683759902,0.20696263112181876,0.21706294328810238,0.1525790236679117,0.07770614236399781,0.2960431996355464,0.0,0.2639904002842505,0.0,0.0,0.0,0.055797368113714885,0.0,0.3331833385976042,0.06154770081542621,0.0,0.48010797356874113,0.0,0.0,0.22573654214764696,0.0,0.11305117030848995,0.10218845237502269,0.06474228341950135,0.0,0.18571239984951843,0.17788167014829537,0.05537762932269654,0.03421636526752292,0.13365592395651305,0.04344676927794307,0.28871255306256743,0.0,0.12989870290392894,0.24579132246809166,0.0,0.0,0.0,0.0,0.0,0.14366144704455847,0.0,0.0,0.12667928694176528,0.05316332044157526,0.17555962595100189,0.16834826592933105,0.13060092191000253,0.19521658475048734,0.19939647528585952,0.2969489245904452,0.15595919266209857,0.2554584870608255,0.0,0.0,0.09530370875697367,0.0,0.0,0.38477628801480135,0.09625969454640275,0.4129528686238234,0.27379192154211573
0.4787714837371197,0.0,0.2270545932378326,0.10686013459336872,0.0,0.0,0.0,0.07510146171273999,0.0,0.0,0.0,0.0,0.0,0.0,0.09203151013256505,0.4611740078431115,0.10715128560623177,0.16317656034639322,0.05151567617634081,0.19469909701068017,0.27781699316820146,0.20600215648460563,0.06857942975698292,0.0,0.0744615852815671,0.0,0.0,0.44956304159080746,0.18099936749169715,0.48010797356874113,0.0,0.0,0.06426224995636914,0.30101527596972655,0.0642988352475794,0.025187959619827616,0.13809609256682148,0.0,0.0,0.11001632946276445,0.07447361331327032,0.1614585015392016,0.0,0.12346455128100928,0.0,0.5142409981576114,0.0,0.0715213727801205,0.27188171800403893,0.0,0.0,0.0,0.0466399375196887,0.0,0.19583048839821143,0.0,0.0,0.14288509418514175,0.035655359018190114,0.15484497150590107,0.30910251957262463,0.0,0.32164464640491247,0.2543816038079687,0.1767972291731166,0.39352904218516127,0.19182643195812016,0.030253886347794634,0.0,0.184287019285155,0.06391175708068023,0.0,0.3882797263663833,0.20834317636443822,0.3248843413310655,0.3819097045693292
0.08102169202709472,0.2839231288924566,0.2756324852874737,0.13458801343053722,0.2275305463828018,0.19971281878808433,0.16911955549141464,0.08311601977866966,0.19017393886445644,0.0,0.05346808299645367,0.015117979272449705,0.07616872203135026,0.0885524840478771,0.3915564684920832,0.1733512976132684,0.05266229673395609,0.19581499391814633,0.4684832286327994,0.21133406507807978,0.16645866401341833,0.28137009862263496,0.03261609403457286,0.06561680637728648,0.19144018921008032,0.09105608186356952,0.16838695343965887,0.04213912077178748,0.11819547982143978,0.0,0.0,0.0,0.009214076940731897,0.10301839125045695,0.0,0.0,0.0,0.04284007311091803,0.6512543765839827,0.045882460735098884,0.15299414169172093,-0.001126619989530564,0.14009689623011284,0.0,0.0,0.00918645520543393,0.30366685968974705,0.18920338262385888,0.0,0.0,0.023266163362280712,0.0,0.0,0.20019036125686357,0.0,0.1463084335005329,0.0,0.0,0.0,0.25667593033613484,0.19953950073539042,0.0,0.07941008650995861,0.3753992918004675,0.07851393563372862,0.07139085859689812,0.3054835606304055,0.0,0.04214439529972627,0.0286622927556294,0.0,0.0,0.0,0.0,0.14371452013456376,0.154957052412793
0.2184091121257196,0.13974940693670335,0.21139683290411043,0.006449714685745872,0.0,0.20743429705957117,0.01646616927271427,0.2758234117435128,0.0,0.17121782085745021,0.0,0.18557812763557724,0.04976563133832243,-0.0013120189790560427,0.0,0.09461982862159204,0.1178129193046728,0.15701004781216527,0.1813796305069049,0.0,0.1217406822025007,0.0,0.13680579752764765,0.3212414658222651,0.22506627525332643,0.2821023700639114,0.0,0.0,0.12839886966043948,0.0,0.06426224995636914,0.009214076940731897,0.0,0.4643650368876356,0.0,0.0,0.004121627807890979,0.12100702875318137,-0.01054437382436435,0.5288878893969698,0.09439058032257483,0.003419937220309255,0.018233667979445534,0.0,0.05491666164063236,0.09829945777423926,0.06489453944880574,0.041037152334820276,0.07782300512612314,0.0,0.12581580472150747,0.0,0.15507507717277935,0.0,0.1626654334880952,0.0775214624067897,0.20558185664970735,0.0,0.0,0.0,0.0,0.0,0.0468841613564418,0.2674447114317782,0.0,0.18621985911605965,0.0,0.040155038334220364,0.2287613419941502,0.15767351605375568,0.22665868851516732,0.0,0.0,0.0,0.0,0.0
0.18282026390964512,0.04293107347515375,0.18373310676805477,0.0,0.0,0.02447197495666223,0.0,0.16479652464910655,0.0,0.0,0.0,0.017477865996797695,0.0,0.1102955889600993,0.22507971973046406,0.04174456860090264,0.0,0.0,0.20007257252863855,0.13956593395904915,0.039535448072014756,0.12314904493368224,0.0,0.04111387447446099,0.0,0.0941043723204168,0.0,0.0260690617137162,0.0,0.22573654214764696,0.30101527596972655,0.10301839125045695,0.4643650368876356,0.0,0.1616922644072975,0.06780198557878032,0.03555770681863844,0.14864956558687775,0.0029614650424542033,0.2884484450357721,0.3247022412362852,0.069305156366377,0.0,0.007436660589422522,0.03357357063690132,0.11522844562247817,0.0,0.0,0.029887364906690528,0.0,0.0,0.0,0.0,0.0,0.0,0.06410613867431689,0.11171339018772738,0.0,0.0,0.22807138614406666,0.0,0.0,0.0,0.3059612953446642,0.0,0.0682029860262148,0.0,0.0,0.0,0.0,0.0,0.0,0.0,0.0,0.0,0.0
0.07112272492070046,0.0,0.0,0.036635820781627526,0.0,0.0,0.0,0.0,0.0,0.0,0.0,0.0,0.0,0.017809430769882534,0.0,0.0,0.0,0.0,0.0,0.0,0.023350104298406886,0.0,0.0,0.0,0.0,0.0,0.0,0.0,0.0,0.0,0.0642988352475794,0.0,0.0,0.1616922644072975,0.0,0.035701797596725225,0.10580580475409941,0.1439505475770976,0.10471100730899201,0.027232219737925598,0.20394728513631843,0.35001771306584256,0.0,0.0,0.0,0.11799922494462743,0.0,0.0,0.0,0.0,0.0,0.01335997859118003,0.0,0.0,0.03258218788816412,0.0,0.0,0.0,0.07774868103902688,0.0,0.12321850111966103,0.0,0.04044185498583967,0.0,0.08907127112658643,0.0,0.0,0.0,0.0,0.0,0.0,0.0,0.0,0.0,0.0,0.19058502678983338
0.0,0.13062622622883266,0.07218354937263757,0.3251629959064041,0.0,0.184335914252463,0.15422591219271398,0.2413957831467255,0.0,0.020278945981932306,0.0752326653211847,0.10662690802986664,0.23163660334376399,0.28425255981013325,0.03693047567091824,0.0,0.0,0.0,0.12236921696380934,0.014559349176088893,-0.000262943832232132,0.0,0.11340621186767258,0.0,0.0,0.0,0.0,0.18120018168852803,-0.0068947046163098935,0.11305117030848995,0.025187959619827616,0.0,0.0,0.06780198557878032,0.035701797596725225,0.0,0.18826656436177727,0.09628792385657421,0.0,0.017306006925603454,0.019661435281034978,0.050313025188495675,0.3641469986680528,0.13308958968759727,0.02518118793681172,0.0,0.0,0.09650715069351731,0.32864029873225775,0.020425920219569182,0.07536407466802228,0.1443089288536609,0.13762809265389198,0.0,0.035885020574307105,0.058431986651131834,0.213304674144739,0.2048815344406422,0.3441561872457045,0.06525690199305344,0.0,0.04996766241808885,0.0,0.1483388473974622,0.0,-0.004441755160220495,0.0,0.11558550826087555,0.005535928800846898,0.0,0.0,0.0,0.15009528061723254,0.05592967799760137,0.026924040530898613,0.007716780627736494
