0.0,0.5940628717483456,0.0,0.0,0.0,0.0,0.0,0.0,0.0,0.0,0.0,0.0,0.0,0.0,0.0,0.4374057121321819,0.0,0.16663490140305506,0.0,0.0,0.0,0.071928917922779,0.0,0.12244368521756538,0.54846499169598,0.4032892565903737,0.0,0.0,0.0,0.09858478568875828,0.0,0.0,0.2883552437610094,0.0,0.0867105299483686,0.0,0.0,0.0,0.19017368514899907,0.0,0.08518423949927878,0.09577305911970446,0.4473019156002047,0.31485385533682464,0.0,0.608625889051075,0.0,0.0,0.0,0.0,0.2314298105074322,0.0,0.0,0.0,0.0,0.0,0.0,0.0,0.0,0.07005193693804884,0.0,0.0,0.1448388887502534,0.0,0.42268645708307173,0.0,0.0,0.04976867003358762,0.13090746875686468,0.1684804050657795,0.11493335049644698,0.2831633218722157,0.18217917455714933,0.6513997947508567,0.5908373177710593,0.4633095319068902
0.5940628717483456,0.0,0.0,0.0,0.0,0.021015353994358166,0.1943940707041419,0.0,0.0,0.0,0.0,0.21040923094224645,0.11654975486735464,0.08052314223960175,0.0,0.6155320173485767,0.04864132887272987,0.5437817145976551,0.0,0.0,0.0,0.0,0.0,0.373677538354359,0.6496960137383051,0.63401806816347,0.0,0.0,0.0,0.16863258291843813,0.0,0.0,0.2843013176350576,0.0,0.0,0.0,0.0,0.08320324241381544,0.1677138486483432,0.10670607943262209,0.1949571691636287,0.0,0.42140656089469397,0.33937289456539765,0.0,0.1466186467926443,0.0,0.0,0.0,0.0,0.41278651194117405,0.0,0.0,0.0,0.0,0.0,0.12430802492429552,0.2448532446574002,0.0,0.0,0.0,0.15912559211830316,0.37785023760797914,0.0,0.1632791265093807,0.0,0.0,0.0,0.238919044641014,0.23314358907493746,0.2192719921758891,0.1417160068947264,0.3165368618752077,0.4231233382903936,0.5025699074801673,0.4685042471996108
0.0,0.0,0.0,0.6697958487664469,0.7428455090154351,0.6979637319762835,0.606979598126345,0.7298451672062121,0.85393799227615,0.6948324768312273,0.7238773937540876,0.43038433107573293,0.6459809376172867,0.36323648031421363,0.7180096524798245,0.0,0.6073136000555048,0.26445264922522077,0.717024511789948,0.8074995372476446,0.625938557772804,0.6867528746941447,0.6996714947099321,0.13974220776393853,0.0,0.1632582361773896,0.8683573822422019,0.6295634792524889,0.7787489948161888,0.31646148742457025,0.4800729970239733,0.38941154146914614,0.10516317839844706,0.4783837564268662,0.18468969945913227,0.5772773844632068,0.4265725473655052,0.07688343720847457,0.0914123021937782,0.338405504713291,0.027347758440603512,0.0,0.0,0.0,0.37349703753908303,0.0,0.7188354037414821,0.5529873010579155,0.43315969479196786,0.6688267327760282,0.05230514380249596,0.5811866158317882,0.692348594610802,0.82004310211334,0.5973813143337712,0.5574067930031608,0.3636457097282456,0.41572714568519176,0.20501304145027358,0.5050326805648837,0.6597337796912168,0.49436353042792747,0.16808484494588055,0.7821487342799787,0.23125703235842265,0.5127705251957781,0.7663428999374315,0.4920747280894491,0.0,0.39704977483457904,0.4192082265672803,0.1770511778440481,0.3601491428633334,0.0,0.0,0.0
0.0,0.0,0.6697958487664469,0.0,0.5841116980817295,0.4284868996914529,0.5435103284175248,0.3890964712771384,0.5919654692566803,0.499834691957025,0.40289927410107906,0.3207166650895972,0.5069883215649262,0.2955154216727564,0.41874624100911984,0.0,0.5017569200788737,0.3349750511659114,0.4787895621681501,0.6062931270087035,0.3131263469558735,0.5865204768910676,0.34054346659461904,0.09846215256878565,0.0,0.093068192320031,0.6468614726564904,0.4603575832102402,0.5214283341049317,0.12184686375124876,0.23084085435372906,0.3410202286704042,0.09163356462380057,0.5195195989524115,0.30985226680051914,0.6796435721746847,0.5093806848724433,0.15146012595572161,0.004031054880287238,0.17531102455983608,0.031236835055831233,0.0,0.0,0.0297726273327506,0.42164405792685367,0.0,0.46894388930349196,0.24814994034916638,0.39230683957890844,0.47698764134755856,0.0,0.3515529544447956,0.3386630515311283,0.4983294888300322,0.32061893676564734,0.25205847742548076,0.22225713394810626,0.21250952556262281,0.24169620319924143,0.22181277811487177,0.31301395605480975,0.2993024158948412,0.0,0.4560667350414557,0.1418631480951007,0.21830610285143104,0.5365798045305763,0.10791004660590502,0.0,0.1354307223520941,0.1751038451771545,0.0,0.3182981495588951,0.0,0.0,0.0
0.0,0.0,0.7428455090154351,0.5841116980817295,0.0,0.7348060422615128,0.8376736345077109,0.7056084500010902,0.9122585005703348,0.7438370614982962,0.8001799026718546,0.39210974999278303,0.6685549129734489,0.420131411013916,0.7447597078568986,0.0,0.6335590915496895,0.1536568567684622,0.5578197902723452,0.7439784041943114,0.7463538464435393,0.7033770946405977,0.7657273858028976,0.0754891434336626,0.0,0.24072619069979778,0.8558607286215172,0.6151824348107282,0.8298436947467913,0.36988143335800444,0.23047499879608227,0.3198632111485281,0.03898024282100776,0.5219040475120481,0.38158143583556736,0.49773282460658524,0.2974305311474312,0.0,0.08340872305200524,0.319560304877895,0.0,0.0,0.0,0.0,0.3160637277606558,0.18410867182956744,0.8310325984982754,0.6427277894740212,0.48969947561990346,0.7218296776487645,0.0,0.6913946283908247,0.6402026773637222,0.7904625865190756,0.6193851063687104,0.6852768777697351,0.2821243905272741,0.4262434675075309,0.12098842935060063,0.5745366567791399,0.7154091434566963,0.5602644359448095,0.18219744711951244,0.6544586269408514,0.10130370150919418,0.7119467784790575,0.7826622869129645,0.5191707898156064,0.0,0.5297514885032923,0.5526102690514338,0.11185052817144925,0.33298975224555566,0.0,0.0,0.0
0.0,0.021015353994358166,0.6979637319762835,0.4284868996914529,0.7348060422615128,0.0,0.7841434885912013,0.8309732537606761,0.7552759608845298,0.7641637168812875,0.5761424268871057,0.6293813370261147,0.7134456981081464,0.3317235322180614,0.7381837478884992,0.0,0.854093366983989,0.19175866463845553,0.43081243938514324,0.8016500349802764,0.8041753936984282,0.6435361419286454,0.9171858840934153,0.34787187901626315,0.0,0.4775940767879269,0.8359936608570977,0.4478955185071347,0.8492684594744736,0.444384287552435,0.30007920572422897,0.3218990875299893,0.0724116314917912,0.4477635898898574,0.19617340956934246,0.3787150047462781,0.12171869013297264,0.0,0.199905120796268,0.4484742407600602,0.02631037740502455,0.0,0.0,0.0,0.3523680226987549,0.2208455503720437,0.8469186284236645,0.4906869758535139,0.3357010975503456,0.4677605208628676,0.29906204692446786,0.6129957199535835,0.8110132638750127,0.6483866351076493,0.6104405350693382,0.49911459314689677,0.4909942574071051,0.6406506782267647,0.03432371590517644,0.4879955872686531,0.7579021082301731,0.7341982723281805,0.36924665086872244,0.5801583978011307,0.0,0.7253968728851969,0.6889926850055131,0.6672250362103359,0.10594707419122798,0.5157680150511206,0.7701149486133677,0.14019684864631832,0.3443905252135726,0.0,0.0,0.0
0.0,0.1943940707041419,0.606979598126345,0.5435103284175248,0.8376736345077109,0.7841434885912013,0.0,0.671341463117761,0.7357312998730662,0.6797533692543345,0.6823655113526028,0.5082159563778531,0.7547120104142899,0.442299324552205,0.6326200832417825,0.0,0.6493998586040769,0.24090174829910327,0.5115709955350015,0.6961473170855825,0.6774724521494206,0.6449928233445806,0.7162677910701194,0.1840359157686597,0.0,0.4308163475366753,0.703914577405618,0.4618482300883124,0.7250475313635172,0.44189070546138254,0.011440687348458212,0.18103094873187547,0.0,0.4506539916151474,0.3867678682501211,0.48905568764988194,0.1418892400178659,0.0,0.05309604202685177,0.243147271614836,0.0,0.0,0.0,0.04016075143926187,0.2582864439438851,0.2151102586781769,0.7224744223298698,0.5896577437268544,0.4323156164233894,0.49547466437550736,0.08539078019863017,0.565899131857948,0.5867882997142552,0.660379903463747,0.5134065815382822,0.5943699936217417,0.35015760810336444,0.4889350503652604,0.0,0.42670439353158995,0.6394395086416076,0.613741940617017,0.19374364081762466,0.5740775427839345,0.0,0.5910541918390133,0.6628250756242862,0.4621808755211002,0.0,0.450590624669029,0.5810905114563647,0.03180026160194094,0.35296823621672263,0.0,0.0,0.05407095061959459
0.0,0.0,0.7298451672062121,0.3890964712771384,0.7056084500010902,0.8309732537606761,0.671341463117761,0.0,0.7837542879747499,0.7004554353858841,0.7321527804605803,0.4797061619193487,0.5917765812097979,0.43936832825996774,0.6716945304956471,0.0,0.737490864346745,0.046854772744128,0.41969370477196394,0.7149350748055066,0.8245597846940953,0.49346692329013153,0.8728506572579908,0.24252576482851487,0.0,0.3081790559075074,0.792401904773421,0.49571522859704364,0.7806595881971031,0.47116386650089703,0.35427452017030503,0.2780770681437349,0.11090940324455757,0.46878203317017353,0.18035693880730777,0.42863234041915166,0.17038799437773205,0.0,0.035642095566045945,0.3829753988008797,0.0,0.0,0.0,0.0,0.39579386093104774,0.17114616479554132,0.7869011906522003,0.4901160570561329,0.4976568172335271,0.6190448312055054,0.1224463979252437,0.6399830163173181,0.879267178723936,0.7397634767478435,0.6231686435123386,0.6604912570269148,0.4482938800258597,0.4901639221736252,0.2354570658809078,0.4441116219470207,0.6720690551969378,0.5758759135242485,0.14910706038032667,0.5894178564366972,0.0,0.7197255951377143,0.6759464053447537,0.5597793667746739,0.02558588495179137,0.3767825577358466,0.6055629889931202,0.0,0.18919299273971762,0.0,0.0,0.0
0.0,0.0,0.85393799227615,0.5919654692566803,0.9122585005703348,0.7552759608845298,0.7357312998730662,0.7837542879747499,0.0,0.7439173761846072,0.8247548093383806,0.36270939500584415,0.63800909380983,0.3628980777419709,0.827930194349993,0.0,0.6293587626136056,0.09591852562655295,0.6296004433116643,0.8029209560954074,0.8342386442735285,0.7425079630137525,0.8308905169718133,0.020473478842869736,0.0,0.2301769518393134,0.9180801773998717,0.6024962899559827,0.8494403248656994,0.3433308931930771,0.3225602766008795,0.37562528237154535,0.03581674671484454,0.5492844616320097,0.34341935993451844,0.5244338979962029,0.29962852365632264,0.0,0.07742152204177463,0.30298900623803754,0.0,0.0,0.0,0.0,0.3249906667964333,0.26500879361490665,0.8043699168544253,0.7056441823475896,0.47456598975807546,0.7433494117750203,0.0,0.7111674954358094,0.7087524382340771,0.9142325857926779,0.6426295837030829,0.7443035224339798,0.27533191044690025,0.38841690628536685,0.06527731585629311,0.6896471916707548,0.7066582075056138,0.5564428639141807,0.13355355408440056,0.7586784871549523,0.19601293767919442,0.7666274704767571,0.8719233056454416,0.6126663602737944,0.0,0.49937638626452474,0.5472436910694678,0.19465671907660137,0.2777729833825721,0.0,0.0,0.0
0.0,0.0,0.6948324768312273,0.499834691957025,0.7438370614982962,0.7641637168812875,0.6797533692543345,0.7004554353858841,0.7439173761846072,0.0,0.5998730943542898,0.7015776103846708,0.6601899443674925,0.31440497674024553,0.668125168711635,0.0,0.8358322013957059,0.19363185659185944,0.4513051203399443,0.7238551040817718,0.7327086290705209,0.6275568015509805,0.725015352151946,0.31119312706501423,0.0,0.3413084478479846,0.8172600121594265,0.6204961741782562,0.8035351249866995,0.3911742953553747,0.4289670569194847,0.29906713680972286,0.06867531698636872,0.46566831564367245,0.17003296722885375,0.44836450565341746,0.29133071266861343,0.06991017490809437,0.07845061999558563,0.4171263883329691,0.029207853315846855,0.0,0.0,0.0,0.47204710118807136,0.14945992720655954,0.8355848285422052,0.4663816590721467,0.5379444895955574,0.587927312486009,0.04265698891903694,0.6354396102509063,0.632217376977853,0.6631717074107302,0.8240853178847521,0.5357146100705751,0.581326707731638,0.6311090797792679,0.17829876563608296,0.43989340373660857,0.7803643442656467,0.7251764107961538,0.29108838861707803,0.584242981397086,0.0,0.6419976910500838,0.7019040529986441,0.4305379799694159,0.10775414714047052,0.578554538101631,0.635280014755716,0.0,0.3523657477726383,0.0,0.0,0.0
0.0,0.0,0.7238773937540876,0.40289927410107906,0.8001799026718546,0.5761424268871057,0.6823655113526028,0.7321527804605803,0.8247548093383806,0.5998730943542898,0.0,0.2542524913294628,0.5637558464283,0.51559533365289,0.6521815170854743,0.0,0.4587657222069452,0.0,0.6888047221331646,0.6038962288713545,0.6765387600702165,0.5168524112882814,0.7272798612147948,0.0,0.0,0.18877712358740922,0.7044182239461649,0.5594071309054821,0.6511524400730897,0.389928050458229,0.13574244587134449,0.11303427371985864,0.009853005319338859,0.377313613126807,0.31530084495928445,0.42630300169281,0.15600741278219854,0.0,0.0,0.18864753338844362,0.0,0.0,0.0,0.0,0.21602329993967787,0.256355874567354,0.6993800780637578,0.7799110009596034,0.4869557035220423,0.6420267530709429,0.0,0.572062589418779,0.66372860739055,0.8633235307566928,0.5912181819111748,0.8559329390179031,0.210840701277065,0.28965520968975006,0.14871881344367982,0.5376782287548096,0.5666787325076724,0.4622684716324449,0.012952692366153151,0.7915308960837552,0.12393619530430916,0.6292891654581257,0.7009600144940455,0.49856310115488445,0.0,0.3845151785583083,0.44615494875263495,0.06454546995640897,0.2078204034961298,0.0,0.0,0.0
0.0,0.21040923094224645,0.43038433107573293,0.3207166650895972,0.39210974999278303,0.6293813370261147,0.5082159563778531,0.4797061619193487,0.36270939500584415,0.7015776103846708,0.2542524913294628,0.0,0.6219052474440856,0.31623413460461497,0.3201978139427123,0.13124470763179913,0.797450414469148,0.3972232642326027,0.2286829280403378,0.47248741452790244,0.3810349629200713,0.4408451956098948,0.4556164103833524,0.713007325000303,0.24656984922673586,0.6080728529333331,0.48336707668050083,0.34946939973243457,0.4263137480121064,0.32641575930072875,0.3732070411340126,0.23229541481874655,0.1755625072959368,0.1082159982463397,0.0,0.2308710006750251,0.0,0.17187390290501975,0.3060933449215964,0.4952542428804434,0.42689769827490165,0.06773190377924954,0.04040942574575099,0.0,0.40035565239849547,0.053714192253785306,0.5574171489392477,0.16768521902476854,0.3500194959100704,0.19682241832083314,0.4239515207001239,0.3457775546979707,0.5594349064233974,0.28290822021378376,0.556923349059154,0.16698317361284867,0.8714211636888897,0.7264002067177433,0.20344886583490404,0.07514266611689113,0.4566512138836978,0.7349822081122603,0.4312380656407603,0.2617888752529563,0.0,0.3161752175004707,0.3207218539413317,0.3367453172439329,0.49886176903804413,0.4184106067208816,0.6926688378357434,0.029839667801074,0.5911660578052116,0.0,0.10513391075240476,0.25731548461125653
0.0,0.11654975486735464,0.6459809376172867,0.5069883215649262,0.6685549129734489,0.7134456981081464,0.7547120104142899,0.5917765812097979,0.63800909380983,0.6601899443674925,0.5637558464283,0.6219052474440856,0.0,0.5113572392455557,0.6098475722052283,0.0,0.7140022024034192,0.2790506925665832,0.509578076379996,0.7129901210393472,0.5932132264125385,0.6504968522634309,0.5840818586066006,0.35327455730034235,0.0,0.4142223333442038,0.6419942213998315,0.6862331679566303,0.5791397925447606,0.513324717158098,0.1396573719099339,0.20519279872682783,0.04678428665934495,0.33121756428894317,0.20372908595345812,0.4279964268276505,0.15928831620050532,0.0,0.1338790353809719,0.279145842870987,0.09732307084532162,0.0,0.0,0.10354198132537511,0.32281292766514447,0.1505737304728273,0.578676954523245,0.5346890247038513,0.4826962243469061,0.39307738400924547,0.14403072097951397,0.31630262441351265,0.5709080757921946,0.5766988406462459,0.4510896403115362,0.4196116021167394,0.48311089343200386,0.576474305366556,0.1475895704774007,0.36169320911260816,0.490841400554183,0.6649996504817852,0.17833919403529938,0.5169473168355985,0.07789044395283054,0.4746324933042822,0.5515692142372411,0.43864187803058785,0.03520723703418946,0.2537828042175723,0.5452704252863393,0.0,0.5621870356459209,0.0,0.0,0.1469121263906017
0.0,0.08052314223960175,0.36323648031421363,0.2955154216727564,0.420131411013916,0.3317235322180614,0.442299324552205,0.43936832825996774,0.3628980777419709,0.31440497674024553,0.51559533365289,0.31623413460461497,0.5113572392455557,0.0,0.22470584192966547,0.0,0.415283063129159,0.16076103572166167,0.3400499138221305,0.3355065294499622,0.27685427876331614,0.20142403174790413,0.30521157993482956,0.26312779714852186,0.0,0.21818150551948323,0.2716868130229585,0.4318328221979393,0.23056630192901278,0.48995107437499996,0.04331381761025736,0.014649561717506518,0.0,0.09480733151073611,0.07850821570242397,0.35867654738236765,0.0,0.0,0.0,0.0629603321203656,0.0,0.0,0.06569498578538518,0.15850038206053405,0.16983282656014317,0.04765903072978688,0.26595258583665526,0.28292777446956346,0.26960303103131644,0.1605017221440072,0.10823049672707008,0.07543232855227877,0.3571553986456578,0.31663335309529383,0.21574707965187803,0.2558163527897794,0.22177098602664372,0.2397308328832058,0.269942021523049,0.035228915339605454,0.17482622845551776,0.38773477495883774,0.02794747320721458,0.2931335971154486,0.021371035249154985,0.1917502166772259,0.19806457986716347,0.14350995322788182,0.014609274052662977,0.08185946128465775,0.24749095910502947,0.0,0.39975206395584084,0.0,0.05086555058258981,0.06713990246765056
0.0,0.0,0.7180096524798245,0.41874624100911984,0.7447597078568986,0.7381837478884992,0.6326200832417825,0.6716945304956471,0.827930194349993,0.668125168711635,0.6521815170854743,0.3201978139427123,0.6098475722052283,0.22470584192966547,0.0,0.0,0.47568721012306764,0.0,0.5850793412455444,0.8950693339309514,0.848981727058526,0.8428695051697923,0.8228228807174675,0.0,0.0,0.16326868364053415,0.8601547897230007,0.6268911247402329,0.8933880506941181,0.3986278799972259,0.2266882982748865,0.4159039624741724,0.0,0.5502274702818776,0.416752572202347,0.3763296806736238,0.27822721258435484,0.0,0.16362773701868857,0.32225718455486607,0.0,0.0,0.0,0.0,0.19520159382670665,0.296293794218108,0.6900823588205016,0.6896231180908527,0.3980304744562813,0.48449683999624193,0.0,0.44124777411655314,0.5784204665667761,0.7265850986738247,0.5047893971165933,0.6141987959560362,0.17671831655756393,0.24004375829205196,0.0,0.8023821692538746,0.7216876532809462,0.4173726907685778,0.07501715620438082,0.6768494560049161,0.1654676784995638,0.7894103665477694,0.8726717553663194,0.6463398236716328,0.0,0.4390907546381278,0.523204274400529,0.2456026281836698,0.18362327195031325,0.0,0.0,0.0
0.4374057121321819,0.6155320173485767,0.0,0.0,0.0,0.0,0.0,0.0,0.0,0.0,0.0,0.13124470763179913,0.0,0.0,0.0,0.0,0.0,0.7560247617110013,0.0,0.0,0.0,0.0,0.0,0.4807311433889343,0.8162645090692846,0.4374836934914927,0.0,0.0,0.0,0.0,0.36072937405998395,0.09472407384306697,0.4535118995017531,0.0,0.0,0.0,0.0,0.4440090566727162,0.36869607030304696,0.26289175862682684,0.528525496319933,0.28174954664546425,0.31011974433036027,0.0463021604971986,0.0,0.0,0.0,0.0,0.0,0.0,0.4809029917953355,0.0,0.0,0.0,0.0,0.0,0.1692315859176383,0.10412221878046463,0.007408034596180446,0.0,0.0,0.0,0.5159506045464426,0.0,0.3688215093016345,0.0,0.0,0.0,0.5514889309016655,0.08380073202477928,0.0,0.2703805237810756,0.4139106261666531,0.5324682879911724,0.48214218482673077,0.32853676775466367
0.0,0.04864132887272987,0.6073136000555048,0.5017569200788737,0.6335590915496895,0.854093366983989,0.6493998586040769,0.737490864346745,0.6293587626136056,0.8358322013957059,0.4587657222069452,0.797450414469148,0.7140022024034192,0.415283063129159,0.47568721012306764,0.0,0.0,0.38704958264449196,0.3424287047539073,0.6073536034083403,0.6360931050960603,0.48941557765020866,0.663689334581929,0.5268134167505691,0.023992731865562167,0.5056605068412469,0.6904489417197508,0.49716285382432707,0.6696155750274257,0.3944788753907579,0.5077327999720777,0.28182996939315896,0.19497049317083703,0.3650581872805214,0.050122455386852734,0.40879400208608924,0.19356493046098622,0.13237251255296478,0.17884908795799992,0.43022729456985154,0.1171747928992111,0.0,0.0,0.0,0.45045507736995277,0.08825463453793897,0.7687827289476407,0.27435450090870733,0.416381299854917,0.4734669511465618,0.27559717742509654,0.6155598138035498,0.692845444836613,0.5320054972410145,0.6852276011482697,0.38392279378669864,0.6720049103904107,0.7221702364511142,0.21770598164279867,0.22767165576216764,0.6425207762724593,0.7987501485142372,0.4065417815476743,0.4701675658154426,0.0,0.5295181546221033,0.5342882674397226,0.3790034869358275,0.27337067213221344,0.44491594596482276,0.6850231778385855,0.0,0.46643798846233137,0.0,0.0,0.0
0.16663490140305506,0.5437817145976551,0.26445264922522077,0.3349750511659114,0.1536568567684622,0.19175866463845553,0.24090174829910327,0.046854772744128,0.09591852562655295,0.19363185659185944,0.0,0.3972232642326027,0.2790506925665832,0.16076103572166167,0.0,0.7560247617110013,0.38704958264449196,0.0,0.15493625241629283,0.13177625196962195,0.0,0.26511682556650684,0.0,0.5930542755036554,0.6945463055519824,0.489928122211955,0.12446047117386422,0.15473801043347557,0.07498464054884668,0.17460041999631584,0.4671516847555987,0.22571702960872156,0.3872831534725995,0.0,0.0,0.1956142150302661,0.13991902754464727,0.4176307379573437,0.27041353669221124,0.35748212875498087,0.48138029404126237,0.027301420205437806,0.18574188828564234,0.010822718044929638,0.2307239539574554,0.0,0.16450923761038053,0.0,0.0,0.06496918359516532,0.3488760334866594,0.1560203658966322,0.09033878984915966,0.07896242029403322,0.10409473143145254,0.0,0.3287660529981309,0.3714585123471045,0.14027847314916037,0.0,0.2039201564549451,0.30306758717656385,0.6345804217519688,0.06667945306536718,0.3289498615928879,0.0,0.09174776329653866,0.0,0.4563453854181027,0.2888905161842168,0.19584515511654957,0.10551218170718438,0.6308644821346585,0.11229582796266621,0.2865753833483342,0.2722453410610377
0.0,0.0,0.717024511789948,0.4787895621681501,0.5578197902723452,0.43081243938514324,0.5115709955350015,0.41969370477196394,0.6296004433116643,0.4513051203399443,0.6888047221331646,0.2286829280403378,0.509578076379996,0.3400499138221305,0.5850793412455444,0.0,0.3424287047539073,0.15493625241629283,0.0,0.61657156933317,0.4268836605815491,0.6020060659768661,0.49514713323518533,0.0,0.0,0.14622420251347285,0.5946723006753459,0.560362590314335,0.49499046356905574,0.37156197746187525,0.19610345458437076,0.19831279402898905,0.06658759286260192,0.3778090289933339,0.325223044433407,0.41456497570972617,0.2657861319233653,0.0,0.10532282092196575,0.17518226413048082,0.0,0.0,0.0,0.04988972327326956,0.11947112517747768,0.09121014414929957,0.4479279721906108,0.6359232148840644,0.3473007091724532,0.38447659585913846,0.0,0.19584349980775018,0.3709720856141084,0.6231776348707181,0.3587422666473741,0.4844930147197984,0.11780782051381736,0.10261659907443066,0.08621121829132047,0.43839691035455897,0.38865530981309415,0.2790692595935325,0.007549463812403706,0.8233290438512195,0.25391886297147964,0.32253170398559394,0.5594695698758274,0.3840679104453592,0.0,0.2208267551302841,0.24887448343849913,0.1334223235220044,0.2981742568962257,0.0,0.0,0.01315484350780291
0.0,0.0,0.8074995372476446,0.6062931270087035,0.7439784041943114,0.8016500349802764,0.6961473170855825,0.7149350748055066,0.8029209560954074,0.7238551040817718,0.6038962288713545,0.47248741452790244,0.7129901210393472,0.3355065294499622,0.8950693339309514,0.0,0.6073536034083403,0.13177625196962195,0.61657156933317,0.0,0.7983701654144313,0.874369723229526,0.775756466395081,0.17167940010078309,0.0,0.23339686689661368,0.8922137525659278,0.6805907295774904,0.9142072107043803,0.5560680400810772,0.36183426061480245,0.4330807522709315,0.0,0.5458559034799538,0.3266886245113824,0.5223108665352995,0.30501607349400756,0.0,0.13385825594971684,0.3799196957847555,0.059408523880172384,0.0,0.0,0.0,0.2995211531277928,0.19834941982380494,0.7126695336337503,0.6096212046085263,0.4564660242329234,0.4397264191160713,0.0,0.43844932955990484,0.6467987566080049,0.6875139831248469,0.4915333238855729,0.4931553719221937,0.282556900335681,0.375008065825963,0.054783452061498594,0.6509806077659109,0.7627632378988672,0.5002007597876962,0.18708348640238992,0.6794002523603139,0.21408755759628006,0.7042510482601951,0.8366226600513038,0.570913043529657,0.0,0.4525677716396936,0.5548765916657775,0.18810020543535338,0.381738691638997,0.0,0.0,0.07344753086292488
0.0,0.0,0.625938557772804,0.3131263469558735,0.7463538464435393,0.8041753936984282,0.6774724521494206,0.8245597846940953,0.8342386442735285,0.7327086290705209,0.6765387600702165,0.3810349629200713,0.5932132264125385,0.27685427876331614,0.848981727058526,0.0,0.6360931050960603,0.0,0.4268836605815491,0.7983701654144313,0.0,0.6818621127678623,0.9095812432997383,0.06687230496801075,0.0,0.2881812270854415,0.8004791562771985,0.5442730487878285,0.8607049763927355,0.43914326540640375,0.27281776044511175,0.3288083461350266,0.04036307592882449,0.5189367652597757,0.351342002491589,0.31038463396107663,0.11494598191048305,0.0,0.11296876418919045,0.3477058748547081,0.0,0.0,0.0,0.0,0.27420214432132073,0.47207765997086554,0.7801353222098805,0.5819490410392136,0.4665381701321101,0.5928808424413143,0.0,0.6121787432889381,0.7121977014345346,0.7297610191347786,0.6338627082782136,0.662260819086271,0.25413186283151645,0.3929274071099002,0.042486018349455035,0.714467976231584,0.7748550471397182,0.5897892939662124,0.1557238922303265,0.5959336130968678,0.0,0.925505600097101,0.7994684704481814,0.6967110342450441,0.0,0.5353278102137394,0.6791576136615414,0.14459914830318576,0.11430883026057492,0.0,0.0,0.0
0.071928917922779,0.0,0.6867528746941447,0.5865204768910676,0.7033770946405977,0.6435361419286454,0.6449928233445806,0.49346692329013153,0.7425079630137525,0.6275568015509805,0.5168524112882814,0.4408451956098948,0.6504968522634309,0.20142403174790413,0.8428695051697923,0.0,0.48941557765020866,0.26511682556650684,0.6020060659768661,0.874369723229526,0.6818621127678623,0.0,0.6211855258128685,0.15812335680301998,0.07474473127112818,0.343861491656411,0.788432335487984,0.6002154353950093,0.7645649832398914,0.4312138424388874,0.34709489214721756,0.47455206539939776,0.07719525146753972,0.4881812411449863,0.32528816971024077,0.39856468464274225,0.25200990633944437,0.0,0.3013343873401557,0.3921440429214521,0.14568318438238126,0.004091112817044072,0.0,0.0,0.24061013732353878,0.27372011833522414,0.6058045410229419,0.5609787950216464,0.3528449716655522,0.3811312831177492,0.0,0.357768386962871,0.47227871909960717,0.6316751235101215,0.407134547336115,0.4244738763292958,0.2571712750444049,0.26935069314578053,0.0,0.7015476199967461,0.6506251475177521,0.4380001708037812,0.2370387226328533,0.5809387923641737,0.4171289446488595,0.6192061237677985,0.8273187637830439,0.4944896304361899,0.0,0.5014594431954562,0.5265992699177217,0.3112369603987616,0.4308074118974348,0.0,0.0,0.22243193915604065
0.0,0.0,0.6996714947099321,0.34054346659461904,0.7657273858028976,0.9171858840934153,0.7162677910701194,0.8728506572579908,0.8308905169718133,0.725015352151946,0.7272798612147948,0.4556164103833524,0.5840818586066006,0.30521157993482956,0.8228228807174675,0.0,0.663689334581929,0.0,0.49514713323518533,0.775756466395081,0.9095812432997383,0.6211855258128685,0.0,0.14371274020706046,0.0,0.35159272349549214,0.8627253492785745,0.4733082830016604,0.8702738893431279,0.45188908211580403,0.2462310638188499,0.29749261575985964,0.0,0.5154002764888814,0.2893482025374216,0.35607962090527523,0.10396788736704707,0.0,0.14574659234451373,0.37814757506374036,0.0,0.0,0.0,0.0,0.2582416764451265,0.32086425400392526,0.8168474869070939,0.6446097964168593,0.3891189810873273,0.5785115888696213,0.14653492058693368,0.6423779637843826,0.8313909696477648,0.7509323494613283,0.6424149012391522,0.6995216542977407,0.36309106847799905,0.4670644812479203,0.0534347215052523,0.6709171027780239,0.7502262199988871,0.5870669200103318,0.17591473059803614,0.6548371715885908,0.0,0.8508315418214543,0.7671754698974287,0.7857420096408558,0.0,0.5247272759108028,0.7029545065181326,0.21017369042869985,0.14888523242217788,0.0,0.0,0.0
0.12244368521756538,0.373677538354359,0.13974220776393853,0.09846215256878565,0.0754891434336626,0.34787187901626315,0.1840359157686597,0.24252576482851487,0.020473478842869736,0.31119312706501423,0.0,0.713007325000303,0.35327455730034235,0.26312779714852186,0.0,0.4807311433889343,0.5268134167505691,0.5930542755036554,0.0,0.17167940010078309,0.06687230496801075,0.15812335680301998,0.14371274020706046,0.0,0.592398147911375,0.6232382603358492,0.10243221902068594,0.14332340380056946,0.08684768794498722,0.28442030637851295,0.4738355140928151,0.14132441342180072,0.31509742789183504,0.0,0.0,0.014397185622970848,0.0,0.31427601869478305,0.32534912972020336,0.5225927722482355,0.6012445683301475,0.15836168584758673,0.15639216574861464,0.0,0.21234546315259017,0.12934396041590707,0.22110183908995568,0.0,0.021550729140191502,0.0,0.6475854295429738,0.12793318118647015,0.398204739067633,0.0,0.2513392952093052,0.0,0.6887049237202549,0.6070444135482395,0.21419632421597062,0.0,0.24343452558642933,0.4985722088836929,0.6715774019852174,0.0,0.08035270637409878,0.050913837796487144,0.0,0.1839070408850095,0.828346748492319,0.3701212701390439,0.5510894413883975,0.11571085680606198,0.6660556516232145,0.14238264584449128,0.4195162259881246,0.448063597273416
0.54846499169598,0.6496960137383051,0.0,0.0,0.0,0.0,0.0,0.0,0.0,0.0,0.0,0.24656984922673586,0.0,0.0,0.0,0.8162645090692846,0.023992731865562167,0.6945463055519824,0.0,0.0,0.0,0.07474473127112818,0.0,0.592398147911375,0.0,0.5417180295980335,0.0,0.0,0.0,0.0,0.34673323298361397,0.10252780752228326,0.3924407082640073,0.0,0.0,0.0,0.0,0.3772128339998135,0.3321671649572074,0.33607035021278936,0.5595999615849762,0.2735975294632176,0.32140149032835896,0.04454555206589624,0.005290990344870322,0.20805546452077237,0.0,0.0,0.0,0.0,0.574356306506647,0.04223255882520033,0.0,0.0,0.0,0.0,0.24901370015386817,0.2610276223004632,0.0,0.0,0.0,0.16104256016787655,0.6938854055563561,0.0,0.3904126869255492,0.0,0.0,0.0,0.6952090828979981,0.4938170563005637,0.2733933933626072,0.4409871606309754,0.49229240782331496,0.651955848942584,0.5767950367987892,0.4943302938167502
0.4032892565903737,0.63401806816347,0.1632582361773896,0.093068192320031,0.24072619069979778,0.4775940767879269,0.4308163475366753,0.3081790559075074,0.2301769518393134,0.3413084478479846,0.18877712358740922,0.6080728529333331,0.4142223333442038,0.21818150551948323,0.16326868364053415,0.4374836934914927,0.5056605068412469,0.489928122211955,0.14622420251347285,0.23339686689661368,0.2881812270854415,0.343861491656411,0.35159272349549214,0.6232382603358492,0.5417180295980335,0.0,0.2292829155178026,0.0,0.2377600631294814,0.23323452614222218,0.2041755578913315,0.16514249648993493,0.3949782689199958,0.0,0.0,0.0,0.0,0.14646710777834576,0.33618169575814005,0.4378955266297771,0.27212375327099875,0.009032509635144563,0.12086835068613944,0.009478163030253048,0.12741803669705315,0.3498704384563538,0.3932460590870734,0.1041237984499073,0.04024006330055556,0.02784691934395367,0.5266243969191565,0.28831311957985156,0.38286747887309924,0.2528742068896458,0.28156880266640943,0.0868967160957004,0.5196978182290836,0.5328607153704805,0.03714372851644525,0.20209920533255427,0.333437845356034,0.49028393848285884,0.5152927545428092,0.12179297497816674,0.22805260364537935,0.2634415857942474,0.25934959814655323,0.3454653836876058,0.4346684096135383,0.5081795308489357,0.7178654217561612,0.2291155515993187,0.38647095284268107,0.1588216170485351,0.32160991754804136,0.31225807292516883
0.0,0.0,0.8683573822422019,0.6468614726564904,0.8558607286215172,0.8359936608570977,0.703914577405618,0.792401904773421,0.9180801773998717,0.8172600121594265,0.7044182239461649,0.48336707668050083,0.6419942213998315,0.2716868130229585,0.8601547897230007,0.0,0.6904489417197508,0.12446047117386422,0.5946723006753459,0.8922137525659278,0.8004791562771985,0.788432335487984,0.8627253492785745,0.10243221902068594,0.0,0.2292829155178026,0.0,0.5982469453582973,0.9455575585697402,0.30970955238308495,0.36444123112911764,0.4253195508404838,0.021460974059195476,0.5648631328454956,0.2749421445669167,0.5300609484179604,0.44001743860343623,0.0,0.11269237276440015,0.406870650321843,0.0,0.0,0.0,0.0,0.37682229671396417,0.08053965826621184,0.8482363514983104,0.6145444887314127,0.42254445471905633,0.658643407943377,0.0,0.6597321346462066,0.7094083293895243,0.7985362515090157,0.6165950658843578,0.6434195379991681,0.3550987594823318,0.42262909886799316,0.10094520988331968,0.6475227442358861,0.7749638999698149,0.5381927392870164,0.20091082121539094,0.7301743074041113,0.10406557683817491,0.7132395402193521,0.8704157149883558,0.565597909947091,0.0,0.4927954472170226,0.5395331129628973,0.25504808003160484,0.23942311294165516,0.0,0.0,0.0
0.0,0.0,0.6295634792524889,0.4603575832102402,0.6151824348107282,0.4478955185071347,0.4618482300883124,0.49571522859704364,0.6024962899559827,0.6204961741782562,0.5594071309054821,0.34946939973243457,0.6862331679566303,0.4318328221979393,0.6268911247402329,0.0,0.49716285382432707,0.15473801043347557,0.560362590314335,0.6805907295774904,0.5442730487878285,0.6002154353950093,0.4733082830016604,0.14332340380056946,0.0,0.0,0.5982469453582973,0.0,0.5258187649874679,0.5563657733996799,0.3768675962430411,0.24542242957913865,0.0456526343738024,0.4294888218201632,0.2408092418743363,0.4307936569424063,0.38913809215618433,0.0,0.11251506527898242,0.2497542214012553,0.051500189050985766,0.0,0.0,0.04357699278846766,0.34324034232287004,0.14360249273413742,0.44070935276159756,0.5048011361931211,0.49852388511141166,0.4929565685842645,0.0,0.21524357929111984,0.43596033137787105,0.5345468723985123,0.440217036754959,0.4579782718505946,0.26321449883052983,0.31337308650165385,0.28583863254271924,0.3850948599952869,0.4458887431504504,0.3787477019044865,0.1209106143772336,0.5121021498331282,0.13650549050078137,0.4419431982217446,0.541442355949914,0.3012955621641243,0.0,0.18321830419203067,0.25816644212261364,0.0,0.5265708981168857,0.0,0.0,0.09446534730497044
0.0,0.0,0.7787489948161888,0.5214283341049317,0.8298436947467913,0.8492684594744736,0.7250475313635172,0.7806595881971031,0.8494403248656994,0.8035351249866995,0.6511524400730897,0.4263137480121064,0.5791397925447606,0.23056630192901278,0.8933880506941181,0.0,0.6696155750274257,0.07498464054884668,0.49499046356905574,0.9142072107043803,0.8607049763927355,0.7645649832398914,0.8702738893431279,0.08684768794498722,0.0,0.2377600631294814,0.9455575585697402,0.5258187649874679,0.0,0.4011481810183322,0.32717015517244863,0.3547112127251545,0.0,0.5532935851968243,0.3245290729586152,0.417190255564885,0.29205778144328065,0.0,0.05867738618442099,0.4038928695816237,0.0,0.0,0.0,0.0,0.3326137274426041,0.20469615481512504,0.85999406489222,0.5840868708954648,0.35304529882210434,0.5581457698564258,0.0,0.6471656202006397,0.6943987337954066,0.7197713304120534,0.6093306201744356,0.5862926337822221,0.25225405386989563,0.42827182720186174,0.0,0.6403930062367861,0.8916488408490273,0.5553273935690128,0.2711687730171335,0.664957155004377,0.0,0.7863139373909473,0.8615382100225366,0.5639187271762883,0.0,0.6016866355849669,0.6091227997416369,0.12058208119635033,0.1870482962933694,0.0,0.0,0.0
0.09858478568875828,0.16863258291843813,0.31646148742457025,0.12184686375124876,0.36988143335800444,0.444384287552435,0.44189070546138254,0.47116386650089703,0.3433308931930771,0.3911742953553747,0.389928050458229,0.32641575930072875,0.513324717158098,0.48995107437499996,0.3986278799972259,0.0,0.3944788753907579,0.17460041999631584,0.37156197746187525,0.5560680400810772,0.43914326540640375,0.4312138424388874,0.45188908211580403,0.28442030637851295,0.0,0.23323452614222218,0.30970955238308495,0.5563657733996799,0.4011481810183322,0.0,0.26054795493118466,0.1518928190962598,0.0,0.2718317025441871,0.24456126155083424,0.2676765222121161,0.0,0.0,0.0,0.1173653036611883,0.0018028675029358177,0.0,0.09309145587057299,0.1996901393905316,0.15864371012054337,0.3117960638353663,0.300899827467005,0.4165936096668751,0.29176755536031185,0.0800744547416187,0.13207158934910002,0.05073607042881681,0.37488651332315914,0.2592524255305996,0.2294033846910261,0.2579020825240494,0.1404317358807125,0.26733841498810784,0.14195070050825995,0.23632359352127025,0.4195844705832307,0.3308124951726352,0.164280773217568,0.35637886656400736,0.09525055206937252,0.3619202054794882,0.3196092660234087,0.35330542987719127,0.0,0.21875647243582474,0.3704554963456652,0.0,0.46421223645247933,0.0,0.2786542625104158,0.3693924605166001
0.0,0.0,0.4800729970239733,0.23084085435372906,0.23047499879608227,0.30007920572422897,0.011440687348458212,0.35427452017030503,0.3225602766008795,0.4289670569194847,0.13574244587134449,0.3732070411340126,0.1396573719099339,0.04331381761025736,0.2266882982748865,0.36072937405998395,0.5077327999720777,0.4671516847555987,0.19610345458437076,0.36183426061480245,0.27281776044511175,0.34709489214721756,0.2462310638188499,0.4738355140928151,0.34673323298361397,0.2041755578913315,0.36444123112911764,0.3768675962430411,0.32717015517244863,0.26054795493118466,0.0,0.3774201464511798,0.404380088745261,0.17159052422212528,0.0,0.20076091534413545,0.24056611668932,0.3849790881448842,0.28143685953308967,0.4490970144024094,0.31653607450600707,0.29425287807622597,0.0,0.0,0.31079195064128223,0.09657749957311945,0.34478208600631555,0.0,0.21669371425783723,0.37590382153824087,0.3323888545381025,0.3886571016393924,0.37786709803599805,0.3279820081732159,0.37929658693881996,0.1262604271493193,0.4018773224695551,0.3647828840567311,0.27871134923484675,0.18334331633967174,0.4143088351929839,0.30856690902280276,0.4422564047101295,0.24077357500572152,0.31842906561815415,0.23271060503749674,0.341519256358309,0.17791255454739155,0.4899632697113792,0.3674214735620549,0.3089306229293334,0.24976248707487197,0.43832273495289636,0.08322638577241415,0.132725933832384,0.03406304863125048
0.0,0.0,0.38941154146914614,0.3410202286704042,0.3198632111485281,0.3218990875299893,0.18103094873187547,0.2780770681437349,0.37562528237154535,0.29906713680972286,0.11303427371985864,0.23229541481874655,0.20519279872682783,0.014649561717506518,0.4159039624741724,0.09472407384306697,0.28182996939315896,0.22571702960872156,0.19831279402898905,0.4330807522709315,0.3288083461350266,0.47455206539939776,0.29749261575985964,0.14132441342180072,0.10252780752228326,0.16514249648993493,0.4253195508404838,0.24542242957913865,0.3547112127251545,0.1518928190962598,0.3774201464511798,0.0,0.266750708748466,0.4240630938491755,0.13432290073123088,0.3376880480832273,0.29527406984309396,0.23938994357185467,0.5110298107624819,0.4583578337702464,0.3022466147548434,0.3266656438342401,0.0,0.0,0.2309155252709829,0.0,0.3021525324293933,0.0,0.1764732535070659,0.36638650469486134,0.019968899133990525,0.31014706559656124,0.2876558202065519,0.27678768884328353,0.23444367128061597,0.02817034682405955,0.19869338184559757,0.18663595842479863,0.20822756253906227,0.4010889138218582,0.3645567765691773,0.1624609346399192,0.15285979170887087,0.18805130530979913,0.3329992187232109,0.28251192266342645,0.46302169129701515,0.28974204794295083,0.12223001617193871,0.21104381842051306,0.20909924573030866,0.2058323260939341,0.21151392980152928,0.0,0.0,0.0
0.2883552437610094,0.2843013176350576,0.10516317839844706,0.09163356462380057,0.03898024282100776,0.0724116314917912,0.0,0.11090940324455757,0.03581674671484454,0.06867531698636872,0.009853005319338859,0.1755625072959368,0.04678428665934495,0.0,0.0,0.4535118995017531,0.19497049317083703,0.3872831534725995,0.06658759286260192,0.0,0.04036307592882449,0.07719525146753972,0.0,0.31509742789183504,0.3924407082640073,0.3949782689199958,0.021460974059195476,0.0456526343738024,0.0,0.0,0.404380088745261,0.266750708748466,0.0,0.13224411021713822,0.0,0.023753654578357306,0.07031056911668813,0.42154350880056224,0.4234826641820142,0.591031882811154,0.37701540094027375,0.23751068519921206,0.025221490265921173,0.0,0.22119634421176015,0.12556311395490244,0.1107909920304437,0.0,0.03698113819775199,0.15359825561174306,0.39723851405061916,0.19944650292763155,0.19742034278730228,0.10524320757463734,0.15704336899343485,0.0,0.22137278494630663,0.24976626395938822,0.07505887997906789,0.0,0.09775650171593771,0.12029503743186654,0.3557403912322833,0.0,0.26412065420156766,0.0,0.020927134804667152,0.1124201611020735,0.35485701853669255,0.220178244363985,0.2199707085415445,0.22131169612573293,0.26397351862693336,0.24603864355186103,0.22973308226873768,0.09530953926826055
