0.0,0.26696691148304336,0.0,0.12624190352121872,0.19719262103595683,0.14319603256244634,0.004886100239668262,0.0,0.23331083427898838,0.0755248348082787,0.04296029356427522,0.0,0.20554180143939418,0.3551279870239689,0.0,0.34171770168602444,0.0,0.10080241265138701,0.0,0.4455533083667975,0.0,0.3156346013314504,0.0,0.21377100643797484,0.43479400880514835,0.6045457626407614,0.15196776812808074,0.0,0.5965564288917873,0.1113913478773913,0.5101925586883086,0.0,0.3911803563426913,0.0,0.32602936124994,0.31264571056033974,0.0,0.03882131821515006,0.04384049925478781,0.24796001033057433,0.3630988011541223,0.23824211058377737,0.0,0.1290988675494378,0.09043305238691665,0.7820220193601939,0.0,0.4104679688704254,0.0,0.0,0.0,0.0,0.0,0.0,0.0,0.29621037906060377,0.0,0.0,0.0,0.0,0.16103548282358224,0.0,0.0,0.0,0.12589038920332687,0.0,0.0,0.0,0.20012289126920957,0.0,0.1874652080680005,0.0,0.0,0.47206212923770297,0.0,0.4883774606758834
0.26696691148304336,0.0,0.14137731694513755,0.153712324599797,0.361130165691771,0.33544905602619235,0.5940422007028399,0.13685908914674325,0.09842140153144074,0.5557725968245972,0.1503801148627438,0.41889885992491344,0.42631476463493184,0.0031535272502968698,0.0,0.3798774367520936,0.650674299468722,0.7047897781344284,0.08126693292863038,0.0,0.19639924638886802,0.42402879632834817,0.08486855766187046,0.5060998352808824,0.7076354303108706,0.7175087462134089,0.0,0.0229901432480189,0.0,0.0,0.12714947994624295,0.0864456200101012,0.10003052427333772,0.0,0.0,0.0,0.0669442220124346,0.0,0.25847197080716816,0.0,0.0,0.0,0.07904390643445984,0.10952906197870259,0.10551129749548671,0.09809221830255649,0.3831152861590078,0.0,0.0,0.0,0.12874315384242369,0.014203254225168438,0.05443760590397673,0.15847938431943392,0.07853078559288784,0.0,0.2170632012998444,0.2274579365861869,0.0,0.1712819592270393,0.08431884749141358,0.3831555571184719,0.33141049180568405,0.0,0.0,0.3195116931917824,0.06694790577725196,0.10061479055942207,0.4278470543232098,0.4121835704381265,0.4077504826008046,0.07703899673952619,0.30810215100744437,0.0,0.3289565941300215,0.05917021673438497
0.0,0.14137731694513755,0.0,0.22796037326527097,0.10351255404407983,0.15247812344407985,0.286256606583395,0.7160918078550633,0.6410226005614105,0.19631555441662002,0.6240363941576448,0.16433828491482166,0.060921598147008094,0.0,0.5276982815511417,0.2747096128939318,0.2915369862850326,0.3338298068761366,0.7457795522975883,0.16548375471434107,0.7289378822286153,0.4270821502927875,0.6701054655134825,0.3967051472108683,0.17476160413898306,0.05565718045588253,0.62709727979594,0.1864400198454739,0.0,0.07886925158602137,0.0,0.2998801158847269,0.0,0.1958324330975576,0.0,0.0,0.1867518361716013,0.28177305967788197,0.09265794494503515,0.029213411360861877,0.059480733405602025,0.0,0.41447702965464517,0.02672934657007614,0.0,0.09527589194619737,0.5897399150281664,0.08968160003821801,0.24262598347909278,0.6263938403866302,0.7000935622965625,0.6220586743392345,0.4181719534169577,0.8774300510685075,0.25963652880218235,0.09465702924967323,0.07063797504210167,0.5868010918091549,0.0,0.6653802110334085,0.1397629527574575,0.34124365771491005,0.37346709344819934,0.7357819854639442,0.5320276376678358,0.5974116512017458,0.5887564212046051,0.38968530908977034,0.18100562706017695,0.5364060020716411,0.4688169340501832,0.7275013852093478,0.48105778552686307,0.0,0.1762576532544825,0.16291783268685092
0.12624190352121872,0.153712324599797,0.22796037326527097,0.0,0.0,0.04453066908666346,0.3809418380384029,0.15957655172964358,0.08886245266759843,0.23979192566511265,0.08486081736734538,0.17731155426165685,0.11527376930069558,0.0,0.01872551856192199,0.326315764033405,0.22261621178486596,0.3177152882220768,0.05408728129795375,0.06676475745341402,0.2243919240240685,0.33846133051846045,0.06561522677834031,0.1692849157215865,0.1493151360448742,0.176512834563226,0.09891951935074152,0.07305517480838936,0.0,0.15784523830816152,0.05553434468356444,0.0,0.0,0.038870034909266576,0.0,0.0,0.058201546826555706,0.0,0.1324304511374928,0.0,0.015649785998040275,0.07505789519892944,0.25605973853550107,0.09343049148386734,0.0,0.1124956973820188,0.18836294590163966,0.0,0.0,0.09606156227412134,0.1234872807636758,0.14121594338787538,0.0,0.21136525874225562,0.020160281948973152,0.0,0.0,0.23806788921595307,0.0,0.2800598196581511,0.08183373639487808,0.07077170547798721,0.06639829870505125,0.05243955083126336,0.16798142236232994,0.21014806522497503,0.2124808730645206,0.02316744247189581,0.043935963077774635,0.11828861615177641,0.04149503671466971,0.23442208552984597,0.3128513305633206,0.0,0.181476593197736,0.10516454651583851
0.19719262103595683,0.361130165691771,0.10351255404407983,0.0,0.0,0.42548947337132004,0.3271825592883157,0.0,0.3873327736311245,0.205660729438145,0.46577938914846795,0.07236360982888879,0.30401123570355576,0.5196424505840713,0.0,0.11091226497532594,0.26259764555384535,0.3427723749463205,0.22711438311597118,0.09322410924386737,0.0,0.031375399353241074,0.04435168924840066,0.22562723525245373,0.43544490475543174,0.4531302434736143,0.12113874372889816,0.0,0.24817458365526274,0.11855489453186552,0.15546994964631214,0.0,0.1474867551698519,0.0,0.09844546338186365,0.324919065892209,0.08346719252032245,0.0,0.0,0.0,0.0,0.02136072504256597,0.07831387678030916,0.07280977931018728,0.0,0.06619714875178812,0.0,0.23879828852792678,0.12178455186399645,0.0,0.0,0.0,0.0,0.0625730512090572,0.0,0.31204688074807563,0.06366983157187528,0.0,0.08077393784291892,0.0,0.0,0.0,0.0,0.03277052730875779,0.0,0.041820234906608134,0.0,0.15445086917774428,0.21470826970859042,0.02085076707618011,0.09007305963583556,0.023565406888871265,0.0,0.042911603064238524,0.0,0.0
0.14319603256244634,0.33544905602619235,0.15247812344407985,0.04453066908666346,0.42548947337132004,0.0,0.005990542680969546,0.3077402764184438,0.4882109048819254,0.1680420580522607,0.24162879868335574,0.27653483988006033,0.5286878959891779,0.43998286139266196,0.19365904188337735,0.0,0.18716403739972182,0.1788968977312918,0.09811600027388168,0.21275820402608514,0.15958062616555638,0.0,0.4376948116858603,0.492008608453419,0.425873902297282,0.5354864207134692,0.3959396271380559,0.025352531232665287,0.14033206796252728,0.010252272230344694,0.0842662541063703,0.22478012044196288,0.3005182774252043,0.0,0.17029205678116682,0.3229644134440861,0.14268892585870752,0.0,0.0,0.11460124865360255,0.15912619018468266,0.1189304334304127,0.03394154976369368,0.07050049075180298,0.0,0.0,0.15417314693699202,0.4136635437619136,0.18612540562727542,0.09574635058426692,0.2619439162495435,0.0,0.434946831487924,0.0833272180764415,0.20701539228858543,0.5017596467412889,0.35186127024580643,0.0,0.2265030814473255,0.05117024782973839,0.0,0.06158859744543116,0.0,0.08871329019546664,0.0,0.12175448499638081,0.0,0.42105881963241343,0.2668922666187318,0.12599485385002668,0.38904937676974466,0.11751203495482149,0.0,0.0,0.0,0.0
0.004886100239668262,0.5940422007028399,0.286256606583395,0.3809418380384029,0.3271825592883157,0.005990542680969546,0.0,0.11633883313347443,0.01817676236108534,0.672739723522454,0.1918759572374872,0.3880481326925804,0.16737116223874793,0.0,0.0,0.6004509469660346,0.5511660798982342,0.7516939805821341,0.3087904224901906,0.0,0.35574249451793216,0.5649332940598404,0.0,0.21331900369666318,0.500625893536668,0.30337535116527026,0.07485528921389617,0.0,0.0,0.0,0.0,0.05368350543189514,0.0,0.0,0.0,0.0,0.011298101952859019,0.0,0.32719357134401833,0.0,0.0,0.0,0.2349252642426029,0.21662951595081253,0.0,0.0,0.4397075309755334,0.0,0.0,0.04938563676321556,0.20882082958983084,0.2190081396997252,0.018076656014453074,0.2863140669491503,0.0,0.0,0.12738889083765842,0.433330893183153,0.0,0.41712445304906465,0.3589318735537573,0.1694717608250022,0.39867267530863826,0.24091721552570655,0.08209184202021176,0.4770963814622742,0.2302426712906691,0.18343141904457944,0.18204603541203523,0.4439462788522578,0.194996150536216,0.3006729255135974,0.5143565516176377,0.0,0.4141799087937271,0.1051374039195676
0.0,0.13685908914674325,0.7160918078550633,0.15957655172964358,0.0,0.3077402764184438,0.11633883313347443,0.0,0.33774365281703156,0.12030477569239023,0.3779189665055277,0.41502872064960716,0.044086596201066586,0.0,0.5031382091355217,0.0,0.27460773224969487,0.13058862229665202,0.4556682883945115,0.0,0.7052916115627418,0.24645748194698175,0.8136688430790621,0.47681544754685823,0.06546335760372957,0.0,0.4033618217989799,0.198652822615435,0.0,0.0,0.0,0.3453732186673043,0.0,0.2342204902520818,0.0,0.0,0.3412189754574965,0.2989218516543425,0.19368464162883442,0.0735125883307755,0.0,0.0,0.443246826936768,0.0,0.039325469433929935,0.0,0.6063630004601774,0.0,0.18382885797692358,0.5889397318013674,0.8300261195479164,0.5698908506286806,0.7010005276054178,0.7433350769123805,0.13003059214086715,0.0,0.3717457162182776,0.5878769581045467,0.08942575499043087,0.5860638088695396,0.0,0.3485654011426501,0.18178714047773623,0.4960134258104022,0.3834195339054261,0.5577192977427963,0.5005940176144609,0.5239983298432642,0.2802357633424939,0.4193047339158469,0.454833867008983,0.5312269552749427,0.2947923788861384,0.0,0.23916193578537692,0.0
0.23331083427898838,0.09842140153144074,0.6410226005614105,0.08886245266759843,0.3873327736311245,0.4882109048819254,0.01817676236108534,0.33774365281703156,0.0,0.0,0.7206344280784469,0.0,0.26169605194198864,0.15720233846697415,0.3820282311804041,0.0,0.07764740870747944,0.1336870032973524,0.593520051094772,0.44347667740133084,0.302678081312841,0.1669640390643085,0.48698354332905563,0.4059490402324376,0.34218708031201417,0.3503376604781433,0.6254216341315135,0.08201350071352359,0.0,0.21139198665532385,0.0,0.19533776670500286,0.14410366918348919,0.0,0.05119683828121795,0.0,0.03531390964675882,0.16341841251215675,0.0,0.07225423677656403,0.34363786174942523,0.13579248580931128,0.12290390695482735,0.06419317073853803,0.0,0.3484433873823264,0.2631072175662472,0.6372706041500902,0.15383630854849042,0.3310879714670973,0.2546807370083255,0.13472529182769738,0.32689492518883345,0.515578224162329,0.22696566392928352,0.5858004043265327,0.0,0.04504012683279984,0.07392092044807033,0.3630023084908674,0.08764227017875051,0.04559939488048939,0.05884285094328723,0.5445675321217801,0.2768884501384581,0.36329236653730196,0.1879483845643498,0.48123986107898326,0.24424618007386378,0.24675503037923138,0.49015812230846056,0.4955072868887922,0.1494433945400629,0.024866427257677848,0.0,0.2706922008527773
0.0755248348082787,0.5557725968245972,0.19631555441662002,0.23979192566511265,0.205660729438145,0.1680420580522607,0.672739723522454,0.12030477569239023,0.0,0.0,0.0,0.4889740739948336,0.22540877255374864,0.0,0.0,0.5052046372225344,0.6879670295191169,0.7366890654203948,0.18413757113356452,0.0,0.31513749876252506,0.4154200744971514,0.01414849440569732,0.30823784142522864,0.4817382771300119,0.3871109031193495,0.11556130535261122,0.13743995111752222,0.0,0.0,0.2851004288856651,0.1373618300565887,0.0,0.039904899534630806,0.0,0.0,0.22207294507767336,0.0,0.2296350449382011,0.0,0.0,0.0,0.10302484069602588,0.16327044340505587,0.013517707420979047,0.07391609193588333,0.4105510195883582,0.028444985049704996,0.04936284510499825,0.0,0.203227499601944,0.1753406220661096,0.04258063068316198,0.21237531354605896,0.1691932361395222,0.0,0.22363309372410883,0.3664454256745221,0.0,0.3170813469878045,0.33659173181215996,0.25152883378888485,0.456450645384482,0.1748945374016359,0.07160937329468878,0.4074629250643804,0.2322263236516444,0.05571932597700993,0.24049124048423062,0.4941263207695775,0.24481042606458558,0.2184632434017989,0.3144179092010704,0.0,0.2495798186438093,0.0
0.04296029356427522,0.1503801148627438,0.6240363941576448,0.08486081736734538,0.46577938914846795,0.24162879868335574,0.1918759572374872,0.3779189665055277,0.7206344280784469,0.0,0.0,0.050476831938296524,0.15336369151820836,0.14817879532021516,0.24685099888261353,0.023966159149186705,0.09891287329724884,0.1291007743747117,0.6724440625882079,0.23762539638217942,0.27488080786009245,0.1799251534299092,0.4178109051908879,0.24399967885003132,0.19917007380298787,0.18723052130226958,0.4298279981526033,0.0,0.0,0.2146819836887297,0.0,0.06543339423817662,0.01824556883011233,0.0,0.0,0.0,0.08676768988205985,0.1759602003721495,0.0,0.0,0.3313132604247991,0.030836362544079003,0.2587648715529679,0.07713611669034426,0.0,0.16611157365840992,0.15311480592432308,0.35828807332306906,0.1298619655737387,0.3480797486525846,0.25492144754909946,0.17050433494300923,0.22839974938399604,0.5526242717275148,0.0,0.392416774678584,0.0,0.10765814712552688,0.05170440423409489,0.29960803590832175,0.0,0.0,0.0,0.5378725905682771,0.27199333077773413,0.24610823270592275,0.12837400848200425,0.399393490790786,0.06709693388443964,0.11828530401147172,0.2527994773120107,0.4543018858816634,0.20605883687764567,0.0,0.009294038137678012,0.18135975801204998
0.0,0.41889885992491344,0.16433828491482166,0.17731155426165685,0.07236360982888879,0.27653483988006033,0.3880481326925804,0.41502872064960716,0.0,0.4889740739948336,0.050476831938296524,0.0,0.18608438152485468,0.0,0.0,0.0,0.5204660809768934,0.3216362997357427,0.12878056634454965,0.0,0.16337691107610647,0.10657504960449732,0.13035175350480044,0.46945223654443174,0.02678643513226714,0.29129226699329647,0.0,0.0,0.0,0.0,0.0,0.15567405507171928,0.0,0.0,0.0,0.0,0.29344994008245584,0.0,0.19937652831792607,0.0,0.0,0.0,0.2570017424023299,0.18120423679594216,0.0,0.0,0.22060157617621068,0.0,0.0,0.0,0.28721384556736873,0.0,0.3303517996798299,0.19207397394944342,0.0,0.0,0.6540089551784114,0.31231988070341904,0.0,0.09750622266310074,0.0,0.3207450607267986,0.08783158986814946,0.08915538930468048,0.005211601158291446,0.10753736745312746,0.0014027575785818813,0.19472957658457096,0.20589055849638177,0.14080675564442735,0.19879639507710758,0.0,0.2372957173184649,0.0,0.311253134868093,0.0
0.20554180143939418,0.42631476463493184,0.060921598147008094,0.11527376930069558,0.30401123570355576,0.5286878959891779,0.16737116223874793,0.044086596201066586,0.26169605194198864,0.22540877255374864,0.15336369151820836,0.18608438152485468,0.0,0.21055052998941293,0.20734756863983647,0.0,0.3631244736101217,0.1449175398071192,0.09930989026707945,0.3560974217520751,0.05711407361896931,0.05913007902450268,0.1905332488737426,0.27724877759416383,0.32455990832691384,0.5069867466614046,0.2313260865912631,0.4604262552222226,0.35479895748977086,0.0,0.12007358496411807,0.11233609514249639,0.32899219825812803,0.0,0.2093275982522716,0.15885571050089276,0.1355027521309053,0.0,0.04897672710702988,0.12828010294634903,0.1508369778535438,0.04455244844146749,0.0,0.06281954715322688,0.0,0.1000822183406827,0.06323339888476076,0.5005943946171274,0.20109071421936572,0.06783587670507979,0.0,0.0,0.1353372169547113,0.05477361861630531,0.25417296833196973,0.4751450442889204,0.25440207241491863,0.0,0.0964823285614654,0.0,0.0,0.08656917590984281,0.002705852757761862,0.16999026961210473,0.03627264631586741,0.12374419995687036,0.0,0.049876470583138155,0.19704501856526113,0.0,0.2917391697473305,0.0,0.0,0.039662481514385395,0.0,0.0
0.3551279870239689,0.0031535272502968698,0.0,0.0,0.5196424505840713,0.43998286139266196,0.0,0.0,0.15720233846697415,0.0,0.14817879532021516,0.0,0.21055052998941293,0.0,0.0,0.0,0.0,0.0,0.0,0.07588953051214234,0.0,0.0,0.0,0.02586705913677652,0.10955970552798372,0.3502054405575128,0.0,0.0,0.44132439996703615,0.11343654140891583,0.09773292067267622,0.0,0.23369266155797025,0.0,0.26839946534766923,0.6957194611593893,0.0,0.0,0.0,0.02891844617280137,0.21667065320035667,0.3059969019829457,0.0,0.009367472424152506,0.0,0.09598995563195105,0.0,0.2998578683713839,0.0,0.0,0.0,0.0,0.0,0.0,0.0,0.44852081085911416,0.07597627650601094,0.0,0.30535461424970056,0.0,0.0,0.0,0.0,0.0,0.0,0.0,0.0,0.10540674524331482,0.03566577372060935,0.0,0.0,0.0,0.0,0.12801229826791202,0.0,0.0
0.0,0.0,0.5276982815511417,0.01872551856192199,0.0,0.19365904188337735,0.0,0.5031382091355217,0.3820282311804041,0.0,0.24685099888261353,0.0,0.20734756863983647,0.0,0.0,0.0,0.0,0.0,0.33406939350215636,0.49893037571673404,0.5927777368456268,0.24794965950859205,0.7148568093912528,0.14008765906509926,0.0,0.0,0.6679653922448701,0.4882667695431816,0.0,0.0,0.04984910143658494,0.3198327088315939,0.18833471283227504,0.33085603433108246,0.0,0.0,0.19962284096765126,0.27594737642502387,0.1196177492311871,0.4721082539862705,0.18371620960692459,0.0,0.2434144334240224,0.0,0.08484067259427375,0.14802273792910453,0.29975482697954847,0.1633666644766334,0.33782121988090597,0.7363926091577538,0.5742621011379876,0.616590035249972,0.4079661688335064,0.5753599830360473,0.3515549616841177,0.33877180284147124,0.0,0.36755276342346155,0.21557690566978396,0.5010284491119854,0.1257795282147383,0.07004853598403893,0.12596323586424535,0.5250216791133409,0.5716463938938149,0.38661001124568956,0.618521427357998,0.2717091796353861,0.06755037263591253,0.17182316970667685,0.3016477111266947,0.5343740492819026,0.06626546873171885,0.0,0.006221729559759803,0.15775345410572036
0.34171770168602444,0.3798774367520936,0.2747096128939318,0.326315764033405,0.11091226497532594,0.0,0.6004509469660346,0.0,0.0,0.5052046372225344,0.023966159149186705,0.0,0.0,0.0,0.0,0.0,0.41811246673021163,0.7289468673757635,0.20969559626624873,0.0,0.4205841703681822,0.752975586312383,0.0,0.132629813879577,0.46349737013318326,0.19729193528479194,0.22438939384055287,0.0,0.0,0.0,0.38032633059271,0.19605020527977202,0.0,0.13461384144401528,0.0,0.0,0.024527262162927874,0.0902269621611536,0.38491561717120126,0.0,0.0,0.0,0.20741520938911867,0.24106795358295796,0.061515454328186794,0.3738246354394494,0.3609510148069092,0.0,0.0,0.03684639609322904,0.16607699858489428,0.3072170012283581,0.0,0.2958682631839892,0.0,0.0,0.0,0.38131279863180784,0.0,0.4790736125080298,0.5595297028847988,0.12644856909701144,0.5029665629416961,0.17876068088800964,0.26635604331378687,0.4229760969389589,0.44781157937857713,0.0,0.10408758106160544,0.45635187919228926,0.10486154219332378,0.41918738863591487,0.5537025220024836,0.19832880848768886,0.193579353986299,0.35770191500453463
0.0,0.650674299468722,0.2915369862850326,0.22261621178486596,0.26259764555384535,0.18716403739972182,0.5511660798982342,0.27460773224969487,0.07764740870747944,0.6879670295191169,0.09891287329724884,0.5204660809768934,0.3631244736101217,0.0,0.0,0.41811246673021163,0.0,0.7480974409918352,0.2551377536417461,0.0,0.3692590077875725,0.401549684053013,0.14357834879291428,0.5299047644222763,0.3862548424047275,0.4986359431692916,0.04367561487778396,0.2000563029202773,0.0,0.0,0.2608722299209973,0.18926578615407713,0.0,0.08400262160100562,0.0,0.0,0.3213371511140566,0.07773795907778566,0.26636523444864924,0.0,0.0,0.0,0.22936994670523975,0.1361594362286087,0.04426638301905786,0.05330555866234313,0.47140174033033677,0.0,0.1490551642795731,0.0032964592087045275,0.25865368153527735,0.13293583420622318,0.1710022929090216,0.30342009825282246,0.01823900038309645,0.0,0.321347401051628,0.44851750337074436,0.0,0.3590511257207814,0.150007066821529,0.2296441744112665,0.45442282117922134,0.20892465435973828,0.1327588623036878,0.38376503984583366,0.26818734983039483,0.07012317982789973,0.36733673104024966,0.33867265204023644,0.34608843094626623,0.17159172549844803,0.41821146778677176,0.0,0.2220375685329713,0.0
0.10080241265138701,0.7047897781344284,0.3338298068761366,0.3177152882220768,0.3427723749463205,0.1788968977312918,0.7516939805821341,0.13058862229665202,0.1336870032973524,0.7366890654203948,0.1291007743747117,0.3216362997357427,0.1449175398071192,0.0,0.0,0.7289468673757635,0.7480974409918352,0.0,0.242700431656771,0.0,0.35473422061666976,0.5710235021032323,0.0,0.39934674585470537,0.6690887457206165,0.48562229585461947,0.1369077860862113,0.0,0.0,0.0,0.22506470197040698,0.17812341884092736,0.0,0.03009382797315635,0.0,0.0,0.11622700051553322,0.0,0.31368986534226806,0.0,0.0,0.0,0.1678939428000765,0.22179631999034077,0.0,0.07418807995935622,0.4878485712592198,0.0,0.09133964835463218,0.0,0.2081355025128322,0.14960070158007444,0.0,0.2682829518700918,0.06866650624092902,0.0,0.1238243132635676,0.39030273846218067,0.0,0.3709111913528964,0.3403095737648653,0.27602367933428335,0.49502920211464874,0.12715335139800915,0.05242134377293395,0.43457870133641835,0.21416723335739887,0.058620161133762644,0.30757567107940864,0.5415977098661554,0.29474199579839133,0.3073625491721014,0.5525748129950387,0.0,0.20666284042911168,0.0821518099320126
0.0,0.08126693292863038,0.7457795522975883,0.05408728129795375,0.22711438311597118,0.09811600027388168,0.3087904224901906,0.4556682883945115,0.593520051094772,0.18413757113356452,0.6724440625882079,0.12878056634454965,0.09930989026707945,0.0,0.33406939350215636,0.20969559626624873,0.2551377536417461,0.242700431656771,0.0,0.2789030310787747,0.5466385782666247,0.4079676171965448,0.47713710575396756,0.2619054876705367,0.18199138218498256,0.041957802265085886,0.539963708566532,0.13251752545521603,0.0,0.08596591935814374,0.0,0.23845202611308114,0.01809279006030809,0.06672298184299764,0.0,0.0,0.17586459078858713,0.23118388416189814,0.0,0.050467106846880216,0.2140286513447892,0.0,0.334808240935085,0.02334959084036492,0.0,0.14998911449058422,0.39924729922700397,0.25135592542090845,0.21224779016041267,0.4088225906720604,0.5190797492984991,0.40023471340682193,0.36375656674281037,0.672815864315915,0.08840383060129925,0.11736615045620141,0.01931157586375204,0.4203509164684766,0.054170340042069096,0.5651302909329055,0.17122880341944857,0.10550958749596652,0.23540336666116876,0.8009138883987533,0.47017340269201163,0.4893073253265284,0.44464759513020685,0.48316275402036524,0.04439620088678731,0.3344754655129687,0.34921611082061504,0.6747999653393801,0.3570725646785959,0.0,0.13633543396360615,0.23574032665483505
0.4455533083667975,0.0,0.16548375471434107,0.06676475745341402,0.09322410924386737,0.21275820402608514,0.0,0.0,0.44347667740133084,0.0,0.23762539638217942,0.0,0.3560974217520751,0.07588953051214234,0.49893037571673404,0.0,0.0,0.0,0.2789030310787747,0.0,0.22386934057514707,0.5025565025999452,0.26148211179345693,0.12082691830586424,0.13900361051233545,0.20591094861483297,0.5888824617309805,0.4024625029839174,0.2828607362840798,0.35910333591366883,0.24323306617049434,0.1951753656933133,0.28622972601531604,0.0,0.20595349677981534,0.024079104173769628,0.01272394934884255,0.10047975411472797,0.0,0.40119340652429514,0.33347979490560636,0.10820850826003683,0.03427403676528243,0.0,0.0,0.5448972038227974,0.010288212557015564,0.5828114020334576,0.0,0.20710557847809621,0.04005798678931016,0.09217461618963155,0.13835034523424283,0.1983632209051816,0.05242203007037077,0.40634326241706825,0.0,0.0,0.0,0.33750720265667483,0.1962308613615934,0.0,0.0,0.3359340510277082,0.5655360824484268,0.22087716832600907,0.34910260616235167,0.2572173220138866,0.05824966495274608,0.0,0.31840435001881817,0.41211692199458205,0.0,0.26807552490768816,0.0,0.32486583122387935
0.0,0.19639924638886802,0.7289378822286153,0.2243919240240685,0.0,0.15958062616555638,0.35574249451793216,0.7052916115627418,0.302678081312841,0.31513749876252506,0.27488080786009245,0.16337691107610647,0.05711407361896931,0.0,0.5927777368456268,0.4205841703681822,0.3692590077875725,0.35473422061666976,0.5466385782666247,0.22386934057514707,0.0,0.6044984817284283,0.6988263742402283,0.3750539142607274,0.2438313622134022,0.0,0.6143111531026334,0.32578316097087234,0.0,0.0,0.0,0.38422900564348783,0.0,0.2478730946628648,0.0,0.0,0.2128879285208185,0.27765902381261487,0.3081316331509865,0.13003686952294802,0.0,0.0,0.40660002667744133,0.02229429810078648,0.03221996168933783,0.10834430082969959,0.7261398125944643,0.0,0.26573483453015334,0.6946231510410705,0.8253197739031041,0.7591255967881514,0.4736397821157582,0.7908038863383342,0.20213658135546753,0.0,0.07217428017161344,0.7769700048524066,0.0,0.836537623806036,0.3346265465125104,0.2627052543765881,0.48177270346661755,0.6302090361174048,0.6002601333167997,0.7803108760698659,0.7956240371552583,0.4185455220099277,0.18982803043322427,0.5881143078964841,0.4804727964716798,0.7500207388625586,0.5231432745253161,0.0,0.25832903253892314,0.15020781625882315
0.3156346013314504,0.42402879632834817,0.4270821502927875,0.33846133051846045,0.031375399353241074,0.0,0.5649332940598404,0.24645748194698175,0.1669640390643085,0.4154200744971514,0.1799251534299092,0.10657504960449732,0.05913007902450268,0.0,0.24794965950859205,0.752975586312383,0.401549684053013,0.5710235021032323,0.4079676171965448,0.5025565025999452,0.6044984817284283,0.0,0.2664411092460068,0.32053612711244595,0.436154583848447,0.275300823480096,0.45953172158267797,0.23176595015689816,0.0,0.08484492337263277,0.19248869059767892,0.33240320221007186,0.10608153416016196,0.17805415537324404,0.0,0.0,0.02940732301086116,0.25463292317363695,0.5064980353663467,0.13116053417788232,0.11819247536539071,0.0,0.3436311594598286,0.14308600766825683,0.0,0.4187073200001722,0.569528632478511,0.04740548707832215,0.0,0.22104693647687515,0.4345905824563038,0.4110210759640313,0.14068759045692836,0.49691069590012815,0.0,0.0,0.0,0.5577121060294119,0.0,0.7328116525037213,0.5094033296305996,0.10435385225554536,0.45415867698887546,0.4410378467494228,0.6111292340453327,0.5860670792379833,0.7130578114176679,0.29894911141389097,0.22579476300198933,0.5116007957294018,0.45099267645784363,0.613117169889011,0.6121292577894624,0.1097813172273952,0.3856321838994219,0.4264185803096268
0.0,0.08486855766187046,0.6701054655134825,0.06561522677834031,0.04435168924840066,0.4376948116858603,0.0,0.8136688430790621,0.48698354332905563,0.01414849440569732,0.4178109051908879,0.13035175350480044,0.1905332488737426,0.0,0.7148568093912528,0.0,0.14357834879291428,0.0,0.47713710575396756,0.26148211179345693,0.6988263742402283,0.2664411092460068,0.0,0.42107122968544874,0.1620353999368498,0.09965827468949956,0.6520488973347254,0.2907677946733214,0.0,0.0,0.0,0.3773594184561775,0.10849749156073338,0.2748311040896349,0.0,0.0,0.3349304843931095,0.28759512916470814,0.1604250672312336,0.3086633906685025,0.1666409382022875,0.0,0.37686910589492406,0.0,0.036379673851308525,0.0,0.553912107196633,0.12915487018768795,0.21504651191758262,0.7022419520696659,0.8178782018683988,0.5867230362415132,0.7192585339358714,0.7005636115546918,0.2755139885471519,0.2532845373884756,0.17100491470804294,0.44612234129738465,0.2239439656076963,0.5771067408802157,0.0,0.2607078200807032,0.13698597225137338,0.5707133391566721,0.5083877032267099,0.5307152327770076,0.5377384128685343,0.650882740511646,0.19906231786510165,0.40134717867547115,0.5086956055386309,0.635434193015244,0.11268821565569423,0.0,0.09743638261887029,0.0
0.21377100643797484,0.5060998352808824,0.3967051472108683,0.1692849157215865,0.22562723525245373,0.492008608453419,0.21331900369666318,0.47681544754685823,0.4059490402324376,0.30823784142522864,0.24399967885003132,0.46945223654443174,0.27724877759416383,0.02586705913677652,0.14008765906509926,0.132629813879577,0.5299047644222763,0.39934674585470537,0.2619054876705367,0.12082691830586424,0.3750539142607274,0.32053612711244595,0.42107122968544874,0.0,0.4626495459238872,0.6105359112251417,0.26408611282358274,0.13426805762260463,0.0,0.05865239678930906,0.055414355511347185,0.28085217414283775,0.04047029826194781,0.0,0.0,0.0,0.28627823735511254,0.1631746082229505,0.2556376177159248,0.0,0.10798411497248583,0.0,0.1874454220893515,0.0881668551828299,0.13429770211742403,0.19197396898986496,0.41869599165840854,0.13630504254645237,0.06226583528947967,0.09617733531689895,0.36580367191475593,0.046895380985174845,0.38740800033432704,0.39827971577520094,0.1402748157611576,0.10404667076766266,0.36376805839085424,0.2908202587085982,0.0,0.36369398129235275,0.0,0.3207932021453571,0.2821375225578195,0.19700621356138376,0.17877703616615398,0.41237497299108655,0.2677947971550703,0.3147834205437075,0.6684357115071257,0.357264546135155,0.598079913958925,0.2603916147355477,0.37420412210480414,0.0,0.33684200292109,0.1337401029992728
0.43479400880514835,0.7076354303108706,0.17476160413898306,0.1493151360448742,0.43544490475543174,0.425873902297282,0.500625893536668,0.06546335760372957,0.34218708031201417,0.4817382771300119,0.19917007380298787,0.02678643513226714,0.32455990832691384,0.10955970552798372,0.0,0.46349737013318326,0.3862548424047275,0.6690887457206165,0.18199138218498256,0.13900361051233545,0.2438313622134022,0.436154583848447,0.1620353999368498,0.4626495459238872,0.0,0.719011909045156,0.2864158258392043,0.0,0.15753780744256246,0.0,0.18613909653718286,0.03732079628445148,0.10336356894615922,0.0,0.0036257834172151587,0.0,0.02629577161432234,0.0,0.20888916298461083,0.0,0.19517732317243797,0.0,0.0,0.051074387626547875,0.0802654584360684,0.22894224782298428,0.40579969691561785,0.28682428487762507,0.0328597034778694,0.0,0.1367976055785326,0.04153219755295576,0.09378046202500716,0.11796009869086396,0.21081294667141504,0.12464336685849026,0.0,0.07997935444066928,0.0,0.2553848066367925,0.2805144902108274,0.23039786236416904,0.2767725481032823,0.03572438294186492,0.06869254488456578,0.4504078139861001,0.10437672427734057,0.2590705503451509,0.4527825372830566,0.5649077043146771,0.5168246838703339,0.28563965724688256,0.22051032083864344,0.187738323259886,0.2521679124529527,0.2400314579661582
0.6045457626407614,0.7175087462134089,0.05565718045588253,0.176512834563226,0.4531302434736143,0.5354864207134692,0.30337535116527026,0.0,0.3503376604781433,0.3871109031193495,0.18723052130226958,0.29129226699329647,0.5069867466614046,0.3502054405575128,0.0,0.19729193528479194,0.4986359431692916,0.48562229585461947,0.041957802265085886,0.20591094861483297,0.0,0.275300823480096,0.09965827468949956,0.6105359112251417,0.719011909045156,0.0,0.11295211400450764,0.0,0.31014663471387804,0.06738727381152276,0.27911117474958286,0.06066088386743504,0.25072100180201373,0.0,0.16176148693957748,0.2626862840505727,0.004208120937860396,0.0,0.11108085441199303,0.0,0.24814491949456302,0.1931888361511372,0.0,0.08023406614647688,0.04460666978449715,0.40509551675489647,0.1881508611871066,0.3648075634059113,0.0,0.0,0.0,0.0,0.040011592878979874,0.0,0.07246595515580345,0.2678184316599761,0.17402198814149455,0.0,0.0,0.045398066793795155,0.014305701444282448,0.13052517503361855,0.07495801693685522,0.0,0.0,0.16004662315641732,0.0,0.14605394684285683,0.42347716005615943,0.1833668040302781,0.5227159836008998,0.0,0.10863663018762784,0.04153206023531944,0.07793068425114652,0.22200047756692376
0.15196776812808074,0.0,0.62709727979594,0.09891951935074152,0.12113874372889816,0.3959396271380559,0.07485528921389617,0.4033618217989799,0.6254216341315135,0.11556130535261122,0.4298279981526033,0.0,0.2313260865912631,0.0,0.6679653922448701,0.22438939384055287,0.04367561487778396,0.1369077860862113,0.539963708566532,0.5888824617309805,0.6143111531026334,0.45953172158267797,0.6520488973347254,0.26408611282358274,0.2864158258392043,0.11295211400450764,0.0,0.31588513164375137,0.0,0.07950097297917416,0.12583486229233384,0.34301573595037127,0.09301743933029405,0.22016746758954203,0.01359883316419367,0.0,0.03283636374520209,0.2123365469321019,0.11221397192378882,0.2577913657587345,0.25101755324041863,0.0,0.17468484570987466,0.0,0.0,0.34050470770186336,0.3659862482694579,0.3919634017394881,0.27813225661117374,0.6547307771961588,0.5244192104029808,0.5628445928641829,0.301004781961542,0.5931249698590009,0.32719611488189837,0.354913091383691,0.0,0.3008184664389158,0.07307540449668708,0.6143627665520656,0.2734390146096351,0.022737547432903127,0.21237596655036203,0.6070838496380144,0.606612255620366,0.5054145447852286,0.5956059130101581,0.3831428658409066,0.0864261624566631,0.3832345951610381,0.41195199994848314,0.8157833716959325,0.14003466724193167,0.15762084920231656,0.030416617561006637,0.2556654452559228
0.0,0.0229901432480189,0.1864400198454739,0.07305517480838936,0.0,0.025352531232665287,0.0,0.198652822615435,0.08201350071352359,0.13743995111752222,0.0,0.0,0.4604262552222226,0.0,0.4882667695431816,0.0,0.2000563029202773,0.0,0.13251752545521603,0.4024625029839174,0.32578316097087234,0.23176595015689816,0.2907677946733214,0.13426805762260463,0.0,0.0,0.31588513164375137,0.0,0.0,0.0,0.2167618449401697,0.25633469147630994,0.05905543731998851,0.3302327578741331,0.10373731756159615,0.0,0.23046408200339225,0.08623699376146812,0.251959515048029,0.26223416863478477,0.0,0.0,0.0293429089403881,0.0,0.11435179859789438,0.021115981068694,0.24099095590102948,0.20970900898465256,0.22679522186965204,0.408134855495133,0.27414259743490305,0.4045374379552119,0.22396074028869972,0.337332809315539,0.31956907160484904,0.17498471189453507,0.16435248045102457,0.29517073051530385,0.0,0.2832031851652387,0.24035306355172298,0.10688415728503517,0.2939469948447152,0.3041202629810252,0.2823735068813131,0.29374239906334615,0.4813132941846425,0.0,0.19395423150499222,0.09750362273714294,0.2231855538274164,0.1584144841049532,0.04413381761767465,0.0,0.19650046872937443,0.0
0.5965564288917873,0.0,0.0,0.0,0.24817458365526274,0.14033206796252728,0.0,0.0,0.0,0.0,0.0,0.0,0.35479895748977086,0.44132439996703615,0.0,0.0,0.0,0.0,0.0,0.2828607362840798,0.0,0.0,0.0,0.0,0.15753780744256246,0.31014663471387804,0.0,0.0,0.0,0.06605543659630903,0.46743702640159657,0.0,0.4041545285636228,0.0,0.49976788930021376,0.5053292037344785,0.0,0.0,0.0,0.21131628501300426,0.15120378152344555,0.3407717642781057,0.0,0.03981598318960182,0.0,0.38811139145032797,0.0,0.4593538155443203,0.0,0.0,0.0,0.0,0.0,0.0,0.08315192692593529,0.38273864664580737,0.0,0.0,0.04445916767477502,0.0,0.08231243256386023,0.0,0.0,0.0,0.0,0.0,0.0,0.0,0.0,0.0,0.0,0.0,0.0,0.6516903109220016,0.0,0.18155913834533105
0.1113913478773913,0.0,0.07886925158602137,0.15784523830816152,0.11855489453186552,0.010252272230344694,0.0,0.0,0.21139198665532385,0.0,0.2146819836887297,0.0,0.0,0.11343654140891583,0.0,0.0,0.0,0.0,0.08596591935814374,0.35910333591366883,0.0,0.08484492337263277,0.0,0.05865239678930906,0.0,0.06738727381152276,0.07950097297917416,0.0,0.06605543659630903,0.0,0.0,0.0,0.0,0.0,0.10714881463985672,0.08933932996140129,0.0,0.08729008714107482,0.0,0.0,0.2337198966365082,0.2661745650172044,0.04755982880064061,0.0,0.0,0.13731313223031508,0.0,0.19724567255196426,0.0,0.0,0.0,0.0,0.01926892983739331,0.05420945675391986,0.0,0.10588419217042669,0.0,0.0,0.0,0.0,0.0,0.0,0.0,0.05533538339774663,0.14885556914571188,0.0,0.0,0.16300543330179446,0.0,0.0,0.06046966320667993,0.16461954914942104,0.07193703269615376,0.06654299731223087,0.07733227843416429,0.08777116206837979
0.5101925586883086,0.12714947994624295,0.0,0.05553434468356444,0.15546994964631214,0.0842662541063703,0.0,0.0,0.0,0.2851004288856651,0.0,0.0,0.12007358496411807,0.09773292067267622,0.04984910143658494,0.38032633059271,0.2608722299209973,0.22506470197040698,0.0,0.24323306617049434,0.0,0.19248869059767892,0.0,0.055414355511347185,0.18613909653718286,0.27911117474958286,0.12583486229233384,0.2167618449401697,0.46743702640159657,0.0,0.0,0.11984661730140038,0.257313746908415,0.17010343241204096,0.31968311054133036,0.20833560543265195,0.03899913295284099,0.01057494427315303,0.07875557044042635,0.1880511176468116,0.0,0.0,0.0,0.042836545124304806,0.18073446968409546,0.42752437506986457,0.0,0.10934657113951597,0.1765943967169068,0.0,0.0,0.0,0.0,0.0,0.2140564026819468,0.15415800463211554,0.0,0.0,0.02810510180693443,0.0,0.2957718725389288,0.0,0.2312001841376255,0.0,0.057392305712423985,0.0,0.12211834371349073,0.0,0.16021149160250323,0.030175262709066508,0.0,0.0,0.0,0.253656853165819,0.0,0.07145134511507514
0.0,0.0864456200101012,0.2998801158847269,0.0,0.0,0.22478012044196288,0.05368350543189514,0.3453732186673043,0.19533776670500286,0.1373618300565887,0.06543339423817662,0.15567405507171928,0.11233609514249639,0.0,0.3198327088315939,0.19605020527977202,0.18926578615407713,0.17812341884092736,0.23845202611308114,0.1951753656933133,0.38422900564348783,0.33240320221007186,0.3773594184561775,0.28085217414283775,0.03732079628445148,0.06066088386743504,0.34301573595037127,0.25633469147630994,0.0,0.0,0.11984661730140038,0.0,0.04310073476321885,0.05778506855447163,0.0,0.0,0.22225934072145564,0.2429631996400402,0.25932162261832997,0.1660854594814213,0.0,0.0,0.3053315593426313,0.2034845755635801,0.0,0.10432515758553018,0.37727342899172167,0.06960200527680713,0.20984589034935366,0.24624447462885213,0.4155618127521051,0.2952827151068802,0.30961098183093755,0.33906151021722597,0.0,0.0,0.1636693833986516,0.3658375661912956,0.03316856790833367,0.4071611027245774,0.05218566458062282,0.058238876731403974,0.1738645604434486,0.34238023776911464,0.3194127330364127,0.27075439554117553,0.3932305115455668,0.23544379925110304,0.15048490810313372,0.20625420666804067,0.307102852786286,0.3094413885982392,0.1503505398869326,0.0,0.042461155750802504,0.0
0.3911803563426913,0.10003052427333772,0.0,0.0,0.1474867551698519,0.3005182774252043,0.0,0.0,0.14410366918348919,0.0,0.01824556883011233,0.0,0.32899219825812803,0.23369266155797025,0.18833471283227504,0.0,0.0,0.0,0.01809279006030809,0.28622972601531604,0.0,0.10608153416016196,0.10849749156073338,0.04047029826194781,0.10336356894615922,0.25072100180201373,0.09301743933029405,0.05905543731998851,0.4041545285636228,0.0,0.257313746908415,0.04310073476321885,0.0,0.20439861127931808,0.2709714529978544,0.2708874596948338,0.0,0.11508842024553315,0.08260180008674267,0.5598473204372837,0.31534272290993776,0.20895664738121095,0.01114535357440076,0.012797614265716475,0.026091605317712957,0.24200745594797374,0.0,0.24918540726493826,0.0,0.0,0.0,0.0,0.0453436105948678,0.0,0.1418214539028182,0.26805607835235346,0.004871661478438594,0.0,0.07829802778576248,0.0,0.0,0.0,0.0,0.06837669095810818,0.03475261636215159,0.0,0.0,0.010632972119112918,0.028130242188914856,0.0,0.10648788366430922,0.0,0.0,0.20594513230147002,0.0,0.18902378991118868
0.0,0.0,0.1958324330975576,0.038870034909266576,0.0,0.0,0.0,0.2342204902520818,0.0,0.039904899534630806,0.0,0.0,0.0,0.0,0.33085603433108246,0.13461384144401528,0.08400262160100562,0.03009382797315635,0.06672298184299764,0.0,0.2478730946628648,0.17805415537324404,0.2748311040896349,0.0,0.0,0.0,0.22016746758954203,0.3302327578741331,0.0,0.0,0.17010343241204096,0.05778506855447163,0.20439861127931808,0.0,0.04193879951915408,0.0,0.11996106820642707,0.1066240056252095,0.26333628533447484,0.31208058479095646,0.0,0.0,0.2659981019800626,0.0,0.08924617808133031,0.0,0.18521059608278437,0.0,0.08542597324735739,0.3568017991121214,0.3418885075262989,0.4256626506904213,0.1782966447356861,0.27040391805023845,0.12492424578546014,0.0,0.0,0.28772650195598415,0.0,0.26595882963238826,0.06463489152582887,0.12912598152661878,0.16622296325571492,0.197271770412564,0.23558530906049102,0.15496999320236352,0.4292248300262329,0.0,0.0,0.051925461531359296,0.0,0.16948678993499322,0.048731965904623864,0.0,0.11060678934438185,0.0
0.32602936124994,0.0,0.0,0.0,0.09844546338186365,0.17029205678116682,0.0,0.0,0.05119683828121795,0.0,0.0,0.0,0.2093275982522716,0.26839946534766923,0.0,0.0,0.0,0.0,0.0,0.20595349677981534,0.0,0.0,0.0,0.0,0.0036257834172151587,0.16176148693957748,0.01359883316419367,0.10373731756159615,0.49976788930021376,0.10714881463985672,0.31968311054133036,0.0,0.2709714529978544,0.04193879951915408,0.0,0.38390709000228,0.0,0.0,0.0,0.16420528072733329,0.023344698825724042,0.139962096699025,0.0,0.0,0.0,0.1591162011061739,0.0,0.2733725298509892,0.05573425429923955,0.0,0.0,0.0,0.0,0.0,0.05960611958992977,0.31704816552077786,0.0,0.0,0.12470502227691714,0.0,0.0,0.0,0.0,0.0,0.0,0.0,0.0,0.0,0.0,0.0,0.0,0.0,0.0,0.18006042863747096,0.0,0.0
0.31264571056033974,0.0,0.0,0.0,0.324919065892209,0.3229644134440861,0.0,0.0,0.0,0.0,0.0,0.0,0.15885571050089276,0.6957194611593893,0.0,0.0,0.0,0.0,0.0,0.024079104173769628,0.0,0.0,0.0,0.0,0.0,0.2626862840505727,0.0,0.0,0.5053292037344785,0.08933932996140129,0.20833560543265195,0.0,0.2708874596948338,0.0,0.38390709000228,0.0,0.0939462532565889,0.0,0.0,0.10304056816687647,0.0363387581262821,0.2373068775597884,0.0,0.013703929307601309,0.0,0.026360587459825488,0.0,0.2070784846649657,0.0,0.0,0.0,0.0,0.0,0.0,0.0,0.3585648907717148,0.0870734286473453,0.0,0.2372352256727183,0.0,0.0,0.0,0.0,0.0,0.0,0.0,0.0,0.0,0.0,0.0,0.0,0.0,0.0,0.16359709486467483,0.0,0.0
