0.0,0.3537218861731472,0.4287213714993012,0.1694506938127417,0.05234265046794073,0.38707389194712594,0.0,0.043319018052190766,0.3188709981995176,0.6463716303026343,0.0650326501610518,0.3547865711562878,0.43320247365330145,0.0,0.10039886781799154,0.6284643244481154,0.5163442334842323,0.5797634969491907,0.3297571002691767,0.3209453063825903,0.5243202781070635,0.4724616723556415,0.4903233136689018,0.38020609237122127,0.5818863029075185,0.48275132284415884,0.5215186363941758,0.3115989765671269,0.5483863534882102,0.15567451864390203,0.23833025108297826,0.3033981636923104,0.5862731876371008,0.1361679416627207,0.0,0.0,0.0,0.2578433709002267,0.0788091039047378,0.4535545241653862,0.21770222814037843,0.26653994229305134,0.0,0.0,0.10834830443078808,0.8918277254897236,0.12521836814059073,0.1518933274409086,0.0,0.0,0.09157680529691781,0.0,0.0,0.0,0.334189876862082,0.0,0.36284820087746117,0.0,0.0,0.10953662050408072,0.6902232275859178,0.4273619102975864,0.5704138332765755,0.14725767924072725,0.1515869500788093,0.29201796320112033,0.27734396021559854,0.3287934086784114,0.3547933152027443,0.17418954769425618,0.3709564210961107,0.27220622766485353,0.0,0.40361925522926845,0.33464807263659774,0.0
0.3537218861731472,0.0,0.450580961036844,0.0,0.0,0.6809965910642309,0.30414859759128454,0.1659765220741774,0.5199244308941346,0.6391385208071027,0.1472025686714728,0.39901115730470477,0.4455500020136499,0.0,0.46738512877207616,0.6161107319675614,0.7051568158566757,0.676436413130908,0.35763686815689677,0.3595170039758387,0.42589604529285585,0.5626652311995755,0.4217255433639595,0.2002383215227192,0.8174730235368632,0.8067251223197424,0.5699431902125285,0.1398678409592003,0.3663697530316287,0.059654746569534345,0.0,0.25498755706546605,0.33433315579144884,0.0,0.0,0.0,0.0,0.14506791879326308,0.27921701886839523,0.3495772846634691,0.10405918104312967,0.0,0.0,0.0,0.0,0.28583558263051545,0.803341767724417,0.42066099552475567,0.0,0.17244584798010848,0.6061532733400583,0.3585369374324391,0.10968017748992867,0.22438261936618192,0.6661269348716232,0.015632022852578614,0.49402232475468577,0.3732148790264206,0.0,0.50331524729545,0.4291449414133125,0.5958441703050499,0.5832566123275011,0.33728083338821613,0.3073692422492975,0.34508691460411284,0.4342686492291708,0.467992526379866,0.33366486157102276,0.6871692110263659,0.7440983463136949,0.5140266578919379,0.1767999176405437,0.4737864192029826,0.3703369204486339,0.06824765585989882
0.4287213714993012,0.450580961036844,0.0,0.0,0.30375339717132255,0.676833560513908,0.11925436708581685,0.26011161819888545,0.7190628589340059,0.637711470687219,0.5282112838931915,0.33571637949171146,0.3420300872642915,0.0,0.21572624656423878,0.3346057833980929,0.43262407982993634,0.49637298401529184,0.6274720619480763,0.48083917328363035,0.33807685302172863,0.47365289458959964,0.658108861247322,0.410867252946876,0.5699666380284532,0.5742839830526554,0.7551336591145501,0.15440003595888807,0.5156569460137927,0.19769474373818482,0.044388774165084605,0.22561549959557603,0.2544809212447849,0.0,0.0,0.0,0.0,0.08823736871046482,0.09318539832523628,0.31466068368800887,0.0,0.0067554354110398035,0.0,0.0,0.0,0.3946341770729933,0.3316622886107267,0.6057478375273011,0.0,0.11635818544997456,0.5147665343972145,0.1774137582171148,0.13686494511039193,0.3486069406667156,0.33187654234126746,0.11966626303812644,0.37691634620664327,0.21776286815887602,0.0,0.44904635169524815,0.47735846899621526,0.3021281615642424,0.4993813876804454,0.5266066436024291,0.41007778110079696,0.34345515379688873,0.5069877665482039,0.6221830275162086,0.31855427740543396,0.4034875232408927,0.4537867521588238,0.647234469500949,0.1082564071876988,0.5023084319594147,0.2902311178908855,0.0
0.1694506938127417,0.0,0.0,0.0,0.0,0.0,0.0,0.0,0.0,0.0,0.1210072919024173,0.0,0.1401630024746654,0.34406923196651146,0.0,0.0830498157125297,0.0,0.0,0.009538193758900027,0.0,0.0,0.0,0.0,0.0,0.0,0.0,0.0,0.06651879277888562,0.0,0.0,0.0,0.07997778835073731,0.08806351474642544,0.2392353990048256,0.22689606872752294,0.0,0.0,0.0,0.16978131851377548,0.19214163796016165,0.3803040996971542,0.28903433370597587,0.0,0.0,0.1913346548644336,0.09951836460312272,0.0,0.0,0.4884539903059456,0.21486550497732948,0.0,0.1159102312392164,0.0,0.0,0.0,0.13332052424477667,0.0,0.017544744928755115,0.19008584966527572,0.0,0.20162249561696577,0.0,0.011150272724297208,0.11200779982895094,0.0,0.0,0.0,0.0,0.0,0.0,0.0,0.0,0.15247674138799555,0.026209181153703506,0.05564209372841311,0.1036921805100661
0.05234265046794073,0.0,0.30375339717132255,0.0,0.0,0.23661442313399778,0.4811260304116546,0.47893124125750935,0.2522366777364229,0.12693314340017028,0.6935914511604142,0.0,0.34358522389456975,0.5190470041543869,0.15388743635944355,0.0,0.0,0.0,0.21876824963524472,0.42418071089981385,0.2888365295910933,0.1310709882943319,0.44921960222595314,0.08296621233541246,0.0,0.0,0.22424846201754822,0.2366556171355637,0.4945039767383729,0.6433245838716803,0.4431216917226998,0.0,0.0,0.0,0.012762507237442405,0.304069251209104,0.24962818578174845,0.0,0.0,0.0,0.0,0.0,0.18300866508642097,0.3205256223737656,0.0,0.0,0.0,0.0,0.0,0.18640331709134594,0.1100519893617726,0.0,0.5290016533040884,0.10935367489887887,0.21197126783847053,0.0791655347626285,0.15013626036148556,0.0,0.3144218125364623,0.0,0.0,0.0215101248206295,0.06217308447482514,0.22926787754908828,0.0,0.2892247796314195,0.07180706164230488,0.24512330061078486,0.0,0.15707941004192014,0.0,0.061105503067215294,0.03976389429321958,0.01458364482051308,0.0,0.21772759397833064
0.38707389194712594,0.6809965910642309,0.676833560513908,0.0,0.23661442313399778,0.0,0.27515763188344605,0.4241921697174632,0.7492578790033243,0.5429003247418436,0.2939971979118715,0.45875271797946043,0.5341363922715191,0.0,0.29927177531807364,0.3957641608981084,0.5508178053050099,0.5639551087452518,0.5274249591667797,0.48351213545618155,0.4193599367230422,0.4623004419587057,0.684941231862385,0.2762459910062592,0.6336209673786057,0.6668389695542797,0.7427770785996406,0.09576151777982683,0.6280619132925551,0.2237774692760414,0.0,0.10955084440394657,0.30786197838487184,0.0,0.0,0.0,0.0,0.07368912327599045,0.07157900689360973,0.33773368536546344,0.0,0.0,0.0,0.0,0.04511767040018047,0.34978512519676674,0.5332496473568624,0.5612030025283823,0.0,0.04377308754547332,0.7482730480388387,0.2250580588146403,0.33586029984210164,0.19185980477908604,0.42000350537203235,0.07956012998554418,0.47423667840674694,0.33254803918211695,0.0,0.3930413321615321,0.40069300537089114,0.4205173555133149,0.5694910424185442,0.3717779981063481,0.3612757739395968,0.3351153105682025,0.39774863234076674,0.706164347159699,0.40811124051604286,0.5110843784660828,0.5735631615446795,0.5965300467884814,0.07646262814512866,0.49085734122627434,0.4017222978667955,0.0
0.0,0.30414859759128454,0.11925436708581685,0.0,0.4811260304116546,0.27515763188344605,0.0,0.2817171552859757,0.162231314587146,0.05993158165445556,0.31469445748120806,0.0,0.48520736655120617,0.3419563795140969,0.3318456113101888,0.0,0.057873065533890766,0.0,0.1124776411569548,0.3913918927341882,0.30608259603314225,0.1958736021000413,0.2541444259500391,0.0,0.0881750318938212,0.12890819781609225,0.1823756953997397,0.3453932834182568,0.3446544260838119,0.5344867828403947,0.3069949600809566,0.1430806031469614,0.0,0.0,0.0,0.3403226250281154,0.26408523103702697,0.0,0.12135004929376322,0.0,0.18799365494246162,0.0,0.43066440813497775,0.4555799160615506,0.0,0.0,0.2521276258612255,0.13983610046291128,0.04690102290267595,0.3896067445860719,0.35666406295565883,0.35656998171564286,0.5177538323982374,0.2187975510186159,0.35328858445504485,0.0,0.17384259630512416,0.28702230297222325,0.3583264294398365,0.25038498709652807,0.0,0.16388995282932753,0.20158687408954096,0.20068556326412015,0.09454087308158088,0.45480831235522357,0.2284628410908711,0.2528071248115136,0.02468566948322691,0.4647202905117451,0.23800959212952927,0.1934997261639136,0.2918441477853963,0.14362508962075626,0.2252132870307817,0.3972955239201146
0.043319018052190766,0.1659765220741774,0.26011161819888545,0.0,0.47893124125750935,0.4241921697174632,0.2817171552859757,0.0,0.3574129810179048,0.19776025124334123,0.25341931261060374,0.23978214261667552,0.18431692086298163,0.1285661658897001,0.09192245844955851,0.0,0.24807895469924315,0.0,0.2911560275188368,0.22424465867540916,0.3715305521897746,0.032413989044511926,0.5418709415894252,0.2645521961328029,0.1414342417227932,0.2455535756011381,0.21983456574902782,0.11563944204301763,0.36254939270887176,0.566166213521543,0.39681497625364553,0.025807012838558352,0.0,0.0,0.0,0.300288832604537,0.1942121880817332,0.0,0.0,0.0,0.0,0.0,0.09943116092195027,0.21014237680242723,0.0,0.040640519209193926,0.002940477784147244,0.017111831679610057,0.0,0.0,0.19597010919566432,0.0,0.6593622763652528,0.0,0.2069422441764433,0.0,0.29179980181860077,0.0,0.04683525854659726,0.006821604989641794,0.0,0.19685919128069096,0.0,0.16216009199537224,0.0,0.26132398535477935,0.0,0.4286626399563671,0.27454990763656745,0.14848491775649464,0.2073814922792843,0.0,0.0,0.0,0.044088953570605174,0.0583382128270383
0.3188709981995176,0.5199244308941346,0.7190628589340059,0.0,0.2522366777364229,0.7492578790033243,0.162231314587146,0.3574129810179048,0.0,0.5651265899888982,0.4656194379899704,0.5067842687813929,0.47973219532267464,0.0,0.32905706921665223,0.24150317461861537,0.4848566736084492,0.4326409282734254,0.3911846032032664,0.5573305334284347,0.26592634071167065,0.4425309221161818,0.5732397147911117,0.3855264218042068,0.5832842205923918,0.571944775756086,0.7311178540552192,0.29485914034995575,0.46803282342642777,0.18500038710298758,0.0,0.0,0.10754173918667215,0.0,0.0,0.0,0.0,0.08219689684589514,0.0,0.1566909755117304,0.0,0.0,0.0,0.0,0.03465011760464175,0.3078182196432853,0.40914960341580053,0.6462035354602088,0.0,0.13936695138004868,0.5709395279770081,0.16379572316207075,0.3185282963442033,0.43688599813399104,0.4532910859745044,0.3697196310660683,0.48600442254210974,0.3305656388256394,0.0,0.4707927130142788,0.3330187937248891,0.47473977366999276,0.46007847233079824,0.20328421658116452,0.4602032957185271,0.22789643044906593,0.43718816836539603,0.6142952986373369,0.44476749138447774,0.4040841767407942,0.4954244644771859,0.6488452364963939,0.2398791855760502,0.4874187274777527,0.37260989551797663,0.042824751794371826
0.6463716303026343,0.6391385208071027,0.637711470687219,0.0,0.12693314340017028,0.5429003247418436,0.05993158165445556,0.19776025124334123,0.5651265899888982,0.0,0.20684721644428863,0.4879567809462977,0.39799236157295204,0.0,0.22640969512589765,0.5095977426210676,0.7838827422906466,0.5996496324912876,0.3793378845333988,0.35171966452064557,0.48894774454871537,0.476024132720533,0.5398022311646103,0.4145820503684666,0.8394850097638178,0.7143493328399548,0.6321161179567027,0.2242650173792475,0.5006527836470682,0.1005515047131148,0.104405866543401,0.1211932629365601,0.3342927587638037,0.0,0.0,0.0,0.0,0.19282340398331707,0.0,0.30289592834302226,0.0,0.08425308364040979,0.0,0.0,0.0,0.6313542159834383,0.4291145194074413,0.34925469126353903,0.0,0.0,0.33202708792981506,0.0,0.0,0.0,0.6304271601235975,0.0,0.6214567569097929,0.048971014243822164,0.0,0.30170701371580555,0.519438660338794,0.5375313038180102,0.6085092355560621,0.2239891873850986,0.16712873963636063,0.34021719166072595,0.34179211988741764,0.4186511762316101,0.40172829180549574,0.5788980967587088,0.6497074793480653,0.424737901120418,0.0,0.3833192076727081,0.2229412113762397,0.0
0.0650326501610518,0.1472025686714728,0.5282112838931915,0.1210072919024173,0.6935914511604142,0.2939971979118715,0.31469445748120806,0.25341931261060374,0.4656194379899704,0.20684721644428863,0.0,0.0,0.2871754370350846,0.39831306909246056,0.2441285034505483,0.0,0.004371748705726652,0.0,0.38558766567499214,0.42535363575699064,0.16195108278398548,0.29744302196277755,0.4124959758871729,0.014022957775914197,0.12748962551048862,0.06994032776116266,0.34792440948512704,0.1770549266362859,0.372191577779133,0.42384442081553275,0.26309712314415057,0.0,0.0,0.0,0.0,0.030835035798080834,0.09623562632205761,0.0,0.0,0.0,0.0,0.0,0.18443743018466824,0.2426219905604387,0.0,0.0,0.09575516291579678,0.16422913133248845,0.0,0.3664593373867078,0.30719410188073076,0.23808340778889073,0.4581492330810617,0.4400060334853281,0.34915654067011215,0.3998453235023561,0.1488964676268721,0.14294104117552583,0.3307183233922022,0.12929631768277522,0.0,0.12400832333998335,0.20818670653974897,0.4419308486421344,0.13560637944801218,0.24192900973832585,0.24790239036820377,0.29053576381826096,0.0,0.26725794237321476,0.1274943438511871,0.2878231896370433,0.1963911537705561,0.24664393000733278,0.0,0.25242132500940406
0.3547865711562878,0.39901115730470477,0.33571637949171146,0.0,0.0,0.45875271797946043,0.0,0.23978214261667552,0.5067842687813929,0.4879567809462977,0.0,0.0,0.36534497516033376,0.0,0.055795991277028334,0.08010229295302898,0.5430400317936592,0.5522936908828063,0.08686478971513897,0.0,0.06094203947197632,0.0,0.29729419202662233,0.5622014548548153,0.534584467682705,0.5995147737287914,0.3219401395480821,0.13038074207491193,0.09208062077128754,0.0,0.0,0.032485563475786225,0.37863804833700665,0.0,0.0,0.0,0.0,0.31157261624874044,0.06962802116423315,0.4227286643819481,0.0,0.2659487918604386,0.0,0.0,0.07075718987098135,0.3825298078718797,0.23348372432502074,0.4164158685045929,0.0,0.0,0.27328710128950334,0.0,0.047827550748160697,0.06258463463587632,0.29147635928049875,0.24554403275696648,0.7337969711176648,0.22492966121324537,0.0,0.11310801593034522,0.471867668076673,0.3480582267014777,0.3529933924239676,0.0,0.14703440286209613,0.0,0.024395315225117953,0.3574847549870389,0.585787152290912,0.21469027343295563,0.4802485717095536,0.24941947925493396,0.02433496083260367,0.17898442146073187,0.35228413500257805,0.0
0.43320247365330145,0.4455500020136499,0.3420300872642915,0.1401630024746654,0.34358522389456975,0.5341363922715191,0.48520736655120617,0.18431692086298163,0.47973219532267464,0.39799236157295204,0.2871754370350846,0.36534497516033376,0.0,0.10991747623934925,0.2947266707756337,0.26421614198133725,0.358789587911141,0.38897416864793405,0.10790174107416117,0.43577042257391424,0.33237625542616556,0.34087859070879467,0.4445502157785019,0.282255413737871,0.3721423050978195,0.3806185394007062,0.38626618196799284,0.5886076697360332,0.5082552037111178,0.3517235364975662,0.059263056113533275,0.09397247287687016,0.22166683668406736,0.0,0.0,0.0,0.0,0.18039704617391603,0.04257520406193445,0.2759184108611527,0.3367932512950217,0.11719164134522167,0.0,0.021110457670832805,0.12224622191528703,0.3904316959352401,0.2507095080529976,0.29490050392106015,0.0,0.1923672666804688,0.3962860183548539,0.22988055924808465,0.2567208641915706,0.16817382574075185,0.389623119980902,0.1200061252815732,0.4613495855876475,0.46430650368718274,0.12482449055878145,0.1632980450344209,0.48734547625387126,0.4491458450940148,0.6288155046031052,0.027700338149131032,0.22844313532418187,0.2501066953414866,0.29220436192162436,0.3516657883168973,0.342248526023597,0.3879181075821625,0.3776784307911598,0.2902648656319747,0.4440829518320326,0.35179288260747377,0.5472453506711557,0.27541229939511286
0.0,0.0,0.0,0.34406923196651146,0.5190470041543869,0.0,0.3419563795140969,0.1285661658897001,0.0,0.0,0.39831306909246056,0.0,0.10991747623934925,0.0,0.0,0.0,0.0,0.0,0.0,0.047356543345822705,0.0,0.0,0.0,0.0,0.0,0.0,0.0,0.2892852528916187,0.0,0.4213861265953882,0.34591608606127294,0.0,0.0,0.1659327061161159,0.3130268911038989,0.5436962495063562,0.4199767495208094,0.0,0.0,0.0,0.11446020830677521,0.0,0.4578294486751038,0.4195515416888661,0.0,0.0,0.0,0.0,0.18333209131779238,0.26495760249325073,0.0,0.06859266473087332,0.39704442404498175,0.0,0.0,0.18132745500870215,0.0,0.0,0.6270972570081339,0.0,0.0,0.0,0.0,0.08502381523398844,0.0,0.00854154423192205,0.0,0.0,0.0,0.0,0.0,0.0,0.22477082613435384,0.0,0.0,0.4427889245789906
0.10039886781799154,0.46738512877207616,0.21572624656423878,0.0,0.15388743635944355,0.29927177531807364,0.3318456113101888,0.09192245844955851,0.32905706921665223,0.22640969512589765,0.2441285034505483,0.055795991277028334,0.2947266707756337,0.0,0.0,0.22379703687146768,0.07902558325812692,0.08522749348045702,0.1307241617350019,0.6063593180309197,0.4102360275229756,0.6571925570892871,0.2904802435186415,0.0,0.2635485447215872,0.37794362643045465,0.40818637545634584,0.18709212842712133,0.23294418268813216,0.24496273831964904,0.08894963565385333,0.13069067252044111,0.0,0.022132122780102736,0.0,0.0,0.0,0.016348995459669613,0.2587980783111129,0.013662774073409822,0.14434834359443038,0.0,0.27836613051386644,0.27347006175280936,0.0,0.0,0.5452437145296063,0.25794931880142863,0.2424561752742288,0.45216500298826573,0.5074915573610557,0.5620169330534286,0.1971181727624523,0.47786453963082337,0.3734639274282597,0.06357227408979421,0.12455044508533768,0.4466913345876691,0.23292618552550123,0.6528843616937703,0.1419852711531673,0.2675309408727164,0.26563052683470456,0.23800015986181028,0.5160789830202399,0.3426165192531976,0.5681830860762549,0.362489445378746,0.0,0.43632926893886725,0.5122318746040361,0.49237269019351376,0.43572251618598384,0.5206971552557439,0.3101865797401991,0.3653273520690286
0.6284643244481154,0.6161107319675614,0.3346057833980929,0.0830498157125297,0.0,0.3957641608981084,0.0,0.0,0.24150317461861537,0.5095977426210676,0.0,0.08010229295302898,0.26421614198133725,0.0,0.22379703687146768,0.0,0.5116579839319895,0.7182014548754905,0.3457982819204955,0.31268415482433387,0.3449775125953529,0.670624345400153,0.23327711436833123,0.0,0.6126316009860379,0.46264794481471705,0.49555474372319047,0.0,0.4270016428453652,0.0,0.16652445997413706,0.35849988275172867,0.5662855368793194,0.2841759306427518,0.0,0.0,0.0,0.22730186791959492,0.27911059431633134,0.48513539592725813,0.17349616441192417,0.2892845199502043,0.0,0.0,0.21248505877459534,0.5524495877503318,0.5542342733886193,0.20004714141477953,0.12799472816951504,0.0,0.2676479947487864,0.19077105223110816,0.0,0.0,0.3344530430071056,0.0,0.18164150864889722,0.017759811301115258,0.0,0.27389285466610225,0.5904936019815347,0.2856920260263309,0.4663234370933468,0.2834084013581092,0.25366014751653576,0.19081551268381383,0.41010344682526534,0.2345930856381257,0.06423949978634,0.2994990867670617,0.36688380416451766,0.4344391392519434,0.0,0.5378037788993169,0.22650175038263617,0.0
0.5163442334842323,0.7051568158566757,0.43262407982993634,0.0,0.0,0.5508178053050099,0.057873065533890766,0.24807895469924315,0.4848566736084492,0.7838827422906466,0.004371748705726652,0.5430400317936592,0.358789587911141,0.0,0.07902558325812692,0.5116579839319895,0.0,0.6835849253746422,0.3572782807135128,0.15282524331553743,0.36200705997263405,0.26975890414272236,0.4274798602361565,0.4155555470631399,0.8296883524278136,0.704931232591503,0.49442640011758665,0.175764359441493,0.33911454428139154,0.01243627509111253,0.06371896550576184,0.18620857397524462,0.4208237477872684,0.0,0.0,0.0,0.0,0.19984684226149801,0.046245970485381094,0.32467942894100477,0.016857330462478087,0.14328679477909873,0.0,0.0,0.0,0.5411470491937398,0.37553876953738463,0.30291098953942897,0.0,0.0,0.26272747852151485,0.0,0.0,0.0,0.5854511940505066,0.0,0.6514722522182776,0.008836359441098285,0.0,0.18695006203645387,0.4091304701579269,0.5859342164346864,0.5046783897542496,0.14541465848790452,0.07898544412363392,0.2292160899048942,0.16142178713188385,0.3408841113601835,0.4808386220407572,0.43430748197987235,0.5540496850582655,0.28409284397075474,0.0,0.21120097698065068,0.27124505590024545,0.0
0.5797634969491907,0.676436413130908,0.49637298401529184,0.0,0.0,0.5639551087452518,0.0,0.0,0.4326409282734254,0.5996496324912876,0.0,0.5522936908828063,0.38897416864793405,0.0,0.08522749348045702,0.7182014548754905,0.6835849253746422,0.0,0.3163055027375574,0.13322380031724435,0.15630359062456234,0.3566579003939109,0.2764528105849601,0.4114205910214799,0.7454420313709598,0.7027067985249351,0.49398906944455245,0.09061698073506014,0.24472039310241225,0.0,0.0,0.3214298234366597,0.6741982844403334,0.0,0.0,0.0,0.0,0.40150265886097614,0.30516198675332074,0.7221206964094322,0.15134243869200348,0.5102235783920877,0.0,0.0,0.27995179582092533,0.5863817938370846,0.4914323028105298,0.4788196356709127,0.0,0.0,0.3579642133152664,0.06408067210408472,0.0,0.09018232613952176,0.34402249497532866,0.08728586679512941,0.48910650986072146,0.2160539704555768,0.0,0.2633735019817757,0.7783572575289555,0.41363434877803645,0.6298620624696641,0.13990181487284523,0.3159207617326446,0.04749146359678805,0.3269392842364943,0.3182034386726797,0.4696787146021936,0.3212819545496224,0.4969732441638,0.4529965253997136,0.04718721758597716,0.45278442931395096,0.4520617503467694,0.0
0.3297571002691767,0.35763686815689677,0.6274720619480763,0.009538193758900027,0.21876824963524472,0.5274249591667797,0.1124776411569548,0.2911560275188368,0.3911846032032664,0.3793378845333988,0.38558766567499214,0.08686478971513897,0.10790174107416117,0.0,0.1307241617350019,0.3457982819204955,0.3572782807135128,0.3163055027375574,0.0,0.2642356231845465,0.378569686074507,0.37043660462623845,0.5121342143930875,0.18946069532715504,0.40111035025664626,0.3772086751477848,0.5119659521857866,0.0,0.46246723502717807,0.27745595436056264,0.23298228264472948,0.13686302118023516,0.16973876480219463,0.029267114253635304,0.0,0.0,0.0,0.0,0.06690145210581015,0.1765106682317239,0.0,0.0,0.0,0.0,0.0,0.28646682505679544,0.32758424093975624,0.21943490863691434,0.0,0.0,0.39443490537002185,0.14053032895715356,0.2114229111322571,0.0607761216286386,0.38758458656320716,0.07226443511162539,0.21648695601685494,0.024166186082669683,0.0,0.2075604707931871,0.20450848797300128,0.31001034710306896,0.30913685816509695,0.8158476490712435,0.1048943642133413,0.3258686187832374,0.30099597953841406,0.42285339590447324,0.20698008493416087,0.34568357084321555,0.3553528459578401,0.3743086676680382,0.0,0.362602945847515,0.21856063184017716,0.16711093354127957
0.3209453063825903,0.3595170039758387,0.48083917328363035,0.0,0.42418071089981385,0.48351213545618155,0.3913918927341882,0.22424465867540916,0.5573305334284347,0.35171966452064557,0.42535363575699064,0.0,0.43577042257391424,0.047356543345822705,0.6063593180309197,0.31268415482433387,0.15282524331553743,0.13322380031724435,0.2642356231845465,0.0,0.5427567267580607,0.8102299400348636,0.5099644591740472,0.06060699480998649,0.3347312026228608,0.3342126581768917,0.6447395830396179,0.34265755559221495,0.6778359061192547,0.5219204676050914,0.3971941932047379,0.10336126406403895,0.0,0.05830734982605079,0.0,0.056613797009172795,0.08792330568396073,0.0,0.0,0.0,0.06820657181223316,0.0,0.16448560813930604,0.25567486105438475,0.0,0.24385476673088893,0.34875950607049755,0.34005609545229404,0.014878329968646797,0.32039249807742975,0.47129509354524024,0.4320539704380456,0.295284825428543,0.38858589040927827,0.36669890440612696,0.0,0.09633842947538712,0.26691880300580045,0.13470650300306455,0.5918160995115794,0.23248366181644048,0.2637468793274544,0.4178349853313874,0.28686536756362574,0.5945613183879435,0.514235192855668,0.6673879821540017,0.4808905905474711,0.04472122224067421,0.40598511387452246,0.3901913953626077,0.599984295638081,0.32350379570441135,0.5837449585716096,0.26427324916398837,0.3516802995415425
0.5243202781070635,0.42589604529285585,0.33807685302172863,0.0,0.2888365295910933,0.4193599367230422,0.30608259603314225,0.3715305521897746,0.26592634071167065,0.48894774454871537,0.16195108278398548,0.06094203947197632,0.33237625542616556,0.0,0.4102360275229756,0.3449775125953529,0.36200705997263405,0.15630359062456234,0.378569686074507,0.5427567267580607,0.0,0.5960230917733399,0.6642210209564453,0.07562087915377605,0.4758001556247575,0.4933528013240236,0.520303046726033,0.19863479884684568,0.68867851688321,0.49996705785853945,0.5005362577747222,0.3215122763152244,0.11587960254837765,0.20845189537562342,0.0,0.03861205709607757,0.12467213488618957,0.027878481268960698,0.14129964888650198,0.04298014718449236,0.0990742564681879,0.0,0.05394017351151709,0.11065363892249398,0.0,0.4545066637820828,0.3107811348194095,0.15827280227848078,0.0,0.043416032587457604,0.37063112807363147,0.20785800389817433,0.2795047706706648,0.02301275068817976,0.47166781604879865,0.0,0.20027112063384997,0.03381656520707105,0.004868853561435224,0.38184544351093624,0.2854317930955873,0.46686125353444974,0.4955424269302088,0.33172866824848035,0.2436874887983443,0.7504907298150462,0.4878549955450022,0.5206838101850945,0.12121393920728293,0.491522190728764,0.5505876089829013,0.3614947099187677,0.014481209607200174,0.5240649488421186,0.22112708055852787,0.32123757181157986
0.4724616723556415,0.5626652311995755,0.47365289458959964,0.0,0.1310709882943319,0.4623004419587057,0.1958736021000413,0.032413989044511926,0.4425309221161818,0.476024132720533,0.29744302196277755,0.0,0.34087859070879467,0.0,0.6571925570892871,0.670624345400153,0.26975890414272236,0.3566579003939109,0.37043660462623845,0.8102299400348636,0.5960230917733399,0.0,0.460563270602934,0.0,0.5081848273312873,0.47838653521583974,0.6415225518968694,0.13665025006552184,0.617403225684954,0.2601582057493915,0.286457354618853,0.22228387181895967,0.19870072447188378,0.23420173451692683,0.0,0.0,0.0,0.07031977477125027,0.2369023334062062,0.19941456606926444,0.13813944487712293,0.0,0.03008401677731931,0.09837968490613831,0.043272560712484046,0.3318376144483022,0.5893416212562839,0.3272101870431896,0.2057607676872043,0.3613398052529586,0.48533702739977697,0.54594634965986,0.08889179395579813,0.30504497761132265,0.4518693882902768,0.0,0.08715503108943407,0.2605168910114786,0.0,0.6528330842718232,0.4402291295028844,0.3341152546233157,0.4841962989600474,0.4241881621819973,0.5821616633288256,0.5165891954712754,0.7648104487677511,0.4668069265458387,0.0,0.479134182115206,0.5421293709603348,0.6131630213056326,0.2611165847370718,0.7480146006432011,0.2700077366539791,0.272955717915597
0.4903233136689018,0.4217255433639595,0.658108861247322,0.0,0.44921960222595314,0.684941231862385,0.2541444259500391,0.5418709415894252,0.5732397147911117,0.5398022311646103,0.4124959758871729,0.29729419202662233,0.4445502157785019,0.0,0.2904802435186415,0.23327711436833123,0.4274798602361565,0.2764528105849601,0.5121342143930875,0.5099644591740472,0.6642210209564453,0.460563270602934,0.0,0.3865090951532163,0.5005584422041146,0.5426180745705452,0.7481908070575468,0.25504028243735494,0.7199757699061275,0.5250266988292633,0.3487808632092456,0.19776315337823783,0.145124800084045,0.0,0.0,0.0,0.0,0.0,0.016681856230714137,0.11921540001350961,0.0,0.0,0.0,0.021863503881229818,0.0,0.44951443354662435,0.2230005886606639,0.3898706980467961,0.0,0.0,0.47251625525180835,0.08345234709105978,0.5042736802024937,0.0,0.39737106662292593,0.0,0.33785368475486527,0.06919856910630079,0.0,0.33169880180322003,0.3383594779846858,0.4264974762168343,0.5012907548379595,0.3776938873612813,0.22669092835776453,0.45673106982285055,0.40549772741254586,0.8413114238396908,0.3773407306262496,0.39348036035559664,0.49084149363661217,0.5261781461357213,0.0,0.4990109976036871,0.32181928034263396,0.1921675334066019
0.38020609237122127,0.2002383215227192,0.410867252946876,0.0,0.08296621233541246,0.2762459910062592,0.0,0.2645521961328029,0.3855264218042068,0.4145820503684666,0.014022957775914197,0.5622014548548153,0.282255413737871,0.0,0.0,0.0,0.4155555470631399,0.4114205910214799,0.18946069532715504,0.06060699480998649,0.07562087915377605,0.0,0.3865090951532163,0.0,0.38370711628498533,0.5032016006966418,0.3636707237357536,0.46069523456287287,0.0,0.09538262876601158,0.0,0.2768932369244135,0.388208969125596,0.0,0.0,0.0,0.0,0.35253279840997276,0.1410559068591571,0.35696378403638185,0.0,0.1446309790008522,0.0,0.0,0.18009385205608916,0.46537840136135217,0.0,0.3482283427278423,0.0,0.0,0.07868154333773156,0.0,0.09953695080839944,0.0,0.14228277961519928,0.12280848462248975,0.45500151036535397,0.11276336641907361,0.0,0.07832046122599283,0.379767346231654,0.31580185489370327,0.2659211118232619,0.0,0.14821476418636026,0.0,0.05435225699588905,0.40304757855098094,0.8438568064097758,0.0717713669364978,0.3098143372155244,0.2699266639802931,0.12011680788544668,0.04107816504015391,0.400643258742882,0.0
0.5818863029075185,0.8174730235368632,0.5699666380284532,0.0,0.0,0.6336209673786057,0.0881750318938212,0.1414342417227932,0.5832842205923918,0.8394850097638178,0.12748962551048862,0.534584467682705,0.3721423050978195,0.0,0.2635485447215872,0.6126316009860379,0.8296883524278136,0.7454420313709598,0.40111035025664626,0.3347312026228608,0.4758001556247575,0.5081848273312873,0.5005584422041146,0.38370711628498533,0.0,0.8760491866694182,0.6368881039634604,0.16338595059403932,0.44593962708063034,0.03460853330665156,0.0333167024669333,0.19929516739408473,0.38651756206587745,0.0,0.0,0.0,0.0,0.23304325061727726,0.13669626712530197,0.35282922302984665,0.021439363454526877,0.0749414518878774,0.0,0.0,0.0,0.5543983151628323,0.617926181877411,0.43737594151877834,0.0,0.0,0.48178490407336505,0.11552287043780038,0.0,0.1091165884828097,0.7046675604709951,0.0,0.645724411328459,0.13921536432447487,0.0,0.3822006918855042,0.5479442942727957,0.6506439633547646,0.6571754038371376,0.2703427467576011,0.2558454159402063,0.36996342074119204,0.40750812702378014,0.45288142500113227,0.4474282588235303,0.7131453942235096,0.7985521246568054,0.49201671678162395,0.0,0.4685042294968593,0.294962332297623,0.0
0.48275132284415884,0.8067251223197424,0.5742839830526554,0.0,0.0,0.6668389695542797,0.12890819781609225,0.2455535756011381,0.571944775756086,0.7143493328399548,0.06994032776116266,0.5995147737287914,0.3806185394007062,0.0,0.37794362643045465,0.46264794481471705,0.704931232591503,0.7027067985249351,0.3772086751477848,0.3342126581768917,0.4933528013240236,0.47838653521583974,0.5426180745705452,0.5032016006966418,0.8760491866694182,0.0,0.6330741640832667,0.1540299148768874,0.3563471961904887,0.0,0.0,0.3025441252766075,0.4102339558603739,0.0,0.0,0.0,0.0,0.32758807743324525,0.29478637804430513,0.4383707062685389,0.0,0.027253118365857934,0.0,0.0,0.03556255067283065,0.4626470385182981,0.6954976219591014,0.5565728974472504,0.0,0.056762260430756745,0.5621714255169175,0.23992161018461444,0.07936619710144954,0.2536472635961612,0.5664899250868457,0.0,0.5566155578040529,0.34279207443775955,0.0,0.5579928904836045,0.5750517017452885,0.5958843924330538,0.6293080894506182,0.2780636426542012,0.39657276203780234,0.44004534213208135,0.5045441407936071,0.6051298942336703,0.545690308529839,0.6753449007155321,0.8806599251954329,0.5658328366342695,0.1521015628019745,0.5118826373869814,0.4294332930580508,0.0
0.5215186363941758,0.5699431902125285,0.7551336591145501,0.0,0.22424846201754822,0.7427770785996406,0.1823756953997397,0.21983456574902782,0.7311178540552192,0.6321161179567027,0.34792440948512704,0.3219401395480821,0.38626618196799284,0.0,0.40818637545634584,0.49555474372319047,0.49442640011758665,0.49398906944455245,0.5119659521857866,0.6447395830396179,0.520303046726033,0.6415225518968694,0.7481908070575468,0.3636707237357536,0.6368881039634604,0.6330741640832667,0.0,0.2421841654216401,0.638371068196361,0.23769156979679323,0.14157056079669905,0.282675438477184,0.2821939310516638,0.0,0.0,0.0,0.0,0.1477373693783458,0.09390875083882265,0.2705619315739235,0.0,0.0,0.0,0.0,0.025223541540911554,0.4748808547574802,0.43500718869712496,0.5781048893756192,0.0,0.039625606636004174,0.5692284029388903,0.18669624476211197,0.16383498533635724,0.2154629020943366,0.40465471814556675,0.05471235236231936,0.3667350467220666,0.11031494623579666,0.0,0.5320355059160751,0.46559142635466927,0.4003681655656133,0.5328202219140254,0.3329840701753687,0.4543071463723796,0.358910578521655,0.5437731954301486,0.7408298078214787,0.3609226325033982,0.45483481408914983,0.5316521548542403,0.8440631257262642,0.08051754005541864,0.6158127047558896,0.32027634361444357,0.07358619056297815
0.3115989765671269,0.1398678409592003,0.15440003595888807,0.06651879277888562,0.2366556171355637,0.09576151777982683,0.3453932834182568,0.11563944204301763,0.29485914034995575,0.2242650173792475,0.1770549266362859,0.13038074207491193,0.5886076697360332,0.2892852528916187,0.18709212842712133,0.0,0.175764359441493,0.09061698073506014,0.0,0.34265755559221495,0.19863479884684568,0.13665025006552184,0.25504028243735494,0.46069523456287287,0.16338595059403932,0.1540299148768874,0.2421841654216401,0.0,0.15609282071890468,0.4156729426734286,0.21704667755644935,0.1353040956801119,0.029138972756557482,0.0,0.0,0.3956376212686802,0.2328952914476219,0.22550873697516255,0.0,0.030184722771033595,0.25537027487753733,0.045143455587405325,0.22368228213717434,0.1631233280642543,0.15210550769492553,0.35153141435566343,0.0,0.15275452239779092,0.0,0.04504864410742687,0.07816358899879436,0.052741256886025656,0.190859107244063,0.12003857910180776,0.2547548317296409,0.14048484964816724,0.21233740387091093,0.23622902334022614,0.2815001705304734,0.07828146852595702,0.2007588495678198,0.3506519892226937,0.32915286285288126,0.0,0.12941738208779435,0.042854759303402545,0.1124089049227942,0.1626049125286921,0.3855879581632037,0.12267573657438749,0.12892487328307148,0.22707347251566512,0.535736381373278,0.076145668231827,0.4712543193994905,0.41974384854433455
0.5483863534882102,0.3663697530316287,0.5156569460137927,0.0,0.4945039767383729,0.6280619132925551,0.3446544260838119,0.36254939270887176,0.46803282342642777,0.5006527836470682,0.372191577779133,0.09208062077128754,0.5082552037111178,0.0,0.23294418268813216,0.4270016428453652,0.33911454428139154,0.24472039310241225,0.46246723502717807,0.6778359061192547,0.68867851688321,0.617403225684954,0.7199757699061275,0.0,0.44593962708063034,0.3563471961904887,0.638371068196361,0.15609282071890468,0.0,0.5701089301059061,0.5167568336861936,0.08186420272984399,0.13997923940967955,0.11215027280029552,0.0,0.0,0.04038602925664157,0.0,0.0,0.06734523199978887,0.07677878470244262,0.0,0.0,0.0481842633102591,0.0,0.4340685705328772,0.22564718660106514,0.14356138398239662,0.0,0.0,0.3678639112328831,0.1112941763649136,0.27676602107774007,0.0,0.3719931836081241,0.0,0.2177235290020212,0.0,0.0,0.23989816598890767,0.3059498473613677,0.31400574932100594,0.5364747222097932,0.390749264852316,0.1967414734807186,0.5180220317310397,0.4745314056831417,0.4808998203319843,0.03606698989653978,0.43001747470810925,0.37148734071060635,0.3561083453755898,0.0,0.5170422469899462,0.17382796734661793,0.2114948161022524
0.15567451864390203,0.059654746569534345,0.19769474373818482,0.0,0.6433245838716803,0.2237774692760414,0.5344867828403947,0.566166213521543,0.18500038710298758,0.1005515047131148,0.42384442081553275,0.0,0.3517235364975662,0.4213861265953882,0.24496273831964904,0.0,0.01243627509111253,0.0,0.27745595436056264,0.5219204676050914,0.49996705785853945,0.2601582057493915,0.5250266988292633,0.09538262876601158,0.03460853330665156,0.0,0.23769156979679323,0.4156729426734286,0.5701089301059061,0.0,0.6991724739066181,0.0,0.0,0.10950392698967379,0.021729163245116062,0.45541473896958096,0.3815957211667983,0.0,0.0,0.0,0.10139357199280905,0.0,0.37087999567016483,0.45076868857481445,0.0,0.07181788955421517,0.0,0.0,0.0,0.0431176532937865,0.14029433606385353,0.09646325623042673,0.578049799080922,0.0,0.2987589130168869,0.0,0.03592124291278412,0.0,0.3539796270749934,0.05142243374567346,0.0,0.18651393108853212,0.145031838334292,0.2783692573797445,0.0,0.3841698543823579,0.16885015093045339,0.24704438061626038,0.05162192232584012,0.2575804654922752,0.1392371359359863,0.0,0.08416601794003986,0.05927402483103458,0.163671223693467,0.4966858393454482
0.23833025108297826,0.0,0.044388774165084605,0.0,0.4431216917226998,0.0,0.3069949600809566,0.39681497625364553,0.0,0.104405866543401,0.26309712314415057,0.0,0.059263056113533275,0.34591608606127294,0.08894963565385333,0.16652445997413706,0.06371896550576184,0.0,0.23298228264472948,0.3971941932047379,0.5005362577747222,0.286457354618853,0.3487808632092456,0.0,0.0333167024669333,0.0,0.14157056079669905,0.21704667755644935,0.5167568336861936,0.6991724739066181,0.0,0.05974282894531896,0.0,0.44420096150074395,0.2956322238558019,0.5097160749683436,0.4912196326055923,0.0,0.0,0.0,0.009363012166979656,0.0,0.27363571023657013,0.33781162723550323,0.0,0.13694278489892198,0.0,0.0,0.0,0.0,0.0,0.0,0.2959438189413257,0.0,0.19908463429940843,0.0,0.0,0.0,0.13866929477284468,0.0,0.0,0.12365502775112022,0.01679980254831015,0.29886721533375993,0.0,0.3314875687119704,0.040448392062548244,0.04503321495840629,0.0,0.11563875337061069,0.0,0.0,0.0,0.0,0.0,0.3491440336799424
0.3033981636923104,0.25498755706546605,0.22561549959557603,0.07997778835073731,0.0,0.10955084440394657,0.1430806031469614,0.025807012838558352,0.0,0.1211932629365601,0.0,0.032485563475786225,0.09397247287687016,0.0,0.13069067252044111,0.35849988275172867,0.18620857397524462,0.3214298234366597,0.13686302118023516,0.10336126406403895,0.3215122763152244,0.22228387181895967,0.19776315337823783,0.2768932369244135,0.19929516739408473,0.3025441252766075,0.282675438477184,0.1353040956801119,0.08186420272984399,0.0,0.05974282894531896,0.0,0.4630224786244562,0.13697774138242627,0.0,0.0,0.0,0.3752127512262725,0.7617586160227288,0.43003493518967134,0.25288833382222253,0.3331688696174935,0.04634183507919119,0.0,0.2626444790203496,0.25888017730259744,0.22129510365111446,0.3540066727013376,0.17966938387770828,0.0,0.1451083901120186,0.15138170634707251,0.0,0.0,0.0,0.0,0.0,0.14123857268576628,0.0,0.324873435754548,0.3560263244866958,0.0,0.09704689807153198,0.09795058802871477,0.24497500149492302,0.3018766393604321,0.24762655752365628,0.35306558153893575,0.2733991395632198,0.07870564727940478,0.1531809235961017,0.3402382322181796,0.10808273377570046,0.27672863117916713,0.309200952399883,0.16341089588305968
0.5862731876371008,0.33433315579144884,0.2544809212447849,0.08806351474642544,0.0,0.30786197838487184,0.0,0.0,0.10754173918667215,0.3342927587638037,0.0,0.37863804833700665,0.22166683668406736,0.0,0.0,0.5662855368793194,0.4208237477872684,0.6741982844403334,0.16973876480219463,0.0,0.11587960254837765,0.19870072447188378,0.145124800084045,0.388208969125596,0.38651756206587745,0.4102339558603739,0.2821939310516638,0.029138972756557482,0.13997923940967955,0.0,0.0,0.4630224786244562,0.0,0.1346619180654397,0.0,0.0,0.0,0.4716889924956934,0.3430001324475994,0.7482386024194716,0.22100740325426266,0.4786220049045133,0.0,0.0,0.42115158341649206,0.563060581831767,0.19647614442147604,0.2617512780373302,0.0,0.0,0.08122325430059667,0.0,0.0,0.0,0.0,0.0,0.267157180526617,0.0,0.0,0.03289900455225782,0.6337986975119394,0.09036273728240099,0.31031880705003323,0.0,0.15048470917535192,0.0,0.10754787454358064,0.21684525674862143,0.3806068113707337,0.0,0.16864374338190113,0.22594850557417592,0.0,0.22195839309539922,0.2491311158833222,0.0
0.1361679416627207,0.0,0.0,0.2392353990048256,0.0,0.0,0.0,0.0,0.0,0.0,0.0,0.0,0.0,0.1659327061161159,0.022132122780102736,0.2841759306427518,0.0,0.0,0.029267114253635304,0.05830734982605079,0.20845189537562342,0.23420173451692683,0.0,0.0,0.0,0.0,0.0,0.0,0.11215027280029552,0.10950392698967379,0.44420096150074395,0.13697774138242627,0.1346619180654397,0.0,0.5312960561046438,0.12227276781762192,0.2275142663205414,0.0,0.08707406669555476,0.0,0.27830535600066386,0.0,0.09008236712797531,0.007929081643824124,0.028906120860598405,0.011420696434782024,0.0,0.0,0.2637543390863099,0.0,0.0,0.07071017355225061,0.0,0.0,0.0,0.0,0.0,0.0,0.0,0.0,0.0,0.0,0.0,0.15637465272113096,0.0,0.1421936508668356,0.0,0.0,0.0,0.0,0.0,0.0,0.0,0.0,0.0,0.02197029582000215
0.0,0.0,0.0,0.22689606872752294,0.012762507237442405,0.0,0.0,0.0,0.0,0.0,0.0,0.0,0.0,0.3130268911038989,0.0,0.0,0.0,0.0,0.0,0.0,0.0,0.0,0.0,0.0,0.0,0.0,0.0,0.0,0.0,0.021729163245116062,0.2956322238558019,0.0,0.0,0.5312960561046438,0.0,0.3222415476893061,0.3096372724470556,0.0,0.0,0.0,0.0,0.0,0.1314831282688799,0.11220121848523229,0.0,0.0,0.0,0.0,0.11566140701385473,0.0,0.0,0.0,0.0,0.0,0.0,0.0,0.0,0.0,0.0884517048435308,0.0,0.0,0.0,0.0,0.03161897791025466,0.0,0.0,0.0,0.0,0.0,0.0,0.0,0.0,0.0,0.0,0.0,0.012831047194856546
