0.0,0.36669901071509364,0.43887909718847495,0.16172970151232616,0.05490926987134723,0.3909196671504438,0.0,0.03847401467743167,0.3340808061228673,0.6605994839452656,0.06970929601183168,0.35652025614988836,0.43266415623716625,0.0,0.10428242135858837,0.6386132182658801,0.5410117252008446,0.6003097943766986,0.3295291522809817,0.33700018640018814,0.5351230151838893,0.4829427114658769,0.5002932547298253,0.38335681172838537,0.5906045626851598,0.4849733162563156,0.5290257767323489,0.3234123493303322,0.5447305697634435,0.15829220497786406,0.23258346861070522,0.29978132046169836,0.5809521353642537,0.13479449871809074,0.0,0.0,0.0,0.26981249247965866,0.07772736616697948,0.47256995263665247,0.2346262391982951,0.2977328460992758,0.0,0.0,0.11863178965854594,0.9024609638857712,0.1252414637913821,0.15555147782585316,0.0,0.0,0.07357302596810708,0.0,0.0,0.0,0.32415972756372324,0.0,0.3559983575326622,0.0,0.0,0.11358926087126803,0.7067170828914131,0.4165543161998508,0.5805643365462354,0.15072729744589947,0.15185560354586458,0.29285676133678856,0.2842377411646922,0.3297391204931205,0.3586475156790639,0.1714863477330485,0.36904876518018137,0.2684746344431745,0.0,0.4020153836173343,0.3307734958483759,0.0
0.36669901071509364,0.0,0.46012932686287344,0.0,0.0,0.6858115378910503,0.31202341098887726,0.16539647074451866,0.5431437317293522,0.6451178726977036,0.15221959362780915,0.39234778402946846,0.4508364595222798,0.0,0.48359906398923924,0.6249220910418044,0.717408832276428,0.6913724064540431,0.3540120817481834,0.3694773858178911,0.4335965582145285,0.5710694110821524,0.4269325648954627,0.20888486395814077,0.8328516231241185,0.8124231100248498,0.5850613980214355,0.14938120136200697,0.38452111320566185,0.05004173111174273,0.0,0.24699500836084398,0.3367341558586363,0.0,0.0,0.0,0.0,0.15727835195435383,0.28225991918509297,0.37002143308100666,0.112374388568437,0.0,0.0,0.0,0.0,0.3041441365283638,0.813456532563836,0.42293616684570634,0.0,0.1645563628927519,0.605623821088203,0.3456304204701369,0.11314225823652191,0.23055756930384735,0.6486987613597537,0.013958672129956412,0.4794658772694571,0.3609243250410594,0.0,0.5000560521492752,0.4321430833743388,0.5843351688151204,0.5795718757916911,0.327883668214283,0.3085157566984591,0.3467579071834986,0.43993139226646844,0.47536270998043006,0.33869724303505894,0.6828494008290907,0.7388138753456661,0.5185838788401369,0.16822785001139384,0.48795346402782797,0.36775557360918426,0.06524050564260737
0.43887909718847495,0.46012932686287344,0.0,0.0,0.29671605806383233,0.682274914219646,0.11206422504668995,0.2775157318752217,0.7227495945617249,0.6454259131261952,0.5291972181606199,0.3398592182599578,0.33396880237707394,0.0,0.211157493037732,0.33878251646926494,0.44493218680627716,0.5098862945243707,0.6285619629053264,0.48269332562747413,0.34651078101818766,0.47461772321769075,0.663287014929265,0.41271078232129943,0.5913169040301798,0.5846329838654172,0.7481776408830075,0.1449698241536133,0.5153814397061536,0.19527192580423028,0.04386494011839659,0.21291137161492724,0.26383937152785053,0.0,0.0,0.0,0.0,0.09660309033128336,0.09230229743487821,0.3423107163707122,0.0,0.0063711046065332635,0.0,0.0,0.0,0.41372588187636417,0.3322716840353705,0.6054296686368734,0.0,0.09085954593937862,0.523395052550084,0.16673057076025813,0.14626283592950676,0.35082491313959535,0.3298089605411574,0.11803837583329618,0.37988459051448586,0.20972254288127634,0.0,0.44470534268824186,0.4849696060847539,0.3046918942508884,0.5107376055039594,0.5218290846656491,0.40694961707751814,0.34844882304230823,0.5091935959003888,0.630500765369936,0.32072356236126637,0.413180966356102,0.4603308804920389,0.6434930080225489,0.0946089484258798,0.5138910845952906,0.2677317936737514,0.0
0.16172970151232616,0.0,0.0,0.0,0.0,0.0,0.0,0.0,0.0,0.0,0.12889983279199171,0.0,0.1448118040784448,0.3533470343307208,0.0,0.09007108502680708,0.0,0.0,0.014233198541030695,0.0,0.0,0.0,0.0,0.0,0.0,0.0,0.0,0.07287398193737565,0.0,0.0,0.0,0.07426096113576938,0.08488863544076342,0.2459123114057074,0.22722026021202002,0.0,0.0,0.0,0.1619803847142623,0.19172806887068716,0.39629237207233914,0.27767769608189474,0.0,0.0,0.18822381390282827,0.09313734152390812,0.0,0.0,0.49765923766465203,0.22544382398725465,0.0,0.12293872803987187,0.0,0.0,0.0,0.14920150025863727,0.0,0.017936286796222112,0.19902570191408392,0.0,0.20412706887268195,0.0,0.013775370757001332,0.11705547340982869,0.0,0.0,0.0,0.0,0.0,0.0,0.0,0.0,0.15055459413645186,0.022666062604657908,0.055790345147266884,0.10547974278318184
0.05490926987134723,0.0,0.29671605806383233,0.0,0.0,0.2243654769574142,0.482462282444453,0.47515763572192293,0.24834932612608251,0.14032437950971577,0.6918103093405514,0.0,0.3457783071230082,0.521414851303389,0.15601851739944428,0.0,0.0,0.0,0.20948326929940478,0.4192376054532302,0.2838300403520319,0.12920025869573856,0.44511424715775205,0.07912528353280418,0.0,0.0,0.21583928178377176,0.24314325110735224,0.4895276655449061,0.6385665787095314,0.44804203311639706,0.0,0.0,0.0,0.008904164133285805,0.2945793337226315,0.24808808252691195,0.0,0.0,0.0,0.0,0.0,0.19856583939830053,0.3353900819899978,0.0,0.0,0.0,0.0,0.0,0.18416797006853247,0.10563914219553378,0.0,0.5210318979254112,0.10054577308732238,0.21271073899612641,0.0820876387104636,0.1506366770989296,0.0,0.33120056863451025,0.0,0.0,0.015449292447459101,0.056107116317530514,0.20854797466048408,0.0,0.2773661667402304,0.06506571591528917,0.24465956643886616,-0.004808461584914381,0.15579688683091047,0.0,0.05093579997993947,0.027146919487623045,0.009031814043251624,0.0,0.22531935142838994
0.3909196671504438,0.6858115378910503,0.682274914219646,0.0,0.2243654769574142,0.0,0.2649031666116945,0.4219164753952367,0.7422437483425746,0.540766893878186,0.28696605867591235,0.4685680062455103,0.5365423793430509,0.0,0.29603340173795323,0.4014002259584387,0.5516128789696509,0.5736940586710423,0.5216376432316648,0.4873240503424221,0.4155255253833372,0.4629747660844634,0.6854623737564999,0.27133272171207673,0.647132290992382,0.6716707091391322,0.7429960798489902,0.09495674241157875,0.6256929765798611,0.21346400672244364,0.0,0.10435685059205016,0.31061303372575677,0.0,0.0,0.0,0.0,0.0863251071241848,0.06602681524073394,0.3518353660628907,0.0,0.0,0.0,0.0,0.0447081536742249,0.35673061455779936,0.5423953127755116,0.5515068214410144,0.0,0.029840710161807282,0.7510972139084053,0.2124950055396618,0.32319512538053086,0.17208351899242197,0.40587867657839527,0.06448928373445595,0.47659646496550356,0.3211054587750818,0.0,0.3929170251006979,0.4011404542219517,0.4143585892436874,0.5782824234527841,0.35572136923496883,0.3594866573182866,0.33024464223517924,0.404534797562923,0.7080859325582989,0.4088030081623012,0.5049969550936358,0.5679453832351422,0.5995991798564375,0.056326379277703204,0.5051613164061417,0.3810582005296537,0.0
0.0,0.31202341098887726,0.11206422504668995,0.0,0.482462282444453,0.2649031666116945,0.0,0.27511171837172976,0.14546305272427584,0.0807443620745113,0.30689534017344566,0.0,0.4872413352949028,0.34513068034197875,0.3383789797926411,0.0,0.05410484766440116,0.0,0.10692257883162473,0.39793871013487114,0.3013317375889534,0.19813359931450308,0.2476881568461951,0.0,0.09508862636865678,0.13638264365585095,0.1775956317674502,0.3511288045067432,0.3433900668247884,0.5306662764614929,0.31489906147537944,0.1440157877337498,0.0,0.0,0.0,0.32848686624416973,0.2743548064768486,0.0,0.1322974878144638,0.0,0.21801389119711764,0.0,0.4557859994845559,0.4703636272432973,0.0,0.0,0.255296348022623,0.12842727939303372,0.04818977679545647,0.3915012068761807,0.3481986566015773,0.35393210012688486,0.5165489073807079,0.20462262086144686,0.3500160809845467,0.0,0.1778227079543683,0.27303075622747275,0.38362302136493487,0.248927670663311,0.0,0.15459933143582866,0.20150306986717936,0.19050753807940965,0.09033555287367097,0.4500093357785625,0.23357276347742886,0.24742103638521082,0.027339345143751637,0.4695243078574284,0.2392484968578084,0.19051931451455098,0.285529367931836,0.14109409857396416,0.23492529007242152,0.4328688637740773
0.03847401467743167,0.16539647074451866,0.2775157318752217,0.0,0.47515763572192293,0.4219164753952367,0.27511171837172976,0.0,0.368764866975841,0.20132620868334677,0.2683948645543303,0.25171129293884775,0.187693123860471,0.12822362342530186,0.09031300131148451,0.0,0.25085210912100103,0.0,0.30420225667369094,0.22794003822322134,0.35653111180748703,0.025406441333494234,0.5437053982548019,0.2553650384723135,0.14597424036053389,0.2485337843357904,0.22012659605251256,0.12455088049614316,0.35554711212190626,0.565463099174013,0.41619177115260436,0.01586306854854594,0.0,0.0,0.0,0.30201376872926033,0.21282022677780799,0.0,0.0,0.0,0.0,0.0,0.0976655421354612,0.21435808223672012,0.0,0.033138249652163776,-0.0023615229903110047,0.03376752461763993,0.0,0.0,0.204963816390012,0.0,0.6644438537588463,0.0,0.199753926863465,0.0,0.2882920138002787,0.0,0.03739400295348527,-0.007019001563780991,0.0,0.19543169404452065,0.0,0.17064597756484123,0.0,0.24755528701501994,0.0,0.4313575845601446,0.2776340472200541,0.13608439509820922,0.19520448051894843,0.0,0.0,0.0,0.0330917810724046,0.05885964708627663
0.3340808061228673,0.5431437317293522,0.7227495945617249,0.0,0.24834932612608251,0.7422437483425746,0.14546305272427584,0.368764866975841,0.0,0.5800635382527004,0.47114843465431044,0.5083668167864226,0.4801646801839798,0.0,0.3442176250028424,0.2566912095421698,0.5087040383774258,0.4572689605935988,0.3891779008959966,0.5703778842404746,0.27633679176911663,0.45372925730064967,0.5800414538132463,0.3876527185664721,0.6156605731932951,0.5941970014120137,0.7291851470444453,0.3064012344801372,0.47694969394493003,0.18535941686447016,0.0,0.0,0.11233633214592254,0.0,0.0,0.0,0.0,0.09814955223783547,0.0,0.16734337247828357,0.0,0.0,0.0,0.0,0.043297087558167,0.32448436101066824,0.42629850235992883,0.6418772934626686,0.0,0.10844686183070845,0.5686438034117173,0.14648593120979797,0.32184333807920074,0.43381183590430505,0.44688590640606896,0.37575035250116257,0.488648461401523,0.32579620740150433,0.0,0.47868807249456113,0.33594398058765423,0.4753894935816525,0.46213511536402185,0.18765060577102366,0.4615438454948279,0.2308080558212367,0.4471907061954645,0.6286976192387705,0.4414271782729859,0.4075029662812421,0.4999177954264501,0.6465787924065836,0.23687885768264094,0.4964268570393787,0.3568621475691135,0.04013822488554211
0.6605994839452656,0.6451178726977036,0.6454259131261952,0.0,0.14032437950971577,0.540766893878186,0.0807443620745113,0.20132620868334677,0.5800635382527004,0.0,0.22093894155873325,0.486625692330359,0.41337765323438763,0.0,0.23178000027643603,0.5103804867921274,0.7820875589370977,0.6100612983137569,0.3783084354959273,0.36452686171283666,0.48894284972394186,0.4849491554414513,0.547803161875648,0.39675366829661235,0.845005833399018,0.7225862232540434,0.6323752068926065,0.22929221356523805,0.5193046057644849,0.09316561127126216,0.10554190799113372,0.11519119143928061,0.3392392899397664,0.0,0.0,0.0,0.0,0.20818583894233664,0.0,0.310257725165794,0.0,0.0755729920827154,0.0,0.0,0.0,0.6430385849614713,0.4283576080399387,0.3510680549964047,0.0,0.0,0.32117949889309816,0.0,0.0,0.0,0.6235244838491649,0.0,0.616504766045941,0.05115250937830412,0.0,0.29867009708140835,0.5135435696558743,0.5284574521878926,0.597156715946211,0.22873328953552619,0.17350996307950295,0.33986123947155406,0.3444743635289292,0.42318984306534224,0.38831352610334974,0.5679531549785322,0.6464760815323677,0.42522157563498986,0.0,0.3775597110061285,0.21673961660821794,0.0
0.06970929601183168,0.15221959362780915,0.5291972181606199,0.12889983279199171,0.6918103093405514,0.28696605867591235,0.30689534017344566,0.2683948645543303,0.47114843465431044,0.22093894155873325,0.0,0.0,0.2864944523372607,0.3991341688336191,0.24573637241970245,0.0,0.012338998488290648,0.0,0.39060833896455716,0.4212803710523416,0.16913564536059295,0.29514001539902324,0.41116598608085037,0.01745597728046336,0.13877149491911367,0.0807782239107456,0.3412040601441845,0.17818960949277976,0.369334787713472,0.4125769192998706,0.2684444156849419,0.0,0.0,0.0,0.0,0.0140947061744571,0.09008492655196278,0.0,0.0,0.0,0.0,0.0,0.1926013533753497,0.24569847833428446,0.0,0.0,0.09295450574497696,0.17332400797325925,0.0,0.3496402243116733,0.3118431838449616,0.23248679734997674,0.4585600007483482,0.4443153514096294,0.34733730152562836,0.41102684511215615,0.1550987444465502,0.14075051943117944,0.3359554934483222,0.11598770741152203,0.0,0.1290884239361914,0.2119511960285266,0.43547293176021984,0.12280325843795648,0.24256663052760455,0.24772247632861533,0.2952550780834007,0.0,0.26781841793580996,0.1328608282641485,0.27845647569627074,0.19446704569790707,0.24377379914673267,0.0,0.26076857154354655
0.35652025614988836,0.39234778402946846,0.3398592182599578,0.0,0.0,0.4685680062455103,0.0,0.25171129293884775,0.5083668167864226,0.486625692330359,0.0,0.0,0.3765296867578339,0.0,0.048115721101426756,0.07574829096504859,0.5370696529916952,0.542801799302806,0.08158176120693969,0.0,0.05836483312129173,0.0,0.29994280517440014,0.5576789724184891,0.5243760683921231,0.5956650560558595,0.32522265446863863,0.1302755823122069,0.10129314347863326,0.0,0.0,0.0304409276312321,0.4001929284999651,0.0,0.0,0.0,0.0,0.32316231968786513,0.0783081701044821,0.44469196277730083,0.0,0.2683726797872594,0.0,0.0,0.0763565139084799,0.37680430664431386,0.22237421166770616,0.41013051508754517,0.0,0.0,0.2755581685074809,0.0,0.043161740928788495,0.06992490420013597,0.2903187792744857,0.2425284477429574,0.7421557575171792,0.2303163652838255,0.0,0.09984698475145373,0.4636016554307834,0.34972523074576023,0.34462924307861786,0.0,0.13715985014996454,0.0,0.019614541702675126,0.3622545313744823,0.5916201025283152,0.20310351568290338,0.47546362005343973,0.24231161558779468,0.01795846615014024,0.16787187369233625,0.3635889043297476,0.0
0.43266415623716625,0.4508364595222798,0.33396880237707394,0.1448118040784448,0.3457783071230082,0.5365423793430509,0.4872413352949028,0.187693123860471,0.4801646801839798,0.41337765323438763,0.2864944523372607,0.3765296867578339,0.0,0.11013926044411436,0.2997966837468492,0.2729633539959335,0.37910851358750947,0.4079168530708022,0.10165605037189474,0.4391167473721501,0.33060011098707237,0.34450099779695714,0.44074047617094125,0.2860870834843544,0.3892882169135899,0.39476533612314385,0.3857925703150552,0.5939947304697648,0.5106935149763678,0.33117605304493763,0.0607254854778862,0.07871481294181806,0.22262423961796682,0.0,0.0,0.0,0.0,0.18762997409964344,0.045420747703287766,0.2797237011798935,0.36560264095792716,0.12373684395707371,0.0,0.011669436319075993,0.13009361415610268,0.398458158640036,0.24271489141408914,0.2830568911599672,0.0,0.19192444068441813,0.39074462089305606,0.22610648039341355,0.25471083831030505,0.15122995334401895,0.3806689307694384,0.10729811360364422,0.4648323114818394,0.4531093618140739,0.1257343134109768,0.15466495469756505,0.4834522646544941,0.44510635542029,0.6241528398497935,0.008783061136758197,0.22488380922180895,0.24455591622831752,0.29474267634208967,0.3545631400297467,0.33566286120483374,0.37702713912992286,0.3727658224942336,0.2885612925536808,0.43723231774272125,0.34071874128924556,0.5195338366947175,0.28395360237387696
0.0,0.0,0.0,0.3533470343307208,0.521414851303389,0.0,0.34513068034197875,0.12822362342530186,0.0,0.0,0.3991341688336191,0.0,0.11013926044411436,0.0,0.0,0.0,0.0,0.0,0.0,0.04318973289821468,0.0,0.0,0.0,0.0,0.0,0.0,0.0,0.30633026104873573,0.0,0.4359571312199031,0.36416428931338096,0.0,0.0,0.18068401698740905,0.3363332097472771,0.5428486501648212,0.4210283364010199,0.0,0.0,0.0,0.11803606411993929,0.0,0.4580201350936117,0.4161153809111423,0.0,0.0,0.0,0.0,0.18619065417258804,0.26918859992872535,0.0,0.06978537322721187,0.39412212990371465,0.0,0.0,0.18262858671274232,0.0,0.0,0.6325335680056143,0.0,0.0,0.0,0.0,0.07067047408936745,0.0,0.004116584167789775,0.0,0.0,0.0,0.0,0.0,0.0,0.22182817345722136,0.0,0.0,0.4214758927081135
0.10428242135858837,0.48359906398923924,0.211157493037732,0.0,0.15601851739944428,0.29603340173795323,0.3383789797926411,0.09031300131148451,0.3442176250028424,0.23178000027643603,0.24573637241970245,0.048115721101426756,0.2997966837468492,0.0,0.0,0.23424803357726737,0.0812527004217018,0.08592698313957048,0.13079335732205277,0.5955526917923311,0.4267465568246961,0.6561289475253606,0.291767056752512,0.0,0.27609222879438705,0.3817408354978336,0.4056495318659429,0.19184643447932256,0.22799034727296213,0.24012805715589164,0.0893116093941983,0.12432470025436505,0.0,0.02884181373496464,0.0,0.0,0.0,0.015676923885846794,0.2601737231467355,0.021017718782752978,0.16880370113954604,0.0,0.2818758114298865,0.29523145039875653,0.0,0.0,0.564530425106182,0.25011158202025263,0.23746259097580713,0.4484403932958053,0.5250732438811667,0.5751979542826187,0.1947654933111543,0.4934358790345438,0.3766606276647882,0.06853955839346298,0.11567100815753545,0.46211650757485906,0.2343832433177813,0.6482952384018567,0.13844248087666633,0.26979880870201045,0.2674460453519069,0.23825542734475164,0.5077044025204689,0.3637240971032882,0.5685087014921205,0.36967204941959386,0.0,0.4405598506698426,0.5149334095379158,0.4978602466912733,0.43462219434367116,0.5342909356930718,0.2893983554274436,0.37394774323829094
0.6386132182658801,0.6249220910418044,0.33878251646926494,0.09007108502680708,0.0,0.4014002259584387,0.0,0.0,0.2566912095421698,0.5103804867921274,0.0,0.07574829096504859,0.2729633539959335,0.0,0.23424803357726737,0.0,0.524085407362608,0.7194669226297891,0.34868678336717435,0.3364937685028378,0.3697065302597779,0.6937352669900385,0.2440242807078605,0.0,0.6128657168132409,0.4497795897960245,0.5160393722989,0.0,0.4529383655242546,0.0,0.1764248182519796,0.35274504961238184,0.5598960829818673,0.30317846505799667,0.0,0.0,0.0,0.24683385956881554,0.27899409485449145,0.4995108987338112,0.18426235432418142,0.2965362380287993,0.0,0.0,0.23225110066829754,0.5707656479309512,0.5643892504672272,0.19814737016117276,0.132445886653489,0.0,0.25928743354133177,0.19078020071006957,0.0,0.0,0.3180120414274747,0.0,0.16317607376206095,0.013753052317153958,0.0,0.28054838512395974,0.5978511703066383,0.26720711160546684,0.46007486512381734,0.2834707320226138,0.2532185607792682,0.20328670914326347,0.41542311904444634,0.24667743872910125,0.057307369421415066,0.291546691880057,0.34307002634856454,0.44396804628779873,0.0,0.545788254521128,0.2228789820399965,0.0
0.5410117252008446,0.717408832276428,0.44493218680627716,0.0,0.0,0.5516128789696509,0.05410484766440116,0.25085210912100103,0.5087040383774258,0.7820875589370977,0.012338998488290648,0.5370696529916952,0.37910851358750947,0.0,0.0812527004217018,0.524085407362608,0.0,0.6962604387643034,0.3652234857460578,0.16778381830705683,0.3833858903501273,0.28100820060675735,0.433970273742165,0.4048936938503304,0.8482330908547341,0.7102800609135097,0.5169830891003717,0.18645878054915943,0.3737946087232493,0.007302704447067876,0.06645552506052804,0.18039587329788992,0.42376510778360466,0.0,0.0,0.0,0.0,0.22255018963737164,0.052385932701950036,0.33916853345107006,0.00872549326830796,0.1575846871743265,0.0,0.0,0.0,0.5826752492988461,0.3814513178028281,0.3094307601646292,0.0,0.0,0.26021220898602987,0.0,0.0,0.0,0.5789763247229042,0.0,0.6367959882248041,0.023484182603691117,0.0,0.18845476990160642,0.4217425845499181,0.5721541135512308,0.49779201851394167,0.15134388268076882,0.07858908716508659,0.24329020872134077,0.16515539257077047,0.3532275249205925,0.46586241476342083,0.4340024033498593,0.5537571776397097,0.29570634275639207,0.0,0.22558503703370125,0.27117136871392955,0.0
0.6003097943766986,0.6913724064540431,0.5098862945243707,0.0,0.0,0.5736940586710423,0.0,0.0,0.4572689605935988,0.6100612983137569,0.0,0.542801799302806,0.4079168530708022,0.0,0.08592698313957048,0.7194669226297891,0.6962604387643034,0.0,0.31910267543751125,0.15025665201421037,0.17546909493265164,0.36637061303046836,0.2888533568298453,0.4054298180643495,0.7543802298636767,0.7067326936519795,0.5169764280447123,0.10183309447116612,0.2692557939263158,0.0,0.0,0.31398789907580393,0.6770415740249938,0.0,0.0,0.0,0.0,0.42807971563276237,0.3119241567817192,0.7405990031131773,0.15377321351172404,0.524024051479107,0.0,0.0,0.30167330481500865,0.6186707385172476,0.4991175210473268,0.48195057371826994,0.0,0.0,0.3602941740168253,0.0668055680222566,0.0,0.09716443725963528,0.3349559829009339,0.09616870479409897,0.47592239209640086,0.22590833643586106,0.0,0.2713427109647163,0.7811869697132957,0.3958554297822703,0.627069484559023,0.14312794616005178,0.333362915571678,0.05680979303355338,0.3420678124954246,0.33637482604706104,0.462889282513226,0.3196968367204711,0.487261315790359,0.4729493162914563,0.07206425521300835,0.47088224351655206,0.4607321336994922,0.0
0.3295291522809817,0.3540120817481834,0.6285619629053264,0.014233198541030695,0.20948326929940478,0.5216376432316648,0.10692257883162473,0.30420225667369094,0.3891779008959966,0.3783084354959273,0.39060833896455716,0.08158176120693969,0.10165605037189474,0.0,0.13079335732205277,0.34868678336717435,0.3652234857460578,0.31910267543751125,0.0,0.26165085545255334,0.38406793641609116,0.36718490497733874,0.5120931800586238,0.1812158948068213,0.40378338703320404,0.3826991057474116,0.4990892199178868,0.0,0.46653986986808815,0.2734921799534541,0.2326116121429074,0.13161693173126268,0.17522860820262065,0.028496990609151687,0.0,0.0,0.0,0.0,0.06562392692972543,0.18724458311807207,0.0,0.0,0.0,0.0,0.0,0.29226878143302665,0.32192544268894574,0.21951083879666677,0.0,0.0,0.3975673409350848,0.13101004958887155,0.2135392718997779,0.06309960257224012,0.3762857922638638,0.0806896093660685,0.21095187564200762,0.0215103479845844,0.0,0.20350152215560902,0.20093866061393276,0.31130817553711176,0.31378594224336326,0.8103286432882842,0.10090127617754446,0.32664596226467424,0.29284603088215855,0.4228205563115735,0.20099535196332957,0.34589089224514136,0.35309229608314124,0.36323784950752513,0.0,0.36982978880496864,0.2016213732198756,0.1595500941136776
0.33700018640018814,0.3694773858178911,0.48269332562747413,0.0,0.4192376054532302,0.4873240503424221,0.39793871013487114,0.22794003822322134,0.5703778842404746,0.36452686171283666,0.4212803710523416,0.0,0.4391167473721501,0.04318973289821468,0.5955526917923311,0.3364937685028378,0.16778381830705683,0.15025665201421037,0.26165085545255334,0.0,0.5518136078626363,0.8140696346531537,0.515122601156638,0.0669090542113005,0.36661001507981844,0.34474698890782496,0.6441278460990076,0.3530463589328948,0.6907589047515503,0.5191703764439954,0.40834178430647566,0.09582099615674897,0.0,0.06187913317591601,0.0,0.04290737853091464,0.08585264601660772,0.0,0.0,0.0,0.08359543893299182,0.0,0.17345953094405941,0.2657710466407664,0.0,0.2631991009471416,0.35835694259993905,0.3341765547192096,0.007440354990740181,0.30797513254838643,0.5017814027594204,0.4303801567423854,0.294164554639811,0.4002138183676026,0.3765488617370951,0.0,0.09492494756321584,0.2707649041297714,0.14154074314817944,0.5846280008794428,0.24936348548440587,0.2729324339555088,0.43932369489931966,0.2819805800695985,0.587970700792417,0.5261924167045791,0.675965288514962,0.49264275031983357,0.06107351146395869,0.4228624891629597,0.4027058856757104,0.6062009033562428,0.32363539200785785,0.6079405080683502,0.24907052513283348,0.3593530756062991
0.5351230151838893,0.4335965582145285,0.34651078101818766,0.0,0.2838300403520319,0.4155255253833372,0.3013317375889534,0.35653111180748703,0.27633679176911663,0.48894284972394186,0.16913564536059295,0.05836483312129173,0.33060011098707237,0.0,0.4267465568246961,0.3697065302597779,0.3833858903501273,0.17546909493265164,0.38406793641609116,0.5518136078626363,0.0,0.6102777096709109,0.6580795907941284,0.06940437246712444,0.49190492249593337,0.5038432559234338,0.5247637563833544,0.20504330153206415,0.6915741960469823,0.48826362187460015,0.5022740604944035,0.3000285057849671,0.10646986277624662,0.20689711995382853,0.0,0.020290372981571575,0.12670312394993039,0.02434444779882647,0.12921062966474933,0.04158947828886092,0.11623527579557202,0.0,0.050996406329316984,0.11650535088881525,0.0,0.4691116876665525,0.30722007681194463,0.15588772157349137,0.0,0.04383869145148367,0.3636901654406853,0.1978630181121243,0.27210366341947934,0.024062564555581256,0.45811810264607356,0.0,0.18518181102596804,0.0057336990303809565,0.00637873968938972,0.39063765877118994,0.28376829103014695,0.45377762939196103,0.4946624843986771,0.33702035194326496,0.25055796035884387,0.7512032643988719,0.5011111785895563,0.5146934866650408,0.11858522977089153,0.4822159146351407,0.5435454098517316,0.36764605936530953,0.0038712424443261284,0.5284199910228314,0.2014723960048443,0.3264812789365468
0.4829427114658769,0.5710694110821524,0.47461772321769075,0.0,0.12920025869573856,0.4629747660844634,0.19813359931450308,0.025406441333494234,0.45372925730064967,0.4849491554414513,0.29514001539902324,0.0,0.34450099779695714,0.0,0.6561289475253606,0.6937352669900385,0.28100820060675735,0.36637061303046836,0.36718490497733874,0.8140696346531537,0.6102777096709109,0.0,0.46581849133350395,0.0,0.5290577018437509,0.4830641010732335,0.6445532897339863,0.14559218717734962,0.6307357251017243,0.262227463150115,0.28991845355544404,0.21271070229519154,0.20130039985831671,0.2486919728608026,0.0,0.0,0.0,0.07758152742322365,0.23983654547946068,0.21422582343385269,0.1584401393793091,0.0,0.03392718972386444,0.09855546415233137,0.05190905140945144,0.3485392952059996,0.6046602926202801,0.3206451835448591,0.20817247798531652,0.3519015935638206,0.5019469850654994,0.537563909468013,0.08698105362378941,0.3123981432880861,0.45146461895624534,0.0,0.08410092233490685,0.2605937495172307,0.0,0.6518856519936376,0.4557969554825225,0.33244331036575003,0.49671585823524755,0.4178439396081572,0.579357111803825,0.5295329632678515,0.7724881372751786,0.4780559727814914,0.0,0.48154649710687003,0.5391898010928019,0.6180843593186783,0.265560907146417,0.7658412903857907,0.2562359733864424,0.27711433822894044
0.5002932547298253,0.4269325648954627,0.663287014929265,0.0,0.44511424715775205,0.6854623737564999,0.2476881568461951,0.5437053982548019,0.5800414538132463,0.547803161875648,0.41116598608085037,0.29994280517440014,0.44074047617094125,0.0,0.291767056752512,0.2440242807078605,0.433970273742165,0.2888533568298453,0.5120931800586238,0.515122601156638,0.6580795907941284,0.46581849133350395,0.0,0.37722599685337227,0.509194297972289,0.5494759828663573,0.7523426855127147,0.26661956598074554,0.7290233079520523,0.5182595056026568,0.3597423443992741,0.18760815866021135,0.13815087345339933,0.0,0.0,0.0,0.0,0.0,0.009323900061639467,0.11823441847505506,0.0,0.0,0.0,0.020886221541344986,0.0,0.4578326830610706,0.22004709087095647,0.38593051488138375,0.0,0.0,0.46982267182735554,0.05666408609334167,0.5001360703845308,0.0,0.3851442922913388,0.0,0.3277408721429062,0.034378029182363434,0.0,0.3303422242297156,0.3430863872637441,0.42791816969863034,0.5225118839175225,0.3681148130357638,0.22148656310360312,0.4533448716594147,0.41462402540691046,0.8437511891188952,0.37755148673993744,0.3877981168081554,0.4846297279866756,0.5313696171895793,0.0,0.506706588538731,0.2975121417775305,0.18983174118979643
0.38335681172838537,0.20888486395814077,0.41271078232129943,0.0,0.07912528353280418,0.27133272171207673,0.0,0.2553650384723135,0.3876527185664721,0.39675366829661235,0.01745597728046336,0.5576789724184891,0.2860870834843544,0.0,0.0,0.0,0.4048936938503304,0.4054298180643495,0.1812158948068213,0.0669090542113005,0.06940437246712444,0.0,0.37722599685337227,0.0,0.37630461093195555,0.4975077681422957,0.360711583536168,0.4493281537542756,0.0,0.09856907478546059,0.0,0.28984287491163496,0.4135895428041498,0.0,0.0,0.0,0.0,0.37235102611545834,0.1521602132911195,0.38119181223853277,0.0,0.15978348312885282,0.0,0.0,0.18640153866220255,0.46661347473524395,0.0,0.34416705168645967,0.0,0.0,0.07688049046231168,0.0,0.08146891249607974,0.0,0.129592277708547,0.12344290526791118,0.44808962346326286,0.13331035305857614,0.0,0.06940878809291715,0.3772484200285562,0.29388457133213636,0.26075321543006547,0.0,0.16235961115760922,0.0,0.06218615090744367,0.39094598369260114,0.8529054012713563,0.06363435183128113,0.31278306830111857,0.2622349517896261,0.13234537286471926,0.04330945015631385,0.420623605250128,0.0
0.5906045626851598,0.8328516231241185,0.5913169040301798,0.0,0.0,0.647132290992382,0.09508862636865678,0.14597424036053389,0.6156605731932951,0.845005833399018,0.13877149491911367,0.5243760683921231,0.3892882169135899,0.0,0.27609222879438705,0.6128657168132409,0.8482330908547341,0.7543802298636767,0.40378338703320404,0.36661001507981844,0.49190492249593337,0.5290577018437509,0.509194297972289,0.37630461093195555,0.0,0.8837026971834911,0.6606475069305913,0.18340262934582768,0.47436468894642775,0.038213844934350455,0.044804124849437243,0.1927190883597621,0.3910063952829268,0.0,0.0,0.0,0.0,0.2551295029557166,0.1388050199199251,0.3623988180271492,0.026099180486972046,0.07529407866677247,0.0,0.0,0.0,0.5706607350995758,0.6224565930115804,0.4473190729758614,0.0,0.0,0.47837173346523715,0.1158219437247393,0.0,0.11531693313743857,0.6901136478247858,0.0,0.6249325832695386,0.13545162365787694,0.0,0.39532395580528823,0.5489504379757757,0.6450995317085134,0.6555737680421594,0.2711925451454071,0.2674893916035054,0.37955108115887876,0.42107529306148095,0.45817394456941757,0.4395868598723211,0.7141321848752659,0.7945630734691587,0.5005321414650197,0.0,0.4721249917649471,0.2970110716830438,0.0
0.4849733162563156,0.8124231100248498,0.5846329838654172,0.0,0.0,0.6716707091391322,0.13638264365585095,0.2485337843357904,0.5941970014120137,0.7225862232540434,0.0807782239107456,0.5956650560558595,0.39476533612314385,0.0,0.3817408354978336,0.4497795897960245,0.7102800609135097,0.7067326936519795,0.3826991057474116,0.34474698890782496,0.5038432559234338,0.4830641010732335,0.5494759828663573,0.4975077681422957,0.8837026971834911,0.0,0.6463882035977431,0.16157007906040238,0.36927856140439463,0.0,0.0,0.30759905984421954,0.4156936017686514,0.0,0.0,0.0,0.0,0.35967043429842616,0.3080567287778303,0.4534241443757454,0.0,0.02918715277549449,0.0,0.0,0.04573087958524055,0.46241034053004093,0.6975218847788274,0.5722933959579984,0.0,0.05566318877931009,0.5674142090087527,0.23912290411691486,0.07420155278629376,0.26395085747505986,0.5578372866151273,0.0,0.5516172361541763,0.346548884078146,0.0,0.5550941785249219,0.5762281364629588,0.5900714577352105,0.6166159445827422,0.27727706564944865,0.3980383687622957,0.4439962034305295,0.5076862435235928,0.6170783284090755,0.5476796063499921,0.6767171325234516,0.8793890194178509,0.5740326660197863,0.14698107146649203,0.5340555614648123,0.4245940125680375,0.0
0.5290257767323489,0.5850613980214355,0.7481776408830075,0.0,0.21583928178377176,0.7429960798489902,0.1775956317674502,0.22012659605251256,0.7291851470444453,0.6323752068926065,0.3412040601441845,0.32522265446863863,0.3857925703150552,0.0,0.4056495318659429,0.5160393722989,0.5169830891003717,0.5169764280447123,0.4990892199178868,0.6441278460990076,0.5247637563833544,0.6445532897339863,0.7523426855127147,0.360711583536168,0.6606475069305913,0.6463882035977431,0.0,0.24431726206434703,0.6426698052261718,0.23239987854221517,0.1380576962864937,0.26755580866074047,0.2932196062524826,0.0,0.0,0.0,0.0,0.16216610299807144,0.0940311231498399,0.29629932744049037,0.0,0.0,0.0,0.0,0.029414579289056927,0.4886807803175792,0.4468719134976263,0.5649399135823765,0.0,0.01574939927856389,0.5786415745646069,0.16799677653338263,0.15763283020086707,0.20337274529643673,0.4022132802164114,0.05222503155634811,0.3652106044632875,0.09896816625453567,0.0,0.5328787908979474,0.4714418140144889,0.41086662254026785,0.5468450054099084,0.32149587269919366,0.4505664867741864,0.3663449588353497,0.5490235841302156,0.7512033828361638,0.35721282416029876,0.4560461213821858,0.5336114220906911,0.8456521068740273,0.06937955445456331,0.6297637199479403,0.3000759638586399,0.07366870601686751
0.3234123493303322,0.14938120136200697,0.1449698241536133,0.07287398193737565,0.24314325110735224,0.09495674241157875,0.3511288045067432,0.12455088049614316,0.3064012344801372,0.22929221356523805,0.17818960949277976,0.1302755823122069,0.5939947304697648,0.30633026104873573,0.19184643447932256,0.0,0.18645878054915943,0.10183309447116612,0.0,0.3530463589328948,0.20504330153206415,0.14559218717734962,0.26661956598074554,0.4493281537542756,0.18340262934582768,0.16157007906040238,0.24431726206434703,0.0,0.16131956622456883,0.4113278454611756,0.22704646701214348,0.12666632083048052,0.032004493481295165,0.0,0.0,0.38491214012728525,0.23335181578956182,0.23701481275419928,0.0,0.03632173196652434,0.27131337876757133,0.045878501502846704,0.23046282879947458,0.16048235389867768,0.16567477808949838,0.3653201620153886,0.0,0.15328618732101237,0.0,0.04351968795369032,0.07178733158412651,0.060478607941817975,0.19730090093257047,0.11669347935376317,0.2664209806490661,0.13945184422854706,0.20753538474296207,0.23810286659798818,0.2948661801727335,0.06874256673171292,0.2051541270131258,0.35876100510998776,0.3386328051527069,0.0,0.11877537838746943,0.05345554876481656,0.10770011070374275,0.16928249138666085,0.3775025601022507,0.12492756657686024,0.13369349217048496,0.22904480098004543,0.5320542339016896,0.07116241423979419,0.45292581582759284,0.41826284764126975
0.5447305697634435,0.38452111320566185,0.5153814397061536,0.0,0.4895276655449061,0.6256929765798611,0.3433900668247884,0.35554711212190626,0.47694969394493003,0.5193046057644849,0.369334787713472,0.10129314347863326,0.5106935149763678,0.0,0.22799034727296213,0.4529383655242546,0.3737946087232493,0.2692557939263158,0.46653986986808815,0.6907589047515503,0.6915741960469823,0.6307357251017243,0.7290233079520523,0.0,0.47436468894642775,0.36927856140439463,0.6426698052261718,0.16131956622456883,0.0,0.5627368521314201,0.5211272205711539,0.08523132366108728,0.1417776285415516,0.11856551131137648,0.0,0.0,0.04096525576502276,0.0,0.0,0.07333967291235985,0.09329632518965278,0.0,0.0,0.05235625917999937,0.0,0.4364976703503745,0.23046321652097052,0.12293025830623105,0.0,0.0,0.373734474436346,0.10644135558025003,0.26129237662670324,0.0,0.38542176128081423,0.0,0.2258997718129027,0.0,0.0,0.24638859053002998,0.320639912561845,0.3223704212819286,0.5531842605730157,0.39382284939413775,0.19629214209000898,0.5201560835975717,0.49133195512294636,0.48600220849651254,0.040191035284622506,0.4393701782287659,0.3769243608338585,0.37307200953175224,0.0,0.5315849853646262,0.16276635727304375,0.225967889767048
0.15829220497786406,0.05004173111174273,0.19527192580423028,0.0,0.6385665787095314,0.21346400672244364,0.5306662764614929,0.565463099174013,0.18535941686447016,0.09316561127126216,0.4125769192998706,0.0,0.33117605304493763,0.4359571312199031,0.24012805715589164,0.0,0.007302704447067876,0.0,0.2734921799534541,0.5191703764439954,0.48826362187460015,0.262227463150115,0.5182595056026568,0.09856907478546059,0.038213844934350455,0.0,0.23239987854221517,0.4113278454611756,0.5627368521314201,0.0,0.7036379461351542,0.0,0.0,0.11523997579879519,0.03042447093235459,0.44944455728939114,0.3859291325330198,0.0,0.0,0.0,0.12490490016059351,0.0,0.36278844558170514,0.4446243528180601,0.0,0.08043090753946561,0.0,0.0,0.0,0.03308040708860982,0.13916506528552403,0.08892428237811786,0.5681637494855092,0.0,0.3080066370268575,0.0,0.039882530010428546,0.0,0.36484983540318205,0.05554012211740622,0.0,0.19323032008138907,0.15033636533033834,0.26396653542710224,0.0,0.38193944086373977,0.17620938019320959,0.24682221554173087,0.05458336503265143,0.2585979664891367,0.14320832400511413,0.0,0.08850154482941464,0.06177465067594143,0.1551593989701392,0.4872619470439803
0.23258346861070522,0.0,0.04386494011839659,0.0,0.44804203311639706,0.0,0.31489906147537944,0.41619177115260436,0.0,0.10554190799113372,0.2684444156849419,0.0,0.0607254854778862,0.36416428931338096,0.0893116093941983,0.1764248182519796,0.06645552506052804,0.0,0.2326116121429074,0.40834178430647566,0.5022740604944035,0.28991845355544404,0.3597423443992741,0.0,0.044804124849437243,0.0,0.1380576962864937,0.22704646701214348,0.5211272205711539,0.7036379461351542,0.0,0.04652686489982799,0.0,0.4588925572929623,0.3084725315691484,0.5112543663652419,0.5029457588902579,0.0,0.0,0.0,0.01930722127745163,0.0,0.28819392797843457,0.3430825793621559,0.0,0.1328872611808623,0.0,0.0,0.0,0.0,0.0,0.0,0.30596467340058064,0.0,0.19813878201599955,0.0,0.0,0.0,0.1445547835231859,0.0,0.0,0.11218083083441438,-0.00376567748314649,0.2980614437309166,0.0,0.33276579977426635,0.03834247214534625,0.04052880748377294,0.0,0.10489949235089044,0.0,0.0,0.0,0.0,0.0,0.34314107272445543
0.29978132046169836,0.24699500836084398,0.21291137161492724,0.07426096113576938,0.0,0.10435685059205016,0.1440157877337498,0.01586306854854594,0.0,0.11519119143928061,0.0,0.0304409276312321,0.07871481294181806,0.0,0.12432470025436505,0.35274504961238184,0.18039587329788992,0.31398789907580393,0.13161693173126268,0.09582099615674897,0.3000285057849671,0.21271070229519154,0.18760815866021135,0.28984287491163496,0.1927190883597621,0.30759905984421954,0.26755580866074047,0.12666632083048052,0.08523132366108728,0.0,0.04652686489982799,0.0,0.4795337224139679,0.12786280341557862,0.0,0.0,0.0,0.3870321088418401,0.7664272546721668,0.43973642241181093,0.26360787915414036,0.342391378723952,0.04144515982736935,0.0,0.2737801135290584,0.2612915249502836,0.212077524405865,0.3371960494145859,0.18998603135669276,0.0,0.1359371426445713,0.1434990975626131,0.0,0.0,0.0,0.0,0.0,0.13666322418208554,0.0,0.31398396686043595,0.3641470963894643,0.0,0.09692775572090333,0.095350199639409,0.25745675655293565,0.2795413622722683,0.2473822889931294,0.3369999361679884,0.27955399232313444,0.07871154469071359,0.15451152151346467,0.32397020936324994,0.10970931883738629,0.28384567955502527,0.32550667576606507,0.16908615777078762
0.5809521353642537,0.3367341558586363,0.26383937152785053,0.08488863544076342,0.0,0.31061303372575677,0.0,0.0,0.11233633214592254,0.3392392899397664,0.0,0.4001929284999651,0.22262423961796682,0.0,0.0,0.5598960829818673,0.42376510778360466,0.6770415740249938,0.17522860820262065,0.0,0.10646986277624662,0.20130039985831671,0.13815087345339933,0.4135895428041498,0.3910063952829268,0.4156936017686514,0.2932196062524826,0.032004493481295165,0.1417776285415516,0.0,0.0,0.4795337224139679,0.0,0.11049614649907596,0.0,0.0,0.0,0.46678107740211583,0.36077465432543576,0.7576836886948107,0.2149756076485567,0.5164979590095524,0.0,0.0,0.42807232070470336,0.5673425851472291,0.18857573047122902,0.27299967391161817,0.0,0.0,0.0769025312514839,0.0,0.0,0.0,0.0,0.0,0.282609733854541,0.0,0.0,0.03296729673460139,0.6308456419633551,0.07609522013830876,0.2975790666882212,0.0,0.16751686935995067,0.0,0.11371778588714825,0.20460326025802697,0.4066714219947382,0.0,0.16084801492603168,0.2358344592506761,0.0,0.2208263962296969,0.2687152527611346,0.0
0.13479449871809074,0.0,0.0,0.2459123114057074,0.0,0.0,0.0,0.0,0.0,0.0,0.0,0.0,0.0,0.18068401698740905,0.02884181373496464,0.30317846505799667,0.0,0.0,0.028496990609151687,0.06187913317591601,0.20689711995382853,0.2486919728608026,0.0,0.0,0.0,0.0,0.0,0.0,0.11856551131137648,0.11523997579879519,0.4588925572929623,0.12786280341557862,0.11049614649907596,0.0,0.5457108437820035,0.11643320264717787,0.2323763039133866,0.0,0.07273645135550989,0.0,0.2894532175407806,0.0,0.09305031783752096,0.007548863302269435,0.028144556978287452,0.00525224509370692,0.0,0.0,0.2722695151001804,0.0,0.0,0.06774998720010902,0.0,0.0,0.0,0.0,0.0,0.0,0.0,0.0,0.0,0.0,0.0,0.16278135824631834,0.0,0.14243231772992349,0.0,0.0,0.0,0.0,0.0,0.0,0.0,0.0,0.0,0.019064868211965846
0.0,0.0,0.0,0.22722026021202002,0.008904164133285805,0.0,0.0,0.0,0.0,0.0,0.0,0.0,0.0,0.3363332097472771,0.0,0.0,0.0,0.0,0.0,0.0,0.0,0.0,0.0,0.0,0.0,0.0,0.0,0.0,0.0,0.03042447093235459,0.3084725315691484,0.0,0.0,0.5457108437820035,0.0,0.3312190740644897,0.31485933995972376,0.0,0.0,0.0,0.0,0.0,0.1447370551390069,0.12012630166675892,0.0,0.0,0.0,0.0,0.11603736633440535,0.0,0.0,0.0,0.0,0.0,0.0,0.0,0.0,0.0,0.10501326506162563,0.0,0.0,0.0,0.0,0.03249906477904763,0.0,0.0,0.0,0.0,0.0,0.0,0.0,0.0,0.0,0.0,0.0,0.013220878670184094
