0.0,0.4352016824298405,0.30877689213196324,0.0,0.15461661264487764,0.17995981985810422,0.10289798522211016,0.19882698054067421,0.23579376291484924,0.4084119037262576,0.08215860481329536,0.11283569671305783,0.13529825160449446,0.021782696712877886,0.5976924938076027,0.5287443493115621,0.262180194175864,0.2474668765525313,0.0,0.4790598903187141,0.6030320976442722,0.6624451500412671,0.3460799720481334,0.5106562767931239,0.5887174927766524,0.44045310243213054,0.4125100999441933,0.45907592254298313,0.5385300069670718,0.5336510733616926,0.5699032105457186,0.2621246954165483,0.22241277186514866,0.2401600156252968,0.17132692376391778,0.0,0.0,0.0,0.2218913652746918,0.5794245767228328,0.4836920659312979,0.07783389828656416,0.0,0.14454840359358906,0.08974992275174301,0.8730005775481902,0.40070859917420854,0.23580696952027122,0.05866203593403058,0.21608007882629726,0.09895376088652835,0.2492826586383335,0.08200694319827963,0.2573125801142427,0.3582888597949377,0.15068274640794835,0.07454821687628273,0.28466833230776073,0.0,0.6367390522143996,0.5576792255915499,0.07646033496124308,0.3323059630698289,0.0,0.5166190730492274,0.5481787176390918,0.6975200599653244,0.291153195550235,0.6292071699557422,0.45035856583408634,0.6034846366130944,0.4832492226852324,0.45281153395281365,0.5646815643457352,0.554985957156886,0.6586447862057976
0.4352016824298405,0.0,0.5730397187937406,0.0,0.20851350419950054,0.7436223979496156,0.3530311695003867,0.5363980239654056,0.3144974972120264,0.5389215767605732,0.40827859987496695,0.3942389118561419,0.59429369695365,0.03503004908748203,0.5487008820048482,0.5983187669030847,0.5196143113932573,0.4768121672513917,0.41539142339556756,0.6785018107722729,0.27677704114167284,0.7387305561569545,0.6268338588581636,0.6347177433266348,0.765809619808001,0.9060344097615878,0.5665504548002032,0.4842382582838013,0.6367245341231338,0.4470391030951878,0.05129914868756433,0.0,0.22518374446208453,0.0,0.0,0.0,0.0,0.0,0.0,0.37968856359543846,0.2088773463053307,0.0,0.0,0.011031106602856763,0.0,0.5259749298213179,0.8539996597335657,0.39535405743945146,0.08611519970794784,0.07535233316146579,0.36146748811933327,0.0,0.2947315084829623,0.052819587844384036,0.25037980310529384,0.275692491274563,0.25380537590593333,0.34109188843266197,0.0,0.5404832330005839,0.22880353720740712,0.04424727526322675,0.24982473794409388,0.4498013823495831,0.626490672271476,0.2766433573845382,0.5495394381219638,0.4574122849878616,0.5049967504274696,0.5249165779659128,0.7726256518128345,0.5155070723916853,0.5027155736507948,0.46880659649448075,0.4266663647967471,0.26575165606560136
0.30877689213196324,0.5730397187937406,0.0,0.0,0.5703913033374658,0.6190595617974282,0.31889152485754635,0.7559977919328092,0.7376482816857572,0.22439216686691127,0.8847989517682058,0.313112448603168,0.5892660773844545,0.0,0.7583306714584046,0.44520562884578774,0.2710006109942748,0.2711258926765537,0.8473813485340485,0.776441521965915,0.3942884680016935,0.680916458028249,0.8301150208685346,0.3207950627993657,0.36634396201685027,0.5642244000564637,0.8203693087920612,0.4945669520683572,0.5370011141434392,0.45097556697555685,0.07901522189433025,0.0,0.06643893480403118,0.0,0.0,0.0,0.0,0.0,0.0,0.19870418207919155,0.0,0.0,0.0,0.0,0.0,0.4663737762661761,0.5034013988557204,0.9022360821976622,0.1401583758441385,0.49251648565080347,0.547724075831333,0.3083642876755227,0.6757582083749303,0.5848875558681635,0.20747007623644542,0.7872300913190067,0.14001873590999364,0.5100675142914587,0.06462379812503613,0.7413256868767932,0.30995794350048544,0.17398372266050727,0.2847892070402549,0.8272524564338137,0.6822348989676573,0.408338472010226,0.5877365127114785,0.8297893431201677,0.3056856209028987,0.2326322402471527,0.6097666082179674,0.7766478221968758,0.647654276955476,0.39614709267299747,0.5174084154400479,0.2619187981102491
0.0,0.0,0.0,0.0,0.10251916158180979,0.0,0.28610321551084084,0.0,0.0,0.0,0.0,0.0,0.11240950939600508,0.30401437179798807,0.0,0.04473929153580794,0.040370320409591376,0.0,0.0,0.056933822040257,0.07914042359327793,0.07172609881925238,0.0,0.0,0.0,0.0,0.0,0.24962794813973427,0.0,0.11590606614946174,0.1810726980086657,0.06581669069163029,0.24502904778466517,0.3130145410543991,0.01705912776451876,0.43412473649373734,0.26704184106751444,0.348269765259403,0.13623648327688423,0.15840023731071806,0.22138957901299372,0.03564677846918171,0.2170270935720594,0.0292711974376213,0.2607730593539037,0.06558529593602011,0.0,0.0,0.5341774652747404,0.06954176844032978,0.0,0.271875674927729,0.057459687930705425,0.0,0.0,0.0,0.05817014300330392,0.034222190069141206,0.23637578568688308,0.0,0.0,0.0,0.0,0.0,0.0,0.13799716381975147,0.0,0.0,0.0,0.0,0.014643363684240365,0.0,0.05208416955306626,0.0,0.0,0.0
0.15461661264487764,0.20851350419950054,0.5703913033374658,0.10251916158180979,0.0,0.529298193070597,0.32373147593883844,0.5187815813220858,0.8800486771939553,0.2793063982979953,0.7106159004644914,0.29209755714206365,0.5235212999712944,0.10159433380500951,0.3696149645806986,0.38991898810973014,0.35959778844882107,0.3681404177907993,0.4819329389652042,0.29666850459091737,0.2621651979164291,0.22974317584991547,0.5296077682013975,0.16836408672243058,0.15173325011445954,0.1298149324740004,0.6507084493299671,0.3647889837366969,0.2183226682043423,0.1327993623167331,0.055104521983461496,0.0,0.0,0.0,0.0,0.0,0.03270777818329462,0.0,0.0,0.13129619799004294,0.0,0.0,0.0,0.0,0.0,0.2369530080267782,0.2693509803975781,0.7062354458089704,0.23472912602650453,0.8810454772017202,0.8143418036644041,0.7945438281493951,0.5668202996355423,0.8541254027656784,0.4980100712962421,0.8126405537778308,0.32389072100418104,0.6896573343044532,0.5242598145702286,0.33800647645240667,0.3586101668512113,0.464118069805887,0.3619478349798677,0.4861519397552757,0.2423116042081082,0.27796158141759597,0.2036253684396231,0.6612377947431036,0.19530602332114566,0.31529787316671176,0.2716214840024583,0.6929789790174027,0.5384671318944236,0.3857272165528608,0.3771618611996811,0.26931991234978414
0.17995981985810422,0.7436223979496156,0.6190595617974282,0.0,0.529298193070597,0.0,0.5005061030073621,0.7325994392618556,0.561182032572311,0.4187886157503615,0.5948912407606328,0.5222471018497368,0.762929296642527,0.03788728847647646,0.39725347770986963,0.4342432094546416,0.48852002879746104,0.49438268994033974,0.5492573433696704,0.4910868292502739,0.1896080341682268,0.4303399396668584,0.7494898516711241,0.41565579131092867,0.39145261787835606,0.5892530084134646,0.6257303121336278,0.47555381414041775,0.5140384910963056,0.31210633147480404,0.0,0.0,0.11767058440266719,0.0,0.0,0.0,0.0,0.0,0.0,0.2584326893871695,0.0,0.0,0.0,0.0,0.0,0.1844838517345898,0.5554806665020581,0.5689087062170758,0.10770409339287834,0.38330589331085935,0.6780176735218859,0.32456043850041494,0.5659557966069783,0.3459523324839336,0.3240589137300535,0.5010352400586147,0.4064063772075041,0.5638859380775343,0.08282391496809428,0.3853758105983529,0.11625462885083529,0.27972794451050215,0.1743424470335477,0.5588696915319125,0.397796696859983,0.17534721586086544,0.2579776472786569,0.5851150249287945,0.28196411486949624,0.3777535247508751,0.4510789886557745,0.5806368826787738,0.4665745513419884,0.34777117262176194,0.36677885766744445,0.0654648417907719
0.10289798522211016,0.3530311695003867,0.31889152485754635,0.28610321551084084,0.32373147593883844,0.5005061030073621,0.0,0.28246262927728083,0.2712705225745815,0.1604284468528433,0.3687246476720498,0.07695915411095866,0.6185221094472814,0.2926050167695906,0.2967112688834165,0.19782772950671462,0.16169794416314034,0.1479594498499615,0.2995949740453233,0.4516957411150888,0.2904441927316544,0.3860152244251804,0.30349500131480556,0.11893113778091018,0.21033247300033253,0.35518964997613994,0.4811640334930461,0.3755061623871365,0.5565736294529514,0.4210396059983751,0.24796624054615019,0.0,0.5661244098115867,0.03008739901594301,0.0,0.2795316660333129,0.24388888044945273,0.2928524704011516,0.0,0.3878565228067262,0.3124818546654684,0.0,0.0,0.0,0.04173454280153585,0.14278530088011157,0.29596866493842117,0.26037078758404025,0.4600276933451971,0.0972735334446983,0.021036020259318944,0.3039822382342906,0.3313142256406222,0.07853460388335903,0.2186528075106634,0.2091144974098705,0.09801429536152624,0.10533846297068486,0.1459688124094079,0.24939901381860868,0.0,0.0,0.0,0.25565087475707104,0.22166768122279265,0.3122765726941798,0.13349582640541752,0.14051418254570186,0.0,0.0,0.18259357274447358,0.33476198138304814,0.19434597516163166,0.0,0.029108675817004756,0.0
0.19882698054067421,0.5363980239654056,0.7559977919328092,0.0,0.5187815813220858,0.7325994392618556,0.28246262927728083,0.0,0.5814176538448477,0.2382846516438104,0.6953480353170112,0.5323551390238647,0.5882147474286897,0.0797290066945163,0.5592937505177584,0.24813030834331365,0.34322329660591283,0.23560753850042848,0.6571641468818945,0.5874261642344278,0.35701313926420286,0.4979303784091631,0.8872459354956659,0.39792713969470855,0.19441393732173998,0.5294425700542009,0.6293654098086956,0.48691056158426615,0.34353144436248917,0.3314058942132067,0.0,0.0,0.09958424542363092,0.0,0.0,0.0,0.0,0.0,0.0,0.19989880406832275,0.0,0.0,0.0,0.0,0.0,0.26756510240612713,0.40666448380213094,0.6982484779028382,0.13063216209787945,0.43080978796255653,0.6421096512935536,0.30965240595721194,0.8419144131405023,0.4276928740942322,0.2505842988093901,0.6232007143041218,0.41116086084943043,0.511191484961356,0.1581129595307389,0.5505585298575579,0.0819306184939756,0.3087808132262495,0.15099397769306022,0.6366693928257069,0.535576816897177,0.38653305766666246,0.4401421377752436,0.785714378454936,0.3301112111969195,0.17288763938637397,0.4915257114898445,0.6028487906301097,0.4636587566036734,0.22797428466918068,0.40073048768186825,0.08171978675033174
0.23579376291484924,0.3144974972120264,0.7376482816857572,0.0,0.8800486771939553,0.561182032572311,0.2712705225745815,0.5814176538448477,0.0,0.2601140113412757,0.829039906196372,0.28910682338607063,0.5296884976652527,0.0,0.5173267298980425,0.4155879117740987,0.26460154761966415,0.310996933536746,0.6374980800039498,0.4878630054214094,0.3031076796914117,0.39156230279103943,0.6438165928334885,0.20157144548898476,0.1853783468047876,0.259366846603709,0.8022992219220411,0.3875861031070168,0.3680229243625344,0.25504465221179806,0.04908995692271456,0.0,0.0,0.0,0.0,0.0,0.0,0.0,0.0,0.1859465764773853,0.0,0.0,0.0,0.0,0.0,0.3361616572459353,0.3546762401779041,0.8212070206737972,0.19378721245431219,0.8176299809755287,0.772629190152367,0.7124141116128919,0.6248875257161748,0.9226175237748437,0.4452541450358012,0.8624084337142229,0.2871727311190683,0.6764436722537799,0.41163415620465615,0.4768777688834854,0.31737791993199094,0.37295149819518064,0.2908605191133106,0.6277313856352479,0.43738461379980914,0.3362212959391892,0.3613613345336951,0.7480903030839753,0.22141820447530644,0.26412088590527233,0.4020082579436444,0.8148204412962903,0.5843310798503121,0.44607322537382393,0.5025699605172596,0.2470887358976951
0.4084119037262576,0.5389215767605732,0.22439216686691127,0.0,0.2793063982979953,0.4187886157503615,0.1604284468528433,0.2382846516438104,0.2601140113412757,0.0,0.16024979139154655,0.6351529379569449,0.44444453586540533,0.01168735716543079,0.31050768596416156,0.5042835016871698,0.658130988900261,0.47347228049933726,0.056194318477719135,0.3471274112144768,0.1377481895606997,0.4553248157984364,0.3462961478294616,0.7169166391489489,0.6634706296470144,0.5067879819688351,0.2562249611945098,0.5468086663807576,0.36467375945611946,0.4611512630308175,0.34278313754203116,0.07358306157252494,0.0,0.0,0.0,0.0,0.0,0.0,0.01869089572085944,0.30572527784190207,0.20402907011485003,0.0,0.18931593493799945,0.2639341651485912,0.006875657594679924,0.47076503196849845,0.47892245102032566,0.1358995909196084,0.026701991246833257,0.3077108636738006,0.37889053045832927,0.23644572028705707,0.09773016069898724,0.19297762568017982,0.6608052321406058,0.19277183964103942,0.5938174946282511,0.5098856087704172,0.1186673730708683,0.31719917392185604,0.3081498820870712,0.32665681776739874,0.3579275489027468,0.13748678453392005,0.3955253519591862,0.1396274453105092,0.3244532476788662,0.29793727575897605,0.6143677974970584,0.545826444537099,0.5173557836181896,0.32669528477306425,0.544016583105934,0.4951085692234647,0.5087820565598433,0.5581646042209554
0.08215860481329536,0.40827859987496695,0.8847989517682058,0.0,0.7106159004644914,0.5948912407606328,0.3687246476720498,0.6953480353170112,0.829039906196372,0.16024979139154655,0.0,0.28356671653416576,0.5818319123071264,0.0,0.5647830596604189,0.3305625299111993,0.2161772820199056,0.2603713864116224,0.8890618882316651,0.6232451097838089,0.2971784495433438,0.4678635405864241,0.7123882126009722,0.15206850886305076,0.19655971606435063,0.3976345751236642,0.7714254165040066,0.3696598392690416,0.39051406323130766,0.3043066333267846,0.0,0.0,0.041441489790763134,0.0,0.0,0.0,0.0,0.0,0.0,0.10922933754479598,0.0,0.0,0.0,0.0,0.0,0.2533268829190508,0.4017264794631654,0.9103836542919712,0.23617841686396213,0.614192848753621,0.6235612467999596,0.45041201909972706,0.731004335264464,0.6839018307772109,0.27669058231219634,0.9013522785208371,0.17592221565488175,0.4889570224604499,0.24409294148211014,0.5342354121000836,0.22066710065187448,0.2840495467245035,0.21355551973570533,0.8705451516994155,0.4914853845879226,0.344937532970521,0.37208465141928715,0.7758403470226327,0.12135701719575723,0.17818102224444365,0.4518842375707962,0.7313576993555881,0.536134209853079,0.2590540348507736,0.4407060478132306,0.06373455999625992
0.11283569671305783,0.3942389118561419,0.313112448603168,0.0,0.29209755714206365,0.5222471018497368,0.07695915411095866,0.5323551390238647,0.28910682338607063,0.6351529379569449,0.28356671653416576,0.0,0.5462540070097788,0.030215975771571146,0.2624976993261826,0.251668376373956,0.49389672874351953,0.29522540331345487,0.21748275335966097,0.28881935232553185,0.030690932815364447,0.2585562296862163,0.4882935380501295,0.6295141780759047,0.25462279935266013,0.4329893780489386,0.21517423555740342,0.4727213667256781,0.16503159806865073,0.297818977003245,0.0,0.0,0.0,0.0,0.0,0.0,0.0,0.0,0.0,0.16343250706457918,0.0,0.0,0.18268452256410142,0.1522124940995747,0.0,0.19806596676528238,0.254430974715688,0.2670708436862574,0.0,0.34066417412035643,0.48060535237079804,0.2012808516915964,0.3579674929802773,0.22138376073187196,0.5427832685109898,0.25197567930536496,0.8671434002194456,0.6348086940874975,0.13687547261459523,0.2660265289114718,0.07646921979338218,0.521472540888644,0.2153948844593462,0.27656279304160475,0.3713889350947122,0.0,0.18958747024047531,0.4262663398393207,0.4887309486781669,0.24093635710142008,0.39199659852550306,0.25991355138640193,0.5399428245164998,0.211466537162469,0.46324272936814914,0.2641816056716626
0.13529825160449446,0.59429369695365,0.5892660773844545,0.11240950939600508,0.5235212999712944,0.762929296642527,0.6185221094472814,0.5882147474286897,0.5296884976652527,0.44444453586540533,0.5818319123071264,0.5462540070097788,0.0,0.16892984546328516,0.407645143343348,0.3798768275284636,0.5885602327349003,0.27355739884528874,0.4996312102263567,0.5758668534774081,0.15200690027709174,0.45401314248738067,0.6003495955543775,0.420580071947365,0.31821986527994484,0.5730749886255054,0.5589382592873615,0.7396586708225518,0.5662489125463283,0.464679522789981,0.1697320190321103,0.0,0.2619381987458582,0.0,0.0,0.0,0.05075211364235918,0.0,0.0,0.32561543387448943,0.1458599646050357,0.0,0.0,0.0,0.0,0.23609949231029914,0.4612863577877154,0.5119545565532151,0.2913243580911502,0.3902546692000912,0.4437031604822262,0.39583261692054494,0.47605145042005326,0.321326575428561,0.4120177501951009,0.4756610428340643,0.488729150510369,0.6420588364293277,0.14219429581668977,0.36960012153196736,0.004016670263558397,0.3120259687798972,0.01389392044940374,0.4801740220929371,0.4499864248620529,0.1823585340076631,0.2630187177774989,0.4822516833514269,0.30185647736429483,0.11130624443311338,0.4372965710508923,0.5071163714316788,0.6579911491732899,0.17747434231573617,0.2638283804886632,0.07083053656101375
0.021782696712877886,0.03503004908748203,0.0,0.30401437179798807,0.10159433380500951,0.03788728847647646,0.2926050167695906,0.0797290066945163,0.0,0.01168735716543079,0.0,0.030215975771571146,0.16892984546328516,0.0,0.0,0.0,0.00586814649244867,0.0,0.0,0.04816401025822514,0.0,0.04378017363044141,0.0,0.13230422007234707,0.0,0.09793260871279327,0.0,0.18582548353211217,0.07289828233047038,0.1090443753303022,0.2362696294825351,0.0,0.22805332243455098,0.13450850189691627,0.0,0.44392773498531635,0.27904645866447786,0.3403730667020137,0.0,0.22471146259165944,0.2437314905201199,0.17307134599184748,0.17375338355254355,0.09761560830599457,0.13713785556217636,0.020073801718455214,0.11895955043526611,0.0,0.3024394577579187,0.0,0.0,0.08926259053709157,0.109510272600787,0.0,0.06064932273129534,0.0,0.06370296624585003,0.02315443841243671,0.3190288185899392,0.0,0.0,0.0,0.0,0.0,0.0,0.0,0.0,0.0,0.1524622279874981,0.0,0.06704915768988501,0.0,0.007604987074970204,0.0,0.0,0.0
0.5976924938076027,0.5487008820048482,0.7583306714584046,0.0,0.3696149645806986,0.39725347770986963,0.2967112688834165,0.5592937505177584,0.5173267298980425,0.31050768596416156,0.5647830596604189,0.2624976993261826,0.407645143343348,0.0,0.0,0.553994352767395,0.29625245124387856,0.3276199281811939,0.47653072009853326,0.7993402595116228,0.7676606772325688,0.8281958425790329,0.6907554099099652,0.45961752523889604,0.5384916899779025,0.6153215773951257,0.7170320656365193,0.5267987988781476,0.6273946703393996,0.5908660270292881,0.4244359870747875,0.04618798216725539,0.2549096419268243,0.017925968200621728,0.0,0.0,0.0,0.0,0.08361885740238978,0.3663756411828236,0.1994669824142315,0.0,0.0,0.0,0.0,0.7308297422771552,0.48641982766083375,0.6700254807706691,0.050449349081350674,0.31053840153299794,0.3295323680593199,0.2569122803277769,0.4913211136903194,0.4395172417911918,0.2432723049880016,0.5008818276255057,0.07970923766328773,0.3737829450812793,0.0,0.9770609848052467,0.48219154999693137,0.16500477417741316,0.34898463690554077,0.4671545186875156,0.7577945081254047,0.6936784195998025,0.7997205920108723,0.6539800645177748,0.4517893815880778,0.2791678238944049,0.688507885141646,0.7267106155827932,0.572604883970526,0.49176323884321815,0.6095911679737497,0.44384893882413096
0.5287443493115621,0.5983187669030847,0.44520562884578774,0.04473929153580794,0.38991898810973014,0.4342432094546416,0.19782772950671462,0.24813030834331365,0.4155879117740987,0.5042835016871698,0.3305625299111993,0.251668376373956,0.3798768275284636,0.0,0.553994352767395,0.0,0.6302262995964873,0.8251077229548954,0.3119563526104844,0.41066383805764617,0.4466714226045981,0.6127764303825907,0.38940384026984975,0.4810060894129933,0.7516146282591836,0.5118758170249379,0.5540307242440665,0.4313460875985674,0.5086479110356694,0.40187438264980446,0.36779534858181806,0.20979996738441747,0.16217578971963764,0.09780801899339825,0.0,0.0,0.0,0.0,0.1181883201671417,0.37001298143319317,0.23077451398235183,0.0,0.0,0.0,0.0,0.6225444825554641,0.5988548725015681,0.40296754742793484,0.1480704868888435,0.3729263149246212,0.3971269178219351,0.393236334497702,0.17288545798521918,0.3441516127317853,0.44230099496476744,0.3165469204823057,0.0991061063547923,0.4493455053095672,0.08417548766092378,0.5646264998613356,0.6738763247046285,0.3435668689502631,0.663148417655158,0.3705857618411185,0.4514536742103917,0.4167307396199879,0.5134762918288809,0.42661683575736586,0.45814983260406555,0.6509033064020526,0.5823684375501753,0.5901454875419497,0.5494747738359658,0.6569926488225603,0.6158976511336287,0.5821356253699996
0.262180194175864,0.5196143113932573,0.2710006109942748,0.040370320409591376,0.35959778844882107,0.48852002879746104,0.16169794416314034,0.34322329660591283,0.26460154761966415,0.658130988900261,0.2161772820199056,0.49389672874351953,0.5885602327349003,0.00586814649244867,0.29625245124387856,0.6302262995964873,0.0,0.6168082708738849,0.18999962756590466,0.338795221439102,0.1503511213402464,0.40255790070296454,0.33421636697930834,0.5692734229055441,0.5585562600486473,0.5133715030238916,0.2762019517248639,0.567864969714065,0.3081087837821053,0.32804144892675796,0.3543286185571038,0.17807943358321904,0.09989817042097829,0.06411209251358306,0.0,0.0,0.0,0.0,0.0853317455306264,0.1532176847969992,0.17719449405671855,0.0,0.19781112488239336,0.17824955813738283,0.0,0.3258263793771551,0.4359256851656032,0.19862505698723423,0.06259641296731717,0.2864550507390816,0.42892925622540096,0.24438706209161418,0.1782023724243077,0.20806809886523459,0.46073494320714664,0.22162104203749633,0.42065619901860585,0.5464947979803854,0.10007443789015767,0.2739512172795116,0.27818006359040387,0.48255590972633,0.42422456766146105,0.21685756775854573,0.3706240685361404,0.19025272424649414,0.29977970143777116,0.27536410377245135,0.43504206863297634,0.4135375150417824,0.4646078746443972,0.3278925477603155,0.5427827431593141,0.37584959875109125,0.33677237633245455,0.4028828833609901
0.2474668765525313,0.4768121672513917,0.2711258926765537,0.0,0.3681404177907993,0.49438268994033974,0.1479594498499615,0.23560753850042848,0.310996933536746,0.47347228049933726,0.2603713864116224,0.29522540331345487,0.27355739884528874,0.0,0.3276199281811939,0.8251077229548954,0.6168082708738849,0.0,0.27229780377361174,0.14677551056616037,0.34352134984712773,0.29905851905969827,0.3265608518062636,0.3333295418465828,0.6172098647484668,0.31040389376694616,0.35329847148826576,0.19371915792080863,0.25414336279826855,0.13708464316581032,0.09307009529189147,0.2163210188833839,0.05554872648735759,0.0,0.005447981857408371,0.0,0.0,0.0,0.09414443086126913,0.14617784520911942,0.0035753899163087632,0.0,0.0,0.0,0.0,0.2659958985133637,0.40935666184758995,0.3212883838076245,0.021567545674342742,0.323754824192518,0.46806002325457985,0.30652340272772105,0.19407422726779133,0.30853577445057384,0.42028974916469847,0.2843148463560083,0.14010949483135238,0.30770812304498624,0.12778016121627395,0.30814734562988516,0.5699255317943765,0.4670591274907191,0.6809754445894918,0.3261675997743314,0.23102333319420937,0.28174135725400723,0.2552969052270498,0.2954103135374807,0.21421230917043374,0.6583615763886481,0.3226710568603579,0.3769977902194292,0.2975006884705479,0.5111690297285189,0.46007993627017263,0.40274452711302133
0.0,0.41539142339556756,0.8473813485340485,0.0,0.4819329389652042,0.5492573433696704,0.2995949740453233,0.6571641468818945,0.6374980800039498,0.056194318477719135,0.8890618882316651,0.21748275335966097,0.4996312102263567,0.0,0.47653072009853326,0.3119563526104844,0.18999962756590466,0.27229780377361174,0.0,0.5694329007882801,0.2132666330509227,0.4349681579196399,0.6528897943828852,0.11284505199258009,0.16592912323428538,0.3933432845647144,0.6344983988203404,0.28827864963815397,0.3125591975573841,0.2977368477607024,0.0,0.0,0.0555801514053204,0.0,0.0,0.0,0.0,0.0,0.0,0.0,0.0,0.0,0.0,0.0,0.0,0.13842054899136785,0.3448181942764377,0.8142698273321666,0.16412542711233913,0.38798917690486995,0.4703081218103134,0.20966909266241215,0.6266844227854336,0.44335596467273697,0.11624918675971416,0.7291120115204472,0.06388697423494319,0.3403350072143802,0.08062614107285357,0.44408583194341344,0.13540642106138776,0.18938937265155276,0.15892320214145955,0.9574554614945121,0.4417702805183062,0.2422371832783512,0.30981980552201815,0.648814155475717,0.04578390662893375,0.14556101866495008,0.3755050530717002,0.5457488387359055,0.4034841899398903,0.16887233155929715,0.3717831724043286,0.000576101145389224
0.4790598903187141,0.6785018107722729,0.776441521965915,0.056933822040257,0.29666850459091737,0.4910868292502739,0.4516957411150888,0.5874261642344278,0.4878630054214094,0.3471274112144768,0.6232451097838089,0.28881935232553185,0.5758668534774081,0.04816401025822514,0.7993402595116228,0.41066383805764617,0.338795221439102,0.14677551056616037,0.5694329007882801,0.0,0.5214338217053149,0.903970182301722,0.6916445917208358,0.4624433136477891,0.5609390797524297,0.76010877372868,0.7667514727368947,0.6238785628758566,0.755973069043064,0.6493088778485022,0.36151621271360296,0.0,0.29156955921537525,0.0,0.0,0.0,0.0,0.0,0.0,0.44747130038352834,0.2042253152292816,0.0,0.0,0.0,0.0,0.6802788408434589,0.6397879193229158,0.6039815892125182,0.1461212960471255,0.18116784846897885,0.266725749726947,0.16633134536974453,0.47590701516269274,0.3200832527298359,0.21822839416999623,0.46295399494183187,0.15383055838891152,0.3651182119064834,0.0,0.800185627676231,0.27072552518014686,0.027892316800136263,0.1313233800659654,0.5518500129888179,0.9022028887760651,0.5390254902042608,0.8231051076816217,0.6134696951672681,0.45493609753545816,0.2230084427757462,0.7792518720108761,0.7386791518822778,0.6124200837620298,0.45414658574252226,0.5020572194049596,0.28484544154905145
0.6030320976442722,0.27677704114167284,0.3942884680016935,0.07914042359327793,0.2621651979164291,0.1896080341682268,0.2904441927316544,0.35701313926420286,0.3031076796914117,0.1377481895606997,0.2971784495433438,0.030690932815364447,0.15200690027709174,0.0,0.7676606772325688,0.4466714226045981,0.1503511213402464,0.34352134984712773,0.2132666330509227,0.5214338217053149,0.0,0.5856679549264164,0.4302730455528889,0.28758801825655944,0.42116020271298266,0.32147383407743757,0.5362365728168559,0.31390018301106504,0.4927027565226867,0.4787690897787221,0.5254952481866658,0.27163429356691293,0.3893505827671248,0.3100081354489104,0.04153846376453123,0.048270084317588974,0.2517971852390397,0.055218321415749366,0.308429818043208,0.3744953955578527,0.3080540631827788,0.0,0.0,0.0,0.08137061000600215,0.6044774775661789,0.29375935614558507,0.41968168028824504,0.12980725843670687,0.23110530941482094,0.1918965117608311,0.31651260795196867,0.4532622097937186,0.3433313409319506,0.2021024295439076,0.2933204115683079,0.0,0.08728026283029666,0.07121119255427294,0.761564691572116,0.4386406947891725,0.13562005039165784,0.261105256083597,0.2031201390801054,0.5228552778348674,0.8821664808286154,0.6324147700856674,0.41224780945681266,0.29367301591334616,0.23566223417287407,0.4180812154338186,0.5693718212723331,0.226739298390779,0.4745446099452201,0.4214161853457551,0.34845022293073524
0.6624451500412671,0.7387305561569545,0.680916458028249,0.07172609881925238,0.22974317584991547,0.4303399396668584,0.3860152244251804,0.4979303784091631,0.39156230279103943,0.4553248157984364,0.4678635405864241,0.2585562296862163,0.45401314248738067,0.04378017363044141,0.8281958425790329,0.6127764303825907,0.40255790070296454,0.29905851905969827,0.4349681579196399,0.903970182301722,0.5856679549264164,0.0,0.6085478219738825,0.5996610607152282,0.7322874069572584,0.8295709516392972,0.7248813605943598,0.6066629422127251,0.7592091821391408,0.6696756252682142,0.47636400954213226,0.0,0.3255324953518427,0.0,0.0,0.0,0.0,0.0,0.04808133086601127,0.50626872673705,0.34085842390634924,0.0,0.0,0.0,0.0,0.8212012021993462,0.7067077769666972,0.496656071839614,0.13107992638313715,0.1204622069905176,0.1788241313540874,0.12064571127210358,0.3371812793484174,0.23032223975486366,0.2944937078823292,0.34162263842162643,0.10605535838688371,0.3255669423132387,0.0,0.8351477514491487,0.4492724469494194,0.018475619116891606,0.2896442955659459,0.44041132870205374,0.8581340757823499,0.5789808122794748,0.8894133333920732,0.5121522363371837,0.5878957593420593,0.3921294339916673,0.8478608353703696,0.7007038161635731,0.6023428831944553,0.553369095623674,0.5975332301756304,0.45698487367920854
0.3460799720481334,0.6268338588581636,0.8301150208685346,0.0,0.5296077682013975,0.7494898516711241,0.30349500131480556,0.8872459354956659,0.6438165928334885,0.3462961478294616,0.7123882126009722,0.4882935380501295,0.6003495955543775,0.0,0.6907554099099652,0.38940384026984975,0.33421636697930834,0.3265608518062636,0.6528897943828852,0.6916445917208358,0.4302730455528889,0.6085478219738825,0.0,0.39940487059886204,0.36430782381385535,0.5576142404840052,0.7679657825188508,0.582282744779959,0.5193445672034944,0.48132636295070486,0.04919420095974028,0.0,0.025454218018638952,0.0,0.0,0.0,0.0,0.0,0.0,0.2660428951372642,0.0,0.0,0.0,0.0,0.0,0.42489523035820764,0.4798871124192661,0.78862202088563,0.06447269095122346,0.4702031847045548,0.650270198188164,0.33656116416503534,0.7660985461612971,0.5048235266533853,0.31705366705870663,0.6611267610125338,0.3287266891912857,0.5479244189888707,0.06793020229766977,0.6762265134267011,0.2775188625661602,0.2500022219451926,0.2753971236889229,0.6497271606740657,0.6565566546227581,0.4177416573022845,0.5607015149753078,0.8898061290348657,0.34128438436691616,0.27945111018534485,0.5668139219638281,0.7815258275363426,0.6116112707708565,0.43217510850640467,0.5674196485476674,0.27643436739449934
0.5106562767931239,0.6347177433266348,0.3207950627993657,0.0,0.16836408672243058,0.41565579131092867,0.11893113778091018,0.39792713969470855,0.20157144548898476,0.7169166391489489,0.15206850886305076,0.6295141780759047,0.420580071947365,0.13230422007234707,0.45961752523889604,0.4810060894129933,0.5692734229055441,0.3333295418465828,0.11284505199258009,0.4624433136477891,0.28758801825655944,0.5996610607152282,0.39940487059886204,0.0,0.6619860125833847,0.704834438797519,0.2586225590595943,0.49595700497120154,0.4076734359266938,0.456207951360456,0.3470996447472625,0.10366761426204033,0.20870008100597476,0.03609509315872829,0.0,0.0,0.0,0.0,0.08960009106902339,0.42130160955858864,0.2656384247550828,0.0,0.10113713753500454,0.2378497403589176,0.02472117148410538,0.6032959737340592,0.5508383270677782,0.15149108186714616,0.06977017372142438,0.1641906719146911,0.30280536001542185,0.08582947413757037,0.20981659980162803,0.09204526007696195,0.43932463829529633,0.10767070622137488,0.5207167795647001,0.4672995977122628,0.04554869536032154,0.4920314966446068,0.1827807154286065,0.16315449557227865,0.204616156094883,0.16244265132161903,0.5427226787635313,0.2952327520415046,0.4979732658657231,0.30321019448313924,0.8457498899942002,0.4328687821720241,0.6860975396280449,0.3145103872490264,0.5334325265763448,0.39405734535200665,0.5248048182437847,0.48534538080175604
0.5887174927766524,0.765809619808001,0.36634396201685027,0.0,0.15173325011445954,0.39145261787835606,0.21033247300033253,0.19441393732173998,0.1853783468047876,0.6634706296470144,0.19655971606435063,0.25462279935266013,0.31821986527994484,0.0,0.5384916899779025,0.7516146282591836,0.5585562600486473,0.6172098647484668,0.16592912323428538,0.5609390797524297,0.42116020271298266,0.7322874069572584,0.36430782381385535,0.6619860125833847,0.0,0.7479603312173004,0.4505501295941102,0.42382135522329,0.6173289883471984,0.43504321797978335,0.3454610397660318,0.0866534745574076,0.23652596875925813,0.0,0.0,0.0,0.0,0.0,0.11792684010642306,0.40317733889932406,0.3066028042184058,0.0,0.0,0.06013345188293222,0.0,0.6755900759002893,0.7516118259619438,0.2324526254108269,0.07561975938860253,0.10139272919198877,0.2282479683568064,0.07708956342401196,0.04806102498943923,0.07371378423863251,0.409646782933484,0.1650900377747814,0.1253669582397897,0.26544288347634587,0.0,0.534679743160812,0.5100355598899033,0.13203180621509925,0.4845736527765982,0.21216115689707196,0.5844082037412488,0.41522867335799796,0.6124885895250984,0.2641910628248464,0.5881487177824714,0.7270144862110911,0.7628925708157881,0.48145639083063246,0.47691361442926794,0.6846048881464779,0.4935898880421282,0.5344451705398617
0.44045310243213054,0.9060344097615878,0.5642244000564637,0.0,0.1298149324740004,0.5892530084134646,0.35518964997613994,0.5294425700542009,0.259366846603709,0.5067879819688351,0.3976345751236642,0.4329893780489386,0.5730749886255054,0.09793260871279327,0.6153215773951257,0.5118758170249379,0.5133715030238916,0.31040389376694616,0.3933432845647144,0.76010877372868,0.32147383407743757,0.8295709516392972,0.5576142404840052,0.704834438797519,0.7479603312173004,0.0,0.5257570937512395,0.5538423157151567,0.6359256059962858,0.48079086363054074,0.1489981331113328,0.0,0.3151315124068129,0.0,0.0,0.0,0.0,0.0,0.0,0.38401473893519716,0.1949599435907423,0.0,0.0,0.0,0.0,0.561622423377429,0.8230304325657053,0.36616286501741435,0.2024372513116839,0.0,0.22428319982980316,0.0,0.3081490808828309,0.0,0.25487874895679696,0.2433029961718052,0.2805790272099019,0.3499208530716987,0.0,0.6100416631600087,0.1417356021448534,0.03984687365537126,0.15388340155474706,0.4130828997287553,0.7247172268841203,0.3809685874076698,0.6444923425669695,0.36891572262517214,0.5363668106058641,0.4017681206816109,0.879034373520677,0.4748106134560094,0.5160969930338951,0.3480878862231468,0.37881348575617685,0.17984148266514477
0.4125100999441933,0.5665504548002032,0.8203693087920612,0.0,0.6507084493299671,0.6257303121336278,0.4811640334930461,0.6293654098086956,0.8022992219220411,0.2562249611945098,0.7714254165040066,0.21517423555740342,0.5589382592873615,0.0,0.7170320656365193,0.5540307242440665,0.2762019517248639,0.35329847148826576,0.6344983988203404,0.7667514727368947,0.5362365728168559,0.7248813605943598,0.7679657825188508,0.2586225590595943,0.4505501295941102,0.5257570937512395,0.0,0.5130932558688609,0.6746475379312671,0.48672234710234175,0.24161621754096552,0.0,0.19827974327710765,0.0,0.0,0.0,0.0,0.0,0.0,0.37823737430649695,0.04777654771038158,0.0,0.0,0.0,0.0,0.5221912014823901,0.5404397862876487,0.7982850384061557,0.18613834294697956,0.5088356416609652,0.5568167086591801,0.5091987786882592,0.5970880678346056,0.6567286894913364,0.3471708102496863,0.6856598722934732,0.09748951352100148,0.49011139235484735,0.15480310631510433,0.6972949710679052,0.43867687410246997,0.1886400525047534,0.2773834417586128,0.6105823041957906,0.6763860571374489,0.5262989407610219,0.6537133758013894,0.7441186079335045,0.2689208747892061,0.30467513991995365,0.5809851664378236,0.9599741777065244,0.5948904264165245,0.5602834965146201,0.5545368605971691,0.2857532421304312
0.45907592254298313,0.4842382582838013,0.4945669520683572,0.24962794813973427,0.3647889837366969,0.47555381414041775,0.3755061623871365,0.48691056158426615,0.3875861031070168,0.5468086663807576,0.3696598392690416,0.4727213667256781,0.7396586708225518,0.18582548353211217,0.5267987988781476,0.4313460875985674,0.567864969714065,0.19371915792080863,0.28827864963815397,0.6238785628758566,0.31390018301106504,0.6066629422127251,0.582282744779959,0.49595700497120154,0.42382135522329,0.5538423157151567,0.5130932558688609,0.0,0.5304722938453317,0.6767474492953094,0.49478214731056025,0.0,0.233722844214659,0.0,0.0,0.06779193785006815,0.14568867268726704,0.0,0.008346685842713225,0.455369619135354,0.39587625210769584,0.0,0.12800736993149764,0.14304240338364257,0.16829644628574025,0.5530201558579152,0.39657455004198394,0.3825433285819761,0.24606779281701277,0.3129637559011304,0.2907618675203509,0.36797869065700817,0.32042073284010325,0.2705641770568201,0.448713395274453,0.3230028251428435,0.42653104335798675,0.6221149636868277,0.11007275203118151,0.5175496154323382,0.2694424037053936,0.3340577913412693,0.18859652242878755,0.29407104582740057,0.5574727112281144,0.31329791049500527,0.5043234092263549,0.46291031494886936,0.5008665841993987,0.13783221007466057,0.5448572391073261,0.5256698762347133,0.7499831020739325,0.28164948882059077,0.4386607792851326,0.39842384598146785
0.5385300069670718,0.6367245341231338,0.5370011141434392,0.0,0.2183226682043423,0.5140384910963056,0.5565736294529514,0.34353144436248917,0.3680229243625344,0.36467375945611946,0.39051406323130766,0.16503159806865073,0.5662489125463283,0.07289828233047038,0.6273946703393996,0.5086479110356694,0.3081087837821053,0.25414336279826855,0.3125591975573841,0.755973069043064,0.4927027565226867,0.7592091821391408,0.5193445672034944,0.4076734359266938,0.6173289883471984,0.6359256059962858,0.6746475379312671,0.5304722938453317,0.0,0.6524250206625042,0.4731994763036624,0.0,0.44360400259146926,0.0,0.0,0.0,0.0,0.013970400495314839,0.0,0.5895330767234093,0.4238919874842191,0.0,0.0,0.0,0.0,0.5789703494980023,0.5948395902177994,0.36955795406255215,0.09893511504095075,0.09301515103469751,0.12621260359762287,0.17315289090776,0.23408988400061784,0.18248764231239661,0.2973165834564961,0.22250285989982166,0.05957448447488971,0.2546715677273873,0.0,0.6387940655806205,0.3667604311223345,0.0,0.11544394296231969,0.2901144350488803,0.6377254582381597,0.45948017975779837,0.6192125341544962,0.394939581257053,0.3900572622093462,0.31964825204619074,0.5970560601929336,0.6262040276431831,0.4685855551534742,0.5692779342588692,0.4240594230610505,0.28970109448300513
0.5336510733616926,0.4470391030951878,0.45097556697555685,0.11590606614946174,0.1327993623167331,0.31210633147480404,0.4210396059983751,0.3314058942132067,0.25504465221179806,0.4611512630308175,0.3043066333267846,0.297818977003245,0.464679522789981,0.1090443753303022,0.5908660270292881,0.40187438264980446,0.32804144892675796,0.13708464316581032,0.2977368477607024,0.6493088778485022,0.4787690897787221,0.6696756252682142,0.48132636295070486,0.456207951360456,0.43504321797978335,0.48079086363054074,0.48672234710234175,0.6767474492953094,0.6524250206625042,0.0,0.6056754557489326,0.044128640232792685,0.34727153094325924,0.12638741092097314,0.0,0.0,0.09765706587034703,0.0,0.06103618266834024,0.518850677035477,0.47946092844390664,0.03263064597254299,0.0,0.07073640207364186,0.1482878799751272,0.6376028400890803,0.36328792596376636,0.2926803018517846,0.1743906080186372,0.10652833757552047,0.05599366450800938,0.16771341054199318,0.25958545540644545,0.13157862865579212,0.35329024793262,0.1853669929975379,0.24407897407664036,0.277444325310405,0.02688088020513736,0.5871172253748855,0.27094704543813564,0.018782062874884042,0.044667796257536474,0.2751010028860728,0.5329719745818258,0.4264572418226769,0.5165158201500051,0.40192483666084466,0.4624242490575566,0.07496903561584531,0.4779544941876471,0.4455899865440911,0.4836153685914337,0.309169452030883,0.5520946052535056,0.3973893128141108
0.5699032105457186,0.05129914868756433,0.07901522189433025,0.1810726980086657,0.055104521983461496,0.0,0.24796624054615019,0.0,0.04908995692271456,0.34278313754203116,0.0,0.0,0.1697320190321103,0.2362696294825351,0.4244359870747875,0.36779534858181806,0.3543286185571038,0.09307009529189147,0.0,0.36151621271360296,0.5254952481866658,0.47636400954213226,0.04919420095974028,0.3470996447472625,0.3454610397660318,0.1489981331113328,0.24161621754096552,0.49478214731056025,0.4731994763036624,0.6056754557489326,0.0,0.337814490619999,0.3738516630715323,0.5159623517562523,0.17165672800344897,0.2378382423790339,0.29454589896940164,0.3065792645441003,0.36736916938410924,0.3896666191913778,0.5812887694475387,0.21165675449758825,0.22109173982688024,0.22671812413880893,0.31025909230957405,0.5694550500046531,0.10755018182304055,0.0,0.061074220964155185,0.0,0.0,0.19006328157341285,0.0,0.08505272303957087,0.2586797808456868,0.0,0.0,0.14386834996181957,0.08423716227982392,0.44470327842056456,0.29227747713698166,0.0,0.05535589609245728,0.0,0.3592119762521791,0.4647685895160477,0.46725899681182553,0.07057741083175825,0.39735227151642066,0.03552673082174876,0.2106452924220602,0.2872563097416995,0.35110221899460436,0.3595103576297534,0.3200850188408724,0.49613274196608015
0.2621246954165483,0.0,0.0,0.06581669069163029,0.0,0.0,0.0,0.0,0.0,0.07358306157252494,0.0,0.0,0.0,0.0,0.04618798216725539,0.20979996738441747,0.17807943358321904,0.2163210188833839,0.0,0.0,0.27163429356691293,0.0,0.0,0.10366761426204033,0.0866534745574076,0.0,0.0,0.0,0.0,0.044128640232792685,0.337814490619999,0.0,0.08760802111766408,0.5920644401276958,0.5957428232871522,0.03901976168535137,0.12445952765565256,0.03831410449887651,0.8485330161446066,0.033536919011543986,0.36785763928802523,0.2751909185843231,0.33644154953169403,0.319228610422464,0.20338963767412352,0.1312552638267825,0.0,0.0,0.0,0.0,0.0,0.0,0.0,0.0,0.0,0.0,0.0,0.0,0.0,0.06893436545655818,0.28689611113746327,0.03297617078281276,0.2803624928845102,0.0,0.0,0.17791276175573004,0.10351478129830533,0.0,0.1585653931044187,0.12840939268202337,0.0,0.0,0.0,0.2533347834008,0.11446159280098674,0.413916935167728
