0.0,0.7845214614828073,0.21980171037246266,0.0,0.0,0.5542297168765664,0.0,0.0,0.0,0.0,0.0,0.15328958716052551,0.2357103001754434,0.49406840862116214,0.5418508931486609,0.395792613170945,0.0,0.5300987311840847,0.16040504196285224,0.2834827090923199,0.7821456296547056,0.47285924875226765,0.29762267722422486,0.6250477225336787,0.7383197595637978,0.5919754740389049,0.22561457088344622,0.0,0.6330635648389689,0.2903332470423438,0.0,0.0,0.2772610805889736,0.0,0.0,0.0,0.0,0.0,0.0,0.05629373736437565,0.15277468436615071,0.09479219531466127,0.0,0.0,0.43355441908270664,0.8395446744492409,0.7084015020341115,0.0,0.0,0.0,0.3608425111976033,0.0,0.0,0.0,0.0,0.0,0.4345853993606431,0.3770465138384762,0.0,0.6261054753542625,0.623178967327251,0.0,0.331303184171154,0.0,0.6433286664358822,0.7200929656506766,0.5803559072196407,0.3183654957424597,0.5642800428702495,0.5236541505958732,0.612197851193161,0.529015571908996,0.2766135949815677,0.5262442168560058,0.3602491313076983,0.3717920116117426
0.7845214614828073,0.0,0.3479421062260639,0.0,0.0,0.66519070839692,0.0,0.06117009320154937,0.1002508106285808,0.0,0.16962448873944325,0.21284382932426577,0.4083957523350888,0.5536156011567742,0.7309814034980437,0.46842227058058916,0.03894274109313495,0.5891966237842278,0.3761330305150439,0.39922891018666945,0.6947209064669766,0.627544876269415,0.2871552488713603,0.6653954743983865,0.7941064076080219,0.5932937264854035,0.3666166175108645,0.09433796012965551,0.6884220030273387,0.3550634395931631,0.0,0.0,0.19842337678154626,0.0,0.0,0.036514913078069686,0.0,0.0,0.0,0.0,0.0,0.06966057330706268,0.0,0.0,0.3682976422306156,0.7312574386750101,0.8306335945872035,0.1427532637436217,0.0,0.0,0.26521646062952925,0.0,0.10168359533626972,0.09425574925186175,0.0,0.0,0.499444245223031,0.5605044812401206,0.0,0.7053910701953674,0.6379236898983947,0.0476017830080574,0.4228918545809589,0.07300450103196374,0.7107536073736914,0.6178217807735044,0.6193210120660378,0.3906555722093991,0.6427957866217748,0.503491399681554,0.6017062675561397,0.5626361348306721,0.49991218208552535,0.4336892573933472,0.45927655438400294,0.30173908331356214
0.21980171037246266,0.3479421062260639,0.0,0.0,0.017707969165951964,0.38918379252686386,0.0,0.4422984350518512,0.3583939962931157,0.0,0.510955384297711,0.043143337392318765,0.18680008898833847,0.2933279419398073,0.3937129749029771,0.0,0.0,0.21266901898338364,0.840135211751875,0.1913510716750273,0.23252149391252952,0.24971120399731567,0.5813566696652336,0.22554478365628472,0.3883056167461995,0.2461833745172555,0.5461430404035486,0.0,0.3479264325522613,0.0,0.0,0.0,0.13821771429490218,0.0,0.0,0.0,0.0,0.0,0.0,0.0,0.008937670837266085,0.04756107798932046,0.0,0.0,0.13758852960575826,0.21781844525068902,0.28852959970329395,0.7175518060429339,0.0,0.0,0.4390824174475851,0.0,0.31870747444737846,0.3569433334895756,0.0,0.36878288255238906,0.24265550439337866,0.23561372156193405,0.0,0.38382306837723135,0.11582235749541488,0.08991121673993274,0.014100487459480143,0.6842001976500706,0.35083743931203815,0.22381588743385208,0.2740453884544932,0.5659926642795344,0.240511998522067,0.15734007610340245,0.17758564491851322,0.5592416906885822,0.1571160151427969,0.2714897975527886,0.14318602020983323,0.01900493936272396
0.0,0.0,0.0,0.0,0.7371484652562602,0.0,0.6611736758571203,0.0,0.4721628638406977,0.4622225895533528,0.29247564770581536,0.3360327649334003,0.33047370048717095,0.0803253152711734,0.0,0.10742547673302143,0.4323417631769756,0.0,0.0,0.5119727597506727,0.0,0.3753657028771723,0.0,0.0,0.0,0.0,0.130744279545729,0.4112234658191004,0.0,0.05731539926075907,0.3470478893999811,0.3310516874191159,0.0,0.2600785298082179,0.03664581266815088,0.4689752356533293,0.0,0.0,0.0,0.20029652757151578,0.07091187209397326,0.0,0.0,0.34092256382765207,0.0,0.0,0.0,0.0,0.4126009029474507,0.5133025171485515,0.0,0.5076984974808894,0.0,0.5139250774050772,0.549632541889447,0.1261862018694583,0.0,0.0,0.4992422491412406,0.0,0.0,0.0,0.02948065231502378,0.0,0.0,0.0,0.0,0.0,0.0,0.0,0.0,0.0,0.0,0.0,0.0,0.0
0.0,0.0,0.017707969165951964,0.7371484652562602,0.0,0.0,0.8516258572797102,0.0,0.7916682248756557,0.4037703652743327,0.6034471965526037,0.3845458172690061,0.3533340635788506,0.0,0.07677545909147393,0.09657002967218217,0.5568327962541338,0.0,0.0,0.4570814920442707,0.0,0.41106678056469986,0.0,0.0,0.0,0.0,0.2749773883187181,0.32432243453451226,0.0,0.0,0.2600163048728944,0.1873058436694345,0.0,0.0,0.0,0.251435055084525,0.0,0.0,0.0,0.1512837580054201,0.0,0.0,0.0,0.22755931713262545,0.10275229582311642,0.0,0.11137765457598994,0.08787435967641688,0.24597483900695188,0.6602511655210526,0.0,0.5761535915130005,0.0,0.714683738609414,0.5685521955347789,0.41627477125166007,0.0,0.0,0.6130533486397032,0.0,0.0,0.0,0.2675261488407408,0.14122870337308563,0.0,0.0,0.0,0.048968103780531624,0.0,0.07744810298352811,0.0,0.0,0.0,0.0,0.0,0.0
0.5542297168765664,0.66519070839692,0.38918379252686386,0.0,0.0,0.0,0.0,0.35211299509365196,0.0,0.0,0.11125266951170337,0.14708946150196223,0.35585362520002023,0.6583220304193594,0.6163608224086579,0.350330677208762,0.0,0.48245205620325415,0.4113717284379467,0.2037339049643046,0.6827371773679198,0.27979288199002217,0.497563567956804,0.5435690854004877,0.6945507381853622,0.4788672434581413,0.4042425321219178,0.0,0.8351844078672139,0.44190243759524317,0.0,0.0,0.401475597116266,0.0,0.0,0.0,0.0,0.0,0.0,0.037579791108842964,0.24744055591958009,0.4496836232050943,0.0,0.0,0.21524377362124392,0.48506005148895054,0.43101054548449386,0.17401085363440755,0.0,0.0,0.4910987438098594,0.0,0.39424793802838176,0.0,0.0,0.0,0.5660849879171471,0.4100664986217559,0.0,0.5273408413788147,0.6808311258926988,0.11717405201936654,0.060921244364540605,-0.012388367276527257,0.673820702426996,0.6716597130425435,0.5700730967444206,0.5390246119732899,0.5213156313510863,0.1431284226447808,0.2537239843390394,0.6303376384894186,0.5313710675716561,0.4742132998946306,0.6151324198447135,0.5173516339243153
0.0,0.0,0.0,0.6611736758571203,0.8516258572797102,0.0,0.0,0.0,0.6037908341440301,0.4052944489882269,0.462990172615223,0.20538454317383625,0.1354525064066197,0.0,0.0,0.06082869980036598,0.561635234458008,0.0,0.0,0.27514885429393776,0.0,0.21112951761840384,0.0,0.0,0.0,0.0,0.04939770029543755,0.3608956111927732,0.0,0.0,0.4682605265762467,0.25357757996275154,0.0,0.14318164725586427,0.0,0.12799534276249575,0.0,0.0,0.0,0.1693079016079549,0.0,0.0,0.0,0.200454706628045,0.047577188931975864,0.0,0.0,0.0,0.22549114724297384,0.6614364558920625,0.0,0.7123213702712332,0.0,0.5165727115397937,0.5574063779178314,0.4196038254407498,0.0,0.0,0.6284084768375058,0.0,0.0,0.0,0.2593530004705149,0.027523039476023192,0.0,0.0,0.0,0.0,0.0,0.0,0.0,0.0,0.0,0.0,0.0,0.0
0.0,0.06117009320154937,0.4422984350518512,0.0,0.0,0.35211299509365196,0.0,0.0,0.0,0.0,0.13364701764327164,0.0,0.07018011237787586,0.16155408116121356,0.16423106995820413,0.06021503573496678,0.0,0.08637265883384027,0.33224085706323603,0.0,0.12035757763855431,0.0,0.4644923852834175,0.11537476702811411,0.030155291038771237,0.15222598945314014,0.1879049060688484,0.0,0.14588669653969816,0.12180467937273526,0.0,0.0,0.49636354550249295,0.0,0.04620360698467575,0.0,0.0,0.27785131448662004,0.2519363784072935,0.0,0.30171536248925296,0.2088582495345708,0.09983407518772254,0.0,0.0,0.0,0.09394297539299448,0.27615631192475676,0.10664453175854355,0.0,0.5080995230027461,0.0,0.5915227889064808,0.0,0.0,0.15713924953509226,0.2531328291901277,0.09219096411688549,0.0,0.1566531049299038,0.0,0.19843546301928974,0.0,0.2047708386061369,0.11488805131262099,0.10010832496728195,0.09815000488290558,0.4414072564084631,0.10337863714479834,0.0,0.07848719916571778,0.23976002156636972,0.22877996195528735,0.11335667226394541,0.2838193188632283,0.23623778976374885
0.0,0.1002508106285808,0.3583939962931157,0.4721628638406977,0.7916682248756557,0.0,0.6037908341440301,0.0,0.0,0.12256071000894928,0.819222815773174,0.27569719888790767,0.33992164864438845,0.07416671529109801,0.29912194591056707,0.23121417858289256,0.4113791462736842,0.23013140940957022,0.3916123803192863,0.5504877640252711,0.0,0.5057012025482613,0.21805851285047514,0.0,0.21660143779725474,0.0,0.5804079523797604,0.10113686298818653,0.0,0.0,0.0,0.0,0.0,0.0,0.0,0.05302443633262523,0.0,0.0,0.0,0.21524073944496397,0.0,0.0,0.0,0.0,0.3312926064591153,0.0,0.23268101363158897,0.442056857054948,0.23940471692000856,0.6241913142895504,0.07899476218297602,0.3262169346995617,0.0,0.9148734253920007,0.28500267613119523,0.655283691869258,0.0,0.18006477458919493,0.43190047497610196,0.0957212130756433,0.0,0.09012766653753909,0.2619186194598052,0.3754378113333236,0.0,0.0,0.0,0.33701716601636855,0.025186679581190363,0.08606753452343532,0.0,0.15256969091829392,0.0,0.0,0.0,0.0
0.0,0.0,0.0,0.4622225895533528,0.4037703652743327,0.0,0.4052944489882269,0.0,0.12256071000894928,0.0,0.0,0.6736464793633516,0.20814118127394188,0.0,0.0,0.0,0.6754247207793984,0.0,0.0,0.06271675516065839,0.0,0.0,0.0,0.0,0.0,0.2754876975621635,0.0,0.3040538153329747,0.0,0.0,0.4990692165407232,0.49127321251373757,0.0,0.29748052414430926,0.3472534878880364,0.5475931173800523,0.27612639608544404,0.10885837113182906,0.032588834130781216,0.0,0.0,0.0,0.22453033960181365,0.5903089473641886,0.0,0.0,0.0,0.0,0.0,0.08098906398607608,0.0,0.38205210822454533,0.0,0.04922710231739541,0.8591985103426414,0.0,0.18826599802854527,0.0,0.4028685166094549,0.0,0.0,0.04563687541587491,0.20396508441177044,0.0,0.0,0.0,0.0,0.0,0.0,0.49079295091929853,0.3235117638678111,0.0,0.0,0.0,0.0,0.0
0.0,0.16962448873944325,0.510955384297711,0.29247564770581536,0.6034471965526037,0.11125266951170337,0.462990172615223,0.13364701764327164,0.819222815773174,0.0,0.0,0.03993186601059817,0.28457414020077093,0.21195930622149717,0.38287428034662874,0.3569552702029244,0.286790457090333,0.3470625777740009,0.5060943497250432,0.4277504214377212,0.0,0.42598559692570964,0.5025829106421577,0.06701124243854471,0.28700714043534103,0.0,0.5613218661457816,0.0,0.0,0.0,0.0,0.0,0.0,0.0,0.0,0.0,0.0,0.0,0.0,0.27283306804670077,0.0,0.0,0.0,0.0,0.3339820950130654,0.02502545098890499,0.2831391469978451,0.43192551756794717,0.3442994870316685,0.5785930453933845,0.2542464770095692,0.183348919916745,0.19268361161677391,0.802268900489708,0.0,0.7005530239040975,0.0,0.21483863682857715,0.32003324771994013,0.23017537849717673,0.0,0.1544064116605754,0.09804988686126023,0.37584233745262263,0.0,0.09856043395491307,0.0,0.5060085800645006,0.2037961932579907,0.0,0.0,0.16283995861237138,0.14415163101125025,0.11337231748580551,0.0,0.0
0.15328958716052551,0.21284382932426577,0.043143337392318765,0.3360327649334003,0.3845458172690061,0.14708946150196223,0.20538454317383625,0.0,0.27569719888790767,0.6736464793633516,0.03993186601059817,0.0,0.5304781111034708,0.2849235280341491,0.17528600622408172,0.0,0.5297776976716007,0.09227796396953777,0.08128199851395115,0.3425308980922666,0.16232133897854953,0.2781121680159717,0.0,0.07021141506309375,0.3828580741121108,0.5228989624336178,0.11391956943943754,0.21897094623326938,0.0,0.05575169807400937,0.07132890194458309,0.15102288092986924,0.0,0.0,0.020568498592214192,0.4875728475487627,0.0,0.0,0.0,0.0,0.0,0.0,0.10678717233627837,0.44762751496200404,0.1121925971983756,0.17263230591294743,0.2490209884006682,0.024269599303899603,0.0,0.0,0.02916265389717093,0.06566073708744055,0.0,0.25079197971069433,0.5859259479810928,0.0,0.6083671900322409,0.25660299504518685,0.316774564399156,0.09466180678585087,0.003425838039550849,0.057347001907804784,0.3622178541433465,0.03926259671509558,0.3690014292813221,0.0,0.24751428344179102,0.11916866097410397,0.0,0.6834566271949547,0.5449118140568393,0.23863734856718435,0.0,0.0,0.0,0.0
0.2357103001754434,0.4083957523350888,0.18680008898833847,0.33047370048717095,0.3533340635788506,0.35585362520002023,0.1354525064066197,0.07018011237787586,0.33992164864438845,0.20814118127394188,0.28457414020077093,0.5304781111034708,0.0,0.4848942094353469,0.30823781735769606,0.32492677324924857,0.4320051289765442,0.3631854104141191,0.11903063883285447,0.5694062533565551,0.35293195272134675,0.4738678096712725,0.16980861533116076,0.09923438965658207,0.5513114269377934,0.36689310701317124,0.40779171218663507,0.13813924148085432,0.21741191981445543,0.34650394234502435,0.0,0.0,0.0866910145752337,0.0,0.0,0.29831913268622945,0.0,0.0,0.0,0.0,0.07945190874805064,0.0,0.0,0.20059928630030396,0.36194087753352927,0.31197085378216033,0.3189072259807549,0.0,0.10664103577289454,0.0,0.4144682118089461,0.0,0.0,0.355136176781515,0.15964819844099298,0.0,0.4767610915101945,0.3889148326154992,0.14369948340171496,0.11813003247079326,0.03596604930226352,0.051838758148279096,0.07732932115333091,0.0,0.35157349894677137,0.18519792976546162,0.10609303584129642,0.29864377812679804,0.07760438265008321,0.3680081446744561,0.30022439650965244,0.37252161578442355,0.15390889737164937,0.13808919682967521,0.0,0.0
0.49406840862116214,0.5536156011567742,0.2933279419398073,0.0803253152711734,0.0,0.6583220304193594,0.0,0.16155408116121356,0.07416671529109801,0.0,0.21195930622149717,0.2849235280341491,0.4848942094353469,0.0,0.4973484031731875,0.24613878904479586,0.0,0.418419287341143,0.2615423219491843,0.3367427319428795,0.5789065700779348,0.326163976472978,0.28992827924243825,0.2795668847627611,0.7696413088435659,0.40132337320146716,0.3408667051985629,0.0,0.6144022487648864,0.43702839895244455,0.0,0.0,0.23619348978820093,0.0,0.0,0.13541364419540258,0.0,0.0,0.0,0.1458732446289586,0.3510742042067048,0.18755143265070756,0.0,0.0,0.21459680747180188,0.44780729349621334,0.39414607011638425,0.008384415282711333,0.056386515555196,0.0,0.34149626481068684,0.0,0.15286568773278555,0.12434816876313917,0.0,0.0,0.5515886957657223,0.25336007390055226,0.0,0.3952028601721155,0.5621746087356843,0.0,0.02585701450891984,0.0,0.5780252641733847,0.5646896166978412,0.49732492614644336,0.37547887432919735,0.32234930625700303,0.1684533974720521,0.26899522976157675,0.4766124128228594,0.3943584958189885,0.3173871722865791,0.4166516923901959,0.3188891623896425
0.5418508931486609,0.7309814034980437,0.3937129749029771,0.0,0.07677545909147393,0.6163608224086579,0.0,0.16423106995820413,0.29912194591056707,0.0,0.38287428034662874,0.17528600622408172,0.30823781735769606,0.4973484031731875,0.0,0.40526921833152546,0.0,0.5218280053100263,0.4258710029830224,0.5659073873681397,0.5530590038717602,0.670722971283264,0.47285621443716236,0.49465359963621897,0.6731968249268947,0.41771516695549643,0.5647408662902882,0.0,0.5999280663704532,0.18080601479226194,0.0,0.0,0.11658536751113806,0.0,0.0,0.0,0.0,0.0,0.0,0.0237773093191308,0.0,0.05115473959166301,0.0,0.0,0.32766454206361867,0.48745395408940917,0.6439120920631112,0.33836682847786703,0.0,0.0,0.27165297396240456,0.0,0.26425221663531795,0.311766733319566,0.0,0.06241969648028284,0.3684443336912341,0.43775181517536055,0.0,0.7786489642439646,0.47296713434103504,0.0907373493571825,0.28640841299434533,0.13029108998688177,0.5931550522110867,0.5574435857351023,0.5148517610464818,0.5697753087823241,0.5385365649664252,0.24960110936646926,0.43473433450039983,0.6256069534981625,0.4692997002003041,0.4323763711168615,0.32762297489203546,0.16378361029974578
0.395792613170945,0.46842227058058916,0.0,0.10742547673302143,0.09657002967218217,0.350330677208762,0.06082869980036598,0.06021503573496678,0.23121417858289256,0.0,0.3569552702029244,0.0,0.32492677324924857,0.24613878904479586,0.40526921833152546,0.0,0.0,0.7399630987943547,0.0,0.4284198307681104,0.3080258061696215,0.5370606077374045,0.3973621076579562,0.4064393750881725,0.42506378547249724,0.0,0.22800813275579307,0.0,0.29251744900832066,0.22826840722691247,0.0,0.0,0.35503067382814113,0.0,0.0,0.0,0.0,0.0,0.0,0.5492584585160154,0.09845256629655691,0.0,0.0,0.0,0.4812428059390271,0.37539104336773,0.5144369486862518,0.0,0.603746570105532,0.22727535604803817,0.3783571751704514,0.0,0.18674616110422293,0.2988298607350205,0.0,0.07896388580511832,0.04488414891402587,0.3611405596564953,0.06601118696297117,0.4249965225754785,0.2742407744973815,0.19537017111057625,0.12186401736603736,0.0,0.1119221128041987,0.4631168990342672,0.0,0.3276994436316095,0.5004447973387164,0.0,0.03612438028125037,0.09819335970992712,0.4989416969611745,0.42053935588382996,0.2679465272003473,0.20239470950256055
0.0,0.03894274109313495,0.0,0.4323417631769756,0.5568327962541338,0.0,0.561635234458008,0.0,0.4113791462736842,0.6754247207793984,0.286790457090333,0.5297776976716007,0.4320051289765442,0.0,0.0,0.0,0.0,0.06451054174642179,0.0,0.2180064343894485,0.0,0.12733317118156934,0.0,0.0,0.2333312676913264,0.2833892085430933,0.05200275154311715,0.24163139830307134,0.0,0.0,0.1816533001249154,0.16220350234876782,0.0,0.0,0.09414291224036092,0.32901704504360824,0.0328597930197658,0.0,0.0,0.0,0.0,0.0,0.0,0.2315335057748363,0.0,0.0,0.024985418717594465,0.0,0.0,0.3753591911656262,0.0,0.3977408967539018,0.0,0.3576665205666608,0.6324647887410718,0.14683331670956112,0.15334659882385487,0.09105712762107476,0.49149669709924637,0.0,0.0,0.277522426243622,0.28301643618442973,0.05993088286532969,0.0,0.0,0.0,0.0,0.0,0.33927265299308335,0.28897010200095413,0.0,0.0,0.0,0.0,0.0
0.5300987311840847,0.5891966237842278,0.21266901898338364,0.0,0.0,0.48245205620325415,0.0,0.08637265883384027,0.23013140940957022,0.0,0.3470625777740009,0.09227796396953777,0.3631854104141191,0.418419287341143,0.5218280053100263,0.7399630987943547,0.06451054174642179,0.0,0.24470097585790276,0.31927563881419185,0.4943416309375054,0.5021211539420963,0.38922535278806225,0.652020846341324,0.6900450082711448,0.2909448954693161,0.26525586522528305,0.04236976386388275,0.4194668470260157,0.09846364182732245,0.0,0.0,0.43260231736926735,0.0,0.0,0.0,0.0,0.0,0.0,0.3858032915865491,0.0,0.0,0.0,0.0,0.4352636566566495,0.489361638772763,0.5643579196204503,0.04948776537749919,0.3255201497547799,0.09783035407789357,0.42304303478937744,0.0,0.15317941701757443,0.3225148847780197,0.0,0.05813433573615326,0.3800213456466704,0.5961041941144707,0.0,0.5545737320063858,0.4631100728629763,0.3358076022313378,0.3366348632070687,0.0,0.3650999155206348,0.49650519295684425,0.2040774613830784,0.3372550757116149,0.6817261629036077,0.12483852720973687,0.33285798946427936,0.2890852892150719,0.6026326394838302,0.47653714232937383,0.38056620217860704,0.2709598752675129
0.16040504196285224,0.3761330305150439,0.840135211751875,0.0,0.0,0.4113717284379467,0.0,0.33224085706323603,0.3916123803192863,0.0,0.5060943497250432,0.08128199851395115,0.11903063883285447,0.2615423219491843,0.4258710029830224,0.0,0.0,0.24470097585790276,0.0,0.12764725562945417,0.163413290975587,0.19267039330234859,0.4909432647985545,0.315451387104237,0.36530554712079943,0.26524275408075576,0.44568442942446196,0.0,0.34067132780916765,0.0,0.0,0.0,0.0684173837866684,0.0,0.0,0.0,0.0,0.0,0.0,0.0,0.0,0.16152724214490466,0.0,0.0,0.12363937100967054,0.117166858090126,0.3116643678059493,0.7732333031274159,0.0,0.0,0.19869674164166096,0.0,0.34565786729784886,0.36094614522726326,0.0,0.44912975870232824,0.25681738764057976,0.37356349413236006,0.0,0.39931305468297495,0.23518876764293778,0.14248367849291893,0.19732067875112327,0.7515221451340712,0.37938327360369795,0.187361635154108,0.31423703017196475,0.48672495590086895,0.34164123488520476,0.21504038725063265,0.22212348469869914,0.47246264018301903,0.2547076436210592,0.1581252179699898,0.23608837751838668,0.014604701824702554
0.2834827090923199,0.39922891018666945,0.1913510716750273,0.5119727597506727,0.4570814920442707,0.2037339049643046,0.27514885429393776,0.0,0.5504877640252711,0.06271675516065839,0.4277504214377212,0.3425308980922666,0.5694062533565551,0.3367427319428795,0.5659073873681397,0.4284198307681104,0.2180064343894485,0.31927563881419185,0.12764725562945417,0.0,0.3348455745276693,0.8521725005236955,0.21999641502555187,0.0,0.4157068361734658,0.10282759395799368,0.6456550881984088,0.1966449914574212,0.21808194935701736,0.30376999545274685,0.0,0.0,0.0,0.0,0.0,0.2221534816053106,0.0,0.0,0.0,0.20676616842733186,0.0,0.0,0.0,0.11468714934145582,0.34258691918072226,0.3574462973914705,0.46125997586295553,0.20999234318827492,0.3212594202954674,0.1725035029234478,0.3416835119400296,0.0,0.04755113094981728,0.5949716439265376,0.16444373215960217,0.1349834053597858,0.1754570092955662,0.17884099651257918,0.15004071178197462,0.3474723080153521,0.013891210433457923,0.0,0.2159780222333652,0.042027772912091366,0.4340771236249144,0.2721461512080282,0.1794946883679044,0.44776612923295694,0.07211321509015005,0.24714730981164565,0.23614147069359995,0.5237636534775776,0.20012913312786712,0.389495151569367,0.0,0.0
0.7821456296547056,0.6947209064669766,0.23252149391252952,0.0,0.0,0.6827371773679198,0.0,0.12035757763855431,0.0,0.0,0.0,0.16232133897854953,0.35293195272134675,0.5789065700779348,0.5530590038717602,0.3080258061696215,0.0,0.4943416309375054,0.163413290975587,0.3348455745276693,0.0,0.4088860850517466,0.2941058960753174,0.5403229102130893,0.7179502534282178,0.599750344948809,0.3047815812850969,0.0,0.7544677869870587,0.40128370731266283,0.0,0.0,0.4033802516599096,0.0,0.0,0.0418756022081441,0.0,0.0,0.0,0.041869517335728246,0.3372938998391693,0.2654493266353213,0.0,0.0,0.3027000632733525,0.7245169086280526,0.5022181090091513,0.0,0.0,0.0,0.45132425684008476,0.0,0.07314147236690272,0.0,0.0,0.0,0.5344296896481082,0.26292358476338806,0.0,0.5213213712087666,0.62527058266074,0.0,0.12400213946561153,0.0,0.7207739204689252,0.7869671857977133,0.5989970331647727,0.35980063389482086,0.45593372705375057,0.39296059534092426,0.4863343732258042,0.6177744244260571,0.2863773229460485,0.5906853240508952,0.4155543484372276,0.4541044309429706
0.47285924875226765,0.627544876269415,0.24971120399731567,0.3753657028771723,0.41106678056469986,0.27979288199002217,0.21112951761840384,0.0,0.5057012025482613,0.0,0.42598559692570964,0.2781121680159717,0.4738678096712725,0.326163976472978,0.670722971283264,0.5370606077374045,0.12733317118156934,0.5021211539420963,0.19267039330234859,0.8521725005236955,0.4088860850517466,0.0,0.20701654000222394,0.2015010077663766,0.5164537019289753,0.22661980684157224,0.6234695779336585,0.22943353961889873,0.32929765017855217,0.30897011610505504,0.0,0.0,0.03646066879498769,0.0,0.0,0.19612209047928092,0.0,0.0,0.0,0.18951292991786367,0.0,0.0,0.0,0.013554140868518944,0.39842249940463753,0.5152706659585031,0.7004141355469122,0.24797814216470174,0.23042875561636905,0.12648281129188207,0.26333077927240284,0.0,0.037178537049749355,0.5383915983157788,0.06837901509114175,0.12482831845534581,0.22948920971766965,0.30817952040151786,0.09372016009017183,0.5116075716732816,0.18818136686228096,0.0,0.33446462665417587,0.09500610677844024,0.48441464715940946,0.3989091262202962,0.3374467726145763,0.4012767444909873,0.2691345725185408,0.3141629894076372,0.37370713172743036,0.5139503593493374,0.30726076537456787,0.380203346520562,0.022831205336491467,0.0
0.29762267722422486,0.2871552488713603,0.5813566696652336,0.0,0.0,0.497563567956804,0.0,0.4644923852834175,0.21805851285047514,0.0,0.5025829106421577,0.0,0.16980861533116076,0.28992827924243825,0.47285621443716236,0.3973621076579562,0.0,0.38922535278806225,0.4909432647985545,0.21999641502555187,0.2941058960753174,0.20701654000222394,0.0,0.4031962399333151,0.3938346073975202,0.09761457855223249,0.5302419120664873,0.0,0.3543235977596131,0.0,0.0,0.0,0.34437318195176236,0.0,0.0,0.0,0.0,0.0,0.0,0.1917617883716132,0.0,0.0,0.0,0.0,0.32474911494388536,0.19300517510995577,0.2708668976611117,0.357278936438028,0.15007050734950983,0.016595977405938322,0.511400261188909,0.0,0.5530526330866332,0.204350505935275,0.0,0.341281012219677,0.09862357258392895,0.3316783204725971,0.0,0.3930284827261845,0.17678417788458012,0.34952767072795604,0.0,0.17715935605873429,0.10486470991975827,0.4091142423188261,0.0,0.7835205480505018,0.46413333032282866,0.0,0.09812891474971219,0.37899729904659807,0.28050992645294265,0.34094305403634473,0.16612467710640988,0.06467797921390017
0.6250477225336787,0.6653954743983865,0.22554478365628472,0.0,0.0,0.5435690854004877,0.0,0.11537476702811411,0.0,0.0,0.06701124243854471,0.07021141506309375,0.09923438965658207,0.2795668847627611,0.49465359963621897,0.4064393750881725,0.0,0.652020846341324,0.315451387104237,0.0,0.5403229102130893,0.2015010077663766,0.4031962399333151,0.0,0.6391139940082717,0.4559762556075927,0.05175584946488977,0.0,0.537382511637336,0.027584056860581657,0.0,0.0,0.2990917105015493,0.0,0.0,0.0,0.0,0.04075858132685514,0.0,0.10299802280447673,0.0,0.17489918814703345,0.0,0.0,0.4168863431939141,0.5439752891744443,0.5960025102953502,0.06958636365833709,0.0,0.0,0.23991296173239152,0.0,0.19924454037715747,0.0,0.0,0.0,0.4543878792962339,0.6681280281002866,0.0,0.6398905400902568,0.6482487250831652,0.24341256727637084,0.3526480763804113,0.0,0.42930728118282757,0.6022011708228309,0.3829424472149968,0.2883405473909202,0.8975158302882534,0.23721252130622517,0.4790029720541726,0.30502342810271643,0.5360403818283362,0.38493551263156245,0.5446128536649646,0.47726424393756284
0.7383197595637978,0.7941064076080219,0.3883056167461995,0.0,0.0,0.6945507381853622,0.0,0.030155291038771237,0.21660143779725474,0.0,0.28700714043534103,0.3828580741121108,0.5513114269377934,0.7696413088435659,0.6731968249268947,0.42506378547249724,0.2333312676913264,0.6900450082711448,0.36530554712079943,0.4157068361734658,0.7179502534282178,0.5164537019289753,0.3938346073975202,0.6391139940082717,0.0,0.6401194307697564,0.4084517157388791,0.0,0.6991810425154674,0.18757878426518437,0.0,0.0,0.27718371330591235,0.0,0.0,0.0,0.0,0.0,0.0,0.14687606698586106,0.06922933869496328,0.015355314241026055,0.0,0.0,0.4399246253140332,0.6997056657129024,0.6322253787157842,0.036904464872600434,0.0,0.0,0.4724158505920697,0.0,0.03718536517608981,0.2578826198009533,0.0,0.0,0.6275703570578784,0.5755969466636053,0.0,0.6295434887948504,0.5816784061636293,0.2424972086427655,0.3793125403433039,0.0,0.665462866946832,0.6382350776977133,0.52075569148345,0.4509949975772086,0.64630898486874,0.5219023229617733,0.6071128403277468,0.5688568387932786,0.4783835071663889,0.5293285360825358,0.3432413132264026,0.2618657712761861
0.5919754740389049,0.5932937264854035,0.2461833745172555,0.0,0.0,0.4788672434581413,0.0,0.15222598945314014,0.0,0.2754876975621635,0.0,0.5228989624336178,0.36689310701317124,0.40132337320146716,0.41771516695549643,0.0,0.2833892085430933,0.2909448954693161,0.26524275408075576,0.10282759395799368,0.599750344948809,0.22661980684157224,0.09761457855223249,0.4559762556075927,0.6401194307697564,0.0,0.08050799428091551,0.0,0.45426422309425796,0.1569739551278898,0.0,0.0,0.17374174577281687,0.0,0.0994318395368903,0.2646383862986661,0.0,0.07866824162102512,0.056691694330471415,0.0,0.0,0.28039645516190703,0.06904109177922725,0.0760357485868754,0.0,0.46837743636985096,0.4342761795227108,0.007942488791500502,0.0,0.0,0.14375878216297788,0.0,0.06452729108647343,0.0,0.0793337898513013,0.0,0.6663927588751501,0.3257526324560028,0.0,0.4324746663906256,0.4205678849287865,0.14234842740624765,0.27274910519820594,0.07276993749892163,0.6169680060010326,0.31119708396874013,0.6449048696289114,0.10809746642636647,0.28665721947657113,0.6617148623859925,0.82035329210603,0.40120160601247234,0.14558729317684957,0.08265860226539218,0.2563395110588392,0.17461084110273695
0.22561457088344622,0.3666166175108645,0.5461430404035486,0.130744279545729,0.2749773883187181,0.4042425321219178,0.04939770029543755,0.1879049060688484,0.5804079523797604,0.0,0.5613218661457816,0.11391956943943754,0.40779171218663507,0.3408667051985629,0.5647408662902882,0.22800813275579307,0.05200275154311715,0.26525586522528305,0.44568442942446196,0.6456550881984088,0.3047815812850969,0.6234695779336585,0.5302419120664873,0.05175584946488977,0.4084517157388791,0.08050799428091551,0.0,0.0,0.3624380157340364,0.15491418621034841,0.0,0.0,0.08332410803785648,0.0,0.0,0.055430748992697176,0.0,0.0,0.0,0.07733069743914771,0.0,0.0,0.0,0.0,0.3268896858380399,0.251480066779585,0.3403823843506452,0.4424267427924714,0.10218983421679961,0.08850605244526988,0.41972292630417096,0.0,0.20544140922937096,0.5107084690558653,0.0,0.2758422628042365,0.12530695169310022,0.11683381547267913,0.061224282529230414,0.3622591075330588,0.021447361008114563,0.015370770279661439,0.024434431629790754,0.26139750738440537,0.3260306750775408,0.34148318268829975,0.122536246572855,0.6183078755559341,0.15356885208642565,0.14674759520858932,0.10835061503464558,0.7435748209907999,0.07175154246481716,0.33797586349517345,0.0,0.0
0.0,0.09433796012965551,0.0,0.4112234658191004,0.32432243453451226,0.0,0.3608956111927732,0.0,0.10113686298818653,0.3040538153329747,0.0,0.21897094623326938,0.13813924148085432,0.0,0.0,0.0,0.24163139830307134,0.04236976386388275,0.0,0.1966449914574212,0.0,0.22943353961889873,0.0,0.0,0.0,0.0,0.0,0.0,0.0,0.15466522398193538,0.44917660501955237,0.38707158445825013,0.0,0.2936802172313604,0.3485070921569665,0.3568845069524145,0.02950917065837977,0.12304707539146752,0.2410865612317809,0.0,0.0,0.0,0.0,0.3742088544429777,0.0,0.03831453024131343,0.11407890887390226,0.0,0.027305756154422794,0.19576409785611903,0.0,0.3842534627437134,0.0,0.17489217996314715,0.37238995534093716,0.0,0.005382373264026075,0.10393823909777211,0.031924541905627546,0.0,0.0,0.0,0.3199064151607574,0.08505275762732539,0.13859413069095683,0.0,0.11408483717917722,0.0,0.0,0.21978364818119028,0.04961587021457081,0.0,0.135716572101947,0.0,0.002060252579296429,0.0
0.6330635648389689,0.6884220030273387,0.3479264325522613,0.0,0.0,0.8351844078672139,0.0,0.14588669653969816,0.0,0.0,0.0,0.0,0.21741191981445543,0.6144022487648864,0.5999280663704532,0.29251744900832066,0.0,0.4194668470260157,0.34067132780916765,0.21808194935701736,0.7544677869870587,0.32929765017855217,0.3543235977596131,0.537382511637336,0.6991810425154674,0.45426422309425796,0.3624380157340364,0.0,0.0,0.47845342749013414,0.0,0.0,0.38107835704793946,0.0,0.0,0.0,0.0,0.0,0.05595369127246054,0.03603804266424199,0.3239902487613608,0.4994282317723992,0.0,0.0,0.24974960023634535,0.5976321728095182,0.42494143400311596,0.17911622420935625,0.0,0.0,0.39161594577884773,0.0,0.21021894371687944,0.0,0.0,0.0,0.5225223473667905,0.331013355332549,0.0,0.5949218002830123,0.8205643016729315,0.0,0.12148599950799,0.0,0.7974717485182773,0.7681036209084805,0.7278169264960949,0.4214606775916259,0.5542366544799555,0.22894651247407355,0.2694968697767118,0.7004465856022521,0.5142514686478984,0.6733800665237556,0.681605651390807,0.6553736516739108
0.2903332470423438,0.3550634395931631,0.0,0.05731539926075907,0.0,0.44190243759524317,0.0,0.12180467937273526,0.0,0.0,0.0,0.05575169807400937,0.34650394234502435,0.43702839895244455,0.18080601479226194,0.22826840722691247,0.0,0.09846364182732245,0.0,0.30376999545274685,0.40128370731266283,0.30897011610505504,0.0,0.027584056860581657,0.18757878426518437,0.1569739551278898,0.15491418621034841,0.15466522398193538,0.47845342749013414,0.0,0.0,0.05536585773184373,0.26422520501347135,0.231117747473721,0.08038223311859458,0.33754055337241917,0.0,0.0,0.3995277989655231,0.0,0.44212766075762255,0.29317926396052213,0.031179693478144338,0.3152461061054951,0.030426853671407378,0.39064199308710956,0.21261719119841072,0.0,0.08691159876234132,0.0,0.29906539686118666,0.0,0.16497768791233441,0.0,0.0,0.0,0.35224989630282366,0.0,0.0,0.0789942853514837,0.31726736615031714,0.0,0.0,0.0,0.4826083195372356,0.40187016342297177,0.38842337765846724,0.13575644386829686,0.0,0.1335534793648096,0.0,0.38458580983419666,0.20096745592529833,0.21980097190422904,0.35742665163034915,0.36510871755121366
0.0,0.0,0.0,0.3470478893999811,0.2600163048728944,0.0,0.4682605265762467,0.0,0.0,0.4990692165407232,0.0,0.07132890194458309,0.0,0.0,0.0,0.0,0.1816533001249154,0.0,0.0,0.0,0.0,0.0,0.0,0.0,0.0,0.0,0.0,0.44917660501955237,0.0,0.0,0.0,0.6666975568953339,0.0,0.7533805054483598,0.40622776993947285,0.1901754747408298,0.4568275270476123,0.06408475721442838,0.07193270849217433,0.016297903089790455,0.0,0.0,0.234312141566817,0.5209132423675606,0.0,0.0,0.0,0.0,0.01574698222227336,0.17208231921975908,0.0,0.5805689674715157,0.0,0.0,0.6244418603087727,0.0,0.0,0.0,0.2478684738880838,0.0,0.0,0.0,0.13313540469748314,0.0,0.0,0.0,0.0,0.0,0.0,0.11069320189202247,0.0,0.0,0.0,0.0,0.0,0.0
0.0,0.0,0.0,0.3310516874191159,0.1873058436694345,0.0,0.25357757996275154,0.0,0.0,0.49127321251373757,0.0,0.15102288092986924,0.0,0.0,0.0,0.0,0.16220350234876782,0.0,0.0,0.0,0.0,0.0,0.0,0.0,0.0,0.0,0.0,0.38707158445825013,0.0,0.05536585773184373,0.6666975568953339,0.0,0.0,0.6233272788162743,0.7726106004998867,0.5134760116646597,0.38917664298095184,0.21500083598973757,0.4890943565375183,0.0,0.0,0.0,0.1253101673127817,0.7323711023209131,0.0,0.0,0.0,0.0,0.0,0.07904280824853976,0.0,0.47988541742427415,0.0,0.0,0.5490543143490656,0.0,0.0,0.0,0.253624185305292,0.0,0.0,0.0,0.0,0.1104796516417715,0.0,0.0,0.0,0.0,0.0,0.14960793299672742,0.0,0.0,0.0,0.0,0.0,0.0
0.2772610805889736,0.19842337678154626,0.13821771429490218,0.0,0.0,0.401475597116266,0.0,0.49636354550249295,0.0,0.0,0.0,0.0,0.0866910145752337,0.23619348978820093,0.11658536751113806,0.35503067382814113,0.0,0.43260231736926735,0.0684173837866684,0.0,0.4033802516599096,0.03646066879498769,0.34437318195176236,0.2990917105015493,0.27718371330591235,0.17374174577281687,0.08332410803785648,0.0,0.38107835704793946,0.26422520501347135,0.0,0.0,0.0,0.0,0.0,0.0,0.0,0.08364872387182953,0.2001239759421776,0.30912719417458606,0.38520934470561374,0.26312795747614526,0.20324384439067317,0.0,0.19129293930998814,0.2591568853532306,0.1347648910036496,0.0,0.2644649353963803,0.0,0.583745529054455,0.0,0.4085553069704153,0.0,0.0,0.0,0.30987356292603596,0.21114705284794083,0.0,0.1861069146354915,0.23627783748936423,0.171474703513164,0.0,0.0,0.18664009302538798,0.5420474213739395,0.09193578239138551,0.2364714984811154,0.3686655658406687,0.0,0.12265479436470467,0.1480029863388911,0.4468588683716584,0.3446457570537995,0.4634522377796193,0.5285647940444105
0.0,0.0,0.0,0.2600785298082179,0.0,0.0,0.14318164725586427,0.0,0.0,0.29748052414430926,0.0,0.0,0.0,0.0,0.0,0.0,0.0,0.0,0.0,0.0,0.0,0.0,0.0,0.0,0.0,0.0,0.0,0.2936802172313604,0.0,0.231117747473721,0.7533805054483598,0.6233272788162743,0.0,0.0,0.41753536819282255,0.24973737736155044,0.37644253598037736,0.0,0.26440220768670986,0.0,0.170285772109589,0.007212143896816917,0.2698990771242517,0.5039536483717727,0.0,0.0,0.0,0.0,0.1107840805276085,0.0,0.0,0.25085010966642896,0.0,0.0,0.33263016730994827,0.0,0.0,0.0,0.05208293423507125,0.0,0.0,0.0,0.0,0.0,0.0,0.0,0.0,0.0,0.0,0.0,0.0,0.0,0.0,0.0,0.0,0.0
0.0,0.0,0.0,0.03664581266815088,0.0,0.0,0.0,0.04620360698467575,0.0,0.3472534878880364,0.0,0.020568498592214192,0.0,0.0,0.0,0.0,0.09414291224036092,0.0,0.0,0.0,0.0,0.0,0.0,0.0,0.0,0.0994318395368903,0.0,0.3485070921569665,0.0,0.08038223311859458,0.40622776993947285,0.7726106004998867,0.0,0.41753536819282255,0.0,0.4972138542682619,0.3345168533585061,0.5598620480785214,0.6373325446289859,0.0,0.07432065539701556,0.2626157882995681,0.16736516756082953,0.540264809024033,0.0,0.0,0.0,0.0,0.0,0.0,0.0,0.2196900698654289,0.0,0.0,0.3026454368031055,0.0,0.0,0.0,0.0,0.0,0.0,0.0,0.0,0.20244108086382795,0.0,0.0,0.08112739856881991,0.0,0.0,0.09606524732370414,0.0,0.0,0.0,0.0,0.0,0.0
0.0,0.036514913078069686,0.0,0.4689752356533293,0.251435055084525,0.0,0.12799534276249575,0.0,0.05302443633262523,0.5475931173800523,0.0,0.4875728475487627,0.29831913268622945,0.13541364419540258,0.0,0.0,0.32901704504360824,0.0,0.0,0.2221534816053106,0.0418756022081441,0.19612209047928092,0.0,0.0,0.0,0.2646383862986661,0.055430748992697176,0.3568845069524145,0.0,0.33754055337241917,0.1901754747408298,0.5134760116646597,0.0,0.24973737736155044,0.4972138542682619,0.0,0.0,0.0,0.36954579833453194,0.0,0.20046864302500117,0.0,0.13779439053852224,0.6373451420769272,0.0,0.0648556002311902,0.008894559326759297,0.0,0.0,0.0,0.0,0.08664137215008168,0.0,0.08098760758431833,0.45242760170792606,0.0,0.33740125924784437,0.0,0.06493663544061304,0.0,0.0,0.0,0.0,0.0527380257362305,0.2533711686403016,0.0,0.23775240296125033,0.0,0.0,0.40187181394475624,0.16642607216599362,0.1686880312020601,0.0,0.0,0.0,0.0
0.0,0.0,0.0,0.0,0.0,0.0,0.0,0.0,0.0,0.27612639608544404,0.0,0.0,0.0,0.0,0.0,0.0,0.0328597930197658,0.0,0.0,0.0,0.0,0.0,0.0,0.0,0.0,0.0,0.0,0.02950917065837977,0.0,0.0,0.4568275270476123,0.38917664298095184,0.0,0.37644253598037736,0.3345168533585061,0.0,0.0,0.4468321360365423,0.07446955755556628,0.0,0.0,0.028856354070786593,0.5333911861862819,0.19960955623012863,0.0,0.0,0.0,0.0,0.0,0.0,0.0,0.2253558591661955,0.0,0.0,0.19889076617573184,0.0,0.0,0.0,0.0,0.0,0.0,0.16745587996292977,0.0,0.0,0.0,0.0,0.0,0.0,0.0,0.09152237751872692,0.0,0.0,0.0,0.0,0.0,0.0
0.0,0.0,0.0,0.0,0.0,0.0,0.0,0.27785131448662004,0.0,0.10885837113182906,0.0,0.0,0.0,0.0,0.0,0.0,0.0,0.0,0.0,0.0,0.0,0.0,0.0,0.04075858132685514,0.0,0.07866824162102512,0.0,0.12304707539146752,0.0,0.0,0.06408475721442838,0.21500083598973757,0.08364872387182953,0.0,0.5598620480785214,0.0,0.4468321360365423,0.0,0.4524683557147401,0.0,0.0,0.3551471558790627,0.32624187177694247,0.0,0.0,0.0,0.0,0.0,0.0,0.032309589110744774,0.0,0.2054751437039588,0.04122900801615553,0.0,0.03720319615834275,0.0,0.0,0.0,0.0,0.0,0.0,0.24461863386836577,0.0,0.04818673951215531,0.0,0.0,0.0,0.0,0.0,0.0,0.0,0.0,0.0,0.0,0.21370039102510696,0.21902254387909065
0.0,0.0,0.0,0.0,0.0,0.0,0.0,0.2519363784072935,0.0,0.032588834130781216,0.0,0.0,0.0,0.0,0.0,0.0,0.0,0.0,0.0,0.0,0.0,0.0,0.0,0.0,0.0,0.056691694330471415,0.0,0.2410865612317809,0.05595369127246054,0.3995277989655231,0.07193270849217433,0.4890943565375183,0.2001239759421776,0.26440220768670986,0.6373325446289859,0.36954579833453194,0.07446955755556628,0.4524683557147401,0.0,0.0,0.38755662731464724,0.5365229951202819,0.15939201923357538,0.34181070057496354,0.0,0.0,0.0,0.0,0.04162054661611771,0.0,0.0,0.0,0.06769482448165698,0.0,0.0,0.0,0.15863950583195716,0.0,0.0,0.0,0.10660476033781399,0.0,0.0,0.0,0.2245312855223951,0.0,0.3611883517771993,0.0,0.0,0.0,0.0,0.0,0.032042204481739306,0.0,0.4650280617616056,0.5156051067429163
0.05629373736437565,0.0,0.0,0.20029652757151578,0.1512837580054201,0.037579791108842964,0.1693079016079549,0.0,0.21524073944496397,0.0,0.27283306804670077,0.0,0.0,0.1458732446289586,0.0237773093191308,0.5492584585160154,0.0,0.3858032915865491,0.0,0.20676616842733186,0.041869517335728246,0.18951292991786367,0.1917617883716132,0.10299802280447673,0.14687606698586106,0.0,0.07733069743914771,0.0,0.03603804266424199,0.0,0.016297903089790455,0.0,0.30912719417458606,0.0,0.0,0.0,0.0,0.0,0.0,0.0,0.11729072349224817,0.0,0.0,0.0,0.33080991726194425,0.05189919458637254,0.1149853957839313,0.0,0.5495696046941811,0.39254159909315733,0.20512508127606935,0.22670659013461478,0.0,0.32045088739015926,0.0,0.1173601940693375,0.0,0.11184418348235389,0.24222774478100306,0.10912614108809768,0.09527734013243741,0.28620211600012324,0.12257152077399308,0.0,0.0,0.2498560887013476,0.0,0.12263795279194072,0.3369332648715733,0.0,0.0,0.0,0.29967744801638585,0.29227088777058724,0.01892372276930196,0.088592546007671
0.15277468436615071,0.0,0.008937670837266085,0.07091187209397326,0.0,0.24744055591958009,0.0,0.30171536248925296,0.0,0.0,0.0,0.0,0.07945190874805064,0.3510742042067048,0.0,0.09845256629655691,0.0,0.0,0.0,0.0,0.3372938998391693,0.0,0.0,0.0,0.06922933869496328,0.0,0.0,0.0,0.3239902487613608,0.44212766075762255,0.0,0.0,0.38520934470561374,0.170285772109589,0.07432065539701556,0.20046864302500117,0.0,0.0,0.38755662731464724,0.11729072349224817,0.0,0.17490866232166558,0.1493363849164973,0.0806518831953166,0.0,0.2248961492573756,0.0,0.0,0.20077577346502062,0.0,0.4144054288543543,0.0,0.11279274403913547,0.0,0.0,0.0,0.13917203623708263,0.0,0.0,0.0,0.19212294833973287,0.0,0.0,0.0,0.18954547586142506,0.35064784642987784,0.2253658436347888,0.0,0.0,0.0,0.0,0.18777741762791625,0.07397056032390295,0.27828193856683453,0.24892289975282797,0.42009929958895736
