0.0,0.758724349506936,0.2123950503210264,0.0,0.0,0.5422890316311728,0.0,0.0,0.0,0.0,0.0,0.15286238544867967,0.23366875954443783,0.48160730644521055,0.5320717167540836,0.3918202212040844,0.0,0.5111513452480768,0.1583612212662587,0.2700168962932157,0.773828716048583,0.46258834525026793,0.29629890262944786,0.6182766370255534,0.7273900529464894,0.591277912304015,0.22617828887930505,0.0,0.6370430454985361,0.28842347618416597,0.0,0.0,0.2862979022170263,0.0,0.0,0.0,0.0,0.0,0.0,0.058427399079852144,0.1388516010129918,0.0844166917432095,0.0,0.0,0.41395614393334146,0.82965929185914,0.6820987867910344,0.0,0.0,0.0,0.3509094651058245,0.0,0.0,0.0,0.0,0.0,0.44172487404187555,0.36957730952242107,0.0,0.5985662106232619,0.6099164211807444,0.0,0.33580182971679007,0.0,0.6171687662282744,0.7124417730058692,0.5590634492596075,0.31792313512970033,0.5568704975305143,0.527235032312909,0.6109322839241049,0.5211486866857435,0.26784359988871503,0.5250341472980985,0.3638500407606564,0.36751870763425826
0.758724349506936,0.0,0.34124455130750864,0.0,0.0,0.6599670512121265,0.0,0.06255466180709285,0.09566353216089074,0.0,0.1644682990486291,0.216072574445227,0.4032938278124574,0.521503942800941,0.6994779313074568,0.46487224281448764,0.032891900476124836,0.5738159082205423,0.3805361504791053,0.387958371035163,0.6874130573521274,0.6169212409774122,0.28361241601577425,0.6731207985056125,0.7801258289372488,0.5833203212535722,0.35760435834769366,0.08608025994640708,0.6532216436990153,0.3546073836242007,0.0,0.0,0.19517400669211876,0.0,0.0,0.047044790760678606,0.0,0.0,0.0,0.0,0.0,0.06737314885164024,0.0,0.0,0.34857637302223854,0.6984924125127279,0.8202013836949167,0.1489316452264458,0.0,0.0,0.260734137639153,0.0,0.0983218557420091,0.09599584791535368,0.0,0.0,0.5146127911375379,0.5655521667480254,0.0,0.7033586710219102,0.6333386180506564,0.07532784551911187,0.4279280536143889,0.07681271683240193,0.699556957565246,0.6134915315924987,0.6102087189045569,0.38610139474942284,0.6462939330510025,0.5082264221827615,0.6067529981362578,0.5572769310002856,0.5045664499362461,0.4221038701498635,0.4592715891155551,0.304927031505605
0.2123950503210264,0.34124455130750864,0.0,0.0,0.028881407561193173,0.4018314011590907,0.0,0.4285752178833253,0.35992012704414345,0.0,0.5099810227570868,0.04406121455336193,0.19813876541816008,0.3044488292882417,0.3955864810876192,0.0,0.0,0.20132417087385965,0.8380565737028228,0.19194713963969595,0.2242900289732378,0.24646320188860066,0.5762826601489722,0.22520215076908237,0.3726114683025676,0.2390252435445004,0.5566629386982799,0.0,0.35145217820799995,0.0,0.0,0.0,0.12996124387334856,0.0,0.0,0.0,0.0,0.0,0.0,0.0,0.005414644366259949,0.0480140860066663,0.0,0.0,0.12519736369537843,0.2064563732749591,0.2900761463613434,0.7175220839242047,0.0,0.0,0.4346464001117135,0.0,0.3110720054405131,0.35470562723279586,0.0,0.3718721253287796,0.2442864492918379,0.24232702869925554,0.0,0.389579234030174,0.11760007666533182,0.0961248411030794,0.01442856035806428,0.6886047047172714,0.3543162882705605,0.22155239163559542,0.2741494474858084,0.5577988919989089,0.2381482798582861,0.1628997108433095,0.17280216256961708,0.5649152289076449,0.16828929928904926,0.2727693828456417,0.15970729360904962,0.02801412866447467
0.0,0.0,0.0,0.0,0.7099877242128403,0.0,0.6484781002318665,0.0,0.44799638918949847,0.47685319244475455,0.2728402417004815,0.33209901742098197,0.3198365547756405,0.0714934068838518,0.0,0.1000174083490579,0.44028650140016923,0.0,0.0,0.5016102679914898,0.0,0.36834140516681824,0.0,0.0,0.0,0.0,0.12614114659836914,0.4028745737707904,0.0,0.052889204902815096,0.327202048890281,0.326348175380471,0.0,0.25293762707214057,0.03792511652684516,0.4602921540053143,0.0,0.0,0.0,0.20077295632964604,0.06561001484741476,0.0,0.0,0.3592973903358216,0.0,0.0,0.0,0.0,0.4021750486592382,0.4968108313077165,0.0,0.5068683651074335,0.0,0.4955466881090741,0.5781732195273832,0.1126884859835153,0.0,0.0,0.4708498224264679,0.0,0.0,0.0,0.027498631516309616,0.0,0.0,0.0,0.0,0.0,0.0,0.0,0.0,0.0,0.0,0.0,0.0,0.0
0.0,0.0,0.028881407561193173,0.7099877242128403,0.0,0.0,0.8478457186422281,0.0,0.7919504218602584,0.38866277310299135,0.6030750928119005,0.38207755215210243,0.35126227761221407,0.0,0.07457774217559676,0.0915142582866317,0.5233831699134469,0.0,0.0,0.46120565815525977,0.0,0.41330389594790545,0.0,0.0,0.0,0.0,0.28291034563246464,0.31934359275712615,0.0,0.0,0.25490265917037547,0.18554636649480266,0.0,0.0,0.0,0.26139809131019537,0.0,0.0,0.0,0.14349870291506037,0.0,0.0,0.0,0.21696484424118623,0.09438420134521963,0.0,0.11472362053701536,0.10024316200164596,0.2538533362910309,0.6690873541644828,0.0,0.571979294844855,0.0,0.7220954315527325,0.5786417590621533,0.4100547219620282,0.0,0.0,0.5778597867646531,0.0,0.0,0.0,0.2677475537274075,0.1614105373353761,0.0,0.0,0.0,0.05204496823933297,0.0,0.08022533105589935,0.0,0.0,0.0,0.0,0.0,0.0
0.5422890316311728,0.6599670512121265,0.4018314011590907,0.0,0.0,0.0,0.0,0.3555669352279798,0.0,0.0,0.12107465527642136,0.1325771719214297,0.35334154833142056,0.665249939678233,0.605209343978202,0.3454339215006742,0.0,0.4705286892682184,0.42064163626693096,0.2114680018827202,0.6815900651903803,0.2847268412177702,0.5041393330644565,0.5426867143846708,0.6801942866896193,0.4730118320802035,0.41232285702814087,0.0,0.8325097758164923,0.4542347061796338,0.0,0.0,0.3990582166150356,0.0,0.0,0.0,0.0,0.0,0.0,0.04023597241387869,0.2338127104334701,0.41457489730433883,0.0,0.0,0.21113123178936932,0.4698634651374326,0.42565484400533693,0.21519225489008187,0.0,0.0,0.48979052870236633,0.0,0.4051075981043416,0.0,0.0,0.0,0.5639145649609817,0.4169477219381106,0.0,0.5222866522520815,0.6741693952925105,0.12824672841678397,0.07601863811971671,0.03205783988314398,0.6534712609351025,0.6621055417462947,0.5533495736314078,0.5428090027049767,0.5186231363563549,0.16091708467814017,0.26069110358500885,0.6264079662670943,0.5262906537570723,0.461455213083528,0.6395245075370634,0.512153153018081
0.0,0.0,0.0,0.6484781002318665,0.8478457186422281,0.0,0.0,0.0,0.60017539820132,0.38929688177744154,0.4685164958015611,0.20330529053796884,0.13625558484014083,0.0,0.0,0.05939208132881396,0.5230499750674351,0.0,0.0,0.27340427234151893,0.0,0.20840231226236938,0.0,0.0,0.0,0.0,0.056069024994634786,0.3552556281241289,0.0,0.0,0.4608850733901167,0.251127013129256,0.0,0.1381804563744509,0.0,0.133944498620912,0.0,0.0,0.0,0.16486446976112085,0.0,0.0,0.0,0.19512051999632168,0.04438523049682927,0.0,0.0,0.0,0.22453603560151614,0.6598706190025567,0.0,0.7231632889623312,0.0,0.5227943876097971,0.5684285277866524,0.41664628027816725,0.0,0.0,0.5823312345711721,0.0,0.0,0.0,0.25873557726483265,0.04125752680181144,0.0,0.0,0.0,0.0,0.0,0.0,0.0,0.0,0.0,0.0,0.0,0.0
0.0,0.06255466180709285,0.4285752178833253,0.0,0.0,0.3555669352279798,0.0,0.0,0.0,0.0,0.1126970633965173,0.0,0.06716674522821697,0.1622109604961961,0.16442418275734086,0.05739666559233331,0.0,0.07805697495389112,0.3210221313357938,0.0,0.1369520525574071,0.0,0.4618908719691377,0.12812836704699027,0.029272288683306336,0.15175900257496372,0.18829398306428963,0.0,0.16028702495321656,0.13021328851295433,0.0,0.0,0.4932598337935208,0.0,0.04337507390392942,0.0,0.0,0.25110007964229275,0.26486485677255656,0.0,0.2891709278055341,0.21112209064898188,0.10154574767568025,0.0,0.0,0.0,0.0983666056843241,0.2675584386100046,0.11122936896819353,0.0,0.5049422446659111,0.0,0.5855782792210962,0.0,0.0,0.14998302062077765,0.25779933665930277,0.10588896988303265,0.0,0.16616028311359338,0.0,0.19978290716383945,0.0,0.1973127979356541,0.11343129136014005,0.12075589904946737,0.09103933249958329,0.43878921800676707,0.10535903289932999,0.0,0.0926527907290326,0.23347125184624698,0.22511784948926883,0.11356016849053206,0.3005856592636638,0.2333854404881067
0.0,0.09566353216089074,0.35992012704414345,0.44799638918949847,0.7919504218602584,0.0,0.60017539820132,0.0,0.0,0.10746592073682013,0.8158767846078947,0.26840472971676804,0.3446631514829855,0.08050686797648014,0.2848397738136288,0.21713509951785978,0.39069781265775066,0.213566318555401,0.3936243951132939,0.5377474506926623,0.0,0.49366298232563016,0.2271062595428709,0.0,0.20189164681646804,0.0,0.5839768995513086,0.0902219229248199,0.0,0.0,0.0,0.0,0.0,0.0,0.0,0.07122771423261648,0.0,0.0,0.0,0.20149424830741156,0.0,0.0,0.0,0.0,0.3049163947657223,0.0,0.2312156012153742,0.45189280205509924,0.23466232568101245,0.6331943536928347,0.08822457383059629,0.3395265471143336,0.0,0.9162933384049577,0.2890769947532063,0.65246594946866,0.0,0.1909808310451606,0.39966935781195784,0.10845209118588828,0.0,0.098217767695148,0.2643011921799999,0.38799706221924896,0.0,0.0,0.0,0.33851257644510613,0.022240459210076474,0.09383735635124824,0.0,0.16525436665862753,0.0,0.0,0.0,0.0
0.0,0.0,0.0,0.47685319244475455,0.38866277310299135,0.0,0.38929688177744154,0.0,0.10746592073682013,0.0,0.0,0.6785925302201256,0.19177447259748803,0.0,0.0,0.0,0.670495552449679,0.0,0.0,0.05196903358919902,0.0,0.0,0.0,0.0,0.0,0.27592284190045124,0.0,0.29760941726182644,0.0,0.0,0.49494990726625987,0.500510726658335,0.0,0.28112983756968946,0.3490990186292988,0.5504491369252418,0.26216652679276353,0.09246379401696636,0.031556394966906876,0.0,0.0,0.0,0.20991022789601926,0.5736456729658506,0.0,0.0,0.0,0.0,0.0,0.07390663487619334,0.0,0.38185274100372496,0.0,0.044765532794452056,0.8623931679647632,0.0,0.20479546608783572,0.0,0.3874060053431081,0.0,0.0,0.06148121255902467,0.2170343408052707,0.0,0.0,0.0,0.0,0.0,0.0,0.5023093006061736,0.331555504714807,0.0,0.0,0.0,0.0,0.0
0.0,0.1644682990486291,0.5099810227570868,0.2728402417004815,0.6030750928119005,0.12107465527642136,0.4685164958015611,0.1126970633965173,0.8158767846078947,0.0,0.0,0.035915180168813815,0.2852911121483972,0.2171896994455739,0.3814082984595681,0.34848933681726646,0.27054162525131553,0.330539715923851,0.5015019231610078,0.43175946681006383,0.0,0.429389045571878,0.5054224813554443,0.06342548826367926,0.27135549513386137,0.0,0.5707355755606789,0.0,0.0,0.0,0.0,0.0,0.0,0.0,0.0,0.0,0.0,0.0,0.0,0.25014145086613704,0.0,0.0,0.0,0.0,0.31483339752654116,0.02191255333166464,0.2793116700166226,0.42736053042288097,0.3358120441237099,0.5934271666084676,0.25165493179083054,0.1889458814776624,0.1814535776418531,0.8107257039343304,0.0,0.697807367723569,0.0,0.21636319462874695,0.3158655334957138,0.24083523680894514,0.0,0.14846536165546045,0.09912410974941724,0.38182019923976285,0.0,0.09603231241278395,0.0,0.5018911398693106,0.20590247869010006,0.0,0.0,0.1737784348318327,0.1464149568575891,0.11703741293882036,0.0,0.0
0.15286238544867967,0.216072574445227,0.04406121455336193,0.33209901742098197,0.38207755215210243,0.1325771719214297,0.20330529053796884,0.0,0.26840472971676804,0.6785925302201256,0.035915180168813815,0.0,0.517396501503763,0.2779746108179005,0.18074873345416706,0.0,0.5355250501212812,0.08376516183200605,0.08656675735552552,0.34297137881939765,0.16792909488252428,0.284259199657172,0.0,0.11425183381265769,0.38865741766542955,0.5262574109682071,0.1129409979749939,0.2181294707663888,0.0,0.05976147500810339,0.07480198257449233,0.1536090064659945,0.0,0.0,0.012261847387408438,0.47879162706999145,0.0,0.0,0.0,0.0,0.0,0.0,0.10352967557971424,0.450338184123076,0.10615695317268993,0.1736047573617291,0.2596056958140226,0.029837810335942905,0.0,0.0,0.025102210843429562,0.061321593693591664,0.0,0.24800294731381117,0.5894696652273106,0.0,0.5962791228427926,0.2516296699013194,0.3153780456349058,0.10788145960904823,0.004852449759668143,0.05127155742725503,0.37048008439975316,0.05549768707047184,0.3772614593766029,0.0,0.25517794906770086,0.12422995976172693,0.0,0.7032545503062635,0.5507728841533475,0.24570953979831173,0.0,0.0,0.0,0.0
0.23366875954443783,0.4032938278124574,0.19813876541816008,0.3198365547756405,0.35126227761221407,0.35334154833142056,0.13625558484014083,0.06716674522821697,0.3446631514829855,0.19177447259748803,0.2852911121483972,0.517396501503763,0.0,0.47474588532450473,0.3031267557984121,0.31777011269098826,0.41239369369052925,0.3426107402777291,0.1250939486068554,0.566525089720735,0.35425407421422617,0.4683877397729673,0.18873300287164013,0.0887109999891362,0.532448480160775,0.35160436785432153,0.4078396711572142,0.1328123437313572,0.21628525143306376,0.3667937500361032,0.0,0.0,0.08676059222671749,0.0,0.0,0.3205960857034911,0.0,0.0,0.0,0.0,0.0673361649766641,0.0,0.0,0.20316517835087794,0.3348623396488059,0.30568577636136507,0.3229503646200509,0.0,0.11532571422850232,0.0,0.41987696013408216,0.0,0.0,0.3667531413743983,0.1624248499529781,0.0,0.4730400119336732,0.40088391751933794,0.14171720457135137,0.12734619597361316,0.03613844662776547,0.052476241970989435,0.07826357169444789,0.0,0.35359314158739374,0.19160789850334664,0.10585396080815848,0.29794673829867063,0.0714034293745931,0.3787222769456063,0.30243735155304974,0.37281717525884556,0.153055714095027,0.1466241730269661,0.0,0.0
0.48160730644521055,0.521503942800941,0.3044488292882417,0.0714934068838518,0.0,0.665249939678233,0.0,0.1622109604961961,0.08050686797648014,0.0,0.2171896994455739,0.2779746108179005,0.47474588532450473,0.0,0.5107362982599345,0.23542133900680207,0.0,0.41110831127814795,0.2724142182515512,0.3336204401428467,0.6047552107796537,0.31872498844654323,0.2924256424974081,0.2779741131061597,0.7095356440033165,0.3911656743454196,0.3436215830265259,0.0,0.6112132184111276,0.42241524531330377,0.0,0.0,0.24323664344478457,0.0,0.0,0.13645095986809452,0.0,0.0,0.0,0.1352568459198497,0.34054202800864136,0.18168090024641434,0.0,0.0,0.20153659959351516,0.43923344679856796,0.3710871608357891,0.0116675393177324,0.05034655440891034,0.0,0.3364743445633005,0.0,0.15670181035984165,0.1313839771460029,0.0,0.0,0.5455037701576687,0.2583782949657347,0.0,0.39722581120368733,0.5393095569196518,0.0,0.025725012408515456,0.0,0.5852619923693255,0.5944069784555267,0.5081053846777757,0.37539733314892704,0.31567092090216603,0.16304043850430877,0.26959351803854925,0.46133138711072624,0.39894941590201727,0.3188158596588496,0.45079392781975625,0.33580165680200796
0.5320717167540836,0.6994779313074568,0.3955864810876192,0.0,0.07457774217559676,0.605209343978202,0.0,0.16442418275734086,0.2848397738136288,0.0,0.3814082984595681,0.18074873345416706,0.3031267557984121,0.5107362982599345,0.0,0.3829577693280715,0.0,0.48720127715326406,0.4283301442999044,0.5778016309654289,0.5370957016074773,0.6715589092944055,0.46714529232458973,0.4960121865326752,0.6289185267234612,0.41315397861038433,0.5624939474704089,0.0,0.593828431450236,0.1860809126980926,0.0,0.0,0.1150889357204227,0.0,0.0,0.0,0.0,0.0,0.0,0.01623535647265037,0.0,0.04517168092201286,0.0,0.0,0.2910854261433507,0.4677446985782261,0.6187911213387279,0.3437822817482793,0.0,0.0,0.2651560223254351,0.0,0.2650286852736123,0.29982095851424917,0.0,0.05741861094648898,0.37348561504208155,0.42351579491982094,0.0,0.7780986142850201,0.4593048380438852,0.0966862296017233,0.2842576267465013,0.12773122773150763,0.5998571357995399,0.5393136056500776,0.5153736650481716,0.5575044387155709,0.5399102822850728,0.25380655517029893,0.4327659362909655,0.6179563437506148,0.47020935517625984,0.4198910954092645,0.34872311470652545,0.16497680237812853
0.3918202212040844,0.46487224281448764,0.0,0.1000174083490579,0.0915142582866317,0.3454339215006742,0.05939208132881396,0.05739666559233331,0.21713509951785978,0.0,0.34848933681726646,0.0,0.31777011269098826,0.23542133900680207,0.3829577693280715,0.0,0.0,0.7386950072651027,0.0,0.3987544019166114,0.28626587597296327,0.5237434160873424,0.3764585872127692,0.42679044812675204,0.42693348003953574,0.0,0.21873196201103542,0.0,0.26979685150401,0.2150247168548266,0.0,0.0,0.3608692203677764,0.0,0.0,0.0,0.0,0.0,0.0,0.5325725006281762,0.09339772465714073,0.0,0.0,0.0,0.4420744465039844,0.3622724254080561,0.5069803985963314,0.0,0.5709590506005474,0.22432952192353448,0.38649517349070506,0.0,0.17221822148304328,0.2833453953092379,0.0,0.07469495054289,0.055257816667005535,0.36731879917693344,0.056068370051089805,0.4078960268141527,0.27270230488384006,0.21538738364744986,0.14074805487673742,0.0,0.11907058282949706,0.4334763140975443,0.0,0.3083122880309576,0.5201555789510172,0.0,0.05943445722109114,0.10362703288770111,0.49823740225169033,0.41871857681520974,0.26936591724822767,0.20970544565625282
0.0,0.032891900476124836,0.0,0.44028650140016923,0.5233831699134469,0.0,0.5230499750674351,0.0,0.39069781265775066,0.670495552449679,0.27054162525131553,0.5355250501212812,0.41239369369052925,0.0,0.0,0.0,0.0,0.06671785958611498,0.0,0.19909786015138548,0.0,0.12789591286175023,0.0,0.0,0.23369058773427753,0.28251476836544326,0.0429808262621576,0.2308903189301366,0.0,0.0,0.17397649272629256,0.16810238309431688,0.0,0.0,0.07430624277840135,0.3372606029870001,0.0380560938347614,0.0,0.0,0.0,0.0,0.0,0.0,0.22661697985897755,0.0,0.0,0.038331793519451374,0.0,0.0,0.3631266432607053,0.0,0.38732137273318323,0.0,0.338550132235639,0.6398196311874946,0.13625701969673637,0.15704845811262236,0.0775606262717437,0.42651755739240643,0.0,0.0,0.3188836918464846,0.2921722719269241,0.05374902407685023,0.0,0.0,0.0,0.0,0.0,0.34269922138424475,0.294714282601498,0.0,0.0,0.0,0.0,0.0
0.5111513452480768,0.5738159082205423,0.20132417087385965,0.0,0.0,0.4705286892682184,0.0,0.07805697495389112,0.213566318555401,0.0,0.330539715923851,0.08376516183200605,0.3426107402777291,0.41110831127814795,0.48720127715326406,0.7386950072651027,0.06671785958611498,0.0,0.24205388718197574,0.2904622594213065,0.46412426678032376,0.4798571441996336,0.37479861320940544,0.664905427795152,0.6833766845739079,0.29030903046632545,0.24458441257069113,0.03164687879349454,0.3881625991493781,0.09186155510070146,0.0,0.0,0.4288522027096848,0.0,0.0,0.0,0.0,0.0,0.0,0.3739501245361413,0.0,0.0,0.0,0.0,0.4075405372926131,0.46238584735201427,0.5532422433376155,0.047465355474029775,0.31700478644771646,0.10142994868613893,0.4189471158634587,0.0,0.13917197185749325,0.30210652599743965,0.0,0.050432977245065486,0.3917573872533351,0.5908396169113286,0.0,0.5290204262438876,0.4530027886701348,0.3552554251298638,0.33049191938053624,0.0,0.34651623047871827,0.4645767745971193,0.19110428381643252,0.3190440068363944,0.6942152712257036,0.12959747790006104,0.34323299698595444,0.27929124435301955,0.602984414992475,0.4580516324658997,0.3740460919603934,0.27613136240400027
0.1583612212662587,0.3805361504791053,0.8380565737028228,0.0,0.0,0.42064163626693096,0.0,0.3210221313357938,0.3936243951132939,0.0,0.5015019231610078,0.08656675735552552,0.1250939486068554,0.2724142182515512,0.4283301442999044,0.0,0.0,0.24205388718197574,0.0,0.12890458327429027,0.157064995843742,0.19242228881539136,0.4909056949122709,0.32244349123655747,0.3625401989453565,0.26017138154041747,0.45882473972033105,0.0,0.33929423776761186,0.0,0.0,0.0,0.06402027451364571,0.0,0.0,0.0,0.0,0.0,0.0,0.0,0.0,0.19755830555984416,0.0,0.0,0.12038139153188926,0.11637074942933191,0.3175114836928641,0.781739779105511,0.0,0.0,0.2038277593095114,0.0,0.3456758378526962,0.36174556584145345,0.0,0.4476440398189813,0.26240308934394024,0.372816567482826,0.0,0.4054030832969493,0.23871385523467217,0.14185180169076755,0.1959724835479814,0.7580647941353458,0.3846733116278774,0.1874625920742636,0.3222055108395004,0.48649559444767987,0.3499275303960298,0.2181104668073203,0.22128668732955148,0.4818773821962634,0.2591760782300409,0.1581246234133569,0.25264043400204206,0.02536172502454878
0.2700168962932157,0.387958371035163,0.19194713963969595,0.5016102679914898,0.46120565815525977,0.2114680018827202,0.27340427234151893,0.0,0.5377474506926623,0.05196903358919902,0.43175946681006383,0.34297137881939765,0.566525089720735,0.3336204401428467,0.5778016309654289,0.3987544019166114,0.19909786015138548,0.2904622594213065,0.12890458327429027,0.0,0.32308191742641,0.8483740384111413,0.21900325251581196,0.0,0.37993474162322727,0.09974029787528144,0.6462084643381126,0.18732701493489085,0.2225866440037647,0.3039419070212529,0.0,0.0,0.0,0.0,0.0,0.2358067086913905,0.0,0.0,0.0,0.1769819473040551,0.0,0.0,0.0,0.1136441505935539,0.3092977865502624,0.3292980912063478,0.44449868582094215,0.2170574037039546,0.31570320974974353,0.18614641152062691,0.3242273210967497,0.0,0.04540686878312572,0.5809733151636001,0.15637098789182075,0.1393076834068479,0.17628192517772734,0.1815950705543368,0.14265811982614707,0.36495606522816165,0.009299194714135095,0.0,0.20410719503582547,0.04138158165002709,0.44465531264465485,0.2607546421130408,0.17373240361552517,0.43699118059026815,0.05619019973721043,0.23944571926485014,0.22667329753930268,0.5202641503618773,0.20319650521877655,0.37447772956101355,0.0,0.0
0.773828716048583,0.6874130573521274,0.2242900289732378,0.0,0.0,0.6815900651903803,0.0,0.1369520525574071,0.0,0.0,0.0,0.16792909488252428,0.35425407421422617,0.6047552107796537,0.5370957016074773,0.28626587597296327,0.0,0.46412426678032376,0.157064995843742,0.32308191742641,0.0,0.39924158917589536,0.31162948618416825,0.56228254394374,0.7022757217994688,0.5875861507698635,0.2988815151287777,0.0,0.749279329968932,0.4127145965085748,0.0,0.0,0.41535216044485157,0.0,0.0,0.059173906570970075,0.0,0.0,0.0,0.0432552363395336,0.29882786298179154,0.250124756594767,0.0,0.0,0.2923649345488573,0.7070064406352768,0.501472232569652,0.0,0.0,0.0,0.45612835208951874,0.0,0.07655776290184535,0.0,0.0,0.0,0.5699894750783235,0.28182409507049,0.0,0.510174894181524,0.6187978707302988,0.0,0.13131894609029474,0.0,0.7088948697394588,0.7856199682776697,0.5850676927676048,0.36877583985255713,0.47767821809484234,0.4003572895328657,0.4933507978226507,0.6139052078799099,0.2919888597664322,0.5859108147368806,0.4423859877201959,0.4429807390859333
0.46258834525026793,0.6169212409774122,0.24646320188860066,0.36834140516681824,0.41330389594790545,0.2847268412177702,0.20840231226236938,0.0,0.49366298232563016,0.0,0.429389045571878,0.284259199657172,0.4683877397729673,0.31872498844654323,0.6715589092944055,0.5237434160873424,0.12789591286175023,0.4798571441996336,0.19242228881539136,0.8483740384111413,0.39924158917589536,0.0,0.21298567079548678,0.20172961421041224,0.4963084098881212,0.2269913799352788,0.620654765093422,0.2197767866390859,0.3276456849974779,0.308384074015078,0.0,0.0,0.03424036171780254,0.0,0.0,0.20499040516360387,0.0,0.0,0.0,0.17658508134624942,0.0,0.0,0.0,0.019628154826678568,0.3667897577140402,0.490906064844863,0.6787468103407464,0.254898541899935,0.22748853341142022,0.13573414065733105,0.25737857458616586,0.0,0.03940997924832612,0.525837466986989,0.07405336338726493,0.12773626243384925,0.234863374544115,0.305767948949488,0.08727997602253229,0.5189354268886918,0.18016709966291894,0.0,0.3276081309611946,0.08954408896485838,0.48922254727314723,0.38795141981670794,0.3326579576551989,0.39292534921887723,0.2639720878849621,0.3152771221458863,0.3774901974741754,0.510364898153961,0.3022594676588382,0.37545225251238395,0.04795304912591511,0.0
0.29629890262944786,0.28361241601577425,0.5762826601489722,0.0,0.0,0.5041393330644565,0.0,0.4618908719691377,0.2271062595428709,0.0,0.5054224813554443,0.0,0.18873300287164013,0.2924256424974081,0.46714529232458973,0.3764585872127692,0.0,0.37479861320940544,0.4909056949122709,0.21900325251581196,0.31162948618416825,0.21298567079548678,0.0,0.41174965706285716,0.3888996196379115,0.10214879469961469,0.5301633074269155,0.0,0.3626371678456068,0.0,0.0,0.0,0.34843995225245006,0.0,0.0,0.0,0.0,0.0,0.0,0.18759986181790603,0.0,0.0,0.0,0.0,0.30842736903759554,0.1950007468951753,0.2725918479253173,0.36140043758319856,0.1545751106200675,0.03159297661385457,0.5133489819525121,0.0,0.5565656990746336,0.21293307858164662,0.0,0.34744092780769387,0.12188875808888786,0.3455119169907209,0.0,0.3924656157838913,0.17864967439460178,0.3497903951353433,0.0,0.1936080896583383,0.11402196879526869,0.41425813700400754,0.0,0.7809279775047817,0.4612889696575554,0.0,0.1208711055745117,0.38002440777633184,0.28167916317336456,0.3400356676112364,0.18802601396294233,0.06842470920491506
0.6182766370255534,0.6731207985056125,0.22520215076908237,0.0,0.0,0.5426867143846708,0.0,0.12812836704699027,0.0,0.0,0.06342548826367926,0.11425183381265769,0.0887109999891362,0.2779741131061597,0.4960121865326752,0.42679044812675204,0.0,0.664905427795152,0.32244349123655747,0.0,0.56228254394374,0.20172961421041224,0.41174965706285716,0.0,0.6513968508785757,0.4631504068715946,0.05726611688609165,0.0,0.521967596348016,0.022446975618806625,0.0,0.0,0.28278592299580696,0.0,0.0,0.0,0.0,0.035145381273703175,0.0,0.09220273275592106,0.0,0.15807473722293183,0.0,0.0,0.40185617757396486,0.5423179544280551,0.6115144059303211,0.0746043081682572,0.0,0.0,0.24354485924217503,0.0,0.21110635990746332,0.0,0.0,0.0,0.4611714900859241,0.6762328374153699,0.0,0.6526296264255096,0.6539184120612553,0.26697080997195277,0.35926835602769586,0.0,0.42378042476090727,0.617720291875562,0.38512642897546817,0.3040033175745906,0.8890462188600017,0.2477658289451844,0.47974860284385745,0.31347852440221047,0.5200897930830158,0.37866207866860857,0.5180224872099961,0.4673204289324546
0.7273900529464894,0.7801258289372488,0.3726114683025676,0.0,0.0,0.6801942866896193,0.0,0.029272288683306336,0.20189164681646804,0.0,0.27135549513386137,0.38865741766542955,0.532448480160775,0.7095356440033165,0.6289185267234612,0.42693348003953574,0.23369058773427753,0.6833766845739079,0.3625401989453565,0.37993474162322727,0.7022757217994688,0.4963084098881212,0.3888996196379115,0.6513968508785757,0.0,0.6358126310211927,0.3932531341065376,0.0,0.6631286637613114,0.17478973887494292,0.0,0.0,0.2749216028583253,0.0,0.0,0.0,0.0,0.0,0.0,0.14266419020791102,0.06407467736961231,0.016717581789869693,0.0,0.0,0.42712826002525706,0.6817404339771607,0.6275086940048975,0.039730383041001904,0.0,0.0,0.475949980776659,0.0,0.037302579034357575,0.2416882798212416,0.0,0.0,0.6484235241409262,0.5649812448142876,0.0,0.6046767764573093,0.5808865838408688,0.2660464584922868,0.385198212112711,0.0,0.6382592604781598,0.6236848757590628,0.5058995711623324,0.4459574933260725,0.6569423626352835,0.5188360519730765,0.6128889049968839,0.5571108454099195,0.46775316086175467,0.5223287864901638,0.34139451078296357,0.26131727846499614
0.591277912304015,0.5833203212535722,0.2390252435445004,0.0,0.0,0.4730118320802035,0.0,0.15175900257496372,0.0,0.27592284190045124,0.0,0.5262574109682071,0.35160436785432153,0.3911656743454196,0.41315397861038433,0.0,0.28251476836544326,0.29030903046632545,0.26017138154041747,0.09974029787528144,0.5875861507698635,0.2269913799352788,0.10214879469961469,0.4631504068715946,0.6358126310211927,0.0,0.08338205018004646,0.0,0.43851868464765364,0.15960935673078813,0.0,0.0,0.17302367690764103,0.0,0.08012306043111983,0.2738960600723768,0.0,0.06487458226753542,0.047913802058401456,0.0,0.0,0.2721622596413489,0.057941811865397014,0.07357053666474739,0.0,0.4688758363335508,0.43607502626915134,0.009630459301177174,0.0,0.0,0.14219612627287742,0.0,0.07016774102640994,0.0,0.08484828768370356,0.0,0.6691335858587703,0.3225348419634608,0.0,0.4378290026881498,0.4217827724285693,0.17733170772399298,0.2917775554631197,0.07362973614983778,0.6089190646360704,0.31079494384179596,0.640968690913223,0.11738425802227895,0.2850984978296842,0.660711290293412,0.8217578494768676,0.3998104139739256,0.15073728083637145,0.08838638637350646,0.26346543266225314,0.17687548197140152
0.22617828887930505,0.35760435834769366,0.5566629386982799,0.12614114659836914,0.28291034563246464,0.41232285702814087,0.056069024994634786,0.18829398306428963,0.5839768995513086,0.0,0.5707355755606789,0.1129409979749939,0.4078396711572142,0.3436215830265259,0.5624939474704089,0.21873196201103542,0.0429808262621576,0.24458441257069113,0.45882473972033105,0.6462084643381126,0.2988815151287777,0.620654765093422,0.5301633074269155,0.05726611688609165,0.3932531341065376,0.08338205018004646,0.0,0.0,0.3627913005256513,0.1597814384313924,0.0,0.0,0.07754196708557987,0.0,0.0,0.070571540706866,0.0,0.0,0.0,0.06906367037160212,0.0,0.0,0.0,0.0,0.3043148936107001,0.2478292328209886,0.33336790408400446,0.4577982918719385,0.10625502421419325,0.1106642349728888,0.4161546511655112,0.0,0.21089638382823175,0.5156771070541896,0.0,0.2819866111382361,0.13160671138592572,0.1271616071784139,0.05897594440491555,0.37051359014503893,0.027507539496584188,0.02386009728708266,0.032095714426070565,0.2726055105609023,0.3331988383806266,0.33388384195041454,0.13372755184642954,0.6110154232594445,0.1547007810851018,0.16147911324088823,0.11715274991149166,0.7429380356623797,0.08279225515486097,0.3369118508661082,0.0,0.0
0.0,0.08608025994640708,0.0,0.4028745737707904,0.31934359275712615,0.0,0.3552556281241289,0.0,0.0902219229248199,0.29760941726182644,0.0,0.2181294707663888,0.1328123437313572,0.0,0.0,0.0,0.2308903189301366,0.03164687879349454,0.0,0.18732701493489085,0.0,0.2197767866390859,0.0,0.0,0.0,0.0,0.0,0.0,0.0,0.16157001350854805,0.4353724350776218,0.39607782479604625,0.0,0.27802691897418685,0.32466158904788645,0.3686154402188503,0.03218946300591491,0.11482260264429815,0.23795374858653912,0.0,0.0,0.0,0.0,0.37385667888415536,0.0,0.042410650449741405,0.11388297334109651,0.0,0.03251934790965505,0.19898619318225289,0.0,0.37934034279192563,0.0,0.17718377157897386,0.3623821347684489,0.0,0.01168512279130507,0.10135710708762935,0.03465930398365982,0.0,0.0,0.0,0.3109144610405104,0.09582409699591035,0.1486875092457946,0.0,0.11864020178254298,0.0,0.0,0.21376285850582571,0.04505071445988723,0.0,0.15136366309616728,0.0,0.02550109281920676,0.0
0.6370430454985361,0.6532216436990153,0.35145217820799995,0.0,0.0,0.8325097758164923,0.0,0.16028702495321656,0.0,0.0,0.0,0.0,0.21628525143306376,0.6112132184111276,0.593828431450236,0.26979685150401,0.0,0.3881625991493781,0.33929423776761186,0.2225866440037647,0.749279329968932,0.3276456849974779,0.3626371678456068,0.521967596348016,0.6631286637613114,0.43851868464765364,0.3627913005256513,0.0,0.0,0.48494884582869047,0.0,0.0,0.37616505267713723,0.0,0.0,0.0,0.0,0.0,0.04749276360138635,0.03181199627119807,0.2842133960751485,0.46781755757630705,0.0,0.0,0.23651054933399812,0.5938785715532054,0.40963992077767913,0.19571513051144446,0.0,0.0,0.38480126795700187,0.0,0.22619206652993648,0.0,0.0,0.0,0.507690566782939,0.3248463990590419,0.0,0.5771994065714349,0.7987102285019256,0.0,0.12381459460746136,0.0,0.769759614867154,0.760609774915446,0.7051043140376353,0.4192554113081052,0.5323379492707763,0.22044682795385845,0.2689319985235137,0.6810113702909139,0.5009067743307383,0.6624297568693127,0.6944704321348456,0.6375002920073796
0.28842347618416597,0.3546073836242007,0.0,0.052889204902815096,0.0,0.4542347061796338,0.0,0.13021328851295433,0.0,0.0,0.0,0.05976147500810339,0.3667937500361032,0.42241524531330377,0.1860809126980926,0.2150247168548266,0.0,0.09186155510070146,0.0,0.3039419070212529,0.4127145965085748,0.308384074015078,0.0,0.022446975618806625,0.17478973887494292,0.15960935673078813,0.1597814384313924,0.16157001350854805,0.48494884582869047,0.0,0.0,0.05991454234649053,0.2633552424124853,0.21776145565607935,0.06709476316550081,0.34709174711423896,0.0,0.0,0.4071561035339285,0.0,0.38942557013577583,0.2787199556674628,0.039466830855016344,0.3211712470496458,0.02875169622394884,0.3896956694301641,0.21564120620932414,0.0,0.09147079829251083,0.0,0.3035200001131688,0.0,0.17905723910955604,0.0,0.0,0.0,0.35392326732012874,0.0,0.0,0.07503372926942836,0.30618586198239395,0.0,0.0,0.0,0.49145437024676464,0.4044642621089681,0.3889793164432488,0.1380965976069697,0.0,0.1323396326220445,0.0,0.39032852314722766,0.19987048495379356,0.2239713426259331,0.37460682422383806,0.3709053506455724
0.0,0.0,0.0,0.327202048890281,0.25490265917037547,0.0,0.4608850733901167,0.0,0.0,0.49494990726625987,0.0,0.07480198257449233,0.0,0.0,0.0,0.0,0.17397649272629256,0.0,0.0,0.0,0.0,0.0,0.0,0.0,0.0,0.0,0.0,0.4353724350776218,0.0,0.0,0.0,0.67843790513298,0.0,0.7379668449868777,0.3900310456631856,0.20542592771646354,0.44625138719598767,0.05334652402773396,0.07955745748681899,0.022456869057910722,0.0,0.0,0.22210336767539013,0.5099632224610093,0.0,0.0,0.0,0.0,0.010062152401969587,0.17470954736184444,0.0,0.5750627020763384,0.0,0.0,0.6381762306595835,0.0,0.0,0.0,0.2330329488272811,0.0,0.0,0.0,0.14770024527275621,0.0,0.0,0.0,0.0,0.0,0.0,0.12161010788994353,0.0,0.0,0.0,0.0,0.0,0.0
0.0,0.0,0.0,0.326348175380471,0.18554636649480266,0.0,0.251127013129256,0.0,0.0,0.500510726658335,0.0,0.1536090064659945,0.0,0.0,0.0,0.0,0.16810238309431688,0.0,0.0,0.0,0.0,0.0,0.0,0.0,0.0,0.0,0.0,0.39607782479604625,0.0,0.05991454234649053,0.67843790513298,0.0,0.0,0.6306793827277675,0.7448652260498214,0.5172895081983149,0.40236326223049473,0.20804008852742487,0.5002482161134585,0.0,0.0,0.0,0.13409926984881818,0.7421330366371303,0.0,0.0,0.0,0.0,0.0,0.08320608660997733,0.0,0.5014420112520397,0.0,0.0,0.5617271353215603,0.0,0.0,0.0,0.2421749530650879,0.0,0.0,0.0,0.0,0.11309109215372326,0.0,0.0,0.0,0.0,0.0,0.1506367680269591,0.0,0.0,0.0,0.0,0.0,0.0
0.2862979022170263,0.19517400669211876,0.12996124387334856,0.0,0.0,0.3990582166150356,0.0,0.4932598337935208,0.0,0.0,0.0,0.0,0.08676059222671749,0.24323664344478457,0.1150889357204227,0.3608692203677764,0.0,0.4288522027096848,0.06402027451364571,0.0,0.41535216044485157,0.03424036171780254,0.34843995225245006,0.28278592299580696,0.2749216028583253,0.17302367690764103,0.07754196708557987,0.0,0.37616505267713723,0.2633552424124853,0.0,0.0,0.0,0.0,0.0,0.0,0.0,0.08841301185363043,0.2016056654310911,0.31004862991323506,0.3822154442337454,0.24643545803038944,0.20892696653538428,0.0,0.19125315736904192,0.2639348353272474,0.14339263577193279,0.0,0.27147047184612105,0.0,0.5935374325929776,0.0,0.4155288760362599,0.0,0.0,0.0,0.2930587495564314,0.21551205647217964,0.0,0.17935635690715718,0.24315499528835127,0.1883112714213903,0.0,0.0,0.16846316365489453,0.5512632532832944,0.08631184217191266,0.24903531936277645,0.34651019688147555,0.0,0.1305766236069434,0.14195467105229664,0.418070624343307,0.3458583256402258,0.42603712523262294,0.4759984261938822
0.0,0.0,0.0,0.25293762707214057,0.0,0.0,0.1381804563744509,0.0,0.0,0.28112983756968946,0.0,0.0,0.0,0.0,0.0,0.0,0.0,0.0,0.0,0.0,0.0,0.0,0.0,0.0,0.0,0.0,0.0,0.27802691897418685,0.0,0.21776145565607935,0.7379668449868777,0.6306793827277675,0.0,0.0,0.40721220006350134,0.25404746780737847,0.3691456779944552,0.0,0.2785391641561533,0.0,0.16212455135622575,0.005355310460880766,0.2645634701073382,0.49926330897954996,0.0,0.0,0.0,0.0,0.11307821884397741,0.0,0.0,0.2449456499305612,0.0,0.0,0.32557431988911234,0.0,0.0,0.0,0.04981557217582233,0.0,0.0,0.0,0.0,0.0,0.0,0.0,0.0,0.0,0.0,0.0,0.0,0.0,0.0,0.0,0.0,0.0
0.0,0.0,0.0,0.03792511652684516,0.0,0.0,0.0,0.04337507390392942,0.0,0.3490990186292988,0.0,0.012261847387408438,0.0,0.0,0.0,0.0,0.07430624277840135,0.0,0.0,0.0,0.0,0.0,0.0,0.0,0.0,0.08012306043111983,0.0,0.32466158904788645,0.0,0.06709476316550081,0.3900310456631856,0.7448652260498214,0.0,0.40721220006350134,0.0,0.4833335905365704,0.3289578475449287,0.5250384196199165,0.6159703841495919,0.0,0.0635517943475686,0.2564927424851907,0.15225074798116212,0.499230789239073,0.0,0.0,0.0,0.0,0.0,0.0,0.0,0.2022517059843718,0.0,0.0,0.31746428460499726,0.0,0.0,0.0,0.0,0.0,0.0,0.0,0.0,0.19565461744322776,0.0,0.0,0.07333027229195112,0.0,0.0,0.0912446541920918,0.0,0.0,0.0,0.0,0.0,0.0
0.0,0.047044790760678606,0.0,0.4602921540053143,0.26139809131019537,0.0,0.133944498620912,0.0,0.07122771423261648,0.5504491369252418,0.0,0.47879162706999145,0.3205960857034911,0.13645095986809452,0.0,0.0,0.3372606029870001,0.0,0.0,0.2358067086913905,0.059173906570970075,0.20499040516360387,0.0,0.0,0.0,0.2738960600723768,0.070571540706866,0.3686154402188503,0.0,0.34709174711423896,0.20542592771646354,0.5172895081983149,0.0,0.25404746780737847,0.4833335905365704,0.0,0.0,0.0,0.3699438245377219,0.0,0.19075603653957907,0.0,0.14555068662029005,0.6416715581152516,0.0,0.06941851724145026,0.01625544095856961,0.0,0.0,0.0,0.0,0.08895318753834192,0.0,0.09956021720775436,0.47269020056747046,0.0,0.3384520219775788,0.0,0.07407510196129521,0.0,0.0,0.0,0.0,0.06491941761792698,0.26455332435749995,0.0,0.24807585949858102,0.0,0.0,0.4258854305760119,0.17994850453647196,0.18414434250518333,0.0,0.0,0.0,0.0
0.0,0.0,0.0,0.0,0.0,0.0,0.0,0.0,0.0,0.26216652679276353,0.0,0.0,0.0,0.0,0.0,0.0,0.0380560938347614,0.0,0.0,0.0,0.0,0.0,0.0,0.0,0.0,0.0,0.0,0.03218946300591491,0.0,0.0,0.44625138719598767,0.40236326223049473,0.0,0.3691456779944552,0.3289578475449287,0.0,0.0,0.4281753973733791,0.0786218033402751,0.0,0.0,0.026228730182407116,0.5467399020713584,0.20650719931299083,0.0,0.0,0.0,0.0,0.0,0.0,0.0,0.21701542887683245,0.0,0.0,0.20862144433294136,0.0,0.0,0.0,0.0,0.0,0.0,0.17327927919189928,0.0,0.0,0.0,0.0,0.0,0.0,0.0,0.09600779482366732,0.0,0.0,0.0,0.0,0.0,0.0
0.0,0.0,0.0,0.0,0.0,0.0,0.0,0.25110007964229275,0.0,0.09246379401696636,0.0,0.0,0.0,0.0,0.0,0.0,0.0,0.0,0.0,0.0,0.0,0.0,0.0,0.035145381273703175,0.0,0.06487458226753542,0.0,0.11482260264429815,0.0,0.0,0.05334652402773396,0.20804008852742487,0.08841301185363043,0.0,0.5250384196199165,0.0,0.4281753973733791,0.0,0.4412600444102118,0.0,0.0,0.34787611481321995,0.2976713592970939,0.0,0.0,0.0,0.0,0.0,0.0,0.03506810360323179,0.0,0.18905083341256015,0.043283040914483956,0.0,0.03285577344565524,0.0,0.0,0.0,0.0,0.0,0.0,0.22884136660779825,0.0,0.043697054529375084,0.0,0.0,0.0,0.0,0.0,0.0,0.0,0.0,0.0,0.0,0.21081153037000588,0.20424143592907962
0.0,0.0,0.0,0.0,0.0,0.0,0.0,0.26486485677255656,0.0,0.031556394966906876,0.0,0.0,0.0,0.0,0.0,0.0,0.0,0.0,0.0,0.0,0.0,0.0,0.0,0.0,0.0,0.047913802058401456,0.0,0.23795374858653912,0.04749276360138635,0.4071561035339285,0.07955745748681899,0.5002482161134585,0.2016056654310911,0.2785391641561533,0.6159703841495919,0.3699438245377219,0.0786218033402751,0.4412600444102118,0.0,0.0,0.3904242899443973,0.511113401457261,0.15761286379005215,0.3292211773058784,0.0,0.0,0.0,0.0,0.04092995462915626,0.0,0.0,0.0,0.0755859104067978,0.0,0.0,0.0,0.14585772650632495,0.0,0.0,0.0,0.09404878459439547,0.0,0.0,0.0,0.20176618480267516,0.0,0.34945086601151687,0.0,0.0,0.0,0.0,0.0,0.02329972911694017,0.0,0.4324612899975424,0.49230386296700385
0.058427399079852144,0.0,0.0,0.20077295632964604,0.14349870291506037,0.04023597241387869,0.16486446976112085,0.0,0.20149424830741156,0.0,0.25014145086613704,0.0,0.0,0.1352568459198497,0.01623535647265037,0.5325725006281762,0.0,0.3739501245361413,0.0,0.1769819473040551,0.0432552363395336,0.17658508134624942,0.18759986181790603,0.09220273275592106,0.14266419020791102,0.0,0.06906367037160212,0.0,0.03181199627119807,0.0,0.022456869057910722,0.0,0.31004862991323506,0.0,0.0,0.0,0.0,0.0,0.0,0.0,0.145753979162333,0.0,0.0,0.0,0.3241684725464458,0.06195518143120915,0.1240100283249222,0.0,0.5501319504392339,0.37236287601760526,0.20625030519572127,0.22624975315324447,0.0,0.2955040048830474,0.0,0.10654699833239947,0.0,0.11488932584435069,0.2149602592419785,0.09918489618829364,0.10579588571802961,0.2992900363674581,0.13050122365490804,0.0,0.0,0.24478056458402325,0.0,0.12407031739103985,0.31994683661158496,0.0,0.0,0.0,0.2755842162723564,0.27918365499133957,0.026388540227695406,0.09092826904805959
0.1388516010129918,0.0,0.005414644366259949,0.06561001484741476,0.0,0.2338127104334701,0.0,0.2891709278055341,0.0,0.0,0.0,0.0,0.0673361649766641,0.34054202800864136,0.0,0.09339772465714073,0.0,0.0,0.0,0.0,0.29882786298179154,0.0,0.0,0.0,0.06407467736961231,0.0,0.0,0.0,0.2842133960751485,0.38942557013577583,0.0,0.0,0.3822154442337454,0.16212455135622575,0.0635517943475686,0.19075603653957907,0.0,0.0,0.3904242899443973,0.145753979162333,0.0,0.18868245760541658,0.13574953600870932,0.08130402559141553,0.0,0.21196219341840028,0.0,0.0,0.1898386580407136,0.0,0.40664163967124334,0.0,0.1046118523350017,0.0,0.0,0.0,0.1368545249537028,0.0,0.0,0.0,0.19543889111850776,0.0,0.0,0.0,0.18528719982020286,0.3253664576497364,0.2206145500423397,0.0,0.0,0.0,0.0,0.17897532024687507,0.07637547994564711,0.26835483392473863,0.2416233604020835,0.43297886104960237
