0.0,0.7231449493528382,0.3356861642002037,0.2419276364527886,0.5610399236986667,0.4109049874004178,0.464750972097429,0.026613581703614914,0.407131626296096,0.289151939021258,0.3485645972002293,0.556914805726894,0.565787191597074,0.46389154692016155,0.0,0.43442467159753473,0.16600353763431783,0.19763515627703127,0.2385286733643936,0.3946649547007231,0.15835421292672042,0.5635466485121151,0.1625004942197472,0.04336445079938844,0.47399022802555496,0.6617437904481773,0.38300919215980994,0.5420645959821812,0.4612422215601819,0.41925384942505894,0.3767213746835611,0.2117306427112846,0.0,0.17971074202747062,0.0,0.4441190374771302,0.17816598123759292,0.0,0.07843590009645852,0.0,0.06521598529905911,0.1467070917295555,0.0,0.18770689707327629,0.0,0.7647736639764766,0.10565121900587601,0.41454712244258185,0.0,0.4139932003551644,0.5715963369390814,0.039510478334700366,0.0,0.3397224543877377,0.05263313225964697,0.3095927671297648,0.422878487894695,0.16784703143931895,0.062268482925097124,0.25236422270425146,0.02463365723046329,0.0,0.3267653323179227,0.26223444116990346,0.4394835399731947,0.13014665358434047,0.20346485644903273,0.08555261872572281,0.0,0.07418054892896553,0.6134757764778185,0.466650619697773,0.5580351082681331,0.5113604251829271,0.1688099471620924,0.25937136508663733
0.7231449493528382,0.0,0.3635090398758485,0.07559002985031124,0.5030799259284445,0.7364711952734622,0.4044607412976309,0.18007568770762977,0.4072186430131784,0.441101584267832,0.35547372268848937,0.5045114905887145,0.719749713265527,0.3374213311655354,0.05228213338225646,0.21695391622102772,0.4009388809136082,0.2516196443483463,0.2591409052703793,0.3831496279938761,0.0,0.4779860023114556,0.30450582349307265,0.11349250807040379,0.7208414826361446,0.8008847798387055,0.4936219277382331,0.5571838967321765,0.5330350013328288,0.4087410443299976,0.11065343807920708,0.04307100972774683,0.0,0.11477323106947876,0.0,0.2762025866539388,0.0,0.0,0.0,0.07440854257110907,0.11163471140133582,0.020968272225763716,0.0,0.09981750480443857,0.055285575787272556,0.5388343141736571,0.4909534524991827,0.4163356882754307,0.0,0.3145959354385248,0.5995268598701295,0.0,0.07056257178265118,0.3521140886001406,0.16232372139340798,0.323818755733168,0.43363765827415046,0.32719803142594334,0.0,0.2318555525912338,0.15872745516816122,0.19687773161340813,0.29590159246032677,0.27969135274800466,0.36240253698018077,0.0,0.23575778366165423,0.2247468242227189,0.0,0.36661893707358045,0.7011884770102348,0.5677542507024241,0.46610855450005095,0.3033689445712793,0.08957649068182047,0.17698135098704787
0.3356861642002037,0.3635090398758485,0.0,0.0,0.7846615462610478,0.4871877805528827,0.39992860552341863,0.5213351004533379,0.8197219204976176,0.2368319449692687,0.955135964143238,0.37953472941013994,0.3846779673666937,0.3153974792428166,0.5415694972674036,0.14256258186174287,0.11906274335767522,0.15001014398897994,0.805791588324672,0.7458111782182941,0.14640135968664916,0.7162089425596755,0.7272344975917799,0.0,0.16600015651577033,0.43375695543568016,0.7963082733034638,0.6839494379721882,0.4250172182903471,0.6106958705078012,0.15987395631182375,0.0,0.0,0.0,0.0,0.19936494832610024,0.043300872973976945,0.0,0.0,0.0,0.0,0.0,0.0,0.0,0.0,0.29739101502474596,0.22080239315826386,0.9555765269314167,0.0,0.7412076930742413,0.4209425662521557,0.21972823565286934,0.3757113756720124,0.7340988577650384,0.0,0.9335748579026585,0.1084999587376553,0.03294887252269674,0.1077558173011114,0.7391241670344434,0.2648552900906343,0.10291429163411644,0.2417412549238828,0.8434624902114012,0.6888048433674625,0.1920033416786719,0.5866154162428436,0.7122855083398149,0.0,0.0654207950543998,0.3441956733704619,0.6349955617394482,0.5868571578161949,0.21711804765174486,0.0,0.18573745575719589
0.2419276364527886,0.07559002985031124,0.0,0.0,0.06200965207026701,0.13809940530220913,0.06974564483936393,0.08040175345324724,0.0,0.15281135389099842,0.0,0.4056632645450484,0.3932046256662439,0.5226087347655239,0.0,0.0,0.0,0.0,0.0,0.0,0.0,0.0,0.0,0.0,0.0,0.10801978035563115,0.0,0.3379088222457272,0.28196024998196534,0.2990851677218145,0.19239443258822364,0.32820786464768037,0.0,0.19571522624024124,0.27085094424717215,0.29174497109996655,0.19698833064825183,0.0,0.3043618547108935,0.0,0.0,0.0527280569958716,0.14629270147359086,0.08171773856362499,0.027824467332487134,0.400102360356884,0.0,0.0,0.3044002229095384,0.0,0.0,0.04539588394413066,0.0,0.0,0.08401442285883869,0.0,0.28905824602219415,0.0,0.25634193660962634,0.0,0.0,0.0,0.04089190449083498,0.005184757186707828,0.0,0.09686776036771368,0.0,0.0,0.0,0.0,0.15771837740263955,0.0,0.024284963428622353,0.0,0.0,0.0
0.5610399236986667,0.5030799259284445,0.7846615462610478,0.06200965207026701,0.0,0.5354480606177191,0.5933739481951951,0.37741742390844873,0.905091632114251,0.28911546524597925,0.8218251072032058,0.4554560363750379,0.5396807313838095,0.4057298296296151,0.29509480244086206,0.2797146996912787,0.17009232263868285,0.21194389090277327,0.5010590781972096,0.6163838631477594,0.08391939370994647,0.6536568013648983,0.5296666518462931,0.0,0.24019931061260008,0.4859843408763075,0.7893106661113246,0.6736171032516169,0.4549061825370212,0.5497362743548831,0.26969516787610187,0.0,0.0,0.0,0.0,0.3038425721824657,0.03502750721466076,0.0,0.0,0.0,0.0,0.0,0.0,0.0367983221819775,0.0,0.4487390299794345,0.28189123121325577,0.8245645660533105,0.0,0.843554197311935,0.5555091055395419,0.29966753338572,0.22176586968293083,0.8138666195102874,0.0,0.7645104626094911,0.18179531553542008,0.13837326588092067,0.1627319621677215,0.5395911852237102,0.2441618013759861,0.0,0.19269342472626466,0.5567013646964094,0.5715041605582467,0.17118126109139062,0.4418165265460078,0.5568177280469784,0.0,0.12185698722847955,0.42037652682255955,0.7539661517458265,0.5995754302543492,0.25007544310781127,0.0,0.17896969046660682
0.4109049874004178,0.7364711952734622,0.4871877805528827,0.13809940530220913,0.5354480606177191,0.0,0.35434353794332113,0.46803248874215736,0.4931232735097762,0.5213385600616236,0.4777897688251255,0.414713105300027,0.7361945787605356,0.32551434833582954,0.2638488903323779,0.0,0.5787605781720977,0.25502092989142155,0.3645112823520166,0.42861053263940374,0.17223592067467372,0.37445436364445606,0.5840036120423284,0.0,0.7022655281768084,0.6900107651631453,0.6106530071068718,0.5293185701899841,0.7314330197665726,0.38916721886264805,0.05777664484530931,0.0,0.0,0.0,0.0,0.2210498281770243,0.0,0.0,0.0,0.0,0.0,0.03392082663851589,0.0,0.0,0.012812153490802641,0.30534890652418917,0.5614095342923745,0.4790255245593186,0.0,0.49425958082252286,0.5049483614336975,0.17550857616343604,0.38134849841494023,0.48389023322690083,0.1800830157054834,0.5015430902697791,0.2964715326401457,0.3978562511852618,0.2002739249878034,0.42556690604301933,0.37552852535761105,0.3030797887114364,0.3359506013041248,0.38812792320838874,0.351239349648224,0.09405785535128633,0.40429917602628607,0.44516275872752076,0.0,0.44761594688464723,0.5611308679238414,0.5813949940058458,0.3755035452713199,0.1148585639990826,0.0,0.13084900629176546
0.464750972097429,0.4044607412976309,0.39992860552341863,0.06974564483936393,0.5933739481951951,0.35434353794332113,0.0,0.0,0.5383882110009702,0.31521264365492463,0.42026204527148336,0.2900298087512761,0.41097737086116026,0.1892804072061247,0.11715292529669696,0.42307241714205707,0.21611439714846564,0.31135405313606934,0.2050560976643465,0.3870090349965105,0.03705043720576162,0.43884851937581754,0.13372310641211962,0.0,0.27851342029602844,0.2955198536696305,0.5690989471992073,0.38657891032764224,0.4531696002993507,0.29087725608849324,0.4090326722857279,0.020612748247305135,0.0,0.09194413350385676,0.0,0.15439757410839527,0.0,0.0,0.0,0.0,0.0,0.0,0.0,0.12177864951068776,0.0,0.39805926461602403,0.1564451335091478,0.42186380438383975,0.0,0.5309914965466344,0.42655713998726114,0.37625629123154514,0.0,0.47309612267911316,0.04595337151274087,0.35235851626692316,0.18186361755342473,0.3218605258429704,0.022255679907668163,0.25146276639462706,0.28003521617788946,0.09464909417577996,0.1868002484712412,0.2255215550763193,0.39187652841809395,0.06934431573944277,0.21554842494189397,0.1325795195612417,0.0,0.1575563353855733,0.24928801266107947,0.5755609460118012,0.5285261378671882,0.47842503672554043,0.14418079915350968,0.3034653699907369
0.026613581703614914,0.18007568770762977,0.5213351004533379,0.08040175345324724,0.37741742390844873,0.46803248874215736,0.0,0.0,0.3330049635335308,0.29679747414710195,0.5435280139880184,0.4660202221059976,0.24424329057494884,0.3162792135715034,0.48410559674365494,0.0,0.15281683737778545,0.0,0.5699698980540855,0.41558301115591834,0.5006564937665304,0.4144107934193423,0.7774462807691992,0.0756894059125428,0.09739277885065523,0.32297515563650614,0.3372318018115586,0.3919252755724606,0.27333097258017736,0.5217606184868476,0.06003820965623938,0.031982483323232766,0.0,0.0,0.0,0.15796151748389575,0.0,0.0,0.0,0.0,0.0,0.0,0.0768842880622167,0.0,0.0,0.05300623435341756,0.3720428864878367,0.414409625869673,0.26363472800257914,0.3406214561799492,0.08110670371444995,0.14068480331286246,0.8286088026141848,0.29696508476313455,0.16846044128689996,0.5205497043771228,0.19166023143490932,0.0,0.38598191573535445,0.542878368413845,0.17713521712307861,0.02987579493616277,0.08265353046235813,0.5376117915987763,0.28378987951317974,0.48645519635746426,0.49008677825829433,0.7451875391868693,0.0,0.20589833649519662,0.3133218219534587,0.13644732734540854,0.15282876396545791,0.0,0.0,0.0
0.407131626296096,0.4072186430131784,0.8197219204976176,0.0,0.905091632114251,0.4931232735097762,0.5383882110009702,0.3330049635335308,0.0,0.33813515073056,0.8182746283104119,0.3573280597129298,0.42890849662444597,0.3083306645240491,0.3747323593079919,0.24640837755465805,0.23417503792406344,0.24308230241841566,0.4607726565657912,0.5899750775376654,0.04923660682787523,0.6112667503892857,0.5207501133261485,0.0,0.24052892812491738,0.4621430865279273,0.7886046202659472,0.6337608396590224,0.43987646986720136,0.4988251950218267,0.24828136998483782,0.0,0.0,0.0,0.0,0.1773729296341321,0.0,0.0,0.0,0.0,0.0,0.0,0.0,0.0,0.0,0.40416830066023235,0.3175338454616059,0.850300739053035,0.0,0.8620737118835609,0.5191300810165772,0.38063068307781667,0.20613202568516753,0.9342433609085137,0.059881726639693794,0.7995438546636451,0.07880741477333042,0.22701715163683095,0.08608480870782474,0.6008546525238218,0.30380690654540043,0.13999446933143345,0.27636061055168637,0.5426986898436111,0.5919848930116002,0.17418363180328475,0.49964512978348985,0.570176306870134,0.0,0.1960866247075688,0.4118795285792453,0.7464520422390173,0.5908576927993594,0.2653516797213177,0.0,0.2241041469281116
0.289151939021258,0.441101584267832,0.2368319449692687,0.15281135389099842,0.28911546524597925,0.5213385600616236,0.31521264365492463,0.29679747414710195,0.33813515073056,0.0,0.21861497236499414,0.48692483963845024,0.5982497162810578,0.2992155307519418,0.21922607422088455,0.18558943385138787,0.5918547017315644,0.3708234003648512,0.1433603423161511,0.1521616526054332,0.27562251871987875,0.21407832952840647,0.26617028460721115,0.23730573102520247,0.6385337941517026,0.5129963345231098,0.28986871588903995,0.4296097483388794,0.49714703959664747,0.3544142958504406,0.35134614884581555,0.1872854082711432,0.016996526426298758,0.322720260259058,0.07367915728771257,0.11932932080880168,0.0,0.24877580696608884,0.03906445073453012,0.09795426184516688,0.013648900221860882,0.0,0.06542298874264126,0.0,0.23010108720494904,0.3188495130000525,0.45229391311309847,0.24667870032785322,0.1396411055467518,0.2650696776885436,0.16418821328297084,0.23948570823659618,0.1815531216329816,0.37443349759383115,0.3746255347854167,0.24035146741388802,0.2819072187377675,0.30757377118590634,0.21456554596435323,0.2815890191213224,0.270938155005193,0.21655228842627178,0.3280425154074179,0.15946296905532598,0.11509996874821132,0.21696144548977792,0.24048812798480806,0.2320408310493644,0.0,0.5166944473790734,0.46795663743428884,0.2539034006640535,0.2545639409377973,0.05232097952554443,0.0,0.06984976767998924
0.3485645972002293,0.35547372268848937,0.955135964143238,0.0,0.8218251072032058,0.4777897688251255,0.42026204527148336,0.5435280139880184,0.8182746283104119,0.21861497236499414,0.0,0.38078243120592187,0.34118040361169294,0.3225532137164653,0.5387353166757157,0.15428975339264112,0.11387681537073399,0.14980258640497982,0.8051835527394458,0.7530707288836949,0.17563109150913148,0.721541999576363,0.7247560086402912,0.0,0.12800188805214,0.41845167631019,0.7919309870564606,0.6347572665485549,0.41169072436716386,0.5939119036049001,0.1334208680648799,0.0,0.0,0.0,0.0,0.20263260344499495,0.0,0.0,0.0,0.0,0.0,0.0,0.0,0.0,0.0,0.295692810605933,0.2497757695338984,0.9197266638178616,0.0,0.7560589446230848,0.4279876118993826,0.19745438285070327,0.4003650674380285,0.7171049882704789,0.0,0.9282459354628423,0.1182452425064422,0.024012261377461708,0.17357096006443082,0.7275278236594911,0.25963581491708254,0.08953311940182063,0.21285986904451276,0.8297480390830083,0.6897809996951245,0.2160281893363632,0.596271167173325,0.6951257069073078,0.0,0.048462204152022154,0.33887348112755145,0.6268063137555467,0.5564249676419919,0.1933060496501021,0.0,0.15487814918187653
0.556914805726894,0.5045114905887145,0.37953472941013994,0.4056632645450484,0.4554560363750379,0.414713105300027,0.2900298087512761,0.4660202221059976,0.3573280597129298,0.48692483963845024,0.38078243120592187,0.0,0.5450375932607516,0.5587108623569752,0.05858561276970159,0.09797144232145415,0.0,0.0,0.34770291489325156,0.3076299478576111,0.22847345643999414,0.45565192622254685,0.3169533485839524,0.0,0.2253178928647,0.4993166609523969,0.22795667683267098,0.6108896595483877,0.4216334057951313,0.6119588561049086,0.2810469248047095,0.32898276551676264,0.0,0.23860008859292908,0.12026834897575647,0.2558827336999922,0.0695693216670504,0.0,0.09690825414758941,0.0,0.0,0.0,0.0,0.06676128794291912,0.0,0.5391643353729954,0.24471413067635472,0.36817016466213004,0.1064307925160574,0.3197547563737133,0.19500317413375096,0.13677814434749336,0.29402633188395155,0.27704756818870274,0.2936857614176054,0.3426895609523293,0.6457779410075132,0.03188530888810187,0.3250267955242268,0.3158367654862869,0.0,0.0,0.19548354240139443,0.2992871444668116,0.18356036662382197,0.3113055109651539,0.20796100976235715,0.34203530656213726,0.0,0.14210512572486095,0.4959677820106171,0.18549666570431272,0.2726425959073125,0.0,0.0,0.0
0.565787191597074,0.719749713265527,0.3846779673666937,0.3932046256662439,0.5396807313838095,0.7361945787605356,0.41097737086116026,0.24424329057494884,0.42890849662444597,0.5982497162810578,0.34118040361169294,0.5450375932607516,0.0,0.47076441815883846,0.0,0.03203893821157383,0.486240888712733,0.12580126137166703,0.17980100905728577,0.2992692591661789,0.0,0.2966423168559123,0.2918407432857209,0.018779477635278652,0.5740528108150482,0.6575442052236731,0.4301828007274975,0.7046861384344743,0.69256068228875,0.46961592456789003,0.2585899262129056,0.0755645613600185,0.0,0.1793043379103743,0.1100031210946875,0.37591582705233795,0.12967930880664044,0.04373102016136082,0.0,0.0,0.0,0.06249626651711791,0.0,0.03755466350962594,0.15002408002363699,0.5344515710502564,0.35966155658738186,0.42416405556868086,0.0,0.39035780135417963,0.41754918566166654,0.14500166820139992,0.08353050815512647,0.442824837499837,0.07503751564062788,0.3485758615876154,0.30312735575396754,0.39482070510202927,0.08302407643720137,0.2260813272900692,0.16189468889443445,0.06783994094544876,0.20520157916316312,0.21919693479863667,0.2326916888537615,0.0,0.1758712843790634,0.25535307392297835,0.0,0.3563751358605412,0.5655644089258921,0.4844917888933945,0.3889542448711842,0.19846264480415352,0.0,0.10063337721452117
0.46389154692016155,0.3374213311655354,0.3153974792428166,0.5226087347655239,0.4057298296296151,0.32551434833582954,0.1892804072061247,0.3162792135715034,0.3083306645240491,0.2992155307519418,0.3225532137164653,0.5587108623569752,0.47076441815883846,0.0,0.01639105446128644,0.053142710653622346,0.13330889594696446,0.0,0.27282212989022225,0.28087334787395785,0.11901921275951749,0.34450006163017455,0.24159722091808378,0.0,0.14145902794009563,0.31143820474313877,0.1729778071147386,0.5282980101212127,0.3845722309909779,0.5149992128864247,0.3309608845424036,0.250149242110357,0.0,0.18168643467339896,0.08615777371307405,0.5616434203034886,0.23176907141282715,0.0,0.14934834884062184,0.0,0.0,0.19499753514054768,0.10487209784573341,0.0326396743761974,0.0,0.5034608076289374,0.056352516742525186,0.30291237136603955,0.3530028113758812,0.27076460032853406,0.192172523919741,0.02769532652637781,0.12006157073001426,0.24659180417960097,0.0,0.30259162508740195,0.32571110115570157,0.0,0.5684475373211533,0.24259384179905685,0.0,0.0,0.1136638296713133,0.23852440037931405,0.14823708670001845,0.15066713277106922,0.12579836267276814,0.22015623648411586,0.0,0.0,0.31843226484019893,0.11252697209021185,0.2716024099039554,0.041284186783249056,0.0,0.0
0.0,0.05228213338225646,0.5415694972674036,0.0,0.29509480244086206,0.2638488903323779,0.11715292529669696,0.48410559674365494,0.3747323593079919,0.21922607422088455,0.5387353166757157,0.05858561276970159,0.0,0.01639105446128644,0.0,0.16896464549877546,0.22477667894912387,0.41850078237007515,0.587166412796845,0.7328899790155488,0.5382997399842153,0.6435130544467446,0.6303675756910566,0.11337554802753606,0.17527625593585994,0.20751602090819166,0.49859630417975015,0.36304755838452174,0.38906603380733634,0.45022023408109757,0.19622321702552004,0.0,0.0,0.0,0.0,0.09683754839807546,0.030476748851101756,0.0,0.0,0.0,0.0,0.0,0.0,0.0,0.0,0.0,0.36177080491702795,0.4649992479265054,0.06376761598319833,0.3911943523952587,0.07131422172350582,0.1931200542230211,0.4617183368190154,0.32377576873544,0.2643869269357862,0.5159068412819315,0.0,0.10210634921740408,0.20987409034233562,0.8607011781258767,0.553751714431195,0.45946811935170395,0.40346264851811764,0.5915866852793451,0.6386951333495867,0.4221100259760535,0.8366062196599877,0.5556980370064084,0.0749086198649425,0.2414818967536808,0.17813040685292905,0.26508737941394733,0.46452874886928053,0.0908260275579349,0.06134829928601804,0.3246316334118667
0.43442467159753473,0.21695391622102772,0.14256258186174287,0.0,0.2797146996912787,0.0,0.42307241714205707,0.0,0.24640837755465805,0.18558943385138787,0.15428975339264112,0.09797144232145415,0.03203893821157383,0.053142710653622346,0.16896464549877546,0.0,0.08699215855851722,0.5765753465358388,0.11674136109680247,0.23314695007337116,0.27322112563047696,0.44504921314570967,0.0,0.196333406206657,0.2158314623682835,0.1450005683961943,0.30762212196079786,0.12573829536663222,0.0584637226217577,0.09556110065087584,0.6634396107348242,0.06683581992046331,0.10454799233206821,0.27931918091887054,0.037046560896530314,0.2069077239960986,0.06839880955985903,0.0,0.0,0.0,0.0,0.008083115679178465,0.0,0.26760740293139523,0.0,0.34446024409848547,0.0,0.18379988874885286,0.0,0.20887136255944744,0.439353904459806,0.12497197280151864,0.0,0.19817728576878052,0.0,0.06045215767583044,0.0,0.13505691228444008,0.10817188452577016,0.2236387701310864,0.12768994076312673,0.0,0.25223336944395197,0.12235670367646655,0.3557081121688367,0.23337174222698798,0.11078044134461768,0.06750075650477724,0.0,0.07297830411927114,0.15346424564404035,0.37897006765951075,0.48711576362146597,0.6002297732831636,0.3399931956127719,0.3074788734511167
0.16600353763431783,0.4009388809136082,0.11906274335767522,0.0,0.17009232263868285,0.5787605781720977,0.21611439714846564,0.15281683737778545,0.23417503792406344,0.5918547017315644,0.11387681537073399,0.0,0.486240888712733,0.13330889594696446,0.22477667894912387,0.08699215855851722,0.0,0.46914762661419585,0.04597198773577846,0.17529868330736723,0.07691531272627852,0.1400794841523182,0.18615118537672465,0.30238090252436756,0.6295984928971947,0.5270776605509572,0.3039171106079169,0.26515123787637473,0.4321118711621648,0.10704437837117879,0.19800146166742263,0.0,0.0554436074535441,0.11476702506263176,0.0,0.2671105312662203,0.0,0.4308615857744778,0.0,0.2022906770522754,0.1876457285256136,0.0,0.02599226610914504,0.0,0.1897378967290408,0.11600314682854324,0.456874653708348,0.09889846146471112,0.06972176280917254,0.1464746792293997,0.23927763526798512,0.027721665535832718,0.10793941498514888,0.25138265413057315,0.0,0.13150550471964875,0.0,0.37587702291291725,0.12238004828994384,0.19209700140076186,0.2842869683968533,0.47948523038757584,0.25438331995443675,0.08212748528909253,0.1936411855834856,0.0,0.2785219752857625,0.04136642204812141,0.07775698455969049,0.46473715210093314,0.4314293566170899,0.29849383153935644,0.17715879287556316,0.05728578122695832,0.057795987642705826,0.1770155661298174
0.19763515627703127,0.2516196443483463,0.15001014398897994,0.0,0.21194389090277327,0.25502092989142155,0.31135405313606934,0.0,0.24308230241841566,0.3708234003648512,0.14980258640497982,0.0,0.12580126137166703,0.0,0.41850078237007515,0.5765753465358388,0.46914762661419585,0.0,0.1115853956643357,0.35250407925390687,0.21886611776474446,0.32572596685279953,0.13630043088295285,0.36141009072728314,0.5391810603291505,0.31063539568647597,0.4463123722114728,0.14373007221332684,0.31563101899670126,0.04682816953030289,0.3304873975777266,0.0,0.2465042232566695,0.059175923061043884,0.0,0.024032102815284936,0.038589867392453514,0.12272871666430517,0.0,0.0777227139787704,0.1700852925349759,0.0,0.0,0.070586004789415,0.10399973694471623,0.027443746451718376,0.2523892826562599,0.15453880426390534,0.0,0.2597725068464536,0.27356025079730883,0.17609795517948823,0.0,0.25682689327970964,0.2441949980630363,0.11628271847345793,0.0,0.347501143130204,0.0,0.33205958682649234,0.5480980274156939,0.5665836121255402,0.5801919048676485,0.11983412451218789,0.4573522022508743,0.08850198908648896,0.4084928332035088,0.05391961841917972,0.12685341749799098,0.33365289007407734,0.16864081513499002,0.40297095931054694,0.4752340348090349,0.4356945671410093,0.32960355228980054,0.5308385914424582
0.2385286733643936,0.2591409052703793,0.805791588324672,0.0,0.5010590781972096,0.3645112823520166,0.2050560976643465,0.5699698980540855,0.4607726565657912,0.1433603423161511,0.8051835527394458,0.34770291489325156,0.17980100905728577,0.27282212989022225,0.587166412796845,0.11674136109680247,0.04597198773577846,0.1115853956643357,0.0,0.7012440160465285,0.29138836637809207,0.6725894228480734,0.6724540775659673,0.0,0.08934574679124346,0.31744811397543365,0.5835341737533141,0.4651921225842929,0.3174982136721625,0.5647981925512637,0.1208830043264394,0.0,0.0,0.0,0.0,0.16350721259227122,0.03339293327754875,0.0,0.0,0.0,0.0,0.0,0.0,0.0,0.0,0.19043162936257013,0.12918421785908726,0.6947352319797885,0.020976400907198392,0.44464838319025524,0.2269926412591699,0.018617078726319403,0.41035400111107706,0.29790696563100216,0.0,0.7472154300906684,0.11666101664471687,0.0,0.22511689380473507,0.6640462656488677,0.15175194770981454,0.09884362306856946,0.1833416635486244,0.9410172943346992,0.6098485257028189,0.23666520097876548,0.5642356357694756,0.5592064478353791,0.0,0.0,0.21674947996292296,0.35173517601451076,0.4111314490299365,0.10971390491990095,0.04830879993455753,0.14186290153487974
0.3946649547007231,0.3831496279938761,0.7458111782182941,0.0,0.6163838631477594,0.42861053263940374,0.3870090349965105,0.41558301115591834,0.5899750775376654,0.1521616526054332,0.7530707288836949,0.3076299478576111,0.2992692591661789,0.28087334787395785,0.7328899790155488,0.23314695007337116,0.17529868330736723,0.35250407925390687,0.7012440160465285,0.0,0.3052382764005024,0.9014675442338731,0.6061730966196377,0.0,0.21334234382190553,0.45883209172445144,0.7500725458781728,0.6976994815246064,0.5630331491568643,0.6561612359647284,0.29373649902577226,0.0,0.0,0.0,0.0,0.32202996990524124,0.1575891864548366,0.0,0.0,0.0,0.0,0.0,0.0,0.0,0.0,0.31895083255843154,0.19632724434978172,0.6892645478021002,0.0,0.5503190252559553,0.3137425845271744,0.06020583213671521,0.29136857906802066,0.43654018775484627,0.06591829010069053,0.6581518715847321,0.1468976361103076,0.054859400212661835,0.1961125040626427,0.8190691753528103,0.4149924271406421,0.3354384089195956,0.4327258921210835,0.718559344793541,0.9034568326064454,0.28378768575731667,0.8302226711768917,0.48170122243235103,0.0,0.05638887492471603,0.34948135379821954,0.5217215104026418,0.7014282665681981,0.3350276816346699,0.09288398414461044,0.4435913284299836
0.15835421292672042,0.0,0.14640135968664916,0.0,0.08391939370994647,0.17223592067467372,0.03705043720576162,0.5006564937665304,0.04923660682787523,0.27562251871987875,0.17563109150913148,0.22847345643999414,0.0,0.11901921275951749,0.5382997399842153,0.27322112563047696,0.07691531272627852,0.21886611776474446,0.29138836637809207,0.3052382764005024,0.0,0.374960575660146,0.4573824265453195,0.13497643205525311,0.15944802793199966,0.08012685204907039,0.11387640772976754,0.1470254102457578,0.3277818688175489,0.3564976876890822,0.39809761153163414,0.22586081865560156,0.043219178936732106,0.19559143586246924,0.07456349962393849,0.05321217583230542,0.0,0.0,0.0,0.0,0.0,0.0,0.1378193168612661,0.0,0.0,0.18869942490203445,0.2903867679803709,0.09283903589002346,0.15873463609984761,0.1840097175811697,0.0,0.17455388936817728,0.42515716508717466,0.057987616808926445,0.29295623503878765,0.15675085203221928,0.09434746944713615,0.12479617005846222,0.339989740620425,0.4988379863569059,0.3971722423544619,0.10971874862594178,0.2453481230623146,0.25356173085646533,0.2114245797633869,0.772941548304536,0.4290613027516055,0.4374370122328862,0.0,0.2923546382090586,0.1731355131712454,0.0,0.21229831373464125,0.0,0.0,0.0
0.5635466485121151,0.4779860023114556,0.7162089425596755,0.0,0.6536568013648983,0.37445436364445606,0.43884851937581754,0.4144107934193423,0.6112667503892857,0.21407832952840647,0.721541999576363,0.45565192622254685,0.2966423168559123,0.34450006163017455,0.6435130544467446,0.44504921314570967,0.1400794841523182,0.32572596685279953,0.6725894228480734,0.9014675442338731,0.374960575660146,0.0,0.528651559306639,0.0,0.24760775885216704,0.514657074150744,0.6960278368353336,0.6693183031578233,0.4764644491546275,0.6540365210900201,0.40168764066808105,0.053184124025624585,0.0,0.0,0.0,0.4078295846425485,0.16900275412545326,0.0,0.0,0.0,0.0,0.0,0.0,0.0,0.0,0.49058793143541096,0.24829417421664268,0.6921985098632151,0.0,0.5529117539730285,0.44623905520154894,0.06452992352340761,0.26173570951504427,0.4572320423045315,0.09761075191749385,0.6240216593505485,0.20640472612016203,0.08485112565369055,0.2558213284724162,0.7845765758398118,0.3399881265420411,0.17967666604078214,0.3755325984389249,0.6865418964883339,0.8519431688399295,0.34183768119140545,0.7633985218942532,0.47242254719498533,0.0,0.10926086605330898,0.4850828024274388,0.5492651228341968,0.7239811241874802,0.4047261830157406,0.11471453124694178,0.32634025842842507
0.1625004942197472,0.30450582349307265,0.7272344975917799,0.0,0.5296666518462931,0.5840036120423284,0.13372310641211962,0.7774462807691992,0.5207501133261485,0.26617028460721115,0.7247560086402912,0.3169533485839524,0.2918407432857209,0.24159722091808378,0.6303675756910566,0.0,0.18615118537672465,0.13630043088295285,0.6724540775659673,0.6061730966196377,0.4573824265453195,0.528651559306639,0.0,0.0,0.31436179389455204,0.4004196508381275,0.6266540295494162,0.4825437559570195,0.4777988561186619,0.5572570007712987,0.0955912050577026,0.0,0.0,0.0,0.0,0.14535850024850044,0.0,0.0,0.0,0.0,0.0,0.0,0.0,0.0,0.0,0.14754898370303743,0.38312353894781215,0.6669291551535597,0.029498909635578274,0.541120793377454,0.2934686192169444,0.15525916124552328,0.7131877037330009,0.49458857946327617,0.1650403828339883,0.7399758849372664,0.17363512688110644,0.08866980598762148,0.2844290396253894,0.7189853144765037,0.3688144230822469,0.21160030266300056,0.23169108094361243,0.6731523096680149,0.5153536222170789,0.43242335704076906,0.6160640415434153,0.8726294691192799,0.0,0.2294668208930612,0.3586988517942589,0.43104003545614855,0.37563261572773793,0.0,0.0,0.05196057927435524
0.04336445079938844,0.11349250807040379,0.0,0.0,0.0,0.0,0.0,0.0756894059125428,0.0,0.23730573102520247,0.0,0.0,0.018779477635278652,0.0,0.11337554802753606,0.196333406206657,0.30238090252436756,0.36141009072728314,0.0,0.0,0.13497643205525311,0.0,0.0,0.0,0.23962417041666487,0.35614828685073624,0.0,0.021271898927180705,0.0,0.0,0.06140165607837708,0.0,0.46929662869430583,0.14124620654182418,0.04669844636526756,0.0,0.1315544936442378,0.39218694429066947,0.024570120561569653,0.33572164152533357,0.3652578040176061,0.0,0.02342505668082473,0.12494213079053884,0.41302892589173806,0.07016715976325733,0.12530338823924475,0.0,0.0,0.0,0.11671801831116033,0.0,0.18056467913884652,0.0,0.30324961292780167,0.0,0.10352847311659624,0.23333407124103256,0.0,0.0,0.05015284483429311,0.4692294101732046,0.34525971733079125,0.0,0.13989964571294194,0.03727644584925077,0.10847720066642369,0.02444601357985743,0.7073120758284848,0.21552349900353907,0.36033032238848284,0.0,0.1731033727505635,0.12607529019473718,0.3667886585753699,0.34705057134268413
0.47399022802555496,0.7208414826361446,0.16600015651577033,0.0,0.24019931061260008,0.7022655281768084,0.27851342029602844,0.09739277885065523,0.24052892812491738,0.6385337941517026,0.12800188805214,0.2253178928647,0.5740528108150482,0.14145902794009563,0.17527625593585994,0.2158314623682835,0.6295984928971947,0.5391810603291505,0.08934574679124346,0.21334234382190553,0.15944802793199966,0.24760775885216704,0.31436179389455204,0.23962417041666487,0.0,0.6789453263131814,0.39082161673485,0.3109673619359527,0.5951201853305246,0.20568875962106914,0.20766327184895206,0.0643562811587248,0.14240742320698013,0.23357600191859518,0.0,0.20836763970294508,0.0,0.2264296269410112,0.006292912939532658,0.26049637178135904,0.2559665796268964,0.08069662068345275,0.0,0.0,0.21206707185202162,0.3424595923081172,0.5660259277059455,0.2160096340971263,0.0,0.2307477145132157,0.37988105350576284,0.09345306151865435,0.06905005149177568,0.29576967868976956,0.314263635808595,0.193786735956442,0.25516170603725813,0.38957000422203986,0.04866928225003032,0.23798417700425978,0.42463109886796524,0.39778874900304395,0.43819503747550964,0.09786533146510973,0.25768661932804565,0.03889536368170676,0.29074318119066145,0.1561454695157681,0.10584957482473817,0.6335695228898193,0.5812971569326654,0.4441571029795411,0.2856263060212085,0.30551918362963626,0.046083063530513585,0.2525102926345328
0.6617437904481773,0.8008847798387055,0.43375695543568016,0.10801978035563115,0.4859843408763075,0.6900107651631453,0.2955198536696305,0.32297515563650614,0.4621430865279273,0.5129963345231098,0.41845167631019,0.4993166609523969,0.6575442052236731,0.31143820474313877,0.20751602090819166,0.1450005683961943,0.5270776605509572,0.31063539568647597,0.31744811397543365,0.45883209172445144,0.08012685204907039,0.514657074150744,0.4004196508381275,0.35614828685073624,0.6789453263131814,0.0,0.4709503988830431,0.6436777209869904,0.49773996143244653,0.4289075103495505,0.06131438504347261,0.0,0.0,0.07982983371858515,0.0,0.33580255871149206,0.14327247012981595,0.03609901993135309,0.0,0.09618141107782299,0.15909043870009354,0.0,0.0,0.03538780647283121,0.13912795954299575,0.5607472791941499,0.41886569073000224,0.4696913178185317,0.0,0.3662825523415857,0.5454192476469603,0.0,0.19446678243474885,0.41308817060315517,0.29671698052055245,0.40341274016545076,0.3996757802276597,0.3453740893602519,0.0,0.3766423710271496,0.1625040139485358,0.3706120801240759,0.5118114431672389,0.35266527270582126,0.48880828884765604,0.0,0.41512686303574126,0.30169444955850333,0.1449979027539427,0.33853932100357353,0.8602800211822017,0.4618510321369173,0.5266824978215583,0.24824306661531942,0.1335544415405875,0.26972576523395325
0.38300919215980994,0.4936219277382331,0.7963082733034638,0.0,0.7893106661113246,0.6106530071068718,0.5690989471992073,0.3372318018115586,0.7886046202659472,0.28986871588903995,0.7919309870564606,0.22795667683267098,0.4301828007274975,0.1729778071147386,0.49859630417975015,0.30762212196079786,0.3039171106079169,0.4463123722114728,0.5835341737533141,0.7500725458781728,0.11387640772976754,0.6960278368353336,0.6266540295494162,0.0,0.39082161673485,0.4709503988830431,0.0,0.537121165504123,0.5396703874537218,0.42735375618889304,0.2136909646785819,0.0,0.0,0.0,0.0,0.20282550509328046,0.0,0.0,0.0,0.0,0.0,0.0,0.0,0.0,0.0,0.2557334665835047,0.2844463495197741,0.7853694626355586,0.0,0.7316673947703556,0.45765055489978407,0.29217359964649275,0.2250929363072829,0.6784485414477431,0.0,0.7584078500044857,0.052485692479799534,0.1981061531827636,0.09903325615214137,0.6421383339771677,0.46014673482838164,0.2983176526664844,0.2803222260557502,0.635286738299785,0.7527140696737517,0.13342457295438903,0.6405062975061139,0.5086739160053753,0.0,0.1805051168862992,0.2958712657006766,0.8614977552653256,0.6191649765626764,0.3746366841273916,0.13383601272566267,0.3988305426555675
0.5420645959821812,0.5571838967321765,0.6839494379721882,0.3379088222457272,0.6736171032516169,0.5293185701899841,0.38657891032764224,0.3919252755724606,0.6337608396590224,0.4296097483388794,0.6347572665485549,0.6108896595483877,0.7046861384344743,0.5282980101212127,0.36304755838452174,0.12573829536663222,0.26515123787637473,0.14373007221332684,0.4651921225842929,0.6976994815246064,0.1470254102457578,0.6693183031578233,0.4825437559570195,0.021271898927180705,0.3109673619359527,0.6436777209869904,0.537121165504123,0.0,0.6387149081852287,0.7680269479125759,0.369806503602339,0.04069512431357805,0.0,0.0,0.0,0.4379091783215248,0.26110689428731265,0.0,0.0,0.0,0.0,0.0,0.0,0.0,0.0,0.5800590350034831,0.25795890424427054,0.6704929452230078,0.0,0.5643041288226782,0.3494806031646522,0.12272959473485909,0.1935529020815725,0.553251123639386,0.11788896430753493,0.5820985946564351,0.3273787023892216,0.18442987280578507,0.14951222079885762,0.6038354572579003,0.22103699919418585,0.11225956473927867,0.38039695883975216,0.4975141697692522,0.6014583699169195,0.20225043834604733,0.5469703830457581,0.45152062478102256,0.0,0.1760274894604974,0.581495912130954,0.4315386425719944,0.685197762121281,0.22903508202520217,0.0,0.24951416621239159
0.4612422215601819,0.5330350013328288,0.4250172182903471,0.28196024998196534,0.4549061825370212,0.7314330197665726,0.4531696002993507,0.27333097258017736,0.43987646986720136,0.49714703959664747,0.41169072436716386,0.4216334057951313,0.69256068228875,0.3845722309909779,0.38906603380733634,0.0584637226217577,0.4321118711621648,0.31563101899670126,0.3174982136721625,0.5630331491568643,0.3277818688175489,0.4764644491546275,0.4777988561186619,0.0,0.5951201853305246,0.49773996143244653,0.5396703874537218,0.6387149081852287,0.0,0.5722072835560242,0.36853966292314966,0.10459921532259017,0.0,0.08979742227759743,0.0,0.3124517355391525,0.040697236197516654,0.0,0.0,0.0,0.0,0.09493220881290013,0.0,0.0,0.0,0.4280779351897876,0.4111954149770884,0.43235275345711627,0.0,0.5035575610776382,0.18346237253800338,0.2711490550232304,0.13526296060603793,0.412328786962173,0.22285283869104566,0.43031095375190287,0.30154251156443196,0.3448329635709288,0.26882891940585346,0.5697984047822375,0.5778912018756591,0.2510745809556142,0.4374329636908666,0.314332937320408,0.4293275965743268,0.3089088217121138,0.547143858840408,0.309520598097774,0.0,0.4044732492349003,0.4128628068340744,0.404824525526146,0.4838413089724961,0.24990735425521915,0.0,0.2714332575676309
0.41925384942505894,0.4087410443299976,0.6106958705078012,0.2990851677218145,0.5497362743548831,0.38916721886264805,0.29087725608849324,0.5217606184868476,0.4988251950218267,0.3544142958504406,0.5939119036049001,0.6119588561049086,0.46961592456789003,0.5149992128864247,0.45022023408109757,0.09556110065087584,0.10704437837117879,0.04682816953030289,0.5647981925512637,0.6561612359647284,0.3564976876890822,0.6540365210900201,0.5572570007712987,0.0,0.20568875962106914,0.4289075103495505,0.42735375618889304,0.7680269479125759,0.5722072835560242,0.0,0.3963254350157218,0.19520023464274017,0.0,0.07050997115393509,0.0,0.3292055008959536,0.21528240957154993,0.0,0.02439644829318613,0.0,0.0,0.0,0.0,0.0,0.01888480901033579,0.5256838402964348,0.35759020428937016,0.570055663528262,0.07690498253155928,0.46306518385813644,0.11012715926906723,0.14860198184456014,0.3797898124515409,0.38297787579149856,0.21244790556022994,0.5537735382741147,0.37426552503917576,0.0,0.36056558694391383,0.5989867536436009,0.35185981676097383,0.024620056728266587,0.3652605418483273,0.5347973165208382,0.4677087662319813,0.49119068943645205,0.5772139843475708,0.5356508919314737,0.0,0.23950272239707487,0.4700113183911321,0.2467344154495767,0.49290386100803774,0.04592004844026462,0.0,0.08122684252026405
0.3767213746835611,0.11065343807920708,0.15987395631182375,0.19239443258822364,0.26969516787610187,0.05777664484530931,0.4090326722857279,0.06003820965623938,0.24828136998483782,0.35134614884581555,0.1334208680648799,0.2810469248047095,0.2585899262129056,0.3309608845424036,0.19622321702552004,0.6634396107348242,0.19800146166742263,0.3304873975777266,0.1208830043264394,0.29373649902577226,0.39809761153163414,0.40168764066808105,0.0955912050577026,0.06140165607837708,0.20766327184895206,0.06131438504347261,0.2136909646785819,0.369806503602339,0.36853966292314966,0.3963254350157218,0.0,0.2451746151181601,0.0,0.3873361583555932,0.20204187836081303,0.4489221411081859,0.2154570116825424,0.1468106500707329,0.022021750898792186,0.0,0.0,0.057918600269108556,0.13562020127737076,0.03869291252492267,0.019914121322291534,0.44840258867810867,0.04289855762239583,0.1816514056273818,0.16081277581484404,0.24507263174434032,0.1480499804582726,0.25448284140089494,0.0,0.23242743485376732,0.0,0.09480098222258415,0.0,0.11095004147027693,0.36090809766544585,0.3095192934968794,0.19386409535378332,0.0,0.23706848439244338,0.10559057774545072,0.27728459056524013,0.44399908464197324,0.19680218068775754,0.13547389469810683,0.0,0.18688827107067688,0.15920029484045925,0.191980723880638,0.44328788043202316,0.43867622018963737,0.08133927378926628,0.2360095164641683
0.2117306427112846,0.04307100972774683,0.0,0.32820786464768037,0.0,0.0,0.020612748247305135,0.031982483323232766,0.0,0.1872854082711432,0.0,0.32898276551676264,0.0755645613600185,0.250149242110357,0.0,0.06683581992046331,0.0,0.0,0.0,0.0,0.22586081865560156,0.053184124025624585,0.0,0.0,0.0643562811587248,0.0,0.0,0.04069512431357805,0.10459921532259017,0.19520023464274017,0.2451746151181601,0.0,0.05489899366021661,0.36289919206726856,0.3108800064680527,0.08133881703049127,0.10873082034328628,0.0,0.7101417309085337,0.1256041459826894,0.07732910747977242,0.20189998618954805,0.2546404731452294,0.0,0.0,0.3301026569184792,0.06610863116044455,0.0,0.11173173951852397,0.0,0.0,0.10654416463752751,0.04806660490549394,0.0,0.2736272453893131,0.0,0.2041981852429958,0.050529612280967584,0.20906387892260475,0.0373993828696306,0.026796713285403922,0.0,0.08936352456818375,0.0,0.0,0.2779166312952909,0.0,0.0,0.0,0.09970968386129418,0.10163321779915521,0.0,0.0,0.0,0.0,0.0
0.0,0.0,0.0,0.0,0.0,0.0,0.0,0.0,0.0,0.016996526426298758,0.0,0.0,0.0,0.0,0.0,0.10454799233206821,0.0554436074535441,0.2465042232566695,0.0,0.0,0.043219178936732106,0.0,0.0,0.46929662869430583,0.14240742320698013,0.0,0.0,0.0,0.0,0.0,0.0,0.05489899366021661,0.0,0.321269892730532,0.18272541194351255,0.0,0.0,0.2614362624510061,0.11445848366677538,0.6198495383718662,0.5713114233892476,0.020525971054190725,0.11917929768042722,0.13518556228931006,0.2999372444321438,0.0,0.02149235938300942,0.0,0.0,0.0,0.0,0.0,0.0,0.0,0.27105756191606106,0.0,0.0,0.2292923079059186,0.0,0.0,0.046255102003661897,0.2514228719717794,0.11400589328782638,0.0,0.0,0.0,0.0,0.0,0.511246830897533,0.15989379985295052,0.0,0.0,0.0,0.07505327572517845,0.2673811393726439,0.11915685943041318
