0.0,0.747815827529716,0.34466074231627464,0.23040048926961154,0.5483612920561445,0.41599362186534633,0.471046912030212,0.021459696176384407,0.4256663256353807,0.28965410157121463,0.3492828816479886,0.5599562942325486,0.5635346287811438,0.4758510855385323,0.0,0.4395090560590511,0.16999318670525151,0.20927648016879982,0.239509913628626,0.41446754890151294,0.17280302723368546,0.5759662638147021,0.15786190920308074,0.0413927805759704,0.4810686233066022,0.6614515448248518,0.38673124146065097,0.5593301113638458,0.4579046122196756,0.4204659361157979,0.3721582750637448,0.20453460311871652,0.0,0.17825868820157786,0.0,0.43922967927817114,0.18725053941006187,0.0,0.07734521105829466,0.0,0.07633661587152119,0.16420263177841998,0.0,0.2041546444257702,0.0,0.7738785042446831,0.10475092568743052,0.428470268058226,0.0,0.4098843857949669,0.6053030589556925,0.03478767055592741,0.0,0.35551502712671257,0.04882220938047266,0.3111366323997384,0.41580821623366815,0.1683396675788532,0.07252036131547304,0.26327644439215603,0.01434615026927949,0.0,0.32170244882556404,0.262414243440911,0.4557622724127635,0.12836254789034074,0.20658267799751026,0.07523499448571108,0.0,0.0717259743643685,0.6147749765858073,0.4719783854082814,0.5738099142428407,0.512253589220027,0.16338121218525337,0.260464072220214
0.747815827529716,0.0,0.3707871136445936,0.07949040137353627,0.5125936020187771,0.7402079898675517,0.4188690985449649,0.17960531359996626,0.42548830845418983,0.447271327938611,0.3621694487026454,0.49586737378021817,0.7262336026863863,0.3571084268515732,0.041150401148899896,0.21187928461058653,0.41038469868492855,0.26839664854354256,0.25886394050525247,0.39419865142739025,0.0,0.482926201459155,0.3083004106372817,0.12514231442466603,0.7326028650048273,0.8066945373110084,0.5065454653346636,0.5764394162049818,0.5610920855748671,0.41104511122600695,0.10783439961418255,0.03748612087940878,0.0,0.1297212497766743,0.0,0.2686388383725293,0.0,0.0,0.0,0.07395783477898848,0.12070928080939825,0.02105842464721374,0.0,0.09796330824431931,0.059874444940735905,0.5660060901985557,0.4951863254969473,0.41847629844873735,0.0,0.30827261106642856,0.5990935519587028,0.0,0.07367908161478412,0.366163687736156,0.1501611516762755,0.326855563916915,0.4208762822952189,0.31317461545180425,0.0,0.22141564361929475,0.15962399634566213,0.17293864335472248,0.28971667478544744,0.27152990385290077,0.36495932523373004,0.0,0.237528444683561,0.22375247093988399,0.0,0.3615553337420069,0.6959782816482516,0.5733077337927652,0.46099459867214876,0.3090232597912583,0.0788303402870337,0.17389113974336745
0.34466074231627464,0.3707871136445936,0.0,0.0,0.784860607834998,0.4801547035875407,0.3976773919327799,0.5330315324382607,0.8248696970740981,0.24481359191969637,0.9563929138752081,0.3844378914919619,0.3775880669922063,0.30402888462438604,0.5418835804482406,0.14538908595623531,0.12867028333577563,0.1609778594583659,0.8077187357083185,0.7499126745940554,0.1544942358373503,0.714736171445867,0.7325006308160661,0.0,0.17577291019725116,0.44276847149029175,0.7900916154486538,0.6935801185993726,0.4229476056757815,0.5983062239489598,0.15802460287311884,0.0,0.0,0.0,0.0,0.1787528545830217,0.032483030082582826,0.0,0.0,0.0,0.0,0.0,0.0,0.0,0.0,0.31248833833114464,0.21566450112220356,0.9563471800166407,0.0,0.7290046460101958,0.42466149374332646,0.20929178716127755,0.38269289967911607,0.7375641831072279,0.0,0.9272309428900549,0.10216036385721236,0.014924427316253819,0.10681431644110256,0.7416862258796235,0.26692058907298544,0.09698995111042152,0.24688997782582067,0.8394145922665561,0.6874295983716425,0.19360504745551343,0.5896111971106369,0.720776730011931,0.0,0.053681073813255153,0.35005310535115464,0.6309668465297614,0.592934582976294,0.21272003559412572,0.0,0.1789293233852375
0.23040048926961154,0.07949040137353627,0.0,0.0,0.06493546091332786,0.14291380158827038,0.06935952507726417,0.08703092911765428,0.0,0.1484205637566685,0.0,0.4090083450292962,0.40628705756145733,0.5321786015081881,0.0,0.0,0.0,0.0,0.0,0.0,0.0,0.0,0.0,0.0,0.0,0.1089876025505536,0.0,0.34587263868697354,0.2743188393735517,0.3095259916112013,0.2099649179973161,0.33299003302690355,0.0,0.20091844111911397,0.27154811071743035,0.30050591591561227,0.2030619395844077,0.0,0.29768398311044353,0.0,0.0,0.05179932384585461,0.13862724493211248,0.07304326481061402,0.02863213417534357,0.3745248037303705,0.0,0.0,0.31620931889686715,0.0,0.0,0.05354233579935061,0.0,0.0,0.07930910984838181,0.0,0.286475372217198,0.0,0.2698723047014507,0.0,0.0,0.0,0.042347088984565524,0.00903274472467569,0.0,0.10015940787642529,0.0,0.0,0.0,0.0,0.15918045891299568,0.0,0.023507754365568345,0.0,0.0,0.0
0.5483612920561445,0.5125936020187771,0.784860607834998,0.06493546091332786,0.0,0.5269532265962337,0.5954582407381673,0.3742761039039505,0.90556519049432,0.30357025159831635,0.8169934830658139,0.4577390636379719,0.5387755103688592,0.40727313448487107,0.2971072412818748,0.287009215299931,0.18096273086129488,0.2189298609217733,0.49403883219758826,0.6156920189039303,0.0846905039727952,0.6511076674840371,0.5256967122044972,0.0,0.24851520682074377,0.5113577626791397,0.7854887162262798,0.672131581821419,0.45050754026306483,0.5441475747042434,0.274793621407923,0.0,0.0,0.0,0.0,0.2943501413803125,0.029079532490325452,0.0,0.0,0.0,0.0,0.0,0.0,0.03996422345279706,0.0,0.4495242677278547,0.2798386899217922,0.8247246082935702,0.0,0.8323321249201039,0.5660603417550101,0.2994602371303133,0.21925203412988184,0.8066640387175342,0.0,0.7742633431428256,0.18206497395367502,0.1363112530755636,0.16890731478505763,0.5424917555894709,0.24613156306964362,0.0,0.1903382013393537,0.5333851062136477,0.5725202445504113,0.16294434015986842,0.44115108865872327,0.5605724793911823,0.0,0.11988943692062888,0.41644768961306855,0.7517559316487895,0.5968118491488202,0.2463530206650306,0.0,0.18413485355336828
0.41599362186534633,0.7402079898675517,0.4801547035875407,0.14291380158827038,0.5269532265962337,0.0,0.3458727666794035,0.4665095010981126,0.4822415294537271,0.5198033709760457,0.47372491062301797,0.4251625739059108,0.7384819987781993,0.3209478108496653,0.25894439227148774,0.0,0.5787753450077696,0.2719831158012414,0.35341075987052295,0.43009233091592186,0.16370695305031877,0.3723542567927211,0.5805627109180604,0.0,0.7170224884154622,0.6947201260456702,0.6075537249428457,0.5383622940768944,0.731614167350265,0.3774049416465867,0.052063206493955794,0.0,0.0,0.0,0.0,0.2026203986503435,0.0,0.0,0.0,0.0,0.0,0.03656708024701411,0.0,0.0,0.011522663839847874,0.30924099299558305,0.5715471152376229,0.4618516104697469,0.0,0.48522793586305507,0.506345474344181,0.16380842295937734,0.36986935718440994,0.4760571192562165,0.1778338314671589,0.4964895623084873,0.299206687639339,0.38994323470753006,0.2152611352472507,0.4267458071774662,0.375404154575841,0.2949465590664655,0.3334363957373665,0.3734376173751235,0.34868981073323635,0.07855318391542854,0.41150368767001766,0.4379676002660893,0.0,0.43940765363502116,0.5554594721617717,0.5840282096555155,0.37213106723616174,0.10939348934815835,0.0,0.1298998728857776
0.471046912030212,0.4188690985449649,0.3976773919327799,0.06935952507726417,0.5954582407381673,0.3458727666794035,0.0,0.0,0.5391278200989493,0.3322932982518829,0.4140227395197413,0.2921526804109119,0.41240783502120154,0.1922710388562683,0.11657383873502834,0.45281033448064667,0.22675375304883572,0.3339755715030418,0.20102948089068473,0.39337746491279013,0.03335506097983498,0.4501692944419794,0.1212164181362747,0.0,0.29560792007763176,0.31344435578597835,0.5701095090932695,0.39191546003982536,0.4543891744494493,0.28093128135627543,0.41658625048814435,0.019830285638433226,0.0,0.09482267218367421,0.0,0.1478650272865242,0.0,0.0,0.0,0.0,0.0,0.0,0.0,0.12445197684469128,0.0,0.4137415659897692,0.15450461891037034,0.41230653626522773,0.0,0.532714043071632,0.41841403993710613,0.3731778472798526,0.0,0.46557422607682647,0.05375151902956293,0.35455231307506635,0.18556375772030193,0.30773363486123945,0.016375401622994723,0.2500453510846912,0.2922895399490799,0.08331083378062867,0.18653500903030668,0.21589756208429084,0.39042486449066494,0.059322008644302926,0.22033918391879695,0.12429987749984289,0.0,0.15925190484867668,0.25081124821560397,0.5705294865075892,0.5183900537885066,0.4783713479397192,0.14765526083571967,0.32961198093399025
0.021459696176384407,0.17960531359996626,0.5330315324382607,0.08703092911765428,0.3742761039039505,0.4665095010981126,0.0,0.0,0.3438473313769912,0.3010225004528112,0.5461869201751754,0.48163510221280714,0.24780509666730366,0.31418290406330984,0.49015756246211095,0.0,0.15519645296083018,0.0,0.565955538819641,0.4163882116975869,0.48653505514784956,0.41691598127327856,0.7770214291957446,0.061564927114842405,0.1004968229456581,0.328029872531172,0.34005898231043313,0.4204597297747382,0.26306539518498434,0.5202726325128699,0.05701149639004785,0.021799615463088257,0.0,0.0,0.0,0.15572568668676284,0.0,0.0,0.0,0.0,0.0,0.0,0.07454346453083169,0.0,0.0,0.0461008792729445,0.37013836885757734,0.4182827381149672,0.25786485725366515,0.3431995582461538,0.09227016027277313,0.12755784268289544,0.8317109766354136,0.3068218901639994,0.16207825077636556,0.5195514721153371,0.18473973516509717,0.0,0.38840151194342576,0.5436165421902223,0.18400221235031536,0.023876192317341755,0.08167276554509352,0.5351196854623248,0.2870678094153335,0.483703576409636,0.5015682535454948,0.745478638410412,0.0,0.19330328683725273,0.30298106212541487,0.13962353630034427,0.15490178419234776,0.0,0.0,0.0
0.4256663256353807,0.42548830845418983,0.8248696970740981,0.0,0.90556519049432,0.4822415294537271,0.5391278200989493,0.3438473313769912,0.0,0.3531503852882505,0.8216057150066451,0.36249054236719636,0.42739411650134895,0.30601574141755405,0.39080026208255847,0.26181964117028894,0.24959339388750532,0.26073371564698206,0.4586144308400386,0.6035342526970624,0.047671172876090906,0.625236706685599,0.5251483482201321,0.0,0.2570284443337326,0.4805551095312091,0.7873111788893006,0.6463415697795016,0.4476475335787821,0.498282706571904,0.2563590540511163,0.0,0.0,0.0,0.0,0.15783232323318322,0.0,0.0,0.0,0.0,0.0,0.0,0.0,0.0,0.0,0.4284046367576164,0.32660753400271797,0.8517616965362126,0.0,0.8632287972570096,0.5160901258990214,0.36825672850547575,0.20466227263489659,0.9328853864771603,0.059060614216845775,0.8006902818425317,0.08040557011808377,0.2176879566289405,0.08850046569088632,0.6161537870825693,0.3062665565442334,0.13287408811415058,0.27425148304419167,0.5327142922795339,0.5969248043822174,0.1738584987803037,0.5110645017295079,0.5820353504349867,0.0,0.192004277661581,0.415625538322389,0.7462883887027909,0.5969440879726606,0.26325012192656383,0.0,0.22669715808926036
0.28965410157121463,0.447271327938611,0.24481359191969637,0.1484205637566685,0.30357025159831635,0.5198033709760457,0.3322932982518829,0.3010225004528112,0.3531503852882505,0.0,0.23261452012347844,0.48561331938194485,0.6126819578639113,0.3071746991830852,0.22430858043275162,0.18144874241020525,0.6014476132728557,0.37020046505002313,0.1470653416951741,0.16359776057194372,0.27005370457875677,0.21766818970323315,0.2689841573275448,0.21917304220423042,0.6426706587633875,0.5172504815697594,0.2973486866190895,0.43860473129917193,0.5156966487920853,0.3493535601330302,0.3543685050813838,0.1807195943519617,0.024626463045828467,0.3406505520856577,0.07429736313532959,0.11446762322150775,0.0,0.2635628029227189,0.04023181114215117,0.0994536624123587,0.013683438879434018,0.0,0.07488832265860652,0.0,0.2348984334284643,0.3207098886404228,0.4521784058810566,0.25044447269254516,0.13388718059006668,0.2711896998496023,0.15522986882832995,0.2418099472338836,0.18809604379262662,0.38265409761763536,0.3636338231955389,0.2524580403428889,0.26752040126174503,0.3065138974587117,0.22014468474374832,0.27822312354866435,0.26354250380049943,0.2029134050618891,0.3154600637086263,0.1653185123467183,0.12194397346614394,0.2141823472093361,0.24341918384910322,0.23456995115698792,0.0,0.505285421308941,0.4619760899440541,0.25755586211194204,0.2516067658048123,0.051926555083685655,0.0,0.06331417271706938
0.3492828816479886,0.3621694487026454,0.9563929138752081,0.0,0.8169934830658139,0.47372491062301797,0.4140227395197413,0.5461869201751754,0.8216057150066451,0.23261452012347844,0.0,0.39388389305138344,0.34153081760551357,0.32084310926929144,0.5400386914467933,0.1608762831834262,0.1252511944909725,0.16187333481177604,0.808654023589913,0.752282872853051,0.1825610677648989,0.715701968179959,0.7183533887907236,0.0,0.1392993169017303,0.43423535794309615,0.7798434489445636,0.6414289458906907,0.4091180704224307,0.5877407832889705,0.13612832942403755,0.0,0.0,0.0,0.0,0.18452882569164056,0.0,0.0,0.0,0.0,0.0,0.0,0.0,0.0,0.0,0.3033526219542543,0.2525367198428012,0.9158154136783747,0.0,0.7426471516588175,0.43711168124779753,0.191857482088981,0.40303529333737165,0.7118721125374955,0.0,0.92446744272956,0.12359824952553342,0.02074301508547738,0.16749293847313257,0.7284256167324275,0.2577207415235926,0.09339960590176578,0.216831689826664,0.8201929402547473,0.68838749669351,0.21700142787002508,0.5969883250307364,0.6986928754345085,0.0,0.043429482026006966,0.34131087719210723,0.6221114577052274,0.5569446203262329,0.1901087614267589,0.0,0.15896735044192348
0.5599562942325486,0.49586737378021817,0.3844378914919619,0.4090083450292962,0.4577390636379719,0.4251625739059108,0.2921526804109119,0.48163510221280714,0.36249054236719636,0.48561331938194485,0.39388389305138344,0.0,0.5584640355168197,0.5775346329863342,0.050954850154750125,0.09304324123803591,-0.017797926629765703,0.0,0.34393427533956744,0.30682986989791716,0.2211507015843412,0.4501592435873938,0.3207549167248041,0.0,0.22445370745278975,0.49613887902315373,0.23020314642655196,0.6159682406351908,0.43680733354344803,0.6212165135547805,0.2855156909775248,0.32561262096372623,0.0,0.26841694356990464,0.14981565587265858,0.26063869282079555,0.07409938943849921,0.0,0.10650289123537596,0.0,0.0,0.0,0.0,0.06082614342054446,0.0,0.5298753949864045,0.23383024326127982,0.3619743120286594,0.10133849612373133,0.3210009948590082,0.1978386567249989,0.1395465253586205,0.2990590358650139,0.2791236777025707,0.2925104899513725,0.34175886477075096,0.6565236734089916,0.04026079352817108,0.32681827772159755,0.3009707420729548,0.0,0.0,0.18620136576785956,0.28936127359467995,0.1739419610191954,0.3006400510411944,0.200887169025811,0.3461539293956664,0.0,0.1317382865787981,0.4909429736088328,0.17900344346265987,0.26924429528476246,0.0,0.0,0.0
0.5635346287811438,0.7262336026863863,0.3775880669922063,0.40628705756145733,0.5387755103688592,0.7384819987781993,0.41240783502120154,0.24780509666730366,0.42739411650134895,0.6126819578639113,0.34153081760551357,0.5584640355168197,0.0,0.4808044113619977,0.0,0.047681806788895775,0.5048776564789166,0.1540075925945824,0.1743180508436445,0.30310118835030286,0.0,0.29962025190893915,0.279008350798307,0.03172072143849963,0.5933613804150469,0.6607917360811757,0.4305756797201452,0.7100885210170353,0.6958269656365595,0.4510842062402383,0.2583279091196939,0.060741670483851845,0.0,0.17785458791032194,0.11998946493299276,0.3536183812268772,0.13071052929475718,0.044413866661640294,0.0,0.0,0.0,0.06576594088848489,0.0,0.02873464248664201,0.16038398185522137,0.545437398552673,0.3576264709293488,0.4157829243291281,0.0,0.38650572839168706,0.4121273485299454,0.13998094764939406,0.07462310183365906,0.4332485029214627,0.07463693218631384,0.342986650153021,0.30338412136313975,0.38277782228403756,0.08128014548872041,0.21846646683876111,0.16068526069279018,0.06707069155917411,0.20340768679204901,0.20474852223265935,0.22918463144718154,0.0,0.17697425123742716,0.25430549343656383,0.0,0.34609073998232087,0.553910443416921,0.48610095353771965,0.38356292948121135,0.18928611639488813,0.0,0.10328327580317852
0.4758510855385323,0.3571084268515732,0.30402888462438604,0.5321786015081881,0.40727313448487107,0.3209478108496653,0.1922710388562683,0.31418290406330984,0.30601574141755405,0.3071746991830852,0.32084310926929144,0.5775346329863342,0.4808044113619977,0.0,0.013063350228692122,0.05833084938323055,0.13914244976829465,0.0,0.26194956906658273,0.2826525469783501,0.10779823439130012,0.35268438878749003,0.23972451453232957,0.0,0.1574918166255781,0.31955362273381654,0.17072961711626083,0.5516338795674247,0.38649555463576873,0.5334042740435567,0.3485344181765043,0.2558985596828687,0.0,0.19742054047465415,0.09561405779321104,0.5608041817005183,0.23708878302229255,0.0,0.1541073405599641,0.0,0.0,0.20159974074387238,0.10375288876634398,0.030706195609680048,0.0,0.5134895059169919,0.057486550910051865,0.2944960858228367,0.3518023603600292,0.27504362958280026,0.19354934281570513,0.028645545157251026,0.11608613491922233,0.23798236622807115,0.0,0.30517119161662154,0.32828698896233466,0.0,0.571861390571399,0.23975041019181603,0.0,0.0,0.10904388876213611,0.22379130938670358,0.1409319363101107,0.1401064677032299,0.11996632404769013,0.22097725844338145,0.0,0.0,0.3173960303254675,0.11198800751320317,0.26821658580605934,0.04021177770522644,0.0,0.0
0.0,0.041150401148899896,0.5418835804482406,0.0,0.2971072412818748,0.25894439227148774,0.11657383873502834,0.49015756246211095,0.39080026208255847,0.22430858043275162,0.5400386914467933,0.050954850154750125,0.0,0.013063350228692122,0.0,0.17532960319102983,0.23988353762986814,0.4473290774794898,0.5833578644691808,0.7269022634604182,0.5542578484597026,0.6422326582160642,0.6401659681772219,0.10610955777768416,0.18015295267791476,0.20761536412329706,0.4988623017778787,0.3713948370961672,0.38889403150339596,0.44692011447545077,0.19984638457781212,0.0,0.0,0.0,0.0,0.08679627053406039,0.023867468913271128,0.0,0.0,0.0,0.0,0.0,0.0,0.0,0.0,0.0,0.366503247284895,0.4630046466029162,0.059303162632096326,0.38804688114878283,0.06894460342624187,0.19389493869021415,0.4655070576353115,0.33620934383860945,0.26617685758179915,0.5183895136653229,0.0,0.09985063181276199,0.21130692245892346,0.8646419861079842,0.5725349262167181,0.47096717396946663,0.40775899673318683,0.5844520774607193,0.6327683883045285,0.44201423222419967,0.8412396614713054,0.5679217750435233,0.07574156120966845,0.23670681687191666,0.17774958900901353,0.2666601729932407,0.46358768761094954,0.09969276897644308,0.042574177101708854,0.3312586643259116
0.4395090560590511,0.21187928461058653,0.14538908595623531,0.0,0.287009215299931,0.0,0.45281033448064667,0.0,0.26181964117028894,0.18144874241020525,0.1608762831834262,0.09304324123803591,0.047681806788895775,0.05833084938323055,0.17532960319102983,0.0,0.08288297968614061,0.5778226820001001,0.11991598400828721,0.2515452260813911,0.2943213739141419,0.4531192309451853,0.0,0.18217448533620095,0.21157015168386872,0.13279082387309477,0.3204974242626521,0.13964498499667882,0.07686082724635812,0.10640182117403627,0.6757734005545792,0.05602025226826082,0.0993968753641806,0.29793195360965097,0.0424014747199805,0.20512642953430654,0.06065732384134416,0.0,0.0,0.0,0.0,0.007270846486785609,0.0,0.2735069386941506,0.0,0.3570920644740263,0.0,0.18173577967397847,0.0,0.21135954567195497,0.4313148936956962,0.12290905954491102,0.0,0.20812277258354278,0.0,0.06430367338987392,0.0,0.1303214969631943,0.12884715652040502,0.22637721294906418,0.12657307881497348,0.0,0.237676037598066,0.12571057958129095,0.3603517918138147,0.24885399128701402,0.11069624298188963,0.0630325392893038,0.0,0.06546170538771551,0.1300001176799247,0.38599011719858667,0.487932452305429,0.6114453379041056,0.34220431149900493,0.3010866873995798
0.16999318670525151,0.41038469868492855,0.12867028333577563,0.0,0.18096273086129488,0.5787753450077696,0.22675375304883572,0.15519645296083018,0.24959339388750532,0.6014476132728557,0.1252511944909725,-0.017797926629765703,0.5048776564789166,0.13914244976829465,0.23988353762986814,0.08288297968614061,0.0,0.47664952269839955,0.052358178498714214,0.192175673057012,0.08317613817308353,0.14053119174828382,0.19059684489975642,0.290523645920698,0.6417967135553109,0.5305425994378592,0.3207621515740979,0.27592131547554194,0.47465313214796423,0.1035172610516542,0.20675474251871728,0.0,0.056006612816439844,0.11710942064306483,0.0,0.25779162074080525,0.0,0.4675182815036717,0.0,0.2142501370155646,0.19824067590128108,-0.006806925854530313,0.03797464828399255,0.0,0.2036330216970907,0.12435212999634532,0.46743254340283746,0.10178034762487101,0.0710693414089346,0.14893937423123665,0.23652366267896735,0.031554735269606005,0.11009517036335012,0.2663354439113542,-0.00023975270739351462,0.14178826724255938,0.0,0.38437589837919606,0.14294952252619703,0.19387358091189405,0.2950767490808843,0.4547110026657265,0.24482391613609972,0.0882311317669433,0.19938690753406935,0.0,0.28857177789822847,0.04809929591876641,0.07297318811400477,0.46546894397910815,0.4285591604225454,0.31075347999547165,0.18501953572841318,0.057569014059966866,0.04559719216935387,0.18162202698481805
0.20927648016879982,0.26839664854354256,0.1609778594583659,0.0,0.2189298609217733,0.2719831158012414,0.3339755715030418,0.0,0.26073371564698206,0.37020046505002313,0.16187333481177604,0.0,0.1540075925945824,0.0,0.4473290774794898,0.5778226820001001,0.47664952269839955,0.0,0.11396876972517783,0.38596571951762326,0.240277839872084,0.33228739482281455,0.1458134536150263,0.35677941021686616,0.5405758130244895,0.3114383493493621,0.46885701756011955,0.1553904263081815,0.3435125980084593,0.05208452699160468,0.3388090291753048,0.0,0.25092831534015453,0.062231266965335916,0.0,0.014889729454989661,0.029315455991752212,0.13123088593000926,0.0,0.08393913822943552,0.17373784362061984,0.0,0.0,0.07181078194326355,0.1174446872943177,0.03578252507839841,0.2468075887290165,0.15683637993457783,0.0,0.2638457539402642,0.2734460203313621,0.18113177727894836,0.0,0.2743666058025674,0.23453707531102846,0.12609517655023691,0.0,0.35574574960226146,0.0,0.3445753674163629,0.556078208667353,0.5531771208241116,0.5788818688309628,0.12327499898749247,0.48007122907264277,0.100043488708451,0.4249154056902209,0.059614708108416514,0.12876632425042758,0.3322726051159923,0.15751279441504595,0.4199981222776284,0.4806811199004416,0.45253447174372763,0.33489873406339676,0.5325115023485792
0.239509913628626,0.25886394050525247,0.8077187357083185,0.0,0.49403883219758826,0.35341075987052295,0.20102948089068473,0.565955538819641,0.4586144308400386,0.1470653416951741,0.808654023589913,0.34393427533956744,0.1743180508436445,0.26194956906658273,0.5833578644691808,0.11991598400828721,0.052358178498714214,0.11396876972517783,0.0,0.6943727042999932,0.2972211831188743,0.6633973263380739,0.6718194164396579,0.0,0.09276494156019591,0.32272456880703826,0.57101241665122,0.4721229846239223,0.3183983147575002,0.5662507998868933,0.12000761168252086,0.0,0.0,0.0,0.0,0.14842402581171138,0.02396198038067146,0.0,0.0,0.0,0.0,0.0,0.0,0.0,0.0,0.19340731497862,0.1198161846457132,0.6875566981883763,0.017142999553694735,0.4215088034752859,0.22286589820847463,0.007273097062112099,0.4093077875742123,0.2977699433694616,0.0,0.7431631222214209,0.11123599174067958,0.0,0.22573458551853137,0.6553009698906811,0.14811311611177164,0.0993051762831333,0.184321430672164,0.9377157120185278,0.6035146600640984,0.2368764751961389,0.5583379561657236,0.5597353725069464,0.0,0.0,0.21769110100178396,0.34031682724296525,0.4107202205625584,0.10800366835795125,0.029435202823419743,0.13373276545282461
0.41446754890151294,0.39419865142739025,0.7499126745940554,0.0,0.6156920189039303,0.43009233091592186,0.39337746491279013,0.4163882116975869,0.6035342526970624,0.16359776057194372,0.752282872853051,0.30682986989791716,0.30310118835030286,0.2826525469783501,0.7269022634604182,0.2515452260813911,0.192175673057012,0.38596571951762326,0.6943727042999932,0.0,0.317221798216197,0.9052086140268663,0.6127084221954437,0.0,0.23476619897364576,0.4733244379684992,0.7536458415058117,0.7105358937788135,0.5715613087363038,0.6518233886107692,0.3018486223991438,0.0,0.0,0.0,0.0,0.30840233722051935,0.15662028338087836,0.0,0.0,0.0,0.0,0.0,0.0,0.0,0.0,0.3460328824238619,0.1945186672032794,0.6867508439135024,0.0,0.5400006770524186,0.33026983386059966,0.049295215915144186,0.2902994721173363,0.44875895945026906,0.07322673394283666,0.6528247357533495,0.14585638500025655,0.042301751011122046,0.20718136624989325,0.8221945728270262,0.44192058744405827,0.3491832077149606,0.45488470167785533,0.7039480891814454,0.9050829833749223,0.29523059971385723,0.8397285260809133,0.4934714270600031,0.0,0.05400462240065079,0.3612374222619727,0.5252706847734618,0.7116088668253269,0.34831488734970856,0.07783614110582843,0.45167506587545236
0.17280302723368546,0.0,0.1544942358373503,0.0,0.0846905039727952,0.16370695305031877,0.03335506097983498,0.48653505514784956,0.047671172876090906,0.27005370457875677,0.1825610677648989,0.2211507015843412,0.0,0.10779823439130012,0.5542578484597026,0.2943213739141419,0.08317613817308353,0.240277839872084,0.2972211831188743,0.317221798216197,0.0,0.3840362252082628,0.4445639501906593,0.12683981931196753,0.17615376839449504,0.08327773280695022,0.12097910446027543,0.15176446054897202,0.31702334434505497,0.3452424008509092,0.39313346917354985,0.20619673860771548,0.0344310930722016,0.193832638808782,0.07901238367919321,0.03561715134562249,0.0,0.0,0.0,0.0,0.0,0.0,0.1367834036843184,0.0,0.0,0.20024587944527977,0.28636508437423164,0.08873932130845519,0.15092226668199052,0.17908554900072626,0.0,0.16317755901108116,0.41489620736362914,0.060261572388149776,0.2802044348794162,0.16342484756380354,0.08512291476571415,0.1000817786578406,0.34658531943848536,0.509776482686749,0.39823590501320916,0.09890761638410461,0.2400465360855525,0.2583942177686289,0.2179476979912806,0.774059703733646,0.441910364013492,0.4298109489642406,0.0,0.2872202171682549,0.16626328598298534,0.0,0.2052514015540959,0.0,0.0,0.0
0.5759662638147021,0.482926201459155,0.714736171445867,0.0,0.6511076674840371,0.3723542567927211,0.4501692944419794,0.41691598127327856,0.625236706685599,0.21766818970323315,0.715701968179959,0.4501592435873938,0.29962025190893915,0.35268438878749003,0.6422326582160642,0.4531192309451853,0.14053119174828382,0.33228739482281455,0.6633973263380739,0.9052086140268663,0.3840362252082628,0.0,0.5369936783982117,0.0,0.25251695505540417,0.5200631146309254,0.6996225565451407,0.6828407219354802,0.48411550814885096,0.6439918162357618,0.40713265981271934,0.04102146070414353,0.0,0.0,0.0,0.40304038915328533,0.1628861861349041,0.0,0.0,0.0,0.0,0.0,0.0,0.0,0.0,0.5149372068765302,0.2393950993045831,0.6874273457414708,0.0,0.54331485207106,0.46102106341181426,0.05623448254071878,0.2609452063180816,0.4681701111561732,0.09226496967156025,0.6143742631299219,0.20147756150054544,0.07586456873254871,0.2785359990572719,0.7899069172871607,0.35264443057237926,0.169736185989858,0.3841222985619648,0.670941836140404,0.8549538910260461,0.3520834294201572,0.7710667718856927,0.483891839250687,0.0,0.10371295695681854,0.4818509658747556,0.5533560982039495,0.7346915149995937,0.41050468648367633,0.09300512700684493,0.33140295738760783
0.15786190920308074,0.3083004106372817,0.7325006308160661,0.0,0.5256967122044972,0.5805627109180604,0.1212164181362747,0.7770214291957446,0.5251483482201321,0.2689841573275448,0.7183533887907236,0.3207549167248041,0.279008350798307,0.23972451453232957,0.6401659681772219,0.0,0.19059684489975642,0.1458134536150263,0.6718194164396579,0.6127084221954437,0.4445639501906593,0.5369936783982117,0.0,0.0,0.31682626791971685,0.4035997949564687,0.6285353110647738,0.5077767470304606,0.4750803561181111,0.5505356586349858,0.08978739346818951,0.0,0.0,0.0,0.0,0.13655307762449856,0.0,0.0,0.0,0.0,0.0,0.0,0.0,0.0,0.0,0.1436304936953963,0.3841368421078746,0.6647534686558818,0.026088952094374326,0.539929822996006,0.2875088836304445,0.13325681756173743,0.7115452349939789,0.497654979733661,0.1529681610605946,0.7371877914606657,0.153521321318811,0.055328173071247155,0.2881745702747617,0.7298619761350182,0.37479843337736163,0.20830485076167177,0.23850205754679005,0.6745990652339577,0.520276739507433,0.4280312103973709,0.6331531903151837,0.8749899815146863,0.0,0.2187459210476741,0.34658289996113767,0.4321835503074336,0.3796010759580828,0.0,0.0,0.04802612233441719
0.0413927805759704,0.12514231442466603,0.0,0.0,0.0,0.0,0.0,0.061564927114842405,0.0,0.21917304220423042,0.0,0.0,0.03172072143849963,0.0,0.10610955777768416,0.18217448533620095,0.290523645920698,0.35677941021686616,0.0,0.0,0.12683981931196753,0.0,0.0,0.0,0.23484849505601174,0.34501926620302437,0.0,0.021925710799768017,0.0,0.0,0.048129878572054974,0.0,0.5016572053120067,0.14415365495932347,0.052830349628490245,0.0,0.12933247579342116,0.4137799374983524,0.029757009524637335,0.3588719427098878,0.374168426733799,0.0,0.026312133765611784,0.14020332487829376,0.4284985442568777,0.06923322597955672,0.10413430525809714,0.0,0.0,0.0,0.11449456172674569,0.0,0.1670039319692255,0.0,0.2877203920745846,0.0,0.08930933450965817,0.247750171629411,0.0,0.0,0.051422109053613635,0.4524680340604531,0.3388573971147609,0.0,0.15430453819302192,0.02429525281360137,0.11467185849977479,-0.0012683493278792812,0.7181101321817805,0.20541285814067767,0.3621948932935224,0.0,0.18582501416501523,0.12932431050962623,0.3848625384500454,0.35423333263689916
0.4810686233066022,0.7326028650048273,0.17577291019725116,0.0,0.24851520682074377,0.7170224884154622,0.29560792007763176,0.1004968229456581,0.2570284443337326,0.6426706587633875,0.1392993169017303,0.22445370745278975,0.5933613804150469,0.1574918166255781,0.18015295267791476,0.21157015168386872,0.6417967135553109,0.5405758130244895,0.09276494156019591,0.23476619897364576,0.17615376839449504,0.25251695505540417,0.31682626791971685,0.23484849505601174,0.0,0.6838530032067309,0.40593475995166484,0.3364829398337995,0.6287842197003857,0.22050210191263422,0.2163474225007025,0.05732045069112557,0.14202542052357578,0.25674319457677114,0.0,0.20780921008731013,0.0,0.24813935279154284,0.009315060412303428,0.26771213373261954,0.26334842316265566,0.0812187570862546,0.0,0.0,0.22219351216293082,0.3558879793160712,0.5695474545466822,0.21884433115927243,0.0,0.23505420471920074,0.3743553878436891,0.09376997813678967,0.07022390844778562,0.31604097689494604,0.3061632880451469,0.20289480576036628,0.243245659343416,0.39426152105249246,0.06607955977314614,0.24349494088047186,0.4264395138940672,0.3804069754380522,0.43314414271422313,0.09932838053250986,0.2694055097606753,0.04200765929704825,0.30278069514934014,0.15050890755220656,0.10256004341916808,0.6354079270451611,0.5752170208389457,0.4502972939268157,0.291410688811322,0.2989081031330591,0.04921419706794186,0.2533974282335428
0.6614515448248518,0.8066945373110084,0.44276847149029175,0.1089876025505536,0.5113577626791397,0.6947201260456702,0.31344435578597835,0.328029872531172,0.4805551095312091,0.5172504815697594,0.43423535794309615,0.49613887902315373,0.6607917360811757,0.31955362273381654,0.20761536412329706,0.13279082387309477,0.5305425994378592,0.3114383493493621,0.32272456880703826,0.4733244379684992,0.08327773280695022,0.5200631146309254,0.4035997949564687,0.34501926620302437,0.6838530032067309,0.0,0.47948999300619166,0.653592779931282,0.5155136842902517,0.42887297068590446,0.05760241041715919,0.0,0.0,0.08936369364606286,0.0,0.3276465512502943,0.13086961472254832,0.04788947973484134,0.0,0.10377400417364332,0.16192434216630755,0.0,0.0,0.03566197206796427,0.15327405048772058,0.5563889147884328,0.4168132300870847,0.48264648824002265,0.0,0.3774913182402019,0.5505152364290129,0.0,0.1952559096515073,0.4293171800570292,0.2898220502181194,0.41794594383813255,0.391528712399705,0.34919960312816456,0.0,0.3700376475735919,0.15724382477912566,0.34909915962106425,0.49691358782575357,0.35190541560410377,0.49313345720001533,0.0,0.4177485014291235,0.3004320629775242,0.1463251360131556,0.3314265210551797,0.8589628724393501,0.46578653152313987,0.5296605967459274,0.2530469332038222,0.1246386564499116,0.2681566604911511
0.38673124146065097,0.5065454653346636,0.7900916154486538,0.0,0.7854887162262798,0.6075537249428457,0.5701095090932695,0.34005898231043313,0.7873111788893006,0.2973486866190895,0.7798434489445636,0.23020314642655196,0.4305756797201452,0.17072961711626083,0.4988623017778787,0.3204974242626521,0.3207621515740979,0.46885701756011955,0.57101241665122,0.7536458415058117,0.12097910446027543,0.6996225565451407,0.6285353110647738,0.0,0.40593475995166484,0.47948999300619166,0.0,0.5444354417347206,0.5423029727029236,0.4210288227400145,0.21252295372229935,0.0,0.0,0.0,0.0,0.18268812271863621,0.0,0.0,0.0,0.0,0.0,0.0,0.0,0.0,0.0,0.25973761575655,0.28912628460030587,0.7760059780325399,0.0,0.7245277855585107,0.46280329020325883,0.2771179795290297,0.2198633563639043,0.6773410792729366,0.0,0.7445974967526612,0.04457903168574437,0.1920695180947825,0.10379013415147675,0.6491831918932396,0.46584909294288757,0.30366957160531866,0.28341147874589867,0.6223956672716936,0.7574186674830905,0.14234521445205878,0.6496354155289796,0.5135373097342899,0.0,0.16680759359785854,0.2917090936092166,0.8632509012246936,0.6310609981933479,0.3774438252415295,0.12001153592234107,0.4017167243163685
0.5593301113638458,0.5764394162049818,0.6935801185993726,0.34587263868697354,0.672131581821419,0.5383622940768944,0.39191546003982536,0.4204597297747382,0.6463415697795016,0.43860473129917193,0.6414289458906907,0.6159682406351908,0.7100885210170353,0.5516338795674247,0.3713948370961672,0.13964498499667882,0.27592131547554194,0.1553904263081815,0.4721229846239223,0.7105358937788135,0.15176446054897202,0.6828407219354802,0.5077767470304606,0.021925710799768017,0.3364829398337995,0.653592779931282,0.5444354417347206,0.0,0.6579532077137238,0.767231269993161,0.3824681709229639,0.03219102911387732,0.0,0.0,0.0,0.42875655418931025,0.26200433570331794,0.0,0.0,0.0,0.0,0.0,0.0,0.0,0.0,0.6070697553571991,0.26859897622693674,0.6756574395364553,0.0,0.5570639488191569,0.35651886729161425,0.12986172903040857,0.20025377883624682,0.5578925739205762,0.13166395123800212,0.5847534159081996,0.323437106940166,0.1865753586528558,0.154269008320861,0.6144592982549549,0.2262008212231043,0.11502914762830019,0.3912479923882542,0.4956750307243535,0.6042554864414004,0.21583487974491866,0.5529615445631909,0.4819483549729351,0.0,0.18048688295649223,0.5873623843099983,0.44063062637618977,0.686168122214434,0.2278964698534714,0.0,0.24362510151709107
0.4579046122196756,0.5610920855748671,0.4229476056757815,0.2743188393735517,0.45050754026306483,0.731614167350265,0.4543891744494493,0.26306539518498434,0.4476475335787821,0.5156966487920853,0.4091180704224307,0.43680733354344803,0.6958269656365595,0.38649555463576873,0.38889403150339596,0.07686082724635812,0.47465313214796423,0.3435125980084593,0.3183983147575002,0.5715613087363038,0.31702334434505497,0.48411550814885096,0.4750803561181111,0.0,0.6287842197003857,0.5155136842902517,0.5423029727029236,0.6579532077137238,0.0,0.5648136045957332,0.3729306070976799,0.10759734155265499,0.0,0.09671750032770804,0.0,0.2920110253199937,0.041288311830436644,0.0,0.0,0.0,0.0,0.10479821779193194,0.0,0.0,0.0,0.43045738476586903,0.4265855735967727,0.43404926927481213,0.0,0.4972466454022666,0.17905410704523678,0.268151916756066,0.11839180398698493,0.420767018062655,0.23495109166291295,0.43079695570188203,0.3116426296157727,0.35268093693243524,0.30482167573395824,0.5872743486919014,0.5965348926227914,0.2565299426741165,0.44957319649016436,0.31499657414540383,0.440308908476809,0.3064226741402039,0.5658062462648594,0.3065686224919813,0.0,0.413721979656186,0.42026547229790423,0.42215877574058924,0.4966873469145119,0.27105081824679683,0.0,0.28638474725054824
0.4204659361157979,0.41104511122600695,0.5983062239489598,0.3095259916112013,0.5441475747042434,0.3774049416465867,0.28093128135627543,0.5202726325128699,0.498282706571904,0.3493535601330302,0.5877407832889705,0.6212165135547805,0.4510842062402383,0.5334042740435567,0.44692011447545077,0.10640182117403627,0.1035172610516542,0.05208452699160468,0.5662507998868933,0.6518233886107692,0.3452424008509092,0.6439918162357618,0.5505356586349858,0.0,0.22050210191263422,0.42887297068590446,0.4210288227400145,0.767231269993161,0.5648136045957332,0.0,0.39727925169767064,0.18772209727347602,0.0,0.07350123700899994,0.0,0.31906301196972364,0.21650543412249645,0.0,0.026623232783859682,0.0,0.0,0.0,0.0,0.0,0.019687895485552276,0.5233503507537792,0.35742637257060517,0.5578321766365202,0.07136155710607504,0.44887886267921884,0.1096124725588645,0.1396011487621298,0.3678200057766362,0.37914880178924226,0.22158386482496098,0.5399463453857235,0.3722317108210872,0.0,0.37182546300184216,0.5994604219214481,0.3631861428842573,0.025863143359360352,0.38213030960526817,0.5250711596974316,0.45940830277694245,0.4870424130841938,0.5698897055958232,0.5410393533651628,0.0,0.24054856469342265,0.466981366849085,0.2460391888999371,0.4857988584633334,0.048961571561740136,0.0,0.08378396163787458
0.3721582750637448,0.10783439961418255,0.15802460287311884,0.2099649179973161,0.274793621407923,0.052063206493955794,0.41658625048814435,0.05701149639004785,0.2563590540511163,0.3543685050813838,0.13612832942403755,0.2855156909775248,0.2583279091196939,0.3485344181765043,0.19984638457781212,0.6757734005545792,0.20675474251871728,0.3388090291753048,0.12000761168252086,0.3018486223991438,0.39313346917354985,0.40713265981271934,0.08978739346818951,0.048129878572054974,0.2163474225007025,0.05760241041715919,0.21252295372229935,0.3824681709229639,0.3729306070976799,0.39727925169767064,0.0,0.23240091429001947,0.0,0.4018879827598325,0.2115545154556459,0.44710622000692557,0.22013097771695353,0.16198308561602937,0.015038305098585614,0.0,0.0,0.05987560021458552,0.143886066048783,0.034096308949565904,0.02413448073895015,0.4507067764228946,0.024987856201316883,0.18012229765982216,0.1665491189345085,0.24327795203931168,0.13524478697565814,0.25190489108905156,0.0,0.23288154049993404,0.0,0.09522661759004422,0.0,0.10095524943085626,0.3878720977919451,0.31364609961906914,0.18197972175336727,0.0,0.2266003952920305,0.10668844032733013,0.2695231356394747,0.44923347476311887,0.19504912230240354,0.13809568818561643,0.0,0.1740293705323736,0.14102309469628502,0.19208389897426875,0.45011657203885125,0.4328551289877522,0.0634276794170806,0.23139618157920505
0.20453460311871652,0.03748612087940878,0.0,0.33299003302690355,0.0,0.0,0.019830285638433226,0.021799615463088257,0.0,0.1807195943519617,0.0,0.32561262096372623,0.060741670483851845,0.2558985596828687,0.0,0.05602025226826082,0.0,0.0,0.0,0.0,0.20619673860771548,0.04102146070414353,0.0,0.0,0.05732045069112557,0.0,0.0,0.03219102911387732,0.10759734155265499,0.18772209727347602,0.23240091429001947,0.0,0.0455510036494417,0.3545909397456561,0.3284620099557708,0.07047741695086412,0.09859550246869822,0.0,0.7116873271344112,0.11786839865100629,0.08440680968099792,0.20643043049789486,0.24050483934589073,0.0,0.0,0.3368757706890181,0.05510660156108338,0.0,0.11737627135387793,0.0,0.0,0.10041299086619068,0.03707269324844391,0.0,0.2633723305376263,0.0,0.201523038460596,0.045601134235948054,0.219901732408321,0.029609438708830593,0.032934320481398244,0.0,0.08917657429165332,0.0,0.0,0.25602298296668463,0.0,0.0,0.0,0.09941343725164635,0.10280084875334089,0.0,0.0,0.0,0.0,0.0
0.0,0.0,0.0,0.0,0.0,0.0,0.0,0.0,0.0,0.024626463045828467,0.0,0.0,0.0,0.0,0.0,0.0993968753641806,0.056006612816439844,0.25092831534015453,0.0,0.0,0.0344310930722016,0.0,0.0,0.5016572053120067,0.14202542052357578,0.0,0.0,0.0,0.0,0.0,0.0,0.0455510036494417,0.0,0.30466782521834485,0.18966805611375856,0.0,0.0,0.25660713651689754,0.10110840507127614,0.6262572478419067,0.5848924064097223,0.01660770110400614,0.11412579696574794,0.13790520444051205,0.30322998622539077,0.0,0.011194381617692567,0.0,0.0,0.0,0.0,0.0,0.0,0.0,0.26551654678929065,0.0,0.0,0.2252674255360004,0.0,0.0,0.03740004129738497,0.2329309765280779,0.10320310545310223,0.0,0.0,0.0,0.0,0.0,0.5522895680914593,0.1508867523379968,0.0,0.0,0.0,0.07401681077661737,0.28880475997402844,0.13020268298671647
