0.0,0.49012813027330115,0.38248686913172275,0.0,0.0,0.48760872345080253,0.21313385211344898,0.4264780775793114,0.38668689861591776,0.685657662769265,0.2702137335650519,0.18934729895912022,0.1525759026853335,0.0,0.45186652198831956,0.6360199573373826,0.46003776150143144,0.48539536483339674,0.4668139060029856,0.37338663301451536,0.7188015088205939,0.4886393058799367,0.5732840345719104,0.3644397020003633,0.5656449355785073,0.5643381280861027,0.5794967745654758,0.21373698303279334,0.6074494779645798,0.0,0.5910679136008536,0.0,0.309267353075988,0.0,0.0,0.23476833056407245,0.364362250411903,0.359013912243556,0.0,0.36027158767172573,0.0,0.0,0.0,0.0,0.3797502614148007,0.7145957679921991,0.5811674649290594,0.43922395845530066,0.0,0.3652112608224495,0.6153033194114422,0.0,0.40794634356420423,0.45649622503031495,0.27753418978951344,0.37833047945593634,0.10384742832934284,0.14633688554732643,0.0,0.4350372719075473,0.3605890578855622,0.2527676627884551,0.18676171583622772,0.5246171790038132,0.17394785974999633,0.690277281593301,0.27008075628601813,0.6957835477236227,0.06771611655664916,0.3086096484665647,0.588308443926522,0.5740629429442614,0.07484739565412357,0.40381261511517264,0.0,0.12771800999030536
0.49012813027330115,0.0,0.16212312576284776,0.0377458906264319,0.0,0.8552023238354238,0.3381935126218285,0.5216711242717008,0.1371872067082802,0.7126256951614293,0.03813095330597785,0.2871698022465564,0.5671442257582494,0.0,0.2864545139912684,0.4647867026955571,0.6035498341191107,0.5853126555719647,0.39813343039541615,0.24327151251201784,0.5053873539822658,0.28884306240156,0.6409671290169804,0.3487136723562003,0.7052215047801972,0.7239422934980385,0.5352517462654722,0.1201983602530064,0.6783124509357348,0.0,0.31896796927592086,0.0,0.4317229830375394,0.0,0.0,0.211827154832537,0.19890316602717695,0.0900580282232206,0.0,0.39236659902239046,0.0,0.0,0.0,0.0,0.13255923903126124,0.4027125383799268,0.6589601949728354,0.15167084294613267,0.06986422815846184,0.06573626839863861,0.6583745517399556,0.0,0.4144873604775347,0.23624022440191667,0.1277835778364941,0.09960494205555652,0.20345487736854728,0.3795351773415796,0.05436285767602579,0.26611718869464934,0.12816632840534106,0.29048983530946687,0.0,0.4108740817514145,0.03124828643654437,0.3430595101974177,0.0,0.5830046349265654,0.0,0.25406186190496705,0.5030146185119966,0.42812371186341747,0.0,0.1184082837641359,0.0,0.0
0.38248686913172275,0.16212312576284776,0.0,0.0,0.440857151163615,0.44611058587102453,0.2466718083756678,0.5164649118941056,0.8323820855994768,0.39981052865479194,0.823848051168312,0.387490034237734,0.07776544554199405,0.2749417738321421,0.7287066585358707,0.15478464466193237,0.215458505550348,0.21245017454279852,0.7031805448009258,0.7707340519485966,0.41607626083487054,0.6399963773611554,0.6144140975549011,0.36207240301558585,0.3212599452122249,0.3980828324458863,0.6613851850002476,0.5983968365881028,0.21455714930418074,0.5245125005719925,0.5079450404215347,0.0,0.0,0.0,0.0,0.4120788513109728,0.3227921458398456,0.43492094002390297,0.0,0.0,0.0,0.0,0.0,0.040343434772829825,0.2556070791792312,0.25200099686355776,0.2159245030053224,0.8797982849136431,0.0,0.6940423971402535,0.441616821261041,0.22261401813015574,0.44120156300427127,0.8346068286408977,0.07833392214389362,0.8480783101882278,0.397094883816672,0.0,0.0,0.6851658213651284,0.04360195142246309,0.0,0.04605610121859202,0.7290084216996477,0.7142754441920007,0.4171817174986467,0.6579649918307938,0.635663312712164,0.02173829215480999,0.0637929071960168,0.37810214012366195,0.6811837439933781,0.5391533542711866,0.09463770464394991,0.30319178489143656,0.24382315933088924
0.0,0.0377458906264319,0.0,0.0,0.0996811978089159,0.06467776465535793,0.28408386251574164,0.0,0.0,0.028957179816739648,0.0,0.12736456977571042,0.47598708613114105,0.20058825907576489,0.0,0.0,0.0,0.0,0.0,0.0,0.0,0.0,0.0,0.006513266960949629,0.0,0.018026257079991656,0.0,0.16325876305371168,0.04005919910247316,0.046963462020672836,0.05118560724671639,0.21844589686751287,0.0,0.325888353168144,0.03848356406826754,0.1542767770505849,0.0,0.0,0.10847903454444448,0.0,0.12471379379118894,0.06168461989515732,0.15460800469667546,0.20196136907130113,0.0,0.0759619421688043,0.0,0.0,0.159782362067464,0.0,0.0,0.20764923321474407,0.0,0.0,0.06774226178027919,0.0,0.0,0.19166319642597107,0.15890500238478705,0.0,0.0,0.04900809161119102,0.09334684461157504,0.0,0.0,0.0,0.0,0.0,0.0,0.0,0.03152740302141016,0.0,0.07421554063000577,0.03846753394777037,0.0,0.028183552113533274
0.0,0.0,0.440857151163615,0.0996811978089159,0.0,0.0,0.334355784422735,0.09222010790339158,0.6081530309291184,0.0,0.588319445898996,0.38072627050957497,0.08303635006622717,0.5520047946120294,0.15815112708275042,0.0,0.0,0.0,0.13770543185019068,0.3488487851593636,0.0,0.20701664153271498,0.0,0.10191182834758425,0.0,0.052132004743603966,0.04426025574265352,0.3469523914385844,0.0,0.41635972796681703,0.0,0.24095244098474325,0.0,0.06671749920916624,0.08375339511325931,0.09633694585609162,0.0,0.05797815769078328,0.2652799617118017,0.0,0.11678253888231244,0.07949636133759759,0.22424227398974753,0.051129068973069236,0.025343108739642184,0.0,0.0,0.398316114476263,0.0,0.5320327972585371,0.0,0.5453968734071015,0.06585348597345217,0.42280141718493536,0.0,0.4708964501785247,0.3020569749488346,0.0,0.17048605968969405,0.22612169432058224,0.0,0.0,0.03067299690828129,0.1198306730091459,0.5227925695282261,0.0,0.4884167685402844,0.0,0.10294683332420287,0.0,0.0,0.06729032693316556,0.4689822707464161,0.0,0.44266209862524497,0.3616878595456168
0.48760872345080253,0.8552023238354238,0.44611058587102453,0.06467776465535793,0.0,0.0,0.3076978790901952,0.7295868354254429,0.3611812784513162,0.7345538213031338,0.26967840824160955,0.4678595952958659,0.5676505401372142,0.0,0.428806559760683,0.3024575699815288,0.4547378204170291,0.45030318435044214,0.5434701388926428,0.4247618960711388,0.5351462578623667,0.35248640134487336,0.8617073166285751,0.472521101221273,0.7145808035450361,0.7384056998650991,0.6054932744401453,0.33967605299935894,0.5937266230743752,0.02371672064645397,0.3862128208801018,0.0,0.29941297053499805,0.0,0.0,0.37336735251041986,0.23864546609946602,0.3223688174137938,0.0,0.22511658385501684,0.0,0.0,0.06598611956076493,0.0,0.3105155215996955,0.4115512904874229,0.6322168132409648,0.4429037702633859,0.0,0.2520062901785971,0.7830754005921736,0.061588720204423575,0.6485701366548331,0.4298570386963551,0.16535061698179798,0.35324707971962865,0.4320326892126146,0.36128831658236005,0.0,0.41367765257762046,0.007604236082235205,0.13287726414982454,0.0,0.5582937245285603,0.23427036384413613,0.4481533963859522,0.12731399965632584,0.7625074980230608,0.00733424429225793,0.1907151521901599,0.6006130722128729,0.5336438902658703,0.19085826973440023,0.08717392676663147,0.0,0.0
0.21313385211344898,0.3381935126218285,0.2466718083756678,0.28408386251574164,0.334355784422735,0.3076978790901952,0.0,0.04451630039563692,0.3199851488055073,0.4693058167511677,0.22659155018209076,0.22049759608332992,0.42434687152380346,0.04379995639949569,0.18311062237413975,0.2983160485487845,0.405864901867895,0.3347625853393348,0.34523872182768633,0.2810285686014008,0.19917640297218325,0.3442746657943313,0.10018100762870952,0.18737701120644973,0.3498024256140521,0.3929593722931828,0.4009517700557226,0.1938788719755671,0.4392934586134211,0.010591389439561005,0.14272264918278454,0.03108912504778974,0.10966124587586623,0.05297850391548228,0.0,0.2385557604540485,0.1578969265381799,0.106140836117433,0.0,0.12070940470128333,0.0,0.0,0.04310847141493057,0.019749220155414415,0.1169608815120322,0.23749709551395518,0.14627887652790234,0.20914704517391705,0.151292087758052,0.25214222525024915,0.1390445207140217,0.3789691509461443,0.009962141835560157,0.2648230093434384,0.09970289848349234,0.2288293469848439,0.0,0.25961336303860094,0.15191691866820503,0.19329693912264462,0.24153859446983944,0.028503922123721714,0.1166262477948773,0.3350161673693422,0.20813098713050635,0.1124293863762734,0.22278240526456677,0.15532387867361053,0.0,0.09235689535281644,0.13270494279918485,0.3078168624304828,0.14673086513169084,0.21944991691532317,0.07538727082712167,0.13682177906538032
0.4264780775793114,0.5216711242717008,0.5164649118941056,0.0,0.09222010790339158,0.7295868354254429,0.04451630039563692,0.0,0.45798180594512505,0.503654839445276,0.4304806848553526,0.6234649108830478,0.3127877563364312,0.13469226236494297,0.335210406865861,0.14932030251010764,0.12841332875178496,0.17860024319937165,0.40942925104006506,0.3875907755948992,0.4136941568542591,0.24004427641590925,0.8306823978166691,0.5914209133012283,0.593459874335367,0.6634013822310313,0.3719410375341796,0.27856720000582735,0.20322320292534468,0.24200648498742405,0.39047477481050485,0.0,0.2579146786520894,0.0,0.0,0.287997628923932,0.16565041472324205,0.3820333865541843,0.0,0.1729876018020946,0.0,0.0,0.07903379554357681,0.0,0.3543504985722059,0.35475727666084644,0.36913202174131154,0.5458546809580591,0.0343455648159043,0.3090287750246968,0.6209554530746006,0.10828444895418107,0.8618978443747708,0.4286823858168579,0.10597319647147416,0.4700989523472072,0.6628232550244015,0.18623801005873108,0.015462881892869512,0.2902211444269885,0.0,0.01601714557436887,0.0,0.45170955347780184,0.30034250591071526,0.35655064672407255,0.20393405546342191,0.7031570482401872,0.2975025968319869,0.07532976279366152,0.6303447491095711,0.3490694939624234,0.21830994043721624,0.0,0.11408937910260747,0.0
0.38668689861591776,0.1371872067082802,0.8323820855994768,0.0,0.6081530309291184,0.3611812784513162,0.3199851488055073,0.45798180594512505,0.0,0.42653777195476833,0.8589406568349549,0.43811713423429277,0.047608052703401516,0.2677073636047305,0.7306901950404329,0.17775526481785686,0.25730466317310285,0.23662390885147425,0.6464120659732239,0.7831410398550903,0.4384553011062091,0.6693674426873064,0.5007732168195544,0.3493628597836994,0.38107073179746154,0.4117840631396219,0.6732401371027105,0.5630041974597603,0.18082883543916678,0.5022151292978554,0.4062998724243205,0.0,0.0,0.0,0.0,0.34532906910439365,0.31202837175167875,0.3592878452520788,0.0,0.0,0.0,0.0,0.0,0.0,0.26033636943221367,0.3434962494071109,0.2440119037251123,0.8211603649423055,0.0,0.7796481987325362,0.4446170857340204,0.34707914060720074,0.4340238870560662,0.8966071993880698,0.13113738855951393,0.859015661554435,0.40779462426608315,0.0,0.0,0.7157832262377022,0.10984483416945169,0.0,0.10227093419720978,0.6973421639305906,0.7427759250097519,0.40459998730403846,0.6816263876878268,0.5587880422197076,0.13496809075251326,0.15348413744329342,0.4361188259543701,0.665672876694814,0.5652666898072134,0.1164628155880425,0.4340127587982533,0.2553789702211728
0.685657662769265,0.7126256951614293,0.39981052865479194,0.028957179816739648,0.0,0.7345538213031338,0.4693058167511677,0.503654839445276,0.42653777195476833,0.0,0.3047418491987156,0.4087368815320937,0.5221186833190248,0.0,0.43906668695352224,0.5467187334812376,0.6245329927653451,0.6007057040117691,0.522685760066651,0.44543124419142743,0.6045589278785752,0.43399674793574317,0.6365968481155965,0.39539813437145327,0.7198804021645124,0.7487711962182231,0.6326272074276391,0.3945858210396691,0.6859148812986569,0.05162145492719289,0.5303922127507138,0.0,0.33974109740109526,0.0,0.0,0.4189734607207257,0.3618880984650434,0.2958226436247542,0.0,0.2268126368207145,0.0,0.0,0.0,0.0,0.27972383772463427,0.5416837500565257,0.5604610200336178,0.38622604992887527,0.0,0.32351245935041845,0.5970045063089628,0.039304004374463186,0.41489449867527556,0.4843885950159696,0.319159275630675,0.37961019993391065,0.21651364513905258,0.28494374642021986,0.0,0.42727655511620044,0.10220166490868904,0.29316437196050693,0.025897029932563265,0.5272698619534562,0.22357514008057716,0.5177778145128975,0.17437273995548125,0.6356094176141676,0.0,0.2599408215954169,0.5632959638974218,0.5659359352494959,0.2008759608861755,0.19630696324598612,0.0,0.0
0.2702137335650519,0.03813095330597785,0.823848051168312,0.0,0.588319445898996,0.26967840824160955,0.22659155018209076,0.4304806848553526,0.8589406568349549,0.3047418491987156,0.0,0.378523635581071,0.0,0.3429110349254346,0.6563897930653753,0.11363031367632727,0.12644716038651582,0.20655819053251284,0.6403665723293867,0.7279552139073676,0.3364830011232941,0.5672933185705824,0.4550267156224512,0.30186490374676334,0.23906884961703564,0.2774767005292376,0.5664233134211594,0.5316415329932647,0.08393121439726431,0.585693245182562,0.3668215496575689,0.0,0.0,0.0,0.0,0.35072774506062837,0.24817008093436016,0.26702096491145305,0.0,0.0,0.0,0.0,0.0,0.0,0.15228951033050225,0.206714868994055,0.18677059658761508,0.8048738424503465,0.0,0.7363915346770336,0.36888363092472487,0.22634198476945894,0.3878991029595108,0.8112951098095977,0.07748495128257063,0.8903864285490332,0.3953518238328676,0.0,0.0,0.6158958669051924,0.09010192257765849,0.0,0.09542346535689789,0.6812138335577341,0.6954086595178544,0.3084298699294832,0.6315998443415545,0.49748708241718986,0.11098304584178748,0.10877132072988704,0.32591976761172875,0.5868213907264817,0.5455991306870177,0.07931373319449309,0.4801051500100519,0.25943249754909176
0.18934729895912022,0.2871698022465564,0.387490034237734,0.12736456977571042,0.38072627050957497,0.4678595952958659,0.22049759608332992,0.6234649108830478,0.43811713423429277,0.4087368815320937,0.378523635581071,0.0,0.48260043027358107,0.44764748705244267,0.13283858199589405,0.015381968937240587,0.05328804471688986,0.02361812347938025,0.2485482758843851,0.29327361243565797,0.023542119242992154,0.10338090047569576,0.450256789629859,0.5928495469628584,0.41384911388402956,0.5984508868206873,0.12696549712772662,0.3212038638308884,0.0,0.21495027131357633,0.11704629695443121,0.2156572797365714,0.3013783253895194,0.0,0.0,0.27620209644549987,0.07070932438462496,0.3657568691423444,0.1008590902941264,0.21061548145237685,0.0,0.03909289427591519,0.27602525573744746,0.08046754412833738,0.24579079611215432,0.20275634761566566,0.020873092758607992,0.355825385226581,0.1021543374919174,0.30739234698354967,0.3180684681368805,0.38985898179941214,0.527174315718302,0.3269812190942038,0.09534530148980269,0.36802873759758137,0.7639233259425938,0.2475459952304611,0.15708905348381796,0.14138309695144588,0.0,0.10902293564107057,0.0,0.24867744740534445,0.33934694190171777,0.0,0.2627220977335659,0.2742078881891789,0.31908543434049946,0.0,0.5057144661307188,0.10211670625478134,0.3496969487556025,0.0,0.2513050867485481,0.1574442091132124
0.1525759026853335,0.5671442257582494,0.07776544554199405,0.47598708613114105,0.08303635006622717,0.5676505401372142,0.42434687152380346,0.3127877563364312,0.047608052703401516,0.5221186833190248,0.0,0.48260043027358107,0.0,0.227364262576453,0.0,0.2697416241249149,0.42301707904168906,0.18219572027778208,0.10360888424128506,0.05559268704230169,0.07187998865573608,0.046763246455912066,0.3003543200330058,0.19147660007507772,0.3216406037643796,0.5662661378799557,0.08072011206192348,0.4532605373436719,0.3264165410322603,0.0,0.22128662939271943,0.13134407326601638,0.3563434758082674,0.25471152653691986,0.05057015383836847,0.305719349172218,0.06659451582915907,0.22722146618894623,0.0,0.16448602635369122,0.034200628715146675,0.08186811900642363,0.23639780893770948,0.14707963083670675,0.15960772609441168,0.22493966152504768,0.1463479449202979,0.10352523277305159,0.1969309054699437,0.06665436037942818,0.26464439509187715,0.3324357433995854,0.22657262012238605,0.07155331165577505,0.3367018766504717,0.04921042751572147,0.31190797475860427,0.43361077582605756,0.1216936956591434,0.020747153142428476,0.011330036359782275,0.3581308329138801,0.06966016130679864,0.0448287010362311,0.03916874452733604,0.044460008816037844,0.0,0.21292287330890125,0.0,0.04988444772975595,0.36826621307174207,0.02604543881107213,0.23244419559422871,0.0,0.0,0.0
0.0,0.0,0.2749417738321421,0.20058825907576489,0.5520047946120294,0.0,0.04379995639949569,0.13469226236494297,0.2677073636047305,0.0,0.3429110349254346,0.44764748705244267,0.227364262576453,0.0,0.0,0.0,0.0,0.0,0.1712924610753694,0.16360865416529455,0.0,0.039250640895235736,0.0,0.11392891751912301,0.0,0.012944856206481642,0.0,0.3427105297369018,0.0,0.3738059530785576,0.05644148540223669,0.30003615967653785,0.0,0.17646011144623572,0.05153866643376108,0.24946059731798323,0.0,0.1510513701164689,0.26890189441519463,0.0,0.16830184304811374,0.14407919514461548,0.35875703250366864,0.1943125695940869,0.0,0.0,0.0,0.22959585064242133,0.13933764915644242,0.21419308461059602,0.0,0.3914890136033977,0.11898503130035384,0.1832476620797219,0.0,0.30823611690631403,0.4581695727448612,0.01994349288701891,0.32452555860642657,0.042033609912905154,0.0,0.0,0.0,0.06375344387951273,0.3073886354036041,0.0,0.27191693869260897,0.0,0.08180530503520868,0.0,0.050732185602692145,0.0,0.3815111019067961,0.0,0.3405983178304808,0.2311359407894608
0.45186652198831956,0.2864545139912684,0.7287066585358707,0.0,0.15815112708275042,0.428806559760683,0.18311062237413975,0.335210406865861,0.7306901950404329,0.43906668695352224,0.6563897930653753,0.13283858199589405,0.0,0.0,0.0,0.18065728779497092,0.4405163818940294,0.31913829164751006,0.5850102747259682,0.8831887524000521,0.5957686612001231,0.8437676996630414,0.5692255907210564,0.22515179254985873,0.2672379839159526,0.3470540082522568,0.8372165800275372,0.5329593814337471,0.34795480732768846,0.4762176985091524,0.39389169830698867,0.0,0.0,0.0,0.0,0.33485347350186057,0.412256447344395,0.17336093373400988,0.0,0.0,0.0,0.0,0.0,0.0,0.08924714275682569,0.324937399323096,0.38819375182486615,0.6961221392298762,0.0,0.6545833548698587,0.5936932232774769,0.0,0.32459760233294127,0.8565735913632029,0.0,0.6906789088772168,0.21915355392379546,0.0,0.0,0.937170808008466,0.14865175495159577,0.0,0.0,0.6737905943707413,0.7702270906821481,0.5338251953718354,0.7122733781373222,0.6785952234372792,0.0,0.10205612786224291,0.36560299151599285,0.8862499568416189,0.5069651984197736,0.2837297862521227,0.3524777875937122,0.22486266871161037
0.6360199573373826,0.4647867026955571,0.15478464466193237,0.0,0.0,0.3024575699815288,0.2983160485487845,0.14932030251010764,0.17775526481785686,0.5467187334812376,0.11363031367632727,0.015381968937240587,0.2697416241249149,0.0,0.18065728779497092,0.0,0.5501656506483326,0.7034253383947621,0.2761530693651262,0.10969148223808683,0.4635419755507159,0.30453816790615346,0.3040318301765595,0.0,0.4759326441018946,0.4695879288571953,0.37746949825315873,0.20262651536445,0.6093879375038621,0.0,0.49351207425573623,0.0,0.41172309257621986,0.029510375730251753,0.015337207926667082,0.06848876133445003,0.1868289735903029,0.1549575682821386,0.0,0.370116033621457,0.055420652496672135,0.0,0.0,0.0,0.07454552910842616,0.5979219893027273,0.3578320997848298,0.18413914941294549,0.0,0.11342643536415874,0.2218644110303703,0.0,0.01857536891984561,0.2053974485213456,0.26637927121204663,0.20612312728030918,0.0,0.2106948017074507,0.0,0.18343303781238027,0.4989065059174608,0.41108625288656303,0.3985093057597157,0.3126277438285536,0.0,0.3882222605048059,0.13318951671281976,0.38717971444576255,0.0,0.26141411482616117,0.29250425458565343,0.35096408922629946,0.0,0.34383060554000244,0.0,0.0
0.46003776150143144,0.6035498341191107,0.215458505550348,0.0,0.0,0.4547378204170291,0.405864901867895,0.12841332875178496,0.25730466317310285,0.6245329927653451,0.12644716038651582,0.05328804471688986,0.42301707904168906,0.0,0.4405163818940294,0.5501656506483326,0.0,0.525111228405896,0.3189002399725161,0.45817840037275337,0.43504209014880446,0.5083434521821109,0.3373854670378032,0.05240901871856185,0.3958849300338084,0.629884270808375,0.5685105023914028,0.42344350540452824,0.6023239411536441,0.0,0.34495367375884445,0.0,0.27334605109923754,0.0,0.0,0.2698647344320584,0.40028898247148326,0.0,0.0,0.15563863466698974,0.0,0.0,0.0,0.0,0.0,0.3569238211696602,0.3400793421666028,0.18249927042018038,0.0,0.28413358149223167,0.4080768163667578,0.019585735375843072,0.044945935705166695,0.4061780537688935,0.11410291085041457,0.1869605382077072,0.0,0.07328436567964941,0.0,0.4329442312835906,0.17614179254611137,0.4298633083065888,0.049249798288630464,0.3144148510044955,0.26643330823269284,0.3004138801610362,0.22067245735006452,0.41351027297432474,0.0,0.1130098749054414,0.32462999614892296,0.5864541972943804,0.2373240025514854,0.22970882850138058,0.0,0.0
0.48539536483339674,0.5853126555719647,0.21245017454279852,0.0,0.0,0.45030318435044214,0.3347625853393348,0.17860024319937165,0.23662390885147425,0.6007057040117691,0.20655819053251284,0.02361812347938025,0.18219572027778208,0.0,0.31913829164751006,0.7034253383947621,0.525111228405896,0.0,0.45232951219609974,0.2562813076652237,0.4724145174892936,0.37740740562825115,0.2969470468455532,0.12151020554732248,0.5684281949295802,0.44458308708059413,0.5208103324928242,0.07940441779147461,0.6231794346779088,0.0,0.3557825030122147,0.0,0.2279420106089549,0.0,0.0,0.16813541167912321,0.3024213068279088,0.09358096125956035,0.0,0.21223813257563715,0.0,0.0,0.0,0.0,0.0,0.40115422125171474,0.5016429869028488,0.17279870679317874,0.0,0.1803442987239496,0.323453839872728,0.0,0.05172592186076515,0.2997248377605604,0.22178890812294524,0.22930618582737464,0.0,0.19603429344080434,0.0,0.28220091239576,0.4235932811314061,0.19086282411317296,0.3536582376358677,0.4566469347141824,0.09101097010441234,0.4132559092301819,0.13903227165192328,0.3441378582798653,0.0,0.34152982126700154,0.19700115562263112,0.47649294110906026,0.0,0.290634223633487,0.0,0.0
0.4668139060029856,0.39813343039541615,0.7031805448009258,0.0,0.13770543185019068,0.5434701388926428,0.34523872182768633,0.40942925104006506,0.6464120659732239,0.522685760066651,0.6403665723293867,0.2485482758843851,0.10360888424128506,0.1712924610753694,0.5850102747259682,0.2761530693651262,0.3189002399725161,0.45232951219609974,0.0,0.5771153563373308,0.4566024203691699,0.5878341231181339,0.5513466053475982,0.2983362399279815,0.39565427247430307,0.4176814099133991,0.64247557778327,0.3098577032173498,0.41044195988916216,0.2660557428992089,0.4828627111901528,0.0,0.13392598672010175,0.0,0.0,0.40569729447215847,0.3199879742475043,0.3369343339619649,0.0,0.0438887643108716,0.0,0.0,0.0,0.0,0.24536531760886465,0.32856519123348404,0.4721859384412878,0.6216472572864981,0.0,0.3939749552843396,0.5038859954000947,0.030681348250887863,0.3410916813924895,0.6182929385889024,0.06259113786835968,0.64503344552812,0.21383417603613064,0.12719549605607655,0.06179170302762606,0.5370203361484399,0.09677859350076984,0.0,0.04051347491059831,0.8725807294134188,0.41130470579770534,0.3823273203879972,0.38072037792137275,0.5771737839116517,0.0,0.191430364012112,0.37204817780610716,0.5845647867121646,0.19236404356533937,0.09785221061890287,0.13219741413649877,0.06203278116159981
0.37338663301451536,0.24327151251201784,0.7707340519485966,0.0,0.3488487851593636,0.4247618960711388,0.2810285686014008,0.3875907755948992,0.7831410398550903,0.44543124419142743,0.7279552139073676,0.29327361243565797,0.05559268704230169,0.16360865416529455,0.8831887524000521,0.10969148223808683,0.45817840037275337,0.2562813076652237,0.5771153563373308,0.0,0.45545059618625194,0.8674025619584079,0.5391482749514154,0.2885606219907668,0.2537340937577368,0.4168174609265098,0.796830659710277,0.6643982372108715,0.22297486889007495,0.5836322394454957,0.4144453370193295,0.0,0.0,0.0,0.0,0.3992821792450696,0.44076596597987316,0.16943514427813341,0.0,0.0,0.0,0.0,0.0,0.06488652785391166,0.05415208568954251,0.22253651573417704,0.23620474170985115,0.7151957153802746,0.0,0.7303216697999171,0.573157719024735,0.19559141673903382,0.35886244212790847,0.8834935998497512,0.0,0.725713548017398,0.3439995260755172,0.0,0.0,0.8722037458836458,0.08779981633308476,0.019174865131111607,0.0,0.6549373864245159,0.9068397854295152,0.38095449139642135,0.8237008588709356,0.6115875544863294,0.026946323472649525,0.0,0.369270997555011,0.8463521028812933,0.6818948857834183,0.16446515810935158,0.5119452055961915,0.32738192435182945
0.7188015088205939,0.5053873539822658,0.41607626083487054,0.0,0.0,0.5351462578623667,0.19917640297218325,0.4136941568542591,0.4384553011062091,0.6045589278785752,0.3364830011232941,0.023542119242992154,0.07187998865573608,0.0,0.5957686612001231,0.4635419755507159,0.43504209014880446,0.4724145174892936,0.4566024203691699,0.45545059618625194,0.0,0.5281939494800645,0.5725603077622253,0.4011457157408249,0.5171374319803613,0.4534391720887523,0.6851157756940592,0.22106114142282457,0.7216443751030412,0.16186445747060074,0.5944637356239952,0.0,0.1457687842930396,0.0,0.0,0.27611643294674737,0.37821194587875895,0.22020315829265752,0.0,0.20737458011288118,0.0,0.0,0.0,0.0,0.301355083748982,0.7081490157408743,0.7066015964519321,0.5016462941039793,0.0,0.4111118636910036,0.6873808181028297,0.0,0.4463360477240399,0.539358227628818,0.2696197678137517,0.42413560541461304,0.03694115133538489,0.1615189140102803,0.0,0.5710085874618139,0.3848793782867209,0.09479061630140401,0.3172119705632751,0.5342760085816793,0.2428033164628065,0.8581665002469652,0.2709456608468745,0.7249379810515588,0.23906040393659797,0.44650044783402604,0.586372541594173,0.7021939742482322,0.16417447571257204,0.6202347041127612,0.0123279248845444,0.1074667952900011
0.4886393058799367,0.28884306240156,0.6399963773611554,0.0,0.20701664153271498,0.35248640134487336,0.3442746657943313,0.24004427641590925,0.6693674426873064,0.43399674793574317,0.5672933185705824,0.10338090047569576,0.046763246455912066,0.039250640895235736,0.8437676996630414,0.30453816790615346,0.5083434521821109,0.37740740562825115,0.5878341231181339,0.8674025619584079,0.5281939494800645,0.0,0.42972825388758523,0.14039468360306037,0.21918043720992653,0.3805642285242514,0.8018659490078484,0.5612727465583809,0.41429754734804325,0.4469145408231143,0.4818424454734693,0.0,0.0,0.0,0.0,0.3730039915849167,0.4402238325772674,0.11934733072760845,0.0,0.0,0.0,0.0,0.0,0.06414698737294362,0.045271512291251786,0.3731287004109847,0.28403084595133676,0.5918886128160264,0.0,0.5898010022889794,0.4764221603405071,0.11797568276307366,0.2063727110111523,0.7767832808337378,0.0,0.5920567091099354,0.14615486748486806,0.0,0.0,0.8563857846063447,0.333641396328742,0.019000709015194683,0.1122673182957471,0.6358377305283118,0.7659442820735133,0.4497114256039688,0.8263816892910445,0.5818004246529358,0.0,0.0,0.3183905533637779,0.817623436213585,0.5288305442128586,0.31496526130074,0.37509606024063796,0.31096451719979895
0.5732840345719104,0.6409671290169804,0.6144140975549011,0.0,0.0,0.8617073166285751,0.10018100762870952,0.8306823978166691,0.5007732168195544,0.6365968481155965,0.4550267156224512,0.450256789629859,0.3003543200330058,0.0,0.5692255907210564,0.3040318301765595,0.3373854670378032,0.2969470468455532,0.5513466053475982,0.5391482749514154,0.5725603077622253,0.42972825388758523,0.0,0.4571673330900863,0.6367364514392535,0.6514886834234302,0.6410759769869423,0.41370218389624,0.49256744047761725,0.2425173283079998,0.5709511830464582,0.0,0.21969635471950133,0.0,0.0,0.3589796199131177,0.35604425043789084,0.42269481407610304,0.0,0.09434596356845812,0.0,0.0,0.0,0.0027284211007454345,0.3612485517882829,0.47874939315367815,0.5580655053399343,0.6414489678128961,0.0,0.38459574198973456,0.7850218931244725,0.0,0.7503011428770691,0.5697828576707356,0.10168038978828978,0.5507451010858566,0.4703201522404544,0.11023677392834302,0.0,0.5060649674427938,0.0,0.034867436878483815,0.0,0.6172933938986813,0.38414355598073135,0.5172799726896596,0.2712662760823589,0.9161881476631174,0.05825137948903947,0.1387276105992855,0.6337262164047718,0.6226563917276395,0.2842319565290386,0.10783854253405528,0.06538210984899988,0.0
0.3644397020003633,0.3487136723562003,0.36207240301558585,0.006513266960949629,0.10191182834758425,0.472521101221273,0.18737701120644973,0.5914209133012283,0.3493628597836994,0.39539813437145327,0.30186490374676334,0.5928495469628584,0.19147660007507772,0.11392891751912301,0.22515179254985873,0.0,0.05240901871856185,0.12151020554732248,0.2983362399279815,0.2885606219907668,0.4011457157408249,0.14039468360306037,0.4571673330900863,0.0,0.5466664845700415,0.5798626316046968,0.27286250067256324,0.0933957625718464,0.22335436357580607,0.1973715547085858,0.2554934524785672,0.06559796612213056,0.2414332431116032,0.0,0.0,0.3368020843517834,0.20830797929672523,0.253594897282893,0.10745959715417186,0.29974951491673746,0.0,0.0,0.10707759195255663,0.027278820767419915,0.28427330991191885,0.325431686180734,0.3505727873363721,0.37539942079490696,0.045683858865615525,0.28498668230727087,0.4604896202172034,0.18401944533507988,0.5912469706376129,0.345342718470082,0.1519626801000614,0.3203893394736914,0.5288640452413096,0.23378080577607135,0.0022155381970009186,0.2008900712378818,0.0,0.06235232420034764,0.0,0.3596329540450992,0.2497431223770587,0.3419658703213937,0.21497266643561758,0.384942161357886,0.5930268249250052,0.1880357964908832,0.6032959366249673,0.24705012221122968,0.23371235395699538,0.08445076169119942,0.2460872977024549,0.23691192316377319
0.5656449355785073,0.7052215047801972,0.3212599452122249,0.0,0.0,0.7145808035450361,0.3498024256140521,0.593459874335367,0.38107073179746154,0.7198804021645124,0.23906884961703564,0.41384911388402956,0.3216406037643796,0.0,0.2672379839159526,0.4759326441018946,0.3958849300338084,0.5684281949295802,0.39565427247430307,0.2537340937577368,0.5171374319803613,0.21918043720992653,0.6367364514392535,0.5466664845700415,0.0,0.7540212935622288,0.5083174807320282,0.10118549548635555,0.6219182584286025,0.0,0.3691952081540548,0.0,0.4006352331342495,0.0,0.0,0.2185716824051051,0.28709100689109635,0.28619146051364214,0.0,0.43307776560153494,0.0,0.0,0.0,0.0,0.28462713001403583,0.5019448934151508,0.6462472572564583,0.3534018349613237,0.006939085880934531,0.2257484151023814,0.5722302744179614,0.1092112070776986,0.49070184135133976,0.3568949367787697,0.2771585177854365,0.3417230860100918,0.2713339286556381,0.3494028572861123,0.048113343278541346,0.21839489297219214,0.16207783165013412,0.25615579833541413,0.05338803878304649,0.4939978513005574,0.1047609471474224,0.4209278582485313,0.08289680180549208,0.5792374296604519,0.15949327240029618,0.5065012535046058,0.6260356576659022,0.3908178578952091,0.05164158437158384,0.18198520237051208,0.0,0.0
0.5643381280861027,0.7239422934980385,0.3980828324458863,0.018026257079991656,0.052132004743603966,0.7384056998650991,0.3929593722931828,0.6634013822310313,0.4117840631396219,0.7487711962182231,0.2774767005292376,0.5984508868206873,0.5662661378799557,0.012944856206481642,0.3470540082522568,0.4695879288571953,0.629884270808375,0.44458308708059413,0.4176814099133991,0.4168174609265098,0.4534391720887523,0.3805642285242514,0.6514886834234302,0.5798626316046968,0.7540212935622288,0.0,0.4887006189801688,0.369814149534612,0.4862430799474171,0.0,0.34897967118203504,0.0,0.5264074478576742,0.0,0.0,0.26568651288238304,0.2765064959442185,0.30071897172803513,0.0,0.3607854507833285,0.0,0.0,0.0,0.0,0.23254746943130247,0.4453047894096304,0.3902097936127287,0.380166268511417,0.041198107334747956,0.34222376129915316,0.5188459321513871,0.20439068313220596,0.4901465948555326,0.4405044833932577,0.16061683834256757,0.3544224301775186,0.4279470500043679,0.24901631830799606,0.019526974296978014,0.3369178330598635,0.019512819459539144,0.3812762215476276,0.0,0.4312596663858588,0.2901090657810637,0.2998864780693735,0.27782818259406006,0.5567026629323666,0.08917000092165289,0.08009983959611816,0.6615103738750208,0.42524301449682467,0.24058605452759202,0.0,0.07190630591330421,0.0
0.5794967745654758,0.5352517462654722,0.6613851850002476,0.0,0.04426025574265352,0.6054932744401453,0.4009517700557226,0.3719410375341796,0.6732401371027105,0.6326272074276391,0.5664233134211594,0.12696549712772662,0.08072011206192348,0.0,0.8372165800275372,0.37746949825315873,0.5685105023914028,0.5208103324928242,0.64247557778327,0.796830659710277,0.6851157756940592,0.8018659490078484,0.6410759769869423,0.27286250067256324,0.5083174807320282,0.4887006189801688,0.0,0.4328822854448451,0.6484487493824523,0.2535796138083432,0.4299639756357816,0.0,0.0,0.0,0.0,0.3562086842180589,0.48030396729322206,0.1911336779599798,0.0,0.0,0.0,0.0,0.0,0.0,0.1760341715253823,0.4026052553106115,0.5423349633882341,0.6364959036644278,0.0,0.6294677199396785,0.6985173566599587,0.009287209343169456,0.33375992605571175,0.8111450443323464,0.02865522671696552,0.6232359900428203,0.12213614938562095,0.0,0.0,0.8044531388896894,0.2141297149977313,0.0,0.045838070355955496,0.737507686051163,0.5990840433910414,0.6031881127942271,0.5455226157801573,0.7796417884626576,0.0,0.20497715349252127,0.35438816399320333,0.9624045687982673,0.3581109870308801,0.37752297954850056,0.18771188297328473,0.04542260224985406
0.21373698303279334,0.1201983602530064,0.5983968365881028,0.16325876305371168,0.3469523914385844,0.33967605299935894,0.1938788719755671,0.27856720000582735,0.5630041974597603,0.3945858210396691,0.5316415329932647,0.3212038638308884,0.4532605373436719,0.3427105297369018,0.5329593814337471,0.20262651536445,0.42344350540452824,0.07940441779147461,0.3098577032173498,0.6643982372108715,0.22106114142282457,0.5612727465583809,0.41370218389624,0.0933957625718464,0.10118549548635555,0.369814149534612,0.4328822854448451,0.0,0.1620478468289966,0.5505778337047541,0.46348776667553004,0.0,0.015775977945688358,0.031937067669529334,0.0,0.5019213984625764,0.34606965517117433,0.2852989036301839,0.0,0.0,0.0,0.0,0.030330106218240505,0.1644211338978229,0.08950468736096218,0.22073785770282656,0.0,0.5697913546004385,0.0,0.5759228896835855,0.3268561703918783,0.2387586784834349,0.20522199685535908,0.6637292936550406,0.23835742957524975,0.5638946030920298,0.3394365052260448,0.0,0.0,0.5492729750230484,0.0,0.19971515062619244,0.08745251200761528,0.32293102244896565,0.6613363523091805,0.19332167276767562,0.5709431234915728,0.4118782983499151,0.0,0.0,0.33050520540408,0.48096849795397745,0.7660169273143097,0.0653974944682465,0.2647181610993619,0.2098606125960714
0.6074494779645798,0.6783124509357348,0.21455714930418074,0.04005919910247316,0.0,0.5937266230743752,0.4392934586134211,0.20322320292534468,0.18082883543916678,0.6859148812986569,0.08393121439726431,0.0,0.3264165410322603,0.0,0.34795480732768846,0.6093879375038621,0.6023239411536441,0.6231794346779088,0.41044195988916216,0.22297486889007495,0.7216443751030412,0.41429754734804325,0.49256744047761725,0.22335436357580607,0.6219182584286025,0.4862430799474171,0.6484487493824523,0.1620478468289966,0.0,0.0,0.47803342671325355,0.0,0.2807178975205002,0.0,0.0,0.21939281523580756,0.3544377454374743,0.1227758873635086,0.0,0.3259943333577944,0.0,0.0,0.0,0.0,0.227995464193459,0.5886919951176227,0.7632926629179183,0.268523554547742,0.0,0.15608824743930375,0.6162812098626567,0.0,0.20654048856206714,0.3108354940896819,0.27646910386469914,0.20091177007838285,0.0,0.4039462770901384,0.0,0.34232999834771805,0.4210683949676454,0.17644547437345487,0.28502921237458734,0.48924257858961595,0.0,0.6431379570522203,0.07183925970781652,0.6342068657833431,0.0,0.4830399784141546,0.4509474006053208,0.5967536436399438,0.04747032373774224,0.6440198486497322,0.0,0.0
0.0,0.0,0.5245125005719925,0.046963462020672836,0.41635972796681703,0.02371672064645397,0.010591389439561005,0.24200648498742405,0.5022151292978554,0.05162145492719289,0.585693245182562,0.21495027131357633,0.0,0.3738059530785576,0.4762176985091524,0.0,0.0,0.0,0.2660557428992089,0.5836322394454957,0.16186445747060074,0.4469145408231143,0.2425173283079998,0.1973715547085858,0.0,0.0,0.2535796138083432,0.5505778337047541,0.0,0.0,0.3297358908133159,0.0,0.0,0.0,0.0,0.35002545340584845,0.22652084674456935,0.1391056298476735,0.0,0.0,0.0,0.0,0.07943556923197181,0.17801639171228503,0.017938997096638307,0.04557487890814993,0.0,0.4770720395310953,0.0,0.45539111991621417,0.15992876250194876,0.207869356212963,0.21150724953428013,0.5190763276069171,0.0,0.5255656373303971,0.31735417082999784,0.0,0.0,0.48445905186816035,0.0,0.0,0.021694292523751796,0.31220235988425227,0.6409428229209602,0.16066820800488057,0.561266329991347,0.22443401425034468,0.1583665766808202,0.0,0.15790383960916332,0.3258660689253014,0.6229587838066256,0.0,0.548631489723846,0.34704717873612456
0.5910679136008536,0.31896796927592086,0.5079450404215347,0.05118560724671639,0.0,0.3862128208801018,0.14272264918278454,0.39047477481050485,0.4062998724243205,0.5303922127507138,0.3668215496575689,0.11704629695443121,0.22128662939271943,0.05644148540223669,0.39389169830698867,0.49351207425573623,0.34495367375884445,0.3557825030122147,0.4828627111901528,0.4144453370193295,0.5944637356239952,0.4818424454734693,0.5709511830464582,0.2554934524785672,0.3691952081540548,0.34897967118203504,0.4299639756357816,0.46348776667553004,0.47803342671325355,0.3297358908133159,0.0,0.0,0.19491902597788135,0.03591341138505849,0.0,0.4539672792662469,0.32953784006535214,0.37593905432716435,0.0,0.0,0.0,0.0,0.0,0.07962787304408134,0.21436616854148885,0.6112794561327024,0.46845423380445517,0.5414972859659899,0.0,0.3000248788380375,0.46766731487601443,0.033457930764623,0.38323685391752715,0.4593708483944528,0.36428147528101257,0.4825793521680624,0.10310359152239079,0.18456158499631065,0.0,0.3928952964215222,0.22825148384013766,0.21818534850985002,0.31909134313288917,0.5361765148675848,0.2692834820584605,0.5455481537940312,0.29644081150619317,0.6349370066151026,0.10645110753911478,0.33724610551833323,0.5225012976084873,0.44382684209878076,0.3482417660811637,0.3396160061025962,0.0,0.23755977610216794
0.0,0.0,0.0,0.21844589686751287,0.24095244098474325,0.0,0.03108912504778974,0.0,0.0,0.0,0.0,0.2156572797365714,0.13134407326601638,0.30003615967653785,0.0,0.0,0.0,0.0,0.0,0.0,0.0,0.0,0.0,0.06559796612213056,0.0,0.0,0.0,0.0,0.0,0.0,0.0,0.0,0.16735915459860298,0.4172083848479006,0.3175819704359073,0.0,0.0,0.019709101032991838,0.7860735280092324,0.19816733885814047,0.48199856365670124,0.3846877906707572,0.40872429987720815,0.1078547143426728,0.0,0.0,0.0,0.0,0.41529992577768815,0.0,0.0,0.3438025946114278,0.0,0.0,0.05881360946241698,0.0,0.19341167739890322,0.24673823147624135,0.45186977372447135,0.0,0.15476467344643152,0.0,0.1422331361418002,0.0,0.0,0.0,0.0,0.0,0.29990107793167414,0.0,0.0,0.0,0.0,0.0,0.020559432656557963,0.23764169111898248
0.309267353075988,0.4317229830375394,0.0,0.0,0.0,0.29941297053499805,0.10966124587586623,0.2579146786520894,0.0,0.33974109740109526,0.0,0.3013783253895194,0.3563434758082674,0.0,0.0,0.41172309257621986,0.27334605109923754,0.2279420106089549,0.13392598672010175,0.0,0.1457687842930396,0.0,0.21969635471950133,0.2414332431116032,0.4006352331342495,0.5264074478576742,0.0,0.015775977945688358,0.2807178975205002,0.0,0.19491902597788135,0.16735915459860298,0.0,0.213222877407356,0.04536443862734679,0.03772803140168707,0.09320849079824804,0.27870195555734734,0.02704374348346833,0.6279054634091875,0.20799653999987022,0.17380227355143285,0.162423385222684,0.0,0.15645861468961786,0.2963064837179713,0.24698932338577317,0.0,0.23137821522553015,0.0,0.14471485495800046,0.08022954988009302,0.14540683022402476,0.0,0.14977795372487207,0.0,0.08627544270460885,0.3735271508604112,0.11640332027501843,0.0,0.12568775666177634,0.350397132985581,0.05347004904011668,0.11944151821424655,0.0,0.035086255855258375,0.0,0.16845419259300393,0.0959097322092029,0.13174215962353936,0.40258058611779696,0.0,0.0,0.0,0.0,0.0
0.0,0.0,0.0,0.325888353168144,0.06671749920916624,0.0,0.05297850391548228,0.0,0.0,0.0,0.0,0.0,0.25471152653691986,0.17646011144623572,0.0,0.029510375730251753,0.0,0.0,0.0,0.0,0.0,0.0,0.0,0.0,0.0,0.0,0.0,0.031937067669529334,0.0,0.0,0.03591341138505849,0.4172083848479006,0.213222877407356,0.0,0.24583303492435482,0.0,0.0,0.06936089396094916,0.245416049213258,0.13703727103082008,0.5295888102160949,0.3431671545734897,0.2085963308650014,0.04996215821451159,0.036309127336446034,0.0,0.0,0.0,0.425591373627321,0.0,0.0,0.22102979479635013,0.0,0.0,0.18049366902237562,0.0,0.0,0.19755691104727036,0.29279075219440365,0.0,0.0,0.08911875811687292,0.20100031126000276,0.0,0.0,0.0,0.0,0.0,0.0,0.0,0.0,0.0,0.0,0.0,0.0,0.0
