0.0,0.6754738390932609,0.6321472592456698,0.0,0.3508171188195409,0.6407749693135807,0.2083514520642618,0.4862266601554389,0.6575186219197402,0.0,0.5575044563392787,0.0,0.5784529608393317,0.18452569473790953,0.602352182230657,0.73121802157326,0.32056973381305315,0.6761041383893864,0.6081473737788976,0.7325052502897665,0.7304481432301653,0.7840602012871065,0.5695302481833583,0.49844459537584673,0.7830716933415439,0.6889817717787545,0.7316397707885256,0.6941439051065679,0.6457296621063919,0.5683021937093939,0.5905563717964666,0.2022394703295996,0.579841259249522,0.22383160083561066,0.0,0.29650510291665955,0.30180473608695324,0.44043141140961617,0.07012225514986223,0.533111902519722,0.38193954266279306,0.0,0.4024784869482335,0.0963231923393858,0.1943434106849339,0.7823168910366944,0.7277747916754731,0.3553087181543947,0.33522516720090234,0.3946968500264586,0.5551800832415924,0.12008076078608673,0.3794008651641628,0.3648127241009316,0.0,0.3684253653278119,0.02470632584120909,0.3441288961112457,0.3597591510272561,0.5271744051433818,0.6661819302674692,0.20585262415426442,0.30991563054917076,0.23756259247672906,0.7007880382672399,0.6355192192553423,0.7761204177229692,0.5444882821364427,0.3831029319708352,0.5249557099086846,0.7847826823698016,0.5970877428442452,0.31424921848511644,0.3733133667333596,0.10528614126769839,0.3283511209669319
0.6754738390932609,0.0,0.5243254687656073,0.0,0.5048310034226804,0.7520418800292468,0.47625108755354,0.5994725281136563,0.5874507543561395,0.2255144968886526,0.5114415709592974,0.2150389578177803,0.7762841617420881,0.11390070925881775,0.4396210167896893,0.7886693317719958,0.49757248833158035,0.827819591882976,0.512174587319592,0.47465307132793066,0.592869279115787,0.615407324987344,0.6259374078136504,0.5935929378542438,0.8596440728264438,0.8627820340405747,0.6813349503951441,0.6082123511658597,0.4865854150571902,0.4199746493201335,0.5906337669131805,0.3063901761046075,0.6042444257313997,0.3725518821777444,0.0,0.29273729172589397,0.30349053528976183,0.4719701691837307,0.1592581226890924,0.5126919519345153,0.45899515552215386,0.0,0.3881607936471948,0.16799591057903454,0.2950248923280308,0.5129109619895706,0.7850264795388209,0.26920482684089814,0.28778182474616437,0.3589127559942887,0.653984627678586,0.23114216843220844,0.49184434584797837,0.33884449069237244,0.14086770511094376,0.2897379031603518,0.2924931050719775,0.4884102424928365,0.17386373315424933,0.3333667211058844,0.5335550980057828,0.36550706486605977,0.4358436656338644,0.19879095747465844,0.4325959760544482,0.43608368533362163,0.5627614802566888,0.501752295561848,0.4769247852731442,0.6477536308455614,0.7710432664553104,0.5046896823587107,0.40901392946881243,0.24453897790771503,0.23832115860218284,0.19449078979150003
0.6321472592456698,0.5243254687656073,0.0,0.0,0.4008634403795837,0.5550979513998779,0.3137429981987365,0.7249592351180942,0.7036899985568436,0.18054770193970832,0.8246300297739496,0.09012238767922978,0.5430514999422154,0.023105748696468795,0.39506657818488855,0.3908792494130409,0.4343177384035164,0.5539931113084762,0.7281121220345568,0.4625293134583468,0.5650940184067276,0.5330316621226343,0.8043584591493558,0.4487159510832288,0.6892004501119341,0.6036505143898099,0.6825040046054685,0.4902102819105727,0.30346235916021685,0.3468280761025241,0.384654094942566,0.3426190805895718,0.459698608926732,0.184526452248356,0.0,0.09282084143283416,0.15267043690746562,0.4072936915609273,0.2814047717097799,0.4509538562953155,0.11536572384091154,0.0,0.37389910677529914,0.09055469166676101,0.26923322024055796,0.4926135549647973,0.5263414741445538,0.4642441647571274,0.3705314924905474,0.501235800507627,0.5980016872039988,0.2976775493384074,0.5178918785407276,0.5079666129770224,0.11481560530000981,0.5647716914793367,0.20026490793915055,0.4643479799665013,0.0785959112284926,0.22086178368835555,0.26864230840086817,0.33575475113281045,0.3289717049811597,0.44510126457152777,0.6357371507614356,0.3110821502497717,0.607018665483411,0.6119143263968131,0.3785347545842278,0.528245910126173,0.6221073412000291,0.5212386861876731,0.4017272631656441,0.3437541766192549,0.1651940204518707,0.2926874320056847
0.0,0.0,0.0,0.0,0.35623631575437864,0.0,0.35803763364092617,0.0,0.0,0.23792291242306945,0.06111476393045623,0.19781140130376232,0.10277670785676521,0.01510454116580251,0.0,0.06474747334672357,0.14432020871033308,0.0,0.0,0.0,0.09880658722363965,0.0,0.0,0.04179163663220191,0.0,0.004219180200101591,0.0,0.045950173110261644,0.0,0.047328115199370205,0.1916857117647286,0.16057435527412947,0.09368124121942539,0.2605515966140696,0.21477072698883432,0.15802412679469524,0.2412960277456248,0.10461705606808516,0.1067910471857147,0.019461065932283805,0.11399612150107828,0.0633046790682667,0.14831614981981714,0.17527785538894547,0.004469583131348764,0.0,0.0,0.008564621958832438,0.2955998447594868,0.1827206976009539,0.0,0.22187074435701337,0.0951344658968977,0.11129881310813379,0.26217757068420017,0.1404813044997247,0.2787706387865475,0.15965746583454896,0.0,0.0,0.0,0.1894120308671907,0.07041967233318822,0.10328429555227665,0.0,0.23356599241248177,0.030883007412436186,0.0,0.0679964122149309,0.012419694933197417,0.010040950467805052,0.0,0.1883223315988054,0.12194001620935038,0.11542127555845161,0.012884158227000314
0.3508171188195409,0.5048310034226804,0.4008634403795837,0.35623631575437864,0.0,0.14301413122267845,0.8065550037191718,0.34563700550275134,0.4645849009793642,0.5733964168203518,0.6609996230036312,0.32945193084887403,0.4776493679347642,0.0,0.20940228489723017,0.3718030061617733,0.6266058098513695,0.4602678950820772,0.43413656823487146,0.07248708725534092,0.36114635863595623,0.3975822272720665,0.30658666153277536,0.3511707847145328,0.547125267815745,0.5299789065004064,0.281070033527865,0.34375680521849916,0.07508134886290735,0.3138908169471892,0.5618990417951005,0.6417147757115358,0.4782772553014055,0.4443184837851557,0.35443182296668185,0.02555738217836384,0.05681369731036856,0.32426714076482926,0.564779836200002,0.36397595777063174,0.3447108386698112,0.0,0.15618991015883255,0.3224537773679362,0.3065648485234016,0.3373126043803392,0.35996987541874503,0.44515402646689034,0.32127820468834584,0.5902879447326639,0.40782065965422426,0.5463122498017783,0.4115604366234838,0.4617750657856633,0.4852166612598406,0.44295331068161636,0.38515452793100147,0.5284893689644807,0.0,0.0,0.1521704572054974,0.4865120213269677,0.41183625972847504,0.37760869654846896,0.15216352381516024,0.359353530865817,0.4686655687584761,0.25916029822120645,0.3788249070816654,0.5427198913476545,0.44651440003236537,0.14880246849003184,0.47261569466288733,0.4060100561852822,0.4499486261036363,0.39713359500348466
0.6407749693135807,0.7520418800292468,0.5550979513998779,0.0,0.14301413122267845,0.0,0.07695801766366434,0.6355403590927954,0.6188285225586123,0.0,0.3527651599855912,0.0,0.7575325139424294,0.37219375349085165,0.3282952046705102,0.6589481627767128,0.07564482897512137,0.7325735916777876,0.4767214050037583,0.691106783838969,0.4790126386651543,0.5277857090163036,0.7650908115056109,0.3618851543019973,0.6988519052560924,0.7386792124326851,0.7692312814878428,0.6737814223786861,0.62744601266565,0.26965159632416613,0.18170971173762218,0.0,0.23811726985665876,0.0,0.0,0.3465969472046982,0.23109197441516016,0.31080787948810584,0.0,0.26702916988009284,0.1602701847686135,0.0,0.27763031460989307,0.0,0.0,0.34728311169773873,0.7032750992828675,0.13425799621516166,0.07299084988757969,0.05848787223150312,0.5828200281140219,0.0,0.531895849219232,0.14332651208584263,0.0,0.1972176316296307,0.04711594767693489,0.22233635765410475,0.3929006530612829,0.3856600433684533,0.4102255195535724,0.0,0.052641557516307586,0.0,0.4384911963527399,0.2770491295936764,0.3498896472183323,0.7235013648109956,0.16794031543698457,0.36833004354613186,0.666980780216592,0.5219148985518408,0.057974799894896345,0.0,0.0,0.0
0.2083514520642618,0.47625108755354,0.3137429981987365,0.35803763364092617,0.8065550037191718,0.07695801766366434,0.0,0.38126179326905896,0.46027252408170194,0.7719251964794818,0.5828786509821771,0.6010897228828516,0.5340184398713551,0.0,0.1315028994094788,0.2816123852478176,0.7624985690257059,0.45677205258474474,0.3283323706120592,0.0,0.31727080661910634,0.32137250504885095,0.23516998438097483,0.34490878650314516,0.476732065346428,0.4096637704148678,0.1911652545893928,0.30482287018649934,0.015054116813345675,0.3927017390564178,0.6247290554827021,0.723327827983206,0.4837407231816419,0.5896885281137245,0.5585090779907746,0.0,0.15126056450259345,0.48913488053284604,0.6149720911088888,0.2634341742510395,0.28672051929560427,0.0,0.27065663459835615,0.3961580003343534,0.4014752021611775,0.2759070118805768,0.37763959634247524,0.4985314836033846,0.4511844176139995,0.6913037455266877,0.47521937956877897,0.7258468277825235,0.42404915137234345,0.5663666838189009,0.6787131514216707,0.4894593705586373,0.6334263924974411,0.6431310015156717,0.0,0.0,0.06815474780713135,0.6621565176084007,0.47477399626771255,0.48414403703216247,0.09550786076731008,0.2780463326867834,0.3969732640419628,0.19252841735925247,0.3792624122509177,0.5968090067700932,0.35259501840565755,0.11411963347525525,0.6274316465686952,0.4401455783089254,0.5032022793348409,0.42651351742973653
0.4862266601554389,0.5994725281136563,0.7249592351180942,0.0,0.34563700550275134,0.6355403590927954,0.38126179326905896,0.0,0.6085921328884314,0.26088150339169885,0.6124643308381595,0.4203392557586839,0.7032603386293643,0.06607702621857853,0.28364118597104226,0.40244511787951404,0.5220832045937548,0.605004919593609,0.5233106158065187,0.34244463848868356,0.4594613825614379,0.42185074364412545,0.8330421354259951,0.5663268273454806,0.6029009778330305,0.6894900159874269,0.4991096451539587,0.4996836606605225,0.14940549073740733,0.36357063852261673,0.314656280434329,0.3441090466385186,0.4386853138305741,0.2504348333638877,0.023466426852511164,0.10757685157228376,0.15277453463704715,0.47752937931634387,0.2141506937337042,0.32155009345309765,0.12146418831180006,0.0,0.45383929384768124,0.10507271023610472,0.18353471583707678,0.27595144670413574,0.5653678890236558,0.29535877123049703,0.4132530434283262,0.4830100794510863,0.6845248537436965,0.3581090292841345,0.6798921368710508,0.3887700841128835,0.22707218113069785,0.390090977616763,0.5042143452284198,0.5880204566989623,0.05603192185361405,0.04605322457025807,0.07939094179615765,0.41552518870977617,0.23442161688417124,0.27632881445792656,0.39559195544882225,0.21516012329455408,0.42835657272741207,0.6697038900986196,0.44796212496914545,0.4729042084017847,0.6368927165396916,0.27067272594231445,0.4094945097411682,0.10841141884386275,0.15016355954234278,0.09958442669492049
0.6575186219197402,0.5874507543561395,0.7036899985568436,0.0,0.4645849009793642,0.6188285225586123,0.46027252408170194,0.6085921328884314,0.0,0.15740208531123848,0.7084978814194032,0.23892595893673152,0.6978549703867589,0.0,0.3712588802587851,0.5409738696177882,0.37099856321867347,0.7020269404654665,0.5918004828756359,0.6627126168266193,0.592430268923299,0.739238406929856,0.6560832241690371,0.243042155720796,0.7023074393223596,0.5963779496783377,0.7308617960135579,0.7236434374368932,0.5038178122817016,0.5206980942567274,0.548758673456651,0.3977758838450182,0.33476464557388275,0.21970250271090064,0.06436342369765402,0.043394561792124656,0.2969207885943068,0.561766887315797,0.21709811084610775,0.24569094873745864,0.2281175485639482,0.0,0.33958674367449415,0.17263207242195933,0.14321367178292357,0.5703237668506376,0.6455171889524838,0.7154781006410444,0.4227834816308015,0.5787240826710048,0.5988829730151762,0.3487804996086142,0.5514379246601989,0.6698135478825793,0.08598107800004032,0.6492690602946549,0.2511892143572088,0.5327061716206698,0.013295501664245646,0.14479002081205344,0.30653193547932955,0.3150517967928115,0.23641289308128974,0.38595693473391335,0.5106623391309401,0.377873803431364,0.6030965568359847,0.6538609545766311,0.1931408911034355,0.524193370186123,0.5796068714774173,0.4563013741850581,0.4981765743585205,0.2624760635465393,0.037216265491234496,0.10736572066062126
0.0,0.2255144968886526,0.18054770193970832,0.23792291242306945,0.5733964168203518,0.0,0.7719251964794818,0.26088150339169885,0.15740208531123848,0.0,0.4725274606775286,0.7643932655068185,0.3073393205132078,0.0,0.07183478546631619,0.060096106505889424,0.8694466292745135,0.21269592082414512,0.11988426411781608,0.0,0.08917256206118895,0.13708045028991633,0.023036769823785885,0.3528026813926831,0.23115073435654404,0.24884715325943424,0.0,0.07490940963607173,0.0,0.3268087758557057,0.5635504176423585,0.8241813472977635,0.4743830303286247,0.7301734470276211,0.6960083385441753,0.0,0.048352175572577455,0.4548883859624355,0.8158819879621181,0.18772567028451298,0.2287363352410398,0.020657520299321268,0.26271057510058154,0.4048500278508846,0.500255078652019,0.1822029960280327,0.1155924058596608,0.37547206414158085,0.453644434607689,0.7181475270993027,0.38021686506657404,0.8928024819855582,0.21944632506034217,0.536960962063213,0.9413733541447631,0.3162888798097004,0.7580512405921832,0.7110870977762216,0.0,0.0,0.0,0.8545795687377631,0.5899902161588344,0.5675753507005489,0.0,0.11902676288200717,0.30017726010684215,0.0,0.44167666656917987,0.5042271694961036,0.20651782931828175,0.0,0.7572778825838926,0.48369320611475664,0.5881442985325845,0.5101151795712409
0.5575044563392787,0.5114415709592974,0.8246300297739496,0.06111476393045623,0.6609996230036312,0.3527651599855912,0.5828786509821771,0.6124643308381595,0.7084978814194032,0.4725274606775286,0.0,0.2605869250585472,0.5599558603888248,0.0,0.3630377792043407,0.41757265917041897,0.6550158185995835,0.5913470921619831,0.6485630390892778,0.32894229408551023,0.5085977057675908,0.5732466317714212,0.5718606632277146,0.4871738464313712,0.6760258050990748,0.5996116463736189,0.48906742687460725,0.5000945050665662,0.17571331908471516,0.4956231962154586,0.591448443735206,0.6517707037507925,0.595494023325045,0.4598737265884297,0.3135768626325484,0.10332879538589299,0.21279851125427915,0.5461483960087007,0.567073907816378,0.48317509378117907,0.27688851105782347,0.0,0.3872052456554216,0.27706902593799715,0.41042596007891147,0.5487916091357052,0.49872112481228914,0.6215311470800827,0.5416527532601562,0.7330109485287211,0.6380711218146141,0.5925813176319427,0.5120475103244562,0.6367534077655912,0.401505761752043,0.6705351737907065,0.37416485549889456,0.6349315269055941,0.0,0.06129224985372295,0.17545615842921647,0.5355646438992334,0.4272408533209206,0.5590144478196004,0.4571178280394209,0.37981994551241505,0.6447227084018193,0.4307723753786902,0.4577702819603561,0.5945255054198032,0.5838025377428521,0.32499893241886035,0.5767498530887574,0.43228094380091825,0.3893933087925014,0.4535960005077712
0.0,0.2150389578177803,0.09012238767922978,0.19781140130376232,0.32945193084887403,0.0,0.6010897228828516,0.4203392557586839,0.23892595893673152,0.7643932655068185,0.2605869250585472,0.0,0.4550406480681596,0.0,0.024256347170292042,0.038585648494613684,0.6474438668652508,0.23177635641524882,0.06731588948349446,0.0,0.0,0.1271998817610621,0.1609640752017991,0.31277651643113313,0.08561345911460111,0.26128938282314895,0.0,0.2233588612320371,0.0,0.33192976439631017,0.41896956515517925,0.637158610549408,0.21592029433767196,0.6050036885925988,0.7531029315277658,0.0,0.07652601940494716,0.45091257507463806,0.5021901522475174,0.0,0.16096317882359376,0.0,0.34339952236527854,0.23598608548698596,0.29128958302665875,0.0,0.15056586078174958,0.2602537358052946,0.3972632242726364,0.5020191103015057,0.36616737820369294,0.6679124879117437,0.373798538353828,0.4204315516589665,0.7238327340182932,0.2077725157683981,0.8833338781238944,0.6483047951827692,0.0,0.0,0.0,0.6881538531132807,0.3594225325857659,0.3281171576921281,0.0,0.0,0.1656806293453964,0.08388306452618202,0.28584788024681246,0.36300879662470564,0.1857944214401585,0.0,0.6644804441376468,0.1658959412208754,0.3521237956872198,0.17104489127930103
0.5784529608393317,0.7762841617420881,0.5430514999422154,0.10277670785676521,0.4776493679347642,0.7575325139424294,0.5340184398713551,0.7032603386293643,0.6978549703867589,0.3073393205132078,0.5599558603888248,0.4550406480681596,0.0,0.0,0.3278152344878033,0.6958880325338868,0.5922349126742025,0.8707131910962709,0.4445468451622312,0.5047467361989214,0.48256357523719096,0.5900524237263808,0.6680056039504314,0.4581222874937946,0.7125032929606636,0.8148578595579117,0.5441419090518722,0.7733175982788514,0.41344850039882786,0.48936038934726334,0.5308819556934378,0.406772435450929,0.4816039451992453,0.37970698389913865,0.1686161074417355,0.12492344121146579,0.25748309051577406,0.5973511660113099,0.18476038635577305,0.3059888560812612,0.31180392775576615,0.0,0.41800147756334893,0.09691051373211346,0.15495237308132775,0.4579098268849173,0.7361524196629963,0.3884716632866453,0.39655583601668004,0.5031245523623181,0.6940446977298096,0.3661348574650886,0.601133310644985,0.49738557008042145,0.1947272058135335,0.42019436812296507,0.49023403205277516,0.6864981071068454,0.012742974261796408,0.1227441258129747,0.3147122551665741,0.4303925776450592,0.32354784119228885,0.22522989393434667,0.32661404164629815,0.3618511199257142,0.4806788321746629,0.5815343519566569,0.33934251498131707,0.5602260898182367,0.7339066410790587,0.2591196612336937,0.515109965662411,0.10584018993646653,0.08635021664793974,0.0
0.18452569473790953,0.11390070925881775,0.023105748696468795,0.01510454116580251,0.0,0.37219375349085165,0.0,0.06607702621857853,0.0,0.0,0.0,0.0,0.0,0.0,0.08866117228834498,0.16336015537154264,0.0,0.030458817351416013,0.0,0.3844806205828477,0.23913275145832721,0.046870469897251674,0.17050564999224072,0.0,0.09414410849736247,0.00993459289270654,0.3035775709347403,0.14960837228405477,0.46295131452271715,0.0,0.0,0.0,0.0,0.0,0.0,0.3338253132739312,0.16381646338723677,0.0,0.0,0.0,0.0,0.0,0.22041711397101094,0.0,0.0,0.0,0.1848798766214444,0.0,0.0,0.0,0.0,0.0,0.07812955105697228,0.0,0.0,0.0,0.0,0.0,0.6493189248741584,0.44581107422772587,0.3032438684502553,0.0,0.0,0.0,0.1533626921010307,0.15463181829017647,0.0,0.2400805455632488,0.0,0.0,0.053644532312683874,0.2518141963043404,0.0,0.0,0.0,0.0
0.602352182230657,0.4396210167896893,0.39506657818488855,0.0,0.20940228489723017,0.3282952046705102,0.1315028994094788,0.28364118597104226,0.3712588802587851,0.07183478546631619,0.3630377792043407,0.024256347170292042,0.3278152344878033,0.08866117228834498,0.0,0.4472639797991498,0.22993107355603637,0.3604065465394508,0.4950669888112091,0.5798379220844068,0.6329391518576842,0.6427017039750419,0.3391222810318997,0.3874165288334023,0.4809790860205484,0.42631899290898945,0.4841716288366256,0.4675368298347295,0.4406444387568049,0.4333195700516679,0.44931256847605394,0.18700788680674618,0.5465724227991573,0.3661755419200547,0.0,0.10473634769466661,0.13052344017387563,0.3531720961950597,0.16739449873384163,0.5436879513834656,0.4787571210743902,0.0,0.27955237080889145,0.0,0.2396599728805071,0.561999477859968,0.48663992692882957,0.11485381497967667,0.07226375078394748,0.19909530589813246,0.3206368263732955,0.10692373682704873,0.19022588531612145,0.1852150016045212,0.04003345944276751,0.09942918650322208,0.0913371036838102,0.17387870241275724,0.07492923624054307,0.6432752755435738,0.5117461290727733,0.2091810764976338,0.26956296889820985,0.13754654299398095,0.7079084753184751,0.5967471938552088,0.7460959086939745,0.29035298428099965,0.30505887392438436,0.3783046864168664,0.5026981516273282,0.5079266693165099,0.32829510862909683,0.5018129663698071,0.212000287091691,0.37987223914592894
0.73121802157326,0.7886693317719958,0.3908792494130409,0.06474747334672357,0.3718030061617733,0.6589481627767128,0.2816123852478176,0.40244511787951404,0.5409738696177882,0.060096106505889424,0.41757265917041897,0.038585648494613684,0.6958880325338868,0.16336015537154264,0.4472639797991498,0.0,0.38789316478943975,0.8602342252250744,0.3623072535908606,0.6245920562756506,0.5641885359626342,0.751927393409303,0.4267865798773538,0.40815480310740193,0.7556316066310833,0.763787079224928,0.5848711686979373,0.7641761295685046,0.6426787032491071,0.5643069445480432,0.6173760197325091,0.21926198261987204,0.4987308711174311,0.2711168056731914,0.0,0.3668704379171047,0.37238420418275986,0.436224182595937,0.024943937763375806,0.39610928848064186,0.4597268986737967,0.0,0.39276232177762627,0.1362654857897478,0.07265984886098231,0.6273195341750845,0.7166419255585768,0.272475732178979,0.3375403245904052,0.3187395001653076,0.44454827511876477,0.14079873804393236,0.3451591547719588,0.31630500417942137,0.0,0.30197415630568236,0.10895412786526361,0.43097149329395645,0.33494103564729694,0.3411566453198265,0.6088055710686763,0.20182844634879904,0.3386377893990355,0.14942868652524735,0.3938480983615851,0.501538732841444,0.568721796013316,0.3501473766476799,0.2733979697245344,0.4386140509790319,0.7237254123264552,0.3334279327743168,0.3563409534643074,0.1414829490036119,0.05363529081535165,0.10306899701497066
0.32056973381305315,0.49757248833158035,0.4343177384035164,0.14432020871033308,0.6266058098513695,0.07564482897512137,0.7624985690257059,0.5220832045937548,0.37099856321867347,0.8694466292745135,0.6550158185995835,0.6474438668652508,0.5922349126742025,0.0,0.22993107355603637,0.38789316478943975,0.0,0.5572465393954369,0.30593560684657184,0.0,0.3285347189477883,0.39086432597591125,0.3164149497786804,0.5516062601278053,0.5171225230921643,0.5766994939118552,0.07436036162103127,0.3547741136143915,0.0,0.49003878310047533,0.6895773708056513,0.8278515512091642,0.6737710885262354,0.7757643131356592,0.664623557332142,0.0,0.17470855525214557,0.6415836617277185,0.7626085484402756,0.3971883190034997,0.35885522314732843,0.0,0.45897737747930006,0.3723391498333253,0.5492569568939396,0.42765286001330094,0.38010524942605994,0.46759373883168587,0.5600083453592579,0.786075924915064,0.5803151014098784,0.8293175559340051,0.3833573449841106,0.6086153554223132,0.7867775214108688,0.4701673938724559,0.6912523025837364,0.8034921118691831,0.0,0.0,0.023006987263320955,0.8712563096295292,0.589390053367513,0.6075928119594172,0.21349184437860508,0.24819886698743998,0.5079012687843438,0.12039755067124049,0.5629372677185583,0.6119952022628443,0.500268748841481,0.0,0.7802047673883195,0.4428874280187321,0.5843876743088406,0.5000870223032189
0.6761041383893864,0.827819591882976,0.5539931113084762,0.0,0.4602678950820772,0.7325735916777876,0.45677205258474474,0.605004919593609,0.7020269404654665,0.21269592082414512,0.5913470921619831,0.23177635641524882,0.8707131910962709,0.030458817351416013,0.3604065465394508,0.8602342252250744,0.5572465393954369,0.0,0.4043385996579062,0.5934006926889986,0.5373371824055538,0.7549277767511089,0.584930941005745,0.4499784006873312,0.8351769908918428,0.8413195100232884,0.604385325051293,0.8103581233550746,0.5298002542384942,0.5699265526685526,0.6137732825923028,0.38854216414999776,0.5383298811366899,0.31372952010415617,0.1360658933184169,0.23993218590654705,0.3746055410629912,0.5682934576870659,0.17683651794693397,0.40626156439084926,0.3583333867030523,0.0,0.4347142191946713,0.16789906017859152,0.1288341286233624,0.572031609625467,0.7492220580185216,0.40989709346417597,0.45196802739358843,0.4979785300188527,0.6031461220972155,0.3272168312715961,0.4779436481173768,0.48951435453518477,0.1218436951314881,0.42025674452056555,0.31464402642016576,0.5982980120990253,0.21788076034374743,0.20416580760562908,0.4618882485890009,0.3551432058743673,0.39529868441010696,0.24123231573165851,0.367609894293503,0.38871181259456267,0.5655971721708051,0.45177877574854053,0.3458113619748243,0.5835875750775538,0.7557317644894277,0.3029078031923582,0.4757003285075832,0.1257379899075543,0.07580804851232359,0.07295258100431892
0.6081473737788976,0.512174587319592,0.7281121220345568,0.0,0.43413656823487146,0.4767214050037583,0.3283323706120592,0.5233106158065187,0.5918004828756359,0.11988426411781608,0.6485630390892778,0.06731588948349446,0.4445468451622312,0.0,0.4950669888112091,0.3623072535908606,0.30593560684657184,0.4043385996579062,0.0,0.3497307386729344,0.4652325034230478,0.4310521602369622,0.5980984972538117,0.5314447096232312,0.5403150729798112,0.5681700446953082,0.5942126890740689,0.3738845405166996,0.25596883959933947,0.26069694852377545,0.3398224250222908,0.2775627669772954,0.4843945583147906,0.23607698982756892,0.0,0.16139572465474683,0.03031062338039793,0.2175390166025748,0.26704926675894797,0.59150448227145,0.31413723870301447,0.0,0.12482606978920542,0.10855855132857536,0.3385470368295186,0.46655424633098874,0.4904190277140491,0.46817078132473056,0.13526632747127798,0.37659517330349707,0.5783370937044449,0.20210411204319131,0.40231036871039993,0.45189553160406204,0.11849928722882078,0.4568757166859069,0.13072912069524717,0.37423685900744214,0.0,0.34659106724119415,0.40549815637978043,0.2639818640768234,0.4789800419310945,0.4315566499954438,0.6248143063673183,0.43564516698994127,0.630707056341573,0.45974723325077044,0.45229072054734665,0.5159086658975458,0.6081736283694089,0.5880778349885949,0.346938881188556,0.48292008653437835,0.32484062464189406,0.45872500569878216
0.7325052502897665,0.47465307132793066,0.4625293134583468,0.0,0.07248708725534092,0.691106783838969,0.0,0.34244463848868356,0.6627126168266193,0.0,0.32894229408551023,0.0,0.5047467361989214,0.3844806205828477,0.5798379220844068,0.6245920562756506,0.0,0.5934006926889986,0.3497307386729344,0.0,0.6451082810720175,0.8330753635604728,0.4605083539609693,0.06596466777561638,0.6178176012703196,0.41980240062908025,0.7734476374253904,0.7662249008350781,0.902926644335724,0.5760896642954128,0.43276927964762135,0.0,0.2637892627637323,0.0,0.0,0.21188480076738142,0.33392390490452406,0.43307860170661794,0.0,0.2237768850544704,0.1841409097968076,0.0,0.33303213322628594,0.0,0.0,0.6172523790726381,0.6289155590323137,0.2545556864439083,0.1847050825278227,0.07357768552436728,0.26942485624837104,0.0,0.33703804107959834,0.2327044719716697,0.0,0.2269769186518763,0.0,0.05754361221435028,0.400971190229608,0.5656675836983144,0.5685859161991177,0.0,0.0,0.0,0.6226953241357692,0.49812029497029914,0.5620263691364884,0.5127437720547141,0.0,0.31294071466676354,0.5035149919316956,0.5167767103570685,0.1294948149913786,0.07876425373028545,0.0,0.0
0.7304481432301653,0.592869279115787,0.5650940184067276,0.09880658722363965,0.36114635863595623,0.4790126386651543,0.31727080661910634,0.4594613825614379,0.592430268923299,0.08917256206118895,0.5085977057675908,0.0,0.48256357523719096,0.23913275145832721,0.6329391518576842,0.5641885359626342,0.3285347189477883,0.5373371824055538,0.4652325034230478,0.6451082810720175,0.0,0.6993392174336465,0.5237510160888359,0.43189281467540586,0.7394809822249246,0.568807346758481,0.6760777983889061,0.5799359856500788,0.5972038091402401,0.45059412219559286,0.5390463331261245,0.2374141456216436,0.5449210850438492,0.2454127652461639,0.0,0.11645310618473947,0.27366050476424225,0.43456042168775555,0.13046557336678083,0.4516820067073295,0.31216510616929694,0.0,0.462177597879893,0.04484628310452237,0.19377644236793778,0.7065091851852853,0.6618064890401261,0.2621347394109609,0.34993036589064686,0.37191114735628067,0.486516720771767,0.18907704620700216,0.40045819143109296,0.3213288559380778,0.01863478413726416,0.30036383010583534,0.10834782762417534,0.29580754605308385,0.264863074269047,0.5038813166917798,0.5702517079673598,0.2890391118077557,0.2653672876894169,0.17359079286608442,0.6983140054531507,0.6953910075727581,0.6790348535662936,0.5448734284644264,0.3616410586582427,0.5144864255515101,0.6530818150144695,0.6500216157181431,0.3560126662663706,0.46472992199713853,0.07359653539197569,0.281086593694446
0.7840602012871065,0.615407324987344,0.5330316621226343,0.0,0.3975822272720665,0.5277857090163036,0.32137250504885095,0.42185074364412545,0.739238406929856,0.13708045028991633,0.5732466317714212,0.1271998817610621,0.5900524237263808,0.046870469897251674,0.6427017039750419,0.751927393409303,0.39086432597591125,0.7549277767511089,0.4310521602369622,0.8330753635604728,0.6993392174336465,0.0,0.4487399528867086,0.33172035914207765,0.7342974347348186,0.5914892326654998,0.685186431959257,0.817274354926632,0.6715144900019503,0.7255681236813571,0.7576500804734951,0.40122251022964106,0.5742810926937405,0.35063293680181795,0.11463942217480656,0.1392809657080534,0.397088525322695,0.6139163108079033,0.21709441292502277,0.4388321772891719,0.4329581120990362,0.0,0.4419561769717315,0.09993643657668941,0.16905687507356715,0.781362085376708,0.6885855342941791,0.4723373980262467,0.4029044790693883,0.45157886037172745,0.4391675016749451,0.27698113660060214,0.3961091847564189,0.4566370839257863,0.06520742836033455,0.39280520443985045,0.1581263011701404,0.4091358328777809,0.1980616986919148,0.39390328961210785,0.5714699765162741,0.300083244790385,0.2355486844918534,0.26036508340577397,0.6420821051930897,0.5683942693858559,0.8175456602173861,0.4235060272605884,0.2578992246174035,0.5134188529677528,0.6402869784008652,0.43868906085779497,0.49752391209997604,0.35398318601241907,0.10595027118453632,0.25725487638102496
0.5695302481833583,0.6259374078136504,0.8043584591493558,0.0,0.30658666153277536,0.7650908115056109,0.23516998438097483,0.8330421354259951,0.6560832241690371,0.023036769823785885,0.5718606632277146,0.1609640752017991,0.6680056039504314,0.17050564999224072,0.3391222810318997,0.4267865798773538,0.3164149497786804,0.584930941005745,0.5980984972538117,0.4605083539609693,0.5237510160888359,0.4487399528867086,0.0,0.4589020158231384,0.6588894673563823,0.6969584963015407,0.7264677408343243,0.5354913891334792,0.306211973241676,0.25054325192441385,0.23369835951877146,0.20661598423745633,0.3605632503163479,0.06169984217532547,0.0,0.12982260455618386,0.13169395196402686,0.3213719263513576,0.07972675706424726,0.32549322519601354,0.08595868749408167,0.0,0.3282662741393406,0.018150180484246534,0.11503875187729308,0.34083281533105736,0.5512804526353599,0.32185341915216886,0.25512534874258,0.36400350946669263,0.6674966656308526,0.15355403769800724,0.6095308526602264,0.31826404064791436,0.0,0.3371773149816062,0.20373579734645408,0.428468638776478,0.11828085735618207,0.19179552058627383,0.20463056520994155,0.22961534920856375,0.1947297088286284,0.17227622610230503,0.5297813949092494,0.21129062087929892,0.43585940952145297,0.8359680237187849,0.3248569125428447,0.3967385018149364,0.6468257845523089,0.5143462542575645,0.28433658242630283,0.15863038332735951,0.053012855249085236,0.0981271062015214
0.49844459537584673,0.5935929378542438,0.4487159510832288,0.04179163663220191,0.3511707847145328,0.3618851543019973,0.34490878650314516,0.5663268273454806,0.243042155720796,0.3528026813926831,0.4871738464313712,0.31277651643113313,0.4581222874937946,0.0,0.3874165288334023,0.40815480310740193,0.5516062601278053,0.4499784006873312,0.5314447096232312,0.06596466777561638,0.43189281467540586,0.33172035914207765,0.4589020158231384,0.0,0.558390890125605,0.7432166263553133,0.28467037467992873,0.28164612293524,0.0,0.2812117928046828,0.4211620702299216,0.45670019103856185,0.6576611121138577,0.4989230014523707,0.003929165861893277,0.28686742873250826,0.15502269653494571,0.29063294070869206,0.4392266802694055,0.6370529223927952,0.42195031179418574,0.0,0.3905302496220051,0.33611636303312503,0.5110589197845685,0.41754396568410207,0.5162801960975151,0.11892959721719552,0.3005588072939575,0.4511818993539123,0.6544740270860476,0.37416583107469253,0.4403595977055468,0.22379772926905062,0.39797289494891497,0.20212345182194466,0.4326761471314172,0.5504731532351956,0.07689412378551294,0.1088607268910974,0.3177870347598317,0.5176315608278353,0.5691506307467142,0.2749049393708185,0.391987381373613,0.34801582480076054,0.5199484074188516,0.32467563415662165,0.8571586605112942,0.5282481710110272,0.7470434266531063,0.29946384098665557,0.43782116494656664,0.39597924983423144,0.5422319869975617,0.5456922355696836
0.7830716933415439,0.8596440728264438,0.6892004501119341,0.0,0.547125267815745,0.6988519052560924,0.476732065346428,0.6029009778330305,0.7023074393223596,0.23115073435654404,0.6760258050990748,0.08561345911460111,0.7125032929606636,0.09414410849736247,0.4809790860205484,0.7556316066310833,0.5171225230921643,0.8351769908918428,0.5403150729798112,0.6178176012703196,0.7394809822249246,0.7342974347348186,0.6588894673563823,0.558390890125605,0.0,0.8205422350734749,0.7836383398078997,0.6732278483111167,0.6006051358067046,0.5141436142434275,0.656370370035001,0.3401158976887618,0.625917620681341,0.3226038869018012,0.0,0.24017156551159174,0.3632330387766624,0.5502327821517626,0.22207649103186053,0.5226141405231806,0.35044343725557436,0.0,0.4339192040294817,0.17358715895060983,0.2990916829433249,0.6993412478918559,0.7867260757357343,0.3892130865149453,0.4049772466569922,0.5057057554556785,0.6870469912548467,0.2918851140522237,0.4785945151727226,0.4602617329258635,0.10947942328004096,0.3997022229196463,0.16116061067895918,0.4821268460554763,0.26584771071714636,0.3734941667988681,0.6264618516450777,0.3879487777759857,0.4334744919356518,0.27410275209819474,0.6052178199595732,0.5085992016142529,0.6760105412703964,0.5410954338075074,0.48174633961605295,0.7446476766176904,0.8073601743478787,0.6259790838553811,0.4343143407194575,0.39673595565617725,0.22021823411008476,0.30403343309342046
0.6889817717787545,0.8627820340405747,0.6036505143898099,0.004219180200101591,0.5299789065004064,0.7386792124326851,0.4096637704148678,0.6894900159874269,0.5963779496783377,0.24884715325943424,0.5996116463736189,0.26128938282314895,0.8148578595579117,0.00993459289270654,0.42631899290898945,0.763787079224928,0.5766994939118552,0.8413195100232884,0.5681700446953082,0.41980240062908025,0.568807346758481,0.5914892326654998,0.6969584963015407,0.7432166263553133,0.8205422350734749,0.0,0.6195578483609441,0.6436095759858973,0.3520887427779942,0.39672496193180307,0.5568244661647538,0.3950510241143964,0.6645047129033751,0.4693019997834268,0.0,0.29411069992586614,0.24334044356641124,0.48593413802786156,0.27026971816698553,0.5500838043852689,0.459760656470426,0.0,0.41276340570074344,0.17666867326832764,0.34453361184968756,0.5513681130050379,0.6948582372440708,0.31554304914810277,0.35985361101849417,0.46786706321273785,0.6969822552195049,0.27215939389655014,0.5174784459731693,0.3914586213807307,0.17802628804092693,0.32771152578944607,0.32653584163084637,0.593828726107777,0.12383530337644676,0.22829013519108737,0.4297983573645692,0.395874438253089,0.4399531650188083,0.25194484181493976,0.45225224154316546,0.38436167158188017,0.5935397995394618,0.5335557320080642,0.6270136818016516,0.5696644387504289,0.8671022586424155,0.3844450852307706,0.4474780177993671,0.2216069904734177,0.3197472572748032,0.2530222883635681
0.7316397707885256,0.6813349503951441,0.6825040046054685,0.0,0.281070033527865,0.7692312814878428,0.1911652545893928,0.4991096451539587,0.7308617960135579,0.0,0.48906742687460725,0.0,0.5441419090518722,0.3035775709347403,0.4841716288366256,0.5848711686979373,0.07436036162103127,0.604385325051293,0.5942126890740689,0.7734476374253904,0.6760777983889061,0.685186431959257,0.7264677408343243,0.28467037467992873,0.7836383398078997,0.6195578483609441,0.0,0.5971480879779074,0.7501263276189502,0.36518450743975983,0.39943338356323865,0.044975726220674916,0.394238388734491,0.0,0.0,0.210250433144905,0.28343799523515845,0.3443686604128264,0.0,0.4113274451320134,0.25391032060614993,0.0,0.21442393670473736,0.0,0.03523696365767015,0.5578766744083472,0.671401746226155,0.3861341972892459,0.16941450055457155,0.22394344795601676,0.5098484364361658,0.0,0.4183534374663668,0.3154892144686526,0.0,0.33039368030442906,0.0,0.1620197917962062,0.3075391398395967,0.4685702268783448,0.5554983071496558,0.006860081089618164,0.1384269082364115,0.11948319331253693,0.704566616463939,0.4040217719921947,0.5944647590193484,0.6754166372888144,0.17024725358552997,0.4708116795489261,0.6191165855266691,0.8048552927111289,0.1410929964728347,0.3033920598875264,0.0,0.10539831529873823
0.6941439051065679,0.6082123511658597,0.4902102819105727,0.045950173110261644,0.34375680521849916,0.6737814223786861,0.30482287018649934,0.4996836606605225,0.7236434374368932,0.07490940963607173,0.5000945050665662,0.2233588612320371,0.7733175982788514,0.14960837228405477,0.4675368298347295,0.7641761295685046,0.3547741136143915,0.8103581233550746,0.3738845405166996,0.7662249008350781,0.5799359856500788,0.817274354926632,0.5354913891334792,0.28164612293524,0.6732278483111167,0.6436095759858973,0.5971480879779074,0.0,0.6585590583424307,0.6940057013240156,0.6447416753095999,0.2779594175571067,0.4108089084454698,0.26819997983310917,0.11953327690723461,0.22010982127348513,0.43933582726332987,0.5981517197870383,0.04929522537166385,0.2744165279182184,0.33187875565752045,0.0,0.48719712143901783,0.08389501029037794,0.05515560810153815,0.6434108927376516,0.75921293748866,0.40420874626592807,0.44366210378724813,0.4329079519724218,0.508759246063011,0.23625397422062522,0.45382929120285825,0.46292293715971516,0.0,0.4103407147324807,0.2763927002338728,0.5124428639486108,0.16141743538686215,0.30876776578469084,0.499668050571497,0.28347584155685174,0.20668361878816172,0.18260423953142135,0.4840653872445409,0.5185401103820267,0.6074587658676643,0.5507265725348727,0.18362577306663508,0.4720396743248161,0.6886120818524895,0.3249040140806331,0.5201693350609693,0.16786180435581427,0.0,0.013704298763920097
0.6457296621063919,0.4865854150571902,0.30346235916021685,0.0,0.07508134886290735,0.62744601266565,0.015054116813345675,0.14940549073740733,0.5038178122817016,0.0,0.17571331908471516,0.0,0.41344850039882786,0.46295131452271715,0.4406444387568049,0.6426787032491071,0.0,0.5298002542384942,0.25596883959933947,0.902926644335724,0.5972038091402401,0.6715144900019503,0.306211973241676,0.0,0.6006051358067046,0.3520887427779942,0.7501263276189502,0.6585590583424307,0.0,0.46158321197272956,0.4031385474106878,0.0,0.15172545546203478,0.0,0.0,0.28448508004517953,0.30776345776098857,0.2636616528859105,0.0,0.1838239423184564,0.11819682319314208,0.0,0.20835753578151725,0.0,0.0,0.4950495240326061,0.6025850983820302,0.07790136026076788,0.08071887075090714,0.0,0.15345436727078157,0.0,0.2158059154231632,0.059985989660241046,0.0,0.07897908569394499,0.0,0.0,0.48417479314159445,0.6762633849191604,0.6958711222220976,0.0,0.0,0.0,0.5529017875979917,0.5098707171582746,0.4363072600728165,0.40654553174878877,0.0,0.31142798255341586,0.4508574655199101,0.6033004802743858,0.0,0.11840880067119058,0.0,0.0
0.5683021937093939,0.4199746493201335,0.3468280761025241,0.047328115199370205,0.3138908169471892,0.26965159632416613,0.3927017390564178,0.36357063852261673,0.5206980942567274,0.3268087758557057,0.4956231962154586,0.33192976439631017,0.48936038934726334,0.0,0.4333195700516679,0.5643069445480432,0.49003878310047533,0.5699265526685526,0.26069694852377545,0.5760896642954128,0.45059412219559286,0.7255681236813571,0.25054325192441385,0.2812117928046828,0.5141436142434275,0.39672496193180307,0.36518450743975983,0.6940057013240156,0.46158321197272956,0.0,0.7347503070023169,0.4873370211205671,0.48279330877766224,0.4683899612576617,0.46701304763796386,0.11592554411657378,0.29763750183446464,0.6260910628539211,0.2763574118225042,0.28199237751549133,0.3834048801639332,0.029465766902922692,0.43210341992603385,0.18925339946671144,0.20734615266929834,0.5948366849004858,0.5802676883521586,0.37763345762362394,0.5633240367519987,0.5192932841996194,0.41761584849324146,0.4690600756445392,0.3254483217771033,0.4494312584976219,0.31626219301063196,0.3729193221626289,0.4080985595567278,0.5319116437234145,0.06764608948107859,0.1787837286984063,0.3677616560399865,0.4327817481532893,0.2942804996277824,0.3359114164670454,0.38866937987743394,0.4860923728707235,0.5714637923389299,0.2678587838153454,0.2386173750661925,0.47528928603278475,0.5478964938202436,0.18275342273348938,0.5945183872022887,0.35929834828091733,0.15030942574925027,0.24243360025003463
