0.0,0.4072405874028593,0.0,0.0,0.0,0.058993787715312745,0.0,0.0,0.07299589458683134,0.06375052848004933,0.0,0.11385854636396238,0.1988490419937821,0.08873938199804553,0.0,0.5762940655623752,0.23994091590546407,0.40119869272829156,0.02042509121238023,0.07114669107185839,0.0,0.3907185547498164,0.0,0.5911578303697782,0.46047220127718597,0.5713570707949566,0.0,0.0,0.09153353093335215,0.2583575396677811,0.24854474052659026,0.2332288435881165,0.1287401821956534,0.0,0.0,0.0,0.0,0.2536069704570762,0.44287357885417517,0.41744959873010573,0.3032340956859982,0.2295341498073329,0.06664808382381046,0.0,0.2405973366699065,0.8446312546305053,0.0,0.05480486642043292,0.0,0.06225273058303592,0.1806958569147183,0.0,0.0,0.0,0.06360360218275027,0.0,0.0,0.13383118965181517,0.0,0.0,0.4134548890034566,0.07892375147714822,0.3263415776442648,0.0,0.28230482962264813,0.0,0.18510980709763974,0.0,0.4982799578752549,0.27210598424648486,0.37658661884682265,0.284201654609772,0.25693013153962163,0.502390642465237,0.2984078311002137,0.4813078142563335
0.4072405874028593,0.0,0.23325210443693647,0.0,0.0,0.6440861075167916,0.0744910803611088,0.10610755728245691,0.0,0.1318532218721516,0.0372264518096381,0.32909407398778856,0.5249108933277866,0.0,0.20754759135760953,0.4464260186241221,0.6211927973013625,0.6259138078098573,0.09728816620216829,0.30905117782486113,0.1872482848704676,0.5933027266349838,0.4457515079659958,0.5109883467809848,0.8162471186984082,0.772683418007771,0.36130407062248354,0.0,0.4409930654158869,0.0,0.0,0.0,0.0,0.0,0.0,0.0,0.0,0.0,0.11843355367113806,0.5402849496160189,0.3590563792730085,0.0,0.22553607423736116,0.0,0.12934279437618396,0.4158913483751018,0.5199010249240187,0.10378195042965807,0.0,0.0,0.5910681303785039,0.0,0.0,0.0,0.2532499076686035,0.0,0.0,0.4068287249145293,0.0,0.3083276623284969,0.6648109593581419,0.5149860953370439,0.5865443378955445,0.0,0.5144655638752281,0.0905384683721569,0.5367844791561893,0.4088162980360211,0.47677999942835303,0.7458699404331612,0.7207374612596433,0.49923239062646635,0.18073279739509907,0.45057338123468216,0.29653547618630194,0.3808042051798561
0.0,0.23325210443693647,0.0,0.0,0.20138457001884869,0.3298746142939921,0.10254988110521829,0.35716264170372725,0.6825665334757893,0.3313399570845259,0.6968051578189678,0.4116773648125718,0.4583227026889082,0.0,0.5497555714591081,0.0,0.37741446840272674,0.16290176736401368,0.8028340756490009,0.6191689132381852,0.3733643647958599,0.5848404887166359,0.6590368074397279,0.16823953691943183,0.34960100932883964,0.2505173983244193,0.4907818893699536,0.14300434119850497,0.21103133824655845,0.0,0.0,0.0,0.0,0.0,0.0,0.21156374665028055,0.02753793483500673,0.0,0.0,0.13097915278481165,0.04566466917872607,0.0,0.11042757452692567,0.0,0.21326259737999875,0.08432689050737907,0.46106296208285574,0.6484885583045231,0.0,0.0,0.3806678032119243,0.23752934019663424,0.33062890489198915,0.7328247152857168,0.2472862884855378,0.4361073037604868,0.0,0.4536414345648456,0.0,0.5994322308124124,0.3047438127062775,0.33118893577048125,0.3446779117286561,0.7139084800751979,0.6426790472652391,0.40560915748211646,0.5978510311243885,0.5380759009882617,0.11843381545484535,0.4521926834169838,0.344954649017379,0.48146616998087455,0.4798526612369724,0.17040484741031825,0.45247984936343294,0.21807932514857006
0.0,0.0,0.0,0.0,0.5240205298794665,0.0,0.2961848071118243,0.39121224902843077,0.18729333352151342,0.2024106144276133,0.0,0.0,0.0,0.4367764951415559,0.2972632161866413,0.0,0.0,0.0,0.0,0.09360571653181352,0.40939980281562244,0.0,0.03988548681243281,0.0,0.0,0.0,0.18085522717504768,0.5021777596573019,0.0,0.24677513703142265,0.3306070474833238,0.31379551109669734,0.5999143453700552,0.4869093683714425,0.4007972052557316,0.6275688454806003,0.4195743421603272,0.33135911960715486,0.0,0.0,0.0,0.0,0.35143033300703785,0.5406686204930613,0.11680817491159674,0.0,0.09205243688756212,0.0,0.4865163274102277,0.41132034211342283,0.0,0.2553290730019021,0.454710486725464,0.1635126075914458,0.06862139818766326,0.06533080569309542,0.2972193314971051,0.0,0.34636105115541965,0.16369290080937923,0.0,0.0,0.0,0.0,0.0,0.5251067480446655,0.0,0.0,0.0,0.0,0.0,0.0,0.09818184367571883,0.0,0.0,0.0
0.0,0.0,0.20138457001884869,0.5240205298794665,0.0,0.15440906336476234,0.7084731006359747,0.5051674130900388,0.537826850718429,0.42319985503741475,0.32510671042917444,0.1287089331703471,0.2871563915856689,0.1387218769486598,0.5020540668440074,0.1260242806032948,0.024774026104679547,0.07288619259671686,0.20441183496327472,0.40327425082578533,0.5588888572209587,0.26954124514922906,0.31526538110937974,0.0,0.0,0.0,0.4488287724307636,0.2759317715225078,0.3612867575267397,0.1024086047908089,0.016131868139148742,0.15565604328061716,0.20088818686575483,0.022286236506072254,0.02254044982820466,0.41707967767802545,0.13505022900695063,0.2660435129634525,0.0,0.0,0.0,0.0,0.44435617820523077,0.3740753827685912,0.25889974762703616,0.0,0.27456971662263546,0.2479807718361481,0.266796591470001,0.6897142731748267,0.0,0.6207728228060321,0.532374349615948,0.47079850144698343,0.35917961054959746,0.5065122141866456,0.1731920132906754,0.3723405845806507,0.3097702613465796,0.4210246701250904,0.0,0.1910616985625291,0.0,0.30767724371820016,0.12946833935243476,0.6382223110587064,0.2178159509917507,0.2416972333827655,0.0,0.0,0.0,0.11846935668062086,0.3864256738658324,0.0,0.2023766330460786,0.0
0.058993787715312745,0.6440861075167916,0.3298746142939921,0.0,0.15440906336476234,0.0,0.24146614215171178,0.5486149795020281,0.29593087539469354,0.31829965158425644,0.24450647795853497,0.6458264926610559,0.748018534582035,0.0,0.5050618115248939,0.21664127813885226,0.4380774875085621,0.4489297437495258,0.3034265007811445,0.660227887192766,0.4074638564479462,0.6414313990827332,0.7085491617515342,0.39239957101049505,0.5722134843604699,0.5428957821577346,0.6678558606966241,0.1372164870456484,0.7053119470510238,0.0,0.0,0.0,0.0,0.0,0.0,0.2136383425304576,0.0,0.03617844776891527,0.0,0.35583980758178047,0.0,0.0,0.373974918734844,0.0,0.15194241281209028,0.09794588873328684,0.5868773175059275,0.3545684795901458,0.0,0.0,0.7689812844472489,0.32489047107909175,0.4772082595507242,0.3641533898004459,0.4055488294652111,0.10300527262184639,0.24038351856720797,0.6094460889159035,0.0,0.5064518151912052,0.31259577740527134,0.5196638090683829,0.5143043980745421,0.16358455287839918,0.6453433001517394,0.34523655927617786,0.5538020272009663,0.6877745142547994,0.2800640708207397,0.658752633553865,0.6736261077380067,0.5612506039401425,0.3601273453635581,0.31669706265249753,0.25393062096564234,0.0
0.0,0.0744910803611088,0.10254988110521829,0.2961848071118243,0.7084731006359747,0.24146614215171178,0.0,0.3794045222811379,0.26814258921706624,0.4989662506584792,0.15956423212588047,0.06541384710619322,0.4496637529292481,0.0,0.43105223900278355,0.21458750851244174,0.22356895874498026,0.29166593684401015,0.04734180487108952,0.35268438789431317,0.5517443264277846,0.272114057290048,0.2618557248808157,0.0,0.13162798908596274,0.0,0.4824060234171452,0.0024388999185930293,0.6097340381835649,0.0,0.0,0.0167979312967447,0.06170803175946972,0.0,0.0,0.21012360799217977,0.0,0.07857981349813271,0.010116545200905838,0.08992594761699112,0.0,0.0,0.43235215758290724,0.23597635956290747,0.24471923610773746,0.0,0.3480071381733432,0.2316280789325156,0.0425308174720648,0.5678658111681306,0.07480119391715406,0.708373676824624,0.4187538562002595,0.31710013381170893,0.5356930431760367,0.37208176414207655,0.015521777611690907,0.45460318617396456,0.20514309688619525,0.3314854002289167,0.05728364317726839,0.4206842989008307,0.20077672206303424,0.13217874194946272,0.15462900054230927,0.5254160175266037,0.3290113985632002,0.19706595082845577,0.0,0.16317564791537137,0.029099708125496004,0.22915091295494858,0.3387010612922144,0.0,0.3012804312190599,0.05171806612948748
0.0,0.10610755728245691,0.35716264170372725,0.39121224902843077,0.5051674130900388,0.5486149795020281,0.3794045222811379,0.0,0.44427472622496256,0.5666536222636989,0.3601249227616145,0.5592961513866501,0.3978905968348521,0.0,0.7357739346655758,0.0,0.1336023598726812,0.02629964407904306,0.2571390440954022,0.632910211782477,0.7363466918482313,0.4464952945881453,0.7869298354975812,0.0,0.12141822809912585,0.06127558289897306,0.6637369300893379,0.23509099151884771,0.4302340758694463,0.0,0.0,0.03175786627179043,0.053455082065745174,0.0,0.0,0.5458801030258998,0.1668909745298063,0.1380348153451968,0.0,0.0,0.0,0.0,0.511931028834193,0.20895895273444767,0.33484819415989314,0.0,0.600322401770213,0.3378033583879058,0.0,0.3066211293641117,0.2728754277632033,0.5510094395673052,0.9244002413260802,0.5798498648768644,0.5048128083721388,0.37713875694034416,0.41653934721817515,0.49956757175769817,0.0,0.6646116010355527,0.0,0.3498902305120335,0.1296407797441071,0.3045746727275988,0.3368239425697306,0.7628140650786892,0.4294917160214841,0.6942606999153622,0.0,0.2669386039876365,0.28972071343686173,0.17337770567696215,0.3666447829847962,0.0,0.2781648158467195,0.0
0.07299589458683134,0.0,0.6825665334757893,0.18729333352151342,0.537826850718429,0.29593087539469354,0.26814258921706624,0.44427472622496256,0.0,0.32830934792890815,0.6729025304325287,0.3879845594235325,0.3856057805616243,0.0,0.5680609300142003,0.03247680016816837,0.07147217229029562,0.059199699419130725,0.6829641928489368,0.6869475868324844,0.42536699754768525,0.5610945644571985,0.5098177167221345,0.08956566973730645,0.05785510045876774,0.09343576646715898,0.5321339411402487,0.4660425848741794,0.29322776996183786,0.1419251791070018,0.10454008020167166,0.0,0.032090060800644526,0.0,0.0,0.4548137965937481,0.26943378795569506,0.28746521932728747,0.0,0.0,0.0,0.0,0.23247956326099795,0.1693859319309612,0.1792856001666706,0.13485405732180022,0.3149032717415517,0.6786709968992409,0.0,0.18948342264171103,0.21697391799602558,0.4484421390176806,0.46738434757126096,0.8134125798549801,0.224790076494786,0.666477108831993,0.19795497687737992,0.47373522964242326,0.09050236283782452,0.5845761900943693,0.0,0.1908540726343842,0.17786807900949103,0.6871889211166066,0.509657998794724,0.4888319504185018,0.4137044181780586,0.42360674351031985,0.03598617909820703,0.2117778593150264,0.19976614060730477,0.35396336678990964,0.5715613005105746,0.0,0.272880241422428,0.0
0.06375052848004933,0.1318532218721516,0.3313399570845259,0.2024106144276133,0.42319985503741475,0.31829965158425644,0.4989662506584792,0.5666536222636989,0.32830934792890815,0.0,0.21327718039510518,0.5429242234542079,0.49348923267501626,0.0,0.5700063450453691,0.23804511884381271,0.3062024767134378,0.35698446433797565,0.26744377553503,0.5599455186219373,0.6752766773298362,0.46034196500974084,0.48909033303502436,0.0,0.36921227007313306,0.13828422743374996,0.6237720242627944,0.23544757706476552,0.5764240814665125,0.0,0.0,0.09242995698058923,0.0,0.0,0.0,0.3817116733619467,0.1716245183067788,0.22174065722311567,0.0,0.13450180772166423,0.0,0.0,0.45061751702998387,0.27802924140614316,0.42249202649939505,0.1006584773853054,0.45887708283402895,0.3688526666061117,0.0,0.3485777293013106,0.1293422210851463,0.5893292366445831,0.5523456775408697,0.437564921062319,0.7437007352864246,0.388927450144254,0.3200359838347004,0.583458493130408,0.0,0.45761980110023703,0.10228996398246312,0.5273583289428473,0.3544000573376695,0.3654583561857684,0.340220727933585,0.6135837131906391,0.4528970554521247,0.3838492637659586,0.0,0.38552529227869997,0.3030536671023135,0.329092177837884,0.5679812915659507,0.0,0.4207558385249207,0.15227839441252494
0.0,0.0372264518096381,0.6968051578189678,0.0,0.32510671042917444,0.24450647795853497,0.15956423212588047,0.3601249227616145,0.6729025304325287,0.21327718039510518,0.0,0.2408388453066825,0.31561841501898547,0.0,0.5988800723548657,0.0,0.13290420165007505,0.0,0.6233978859684188,0.5573279118255173,0.40964517560804525,0.4044054772317786,0.4950079682754857,0.0,0.09811430028924568,0.0,0.5292015789701665,0.1873561242078536,0.26804944862488017,0.0,0.0,0.0,0.0,0.0,0.0,0.2997847220839528,0.08353759798732359,0.0,0.0,0.0,0.0,0.0,0.09221703565648495,0.05136031728900013,0.05787571763205725,0.0,0.4263023134815888,0.6236985066181941,0.0,0.03559771847812748,0.16097124402924856,0.3264884868065068,0.35498108439597215,0.7523985181757898,0.07291956785561265,0.6950305780635476,0.0,0.40885110050610096,0.0,0.6359254468510347,0.12049108921432358,0.23044316080229527,0.24502063986248426,0.5721268770720565,0.5056826319249897,0.4488909522032227,0.4596649967814431,0.4219144659344546,0.0,0.26817391368744703,0.13670124479121143,0.36186533169048307,0.4167565208991301,0.0,0.18706620841733804,0.0
0.11385854636396238,0.32909407398778856,0.4116773648125718,0.0,0.1287089331703471,0.6458264926610559,0.06541384710619322,0.5592961513866501,0.3879845594235325,0.5429242234542079,0.2408388453066825,0.0,0.595223103459796,0.0,0.45293099552144384,0.10924376627397063,0.38076076482985877,0.3112675251673775,0.3714837502231702,0.6287907653468063,0.3520163431578639,0.5828913995059588,0.6453941781910051,0.5215661439596994,0.4133199725693216,0.5238812585883045,0.4565535900283355,0.2405009639793742,0.407592379144206,0.0,0.0,0.0,0.0,0.0,0.0,0.2642027836918025,0.10678727949311838,0.29053013340850753,0.0,0.22125887039346673,0.0,0.0,0.32447785749131164,0.021661592350443626,0.29954158248129487,0.1669044518339389,0.39406336657034047,0.4457008292536613,0.0,0.0,0.5513127320888536,0.2948750589870738,0.47827322989093296,0.4403623581435032,0.39806738283615084,0.24112898723836293,0.4742188774672074,0.5836968709598022,0.0,0.44262756050776064,0.1843223613572753,0.4361984593334769,0.41685548838994313,0.3620860645337126,0.5796184837933965,0.3130647967527212,0.4922626416396419,0.6072865996453581,0.3969097917449243,0.49200269489912535,0.5879524672340698,0.3930219167571174,0.46168369277326005,0.19355188169694088,0.3090449311280379,0.10264569694511858
0.1988490419937821,0.5249108933277866,0.4583227026889082,0.0,0.2871563915856689,0.748018534582035,0.4496637529292481,0.3978905968348521,0.3856057805616243,0.49348923267501626,0.31561841501898547,0.595223103459796,0.0,0.0,0.5354449123636627,0.4646690189226595,0.6571736733674157,0.6498402251910018,0.3792448802189977,0.7598480257338074,0.5260303873533719,0.7903819688438967,0.6289103386110614,0.2948018290414172,0.6192124560018166,0.5133946173212262,0.6756271584166396,0.14433089096375262,0.7965571132605067,0.0,0.0,0.0,0.0,0.0,0.0,0.15171187119010898,0.0,0.08075652564521228,0.009106567586331327,0.38932417232361893,0.08754243009871288,0.0,0.4284758197254198,0.0,0.2838211661236519,0.31233243033065844,0.5564401544328638,0.5088035195991377,0.0,0.025321422213348543,0.6318412729172603,0.5152957844573107,0.35197312344041254,0.5023136667309975,0.5387395960675925,0.26523081156512,0.10243057554606444,0.7566544539927513,0.0,0.5204733513444504,0.5314970924842577,0.6619951727417793,0.6754524569826339,0.27620524221520115,0.7387118863087134,0.4260356185997529,0.7423311739592628,0.5384547154547765,0.20538876899683842,0.6858007158120145,0.6424038799757463,0.6546393580471461,0.6227103004166745,0.4033468527795748,0.5456721980612997,0.2874850613848726
0.08873938199804553,0.0,0.0,0.4367764951415559,0.1387218769486598,0.0,0.0,0.0,0.0,0.0,0.0,0.0,0.0,0.0,0.0,0.0,0.0,0.0,0.0,0.0,0.0,0.0,0.0,0.012332028495250474,0.0,0.0,0.0,0.473215836480465,0.0,0.5252961289653255,0.6920738741034204,0.46171716637321275,0.6781978269400367,0.604287054402914,0.6418548819945299,0.1885336924088229,0.437537610688847,0.32723859324647886,0.07654999354483952,0.0,0.0,0.09501153511126746,0.0,0.3850931306566454,0.0,0.0,0.0,0.0,0.7079443883458337,0.31742271079628737,0.0,0.0,0.0,0.0,0.0,0.0,0.45217903732006026,0.0,0.5656897879174614,0.0,0.0,0.0,0.0,0.0,0.0,0.0,0.0,0.0,0.006950023215753193,0.0,0.0,0.0,0.0,0.0,0.0,0.0
0.0,0.20754759135760953,0.5497555714591081,0.2972632161866413,0.5020540668440074,0.5050618115248939,0.43105223900278355,0.7357739346655758,0.5680609300142003,0.5700063450453691,0.5988800723548657,0.45293099552144384,0.5354449123636627,0.0,0.0,0.0,0.3536703582185828,0.12265082848389564,0.38245397316052787,0.8009748738798144,0.8818886368713357,0.6371222089845472,0.7423178128782799,0.0,0.2768937260733801,0.1260783267404532,0.8113311056838495,0.19862005817096884,0.5424087265034644,0.0,0.0,0.0,0.0,0.0,0.0,0.5616706852302351,0.08416625558127284,0.09961446049512501,0.0,0.09718679318573265,0.0,0.0,0.542532503194448,0.14997304819713558,0.2856698691306304,0.0,0.8212266474092136,0.46210388876955494,0.0,0.14076615986592478,0.2665911757514363,0.5373130342673348,0.7405009447844306,0.7243971281711112,0.43047599714020346,0.5014782758591623,0.03615290659780057,0.6694458682450772,0.0,0.9312296418091301,0.17208732323192574,0.5200659129016054,0.3718555223436757,0.355987225950667,0.541873422517446,0.877458768095184,0.6916298440076345,0.6821283159238307,0.0,0.48333699877244407,0.4248484876195484,0.38133961403621963,0.5863122391351017,0.0,0.3788369248976828,0.0
0.5762940655623752,0.4464260186241221,0.0,0.0,0.1260242806032948,0.21664127813885226,0.21458750851244174,0.0,0.03247680016816837,0.23804511884381271,0.0,0.10924376627397063,0.4646690189226595,0.0,0.0,0.0,0.47990491212051634,0.7591249981657143,0.0404585872065,0.11135827405580018,0.03011416699008157,0.4188060568945047,0.0,0.27412581843582384,0.4829939329186288,0.46117563791175087,0.15610281552094799,0.0,0.4236240827744041,0.0,0.06823043099966963,0.09091296203502011,0.0,0.0,0.0,0.0,0.0,0.11696419611334799,0.33050012147548646,0.33217200378995626,0.2937840510414125,0.10604750547638975,0.21767019767996568,0.0,0.1323198605130909,0.5081051574165302,0.0,0.0,0.0,0.13567280993056063,0.07400475950504987,0.08825413941321414,0.0,0.0,0.2662593255731194,0.030757817779959173,0.0,0.19496776259063953,0.0,0.0,0.4418033797660582,0.31467855557994623,0.4272474899070798,0.0,0.2482600720725989,0.0,0.2590532750044822,0.0,0.1939808490030836,0.2853704654159285,0.2966929201523444,0.3007168256663863,0.21737207704471279,0.37106273599557016,0.3085500487824487,0.384397651046249
0.23994091590546407,0.6211927973013625,0.37741446840272674,0.0,0.024774026104679547,0.4380774875085621,0.22356895874498026,0.1336023598726812,0.07147217229029562,0.3062024767134378,0.13290420165007505,0.38076076482985877,0.6571736733674157,0.0,0.3536703582185828,0.47990491212051634,0.0,0.7083447556598025,0.20608922988553183,0.39694229195155406,0.3727727881793714,0.5576222181416065,0.44416095480073714,0.3227709823273902,0.7342096487194771,0.6300246083956558,0.3877123408947899,0.0,0.41300291237257003,0.0,0.0,0.0,0.0,0.0,0.0,0.0,0.0,0.0,0.1010411355947386,0.5003580583223088,0.4286969031236665,0.0,0.36237370656264134,0.0,0.32920663723725485,0.3222427717664153,0.5513262395770989,0.2356626357425077,0.0,0.0,0.44969543365748815,0.07681776139498184,0.08638106470031959,0.20906128330696683,0.3137768104374802,0.02303698656952652,0.0,0.4758984443587104,0.0,0.41200232477995036,0.7496491761541657,0.7367817561982255,0.745078439707979,0.032197158140694376,0.5572291651941343,0.24081776106784145,0.6835129511318729,0.40584107608696895,0.2889690649225815,0.6778179314254922,0.6275386500157902,0.47866930962696796,0.3895784871490507,0.2735493676795148,0.49383302592987915,0.49580849834183544
0.40119869272829156,0.6259138078098573,0.16290176736401368,0.0,0.07288619259671686,0.4489297437495258,0.29166593684401015,0.02629964407904306,0.059199699419130725,0.35698446433797565,0.0,0.3112675251673775,0.6498402251910018,0.0,0.12265082848389564,0.7591249981657143,0.7083447556598025,0.0,0.057663681024625574,0.2726464720012292,0.14944947204431314,0.5315008752827722,0.18387514913311104,0.3143220835333964,0.6378287830024089,0.5885868254802914,0.31809800818639156,0.0,0.5522702017877209,0.0,0.0,0.0,0.0,0.0,0.0,0.0,0.0,0.07255437520701155,0.10397724078103823,0.46324457070829717,0.23533225778891856,0.0,0.32657921961777703,0.0,0.23413623790839458,0.41425041323871825,0.279543126454028,0.08821496134250523,0.0,0.018801882143776955,0.31786855991611734,0.15156042044652968,0.0,0.06498916690033607,0.41317428392180217,0.0,0.0,0.360423142846608,0.0,0.13475849689896244,0.550520805434918,0.5173981526264002,0.6239600375016257,0.0,0.38272774912944396,0.03016893222388875,0.4370925961786362,0.04272094544474936,0.24600970927330296,0.5372102981389852,0.5066375567874314,0.3855697311413193,0.34175600597531386,0.3478215725767891,0.30816441615653606,0.35875748731486
0.02042509121238023,0.09728816620216829,0.8028340756490009,0.0,0.20441183496327472,0.3034265007811445,0.04734180487108952,0.2571390440954022,0.6829641928489368,0.26744377553503,0.6233978859684188,0.3714837502231702,0.3792448802189977,0.0,0.38245397316052787,0.0404585872065,0.20608922988553183,0.057663681024625574,0.0,0.5800330157550663,0.24464729124154436,0.48400614577956624,0.46078455488039394,0.13864358223131962,0.22998601490944626,0.1632829325504772,0.4475690188908723,0.21231180987687084,0.25140827061174603,0.0019209622468592258,0.0,0.0,0.0,0.0,0.0,0.17466820185733758,0.13602143346305529,0.07728752730487332,0.0,0.033263935037747744,0.0,0.0,0.04182836030392423,0.0,0.09794578672702853,0.10113976772848714,0.21962685075123442,0.5664066148049084,0.0,0.0,0.21910396591838885,0.20377731889738504,0.22339639349484916,0.6062282364712246,0.12747513662674848,0.45616085464682643,0.009816505933139597,0.3070737937507637,0.0,0.4173556652451282,0.13693947843009513,0.16758789902172383,0.19486014385316597,0.8001087687384348,0.5522799436314245,0.24537746969483953,0.4092907039662687,0.3479924178537934,0.02289927861080368,0.25340451049193013,0.18285075220327116,0.427511697634415,0.3719656042031769,0.17344352154511197,0.3117225214154402,0.08424778056130383
0.07114669107185839,0.30905117782486113,0.6191689132381852,0.09360571653181352,0.40327425082578533,0.660227887192766,0.35268438789431317,0.632910211782477,0.6869475868324844,0.5599455186219373,0.5573279118255173,0.6287907653468063,0.7598480257338074,0.0,0.8009748738798144,0.11135827405580018,0.39694229195155406,0.2726464720012292,0.5800330157550663,0.0,0.7135788427047887,0.8575543540421101,0.7163772546701022,0.2096191232651721,0.429763879386912,0.3141862447696972,0.852826290510306,0.3933734044300637,0.6693234031529149,0.0867318821876088,0.0,0.0,0.0,0.0,0.0,0.48835143403532455,0.17203109494512484,0.2136267149604846,0.0,0.20647761395141398,0.0,0.0,0.47357078680869086,0.09747614793947423,0.24956403885040487,0.19255848598279615,0.6403408593196638,0.62011769887332,0.0,0.04771243308250811,0.4626779723622652,0.5759250244800862,0.6318988566637246,0.7657918830694734,0.4349864970414238,0.47697899856198356,0.18644077002998763,0.7818418165328032,0.0,0.7622351014565221,0.2779124275785291,0.5160286249487903,0.5268750578855115,0.5192468724273126,0.7945652086280344,0.6575302527518181,0.7299682249382641,0.6506989886914705,0.10894815937385607,0.584100213874676,0.5072846403566416,0.6065475015963058,0.7384659651623666,0.1411581815359717,0.49437276366535093,0.06965462570449482
0.0,0.1872482848704676,0.3733643647958599,0.40939980281562244,0.5588888572209587,0.4074638564479462,0.5517443264277846,0.7363466918482313,0.42536699754768525,0.6752766773298362,0.40964517560804525,0.3520163431578639,0.5260303873533719,0.0,0.8818886368713357,0.03011416699008157,0.3727727881793714,0.14944947204431314,0.24464729124154436,0.7135788427047887,0.0,0.5744110017128659,0.6464834446673589,0.0,0.32037716989559956,0.06626252535303417,0.8049651043979682,0.08791177848713982,0.5871475294529716,0.0,0.0,0.0,0.0,0.0,0.0,0.5335107384106652,0.0,0.10421527198464134,0.0,0.14547581983975943,0.0,0.0,0.6199924846980198,0.21681305445130278,0.39349519286920037,0.0,0.7740543640944197,0.33809408964176074,0.0,0.3058762576020302,0.19880874833826728,0.5944968073766745,0.7567962907686261,0.6369278731832939,0.482805388262972,0.4488032196101399,0.0,0.6715568466179549,0.0,0.8013494546292741,0.2166397793367449,0.5966250748835382,0.4502468799687324,0.22941739400547262,0.46327506497231585,0.9182261357826298,0.6830061717181873,0.6197620116210961,0.0,0.4602325949864635,0.3576242898486035,0.37070712964288244,0.6312496732885468,0.0,0.515356596407404,0.08838068494705348
0.3907185547498164,0.5933027266349838,0.5848404887166359,0.0,0.26954124514922906,0.6414313990827332,0.272114057290048,0.4464952945881453,0.5610945644571985,0.46034196500974084,0.4044054772317786,0.5828913995059588,0.7903819688438967,0.0,0.6371222089845472,0.4188060568945047,0.5576222181416065,0.5315008752827722,0.48400614577956624,0.8575543540421101,0.5744110017128659,0.0,0.6322918693769737,0.4494447321174503,0.6438752027814639,0.5799509604155357,0.7156710998099395,0.1968040850954469,0.617551799959798,0.06109977497484165,0.0,0.0,0.0,0.0,0.0,0.25853458093493964,0.0,0.19182848330808802,0.0,0.4463872208822608,0.03669330170809726,0.0,0.464594993925456,0.0,0.295593692704621,0.473710276864198,0.6067305553435629,0.524542096452389,0.0,0.0,0.5183014741401109,0.3912486266618938,0.40685320806993597,0.6025681255248686,0.4252500944285939,0.3393958883846936,0.0699499371492166,0.7367690994766054,0.0,0.6537619848633046,0.5316678138203338,0.5676652021861095,0.6499919284259525,0.3777250520969358,0.8070162256747347,0.48858065883863094,0.8002341176447098,0.5525463218186272,0.33412896520362995,0.7077508781033144,0.6812705060073863,0.6434828817510309,0.680583390138337,0.3337620371983495,0.579236416753639,0.3082186911568428
0.0,0.4457515079659958,0.6590368074397279,0.03988548681243281,0.31526538110937974,0.7085491617515342,0.2618557248808157,0.7869298354975812,0.5098177167221345,0.48909033303502436,0.4950079682754857,0.6453941781910051,0.6289103386110614,0.0,0.7423178128782799,0.0,0.44416095480073714,0.18387514913311104,0.46078455488039394,0.7163772546701022,0.6464834446673589,0.6322918693769737,0.0,0.22623653338009211,0.47017572620815457,0.3892518680797561,0.6758018365867072,0.09379220106252134,0.45518305553051197,0.0,0.0,0.0,0.0,0.0,0.0,0.31732338266729954,0.0,0.04114322411339846,0.0,0.20985485371359583,0.0,0.0,0.39767382893205794,0.0,0.36768583037369307,0.011776337711545792,0.7382867578003907,0.5816527757470793,0.0,0.07193185497988733,0.6060361118719948,0.417628749959753,0.7359215082649487,0.6501739539250846,0.4527722147345124,0.3828885587721973,0.20414573206125525,0.6392428166996027,0.0,0.7545236688395083,0.2473457487310183,0.5233898351764333,0.3908487201916492,0.3913409619564947,0.6511943168720324,0.6572924117803286,0.6854940270720318,0.8999742261973654,0.17250648148650233,0.5713396847410519,0.5899326380764173,0.484133637655781,0.49784946130181496,0.037586220401147424,0.5093071638102742,0.10321042674692683
0.5911578303697782,0.5109883467809848,0.16823953691943183,0.0,0.0,0.39239957101049505,0.0,0.0,0.08956566973730645,0.0,0.0,0.5215661439596994,0.2948018290414172,0.012332028495250474,0.0,0.27412581843582384,0.3227709823273902,0.3143220835333964,0.13864358223131962,0.2096191232651721,0.0,0.4494447321174503,0.22623653338009211,0.0,0.48386529217225427,0.7273628565779025,0.0,0.09850683640921976,0.0,0.2739366711055533,0.22804068723383442,0.05556960953972284,0.03509158813492491,0.0,0.0,0.0,0.0,0.2955924176708084,0.273116789571483,0.5205936535992657,0.2038806091322033,0.05029899490481352,0.0473545295507401,0.0,0.22434054589397506,0.6122964128306088,0.011365974432632486,0.1009425987695664,0.0,0.0,0.5441661555821933,0.0,0.0,0.0,0.04489785643268235,0.0,0.2771370536329397,0.22888844557478022,0.0,0.0,0.401419659880467,0.13902600439844764,0.34513587772753673,0.0,0.40619271205993934,0.0,0.23127315641318175,0.24744628999592155,0.8710335873876456,0.44221070297008974,0.5939462217428251,0.3114561379334827,0.21717963642419252,0.5393309987275832,0.21149733601645737,0.3426437458407784
0.46047220127718597,0.8162471186984082,0.34960100932883964,0.0,0.0,0.5722134843604699,0.13162798908596274,0.12141822809912585,0.05785510045876774,0.36921227007313306,0.09811430028924568,0.4133199725693216,0.6192124560018166,0.0,0.2768937260733801,0.4829939329186288,0.7342096487194771,0.6378287830024089,0.22998601490944626,0.429763879386912,0.32037716989559956,0.6438752027814639,0.47017572620815457,0.48386529217225427,0.0,0.7416865814526384,0.47458612026156033,0.0,0.5578844517246525,0.0,0.0,0.0,0.0,0.0,0.0,0.0,0.0,0.0,0.21497431527143085,0.5567444187288377,0.49374454280366564,0.0,0.24576750799927988,0.0,0.24372098080221896,0.531508473477851,0.52188211780853,0.33800325905310935,0.0,0.0,0.6038656751101474,0.07531402634417922,0.0361451533774807,0.18105656172126852,0.38785235138991564,0.022440485213937433,0.0,0.5451942261114862,0.0,0.3337519665599134,0.8314839891920023,0.7140106397837228,0.8232067384018582,0.06769990489163372,0.6871745656057495,0.14750138414317002,0.7202335793889438,0.4525423176443984,0.41597832920463745,0.8622760953335835,0.7212065568824587,0.6795253223605393,0.3747192694067002,0.5452384750819236,0.5682686732020285,0.6073554737786172
0.5713570707949566,0.772683418007771,0.2505173983244193,0.0,0.0,0.5428957821577346,0.0,0.06127558289897306,0.09343576646715898,0.13828422743374996,0.0,0.5238812585883045,0.5133946173212262,0.0,0.1260783267404532,0.46117563791175087,0.6300246083956558,0.5885868254802914,0.1632829325504772,0.3141862447696972,0.06626252535303417,0.5799509604155357,0.3892518680797561,0.7273628565779025,0.7416865814526384,0.0,0.18289828138327305,0.0,0.2755654610272544,0.0,0.0,0.0,0.0,0.0,0.0,0.0,0.0,0.047228966033777214,0.07130562694955173,0.5663490604689801,0.23184345423198155,0.0,0.13922208859284724,0.0,0.14688836507062114,0.5391307776349124,0.35688056210815344,0.14556526826094318,0.0,0.0,0.5163220699410893,0.0,0.0,0.07409157049612417,0.12878162442701457,0.0,0.08205774068371902,0.3298706737192617,0.0,0.21974768733112415,0.6039197442112887,0.4008518335521065,0.5627591295210483,0.0,0.499568968028944,0.0,0.48210590815931637,0.32727745095425875,0.6052553785094862,0.6766567486893633,0.841833413531886,0.3362237689322732,0.20322288357680576,0.41813301499453637,0.2626032704900222,0.32058418476372913
0.0,0.36130407062248354,0.4907818893699536,0.18085522717504768,0.4488287724307636,0.6678558606966241,0.4824060234171452,0.6637369300893379,0.5321339411402487,0.6237720242627944,0.5292015789701665,0.4565535900283355,0.6756271584166396,0.0,0.8113311056838495,0.15610281552094799,0.3877123408947899,0.31809800818639156,0.4475690188908723,0.852826290510306,0.8049651043979682,0.7156710998099395,0.6758018365867072,0.0,0.47458612026156033,0.18289828138327305,0.0,0.23454800532284678,0.7893357852234574,0.0,0.0,0.0,0.0,0.0,0.0,0.5321136825922763,0.08089683273536037,0.12771073528010302,0.0,0.19223652651662598,0.0,0.0,0.5461372636931241,0.10482027612413071,0.23728690092524285,0.037859354177603666,0.7446117217322425,0.49362827110419144,0.0,0.08691894136762612,0.3874878297954098,0.5767207991543117,0.64504243182443,0.6514479511907298,0.5289974198034346,0.45764060635327986,0.05269294076234704,0.7122607862741835,0.0,0.7494297746525249,0.2829958140295814,0.5637496498015725,0.5289712615590246,0.39095129786617105,0.6505021364725324,0.7456542145952395,0.6986670892106177,0.6296468220127571,0.0,0.6079011137885926,0.408455865854732,0.677622820960209,0.6302444980986832,0.0,0.44706351645968334,0.04199014486683028
0.0,0.0,0.14300434119850497,0.5021777596573019,0.2759317715225078,0.1372164870456484,0.0024388999185930293,0.23509099151884771,0.4660425848741794,0.23544757706476552,0.1873561242078536,0.2405009639793742,0.14433089096375262,0.473215836480465,0.19862005817096884,0.0,0.0,0.0,0.21231180987687084,0.3933734044300637,0.08791177848713982,0.1968040850954469,0.09379220106252134,0.09850683640921976,0.0,0.0,0.23454800532284678,0.0,0.09922629565505953,0.5795420363735846,0.698687992144209,0.11186189872472099,0.5369500642207997,0.5696510407817458,0.4987113765198108,0.6314373624717653,0.771021002755792,0.4420591098908548,0.0,0.0,0.0,0.0,0.12607236166098984,0.5418053578766313,0.01257664295354867,0.0,0.0,0.08832074460203165,0.37042588731278697,0.03978001126465597,0.0,0.23264681952300795,0.3149460165562176,0.30935487024861225,0.11218638736605141,0.10431756004124093,0.5726880085923141,0.1377174673800261,0.23496952409443814,0.09607897708920698,0.0,0.0,0.0,0.2537181790009423,0.0,0.18885446563172226,0.0,0.0,0.02444809144562149,0.0,0.0,0.0,0.3412336903789362,0.0,0.0,0.0
0.09153353093335215,0.4409930654158869,0.21103133824655845,0.0,0.3612867575267397,0.7053119470510238,0.6097340381835649,0.4302340758694463,0.29322776996183786,0.5764240814665125,0.26804944862488017,0.407592379144206,0.7965571132605067,0.0,0.5424087265034644,0.4236240827744041,0.41300291237257003,0.5522702017877209,0.25140827061174603,0.6693234031529149,0.5871475294529716,0.617551799959798,0.45518305553051197,0.0,0.5578844517246525,0.2755654610272544,0.7893357852234574,0.09922629565505953,0.0,0.0,0.0,0.0,0.0,0.0,0.0,0.1688634921234513,0.0,0.0,0.0,0.25147343212372736,0.0,0.0,0.4105442383658787,0.0,0.14783920236583126,0.14742421994602178,0.5119863692884905,0.396541155596433,0.0,0.12174921558333954,0.42575875961997545,0.6006335452831799,0.40852172684888965,0.39566981639855986,0.5613570258985559,0.3385098611450228,0.04494584376269631,0.703640778498059,0.0,0.47314887256402455,0.3279494774516748,0.6014621699203453,0.5788707492150894,0.20973900682254043,0.5880186943098519,0.4486063150259777,0.5735383528495417,0.38488138178903436,0.0,0.5972147706084948,0.41927806424229264,0.6117382261730757,0.47337349348047775,0.2820945221958588,0.36902566447893254,0.09811488579781993
0.2583575396677811,0.0,0.0,0.24677513703142265,0.1024086047908089,0.0,0.0,0.0,0.1419251791070018,0.0,0.0,0.0,0.0,0.5252961289653255,0.0,0.0,0.0,0.0,0.0019209622468592258,0.0867318821876088,0.0,0.06109977497484165,0.0,0.2739366711055533,0.0,0.0,0.0,0.5795420363735846,0.0,0.0,0.7074033764323715,0.27707703513203935,0.5131300255608325,0.49571982324867475,0.48778126744217976,0.18735710617972356,0.37421079113713435,0.33980799017096547,0.03322942003309995,0.01700854983982862,0.0,0.01427293771691529,0.0,0.21678726673157026,0.03509757824439416,0.21962789752684309,0.0,0.0,0.44924490117268023,0.14880910321513724,0.0,0.033930037338021135,0.055816529821226785,0.0,0.0,0.0,0.3859887599676268,0.0,0.2954108915624477,0.0,0.0,0.0,0.0,0.0,0.0,0.0,0.0,0.0,0.262101404566656,0.0,0.0,0.0,0.11065058263130934,0.13163346001168785,0.0,0.0
0.24854474052659026,0.0,0.0,0.3306070474833238,0.016131868139148742,0.0,0.0,0.0,0.10454008020167166,0.0,0.0,0.0,0.0,0.6920738741034204,0.0,0.06823043099966963,0.0,0.0,0.0,0.0,0.0,0.0,0.0,0.22804068723383442,0.0,0.0,0.0,0.698687992144209,0.0,0.7074033764323715,0.0,0.29300449957167274,0.7016695594800384,0.710042498982772,0.7146652285212661,0.21502920444604157,0.5365890795164778,0.4121847624293416,0.0,0.0,0.0,0.0,0.0,0.37902738996778096,0.0,0.15035232432131496,0.0,0.0,0.6168301709459731,0.05206301023953527,0.0,0.0,0.0,0.0,0.0,0.0,0.4210341943261121,0.0,0.41975602269450907,0.0,0.0,0.0,0.0,0.0,0.0,0.0,0.0,0.0,0.2216107424968425,0.0,0.0,0.0,0.0,0.0,0.0,0.0
0.2332288435881165,0.0,0.0,0.31379551109669734,0.15565604328061716,0.0,0.0167979312967447,0.03175786627179043,0.0,0.09242995698058923,0.0,0.0,0.0,0.46171716637321275,0.0,0.09091296203502011,0.0,0.0,0.0,0.0,0.0,0.0,0.0,0.05556960953972284,0.0,0.0,0.0,0.11186189872472099,0.0,0.27707703513203935,0.29300449957167274,0.0,0.41434998332736683,0.24779808634124723,0.37014774287556684,0.03725881921746159,0.13712879143415316,0.15857898480469354,0.5259613528241938,0.0,0.05342200732607594,0.3891485401246183,0.06427702846818499,0.2646821379976454,0.21953874712147836,0.170073151444252,0.0,0.0,0.47330415595527753,0.41603582764350544,0.0,0.03822400941660234,0.022530885342529533,0.0,0.14688572352523865,0.0,0.32247443233776896,0.0,0.3703258637658421,0.0,0.0,0.0,0.0,0.0,0.0,0.0,0.0,0.0,0.11269405735859063,0.0,0.0,0.0,0.0,0.0,0.1183102641164288,0.14148466572615237
0.1287401821956534,0.0,0.0,0.5999143453700552,0.20088818686575483,0.0,0.06170803175946972,0.053455082065745174,0.032090060800644526,0.0,0.0,0.0,0.0,0.6781978269400367,0.0,0.0,0.0,0.0,0.0,0.0,0.0,0.0,0.0,0.03509158813492491,0.0,0.0,0.0,0.5369500642207997,0.0,0.5131300255608325,0.7016695594800384,0.41434998332736683,0.0,0.7631196709232817,0.6697317662288288,0.3436011826234689,0.4343161371429973,0.38655021454890715,0.0,0.15431530066198168,0.0,0.0,0.1345086110045802,0.4168091107586156,0.05570021319434926,0.0,0.0,0.0,0.5771365198325478,0.26537378244416504,0.0,0.0,0.07818019153304337,0.0,0.03807682992803102,0.0,0.3764958182787955,0.0,0.3910955402600558,0.0,0.0,0.0,0.0,0.0,0.0,0.056052787742068566,0.0,0.0,0.08295845755781675,0.0,0.0,0.0,0.0,0.0,0.0,0.0
0.0,0.0,0.0,0.4869093683714425,0.022286236506072254,0.0,0.0,0.0,0.0,0.0,0.0,0.0,0.0,0.604287054402914,0.0,0.0,0.0,0.0,0.0,0.0,0.0,0.0,0.0,0.0,0.0,0.0,0.0,0.5696510407817458,0.0,0.49571982324867475,0.710042498982772,0.24779808634124723,0.7631196709232817,0.0,0.6709713408155124,0.27540106535379366,0.5504587672090552,0.25612201210047764,0.0,0.0,0.0,0.0,0.0,0.3562051387584111,0.0,0.0,0.0,0.0,0.5832369905760353,0.1101971391579335,0.0,0.0,0.04335493734955079,0.0,0.0,0.0,0.42350196861102574,0.0,0.3340629832557763,0.0,0.0,0.0,0.0,0.0,0.0,0.0,0.0,0.0,0.018902577852897395,0.0,0.0,0.0,0.0,0.0,0.0,0.0
0.0,0.0,0.0,0.4007972052557316,0.02254044982820466,0.0,0.0,0.0,0.0,0.0,0.0,0.0,0.0,0.6418548819945299,0.0,0.0,0.0,0.0,0.0,0.0,0.0,0.0,0.0,0.0,0.0,0.0,0.0,0.4987113765198108,0.0,0.48778126744217976,0.7146652285212661,0.37014774287556684,0.6697317662288288,0.6709713408155124,0.0,0.17425535815886167,0.4981792132984719,0.19110572908310214,0.0,0.0,0.0,0.1388835031961082,0.0,0.3478561789220033,0.0,0.0,0.0,0.0,0.6797878887358861,0.1106346209845816,0.0,0.0,0.0,0.0,0.0,0.0,0.31456062297408655,0.0,0.3786077697548256,0.0,0.0,0.0,0.0,0.0,0.0,0.0,0.0,0.0,0.0,0.0,0.0,0.0,0.0,0.0,0.0,0.0
0.0,0.0,0.21156374665028055,0.6275688454806003,0.41707967767802545,0.2136383425304576,0.21012360799217977,0.5458801030258998,0.4548137965937481,0.3817116733619467,0.2997847220839528,0.2642027836918025,0.15171187119010898,0.1885336924088229,0.5616706852302351,0.0,0.0,0.0,0.17466820185733758,0.48835143403532455,0.5335107384106652,0.25853458093493964,0.31732338266729954,0.0,0.0,0.0,0.5321136825922763,0.6314373624717653,0.1688634921234513,0.18735710617972356,0.21502920444604157,0.03725881921746159,0.3436011826234689,0.27540106535379366,0.17425535815886167,0.0,0.5914197118021421,0.31660278985350265,0.0,0.0,0.0,0.0,0.5171415823717305,0.5805677209600221,0.2014229596944873,0.0,0.3685303817783645,0.07566969302027717,0.1271585481237991,0.10986548362047176,0.0,0.30798977809495354,0.5833828096501905,0.47955914110800624,0.19169026186559626,0.22873962931370484,0.36210100441204873,0.23350234988098295,0.08283080981499805,0.424254872141698,0.0,0.0,0.0,0.2295454130418993,0.04075071843507112,0.6078885070507736,0.11600824883233322,0.2557831538360208,0.0,0.0,0.0,0.0,0.385513140670779,0.0,0.0,0.0
0.0,0.0,0.02753793483500673,0.4195743421603272,0.13505022900695063,0.0,0.0,0.1668909745298063,0.26943378795569506,0.1716245183067788,0.08353759798732359,0.10678727949311838,0.0,0.437537610688847,0.08416625558127284,0.0,0.0,0.0,0.13602143346305529,0.17203109494512484,0.0,0.0,0.0,0.0,0.0,0.0,0.08089683273536037,0.771021002755792,0.0,0.37421079113713435,0.5365890795164778,0.13712879143415316,0.4343161371429973,0.5504587672090552,0.4981792132984719,0.5914197118021421,0.0,0.2990102061411267,0.0,0.0,0.0,0.0,0.006079624283869128,0.5544153348095429,0.0,0.0,0.0,0.0,0.42020099508075337,0.0,0.0,0.19094344336078622,0.22833002487721799,0.19864623910508483,0.07167302710839929,0.056967697272260004,0.5216796829438974,0.0,0.30484381503876645,0.0,0.0,0.0,0.0,0.2650789218487487,0.0,0.09171924259995395,0.0,0.0,0.0,0.0,0.0,0.0,0.0981304972528726,0.0,0.0,0.0
