0.0,0.42191179812788016,0.0,0.0,0.0,0.045729254376838335,0.0,0.0,0.07894327101581858,0.055591941893125885,0.0,0.114033386708051,0.2013407818751921,0.09007771895659139,0.0,0.5850812956152176,0.24829450411231746,0.4175837838626347,0.024297187959601507,0.07450246257632642,0.0,0.3994598419452352,0.0,0.5975165170663933,0.46734514207666,0.5723344530050439,0.0,0.0,0.08954577536261049,0.26042764430294874,0.24288532432237278,0.2268722101619144,0.11775170596074985,0.0,0.0,0.0,0.0,0.2655645685684514,0.4505239344390646,0.43453251921662883,0.3234133116840436,0.25649714671888924,0.0721195664073878,0.0,0.2549117131033625,0.8546967425993506,0.0,0.054668620500063075,0.0,0.060970935235668614,0.1722925011828798,0.0,0.0,0.0,0.05955035573049666,0.0,0.0,0.1331474340192898,0.0,0.0,0.41881240223020616,0.06906634426586794,0.3212522349546725,0.0,0.28984277230005534,0.0,0.1872895024695173,0.0,0.5046586615741453,0.2691593610616367,0.3747534115601349,0.28102894034110715,0.2654366910058516,0.5030759206289999,0.2941936275344937,0.4889276384983716
0.42191179812788016,0.0,0.23713389060814052,0.0,0.0,0.6496184117869866,0.06740780988364653,0.10506178607172195,0.0,0.13832027546532472,0.04135705048873886,0.3237433772353038,0.5305439203619957,0.0,0.20664425455261987,0.4493343334414019,0.6326703041070418,0.641068748859438,0.102512483794681,0.31668684120765545,0.19530712376626885,0.60296019726367,0.45124802940953773,0.5088762796478883,0.8315798288788646,0.7790328800704588,0.3704227175478713,0.0,0.4635796509836574,0.0,0.0,0.0,0.0,0.0,0.0,0.0,0.0,0.0,0.12248890072079557,0.5752104275877894,0.3929321935663103,0.0,0.2335795599089643,0.0,0.13775266121933546,0.4387561035379407,0.5246789454852896,0.09619895318258198,0.0,0.0,0.5907575523527879,0.0,0.0,0.0,0.24013700405386412,0.0,0.0,0.3958039715842208,0.0,0.29991061106393885,0.6696406244756041,0.5009579022802675,0.5828882067742474,0.0,0.5209190932651142,0.0896874863161223,0.5444571878284215,0.4141515772571329,0.47790728124934967,0.7416863372619249,0.7154934272335889,0.5035152838479549,0.17220773955466398,0.46358088349525295,0.29180790704977655,0.3775582948637678
0.0,0.23713389060814052,0.0,0.0,0.19280684975548368,0.3124938660725435,0.0950657959472423,0.3724462096113185,0.6857235341234134,0.33925861012884106,0.697898116929828,0.4171382565921511,0.45291019765422064,0.0,0.5501923248608752,0.0,0.38924707908133066,0.1739642298695268,0.804747336909411,0.6221963009040029,0.38186108053222956,0.5846879226105419,0.664216142163693,0.16812169023332157,0.3646356875330961,0.25778490741551296,0.4790789845453386,0.13316394648830204,0.20472612799040307,0.0,0.0,0.0,0.0,0.0,0.0,0.19051442061611135,0.017108917925504535,0.0,0.0,0.1450890241867405,0.051411257175392196,0.0,0.11507065721848019,0.0,0.2316832186868833,0.0906723450066064,0.46838085082708714,0.6483034174859689,0.0,0.0,0.3822792457561917,0.22719669131174608,0.3380665202291586,0.7362859178299772,0.24458195984147485,0.43264586330780597,0.0,0.4583438666067559,0.0,0.5986699991977502,0.3078501092391624,0.334990885349848,0.35230675590488086,0.709562242969006,0.6410137163876006,0.4119948477735541,0.6009582756739369,0.5462316985121515,0.12108702156880531,0.46497399533447537,0.35081683673014546,0.47383403757871995,0.4815200405052154,0.16338925765410117,0.42254945907677244,0.2117225292850311
0.0,0.0,0.0,0.0,0.5442259393462205,0.0,0.3009171287245165,0.4059036301410942,0.20150859422212586,0.19645247378369818,0.0,0.0,0.0,0.446205952958889,0.30409608896060053,0.0,0.0,0.0,0.0,0.1014049903567848,0.41161730978625943,0.0,0.05095499392709402,0.0,0.0,0.0,0.18523063128065864,0.5111152577586622,0.0,0.25593801366376034,0.35051035938172415,0.3179681029141639,0.5762409924131106,0.5019731159279688,0.4025970185717922,0.6361746508855803,0.42335477662456694,0.3246820165777569,0.0,0.0,0.0,0.0,0.33448931080956346,0.5159555595324392,0.11548335473403093,0.0,0.10464279553857815,0.0,0.49574898730683065,0.42601899726373527,0.0,0.2601471827702865,0.47484784215471065,0.175359164344851,0.06465855573167341,0.07335811338389939,0.29442385773857743,0.0,0.3661283431368759,0.17114968921657395,0.0,0.0,0.0,0.0,0.0,0.5261535678344648,0.0,0.0,0.0,0.0,0.0,0.0,0.09674462847536042,0.0,0.0,0.0
0.0,0.0,0.19280684975548368,0.5442259393462205,0.0,0.14112740834414605,0.7113244348347079,0.5012303938214843,0.5358471709886014,0.4385339325707772,0.33209125634346515,0.13181680620148423,0.29024104899054143,0.13832232229761984,0.5038926188481567,0.131490567036121,0.026356977436463952,0.07669713044752283,0.19501167743440223,0.397868724125647,0.5462682941910704,0.2674907578670792,0.31093454271945487,0.0,0.0,0.0,0.4422427571657135,0.2817027407710434,0.358253873956813,0.09284940250394483,0.021490735709515818,0.15736766847726996,0.20613324433370367,0.026790516327487635,0.019413812529434624,0.4088427692640472,0.1311567086516961,0.2902610971922952,0.0,0.0,0.0,0.0,0.4790903676006445,0.391147789931423,0.2798417438071031,0.0,0.2724605266325888,0.23816743941659815,0.2590205796641899,0.6805960055417241,0.0,0.6257322246627463,0.5243447016021852,0.4628141969612581,0.35557151546644516,0.5136936473759934,0.17352437994689152,0.37485822655569595,0.32622386534013526,0.42157858239127277,0.0,0.1889669978642529,0.0,0.28633560052361456,0.11633575295339602,0.6156561085501748,0.213472210298162,0.241187130672604,0.0,0.0,0.0,0.10895864125264021,0.37991038645942543,0.0,0.19440717810223082,0.0
0.045729254376838335,0.6496184117869866,0.3124938660725435,0.0,0.14112740834414605,0.0,0.230452762682476,0.5484755351416285,0.28207154086846375,0.32239787699087474,0.23667659379387834,0.6529478764446761,0.7502990163427976,0.0,0.5115028250799868,0.21964617704519607,0.4420208543041375,0.46135811884217803,0.29033378177157465,0.6715399165965222,0.40340345809446904,0.647763192340977,0.7099969713634189,0.3900128838464294,0.5846104966726735,0.5483821109117631,0.6661932227271044,0.1373533852856774,0.7048487082137058,0.0,0.0,0.0,0.0,0.0,0.0,0.1955890117876173,0.0,0.04866554140543544,0.0,0.37096139493492764,0.0,0.0,0.37568225390544296,0.0,0.15444270499915064,0.08758642561832147,0.5979119862006914,0.3260696066977122,0.0,0.0,0.7719269001806016,0.31058884474514714,0.46822851081744987,0.351423396756762,0.3921394818439834,0.08849098309991921,0.24323710887765962,0.6129683856423562,0.0,0.5108715469674281,0.3110413679019328,0.5151719799354036,0.5204242187405976,0.13012970971405252,0.6650769164849537,0.3408123794787128,0.5705544459813985,0.6890537457227974,0.2784376493493835,0.6575997129921489,0.6684398765292209,0.5633036240241598,0.35589290136734697,0.32184413777258314,0.23558343206611132,0.0
0.0,0.06740780988364653,0.0950657959472423,0.3009171287245165,0.7113244348347079,0.230452762682476,0.0,0.37516303878026075,0.2563038685833957,0.5133604874835466,0.14947299160812313,0.06742374576613283,0.4514087450464326,0.0,0.44087217813020907,0.2281013050302022,0.23488703837086444,0.3125450702980559,0.04071136731289002,0.3576557641492447,0.5460296739551448,0.27721713738538634,0.25578690038454477,0.0,0.14086581487422842,0.0,0.48211848323156636,0.011496671817905757,0.614537402718302,0.0,0.0,0.015961964773376608,0.06298393805174476,0.0,0.0,0.20200156600529692,0.0,0.08657630062404195,0.01610750538393263,0.09377429080787775,0.0,0.0,0.4575518124766783,0.24279280509881546,0.27042392650118485,0.0,0.35629561753180633,0.2208218855700407,0.04382777968569637,0.5695435206373411,0.06503599960992767,0.6978627366983511,0.4133513799535177,0.3054970245561814,0.525850071968702,0.3745098761164186,0.025028032744040418,0.4399605985637369,0.21622905940075024,0.3330305515442122,0.061801271433201216,0.4189877791496993,0.2006829770932837,0.12047249173095302,0.15098016270237274,0.5215738290922838,0.3366062509743557,0.19033832294233055,0.0,0.16492808388199282,0.025071960509723906,0.22597911237001247,0.3316297620199274,0.0,0.31684776426965505,0.052572662852150454
0.0,0.10506178607172195,0.3724462096113185,0.4059036301410942,0.5012303938214843,0.5484755351416285,0.37516303878026075,0.0,0.45743985378133295,0.5726744762413454,0.37057025829256673,0.5764306247976261,0.4019282771658209,0.0,0.7467423217396436,0.0,0.13590259822397366,0.03290521938104732,0.2722667685191923,0.6304326699749407,0.7238278468451604,0.4497994717840259,0.7864140309686692,0.0,0.125305612499827,0.05931807014309354,0.6736148689153358,0.2524863960395822,0.4257074635380404,0.0,0.0,0.021583688649576216,0.0508228508798754,0.0,0.0,0.5544394952025558,0.18324952271911843,0.15066114698598834,0.0,0.0,0.0,0.0,0.5206889040492072,0.2131378926837432,0.3594425861236739,0.0,0.6005191324305341,0.3441411855396878,0.0,0.3093136260470916,0.28041640712531246,0.5588152872082396,0.9263820975420791,0.5903350695832367,0.4913846211095514,0.37929633726064677,0.41728262273289135,0.49604383190568857,0.0,0.6686604728169171,0.0,0.3526528147659932,0.13106079251712033,0.30889643788495624,0.3406688180130207,0.773586413253481,0.44030948809043247,0.6949385625423856,0.0,0.2541367389134622,0.27897087822410727,0.17773865383132403,0.3734180062086254,0.0,0.26190276890234443,0.0
0.07894327101581858,0.0,0.6857235341234134,0.20150859422212586,0.5358471709886014,0.28207154086846375,0.2563038685833957,0.45743985378133295,0.0,0.3433279712738072,0.6771396431614995,0.3924127248739683,0.3824326360472778,0.0,0.5879693359590061,0.038152347069015935,0.08141974901867849,0.07008339699818361,0.680322159637434,0.7020271658644343,0.4445893241741337,0.5742404024190718,0.513715356076526,0.09043141364733734,0.065892945794194,0.09895262512005318,0.5279884887333531,0.4781093069032132,0.2950310481707862,0.1424079501518009,0.10591604503007934,0.0,0.03538936346916985,0.0,0.0,0.4317776998184853,0.2735426690309637,0.32072551035269836,0.0,0.0,0.0,0.0,0.2511151612989081,0.1768895762467153,0.19742053680786484,0.13793046034890233,0.32374509584422617,0.6752653734730116,0.0,0.1607876025610981,0.2095935604756647,0.4376117838683554,0.4770363046993635,0.8116376651556667,0.22162824879252552,0.6691356358569932,0.19985916215024935,0.4752702793771215,0.09333803863124225,0.5989486732829666,0.0,0.18491424348435942,0.1735256504913817,0.6796094184310193,0.5123493089394463,0.5074676723961042,0.42317422790736137,0.4270166591639619,0.03872788491347212,0.2082613943808701,0.2016147662513435,0.34534414017305903,0.5771481181618732,0.0,0.2583341650292843,0.0
0.055591941893125885,0.13832027546532472,0.33925861012884106,0.19645247378369818,0.4385339325707772,0.32239787699087474,0.5133604874835466,0.5726744762413454,0.3433279712738072,0.0,0.2273185393156977,0.5405508055275376,0.5084200426489212,0.0,0.5891422361706407,0.23470151247904975,0.3327358029772744,0.35569417922761903,0.2686592726995775,0.5741833585747295,0.6801315882044003,0.46894758229337946,0.4961299521750769,0.0,0.37149430662448446,0.13512660424760253,0.6242071604495436,0.24069084897968127,0.5972850796221276,0.0,0.0,0.08667322622205322,0.0,0.0,0.0,0.3780706446084172,0.17992201508517017,0.23680569449286568,0.0,0.13704665795147628,0.0,0.0,0.4738251870222273,0.28539662390049414,0.43043667674386943,0.09565973295563004,0.4589437405169571,0.3702930068285426,0.0,0.35427733165751313,0.1207761135428734,0.5864319533185829,0.561521024133305,0.4465053755206456,0.7386087576286845,0.40262478564225257,0.3067086238079868,0.5789406355916816,0.0,0.45713244391691366,0.0938759373133915,0.5181397951032704,0.3419331914972943,0.3677657022631905,0.3450623468534456,0.6186020095757327,0.4553064148226329,0.3880131600091892,0.0,0.37313764928149074,0.29457880958608496,0.33134997243566905,0.5637729766534434,0.0,0.4127895618196785,0.1457831728594805
0.0,0.04135705048873886,0.697898116929828,0.0,0.33209125634346515,0.23667659379387834,0.14947299160812313,0.37057025829256673,0.6771396431614995,0.2273185393156977,0.0,0.25025379842386486,0.3154806405504922,0.0,0.6001212838346448,0.0,0.1448705969024066,0.0,0.6275399663191435,0.5545777072859768,0.4122201265204454,0.4012103938642166,0.4923375801869152,0.0,0.108503924801061,0.0,0.5202899359916108,0.18861542450624785,0.2644435147634892,0.0,0.0,0.0,0.0,0.0,0.0,0.28090990969796664,0.0775874157951704,0.0,0.0,0.0,0.0,0.0,0.09656935606894707,0.050623014427328805,0.06572842958753006,0.0,0.4354375494704811,0.6248834739744797,0.0,0.015884989939809857,0.16020326804008703,0.3208925080837328,0.35942590049570616,0.7459502726574287,0.07811297602160919,0.697854850377747,0.0,0.40907247358612603,0.0,0.6346479276924585,0.11846112023499113,0.2392700360168465,0.2504193175542307,0.5646291899100242,0.5004988217250806,0.44684680078508643,0.46003038500685944,0.42625965470714267,0.0,0.2687578047364646,0.1419401488449385,0.35351906490759766,0.4163281618800929,0.0,0.17759100586781634,0.0
0.114033386708051,0.3237433772353038,0.4171382565921511,0.0,0.13181680620148423,0.6529478764446761,0.06742374576613283,0.5764306247976261,0.3924127248739683,0.5405508055275376,0.25025379842386486,0.0,0.6092756281783401,0.0,0.45229870133848826,0.10395334547412569,0.3796064394183133,0.31103782793103674,0.36785317880783125,0.6312584820981308,0.34119407297562965,0.5778844960782519,0.6684578898180482,0.5134588306571568,0.4067754719037218,0.5205387447023054,0.46132004299765333,0.24158378361077598,0.42251231344788776,0.0,0.0,0.0,0.0,0.0,0.0,0.26910898525121874,0.11113440276022124,0.3018865240747718,0.0,0.2334077793326301,0.0,0.0,0.3335087184333489,0.015347324740395074,0.30796078987875664,0.16608443249240762,0.3861799901316906,0.43936114919765257,0.0,0.0,0.5515792762088247,0.29435237137409626,0.49056397582802913,0.4384297787027067,0.3960562910038584,0.23801864872136297,0.4896170381027365,0.5835290148863265,0.0,0.42675774142236045,0.18026742698002413,0.436556236900212,0.4088635516190391,0.3537854164019092,0.5727775310105122,0.30233359639668594,0.48163735980939165,0.6225848657529551,0.4029746247347628,0.47575522359064054,0.5815240802283579,0.3845332626962672,0.4605527451928197,0.1820303368587608,0.3168771775064455,0.09645520368823188
0.2013407818751921,0.5305439203619957,0.45291019765422064,0.0,0.29024104899054143,0.7502990163427976,0.4514087450464326,0.4019282771658209,0.3824326360472778,0.5084200426489212,0.3154806405504922,0.6092756281783401,0.0,0.0,0.5416912400879684,0.4674627860083197,0.6735543956165402,0.6596004636130766,0.3758776920884107,0.762041440904508,0.5282730813723452,0.8005531272547965,0.635993291945544,0.29819971154704333,0.6390047292993977,0.5223156009379757,0.6808627426529219,0.14965930911097208,0.8002905891312675,0.0,0.0,0.0,0.0,0.0,0.0,0.12949748013954285,0.0,0.083213917603595,0.011656520430356476,0.3929164510972335,0.1009100104402429,0.0,0.4278619935678564,0.0,0.30628302559113285,0.3187540852464903,0.5651685942524015,0.5026895593947538,0.0,0.0277549990688018,0.6276243754032084,0.5157136845082583,0.3537565597637616,0.49433312528778534,0.5257309188861031,0.2570458200768336,0.09859537605676344,0.7490156022560509,0.0,0.5176329905081587,0.5272397908927081,0.6561301974438949,0.670473960305626,0.26308720524137796,0.7414302455249222,0.4230687611007186,0.7504232692642612,0.549002870675441,0.20526426395990172,0.6691814532084127,0.6279929108442899,0.6591505625388969,0.6111312000822188,0.39163468023731407,0.5180156885983327,0.29643331001875234
0.09007771895659139,0.0,0.0,0.446205952958889,0.13832232229761984,0.0,0.0,0.0,0.0,0.0,0.0,0.0,0.0,0.0,0.0,0.0,0.0,0.0,0.0,0.0,0.0,0.0,0.0,0.004903482095269557,0.0,0.0,0.0,0.49510193262632163,0.0,0.5441229149039202,0.7259381920788209,0.47156804874551755,0.6626766500114595,0.6463850616106708,0.6852356783437072,0.18752063961942433,0.4381909569309933,0.35688828361328157,0.07874764051050583,0.0,0.0,0.09612007980991343,0.0,0.38179079889469336,0.0,0.0,0.0,0.0,0.6982527092400831,0.32208766647427695,0.0,0.0,0.0,0.0,0.0,0.0,0.45677401325498945,0.0,0.5690085438394301,0.0,0.0,0.0,0.0,0.0,0.0,0.0,0.0,0.0,0.00211362602254421,0.0,0.0,0.0,0.0,0.0,0.0,0.0
0.0,0.20664425455261987,0.5501923248608752,0.30409608896060053,0.5038926188481567,0.5115028250799868,0.44087217813020907,0.7467423217396436,0.5879693359590061,0.5891422361706407,0.6001212838346448,0.45229870133848826,0.5416912400879684,0.0,0.0,0.0,0.3801673012367178,0.12650890823920438,0.38038457675234416,0.7975801664121338,0.896364626340158,0.6357405334806585,0.7549197029530192,0.0,0.2905965206411968,0.12441066943103718,0.8212923435627727,0.20360976211000806,0.5469334348780285,0.0,0.0,0.0,0.0,0.0,0.0,0.5541099608448654,0.07986202789927235,0.1077755031089333,0.0,0.1106133300917044,0.0,0.0,0.5516058875636817,0.15636982794866222,0.3216339357534044,0.0,0.8624061247960915,0.4600275778031568,0.0,0.1399892019149667,0.2731537731272427,0.5496632543580968,0.7507602420240787,0.7449886981260205,0.43440798387710333,0.5040402023792969,0.025910530454161668,0.6963007281341742,0.0,0.9380653211419254,0.17017666808385176,0.534479408357048,0.3755829763393126,0.35377659147491575,0.5340137867730445,0.8904699114022565,0.6939366120728632,0.697650830541422,0.0,0.48974023340254047,0.42674384104390695,0.3849147364757775,0.586044480421824,0.0,0.3574930432879556,0.0
0.5850812956152176,0.4493343334414019,0.0,0.0,0.131490567036121,0.21964617704519607,0.2281013050302022,0.0,0.038152347069015935,0.23470151247904975,0.0,0.10395334547412569,0.4674627860083197,0.0,0.0,0.0,0.4910958623313202,0.7603957053321875,0.04372849708389023,0.12147062082560073,0.03892033073189538,0.4251262329255808,0.0,0.2578766925968626,0.48175935820564036,0.44831033557616234,0.16284315397950103,0.0,0.44949170669440597,0.0,0.07764943589128132,0.08051516276637252,0.0,0.0,0.0,0.0,0.0,0.1285292543669885,0.33046770349093013,0.3390973249540458,0.313127262124722,0.10804455224165621,0.2341835039513345,0.0,0.14531123983280894,0.5252093075463209,0.0,0.0,0.0,0.13599389210315346,0.06528156623531997,0.0850349543935901,0.0,0.0,0.25083874252071003,0.03373906892871156,0.0,0.18986017762170643,0.0,0.0,0.4464382710121542,0.2968254060485939,0.4194823942348086,0.0,0.2475493881298142,0.0,0.2616459413973523,0.0,0.18341226111939257,0.27744525213581495,0.27299413757096735,0.30419749321860867,0.22091476376124558,0.3704169101740885,0.3091448694666285,0.37872809232415283
0.24829450411231746,0.6326703041070418,0.38924707908133066,0.0,0.026356977436463952,0.4420208543041375,0.23488703837086444,0.13590259822397366,0.08141974901867849,0.3327358029772744,0.1448705969024066,0.3796064394183133,0.6735543956165402,0.0,0.3801673012367178,0.4910958623313202,0.0,0.721617636611842,0.21327728386470457,0.4327395880727092,0.3947225096250346,0.5928400804350531,0.4507927055704222,0.31112909525844085,0.749725961362858,0.6345799986307978,0.4070696418253051,0.0,0.45392886584541614,0.0,0.0,0.0,0.0,0.0,0.0,0.0,0.0,0.0,0.10745771269086798,0.5184782521272755,0.4657228813433338,0.0,0.3859379987296864,0.0,0.34706993912185846,0.34668717396483983,0.5672785485902861,0.2409832557866821,0.0,0.0,0.44908336753881145,0.08155007877710282,0.08761247320908852,0.22199257146769447,0.3116990907658301,0.026618886041290896,0.0,0.4827216839889932,0.0,0.4253947439182949,0.7672318233121753,0.7385812914617313,0.7407594269290265,0.038438414837348694,0.5824522027396125,0.2558301978394019,0.7154073203269556,0.4194012579443132,0.2788445134151688,0.6858103073016006,0.6287910061817494,0.49901314850682454,0.3929572494398957,0.29364542959428713,0.5064035880815104,0.5103726352520042
0.4175837838626347,0.641068748859438,0.1739642298695268,0.0,0.07669713044752283,0.46135811884217803,0.3125450702980559,0.03290521938104732,0.07008339699818361,0.35569417922761903,0.0,0.31103782793103674,0.6596004636130766,0.0,0.12650890823920438,0.7603957053321875,0.721617636611842,0.0,0.05993806368029764,0.3001250674085507,0.16836888905611033,0.559026246965931,0.19436834157657154,0.3109720149452445,0.6428313134816974,0.5916746210919123,0.339452088724923,0.0,0.5913184693156326,0.0,0.0,0.0,0.0,0.0,0.0,0.0,0.0,0.07780338684117295,0.10881973434137081,0.47679687095360707,0.24323801354865673,0.0,0.34422764756281055,0.0,0.253702641959037,0.43916362966486283,0.275468473645779,0.09034209278701724,0.0,0.011198360340641866,0.319037420605663,0.1560884691973266,0.0,0.07037519038382456,0.40451744961780095,0.0,0.0,0.36850950086428236,0.0,0.13421422994777923,0.5584467936657854,0.5025855750152641,0.6213436216886843,0.0,0.4026625028144547,0.03854821162848529,0.4539689730510882,0.04788736872688806,0.24489793133977014,0.5392004331655749,0.4969673104348039,0.40157922408414654,0.35326194178219367,0.3581935324814052,0.3128686909326404,0.35580629871384467
0.024297187959601507,0.102512483794681,0.804747336909411,0.0,0.19501167743440223,0.29033378177157465,0.04071136731289002,0.2722667685191923,0.680322159637434,0.2686592726995775,0.6275399663191435,0.36785317880783125,0.3758776920884107,0.0,0.38038457675234416,0.04372849708389023,0.21327728386470457,0.05993806368029764,0.0,0.5743506429311758,0.25065948119275216,0.47852164171813755,0.4609336562723187,0.12992008509772035,0.2330686100165305,0.16800739100770787,0.43437288072503255,0.2086133190670541,0.25086204493497116,-0.007236628113543697,0.0,0.0,0.0,0.0,0.0,0.15924076332075796,0.1261283475954857,0.08211669970617302,0.0,0.03975287264628874,0.0,0.0,0.04615528165818536,0.0,0.10049311175256712,0.10148763574251862,0.21194970935743163,0.5611867485789849,0.0,0.0,0.21463522257496853,0.19520315228178553,0.22532240177569743,0.6028920290580964,0.1245018471081962,0.45748912742585507,0.004509274290090265,0.3071790828034371,0.0,0.4111429297503967,0.13328127249164098,0.1683216974715325,0.1961758932469584,0.7943109432582759,0.5462129442903245,0.24564403044339997,0.40206732108612164,0.34765115669147234,0.01987838655924709,0.2512411481737972,0.18457553979266617,0.4172599677123006,0.3705086482611084,0.1739854847994589,0.29584173380756434,0.07481852953801853
0.07450246257632642,0.31668684120765545,0.6221963009040029,0.1014049903567848,0.397868724125647,0.6715399165965222,0.3576557641492447,0.6304326699749407,0.7020271658644343,0.5741833585747295,0.5545777072859768,0.6312584820981308,0.762041440904508,0.0,0.7975801664121338,0.12147062082560073,0.4327395880727092,0.3001250674085507,0.5743506429311758,0.0,0.7205308980236764,0.8613428925378264,0.7244901034538116,0.21334463090098,0.46982764874998784,0.32408452017056455,0.8604821425970669,0.4041118356727066,0.6819205291192232,0.08912906022053929,0.0,0.0,0.0,0.0,0.0,0.47477317199893443,0.17129058872374797,0.23843023206248165,0.0,0.24002001679876697,0.0,0.0,0.4949476842886377,0.0974885811965925,0.2774562118405167,0.20661737641560696,0.6717563864899413,0.6169375248284629,0.0,0.032805749823283104,0.4924008096943246,0.5778250044343061,0.6263808886432014,0.782067356934961,0.44541346575393514,0.47200204613856517,0.18569064636114738,0.8255195329471188,0.0,0.7627811807073532,0.2972934107414898,0.5412581122950704,0.5532706379639858,0.5091263127949086,0.7932947901365969,0.6698072807407711,0.7389023888804341,0.6662311231090534,0.1228964901019843,0.6107911580227091,0.5219805599191903,0.6129878033011532,0.7496313970678865,0.1459425796378526,0.47896210338365863,0.07606638160966808
0.0,0.19530712376626885,0.38186108053222956,0.41161730978625943,0.5462682941910704,0.40340345809446904,0.5460296739551448,0.7238278468451604,0.4445893241741337,0.6801315882044003,0.4122201265204454,0.34119407297562965,0.5282730813723452,0.0,0.896364626340158,0.03892033073189538,0.3947225096250346,0.16836888905611033,0.25065948119275216,0.7205308980236764,0.0,0.5881592998039101,0.6397694201274808,0.0,0.33677719354468455,0.06916715282085034,0.8075753608506147,0.09073863033144292,0.5862018740263726,0.0,0.0,0.0,0.0,0.0,0.0,0.5398205588798746,0.0,0.1072332410047999,0.0,0.14592943481715404,0.0,0.0,0.629923731803657,0.23978415989910062,0.411121238387686,0.0,0.7809567595625557,0.3404210664578479,0.0,0.2963174615077321,0.18757335809974493,0.6005383209744994,0.7400236768925493,0.6594650919308152,0.46920594771711344,0.44818055905745374,0.0,0.6670859982679451,0.0,0.8178376605550655,0.2132973225644526,0.582715765674275,0.44856643638454036,0.23410804343275568,0.4725096902518814,0.9219691601984648,0.6976136952035009,0.6157185035497389,0.0,0.45158172513972517,0.3506689847912183,0.37677518633292456,0.6317488564549955,0.0,0.48615801623227195,0.08237780657424618
0.3994598419452352,0.60296019726367,0.5846879226105419,0.0,0.2674907578670792,0.647763192340977,0.27721713738538634,0.4497994717840259,0.5742404024190718,0.46894758229337946,0.4012103938642166,0.5778844960782519,0.8005531272547965,0.0,0.6357405334806585,0.4251262329255808,0.5928400804350531,0.559026246965931,0.47852164171813755,0.8613428925378264,0.5881592998039101,0.0,0.6453326981788482,0.44668187966626316,0.673060848313985,0.5866683941245974,0.7194690740160887,0.2062632928355475,0.6308902886146732,0.0692911930100073,0.0,0.0,0.0,0.0,0.0,0.2507430457748367,0.0,0.2079971845490623,0.0,0.4815734659148798,0.04568458495380073,0.0,0.49211681785151784,0.0,0.32216567535090845,0.49724649275484134,0.6232840132376805,0.5189469369935066,0.0,0.0,0.5364526202378813,0.3828941426818184,0.40700324136973215,0.6169297165215182,0.42447405320117126,0.33361365080508143,0.06716606893581475,0.7614180287242207,0.0,0.6528588160827493,0.549891496470813,0.5784973614604662,0.668507542213562,0.3730200476976113,0.8090585253924006,0.5010919978793683,0.8081486079804227,0.5671580851254963,0.3375895174031789,0.715083364546477,0.6790437979184686,0.6487982308358956,0.6907062804035303,0.337049954897215,0.58127053652275,0.31297449748677386
0.0,0.45124802940953773,0.664216142163693,0.05095499392709402,0.31093454271945487,0.7099969713634189,0.25578690038454477,0.7864140309686692,0.513715356076526,0.4961299521750769,0.4923375801869152,0.6684578898180482,0.635993291945544,0.0,0.7549197029530192,0.0,0.4507927055704222,0.19436834157657154,0.4609336562723187,0.7244901034538116,0.6397694201274808,0.6453326981788482,0.0,0.21232010437784246,0.4778045641781955,0.3921431730514144,0.6786013163836491,0.09569411964610419,0.4513657787472774,0.0,0.0,0.0,0.0,0.0,0.0,0.3040851838802662,0.0,0.04666705395594578,0.0,0.2156904847155258,0.0,0.0,0.4074652189106335,0.0,0.38747358554747313,0.002355845722939509,0.7480986859629354,0.5789339912733624,0.0,0.05802786718219444,0.6057781717100497,0.41311331433702714,0.7345505581564604,0.6596752003379232,0.44050858608378035,0.37703313353265144,0.18589003773357268,0.6477190861938422,0.0,0.7665228823468697,0.2483158477070747,0.5269369337840415,0.4061667020749762,0.38227116511857806,0.6608832881962419,0.6622062284677365,0.705208764920209,0.9022655404408487,0.16629122536836857,0.5711214535422244,0.5881483044629571,0.4875361901819342,0.508501157728029,0.025579095488701076,0.4816287145462991,0.09986032971786057
0.5975165170663933,0.5088762796478883,0.16812169023332157,0.0,0.0,0.3900128838464294,0.0,0.0,0.09043141364733734,0.0,0.0,0.5134588306571568,0.29819971154704333,0.004903482095269557,0.0,0.2578766925968626,0.31112909525844085,0.3109720149452445,0.12992008509772035,0.21334463090098,0.0,0.44668187966626316,0.21232010437784246,0.0,0.47463676571161284,0.7299541728386074,0.0,0.09704780442619693,0.0,0.27234775981966297,0.2126732566379106,0.05676322773045178,0.03007591693123135,0.0,0.0,0.0,0.0,0.31286221516367796,0.29092972028420666,0.5531234965181774,0.20358748382541886,0.05371980496528836,0.05119529579466964,0.0,0.23238856804865965,0.614337804914382,-0.011128798983717103,0.0960167390690076,0.0,0.0,0.5371957901763826,0.0,0.0,0.0,0.033924779295212815,0.0,0.2665273002746807,0.24353060108421906,0.0,0.0,0.39865188817196856,0.11116819781493209,0.33873548432324574,0.0,0.41226960342280705,0.0,0.23374879770320195,0.22974998966018162,0.8797339832994229,0.42898779032215184,0.5907045005953916,0.30303649035368,0.23031143779189914,0.5475282438193068,0.22082623815335356,0.34972533896077973
0.46734514207666,0.8315798288788646,0.3646356875330961,0.0,0.0,0.5846104966726735,0.14086581487422842,0.125305612499827,0.065892945794194,0.37149430662448446,0.108503924801061,0.4067754719037218,0.6390047292993977,0.0,0.2905965206411968,0.48175935820564036,0.749725961362858,0.6428313134816974,0.2330686100165305,0.46982764874998784,0.33677719354468455,0.673060848313985,0.4778045641781955,0.47463676571161284,0.0,0.7474683003230645,0.49264257227066643,0.0,0.5902408292066568,0.0,0.0,0.0,0.0,0.0,0.0,0.0,0.0,0.0,0.21653477885187775,0.5715124054116163,0.5038861424489056,0.0,0.2712044843231797,0.0,0.25424039560969414,0.5474648117123164,0.5245455371665817,0.3447553710538729,0.0,0.0,0.6029832727071524,0.07564560828240799,0.03598087062302616,0.1926801437878449,0.3785355467195505,0.027275368311476256,0.0,0.5551416585878072,0.0,0.34431785399645787,0.8306454335872269,0.7114327003139012,0.8242203373831786,0.06927020839762257,0.7163684349777877,0.15273790644611546,0.7378975326512727,0.45782234755013596,0.4085560310950527,0.8616669032240329,0.7164730525252534,0.6973466467452127,0.3828742045810001,0.5536764445441682,0.5691287833112264,0.5945982407252459
0.5723344530050439,0.7790328800704588,0.25778490741551296,0.0,0.0,0.5483821109117631,0.0,0.05931807014309354,0.09895262512005318,0.13512660424760253,0.0,0.5205387447023054,0.5223156009379757,0.0,0.12441066943103718,0.44831033557616234,0.6345799986307978,0.5916746210919123,0.16800739100770787,0.32408452017056455,0.06916715282085034,0.5866683941245974,0.3921431730514144,0.7299541728386074,0.7474683003230645,0.0,0.18295491742090886,0.0,0.28573024867203406,0.0,0.0,0.0,0.0,0.0,0.0,0.0,0.0,0.05979423269467596,0.0805091914585701,0.5841928449690205,0.23771514859243353,0.0,0.15227694942805828,0.0,0.16133251930500914,0.5356806271940731,0.35391462691779335,0.14820392656177658,0.0,0.0,0.5211630881879683,0.0,0.0,0.07772220872993368,0.1229808785239549,0.0,0.06753817377651838,0.33328366134876497,0.0,0.2099367227098819,0.6055465819664894,0.38144642326508926,0.5488176916514773,0.0,0.5042277478035053,0.0,0.4851174063780108,0.32712888430361586,0.6073430957689274,0.6780620294501147,0.8404744085645712,0.3350072505226665,0.19920765572857513,0.4341295423494812,0.25546547034901224,0.3193960575133402
0.0,0.3704227175478713,0.4790789845453386,0.18523063128065864,0.4422427571657135,0.6661932227271044,0.48211848323156636,0.6736148689153358,0.5279884887333531,0.6242071604495436,0.5202899359916108,0.46132004299765333,0.6808627426529219,0.0,0.8212923435627727,0.16284315397950103,0.4070696418253051,0.339452088724923,0.43437288072503255,0.8604821425970669,0.8075753608506147,0.7194690740160887,0.6786013163836491,0.0,0.49264257227066643,0.18295491742090886,0.0,0.23654695698943115,0.7961829355994704,0.0,0.0,0.0,0.0,0.0,0.0,0.49953570352225274,0.07739555871360199,0.14086223690215344,0.0,0.21118292724249654,0.0,0.0,0.5643175486686245,0.10651230457082235,0.25544655756481083,0.03212464174048141,0.7712508292896468,0.47891388860295336,0.0,0.06418649375409113,0.38996150444521993,0.5714952205337104,0.6464802714536322,0.6496999956350699,0.5270960366851609,0.4486698424834016,0.04479048905834224,0.7373233431692435,0.0,0.7625178533130665,0.2838818165927863,0.5824876442276485,0.5428293489811861,0.37919409617938193,0.6523140196073729,0.7505394253806545,0.7101282938034386,0.6373814874442878,0.0,0.6174310229436248,0.40721666093662623,0.6776445969537588,0.6426143097483643,0.0,0.42252725773484345,0.04180029658858908
0.0,0.0,0.13316394648830204,0.5111152577586622,0.2817027407710434,0.1373533852856774,0.011496671817905757,0.2524863960395822,0.4781093069032132,0.24069084897968127,0.18861542450624785,0.24158378361077598,0.14965930911097208,0.49510193262632163,0.20360976211000806,0.0,0.0,0.0,0.2086133190670541,0.4041118356727066,0.09073863033144292,0.2062632928355475,0.09569411964610419,0.09704780442619693,0.0,0.0,0.23654695698943115,0.0,0.1028020840066371,0.576847665743209,0.7170805009903546,0.10325724699901051,0.5440313537806367,0.5958239532260889,0.5355799352483632,0.6294856124529441,0.7798878544179342,0.4599854330171149,0.0,0.0,0.0,0.0,0.13374711472132278,0.5445429913626572,0.010253013629550806,0.0,0.0,0.08827584289172691,0.3707109024285012,0.0383090041214415,0.0,0.2388284562253033,0.33332220721070993,0.30949993727818736,0.12604923996559747,0.10298252893344473,0.5705811450041511,0.1401079201547737,0.24530046370658168,0.08722287210591001,0.0,0.0,0.0,0.24645785886331875,0.0,0.20218815418595387,0.0,0.0,0.027667409332710807,0.0,0.0,0.0,0.33149696722575783,0.0,0.0,0.0
0.08954577536261049,0.4635796509836574,0.20472612799040307,0.0,0.358253873956813,0.7048487082137058,0.614537402718302,0.4257074635380404,0.2950310481707862,0.5972850796221276,0.2644435147634892,0.42251231344788776,0.8002905891312675,0.0,0.5469334348780285,0.44949170669440597,0.45392886584541614,0.5913184693156326,0.25086204493497116,0.6819205291192232,0.5862018740263726,0.6308902886146732,0.4513657787472774,0.0,0.5902408292066568,0.28573024867203406,0.7961829355994704,0.1028020840066371,0.0,0.0,0.0,0.0,0.0,0.0,0.0,0.15242777325849116,0.0,0.0,0.0,0.26663144323510163,0.0,0.0,0.4140181835088388,0.0,0.15652172290227573,0.14747761829079148,0.5331204605341573,0.39546893036826575,0.0,0.12226576671099593,0.43485647175710185,0.6014612424761168,0.39434932776602316,0.40301807195542194,0.5764747199332991,0.33844104702980066,0.049156365437696706,0.7416671283304934,0.0,0.4874064335103199,0.34295938477288185,0.6231159628434502,0.5975362342919053,0.20710405665522186,0.6067990154906726,0.4492066787275643,0.5928775149785374,0.38547116088344896,0.0,0.6072480201523391,0.4269855026069387,0.6306464777252686,0.4859136597208227,0.3024426626646044,0.35728801511502817,0.11168298473412688
0.26042764430294874,0.0,0.0,0.25593801366376034,0.09284940250394483,0.0,0.0,0.0,0.1424079501518009,0.0,0.0,0.0,0.0,0.5441229149039202,0.0,0.0,0.0,0.0,-0.007236628113543697,0.08912906022053929,0.0,0.0692911930100073,0.0,0.27234775981966297,0.0,0.0,0.0,0.576847665743209,0.0,0.0,0.7119642898929361,0.26782595182398816,0.5126049525641307,0.52864159317578,0.543653001553232,0.17252530057472235,0.3784060897523339,0.34691461986345096,0.035228777933846156,0.023859859229551056,0.0,0.018881126921427932,0.0,0.2110386757774146,0.03733360756395314,0.22467597885551854,0.0,0.0,0.4688608348795838,0.13772762715291686,0.0,0.028144362250695554,0.04044169103306425,0.0,0.0,0.0,0.383747222478134,0.0,0.3028157969347837,0.0,0.0,0.0,0.0,0.0,0.0,0.0,0.0,0.0,0.2664164306833597,0.0,0.0,0.0,0.11424480932781489,0.13120319693797144,0.0,0.0
0.24288532432237278,0.0,0.0,0.35051035938172415,0.021490735709515818,0.0,0.0,0.0,0.10591604503007934,0.0,0.0,0.0,0.0,0.7259381920788209,0.0,0.07764943589128132,0.0,0.0,0.0,0.0,0.0,0.0,0.0,0.2126732566379106,0.0,0.0,0.0,0.7170805009903546,0.0,0.7119642898929361,0.0,0.2803448751865223,0.705596899830516,0.725387522530319,0.7424045497005625,0.20030859760445996,0.5494754522805612,0.4399472960662962,0.0,0.0,0.0,0.0,0.0,0.38565799902848763,0.0,0.14657061057982784,0.0,0.0,0.62272234068882,0.04798460661690204,0.0,0.0,0.0,0.0,0.0,0.0,0.40904498077313656,0.0,0.4523015263255419,0.0,0.0,0.0,0.0,0.0,0.0,0.0,0.0,0.0,0.20753206040760563,0.0,0.0,0.0,0.0,0.0,0.0,0.0
0.2268722101619144,0.0,0.0,0.3179681029141639,0.15736766847726996,0.0,0.015961964773376608,0.021583688649576216,0.0,0.08667322622205322,0.0,0.0,0.0,0.47156804874551755,0.0,0.08051516276637252,0.0,0.0,0.0,0.0,0.0,0.0,0.0,0.05676322773045178,0.0,0.0,0.0,0.10325724699901051,0.0,0.26782595182398816,0.2803448751865223,0.0,0.42777727463215176,0.2390788486552153,0.38911771987949983,0.02568478906478497,0.1266983741227366,0.16410222318592302,0.5163632480485051,0.0,0.060003774848826186,0.40037198223619785,0.05858484869554108,0.26425247023767195,0.2284412017585864,0.16704583030436823,0.0,0.0,0.5038142561963908,0.40233175400698745,0.0,0.034761543772286324,0.012468507111908278,0.0,0.1376944991232349,0.0,0.3216320992366935,0.0,0.38414133588801314,0.0,0.0,0.0,0.0,0.0,0.0,0.0,0.0,0.0,0.10250289260704493,0.0,0.0,0.0,0.0,0.0,0.128890200627192,0.1462423993104779
0.11775170596074985,0.0,0.0,0.5762409924131106,0.20613324433370367,0.0,0.06298393805174476,0.0508228508798754,0.03538936346916985,0.0,0.0,0.0,0.0,0.6626766500114595,0.0,0.0,0.0,0.0,0.0,0.0,0.0,0.0,0.0,0.03007591693123135,0.0,0.0,0.0,0.5440313537806367,0.0,0.5126049525641307,0.705596899830516,0.42777727463215176,0.0,0.7644269181906558,0.6945502703498111,0.34321673431698146,0.43567312129526226,0.38167420397686047,0.0,0.14970958849692084,0.0,0.0,0.1293475680629027,0.4270811918238932,0.051682839233480576,0.0,0.0,0.0,0.5747319007296297,0.2694859804067762,0.0,0.0,0.07607290846857676,0.0,0.030976533840576803,0.0,0.3976988980342936,0.0,0.4021843560705933,0.0,0.0,0.0,0.0,0.0,0.0,0.04318911919803042,0.0,0.0,0.07489711862297094,0.0,0.0,0.0,0.0,0.0,0.0,0.0
0.0,0.0,0.0,0.5019731159279688,0.026790516327487635,0.0,0.0,0.0,0.0,0.0,0.0,0.0,0.0,0.6463850616106708,0.0,0.0,0.0,0.0,0.0,0.0,0.0,0.0,0.0,0.0,0.0,0.0,0.0,0.5958239532260889,0.0,0.52864159317578,0.725387522530319,0.2390788486552153,0.7644269181906558,0.0,0.6899918696709293,0.2713388205697611,0.5608726230553664,0.257456043599346,0.0,0.0,0.0,0.0,0.0,0.359419121180088,0.0,0.0,0.0,0.0,0.6146714480092618,0.10778028602409576,0.0,0.0,0.04551602095733834,0.0,0.0,0.0,0.43626238759652314,0.0,0.3674671586634065,0.0,0.0,0.0,0.0,0.0,0.0,0.0,0.0,0.0,0.009741599612636431,0.0,0.0,0.0,0.0,0.0,0.0,0.0
0.0,0.0,0.0,0.4025970185717922,0.019413812529434624,0.0,0.0,0.0,0.0,0.0,0.0,0.0,0.0,0.6852356783437072,0.0,0.0,0.0,0.0,0.0,0.0,0.0,0.0,0.0,0.0,0.0,0.0,0.0,0.5355799352483632,0.0,0.543653001553232,0.7424045497005625,0.38911771987949983,0.6945502703498111,0.6899918696709293,0.0,0.17872901577160072,0.5066893299959491,0.20287527574849257,0.0,0.0,0.0,0.1373629241343019,0.0,0.37594066524729675,0.0,0.0,0.0,0.0,0.7080455648679858,0.11246324104421426,0.0,0.0,0.0,0.0,0.0,0.0,0.34189533803594835,0.0,0.4452278657674088,0.0,0.0,0.0,0.0,0.0,0.0,0.0,0.0,0.0,0.0,0.0,0.0,0.0,0.0,0.0,0.0,0.0
0.0,0.0,0.19051442061611135,0.6361746508855803,0.4088427692640472,0.1955890117876173,0.20200156600529692,0.5544394952025558,0.4317776998184853,0.3780706446084172,0.28090990969796664,0.26910898525121874,0.12949748013954285,0.18752063961942433,0.5541099608448654,0.0,0.0,0.0,0.15924076332075796,0.47477317199893443,0.5398205588798746,0.2507430457748367,0.3040851838802662,0.0,0.0,0.0,0.49953570352225274,0.6294856124529441,0.15242777325849116,0.17252530057472235,0.20030859760445996,0.02568478906478497,0.34321673431698146,0.2713388205697611,0.17872901577160072,0.0,0.5920235762016793,0.3231698566085969,0.0,0.0,0.0,0.0,0.5090028577771646,0.5758011281427377,0.19851104692475252,0.0,0.3623253711026898,0.06811209722108147,0.1311504114733142,0.1029758110107315,0.0,0.30006624215531685,0.5968699458018788,0.4556502602619239,0.18740794178928727,0.2167232751111421,0.36087971038138145,0.2144660897960198,0.07356855534014761,0.40016947986121953,0.0,0.0,0.0,0.21355199755122373,0.03157426259641524,0.615367760665163,0.10810369400703328,0.2482640625501058,0.0,0.0,0.0,0.0,0.36238589404375554,0.0,0.0,0.0
0.0,0.0,0.017108917925504535,0.42335477662456694,0.1311567086516961,0.0,0.0,0.18324952271911843,0.2735426690309637,0.17992201508517017,0.0775874157951704,0.11113440276022124,0.0,0.4381909569309933,0.07986202789927235,0.0,0.0,0.0,0.1261283475954857,0.17129058872374797,0.0,0.0,0.0,0.0,0.0,0.0,0.07739555871360199,0.7798878544179342,0.0,0.3784060897523339,0.5494754522805612,0.1266983741227366,0.43567312129526226,0.5608726230553664,0.5066893299959491,0.5920235762016793,0.0,0.31102644748199365,0.0,0.0,0.0,0.0,0.004047014785614478,0.5508130291441908,0.0,0.0,0.0,0.0,0.43196153837992485,0.0,0.0,0.19826628197888813,0.25735866779131883,0.19957112178769038,0.06964927840641354,0.054323995738119635,0.52123392248956,0.0,0.3015870596849215,0.0,0.0,0.0,0.0,0.25347599189409076,0.0,0.09510517772414329,0.0,0.0,0.0,0.0,0.0,0.0,0.09311224125902054,0.0,0.0,0.0
