0.0,0.19502295986283671,0.22353051731230267,0.0,0.15722617573804973,0.43250637275163684,0.2689499040008232,0.23968971252682017,0.5563013371187804,0.09952090683211853,0.3214621946967363,0.0,0.43438988188330885,0.3300831495540386,0.4932170525775596,0.3550742339146169,0.0,0.20974394477814387,0.18734090475486698,0.3389866595911954,0.4848415411838529,0.3608845745992818,0.36194074783906593,0.2630782082977867,0.12224341097407215,0.39484418709316,0.5358415688290092,0.520026036937459,0.47338663465945474,0.30359924389825443,0.5890860871843875,0.19210115745719603,0.22967114842986186,0.29386977878807635,0.2591896184486618,0.14415390680022863,0.0,0.2198445191154763,0.0,0.14573658110245585,0.0,0.0,0.03761069657103311,0.0,0.0,0.6867744756051695,0.24541608708479348,0.408593231770592,0.0,0.35204587973317214,0.33388462851392375,0.16462861055030478,0.22652464791925242,0.5188622885226879,0.0,0.2044353946633962,0.0,0.14134432648295508,0.34254709013175016,0.5352384878281614,0.44643517261502264,0.0,0.4139814973673932,0.2675786898944227,0.4915766339625026,0.5058386344825859,0.4372425091607126,0.4001172823610929,0.10983257752186343,0.26496584615440544,0.4417804705300978,0.568947671456886,0.232352246290273,0.2903419266459155,0.0,0.16835047763667876
0.19502295986283671,0.0,0.4775442845875894,0.06113937208254076,0.0,0.5055669833419799,0.5886270497975845,0.08167586387477782,0.14345932261875843,0.8379194462768198,0.020799193027936674,0.5099741408933058,0.5786106150560593,0.0,0.0,0.49958059906491037,0.8389851663073693,0.681913641099013,0.20394045077308182,0.27779219075145867,0.0,0.5388324861173541,0.3605130266464028,0.3898921035069072,0.8793630482226482,0.7723797621388567,0.2914121869456241,0.23510551966086382,0.2513333939056967,0.3005469988561933,0.11721122993698788,0.12157720510515357,0.35831663023669874,0.0,0.0,0.0,0.3436320558259328,0.30754860900744857,0.0747609038967601,0.2845767220240995,0.3783599173679286,0.0,0.19719159396282657,0.0,0.18110175828789135,0.0,0.868272699279857,0.0,0.09122811379801272,0.0,0.6101536582680824,0.6998291596642854,0.06940308551075064,0.20760583909391273,0.7866962139156666,0.0,0.65447976602232,0.7097310672834739,0.0,0.051440528152337794,0.4635887824189947,0.7910057957595968,0.3669646791408987,0.48365637731781647,0.3544365052609647,0.0,0.6277340463431982,0.2868539459812132,0.14227506516491797,0.7601275018671549,0.6971819563148824,0.3403346962528899,0.7063906893310803,0.32205175703187056,0.574067116183234,0.6535660295911467
0.22353051731230267,0.4775442845875894,0.0,0.0,0.0,0.5847952437690064,0.24104908622929583,0.4749869466424602,0.5599160183094939,0.6200682843045582,0.535508343009925,0.6712317800793293,0.5860698926239956,0.0,0.31368538361586656,0.0,0.4792127119941466,0.35599517376511125,0.7556163332995353,0.7103890633372854,0.0,0.7001503518357621,0.6476049144146857,0.2143587497888668,0.4756066467727873,0.6309352744473546,0.5592952861414809,0.477653471807554,0.34460863602534264,0.6018352918079961,0.2051165335198435,0.0470110553510837,0.24867370632354968,0.11408236866208761,0.0,0.0,0.2778392690728717,0.07615497289145526,0.0,0.1618593054369902,0.1050892149796218,0.0,0.0,0.026770701953408485,0.0,0.06055543491689702,0.5939337112273271,0.24006470377794698,0.03165747711404829,0.34189850530902605,0.6659321814193628,0.3896324112957913,0.08797703974499127,0.654088327000558,0.5031732798903112,0.0,0.6337912174103557,0.535084597951371,0.0,0.39606037079517387,0.5361596890130318,0.5411710524632285,0.23028280935483103,0.7085338049480526,0.6931808602612638,0.0,0.7399279071319088,0.45028698527832794,0.042484903485198955,0.5968455025766368,0.5878022445504247,0.5810046378151148,0.7151631247325865,0.10183148925270585,0.3436642241821949,0.5204419852593074
0.0,0.06113937208254076,0.0,0.0,0.10764619620476173,0.0,0.32726072881190055,0.0,0.0,0.07641843742435145,0.0,0.0,0.0,0.11854377582094223,0.0,0.28191151154598876,0.06840553201402566,0.031897890421675415,0.0,0.0,0.22075070466909635,0.0,0.0,0.13325780878856244,0.2897439193297081,0.0,0.0,0.0,0.0,0.0,0.0,0.0,0.0,0.0,0.0,0.3082200017424046,0.3154008513890848,0.28224660852456024,0.14285179770161852,0.0,0.3649430728521432,0.29024422095841285,0.3319511038528861,0.1695516821852591,0.44951861890235717,0.0,0.0,0.0,0.48636576370668294,0.0,0.05875181878555665,0.28858138311380155,0.0,0.0,0.04508170389381534,0.0,0.0,0.0,0.0,0.0,0.0,0.0,0.0,0.0,0.0,0.23120847069393616,0.0,0.0,0.0433876140344064,0.0,0.0,0.0,0.0,0.44006199345470737,0.2844902354026407,0.1902007244773975
0.15722617573804973,0.0,0.0,0.10764619620476173,0.0,0.011952765055116887,0.3914440404595332,0.0,0.2609805280403142,0.0,0.3461124554257791,0.0,0.0,0.3291050323485173,0.06138896569817848,0.1236352979231065,0.0,0.0,0.08636735836373288,0.0,0.4422389661867071,0.0,0.0,0.0,0.0,0.0,0.16115437918732872,0.10821812985241741,0.23359321138677386,0.060108265539250194,0.15510665568265117,0.0,0.0,0.0,0.18059334163885044,0.40020120581145824,0.0,0.0,0.0,0.0,0.0,0.14028676205524027,0.09661861039442067,0.0,0.0,0.3197657329279296,0.0,0.38812097971125303,0.0,0.23498767529010595,0.0,0.0,0.132872858580145,0.2097176203735091,0.0,0.47727985542087914,0.0,0.0,0.30154294466876774,0.1722708969607721,0.0,0.0,0.0,0.0,0.0,0.45107771930397056,0.0,0.07637654125683674,0.0,0.0,0.0,0.13397138898666033,0.0,0.15727623681717112,0.0,0.0
0.43250637275163684,0.5055669833419799,0.5847952437690064,0.0,0.011952765055116887,0.0,0.5530709351815486,0.5364541916080561,0.7701437988485217,0.49239728278176437,0.445582150185845,0.45127254064669753,0.7808281541114479,0.2922162134431777,0.45488739335439116,0.2500141503592005,0.298501944356264,0.2573274030256444,0.390352018162219,0.6454442407636565,0.23735256769322724,0.5495480838759503,0.7483963389714724,0.3844736873775162,0.434982879445015,0.7352048702013938,0.833619495032514,0.5799709159514268,0.6184370267804433,0.5942893200479065,0.6845645204483763,0.3424133191406102,0.24048672762965378,0.2855652039119766,0.21125381867733875,0.208656894654416,0.1754927886604193,0.3568953809069577,0.0,0.03459827103560223,0.03259375300518316,0.0,0.0655760384048165,0.0,0.0,0.48161488532150376,0.6674618208458534,0.2478239295374264,0.0493483402572078,0.41242427510174706,0.8734957843743585,0.5086281596515789,0.5147317134774418,0.80838904484742,0.1726971221388569,-0.0070837737695212954,0.2856013446256055,0.536375858383586,0.1633181512498881,0.5547309776598363,0.5734650324491968,0.2716416149105863,0.4419530142888123,0.49606520261847087,0.6516277573122313,0.25576741932948144,0.6852295845272294,0.7174384336337762,0.09625413005318662,0.6833339850716327,0.7358526632924376,0.8687227432870281,0.4752113940590928,0.37793883832106445,0.09602709535000419,0.2859517853335224
0.2689499040008232,0.5886270497975845,0.24104908622929583,0.32726072881190055,0.3914440404595332,0.5530709351815486,0.0,0.047275981765436376,0.3549644450875552,0.5318176912470727,0.1928931861839443,0.20505807777018698,0.5388576640048123,0.17660143625073016,0.029257136579662585,0.5484076852764059,0.4329547480611501,0.38137712058166806,0.02605490622148854,0.13981455113943664,0.23296390416670382,0.22697866049923762,0.20089343213395866,0.2418969501525403,0.5944146431971981,0.4743259064953761,0.390723693023462,0.3381439926524381,0.4266348786205301,0.14546089238143822,0.32971134286679604,0.0,0.0,0.0,0.0,0.2701143177604598,0.2524187754224031,0.31226557397559696,0.0,0.0,0.14170153601164395,0.0,0.2765018689223755,0.0,0.24314943627768565,0.2805072308810012,0.5373838460778114,0.020362114408358833,0.1469962357675358,0.04546083655386357,0.5603277638982851,0.5661697752025404,0.269326138664865,0.323653005503867,0.3130393671596894,0.0,0.2373626203266655,0.4319992434491525,0.0,0.22362561150458687,0.24245251820785402,0.30201148315536297,0.2439170181620599,0.20112859222749932,0.1861997248904628,0.28490954338555496,0.33596023647925555,0.3103656935437532,0.0,0.4816965865148195,0.47246418159331427,0.4691485048379589,0.3955087441793589,0.48362563163025923,0.3280443145909095,0.434966063434511
0.23968971252682017,0.08167586387477782,0.4749869466424602,0.0,0.0,0.5364541916080561,0.047275981765436376,0.0,0.4259890857962122,0.20450574274393193,0.39623864537686787,0.42896906560442527,0.3653425415106747,0.23290394326222963,0.3267412856130408,0.0,0.059977170636053734,0.0,0.37911169748843543,0.45271897644071146,0.13973122834410318,0.3639253530556034,0.7937376976940962,0.36418963539741644,0.07251149125950968,0.4219650044825518,0.38676775134996927,0.2661620294480953,0.12818044900105668,0.46627069152208,0.18677666741851695,0.2445584901360779,0.26509218674848567,0.34313684069406925,0.04638580928340707,0.02856916806813664,-0.00014903289445650225,0.2721876396655877,0.0,0.17612805188232203,0.0,0.0,0.04017925156016408,0.0014291065226943733,0.0,0.21853185247149948,0.15171665398276377,0.2622094194819342,0.0,0.3648325304846612,0.3615460858220715,0.009324631827636515,0.6445120242469391,0.5230149497924818,0.04176863806878017,0.11917084415217516,0.29272142369033627,0.29327674517414415,0.20986414104906861,0.31838728795645455,0.22280589991043964,0.0326639270249591,0.02823670028462337,0.31002613789819067,0.4230832788280036,0.06115969237749663,0.36957727571725746,0.6552526423122924,0.2641865816583132,0.2027050147483796,0.33331926067960566,0.3208196753230216,0.24602764522946313,0.0,0.0,0.0
0.5563013371187804,0.14345932261875843,0.5599160183094939,0.0,0.2609805280403142,0.7701437988485217,0.3549644450875552,0.4259890857962122,0.0,0.11437449589957013,0.7647820282694021,0.23282698887497133,0.5923284157610127,0.4287605557213018,0.6860168091434229,0.12660513263436557,0.0,0.0,0.6322372326314107,0.7167827073945814,0.41172066054710593,0.5137179778595179,0.5483838646497216,0.10222087059853215,0.05664558187787486,0.45988975959359724,0.8786258857152202,0.6549762074825496,0.6449087986967157,0.6378956978466386,0.7988059361786357,0.23750713076812294,0.029232742523568056,0.30191924295972417,0.3281914728539176,0.35508801019685043,0.029984489032403444,0.1564276503145924,0.0,0.0,0.0,0.0,0.04033703217423541,0.05419288311172433,0.0,0.6901589618650085,0.3893113845375827,0.6952418987221455,0.0,0.5962085970528161,0.6872014345829536,0.21820999790042542,0.3512444626910194,0.9145347409681845,0.0,0.4381749175150976,0.0,0.24804194453019113,0.43662812114243943,0.777739865707394,0.5626263066130016,0.0,0.4111246918137561,0.5555584184735421,0.737049083237991,0.4972779044828649,0.6188574581675904,0.6408166126737747,0.0,0.41639205201713425,0.558456371857065,0.9076560895416002,0.3161876316323215,0.28294513889374306,0.0,0.07555748587421231
0.09952090683211853,0.8379194462768198,0.6200682843045582,0.07641843742435145,0.0,0.49239728278176437,0.5318176912470727,0.20450574274393193,0.11437449589957013,0.0,0.02266375818859026,0.6332951332281713,0.5698866540938259,0.0,0.0,0.3093690562462854,0.9159222526549794,0.6642992825149462,0.22643652772974332,0.31505052917799264,0.0,0.5257773663686441,0.43504432850693286,0.466855985632697,0.8781284337124781,0.7809068553800409,0.25665360162581297,0.2226753628557689,0.17717430465853218,0.3122376740337892,0.07257409701340989,0.08436049171388779,0.3449355318830395,0.0,0.0,0.0,0.4488163604910483,0.2962293995171922,0.0,0.24692327346524223,0.39345589787755353,0.0,0.13716667516896078,0.0,0.23420835205338716,0.0,0.8235601602366747,0.0,0.2165385752421399,0.005303773129856859,0.6596846129386718,0.668545389966117,0.0895461526190395,0.2722739764886314,0.8806076039056584,0.0,0.7799865839199013,0.7171693711928007,0.0,0.0,0.45070131926255674,0.8691016088771129,0.28089138652516954,0.4474434759937941,0.34205098173940013,0.0,0.6156410555452443,0.26457582699410603,0.2579908929576954,0.7924796428730367,0.6824518408418907,0.3242839349463052,0.7091233412926734,0.25727079685627136,0.5453093989140585,0.6543142786842653
0.3214621946967363,0.020799193027936674,0.535508343009925,0.0,0.3461124554257791,0.445582150185845,0.1928931861839443,0.39623864537686787,0.7647820282694021,0.02266375818859026,0.0,0.19003949247742863,0.32048895854304715,0.22590697012549582,0.5498772594644714,0.0,0.0,0.0,0.731975245101355,0.5736613528778417,0.2460866063436389,0.3840212836705359,0.4098525680169097,0.0,0.0,0.2304405295542938,0.5690513694008623,0.4021957728706303,0.3118858920332933,0.5618371318742106,0.42292380915147704,0.12434929954313823,0.0,0.16124446297627754,0.1295874690935095,0.23088615362840723,0.0,0.047844487942932515,0.0,0.0,0.0,0.0,0.03423883141859593,0.0,0.0,0.40327730813384116,0.13935382570382718,0.683861639759593,0.0,0.5302891867171774,0.3730924118847205,0.09358856759445339,0.22354992541773488,0.7130860815266856,0.0,0.6189843900312608,0.0,0.11281087230455228,0.3230855348792091,0.6177339298624965,0.33400794568687453,0.0,0.11427885844640809,0.5715194578918371,0.6369603330198159,0.2987473754740746,0.48701622607548295,0.441211834383314,0.0,0.16772232373427598,0.2658672850667465,0.5888088731727565,0.18390050335058125,0.05746187644244813,0.0,0.02239070899134747
0.0,0.5099741408933058,0.6712317800793293,0.0,0.0,0.45127254064669753,0.20505807777018698,0.42896906560442527,0.23282698887497133,0.6332951332281713,0.19003949247742863,0.0,0.603763684250608,0.0,0.11423059756719675,0.0,0.5693710321421015,0.24954059217128122,0.43188301517512606,0.6514100459845302,0.0,0.693950015340689,0.5978826978589407,0.11582736384346548,0.4160346591243905,0.6130919868630693,0.3323046026333326,0.45650096284991304,0.2070952468758243,0.5713159034690858,0.0,0.05311956143350996,0.19930682229393792,0.0,0.0,0.0,0.20903993655468472,0.0,0.0,0.1729623904979573,0.0,0.0,0.0,0.0,0.0,0.0,0.5735433999335189,0.0,0.06360752738963293,0.04288290218897667,0.5066009348717406,0.2535928476500475,0.13341542726203715,0.33938468414728945,0.6123914043614231,0.0,0.8765116594052084,0.6032463486133068,0.0,0.1883066852616911,0.38309893825220975,0.5964716881451624,0.16335408011215996,0.5161444315301551,0.3289666443929592,0.0,0.5134081311687171,0.5016614822640587,0.033787865187680455,0.4955597585284741,0.5155621872336787,0.2525812017045068,0.6772975009952584,0.0,0.27223462954913,0.26294525872057234
0.43438988188330885,0.5786106150560593,0.5860698926239956,0.0,0.0,0.7808281541114479,0.5388576640048123,0.3653425415106747,0.5923284157610127,0.5698866540938259,0.32048895854304715,0.603763684250608,0.0,0.0007314601109790209,0.42797957470387665,0.36209092111601615,0.4470682746657784,0.4593040295189857,0.33838902882625094,0.6348621848594737,0.06129427034591889,0.6509126148990614,0.6347350180176059,0.19913333481541295,0.504064034606806,0.7781626436918154,0.6684856912678643,0.787719419598234,0.6248931798721901,0.5101340013155082,0.4869110650287077,0.10095289508807448,0.24512454691331798,0.10837809663491796,0.04614199651640149,0.0,0.038327969648040416,0.1528985871387844,0.0,0.10756939246847694,0.022605377839735902,0.0,0.0,0.0,0.0,0.3641982108461423,0.6969022390769246,0.1338105894169964,0.01702374908149043,0.16245114868994529,0.7547021682355032,0.5050412589043376,0.25898527938692645,0.6180100807658724,0.32741219373265007,0.0,0.46287285734211625,0.7119196635086189,0.0,0.4845416718896466,0.546045118400827,0.4061871567232946,0.5375198601907475,0.5969055383718715,0.5179681591454897,0.13806029840964465,0.6582176439656752,0.6666925362429258,0.0,0.6087948466894992,0.7605188563232732,0.692419439009349,0.6919656277140391,0.28027640200373766,0.15690797762612896,0.3312510960563292
0.3300831495540386,0.0,0.0,0.11854377582094223,0.3291050323485173,0.2922162134431777,0.17660143625073016,0.23290394326222963,0.4287605557213018,0.0,0.22590697012549582,0.0,0.0007314601109790209,0.0,0.29526752702149495,0.015512513782165102,0.0,0.0,0.0,0.05679215288838352,0.5355653431574027,0.0,0.19526405330383328,0.1715629191392186,0.0,0.0,0.3537384209086612,0.10983917985744304,0.17424236914387867,0.062123252237753404,0.5969732940154504,0.29939133879461627,0.0,0.38287229883578106,0.4660841450205201,0.4656394787452033,0.0,0.241552163397507,0.0,0.0,0.0,0.013212655262329273,0.21399687294374017,0.09978767195856447,0.08660618219155233,0.5311025925935449,0.0,0.25017268099130685,0.10300548133271888,0.33329479411679064,0.18039708750540084,0.0,0.4034589350009788,0.41617767318509924,0.0,0.12632909050440194,0.0,0.0,0.5859936922094681,0.3052897138857283,0.0,0.0,0.0,0.0,0.11171114892462498,0.6447663047972342,0.0,0.2635362202543462,0.07717739095749365,0.0,0.048777878344622355,0.3533594772931836,0.0,0.060978010832354934,0.0,0.0
0.4932170525775596,0.0,0.31368538361586656,0.0,0.06138896569817848,0.45488739335439116,0.029257136579662585,0.3267412856130408,0.6860168091434229,0.0,0.5498772594644714,0.11423059756719675,0.42797957470387665,0.29526752702149495,0.0,0.0,0.0,0.0,0.4179005356387207,0.6659423836423506,0.39705798706089834,0.5342771556468838,0.41923816288460336,0.0,0.0,0.23001014974055214,0.6125379681836343,0.5718240965132667,0.4702677352964286,0.5020008445284364,0.5534856389036938,0.18766532510769032,0.1536292913095987,0.1748495206436121,0.2707443469140343,0.08646673571341429,0.0,0.0,0.0,0.06242094677077692,0.0,0.0,0.0,0.08833761746228966,0.0,0.5760909654968942,0.058691983803325465,0.5601319760438573,0.0,0.3449415410017659,0.3080367014406381,0.0,0.2658330214070605,0.5815289243649955,0.0,0.2985316026156485,0.0,0.04736468904766111,0.24320806864713157,0.8418571911715799,0.31308140195466544,0.0,0.2223642449330298,0.41834999029211867,0.5996160028247138,0.466393135584681,0.4289333969162319,0.47174594778215356,0.0,0.03679504433128583,0.2973724060550094,0.5808147877705709,0.1744716411379386,0.05821516800145565,0.0,0.0
0.3550742339146169,0.49958059906491037,0.0,0.28191151154598876,0.1236352979231065,0.2500141503592005,0.5484076852764059,0.0,0.12660513263436557,0.3093690562462854,0.0,0.0,0.36209092111601615,0.015512513782165102,0.0,0.0,0.3688066996722352,0.5578649852713561,0.0,0.0,0.07861850539652487,0.17567020534225797,0.0,0.035122372892959,0.4644880107421948,0.29036888357106505,0.23806171059516673,0.29263000550750684,0.475594627453937,0.0,0.3661051661331809,0.0,0.10091997002938943,0.0,0.11016474069760766,0.10362731571222111,0.046552197229573,0.14725659029506144,0.0,0.09718571757355055,0.3071597062655626,0.07295535645713251,0.0,0.0,0.16928113710217524,0.25580507338456954,0.40772813832132265,0.0,0.0,0.0,0.278834882471633,0.4646824018036768,0.0,0.0560005286378015,0.19786743267806867,0.0,0.0,0.24841547890727966,0.0,0.09655701088181859,0.31421617055088835,0.25814391855182794,0.4135255144375443,0.11444623033959464,0.10145223503466833,0.21714335093579162,0.2041839040998468,0.0,0.0,0.39821058533629816,0.32069183652866645,0.31375053378183887,0.24688594218771454,0.5678512863987301,0.23012960958277723,0.4039051021965369
0.0,0.8389851663073693,0.4792127119941466,0.06840553201402566,0.0,0.298501944356264,0.4329547480611501,0.059977170636053734,0.0,0.9159222526549794,0.0,0.5693710321421015,0.4470682746657784,0.0,0.0,0.3688066996722352,0.0,0.754814419295528,0.1263724522336898,0.17138112476622322,0.0,0.46062812813857573,0.3107344908289419,0.42853019686724386,0.8888273732354086,0.7252782149002284,0.025518780623924986,0.09086198521348526,-0.005155458354344777,0.16601986415389836,0.0,0.05591606159466464,0.3644730258995112,0.0,0.0,0.0,0.3607349676187791,0.2303445992312163,0.07564457457386706,0.2829879769446856,0.39417585585834947,0.0,0.1088943841270347,0.0,0.23650723584164568,0.0,0.7228393745957558,0.0,0.11663078312535358,0.0,0.4816375584846306,0.5544182026032374,0.0,0.04525097828272501,0.905581333879911,0.0,0.778783852130759,0.6845699793894231,0.0,0.0,0.32311273161496185,0.8808720967063732,0.274614589469367,0.3723809625932787,0.18042309054099465,0.0,0.4983548102229715,0.14405709820208829,0.20567988088196373,0.6860269607732014,0.6010070749715328,0.09796411571515568,0.6704482329945611,0.10900330837133823,0.5929310824346161,0.6217821337150861
0.20974394477814387,0.681913641099013,0.35599517376511125,0.031897890421675415,0.0,0.2573274030256444,0.38137712058166806,0.0,0.0,0.6642992825149462,0.0,0.24954059217128122,0.4593040295189857,0.0,0.0,0.5578649852713561,0.754814419295528,0.0,0.07268147831274846,0.10402740987561515,0.0,0.3628290272425668,0.12158957159298162,0.30746318250108196,0.7826033644850879,0.6082832141301815,0.10205113449814013,0.1751477814976557,0.2355412043140666,0.08743204696915266,0.0,0.02941681695203663,0.3818244486042717,0.0,0.0,0.0,0.17671672414148756,0.2041406986665073,0.14093452611665153,0.24606787831835844,0.33735799618314755,0.0,0.0,0.0,0.17244924792675034,0.0,0.5707375468625565,0.0,0.0,0.0,0.35832352385852484,0.4831382803511868,0.0,0.04819508748733001,0.6328643146094943,0.0,0.4200992153856537,0.5480060475971902,0.0,0.0,0.4407860222142282,0.6771505764290097,0.5539639980752092,0.31279791296837184,0.21925892989031767,0.0,0.446617956177161,0.0,0.1429374485106151,0.6461939254423132,0.52352191883,0.17365586775834935,0.5340275048874931,0.3749474428892064,0.4558456172749803,0.6094351610374201
0.18734090475486698,0.20394045077308182,0.7556163332995353,0.0,0.08636735836373288,0.390352018162219,0.02605490622148854,0.37911169748843543,0.6322372326314107,0.22643652772974332,0.731975245101355,0.43188301517512606,0.33838902882625094,0.0,0.4179005356387207,0.0,0.1263724522336898,0.07268147831274846,0.0,0.6968024222892765,0.0,0.5777607349200296,0.44357313674905524,0.02951170336474898,0.10288345992728992,0.3649451586069618,0.5088876417441915,0.353024822656761,0.2718138973366861,0.6323788780526334,0.22187253650435532,0.10757030292833489,0.1363758004025972,0.11305819266610571,0.0,0.0,0.11867103657404006,0.0,0.0,0.09861807536186186,0.0,0.0,0.0,0.062371403726902384,0.0,0.08990063444971662,0.2864910160720999,0.5681867311332001,0.0,0.46584903049898846,0.3574544883900774,0.07715198444750662,0.0316645582354253,0.6023640891665989,0.14955105634770643,0.43879992524266687,0.3031045957027314,0.2038307198600489,0.06651364590475774,0.5154912816679592,0.4454785258717091,0.1840717441131397,0.17200749517522335,0.7643627155263206,0.7022526934123285,0.0,0.609606798300903,0.36580351174950304,0.0,0.28766567914603486,0.3427704856503654,0.4882830647497382,0.37782725463909395,0.0,0.19770255265862421,0.20939034914737184
0.3389866595911954,0.27779219075145867,0.7103890633372854,0.0,0.0,0.6454442407636565,0.13981455113943664,0.45271897644071146,0.7167827073945814,0.31505052917799264,0.5736613528778417,0.6514100459845302,0.6348621848594737,0.05679215288838352,0.6659423836423506,0.0,0.17138112476622322,0.10402740987561515,0.6968024222892765,0.0,0.0,0.8601455919389854,0.6178909472215628,0.0,0.06377155936495726,0.5130802476101739,0.7519380599689782,0.6610442027299394,0.6009289775686879,0.857639931494514,0.5017517043151661,0.32709725830386205,0.283187512181366,0.3548957079998939,0.09645789625509901,0.0,0.0,0.0,0.0,0.11422829131835315,0.0,0.0,0.0,0.0,0.0,0.2897705938855234,0.4854163048163125,0.38493890073427,0.0,0.4323924604551067,0.5994265023729912,0.18560692718578958,0.15362791720298927,0.6981703594352673,0.14983481901360302,0.2016038492927442,0.41610225927563727,0.39250811893224774,0.11247493854345256,0.6992014905735284,0.684998917296563,0.26285353957004703,0.3396883774520578,0.6941020409728016,0.7332630632331854,0.0,0.6977517051450761,0.5578561795576247,0.0,0.46355542889694884,0.5289172906593508,0.6292764869127838,0.46485122534702017,0.0,0.018345955831132243,0.14803164151498188
0.4848415411838529,0.0,0.0,0.22075070466909635,0.4422389661867071,0.23735256769322724,0.23296390416670382,0.13973122834410318,0.41172066054710593,0.0,0.2460866063436389,0.0,0.06129427034591889,0.5355653431574027,0.39705798706089834,0.07861850539652487,0.0,0.0,0.0,0.0,0.0,0.0,0.0,0.05046594152046835,0.0,0.0,0.3436795729131952,0.2616778179414214,0.35326675308267763,0.0,0.39624814038753536,0.0,0.0,0.09638096514441352,0.3373427819559045,0.4779385035784094,0.0,0.1180609743905283,0.0,0.0,0.0,0.16889605031714439,0.1171970613736132,0.1405513497419949,0.07653209654027096,0.6149081670433321,0.0,0.4030531212762726,0.012325854129346614,0.2190134050342816,0.04774536382160732,0.0,0.32898013868376563,0.3444209290272785,0.0,0.2626730592534915,0.0,0.0,0.4286362940333823,0.32833405332612664,0.0,0.0,0.0,0.0,0.16104632273704508,0.8187851706146952,0.0,0.08044349127735984,0.02507752375029279,0.0,0.0,0.386747064249339,0.0,0.40953805939285576,0.0,0.0
0.3608845745992818,0.5388324861173541,0.7001503518357621,0.0,0.0,0.5495480838759503,0.22697866049923762,0.3639253530556034,0.5137179778595179,0.5257773663686441,0.3840212836705359,0.693950015340689,0.6509126148990614,0.0,0.5342771556468838,0.17567020534225797,0.46062812813857573,0.3628290272425668,0.5777607349200296,0.8601455919389854,0.0,0.0,0.562077190043698,0.13640432848766154,0.32855619049566653,0.6492933772835568,0.6082914597919294,0.5958960721539515,0.5055828275199162,0.738577189560143,0.346399440100575,0.26062512296759477,0.4322663812828466,0.16452928615270226,0.0,0.0,0.032286191487015975,0.0,0.0,0.28289636592904027,0.06923811739258151,0.0,0.0,0.0,0.0,0.17439585781287276,0.6227422438642012,0.1740392890595857,0.0,0.2086571570855353,0.5772749659718626,0.28242420552935915,0.07667314243843468,0.5405006583954796,0.4046275842548195,0.0,0.6009570673018265,0.5796987337001624,0.0,0.5790277911547091,0.6535022270373171,0.4816700482886833,0.37230746007540577,0.7225766966991793,0.6761670166924575,0.0,0.7535702692849938,0.46818640580948045,0.0,0.5483973175098453,0.6256879970579116,0.5201835603561908,0.6264974686221374,0.062355361935314324,0.28622594798616097,0.3695461421997107
0.36194074783906593,0.3605130266464028,0.6476049144146857,0.0,0.0,0.7483963389714724,0.20089343213395866,0.7937376976940962,0.5483838646497216,0.43504432850693286,0.4098525680169097,0.5978826978589407,0.6347350180176059,0.19526405330383328,0.41923816288460336,0.0,0.3107344908289419,0.12158957159298162,0.44357313674905524,0.6178909472215628,0.0,0.562077190043698,0.0,0.4287420050303711,0.2807668878460162,0.6871149609851657,0.6026220246146143,0.4747004257955799,0.30135046851409236,0.6178518033304052,0.37936308289305726,0.35467920517894286,0.3636069167115223,0.36303604220060803,0.053559816981570925,0.0,0.036046775771120365,0.3091570498652339,0.0,0.2594094920722542,0.0,0.0,0.0,0.0,0.0,0.2622051049271762,0.498739308909778,0.23538872941403383,0.0,0.3743222640026458,0.6574918240013384,0.23423675200161453,0.6092936108778245,0.6571627213345593,0.23177253213366825,0.0,0.48061438811457946,0.5391589766986968,0.11424551610032675,0.46310830005658965,0.472425950764698,0.27252360615355714,0.3015822655096106,0.48275406210518973,0.5841504307648963,0.0,0.5971951868504185,0.8654802628045501,0.2569609203049368,0.5038865979882861,0.664949747871496,0.5793378515279582,0.49293567764867174,0.0,0.003774198194924694,0.15789931723521256
0.2630782082977867,0.3898921035069072,0.2143587497888668,0.13325780878856244,0.0,0.3844736873775162,0.2418969501525403,0.36418963539741644,0.10222087059853215,0.466855985632697,0.0,0.11582736384346548,0.19913333481541295,0.1715629191392186,0.0,0.035122372892959,0.42853019686724386,0.30746318250108196,0.02951170336474898,0.0,0.05046594152046835,0.13640432848766154,0.4287420050303711,0.0,0.5106933241700933,0.5671131495505267,0.09712659217079832,0.0,0.0,0.08325434654298253,0.12272750085189617,0.32064881317987737,0.38004671423670033,0.18565583583136727,0.035321567161910615,0.025094865789799137,0.22026628578784124,0.5434865979423065,0.3145028551299477,0.23594977755357402,0.21882325112007023,0.0,0.3021504471573941,0.08924575805387973,0.35523755516643946,0.12900870140150994,0.3403858779200461,0.13220672214392531,0.0,0.17412244968601076,0.34346711727220985,0.2740215647098286,0.5154740446784792,0.21317599400520232,0.3017306397550012,0.0,0.20828475544211683,0.2817600198274355,0.12250720779537681,0.13549529371168673,0.17622155884689963,0.2769724971111278,0.24256057454967414,0.17311323042653876,0.23193342667675249,0.08484728073103726,0.37375233007044345,0.3518226574531517,0.7355979401940246,0.41791049098475147,0.5027475546170956,0.18687663279724492,0.28412382155286003,0.06300491394708427,0.28714673960759624,0.28747729618800766
0.12224341097407215,0.8793630482226482,0.4756066467727873,0.2897439193297081,0.0,0.434982879445015,0.5944146431971981,0.07251149125950968,0.05664558187787486,0.8781284337124781,0.0,0.4160346591243905,0.504064034606806,0.0,0.0,0.4644880107421948,0.8888273732354086,0.7826033644850879,0.10288345992728992,0.06377155936495726,0.0,0.32855619049566653,0.2807668878460162,0.5106933241700933,0.0,0.7619172120572715,0.14411871664550324,0.12190368049510514,0.09624857756670424,0.08312866956587249,0.0,0.0,0.2851750259676443,0.0,0.0,0.0,0.48453659638168495,0.4094187977511944,0.10397353497825655,0.23773019090036773,0.4524213268715527,0.0,0.20573057247724033,0.0,0.30785257379255737,0.0,0.7579793183430187,0.0,0.20187972752499228,0.0,0.5951821624955342,0.7278420749054224,0.06109410832359441,0.18386525327750122,0.8133758869778358,0.0,0.6042483389142823,0.6703892394121601,0.0,0.0,0.3379671638835012,0.8087081560584058,0.31507032282209746,0.35203900775297936,0.25944507693644747,0.0,0.5270492117627934,0.13853598432866565,0.2655024191712638,0.758906651855068,0.6585798864180328,0.2862916386990051,0.6943063115808936,0.4133751367964578,0.6113068713695374,0.7300896210508023
0.39484418709316,0.7723797621388567,0.6309352744473546,0.0,0.0,0.7352048702013938,0.4743259064953761,0.4219650044825518,0.45988975959359724,0.7809068553800409,0.2304405295542938,0.6130919868630693,0.7781626436918154,0.0,0.23001014974055214,0.29036888357106505,0.7252782149002284,0.6082832141301815,0.3649451586069618,0.5130802476101739,0.0,0.6492933772835568,0.6871149609851657,0.5671131495505267,0.7619172120572715,0.0,0.4888743879967208,0.47131000640125986,0.3130612807812513,0.4686804590747076,0.35522438598378303,0.2398237783793099,0.4307137531239824,0.14228893300868714,0.0,0.0,0.2186529737407651,0.3926291995339737,0.0,0.30853203901809073,0.1925109380169179,0.0,0.147401314898103,0.0,0.09083831489175587,0.17648756147608255,0.8180097739572834,0.09368973533617128,0.0,0.2036592083537604,0.7391236327839044,0.5553986350264254,0.30684299295500406,0.5574253226075083,0.5927654765187717,0.0,0.6331754911351286,0.7643374292561489,0.0,0.355531406910887,0.5331878875387491,0.617536465336993,0.5238023038738917,0.6133918228858289,0.5573691922580537,0.0,0.7771044261452801,0.6074419350962884,0.2605683823829056,0.7792689357137816,0.8981393057191875,0.5508904711101013,0.7502491342125372,0.15716536115309188,0.38839631581490897,0.46936478531983367
0.5358415688290092,0.2914121869456241,0.5592952861414809,0.0,0.16115437918732872,0.833619495032514,0.390723693023462,0.38676775134996927,0.8786258857152202,0.25665360162581297,0.5690513694008623,0.3323046026333326,0.6684856912678643,0.3537384209086612,0.6125379681836343,0.23806171059516673,0.025518780623924986,0.10205113449814013,0.5088876417441915,0.7519380599689782,0.3436795729131952,0.6082914597919294,0.6026220246146143,0.09712659217079832,0.14411871664550324,0.4888743879967208,0.0,0.6959533161719444,0.8387349504329005,0.700768552576555,0.7874435934429213,0.3303914099037571,0.19253543460717906,0.3898612095109024,0.33939582199898094,0.2122721691856172,0.03384623348562102,0.11892275471558922,0.0,0.0,0.0,0.0,0.0,0.0,0.0,0.6231721115792572,0.517188080982673,0.44509281376558074,0.0,0.5233045262368983,0.7375612172751902,0.37277793021225564,0.2720672382996167,0.8619073664269853,0.0,0.16017901517282612,0.07234414062319064,0.3073439795967913,0.2865913735796366,0.6542887534791159,0.7219877672188202,0.1052220824335601,0.45722917673446806,0.5035310850494479,0.7223363130443281,0.351637134074876,0.614441661704503,0.6081973409272925,0.0,0.5280349600503796,0.5534247581073647,0.9255666340846217,0.37029088841485164,0.41585581896814205,0.0,0.24948049220987384
0.520026036937459,0.23510551966086382,0.477653471807554,0.0,0.10821812985241741,0.5799709159514268,0.3381439926524381,0.2661620294480953,0.6549762074825496,0.2226753628557689,0.4021957728706303,0.45650096284991304,0.787719419598234,0.10983917985744304,0.5718240965132667,0.29263000550750684,0.09086198521348526,0.1751477814976557,0.353024822656761,0.6610442027299394,0.2616778179414214,0.5958960721539515,0.4747004257955799,0.0,0.12190368049510514,0.47131000640125986,0.6959533161719444,0.0,0.6859458268797485,0.5528268416018769,0.5835665462775002,0.09761473156046721,0.0766049837409571,0.18318419888782067,0.2243565717057627,0.034909358072313434,0.0,0.0,0.0,0.033696597489230415,0.0,0.0,0.0,0.0,0.0,0.5281026985450117,0.42450152925200907,0.3537562669548111,0.0,0.24493747390330464,0.5341260668095671,0.2648925933351209,0.1221703332415369,0.6249547099863959,0.0,0.09221986086300182,0.21724691568737586,0.4142266022672183,0.026438048723923496,0.5954656129226555,0.5083928480998802,0.11751976667535105,0.4670423711995102,0.5142586914485915,0.5089965165196717,0.32761779468406654,0.49347518411194996,0.5541402038147295,0.0,0.3480996826081864,0.5240391283842087,0.6597556421306039,0.5491853939408817,0.20781886321536733,0.0,0.11228000930276259
0.47338663465945474,0.2513333939056967,0.34460863602534264,0.0,0.23359321138677386,0.6184370267804433,0.4266348786205301,0.12818044900105668,0.6449087986967157,0.17717430465853218,0.3118858920332933,0.2070952468758243,0.6248931798721901,0.17424236914387867,0.4702677352964286,0.475594627453937,-0.005155458354344777,0.2355412043140666,0.2718138973366861,0.6009289775686879,0.35326675308267763,0.5055828275199162,0.30135046851409236,0.0,0.09624857756670424,0.3130612807812513,0.8387349504329005,0.6859458268797485,0.0,0.5330376062436821,0.6496497673318246,0.20705312264404974,0.13638394000976428,0.28823174993932105,0.28624956733618356,0.0801614949859965,0.00975572906026112,0.0,0.0,0.0,0.0,0.0,0.0,0.0,0.0,0.5464967266594802,0.45064019165853036,0.2580742152744957,0.0,0.3120103063466838,0.5429642132244392,0.39544087795371996,0.057548742159911126,0.6018077391529937,0.0,0.037984931545715556,0.0,0.26746067068810375,0.16482864788833126,0.5004864724740362,0.6945361501403245,0.11797780740918218,0.5281189116344895,0.35482952059262907,0.48285443616490176,0.3866527132304608,0.4000507026617143,0.36376554731265154,0.0,0.4658296968268298,0.41014679763392203,0.7386163922159523,0.3104582245924278,0.5670959833656635,0.0,0.2398451713753555
0.30359924389825443,0.3005469988561933,0.6018352918079961,0.0,0.060108265539250194,0.5942893200479065,0.14546089238143822,0.46627069152208,0.6378956978466386,0.3122376740337892,0.5618371318742106,0.5713159034690858,0.5101340013155082,0.062123252237753404,0.5020008445284364,0.0,0.16601986415389836,0.08743204696915266,0.6323788780526334,0.857639931494514,0.0,0.738577189560143,0.6178518033304052,0.08325434654298253,0.08312866956587249,0.4686804590747076,0.700768552576555,0.5528268416018769,0.5330376062436821,0.0,0.47205563408798706,0.4455063534281082,0.3111772561862641,0.35364283373889277,0.19566306153834045,0.0,0.04523059048014247,0.0,0.0,0.12339798041658272,0.0,0.0,0.0,0.0,0.0,0.3040546402258418,0.5182178809500054,0.3845760944627379,0.0,0.517424525224119,0.5488886658797026,0.20888256022931803,0.19273341859260118,0.6629872676580926,0.16387291953468808,0.27580452288702445,0.36597350871693035,0.34068563619635406,0.15240594304863878,0.59132861611854,0.7123719216488744,0.2785833256645138,0.3168271005614559,0.6454221747186988,0.6675317474641834,0.0,0.6430855637111788,0.5609405644965425,0.0,0.49485889853129605,0.5003610380698618,0.5725242409126465,0.3484288924341621,0.0,0.04471191100384997,0.13448303914586512
0.5890860871843875,0.11721122993698788,0.2051165335198435,0.0,0.15510665568265117,0.6845645204483763,0.32971134286679604,0.18677666741851695,0.7988059361786357,0.07257409701340989,0.42292380915147704,0.0,0.4869110650287077,0.5969732940154504,0.5534856389036938,0.3661051661331809,0.0,0.0,0.22187253650435532,0.5017517043151661,0.39624814038753536,0.346399440100575,0.37936308289305726,0.12272750085189617,0.0,0.35522438598378303,0.7874435934429213,0.5835665462775002,0.6496497673318246,0.47205563408798706,0.0,0.4040367345838844,0.09088180065348794,0.4489523038199517,0.528318213668936,0.3397110479657287,0.0,0.1887290410537514,0.0,0.0,0.0,0.0,0.06790407449373449,0.04065070557480219,0.0,0.7507505948517272,0.3911027016477704,0.4264629763858435,0.0,0.5055955713779698,0.6103809467215842,0.34072860454673554,0.27359176196116924,0.7345199666152018,0.0,0.17872330624807,0.0,0.14272103112561405,0.5477539390263241,0.6369407776871778,0.548637661426929,0.0,0.4266005532786763,0.31011748971357317,0.5691256876227873,0.565129734430404,0.4668112782035029,0.4700788712051693,0.0,0.38964558011211586,0.5278279610866617,0.83958113386565,0.07256392816860346,0.3715020623634457,0.0,0.023868260285156706
0.19210115745719603,0.12157720510515357,0.0470110553510837,0.0,0.0,0.3424133191406102,0.0,0.2445584901360779,0.23750713076812294,0.08436049171388779,0.12434929954313823,0.05311956143350996,0.10095289508807448,0.29939133879461627,0.18766532510769032,0.0,0.05591606159466464,0.02941681695203663,0.10757030292833489,0.32709725830386205,0.0,0.26062512296759477,0.35467920517894286,0.32064881317987737,0.0,0.2398237783793099,0.3303914099037571,0.09761473156046721,0.20705312264404974,0.4455063534281082,0.4040367345838844,0.0,0.39044472829547516,0.5112500830553559,0.31616496156164847,0.022366740233534146,0.0,0.1686252239883267,0.2845233613329053,0.27279191854529483,0.04822735460504968,0.0,0.0,0.0,0.0,0.20217100098634896,0.25753045600943375,0.2187337740842138,0.0,0.35287197121226,0.22389787321596527,0.0883497432957413,0.2545355383873853,0.2749935247566193,0.0,0.11956639336825645,0.0,0.1037027915011427,0.3925303028891134,0.2760053141710953,0.46357928075613564,0.06973182585541314,0.34929632268594324,0.2050728004859479,0.32059053061305,0.007302217210413575,0.29105914179583803,0.31908786683712714,0.23090935104135463,0.3131371599001135,0.2952156788445067,0.23359265849658975,0.0,0.0,0.0,0.0
0.22967114842986186,0.35831663023669874,0.24867370632354968,0.0,0.0,0.24048672762965378,0.0,0.26509218674848567,0.029232742523568056,0.3449355318830395,0.0,0.19930682229393792,0.24512454691331798,0.0,0.1536292913095987,0.10091997002938943,0.3644730258995112,0.3818244486042717,0.1363758004025972,0.283187512181366,0.0,0.4322663812828466,0.3636069167115223,0.38004671423670033,0.2851750259676443,0.4307137531239824,0.19253543460717906,0.0766049837409571,0.13638394000976428,0.3111772561862641,0.09088180065348794,0.39044472829547516,0.0,0.2992965566549889,0.015421157199019764,0.0,0.0,0.1007846725911414,0.28406056955375597,0.5104239753709151,0.23346723384690027,0.0,0.0,0.0,0.06836560393648278,0.056629208150310695,0.35888902869282924,0.0,0.0,0.08223116233623301,0.21318153901209727,0.1660249695264155,0.1496616764825737,0.14752853233685775,0.29160046670910583,0.0,0.25109396864463857,0.32589177763462335,0.0,0.1515395768476735,0.3981899621470055,0.3193965786139678,0.2957626476613726,0.32177918995856414,0.2545675495054462,0.0,0.3494413234121474,0.2519973504793787,0.3232673479500015,0.37223022241740633,0.39121029273326213,0.12012740736089349,0.1939853000116569,0.0,0.1325182409406302,0.24788223131099557
0.29386977878807635,0.0,0.11408236866208761,0.0,0.0,0.2855652039119766,0.0,0.34313684069406925,0.30191924295972417,0.0,0.16124446297627754,0.0,0.10837809663491796,0.38287229883578106,0.1748495206436121,0.0,0.0,0.0,0.11305819266610571,0.3548957079998939,0.09638096514441352,0.16452928615270226,0.36303604220060803,0.18565583583136727,0.0,0.14228893300868714,0.3898612095109024,0.18318419888782067,0.28823174993932105,0.35364283373889277,0.4489523038199517,0.5112500830553559,0.2992965566549889,0.0,0.43256737859482697,0.07618264593784767,0.0,0.17008935713551068,0.1621800221514445,0.14950773102492956,0.04733572013464893,0.0,0.0,0.0,0.0,0.2939789334987617,0.10786728545458463,0.16870762947023032,0.0,0.5514752857342056,0.2071903703695669,0.066962524264818,0.19053477647642308,0.3709695160085148,0.0,0.10195240462093341,0.0,0.0,0.51011764011863,0.16770213716494042,0.4480202855832265,0.0,0.25061609156852804,0.06920205768170942,0.4222019904675127,0.1278019207955607,0.23039867358847219,0.22705585756008434,0.1272544041393115,0.24343336819404993,0.172222374695999,0.3622713775092482,0.0,0.11873574179950634,0.0,0.0
