0.0,0.18731334741984,0.21607703274469411,0.0,0.15782064767899356,0.42659923854835236,0.26729689339134854,0.24088179628220507,0.533024106093115,0.10605403740469657,0.32035000918288464,0.0,0.434950804224701,0.3221369275037491,0.48409314912980783,0.3521375742520399,0.0,0.1980919753484535,0.18565890148024575,0.3228356780217686,0.4735328145300057,0.3529471816113219,0.3578730883046908,0.26172918095748066,0.12053699432876125,0.39133814761699803,0.5281531257195939,0.5036688525666181,0.47678097798938346,0.30176059641451514,0.5918095014200468,0.19976442305733394,0.23929025000575166,0.29553093095038707,0.2304789205605186,0.14882158266976558,0.0,0.20801094712614038,0.0,0.14332606109585602,0.0,0.0,0.03194316669207059,0.0,0.0,0.6787049992168551,0.23997742250319248,0.3954176993277868,0.0,0.3556860664212828,0.3265732241243293,0.17025805978405203,0.22788651009231786,0.49682406483287844,0.0,0.20129310761022037,0.0,0.1417540797042839,0.3136435777099536,0.5118633036526409,0.44000919249339143,0.0,0.41362111493266096,0.2675510099514325,0.4734111684713055,0.5016037839325521,0.42290890692385763,0.39605691421264155,0.11028033707298546,0.26790201815235654,0.4427389395192559,0.5593031324016792,0.22462547534544824,0.2944753441769252,0.0,0.1698894208310851
0.18731334741984,0.0,0.467553383942059,0.05753500690764732,0.0,0.4971795412169667,0.5638381049596748,0.08290214964299308,0.13705430915573888,0.8321256312873538,0.016832969299481332,0.5188881765432671,0.5727685931372962,0.0,0.0,0.4949830666519614,0.8256219429598486,0.6669364783009631,0.20228491275607657,0.2718693172735515,0.0,0.5316952000489165,0.35609679611416784,0.3877370342188186,0.8623062041276002,0.7659004915742114,0.2845020351886816,0.2236365946160288,0.2406539345709121,0.3018905850780961,0.11936529932450789,0.12812846215961204,0.3560480126518477,0.0,0.0,0.0,0.35105426732794853,0.28430041401950723,0.07040311116627965,0.27016288250522164,0.3458117304476177,0.0,0.18960429621057995,0.0,0.17056502198542306,0.0,0.8571448871723033,0.0,0.0950987115977784,0.0,0.6107498027495031,0.7189765561148749,0.06632401969631713,0.2027636964512856,0.8055819302402114,0.0,0.6743982994725508,0.7093632417674582,0.0,0.06626078765602023,0.4603481388905688,0.7962703744931645,0.37248328479912357,0.49646930139655276,0.35214263548937863,0.0,0.6184599757975633,0.28575055229877055,0.1317326774791682,0.7642684138933409,0.7023942388118306,0.3390225484566682,0.7086060676361948,0.315777601943937,0.5708182584505634,0.6570229417658757
0.21607703274469411,0.467553383942059,0.0,0.0,0.0,0.5853701285535873,0.2460087743742115,0.461993921574439,0.5585589564373311,0.6123369285744469,0.5345184049277344,0.6614371292232868,0.5885169816537411,0.0,0.31674041637253264,0.0,0.46661188289734534,0.34360463483243014,0.7539326740606065,0.7066199648669199,0.0,0.7014750527351439,0.6424466947299565,0.21410581844498583,0.457480195695251,0.6201497401641431,0.5695831794912161,0.4755249372929548,0.34819877887650746,0.6143122103799603,0.20751267612885155,0.05340315021885781,0.23944829247711202,0.11128695087833955,0.0,0.0,0.29486240561400584,0.06921748157572837,0.0,0.1465980783685634,0.09653249833501654,0.0,0.0,0.032421491434685965,0.0,0.05539825923396258,0.5804276241045176,0.2415165220018245,0.03648111341386555,0.3621668113239726,0.6502159114899002,0.39902337606401117,0.07798345537794815,0.6508922369202581,0.5039456244734203,0.0,0.6223133732003654,0.5264489211604065,0.0,0.40153209076928686,0.5272465881896727,0.5289432194928954,0.22552480027076072,0.7128824049174375,0.6945201615282242,0.0,0.7354555476157157,0.44231556523821286,0.03964116497740311,0.5762020918177542,0.5804643559093133,0.5861791015356177,0.7042476105180013,0.11211344229106807,0.3698082158632072,0.5225498412123556
0.0,0.05753500690764732,0.0,0.0,0.10318056030193262,0.0,0.32194609778451244,0.0,0.0,0.07845969431433053,0.0,0.0,0.0,0.10964944975702054,0.0,0.27061445430655784,0.06646615242024705,0.031769002552203135,0.0,0.0,0.21926029937359914,0.0,0.0,0.13501620319451568,0.2956517122835084,0.0,0.0,0.0,0.0,0.0,0.0,0.0,0.0,0.0,0.0,0.29946262222374465,0.3104966528078664,0.28884309806178377,0.15081103675795085,0.0,0.3499844000549318,0.3021810049669664,0.34877192255322237,0.18172088545194026,0.45904511846473883,0.0,0.0,0.0,0.4769984523642749,0.0,0.053677430988721485,0.28422133978043235,0.0,0.0,0.04805241759324186,0.0,0.0,0.0,0.0,0.0,0.0,0.0,0.0,0.0,0.0,0.22860740206259508,0.0,0.0,0.042522556680713364,0.0,0.0,0.0,0.0,0.4580097763346647,0.29161778589513965,0.1872094176127982
0.15782064767899356,0.0,0.0,0.10318056030193262,0.0,0.02683704972310197,0.390710335041655,0.0,0.2647840661920862,0.0,0.33946958018973,0.0,0.0,0.32812640190004094,0.05917831020464126,0.11826135560680075,0.0,0.0,0.09663219946205814,0.0,0.45184134505994755,0.0,0.0,0.0,0.0,0.0,0.1700039219136149,0.09922278440603755,0.23478057063477337,0.0699555229937156,0.14988515512742207,0.0,0.0,0.0,0.17249829075992185,0.4085328773257697,0.0,0.0,0.0,0.0,0.0,0.14976003055445036,0.08803067888230702,0.0,0.0,0.3194398131880581,0.0,0.39538461549716225,0.0,0.23792763198740124,0.0,0.0,0.13382503309167887,0.218277325998052,0.0,0.4704577738757504,0.0,0.0,0.2867018646338278,0.1765554971893667,0.0,0.0,0.0,0.0,0.0,0.46843466893757724,0.0,0.07908741214027959,0.0,0.0,0.0,0.14319802504658122,0.0,0.16168531433431155,0.0,0.0
0.42659923854835236,0.4971795412169667,0.5853701285535873,0.0,0.02683704972310197,0.0,0.5569773004056392,0.5367965498864017,0.7767429076316603,0.4931503768440919,0.45009399837345887,0.44120455488036187,0.778565597262758,0.29658165084769655,0.4509896765371811,0.2465696288748358,0.29043565347267086,0.24001434594461224,0.4002858036070076,0.6351946635858583,0.2445085885970299,0.5462232372958137,0.7454981915584441,0.3869782985026034,0.42525264512148486,0.7307104592446707,0.8311802564307105,0.5700030212236228,0.6209806526512207,0.6079682952969059,0.6864904290036559,0.35752256218079453,0.23747814726340044,0.2908849641299419,0.19391720634740098,0.22741264171056869,0.1766898281600232,0.3431896750753205,0.0,0.03741344363920837,0.02949823261240242,0.0,0.06126728068818468,0.0,0.0,0.4666398101125243,0.6540606583143326,0.28284891815746405,0.04952823757600228,0.4222394098930692,0.8699579596663215,0.526439749713125,0.5225297749804622,0.8031647838229511,0.1746788075256414,0.009646724415954322,0.2828373998254121,0.5367807399804427,0.1500899219699504,0.5486216204815224,0.5691888056306524,0.2801601889687786,0.4394565442071716,0.5012981508046327,0.6328413657437288,0.26378476186733024,0.661593152207042,0.7152011926629229,0.10112018401347142,0.6836547723242458,0.7407494080654231,0.8581193559332483,0.4731120882922255,0.3699897695709514,0.11215163589975878,0.2844248763856392
0.26729689339134854,0.5638381049596748,0.2460087743742115,0.32194609778451244,0.390710335041655,0.5569773004056392,0.0,0.059264586688246856,0.36241532920266367,0.5176972961954385,0.20235221382546925,0.20297898925104088,0.5364074286044183,0.17362963248084373,0.03263614074341972,0.5117675843751232,0.4051078921164371,0.3549016679005166,0.03292338798546049,0.14336281022444503,0.23744548159214363,0.22368167250701562,0.20958836500913589,0.23797548758862885,0.5621489202537923,0.44690628971786117,0.3923595498819704,0.33228145530854075,0.4260363889469773,0.15872966766920954,0.32185830049175035,0.0,0.0,0.0,0.0,0.2802362085029657,0.242851133074881,0.2853807917813129,0.0,0.0,0.12232702993286161,0.0,0.2593061195003695,0.0,0.22020010723436906,0.26950247577685627,0.519915817541342,0.032475771672895226,0.14589341393683397,0.043145096732433386,0.5678194441929174,0.5736660772460562,0.28058683015843355,0.3347932229892249,0.3149301451524194,0.0,0.23553589588340823,0.44661078108382374,0.0,0.22598620991577334,0.23187105121623794,0.30706794502654505,0.24348670208097745,0.21107485686258887,0.18952538371381777,0.29191583697586604,0.3283809644473942,0.3142724770059064,0.0,0.4767706218304371,0.46549044730048583,0.4736327757132839,0.4036283141098047,0.48364072768890765,0.31167671888058335,0.3992012619353119
0.24088179628220507,0.08290214964299308,0.461993921574439,0.0,0.0,0.5367965498864017,0.059264586688246856,0.0,0.41346706902979224,0.20091876614795195,0.3869313856996447,0.41419843377437865,0.36141782412948875,0.23423371741753404,0.3238205396740351,0.0,0.057989298597441424,0.0,0.37094792530120885,0.45247097107690964,0.15619486031273527,0.36270770939211794,0.7943244207128543,0.3706043386001491,0.07029108714340332,0.41445898209388293,0.3829532333299156,0.24785973359778715,0.14320555756563935,0.4686965875108975,0.18170940873535715,0.2637065605595339,0.2649658895002714,0.33159710288617444,0.043548136914689034,0.034247776471012875,0.0,0.2460653752849009,0.0,0.1716377056340529,0.0,0.0,0.04337494889196322,0.003629155954527022,0.0,0.21749695568023525,0.15561334425751136,0.25314790449110425,0.0,0.3623274585937635,0.3555671382088365,0.02819051514868931,0.6391945778440941,0.5126789583135505,0.04557662650869959,0.11116030661270132,0.2960832343928497,0.30190879655143077,0.2134774793022699,0.3236123467729694,0.21349369204535024,0.03842932876561822,0.03181502013977264,0.30573839944044623,0.41836669383471403,0.08362434563311255,0.35952584617312877,0.6542710788831861,0.26149327736949435,0.21533202744976196,0.3431431310787307,0.31201131349566313,0.2419945414847765,0.0,0.0,0.0
0.533024106093115,0.13705430915573888,0.5585589564373311,0.0,0.2647840661920862,0.7767429076316603,0.36241532920266367,0.41346706902979224,0.0,0.09927688233825713,0.7610945690436018,0.22448244628849132,0.587757872973551,0.42894445388693314,0.6641986126610064,0.11707944185639038,0.0,0.0,0.6347743355918869,0.7014753517463999,0.39421976164516603,0.5015502037091636,0.5429682586477486,0.10130512612212136,0.0490171222949867,0.44217606297625334,0.8789150549592014,0.6423690955398789,0.6294241979117666,0.6388404051735923,0.7665641069710654,0.2565479574882305,0.026053079857526862,0.2813617836825651,0.2924753011776319,0.3771455612663124,0.0351536767954065,0.13594325620537498,0.0,0.0,0.0,0.0,0.03180344620472053,0.05356882790174098,0.0,0.6468548240490443,0.37515853191077353,0.6980967040082207,0.0,0.6064007885913808,0.687818224095593,0.23392346457574875,0.3467288998036476,0.9159558186312716,0.0,0.4328617091290039,0.0,0.25609087639752764,0.4039865294814655,0.7537378557768861,0.5561452525357404,0.0,0.410199055867587,0.5651688232202479,0.7283837000440854,0.4792213233897845,0.6050470471911903,0.625753759301435,0.0,0.4126638487783452,0.5534440475738259,0.9044166355577703,0.31718649755435235,0.284108329141331,0.0,0.07724166283608991
0.10605403740469657,0.8321256312873538,0.6123369285744469,0.07845969431433053,0.0,0.4931503768440919,0.5176972961954385,0.20091876614795195,0.09927688233825713,0.0,0.0070066732031758006,0.6374612248357104,0.555249770329777,0.0,0.0,0.31159504216139233,0.9261547846064624,0.6513924426617376,0.22435656622692363,0.3025809459306186,0.0,0.5160373767414179,0.429141126423094,0.484564238562293,0.8723810537127275,0.7715387634085449,0.24829652302352911,0.21777359754709422,0.16821498664829385,0.31763527293952126,0.07168797928804876,0.09009732596198101,0.3400375852698531,0.0,0.0,0.0,0.4246923500461984,0.2817818521760992,0.0,0.24132278829675685,0.39785151451750456,0.0,0.12555601419268622,0.0,0.22942211309896537,0.0,0.8136757592092553,0.0,0.2272673589615607,0.0,0.6743858951259307,0.6726868107381501,0.08369794868937869,0.265297793527216,0.8834654177973026,0.0,0.7805188277648945,0.7234418022116231,0.0,0.0,0.4569736027375032,0.8733986832965679,0.29362477053005154,0.4465326049915899,0.33718233718894874,0.0,0.6136264628603607,0.2617270258128564,0.2712564206908879,0.801761859521646,0.6851471803838421,0.3218925962458164,0.713914210039799,0.2610484354088666,0.5544685112642769,0.660560544451082
0.32035000918288464,0.016832969299481332,0.5345184049277344,0.0,0.33946958018973,0.45009399837345887,0.20235221382546925,0.3869313856996447,0.7610945690436018,0.0070066732031758006,0.0,0.18217004112305218,0.3205328755665641,0.23068642571393808,0.5485840639773651,0.0,0.0,0.0,0.7282204330082638,0.5762221401941949,0.24036126504527566,0.38707180258283946,0.41116086916063826,0.0,0.0,0.2175084681230312,0.5785596569684176,0.3983835942966314,0.3151529877665275,0.5687619172387876,0.4144945064687843,0.1327524407480839,0.0,0.15433090693944443,0.11973794386675105,0.24936078325258274,0.0,0.042062301193127594,0.0,0.0,0.0,0.0,0.032360469765599365,0.0,0.0,0.39398506930066074,0.14053741792542276,0.6837097853734702,0.0,0.5455420962477899,0.3662553135520365,0.09918617055130347,0.21357592952140536,0.7183622524735143,0.0,0.6138620851432757,0.0,0.11525253820335937,0.31871280646547834,0.61940379422322,0.33586007863191625,0.0,0.1146636482960154,0.5790726150401647,0.6393912841203807,0.29884729059050524,0.4865815260644182,0.436909346344667,0.0,0.1696568786884795,0.2623697743714063,0.5939564651078024,0.18589584921373606,0.06146781787673283,0.0,0.02401410642498357
0.0,0.5188881765432671,0.6614371292232868,0.0,0.0,0.44120455488036187,0.20297898925104088,0.41419843377437865,0.22448244628849132,0.6374612248357104,0.18217004112305218,0.0,0.5897790757544561,0.0,0.12075798381430089,0.0,0.5763293570366302,0.24731261945213523,0.4351439843502325,0.6487393533814763,0.0,0.698515485184515,0.5787287298328453,0.15616979668284842,0.4228676338652865,0.6170593597907419,0.3289448696819635,0.4531243573393306,0.19600283589187395,0.5632290581580186,0.0,0.05526603877330373,0.186630797830592,0.0,0.0,0.0,0.2051764442558539,0.0,0.0,0.16362123828332717,0.0,0.0,0.0,0.0,0.0,0.0,0.5777366752775539,0.0,0.06732717318773765,0.04136781846576992,0.5060077486160609,0.253249015082332,0.13466062013951763,0.33882494864179485,0.6161487504290407,0.0,0.8718979679218324,0.6037242760168727,0.0,0.20227363569284137,0.3901684726443751,0.5985250946958429,0.17276864778727744,0.5203492616660053,0.3375054729069929,0.0,0.5244353077320367,0.4912536973331122,0.027269228359193265,0.5121457689395067,0.5209684769705775,0.2597887699253877,0.6758596290506536,0.0,0.2677210845507718,0.26872948401916796
0.434950804224701,0.5727685931372962,0.5885169816537411,0.0,0.0,0.778565597262758,0.5364074286044183,0.36141782412948875,0.587757872973551,0.555249770329777,0.3205328755665641,0.5897790757544561,0.0,0.003407678718361895,0.42228621812374634,0.3560718202172697,0.4276583084292528,0.4422361591606966,0.34214973518148817,0.6322147127781256,0.06854560275452126,0.6428902426464231,0.6277222608105371,0.1921876070360994,0.48570179031832594,0.7797238713900762,0.6634895856963632,0.782306791429867,0.6219441335991163,0.527673038875607,0.4891678927431737,0.11674849267475074,0.2439971533185612,0.10846958406914836,0.04223966855929152,0.0,0.03830441025696593,0.1472541216889754,0.0,0.10344013391567936,0.01380598363634089,0.0,0.0,0.0,0.0,0.3568615576922042,0.6813418442806378,0.14954765510216367,0.026534295274247888,0.16237757492059618,0.7582085173520609,0.504777839067859,0.26083159369709064,0.6227596480475994,0.3348778551606337,0.0,0.45942928407782013,0.7200045961145455,0.0,0.48791014825860746,0.5504587848783028,0.40988997146472794,0.5415918341241478,0.602411066120144,0.5179655764022805,0.14515257067916898,0.6512493398582474,0.6515135347277969,0.0,0.6242301040319295,0.7798618225175579,0.6873503158620542,0.7057426884802154,0.29059313610303855,0.17148107711085353,0.32116748855412247
0.3221369275037491,0.0,0.0,0.10964944975702054,0.32812640190004094,0.29658165084769655,0.17362963248084373,0.23423371741753404,0.42894445388693314,0.0,0.23068642571393808,0.0,0.003407678718361895,0.0,0.3044575387135351,0.011585002838963951,0.0,0.0,0.0,0.06062120684756743,0.5600682618998843,0.0,0.1965835634766094,0.173517537181425,0.0,0.0,0.3565316321874221,0.09783322552180301,0.17349781860140273,0.06226073658780944,0.5686757972729819,0.29281488312007053,0.0,0.35624817468580683,0.43531246716679456,0.46652302944221524,0.0,0.21950736391581244,0.0,0.0,0.0,0.01642214944351847,0.2147084572707955,0.10199049431048665,0.08175049902605881,0.5206837669602171,0.0,0.25779375536691473,0.09810811471119492,0.3285379006082687,0.1793443125500566,0.0,0.4063458632950695,0.42725479613182304,0.0,0.12561530747512883,0.0,0.0,0.5821087501646071,0.30778722797522945,0.0,0.0,0.0,0.0,0.11902087351014475,0.678096633365967,0.0,0.26291889541535196,0.07931470437018587,0.0,0.047383568164158354,0.34342603724672144,0.0,0.06207711260482708,0.0,0.0
0.48409314912980783,0.0,0.31674041637253264,0.0,0.05917831020464126,0.4509896765371811,0.03263614074341972,0.3238205396740351,0.6641986126610064,0.0,0.5485840639773651,0.12075798381430089,0.42228621812374634,0.3044575387135351,0.0,0.0,0.0,0.0,0.42029138297595187,0.6741665755893488,0.38041883711681523,0.5372416930924443,0.4148371596040873,0.0,0.0,0.22943521319410173,0.6088538247645324,0.5594659948773145,0.468021424601248,0.504892221303108,0.5394287762002299,0.19263405836930964,0.15193731009489592,0.16664100296862264,0.24378381981234373,0.09650976278521556,0.0,0.0,0.0,0.05226024503500441,0.0,0.0,0.0,0.08946839131342722,0.0,0.5532561470465321,0.07658253559040856,0.5594607876496387,0.0,0.3476770847391159,0.29994830657268334,0.0,0.2665736316618354,0.564199515228197,0.0,0.2948346107015789,0.0,0.052182055956799034,0.24174174649430735,0.8388147222537794,0.307642260032271,0.0,0.22134580372203094,0.42193900137809315,0.6061916283934259,0.4468636493436628,0.43081239435858787,0.4619677880725775,0.0,0.050401671835188844,0.2966596965706237,0.5739226151057778,0.17700234528530592,0.049799570313481534,0.0,0.0
0.3521375742520399,0.4949830666519614,0.0,0.27061445430655784,0.11826135560680075,0.2465696288748358,0.5117675843751232,0.0,0.11707944185639038,0.31159504216139233,0.0,0.0,0.3560718202172697,0.011585002838963951,0.0,0.0,0.3621992402176121,0.5566202046497339,0.0,0.0,0.0679014147868992,0.1849435208028261,0.0,0.045221054740268773,0.4659160639783099,0.30290602948862755,0.22839431456720177,0.27924069504914384,0.4492036910980757,0.0,0.3552804552932731,0.0,0.10607518277928918,0.0,0.09629912015621055,0.11001517106724851,0.054345058331199694,0.13443038554791734,0.0,0.10149563900108471,0.2882136851839149,0.07193650769421676,0.0,0.0,0.1544219382992825,0.24586773464392572,0.40603600595697587,0.0,0.0,0.0,0.2871589059608411,0.4563111975167373,0.0,0.055344303253951455,0.21248333728153582,0.0,0.0,0.25388908652919484,0.0,0.103205795412042,0.3119588712004733,0.27682215292125123,0.4215131575233897,0.11085733238035386,0.10909767613918725,0.20375651774442055,0.20261024009016268,0.0,0.0,0.40636858306060153,0.34446889151123683,0.3098564810361367,0.24360839663722236,0.5587810540555707,0.23339789055996787,0.40934033239991224
0.0,0.8256219429598486,0.46661188289734534,0.06646615242024705,0.0,0.29043565347267086,0.4051078921164371,0.057989298597441424,0.0,0.9261547846064624,0.0,0.5763293570366302,0.4276583084292528,0.0,0.0,0.3621992402176121,0.0,0.7407594850081876,0.11961744682037681,0.1561396223027461,0.0,0.43557257152021944,0.3052794691451041,0.43894499976953955,0.86903463608941,0.7197721858276955,0.01726775737757702,0.08024840820597512,0.0,0.1685034022262888,0.0,0.06231844234678313,0.36191511754224026,0.0,0.0,0.0,0.3623308205256885,0.20719728337176266,0.06938778870603,0.2696365498500888,0.3642197372365003,0.0,0.09455144876130528,0.0,0.2217026469778265,0.0,0.6984825197676301,0.0,0.11392146353618382,0.0,0.4819215848543362,0.5411805821569315,0.0,0.04037698089422226,0.9174293922456703,0.0,0.796683271051766,0.6811858727642865,0.0,0.0,0.3119195989471978,0.8657523857048435,0.2838592048238909,0.3670626100861965,0.17564160172006504,0.0,0.4775687427918692,0.13555980200967283,0.2139063808711794,0.6780274458347522,0.6003267592358082,0.09484200454778371,0.6730506329095742,0.10440342713520198,0.5757094770877547,0.6038434640519239
0.1980919753484535,0.6669364783009631,0.34360463483243014,0.031769002552203135,0.0,0.24001434594461224,0.3549016679005166,0.0,0.0,0.6513924426617376,0.0,0.24731261945213523,0.4422361591606966,0.0,0.0,0.5566202046497339,0.7407594850081876,0.0,0.07038138948425118,0.09021671018468125,0.0,0.35344376446478337,0.11256555246995839,0.31071515660831917,0.7726693975728214,0.6050600041774857,0.08288121513904995,0.1633235466743135,0.2125250585371238,0.08115005130283687,0.0,0.0374743563555186,0.3778859573096216,0.0,0.0,0.0,0.17981654905320135,0.19119910929387096,0.13578849406460566,0.2368240061307187,0.32369237608809653,0.0,0.0,0.0,0.15653319141614674,0.0,0.5592864182513783,0.0,0.0,0.0,0.3560490236993812,0.47200515060917947,0.0,0.04413054154205978,0.6401763147841792,0.0,0.432440420437006,0.5421451365115713,0.0,0.0,0.43016796566499604,0.6871114845622189,0.5545074100271159,0.3114070492250827,0.20592092137812967,0.0,0.42985639906696405,0.0,0.14139363320199005,0.642461091002123,0.5330781274378759,0.1702394607386673,0.531117069204912,0.3634268473356139,0.4473063038766586,0.6057492779894855
0.18565890148024575,0.20228491275607657,0.7539326740606065,0.0,0.09663219946205814,0.4002858036070076,0.03292338798546049,0.37094792530120885,0.6347743355918869,0.22435656622692363,0.7282204330082638,0.4351439843502325,0.34214973518148817,0.0,0.42029138297595187,0.0,0.11961744682037681,0.07038138948425118,0.0,0.7036978028299615,0.0,0.5852354310032742,0.4433595145260956,0.039172219575571626,0.09948854028883436,0.3595180701299858,0.5217160141425304,0.350898097059695,0.27191142744700364,0.6297028228289767,0.2222913425008158,0.11277741975419363,0.13128344134204908,0.10884837068639398,0.0,0.0,0.1285303905062412,0.0,0.0,0.09043493102684232,0.0,0.0,0.0,0.06438803561184203,0.0,0.08988401787395034,0.29280012898616786,0.5735150933965939,0.0,0.4892168035770925,0.3559888184616753,0.08746605318142833,0.02661007284622685,0.6056947611644261,0.1533526246953542,0.43711964716588425,0.3087413841565318,0.20472434296025915,0.07299227993005704,0.5227863836883706,0.4487289189975855,0.1832758174210026,0.17137673282333876,0.770681849045227,0.7090464031069935,0.0,0.61506954480311,0.366070293431291,0.0,0.2889167194770996,0.3447869298425165,0.4974579360559519,0.37909388557450685,0.0,0.21468583528754884,0.21585216354335623
0.3228356780217686,0.2718693172735515,0.7066199648669199,0.0,0.0,0.6351946635858583,0.14336281022444503,0.45247097107690964,0.7014753517463999,0.3025809459306186,0.5762221401941949,0.6487393533814763,0.6322147127781256,0.06062120684756743,0.6741665755893488,0.0,0.1561396223027461,0.09021671018468125,0.7036978028299615,0.0,0.0,0.8563557578004695,0.6112824830651574,0.0,0.05590724541377079,0.49736409336209636,0.7484300241310622,0.6485466432038518,0.5913180262032512,0.8644412471498679,0.48794156857096216,0.3334895198097392,0.2697357009554229,0.32436206015467334,0.07641594642964478,0.0,0.0,0.0,0.0,0.09490223295119538,0.0,0.0,0.0,0.0,0.0,0.2679441484693962,0.4669733111691097,0.39033384069025145,0.0,0.4436842855725213,0.5609930103459,0.19321359663832077,0.15288784122919616,0.682915997352103,0.14188448173962576,0.20605714529737704,0.4151684269477711,0.3799208038655291,0.10751579785711127,0.7014156013665347,0.6453860371760978,0.254270629848716,0.3224902402140302,0.7084863424428783,0.7360889774324503,0.0,0.6890508683402806,0.5446839643686125,0.0,0.44455308263627047,0.5140945043715053,0.6222993155613344,0.46106196026037805,0.0,0.033339990173815365,0.1412995400183869
0.4735328145300057,0.0,0.0,0.21926029937359914,0.45184134505994755,0.2445085885970299,0.23744548159214363,0.15619486031273527,0.39421976164516603,0.0,0.24036126504527566,0.0,0.06854560275452126,0.5600682618998843,0.38041883711681523,0.0679014147868992,0.0,0.0,0.0,0.0,0.0,0.0,0.0,0.05604932357831624,0.0,0.0,0.3380340186373175,0.2534947153103583,0.3627040287017055,0.0,0.40102102159192055,0.0,0.0,0.0996616174689613,0.311084672507764,0.4745625802535446,0.0,0.11418711963040934,0.0,0.0,0.0,0.1593892159827445,0.11866856365820956,0.13136043520446472,0.08140591408644667,0.5986445884886706,0.0,0.39912683542932925,0.01629360161597518,0.22551607503285453,0.06239031620088498,0.0,0.3375203685400807,0.33253755755258846,0.0,0.258542226294064,0.0,0.0,0.42081414857448546,0.32066423498519014,0.0,0.0,0.0,0.0,0.15512929844674808,0.8168732965570484,0.0,0.09480208461499712,0.022407638703402566,0.0,0.0,0.38076998944640206,0.0,0.40598389726268,0.0,0.0
0.3529471816113219,0.5316952000489165,0.7014750527351439,0.0,0.0,0.5462232372958137,0.22368167250701562,0.36270770939211794,0.5015502037091636,0.5160373767414179,0.38707180258283946,0.698515485184515,0.6428902426464231,0.0,0.5372416930924443,0.1849435208028261,0.43557257152021944,0.35344376446478337,0.5852354310032742,0.8563557578004695,0.0,0.0,0.5526471883039736,0.13596008064962134,0.31925752942135593,0.6413429185125522,0.6056320908860172,0.583114927383576,0.4970999235143211,0.7516232318443206,0.34198236684862343,0.26947562580588863,0.4291351521666086,0.15771187544515192,0.0,0.0,0.041948491740476324,0.0,0.0,0.2628516176553421,0.05788440875461891,0.0,0.0,0.0,0.0,0.16569775361806752,0.6062247062643442,0.18132130514324019,0.0,0.21797661268489776,0.55730049661979,0.29076052979472067,0.07865026026670194,0.527897989603376,0.40567662591393755,0.0,0.6122589878919917,0.563965545078307,0.0,0.5832890980267885,0.6323540893966166,0.47575851008612435,0.364130133904237,0.7400650536286608,0.6769288154085775,0.0,0.7460182040696526,0.45730983740257053,0.0,0.544576584645397,0.6281866695666112,0.5165181369128706,0.6172322005200424,0.06838134994810718,0.2985393493299031,0.3638482375674542
0.3578730883046908,0.35609679611416784,0.6424466947299565,0.0,0.0,0.7454981915584441,0.20958836500913589,0.7943244207128543,0.5429682586477486,0.429141126423094,0.41116086916063826,0.5787287298328453,0.6277222608105371,0.1965835634766094,0.4148371596040873,0.0,0.3052794691451041,0.11256555246995839,0.4433595145260956,0.6112824830651574,0.0,0.5526471883039736,0.0,0.4365776674698666,0.27945923909888887,0.676786961302939,0.6012159864292806,0.45134013208219775,0.31211846330312426,0.6244775170123122,0.367183074595952,0.37055810704594644,0.36740254528092625,0.35302601273311784,0.04891507853933242,0.0,0.03243367054001598,0.2833911267269322,0.0,0.2505159135735959,0.0,0.0,0.0,0.0,0.0,0.26150565565659223,0.4949555391561049,0.24028159769814256,0.0,0.37988211431152413,0.6568233138991044,0.24992933747035395,0.6121428968718693,0.6477612613296302,0.24389721156962016,0.0,0.4819515670603175,0.5383461536955989,0.11197766385877436,0.4603995988554129,0.46257187636640357,0.27443997509116824,0.2915707115651413,0.48820896740714886,0.5770623169507292,0.0,0.58141628980621,0.8630956242322309,0.2604182295904045,0.5061087861712529,0.6634493263949119,0.5721887132551025,0.4830910232230835,0.0,0.02270277763863804,0.1605951039297571
0.26172918095748066,0.3877370342188186,0.21410581844498583,0.13501620319451568,0.0,0.3869782985026034,0.23797548758862885,0.3706043386001491,0.10130512612212136,0.484564238562293,0.0,0.15616979668284842,0.1921876070360994,0.173517537181425,0.0,0.045221054740268773,0.43894499976953955,0.31071515660831917,0.039172219575571626,0.0,0.05604932357831624,0.13596008064962134,0.4365776674698666,0.0,0.5205914183521027,0.5703260190456722,0.10226222166165098,0.0,0.0,0.07964705892620177,0.13694936665375043,0.3061453920781248,0.3573246537435876,0.18099539698288436,0.032018910574128305,0.0369901819732151,0.22269370510285807,0.5163371250039926,0.29555031307013124,0.21873483984775471,0.21829432584649175,0.0,0.28869140141160293,0.0762373483704968,0.3425404295093225,0.12961636473154636,0.35883773015992976,0.13700649405191734,0.0,0.1811140721448265,0.3482619215855225,0.28776013083601715,0.5106720643689446,0.2106621368494513,0.31751137284369835,0.0,0.22008073041880316,0.26916592958660923,0.10979405076868654,0.14485034713379963,0.17640326425313013,0.2994396304990944,0.24744093922794042,0.1754566648126299,0.22003466218514484,0.09809439367398262,0.3756492856617474,0.36528212406832206,0.7250268520933876,0.43097920223879305,0.5040237835495106,0.19322388619564823,0.2704958759009321,0.0605405904155525,0.2742822096387707,0.2817926706079246
0.12053699432876125,0.8623062041276002,0.457480195695251,0.2956517122835084,0.0,0.42525264512148486,0.5621489202537923,0.07029108714340332,0.0490171222949867,0.8723810537127275,0.0,0.4228676338652865,0.48570179031832594,0.0,0.0,0.4659160639783099,0.86903463608941,0.7726693975728214,0.09948854028883436,0.05590724541377079,0.0,0.31925752942135593,0.27945923909888887,0.5205914183521027,0.0,0.7559369724544376,0.13789295556434694,0.10409614618678387,0.08065181469385074,0.07676176078388054,0.0,0.0,0.2827565807935098,0.0,0.0,0.0,0.47592750551495067,0.3790217073153357,0.10161908828505883,0.23125975537329144,0.4428701973597885,0.0,0.18424897152673836,0.0,0.2966757403388599,0.0,0.750864726990515,0.0,0.20249848332745965,0.0,0.5962229996775908,0.7280382172425037,0.060277023104873206,0.1728596037346142,0.8300016321870494,0.0,0.6245591737321698,0.6566766960123713,0.0,0.0,0.33557938150844885,0.8069358302764444,0.3219522110104004,0.35147768804977036,0.24811561109366767,0.0,0.5121117107484778,0.14459785641310818,0.270992642260068,0.758404216873938,0.6638653018963179,0.28790606002392827,0.6780796757120799,0.4132247017189359,0.610630998111301,0.7482650543976647
0.39133814761699803,0.7659004915742114,0.6201497401641431,0.0,0.0,0.7307104592446707,0.44690628971786117,0.41445898209388293,0.44217606297625334,0.7715387634085449,0.2175084681230312,0.6170593597907419,0.7797238713900762,0.0,0.22943521319410173,0.30290602948862755,0.7197721858276955,0.6050600041774857,0.3595180701299858,0.49736409336209636,0.0,0.6413429185125522,0.676786961302939,0.5703260190456722,0.7559369724544376,0.0,0.48006633514502073,0.4622747897956857,0.3019914668361004,0.4683342184650776,0.3550648793046321,0.23485630417407122,0.4249597544216037,0.1269582431713945,0.0,0.0,0.23269108081497747,0.3584017601624659,0.0,0.2965703129314259,0.1884510852998368,0.0,0.13446100442779158,0.0,0.07900157094162998,0.16418439784467614,0.8142356690982459,0.09273267016662079,0.0,0.19909839262982582,0.732389277250569,0.5507084392302259,0.30056571961029227,0.5366059348269137,0.6016471824329135,0.0,0.6365696612965709,0.7497519361735383,0.0,0.36242663778056805,0.5326726563234682,0.6215599817786241,0.5382046909203819,0.6140580575042437,0.5511124200118716,0.0,0.7724032164995369,0.5958955415532581,0.2590526962464027,0.7753766373942446,0.8993677625298087,0.5436023228341389,0.7426027526575322,0.15828790524963593,0.39372753643647107,0.46943785827254264
0.5281531257195939,0.2845020351886816,0.5695831794912161,0.0,0.1700039219136149,0.8311802564307105,0.3923595498819704,0.3829532333299156,0.8789150549592014,0.24829652302352911,0.5785596569684176,0.3289448696819635,0.6634895856963632,0.3565316321874221,0.6088538247645324,0.22839431456720177,0.01726775737757702,0.08288121513904995,0.5217160141425304,0.7484300241310622,0.3380340186373175,0.6056320908860172,0.6012159864292806,0.10226222166165098,0.13789295556434694,0.48006633514502073,0.0,0.6860232659849113,0.8311814101718944,0.7086258006631396,0.7705077966411408,0.3481135559715729,0.18402501536372434,0.3806933322003967,0.3090627253768794,0.23357112959655135,0.038815867117741945,0.10708659222188951,0.0,0.0,0.0,0.0,0.0,0.0,0.0,0.6036177141197128,0.5021206881854371,0.4604163444895476,0.0,0.5351956810573625,0.7223031125873629,0.3846392093487564,0.2764809453324951,0.8587380973853312,0.0,0.16443181124044276,0.07969813284702527,0.3068058004530646,0.2710614420448459,0.6469716572618799,0.7095058663728053,0.10939764155711465,0.44692448410010854,0.5158679783025225,0.7185972599901647,0.3441051658415952,0.6066693129903811,0.6011392968404928,0.0,0.5231129804354957,0.5509641061381957,0.9232321954332007,0.3690887942075639,0.41135218689093916,0.0,0.24789539927881746
0.5036688525666181,0.2236365946160288,0.4755249372929548,0.0,0.09922278440603755,0.5700030212236228,0.33228145530854075,0.24785973359778715,0.6423690955398789,0.21777359754709422,0.3983835942966314,0.4531243573393306,0.782306791429867,0.09783322552180301,0.5594659948773145,0.27924069504914384,0.08024840820597512,0.1633235466743135,0.350898097059695,0.6485466432038518,0.2534947153103583,0.583114927383576,0.45134013208219775,0.0,0.10409614618678387,0.4622747897956857,0.6860232659849113,0.0,0.6659177699467627,0.5557607715361541,0.5674607054562621,0.10621139929930824,0.07337224525589155,0.17137799505531118,0.2091537935711065,0.05819069931048193,0.0,0.0,0.0,0.0277485849609186,0.0,0.0,0.0,0.0,0.0,0.5054109110774383,0.40332387749366666,0.3514466640749171,0.0,0.24870643574018836,0.5187202167109205,0.2589383095159567,0.12232043345288013,0.619099306387185,0.0,0.09364402449780829,0.22197683898254097,0.41328124768480334,0.029508766624113586,0.5855435367238783,0.4929244551188195,0.1146956218030773,0.45421622333616696,0.5156935831079689,0.5088363705487342,0.31197938922018936,0.48891352305278885,0.5182287687008797,0.0,0.33698045379258784,0.5183258949353473,0.6432892809993953,0.5523503728915293,0.20944997336930235,0.0,0.12148437987051829
0.47678097798938346,0.2406539345709121,0.34819877887650746,0.0,0.23478057063477337,0.6209806526512207,0.4260363889469773,0.14320555756563935,0.6294241979117666,0.16821498664829385,0.3151529877665275,0.19600283589187395,0.6219441335991163,0.17349781860140273,0.468021424601248,0.4492036910980757,0.0,0.2125250585371238,0.27191142744700364,0.5913180262032512,0.3627040287017055,0.4970999235143211,0.31211846330312426,0.0,0.08065181469385074,0.3019914668361004,0.8311814101718944,0.6659177699467627,0.0,0.5401007725881752,0.645297208622206,0.20569581850409538,0.13465575911631494,0.2857369701721436,0.2664269254310616,0.09452371423401171,0.010321212737859686,0.0,0.0,0.0,0.0,0.0,0.0,0.0,0.0,0.5431634510998156,0.43395310477935783,0.2690066542267119,0.0,0.3149485301663257,0.5281585759884937,0.3969773330209275,0.07501492032206922,0.5822516671849138,0.0,0.03985869655314797,0.0,0.26622426692610107,0.14240880364426614,0.4858073890148849,0.6744880834410092,0.11864468469560188,0.5125147691030766,0.3529480751366656,0.46988013518251215,0.38740455645335914,0.3855321608853947,0.3641500836262387,0.0,0.45636973126401764,0.4032030434678003,0.7188930096597372,0.30289934763079435,0.553452928732199,0.0,0.2252622092773322
0.30176059641451514,0.3018905850780961,0.6143122103799603,0.0,0.0699555229937156,0.6079682952969059,0.15872966766920954,0.4686965875108975,0.6388404051735923,0.31763527293952126,0.5687619172387876,0.5632290581580186,0.527673038875607,0.06226073658780944,0.504892221303108,0.0,0.1685034022262888,0.08115005130283687,0.6297028228289767,0.8644412471498679,0.0,0.7516232318443206,0.6244775170123122,0.07964705892620177,0.07676176078388054,0.4683342184650776,0.7086258006631396,0.5557607715361541,0.5401007725881752,0.0,0.4702446884825166,0.45869005331489643,0.31057100181196073,0.3322291645788583,0.17177887453710994,0.0,0.04715193723292359,0.0,0.0,0.11528170706440989,0.0,0.0,0.0,0.0,0.0,0.3009683583339658,0.5152058561282651,0.3954307283176849,0.0,0.5322948342562852,0.5585386644192063,0.2198819318571605,0.2065242849562923,0.6707899370229626,0.15481159394501243,0.2932456480725896,0.36789443396812804,0.36184719057085435,0.1534031298845433,0.5908004684183288,0.6991838659408394,0.26907569160084116,0.30321560315067614,0.6529927612924806,0.6807265823308968,0.0,0.6531399051557119,0.555172593345828,0.0,0.4942123761357027,0.5041127783573183,0.5851138678263431,0.35157820465380346,0.0,0.048490407744098074,0.13343139554000674
0.5918095014200468,0.11936529932450789,0.20751267612885155,0.0,0.14988515512742207,0.6864904290036559,0.32185830049175035,0.18170940873535715,0.7665641069710654,0.07168797928804876,0.4144945064687843,0.0,0.4891678927431737,0.5686757972729819,0.5394287762002299,0.3552804552932731,0.0,0.0,0.2222913425008158,0.48794156857096216,0.40102102159192055,0.34198236684862343,0.367183074595952,0.13694936665375043,0.0,0.3550648793046321,0.7705077966411408,0.5674607054562621,0.645297208622206,0.4702446884825166,0.0,0.4164020502160024,0.09738158010332454,0.4342850808616009,0.5079295259302103,0.3471425051152226,0.0,0.17234517543991995,0.0,0.0,0.0,0.0,0.06295130371366245,0.04503799281482075,0.0,0.7424423953332633,0.3827968977599207,0.43028405967259375,0.0,0.5043227578205064,0.6172598904955707,0.3411217402983929,0.2657331591288387,0.7145740205733502,0.0,0.17447694191992846,0.0,0.15183943386147922,0.5069394193861274,0.6201483935716547,0.544780515741978,0.0,0.42830224827802477,0.31104318576164647,0.5690832458516805,0.5559585950128257,0.4679524007805584,0.4432093118648305,0.0,0.4091156399739245,0.5397963309008609,0.833848124908675,0.07027696279433299,0.37830471441839514,0.0,0.02590083996210829
0.19976442305733394,0.12812846215961204,0.05340315021885781,0.0,0.0,0.35752256218079453,0.0,0.2637065605595339,0.2565479574882305,0.09009732596198101,0.1327524407480839,0.05526603877330373,0.11674849267475074,0.29281488312007053,0.19263405836930964,0.0,0.06231844234678313,0.0374743563555186,0.11277741975419363,0.3334895198097392,0.0,0.26947562580588863,0.37055810704594644,0.3061453920781248,0.0,0.23485630417407122,0.3481135559715729,0.10621139929930824,0.20569581850409538,0.45869005331489643,0.4164020502160024,0.0,0.37924192889402786,0.519000951171601,0.29886434918319477,0.033993559014442384,0.0,0.1629742443118234,0.307348480360428,0.27213466764516814,0.04188491531451943,0.0,0.0,0.0,0.0,0.20317134179398647,0.2662313249084262,0.23070858384358106,0.0,0.3651164042758924,0.23337883303148058,0.09399055031577903,0.2737627607554293,0.2976369834471703,0.0,0.1237147179149346,0.0,0.10840595721703367,0.3785627411128404,0.2864808368017582,0.4548631501803425,0.08060317057205632,0.34720772557841345,0.20775334165550008,0.30483098667414066,0.024525380305750938,0.2906929666582949,0.3345040668918301,0.22924555289508394,0.31655270319941253,0.2934416496584572,0.24727628132005813,0.0,0.0,0.0,0.0
0.23929025000575166,0.3560480126518477,0.23944829247711202,0.0,0.0,0.23747814726340044,0.0,0.2649658895002714,0.026053079857526862,0.3400375852698531,0.0,0.186630797830592,0.2439971533185612,0.0,0.15193731009489592,0.10607518277928918,0.36191511754224026,0.3778859573096216,0.13128344134204908,0.2697357009554229,0.0,0.4291351521666086,0.36740254528092625,0.3573246537435876,0.2827565807935098,0.4249597544216037,0.18402501536372434,0.07337224525589155,0.13465575911631494,0.31057100181196073,0.09738158010332454,0.37924192889402786,0.0,0.31610785491635995,0.014647898826138511,0.0,0.0,0.10555538442830048,0.2754812944438547,0.5066932713253689,0.23851861393138424,0.0,0.0,0.0,0.07189816643144548,0.06736100769136322,0.3644874136886203,0.0,0.0,0.08021918522242756,0.21897334295136348,0.17451716457445732,0.15284602104941988,0.14126479265806605,0.29696806937972586,0.0,0.23721612690677973,0.3274928938896483,0.0,0.1462973690387288,0.4034568523936677,0.3402174290199965,0.3084842874442759,0.31011916468998435,0.2323242942677759,0.0,0.3373629452563717,0.264717960632858,0.3057815910676141,0.38459406983232824,0.3982454447319912,0.11529706540982826,0.1813044341361088,0.0,0.12540490206637347,0.22457088660422583
0.29553093095038707,0.0,0.11128695087833955,0.0,0.0,0.2908849641299419,0.0,0.33159710288617444,0.2813617836825651,0.0,0.15433090693944443,0.0,0.10846958406914836,0.35624817468580683,0.16664100296862264,0.0,0.0,0.0,0.10884837068639398,0.32436206015467334,0.0996616174689613,0.15771187544515192,0.35302601273311784,0.18099539698288436,0.0,0.1269582431713945,0.3806933322003967,0.17137799505531118,0.2857369701721436,0.3322291645788583,0.4342850808616009,0.519000951171601,0.31610785491635995,0.0,0.42176435839299,0.08248402867154919,0.0,0.17013425918036976,0.17642399715509324,0.16898022651787054,0.042255941956756804,0.0,0.0,0.0,0.0,0.2885512405540095,0.10501970802835876,0.16337149671347115,0.0,0.5377041668208488,0.20346474351358818,0.06996083500559871,0.18835134815368756,0.3507652082127075,0.0,0.09796266745755902,0.0,0.0,0.4626300671562267,0.15770557534496335,0.4263729963169926,0.0,0.24381516183654506,0.06487192592302773,0.40585607266284307,0.1278159001709243,0.21880553001401631,0.21592810735587625,0.12967907601738898,0.23933968931307212,0.17118712366813074,0.32425989107065123,0.0,0.12007084383838669,0.0,0.0
