0.0,0.5118546883537576,0.13291501567763225,0.3289018072195756,0.14730587731652878,0.0,0.0,0.0,0.0,0.0,0.252672259564666,0.0,0.0,0.34687618311984336,0.0,0.8283877207992252,0.0,0.5826875314941512,0.0,0.0,0.0,0.05706861864256574,0.0,0.5616348871958297,0.82119859811344,0.5542815546326416,0.0,0.0,0.0,0.0,0.5183351766693205,0.2196647329434747,0.7594333268571812,0.8226110965079523,0.2801277218347228,0.42527398165646113,0.0,0.0,0.3066263756093411,0.3869567795816742,0.0,0.0,0.002316328861724337,0.33651470875168654,0.0,0.47997147496481246,0.0,0.0,0.33350122890725786,0.0,0.17896675491328612,0.0,0.0,0.0,0.0,0.15489638654744414,0.0,0.0,0.0,0.26016654785149995,0.0,0.0,0.0,0.0827433714104143,0.608594763602573,0.0,0.5779894346325578,0.0,0.31715725959457847,0.0,0.0,0.5814968787068455,0.12303030477764204,0.6045845671891669,0.6548922245235171,0.0
0.5118546883537576,0.0,0.0,0.5526692630083906,0.0,0.0,0.0,0.19672866412921372,0.0,0.0,0.0,0.0,0.23388204724989692,0.19206612772589882,0.0,0.4782143251875809,0.0,0.4116454157146514,0.0,0.0,0.0,0.0,0.0,0.3769871663291087,0.7246345717476054,0.5904674442410905,0.0,0.0,0.0,0.0,0.0,0.0,0.6480092042354854,0.3763490773714659,0.4366174240556029,0.3663984175108872,0.16258623102679412,0.0,0.0,0.43851965848366015,0.0,0.0,0.11125159304080007,0.2614767441320196,0.0,0.0,0.0,0.08829804438486122,0.03714978463926474,0.0,0.5081291488562711,0.0,0.0,0.0,0.0,0.27853770599496785,0.0,0.18561773551219332,0.047069912379365586,0.0,0.0,0.0,0.0,0.30675241667130226,0.42116294580708313,0.0,0.26319852628935075,0.0,0.07718554614598275,0.0,0.0,0.6513654165248235,0.0,0.4377050842697558,0.5000649930412415,0.0
0.13291501567763225,0.0,0.0,0.0,0.41263147621416085,0.4714748789676961,0.36394544173782917,0.4282819944360404,0.46141985459045276,0.3898154982776604,0.6200594218834705,0.36294980166656526,0.4014747146290203,0.3064356300112736,0.22645523827631187,0.0353623565948549,0.26283042161426806,0.1638200048991372,0.42500691431967763,0.2511491973102471,0.2362181065438426,0.35085767022888414,0.48599017102675124,0.14052348156031835,0.06697384156276137,0.4238503020539105,0.40877021449705025,0.33290321306837567,0.22277119166272463,0.0,0.15163240369370218,0.3246191847415877,0.0,0.05461949938303866,0.0,0.18950619792830406,0.0,0.05967844334341167,0.36121982425269233,0.0,0.17800272078594406,0.07777158371876072,0.09840054272052925,0.0,0.0,0.2124426314173874,0.377874596727883,0.6251404826806954,0.04389381857648432,0.22552247895658095,0.17960140195918728,0.18469923304103777,0.24048246818166785,0.5487874181280485,0.34053450801053153,0.5616085335010095,0.3900907429323771,0.23494615643977632,0.19386343553936247,0.0,0.12200546690012769,0.22699330459487857,0.0,0.18690774759385909,0.0,0.18129867136052918,0.0,0.29249314935692555,0.04046860268476002,0.2714883613431319,0.512394965004467,0.0,0.2523432339099021,0.0,0.0,0.0
0.3289018072195756,0.5526692630083906,0.0,0.0,0.13172750799840854,0.0,0.083496165609659,0.2191917422057194,0.0,0.0,0.0,0.06697382866882752,0.178602860833614,0.15367897714062753,0.0,0.264403288566103,0.0,0.18085207922680896,0.0,0.0,0.0,0.0,0.0,0.40791063013123807,0.4629212329790291,0.40499031220144094,0.0,0.0,0.0,0.0,0.0181094036124769,0.0,0.40832068347186856,0.28689065701927613,0.32279854690010445,0.32312833390319273,0.21334555096572738,0.0,0.0,0.24011258478588957,0.0,0.0,0.21854976785420585,0.324817771702557,0.0,0.0,0.0,0.060157117285853455,0.15237448571341433,0.0,0.36758361194780337,0.0,0.0979333056214942,0.0,0.0,0.1435616945645683,0.06373622435183898,0.14027199267897641,0.17540608453657056,0.0,0.0,0.0,0.0,0.11718135529976374,0.20230135339318586,0.0,0.11134399861601087,0.00957916031822327,0.21759861139543618,0.0,0.0,0.3704009847605093,0.0,0.26580780186371666,0.3245406025671924,0.0
0.14730587731652878,0.0,0.41263147621416085,0.13172750799840854,0.0,0.18961854016092233,0.6533173737462332,0.13870855595490206,0.4954114344566043,0.49116082989678533,0.4766669987823973,0.2919227179096419,0.3698027557705148,0.2856613883681748,0.1431079399967048,0.17911392141107446,0.5164380136558353,0.3105330839616326,0.167643358491613,0.21465637996669862,0.20965422408943335,0.3575184519387733,0.16817535890735663,0.031863792397586604,0.06663170270560742,0.21671746020276864,0.21657454504715262,0.3977811681252072,0.19296943419093432,0.0,0.40387003759336476,0.5131743331641901,0.0,0.22458253730961614,0.0,0.18891461679218735,0.09074232303271329,0.10028652882092431,0.5136453784049935,0.0,0.38054957553268554,0.013221866155613687,0.1466096653307223,0.0,0.12504977756435778,0.26488933215110233,0.15528886029451627,0.19705127326717786,0.0,0.6351678232100862,0.049993270290096675,0.37027367960603585,0.1130608932184611,0.47450431630481676,0.4600282159753998,0.30688783588201896,0.2776673908132229,0.29699255720630974,0.29900539731365033,0.09451045481256232,0.0961913613715083,0.3458550762617698,0.05085540808502287,0.0,0.0,0.2557002869584978,0.0292760723198211,0.1703417414399919,0.041293807845871375,0.14915782469029268,0.33629051574903457,0.0,0.4836041239143104,0.0,0.033357099833919046,0.09560683924488463
0.0,0.0,0.4714748789676961,0.0,0.18961854016092233,0.0,0.47716766184698045,0.6604011597946834,0.4553959503601611,0.612053479110017,0.0,0.7856558321642609,0.7968208896548896,0.008332782002798605,0.5267579582782161,0.0,0.4153508679580752,0.0,0.3170343170097328,0.652072258315835,0.523135677277374,0.3832550971209452,0.798939948525355,0.0,0.0,0.29329796657019347,0.8007555793518443,0.6953070256809871,0.7408044649939103,0.33954657379673076,0.0,0.28490663431450913,0.0,0.0,0.0,0.0,0.2084005138300387,0.035008091496435675,0.1102997702114742,0.0,0.2937492914814659,0.29608302013727533,0.18824351415994048,0.0,0.08082807444239606,0.0,0.8225475287732685,0.4714555182999073,0.0,0.19595134102566392,0.1845103308279079,0.5651668265178751,0.5487240725597784,0.31772788629390836,0.4975603153373207,0.03330975595865232,0.7009886224143421,0.5452516553595939,0.3122409801648336,0.0,0.3903569251080662,0.697193212192029,0.3075509824148821,0.0,0.0,0.23045883804354017,0.0,0.3750820702325889,0.0,0.5469689161585584,0.7180850871885461,0.0,0.21049392883387358,0.0,0.0,0.10456938336528593
0.0,0.0,0.36394544173782917,0.083496165609659,0.6533173737462332,0.47716766184698045,0.0,0.298414097291934,0.3675127761112462,0.6964461857126549,0.15156662604700188,0.530666075759699,0.6146683312576159,0.2269569881069836,0.280621519761564,0.0,0.6234323893901437,0.32582694520169125,0.04096062813102924,0.3935067718857794,0.38563764151533547,0.38509942254909,0.3257299637063112,0.0,0.0,0.2169508901369116,0.4714965064232503,0.49884955085307736,0.5216785372205843,0.18098868007554234,0.27506612654361395,0.5130354369736372,0.0,0.024676408880204614,0.0,0.06299132828446238,0.07919568462738905,0.09917981209237711,0.40488029855472546,0.0,0.41775831172967987,0.18996608300187162,0.17114599741801992,0.0,0.09588626745940135,0.1454736672356936,0.4250351940894983,0.2405889848613622,0.0,0.5735380876690982,0.06365314419888546,0.6611585967971924,0.18942592212148648,0.30794556827566627,0.6631984419177221,0.1467947464336709,0.4927413132556244,0.525715914918731,0.29750749167656804,0.0,0.3193425711718184,0.5492954306100236,0.2354562338698629,0.0,0.0,0.31747796213392865,0.0,0.20845074625197033,0.0,0.4399676178325855,0.4798331119837438,0.0,0.3954076942313378,0.0,0.0,0.11661238167319637
0.0,0.19672866412921372,0.4282819944360404,0.2191917422057194,0.13870855595490206,0.6604011597946834,0.298414097291934,0.0,0.0,0.33726314307425825,0.0,0.612987316662867,0.6144837014267681,0.3192597487381339,0.01580023960947574,0.0,0.12141851079969904,0.0,0.15386449011912734,0.11962045490370232,0.07291246470133855,0.0,0.7279471211393608,0.3355718220254992,0.0,0.46744961979533844,0.3185976577381786,0.2721483697542469,0.2192950127614545,0.10841719426348484,0.0,0.17510276230394578,0.0,0.0,0.0,0.13604259826322124,0.15451093986524347,0.02611398534531509,0.15816332559180568,0.1270020744761041,0.0,0.018449303975457073,0.3161783434817743,0.0,0.0,0.0,0.4499504798279411,0.5161005568414725,0.0,0.00619984256607925,0.5150327118897059,0.2653761286553207,0.7518491250924263,0.08088854020056502,0.2972887243470369,0.21285930575103162,0.6726668225099534,0.5761085895658158,0.41872323953294505,0.0,0.0,0.36486391608352425,0.0,0.0,0.0,0.0,0.0,0.5188924345658331,0.25007772064189804,0.19092236501577145,0.522984289317555,0.0,0.1976430772950995,0.0,0.0,0.0
0.0,0.0,0.46141985459045276,0.0,0.4954114344566043,0.4553959503601611,0.3675127761112462,0.0,0.0,0.5044204656965834,0.4572176518916192,0.3605049880170134,0.22763129678848656,0.0,0.685052716763383,0.0,0.4456909825738753,0.0,0.5291688691897812,0.720270329075114,0.6531992103229877,0.6058272853260264,0.3326390373621584,0.0,0.0,0.0,0.6689477164002168,0.6231140088754346,0.616640770663161,0.33391129529058006,0.14979969598124732,0.2667357525496625,0.0,0.0,0.0,0.0,0.08380175328230868,0.09270879337820742,0.09461331076021363,0.0,0.42034596316078554,0.2404899457797428,0.0,0.0,0.12228612358400802,0.13297395441267607,0.4586521084042099,0.3516238090054803,0.0,0.5105524448495006,0.0,0.4174848969110565,0.0,0.7409078339804337,0.36409754945117023,0.17041462621227987,0.23889292732835848,0.0,0.08981448892953141,0.10257666868344151,0.4745571939706064,0.4578591868952262,0.27968979831937724,0.08989711326332533,0.0,0.5182960741240958,0.0,0.09984498366296479,0.0,0.4257789437609564,0.4245759364104269,0.0,0.3227676107975848,0.0,0.0,0.509488945364434
0.0,0.0,0.3898154982776604,0.0,0.49116082989678533,0.612053479110017,0.6964461857126549,0.33726314307425825,0.5044204656965834,0.0,0.14266066518016335,0.7455033725181436,0.5495184022856829,0.08085655118434351,0.5614235923618928,0.0,0.6845262236328109,0.05881832027410999,0.2526585179836694,0.6901818285735823,0.6632605141375163,0.5812602584075491,0.5257625569158162,0.0,0.0,0.1921905979127257,0.7098183948063679,0.5931965809741858,0.728276744715941,0.4224749954393925,0.1800620130253182,0.4521794029874052,0.0,0.0,0.0,0.0,0.05887584529479151,0.09308124095417233,0.28899515906389833,0.0,0.4242334794684547,0.2048113356275446,0.2505704725539853,0.0,0.20475573109599798,0.28736748990666655,0.6748437293264048,0.33655984426074376,0.0,0.4874103792793142,0.0,0.6701922677858707,0.2438870980592235,0.3338537690113288,0.7938567266814942,0.1452301810077824,0.6312037683788619,0.4157031766111211,0.19460583712231144,0.0,0.6213337736737536,0.722987350846618,0.5425507643795138,0.0,0.0,0.5348406650235437,0.0,0.26498110584186213,0.05588155712070547,0.7232514480978842,0.7422669898571124,0.0,0.3795614476842385,0.0,0.0,0.3664428653375325
0.252672259564666,0.0,0.6200594218834705,0.0,0.4766669987823973,0.0,0.15156662604700188,0.0,0.4572176518916192,0.14266066518016335,0.0,0.0,0.0,0.18256480506043143,0.06574446774978887,0.149201647059041,0.09999219247529788,0.04801442859862462,0.48702690728682374,0.06057895045450623,0.057493218545598995,0.19357629869339513,0.06995762182097653,0.022321671255120246,0.1181064694381191,0.09906536933947574,0.11246702551506083,0.0,0.0,0.0,0.1464120589516653,0.12091054480635384,0.07230651885336363,0.12091591531337731,0.0,0.12138531693879007,0.0,0.0,0.15319283875701198,0.09567786024418364,0.09134938826290814,0.0,0.0,0.0,0.07166693853541525,0.263795640950824,0.0,0.48330536154603787,0.0,0.3309790636878037,0.0,0.05864034158922954,0.0,0.5493717357202919,0.08854532385932545,0.7393811096718372,0.0,0.0,0.061376555677952,0.213465099316721,0.02902701074287478,0.0,0.0,0.35552652256825434,0.21659224183363981,0.1276419040518106,0.22797639729220406,0.0786114357530932,0.007633108035925762,0.0,0.049229050681898534,0.14934286420041004,0.15292605318951424,0.148654644778893,0.023002648434344797,0.04681957860389273
0.0,0.0,0.36294980166656526,0.06697382866882752,0.2919227179096419,0.7856558321642609,0.530666075759699,0.612987316662867,0.3605049880170134,0.7455033725181436,0.0,0.0,0.732099581010065,0.0,0.40949969980630685,0.0,0.5241572668397614,0.0,0.28033948485418775,0.5750116390315889,0.4313836969399001,0.41846108807482313,0.6307646414308774,0.11485169036355675,0.0,0.3807477045805322,0.6744117748864601,0.6579926168481303,0.5943321129947968,0.2890764713986157,0.0,0.2892742007199053,0.0,0.0,0.0,0.07047664850623139,0.22023252621520978,0.0,0.10415292091962892,0.0,0.23414407826493594,0.11129913093587401,0.2922781228951176,0.0,0.15914373407343868,0.0,0.7070724617704518,0.42425020550273307,0.0,0.30166780439336555,0.0708668787366061,0.5209863612713753,0.41501255451407715,0.3123574797998458,0.5584364058927831,0.1152875981515355,0.8245119324218184,0.499785183363187,0.27459309239540536,0.0,0.32487192928598635,0.7008455761068051,0.3153522524164583,0.0,0.0,0.13409338240039362,0.0,0.2785225765630008,0.0,0.4614208546575459,0.6565482045499285,0.0,0.3181978256478589,0.0,0.0,0.056200637931823394
0.0,0.23388204724989692,0.4014747146290203,0.178602860833614,0.3698027557705148,0.7968208896548896,0.6146683312576159,0.6144837014267681,0.22763129678848656,0.5495184022856829,0.0,0.732099581010065,0.0,0.05987496395974587,0.1943590283735078,0.0,0.5230388061780111,0.3208026234102873,0.07705907021673375,0.3207229150496661,0.22457288566098088,0.26602612443978096,0.4951500877248156,0.03749989246624569,0.0,0.5586842260608111,0.458656173665279,0.6955219967422633,0.4767368528386134,0.08689400174526335,0.0,0.42012187020477554,0.0,0.0,0.0,0.13941489990048328,0.23455025158114334,0.0,0.2142533966143881,0.0,0.21535981807910992,0.12390546704557849,0.24150915176329305,0.0,0.035482828174826064,0.0,0.592008066981868,0.3690891671550438,0.0,0.32953803517096497,0.3182608646493206,0.42611677495676514,0.3824132400379727,0.28875013941753236,0.461493059323738,0.10793862184170572,0.647505179770884,0.7095701388581357,0.33664745056647816,0.0,0.12672396839770572,0.6341377445250626,0.15966770294692967,0.0,0.0,0.0,0.0,0.17661209306862408,0.0,0.25776091007183916,0.5266335721056513,0.0,0.38700536995121354,0.0,0.0,0.0
0.34687618311984336,0.19206612772589882,0.3064356300112736,0.15367897714062753,0.2856613883681748,0.008332782002798605,0.2269569881069836,0.3192597487381339,0.0,0.08085655118434351,0.18256480506043143,0.0,0.05987496395974587,0.0,0.0,0.12133004021407728,0.0,0.16509498336592182,0.0,0.0,0.0,0.0,0.19217398529948362,0.33072651329488734,0.3599691914721826,0.3186490561717199,0.0,0.0,0.0,0.0,0.2103766633227548,0.2414543246978676,0.259054574224853,0.30140859582924245,0.011914326854599325,0.33551232864069536,0.02257284049090215,0.1528251236175915,0.36380167980419176,0.22356597503567616,0.0,0.0,0.23022575568765957,0.053250808337514846,0.0,0.23623443406270686,0.03307118761663978,0.1736198174342667,0.0,0.09900809943025485,0.4660380230189032,0.09193817668161937,0.34370944455485364,0.014338126692307052,0.13740502440032562,0.24702092542301196,0.16211622370451895,0.3022950990984526,0.40815668181448916,0.0,0.0,0.0,0.0,0.04847759023581935,0.0936356290219225,0.0,0.05548628410346882,0.3675032980455643,0.37518104644236655,0.0,0.22039559016814975,0.2255904658885021,0.07130694871811995,0.1794438027703883,0.30420166857236547,0.0
0.0,0.0,0.22645523827631187,0.0,0.1431079399967048,0.5267579582782161,0.280621519761564,0.01580023960947574,0.685052716763383,0.5614235923618928,0.06574446774978887,0.40949969980630685,0.1943590283735078,0.0,0.0,0.0,0.4012341099258997,0.0,0.3482303628495757,0.8878399607641206,0.865386110273347,0.7033835455669697,0.43622971643931013,0.0,0.0,0.0,0.756169729723038,0.5545838679528515,0.8240029407697367,0.5850419403667829,0.11335482601044658,0.20986472805404666,0.0,0.0,0.0,0.0,0.0,0.04524382923903847,0.026670884108851906,0.0,0.49659465773972794,0.4894654217743062,0.0,0.0,0.14009895933034397,0.2155721021147346,0.5632381507777225,0.1606287092485839,0.0,0.2170676893144649,0.0,0.46044259997859016,0.037808002328683754,0.274829750328344,0.43136965241862785,0.0,0.2588215652373956,0.0,0.0,0.27953599380061633,0.7544771503790779,0.5192310867334455,0.5369255105191066,0.0,0.0,0.6942409591494689,0.0,0.1728316691763066,0.0,0.6489061442769337,0.515953071409861,0.0,0.16916861118179122,0.0,0.0,0.7039528093706828
0.8283877207992252,0.4782143251875809,0.0353623565948549,0.264403288566103,0.17911392141107446,0.0,0.0,0.0,0.0,0.0,0.149201647059041,0.0,0.0,0.12133004021407728,0.0,0.0,0.19352772368652155,0.8165920949060533,0.0,0.0,0.0,0.06640312612813948,0.0,0.37976579169376884,0.7500955368899419,0.49263618346276444,0.0,0.0,0.0,0.0,0.55410360343332,0.31951437872470845,0.6055197842502373,0.7142825063417757,0.2358479203633888,0.2951510724438912,0.0,0.0,0.33092686248177716,0.138179419367497,0.0,0.0,0.0,0.3399004498687073,0.0,0.2642393895272563,0.0,0.0,0.342986961286748,0.01943510520920444,0.04012188347599313,0.0,0.0,0.0,0.0,0.0,0.0,0.0,0.0,0.22278263638162538,0.0,0.0,0.0,0.0,0.5573185856192435,0.0,0.48990331808427695,0.0,0.0816129486222324,0.0,0.0,0.4699517920503966,0.22819820371978006,0.5443081708493289,0.5723190676687876,0.0
0.0,0.0,0.26283042161426806,0.0,0.5164380136558353,0.4153508679580752,0.6234323893901437,0.12141851079969904,0.4456909825738753,0.6845262236328109,0.09999219247529788,0.5241572668397614,0.5230388061780111,0.0,0.4012341099258997,0.19352772368652155,0.0,0.41501773786683216,0.0,0.4644763665620336,0.44407497268793084,0.4920295405521643,0.09427803620505903,0.0,0.0,0.27047031560482704,0.4058322884779974,0.6712208973875065,0.5111888282793932,0.09758595087430982,0.39599673702516797,0.5277814334155132,0.0,0.0,0.0,0.0,0.0,0.14735724167924436,0.4324834634293755,0.0,0.4458561355753243,0.24061352782657452,0.0,0.0,0.08240554926926677,0.20170178145415896,0.42327784369062477,0.0,0.0,0.3698063347521614,0.0,0.3775648123445785,0.0,0.21882775349702982,0.628400414131773,0.0,0.4102087428850562,0.2746589334977373,0.07216713484423731,0.0,0.35746659706953793,0.6319777626950925,0.37879872852754964,0.0,0.0,0.34205177237139067,0.0,0.0,0.0,0.3440593858653952,0.4844739164946055,0.0,0.5136289366997728,0.0,0.0,0.23102680665440148
0.5826875314941512,0.4116454157146514,0.1638200048991372,0.18085207922680896,0.3105330839616326,0.0,0.32582694520169125,0.0,0.0,0.05881832027410999,0.04801442859862462,0.0,0.3208026234102873,0.16509498336592182,0.0,0.8165920949060533,0.41501773786683216,0.0,0.0,0.0,0.0,0.13611404759568557,0.0,0.2594162181385903,0.6520180368723838,0.5541819866106156,0.0,0.11063515545365715,0.0,0.0,0.5497660109668301,0.549232904697553,0.3316324976778479,0.5896697884842947,0.05294846159766687,0.1687485840186647,0.0,0.051756877618173436,0.5191088081734605,0.0,0.1301260447610706,0.0,0.0,0.10623685217668075,0.0,0.15710592477079532,0.0,0.0,0.2683710625309029,0.13073529242949,0.1433833928585365,0.0,0.0,0.0,0.07057738458013318,0.0,0.0,0.15689832850517166,0.0,0.0,0.0,0.0,0.0,0.0,0.2577907506302952,0.0,0.21598976307728507,0.0,0.019472749949892787,0.0,0.0,0.2110233281367629,0.32517723659028364,0.3365915144844732,0.42518248877345144,0.0
0.0,0.0,0.42500691431967763,0.0,0.167643358491613,0.3170343170097328,0.04096062813102924,0.15386449011912734,0.5291688691897812,0.2526585179836694,0.48702690728682374,0.28033948485418775,0.07705907021673375,0.0,0.3482303628495757,0.0,0.0,0.0,0.0,0.46614352519834396,0.2586582190937284,0.3634513929755563,0.44764757319164217,0.0,0.0,0.0,0.49995216057364406,0.22987251609291343,0.26917066875324724,0.2905432216918874,0.0,0.0,0.0,0.0,0.0,0.0,0.2450213909430326,0.0,0.0,0.0,0.09605302829177373,0.0,0.15506055553232256,0.0,0.15039236954379215,0.0,0.25205472240083493,0.6019860857900613,0.0,0.2394122725015862,0.0,0.2660889222998303,0.14271276835747543,0.5345761553659798,0.04871649780264642,0.4601014523612967,0.22544082488299116,0.0,0.09889219184144718,0.03247419887027386,0.23826492827689608,0.18713617840411323,0.1386555448082577,0.5619868076324495,0.0,0.15379141444159597,0.0,0.23911732875399033,0.0,0.20504988056975365,0.20030479377318516,0.0,0.05677943751271003,0.0,0.0,0.2716682738410437
0.0,0.0,0.2511491973102471,0.0,0.21465637996669862,0.652072258315835,0.3935067718857794,0.11962045490370232,0.720270329075114,0.6901818285735823,0.06057895045450623,0.5750116390315889,0.3207229150496661,0.0,0.8878399607641206,0.0,0.4644763665620336,0.0,0.46614352519834396,0.0,0.8591136061740356,0.746956396157635,0.5622904154097348,0.0,0.0,0.0,0.9091740772961108,0.6469716148049651,0.9047626227867946,0.6244397038737504,0.0,0.18424628495018555,0.0,0.0,0.0,0.0,0.1213886107497407,0.05039438779097359,0.0,0.0,0.4476175570301982,0.2826682698858808,0.048034999808922285,0.0,0.19493709298400158,0.08296480487883617,0.7359732220219557,0.2959711352797408,0.0,0.3288290466331787,0.0,0.6463548746735828,0.1677152699910775,0.3764170738634045,0.5122739098655159,0.0,0.4227535218413224,0.08717952577086965,0.0,0.10617998171632415,0.7761736878664302,0.643704559547057,0.5750690291274494,0.0,0.0,0.658923308455277,0.0,0.26066175052013274,0.0,0.7142651678581504,0.629754728947328,0.0,0.20421521834277925,0.0,0.0,0.6740667225422632
0.0,0.0,0.2362181065438426,0.0,0.20965422408943335,0.523135677277374,0.38563764151533547,0.07291246470133855,0.6531992103229877,0.6632605141375163,0.057493218545598995,0.4313836969399001,0.22457288566098088,0.0,0.865386110273347,0.0,0.44407497268793084,0.0,0.2586582190937284,0.8591136061740356,0.0,0.5753326456076213,0.47143716861786894,0.0,0.0,0.0,0.7507381642107009,0.5468452252882481,0.866469643694785,0.614508209334288,0.1752144268172352,0.16224180735980373,0.0,0.0,0.0,0.0,0.0,0.11766898695659553,0.0459381047792998,0.0,0.48183306055300235,0.34565475196562084,0.0,0.0,0.11215835222695805,0.31666421520893434,0.5657886096350124,0.17796597575328538,0.0,0.2851284318628318,0.0,0.5553407840180116,0.11637300072095164,0.23312440967677772,0.5795519469887582,0.0,0.334988807220152,0.031468954039588326,0.0,0.2042737995643067,0.8374764798662031,0.586294238629562,0.6619389384757146,0.0,0.0,0.8152637309738122,0.0,0.2606477081585534,0.0,0.7514828023564633,0.6043648855609232,0.0,0.15686735464187931,0.0,0.0,0.6589776644882728
0.05706861864256574,0.0,0.35085767022888414,0.0,0.3575184519387733,0.3832550971209452,0.38509942254909,0.0,0.6058272853260264,0.5812602584075491,0.19357629869339513,0.41846108807482313,0.26602612443978096,0.0,0.7033835455669697,0.06640312612813948,0.4920295405521643,0.13611404759568557,0.3634513929755563,0.746956396157635,0.5753326456076213,0.0,0.32002838766432573,0.0,0.0,0.1174343686888118,0.6481631391631583,0.49548255748594794,0.4998480622603505,0.31502591576199246,0.30779944642066037,0.41523116770195145,0.0,0.0,0.0,0.0,0.04984254136028195,0.0,0.24053960245458444,0.0,0.3896007600903654,0.16627995190338413,0.0,0.0,0.1128708163314327,0.31358747155122146,0.4993420917895891,0.19198414898142774,0.0,0.3073377149128733,0.0,0.3232341684326017,0.0,0.37582202361883293,0.34516243355815945,0.0519427141780156,0.23721556355905987,0.0,0.0,0.29340016419482945,0.4262206562290051,0.3754955059808919,0.22870510014137937,0.0,0.0,0.4801467487286447,0.18013751569570935,0.054641068682792504,0.0,0.4200085018693101,0.4827274711107002,0.0,0.28202586436471566,0.0,0.0,0.5838236475516305
0.0,0.0,0.48599017102675124,0.0,0.16817535890735663,0.798939948525355,0.3257299637063112,0.7279471211393608,0.3326390373621584,0.5257625569158162,0.06995762182097653,0.6307646414308774,0.4951500877248156,0.19217398529948362,0.43622971643931013,0.0,0.09427803620505903,0.0,0.44764757319164217,0.5622904154097348,0.47143716861786894,0.32002838766432573,0.0,0.0,0.0,0.13129389496214516,0.764521464097726,0.3767938266381946,0.5924551403462344,0.4451760026063112,0.0,0.09189536749892174,0.0,0.0,0.0,0.0,0.24293005221352967,0.019264978460173915,0.04547330115870385,0.0,0.0925972262898473,0.14243591457394716,0.2964636702640051,0.0,0.10958924399161607,0.0,0.6821254736886382,0.6983093834595637,0.0,0.17734000865508737,0.3305533729295779,0.5588726480219739,0.7408171898961621,0.2754975303413679,0.3925796865964688,0.2821706161996542,0.6133275910716375,0.44388008581714,0.37794389484278496,0.0,0.3695062287029035,0.47720707476388635,0.23587041273947273,0.1319683128638009,0.0,0.30733848319844403,0.0,0.778331048750545,0.042443978618011746,0.5613922773179418,0.6809797042534209,0.0,0.08970215567351925,0.0,0.0,0.12055395938758888
0.5616348871958297,0.3769871663291087,0.14052348156031835,0.40791063013123807,0.031863792397586604,0.0,0.0,0.3355718220254992,0.0,0.0,0.022321671255120246,0.11485169036355675,0.03749989246624569,0.33072651329488734,0.0,0.37976579169376884,0.0,0.2594162181385903,0.0,0.0,0.0,0.0,0.0,0.0,0.49954586783089744,0.570210042510079,0.0,0.0,0.0,0.0,0.25860327636175995,0.06337435660482191,0.49790675431221726,0.5002788155225619,0.14899787873825052,0.3477791831944132,0.006922394059117459,0.10850175207360249,0.18644240734122136,0.32222384998309256,0.0,0.0,0.19398102958629593,0.22918508738647358,0.0,0.3993408577322919,0.0,0.02736883517884206,0.2528624363497551,0.0,0.38857556146706895,0.0,0.19230461235333965,0.0,0.0,0.12451228844408004,0.1835629261349241,0.12724614662916017,0.11090119888424663,0.0,0.0,0.0,0.0,0.031491396665451254,0.2925602824097053,0.0,0.2720154001622497,0.09580419085022043,0.6994570736862646,0.0,0.06291482460735709,0.37283859363342253,0.1478731648856181,0.3681992536251826,0.443957488654123,0.0
0.82119859811344,0.7246345717476054,0.06697384156276137,0.4629212329790291,0.06663170270560742,0.0,0.0,0.0,0.0,0.0,0.1181064694381191,0.0,0.0,0.3599691914721826,0.0,0.7500955368899419,0.0,0.6520180368723838,0.0,0.0,0.0,0.0,0.0,0.49954586783089744,0.0,0.5296202804742205,0.0,0.0,0.0,0.0,0.3332736091096634,0.1348374207638399,0.7385187443255052,0.6830997821796763,0.38994728456728145,0.41918012722449144,0.0,0.0,0.22366186179002637,0.40834462832807245,0.0,0.0,0.0,0.2948475913850936,0.0,0.1692295580996138,0.0,0.0,0.27393051929769685,0.0,0.39896628870459283,0.0,0.0,0.0,0.0,0.22222291439502784,0.0,0.0,0.0,0.11658535607914311,0.0,0.0,0.0,0.14425493608252182,0.6199684734287327,0.0,0.5401493520742242,0.0,0.2441279707786101,0.0,0.0,0.7184000193403938,0.0,0.6994296112100609,0.6883279245223528,0.0
0.5542815546326416,0.5904674442410905,0.4238503020539105,0.40499031220144094,0.21671746020276864,0.29329796657019347,0.2169508901369116,0.46744961979533844,0.0,0.1921905979127257,0.09906536933947574,0.3807477045805322,0.5586842260608111,0.3186490561717199,0.0,0.49263618346276444,0.27047031560482704,0.5541819866106156,0.0,0.0,0.0,0.1174343686888118,0.13129389496214516,0.570210042510079,0.5296202804742205,0.0,0.0,0.2033158936012614,0.0,0.0,0.06497238321368703,0.32324063362012667,0.3614810606715254,0.3886665059783273,0.0,0.4256320087894672,0.1279820706612282,0.0,0.26279453646280837,0.1627720643092434,0.0,0.0,0.1423386896678156,0.06885222453290255,0.0,0.018844257585942215,0.1434581264671661,0.18045659541081613,0.09428648452492513,0.0,0.3660001360758561,0.0,0.11614474025597735,0.1768726417285729,0.0,0.22450720598713444,0.3611078975293756,0.2890827521658679,0.13335838497816332,0.0,0.0,0.0,0.0,0.07151000244099773,0.0,0.0,0.0,0.0,0.16033769468353498,0.0,0.25367706105429666,0.16703469426035825,0.15953046461941273,0.0,0.3465737008762082,0.0
0.0,0.0,0.40877021449705025,0.0,0.21657454504715262,0.8007555793518443,0.4714965064232503,0.3185976577381786,0.6689477164002168,0.7098183948063679,0.11246702551506083,0.6744117748864601,0.458656173665279,0.0,0.756169729723038,0.0,0.4058322884779974,0.0,0.49995216057364406,0.9091740772961108,0.7507381642107009,0.6481631391631583,0.764521464097726,0.0,0.0,0.0,0.0,0.5890566140300526,0.881800637945771,0.5214900674615649,0.0,0.2350611367443916,0.0,0.0,0.0,0.0,0.15014181472582333,0.027940851866589567,0.04913070724445952,0.0,0.4266378285651623,0.38232155546412144,0.09107323485241807,0.0,0.18663069907858124,0.019408304765421047,0.7952839528036739,0.4825402630587554,0.0,0.32878047601862975,0.0,0.6971817124802999,0.3196667277741305,0.4117302367349608,0.5123819938377263,0.07616824769781116,0.512249060913696,0.24244747435170594,0.14055693935562938,0.0,0.6747013661892278,0.6547679586255684,0.4873484659407377,0.0,0.0,0.5499169792615781,0.0,0.431920210656084,0.0,0.7552217879717448,0.6820127684264568,0.0,0.13889207818757415,0.0,0.0,0.5133993353951812
0.0,0.0,0.33290321306837567,0.0,0.3977811681252072,0.6953070256809871,0.49884955085307736,0.2721483697542469,0.6231140088754346,0.5931965809741858,0.0,0.6579926168481303,0.6955219967422633,0.0,0.5545838679528515,0.0,0.6712208973875065,0.11063515545365715,0.22987251609291343,0.6469716148049651,0.5468452252882481,0.49548255748594794,0.3767938266381946,0.0,0.0,0.2033158936012614,0.5890566140300526,0.0,0.6532559028215599,0.2955882600670382,0.07770643773728664,0.35880349064417205,0.0,0.0,0.0,0.08456149708762956,0.21038917873541862,0.10982802210288219,0.20320996199886165,0.0,0.3613089314427636,0.16081654208704882,0.16621496997006047,0.0,0.06424448781070562,0.0,0.6508917678755783,0.16804959509052503,0.026683964914406083,0.3987765777486219,0.0,0.45817107753141717,0.19008340409479235,0.38454979268870915,0.5156910245161496,0.0,0.5609299718361053,0.4053822868053167,0.21730234473428833,0.0,0.428423189132288,0.6809708602416857,0.3770823981365832,0.0,0.0,0.30276945787266685,0.0,0.08100272813076909,0.0,0.39137766241521926,0.5884595346528132,0.0,0.5366457638230293,0.0,0.0,0.25603449136362666
0.0,0.0,0.22277119166272463,0.0,0.19296943419093432,0.7408044649939103,0.5216785372205843,0.2192950127614545,0.616640770663161,0.728276744715941,0.0,0.5943321129947968,0.4767368528386134,0.0,0.8240029407697367,0.0,0.5111888282793932,0.0,0.26917066875324724,0.9047626227867946,0.866469643694785,0.4998480622603505,0.5924551403462344,0.0,0.0,0.0,0.881800637945771,0.6532559028215599,0.0,0.5974664906238853,0.0,0.18372761216345543,0.0,0.0,0.0,0.0,0.005406320059243838,0.10907884600115941,0.004886526054425577,0.0,0.465972110923303,0.3542410516602512,0.03202730888726621,0.0,0.17230689169354804,0.01432277457061476,0.7449298004297853,0.2864021263784688,0.0,0.3145170567526805,0.0,0.725581457182235,0.2608312933273984,0.2754364821315991,0.6227599737482533,0.0,0.45246173365943654,0.3010093707861801,0.10563091768776449,0.0,0.8397526933946022,0.7479658793790138,0.685128549139139,0.0,0.0,0.6337928522205003,0.0,0.28473441088955653,0.0,0.823437160038615,0.6595852727957947,0.0,0.1658935248695124,0.0,0.0,0.5290539607569991
0.0,0.0,0.0,0.0,0.0,0.33954657379673076,0.18098868007554234,0.10841719426348484,0.33391129529058006,0.4224749954393925,0.0,0.2890764713986157,0.08689400174526335,0.0,0.5850419403667829,0.0,0.09758595087430982,0.0,0.2905432216918874,0.6244397038737504,0.614508209334288,0.31502591576199246,0.4451760026063112,0.0,0.0,0.0,0.5214900674615649,0.2955882600670382,0.5974664906238853,0.0,0.0,0.0,0.0,0.0,0.0,0.0,0.1057262322335048,0.093013093014263,0.0,0.0,0.18368886116337535,0.22292705374105792,0.179360150607855,0.0,0.16432830401887247,0.1051645347145814,0.4820545207364235,0.26118279807185135,0.0,0.18929612430727838,0.0,0.5144071608285092,0.2557803436760357,0.07664358041232591,0.3781343435540754,0.0,0.2812995404321753,0.1391566024384363,0.07226341876161149,0.22343169118881295,0.6687278772714508,0.4031747491255346,0.5463947760999812,0.029314025355653195,0.0,0.537640345910051,0.0,0.3521796905763354,0.0,0.6164379107283309,0.4290104993620949,0.0,0.13891197581429926,0.0,0.0,0.531391159371531
0.5183351766693205,0.0,0.15163240369370218,0.0181094036124769,0.40387003759336476,0.0,0.27506612654361395,0.0,0.14979969598124732,0.1800620130253182,0.1464120589516653,0.0,0.0,0.2103766633227548,0.11335482601044658,0.55410360343332,0.39599673702516797,0.5497660109668301,0.0,0.0,0.1752144268172352,0.30779944642066037,0.0,0.25860327636175995,0.3332736091096634,0.06497238321368703,0.0,0.07770643773728664,0.0,0.0,0.0,0.49476410219478684,0.2171780497722669,0.6062051284953635,0.022224604758847327,0.1261537306573733,0.0,0.2703747858110159,0.5868175190481286,0.0,0.33907218145288215,0.10713845022148319,0.0,0.15061167190435643,0.0,0.6741696518667377,0.0,0.0,0.37173012783784876,0.2473124182814477,0.0,0.0,0.0,0.0,0.26021989959730013,0.0,0.0,0.0,0.0,0.4728678693963251,0.03187938280692787,0.0,0.0,0.0,0.3184827043123114,0.4265690245719433,0.3853618515966872,0.0,0.26622167594869245,0.0,0.10986201618110142,0.0,0.3727093103857081,0.32656064777755134,0.31766553892890315,0.3164438243739579
0.2196647329434747,0.0,0.3246191847415877,0.0,0.5131743331641901,0.28490663431450913,0.5130354369736372,0.17510276230394578,0.2667357525496625,0.4521794029874052,0.12091054480635384,0.2892742007199053,0.42012187020477554,0.2414543246978676,0.20986472805404666,0.31951437872470845,0.5277814334155132,0.549232904697553,0.0,0.18424628495018555,0.16224180735980373,0.41523116770195145,0.09189536749892174,0.06337435660482191,0.1348374207638399,0.32324063362012667,0.2350611367443916,0.35880349064417205,0.18372761216345543,0.0,0.49476410219478684,0.0,0.0,0.16914341059235366,0.0,0.0,0.0,0.11234036529841433,0.7010981284034022,0.0,0.4617818163009107,0.19492308035391817,0.0,0.0,0.15428651709165872,0.27434180167776134,0.26225121882366687,0.0,0.1071608427839478,0.38619611030773154,0.05078883583935041,0.31448468333021984,0.05008116648546064,0.17405227965890377,0.41744424235081234,0.0,0.25901613299435866,0.305186586941866,0.16598948255586235,0.04624502453773574,0.04878102497172071,0.3169675242167157,0.04830597471001871,0.0,0.0,0.2545666328530776,0.0,0.03036406434652497,0.04398832024324609,0.19945603760682498,0.3934795027496691,0.0,0.3931544614308841,0.0,0.14005566676272077,0.14845653272524434
0.7594333268571812,0.6480092042354854,0.0,0.40832068347186856,0.0,0.0,0.0,0.0,0.0,0.0,0.07230651885336363,0.0,0.0,0.259054574224853,0.0,0.6055197842502373,0.0,0.3316324976778479,0.0,0.0,0.0,0.0,0.0,0.49790675431221726,0.7385187443255052,0.3614810606715254,0.0,0.0,0.0,0.0,0.2171780497722669,0.0,0.0,0.7016734288182744,0.5017552097246136,0.3441426208124839,0.0,0.0,0.08255233253649433,0.662387016116462,0.0,0.0,0.02052665628928796,0.36943756437551534,0.0,0.16622970174479262,0.0,0.0,0.308035515793291,0.0,0.35857140751210925,0.0,0.0,0.0,0.0,0.08708149410999946,0.0,0.0,0.0,0.13718026396458194,0.0,0.0,0.0,0.17158611556592399,0.67634659796392,0.0,0.5263538437719721,0.0,0.35415923142215144,0.0,0.0,0.7231079764984734,0.0,0.6983439624902638,0.6673392051719429,0.0
0.8226110965079523,0.3763490773714659,0.05461949938303866,0.28689065701927613,0.22458253730961614,0.0,0.024676408880204614,0.0,0.0,0.0,0.12091591531337731,0.0,0.0,0.30140859582924245,0.0,0.7142825063417757,0.0,0.5896697884842947,0.0,0.0,0.0,0.0,0.0,0.5002788155225619,0.6830997821796763,0.3886665059783273,0.0,0.0,0.0,0.0,0.6062051284953635,0.16914341059235366,0.7016734288182744,0.0,0.302658749695555,0.35460612601269703,0.0,0.1924597481415242,0.38317833662076495,0.31944784779295143,0.03858439964322463,0.0,0.0,0.32889258023931783,0.0,0.4252850472652885,0.0,0.0,0.44308937139678495,0.05654397931060119,0.2172092713684955,0.0,0.0,0.0,0.0,0.0,0.0,0.0,0.0,0.22828133233580783,0.0,0.0,0.0,0.0,0.6003105207302282,0.0,0.4605749683949759,0.0,0.4015093567204417,0.0,0.0,0.493411609552578,0.2267674236142365,0.5688284957606593,0.648558810453646,0.0
0.2801277218347228,0.4366174240556029,0.0,0.32279854690010445,0.0,0.0,0.0,0.0,0.0,0.0,0.0,0.0,0.0,0.011914326854599325,0.0,0.2358479203633888,0.0,0.05294846159766687,0.0,0.0,0.0,0.0,0.0,0.14899787873825052,0.38994728456728145,0.0,0.0,0.0,0.0,0.0,0.022224604758847327,0.0,0.5017552097246136,0.302658749695555,0.0,0.0,0.0,0.0,0.0,0.43243823369333084,0.0,0.0,0.0,0.18124963629908938,0.0,0.0,0.0,0.0,0.2090689452485128,0.0,0.20712325410916896,0.0,0.0,0.0,0.0,0.10054118865335865,0.0,0.0,0.0,0.20828867385153743,0.0,0.0,0.0,0.09378680995971858,0.403628795961643,0.0,0.32727039974278904,0.0,0.12533377013035293,0.0,0.0,0.48246717553937246,0.0,0.42205447539396335,0.3641756157331438,0.0
0.42527398165646113,0.3663984175108872,0.18950619792830406,0.32312833390319273,0.18891461679218735,0.0,0.06299132828446238,0.13604259826322124,0.0,0.0,0.12138531693879007,0.07047664850623139,0.13941489990048328,0.33551232864069536,0.0,0.2951510724438912,0.0,0.1687485840186647,0.0,0.0,0.0,0.0,0.0,0.3477791831944132,0.41918012722449144,0.4256320087894672,0.0,0.08456149708762956,0.0,0.0,0.1261537306573733,0.0,0.3441426208124839,0.35460612601269703,0.0,0.0,0.26152250827850876,0.0,0.09626193996750491,0.12000829907233093,0.0,0.0,0.3683224909033557,0.33977350807020146,0.0,0.1236646686090851,0.0,0.04973516548257802,0.14546794846373706,0.039302479751411296,0.3122418409879787,0.0,0.11650830239859346,0.1025129299804941,0.0,0.07511423161650363,0.19246937539097894,0.15482310670260283,0.16430692313366843,0.0,0.0,0.0,0.0,0.13800022223385155,0.1338659973254617,0.0,0.05324262611744511,0.050562906231614566,0.3584213807661859,0.0,0.03511192276517511,0.23609716494711255,0.1576033676033504,0.17384060964210363,0.26950510607089195,0.0
0.0,0.16258623102679412,0.0,0.21334555096572738,0.09074232303271329,0.2084005138300387,0.07919568462738905,0.15451093986524347,0.08380175328230868,0.05887584529479151,0.0,0.22023252621520978,0.23455025158114334,0.02257284049090215,0.0,0.0,0.0,0.0,0.2450213909430326,0.1213886107497407,0.0,0.04984254136028195,0.24293005221352967,0.006922394059117459,0.0,0.1279820706612282,0.15014181472582333,0.21038917873541862,0.005406320059243838,0.1057262322335048,0.0,0.0,0.0,0.0,0.0,0.26152250827850876,0.0,0.0,0.0,0.0,0.0,0.0,0.31709035602731594,0.18030800284465032,0.0,0.0,0.15858231290350955,0.1846120652515327,0.0,0.2724857173648878,0.30631802521034956,0.18317266557801157,0.18663634175605304,0.1913282746721792,0.0,0.08108381782676001,0.18510907034970284,0.22586640827812737,0.29905191186642466,0.0,0.0,0.05100363361160885,0.0,0.24450830783376248,0.0,0.0,0.0,0.23244885770914053,0.0,0.0,0.07895058432824009,0.1135193869137185,0.1728631243730147,0.0,0.032515096308136926,0.0
0.0,0.0,0.05967844334341167,0.0,0.10028652882092431,0.035008091496435675,0.09917981209237711,0.02611398534531509,0.09270879337820742,0.09308124095417233,0.0,0.0,0.0,0.1528251236175915,0.04524382923903847,0.0,0.14735724167924436,0.051756877618173436,0.0,0.05039438779097359,0.11766898695659553,0.0,0.019264978460173915,0.10850175207360249,0.0,0.0,0.027940851866589567,0.10982802210288219,0.10907884600115941,0.093013093014263,0.2703747858110159,0.11234036529841433,0.0,0.1924597481415242,0.0,0.0,0.0,0.0,0.2979026028909587,0.0,0.2031620624967364,0.07985277112072321,0.055834392963552915,0.0,0.0,0.15078756217771497,0.11414576232143482,0.0,0.0543638588060583,0.06652854513648118,0.027975824482215764,0.15319089259101465,0.20385869302347168,0.0,0.27400846640891297,0.0,0.06341463461130825,0.13211243296277936,0.15683509326586953,0.0,0.14653420512762017,0.07298152331733163,0.11209979584934217,0.0,0.0,0.2381158962419049,0.0,0.09375208638663378,0.2382864337540023,0.19292198062736218,0.18950078318836075,0.0,0.1850140943139389,0.0,0.07938019172601452,0.11199849944877396
0.3066263756093411,0.0,0.36121982425269233,0.0,0.5136453784049935,0.1102997702114742,0.40488029855472546,0.15816332559180568,0.09461331076021363,0.28899515906389833,0.15319283875701198,0.10415292091962892,0.2142533966143881,0.36380167980419176,0.026670884108851906,0.33092686248177716,0.4324834634293755,0.5191088081734605,0.0,0.0,0.0459381047792998,0.24053960245458444,0.04547330115870385,0.18644240734122136,0.22366186179002637,0.26279453646280837,0.04913070724445952,0.20320996199886165,0.004886526054425577,0.0,0.5868175190481286,0.7010981284034022,0.08255233253649433,0.38317833662076495,0.0,0.09626193996750491,0.0,0.2979026028909587,0.0,0.0668881569135717,0.4543754422645127,0.11260036074210145,0.1331956826286731,0.0,0.03138754272700664,0.4240385890058995,0.18806573417322936,0.0,0.12311712363252075,0.2564757433782021,0.23178607249068245,0.19489794367458055,0.17651726964086592,0.0,0.4061208618524709,0.0,0.2169667286091576,0.3349439517393422,0.24322761031964313,0.06170700881285575,0.027001654267051756,0.1789651568030738,0.0,0.0,0.0,0.25557498952994434,0.02885806067301591,0.16739948802186497,0.3030253144081007,0.1749250582785293,0.41059084557174474,0.0,0.4653693034291912,0.08663942141300876,0.24967973345886918,0.08825396054890144
