0.0,0.1682157189530895,0.266213390897479,0.24209535000353755,0.47206926687703127,0.0,0.3464153025097728,0.0,0.3455904411198899,0.061975022085059533,0.4032036589796383,0.0,0.32689665183027394,0.14511029653448845,0.1640002798595544,0.29839326811177413,0.048097772420338414,0.0,0.10959995144174486,0.13293981987712628,0.0,0.36585246806941707,0.0,0.3574813383902151,0.24036858168668912,0.192507130570362,0.0,0.33104779403845297,0.0,0.24518774695611514,0.5854440204085593,0.07638299894547995,0.4808547117227558,0.29062682798806905,0.20984568537202095,0.20136948406396266,0.12652474399466324,0.1276081299384396,0.0812588144864714,0.5862855792672764,0.5625270522184692,0.20214056250633472,0.0,0.0,0.16530063000689818,0.812328983500861,0.0,0.3347522056348692,0.05225182895916998,0.0722165384113427,0.0,0.0,0.0,0.273745653281625,0.07193911110510157,0.26365108748047594,0.0,0.0,0.0,0.0,0.22856965312572747,0.0,0.0,0.06194058161036958,0.0,0.0,0.18779339709162388,0.0,0.22330416850269655,0.0,0.1670457812514381,0.0,0.0,0.0,0.0,0.47325973045094966
0.1682157189530895,0.0,0.29318348385524073,0.047267943786596184,0.0,0.6760139144512635,0.0,0.32295685360615245,0.0,0.17604884518908037,0.06239782253842302,0.3282961366687831,0.2750557365340958,0.0,0.3241341633173189,0.4464120737626653,0.3912664789470496,0.3201583874657918,0.21482680215514424,0.29418940688042755,0.23811459435559718,0.25024218392519926,0.41863741920249103,0.25872885293551307,0.6526441184287816,0.7333795870398809,0.22387605238001,0.07931672406644796,0.036628542003824316,0.0,0.07212779888607856,0.09357980816062704,0.07045398343698123,0.2164835207714046,0.18007658148376715,0.0,0.03958284059058238,0.23268721121063096,0.0,0.09439980203381379,0.05055692060663773,0.0,0.0,0.0,0.0,0.0,0.5291981667306961,0.3356267231343285,0.0,0.0,0.12471652399118222,0.0,0.10581755779027502,0.3164123949508067,0.15737603851150891,0.2793754170391308,0.3086954921342273,0.11466635171532435,0.0,0.22821041174943868,0.26610860132398517,0.4897870354514356,0.09583795101415965,0.3475912665954533,0.07838403168409042,0.0,0.18215014051510053,0.09790521412791864,0.26988086903616193,0.321275863243024,0.5595478848113774,0.0,0.0,0.0,0.0,0.0
0.266213390897479,0.29318348385524073,0.0,0.11051466502525462,0.0,0.25463127855101875,0.0,0.0558606678941207,0.25589569737692086,0.06380599106901377,0.3061622612821299,0.13673514603456438,0.0,0.07674598224297152,0.6133449459252627,0.2863699346285663,0.06079046775274721,0.1847591817885511,0.5265935831157349,0.3799570141042963,0.5297427077188707,0.3459107253630589,0.6509518934846528,0.15346983912187517,0.4049579473979926,0.3862434665059724,0.4720949034728517,0.09892078388561759,0.10015947296364086,0.0,0.3400937252681007,0.3160074249818007,0.09214663177452465,0.29306787118994704,0.20730080991763633,0.06239650563738555,0.16470425483260726,0.2839446862584365,0.3633436804926559,0.1331503399590106,0.1365254642700332,0.0,0.0,0.0,0.0,0.29742828816392963,0.3326373781250197,0.6107273193010845,0.08020737825540487,0.11397069945076088,0.0,0.1048538583496551,0.15334948785734742,0.6005003130513008,0.2933047699657574,0.410849775941328,0.2111717289399682,0.0,0.0,0.395926993102051,0.3030354587792583,0.09530847705235948,0.22436080174166467,0.5645134523220887,0.18153296431094917,0.2669745070973669,0.47179034903067163,0.3967294466966296,0.2723369535763542,0.32166903887888754,0.4986739951084934,0.0,0.0,0.0,0.026698485462966437,0.10464668299617595
0.24209535000353755,0.047267943786596184,0.11051466502525462,0.0,0.4687180302193543,0.05861953369891111,0.36960987788240546,0.0419844928930833,0.23435673377514082,0.04965660813429493,0.2955478667393968,0.0,0.33307378604555665,0.4122527372250382,0.1181983612233225,0.006742670201724726,0.07424519825467378,0.0,0.07252974141147764,0.0703917480303008,0.09535247640459688,0.18776751857791887,0.08332810544711182,0.05148875459058396,0.02658391863805401,0.0,0.11285468243711556,0.43183590649084425,0.0633667976542874,0.12294799422212603,0.23475010712646738,0.10122404662266404,0.08134478387175209,0.12587713439512405,0.005929693439591613,0.39887139498220175,0.2397424174085327,0.084948925040979,0.18927061537439993,0.07668332465152349,0.21040679637006957,0.08604302268201539,0.15262190603077047,0.0,0.0,0.2596842113539657,0.01880863582143276,0.11905020355589681,0.047901829341353064,0.0,0.0,0.2730263080926565,0.05252369337320234,0.17067468797557417,0.06549511510017998,0.18684348992412997,0.09017411330701075,0.03160804909029029,0.07045670700579501,0.018330941640891427,0.12443086708564796,0.06252579614467184,0.0957898910929145,0.20462334089778123,0.004612519370280066,0.0,0.09162169646578432,0.07162775498611268,0.12473907604865483,0.0,0.013897602529183886,0.01927359199795578,0.0,0.03155959098368927,0.0,0.22333177361987738
0.47206926687703127,0.0,0.0,0.4687180302193543,0.0,0.13147468720612213,0.73967545834672,0.0,0.6252440611945072,0.1442260086962201,0.576756948172181,0.14023623261772267,0.5858409424558966,0.5122287874340042,0.0,0.10473613980330487,0.009758960418753931,0.0,0.053521814184598004,0.20873842134998305,0.0,0.4144808130738868,0.0,0.03237012985207478,0.0,0.0,0.11849453355165795,0.48819656615794466,0.3493197674795403,0.2324838673781943,0.3791897748055336,0.12705942549923727,0.21372474145633397,0.3418336777498689,0.05291606372072103,0.35986558898036525,0.13956491578932084,0.0,0.12057769036082545,0.39930304329210586,0.5180713013082044,0.22262709443728546,0.0,0.0,0.0,0.48446414130924564,0.0,0.23587004334815442,0.0,0.13385522775691178,0.0,0.15949989586327123,0.0,0.24918870181074432,0.0,0.24815652460829135,0.0,0.0,0.0,0.08402771230092798,0.3616516295241392,0.0,0.0,0.1593244033328214,0.0,0.0,0.1812117390913212,0.0,0.04173005244597386,0.0,0.0,0.0,0.0,0.0,0.0,0.3096223844704138
0.0,0.6760139144512635,0.25463127855101875,0.05861953369891111,0.13147468720612213,0.0,0.03405905025550432,0.46607384178693,0.3681287786593102,0.12606419720188142,0.14523764516747611,0.4253077281087434,0.12255369281270806,0.20584534120139963,0.16835271073708155,0.3077718867200114,0.1888416337715547,0.3708071957914761,0.1290498622010428,0.43033405348593384,0.4435823641022691,0.22981109687518295,0.4993117380359647,0.10931445677903001,0.5583543390275862,0.5334819032733906,0.6120706120477433,0.0,0.5224278486004112,0.0,0.0,0.06696843183830546,0.0,0.3572226636506144,0.14058023446671394,0.06076814562975305,0.0,0.1831193717743422,0.0,0.01806605790576199,0.012827870069865743,0.0,0.1815821111941693,0.0,0.0,0.0,0.7052183502573729,0.35155854556639377,0.0,0.0,0.3453536658575489,0.11871909821323143,0.34935452734780004,0.5310097656156141,0.005400439464030404,0.19224317663463988,0.2874908456533932,0.2229880589087072,0.0,0.31299359585437253,0.4451866044374447,0.5144901016790523,0.13578227451972494,0.5549337589673518,0.20699269112675553,0.307283739708783,0.3486251563406908,0.4050111224128913,0.22505556775348365,0.5789404050366755,0.46512674308087415,0.2959824219143733,0.0,0.08273023135252061,0.0,0.0
0.3464153025097728,0.0,0.0,0.36960987788240546,0.73967545834672,0.03405905025550432,0.0,0.0,0.43804682392556277,0.1192746041631928,0.5082239111485779,0.19168577343021534,0.6662328288707688,0.2470724353977944,0.04557462433627349,0.0,0.0,0.0,0.1693390974555635,0.08187881244841883,0.0,0.41651341779323875,0.0,0.0,0.029579847874263987,0.0,0.0,0.4717226188734155,0.15753298373263636,0.47308356275789654,0.2621122564919761,0.04594784541148747,0.16156688186892487,0.1197905898850093,0.0,0.21147904869427997,0.011624053342933455,0.0,0.06715087407142986,0.24498118255999257,0.25628712707473805,0.16036849922979896,0.0,0.09863857132316559,0.0,0.3358637110611886,0.0,0.2569765009412426,0.29601978923096267,0.39962311626051683,0.0,0.23462780107526854,0.0,0.09320325800701046,0.023792375306710634,0.34854293823827237,0.033504432341032314,0.0,0.0,0.05419776184865935,0.17526865593928348,0.0,0.0,0.0,0.0,0.0,0.0,0.0,0.0,0.0,0.0,0.0,0.18758332209479056,0.0,0.020720165142789668,0.16286636627544487
0.0,0.32295685360615245,0.0558606678941207,0.0419844928930833,0.0,0.46607384178693,0.0,0.0,0.010041106289084,0.07596687978729935,0.0,0.44708240045123543,0.1864553187216422,0.07566995864279943,0.12042947288625533,0.0,0.10521241200275244,0.014356212764309484,0.14554698083616424,0.25144277104014895,0.31618354497941,0.0,0.48418446913631963,0.2056266450927251,0.0,0.26822209358887217,0.14400762491819868,0.09645937846040714,0.04886065443434634,0.0,0.0,0.0,0.0,0.0,0.0,0.062735886826644,0.0,0.1119548763802105,0.0,0.0,0.0,0.0,0.3552458784516308,0.08307428222583876,0.0,0.0,0.36298074662891366,0.2778103077717631,0.0,0.0,0.5587184243691806,0.0,0.7019237649252823,0.15370818353819554,0.10428026509720398,0.21231172669519754,0.4312851135196322,0.5467115456099394,0.26491671587868987,0.24412805404226412,0.0,0.38461463281303987,0.01875015396039502,0.3238757382094508,0.3354690557057769,0.31948145000367273,0.017156350715072766,0.49218035516727454,0.23090623474480143,0.043619973500689385,0.20286990682014058,0.3469081501187094,0.18542573962970674,0.3742971186785655,0.0905484818596417,0.0
0.3455904411198899,0.0,0.25589569737692086,0.23435673377514082,0.6252440611945072,0.3681287786593102,0.43804682392556277,0.010041106289084,0.0,0.0,0.6882808043119534,0.1476613390352842,0.30589714289152614,0.4750610265285266,0.2953589394043463,0.2228346777324197,0.0,0.20604766031976915,0.3603420758625038,0.5558131304448592,0.2959606295932874,0.5644025689218137,0.036065519264968426,0.0,0.19293289058416835,0.1105866746176705,0.4920239997459409,0.314480501371869,0.6513702952092545,0.147445732539265,0.33006329097162146,0.35891071636535066,0.08084375691511184,0.43316630277208046,0.06389439707688159,0.23019570539167128,0.0,0.10825245175751591,0.3896238264056233,0.26603378246980935,0.33599669400463206,0.03199869240215167,0.0,0.0,0.0,0.3104044375972108,0.0,0.4753586318342019,0.0,0.07474351070952817,0.0,0.1444217556095686,0.0,0.6323157179863814,0.0,0.31931794016511755,0.0,0.0,0.0,0.4381021369007231,0.40017846316957983,0.0,0.007955322059292114,0.5270012964059267,0.12046174318311681,0.246922019266266,0.46728818653521115,0.13716742418231992,0.03836598008094558,0.18277068445202177,0.06144237252645873,0.11486410558053262,0.051275671510506216,0.0,0.17472688435905404,0.21713446796731878
0.061975022085059533,0.17604884518908037,0.06380599106901377,0.04965660813429493,0.1442260086962201,0.12606419720188142,0.1192746041631928,0.07596687978729935,0.0,0.0,0.074505094424312,0.3474779817023962,0.25808504489611905,0.0,0.0,0.12970861728740846,0.3948236516686838,0.13235499328328193,0.0,0.1210130093671663,0.13958473007112104,0.2276831800359462,0.11949236090800269,0.23229115802954733,0.30083371657313274,0.3359544864342825,0.0,0.5214498074779341,0.06616625678227883,0.027649782064099904,0.378142380747633,0.06261984479379112,0.17144020613579217,0.15105389744559355,0.10547606116534017,0.0424369469517257,0.3125291622548751,0.13061930863253207,0.09668587728398534,0.04442690146847861,0.15341135430861302,0.23420939795314422,0.0,0.2327657439015503,0.0,0.11562744293355129,0.12747417894158136,0.18815828267141244,0.08060169922031017,0.0,0.09718159030887619,0.1633707537608205,0.17824291209478987,0.13645995172154532,0.5190645006706512,0.26556731724069926,0.28139062833144113,0.2529200271225602,0.10689203836192107,0.06099829883070912,0.19739404148791545,0.33184788769519324,0.2587892848284942,0.1359883767727923,0.05771870382178343,0.12931789151801762,0.12965554777359234,0.21906975960741337,0.3772762053942705,0.12514591147489146,0.30640908166033387,0.08960846842131262,0.16016432074248219,0.0770299636376505,0.001892198654763394,0.20358123513653228
0.4032036589796383,0.06239782253842302,0.3061622612821299,0.2955478667393968,0.576756948172181,0.14523764516747611,0.5082239111485779,0.0,0.6882808043119534,0.074505094424312,0.0,0.1931304697303418,0.3870033397318173,0.4005972251652584,0.22967337562954016,0.21744800815568244,0.08989708369631212,0.09741911423674113,0.5309801625995049,0.3076810521681087,0.06542491228018116,0.42078762060628166,0.0,0.024509501144706042,0.05556057129021211,0.060850734963396796,0.1723069182103248,0.30204874724887637,0.22472992286819457,0.18165660612760778,0.3771580855531729,0.3512049118946822,0.1778873481893775,0.2525017949783812,0.07113907133979817,0.38911261475673986,0.18374122534668347,0.14132404180834826,0.39366453237707266,0.32238399293297704,0.3546242429827016,0.11788208598862657,0.0,0.009919611133625286,0.0,0.36192517887929676,0.0,0.5158698714097608,0.07602546307449501,0.1729912060626444,0.0,0.0,0.0,0.431532083010827,0.0,0.4408649267358231,0.0,0.0,0.0,0.3183488421284956,0.2967826499169728,0.0,0.0006328114415042607,0.39604662672453506,0.0,0.0,0.16794691635932105,0.0,0.04403900860531962,0.0,0.0,0.0,0.0,0.0,0.0,0.09351327024481756
0.0,0.3282961366687831,0.13673514603456438,0.0,0.14023623261772267,0.4253077281087434,0.19168577343021534,0.44708240045123543,0.1476613390352842,0.3474779817023962,0.1931304697303418,0.0,0.4645655927513405,0.0,0.06814484267301213,0.1400478457502835,0.3471211857625556,0.2005648094793117,0.22240446307072942,0.20441401784970972,0.06326021864742143,0.1482105596176369,0.2385534397121926,0.3473484642616908,0.0,0.30301120800929165,0.007736372043235212,0.20633582125907612,0.04021969616888191,0.0,0.0,0.1418206764940978,0.14216744628748584,0.1676323252986988,0.10442231260883067,0.0,0.04543290588452931,0.1675910175176361,0.20423778616063737,0.14460497280661694,0.06783222397121472,0.12666659174393088,0.0,0.09677291297889914,0.0,0.0,0.17216455225473581,0.36386794498426556,0.0,0.0,0.0,0.0,0.23813781040675133,0.12783501124810118,0.21386803234494728,0.23567663540108363,0.64972356042801,0.12456559700185532,0.0,0.15366073652299558,0.05001788985720727,0.2303876966262961,0.08088657071229055,0.28903647995827253,0.0,0.0,0.0005087788813018523,0.1710034698170765,0.26628161760664415,0.0,0.288361643122565,0.0,0.0,0.0,0.0,0.0
0.32689665183027394,0.2750557365340958,0.0,0.33307378604555665,0.5858409424558966,0.12255369281270806,0.6662328288707688,0.1864553187216422,0.30589714289152614,0.25808504489611905,0.3870033397318173,0.4645655927513405,0.0,0.10535471509732725,0.09430582762695697,0.0,0.28083804021660264,0.0,0.12128432054208332,0.20110289039535464,0.0,0.34155444843315125,0.0,0.24021501739046455,0.0,0.16650650355073643,0.0,0.640255011766002,0.044546849720882464,0.35567384529935053,0.14312338134717506,0.17572992772104956,0.26692221572359914,0.07986304690404357,0.0,0.21289743984149473,0.18118062070036742,0.1456242796769718,0.14261078272895078,0.2906729547903511,0.3369681006874265,0.27962374025597925,0.0,0.07525588612920855,0.012358404806187329,0.24068170699655592,0.0,0.28248002271884287,0.14727796699378717,0.24700319295188355,0.0,0.02941721562027705,0.0,0.0918455985539246,0.09728473355437212,0.3894125567888507,0.15500846998766415,0.17921783291621768,0.0,0.07891230617091399,0.0,0.1597511112265562,0.04287763819247542,0.0690565306956144,0.0,0.0,0.0,0.0,0.1514039458350883,0.0,0.061340492320351714,0.0,0.16184196715462829,0.0,0.031390825392237504,0.15259490594905176
0.14511029653448845,0.0,0.07674598224297152,0.4122527372250382,0.5122287874340042,0.20584534120139963,0.2470724353977944,0.07566995864279943,0.4750610265285266,0.0,0.4005972251652584,0.0,0.10535471509732725,0.0,0.06332242193398824,0.11975848135235653,0.0,0.07261245371175248,0.093072854283509,0.2329836171432103,0.13749289782929017,0.1931351645741831,0.11147831774166193,0.0,0.0,0.0,0.38091494646101587,0.11624705823774778,0.3669797571209996,0.0,0.10730371052418915,0.12873374209718802,0.0,0.21461307414615877,0.0,0.25728597125189295,0.017593886929884922,0.0,0.16861276677096013,0.07052123716835651,0.12987647562704804,0.0,0.12185675868599194,0.0,0.0,0.1961294008650579,0.028312371468193986,0.17220470213313122,0.0,0.0,0.011744200664470905,0.06795215921051809,0.09678033535396577,0.2979715358112695,0.0,0.12534405170590257,0.0,0.0,0.0,0.20161782119560206,0.24072811995056753,0.0,0.0,0.23746106004180967,0.027280640943854753,0.08239151697300219,0.18160501475273122,0.19977947109154923,0.0,0.10661288395799084,0.0,0.1262970400649631,0.0,0.01576285927226599,0.0,0.051059709238065416
0.1640002798595544,0.3241341633173189,0.6133449459252627,0.1181983612233225,0.0,0.16835271073708155,0.04557462433627349,0.12042947288625533,0.2953589394043463,0.0,0.22967337562954016,0.06814484267301213,0.09430582762695697,0.06332242193398824,0.0,0.20984939084749615,0.0,0.18053167581571244,0.5453831727750845,0.7131264688813661,0.5486616632748014,0.6299170300088202,0.3628726588149914,0.07278823545656563,0.3381479499022805,0.34903487813924217,0.45428750708674476,0.2244812587560432,0.22756495349887523,0.06884958551500614,0.13158870237431539,0.465094332229543,0.03595206221238041,0.20902503272868103,0.0,0.0,0.06505737477914438,0.13051444824647984,0.4840547761140844,0.0,0.04014651030485282,0.0,0.0,0.007158406149504679,0.0,0.0928728805104154,0.16246689307156664,0.43906357378944105,0.20162900546528112,0.1872578262617577,0.07263471226732643,0.05930747332277528,0.20963616370948493,0.5249685631606479,0.22468457260962424,0.3660801357617242,0.11240646553090732,0.14242647905312347,0.13323488618048987,0.7450570084265319,0.11178431936707442,0.1126467600520729,0.07075519709550518,0.46537511060225967,0.4856874925510946,0.32447853869632676,0.5985247707190497,0.2684207648731094,0.10651671951311917,0.18067484173117124,0.27424756969392483,0.2599697502989335,0.2997978763955357,0.09535269037816146,0.20330897016447697,0.09288645226464756
0.29839326811177413,0.4464120737626653,0.2863699346285663,0.006742670201724726,0.10473613980330487,0.3077718867200114,0.0,0.0,0.2228346777324197,0.12970861728740846,0.21744800815568244,0.1400478457502835,0.0,0.11975848135235653,0.20984939084749615,0.0,0.6735990068356952,0.836187461920506,0.22906668362710142,0.2706726390620528,0.33643751509796055,0.3705465871563666,0.19092534021210245,0.0,0.43516876463239873,0.5134171163935786,0.40013092484835394,0.0,0.27487664968142744,0.0,0.3969294815775314,0.2532358033281749,0.11574436247730199,0.5154591654442509,0.28554421504422833,0.0,0.04038554717674238,0.24683695560345703,0.023397054000702494,0.16804576870445853,0.0740555549285063,0.0,0.0,0.0,0.09525888734741332,0.21923450397108096,0.09021252869314256,0.14275552550337406,0.0,0.0,0.0,0.0,0.0,0.3421055196868739,0.0,0.0,0.06130474847079022,0.0,0.0,0.2297572276909891,0.5682424018742364,0.1413054064215797,0.47812654556363915,0.3271399959167528,0.0,0.0,0.464402755476333,0.09366692899851038,0.10192264606372199,0.2745935117903131,0.3509171608488457,0.0,0.0,0.0,0.0,0.0
0.048097772420338414,0.3912664789470496,0.06079046775274721,0.07424519825467378,0.009758960418753931,0.1888416337715547,0.0,0.10521241200275244,0.0,0.3948236516686838,0.08989708369631212,0.3471211857625556,0.28083804021660264,0.0,0.0,0.6735990068356952,0.0,0.6556762679878558,0.059059726103418225,0.11180121557176262,0.11371693765753504,0.1365434582110036,0.07177669738731235,0.009756201701930367,0.23288054226727706,0.5581518267306231,0.07182336121751773,0.17919395216806938,0.07116986356989186,0.0,0.26171998786251005,0.18028640721912462,0.10071712391011514,0.28576363564391144,0.19501012213547186,0.0,0.12347093543030788,0.2346560578016675,0.04318405313046639,0.010319358795628286,0.0,0.05018455374330984,0.0,0.0,0.016107226492628607,0.0,0.009921776655534675,0.0,0.0,0.0,0.0,0.0,0.0,0.10131818958649602,0.012901983401692796,0.0,0.18235193317913212,0.07416949651749699,0.0,0.04724668478815813,0.21845932165841916,0.17613786992475522,0.38343098628859157,0.16794274180756935,0.0,0.0,0.1458644417618328,0.06020602437362588,0.1286630882529219,0.0,0.300388942489374,0.0,0.0,0.0,0.0,0.0
0.0,0.3201583874657918,0.1847591817885511,0.0,0.0,0.3708071957914761,0.0,0.014356212764309484,0.20604766031976915,0.13235499328328193,0.09741911423674113,0.2005648094793117,0.0,0.07261245371175248,0.18053167581571244,0.836187461920506,0.6556762679878558,0.0,0.20587821285291713,0.29756249854621797,0.41241267032948226,0.37054538765767775,0.14655596043244562,0.0,0.37589111048808427,0.3476520261881544,0.5072266448182725,0.0,0.45552300287994024,0.0,0.1686837546634529,0.23311333276240534,0.01796566556148041,0.39178799825588,0.1910285626247803,0.0,0.0,0.21205514536408562,0.04789265387723762,0.0,0.0,0.0,0.0,0.0,0.031404719263364286,0.0,0.14711390413139924,0.05754291427990432,0.0,0.0,0.0,0.04677393115626843,0.035245997317351174,0.3350428459755853,0.0,0.0,0.10282198714388899,0.034093148610164326,0.0,0.26568381551621634,0.5444343531034581,0.20820350706314006,0.5721842728254374,0.35508510175913327,0.1610515141311607,0.16938284248196692,0.45647302574447074,0.18698850837767106,0.0,0.316620013763715,0.19151069695210388,0.2266424558143933,0.0,0.0,0.0,0.0
0.10959995144174486,0.21482680215514424,0.5265935831157349,0.07252974141147764,0.053521814184598004,0.1290498622010428,0.1693390974555635,0.14554698083616424,0.3603420758625038,0.0,0.5309801625995049,0.22240446307072942,0.12128432054208332,0.093072854283509,0.5453831727750845,0.22906668362710142,0.059059726103418225,0.20587821285291713,0.0,0.4053546133098409,0.3796078702176777,0.3693604657503159,0.21389698235388177,0.01779871405231559,0.23005626983629748,0.21102114742554334,0.19186817485702484,0.12201684077524039,0.04139696463720938,0.05156067839326284,0.2302188568849932,0.48762523182904594,0.09920954063485816,0.16288779022574973,0.062114380745192155,0.07185082140020982,0.04152544954305691,0.22439888842223643,0.5401963415678945,0.09948107133351916,0.07208353236024723,0.0,0.0,0.10350463256298495,0.0,0.0674487704623763,0.01595769841320155,0.5814130852332676,0.27486181760786843,0.35977954849373744,0.0,0.06072371936298546,0.11551221491288219,0.42677938432096957,0.14330056875860672,0.41231533623837907,0.2394258902498032,0.013462981736291402,0.030784212418036846,0.43425941268252044,0.20396282251835174,0.0,0.13728191242526955,0.5436704874315058,0.11902666949471913,0.19996746264254137,0.26641716992769193,0.17178060664586264,0.0280474115296947,0.036423513851228884,0.21796680367276206,0.0,0.0947161050002562,0.0,0.12647539842782007,0.0
0.13293981987712628,0.29418940688042755,0.3799570141042963,0.0703917480303008,0.20873842134998305,0.43033405348593384,0.08187881244841883,0.25144277104014895,0.5558131304448592,0.1210130093671663,0.3076810521681087,0.20441401784970972,0.20110289039535464,0.2329836171432103,0.7131264688813661,0.2706726390620528,0.11180121557176262,0.29756249854621797,0.4053546133098409,0.0,0.6221522049409,0.7196119281322175,0.3527480376486609,0.05738525995768687,0.30994152811609155,0.4096386469584936,0.6296118296414198,0.3262340507935338,0.6127947587134618,0.0,0.2266778192861544,0.4743649637802867,0.0,0.35380242083973745,0.0,0.06631208618683457,0.038897737113118516,0.08918738800583999,0.37804693500972314,0.0,0.09342589245554526,0.0,0.13001246355566234,0.0,0.0,0.0,0.24073763822470842,0.35702787020936144,0.0,0.0,0.2132706966832531,0.0,0.3477109482485759,0.5752463558214466,0.03345019873422042,0.33709528626034035,0.033706033863716095,0.29177766381808035,0.026958547168287883,0.8020026661845646,0.23526118112165187,0.2507246757228079,0.08736479109319573,0.5699224047161491,0.6300550737392686,0.4540895988051864,0.7537305698474609,0.4203612726799594,0.13033700009837643,0.2548499668001426,0.27857134064851785,0.4368420672580764,0.29444835095990396,0.23093511788091248,0.22074144500918366,0.19378361034059113
0.0,0.23811459435559718,0.5297427077188707,0.09535247640459688,0.0,0.4435823641022691,0.0,0.31618354497941,0.2959606295932874,0.13958473007112104,0.06542491228018116,0.06326021864742143,0.0,0.13749289782929017,0.5486616632748014,0.33643751509796055,0.11371693765753504,0.41241267032948226,0.3796078702176777,0.6221522049409,0.0,0.4364552998018891,0.5892505884746506,0.0,0.4573609288801448,0.3336704294572741,0.7200162944109223,0.0807976172283072,0.5534767107807133,0.0,0.1838860359297378,0.2529074671907612,0.0,0.3192373096086459,0.06457242893063728,0.0316871508206065,0.0,0.056082545292439334,0.22375717201872794,0.0,0.0,0.0,0.2356921266523204,0.0,0.0,0.0,0.4067032941117669,0.3403212617822535,0.02400987312355321,0.0,0.3758420538287856,0.2227875010133635,0.4828268854417171,0.6099058460436861,0.20736011739586296,0.23055104249508185,0.07366549059935955,0.36221836688831893,0.20706313936162998,0.6190397432742443,0.3894209188697907,0.25253673722700726,0.3971859345395537,0.6119649408549453,0.6505678824405616,0.7389661970913597,0.6820353534005918,0.6615455909631331,0.19258660145178105,0.524036891553711,0.33811881060275173,0.5944197488498939,0.15054627960882178,0.37752097862460915,0.21428272019290995,0.07445624349153246
0.36585246806941707,0.25024218392519926,0.3459107253630589,0.18776751857791887,0.4144808130738868,0.22981109687518295,0.41651341779323875,0.0,0.5644025689218137,0.2276831800359462,0.42078762060628166,0.1482105596176369,0.34155444843315125,0.1931351645741831,0.6299170300088202,0.3705465871563666,0.1365434582110036,0.37054538765767775,0.3693604657503159,0.7196119281322175,0.4364552998018891,0.0,0.0940723552561428,0.0,0.36718467247901465,0.19748702412687213,0.5007983877308555,0.403443117412748,0.5252722878146171,0.1077659102754554,0.4096808315545483,0.36374483484889025,0.1489937878836909,0.35204428554916256,0.0,0.0,0.06489528464909985,0.12646778804289222,0.30920226522218686,0.13764009766739874,0.1930751294021568,0.02199572946841872,0.0,0.0,0.0,0.333118121893879,0.0581674219146866,0.43446602285333324,0.15945469760418274,0.11939672575075605,0.0,0.17154200679818868,0.03209810594603635,0.5077061178818845,0.18103826845232768,0.36036624508971404,0.0,0.10515178523001287,0.02283842912688884,0.5946909825711546,0.46466405684066975,0.10732628642916389,0.23474585309663135,0.37581988849360876,0.3043970383525991,0.2852656305350223,0.6192137965129202,0.12349364222444564,0.0,0.2781756494837678,0.0993904042668865,0.23894836049577212,0.26779730158683007,0.0,0.0,0.2025463946735228
0.0,0.41863741920249103,0.6509518934846528,0.08332810544711182,0.0,0.4993117380359647,0.0,0.48418446913631963,0.036065519264968426,0.11949236090800269,0.0,0.2385534397121926,0.0,0.11147831774166193,0.3628726588149914,0.19092534021210245,0.07177669738731235,0.14655596043244562,0.21389698235388177,0.3527480376486609,0.5892505884746506,0.0940723552561428,0.0,0.38347441074009164,0.36602675799476436,0.5059797129307562,0.528016357739992,0.04481719125200884,0.19347629249208922,0.0,0.13789172465854316,0.08524629050473537,0.007334392037315868,0.20004303872701149,0.1989917925545816,0.06430219656946873,0.11936320790049393,0.3060161225064031,0.08429645186435178,0.0,0.05975901382180672,0.0,0.10233572879905045,0.0,0.0367406000075452,0.014834011681055581,0.6530538759919188,0.5481469128386013,0.0,0.0,0.3384904053370596,0.09827729154721596,0.5647572145770883,0.5179401368063894,0.30296372895909757,0.29848921033993814,0.3454776617981403,0.2569827435946146,0.0716423323733523,0.29933013754650534,0.20544963057629156,0.4297903912069111,0.2523522144959136,0.5359077659783413,0.34250792486440373,0.47060182367998116,0.4050102616386879,0.7924141200731553,0.4629477801789996,0.41548183996169347,0.6550926707844773,0.2791065223063165,0.0,0.13340937019404137,0.0,0.08914684195633701
0.3574813383902151,0.25872885293551307,0.15346983912187517,0.05148875459058396,0.03237012985207478,0.10931445677903001,0.0,0.2056266450927251,0.0,0.23229115802954733,0.024509501144706042,0.3473484642616908,0.24021501739046455,0.0,0.07278823545656563,0.0,0.009756201701930367,0.0,0.01779871405231559,0.05738525995768687,0.0,0.0,0.38347441074009164,0.0,0.06643809091595182,0.40451770683184474,0.0,0.24299278801801164,0.0,0.1266977906645363,0.24563824368051512,0.0,0.33402599926082194,0.12652622606306557,0.28183795796882005,0.16423765395747533,0.2162053042965677,0.19949677128008828,0.029798684709597234,0.35798665364727833,0.4046237405203219,0.20581489672141595,0.0,0.24994698263303586,0.22453220343890745,0.3221099194617212,0.1440341553411459,0.320268994802969,0.0,0.0,0.0,0.0,0.11855464233722446,0.02072761218003044,0.3249700052736333,0.21858792429680268,0.429226859145562,0.029559322267164345,0.0,0.0,0.0,0.25768055589397526,0.0,0.11456809287433387,0.0,0.0,0.028770677468019312,0.1726343747833375,0.7045014843155005,0.0,0.5109744104620836,0.0,0.04981405234372488,0.0,0.022041256435192502,0.3447722057255757
0.24036858168668912,0.6526441184287816,0.4049579473979926,0.02658391863805401,0.0,0.5583543390275862,0.029579847874263987,0.0,0.19293289058416835,0.30083371657313274,0.05556057129021211,0.0,0.0,0.0,0.3381479499022805,0.43516876463239873,0.23288054226727706,0.37589111048808427,0.23005626983629748,0.30994152811609155,0.4573609288801448,0.36718467247901465,0.36602675799476436,0.06643809091595182,0.0,0.58657653417856,0.44852661299988067,0.09433276021244322,0.3097928957587172,0.0,0.3601172683497651,0.086800213437189,0.030720026843349096,0.34820142636882967,0.12512979873978441,0.0,0.0,0.2082142500940396,0.0,0.0,0.1432515226080261,0.0,0.10099378038549063,0.0,0.0,0.11150591254633063,0.4682455370686401,0.29853034548674007,0.020411506660622775,0.0,0.1365520255714815,0.22196522157011517,0.09708199933525967,0.5190168444760495,0.2863497566246307,0.2611728706567431,0.042960806996333034,0.08900336202109133,0.007718042204403433,0.27468032228446315,0.5085022225152867,0.33088195212417876,0.21969747506128845,0.37720486636267847,0.2491408959813099,0.2613036620469695,0.3761047841793293,0.2007771917063012,0.20074277947654012,0.6664887755332115,0.46982424936249534,0.21460994117048146,0.07432552143471538,0.06239142099546385,0.10578759408730695,0.17685642878613536
0.192507130570362,0.7333795870398809,0.3862434665059724,0.0,0.0,0.5334819032733906,0.0,0.26822209358887217,0.1105866746176705,0.3359544864342825,0.060850734963396796,0.30301120800929165,0.16650650355073643,0.0,0.34903487813924217,0.5134171163935786,0.5581518267306231,0.3476520261881544,0.21102114742554334,0.4096386469584936,0.3336704294572741,0.19748702412687213,0.5059797129307562,0.40451770683184474,0.58657653417856,0.0,0.3433745520992349,0.15942071079936912,0.16414635236081304,0.0,0.1665874279500093,0.27728680325262456,0.06465642907144681,0.33737162833183365,0.20437758819816962,0.0,0.08399037013532121,0.2483085911065001,0.13042826488664183,0.04674478090445161,0.1208761250536472,0.0,0.0,0.0,0.011984031657631317,0.0,0.42333998507788106,0.30507416111827945,0.0,0.0,0.15190809757810847,0.0,0.20842652786273025,0.42081310481728323,0.21634178145862706,0.239415262033113,0.20694160980848525,0.21312027008417742,0.0,0.3545965712969075,0.155634267450675,0.49031347444884466,0.12086163906453457,0.44316729315202824,0.2780319431799637,0.09429250877535253,0.4008330652656012,0.30429993099346386,0.476671377922739,0.21619172738667813,0.7347548828166793,0.1171957623999591,0.0,0.0,0.07284758590722315,0.0212235549101234
0.0,0.22387605238001,0.4720949034728517,0.11285468243711556,0.11849453355165795,0.6120706120477433,0.0,0.14400762491819868,0.4920239997459409,0.0,0.1723069182103248,0.007736372043235212,0.0,0.38091494646101587,0.45428750708674476,0.40013092484835394,0.07182336121751773,0.5072266448182725,0.19186817485702484,0.6296118296414198,0.7200162944109223,0.5007983877308555,0.528016357739992,0.0,0.44852661299988067,0.3433745520992349,0.0,0.0159495339406161,0.8108825259422876,0.0,0.11481441776359289,0.2527291346614944,0.0,0.3960145912991394,0.047459823031844026,0.0,0.0,0.0936481590518421,0.22493671409067928,0.0,0.0,0.0,0.2005898082625147,0.0,0.0,0.0,0.545200834845962,0.26856738720412604,0.0,0.0,0.35996753192600134,0.2570754897929133,0.38475666583333346,0.6755600698309269,0.0,0.10766409108397013,0.0,0.2314233209291941,0.027820689522605718,0.5706710495817874,0.5498730380442949,0.35823661952918073,0.37541802139102043,0.638755174963343,0.5703748215272745,0.5578216999174442,0.7659564949710526,0.6018434110127562,0.12261981855497991,0.6513586767638841,0.32205700751953975,0.6502098542431264,0.0,0.31320444698994965,0.04585852642541921,0.09482764806863135
0.33104779403845297,0.07931672406644796,0.09892078388561759,0.43183590649084425,0.48819656615794466,0.0,0.4717226188734155,0.09645937846040714,0.314480501371869,0.5214498074779341,0.30204874724887637,0.20633582125907612,0.640255011766002,0.11624705823774778,0.2244812587560432,0.0,0.17919395216806938,0.0,0.12201684077524039,0.3262340507935338,0.0807976172283072,0.403443117412748,0.04481719125200884,0.24299278801801164,0.09433276021244322,0.15942071079936912,0.0159495339406161,0.0,0.07470587024577163,0.4127911315446284,0.337214007839775,0.16778299506788028,0.17072731019957924,0.06268124812887621,0.0,0.3298206326579979,0.3756682801916893,0.07127169062482017,0.23261047787455358,0.1079323649215736,0.27655884663354263,0.23158749011841262,0.025996697069092578,0.18417574796311525,0.0,0.31292950868032615,0.0,0.30470511353562024,0.3654143462578979,0.17532736397286663,0.027418073646854696,0.20715649831409577,0.09199882865021625,0.25263737724494095,0.33088456050365395,0.4682720070301249,0.09904551653068999,0.30526704694932993,0.2600278100371668,0.195664274716618,0.00011037023673488022,0.18906246682015215,0.0959020478942908,0.17226136695023603,0.15600233523040996,0.07807400932684394,0.19173316831628537,0.12752507658245793,0.2333556958903163,0.0,0.14881790611197881,0.07317624366386552,0.4672967774139345,0.14418579174637802,0.13620653669412286,0.42737214074679075
0.0,0.036628542003824316,0.10015947296364086,0.0633667976542874,0.3493197674795403,0.5224278486004112,0.15753298373263636,0.04886065443434634,0.6513702952092545,0.06616625678227883,0.22472992286819457,0.04021969616888191,0.044546849720882464,0.3669797571209996,0.22756495349887523,0.27487664968142744,0.07116986356989186,0.45552300287994024,0.04139696463720938,0.6127947587134618,0.5534767107807133,0.5252722878146171,0.19347629249208922,0.0,0.3097928957587172,0.16414635236081304,0.8108825259422876,0.07470587024577163,0.0,0.0,0.16925923093923034,0.20978151915190335,0.0,0.38715867643496166,0.037534839916226345,0.0086435517531058,0.0,0.0,0.18032965215790756,0.0,0.015131284118671567,0.0,0.23761680573805866,0.0,0.0,0.0,0.2743307046259588,0.0903736773815598,0.0,0.0,0.24037737350492372,0.2044296085798397,0.22651628168046825,0.556524891857454,0.0,0.04225961068275666,0.0,0.26594494960674,0.02257449162940911,0.5454555774073405,0.512726076732589,0.19162517739042928,0.22232079226362514,0.4347061028573853,0.43920764850730865,0.5594847032832231,0.6484406918554088,0.40296082440653835,0.0,0.5308615055134072,0.06912530721709775,0.5947691451439981,0.0,0.3300922315227346,0.15292342971498676,0.09792580596383321
0.24518774695611514,0.0,0.0,0.12294799422212603,0.2324838673781943,0.0,0.47308356275789654,0.0,0.147445732539265,0.027649782064099904,0.18165660612760778,0.0,0.35567384529935053,0.0,0.06884958551500614,0.0,0.0,0.0,0.05156067839326284,0.0,0.0,0.1077659102754554,0.0,0.1266977906645363,0.0,0.0,0.0,0.4127911315446284,0.0,0.0,0.11822232327987187,0.03432676670848733,0.22832298101672793,0.0,0.0,0.19061182626261378,0.04348256685460966,0.0,0.16705805195395634,0.14129317444321948,0.2588198894300707,0.2569412890734186,0.07971146474205879,0.22239186969872668,0.0,0.25848780137988103,0.0,0.12464446248607641,0.3950803574265894,0.43502541812155154,0.0,0.15965767851949259,0.0,0.0,0.18007649592795408,0.2392900679811597,0.0,0.06836595508074739,0.2680044309866968,0.0,0.0,0.0,0.0,0.0,0.0,0.0,0.0,0.0,0.0,0.0,0.0,0.0,0.521055021263583,0.09753725136830897,0.3290260668224366,0.397922787267895
0.5854440204085593,0.07212779888607856,0.3400937252681007,0.23475010712646738,0.3791897748055336,0.0,0.2621122564919761,0.0,0.33006329097162146,0.378142380747633,0.3771580855531729,0.0,0.14312338134717506,0.10730371052418915,0.13158870237431539,0.3969294815775314,0.26171998786251005,0.1686837546634529,0.2302188568849932,0.2266778192861544,0.1838860359297378,0.4096808315545483,0.13789172465854316,0.24563824368051512,0.3601172683497651,0.1665874279500093,0.11481441776359289,0.337214007839775,0.16925923093923034,0.11822232327987187,0.0,0.17916858097640026,0.35507025608559045,0.48868369638028253,0.37956306312184185,0.2201020987284304,0.26986714241812865,0.18383306125351434,0.07020962928878575,0.5016181803696977,0.48784195045355283,0.2771787766174011,0.0,0.20510364253654761,0.16908366588421392,0.6526262143091566,0.0,0.36178032936499416,0.09344312205992533,0.12426381392407346,0.0,0.06803161378949701,0.0,0.24739695853083493,0.20503199413950068,0.18014815019086636,0.04506823856413697,0.0,0.0,0.039803993485493294,0.502294623493639,0.0,0.19069698979249,0.17928022778509092,0.0,0.08287901838073847,0.29963263390748274,0.0,0.24675550402312701,0.12639441744225807,0.27032177491270876,0.0,0.0,0.0,0.0,0.35561271158621593
0.07638299894547995,0.09357980816062704,0.3160074249818007,0.10122404662266404,0.12705942549923727,0.06696843183830546,0.04594784541148747,0.0,0.35891071636535066,0.06261984479379112,0.3512049118946822,0.1418206764940978,0.17572992772104956,0.12873374209718802,0.465094332229543,0.2532358033281749,0.18028640721912462,0.23311333276240534,0.48762523182904594,0.4743649637802867,0.2529074671907612,0.36374483484889025,0.08524629050473537,0.0,0.086800213437189,0.27728680325262456,0.2527291346614944,0.16778299506788028,0.20978151915190335,0.03432676670848733,0.17916858097640026,0.0,0.0,0.22852100932835734,0.018855656564357975,0.04766377431534345,0.09793091383020253,0.05213120621823153,0.6732501840118563,0.024214012013146158,0.27684551852135475,4.288435314825367e-05,0.0,0.0,0.0,0.06698680223267645,0.0,0.2125722759902845,0.0,0.0,0.0,0.0,0.011666370171838136,0.3124660547952305,0.0,0.21695947523787357,0.026424316580767382,0.0,0.0,0.5376367119474953,0.11650758552542663,0.0,0.07167649654807062,0.36985752647511916,0.2651440651908336,0.05917474763707445,0.420135793331914,0.11650439395149474,0.10413252023151623,0.0,0.16427185740230954,0.0,0.035118391789709186,0.0,0.1321261761045182,0.26090364182781484
0.4808547117227558,0.07045398343698123,0.09214663177452465,0.08134478387175209,0.21372474145633397,0.0,0.16156688186892487,0.0,0.08084375691511184,0.17144020613579217,0.1778873481893775,0.14216744628748584,0.26692221572359914,0.0,0.03595206221238041,0.11574436247730199,0.10071712391011514,0.01796566556148041,0.09920954063485816,0.0,0.0,0.1489937878836909,0.007334392037315868,0.33402599926082194,0.030720026843349096,0.06465642907144681,0.0,0.17072731019957924,0.0,0.22832298101672793,0.35507025608559045,0.0,0.0,0.15628922959607583,0.26247888896400984,0.0,0.08647794127183127,0.2796745605227797,0.050490687513506216,0.6594670429968862,0.5260584943667596,0.33717401091482113,0.0,0.10344724296530508,0.2581495933574518,0.5258587349768,0.0,0.30345548915124565,0.0,0.2620227884485813,0.0,0.09517607264786553,0.0,0.07029261008898709,0.2366290065735682,0.1445842766636937,0.13887247727043306,0.0,0.0,0.0,0.07828601662740546,0.0,0.04534870144102021,0.0,0.0,0.0,0.0,0.0,0.2815466200292976,0.0,0.2775348831928192,0.0,0.0,0.0,0.0,0.1883043945782291
0.29062682798806905,0.2164835207714046,0.29306787118994704,0.12587713439512405,0.3418336777498689,0.3572226636506144,0.1197905898850093,0.0,0.43316630277208046,0.15105389744559355,0.2525017949783812,0.1676323252986988,0.07986304690404357,0.21461307414615877,0.20902503272868103,0.5154591654442509,0.28576363564391144,0.39178799825588,0.16288779022574973,0.35380242083973745,0.3192373096086459,0.35204428554916256,0.20004303872701149,0.12652622606306557,0.34820142636882967,0.33737162833183365,0.3960145912991394,0.06268124812887621,0.38715867643496166,0.0,0.48868369638028253,0.22852100932835734,0.15628922959607583,0.0,0.3817449234505498,0.15218342044660785,0.06817865743653957,0.12378019102686483,0.0795410128754464,0.3871710592560301,0.3705758838773917,0.014150293041163317,0.0,0.0,0.1291702346070403,0.3418691376368907,0.1656341706615168,0.22346197427148512,0.0,0.0,0.0,0.0,0.0,0.39597885989696935,0.0,0.06932249066615431,0.07085455917512981,0.0,0.0,0.15856235715671047,0.498060023128406,0.0,0.12902326847064183,0.2856296909134717,0.0,0.13704667013029131,0.5448242314067505,0.06750709046894186,0.19186754240530193,0.2475793606526376,0.403074194246429,0.0,0.0,0.0,0.0,0.06956026883333855
