0.0,0.2380597638442538,0.19323277760377278,0.3103477875860807,0.30788419533402467,0.11789764102648262,0.3756023139695891,0.22575257799252912,0.22812959101893696,0.6228371949039302,0.16548500239987762,0.3145181672662304,0.15913945768529159,0.20517626853834994,0.3032079572698145,0.4519354971930077,0.5726033836154555,0.2555570453776351,0.11380238024078407,0.2691255323856471,0.7564788374218528,0.35001956132132506,0.22341046640990428,0.6359110263521297,0.2633748931045421,0.35244834390187896,0.23658184791390785,0.21456928305530426,0.4298441831159916,0.40333956455048803,0.6676432565979988,0.4485517237782427,0.3943930703812456,0.5120826479017191,0.1469731041500682,0.05363791387658823,0.0,0.4667718755484197,0.4390432260576114,0.43684658981499763,0.293280612825737,0.1873519624981802,0.28388433992349893,0.15808256928502423,0.2333004155199162,0.9207601412150498,0.26369331948835634,0.2026948655735947,0.35569156031063304,0.3742395192166304,0.30551867322858456,0.5067347749802908,0.3286809853800174,0.2794627170675015,0.5486524403668271,0.20735911081919164,0.20563905962896947,0.2853560219522106,0.4756924091348174,0.41412078348663484,0.7324006264954384,0.47167286413908127,0.6347630138742035,0.07601260244705663,0.2625288797423515,0.7339352531801558,0.4603742299378459,0.30946989130766983,0.6774153887071663,0.447278303378545,0.44448795683105324,0.11831124628043521,0.47496855357624823,0.4636463029109617,0.3551574455979803,0.694813173405993
0.2380597638442538,0.0,0.5854599034761765,0.4636911472527639,0.6439610705396445,0.7849875437742752,0.7032058571488133,0.562595984514054,0.5675380549060771,0.532702388939305,0.5772389315454953,0.520287529830493,0.7832042382967562,0.7285916284817507,0.4867456329783181,0.5932401476403296,0.5816158313248918,0.6572611288287316,0.6216025253968196,0.7381768951954697,0.5014619049739086,0.7212703187735054,0.677794938447822,0.4077747891194538,0.5617115082935098,0.741699008502437,0.7050651836402748,0.4993847748355945,0.8134145109688649,0.31979419202809467,0.44990824850289085,0.0,0.2776005658126155,0.12739779020793854,0.0,0.28807738690598383,0.0349683951234635,0.39740469947956053,0.0,0.320121095807203,0.0,0.0,0.4065946443021685,0.134076482496857,0.2321859946595585,0.14275092831801503,0.6562972725352451,0.6741912104828078,0.23960151002907487,0.5329251361562725,0.5247527817138223,0.6335115168290105,0.5769261314916644,0.5509005964295642,0.5110148524691294,0.6360059048055892,0.5244307343905577,0.6481698363120671,0.5465121868256888,0.5769509311638039,0.326731421912636,0.5701351126310875,0.47374419620439057,0.6476635395875765,0.6018697345175315,0.26237083303804454,0.6265716151852165,0.656165205114858,0.4258187883285717,0.41731236474693484,0.5882540630513724,0.5970274562373452,0.4732998827402841,0.42645214343884413,0.39590611175070767,0.4265774877666155
0.19323277760377278,0.5854599034761765,0.0,0.5130281701296472,0.7709136443622664,0.8116269715040114,0.4588454841762478,0.6905707917828567,0.9228022991149301,0.26039964880506256,0.9590855567739154,0.4907323789069216,0.7167442840628989,0.5235443778969145,0.7492267702513826,0.45825018521234306,0.4476890435180765,0.5286404297344789,0.8705530085463313,0.8103363396919341,0.5237598680302635,0.7499988003900753,0.8194157996643237,0.32950369661783463,0.34826935903473943,0.59646950908428,0.8688214851214252,0.7302712407517116,0.48082484948101933,0.4262112341029516,0.4298220633526252,0.0,0.0,0.0,0.0,0.2817086035347294,0.00757395278778826,0.3422922655109538,0.0,0.0,0.0,0.0,0.47308447753982874,0.03141591000064149,0.2557561003679595,0.12106939350088396,0.3787162823379737,0.959774603242875,0.38995670263447607,0.7746110179733191,0.5462653346865545,0.5457568356667377,0.7183941518766692,0.8844925654465134,0.33445530264421797,0.9326328284505103,0.5006838426570901,0.6143128386738648,0.37347193312050375,0.782265030391972,0.30161946560397324,0.49922696348591633,0.42041094766754183,0.8265844525615064,0.7564305059694294,0.3266610169604856,0.7372765387907747,0.8085843152131376,0.3627368873745157,0.28501629162794306,0.48259489425125635,0.7340723433004944,0.6889904637482298,0.38979805479965157,0.3714548171741574,0.41050002714092004
0.3103477875860807,0.4636911472527639,0.5130281701296472,0.0,0.6115574507967967,0.6370618653154789,0.3958249511824982,0.6533201117904072,0.5859688379283607,0.3028257320085211,0.5373968417026119,0.47396316174070907,0.6539340021371811,0.5815405308391506,0.48732527853586166,0.3680651038438303,0.4749040736128336,0.4328348403296908,0.5136334408895467,0.5818890354952582,0.5938318739773192,0.5993198622370768,0.6056558568789157,0.5514383847200036,0.3242141238994617,0.5891810952564357,0.5379235388281526,0.6842221225686982,0.45766583240511666,0.5947191312880162,0.5403693601582872,0.0,0.0,0.22357925183790142,0.0,0.5090689978531648,0.1725271945515366,0.36094960705669954,0.0,0.0,0.04013906091658083,0.10137281856405415,0.5714678897904216,0.16692822152151388,0.20648212801077304,0.3083382990713365,0.36743987631588854,0.5116597034876432,0.5931002813315062,0.5874208931986369,0.4912970336314277,0.4794187543772217,0.6762335376941967,0.5527977106636244,0.31362298679403366,0.548566348353366,0.5699223001324394,0.6168521394543118,0.3610259234778934,0.5664966401789228,0.3618798344761509,0.5224370528603068,0.43677289404818637,0.5377718419896852,0.49184602207630596,0.5319596085426357,0.612152087733016,0.640089406007913,0.5454568293857998,0.2901611508527252,0.5680665583259598,0.4541933370401805,0.6361139699413005,0.27920349648290643,0.3603807163336107,0.47499984081726065
0.30788419533402467,0.6439610705396445,0.7709136443622664,0.6115574507967967,0.0,0.7935984124951709,0.7565058509637307,0.5973317136772498,0.8813712632736386,0.4956952462021995,0.8064550344246363,0.6060244981822408,0.7681939088189538,0.6467133741691711,0.5942845610114385,0.45690664658367874,0.6307601491790474,0.4914789302342478,0.7773624940405306,0.8202836691927188,0.5605768918823973,0.7870021541802426,0.646542580851963,0.43378629634342336,0.3448907736888467,0.5089528568016592,0.847651380417424,0.6684912962739642,0.5998714604678224,0.4106674701130388,0.5038004965095582,0.0,0.17456327108717432,0.11856178526780703,0.0,0.3854548115436649,0.028228005744228374,0.4450946602416719,0.0,0.08522792758890163,0.0,0.16644313270241068,0.5949100907695472,0.16159144311073442,0.2953640846879954,0.2978627322752735,0.2767669000066102,0.7848099898721062,0.5298747711564475,0.889755227413121,0.5570728682840265,0.7601215078912231,0.7189871447954495,0.8673564752954196,0.5220501154303049,0.7965280249282519,0.6909503150842159,0.6944059863137296,0.6946154761047193,0.8076379269020728,0.42729851033968297,0.5735663042329358,0.5021926830533446,0.704264137806131,0.6933882221613012,0.5197967888477033,0.7316212474586127,0.718462408755919,0.5477035218530293,0.21590682766678054,0.38839669430966894,0.6484918273795008,0.6456062867319985,0.324494973366382,0.3664804043882412,0.6274730879278549
0.11789764102648262,0.7849875437742752,0.8116269715040114,0.6370618653154789,0.7935984124951709,0.0,0.5337617083570041,0.7503935969950167,0.7879640933916052,0.27206135197041126,0.7939126349407826,0.5727387635616453,0.8483119255120749,0.6989960757407024,0.6189081072231477,0.3789090499522927,0.4498771500665183,0.580591266101296,0.7355421650662408,0.7583781290893039,0.5364487040198302,0.6917651965337395,0.9197592528591791,0.4625647136895997,0.4569892637994714,0.7635292944437727,0.792914296284687,0.7191074838943938,0.5818301417131406,0.4353355272121861,0.36626793923256107,0.0,0.0,0.0,0.0,0.4166457296285721,0.1340907181925188,0.34517616635123605,0.0,0.0,0.0,0.0,0.563443616381551,0.022464066685338097,0.35454973362019687,0.08655622221097807,0.5542357965945585,0.8383457495462201,0.38032044321046654,0.7670254345825879,0.6618617049307889,0.5843201343042801,0.7778781797046043,0.7684434023310509,0.32731517216101014,0.7879565983034116,0.6230856714099052,0.6931733826883141,0.4562232585177426,0.7366984464720423,0.19719681215654225,0.5525179599835428,0.42720028027681334,0.7495866469856771,0.7009264326355313,0.34833602629673116,0.6829094114983569,0.8679970188784549,0.46713523459667095,0.29591814769537494,0.5940503259838528,0.6858622972603929,0.6508607547731664,0.32397657473683894,0.38583849641985685,0.3042735981541804
0.3756023139695891,0.7032058571488133,0.4588454841762478,0.3958249511824982,0.7565058509637307,0.5337617083570041,0.0,0.3852178311437865,0.5091098708822397,0.8496777579516961,0.5042616020098087,0.6549167511927867,0.6718806216299491,0.6191184823255559,0.39982413535941974,0.47248419269719666,0.6862865787309367,0.35098154078273847,0.5103228110312648,0.6674921572842629,0.49288907337999377,0.6612041714198025,0.3817637573804361,0.4530413100324642,0.23954645210282527,0.33974572919871543,0.564227750122781,0.46766632053902524,0.6534571187262992,0.19370793084543908,0.4447641136130964,0.09297734484552404,0.4672600166221129,0.164466114253369,0.06391796155963786,0.3030686695419731,0.0,0.5319788229251996,0.1179670021453918,0.5153802646146555,0.0,0.22239792417397294,0.3585715967469324,0.35451677254906444,0.2561644807171841,0.2872818220205386,0.21794798567133683,0.5179581349316216,0.269202336249868,0.6043630300125693,0.5162434220038091,0.7923382806732312,0.5239960324150044,0.5057462695192165,0.7656435659408988,0.5126592070578744,0.6792122818345189,0.5966877941722413,0.7883585953693191,0.5525344810857119,0.42929576812861364,0.49082265321034135,0.5271118045025842,0.46966472558948935,0.579744512149617,0.3295959512142737,0.5953666270268572,0.43726292902282893,0.539040957212,0.14547141756076587,0.251043979915805,0.43452698035469495,0.5227276622725227,0.47207401515726377,0.47810683903612655,0.7330970930765867
0.22575257799252912,0.562595984514054,0.6905707917828567,0.6533201117904072,0.5973317136772498,0.7503935969950167,0.3852178311437865,0.0,0.6403016762360254,0.3248775278024289,0.7221217282894418,0.7699480394940943,0.740937112270819,0.7388933756023444,0.7306143640812316,0.20640959453534974,0.4074517566631286,0.36752042395729323,0.6514127864034116,0.6085236556703852,0.6561962111806228,0.5873942428915027,0.8622129705083283,0.6842856052627746,0.12703369758463007,0.7092846795067049,0.6065729073635722,0.79011442906419,0.23645349692668058,0.3701155586921132,0.30502448722897263,0.0,0.0,0.0,0.0,0.6570505382932756,0.22902342531622705,0.39741779357045137,0.0,0.0,0.0,0.0,0.6213994866877738,0.3384924950680426,0.31238888465789205,0.20008773147340247,0.5623508172765924,0.7091398900018764,0.4411085730896606,0.7013651396005005,0.7575485688345743,0.584154219015212,0.9257134427034042,0.663431854851608,0.4755655167052778,0.6579945914938643,0.7774582951790233,0.7158630030387889,0.31506531958000383,0.6825073797927069,0.17945958615340785,0.6121032905497291,0.521139861438522,0.6787654697518197,0.720024820077455,0.28003256062251153,0.6655857532148172,0.8399081312557519,0.6607914444711238,0.19730800975607798,0.7140982870873422,0.6695421480281882,0.7273053683705615,0.44510138720536024,0.5666999833310128,0.3175426417354419
0.22812959101893696,0.5675380549060771,0.9228022991149301,0.5859688379283607,0.8813712632736386,0.7879640933916052,0.5091098708822397,0.6403016762360254,0.0,0.29086332716156565,0.9178912755557345,0.46286575125840723,0.6990460578761462,0.5344955745916635,0.7100453606602098,0.4600336527829284,0.5222950791225315,0.5308437156949287,0.7867150653386293,0.8045864278181295,0.5595308261441481,0.7427221861036836,0.7363285769457972,0.31293028970254405,0.42440954928974195,0.581104796566874,0.9021791658100528,0.7045210802549825,0.49403221887049087,0.4184885576115008,0.4843903338927482,0.0,0.0,0.03094448976885608,0.0,0.3282933986325622,0.0,0.43524497983870414,0.0,0.0,0.0,0.0,0.5332142007414357,0.025680276334759458,0.39694058812874666,0.18070421499615488,0.29100870311323485,0.8624402435660786,0.48601374774110206,0.8550416045087361,0.5018083046184592,0.5913818640225783,0.7233833616694316,0.9553220899508658,0.36448586052161613,0.8941335142349532,0.5208474692166477,0.617384174398193,0.4530967914380746,0.8047828882024772,0.3103510766571217,0.5008082690403225,0.4135969675469442,0.7339465499485421,0.7222697952994088,0.44592273580849906,0.7202089602997457,0.7651119248246505,0.41168354131765345,0.2979219481861623,0.44638963670842113,0.7008541551684563,0.6775134465753339,0.3207675252937506,0.28088806953068746,0.4243486459058221
0.6228371949039302,0.532702388939305,0.26039964880506256,0.3028257320085211,0.4956952462021995,0.27206135197041126,0.8496777579516961,0.3248775278024289,0.29086332716156565,0.0,0.312081909132834,0.6312754207333949,0.4427922882387936,0.5699507447446541,0.3645809128688847,0.4407583046347875,0.7161346245682705,0.23720337355565282,0.30708994445152976,0.47009546764330923,0.5867715397265092,0.5236840153198905,0.25590672113620444,0.5808733541081972,0.17541066333139832,0.31148155463056876,0.3495228217995424,0.37903440688189316,0.5138947607351148,0.16743482188830905,0.5570140872557426,0.3354754359682246,0.5255971854690648,0.22513311550868279,0.11174067034850593,0.3041045883549488,0.0,0.6086728727844921,0.3678174958795438,0.6586208762140228,0.0,0.16920050621810284,0.32530909485018994,0.5014504503063779,0.25305812768010755,0.5080256720759782,0.2043421947293589,0.3471189564141621,0.1923608228517018,0.433473497039347,0.5120077002983519,0.764421876136376,0.42276394985696747,0.30959700531987044,0.9018451951791782,0.3049916365778239,0.5679100242782329,0.4534138778996231,0.6702869542372674,0.4537292774186579,0.4841151654717457,0.4917700062433836,0.6202777883520125,0.29686470341733995,0.49038283127182636,0.3525444887855358,0.5216086461577772,0.32402133839715375,0.6121457653059107,0.19061037600877495,0.3172158623254523,0.30482716303071655,0.5423182806325485,0.5914918415990789,0.5397923503357946,0.7485783966745263
0.16548500239987762,0.5772389315454953,0.9590855567739154,0.5373968417026119,0.8064550344246363,0.7939126349407826,0.5042616020098087,0.7221217282894418,0.9178912755557345,0.312081909132834,0.0,0.5559189284396326,0.7074384341001397,0.5831624859074733,0.7499199411763164,0.3802378206131003,0.457867340117596,0.457265960654566,0.8708376354276803,0.7912413209940219,0.5224434419683588,0.7202788446985211,0.8062908799941543,0.34927615390164884,0.2718584628516849,0.5763461399548937,0.8530216083434286,0.7142724230276767,0.4159572303187692,0.34962004311902495,0.3589121264338579,0.0,0.0,0.0,0.0,0.33652309183005297,0.007795391352208747,0.36256764265825375,0.0,0.0,0.0,0.0,0.5067097034675627,0.050584346598007174,0.31140874929806067,0.12235913941185277,0.3691809872531276,0.9355788056229319,0.39025671016175856,0.7902902602052405,0.5925702733690047,0.581512283188522,0.7721960230466118,0.8895141744562113,0.3990640976566035,0.9324355701286566,0.5769208585318554,0.6076168651310323,0.40674443601219995,0.805423325741359,0.2323260024427261,0.49728701837447403,0.41772666299373146,0.8364881054764761,0.7799435402369419,0.3063271447074273,0.7283319396808758,0.7923457833025629,0.3873869010255722,0.21662695195754866,0.46146858105973276,0.757209526898033,0.6565320358618061,0.3836507805251569,0.42630628789420666,0.395076127976024
0.3145181672662304,0.520287529830493,0.4907323789069216,0.47396316174070907,0.6060244981822408,0.5727387635616453,0.6549167511927867,0.7699480394940943,0.46286575125840723,0.6312754207333949,0.5559189284396326,0.0,0.7657328232158535,0.6065690812620803,0.6540467105840171,0.26368525903407414,0.5828328256485324,0.32691635805580077,0.5688665906093292,0.5758707180721345,0.565730811402034,0.5834927739333902,0.5615972225470756,0.773517432059388,0.0,0.5171037400891868,0.49183234197276826,0.7420036752397363,0.2464949486305208,0.19227173467103065,0.3010962371506541,0.0,0.1414912581171412,0.0,0.0,0.6377164071434792,0.1658985640633793,0.5217809550242969,0.0,0.291233102745716,0.0,0.0,0.5287761401160753,0.48355817966541365,0.1876741563524425,0.2613173141606664,0.32096904391195197,0.5833038629341217,0.2240499616223104,0.6549692865451003,0.7277194563241501,0.6981196537157732,0.7345340534061096,0.5358437373362585,0.7682395497630903,0.48810956319891763,0.9689159298100676,0.71121908949038,0.4684456215804945,0.6750837122241408,0.27143809737822344,0.6937347761407346,0.7032844736842763,0.6009777789720683,0.7207134015131114,0.15952878685835165,0.6451949789432749,0.5473999986054816,0.7495013020935324,0.004527457836960624,0.5120031243499925,0.5459688110033531,0.7270687340935675,0.534699662293064,0.7288855483676516,0.48930625474430944
0.15913945768529159,0.7832042382967562,0.7167442840628989,0.6539340021371811,0.7681939088189538,0.8483119255120749,0.6718806216299491,0.740937112270819,0.6990460578761462,0.4427922882387936,0.7074384341001397,0.7657328232158535,0.0,0.6517434679979479,0.6624689279099084,0.4978448619535316,0.6085119719047172,0.6353631791530601,0.754622153333566,0.7976865017841971,0.5647174913797222,0.7636111861093333,0.7292835839927185,0.5501325675299373,0.30563835716295795,0.6930221298386277,0.7384391813550595,0.8032146152781986,0.5941427215470788,0.3625560498570647,0.3812153738617022,0.0,0.06311905774560786,0.056544814342853134,0.0,0.5378707341443613,0.14821149644356846,0.405366313293953,0.0,0.09392117436139501,0.0,0.0,0.5771144046507987,0.22701424434392692,0.17662927596539565,0.10054099000584758,0.4592856662328549,0.7901405296704538,0.38722300965000567,0.7432385424168961,0.6739174876701278,0.7007459200297319,0.7402398186714922,0.7196238068152733,0.5211249709883412,0.7391897904322986,0.8041074215976975,0.8577721296396957,0.4936607531102952,0.7407113075680074,0.3171120491395262,0.715629624075275,0.5959065567337346,0.760833941798539,0.7708265526064978,0.2902352171651055,0.7497015617160265,0.7279351137266812,0.5808203822129023,0.20693040654983688,0.5629855925678084,0.6971884434404185,0.7152065866333915,0.4058876165880103,0.4784192530390298,0.4554596830273577
0.20517626853834994,0.7285916284817507,0.5235443778969145,0.5815405308391506,0.6467133741691711,0.6989960757407024,0.6191184823255559,0.7388933756023444,0.5344955745916635,0.5699507447446541,0.5831624859074733,0.6065690812620803,0.6517434679979479,0.0,0.46338305017158155,0.21152318204987958,0.46161021443365596,0.27087988168890514,0.547163359608089,0.6216028856113731,0.5676421314102411,0.6077572090821357,0.7305270172468543,0.5277803866685749,0.2079305880388868,0.5298359995364614,0.6155003392850422,0.5613028471504787,0.4368572376542526,0.2871583202634307,0.35106311315810107,0.0,0.050402462177339076,0.005894327290280249,0.0,0.5795491748598407,0.29398730594122724,0.3651419479581633,0.0,0.1877299610776284,0.0,0.0,0.5256901829331694,0.3829823222177102,0.29223608486226255,0.15084147551746085,0.49461370554215556,0.5897279774347315,0.4513180874546189,0.6540403347465802,0.678267338624631,0.6846465979380683,0.7556029219183344,0.5238963061546231,0.5620910585071924,0.5396757908526653,0.6449321000839932,0.6002129471049893,0.5322805624460546,0.5188639499592695,0.13839982377674365,0.4372883406736413,0.334991624339503,0.5654510142302515,0.5520244610801585,0.3001020446499121,0.5730946834047236,0.7377551642417559,0.5001221320625157,0.1423630495917812,0.4742948983630083,0.5840390139349819,0.5307798849418086,0.40198595930288705,0.5440674806195884,0.4417951917883516
0.3032079572698145,0.4867456329783181,0.7492267702513826,0.48732527853586166,0.5942845610114385,0.6189081072231477,0.39982413535941974,0.7306143640812316,0.7100453606602098,0.3645809128688847,0.7499199411763164,0.6540467105840171,0.6624689279099084,0.46338305017158155,0.0,0.5144399805974806,0.5203640321376238,0.44678685308505783,0.685376638384554,0.7345738054648298,0.6787639004536944,0.7322051081259598,0.7171115772539337,0.48717445364415474,0.1848687635917857,0.6146672695282698,0.6944440888175091,0.8091260516100357,0.2665480297599102,0.3720440683200771,0.4630223659665872,0.0,0.0,0.03125907581763862,0.0,0.5031930956413107,0.11952654701470433,0.3813924632049789,0.0,0.0,0.0,0.0,0.5009393432725072,0.24890457181076425,0.2617034941717794,0.2501149260275826,0.4830335786083684,0.761399954997064,0.3001964248176384,0.6729092827996473,0.6695647573722414,0.577604050997505,0.6958026068596972,0.7369063912202117,0.5104308513701962,0.7239634095599541,0.6355280194308883,0.6557709273297487,0.21004073012829963,0.8418176955055249,0.3072022316365986,0.5734661818035633,0.554865449637177,0.6842708146155949,0.8124318715664107,0.2651641446198775,0.7742143336861592,0.7180581827865655,0.5237814909367049,0.30458093187302665,0.6215235974480651,0.7474675471811172,0.7675471486089154,0.6015017619221563,0.5907540977499925,0.45056118696096165
0.4519354971930077,0.5932401476403296,0.45825018521234306,0.3680651038438303,0.45690664658367874,0.3789090499522927,0.47248419269719666,0.20640959453534974,0.4600336527829284,0.4407583046347875,0.3802378206131003,0.26368525903407414,0.4978448619535316,0.21152318204987958,0.5144399805974806,0.0,0.712103091513771,0.7861818180525793,0.46876162549869016,0.6851973557899758,0.466855710641448,0.7641636489538921,0.34517744977632625,0.1333596119770764,0.6486250438352271,0.552950234591743,0.5973978139659917,0.48182597660771204,0.7734089723713107,0.4710631645215979,0.7535422941363341,0.12352859101829244,0.220825504754158,0.5050783590062794,0.0,0.07946348232925714,0.0,0.3758888135338216,0.0,0.19138788038498683,0.25590380135010055,0.052511375335111965,0.3895602473025136,0.012402711196705843,0.07765374419739465,0.3414174753341036,0.3748373616147408,0.44216988029866744,0.3554676767588831,0.4654538576421543,0.20533338933459458,0.5707569055408852,0.2925159085706984,0.464078597773728,0.41617485096938506,0.5032549550443803,0.24997066757125425,0.4611557521619023,0.4154561366942284,0.5885510176071227,0.7393748125228181,0.499453708273528,0.6402135735530143,0.41921732891146757,0.5292392556960978,0.41361086780979084,0.6838337293764905,0.40329679258900875,0.23396609226070614,0.6095269797612186,0.4516556382947326,0.4894309500532249,0.4810257537812866,0.4530679695104664,0.2694570633880183,0.5735090682825125
0.5726033836154555,0.5816158313248918,0.4476890435180765,0.4749040736128336,0.6307601491790474,0.4498771500665183,0.6862865787309367,0.4074517566631286,0.5222950791225315,0.7161346245682705,0.457867340117596,0.5828328256485324,0.6085119719047172,0.46161021443365596,0.5203640321376238,0.712103091513771,0.0,0.7374971124141793,0.480627153471452,0.6253380141956151,0.6071601366282311,0.6609168721913172,0.3967022913273291,0.5476001149414397,0.4597948205953868,0.5976428875457025,0.4971769543527813,0.5338202816312831,0.6336462238136433,0.4388427664547656,0.6933494443472146,0.31652238933057014,0.4862289133690695,0.3736865633668727,0.0,0.2621965399870293,0.0,0.5941051080618639,0.19400666293435237,0.41944344102536246,0.04042294463667609,0.011424336333959846,0.5975833271135229,0.19348230594817967,0.2834619922019773,0.5139567664436558,0.25806428814543836,0.4927007929922437,0.3522706934305564,0.5507495893887672,0.3584866005135314,0.6655663611219673,0.5008072772639235,0.5138104121556402,0.6691638878050294,0.5407047683796745,0.5479270065019388,0.5254759365318684,0.6133733460651419,0.6498148585952963,0.5994615971413684,0.7439958930045041,0.7582075544613376,0.4458468741173298,0.5323877211620383,0.48989238038708083,0.6425134546766383,0.4593359789566692,0.6067857634831177,0.35219905451225114,0.47186675253939697,0.34411391348141007,0.6396727832721445,0.3597656317371132,0.390715429003457,0.6323736004299789
0.2555570453776351,0.6572611288287316,0.5286404297344789,0.4328348403296908,0.4914789302342478,0.580591266101296,0.35098154078273847,0.36752042395729323,0.5308437156949287,0.23720337355565282,0.457265960654566,0.32691635805580077,0.6353631791530601,0.27087988168890514,0.44678685308505783,0.7861818180525793,0.7374971124141793,0.0,0.5209374588223599,0.6482308651878814,0.3688163887502841,0.6557005435211103,0.4787312365810153,0.23976605925867506,0.7817371459191843,0.7830514376768071,0.5559010230466831,0.4878447883395517,0.7210650728607011,0.5460507707998514,0.5593541427680809,0.09924250613405144,0.2881241393455696,0.41094114339556753,0.0,0.09811108784179644,0.0,0.4068310286609254,0.0,0.09022481365900831,0.32295428168238083,0.0,0.5457866076903365,0.0,0.15749974992052834,0.19041057727210728,0.4039117802533135,0.4923108359620564,0.36678193918637453,0.4645462728544142,0.12563750345213492,0.4111442785439832,0.3898419542252203,0.5433336447692039,0.24619452935016384,0.5983592610726142,0.3450099537741936,0.47402351418565497,0.43178986137033243,0.5955743756916111,0.570388162657316,0.6684493378859869,0.6024776411859715,0.4773377035972237,0.4562068186969186,0.3782740250238652,0.59704804518159,0.4890417761781536,0.3297659421143446,0.5701489854602502,0.5560407263123546,0.37942199504863006,0.4454318901511076,0.08763711982122657,0.12570379148061123,0.3135813908291675
0.11380238024078407,0.6216025253968196,0.8705530085463313,0.5136334408895467,0.7773624940405306,0.7355421650662408,0.5103228110312648,0.6514127864034116,0.7867150653386293,0.30708994445152976,0.8708376354276803,0.5688665906093292,0.754622153333566,0.547163359608089,0.685376638384554,0.46876162549869016,0.480627153471452,0.5209374588223599,0.0,0.8389341222765132,0.4263605389823859,0.8119229419772727,0.7251692485582519,0.32616590888963987,0.26350020782020456,0.5583351929305594,0.8128122733861933,0.7366161864572476,0.4962824962083078,0.4040517790460796,0.41223611080440115,0.0,0.0,0.0,0.0,0.336299386062506,0.008102117952650062,0.2765572860620522,0.0,0.0,0.0,0.0,0.47961373770944105,0.12288541708475548,0.14729137411604956,0.08749670229584702,0.4179199792841738,0.8968903288084473,0.3354577209185546,0.7558437896384556,0.5292894413404992,0.5709729365231206,0.6910550836311655,0.7980057593983607,0.3698296438674782,0.8699190680263972,0.5915117222060291,0.619732471129561,0.4448987540430913,0.7737633748441135,0.28897153131908127,0.513873433060956,0.4290409394037839,0.9412541599740462,0.7889277905070576,0.2509259239005368,0.7756556173963598,0.7246955772669766,0.3702215862767153,0.1991605993400645,0.4708185491290411,0.7483075995403257,0.6383442508508482,0.3915148256827182,0.47481217764551653,0.45735502860711563
0.2691255323856471,0.7381768951954697,0.8103363396919341,0.5818890354952582,0.8202836691927188,0.7583781290893039,0.6674921572842629,0.6085236556703852,0.8045864278181295,0.47009546764330923,0.7912413209940219,0.5758707180721345,0.7976865017841971,0.6216028856113731,0.7345738054648298,0.6851973557899758,0.6253380141956151,0.6482308651878814,0.8389341222765132,0.0,0.5829849367515524,0.9497249869537451,0.7221738447953017,0.39179633436195427,0.4167475572328583,0.6415910833208451,0.8714445326874958,0.7234503467899409,0.7125447147739659,0.4679922761373962,0.6330772033412779,0.0,0.09057104204755584,0.13066392512805766,0.0,0.35623961310700347,0.00631137133148571,0.42208183928992604,0.0,0.05407789447999661,0.0,0.0,0.5418834909135029,0.15991532372605247,0.17381170554367487,0.19587311354814502,0.44975069516721433,0.8493913166684225,0.41961236345600955,0.7978826165279777,0.5990627696706569,0.7058421602753904,0.705570379415932,0.8154300614568945,0.5050989045599952,0.838306391803788,0.610614423298596,0.7147689374611399,0.6101552025786596,0.8480301292659741,0.4684673881062493,0.6038881297288086,0.5546177607474279,0.7994832307775322,0.8586112901727825,0.40627214549886154,0.8778864523165979,0.7671769415878499,0.4792507841331335,0.3534098526027908,0.5438204322554474,0.7535410689559545,0.6912451506284867,0.522042199627716,0.5110458178464395,0.6305023884136776
0.7564788374218528,0.5014619049739086,0.5237598680302635,0.5938318739773192,0.5605768918823973,0.5364487040198302,0.49288907337999377,0.6561962111806228,0.5595308261441481,0.5867715397265092,0.5224434419683588,0.565730811402034,0.5647174913797222,0.5676421314102411,0.6787639004536944,0.466855710641448,0.6071601366282311,0.3688163887502841,0.4263605389823859,0.5829849367515524,0.0,0.597197310791903,0.6224058520890317,0.7569961990637887,0.2991921718353876,0.6145436471470708,0.5291345858167973,0.6136856667133834,0.48663378155500125,0.5330996303054243,0.6905783838828569,0.14805388450239854,0.09423955612795581,0.28568674038848446,0.0,0.45942244966804147,0.03823787113671387,0.5264737461754083,0.12220100328092467,0.24150993648297286,0.009504244248128124,0.03606039711504332,0.4838234253154564,0.29703444324030015,0.4157819987935818,0.7027220946878775,0.48650546386782745,0.545017709410968,0.5186703449904803,0.6332225590121925,0.6504723287728265,0.6975284012285607,0.703577288192369,0.5624758650440362,0.6103771151440804,0.49480389052651064,0.5238443461836284,0.5895229388198295,0.45264282337857564,0.6911659440964041,0.5528746943537229,0.5960135800248676,0.6705216251496551,0.4072260464046598,0.6076956651650105,0.7334611351832881,0.6810735007651927,0.6876757648960795,0.7734089640017342,0.4428613348098042,0.6656390016139844,0.5075130566943288,0.7561689380608332,0.6250704929761424,0.5819295789071621,0.6833582844045079
0.35001956132132506,0.7212703187735054,0.7499988003900753,0.5993198622370768,0.7870021541802426,0.6917651965337395,0.6612041714198025,0.5873942428915027,0.7427221861036836,0.5236840153198905,0.7202788446985211,0.5834927739333902,0.7636111861093333,0.6077572090821357,0.7322051081259598,0.7641636489538921,0.6609168721913172,0.6557005435211103,0.8119229419772727,0.9497249869537451,0.597197310791903,0.0,0.6723081462356961,0.3934740533652161,0.4203659923200614,0.6131379551657933,0.8419505885655041,0.6986854838872859,0.7258985045903812,0.45689578456544183,0.6787269892155183,0.0,0.1456167806734519,0.22321472690736438,0.0,0.364889042890169,0.008673417256162524,0.39106974888305973,0.0,0.14124621340224341,0.0,0.0,0.5515082978306757,0.208356395561447,0.1504394823699319,0.2786200239464871,0.4846560611408959,0.7871462148056738,0.44950080133218195,0.7580719502936337,0.5777754285105395,0.7260241003155148,0.7005265139651871,0.7509734326807225,0.5551779791218286,0.7839638488253267,0.6114037239875919,0.7108616957390648,0.6065933524956619,0.8364405612909585,0.5604647279342225,0.6246785961940975,0.6088724459992855,0.7654632411436811,0.8396595761274727,0.4276060818476295,0.9132071409292415,0.7338367461953303,0.4864082446540817,0.4073931834634083,0.5628050839922425,0.7509075339582174,0.691494043276454,0.5697576643466266,0.5211354077400105,0.6895313020959388
0.22341046640990428,0.677794938447822,0.8194157996643237,0.6056558568789157,0.646542580851963,0.9197592528591791,0.3817637573804361,0.8622129705083283,0.7363285769457972,0.25590672113620444,0.8062908799941543,0.5615972225470756,0.7292835839927185,0.7305270172468543,0.7171115772539337,0.34517744977632625,0.3967022913273291,0.4787312365810153,0.7251692485582519,0.7221738447953017,0.6224058520890317,0.6723081462356961,0.0,0.5242453438625024,0.326432842473309,0.7468300479287049,0.735731854992552,0.7235728743973165,0.44687110748313874,0.45468385642968523,0.4115830668059416,0.0,0.0,0.0,0.0,0.4239875255667037,0.14127507538995865,0.3687014766081679,0.0,0.0,0.0,0.0,0.5736033898880966,0.09265984891370835,0.3577300329379006,0.1795212309571123,0.6179738490508361,0.8415719250775618,0.37718327904217125,0.7151896644709685,0.729766589978869,0.535029060426158,0.8434110265455695,0.723424422413147,0.3254113818209885,0.7914630541397566,0.5670278892584331,0.616280953791793,0.39498941960982814,0.7288457133940724,0.2041350071415869,0.5045332359773677,0.4268386845815906,0.7321657504616728,0.7147193549448636,0.3319298301113376,0.6815872456652342,0.9493173220352531,0.48567132730713525,0.2844811804255539,0.6769951922874746,0.6978880705518434,0.6705538226908541,0.41549052177572543,0.48428889081014237,0.3261192963251357
0.6359110263521297,0.4077747891194538,0.32950369661783463,0.5514383847200036,0.43378629634342336,0.4625647136895997,0.4530413100324642,0.6842856052627746,0.31293028970254405,0.5808733541081972,0.34927615390164884,0.773517432059388,0.5501325675299373,0.5277803866685749,0.48717445364415474,0.1333596119770764,0.5476001149414397,0.23976605925867506,0.32616590888963987,0.39179633436195427,0.7569961990637887,0.3934740533652161,0.5242453438625024,0.0,0.003943494067305708,0.5547593165713666,0.2895496102137923,0.5190177286334903,0.28228028733965294,0.3189743131853281,0.3594374729306319,0.21825126219185617,0.24805864044196776,0.10593667659166692,0.0,0.49064090671843197,0.036388205977709115,0.4990179668441812,0.22205930311392258,0.35223610970929436,0.0,0.0,0.533443513402507,0.33329747445983016,0.2166012264583276,0.6252836491853341,0.3493466060461805,0.4137768234566226,0.26804773212964406,0.4774157742357844,0.5907371493543495,0.5360047313411309,0.6679803364313954,0.38344446160995593,0.6345279635636065,0.3016212662205804,0.6948600508586567,0.5430179975498679,0.48226955798472215,0.5411221251554843,0.3567302551784578,0.6582944516664077,0.6215191314416334,0.36477709743660275,0.48062875372663794,0.508924872808596,0.5243561515015578,0.5228563256771843,0.920465252170356,0.10670884643350445,0.578780452235191,0.25215888054602265,0.6574759957178389,0.4086018735571071,0.6334195905765907,0.5173383172666485
0.2633748931045421,0.5617115082935098,0.34826935903473943,0.3242141238994617,0.3448907736888467,0.4569892637994714,0.23954645210282527,0.12703369758463007,0.42440954928974195,0.17541066333139832,0.2718584628516849,0.0,0.30563835716295795,0.2079305880388868,0.1848687635917857,0.6486250438352271,0.4597948205953868,0.7817371459191843,0.26350020782020456,0.4167475572328583,0.2991921718353876,0.4203659923200614,0.326432842473309,0.003943494067305708,0.0,0.6675814929645114,0.46215703147325926,0.17750346693638028,0.7666579561209006,0.5322881026713021,0.5677328059003405,0.1394396717646758,0.2696112760432131,0.4875874703390404,0.0,0.0,0.0,0.34239504567716894,0.0,0.02866867777856441,0.5211755578775258,0.0,0.38925555740429063,0.0,0.2612256390985767,0.2139574027526948,0.46667746565977936,0.26263379947861965,0.37104963381144357,0.2711137055845644,0.0,0.27100794961251495,0.20695656843991947,0.3886810640960709,0.09325465637686231,0.4177241346737984,0.0,0.22286234376513575,0.3037404831033047,0.332767930253017,0.5065386925698014,0.3667844386513396,0.30091046858945913,0.20331464165579316,0.1696225371923682,0.47064693033129723,0.37715673717940584,0.362746415509573,0.11375460620129121,0.7922567072231905,0.5219777581001629,0.22660115545337975,0.1887404972200937,0.01955414184388754,0.0,0.22033192708000593
0.35244834390187896,0.741699008502437,0.59646950908428,0.5891810952564357,0.5089528568016592,0.7635292944437727,0.33974572919871543,0.7092846795067049,0.581104796566874,0.31148155463056876,0.5763461399548937,0.5171037400891868,0.6930221298386277,0.5298359995364614,0.6146672695282698,0.552950234591743,0.5976428875457025,0.7830514376768071,0.5583351929305594,0.6415910833208451,0.6145436471470708,0.6131379551657933,0.7468300479287049,0.5547593165713666,0.6675814929645114,0.0,0.6226756327106344,0.602639820343388,0.6286906284435017,0.47599616043052323,0.5021730670774285,0.0,0.08840222393359992,0.22400583654339035,0.0,0.33615408816362796,0.0417753983796081,0.48627859916203375,0.0,0.04330725984257111,0.06922084434752916,0.0,0.6424821144711457,0.03822988724663648,0.31143309647894907,0.2854922923995653,0.6977286307367715,0.6313975040293771,0.3771066788848344,0.5562833580306291,0.43253009187634917,0.4606623544365252,0.647209387177034,0.6053746429964684,0.3950072956117282,0.654445016403093,0.5009140126825303,0.5749890359073826,0.29329329322610265,0.6356946444102286,0.40360541944766987,0.6812461958862228,0.5545258933087158,0.581951735455124,0.5912329281559194,0.38474830756862577,0.6745212277115258,0.7268546778561527,0.5465492331023212,0.5905064496295448,0.85508378234046,0.537503039587446,0.5854716080615205,0.30244954582997613,0.3545093078333569,0.28880645753989054
0.23658184791390785,0.7050651836402748,0.8688214851214252,0.5379235388281526,0.847651380417424,0.792914296284687,0.564227750122781,0.6065729073635722,0.9021791658100528,0.3495228217995424,0.8530216083434286,0.49183234197276826,0.7384391813550595,0.6155003392850422,0.6944440888175091,0.5973978139659917,0.4971769543527813,0.5559010230466831,0.8128122733861933,0.8714445326874958,0.5291345858167973,0.8419505885655041,0.735731854992552,0.2895496102137923,0.46215703147325926,0.6226756327106344,0.0,0.6723133039372341,0.6097284047223598,0.37461006839060923,0.525802283072338,0.0,0.0,0.0817583124533011,0.0,0.3377710235795829,0.08512868878999587,0.421385756067511,0.0,0.0,0.0,0.0,0.47647579062995166,0.08665822035773185,0.26195298534479916,0.16037262885923628,0.4152032449109618,0.8714455115435893,0.45420497595795517,0.8346930399880694,0.5161064810799968,0.6835497799999177,0.6781029554411953,0.9059177577119095,0.4051206396050172,0.8698912069407259,0.5408608876304241,0.6600923460012655,0.4912840441980637,0.7859008061221142,0.36145864716709264,0.4764029956221487,0.4355999811922316,0.7767640846641872,0.7876199504526946,0.3793371293245091,0.7987559285735266,0.7577923369882267,0.3771318242306531,0.3994057847105058,0.4890665240864678,0.8850313228004435,0.6096177018246601,0.4693961684177488,0.3703880412734253,0.5027694049416124
0.21456928305530426,0.4993847748355945,0.7302712407517116,0.6842221225686982,0.6684912962739642,0.7191074838943938,0.46766632053902524,0.79011442906419,0.7045210802549825,0.37903440688189316,0.7142724230276767,0.7420036752397363,0.8032146152781986,0.5613028471504787,0.8091260516100357,0.48182597660771204,0.5338202816312831,0.4878447883395517,0.7366161864572476,0.7234503467899409,0.6136856667133834,0.6986854838872859,0.7235728743973165,0.5190177286334903,0.17750346693638028,0.602639820343388,0.6723133039372341,0.0,0.32727988467042574,0.46226397793380747,0.5226506627185039,0.0,0.0,0.04788338947407336,0.0,0.5926846342429031,0.180045057505627,0.3959992843356242,0.0,0.0,0.0,0.0,0.6056114466739637,0.2930195080830661,0.19580945833962712,0.19504763234579803,0.3918320893383081,0.7662771348230135,0.4074884507794352,0.7300264348946688,0.7264749921751971,0.6090581577708952,0.7751431963930444,0.7218692579231916,0.5137743698633579,0.6560890537641897,0.7789825119433094,0.7425879390972512,0.264684866057979,0.7849226295861059,0.35585886715913406,0.608882676356328,0.6557857042588038,0.7407758386067842,0.8055446434933695,0.2664016132780425,0.7757726802875341,0.7088877513612508,0.5394539718672398,0.23703163621602405,0.6134583777277538,0.6716338421947057,0.8716619565947592,0.5241600820615813,0.6300436721840761,0.44348825157655847
0.4298441831159916,0.8134145109688649,0.48082484948101933,0.45766583240511666,0.5998714604678224,0.5818301417131406,0.6534571187262992,0.23645349692668058,0.49403221887049087,0.5138947607351148,0.4159572303187692,0.2464949486305208,0.5941427215470788,0.4368572376542526,0.2665480297599102,0.7734089723713107,0.6336462238136433,0.7210650728607011,0.4962824962083078,0.7125447147739659,0.48663378155500125,0.7258985045903812,0.44687110748313874,0.28228028733965294,0.7666579561209006,0.6286906284435017,0.6097284047223598,0.32727988467042574,0.0,0.5014006029118576,0.6808824361896841,0.09530729467987785,0.3827875872503672,0.38978633148861697,0.0,0.0,0.0,0.3858453145521522,0.0,0.27858701491225063,0.3132203688349248,0.18857571376235605,0.3109730262738444,0.0,0.17050832237912056,0.34361602290255117,0.46719249376331934,0.5041955904964774,0.3617149877129288,0.48185190906409237,0.24761536654835414,0.5970536242384045,0.3615546785972391,0.4704279985147448,0.3744856959952031,0.5295548932877061,0.2693170439370085,0.5137905260386262,0.6124669064555921,0.5254695600014724,0.6169177844437679,0.48419520050411,0.44836811083418704,0.43264521735623773,0.44936997817512697,0.5710039839369692,0.6077456334650689,0.5242284748729564,0.3464650111778266,0.5891868462681703,0.4444749440534952,0.426418220955476,0.38057272150731825,0.3878364596438658,0.21656032335674066,0.6341969193224952
