0.0,0.23706229415364413,0.0,0.09721563630339836,0.0,0.0,0.3738116586682029,0.2457309158376477,0.0,0.31627860382808476,0.0,0.14323774647246434,0.0,0.0,0.0,0.4593779768864563,0.37833289962888017,0.43486890758515256,0.0,0.0,0.5952455068424303,0.0,0.16149942693228422,0.27710511727373305,0.3238067825014269,0.2348307447628916,0.0,0.0,0.28183240131854415,0.0,0.42760648577626936,0.35142721137179783,0.25181996158385006,0.2755665330976196,0.0,0.0,0.0,0.022741709758895917,0.2584672960972762,0.20555106009811236,0.3104734897397605,0.017725846255752797,0.17606882220688208,0.18924543549134165,0.2455577575133307,0.7424673477399965,0.2309801881454131,0.0,0.07208642153349444,0.0,0.08511109177609275,0.2625074359539562,0.05251071471983876,0.07628993403241918,0.39275850731184664,0.0,0.0,0.08467144545558641,0.0,0.0,0.5046059978059365,0.2058026383849798,0.2734394779023409,0.0,0.0,0.5786066554044009,0.0,0.071320514152142,0.4058875086055223,0.0,0.1254463303159457,0.0,0.0,0.30714635527600304,0.0,0.018743606296652005
0.23706229415364413,0.0,0.0,0.0,0.0,0.0,0.2748217365417955,0.1520913717966092,0.0,0.38743788714841076,0.0,0.3680156123119559,0.37477893018544545,0.0,0.04364135972454847,0.27519330156417265,0.2947101341019669,0.3352022622351648,0.0,0.09185425648639856,0.4002425047257265,0.6194927771012418,0.08167746776047713,0.31413001878868246,0.6390169547707643,0.800192662149925,0.0,0.0,0.3912757728111087,0.1386484486657183,0.04975128830533543,0.1716101346094773,0.2558718219755623,0.4283956165230036,0.018006727747170805,0.0,0.0,0.0,0.18290681951752286,0.31154337187565667,0.15748939064549305,0.0,0.12770672059435864,0.2572748705298389,0.07599178117854594,0.05478855005631006,0.5909347759081321,0.0,0.0,0.0,0.0,0.0,0.0,0.0,0.2525646333924032,0.0,0.25523296791163996,0.21050458173508504,0.0,0.17011607929397576,0.23487077929815514,0.3213078125590696,0.3275025158961826,0.0,0.28865131216960815,0.25325942794728434,0.5056186722345195,0.0,0.21592797543321102,0.4216964163935123,0.6162444500217529,0.0,0.18699393270071507,0.3543424709769387,0.3424386014087149,0.35398779238174066
0.0,0.0,0.0,0.0,0.618002713905494,0.5716209260175481,0.05488167320676682,0.290042241723466,0.7938048287749967,0.0,0.8935564015958692,0.2589274020956194,0.1661114675913385,0.3538452752196428,0.533315167837455,0.0,0.0,0.0,0.877683703307936,0.8050224599926957,0.0,0.2105610499413897,0.41710046367775633,0.12271823653671633,0.0,0.0,0.779110976214251,0.44289939291040925,0.2864421369173057,0.17822406848034547,0.0,0.0,0.0,0.0,0.0,0.0,0.0,0.0,0.0,0.0,0.0,0.013087292742403348,0.0,0.0,0.0,0.0,0.15586039439318083,0.9113937412571221,0.0,0.5586245616166783,0.5010328967732511,0.1640871598085986,0.4334281245133753,0.6741198103264544,0.13756042078606157,0.818876115628583,0.3666431916597517,0.19402894710290008,0.15594587760397938,0.556550902654753,0.0,0.12463731170551892,0.0,0.7702132251528121,0.6535846607243506,0.0,0.38527885427171515,0.541600578860309,0.0409687304212098,0.0,0.07243317664557014,0.7809892416635635,0.34944120130921896,0.1701787475685267,0.3012371864509804,0.0
0.09721563630339836,0.0,0.0,0.0,0.0,0.0,0.0,0.0,0.0,0.0,0.0,0.0,0.0,0.11329304857665397,0.0,0.005591636884452578,0.0,0.0,0.0,0.0,0.0,0.0,0.0,0.0,0.0,0.0,0.0,0.0,0.0,0.0,0.0,0.2619675068329091,0.0,0.0,0.2191669544342265,0.3098367092934617,0.17252145612776074,0.35998087596166634,0.09489865550570407,0.0,0.0,0.1710138002405046,0.02285110422472686,0.0,0.11030845282518295,0.16884909426285166,0.0,0.0,0.7915991544010852,0.2013201694767968,0.0,0.0,0.0,0.0,0.0,0.0,0.0,0.0,0.43170043160441274,0.0,0.029528689191535396,0.0,0.0,0.0,0.0,0.0,0.0,0.0,0.0,0.0,0.0,0.0,0.0,0.0,0.0,0.0
0.0,0.0,0.618002713905494,0.0,0.0,0.2771495835498424,0.25599689316010005,0.1677584275311304,0.773262028601318,0.22577250022887915,0.7770581519599666,0.3869756152771588,0.4616843840562047,0.46532108891911217,0.3244338819000472,0.0,0.03566780732570837,0.0,0.5136130384561584,0.43378739197054994,0.0,0.0,0.29763455632822894,0.26184479417434975,0.0,0.0,0.45729944489818697,0.5150278804261895,0.14756260704907026,0.1683599220337479,0.10895432611917896,0.0,0.0,0.0,0.0,0.0,0.0,0.0,0.0,0.1566860386604955,0.0,0.0,0.07526705469134473,0.11475530570014866,0.0,0.0,0.07326500568732583,0.6245722515872945,0.0,0.5721120123188932,0.24948876500306047,0.43460979876072364,0.5221055801732295,0.6676862273370328,0.3119020012868231,0.5610486600300334,0.5373823613306483,0.3420922625922025,0.0,0.27258851080341634,0.0,0.34247488957091565,0.0010584010978357539,0.5404027859648783,0.4061128869615257,0.02057433359710001,0.21623124295641752,0.422839040535293,0.1351754314592568,0.0,0.02986570701380556,0.44621814640969737,0.42521540360074384,0.1653664638945226,0.3175700334398494,0.16610683348509547
0.0,0.0,0.5716209260175481,0.0,0.2771495835498424,0.0,0.2504732648281718,0.49173038357727883,0.41869472873680275,0.0,0.5485472959778809,0.23919932784259013,0.15680524891537345,0.3475135531197455,0.11944882743977808,0.46054386724331287,0.31284583875494226,0.4252491886906572,0.5875082913302876,0.35548039584616686,0.0,0.0,0.8004667691924254,0.181613567350732,0.3734566130258266,0.02855195586500503,0.9074967395133136,0.0,0.34841825818640115,0.0,0.0,0.07689582224655657,0.0,0.26304826655222546,0.0896595348209542,0.0,0.0,0.0,0.0,0.0,0.0,0.08094244871091792,0.0,0.0,0.0,0.310087054957988,0.319453262707331,0.5765764915947592,0.09966913649856175,0.43155627363142507,0.918794209917712,0.31307144228110095,0.4536048676154507,0.516946414924218,0.09927734114526054,0.6523224656728246,0.2998004582972653,0.2130210600487755,0.27514619072479835,0.05352659808461202,0.0,0.1635782969101905,0.0,0.5180758046236622,0.09639367319371789,0.0,0.0,0.789134343297364,0.18371691806374993,0.0,0.01789967459289954,0.7933211159379614,0.0,0.20784136099392306,0.0,0.0
0.3738116586682029,0.2748217365417955,0.05488167320676682,0.0,0.25599689316010005,0.2504732648281718,0.0,0.36031688814690443,0.34327305445700307,0.5821069385876667,0.05232876352040744,0.5445262256755137,0.6027958743376478,0.10208923761594896,0.029045561894583266,0.3071016667274546,0.5184106111142858,0.49553390062725033,0.03585805655085056,0.1395328482390811,0.6718102873466332,0.013647949081368571,0.28082869271501476,0.33179410252178576,0.3718408879561388,0.07297168602089935,0.20391825264418284,0.0,0.5396544129864067,0.0,0.424920870812146,0.27052690660399925,0.21241597693493805,0.319711946788613,0.0,0.0,0.0,0.0,0.14263293658480614,0.3793287318915183,0.19999311769317335,0.0,0.23851997551932852,0.2960835318801558,0.11809507529800005,0.44215334117509386,0.43673857118495274,0.035972241367893426,0.0,0.14286315006328903,0.17105544419433683,0.7216182943044291,0.41642845071697066,0.5482718065647912,0.7054119839710429,0.05889333673031888,0.4393984982582151,0.4828715468371274,0.05211970650124151,0.0,0.15008856553272193,0.5942987832877917,0.01244671401110617,0.20741135374535433,0.09382341303099159,0.6320084838035867,0.288084055050613,0.1639055507059448,0.35243772219824554,0.0,0.03502726955416666,0.26880393667727204,0.046353251078071894,0.46137579593296957,0.03487219165359183,0.053957905312515264
0.2457309158376477,0.1520913717966092,0.290042241723466,0.0,0.1677584275311304,0.49173038357727883,0.36031688814690443,0.0,0.4055703356353744,0.1361776761624049,0.3460124760179315,0.4363913436256381,0.33390988580578296,0.13860315534013684,0.19517434858574378,0.13031658031066354,0.14319028626196448,0.11878301317382667,0.42002344378982537,0.3324435270801867,0.39746691790738975,0.06328079313334309,0.7340998230858023,0.4117800482523754,0.10007547332819879,0.25353519886626497,0.40898460796200126,0.19387167494673585,0.29091917488562435,0.0,0.13896052984651586,0.0526907378581071,0.10941473121386466,0.04244241622320727,0.0,0.0,0.0,0.0,0.08743939378751545,0.09812125392136498,0.1319504451174101,0.0,0.13064656787499568,0.020980941823488607,0.109746501372882,0.1865135045926896,0.2539556020180151,0.32786684011960837,0.048355533535154704,0.32106320116475867,0.45468112186914533,0.3457952292784904,0.7485185704215755,0.4806402376387591,0.2962532422434454,0.45896061517517317,0.4118420377061101,0.31888853292677877,0.13357228481064778,0.1510353724166092,0.0,0.3442804749398627,0.0,0.5095327998130064,0.15896575966434956,0.28000010451503876,0.07601447754801377,0.6294948807344795,0.3097767553836823,0.0,0.20213368106831442,0.4868408766106336,0.10164678620364802,0.18168125428228993,0.06609709088303836,0.0
0.0,0.0,0.7938048287749967,0.0,0.773262028601318,0.41869472873680275,0.34327305445700307,0.4055703356353744,0.0,0.250495815749735,0.8184303094960079,0.5521860503880136,0.5355710305763723,0.38821044801902815,0.48934547700893744,0.0,0.04594999933585037,0.020954064956357488,0.6938719671563945,0.7123671863812758,0.13002829694021797,0.09095035909177351,0.45216399896334974,0.37049948050084713,0.0,0.03829331741917086,0.5832164246630024,0.49956831248657063,0.3889223053814532,0.14870818528634316,0.20195941750544188,0.0,0.05033282748603153,0.0,0.0,0.0,0.0,0.0,0.0,0.21682431708788677,0.0,0.0,0.02304862362249746,0.12294263897254126,0.0,0.0,0.2995242873994189,0.7279278989497864,0.0,0.5776694129638844,0.36107010526827854,0.4708448595749727,0.6701214929183688,0.8956184381200285,0.433419140625142,0.6841974142128939,0.6186011759332847,0.42657600766944964,0.021323167152744044,0.46185267543790925,0.0,0.4451570451097957,0.0772580719828794,0.7219412390083499,0.6446105864797658,0.1758679005742911,0.4722853535599413,0.5249823425486245,0.218642424240806,0.021303913603151536,0.23256315887705598,0.7018812606610244,0.44743364099926053,0.3319038639698839,0.3919522076514885,0.18816725742368495
0.31627860382808476,0.38743788714841076,0.0,0.0,0.22577250022887915,0.0,0.5821069385876667,0.1361776761624049,0.250495815749735,0.0,0.0,0.7277352916390185,0.7075483772917492,0.0,0.0,0.0959056026439935,0.5593443014979734,0.4567600410557801,0.0,0.02559387849098277,0.45325658267553826,0.15557061171944517,0.04878645291203357,0.6218392093352334,0.39013140467154217,0.42631869023529023,0.0,0.11827514958298041,0.3756294245516127,0.2795966437214692,0.4927012222932268,0.0442300046452862,0.42554933638915016,0.09728572053801376,0.0,0.0,0.0,0.0,0.1956599048322188,0.6173460113419349,0.3122185922142612,0.0,0.332305244827715,0.4466373885640521,0.02467676829888399,0.14415508671203978,0.3784024808434763,0.0,0.0,0.0,0.0,0.5178355948283098,0.2921083077431423,0.3152317585590201,0.7397856769491497,0.0,0.5972194460877046,0.5634294991875854,0.0,0.0,0.4130129971364737,0.7361686805768253,0.40323508686954357,0.08294492772745132,0.2631908657308509,0.5064307259687323,0.45023306532785135,0.0,0.5274102505038212,0.35064157837656185,0.3648233352013895,0.0,0.4186547628128161,0.5039686073420991,0.41787407753801353,0.5284761011606751
0.0,0.0,0.8935564015958692,0.0,0.7770581519599666,0.5485472959778809,0.05232876352040744,0.3460124760179315,0.8184303094960079,0.0,0.0,0.3164446082042991,0.2577337218280726,0.41214220499357895,0.4594093682873555,0.0,0.0,0.0,0.8484306318651657,0.6731503795116548,0.0,0.07266870371805989,0.47469617890084925,0.16463129561408216,0.0,0.0,0.7349590582814186,0.46668672319723986,0.19871061177419158,0.1802599341974868,0.0,0.0,0.0,0.0,0.0,0.0,0.0,0.0,0.0,0.0,0.0,0.0,0.0,0.0,0.0,0.0,0.12571709789536067,0.8788659027558638,0.0,0.5657907667784269,0.47441971672764033,0.21813985522766552,0.5635196550105279,0.6872550545875586,0.13032172780471588,0.8616608716926741,0.4569841689540842,0.21080083538959504,0.06109585324984519,0.45671741171721647,0.0,0.1626580745489477,0.0,0.7633402965160647,0.5620908769114918,0.0,0.2900485129539783,0.5999096235706789,0.03491818448434626,0.0,0.06472127441366093,0.733386592361057,0.34658807960741134,0.09916567026646202,0.30891131364095076,0.0
0.14323774647246434,0.3680156123119559,0.2589274020956194,0.0,0.3869756152771588,0.23919932784259013,0.5445262256755137,0.4363913436256381,0.5521860503880136,0.7277352916390185,0.3164446082042991,0.0,0.6981435110445519,0.04424794894677972,0.09837300032085215,0.10088418869189293,0.6275991077338753,0.47313423080593137,0.32167276005275014,0.2685558655803467,0.37064096566958904,0.1820362994701526,0.45288732957800604,0.7444725526801272,0.4139541217724214,0.5559495479666301,0.21483777662151096,0.13422604048903933,0.3891207600288509,0.15539058829305025,0.17423373219590885,0.0,0.10467647021234212,0.13138914222103573,0.0,0.0,0.0,0.0,0.14719350114137403,0.38522322555215116,0.11765537706135526,0.0,0.15168891594402217,0.2727239308836097,0.0,0.08931957425295611,0.47261183887115643,0.16882252906003148,0.0,0.0728870087519842,0.11318989451841194,0.4828735442591847,0.566608433379973,0.5524954255640357,0.6525319624238349,0.2162289495584753,0.870052862327248,0.5494968451978286,0.0,0.1573901734511852,0.026460458730431263,0.8088496496885108,0.24613542428106452,0.40478208686615397,0.3959871463859369,0.33462918874366365,0.46588582594345307,0.2590318385718634,0.5266937010882655,0.13587408283110544,0.47987701302460617,0.3365614245975088,0.38655603824948326,0.4577147340649236,0.41731591985552363,0.27603483271097773
0.0,0.37477893018544545,0.1661114675913385,0.0,0.4616843840562047,0.15680524891537345,0.6027958743376478,0.33390988580578296,0.5355710305763723,0.7075483772917492,0.2577337218280726,0.6981435110445519,0.0,0.015426669887682293,0.08431892332465335,0.07653485997020087,0.43610477653855895,0.326427374081155,0.18174491181463107,0.2712398990984036,0.3161845543776295,0.18800357721154107,0.3011143748896607,0.6152155565551736,0.26687078707754397,0.3813955757921012,0.15907919577926338,0.39114719402111353,0.4620086711887094,0.1995059676038647,0.29891268602890436,0.0,0.23211350604796782,0.1183191747535282,0.0,0.0,0.0,0.0,0.1685803578906291,0.48791685396225826,0.0857529958568553,0.0,0.33965041813767904,0.3953706069373566,0.0,0.0,0.4687821394806439,0.10508350635179209,0.0,0.2537504766306211,0.04453219384869295,0.6236548489128493,0.53931365209125,0.5577830939648446,0.5913638833652703,0.14678141309131262,0.6524594137397829,0.7167509639697148,0.0,0.12022653802435518,0.08746877472617352,0.6724033598774823,0.18495053584733095,0.3445865898180488,0.4010419111017163,0.3425298041530612,0.5152765600430798,0.17715675251659946,0.4645075921186663,0.20355188657118273,0.4024684231142362,0.27344486460417755,0.5310939982744317,0.4736182423766893,0.43598076701850574,0.336627442430805
0.0,0.0,0.3538452752196428,0.11329304857665397,0.46532108891911217,0.3475135531197455,0.10208923761594896,0.13860315534013684,0.38821044801902815,0.0,0.41214220499357895,0.04424794894677972,0.015426669887682293,0.0,0.148420458595115,0.0,0.05957149473006011,0.0,0.26062990495868427,0.12336067186221583,0.0,0.0,0.21902063979239464,0.12921880295461344,0.07724150304044748,0.0,0.4049171156180537,0.032064311586611854,0.015238842808625877,0.0,0.0,0.15499049787167307,0.0,0.0,0.012882939397730817,0.0,0.0,0.0,0.017344161392485763,0.0,0.0,0.17154776526361987,0.012998251079582579,0.011474344305825696,0.0,0.11711500816219243,0.07200532027443736,0.3415837346476931,0.09752209813036108,0.4355218521575448,0.38549132107231526,0.15763615324908706,0.32419598673833017,0.3690268226588838,0.20127350946506262,0.33282362136345867,0.21416629016387825,0.02357565560333183,0.3056328737034899,0.13174165757380046,0.0,0.04178658736119177,0.0,0.18581608910969452,0.06087275355290034,0.0,0.0,0.35257373887418514,0.09207201680189024,0.0,0.023823536318103578,0.2891309839925674,0.0,0.15564926964630857,0.0,0.0
0.0,0.04364135972454847,0.533315167837455,0.0,0.3244338819000472,0.11944882743977808,0.029045561894583266,0.19517434858574378,0.48934547700893744,0.0,0.4594093682873555,0.09837300032085215,0.08431892332465335,0.148420458595115,0.0,0.0,0.0,0.0,0.41848086770837367,0.7698707679055696,0.2517674523118596,0.5049219212485474,0.1873777251014584,0.0,0.0,0.041657406865618696,0.2935862391648341,0.4010849092860449,0.45745667736069506,0.2290742170568204,0.32380617543021156,0.0,0.1905793009735338,0.0,0.0,0.0,0.0,0.07441717245689934,0.0,0.1328759135438474,0.0,0.0,0.0,0.0,0.0,0.0,0.11422431165701019,0.41360297742176333,0.0,0.1682714141179071,0.07914745689914249,0.0,0.2879079958853169,0.32632020309917886,0.04524233910200842,0.3421679372486077,0.15511923556478455,0.0,0.0,0.7590384516962492,0.1289269817641497,0.0681709699637349,0.17439498156695618,0.42572972382945967,0.6333386305587281,0.21514433815570927,0.5155006555384004,0.2506704637006782,0.0,0.0774489409222423,0.11625896930081758,0.42914986346555495,0.3062866201198377,0.20476834375100342,0.3589319643885769,0.2647247655043477
0.4593779768864563,0.27519330156417265,0.0,0.005591636884452578,0.0,0.46054386724331287,0.3071016667274546,0.13031658031066354,0.0,0.0959056026439935,0.0,0.10088418869189293,0.07653485997020087,0.0,0.0,0.0,0.5807362292738938,0.7706678018112908,0.0,0.0,0.2946860465377043,0.09452943955204557,0.4175049304176255,0.07435589139093715,0.4213665439439951,0.1589524546649162,0.21959168062518108,0.0,0.494476592897224,0.0,0.15038370886470703,0.4527480402052889,0.0,0.31447970347357646,0.10536198063590149,0.0,0.0,0.0,0.24929376638722223,0.0,0.0,0.0,0.0777275724081162,0.024907809691177604,0.0,0.609363904065196,0.2510893177568157,0.0,0.0,0.0,0.47620809474617964,0.23264546508955958,0.0,0.0,0.17678922221529889,0.0,0.0,0.20680862877271888,0.0,0.0,0.1943549352687734,0.2480727339961951,0.10644362435554944,0.055010755848879184,0.0,0.2006089687310284,0.0,0.2920423317586337,0.24189478607928624,0.0,0.0,0.1663441868139662,0.0,0.2594159896269219,0.0,0.0
0.37833289962888017,0.2947101341019669,0.0,0.0,0.03566780732570837,0.31284583875494226,0.5184106111142858,0.14319028626196448,0.04594999933585037,0.5593443014979734,0.0,0.6275991077338753,0.43610477653855895,0.05957149473006011,0.0,0.5807362292738938,0.0,0.8522368207801794,0.0,0.0,0.23848678766102083,0.0,0.36254629542989514,0.5631124185569881,0.630057728520814,0.4150376478257143,0.134022026218381,0.0,0.29527610287628303,0.0,0.05917765303750777,0.2757297489477273,0.0,0.30048355417747924,0.0,0.0,0.0,0.0,0.2452796740198148,0.15233598570369108,0.16308453309061105,0.0,0.20068445350939682,0.19345838854974634,0.0,0.5125924568882839,0.40719675884402873,0.0,0.0,0.0,0.27755116209586683,0.4436705800220935,0.20760824054985483,0.22446412350541445,0.597010738653816,0.0,0.5510919220993474,0.45519955430775033,0.0,0.0,0.10252293821314787,0.6437802872470498,0.14936375917722905,0.062198740554923554,0.0,0.21208305128368632,0.09478806826511194,0.15458803447111144,0.5350175392190191,0.0,0.2559075173069747,0.09978438831148065,0.0,0.41125643220455343,0.008329226342622176,0.0
0.43486890758515256,0.3352022622351648,0.0,0.0,0.0,0.4252491886906572,0.49553390062725033,0.11878301317382667,0.020954064956357488,0.4567600410557801,0.0,0.47313423080593137,0.326427374081155,0.0,0.0,0.7706678018112908,0.8522368207801794,0.0,0.053238694884953,0.0,0.2554396836261864,0.06706491100700285,0.38523040924767404,0.3660191362333299,0.6672872418312958,0.2945957081254217,0.25872164830076494,0.0,0.4931188739444672,0.0,0.08925637175949636,0.31931879446968997,0.0,0.3953993618663234,0.0,0.0,0.0,0.0,0.24456626439564189,0.06690883199644437,0.11389806055101018,0.0,0.15792069053821456,0.16932813969992228,0.0,0.5831309010361252,0.46951508577726125,0.0,0.0,0.0,0.37199030098645464,0.4373456583044506,0.10918096362158793,0.2174679309078434,0.5430115588588533,0.0,0.3698057396013244,0.40463829993506684,0.0,0.0,0.19423488019153656,0.5582718493620222,0.22359114699004695,0.10482585499101146,0.0,0.2007060935422196,0.16862028644454571,0.2045559719368304,0.45046644775606265,0.0,0.1359768385750415,0.22955689055611173,0.0,0.44198710295331844,0.0,0.0
0.0,0.0,0.877683703307936,0.0,0.5136130384561584,0.5875082913302876,0.03585805655085056,0.42002344378982537,0.6938719671563945,0.0,0.8484306318651657,0.32167276005275014,0.18174491181463107,0.26062990495868427,0.41848086770837367,0.0,0.0,0.053238694884953,0.0,0.7155806616044467,0.0,0.28836856395285587,0.4799476861091963,0.16912323778434024,0.0,0.04780444686042737,0.7379819742179357,0.44967150063693606,0.28825946808489034,0.22996346666011702,0.0,0.0,0.0,0.06492452551120709,0.0,0.0,0.0,0.0,0.0,0.0,0.0,0.0,0.0,0.0,0.0,0.0,0.1850049512126843,0.8396269924610872,0.0,0.4474302250123682,0.4886108670466338,0.10305559023574795,0.4480994807268283,0.5662887062721814,0.10855692667777517,0.8106127765514675,0.3967639204079776,0.197982716462998,0.05718736512759885,0.4399416027037651,0.0,0.16811234215987184,0.0,0.8524561549721384,0.5693470622948789,0.0,0.35514966267953957,0.5248599475779999,0.07889512903894558,0.0,0.08291262470454411,0.733361101517725,0.34001922401792223,0.10229476529686599,0.29276729615366803,0.0
0.0,0.09185425648639856,0.8050224599926957,0.0,0.43378739197054994,0.35548039584616686,0.1395328482390811,0.3324435270801867,0.7123671863812758,0.02559387849098277,0.6731503795116548,0.2685558655803467,0.2712398990984036,0.12336067186221583,0.7698707679055696,0.0,0.0,0.0,0.7155806616044467,0.0,0.19085691851701397,0.5984367283551236,0.29346134488386394,0.15363190018903367,0.0,0.09703111670632708,0.5310021058925651,0.5699612668471613,0.5467207236263004,0.4024712526590727,0.3163920625091375,0.0,0.07301357663453317,0.0,0.0,0.0,0.0,0.0,0.0,0.05333617274076863,0.0,0.0,0.0,0.0,0.0,0.0,0.27004592599266,0.7033782261864994,0.0,0.353905695047541,0.2525615293284081,0.12926509979207335,0.43360587852709676,0.5625161467353305,0.17108371947698872,0.6220793510041479,0.3014979519580959,0.2245183169639649,0.07024917414844785,0.7705848908375572,0.0,0.17088633869985054,0.12368617213876609,0.6605309665180211,0.851302335204696,0.11944204855358603,0.6529351770198716,0.34809855431693953,0.06342024698293407,0.13614632752483333,0.18868922805604982,0.6610789194258855,0.4882626411669896,0.3184362215288331,0.532911390996407,0.2424011483591506
0.5952455068424303,0.4002425047257265,0.0,0.0,0.0,0.0,0.6718102873466332,0.39746691790738975,0.13002829694021797,0.45325658267553826,0.0,0.37064096566958904,0.3161845543776295,0.0,0.2517674523118596,0.2946860465377043,0.23848678766102083,0.2554396836261864,0.0,0.19085691851701397,0.0,0.19192882926881888,0.22927164764282085,0.2976840136769515,0.22836165859738045,0.21558040527033337,0.0,0.0,0.5896264918678475,0.0,0.6118622289561247,0.35216715052268743,0.43146556196554675,0.25537028871971346,0.0,0.0,0.0,0.0,0.2648321826933632,0.4638367097282018,0.22742634285642635,0.0,0.07268569120054928,0.27248226216419646,0.24342575628443447,0.48505386650630994,0.3156007808250191,0.0,0.0,0.0,0.0,0.31762489812125544,0.35643865109701933,0.24415321625374048,0.5421624086274193,0.0,0.20855615223111,0.2321060886148728,0.0,0.1431986155985127,0.3616596927029938,0.4349649242627802,0.19752506067660058,0.09000319413722527,0.11441609474976383,0.8946586303539255,0.24274582500921024,0.12532061722521154,0.3444936354470005,0.0,0.1334218574223226,0.14670938636089112,0.0,0.48775888964991776,0.07952837152443575,0.21152127450108618
0.0,0.6194927771012418,0.2105610499413897,0.0,0.0,0.0,0.013647949081368571,0.06328079313334309,0.09095035909177351,0.15557061171944517,0.07266870371805989,0.1820362994701526,0.18800357721154107,0.0,0.5049219212485474,0.09452943955204557,0.0,0.06706491100700285,0.28836856395285587,0.5984367283551236,0.19192882926881888,0.0,0.0,0.08339157405205985,0.230391382798967,0.4626442207491432,0.07438125934492901,0.28150520814995195,0.46943941578188386,0.5076038027023493,0.22841074051012197,0.0,0.2076262206299696,0.26805596608700777,0.08416573244903655,0.0,0.11511575883138334,0.0,0.0,0.1089078254482548,0.03456083535776741,0.0,0.0,0.1282316211386609,0.0,0.0,0.3167485981182292,0.07750771083517083,0.0,0.0,0.0,0.0,0.0,0.0,0.05770647143050106,0.06574095639922789,0.10600467909312034,0.07284102233900389,0.0,0.5597776204381116,0.15277074688794073,0.12740241891489434,0.24523993642218084,0.18597088066390924,0.6513575111141225,0.03184148298230466,0.734509444114499,0.0,0.0,0.36104307626722604,0.33609015119224467,0.19449696581862275,0.42270923187954806,0.2013909140733991,0.5661868239118195,0.431710260803732
0.16149942693228422,0.08167746776047713,0.41710046367775633,0.0,0.29763455632822894,0.8004667691924254,0.28082869271501476,0.7340998230858023,0.45216399896334974,0.04878645291203357,0.47469617890084925,0.45288732957800604,0.3011143748896607,0.21902063979239464,0.1873777251014584,0.4175049304176255,0.36254629542989514,0.38523040924767404,0.4799476861091963,0.29346134488386394,0.22927164764282085,0.0,0.0,0.38917807651392694,0.24328614817185018,0.2775582062845997,0.6372719373592735,0.04626600525001001,0.41201180322804326,0.0,0.0,0.1269767760868178,0.0,0.10602763985410724,0.0,0.0,0.0,0.0,0.17950148480880332,0.0,0.0,0.0,0.0,0.0,0.0,0.2919773675746213,0.28723618462130374,0.39995436024470965,0.0,0.27438066801041056,0.7347288826611859,0.35469016228548894,0.6951101484576565,0.5055068066189083,0.2198837889167637,0.4864728966815504,0.479223501431961,0.31196795367864905,0.0,0.049327196010217234,0.0,0.3750461063766306,0.0,0.5345883805471133,0.07628436707981434,0.15165238410378207,0.0,0.8839736721914534,0.3018138586564047,0.0,0.2035868591874091,0.6443491178798302,0.0,0.252582635026664,0.0,0.0
0.27710511727373305,0.31413001878868246,0.12271823653671633,0.0,0.26184479417434975,0.181613567350732,0.33179410252178576,0.4117800482523754,0.37049948050084713,0.6218392093352334,0.16463129561408216,0.7444725526801272,0.6152155565551736,0.12921880295461344,0.0,0.07435589139093715,0.5631124185569881,0.3660191362333299,0.16912323778434024,0.15363190018903367,0.2976840136769515,0.08339157405205985,0.38917807651392694,0.0,0.43122695766280067,0.6243732115578277,0.08702154141644555,0.1911918901645428,0.3321344323641715,0.22680359119229623,0.2211292643077239,0.03443130182940343,0.06880220817374008,0.058108659686896796,0.0,0.0,0.0,0.0,0.15504651302786382,0.25247165564741664,0.13199259408004352,0.0,0.24184414395538661,0.28376544973750234,0.0,0.21157250963085095,0.4156716111774728,0.12887004599362792,0.0,0.10899158724267845,0.15019147186204235,0.363164034365381,0.5198691697460276,0.38747517091843225,0.6462149720093604,0.13662977834015627,0.7769154434390502,0.529072904572657,0.0,0.11930889318400725,0.15459604881513078,0.6786103579737668,0.39021865454593085,0.2597978346179872,0.26926227682996606,0.28478360899436445,0.3148547811020128,0.269197488373895,0.7897764455076843,0.27845221317365715,0.6463840693343612,0.1284898173100463,0.43102712119489206,0.4005148079705825,0.374152023629214,0.3164168672507746
0.3238067825014269,0.6390169547707643,0.0,0.0,0.0,0.3734566130258266,0.3718408879561388,0.10007547332819879,0.0,0.39013140467154217,0.0,0.4139541217724214,0.26687078707754397,0.07724150304044748,0.0,0.4213665439439951,0.630057728520814,0.6672872418312958,0.0,0.0,0.22836165859738045,0.230391382798967,0.24328614817185018,0.43122695766280067,0.0,0.5999038164687284,0.2276259912072988,0.0,0.35198973270397726,0.0,0.0,0.2073720656306639,0.0,0.4892448965044685,0.06730992102808206,0.0,0.0,0.0,0.08475924926222758,0.0,0.18051011903807496,0.06959758927798247,0.16811601231212714,0.10710674555742335,0.02381888351739847,0.4092258995339032,0.6938900088176709,0.0,0.0,0.0,0.27312270205851974,0.14487533528381974,0.04164219536715785,0.09389884518888714,0.4740084463641955,0.0,0.3854944326305605,0.26339364696972,0.12044874425912579,0.0,0.12260347339407152,0.3522177314300565,0.19803138452975583,0.0,0.16221910541878046,0.08761386485973799,0.3266950542149847,0.02396585993742245,0.4167816634951937,0.4140887922757678,0.5427867822527365,0.22311966697712102,0.03543413050848698,0.5456109856306293,0.14672195573132135,0.10201719564622577
0.2348307447628916,0.800192662149925,0.0,0.0,0.0,0.02855195586500503,0.07297168602089935,0.25353519886626497,0.03829331741917086,0.42631869023529023,0.0,0.5559495479666301,0.3813955757921012,0.0,0.041657406865618696,0.1589524546649162,0.4150376478257143,0.2945957081254217,0.04780444686042737,0.09703111670632708,0.21558040527033337,0.4626442207491432,0.2775582062845997,0.6243732115578277,0.5999038164687284,0.0,0.0,0.0,0.2893618338355211,0.20469815093234864,0.0,0.045919473223879126,0.17694228693730998,0.2519560492653808,0.0,0.0,0.0,0.0,0.21634395242011206,0.28410291657535397,0.16487839186826253,0.0,0.09008641184758864,0.21173482968510404,0.0,0.0,0.5302150919758302,0.0,0.0,0.0,0.0,0.0,0.16507548102132805,0.0,0.2897585618847307,0.0,0.5198777499841741,0.23259808424338577,0.0,0.19167393847424521,0.20051136788000734,0.42684183757018074,0.49416141985968176,0.0,0.33769893525139943,0.12227601144705677,0.44797750956287063,0.0,0.4099580573433905,0.4634616852895783,0.8275045746914051,0.0,0.3045321157372102,0.3084763714941839,0.4731131051206664,0.40998656075248313
0.0,0.0,0.779110976214251,0.0,0.45729944489818697,0.9074967395133136,0.20391825264418284,0.40898460796200126,0.5832164246630024,0.0,0.7349590582814186,0.21483777662151096,0.15907919577926338,0.4049171156180537,0.2935862391648341,0.21959168062518108,0.134022026218381,0.25872164830076494,0.7379819742179357,0.5310021058925651,0.0,0.07438125934492901,0.6372719373592735,0.08702154141644555,0.2276259912072988,0.0,0.0,0.14024366246183076,0.27119467435850225,0.0,0.0,0.0,0.0,0.17690852183536826,0.04568661886280229,0.0,0.0,0.0,0.0,0.0,0.0,0.07764992515333369,0.0,0.0,0.0,0.203492415219182,0.2548587959477693,0.7597197103922181,0.08887956159768211,0.5593039042333978,0.8288649751337401,0.3179151556160426,0.4297027781676396,0.6308219822147247,0.11392716414882248,0.80367250438457,0.3053809454133613,0.12995426739389535,0.327522610222152,0.26667397512664237,0.0,0.07148334699149528,0.0,0.6133713142562918,0.32374521527953914,0.0,0.15458046617424748,0.7003963767122863,0.06411262127089971,0.0,0.0,0.8964661134661703,0.027801762441888034,0.18418532881298585,0.0,0.0
0.0,0.0,0.44289939291040925,0.0,0.5150278804261895,0.0,0.0,0.19387167494673585,0.49956831248657063,0.11827514958298041,0.46668672319723986,0.13422604048903933,0.39114719402111353,0.032064311586611854,0.4010849092860449,0.0,0.0,0.0,0.44967150063693606,0.5699612668471613,0.0,0.28150520814995195,0.04626600525001001,0.1911918901645428,0.0,0.0,0.14024366246183076,0.0,0.2839865579306602,0.6594640397717151,0.44626317496351237,0.0,0.15116747779468165,0.0,0.0,0.18768506349297892,0.10035233735020938,0.056113557447826395,0.0,0.09820747567462804,0.0,0.0,0.11946039452748332,0.16431636409932315,0.0,0.0,0.0,0.493967555064224,0.0,0.436216902897159,0.0,0.1899364818112899,0.3602459155828776,0.3468199686455059,0.030267908237926133,0.38194155220769427,0.18893198993070215,0.40161237955670304,0.0,0.39004499582609775,0.01881576263538806,0.14101955811268685,0.0977930730119504,0.4882364034497523,0.5000773012170963,0.005462183102910412,0.3127311667871738,0.16968999082841296,0.1718225976141188,0.09263217064580026,0.037364503613162625,0.20379707987511908,0.711758812141129,0.07839871828435246,0.4592347300839866,0.27555734502845486
0.28183240131854415,0.3912757728111087,0.2864421369173057,0.0,0.14756260704907026,0.34841825818640115,0.5396544129864067,0.29091917488562435,0.3889223053814532,0.3756294245516127,0.19871061177419158,0.3891207600288509,0.4620086711887094,0.015238842808625877,0.45745667736069506,0.494476592897224,0.29527610287628303,0.4931188739444672,0.28825946808489034,0.5467207236263004,0.5896264918678475,0.46943941578188386,0.41201180322804326,0.3321344323641715,0.35198973270397726,0.2893618338355211,0.27119467435850225,0.2839865579306602,0.0,0.26449408100745686,0.5356865460281308,0.23295592210948635,0.21647904275516155,0.27356601082194126,0.0,0.0,0.0,0.0,0.14470590946383505,0.26236649778062343,0.0574987611968195,0.0,0.13441070978310898,0.2991778534604201,0.0,0.33247862166241576,0.4916648796044274,0.22513636292437997,0.0,0.02197625842880202,0.2292946982292871,0.35115444612277313,0.391155176120303,0.39513722724308903,0.474879935504821,0.14110836358218212,0.31627459706060973,0.4719775733089477,0.0,0.36048989519218433,0.292020303291866,0.45626679366217193,0.31654977118346106,0.3773634121940316,0.4374515835032851,0.541034307764343,0.5364767434735185,0.32002890668187767,0.39683747199686414,0.10033417782527565,0.2509003910701301,0.38756444698206594,0.3327634130334192,0.6653711167550518,0.3534793654651822,0.25218890744562766
0.0,0.1386484486657183,0.17822406848034547,0.0,0.1683599220337479,0.0,0.0,0.0,0.14870818528634316,0.2795966437214692,0.1802599341974868,0.15539058829305025,0.1995059676038647,0.0,0.2290742170568204,0.0,0.0,0.0,0.22996346666011702,0.4024712526590727,0.0,0.5076038027023493,0.0,0.22680359119229623,0.0,0.20469815093234864,0.0,0.6594640397717151,0.26449408100745686,0.0,0.41923037900438864,0.0,0.2395200290737684,0.0,0.0,0.15607792408255067,0.22868815943480592,0.0,0.0,0.22287242982167782,0.0,0.0,0.06741326525289716,0.1329461117679538,0.0,0.0,0.0,0.19444999510404437,0.0,0.0,0.0,0.0,0.06598261157117333,0.0,0.05489721856454735,0.08647646548573634,0.15871187220295224,0.2273062123954352,0.0,0.35217661915696574,0.13490174688789813,0.2064315752899835,0.3048607108333143,0.1824517827611838,0.4981756032787551,0.030172675291216644,0.37991126252373913,0.0,0.1902808576974236,0.3430167849036837,0.19741257679976434,0.0,0.6616903830772356,0.030354138966276922,0.6745162839384838,0.5189164398641475
0.42760648577626936,0.04975128830533543,0.0,0.0,0.10895432611917896,0.0,0.424920870812146,0.13896052984651586,0.20195941750544188,0.4927012222932268,0.0,0.17423373219590885,0.29891268602890436,0.0,0.32380617543021156,0.15038370886470703,0.05917765303750777,0.08925637175949636,0.0,0.3163920625091375,0.6118622289561247,0.22841074051012197,0.0,0.2211292643077239,0.0,0.0,0.0,0.44626317496351237,0.5356865460281308,0.41923037900438864,0.0,0.13023616336776936,0.552276178725718,0.0,0.0,0.0,0.0,0.09670305000676266,0.1068319423661413,0.4460556434727549,0.16973112935129642,0.0,0.20112393295967293,0.36734730849944675,0.18566517482889877,0.2581752862721427,0.0,0.0,0.0,0.024110595244038996,0.0,0.3477530636996022,0.22371119427583558,0.23204355348532316,0.459490874960586,0.0,0.06109696993835613,0.36590942528460846,0.0,0.24035746484688436,0.5320162604862538,0.3437891682410804,0.3136255809374059,0.10667881730046207,0.25302880008302886,0.6711667564867606,0.30890335694334214,0.0,0.3323983824783888,0.10114686339229997,0.0,0.0,0.3551984925444445,0.3842163993320849,0.2773345983934853,0.4116620248896171
0.35142721137179783,0.1716101346094773,0.0,0.2619675068329091,0.0,0.07689582224655657,0.27052690660399925,0.0526907378581071,0.0,0.0442300046452862,0.0,0.0,0.0,0.15499049787167307,0.0,0.4527480402052889,0.2757297489477273,0.31931879446968997,0.0,0.0,0.35216715052268743,0.0,0.1269767760868178,0.03443130182940343,0.2073720656306639,0.045919473223879126,0.0,0.0,0.23295592210948635,0.0,0.13023616336776936,0.0,0.02221840351033144,0.1275081218485269,0.12972075235288333,0.0,0.0,0.0,0.4226823745384201,0.0,0.02659251531039869,0.0,0.06444704805265324,0.1405422479988922,0.0,0.46166397299922446,0.06701619329729769,0.0,0.17294970971022253,0.0,0.1067900709236534,0.15185701265827817,0.025796792661558016,0.0,0.18324352126832466,0.0,0.0,0.04369818823161656,0.04498452010208026,0.0,0.19681299574582473,0.06463109524531004,0.0,0.0,0.0,0.34181686383039905,0.0,0.0804720142257272,0.13739393298390765,0.0,0.0,0.0,0.0,0.1628570048677987,0.0,0.0
0.25181996158385006,0.2558718219755623,0.0,0.0,0.0,0.0,0.21241597693493805,0.10941473121386466,0.05033282748603153,0.42554933638915016,0.0,0.10467647021234212,0.23211350604796782,0.0,0.1905793009735338,0.0,0.0,0.0,0.0,0.07301357663453317,0.43146556196554675,0.2076262206299696,0.0,0.06880220817374008,0.0,0.17694228693730998,0.0,0.15116747779468165,0.21647904275516155,0.2395200290737684,0.552276178725718,0.02221840351033144,0.0,0.0,0.0,0.0,0.10479755482125003,0.17746673399850063,0.18922394587632416,0.6262126630840965,0.32035889711873794,0.0,0.3261576564521037,0.48069928853057214,0.32997233782579827,0.0,0.09649262369225314,0.0,0.0,0.0,0.0,0.1916819595943795,0.11317449060361355,0.02285896010577912,0.26575650377242105,0.0,0.0,0.2182687068790722,0.0,0.13720658995560453,0.5448494310850879,0.21389464783743597,0.3914486195998904,0.0,0.17118462701678733,0.5632828956626551,0.3091063725132507,0.0,0.06044562121947686,0.2750387238079329,0.21094379751921788,0.0,0.17615194767351453,0.2488016339914289,0.23271604541895946,0.5143461634196508
0.2755665330976196,0.4283956165230036,0.0,0.0,0.0,0.26304826655222546,0.319711946788613,0.04244241622320727,0.0,0.09728572053801376,0.0,0.13138914222103573,0.1183191747535282,0.0,0.0,0.31447970347357646,0.30048355417747924,0.3953993618663234,0.06492452551120709,0.0,0.25537028871971346,0.26805596608700777,0.10602763985410724,0.058108659686896796,0.4892448965044685,0.2519560492653808,0.17690852183536826,0.0,0.27356601082194126,0.0,0.0,0.1275081218485269,0.0,0.0,0.21169485936460225,0.0,0.0,0.0,0.05926895523189099,0.0,0.15108250117823124,0.0,0.16127140565401135,0.16771695647303242,0.1431515937829246,0.3439930488939819,0.4350440784327789,0.0,0.0,0.0,0.18250037299317995,0.06674388515271457,0.0,0.0295708382626379,0.24672834966003185,0.0,0.04457836073560158,0.14231974194885597,0.1282373233962658,0.0,0.09068141876913353,0.167166409547854,0.055884074752315424,0.07540716207650519,0.04385794055367792,0.16152982463722468,0.23994096931112058,0.0,0.10533262408812001,0.12882823365467547,0.18685367014358695,0.2271334386678238,0.0,0.3722216588457907,0.0,0.0
0.0,0.018006727747170805,0.0,0.2191669544342265,0.0,0.0896595348209542,0.0,0.0,0.0,0.0,0.0,0.0,0.0,0.012882939397730817,0.0,0.10536198063590149,0.0,0.0,0.0,0.0,0.0,0.08416573244903655,0.0,0.0,0.06730992102808206,0.0,0.04568661886280229,0.0,0.0,0.0,0.0,0.12972075235288333,0.0,0.21169485936460225,0.0,0.3212357621903452,0.2067289022299108,0.115776382044601,0.0,0.0,0.0,0.08361760601346874,0.03410460599726883,0.0,0.0,0.0,0.0,0.0,0.16855509653987802,0.0,0.05935019767212938,0.0,0.0,0.0,0.0,0.0,0.0,0.0,0.1143458839008743,0.0,0.0,0.0,0.0,0.0,0.0,0.0,0.0,0.0,0.0,0.0,0.0,0.0,0.0,0.0,0.0,0.0
0.0,0.0,0.0,0.3098367092934617,0.0,0.0,0.0,0.0,0.0,0.0,0.0,0.0,0.0,0.0,0.0,0.0,0.0,0.0,0.0,0.0,0.0,0.0,0.0,0.0,0.0,0.0,0.0,0.18768506349297892,0.0,0.15607792408255067,0.0,0.0,0.0,0.0,0.3212357621903452,0.0,0.6250842252309767,0.3749728158767811,0.0,0.0,0.0,0.07118551243721588,0.061234981813392486,0.0,0.0,0.0,0.0,0.0,0.29447174100802076,0.029997478250539972,0.0,0.0,0.0,0.0,0.0,0.0,0.0,0.0,0.06672676549647091,0.0,0.0,0.0,0.0,0.0,0.0,0.0,0.0,0.0,0.0,0.11903202034269289,0.0,0.0,0.0847250578180882,0.0,0.0,0.0
0.0,0.0,0.0,0.17252145612776074,0.0,0.0,0.0,0.0,0.0,0.0,0.0,0.0,0.0,0.0,0.0,0.0,0.0,0.0,0.0,0.0,0.0,0.11511575883138334,0.0,0.0,0.0,0.0,0.0,0.10035233735020938,0.0,0.22868815943480592,0.0,0.0,0.10479755482125003,0.0,0.2067289022299108,0.6250842252309767,0.0,0.21246449814427856,0.0,0.0,0.0,0.03792361065643375,0.0,0.0,0.0,0.0,0.0,0.0,0.0,0.0,0.0,0.0,0.0,0.0,0.0,0.0,0.0,0.0,0.0,0.0,0.009223302502901834,0.0,0.04233106212149229,0.0,0.0,0.0,0.0,0.0,0.0,0.06682129548257205,0.0,0.0,0.024684261064470747,0.0,0.05861591962338333,0.1889129601294824
0.022741709758895917,0.0,0.0,0.35998087596166634,0.0,0.0,0.0,0.0,0.0,0.0,0.0,0.0,0.0,0.0,0.07441717245689934,0.0,0.0,0.0,0.0,0.0,0.0,0.0,0.0,0.0,0.0,0.0,0.0,0.056113557447826395,0.0,0.0,0.09670305000676266,0.0,0.17746673399850063,0.0,0.115776382044601,0.3749728158767811,0.21246449814427856,0.0,0.0,0.0,0.0,0.0,0.027044349522763467,0.0,0.16874812408767792,0.0,0.0,0.0,0.3081569922214973,0.0,0.0,0.0,0.0,0.0,0.0,0.0,0.0,0.0,0.13771632476378282,0.024741675763167187,0.0937497793905104,0.0,0.0,0.0,0.0,0.0,0.0,0.0,0.0,0.0,0.0,0.0,0.0,0.0,0.0,0.0
