0.0,0.5672273743615388,0.16544283708081375,0.28476676175665055,0.07720935209069017,0.29140156823162733,0.021549638298645396,0.29807087835296775,0.3248644237095183,0.3464910360130112,0.06634084437194676,0.17183342780933872,0.030121397558660612,0.0,0.39921747417251807,0.5417068860379863,0.16959204280092588,0.49619138750376723,0.22184152310664598,0.42186176284620486,0.8104542813871725,0.455204094088078,0.5005152296733721,0.29244447107499216,0.6017624520880637,0.5655172570116594,0.41436566837533007,0.07268960620507528,0.6087254742075145,0.2809961921992481,0.47367001308046786,0.0,0.09408172759899575,0.12887785156765774,0.0,0.0,0.041575591154736295,0.2493969111711186,0.0,0.36938071987049675,0.0,0.0,0.16009265217973234,0.20576592884600123,0.24955429510510155,0.8437113032816282,0.38799187451326966,0.2852601334038047,0.23972016145535446,0.1853317037851353,0.3874346193302102,0.22603546845776398,0.39949334641390055,0.5407171703750019,0.3136907440462239,0.2320784647886625,0.15732158913708438,0.23562270530153376,0.0,0.4553615481784364,0.3822125502772633,0.0904969714580561,0.35728525498211955,0.3418131731202951,0.38385254087640364,0.7865950053226495,0.40563785632149685,0.5168288604134392,0.41421326276203574,0.36062057101696077,0.5594955382487118,0.5062812366185323,0.08076439440913183,0.3790396647075664,0.0,0.0
0.5672273743615388,0.0,0.3362895816257624,0.2343319287487028,0.17412589598734524,0.7489465237734155,0.24566874979643472,0.5577118264495071,0.5137433933149412,0.5225085355937275,0.4293844733521899,0.4997600174799853,0.5522775604622809,0.15346863527856466,0.6487566031084091,0.366780397678519,0.5380003755085417,0.5979243624732208,0.37555614649888613,0.62218712826255,0.6506462357615286,0.6953771320130175,0.615302962232323,0.24083922022572035,0.8024625305654973,0.9173017652260533,0.7218792831740299,0.2629072399483668,0.625661959398063,0.1411385140101316,0.24443348376751803,0.0,0.08794198556187338,0.07429312712963052,0.0,0.0,0.06486653078207946,0.37429125241788663,0.0,0.40925030223317566,0.0,0.0,0.11730530305421974,0.07276957801511456,0.4523741537459731,0.5590036601716453,0.8056284394740926,0.41844650464947186,0.08027909415647708,0.25075749160467314,0.5992996795747026,0.2785652961756674,0.6183847843888325,0.6841093347435588,0.25973673667306635,0.49820556540510386,0.45547636798370816,0.5288972304363937,0.0,0.6607639096942927,0.4321211515431759,0.06553501402147283,0.38793359112862824,0.4145270995126038,0.5353194959564684,0.6193694126550755,0.6136555691693999,0.6015327283374841,0.2325369306675874,0.6224455854567214,0.7710181611092211,0.7138695402741314,0.2552319672157403,0.3532303363069548,0.0,0.0
0.16544283708081375,0.3362895816257624,0.0,0.08717223181536905,0.2857407383200747,0.5697636252653547,0.08909611160944605,0.22326772781870366,0.727636401037492,0.20967460058287882,0.6239172863375033,0.22258975987704158,0.24959964478467117,0.0,0.7214661152241996,0.0,0.29820953482571516,0.3088509543610361,0.7311470363882576,0.716312878265902,0.21248980357967906,0.5710175742106115,0.5058464934315366,0.13290611081045905,0.4683361816955916,0.42529868392348097,0.689187670095201,0.33805345930704134,0.5918315394944098,0.023665583289812553,0.03124225299092545,0.0,0.0,0.042128698340924406,0.0,0.0972043928804633,0.2065918936343234,0.2335596884802126,0.0,0.036940373452345715,0.058573347140129996,0.0,0.11632679054255929,0.10138972121852649,0.2658384539529748,0.183451605421648,0.4854350781681061,0.6840860011903153,0.20447849689011205,0.16694147962921865,0.6405265012429551,0.3094578884776703,0.45701932990932187,0.7682694367693915,0.15569407307708558,0.5544844088989551,0.22576532343093492,0.527777974948688,0.0,0.7168698387642252,0.41098885286403386,0.1948857987471246,0.47273954938282914,0.7721248716722127,0.7252409278778374,0.29954553391536526,0.6071437677359898,0.5959185565978269,0.35353769250636735,0.5936440183214158,0.5066388869043227,0.6569627799887982,0.45650101909010754,0.5473386104996316,0.2031776174921846,0.0580006085380215
0.28476676175665055,0.2343319287487028,0.08717223181536905,0.0,0.12443002222462303,0.05539780813657447,0.32081897566385453,0.08719352718088037,0.14121368331350914,0.4876204239003624,0.10954654582741659,0.13912579930356128,0.2308071170903129,0.03940399973123429,0.03137405011468722,0.372953710028183,0.0,0.1902015431572337,0.02468546104619336,0.12580551202646628,0.2744376736317188,0.16468798891974584,0.0,0.14896884444560113,0.18100944044578582,0.08998141711876034,0.020474233420433682,0.5589238094096276,0.323631939849811,0.5099196374598307,0.551452685750159,0.0,0.26047372518007567,0.4097169337865858,0.06326171900853157,0.49876970399277654,0.4805053674314653,0.3034338683900296,0.0,0.0,0.0,0.0,0.21918859167426297,0.20904782964660984,0.056443106895967265,0.19718281133890642,0.08059724972858433,0.09460768609742207,0.23991884325042478,0.0,0.0,0.026162401371309874,0.145916174958459,0.09400489586283514,0.021881398737730165,0.0,0.17421410288731937,0.07725374052715503,0.0,0.04411448215278637,0.0,0.0,0.06765199520092863,0.09349257790870007,0.0,0.30620258901310266,0.0,0.0,0.07307138780192432,0.0,0.05055497224442089,0.05339138935063812,0.10199040210000737,0.0,0.0,0.0
0.07720935209069017,0.17412589598734524,0.2857407383200747,0.12443002222462303,0.0,0.3794506849200715,0.6521781894407956,0.4522562660540014,0.7005013709360208,0.44241698748043795,0.5974611378720687,0.32212850032560497,0.5299260941049786,0.17599375783795557,0.3484852381765884,0.2680785424373814,0.2155258623111741,0.3004595756863495,0.48059623161930687,0.3299050534806956,0.021348481174772616,0.42469292775856377,0.20380473190387727,0.2655059977714383,0.1905068281063118,0.20798055708724744,0.3156008249788166,0.45295618376119995,0.403406718755415,0.43114192984821575,0.31703512991338856,0.17814247782695064,0.3831815014909311,0.32041765663649824,0.3106320533161559,0.0,0.01728022940282077,0.2291409347358268,0.24551392342286338,0.22785247723741536,0.24399508194465647,0.027375459843231427,0.0,0.06358610298376499,0.08376021008508228,0.10317859925700548,0.14265748023249392,0.4302827585895051,0.018749026490253673,0.22889124092861518,0.08270215732530323,0.1949182920468285,0.30639122438487,0.36248886128007407,0.12685501192646334,0.5808570133989934,0.3338307377172425,0.08090418646393999,0.0,0.059217846185340456,0.23190913254373582,0.0,0.20925901755247578,0.39105714112365975,0.21322383723671062,0.08540876589695445,0.1989388430943751,0.1405288691776862,0.12065974786537709,0.0911227961246739,0.1689467673510773,0.17124978083324138,0.20419307516957463,0.017867262580720772,0.12894724641809868,0.2829481074437121
0.29140156823162733,0.7489465237734155,0.5697636252653547,0.05539780813657447,0.3794506849200715,0.0,0.31437311879810004,0.7225490690740374,0.6552538301103821,0.43158679275067974,0.570309426896304,0.6033463334204359,0.6897188027583084,0.15808924302581173,0.6718346807487814,0.22141829580617078,0.6128254758255531,0.6218745466998822,0.6099262525393833,0.6206425547443869,0.3807873070254692,0.674242386268471,0.7136254883126669,0.41318471813523755,0.7078359703016095,0.7981663643252721,0.7187592548881695,0.3000785596713047,0.6000402007562496,0.07585701411661946,0.06608595051696489,0.08338562421905023,0.15482768155829016,0.1731642057264768,0.0,0.038188440199185186,0.18324308098503828,0.3054725734414999,0.04189292344373155,0.4590275326827553,0.1522678658764195,0.0,0.2109990628160741,0.22299060178647323,0.4659123196672216,0.38244369256959077,0.8067361338791714,0.5391876898786897,0.1536894492069266,0.29524874293014136,0.8029959064601249,0.5059561939353605,0.7513101877697475,0.6953425916280636,0.3634796589851279,0.6704363938978835,0.6127188381345374,0.7196777976134845,0.0,0.6116382012477992,0.5798537236704794,0.29122055991550333,0.6347302523051255,0.6241198434306123,0.6505970961464939,0.47650449834648473,0.6886493175470105,0.6664500672683017,0.49795175228293664,0.6835393963840296,0.8082802376679586,0.6597817741046493,0.543728378235321,0.5494337827406301,0.19508427427041664,0.1125206797209507
0.021549638298645396,0.24566874979643472,0.08909611160944605,0.32081897566385453,0.6521781894407956,0.31437311879810004,0.0,0.432400669708485,0.3695474782047372,0.5042522599808458,0.3468229361005486,0.1289772605104908,0.5324084428422433,0.3198513251966668,0.07101472662893785,0.3295321693833528,0.30519594643128584,0.3671055779306896,0.0,0.032633755112307816,0.0,0.243143783744107,0.05973896552385388,0.3639093539579564,0.24271996529741274,0.16920975174823955,0.17917351851124036,0.4278166807758224,0.31126259098239084,0.20068752573558335,0.3009698787724066,0.31441071641215346,0.5295330971806056,0.2995552528399953,0.329056373398511,0.02736185553036441,0.0,0.18122819866777154,0.29453048347438976,0.14936411093693264,0.3118192599418238,0.07556189260584226,0.0,0.03351850622678672,0.0,0.0,0.15412875968173573,0.03831816543396424,0.0,0.0,0.0,0.0,0.11218225884761043,0.08089940259494116,0.0,0.32343826264898323,0.19780506241297008,0.08123269727728025,0.02142160092105258,0.0,0.10758827781741423,0.0,0.02320438429647903,0.015689898858746054,0.0,0.0,0.0,0.0203445491138603,0.03253069115859249,0.08249428741463749,0.03939390518951408,0.008913633219440775,0.03352506685689649,0.0,0.0,0.24509977561330032
0.29807087835296775,0.5577118264495071,0.22326772781870366,0.08719352718088037,0.4522562660540014,0.7225490690740374,0.432400669708485,0.0,0.46721635979262094,0.42116755824614005,0.3992207588652771,0.48207321638239925,0.574337205736581,0.259392264866139,0.3529370161414927,0.42591419090691246,0.546568056180921,0.565123624002189,0.39206405210629314,0.28498603272136197,0.30403507132711427,0.47645535451477317,0.6367354487974181,0.4827962793307703,0.5592763659629221,0.6206742656318285,0.41082656988381117,0.17156016684554998,0.3807444250441905,0.18154615124818443,0.13191834684992265,0.3252007535421402,0.3918273950155742,0.22217284933231346,0.010751293084949383,0.04126391360160028,0.056890858517449405,0.1002676988207923,0.35159169328103607,0.6310342186979467,0.32261551119905096,0.0,0.23267106904945403,0.32035721065354705,0.27536954091201715,0.3586458577451869,0.5496126866440801,0.36770978349245187,0.12367472377480213,0.22634966669533796,0.5416942788832583,0.39616560850684907,0.7257384492423028,0.42183017789096355,0.365159586270547,0.5363687247602067,0.5125661812262272,0.44271512712327665,0.0,0.18948715685622325,0.4392066572038909,0.10977259924505062,0.43511487134886506,0.35666246359162035,0.3017382399664823,0.43658976245262504,0.3977715436225334,0.47685817540415243,0.4383339978084513,0.37413208107673834,0.5905904083160578,0.31986152243241567,0.3989134786904458,0.27386943128804303,0.20107934181950077,0.2588507246482637
0.3248644237095183,0.5137433933149412,0.727636401037492,0.14121368331350914,0.7005013709360208,0.6552538301103821,0.3695474782047372,0.46721635979262094,0.0,0.48998296436945543,0.7401728956135467,0.3833986291335033,0.49048599006437504,0.0,0.7427977238295217,0.1626651595691727,0.3736214076199541,0.4238216436102352,0.7303721485859503,0.7275135650351062,0.37282671594172934,0.7139289304362713,0.530724121387866,0.26921804498292323,0.6448357662440127,0.5836580973568684,0.7453207218376936,0.4521568842625548,0.6952405301579467,0.31043699709469846,0.24722317730192578,0.0,0.1535485998934342,0.2033704421837368,0.0,0.0,0.14346647378584074,0.41738373830541936,0.0,0.31239690033833933,0.0,0.0,0.09674342442278755,0.04227702170731185,0.4165657565668428,0.38308203732566454,0.5756814876355554,0.7587593474542862,0.12207276708669663,0.29177783147022623,0.5627951453464496,0.3463808868288696,0.5209422525232199,0.8409077309213239,0.37229897461791206,0.7652007276642299,0.38243969613903994,0.4903753993687257,0.0,0.5709428222672464,0.3987345611925174,0.1615825054442387,0.46999577284569005,0.7232489831199873,0.7094567277399557,0.43324453533549256,0.6545410190787079,0.5186081185491391,0.33403243835286356,0.5641317230973464,0.6100901920326669,0.6814835212152737,0.4605158389898846,0.5077384547209568,0.14910636648913708,0.1051490868199984
0.3464910360130112,0.5225085355937275,0.20967460058287882,0.4876204239003624,0.44241698748043795,0.43158679275067974,0.5042522599808458,0.42116755824614005,0.48998296436945543,0.0,0.4179934442278156,0.4287235323761993,0.5835296401070331,0.18859081012326329,0.29191770477827855,0.48439491862203343,0.40047974292887817,0.5046996382363003,0.28073072777341346,0.38384160051414956,0.3918392431529078,0.48785979964588755,0.22471277868251183,0.35033218682682,0.5170029852633948,0.47461915070125565,0.34815751826715663,0.7421329508449904,0.6613148959447629,0.5244019228776606,0.6784004233673997,0.009319724091542997,0.3780336810874299,0.39739203932665795,0.06338003862846471,0.14556619789646888,0.24200898555595962,0.4758842805189376,0.0,0.21559869327483064,0.0,0.0,0.06678268845967773,0.06190698734608849,0.3554295033496714,0.3414067883881194,0.4289942897871347,0.3286777809668793,0.06820116530978317,0.003253909698747226,0.09406068049915947,0.06833516385668525,0.34578035359718073,0.4028608377158815,0.34454099072354394,0.4243469656466151,0.4199314390298877,0.17669212993546948,0.0,0.19764912888628294,0.3376342893466851,0.0,0.27322692213464567,0.3498314042005016,0.24301293025298953,0.42783434546716353,0.2557775662782865,0.17223598687345673,0.13957749561654872,0.2944424584139339,0.36195823985560677,0.266116798582555,0.20253232763225337,0.06322506958936383,0.0,0.0
0.06634084437194676,0.4293844733521899,0.6239172863375033,0.10954654582741659,0.5974611378720687,0.570309426896304,0.3468229361005486,0.3992207588652771,0.7401728956135467,0.4179934442278156,0.0,0.3163820442895794,0.6123284737476953,0.2049709966539411,0.6024435538249163,0.20344009668395868,0.3309624884403629,0.39391841158191504,0.7546541418216408,0.6153587047495975,0.14058962537007044,0.6493961893416182,0.33040053236081607,0.19539154330114936,0.49459187221354484,0.48685858297610185,0.6483552904298527,0.48343965462714555,0.547847006211036,0.20552522117061117,0.2549944304737152,0.0,0.16076969857725987,0.11292759714146935,0.0,0.0,0.0,0.31834852683459525,0.0,0.14662823894015975,0.08132817099935499,0.0,0.11177294855044251,0.0,0.2744694195517811,0.2124360369058796,0.5624127565664369,0.6720647557343262,0.0,0.4788712925038213,0.49839495847469933,0.28260932371659087,0.5307728556572753,0.6465979167767076,0.2579320530165427,0.8660869630342682,0.3415934454831655,0.5307850441630579,0.008871199051318168,0.466489353743316,0.3702255494188463,0.07820644975565842,0.3087142879591777,0.6651404939925161,0.6251721339407567,0.1907840203627737,0.5730688724145178,0.362423820797401,0.16876458045393225,0.5219501318262688,0.48301329352951183,0.5424010124948278,0.4910166040440721,0.42969526439803285,0.07213539308089449,0.156854994369703
0.17183342780933872,0.4997600174799853,0.22258975987704158,0.13912579930356128,0.32212850032560497,0.6033463334204359,0.1289772605104908,0.48207321638239925,0.3833986291335033,0.4287235323761993,0.3163820442895794,0.0,0.5400859880281151,0.16278828229346481,0.46007249693982155,0.22906193832440053,0.44416108830155304,0.4104276484851662,0.4193316285120924,0.4255294183869242,0.22900895134251853,0.44957005989952686,0.3300680455678645,0.4150383771572054,0.3226426638046851,0.5656141574518981,0.3804622909901022,0.3403261304218413,0.3868752509751625,0.2686375990232798,0.16800334482196302,0.042516498745198056,0.07044412413212311,0.28660636015623353,0.0,0.1438058555391929,0.23998875754846977,0.33659184756917004,0.0,0.2744899328548931,0.0,0.0,0.27520026017240434,0.2218763428435521,0.4263259585697262,0.2414661988101698,0.4477165738160138,0.31648782148490334,0.17061694476715156,0.1727971711129511,0.37957351708845094,0.31620318673871267,0.4424085474390954,0.37848764185338335,0.3471811782006356,0.3699500499232707,0.7505265559238913,0.3053021953492271,0.0,0.3766677119307122,0.36214102965986295,0.2589674901699891,0.49055509199109315,0.42961679215229287,0.3799810956684671,0.22004729092595032,0.45685178027500317,0.21238738895736745,0.3240463715090273,0.296174695869565,0.49867513354113685,0.3425239322263113,0.36086580936368473,0.19336507684583656,0.16058413714091924,0.0
0.030121397558660612,0.5522775604622809,0.24959964478467117,0.2308071170903129,0.5299260941049786,0.6897188027583084,0.5324084428422433,0.574337205736581,0.49048599006437504,0.5835296401070331,0.6123284737476953,0.5400859880281151,0.0,0.2163808219538687,0.36706859340066456,0.3588779582327283,0.465496595028286,0.48184492178083377,0.43122355652806565,0.37280164386475567,0.1649685783860635,0.48762349737582,0.17734262322866517,0.2587199927459661,0.3591538878842256,0.5195450018590625,0.334516164839201,0.6082356362447155,0.46544126820583775,0.30632815093660865,0.29859838889868995,0.13732993426479242,0.28172666068828417,0.3027493690548999,0.011958650625684554,0.056280619651841945,0.20806276339119112,0.27707919965539746,0.09347709389660344,0.19091907934487676,0.1412554415600362,0.0,0.11121434559376421,0.06403010614212598,0.25304241148764917,0.1304309853142559,0.45752051644274816,0.39550581756723496,0.029963854084215952,0.19645968381834397,0.34366946759956896,0.17216851781922604,0.47433567706383334,0.35658841741373604,0.1388399452559167,0.5698146754915487,0.6179202209096375,0.4368877726223198,0.0,0.2168656273246833,0.3400778914399809,0.023955645347099486,0.36035280707349276,0.37954063209327704,0.2796396228520915,0.20712974752138585,0.3001654124245593,0.15972496964297636,0.15041139980338075,0.291580222908693,0.41969874261983803,0.26906938791500434,0.3494124293669608,0.14774079683906846,0.04951079763392216,0.08365785164027681
0.0,0.15346863527856466,0.0,0.03940399973123429,0.17599375783795557,0.15808924302581173,0.3198513251966668,0.259392264866139,0.0,0.18859081012326329,0.2049709966539411,0.16278828229346481,0.2163808219538687,0.0,0.0,0.15443811369314958,0.22782923224635,0.08802018705733351,0.0,0.0,0.0,0.0713080578916046,0.043113155333030034,0.42696419212201786,0.09716571149174771,0.18367626742969545,0.036788438106122937,0.09806368340606103,0.0,0.0,0.06800636930062456,0.433653102027691,0.2674967025205805,0.09547853697202068,0.12660169448686098,-0.004815318390380685,0.0,0.10962650076209843,0.3838046286185013,0.08085744447008616,0.3102628971939335,0.0976603481911269,0.0,0.0,0.0,0.0,0.23207350003882438,0.0,0.0,0.2532212945395646,0.06772678018541421,0.08102555251882917,0.11870516080417778,0.0,0.12060780288275888,0.17788776578168283,0.19639990601258653,0.17637666300915164,0.4160016031784741,0.0,0.07932517371827252,0.0,0.0,0.0,0.0,0.0,0.0,0.0,0.014290871851070933,0.1251482409843394,0.11193161998310124,0.0,0.13258923877090775,0.0,0.0,0.29141576389494206
0.39921747417251807,0.6487566031084091,0.7214661152241996,0.03137405011468722,0.3484852381765884,0.6718346807487814,0.07101472662893785,0.3529370161414927,0.7427977238295217,0.29191770477827855,0.6024435538249163,0.46007249693982155,0.36706859340066456,0.0,0.0,0.10212434380993168,0.41395610056315324,0.4422930232769361,0.6568138071999957,0.8581980821283232,0.4387448899570968,0.8100083044533957,0.6451888196535938,0.14906362473994506,0.6980887861572979,0.7341428946406109,0.8590679614525409,0.22266397249828848,0.673157607672348,0.04231927142567554,0.11931168544147208,0.0,0.0,0.0,0.0,0.0,0.12321801968737953,0.3255387506718333,0.0,0.2636212294141265,0.0,0.0,0.08693818633400238,0.13684150705166773,0.4435859143431265,0.47414463994661915,0.6690645489717852,0.654706565054895,0.19756249386238134,0.3895549779642071,0.6994511698828504,0.48534572971582446,0.5466863281018315,0.8575668260847769,0.37329316907937593,0.7103333736278294,0.44593273867667405,0.5872016215080814,0.0,0.882033775249947,0.5313996436548761,0.28797337288594077,0.47077305818683646,0.6886117667590284,0.8210689282194632,0.47040588376084785,0.809926519281797,0.6495335774066309,0.35009728158223286,0.6642582195715059,0.7524494354550244,0.8410909196949037,0.4152035844650234,0.5947935495346822,0.05525487783565611,0.0
0.5417068860379863,0.366780397678519,0.0,0.372953710028183,0.2680785424373814,0.22141829580617078,0.3295321693833528,0.42591419090691246,0.1626651595691727,0.48439491862203343,0.20344009668395868,0.22906193832440053,0.3588779582327283,0.15443811369314958,0.10212434380993168,0.0,0.383704215554766,0.6595271588311438,0.13466116344147194,0.1200005346116132,0.29426277811610646,0.36897492585804303,0.0907712009438569,0.4369624324920211,0.3473078626175875,0.3482024654314305,0.07680687224979421,0.3833846217732744,0.4250104939972018,0.3504270945383769,0.6773610782809811,0.3425455648419405,0.5155223673860396,0.4194717864798668,0.19805475289024305,0.034048881434131095,0.014092268975494704,0.1278955992770267,0.25943347692703134,0.3462440965798655,0.037355664486734524,0.03239311630547516,0.10939122930110699,0.10196411056374934,0.053233992129977745,0.4581801055369015,0.20215298325103287,0.0,0.11727568752679597,0.1661697156341117,0.05316972640985726,0.18243333350091873,0.23995978260501669,0.15013229158896713,0.28562565240457805,0.2501690939043239,0.31684714317796353,0.12523388467788538,0.03802447338259874,0.03734089065630586,0.371620809449872,0.0,0.2964936304088963,0.16424150434062823,0.08750359194672716,0.3243046885102248,0.17782609030188548,0.0,0.11721081557719619,0.12411778593747055,0.26115453852015513,0.056350056763471434,0.21474503812402765,0.12845157836132803,0.0164165723294305,0.20864275097443427
0.16959204280092588,0.5380003755085417,0.29820953482571516,0.0,0.2155258623111741,0.6128254758255531,0.30519594643128584,0.546568056180921,0.3736214076199541,0.40047974292887817,0.3309624884403629,0.44416108830155304,0.465496595028286,0.22782923224635,0.41395610056315324,0.383704215554766,0.0,0.7116350023768604,0.25334140632324426,0.34537884510032646,0.18122277457969227,0.5488628120134541,0.419617640817727,0.3367016273172381,0.6229862304499937,0.6298188341815204,0.4871984325732732,0.17280835165479613,0.4176925124463524,0.0,0.0,0.29992709293348235,0.20999813053935723,0.0,0.0,0.0,0.0,0.016727188406364668,0.23076799680104673,0.37935255056543365,0.18300533888885268,0.0,0.14976722144717763,0.09960685994271813,0.2828581428505308,0.250885062009625,0.6228462164497607,0.23263468226612843,0.020721580633987297,0.2670085783244086,0.48255374684754143,0.342071130329517,0.4225901129987065,0.3790598257209964,0.3335421387534334,0.45873721901468734,0.42478174585134637,0.47039420164144763,0.0,0.3629746973518298,0.4264735445780858,0.22429310552943948,0.4655822484914564,0.2946897822642782,0.42401747360287356,0.29243239759422174,0.536155480243512,0.2851563664223322,0.22095308524192517,0.47835135680128615,0.5439254978680327,0.37442822759888605,0.4203279915579438,0.3590925761854699,0.05941737408204237,0.2511185346674936
0.49619138750376723,0.5979243624732208,0.3088509543610361,0.1902015431572337,0.3004595756863495,0.6218745466998822,0.3671055779306896,0.565123624002189,0.4238216436102352,0.5046996382363003,0.39391841158191504,0.4104276484851662,0.48184492178083377,0.08802018705733351,0.4422930232769361,0.6595271588311438,0.7116350023768604,0.0,0.3632280830180763,0.3960110291143349,0.45631954958517074,0.6529207688366078,0.46181799244697086,0.4632140592069426,0.7271817749450964,0.6354672021261565,0.523684473854476,0.31386194649148436,0.6686254806091123,0.20489224044351412,0.37437059648095783,0.29931967655477276,0.3548248498742106,0.21588856001762147,0.0,0.09964775678600281,0.08813653029905294,0.13065953090803387,0.232561350149388,0.490639707938203,0.17198058257573343,0.0,0.2832309583488955,0.1771588921099833,0.2506568934654958,0.5593369113873512,0.6337260252841366,0.2970402769702821,0.17204126200056052,0.3176232382426391,0.5192084305665952,0.501144841086244,0.4654860176751563,0.4515517975888714,0.4439726159666244,0.48328429458503364,0.4581058130168121,0.47334966416632357,0.0,0.3611413878244316,0.6684538238369264,0.3294489856288768,0.6691892261155535,0.4107960766922151,0.46301092902081964,0.5385957242623169,0.5778968571013341,0.3183276863007303,0.3888976143465841,0.5986774697731838,0.6218732836271934,0.4206031260943764,0.5119365242794404,0.5417240879948153,0.2085469929989171,0.3063722950456171
0.22184152310664598,0.37555614649888613,0.7311470363882576,0.02468546104619336,0.48059623161930687,0.6099262525393833,0.0,0.39206405210629314,0.7303721485859503,0.28073072777341346,0.7546541418216408,0.4193316285120924,0.43122355652806565,0.0,0.6568138071999957,0.13466116344147194,0.25334140632324426,0.3632280830180763,0.0,0.7047516727114687,0.34034366702720736,0.6250671437444735,0.4777794739520931,0.10895441421849149,0.4081668354083916,0.4538758176188784,0.622236149710904,0.3710584269181577,0.5947562344030659,0.3131322148476012,0.1676321795457317,0.0,0.0,0.08942432756280305,0.0,0.0,0.18829864794158896,0.32928075784187116,0.0,0.19320519687416443,0.0,0.0,0.21346622503399398,0.16551364198551688,0.3762326660404172,0.4031282332693184,0.4992765689327867,0.8218661171825836,0.1057424463649715,0.29566870682182156,0.5680930071997434,0.339009754432225,0.5933757757188873,0.7274544962639894,0.3012798239087776,0.7024552435093125,0.39771292837733996,0.4472306806240509,0.0,0.5519543458763829,0.4668393063766151,0.24513704094999833,0.4785332572850076,0.9159599946386658,0.7116801271485197,0.36581581097318,0.6516006882381002,0.4863362231042729,0.33198975938398345,0.4510700550170619,0.5299444255612757,0.5908939782688405,0.4813600885324669,0.5110782631214237,0.2941020031364087,0.037497177925632424
0.42186176284620486,0.62218712826255,0.716312878265902,0.12580551202646628,0.3299050534806956,0.6206425547443869,0.032633755112307816,0.28498603272136197,0.7275135650351062,0.38384160051414956,0.6153587047495975,0.4255294183869242,0.37280164386475567,0.0,0.8581980821283232,0.1200005346116132,0.34537884510032646,0.3960110291143349,0.7047516727114687,0.0,0.5101402184735865,0.8467836232990334,0.5662051114973774,0.1263353279073226,0.6039198298321393,0.6719238857587155,0.8302245051769379,0.33766443768032967,0.7613814697283654,0.19112343500328816,0.24939489087098463,0.0,0.0,0.04953488275691342,0.0,0.0,0.13593434943884092,0.4192135558229245,0.0,0.19541061147960162,0.0,0.0,0.0,0.02120373975066836,0.4930612303820766,0.4603092968594402,0.6070421170875753,0.6768585315721705,0.2116666885552685,0.27146751678973036,0.6017767314553844,0.3427792827258915,0.5319485940982639,0.8641326874419504,0.2672696093244154,0.6614422424104872,0.37785187816757543,0.4810733123908023,0.0,0.837179224992107,0.49305430018727425,0.12253154318562332,0.429422213319983,0.7409933526814914,0.8595163524330567,0.5263743543038555,0.7668153489192469,0.6412914249499722,0.3015009575849668,0.6006404788750607,0.6883371656681567,0.8366011441076135,0.3063207502081039,0.4938069288674507,0.0,0.0
0.8104542813871725,0.6506462357615286,0.21248980357967906,0.2744376736317188,0.021348481174772616,0.3807873070254692,0.0,0.30403507132711427,0.37282671594172934,0.3918392431529078,0.14058962537007044,0.22900895134251853,0.1649685783860635,0.0,0.4387448899570968,0.29426277811610646,0.18122277457969227,0.45631954958517074,0.34034366702720736,0.5101402184735865,0.0,0.46811707901984284,0.5238209900184033,0.01975477832432132,0.6440756317223686,0.6059046842025697,0.4674518964401149,0.10506548657420317,0.6338873646062742,0.39198666683126193,0.3189232172238165,0.0,0.0,0.0,0.0,0.0,0.17964441244123294,0.284831665230308,0.0,0.37574450316191277,0.0,0.0,0.21901589375973946,0.20107561199173785,0.4031468100183283,0.8432151581175293,0.48380991941226653,0.5428780967116181,0.16927272227001813,0.1232120523970835,0.42712927768618303,0.20925703662077977,0.4671407760070485,0.573980542161187,0.33187840056153256,0.25289214887166106,0.21454598021590188,0.2783764169841994,0.0,0.4868792418679207,0.3683403735279813,0.20021654731530072,0.3961089440304182,0.4527983721835913,0.48023717659830756,0.897353338813535,0.4829837771815436,0.5436341879179871,0.3852919146077852,0.42739004059809516,0.6030468715377877,0.6033435563382976,0.11685819977474571,0.449574872191186,0.0,0.0
0.455204094088078,0.6953771320130175,0.5710175742106115,0.16468798891974584,0.42469292775856377,0.674242386268471,0.243143783744107,0.47645535451477317,0.7139289304362713,0.48785979964588755,0.6493961893416182,0.44957005989952686,0.48762349737582,0.0713080578916046,0.8100083044533957,0.36897492585804303,0.5488628120134541,0.6529207688366078,0.6250671437444735,0.8467836232990334,0.46811707901984284,0.0,0.5742289043757125,0.2625292604218316,0.7415001986795224,0.7618422088796005,0.8228366518812273,0.3563011606960691,0.7853153318423854,0.17248619787369612,0.338193878530848,0.015456304080210453,0.2429854753557846,0.16569834882406692,0.0,0.0,0.09092318268168484,0.42591770176985266,0.0,0.4570434664483709,0.0,0.0,0.0697923137492822,0.030013175166893627,0.44655682578279476,0.5239879551723022,0.7250590794176128,0.5382615570809705,0.11427055302923227,0.39820902197843594,0.6106614932867157,0.43279433406056517,0.5802383044298862,0.7668916322919361,0.4000428266435582,0.7295644347052648,0.483433366610201,0.5337167664182422,0.0,0.7355130407350228,0.6145639341107274,0.18623198766927318,0.5149523181466191,0.6291130281612667,0.7787014346176032,0.49922353053638635,0.8181652209514292,0.5680545984133899,0.3257859268788815,0.6714158624128463,0.7669225600087942,0.7266267486654705,0.3966728644596326,0.5415311949514001,0.0005124636658943027,0.04119775490862382
0.5005152296733721,0.615302962232323,0.5058464934315366,0.0,0.20380473190387727,0.7136254883126669,0.05973896552385388,0.6367354487974181,0.530724121387866,0.22471277868251183,0.33040053236081607,0.3300680455678645,0.17734262322866517,0.043113155333030034,0.6451888196535938,0.0907712009438569,0.419617640817727,0.46181799244697086,0.4777794739520931,0.5662051114973774,0.5238209900184033,0.5742289043757125,0.0,0.2514997968224535,0.7236778116012356,0.6767051579617641,0.7453725842960603,0.0,0.555681578012637,0.0,0.0,0.0,0.0,0.0,0.0,0.0,0.014199049721592139,0.19220842690165643,0.0,0.4590778123774347,0.0,0.0,0.1161948056558442,0.2356365984531248,0.4282223857411172,0.5477675999004198,0.6909777344486052,0.5124664183487083,0.1603654970878644,0.2878704434593507,0.7812853966973066,0.49634293164855,0.7489454840368328,0.6851562516808991,0.41501485440623076,0.5412663712267656,0.32567370570637916,0.5351452015082824,0.0,0.6123166913829082,0.53436725751587,0.25671305193440247,0.5205314116882886,0.5240366213989918,0.6346998646018285,0.6657218062438848,0.6528895939893846,0.9219086696548073,0.4765076805095832,0.6613760500876225,0.7714066112276041,0.7499747573885476,0.3252745669738269,0.608591032904668,0.13142202759667354,0.03554226597738534
0.29244447107499216,0.24083922022572035,0.13290611081045905,0.14896884444560113,0.2655059977714383,0.41318471813523755,0.3639093539579564,0.4827962793307703,0.26921804498292323,0.35033218682682,0.19539154330114936,0.4150383771572054,0.2587199927459661,0.42696419212201786,0.14906362473994506,0.4369624324920211,0.3367016273172381,0.4632140592069426,0.10895441421849149,0.1263353279073226,0.01975477832432132,0.2625292604218316,0.2514997968224535,0.0,0.3362908876432412,0.41279398951116775,0.19991635997159787,0.19032074165361634,0.24446654093466907,0.045230654467287024,0.29997516578917427,0.485269441664073,0.43330821749552595,0.35994559328400777,0.19742256122213722,0.15469988727848644,0.0,0.14574700588254283,0.4444808567535134,0.37293065255183144,0.34521193328175226,0.06765797999748463,0.2212842399561793,0.2162408367642819,0.15511299153133817,0.19082240909282205,0.3209486972258024,0.0,0.22063356775847193,0.1998009836907484,0.3135533242192893,0.35831327474416275,0.2964092202872469,0.24743219156240465,0.3461197948114995,0.2717966557133594,0.3688406072685968,0.346678133361671,0.19273286238111764,0.10458342614765366,0.41394947453629327,0.10507919054885084,0.35916230191589366,0.16004776398105755,0.18328515048966035,0.14722817270122462,0.2578633318868506,0.13024191980338243,0.5444054131397694,0.3074487350973816,0.3919631283107142,0.05538833316853764,0.4189355074536155,0.20379839404332062,0.24774603294988612,0.47638312083639195
0.6017624520880637,0.8024625305654973,0.4683361816955916,0.18100944044578582,0.1905068281063118,0.7078359703016095,0.24271996529741274,0.5592763659629221,0.6448357662440127,0.5170029852633948,0.49459187221354484,0.3226426638046851,0.3591538878842256,0.09716571149174771,0.6980887861572979,0.3473078626175875,0.6229862304499937,0.7271817749450964,0.4081668354083916,0.6039198298321393,0.6440756317223686,0.7415001986795224,0.7236778116012356,0.3362908876432412,0.0,0.8562220677851801,0.8376686540233907,0.18463537897913612,0.6991419647969862,0.047092370255012006,0.25456065053569815,0.013996022310435008,0.12071423975142637,0.0,0.0,0.0,0.045804040651137905,0.2722951556917424,0.0,0.4743796519268251,0.0,0.0,0.2560142827831191,0.16120143974267342,0.43963405304074477,0.6535097320887318,0.8666639200364658,0.5020405008375508,0.12244304702278366,0.47856785985480726,0.7377001421337886,0.5401692095436014,0.6177563280535381,0.7904318540806857,0.547600288801583,0.6486534153484548,0.3361712655174174,0.692551074636814,0.0,0.6601603229451491,0.5993998330008787,0.3148940402878301,0.553691336265801,0.4654242363397646,0.6799828898687161,0.7111967290470065,0.7647683670178534,0.6651042124295349,0.41202096477887107,0.8364923111626013,0.8515302077836798,0.7702411791938677,0.4883888403901043,0.6818678708558723,0.026504202530219234,0.09079835689039464
0.5655172570116594,0.9173017652260533,0.42529868392348097,0.08998141711876034,0.20798055708724744,0.7981663643252721,0.16920975174823955,0.6206742656318285,0.5836580973568684,0.47461915070125565,0.48685858297610185,0.5656141574518981,0.5195450018590625,0.18367626742969545,0.7341428946406109,0.3482024654314305,0.6298188341815204,0.6354672021261565,0.4538758176188784,0.6719238857587155,0.6059046842025697,0.7618422088796005,0.6767051579617641,0.41279398951116775,0.8562220677851801,0.0,0.7827165676769193,0.18569049780139857,0.6294192978056223,0.0,0.19044435047806157,0.05540659815263399,0.11611256890549815,0.10319991926154234,0.0,0.0,0.0517825829383768,0.30930336895137933,0.0,0.5124913813606424,0.0,0.0,0.19412376907903503,0.12146548191086391,0.5135077688806372,0.5780043765711358,0.8543379497606782,0.4389200265063526,0.18398628094813096,0.45080542356918807,0.7156188408391966,0.4802176316513,0.666491640537558,0.761068944422935,0.4278328440201429,0.6481252471919283,0.5036766625220609,0.6472507324862689,0.0,0.732747202930673,0.5629372811130053,0.24104465028911157,0.5090240514665442,0.4784119777241441,0.6733376162593752,0.6161907311517552,0.7668814210307102,0.6309892431493715,0.3765108646347234,0.7371127871231218,0.888494043530871,0.7474288293932236,0.4167385480035349,0.5501233721996132,0.0,0.0
0.41436566837533007,0.7218792831740299,0.689187670095201,0.020474233420433682,0.3156008249788166,0.7187592548881695,0.17917351851124036,0.41082656988381117,0.7453207218376936,0.34815751826715663,0.6483552904298527,0.3804622909901022,0.334516164839201,0.036788438106122937,0.8590679614525409,0.07680687224979421,0.4871984325732732,0.523684473854476,0.622236149710904,0.8302245051769379,0.4674518964401149,0.8228366518812273,0.7453725842960603,0.19991635997159787,0.8376686540233907,0.7827165676769193,0.0,0.1612703202935476,0.7187201202966194,0.0,0.08850697501189145,0.0,0.0,0.0,0.0,0.0,0.0,0.3695444591654681,0.0,0.32116472566426757,0.0,0.0,0.0675413275460936,0.030530369585465997,0.4805850953649161,0.4771945587739121,0.808851929439338,0.6281337257133194,0.06849798979020263,0.44413767686665945,0.7615488615773258,0.457714818712343,0.59971547501631,0.8499325912889066,0.39825113966119235,0.7447240497288161,0.36079456290906986,0.6255427177060495,0.0,0.8265253336092174,0.5411217649449401,0.2613927072866146,0.48951608221239595,0.6417981462080797,0.8451352610907212,0.5365566405069098,0.8307808842377848,0.7418465690457265,0.3710153835211121,0.8141511831535145,0.8010969985200089,0.9165504018398626,0.40259015460958936,0.6602238260144819,0.0,0.0
0.07268960620507528,0.2629072399483668,0.33805345930704134,0.5589238094096276,0.45295618376119995,0.3000785596713047,0.4278166807758224,0.17156016684554998,0.4521568842625548,0.7421329508449904,0.48343965462714555,0.3403261304218413,0.6082356362447155,0.09806368340606103,0.22266397249828848,0.3833846217732744,0.17280835165479613,0.31386194649148436,0.3710584269181577,0.33766443768032967,0.10506548657420317,0.3563011606960691,0.0,0.19032074165361634,0.18463537897913612,0.18569049780139857,0.1612703202935476,0.0,0.5469977210775818,0.6122538987827835,0.7018142275741068,0.0,0.3151042209241156,0.48341136436037885,0.16316052044462098,0.2897174645359621,0.4145534585945695,0.5000009877474652,0.0,0.0,0.0,0.0,0.06686526699631729,0.037042857523840456,0.22769739088658997,0.06434926437142688,0.20020360102757467,0.3289302644820645,0.038674639827701945,0.0,0.0,0.0,0.1722533303777402,0.2614828893705964,0.07212262277252424,0.29365372806577933,0.3962623678085173,0.13992631641040698,0.0,0.11350945600594403,0.21278368447086182,0.0,0.22784309575341688,0.4266252531885641,0.14966559438182192,0.14869342400519683,0.09095342582982396,0.0,0.0,0.11878089108171602,0.1221149625158455,0.09959806837881341,0.26300898514786114,0.0,-0.009153645394931464,0.005509949086279969
0.6087254742075145,0.625661959398063,0.5918315394944098,0.323631939849811,0.403406718755415,0.6000402007562496,0.31126259098239084,0.3807444250441905,0.6952405301579467,0.6613148959447629,0.547847006211036,0.3868752509751625,0.46544126820583775,0.0,0.673157607672348,0.4250104939972018,0.4176925124463524,0.6686254806091123,0.5947562344030659,0.7613814697283654,0.6338873646062742,0.7853153318423854,0.555681578012637,0.24446654093466907,0.6991419647969862,0.6294192978056223,0.7187201202966194,0.5469977210775818,0.0,0.39978511221127566,0.5568734310921646,0.0,0.15927205501840294,0.21321986901623657,0.0,0.0,0.18309878075129293,0.4534889505625731,0.0,0.26961649582482367,0.0,0.0,0.036869896964067395,0.037181010698617054,0.39003893854690147,0.6102474649463976,0.5845087387620289,0.6116620255061791,0.14003224768535152,0.15059922859576805,0.4686941237479409,0.2694084320109945,0.503434311928826,0.7422113441960114,0.3400701262085008,0.5816125261551093,0.4097333724420659,0.4262211043502246,0.0,0.6444513265466452,0.6262665738156143,0.1215765703092063,0.5666590901089921,0.6949339715519609,0.6688598736759588,0.7043917916972007,0.618973242477308,0.5828831154558859,0.3990037866898196,0.6086579961041654,0.6528945221143352,0.6685299946174159,0.3078786251303105,0.5147772366577321,0.04241708737557601,0.0
0.2809961921992481,0.1411385140101316,0.023665583289812553,0.5099196374598307,0.43114192984821575,0.07585701411661946,0.20068752573558335,0.18154615124818443,0.31043699709469846,0.5244019228776606,0.20552522117061117,0.2686375990232798,0.30632815093660865,0.0,0.04231927142567554,0.3504270945383769,0.0,0.20489224044351412,0.3131322148476012,0.19112343500328816,0.39198666683126193,0.17248619787369612,0.0,0.045230654467287024,0.047092370255012006,0.0,0.0,0.6122538987827835,0.39978511221127566,0.0,0.5750554097391436,0.0,0.19104241832737445,0.3734167021176302,0.21613940089146694,0.19492191560798583,0.35378467750628184,0.3725921359700915,0.0,0.06856040064544155,0.0,0.0,0.21089515132161724,0.17708873153089055,0.1751272904683705,0.3241247956899588,0.0,0.412745759747579,0.0,0.0,0.0,0.0,0.20521510349227884,0.15507063159357884,0.07812488810055152,0.07874844259280378,0.23256047662204274,0.0,0.0,0.0,0.09190561749625731,0.0,0.19988671758383997,0.34533391406808117,0.0,0.3559962589772047,0.0,0.0,0.10851750584437353,0.0,0.0,0.0,0.11491789554634058,0.0,0.12717019064374105,0.0
