0.0,0.5096029734823447,0.10391769592640623,0.49370230861569386,0.0,0.0,0.1858614564574298,0.2564638863720476,0.0,0.39865300524179914,0.051602641438230096,0.0,0.0,0.18989719820770493,0.6266840290405231,0.27490663512932834,0.3313707318211848,0.33675994362447037,0.03516846652408109,0.08230735285980012,0.8269514744236084,0.204539262658261,0.15012436858830616,0.07384470309163915,0.6935277402834139,0.47510712349819234,0.0,0.13897428967309378,0.15351776269567408,0.0,0.18153423267751967,0.16513594151561065,0.08748328946225134,0.0,0.0,0.37248806575688503,0.03065073111165878,0.2541211804541483,0.09589980273064408,0.28813295074717454,0.06770321206850705,0.0,0.5558854907803722,0.20127902671649683,0.15909819038065778,0.817840777220782,0.0,0.12420736205456519,0.6550175746259382,0.25804739307471913,0.0,0.2693326203095522,0.27892609858549766,0.0,0.322113382932656,0.09503442266678203,0.0,0.0,0.4610458258258674,0.5717979868878191,0.3436647634665271,0.0,0.2574231502870732,0.06064437974764994,0.06917589475545455,0.7319170154342115,0.0,0.1925671167285835,0.05171437969955617,0.3390733269083182,0.4077098393252055,0.21675046068773268,0.19381649246232524,0.41740864897443664,0.5187605794380292,0.5679395061295678
0.5096029734823447,0.0,0.22168756912639265,0.16517233177764898,0.3483606874445493,0.3935315930135736,0.4477368624534793,0.3440023244836175,0.3386734152233513,0.542447911670674,0.2624539551119853,0.298919880246186,0.45671557753784336,0.09563363544146505,0.3402200748470722,0.41261597945397877,0.5524738156462736,0.6052238395096176,0.240195756480678,0.2520910876252106,0.40646957915217186,0.39098520753681837,0.3754097166373708,0.3199166831005764,0.756040182386599,0.6328528729930055,0.1849973489949126,0.3265936814232488,0.44007930442903653,0.0,0.16417309270577632,0.40676236557292866,0.23331936599281522,0.0,0.03706188101582663,0.2102262648473182,0.0,0.2275635653496178,0.3341509151173562,0.3124213579184145,0.08983783532321532,0.059205046012614185,0.35498296291436543,0.13806119779201179,0.2223571059934059,0.37390770541450374,0.4161141169251589,0.20934018405193996,0.16382774997005345,0.2775716107619868,0.4469747706283605,0.2949259984471401,0.38347413898237026,0.21733171142129604,0.4331276018629914,0.26905292151146837,0.3021744631085877,0.4215258646249881,0.18493016795895195,0.2882758491733963,0.3676153269932564,0.25563180909636607,0.3906076308967848,0.21029536036824395,0.1281627444259009,0.4082734244322716,0.1647220828747772,0.39400964548660755,0.263019740209786,0.5362135022527527,0.5513113159566659,0.33317136490522276,0.21834569904513665,0.2774598166526976,0.4532874383876201,0.22447142631412648
0.10391769592640623,0.22168756912639265,0.0,0.08404440131962126,0.4426149120168075,0.3870623847466461,0.33514038259813644,0.595832210119201,0.7220552781495714,0.2996152163597798,0.8525576343607331,0.2773060124000638,0.4785108911168053,0.3705741469315659,0.36726977406384387,0.20171804645395508,0.3236671715930757,0.2472665496462482,0.9425345375234551,0.7492780176024114,0.03523150492735683,0.684320965732043,0.5553510641400986,0.18038235209661257,0.13952218815995293,0.29780746066576635,0.5804362237732925,0.5312570484416398,0.16408565189995905,0.3824980628393475,0.21649098862210922,0.29355622040430907,0.0,0.0,0.0,0.25180144520308767,0.0,0.13589170483063018,0.2943076069125187,0.0,0.17200184525694462,0.0,0.27329824445780077,0.033866197687064795,0.2502644933509943,0.11047974120380258,0.0882895880317506,0.9220300455426236,0.17107359518009382,0.5928714652508666,0.2763903594749112,0.3524458565350508,0.5039444821292545,0.686398206600437,0.49313886430143034,0.8564427265133566,0.4447910470234814,0.35759081715770746,0.48774338405970075,0.37913820407869736,0.26929135839892177,0.2651596296038006,0.2027218806399419,0.8948035184993317,0.6528116325540416,0.0,0.5909173433757584,0.510752411853652,0.16899781562093352,0.2022893196278026,0.273924090278951,0.5529634588987752,0.3975159181396668,0.047780142400246084,0.2907052807587227,0.09232794993334188
0.49370230861569386,0.16517233177764898,0.08404440131962126,0.0,0.28478002674084024,0.0,0.39261791164737303,0.1313568571701356,0.0,0.0,0.09546349553385075,0.0,0.20096747319367309,0.5116174876340169,0.4910695236308845,0.09244482047058808,0.01270246722254001,0.1983298148984562,0.026364362190133384,0.16139195877149248,0.3917230461973802,0.2017774108984921,0.0,0.0,0.2014237303895463,0.11169954756965866,0.0,0.39374493402767086,0.15695015106680135,0.0,0.07693259526048943,0.0,0.0,0.0,0.0,0.6549303370010608,0.49616395920418543,0.0658951320675098,0.0,0.0,0.0,0.0,0.5188565717725206,0.19473328600908973,0.055667401421354595,0.22209384509961416,0.0,0.01828686313902901,0.5949759180038534,0.44153908431143324,0.0,0.49689542986769364,0.03834045865857559,0.09119957184341151,0.05588448413890608,0.07400100683163416,0.0,0.01167549488535835,0.5186000422790205,0.39521215594670056,0.07002939324020772,0.0,0.12049231960305591,0.01802940820500827,0.20022239589113522,0.2264072728314551,0.14791195501483168,0.0,0.0,0.02064844027404545,0.0,0.2288933637228861,0.37141554070239136,0.4042738734966149,0.13862036496009095,0.11638773556505744
0.0,0.3483606874445493,0.4426149120168075,0.28478002674084024,0.0,0.547197289644038,0.6910241001816404,0.30707364953413524,0.7976407036122116,0.13989166195332234,0.6524655913439172,0.21950475069366115,0.8117183314540504,0.32105762696163387,0.22805776523453977,0.31673082670526115,0.3517158432192752,0.36911882103507887,0.5705588439835879,0.7088299331176848,0.0,0.6875142081652968,0.33757696185154296,0.0,0.10581989248963727,0.12562863856827747,0.6471338838806686,0.742914722132651,0.451177485735475,0.29978604211359405,0.31163748134245395,0.10136900726113755,0.0,0.0,0.0,0.36379203692993345,0.08618387292055724,0.14909799253672473,0.07344593208384582,0.0,0.14082705136096052,0.0,0.2339167573233779,0.0737162385525903,0.3231080538557169,0.0,0.23779513194334814,0.4564692537077568,0.0,0.7499368300447129,0.3041037312376598,0.6475821012778027,0.2513892372362583,0.7868726869271585,0.3053763148591472,0.5937977509876469,0.35718219258582007,0.5088137973638431,0.3505156549835658,0.32287587349765806,0.296776632168294,0.3014127129889328,0.28166939569558413,0.4801206909100363,0.5579419380446292,0.0,0.5940488469598485,0.35179586033585747,0.0,0.11005193018757133,0.09286209224186023,0.6124581480367493,0.4733822904652387,0.154172155815874,0.15663365801096377,0.031861956448940076
0.0,0.3935315930135736,0.3870623847466461,0.0,0.547197289644038,0.0,0.38732651578377075,0.4482176005125754,0.6198204193050533,0.36670967356311573,0.5042825329125207,0.5267975586295179,0.6385503908110216,0.130027688015649,0.0,0.3144240219327841,0.21362063436513076,0.24304303554397622,0.47897000496531383,0.5048758066534043,0.0,0.46486416658187124,0.5127995243811647,0.3596484446319437,0.12884376035058187,0.3023866781303571,0.6542519299868766,0.3530602546010252,0.43447489106024456,0.28023821996300713,0.32621973688010153,0.22828029616242795,0.17287679309453635,0.20769428082685318,0.0,0.0,0.0,0.04559948775640657,0.2410568531699609,0.17880132608521923,0.3915700083146637,0.295615758175079,0.0,0.0,0.3104810113492279,0.0,0.6767735253159382,0.4129695352793025,0.0,0.19955556109715916,0.617548182844847,0.23390720444479013,0.3818855889410832,0.5284826689677371,0.43315361180504747,0.4776919059344459,0.4738769576680549,0.49592648687151686,0.0,0.0,0.1941292196834005,0.6177993006561644,0.1724937359133552,0.41877401515331214,0.32982138769294633,0.0,0.42129809281912695,0.5109294884377812,0.3540710727788245,0.32916833091859027,0.30059613591022727,0.3724637218662554,0.10271321335764708,0.0,0.0,0.0
0.1858614564574298,0.4477368624534793,0.33514038259813644,0.39261791164737303,0.6910241001816404,0.38732651578377075,0.0,0.22456940534491263,0.5602283819297877,0.45603809962005926,0.5008199020234083,0.06212295870379583,0.731157516376812,0.3493985412932007,0.1894362765427333,0.4159315990155723,0.4329949103331226,0.4789410237876073,0.37746345669299053,0.5293175591804239,0.04220456402894668,0.5612514142133316,0.2438690207770214,0.0,0.4560974553068638,0.14634930315553485,0.5397779479699023,0.5373373725287699,0.6108581616506428,0.13479979428221517,0.3769639441028339,0.1378878238800661,0.0,0.0585139216583844,0.0,0.30473988750365816,0.0,0.18427573004803016,0.0,0.05271191558845488,0.27435260196099887,0.09520037385075927,0.18725289611998153,0.0,0.39030093153348,0.22859535493194638,0.06335022385273989,0.34641724193853657,0.21186791864628354,0.5523980084360293,0.07730977477042641,0.5907500368685673,0.19035827289866414,0.4906250584272937,0.2773282470632096,0.4567201089304572,0.12629972904633183,0.21364806569930303,0.34005585303282626,0.3068723251784382,0.27717587498094615,0.045038876717308135,0.22025926535362655,0.31768782382875616,0.26202836528858436,0.11945973254019479,0.3378543911266828,0.22433688885530223,0.0,0.17623450704171625,-0.00016402208572152688,0.49847655696085635,0.1845539184422756,0.21784381417428758,0.17770788287239403,0.16351478161740823
0.2564638863720476,0.3440023244836175,0.595832210119201,0.1313568571701356,0.30707364953413524,0.4482176005125754,0.22456940534491263,0.0,0.463459770925566,0.44005210797470506,0.6419145464189921,0.42237563032657494,0.34493167550845605,0.27675099438581957,0.3166186134613454,0.14096582751816472,0.2929357078897275,0.1835150889633713,0.6057986761805269,0.5452361471276727,0.3002258735461384,0.44320275037854623,0.7929816752281685,0.4397011949747557,0.1940347247707133,0.5092822461834658,0.26042622927049647,0.41589935770331277,0.02228723499578042,0.393520778503485,0.3177884860916381,0.3199205660262946,0.1923333813289554,0.09797405952502725,0.0,0.3318322341534709,0.0,0.2552588102434703,0.25269732646783677,0.3040612792497858,0.3410483511377794,0.0,0.26304925982017924,0.0,0.3660818957370844,0.3141516463317931,0.14856642522150265,0.6212094389639586,0.2350720184556913,0.38406860037346924,0.37698189735436183,0.2243472278263538,0.8266291858772772,0.38762963851406734,0.6662953333089146,0.6397850284762034,0.5731277429825001,0.42335189535965967,0.4203381690115401,0.22438080794666124,0.10989198622144856,0.3674225949735905,0.08671701012859279,0.6011576939023782,0.3471090190883176,0.34250397515645387,0.28144612281356285,0.7062391020471275,0.40576500828220846,0.19658022627444846,0.5204939890048905,0.25791727674544634,0.27617454976259187,0.0,0.33128132328932125,0.23326420448988822
0.0,0.3386734152233513,0.7220552781495714,0.0,0.7976407036122116,0.6198204193050533,0.5602283819297877,0.463459770925566,0.0,0.3214616373184998,0.8416377317438593,0.4426620559367555,0.7673832486481602,0.271523168175844,0.120200102601281,0.2173336680010486,0.42500664816794875,0.2955952144453603,0.7927084720692542,0.7331432847567223,0.0,0.6708263338486172,0.5124759436884144,0.19331509180005424,0.10920101022607834,0.16048564676370122,0.7500668788392293,0.624686231595619,0.3269518269896319,0.29915301496204216,0.21151197587360057,0.22474529301228666,0.0,0.03139298489709827,0.0,0.17249432017276697,0.0,0.15110917353019757,0.2810360422726097,0.0,0.163782720869815,0.17517959408452938,0.15367712766817612,0.0,0.33457347652706343,0.0,0.22274613137239724,0.7019644175857038,0.0,0.7207597672054087,0.3372019906278662,0.49188580871100185,0.39306339334653223,0.9430509512098293,0.40948658146050565,0.7842574231832828,0.5543062628451155,0.5069345800973364,0.38299988155840337,0.19134536902666807,0.21264927316156176,0.31658970044104146,0.1988962934819631,0.6590013145197635,0.5239864546392838,0.0,0.5280961284848776,0.5305573875714081,0.1832010293661307,0.11429726130163231,0.16192192671657687,0.6624977255789892,0.33541283985360987,0.0,0.1547948764521082,0.0
0.39865300524179914,0.542447911670674,0.2996152163597798,0.0,0.13989166195332234,0.36670967356311573,0.45603809962005926,0.44005210797470506,0.3214616373184998,0.0,0.3310459087662233,0.5648110244387887,0.3920914063993594,0.0,0.0827339652533394,0.4619333607171519,0.6425642831088133,0.49607145101059597,0.2945200291232287,0.2858948755115412,0.2935081686235706,0.3273934524793333,0.3979238218114506,0.6352203672977607,0.6633134539583834,0.5003680892726106,0.17448751424440095,0.17623596514904846,0.385695920987837,0.3177024625719568,0.5062804036698595,0.47102076018996264,0.5187349273805509,0.43032032049885116,0.1586392915999647,0.0,0.0,0.21654066331972632,0.42686442265225644,0.5521073647133536,0.4819675948354759,0.36950244856127695,0.0,0.0,0.39719267154393645,0.570038783838333,0.06496532075913986,0.3598595751610514,0.17590981322029958,0.11750283958807356,0.11400726871483263,0.11149107777508921,0.43383437336289526,0.14279499067122484,0.6289353305885316,0.3313307749705298,0.4974986908080125,0.21800656139828187,0.05530274929409103,0.13483550112418077,0.39650699515907945,0.3126523833720818,0.364017520992868,0.28242735095097865,0.02377939720649319,0.3892318428307832,0.048926176863298754,0.3703736896255965,0.5206321698890594,0.4280664205281043,0.44262091399621023,0.12625856109680042,0.0,0.0,0.34804389565697724,0.4083108629846479
0.051602641438230096,0.2624539551119853,0.8525576343607331,0.09546349553385075,0.6524655913439172,0.5042825329125207,0.5008199020234083,0.6419145464189921,0.8416377317438593,0.3310459087662233,0.0,0.31342604337577745,0.6443190266635231,0.33196605007327135,0.2768378359896463,0.16777079178198537,0.32082055079812777,0.20587328858404091,0.8870995707317735,0.7102473257116337,0.0,0.6477826607288315,0.6304571582915803,0.1635685452361088,0.12912387033904174,0.21347475163441845,0.7197239408609765,0.5950003567169105,0.24412500976140106,0.3688186165875813,0.24776315942984864,0.23875847386940768,0.0,0.04370965776365514,0.0,0.27698374557678085,0.0,0.13514733379594476,0.22645522878044286,0.02149286945537192,0.25370619349189155,0.035562411348555534,0.1864536317341526,0.0,0.3226654083471555,0.12879419982558646,0.1689002230162055,0.8356001700003348,0.10493332336681958,0.7072214149905677,0.2938789926502854,0.5170730625505304,0.5660940876377202,0.8030165587895536,0.5010141855159125,0.9423669491203257,0.47629183727345614,0.4730150741438823,0.5203907940283079,0.2975386900722635,0.16243114905266315,0.27117556422219524,0.12025739733533646,0.8283262261736831,0.5035710035433021,0.0,0.49811416674938047,0.605163843592724,0.14735212768916636,0.18168353330972586,0.20565558883653887,0.6535839994375725,0.2939370785992094,0.0,0.16575138705851855,0.022941988276565253
0.0,0.298919880246186,0.2773060124000638,0.0,0.21950475069366115,0.5267975586295179,0.06212295870379583,0.42237563032657494,0.4426620559367555,0.5648110244387887,0.31342604337577745,0.0,0.36079264480999346,0.0,0.0,0.18763924796919274,0.5295133916933751,0.21479943343964,0.3355643100123631,0.29164605020394585,0.0,0.23206763995586616,0.39278021702732896,0.7778201213319544,0.05547703426023701,0.3873256058374011,0.16283080130779048,0.16608985062345097,0.0,0.31359679331362966,0.1649284321994814,0.3990977845412149,0.3785600940498457,0.31594263010863627,0.3641795735529325,0.0,0.0,0.09725089709332582,0.5737410668443853,0.3393382169714632,0.2775529271611532,0.4387192082545237,0.0,0.0,0.23653254419520264,0.023587960683954676,0.2334735935484002,0.3417683477762974,0.0,0.045179841596901055,0.19852121961627517,0.0,0.3758489416334838,0.2957408901839612,0.49654000837904866,0.2842084378160521,0.865926129409052,0.4799887077906197,0.0,0.0,0.2274369988890163,0.5562191410977747,0.222609756074406,0.30118242217878005,0.09614636561175433,0.0,0.11721170453636628,0.38953748614143363,0.7448292630287179,0.09929729474178434,0.4845396909250357,0.0,0.04094770793714386,0.0,0.2764238550332293,0.07732925625763157
0.0,0.45671557753784336,0.4785108911168053,0.20096747319367309,0.8117183314540504,0.6385503908110216,0.731157516376812,0.34493167550845605,0.7673832486481602,0.3920914063993594,0.6443190266635231,0.36079264480999346,0.0,0.21849406943427704,0.1164664032256946,0.4682296866199658,0.5726760901452161,0.5300905735990672,0.5307086083287889,0.6607931338209222,0.0,0.6904068023471508,0.3763579874485633,0.14537671586701623,0.2161169983378181,0.29796547769946446,0.5759882454633559,0.791154402907725,0.6211799906511082,0.3941340864988549,0.4237664420130363,0.20197969843744384,0.0,0.06196311619101272,0.0,0.2982637417095112,0.07774267975543257,0.09825130321244527,0.10039937008739785,0.0,0.20070500065143695,0.024384781398368395,0.16109334435818728,0.0,0.3161962165777933,0.0,0.2280331238387819,0.44512906327035956,0.06626686904604405,0.7009802583564114,0.302212379876521,0.6324950196039778,0.23340265041552224,0.7211326198306447,0.4574390641086978,0.5576229028956998,0.44834742393095306,0.6862687980609532,0.26394745452697066,0.174617147722064,0.37588316162297314,0.49737065808279407,0.42835769707407484,0.45577211768813874,0.45685684500434276,0.0,0.5435188727098017,0.3265981688672914,0.10235158819178695,0.117842213731646,0.17211912972412774,0.43281120077272556,0.417028880677579,0.12729440177846663,0.1798746421245433,0.020635596445309934
0.18989719820770493,0.09563363544146505,0.3705741469315659,0.5116174876340169,0.32105762696163387,0.130027688015649,0.3493985412932007,0.27675099438581957,0.271523168175844,0.0,0.33196605007327135,0.0,0.21849406943427704,0.0,0.3103996293277498,0.015775051891639053,0.008474228823457913,0.08037627917300313,0.31734563675772504,0.3356528603433515,0.14219366279112583,0.3220236404581826,0.3274352891476049,0.0,0.11198112998620716,0.19760040927824127,0.31412705295771814,0.3644085800147413,0.18555261286314656,0.0,0.08808323574810373,0.06554577420854421,0.0,0.0,0.0,0.4669811250779564,0.25063236943466827,0.23158762772557556,0.0,0.0,0.0,0.0,0.36846307835411485,0.13246656821993694,0.12465918704030968,0.06464153690581323,0.0,0.30475964296444896,0.197632525737829,0.4002920863667544,0.17382449762991725,0.40917192794914253,0.23916269416087804,0.3398893977643348,0.09761102225567878,0.33844190516791806,0.0,0.08667694978314266,0.5984340878275501,0.3192474635816138,0.10661687488926502,0.0,0.12338240081128302,0.25307323156917527,0.29821071659145476,0.10898396795969222,0.2751717918593485,0.28977747500876805,0.0,0.0477969965280009,0.07865538831610838,0.37461097893862794,0.2168279766618686,0.2554644418863403,0.006189496132414304,0.0
0.6266840290405231,0.3402200748470722,0.36726977406384387,0.4910695236308845,0.22805776523453977,0.0,0.1894362765427333,0.3166186134613454,0.120200102601281,0.0827339652533394,0.2768378359896463,0.0,0.1164664032256946,0.3103996293277498,0.0,0.18693701724767206,0.013469881814445389,0.18978185856572247,0.30619162356356366,0.4877052797722241,0.5976269188378287,0.5047877231252313,0.26493687237996455,0.0,0.40342451821124015,0.33056979175465,0.13052451686404515,0.353863483772463,0.16607788314251953,0.19831632973849392,0.19567080260829245,0.15238497997536601,0.0,0.0,0.0,0.4066187977349845,0.178915031266031,0.2790085263951265,0.09816321168327594,0.0679349246898203,0.0436752369204094,0.0,0.475306354659213,0.22727182384146388,0.18666050691642366,0.47989359442201307,0.0,0.355923283395288,0.4894015234606839,0.37263075472605456,0.2709867046107413,0.4942655065524173,0.2483878314188923,0.16857005827984312,0.3599333479817504,0.31841916946430376,0.0,0.2322955927662137,0.4060196705222808,0.8884730339787239,0.3401552245218528,0.0,0.22602439144321496,0.3646097094381552,0.5572434248588218,0.43060808114133353,0.4225087019357915,0.2904498206770664,0.0,0.3713160155568609,0.33155513164768363,0.460141680473518,0.5203480215612132,0.541064811407534,0.49056185489964677,0.5371384277869742
0.27490663512932834,0.41261597945397877,0.20171804645395508,0.09244482047058808,0.31673082670526115,0.3144240219327841,0.4159315990155723,0.14096582751816472,0.2173336680010486,0.4619333607171519,0.16777079178198537,0.18763924796919274,0.4682296866199658,0.015775051891639053,0.18693701724767206,0.0,0.5754520501355295,0.785106907811485,0.22399676647589528,0.3347277167672445,0.19569393403853874,0.5332717093792578,0.0037685786086578688,0.17162401978699418,0.48150715086537765,0.3510156806664109,0.18311168148439938,0.4150958089704978,0.6995060063839984,0.49811204985752944,0.6493849255657386,0.06900071356511414,0.12902694011982824,0.26910358086665037,0.04076201248048401,0.10856019185709681,0.0,0.0,0.0,0.24032353968635575,0.42880238859838543,0.036709610727165956,0.06934707629665171,0.0930802488728886,0.20536979526952612,0.4292457786953694,0.022471430428631034,0.24509428035621433,0.20346840974663172,0.12838551744348797,0.08482682586155502,0.3209546870329606,0.07664000088260525,0.0962499203552574,0.3781094765757255,0.20104263264830322,0.08916408615193996,0.29741500392069764,0.0,0.30787489245754956,0.7934280286399058,0.4535403624782153,0.6972108806618946,0.27292419137250024,0.32555131541170784,0.18400812532210048,0.44726980600514715,0.0,0.12528840827931448,0.31892110829676934,0.24160458849834843,0.10025779779993982,0.33054939545049883,0.37420675521427754,0.3798746892487875,0.4851417483546313
0.3313707318211848,0.5524738156462736,0.3236671715930757,0.01270246722254001,0.3517158432192752,0.21362063436513076,0.4329949103331226,0.2929357078897275,0.42500664816794875,0.6425642831088133,0.32082055079812777,0.5295133916933751,0.5726760901452161,0.008474228823457913,0.013469881814445389,0.5754520501355295,0.0,0.7842078987597282,0.31507247650561365,0.3653433319069204,0.1588450340477324,0.440770237221856,0.15603784274078392,0.4798678571839758,0.3874452021439484,0.5134151274417946,0.02854560908595366,0.5173886891899475,0.3792535735739343,0.3280298501307975,0.40885399791654153,0.3714601168812666,0.18729419365283836,0.13289360656657687,0.1554641784350783,0.22343716514200007,0.0,0.20728856959167508,0.3257231188433548,0.1953510806033054,0.14423422698378763,0.15071705978695238,0.31587904056931715,0.12558054923971082,0.20288350680583084,0.37073039430585597,0.0,0.31498590581330366,0.2675842440836933,0.3798011742212112,0.0,0.19585262065074627,0.2703108172015158,0.3207445684535029,0.40922544071266376,0.29456388590758964,0.5246172074483906,0.43975297224057136,0.15062837092256962,0.07542759605797325,0.5065406489290905,0.33418440570802804,0.6243696117028414,0.2813282043606921,0.186208666073287,0.1302264036698867,0.21967394590296585,0.13910014697836487,0.35995875418936535,0.06191969933495889,0.3788728321658976,0.045416466543395456,0.3216109346913295,0.016565929935667273,0.5136924848202993,0.21098020013535257
0.33675994362447037,0.6052238395096176,0.2472665496462482,0.1983298148984562,0.36911882103507887,0.24304303554397622,0.4789410237876073,0.1835150889633713,0.2955952144453603,0.49607145101059597,0.20587328858404091,0.21479943343964,0.5300905735990672,0.08037627917300313,0.18978185856572247,0.785106907811485,0.7842078987597282,0.0,0.24392666868253185,0.329487281286465,0.2904176663446228,0.4610156444666951,0.03805490481558815,0.23664021753110132,0.5237155064645627,0.4737291102564071,0.07548370626849088,0.5163728043028294,0.607432592292444,0.3400131677999124,0.491114171460178,0.1712304682982595,0.06796322878980751,0.0600619946555918,0.06596684222991142,0.38756035511287823,0.06022573232264124,0.19966745260760652,0.06906574588800342,0.07500628310034246,0.14140458369850215,0.0,0.36719909403240525,0.18750692639298222,0.10367468291668144,0.3804896641206801,0.0033024146596779547,0.19789069582172197,0.3470509352180962,0.29540460912394784,0.2037780759739865,0.33821454748772684,0.1643033891958942,0.25099098713772444,0.354421320505502,0.20012404127871863,0.23587633965117483,0.3939816184552284,0.09041845925989626,0.26658599962551743,0.6379927893324548,0.40045475484691717,0.763023849928337,0.23897355121359887,0.332334865429759,0.21731935425295054,0.3957278641856573,0.03640572617962448,0.1418720953434159,0.20829419101655897,0.30264029512196744,0.1609121660498346,0.4777559323179845,0.40137936439750854,0.4891916442535541,0.36128731167962047
0.03516846652408109,0.240195756480678,0.9425345375234551,0.026364362190133384,0.5705588439835879,0.47897000496531383,0.37746345669299053,0.6057986761805269,0.7927084720692542,0.2945200291232287,0.8870995707317735,0.3355643100123631,0.5307086083287889,0.31734563675772504,0.30619162356356366,0.22399676647589528,0.31507247650561365,0.24392666868253185,0.0,0.7629228494357219,0.0,0.7098659790261588,0.5796709487967768,0.22378069007089074,0.1015806128816735,0.25062807423447536,0.6348951319631244,0.5657801659187485,0.18294673949186807,0.44111406478063203,0.25943770464767485,0.3063699211985939,0.0,0.04391192484403489,0.0,0.2470811176591683,0.0,0.13644657061261034,0.3199031076677864,0.0,0.21614078086637709,0.05781687989902003,0.21229784681198138,0.04094378964164988,0.2759715008739494,0.08755850502193378,0.19024967726843328,0.8912985479900402,0.1094677071534995,0.6158205778652646,0.33323532326783756,0.3983668173352445,0.5170587921721166,0.7461144845266381,0.5114964549660125,0.8774158695245122,0.5039610529225144,0.41949030293393175,0.4242100009984737,0.35092516703439625,0.2575790125351697,0.3138190489044724,0.18323335637201663,0.9287028207758992,0.6589711900895758,0.0,0.6203678715491612,0.5315810246005956,0.223526821770034,0.21701805907378677,0.28327984917793264,0.5772244473706412,0.398449049243378,0.009667715199024485,0.317931332537458,0.11996051146068923
0.08230735285980012,0.2520910876252106,0.7492780176024114,0.16139195877149248,0.7088299331176848,0.5048758066534043,0.5293175591804239,0.5452361471276727,0.7331432847567223,0.2858948755115412,0.7102473257116337,0.29164605020394585,0.6607931338209222,0.3356528603433515,0.4877052797722241,0.3347277167672445,0.3653433319069204,0.329487281286465,0.7629228494357219,0.0,0.0,0.9008024358745008,0.45282395885814003,0.1199294995263369,0.1119862767997214,0.2656238773274162,0.5963072410495063,0.6996012165055046,0.41756165905399567,0.5291122118350771,0.4551929498703887,0.3213215943754496,0.0,0.0752054473317076,0.0,0.30948476973142924,0.0,0.19691975050248514,0.3047539754831896,0.0,0.3662275741808381,0.0,0.25323397626361893,0.12362653686605393,0.3757745942572722,0.12347423839888999,0.1405598567842585,0.7287107238996751,0.14679348105744422,0.6645758227875549,0.28731108317345555,0.5633287352302622,0.38307084518382317,0.6788541034672391,0.5239202783152359,0.7122505474485501,0.434198315218228,0.5049063316230721,0.335985761672177,0.5192638223602227,0.4583903798115833,0.393340929455118,0.3286382891768662,0.7297230893000419,0.8626917932996817,0.0,0.8141616305315919,0.43072712897857607,0.18043988463991603,0.222701442076498,0.29305787787833226,0.5515056736929641,0.5431544358257577,0.18605532739785213,0.36836088310977466,0.23484780811594588
0.8269514744236084,0.40646957915217186,0.03523150492735683,0.3917230461973802,0.0,0.0,0.04220456402894668,0.3002258735461384,0.0,0.2935081686235706,0.0,0.0,0.0,0.14219366279112583,0.5976269188378287,0.19569393403853874,0.1588450340477324,0.2904176663446228,0.0,0.0,0.0,0.07552406831545844,0.19608067884780062,0.09963809462554307,0.5910023803442361,0.42074941339560823,0.0,0.02234169888233295,0.12695507096652703,0.032261400588664835,0.21785185513788324,0.13932051230792225,0.12410419975810241,0.0,0.0,0.35343155784967295,0.027512205056092268,0.30781054503761657,0.04280315330235285,0.25429987306032703,0.06222938038686816,0.0,0.4307208065703424,0.21821864176940317,0.08953206990147378,0.7465175358816349,0.0,0.06123035779997679,0.5587688274884293,0.04226716334442468,0.10569348122391292,0.10669550792358812,0.3969320030234093,0.0,0.25072724606264335,0.017462670619029785,0.0,0.0,0.3754408742164967,0.5091918318537507,0.23576137566155742,0.0,0.21789262552567146,0.048393695102776246,0.0773737046202368,0.8599469469297136,0.0,0.24516509369471107,0.0402982827082731,0.30019373822064876,0.37398232229188827,0.14140618013166475,0.21238935068130593,0.47534009882640493,0.43816155781986893,0.58663426737675
0.204539262658261,0.39098520753681837,0.684320965732043,0.2017774108984921,0.6875142081652968,0.46486416658187124,0.5612514142133316,0.44320275037854623,0.6708263338486172,0.3273934524793333,0.6477826607288315,0.23206763995586616,0.6904068023471508,0.3220236404581826,0.5047877231252313,0.5332717093792578,0.440770237221856,0.4610156444666951,0.7098659790261588,0.9008024358745008,0.07552406831545844,0.0,0.3543711533483515,0.10069097938000163,0.29494085087071786,0.3313435274084242,0.6339315088411308,0.7079845129673528,0.6043796482807671,0.5248161164024993,0.5044476632909808,0.30244009930832033,0.0,0.1066449492888471,0.0,0.29580076490256535,0.008649580521368189,0.14328029761222522,0.2515062656289516,0.0510524274500003,0.35346065553922157,0.0,0.2661767804276768,0.1507831625853515,0.39590597682936773,0.24340158684284577,0.18057695020103923,0.6529628408434839,0.14680137789261838,0.641006314524719,0.26454728678727996,0.584925934030301,0.2856192594020165,0.6004389600815365,0.5158227234224033,0.649912533164009,0.3711202109343169,0.49612774484519295,0.3101969301215136,0.5783117480330494,0.6612347834392156,0.3735538180226356,0.460346578409277,0.6945025303351002,0.8033776979623508,0.0730670365201867,0.861469589382506,0.34193873316773027,0.14983379077677136,0.34959764647467745,0.32240926347944854,0.5806671509416581,0.5616457541451336,0.3378707653506868,0.45117297763184905,0.3290655369330303
0.15012436858830616,0.3754097166373708,0.5553510641400986,0.0,0.33757696185154296,0.5127995243811647,0.2438690207770214,0.7929816752281685,0.5124759436884144,0.3979238218114506,0.6304571582915803,0.39278021702732896,0.3763579874485633,0.3274352891476049,0.26493687237996455,0.0037685786086578688,0.15603784274078392,0.03805490481558815,0.5796709487967768,0.45282395885814003,0.19608067884780062,0.3543711533483515,0.0,0.4528847162217383,0.26136637094532433,0.4950873819811456,0.40824297057313413,0.36549410512306213,0.060183493900720586,0.2799485325171415,0.17327741005170774,0.35877151185092016,0.22194511992623064,0.14263721488734088,0.0,0.2176693051278561,0.0,0.34399433610070795,0.32964539159490813,0.30648597722257753,0.3197249304583495,0.08941299854516867,0.16155068139038756,0.0,0.39046768276179866,0.25578632602368717,0.3340841366141454,0.5786748890275896,0.0361197516178709,0.33726169872810907,0.582565123700946,0.18663166502514578,0.8393062030387874,0.4553108930820321,0.5640797236751698,0.599067819952065,0.5273576908553275,0.48280854919956484,0.4645008253475554,0.23168429796840803,0.04908668118004328,0.2574631355347716,0.025394798550213593,0.5388235096580463,0.26338069226796085,0.2982353238309457,0.2326310813352836,0.9270968733080861,0.4238294801241739,0.30198112214202394,0.5487722924276133,0.4388211666829696,0.20132451529420944,0.0,0.14804798248544557,0.10440512079776115
0.07384470309163915,0.3199166831005764,0.18038235209661257,0.0,0.0,0.3596484446319437,0.0,0.4397011949747557,0.19331509180005424,0.6352203672977607,0.1635685452361088,0.7778201213319544,0.14537671586701623,0.0,0.0,0.17162401978699418,0.4798678571839758,0.23664021753110132,0.22378069007089074,0.1199294995263369,0.09963809462554307,0.10069097938000163,0.4528847162217383,0.0,0.23709094855531837,0.5203847760005285,0.0,0.07154731044505624,0.0,0.30385007464417435,0.24089440711732216,0.4980259476058218,0.5456647784664989,0.31365359992087416,0.2635223911935088,0.0,0.0,0.3470166177482935,0.5845026319125113,0.47255261235464163,0.2767535180211549,0.36308967658010327,0.0,0.0,0.30476089312450083,0.31635708019389014,0.192597853685371,0.24118009221422299,0.0,0.0,0.2325628496620406,0.0,0.45818912245059257,0.09738644878387327,0.5569212713137933,0.13497770499302764,0.7174478068470561,0.3103188582269029,0.0,0.0,0.22408780716085183,0.4243843902572465,0.22851813813217295,0.23004347636052033,0.0,0.19672592553330953,0.0,0.43278182948055843,0.8890151343623693,0.24017109572925233,0.6006630249791508,0.0,0.026082176389015777,0.0,0.34370235545149097,0.2562853450121422
0.6935277402834139,0.756040182386599,0.13952218815995293,0.2014237303895463,0.10581989248963727,0.12884376035058187,0.4560974553068638,0.1940347247707133,0.10920101022607834,0.6633134539583834,0.12912387033904174,0.05547703426023701,0.2161169983378181,0.11198112998620716,0.40342451821124015,0.48150715086537765,0.3874452021439484,0.5237155064645627,0.1015806128816735,0.1119862767997214,0.5910023803442361,0.29494085087071786,0.26136637094532433,0.23709094855531837,0.0,0.5334306806355925,0.17279704011202351,0.11558627876970853,0.5415369251753516,0.0,0.3304024430114194,0.3764507433102097,0.2944015758158943,0.1785866593771344,0.0,0.10556772887675503,0.0,0.2507178693453183,0.26430128187375607,0.4249747023227085,0.2595178508802056,0.08317468767816634,0.2344598473229309,0.00647207536586572,0.2677981971823325,0.6647752827730923,0.1797967375648994,0.1314780836912549,0.2691679716424421,0.13913916671886503,0.24048975348124868,0.2734018590996062,0.24486642892033145,0.0,0.40259970573307124,0.16485216895437382,0.01883801656973777,0.09369486635926183,0.19607905780612342,0.40083682184182895,0.4624664608194232,0.0009297996124838503,0.38509642052347615,0.0948826437187808,0.0,0.5996831258247765,0.07076250750930058,0.27528758974630185,0.1641635931471784,0.7041240825892393,0.44112202400364786,0.33124826835242305,0.0,0.4584305716307523,0.37760146822667917,0.428068031404673
0.47510712349819234,0.6328528729930055,0.29780746066576635,0.11169954756965866,0.12562863856827747,0.3023866781303571,0.14634930315553485,0.5092822461834658,0.16048564676370122,0.5003680892726106,0.21347475163441845,0.3873256058374011,0.29796547769946446,0.19760040927824127,0.33056979175465,0.3510156806664109,0.5134151274417946,0.4737291102564071,0.25062807423447536,0.2656238773274162,0.42074941339560823,0.3313435274084242,0.4950873819811456,0.5203847760005285,0.5334306806355925,0.0,0.0,0.26992604956497723,0.2247587613438123,0.06277037636950256,0.12654867380558438,0.3599678552496891,0.29315898934774276,0.0,0.0,0.22659893722677488,0.0,0.24332328527322142,0.30223331499195544,0.2645246012343444,0.12660639789073158,0.0,0.37526258169980253,0.1257067359215653,0.1926439095210931,0.45129198353028466,0.2841736433419211,0.3044449296213382,0.2367654424696009,0.12746283994601632,0.39066423429033353,0.0,0.4955559008339234,0.0925959305442017,0.543560648876468,0.23836525516794266,0.4216990048950688,0.3989117223061004,0.21776299438882749,0.25564070291481805,0.36234235623020383,0.36926252260184095,0.3559513604316367,0.2637941386075792,0.15968783783467538,0.3878698870811885,0.19136557797943143,0.45402407469292116,0.43981205171200993,0.43445443236558134,0.8332757978197438,0.14087543894947557,0.3083205056863619,0.128522172057633,0.38612122279471384,0.15623943046784577
0.0,0.1849973489949126,0.5804362237732925,0.0,0.6471338838806686,0.6542519299868766,0.5397779479699023,0.26042622927049647,0.7500668788392293,0.17448751424440095,0.7197239408609765,0.16283080130779048,0.5759882454633559,0.31412705295771814,0.13052451686404515,0.18311168148439938,0.02854560908595366,0.07548370626849088,0.6348951319631244,0.5963072410495063,0.0,0.6339315088411308,0.40824297057313413,0.0,0.17279704011202351,0.0,0.0,0.3527569405040828,0.47776657524219646,0.1484503017202483,0.17986807086432255,0.10966112963192402,0.0,0.12147210872869099,0.0,0.0,0.0,0.06947685145350627,0.19450378825784753,0.0,0.37127629054569755,0.23381492493236172,0.0,0.0,0.3564044713624275,0.0,0.402218501561046,0.5770746224009935,0.0,0.4847504260797713,0.3884053406385312,0.469685000783227,0.20500317162678292,0.6953058372129092,0.26747813073756654,0.6929967217928595,0.21472068518888082,0.25333812772987824,0.2745029564909876,0.2420103482413643,0.21567190139174242,0.17362686351342788,0.05245148457670579,0.5690502387878803,0.4781290063624813,0.0,0.5521569976705639,0.4657109413906785,0.01750927130342847,0.3441650394824059,0.05683554168362531,0.8289209215604463,0.13835694562157788,0.20466000550656271,0.0,0.0
0.13897428967309378,0.3265936814232488,0.5312570484416398,0.39374493402767086,0.742914722132651,0.3530602546010252,0.5373373725287699,0.41589935770331277,0.624686231595619,0.17623596514904846,0.5950003567169105,0.16608985062345097,0.791154402907725,0.3644085800147413,0.353863483772463,0.4150958089704978,0.5173886891899475,0.5163728043028294,0.5657801659187485,0.6996012165055046,0.02234169888233295,0.7079845129673528,0.36549410512306213,0.07154731044505624,0.11558627876970853,0.26992604956497723,0.3527569405040828,0.0,0.40707538326535575,0.5439087379573778,0.4822980560926577,0.11072516195142279,0.0,0.0,0.0,0.6010675783058477,0.35618937863818195,0.26150019299674815,0.0,0.0,0.03612415169193192,0.0,0.405159199506374,0.13148023565656325,0.2873843526588077,0.10501733574860009,0.05041172382799794,0.42509180706952276,0.30278051056248556,0.7230168900167897,0.27466745715096064,0.6431545022822245,0.26308255078092724,0.6473166817333347,0.42071988121808584,0.4893724949920712,0.37732174264114066,0.6807289215290891,0.34753794023816453,0.3940181722405542,0.412368210364662,0.38838317764846464,0.4731942317971736,0.5215064827407869,0.6391552599042709,0.0,0.6549336246553322,0.3162188817817176,0.0655269587937552,0.05748700298612214,0.19638750197348703,0.3672532244557791,0.7341608561441351,0.23907249646011813,0.4314661830353425,0.15256930828023685
0.15351776269567408,0.44007930442903653,0.16408565189995905,0.15695015106680135,0.451177485735475,0.43447489106024456,0.6108581616506428,0.02228723499578042,0.3269518269896319,0.385695920987837,0.24412500976140106,0.0,0.6211799906511082,0.18555261286314656,0.16607788314251953,0.6995060063839984,0.3792535735739343,0.607432592292444,0.18294673949186807,0.41756165905399567,0.12695507096652703,0.6043796482807671,0.060183493900720586,0.0,0.5415369251753516,0.2247587613438123,0.47776657524219646,0.40707538326535575,0.0,0.26169256638941485,0.5627598701326849,0.15065903044803958,0.0,0.24340392644695724,0.0,0.080631385725463,0.0,0.08867545431207116,0.023166610362756704,0.18639401028589475,0.4653492069751656,0.11675915232841816,0.0,0.0,0.2517119380948927,0.25443536448739745,0.1802993258736302,0.15340225238208544,0.057587028712350545,0.2997917971821313,0.1886752923550592,0.5140909627003619,0.0,0.27223180083262477,0.25127320321302593,0.22073633140456822,0.0,0.26900917856339795,0.04510736265336404,0.3409494250063987,0.659410978640909,0.2642451913246851,0.6032059784033128,0.15962424908660083,0.38574785935608213,0.1787352679896374,0.47650140162185867,0.0616952289039534,0.0,0.38364307260540764,0.06402840890032063,0.40244901908731145,0.2310613869851401,0.6264716038020965,0.09491340894499521,0.348487225578593
0.0,0.0,0.3824980628393475,0.0,0.29978604211359405,0.28023821996300713,0.13479979428221517,0.393520778503485,0.29915301496204216,0.3177024625719568,0.3688186165875813,0.31359679331362966,0.3941340864988549,0.0,0.19831632973849392,0.49811204985752944,0.3280298501307975,0.3400131677999124,0.44111406478063203,0.5291122118350771,0.032261400588664835,0.5248161164024993,0.2799485325171415,0.30385007464417435,0.0,0.06277037636950256,0.1484503017202483,0.5439087379573778,0.26169256638941485,0.0,0.6587646146565824,0.17919086616302213,0.09259314446580542,0.39059215999759755,0.008804457795116308,0.16642800088826326,0.04540212890369079,0.11336704463184852,0.12213667865063357,0.19264797568612096,0.43930688521087324,0.0,0.0,0.0,0.3012576420250328,0.22848137445066713,0.0,0.35228542999874635,0.16470715052688495,0.2509130282156852,0.09381965116217135,0.22013045775895831,0.22429584132402952,0.27460851206422976,0.49096093997169826,0.3069294482998635,0.3968201084002749,0.4296160570783373,0.0,0.25144447299957445,0.4386149017473273,0.4776165773049239,0.37757162814510636,0.4651222368691863,0.4448666311743603,0.0,0.46157079282140934,0.19921604651322278,0.36392391544785613,0.042386192751414475,0.14507003329515988,0.0,0.408274042025609,0.0,0.382782265023782,0.4059164800372045
