0.0,0.37955404793248293,0.0,0.0,0.0,0.3228721264497647,0.0,0.0,0.0,0.3294716162229501,0.0,0.244795383765008,0.3377395456005031,0.07226987523296916,0.2778857427732034,0.6632738166955231,0.3407156785256947,0.5208917900210651,0.06855870822328966,0.4381494280572103,0.5688391439481097,0.35664788107396006,0.12625085628846358,0.4717319908774157,0.6566813991049981,0.44442746348491435,0.2286988613207367,0.4872981922009245,0.6311386773729999,0.23512894367985343,0.5343132304876339,0.3632535500672359,0.39218217231232344,0.4366790634123294,0.0,0.4633157529468279,0.24766257086871005,0.2614159475200941,0.29715066314924116,0.30293727274395404,0.2078231976751688,0.02734939284531404,0.1371351017015809,0.30385301871397236,0.2723217896129191,0.6314000465933282,0.0990278895368964,0.05088142162082923,0.1078993621238618,0.0,0.0,0.0,0.0,0.0,0.3869088769833573,0.0,0.2976391509589954,0.21452724165691367,0.0,0.227086364421396,0.3751030901363699,0.32403588301489067,0.4501752663636801,0.10198297040463804,0.33924267591009505,0.451825324324136,0.34182437655315884,0.1824036243173432,0.47468723481019,0.5786036243050168,0.5067541653104352,0.0,0.38858801417906874,0.4577680407163399,0.3473627708499992,0.3874125454486329
0.37955404793248293,0.0,0.14511194341697886,0.3441341250143604,0.6059943857345487,0.5286019402710268,0.5131350131427025,0.4416019338099712,0.3374168369232828,0.5820556949707313,0.09333810025047604,0.47876113081202065,0.45249682763818844,0.21091510639772754,0.42023270713417255,0.4373901560651683,0.6003465184756289,0.5407079348303012,0.14716207000036152,0.45841186906216624,0.598011210057692,0.6966070386897358,0.3040194803785954,0.0978239479404791,0.700796042153437,0.6858955234356757,0.3226293295830637,0.33421057170496304,0.397209260793069,0.15596982591851807,0.0,0.1526935784499637,0.2954142298079479,0.0,0.0,0.07628112554037253,0.20922951944006257,0.3654803770785327,0.07273053400940842,0.30935681846595176,0.0,0.0,0.11424343025593027,0.0,0.21709003479352612,0.0,0.4753520215897734,0.040143673098287286,0.07831418277098766,0.42043608044539704,0.22267508688561116,0.4745594804470227,0.22416268033041348,0.31401450291793853,0.5791257224817394,0.2865879166552663,0.204337444044565,0.3362173982647277,0.1034028885628727,0.25961702210160176,0.13441597047270235,0.4037517444956167,0.10552448944560705,0.14180664764064113,0.3265445703961211,0.45939151873214407,0.29505088645070465,0.14928022470626226,0.0,0.28524762845602647,0.44456324066748737,0.07580011570351275,0.14885293332577593,0.1968173183651436,0.0790592031565025,0.06293337378341624
0.0,0.14511194341697886,0.0,0.0,0.0,0.4092750608895489,0.0,0.3135525201597088,0.5724475060387405,0.0,0.4573472052655758,0.04224820385044106,0.2094796689902719,0.0,0.42639910603189285,0.1980995139133449,0.06188515003772124,0.17239095124828374,0.8079420928389274,0.48041006124181146,0.31383376972006505,0.3912947587753152,0.7095545041352908,0.0,0.0,0.2259438540216062,0.6717559990012303,0.34592984750035205,0.20014634619342359,0.08573987748311568,0.041723401012197736,0.0,0.0,0.06400494906987973,0.0,0.23468113930559548,0.17297327840546042,0.051209872704453346,0.0,0.0,0.0,0.0,0.051776599438357024,0.0,0.006393757912126763,0.27457754370704435,0.407876263851642,0.8841379209269979,0.0,0.21503352225900554,0.724653690401562,0.36770801885333293,0.5602417371310368,0.7546014263784389,0.06424860692825252,0.6362823937673965,0.15712169845128698,0.5035510244315733,0.0,0.6000846189908124,0.1699054623505279,0.29919950880081914,0.2988746776854568,0.8257912394685017,0.5303316608097028,0.42969390988322703,0.48657793242405684,0.6945685811580811,0.0,0.20750261204079704,0.1440553031967221,0.7176561658480369,0.3072984547047145,0.3493577658308299,0.10379888240256274,0.0
0.0,0.3441341250143604,0.0,0.0,0.5645917776835959,0.0,0.46523327647129364,0.11092711393419619,0.26140657970517334,0.5596486253696786,0.0,0.060731227751603875,0.0,0.1008790049755044,0.0,0.10962383727586755,0.5730554957013779,0.17824964215390926,0.0,0.0,0.11683792147345115,0.2776836526432625,0.0,0.0,0.21367686707391184,0.272551918073217,0.0,0.09301126282966618,0.14456787253516193,0.1136422000525314,0.0,0.3153237886085181,0.2397392690369471,0.0,0.0,0.0,0.4059495015883443,0.31065457147801767,0.25794756934961993,0.3179153969323375,0.23596299059371076,0.0,0.3489777390290676,0.0,0.2997189908980666,0.0,0.03551008564382059,0.0,0.4091383033258126,0.33077414261551613,0.0,0.42235011633898084,0.0,0.26680107805598996,0.4270187415220254,0.23442885993751028,0.0,0.03883274642293218,0.1746754912497565,0.0,0.1984318611854896,0.3021129166882238,0.0,0.0,0.0,0.17878481866767432,0.07977412634744213,0.0,0.0,0.0,0.053729329523311956,0.0,0.0,0.07647955753053022,0.26634496957095116,0.36382562236408467
0.0,0.6059943857345487,0.0,0.5645917776835959,0.0,0.2501705381803614,0.8380161003030455,0.4425696448487233,0.5600846618300981,0.6555634296349913,0.4109726950570865,0.312091218551372,0.0987718552667432,0.6189905688214172,0.19968650607305954,0.08125169935442642,0.5312834012256826,0.23462690101184125,0.0,0.18061538311062025,0.21405300858898094,0.5091812886389203,0.0,0.0,0.3495450582972657,0.23339155615069432,0.07290679056273175,0.059206854514761875,0.19547694464770604,0.21632063635704352,0.0,0.09908655636394925,0.23679872730719836,0.0,0.0,0.0,0.062033859006681694,0.17588524403322775,0.0,0.23353442461816779,0.0,0.0,0.061100905793965626,0.0,0.05740226232127027,0.0,0.0,0.0,0.02920826947802274,0.6932653833731094,0.0,0.47842727150709263,0.09936456625040771,0.33417744242595604,0.4144773627503739,0.43182313189240107,0.0,0.0,0.33735910309451006,0.0,0.0,0.040891810685471375,0.0,0.0,0.0,0.17407707779187803,0.0,0.0,0.0,0.0,0.0,0.0,0.0,0.0,0.0,0.0
0.3228721264497647,0.5286019402710268,0.4092750608895489,0.0,0.2501705381803614,0.0,0.021030037272374735,0.4326097130919543,0.1854417433209029,0.18623416457273376,0.06692065928656687,0.3520476671918272,0.5026020624622543,0.25405252815234647,0.4666994131339221,0.39257953525835515,0.2570063856863038,0.4687702351699261,0.3693874646787304,0.5155691668163456,0.589271710905,0.33320631851667676,0.600586665221328,0.4103937635415675,0.4230751118143972,0.48267883800139966,0.4841486780647952,0.3132789761871878,0.5060400477976598,0.04013953989983643,0.0,0.1366881471624501,0.1812146542103699,0.10233928402437331,0.0,0.29742118416686536,0.14439851209012958,0.0,0.20691703494556987,0.17711530272737577,0.06172303477010477,0.0,0.03200728294104266,0.0531436332622497,0.33891219577872655,0.31429886599632034,0.2624882468047982,0.3311039920870259,0.0,0.0,0.3747878186640367,0.00993216067185898,0.37376846053366986,0.2127781040757471,0.03663299091332614,0.036618264520947186,0.3189273946257166,0.3149347319360628,0.04492622967697146,0.29957827086181266,0.23937478498900597,0.10996060407322422,0.17215397273689434,0.3144690592711258,0.4144097169609958,0.3525327123588472,0.3648360575155986,0.39676901613258697,0.30511001681629213,0.3965374431600163,0.3666128174776646,0.18434180070481193,0.19899622287562696,0.31250993769519947,0.27118747542210453,0.12289660746886676
0.0,0.5131350131427025,0.0,0.46523327647129364,0.8380161003030455,0.021030037272374735,0.0,0.3777042310178336,0.48831534015419953,0.6164187499461012,0.4725555334982068,0.29035092479117736,0.14555994399473038,0.465664027871869,0.044442677438300854,0.0,0.4064002228439834,0.060089828762191155,0.0,0.02700064545482428,0.028250460300899005,0.3810909699822156,0.0,0.0,0.29989115403669414,0.0978514641627099,0.0,0.0,0.08273289625072305,0.16129135896366975,0.0,0.041932671126493126,0.2003579666253377,0.0,0.0,0.0,0.0,0.25490854476231256,0.0,0.21392917929467592,0.0,0.0,0.03182248934260354,0.0,0.0,0.0,0.0,0.0,0.09742048036672002,0.714973326157796,0.0,0.5314127029422064,0.04112471614650445,0.2618831399107582,0.4789150474569034,0.4985430819918819,0.0,0.0,0.2906781795446234,0.0,0.0,0.013816416519481872,0.0,0.0,0.0,0.09417149470083372,0.0,0.0,0.0,0.0,0.0,0.0,0.0,0.0,0.0,0.0
0.0,0.4416019338099712,0.3135525201597088,0.11092711393419619,0.4425696448487233,0.4326097130919543,0.3777042310178336,0.0,0.31496441649770923,0.18457701447728897,0.4041733975767102,0.43302180421388115,0.4144897889537912,0.3272067998786753,0.22408929966610175,0.0,0.17704064258759092,0.13311098580706462,0.21475909732359819,0.2737344473437407,0.31184142483758553,0.3171287891218798,0.5386760737290928,0.0,0.07764074901161784,0.25889332463286213,0.17194086631942712,0.16873025254953078,0.02236993865239645,0.21058020684655848,0.0,0.0,0.048967127289995555,0.13842008833563732,0.0,0.11703925058873921,0.018289121170903297,0.20398462866213807,0.0,0.0,0.0,0.0,0.11008025401035383,0.0,0.0,0.0,0.14483196664256723,0.1356397469780049,0.0,0.441718027465665,0.21924498907964043,0.37615489077785336,0.6590477286962367,0.32332483566469694,0.33002006766175707,0.4128404194559496,0.2537759192469448,0.30671267915508665,0.2351186933902994,0.1516036517431325,0.0,0.19099932809646059,0.0,0.11896962015758805,0.0,0.3360934976734242,0.0,0.225195352679063,0.0,0.0,0.03188070882179406,0.0,0.03419191212467168,0.0,0.0,0.0
0.0,0.3374168369232828,0.5724475060387405,0.26140657970517334,0.5600846618300981,0.1854417433209029,0.48831534015419953,0.31496441649770923,0.0,0.1353753169786903,0.667696295339051,0.02899096814618779,0.01997374040356853,0.17308416802873786,0.20251369172184114,0.15912558508591565,0.2487735341214098,0.1861993309883744,0.3794186003185206,0.32630589073184113,0.22892986394743203,0.5468308705604731,0.30202936195805286,0.0,0.01671555040891759,0.1484048474060386,0.4266907852619237,0.2128710556805702,0.15238455417256608,0.1540796650733186,0.0,0.0,0.0,0.0,0.0,0.0,0.09943242945314007,0.14947689127884448,0.0,0.0,0.0,0.0,0.01897234060195782,0.0,0.0,0.0,0.1778471239312382,0.5360402117346066,0.019424075820983044,0.7402787384059253,0.5150667532369778,0.7235161413674475,0.37068000562552356,0.8365234513784159,0.24910831967556152,0.835741413590523,0.0,0.3346972206496657,0.0,0.3432250671605813,0.0,0.2999883612617301,0.0,0.42463389583688604,0.20945048848078224,0.32065350519568814,0.11240594727057274,0.1849362588872121,0.0,0.0,0.0,0.3468772925946598,0.0,0.050880434433534044,0.0,0.0
0.3294716162229501,0.5820556949707313,0.0,0.5596486253696786,0.6555634296349913,0.18623416457273376,0.6164187499461012,0.18457701447728897,0.1353753169786903,0.0,0.0,0.5640176046400409,0.16666485103954082,0.3211989892923791,0.18697233498477012,0.28165028757266686,0.8792008927480268,0.450312214553784,0.0,0.1704783993285979,0.2426883189407898,0.3875705119679086,0.0,0.2786044896560992,0.6973771195016576,0.5081453972142729,0.0,0.2514475183390633,0.3135215942243094,0.1086712886823829,0.0,0.39117848521877474,0.3813113685820543,0.0,0.0,0.0,0.3795440013985071,0.34970198827961896,0.32860498434879903,0.4519900025784068,0.248904727017524,0.010927759655842709,0.34818785227145344,0.0843786409109764,0.3204454570787323,0.0,0.0,0.0,0.19810672221692108,0.2878098290400758,0.0,0.21223541227835271,0.0,0.07821579525719241,0.648362241282817,0.13807080027480934,0.17078983844102263,0.0,0.36459978016495176,0.0,0.24464303908205662,0.19378068029719303,0.0,0.0,0.24765925593245625,0.19368014510237225,0.17817434432594045,0.0,0.10147762661037113,0.03717810938663596,0.1616716702770904,0.0,0.11610178403007654,0.18736108814930075,0.23429990419801577,0.31698339686393784
0.0,0.09333810025047604,0.4573472052655758,0.0,0.4109726950570865,0.06692065928656687,0.4725555334982068,0.4041733975767102,0.667696295339051,0.0,0.0,0.052441251681162954,0.03673035033146205,0.32695265818989544,0.047061702901526614,0.0,0.0,0.0,0.3088554181127102,0.06645486884448565,0.0,0.20369184542252367,0.24668927163069,0.0,0.0,0.0,0.26254476629203116,0.0,0.0,0.12006304938679427,0.0,0.0,0.0,0.0,0.0,0.0,0.0,0.0,0.0,0.0,0.0,0.0,0.0,0.0,0.0,0.0,0.0,0.4399508656609847,0.0,0.5811783689492414,0.1805169880336313,0.3861977688644268,0.3156178401932977,0.4866023559620034,0.12039504113288861,0.7143775407165014,0.0,0.0,0.0,0.10697054354471452,0.0,0.0,0.0,0.19339696184796135,0.0,0.0,0.0,0.0,0.0,0.0,0.0,0.1072568232400809,0.0,0.0,0.0,0.0
0.244795383765008,0.47876113081202065,0.04224820385044106,0.060731227751603875,0.312091218551372,0.3520476671918272,0.29035092479117736,0.43302180421388115,0.02899096814618779,0.5640176046400409,0.052441251681162954,0.0,0.5028061340066068,0.1765576846462542,0.1675384914424337,0.11618904774636468,0.5451645955689313,0.36085552424611383,0.11614203370691648,0.27708494231321823,0.2149284635488146,0.28354553685803047,0.2649079068805353,0.33115417110766676,0.4372503861195245,0.5733874537189189,0.0,0.32912537208025133,0.06045698488575672,0.14310491509111228,0.0,0.0,0.06305348195991971,0.0750083286206944,0.0,0.11133516451408429,0.23334050153965288,0.21411190958521814,0.0,0.13741850033697736,0.05543480305070394,0.0,0.26884243086524057,0.20868150023863932,0.08600273638474086,0.0,0.1805104930237038,0.0,0.07359120383582499,0.2193949626065562,0.021022434508208898,0.11172877207705867,0.2995110433684076,0.04331474186541387,0.5581727860682547,0.15140065407183512,0.6833887774462248,0.20241616658519365,0.21121555966302574,0.0,0.014220634015368327,0.2696348718050684,0.08564902248214643,0.08732908501942477,0.24166338415944236,0.10338274774156926,0.13156291535933204,0.10259178855672987,0.12940388322087754,0.15250074382998974,0.26996138130135783,0.0,0.3186768338433913,0.0,0.029305772014161013,0.0
0.3377395456005031,0.45249682763818844,0.2094796689902719,0.0,0.0987718552667432,0.5026020624622543,0.14555994399473038,0.4144897889537912,0.01997374040356853,0.16666485103954082,0.03673035033146205,0.5028061340066068,0.0,0.07023585059201756,0.24802465779863211,0.24085603488248972,0.2709457494314611,0.4261830556804713,0.3017484648128523,0.4267970993143951,0.3702078136663868,0.28474432545719364,0.4309147522074519,0.21846676350331823,0.3325062443203607,0.4756815153344403,0.19737591264349985,0.5579321270340591,0.22582264369786215,0.24891021377989891,0.17258353270896182,0.0,0.043948509914621264,0.29929981040566506,0.0,0.3727572512834868,0.14999091295330297,0.1965401469793978,0.0,0.0,0.0,0.0,0.13789086339606677,0.14565821225073658,0.09350539272425412,0.23985076402903302,0.309586164527494,0.16272550253827667,0.0,0.14768991538846585,0.2335350478687436,0.15149223193865322,0.3449179323440054,0.15875252944444734,0.27503228826205506,0.16120127814074367,0.5805663501489037,0.49916718949389915,0.03637501299545631,0.19678719115521945,0.0,0.32088751048688213,0.187122418283729,0.22441155893885945,0.30740261710992295,0.24833845950310598,0.19276458948365843,0.3002557193481552,0.1614917978013319,0.30376989406650534,0.3491386107772958,0.07758506023901016,0.3973221597823151,0.08875375805884345,0.0,0.0
0.07226987523296916,0.21091510639772754,0.0,0.1008790049755044,0.6189905688214172,0.25405252815234647,0.465664027871869,0.3272067998786753,0.17308416802873786,0.3211989892923791,0.32695265818989544,0.1765576846462542,0.07023585059201756,0.0,0.16745160288909378,0.0,0.12053283628301828,0.0,0.0,0.024949380365176008,0.13466808174666883,0.10708483019413645,0.0,0.18023854097284903,0.09510815138239767,0.0,0.0,0.0,0.10059455773388193,0.11018327953059037,0.0,0.08060951389900214,0.20875870801433838,0.0,0.0,0.0,0.0,0.0,0.018697499446560892,0.21261033076738706,0.0,0.13284761516641416,0.0,0.0,0.012872149498614205,0.0,0.0,0.0,0.0,0.23379440773979074,0.0,0.0,0.02917477417455666,0.0,0.01920991261073335,0.05496909208036299,0.0,0.0,0.5268845039485105,0.0,0.0,0.0,0.0,0.0,0.0,0.0,0.0,0.0,0.0,0.0,0.0,0.0,0.0,0.0,0.0,0.0
0.2778857427732034,0.42023270713417255,0.42639910603189285,0.0,0.19968650607305954,0.4666994131339221,0.044442677438300854,0.22408929966610175,0.20251369172184114,0.18697233498477012,0.047061702901526614,0.1675384914424337,0.24802465779863211,0.16745160288909378,0.0,0.40321039578865353,0.2718290014689274,0.34758751900281626,0.5771444493877804,0.7418773492613525,0.4935949111247013,0.6296818978772718,0.5324002755523254,0.06364571093076338,0.27522343891238055,0.3586928486582229,0.7070039473171906,0.35614052556607323,0.4905527833283735,0.11515388844122407,0.11479380933900216,0.0,0.11101528949938184,0.06581268066736704,0.0,0.19761353187722625,0.15385133214870417,0.0,0.0,0.07839752556922751,0.10729852654978611,0.0,0.11040587478816881,0.0,0.1641303085026204,0.30845964411192384,0.36350413462921244,0.35615567957641375,0.0,0.11379349385512882,0.3282001036487588,0.17437141865021835,0.22758756246870265,0.3465576457208296,0.10932129982785277,0.20290647127387684,0.2023096110368037,0.230755229624893,0.19284249530251005,0.6974712982831213,0.2516245844448793,0.14245349633175375,0.19361828498371678,0.4847915863147063,0.6227864253400922,0.44154683229520314,0.5180656506077977,0.4221871213388621,0.03533669969446035,0.24227721695367693,0.22243952366801736,0.5209511144119574,0.2334337330825846,0.4478888052914962,0.13349707238514008,0.04622400956865119
0.6632738166955231,0.4373901560651683,0.1980995139133449,0.10962383727586755,0.08125169935442642,0.39257953525835515,0.0,0.0,0.15912558508591565,0.28165028757266686,0.0,0.11618904774636468,0.24085603488248972,0.0,0.40321039578865353,0.0,0.4892992807826311,0.8179854819227392,0.23707116808179135,0.5833396736550345,0.6621606993174838,0.5637174928727667,0.24401234032082164,0.19636588576470604,0.6277913774824527,0.4793812112699425,0.43445193832402457,0.5789583599302405,0.762269971793179,0.24953430608604985,0.621614674917499,0.3500501784638745,0.29162315125427796,0.352620399698343,0.0,0.5377383425635809,0.42963645130570616,0.33164295999741045,0.2942949551288521,0.24770867387475756,0.27986899783527364,0.0,0.2693936597726514,0.2138365182910702,0.24742876853221818,0.6332996191475306,0.3067753279329383,0.1927510947341613,0.24093504709926705,0.08208002330909588,0.20411443440295216,0.2765080523625266,0.0,0.24450717880613634,0.35676672553987343,0.0911022978972881,0.10088926119328157,0.4266668469546643,0.0,0.41275745409339626,0.6438844535355865,0.5114686558537149,0.6641406226328148,0.3678898482374664,0.41624388471402335,0.5065294761520273,0.5314458541415317,0.27365365233337724,0.22842081555354446,0.6175576044563464,0.44658416489239045,0.2353671992219153,0.3776445140080797,0.5502291333100437,0.4677370394130935,0.48676922930665645
0.3407156785256947,0.6003465184756289,0.06188515003772124,0.5730554957013779,0.5312834012256826,0.2570063856863038,0.4064002228439834,0.17704064258759092,0.2487735341214098,0.8792008927480268,0.0,0.5451645955689313,0.2709457494314611,0.12053283628301828,0.2718290014689274,0.4892992807826311,0.0,0.668131013521559,0.09777644626398735,0.3490203655926048,0.34148322582909874,0.49381830581082997,0.04398351555619953,0.22380902794053129,0.6595343915978253,0.6752201938672255,0.07388507527980576,0.47359828680014304,0.37766371990252595,0.1704262030379451,0.09464930582354247,0.373419262862145,0.29910252828480555,0.0,0.0,0.03424588095686594,0.5605904610087289,0.4570875955772956,0.3470837231106104,0.36957636563845253,0.26844580939850204,0.0,0.4563932200532403,0.11213241376562222,0.35000153767871955,0.0860883098371496,0.22517508988205237,0.07217666500918146,0.26601863557399463,0.26959543562621135,0.1200300760965157,0.3410371431778188,0.04946533365392261,0.28325823628601676,0.6240683669368854,0.2597151783546424,0.2308956166773463,0.24356404770932039,0.21398370984685988,0.16074294236869802,0.45302828407690626,0.4685404286575546,0.3012929049098903,0.1763972829516015,0.42467331364064737,0.29649786958974855,0.42850034006904486,0.029627298213470626,0.08068124473819782,0.15492380274937292,0.32346174110882564,0.0,0.2942817505415281,0.250391500342212,0.41562148630629525,0.42970262057416375
0.5208917900210651,0.5407079348303012,0.17239095124828374,0.17824964215390926,0.23462690101184125,0.4687702351699261,0.060089828762191155,0.13311098580706462,0.1861993309883744,0.450312214553784,0.0,0.36085552424611383,0.4261830556804713,0.0,0.34758751900281626,0.8179854819227392,0.668131013521559,0.0,0.2573203436300489,0.5040192569630771,0.5232799620473048,0.5490189890726688,0.20665631795301234,0.2825173429866448,0.676597026655093,0.6673948309614219,0.295603016879453,0.5667216061412376,0.5894909972610298,0.199585849302142,0.35921081841807556,0.32597039158954416,0.2605223562863114,0.21377229904187095,0.0,0.35050459487234475,0.3747285180218992,0.29255857196986623,0.29823441953687185,0.27476392921127246,0.20017904679928492,0.0,0.2155349168341643,0.10497724368972439,0.25586275478059206,0.3998739031241506,0.2968451691319242,0.1275447359585923,0.12235645836891418,0.1324067884432777,0.19447741690948986,0.24943791923215333,0.018846724003543563,0.25569561710923816,0.3897036265164997,0.12462185151813401,0.22963366329313134,0.3513554165180819,0.0,0.29263448082606835,0.5399936844689434,0.4938698423787137,0.552194901912347,0.31160881315370187,0.4287369331730543,0.3355472391674466,0.5033408554151618,0.1406965957866108,0.21072145946501947,0.46321672679490183,0.4393434855037688,0.12318788094351307,0.3277336672478751,0.35779958026879716,0.3957311053464324,0.39198230107911414
0.06855870822328966,0.14716207000036152,0.8079420928389274,0.0,0.0,0.3693874646787304,0.0,0.21475909732359819,0.3794186003185206,0.0,0.3088554181127102,0.11614203370691648,0.3017484648128523,0.0,0.5771444493877804,0.23707116808179135,0.09777644626398735,0.2573203436300489,0.0,0.536395580582579,0.27900110447730975,0.42138085778862155,0.6239689791061123,0.0,0.0,0.27799859862322257,0.6779487511871011,0.38111592851523235,0.1627281363159527,0.10246087610724602,0.09999145500074735,0.0,0.0,0.08201091017344528,0.0,0.20946287762098442,0.11638313845678536,0.0,0.0,0.0,0.0,0.0,0.03218169270538404,0.0,0.037741231921243665,0.33944451029997746,0.4681608139526304,0.7401567431200827,0.0,0.06978152569792923,0.6024127004944526,0.15465971644558985,0.4343167913054892,0.579166227811393,0.026258168989743397,0.4189688901394225,0.3155433820805521,0.3993336230265031,0.0,0.5902258984025919,0.20492133950985647,0.214089723576831,0.33316931219832424,0.8633503947592909,0.5882975702063802,0.36098461857557096,0.5487153150202644,0.6110520164708817,0.0,0.28413471415904584,0.23687489191989278,0.6967404914913735,0.35587915104530504,0.3344344761019655,0.09421108502321113,0.0
0.4381494280572103,0.45841186906216624,0.48041006124181146,0.0,0.18061538311062025,0.5155691668163456,0.02700064545482428,0.2737344473437407,0.32630589073184113,0.1704783993285979,0.06645486884448565,0.27708494231321823,0.4267970993143951,0.024949380365176008,0.7418773492613525,0.5833396736550345,0.3490203655926048,0.5040192569630771,0.536395580582579,0.0,0.644174509139125,0.7768174375328887,0.611952138524303,0.02017579328839958,0.3613561590169709,0.48300151203418484,0.7802413561502297,0.7030378067241956,0.6347942368145288,0.29420606679512357,0.42499071722737186,0.0,0.0,0.3218919558608201,0.0,0.4809745220809827,0.3963927152736012,0.21944332567713065,0.0,0.0,0.12392448287067181,0.0,0.20670851717498054,0.08884832700538964,0.16579905881659113,0.4730073216817794,0.44634765560863404,0.41236930599623095,0.0,0.27110465989816146,0.40909790331922835,0.37913662003178866,0.3805143514899231,0.49019832641632605,0.2873424224389977,0.3401600644660759,0.34879560806421467,0.5059288110037865,0.0,0.6262515061339208,0.3256271495542829,0.444921100286227,0.4590983778593192,0.5682849021866381,0.7438770574204011,0.5457712374705981,0.6221091968568231,0.5162234216289329,0.04492503867221928,0.4435234454106325,0.36475435287798663,0.5345458218575379,0.435451675618883,0.47006904518604337,0.22402494083630886,0.13411518681934678
0.5688391439481097,0.598011210057692,0.31383376972006505,0.11683792147345115,0.21405300858898094,0.589271710905,0.028250460300899005,0.31184142483758553,0.22892986394743203,0.2426883189407898,0.0,0.2149284635488146,0.3702078136663868,0.13466808174666883,0.4935949111247013,0.6621606993174838,0.34148322582909874,0.5232799620473048,0.27900110447730975,0.644174509139125,0.0,0.5970684757072884,0.48479410919433374,0.20134889287180902,0.5067368669980069,0.4655238295405357,0.5329147720211372,0.5372029960597067,0.694181352777584,0.29264679257812354,0.35033406466793326,0.11073992648147042,0.25300351804697974,0.3001119919774564,0.0,0.5072645448248309,0.3888999516486282,0.24798819751135673,0.10064238790874994,0.20213724039099346,0.2189532733107098,0.0,0.24355182589091923,0.027712559061588177,0.30573857382223313,0.5104630200071831,0.39693683494180937,0.24565095278784532,0.0,0.11064924213818525,0.3447656251272658,0.31026398401137184,0.31708796401031586,0.34374001266653753,0.3048847158582883,0.14629941323221737,0.2153608168983603,0.4576120859752976,0.07825004801736792,0.476181190674983,0.3659383893358479,0.4249777763140511,0.37600949065152617,0.3298876075217425,0.4883064037856824,0.7461153244144013,0.4915323721480548,0.469747744763936,0.14247033708894652,0.4334679625861718,0.40569231311204956,0.36598844411881076,0.3923528295067288,0.5703134825516267,0.3046889103357623,0.24692530896245543
0.35664788107396006,0.6966070386897358,0.3912947587753152,0.2776836526432625,0.5091812886389203,0.33320631851667676,0.3810909699822156,0.3171287891218798,0.5468308705604731,0.3875705119679086,0.20369184542252367,0.28354553685803047,0.28474432545719364,0.10708483019413645,0.6296818978772718,0.5637174928727667,0.49381830581082997,0.5490189890726688,0.42138085778862155,0.7768174375328887,0.5970684757072884,0.0,0.4113429835747707,0.0,0.4365076222363964,0.5447394471909389,0.6537095215278727,0.49980070752929373,0.5030338550769089,0.2618573133452101,0.24649035646702722,0.0,0.09302570002968509,0.16832949525679833,0.0,0.18825459769538372,0.32325557791771264,0.3362455126334043,0.0,0.08253534666123359,0.08770912068854167,0.0,0.20251194830531588,0.0,0.08853384976772766,0.14268990601908266,0.47918926436504095,0.2648328833526763,0.10544191625719593,0.5433490878341942,0.3949263981431155,0.6508677530460183,0.29772211274603033,0.5859352755780818,0.47760109138274476,0.5122564395184483,0.10897111418578675,0.44067732807068566,0.08227126982954444,0.53974034063198,0.2107804878645866,0.4794367964743359,0.2648808674814911,0.4239376426831343,0.5545521412156529,0.5802115060274725,0.4793525544677786,0.28145872969690844,0.0,0.23368072570885098,0.2880573307735471,0.42283870757343706,0.24040063055678068,0.3644811735210865,0.05096877517208509,0.0325036946886339
0.12625085628846358,0.3040194803785954,0.7095545041352908,0.0,0.0,0.600586665221328,0.0,0.5386760737290928,0.30202936195805286,0.0,0.24668927163069,0.2649079068805353,0.4309147522074519,0.0,0.5324002755523254,0.24401234032082164,0.04398351555619953,0.20665631795301234,0.6239689791061123,0.611952138524303,0.48479410919433374,0.4113429835747707,0.0,0.0,0.09203407965711285,0.3479832214442339,0.6668105230711577,0.3902941112045244,0.34405759864179686,0.16002139500603607,0.1697764027936035,0.0,0.0,0.29266019888400585,0.0,0.36638972919983526,0.1589000999539424,0.09287119714509011,0.0,0.0,0.008785353120819336,0.0,0.10138950215108503,0.0,0.025406080818318633,0.3529436831700948,0.4774790080223577,0.5781802056979269,0.0,0.14599802429676964,0.6409527972688319,0.2826670952250836,0.7354418215311179,0.49804293733550226,0.078010675176091,0.3759720594570449,0.3982019374729564,0.5460113082797375,0.0,0.578562310321317,0.0868268081120917,0.3058798092568635,0.29604452867891706,0.6018892364457407,0.5186773660719401,0.5283846753207897,0.41170832475687796,0.8178355015952123,0.0,0.28034425323294426,0.3170171374470073,0.5916540040277263,0.337911361563782,0.3338464427628208,0.0,0.0
0.4717319908774157,0.0978239479404791,0.0,0.0,0.0,0.4103937635415675,0.0,0.0,0.0,0.2786044896560992,0.0,0.33115417110766676,0.21846676350331823,0.18023854097284903,0.06364571093076338,0.19636588576470604,0.22380902794053129,0.2825173429866448,0.0,0.02017579328839958,0.20134889287180902,0.0,0.0,0.0,0.4829123244626747,0.3756148567740688,0.0,0.06321460950573021,0.21342707810077194,0.1133537395659496,0.0,0.594797758392068,0.3657155552445832,0.0,0.0,0.10086970862786365,0.0,0.0,0.664258647369719,0.4788055556949319,0.12609799245723285,0.5025504196143933,0.0,0.3688167936832658,0.38140973808792406,0.3496533802251724,0.0,0.0,0.0,0.0,0.0,0.0,0.0,0.0,0.0,0.0,0.36971401784653213,0.0,0.016574442839816322,0.0,0.4075349556604844,0.0,0.1633861213327922,0.0,0.14607378837511015,0.0,0.21185244203176506,0.0,0.8729374424849493,0.3695299395233858,0.44353415188861955,0.0,0.09112163382908081,0.14302080778763873,0.498125997082314,0.49461874305988307
0.6566813991049981,0.700796042153437,0.0,0.21367686707391184,0.3495450582972657,0.4230751118143972,0.29989115403669414,0.07764074901161784,0.01671555040891759,0.6973771195016576,0.0,0.4372503861195245,0.3325062443203607,0.09510815138239767,0.27522343891238055,0.6277913774824527,0.6595343915978253,0.676597026655093,0.0,0.3613561590169709,0.5067368669980069,0.4365076222363964,0.09203407965711285,0.4829123244626747,0.0,0.6772555803563398,0.17959657079916783,0.3701977069326535,0.5803428221312233,0.1349678830490775,0.15711423433058858,0.5508285064750367,0.455416487909053,0.03557494756526211,0.0,0.13427855891294008,0.25189337560206393,0.3639696894741403,0.4899137245907986,0.501082504670499,0.12732989780313864,0.09456221903480254,0.0597218848928821,0.10339867843148497,0.3514544469654045,0.27107643023733907,0.19714327241442237,0.0,0.1047065156189349,0.06661209710625227,0.0,0.10269740512907763,0.0,0.0,0.5451497389344728,0.0,0.22954568067367126,0.13232783231128845,0.012126232470234644,0.12239833900787611,0.426377533157923,0.2941805922618018,0.3076948572462147,0.04024953993910116,0.37533628682220527,0.2873074495936374,0.3683220411657836,0.06977993800596619,0.35629289536301123,0.529329521499916,0.531383899067071,0.0,0.1583520702309913,0.4032296976266123,0.37907656615497837,0.42882877097694583
0.44442746348491435,0.6858955234356757,0.2259438540216062,0.272551918073217,0.23339155615069432,0.48267883800139966,0.0978514641627099,0.25889332463286213,0.1484048474060386,0.5081453972142729,0.0,0.5733874537189189,0.4756815153344403,0.0,0.3586928486582229,0.4793812112699425,0.6752201938672255,0.6673948309614219,0.27799859862322257,0.48300151203418484,0.4655238295405357,0.5447394471909389,0.3479832214442339,0.3756148567740688,0.6772555803563398,0.0,0.26141554475880785,0.45864176908736737,0.3638618707597222,0.168549040941241,0.0,0.26458740542609804,0.27009879620231897,0.05256720733192971,0.0,0.1470447590206151,0.3367155670338621,0.3492425716284892,0.3024231138250197,0.33660696432070353,0.11765660477643963,0.0,0.15559995784240763,0.04121180746696612,0.2844084693127976,0.26140779772018713,0.5605945048318473,0.16591430143836494,0.0882445370944245,0.038555778108086414,0.2703185541547965,0.23077552225621106,0.20599518617202067,0.28354674008224706,0.4921501794326001,0.13601426105403927,0.43494334889491726,0.37307277023175184,0.0,0.3255359140864625,0.43272463139080714,0.5202291486747301,0.4474167174592854,0.36335135421786535,0.5213469205666525,0.3238740014739384,0.5674374982949164,0.3038244508548409,0.2615548405992284,0.42205733038349663,0.7746049899583638,0.17861079284638218,0.2814139487604994,0.2441420668384188,0.39229968752039424,0.3253499340320185
0.2286988613207367,0.3226293295830637,0.6717559990012303,0.0,0.07290679056273175,0.4841486780647952,0.0,0.17194086631942712,0.4266907852619237,0.0,0.26254476629203116,0.0,0.19737591264349985,0.0,0.7070039473171906,0.43445193832402457,0.07388507527980576,0.295603016879453,0.6779487511871011,0.7802413561502297,0.5329147720211372,0.6537095215278727,0.6668105230711577,0.0,0.17959657079916783,0.26141554475880785,0.0,0.460410829255676,0.5334635095383469,0.11315932275059173,0.2336426343508231,0.0,0.0,0.1380108250848687,0.0,0.31328544666920494,0.18083085769082108,0.0,0.0,0.0,0.0,0.0,0.0,0.0,0.09376708769076705,0.37158378971059597,0.3959511900621745,0.5765273569439144,0.0,0.23116301764275585,0.5504395378498402,0.32493684166099646,0.3287650703150868,0.5668966225737055,0.06491715686407407,0.37898972930998737,0.134160696505325,0.38200441350380143,0.0,0.6645594924184202,0.20458922888072112,0.22329637150799955,0.29401014512823004,0.6284890724311667,0.6858934101054287,0.5366110280169215,0.5470872645229317,0.5686900167850257,0.0,0.34541771381107284,0.21151749151083216,0.7893177031075714,0.2727108727777515,0.5656664509443028,0.10602229033339933,0.0
0.4872981922009245,0.33421057170496304,0.34592984750035205,0.09301126282966618,0.059206854514761875,0.3132789761871878,0.0,0.16873025254953078,0.2128710556805702,0.2514475183390633,0.0,0.32912537208025133,0.5579321270340591,0.0,0.35614052556607323,0.5789583599302405,0.47359828680014304,0.5667216061412376,0.38111592851523235,0.7030378067241956,0.5372029960597067,0.49980070752929373,0.3902941112045244,0.06321460950573021,0.3701977069326535,0.45864176908736737,0.460410829255676,0.0,0.48263907673762807,0.2955820965913885,0.5798057922480196,0.0,0.0,0.4248605699037903,0.0,0.6372482256756421,0.6418050241771991,0.387754095649987,0.0,0.0,0.18426005899054396,0.0,0.42411066903786326,0.22205039706023716,0.20492520202230707,0.5508067761647398,0.3884439656141916,0.3022190236560259,0.23764055099751602,0.2520454267602783,0.36780226838531177,0.39133638497013346,0.28573232801335074,0.43942765498501135,0.4508477688524439,0.29189247591292933,0.4643647294812272,0.6450585655447865,0.0,0.4151380127283646,0.36407399561944975,0.6529793180181793,0.5631688620904565,0.4892857951270442,0.56678642563537,0.4971456383255325,0.5245122527599134,0.426830262499908,0.10445723179196026,0.5042518333583529,0.3867025834826171,0.3596899039758451,0.6654490195591013,0.39824746711000325,0.34468455727928005,0.2557883227139551
0.6311386773729999,0.397209260793069,0.20014634619342359,0.14456787253516193,0.19547694464770604,0.5060400477976598,0.08273289625072305,0.02236993865239645,0.15238455417256608,0.3135215942243094,0.0,0.06045698488575672,0.22582264369786215,0.10059455773388193,0.4905527833283735,0.762269971793179,0.37766371990252595,0.5894909972610298,0.1627281363159527,0.6347942368145288,0.694181352777584,0.5030338550769089,0.34405759864179686,0.21342707810077194,0.5803428221312233,0.3638618707597222,0.5334635095383469,0.48263907673762807,0.0,0.2651569739785875,0.4416700204358068,0.33315727125674455,0.33850685681243275,0.24148890078804608,0.0,0.36540583028890744,0.398331290685419,0.20373960461574764,0.3507380141077038,0.31753990143545496,0.3359601169194284,0.0,0.14704669884228772,0.14574950569766443,0.3601771764926995,0.5224926513602528,0.13283569269001738,0.20526339599465993,0.0,0.03984719119792632,0.09238775978639496,0.17417926944698275,0.0,0.22465342028909824,0.2039850159245926,0.03304943174070238,0.04504192070703915,0.23431646526868774,0.0,0.43781281835847025,0.48711868249000934,0.26944495510557326,0.44466088199172393,0.2334821207729293,0.525255058513337,0.5667964860271764,0.49059392724696177,0.3135029254963898,0.22281925862457108,0.4335561421966167,0.3174146898586448,0.24084764984014864,0.23270235802362854,0.7345157648620059,0.45397214508891615,0.39071849126908426
0.23512894367985343,0.15596982591851807,0.08573987748311568,0.1136422000525314,0.21632063635704352,0.04013953989983643,0.16129135896366975,0.21058020684655848,0.1540796650733186,0.1086712886823829,0.12006304938679427,0.14310491509111228,0.24891021377989891,0.11018327953059037,0.11515388844122407,0.24953430608604985,0.1704262030379451,0.199585849302142,0.10246087610724602,0.29420606679512357,0.29264679257812354,0.2618573133452101,0.16002139500603607,0.1133537395659496,0.1349678830490775,0.168549040941241,0.11315932275059173,0.2955820965913885,0.2651569739785875,0.0,0.3563672316319909,0.1270620566711406,0.2423626363548653,0.24064472258979225,0.0,0.17588441566289906,0.12569802632392704,0.18978166011820716,0.020441668428718168,0.18947790269174686,0.11070779651273067,0.0,0.0627780374698082,0.029166596502365305,0.1479981415793904,0.07043406095467608,0.06820644667684103,0.06935799487655936,0.0,0.1520109409704109,0.0,0.15324877776924156,0.19153058608245463,0.1974165499950587,0.1891408209195539,0.2230669246592007,0.13426664928960674,0.11304416009925261,0.0,0.13512210978664205,0.08551937961197154,0.149582043450633,0.12914499929208037,0.155645237266099,0.14130550387411608,0.22478686315166346,0.09880871610173014,0.1368748026148887,0.08983970262603064,0.047684538615004574,0.1337768924306414,0.06250266755345754,0.07191087107203858,0.18305266266708864,0.19161651628096021,0.0797079796385469
0.5343132304876339,0.0,0.041723401012197736,0.0,0.0,0.0,0.0,0.0,0.0,0.0,0.0,0.0,0.17258353270896182,0.0,0.11479380933900216,0.621614674917499,0.09464930582354247,0.35921081841807556,0.09999145500074735,0.42499071722737186,0.35033406466793326,0.24649035646702722,0.1697764027936035,0.0,0.15711423433058858,0.0,0.2336426343508231,0.5798057922480196,0.4416700204358068,0.3563672316319909,0.0,0.022375530987963188,0.02999817020626913,0.7013221071389278,0.054884513098696824,0.6610308846749378,0.4403067614003776,0.26263409604190013,0.0,0.0,0.3262053243530266,0.0,0.3612255973081937,0.40815338890005753,0.028259582058302382,0.594029270035172,0.18715276016981558,0.06622209530679232,0.3738821607832792,0.061249048061019634,0.09591917802856899,0.20061524300071543,0.1354279926420613,0.09555061394635672,0.2623630486010763,0.0,0.22170476858108296,0.46872510972468023,0.0,0.2153576731423434,0.2848906082465618,0.43373582860528903,0.5567950188769679,0.23339358523369244,0.20991069046267552,0.37289378533142137,0.25223182233373265,0.2692671055309208,0.09395253248457083,0.5028497946876865,0.21704426495830592,0.15889719247154108,0.5066706107609439,0.3364500958174113,0.2014532516808142,0.2035998263437292
0.3632535500672359,0.1526935784499637,0.0,0.3153237886085181,0.09908655636394925,0.1366881471624501,0.041932671126493126,0.0,0.0,0.39117848521877474,0.0,0.0,0.0,0.08060951389900214,0.0,0.3500501784638745,0.373419262862145,0.32597039158954416,0.0,0.0,0.11073992648147042,0.0,0.0,0.594797758392068,0.5508285064750367,0.26458740542609804,0.0,0.0,0.33315727125674455,0.1270620566711406,0.022375530987963188,0.0,0.5792845492984371,0.0,0.0,0.0,0.1350637097492555,0.18240329796130592,0.8788815663679785,0.6667199906168816,0.25755638455413715,0.45145643899159554,0.11451949296324172,0.2922524496521026,0.5012009634187872,0.17161101792449124,0.0,0.0,0.13588689481078364,0.0,0.0,0.0,0.0,0.0,0.12371810907118479,0.0,0.0,0.0,0.0,0.0,0.5370439079562923,0.0,0.2054979909463286,0.0,0.05686156266469436,0.0,0.2085456026282996,0.0,0.5493933261647582,0.28267735451035325,0.3371618934391331,0.0,0.0,0.3550032958528555,0.6692439217469323,0.7320927502255261
0.39218217231232344,0.2954142298079479,0.0,0.2397392690369471,0.23679872730719836,0.1812146542103699,0.2003579666253377,0.048967127289995555,0.0,0.3813113685820543,0.0,0.06305348195991971,0.043948509914621264,0.20875870801433838,0.11101528949938184,0.29162315125427796,0.29910252828480555,0.2605223562863114,0.0,0.0,0.25300351804697974,0.09302570002968509,0.0,0.3657155552445832,0.455416487909053,0.27009879620231897,0.0,0.0,0.33850685681243275,0.2423626363548653,0.02999817020626913,0.5792845492984371,0.0,0.10708864810694702,0.0,0.0,0.0008258053767651874,0.18638113212381102,0.47201385466842255,0.7384809346609382,0.33304666636074143,0.24253629577280794,0.0045594081372077044,0.07671665086418258,0.37060919158650324,0.05649996504435706,0.0,0.0,0.0,0.0,0.0,0.0,0.0,0.0,0.1417159908539875,0.0,0.0,0.0,0.12897367916632319,0.0,0.21775626652859764,0.0,0.01748354752674952,0.0,0.0,0.14686980477278494,0.04455124305862822,0.0,0.3057317430095278,0.08949575524781388,0.260733539981183,0.0,0.0,0.2575048203520748,0.254097495265448,0.30630752145933804
