0.0,0.3933488662395976,0.0,0.0,0.0,0.3233695973748948,0.0,0.0,0.0,0.3315230086942519,0.0,0.2458174073646875,0.33843550984068127,0.07314193218850332,0.28419334424464987,0.6743312516108593,0.3550172045793389,0.5400661635779787,0.071792817380336,0.4601626591948919,0.5791983447561433,0.36466403664358876,0.1199969054412178,0.4762745550987534,0.6665364363132157,0.44718777755648853,0.22820402379876717,0.5032680946192614,0.6271807543174989,0.23732292034298488,0.5310980408532912,0.36197378521360923,0.3844569304881451,0.4347630865950016,0.0,0.45841198360908897,0.2602226091107075,0.2733947868948836,0.3013058518427151,0.3138909468284476,0.22437122876565543,0.0312018808331527,0.14220840470840704,0.3272560290463775,0.28760311314767684,0.6389004675719508,0.09781503615519535,0.05059184023406876,0.11412616434907331,0.0,0.0,0.0,0.0,0.0,0.37571423276654015,0.0,0.2910287520978153,0.21663424958124872,0.0,0.23678456639718776,0.37891744003126354,0.3135100578155039,0.45281808616736563,0.1067480282799184,0.34994696180789703,0.45525358281872175,0.35201375019101533,0.1765707142711484,0.48065084826585175,0.5748950387141791,0.5066421756141475,0.0,0.4002726079514886,0.45741913457184286,0.34360735033110695,0.39227092416096565
0.3933488662395976,0.0,0.14669558450509254,0.35243719141246604,0.6195839721518152,0.5363786862012535,0.5346215574789002,0.44316596889339405,0.3526210565118861,0.588089926021849,0.09792096839549598,0.47060047085166057,0.45781362197924436,0.2220637284942013,0.43334039051524387,0.4399841285027819,0.6116317328726555,0.5562321290498271,0.15069120202696307,0.472927862808881,0.6054532946833375,0.7104903879841362,0.30780820735064507,0.11001622221827118,0.7118070617338205,0.6939058919954048,0.33063585782248184,0.348260823921137,0.4171935624914555,0.14964480755450615,0.0,0.14586322830390738,0.29805249526742816,0.0,0.0,0.06612967160649678,0.20084937427532573,0.39516417530623527,0.07707367105591756,0.3267468378007592,0.0,0.0,0.12087395051124547,0.0,0.23002723886726298,0.0,0.47929113862833056,0.03058087669748924,0.07465401327760357,0.41527886634569666,0.22770961844984766,0.4596440758060422,0.22863611702482062,0.3257152613677149,0.562606860188717,0.2890557088835396,0.19839253828798764,0.32253362567714716,0.11278302577515247,0.24991146585983076,0.13512357033581532,0.3862579651174459,0.09768316346267705,0.13660383585788108,0.3281824685268929,0.4621950002997359,0.29798407133921306,0.1456907869079677,0.0,0.27999521411539563,0.43979725535007663,0.07223137211791625,0.13994681484589014,0.1971491442992564,0.06800719916742343,0.05993028311476127
0.0,0.14669558450509254,0.0,0.0,0.0,0.397117077796397,0.0,0.32978896064272434,0.5740061567134549,0.0,0.45828815440547,0.04129886785291137,0.19839930265848715,0.0,0.42498733418056234,0.20131649043452082,0.07100024434858504,0.1835231545476554,0.8098793372784382,0.4822605740978292,0.3222245615379598,0.3930872566051613,0.7147981351763756,0.0,0.0,0.23297748112205297,0.6633027927715289,0.3433936650746239,0.19362568038169817,0.0860188317559688,0.041230159667841104,0.0,0.0,0.06669215378928299,0.0,0.21280323407156443,0.15895679323547154,0.056795147125831724,0.0,0.0,0.0,0.0,0.056063857347860874,0.0,0.010650941636308725,0.28873777585151716,0.4124368052019135,0.8846862253985046,0.0,0.1916345036118829,0.7442651166695123,0.3581344518339853,0.5653564003264065,0.7581330927686603,0.060166475750876136,0.6316610794703398,0.15246815313948836,0.510949698871758,0.0,0.5993379124512278,0.16949279194169647,0.30163845791154087,0.3053999541074157,0.8217026478691642,0.5279597753915701,0.4366190100315144,0.48858128462839784,0.7030256905599299,0.0,0.20477076611425288,0.14865865807816295,0.7155675393638566,0.3018542452643777,0.35236981635478215,0.08983823979378147,0.0
0.0,0.35243719141246604,0.0,0.0,0.5863145863990096,0.0,0.4737867775620905,0.11834809595998128,0.27845079370461234,0.5424016636337654,0.0,0.0668364821648736,0.0,0.10975898388115732,0.0,0.1172508971132148,0.5616002359517479,0.1746680908822404,0.0,0.0,0.11793665917123794,0.2846793565735146,0.0,0.0,0.20980840652179117,0.27569133590866757,0.0,0.09952348248111509,0.14135986550628293,0.11955260542095295,0.0,0.319561019566828,0.23049011717598888,0.0,0.0,0.0,0.4098703048761744,0.30401672578898026,0.250882374805907,0.3165858499497838,0.2470497122684996,0.0,0.332147614068244,0.0,0.2940107284972239,0.0,0.04792568457548488,0.0,0.4194656469376571,0.3437834658990232,0.0,0.4245202257105675,0.0,0.2806795436773153,0.40576888238741865,0.2619891214395641,0.0,0.03918651353663227,0.18254764545427157,0.0,0.20090797697919205,0.30357773065472526,0.0,0.0,0.0,0.18164705715848908,0.08216038122526652,0.0,0.0,0.0,0.05448833227589895,0.0,0.0,0.07125944291992682,0.25999665190378435,0.3693625211162149
0.0,0.6195839721518152,0.0,0.5863145863990096,0.0,0.23809189136063727,0.8417307325786952,0.43902251992333297,0.5582536587859426,0.6724212881413141,0.41591462068066926,0.3147361583213527,0.10483298375827621,0.6220856463871797,0.20177910680928285,0.08618539214997867,0.5652379402958055,0.24213078041410502,0.0,0.1702849579647704,0.21115502643906553,0.5068197082737971,0.0,0.0,0.36280504691039517,0.24804704962031177,0.06326900380865419,0.06893236323116819,0.19486296287223281,0.20777252292607817,0.0,0.10070761841001905,0.24231818114658799,0.0,0.0,0.0,0.05664059141726385,0.19059485324549508,0.0,0.24274537897139375,0.0,0.0,0.06771279912401133,0.0,0.06294383203264908,0.0,0.0,0.0,0.01955101895184852,0.684098553297092,0.0,0.48109628290498646,0.09902434371277397,0.3258818297388198,0.4092361357656388,0.4382601451352398,0.0,0.0,0.35574121858641383,0.0,0.0,0.035284352566074706,0.0,0.0,0.0,0.1657513103384075,0.0,0.0,0.0,0.0,0.0,0.0,0.0,0.0,0.0,0.0
0.3233695973748948,0.5363786862012535,0.397117077796397,0.0,0.23809189136063727,0.0,0.005051246924513475,0.43047854192222335,0.16991403116010806,0.19399661194561918,0.05622466664325859,0.363399532218056,0.5050265537708386,0.2499826943654942,0.4713360414412845,0.3981688208169972,0.2660061947309332,0.4807347167817716,0.35844597220850516,0.5207416361745565,0.5886650732154519,0.3298034801559251,0.5977966886006144,0.408398487518624,0.43276583222440446,0.4884831943959431,0.4778722517813228,0.31741523571896074,0.5006609271599971,0.03143474611398103,0.0,0.13040905734587055,0.18442909517336728,0.10244185777576968,0.0,0.2750750419976342,0.14340199330016576,0.0,0.20206428596173426,0.18216944936276502,0.06647973011246679,0.0,0.03655945529989993,0.05246441608038955,0.3465053749567347,0.31880594251256295,0.2620965004495154,0.30046997004036863,0.0,0.0,0.37542156477312066,0.001115506810792144,0.36209168173775347,0.19385731421779845,0.04148433197090326,0.02052803508427542,0.32161513188249574,0.3025402452981785,0.05446840516776544,0.29570916200637676,0.23615655406051322,0.0985804853149288,0.16171044683323074,0.29362326329765026,0.4166463602768368,0.3484303948927091,0.3695202814999035,0.387883471960032,0.3039370316808222,0.3866223035740041,0.36010251276970306,0.17553915250703062,0.1857290176195451,0.31743686454103004,0.2525697533468553,0.12181926071602733
0.0,0.5346215574789002,0.0,0.4737867775620905,0.8417307325786952,0.005051246924513475,0.0,0.3734216018759259,0.48672435430687133,0.6290958695586985,0.46708888902392703,0.2924739579595591,0.144832511846051,0.4689871489869927,0.0414548065871328,0.0,0.43436474305568784,0.060474634016907,0.0,0.018716308884451638,0.024589608643279304,0.39025790822364853,0.0,0.0,0.3181291156533694,0.10337799937891545,0.0,0.0,0.07547310231425497,0.14808699642348022,0.0,0.04144922662139336,0.2021468016798126,0.0,0.0,0.0,0.0,0.279010125455958,0.0,0.21876223521221977,0.0,0.0,0.0384964291217427,0.0,0.0,0.0,0.0,0.0,0.09861434629080659,0.7164721613096394,0.0,0.5248619944041786,0.01971094654501318,0.2488354275226845,0.4711173003172843,0.502473573538659,0.0,0.0,0.30969912650556697,0.0,0.0,8.771576013449911e-05,0.0,0.0,0.0,0.08448561477579358,0.0,0.0,0.0,0.0,0.0,0.0,0.0,0.0,0.0,0.0
0.0,0.44316596889339405,0.32978896064272434,0.11834809595998128,0.43902251992333297,0.43047854192222335,0.3734216018759259,0.0,0.32543018736783136,0.1880552406517465,0.41274864283515833,0.44809909466316966,0.4185788800650951,0.32500839602504106,0.22506176398078653,0.0,0.17952032951525326,0.14324570352471183,0.23248004577331674,0.27668228022161767,0.2964361236465137,0.3172113965471002,0.54054117108591,0.0,0.0801007859568582,0.26223097141264606,0.17119864977401486,0.18141243015853686,0.0029250870689284114,0.20359208793636105,0.0,0.0,0.046276364102806555,0.14349801631960135,0.0,0.11366461125757103,0.02241254452643532,0.22484987200745896,0.0,0.0,0.0,0.0,0.108586309655676,0.0,0.0,0.0,0.14083603684010515,0.1484819461997352,0.0,0.44395598857992613,0.2277990379196733,0.37504049229728775,0.6641329848460836,0.3332401965281542,0.320253484133374,0.4142123710792667,0.24897229565324747,0.2982047797606539,0.23226220538950362,0.14170058650872047,0.0,0.1894113842973821,0.0,0.12871837027690688,0.0,0.325983739268613,0.0,0.22943552768885128,0.0,0.0,0.016661761532904495,0.0,0.03365700199570226,0.0,0.0,0.0
0.0,0.3526210565118861,0.5740061567134549,0.27845079370461234,0.5582536587859426,0.16991403116010806,0.48672435430687133,0.32543018736783136,0.0,0.15046048067549567,0.6719658557288598,0.04201813128482951,0.0027946058807843954,0.1683796868234684,0.21516044294895167,0.17056473503823386,0.26468275513230144,0.20175719230034422,0.3774375177102196,0.33573107311733064,0.23729561476212085,0.5597424159269819,0.29641235165768276,0.0,0.022847762425939,0.1558441938814685,0.421372781494949,0.22416187997148315,0.14845629775574698,0.1545275201708363,0.0,0.0,0.0,0.0,0.0,0.0,0.09680883845054092,0.17110240264286483,0.0,0.0,0.0,0.0,0.026860010228504927,0.0,0.0,0.0,0.174608523712711,0.528590276131098,0.014131640899968947,0.7360283186803352,0.5119684293690326,0.718947325148805,0.37621518531660203,0.8348282833535985,0.24560131792097606,0.8364765109293287,0.0,0.3301097236685724,0.0,0.34385863921287607,0.0,0.2965817549778043,0.0,0.4126844282750989,0.20394220623062537,0.3291547153216861,0.11504081109516673,0.17458781020527403,0.0,0.0,0.0,0.3381054072593275,0.0,0.03804919609340676,0.0,0.0
0.3315230086942519,0.588089926021849,0.0,0.5424016636337654,0.6724212881413141,0.19399661194561918,0.6290958695586985,0.1880552406517465,0.15046048067549567,0.0,0.0,0.5612441999490372,0.1831510595807255,0.3295445302964992,0.1907626527525257,0.2789692791561253,0.8717529300428327,0.4535224383628057,0.0,0.1820403548811844,0.23626051951273142,0.39469396184912203,0.0,0.26054269293751353,0.7019192404380861,0.512303593177233,0.0,0.25699995014856747,0.32671744882408565,0.10135976525092985,0.0,0.38287353609032393,0.3858602587504142,0.0,0.0,0.0,0.40084449629821856,0.3634510152126858,0.3349754452819632,0.46361666441112415,0.24622658281305326,0.005490905289464297,0.36774120535646865,0.08565652750062604,0.32672073776016713,0.0,0.0,0.0,0.18903349312391216,0.2938153663124444,0.0,0.21496637032889707,0.0,0.08305878053867255,0.6417462605293706,0.14908228196613527,0.15331547968209241,0.0,0.3787581846309164,0.0,0.23708860585469974,0.17981793428520815,0.0,0.0,0.25332418309654275,0.19044334814429492,0.18125844875950742,0.0,0.08840629738282965,0.02219154403289536,0.15105827922525444,0.0,0.11369733998271428,0.1847778304316382,0.22799697981477823,0.31056884755834063
0.0,0.09792096839549598,0.45828815440547,0.0,0.41591462068066926,0.05622466664325859,0.46708888902392703,0.41274864283515833,0.6719658557288598,0.0,0.0,0.0568932808542115,0.031266310460583036,0.32538954309773305,0.04887325248737717,0.0,0.0,0.0,0.31415957968468117,0.058783594922025784,0.0,0.20217073237188019,0.24805279358111504,0.0,0.0,0.0,0.25685649324311255,0.0,0.0,0.09969218698881799,0.0,0.0,0.0,0.0,0.0,0.0,0.0,0.0,0.0,0.0,0.0,0.0,0.0,0.0,0.0,0.0,0.0,0.4442991062393559,0.0,0.5662371234613874,0.18047311516739917,0.38060221680624723,0.32160182546099414,0.48930708056283134,0.12438322051796002,0.7166540641594239,0.0,0.0,0.0,0.09313175565959814,0.0,0.0,0.0,0.18892388392163617,0.0,0.0,0.0,0.0,0.0,0.0,0.0,0.0954015476465836,0.0,0.0,0.0,0.0
0.2458174073646875,0.47060047085166057,0.04129886785291137,0.0668364821648736,0.3147361583213527,0.363399532218056,0.2924739579595591,0.44809909466316966,0.04201813128482951,0.5612441999490372,0.0568932808542115,0.0,0.5157057234739133,0.17921677065868016,0.1618413213464195,0.11067545043952515,0.5391311648887791,0.3587202509773238,0.11102898470186506,0.27597407050156464,0.2079893884944064,0.2773957805706178,0.26565715425148506,0.3062487897568952,0.42998284934001635,0.569712947731267,0.0,0.3311642737901119,0.06909745567623518,0.14109759898078927,0.0,0.0,0.07001500786934522,0.09146603236319083,0.0,0.11348090142331152,0.23706555369288962,0.22462099778092062,0.0,0.14548321368733463,0.05607238716828052,0.0,0.27641954108279804,0.2039393843693863,0.09178996949434523,0.0,0.1683367180618326,0.0,0.06965167237140572,0.22073812105812132,0.025112292137416337,0.11501860034932106,0.3047598067051581,0.051128005984103664,0.5548796739442773,0.14636461085955255,0.6931145595533685,0.20815143249912824,0.20834827497773797,0.0,0.012656825977961528,0.2724667687662684,0.07572668850952372,0.07191778449591127,0.23245243994245088,0.10048687954017432,0.12544342486746085,0.09661849785244858,0.13579713040594804,0.1419591883910371,0.2683851659736883,0.0,0.3158306664403157,0.0,0.014672279834827023,0.0
0.33843550984068127,0.45781362197924436,0.19839930265848715,0.0,0.10483298375827621,0.5050265537708386,0.144832511846051,0.4185788800650951,0.0027946058807843954,0.1831510595807255,0.031266310460583036,0.5157057234739133,0.0,0.06937794574100437,0.25286645264021423,0.2502970414350798,0.2924240764386141,0.44381599286963036,0.2975591677034071,0.43017534680854086,0.36921677471237313,0.28754892035150237,0.4262993778697779,0.2245039000635327,0.349227615396797,0.48608681469319176,0.1931754282021978,0.5633151387306754,0.22699215776456183,0.226604792315245,0.17306558700227134,0.0,0.043553023128751533,0.29554913678380135,0.0,0.3504609755301529,0.15124612508072086,0.2045467757861723,0.0,0.0,0.0,0.0,0.13944631346614952,0.14092062244807818,0.09875317455927649,0.24478304331837847,0.30481202206075664,0.14734142153177276,0.0,0.14801639952439666,0.22707852052667668,0.14656684024043293,0.3464203926466111,0.1415559299366202,0.2691938322067936,0.14977628874274337,0.586479761972547,0.48839435172254586,0.03166950542128802,0.18869723345171058,0.0,0.3179480183963841,0.1854509605029565,0.21008483756128596,0.30481470612676476,0.2427617097722746,0.19407599030431333,0.3010473341630528,0.1634396721912924,0.29449709903564714,0.34525001248575155,0.07225401676508922,0.3917093363001435,0.08093498531929066,0.0,0.0
0.07314193218850332,0.2220637284942013,0.0,0.10975898388115732,0.6220856463871797,0.2499826943654942,0.4689871489869927,0.32500839602504106,0.1683796868234684,0.3295445302964992,0.32538954309773305,0.17921677065868016,0.06937794574100437,0.0,0.16104973547443044,0.0,0.1259855002037857,0.0,0.0,0.02021201909410425,0.12297584662091596,0.10840380876463403,0.0,0.1785121710749483,0.10754491730540658,0.0,0.0,0.0,0.10093197032908713,0.11200853079912262,0.0,0.08307204693732213,0.20238757924190814,0.0,0.0,0.0,0.0,0.0,0.01885965836248163,0.22731751074974646,0.0,0.13603503684508117,0.0,0.0,0.013010139056942607,0.0,0.0,0.0,0.0,0.23776764290880345,0.0,0.0,0.024853769417829547,0.0,0.027640166531793173,0.05493808312393106,0.0,0.0,0.5288651111527103,0.0,0.0,0.0,0.0,0.0,0.0,0.0,0.0,0.0,0.0,0.0,0.0,0.0,0.0,0.0,0.0,0.0
0.28419334424464987,0.43334039051524387,0.42498733418056234,0.0,0.20177910680928285,0.4713360414412845,0.0414548065871328,0.22506176398078653,0.21516044294895167,0.1907626527525257,0.04887325248737717,0.1618413213464195,0.25286645264021423,0.16104973547443044,0.0,0.42703104436872696,0.2910937825924804,0.37043061981193337,0.573421043501537,0.7362319170244049,0.5097458601638468,0.6281823116359313,0.5397453361242516,0.05561195780389844,0.28878115884037253,0.36207236251985453,0.7137308893540375,0.3643467641286277,0.49348920368104265,0.1093487205715512,0.11594146449521114,0.0,0.11249010299117423,0.0729754205090939,0.0,0.1881100388580842,0.15253889471999701,0.0,0.0,0.09045821859156955,0.1261962445109067,0.0,0.11037808405213406,0.0,0.18629102651205437,0.3223468082900441,0.3683740760184801,0.3510894147355069,0.0,0.11327185485507787,0.3375807715649671,0.17451577965580206,0.22594208106001584,0.35945513626630493,0.10911134408384054,0.20710841188653648,0.19462908777197574,0.23510057393242212,0.1942574287467786,0.6947122651222946,0.2540264445268265,0.13870578519541063,0.19413766072946675,0.4798889709715723,0.6165420883677086,0.4611568044389399,0.517586949314813,0.4309273371879914,0.036357429013999215,0.2375388960207999,0.22246749280195008,0.5269309057796909,0.23121502029744426,0.4606819552863469,0.1141389765565889,0.03921406071109254
0.6743312516108593,0.4399841285027819,0.20131649043452082,0.1172508971132148,0.08618539214997867,0.3981688208169972,0.0,0.0,0.17056473503823386,0.2789692791561253,0.0,0.11067545043952515,0.2502970414350798,0.0,0.42703104436872696,0.0,0.5008560502545362,0.8192637249551324,0.24009548363512884,0.6255634170399915,0.7029298868504469,0.5797000769223857,0.25552099314328575,0.18220609220073575,0.6281972413876922,0.466478161474176,0.45246253563166616,0.5913374733003767,0.7950656769736044,0.26347214506217476,0.6337436448240343,0.3441487324381204,0.2859703161986298,0.3771157092833655,0.0,0.5516857222228736,0.42321551850841227,0.35870890190494154,0.29420329970740916,0.25052015354250595,0.2982200083796129,0.0,0.2885356709874811,0.21868940909686332,0.27014786047538064,0.6538252683322823,0.3027991908977311,0.19077752537819143,0.25261098078287303,0.08081444872292937,0.1956348950861775,0.2792171224640222,0.0,0.25746576862352977,0.3399918325707752,0.09585209022059359,0.08759402169874345,0.42011993394821345,0.0,0.43023687699833424,0.6522196654850586,0.49790457016929573,0.6655692657350083,0.3662255624901356,0.42390419021818626,0.5413389145314952,0.5389561988223281,0.28960743964545876,0.21688692650669644,0.6089933068662139,0.4226398122616777,0.2358921133153163,0.37956750629030744,0.5588567292592612,0.4765146660541334,0.48206141884060166
0.3550172045793389,0.6116317328726555,0.07100024434858504,0.5616002359517479,0.5652379402958055,0.2660061947309332,0.43436474305568784,0.17952032951525326,0.26468275513230144,0.8717529300428327,0.0,0.5391311648887791,0.2924240764386141,0.1259855002037857,0.2910937825924804,0.5008560502545362,0.0,0.6804336784083606,0.10442207248292473,0.3807268713942437,0.36177370682862675,0.5237236180205929,0.04722460248011781,0.21112185854423465,0.6726821292053479,0.6802543121088191,0.08383353906742086,0.4845447926700073,0.4156024010845528,0.1679753142804567,0.09877174397468819,0.36849762922595286,0.3012515731155521,0.0,0.0,0.021357314737172894,0.5611959005525736,0.49532834886546406,0.35474236308905094,0.3849934417907722,0.2879004083950758,0.0,0.4831946870813308,0.11601616194723796,0.3684564979063552,0.09210266969115205,0.22249990792674185,0.07458205686224695,0.27341389081725587,0.2776110862502494,0.11606224650245053,0.3506089218971053,0.0491139243693674,0.2997335793233062,0.6169684644861266,0.27791835391086495,0.22555461984292766,0.25427953197413106,0.24792900207290586,0.16086333768300387,0.46628117243696043,0.44263581424984166,0.2922344731998255,0.18224111764323375,0.442795367931888,0.3160135925547373,0.4466397362054547,0.03614027582240026,0.07582350480725619,0.1450989134769603,0.3183218811953536,0.0,0.2996712403336919,0.2683659713087422,0.4237491928625694,0.44220190331211007
0.5400661635779787,0.5562321290498271,0.1835231545476554,0.1746680908822404,0.24213078041410502,0.4807347167817716,0.060474634016907,0.14324570352471183,0.20175719230034422,0.4535224383628057,0.0,0.3587202509773238,0.44381599286963036,0.0,0.37043061981193337,0.8192637249551324,0.6804336784083606,0.0,0.25999829023679955,0.5488326285877179,0.5556212265919817,0.5783290717988496,0.21761886497151942,0.28003224049826886,0.6830174024163873,0.6711304513996788,0.3167482148543378,0.5819198810301905,0.6302956646567561,0.2094070529895812,0.3676228719591698,0.31853831117388764,0.26489463586704437,0.22636562606555277,0.0,0.3567322904215381,0.38015045964879957,0.3120720126106282,0.30493048769605513,0.28472973860197087,0.20579329672869645,0.0,0.2296545999241381,0.10828469551275992,0.27645114625315825,0.42417109456125723,0.29373078146891124,0.12977294015016227,0.12570063123188785,0.13030824567256705,0.19207308585675134,0.2559834416557674,0.024709685278912347,0.27316365875143517,0.3809077443766874,0.13470165673990145,0.2203092253349554,0.35955282187422943,0.0,0.3025405760925292,0.5481551447409382,0.4783846506400142,0.5517205130978639,0.3129975178329185,0.4503883109647545,0.36048099913760584,0.5212684210899587,0.1504882487872703,0.21050544479500816,0.4639817066479886,0.42938300093254156,0.1238525866530536,0.3398761067383476,0.3689059774401663,0.4028488994484959,0.3899239173315478
0.071792817380336,0.15069120202696307,0.8098793372784382,0.0,0.0,0.35844597220850516,0.0,0.23248004577331674,0.3774375177102196,0.0,0.31415957968468117,0.11102898470186506,0.2975591677034071,0.0,0.573421043501537,0.24009548363512884,0.10442207248292473,0.25999829023679955,0.0,0.5311412402395375,0.2848814584843837,0.4171275819063514,0.62351384690954,0.0,0.0,0.28313380243274844,0.6658952861501858,0.3845128043641989,0.16024121519354112,0.0951984563186282,0.09902199906145738,0.0,0.0,0.08454132798141085,0.0,0.19296222523684148,0.10657848322587299,0.0,0.0,0.0,0.0,0.0,0.0364647910630508,0.0,0.038381559774646676,0.34680557510164084,0.46513019855906035,0.732284945093424,0.0,0.0485612899533423,0.6145616646578169,0.14535079881488672,0.43288962120452834,0.5761108196309637,0.026524601627248623,0.42098471220090017,0.3098990946030643,0.4003393513485102,0.0,0.5822384528762974,0.20135205215030208,0.21500768136194118,0.33851939834043454,0.8586729165112529,0.5820636066930306,0.361984802040593,0.5426848441091202,0.6117945409652469,0.0,0.2827608223152588,0.2373515530472147,0.6906336784776732,0.3539926870430398,0.3406658474757852,0.07585901273721321,0.0
0.4601626591948919,0.472927862808881,0.4822605740978292,0.0,0.1702849579647704,0.5207416361745565,0.018716308884451638,0.27668228022161767,0.33573107311733064,0.1820403548811844,0.058783594922025784,0.27597407050156464,0.43017534680854086,0.02021201909410425,0.7362319170244049,0.6255634170399915,0.3807268713942437,0.5488326285877179,0.5311412402395375,0.0,0.6519817466463254,0.7806932499586435,0.6185701884989458,0.027176943996857078,0.39552812082143274,0.4982614989086356,0.7850133027047146,0.7159110206386785,0.6460695292926726,0.29414930758160374,0.4369538634437008,0.0,0.0,0.3521752844496065,0.0,0.46739407029158764,0.3992004580913001,0.24473290061236846,0.0,0.0,0.14677965646342586,0.0,0.2173767615053954,0.08831081388350448,0.18612304407489386,0.5159629768234782,0.4632472980863244,0.4071867543158287,0.0,0.25823734182321323,0.434073577963444,0.37614832586533764,0.37828059874248704,0.5030782187396674,0.29652183931704923,0.335447565102414,0.34924078542187115,0.528263413202722,0.0,0.6206262001320071,0.3476351494965618,0.46562848343255403,0.4824439655383672,0.557059469986663,0.7412583098723685,0.5577988430733233,0.630428305469063,0.5287620984822617,0.06126969922342415,0.46246906197341225,0.3767949549791931,0.5385320877007426,0.4385599637605046,0.4892789501060177,0.2088585883826528,0.1408151649489649
0.5791983447561433,0.6054532946833375,0.3222245615379598,0.11793665917123794,0.21115502643906553,0.5886650732154519,0.024589608643279304,0.2964361236465137,0.23729561476212085,0.23626051951273142,0.0,0.2079893884944064,0.36921677471237313,0.12297584662091596,0.5097458601638468,0.7029298868504469,0.36177370682862675,0.5556212265919817,0.2848814584843837,0.6519817466463254,0.0,0.6113475844611209,0.4728605212318927,0.1910651825483003,0.522782863451948,0.4755199957398657,0.5372934988259505,0.5545634495164556,0.6972852268422549,0.28159095405471346,0.34224504044602416,0.09326592692934427,0.2424206001724087,0.3000113358636839,0.0,0.5122680711736005,0.4107382561764281,0.26334622638019617,0.08836066080032284,0.20361040811084247,0.24890016719567992,0.0,0.24492082748517394,0.020189093943102504,0.3170378659217111,0.5257119179874744,0.3953216829416899,0.2455555391034997,-0.00439633045591295,0.10851499832182651,0.3371781953108475,0.3045164597377608,0.30894891960639226,0.35601547692386903,0.29207965729918034,0.15323452821693898,0.19943602466205126,0.44522003890306927,0.08087354484118478,0.48670403784901894,0.3662397509414153,0.4121606560501161,0.37301706140248003,0.33516847578495806,0.49781052487999267,0.7467488081770776,0.504814019490683,0.46275656416714406,0.13870173037904274,0.4253777170253847,0.39871536235340427,0.3720991641194841,0.3885490349642781,0.5749822035785142,0.28232373842995057,0.2485798621271533
0.36466403664358876,0.7104903879841362,0.3930872566051613,0.2846793565735146,0.5068197082737971,0.3298034801559251,0.39025790822364853,0.3172113965471002,0.5597424159269819,0.39469396184912203,0.20217073237188019,0.2773957805706178,0.28754892035150237,0.10840380876463403,0.6281823116359313,0.5797000769223857,0.5237236180205929,0.5783290717988496,0.4171275819063514,0.7806932499586435,0.6113475844611209,0.0,0.41436671888768684,0.0,0.4529893511621908,0.5507496762494135,0.6568663614477999,0.5118654225188142,0.5117559642145074,0.26387431367952185,0.24926334346701745,0.0,0.09538160995992537,0.17621197743540934,0.0,0.17904972400079552,0.32144377864329,0.36300041029656216,0.0,0.0877041897435975,0.10238774560552796,0.0,0.21575157157072022,0.0,0.10038760363665747,0.1502796364083146,0.4866860275046616,0.257961308776398,0.10541344434173423,0.5337601072460451,0.40730938312392856,0.6424663519741042,0.2971648448650211,0.5999050648358536,0.4775552142934498,0.5041267916862864,0.10557434004845609,0.45004950306131236,0.08822780925910788,0.5334038705643683,0.21968392764860856,0.48554526759980154,0.2694688106652766,0.4176022584353308,0.5511524527934174,0.5941375499407291,0.48512200045228954,0.28543838076503,0.0,0.2308105171137644,0.2838160736199165,0.4252867529741407,0.24456450895959986,0.36884722219556343,0.026001076894458575,0.032590208405946675
0.1199969054412178,0.30780820735064507,0.7147981351763756,0.0,0.0,0.5977966886006144,0.0,0.54054117108591,0.29641235165768276,0.0,0.24805279358111504,0.26565715425148506,0.4262993778697779,0.0,0.5397453361242516,0.25552099314328575,0.04722460248011781,0.21761886497151942,0.62351384690954,0.6185701884989458,0.4728605212318927,0.41436671888768684,0.0,0.0,0.08712962836022328,0.3498071703491721,0.6694420236821128,0.4099907047464669,0.33484134995312265,0.1527349422585801,0.1688848635655711,0.0,0.0,0.3005791896801655,0.0,0.35188673653013713,0.17798482836199458,0.10271738621061163,0.0,0.0,0.014994343859561138,0.0,0.10041133797097018,0.0,0.0251739981953569,0.35734853425295815,0.48082982347325465,0.5754393055366249,0.0,0.13410091352327935,0.6413318004926022,0.26915647818792854,0.7340651423382227,0.5012522061853126,0.06599634788197131,0.3700572224252476,0.39176436387060254,0.5474063259784078,0.0,0.5850034232393094,0.08117110222453933,0.30465342067727513,0.3062952089762848,0.6006766177526693,0.5237170940590993,0.5279637843493823,0.4210694849137664,0.8203346746222848,0.0,0.27118635785488787,0.30303882991621434,0.5996313555576573,0.33981709427078116,0.33448955092518856,0.0,0.0
0.4762745550987534,0.11001622221827118,0.0,0.0,0.0,0.408398487518624,0.0,0.0,0.0,0.26054269293751353,0.0,0.3062487897568952,0.2245039000635327,0.1785121710749483,0.05561195780389844,0.18220609220073575,0.21112185854423465,0.28003224049826886,0.0,0.027176943996857078,0.1910651825483003,0.0,0.0,0.0,0.47370117191222233,0.3652053334725836,0.0,0.06272103392359041,0.22126499777325492,0.11605955532847978,0.0,0.6246334916052291,0.389159902179931,0.0,0.0,0.09176993907748439,0.0,0.0,0.7019413813925064,0.5092152658587763,0.12136872854392079,0.5622159425062425,0.0,0.39535813337249504,0.395635692988545,0.3502533289549829,0.0,0.0,0.0,0.0,0.0,0.0,0.0,0.0,0.0,0.0,0.3610289730943007,0.0,0.018881194281112776,0.0,0.4046969021385163,0.0,0.15981355969656308,0.0,0.16028559183603647,0.0,0.2149162619603126,0.0,0.8816134455024395,0.3573048877402649,0.4435800835037559,0.0,0.10308037876816947,0.146472729667535,0.5235959251228276,0.5051892496819361
0.6665364363132157,0.7118070617338205,0.0,0.20980840652179117,0.36280504691039517,0.43276583222440446,0.3181291156533694,0.0801007859568582,0.022847762425939,0.7019192404380861,0.0,0.42998284934001635,0.349227615396797,0.10754491730540658,0.28878115884037253,0.6281972413876922,0.6726821292053479,0.6830174024163873,0.0,0.39552812082143274,0.522782863451948,0.4529893511621908,0.08712962836022328,0.47370117191222233,0.0,0.6821397175726346,0.18728770936390027,0.3979202138099808,0.613487900141141,0.14514806714188244,0.1666111493997537,0.5454501396865754,0.4612800913960649,0.042318278529726694,0.0,0.1333558883967286,0.25401531905765534,0.3935098391932166,0.4895484080036004,0.5144315072003472,0.13321872716793148,0.09549274525991279,0.07319693367170846,0.11487492361105442,0.36331134286235256,0.2835502855337456,0.19349412306128366,0.0,0.10572960135482638,0.06503845612498108,0.0,0.10300684774119237,0.0,0.0,0.53323273269778,0.0,0.21821177415217347,0.12833147819396917,0.02224905810714617,0.12180787933484127,0.4281745859438045,0.27194843354631626,0.3005883950190423,0.04191744436828165,0.39184209963416405,0.2952784407046372,0.38137585897834936,0.06096244728077879,0.349665963597926,0.5322834923629749,0.5248233465242866,0.0,0.1607499875626314,0.40275266832689227,0.3807594865821597,0.42293617714304027
0.44718777755648853,0.6939058919954048,0.23297748112205297,0.27569133590866757,0.24804704962031177,0.4884831943959431,0.10337799937891545,0.26223097141264606,0.1558441938814685,0.512303593177233,0.0,0.569712947731267,0.48608681469319176,0.0,0.36207236251985453,0.466478161474176,0.6802543121088191,0.6711304513996788,0.28313380243274844,0.4982614989086356,0.4755199957398657,0.5507496762494135,0.3498071703491721,0.3652053334725836,0.6821397175726346,0.0,0.2637844660175525,0.46765936477901465,0.3770505952648158,0.16599997815685844,0.0,0.26959329559519707,0.2727572917603689,0.058747743650714015,0.0,0.13552968403476623,0.32077510190253966,0.3828323976621485,0.3158324338958193,0.34944162025932013,0.1187604449251892,0.0,0.16904886567065128,0.04182017273620513,0.3041345246694058,0.26962613526454793,0.5606307010522733,0.16920064309480978,0.08839255081671928,0.0367327396194346,0.2730039115087646,0.22981528431397308,0.20738063947852597,0.2949615094240806,0.48398190227609494,0.14247303884102344,0.4275038685490277,0.37763531060873934,0.0,0.31788679816327087,0.4316804602296409,0.5091435453523332,0.43131000956385834,0.36259532452664317,0.5266808783291782,0.3246352424573323,0.5709456795995297,0.30265479920588956,0.26307466103196064,0.41704857206772294,0.7730934405210443,0.17093051142121612,0.27908924314579087,0.2486757520551335,0.3869487945476465,0.3241975067349999
0.22820402379876717,0.33063585782248184,0.6633027927715289,0.0,0.06326900380865419,0.4778722517813228,0.0,0.17119864977401486,0.421372781494949,0.0,0.25685649324311255,0.0,0.1931754282021978,0.0,0.7137308893540375,0.45246253563166616,0.08383353906742086,0.3167482148543378,0.6658952861501858,0.7850133027047146,0.5372934988259505,0.6568663614477999,0.6694420236821128,0.0,0.18728770936390027,0.2637844660175525,0.0,0.4663775294675321,0.535991317387708,0.10854605862293279,0.2331233128224904,0.0,0.0,0.1411374639041177,0.0,0.2889748577294831,0.18081664922927235,0.0,0.0,0.0,0.0,0.0,0.0,0.0,0.10247309057203913,0.3807663891913401,0.4059521557402589,0.5633334472352075,0.0,0.21191902286674047,0.5591352842456756,0.3110130690160489,0.3251814635727561,0.5631429861864016,0.06100014455893249,0.371284521970796,0.12791280673982885,0.38709106105296104,0.0,0.6728672284257391,0.2033435236891062,0.2248648711772045,0.2976922130610291,0.6156295468264784,0.6887069067836264,0.5428741193195962,0.5524705382095451,0.5749778826338334,0.0,0.34068259595438816,0.20516529243017406,0.7903912002887664,0.26979158890224597,0.5773003886072564,0.0931489896724658,0.0
0.5032680946192614,0.348260823921137,0.3433936650746239,0.09952348248111509,0.06893236323116819,0.31741523571896074,0.0,0.18141243015853686,0.22416187997148315,0.25699995014856747,0.0,0.3311642737901119,0.5633151387306754,0.0,0.3643467641286277,0.5913374733003767,0.4845447926700073,0.5819198810301905,0.3845128043641989,0.7159110206386785,0.5545634495164556,0.5118654225188142,0.4099907047464669,0.06272103392359041,0.3979202138099808,0.46765936477901465,0.4663775294675321,0.0,0.4973461602261218,0.29002727064144873,0.5961267492691267,0.0,0.0,0.44581052657145115,0.0,0.6355126885800444,0.6486523687761974,0.40407039327074223,0.0,0.0,0.19711776839072387,0.0,0.4290550873123967,0.22024639312096184,0.2245108483593532,0.5761250421599542,0.40854296510177,0.304088127532389,0.2357648078043979,0.2482397397934547,0.37574639672258403,0.39614577041405924,0.30129881248816737,0.441970696902059,0.45949250529489194,0.29212384482201076,0.46144768802196084,0.6447884447744803,0.0,0.41852252509125876,0.3746589389481093,0.6678597592942968,0.5789101557211186,0.4872636854397915,0.5685964235840457,0.5162500827762447,0.5299504407348669,0.4552283355433917,0.1051720335947876,0.5222923378784016,0.3920965232221383,0.36627970071315424,0.6658046310549589,0.40136396322908774,0.3249044271181304,0.2500617260543256
0.6271807543174989,0.4171935624914555,0.19362568038169817,0.14135986550628293,0.19486296287223281,0.5006609271599971,0.07547310231425497,0.0029250870689284114,0.14845629775574698,0.32671744882408565,0.0,0.06909745567623518,0.22699215776456183,0.10093197032908713,0.49348920368104265,0.7950656769736044,0.4156024010845528,0.6302956646567561,0.16024121519354112,0.6460695292926726,0.6972852268422549,0.5117559642145074,0.33484134995312265,0.22126499777325492,0.613487900141141,0.3770505952648158,0.535991317387708,0.4973461602261218,0.0,0.26092414924819607,0.4460508216429061,0.33244584548162326,0.3429235094726737,0.2449830240138189,0.0,0.3434881141074416,0.41253919131275696,0.20930094448072417,0.3570309117755005,0.33598586479378323,0.3815392468988411,0.0,0.14845637582639828,0.1589672555722804,0.37977105069664485,0.5256546078296119,0.13236252804297,0.18940270513503876,0.0,0.041828307883646276,0.08290285366646849,0.17005645308147196,0.0,0.22081228760582008,0.21591496882520206,0.031134513742571535,0.049254647611078936,0.23286918821127273,0.0,0.45089370568578674,0.5044426749065278,0.275749579900859,0.45713457582605965,0.23159595905309516,0.5409508073085342,0.5700081728567455,0.5078063318366256,0.31073810859690243,0.23363210573428667,0.4429232492162876,0.3202828530200763,0.2569345209739279,0.23821006464511943,0.74368487717938,0.44194029574565086,0.40662209056868437
0.23732292034298488,0.14964480755450615,0.0860188317559688,0.11955260542095295,0.20777252292607817,0.03143474611398103,0.14808699642348022,0.20359208793636105,0.1545275201708363,0.10135976525092985,0.09969218698881799,0.14109759898078927,0.226604792315245,0.11200853079912262,0.1093487205715512,0.26347214506217476,0.1679753142804567,0.2094070529895812,0.0951984563186282,0.29414930758160374,0.28159095405471346,0.26387431367952185,0.1527349422585801,0.11605955532847978,0.14514806714188244,0.16599997815685844,0.10854605862293279,0.29002727064144873,0.26092414924819607,0.0,0.35685771392883886,0.12105937150798562,0.24334984631112672,0.2556117666295825,0.0,0.16067333837774556,0.12524564629158882,0.19299503731580187,0.022770278457271045,0.1985492233454429,0.13516307992561913,0.0,0.054504657469454265,0.02373533802921765,0.1602127286652107,0.07908045463192856,0.06221171372074752,0.06105938574310249,0.0,0.14089783080170454,0.0,0.14411765838938118,0.177582132569146,0.19614937565923865,0.19824659967250663,0.20465231001374729,0.13648536024125996,0.10780780502688694,0.0,0.1386827799410413,0.09541806525764696,0.15504984049625506,0.13361523395692276,0.13900435590568572,0.14050459526954934,0.22541266650933137,0.10868642003215948,0.13451089669079588,0.09304692203671118,0.04903110299622998,0.13786365157248173,0.06828338436815234,0.07658941823917859,0.1805396861104531,0.1819562864668239,0.08230889974173947
0.5310980408532912,0.0,0.041230159667841104,0.0,0.0,0.0,0.0,0.0,0.0,0.0,0.0,0.0,0.17306558700227134,0.0,0.11594146449521114,0.6337436448240343,0.09877174397468819,0.3676228719591698,0.09902199906145738,0.4369538634437008,0.34224504044602416,0.24926334346701745,0.1688848635655711,0.0,0.1666111493997537,0.0,0.2331233128224904,0.5961267492691267,0.4460508216429061,0.35685771392883886,0.0,0.009070444242640696,0.022335675442659547,0.7166456963157515,0.059164866477824846,0.6709177397137587,0.4507308775527855,0.2833015232920404,0.0,0.0,0.3695276682504056,0.0,0.3797771813771688,0.41574482856983863,0.03296600419530657,0.5993070154059663,0.18036844749600017,0.06575705163674803,0.3796913122719174,0.05727933525969045,0.08245555822950051,0.19667888769060207,0.1339603324936596,0.09047117185825065,0.2595742160573264,0.0,0.21041547120881937,0.4663985715907507,0.0,0.2156451372766385,0.2770895306247046,0.43497775138807315,0.5609835926425115,0.2332326812258756,0.20034738022695445,0.37562795250494746,0.2506038583796232,0.28243102796426656,0.08371567792200688,0.48059118796990274,0.19981069890919848,0.15871019114376822,0.5142710411974263,0.3289669430094355,0.18033478749930687,0.19938457819159802
0.36197378521360923,0.14586322830390738,0.0,0.319561019566828,0.10070761841001905,0.13040905734587055,0.04144922662139336,0.0,0.0,0.38287353609032393,0.0,0.0,0.0,0.08307204693732213,0.0,0.3441487324381204,0.36849762922595286,0.31853831117388764,0.0,0.0,0.09326592692934427,0.0,0.0,0.6246334916052291,0.5454501396865754,0.26959329559519707,0.0,0.0,0.33244584548162326,0.12105937150798562,0.009070444242640696,0.0,0.6031623088078841,0.0,0.0,0.0,0.124654751873806,0.18861895248240126,0.890636644694889,0.6899783616142123,0.2683727650615449,0.46490700981245925,0.10659883944201885,0.29128389192850934,0.524695500461578,0.16867787791886668,0.0,0.0,0.14319259226322353,0.0,0.0,0.0,0.0,0.0,0.1147213211085915,0.0,0.0,0.0,0.0,0.0,0.5462550668431859,0.0,0.2063359599044779,0.0,0.059041989688446386,0.0,0.2077473821445598,0.0,0.5836207560041302,0.27974910964173044,0.3390741432355503,0.0,0.0,0.3620217122272248,0.6963491729466152,0.7615651579635287
0.3844569304881451,0.29805249526742816,0.0,0.23049011717598888,0.24231818114658799,0.18442909517336728,0.2021468016798126,0.046276364102806555,0.0,0.3858602587504142,0.0,0.07001500786934522,0.043553023128751533,0.20238757924190814,0.11249010299117423,0.2859703161986298,0.3012515731155521,0.26489463586704437,0.0,0.0,0.2424206001724087,0.09538160995992537,0.0,0.389159902179931,0.4612800913960649,0.2727572917603689,0.0,0.0,0.3429235094726737,0.24334984631112672,0.022335675442659547,0.6031623088078841,0.0,0.08180526056438375,0.0,0.0,-0.0029945831434177034,0.18158013201061846,0.5073584806437925,0.7476951779595531,0.3332877113119352,0.25887305657649057,0.00031001899094057483,0.07786830310718659,0.3760171741016377,0.045439205057048154,0.0,0.0,0.0,0.0,0.0,0.0,0.0,0.0,0.1353093253901223,0.0,0.0,0.0,0.13690430512999124,0.0,0.21062397289069607,0.0,0.007633112738798575,0.0,0.0,0.13467511571288435,0.04910153256775612,0.0,0.3232117847173004,0.08154038492537165,0.253242867327707,0.0,0.0,0.25634970776103805,0.27418221089834255,0.3391293881569837
